{
"lowlevel": {
    "average_loudness": 0.874606311321,
    "barkbands_crest": {
        "dmean": 3.12499976158,
        "dmean2": 4.95712518692,
        "dvar": 7.99086284637,
        "dvar2": 19.1937503815,
        "max": 26.6833248138,
        "mean": 12.4460363388,
        "median": 11.2069396973,
        "min": 2.17808032036,
        "var": 34.5690841675
    },
    "barkbands_flatness_db": {
        "dmean": 0.0284455753863,
        "dmean2": 0.0414262637496,
        "dvar": 0.000689582433552,
        "dvar2": 0.0013408533996,
        "max": 0.47780033946,
        "mean": 0.163827911019,
        "median": 0.148366957903,
        "min": 0.0443308278918,
        "var": 0.00465427292511
    },
    "barkbands_kurtosis": {
        "dmean": 7.14140748978,
        "dmean2": 10.6869735718,
        "dvar": 480.633514404,
        "dvar2": 1070.78564453,
        "max": 735.441955566,
        "mean": 11.9152469635,
        "median": 3.72429251671,
        "min": -1.81110298634,
        "var": 1171.63867188
    },
    "barkbands_skewness": {
        "dmean": 0.749130010605,
        "dmean2": 1.11618769169,
        "dvar": 0.942768096924,
        "dvar2": 1.85298299789,
        "max": 23.3342323303,
        "mean": 2.29532551765,
        "median": 1.87693548203,
        "min": -3.33071660995,
        "var": 4.67566013336
    },
    "barkbands_spread": {
        "dmean": 6.41849660873,
        "dmean2": 9.70347881317,
        "dvar": 66.4929885864,
        "dvar2": 137.096542358,
        "max": 93.0800476074,
        "mean": 20.7877788544,
        "median": 18.2799568176,
        "min": 0.196545213461,
        "var": 199.4425354
    },
    "dissonance": {
        "dmean": 0.0192051231861,
        "dmean2": 0.032280229032,
        "dvar": 0.000410663429648,
        "dvar2": 0.00113896862604,
        "max": 0.500000119209,
        "mean": 0.461153417826,
        "median": 0.469463080168,
        "min": 0.215997815132,
        "var": 0.00104303634726
    },
    "dynamic_complexity": 3.83377218246,
    "erbbands_crest": {
        "dmean": 2.79664993286,
        "dmean2": 4.56684064865,
        "dvar": 7.51202487946,
        "dvar2": 18.5339851379,
        "max": 31.8316669464,
        "mean": 8.53680610657,
        "median": 7.43847846985,
        "min": 1.85986948013,
        "var": 20.4632358551
    },
    "erbbands_flatness_db": {
        "dmean": 0.0174920894206,
        "dmean2": 0.0253148004413,
        "dvar": 0.000317311787512,
        "dvar2": 0.000631909235381,
        "max": 0.387232810259,
        "mean": 0.143440023065,
        "median": 0.131473258138,
        "min": 0.0474867001176,
        "var": 0.00343886297196
    },
    "erbbands_kurtosis": {
        "dmean": 1.01407337189,
        "dmean2": 1.60026443005,
        "dvar": 3.12589478493,
        "dvar2": 7.52619218826,
        "max": 52.2042121887,
        "mean": 0.706401586533,
        "median": -0.127995252609,
        "min": -1.81075763702,
        "var": 7.71527242661
    },
    "erbbands_skewness": {
        "dmean": 0.362338244915,
        "dmean2": 0.562205970287,
        "dvar": 0.125477164984,
        "dvar2": 0.286395281553,
        "max": 5.75156831741,
        "mean": 0.535441637039,
        "median": 0.467301368713,
        "min": -3.35770964622,
        "var": 0.606557369232
    },
    "erbbands_spread": {
        "dmean": 9.56125640869,
        "dmean2": 14.1831321716,
        "dvar": 98.9328155518,
        "dvar2": 201.551239014,
        "max": 179.424667358,
        "mean": 46.3520126343,
        "median": 41.7159690857,
        "min": 2.58201265335,
        "var": 679.974853516
    },
    "hfc": {
        "dmean": 10.425740242,
        "dmean2": 13.8832111359,
        "dvar": 376.042938232,
        "dvar2": 714.427001953,
        "max": 212.703323364,
        "mean": 27.4328765869,
        "median": 17.2188224792,
        "min": 1.07532533337e-16,
        "var": 954.513061523
    },
    "melbands_crest": {
        "dmean": 3.88374590874,
        "dmean2": 5.98458576202,
        "dvar": 11.9473457336,
        "dvar2": 27.3352622986,
        "max": 38.9706306458,
        "mean": 16.1271781921,
        "median": 15.2551498413,
        "min": 1.62391579151,
        "var": 44.2560920715
    },
    "melbands_flatness_db": {
        "dmean": 0.0332763195038,
        "dmean2": 0.047054335475,
        "dvar": 0.0010702124564,
        "dvar2": 0.00195471942425,
        "max": 0.566191494465,
        "mean": 0.213938310742,
        "median": 0.19824436307,
        "min": 0.00362399453297,
        "var": 0.00850155949593
    },
    "melbands_kurtosis": {
        "dmean": 16.7234649658,
        "dmean2": 25.3584461212,
        "dvar": 1438.32873535,
        "dvar2": 2892.97387695,
        "max": 946.978393555,
        "mean": 33.5779914856,
        "median": 13.6446418762,
        "min": -1.83342409134,
        "var": 4712.31884766
    },
    "melbands_skewness": {
        "dmean": 1.03752148151,
        "dmean2": 1.57103896141,
        "dvar": 1.59310376644,
        "dvar2": 3.15830254555,
        "max": 25.8052368164,
        "mean": 3.6995074749,
        "median": 3.02554869652,
        "min": -1.27029800415,
        "var": 9.23638725281
    },
    "melbands_spread": {
        "dmean": 6.5011715889,
        "dmean2": 10.150387764,
        "dvar": 77.3879241943,
        "dvar2": 172.354644775,
        "max": 209.109405518,
        "mean": 19.246717453,
        "median": 15.4311752319,
        "min": 0.264353424311,
        "var": 321.317443848
    },
    "pitch_salience": {
        "dmean": 0.0885613188148,
        "dmean2": 0.141175836325,
        "dvar": 0.00772080011666,
        "dvar2": 0.0178867168725,
        "max": 0.915743172169,
        "mean": 0.512758970261,
        "median": 0.54916459322,
        "min": 0.0374925173819,
        "var": 0.0298237614334
    },
    "silence_rate_20dB": {
        "dmean": 0,
        "dmean2": 0,
        "dvar": 0,
        "dvar2": 0,
        "max": 1,
        "mean": 1,
        "median": 1,
        "min": 1,
        "var": 0
    },
    "silence_rate_30dB": {
        "dmean": 0.0273996982723,
        "dmean2": 0.0548042692244,
        "dvar": 0.0266490671784,
        "dvar2": 0.0688744410872,
        "max": 1,
        "mean": 0.978651463985,
        "median": 1,
        "min": 0,
        "var": 0.0208944100887
    },
    "silence_rate_60dB": {
        "dmean": 0.0277555380017,
        "dmean2": 0.0555160157382,
        "dvar": 0.0269815158099,
        "dvar2": 0.0581263415515,
        "max": 1,
        "mean": 0.112880267203,
        "median": 0,
        "min": 0,
        "var": 0.100148774683
    },
    "spectral_centroid": {
        "dmean": 255.135757446,
        "dmean2": 376.239227295,
        "dvar": 84137.296875,
        "dvar2": 172127.6875,
        "max": 11676.421875,
        "mean": 1314.42016602,
        "median": 1166.02490234,
        "min": 138.977874756,
        "var": 960477.9375
    },
    "spectral_complexity": {
        "dmean": 4.14731788635,
        "dmean2": 6.0480427742,
        "dvar": 23.8086395264,
        "dvar2": 45.0114212036,
        "max": 56,
        "mean": 18.7208690643,
        "median": 18,
        "min": 0,
        "var": 131.713653564
    },
    "spectral_decrease": {
        "dmean": 3.58938301304e-09,
        "dmean2": 5.57266321977e-09,
        "dvar": 1.64682329362e-17,
        "dvar2": 4.16101924401e-17,
        "max": 1.38245478265e-28,
        "mean": -1.02049249051e-08,
        "median": -9.4159311459e-09,
        "min": -4.75517616394e-08,
        "var": 6.79340011335e-17
    },
    "spectral_energy": {
        "dmean": 0.0140586048365,
        "dmean2": 0.0216372106224,
        "dvar": 0.00025186946732,
        "dvar2": 0.000620283943135,
        "max": 0.182343631983,
        "mean": 0.0410040579736,
        "median": 0.0378832109272,
        "min": 1.0047147362e-20,
        "var": 0.00108267425094
    },
    "spectral_energyband_high": {
        "dmean": 0.000877938000485,
        "dmean2": 0.00116291560698,
        "dvar": 3.94009430238e-06,
        "dvar2": 7.63970638218e-06,
        "max": 0.0221974551678,
        "mean": 0.00179750961252,
        "median": 0.000568262825254,
        "min": 7.00566968091e-21,
        "var": 8.30520275485e-06
    },
    "spectral_energyband_low": {
        "dmean": 0.0110526792705,
        "dmean2": 0.0183570832014,
        "dvar": 0.000238769382122,
        "dvar2": 0.000633918389212,
        "max": 0.166109234095,
        "mean": 0.0234352853149,
        "median": 0.013103030622,
        "min": 1.33797546398e-23,
        "var": 0.00068718433613
    },
    "spectral_energyband_middle_high": {
        "dmean": 0.00183504715096,
        "dmean2": 0.0028023654595,
        "dvar": 7.06027140041e-06,
        "dvar2": 1.56058540597e-05,
        "max": 0.0497912466526,
        "mean": 0.00468248780817,
        "median": 0.00303145824,
        "min": 1.22739860315e-21,
        "var": 2.57412320934e-05
    },
    "spectral_energyband_middle_low": {
        "dmean": 0.0058856960386,
        "dmean2": 0.00900169555098,
        "dvar": 7.87313547335e-05,
        "dvar2": 0.000182033225428,
        "max": 0.103602513671,
        "mean": 0.0124651547521,
        "median": 0.00891433097422,
        "min": 1.74273384133e-22,
        "var": 0.000161593721714
    },
    "spectral_entropy": {
        "dmean": 0.178550213575,
        "dmean2": 0.256739139557,
        "dvar": 0.0389410555363,
        "dvar2": 0.0764018669724,
        "max": 9.82156467438,
        "mean": 7.65968561172,
        "median": 7.78751087189,
        "min": 4.59944677353,
        "var": 0.37014606595
    },
    "spectral_flux": {
        "dmean": 0.0329769067466,
        "dmean2": 0.0534708276391,
        "dvar": 0.00116864149459,
        "dvar2": 0.00319440872408,
        "max": 0.302819699049,
        "mean": 0.0961673557758,
        "median": 0.0871850699186,
        "min": 6.35515876035e-11,
        "var": 0.00367954396643
    },
    "spectral_kurtosis": {
        "dmean": 1.66840577126,
        "dmean2": 2.69051790237,
        "dvar": 11.9275074005,
        "dvar2": 29.6636676788,
        "max": 114.954772949,
        "mean": 4.55039072037,
        "median": 2.65677857399,
        "min": -1.24872255325,
        "var": 51.221244812
    },
    "spectral_rms": {
        "dmean": 0.00106199772563,
        "dmean2": 0.00160650187172,
        "dvar": 1.13870248697e-06,
        "dvar2": 2.55795362136e-06,
        "max": 0.0133377742022,
        "mean": 0.00563086615875,
        "median": 0.0060794102028,
        "min": 3.1308297968e-12,
        "var": 8.29731379781e-06
    },
    "spectral_rolloff": {
        "dmean": 574.851013184,
        "dmean2": 961.054077148,
        "dvar": 1139551.625,
        "dvar2": 2674155.5,
        "max": 19487.5488281,
        "mean": 1335.5300293,
        "median": 818.26171875,
        "min": 21.533203125,
        "var": 3538270.25
    },
    "spectral_skewness": {
        "dmean": 0.216480478644,
        "dmean2": 0.330348342657,
        "dvar": 0.0790330693126,
        "dvar2": 0.174141526222,
        "max": 8.77180671692,
        "mean": 1.59882473946,
        "median": 1.44694900513,
        "min": -0.0789036899805,
        "var": 0.551436901093
    },
    "spectral_spread": {
        "dmean": 607584,
        "dmean2": 839717.625,
        "dvar": 611477749760,
        "dvar2": 1.03469095322e+12,
        "max": 42588844,
        "mean": 5833726.5,
        "median": 5565506,
        "min": 790473.125,
        "var": 1.09089096991e+13
    },
    "spectral_strongpeak": {
        "dmean": 0.378336697817,
        "dmean2": 0.640001416206,
        "dvar": 0.372681230307,
        "dvar2": 0.934601306915,
        "max": 11.0796194077,
        "mean": 0.763491809368,
        "median": 0.527318358421,
        "min": 0,
        "var": 0.641857326031
    },
    "zerocrossingrate": {
        "dmean": 0.0127490013838,
        "dmean2": 0.0148652531207,
        "dvar": 0.000211366903386,
        "dvar2": 0.000274708378129,
        "max": 0.52392578125,
        "mean": 0.061183873564,
        "median": 0.05419921875,
        "min": 0.00244140625,
        "var": 0.00239163544029
    },
    "barkbands": {
        "dmean": [0.000325984932715, 0.00924776587635, 0.0039992169477, 0.00214854651131, 0.00224017072469, 0.0012248554267, 0.000924158492126, 0.000694028974976, 0.00103993841913, 0.000792416220065, 0.000535978761036, 0.000373378046788, 0.000287763628876, 0.000278561521554, 0.000234294813708, 0.000217992550461, 0.000174298475031, 0.000123752673971, 0.000125726073748, 0.000144118457683, 0.000116798240924, 0.000129516949528, 0.000200962706003, 0.000202031631488, 0.000222086033318, 7.4832860264e-05, 1.86571602612e-09],
        "dmean2": [0.000482187693706, 0.0152514446527, 0.0061017125845, 0.00370258651674, 0.00375080341473, 0.00187501299661, 0.00142312457319, 0.00112466909923, 0.00165693298914, 0.00123846682254, 0.000868798582815, 0.000617805228103, 0.000470769067761, 0.000451781321317, 0.000385005958378, 0.000358165358193, 0.000284917681711, 0.000200162321562, 0.000196274064365, 0.000220186338993, 0.000174302476807, 0.000192284918739, 0.00030353947659, 0.0002873763151, 0.000297857623082, 0.000103682272311, 3.4311979924e-09],
        "dvar": [1.29965985707e-06, 0.000214112820686, 9.76845403784e-05, 2.98899230984e-05, 2.05112846743e-05, 5.00079431731e-06, 3.89268961953e-06, 2.48955961979e-06, 4.8071456149e-06, 3.50199320565e-06, 1.44310752148e-06, 6.5503343194e-07, 5.24094616594e-07, 2.45827664003e-07, 1.71219241452e-07, 2.42637753445e-07, 1.47352452018e-07, 5.68516469457e-08, 4.10225453606e-08, 7.18066814898e-08, 4.99720052005e-08, 7.05609224383e-08, 2.99338296372e-07, 2.00840119646e-07, 2.83818764046e-07, 3.28219833534e-08, 7.49598102131e-18],
        "dvar2": [2.71420844911e-06, 0.000556038750801, 0.000222426053369, 8.32222940517e-05, 5.43849746464e-05, 1.05350636659e-05, 8.17254476715e-06, 6.07037236477e-06, 1.08781750896e-05, 7.64701781009e-06, 3.60066474059e-06, 1.69127997651e-06, 1.36201811074e-06, 6.22326638222e-07, 4.26983149282e-07, 6.06763080668e-07, 3.65785382428e-07, 1.44014691728e-07, 1.00403084957e-07, 1.64901862831e-07, 1.03330755508e-07, 1.53185126806e-07, 6.5728863774e-07, 3.85279690818e-07, 5.41549411537e-07, 6.80023362065e-08, 2.40081761255e-17],
        "max": [0.0807883888483, 0.144577145576, 0.0891110748053, 0.0609292648733, 0.0580448918045, 0.0447777733207, 0.0385944843292, 0.0377222150564, 0.0546139925718, 0.0483312532306, 0.0286520197988, 0.0240252874792, 0.0209517106414, 0.0108817974105, 0.0134696085006, 0.0148090925068, 0.0126162124798, 0.00594732630998, 0.00323313870467, 0.00541499536484, 0.0037773468066, 0.00382476998493, 0.0136803705245, 0.00562511291355, 0.00541648967192, 0.00191035110038, 2.83271539558e-08],
        "mean": [0.000521228241269, 0.0170528590679, 0.00471348920837, 0.00247534969822, 0.00337561219931, 0.00214730296284, 0.0014589743223, 0.000974669994321, 0.00154430931434, 0.00122362677939, 0.000796435517259, 0.000547615636606, 0.00044194291695, 0.000421055185143, 0.000357842276571, 0.000304381828755, 0.000281832937617, 0.000219182678848, 0.000230225210544, 0.000259466614807, 0.00024269350979, 0.000253968435572, 0.000306337140501, 0.000365630956367, 0.000367595814168, 0.000120206532301, 1.60637392277e-09],
        "median": [3.67633838323e-05, 0.00339629128575, 0.000876371981576, 0.000524683389813, 0.00112531008199, 0.000911343668122, 0.000572213088162, 0.000339457386872, 0.000556649116334, 0.000367019383702, 0.000252107332926, 0.000208279656363, 0.000173639200511, 0.000182264018804, 0.000173559383256, 0.000136367103551, 0.000142340926686, 0.00011488115706, 0.000104856997496, 9.43661871133e-05, 7.96097810962e-05, 8.01643691375e-05, 8.6517597083e-05, 8.50136420922e-05, 7.10744643584e-05, 2.10830057767e-05, 4.89029983175e-10],
        "min": [8.23212161488e-26, 1.77082746586e-24, 1.97796340691e-24, 1.21528025918e-24, 1.39346788435e-23, 5.69859549524e-24, 9.16811777465e-24, 9.36561225772e-24, 2.50289582905e-23, 1.15839175222e-23, 1.47513581397e-23, 2.73821477257e-23, 4.05838769695e-23, 4.30454069837e-23, 3.6430022588e-23, 5.30065555824e-23, 8.26074124693e-23, 8.32621985751e-23, 1.439599839e-22, 1.65911584755e-22, 2.75461620053e-22, 3.31830616358e-22, 3.91320018237e-22, 6.42351234523e-22, 8.81610449913e-22, 1.3312943864e-21, 2.0964407949e-21],
        "var": [4.78423316963e-06, 0.000526279618498, 0.000104745253338, 2.43412814598e-05, 3.13471537083e-05, 1.2158942809e-05, 7.57548559704e-06, 4.38600045527e-06, 9.20415732253e-06, 7.33351862436e-06, 3.170992386e-06, 1.04405000911e-06, 8.59437761846e-07, 4.14829770534e-07, 2.70297761062e-07, 2.91007324904e-07, 2.25901004569e-07, 9.41131688137e-08, 9.78586456313e-08, 1.52747105631e-07, 1.48942206124e-07, 1.68286007352e-07, 4.15133314391e-07, 4.02159173518e-07, 5.07683239448e-07, 5.27316608157e-08, 6.82269363941e-18]
    },
    "erbbands": {
        "dmean": [0.265636742115, 2.18466997147, 4.02233028412, 5.19321346283, 7.88421964645, 7.69040489197, 6.64106225967, 10.8730230331, 12.2662630081, 15.0360355377, 16.61992836, 24.4668979645, 24.5219726562, 21.3799877167, 18.6827964783, 15.6119384766, 13.4525356293, 13.9577741623, 11.7897844315, 12.169383049, 11.474524498, 8.62532711029, 6.81177377701, 5.86643123627, 6.82172107697, 6.77222108841, 5.03432273865, 4.56613826752, 4.87827396393, 5.0730009079, 6.27391147614, 4.30911827087, 3.18769240379, 2.64796304703, 1.5289208889, 0.467481374741, 0.11721227318, 0.00888293236494, 0.000181248688023, 2.51974452112e-05],
        "dmean2": [0.425501734018, 3.61320829391, 6.14372825623, 7.47504377365, 13.2333459854, 13.0938463211, 10.6710214615, 16.7088871002, 19.3177528381, 22.8430194855, 26.7957324982, 39.0325393677, 38.1761398315, 34.1384124756, 30.5503883362, 25.8227920532, 21.7889060974, 22.5036659241, 19.2139377594, 20.0055580139, 18.7665805817, 13.9206171036, 10.9440631866, 9.39613056183, 10.5575857162, 10.3655414581, 7.64638280869, 6.82697725296, 7.18454313278, 7.55770874023, 9.41434574127, 6.24037599564, 4.63004636765, 3.74265289307, 2.08272361755, 0.641461968422, 0.16736882925, 0.0129681844264, 0.000256487895967, 3.61968668585e-05],
        "dvar": [0.214358851314, 11.638338089, 76.8658065796, 135.991287231, 306.228546143, 285.764404297, 189.106063843, 485.763183594, 664.997131348, 1369.40698242, 1439.18505859, 3025.63427734, 3363.79150391, 2394.50219727, 1778.01367188, 1278.2598877, 1163.70056152, 615.030517578, 544.491149902, 528.187194824, 736.057312012, 333.944519043, 187.8072052, 102.346374512, 145.446594238, 149.956481934, 103.199890137, 80.4870300293, 120.415618896, 132.571517944, 337.378845215, 85.4408950806, 53.7990455627, 40.6205444336, 13.8986730576, 1.26557433605, 0.0787625834346, 0.000428053666838, 1.76280877895e-07, 1.50865531179e-09],
        "dvar2": [0.540790319443, 29.823343277, 189.906356812, 294.059997559, 820.142333984, 770.59161377, 452.228881836, 980.421691895, 1518.99609375, 2690.00317383, 3505.53662109, 6973.5703125, 7285.609375, 5557.67236328, 4681.67285156, 3421.16381836, 2976.36352539, 1517.63867188, 1352.56640625, 1375.9329834, 1892.38989258, 812.090942383, 483.879760742, 256.556762695, 340.196166992, 344.827362061, 229.829177856, 169.710403442, 260.605499268, 296.890045166, 765.104248047, 181.854705811, 97.4121017456, 73.7048873901, 28.2140960693, 2.62095785141, 0.164918780327, 0.000907732639462, 3.63037713669e-07, 2.99091440503e-09],
        "max": [5.27423906326, 39.1607818604, 94.6115646362, 175.586578369, 263.973754883, 287.223236084, 486.999237061, 527.499938965, 589.077026367, 888.29309082, 867.187805176, 1639.15539551, 1909.18530273, 1679.76916504, 927.761962891, 1231.24853516, 978.630249023, 689.07019043, 877.894714355, 491.542541504, 835.619689941, 590.774230957, 429.731903076, 211.137771606, 188.25289917, 273.058654785, 171.342422485, 140.880584717, 160.862350464, 185.455154419, 568.13092041, 126.880844116, 86.5233306885, 68.4454803467, 40.4874000549, 12.4581813812, 3.0637178421, 0.305187851191, 0.00563182495534, 0.000480390910525],
        "mean": [0.500875711441, 3.73953318596, 6.02597522736, 7.10234165192, 11.0515260696, 10.9090185165, 10.9504032135, 18.5932369232, 19.9394035339, 23.6614761353, 24.4469070435, 36.5527191162, 39.7477111816, 34.7290649414, 29.3350734711, 24.1524772644, 21.7946777344, 22.3642444611, 18.6334037781, 18.5778045654, 17.3132743835, 14.9276914597, 12.5413923264, 11.0429601669, 12.5718994141, 12.391453743, 10.4417657852, 9.04180431366, 9.44787025452, 8.77202701569, 9.34140872955, 7.68790912628, 5.59105873108, 4.45052146912, 2.3998029232, 0.766936719418, 0.179205566645, 0.0132941063493, 0.0002999700082, 6.76201671013e-05],
        "median": [0.0463761202991, 0.888599872589, 1.8208565712, 1.70833063126, 3.12702703476, 3.61077260971, 4.59234142303, 7.71781110764, 8.4133234024, 9.29856014252, 9.81295967102, 13.3154506683, 14.2286100388, 12.5962409973, 11.4077196121, 9.45883178711, 9.46615695953, 10.7067642212, 9.19950771332, 9.61906433105, 8.42789173126, 7.95933055878, 7.0788359642, 5.87819862366, 4.94542312622, 4.6668176651, 3.54280662537, 2.99105930328, 2.69377589226, 2.89959812164, 2.5754275322, 1.97014415264, 1.22788095474, 0.913174808025, 0.407823204994, 0.139438033104, 0.0301525890827, 0.00226492388174, 7.04863923602e-05, 4.9595888413e-05],
        "min": [7.236970817e-23, 5.2027216954e-22, 2.61631855923e-21, 4.90934924724e-21, 9.43924150538e-21, 4.23981310357e-20, 5.32398289969e-20, 5.21374977396e-20, 9.84897524361e-20, 1.74435149642e-19, 3.309883605e-19, 5.60594053005e-19, 7.37198406255e-19, 8.28977920928e-19, 1.00233269514e-18, 1.79328083231e-18, 2.18646314531e-18, 2.1059573786e-18, 2.48329690812e-18, 3.52181410217e-18, 3.08321357649e-18, 5.14971919616e-18, 6.0133710291e-18, 5.60437198881e-18, 6.83544752368e-18, 7.9378923374e-18, 1.04789018437e-17, 9.39817300256e-18, 1.06354788618e-17, 1.24658459233e-17, 1.07766231713e-17, 1.18181428241e-17, 8.99566360777e-18, 8.63287377163e-18, 5.93278874818e-18, 3.99550487022e-18, 2.34652093948e-18, 9.22535305231e-19, 2.26877935188e-19, 2.64657164001e-20],
        "var": [0.607655584812, 25.2495822906, 98.2108154297, 165.776062012, 370.267669678, 422.871856689, 360.891876221, 1212.09594727, 1284.38134766, 2674.44287109, 2437.15600586, 5687.38427734, 7253.61230469, 5231.22802734, 3505.48120117, 2009.3659668, 1947.72741699, 1060.20397949, 840.188964844, 757.991699219, 931.506835938, 555.969360352, 299.647338867, 216.469207764, 344.723388672, 335.534454346, 292.076965332, 199.503753662, 268.696594238, 226.664962769, 432.786743164, 162.709686279, 104.393783569, 74.0301132202, 23.0295314789, 2.1042137146, 0.120310880244, 0.000653936178423, 2.88879789423e-07, 4.5491801437e-09]
    },
    "gfcc": {
        "mean": [-8.91340637207, 81.1911621094, -108.823616028, 29.8237323761, -64.6905441284, 22.7522106171, -40.5746231079, 14.2824478149, -24.3517227173, 3.22545552254, -17.4905490875, -0.401893079281, -9.87577152252],
        "cov": [[19861.2324219, -1861.66247559, 105.095718384, 857.803222656, -414.875640869, 1296.17431641, -238.835800171, 843.647155762, -346.987426758, 599.724243164, -299.688812256, 289.800506592, -456.088653564], [-1861.66247559, 1900.4564209, 3.16577363014, -65.6795196533, 279.269042969, -362.555389404, 78.2147598267, -289.856689453, 204.829437256, -247.482543945, 136.294128418, -115.609298706, 139.848052979], [105.095718384, 3.16577363014, 1482.95043945, 503.670135498, 403.556854248, 377.608276367, 128.297668457, 221.840423584, 43.1787796021, 194.758178711, 74.2906036377, 78.4172210693, 24.7941436768], [857.803222656, -65.6795196533, 503.670135498, 600.172302246, 261.251617432, 271.430938721, 142.554840088, 148.683639526, 114.376815796, 98.623664856, 54.826877594, 33.5837097168, 38.4865875244], [-414.875640869, 279.269042969, 403.556854248, 261.251617432, 435.450042725, 183.079849243, 183.367111206, 107.696914673, 145.367996216, 46.3660240173, 89.9729614258, 17.0490226746, 43.4708786011], [1296.17431641, -362.555389404, 377.608276367, 271.430938721, 183.079849243, 431.804321289, 150.894882202, 240.782516479, 41.6221199036, 145.170211792, 27.9838924408, 69.3460006714, -20.3935337067], [-238.835800171, 78.2147598267, 128.297668457, 142.554840088, 183.367111206, 150.894882202, 237.583114624, 115.373176575, 112.250900269, 46.8494567871, 70.432144165, 5.06159114838, 35.8226165771], [843.647155762, -289.856689453, 221.840423584, 148.683639526, 107.696914673, 240.782516479, 115.373176575, 245.563293457, 67.9610061646, 125.201019287, 22.6419887543, 53.147605896, -9.61514949799], [-346.987426758, 204.829437256, 43.1787796021, 114.376815796, 145.367996216, 41.6221199036, 112.250900269, 67.9610061646, 200.098373413, 20.982126236, 67.6853561401, 14.2352895737, 38.9139709473], [599.724243164, -247.482543945, 194.758178711, 98.623664856, 46.3660240173, 145.170211792, 46.8494567871, 125.201019287, 20.982126236, 175.054504395, 58.8308029175, 55.8579139709, 1.11026084423], [-299.688812256, 136.294128418, 74.2906036377, 54.826877594, 89.9729614258, 27.9838924408, 70.432144165, 22.6419887543, 67.6853561401, 58.8308029175, 127.502258301, 37.9937324524, 50.4612541199], [289.800506592, -115.609298706, 78.4172210693, 33.5837097168, 17.0490226746, 69.3460006714, 5.06159114838, 53.147605896, 14.2352895737, 55.8579139709, 37.9937324524, 93.9665145874, 23.3011722565], [-456.088653564, 139.848052979, 24.7941436768, 38.4865875244, 43.4708786011, -20.3935337067, 35.8226165771, -9.61514949799, 38.9139709473, 1.11026084423, 50.4612541199, 23.3011722565, 101.929878235]],
        "icov": [[0.000133374036523, -0.000242789072217, 0.0002127954358, -0.000334702199325, 0.000249196193181, -0.000399141863454, 0.000326512003085, -0.00044025524403, 0.00036510406062, -0.000399357872084, 0.000318365695421, -0.000345049716998, 0.000448325648904], [-0.000242789072217, 0.00189405819401, -0.000743909797166, 0.000984968966804, -0.00120732106734, 0.00124725000933, -0.000621185172349, 0.00184703548439, -0.00182150863111, 0.00226193410344, -0.0020138467662, 0.00174018577673, -0.00144905864727], [0.0002127954358, -0.000743909797166, 0.00171717791818, -0.00125246599782, -0.000521032663528, -0.000888315436896, 0.00101418653503, -0.00119888270274, 0.00165804335847, -0.0017460018862, 0.00097548798658, -0.000971635105088, 0.000728187500499], [-0.000334702199325, 0.000984968966804, -0.00125246599782, 0.0041822870262, -0.00124617444817, -0.000588193826843, -0.000624017149676, 0.00208135950379, -0.00259511941113, 0.000971140048932, -0.000611079740338, 0.00198536086828, -0.00246524135582], [0.000249196193181, -0.00120732106734, -0.000521032663528, -0.00124617444817, 0.00640639290214, -0.00218009506352, -0.00111204688437, -0.000872141274158, -0.000823181064334, 0.000159427450853, -0.000536964624189, -0.000420438707806, 0.00118340936024], [-0.000399141863454, 0.00124725000933, -0.000888315436896, -0.000588193826843, -0.00218009506352, 0.00951237138361, -0.00362187530845, -0.00290623097681, 0.0011657429859, 0.000702691671904, -0.000296293495921, -0.0017584390007, 0.000868606148288], [0.000326512003085, -0.000621185172349, 0.00101418653503, -0.000624017149676, -0.00111204688437, -0.00362187530845, 0.0110531393439, -0.00404292531312, -0.000991379725747, 0.000450616760645, -0.0029707129579, 0.00354767590761, -0.00118088431191], [-0.00044025524403, 0.00184703548439, -0.00119888270274, 0.00208135950379, -0.000872141274158, -0.00290623097681, -0.00404292531312, 0.0158342439681, -0.00573848513886, -0.00340749323368, 0.0027403475251, -0.000433283828897, -0.00132299365941], [0.00036510406062, -0.00182150863111, 0.00165804335847, -0.00259511941113, -0.000823181064334, 0.0011657429859, -0.000991379725747, -0.00573848513886, 0.0117271766067, -0.000909891736228, -0.000850828364491, -0.00253184465691, 0.00163352757227], [-0.000399357872084, 0.00226193410344, -0.0017460018862, 0.000971140048932, 0.000159427450853, 0.000702691671904, 0.000450616760645, -0.00340749323368, -0.000909891736228, 0.016529629007, -0.00993742700666, 0.000898759695701, -0.000358017132385], [0.000318365695421, -0.0020138467662, 0.00097548798658, -0.000611079740338, -0.000536964624189, -0.000296293495921, -0.0029707129579, 0.0027403475251, -0.000850828364491, -0.00993742700666, 0.0199389625341, -0.00658995704725, -0.00227817543782], [-0.000345049716998, 0.00174018577673, -0.000971635105088, 0.00198536086828, -0.000420438707806, -0.0017584390007, 0.00354767590761, -0.000433283828897, -0.00253184465691, 0.000898759695701, -0.00658995704725, 0.019408531487, -0.00612252857536], [0.000448325648904, -0.00144905864727, 0.000728187500499, -0.00246524135582, 0.00118340936024, 0.000868606148288, -0.00118088431191, -0.00132299365941, 0.00163352757227, -0.000358017132385, -0.00227817543782, -0.00612252857536, 0.0164255276322]]
    },
    "melbands": {
        "dmean": [0.00256256712601, 0.00215894193389, 0.000966405146755, 0.000559828302357, 0.000242157519097, 0.000243608999881, 0.000189077341929, 0.000154466091772, 0.00014610926155, 0.000152787644765, 0.000123809921206, 8.99311125977e-05, 7.1095644671e-05, 4.65009761683e-05, 3.35422009812e-05, 2.78234074358e-05, 2.78004081338e-05, 2.04367333936e-05, 1.59560277098e-05, 1.64468183357e-05, 1.37897604873e-05, 9.82600522548e-06, 8.21078992885e-06, 6.32591536487e-06, 5.02100556332e-06, 4.83483472635e-06, 5.42014731764e-06, 4.76620880363e-06, 3.52483948518e-06, 2.98193162962e-06, 2.95936047223e-06, 3.10747645926e-06, 2.6509176223e-06, 3.20868230119e-06, 4.24689824285e-06, 2.9657178402e-06, 2.63167157755e-06, 2.50528842116e-06, 2.04027719519e-06, 2.57095348388e-06],
        "dmean2": [0.00414658058435, 0.0035087405704, 0.00140929676127, 0.000940728874411, 0.000392271729652, 0.000373884831788, 0.000294859113637, 0.000237322979956, 0.000235178376897, 0.000243891277933, 0.000192233128473, 0.000144209509017, 0.000116248622362, 7.74331856519e-05, 5.51060475118e-05, 4.50931256637e-05, 4.49864819529e-05, 3.36253797286e-05, 2.6147799872e-05, 2.70727778116e-05, 2.26948268391e-05, 1.59383762366e-05, 1.33485873448e-05, 1.02489639175e-05, 8.09875473351e-06, 7.70985388954e-06, 8.32371188153e-06, 7.45405350244e-06, 5.42930820302e-06, 4.6326285883e-06, 4.56432644569e-06, 4.73958061775e-06, 4.02754994866e-06, 4.89638796353e-06, 6.56456268189e-06, 4.35232368545e-06, 3.9725523493e-06, 3.68137853002e-06, 3.11550775223e-06, 3.71481473849e-06],
        "dvar": [1.6925345335e-05, 1.2426991816e-05, 4.26955330113e-06, 1.36555559038e-06, 2.35498134771e-07, 2.24096311285e-07, 1.49184899101e-07, 1.32166988465e-07, 1.04882126095e-07, 1.0730550315e-07, 8.68360601203e-08, 4.6043730606e-08, 2.51585277056e-08, 9.85184911428e-09, 5.87496407078e-09, 4.32423608032e-09, 2.4199930948e-09, 1.83179349467e-09, 7.40326744353e-10, 1.28259236565e-09, 1.18052645437e-09, 4.94062735168e-10, 3.05843239623e-10, 1.76749337388e-10, 8.30678789643e-11, 7.03385683032e-11, 1.36313252352e-10, 8.29559615445e-11, 4.90306059642e-11, 3.81920432779e-11, 3.54979379225e-11, 5.58642125614e-11, 2.79454306917e-11, 6.27791083008e-11, 1.61085395023e-10, 5.03923465456e-11, 2.85906142511e-11, 3.46690835762e-11, 2.11876020201e-11, 3.85729261032e-11],
        "dvar2": [4.56130946986e-05, 3.2793450373e-05, 9.60135730566e-06, 3.60538365385e-06, 5.93167726493e-07, 4.59860245883e-07, 3.36502353093e-07, 2.68051451258e-07, 2.51471561796e-07, 2.47485019145e-07, 1.86930137147e-07, 1.06790849941e-07, 6.45857625159e-08, 2.58993928526e-08, 1.44480098996e-08, 1.13156355397e-08, 6.0019735848e-09, 4.62895766162e-09, 1.88293669545e-09, 3.20149751154e-09, 3.03297875703e-09, 1.19212140159e-09, 8.03822119977e-10, 4.47140574567e-10, 2.11404949102e-10, 1.84037507456e-10, 2.98552627065e-10, 1.97065086471e-10, 1.1355880819e-10, 8.54600556988e-11, 7.95588248059e-11, 1.2946675676e-10, 6.350211329e-11, 1.45521983352e-10, 3.71697339574e-10, 1.08045176972e-10, 6.32161961667e-11, 6.3810352835e-11, 4.48633734329e-11, 7.41577424468e-11],
        "max": [0.0405243560672, 0.0384772568941, 0.025832420215, 0.0148019120097, 0.0135429920629, 0.0106131127104, 0.00886609312147, 0.00816911458969, 0.0068373712711, 0.00910736341029, 0.00931102503091, 0.00733979605138, 0.00341941090301, 0.00262959604152, 0.00277755130082, 0.00260754977353, 0.00114897778258, 0.00146267318632, 0.000525960524101, 0.00140881212428, 0.00101450015791, 0.000691810273565, 0.000548895273823, 0.000366913387552, 0.000188144564163, 0.000134696427267, 0.000152719672769, 0.000246352719842, 0.000120964163216, 0.000138257499202, 8.79032741068e-05, 0.000123984747916, 8.77701313584e-05, 0.000148127815919, 0.000391684850911, 0.000134361122036, 7.35303619877e-05, 6.89891166985e-05, 5.9517846239e-05, 6.43938765279e-05],
        "mean": [0.00465722149238, 0.00389554258436, 0.00138280692045, 0.000826722651254, 0.000390382483602, 0.000419945979957, 0.000310155854095, 0.000241048081079, 0.000209986392292, 0.000226855059736, 0.000194743013708, 0.000139671188663, 0.000107324252895, 6.71024172334e-05, 5.2156552556e-05, 4.32943634223e-05, 4.17763876612e-05, 2.99425719277e-05, 2.42303012783e-05, 2.3349046387e-05, 1.95883712877e-05, 1.56545411301e-05, 1.32588447741e-05, 1.05038616312e-05, 8.53505935083e-06, 8.59010924614e-06, 9.01167277334e-06, 8.23556274554e-06, 6.82518657413e-06, 5.52602023163e-06, 5.16747650181e-06, 5.43657961316e-06, 4.87991019327e-06, 4.9547834351e-06, 5.84783219892e-06, 4.73235786558e-06, 4.55313784187e-06, 4.08721871281e-06, 3.45365629073e-06, 3.97671010433e-06],
        "median": [0.000806211493909, 0.00177542911842, 0.000362345483154, 0.000256843748502, 0.000161040399689, 0.000175412802491, 0.000129895706777, 9.59198514465e-05, 7.44246062823e-05, 8.21113935672e-05, 6.52741437079e-05, 4.69151345897e-05, 3.66882595699e-05, 2.45882220042e-05, 2.12561353692e-05, 1.81331815838e-05, 1.80152710527e-05, 1.30472699311e-05, 1.24180842249e-05, 1.06912430056e-05, 8.81018604559e-06, 7.68576774135e-06, 6.77672915117e-06, 5.12854603585e-06, 4.17232331529e-06, 3.70204770661e-06, 2.67490895567e-06, 3.02658690998e-06, 2.24504287871e-06, 1.80270762939e-06, 1.5936334421e-06, 1.40419956551e-06, 1.56848852839e-06, 1.53335236064e-06, 1.5256775896e-06, 1.25113115246e-06, 1.14294016385e-06, 8.65030983732e-07, 7.262277677e-07, 7.64041601542e-07],
        "min": [9.26566732811e-25, 1.06530458768e-24, 1.87905720991e-24, 1.88764987732e-24, 1.67362461677e-24, 1.174618128e-24, 1.59647283694e-24, 1.74941541431e-24, 2.09161538639e-24, 3.16980739746e-24, 3.04040344343e-24, 2.63088287056e-24, 2.94167257076e-24, 2.77097194556e-24, 4.52991857454e-24, 3.87924125079e-24, 2.72949265308e-24, 3.50978219014e-24, 3.3504662083e-24, 5.68951767837e-24, 3.34322880393e-24, 3.48961653882e-24, 4.18089653336e-24, 3.5268204024e-24, 3.60407907288e-24, 4.49820163298e-24, 5.20169003889e-24, 4.41658095613e-24, 5.55637689023e-24, 5.14876338861e-24, 4.77389550315e-24, 4.81473246563e-24, 5.62389746726e-24, 6.54204754726e-24, 4.88459477626e-24, 6.15842172803e-24, 6.05856653136e-24, 6.71130435979e-24, 5.43319310444e-24, 6.78132523146e-24],
        "var": [4.31609405496e-05, 2.40558474616e-05, 5.31859222974e-06, 2.05349078897e-06, 3.97131032059e-07, 5.52335961856e-07, 2.94421937497e-07, 2.62087951342e-07, 1.81441990321e-07, 2.0262153555e-07, 1.8601224383e-07, 9.4982020471e-08, 5.52998358216e-08, 1.53734784902e-08, 9.7751566841e-09, 7.2599428691e-09, 4.05916145141e-09, 2.68910405055e-09, 1.1425735913e-09, 1.63234092909e-09, 1.43740708225e-09, 7.61764595847e-10, 4.21118140359e-10, 2.63017357893e-10, 1.54448329126e-10, 1.54873974756e-10, 2.50783560585e-10, 1.69459987709e-10, 1.2936055005e-10, 8.55332749072e-11, 7.34151489601e-11, 1.05432468311e-10, 6.24217622036e-11, 8.69676622384e-11, 1.91996765708e-10, 8.18103709777e-11, 5.41337079329e-11, 6.19653911516e-11, 3.85803125558e-11, 6.36239255725e-11]
    },
    "mfcc": {
        "mean": [-647.049255371, 109.338485718, 11.3471345901, 11.7769775391, 3.81127905846, 3.89283108711, -0.215082347393, 4.65592908859, 1.36780595779, 3.10244059563, -1.58340466022, -1.30469274521, -1.15924799442],
        "cov": [[11797.7675781, -1436.25170898, 685.868347168, -157.353347778, 190.634658813, 308.04989624, 404.902557373, 269.197479248, 226.599655151, 252.064102173, 204.448135376, 227.90486145, 157.019317627], [-1436.25170898, 1694.91186523, -103.682601929, 139.409744263, 84.1754837036, -32.047668457, -123.437194824, -12.6045799255, -65.6532592773, -77.6971664429, -15.6503019333, -46.8297920227, -29.3233413696], [685.868347168, -103.682601929, 973.368835449, 302.035247803, 364.75994873, 229.039581299, 242.592468262, 92.417137146, 122.82723999, 107.019538879, 71.5947113037, 88.7477874756, 94.1869735718], [-157.353347778, 139.409744263, 302.035247803, 398.033355713, 228.506866455, 154.223449707, 87.8532943726, 73.5239639282, 89.5896835327, 59.1123962402, 57.575756073, 49.5780754089, 42.7424507141], [190.634658813, 84.1754837036, 364.75994873, 228.506866455, 360.364349365, 189.383331299, 151.078567505, 122.387199402, 110.930107117, 88.8010940552, 75.8113632202, 81.3635559082, 71.0793457031], [308.04989624, -32.047668457, 229.039581299, 154.223449707, 189.383331299, 216.708572388, 152.344146729, 113.851295471, 93.0039367676, 79.2577209473, 73.8139190674, 65.7265396118, 49.3066902161], [404.902557373, -123.437194824, 242.592468262, 87.8532943726, 151.078567505, 152.344146729, 270.996429443, 94.1452713013, 104.607719421, 94.3491668701, 72.0472259521, 86.2481842041, 58.972328186], [269.197479248, -12.6045799255, 92.417137146, 73.5239639282, 122.387199402, 113.851295471, 94.1452713013, 191.92388916, 110.989128113, 86.3333969116, 77.4843063354, 44.8931312561, 30.2221336365], [226.599655151, -65.6532592773, 122.82723999, 89.5896835327, 110.930107117, 93.0039367676, 104.607719421, 110.989128113, 151.678146362, 97.8496780396, 69.178062439, 55.4548301697, 36.1211967468], [252.064102173, -77.6971664429, 107.019538879, 59.1123962402, 88.8010940552, 79.2577209473, 94.3491668701, 86.3333969116, 97.8496780396, 133.743591309, 81.7938537598, 52.8580093384, 32.3768386841], [204.448135376, -15.6503019333, 71.5947113037, 57.575756073, 75.8113632202, 73.8139190674, 72.0472259521, 77.4843063354, 69.178062439, 81.7938537598, 122.258285522, 77.4964828491, 36.5983200073], [227.90486145, -46.8297920227, 88.7477874756, 49.5780754089, 81.3635559082, 65.7265396118, 86.2481842041, 44.8931312561, 55.4548301697, 52.8580093384, 77.4964828491, 128.85609436, 71.3492431641], [157.019317627, -29.3233413696, 94.1869735718, 42.7424507141, 71.0793457031, 49.3066902161, 58.972328186, 30.2221336365, 36.1211967468, 32.3768386841, 36.5983200073, 71.3492431641, 101.305747986]],
