{
"lowlevel": {
    "average_loudness": 0.926793217659,
    "barkbands_crest": {
        "dmean": 3.5806517601,
        "dmean2": 5.15017461777,
        "dvar": 11.137386322,
        "dvar2": 17.3651981354,
        "max": 26.7395210266,
        "mean": 14.0593700409,
        "median": 13.2182121277,
        "min": 2.19187855721,
        "var": 42.2079734802
    },
    "barkbands_flatness_db": {
        "dmean": 0.0375934056938,
        "dmean2": 0.0459913164377,
        "dvar": 0.00124612543732,
        "dvar2": 0.00188312749378,
        "max": 0.751290977001,
        "mean": 0.165217235684,
        "median": 0.142186522484,
        "min": 0.0190153513104,
        "var": 0.00928898807615
    },
    "barkbands_kurtosis": {
        "dmean": 16.0186882019,
        "dmean2": 21.951915741,
        "dvar": 6041.39501953,
        "dvar2": 12814.4169922,
        "max": 3554.87890625,
        "mean": 21.9512825012,
        "median": 3.52720046043,
        "min": -1.89798438549,
        "var": 10288.9150391
    },
    "barkbands_skewness": {
        "dmean": 1.13313961029,
        "dmean2": 1.36901092529,
        "dvar": 2.74733018875,
        "dvar2": 4.50648546219,
        "max": 52.3092918396,
        "mean": 2.70263051987,
        "median": 1.8066163063,
        "min": -3.35819673538,
        "var": 9.48335838318
    },
    "barkbands_spread": {
        "dmean": 7.46133136749,
        "dmean2": 10.5675458908,
        "dvar": 73.0663528442,
        "dvar2": 158.783172607,
        "max": 113.139038086,
        "mean": 20.3301925659,
        "median": 16.6648178101,
        "min": 0.0179676152766,
        "var": 255.817733765
    },
    "dissonance": {
        "dmean": 0.0238749757409,
        "dmean2": 0.0397873707116,
        "dvar": 0.000557013147045,
        "dvar2": 0.00146526272874,
        "max": 0.500000059605,
        "mean": 0.451440811157,
        "median": 0.462815374136,
        "min": 0.18253929913,
        "var": 0.00163889478426
    },
    "dynamic_complexity": 4.02079916,
    "erbbands_crest": {
        "dmean": 2.68281078339,
        "dmean2": 4.29414653778,
        "dvar": 6.60119915009,
        "dvar2": 15.238196373,
        "max": 31.4801216125,
        "mean": 9.13203811646,
        "median": 7.6155424118,
        "min": 2.03955483437,
        "var": 29.3528232574
    },
    "erbbands_flatness_db": {
        "dmean": 0.0214588157833,
        "dmean2": 0.0307539682835,
        "dvar": 0.000538675347343,
        "dvar2": 0.00109587737825,
        "max": 0.438595861197,
        "mean": 0.150685504079,
        "median": 0.131067693233,
        "min": 0.0581725239754,
        "var": 0.00447114882991
    },
    "erbbands_kurtosis": {
        "dmean": 1.36246657372,
        "dmean2": 2.04743909836,
        "dvar": 21.3673782349,
        "dvar2": 30.2670307159,
        "max": 283.474884033,
        "mean": 1.16819953918,
        "median": -0.246169805527,
        "min": -1.89445650578,
        "var": 57.4668540955
    },
    "erbbands_skewness": {
        "dmean": 0.422791808844,
        "dmean2": 0.626402258873,
        "dvar": 0.208626076579,
        "dvar2": 0.407960176468,
        "max": 12.2197408676,
        "mean": 0.591991424561,
        "median": 0.475283294916,
        "min": -4.16512298584,
        "var": 0.866469979286
    },
    "erbbands_spread": {
        "dmean": 9.61288738251,
        "dmean2": 14.3948020935,
        "dvar": 102.804733276,
        "dvar2": 206.806427002,
        "max": 196.165908813,
        "mean": 44.7400665283,
        "median": 43.0524787903,
        "min": 0.746786296368,
        "var": 549.781677246
    },
    "hfc": {
        "dmean": 8.41818523407,
        "dmean2": 12.4624414444,
        "dvar": 128.995910645,
        "dvar2": 319.893035889,
        "max": 128.049346924,
        "mean": 17.7581710815,
        "median": 13.7774896622,
        "min": 1.06050007304e-16,
        "var": 248.707260132
    },
    "melbands_crest": {
        "dmean": 4.61312580109,
        "dmean2": 7.03499507904,
        "dvar": 16.3675804138,
        "dvar2": 31.8147926331,
        "max": 35.0219154358,
        "mean": 18.2510280609,
        "median": 18.3552627563,
        "min": 1.49508309364,
        "var": 51.8957290649
    },
    "melbands_flatness_db": {
        "dmean": 0.0449749492109,
        "dmean2": 0.0504406839609,
        "dvar": 0.00176633219235,
        "dvar2": 0.00206445995718,
        "max": 0.901890516281,
        "mean": 0.227997750044,
        "median": 0.204853117466,
        "min": 0.00189149565995,
        "var": 0.0142410881817
    },
    "melbands_kurtosis": {
        "dmean": 21.604883194,
        "dmean2": 28.8254909515,
        "dvar": 1781.45166016,
        "dvar2": 3059.68896484,
        "max": 1324.13525391,
        "mean": 37.0247383118,
        "median": 12.3720226288,
        "min": -1.87585687637,
        "var": 4496.80371094
    },
    "melbands_skewness": {
        "dmean": 1.34666764736,
        "dmean2": 1.72040784359,
        "dvar": 2.19113397598,
        "dvar2": 3.1918823719,
        "max": 25.4328231812,
        "mean": 3.90703678131,
        "median": 2.97343277931,
        "min": -2.30984258652,
        "var": 9.50888156891
    },
    "melbands_spread": {
        "dmean": 8.29526615143,
        "dmean2": 11.7951107025,
        "dvar": 142.514083862,
        "dvar2": 288.436737061,
        "max": 258.548431396,
        "mean": 20.3754749298,
        "median": 15.063211441,
        "min": 0.179879620671,
        "var": 483.140472412
    },
    "pitch_salience": {
        "dmean": 0.100702278316,
        "dmean2": 0.143527671695,
        "dvar": 0.0103292362764,
        "dvar2": 0.0158653520048,
        "max": 0.980958104134,
        "mean": 0.445471793413,
        "median": 0.470090150833,
        "min": 0.0161555651575,
        "var": 0.0361998490989
    },
    "silence_rate_20dB": {
        "dmean": 0,
        "dmean2": 0,
        "dvar": 0,
        "dvar2": 0,
        "max": 1,
        "mean": 1,
        "median": 1,
        "min": 1,
        "var": 0
    },
    "silence_rate_30dB": {
        "dmean": 0.0899321883917,
        "dmean2": 0.179883137345,
        "dvar": 0.0818548500538,
        "dvar2": 0.147937700152,
        "max": 1,
        "mean": 0.799603581429,
        "median": 1,
        "min": 0,
        "var": 0.160240665078
    },
    "silence_rate_60dB": {
        "dmean": 0.0577986426651,
        "dmean2": 0.11560934782,
        "dvar": 0.0544498413801,
        "dvar2": 0.130386531353,
        "max": 1,
        "mean": 0.100771956146,
        "median": 0,
        "min": 0,
        "var": 0.0906176641583
    },
    "spectral_centroid": {
        "dmean": 281.740234375,
        "dmean2": 391.233398438,
        "dvar": 105763.265625,
        "dvar2": 183094.09375,
        "max": 11573.3066406,
        "mean": 1403.25158691,
        "median": 1264.35424805,
        "min": 62.9804611206,
        "var": 1360729
    },
    "spectral_complexity": {
        "dmean": 4.66604089737,
        "dmean2": 7.01189470291,
        "dvar": 23.6647224426,
        "dvar2": 52.6062164307,
        "max": 54,
        "mean": 14.5732316971,
        "median": 13,
        "min": 0,
        "var": 76.5738525391
    },
    "spectral_decrease": {
        "dmean": 4.60503279953e-09,
        "dmean2": 5.55507106981e-09,
        "dvar": 4.69135153537e-17,
        "dvar2": 4.94397050921e-17,
        "max": 1.78016268654e-28,
        "mean": -1.18045253572e-08,
        "median": -4.59447901946e-09,
        "min": -6.42629274239e-08,
        "var": 2.14360798484e-16
    },
    "spectral_energy": {
        "dmean": 0.017818108201,
        "dmean2": 0.0217200685292,
        "dvar": 0.000688807049301,
        "dvar2": 0.000751594197936,
        "max": 0.244188845158,
        "mean": 0.0461637303233,
        "median": 0.0187571421266,
        "min": 9.85660016865e-21,
        "var": 0.00311678485014
    },
    "spectral_energyband_high": {
        "dmean": 0.000559241743758,
        "dmean2": 0.000818714557681,
        "dvar": 8.54279392115e-07,
        "dvar2": 1.95507004719e-06,
        "max": 0.0160179883242,
        "mean": 0.000940614787396,
        "median": 0.000437554437667,
        "min": 6.84314403862e-21,
        "var": 1.78771472292e-06
    },
    "spectral_energyband_low": {
        "dmean": 0.0161030218005,
        "dmean2": 0.0197867043316,
        "dvar": 0.000776812201366,
        "dvar2": 0.00081528472947,
        "max": 0.241019934416,
        "mean": 0.0335316956043,
        "median": 0.00366332032718,
        "min": 1.36188157816e-23,
        "var": 0.00286372075789
    },
    "spectral_energyband_middle_high": {
        "dmean": 0.00157929363195,
        "dmean2": 0.00250792130828,
        "dvar": 5.73422585148e-06,
        "dvar2": 1.35572454383e-05,
        "max": 0.0789330676198,
        "mean": 0.00341347162612,
        "median": 0.0019122059457,
        "min": 1.18195143025e-21,
        "var": 2.52259087574e-05
    },
    "spectral_energyband_middle_low": {
        "dmean": 0.0090327328071,
        "dmean2": 0.0160474758595,
        "dvar": 0.000475144333905,
        "dvar2": 0.00132934527937,
        "max": 0.129892870784,
        "mean": 0.00922990590334,
        "median": 0.00443507079035,
        "min": 1.86253366628e-22,
        "var": 0.000308088987367
    },
    "spectral_entropy": {
        "dmean": 0.193710759282,
        "dmean2": 0.274168252945,
        "dvar": 0.050060801208,
        "dvar2": 0.0964674204588,
        "max": 9.8257856369,
        "mean": 7.66025590897,
        "median": 7.89173221588,
        "min": 3.75642824173,
        "var": 0.462745815516
    },
    "spectral_flux": {
        "dmean": 0.0552448220551,
        "dmean2": 0.0724761560559,
        "dvar": 0.00339340255596,
        "dvar2": 0.00452146260068,
        "max": 0.444929212332,
        "mean": 0.111102133989,
        "median": 0.0733108073473,
        "min": 6.42295591713e-11,
        "var": 0.010025898926
    },
    "spectral_kurtosis": {
        "dmean": 1.58184099197,
        "dmean2": 2.51312255859,
        "dvar": 11.9178390503,
        "dvar2": 23.5597438812,
        "max": 150.960998535,
        "mean": 4.50402116776,
        "median": 2.78280639648,
        "min": -1.46270143986,
        "var": 40.8202896118
    },
    "spectral_rms": {
        "dmean": 0.00135961489286,
        "dmean2": 0.0016781402519,
        "dvar": 3.02778698824e-06,
        "dvar2": 3.58370039066e-06,
        "max": 0.0154347987846,
        "mean": 0.0054996679537,
        "median": 0.00427780905738,
        "min": 3.10099905823e-12,
        "var": 1.47914279296e-05
    },
    "spectral_rolloff": {
        "dmean": 665.189697266,
        "dmean2": 989.729248047,
        "dvar": 1127738.5,
        "dvar2": 2162310.5,
        "max": 19875.1464844,
        "mean": 1640.9954834,
        "median": 925.927734375,
        "min": 64.599609375,
        "var": 6137637
    },
    "spectral_skewness": {
        "dmean": 0.223965063691,
        "dmean2": 0.34325915575,
        "dvar": 0.0913632065058,
        "dvar2": 0.183039739728,
        "max": 10.781873703,
        "mean": 1.59470069408,
        "median": 1.41701841354,
        "min": -0.26719006896,
        "var": 0.525251269341
    },
    "spectral_spread": {
        "dmean": 679042.6875,
        "dmean2": 1026432.1875,
        "dvar": 733687185408,
        "dvar2": 1.48021051392e+12,
        "max": 42855972,
        "mean": 5931742,
        "median": 5603873.5,
        "min": 611708.0625,
        "var": 1.45679408169e+13
    },
    "spectral_strongpeak": {
        "dmean": 0.394537478685,
        "dmean2": 0.624876976013,
        "dvar": 0.350928068161,
        "dvar2": 0.798268437386,
        "max": 10.6284751892,
        "mean": 0.807173132896,
        "median": 0.612762749195,
        "min": 0,
        "var": 0.795498788357
    },
    "zerocrossingrate": {
        "dmean": 0.0162222981453,
        "dmean2": 0.0167648494244,
        "dvar": 0.000318105216138,
        "dvar2": 0.000318997423165,
        "max": 0.5234375,
        "mean": 0.0671392306685,
        "median": 0.05419921875,
        "min": 0.00244140625,
        "var": 0.00429147854447
    },
    "barkbands": {
        "dmean": [0.000291579490295, 0.015456231311, 0.0070565212518, 0.00315857981332, 0.0042101838626, 0.000828675285447, 0.000706505728886, 0.000847681541927, 0.000731041596737, 0.0002516216191, 0.000447960832389, 0.000299834879115, 0.000259288033703, 0.000233601880609, 0.000218422486796, 0.000143449899042, 0.000145086640259, 0.000116462375445, 7.4862218753e-05, 9.66302250163e-05, 9.3408030807e-05, 9.55713694566e-05, 0.000131706066895, 0.000116738505312, 9.65301733231e-05, 4.07757179346e-05, 2.95192876365e-06],
        "dmean2": [0.000409430911532, 0.0192911159247, 0.0126386769116, 0.00599544867873, 0.00796467717737, 0.00140243116766, 0.00106461439282, 0.00134392594919, 0.0011395032052, 0.000396608666051, 0.000679827295244, 0.000506996933836, 0.00043920770986, 0.000407449406339, 0.000362683786079, 0.000239317174419, 0.000248741154792, 0.000199754475034, 0.000120361153677, 0.000153186716489, 0.000144539502799, 0.000146272199345, 0.000201219547307, 0.000178264410351, 0.000149259227328, 6.24495369266e-05, 4.72389547213e-06],
        "dvar": [2.26628316113e-07, 0.000774399843067, 0.000424543803092, 0.000102800513559, 0.000156952257385, 2.296705361e-06, 1.42689702898e-06, 2.06828849514e-06, 1.74340550529e-06, 5.19221657669e-07, 1.59287958468e-06, 2.28315187201e-07, 2.52273707702e-07, 1.76524437734e-07, 2.53148584761e-07, 5.68863498529e-08, 9.70814255652e-08, 3.48067921152e-08, 1.51467709486e-08, 2.3790009962e-08, 2.36108270713e-08, 2.5990791741e-08, 7.96867141162e-08, 6.25116456376e-08, 3.42588819535e-08, 5.07556130458e-09, 5.00273815429e-11],
        "dvar2": [4.47721362207e-07, 0.000861434673425, 0.00115927367005, 0.0002942000865, 0.000454082619399, 6.0847792156e-06, 3.05186449623e-06, 4.92621848025e-06, 3.82322923542e-06, 1.14143153951e-06, 2.9634436487e-06, 5.8085697674e-07, 6.76415254475e-07, 4.71699081572e-07, 6.33718741483e-07, 1.45328144185e-07, 2.50524436751e-07, 9.39645659059e-08, 3.89791026123e-08, 5.84875365917e-08, 5.26939984979e-08, 6.10074124552e-08, 1.87679091823e-07, 1.42665896874e-07, 8.28786994589e-08, 1.1690900692e-08, 1.28350205464e-10],
        "max": [0.00479440996423, 0.234675467014, 0.119730487466, 0.066098921001, 0.078084975481, 0.0204190779477, 0.0186276324093, 0.0281324647367, 0.0272444151342, 0.019556120038, 0.0649975016713, 0.0116287786514, 0.00804504752159, 0.00811558589339, 0.0200450550765, 0.00316344294697, 0.00731499353424, 0.00322692445479, 0.00347212492488, 0.00320243486203, 0.00306614884175, 0.00323511008173, 0.00778060825542, 0.0080721816048, 0.00394383259118, 0.00291369413026, 0.000294008525088],
        "mean": [0.000328980095219, 0.0276051908731, 0.00469077238813, 0.00189995486289, 0.00280583649874, 0.00103126210161, 0.0010949781863, 0.00126858660951, 0.00106362951919, 0.000447011349024, 0.000932326191105, 0.000401210359996, 0.000345007283613, 0.000266431918135, 0.000309659837512, 0.000194997221115, 0.000169477250893, 0.00016107193369, 0.000126421437017, 0.000160479263286, 0.000156596928718, 0.000157509755809, 0.000182739589945, 0.00016871150001, 0.000134674293804, 5.62545028515e-05, 3.87700811189e-06],
        "median": [2.8556707548e-05, 0.00203752378002, 0.000143630895764, 0.000122304540128, 0.000485251599457, 0.000380634359317, 0.000455314700957, 0.000523930881172, 0.000372840673663, 0.000115127826575, 0.000182346062502, 0.000219810783165, 0.000160539813805, 0.000121065808344, 0.000103097932879, 0.000100965378806, 6.98573567206e-05, 8.7028121925e-05, 7.25095960661e-05, 9.12982432055e-05, 8.05236923043e-05, 7.38886592444e-05, 6.25597604085e-05, 6.13586307736e-05, 4.03041121899e-05, 1.98189081857e-05, 1.29198019749e-06],
        "min": [5.31700335943e-25, 1.72813391924e-24, 1.44776328719e-24, 7.94438842074e-25, 7.83162252928e-24, 3.63355959376e-24, 8.07110965605e-24, 6.02300823163e-24, 1.04161911789e-23, 1.74364576454e-23, 1.45344466343e-23, 2.90442902748e-23, 2.328134424e-23, 3.02986138239e-23, 4.96602454877e-23, 4.86201797158e-23, 7.8258800952e-23, 9.32521437522e-23, 1.1670061133e-22, 1.71109597519e-22, 2.70962336103e-22, 3.31319838388e-22, 3.99142792114e-22, 5.70563428022e-22, 8.9524327902e-22, 1.32911142526e-21, 1.97462734254e-21],
        "var": [3.70953927131e-07, 0.0023584831506, 0.000271029421128, 5.79205807298e-05, 8.73404205777e-05, 2.87701209345e-06, 3.09292818201e-06, 4.23881965617e-06, 3.56042619387e-06, 1.72901468432e-06, 1.11370336526e-05, 3.35880741886e-07, 3.45761066001e-07, 2.08914443078e-07, 7.32773003165e-07, 7.82086075901e-08, 1.2311798514e-07, 4.77173678348e-08, 2.87076016292e-08, 4.32155005115e-08, 5.48783773979e-08, 5.22845198248e-08, 1.20597206887e-07, 1.25606916868e-07, 5.69404505768e-08, 9.30022103773e-09, 5.99005706148e-11]
    },
    "erbbands": {
        "dmean": [0.535310506821, 3.68943834305, 7.71192932129, 8.66780281067, 14.0371589661, 13.8615541458, 7.15910339355, 7.38751935959, 7.92795705795, 13.687084198, 17.2139816284, 17.2396411896, 7.78535938263, 18.0293273926, 10.3266563416, 10.1387205124, 12.0010671616, 9.89606189728, 12.101228714, 9.09843540192, 7.52134180069, 7.93609666824, 7.03874063492, 4.09379673004, 4.2977848053, 4.13830184937, 3.75015568733, 3.98120546341, 3.62843799591, 3.50304913521, 3.40785074234, 2.49317073822, 2.07180523872, 1.17067301273, 0.662399947643, 0.24286416173, 0.0609571449459, 0.0113911051303, 0.000271135591902, 2.61128316197e-05],
        "dmean2": [0.602611839771, 4.33905696869, 12.3577337265, 15.5760231018, 26.690279007, 25.8158397675, 13.0531024933, 12.1102313995, 12.2446947098, 20.8536949158, 27.7045917511, 26.7919216156, 12.0288228989, 27.0244846344, 16.734413147, 17.0680904388, 20.2952537537, 17.0430736542, 20.641330719, 14.8977003098, 12.3987379074, 13.5719575882, 12.1215581894, 6.76120424271, 6.80681037903, 6.56807661057, 5.86908102036, 6.19712686539, 5.50673341751, 5.43448114395, 5.20525217056, 3.71491670609, 3.25374794006, 1.79126870632, 1.05160081387, 0.381315112114, 0.0922348573804, 0.0173516925424, 0.000414271256886, 3.45477237715e-05],
        "dvar": [0.734407484531, 42.8179321289, 400.414916992, 668.785766602, 2001.51379395, 1526.00805664, 260.342132568, 176.55696106, 211.016448975, 468.666503906, 865.824279785, 1085.65979004, 360.457183838, 2959.44287109, 276.466522217, 277.921936035, 518.886230469, 297.481414795, 546.164794922, 304.151824951, 165.926559448, 288.345397949, 149.97984314, 50.1468505859, 44.3698425293, 45.9540748596, 42.8654212952, 43.5767059326, 38.3622703552, 48.4328079224, 55.4996871948, 54.023891449, 11.7462978363, 5.567466259, 1.44698321819, 0.190171375871, 0.0126496627927, 0.000450282474048, 2.76753780781e-07, 1.16125031813e-09],
        "dvar2": [0.654577672482, 59.0649719238, 1017.05853271, 1835.89123535, 5764.21289062, 4402.46386719, 740.022766113, 442.317504883, 486.09161377, 1033.48388672, 2109.62963867, 2332.46411133, 773.805358887, 5637.27783203, 635.934082031, 699.380371094, 1398.20056152, 809.054992676, 1404.74230957, 769.155151367, 401.655639648, 757.862915039, 407.074859619, 132.13835144, 107.40952301, 114.29838562, 100.995819092, 101.321212769, 89.2844085693, 114.839080811, 130.523773193, 126.892593384, 27.1287612915, 13.5513057709, 3.55259299278, 0.456798821688, 0.0286779236048, 0.00102073815651, 6.46705416329e-07, 1.89073157131e-09],
        "max": [5.51940441132, 58.514213562, 118.326042175, 161.190002441, 275.957611084, 272.099060059, 172.2943573, 211.468414307, 283.604034424, 617.320861816, 615.609741211, 818.786132812, 616.926696777, 2726.63671875, 589.863342285, 423.738800049, 383.43270874, 244.923400879, 701.805236816, 631.326721191, 332.976715088, 461.630554199, 240.644104004, 245.442062378, 148.487869263, 148.741012573, 138.994766235, 118.875450134, 113.026374817, 219.813171387, 238.500640869, 256.438049316, 82.6672973633, 60.6838035583, 23.1641254425, 18.9854755402, 3.86771631241, 0.652495026588, 0.0176735688001, 0.000503191491589],
        "mean": [0.824102640152, 6.06225204468, 6.67671394348, 5.83435869217, 8.60721683502, 9.78399372101, 6.68938779831, 9.95222091675, 12.4524726868, 22.6479320526, 26.8500995636, 25.2327327728, 13.3149881363, 39.6231956482, 18.0892467499, 14.4041929245, 16.4613456726, 12.4787759781, 16.0026512146, 13.7266750336, 10.8390665054, 9.70380210876, 9.31022834778, 6.78414726257, 7.04642772675, 7.05609321594, 6.31233310699, 6.39206123352, 5.85898113251, 5.3213596344, 4.83306074142, 3.82512950897, 2.75262928009, 1.70389068127, 0.838479280472, 0.30953258276, 0.0879610255361, 0.0169500596821, 0.000415938178776, 6.53609458823e-05],
        "median": [0.0556910708547, 0.417092978954, 0.562149882317, 0.526714980602, 0.795745134354, 1.90669393539, 1.96005690098, 3.8071167469, 4.9348897934, 11.9940767288, 11.3949756622, 8.76232624054, 5.26234006882, 6.14610624313, 8.57213592529, 8.08558654785, 8.29699230194, 6.82785797119, 6.95826101303, 6.19499111176, 5.62767696381, 4.42469978333, 4.76788330078, 4.02612257004, 3.93706703186, 4.15121078491, 3.4095158577, 3.19693899155, 2.79052567482, 2.14950847626, 1.68768155575, 1.33589422703, 0.929069757462, 0.501634597778, 0.259292125702, 0.10027576983, 0.0291900895536, 0.00616869051009, 0.000167656908161, 3.53171380993e-05],
        "min": [7.95833236555e-23, 5.81708050994e-22, 2.16967495578e-21, 5.92735897309e-21, 6.84913059674e-21, 2.97653834844e-20, 3.45904830938e-20, 5.52108873055e-20, 1.10418504663e-19, 1.95582254646e-19, 2.45997051825e-19, 3.70339565287e-19, 5.06668391114e-19, 5.18086482097e-19, 1.05660732385e-18, 1.35523089872e-18, 1.06604555804e-18, 1.64666213816e-18, 2.63004309149e-18, 2.65016653464e-18, 3.95512687579e-18, 5.32095426835e-18, 5.35551304716e-18, 5.40197123268e-18, 5.40256887067e-18, 8.52454454425e-18, 1.10528526922e-17, 1.07142529259e-17, 1.076304252e-17, 9.33773670547e-18, 1.02515859939e-17, 1.00927879958e-17, 9.56300693758e-18, 8.12109878101e-18, 6.43921642974e-18, 4.38925979899e-18, 2.15318277413e-18, 9.95537819999e-19, 2.56773250652e-19, 2.84682447305e-20],
        "var": [2.18833851814, 121.092010498, 337.899688721, 424.478393555, 1118.96728516, 871.309204102, 198.190414429, 265.942962646, 426.906646729, 979.308654785, 1864.57995605, 2192.26977539, 995.112548828, 19625.5957031, 1081.64453125, 446.694488525, 687.463012695, 303.863647461, 913.905883789, 835.95715332, 266.371002197, 337.56262207, 186.14541626, 78.3274078369, 86.0105056763, 87.238243103, 93.0688323975, 87.3621673584, 74.8704528809, 83.0928421021, 83.6725997925, 99.4911727905, 21.841047287, 9.80798530579, 2.01656579971, 0.298261582851, 0.0235143490136, 0.000789041048847, 4.55094522067e-07, 4.25547908023e-09]
    },
    "gfcc": {
        "mean": [-36.9709320068, 63.2492828369, -110.861557007, 15.4118003845, -65.8771591187, 16.528553009, -36.5110931396, 15.052488327, -19.6415901184, 10.7861795425, -12.4143228531, 2.05692148209, -12.8772392273],
        "cov": [[27321.4355469, 112.073318481, 194.237762451, 2086.66430664, 131.336120605, 1311.36853027, -128.8462677, 530.18145752, -205.127197266, 692.690063477, -357.868927002, 491.637573242, -273.230804443], [112.073318481, 2102.19433594, 821.3203125, 302.532165527, 887.033569336, 244.426055908, 441.212097168, 106.444450378, 187.831512451, -121.430686951, 236.62298584, -88.7547912598, 140.074356079], [194.237762451, 821.3203125, 1931.21728516, 1083.92626953, 886.270019531, 588.976135254, 442.166412354, 194.131210327, 172.399185181, 52.7885818481, 167.598937988, 136.30809021, 143.716674805], [2086.66430664, 302.532165527, 1083.92626953, 1086.6192627, 556.928771973, 501.720855713, 271.723327637, 160.100280762, 141.875396729, 108.037460327, 28.2634067535, 128.222457886, 44.8165855408], [131.336120605, 887.033569336, 886.270019531, 556.928771973, 898.048278809, 400.559448242, 469.036254883, 203.074951172, 207.714050293, 46.5228042603, 148.232620239, 9.04496669769, 90.0124664307], [1311.36853027, 244.426055908, 588.976135254, 501.720855713, 400.559448242, 476.321533203, 314.946624756, 189.888473511, 142.254486084, 122.347969055, 73.2055206299, 66.703163147, 53.2164421082], [-128.8462677, 441.212097168, 442.166412354, 271.723327637, 469.036254883, 314.946624756, 472.764099121, 203.531570435, 202.274703979, 109.8542099, 144.19052124, 27.3388652802, 76.4437103271], [530.18145752, 106.444450378, 194.131210327, 160.100280762, 203.074951172, 189.888473511, 203.531570435, 217.404022217, 131.839309692, 94.864616394, 79.0943984985, 33.5687866211, 40.0449867249], [-205.127197266, 187.831512451, 172.399185181, 141.875396729, 207.714050293, 142.254486084, 202.274703979, 131.839309692, 227.785919189, 95.2980957031, 102.131027222, 26.3675880432, 33.4032096863], [692.690063477, -121.430686951, 52.7885818481, 108.037460327, 46.5228042603, 122.347969055, 109.8542099, 94.864616394, 95.2980957031, 180.695388794, 67.3818359375, 74.4143829346, 14.815864563], [-357.868927002, 236.62298584, 167.598937988, 28.2634067535, 148.232620239, 73.2055206299, 144.19052124, 79.0943984985, 102.131027222, 67.3818359375, 189.888809204, 67.2936325073, 78.0082702637], [491.637573242, -88.7547912598, 136.30809021, 128.222457886, 9.04496669769, 66.703163147, 27.3388652802, 33.5687866211, 26.3675880432, 74.4143829346, 67.2936325073, 141.847366333, 49.9196014404], [-273.230804443, 140.074356079, 143.716674805, 44.8165855408, 90.0124664307, 53.2164421082, 76.4437103271, 40.0449867249, 33.4032096863, 14.815864563, 78.0082702637, 49.9196014404, 118.945594788]],
        "icov": [[0.00010670949996, -0.000219631037908, 0.00021348966402, -0.000250789948041, 7.74618747528e-05, -0.000322667270666, 0.00029536022339, -0.000384928920539, 0.00043071154505, -0.00044145542779, 0.000266339018708, -0.000379731063731, 0.000284550362267], [-0.000219631037908, 0.00162814289797, -0.000460847310023, 0.000525192823261, -0.00114014244173, 0.000657853437588, -0.000691777153406, 0.00126108992845, -0.00108181277756, 0.00199026847258, -0.00181774061639, 0.00169578648638, -0.000938097480685], [0.00021348966402, -0.000460847310023, 0.00218516075984, -0.00179442903027, -0.000570059579331, -0.00105325272307, 0.000583660323173, -0.000491077662446, 0.00129366875626, -3.52977476723e-05, -0.000443234399427, -0.00102611829061, 0.000124271144159], [-0.000250789948041, 0.000525192823261, -0.00179442903027, 0.00421619741246, -0.00105407217052, -0.00121601182036, 0.000342957180692, 0.00112031330355, -0.00203962414525, 0.00060001318343, 0.00173548900057, -0.00136139558163, 6.03127518843e-05], [7.74618747528e-05, -0.00114014244173, -0.000570059579331, -0.00105407217052, 0.00481507834047, -0.000275578291621, -0.00219372101128, -0.000853767502122, 0.000127847510157, 1.34167121359e-05, 0.000106218409201, 0.000759163754992, 0.000357455923222], [-0.000322667270666, 0.000657853437588, -0.00105325272307, -0.00121601182036, -0.000275578291621, 0.00839568208903, -0.00355108291842, -0.00106781057548, -0.000351002090611, -0.000513373990543, 0.000207888573641, 0.00131164840423, -0.00121544057038], [0.00029536022339, -0.000691777153406, 0.000583660323173, 0.000342957180692, -0.00219372101128, -0.00355108291842, 0.00872152950615, -0.00252866465598, -0.000659873883706, -0.00251063448377, -0.00035139467218, 5.59864383831e-05, -0.000141255033668], [-0.000384928920539, 0.00126108992845, -0.000491077662446, 0.00112031330355, -0.000853767502122, -0.00106781057548, -0.00252866465598, 0.0116462716833, -0.00406430894509, 0.000282033463009, -0.00167883955874, 0.00197514821775, -0.00199171481654], [0.00043071154505, -0.00108181277756, 0.00129366875626, -0.00203962414525, 0.000127847510157, -0.000351002090611, -0.000659873883706, -0.00406430894509, 0.0113070281222, -0.0042470106855, -0.00178008351941, -1.19724495562e-06, 0.00184309331235], [-0.00044145542779, 0.00199026847258, -3.52977476723e-05, 0.00060001318343, 1.34167121359e-05, -0.000513373990543, -0.00251063448377, 0.000282033463009, -0.0042470106855, 0.0145511031151, -0.00386528368108, -0.00249351095408, 0.00115846039262], [0.000266339018708, -0.00181774061639, -0.000443234399427, 0.00173548900057, 0.000106218409201, 0.000207888573641, -0.00035139467218, -0.00167883955874, -0.00178008351941, -0.00386528368108, 0.0147085255012, -0.0065199919045, -0.00267688673921], [-0.000379731063731, 0.00169578648638, -0.00102611829061, -0.00136139558163, 0.000759163754992, 0.00131164840423, 5.59864383831e-05, 0.00197514821775, -1.19724495562e-06, -0.00249351095408, -0.0065199919045, 0.016820108518, -0.00545100774616], [0.000284550362267, -0.000938097480685, 0.000124271144159, 6.03127518843e-05, 0.000357455923222, -0.00121544057038, -0.000141255033668, -0.00199171481654, 0.00184309331235, 0.00115846039262, -0.00267688673921, -0.00545100774616, 0.0144087160006]]
    },
    "melbands": {
        "dmean": [0.00451978668571, 0.00366384908557, 0.00160826032516, 0.00107429432683, 0.000303469627397, 0.000158309063409, 0.000131416803924, 0.000164801618666, 0.000140015865327, 0.000108521126094, 3.69052904716e-05, 7.00503151165e-05, 4.00979806727e-05, 3.42257299053e-05, 2.35642928601e-05, 3.02361768263e-05, 1.88534122572e-05, 2.08117289731e-05, 1.8470122086e-05, 1.08425783765e-05, 8.74612942425e-06, 8.69241466717e-06, 7.90117883298e-06, 4.75539445688e-06, 3.39876874023e-06, 2.87214493255e-06, 3.91367984776e-06, 2.69738461611e-06, 2.42023384089e-06, 2.48723154073e-06, 2.31446506405e-06, 2.36174923884e-06, 1.66619588526e-06, 2.30042064686e-06, 2.12949885281e-06, 1.83484485206e-06, 1.45320120737e-06, 1.58857324095e-06, 1.22511960399e-06, 9.58719624577e-07],
        "dmean2": [0.00541276810691, 0.00485227955505, 0.0028327552136, 0.0020315523725, 0.000553703750484, 0.000261271663476, 0.000200063979719, 0.000253275909927, 0.000226921867579, 0.00016793141549, 5.75074445806e-05, 0.000105345025077, 6.24363237876e-05, 5.79943043704e-05, 3.94410053559e-05, 5.1476607041e-05, 3.28599926434e-05, 3.6024266592e-05, 3.05699250021e-05, 1.82675939868e-05, 1.45132426042e-05, 1.49304205479e-05, 1.38088380481e-05, 8.07260494184e-06, 5.66033122595e-06, 4.61469107904e-06, 6.31409238849e-06, 4.33448076365e-06, 3.86816782338e-06, 3.92868651033e-06, 3.65447704098e-06, 3.66816630049e-06, 2.61861100626e-06, 3.61228967449e-06, 3.32806712322e-06, 2.75777824754e-06, 2.198238235e-06, 2.50139692071e-06, 1.96255837182e-06, 1.48427602653e-06],
        "dvar": [5.84047775192e-05, 5.73211073061e-05, 2.1494266548e-05, 1.07101750473e-05, 5.07683580508e-07, 8.11362923514e-08, 5.28329771043e-08, 7.05325504669e-08, 6.3021268204e-08, 4.56102675628e-08, 9.43974942658e-09, 4.26459259018e-08, 7.58392371125e-09, 3.09232439655e-09, 2.40377096006e-09, 3.67250674316e-09, 1.17669585187e-09, 1.60171498287e-09, 2.20457097022e-09, 3.63997970654e-10, 2.64762267665e-10, 3.59666380012e-10, 2.1778411019e-10, 5.8397488234e-11, 3.9661850193e-11, 2.10793327238e-11, 4.41909425719e-11, 2.00217724344e-11, 1.79230710134e-11, 1.75319307683e-11, 1.56149797953e-11, 1.7912208175e-11, 8.40419487474e-12, 2.39216042808e-11, 2.10046858379e-11, 2.42036564402e-11, 2.25984578273e-11, 6.6359183773e-12, 5.36786153721e-12, 4.05534590284e-12],
        "dvar2": [5.13449922437e-05, 0.000115224596811, 5.74624791625e-05, 3.09826173179e-05, 1.44827367876e-06, 2.04973730433e-07, 1.17589401327e-07, 1.59792278964e-07, 1.53211203724e-07, 9.65781197237e-08, 2.0135061618e-08, 8.22646697429e-08, 1.49367345159e-08, 8.15425682532e-09, 6.02841909725e-09, 9.948859514e-09, 3.19586912489e-09, 4.17491463622e-09, 5.55960344428e-09, 9.53345957733e-10, 6.28196994423e-10, 9.3574881177e-10, 5.99125082879e-10, 1.5535417397e-10, 1.05450377597e-10, 5.32560037736e-11, 1.10546953536e-10, 4.90582539869e-11, 4.31101231102e-11, 4.0331238349e-11, 3.69557544289e-11, 4.26245011509e-11, 2.02404551453e-11, 5.71506314495e-11, 5.00370821166e-11, 5.93492477385e-11, 5.38688711693e-11, 1.50864216952e-11, 1.35951840063e-11, 9.91505402087e-12],
        "max": [0.0575279183686, 0.0478826761246, 0.0290670786053, 0.0197908561677, 0.00630732811987, 0.00467965519056, 0.00372180202976, 0.00689892331138, 0.00501312082633, 0.00543630030006, 0.00320930592716, 0.0100910114124, 0.00413532881066, 0.00102437892929, 0.00174006051384, 0.00103805831168, 0.000609548122156, 0.000935258634854, 0.00211791275069, 0.000253993697697, 0.000570872041862, 0.0005504222936, 0.000157967981067, 0.000175235792994, 0.000228025746765, 7.50068284106e-05, 0.000126104336232, 9.64607243077e-05, 9.23840198084e-05, 9.67416563071e-05, 8.33711019368e-05, 6.81169549352e-05, 8.38002015371e-05, 0.000149297920871, 9.93276189547e-05, 0.000223552095122, 0.000194448963157, 7.00262535247e-05, 7.30715764803e-05, 4.21544900746e-05],
        "mean": [0.00774006359279, 0.00515632284805, 0.00112465058919, 0.000694342656061, 0.00026960982359, 0.000212116385228, 0.000207450226299, 0.00026848440757, 0.000212993691093, 0.000155233603436, 5.91696116317e-05, 0.000152306791279, 7.89113546489e-05, 4.51400119346e-05, 3.17472222378e-05, 3.91322682844e-05, 2.13343264477e-05, 2.49795029958e-05, 2.74053873e-05, 1.39615331136e-05, 1.19121450552e-05, 1.01972527773e-05, 9.30140322453e-06, 6.68244865665e-06, 5.38296217201e-06, 4.70020859211e-06, 5.65452592127e-06, 4.52098902315e-06, 3.96092582378e-06, 3.83125916414e-06, 3.52964912054e-06, 3.53883456228e-06, 2.7067942483e-06, 3.16499949804e-06, 2.83001645585e-06, 2.66732445198e-06, 2.18509967453e-06, 2.02483420253e-06, 1.64090022281e-06, 1.36398466566e-06],
        "median": [0.000562369008549, 0.000455900793895, 0.000101061799796, 9.99741532723e-05, 8.06085663498e-05, 8.0500220065e-05, 8.21589346742e-05, 0.00013527192641, 8.1603822764e-05, 5.04497438669e-05, 2.01677976293e-05, 2.30345831369e-05, 2.53634298133e-05, 2.48562464549e-05, 1.3671871784e-05, 1.6521265934e-05, 1.0578819456e-05, 1.04529372038e-05, 8.5288338596e-06, 6.537678928e-06, 5.57753355679e-06, 4.16452667196e-06, 4.10596203437e-06, 3.74256501345e-06, 3.00445685752e-06, 2.63390120381e-06, 2.8598337849e-06, 2.6189250093e-06, 2.16059834202e-06, 1.85650594631e-06, 1.74004526343e-06, 1.57023066549e-06, 1.26859708871e-06, 1.12091674964e-06, 9.62418653216e-07, 8.58996088482e-07, 7.58673024848e-07, 6.72798023515e-07, 5.36325046596e-07, 3.26066526668e-07],
        "min": [8.50741718424e-25, 1.06137606037e-24, 1.25837050423e-24, 1.42316916797e-24, 8.53104061013e-25, 9.40707261753e-25, 1.73210405896e-24, 1.88418717237e-24, 1.66202915032e-24, 1.92742365251e-24, 2.65778243579e-24, 1.48913647788e-24, 3.45569512546e-24, 2.56776078473e-24, 3.30199031125e-24, 1.78080142872e-24, 2.33848999832e-24, 3.62866431742e-24, 4.03408951889e-24, 2.91106003447e-24, 3.87900143708e-24, 4.90075104203e-24, 3.47269862785e-24, 3.30376386778e-24, 4.07606046893e-24, 3.4303001152e-24, 3.6767442063e-24, 5.71656653552e-24, 4.66733065005e-24, 4.14150555291e-24, 5.01468385599e-24, 4.83972949557e-24, 5.7913966977e-24, 4.13987497742e-24, 5.24627330181e-24, 5.59834981242e-24, 5.8188904724e-24, 5.85372656997e-24, 5.7160040777e-24, 5.50640807392e-24],
        "var": [0.000186698205653, 9.95277732727e-05, 1.45255135067e-05, 5.95674055148e-06, 3.37306659048e-07, 1.19336704074e-07, 1.12762748472e-07, 1.46166911463e-07, 1.33363229793e-07, 9.16578954957e-08, 2.75631979463e-08, 2.75209913525e-07, 4.83579647437e-08, 3.7941276787e-09, 4.31334212792e-09, 5.16900033887e-09, 1.15854503768e-09, 2.16589612911e-09, 7.33369409645e-09, 4.58363236255e-10, 4.46872094884e-10, 4.42759773289e-10, 2.22129301064e-10, 8.19154397091e-11, 5.74289713007e-11, 4.10964560993e-11, 6.56795728915e-11, 3.91160090429e-11, 3.62221121153e-11, 3.60811484856e-11, 2.809182921e-11, 3.10467519749e-11, 1.57793136196e-11, 3.66498706383e-11, 2.83536735757e-11, 3.65007329917e-11, 4.0609886981e-11, 1.20289481501e-11, 8.9412496504e-12, 6.70822902435e-12]
    },
    "mfcc": {
        "mean": [-674.836547852, 98.8084411621, 5.07979011536, 4.92104387283, -3.66920542717, -0.7711404562, -1.90724527836, -0.0894877538085, -1.22976875305, 6.07028532028, 1.82925581932, 5.83244419098, 3.06532716751],
        "cov": [[13238.7558594, 408.052734375, 745.878723145, 783.846191406, 599.661437988, 810.409118652, 261.74029541, 265.102600098, 308.858337402, 99.6395111084, 177.774200439, 34.679523468, 86.1682739258], [408.052734375, 2123.79467773, 286.260467529, 357.682281494, 515.888916016, 247.726425171, 450.931610107, 290.278717041, 119.20627594, 243.541397095, 16.5855140686, 97.1504745483, 87.3952331543], [745.878723145, 286.260467529, 1222.86047363, 661.688598633, 576.206542969, 498.011474609, 344.055419922, 319.593414307, 192.716308594, 93.3175048828, 92.0974807739, 40.368019104, 69.4924697876], [783.846191406, 357.682281494, 661.688598633, 680.892456055, 508.287994385, 439.021697998, 298.30581665, 275.322601318, 214.115921021, 105.871482849, 120.214790344, 66.9930114746, 73.1812896729], [599.661437988, 515.888916016, 576.206542969, 508.287994385, 596.310852051, 377.959838867, 323.052429199, 281.433624268, 188.699951172, 151.467788696, 79.7414016724, 67.1200714111, 68.6434631348], [810.409118652, 247.726425171, 498.011474609, 439.021697998, 377.959838867, 489.075439453, 298.41897583, 250.533126831, 225.922149658, 123.982978821, 157.897766113, 77.2688980103, 91.614616394], [261.74029541, 450.931610107, 344.055419922, 298.30581665, 323.052429199, 298.41897583, 409.092071533, 247.466064453, 186.867584229, 186.330444336, 93.7289428711, 67.5659866333, 104.571578979], [265.102600098, 290.278717041, 319.593414307, 275.322601318, 281.433624268, 250.533126831, 247.466064453, 266.704956055, 177.348083496, 138.008468628, 105.039779663, 79.5462341309, 83.9446258545], [308.858337402, 119.20627594, 192.716308594, 214.115921021, 188.699951172, 225.922149658, 186.867584229, 177.348083496, 232.186462402, 136.6456604, 130.044372559, 69.5281982422, 73.5835494995], [99.6395111084, 243.541397095, 93.3175048828, 105.871482849, 151.467788696, 123.982978821, 186.330444336, 138.008468628, 136.6456604, 214.085037231, 102.127449036, 76.1106414795, 79.9003677368], [177.774200439, 16.5855140686, 92.0974807739, 120.214790344, 79.7414016724, 157.897766113, 93.7289428711, 105.039779663, 130.044372559, 102.127449036, 184.2056427, 101.33707428, 77.7644119263], [34.679523468, 97.1504745483, 40.368019104, 66.9930114746, 67.1200714111, 77.2688980103, 67.5659866333, 79.5462341309, 69.5281982422, 76.1106414795, 101.33707428, 131.858627319, 93.2320022583], [86.1682739258, 87.3952331543, 69.4924697876, 73.1812896729, 68.6434631348, 91.614616394, 104.571578979, 83.9446258545, 73.5835494995, 79.9003677368, 77.7644119263, 93.2320022583, 143.088729858]],
