{
"lowlevel": {
    "average_loudness": 0.92347830534,
    "barkbands_crest": {
        "dmean": 2.87886381149,
        "dmean2": 4.29917430878,
        "dvar": 8.70137214661,
        "dvar2": 16.7674865723,
        "max": 26.6862945557,
        "mean": 13.3987598419,
        "median": 12.3799171448,
        "min": 2.57124972343,
        "var": 37.6953544617
    },
    "barkbands_flatness_db": {
        "dmean": 0.0280586462468,
        "dmean2": 0.0382000543177,
        "dvar": 0.00101978203747,
        "dvar2": 0.00197921297513,
        "max": 0.589522480965,
        "mean": 0.168862462044,
        "median": 0.153873354197,
        "min": 0.0219100955874,
        "var": 0.00813587009907
    },
    "barkbands_kurtosis": {
        "dmean": 8.41743946075,
        "dmean2": 12.0345277786,
        "dvar": 858.925842285,
        "dvar2": 1830.06677246,
        "max": 931.821838379,
        "mean": 13.1208925247,
        "median": 2.94258189201,
        "min": -1.92790389061,
        "var": 1680.27832031
    },
    "barkbands_skewness": {
        "dmean": 0.867615163326,
        "dmean2": 1.16463506222,
        "dvar": 1.33039855957,
        "dvar2": 2.5034763813,
        "max": 25.8788471222,
        "mean": 2.18728756905,
        "median": 1.70680689812,
        "min": -4.60630702972,
        "var": 6.01127624512
    },
    "barkbands_spread": {
        "dmean": 9.03806400299,
        "dmean2": 12.7443199158,
        "dvar": 157.116439819,
        "dvar2": 273.12020874,
        "max": 128.728744507,
        "mean": 30.8601284027,
        "median": 20.2763023376,
        "min": 0.0813482180238,
        "var": 786.966430664
    },
    "dissonance": {
        "dmean": 0.0211530402303,
        "dmean2": 0.0354584008455,
        "dvar": 0.000508031225763,
        "dvar2": 0.00138981291093,
        "max": 0.499999821186,
        "mean": 0.460212081671,
        "median": 0.469538390636,
        "min": 0.188520818949,
        "var": 0.00120409124065
    },
    "dynamic_complexity": 3.41626930237,
    "erbbands_crest": {
        "dmean": 2.84452176094,
        "dmean2": 4.61050653458,
        "dvar": 7.90109395981,
        "dvar2": 18.7557544708,
        "max": 31.6625976562,
        "mean": 9.38486671448,
        "median": 7.79416513443,
        "min": 2.42408680916,
        "var": 29.3653678894
    },
    "erbbands_flatness_db": {
        "dmean": 0.0187745224684,
        "dmean2": 0.0282614678144,
        "dvar": 0.000544856360648,
        "dvar2": 0.0011646306375,
        "max": 0.534951388836,
        "mean": 0.154153078794,
        "median": 0.131971806288,
        "min": 0.0431429669261,
        "var": 0.00537406466901
    },
    "erbbands_kurtosis": {
        "dmean": 1.44929563999,
        "dmean2": 2.22141957283,
        "dvar": 7.65717458725,
        "dvar2": 15.6696901321,
        "max": 90.7542114258,
        "mean": 1.35355317593,
        "median": -0.101502895355,
        "min": -1.81574320793,
        "var": 26.6591320038
    },
    "erbbands_skewness": {
        "dmean": 0.464732646942,
        "dmean2": 0.693057239056,
        "dvar": 0.210444480181,
        "dvar2": 0.454509705305,
        "max": 7.95451259613,
        "mean": 0.311996519566,
        "median": 0.222476452589,
        "min": -3.27909612656,
        "var": 1.31427717209
    },
    "erbbands_spread": {
        "dmean": 10.9990549088,
        "dmean2": 16.3897399902,
        "dvar": 143.859069824,
        "dvar2": 309.116851807,
        "max": 159.912200928,
        "mean": 48.9700202942,
        "median": 46.9750289917,
        "min": 2.29231500626,
        "var": 742.719543457
    },
    "hfc": {
        "dmean": 20.0126094818,
        "dmean2": 27.680223465,
        "dvar": 1811.6373291,
        "dvar2": 3756.92138672,
        "max": 414.719848633,
        "mean": 43.7391586304,
        "median": 20.2658557892,
        "min": 1.12385721105e-16,
        "var": 3922.28710938
    },
    "melbands_crest": {
        "dmean": 3.65012192726,
        "dmean2": 5.61550045013,
        "dvar": 13.7493610382,
        "dvar2": 30.0863399506,
        "max": 35.1842765808,
        "mean": 17.7639045715,
        "median": 16.8511047363,
        "min": 1.00187933445,
        "var": 48.5806045532
    },
    "melbands_flatness_db": {
        "dmean": 0.0350435301661,
        "dmean2": 0.0462289117277,
        "dvar": 0.00158490322065,
        "dvar2": 0.00299174431711,
        "max": 0.721441268921,
        "mean": 0.232645392418,
        "median": 0.223590120673,
        "min": 1.81202011618e-07,
        "var": 0.0120476000011
    },
    "melbands_kurtosis": {
        "dmean": 15.7843112946,
        "dmean2": 22.1803131104,
        "dvar": 897.62097168,
        "dvar2": 1764.0645752,
        "max": 555.387695312,
        "mean": 31.449508667,
        "median": 13.7189817429,
        "min": -1.78969955444,
        "var": 2700.01074219
    },
    "melbands_skewness": {
        "dmean": 1.08903050423,
        "dmean2": 1.51453089714,
        "dvar": 1.59716510773,
        "dvar2": 3.08945083618,
        "max": 19.4467067719,
        "mean": 3.81108140945,
        "median": 3.18644094467,
        "min": -2.48958468437,
        "var": 7.42988538742
    },
    "melbands_spread": {
        "dmean": 10.4926204681,
        "dmean2": 14.9880905151,
        "dvar": 294.87008667,
        "dvar2": 602.961730957,
        "max": 225.563354492,
        "mean": 27.0972499847,
        "median": 15.3519573212,
        "min": 0.22090472281,
        "var": 926.626403809
    },
    "pitch_salience": {
        "dmean": 0.0811169296503,
        "dmean2": 0.119100116193,
        "dvar": 0.00703809270635,
        "dvar2": 0.0146610625088,
        "max": 0.996012151241,
        "mean": 0.464741706848,
        "median": 0.489344000816,
        "min": 0.0389602780342,
        "var": 0.0296229179949
    },
    "silence_rate_20dB": {
        "dmean": 0,
        "dmean2": 0,
        "dvar": 0,
        "dvar2": 0,
        "max": 1,
        "mean": 1,
        "median": 1,
        "min": 1,
        "var": 0
    },
    "silence_rate_30dB": {
        "dmean": 0.0103220874444,
        "dmean2": 0.0206461474299,
        "dvar": 0.0102157620713,
        "dvar2": 0.0286321248859,
        "max": 1,
        "mean": 0.992068052292,
        "median": 1,
        "min": 0,
        "var": 0.0078676873818
    },
    "silence_rate_60dB": {
        "dmean": 0.00993978790939,
        "dmean2": 0.0198814757168,
        "dvar": 0.00984135270119,
        "dvar2": 0.0219727735966,
        "max": 1,
        "mean": 0.035168197006,
        "median": 0,
        "min": 0,
        "var": 0.0339305736125
    },
    "spectral_centroid": {
        "dmean": 327.326019287,
        "dmean2": 471.970458984,
        "dvar": 160024.375,
        "dvar2": 299525.78125,
        "max": 11298.1474609,
        "mean": 1511.86083984,
        "median": 1298.17980957,
        "min": 97.0598297119,
        "var": 970522.25
    },
    "spectral_complexity": {
        "dmean": 3.93997907639,
        "dmean2": 6.01299953461,
        "dvar": 19.7972297668,
        "dvar2": 40.4810142517,
        "max": 55,
        "mean": 17.122133255,
        "median": 14,
        "min": 0,
        "var": 106.782493591
    },
    "spectral_decrease": {
        "dmean": 2.74476508189e-09,
        "dmean2": 3.89181264993e-09,
        "dvar": 1.18380563702e-17,
        "dvar2": 1.77519179852e-17,
        "max": 1.85299012245e-10,
        "mean": -9.51459711018e-09,
        "median": -6.95072710499e-09,
        "min": -3.26809015405e-08,
        "var": 6.24880689736e-17
    },
    "spectral_energy": {
        "dmean": 0.0115425996482,
        "dmean2": 0.016461417079,
        "dvar": 0.000190599253983,
        "dvar2": 0.000311456096824,
        "max": 0.127838879824,
        "mean": 0.0398775078356,
        "median": 0.0321807712317,
        "min": 1.01279759941e-20,
        "var": 0.000929777161218
    },
    "spectral_energyband_high": {
        "dmean": 0.00180762668606,
        "dmean2": 0.00249713216908,
        "dvar": 1.73296630237e-05,
        "dvar2": 3.56061682396e-05,
        "max": 0.0365920029581,
        "mean": 0.00350946793333,
        "median": 0.000809819321148,
        "min": 7.34192263888e-21,
        "var": 3.63941580872e-05
    },
    "spectral_energyband_low": {
        "dmean": 0.00751274218783,
        "dmean2": 0.0109439091757,
        "dvar": 0.000174209824763,
        "dvar2": 0.000285360321868,
        "max": 0.111517742276,
        "mean": 0.0214153714478,
        "median": 0.012192029506,
        "min": 4.58809454194e-23,
        "var": 0.000715864473023
    },
    "spectral_energyband_middle_high": {
        "dmean": 0.00176132749766,
        "dmean2": 0.00269462843426,
        "dvar": 8.63133391249e-06,
        "dvar2": 1.9512792278e-05,
        "max": 0.0507011525333,
        "mean": 0.00435956148431,
        "median": 0.00224566482939,
        "min": 1.35306442303e-21,
        "var": 3.59050827683e-05
    },
    "spectral_energyband_middle_low": {
        "dmean": 0.00772106973454,
        "dmean2": 0.0123600466177,
        "dvar": 0.000211276506889,
        "dvar2": 0.000498829060234,
        "max": 0.124038591981,
        "mean": 0.0122663350776,
        "median": 0.00556856486946,
        "min": 2.04023461949e-22,
        "var": 0.000275580881862
    },
    "spectral_entropy": {
        "dmean": 0.20792542398,
        "dmean2": 0.304666191339,
        "dvar": 0.0662875846028,
        "dvar2": 0.136027336121,
        "max": 9.81200504303,
        "mean": 7.64711284637,
        "median": 7.78625011444,
        "min": 5.03569078445,
        "var": 0.530558347702
    },
    "spectral_flux": {
        "dmean": 0.0337394177914,
        "dmean2": 0.0426561757922,
        "dvar": 0.00131150742527,
        "dvar2": 0.00173515430652,
        "max": 0.345842391253,
        "mean": 0.10690703243,
        "median": 0.0912792235613,
        "min": 6.42124131645e-11,
        "var": 0.00544991111383
    },
    "spectral_kurtosis": {
        "dmean": 2.09014391899,
        "dmean2": 3.40266752243,
        "dvar": 23.5607872009,
        "dvar2": 62.606086731,
        "max": 111.199234009,
        "mean": 4.55186367035,
        "median": 2.02917671204,
        "min": -1.51166903973,
        "var": 59.1600189209
    },
    "spectral_rms": {
        "dmean": 0.000933377014007,
        "dmean2": 0.00129950535484,
        "dvar": 1.16841067666e-06,
        "dvar2": 2.01926695809e-06,
        "max": 0.0111678494141,
        "mean": 0.00569359585643,
        "median": 0.00560320168734,
        "min": 3.14339830207e-12,
        "var": 6.48788636681e-06
    },
    "spectral_rolloff": {
        "dmean": 986.310241699,
        "dmean2": 1490.09204102,
        "dvar": 3884617.75,
        "dvar2": 6335694,
        "max": 19099.9511719,
        "mean": 2684.82373047,
        "median": 818.26171875,
        "min": 64.599609375,
        "var": 13527168
    },
    "spectral_skewness": {
        "dmean": 0.265997976065,
        "dmean2": 0.405582398176,
        "dvar": 0.144587546587,
        "dvar2": 0.355463445187,
        "max": 8.18675231934,
        "mean": 1.4719825983,
        "median": 1.24959504604,
        "min": -0.297271460295,
        "var": 0.711679935455
    },
    "spectral_spread": {
        "dmean": 764975.9375,
        "dmean2": 1080348,
        "dvar": 1.33488810394e+12,
        "dvar2": 2.25425883136e+12,
        "max": 42594748,
        "mean": 6252018.5,
        "median": 5971667,
        "min": 644454.4375,
        "var": 1.00428278661e+13
    },
    "spectral_strongpeak": {
        "dmean": 0.398144900799,
        "dmean2": 0.673197567463,
        "dvar": 0.750586330891,
        "dvar2": 2.00370907784,
        "max": 14.9848384857,
        "mean": 0.799975395203,
        "median": 0.48217099905,
        "min": 0,
        "var": 1.17105436325
    },
    "zerocrossingrate": {
        "dmean": 0.0206921491772,
        "dmean2": 0.0204286575317,
        "dvar": 0.000828832970001,
        "dvar2": 0.000791964062955,
        "max": 0.52734375,
        "mean": 0.0865396410227,
        "median": 0.0537109375,
        "min": 0.001953125,
        "var": 0.00723690073937
    },
    "barkbands": {
        "dmean": [0.000310828909278, 0.00727510126308, 0.00396407907829, 0.00330626545474, 0.00324095808901, 0.00198815856129, 0.000974200258497, 0.000362887629308, 0.000468520825962, 0.000671412621159, 0.000349346344592, 0.00057984131854, 0.000187834739336, 0.00028345247847, 0.000305137742544, 0.000128566534841, 0.000154262772412, 0.000153388667968, 0.000107143176137, 0.00014507069136, 0.000147989776451, 0.00017863237008, 0.000321516243275, 0.000319139886415, 0.000608038622886, 0.000367499364074, 2.51204637607e-05],
        "dmean2": [0.000451758591225, 0.00879911147058, 0.00662712892517, 0.00608620420098, 0.00578834023327, 0.00310910562985, 0.00151742855087, 0.000583647924941, 0.000754480424803, 0.00109696551226, 0.000575824640691, 0.000902187544852, 0.000307413632981, 0.000472182378871, 0.000498712121043, 0.000208256344195, 0.000254255806794, 0.000253940612311, 0.000170884843101, 0.000230269055464, 0.000231389698456, 0.000269623909844, 0.000483100156998, 0.000455049274024, 0.000844677968416, 0.000525544513948, 4.01902470912e-05],
        "dvar": [6.63593993977e-07, 0.000150303691044, 0.00013176954235, 0.00010718627891, 7.27383594494e-05, 1.55884190463e-05, 4.48853961643e-06, 1.18764000945e-06, 1.12773409455e-06, 1.70609746419e-06, 7.09824917067e-07, 2.81794405055e-06, 3.65393930224e-07, 3.58718210691e-07, 8.52898210724e-07, 9.17838178793e-08, 1.36864230171e-07, 1.27231970737e-07, 3.19522968084e-08, 5.69995570743e-08, 6.88950407834e-08, 1.08107677477e-07, 4.49248176437e-07, 4.3960307039e-07, 2.52744348472e-06, 1.13542023428e-06, 2.11211848011e-08],
        "dvar2": [1.66326447015e-06, 0.000159449569765, 0.000325717846863, 0.000303571694531, 0.000202084556804, 3.48341236531e-05, 9.75185503194e-06, 2.64945083472e-06, 2.78481411442e-06, 3.98101565224e-06, 1.80760957846e-06, 6.34787329545e-06, 8.73264127677e-07, 9.11762583655e-07, 2.07448488254e-06, 2.24029122364e-07, 3.76095385946e-07, 3.32012405124e-07, 7.68077654811e-08, 1.35232284038e-07, 1.64882749232e-07, 2.51244472338e-07, 9.577287301e-07, 8.86923999133e-07, 5.38878521184e-06, 2.43872659667e-06, 5.09373947466e-08],
        "max": [0.0238045938313, 0.107513330877, 0.0725728422403, 0.0711609274149, 0.0638402327895, 0.118903495371, 0.054048396647, 0.0278329309076, 0.034263651818, 0.0290953144431, 0.0263062268496, 0.0489655211568, 0.0181129481643, 0.0152687299997, 0.0191669017076, 0.0090770246461, 0.00711929984391, 0.00803036242723, 0.00354174547829, 0.00375550845638, 0.00441477866843, 0.00461902888492, 0.00750214466825, 0.00824998412281, 0.01377298031, 0.0154874268919, 0.00391091359779],
        "mean": [0.00035150378244, 0.0162334144115, 0.00343195302412, 0.00250702747144, 0.00272361352108, 0.00368181802332, 0.00174816814251, 0.000466397905257, 0.000643855601083, 0.000998582458124, 0.000442681863206, 0.00103874551132, 0.00026145845186, 0.000416339578805, 0.000373759743525, 0.000193599786144, 0.000244473485509, 0.000248325930443, 0.000207181161386, 0.000308526854496, 0.000300324463751, 0.000330187060172, 0.000570404401515, 0.000643601641059, 0.000938086246606, 0.000529500539415, 4.39807590737e-05],
        "median": [2.45077244472e-05, 0.00878386385739, 0.000724458834156, 0.000494499050546, 0.000655066687614, 0.000951336987782, 0.000298090279102, 0.000108455642476, 0.000312030024361, 0.00041404881631, 0.000147500279127, 0.000152945285663, 7.87107783253e-05, 0.000136506074341, 8.69262003107e-05, 6.43861785647e-05, 7.73380816099e-05, 0.00010081360233, 7.74765503593e-05, 0.000118809577543, 9.22371691559e-05, 9.14239062695e-05, 0.000124574347865, 9.48703527683e-05, 6.94279224263e-05, 2.38624124904e-05, 9.24286382542e-07],
        "min": [3.43994788407e-24, 5.49272962025e-24, 9.66667313359e-24, 4.64448326608e-24, 2.715115032e-23, 1.75912447767e-23, 1.33587062531e-23, 2.7411427087e-23, 4.13575317919e-23, 2.68902519305e-23, 2.5888114591e-23, 4.03133008345e-23, 4.89110232653e-23, 6.33419965924e-23, 7.90505648654e-23, 8.01541181629e-23, 9.45733847942e-23, 1.16711453435e-22, 1.41560193296e-22, 2.45788055434e-22, 2.72543617254e-22, 4.71581301577e-22, 4.23568727774e-22, 7.44904969737e-22, 9.91819543787e-22, 1.34797330407e-21, 2.23684501036e-21],
        "var": [8.64827370606e-07, 0.000563782872632, 0.000106093051727, 6.30432259641e-05, 4.79044574604e-05, 6.12042931607e-05, 1.80127153726e-05, 2.15882823795e-06, 1.64133405178e-06, 3.90310697185e-06, 1.12460634227e-06, 1.19604346764e-05, 7.21806486581e-07, 7.28266741135e-07, 9.72820316747e-07, 1.51297754769e-07, 2.65736360916e-07, 1.55250958755e-07, 8.87286191187e-08, 1.72983035895e-07, 1.94565288325e-07, 2.33555752516e-07, 8.70910241701e-07, 1.10524069896e-06, 4.16172406403e-06, 2.32722868532e-06, 6.75105695791e-08]
    },
    "erbbands": {
        "dmean": [0.245008781552, 1.66656851768, 3.88515257835, 8.22131824493, 10.6825447083, 10.8260631561, 14.2008047104, 15.5445709229, 17.3099155426, 8.57301330566, 6.54678630829, 10.7843847275, 22.458398819, 14.1563272476, 14.33335495, 23.3228034973, 9.40351009369, 13.2977457047, 16.8680686951, 9.36898231506, 6.60684299469, 7.82848119736, 8.97942256927, 5.99277877808, 6.15292167664, 6.39636325836, 6.41758155823, 5.91235685349, 6.74546766281, 7.18942499161, 9.18221950531, 6.06991529465, 6.40722084045, 6.50196313858, 4.6333823204, 1.95401144028, 0.630565583706, 0.0881754010916, 0.00211103563197, 8.04216761026e-05],
        "dmean2": [0.280255973339, 2.03200984001, 5.8964676857, 14.2932939529, 19.1963748932, 19.7060909271, 23.2306232452, 24.0350856781, 26.6366672516, 13.7775774002, 10.7004585266, 17.2157478333, 36.3970184326, 23.1047592163, 22.2497596741, 36.5334625244, 15.0507659912, 22.0830020905, 27.5146484375, 15.2666034698, 10.7014875412, 12.8291511536, 14.8419427872, 9.70145606995, 9.74533176422, 10.1227445602, 10.3434238434, 8.91859722137, 10.0478096008, 11.1157941818, 14.0016021729, 8.55699539185, 9.27559947968, 8.93534374237, 6.6254324913, 2.75667452812, 0.925398051739, 0.130897045135, 0.00312415789813, 0.000114896160085],
        "dvar": [0.220285773277, 7.75869750977, 97.5740356445, 586.3828125, 993.536071777, 846.051147461, 917.62890625, 1144.30493164, 1501.95715332, 464.397918701, 327.579223633, 570.861633301, 1912.87731934, 940.74987793, 1620.26245117, 5933.72363281, 652.912780762, 863.05645752, 2721.32006836, 401.995025635, 199.907180786, 331.555786133, 555.429016113, 108.237571716, 108.805503845, 110.546531677, 126.01235199, 161.04649353, 149.921203613, 187.581161499, 393.681365967, 160.049438477, 184.827575684, 257.032318115, 165.368347168, 31.4593544006, 3.71039247513, 0.136619001627, 8.37934276205e-05, 5.36013331498e-08],
        "dvar2": [0.227779611945, 8.85634803772, 223.014892578, 1564.33154297, 2730.22949219, 2392.45385742, 2034.74035645, 2534.72021484, 3237.80957031, 1089.30358887, 819.180847168, 1368.05053711, 4637.42675781, 2301.30126953, 3458.29443359, 13366.7470703, 1553.6685791, 2196.14916992, 6619.01904297, 996.317321777, 514.598327637, 897.640014648, 1464.80285645, 274.00088501, 261.003967285, 262.693328857, 320.758148193, 378.17980957, 341.276977539, 419.990631104, 862.669555664, 321.579284668, 372.845214844, 516.042419434, 376.22869873, 69.0530471802, 8.43003845215, 0.283890485764, 0.000176588873728, 1.10495101069e-07],
        "max": [4.67977428436, 26.1386184692, 67.8877258301, 161.358627319, 214.280578613, 214.60357666, 997.892883301, 755.484802246, 1011.77154541, 549.7578125, 533.82800293, 621.831970215, 1239.85876465, 738.369567871, 1401.90026855, 2452.64404297, 756.912902832, 755.761535645, 1150.50683594, 703.797912598, 280.402130127, 375.439971924, 551.280456543, 181.092697144, 185.074462891, 160.86151123, 208.398742676, 244.282546997, 151.375366211, 212.004455566, 243.468276978, 172.044830322, 162.551239014, 156.173538208, 111.370635986, 54.2399940491, 36.1915473938, 11.1041297913, 0.258769392967, 0.00570458825678],
        "mean": [0.467221468687, 3.59295678139, 4.63721513748, 6.89965009689, 8.13191986084, 9.10236167908, 21.5000667572, 28.557975769, 33.3382301331, 12.5982189178, 8.37770271301, 15.5089969635, 33.2519264221, 21.0279006958, 20.495967865, 43.3034477234, 15.721405983, 20.5866527557, 21.0157146454, 14.8175096512, 11.6763238907, 13.3959112167, 13.8274860382, 11.6036548615, 11.912776947, 13.957613945, 13.5714321136, 11.0138607025, 12.3375892639, 12.9778814316, 15.9707670212, 12.2074165344, 12.3630723953, 10.8466300964, 6.40967178345, 2.64248228073, 0.897509932518, 0.173099368811, 0.00408102665097, 0.000170705563505],
        "median": [0.0932911559939, 2.34215903282, 1.76277518272, 1.80543112755, 1.95495510101, 2.40344572067, 4.65051174164, 7.08882236481, 5.7518415451, 3.22280454636, 3.41978168488, 7.41056632996, 13.6457901001, 8.48942756653, 6.06124401093, 6.21229839325, 4.73098564148, 7.23733997345, 6.78452539444, 4.87893533707, 3.98543930054, 4.98326063156, 5.33246803284, 4.70431423187, 4.43710517883, 5.57991790771, 4.36465644836, 3.34265184402, 3.21607923508, 3.48217344284, 3.3038828373, 1.9500695467, 1.65351498127, 0.938295006752, 0.392384558916, 0.163369655609, 0.0285220257938, 0.00503819063306, 0.000162918790011, 6.82524987496e-05],
        "min": [3.1893674166e-22, 1.44440002606e-21, 1.00570185994e-20, 2.50767008214e-20, 3.36387988743e-20, 5.7317128252e-20, 1.39969958561e-19, 1.2465748833e-19, 1.43308666309e-19, 3.00817490494e-19, 5.42947550503e-19, 9.43954837e-19, 9.73642866173e-19, 1.73077389535e-18, 1.6464981496e-18, 2.22954870867e-18, 2.4742909792e-18, 2.94243177893e-18, 5.56888139104e-18, 3.8849075136e-18, 4.45535649302e-18, 6.59474871878e-18, 7.64274850457e-18, 8.49955789949e-18, 7.31322290959e-18, 1.06034520828e-17, 9.25316410528e-18, 1.16339925675e-17, 1.53360278184e-17, 1.31761144824e-17, 1.17262430581e-17, 1.4437621992e-17, 1.27234456825e-17, 1.11077766577e-17, 7.41391064247e-18, 4.83911825282e-18, 2.25750762017e-18, 1.07067942383e-18, 3.1026004153e-19, 3.502919578e-20],
        "var": [0.727452278137, 25.8642215729, 104.894844055, 404.042755127, 626.841064453, 538.703674316, 2886.76586914, 3557.77978516, 6305.51123047, 1006.23950195, 371.596710205, 968.86505127, 4090.17504883, 1602.97070312, 3468.7512207, 24219.0371094, 1673.40063477, 1819.40979004, 2715.59179688, 839.334472656, 427.26776123, 657.342529297, 598.86529541, 279.165771484, 289.060760498, 348.720428467, 400.658111572, 303.336273193, 328.184692383, 380.884857178, 726.929321289, 393.344055176, 439.290863037, 467.817169189, 236.748428345, 46.9479598999, 8.5233001709, 0.676894962788, 0.00037536356831, 2.10814135926e-07]
    },
    "gfcc": {
        "mean": [-7.18847227097, 75.1165390015, -99.4130172729, 35.1676940918, -56.0537986755, 24.7143630981, -32.5793418884, 12.0656394958, -21.8941516876, 2.5679898262, -11.553937912, 2.12951087952, -4.15339326859],
        "cov": [[13834.46875, -3518.34960938, 2113.84106445, 600.125610352, -1336.27587891, 842.468200684, -1130.19555664, 472.079437256, -662.78326416, 1026.84094238, -181.158935547, 639.486450195, -371.057067871], [-3518.34960938, 3781.66577148, -744.473815918, -144.602996826, 472.882202148, -610.799926758, 468.074371338, -536.447265625, 383.325256348, -519.826293945, 390.56338501, -387.5362854, 196.988830566], [2113.84106445, -744.473815918, 1674.41943359, 76.2881011963, -211.17616272, 310.554199219, -300.694976807, 128.045623779, -234.365264893, 393.596374512, -23.9906902313, 246.737030029, -163.908798218], [600.125610352, -144.602996826, 76.2881011963, 772.847229004, 83.8754730225, 110.425811768, 117.198104858, 58.3042221069, 155.332229614, -43.5043869019, -11.7662372589, -27.2888278961, 51.4245567322], [-1336.27587891, 472.882202148, -211.17616272, 83.8754730225, 732.712341309, 7.92805528641, 352.410003662, 74.5678863525, 125.630912781, -89.9795074463, -9.47935771942, -50.9706115723, 51.2581367493], [842.468200684, -610.799926758, 310.554199219, 110.425811768, 7.92805528641, 435.352630615, 37.5794792175, 141.344528198, -46.0717430115, 156.996414185, -19.0763664246, 89.3219070435, -25.2661647797], [-1130.19555664, 468.074371338, -300.694976807, 117.198104858, 352.410003662, 37.5794792175, 438.311676025, 18.3432254791, 165.786209106, -114.96484375, 32.3353691101, -79.258102417, 54.8683395386], [472.079437256, -536.447265625, 128.045623779, 58.3042221069, 74.5678863525, 141.344528198, 18.3432254791, 261.661499023, -4.92427539825, 118.63747406, -47.0626296997, 73.1218490601, -4.17132091522], [-662.78326416, 383.325256348, -234.365264893, 155.332229614, 125.630912781, -46.0717430115, 165.786209106, -4.92427539825, 255.533828735, -55.9234428406, 70.1612625122, -67.7119522095, 48.0899772644], [1026.84094238, -519.826293945, 393.596374512, -43.5043869019, -89.9795074463, 156.996414185, -114.96484375, 118.63747406, -55.9234428406, 301.384674072, 32.5381240845, 138.867752075, -58.5263252258], [-181.158935547, 390.56338501, -23.9906902313, -11.7662372589, -9.47935771942, -19.0763664246, 32.3353691101, -47.0626296997, 70.1612625122, 32.5381240845, 191.457809448, 20.6850452423, 59.867855072], [639.486450195, -387.5362854, 246.737030029, -27.2888278961, -50.9706115723, 89.3219070435, -79.258102417, 73.1218490601, -67.7119522095, 138.867752075, 20.6850452423, 182.099639893, 12.2887859344], [-371.057067871, 196.988830566, -163.908798218, 51.4245567322, 51.2581367493, -25.2661647797, 54.8683395386, -4.17132091522, 48.0899772644, -58.5263252258, 59.867855072, 12.2887859344, 133.476577759]],
        "icov": [[0.00016054410662, -3.63126418961e-05, 3.23863423546e-05, -0.000242922993493, 0.000175261826371, -0.000116763767437, 0.000175962981302, -0.000126489030663, 0.000246788724326, -0.000266409682808, 4.81624847453e-05, -0.00021573950653, 0.000260093424004], [-3.63126418961e-05, 0.00106333824806, -0.000389132386772, 0.00040268630255, -0.000514204904903, 0.000731901440304, -0.000482815899886, 0.00108297285624, -0.000469876307761, 0.000771951570641, -0.00175741640851, 0.00130407395773, -0.000558964384254], [3.23863423546e-05, -0.000389132386772, 0.00131362071261, -0.000569565279875, 7.10186868673e-05, -0.000586305512115, 0.000567329290789, -0.000219318375457, 0.000817529042251, -0.00101303611882, 0.000333764357492, -0.00121661718003, 0.00134213117417], [-0.000242922993493, 0.00040268630255, -0.000569565279875, 0.00229460932314, -0.000323624699377, -0.000134502275614, -0.000393683556467, 0.000360266538337, -0.00197940203361, 0.00120727834292, 1.11070357889e-05, 0.000923503946979, -0.00142865639646], [0.000175261826371, -0.000514204904903, 7.10186868673e-05, -0.000323624699377, 0.00278945313767, -6.30176436971e-05, -0.00159991369583, -0.00126973027363, 0.000408554129535, -0.000527757336386, 0.00128794985358, -0.000828847521916, 0.0001128666554], [-0.000116763767437, 0.000731901440304, -0.000586305512115, -0.000134502275614, -6.30176436971e-05, 0.00434056669474, -0.00190513965208, -0.000195872620679, 0.000628273643088, -0.00084637326654, -0.000942987913731, 0.000878395745531, -0.000705445359927], [0.000175962981302, -0.000482815899886, 0.000567329290789, -0.000393683556467, -0.00159991369583, -0.00190513965208, 0.00584125332534, -0.000741620489862, -0.0014845894184, 0.000920675462112, -8.37630504975e-05, -0.000451461994089, 0.000897211953998], [-0.000126489030663, 0.00108297285624, -0.000219318375457, 0.000360266538337, -0.00126973027363, -0.000195872620679, -0.000741620489862, 0.00772539200261, -0.00133776280563, -0.0019893378485, 0.00110126391519, 0.000464797776658, -0.00228825979866], [0.000246788724326, -0.000469876307761, 0.000817529042251, -0.00197940203361, 0.000408554129535, 0.000628273643088, -0.0014845894184, -0.00133776280563, 0.00835929159075, -0.00194438290782, -0.00185060012154, 0.00119159149472, 0.000532563542947], [-0.000266409682808, 0.000771951570641, -0.00101303611882, 0.00120727834292, -0.000527757336386, -0.00084637326654, 0.000920675462112, -0.0019893378485, -0.00194438290782, 0.0107439914718, -0.00459626549855, -0.00304947071709, 0.00376664847136], [4.81624847453e-05, -0.00175741640851, 0.000333764357492, 1.11070357889e-05, 0.00128794985358, -0.000942987913731, -8.37630504975e-05, 0.00110126391519, -0.00185060012154, -0.00459626549855, 0.012123990804, -0.00230259960517, -0.00404568435624], [-0.00021573950653, 0.00130407395773, -0.00121661718003, 0.000923503946979, -0.000828847521916, 0.000878395745531, -0.000451461994089, 0.000464797776658, 0.00119159149472, -0.00304947071709, -0.00230259960517, 0.0131757408381, -0.00563616584986], [0.000260093424004, -0.000558964384254, 0.00134213117417, -0.00142865639646, 0.0001128666554, -0.000705445359927, 0.000897211953998, -0.00228825979866, 0.000532563542947, 0.00376664847136, -0.00404568435624, -0.00563616584986, 0.0144144892693]]
    },
    "melbands": {
        "dmean": [0.0020800253842, 0.00170883978717, 0.00142104330007, 0.00076988368528, 0.000467723235488, 0.000361256679753, 0.000236336665694, 9.12256655283e-05, 5.47043164261e-05, 7.19405070413e-05, 0.000114057867904, 5.87831855228e-05, 4.48327991762e-05, 5.91696116317e-05, 4.67421377834e-05, 1.89988786587e-05, 2.81441170955e-05, 2.78472034552e-05, 2.04226980713e-05, 9.93093999568e-06, 8.54337940837e-06, 1.00457018561e-05, 6.77483376421e-06, 7.51320885684e-06, 5.11990992891e-06, 3.73582201973e-06, 6.05929881203e-06, 4.25055304731e-06, 4.27320810559e-06, 3.9821725295e-06, 3.71638111574e-06, 4.26127053288e-06, 3.26762642544e-06, 4.82106361233e-06, 5.89867750023e-06, 4.63081141788e-06, 3.57870908374e-06, 4.68116832053e-06, 4.6644881877e-06, 6.29050600764e-06],
        "dmean2": [0.0024091261439, 0.00220688828267, 0.00240667792968, 0.0013809587108, 0.000779993191827, 0.000560390355531, 0.000364571489627, 0.000147244776599, 8.95712873898e-05, 0.000115158771223, 0.000185261626029, 9.60436373134e-05, 7.14426641935e-05, 9.16228964343e-05, 7.23283883417e-05, 3.13409982482e-05, 4.71663042845e-05, 4.56648303953e-05, 3.35230906785e-05, 1.61873031175e-05, 1.4021545212e-05, 1.66344852914e-05, 1.11172457764e-05, 1.24802581922e-05, 8.30630506243e-06, 6.03528087595e-06, 9.65248818829e-06, 6.76374338582e-06, 6.9841835284e-06, 6.35253809378e-06, 5.71265218241e-06, 6.48786681268e-06, 5.03331602886e-06, 7.62204990679e-06, 9.22384242585e-06, 6.75575074638e-06, 5.21774882145e-06, 6.87462988935e-06, 7.22818685972e-06, 8.78403534443e-06],
        "dvar": [1.33523144541e-05, 1.1557110156e-05, 1.60630370374e-05, 4.69494807476e-06, 8.21461128453e-07, 5.34117873485e-07, 2.67281649258e-07, 6.10599997231e-08, 2.37968276195e-08, 2.50690295189e-08, 4.98609615818e-08, 1.71654761516e-08, 1.20900418565e-08, 3.15696162545e-08, 2.45765949813e-08, 4.70316408041e-09, 4.09105105348e-09, 6.38585895274e-09, 2.71874811553e-09, 6.19004458802e-10, 4.05483729926e-10, 6.5513722225e-10, 2.09343001267e-10, 3.67497587916e-10, 8.68858734959e-11, 4.1741273632e-11, 1.09888362299e-10, 5.25151762354e-11, 6.82255779649e-11, 4.87180851216e-11, 9.27387194816e-11, 6.56477996963e-11, 3.74879398357e-11, 8.52661413697e-11, 1.73555225746e-10, 8.84733397655e-11, 5.63315782909e-11, 1.01276612097e-10, 1.00820060633e-10, 2.54107651587e-10],
        "dvar2": [1.36469043355e-05, 2.25238472922e-05, 4.13413945353e-05, 1.29004529299e-05, 1.94452240976e-06, 1.17811543987e-06, 5.79777577059e-07, 1.38306290864e-07, 5.99800529244e-08, 5.98644191996e-08, 1.20577169582e-07, 4.09796570011e-08, 2.73378049087e-08, 6.84884966518e-08, 5.08490529683e-08, 1.178241682e-08, 1.05588267019e-08, 1.55374664246e-08, 6.61601262664e-09, 1.50357049034e-09, 1.07287256856e-09, 1.79856773919e-09, 5.35517408196e-10, 9.69722302457e-10, 2.20844495469e-10, 1.01980937584e-10, 2.68469191322e-10, 1.27403920747e-10, 1.77767731091e-10, 1.19353318895e-10, 2.3194625387e-10, 1.55783982936e-10, 8.59947321685e-11, 1.9380347327e-10, 3.9272132768e-10, 1.83238910156e-10, 1.18301674012e-10, 1.91750754164e-10, 2.29871718882e-10, 5.18293019613e-10],
        "max": [0.0324094966054, 0.0260353405029, 0.0272455960512, 0.0149843469262, 0.0256414692849, 0.016837246716, 0.0132660763338, 0.00650356803089, 0.00597534421831, 0.00377757963724, 0.00608887616545, 0.00315444078296, 0.00374427856877, 0.00534782977775, 0.00444701733068, 0.00221552303992, 0.00173410377465, 0.00171590293758, 0.00195062789135, 0.000935500022024, 0.000428415893111, 0.000556947954465, 0.000253511709161, 0.000461563788122, 0.000170005907421, 0.000114947113616, 0.000175023975316, 0.000121907673019, 0.000196890658117, 0.000144244375406, 0.000200904571102, 0.000114842048788, 0.000127906067064, 0.000125185513753, 0.000161330404808, 0.000109122920549, 0.000119367592561, 0.00013585567649, 0.000111820925667, 0.000151150903548],
        "mean": [0.00443892925978, 0.00334050646052, 0.00123394548427, 0.000601809239015, 0.000667371263262, 0.00069036061177, 0.00044981110841, 0.000120744014566, 6.73427712172e-05, 0.000101636978798, 0.000166360099684, 8.53615783853e-05, 5.90220006416e-05, 0.000101829056803, 8.07619726402e-05, 2.58673826465e-05, 4.0998977056e-05, 3.33657008014e-05, 2.74735321e-05, 1.46637421494e-05, 1.41525670188e-05, 1.59208102559e-05, 1.04945611383e-05, 1.15657230708e-05, 9.37566983339e-06, 6.63343098495e-06, 1.08848489617e-05, 8.79793333297e-06, 8.4159846665e-06, 7.61783849157e-06, 6.02860427534e-06, 7.41612302591e-06, 5.74657406105e-06, 8.06102980278e-06, 9.41722100833e-06, 8.77059301274e-06, 6.89554099154e-06, 8.5716292233e-06, 8.87680471351e-06, 9.38175799092e-06],
        "median": [0.0016549116699, 0.00202642707154, 0.000346340733813, 0.000144715071656, 0.000160484312801, 0.000177555513801, 7.87025128375e-05, 2.6104022254e-05, 2.82276469079e-05, 4.65218399768e-05, 6.60045334371e-05, 3.16233599733e-05, 1.96233613678e-05, 1.55898051162e-05, 1.28357060021e-05, 7.77435161581e-06, 1.30976332002e-05, 1.0592637409e-05, 6.41353653918e-06, 5.09555320605e-06, 3.82932103093e-06, 4.97365272167e-06, 3.35253798767e-06, 4.7710545914e-06, 3.13546524922e-06, 2.31469402934e-06, 3.49361289409e-06, 3.23518361256e-06, 2.47890511673e-06, 2.2347446702e-06, 1.63892093497e-06, 1.84540658665e-06, 1.41193072523e-06, 2.12165355151e-06, 1.98034422283e-06, 1.43762861171e-06, 1.0227167877e-06, 1.11700580874e-06, 9.89187810774e-07, 6.45467991944e-07],
        "min": [2.62852654304e-24, 4.7223343711e-24, 4.50865403998e-24, 2.8533994299e-24, 3.80350429301e-24, 3.03770731407e-24, 2.18500231807e-24, 3.21249542206e-24, 4.23716124856e-24, 6.24107541824e-24, 5.11228646035e-24, 6.73368907683e-24, 4.59012522769e-24, 3.34949235952e-24, 5.09966981346e-24, 4.47427272072e-24, 5.29463126416e-24, 6.58925061724e-24, 6.20363923512e-24, 4.49608393588e-24, 3.98604986192e-24, 5.5826061209e-24, 6.60266401364e-24, 3.99218088887e-24, 7.1067800531e-24, 4.12172249913e-24, 8.32123220555e-24, 6.28410423074e-24, 5.7081355846e-24, 4.21901271457e-24, 5.30902915897e-24, 8.5529309086e-24, 8.20646872106e-24, 5.52651850497e-24, 5.17928599475e-24, 8.51703300425e-24, 7.80078280105e-24, 9.00431317427e-24, 8.04291734502e-24, 9.15672977862e-24],
        "var": [4.95153290103e-05, 2.46966064879e-05, 1.19678970805e-05, 2.997808906e-06, 2.22038579523e-06, 1.87198202184e-06, 1.11643464606e-06, 1.23485662584e-07, 2.43664981525e-08, 4.40602079266e-08, 1.07522858173e-07, 3.06515133275e-08, 2.3739074706e-08, 1.14827379605e-07, 8.72439755994e-08, 8.0208106823e-09, 8.13603495686e-09, 6.48743769815e-09, 4.58381554935e-09, 1.04488340202e-09, 8.39934677366e-10, 1.25609467272e-09, 3.104694557e-10, 3.79712206122e-10, 2.16420326105e-10, 9.65095642291e-11, 2.53642190584e-10, 1.56284790664e-10, 1.92077895256e-10, 1.2412722239e-10, 1.24631818754e-10, 1.26811838808e-10, 7.89455376071e-11, 1.56912371985e-10, 2.75582195952e-10, 2.13158490858e-10, 1.31015254201e-10, 2.21433080205e-10, 2.37147468329e-10, 4.12078204892e-10]
    },
    "mfcc": {
        "mean": [-653.323669434, 103.225990295, 19.0463809967, 17.8953094482, 8.41458702087, 9.4377412796, 6.59398603439, 7.51465463638, 2.24134325981, 5.13028478622, -2.96109414101, -1.74936401844, -2.58251476288],
        "cov": [[9871.27929688, -2318.10864258, 1569.51513672, -131.379730225, 6.40599536896, 106.735984802, -62.6711921692, -418.014007568, -191.67855835, -124.890426636, 1.3968487978, 201.922393799, 426.98260498], [-2318.10864258, 3078.05297852, -413.887939453, 133.821655273, -68.0259246826, -14.2084112167, -12.147356987, -44.8070755005, -194.424865723, -65.6115264893, -56.9301605225, 92.8896865845, -28.2216377258], [1569.51513672, -413.887939453, 1263.61120605, -23.0548610687, 43.9634857178, 97.3467178345, 13.6736593246, -152.644226074, -117.180252075, -88.4894714355, 47.5039863586, 135.398956299, 165.235824585], [-131.379730225, 133.821655273, -23.0548610687, 592.574829102, 116.257705688, 115.395217896, -2.48778605461, 139.724822998, 103.676345825, 89.6995162964, 43.3190574646, -13.1122016907, -65.3195877075], [6.40599536896, -68.0259246826, 43.9634857178, 116.257705688, 302.595672607, 56.5499916077, 100.12878418, 67.5237426758, 87.7409210205, 50.366558075, 37.7976951599, -5.33708286285, 2.04475474358], [106.735984802, -14.2084112167, 97.3467178345, 115.395217896, 56.5499916077, 291.945251465, 100.11769104, 94.6114196777, 50.2136802673, 63.498840332, 59.8096733093, 30.8595027924, 14.0856294632], [-62.6711921692, -12.147356987, 13.6736593246, -2.48778605461, 100.12878418, 100.11769104, 249.301467896, 95.1989212036, 72.3632888794, 57.1048622131, 27.9475231171, 1.24814295769, 26.467092514], [-418.014007568, -44.8070755005, -152.644226074, 139.724822998, 67.5237426758, 94.6114196777, 95.1989212036, 234.06300354, 135.400039673, 89.1202011108, 27.7253055573, -40.7291374207, -51.1215934753], [-191.67855835, -194.424865723, -117.180252075, 103.676345825, 87.7409210205, 50.2136802673, 72.3632888794, 135.400039673, 184.131362915, 103.815757751, 47.2331199646, -29.7994098663, -41.4972610474], [-124.890426636, -65.6115264893, -88.4894714355, 89.6995162964, 50.366558075, 63.498840332, 57.1048622131, 89.1202011108, 103.815757751, 143.676803589, 72.1968383789, 9.93274307251, -23.4275169373], [1.3968487978, -56.9301605225, 47.5039863586, 43.3190574646, 37.7976951599, 59.8096733093, 27.9475231171, 27.7253055573, 47.2331199646, 72.1968383789, 128.527374268, 60.9787750244, 6.05911636353], [201.922393799, 92.8896865845, 135.398956299, -13.1122016907, -5.33708286285, 30.8595027924, 1.24814295769, -40.7291374207, -29.7994098663, 9.93274307251, 60.9787750244, 154.769134521, 75.5110702515], [426.98260498, -28.2216377258, 165.235824585, -65.3195877075, 2.04475474358, 14.0856294632, 26.467092514, -51.1215934753, -41.4972610474, -23.4275169373, 6.05911636353, 75.5110702515, 161.105911255]],
