{
"lowlevel": {
    "average_loudness": 0.959976017475,
    "barkbands_crest": {
        "dmean": 2.64249110222,
        "dmean2": 3.74725651741,
        "dvar": 5.10213851929,
        "dvar2": 10.0900220871,
        "max": 26.0081653595,
        "mean": 11.5251569748,
        "median": 10.4016046524,
        "min": 2.05232048035,
        "var": 27.4764270782
    },
    "barkbands_flatness_db": {
        "dmean": 0.0247167367488,
        "dmean2": 0.0341191887856,
        "dvar": 0.000570317846723,
        "dvar2": 0.000998783158138,
        "max": 0.435557425022,
        "mean": 0.130028769374,
        "median": 0.119815245271,
        "min": 0.0183291360736,
        "var": 0.00401946855709
    },
    "barkbands_kurtosis": {
        "dmean": 3.7446436882,
        "dmean2": 5.2939081192,
        "dvar": 64.2451400757,
        "dvar2": 119.577972412,
        "max": 328.505126953,
        "mean": 6.07143259048,
        "median": 2.90414428711,
        "min": -1.93268477917,
        "var": 152.783905029
    },
    "barkbands_skewness": {
        "dmean": 0.580746054649,
        "dmean2": 0.813083171844,
        "dvar": 0.413735359907,
        "dvar2": 0.728121042252,
        "max": 15.5985116959,
        "mean": 1.87503600121,
        "median": 1.65582871437,
        "min": -4.45113039017,
        "var": 2.007396698
    },
    "barkbands_spread": {
        "dmean": 7.69649648666,
        "dmean2": 11.0002851486,
        "dvar": 101.932022095,
        "dvar2": 197.567947388,
        "max": 117.023605347,
        "mean": 24.2479572296,
        "median": 20.7527713776,
        "min": 0.510801970959,
        "var": 291.015319824
    },
    "dissonance": {
        "dmean": 0.0200415179133,
        "dmean2": 0.0332308076322,
        "dvar": 0.000388861342799,
        "dvar2": 0.00106000388041,
        "max": 0.5,
        "mean": 0.461628466845,
        "median": 0.468018352985,
        "min": 0.225973829627,
        "var": 0.000825407274533
    },
    "dynamic_complexity": 2.42753887177,
    "erbbands_crest": {
        "dmean": 2.44651889801,
        "dmean2": 3.89168739319,
        "dvar": 5.22393035889,
        "dvar2": 12.1002988815,
        "max": 30.7755088806,
        "mean": 8.24874305725,
        "median": 7.43246173859,
        "min": 2.1110060215,
        "var": 14.9065256119
    },
    "erbbands_flatness_db": {
        "dmean": 0.0170391034335,
        "dmean2": 0.0246369000524,
        "dvar": 0.000336465745931,
        "dvar2": 0.000611954543274,
        "max": 0.399639219046,
        "mean": 0.130761638284,
        "median": 0.113585233688,
        "min": 0.0471450313926,
        "var": 0.00327624264173
    },
    "erbbands_kurtosis": {
        "dmean": 0.833593666553,
        "dmean2": 1.28639769554,
        "dvar": 1.82344806194,
        "dvar2": 4.60232925415,
        "max": 53.4211921692,
        "mean": 0.353006511927,
        "median": -0.133825063705,
        "min": -1.71593332291,
        "var": 3.4973590374
    },
    "erbbands_skewness": {
        "dmean": 0.349002093077,
        "dmean2": 0.530945718288,
        "dvar": 0.103980824351,
        "dvar2": 0.23549887538,
        "max": 4.71778964996,
        "mean": 0.37655711174,
        "median": 0.383162230253,
        "min": -3.61423873901,
        "var": 0.460330247879
    },
    "erbbands_spread": {
        "dmean": 9.42916107178,
        "dmean2": 13.5046005249,
        "dvar": 101.288719177,
        "dvar2": 203.413497925,
        "max": 153.845657349,
        "mean": 43.964050293,
        "median": 41.5898551941,
        "min": 2.59844493866,
        "var": 458.7784729
    },
    "hfc": {
        "dmean": 13.016784668,
        "dmean2": 18.5352649689,
        "dvar": 428.256896973,
        "dvar2": 903.318603516,
        "max": 299.905517578,
        "mean": 31.5405845642,
        "median": 25.4791469574,
        "min": 1.08394726851e-16,
        "var": 897.249816895
    },
    "melbands_crest": {
        "dmean": 3.55960297585,
        "dmean2": 5.42145490646,
        "dvar": 10.8331336975,
        "dvar2": 23.2892799377,
        "max": 36.1498184204,
        "mean": 16.7547111511,
        "median": 14.8703451157,
        "min": 1.57011914253,
        "var": 60.4524993896
    },
    "melbands_flatness_db": {
        "dmean": 0.0293174870312,
        "dmean2": 0.0402782857418,
        "dvar": 0.000820788787678,
        "dvar2": 0.00144723022822,
        "max": 0.572610080242,
        "mean": 0.209277689457,
        "median": 0.201082095504,
        "min": 0.00322734937072,
        "var": 0.00653408095241
    },
    "melbands_kurtosis": {
        "dmean": 8.73645496368,
        "dmean2": 12.3759202957,
        "dvar": 291.123718262,
        "dvar2": 560.431762695,
        "max": 485.965118408,
        "mean": 18.1280612946,
        "median": 10.5007610321,
        "min": -1.74400484562,
        "var": 711.116027832
    },
    "melbands_skewness": {
        "dmean": 0.761587977409,
        "dmean2": 1.06967663765,
        "dvar": 0.74707365036,
        "dvar2": 1.33638095856,
        "max": 15.5534229279,
        "mean": 3.08678269386,
        "median": 2.75025320053,
        "min": -2.32898640633,
        "var": 3.53069257736
    },
    "melbands_spread": {
        "dmean": 6.6707701683,
        "dmean2": 9.77001285553,
        "dvar": 84.7680358887,
        "dvar2": 185.097137451,
        "max": 229.044647217,
        "mean": 21.4227333069,
        "median": 16.6491661072,
        "min": 0.50429213047,
        "var": 402.330078125
    },
    "pitch_salience": {
        "dmean": 0.0788635015488,
        "dmean2": 0.119970791042,
        "dvar": 0.00614131614566,
        "dvar2": 0.0127649027854,
        "max": 0.853217184544,
        "mean": 0.516748845577,
        "median": 0.546394765377,
        "min": 0.0633124411106,
        "var": 0.0261566787958
    },
    "silence_rate_20dB": {
        "dmean": 0,
        "dmean2": 0,
        "dvar": 0,
        "dvar2": 0,
        "max": 1,
        "mean": 1,
        "median": 1,
        "min": 1,
        "var": 0
    },
    "silence_rate_30dB": {
        "dmean": 0.0447458997369,
        "dmean2": 0.0895008593798,
        "dvar": 0.0427482388914,
        "dvar2": 0.0958575308323,
        "max": 1,
        "mean": 0.95880150795,
        "median": 1,
        "min": 0,
        "var": 0.0395055748522
    },
    "silence_rate_60dB": {
        "dmean": 0.00688398443162,
        "dmean2": 0.0137693630531,
        "dvar": 0.00683600641787,
        "dvar2": 0.0154002076015,
        "max": 1,
        "mean": 0.0404899269342,
        "median": 0,
        "min": 0,
        "var": 0.0388481244445
    },
    "spectral_centroid": {
        "dmean": 263.3855896,
        "dmean2": 390.062255859,
        "dvar": 86407.9921875,
        "dvar2": 173048.4375,
        "max": 11765.8632812,
        "mean": 1346.43945312,
        "median": 1160.28076172,
        "min": 134.440505981,
        "var": 1309337.25
    },
    "spectral_complexity": {
        "dmean": 4.73800373077,
        "dmean2": 7.17080068588,
        "dvar": 26.2912921906,
        "dvar2": 53.8187446594,
        "max": 52,
        "mean": 21.0727806091,
        "median": 21,
        "min": 0,
        "var": 84.0340576172
    },
    "spectral_decrease": {
        "dmean": 2.78502909623e-09,
        "dmean2": 3.69506780729e-09,
        "dvar": 1.16062795354e-17,
        "dvar2": 1.76137755142e-17,
        "max": 6.74715974517e-20,
        "mean": -1.13990958894e-08,
        "median": -1.05024904329e-08,
        "min": -3.98657071798e-08,
        "var": 5.79693996629e-17
    },
    "spectral_energy": {
        "dmean": 0.0107926074415,
        "dmean2": 0.0145338410512,
        "dvar": 0.000175108580152,
        "dvar2": 0.00026910827728,
        "max": 0.152903974056,
        "mean": 0.0458837226033,
        "median": 0.0437550842762,
        "min": 9.98937315828e-21,
        "var": 0.000867530354299
    },
    "spectral_energyband_high": {
        "dmean": 0.00115433079191,
        "dmean2": 0.00165864883456,
        "dvar": 5.29695171281e-06,
        "dvar2": 1.08391031972e-05,
        "max": 0.0379708819091,
        "mean": 0.00180041545536,
        "median": 0.000795966363512,
        "min": 7.2725929482e-21,
        "var": 1.00875404314e-05
    },
    "spectral_energyband_low": {
        "dmean": 0.0093112802133,
        "dmean2": 0.0115613155067,
        "dvar": 0.00017725591897,
        "dvar2": 0.000251908553764,
        "max": 0.146756902337,
        "mean": 0.0237312559038,
        "median": 0.0122448280454,
        "min": 1.34655401078e-23,
        "var": 0.000691201188602
    },
    "spectral_energyband_middle_high": {
        "dmean": 0.00179058115464,
        "dmean2": 0.00279661058448,
        "dvar": 5.43345186088e-06,
        "dvar2": 1.29041791297e-05,
        "max": 0.0410220995545,
        "mean": 0.00535865221173,
        "median": 0.00441867578775,
        "min": 1.12735912541e-21,
        "var": 1.88684789464e-05
    },
    "spectral_energyband_middle_low": {
        "dmean": 0.00747101707384,
        "dmean2": 0.012332495302,
        "dvar": 0.000152507593157,
        "dvar2": 0.000393571943277,
        "max": 0.117431737483,
        "mean": 0.0164951402694,
        "median": 0.0137902097777,
        "min": 1.30959707644e-22,
        "var": 0.000194427499082
    },
    "spectral_entropy": {
        "dmean": 0.195537522435,
        "dmean2": 0.284647643566,
        "dvar": 0.0395196042955,
        "dvar2": 0.078929528594,
        "max": 9.82225894928,
        "mean": 7.69626092911,
        "median": 7.77749300003,
        "min": 5.29875087738,
        "var": 0.344945579767
    },
    "spectral_flux": {
        "dmean": 0.0332325473428,
        "dmean2": 0.0434533767402,
        "dvar": 0.00129639776424,
        "dvar2": 0.00205674045719,
        "max": 0.40940323472,
        "mean": 0.10804014653,
        "median": 0.0905401185155,
        "min": 6.29158045107e-11,
        "var": 0.00467928359285
    },
    "spectral_kurtosis": {
        "dmean": 1.97308671474,
        "dmean2": 3.12131690979,
        "dvar": 23.4075450897,
        "dvar2": 62.5151557922,
        "max": 182.935043335,
        "mean": 6.44097232819,
        "median": 3.27665042877,
        "min": -1.27676784992,
        "var": 158.042785645
    },
    "spectral_rms": {
        "dmean": 0.000771403603721,
        "dmean2": 0.00104710215237,
        "dvar": 7.41149506212e-07,
        "dvar2": 1.17467311611e-06,
        "max": 0.0122137060389,
        "mean": 0.00624295324087,
        "median": 0.00653359666467,
        "min": 3.12181508942e-12,
        "var": 5.79005836698e-06
    },
    "spectral_rolloff": {
        "dmean": 725.985961914,
        "dmean2": 1186.93286133,
        "dvar": 2018583.5,
        "dvar2": 4508211,
        "max": 19638.28125,
        "mean": 1588.45263672,
        "median": 861.328125,
        "min": 64.599609375,
        "var": 6161063
    },
    "spectral_skewness": {
        "dmean": 0.228678628802,
        "dmean2": 0.343904018402,
        "dvar": 0.0964283421636,
        "dvar2": 0.234301537275,
        "max": 10.7442026138,
        "mean": 1.80776894093,
        "median": 1.58599615097,
        "min": -0.0608894638717,
        "var": 0.990404903889
    },
    "spectral_spread": {
        "dmean": 797669.6875,
        "dmean2": 1157325,
        "dvar": 1.13065826714e+12,
        "dvar2": 2.16591092941e+12,
        "max": 42446716,
        "mean": 6078782,
        "median": 5933886,
        "min": 474618.78125,
        "var": 1.67412865434e+13
    },
    "spectral_strongpeak": {
        "dmean": 0.377944290638,
        "dmean2": 0.624714910984,
        "dvar": 0.435477763414,
        "dvar2": 1.08918738365,
        "max": 10.8551044464,
        "mean": 0.797603011131,
        "median": 0.521559238434,
        "min": 0,
        "var": 0.775591790676
    },
    "zerocrossingrate": {
        "dmean": 0.0153353335336,
        "dmean2": 0.0174704026431,
        "dvar": 0.000330533337547,
        "dvar2": 0.00038705044426,
        "max": 0.525390625,
        "mean": 0.0673954635859,
        "median": 0.05078125,
        "min": 0.001953125,
        "var": 0.00389840081334
    },
    "barkbands": {
        "dmean": [0.000429709121818, 0.00809737294912, 0.00478438241407, 0.00313294539228, 0.00374517147429, 0.00163792353123, 0.00112474430352, 0.00101662368979, 0.000788319273852, 0.000534322462045, 0.000517339620274, 0.000350132380845, 0.000370267865947, 0.000338041340001, 0.000348694913555, 0.000245804694714, 0.000182714196853, 0.000147394544911, 0.000174245898961, 0.000109658089059, 0.000119334108604, 0.000173513879417, 0.000230399338761, 0.000232813734328, 0.000248820811976, 0.00018310068117, 9.45633291849e-06],
        "dmean2": [0.000507440359797, 0.0107746496797, 0.00758918840438, 0.0055495207198, 0.0064616384916, 0.00260416534729, 0.00176061876118, 0.00156551925465, 0.00120574398898, 0.000865602865815, 0.000836173654534, 0.000577309925575, 0.000609066919424, 0.000543452624697, 0.000554834899958, 0.000402075180318, 0.000295631907647, 0.000236862833844, 0.00027524237521, 0.000174679749762, 0.000185174547369, 0.000259602966253, 0.000352595263394, 0.00033578654984, 0.000362452759873, 0.000275591562968, 1.43645938806e-05],
        "dvar": [4.24715722147e-07, 0.000163167103892, 0.000142066899571, 6.2308019551e-05, 5.95342680754e-05, 5.61804608878e-06, 3.31829801326e-06, 4.03540980187e-06, 2.09375821214e-06, 9.16959038477e-07, 1.2408765997e-06, 4.35122615272e-07, 4.70821646559e-07, 3.03962281123e-07, 4.82638824906e-07, 1.84385399393e-07, 8.10623959069e-08, 4.83453135303e-08, 7.75399300323e-08, 2.78956502342e-08, 4.06684961263e-08, 2.08781585798e-07, 3.21765384115e-07, 4.5748245725e-07, 2.80493196669e-07, 1.3958562306e-07, 4.03355515655e-10],
        "dvar2": [5.96862946622e-07, 0.000291286589345, 0.000330384529661, 0.000171411971678, 0.000167487029103, 1.37359120345e-05, 7.6449387052e-06, 8.37922380015e-06, 4.35520360043e-06, 2.2144081413e-06, 2.90087473331e-06, 1.0427985444e-06, 1.12587463263e-06, 6.91302034284e-07, 1.14807562568e-06, 4.457061209e-07, 1.97452180828e-07, 1.17063166272e-07, 1.77285798486e-07, 6.2440740578e-08, 9.48758085428e-08, 3.69149205426e-07, 6.74202624396e-07, 9.95809273263e-07, 6.15364228906e-07, 3.19316114883e-07, 8.70474248238e-10],
        "max": [0.0075767240487, 0.120269432664, 0.10689754039, 0.0736914128065, 0.0795578658581, 0.0371742621064, 0.0305963642895, 0.0539626553655, 0.0481777228415, 0.0297592114657, 0.0351525768638, 0.0236358046532, 0.0162934716791, 0.0110568739474, 0.0182574819773, 0.0105189336464, 0.00645887758583, 0.00497414916754, 0.00894450675696, 0.00210638623685, 0.00727547938004, 0.0249443482608, 0.0147235505283, 0.0261416193098, 0.00666556833312, 0.00341603322886, 0.000247202464379],
        "mean": [0.000912289251573, 0.0168881583959, 0.00463359570131, 0.00283964932896, 0.00467811524868, 0.00283580715768, 0.00204688636586, 0.00207387655973, 0.00154893018771, 0.00084198260447, 0.000872399832588, 0.000541581423022, 0.000557032588404, 0.000534215709195, 0.000726009195205, 0.000444428937044, 0.000326950248564, 0.000275994476397, 0.000401959259761, 0.000190126273083, 0.000212549493881, 0.000278079096461, 0.000304002460325, 0.000344425730873, 0.000341270613717, 0.00022150661971, 1.18916577776e-05],
        "median": [0.000130195170641, 0.00640599429607, 0.00067690940341, 0.000636522076093, 0.00214997096919, 0.00171182339545, 0.000966038904153, 0.000610285322182, 0.000683638674673, 0.000422770914156, 0.000327145273332, 0.000276517239399, 0.000269801676041, 0.000278023828287, 0.0002834253537, 0.000208357450902, 0.000214317042264, 0.000170317754964, 0.000230701800319, 0.000120080992929, 0.000128408573801, 0.000110774286441, 0.000111699351692, 0.000119923657621, 0.000130864806124, 7.18250521459e-05, 3.64436209566e-06],
        "min": [2.62051013852e-25, 1.52655313669e-24, 7.1334734298e-25, 6.19674202701e-25, 7.10492701883e-24, 1.07018179911e-23, 4.3303158607e-24, 3.98631452475e-24, 1.94141035358e-23, 6.4647127517e-24, 1.46639160638e-23, 2.13872544967e-23, 3.74168244716e-23, 4.10093885418e-23, 4.12726030269e-23, 4.75807797426e-23, 6.36081771945e-23, 7.42081390433e-23, 1.4128089867e-22, 1.61623336875e-22, 2.49495171574e-22, 2.69962186693e-22, 3.52672170012e-22, 5.67152115788e-22, 9.1493314624e-22, 1.41843168431e-21, 1.96876235735e-21],
        "var": [2.12045711123e-06, 0.000450066843769, 0.000136969494633, 4.51672058261e-05, 5.1129165513e-05, 1.15718876259e-05, 8.50478045322e-06, 1.56807163876e-05, 6.61568401483e-06, 1.84224518307e-06, 3.90685409002e-06, 7.45296688365e-07, 9.71455619947e-07, 6.23504604391e-07, 1.75562058757e-06, 5.34246339612e-07, 1.65498647675e-07, 1.08887782346e-07, 3.09434113888e-07, 4.97336998251e-08, 9.53595744591e-08, 6.65270874833e-07, 4.62899549802e-07, 8.91922411483e-07, 4.10108498272e-07, 1.67902769022e-07, 5.01429342492e-10]
    },
    "erbbands": {
        "dmean": [0.261642873287, 1.94950699806, 4.97809362411, 8.48552036285, 14.0081701279, 11.5891246796, 8.16090393066, 15.0787277222, 17.1207790375, 19.0904407501, 20.2260875702, 17.4576053619, 19.8063106537, 14.257601738, 18.4989070892, 15.3877601624, 16.4044837952, 18.6118164062, 16.3965911865, 15.9628448486, 11.8454656601, 8.23630523682, 7.36463928223, 10.5527839661, 6.20755815506, 5.47995376587, 4.59279251099, 5.25013542175, 6.50159645081, 5.73805856705, 7.2937169075, 5.32715320587, 3.47307705879, 2.71400332451, 1.84289717674, 0.927812874317, 0.314725130796, 0.0463609881699, 0.000996585353278, 4.31772932643e-05],
        "dmean2": [0.319547116756, 2.6964931488, 7.3761548996, 14.6934022903, 24.6651382446, 19.4479560852, 13.0468626022, 24.0486106873, 27.1544189453, 29.6736984253, 30.7978630066, 26.5701274872, 31.3798751831, 23.3067436218, 29.9300842285, 25.2451820374, 26.7161960602, 29.716753006, 26.202922821, 25.7285709381, 19.1961517334, 13.2550897598, 11.8239326477, 16.7315196991, 9.77331924438, 8.77193260193, 7.20448637009, 8.16158103943, 9.91405391693, 8.51825618744, 11.2030315399, 7.86536502838, 5.05326843262, 3.95569252968, 2.70235347748, 1.4120759964, 0.475953608751, 0.0698375478387, 0.00148515542969, 6.1748403823e-05],
        "dvar": [0.120302297175, 12.4606971741, 132.278427124, 487.150634766, 1086.38647461, 443.703735352, 186.670410156, 571.240905762, 815.748962402, 1183.24108887, 1812.49365234, 1266.13500977, 1318.05126953, 669.433105469, 1471.92712402, 751.862121582, 918.106811523, 943.109863281, 1120.35144043, 868.955932617, 341.365936279, 160.322799683, 119.911346436, 295.932037354, 81.9652862549, 70.4880905151, 49.914440155, 112.439575195, 317.394683838, 210.422195435, 313.423583984, 261.541442871, 92.6481704712, 33.8036499023, 15.6946763992, 3.84941530228, 0.432267069817, 0.00858313404024, 3.89792285205e-06, 5.17971754377e-09],
        "dvar2": [0.158007532358, 22.8095874786, 290.757171631, 1313.22827148, 3024.20727539, 1189.42004395, 461.30480957, 1389.64953613, 1924.49755859, 2667.82128906, 3627.76147461, 2658.96264648, 3143.77539062, 1583.99304199, 3609.69116211, 1833.99780273, 2203.98388672, 2191.43212891, 2698.50415039, 1970.39672852, 834.283203125, 388.829803467, 293.856536865, 702.22064209, 185.631851196, 163.277557373, 115.188545227, 222.344314575, 634.991699219, 425.3515625, 662.431884766, 581.45123291, 190.05657959, 71.0222473145, 34.7985992432, 8.90413284302, 1.00650691986, 0.0182943139225, 8.12837879494e-06, 1.11820295245e-08],
        "max": [3.74301099777, 32.9566192627, 103.613624573, 195.993759155, 349.160980225, 259.619018555, 290.514251709, 431.780212402, 476.9296875, 1002.8001709, 1508.2545166, 1330.33837891, 1223.23254395, 886.441894531, 979.811035156, 740.796569824, 702.72052002, 626.473144531, 739.151733398, 908.94921875, 672.686706543, 284.185272217, 194.226745605, 459.395355225, 219.642242432, 122.798286438, 106.756477356, 632.292236328, 1074.01794434, 463.112640381, 473.968811035, 607.592285156, 313.786254883, 116.88710022, 41.736618042, 20.3259944916, 6.38730382919, 0.935401499271, 0.0183236189187, 0.00068697927054],
        "mean": [0.633849024773, 3.17663097382, 5.48875236511, 7.81786155701, 14.4002380371, 15.4747161865, 13.3376321793, 25.0391693115, 29.8725776672, 38.2422370911, 43.8289794922, 36.0642967224, 35.2894477844, 25.0620994568, 31.84923172, 25.5192737579, 26.55352211, 30.3575191498, 32.2498703003, 33.6490211487, 24.1378135681, 15.8725547791, 14.3277721405, 24.1880435944, 13.5652627945, 9.76154708862, 8.27243518829, 8.81746101379, 10.2894077301, 8.19309806824, 9.48052215576, 7.61418485641, 5.24243164062, 3.90713810921, 2.38750314713, 1.11413407326, 0.380803287029, 0.0583278313279, 0.00132010795642, 9.79298638413e-05],
        "median": [0.135548144579, 1.5376226902, 1.135638237, 2.11473178864, 4.20298480988, 6.99404764175, 7.85232686996, 14.4521141052, 15.4593286514, 17.1714477539, 14.8782682419, 16.8715133667, 17.6639499664, 12.3143835068, 15.6441679001, 14.2306213379, 13.4923067093, 16.0437240601, 13.898396492, 14.8119134903, 13.2598257065, 11.0267934799, 9.73776340485, 12.5547084808, 9.7581243515, 6.40683031082, 5.33086824417, 4.67278623581, 4.02431726456, 3.28231883049, 3.41500306129, 2.76199316978, 1.87057161331, 1.55604755878, 0.83686953783, 0.360096335411, 0.121887393296, 0.0176724661142, 0.000436143425759, 7.71665945649e-05],
        "min": [6.73048740596e-23, 2.87240260001e-22, 1.11434981196e-21, 3.74874941655e-21, 1.22310132313e-20, 3.42829851634e-20, 3.36230824427e-20, 1.25859200814e-19, 7.2157782417e-20, 1.88966787224e-19, 1.42164261931e-19, 4.18158333661e-19, 3.46285954405e-19, 4.03398949991e-19, 8.23986299521e-19, 8.49065174923e-19, 2.01274591089e-18, 2.34438536593e-18, 3.04359886297e-18, 3.46583299986e-18, 3.99091277705e-18, 4.51329842698e-18, 5.36909618e-18, 5.92326583138e-18, 7.38653013702e-18, 8.16010861869e-18, 9.58011055111e-18, 9.71155368635e-18, 1.01835867844e-17, 8.74406504393e-18, 1.08463875841e-17, 1.11423180657e-17, 9.4766079226e-18, 8.47243382002e-18, 6.51534310228e-18, 3.9459662641e-18, 2.63417134313e-18, 9.33966217514e-19, 2.38894336248e-19, 2.86719993486e-20],
        "var": [0.702529668808, 22.5174179077, 151.534500122, 358.319549561, 810.139160156, 530.472961426, 309.720855713, 1090.67236328, 1759.30847168, 3889.2734375, 7376.29052734, 3883.5222168, 2985.70556641, 1709.17382812, 3385.76831055, 1323.69592285, 2002.81323242, 1990.796875, 3325.57348633, 3436.68945312, 1049.74157715, 330.684112549, 243.828170776, 1221.55493164, 235.379623413, 123.17930603, 95.518447876, 369.788574219, 962.748779297, 373.327667236, 440.888702393, 454.45489502, 189.229278564, 58.3730659485, 20.7426662445, 4.51711416245, 0.506906747818, 0.0109169390053, 5.21175570611e-06, 8.62621796216e-09]
    },
    "gfcc": {
        "mean": [22.1538314819, 79.6412200928, -95.2877883911, 19.6950950623, -52.8505325317, 18.2452392578, -41.2613296509, 17.6913166046, -23.9503040314, 9.49637413025, -14.8933324814, 5.0483212471, -14.1121330261],
        "cov": [[22359.890625, -1585.97143555, -989.092712402, 1310.33081055, -911.682800293, 712.295349121, -577.253417969, 408.584136963, -365.81338501, 565.82635498, -395.392181396, 376.468353271, -259.240386963], [-1585.97143555, 1752.66467285, -285.072296143, -539.777282715, 203.056182861, -287.796295166, 13.0941505432, -22.7176303864, 15.1455335617, -243.311279297, 97.8197860718, -185.45552063, 21.8247203827], [-989.092712402, -285.072296143, 714.184814453, 234.196395874, -10.9088191986, 168.740447998, 130.933074951, -25.4292755127, 57.340877533, 97.6771240234, 13.5974225998, 68.3074188232, 53.0796737671], [1310.33081055, -539.777282715, 234.196395874, 581.358825684, 3.94113659859, 223.464309692, 85.4719696045, 2.24077272415, 59.3442802429, 156.855911255, 1.13666689396, 127.197143555, 70.2686004639], [-911.682800293, 203.056182861, -10.9088191986, 3.94113659859, 296.286071777, -9.34429264069, 44.8866729736, 38.0270805359, 69.053062439, -7.33012199402, 39.7852859497, -27.8346576691, 22.3408355713], [712.295349121, -287.796295166, 168.740447998, 223.464309692, -9.34429264069, 248.452423096, 117.495750427, 30.0510635376, 51.3222885132, 106.16242218, 16.7833576202, 78.1374359131, 32.476234436], [-577.253417969, 13.0941505432, 130.933074951, 85.4719696045, 44.8866729736, 117.495750427, 251.997467041, 43.7353248596, 98.4891433716, 60.8131065369, 59.7685813904, 60.5437469482, 51.6159057617], [408.584136963, -22.7176303864, -25.4292755127, 2.24077272415, 38.0270805359, 30.0510635376, 43.7353248596, 155.956756592, 74.4321060181, 47.3627929688, 35.1928672791, 18.1951446533, 11.0489206314], [-365.81338501, 15.1455335617, 57.340877533, 59.3442802429, 69.053062439, 51.3222885132, 98.4891433716, 74.4321060181, 175.227310181, 106.502494812, 65.4162445068, 33.1619606018, 49.6965904236], [565.82635498, -243.311279297, 97.6771240234, 156.855911255, -7.33012199402, 106.16242218, 60.8131065369, 47.3627929688, 106.502494812, 176.841522217, 44.7870597839, 79.4328079224, 38.0522384644], [-395.392181396, 97.8197860718, 13.5974225998, 1.13666689396, 39.7852859497, 16.7833576202, 59.7685813904, 35.1928672791, 65.4162445068, 44.7870597839, 113.54473114, 46.2063026428, 48.3128509521], [376.468353271, -185.45552063, 68.3074188232, 127.197143555, -27.8346576691, 78.1374359131, 60.5437469482, 18.1951446533, 33.1619606018, 79.4328079224, 46.2063026428, 118.231925964, 60.8493995667], [-259.240386963, 21.8247203827, 53.0796737671, 70.2686004639, 22.3408355713, 32.476234436, 51.6159057617, 11.0489206314, 49.6965904236, 38.0522384644, 48.3128509521, 60.8493995667, 104.818992615]],
        "icov": [[0.000241523361183, -0.000428787549026, 0.000473705935292, -0.000663241546135, 0.000556081649847, -0.000692515983246, 0.000698409159668, -0.00107597967144, 0.000915017153602, -0.00111121381633, 0.000972039415501, -0.00091057800455, 0.000807059113868], [-0.000428787549026, 0.00207726028748, -0.000663701968733, 0.00178348820191, -0.00130732625257, 0.00159895909019, -0.00175228796434, 0.00231660343707, -0.0019860365428, 0.00302097201347, -0.00308809266426, 0.00335146673024, -0.00262791989371], [0.000473705935292, -0.000663701968733, 0.00280192028731, -0.00155085686129, 0.00115827354603, -0.00195059494581, 0.000692369765602, -0.00138449214865, 0.00167891685851, -0.00242837378755, 0.0018955715932, -0.00116451107897, 0.000980922603048], [-0.000663241546135, 0.00178348820191, -0.00155085686129, 0.00559807522222, -0.00238795112818, 7.39723473089e-05, -0.00166261522099, 0.00374294794165, -0.00254704291001, 0.00201908126473, -0.00146259739995, 0.00125429499894, -0.00364835374057], [0.000556081649847, -0.00130732625257, 0.00115827354603, -0.00238795112818, 0.00578198349103, -0.00154331757221, 0.00141862803139, -0.00305405980907, 0.00043337396346, -0.00138181110378, 0.00110804417636, -0.000143271507113, 0.00139959517401], [-0.000692515983246, 0.00159895909019, -0.00195059494581, 7.39723473089e-05, -0.00154331757221, 0.0109296068549, -0.0052833086811, 0.00212270161137, -0.000834461126942, 0.00051139149582, -0.00239834934473, 0.00231487280689, -0.00181539088953], [0.000698409159668, -0.00175228796434, 0.000692369765602, -0.00166261522099, 0.00141862803139, -0.0052833086811, 0.00953242741525, -0.0031857851427, -0.00130812858697, -0.000546959636267, 0.0021805211436, -0.0058253435418, 0.00302793644369], [-0.00107597967144, 0.00231660343707, -0.00138449214865, 0.00374294794165, -0.00305405980907, 0.00212270161137, -0.0031857851427, 0.0136366663501, -0.00780795421451, 0.00521835172549, -0.00522963702679, 0.00325890094973, -0.0025009305682], [0.000915017153602, -0.0019860365428, 0.00167891685851, -0.00254704291001, 0.00043337396346, -0.000834461126942, -0.00130812858697, -0.00780795421451, 0.0207899082452, -0.0150509662926, 0.00122460513376, 0.00279567413963, -0.00141311308835], [-0.00111121381633, 0.00302097201347, -0.00242837378755, 0.00201908126473, -0.00138181110378, 0.00051139149582, -0.000546959636267, 0.00521835172549, -0.0150509662926, 0.0231420118362, -0.00640537170693, -0.00212970282882, -0.000722363707609], [0.000972039415501, -0.00308809266426, 0.0018955715932, -0.00146259739995, 0.00110804417636, -0.00239834934473, 0.0021805211436, -0.00522963702679, 0.00122460513376, -0.00640537170693, 0.0206425879151, -0.0108466316015, 0.00157893821597], [-0.00091057800455, 0.00335146673024, -0.00116451107897, 0.00125429499894, -0.000143271507113, 0.00231487280689, -0.0058253435418, 0.00325890094973, 0.00279567413963, -0.00212970282882, -0.0108466316015, 0.028740843758, -0.0136002125219], [0.000807059113868, -0.00262791989371, 0.000980922603048, -0.00364835374057, 0.00139959517401, -0.00181539088953, 0.00302793644369, -0.0025009305682, -0.00141311308835, -0.000722363707609, 0.00157893821597, -0.0136002125219, 0.0211688894778]]
    },
    "melbands": {
        "dmean": [0.00218291557394, 0.00229950854555, 0.00153620052151, 0.000958467600867, 0.00030083450838, 0.00033940418507, 0.000252466852544, 0.000212495273445, 0.000158840543008, 0.000109333588625, 9.86598242889e-05, 5.68413997826e-05, 7.25669015083e-05, 4.13844245486e-05, 3.96621580876e-05, 3.33197422151e-05, 3.66717249562e-05, 2.68677777058e-05, 2.18673976633e-05, 2.1178580937e-05, 1.40841329994e-05, 9.29663292482e-06, 7.78207959229e-06, 7.96499989519e-06, 9.41870530369e-06, 6.0690636019e-06, 3.91221874452e-06, 3.65631694876e-06, 3.05183903038e-06, 2.73102500614e-06, 3.42371413353e-06, 3.96236055167e-06, 3.27153247781e-06, 3.35282470587e-06, 4.55011831946e-06, 3.7672120925e-06, 3.12534234581e-06, 2.49933736995e-06, 2.35668881032e-06, 2.35690072259e-06],
        "dmean2": [0.00280322297476, 0.0030886256136, 0.00257625873201, 0.00166177668143, 0.000482937844936, 0.000539693050086, 0.000398610922275, 0.000329316273564, 0.000241139161517, 0.000166708574397, 0.000156368667376, 9.30426540435e-05, 0.00011710151739, 6.80198936607e-05, 6.51808513794e-05, 5.39718348591e-05, 5.88846633036e-05, 4.31662774645e-05, 3.47147506545e-05, 3.46448541677e-05, 2.28454646276e-05, 1.49572133523e-05, 1.28920555653e-05, 1.29032268887e-05, 1.50603727889e-05, 9.6589237728e-06, 6.24043696007e-06, 5.88762350162e-06, 4.86484759676e-06, 4.38982942796e-06, 5.42720999874e-06, 6.32030560155e-06, 4.78227457279e-06, 5.14902239956e-06, 7.04457625034e-06, 5.73248416913e-06, 4.66340907224e-06, 3.69365784536e-06, 3.5597686292e-06, 3.43031092598e-06],
        "dvar": [9.11566712603e-06, 2.05990163522e-05, 1.33946878123e-05, 4.1916846385e-06, 2.20560480102e-07, 2.6602688763e-07, 1.67750584978e-07, 1.42935547842e-07, 1.03462603818e-07, 4.36923919267e-08, 3.23150892712e-08, 1.14183293931e-08, 2.58302534917e-08, 5.37836353232e-09, 5.74568570499e-09, 3.89341314744e-09, 3.90036314357e-09, 3.03089287002e-09, 2.32052066451e-09, 1.46035961102e-09, 4.98951158168e-10, 2.09698883258e-10, 1.48205003825e-10, 1.46985354443e-10, 2.55226367818e-10, 9.83010409183e-11, 3.18861118065e-11, 3.17444161235e-11, 2.20459032974e-11, 2.29009068653e-11, 5.13279210801e-11, 1.22890364551e-10, 8.33159374825e-11, 7.73349301264e-11, 1.24129123646e-10, 9.9504134099e-11, 1.26467308847e-10, 5.91437801511e-11, 3.43301671812e-11, 2.45005370159e-11],
        "dvar2": [1.34691981657e-05, 3.7502773921e-05, 3.40972583217e-05, 1.17208619486e-05, 5.48279444956e-07, 6.4637373498e-07, 3.91598206306e-07, 3.21456781194e-07, 2.05460437996e-07, 9.16904241421e-08, 7.71069963434e-08, 2.72420752623e-08, 6.1423236275e-08, 1.37590721039e-08, 1.3550971012e-08, 9.08253650067e-09, 9.07174690923e-09, 7.105703137e-09, 5.44788347767e-09, 3.45192074924e-09, 1.1992649096e-09, 5.00283481308e-10, 3.78499509512e-10, 3.65190405693e-10, 6.08497141563e-10, 2.25467228221e-10, 7.39178787623e-11, 7.40335223681e-11, 5.04275718405e-11, 5.59611697259e-11, 9.76722661084e-11, 2.50060361306e-10, 1.55123275336e-10, 1.71788611114e-10, 2.71198646873e-10, 2.09060282974e-10, 3.00903690853e-10, 1.27309787712e-10, 7.56912865718e-11, 5.17233721131e-11],
        "max": [0.0288256760687, 0.0430325642228, 0.031470246613, 0.0210428722203, 0.00861034821719, 0.00874477997422, 0.00749306613579, 0.0114264693111, 0.0122742634267, 0.0072034294717, 0.00597540428862, 0.00374998082407, 0.00471485638991, 0.00156308640726, 0.002141763689, 0.00141924165655, 0.00137983483728, 0.00123583688401, 0.00164811441209, 0.000988032552414, 0.000964028935414, 0.000357306358637, 0.000192937295651, 0.00023121124832, 0.000414557376644, 0.000337864446919, 0.000100391313026, 7.76585366111e-05, 6.00504645263e-05, 0.00016482056526, 0.000467470817966, 0.000689019507263, 0.00041780716856, 0.000206615863135, 0.000320901337545, 0.000326715642586, 0.000513053499162, 0.000241396352067, 0.000203790477826, 6.58100689179e-05],
        "mean": [0.00503805745393, 0.00337850884534, 0.00158277992159, 0.00112739717588, 0.000504239462316, 0.000572381773964, 0.000453332875622, 0.000427841237979, 0.000343296735082, 0.000216541651753, 0.000170146580786, 9.36730139074e-05, 0.000122458935948, 6.58714852761e-05, 6.44443935016e-05, 5.09362398589e-05, 5.62032219023e-05, 4.83963085571e-05, 4.67131285404e-05, 3.97256189899e-05, 2.65051494353e-05, 1.69588529388e-05, 1.27523126139e-05, 1.45516678458e-05, 2.07594857784e-05, 1.25830083562e-05, 6.94231266607e-06, 6.06045296081e-06, 5.14754219694e-06, 4.60959836346e-06, 5.4437050494e-06, 6.03101625529e-06, 5.05869229528e-06, 4.37984635937e-06, 5.6323260651e-06, 5.10587187819e-06, 4.44189072368e-06, 3.69525218957e-06, 3.3841183722e-06, 3.26240251525e-06],
        "median": [0.00155867112335, 0.00146066234447, 0.000456349167507, 0.000469294609502, 0.000295535719488, 0.000334686163114, 0.000238663255004, 0.000180660135811, 0.000116287490528, 9.8985612567e-05, 8.18106636871e-05, 4.30596264778e-05, 5.06603209942e-05, 3.64936495316e-05, 3.43701067322e-05, 2.5269921025e-05, 2.76997343462e-05, 2.03832132684e-05, 1.88161666301e-05, 1.77213314601e-05, 1.48586786963e-05, 1.09764459921e-05, 7.86722648627e-06, 8.58524981595e-06, 9.75085094979e-06, 7.73525516706e-06, 4.64671711597e-06, 3.7851966681e-06, 3.11431722366e-06, 2.70264581559e-06, 2.70303848993e-06, 2.26296901928e-06, 1.95463599084e-06, 1.70041937508e-06, 1.88680962765e-06, 1.87638920579e-06, 1.56561588938e-06, 1.24960786252e-06, 1.36626943004e-06, 1.25541976104e-06],
        "min": [1.18944605061e-24, 1.00896207107e-24, 1.2064690773e-24, 1.52390285987e-24, 1.23066856886e-24, 2.84329392449e-24, 8.80865851205e-25, 1.68831971492e-24, 1.12644032176e-24, 2.62279566578e-24, 1.47487140752e-24, 1.30982494285e-24, 2.03218102807e-24, 2.71237890739e-24, 2.10455546625e-24, 4.1197507413e-24, 3.79444619766e-24, 2.90380310579e-24, 2.95642348083e-24, 4.23244109933e-24, 3.57577711018e-24, 3.51000819879e-24, 3.45120098489e-24, 3.1519207653e-24, 4.16667770997e-24, 5.45981755442e-24, 4.84024304402e-24, 4.64894624665e-24, 4.41394379413e-24, 4.55676784988e-24, 5.46023841172e-24, 5.61898444155e-24, 3.96917257728e-24, 4.2644534693e-24, 5.34026292322e-24, 5.67798610966e-24, 6.01145299709e-24, 5.68382446922e-24, 5.65071637146e-24, 6.04446643154e-24],
        "var": [3.87682011933e-05, 3.46663618984e-05, 1.13783753477e-05, 3.46380306837e-06, 3.97248896888e-07, 5.32272110831e-07, 3.8500439814e-07, 4.94234427606e-07, 4.29442053473e-07, 1.31004171067e-07, 7.28848448261e-08, 2.66112856195e-08, 7.2802791351e-08, 8.75657146793e-09, 1.16812790552e-08, 7.75033726086e-09, 7.84724019098e-09, 8.26079116223e-09, 8.76172467912e-09, 4.97513896747e-09, 1.41626144146e-09, 4.60620708242e-10, 2.31426239283e-10, 3.14745896013e-10, 1.04599506834e-09, 3.21741633336e-10, 5.94517421404e-11, 5.30510843588e-11, 3.8527809415e-11, 4.46458148229e-11, 1.7396936669e-10, 3.66619345993e-10, 2.03825872847e-10, 1.06368136521e-10, 1.5929042807e-10, 1.58775811943e-10, 2.09853495692e-10, 1.09632684875e-10, 6.38102765071e-11, 3.84895240679e-11]
    },
    "mfcc": {
        "mean": [-622.052368164, 119.592605591, 12.1661205292, 11.4721012115, 11.2882871628, 0.764027416706, 1.02470469475, 3.70004272461, -1.11965978146, 4.01695251465, 3.64490008354, -0.313913971186, 1.22843313217],
        "cov": [[9234.12304688, -1392.27307129, 434.805328369, 470.792724609, 49.3102149963, 438.689971924, 52.26537323, 15.9641122818, 156.588317871, 118.327941895, 22.3245925903, 116.588020325, 90.4933547974], [-1392.27307129, 1887.17944336, -459.869445801, -256.982269287, 73.4177703857, -378.212463379, -20.4233512878, 26.4599266052, -105.477661133, -15.8279256821, 13.3843994141, -114.414924622, -61.6949424744], [434.805328369, -459.869445801, 703.638671875, 149.937011719, -65.227973938, 236.362014771, 66.6991119385, 9.29105091095, 78.3618087769, 3.19791483879, 8.83268165588, 100.882858276, 29.8835887909], [470.792724609, -256.982269287, 149.937011719, 289.092895508, 61.8411827087, 162.248580933, 36.4445648193, 19.0988941193, 73.0868911743, 25.0451126099, 5.25688457489, 54.9428825378, 43.2398529053], [49.3102149963, 73.4177703857, -65.227973938, 61.8411827087, 228.352371216, -7.71721076965, 0.051509745419, -4.09125232697, 11.4843568802, 38.7398109436, 8.6600933075, -24.3940086365, 16.5928382874], [438.689971924, -378.212463379, 236.362014771, 162.248580933, -7.71721076965, 325.485443115, 81.3094787598, 24.1524829865, 88.1401596069, 21.4464607239, 26.8635044098, 101.603874207, 31.8396778107], [52.26537323, -20.4233512878, 66.6991119385, 36.4445648193, 0.051509745419, 81.3094787598, 116.333244324, 63.7728843689, 30.2741699219, 7.29469347, 12.6390914917, 33.0180587769, 15.4163722992], [15.9641122818, 26.4599266052, 9.29105091095, 19.0988941193, -4.09125232697, 24.1524829865, 63.7728843689, 107.548614502, 41.9301338196, 23.5554046631, 23.3063983917, 22.4183864594, 17.9810237885], [156.588317871, -105.477661133, 78.3618087769, 73.0868911743, 11.4843568802, 88.1401596069, 30.2741699219, 41.9301338196, 124.530067444, 64.1451644897, 38.7406044006, 54.7963218689, 36.6872138977], [118.327941895, -15.8279256821, 3.19791483879, 25.0451126099, 38.7398109436, 21.4464607239, 7.29469347, 23.5554046631, 64.1451644897, 105.606040955, 58.4153404236, 34.9754714966, 31.6178913116], [22.3245925903, 13.3843994141, 8.83268165588, 5.25688457489, 8.6600933075, 26.8635044098, 12.6390914917, 23.3063983917, 38.7406044006, 58.4153404236, 98.9884414673, 62.1492080688, 23.2587509155], [116.588020325, -114.414924622, 100.882858276, 54.9428825378, -24.3940086365, 101.603874207, 33.0180587769, 22.4183864594, 54.7963218689, 34.9754714966, 62.1492080688, 122.670974731, 54.871837616], [90.4933547974, -61.6949424744, 29.8835887909, 43.2398529053, 16.5928382874, 31.8396778107, 15.4163722992, 17.9810237885, 36.6872138977, 31.6178913116, 23.2587509155, 54.871837616, 87.8146362305]],
