{
"lowlevel": {
    "average_loudness": 0.957609772682,
    "barkbands_crest": {
        "dmean": 2.879945755,
        "dmean2": 4.49824619293,
        "dvar": 11.2546367645,
        "dvar2": 21.1419525146,
        "max": 26.3323802948,
        "mean": 12.2011346817,
        "median": 10.0354614258,
        "min": 2.23015236855,
        "var": 41.8161582947
    },
    "barkbands_flatness_db": {
        "dmean": 0.0316175445914,
        "dmean2": 0.0464755110443,
        "dvar": 0.00161954388022,
        "dvar2": 0.00296163628809,
        "max": 0.426110416651,
        "mean": 0.142113387585,
        "median": 0.127184554935,
        "min": 0.0192561745644,
        "var": 0.00582710886374
    },
    "barkbands_kurtosis": {
        "dmean": 11.3983755112,
        "dmean2": 18.0640869141,
        "dvar": 1265.03759766,
        "dvar2": 2972.60449219,
        "max": 734.848083496,
        "mean": 15.6579818726,
        "median": 2.24755430222,
        "min": -1.93973863125,
        "var": 1823.90539551
    },
    "barkbands_skewness": {
        "dmean": 1.06757068634,
        "dmean2": 1.54472351074,
        "dvar": 2.75501728058,
        "dvar2": 5.19860458374,
        "max": 24.2191505432,
        "mean": 2.23993706703,
        "median": 1.55074727535,
        "min": -4.8694896698,
        "var": 9.28412723541
    },
    "barkbands_spread": {
        "dmean": 10.4246406555,
        "dmean2": 15.9109592438,
        "dvar": 186.911865234,
        "dvar2": 385.584197998,
        "max": 121.356193542,
        "mean": 29.2183074951,
        "median": 24.6968898773,
        "min": 0.43120226264,
        "var": 494.898742676
    },
    "dissonance": {
        "dmean": 0.0140476338565,
        "dmean2": 0.0237389001995,
        "dvar": 0.000245337141678,
        "dvar2": 0.000677035131957,
        "max": 0.500000119209,
        "mean": 0.475173413754,
        "median": 0.48164281249,
        "min": 0.300155729055,
        "var": 0.000532482983544
    },
    "dynamic_complexity": 2.35764837265,
    "erbbands_crest": {
        "dmean": 2.6639342308,
        "dmean2": 4.25997638702,
        "dvar": 7.10036182404,
        "dvar2": 17.3338775635,
        "max": 30.3260784149,
        "mean": 8.33080387115,
        "median": 6.81098890305,
        "min": 2.28643536568,
        "var": 24.3025054932
    },
    "erbbands_flatness_db": {
        "dmean": 0.0154542000964,
        "dmean2": 0.0235582105815,
        "dvar": 0.000234680541325,
        "dvar2": 0.00049987930106,
        "max": 0.350841462612,
        "mean": 0.126967683434,
        "median": 0.108816377819,
        "min": 0.0542848445475,
        "var": 0.00285290833563
    },
    "erbbands_kurtosis": {
        "dmean": 1.09149765968,
        "dmean2": 1.70199120045,
        "dvar": 3.08254981041,
        "dvar2": 6.79595565796,
        "max": 33.8301544189,
        "mean": 0.546528637409,
        "median": -0.394726037979,
        "min": -1.90062439442,
        "var": 8.2554769516
    },
    "erbbands_skewness": {
        "dmean": 0.421501666307,
        "dmean2": 0.63078391552,
        "dvar": 0.181639358401,
        "dvar2": 0.373846203089,
        "max": 3.6653008461,
        "mean": -0.141382664442,
        "median": -0.106631800532,
        "min": -5.2265253067,
        "var": 0.718528330326
    },
    "erbbands_spread": {
        "dmean": 12.2428274155,
        "dmean2": 18.7173652649,
        "dvar": 180.644088745,
        "dvar2": 411.036590576,
        "max": 180.449920654,
        "mean": 54.9452323914,
        "median": 53.7573547363,
        "min": 2.85870981216,
        "var": 838.83215332
    },
    "hfc": {
        "dmean": 22.9154205322,
        "dmean2": 33.1152191162,
        "dvar": 1369.33178711,
        "dvar2": 2815.44140625,
        "max": 504.003753662,
        "mean": 47.391002655,
        "median": 27.9749641418,
        "min": 1.08560010772e-16,
        "var": 3130.39770508
    },
    "melbands_crest": {
        "dmean": 4.02647924423,
        "dmean2": 6.09686279297,
        "dvar": 17.7489051819,
        "dvar2": 35.7428474426,
        "max": 35.0146255493,
        "mean": 17.4733085632,
        "median": 15.2031641006,
        "min": 1.40714085102,
        "var": 70.9687576294
    },
    "melbands_flatness_db": {
        "dmean": 0.040938232094,
        "dmean2": 0.0588740296662,
        "dvar": 0.00279906345531,
        "dvar2": 0.00491537386551,
        "max": 0.532836794853,
        "mean": 0.201730579138,
        "median": 0.186267897487,
        "min": 0.00130091025494,
        "var": 0.0105324918404
    },
    "melbands_kurtosis": {
        "dmean": 32.7410507202,
        "dmean2": 51.1883964539,
        "dvar": 7896.42773438,
        "dvar2": 16613.1679688,
        "max": 1447.17370605,
        "mean": 56.5755691528,
        "median": 13.1841449738,
        "min": -1.93854558468,
        "var": 18109.0488281
    },
    "melbands_skewness": {
        "dmean": 1.46187615395,
        "dmean2": 2.17480707169,
        "dvar": 5.108086586,
        "dvar2": 9.41985034943,
        "max": 28.7797622681,
        "mean": 4.47527122498,
        "median": 3.28600597382,
        "min": -4.47404193878,
        "var": 20.3573722839
    },
    "melbands_spread": {
        "dmean": 13.5592069626,
        "dmean2": 20.5044384003,
        "dvar": 469.875152588,
        "dvar2": 920.004882812,
        "max": 296.426818848,
        "mean": 33.2131195068,
        "median": 21.466501236,
        "min": 0.256126195192,
        "var": 1382.15332031
    },
    "pitch_salience": {
        "dmean": 0.0927326008677,
        "dmean2": 0.144839718938,
        "dvar": 0.0116288019344,
        "dvar2": 0.0214651618153,
        "max": 0.939840435982,
        "mean": 0.477503120899,
        "median": 0.518324255943,
        "min": 0.0274331048131,
        "var": 0.0369490347803
    },
    "silence_rate_20dB": {
        "dmean": 0,
        "dmean2": 0,
        "dvar": 0,
        "dvar2": 0,
        "max": 1,
        "mean": 1,
        "median": 1,
        "min": 1,
        "var": 0
    },
    "silence_rate_30dB": {
        "dmean": 0.0790998190641,
        "dmean2": 0.158217266202,
        "dvar": 0.0728477612138,
        "dvar2": 0.171954542398,
        "max": 1,
        "mean": 0.938063919544,
        "median": 1,
        "min": 0,
        "var": 0.0581048354506
    },
    "silence_rate_60dB": {
        "dmean": 0.0100267380476,
        "dmean2": 0.0200557094067,
        "dvar": 0.00992575101554,
        "dvar2": 0.0247769411653,
        "max": 1,
        "mean": 0.0525788143277,
        "median": 0,
        "min": 0,
        "var": 0.0498194359243
    },
    "spectral_centroid": {
        "dmean": 412.984161377,
        "dmean2": 604.507446289,
        "dvar": 232058.375,
        "dvar2": 428171.03125,
        "max": 11880.6591797,
        "mean": 1872.54248047,
        "median": 1602.4901123,
        "min": 183.528305054,
        "var": 1942763.125
    },
    "spectral_complexity": {
        "dmean": 5.96858310699,
        "dmean2": 8.99743747711,
        "dvar": 49.6118736267,
        "dvar2": 103.289161682,
        "max": 58,
        "mean": 21.007686615,
        "median": 20,
        "min": 0,
        "var": 144.794662476
    },
    "spectral_decrease": {
        "dmean": 3.46084938485e-09,
        "dmean2": 4.95627050512e-09,
        "dvar": 1.8847823109e-17,
        "dvar2": 3.65524693766e-17,
        "max": 2.00800597675e-28,
        "mean": -1.26210091267e-08,
        "median": -1.07014237472e-08,
        "min": -4.37889262628e-08,
        "var": 8.03676573232e-17
    },
    "spectral_energy": {
        "dmean": 0.013074635528,
        "dmean2": 0.0184156149626,
        "dvar": 0.000238202395849,
        "dvar2": 0.000485030352138,
        "max": 0.167418628931,
        "mean": 0.0519331656396,
        "median": 0.0470129176974,
        "min": 1.00597335936e-20,
        "var": 0.00113054050598
    },
    "spectral_energyband_high": {
        "dmean": 0.00240120268427,
        "dmean2": 0.00350872171111,
        "dvar": 1.7036250938e-05,
        "dvar2": 3.44338586729e-05,
        "max": 0.0482856445014,
        "mean": 0.00392413279042,
        "median": 0.00133826851379,
        "min": 7.15734988676e-21,
        "var": 4.05266182497e-05
    },
    "spectral_energyband_low": {
        "dmean": 0.0132984286174,
        "dmean2": 0.0210372637957,
        "dvar": 0.000474715605378,
        "dvar2": 0.000979248783551,
        "max": 0.163695126772,
        "mean": 0.0321719534695,
        "median": 0.0154919866472,
        "min": 1.36299229432e-23,
        "var": 0.00129539845511
    },
    "spectral_energyband_middle_high": {
        "dmean": 0.00250985054299,
        "dmean2": 0.00393149722368,
        "dvar": 1.13655269161e-05,
        "dvar2": 2.66891511274e-05,
        "max": 0.0520368367434,
        "mean": 0.00675242254511,
        "median": 0.00360569776967,
        "min": 1.1736609439e-21,
        "var": 7.10558306309e-05
    },
    "spectral_energyband_middle_low": {
        "dmean": 0.00524199707434,
        "dmean2": 0.00843461137265,
        "dvar": 8.75785262906e-05,
        "dvar2": 0.000224644201808,
        "max": 0.0838278457522,
        "mean": 0.0105102239177,
        "median": 0.00791234895587,
        "min": 1.74252697045e-22,
        "var": 0.000109709224489
    },
    "spectral_entropy": {
        "dmean": 0.191331550479,
        "dmean2": 0.277911067009,
        "dvar": 0.0453279837966,
        "dvar2": 0.0944603383541,
        "max": 9.82415294647,
        "mean": 7.90184831619,
        "median": 7.99021244049,
        "min": 5.78756999969,
        "var": 0.29097443819
    },
    "spectral_flux": {
        "dmean": 0.0407088324428,
        "dmean2": 0.0597561784089,
        "dvar": 0.00202512019314,
        "dvar2": 0.00448634102941,
        "max": 0.412983059883,
        "mean": 0.111820407212,
        "median": 0.0958739668131,
        "min": 6.31285509978e-11,
        "var": 0.00471003865823
    },
    "spectral_kurtosis": {
        "dmean": 0.983240664005,
        "dmean2": 1.58410596848,
        "dvar": 2.81677484512,
        "dvar2": 7.74416446686,
        "max": 42.6647872925,
        "mean": 2.71198654175,
        "median": 1.75981235504,
        "min": -1.28714501858,
        "var": 11.8172540665
    },
    "spectral_rms": {
        "dmean": 0.000876658596098,
        "dmean2": 0.00120776577387,
        "dvar": 8.64467494921e-07,
        "dvar2": 1.53543840042e-06,
        "max": 0.0127802677453,
        "mean": 0.00662411004305,
        "median": 0.00677246367559,
        "min": 3.13279003433e-12,
        "var": 6.78787819197e-06
    },
    "spectral_rolloff": {
        "dmean": 1103.3359375,
        "dmean2": 1746.35314941,
        "dvar": 3412262.75,
        "dvar2": 6231950.5,
        "max": 19638.28125,
        "mean": 2608.19970703,
        "median": 1378.125,
        "min": 64.599609375,
        "var": 11454955
    },
    "spectral_skewness": {
        "dmean": 0.190254881978,
        "dmean2": 0.289132326841,
        "dvar": 0.0466728657484,
        "dvar2": 0.106164366007,
        "max": 4.90116548538,
        "mean": 1.26020693779,
        "median": 1.16464018822,
        "min": -0.412353008986,
        "var": 0.300358951092
    },
    "spectral_spread": {
        "dmean": 648730.0625,
        "dmean2": 969339.5,
        "dvar": 693232205824,
        "dvar2": 1.43042176614e+12,
        "max": 42798712,
        "mean": 6685727,
        "median": 6389795,
        "min": 1301713.25,
        "var": 1.63159631462e+13
    },
    "spectral_strongpeak": {
        "dmean": 0.652034878731,
        "dmean2": 1.11048531532,
        "dvar": 2.05778861046,
        "dvar2": 5.14398813248,
        "max": 22.3752555847,
        "mean": 1.25846731663,
        "median": 0.624399602413,
        "min": 0,
        "var": 4.61566925049
    },
    "zerocrossingrate": {
        "dmean": 0.0225589629263,
        "dmean2": 0.0245867427438,
        "dvar": 0.00081126880832,
        "dvar2": 0.000835513405036,
        "max": 0.52734375,
        "mean": 0.0924878790975,
        "median": 0.0693359375,
        "min": 0.00244140625,
        "var": 0.00708247348666
    },
    "barkbands": {
        "dmean": [0.00049855618272, 0.00908147823066, 0.00687444023788, 0.00241330987774, 0.00261225923896, 0.0011894016061, 0.000565586378798, 0.000297251564916, 0.000397106923629, 0.000358927936759, 0.000375964824343, 0.000492296356242, 0.000850508105941, 0.000509761855938, 0.000313794851536, 0.00021515028493, 0.000271492550382, 0.00029103300767, 0.000262915622443, 0.000379558594432, 0.000352417759132, 0.000383208243875, 0.000524363596924, 0.000540724955499, 0.00044465722749, 0.000219392153667, 9.824884728e-06],
        "dmean2": [0.000561254448257, 0.0129260607064, 0.0113263316453, 0.00403760699555, 0.00439954968169, 0.00180835009087, 0.000910137256142, 0.000513165199663, 0.000683832273353, 0.000608244503383, 0.000604744011071, 0.000799295143224, 0.00132561405189, 0.000822486414108, 0.000511176011059, 0.000349232985172, 0.000426642101957, 0.000475356646348, 0.00044381400221, 0.00061121955514, 0.000573309487663, 0.000589251169004, 0.000792170525528, 0.000802786380518, 0.000632049690466, 0.000315358862281, 1.52287875608e-05],
        "dvar": [7.10665915449e-07, 0.000201039860258, 0.000324897730025, 3.12999254675e-05, 3.32308190991e-05, 2.63598235506e-06, 1.21719972412e-06, 2.40880382307e-07, 6.00541568474e-07, 3.93247574948e-07, 7.01474618836e-07, 1.40431882301e-06, 4.37199287262e-06, 1.61300897616e-06, 6.35810692984e-07, 2.34968041468e-07, 8.00765917575e-07, 3.73846546609e-07, 2.060286306e-07, 3.78817418323e-07, 4.6690314548e-07, 4.43242470283e-07, 1.11950248538e-06, 1.2091853705e-06, 7.74305988216e-07, 3.06936954075e-07, 1.13363873844e-09],
        "dvar2": [8.61128341967e-07, 0.000358539749868, 0.000806771509815, 8.6453401309e-05, 9.35083298828e-05, 5.95046640228e-06, 2.96974258163e-06, 6.53121787764e-07, 1.49409140704e-06, 9.92006221168e-07, 1.56227156367e-06, 2.95061045108e-06, 1.0027195458e-05, 3.56715781891e-06, 1.40306838148e-06, 5.52193057501e-07, 1.743294888e-06, 8.65774040903e-07, 5.44905560673e-07, 8.73746387242e-07, 1.14558201858e-06, 1.03715956357e-06, 2.39976702687e-06, 2.39843848249e-06, 1.49272557337e-06, 6.35705987406e-07, 2.60775800953e-09],
        "max": [0.00829425919801, 0.107908755541, 0.126940369606, 0.0489120408893, 0.0529127642512, 0.0240408927202, 0.0284956861287, 0.00946395192295, 0.0214254707098, 0.0114579796791, 0.0218900237232, 0.0343386679888, 0.0462475419044, 0.0267942007631, 0.031625110656, 0.0182928442955, 0.0381250418723, 0.0133203137666, 0.00606728158891, 0.011999337934, 0.0156746935099, 0.00832177698612, 0.0228237230331, 0.0190433915704, 0.0206677392125, 0.0160548575222, 0.00152380857617],
        "mean": [0.000910796690732, 0.0233329497278, 0.00658441102132, 0.00271210935898, 0.00371624808758, 0.00230295443907, 0.000830804929137, 0.000371522561181, 0.000482650502818, 0.0004491530417, 0.000572715129238, 0.000781646696851, 0.00172813830432, 0.000868873437867, 0.000502894050442, 0.000314072793117, 0.000532142934389, 0.000400159158744, 0.000358510325896, 0.000554104684852, 0.000514962652232, 0.000599127437454, 0.000778028101195, 0.000800657027867, 0.000639697071165, 0.00028266836307, 1.11284552986e-05],
        "median": [0.000148106031702, 0.00890379399061, 0.00140427204315, 0.000851196586154, 0.00165902078152, 0.00144646468107, 0.000386467785574, 0.000187869925867, 0.000226618023589, 0.000211778795347, 0.000200381589821, 0.000224626448471, 0.000256540748524, 0.000277992949123, 0.000172482046764, 0.000153096421855, 0.00015199209156, 0.000195578060811, 0.000183412164915, 0.000265036156634, 0.000250373588642, 0.000201033661142, 0.000190547958482, 0.000197835353902, 0.000154865119839, 4.79536829516e-05, 1.49357072132e-06],
        "min": [3.47472792322e-25, 3.01006128922e-24, 9.56697176479e-25, 8.45196026261e-25, 8.16363120732e-24, 4.44450229344e-24, 5.51784103501e-24, 7.15070856147e-24, 1.30329729635e-23, 1.11884473509e-23, 1.6798972837e-23, 1.32848136521e-23, 3.26313544068e-23, 3.31745798033e-23, 5.63494388652e-23, 5.62518851702e-23, 5.15144157138e-23, 6.03384307839e-23, 1.29912706207e-22, 1.38813152432e-22, 1.85771744957e-22, 3.08199499081e-22, 3.85981386284e-22, 5.59685730336e-22, 7.62276267472e-22, 1.32300591953e-21, 1.95867786246e-21],
        "var": [2.50697939919e-06, 0.000842750829179, 0.000272939272691, 2.66172519332e-05, 3.08069174935e-05, 7.42658812669e-06, 1.94952690435e-06, 3.01048885376e-07, 7.23385028323e-07, 5.71083603518e-07, 1.3483343082e-06, 5.63865569347e-06, 1.92121988221e-05, 4.78162291984e-06, 1.72965167167e-06, 4.54273163086e-07, 4.72556394016e-06, 5.71399311866e-07, 2.66654666348e-07, 5.54346115678e-07, 6.94900961662e-07, 8.82383915268e-07, 2.66209599431e-06, 2.60630781668e-06, 1.75057834895e-06, 5.85296220379e-07, 1.90340632145e-09]
    },
    "erbbands": {
        "dmean": [0.357423841953, 2.06078219414, 7.60784387589, 6.22428321838, 9.44162559509, 7.6513209343, 8.48265743256, 10.6065769196, 9.17240905762, 6.51903915405, 7.38694572449, 8.10710334778, 10.3074598312, 13.952293396, 11.9751014709, 17.3818397522, 33.6079864502, 28.0741767883, 16.3404254913, 13.3616514206, 12.9236965179, 16.2389354706, 13.9655046463, 15.9358758926, 12.9388866425, 19.2634849548, 15.5906639099, 13.7683534622, 13.7830514908, 12.240401268, 17.0668621063, 12.3788881302, 8.32831573486, 5.13619184494, 3.25070595741, 1.19653916359, 0.385750740767, 0.0544444285333, 0.00121561344713, 5.30489269295e-05],
        "dmean2": [0.451854556799, 2.89106202126, 12.0477190018, 9.94184970856, 15.9825925827, 12.5093574524, 13.1456537247, 16.2896614075, 14.5186033249, 11.0255870819, 12.5700731277, 14.2232122421, 17.4838733673, 22.6587085724, 20.0498771667, 27.4965591431, 53.2016677856, 43.8927955627, 25.9615840912, 21.8678684235, 20.8441963196, 24.8775558472, 22.7996673584, 26.5229740143, 21.1742477417, 31.3134784698, 25.595954895, 22.2738838196, 21.7775802612, 18.7275352478, 26.1054992676, 18.9053936005, 12.2891769409, 7.55708312988, 4.66143131256, 1.72238993645, 0.559037566185, 0.0791648626328, 0.00175929581746, 7.66489247326e-05],
        "dvar": [0.418568342924, 8.68943405151, 350.611083984, 205.427871704, 518.56842041, 280.860748291, 160.525985718, 276.801025391, 311.409393311, 134.90953064, 164.607208252, 286.956726074, 354.711212158, 774.244140625, 466.188018799, 1566.40063477, 7022.37548828, 3962.8034668, 1466.95361328, 833.37512207, 937.842712402, 3218.43237305, 885.082275391, 1026.8157959, 449.08694458, 1048.26977539, 1020.1439209, 680.833862305, 583.481323242, 498.145782471, 1287.6015625, 609.835449219, 345.201324463, 118.443763733, 43.5141525269, 7.78162765503, 1.03874444962, 0.0225434955209, 1.08099102363e-05, 1.1537876432e-08],
        "dvar2": [0.612622320652, 16.4210720062, 814.377929688, 518.66204834, 1429.48840332, 774.810119629, 388.103240967, 659.640075684, 739.889099121, 345.748565674, 432.229888916, 755.274353027, 874.462036133, 1792.42749023, 1163.60571289, 3057.61474609, 17113.4921875, 8674.25390625, 3203.63085938, 2018.45532227, 2137.67431641, 5863.55029297, 2126.11572266, 2601.74731445, 1116.4720459, 2539.45214844, 2547.20092773, 1650.92785645, 1379.33532715, 1097.04638672, 2864.1237793, 1331.38891602, 643.594177246, 228.170150757, 90.7936782837, 16.3378677368, 2.19290423393, 0.0459649413824, 2.17532415263e-05, 2.32802737088e-08],
        "max": [5.50625419617, 25.5155315399, 129.72845459, 123.141876221, 220.422851562, 236.522598267, 174.642974854, 273.183288574, 403.017181396, 233.251449585, 282.527770996, 537.73046875, 516.005310059, 626.585510254, 370.351898193, 1315.03869629, 2005.859375, 1682.04846191, 979.348510742, 1120.98120117, 1022.30566406, 2259.64916992, 863.868225098, 453.305908203, 279.852844238, 631.52520752, 969.413879395, 749.822387695, 338.49420166, 504.066253662, 736.371337891, 376.803436279, 400.533416748, 233.219589233, 191.488388062, 71.2302703857, 28.0085258484, 5.82823896408, 0.12554590404, 0.00327438930981],
        "mean": [0.849828660488, 4.53844499588, 8.55459403992, 7.60205173492, 11.0689611435, 11.7325143814, 15.4364709854, 20.1406536102, 14.9854001999, 8.94344615936, 9.74378395081, 9.47705554962, 13.4575023651, 21.274564743, 17.2072029114, 32.1650924683, 75.3793869019, 58.6847419739, 28.5394668579, 22.6320457458, 20.8130531311, 31.2346839905, 21.8569965363, 20.497926712, 19.0088100433, 26.6909542084, 23.5624694824, 19.6060447693, 21.3488998413, 19.8409633636, 24.5261592865, 18.1563911438, 12.3776779175, 7.67165565491, 4.27878856659, 1.55703687668, 0.479597657919, 0.0666472613811, 0.00154176412616, 0.000121734381537],
        "median": [0.205808803439, 1.94384670258, 2.60979104042, 3.10456204414, 4.21262836456, 4.70071935654, 8.83366394043, 11.6306743622, 8.06665039062, 4.66742992401, 5.10643529892, 4.56790733337, 6.69284629822, 9.01332187653, 8.84618091583, 10.5438585281, 12.6643857956, 17.2716598511, 11.6359834671, 10.5555362701, 9.53499603271, 9.75530147552, 11.3063335419, 10.5093584061, 9.94745731354, 12.2517271042, 11.8351926804, 8.96165657043, 7.46684122086, 6.14640665054, 5.49648284912, 4.2805018425, 3.18367671967, 1.96942675114, 0.965678632259, 0.311554431915, 0.0680553689599, 0.00914057530463, 0.000251095159911, 9.02461179066e-05],
        "min": [1.23750932609e-22, 4.40018585484e-22, 8.40927492014e-22, 3.55364788309e-21, 1.28854972727e-20, 2.57341252315e-20, 3.35579613565e-20, 5.33526842206e-20, 1.34087851376e-19, 2.02545797085e-19, 2.57814851989e-19, 3.07104554288e-19, 5.21528484023e-19, 6.02190122577e-19, 9.14396778582e-19, 9.82370759009e-19, 1.54732022813e-18, 2.43555204317e-18, 3.07174140857e-18, 3.21519458592e-18, 3.29531385248e-18, 4.15319485988e-18, 5.0903648513e-18, 7.11756078032e-18, 8.79426994403e-18, 6.39561698042e-18, 9.05784525596e-18, 1.11925436453e-17, 1.08196514524e-17, 1.21756676557e-17, 1.18870130548e-17, 1.02019410951e-17, 9.87655802058e-18, 7.13003300959e-18, 5.69563854811e-18, 4.23172697365e-18, 2.49698488611e-18, 1.00372587409e-18, 2.52516889413e-19, 2.61538628468e-20],
        "var": [1.67687106133, 31.6578578949, 347.884094238, 195.252624512, 422.703155518, 357.612304688, 365.317352295, 724.13873291, 544.432495117, 195.461029053, 207.793457031, 276.441345215, 516.13079834, 1506.06567383, 711.937255859, 9069.06835938, 33860.2070312, 20618.1503906, 3527.75756836, 1966.93395996, 2117.30688477, 15521.2587891, 1578.89624023, 1069.78710938, 694.029968262, 1372.10217285, 1396.42443848, 1020.46020508, 1058.33447266, 1305.33728027, 2802.09790039, 1199.46936035, 783.215576172, 283.296325684, 77.9170761108, 13.7532300949, 1.92676186562, 0.049421261996, 2.33654573094e-05, 2.75403380101e-08]
    },
    "gfcc": {
        "mean": [23.4219818115, 55.2048683167, -95.8148498535, 45.5222702026, -54.5981903076, 28.9323158264, -40.0574607849, 9.73587417603, -27.4836845398, 11.362285614, -10.2314949036, 4.86518526077, -9.3379278183],
        "cov": [[20243.6992188, -23.097076416, -530.742492676, 625.633361816, -849.97857666, 641.714294434, -593.289001465, 328.788665771, -636.730102539, 257.628631592, -385.522857666, 203.236038208, -326.884399414], [-23.097076416, 2275.54980469, -18.2635803223, -185.529098511, 474.952636719, -129.53465271, -8.10910129547, -171.933578491, 1.34088206291, -159.450668335, 39.1748008728, -161.268478394, 63.4914512634], [-530.742492676, -18.2635803223, 1289.20751953, 307.529602051, 163.609130859, 224.425247192, 221.265716553, 175.330978394, 86.4061965942, 61.2218971252, -55.5963897705, 32.1277084351, -9.46098136902], [625.633361816, -185.529098511, 307.529602051, 490.344482422, 25.2679138184, 157.849990845, 151.020629883, 125.117469788, 84.200630188, 40.7176322937, -33.8505554199, 31.8870315552, 21.412776947], [-849.97857666, 474.952636719, 163.609130859, 25.2679138184, 418.782562256, 99.4284667969, 120.279701233, 25.527048111, 56.4482917786, -11.4419755936, 46.1568336487, -21.7813339233, 30.2945137024], [641.714294434, -129.53465271, 224.425247192, 157.849990845, 99.4284667969, 309.325744629, 154.004959106, 96.5854187012, 42.3851242065, 83.5957489014, 18.0018100739, 34.4363632202, -4.29963302612], [-593.289001465, -8.10910129547, 221.265716553, 151.020629883, 120.279701233, 154.004959106, 266.334777832, 115.203460693, 110.191879272, 53.3622436523, 29.0642871857, 29.8973064423, 34.8296813965], [328.788665771, -171.933578491, 175.330978394, 125.117469788, 25.527048111, 96.5854187012, 115.203460693, 202.321090698, 87.9771118164, 50.8700523376, 2.82519841194, 56.2663764954, 33.4479370117], [-636.730102539, 1.34088206291, 86.4061965942, 84.200630188, 56.4482917786, 42.3851242065, 110.191879272, 87.9771118164, 158.45173645, 44.7953910828, 39.0671844482, 25.3800964355, 51.0965499878], [257.628631592, -159.450668335, 61.2218971252, 40.7176322937, -11.4419755936, 83.5957489014, 53.3622436523, 50.8700523376, 44.7953910828, 111.141273499, 44.7885971069, 41.9165534973, 7.97611665726], [-385.522857666, 39.1748008728, -55.5963897705, -33.8505554199, 46.1568336487, 18.0018100739, 29.0642871857, 2.82519841194, 39.0671844482, 44.7885971069, 117.796028137, 30.7032470703, 34.0108528137], [203.236038208, -161.268478394, 32.1277084351, 31.8870315552, -21.7813339233, 34.4363632202, 29.8973064423, 56.2663764954, 25.3800964355, 41.9165534973, 30.7032470703, 94.9565582275, 40.2906570435], [-326.884399414, 63.4914512634, -9.46098136902, 21.412776947, 30.2945137024, -4.29963302612, 34.8296813965, 33.4479370117, 51.0965499878, 7.97611665726, 34.0108528137, 40.2906570435, 93.6368560791]],
        "icov": [[0.00022010091925, -0.000381561374525, 0.000261286448222, -0.000428603787441, 0.000499471090734, -0.000708264939021, 0.000800503883511, -0.000940265425015, 0.000935296237003, -0.000785307143815, 0.000578533159569, -0.000761530187447, 0.000669550790917], [-0.000381561374525, 0.00145508162677, -0.000524494040292, 0.000881573243532, -0.00167053029872, 0.00143619533628, -0.00138234277256, 0.00201926403679, -0.00161791488063, 0.0017969327746, -0.00117879756726, 0.0023921970278, -0.00204530009069], [0.000261286448222, -0.000524494040292, 0.00141401449218, -0.00087497162167, 0.000273292564088, -0.000979971489869, 0.000587144633755, -0.00150623626541, 0.00113293319009, -0.00130402203649, 0.00145097216591, -0.00125865917653, 0.00130437954795], [-0.000428603787441, 0.000881573243532, -0.00087497162167, 0.00397862354293, -0.000678089389112, 0.000350676069502, -0.00219240388833, 0.00148203817662, -0.00269725127146, 0.0019243756542, 6.98811709299e-05, 0.0015895437682, -0.00197205739096], [0.000499471090734, -0.00167053029872, 0.000273292564088, -0.000678089389112, 0.00551304593682, -0.00307984952815, 0.000848629220854, -0.00236177141778, 0.00166569452267, -0.000110640008643, -0.000329209549818, -0.00112705840729, 0.00136696803384], [-0.000708264939021, 0.00143619533628, -0.000979971489869, 0.000350676069502, -0.00307984952815, 0.00891058798879, -0.00497930170968, 0.00222937110811, -0.000848153023981, -0.00128542981111, -0.00167315418366, 0.00220945500769, -0.00093486107653], [0.000800503883511, -0.00138234277256, 0.000587144633755, -0.00219240388833, 0.000848629220854, -0.00497930170968, 0.011124888435, -0.00477035157382, 0.000106682891783, -0.00256295199506, 0.00151860539336, -0.00244201906025, 0.00201455364004], [-0.000940265425015, 0.00201926403679, -0.00150623626541, 0.00148203817662, -0.00236177141778, 0.00222937110811, -0.00477035157382, 0.0136680612341, -0.00742208724841, 0.00289687025361, -0.000185777375009, -0.000290735624731, -0.00338823790662], [0.000935296237003, -0.00161791488063, 0.00113293319009, -0.00269725127146, 0.00166569452267, -0.000848153023981, 0.000106682891783, -0.00742208724841, 0.0169438309968, -0.00681595411152, 0.000473385065561, -0.000147435173858, -0.0016468410613], [-0.000785307143815, 0.0017969327746, -0.00130402203649, 0.0019243756542, -0.000110640008643, -0.00128542981111, -0.00256295199506, 0.00289687025361, -0.00681595411152, 0.0204777736217, -0.00789718609303, -0.000848140625749, 0.000571998243686], [0.000578533159569, -0.00117879756726, 0.00145097216591, 6.98811709299e-05, -0.000329209549818, -0.00167315418366, 0.00151860539336, -0.000185777375009, 0.000473385065561, -0.00789718609303, 0.0158584862947, -0.00506949238479, -0.000683683552779], [-0.000761530187447, 0.0023921970278, -0.00125865917653, 0.0015895437682, -0.00112705840729, 0.00220945500769, -0.00244201906025, -0.000290735624731, -0.000147435173858, -0.000848140625749, -0.00506949238479, 0.0227559488267, -0.0110904453322], [0.000669550790917, -0.00204530009069, 0.00130437954795, -0.00197205739096, 0.00136696803384, -0.00093486107653, 0.00201455364004, -0.00338823790662, -0.0016468410613, 0.000571998243686, -0.000683683552779, -0.0110904453322, 0.0208326559514]]
    },
    "melbands": {
        "dmean": [0.00265479949303, 0.00323911523446, 0.00109659694135, 0.00061335938517, 0.000301803607726, 0.000230827266932, 0.000130737083964, 6.81739984429e-05, 6.50800502626e-05, 5.13793747814e-05, 5.32638259756e-05, 5.67597198824e-05, 4.42467753601e-05, 4.19675889134e-05, 6.02863183303e-05, 9.60917968769e-05, 4.99806810694e-05, 2.80601580016e-05, 2.92339300358e-05, 1.4153133634e-05, 1.67228699866e-05, 1.92978386622e-05, 1.1512727724e-05, 1.48833296407e-05, 1.34537058329e-05, 1.01361956695e-05, 1.15768034448e-05, 1.31954475364e-05, 1.03328575278e-05, 8.6296677182e-06, 8.44004807732e-06, 7.98386281531e-06, 7.49188484406e-06, 6.78674632582e-06, 1.07355572254e-05, 8.52523407957e-06, 7.39930783311e-06, 6.00695466346e-06, 5.1423730838e-06, 4.27381428381e-06],
        "dmean2": [0.00351373199373, 0.00503861857578, 0.00167463521939, 0.00102959864307, 0.000470164144645, 0.000352841598215, 0.000207025863347, 0.000116451097711, 0.000110588436655, 8.99893275346e-05, 9.02873580344e-05, 9.25406493479e-05, 7.25086138118e-05, 6.9838570198e-05, 8.99642327568e-05, 0.000153347515152, 7.91778657003e-05, 4.50163097412e-05, 4.77964786114e-05, 2.29837824008e-05, 2.67061896011e-05, 2.96941743727e-05, 1.84852178791e-05, 2.44557159021e-05, 2.26337288041e-05, 1.71680967469e-05, 1.87354871741e-05, 2.17974011321e-05, 1.6884152501e-05, 1.43745201058e-05, 1.37705519592e-05, 1.27775047076e-05, 1.16131041068e-05, 1.05939579953e-05, 1.65578039741e-05, 1.30737425934e-05, 1.15218135761e-05, 8.98961116036e-06, 7.70493988966e-06, 6.34949265077e-06],
        "dvar": [2.0255041818e-05, 4.63592004962e-05, 5.24821280123e-06, 2.11130236494e-06, 2.09876247936e-07, 1.16020707708e-07, 6.13024724316e-08, 1.34605144808e-08, 1.39371012509e-08, 1.23400081264e-08, 9.39240063502e-09, 1.17148122314e-08, 7.87680498604e-09, 6.68986510632e-09, 3.18648503139e-08, 6.77926834669e-08, 1.33313911022e-08, 5.69366909176e-09, 6.32902219522e-09, 1.25200894097e-09, 2.31929164762e-09, 5.68622171571e-09, 5.05523733985e-10, 1.18757037537e-09, 7.59540041972e-10, 3.61389002057e-10, 3.41029926521e-10, 5.11577669116e-10, 4.37877512027e-10, 2.92160462489e-10, 2.95749619239e-10, 2.03163375012e-10, 1.79011749868e-10, 1.72587555358e-10, 5.76553083054e-10, 3.19450993436e-10, 2.16319531732e-10, 1.83485060479e-10, 1.49678339167e-10, 7.89377799237e-11],
        "dvar2": [3.26505432895e-05, 0.000101297104266, 1.18605566968e-05, 5.92205560679e-06, 5.34385662831e-07, 2.72561862857e-07, 1.47699836361e-07, 3.48252306992e-08, 3.59475897938e-08, 3.17063815203e-08, 2.31135768303e-08, 2.73278164542e-08, 1.83208062055e-08, 1.58115547322e-08, 5.65786777429e-08, 1.66663099321e-07, 2.93769328863e-08, 1.29128450155e-08, 1.47278544915e-08, 2.88752022293e-09, 4.83953943586e-09, 1.07094511037e-08, 1.18722098819e-09, 2.77646483582e-09, 1.94557125965e-09, 9.63647606156e-10, 7.57518214822e-10, 1.27555555007e-09, 1.0737045697e-09, 7.35865479662e-10, 7.33963945176e-10, 4.9737308716e-10, 4.09915906774e-10, 3.86901954919e-10, 1.34999655899e-09, 7.13361814064e-10, 4.85161077979e-10, 3.51861428882e-10, 3.02104341543e-10, 1.54977239375e-10],
        "max": [0.036705929786, 0.0499137192965, 0.0195437856019, 0.0137048391625, 0.00612905388698, 0.0056210285984, 0.00619580689818, 0.00217406428419, 0.00245254440233, 0.00373648712412, 0.00251038651913, 0.00231403694488, 0.00200100895017, 0.00186251732521, 0.00664195138961, 0.00634927861392, 0.00280648539774, 0.00202119071037, 0.00347908213735, 0.00165743031539, 0.00185803649947, 0.00306778308004, 0.000432492990512, 0.000854557845742, 0.000340545811923, 0.000366951950127, 0.000258099695202, 0.000463159871288, 0.000554339261726, 0.000380652752938, 0.000519483408425, 0.00020116752421, 0.00024341858807, 0.000310504576191, 0.000532409059815, 0.000382831756724, 0.000246084731771, 0.000298738566926, 0.000321718427585, 0.00019057028112],
        "mean": [0.00686536403373, 0.00496643222868, 0.00148872518912, 0.000809107208624, 0.000550064083654, 0.000446872698376, 0.000215120380744, 8.95662451512e-05, 8.33676967886e-05, 5.95134806645e-05, 6.79061340634e-05, 8.47320261528e-05, 6.56817865092e-05, 5.37221312698e-05, 0.000117812480312, 0.000213728155359, 8.91981253517e-05, 4.34005596617e-05, 4.68719081255e-05, 2.06220120162e-05, 2.3956205041e-05, 3.69528206647e-05, 1.74540073203e-05, 2.01538750844e-05, 1.61499538081e-05, 1.3501416106e-05, 1.60992494784e-05, 1.7514321371e-05, 1.53521832544e-05, 1.18451707749e-05, 1.13881715151e-05, 1.17778499771e-05, 1.14632266559e-05, 1.07671930891e-05, 1.49595143739e-05, 1.20003924167e-05, 1.04791961348e-05, 8.59548799781e-06, 7.61133969718e-06, 6.17400837655e-06],
        "median": [0.00225524185225, 0.00263757794164, 0.000642252329271, 0.000346214568708, 0.000302471162286, 0.000270602875389, 0.000120604818221, 4.41742959083e-05, 4.03573540098e-05, 2.70327636827e-05, 3.10228315357e-05, 3.68531473214e-05, 2.80533549812e-05, 2.04491079785e-05, 2.61497025349e-05, 2.60417582467e-05, 2.86959784717e-05, 1.5023954802e-05, 1.4240847122e-05, 9.67518826656e-06, 9.95670234261e-06, 9.55461655394e-06, 8.98259258975e-06, 9.11327697395e-06, 7.63941898185e-06, 6.33934132566e-06, 7.11668462827e-06, 8.27645544632e-06, 7.79266429163e-06, 5.53388008484e-06, 4.73246336696e-06, 4.21521281169e-06, 3.53291238753e-06, 3.26355711877e-06, 3.23856511386e-06, 2.62965977527e-06, 2.60572051047e-06, 2.2118895231e-06, 2.02368596547e-06, 1.52788754804e-06],
        "min": [1.50903066244e-24, 6.81283549146e-25, 1.13280790838e-24, 9.05566565261e-25, 1.64091528819e-24, 1.22008225273e-24, 1.74617378764e-24, 2.03574312948e-24, 1.74061468484e-24, 1.39031577367e-24, 2.36133600178e-24, 1.98645155025e-24, 2.9311921592e-24, 1.45480929419e-24, 3.14362254022e-24, 2.77168408974e-24, 3.40738686135e-24, 4.53204771012e-24, 4.67085567501e-24, 4.79096526985e-24, 3.34556462107e-24, 3.35696681659e-24, 3.51487941488e-24, 3.18468768072e-24, 4.86140266008e-24, 3.89277415962e-24, 3.17873888063e-24, 4.27690642755e-24, 5.74772535799e-24, 4.71580654711e-24, 5.7163006894e-24, 5.91680822669e-24, 4.43033435159e-24, 6.62891730457e-24, 5.9696536243e-24, 6.53904829809e-24, 5.51371884235e-24, 6.60937524779e-24, 6.0232176742e-24, 5.38017573515e-24],
        "var": [8.65190741024e-05, 6.35984106339e-05, 6.18067588221e-06, 1.78124957984e-06, 4.47605373211e-07, 3.12985207529e-07, 1.0401588213e-07, 1.92395113174e-08, 1.76244761008e-08, 1.26476855655e-08, 1.41312908042e-08, 2.23371365848e-08, 1.3960742784e-08, 1.25675203577e-08, 1.84059402386e-07, 3.34826950166e-07, 5.48858416494e-08, 1.27938584171e-08, 1.63331730363e-08, 2.88208168442e-09, 4.58008519999e-09, 2.90210735443e-08, 8.76171635245e-10, 1.92475746452e-09, 7.44552142162e-10, 5.2191651001e-10, 5.19317866488e-10, 6.22353890645e-10, 6.0046756456e-10, 4.12672646055e-10, 3.92238436175e-10, 3.34071492691e-10, 3.54636431332e-10, 4.43339143175e-10, 1.11903131206e-09, 6.54635456954e-10, 3.81218612233e-10, 3.82206127858e-10, 3.43916978229e-10, 1.78797143757e-10]
    },
    "mfcc": {
        "mean": [-617.275817871, 83.8914642334, 19.2347583771, 22.8000965118, 12.5387868881, 15.0703620911, 7.89440631866, 0.928779900074, -3.79173564911, 2.31875610352, -0.569911181927, 3.75359773636, -0.399243295193],
        "cov": [[7552.87890625, -177.643386841, 538.338439941, 35.8306045532, 21.7004165649, 88.9225463867, 140.219299316, 80.4747695923, 15.0752820969, 0.895704805851, 13.2788238525, -67.0427017212, 1.35952997208], [-177.643386841, 2238.97436523, -182.021240234, 64.0395050049, 306.906982422, 21.1659488678, 85.8766708374, -60.6644592285, -46.1106719971, -63.4460716248, -35.6797485352, -29.4315891266, -99.0954818726], [538.338439941, -182.021240234, 954.398742676, 229.132034302, 92.1797409058, 173.57824707, 120.93157959, 151.464324951, 160.055557251, 122.354957581, 62.5171699524, 31.7541751862, 40.6421813965], [35.8306045532, 64.0395050049, 229.132034302, 324.236724854, 91.0951843262, 92.457321167, 58.5541648865, 101.391593933, 118.637268066, 43.8241729736, 28.1665706635, 16.7253093719, 30.2589187622], [21.7004165649, 306.906982422, 92.1797409058, 91.0951843262, 246.668426514, 79.070930481, 84.4189224243, 54.1910476685, 44.7545013428, 25.9289665222, 11.6777696609, 29.0328617096, 1.50940680504], [88.9225463867, 21.1659488678, 173.57824707, 92.457321167, 79.070930481, 255.030532837, 134.601074219, 90.0890045166, 78.5856399536, 76.038734436, 77.7097015381, 23.017824173, 13.0165596008], [140.219299316, 85.8766708374, 120.93157959, 58.5541648865, 84.4189224243, 134.601074219, 185.092544556, 97.6901397705, 63.4991416931, 67.7353210449, 52.0430488586, 34.8852043152, 22.9755420685], [80.4747695923, -60.6644592285, 151.464324951, 101.391593933, 54.1910476685, 90.0890045166, 97.6901397705, 172.831588745, 133.753509521, 67.1707763672, 51.0124931335, 34.533290863, 47.5036430359], [15.0752820969, -46.1106719971, 160.055557251, 118.637268066, 44.7545013428, 78.5856399536, 63.4991416931, 133.753509521, 194.202590942, 79.7773895264, 45.4189834595, 35.4895935059, 51.5916366577], [0.895704805851, -63.4460716248, 122.354957581, 43.8241729736, 25.9289665222, 76.038734436, 67.7353210449, 67.1707763672, 79.7773895264, 112.287406921, 61.2766075134, 33.0063858032, 30.218547821], [13.2788238525, -35.6797485352, 62.5171699524, 28.1665706635, 11.6777696609, 77.7097015381, 52.0430488586, 51.0124931335, 45.4189834595, 61.2766075134, 96.3427505493, 40.723903656, 21.0585613251], [-67.0427017212, -29.4315891266, 31.7541751862, 16.7253093719, 29.0328617096, 23.017824173, 34.8852043152, 34.533290863, 35.4895935059, 33.0063858032, 40.723903656, 84.1329727173, 42.878818512], [1.35952997208, -99.0954818726, 40.6421813965, 30.2589187622, 1.50940680504, 13.0165596008, 22.9755420685, 47.5036430359, 51.5916366577, 30.218547821, 21.0585613251, 42.878818512, 78.4260101318]],
