{
"lowlevel": {
    "average_loudness": 0.943780899048,
    "barkbands_crest": {
        "dmean": 2.96541047096,
        "dmean2": 3.93534779549,
        "dvar": 8.50323677063,
        "dvar2": 14.1649417877,
        "max": 26.631280899,
        "mean": 13.5307302475,
        "median": 12.1307315826,
        "min": 2.41539025307,
        "var": 41.9461364746
    },
    "barkbands_flatness_db": {
        "dmean": 0.029156235978,
        "dmean2": 0.0420068651438,
        "dvar": 0.00128056923859,
        "dvar2": 0.00216793688014,
        "max": 0.570958137512,
        "mean": 0.160901561379,
        "median": 0.13892364502,
        "min": 0.0270412359387,
        "var": 0.00670753978193
    },
    "barkbands_kurtosis": {
        "dmean": 15.1416521072,
        "dmean2": 22.3424568176,
        "dvar": 9420.06347656,
        "dvar2": 20709.78125,
        "max": 3717.24560547,
        "mean": 22.6972923279,
        "median": 2.54307937622,
        "min": -1.94969260693,
        "var": 18860.9199219
    },
    "barkbands_skewness": {
        "dmean": 1.03915023804,
        "dmean2": 1.42421066761,
        "dvar": 2.7823266983,
        "dvar2": 4.86649990082,
        "max": 53.5391578674,
        "mean": 2.55385780334,
        "median": 1.7528719902,
        "min": -5.26027154922,
        "var": 12.6460905075
    },
    "barkbands_spread": {
        "dmean": 11.3987083435,
        "dmean2": 15.9385089874,
        "dvar": 198.604644775,
        "dvar2": 319.829620361,
        "max": 124.288787842,
        "mean": 38.1883468628,
        "median": 31.6052093506,
        "min": 0.0485585294664,
        "var": 850.421264648
    },
    "dissonance": {
        "dmean": 0.0159209687263,
        "dmean2": 0.0266086608171,
        "dvar": 0.000282869237708,
        "dvar2": 0.000767769583035,
        "max": 0.500000059605,
        "mean": 0.470128625631,
        "median": 0.476379096508,
        "min": 0.240618512034,
        "var": 0.000608347007073
    },
    "dynamic_complexity": 2.81823992729,
    "erbbands_crest": {
        "dmean": 2.32022428513,
        "dmean2": 3.84134507179,
        "dvar": 6.27869224548,
        "dvar2": 15.8418779373,
        "max": 29.243768692,
        "mean": 7.06808710098,
        "median": 5.7250123024,
        "min": 2.04587435722,
        "var": 16.9697151184
    },
    "erbbands_flatness_db": {
        "dmean": 0.0152995763347,
        "dmean2": 0.0237932689488,
        "dvar": 0.000327066023601,
        "dvar2": 0.000675807823427,
        "max": 0.499334126711,
        "mean": 0.107551582158,
        "median": 0.0915394797921,
        "min": 0.0443660505116,
        "var": 0.00250769336708
    },
    "erbbands_kurtosis": {
        "dmean": 0.977172970772,
        "dmean2": 1.57766759396,
        "dvar": 4.55587625504,
        "dvar2": 10.6201906204,
        "max": 56.3663825989,
        "mean": 0.19050103426,
        "median": -0.444614052773,
        "min": -1.87775862217,
        "var": 8.19454860687
    },
    "erbbands_skewness": {
        "dmean": 0.409686148167,
        "dmean2": 0.621218204498,
        "dvar": 0.199729040265,
        "dvar2": 0.421227633953,
        "max": 6.67350816727,
        "mean": -0.0725067034364,
        "median": -0.129747822881,
        "min": -4.59394359589,
        "var": 0.72893679142
    },
    "erbbands_spread": {
        "dmean": 14.2562732697,
        "dmean2": 22.1262683868,
        "dvar": 222.991882324,
        "dvar2": 529.66784668,
        "max": 193.482345581,
        "mean": 63.4844970703,
        "median": 59.8218383789,
        "min": 3.237023592,
        "var": 851.450256348
    },
    "hfc": {
        "dmean": 36.1401748657,
        "dmean2": 51.6194229126,
        "dvar": 4619.2734375,
        "dvar2": 9575.20703125,
        "max": 486.356384277,
        "mean": 63.758190155,
        "median": 40.7473907471,
        "min": 1.08123080738e-16,
        "var": 6563.21777344
    },
    "melbands_crest": {
        "dmean": 3.68874573708,
        "dmean2": 5.43671798706,
        "dvar": 12.3075809479,
        "dvar2": 29.2344245911,
        "max": 34.0199508667,
        "mean": 19.2376194,
        "median": 18.610824585,
        "min": 1.00043904781,
        "var": 46.8095970154
    },
    "melbands_flatness_db": {
        "dmean": 0.0376511998475,
        "dmean2": 0.0515427216887,
        "dvar": 0.00188756140415,
        "dvar2": 0.00342178787105,
        "max": 0.69069737196,
        "mean": 0.214803159237,
        "median": 0.196434006095,
        "min": -1.03543797536e-07,
        "var": 0.0101399552077
    },
    "melbands_kurtosis": {
        "dmean": 28.5896854401,
        "dmean2": 43.7253875732,
        "dvar": 5302.52978516,
        "dvar2": 12081.7451172,
        "max": 2140.13452148,
        "mean": 53.0204620361,
        "median": 19.1424636841,
        "min": -1.90197789669,
        "var": 11148.2314453
    },
    "melbands_skewness": {
        "dmean": 1.45436763763,
        "dmean2": 2.11222887039,
        "dvar": 3.35406064987,
        "dvar2": 6.82679033279,
        "max": 34.4470825195,
        "mean": 4.9719376564,
        "median": 3.9498705864,
        "min": -4.06835603714,
        "var": 12.7809247971
    },
    "melbands_spread": {
        "dmean": 12.2369117737,
        "dmean2": 17.7082595825,
        "dvar": 287.232910156,
        "dvar2": 612.78729248,
        "max": 282.220855713,
        "mean": 27.2054004669,
        "median": 18.6550483704,
        "min": 0.176855057478,
        "var": 792.718933105
    },
    "pitch_salience": {
        "dmean": 0.0901065841317,
        "dmean2": 0.131943374872,
        "dvar": 0.0101347705349,
        "dvar2": 0.0188018195331,
        "max": 0.996095597744,
        "mean": 0.446523040533,
        "median": 0.497429311275,
        "min": 0.0199053473771,
        "var": 0.0371056757867
    },
    "silence_rate_20dB": {
        "dmean": 0.00849527493119,
        "dmean2": 0.0169923529029,
        "dvar": 0.00842119846493,
        "dvar2": 0.0224395338446,
        "max": 1,
        "mean": 0.994160115719,
        "median": 1,
        "min": 0,
        "var": 0.00580596923828
    },
    "silence_rate_30dB": {
        "dmean": 0.0824041590095,
        "dmean2": 0.164825826883,
        "dvar": 0.0756125897169,
        "dvar2": 0.13766245544,
        "max": 1,
        "mean": 0.764174997807,
        "median": 1,
        "min": 0,
        "var": 0.18022954464
    },
    "silence_rate_60dB": {
        "dmean": 0.00764574715868,
        "dmean2": 0.0152931185439,
        "dvar": 0.00758747523651,
        "dvar2": 0.0165455471724,
        "max": 1,
        "mean": 0.0416224263608,
        "median": 0,
        "min": 0,
        "var": 0.0398949496448
    },
    "spectral_centroid": {
        "dmean": 375.385162354,
        "dmean2": 540.845031738,
        "dvar": 156761.484375,
        "dvar2": 300318.21875,
        "max": 11836.4960938,
        "mean": 1819.56591797,
        "median": 1701.08886719,
        "min": 79.733543396,
        "var": 1394787.75
    },
    "spectral_complexity": {
        "dmean": 5.32143974304,
        "dmean2": 8.14592170715,
        "dvar": 36.8196907043,
        "dvar2": 79.135017395,
        "max": 60,
        "mean": 21.1057548523,
        "median": 20,
        "min": 0,
        "var": 140.124420166
    },
    "spectral_decrease": {
        "dmean": 6.89950763189e-09,
        "dmean2": 9.82035608388e-09,
        "dvar": 1.46113540743e-16,
        "dvar2": 2.8028881384e-16,
        "max": 1.68312429703e-27,
        "mean": -1.83731838632e-08,
        "median": -9.62824220352e-09,
        "min": -1.40586891462e-07,
        "var": 4.44606588162e-16
    },
    "spectral_energy": {
        "dmean": 0.0282038915902,
        "dmean2": 0.0401685610414,
        "dvar": 0.00206560757942,
        "dvar2": 0.00400709500536,
        "max": 0.535322010517,
        "mean": 0.075127966702,
        "median": 0.044291421771,
        "min": 1.01763369794e-20,
        "var": 0.00633382145315
    },
    "spectral_energyband_high": {
        "dmean": 0.00332791474648,
        "dmean2": 0.00476549146697,
        "dvar": 4.28708844993e-05,
        "dvar2": 8.82659805939e-05,
        "max": 0.0465787537396,
        "mean": 0.00510186655447,
        "median": 0.00260624755174,
        "min": 6.95505818276e-21,
        "var": 6.13211668679e-05
    },
    "spectral_energyband_low": {
        "dmean": 0.0249459017068,
        "dmean2": 0.0360749438405,
        "dvar": 0.00237556127831,
        "dvar2": 0.00445478549227,
        "max": 0.5324857831,
        "mean": 0.0571679659188,
        "median": 0.0216769184917,
        "min": 1.44422745484e-23,
        "var": 0.00646714493632
    },
    "spectral_energyband_middle_high": {
        "dmean": 0.0025126314722,
        "dmean2": 0.00410399585962,
        "dvar": 1.44801852002e-05,
        "dvar2": 3.74915143766e-05,
        "max": 0.0397165045142,
        "mean": 0.00499040354043,
        "median": 0.00402383226901,
        "min": 1.16421753418e-21,
        "var": 2.12164723052e-05
    },
    "spectral_energyband_middle_low": {
        "dmean": 0.00434042001143,
        "dmean2": 0.0066893203184,
        "dvar": 3.28716341755e-05,
        "dvar2": 7.75028165663e-05,
        "max": 0.0810905173421,
        "mean": 0.00871735997498,
        "median": 0.00660204701126,
        "min": 1.43733877432e-22,
        "var": 5.9609854361e-05
    },
    "spectral_entropy": {
        "dmean": 0.188750088215,
        "dmean2": 0.272050440311,
        "dvar": 0.0552158802748,
        "dvar2": 0.0975257828832,
        "max": 9.82531356812,
        "mean": 7.98768138885,
        "median": 8.12114715576,
        "min": 4.69726467133,
        "var": 0.338222950697
    },
    "spectral_flux": {
        "dmean": 0.0480578579009,
        "dmean2": 0.0747679099441,
        "dvar": 0.00246972613968,
        "dvar2": 0.00584595650434,
        "max": 0.532288134098,
        "mean": 0.125378713012,
        "median": 0.104105733335,
        "min": 6.40299618881e-11,
        "var": 0.00719783408567
    },
    "spectral_kurtosis": {
        "dmean": 0.78344386816,
        "dmean2": 1.19701874256,
        "dvar": 1.35565400124,
        "dvar2": 2.96358966827,
        "max": 31.9048881531,
        "mean": 1.94478344917,
        "median": 1.56713867188,
        "min": -1.25770246983,
        "var": 4.36729764938
    },
    "spectral_rms": {
        "dmean": 0.00144253054168,
        "dmean2": 0.00197411840782,
        "dvar": 3.07511822939e-06,
        "dvar2": 5.13492523169e-06,
        "max": 0.0228531267494,
        "mean": 0.00753849884495,
        "median": 0.00657351873815,
        "min": 3.15089425905e-12,
        "var": 1.6466165107e-05
    },
    "spectral_rolloff": {
        "dmean": 1326.97021484,
        "dmean2": 2057.72338867,
        "dvar": 4783212,
        "dvar2": 7592574.5,
        "max": 19509.0820312,
        "mean": 2876.95288086,
        "median": 1055.12695312,
        "min": 64.599609375,
        "var": 14673210
    },
    "spectral_skewness": {
        "dmean": 0.166797205806,
        "dmean2": 0.247521489859,
        "dvar": 0.0392258912325,
        "dvar2": 0.0771046951413,
        "max": 5.08487892151,
        "mean": 1.22873187065,
        "median": 1.20295715332,
        "min": -0.145424887538,
        "var": 0.181889697909
    },
    "spectral_spread": {
        "dmean": 903615.3125,
        "dmean2": 1364353.75,
        "dvar": 1.63408222618e+12,
        "dvar2": 2.99441874534e+12,
        "max": 42102112,
        "mean": 7975847,
        "median": 7444025,
        "min": 2436115.25,
        "var": 1.46464068076e+13
    },
    "spectral_strongpeak": {
        "dmean": 0.350047677755,
        "dmean2": 0.558468103409,
        "dvar": 0.544939279556,
        "dvar2": 1.24868869781,
        "max": 11.8646354675,
        "mean": 0.681502759457,
        "median": 0.333679229021,
        "min": 0,
        "var": 1.03776872158
    },
    "zerocrossingrate": {
        "dmean": 0.0268114469945,
        "dmean2": 0.0272928792983,
        "dvar": 0.00101633218583,
        "dvar2": 0.00102994055487,
        "max": 0.517578125,
        "mean": 0.105334311724,
        "median": 0.08447265625,
        "min": 0.00244140625,
        "var": 0.0075581879355
    },
    "barkbands": {
        "dmean": [0.00035527755972, 0.0188986267895, 0.0103641226888, 0.000978521653451, 0.00182024086826, 0.00133420038037, 0.000721608288586, 0.000649374211207, 0.000710599764716, 0.000331954564899, 0.0004559494555, 0.000425186328357, 0.000445662939455, 0.00043084306526, 0.00043436489068, 0.00043436314445, 0.000427335617132, 0.000265575101366, 0.000200544833206, 0.000237925487454, 0.000177792055183, 0.000301692722132, 0.000473322113976, 0.000631143397186, 0.00120920396876, 0.000652346585412, 3.7971075173e-09],
        "dmean2": [0.00049946049694, 0.0240643713623, 0.0169792417437, 0.00165062746964, 0.00303143449128, 0.00229560863227, 0.00111820362508, 0.000986508792266, 0.00106672744732, 0.000540435721632, 0.000732844404411, 0.000707107712515, 0.000781110022217, 0.000748073682189, 0.000739872513805, 0.000744625285733, 0.000752796477173, 0.000458858470665, 0.000335902470397, 0.000394039729144, 0.000289891962893, 0.000483321869979, 0.000755209650379, 0.00092374131782, 0.00167425104883, 0.000944113882724, 6.9408039316e-09],
        "dvar": [2.16160572108e-07, 0.00108931178693, 0.000782251066994, 3.32363742928e-06, 9.35790831136e-06, 6.91261402608e-06, 1.87432692655e-06, 2.8422300602e-06, 3.37220899382e-06, 6.55726239529e-07, 9.35070033847e-07, 8.70719247814e-07, 8.04931346465e-07, 8.02562453828e-07, 7.05494926478e-07, 6.38306573819e-07, 5.28573423253e-07, 1.61551085398e-07, 9.62439017371e-08, 1.27472333133e-07, 7.15565988685e-08, 2.36954249999e-07, 6.68984284857e-07, 1.50022344769e-06, 7.79034598963e-06, 2.06839490602e-06, 3.38073712521e-17],
        "dvar2": [3.66011590813e-07, 0.00126553105656, 0.0019675642252, 8.77691400092e-06, 2.51888595812e-05, 1.88272588275e-05, 4.25109919888e-06, 6.00445810051e-06, 7.33000888431e-06, 1.4838625475e-06, 2.1844452931e-06, 2.11362134905e-06, 2.20594915845e-06, 2.20633432946e-06, 1.91426443052e-06, 1.74641058948e-06, 1.6172582491e-06, 4.59783194628e-07, 2.46523654823e-07, 3.25763750197e-07, 1.77604690066e-07, 5.95812139181e-07, 1.52730353875e-06, 3.00175429402e-06, 1.60037561727e-05, 4.25860753239e-06, 1.01808496438e-16],
        "max": [0.00858147069812, 0.402235031128, 0.24165481329, 0.0271600373089, 0.0439888685942, 0.0419918783009, 0.0334490835667, 0.0759078264236, 0.0668477714062, 0.0187578015029, 0.0232521668077, 0.0237204022706, 0.0122941583395, 0.013804834336, 0.0111285075545, 0.0130183212459, 0.0107497042045, 0.00665225181729, 0.00633862102404, 0.00459292251617, 0.00450089760125, 0.00427458807826, 0.00545692117885, 0.0108051570132, 0.0220932811499, 0.0103509901091, 1.04313343741e-07],
        "mean": [0.00078085885616, 0.0462161488831, 0.00937268976122, 0.00153596082237, 0.00264878221788, 0.00149643968325, 0.00104996387381, 0.000929156551138, 0.00096286193002, 0.000387924141251, 0.000562553701457, 0.000507285585627, 0.000464367534732, 0.000458901224192, 0.000513815728482, 0.000581064494327, 0.000577843049541, 0.000403066136641, 0.000344061758369, 0.000395023118472, 0.000339059130056, 0.000506200187374, 0.000667041458655, 0.000945323612541, 0.00162530096713, 0.000856145343278, 3.2748201928e-09],
        "median": [0.000358841789421, 0.0157862640917, 0.00261070113629, 0.000725042889826, 0.00144574220758, 0.000544064503629, 0.00042706305976, 0.000224055926083, 0.000247583724558, 0.000132171902806, 0.000242804584559, 0.000209463090869, 0.000159745773999, 0.000170449566212, 0.000214592015254, 0.000286006077658, 0.000300111802062, 0.000249918521149, 0.000221076508751, 0.000257168663666, 0.000214715662878, 0.000318820821121, 0.000348980072886, 0.000422000593971, 0.000481674505863, 0.00030824681744, 1.35161659642e-09],
        "min": [5.70923979265e-25, 3.28579460243e-24, 5.06195526105e-25, 3.12710576502e-24, 4.71464613272e-24, 8.85346482539e-24, 7.5772077876e-24, 1.39177845984e-23, 1.34892643106e-23, 1.67795589701e-23, 1.308159125e-23, 3.03116331843e-23, 2.84306732419e-23, 4.51249894803e-23, 3.67935580921e-23, 4.53985285769e-23, 5.9368213912e-23, 8.8253681243e-23, 1.38093155928e-22, 1.66452856932e-22, 2.51919915427e-22, 3.15888633609e-22, 3.46390413826e-22, 5.72044164117e-22, 8.44882045421e-22, 1.36796568998e-21, 1.87105649425e-21],
        "var": [9.53974449658e-07, 0.00443952670321, 0.000639435602352, 4.08737378166e-06, 1.29032632685e-05, 7.73425927036e-06, 3.51468906956e-06, 6.0743427639e-06, 5.94941457166e-06, 8.62078877617e-07, 1.15510636078e-06, 9.78953380582e-07, 7.02945101239e-07, 6.74905720643e-07, 7.75948194587e-07, 7.81756625656e-07, 6.81207495745e-07, 2.35962531292e-07, 1.4750345656e-07, 1.87103395888e-07, 1.33942904768e-07, 3.46374662286e-07, 8.39694394017e-07, 2.21194727601e-06, 1.07023161036e-05, 2.70248256129e-06, 2.73512265712e-17]
    },
    "erbbands": {
        "dmean": [0.57614672184, 4.7597360611, 14.0657701492, 5.62476730347, 3.2127559185, 7.78224563599, 10.5040721893, 11.1736936569, 8.9737739563, 12.0508031845, 13.7690658569, 14.9892997742, 12.6811285019, 13.7428398132, 18.9279537201, 14.4181318283, 20.1702594757, 21.826210022, 18.3140506744, 20.9315414429, 22.3142948151, 23.0324287415, 16.8239917755, 10.2099208832, 10.1550283432, 10.9371585846, 6.73976755142, 8.83038043976, 11.1057462692, 10.4609279633, 14.9941177368, 13.3779907227, 11.5729637146, 11.3908643723, 9.7665309906, 3.85098958015, 1.08044838905, 0.0769597664475, 0.00153347442392, 0.000115819566417],
        "dmean2": [0.633822798729, 6.35620164871, 22.0585403442, 9.12199878693, 5.149061203, 12.9604129791, 18.3685340881, 18.8756980896, 14.1634902954, 18.3626365662, 21.1982288361, 22.396987915, 19.8956756592, 22.0004405975, 31.1293411255, 24.0763130188, 35.2806892395, 38.1551322937, 30.9282970428, 35.4956016541, 38.0425186157, 40.6601486206, 29.1934738159, 16.9536647797, 16.8552913666, 18.2682266235, 11.2292156219, 14.3908939362, 18.027425766, 16.7466526031, 23.7417488098, 20.2678546906, 17.100112915, 16.1530132294, 13.9810914993, 5.56118917465, 1.53381145, 0.11391864717, 0.00222356058657, 0.000162872151122],
        "dvar": [0.706139266491, 84.9839019775, 1331.06433105, 162.507400513, 25.9818954468, 194.078689575, 442.932769775, 477.782897949, 340.112762451, 552.752441406, 1477.66247559, 1326.20666504, 1208.97839355, 899.10144043, 1738.95629883, 1078.19885254, 1713.42382812, 2107.20361328, 1115.23352051, 1550.32092285, 1430.24951172, 1506.71911621, 667.79284668, 221.818435669, 245.09034729, 302.724365234, 115.462554932, 201.744308472, 333.280212402, 277.64263916, 724.767883301, 591.74029541, 583.12512207, 623.378295898, 544.809570312, 71.3980941772, 5.89222717285, 0.0282284915447, 1.12678799269e-05, 4.60310580763e-08],
        "dvar2": [0.878375530243, 107.180519104, 3296.13330078, 401.815490723, 66.5272216797, 528.722595215, 1233.73266602, 1237.8260498, 775.922607422, 1164.20898438, 3339.70019531, 2726.13574219, 2784.40600586, 2099.39526367, 4195.74658203, 2649.64208984, 4721.94482422, 5858.11181641, 3011.08203125, 4201.65039062, 4066.39941406, 4614.87207031, 1943.46362305, 564.675964355, 615.399169922, 795.149597168, 300.11517334, 507.903778076, 846.698303223, 687.498046875, 1653.07556152, 1294.04455566, 1107.82971191, 1165.08862305, 1208.86865234, 151.699996948, 11.7985754013, 0.0603972487152, 2.35312654695e-05, 9.55432852834e-08],
        "max": [9.40795516968, 106.161087036, 340.823486328, 161.957015991, 105.623413086, 199.197265625, 406.542541504, 449.926422119, 610.873291016, 560.989318848, 1861.11206055, 855.109191895, 1742.35827637, 621.606750488, 1161.74255371, 1003.93109131, 565.575439453, 766.853637695, 557.808959961, 712.364013672, 600.057189941, 557.050415039, 389.41784668, 278.567443848, 352.229187012, 242.608963013, 116.709358215, 239.500228882, 185.966278076, 172.293457031, 215.955734253, 229.279922485, 207.015655518, 201.162994385, 190.170288086, 67.2356567383, 18.9204978943, 1.40542507172, 0.0269887596369, 0.00161254697014],
        "mean": [1.29194402695, 10.3464870453, 13.9239587784, 6.89722299576, 5.69926834106, 10.6564693451, 11.5019273758, 13.162694931, 13.300822258, 18.5896320343, 19.2238254547, 20.8528785706, 16.1218719482, 17.8682765961, 22.8882141113, 17.6538467407, 21.6712532043, 23.6419506073, 23.663936615, 28.1051769257, 32.6460647583, 32.9268798828, 25.843706131, 18.4220924377, 17.8489151001, 17.7399101257, 12.988858223, 14.7755308151, 18.2387447357, 17.0310573578, 20.816400528, 19.3313369751, 16.7412948608, 15.8841161728, 12.2837562561, 5.19296741486, 1.38814556599, 0.0978551208973, 0.00202870252542, 0.00020941758703],
        "median": [0.641932010651, 2.82796955109, 4.05429458618, 3.55646705627, 3.96485280991, 4.99462652206, 3.97557044029, 5.17191886902, 5.92987728119, 7.55490875244, 5.67509746552, 6.32042121887, 4.98112201691, 8.38521385193, 10.1402702332, 8.14318656921, 8.35527229309, 10.8926362991, 12.0016746521, 14.4716053009, 18.8141803741, 18.7170181274, 16.3841247559, 12.4855499268, 12.2927103043, 11.4603843689, 7.70953989029, 8.91322231293, 11.4947462082, 10.5234203339, 10.3784999847, 9.05341911316, 7.14997053146, 5.33762931824, 3.23967027664, 1.74952626228, 0.487371653318, 0.0371589139104, 0.00080188800348, 0.000144043355249],
        "min": [1.07622930148e-22, 5.67367241313e-22, 8.55900299187e-22, 1.12114048819e-20, 9.5047236753e-21, 1.38396799977e-20, 4.8140250827e-20, 8.52016839692e-20, 1.30232633959e-19, 1.89467864805e-19, 3.10394510078e-19, 3.16919620943e-19, 6.17777255546e-19, 6.83136414659e-19, 8.50723568654e-19, 1.38068014424e-18, 1.44280854267e-18, 2.33462153278e-18, 1.77252376881e-18, 2.90524153179e-18, 3.47132051604e-18, 3.82848717837e-18, 5.16794157146e-18, 5.26405251401e-18, 6.4621380181e-18, 7.19732994269e-18, 8.86809002344e-18, 9.60495161209e-18, 1.12192996294e-17, 1.1667428035e-17, 1.04376470378e-17, 1.16818284223e-17, 8.82817855888e-18, 7.79259888998e-18, 5.32873596997e-18, 4.36541300911e-18, 2.11178631358e-18, 9.56043668063e-19, 2.49161999945e-19, 2.71397506614e-20],
        "var": [2.96608304977, 276.307342529, 1234.57348633, 154.6847229, 41.2001800537, 265.769592285, 486.622375488, 603.353942871, 628.640075684, 1230.96582031, 2355.62792969, 2581.73242188, 1658.65844727, 1109.0201416, 2016.84875488, 1104.32055664, 1456.0246582, 1629.34863281, 1219.78283691, 1740.17712402, 1958.20019531, 1951.02099609, 957.384460449, 386.009246826, 368.629608154, 392.588775635, 207.236328125, 292.778656006, 464.15625, 398.050964355, 892.017211914, 827.179504395, 826.834228516, 917.605041504, 677.110412598, 95.0250701904, 7.85587596893, 0.0354251340032, 1.46249103636e-05, 6.31719316857e-08]
    },
    "gfcc": {
        "mean": [34.0536270142, 46.841545105, -80.956161499, 45.9976882935, -50.3779602051, 32.8863639832, -39.9168739319, 24.6135692596, -20.891160965, 11.9695739746, -14.3030071259, 10.448015213, -10.6320152283],
        "cov": [[20908.0742188, 17.3645477295, -315.048339844, 379.928985596, -128.365249634, 596.478393555, -630.235717773, 475.891326904, -409.854675293, 397.1668396, -411.331329346, 191.117996216, -338.870025635], [17.3645477295, 1829.97558594, -220.90397644, -102.935890198, 108.408187866, -138.394439697, 181.566848755, 68.658454895, 248.832214355, -165.917922974, 184.783950806, -40.0214157104, 177.598724365], [-315.048339844, -220.90397644, 1072.05029297, 223.239562988, 149.496780396, 138.776733398, 62.6211051941, -4.00437641144, -151.988006592, 47.7697982788, -65.7673873901, -1.14974451065, -38.9570922852], [379.928985596, -102.935890198, 223.239562988, 379.320648193, 129.032958984, 86.5473403931, 42.6102752686, 24.4028244019, 19.35247612, 14.7403182983, 17.7216682434, -18.8524265289, -20.3276977539], [-128.365249634, 108.408187866, 149.496780396, 129.032958984, 348.820709229, 105.931053162, 124.229904175, 75.3551940918, 84.5117111206, 21.8178920746, 31.1849937439, -11.6936635971, -2.70050501823], [596.478393555, -138.394439697, 138.776733398, 86.5473403931, 105.931053162, 213.911178589, 95.1594009399, 33.804107666, -21.5804748535, 43.8908958435, -11.6151046753, 4.81877851486, -30.3228626251], [-630.235717773, 181.566848755, 62.6211051941, 42.6102752686, 124.229904175, 95.1594009399, 269.121734619, 62.1437835693, 83.0139694214, 13.0015621185, 70.5142669678, 2.60928368568, 13.2926807404], [475.891326904, 68.658454895, -4.00437641144, 24.4028244019, 75.3551940918, 33.804107666, 62.1437835693, 152.026168823, 85.8330841064, 20.4596500397, 13.2125692368, 5.02709293365, 3.92631626129], [-409.854675293, 248.832214355, -151.988006592, 19.35247612, 84.5117111206, -21.5804748535, 83.0139694214, 85.8330841064, 226.730300903, 13.2362976074, 76.3696899414, -13.7300863266, 42.8350486755], [397.1668396, -165.917922974, 47.7697982788, 14.7403182983, 21.8178920746, 43.8908958435, 13.0015621185, 20.4596500397, 13.2362976074, 139.715515137, 7.21049261093, 31.67918396, -28.4915904999], [-411.331329346, 184.783950806, -65.7673873901, 17.7216682434, 31.1849937439, -11.6151046753, 70.5142669678, 13.2125692368, 76.3696899414, 7.21049261093, 140.688293457, 26.8245830536, 41.754611969], [191.117996216, -40.0214157104, -1.14974451065, -18.8524265289, -11.6936635971, 4.81877851486, 2.60928368568, 5.02709293365, -13.7300863266, 31.67918396, 26.8245830536, 91.7433929443, 25.3155498505], [-338.870025635, 177.598724365, -38.9570922852, -20.3276977539, -2.70050501823, -30.3228626251, 13.2926807404, 3.92631626129, 42.8350486755, -28.4915904999, 41.754611969, 25.3155498505, 103.14616394]],
        "icov": [[0.000132993722218, -0.00023857614724, 0.000164728829986, -0.000257069506915, 0.000147650076542, -0.000551912933588, 0.000556668848731, -0.000640413316432, 0.000411623943364, -0.000404884049203, 0.000274528254522, -0.000338217883836, 0.000342618208379], [-0.00023857614724, 0.00137068494223, -0.000328860973241, 0.00076992547838, -0.000512738304678, 0.00143902492709, -0.00140200764872, 0.00102882296778, -0.00112213368993, 0.00155178597197, -0.00115735421423, 0.00113475497346, -0.00148055690806], [0.000164728829986, -0.000328860973241, 0.00161297933664, -0.00102605717257, -0.000313599390211, -0.000621514685918, 0.000217368477024, -0.000975519767962, 0.00196431996301, -0.00114880176261, 0.000853269069921, -0.000167203063029, -0.000104838087282], [-0.000257069506915, 0.00076992547838, -0.00102605717257, 0.0041822027415, -0.00107898109127, 0.000121414617752, -0.000498565786984, 0.00129682209808, -0.00159528048243, 0.00141311995685, -0.0017805028474, 0.00138782116119, -0.000278231309494], [0.000147650076542, -0.000512738304678, -0.000313599390211, -0.00107898109127, 0.00480120256543, -0.00214880285785, -2.4937469334e-06, -0.00136819831096, -0.00105483189691, -0.000350301328581, 0.000385267456295, -0.000341813574778, 0.000852463301271], [-0.000551912933588, 0.00143902492709, -0.000621514685918, 0.000121414617752, -0.00214880285785, 0.0104457121342, -0.0052920342423, 0.00165770633612, 0.000474363856483, 0.000139427982504, -0.00012029393838, 0.00145846395753, -0.00133604824077], [0.000556668848731, -0.00140200764872, 0.000217368477024, -0.000498565786984, -2.4937469334e-06, -0.0052920342423, 0.00888568442315, -0.00339030567557, 0.000321000319673, -0.00114754098468, -0.00141815643292, -0.00138598354533, 0.00211877189577], [-0.000640413316432, 0.00102882296778, -0.000975519767962, 0.00129682209808, -0.00136819831096, 0.00165770633612, -0.00339030567557, 0.012815553695, -0.00622909003869, 0.00189617485739, 0.000647124892566, -0.000431602005847, -0.000633105519228], [0.000411623943364, -0.00112213368993, 0.00196431996301, -0.00159528048243, -0.00105483189691, 0.000474363856483, 0.000321000319673, -0.00622909003869, 0.0118922982365, -0.00421929731965, -0.00165922474116, 0.00282574002631, -0.00210650847293], [-0.000404884049203, 0.00155178597197, -0.00114880176261, 0.00141311995685, -0.000350301328581, 0.000139427982504, -0.00114754098468, 0.00189617485739, -0.00421929731965, 0.0120015479624, -0.00192506343592, -0.00325588998385, 0.00259579159319], [0.000274528254522, -0.00115735421423, 0.000853269069921, -0.0017805028474, 0.000385267456295, -0.00012029393838, -0.00141815643292, 0.000647124892566, -0.00165922474116, -0.00192506343592, 0.0127206994221, -0.00442421343178, -0.000907422916498], [-0.000338217883836, 0.00113475497346, -0.000167203063029, 0.00138782116119, -0.000341813574778, 0.00145846395753, -0.00138598354533, -0.000431602005847, 0.00282574002631, -0.00325588998385, -0.00442421343178, 0.0170143991709, -0.00669757789001], [0.000342618208379, -0.00148055690806, -0.000104838087282, -0.000278231309494, 0.000852463301271, -0.00133604824077, 0.00211877189577, -0.000633105519228, -0.00210650847293, 0.00259579159319, -0.000907422916498, -0.00669757789001, 0.0162589810789]]
    },
    "melbands": {
        "dmean": [0.0052603026852, 0.00706460373476, 0.000909806229174, 0.000375721807359, 0.000360796868335, 0.000245473522227, 0.000142726465128, 0.000137837036164, 0.000111345070763, 0.000100420373201, 6.38584897388e-05, 5.47840354557e-05, 5.69230687688e-05, 5.73989382247e-05, 3.06760957756e-05, 5.19094246556e-05, 4.19840398536e-05, 2.87915245281e-05, 3.89886517951e-05, 3.21726038237e-05, 2.5964467568e-05, 2.60642718786e-05, 1.96276469069e-05, 1.173365672e-05, 8.85144618223e-06, 7.58304940973e-06, 9.28670669964e-06, 7.17663078831e-06, 4.61491663373e-06, 4.06470962844e-06, 5.95250412516e-06, 6.71871930535e-06, 5.86777241551e-06, 6.01843476034e-06, 9.36918331718e-06, 8.50705964694e-06, 7.84984513302e-06, 8.3212280515e-06, 7.01570388628e-06, 1.09901875476e-05],
        "dmean2": [0.00582256959751, 0.0100076990202, 0.00144936912693, 0.000621419341769, 0.000620321719907, 0.000416077498812, 0.000222964343266, 0.000207648365176, 0.000172632921021, 0.000149759624037, 0.000100735938759, 8.75719051692e-05, 9.32934199227e-05, 9.50476460275e-05, 5.25979594386e-05, 9.05375272851e-05, 7.3624374636e-05, 4.87373108626e-05, 6.65992847644e-05, 5.53669160581e-05, 4.4706674089e-05, 4.62047719338e-05, 3.44621221302e-05, 2.02205810638e-05, 1.47951150211e-05, 1.28271922222e-05, 1.53898618009e-05, 1.21806015159e-05, 7.759469554e-06, 6.75049886922e-06, 9.83170139079e-06, 1.11898725663e-05, 9.26623579289e-06, 9.8207483461e-06, 1.50495161506e-05, 1.33038975036e-05, 1.20240565593e-05, 1.25605856738e-05, 1.02156973298e-05, 1.57462764037e-05],
        "dvar": [5.90151430515e-05, 0.000251899589784, 3.81642121283e-06, 4.03771565516e-07, 4.66803612653e-07, 2.2504393371e-07, 7.24660864648e-08, 7.83031026685e-08, 9.77809335723e-08, 6.52502194498e-08, 3.1588196947e-08, 1.457644494e-08, 1.45303875598e-08, 1.6787909729e-08, 4.2306420589e-09, 1.06548503354e-08, 8.18449930051e-09, 3.75430886379e-09, 6.57577992058e-09, 4.70323113788e-09, 2.0581829574e-09, 1.98153204956e-09, 9.46073552832e-10, 3.1010372048e-10, 1.75703826488e-10, 1.62341265431e-10, 1.84237736178e-10, 1.28380625575e-10, 5.6512638319e-11, 3.45609929564e-11, 1.03140378183e-10, 1.25531959827e-10, 8.28645901896e-11, 9.42545069771e-11, 2.87264684262e-10, 2.26687280058e-10, 2.01298713809e-10, 2.98216090711e-10, 2.01362662655e-10, 5.95343663257e-10],
        "dvar2": [6.82140816934e-05, 0.000557618157472, 8.91622403287e-06, 1.08899018869e-06, 1.28753436002e-06, 5.92570529534e-07, 1.64984854223e-07, 1.57392875622e-07, 2.1876995504e-07, 1.3422476286e-07, 7.23074435882e-08, 3.41285932848e-08, 3.5212540439e-08, 4.10594260813e-08, 1.08964277601e-08, 2.88106125623e-08, 2.27321219626e-08, 1.0160455588e-08, 1.79530363908e-08, 1.27776518255e-08, 6.05396666131e-09, 6.12764816665e-09, 2.81692580373e-09, 8.57352355776e-10, 4.58048821095e-10, 4.23304308272e-10, 4.64452420967e-10, 3.43324063623e-10, 1.48586545845e-10, 8.83235568017e-11, 2.64122085314e-10, 3.30557831107e-10, 1.90353288687e-10, 2.36115932362e-10, 6.75339395517e-10, 4.86983009473e-10, 4.57422794087e-10, 6.02043248588e-10, 3.54554718918e-10, 1.11734421715e-09],
        "max": [0.0954779163003, 0.163989380002, 0.0238227434456, 0.01027918607, 0.0129445111379, 0.00909992493689, 0.00783245638013, 0.00694293482229, 0.01258756686, 0.0075949956663, 0.00871267635375, 0.002731613582, 0.00313448044471, 0.0033950926736, 0.00115336128511, 0.00133421819191, 0.00159301212989, 0.00118883792311, 0.00104859424755, 0.00121742056217, 0.000703094818164, 0.000739710172638, 0.000414727954194, 0.000286061083898, 0.000275957107078, 0.000306944159092, 0.000173159351107, 0.000137681738124, 8.3604187239e-05, 0.000121007637063, 0.000144958656165, 0.000105508770503, 0.000119580057799, 0.000116143950436, 0.000153127897647, 0.000127244144096, 0.000135843481985, 0.000151358020958, 0.000116911207442, 0.000199530157261],
        "mean": [0.0124210119247, 0.00982957798988, 0.00122271024156, 0.000571246317122, 0.000431257503806, 0.000288897921564, 0.000211529710214, 0.000214289044379, 0.000148779814481, 0.000137714770972, 7.83288414823e-05, 6.92617104505e-05, 6.984132051e-05, 6.76833151374e-05, 3.37136552844e-05, 5.46232658962e-05, 4.28961357102e-05, 3.46728302247e-05, 4.52135027444e-05, 4.0395927499e-05, 3.56331365765e-05, 3.47097011399e-05, 2.75155744021e-05, 1.79169492185e-05, 1.4751276467e-05, 1.23527124742e-05, 1.46316997416e-05, 1.08687490865e-05, 8.18288572191e-06, 7.46901014281e-06, 8.82229505805e-06, 1.00565966932e-05, 1.03008833321e-05, 9.00808481674e-06, 1.23803156384e-05, 1.18018006106e-05, 1.12610496217e-05, 1.15222819659e-05, 1.09233606054e-05, 1.45213653013e-05],
        "median": [0.00497751310468, 0.00282528344542, 0.000632507377304, 0.000340240396326, 0.000167305610375, 0.000112608315249, 9.48030210566e-05, 7.74320724304e-05, 3.84026461688e-05, 3.63002072845e-05, 2.10992329812e-05, 3.01581858366e-05, 3.24110078509e-05, 2.74456579064e-05, 1.20151526062e-05, 1.7813687009e-05, 1.66766876646e-05, 1.50309606397e-05, 1.78069385584e-05, 1.66983845702e-05, 1.90456885321e-05, 1.77068541234e-05, 1.62811775226e-05, 1.11934205052e-05, 9.16624958336e-06, 8.0314994193e-06, 9.4383585747e-06, 6.57126201986e-06, 4.50929837825e-06, 4.71694011139e-06, 5.00864098285e-06, 6.06178127782e-06, 6.15278440819e-06, 5.18301067132e-06, 6.03447006142e-06, 5.67375718674e-06, 5.29485350853e-06, 4.80620474264e-06, 4.77606408822e-06, 4.24738209404e-06],
        "min": [1.52338862116e-24, 7.58748408139e-25, 2.03864949027e-24, 8.33594051712e-25, 1.55857063425e-24, 2.09602334391e-24, 2.01338799472e-24, 2.04345621698e-24, 2.2348145455e-24, 2.03870155509e-24, 2.86293399723e-24, 2.72321312306e-24, 2.01338661421e-24, 3.19874735142e-24, 3.59703454499e-24, 3.00195712392e-24, 3.54389332454e-24, 2.70194996901e-24, 3.02240794846e-24, 3.21888085665e-24, 3.3896674677e-24, 3.55093509141e-24, 4.30443136225e-24, 3.88943767243e-24, 3.68412084462e-24, 4.99634993969e-24, 4.67757637549e-24, 3.59338448558e-24, 4.06826967863e-24, 5.67151863353e-24, 5.05892396442e-24, 5.90585607631e-24, 5.69385601892e-24, 5.33177399102e-24, 6.11549428415e-24, 5.34805450238e-24, 6.86998215315e-24, 5.38339744309e-24, 5.32637463256e-24, 6.66241549405e-24],
        "var": [0.000288025970804, 0.000367950531654, 4.08100231652e-06, 5.70524889554e-07, 5.46779006072e-07, 2.75834253216e-07, 1.35965450454e-07, 1.95596072672e-07, 1.55037582772e-07, 1.26887286456e-07, 4.3303355568e-08, 1.79252754862e-08, 1.66618843167e-08, 1.86840836136e-08, 4.16342560428e-09, 9.9417967192e-09, 6.27039753454e-09, 3.68449026844e-09, 7.14182046835e-09, 5.25394927564e-09, 2.56432075574e-09, 2.42758102509e-09, 1.26708121773e-09, 4.54629056623e-10, 2.83303658311e-10, 2.19788048872e-10, 2.6715776813e-10, 1.63487570704e-10, 9.52157311329e-11, 6.70507677158e-11, 1.2365483637e-10, 1.53520585133e-10, 1.73592473729e-10, 1.26025481717e-10, 3.33460203894e-10, 3.05053232674e-10, 2.76215883499e-10, 3.96904981104e-10, 3.2459013255e-10, 8.54167792053e-10]
    },
    "mfcc": {
        "mean": [-614.25213623, 80.8410644531, 28.8039798737, 22.963727951, 20.6163368225, 9.97855949402, 5.42505979538, 11.8990659714, 4.81162071228, 5.08566331863, 3.31221866608, 4.64083242416, 6.22765350342],
        "cov": [[10153.5410156, 77.7555389404, 44.3753204346, 38.9168968201, 435.362335205, 186.565109253, 100.429527283, -17.0173740387, 86.8722076416, 135.217178345, -2.27378845215, 57.9930305481, 99.6310195923], [77.7555389404, 1391.77148438, -120.322212219, 97.8036804199, 11.1768131256, -71.2664413452, 12.6152706146, 167.678192139, 39.4842224121, 80.9753723145, -46.1710510254, 50.4368858337, 96.8413467407], [44.3753204346, -120.322212219, 738.114074707, 158.148193359, 94.5852813721, 118.620285034, 141.922210693, -21.5881710052, 6.99727725983, -45.4667282104, -7.40056562424, -40.8659324646, -16.4164962769], [38.9168968201, 97.8036804199, 158.148193359, 277.011932373, 130.442428589, 56.9236831665, 54.4499435425, 50.4360961914, 44.3876647949, 38.1543998718, 19.5526046753, 32.1337738037, 40.9699478149], [435.362335205, 11.1768131256, 94.5852813721, 130.442428589, 264.674682617, 65.4248428345, 45.7976722717, 46.259765625, 50.0125846863, 52.7020721436, 2.31937265396, 14.1270885468, 33.4379959106], [186.565109253, -71.2664413452, 118.620285034, 56.9236831665, 65.4248428345, 220.764450073, 126.572425842, 23.4361457825, 34.9375457764, 23.9148197174, 53.1589736938, 13.426115036, -13.059595108], [100.429527283, 12.6152706146, 141.922210693, 54.4499435425, 45.7976722717, 126.572425842, 206.387863159, 68.2508392334, 32.0199584961, 15.4857606888, 43.2492637634, 10.9867153168, 5.99459981918], [-17.0173740387, 167.678192139, -21.5881710052, 50.4360961914, 46.259765625, 23.4361457825, 68.2508392334, 165.240692139, 65.5025177002, 45.5807380676, 29.8295269012, 33.1622428894, 27.0181732178], [86.8722076416, 39.4842224121, 6.99727725983, 44.3876647949, 50.0125846863, 34.9375457764, 32.0199584961, 65.5025177002, 121.888793945, 68.138130188, 26.142156601, 22.8687343597, 21.9139499664], [135.217178345, 80.9753723145, -45.4667282104, 38.1543998718, 52.7020721436, 23.9148197174, 15.4857606888, 45.5807380676, 68.138130188, 125.764640808, 47.1869697571, 36.9235305786, 26.15102005], [-2.27378845215, -46.1710510254, -7.40056562424, 19.5526046753, 2.31937265396, 53.1589736938, 43.2492637634, 29.8295269012, 26.142156601, 47.1869697571, 125.536621094, 49.3599510193, -5.87603092194], [57.9930305481, 50.4368858337, -40.8659324646, 32.1337738037, 14.1270885468, 13.426115036, 10.9867153168, 33.1622428894, 22.8687343597, 36.9235305786, 49.3599510193, 97.6976242065, 53.1590080261], [99.6310195923, 96.8413467407, -16.4164962769, 40.9699478149, 33.4379959106, -13.059595108, 5.99459981918, 27.0181732178, 21.9139499664, 26.15102005, -5.87603092194, 53.1590080261, 108.180656433]],
