{
"lowlevel": {
    "average_loudness": 0.928663849831,
    "barkbands_crest": {
        "dmean": 3.55203580856,
        "dmean2": 5.20613336563,
        "dvar": 10.9375143051,
        "dvar2": 21.1111888885,
        "max": 26.67603302,
        "mean": 12.4954309464,
        "median": 11.24563694,
        "min": 2.08243846893,
        "var": 38.7349472046
    },
    "barkbands_flatness_db": {
        "dmean": 0.0349369160831,
        "dmean2": 0.0478662550449,
        "dvar": 0.00105380418245,
        "dvar2": 0.00207531847991,
        "max": 0.432174682617,
        "mean": 0.12763787806,
        "median": 0.110162377357,
        "min": 0.0190330948681,
        "var": 0.00473712524399
    },
    "barkbands_kurtosis": {
        "dmean": 8.00821018219,
        "dmean2": 12.5352983475,
        "dvar": 487.677032471,
        "dvar2": 1250.77758789,
        "max": 323.996704102,
        "mean": 7.86842107773,
        "median": 1.88590669632,
        "min": -1.86688685417,
        "var": 487.506378174
    },
    "barkbands_skewness": {
        "dmean": 1.04697334766,
        "dmean2": 1.49525904655,
        "dvar": 1.89994645119,
        "dvar2": 4.46805524826,
        "max": 17.4809818268,
        "mean": 1.98013484478,
        "median": 1.64907205105,
        "min": -2.68228888512,
        "var": 4.13369083405
    },
    "barkbands_spread": {
        "dmean": 12.1958580017,
        "dmean2": 18.2790203094,
        "dvar": 189.218048096,
        "dvar2": 408.230224609,
        "max": 106.180152893,
        "mean": 33.4588508606,
        "median": 30.5917472839,
        "min": 0.782167434692,
        "var": 421.648223877
    },
    "dissonance": {
        "dmean": 0.0169155672193,
        "dmean2": 0.0277872569859,
        "dvar": 0.00036050248309,
        "dvar2": 0.000915267330129,
        "max": 0.500000059605,
        "mean": 0.471015751362,
        "median": 0.476780980825,
        "min": 0.21945309639,
        "var": 0.000611394643784
    },
    "dynamic_complexity": 3.03816986084,
    "erbbands_crest": {
        "dmean": 2.32532215118,
        "dmean2": 3.8486764431,
        "dvar": 6.16525125504,
        "dvar2": 14.9322729111,
        "max": 31.6551418304,
        "mean": 6.42530345917,
        "median": 5.36563110352,
        "min": 2.04212713242,
        "var": 12.5769300461
    },
    "erbbands_flatness_db": {
        "dmean": 0.0167122092098,
        "dmean2": 0.0251147262752,
        "dvar": 0.000303118606098,
        "dvar2": 0.000642545113806,
        "max": 0.443409413099,
        "mean": 0.115300856531,
        "median": 0.0972623080015,
        "min": 0.0470081716776,
        "var": 0.00311427633278
    },
    "erbbands_kurtosis": {
        "dmean": 0.788735687733,
        "dmean2": 1.3008774519,
        "dvar": 2.86126875877,
        "dvar2": 7.61217069626,
        "max": 33.3700942993,
        "mean": -0.335007876158,
        "median": -0.694222211838,
        "min": -1.79851281643,
        "var": 2.80857992172
    },
    "erbbands_skewness": {
        "dmean": 0.399169355631,
        "dmean2": 0.614062905312,
        "dvar": 0.186034187675,
        "dvar2": 0.429502040148,
        "max": 5.18785715103,
        "mean": -1.47208879753e-06,
        "median": -0.0348899178207,
        "min": -2.62274289131,
        "var": 0.376793056726
    },
    "erbbands_spread": {
        "dmean": 13.4815301895,
        "dmean2": 20.585193634,
        "dvar": 179.273803711,
        "dvar2": 407.323455811,
        "max": 178.375732422,
        "mean": 61.0132141113,
        "median": 59.5885314941,
        "min": 1.67457580566,
        "var": 674.442260742
    },
    "hfc": {
        "dmean": 26.6066036224,
        "dmean2": 41.2076835632,
        "dvar": 1329.01904297,
        "dvar2": 3216.86279297,
        "max": 295.52557373,
        "mean": 44.9987030029,
        "median": 33.0082931519,
        "min": 1.07890689308e-16,
        "var": 2024.20605469
    },
    "melbands_crest": {
        "dmean": 4.43102121353,
        "dmean2": 6.69795274734,
        "dvar": 16.6225891113,
        "dvar2": 36.540096283,
        "max": 34.5148200989,
        "mean": 18.410276413,
        "median": 18.4982643127,
        "min": 1.61718833447,
        "var": 52.7602310181
    },
    "melbands_flatness_db": {
        "dmean": 0.0470833256841,
        "dmean2": 0.063648417592,
        "dvar": 0.00193595676683,
        "dvar2": 0.00377694796771,
        "max": 0.513643980026,
        "mean": 0.187600359321,
        "median": 0.177019044757,
        "min": 0.00324686686508,
        "var": 0.00877952110022
    },
    "melbands_kurtosis": {
        "dmean": 26.5104084015,
        "dmean2": 40.0170974731,
        "dvar": 4699.43066406,
        "dvar2": 11041.4619141,
        "max": 1026.41748047,
        "mean": 36.2385482788,
        "median": 15.6866607666,
        "min": -1.73010897636,
        "var": 6316.75195312
    },
    "melbands_skewness": {
        "dmean": 1.54295289516,
        "dmean2": 2.24334359169,
        "dvar": 3.90715503693,
        "dvar2": 8.66319656372,
        "max": 24.9156036377,
        "mean": 4.17281293869,
        "median": 3.61159038544,
        "min": -2.06670451164,
        "var": 9.97699737549
    },
    "melbands_spread": {
        "dmean": 14.8001823425,
        "dmean2": 22.3712501526,
        "dvar": 371.298614502,
        "dvar2": 835.851196289,
        "max": 212.31149292,
        "mean": 30.0496101379,
        "median": 20.3608970642,
        "min": 0.490024805069,
        "var": 836.003112793
    },
    "pitch_salience": {
        "dmean": 0.105521157384,
        "dmean2": 0.15408846736,
        "dvar": 0.0091865574941,
        "dvar2": 0.0178086999804,
        "max": 0.948234677315,
        "mean": 0.496416330338,
        "median": 0.525546848774,
        "min": 0.0248018354177,
        "var": 0.0320175923407
    },
    "silence_rate_20dB": {
        "dmean": 0,
        "dmean2": 0,
        "dvar": 0,
        "dvar2": 0,
        "max": 1,
        "mean": 1,
        "median": 1,
        "min": 1,
        "var": 0
    },
    "silence_rate_30dB": {
        "dmean": 0.0740021541715,
        "dmean2": 0.148020282388,
        "dvar": 0.0685254707932,
        "dvar2": 0.165579378605,
        "max": 1,
        "mean": 0.940028071404,
        "median": 1,
        "min": 0,
        "var": 0.0563776232302
    },
    "silence_rate_60dB": {
        "dmean": 0.0306364614516,
        "dmean2": 0.0612795352936,
        "dvar": 0.0297030787915,
        "dvar2": 0.0706964507699,
        "max": 1,
        "mean": 0.0835940018296,
        "median": 0,
        "min": 0,
        "var": 0.0766063332558
    },
    "spectral_centroid": {
        "dmean": 463.775634766,
        "dmean2": 676.750915527,
        "dvar": 235100.5625,
        "dvar2": 478947.3125,
        "max": 11644.5751953,
        "mean": 1767.79931641,
        "median": 1615.35083008,
        "min": 218.925582886,
        "var": 1495045
    },
    "spectral_complexity": {
        "dmean": 7.6317152977,
        "dmean2": 11.4564676285,
        "dvar": 63.0037841797,
        "dvar2": 129.71824646,
        "max": 62,
        "mean": 21.9690437317,
        "median": 21,
        "min": 0,
        "var": 183.987808228
    },
    "spectral_decrease": {
        "dmean": 3.81746279032e-09,
        "dmean2": 5.12902387229e-09,
        "dvar": 1.86650128849e-17,
        "dvar2": 3.75615602407e-17,
        "max": 6.92662384921e-21,
        "mean": -1.09205862131e-08,
        "median": -1.04722772676e-08,
        "min": -1.08446300828e-07,
        "var": 7.44425758304e-17
    },
    "spectral_energy": {
        "dmean": 0.0155244860798,
        "dmean2": 0.0215394254774,
        "dvar": 0.000298516912153,
        "dvar2": 0.000620327075012,
        "max": 0.426797121763,
        "mean": 0.0452983528376,
        "median": 0.0447648763657,
        "min": 9.9893965843e-21,
        "var": 0.00116239918862
    },
    "spectral_energyband_high": {
        "dmean": 0.0026240083389,
        "dmean2": 0.00410377932712,
        "dvar": 1.526899905e-05,
        "dvar2": 3.65368578059e-05,
        "max": 0.0286451131105,
        "mean": 0.00389175279997,
        "median": 0.00240286625922,
        "min": 6.70854907059e-21,
        "var": 2.18854384002e-05
    },
    "spectral_energyband_low": {
        "dmean": 0.0113735646009,
        "dmean2": 0.0142778428271,
        "dvar": 0.000239032829995,
        "dvar2": 0.000408679887187,
        "max": 0.393507272005,
        "mean": 0.0265535153449,
        "median": 0.0199540816247,
        "min": 1.07519035589e-23,
        "var": 0.00088155985577
    },
    "spectral_energyband_middle_high": {
        "dmean": 0.00312921591103,
        "dmean2": 0.00494367443025,
        "dvar": 2.21864083869e-05,
        "dvar2": 5.4484080465e-05,
        "max": 0.105138123035,
        "mean": 0.00530427787453,
        "median": 0.00317317992449,
        "min": 1.22664301324e-21,
        "var": 3.61652382708e-05
    },
    "spectral_energyband_middle_low": {
        "dmean": 0.00661896495149,
        "dmean2": 0.0100784385577,
        "dvar": 6.44166138954e-05,
        "dvar2": 0.00014996479149,
        "max": 0.115326032043,
        "mean": 0.0105879455805,
        "median": 0.00795977655798,
        "min": 1.28823320851e-22,
        "var": 0.000101003119198
    },
    "spectral_entropy": {
        "dmean": 0.206776708364,
        "dmean2": 0.297465354204,
        "dvar": 0.0423919558525,
        "dvar2": 0.0866766795516,
        "max": 9.82330226898,
        "mean": 8.05066204071,
        "median": 8.13608455658,
        "min": 4.87388038635,
        "var": 0.255208075047
    },
    "spectral_flux": {
        "dmean": 0.0346574001014,
        "dmean2": 0.0539067238569,
        "dvar": 0.00107236090116,
        "dvar2": 0.00215978454798,
        "max": 0.532400965691,
        "mean": 0.115687593818,
        "median": 0.109508506954,
        "min": 6.39995903495e-11,
        "var": 0.00369043252431
    },
    "spectral_kurtosis": {
        "dmean": 1.55165684223,
        "dmean2": 2.53820014,
        "dvar": 20.6882801056,
        "dvar2": 59.1484909058,
        "max": 83.7004852295,
        "mean": 3.5435025692,
        "median": 1.52146196365,
        "min": -1.25960457325,
        "var": 70.7144393921
    },
    "spectral_rms": {
        "dmean": 0.00119894382078,
        "dmean2": 0.00168903649319,
        "dvar": 1.44551245285e-06,
        "dvar2": 3.02020384879e-06,
        "max": 0.0204055737704,
        "mean": 0.00602052733302,
        "median": 0.0066085588187,
        "min": 3.12181877571e-12,
        "var": 7.94686729932e-06
    },
    "spectral_rolloff": {
        "dmean": 1389.38720703,
        "dmean2": 2197.5769043,
        "dvar": 3738236.75,
        "dvar2": 7556384,
        "max": 19595.2148438,
        "mean": 2527.30810547,
        "median": 1291.9921875,
        "min": 64.599609375,
        "var": 9710655
    },
    "spectral_skewness": {
        "dmean": 0.225101023912,
        "dmean2": 0.350891381502,
        "dvar": 0.122633889318,
        "dvar2": 0.32284066081,
        "max": 6.88182449341,
        "mean": 1.295835495,
        "median": 1.12918460369,
        "min": -0.0595203563571,
        "var": 0.545705199242
    },
    "spectral_spread": {
        "dmean": 762996.125,
        "dmean2": 1092018,
        "dvar": 675624452096,
        "dvar2": 1.40621552026e+12,
        "max": 42517544,
        "mean": 7109498.5,
        "median": 7033814,
        "min": 675050.6875,
        "var": 1.57638134333e+13
    },
    "spectral_strongpeak": {
        "dmean": 0.305639266968,
        "dmean2": 0.505656301975,
        "dvar": 0.323123842478,
        "dvar2": 0.860976755619,
        "max": 14.6992864609,
        "mean": 0.606682419777,
        "median": 0.515590727329,
        "min": 0,
        "var": 0.32316043973
    },
    "zerocrossingrate": {
        "dmean": 0.0235047116876,
        "dmean2": 0.0282593630254,
        "dvar": 0.000525302137248,
        "dvar2": 0.000709967222065,
        "max": 0.52099609375,
        "mean": 0.0946875885129,
        "median": 0.0830078125,
        "min": 0.00341796875,
        "var": 0.00477911392227
    },
    "barkbands": {
        "dmean": [0.00028313708026, 0.00988059584051, 0.00414800038561, 0.00202406034805, 0.00292863021605, 0.00133789575193, 0.00116328743752, 0.000901290739421, 0.000667051644996, 0.000353357667336, 0.00055673456518, 0.000641908089165, 0.000682559155393, 0.00063039973611, 0.000401285680709, 0.000418210896896, 0.000325183616951, 0.0002426403953, 0.000255592371104, 0.000336485420121, 0.000307666283334, 0.000436116184574, 0.000592725351453, 0.000643077655695, 0.000397163879825, 0.000287640898023, 2.59605258179e-06],
        "dmean2": [0.000386905798223, 0.0123172756284, 0.00624748179689, 0.00344493985176, 0.00464262953028, 0.00216818065383, 0.00186464178842, 0.00147140352055, 0.00116557371803, 0.000603751745075, 0.000948361237533, 0.00109949277248, 0.00115971267223, 0.00106684060302, 0.000678163312841, 0.000682056241203, 0.000557299354114, 0.000395362032577, 0.000429424660979, 0.000551247270778, 0.000490709033329, 0.000694465998095, 0.000960704870522, 0.00102250045165, 0.000624274660368, 0.000452626438346, 4.42283680968e-06],
        "dvar": [2.87781602992e-07, 0.000272982491879, 5.58399660804e-05, 1.9771654479e-05, 1.93950654648e-05, 4.71222074339e-06, 3.74059004571e-06, 3.82523012377e-06, 4.82069253849e-06, 5.06529204358e-07, 2.18600325752e-06, 1.71364399648e-06, 1.67809514551e-06, 1.15065381578e-06, 7.0113816264e-07, 5.94042205648e-07, 3.50823142981e-07, 1.19571353707e-07, 1.35873492013e-07, 2.72100777465e-07, 1.88599940998e-07, 4.64944463374e-07, 8.25779522984e-07, 8.78298351381e-07, 3.95025779198e-07, 2.13590894305e-07, 1.41265374398e-10],
        "dvar2": [5.8495123767e-07, 0.000434837420471, 0.000119534815894, 5.18272099725e-05, 4.94428350066e-05, 1.1886608263e-05, 8.71581869433e-06, 9.76993396762e-06, 1.32333461806e-05, 1.40704719342e-06, 5.87211752645e-06, 4.61995387013e-06, 4.30320687883e-06, 2.93114408123e-06, 1.87093712611e-06, 1.5067454342e-06, 9.48998490458e-07, 3.01454264218e-07, 3.60758178886e-07, 6.38110009277e-07, 4.40407603719e-07, 1.14170597953e-06, 2.04054094866e-06, 2.14095416595e-06, 9.22090009681e-07, 5.1333609008e-07, 3.7914454909e-10],
        "max": [0.0165393073112, 0.367483586073, 0.0980398207903, 0.0517081208527, 0.0465275160968, 0.0303493198007, 0.0277958661318, 0.0394326969981, 0.0726146921515, 0.0170641355217, 0.0453199222684, 0.0261025838554, 0.031865503639, 0.0146860452369, 0.0135675594211, 0.0185431484133, 0.0074149556458, 0.00587661797181, 0.00449840724468, 0.00428593205288, 0.00907405279577, 0.00574981141835, 0.0100515093654, 0.0103794215247, 0.00682076904923, 0.00367340189405, 0.000472738727694],
        "mean": [0.000514206301887, 0.0189759898931, 0.00609200680628, 0.00184878963046, 0.00368436262943, 0.00168213993311, 0.00155181589071, 0.00109852803871, 0.000625168147963, 0.000375678850105, 0.000599605613388, 0.000688408559654, 0.000725659541786, 0.000678755459376, 0.000453772197943, 0.000532180478331, 0.000371177651687, 0.000340668251738, 0.000350998103386, 0.000490934762638, 0.000504799652845, 0.00062481907662, 0.00079853204079, 0.000810588011518, 0.000533362792339, 0.00034099878394, 4.39270024799e-06],
        "median": [0.000132706773002, 0.0061608646065, 0.00066656130366, 0.000307882670313, 0.00178589345887, 0.000723464298062, 0.000701306620613, 0.00042083588778, 0.000222990449402, 0.000146764781675, 0.000251749937888, 0.000275577564025, 0.000289076386252, 0.000249433913268, 0.000170840459759, 0.00020217866404, 0.000161676245625, 0.000184183707461, 0.000175108332769, 0.000290350522846, 0.000314809323754, 0.00037851271918, 0.000430152693298, 0.000406532228226, 0.000233421116718, 0.000161767849931, 5.81635788421e-07],
        "min": [1.72860329148e-25, 3.51009024032e-24, 9.2593593991e-25, 8.72539128527e-25, 6.37027426843e-24, 7.30735109369e-24, 1.22517340324e-23, 6.05686850826e-24, 1.56616846917e-23, 2.25807647587e-23, 1.78843286911e-23, 2.62750398209e-23, 3.69070183784e-23, 2.81898876501e-23, 3.13131867668e-23, 5.55151521936e-23, 5.10112108087e-23, 9.23617343603e-23, 1.32535372105e-22, 1.72653758031e-22, 2.04324074752e-22, 2.98692930001e-22, 3.58121898825e-22, 5.83446624698e-22, 8.8057869558e-22, 1.36559855191e-21, 2.06983449819e-21],
        "var": [6.23603455097e-07, 0.000805223709904, 9.60510224104e-05, 1.73494045157e-05, 2.44595994445e-05, 6.30237718724e-06, 5.51854782316e-06, 4.27780878454e-06, 3.42968633049e-06, 5.20349658473e-07, 2.09715676647e-06, 1.66110760347e-06, 1.81295604307e-06, 1.25075735014e-06, 8.49404557357e-07, 9.35817240588e-07, 3.3051827586e-07, 1.84617974242e-07, 1.93567970541e-07, 3.55648978712e-07, 3.4630789969e-07, 5.98128110596e-07, 1.09810014237e-06, 1.17285412671e-06, 5.96025074628e-07, 2.45915487085e-07, 5.25372745308e-10]
    },
    "erbbands": {
        "dmean": [0.30961856246, 2.27068376541, 4.42958402634, 5.88893604279, 7.81467342377, 10.5765457153, 9.85921955109, 12.225268364, 14.8892307281, 17.0371723175, 17.9701824188, 15.663693428, 11.7944154739, 15.440454483, 26.2128772736, 21.0109272003, 29.7456550598, 30.310382843, 21.9913139343, 21.0365772247, 24.0015792847, 17.8483867645, 14.354013443, 13.1293001175, 11.4874334335, 16.5962181091, 13.2265729904, 12.6793384552, 15.0906352997, 16.375213623, 17.3004703522, 16.6806240082, 8.35649108887, 5.0975060463, 2.44070982933, 1.63773155212, 0.474996954203, 0.0288594234735, 0.000667424930725, 5.30525139766e-05],
        "dmean2": [0.379704087973, 2.91870808601, 6.03515529633, 9.70323181152, 12.7247123718, 16.2008991241, 15.4994382858, 19.8125114441, 24.282787323, 27.0338115692, 29.3933067322, 27.2370414734, 20.4572696686, 25.718208313, 44.7044219971, 35.6793670654, 50.7963409424, 51.7516479492, 36.139251709, 35.0447883606, 38.8730010986, 30.1155529022, 23.4708557129, 21.7113323212, 19.2631015778, 27.164232254, 21.0470161438, 20.4130706787, 24.2139358521, 26.3595561981, 28.2117958069, 26.7922592163, 13.1500444412, 8.06329441071, 3.8227353096, 2.58786892891, 0.756709098816, 0.0458426699042, 0.00105982110836, 8.18436528789e-05],
        "dvar": [0.254894405603, 16.1554489136, 49.8724861145, 147.311447144, 198.758911133, 244.710998535, 290.019134521, 363.173034668, 565.359863281, 857.65020752, 1649.25170898, 3419.95727539, 471.798980713, 1228.16552734, 4392.8046875, 1381.45666504, 3423.3449707, 2814.12695312, 1195.64038086, 1778.46520996, 1839.01159668, 1030.84265137, 423.190948486, 351.961883545, 269.045715332, 733.601379395, 331.321075439, 336.143432617, 492.39175415, 572.726074219, 750.946899414, 651.008789062, 152.706619263, 64.2961273193, 13.6746854782, 6.562748909, 0.670577287674, 0.00240136031061, 1.37776453357e-06, 4.86813345191e-09],
        "dvar2": [0.460987955332, 23.3339653015, 96.5771636963, 374.938232422, 519.074157715, 554.155273438, 642.989868164, 953.566101074, 1372.04296875, 2067.38769531, 4202.12548828, 9548.63378906, 1284.86779785, 3393.01757812, 11931.6210938, 3602.76635742, 9003.63964844, 7352.89257812, 2964.38647461, 4693.32470703, 4683.95361328, 2743.57592773, 1084.3972168, 923.469543457, 699.387817383, 1712.25488281, 795.0234375, 771.487487793, 1191.46008301, 1408.81103516, 1876.43005371, 1598.03674316, 362.530212402, 156.159667969, 31.6358261108, 15.840965271, 1.59905552864, 0.00594935193658, 3.41917666447e-06, 1.19897096695e-08],
        "max": [11.0166530609, 93.46900177, 94.4594421387, 107.817153931, 185.46774292, 196.143692017, 292.077667236, 261.830993652, 294.721405029, 524.850280762, 851.603027344, 2061.19018555, 458.941589355, 991.370300293, 2122.48706055, 564.040039062, 1563.46582031, 657.350646973, 536.135864258, 631.494506836, 789.539550781, 507.572753906, 354.407104492, 274.742584229, 195.779098511, 232.476196289, 409.331054688, 291.637237549, 269.038787842, 211.365585327, 271.313812256, 290.368682861, 95.9999694824, 114.159301758, 31.3498783112, 21.7648525238, 8.40400791168, 1.01314485073, 0.0311848092824, 0.000744446762837],
        "mean": [0.581251561642, 4.10717439651, 7.51758098602, 6.61417245865, 8.81946468353, 13.6934928894, 12.0079669952, 15.6818914413, 19.9833126068, 23.7055034637, 21.0201244354, 15.0935745239, 12.2832756042, 17.5096874237, 28.8763103485, 24.0673885345, 32.2006950378, 33.696269989, 26.7924537659, 25.5762462616, 30.6482048035, 22.0528659821, 19.8440608978, 18.5416049957, 16.831577301, 23.6721839905, 20.5103034973, 20.2997646332, 21.8982486725, 23.6332302094, 22.2403125763, 20.655292511, 10.8859004974, 6.87084436417, 3.22452688217, 1.95543837547, 0.544237613678, 0.0375767610967, 0.000921074708458, 0.000103993763332],
        "median": [0.165679708123, 1.53193759918, 1.50767505169, 1.36093044281, 3.3160905838, 5.26350593567, 4.8958773613, 6.96282339096, 9.6736869812, 12.1428432465, 8.50881576538, 5.73330020905, 5.11807775497, 7.47111463547, 11.9986658096, 11.1886205673, 13.5719127655, 15.6637992859, 12.4781904221, 11.8682518005, 12.5227193832, 10.9555072784, 10.0039243698, 9.96283912659, 9.31813907623, 14.2049446106, 12.2689723969, 12.5744524002, 12.6272010803, 14.033118248, 11.7107849121, 10.1492795944, 5.58201408386, 3.07020401955, 1.47693061829, 0.919165253639, 0.242145076394, 0.0161191597581, 0.000401110155508, 8.92211974133e-05],
        "min": [7.60225506797e-23, 8.32982842283e-22, 1.18908505524e-21, 6.18600962646e-21, 2.72212820739e-21, 1.78538017179e-20, 2.52357634527e-20, 4.47367515732e-20, 1.2853516887e-19, 2.58810182911e-19, 2.6631981965e-19, 4.80354328262e-19, 5.88110060985e-19, 8.20454755294e-19, 7.43870651871e-19, 1.048178767e-18, 1.64789163874e-18, 1.51873607149e-18, 2.64119079781e-18, 3.23229509752e-18, 3.40053680987e-18, 3.70033746275e-18, 6.39995678351e-18, 5.55475976362e-18, 6.27867225337e-18, 7.84147699238e-18, 8.04927634278e-18, 8.7708135834e-18, 1.08585330771e-17, 9.60459178852e-18, 1.02348711552e-17, 9.53987648612e-18, 1.011588536e-17, 8.23291457467e-18, 6.38997229992e-18, 4.29094855601e-18, 2.3987683553e-18, 9.58408163844e-19, 2.50900164906e-19, 2.68761805452e-20],
        "var": [0.786663293839, 41.9616928101, 104.357139587, 138.627029419, 198.171020508, 396.147827148, 412.95425415, 497.695343018, 824.929199219, 1136.35314941, 1754.16967773, 2298.40307617, 484.810852051, 1378.15319824, 3989.05664062, 1506.28051758, 3546.11010742, 2830.27929688, 1510.23144531, 2127.16333008, 2602.15649414, 1054.97229004, 649.555603027, 523.641479492, 391.966339111, 893.241699219, 561.21887207, 578.773071289, 722.266662598, 814.665161133, 909.315917969, 820.674377441, 203.556350708, 98.7682647705, 20.3152732849, 7.782558918, 0.733852207661, 0.00499184150249, 3.22968003275e-06, 8.33548163826e-09]
    },
    "gfcc": {
        "mean": [18.7278938293, 53.4505805969, -96.5943527222, 36.9921302795, -58.4910087585, 28.2643432617, -43.3324317932, 11.6251554489, -23.6392478943, 14.391248703, -14.4936933517, 7.22960472107, -14.5595741272],
        "cov": [[27180.2714844, -2563.88989258, -265.891204834, 1875.53979492, -1893.30053711, 1113.78076172, -495.099365234, 746.437438965, -587.607177734, 498.065490723, -518.443725586, 381.202819824, -494.270111084], [-2563.88989258, 2130.11962891, -171.212539673, -341.848632812, 598.587646484, -162.718063354, 89.7255096436, -176.069076538, 162.500045776, -103.72492981, 165.572296143, -136.589859009, 121.654434204], [-265.891204834, -171.212539673, 1038.43457031, 346.258422852, 97.2422485352, 309.67401123, 165.333007812, 145.981521606, 48.5347099304, 52.4260864258, -11.5657701492, 9.23697566986, -13.1771059036], [1875.53979492, -341.848632812, 346.258422852, 547.475219727, 0.00808771792799, 240.540908813, 104.993087769, 139.39932251, -2.08489227295, 74.253944397, -22.8568687439, 53.1005210876, -26.7777919769], [-1893.30053711, 598.587646484, 97.2422485352, 0.00808771792799, 491.961914062, 79.3857192993, 159.762817383, -2.17668104172, 109.182449341, -19.6873035431, 86.550453186, -32.5036811829, 61.2897644043], [1113.78076172, -162.718063354, 309.67401123, 240.540908813, 79.3857192993, 348.76739502, 149.881835938, 158.40927124, 36.4409713745, 92.3682098389, 10.1162147522, 41.3567466736, -14.0766448975], [-495.099365234, 89.7255096436, 165.333007812, 104.993087769, 159.762817383, 149.881835938, 232.404525757, 117.677978516, 107.628059387, 63.6374931335, 68.7535552979, 21.4112262726, 32.061214447], [746.437438965, -176.069076538, 145.981521606, 139.39932251, -2.17668104172, 158.40927124, 117.677978516, 188.343719482, 88.4017333984, 96.6394882202, 27.5215950012, 42.7603225708, 6.48345041275], [-587.607177734, 162.500045776, 48.5347099304, -2.08489227295, 109.182449341, 36.4409713745, 107.628059387, 88.4017333984, 172.999267578, 73.5298995972, 89.3806610107, 11.0691480637, 34.927192688], [498.065490723, -103.72492981, 52.4260864258, 74.253944397, -19.6873035431, 92.3682098389, 63.6374931335, 96.6394882202, 73.5298995972, 132.648757935, 59.3730125427, 43.3788719177, 12.4939308167], [-518.443725586, 165.572296143, -11.5657701492, -22.8568687439, 86.550453186, 10.1162147522, 68.7535552979, 27.5215950012, 89.3806610107, 59.3730125427, 133.669189453, 52.6159057617, 51.9023551941], [381.202819824, -136.589859009, 9.23697566986, 53.1005210876, -32.5036811829, 41.3567466736, 21.4112262726, 42.7603225708, 11.0691480637, 43.3788719177, 52.6159057617, 93.9158096313, 43.3055877686], [-494.270111084, 121.654434204, -13.1771059036, -26.7777919769, 61.2897644043, -14.0766448975, 32.061214447, 6.48345041275, 34.927192688, 12.4939308167, 51.9023551941, 43.3055877686, 89.6353912354]],
        "icov": [[0.000197418907192, -0.000303387554595, 0.000341991224559, -0.0005914674839, 0.000684758822899, -0.000668017368298, 0.000637590652332, -0.000679345335811, 0.000304341054289, -0.000206129901926, 0.000408945226809, -0.000710979977157, 0.000638756260742], [-0.000303387554595, 0.00157909397967, -0.000428459548857, 0.00103406410199, -0.00180297158659, 0.000824918097351, -0.000723157601897, 0.00150318467058, -0.000716939393897, 0.000834038597532, -0.0021861854475, 0.00346463080496, -0.00230276514776], [0.000341991224559, -0.000428459548857, 0.0020797541365, -0.00163248146418, 0.00132307060994, -0.00231210119091, 0.000928041175939, -0.00101620610803, 4.72462597827e-05, 0.000351467169821, 0.000524436705746, -0.000265468261205, 0.000516351719853], [-0.0005914674839, 0.00103406410199, -0.00163248146418, 0.00503923092037, -0.00256865541451, 0.00140459986869, -0.00239908788353, 0.00133019941859, -0.000157720598509, -0.000228864344535, 0.00011536621605, 2.40618669523e-06, -0.0006352532655], [0.000684758822899, -0.00180297158659, 0.00132307060994, -0.00256865541451, 0.00761789642274, -0.00453646434471, 0.000185637574759, -0.000343339284882, -0.000790390418842, 0.00197308603674, -0.000406416569604, 0.000127068371512, -0.000105880928459], [-0.000668017368298, 0.000824918097351, -0.00231210119091, 0.00140459986869, -0.00453646434471, 0.0109485331923, -0.00435950886458, -0.00193733919878, 0.00262800627388, -0.00305313849822, 0.000682431855239, -0.00105932506267, 0.00131544331089], [0.000637590652332, -0.000723157601897, 0.000928041175939, -0.00239908788353, 0.000185637574759, -0.00435950886458, 0.0130436308682, -0.00652464991435, -0.000603307271376, 0.000745713419747, -0.00231367838569, 0.000582649197895, 0.000101242767414], [-0.000679345335811, 0.00150318467058, -0.00101620610803, 0.00133019941859, -0.000343339284882, -0.00193733919878, -0.00652464991435, 0.0212400797755, -0.0101622501388, -0.0033405169379, 0.00499872723594, -0.00219382694922, -0.00221937545575], [0.000304341054289, -0.000716939393897, 4.72462597827e-05, -0.000157720598509, -0.000790390418842, 0.00262800627388, -0.000603307271376, -0.0101622501388, 0.018597856164, -0.00450860057026, -0.00772224366665, 0.00548749649897, -0.00028300343547], [-0.000206129901926, 0.000834038597532, 0.000351467169821, -0.000228864344535, 0.00197308603674, -0.00305313849822, 0.000745713419747, -0.0033405169379, -0.00450860057026, 0.0190192349255, -0.00853676628321, 0.00269374391064, -0.00139154796489], [0.000408945226809, -0.0021861854475, 0.000524436705746, 0.00011536621605, -0.000406416569604, 0.000682431855239, -0.00231367838569, 0.00499872723594, -0.00772224366665, -0.00853676628321, 0.0272620022297, -0.019396180287, 0.00396884744987], [-0.000710979977157, 0.00346463080496, -0.000265468261205, 2.40618669523e-06, 0.000127068371512, -0.00105932506267, 0.000582649197895, -0.00219382694922, 0.00548749649897, 0.00269374391064, -0.019396180287, 0.0373936146498, -0.0183126032352], [0.000638756260742, -0.00230276514776, 0.000516351719853, -0.0006352532655, -0.000105880928459, 0.00131544331089, 0.000101242767414, -0.00221937545575, -0.00028300343547, -0.00139154796489, 0.00396884744987, -0.0183126032352, 0.0249468274415]]
    },
    "melbands": {
        "dmean": [0.00279720895924, 0.00219864118844, 0.00100779312197, 0.0006869964418, 0.000356761476723, 0.000265513081104, 0.000232895166846, 0.000195816639462, 0.000135867565405, 9.92108980427e-05, 5.82215652685e-05, 6.03531225352e-05, 7.89890327724e-05, 8.07150281616e-05, 4.77154062537e-05, 7.96709209681e-05, 5.60616608709e-05, 3.96718387492e-05, 3.51233466063e-05, 2.68635649263e-05, 2.89669951599e-05, 2.09352492675e-05, 1.44474024637e-05, 1.06331763163e-05, 1.15596376418e-05, 9.37850654736e-06, 9.58385953709e-06, 1.20948989206e-05, 8.38799951453e-06, 7.74471936893e-06, 7.56139343139e-06, 8.24243852549e-06, 1.02511385194e-05, 9.31599606702e-06, 9.63711681834e-06, 1.09619750219e-05, 1.04398113763e-05, 5.92873539063e-06, 5.13117947776e-06, 4.29285137216e-06],
        "dmean2": [0.0033817270305, 0.00283739692532, 0.00158938218374, 0.00108884077054, 0.00055145076476, 0.000430305692134, 0.000377037300495, 0.000313171418384, 0.000223184222705, 0.000173637075932, 0.000101383549918, 0.000100693148852, 0.000135172143928, 0.000138412942761, 8.18527842057e-05, 0.000135906288051, 9.5814888482e-05, 6.51505615679e-05, 5.92896140006e-05, 4.41639422206e-05, 4.67857571493e-05, 3.59449732059e-05, 2.38971970248e-05, 1.74571086973e-05, 1.92639108718e-05, 1.58953625942e-05, 1.61297739396e-05, 1.98172238015e-05, 1.33885787363e-05, 1.25786173157e-05, 1.22460114653e-05, 1.32488430609e-05, 1.67760772456e-05, 1.51059111886e-05, 1.58389902936e-05, 1.78643003892e-05, 1.69548438862e-05, 9.36326250667e-06, 8.10548772279e-06, 6.88263571647e-06],
        "dvar": [2.09781828744e-05, 1.04531745819e-05, 3.38894324159e-06, 1.18100842883e-06, 2.94773229825e-07, 1.67983344568e-07, 1.33540439151e-07, 1.14297947107e-07, 9.97468490027e-08, 1.18393366222e-07, 1.22033174677e-08, 1.92532709775e-08, 4.61381581829e-08, 3.17870778588e-08, 1.02037764904e-08, 2.44621194412e-08, 9.65224522531e-09, 4.97899010909e-09, 6.18814777198e-09, 3.00203195636e-09, 2.89361046235e-09, 1.5808810927e-09, 4.32845953524e-10, 2.53159909702e-10, 2.84941154005e-10, 1.87854648503e-10, 1.88792231848e-10, 4.32729685418e-10, 1.40212480515e-10, 1.1139432432e-10, 1.25644716853e-10, 1.39259950793e-10, 3.45461020901e-10, 1.67095448589e-10, 2.02090302825e-10, 4.05803862735e-10, 2.29573970945e-10, 7.57731169476e-11, 6.77186501319e-11, 5.02287898774e-11],
        "dvar2": [3.55051051883e-05, 1.50512996697e-05, 7.96724089014e-06, 3.01784052681e-06, 6.37698803985e-07, 4.41697778797e-07, 3.19217150491e-07, 2.80076534409e-07, 2.52303550496e-07, 3.31361093231e-07, 3.33141834119e-08, 5.45589706746e-08, 1.25604728396e-07, 8.51017887271e-08, 2.66847308694e-08, 6.33035313058e-08, 2.49603697711e-08, 1.21714602841e-08, 1.64907305589e-08, 7.32519067626e-09, 7.3482406826e-09, 4.28975432953e-09, 1.11322517871e-09, 6.50961395898e-10, 7.57350460123e-10, 5.01472530168e-10, 4.90111728979e-10, 1.005123762e-09, 3.42801537156e-10, 2.66597743881e-10, 2.92211893571e-10, 3.26906196557e-10, 8.99304686275e-10, 4.16806283932e-10, 5.12916986661e-10, 1.01299546529e-09, 5.71493463664e-10, 1.79985526483e-10, 1.61858831893e-10, 1.26195998096e-10],
        "max": [0.0859350860119, 0.0780959352851, 0.0188526902348, 0.011934789829, 0.00780589086935, 0.00570765556768, 0.0043262578547, 0.0067915734835, 0.00649958709255, 0.0117518696934, 0.002411397174, 0.00381966889836, 0.0069807479158, 0.00351013522595, 0.00207055010833, 0.00320343137719, 0.00114014826249, 0.00127206649631, 0.00143720733467, 0.00173179956619, 0.000963137776125, 0.000600177037995, 0.000287417089567, 0.000389454507967, 0.000240984227275, 0.000194718872081, 0.000212755432585, 0.000162660726346, 0.000282538327156, 0.000173206062755, 0.000178672620677, 0.000176241272129, 0.000177957044798, 0.000187458863365, 0.000167148333276, 0.000196816035896, 0.000156693669851, 6.96537681506e-05, 6.57593845972e-05, 0.000126597718918],
        "mean": [0.00525712314993, 0.00454650539905, 0.00122911890503, 0.000842801760882, 0.000459578237496, 0.000340352591593, 0.000316828285577, 0.000267894938588, 0.000153252054588, 9.28700392251e-05, 5.88736693317e-05, 6.63117461954e-05, 8.67483322509e-05, 8.66291957209e-05, 5.17287080584e-05, 8.16641695565e-05, 6.03355765634e-05, 4.51159794466e-05, 3.95990355173e-05, 3.33682037308e-05, 3.51917806256e-05, 2.33230839513e-05, 1.88079720829e-05, 1.48705985339e-05, 1.54552653839e-05, 1.23932049974e-05, 1.33443672894e-05, 1.64619068528e-05, 1.26163840832e-05, 1.16416067613e-05, 1.16649098345e-05, 1.18754178402e-05, 1.34255578814e-05, 1.33132180054e-05, 1.23749632621e-05, 1.35918489832e-05, 1.24168500406e-05, 7.65509321354e-06, 6.33864374322e-06, 5.78387289352e-06],
        "median": [0.00163509731647, 0.00174319150392, 0.000304790912196, 0.000374673021724, 0.000216109008761, 0.000154424691573, 0.000152190288645, 0.000131449298351, 5.90039198869e-05, 3.28531241394e-05, 2.2407835786e-05, 2.56557159446e-05, 3.76238022e-05, 3.48889952875e-05, 2.06037693715e-05, 3.05517569359e-05, 2.54540482274e-05, 1.84347081813e-05, 1.38967179737e-05, 1.32432878672e-05, 1.34600031743e-05, 9.94017591438e-06, 9.0152325356e-06, 8.23814207251e-06, 7.81293056207e-06, 6.49392632113e-06, 6.90068191034e-06, 9.70255223365e-06, 7.36992842576e-06, 7.04864623913e-06, 7.21112701285e-06, 6.33152512819e-06, 8.15695693746e-06, 7.38215703677e-06, 6.57268128634e-06, 6.33854324406e-06, 6.09231301496e-06, 3.93841173718e-06, 2.99300018014e-06, 2.40125746132e-06],
        "min": [1.31257215095e-24, 1.10713788149e-24, 1.08743578455e-24, 6.88158718454e-25, 8.01897521933e-25, 1.16234503004e-24, 2.62972718934e-24, 2.30631985618e-24, 2.08667652547e-24, 2.32931850422e-24, 2.32535290045e-24, 3.11852749432e-24, 2.4626320529e-24, 1.87535843834e-24, 2.70397655267e-24, 2.81077431696e-24, 2.54869717209e-24, 3.44239769161e-24, 2.51811796518e-24, 3.94063316745e-24, 3.68440877885e-24, 2.79504975532e-24, 4.03767844158e-24, 4.90019213408e-24, 3.97377518623e-24, 3.57375486525e-24, 3.88174193986e-24, 4.85296776485e-24, 4.42459065534e-24, 4.55078079004e-24, 4.44068184008e-24, 5.76852091474e-24, 3.42865218477e-24, 5.35263265665e-24, 5.03903244226e-24, 4.92241079591e-24, 5.29864143857e-24, 6.35119882289e-24, 6.31507648761e-24, 6.42873201696e-24],
        "var": [6.34551106486e-05, 3.01902600768e-05, 3.81602148991e-06, 1.40924987591e-06, 4.68545408694e-07, 2.28099821697e-07, 1.99495616471e-07, 1.49112437953e-07, 1.02922648182e-07, 8.07028754934e-08, 1.22998615737e-08, 2.03595931225e-08, 4.16027639005e-08, 3.00728331126e-08, 1.1177004211e-08, 2.49290152965e-08, 9.87055148727e-09, 5.88145177005e-09, 7.81902098623e-09, 4.58884219512e-09, 3.70525854443e-09, 1.4653733782e-09, 6.05481664806e-10, 3.8140074432e-10, 3.99456523414e-10, 2.45839126833e-10, 2.75567013652e-10, 5.0054344003e-10, 2.26188096031e-10, 1.9127463502e-10, 2.02162273033e-10, 2.22279264439e-10, 3.47616130325e-10, 2.73031153242e-10, 2.65269084476e-10, 4.4223857909e-10, 2.86496631974e-10, 1.01048606982e-10, 8.08192540669e-11, 8.21633316939e-11]
    },
    "mfcc": {
        "mean": [-619.185119629, 82.7572860718, 19.7579612732, 15.2065629959, 10.6987123489, 13.6989402771, -0.0887219384313, 0.909568488598, -2.77676987648, 2.9892745018, 1.32782626152, 6.46237945557, 4.08660650253],
        "cov": [[12934.9804688, -1619.8416748, 935.338623047, 539.208679199, -301.571075439, 136.926513672, 107.07195282, 308.469116211, 61.6539306641, 227.870819092, -10.4244623184, -15.2008647919, -50.0543632507], [-1619.8416748, 1582.18701172, -162.278808594, -67.1206283569, 241.98046875, 81.6044998169, 44.2540283203, -49.2031974792, 20.1073970795, -22.5614624023, 45.6891670227, 49.6890106201, 36.8589057922], [935.338623047, -162.278808594, 816.414428711, 153.15032959, 108.403144836, 152.625198364, 126.100456238, 127.823394775, 97.6497039795, 126.596321106, 37.5374069214, 35.7856559753, 17.1088600159], [539.208679199, -67.1206283569, 153.15032959, 300.093841553, 85.5632629395, 94.9537658691, 83.2795791626, 73.6887435913, 47.9795341492, 47.1082229614, 19.5590515137, 6.7934346199, 20.1425819397], [-301.571075439, 241.98046875, 108.403144836, 85.5632629395, 235.076126099, 135.702896118, 93.9972915649, 68.96043396, 54.7534828186, 49.9761505127, 34.5799369812, 25.5898151398, 20.762676239], [136.926513672, 81.6044998169, 152.625198364, 94.9537658691, 135.702896118, 205.60546875, 143.723892212, 92.9643707275, 69.8368682861, 65.2431793213, 47.2287521362, 34.8988189697, 31.5068435669], [107.07195282, 44.2540283203, 126.100456238, 83.2795791626, 93.9972915649, 143.723892212, 180.797103882, 113.506919861, 80.6463775635, 69.217376709, 51.0508766174, 38.4397201538, 28.6844787598], [308.469116211, -49.2031974792, 127.823394775, 73.6887435913, 68.96043396, 92.9643707275, 113.506919861, 146.201522827, 86.8961410522, 78.2305297852, 46.368637085, 40.468624115, 32.491809845], [61.6539306641, 20.1073970795, 97.6497039795, 47.9795341492, 54.7534828186, 69.8368682861, 80.6463775635, 86.8961410522, 128.144058228, 92.4999694824, 60.3310394287, 41.0862731934, 36.8802871704], [227.870819092, -22.5614624023, 126.596321106, 47.1082229614, 49.9761505127, 65.2431793213, 69.217376709, 78.2305297852, 92.4999694824, 129.929931641, 82.3991394043, 51.5501670837, 42.7199478149], [-10.4244623184, 45.6891670227, 37.5374069214, 19.5590515137, 34.5799369812, 47.2287521362, 51.0508766174, 46.368637085, 60.3310394287, 82.3991394043, 107.317741394, 74.1348419189, 48.733089447], [-15.2008647919, 49.6890106201, 35.7856559753, 6.7934346199, 25.5898151398, 34.8988189697, 38.4397201538, 40.468624115, 41.0862731934, 51.5501670837, 74.1348419189, 91.1671600342, 65.3430480957], [-50.0543632507, 36.8589057922, 17.1088600159, 20.1425819397, 20.762676239, 31.5068435669, 28.6844787598, 32.491809845, 36.8802871704, 42.7199478149, 48.733089447, 65.3430480957, 90.8073883057]],
