{
"lowlevel": {
    "average_loudness": 0.940621674061,
    "barkbands_crest": {
        "dmean": 4.03964757919,
        "dmean2": 6.22526502609,
        "dvar": 10.6160011292,
        "dvar2": 24.2532119751,
        "max": 26.666343689,
        "mean": 13.5300283432,
        "median": 12.7897167206,
        "min": 2.14998054504,
        "var": 35.740322113
    },
    "barkbands_flatness_db": {
        "dmean": 0.0356475748122,
        "dmean2": 0.0500215031207,
        "dvar": 0.0010615644278,
        "dvar2": 0.00237761088647,
        "max": 0.580420076847,
        "mean": 0.138247594237,
        "median": 0.112536467612,
        "min": 0.025251461193,
        "var": 0.00760626746342
    },
    "barkbands_kurtosis": {
        "dmean": 11.1474275589,
        "dmean2": 18.2747993469,
        "dvar": 1440.22399902,
        "dvar2": 3888.21777344,
        "max": 836.174255371,
        "mean": 12.0622262955,
        "median": 3.07267045975,
        "min": -1.81358134747,
        "var": 1564.1751709
    },
    "barkbands_skewness": {
        "dmean": 1.08803391457,
        "dmean2": 1.6279900074,
        "dvar": 2.10420703888,
        "dvar2": 5.19062757492,
        "max": 25.0551528931,
        "mean": 2.31466507912,
        "median": 1.87087547779,
        "min": -2.89071989059,
        "var": 5.19368219376
    },
    "barkbands_spread": {
        "dmean": 10.4399833679,
        "dmean2": 15.6480970383,
        "dvar": 127.679901123,
        "dvar2": 281.110565186,
        "max": 120.439178467,
        "mean": 29.4110984802,
        "median": 26.3146743774,
        "min": 0.0734708979726,
        "var": 414.119354248
    },
    "dissonance": {
        "dmean": 0.0172510109842,
        "dmean2": 0.028711669147,
        "dvar": 0.000486834469484,
        "dvar2": 0.00124460970983,
        "max": 0.500000059605,
        "mean": 0.469639569521,
        "median": 0.478564918041,
        "min": 0.107814699411,
        "var": 0.00126753165387
    },
    "dynamic_complexity": 3.13780665398,
    "erbbands_crest": {
        "dmean": 2.72717237473,
        "dmean2": 4.45845460892,
        "dvar": 9.12754917145,
        "dvar2": 22.1775093079,
        "max": 32.9326820374,
        "mean": 7.05926132202,
        "median": 5.47294807434,
        "min": 2.10963106155,
        "var": 21.4346427917
    },
    "erbbands_flatness_db": {
        "dmean": 0.0189944244921,
        "dmean2": 0.028101850301,
        "dvar": 0.000413811940234,
        "dvar2": 0.000902219035197,
        "max": 0.477370560169,
        "mean": 0.121998868883,
        "median": 0.101429715753,
        "min": 0.0294774398208,
        "var": 0.00395062332973
    },
    "erbbands_kurtosis": {
        "dmean": 1.1245213747,
        "dmean2": 1.80427634716,
        "dvar": 12.9650602341,
        "dvar2": 30.2548065186,
        "max": 148.083526611,
        "mean": 0.0831071212888,
        "median": -0.691563129425,
        "min": -1.80117106438,
        "var": 17.3591804504
    },
    "erbbands_skewness": {
        "dmean": 0.444302558899,
        "dmean2": 0.690473616123,
        "dvar": 0.232560008764,
        "dvar2": 0.548436999321,
        "max": 9.69924068451,
        "mean": 0.12102304399,
        "median": 0.00575667945668,
        "min": -2.42565059662,
        "var": 0.611591756344
    },
    "erbbands_spread": {
        "dmean": 12.9502897263,
        "dmean2": 19.586315155,
        "dvar": 139.669998169,
        "dvar2": 315.840332031,
        "max": 155.969055176,
        "mean": 57.1544837952,
        "median": 58.1918716431,
        "min": 0.903005897999,
        "var": 557.55291748
    },
    "hfc": {
        "dmean": 17.2345466614,
        "dmean2": 26.2263698578,
        "dvar": 497.240447998,
        "dvar2": 1172.88806152,
        "max": 191.195785522,
        "mean": 29.9967842102,
        "median": 22.551782608,
        "min": 1.07913982714e-16,
        "var": 842.169189453
    },
    "melbands_crest": {
        "dmean": 4.46709680557,
        "dmean2": 7.15509748459,
        "dvar": 12.9119720459,
        "dvar2": 32.7726554871,
        "max": 37.3902626038,
        "mean": 18.4505023956,
        "median": 18.6406745911,
        "min": 1.50340139866,
        "var": 43.3203620911
    },
    "melbands_flatness_db": {
        "dmean": 0.0440648384392,
        "dmean2": 0.0610066056252,
        "dvar": 0.00146724982187,
        "dvar2": 0.00318477163091,
        "max": 0.736510336399,
        "mean": 0.208503857255,
        "median": 0.18930862844,
        "min": 0.0030697111506,
        "var": 0.0118845617399
    },
    "melbands_kurtosis": {
        "dmean": 23.8973045349,
        "dmean2": 35.5976600647,
        "dvar": 1931.99853516,
        "dvar2": 4328.66308594,
        "max": 774.43157959,
        "mean": 35.9899330139,
        "median": 17.6151943207,
        "min": -1.69421803951,
        "var": 3372.91772461
    },
    "melbands_skewness": {
        "dmean": 1.513007164,
        "dmean2": 2.13589406013,
        "dvar": 2.64027118683,
        "dvar2": 6.14816188812,
        "max": 23.2564029694,
        "mean": 4.28943824768,
        "median": 3.69777655602,
        "min": -2.78510951996,
        "var": 8.11038684845
    },
    "melbands_spread": {
        "dmean": 10.1114053726,
        "dmean2": 15.1447782516,
        "dvar": 145.341873169,
        "dvar2": 323.072021484,
        "max": 173.157531738,
        "mean": 24.0591373444,
        "median": 16.7758846283,
        "min": 0.254018425941,
        "var": 526.395019531
    },
    "pitch_salience": {
        "dmean": 0.109561808407,
        "dmean2": 0.153591006994,
        "dvar": 0.0084084039554,
        "dvar2": 0.0184480920434,
        "max": 0.908332765102,
        "mean": 0.469104349613,
        "median": 0.505270659924,
        "min": 0.028383763507,
        "var": 0.0313514024019
    },
    "silence_rate_20dB": {
        "dmean": 0,
        "dmean2": 0,
        "dvar": 0,
        "dvar2": 0,
        "max": 1,
        "mean": 1,
        "median": 1,
        "min": 1,
        "var": 0
    },
    "silence_rate_30dB": {
        "dmean": 0.0779697597027,
        "dmean2": 0.155956372619,
        "dvar": 0.071891464293,
        "dvar2": 0.140259519219,
        "max": 1,
        "mean": 0.874419629574,
        "median": 1,
        "min": 0,
        "var": 0.109802111983
    },
    "silence_rate_60dB": {
        "dmean": 0.0334773212671,
        "dmean2": 0.066961877048,
        "dvar": 0.0323571115732,
        "dvar2": 0.0782261714339,
        "max": 1,
        "mean": 0.0625202432275,
        "median": 0,
        "min": 0,
        "var": 0.0586097128689
    },
    "spectral_centroid": {
        "dmean": 408.254241943,
        "dmean2": 621.643615723,
        "dvar": 164864.171875,
        "dvar2": 338728.125,
        "max": 11595.5644531,
        "mean": 1694.9744873,
        "median": 1611.02685547,
        "min": 87.3975448608,
        "var": 1480130.125
    },
    "spectral_complexity": {
        "dmean": 6.41684675217,
        "dmean2": 9.4679775238,
        "dvar": 38.5845184326,
        "dvar2": 79.6761398315,
        "max": 57,
        "mean": 20.8318748474,
        "median": 20,
        "min": 0,
        "var": 172.208221436
    },
    "spectral_decrease": {
        "dmean": 4.9265147517e-09,
        "dmean2": 6.8203007686e-09,
        "dvar": 3.25957601043e-17,
        "dvar2": 6.47608370421e-17,
        "max": 1.45023812778e-28,
        "mean": -1.06786588461e-08,
        "median": -6.51110898531e-09,
        "min": -5.5210989558e-08,
        "var": 1.1692730001e-16
    },
    "spectral_energy": {
        "dmean": 0.0193891618401,
        "dmean2": 0.0272053666413,
        "dvar": 0.000488942489028,
        "dvar2": 0.000968041829765,
        "max": 0.210236415267,
        "mean": 0.04302444309,
        "median": 0.0271694008261,
        "min": 9.97879025476e-21,
        "var": 0.00175630988088
    },
    "spectral_energyband_high": {
        "dmean": 0.00162778433878,
        "dmean2": 0.00252169650048,
        "dvar": 5.32824469701e-06,
        "dvar2": 1.22730416479e-05,
        "max": 0.0195068214089,
        "mean": 0.00243709119968,
        "median": 0.00151325983461,
        "min": 6.98113618248e-21,
        "var": 8.49274147185e-06
    },
    "spectral_energyband_low": {
        "dmean": 0.0158901959658,
        "dmean2": 0.0203197393566,
        "dvar": 0.000443499244284,
        "dvar2": 0.000797152519226,
        "max": 0.208024725318,
        "mean": 0.0276700351387,
        "median": 0.0114719634876,
        "min": 1.62638379979e-23,
        "var": 0.00144839461427
    },
    "spectral_energyband_middle_high": {
        "dmean": 0.00151223293506,
        "dmean2": 0.00241683167405,
        "dvar": 3.11173448608e-06,
        "dvar2": 7.74388627178e-06,
        "max": 0.0227651335299,
        "mean": 0.00344466581009,
        "median": 0.00283791776747,
        "min": 1.12276217417e-21,
        "var": 8.5529873104e-06
    },
    "spectral_energyband_middle_low": {
        "dmean": 0.00974334031343,
        "dmean2": 0.0156791806221,
        "dvar": 0.000303320965031,
        "dvar2": 0.000760689086746,
        "max": 0.120112329721,
        "mean": 0.0109380148351,
        "median": 0.00593846710399,
        "min": 1.43534882536e-22,
        "var": 0.000264691509074
    },
    "spectral_entropy": {
        "dmean": 0.215163275599,
        "dmean2": 0.319024711847,
        "dvar": 0.0638033151627,
        "dvar2": 0.133234024048,
        "max": 9.82207298279,
        "mean": 7.91589975357,
        "median": 8.10485744476,
        "min": 3.95807647705,
        "var": 0.469025284052
    },
    "spectral_flux": {
        "dmean": 0.042318418622,
        "dmean2": 0.0632529333234,
        "dvar": 0.0017721169861,
        "dvar2": 0.00302583258599,
        "max": 0.378729999065,
        "mean": 0.122110158205,
        "median": 0.103000916541,
        "min": 6.45578798752e-11,
        "var": 0.0060923290439
    },
    "spectral_kurtosis": {
        "dmean": 2.17688155174,
        "dmean2": 3.29473733902,
        "dvar": 50.5821304321,
        "dvar2": 100.387908936,
        "max": 185.096420288,
        "mean": 4.7005572319,
        "median": 1.85625362396,
        "min": -1.26313519478,
        "var": 157.863830566
    },
    "spectral_rms": {
        "dmean": 0.00147246220149,
        "dmean2": 0.00202273833565,
        "dvar": 1.96547171072e-06,
        "dvar2": 3.62280025001e-06,
        "max": 0.0143216159195,
        "mean": 0.00568707706407,
        "median": 0.00514846900478,
        "min": 3.12016103059e-12,
        "var": 9.6322664831e-06
    },
    "spectral_rolloff": {
        "dmean": 1055.92004395,
        "dmean2": 1688.45910645,
        "dvar": 2416192.5,
        "dvar2": 5317066.5,
        "max": 19745.9472656,
        "mean": 1916.66577148,
        "median": 796.728515625,
        "min": 43.06640625,
        "var": 7104328
    },
    "spectral_skewness": {
        "dmean": 0.259053587914,
        "dmean2": 0.392857968807,
        "dvar": 0.2399841398,
        "dvar2": 0.48332464695,
        "max": 11.4710130692,
        "mean": 1.41946303844,
        "median": 1.18825495243,
        "min": -0.0736001506448,
        "var": 1.0496172905
    },
    "spectral_spread": {
        "dmean": 754713.5,
        "dmean2": 1146132,
        "dvar": 701173792768,
        "dvar2": 1.47662700544e+12,
        "max": 42700904,
        "mean": 6309242,
        "median": 6314765,
        "min": 509777.3125,
        "var": 1.51137455964e+13
    },
    "spectral_strongpeak": {
        "dmean": 0.279791027308,
        "dmean2": 0.453131735325,
        "dvar": 0.131719514728,
        "dvar2": 0.354253411293,
        "max": 6.16374254227,
        "mean": 0.532677531242,
        "median": 0.403428673744,
        "min": 0,
        "var": 0.187671199441
    },
    "zerocrossingrate": {
        "dmean": 0.0183988697827,
        "dmean2": 0.0214497279376,
        "dvar": 0.000311122159474,
        "dvar2": 0.000446090445621,
        "max": 0.52978515625,
        "mean": 0.076733969152,
        "median": 0.06591796875,
        "min": 0.001953125,
        "var": 0.00400882354006
    },
    "barkbands": {
        "dmean": [0.000397921830881, 0.0145415617153, 0.00540149770677, 0.0035696499981, 0.00534711359069, 0.00127414555755, 0.000594958430156, 0.000514926330652, 0.000676559051499, 0.000408873835113, 0.000234212246141, 0.00030090045766, 0.0002693561255, 0.000277829094557, 0.000272267847322, 0.000208100362215, 0.000213312581764, 0.000174896485987, 0.000160049617989, 0.000197903500521, 0.000230149104027, 0.000350139453076, 0.000323425134411, 0.000286166294245, 0.000330218172166, 0.00014879675291, 6.5931926656e-06],
        "dmean2": [0.000675939721987, 0.0188217572868, 0.00808590184897, 0.00633660238236, 0.00952971167862, 0.00194404087961, 0.000956585514359, 0.000834097911138, 0.00115849485155, 0.00070006021997, 0.00040046358481, 0.000518456101418, 0.000462340307422, 0.000468466430902, 0.000448770908406, 0.000338141981047, 0.000340853817761, 0.000290168041829, 0.000263376889052, 0.000306859845296, 0.000361127313226, 0.000578549515922, 0.000501404283568, 0.000453359039966, 0.000527746567968, 0.000232777238125, 1.03852098619e-05],
        "dvar": [7.97629184035e-07, 0.000550688768271, 0.000161896197824, 8.99479346117e-05, 0.000157062284416, 3.63794924851e-06, 9.58715304478e-07, 7.292780424e-07, 1.1317431472e-06, 7.1260956247e-07, 3.08776975544e-07, 3.61050723541e-07, 2.47609705184e-07, 2.5821015015e-07, 1.51622359112e-07, 8.34479862988e-08, 8.28108426276e-08, 5.13090832044e-08, 3.92964416562e-08, 8.49341006415e-08, 8.28988433454e-08, 2.34770126895e-07, 2.63677861767e-07, 1.565276051e-07, 2.89090536398e-07, 5.35931015122e-08, 1.56671800533e-10],
        "dvar2": [2.33667446992e-06, 0.0010323546594, 0.000342882965924, 0.000250677956501, 0.000446621270385, 7.50399976823e-06, 2.24064774557e-06, 1.70052783233e-06, 2.99000271298e-06, 1.8963879711e-06, 8.26094264994e-07, 1.00061004105e-06, 6.92910361977e-07, 7.10903066192e-07, 3.8329486074e-07, 2.0544436552e-07, 2.0150557134e-07, 1.31560781824e-07, 1.00645166867e-07, 2.01142128731e-07, 1.89690638308e-07, 5.9139347286e-07, 5.93894526446e-07, 3.68187727418e-07, 7.11248389962e-07, 1.2611172906e-07, 3.82335885174e-10],
        "max": [0.0193572603166, 0.188776552677, 0.0856034234166, 0.0682548955083, 0.0938573479652, 0.0240610335022, 0.0170912072062, 0.0134576810524, 0.0131672471762, 0.0140181593597, 0.0140382032841, 0.0106532620266, 0.0121094696224, 0.0107486443594, 0.00609526922926, 0.00351685797796, 0.00350600806996, 0.00314389402047, 0.0022503931541, 0.00450707226992, 0.00510713923723, 0.00454623391852, 0.00480687059462, 0.00367611902766, 0.00539901619777, 0.00206558033824, 0.000128676270833],
        "mean": [0.000537394371349, 0.0206741318107, 0.00509462784976, 0.00263639469631, 0.00435850536451, 0.00162956491113, 0.000753783620894, 0.00063229969237, 0.000686701911036, 0.00042462858255, 0.00027933891397, 0.000396456656745, 0.000365452317055, 0.000377514457796, 0.000376600626623, 0.000319281185511, 0.000325805362081, 0.000274470308796, 0.000289786257781, 0.00034204867552, 0.000389655237086, 0.000474865286378, 0.000458739843452, 0.000397957337555, 0.000369351299014, 0.000152641863679, 6.49304274702e-06],
        "median": [0.000316100748023, 0.00798041187227, 0.000381701887818, 0.000194228749024, 0.00124701543245, 0.000758713111281, 0.000366930296877, 0.000249411386903, 0.00027507788036, 0.000161176809343, 0.000131813707412, 0.000191068436834, 0.000172921529156, 0.000168475336977, 0.000217163207708, 0.000192058680113, 0.000210899757803, 0.000188634570804, 0.000218197776121, 0.000223427559831, 0.000274996797089, 0.000280067761196, 0.000259837164776, 0.00021394660871, 0.000164183205925, 5.81526655878e-05, 2.17270780922e-06],
        "min": [3.03859014803e-25, 9.08167834096e-25, 4.58328629668e-25, 4.18027846084e-25, 7.64964178477e-24, 6.52171189641e-24, 5.95211211878e-24, 5.52394957943e-24, 1.59438539266e-23, 1.21894258538e-23, 1.33871746654e-23, 2.32049982816e-23, 3.82493851155e-23, 3.09179516761e-23, 3.3906106298e-23, 4.26741185546e-23, 5.09121361899e-23, 1.01235270963e-22, 1.40623910065e-22, 1.95782011191e-22, 2.11439448655e-22, 3.24873746698e-22, 4.37818761653e-22, 5.7653948483e-22, 8.48684077305e-22, 1.32389721876e-21, 1.95402577931e-21],
        "var": [8.6693501089e-07, 0.0011122477008, 0.000173472362803, 5.68540926906e-05, 9.82331621344e-05, 5.62283003092e-06, 1.32160607791e-06, 1.14617535019e-06, 1.13571866223e-06, 6.84845304022e-07, 3.3720493775e-07, 4.18232986021e-07, 3.10789403102e-07, 3.25153905578e-07, 2.16423359234e-07, 1.38854460374e-07, 1.35795318101e-07, 8.36482598743e-08, 8.14565837004e-08, 1.55975556027e-07, 1.69557608842e-07, 3.26362453507e-07, 3.87619053299e-07, 2.51498818216e-07, 3.18708799796e-07, 5.93975784113e-08, 1.5213401372e-10]
    },
    "erbbands": {
        "dmean": [0.348183900118, 3.62458777428, 5.87596464157, 9.04173660278, 16.0908718109, 17.5902748108, 14.0256929398, 7.50790882111, 7.50254774094, 10.1138525009, 11.4345817566, 13.0954341888, 19.0654525757, 8.6853017807, 8.98494720459, 13.2709999084, 11.7958030701, 14.475564003, 13.8409957886, 11.405418396, 11.2071084976, 11.3562908173, 9.34471988678, 8.39268779755, 8.89902591705, 9.11196136475, 8.80209159851, 10.0613985062, 11.8726139069, 10.9960842133, 9.15228176117, 6.39106559753, 4.72011089325, 3.09798312187, 2.69565320015, 1.01745450497, 0.224358662963, 0.0296580567956, 0.00070792355109, 4.51034575235e-05],
        "dmean2": [0.498475193977, 4.5878033638, 7.81531572342, 14.8284778595, 28.5824165344, 31.2064247131, 22.1878890991, 11.955698967, 11.9485549927, 16.3669548035, 18.5251693726, 22.5560951233, 32.7702522278, 14.6991167068, 15.2725629807, 22.9195556641, 20.4761886597, 24.2962379456, 23.4620685577, 18.3736438751, 18.0255031586, 18.1115875244, 15.474105835, 13.6766214371, 14.2923440933, 14.20109272, 13.4707183838, 16.5209102631, 19.375415802, 17.635799408, 14.1689062119, 10.0895605087, 7.50034666061, 4.80030298233, 4.46790599823, 1.63776516914, 0.349381685257, 0.0454788804054, 0.00108591152821, 6.97600480635e-05],
        "dvar": [0.251694232225, 35.6781921387, 145.922988892, 478.636871338, 1647.60656738, 1616.10620117, 490.273071289, 118.882476807, 135.670700073, 270.724121094, 367.314208984, 454.095581055, 1398.5723877, 284.634857178, 560.157592773, 792.316101074, 451.020965576, 659.766296387, 389.32321167, 235.116760254, 210.662353516, 230.341934204, 158.409805298, 118.929748535, 151.916595459, 175.50932312, 133.911453247, 175.098587036, 274.519317627, 263.736572266, 191.112319946, 82.948135376, 43.912399292, 23.8994693756, 22.1476173401, 2.68887114525, 0.129140004516, 0.00241282046773, 1.41652367347e-06, 3.20338378046e-09],
        "dvar2": [0.404664695263, 68.0034561157, 256.857330322, 1233.81567383, 4572.06298828, 4601.39453125, 1111.22351074, 286.675689697, 314.593444824, 648.711547852, 857.389526367, 1188.43859863, 3783.85961914, 749.430297852, 1542.95776367, 2188.1574707, 1286.03417969, 1829.88049316, 1030.21228027, 573.948425293, 518.105041504, 560.14263916, 403.462982178, 312.599731445, 356.759033203, 422.765075684, 291.573699951, 433.967346191, 685.825622559, 636.469604492, 426.457397461, 190.022171021, 106.962265015, 55.1565093994, 57.1443862915, 6.72331237793, 0.303573548794, 0.0054902122356, 3.2705038393e-06, 7.09304970314e-09],
        "max": [3.87923932076, 49.2767601013, 88.5635604858, 144.43951416, 331.827972412, 357.303283691, 237.864929199, 144.752655029, 175.773757935, 242.178710938, 361.673339844, 227.260864258, 606.395019531, 311.736724854, 534.300415039, 527.566772461, 473.245758057, 560.922302246, 212.7159729, 264.116638184, 229.809326172, 225.477539062, 167.615341187, 165.745254517, 166.933547974, 215.535064697, 206.776046753, 219.352584839, 167.241622925, 147.347259521, 129.161026001, 84.9669799805, 65.4860076904, 51.0250053406, 55.1864624023, 15.2737255096, 3.85356807709, 0.470729619265, 0.0109048783779, 0.000458856637124],
        "mean": [0.544602692127, 4.77108240128, 7.04322242737, 7.6620259285, 12.3527936935, 14.6326007843, 15.6251316071, 9.75481700897, 10.2653570175, 12.3915081024, 14.3058757782, 13.8404722214, 19.0402202606, 10.3633394241, 11.5710906982, 17.6288890839, 16.9789600372, 20.343038559, 19.5762615204, 18.053188324, 17.8846111298, 18.0713920593, 15.0315313339, 14.2974386215, 16.1986446381, 16.0123901367, 15.7788505554, 15.4903001785, 16.6397819519, 14.9210853577, 12.8029031754, 8.74307632446, 6.58425188065, 4.03290367126, 2.64439296722, 0.991407155991, 0.229806557298, 0.0316639505327, 0.000767389952671, 8.13637670944e-05],
        "median": [0.267323732376, 1.37186300755, 1.16927909851, 0.832960784435, 1.8073861599, 3.99433279037, 5.17737483978, 5.24548864365, 5.34896230698, 5.55891132355, 6.46168041229, 5.7324719429, 6.50906133652, 5.20584630966, 5.59345340729, 8.34951114655, 8.76615715027, 10.5778684616, 11.238650322, 11.6705875397, 11.8708620071, 12.0106716156, 10.4786605835, 10.3893356323, 11.6023988724, 10.231508255, 11.1250362396, 10.270740509, 10.0287981033, 8.5148267746, 7.21668577194, 4.93605089188, 3.38237977028, 1.98493933678, 1.01640665531, 0.358351618052, 0.0864640623331, 0.0125221600756, 0.000314634962706, 5.32320264028e-05],
        "min": [9.61882083107e-23, 4.23277694897e-22, 1.76458344563e-21, 1.30936854659e-21, 8.37168333773e-21, 2.16200923717e-20, 3.63640843429e-20, 7.7384891804e-20, 1.21143004702e-19, 1.42708844042e-19, 2.81667199488e-19, 3.59182475636e-19, 4.75920846974e-19, 6.96261237739e-19, 9.63876551476e-19, 1.47897019072e-18, 2.05911414051e-18, 1.75193648414e-18, 2.99949504028e-18, 2.86277697428e-18, 3.45452564768e-18, 4.06087033658e-18, 6.68661374325e-18, 7.27657219101e-18, 7.75190077666e-18, 9.14111918258e-18, 8.38324058893e-18, 1.06921035106e-17, 1.14238812472e-17, 1.30952253175e-17, 1.24476678021e-17, 1.12163556936e-17, 9.37325666815e-18, 8.86785014106e-18, 6.2552688323e-18, 4.05784616426e-18, 2.40851006138e-18, 9.48030976264e-19, 2.21260887691e-19, 2.67643819156e-20],
        "var": [0.590831518173, 68.852394104, 223.941040039, 376.298065186, 1054.31237793, 1034.99182129, 640.151184082, 158.23626709, 212.340270996, 374.715759277, 571.106628418, 484.094329834, 1281.08752441, 308.311157227, 600.09576416, 892.389831543, 573.373596191, 842.996948242, 552.692443848, 399.416931152, 370.219726562, 398.192260742, 254.651870728, 216.849227905, 301.420196533, 341.944244385, 289.136505127, 293.274475098, 401.871856689, 368.068023682, 289.427703857, 125.805122375, 70.6568527222, 32.8210945129, 20.1631889343, 2.6407353878, 0.141548678279, 0.00275012338534, 1.58672128237e-06, 5.910831824e-09]
    },
    "gfcc": {
        "mean": [-1.06126213074, 62.5885505676, -97.5901870728, 41.3308944702, -55.683177948, 22.1238441467, -38.1038475037, 13.8267278671, -20.7469348907, 12.0789680481, -14.9211549759, 5.73287963867, -8.60797119141],
        "cov": [[27770.2109375, -2771.85864258, -1129.6262207, 1956.06005859, -1171.78845215, 1511.10205078, -895.16998291, 598.071472168, -566.726379395, 438.754394531, -572.639221191, 430.410369873, -518.327392578], [-2771.85864258, 1962.54833984, 22.6919689178, -333.926727295, 300.186340332, -425.945983887, 154.649841309, -218.775253296, 116.658935547, -153.23890686, 143.049560547, -166.174911499, 156.909347534], [-1129.6262207, 22.6919689178, 992.750244141, 367.126556396, 248.757858276, 203.696533203, 182.940261841, 117.102737427, 53.6200523376, 29.3849220276, -2.73489427567, -23.3460655212, 20.9570293427], [1956.06005859, -333.926727295, 367.126556396, 687.460998535, 136.705657959, 335.521148682, 97.0225448608, 162.083053589, 37.6198959351, 78.8965530396, 1.18407309055, 42.4363288879, -4.67392349243], [-1171.78845215, 300.186340332, 248.757858276, 136.705657959, 392.879699707, 112.631645203, 190.80305481, 48.9897422791, 90.7145843506, 5.45639657974, 65.0729675293, -23.8952121735, 37.1276741028], [1511.10205078, -425.945983887, 203.696533203, 335.521148682, 112.631645203, 400.280090332, 130.777435303, 185.939941406, 36.753364563, 103.204978943, 4.40092563629, 70.1184844971, -24.6575717926], [-895.16998291, 154.649841309, 182.940261841, 97.0225448608, 190.80305481, 130.777435303, 255.126754761, 120.588134766, 126.872459412, 40.8234939575, 72.9155502319, 4.09341192245, 52.4279975891], [598.071472168, -218.775253296, 117.102737427, 162.083053589, 48.9897422791, 185.939941406, 120.588134766, 197.453567505, 86.0690841675, 92.535194397, 19.1746883392, 45.51953125, 17.9946079254], [-566.726379395, 116.658935547, 53.6200523376, 37.6198959351, 90.7145843506, 36.753364563, 126.872459412, 86.0690841675, 149.357177734, 59.9952354431, 72.3201293945, 19.0861682892, 46.1272315979], [438.754394531, -153.23890686, 29.3849220276, 78.8965530396, 5.45639657974, 103.204978943, 40.8234939575, 92.535194397, 59.9952354431, 119.002250671, 62.123500824, 60.9041633606, 20.2211761475], [-572.639221191, 143.049560547, -2.73489427567, 1.18407309055, 65.0729675293, 4.40092563629, 72.9155502319, 19.1746883392, 72.3201293945, 62.123500824, 123.433433533, 51.6997108459, 61.4873733521], [430.410369873, -166.174911499, -23.3460655212, 42.4363288879, -23.8952121735, 70.1184844971, 4.09341192245, 45.51953125, 19.0861682892, 60.9041633606, 51.6997108459, 104.887779236, 37.1015052795], [-518.327392578, 156.909347534, 20.9570293427, -4.67392349243, 37.1276741028, -24.6575717926, 52.4279975891, 17.9946079254, 46.1272315979, 20.2211761475, 61.4873733521, 37.1015052795, 106.455200195]],
        "icov": [[0.000240117165959, -0.000504873984028, 0.000476604705909, -0.000709456682671, 0.000566774804611, -0.000908658781555, 0.000813937862404, -0.000574200181291, 0.000466640398372, -0.000785169017036, 0.00125159043819, -0.000901388993952, 0.000614565564319], [-0.000504873984028, 0.00244112452492, -0.00102886313107, 0.00162284250837, -0.00178950559348, 0.00258971331641, -0.0019992266316, 0.00190151343122, -0.00148673844524, 0.00262331427075, -0.00424559833482, 0.00395380938426, -0.0026752341073], [0.000476604705909, -0.00102886313107, 0.00247701467015, -0.00211861659773, 0.000530604505911, -0.001463580993, 0.000588488066569, -0.00100086419843, 0.0015325283166, -0.00246049184352, 0.00364206545055, -0.00162208988331, 0.000876749341842], [-0.000709456682671, 0.00162284250837, -0.00211861659773, 0.00510054174811, -0.0019088947447, -2.60403958237e-05, -0.000503288290929, 0.000931291200686, -0.00212052022107, 0.00351513712667, -0.00489841029048, 0.0038674660027, -0.00272261514328], [0.000566774804611, -0.00178950559348, 0.000530604505911, -0.0019088947447, 0.00687180645764, -0.00443800818175, 9.00674058357e-05, -8.7512715254e-05, -1.672262988e-05, -1.53295386554e-05, 0.000721946242265, -0.000598132959567, 0.00155646260828], [-0.000908658781555, 0.00258971331641, -0.001463580993, -2.60403958237e-05, -0.00443800818175, 0.0147518394515, -0.00894015002996, -0.000650403555483, 0.00306939613074, -0.0023226456251, -0.000624453357887, -0.00225761323236, 0.00178191158921], [0.000813937862404, -0.0019992266316, 0.000588488066569, -0.000503288290929, 9.00674058357e-05, -0.00894015002996, 0.0195491015911, -0.00916927028447, -0.00501796836033, 0.00659825326875, -0.00500964745879, 0.00279218307696, -0.000566758855712], [-0.000574200181291, 0.00190151343122, -0.00100086419843, 0.000931291200686, -8.7512715254e-05, -0.000650403555483, -0.00916927028447, 0.0218882113695, -0.00697621330619, -0.0091859837994, 0.00810124445707, 0.000310092378641, -0.00468438258395], [0.000466640398372, -0.00148673844524, 0.0015325283166, -0.00212052022107, -1.672262988e-05, 0.00306939613074, -0.00501796836033, -0.00697621330619, 0.0198679435998, -0.007426480297, -0.000269264157396, -0.00178711442277, 0.00201613618992], [-0.000785169017036, 0.00262331427075, -0.00246049184352, 0.00351513712667, -1.53295386554e-05, -0.0023226456251, 0.00659825326875, -0.0091859837994, -0.007426480297, 0.0337182469666, -0.0232502445579, 0.00408225692809, -0.000460858369479], [0.00125159043819, -0.00424559833482, 0.00364206545055, -0.00489841029048, 0.000721946242265, -0.000624453357887, -0.00500964745879, 0.00810124445707, -0.000269264157396, -0.0232502445579, 0.0396208167076, -0.0177754685283, -3.53597424692e-05], [-0.000901388993952, 0.00395380938426, -0.00162208988331, 0.0038674660027, -0.000598132959567, -0.00225761323236, 0.00279218307696, 0.000310092378641, -0.00178711442277, 0.00408225692809, -0.0177754685283, 0.0294765364379, -0.0114764971659], [0.000614565564319, -0.0026752341073, 0.000876749341842, -0.00272261514328, 0.00155646260828, 0.00178191158921, -0.000566758855712, -0.00468438258395, 0.00201613618992, -0.000460858369479, -3.53597424692e-05, -0.0114764971659, 0.0202119126916]]
    },
    "melbands": {
        "dmean": [0.00366719858721, 0.00311034172773, 0.00162585661747, 0.00130200164858, 0.00050786457723, 0.000182876145118, 0.000119037889817, 0.000109091844934, 9.51327383518e-05, 9.15606142371e-05, 9.42038241192e-05, 3.45119842677e-05, 2.9011611332e-05, 3.08678354486e-05, 3.42319071933e-05, 2.89762920147e-05, 2.85184851236e-05, 2.27622876992e-05, 2.10658672586e-05, 1.48039316628e-05, 1.42671633512e-05, 1.34029423862e-05, 1.02239264379e-05, 7.86703003541e-06, 7.27582892068e-06, 6.17826617599e-06, 7.53912081564e-06, 6.08281834502e-06, 5.94415723754e-06, 5.56811164643e-06, 5.90376521359e-06, 5.65728214497e-06, 9.22494837141e-06, 5.47100580661e-06, 5.35054277861e-06, 5.19764398632e-06, 3.56213217856e-06, 3.54297117156e-06, 2.82398718809e-06, 2.59294597527e-06],
        "dmean2": [0.00493499496952, 0.00395161751658, 0.00254879822023, 0.00232825381681, 0.000829989963677, 0.000286081456579, 0.000189989266801, 0.000176503774128, 0.000155505840667, 0.00015829813492, 0.000162235170137, 5.88950097153e-05, 4.93295046908e-05, 5.27246193087e-05, 5.95517594775e-05, 4.96352331538e-05, 4.80529051856e-05, 3.91222674807e-05, 3.4597429476e-05, 2.39839991991e-05, 2.32959937421e-05, 2.14883002627e-05, 1.70200728462e-05, 1.31044853333e-05, 1.19503602036e-05, 1.01580062619e-05, 1.20286376841e-05, 9.65217259363e-06, 9.24731011764e-06, 8.93629385246e-06, 9.81079665507e-06, 9.14759311854e-06, 1.55099878612e-05, 8.71383417689e-06, 8.27126586955e-06, 8.38113010104e-06, 5.61742717764e-06, 5.73995384912e-06, 4.42568762082e-06, 4.0506579353e-06],
        "dvar": [3.34421711159e-05, 2.7028405384e-05, 1.30977405206e-05, 9.82139499683e-06, 6.91119680596e-07, 6.72989841632e-08, 3.4755089473e-08, 3.13591286272e-08, 2.54113370346e-08, 2.34658443787e-08, 3.45562085613e-08, 4.86979789827e-09, 5.76948533393e-09, 3.90294374597e-09, 4.69162353411e-09, 3.63312224749e-09, 3.09490966188e-09, 1.16839771191e-09, 1.07956932283e-09, 5.29727206544e-10, 3.85938780934e-10, 3.62434804391e-10, 1.9629868564e-10, 1.06297061431e-10, 9.77732478313e-11, 6.04193292619e-11, 1.56425650211e-10, 7.76431627325e-11, 6.83939502255e-11, 4.98944843774e-11, 6.39877317798e-11, 7.01341484888e-11, 1.6196932684e-10, 8.50174097788e-11, 7.10500269729e-11, 5.88477253038e-11, 2.56798055043e-11, 2.48650301737e-11, 1.81932385823e-11, 1.77590685213e-11],
        "dvar2": [5.89113988099e-05, 3.7790126953e-05, 3.17631165672e-05, 2.77119979728e-05, 1.76425692189e-06, 1.53156250349e-07, 8.03877284739e-08, 7.45274775227e-08, 6.00823213404e-08, 6.2216997776e-08, 9.35020807447e-08, 1.28220793982e-08, 1.53828043636e-08, 1.06348760909e-08, 1.35224382802e-08, 1.03041575272e-08, 8.67387495163e-09, 3.14840287174e-09, 2.73038169851e-09, 1.32771560413e-09, 9.78267356011e-10, 8.8133278453e-10, 5.02108354894e-10, 2.77132955473e-10, 2.59362087363e-10, 1.52977033818e-10, 3.78813092006e-10, 1.89259899419e-10, 1.56838930732e-10, 1.18128631876e-10, 1.58989862942e-10, 1.74060654778e-10, 4.19565104881e-10, 2.00522307092e-10, 1.57900789666e-10, 1.39558253842e-10, 5.80887178636e-11, 6.10556050162e-11, 4.36831681938e-11, 4.148640112e-11],
        "max": [0.0424035340548, 0.0499098263681, 0.0265553016216, 0.0236758701503, 0.00826796796173, 0.0032493644394, 0.00264640431851, 0.00297659193166, 0.00266417837702, 0.00158721278422, 0.00297390832566, 0.00134761701338, 0.00220670551062, 0.00118437525816, 0.00115035939962, 0.00161983154248, 0.00125819386449, 0.000395929528167, 0.000652330811135, 0.000299119652482, 0.000347600667737, 0.000313089316478, 0.000138729767059, 0.000145887199324, 0.000156502428581, 0.000110030123324, 0.000167170961504, 0.000163270233315, 0.000166336321854, 9.69491156866e-05, 0.000132373126689, 0.000117568182759, 9.86318991636e-05, 9.8103802884e-05, 8.93123869901e-05, 7.94667721493e-05, 4.66386918561e-05, 4.68431280751e-05, 4.21999829996e-05, 4.47243983217e-05],
        "mean": [0.00547921285033, 0.00475933309644, 0.00145765172783, 0.00102889817208, 0.000541697954759, 0.000242325055297, 0.000160485651577, 0.000134139278089, 0.000115365735837, 9.27369328565e-05, 9.24886771827e-05, 3.89368433389e-05, 3.61905513273e-05, 4.08676387451e-05, 4.38096358266e-05, 3.77231481252e-05, 3.77164215024e-05, 3.00012998196e-05, 2.9497225114e-05, 2.17262549995e-05, 2.10504695133e-05, 1.98501566047e-05, 1.48930803334e-05, 1.23507352328e-05, 1.14141676022e-05, 1.0996979654e-05, 1.18136213132e-05, 1.02583044281e-05, 9.97092229227e-06, 9.227765986e-06, 8.62495744514e-06, 8.67638755153e-06, 1.04319833554e-05, 7.70884253143e-06, 7.50163189878e-06, 6.68429174766e-06, 4.80596099806e-06, 4.74834905617e-06, 3.96690120397e-06, 3.22060577673e-06],
        "median": [0.00247166818008, 0.00115881091915, 0.000182898962521, 0.000228308286751, 0.000200584705453, 0.000130815897137, 8.27793264762e-05, 5.76908387302e-05, 5.03971896251e-05, 3.5398741602e-05, 2.98513987218e-05, 1.74726519617e-05, 1.68906681211e-05, 2.01199600269e-05, 2.07614830288e-05, 1.67463203979e-05, 1.77170586539e-05, 1.54302797455e-05, 1.71484662133e-05, 1.20352151498e-05, 1.29510262923e-05, 1.21856701298e-05, 9.75363218458e-06, 8.30655972095e-06, 7.6366986832e-06, 7.85990687291e-06, 7.38924609323e-06, 6.3489387685e-06, 6.64084245727e-06, 6.3692104959e-06, 5.56054601475e-06, 5.41209874427e-06, 5.23067592439e-06, 4.38735287389e-06, 4.15659997088e-06, 3.55224733539e-06, 2.61839363702e-06, 2.38928760155e-06, 2.06645404432e-06, 1.50595349169e-06],
        "min": [1.06153610053e-24, 8.11653068925e-25, 3.21823497679e-25, 8.05661916869e-25, 1.62145063839e-24, 1.85861861271e-24, 1.46800072486e-24, 1.44823808285e-24, 1.94992354325e-24, 2.40051418699e-24, 2.1969083985e-24, 2.48669664924e-24, 2.82008208678e-24, 2.91399025831e-24, 3.69473023494e-24, 2.98162285358e-24, 2.59017212583e-24, 4.42663419951e-24, 3.62831761305e-24, 3.52418481812e-24, 3.01636764051e-24, 3.44654788884e-24, 3.22007755865e-24, 3.84367111815e-24, 5.57921796331e-24, 4.76778301443e-24, 5.58164134402e-24, 5.21707598199e-24, 4.34336164792e-24, 4.68865553247e-24, 5.26562287652e-24, 5.52033304661e-24, 5.17047915161e-24, 6.69471461495e-24, 5.82962805261e-24, 6.32634023804e-24, 5.64876670173e-24, 6.64291011931e-24, 5.40844535455e-24, 6.25288269384e-24],
        "var": [7.07025974407e-05, 6.64186591166e-05, 1.17919680633e-05, 6.14616328676e-06, 7.22797494745e-07, 9.83435128887e-08, 5.29875450184e-08, 4.54557351759e-08, 3.76398965329e-08, 2.36492798678e-08, 3.15342170154e-08, 5.17188780691e-09, 6.56424337109e-09, 4.48757786486e-09, 5.01326624658e-09, 4.21515355953e-09, 3.59917806669e-09, 1.53865786778e-09, 1.47525869298e-09, 7.75532416064e-10, 6.01223792973e-10, 5.77725645101e-10, 2.75439698827e-10, 1.75529368818e-10, 1.597308813e-10, 1.31086294597e-10, 2.26478988341e-10, 1.49671719463e-10, 1.30132446485e-10, 9.78486458525e-11, 9.77653305534e-11, 1.10261792752e-10, 1.88221035979e-10, 1.14284880171e-10, 1.05621150714e-10, 7.99899105286e-11, 3.94557303496e-11, 3.78570196025e-11, 2.77367070284e-11, 2.29790908524e-11]
    },
    "mfcc": {
        "mean": [-637.792114258, 89.9282989502, 16.1605758667, 23.9807510376, 9.64257526398, 10.57766819, 0.185078322887, 2.57748675346, 2.41040205956, 4.37702608109, 2.55775022507, 3.14340496063, 1.53151369095],
        "cov": [[13640.7138672, -2052.54174805, 467.164367676, 311.072967529, 292.614227295, 613.328796387, 184.425964355, 345.708099365, 86.6966629028, 193.295303345, 87.7133178711, -3.5502576828, -42.8375282288], [-2052.54174805, 1644.95739746, -162.897949219, 43.6471977234, -2.6400372982, -116.266281128, -58.0533332825, -113.79637146, -47.9253005981, -76.815864563, -47.68542099, -10.0129880905, -15.8800792694], [467.164367676, -162.897949219, 707.108032227, 244.755935669, 144.491287231, 142.256256104, 120.377944946, 104.63999939, 103.794502258, 81.570602417, 37.5250320435, 16.5804347992, 21.5428199768], [311.072967529, 43.6471977234, 244.755935669, 369.038024902, 181.894424438, 140.552200317, 117.485626221, 89.4903106689, 87.3182907104, 66.6384963989, 35.1203346252, 25.4808521271, 29.1136837006], [292.614227295, -2.6400372982, 144.491287231, 181.894424438, 233.822738647, 156.220336914, 128.991744995, 86.1611022949, 76.2180557251, 53.4303092957, 35.6279144287, 31.9558448792, 33.0053749084], [613.328796387, -116.266281128, 142.256256104, 140.552200317, 156.220336914, 216.174545288, 150.377075195, 117.979019165, 74.6029052734, 65.7005233765, 51.8132247925, 43.8292617798, 42.1367225647], [184.425964355, -58.0533332825, 120.377944946, 117.485626221, 128.991744995, 150.377075195, 192.670639038, 121.709587097, 102.732650757, 71.4425048828, 53.0134544373, 42.7815818787, 54.0346450806], [345.708099365, -113.79637146, 104.63999939, 89.4903106689, 86.1611022949, 117.979019165, 121.709587097, 159.117553711, 113.192054749, 82.1226119995, 57.2027015686, 39.4469108582, 40.1279754639], [86.6966629028, -47.9253005981, 103.794502258, 87.3182907104, 76.2180557251, 74.6029052734, 102.732650757, 113.192054749, 149.438232422, 98.2544021606, 59.4618644714, 37.5538902283, 43.1799201965], [193.295303345, -76.815864563, 81.570602417, 66.6384963989, 53.4303092957, 65.7005233765, 71.4425048828, 82.1226119995, 98.2544021606, 109.510948181, 66.5826568604, 36.933380127, 33.0227775574], [87.7133178711, -47.68542099, 37.5250320435, 35.1203346252, 35.6279144287, 51.8132247925, 53.0134544373, 57.2027015686, 59.4618644714, 66.5826568604, 85.5672149658, 60.9604492188, 43.0027351379], [-3.5502576828, -10.0129880905, 16.5804347992, 25.4808521271, 31.9558448792, 43.8292617798, 42.7815818787, 39.4469108582, 37.5538902283, 36.933380127, 60.9604492188, 90.9257888794, 71.0804519653], [-42.8375282288, -15.8800792694, 21.5428199768, 29.1136837006, 33.0053749084, 42.1367225647, 54.0346450806, 40.1279754639, 43.1799201965, 33.0227775574, 43.0027351379, 71.0804519653, 105.560935974]],
