{
"lowlevel": {
    "average_loudness": 0.777630805969,
    "barkbands_crest": {
        "dmean": 2.64440083504,
        "dmean2": 4.16677999496,
        "dvar": 8.60922813416,
        "dvar2": 18.4735450745,
        "max": 26.6617393494,
        "mean": 12.5239267349,
        "median": 11.3291597366,
        "min": 2.08762454987,
        "var": 30.1156463623
    },
    "barkbands_flatness_db": {
        "dmean": 0.0229899603873,
        "dmean2": 0.0343953333795,
        "dvar": 0.000785973446909,
        "dvar2": 0.00152252241969,
        "max": 0.488950848579,
        "mean": 0.176366373897,
        "median": 0.167703017592,
        "min": 0.0396467298269,
        "var": 0.00440752087161
    },
    "barkbands_kurtosis": {
        "dmean": 6.61971950531,
        "dmean2": 10.1184682846,
        "dvar": 599.613464355,
        "dvar2": 1485.00817871,
        "max": 1239.73669434,
        "mean": 12.3298387527,
        "median": 5.35067558289,
        "min": -1.90314912796,
        "var": 956.82611084
    },
    "barkbands_skewness": {
        "dmean": 0.675345957279,
        "dmean2": 0.979942381382,
        "dvar": 1.09367871284,
        "dvar2": 2.26994085312,
        "max": 25.6167297363,
        "mean": 2.43722009659,
        "median": 2.09461092949,
        "min": -3.96763110161,
        "var": 4.39989614487
    },
    "barkbands_spread": {
        "dmean": 5.74229240417,
        "dmean2": 8.69202518463,
        "dvar": 77.32081604,
        "dvar2": 163.977996826,
        "max": 118.229042053,
        "mean": 19.8775539398,
        "median": 14.81016922,
        "min": 0.138326242566,
        "var": 274.383392334
    },
    "dissonance": {
        "dmean": 0.0194967798889,
        "dmean2": 0.0325392000377,
        "dvar": 0.00043027344509,
        "dvar2": 0.00115159503184,
        "max": 0.499999910593,
        "mean": 0.451539814472,
        "median": 0.463655263186,
        "min": 0.177489429712,
        "var": 0.00167234358378
    },
    "dynamic_complexity": 3.68071651459,
    "erbbands_crest": {
        "dmean": 2.09270262718,
        "dmean2": 3.29707574844,
        "dvar": 4.60834407806,
        "dvar2": 11.2061033249,
        "max": 29.9857063293,
        "mean": 8.71225166321,
        "median": 7.58024501801,
        "min": 2.06912112236,
        "var": 20.6370754242
    },
    "erbbands_flatness_db": {
        "dmean": 0.0121126230806,
        "dmean2": 0.018133174628,
        "dvar": 0.000202782626729,
        "dvar2": 0.000411915738368,
        "max": 0.376555770636,
        "mean": 0.143222406507,
        "median": 0.127276107669,
        "min": 0.0384654588997,
        "var": 0.00352489971556
    },
    "erbbands_kurtosis": {
        "dmean": 0.810248792171,
        "dmean2": 1.26738131046,
        "dvar": 2.09771513939,
        "dvar2": 4.80951595306,
        "max": 46.2171707153,
        "mean": 0.680215716362,
        "median": -0.289131641388,
        "min": -1.81504607201,
        "var": 7.60399866104
    },
    "erbbands_skewness": {
        "dmean": 0.312375694513,
        "dmean2": 0.469777435064,
        "dvar": 0.111844450235,
        "dvar2": 0.225835844874,
        "max": 5.27761316299,
        "mean": 0.600089550018,
        "median": 0.544225037098,
        "min": -2.81207513809,
        "var": 0.657363057137
    },
    "erbbands_spread": {
        "dmean": 8.72587013245,
        "dmean2": 13.4527139664,
        "dvar": 113.153419495,
        "dvar2": 244.058319092,
        "max": 167.165679932,
        "mean": 50.5986824036,
        "median": 48.3643112183,
        "min": 3.00680208206,
        "var": 764.527709961
    },
    "hfc": {
        "dmean": 6.77336645126,
        "dmean2": 9.44276237488,
        "dvar": 138.835342407,
        "dvar2": 288.584899902,
        "max": 167.108596802,
        "mean": 23.5195674896,
        "median": 17.0298728943,
        "min": 1.08070558077e-16,
        "var": 474.591186523
    },
    "melbands_crest": {
        "dmean": 3.50930857658,
        "dmean2": 5.40925216675,
        "dvar": 13.4050626755,
        "dvar2": 30.6835441589,
        "max": 36.3554077148,
        "mean": 16.6553668976,
        "median": 15.682759285,
        "min": 1.59417700768,
        "var": 44.6523895264
    },
    "melbands_flatness_db": {
        "dmean": 0.0272205043584,
        "dmean2": 0.0385090373456,
        "dvar": 0.00109992804937,
        "dvar2": 0.00197770143859,
        "max": 0.592829167843,
        "mean": 0.228739395738,
        "median": 0.225167483091,
        "min": 0.00323193753138,
        "var": 0.00721612386405
    },
    "melbands_kurtosis": {
        "dmean": 17.7646255493,
        "dmean2": 27.2342567444,
        "dvar": 2101.30126953,
        "dvar2": 5202.59375,
        "max": 940.686584473,
        "mean": 37.2728805542,
        "median": 15.8665981293,
        "min": -1.79215288162,
        "var": 4988.04101562
    },
    "melbands_skewness": {
        "dmean": 1.00126099586,
        "dmean2": 1.45848464966,
        "dvar": 2.07758331299,
        "dvar2": 4.35436820984,
        "max": 23.5240650177,
        "mean": 3.96980476379,
        "median": 3.21133184433,
        "min": -1.32982730865,
        "var": 9.89885425568
    },
    "melbands_spread": {
        "dmean": 6.03825330734,
        "dmean2": 8.78597545624,
        "dvar": 130.059204102,
        "dvar2": 248.427520752,
        "max": 231.648345947,
        "mean": 18.7439842224,
        "median": 12.0603027344,
        "min": 0.195826664567,
        "var": 576.879577637
    },
    "pitch_salience": {
        "dmean": 0.0782193616033,
        "dmean2": 0.118637405336,
        "dvar": 0.00818225927651,
        "dvar2": 0.0163289159536,
        "max": 0.918429136276,
        "mean": 0.500071167946,
        "median": 0.522800981998,
        "min": 0.0342582724988,
        "var": 0.0253633521497
    },
    "silence_rate_20dB": {
        "dmean": 0,
        "dmean2": 0,
        "dvar": 0,
        "dvar2": 0,
        "max": 1,
        "mean": 1,
        "median": 1,
        "min": 1,
        "var": 0
    },
    "silence_rate_30dB": {
        "dmean": 0.0464684031904,
        "dmean2": 0.0929464027286,
        "dvar": 0.0443132072687,
        "dvar2": 0.0861701965332,
        "max": 1,
        "mean": 0.847599387169,
        "median": 1,
        "min": 0,
        "var": 0.129181623459
    },
    "silence_rate_60dB": {
        "dmean": 0.015076414682,
        "dmean2": 0.0301559437066,
        "dvar": 0.0148506592959,
        "dvar2": 0.0333816222847,
        "max": 1,
        "mean": 0.0659783184528,
        "median": 0,
        "min": 0,
        "var": 0.0616246499121
    },
    "spectral_centroid": {
        "dmean": 223.875488281,
        "dmean2": 330.62322998,
        "dvar": 93931.734375,
        "dvar2": 181490.484375,
        "max": 11726.1074219,
        "mean": 1178.0333252,
        "median": 969.429992676,
        "min": 127.067977905,
        "var": 981757.375
    },
    "spectral_complexity": {
        "dmean": 3.68091702461,
        "dmean2": 5.44376754761,
        "dvar": 21.2217159271,
        "dvar2": 39.9671440125,
        "max": 53,
        "mean": 16.9762516022,
        "median": 14,
        "min": 0,
        "var": 109.838020325
    },
    "spectral_decrease": {
        "dmean": 3.07483127848e-09,
        "dmean2": 4.75813166645e-09,
        "dvar": 2.67196046903e-17,
        "dvar2": 5.43046619857e-17,
        "max": 1.26272409741e-22,
        "mean": -1.15182432481e-08,
        "median": -6.70829169991e-09,
        "min": -5.58073942614e-08,
        "var": 1.50507788855e-16
    },
    "spectral_energy": {
        "dmean": 0.0118865836412,
        "dmean2": 0.018410211429,
        "dvar": 0.000392921676394,
        "dvar2": 0.000809181423392,
        "max": 0.213772043586,
        "mean": 0.0456057414412,
        "median": 0.0273440089077,
        "min": 1.01249766566e-20,
        "var": 0.00223585101776
    },
    "spectral_energyband_high": {
        "dmean": 0.000558459374588,
        "dmean2": 0.000770865182858,
        "dvar": 1.23224663184e-06,
        "dvar2": 2.52143922808e-06,
        "max": 0.0203217715025,
        "mean": 0.00147308618762,
        "median": 0.000547931180336,
        "min": 7.21404730164e-21,
        "var": 4.23420578954e-06
    },
    "spectral_energyband_low": {
        "dmean": 0.00957703497261,
        "dmean2": 0.0139969773591,
        "dvar": 0.000405111699365,
        "dvar2": 0.000650068046525,
        "max": 0.194111198187,
        "mean": 0.027686426416,
        "median": 0.00539167271927,
        "min": 1.89457520832e-23,
        "var": 0.0019760124851
    },
    "spectral_energyband_middle_high": {
        "dmean": 0.00123979861382,
        "dmean2": 0.00186551758088,
        "dvar": 4.91617856824e-06,
        "dvar2": 1.09888233055e-05,
        "max": 0.0478343293071,
        "mean": 0.00336207845248,
        "median": 0.00199225661345,
        "min": 1.27168073577e-21,
        "var": 1.38065988722e-05
    },
    "spectral_energyband_middle_low": {
        "dmean": 0.00638859346509,
        "dmean2": 0.00946827512234,
        "dvar": 0.00014980341075,
        "dvar2": 0.000303657754557,
        "max": 0.177239730954,
        "mean": 0.0142654143274,
        "median": 0.0102266641334,
        "min": 1.51819108487e-22,
        "var": 0.000232011137996
    },
    "spectral_entropy": {
        "dmean": 0.139884278178,
        "dmean2": 0.204277694225,
        "dvar": 0.0316442847252,
        "dvar2": 0.0588640756905,
        "max": 9.82156181335,
        "mean": 7.54374742508,
        "median": 7.75481987,
        "min": 5.0439915657,
        "var": 0.528451025486
    },
    "spectral_flux": {
        "dmean": 0.0311976503581,
        "dmean2": 0.048248000443,
        "dvar": 0.00180082547013,
        "dvar2": 0.00404758425429,
        "max": 0.466322898865,
        "mean": 0.0879604294896,
        "median": 0.0667818263173,
        "min": 6.39615929665e-11,
        "var": 0.00584515882656
    },
    "spectral_kurtosis": {
        "dmean": 1.58772563934,
        "dmean2": 2.70131063461,
        "dvar": 13.1040592194,
        "dvar2": 35.3512954712,
        "max": 103.782730103,
        "mean": 4.88395404816,
        "median": 2.50194597244,
        "min": -1.31972384453,
        "var": 79.2032165527
    },
    "spectral_rms": {
        "dmean": 0.000831457495224,
        "dmean2": 0.00126002158504,
        "dvar": 1.45274589158e-06,
        "dvar2": 2.89425474875e-06,
        "max": 0.0144415404648,
        "mean": 0.00581776537001,
        "median": 0.00516498601064,
        "min": 3.14293274566e-12,
        "var": 1.06470743049e-05
    },
    "spectral_rolloff": {
        "dmean": 498.806427002,
        "dmean2": 799.319519043,
        "dvar": 1318434,
        "dvar2": 2889405.25,
        "max": 19573.6816406,
        "mean": 1346.48486328,
        "median": 645.99609375,
        "min": 43.06640625,
        "var": 5342108.5
    },
    "spectral_skewness": {
        "dmean": 0.199681028724,
        "dmean2": 0.324945509434,
        "dvar": 0.0782766342163,
        "dvar2": 0.1945078969,
        "max": 8.21551322937,
        "mean": 1.61005520821,
        "median": 1.40566420555,
        "min": -0.0770048424602,
        "var": 0.678538382053
    },
    "spectral_spread": {
        "dmean": 489480.34375,
        "dmean2": 751840.3125,
        "dvar": 639766429696,
        "dvar2": 1.28240241869e+12,
        "max": 50169324,
        "mean": 5885497.5,
        "median": 5949463,
        "min": 810384.0625,
        "var": 1.05088339149e+13
    },
    "spectral_strongpeak": {
        "dmean": 0.332874178886,
        "dmean2": 0.550685167313,
        "dvar": 0.327895402908,
        "dvar2": 0.807284832001,
        "max": 13.3024263382,
        "mean": 0.917049646378,
        "median": 0.650844216347,
        "min": 0,
        "var": 0.971290051937
    },
    "zerocrossingrate": {
        "dmean": 0.0117452209815,
        "dmean2": 0.0129754832014,
        "dvar": 0.000258194195339,
        "dvar2": 0.000279157655314,
        "max": 0.52392578125,
        "mean": 0.0604082792997,
        "median": 0.04345703125,
        "min": 0.001953125,
        "var": 0.00356759317219
    },
    "barkbands": {
        "dmean": [0.000579264014959, 0.00771854538471, 0.00468943268061, 0.00193674000911, 0.00291205081157, 0.00251593580469, 0.000782925751992, 0.000424477679189, 0.000978018972091, 0.000331633287715, 0.000326779554598, 0.000265713984845, 0.000269283511443, 0.000251694174949, 0.000154085515533, 0.000119669915875, 0.00011839583749, 9.28611771087e-05, 7.11558241164e-05, 9.06083660084e-05, 9.98932664515e-05, 0.000128412124468, 0.000146846447024, 0.00012908159988, 9.83219943009e-05, 3.31652481691e-05, 1.75925263246e-09],
        "dmean2": [0.000860169122461, 0.0108097689226, 0.00710753723979, 0.00323332310654, 0.00494335126132, 0.00381015287712, 0.00127329526003, 0.000716048642062, 0.00150535872672, 0.000518564891536, 0.0005353888846, 0.000426835205872, 0.000450115156127, 0.000410170992836, 0.000251287507126, 0.000195063257706, 0.000194722975721, 0.000155104673468, 0.000113351314212, 0.000139158539241, 0.000156570124091, 0.000192987441551, 0.000219550769543, 0.00019526584947, 0.000142945937114, 4.73286963825e-05, 3.26137872264e-09],
        "dvar": [2.11072597267e-06, 0.000311507814331, 0.000203503426746, 4.40140393039e-05, 7.67117453506e-05, 1.85369281098e-05, 3.50689310835e-06, 1.35998379847e-06, 3.14279395752e-06, 6.63956029712e-07, 4.08737406588e-07, 2.75317177056e-07, 2.68180571084e-07, 3.13705129429e-07, 1.71804643401e-07, 3.62526968445e-08, 5.91004720718e-08, 3.54269822367e-08, 1.71030851703e-08, 2.77492979706e-08, 3.5064598336e-08, 5.44235270183e-08, 1.23915242511e-07, 7.57418732178e-08, 4.86250968379e-08, 6.55806164929e-09, 7.94282729693e-18],
        "dvar2": [3.79220045943e-06, 0.000460599083453, 0.000456458539702, 0.00011428079597, 0.000209104240639, 4.06933904742e-05, 8.98122561921e-06, 3.50023174178e-06, 7.20482285033e-06, 1.41311386415e-06, 1.05280025764e-06, 6.76263425703e-07, 7.07116214471e-07, 7.63511877722e-07, 3.54584187789e-07, 8.82001387481e-08, 1.38672959338e-07, 8.99105643271e-08, 3.54372176048e-08, 6.04168519658e-08, 8.31184792105e-08, 1.16327711908e-07, 2.74478452411e-07, 1.68729599181e-07, 1.02838107807e-07, 1.38258267057e-08, 2.48708957259e-17],
        "max": [0.0235115997493, 0.181805878878, 0.143752202392, 0.107008486986, 0.13972106576, 0.056726269424, 0.0292508229613, 0.0274817571044, 0.0314848683774, 0.0410404019058, 0.0168766826391, 0.00969960913062, 0.0133455256, 0.0276728570461, 0.021457536146, 0.00407794304192, 0.0153691237792, 0.00673246337101, 0.00804162677377, 0.00319338333793, 0.00442182738334, 0.00381179363467, 0.0110537735745, 0.00557415373623, 0.00614996580407, 0.00372140225954, 3.02412992426e-08],
        "mean": [0.00132098875474, 0.0195172410458, 0.0057405969128, 0.00213894946501, 0.00343917473219, 0.00466476706788, 0.00120904867072, 0.000499360321555, 0.00214281445369, 0.000511780672241, 0.000516094325576, 0.000468550395453, 0.000438178132754, 0.000457253074273, 0.000250857614446, 0.000208371260669, 0.000205981879844, 0.000164140554261, 0.000149888102897, 0.000180483766599, 0.000210902508115, 0.000291860516882, 0.000290327938274, 0.0002819847723, 0.000232547914493, 7.36104557291e-05, 1.43768941196e-09],
        "median": [1.32115874294e-05, 0.00156251643784, 0.00137899874244, 0.000627954606898, 0.00103473488707, 0.00231051445007, 0.00036658035242, 0.000117936338938, 0.000664723047521, 0.000176007859409, 0.000177594702109, 0.000158866925631, 0.000181808689376, 0.000157807735377, 0.0001206152956, 0.000106787505501, 0.000106754741864, 8.27722324175e-05, 7.43610653444e-05, 7.18884330126e-05, 7.42042684578e-05, 0.000143728466355, 9.523708286e-05, 7.04613776179e-05, 5.58537358302e-05, 1.67333764693e-05, 4.4622941453e-10],
        "min": [1.45527344023e-24, 3.43360307581e-24, 6.69918923122e-25, 1.22111092735e-24, 7.31775380245e-24, 1.07140390243e-23, 9.34171371659e-24, 3.44656524378e-24, 9.64509384352e-24, 1.78746099248e-23, 1.66378527302e-23, 2.16942050081e-23, 3.10175942747e-23, 2.07501325643e-23, 4.68809465237e-23, 7.37215317716e-23, 8.07980369209e-23, 8.35065119529e-23, 1.57037505417e-22, 2.05963188873e-22, 2.81288664192e-22, 3.33085927561e-22, 4.34796654457e-22, 5.89205738447e-22, 8.80086446375e-22, 1.39911087778e-21, 1.99817816009e-21],
        "var": [8.93305332283e-06, 0.00147744128481, 0.000212502462091, 3.35414842993e-05, 6.37151242699e-05, 3.98956653953e-05, 5.16277259521e-06, 1.68179781213e-06, 1.25633332573e-05, 1.57727220085e-06, 8.02469287464e-07, 6.60998466628e-07, 4.87810268623e-07, 9.81122752819e-07, 3.28721711185e-07, 6.97579025655e-08, 1.21826005284e-07, 6.04881194022e-08, 4.21717487598e-08, 6.47288231903e-08, 9.49497334091e-08, 1.6226073285e-07, 2.36610787852e-07, 2.17701511929e-07, 1.73136967874e-07, 1.73167684636e-08, 6.64422487276e-18]
    },
    "erbbands": {
        "dmean": [0.316581487656, 1.69518911839, 5.08248567581, 5.8801984787, 7.48429012299, 10.1701860428, 13.010351181, 22.1431713104, 13.6439390182, 10.1653213501, 9.68609428406, 21.1895065308, 16.1615715027, 9.31115818024, 13.2206001282, 9.92867183685, 11.723282814, 13.2301359177, 7.61882257462, 7.7825293541, 6.43457841873, 6.0510430336, 5.2478890419, 3.69662594795, 3.8151102066, 4.0477142334, 4.42392969131, 3.76914000511, 4.61344337463, 4.29727745056, 4.67200756073, 3.21099162102, 2.11685824394, 1.2677526474, 0.607079088688, 0.205575272441, 0.0563905201852, 0.00415248330683, 8.25533061288e-05, 1.58609036589e-05],
        "dmean2": [0.392207890749, 2.32094097137, 7.38409137726, 9.21148300171, 12.2963514328, 17.0863437653, 20.3088417053, 33.4238166809, 21.608625412, 16.7198581696, 15.9326877594, 33.0789718628, 24.6025161743, 15.1048536301, 21.2798271179, 16.2242927551, 19.5720081329, 21.3455047607, 12.1626768112, 12.9197597504, 10.5037288666, 9.8694486618, 8.75621128082, 5.91688203812, 5.97791004181, 6.22867536545, 7.07023525238, 5.7656917572, 7.06417512894, 6.48476266861, 7.09006595612, 5.05636692047, 3.22673892975, 1.90633106232, 0.880361258984, 0.294636011124, 0.0829655528069, 0.00622223876417, 0.000120738623082, 2.42571750277e-05],
        "dvar": [0.47702768445, 15.9115037918, 217.027267456, 366.26171875, 545.983886719, 839.261047363, 796.928100586, 1559.28479004, 920.655212402, 769.274414062, 517.024597168, 1664.64941406, 1125.97412109, 415.229797363, 674.359375, 423.744567871, 526.551208496, 1031.44360352, 604.912719727, 194.513046265, 101.299263, 157.993270874, 124.235481262, 47.6471405029, 38.5620727539, 54.4598312378, 76.9880981445, 50.0067825317, 75.1639404297, 72.9070053101, 138.62461853, 49.6681404114, 21.6869239807, 7.73953151703, 2.08831882477, 0.241756498814, 0.0202051755041, 9.48214219534e-05, 3.73066271209e-08, 6.74828193326e-10],
        "dvar2": [0.772395431995, 22.3001041412, 465.143432617, 875.160095215, 1395.296875, 2222.97973633, 1859.99487305, 3414.97680664, 2197.10351562, 1995.49914551, 1358.03417969, 3916.55688477, 2537.44921875, 1026.28735352, 1740.47692871, 1084.50915527, 1400.12854004, 2530.72875977, 1162.53356934, 478.766448975, 253.701766968, 364.165985107, 315.484344482, 95.7340621948, 86.6465682983, 121.832504272, 196.305374146, 109.211219788, 165.196212769, 163.844863892, 320.63269043, 120.78238678, 47.2057304382, 16.428188324, 4.52405881882, 0.525264024734, 0.0437909625471, 0.000200901777134, 7.80502489306e-08, 1.45887868452e-09],
        "max": [7.92825460434, 45.8123664856, 147.53578186, 260.752532959, 499.336395264, 400.347625732, 527.491333008, 557.878601074, 514.399902344, 591.308105469, 448.113525391, 912.286437988, 779.454223633, 679.560546875, 799.041381836, 415.092224121, 558.678283691, 1701.43334961, 1330.91381836, 522.642944336, 125.595474243, 800.79876709, 455.604370117, 457.677062988, 180.95274353, 150.384658813, 185.42048645, 122.865180969, 121.860031128, 218.377090454, 345.968048096, 104.913749695, 132.578994751, 90.9036712646, 41.215549469, 21.6271934509, 4.85384273529, 0.221492886543, 0.00464405911043, 0.000392413261579],
        "mean": [0.644220709801, 4.02676820755, 7.08578014374, 7.23667478561, 8.80806064606, 12.6236858368, 20.2441673279, 42.3774528503, 23.6210575104, 14.0054178238, 13.4726018906, 40.2713012695, 37.9593963623, 15.873049736, 22.9252090454, 17.3987579346, 19.9771556854, 26.0003185272, 13.6623907089, 13.2495565414, 11.7124185562, 11.2199764252, 9.78464889526, 7.82255077362, 8.06282234192, 8.32301330566, 9.41853904724, 7.96402454376, 10.3667917252, 9.26896095276, 8.62371826172, 6.43753433228, 4.5020647049, 3.00048899651, 1.32602703571, 0.463936567307, 0.115483604372, 0.00827353727072, 0.000198413123144, 6.49528083159e-05],
        "median": [0.0201862342656, 0.461675018072, 2.22197461128, 2.68435144424, 2.56146097183, 3.57569336891, 9.97276210785, 19.7383975983, 8.52001953125, 5.08587598801, 5.06398057938, 15.4612541199, 8.26687049866, 8.27798366547, 11.2827453613, 7.72024297714, 8.98485279083, 8.01154136658, 6.57051372528, 6.57058811188, 6.24528121948, 6.14231109619, 5.37356138229, 3.92718505859, 4.07776355743, 3.40968060493, 2.99748063087, 3.00163292885, 5.04095315933, 3.88018584251, 2.48050117493, 1.52085602283, 1.12806046009, 0.694851279259, 0.334308177233, 0.103210918605, 0.0263394005597, 0.00192320928909, 6.61795929773e-05, 4.02018413297e-05],
        "min": [6.27650931461e-23, 3.95851159546e-22, 1.15854480386e-21, 1.04270219804e-20, 1.07498978769e-20, 2.29109545696e-20, 4.39942083394e-20, 9.6881984744e-20, 1.61554370691e-19, 2.34195924519e-19, 2.1496450519e-19, 2.48003998786e-19, 5.85423378356e-19, 6.69956635766e-19, 8.48720654198e-19, 9.87151345961e-19, 1.59019258569e-18, 2.03085930515e-18, 2.5928251338e-18, 3.59891395271e-18, 3.69552451235e-18, 4.75070960254e-18, 5.41957694484e-18, 8.07838482854e-18, 8.67936876668e-18, 9.5160313506e-18, 8.39595766367e-18, 1.23436936807e-17, 1.19164457953e-17, 1.18166638252e-17, 1.25959506803e-17, 1.09522617395e-17, 9.83506498669e-18, 8.93569714926e-18, 7.21863480654e-18, 4.45854237915e-18, 2.20249555994e-18, 9.9998867208e-19, 2.4966435707e-19, 2.91470078154e-20],
        "var": [1.72885787487, 73.412322998, 284.838897705, 329.814880371, 469.128753662, 884.202270508, 1032.82617188, 3945.40673828, 1575.71606445, 929.030151367, 653.317138672, 4178.66943359, 5199.92480469, 746.47052002, 1233.29174805, 749.136474609, 923.059265137, 3278.09960938, 1352.58837891, 375.96673584, 206.337615967, 349.858062744, 225.039855957, 119.015335083, 98.4351119995, 130.974227905, 221.629226685, 128.901657104, 200.052383423, 182.251846313, 235.6615448, 116.174003601, 61.3448753357, 28.9783496857, 5.60137653351, 0.674952864647, 0.0449631661177, 0.000199448288186, 9.07726018795e-08, 3.85675580361e-09]
    },
    "gfcc": {
        "mean": [-13.0370483398, 85.7022094727, -99.9745254517, 33.3825340271, -65.4130935669, 20.7090129852, -40.3139076233, 8.15610790253, -24.7626571655, 4.98734998703, -15.5896892548, 6.96616458893, -8.11897087097],
        "cov": [[21261.0957031, -1027.40649414, -792.241760254, 527.789672852, -714.988586426, 974.143554688, -507.445465088, 480.628448486, -239.092056274, 429.938079834, -254.725814819, 127.724441528, -268.23147583], [-1027.40649414, 2318.55102539, -233.546463013, -374.434997559, 371.381591797, -457.766937256, 128.494125366, -300.258117676, 134.144821167, -213.341491699, 63.2509727478, -142.28125, 0.745202124119], [-792.241760254, -233.546463013, 815.161743164, 393.356292725, 265.294708252, 293.655792236, 95.2149353027, 185.034210205, 72.0719909668, 111.438186646, 29.6442909241, -42.7332496643, 14.3205499649], [527.789672852, -374.434997559, 393.356292725, 505.223419189, 185.251724243, 270.589111328, 49.6297607422, 167.259490967, 53.3193664551, 100.331169128, 11.7731323242, -19.2731876373, 0.376870900393], [-714.988586426, 371.381591797, 265.294708252, 185.251724243, 464.92199707, 112.403038025, 111.535560608, 74.2297515869, 112.492485046, 39.353717804, 51.8850440979, -86.7540817261, 24.562461853], [974.143554688, -457.766937256, 293.655792236, 270.589111328, 112.403038025, 455.835601807, 102.86265564, 208.179916382, 54.7512016296, 114.912353516, 3.18514227867, -11.9371070862, -15.2168703079], [-507.445465088, 128.494125366, 95.2149353027, 49.6297607422, 111.535560608, 102.86265564, 206.581970215, 64.4578781128, 77.1969451904, 7.74939250946, 33.0186080933, 7.18642807007, 10.5779590607], [480.628448486, -300.258117676, 185.034210205, 167.259490967, 74.2297515869, 208.179916382, 64.4578781128, 199.110229492, 50.8981246948, 95.0555801392, 19.7299499512, 12.5828399658, 15.9579133987], [-239.092056274, 134.144821167, 72.0719909668, 53.3193664551, 112.492485046, 54.7512016296, 77.1969451904, 50.8981246948, 125.271156311, 43.726852417, 40.6416168213, -7.07116985321, 16.9508724213], [429.938079834, -213.341491699, 111.438186646, 100.331169128, 39.353717804, 114.912353516, 7.74939250946, 95.0555801392, 43.726852417, 123.503356934, 37.7623825073, 20.4960002899, 26.7232875824], [-254.725814819, 63.2509727478, 29.6442909241, 11.7731323242, 51.8850440979, 3.18514227867, 33.0186080933, 19.7299499512, 40.6416168213, 37.7623825073, 84.6434555054, 28.8897094727, 40.4381942749], [127.724441528, -142.28125, -42.7332496643, -19.2731876373, -86.7540817261, -11.9371070862, 7.18642807007, 12.5828399658, -7.07116985321, 20.4960002899, 28.8897094727, 110.713600159, 34.836566925], [-268.23147583, 0.745202124119, 14.3205499649, 0.376870900393, 24.562461853, -15.2168703079, 10.5779590607, 15.9579133987, 16.9508724213, 26.7232875824, 40.4381942749, 34.836566925, 88.6179199219]],
        "icov": [[0.000126330298372, -0.000262993649812, 0.000312843738357, -0.000283734960249, 0.000264387170319, -0.000461097399238, 0.000425379519584, -0.000349655252649, 0.000353007519152, -0.000599374587182, 0.00034704018617, -0.000281838001683, 0.000260627974058], [-0.000262993649812, 0.00173581461422, -0.000645519059617, 0.0011598400306, -0.00154349382501, 0.00167025753763, -0.00142704858445, 0.00165172491688, -0.00183810479939, 0.00223613413982, -0.001366888755, 0.00129173160531, -0.000330505426973], [0.000312843738357, -0.000645519059617, 0.00304385391064, -0.00186519382987, 7.48044767533e-05, -0.00145511247683, 0.000731888576411, -0.00123377644923, 0.00132068060338, -0.00194882333744, 0.000740669493098, -0.000225670068176, 0.000418406794779], [-0.000283734960249, 0.0011598400306, -0.00186519382987, 0.00501281628385, -0.00201264326461, 0.000280191103229, -0.000362545397365, 0.000233036174905, -0.00135096849408, 0.00142690131906, -0.000511978694703, 0.000203770207008, 4.42599628059e-07], [0.000264387170319, -0.00154349382501, 7.48044767533e-05, -0.00201264326461, 0.00591245247051, -0.00139500468504, 0.000237959699007, -0.00144952302799, -0.000216677915887, -0.00140421791002, -0.000832410762087, 0.00283269700594, -0.00110480329022], [-0.000461097399238, 0.00167025753763, -0.00145511247683, 0.000280191103229, -0.00139500468504, 0.00766584742814, -0.00382215948775, -0.00154449627735, -0.00100228458177, 0.000306622649077, -0.000477821187815, 0.00208799447864, 0.000758071721066], [0.000425379519584, -0.00142704858445, 0.000731888576411, -0.000362545397365, 0.000237959699007, -0.00382215948775, 0.0103181619197, -0.00332272448577, -0.00257923454046, 0.00242250575684, -0.000281218439341, -0.00350822159089, 0.0010975318728], [-0.000349655252649, 0.00165172491688, -0.00123377644923, 0.000233036174905, -0.00144952302799, -0.00154449627735, -0.00332272448577, 0.0147769860923, -0.00256716553122, -0.00310537242331, 0.000316828256473, 0.00022064417135, -0.00180546601769], [0.000353007519152, -0.00183810479939, 0.00132068060338, -0.00135096849408, -0.000216677915887, -0.00100228458177, -0.00257923454046, -0.00256716553122, 0.0164525769651, -0.00700953090563, -0.00138434686232, 4.5314514864e-05, 0.00111498869956], [-0.000599374587182, 0.00223613413982, -0.00194882333744, 0.00142690131906, -0.00140421791002, 0.000306622649077, 0.00242250575684, -0.00310537242331, -0.00700953090563, 0.0224536135793, -0.00781821645796, 0.000533036421984, -0.00288442056626], [0.00034704018617, -0.001366888755, 0.000740669493098, -0.000511978694703, -0.000832410762087, -0.000477821187815, -0.000281218439341, 0.000316828256473, -0.00138434686232, -0.00781821645796, 0.0224312916398, -0.0058393147774, -0.0042483410798], [-0.000281838001683, 0.00129173160531, -0.000225670068176, 0.000203770207008, 0.00283269700594, 0.00208799447864, -0.00350822159089, 0.00022064417135, 4.5314514864e-05, 0.000533036421984, -0.0058393147774, 0.0165829341859, -0.00489963823929], [0.000260627974058, -0.000330505426973, 0.000418406794779, 4.42599628059e-07, -0.00110480329022, 0.000758071721066, 0.0010975318728, -0.00180546601769, 0.00111498869956, -0.00288442056626, -0.0042483410798, -0.00489963823929, 0.0171601846814]]
    },
    "melbands": {
        "dmean": [0.00235739792697, 0.00221426156349, 0.00092599511845, 0.000675145129208, 0.000439659750555, 0.000489027937874, 0.00019784703909, 0.000105762264866, 9.13329349714e-05, 0.000136428279802, 8.11076824903e-05, 3.80436613341e-05, 4.85555028717e-05, 3.1613803003e-05, 2.71573080681e-05, 2.62793546426e-05, 2.52207028097e-05, 1.31849010359e-05, 1.15099346658e-05, 8.97982499737e-06, 8.20807508717e-06, 6.3412567215e-06, 6.67784888719e-06, 4.7386888582e-06, 3.08652397507e-06, 2.70930922852e-06, 3.26130498252e-06, 2.72223178399e-06, 3.1289710023e-06, 2.48859805652e-06, 2.43402337219e-06, 2.80939502773e-06, 2.70430791716e-06, 2.39674591285e-06, 2.94980577564e-06, 2.4093067168e-06, 1.87593775536e-06, 1.59218006957e-06, 1.48438437009e-06, 1.02991634776e-06],
        "dmean2": [0.00298584275879, 0.00306180818006, 0.00134052708745, 0.001136786188, 0.000692482979503, 0.000738190778065, 0.000314729521051, 0.000174641652848, 0.000148028804688, 0.000211254271562, 0.00012363542919, 6.16263860138e-05, 7.89615005488e-05, 5.13192026119e-05, 4.48016871815e-05, 4.30877116742e-05, 4.10844259022e-05, 2.14329611481e-05, 1.90169030247e-05, 1.48093577081e-05, 1.35805839818e-05, 1.0467586435e-05, 1.10693472379e-05, 7.92522769189e-06, 4.99768430018e-06, 4.30743057223e-06, 5.06388732902e-06, 4.30970703746e-06, 5.10255358677e-06, 3.98501970267e-06, 3.80886217499e-06, 4.40474968855e-06, 4.14325450038e-06, 3.68329642697e-06, 4.55602139482e-06, 3.77773744731e-06, 3.01117438539e-06, 2.46603121923e-06, 2.35169204643e-06, 1.54654628659e-06],
        "dvar": [2.68087551376e-05, 3.3119260479e-05, 6.91789091434e-06, 4.28034627475e-06, 8.64246771926e-07, 7.25901827536e-07, 1.89010918916e-07, 8.36604598931e-08, 3.67548835811e-08, 6.37883630361e-08, 2.94564124204e-08, 8.01281618834e-09, 8.69270078141e-09, 4.44968151214e-09, 3.71647601582e-09, 2.800828236e-09, 3.73441144674e-09, 1.73275382931e-09, 5.64181479312e-10, 2.44508774339e-10, 1.65336702662e-10, 1.66592420414e-10, 2.34446684289e-10, 7.42114772412e-11, 3.66695007692e-11, 2.33181980669e-11, 3.57954915708e-11, 2.39028623283e-11, 4.17880001435e-11, 2.59843188632e-11, 2.29160822263e-11, 2.73680487994e-11, 2.48343672016e-11, 2.42893153507e-11, 5.94501670115e-11, 2.94889841712e-11, 1.66823655584e-11, 1.24996514875e-11, 1.38124884794e-11, 4.93779539826e-12],
        "dvar2": [4.13133493566e-05, 6.39081263216e-05, 1.40653482958e-05, 1.14426529763e-05, 2.10149823943e-06, 1.58386035309e-06, 4.56748466604e-07, 2.15470976173e-07, 9.41178157632e-08, 1.48518424226e-07, 6.58339445181e-08, 1.91861140308e-08, 2.22066010025e-08, 1.14146674335e-08, 9.70266178513e-09, 6.69453914526e-09, 9.38700850384e-09, 3.44041728439e-09, 1.37515665521e-09, 5.69619573731e-10, 4.26541746368e-10, 3.92212429201e-10, 5.64759128352e-10, 1.85764278959e-10, 7.31275318078e-11, 5.36334310297e-11, 7.68424213149e-11, 5.61627931661e-11, 1.12530117169e-10, 5.87912635241e-11, 5.26331027373e-11, 6.31551269614e-11, 5.41840287915e-11, 5.57810984902e-11, 1.39776218377e-10, 7.05412117608e-11, 4.0837909443e-11, 2.82987678429e-11, 3.35628261294e-11, 1.04442097332e-11],
        "max": [0.058805283159, 0.0591398105025, 0.0411807708442, 0.0361963994801, 0.015625955537, 0.0113181918859, 0.00697430828586, 0.00586365908384, 0.00314502394758, 0.00550614716485, 0.00463262945414, 0.00377147481777, 0.00265938369557, 0.00138113053981, 0.00258642970584, 0.00169968989212, 0.00312044867314, 0.00201388983987, 0.000768138212152, 0.000460884097265, 0.000151622196427, 0.000730748462956, 0.000973007990979, 0.000248370517511, 0.000430880172644, 0.000233072045376, 9.54863789957e-05, 0.00010140008817, 0.000158294220455, 0.000161021001986, 7.72270868765e-05, 7.48143065721e-05, 0.000125914026285, 0.000151352302055, 0.000246046314714, 9.90509652183e-05, 8.4550716565e-05, 8.40923676151e-05, 0.000105333187093, 7.63946518418e-05],
        "mean": [0.00561380153522, 0.00437443098053, 0.00131477450486, 0.00078249204671, 0.000687606225256, 0.000930200621951, 0.000339648337103, 0.000139095223858, 0.000129214386106, 0.00028165258118, 0.000188221820281, 6.03551779932e-05, 8.14440936665e-05, 5.45987277292e-05, 4.22813318437e-05, 4.8702746426e-05, 4.64737968286e-05, 2.17028591578e-05, 1.85311182577e-05, 1.46300462802e-05, 1.37205443025e-05, 1.08662925413e-05, 1.09833408715e-05, 8.39328640723e-06, 5.97424195803e-06, 5.47317267774e-06, 6.18015837972e-06, 5.21685478816e-06, 6.09708513366e-06, 4.91851415063e-06, 4.4868547775e-06, 5.96773725192e-06, 5.56014492759e-06, 4.91651235279e-06, 5.11838561579e-06, 4.39339873992e-06, 3.68147721019e-06, 3.07492996399e-06, 3.17379203807e-06, 2.2981910206e-06],
        "median": [0.000310121744405, 0.00109799706843, 0.000516649917699, 0.000226973745157, 0.000336366414558, 0.000449313258287, 0.00011550947238, 4.4225671445e-05, 4.40809526481e-05, 9.39880410442e-05, 3.43219326169e-05, 2.59502448898e-05, 3.4724456782e-05, 1.76504545379e-05, 1.50178912008e-05, 1.83307056432e-05, 1.37400484164e-05, 9.14973952604e-06, 8.91532272362e-06, 7.10144649929e-06, 6.84572160026e-06, 5.75746753384e-06, 5.60749049328e-06, 4.11607652495e-06, 2.80701283373e-06, 2.79308574136e-06, 2.66400729743e-06, 2.0426498395e-06, 1.84720477137e-06, 1.53384303303e-06, 1.62051787811e-06, 2.8067393032e-06, 2.59001467384e-06, 1.96259838958e-06, 1.47012224261e-06, 1.05145602447e-06, 7.98158623638e-07, 7.84305257184e-07, 7.01529188518e-07, 5.29588703557e-07],
        "min": [8.66401790684e-25, 3.49397292456e-25, 2.30154527555e-24, 1.57394928038e-24, 1.48041187348e-24, 2.67006125299e-24, 2.29326657478e-24, 2.40875679738e-24, 1.66728375281e-24, 1.57383893846e-24, 2.79604017019e-24, 2.15396281082e-24, 2.86323573652e-24, 2.76252659792e-24, 2.61200049872e-24, 2.68019634069e-24, 3.53578344001e-24, 3.11026595127e-24, 4.43724280096e-24, 5.79345207479e-24, 3.83719614784e-24, 3.88845632946e-24, 4.01382407667e-24, 4.37121711535e-24, 5.31243269935e-24, 5.34992134172e-24, 4.75762011939e-24, 5.43736460091e-24, 4.28199458039e-24, 6.22557430145e-24, 6.35294772751e-24, 5.68134626269e-24, 5.589754384e-24, 6.07521386304e-24, 7.34013141975e-24, 6.34263258232e-24, 6.28644911979e-24, 6.0817101326e-24, 5.83302685982e-24, 7.0264708575e-24],
        "var": [0.000121107834275, 7.75993539719e-05, 8.25867755339e-06, 3.60382841791e-06, 1.109761115e-06, 1.75632919763e-06, 3.23366521116e-07, 1.02316768391e-07, 5.43589599999e-08, 2.07506019478e-07, 1.37558657798e-07, 1.54368962058e-08, 1.78723187361e-08, 1.00508534828e-08, 6.03488636841e-09, 8.99782559571e-09, 1.02957891102e-08, 4.16785805868e-09, 9.59262447253e-10, 4.61729182666e-10, 3.10278941429e-10, 3.17876586164e-10, 4.64311311621e-10, 1.58782834103e-10, 8.36513983082e-11, 5.16150282237e-11, 7.70209312995e-11, 5.31898171341e-11, 1.08320387382e-10, 5.99215121966e-11, 4.82345552388e-11, 6.93708701593e-11, 6.39617803166e-11, 5.45642940553e-11, 8.99930893694e-11, 5.83204179394e-11, 3.94141767834e-11, 2.87966699097e-11, 4.01479474665e-11, 1.66644267829e-11]
    },
    "mfcc": {
        "mean": [-653.337524414, 112.289726257, 19.1906719208, 17.5746059418, 3.23328471184, 8.83006191254, -2.33205032349, 4.02468967438, -2.36953568459, -2.84071683884, -0.621353387833, -2.11411428452, -0.459885269403],
        "cov": [[12025.2705078, -824.397460938, 241.076416016, -80.0860443115, 201.703811646, 336.122283936, 140.229629517, 82.6765365601, 184.089263916, 354.847808838, 54.5001411438, 158.196777344, -42.4769554138], [-824.397460938, 2278.44360352, -283.966522217, 122.195220947, 9.63288402557, -29.2298698425, -143.346038818, -26.674943924, -87.725692749, -111.692726135, 1.103474617, -85.5049285889, -21.1408805847], [241.076416016, -283.966522217, 561.658996582, 123.943229675, 183.92338562, 131.610137939, 151.324386597, 59.0721473694, 123.04611969, 99.7151947021, 39.2948112488, 78.138130188, 39.0329856873], [-80.0860443115, 122.195220947, 123.943229675, 284.472015381, 156.340606689, 66.9387130737, 62.3439254761, 26.9510631561, 60.9487037659, 36.8465805054, 18.4668064117, 37.6110458374, 27.6866092682], [201.703811646, 9.63288402557, 183.92338562, 156.340606689, 345.757202148, 129.336776733, 135.912017822, 25.3028888702, 129.102172852, 132.377563477, 20.9476108551, 77.8710632324, 32.0951004028], [336.122283936, -29.2298698425, 131.610137939, 66.9387130737, 129.336776733, 196.959487915, 106.832435608, 83.6992950439, 87.0758132935, 97.2028656006, 58.6602134705, 44.2163963318, 11.9411048889], [140.229629517, -143.346038818, 151.324386597, 62.3439254761, 135.912017822, 106.832435608, 189.723907471, 81.2659378052, 98.0398788452, 95.3394012451, 38.8253097534, 59.4930496216, 26.270488739], [82.6765365601, -26.674943924, 59.0721473694, 26.9510631561, 25.3028888702, 83.6992950439, 81.2659378052, 142.671279907, 55.1678543091, 49.8122215271, 53.1171455383, 22.2115631104, 14.373667717], [184.089263916, -87.725692749, 123.04611969, 60.9487037659, 129.102172852, 87.0758132935, 98.0398788452, 55.1678543091, 147.510772705, 103.843231201, 46.1905555725, 60.2498245239, 19.1210708618], [354.847808838, -111.692726135, 99.7151947021, 36.8465805054, 132.377563477, 97.2028656006, 95.3394012451, 49.8122215271, 103.843231201, 163.47052002, 53.3029403687, 63.5431251526, 18.7045059204], [54.5001411438, 1.103474617, 39.2948112488, 18.4668064117, 20.9476108551, 58.6602134705, 38.8253097534, 53.1171455383, 46.1905555725, 53.3029403687, 95.2977371216, 35.8151397705, 13.3557567596], [158.196777344, -85.5049285889, 78.138130188, 37.6110458374, 77.8710632324, 44.2163963318, 59.4930496216, 22.2115631104, 60.2498245239, 63.5431251526, 35.8151397705, 89.6513137817, 29.0696277618], [-42.4769554138, -21.1408805847, 39.0329856873, 27.6866092682, 32.0951004028, 11.9411048889, 26.270488739, 14.373667717, 19.1210708618, 18.7045059204, 13.3557567596, 29.0696277618, 71.3774337769]],
