{
"lowlevel": {
    "average_loudness": 0.86333656311,
    "barkbands_crest": {
        "dmean": 2.76726460457,
        "dmean2": 4.36503505707,
        "dvar": 7.79656600952,
        "dvar2": 17.1336784363,
        "max": 26.3476352692,
        "mean": 10.9717626572,
        "median": 9.81586647034,
        "min": 2.43004965782,
        "var": 24.833190918
    },
    "barkbands_flatness_db": {
        "dmean": 0.0229104831815,
        "dmean2": 0.0341984666884,
        "dvar": 0.000593887234572,
        "dvar2": 0.00119595637079,
        "max": 0.358124524355,
        "mean": 0.133288294077,
        "median": 0.123495012522,
        "min": 0.0213065221906,
        "var": 0.00360967288725
    },
    "barkbands_kurtosis": {
        "dmean": 3.43857240677,
        "dmean2": 5.30776119232,
        "dvar": 49.8683509827,
        "dvar2": 108.091567993,
        "max": 107.906089783,
        "mean": 4.72933673859,
        "median": 1.56853723526,
        "min": -1.88644182682,
        "var": 121.225944519
    },
    "barkbands_skewness": {
        "dmean": 0.631622731686,
        "dmean2": 0.940717637539,
        "dvar": 0.604187011719,
        "dvar2": 1.24011981487,
        "max": 10.3863153458,
        "mean": 1.38864374161,
        "median": 1.1653881073,
        "min": -4.00281381607,
        "var": 2.74686980247
    },
    "barkbands_spread": {
        "dmean": 9.07705497742,
        "dmean2": 13.8241100311,
        "dvar": 159.173416138,
        "dvar2": 349.510192871,
        "max": 114.464164734,
        "mean": 28.9526252747,
        "median": 22.2617206573,
        "min": 1.35804247856,
        "var": 479.978881836
    },
    "dissonance": {
        "dmean": 0.0254627391696,
        "dmean2": 0.0428593792021,
        "dvar": 0.000599922554102,
        "dvar2": 0.00167158909608,
        "max": 0.5,
        "mean": 0.445873141289,
        "median": 0.453212887049,
        "min": 0.18241737783,
        "var": 0.00129156128969
    },
    "dynamic_complexity": 3.17161822319,
    "erbbands_crest": {
        "dmean": 2.83393168449,
        "dmean2": 4.58947610855,
        "dvar": 7.6570558548,
        "dvar2": 18.6240272522,
        "max": 32.1315155029,
        "mean": 9.87850761414,
        "median": 8.67986297607,
        "min": 2.52414727211,
        "var": 26.6060237885
    },
    "erbbands_flatness_db": {
        "dmean": 0.0192906986922,
        "dmean2": 0.0292671527714,
        "dvar": 0.000404466642067,
        "dvar2": 0.000903960550204,
        "max": 0.37847957015,
        "mean": 0.149227648973,
        "median": 0.129563078284,
        "min": 0.0416136607528,
        "var": 0.00514068454504
    },
    "erbbands_kurtosis": {
        "dmean": 1.25592303276,
        "dmean2": 2.00668048859,
        "dvar": 4.11760473251,
        "dvar2": 10.3724060059,
        "max": 38.9688072205,
        "mean": 1.08759272099,
        "median": 0.0271458625793,
        "min": -1.87404572964,
        "var": 9.78778171539
    },
    "erbbands_skewness": {
        "dmean": 0.418028980494,
        "dmean2": 0.63789921999,
        "dvar": 0.179796248674,
        "dvar2": 0.407979309559,
        "max": 4.44570970535,
        "mean": 0.338734656572,
        "median": 0.352499961853,
        "min": -3.2127571106,
        "var": 0.576302945614
    },
    "erbbands_spread": {
        "dmean": 10.9261646271,
        "dmean2": 16.0003223419,
        "dvar": 175.804458618,
        "dvar2": 337.672515869,
        "max": 212.876708984,
        "mean": 49.5863494873,
        "median": 42.9729576111,
        "min": 1.78096735477,
        "var": 1336.16149902
    },
    "hfc": {
        "dmean": 17.2948074341,
        "dmean2": 24.8318786621,
        "dvar": 823.85925293,
        "dvar2": 1783.36437988,
        "max": 233.313751221,
        "mean": 35.753162384,
        "median": 23.7648868561,
        "min": 1.09775112622e-16,
        "var": 1462.82458496
    },
    "melbands_crest": {
        "dmean": 3.40071368217,
        "dmean2": 5.40114974976,
        "dvar": 10.0873298645,
        "dvar2": 24.1366081238,
        "max": 33.2103233337,
        "mean": 14.9436607361,
        "median": 13.9893016815,
        "min": 1.63443517685,
        "var": 34.9757156372
    },
    "melbands_flatness_db": {
        "dmean": 0.0270805768669,
        "dmean2": 0.0396867319942,
        "dvar": 0.000966108520515,
        "dvar2": 0.00179128849413,
        "max": 0.480907231569,
        "mean": 0.197442248464,
        "median": 0.187647759914,
        "min": 0.0030714396853,
        "var": 0.00532372994348
    },
    "melbands_kurtosis": {
        "dmean": 14.7766304016,
        "dmean2": 21.2564144135,
        "dvar": 1873.96313477,
        "dvar2": 3179.17700195,
        "max": 900.610717773,
        "mean": 30.9687824249,
        "median": 7.43391609192,
        "min": -1.88748025894,
        "var": 7678.52734375
    },
    "melbands_skewness": {
        "dmean": 0.924581766129,
        "dmean2": 1.34126543999,
        "dvar": 2.09899973869,
        "dvar2": 3.5621740818,
        "max": 26.4068393707,
        "mean": 3.12187552452,
        "median": 2.31070995331,
        "min": -1.75029456615,
        "var": 13.9587602615
    },
    "melbands_spread": {
        "dmean": 8.60421657562,
        "dmean2": 13.1035070419,
        "dvar": 195.676315308,
        "dvar2": 417.25769043,
        "max": 284.43057251,
        "mean": 27.3484649658,
        "median": 21.2051258087,
        "min": 1.06948232651,
        "var": 697.482849121
    },
    "pitch_salience": {
        "dmean": 0.076355047524,
        "dmean2": 0.118731766939,
        "dvar": 0.0058548906818,
        "dvar2": 0.0127021083608,
        "max": 0.95706319809,
        "mean": 0.511073291302,
        "median": 0.521473050117,
        "min": 0.0471564568579,
        "var": 0.019738053903
    },
    "silence_rate_20dB": {
        "dmean": 0,
        "dmean2": 0,
        "dvar": 0,
        "dvar2": 0,
        "max": 1,
        "mean": 1,
        "median": 1,
        "min": 1,
        "var": 0
    },
    "silence_rate_30dB": {
        "dmean": 0.00103476818185,
        "dmean2": 0.0020697505679,
        "dvar": 0.00103360076901,
        "dvar2": 0.00309995515272,
        "max": 1,
        "mean": 0.999482691288,
        "median": 1,
        "min": 0,
        "var": 0.000517157663126
    },
    "silence_rate_60dB": {
        "dmean": 0.0188327822834,
        "dmean2": 0.0376694612205,
        "dvar": 0.0184750948101,
        "dvar2": 0.0410016588867,
        "max": 1,
        "mean": 0.0717020183802,
        "median": 0,
        "min": 0,
        "var": 0.0665522515774
    },
    "spectral_centroid": {
        "dmean": 294.173950195,
        "dmean2": 436.614196777,
        "dvar": 152170.671875,
        "dvar2": 317341.375,
        "max": 11879.9091797,
        "mean": 1464.57666016,
        "median": 1289.89050293,
        "min": 196.606613159,
        "var": 1172543.25
    },
    "spectral_complexity": {
        "dmean": 3.75269031525,
        "dmean2": 5.51588535309,
        "dvar": 20.8562431335,
        "dvar2": 40.2852668762,
        "max": 46,
        "mean": 15.2420072556,
        "median": 15,
        "min": 0,
        "var": 69.0420074463
    },
    "spectral_decrease": {
        "dmean": 2.45972175961e-09,
        "dmean2": 3.4517577685e-09,
        "dvar": 1.12787060867e-17,
        "dvar2": 2.36960494475e-17,
        "max": 6.21049554079e-23,
        "mean": -6.99516666813e-09,
        "median": -5.57960744274e-09,
        "min": -3.22160254029e-08,
        "var": 3.18904066523e-17
    },
    "spectral_energy": {
        "dmean": 0.0104629704729,
        "dmean2": 0.0146895023063,
        "dvar": 0.000193896776182,
        "dvar2": 0.000410464010201,
        "max": 0.12519299984,
        "mean": 0.0296442825347,
        "median": 0.0236464906484,
        "min": 1.01131037067e-20,
        "var": 0.000536560430191
    },
    "spectral_energyband_high": {
        "dmean": 0.00146273279097,
        "dmean2": 0.0021198571194,
        "dvar": 8.2934011516e-06,
        "dvar2": 1.7951197151e-05,
        "max": 0.0234662108123,
        "mean": 0.00231432286091,
        "median": 0.000649852852803,
        "min": 7.04358427976e-21,
        "var": 1.33871863e-05
    },
    "spectral_energyband_low": {
        "dmean": 0.00512958643958,
        "dmean2": 0.00663190195337,
        "dvar": 8.90106748557e-05,
        "dvar2": 0.000168270882568,
        "max": 0.107822358608,
        "mean": 0.0103144403547,
        "median": 0.00464304443449,
        "min": 1.13909865995e-23,
        "var": 0.000207643388421
    },
    "spectral_energyband_middle_high": {
        "dmean": 0.00252590561286,
        "dmean2": 0.00377196981572,
        "dvar": 1.33226694743e-05,
        "dvar2": 2.80677086266e-05,
        "max": 0.0635380521417,
        "mean": 0.00733035383746,
        "median": 0.00375373894349,
        "min": 1.20230510184e-21,
        "var": 8.24083181215e-05
    },
    "spectral_energyband_middle_low": {
        "dmean": 0.00693073589355,
        "dmean2": 0.0111188516021,
        "dvar": 0.000196475899429,
        "dvar2": 0.00049601966748,
        "max": 0.11209090054,
        "mean": 0.0108357621357,
        "median": 0.00671122875065,
        "min": 1.34353955238e-22,
        "var": 0.00019910185074
    },
    "spectral_entropy": {
        "dmean": 0.203882738948,
        "dmean2": 0.301281064749,
        "dvar": 0.0460480973125,
        "dvar2": 0.0951130017638,
        "max": 9.81781864166,
        "mean": 7.64639425278,
        "median": 7.75148487091,
        "min": 5.33588457108,
        "var": 0.439808487892
    },
    "spectral_flux": {
        "dmean": 0.0325672477484,
        "dmean2": 0.0443941652775,
        "dvar": 0.00134281616192,
        "dvar2": 0.00217028404586,
        "max": 0.376088023186,
        "mean": 0.0921671614051,
        "median": 0.0762247815728,
        "min": 6.29281557418e-11,
        "var": 0.00412913179025
    },
    "spectral_kurtosis": {
        "dmean": 1.48752117157,
        "dmean2": 2.32299613953,
        "dvar": 7.31588411331,
        "dvar2": 17.1722698212,
        "max": 91.4011611938,
        "mean": 4.54208898544,
        "median": 2.3700799942,
        "min": -1.65113961697,
        "var": 40.2232513428
    },
    "spectral_rms": {
        "dmean": 0.000943938328419,
        "dmean2": 0.00130920321681,
        "dvar": 1.2768751958e-06,
        "dvar2": 2.73334899248e-06,
        "max": 0.0110516743734,
        "mean": 0.00490876520053,
        "median": 0.00480309780687,
        "min": 3.14108938512e-12,
        "var": 4.82517543787e-06
    },
    "spectral_rolloff": {
        "dmean": 1021.27349854,
        "dmean2": 1665.09143066,
        "dvar": 4078928.5,
        "dvar2": 8737608,
        "max": 19961.2792969,
        "mean": 2501.29345703,
        "median": 1399.65820312,
        "min": 64.599609375,
        "var": 10474888
    },
    "spectral_skewness": {
        "dmean": 0.220515519381,
        "dmean2": 0.331962913275,
        "dvar": 0.0716829076409,
        "dvar2": 0.148208230734,
        "max": 8.02785301208,
        "mean": 1.6472826004,
        "median": 1.45429205894,
        "min": -0.314504981041,
        "var": 0.668438315392
    },
    "spectral_spread": {
        "dmean": 877021.875,
        "dmean2": 1270401.625,
        "dvar": 1.50114507162e+12,
        "dvar2": 2.61132333875e+12,
        "max": 42890456,
        "mean": 7372490,
        "median": 7112214.5,
        "min": 899031.5,
        "var": 1.95851871846e+13
    },
    "spectral_strongpeak": {
        "dmean": 0.684296786785,
        "dmean2": 1.13307487965,
        "dvar": 1.28465378284,
        "dvar2": 3.05962586403,
        "max": 11.30975914,
        "mean": 1.44749748707,
        "median": 0.644062697887,
        "min": 0,
        "var": 3.49721741676
    },
    "zerocrossingrate": {
        "dmean": 0.0187274347991,
        "dmean2": 0.0217353124171,
        "dvar": 0.000610148301348,
        "dvar2": 0.000702089047991,
        "max": 0.5322265625,
        "mean": 0.0931337475777,
        "median": 0.0693359375,
        "min": 0.0068359375,
        "var": 0.00568197481334
    },
    "barkbands": {
        "dmean": [0.000121596582176, 0.00317125138827, 0.00333453598432, 0.00201971735805, 0.00367982219905, 0.000954819843173, 0.00116511399392, 0.000748664548155, 0.000504030729644, 0.000593296892475, 0.00112027756404, 0.000517924432643, 0.000348182686139, 0.000703631551005, 0.00029641072615, 0.000154877314344, 0.000172985513927, 0.000147510596435, 0.000132325920276, 0.000122929806821, 0.00012487420463, 0.00016081224021, 0.000257748819422, 0.00028028091765, 0.00040464263293, 0.000296725454973, 1.80610113603e-05],
        "dmean2": [0.000207226286875, 0.00421262253076, 0.00520833767951, 0.00367547874339, 0.00661874189973, 0.00153136404697, 0.00168802228291, 0.0011071562767, 0.000767615973018, 0.000914248696063, 0.00170878914651, 0.000823284499347, 0.000564812624361, 0.00111816904973, 0.000477769615827, 0.00024147091608, 0.000263235269813, 0.000223640847253, 0.000205907403142, 0.000186934747035, 0.000189613856492, 0.000241274421569, 0.000407507643104, 0.000410840671975, 0.000590956886299, 0.000454612192698, 2.89776580757e-05],
        "dvar": [7.25288487047e-08, 3.50255286321e-05, 6.87518186169e-05, 5.1453764172e-05, 0.000122796962387, 3.05896151076e-06, 7.71805480326e-06, 2.18836567001e-06, 1.36617143198e-06, 1.65305482369e-06, 7.07440176484e-06, 9.05609510937e-07, 5.04053275563e-07, 3.0551011605e-06, 1.08360416107e-06, 1.63578192769e-07, 1.43206094094e-07, 9.48887404206e-08, 6.62291910203e-08, 4.82495927656e-08, 5.27426209374e-08, 1.0280281515e-07, 3.04817149299e-07, 3.50769255419e-07, 5.5825569234e-07, 4.19818178443e-07, 2.05186490021e-09],
        "dvar2": [2.01249733323e-07, 6.82688332745e-05, 0.000172401312739, 0.000146740727359, 0.000352058152203, 7.46817340769e-06, 1.33736248245e-05, 4.5278975449e-06, 2.8576657769e-06, 3.79281232199e-06, 1.53571654664e-05, 2.10089069697e-06, 1.20306310691e-06, 7.48211868995e-06, 2.7637763651e-06, 3.48230344116e-07, 3.29668807808e-07, 1.94837852519e-07, 1.49518456283e-07, 1.06089714791e-07, 1.19482038485e-07, 2.31117340377e-07, 7.35561854981e-07, 7.17188243016e-07, 1.1301650602e-06, 9.89520003714e-07, 5.06159070213e-09],
        "max": [0.00449651153758, 0.0642841532826, 0.0823221132159, 0.0640141516924, 0.0935102105141, 0.0292860269547, 0.0480349399149, 0.0296742413193, 0.0295073632151, 0.0221865605563, 0.0538644306362, 0.0198027230799, 0.014715410769, 0.0272408723831, 0.0192572753876, 0.00798282865435, 0.00864850729704, 0.00558220781386, 0.00419099302962, 0.00289327697828, 0.00324310432188, 0.00369153684005, 0.0049569606781, 0.0052738613449, 0.0104376953095, 0.00683621782809, 0.000481892726384],
        "mean": [0.000128933985252, 0.00510437274352, 0.00410966575146, 0.00157027400564, 0.00336728594266, 0.0014062958071, 0.00208483380266, 0.00131976883858, 0.000749991682824, 0.001059000846, 0.00209558755159, 0.000862686778419, 0.000504237250425, 0.0014574927045, 0.000419707532274, 0.000243176415097, 0.00027492074878, 0.000247453688644, 0.000237088621361, 0.000209306948818, 0.000210644924664, 0.000256499624811, 0.000354219111614, 0.000410347391153, 0.000571671815123, 0.000369693414541, 1.91314538824e-05],
        "median": [3.88627013308e-05, 0.00126099586487, 0.000859856081661, 0.000185247292393, 0.00117040728219, 0.000433526991401, 0.000483963871375, 0.000326633831719, 0.00020655913977, 0.000305544119328, 0.0003300497483, 0.000337688921718, 0.00022365435143, 0.000167863458046, 8.74018805916e-05, 7.72315033828e-05, 8.5302752268e-05, 9.4654111308e-05, 0.000107901032607, 8.76648628036e-05, 7.67721721786e-05, 5.24352435605e-05, 5.55328988412e-05, 0.000105420294858, 0.000137648865348, 5.34611535841e-05, 1.73885484855e-06],
        "min": [3.41542357904e-25, 1.44865489723e-24, 6.43705272457e-25, 1.71609491575e-24, 1.04623647854e-23, 8.84216833722e-24, 9.39039826736e-24, 4.6687158898e-24, 1.15342579393e-23, 7.21780275918e-24, 1.66945828734e-23, 1.83401861647e-23, 3.17767561446e-23, 3.83714282084e-23, 3.39032853314e-23, 4.5023030786e-23, 7.41027787808e-23, 9.91568244257e-23, 1.09148877439e-22, 1.48807906505e-22, 2.26805209533e-22, 3.01309777261e-22, 3.10460992902e-22, 5.55965689499e-22, 9.19473450957e-22, 1.36493898846e-21, 2.00298210843e-21],
        "var": [6.23997635785e-08, 7.25489662727e-05, 6.51642185403e-05, 3.04979112116e-05, 7.34897403163e-05, 5.91529760641e-06, 2.16065054701e-05, 5.6332346503e-06, 2.80782819573e-06, 3.95445385948e-06, 2.60273591266e-05, 2.92223694487e-06, 9.56635176408e-07, 1.24235602925e-05, 1.47314403875e-06, 2.99117147051e-07, 3.00441598711e-07, 1.99506004606e-07, 1.3597619386e-07, 8.797654516e-08, 1.08401373211e-07, 1.835942669e-07, 4.10793148831e-07, 5.51155324047e-07, 1.00554632354e-06, 5.4350789469e-07, 2.00989691557e-09]
    },
    "erbbands": {
        "dmean": [0.0729078054428, 0.815528035164, 3.24135303497, 5.58920621872, 9.78080844879, 12.7545728683, 9.22409534454, 6.65589284897, 15.1563854218, 15.7245025635, 17.4132957458, 10.0169973373, 15.7166786194, 25.3532123566, 39.1018714905, 22.000623703, 16.5367965698, 33.410774231, 18.4370822906, 12.1580028534, 8.19418334961, 8.68926239014, 7.96047973633, 8.15840435028, 4.91828203201, 5.84786844254, 5.41460323334, 4.78278112411, 5.53306436539, 5.60165023804, 7.98873376846, 5.81889390945, 4.9534573555, 4.1190366745, 3.07558560371, 1.58465003967, 0.462756037712, 0.0852316394448, 0.00183613633271, 6.88999498379e-05],
        "dmean2": [0.0960742086172, 1.07173132896, 4.84509754181, 9.24628543854, 17.4586009979, 23.0486965179, 15.8090829849, 10.4008512497, 21.9406051636, 22.6933956146, 26.1141891479, 15.4353237152, 24.6403083801, 38.3155250549, 60.6360282898, 35.1242828369, 26.5060749054, 53.4174728394, 28.4060401917, 19.0832977295, 12.2623691559, 13.112909317, 12.0591030121, 12.4518852234, 7.48705101013, 8.8491973877, 8.18130016327, 7.35621547699, 8.22873401642, 8.28991889954, 12.7692499161, 8.9063205719, 7.28386449814, 6.04611587524, 4.60183477402, 2.4430077076, 0.698794126511, 0.130021438003, 0.00279671698809, 0.000101346231531],
        "dvar": [0.0139878727496, 2.59233355522, 59.3030052185, 274.386779785, 1011.42279053, 1486.9140625, 367.295257568, 155.805541992, 1195.23901367, 1247.75463867, 1279.40856934, 480.304077148, 1462.36877441, 3482.78222656, 12810.5341797, 1655.3828125, 1012.02734375, 7529.22998047, 1758.30004883, 1297.48071289, 424.388275146, 333.119110107, 284.402862549, 239.218536377, 75.9030151367, 118.44972229, 94.470703125, 97.6736450195, 120.688911438, 125.903427124, 316.274719238, 184.835647583, 89.7971343994, 56.6683120728, 35.8224983215, 11.194560051, 1.06073713303, 0.0421512946486, 1.86412071344e-05, 1.97985396966e-08],
        "dvar2": [0.028258478269, 4.83659124374, 138.908050537, 734.511413574, 2819.50366211, 4292.8984375, 1022.59631348, 342.338287354, 2064.65405273, 2257.31225586, 2685.8347168, 1099.5357666, 3505.15454102, 6581.53515625, 30015.984375, 3935.45776367, 2399.47436523, 18767.3847656, 4100.59033203, 3201.86645508, 829.90447998, 723.218566895, 586.496459961, 531.499450684, 167.119628906, 259.486480713, 207.312240601, 222.186538696, 271.486175537, 274.921508789, 764.470458984, 406.740142822, 179.26852417, 116.991516113, 76.6439437866, 25.733789444, 2.46026825905, 0.0991322994232, 4.30204381701e-05, 4.52229116377e-08],
        "max": [1.02115178108, 17.7345237732, 76.0577545166, 159.869110107, 269.782836914, 345.400268555, 257.295227051, 258.78692627, 685.031066895, 614.524658203, 658.620483398, 459.799804688, 841.31048584, 1916.35412598, 2392.58618164, 992.628234863, 722.727233887, 1488.28063965, 764.139343262, 642.21484375, 600.808227539, 322.613037109, 299.999053955, 250.331970215, 140.389480591, 135.462005615, 147.166061401, 191.279724121, 126.074768066, 123.63469696, 157.758041382, 118.661125183, 110.314376831, 129.315429688, 84.4144287109, 46.8793373108, 11.0015935898, 2.20857667923, 0.043580789119, 0.00137090135831],
        "mean": [0.133045569062, 1.22698998451, 4.13458061218, 5.8963766098, 8.01827335358, 11.6922903061, 12.1043691635, 10.0969944, 26.495923996, 29.1804733276, 31.414598465, 15.7929773331, 26.8570423126, 50.2170372009, 73.5372238159, 39.3327713013, 28.680803299, 69.1046676636, 35.8516998291, 20.0557918549, 14.0729389191, 14.0877246857, 13.6823654175, 14.982509613, 9.05915355682, 10.0008993149, 9.29889011383, 7.73120641708, 8.86801528931, 8.45396900177, 10.4257497787, 8.20593357086, 7.72148036957, 6.12740373611, 4.0677022934, 2.03734707832, 0.559720396996, 0.0978349223733, 0.00217392574996, 0.000109037449874],
        "median": [0.0250621251762, 0.370093524456, 1.06186378002, 1.02352130413, 1.70800554752, 3.70446205139, 3.60043978691, 3.64625835419, 6.76776123047, 8.39016914368, 9.12901496887, 5.609998703, 7.87769460678, 16.0696392059, 10.8884706497, 16.4287490845, 14.48624897, 11.5977344513, 8.81302452087, 7.12439393997, 5.73058700562, 4.8159122467, 5.30079841614, 6.17931270599, 4.77054977417, 4.03491926193, 3.87430000305, 2.53452825546, 1.93978691101, 1.65495228767, 1.63758301735, 1.31470358372, 2.35443711281, 1.81003940105, 0.756966352463, 0.328914403915, 0.0671465247869, 0.00950195547193, 0.00024263827072, 4.78048314108e-05],
        "min": [4.41146290547e-23, 2.9797871427e-22, 1.95901329874e-21, 7.01487368081e-21, 2.17464749064e-20, 2.79569307896e-20, 2.95293106612e-20, 6.34203640794e-20, 1.91630929182e-19, 2.52645955438e-19, 1.94390067663e-19, 2.65279665879e-19, 6.09582067025e-19, 7.98791670533e-19, 8.5473260289e-19, 9.87399603543e-19, 1.75254322112e-18, 2.3552152281e-18, 2.23916034059e-18, 3.05594928991e-18, 3.62171187757e-18, 5.20090016938e-18, 5.06005695366e-18, 6.57412917406e-18, 6.67770087215e-18, 7.85865257062e-18, 8.4145245597e-18, 9.03390416749e-18, 9.36479130176e-18, 1.2041625519e-17, 7.95289573935e-18, 9.00177978122e-18, 9.68314664975e-18, 8.81889841959e-18, 6.74745659961e-18, 4.17255502212e-18, 2.46623630799e-18, 1.05220351767e-18, 2.46678235059e-19, 2.58907208612e-20],
        "var": [0.0394338332117, 4.86672496796, 64.0475997925, 211.808517456, 632.175720215, 896.848327637, 500.995147705, 304.821716309, 3238.30761719, 3285.13671875, 3363.64550781, 835.3515625, 2938.33740234, 15424.6953125, 41355.3945312, 5291.70263672, 2379.95996094, 30575.1308594, 5283.81640625, 2006.85754395, 924.355895996, 688.858642578, 605.920837402, 536.870849609, 148.947784424, 210.984481812, 198.262969971, 177.379364014, 212.531890869, 219.137145996, 385.728973389, 259.563049316, 161.726074219, 101.108078003, 60.824092865, 16.2949066162, 1.33243727684, 0.0471814833581, 2.16870830627e-05, 2.61280632685e-08]
    },
    "gfcc": {
        "mean": [-4.3005862236, 58.006111145, -100.197929382, 10.7750263214, -59.8898162842, 26.2959918976, -41.5129547119, 14.7370882034, -33.3840332031, 11.0022954941, -15.0088710785, 1.07675790787, -14.5491123199],
        "cov": [[20873.1347656, -527.276184082, 78.4251098633, 1387.44433594, -416.545166016, 260.172668457, -516.860778809, 394.269561768, -237.000717163, 263.784790039, -314.985992432, 409.863311768, -310.007202148], [-527.276184082, 1877.57653809, -598.211791992, -343.118743896, 241.385147095, -174.206054688, 84.0268859863, -99.7421646118, -98.0463256836, -148.248825073, 92.8843460083, -216.429077148, 76.9523391724], [78.4251098633, -598.211791992, 1924.57617188, 783.734558105, 100.796936035, 410.040893555, 51.9522285461, 104.485794067, 135.26083374, 28.613986969, -84.6211166382, 227.245010376, -69.7455368042], [1387.44433594, -343.118743896, 783.734558105, 849.746948242, 124.452064514, 205.209457397, 61.0273170471, 92.6530914307, 164.309661865, 66.3278884888, -40.6166648865, 168.637268066, -5.67750740051], [-416.545166016, 241.385147095, 100.796936035, 124.452064514, 360.134735107, 131.50553894, 105.50112915, 61.4523048401, 56.1454811096, 7.0776143074, 26.6497116089, -29.9836368561, 40.485244751], [260.172668457, -174.206054688, 410.040893555, 205.209457397, 131.50553894, 423.678039551, 106.319290161, 64.0033493042, 57.8011550903, 54.0204315186, -1.67905986309, 11.658493042, -19.1243553162], [-516.860778809, 84.0268859863, 51.9522285461, 61.0273170471, 105.50112915, 106.319290161, 202.511627197, 58.5157737732, 76.5747680664, 30.2838134766, 39.8462371826, 6.55132675171, 20.1326999664], [394.269561768, -99.7421646118, 104.485794067, 92.6530914307, 61.4523048401, 64.0033493042, 58.5157737732, 216.810638428, 68.9851074219, 39.2809066772, 21.5249233246, 36.8276138306, 30.9247760773], [-237.000717163, -98.0463256836, 135.26083374, 164.309661865, 56.1454811096, 57.8011550903, 76.5747680664, 68.9851074219, 190.448303223, 75.5540161133, 19.1890964508, 54.057308197, 4.381919384], [263.784790039, -148.248825073, 28.613986969, 66.3278884888, 7.0776143074, 54.0204315186, 30.2838134766, 39.2809066772, 75.5540161133, 134.582489014, 52.9341278076, 38.0458564758, 5.77349472046], [-314.985992432, 92.8843460083, -84.6211166382, -40.6166648865, 26.6497116089, -1.67905986309, 39.8462371826, 21.5249233246, 19.1890964508, 52.9341278076, 114.900741577, 19.2683124542, 30.8605747223], [409.863311768, -216.429077148, 227.245010376, 168.637268066, -29.9836368561, 11.658493042, 6.55132675171, 36.8276138306, 54.057308197, 38.0458564758, 19.2683124542, 149.728118896, 13.3001794815], [-310.007202148, 76.9523391724, -69.7455368042, -5.67750740051, 40.485244751, -19.1243553162, 20.1326999664, 30.9247760773, 4.381919384, 5.77349472046, 30.8605747223, 13.3001794815, 110.686721802]],
        "icov": [[0.000132328015752, -0.000173970780452, 0.000219624926103, -0.000352537172148, 0.00015624515072, -0.000220565736527, 0.000334093318088, -0.000459632050479, 0.000620988663286, -0.000634174444713, 0.000627480680123, -0.000590296345763, 0.000488742953166], [-0.000173970780452, 0.0011874953052, -0.000239528293605, 0.00044645080925, -0.000765843898989, 0.000669998349622, -0.000767148972955, 0.000966992869508, -0.00091135466937, 0.00196607550606, -0.00199788413011, 0.00181035301648, -0.000902587431483], [0.000219624926103, -0.000239528293605, 0.00147501286119, -0.00121189991478, 0.000192409643205, -0.0011549773626, 0.000739628740121, -0.000838361331262, 0.00105538859498, -0.00046080048196, 0.00131531723309, -0.00207134452648, 0.00134310277645], [-0.000352537172148, 0.00044645080925, -0.00121189991478, 0.00345334084705, -0.001135898754, 0.000398243311793, -0.000755778455641, 0.0012525281636, -0.00261143269017, 0.00116665044334, -0.000391308334656, -0.000148345236084, -0.00144300318789], [0.00015624515072, -0.000765843898989, 0.000192409643205, -0.001135898754, 0.00471771880984, -0.00125422829296, -0.000453054351965, -0.00113857572433, 9.02485771803e-05, -0.000284866458969, 0.000192050123587, 0.000868183677085, -0.000655329087749], [-0.000220565736527, 0.000669998349622, -0.0011549773626, 0.000398243311793, -0.00125422829296, 0.00457366602495, -0.00230574072339, 0.000566221075132, -0.000205547679798, -0.000429725128924, -0.000920936174225, 0.00255961413495, -0.000300963962218], [0.000334093318088, -0.000767148972955, 0.000739628740121, -0.000755778455641, -0.000453054351965, -0.00230574072339, 0.00866826064885, -0.0018974392442, -0.00112628261559, -0.000563730485737, -0.000307747744955, -0.00161530985497, 0.000971027591731], [-0.000459632050479, 0.000966992869508, -0.000838361331262, 0.0012525281636, -0.00113857572433, 0.000566221075132, -0.0018974392442, 0.00751905143261, -0.00337101728655, 0.00212941109203, -0.00256530661136, 0.00176412984729, -0.00313932541758], [0.000620988663286, -0.00091135466937, 0.00105538859498, -0.00261143269017, 9.02485771803e-05, -0.000205547679798, -0.00112628261559, -0.00337101728655, 0.0124270003289, -0.00756417680532, 0.00456745037809, -0.00419432157651, 0.00311519857496], [-0.000634174444713, 0.00196607550606, -0.00046080048196, 0.00116665044334, -0.000284866458969, -0.000429725128924, -0.000563730485737, 0.00212941109203, -0.00756417680532, 0.01748775132, -0.0101960133761, 0.00321702379733, -0.00199253647588], [0.000627480680123, -0.00199788413011, 0.00131531723309, -0.000391308334656, 0.000192050123587, -0.000920936174225, -0.000307747744955, -0.00256530661136, 0.00456745037809, -0.0101960133761, 0.0183338355273, -0.00687416177243, 0.000563829031307], [-0.000590296345763, 0.00181035301648, -0.00207134452648, -0.000148345236084, 0.000868183677085, 0.00255961413495, -0.00161530985497, 0.00176412984729, -0.00419432157651, 0.00321702379733, -0.00687416177243, 0.0157954562455, -0.00428221933544], [0.000488742953166, -0.000902587431483, 0.00134310277645, -0.00144300318789, -0.000655329087749, -0.000300963962218, 0.000971027591731, -0.00313932541758, 0.00311519857496, -0.00199253647588, 0.000563829031307, -0.00428221933544, 0.0130292894319]]
    },
    "melbands": {
        "dmean": [0.000752614170779, 0.00136060069781, 0.000993343885057, 0.00087517517386, 0.000354410032742, 0.000168760845554, 0.000234893770539, 0.000165486097103, 0.000151773172547, 5.6741424487e-05, 8.05463714642e-05, 9.88106694422e-05, 0.000127331295516, 6.6590073402e-05, 5.64629663131e-05, 3.5829252738e-05, 7.40824325476e-05, 3.41740378644e-05, 2.69945358014e-05, 1.26693121274e-05, 1.00960660347e-05, 1.01537289083e-05, 7.1672420745e-06, 7.59380372983e-06, 7.09541882316e-06, 4.51376945421e-06, 3.47331638295e-06, 4.38860843133e-06, 3.57402086593e-06, 2.90129219138e-06, 3.05726030092e-06, 3.1982137898e-06, 3.48864796251e-06, 3.00411579701e-06, 4.06381877838e-06, 5.83760947848e-06, 3.11980920742e-06, 3.20978597301e-06, 4.35196034232e-06, 3.2889186059e-06],
        "dmean2": [0.000984065933153, 0.00187888287473, 0.00160602014512, 0.00157664576545, 0.000614702352323, 0.000262120738626, 0.000337939127348, 0.000238562919549, 0.000228378703468, 8.81280429894e-05, 0.000126381564769, 0.000149325627717, 0.0001957234781, 0.000104658218333, 9.14836928132e-05, 5.74647565372e-05, 0.000118410120194, 5.22796690348e-05, 4.37456073996e-05, 1.97724148165e-05, 1.51945596372e-05, 1.5466581317e-05, 1.09196143967e-05, 1.17911167763e-05, 1.10376158773e-05, 7.05641014065e-06, 5.36255583938e-06, 6.76528998156e-06, 5.47339550394e-06, 4.47164575235e-06, 4.77845196656e-06, 4.86245198772e-06, 5.4557385738e-06, 4.50349944003e-06, 6.54321684124e-06, 9.3235003078e-06, 4.55709096059e-06, 4.70544046038e-06, 6.52094058751e-06, 4.97570863445e-06],
        "dvar": [1.61843968272e-06, 8.69122231961e-06, 8.07819469628e-06, 7.53316089686e-06, 5.96990844315e-07, 9.49767695602e-08, 2.73219370683e-07, 1.24326518858e-07, 1.01684101139e-07, 1.67093556769e-08, 3.87480802999e-08, 5.15997307104e-08, 1.08028103796e-07, 2.0380483079e-08, 1.32687896226e-08, 6.93480695091e-09, 3.99237656268e-08, 7.08380332171e-09, 1.15349605423e-08, 1.00917096901e-09, 8.28705049027e-10, 4.85633588898e-10, 2.90692192539e-10, 3.04943931217e-10, 2.00435043562e-10, 7.57512733096e-11, 4.25142525351e-11, 7.16499082287e-11, 4.12993597654e-11, 2.87657172388e-11, 5.07480134304e-11, 4.45855366515e-11, 5.40697486784e-11, 3.54661369717e-11, 7.91145968182e-11, 1.82595993881e-10, 5.04811331625e-11, 4.11094214225e-11, 6.3543510731e-11, 4.09014419556e-11],
        "dvar2": [2.99065868603e-06, 1.82209350896e-05, 2.07390276046e-05, 2.14190495171e-05, 1.69603276845e-06, 2.05831128142e-07, 4.71414864478e-07, 2.2585413717e-07, 2.10258960465e-07, 3.91330878813e-08, 9.25842371657e-08, 9.93279911654e-08, 2.48024605298e-07, 4.74321915078e-08, 3.1651069321e-08, 1.6244433354e-08, 9.95384468183e-08, 1.61133399956e-08, 2.9494218623e-08, 2.32997221516e-09, 1.5951266974e-09, 1.0618329549e-09, 5.88624315956e-10, 6.76003308886e-10, 4.51527787382e-10, 1.80432183083e-10, 9.42928235492e-11, 1.6320711449e-10, 9.2915536376e-11, 6.64217986168e-11, 1.13672522783e-10, 1.01372583938e-10, 1.25194341005e-10, 7.65621177568e-11, 1.92547658373e-10, 4.54310727926e-10, 1.00239073986e-10, 8.43822303698e-11, 1.33252978096e-10, 9.08478223205e-11],
        "max": [0.0133727202192, 0.0313131324947, 0.0258741304278, 0.0232082754374, 0.00679153110832, 0.00666383234784, 0.00905662588775, 0.00619153864682, 0.00641523627564, 0.00292503088713, 0.00420244410634, 0.00704822223634, 0.00674664974213, 0.00279278913513, 0.0033279908821, 0.00197245273739, 0.0034190681763, 0.00167982617859, 0.0020579516422, 0.000785782176536, 0.000999243580736, 0.000410886044847, 0.000393271038774, 0.000320219580317, 0.000242036476266, 0.000135213602334, 9.96231319732e-05, 0.000110138840682, 8.54708778206e-05, 9.59699173109e-05, 0.000150152627612, 9.21384926187e-05, 9.15606942726e-05, 8.25024399091e-05, 8.02926588221e-05, 0.00011345497478, 6.45845211693e-05, 8.35383034428e-05, 8.7393920694e-05, 0.000133473760798],
        "mean": [0.00131629768293, 0.00203680689447, 0.0010597408982, 0.000746434903704, 0.000437491748016, 0.000259118707618, 0.000416514230892, 0.000302667816868, 0.000262692890828, 8.45575341373e-05, 0.000133226712933, 0.000190401086002, 0.000234907944105, 0.000119563672342, 9.73304850049e-05, 4.98214103573e-05, 0.000150419393321, 6.31615475868e-05, 3.70635316358e-05, 2.06551503652e-05, 1.55370034918e-05, 1.58048878802e-05, 1.14221393233e-05, 1.25109063447e-05, 1.22825886137e-05, 7.55154451326e-06, 5.73441957386e-06, 7.03580644767e-06, 6.04062188359e-06, 4.47935008197e-06, 4.67841800855e-06, 4.77107460028e-06, 5.4432930483e-06, 4.28679504694e-06, 5.13771738042e-06, 7.34000741431e-06, 4.30191357736e-06, 4.88920068165e-06, 6.40162306809e-06, 4.67999143439e-06],
        "median": [0.000298684404697, 0.000670091074426, 0.000246453710133, 0.000204454452614, 0.000145629150211, 8.7165790319e-05, 0.000101128847746, 8.41780201881e-05, 7.1237431257e-05, 2.76310292975e-05, 3.16124023811e-05, 5.26488438481e-05, 3.54225776391e-05, 3.20968865708e-05, 3.55307784048e-05, 2.01160164579e-05, 1.78231821337e-05, 1.23121799334e-05, 7.27604492567e-06, 6.36039430901e-06, 4.44311899628e-06, 4.67285326522e-06, 3.80832966584e-06, 4.50194193036e-06, 4.55395093013e-06, 3.48694538843e-06, 2.43553495238e-06, 2.65493258667e-06, 2.4730147743e-06, 1.57384374688e-06, 1.36679250318e-06, 1.03582215161e-06, 9.89352656688e-07, 8.53409858337e-07, 9.25589233702e-07, 8.76646140568e-07, 7.21956325833e-07, 1.27699297536e-06, 2.16211037696e-06, 1.26306144921e-06],
        "min": [3.09885123258e-25, 5.53537780737e-25, 1.70548710316e-24, 2.34015705863e-24, 9.10057944825e-25, 1.45208417419e-24, 2.7946492112e-24, 3.25133972189e-24, 1.94489652713e-24, 1.4325185502e-24, 2.88568001257e-24, 2.67831826009e-24, 2.3110684044e-24, 3.04903969541e-24, 3.34403738636e-24, 3.31451150597e-24, 3.74878298416e-24, 2.39697299039e-24, 2.87421470817e-24, 3.76332011292e-24, 4.4993908408e-24, 4.4332267101e-24, 4.36504191218e-24, 4.48881182163e-24, 4.49537238335e-24, 4.99946041824e-24, 3.52100768082e-24, 4.35565643956e-24, 5.03142545655e-24, 4.88355426873e-24, 3.84132346809e-24, 3.59196848026e-24, 6.39958755081e-24, 5.71275870393e-24, 4.08423898436e-24, 5.00131621352e-24, 4.80640406663e-24, 6.55293422218e-24, 6.096620787e-24, 6.80899926087e-24],
        "var": [4.19037633037e-06, 1.24843172671e-05, 6.56346901451e-06, 4.54512610304e-06, 5.92976675762e-07, 1.97989152184e-07, 7.63304171869e-07, 3.27758726826e-07, 2.60269871433e-07, 2.67684150401e-08, 8.03345372447e-08, 2.20320103494e-07, 3.5374839058e-07, 6.6004048449e-08, 5.14919733519e-08, 1.33856916662e-08, 1.61162134305e-07, 2.35415829053e-08, 1.48056678029e-08, 2.08845007954e-09, 1.95332172659e-09, 1.026335128e-09, 6.94199364659e-10, 5.53516621427e-10, 4.34588004472e-10, 1.27123367388e-10, 7.79268663487e-11, 1.17475890127e-10, 8.29235083377e-11, 5.10019075584e-11, 8.84080794683e-11, 6.88570866991e-11, 9.55837076155e-11, 5.82162443252e-11, 9.16839035248e-11, 2.24125634718e-10, 7.76865100027e-11, 7.14904524468e-11, 1.09190205488e-10, 6.50884277031e-11]
    },
    "mfcc": {
        "mean": [-651.97076416, 102.625869751, 12.009185791, -2.1637339592, 5.19115877151, 2.34993124008, 10.0887403488, -2.40431475639, -2.52158212662, -0.182456359267, 1.76790344715, 1.6869584322, 0.178908124566],
        "cov": [[9848.91796875, -574.923400879, 604.205322266, 994.163085938, 206.02255249, 92.3073272705, -190.865844727, 189.493240356, 35.7532196045, 32.4541130066, -68.2851028442, 49.4723129272, 176.490722656], [-574.923400879, 1939.26574707, -681.055725098, -228.155914307, -49.7260513306, -173.800537109, 194.571212769, -112.531440735, -96.9354324341, -13.7792778015, -38.336479187, -103.269294739, -135.292404175], [604.205322266, -681.055725098, 1569.67150879, 393.044250488, 324.628234863, 386.915283203, -42.8585777283, 241.381912231, 123.539894104, 0.00377205340192, 45.4198265076, 50.1313514709, 159.696166992], [994.163085938, -228.155914307, 393.044250488, 550.59564209, 173.050354004, 124.904670715, -52.2411804199, 112.024871826, 80.3172149658, 0.926687777042, 9.60957431793, 51.3426895142, 75.346031189], [206.02255249, -49.7260513306, 324.628234863, 173.050354004, 330.12677002, 150.691802979, 80.2179870605, 98.7770767212, 102.789894104, 38.777015686, 21.9822788239, 13.1856899261, 53.0234870911], [92.3073272705, -173.800537109, 386.915283203, 124.904670715, 150.691802979, 363.377288818, 46.7352600098, 103.647468567, 69.9372024536, 50.0482025146, 61.4198913574, 4.2282538414, 48.1179466248], [-190.865844727, 194.571212769, -42.8585777283, -52.2411804199, 80.2179870605, 46.7352600098, 230.563766479, 36.9146232605, 46.2809066772, 46.2831878662, 14.6372003555, -1.93551146984, 9.20757484436], [189.493240356, -112.531440735, 241.381912231, 112.024871826, 98.7770767212, 103.647468567, 36.9146232605, 183.288482666, 92.1116485596, 31.1260032654, 46.1298332214, 21.0183906555, 45.6034011841], [35.7532196045, -96.9354324341, 123.539894104, 80.3172149658, 102.789894104, 69.9372024536, 46.2809066772, 92.1116485596, 165.247802734, 63.5716323853, 43.8381385803, 22.7767162323, 46.4586105347], [32.4541130066, -13.7792778015, 0.00377205340192, 0.926687777042, 38.777015686, 50.0482025146, 46.2831878662, 31.1260032654, 63.5716323853, 126.585357666, 48.805229187, 12.9799232483, 20.6727638245], [-68.2851028442, -38.336479187, 45.4198265076, 9.60957431793, 21.9822788239, 61.4198913574, 14.6372003555, 46.1298332214, 43.8381385803, 48.805229187, 120.238769531, 51.5150871277, 31.3955593109], [49.4723129272, -103.269294739, 50.1313514709, 51.3426895142, 13.1856899261, 4.2282538414, -1.93551146984, 21.0183906555, 22.7767162323, 12.9799232483, 51.5150871277, 112.140342712, 59.2552261353], [176.490722656, -135.292404175, 159.696166992, 75.346031189, 53.0234870911, 48.1179466248, 9.20757484436, 45.6034011841, 46.4586105347, 20.6727638245, 31.3955593109, 59.2552261353, 118.710914612]],
