{
"lowlevel": {
    "average_loudness": 0.857294619083,
    "barkbands_crest": {
        "dmean": 3.46114659309,
        "dmean2": 5.6839299202,
        "dvar": 9.98366451263,
        "dvar2": 26.9900569916,
        "max": 26.6707878113,
        "mean": 13.0565023422,
        "median": 12.6096153259,
        "min": 2.21760988235,
        "var": 31.6677513123
    },
    "barkbands_flatness_db": {
        "dmean": 0.0395706854761,
        "dmean2": 0.0567069426179,
        "dvar": 0.00162272679154,
        "dvar2": 0.00371925905347,
        "max": 0.689431607723,
        "mean": 0.160871878266,
        "median": 0.137485027313,
        "min": 0.0153150325641,
        "var": 0.00935533456504
    },
    "barkbands_kurtosis": {
        "dmean": 19.0387878418,
        "dmean2": 30.5993900299,
        "dvar": 3518.8034668,
        "dvar2": 8578.75683594,
        "max": 1488.21630859,
        "mean": 23.2553291321,
        "median": 5.22372341156,
        "min": -1.91618716717,
        "var": 6353.59570312
    },
    "barkbands_skewness": {
        "dmean": 1.28996229172,
        "dmean2": 1.95861625671,
        "dvar": 3.14980530739,
        "dvar2": 7.6152100563,
        "max": 31.2214355469,
        "mean": 2.91564488411,
        "median": 2.18962073326,
        "min": -3.3480451107,
        "var": 8.38808631897
    },
    "barkbands_spread": {
        "dmean": 7.49020004272,
        "dmean2": 11.4748935699,
        "dvar": 76.5867996216,
        "dvar2": 182.315673828,
        "max": 98.5625305176,
        "mean": 18.4481105804,
        "median": 15.455291748,
        "min": 0.0861059874296,
        "var": 208.385360718
    },
    "dissonance": {
        "dmean": 0.0204842258245,
        "dmean2": 0.0342451632023,
        "dvar": 0.000502056034748,
        "dvar2": 0.00136186543386,
        "max": 0.500000178814,
        "mean": 0.463818103075,
        "median": 0.473144054413,
        "min": 0.119188576937,
        "var": 0.00123935041483
    },
    "dynamic_complexity": 4.03178310394,
    "erbbands_crest": {
        "dmean": 2.45980930328,
        "dmean2": 4.03236532211,
        "dvar": 6.05057287216,
        "dvar2": 15.2764072418,
        "max": 26.4640407562,
        "mean": 7.23413705826,
        "median": 6.09715175629,
        "min": 2.28691053391,
        "var": 14.8710384369
    },
    "erbbands_flatness_db": {
        "dmean": 0.0174058619887,
        "dmean2": 0.0262410175055,
        "dvar": 0.000355126365321,
        "dvar2": 0.00076536386041,
        "max": 0.474308103323,
        "mean": 0.13169400394,
        "median": 0.107538297772,
        "min": 0.0333855524659,
        "var": 0.00473045790568
    },
    "erbbands_kurtosis": {
        "dmean": 1.30752336979,
        "dmean2": 2.14123344421,
        "dvar": 8.24538040161,
        "dvar2": 22.8189258575,
        "max": 67.0518722534,
        "mean": 0.738979399204,
        "median": -0.165758013725,
        "min": -1.86356043816,
        "var": 11.1995153427
    },
    "erbbands_skewness": {
        "dmean": 0.479628264904,
        "dmean2": 0.740994334221,
        "dvar": 0.301649928093,
        "dvar2": 0.769684076309,
        "max": 6.77649068832,
        "mean": 0.370541006327,
        "median": 0.259602457285,
        "min": -3.6454679966,
        "var": 0.694384992123
    },
    "erbbands_spread": {
        "dmean": 11.2344322205,
        "dmean2": 17.2128486633,
        "dvar": 145.918395996,
        "dvar2": 333.296813965,
        "max": 200.150222778,
        "mean": 44.054561615,
        "median": 43.4317245483,
        "min": 1.53462934494,
        "var": 491.964416504
    },
    "hfc": {
        "dmean": 10.4773645401,
        "dmean2": 14.8210096359,
        "dvar": 211.244262695,
        "dvar2": 454.42855835,
        "max": 133.566146851,
        "mean": 19.471830368,
        "median": 13.0184135437,
        "min": 1.0719415691e-16,
        "var": 422.182525635
    },
    "melbands_crest": {
        "dmean": 3.70443058014,
        "dmean2": 5.69522666931,
        "dvar": 12.5921812057,
        "dvar2": 26.6507701874,
        "max": 37.855796814,
        "mean": 18.3892421722,
        "median": 18.7413291931,
        "min": 1.58392262459,
        "var": 51.5555267334
    },
    "melbands_flatness_db": {
        "dmean": 0.0481764897704,
        "dmean2": 0.0691377669573,
        "dvar": 0.00234194495715,
        "dvar2": 0.00526441121474,
        "max": 0.85957634449,
        "mean": 0.255230754614,
        "median": 0.234454870224,
        "min": 0.00232254131697,
        "var": 0.0127864293754
    },
    "melbands_kurtosis": {
        "dmean": 31.2020053864,
        "dmean2": 49.65209198,
        "dvar": 6145.79931641,
        "dvar2": 16322.3232422,
        "max": 1665.1439209,
        "mean": 43.1061172485,
        "median": 15.6562137604,
        "min": -1.89779424667,
        "var": 7944.73632812
    },
    "melbands_skewness": {
        "dmean": 1.55469381809,
        "dmean2": 2.37005591393,
        "dvar": 4.0345287323,
        "dvar2": 9.67987251282,
        "max": 29.4092140198,
        "mean": 4.19087600708,
        "median": 3.41048669815,
        "min": -1.22800385952,
        "var": 10.0971927643
    },
    "melbands_spread": {
        "dmean": 6.85784244537,
        "dmean2": 10.5118360519,
        "dvar": 76.8906326294,
        "dvar2": 165.178909302,
        "max": 238.320556641,
        "mean": 15.1259412766,
        "median": 11.6743564606,
        "min": 0.127722516656,
        "var": 229.089401245
    },
    "pitch_salience": {
        "dmean": 0.0982097685337,
        "dmean2": 0.14774478972,
        "dvar": 0.00880576856434,
        "dvar2": 0.0197963360697,
        "max": 0.976769328117,
        "mean": 0.486323207617,
        "median": 0.505342364311,
        "min": 0.036153037101,
        "var": 0.0356682613492
    },
    "silence_rate_20dB": {
        "dmean": 0,
        "dmean2": 0,
        "dvar": 0,
        "dvar2": 0,
        "max": 1,
        "mean": 1,
        "median": 1,
        "min": 1,
        "var": 0
    },
    "silence_rate_30dB": {
        "dmean": 0.0281234309077,
        "dmean2": 0.0562499985099,
        "dvar": 0.0273343790323,
        "dvar2": 0.0734045431018,
        "max": 1,
        "mean": 0.979243397713,
        "median": 1,
        "min": 0,
        "var": 0.0203233882785
    },
    "silence_rate_60dB": {
        "dmean": 0.0255566090345,
        "dmean2": 0.0511160716414,
        "dvar": 0.0249005556107,
        "dvar2": 0.0540937036276,
        "max": 1,
        "mean": 0.0834170281887,
        "median": 0,
        "min": 0,
        "var": 0.0764580443501
    },
    "spectral_centroid": {
        "dmean": 309.551177979,
        "dmean2": 471.78994751,
        "dvar": 117426.039062,
        "dvar2": 266571.28125,
        "max": 11505.9902344,
        "mean": 1105.16088867,
        "median": 994.16027832,
        "min": 83.3291702271,
        "var": 533836.5625
    },
    "spectral_complexity": {
        "dmean": 6.57630729675,
        "dmean2": 9.32700920105,
        "dvar": 44.7981147766,
        "dvar2": 82.0730361938,
        "max": 53,
        "mean": 17.8900794983,
        "median": 16,
        "min": 0,
        "var": 141.540237427
    },
    "spectral_decrease": {
        "dmean": 3.70164321417e-09,
        "dmean2": 6.01612848428e-09,
        "dvar": 2.03761832201e-17,
        "dvar2": 5.1135888569e-17,
        "max": 1.51134270898e-28,
        "mean": -1.05210222756e-08,
        "median": -9.46746858688e-09,
        "min": -5.10572846224e-08,
        "var": 7.02369844554e-17
    },
    "spectral_energy": {
        "dmean": 0.014539450407,
        "dmean2": 0.0235216859728,
        "dvar": 0.000304263376165,
        "dvar2": 0.000752767489757,
        "max": 0.196897014976,
        "mean": 0.0414749756455,
        "median": 0.0373970977962,
        "min": 1.02922335458e-20,
        "var": 0.00106556119863
    },
    "spectral_energyband_high": {
        "dmean": 0.00059779570438,
        "dmean2": 0.000856223807205,
        "dvar": 1.32599188873e-06,
        "dvar2": 2.81895063381e-06,
        "max": 0.0113291060552,
        "mean": 0.000962616701145,
        "median": 0.000335637421813,
        "min": 7.02720384181e-21,
        "var": 2.44441230279e-06
    },
    "spectral_energyband_low": {
        "dmean": 0.0129039864987,
        "dmean2": 0.0214266832918,
        "dvar": 0.000310404546326,
        "dvar2": 0.000784198229667,
        "max": 0.180263161659,
        "mean": 0.0280855298042,
        "median": 0.0246020145714,
        "min": 1.95340277483e-23,
        "var": 0.000770394457504
    },
    "spectral_energyband_middle_high": {
        "dmean": 0.00278839445673,
        "dmean2": 0.0042158132419,
        "dvar": 1.64867396961e-05,
        "dvar2": 3.59418154403e-05,
        "max": 0.0326816365123,
        "mean": 0.00389419752173,
        "median": 0.00220857840031,
        "min": 1.17200910703e-21,
        "var": 2.31323792832e-05
    },
    "spectral_energyband_middle_low": {
        "dmean": 0.00641368282959,
        "dmean2": 0.0102277798578,
        "dvar": 0.000150490712258,
        "dvar2": 0.000355922471499,
        "max": 0.126567929983,
        "mean": 0.00979862641543,
        "median": 0.005911659915,
        "min": 2.23439790072e-22,
        "var": 0.000175645633135
    },
    "spectral_entropy": {
        "dmean": 0.212982282043,
        "dmean2": 0.315218120813,
        "dvar": 0.062861725688,
        "dvar2": 0.145752429962,
        "max": 9.81606388092,
        "mean": 7.59851026535,
        "median": 7.78286361694,
        "min": 3.94696927071,
        "var": 0.448528528214
    },
    "spectral_flux": {
        "dmean": 0.0403479598463,
        "dmean2": 0.0651527196169,
        "dvar": 0.00179508631118,
        "dvar2": 0.00429174397141,
        "max": 0.360784798861,
        "mean": 0.105163551867,
        "median": 0.0888261795044,
        "min": 6.42935218953e-11,
        "var": 0.00489313295111
    },
    "spectral_kurtosis": {
        "dmean": 3.469445467,
        "dmean2": 5.6236243248,
        "dvar": 117.777694702,
        "dvar2": 290.936401367,
        "max": 266.247039795,
        "mean": 10.4016170502,
        "median": 4.30939483643,
        "min": -1.2495777607,
        "var": 731.561584473
    },
    "spectral_rms": {
        "dmean": 0.00110674055759,
        "dmean2": 0.00172664655838,
        "dvar": 1.39303131164e-06,
        "dvar2": 3.12226597998e-06,
        "max": 0.0138598214835,
        "mean": 0.00570702459663,
        "median": 0.00604027882218,
        "min": 3.1687857633e-12,
        "var": 7.89338446339e-06
    },
    "spectral_rolloff": {
        "dmean": 511.724121094,
        "dmean2": 831.693908691,
        "dvar": 810525.4375,
        "dvar2": 1855216.75,
        "max": 19724.4140625,
        "mean": 946.017211914,
        "median": 538.330078125,
        "min": 43.06640625,
        "var": 2057701.5
    },
    "spectral_skewness": {
        "dmean": 0.33261218667,
        "dmean2": 0.523484230042,
        "dvar": 0.299912124872,
        "dvar2": 0.72900134325,
        "max": 13.772810936,
        "mean": 2.08562064171,
        "median": 1.70922136307,
        "min": -0.177336245775,
        "var": 2.27886414528
    },
    "spectral_spread": {
        "dmean": 697015.25,
        "dmean2": 1000343.5625,
        "dvar": 759093788672,
        "dvar2": 1.55220351386e+12,
        "max": 42755736,
        "mean": 5247296.5,
        "median": 5418490,
        "min": 317084.875,
        "var": 6.55982067712e+12
    },
    "spectral_strongpeak": {
        "dmean": 0.207920402288,
        "dmean2": 0.331643760204,
        "dvar": 0.0809326469898,
        "dvar2": 0.191302984953,
        "max": 7.70731258392,
        "mean": 0.44105425477,
        "median": 0.328067451715,
        "min": 0,
        "var": 0.147681355476
    },
    "zerocrossingrate": {
        "dmean": 0.0126103581861,
        "dmean2": 0.0145718986169,
        "dvar": 0.000200725218747,
        "dvar2": 0.000247083080467,
        "max": 0.52099609375,
        "mean": 0.0490998104215,
        "median": 0.0400390625,
        "min": 0.001953125,
        "var": 0.00178287178278
    },
    "barkbands": {
        "dmean": [0.00048820200027, 0.0111152864993, 0.00590976560488, 0.0026857026387, 0.00324481492862, 0.0010303525487, 0.00060610671062, 0.000532324251253, 0.000728686631192, 0.000601735897362, 0.000629709335044, 0.000310746923788, 0.000395020470023, 0.000294785771985, 0.000353324750904, 0.000409712491091, 0.000265340873739, 0.000190135804587, 0.000114554881293, 0.000112653156975, 7.5585594459e-05, 9.71665649558e-05, 0.000117140814837, 0.000103787308035, 9.85548904282e-05, 9.13438125281e-05, 8.39915537654e-06],
        "dmean2": [0.000804502167739, 0.0170353464782, 0.00843395851552, 0.00463361991569, 0.00564569374546, 0.00174429279286, 0.000982449622825, 0.000890690658707, 0.00125109974761, 0.00101203855593, 0.00102658069227, 0.000517576641869, 0.000647633336484, 0.000488109886646, 0.000576825928874, 0.000663322396576, 0.000419064133894, 0.000298837287119, 0.000178347094334, 0.00017395838222, 0.000116110328236, 0.000142966528074, 0.000182366071385, 0.000148080536746, 0.000142148302984, 0.000131309570861, 1.28147585201e-05],
        "dvar": [9.86607915365e-07, 0.00025093005388, 0.000135506983497, 4.62845928269e-05, 6.28312263871e-05, 3.2277525861e-06, 1.10918824703e-06, 8.41536973439e-07, 1.26243844534e-06, 8.66085713369e-07, 1.13590760975e-06, 2.5139846116e-07, 4.44470515504e-07, 2.49704442012e-07, 3.69173335457e-07, 6.59771615119e-07, 1.78431349696e-07, 8.10201044033e-08, 2.51328646783e-08, 3.64935317521e-08, 1.2993974785e-08, 3.57249305694e-08, 7.09167338186e-08, 4.56840645313e-08, 3.9314784317e-08, 3.25785052269e-08, 2.65060612348e-10],
        "dvar2": [2.54471683547e-06, 0.000661774596665, 0.000293070595944, 0.000124894329929, 0.000177606416401, 8.97283644008e-06, 2.86048611997e-06, 2.25325266001e-06, 3.46202409673e-06, 2.28640465139e-06, 2.53179609899e-06, 6.0366477328e-07, 1.04122204903e-06, 6.40423536424e-07, 8.97109998732e-07, 1.70980911207e-06, 4.45718029596e-07, 1.95821414195e-07, 5.90619606555e-08, 7.80592372962e-08, 2.89377766194e-08, 7.69147519009e-08, 1.66771044974e-07, 8.52206198942e-08, 8.72718430855e-08, 6.98265054666e-08, 5.91136695149e-10],
        "max": [0.0189808607101, 0.162883684039, 0.127451330423, 0.0566136986017, 0.0987133607268, 0.0307804606855, 0.0212656594813, 0.0147532019764, 0.01393924281, 0.00972188636661, 0.0142295267433, 0.00628627743572, 0.00975882913917, 0.00619013002142, 0.00572355417535, 0.00792907644063, 0.00452873390168, 0.00271573872305, 0.00165896164253, 0.00233972142451, 0.00170240364969, 0.00215188437141, 0.00253281928599, 0.00579097913578, 0.00213992968202, 0.00173196208198, 0.000199902016902],
        "mean": [0.000790545484051, 0.0182129722089, 0.00791419390589, 0.00236607599072, 0.00339479465038, 0.00137069355696, 0.000844944792334, 0.000684196769726, 0.000871884578373, 0.00069355458254, 0.000689919281285, 0.000312613323331, 0.000449460552773, 0.000335307151545, 0.00037870372762, 0.000436319911387, 0.000303784734569, 0.000225071562454, 0.000156277237693, 0.000167917227373, 0.000121987461171, 0.000152438064106, 0.000154829162057, 0.000168172613485, 0.000143491677591, 0.000123613659525, 1.10435103124e-05],
        "median": [0.000341821927577, 0.014488440007, 0.00204122858122, 0.000636140699498, 0.00142454332672, 0.000757666770369, 0.000410107080825, 0.000281944172457, 0.000384383485653, 0.000296738173347, 0.000232014106587, 0.000115918490337, 0.000142286182381, 0.000128575542476, 0.000143331242725, 0.00015337811783, 0.000133046749397, 9.36810392886e-05, 6.73540198477e-05, 6.03199914622e-05, 4.45619916718e-05, 4.3820902647e-05, 4.28312923759e-05, 4.23353340011e-05, 4.29452557e-05, 3.65102241631e-05, 2.81719576378e-06],
        "min": [1.0154955157e-24, 6.05341645294e-24, 1.48523092614e-24, 1.20056898938e-24, 1.04955079875e-23, 9.18111978009e-24, 1.23474039275e-23, 1.16820739069e-23, 1.76171067927e-23, 3.12112280725e-23, 2.48648436677e-23, 3.45897268475e-23, 3.45943022408e-23, 5.48003243066e-23, 6.58027061913e-23, 8.34930508304e-23, 4.08491014722e-23, 9.70230061642e-23, 1.48826321674e-22, 2.14847517093e-22, 2.46582772843e-22, 3.64458685948e-22, 4.39970420792e-22, 6.78353382111e-22, 9.92005235333e-22, 1.23816124074e-21, 1.94954353475e-21],
        "var": [1.8269948896e-06, 0.000437552458607, 0.000199626374524, 3.32553318003e-05, 4.68767466373e-05, 3.51148742084e-06, 1.53506573497e-06, 1.18877562727e-06, 1.51838946749e-06, 9.90259763967e-07, 1.35171148941e-06, 2.52757558883e-07, 5.58438671305e-07, 2.69703036793e-07, 3.8223510046e-07, 6.0277892544e-07, 1.94225236783e-07, 9.93557804918e-08, 4.0400532697e-08, 6.63148966851e-08, 2.89752062343e-08, 7.0141915387e-08, 9.11455089181e-08, 1.21615329363e-07, 6.37734984821e-08, 4.52015598285e-08, 3.58975710268e-10]
    },
    "erbbands": {
        "dmean": [0.317296385765, 2.52322077751, 6.05380582809, 7.18269014359, 10.5102834702, 10.3360261917, 7.56120872498, 8.94168567657, 9.01354694366, 9.56159591675, 9.36821174622, 16.3753814697, 19.7795524597, 18.5605010986, 24.0646457672, 13.0952701569, 18.3451194763, 16.0577392578, 15.7039890289, 20.9229316711, 20.8400344849, 14.6157693863, 10.723482132, 8.19876861572, 4.64713191986, 6.0244011879, 3.27580404282, 3.17340445518, 3.53026866913, 2.8760471344, 3.61563873291, 2.4357688427, 1.66489434242, 1.03583610058, 0.747959434986, 0.385817915201, 0.165649563074, 0.0377569794655, 0.000826689472888, 3.51247799699e-05],
        "dmean2": [0.512414932251, 3.77873754501, 8.8337020874, 11.1098527908, 17.9698543549, 18.0192871094, 12.9628429413, 15.0026683807, 14.41289711, 16.1458930969, 15.7680711746, 28.0938873291, 33.9060211182, 29.5600967407, 38.7500076294, 21.5317821503, 30.0641078949, 26.2326984406, 25.2931194305, 34.4885177612, 33.0891265869, 22.9960289001, 16.6957473755, 12.6784582138, 7.14560174942, 9.30645847321, 4.97892141342, 4.94411563873, 5.34229230881, 4.27022027969, 5.58729076385, 3.46359395981, 2.44912862778, 1.52165329456, 1.09376490116, 0.568489134312, 0.237308502197, 0.0553426891565, 0.00121439166833, 5.18257293152e-05],
        "dvar": [0.205109149218, 14.565700531, 128.389129639, 257.73348999, 675.967529297, 623.028503418, 241.302658081, 227.032119751, 239.475479126, 262.781433105, 301.335968018, 652.873596191, 1185.81054688, 747.244567871, 1520.92944336, 450.177032471, 898.536010742, 750.226318359, 591.411865234, 1791.65759277, 1444.99499512, 557.344055176, 258.834503174, 128.217697144, 38.3185272217, 115.838256836, 26.3742809296, 26.7497138977, 46.4428138733, 29.1999855042, 80.839515686, 33.5494918823, 10.6470985413, 3.8144068718, 2.63745951653, 0.569454669952, 0.114668540657, 0.005552879069, 2.60287583842e-06, 2.64472488354e-09],
        "dvar2": [0.493540525436, 37.7063789368, 239.813110352, 599.151245117, 1848.39929199, 1782.28088379, 684.114501953, 615.818054199, 606.35144043, 714.443054199, 805.563293457, 1793.60351562, 3252.93530273, 1740.33349609, 3583.88574219, 1082.50964355, 2128.43286133, 1839.8684082, 1400.45690918, 4575.43701172, 3690.20361328, 1375.33312988, 609.900085449, 297.521026611, 86.3921279907, 252.711990356, 54.5289497375, 62.543346405, 107.947135925, 61.9678230286, 189.533050537, 67.5453872681, 22.1150093079, 8.11799240112, 5.86095285416, 1.24359130859, 0.240991428494, 0.0122975120321, 5.72370254304e-06, 5.49093925883e-09],
        "max": [6.39357566833, 37.2322769165, 122.935554504, 118.744506836, 255.877044678, 334.672943115, 287.180786133, 233.216827393, 313.121429443, 358.842559814, 382.132507324, 362.681854248, 404.310394287, 353.261352539, 515.161315918, 258.89163208, 471.514862061, 259.891113281, 232.522659302, 402.8671875, 334.820922852, 256.570037842, 168.601287842, 142.695846558, 77.3664245605, 135.020217896, 106.936096191, 89.3553771973, 99.131362915, 82.7491226196, 85.7820663452, 177.533569336, 55.4229316711, 32.9907913208, 16.7911491394, 6.93197011948, 3.33356332779, 0.830533921719, 0.0184403117746, 0.000537491985597],
        "mean": [0.601210057735, 3.81942534447, 9.41195774078, 8.10999011993, 10.322675705, 10.9303674698, 9.75343418121, 12.0223770142, 12.9890575409, 13.0993442535, 12.9082860947, 20.2470760345, 22.655752182, 21.646270752, 27.7441959381, 13.9395103455, 21.012424469, 18.9629535675, 18.4552459717, 21.2768802643, 22.9196796417, 16.4548873901, 12.7563495636, 10.8048601151, 7.006336689, 8.71750545502, 5.31853151321, 4.93573379517, 5.4846663475, 4.48179006577, 4.67281293869, 3.77235984802, 2.62789201736, 1.61872375011, 1.02193379402, 0.511952936649, 0.228144332767, 0.0510217323899, 0.00114460673649, 7.87357639638e-05],
        "median": [0.422796010971, 2.619556427, 3.27342033386, 3.12107610703, 3.50274085999, 4.87710285187, 5.3912229538, 6.33513069153, 6.59827327728, 6.29512310028, 5.96218633652, 9.2278881073, 9.01470947266, 8.62098693848, 10.6195259094, 5.80755615234, 7.36033725739, 7.49294614792, 7.77191734314, 8.06192398071, 8.69841575623, 7.00158882141, 5.37779712677, 4.86728239059, 3.09721040726, 2.95047330856, 1.97502875328, 1.79163169861, 1.62931227684, 1.34792423248, 1.17602467537, 0.912757515907, 0.692417740822, 0.463002711535, 0.295913696289, 0.16068290174, 0.0647233873606, 0.013310464099, 0.000321262283251, 5.91424977756e-05],
        "min": [1.3868966099e-22, 1.71669703908e-21, 3.33466554841e-21, 1.09825739281e-20, 9.26872436134e-21, 2.16812003395e-20, 4.47963441202e-20, 9.15448797225e-20, 1.76934566335e-19, 1.34497926165e-19, 5.20750934247e-19, 3.47611485487e-19, 9.1839464588e-19, 1.15020249997e-18, 1.39524917297e-18, 1.39439914149e-18, 1.64923828878e-18, 1.93101715765e-18, 4.55821433424e-18, 3.53278086273e-18, 3.18322881153e-18, 2.26206538534e-18, 5.10896235302e-18, 6.93727428427e-18, 8.73642106789e-18, 8.98987830657e-18, 1.05896001163e-17, 1.23930126704e-17, 1.29481840375e-17, 1.26025772242e-17, 1.36003994068e-17, 1.13861494036e-17, 1.19465667501e-17, 9.30429048458e-18, 7.22059687896e-18, 4.5851638786e-18, 2.45514484995e-18, 1.00017933721e-18, 2.67542728637e-19, 2.88880712031e-20],
        "var": [0.440657168627, 24.8145503998, 235.97416687, 269.744842529, 519.137756348, 461.198760986, 213.648071289, 273.90133667, 345.27923584, 348.315368652, 420.477081299, 819.365478516, 1326.7401123, 956.796325684, 1900.42358398, 460.80871582, 1112.70153809, 911.029846191, 720.568969727, 1572.32910156, 1415.64782715, 600.95715332, 322.906066895, 189.520294189, 76.3661956787, 195.079116821, 59.0941505432, 51.7846832275, 88.8963928223, 59.1249160767, 96.7567901611, 78.736907959, 24.4350795746, 7.57964706421, 3.6972720623, 0.785234689713, 0.160617053509, 0.00744603853673, 3.58191869054e-06, 5.48357537156e-09]
    },
    "gfcc": {
        "mean": [-20.9332714081, 94.2647018433, -88.4914016724, 23.7511081696, -41.333026886, 19.2853126526, -32.6900901794, 15.036154747, -21.2469615936, 5.4672293663, -17.8974533081, 5.89413022995, -11.2393608093],
        "cov": [[20455.1445312, -3152.31274414, -517.367004395, 1580.66369629, -367.172332764, 1057.69592285, -258.240631104, 564.739807129, -378.372650146, 301.212524414, -389.893218994, 361.873321533, -216.504455566], [-3152.31274414, 2253.8034668, -108.192512512, -462.550537109, 324.875335693, -480.587921143, 54.0412826538, -324.864471436, 149.311523438, -288.124572754, 152.072784424, -244.511611938, 119.2395401], [-517.367004395, -108.192512512, 960.888671875, 116.95148468, -1.89044582844, 149.513717651, 111.9193573, 81.2952728271, 19.4702205658, 79.9260559082, 9.2131652832, 59.4413414001, -2.09877324104], [1580.66369629, -462.550537109, 116.95148468, 625.026550293, 148.285369873, 247.654785156, 79.1890029907, 146.004379272, 85.0914916992, 47.9753112793, 39.8285598755, 49.5746002197, 40.0261459351], [-367.172332764, 324.875335693, -1.89044582844, 148.285369873, 513.750183105, 62.6840362549, 152.887664795, 53.1296386719, 120.635192871, -15.4172201157, 60.360534668, 0.34779265523, 44.2791366577], [1057.69592285, -480.587921143, 149.513717651, 247.654785156, 62.6840362549, 313.184997559, 87.2211151123, 151.664489746, 30.6454086304, 74.2660675049, -7.46063709259, 70.4687957764, 4.38316822052], [-258.240631104, 54.0412826538, 111.9193573, 79.1890029907, 152.887664795, 87.2211151123, 201.10093689, 90.4294509888, 76.3856048584, 30.2298812866, 34.8614349365, 11.4095554352, 28.5636177063], [564.739807129, -324.864471436, 81.2952728271, 146.004379272, 53.1296386719, 151.664489746, 90.4294509888, 185.344924927, 46.598777771, 70.2125244141, -3.085916996, 64.0870285034, 4.08684635162], [-378.372650146, 149.311523438, 19.4702205658, 85.0914916992, 120.635192871, 30.6454086304, 76.3856048584, 46.598777771, 138.243759155, 14.4102659225, 58.6512069702, -13.1730175018, 34.3536376953], [301.212524414, -288.124572754, 79.9260559082, 47.9753112793, -15.4172201157, 74.2660675049, 30.2298812866, 70.2125244141, 14.4102659225, 126.258338928, 15.8152236938, 64.950592041, -8.99511146545], [-389.893218994, 152.072784424, 9.2131652832, 39.8285598755, 60.360534668, -7.46063709259, 34.8614349365, -3.085916996, 58.6512069702, 15.8152236938, 94.9388809204, 20.6725463867, 43.3532752991], [361.873321533, -244.511611938, 59.4413414001, 49.5746002197, 0.34779265523, 70.4687957764, 11.4095554352, 64.0870285034, -13.1730175018, 64.950592041, 20.6725463867, 108.17514801, 18.1953907013], [-216.504455566, 119.2395401, -2.09877324104, 40.0261459351, 44.2791366577, 4.38316822052, 28.5636177063, 4.08684635162, 34.3536376953, -8.99511146545, 43.3532752991, 18.1953907013, 67.9913101196]],
        "icov": [[0.000104917518911, -0.00014166595065, 0.000150554464199, -0.000359385507181, 0.000123726815218, -0.000261099194176, 0.000116330513265, -9.59070530371e-05, 0.000280010484857, -0.000221870024689, 0.000434745539678, -0.000347399734892, 0.000336829194566], [-0.00014166595065, 0.00246616196819, -0.000703269324731, 0.00184955017176, -0.00136296148412, 0.00182036892511, -0.000544636743143, 0.00101265183184, -0.00137961446308, 0.00280307396315, -0.0030073528178, 0.00305447913706, -0.00278038159013], [0.000150554464199, -0.000703269324731, 0.00155195139814, -0.000924848543946, 0.000697959505487, -0.00105543609243, -0.000614917313214, 0.000165664911037, 0.000510916463099, -0.00112911686301, 0.00128252687864, -0.00160580617376, 0.00137142569292], [-0.000359385507181, 0.00184955017176, -0.000924848543946, 0.00478387577459, -0.00161928893067, -0.000191827246454, 0.000449825427495, -0.000343690742739, -0.00179765175562, 0.00240071932785, -0.00398722384125, 0.00368405831978, -0.00355184776708], [0.000123726815218, -0.00136296148412, 0.000697959505487, -0.00161928893067, 0.00387492775917, -0.00110264646355, -0.00184727029409, 0.000338657293469, -0.00117982178926, -0.000104408842162, 0.0018229597481, -0.00326151936315, 0.00235509104095], [-0.000261099194176, 0.00182036892511, -0.00105543609243, -0.000191827246454, -0.00110264646355, 0.00876075495034, -0.00170304323547, -0.00188114924822, -0.00112109980546, 0.00136009894777, -0.00062895170413, 0.000752619176637, -0.00201566470787], [0.000116330513265, -0.000544636743143, -0.000614917313214, 0.000449825427495, -0.00184727029409, -0.00170304323547, 0.0103348027915, -0.00492891483009, 0.000231760990573, -0.00196176418103, -0.0012376375962, 0.00326136522926, -0.00215110881254], [-9.59070530371e-05, 0.00101265183184, 0.000165664911037, -0.000343690742739, 0.000338657293469, -0.00188114924822, -0.00492891483009, 0.0156462769955, -0.00668735802174, -0.000174262095243, 0.00525205442682, -0.00672446191311, 0.000963557627983], [0.000280010484857, -0.00137961446308, 0.000510916463099, -0.00179765175562, -0.00117982178926, -0.00112109980546, 0.000231760990573, -0.00668735802174, 0.0187775380909, -0.00485313870013, -0.00711187068373, 0.00809437409043, -0.00223071826622], [-0.000221870024689, 0.00280307396315, -0.00112911686301, 0.00240071932785, -0.000104408842162, 0.00136009894777, -0.00196176418103, -0.000174262095243, -0.00485313870013, 0.0187753830105, -0.0062467744574, -0.00533575331792, 0.00409152777866], [0.000434745539678, -0.0030073528178, 0.00128252687864, -0.00398722384125, 0.0018229597481, -0.00062895170413, -0.0012376375962, 0.00525205442682, -0.00711187068373, -0.0062467744574, 0.0277490373701, -0.0114944335073, -0.00374766043387], [-0.000347399734892, 0.00305447913706, -0.00160580617376, 0.00368405831978, -0.00326151936315, 0.000752619176637, 0.00326136522926, -0.00672446191311, 0.00809437409043, -0.00533575331792, -0.0114944335073, 0.0281659290195, -0.01257585641], [0.000336829194566, -0.00278038159013, 0.00137142569292, -0.00355184776708, 0.00235509104095, -0.00201566470787, -0.00215110881254, 0.000963557627983, -0.00223071826622, 0.00409152777866, -0.00374766043387, -0.01257585641, 0.029655167833]]
    },
    "melbands": {
        "dmean": [0.00294145522639, 0.00272077415138, 0.00119860924315, 0.000804613984656, 0.000280423904769, 0.000194955340703, 0.000134329879074, 0.000112403431558, 7.81759736128e-05, 0.000106687220978, 9.91782580968e-05, 7.56798108341e-05, 8.64881221787e-05, 3.98829724872e-05, 3.69798253814e-05, 3.78284312319e-05, 3.10824216285e-05, 2.48439828283e-05, 2.57070805674e-05, 3.09969109367e-05, 2.30743517022e-05, 1.57198483066e-05, 1.22978581203e-05, 8.5349793153e-06, 6.84342376189e-06, 3.36842958859e-06, 3.79358743885e-06, 4.15386739405e-06, 2.12439158531e-06, 1.82188318831e-06, 1.96092673832e-06, 1.94578387891e-06, 1.96759833671e-06, 1.59610203809e-06, 2.18449054046e-06, 1.82353323908e-06, 1.46840602611e-06, 1.21954974475e-06, 9.90884245766e-07, 8.75797866229e-07],
        "dmean2": [0.00467362906784, 0.0043698521331, 0.00175848661456, 0.00139171117917, 0.000480822956888, 0.000327390152961, 0.000214821295231, 0.000188860241906, 0.000132190485601, 0.000183307405678, 0.000170614686795, 0.000122125638882, 0.000140441465192, 6.57369018882e-05, 6.08627742622e-05, 6.20646897005e-05, 5.14105013281e-05, 4.0316623199e-05, 4.20113028667e-05, 5.14255189046e-05, 3.65098494512e-05, 2.50316170423e-05, 1.95300708583e-05, 1.3442704585e-05, 1.06845736809e-05, 5.28458940607e-06, 5.90387389821e-06, 6.49947014608e-06, 3.29361728291e-06, 2.87792727249e-06, 3.10463246933e-06, 2.98417671729e-06, 2.9369512049e-06, 2.47316143032e-06, 3.40172687174e-06, 2.7871783459e-06, 2.08072810892e-06, 1.84015493687e-06, 1.47939931594e-06, 1.32475599912e-06],
        "dvar": [1.74720989889e-05, 2.18973400479e-05, 6.12383018961e-06, 3.96450286644e-06, 3.34113479994e-07, 1.08550338496e-07, 5.34194306567e-08, 3.5636588791e-08, 1.93910132396e-08, 2.75076175171e-08, 2.96442212999e-08, 1.28379360476e-08, 2.10084678542e-08, 3.79190767674e-09, 3.38803607391e-09, 4.49905535049e-09, 2.85170909109e-09, 1.50143386612e-09, 2.31603713985e-09, 4.17576417888e-09, 1.64339797326e-09, 7.06588065835e-10, 3.18848308867e-10, 1.67057534473e-10, 9.33404811776e-11, 2.11755318141e-11, 3.33402090658e-11, 6.10336989282e-11, 1.24144349314e-11, 8.38749208976e-12, 1.06483840842e-11, 1.29634462886e-11, 1.60065554561e-11, 8.38545899384e-12, 2.68419817623e-11, 2.13821235023e-11, 1.29412904004e-11, 5.93864627613e-12, 3.74001307354e-12, 2.73897961603e-12],
        "dvar2": [4.55380322819e-05, 4.22954326496e-05, 1.31422693812e-05, 1.11506851681e-05, 9.43527368236e-07, 2.96173993775e-07, 1.35002281354e-07, 9.6806736849e-08, 5.22851451024e-08, 7.56845111027e-08, 8.18195431407e-08, 3.07767322738e-08, 4.67520600012e-08, 9.16826703445e-09, 8.29541146885e-09, 1.05417301555e-08, 7.22475057557e-09, 3.67135766233e-09, 5.69818148222e-09, 1.08502673513e-08, 4.13803169508e-09, 1.78757852964e-09, 7.61709584296e-10, 3.94281329807e-10, 2.20876553159e-10, 5.07739544853e-11, 7.33099761452e-11, 1.38829628349e-10, 2.65331923099e-11, 2.00202372042e-11, 2.50797074081e-11, 2.9704134985e-11, 3.5233024831e-11, 1.92109782943e-11, 6.30739765972e-11, 4.89692696115e-11, 2.49825871795e-11, 1.35051969608e-11, 7.5237316377e-12, 6.0334168217e-12],
        "max": [0.0424145534635, 0.0455860756338, 0.023245902732, 0.0259268078953, 0.00829958356917, 0.00540494872257, 0.00478959269822, 0.00399098265916, 0.00295741367154, 0.00243475101888, 0.00200038240291, 0.00146403431427, 0.00195506890304, 0.000758587382734, 0.000716212845873, 0.000882891472429, 0.000545553979464, 0.000386758823879, 0.000463093892904, 0.000632266746834, 0.000327544810716, 0.000296732352581, 0.000225536670769, 0.000122478595586, 0.00012874075037, 5.41802364751e-05, 6.66701962473e-05, 0.000105751729279, 8.30490098451e-05, 4.08581290685e-05, 6.08148438914e-05, 5.26413386979e-05, 5.43983478565e-05, 4.51177293144e-05, 5.01892500324e-05, 5.94604025537e-05, 0.000137499722769, 4.44222532678e-05, 2.92615204671e-05, 2.57465908362e-05],
        "mean": [0.00514169409871, 0.00499066337943, 0.00151477567852, 0.000829014345072, 0.000364537118003, 0.000263110763626, 0.000191621671547, 0.000150674124598, 0.000106064246211, 0.000129614345497, 0.000110465058242, 8.49099451443e-05, 9.71610643319e-05, 4.37943563156e-05, 3.92593356082e-05, 4.26967526437e-05, 3.5073615436e-05, 2.8617812859e-05, 2.63547881332e-05, 3.17692465615e-05, 2.52392710536e-05, 1.70701332536e-05, 1.40720021591e-05, 1.02885805973e-05, 8.7162361524e-06, 4.92652043249e-06, 5.34128048457e-06, 5.80294590691e-06, 3.33830280397e-06, 2.78963466371e-06, 2.88924093184e-06, 2.96584289572e-06, 3.02624675896e-06, 2.32361503549e-06, 2.7338039672e-06, 2.44019224738e-06, 2.2916465241e-06, 1.88933722711e-06, 1.51715710217e-06, 1.32975401357e-06],
        "median": [0.00434413924813, 0.00269744731486, 0.000612373405602, 0.00032671680674, 0.00020406319527, 0.000141545096994, 9.44430648815e-05, 6.99425872881e-05, 4.88875375595e-05, 5.78459366807e-05, 4.27139420935e-05, 3.12692645821e-05, 3.48432986357e-05, 1.73997832462e-05, 1.39533458423e-05, 1.37931829158e-05, 1.2405461348e-05, 1.16923501992e-05, 9.61976547842e-06, 1.13686455734e-05, 9.18951809581e-06, 7.20675052435e-06, 5.52127221454e-06, 4.29644478572e-06, 3.80237406716e-06, 2.20384481509e-06, 2.03647869057e-06, 1.83011684385e-06, 1.20728009279e-06, 9.83270638244e-07, 9.89246700556e-07, 9.27358030367e-07, 7.72825728745e-07, 7.06063019607e-07, 6.70894394261e-07, 6.20029595666e-07, 5.27442125531e-07, 4.95350604979e-07, 4.02442651648e-07, 3.86581291423e-07],
        "min": [2.34006022595e-24, 1.7842749805e-24, 2.95582789084e-24, 1.66753007463e-24, 1.79633646652e-24, 1.79072096017e-24, 2.59219732899e-24, 1.51567760442e-24, 4.27685160171e-24, 2.11275212548e-24, 4.64370781581e-24, 4.30646583453e-24, 4.56688538542e-24, 3.90838966124e-24, 3.07622305334e-24, 3.41974121199e-24, 3.49992852857e-24, 4.5696673034e-24, 3.64587371249e-24, 4.0621157747e-24, 2.87185266141e-24, 2.22454357651e-24, 2.23227362452e-24, 5.01584032608e-24, 4.62498341337e-24, 6.33222356267e-24, 6.75633727342e-24, 4.82685607446e-24, 5.93693798484e-24, 5.60406353196e-24, 5.3586950527e-24, 6.22619119068e-24, 5.94554248516e-24, 6.2716319454e-24, 6.85870144221e-24, 6.64485229485e-24, 6.71161438212e-24, 7.77162413541e-24, 7.04955450531e-24, 7.42736365865e-24],
        "var": [3.16631594615e-05, 4.77044413856e-05, 7.74370437284e-06, 2.96297616842e-06, 2.98109341657e-07, 1.28668204979e-07, 7.72578303554e-08, 4.80134687564e-08, 2.63734811767e-08, 3.3893790885e-08, 3.24172084731e-08, 1.57620796415e-08, 2.56686902844e-08, 4.29397228885e-09, 3.79056386279e-09, 5.4731610355e-09, 3.28775406899e-09, 1.7600956248e-09, 2.20262807993e-09, 3.61917140701e-09, 1.67177582888e-09, 7.08237302138e-10, 3.93364479878e-10, 2.11274192585e-10, 1.31152658178e-10, 3.96168861605e-11, 5.75960772131e-11, 9.43668337916e-11, 2.60947548292e-11, 1.69821275098e-11, 1.83159702682e-11, 2.48105650608e-11, 3.05163602721e-11, 1.58378466592e-11, 3.19793566628e-11, 2.91724387702e-11, 3.41294874306e-11, 1.33030695834e-11, 7.35355699943e-12, 5.11391146443e-12]
    },
    "mfcc": {
        "mean": [-670.189697266, 131.072052002, 13.1489696503, 18.6127490997, 14.3642416, 8.26384162903, 4.12202072144, 9.0410194397, 5.53628444672, 3.14062595367, 0.348057925701, 0.761965513229, 0.803124666214],
        "cov": [[15076.6318359, -2040.92272949, -226.359512329, 276.600280762, 181.352874756, 340.530517578, 259.021881104, 295.194610596, 140.071975708, 131.20664978, -44.1548576355, -4.94809961319, 19.2288837433], [-2040.92272949, 1990.69165039, -202.802215576, -17.404504776, 54.9197921753, -82.8666992188, -73.7977142334, -79.3686141968, -54.1659812927, -100.104194641, -43.8195800781, -42.4679718018, -50.2045936584], [-226.359512329, -202.802215576, 891.317932129, 26.5415363312, -58.5037117004, 49.0266532898, 28.5155620575, 8.99052429199, 14.9306974411, 33.9365463257, -0.704693973064, 15.9528903961, 17.4525756836], [276.600280762, -17.404504776, 26.5415363312, 331.908935547, 172.843719482, 93.7304840088, 86.9581985474, 84.5448913574, 74.9331970215, 41.463180542, 49.4113044739, 45.6746635437, 37.2215003967], [181.352874756, 54.9197921753, -58.5037117004, 172.843719482, 293.681884766, 126.906349182, 84.1117706299, 110.097213745, 78.1026916504, 36.476600647, 50.2031288147, 44.1381912231, 36.5743560791], [340.530517578, -82.8666992188, 49.0266532898, 93.7304840088, 126.906349182, 161.489639282, 98.0151443481, 73.8621520996, 62.2058563232, 50.2942123413, 33.8814888, 30.2877941132, 37.0696296692], [259.021881104, -73.7977142334, 28.5155620575, 86.9581985474, 84.1117706299, 98.0151443481, 158.292022705, 104.7970047, 84.3130950928, 52.3184013367, 39.5276069641, 30.8319950104, 42.9725227356], [295.194610596, -79.3686141968, 8.99052429199, 84.5448913574, 110.097213745, 73.8621520996, 104.7970047, 157.582763672, 100.97719574, 59.748966217, 44.8084564209, 32.0191459656, 31.1977081299], [140.071975708, -54.1659812927, 14.9306974411, 74.9331970215, 78.1026916504, 62.2058563232, 84.3130950928, 100.97719574, 121.107177734, 74.3379745483, 45.8750343323, 30.0878715515, 30.1490459442], [131.20664978, -100.104194641, 33.9365463257, 41.463180542, 36.476600647, 50.2942123413, 52.3184013367, 59.748966217, 74.3379745483, 94.7037811279, 54.2752456665, 28.1835536957, 24.3038311005], [-44.1548576355, -43.8195800781, -0.704693973064, 49.4113044739, 50.2031288147, 33.8814888, 39.5276069641, 44.8084564209, 45.8750343323, 54.2752456665, 73.0831680298, 43.6735153198, 26.9493846893], [-4.94809961319, -42.4679718018, 15.9528903961, 45.6746635437, 44.1381912231, 30.2877941132, 30.8319950104, 32.0191459656, 30.0878715515, 28.1835536957, 43.6735153198, 58.7918434143, 36.4339370728], [19.2288837433, -50.2045936584, 17.4525756836, 37.2215003967, 36.5743560791, 37.0696296692, 42.9725227356, 31.1977081299, 30.1490459442, 24.3038311005, 26.9493846893, 36.4339370728, 58.5740394592]],
