{
"lowlevel": {
    "average_loudness": 0.966358840466,
    "barkbands_crest": {
        "dmean": 2.93877005577,
        "dmean2": 4.15889072418,
        "dvar": 9.54168891907,
        "dvar2": 15.2692909241,
        "max": 26.6442298889,
        "mean": 13.5388660431,
        "median": 11.5923633575,
        "min": 2.02914452553,
        "var": 50.7247390747
    },
    "barkbands_flatness_db": {
        "dmean": 0.0306240320206,
        "dmean2": 0.0359990671277,
        "dvar": 0.000978578813374,
        "dvar2": 0.00126176420599,
        "max": 0.481004834175,
        "mean": 0.165384709835,
        "median": 0.136482015252,
        "min": 0.0388562902808,
        "var": 0.00697105564177
    },
    "barkbands_kurtosis": {
        "dmean": 10.8472261429,
        "dmean2": 12.4875469208,
        "dvar": 901.713806152,
        "dvar2": 1376.88977051,
        "max": 1095.44934082,
        "mean": 18.9036998749,
        "median": 2.02269554138,
        "min": -1.94963550568,
        "var": 2853.68041992
    },
    "barkbands_skewness": {
        "dmean": 0.934910356998,
        "dmean2": 1.04694592953,
        "dvar": 1.34541475773,
        "dvar2": 1.75311946869,
        "max": 27.4038658142,
        "mean": 2.60324263573,
        "median": 1.48958432674,
        "min": -3.12375283241,
        "var": 9.53653335571
    },
    "barkbands_spread": {
        "dmean": 8.88696098328,
        "dmean2": 11.8686513901,
        "dvar": 133.287918091,
        "dvar2": 226.529953003,
        "max": 134.543716431,
        "mean": 30.0584182739,
        "median": 25.6984977722,
        "min": 0.164072960615,
        "var": 517.220153809
    },
    "dissonance": {
        "dmean": 0.0223833881319,
        "dmean2": 0.0368849597871,
        "dvar": 0.000401918543503,
        "dvar2": 0.00105285434984,
        "max": 0.4999807477,
        "mean": 0.45736682415,
        "median": 0.463911831379,
        "min": 0.264420688152,
        "var": 0.00079991412349
    },
    "dynamic_complexity": 3.14116454124,
    "erbbands_crest": {
        "dmean": 2.89898371696,
        "dmean2": 4.50511169434,
        "dvar": 7.32312917709,
        "dvar2": 16.7243232727,
        "max": 28.5627174377,
        "mean": 9.40636825562,
        "median": 8.295337677,
        "min": 2.40388131142,
        "var": 22.7076663971
    },
    "erbbands_flatness_db": {
        "dmean": 0.0158776566386,
        "dmean2": 0.023402646184,
        "dvar": 0.0002560558205,
        "dvar2": 0.000526432006154,
        "max": 0.294629365206,
        "mean": 0.127525478601,
        "median": 0.119291372597,
        "min": 0.0491013899446,
        "var": 0.00154877442401
    },
    "erbbands_kurtosis": {
        "dmean": 0.823080658913,
        "dmean2": 1.254560709,
        "dvar": 1.1369124651,
        "dvar2": 2.49989318848,
        "max": 19.7008209229,
        "mean": 0.159864291549,
        "median": -0.355309009552,
        "min": -1.81281745434,
        "var": 3.01365685463
    },
    "erbbands_skewness": {
        "dmean": 0.366649866104,
        "dmean2": 0.538468241692,
        "dvar": 0.108690202236,
        "dvar2": 0.237159341574,
        "max": 4.12787675858,
        "mean": 0.326663017273,
        "median": 0.32099673152,
        "min": -3.15954947472,
        "var": 0.526443719864
    },
    "erbbands_spread": {
        "dmean": 10.909070015,
        "dmean2": 15.4045028687,
        "dvar": 116.781700134,
        "dvar2": 220.254440308,
        "max": 188.913970947,
        "mean": 53.9036712646,
        "median": 51.6595191956,
        "min": 4.76280879974,
        "var": 598.722351074
    },
    "hfc": {
        "dmean": 15.588804245,
        "dmean2": 22.1352996826,
        "dvar": 612.078430176,
        "dvar2": 1239.12487793,
        "max": 232.806015015,
        "mean": 34.3605804443,
        "median": 24.7670669556,
        "min": 1.08844130769e-16,
        "var": 1114.48706055
    },
    "melbands_crest": {
        "dmean": 3.9665043354,
        "dmean2": 5.68697834015,
        "dvar": 14.6286325455,
        "dvar2": 28.3143692017,
        "max": 35.1748123169,
        "mean": 18.7222938538,
        "median": 16.9102687836,
        "min": 1.73325943947,
        "var": 70.5476226807
    },
    "melbands_flatness_db": {
        "dmean": 0.038916580379,
        "dmean2": 0.0434777960181,
        "dvar": 0.00162792415358,
        "dvar2": 0.00204123184085,
        "max": 0.584485173225,
        "mean": 0.210654556751,
        "median": 0.171896025538,
        "min": 0.00326147000305,
        "var": 0.0126309320331
    },
    "melbands_kurtosis": {
        "dmean": 21.9843769073,
        "dmean2": 25.760219574,
        "dvar": 1619.15661621,
        "dvar2": 2438.76342773,
        "max": 833.827636719,
        "mean": 45.631275177,
        "median": 10.9186735153,
        "min": -1.68716979027,
        "var": 6773.64794922
    },
    "melbands_skewness": {
        "dmean": 1.18525886536,
        "dmean2": 1.38772797585,
        "dvar": 1.75399672985,
        "dvar2": 2.40326499939,
        "max": 22.6579875946,
        "mean": 4.31600999832,
        "median": 2.86974358559,
        "min": -1.976359725,
        "var": 13.4571685791
    },
    "melbands_spread": {
        "dmean": 10.0113601685,
        "dmean2": 13.9467020035,
        "dvar": 185.357299805,
        "dvar2": 343.789337158,
        "max": 255.225692749,
        "mean": 27.2634010315,
        "median": 22.0576038361,
        "min": 0.301109522581,
        "var": 654.129882812
    },
    "pitch_salience": {
        "dmean": 0.0883148834109,
        "dmean2": 0.122951649129,
        "dvar": 0.00942340958863,
        "dvar2": 0.0149376289919,
        "max": 0.879372477531,
        "mean": 0.421167224646,
        "median": 0.469387799501,
        "min": 0.0239341091365,
        "var": 0.0394481904805
    },
    "silence_rate_20dB": {
        "dmean": 0,
        "dmean2": 0,
        "dvar": 0,
        "dvar2": 0,
        "max": 1,
        "mean": 1,
        "median": 1,
        "min": 1,
        "var": 0
    },
    "silence_rate_30dB": {
        "dmean": 0.0853658542037,
        "dmean2": 0.170751348138,
        "dvar": 0.078076325357,
        "dvar2": 0.141604050994,
        "max": 1,
        "mean": 0.764983296394,
        "median": 1,
        "min": 0,
        "var": 0.179770171642
    },
    "silence_rate_60dB": {
        "dmean": 0.0207086969167,
        "dmean2": 0.041422162205,
        "dvar": 0.0202783718705,
        "dvar2": 0.045683465898,
        "max": 1,
        "mean": 0.0578626468778,
        "median": 0,
        "min": 0,
        "var": 0.0545201785862
    },
    "spectral_centroid": {
        "dmean": 342.701538086,
        "dmean2": 478.947174072,
        "dvar": 133846.921875,
        "dvar2": 240536.9375,
        "max": 11441.7509766,
        "mean": 1672.5480957,
        "median": 1532.53723145,
        "min": 104.218414307,
        "var": 966828
    },
    "spectral_complexity": {
        "dmean": 5.41785526276,
        "dmean2": 7.89782524109,
        "dvar": 43.6881752014,
        "dvar2": 88.3213043213,
        "max": 58,
        "mean": 17.1984348297,
        "median": 15,
        "min": 0,
        "var": 93.5422668457
    },
    "spectral_decrease": {
        "dmean": 4.85228790481e-09,
        "dmean2": 4.73623051889e-09,
        "dvar": 3.63395464694e-17,
        "dvar2": 3.49241511059e-17,
        "max": 1.04626023858e-28,
        "mean": -1.5221642613e-08,
        "median": -7.30368787671e-09,
        "min": -7.23691044868e-08,
        "var": 2.88801918476e-16
    },
    "spectral_energy": {
        "dmean": 0.019074305892,
        "dmean2": 0.0192257016897,
        "dvar": 0.000523974420503,
        "dvar2": 0.000541129673366,
        "max": 0.274839282036,
        "mean": 0.0605666972697,
        "median": 0.0321697518229,
        "min": 1.00648857009e-20,
        "var": 0.00414834590629
    },
    "spectral_energyband_high": {
        "dmean": 0.00142206309829,
        "dmean2": 0.00202104100026,
        "dvar": 6.2404237724e-06,
        "dvar2": 1.23049803733e-05,
        "max": 0.0231266282499,
        "mean": 0.00256989221089,
        "median": 0.00132956088055,
        "min": 7.07045553277e-21,
        "var": 1.14724098239e-05
    },
    "spectral_energyband_low": {
        "dmean": 0.0173392593861,
        "dmean2": 0.0150837283581,
        "dvar": 0.000639026751742,
        "dvar2": 0.000469549238915,
        "max": 0.273336172104,
        "mean": 0.045412030071,
        "median": 0.00997820496559,
        "min": 2.21134830015e-23,
        "var": 0.00423508696258
    },
    "spectral_energyband_middle_high": {
        "dmean": 0.0020192079246,
        "dmean2": 0.0030410902109,
        "dvar": 6.94569325788e-06,
        "dvar2": 1.57198246598e-05,
        "max": 0.0385835133493,
        "mean": 0.00512540992349,
        "median": 0.00326877832413,
        "min": 1.23255555728e-21,
        "var": 2.69568845397e-05
    },
    "spectral_energyband_middle_low": {
        "dmean": 0.0064684310928,
        "dmean2": 0.0101019833237,
        "dvar": 0.000170115628862,
        "dvar2": 0.000384084502002,
        "max": 0.0872845798731,
        "mean": 0.00872097909451,
        "median": 0.00444245059043,
        "min": 1.50315224058e-22,
        "var": 0.000173437190824
    },
    "spectral_entropy": {
        "dmean": 0.203110560775,
        "dmean2": 0.273996412754,
        "dvar": 0.0417648591101,
        "dvar2": 0.0712047740817,
        "max": 9.81924247742,
        "mean": 7.80156183243,
        "median": 7.87454652786,
        "min": 5.60612821579,
        "var": 0.265579432249
    },
    "spectral_flux": {
        "dmean": 0.0394870862365,
        "dmean2": 0.0519665665925,
        "dvar": 0.00189670280088,
        "dvar2": 0.00253450032324,
        "max": 0.399006694555,
        "mean": 0.119142338634,
        "median": 0.0895102918148,
        "min": 6.53283052654e-11,
        "var": 0.00810017995536
    },
    "spectral_kurtosis": {
        "dmean": 0.835441589355,
        "dmean2": 1.26984655857,
        "dvar": 1.0238699913,
        "dvar2": 2.31729412079,
        "max": 18.9521255493,
        "mean": 2.33549308777,
        "median": 1.98210573196,
        "min": -1.60649108887,
        "var": 4.06004619598
    },
    "spectral_rms": {
        "dmean": 0.00118453113828,
        "dmean2": 0.00128733820748,
        "dvar": 1.65332448887e-06,
        "dvar2": 2.22591575039e-06,
        "max": 0.0163748562336,
        "mean": 0.00659673474729,
        "median": 0.00560224289075,
        "min": 3.13359234394e-12,
        "var": 1.55725720106e-05
    },
    "spectral_rolloff": {
        "dmean": 1137.75341797,
        "dmean2": 1706.7923584,
        "dvar": 3277514.5,
        "dvar2": 5443812,
        "max": 19509.0820312,
        "mean": 2397.04321289,
        "median": 1184.32617188,
        "min": 64.599609375,
        "var": 8615373
    },
    "spectral_skewness": {
        "dmean": 0.17265881598,
        "dmean2": 0.245789125562,
        "dvar": 0.0333146974444,
        "dvar2": 0.0586887821555,
        "max": 3.78371095657,
        "mean": 1.29602324963,
        "median": 1.25249898434,
        "min": -0.278718441725,
        "var": 0.186945185065
    },
    "spectral_spread": {
        "dmean": 732382.75,
        "dmean2": 1023469.3125,
        "dvar": 960757760000,
        "dvar2": 1.48349229466e+12,
        "max": 42690020,
        "mean": 7038751.5,
        "median": 6923301.5,
        "min": 2879090.75,
        "var": 8.99327983616e+12
    },
    "spectral_strongpeak": {
        "dmean": 0.4891320467,
        "dmean2": 0.788339316845,
        "dvar": 0.83746778965,
        "dvar2": 2.01055574417,
        "max": 16.9986724854,
        "mean": 1.01746869087,
        "median": 0.673837721348,
        "min": 0,
        "var": 1.52111339569
    },
    "zerocrossingrate": {
        "dmean": 0.0213707871735,
        "dmean2": 0.0209721606225,
        "dvar": 0.00054570462089,
        "dvar2": 0.000572129094508,
        "max": 0.533203125,
        "mean": 0.0858015716076,
        "median": 0.07568359375,
        "min": 0.001953125,
        "var": 0.00472056586295
    },
    "barkbands": {
        "dmean": [0.000411481043557, 0.0168906599283, 0.00777642102912, 0.00274234591052, 0.00322682107799, 0.000940937490668, 0.000996334361844, 0.000478615314933, 0.000516200554557, 0.000541851157323, 0.000672528520226, 0.00040298057138, 0.000331416580593, 0.000160328418133, 0.00026784685906, 0.000222842558287, 0.000233603277593, 0.000172295447555, 0.00016542954836, 0.00022082599753, 0.000231926533161, 0.000177345325937, 0.000288722512778, 0.000312623742502, 0.000325277185766, 0.000172013373231, 2.75216138768e-09],
        "dmean2": [0.000471228908282, 0.0172382649034, 0.0126548735425, 0.00494838971645, 0.00608235551044, 0.00145044317469, 0.00157177727669, 0.000773607403971, 0.000812804151792, 0.000838047591969, 0.00103792583104, 0.000614818942267, 0.000524412724189, 0.000257643579971, 0.000413061992731, 0.000354639341822, 0.000388884043787, 0.000270340358838, 0.000259718071902, 0.000351083755959, 0.000349429581547, 0.000252341647865, 0.000447805941803, 0.000455198111013, 0.000455499684904, 0.000249910022831, 5.03142993935e-09],
        "dvar": [4.29659110068e-07, 0.000858176266775, 0.000430681480793, 7.02758552507e-05, 0.000102866259112, 2.42833243647e-06, 2.88510432256e-06, 9.83270865618e-07, 1.12994962365e-06, 1.09324651021e-06, 1.96688574761e-06, 9.61582259151e-07, 3.78002198431e-07, 1.26989732507e-07, 2.3379092795e-07, 1.73617962673e-07, 3.30279448235e-07, 9.77500107524e-08, 5.94248135144e-08, 1.14058124723e-07, 1.2537884686e-07, 8.67338769694e-08, 3.55967699761e-07, 3.90157765651e-07, 4.47612251264e-07, 1.16771012415e-07, 1.53080873117e-17],
        "dvar2": [5.1268449397e-07, 0.000956231495366, 0.0010480947094, 0.000193090061657, 0.00029513129266, 5.58473630008e-06, 6.89377975505e-06, 2.41793918576e-06, 2.56023236034e-06, 2.34432991419e-06, 4.26240831075e-06, 1.70293822066e-06, 8.84719042915e-07, 2.81106366629e-07, 4.98037479701e-07, 4.07853377737e-07, 8.91986587703e-07, 2.34914807606e-07, 1.33655788659e-07, 2.59940151182e-07, 2.47293911571e-07, 1.73625736011e-07, 7.93786966824e-07, 7.70591952914e-07, 8.01617431989e-07, 2.3871882604e-07, 4.75586798356e-17],
        "max": [0.00635894108564, 0.270825356245, 0.133970409632, 0.0597334615886, 0.0614324398339, 0.0251047126949, 0.0242786034942, 0.0177180208266, 0.0442822240293, 0.0249278116971, 0.0231087729335, 0.0234982706606, 0.0129322139546, 0.0126188900322, 0.0110623883083, 0.0107807265595, 0.0082447770983, 0.00428083958104, 0.00401793187484, 0.00559990666807, 0.00817661359906, 0.00304423924536, 0.0057607437484, 0.0119825042784, 0.00952517334372, 0.00525356037542, 2.83649068678e-08],
        "mean": [0.000786762335338, 0.037121925503, 0.00637781899422, 0.00184737297241, 0.00210215407424, 0.00145365856588, 0.00157481513452, 0.000643879873678, 0.000822518195491, 0.000969720596913, 0.00126066699158, 0.000625778222457, 0.000562637869734, 0.000200949347345, 0.000419915741077, 0.000290430907626, 0.000281972374069, 0.000224593924941, 0.000255648541497, 0.000343982421327, 0.000517296721227, 0.00026879485813, 0.000376042356947, 0.000483016570797, 0.000520383939147, 0.000234011356952, 2.29340368918e-09],
        "median": [7.19243835192e-05, 0.00616889167577, 0.000579951680265, 0.000146001388202, 0.000279400643194, 0.000642750819679, 0.00086392002413, 0.000171563209733, 0.000233161423239, 0.000311224372126, 0.00028400082374, 0.000135397611302, 0.000197835062863, 6.04261404078e-05, 0.000146448568557, 0.00010489304259, 9.62492849794e-05, 8.69592331583e-05, 0.000121746772493, 0.000172162006493, 0.000205572301638, 9.93794601527e-05, 0.000133218505653, 0.000176469038706, 0.000200796872377, 7.37418886274e-05, 6.96160629143e-10],
        "min": [5.24986242171e-25, 9.65341080405e-24, 1.72630474802e-24, 1.92202212468e-24, 1.04697303797e-23, 1.02886386814e-23, 1.5860340378e-23, 4.26098405904e-24, 1.60582072034e-23, 3.73094478806e-23, 2.31473719925e-23, 4.00748376492e-23, 2.89127745401e-23, 4.20775630055e-23, 4.47054164529e-23, 4.14031531958e-23, 5.7964975512e-23, 1.42541107122e-22, 1.30001576121e-22, 2.16120120127e-22, 2.81127206453e-22, 3.2755476306e-22, 3.61161853209e-22, 5.99308560153e-22, 9.07184285475e-22, 1.26405284209e-21, 1.99199995294e-21],
        "var": [1.77725382855e-06, 0.00359012791887, 0.000361850776244, 4.43590906798e-05, 5.80011328566e-05, 4.20466676587e-06, 4.57362193629e-06, 1.65895698956e-06, 4.43006319983e-06, 3.63714275409e-06, 6.36328286419e-06, 3.37237815984e-06, 1.19430978884e-06, 2.07824498943e-07, 6.74596435601e-07, 2.92625543352e-07, 3.45233132748e-07, 1.46295832337e-07, 1.22622623167e-07, 1.98259229478e-07, 7.06710693521e-07, 1.61112836849e-07, 4.4128782406e-07, 7.10608219379e-07, 9.67376422523e-07, 1.82282690275e-07, 1.35330238916e-17]
    },
    "erbbands": {
        "dmean": [0.550368130207, 4.17708015442, 8.84141159058, 8.64726448059, 8.8966217041, 11.3821868896, 6.72433042526, 9.56136608124, 13.0023174286, 12.0749530792, 8.76389789581, 13.1365251541, 12.2515115738, 26.5076618195, 19.3155727386, 17.1822814941, 15.7572250366, 9.70722103119, 12.4719409943, 10.4129133224, 12.067694664, 12.7895240784, 9.71669387817, 8.45942020416, 8.59038448334, 9.81659889221, 10.0081911087, 7.93419504166, 6.89389610291, 6.04156541824, 9.2881526947, 6.96586179733, 5.2403216362, 3.71992945671, 2.33290028572, 0.935529172421, 0.308587878942, 0.0209105163813, 0.000416355731431, 4.29662977695e-05],
        "dmean2": [0.459075063467, 4.49059581757, 12.8251209259, 14.2117557526, 15.8128452301, 21.6420841217, 12.1146697998, 14.3610992432, 20.3263683319, 19.0005302429, 14.2373304367, 20.3922348022, 19.0019741058, 40.7997817993, 29.4998054504, 25.5461273193, 24.6053104401, 15.2284173965, 19.4066562653, 16.006105423, 19.3384895325, 21.4142017365, 15.3721809387, 13.3021678925, 13.3661584854, 15.6682796478, 15.0421648026, 12.1078424454, 10.0235528946, 8.87208843231, 14.5092544556, 10.2762203217, 7.64489841461, 5.35952949524, 3.27801513672, 1.35794913769, 0.452061265707, 0.0305775422603, 0.000600427156314, 5.50944241695e-05],
        "dvar": [0.704389691353, 57.7942657471, 433.953857422, 569.650146484, 684.568847656, 1336.02990723, 292.920623779, 270.16809082, 470.159515381, 506.787445068, 346.751068115, 682.374511719, 839.491943359, 2876.83837891, 1388.00964355, 1805.86035156, 792.81072998, 289.58883667, 529.839782715, 324.018737793, 565.479187012, 1246.42578125, 324.953857422, 175.630111694, 154.554367065, 238.200531006, 265.205108643, 152.594055176, 143.747283936, 114.714675903, 416.770050049, 187.777832031, 116.481521606, 66.5310974121, 22.2297801971, 3.47587585449, 0.385712623596, 0.0016791872913, 6.54098130326e-07, 3.06819747387e-09],
        "dvar2": [0.549056231976, 73.0949325562, 972.211853027, 1419.1541748, 1847.67053223, 3860.95361328, 842.530883789, 591.21673584, 1106.63989258, 1198.98217773, 867.952514648, 1468.73449707, 1773.04541016, 6691.21826172, 2754.91088867, 2921.65917969, 1799.47045898, 615.293395996, 1166.32348633, 692.078369141, 1419.30407715, 3445.85180664, 771.576660156, 387.532196045, 342.791412354, 568.082824707, 548.083435059, 304.444152832, 308.026275635, 244.298553467, 951.662658691, 397.08883667, 213.871704102, 115.415496826, 44.4251060486, 7.04150867462, 0.807360351086, 0.00333370338194, 1.28469230276e-06, 6.29116048145e-09],
        "max": [8.65195846558, 62.5802001953, 149.90032959, 163.478591919, 171.853424072, 233.183151245, 149.028305054, 300.966369629, 348.954864502, 485.830383301, 350.789642334, 1214.27783203, 953.035949707, 804.369567871, 989.80065918, 1145.87841797, 653.783630371, 632.847045898, 584.306762695, 528.72467041, 350.866455078, 510.047119141, 292.576782227, 230.645523071, 229.786300659, 213.04347229, 412.722625732, 331.211791992, 119.66456604, 115.388450623, 191.078216553, 264.103485107, 235.418441772, 141.413299561, 63.4654312134, 28.1592769623, 8.16329574585, 0.600069761276, 0.0111028617248, 0.000643069914076],
        "mean": [1.17212796211, 7.82512760162, 9.23874759674, 6.87317991257, 6.43096876144, 7.24709892273, 6.25574874878, 15.7001590729, 21.142244339, 20.0835990906, 11.7664222717, 22.7041416168, 22.0375442505, 52.1395225525, 36.9801139832, 29.4917049408, 27.6813793182, 15.0675621033, 18.7180900574, 17.1469154358, 16.0245990753, 15.0741519928, 13.0626115799, 12.8217935562, 14.5713615417, 15.7453927994, 21.9015674591, 15.6721534729, 10.7473564148, 8.56789302826, 11.9378614426, 10.5796031952, 7.97465991974, 6.17131757736, 3.36911153793, 1.33490550518, 0.400554656982, 0.0266619827598, 0.00057907338487, 0.000105012019048],
        "median": [0.0976489186287, 1.6055971384, 1.69983375072, 0.666095197201, 0.754294812679, 0.847589373589, 1.80536305904, 7.2755150795, 12.0881929398, 9.09855270386, 4.20460653305, 7.03829193115, 7.33606433868, 14.4742851257, 12.3294210434, 8.2214384079, 10.4595489502, 6.82168531418, 7.58849954605, 7.36904239655, 6.96050357819, 5.29448223114, 5.09368896484, 5.2528386116, 7.92550039291, 8.33127307892, 8.48140907288, 7.18205022812, 4.16176128387, 3.29192900658, 4.02152585983, 3.87031555176, 2.87001872063, 2.33203673363, 1.17402374744, 0.450460314751, 0.109731696546, 0.00735349627212, 0.000190664708498, 7.06949576852e-05],
        "min": [1.8989662921e-22, 1.3607463379e-21, 3.05876991602e-21, 5.62435520223e-21, 1.09979001954e-20, 4.17745111709e-20, 4.45367192678e-20, 7.95724355574e-20, 2.46610819839e-19, 2.3338867379e-19, 2.0689641814e-19, 3.87718578258e-19, 6.57805404267e-19, 9.73827534245e-19, 1.50283042228e-18, 1.94776342915e-18, 1.36362274943e-18, 2.40034475476e-18, 2.47588061355e-18, 3.14663827034e-18, 4.54657052635e-18, 3.80112817961e-18, 7.46523140922e-18, 7.41504718863e-18, 7.37768592191e-18, 1.04629753081e-17, 1.13747715343e-17, 1.19527292457e-17, 1.19183995959e-17, 1.08580781277e-17, 1.1503922552e-17, 1.13678414151e-17, 1.02441000093e-17, 9.31322320801e-18, 6.79449546592e-18, 4.22067625425e-18, 2.10943091679e-18, 9.25345030977e-19, 2.6222602525e-19, 2.84584154983e-20],
        "var": [3.78040885925, 184.430618286, 492.704406738, 457.816162109, 454.437744141, 737.497619629, 197.314422607, 516.551208496, 759.926086426, 944.070617676, 528.950256348, 3384.04931641, 2647.90649414, 9408.22753906, 5082.27832031, 7290.1796875, 2578.33178711, 613.687927246, 1157.25964355, 925.890319824, 729.591064453, 1053.88037109, 492.534912109, 396.669677734, 335.147369385, 384.899108887, 1361.1920166, 552.942993164, 249.320632935, 178.830718994, 489.864318848, 309.454315186, 231.709396362, 157.020309448, 38.7307777405, 5.75404024124, 0.566420376301, 0.00246871705167, 1.00428053429e-06, 8.55342552342e-09]
    },
    "gfcc": {
        "mean": [16.1077384949, 57.8726425171, -97.2241516113, 33.29429245, -62.0259132385, 31.2109241486, -31.2683734894, 23.9578456879, -22.7676620483, 18.1548633575, -8.83424282074, 6.93581628799, -5.98027276993],
        "cov": [[12336.2431641, -703.260375977, -257.06539917, 374.089508057, -396.928283691, 368.30355835, -321.835449219, 88.2996292114, -387.542480469, 52.783531189, -267.691101074, 109.041633606, -192.275665283], [-703.260375977, 1363.66711426, -30.4631233215, 109.443244934, 369.148895264, -0.155825406313, 305.4012146, -11.5321216583, 148.364852905, -60.3214454651, 192.937286377, -163.170623779, 175.372116089], [-257.06539917, -30.4631233215, 767.916503906, 117.789588928, 194.379898071, 164.472473145, 54.1976051331, 87.2466888428, 107.988548279, 42.5739707947, 58.8156242371, 110.457450867, -67.0995330811], [374.089508057, 109.443244934, 117.789588928, 358.540161133, 112.463645935, 25.9714050293, 97.542930603, 42.5899353027, 60.0336380005, -31.5153903961, 49.9386024475, -19.3383216858, 55.2025337219], [-396.928283691, 369.148895264, 194.379898071, 112.463645935, 372.069641113, 97.8131408691, 180.57232666, 51.5637016296, 107.673408508, 16.0439872742, 85.8118133545, -22.16456604, 51.449092865], [368.30355835, -0.155825406313, 164.472473145, 25.9714050293, 97.8131408691, 250.498077393, 109.132209778, 24.5347061157, 46.5979919434, 43.0750732422, 54.9702987671, 8.93032646179, 22.0865325928], [-321.835449219, 305.4012146, 54.1976051331, 97.542930603, 180.57232666, 109.132209778, 292.258758545, 76.4622039795, 114.000465393, 24.6451244354, 117.695236206, -34.9234008789, 102.649200439], [88.2996292114, -11.5321216583, 87.2466888428, 42.5899353027, 51.5637016296, 24.5347061157, 76.4622039795, 164.895690918, 91.0955429077, 41.9612388611, 56.8172073364, 38.7248649597, 31.9070949554], [-387.542480469, 148.364852905, 107.988548279, 60.0336380005, 107.673408508, 46.5979919434, 114.000465393, 91.0955429077, 165.938247681, 58.970741272, 96.9150619507, 17.4082489014, 53.2197189331], [52.783531189, -60.3214454651, 42.5739707947, -31.5153903961, 16.0439872742, 43.0750732422, 24.6451244354, 41.9612388611, 58.970741272, 128.07119751, 56.2409362793, 40.3637695312, 3.83270001411], [-267.691101074, 192.937286377, 58.8156242371, 49.9386024475, 85.8118133545, 54.9702987671, 117.695236206, 56.8172073364, 96.9150619507, 56.2409362793, 169.117126465, 20.6237049103, 82.9099655151], [109.041633606, -163.170623779, 110.457450867, -19.3383216858, -22.16456604, 8.93032646179, -34.9234008789, 38.7248649597, 17.4082489014, 40.3637695312, 20.6237049103, 142.252182007, -12.0279684067], [-192.275665283, 175.372116089, -67.0995330811, 55.2025337219, 51.449092865, 22.0865325928, 102.649200439, 31.9070949554, 53.2197189331, 3.83270001411, 82.9099655151, -12.0279684067, 161.753509521]],
        "icov": [[0.000151435626321, -0.000169988255948, 0.000181179028004, -0.000405903469073, 0.00018586027727, -0.000556532177143, 0.000263445661403, -0.000491189828608, 0.000588253431488, -0.000351701630279, 0.000281375978375, -0.000242654394242, 0.000177095178515], [-0.000169988255948, 0.00198715529405, -0.000215968233533, 0.000920988270082, -0.00148915883619, 0.00155915273353, -0.000978572061285, 0.00158542266581, -0.00146295968443, 0.00166445341893, -0.00193965760991, 0.00163520220667, -0.000633689051028], [0.000181179028004, -0.000215968233533, 0.00268436782062, -0.00109426269773, -0.000766691751778, -0.00202296325006, 0.000932458147872, -0.000957156182267, -0.000313559983624, 0.00029376000748, -1.87417444977e-05, -0.00199494347908, 0.00201112963259], [-0.000405903469073, 0.000920988270082, -0.00109426269773, 0.00481883622706, -0.00117302511353, 0.00205303123221, -0.00128312211018, 0.00123813201208, -0.00223847012967, 0.00267555541359, -0.00143930804916, 0.00151423527859, -0.00139324448537], [0.00018586027727, -0.00148915883619, -0.000766691751778, -0.00117302511353, 0.00584897585213, -0.00145677628461, -0.00128872517962, -0.000747314014006, 5.35482213309e-05, -0.00109675503336, 0.00140446226578, -0.000383159000194, 0.000481508468511], [-0.000556532177143, 0.00155915273353, -0.00202296325006, 0.00205303123221, -0.00145677628461, 0.00848451908678, -0.00361093902029, 0.00305734574795, -0.0014777877368, 0.000106706072984, -0.00187045172788, 0.00189708033577, -0.00131503248122], [0.000263445661403, -0.000978572061285, 0.000932458147872, -0.00128312211018, -0.00128872517962, -0.00361093902029, 0.00911476556212, -0.00299394270405, -0.000380820682039, -0.000207724151551, -0.00111257843673, 0.00101129245013, -0.00131620035972], [-0.000491189828608, 0.00158542266581, -0.000957156182267, 0.00123813201208, -0.000747314014006, 0.00305734574795, -0.00299394270405, 0.0118684023619, -0.0065136780031, 0.00104925828055, -0.0011525512673, -0.000592368014622, -0.00107834360097], [0.000588253431488, -0.00146295968443, -0.000313559983624, -0.00223847012967, 5.35482213309e-05, -0.0014777877368, -0.000380820682039, -0.0065136780031, 0.0168452188373, -0.00561863882467, -0.00135831034277, -0.000690577202477, -0.000133818699396], [-0.000351701630279, 0.00166445341893, 0.00029376000748, 0.00267555541359, -0.00109675503336, 0.000106706072984, -0.000207724151551, 0.00104925828055, -0.00561863882467, 0.014069926925, -0.0050493478775, -0.000662597303744, 0.0012993455166], [0.000281375978375, -0.00193965760991, -1.87417444977e-05, -0.00143930804916, 0.00140446226578, -0.00187045172788, -0.00111257843673, -0.0011525512673, -0.00135831034277, -0.0050493478775, 0.0145955327898, -0.00305607053451, -0.00347899156623], [-0.000242654394242, 0.00163520220667, -0.00199494347908, 0.00151423527859, -0.000383159000194, 0.00189708033577, 0.00101129245013, -0.000592368014622, -0.000690577202477, -0.000662597303744, -0.00305607053451, 0.0116751203313, -0.00139020546339], [0.000177095178515, -0.000633689051028, 0.00201112963259, -0.00139324448537, 0.000481508468511, -0.00131503248122, -0.00131620035972, -0.00107834360097, -0.000133818699396, 0.0012993455166, -0.00347899156623, -0.00139020546339, 0.0111570227891]]
    },
    "melbands": {
        "dmean": [0.00476717017591, 0.00425144378096, 0.00134972995147, 0.000775180349592, 0.000285391084617, 0.000196953013074, 0.000207821736694, 0.000124062295072, 6.71498128213e-05, 8.80961379153e-05, 6.15461176494e-05, 0.000106122657598, 6.95458511473e-05, 5.14274506713e-05, 3.35968434229e-05, 3.98841839342e-05, 1.67738580785e-05, 1.92461084225e-05, 1.90362861758e-05, 1.55195739353e-05, 1.45462981891e-05, 1.46643424159e-05, 1.04325972643e-05, 7.48296997699e-06, 7.21285823602e-06, 6.462577403e-06, 7.05004003976e-06, 6.94656728228e-06, 6.2905141931e-06, 7.10028780304e-06, 4.2328147174e-06, 4.00268299927e-06, 3.60921535503e-06, 3.36724087902e-06, 6.01901820119e-06, 4.66376923214e-06, 4.11784549215e-06, 3.81816471418e-06, 3.38418908541e-06, 3.27523343913e-06],
        "dmean2": [0.00429798383266, 0.00485830102116, 0.00210168980993, 0.00144352542702, 0.000524111557752, 0.000296860584058, 0.000325149972923, 0.000196599707124, 0.000110782464617, 0.000136101152748, 9.57267475314e-05, 0.00016363649047, 0.000106309744297, 7.70784972701e-05, 5.16751752002e-05, 6.2595725467e-05, 2.66914139502e-05, 3.02383195958e-05, 2.94430974463e-05, 2.43478752964e-05, 2.34680610447e-05, 2.46241252171e-05, 1.69472441485e-05, 1.17301851787e-05, 1.14578442663e-05, 1.0171554095e-05, 1.11838671728e-05, 1.12288116725e-05, 9.73541045823e-06, 1.07546948129e-05, 6.58727822156e-06, 6.07820993537e-06, 5.03958108311e-06, 5.1800093388e-06, 9.58861528488e-06, 7.04430112819e-06, 6.15565159023e-06, 5.67952201891e-06, 4.91312721351e-06, 4.73094996778e-06],
        "dvar": [5.70158081246e-05, 6.68493958074e-05, 1.21952962218e-05, 5.88657849221e-06, 6.04594504239e-07, 1.11198225738e-07, 1.1853864379e-07, 5.46995195805e-08, 2.15698285899e-08, 3.23567768135e-08, 2.13037072427e-08, 4.38062741637e-08, 1.85543669318e-08, 1.02406536584e-08, 9.88760184839e-09, 5.90036064452e-09, 1.22954235682e-09, 1.44490430731e-09, 1.5907360984e-09, 9.00621355271e-10, 9.45931000196e-10, 1.67293301434e-09, 4.39713626621e-10, 1.72000524934e-10, 1.36625905034e-10, 1.03706106203e-10, 1.21718898849e-10, 1.31594304897e-10, 1.04630651365e-10, 1.50705933843e-10, 4.85100813685e-11, 5.19514500863e-11, 3.57075792545e-11, 3.81434848984e-11, 1.93572713414e-10, 8.18259626723e-11, 6.6920476105e-11, 5.91002038974e-11, 5.92294754909e-11, 5.13337289343e-11],
        "dvar2": [4.94800842716e-05, 0.000112611131044, 2.7342028261e-05, 1.66685040313e-05, 1.7549855329e-06, 2.43931737032e-07, 2.81617246856e-07, 1.29129915649e-07, 5.36353752523e-08, 6.90920316515e-08, 4.50678392383e-08, 1.01712174683e-07, 3.72451829378e-08, 1.84449078233e-08, 1.91430551411e-08, 1.37681270829e-08, 2.56139687238e-09, 3.21205662068e-09, 3.23588533746e-09, 1.92879756611e-09, 2.36657338171e-09, 4.61217330994e-09, 1.07255160309e-09, 4.03231698032e-10, 3.02042890699e-10, 2.30888044794e-10, 2.82880358027e-10, 3.20345361349e-10, 2.32865199346e-10, 3.03900071774e-10, 1.00955133142e-10, 1.19339996218e-10, 6.62434690435e-11, 8.64096363906e-11, 4.60430304994e-10, 1.7289863985e-10, 1.44869782837e-10, 1.17058043814e-10, 1.04669432843e-10, 9.20412981942e-11],
        "max": [0.0781429708004, 0.0648280382156, 0.0244644526392, 0.0148611692712, 0.00571114849299, 0.00602850830182, 0.00545506598428, 0.00434942403808, 0.0031360629946, 0.00844111666083, 0.00471739517525, 0.00346328015439, 0.00381348514929, 0.00247705169022, 0.00255622668192, 0.00178183603566, 0.00145016855095, 0.00110862404108, 0.00122777756769, 0.00108102557715, 0.000572798075154, 0.000729323364794, 0.000410680077039, 0.000198680892936, 0.000221322872676, 0.00019943510415, 0.000175284585566, 0.000197155590286, 0.000241948611801, 0.000336938886903, 0.000188977559446, 7.9621320765e-05, 8.43067464302e-05, 6.56734482618e-05, 0.000126831495436, 0.000132153916638, 0.000193146261154, 0.000149010185851, 0.000237642496359, 0.00012208330736],
        "mean": [0.0104744220152, 0.00690502533689, 0.00118990056217, 0.000507109041791, 0.00024062882585, 0.00032101655961, 0.000336313154548, 0.000204589028726, 8.26779942145e-05, 0.000149069048348, 0.000103653081169, 0.000202556300792, 0.000131874970975, 8.38927953737e-05, 5.24683709955e-05, 6.49786743452e-05, 2.21593363676e-05, 2.61701534328e-05, 3.00620231428e-05, 2.18656277866e-05, 1.78081663762e-05, 1.61970801855e-05, 1.37927454489e-05, 9.53513153945e-06, 1.02849589894e-05, 9.86057057162e-06, 1.12095412987e-05, 1.00568449852e-05, 1.21450566439e-05, 1.50563646457e-05, 6.94065829521e-06, 5.83960172662e-06, 5.28937835043e-06, 4.45657678938e-06, 7.17166221875e-06, 6.75865385347e-06, 6.12618805462e-06, 5.4514207477e-06, 5.40956398254e-06, 5.18939759786e-06],
        "median": [0.00130542786792, 0.00180978665594, 0.000124642305309, 5.57027160539e-05, 6.2936807808e-05, 0.000146041842527, 0.000191617611563, 8.56858168845e-05, 2.52777044807e-05, 4.32773194916e-05, 3.09105562337e-05, 5.34346290806e-05, 3.49459223798e-05, 2.51824003499e-05, 1.58340517373e-05, 2.09489444387e-05, 7.46549903852e-06, 9.94388847175e-06, 8.8749520728e-06, 8.06374737294e-06, 6.58182580082e-06, 4.9190352911e-06, 4.714905117e-06, 3.63632921108e-06, 3.7202587464e-06, 4.6517593546e-06, 5.67608230995e-06, 4.79271238873e-06, 4.76461946164e-06, 5.20365483681e-06, 3.13493842441e-06, 2.07909920391e-06, 1.75344439413e-06, 1.74392607732e-06, 2.08941651181e-06, 2.53656571658e-06, 2.20310857912e-06, 1.94628478312e-06, 1.90323237348e-06, 1.87002592611e-06],
        "min": [3.37548532634e-24, 1.796495422e-24, 1.97768178357e-24, 1.10982474173e-24, 1.67760323674e-24, 2.10424366897e-24, 3.46967216298e-24, 2.16621342624e-24, 1.42977351147e-24, 2.49240228296e-24, 2.96403046654e-24, 3.67264528504e-24, 4.08991089427e-24, 4.53644166536e-24, 3.7319920798e-24, 2.26443844186e-24, 4.23687962522e-24, 3.62708580675e-24, 3.89764064255e-24, 3.63150303338e-24, 3.09016084503e-24, 3.41387603116e-24, 5.82100619735e-24, 6.59589243163e-24, 5.35311070636e-24, 5.15158080533e-24, 6.59808625381e-24, 5.40954620995e-24, 6.39197583194e-24, 4.79441929733e-24, 6.9799138646e-24, 6.61595829205e-24, 5.98478121545e-24, 5.95549751536e-24, 6.4731472525e-24, 6.10566862715e-24, 6.18305430423e-24, 6.45179081565e-24, 7.09863033109e-24, 7.50080424234e-24],
        "var": [0.00028719578404, 0.000154971377924, 1.16921737572e-05, 3.42978205481e-06, 3.62153940614e-07, 2.13399090399e-07, 1.90853981508e-07, 1.06951496548e-07, 3.25939453205e-08, 1.56107830662e-07, 6.52714149396e-08, 1.43877969094e-07, 6.45466826654e-08, 3.72454991293e-08, 2.27492105154e-08, 1.79265278177e-08, 2.35847430474e-09, 2.73976730192e-09, 5.32337463e-09, 2.00329663969e-09, 1.16919818272e-09, 1.39834166468e-09, 7.58813678559e-10, 2.41172942728e-10, 3.14458126205e-10, 2.04930447611e-10, 2.393364118e-10, 1.91675550432e-10, 3.96685129189e-10, 7.95068955117e-10, 1.19226337136e-10, 8.05854896702e-11, 6.88896231726e-11, 5.16367608394e-11, 2.05136796438e-10, 1.28400998167e-10, 1.07311048936e-10, 9.95138416116e-11, 1.55949433922e-10, 1.08499619011e-10]
    },
    "mfcc": {
        "mean": [-631.248352051, 91.6240386963, 20.9570331573, 13.6153345108, 4.40888643265, 6.15208673477, 11.939661026, 3.53269934654, 6.69902944565, 7.12830448151, -0.698128581047, 10.9225130081, 7.9106798172],
        "cov": [[6990.02050781, -550.413146973, 103.816688538, 35.4497184753, -3.8305580616, 121.722702026, 20.7421283722, 9.81410217285, -95.47290802, -52.9658088684, -190.910888672, -95.0617675781, -49.1971817017], [-550.413146973, 1177.37976074, -96.5491867065, 138.860290527, 139.675827026, 82.5842895508, 215.235336304, 42.1919212341, 106.59677124, 103.224830627, 17.1588783264, 129.023345947, 27.755563736], [103.816688538, -96.5491867065, 503.86227417, 31.1509475708, 116.399345398, 94.3898849487, 2.16979718208, 108.740684509, -1.83967220783, 11.7813463211, 109.647529602, -10.6813774109, 77.561340332], [35.4497184753, 138.860290527, 31.1509475708, 325.362243652, 100.764816284, 4.30592679977, 66.8604660034, 61.0115776062, 63.7416572571, 12.3368310928, 32.4114456177, 71.0228118896, -41.041595459], [-3.8305580616, 139.675827026, 116.399345398, 100.764816284, 217.751876831, 67.5742263794, 62.7178077698, 64.9124755859, 39.9947013855, 33.2902793884, 47.8563194275, 35.0032730103, 32.4565505981], [121.722702026, 82.5842895508, 94.3898849487, 4.30592679977, 67.5742263794, 234.770172119, 78.6783599854, 52.2988510132, 15.8289966583, 52.9980545044, 15.8344039917, -3.56371593475, 68.2291564941], [20.7421283722, 215.235336304, 2.16979718208, 66.8604660034, 62.7178077698, 78.6783599854, 228.015090942, 52.8592796326, 82.6100769043, 87.3623886108, -17.3308296204, 94.5375061035, 6.77711296082], [9.81410217285, 42.1919212341, 108.740684509, 61.0115776062, 64.9124755859, 52.2988510132, 52.8592796326, 151.752990723, 51.6433410645, 19.4864959717, 54.0298042297, 21.4746513367, 43.7403640747], [-95.47290802, 106.59677124, -1.83967220783, 63.7416572571, 39.9947013855, 15.8289966583, 82.6100769043, 51.6433410645, 127.479492188, 68.0784301758, 12.807387352, 53.3994750977, 8.92502880096], [-52.9658088684, 103.224830627, 11.7813463211, 12.3368310928, 33.2902793884, 52.9980545044, 87.3623886108, 19.4864959717, 68.0784301758, 135.936126709, 16.4577846527, 50.0485725403, 19.7579727173], [-190.910888672, 17.1588783264, 109.647529602, 32.4114456177, 47.8563194275, 15.8344039917, -17.3308296204, 54.0298042297, 12.807387352, 16.4577846527, 160.838195801, 37.2821884155, 50.1133346558], [-95.0617675781, 129.023345947, -10.6813774109, 71.0228118896, 35.0032730103, -3.56371593475, 94.5375061035, 21.4746513367, 53.3994750977, 50.0485725403, 37.2821884155, 163.049102783, 28.1843700409], [-49.1971817017, 27.755563736, 77.561340332, -41.041595459, 32.4565505981, 68.2291564941, 6.77711296082, 43.7403640747, 8.92502880096, 19.7579727173, 50.1133346558, 28.1843700409, 152.282058716]],
