{
"lowlevel": {
    "average_loudness": 0.964116036892,
    "barkbands_crest": {
        "dmean": 2.89523482323,
        "dmean2": 4.43063020706,
        "dvar": 10.900885582,
        "dvar2": 19.4847717285,
        "max": 26.7912693024,
        "mean": 13.4072265625,
        "median": 11.9714975357,
        "min": 2.08589267731,
        "var": 56.0283737183
    },
    "barkbands_flatness_db": {
        "dmean": 0.0280074700713,
        "dmean2": 0.0353073887527,
        "dvar": 0.00132802408189,
        "dvar2": 0.00185179454274,
        "max": 0.617629349232,
        "mean": 0.171627819538,
        "median": 0.146460905671,
        "min": 0.0195621624589,
        "var": 0.0124010425061
    },
    "barkbands_kurtosis": {
        "dmean": 18.7820529938,
        "dmean2": 24.9092674255,
        "dvar": 6144.02490234,
        "dvar2": 10803.3359375,
        "max": 1950.39196777,
        "mean": 38.0236091614,
        "median": 1.78977108002,
        "min": -1.95954608917,
        "var": 22541.9746094
    },
    "barkbands_skewness": {
        "dmean": 1.02453052998,
        "dmean2": 1.31550109386,
        "dvar": 3.14736914635,
        "dvar2": 4.84872865677,
        "max": 34.1035346985,
        "mean": 2.71068572998,
        "median": 1.37344026566,
        "min": -3.91880011559,
        "var": 19.1392440796
    },
    "barkbands_spread": {
        "dmean": 6.30457019806,
        "dmean2": 9.11761569977,
        "dvar": 81.7088623047,
        "dvar2": 149.955383301,
        "max": 110.605949402,
        "mean": 23.4300403595,
        "median": 22.0179634094,
        "min": 0.0374992080033,
        "var": 307.269317627
    },
    "dissonance": {
        "dmean": 0.0167103335261,
        "dmean2": 0.0282555930316,
        "dvar": 0.000366875319742,
        "dvar2": 0.00099668931216,
        "max": 0.500000119209,
        "mean": 0.47126275301,
        "median": 0.478672832251,
        "min": 0.234047755599,
        "var": 0.000705986167304
    },
    "dynamic_complexity": 2.41467165947,
    "erbbands_crest": {
        "dmean": 2.61458420753,
        "dmean2": 4.15144062042,
        "dvar": 6.4764213562,
        "dvar2": 14.7255907059,
        "max": 30.8136577606,
        "mean": 8.97183513641,
        "median": 7.50155353546,
        "min": 2.46793365479,
        "var": 23.4682750702
    },
    "erbbands_flatness_db": {
        "dmean": 0.0171961784363,
        "dmean2": 0.0247383844107,
        "dvar": 0.000319321115967,
        "dvar2": 0.000588882481679,
        "max": 0.452304840088,
        "mean": 0.163154393435,
        "median": 0.147287279367,
        "min": 0.0718640387058,
        "var": 0.00288657238707
    },
    "erbbands_kurtosis": {
        "dmean": 1.52187585831,
        "dmean2": 2.24029898643,
        "dvar": 11.1604089737,
        "dvar2": 21.8319549561,
        "max": 87.1887283325,
        "mean": 1.30144870281,
        "median": -0.0777144432068,
        "min": -1.91916871071,
        "var": 30.7297115326
    },
    "erbbands_skewness": {
        "dmean": 0.458310186863,
        "dmean2": 0.646676123142,
        "dvar": 0.268481135368,
        "dvar2": 0.519607305527,
        "max": 7.85933923721,
        "mean": 0.0321638472378,
        "median": -0.111489318311,
        "min": -5.38827037811,
        "var": 1.37478899956
    },
    "erbbands_spread": {
        "dmean": 10.4458532333,
        "dmean2": 14.8599872589,
        "dvar": 138.937515259,
        "dvar2": 273.053924561,
        "max": 172.548461914,
        "mean": 42.929485321,
        "median": 37.3681182861,
        "min": 2.49915337563,
        "var": 600.05456543
    },
    "hfc": {
        "dmean": 7.85063266754,
        "dmean2": 11.0430383682,
        "dvar": 110.706222534,
        "dvar2": 214.904098511,
        "max": 243.996826172,
        "mean": 27.6590270996,
        "median": 25.3909759521,
        "min": 1.07752920722e-16,
        "var": 488.969390869
    },
    "melbands_crest": {
        "dmean": 3.77081680298,
        "dmean2": 5.60003948212,
        "dvar": 16.8250389099,
        "dvar2": 31.8099765778,
        "max": 34.4022407532,
        "mean": 17.5364456177,
        "median": 16.220085144,
        "min": 1.57784199715,
        "var": 80.1774368286
    },
    "melbands_flatness_db": {
        "dmean": 0.0343548431993,
        "dmean2": 0.0426570512354,
        "dvar": 0.00211482308805,
        "dvar2": 0.00293328473344,
        "max": 0.767924070358,
        "mean": 0.224576160312,
        "median": 0.199164062738,
        "min": 0.00353178055957,
        "var": 0.0218325201422
    },
    "melbands_kurtosis": {
        "dmean": 21.3280506134,
        "dmean2": 28.4852981567,
        "dvar": 2269.60205078,
        "dvar2": 4018.76586914,
        "max": 995.043640137,
        "mean": 46.9601516724,
        "median": 9.22189617157,
        "min": -1.83407950401,
        "var": 8744.58203125
    },
    "melbands_skewness": {
        "dmean": 1.1805434227,
        "dmean2": 1.56888592243,
        "dvar": 2.73495483398,
        "dvar2": 4.58578157425,
        "max": 25.3133144379,
        "mean": 4.01022148132,
        "median": 2.69635248184,
        "min": -3.01780843735,
        "var": 15.8355197906
    },
    "melbands_spread": {
        "dmean": 9.98104095459,
        "dmean2": 14.509185791,
        "dvar": 258.962310791,
        "dvar2": 487.008361816,
        "max": 235.188049316,
        "mean": 31.4720458984,
        "median": 20.3190994263,
        "min": 0.161692336202,
        "var": 1031.34997559
    },
    "pitch_salience": {
        "dmean": 0.0795627757907,
        "dmean2": 0.112820073962,
        "dvar": 0.00932081788778,
        "dvar2": 0.0149276442826,
        "max": 0.865952074528,
        "mean": 0.457936495543,
        "median": 0.538359344006,
        "min": 0.0333292447031,
        "var": 0.0534934550524
    },
    "silence_rate_20dB": {
        "dmean": 0,
        "dmean2": 0,
        "dvar": 0,
        "dvar2": 0,
        "max": 1,
        "mean": 1,
        "median": 1,
        "min": 1,
        "var": 0
    },
    "silence_rate_30dB": {
        "dmean": 0.0749973356724,
        "dmean2": 0.150010660291,
        "dvar": 0.0693684965372,
        "dvar2": 0.142420008779,
        "max": 1,
        "mean": 0.881763935089,
        "median": 1,
        "min": 0,
        "var": 0.104254961014
    },
    "silence_rate_60dB": {
        "dmean": 0.0108660915866,
        "dmean2": 0.0217344984412,
        "dvar": 0.0107455551624,
        "dvar2": 0.0265897586942,
        "max": 1,
        "mean": 0.0379207506776,
        "median": 0,
        "min": 0,
        "var": 0.0364803820848
    },
    "spectral_centroid": {
        "dmean": 311.666046143,
        "dmean2": 442.581329346,
        "dvar": 157233.890625,
        "dvar2": 287542.90625,
        "max": 11631.1054688,
        "mean": 1877.5892334,
        "median": 1987.86657715,
        "min": 71.9361419678,
        "var": 1551743.875
    },
    "spectral_complexity": {
        "dmean": 4.11356115341,
        "dmean2": 6.13701248169,
        "dvar": 20.9421520233,
        "dvar2": 38.5670700073,
        "max": 53,
        "mean": 19.5318489075,
        "median": 20,
        "min": 0,
        "var": 133.006774902
    },
    "spectral_decrease": {
        "dmean": 3.00999314362e-09,
        "dmean2": 2.99992830577e-09,
        "dvar": 1.39683194171e-17,
        "dvar2": 1.43039032829e-17,
        "max": 2.04350002303e-28,
        "mean": -1.13863460882e-08,
        "median": -6.10617023611e-09,
        "min": -4.52582504806e-08,
        "var": 1.12220774674e-16
    },
    "spectral_energy": {
        "dmean": 0.0116678373888,
        "dmean2": 0.0118769733235,
        "dvar": 0.000199477683054,
        "dvar2": 0.000212971950532,
        "max": 0.172671467066,
        "mean": 0.0454832985997,
        "median": 0.0272386036813,
        "min": 9.78342376501e-21,
        "var": 0.00158664293122
    },
    "spectral_energyband_high": {
        "dmean": 0.000744339486118,
        "dmean2": 0.00105000915937,
        "dvar": 1.93834262063e-06,
        "dvar2": 3.48309163201e-06,
        "max": 0.0361798070371,
        "mean": 0.00175067258533,
        "median": 0.000949821667746,
        "min": 7.16303917686e-21,
        "var": 7.64203286963e-06
    },
    "spectral_energyband_low": {
        "dmean": 0.0102074136958,
        "dmean2": 0.0108326887712,
        "dvar": 0.000340577214956,
        "dvar2": 0.000417402945459,
        "max": 0.170460343361,
        "mean": 0.0300342179835,
        "median": 0.00304797035642,
        "min": 1.06935933273e-23,
        "var": 0.00177683157381
    },
    "spectral_energyband_middle_high": {
        "dmean": 0.00225278548896,
        "dmean2": 0.00337071553804,
        "dvar": 8.58155999595e-06,
        "dvar2": 1.88699741557e-05,
        "max": 0.0579238384962,
        "mean": 0.00662276661023,
        "median": 0.00465033017099,
        "min": 1.1993179822e-21,
        "var": 4.43844910478e-05
    },
    "spectral_energyband_middle_low": {
        "dmean": 0.00692628184333,
        "dmean2": 0.011232172139,
        "dvar": 0.000240038876655,
        "dvar2": 0.000575204438064,
        "max": 0.110725469887,
        "mean": 0.00847729109228,
        "median": 0.00374950794503,
        "min": 1.50753401581e-22,
        "var": 0.000217207838432
    },
    "spectral_entropy": {
        "dmean": 0.175368234515,
        "dmean2": 0.23857922852,
        "dvar": 0.0482346266508,
        "dvar2": 0.0816242471337,
        "max": 9.81848239899,
        "mean": 7.60314273834,
        "median": 7.77938175201,
        "min": 4.69862365723,
        "var": 0.439312130213
    },
    "spectral_flux": {
        "dmean": 0.0381390750408,
        "dmean2": 0.0449838154018,
        "dvar": 0.00164492335171,
        "dvar2": 0.00223330850713,
        "max": 0.424417227507,
        "mean": 0.110884472728,
        "median": 0.0839941799641,
        "min": 6.20024240283e-11,
        "var": 0.00666961679235
    },
    "spectral_kurtosis": {
        "dmean": 1.91534769535,
        "dmean2": 3.01591300964,
        "dvar": 21.0586700439,
        "dvar2": 44.3686790466,
        "max": 134.966400146,
        "mean": 5.18565416336,
        "median": 3.01618385315,
        "min": -1.50744760036,
        "var": 111.793258667
    },
    "spectral_rms": {
        "dmean": 0.000880361767486,
        "dmean2": 0.00100642361213,
        "dvar": 1.07651555936e-06,
        "dvar2": 1.49871232225e-06,
        "max": 0.0129792131484,
        "mean": 0.0059902863577,
        "median": 0.00515502132475,
        "min": 3.08946661656e-12,
        "var": 8.49067782838e-06
    },
    "spectral_rolloff": {
        "dmean": 670.981750488,
        "dmean2": 1016.5032959,
        "dvar": 1347827.875,
        "dvar2": 2401378.5,
        "max": 19659.8144531,
        "mean": 2152.43408203,
        "median": 1421.19140625,
        "min": 64.599609375,
        "var": 6568594
    },
    "spectral_skewness": {
        "dmean": 0.242314964533,
        "dmean2": 0.367050021887,
        "dvar": 0.11555826664,
        "dvar2": 0.229606747627,
        "max": 9.3041267395,
        "mean": 1.3979767561,
        "median": 1.22056007385,
        "min": -0.387670874596,
        "var": 0.943369269371
    },
    "spectral_spread": {
        "dmean": 559348,
        "dmean2": 774848.1875,
        "dvar": 743575126016,
        "dvar2": 1.17401544294e+12,
        "max": 42526232,
        "mean": 4879372,
        "median": 4472238,
        "min": 643423.25,
        "var": 1.21775555871e+13
    },
    "spectral_strongpeak": {
        "dmean": 0.628416597843,
        "dmean2": 1.03623068333,
        "dvar": 1.27501165867,
        "dvar2": 3.28465819359,
        "max": 15.404507637,
        "mean": 1.19646954536,
        "median": 0.718780219555,
        "min": 0,
        "var": 2.11737346649
    },
    "zerocrossingrate": {
        "dmean": 0.0156830511987,
        "dmean2": 0.015594670549,
        "dvar": 0.00038813505671,
        "dvar2": 0.000350337009877,
        "max": 0.53173828125,
        "mean": 0.0760360732675,
        "median": 0.06689453125,
        "min": 0.00244140625,
        "var": 0.0047718686983
    },
    "barkbands": {
        "dmean": [0.000191127764992, 0.00888923555613, 0.00690616155043, 0.00343168852851, 0.00390422018245, 0.000626906927209, 0.000425252161222, 0.000261413340922, 0.000476461515063, 0.000422478595283, 0.000475434178952, 0.000767270510551, 0.000499370449688, 0.000635223521385, 0.000329627859173, 0.000309957016725, 0.00028217502404, 0.000274608813925, 0.000262748391833, 0.000274495600024, 0.000198371097213, 0.000208651268622, 0.000152206150233, 0.000119700744108, 6.13260344835e-05, 1.5874798919e-05, 1.38165842145e-06],
        "dmean2": [0.000274998368695, 0.00916470214725, 0.0109438570216, 0.00626256549731, 0.00707420194522, 0.000995895825326, 0.000669545086566, 0.000416011898778, 0.00075419631321, 0.000674304319546, 0.000727356120478, 0.0011759508634, 0.000784211209975, 0.00102670909837, 0.000547591480426, 0.000512255122885, 0.000459726230474, 0.000443430471933, 0.000418726616772, 0.000426305487053, 0.000306286296109, 0.000300974905258, 0.000228738164878, 0.000170443512616, 8.56962287799e-05, 2.27371674555e-05, 2.16703983824e-06],
        "dvar": [1.29127414539e-07, 0.000264591537416, 0.000358078774298, 0.000112382367661, 0.000108178435767, 1.44903640376e-06, 9.59021122071e-07, 3.81748066047e-07, 8.76041269748e-07, 1.05871436062e-06, 1.14588362976e-06, 2.58232057604e-06, 1.72939780896e-06, 1.87185958112e-06, 3.73200066406e-07, 3.00175287293e-07, 2.5537534043e-07, 1.79156700142e-07, 2.11823916629e-07, 2.20651500626e-07, 1.24008195712e-07, 3.02958142129e-07, 1.08938507992e-07, 8.3076905355e-08, 3.46649642324e-08, 1.02846919869e-09, 7.30470892107e-12],
        "dvar2": [2.61826215819e-07, 0.000312576245051, 0.000824399641715, 0.000310609961161, 0.000306415837258, 3.25093651554e-06, 2.32634306485e-06, 8.60604473019e-07, 1.90005187051e-06, 2.61909735855e-06, 2.50129119195e-06, 5.41128201803e-06, 3.89346178054e-06, 4.60606952402e-06, 1.00069485143e-06, 7.8046514318e-07, 6.64905599024e-07, 4.35542489186e-07, 4.96408006256e-07, 4.85005557493e-07, 2.75155599638e-07, 5.56484849312e-07, 2.21566239134e-07, 1.62366703194e-07, 6.25102529739e-08, 1.87587656519e-09, 1.73291971051e-11],
        "max": [0.00369232823141, 0.15328207612, 0.138227209449, 0.0771302133799, 0.0759594514966, 0.0194931458682, 0.0258766449988, 0.0194895174354, 0.0213046912104, 0.0174353681505, 0.0220761708915, 0.0537352263927, 0.0382566004992, 0.0342381037772, 0.00969298090786, 0.0095374090597, 0.0103713842109, 0.00748397689313, 0.0104959402233, 0.00967773422599, 0.00664004171267, 0.0171470437199, 0.0120961256325, 0.00616929493845, 0.00498529104516, 0.00113275530748, 3.45685548382e-05],
        "mean": [0.000326776062138, 0.0226973649114, 0.00567115703598, 0.00228608190082, 0.00354825961404, 0.000900636892766, 0.000637805555016, 0.00035716232378, 0.000674976326991, 0.000540509761777, 0.000609441311099, 0.00110796105582, 0.000718505762052, 0.00102737231646, 0.000468842830742, 0.000473072490422, 0.000430757558206, 0.000481998140458, 0.00052932347171, 0.000527651631273, 0.000403544312576, 0.000432840257417, 0.000264892762061, 0.00022046585218, 0.000115167713375, 2.90220868919e-05, 1.86080433195e-06],
        "median": [7.24736746633e-05, 0.00184076733422, 0.000232353209867, 0.00016936432803, 0.000931339454837, 0.00029767077649, 0.00019534114108, 0.000114518552436, 0.000198212539544, 0.000157022077474, 0.00015360910038, 0.000268079602392, 0.000185254684766, 0.000316010497045, 0.000186965757166, 0.000210325844819, 0.00021400366677, 0.000289280782454, 0.00032558143721, 0.000322052743286, 0.000234314386034, 0.00015362459817, 0.000114377777209, 7.99815170467e-05, 3.88134212699e-05, 1.44816076499e-05, 8.20346372166e-07],
        "min": [7.88981403724e-25, 1.12555640312e-24, 1.07168045734e-24, 1.56574394367e-24, 1.15805719631e-23, 1.0460665579e-23, 3.09249114014e-24, 2.00815311375e-24, 1.36096791946e-23, 2.02311551743e-23, 1.46353687654e-23, 2.11711318522e-23, 3.11354721821e-23, 3.32580002663e-23, 4.03280399116e-23, 4.74213825081e-23, 7.03030566814e-23, 1.08093406792e-22, 1.02341802999e-22, 1.97083959851e-22, 2.33592745467e-22, 3.158961057e-22, 3.44572827813e-22, 5.63380830547e-22, 8.69709833137e-22, 1.31849328174e-21, 1.89873634862e-21],
        "var": [3.1058985428e-07, 0.00125807069708, 0.000328224035911, 6.94235859555e-05, 7.00273521943e-05, 2.51620713243e-06, 1.67098596648e-06, 5.86943031067e-07, 1.60381659953e-06, 1.36438791287e-06, 1.69918735082e-06, 6.14239161223e-06, 3.62428477274e-06, 5.39383108844e-06, 5.79628306241e-07, 4.90309446377e-07, 4.03858052778e-07, 3.58708291515e-07, 5.83193013881e-07, 4.48886680715e-07, 3.32565861072e-07, 1.20697961847e-06, 3.11174545686e-07, 1.8752990627e-07, 7.83415146088e-08, 2.24782947811e-09, 9.21766395851e-12]
    },
    "erbbands": {
        "dmean": [0.253459900618, 2.33996677399, 7.15309333801, 9.72212696075, 12.9976959229, 12.7372541428, 5.72756576538, 5.38275289536, 6.05986642838, 5.54874229431, 7.44132995605, 9.45932388306, 12.3068227768, 15.2276353836, 16.3450908661, 28.0038089752, 23.0627670288, 26.3062515259, 23.5010814667, 17.5754909515, 14.2313375473, 16.5773258209, 12.7237653732, 16.0082492828, 11.1614055634, 13.7203617096, 8.44648456573, 7.7834687233, 7.84725952148, 5.6251745224, 4.92209148407, 2.88662862778, 1.8920841217, 0.992150247097, 0.295859694481, 0.0771033093333, 0.0283054057509, 0.00626345537603, 0.000139551833854, 1.59478822752e-05],
        "dmean2": [0.22290687263, 2.33509421349, 10.2491264343, 16.2570610046, 23.3671188354, 22.9504680634, 9.59186840057, 8.57158660889, 9.36285305023, 8.85291957855, 11.7195100784, 14.923664093, 19.751996994, 23.1977977753, 25.0792312622, 42.6246910095, 36.3601341248, 41.5939712524, 37.2739334106, 28.9534111023, 22.9682197571, 27.0074005127, 20.3424530029, 25.7646255493, 17.2323646545, 21.2586097717, 13.1431312561, 11.8486166, 11.3817415237, 8.19523143768, 7.39676094055, 4.19037532806, 2.72647976875, 1.38703370094, 0.404691785574, 0.109558701515, 0.0412560403347, 0.00923938862979, 0.000204067648156, 1.81237319339e-05],
        "dvar": [0.170307442546, 17.7675457001, 317.320343018, 763.399291992, 1359.00476074, 1103.05786133, 119.004997253, 145.066513062, 174.937484741, 205.877212524, 258.59677124, 437.985961914, 669.183105469, 1170.8939209, 950.61895752, 4045.5949707, 2921.57739258, 2958.04101562, 3119.55395508, 896.459594727, 569.565002441, 792.119750977, 391.917541504, 638.596740723, 367.187713623, 727.991394043, 202.738708496, 229.07270813, 486.546081543, 215.084732056, 111.162956238, 37.9586639404, 24.0101890564, 8.95639514923, 0.807165920734, 0.0343491323292, 0.00317857344635, 0.000139687457704, 6.65239454634e-08, 2.96194652138e-10],
        "dvar2": [0.115612417459, 22.3078975677, 662.301940918, 1924.27783203, 3754.56201172, 3118.52172852, 315.257080078, 319.098114014, 409.53338623, 502.141174316, 549.257507324, 904.659301758, 1633.90686035, 2581.83569336, 2266.31347656, 8107.75390625, 6756.09179688, 7326.89794922, 6917.39941406, 2309.16918945, 1455.04223633, 2034.16027832, 932.067871094, 1620.21142578, 783.906616211, 1600.7265625, 460.361114502, 472.943695068, 946.497558594, 440.561309814, 229.953948975, 75.338722229, 45.9636001587, 17.1002368927, 1.41163265705, 0.0577113851905, 0.00626164115965, 0.00028813094832, 1.39346610695e-07, 4.85181450571e-10],
        "max": [4.08527040482, 41.3016815186, 136.18862915, 210.498626709, 272.805267334, 289.448516846, 268.233947754, 219.336959839, 272.963165283, 308.412109375, 445.101867676, 584.589782715, 419.791748047, 687.842468262, 375.327789307, 2378.94506836, 1557.85778809, 1450.94274902, 1611.66137695, 537.524963379, 504.173797607, 449.807647705, 428.686035156, 341.648986816, 538.357788086, 668.036193848, 256.085205078, 325.420654297, 642.503479004, 590.435241699, 350.939941406, 157.719589233, 115.128440857, 80.2861557007, 34.47706604, 7.17116785049, 1.35139989853, 0.241683244705, 0.00519001018256, 0.000277724699117],
        "mean": [0.65833324194, 5.04260635376, 7.4023976326, 7.5797958374, 10.3545560837, 12.0318059921, 7.53140640259, 7.47624635696, 8.902094841, 8.36315250397, 10.828502655, 12.885682106, 17.0883731842, 20.6082057953, 23.1650352478, 42.6917381287, 37.1855545044, 41.009727478, 39.3190155029, 28.3636283875, 24.3540096283, 26.8563079834, 24.2051792145, 30.05909729, 24.5315532684, 25.9186325073, 17.228635788, 15.9537639618, 15.7890558243, 10.9046039581, 7.87590885162, 5.10651159286, 3.39228534698, 1.79156732559, 0.549758791924, 0.153507769108, 0.0482889898121, 0.00945220980793, 0.00023710806272, 6.1855527747e-05],
        "median": [0.0713794380426, 0.37444293499, 0.773085415363, 0.67245054245, 1.90164351463, 2.66021847725, 2.49805569649, 2.36384153366, 2.94339609146, 2.47634935379, 3.36618161201, 4.07913017273, 6.024559021, 7.3105096817, 7.91635227203, 11.9682674408, 12.2167491913, 15.2280492783, 14.2497091293, 14.7119035721, 11.8204460144, 14.1956634521, 15.0697898865, 19.9321708679, 16.262796402, 15.3501567841, 9.97459602356, 7.96555805206, 5.63348007202, 4.2695941925, 3.21850562096, 1.96774578094, 1.15703177452, 0.562362730503, 0.206585586071, 0.072753354907, 0.0224098786712, 0.00431645661592, 0.000129100284539, 5.17095977557e-05],
        "min": [3.90744736689e-23, 3.9791428956e-22, 1.64403035318e-21, 5.15554331992e-21, 1.2756481331e-20, 4.6878005524e-20, 4.33103690797e-20, 7.53624869051e-20, 8.81550547981e-20, 1.03341974522e-19, 1.69032910609e-19, 3.18163571337e-19, 5.9890001169e-19, 7.81035669998e-19, 9.16144921409e-19, 1.43922168074e-18, 1.73063306785e-18, 2.11677876217e-18, 2.52092618137e-18, 2.53534269868e-18, 3.53190405129e-18, 4.5221633216e-18, 6.55631708034e-18, 5.23764270501e-18, 6.43996089229e-18, 9.0355080707e-18, 1.0204308486e-17, 9.03885980654e-18, 1.08497599995e-17, 1.11287192164e-17, 9.29352555609e-18, 1.18302593658e-17, 1.00004456881e-17, 7.20444700468e-18, 6.01032865881e-18, 4.60918148127e-18, 2.3085814735e-18, 8.82824638769e-19, 2.50648391807e-19, 2.84975708681e-20],
        "var": [1.10824215412, 70.0962371826, 380.470855713, 596.21270752, 874.4609375, 785.96697998, 165.676269531, 228.510787964, 327.415161133, 372.227111816, 444.853912354, 737.156188965, 988.667785645, 1690.04150391, 1571.25891113, 9642.29785156, 6378.890625, 5676.45898438, 7929.20166016, 1497.68054199, 1114.65344238, 1355.1237793, 885.145019531, 1352.87365723, 1162.4621582, 1352.48242188, 494.309265137, 760.69921875, 1639.89013672, 758.13671875, 262.931793213, 82.7351303101, 54.9381065369, 19.2317218781, 1.72550010681, 0.0838985517621, 0.00607697712258, 0.000219406138058, 1.07244851222e-07, 1.87297088949e-09]
    },
    "gfcc": {
        "mean": [-13.5338401794, 67.3083190918, -119.513420105, 43.6885604858, -49.257850647, 21.448890686, -29.1111526489, 8.6155424118, -23.192111969, 5.13460493088, -10.7162828445, 0.975430846214, -8.22515487671],
        "cov": [[17555.1953125, -1205.62231445, -2178.10546875, 687.875854492, -1122.67993164, 355.24786377, -834.314880371, 153.298522949, -528.342834473, 49.4175415039, -442.895294189, 230.068740845, -368.477539062], [-1205.62231445, 2352.88085938, 1076.08337402, 85.5860595703, 891.291870117, -60.5918540955, 418.949798584, -29.6393241882, 170.935256958, -100.775337219, 150.112808228, -139.561294556, 118.055091858], [-2178.10546875, 1076.08337402, 2174.40185547, 405.697143555, 494.524383545, 118.08380127, 153.211715698, 22.6699790955, 150.926483154, -99.3201141357, -41.0751190186, -62.2078819275, 15.6459083557], [687.875854492, 85.5860595703, 405.697143555, 643.746582031, 263.893890381, 148.640472412, 140.95350647, 98.6343536377, 91.0737228394, 23.7013435364, 45.7067680359, -0.953768730164, 24.2216186523], [-1122.67993164, 891.291870117, 494.524383545, 263.893890381, 964.111083984, 291.360626221, 503.994049072, 129.622009277, 209.891876221, 52.486125946, 170.85559082, -41.2141990662, 93.3942337036], [355.24786377, -60.5918540955, 118.08380127, 148.640472412, 291.360626221, 456.161560059, 233.135345459, 65.5065917969, 67.2776412964, 66.8455047607, 39.9537582397, 26.2657356262, 11.0723819733], [-834.314880371, 418.949798584, 153.211715698, 140.95350647, 503.994049072, 233.135345459, 471.335571289, 102.286804199, 158.342514038, 73.9310302734, 156.444869995, -2.15597510338, 77.0893859863], [153.298522949, -29.6393241882, 22.6699790955, 98.6343536377, 129.622009277, 65.5065917969, 102.286804199, 227.150558472, 116.721199036, 31.7363071442, 37.3454399109, 26.1494140625, 48.6407775879], [-528.342834473, 170.935256958, 150.926483154, 91.0737228394, 209.891876221, 67.2776412964, 158.342514038, 116.721199036, 199.347640991, 58.9550170898, 82.6551132202, 11.802113533, 63.8317832947], [49.4175415039, -100.775337219, -99.3201141357, 23.7013435364, 52.486125946, 66.8455047607, 73.9310302734, 31.7363071442, 58.9550170898, 145.190216064, 93.3671798706, 21.5291652679, 20.2102451324], [-442.895294189, 150.112808228, -41.0751190186, 45.7067680359, 170.85559082, 39.9537582397, 156.444869995, 37.3454399109, 82.6551132202, 93.3671798706, 197.879577637, 18.3958644867, 55.5014152527], [230.068740845, -139.561294556, -62.2078819275, -0.953768730164, -41.2141990662, 26.2657356262, -2.15597510338, 26.1494140625, 11.802113533, 21.5291652679, 18.3958644867, 110.339233398, 19.2775936127], [-368.477539062, 118.055091858, 15.6459083557, 24.2216186523, 93.3942337036, 11.0723819733, 77.0893859863, 48.6407775879, 63.8317832947, 20.2102451324, 55.5014152527, 19.2775936127, 112.052024841]],
        "icov": [[0.000189173704712, -0.000391670153476, 0.000346461602021, -0.000493259867653, 0.000323421350913, -0.000505069445353, 0.000445067504188, -0.00050597084919, 0.000395961833419, -0.000455633795355, 0.000419966730988, -0.000441953830887, 0.000511403603014], [-0.000391670153476, 0.00201071379706, -0.00111158250365, 0.00136000581551, -0.00167199934367, 0.0018301482778, -0.0012603335781, 0.00164634163957, -0.00092666875571, 0.00184140983038, -0.00137017969973, 0.00151178485248, -0.00156567944214], [0.000346461602021, -0.00111158250365, 0.00142080034129, -0.00133541726973, 0.000578180479351, -0.00119951344095, 0.00114237167872, -0.000742814328987, 8.06910975371e-05, -0.000613180280197, 0.00120795005932, -0.000939379096963, 0.00120180356316], [-0.000493259867653, 0.00136000581551, -0.00133541726973, 0.00340000307187, -0.00135470053647, 0.0011584298918, -0.00111871073022, 0.000809206627309, -0.000993174850009, 0.0013468451798, -0.00150261900853, 0.0013572848402, -0.00133676535916], [0.000323421350913, -0.00167199934367, 0.000578180479351, -0.00135470053647, 0.00434563541785, -0.0020674651023, -0.00127139640972, -0.00148949294817, 0.000239308239543, -0.000749495637137, 0.000368416222045, -0.000143740136991, 0.000981861143373], [-0.000505069445353, 0.0018301482778, -0.00119951344095, 0.0011584298918, -0.0020674651023, 0.00547502981499, -0.00305903842673, 0.00154606206343, -0.000481653609313, 2.85221103695e-05, 0.00018874205125, 0.000379741628421, -0.000945978448726], [0.000445067504188, -0.0012603335781, 0.00114237167872, -0.00111871073022, -0.00127139640972, -0.00305903842673, 0.0077541670762, -0.00149334105663, -0.000424698344432, -0.000819776614662, -0.00123876181897, -0.000838891544845, 0.000696970324498], [-0.00050597084919, 0.00164634163957, -0.000742814328987, 0.000809206627309, -0.00148949294817, 0.00154606206343, -0.00149334105663, 0.00861528236419, -0.00503107672557, 0.00193160958588, -0.000346517888829, 0.000380725890864, -0.00246957619675], [0.000395961833419, -0.00092666875571, 8.06910975371e-05, -0.000993174850009, 0.000239308239543, -0.000481653609313, -0.000424698344432, -0.00503107672557, 0.0119239380583, -0.00381170329638, 0.000272812845651, -0.000927203393076, -0.00127463089302], [-0.000455633795355, 0.00184140983038, -0.000613180280197, 0.0013468451798, -0.000749495637137, 2.85221103695e-05, -0.000819776614662, 0.00193160958588, -0.00381170329638, 0.0137574672699, -0.00681440904737, 0.00111801805906, -0.000423563062213], [0.000419966730988, -0.00137017969973, 0.00120795005932, -0.00150261900853, 0.000368416222045, 0.00018874205125, -0.00123876181897, -0.000346517888829, 0.000272812845651, -0.00681440904737, 0.0118434745818, -0.00233615166508, -0.000732995104045], [-0.000441953830887, 0.00151178485248, -0.000939379096963, 0.0013572848402, -0.000143740136991, 0.000379741628421, -0.000838891544845, 0.000380725890864, -0.000927203393076, 0.00111801805906, -0.00233615166508, 0.0119734555483, -0.00329044950195], [0.000511403603014, -0.00156567944214, 0.00120180356316, -0.00133676535916, 0.000981861143373, -0.000945978448726, 0.000696970324498, -0.00246957619675, -0.00127463089302, -0.000423563062213, -0.000732995104045, -0.00329044950195, 0.013976152055]]
    },
    "melbands": {
        "dmean": [0.00232730922289, 0.0030470516067, 0.00159690354485, 0.00100622593891, 0.000244399881922, 0.00012046565098, 8.95370758371e-05, 5.81198946747e-05, 6.97104478604e-05, 5.99213090027e-05, 6.55303447274e-05, 6.43899984425e-05, 5.8899873693e-05, 5.46761148144e-05, 9.48528540903e-05, 5.01039539813e-05, 5.39495886187e-05, 4.71755738545e-05, 2.98787690554e-05, 2.46908057306e-05, 1.61228927027e-05, 2.02248829737e-05, 1.22742731037e-05, 1.32942050186e-05, 1.41533455462e-05, 1.03443671833e-05, 9.24885534914e-06, 9.86813302006e-06, 5.62640116186e-06, 4.8243728088e-06, 4.91837454319e-06, 4.9857585509e-06, 4.10726670452e-06, 2.77613003163e-06, 3.27438579006e-06, 1.98985208044e-06, 1.77229787823e-06, 1.42225064792e-06, 1.15974194159e-06, 7.76570459493e-07],
        "dmean2": [0.00213755248114, 0.00365154398605, 0.00254609738477, 0.00181858800352, 0.000417111790739, 0.000190169957932, 0.000139527313877, 9.31247050175e-05, 0.000109364744276, 9.52510308707e-05, 0.000105083854578, 9.86793093034e-05, 9.0504749096e-05, 8.37026746012e-05, 0.000149355415488, 7.77272944106e-05, 8.61201624502e-05, 7.47652156861e-05, 4.9331531045e-05, 4.11125984101e-05, 2.60201759374e-05, 3.33677307935e-05, 2.01748571271e-05, 2.1407226086e-05, 2.30272216868e-05, 1.62130581884e-05, 1.46241372931e-05, 1.54736881086e-05, 8.84265773493e-06, 7.75474109105e-06, 7.51321749703e-06, 7.33485057935e-06, 5.99509894528e-06, 4.2410460992e-06, 5.05049683852e-06, 2.93650100502e-06, 2.60874776359e-06, 2.07608877645e-06, 1.66314805483e-06, 1.11789552193e-06],
        "dvar": [1.4818658201e-05, 4.15200447605e-05, 1.78402060556e-05, 7.4080048762e-06, 2.55100047752e-07, 6.27341023574e-08, 3.78062843254e-08, 2.09124433326e-08, 2.14129034504e-08, 1.61333488791e-08, 2.01328997917e-08, 1.91643785286e-08, 1.46085801234e-08, 1.63586832969e-08, 4.2949860557e-08, 2.37248602986e-08, 1.28303812019e-08, 1.60223230239e-08, 3.40035399837e-09, 2.28586327644e-09, 8.58653703695e-10, 1.33962285709e-09, 4.24882462546e-10, 4.34708907759e-10, 5.35336275309e-10, 5.01058805558e-10, 2.39934488944e-10, 4.30302793397e-10, 9.00953756044e-11, 7.5737381644e-11, 1.06048780868e-10, 2.39314651429e-10, 1.09013520433e-10, 5.64002664016e-11, 5.45671979824e-11, 1.55646225075e-11, 1.72351560107e-11, 1.4952475022e-11, 1.00420114932e-11, 6.14850054551e-12],
        "dvar2": [1.19758060464e-05, 7.04018821125e-05, 4.14046226069e-05, 2.07813372981e-05, 7.06968705799e-07, 1.3799231624e-07, 9.04072905428e-08, 5.11943092363e-08, 4.41736354162e-08, 3.50748621258e-08, 4.91814624581e-08, 4.31667501744e-08, 3.33785799e-08, 3.63599674813e-08, 9.57265626766e-08, 5.06729449512e-08, 3.22597344393e-08, 3.46612623048e-08, 8.98228424973e-09, 6.08180217299e-09, 2.19584750383e-09, 3.48502671166e-09, 1.05472108825e-09, 1.04219444186e-09, 1.39053546455e-09, 1.06504982611e-09, 5.36280131413e-10, 9.65243107665e-10, 2.09217795866e-10, 1.81634415841e-10, 2.25092375294e-10, 4.89501994494e-10, 2.11895070934e-10, 1.24086615982e-10, 1.20819257377e-10, 3.04479913504e-11, 3.62911055374e-11, 3.07194512883e-11, 1.94312847063e-11, 1.25525336653e-11],
        "max": [0.0385516025126, 0.0537050701678, 0.0322976224124, 0.0192443467677, 0.00780811160803, 0.00432989187539, 0.00438490509987, 0.00290776486509, 0.00361500540748, 0.00314503279515, 0.0023397274781, 0.00254237512127, 0.00185279210564, 0.00323309516534, 0.00625117821619, 0.00521855056286, 0.00308361835778, 0.00362413981929, 0.000944435305428, 0.000787562923506, 0.000530220742803, 0.000599594437517, 0.000315205019433, 0.000304941640934, 0.000317135971272, 0.000735552748665, 0.000292249314953, 0.000547832343727, 0.000153334316565, 0.000155957575771, 0.0002350378345, 0.000508625875227, 0.000358895253157, 0.000310938572511, 0.000266463524895, 0.000111210851173, 8.61175140017e-05, 9.0191460913e-05, 6.92771354807e-05, 7.22981712897e-05],
        "mean": [0.00621400121599, 0.00496131181717, 0.00138141354546, 0.000871202792041, 0.000304663757561, 0.000172375453985, 0.000131723776576, 8.36645558593e-05, 9.95994341793e-05, 8.12313592178e-05, 8.84217297425e-05, 8.46620459924e-05, 7.90562771726e-05, 8.07169417385e-05, 0.000135604859679, 7.1373055107e-05, 7.9349752923e-05, 7.33364067855e-05, 4.13399902754e-05, 3.55499469151e-05, 2.49954500759e-05, 2.91116502922e-05, 2.04374464374e-05, 2.33247446886e-05, 2.4398239475e-05, 2.08236870094e-05, 1.67464222613e-05, 1.70897055796e-05, 1.06830584627e-05, 8.85607369128e-06, 9.37808454182e-06, 9.19264675758e-06, 7.80522532295e-06, 5.14715793543e-06, 4.87160286866e-06, 3.30345301336e-06, 3.02754915538e-06, 2.45308706326e-06, 1.97536269297e-06, 1.350042794e-06],
        "median": [0.000559117645025, 0.000478761212435, 0.000158644310432, 0.000198388268473, 9.20318125281e-05, 5.64672118344e-05, 4.42430464318e-05, 2.13767707464e-05, 2.50123957812e-05, 2.35634688579e-05, 2.61663481069e-05, 2.77901144727e-05, 2.35058141698e-05, 2.15889376705e-05, 3.11091498588e-05, 1.67206690094e-05, 2.73603072856e-05, 1.9838764274e-05, 1.60687432071e-05, 1.57089816639e-05, 1.07062660391e-05, 1.35999971462e-05, 1.07412543002e-05, 1.42205462907e-05, 1.50206333274e-05, 1.17012968985e-05, 1.03698948806e-05, 9.13324038265e-06, 5.95491110289e-06, 4.9501304602e-06, 4.13748512074e-06, 3.02532635033e-06, 2.63183414972e-06, 2.06786307899e-06, 1.84161069683e-06, 1.37115989673e-06, 1.06193260763e-06, 8.37706295442e-07, 5.95068115672e-07, 4.16911348111e-07],
        "min": [7.81021994406e-25, 1.09520665612e-24, 1.2421991515e-24, 2.21883873166e-24, 1.78764795251e-24, 1.77582549134e-24, 1.24483000262e-24, 1.04517837941e-24, 1.71240127178e-24, 1.82820250279e-24, 2.99050089143e-24, 2.6373477829e-24, 2.20380757876e-24, 2.5550802401e-24, 3.54275539269e-24, 3.58537794183e-24, 3.7028547134e-24, 2.87310359759e-24, 3.95757711084e-24, 3.34015855729e-24, 3.65859725003e-24, 3.84530682123e-24, 4.07313773927e-24, 5.30830340694e-24, 3.6754658572e-24, 4.25243359568e-24, 4.06677123734e-24, 4.57417012145e-24, 5.46752866977e-24, 4.46616244175e-24, 4.88965768555e-24, 4.87507243627e-24, 5.56123154025e-24, 5.49333270441e-24, 4.96291959225e-24, 6.0390674675e-24, 6.10679945926e-24, 6.50033376588e-24, 6.57296616157e-24, 4.95946477592e-24],
        "var": [9.29653760977e-05, 8.91701711225e-05, 1.62341893883e-05, 4.79249956697e-06, 2.86316264919e-07, 1.04561429737e-07, 6.54480416529e-08, 3.58727447747e-08, 3.93196870618e-08, 2.7761396737e-08, 2.93315984834e-08, 2.73584817023e-08, 2.22703402386e-08, 3.25090141473e-08, 9.31894703626e-08, 5.00267951509e-08, 2.36757671246e-08, 3.98145942881e-08, 4.85090279057e-09, 3.25999627293e-09, 1.4527790082e-09, 1.98526284301e-09, 7.51747442074e-10, 8.87130535698e-10, 1.00750963128e-09, 1.52730295078e-09, 4.56682053285e-10, 7.22065907066e-10, 2.01919564402e-10, 1.63837873823e-10, 3.24626575621e-10, 6.67208732708e-10, 3.7584854673e-10, 1.78328116163e-10, 1.13457611362e-10, 3.39274060235e-11, 3.31569147138e-11, 3.02515026918e-11, 2.25123097247e-11, 1.17877435243e-11]
    },
    "mfcc": {
        "mean": [-648.386535645, 93.087059021, -4.13989067078, 26.7506198883, 6.31788492203, 13.7358446121, 9.48936843872, 5.47171497345, -0.321991235018, 4.61414194107, 0.285620212555, 1.05510497093, -0.909557104111],
        "cov": [[10361.6054688, -1981.60327148, -1143.89672852, -269.933929443, -393.815917969, -137.935821533, -398.527709961, -20.5200901031, -289.128143311, -187.12538147, -169.66229248, -171.963302612, -116.59186554], [-1981.60327148, 2449.27270508, 516.106079102, 426.468292236, 487.590484619, 210.32434082, 349.465789795, 140.488128662, 181.595336914, 122.661048889, 52.2061653137, 98.6405944824, 15.1031131744], [-1143.89672852, 516.106079102, 1534.11254883, 328.15222168, 317.869018555, 100.56829834, -38.0176124573, 48.6766624451, 91.4652709961, -44.9334602356, -0.0809541717172, -10.8388910294, -51.5674285889], [-269.933929443, 426.468292236, 328.15222168, 600.715332031, 300.903808594, 100.887519836, 163.524963379, 107.156768799, 120.81854248, 76.1472473145, 65.8961105347, 92.5813827515, 24.7854576111], [-393.815917969, 487.590484619, 317.869018555, 300.903808594, 449.452697754, 207.298034668, 206.734893799, 164.371566772, 160.111633301, 111.774421692, 66.6864471436, 71.6943283081, 31.9702148438], [-137.935821533, 210.32434082, 100.56829834, 100.887519836, 207.298034668, 451.203887939, 273.768768311, 148.47984314, 103.867004395, 112.286071777, 97.6531143188, 51.2628746033, 54.7364616394], [-398.527709961, 349.465789795, -38.0176124573, 163.524963379, 206.734893799, 273.768768311, 378.980133057, 156.804977417, 117.277832031, 141.386856079, 106.439666748, 86.0811080933, 71.6959228516], [-20.5200901031, 140.488128662, 48.6766624451, 107.156768799, 164.371566772, 148.47984314, 156.804977417, 238.380844116, 147.423995972, 70.8848800659, 60.4451637268, 59.1843833923, 44.0480537415], [-289.128143311, 181.595336914, 91.4652709961, 120.81854248, 160.111633301, 103.867004395, 117.277832031, 147.423995972, 202.457077026, 98.1615219116, 51.6084861755, 47.7417678833, 30.8359298706], [-187.12538147, 122.661048889, -44.9334602356, 76.1472473145, 111.774421692, 112.286071777, 141.386856079, 70.8848800659, 98.1615219116, 183.073425293, 81.2261276245, 49.5622253418, 53.5121574402], [-169.66229248, 52.2061653137, -0.0809541717172, 65.8961105347, 66.6864471436, 97.6531143188, 106.439666748, 60.4451637268, 51.6084861755, 81.2261276245, 129.09022522, 67.8027572632, 44.1763153076], [-171.963302612, 98.6405944824, -10.8388910294, 92.5813827515, 71.6943283081, 51.2628746033, 86.0811080933, 59.1843833923, 47.7417678833, 49.5622253418, 67.8027572632, 114.437789917, 64.2602310181], [-116.59186554, 15.1031131744, -51.5674285889, 24.7854576111, 31.9702148438, 54.7364616394, 71.6959228516, 44.0480537415, 30.8359298706, 53.5121574402, 44.1763153076, 64.2602310181, 111.274665833]],
