{
"lowlevel": {
    "average_loudness": 0.925231695175,
    "barkbands_crest": {
        "dmean": 2.57258439064,
        "dmean2": 3.39333176613,
        "dvar": 6.53282356262,
        "dvar2": 9.7975025177,
        "max": 26.5727672577,
        "mean": 11.3802089691,
        "median": 9.28187465668,
        "min": 2.43715786934,
        "var": 34.2602348328
    },
    "barkbands_flatness_db": {
        "dmean": 0.0287217218429,
        "dmean2": 0.0383403971791,
        "dvar": 0.000708665931597,
        "dvar2": 0.00133362668566,
        "max": 0.404367178679,
        "mean": 0.147115573287,
        "median": 0.135869830847,
        "min": 0.0313063748181,
        "var": 0.00393627770245
    },
    "barkbands_kurtosis": {
        "dmean": 7.15591287613,
        "dmean2": 9.90009212494,
        "dvar": 263.679870605,
        "dvar2": 449.128814697,
        "max": 421.875640869,
        "mean": 12.4232025146,
        "median": 4.80818414688,
        "min": -1.92155766487,
        "var": 696.464294434
    },
    "barkbands_skewness": {
        "dmean": 0.758638560772,
        "dmean2": 1.00134134293,
        "dvar": 0.857629179955,
        "dvar2": 1.41196274757,
        "max": 18.0237102509,
        "mean": 2.54414415359,
        "median": 2.11979532242,
        "min": -2.43097734451,
        "var": 3.91811609268
    },
    "barkbands_spread": {
        "dmean": 7.68278598785,
        "dmean2": 11.1399841309,
        "dvar": 90.912727356,
        "dvar2": 206.408218384,
        "max": 108.185943604,
        "mean": 20.6398620605,
        "median": 16.8606357574,
        "min": 0.365069001913,
        "var": 234.265701294
    },
    "dissonance": {
        "dmean": 0.0185651741922,
        "dmean2": 0.0310548022389,
        "dvar": 0.000353550334694,
        "dvar2": 0.000986606813967,
        "max": 0.500000059605,
        "mean": 0.462091863155,
        "median": 0.46810784936,
        "min": 0.237176045775,
        "var": 0.000741132884286
    },
    "dynamic_complexity": 2.75398564339,
    "erbbands_crest": {
        "dmean": 2.24918293953,
        "dmean2": 3.55837082863,
        "dvar": 4.49942684174,
        "dvar2": 10.5952291489,
        "max": 26.1288795471,
        "mean": 7.67023515701,
        "median": 6.8614153862,
        "min": 2.17282819748,
        "var": 12.1325454712
    },
    "erbbands_flatness_db": {
        "dmean": 0.0200040973723,
        "dmean2": 0.0296527221799,
        "dvar": 0.000476542918477,
        "dvar2": 0.000993322464637,
        "max": 0.355266869068,
        "mean": 0.128334090114,
        "median": 0.11768694222,
        "min": 0.0529849529266,
        "var": 0.00219444138929
    },
    "erbbands_kurtosis": {
        "dmean": 0.889430642128,
        "dmean2": 1.39964079857,
        "dvar": 1.80029475689,
        "dvar2": 4.41054058075,
        "max": 34.9321784973,
        "mean": 0.331364572048,
        "median": -0.237976551056,
        "min": -1.87781643867,
        "var": 3.67635965347
    },
    "erbbands_skewness": {
        "dmean": 0.387074321508,
        "dmean2": 0.578207015991,
        "dvar": 0.157238051295,
        "dvar2": 0.348255574703,
        "max": 4.98972272873,
        "mean": 0.427660137415,
        "median": 0.42703178525,
        "min": -3.41823935509,
        "var": 0.508439064026
    },
    "erbbands_spread": {
        "dmean": 12.0212421417,
        "dmean2": 18.2138690948,
        "dvar": 198.13142395,
        "dvar2": 448.235595703,
        "max": 173.595809937,
        "mean": 49.8785743713,
        "median": 47.2792015076,
        "min": 5.00424337387,
        "var": 531.21673584
    },
    "hfc": {
        "dmean": 9.96338748932,
        "dmean2": 13.8928442001,
        "dvar": 162.682189941,
        "dvar2": 353.325378418,
        "max": 164.893920898,
        "mean": 24.0557060242,
        "median": 19.223449707,
        "min": 1.08895938745e-16,
        "var": 373.104400635
    },
    "melbands_crest": {
        "dmean": 3.4123005867,
        "dmean2": 5.09827136993,
        "dvar": 10.4095640182,
        "dvar2": 23.0274124146,
        "max": 32.2944374084,
        "mean": 15.9273452759,
        "median": 14.2930603027,
        "min": 1.67265105247,
        "var": 43.1994667053
    },
    "melbands_flatness_db": {
        "dmean": 0.0321756117046,
        "dmean2": 0.0415019467473,
        "dvar": 0.000930065638386,
        "dvar2": 0.00169465923682,
        "max": 0.523942530155,
        "mean": 0.223007172346,
        "median": 0.212536424398,
        "min": 0.00321890995838,
        "var": 0.00679773557931
    },
    "melbands_kurtosis": {
        "dmean": 15.7935295105,
        "dmean2": 22.3188877106,
        "dvar": 736.78125,
        "dvar2": 1434.2512207,
        "max": 533.91027832,
        "mean": 32.4174499512,
        "median": 17.5503692627,
        "min": -1.89178431034,
        "var": 1923.31213379
    },
    "melbands_skewness": {
        "dmean": 1.08019888401,
        "dmean2": 1.48283064365,
        "dvar": 1.41311430931,
        "dvar2": 2.66928601265,
        "max": 19.7660999298,
        "mean": 4.02049446106,
        "median": 3.5932059288,
        "min": -0.748573243618,
        "var": 5.96535158157
    },
    "melbands_spread": {
        "dmean": 6.14397478104,
        "dmean2": 8.86580657959,
        "dvar": 112.383811951,
        "dvar2": 244.693725586,
        "max": 223.169296265,
        "mean": 17.8126659393,
        "median": 13.0590057373,
        "min": 0.422435849905,
        "var": 380.277648926
    },
    "pitch_salience": {
        "dmean": 0.0849228203297,
        "dmean2": 0.120268575847,
        "dvar": 0.00817222520709,
        "dvar2": 0.0156596880406,
        "max": 0.973298490047,
        "mean": 0.509349107742,
        "median": 0.548490345478,
        "min": 0.0516608767211,
        "var": 0.0296069104224
    },
    "silence_rate_20dB": {
        "dmean": 0,
        "dmean2": 0,
        "dvar": 0,
        "dvar2": 0,
        "max": 1,
        "mean": 1,
        "median": 1,
        "min": 1,
        "var": 0
    },
    "silence_rate_30dB": {
        "dmean": 0.0882321670651,
        "dmean2": 0.176483094692,
        "dvar": 0.0804538354278,
        "dvar2": 0.145967572927,
        "max": 1,
        "mean": 0.840029776096,
        "median": 1,
        "min": 0,
        "var": 0.134384796023
    },
    "silence_rate_60dB": {
        "dmean": 0.0176464337856,
        "dmean2": 0.0352966189384,
        "dvar": 0.0173348300159,
        "dvar2": 0.0419224686921,
        "max": 1,
        "mean": 0.0497448965907,
        "median": 0,
        "min": 0,
        "var": 0.0472682341933
    },
    "spectral_centroid": {
        "dmean": 273.092773438,
        "dmean2": 394.98425293,
        "dvar": 113493.257812,
        "dvar2": 221812.96875,
        "max": 11751.1005859,
        "mean": 1271.79516602,
        "median": 1053.51733398,
        "min": 124.635299683,
        "var": 1314803.875
    },
    "spectral_complexity": {
        "dmean": 4.37078762054,
        "dmean2": 6.40888786316,
        "dvar": 22.1757545471,
        "dvar2": 41.5830421448,
        "max": 53,
        "mean": 18.7330989838,
        "median": 17,
        "min": 0,
        "var": 92.8441696167
    },
    "spectral_decrease": {
        "dmean": 4.54846560416e-09,
        "dmean2": 5.41085931616e-09,
        "dvar": 3.39403686597e-17,
        "dvar2": 4.78641146224e-17,
        "max": 2.84569293755e-28,
        "mean": -1.3136495447e-08,
        "median": -9.7943235744e-09,
        "min": -6.69915536378e-08,
        "var": 1.4132073716e-16
    },
    "spectral_energy": {
        "dmean": 0.0177076067775,
        "dmean2": 0.0211985260248,
        "dvar": 0.000498978770338,
        "dvar2": 0.000711220141966,
        "max": 0.255461186171,
        "mean": 0.051762085408,
        "median": 0.0391906425357,
        "min": 9.88843692871e-21,
        "var": 0.00206898665056
    },
    "spectral_energyband_high": {
        "dmean": 0.000828840187751,
        "dmean2": 0.00117167085409,
        "dvar": 1.64327877883e-06,
        "dvar2": 3.56659916179e-06,
        "max": 0.0199973769486,
        "mean": 0.00134553259704,
        "median": 0.000592468772084,
        "min": 7.15176722542e-21,
        "var": 3.18376373798e-06
    },
    "spectral_energyband_low": {
        "dmean": 0.0151603752747,
        "dmean2": 0.0187849625945,
        "dvar": 0.000606941001024,
        "dvar2": 0.000969216867816,
        "max": 0.251674294472,
        "mean": 0.0338929593563,
        "median": 0.0200859792531,
        "min": 1.14239168091e-23,
        "var": 0.00179109035525
    },
    "spectral_energyband_middle_high": {
        "dmean": 0.00148384284694,
        "dmean2": 0.00218820036389,
        "dvar": 3.16569116876e-06,
        "dvar2": 6.72164333082e-06,
        "max": 0.0357346199453,
        "mean": 0.00394310103729,
        "median": 0.00314549379982,
        "min": 1.08586923223e-21,
        "var": 1.15050588647e-05
    },
    "spectral_energyband_middle_low": {
        "dmean": 0.00886295828968,
        "dmean2": 0.01530142501,
        "dvar": 0.000313488882966,
        "dvar2": 0.000875019992236,
        "max": 0.124576970935,
        "mean": 0.0146807665005,
        "median": 0.0110477469862,
        "min": 1.69922040002e-22,
        "var": 0.000257112085819
    },
    "spectral_entropy": {
        "dmean": 0.215260758996,
        "dmean2": 0.317008882761,
        "dvar": 0.0486980117857,
        "dvar2": 0.111680582166,
        "max": 9.82351970673,
        "mean": 7.65661859512,
        "median": 7.71101570129,
        "min": 5.53165626526,
        "var": 0.229538798332
    },
    "spectral_flux": {
        "dmean": 0.0443527363241,
        "dmean2": 0.0594380497932,
        "dvar": 0.00229849899188,
        "dvar2": 0.0035141594708,
        "max": 0.476656615734,
        "mean": 0.109630078077,
        "median": 0.0808800905943,
        "min": 6.46458095388e-11,
        "var": 0.00691992975771
    },
    "spectral_kurtosis": {
        "dmean": 1.38365447521,
        "dmean2": 2.1808950901,
        "dvar": 2.75321125984,
        "dvar2": 6.99966955185,
        "max": 55.140537262,
        "mean": 3.66832280159,
        "median": 3.00861525536,
        "min": -1.28902053833,
        "var": 10.8478326797
    },
    "spectral_rms": {
        "dmean": 0.0012028652709,
        "dmean2": 0.00144734873902,
        "dvar": 1.74981209966e-06,
        "dvar2": 2.46937247539e-06,
        "max": 0.0157870333642,
        "mean": 0.00638321787119,
        "median": 0.00618342729285,
        "min": 3.10600308494e-12,
        "var": 9.75430248218e-06
    },
    "spectral_rolloff": {
        "dmean": 582.928955078,
        "dmean2": 955.072631836,
        "dvar": 1324866.125,
        "dvar2": 3208519.75,
        "max": 19681.3476562,
        "mean": 1291.14880371,
        "median": 645.99609375,
        "min": 64.599609375,
        "var": 4991152.5
    },
    "spectral_skewness": {
        "dmean": 0.248777732253,
        "dmean2": 0.368014335632,
        "dvar": 0.0705987289548,
        "dvar2": 0.147275343537,
        "max": 5.82694339752,
        "mean": 1.54032146931,
        "median": 1.49446749687,
        "min": -0.186685234308,
        "var": 0.337932407856
    },
    "spectral_spread": {
        "dmean": 1063092.75,
        "dmean2": 1591786.25,
        "dvar": 1.67438044365e+12,
        "dvar2": 3.65536241254e+12,
        "max": 42405584,
        "mean": 6175590.5,
        "median": 5495458.5,
        "min": 1511275.625,
        "var": 1.48523838341e+13
    },
    "spectral_strongpeak": {
        "dmean": 0.337726265192,
        "dmean2": 0.547370731831,
        "dvar": 0.21443900466,
        "dvar2": 0.531729221344,
        "max": 7.4971036911,
        "mean": 0.606047987938,
        "median": 0.462500751019,
        "min": 0,
        "var": 0.34117013216
    },
    "zerocrossingrate": {
        "dmean": 0.0142039135098,
        "dmean2": 0.0162734799087,
        "dvar": 0.000212556944462,
        "dvar2": 0.000268306845101,
        "max": 0.52294921875,
        "mean": 0.0590527579188,
        "median": 0.04833984375,
        "min": 0.00244140625,
        "var": 0.00322760920972
    },
    "barkbands": {
        "dmean": [0.000231925951084, 0.0123638687655, 0.0076745073311, 0.00349948741496, 0.00388125795871, 0.00148581457324, 0.000809333287179, 0.000772148894612, 0.000630293157883, 0.000397102383431, 0.000421429926064, 0.000476136337966, 0.000201166170882, 0.000171302977833, 0.000181831142982, 0.000126585175167, 0.000171874155058, 0.000164063982083, 0.000126613565953, 0.000150635343743, 0.000139308249345, 0.000125015649246, 0.000201713672141, 0.000141684970004, 0.000160331241204, 9.53057897277e-05, 4.98799181514e-06],
        "dmean2": [0.00033627229277, 0.0148545494303, 0.0132814273238, 0.00639491621405, 0.00694288872182, 0.00249863462523, 0.00128603179473, 0.00120999035425, 0.000888394191861, 0.000595608667936, 0.000657550815959, 0.000779619149398, 0.000319258164382, 0.000270650052698, 0.000291442731395, 0.000200209004106, 0.00026220586733, 0.00025337463012, 0.0001915514149, 0.000221319234697, 0.000209291887586, 0.000191194107174, 0.000293803459499, 0.000212790153455, 0.000239630564465, 0.000141480370075, 7.78306730354e-06],
        "dvar": [1.2403693006e-07, 0.000477597350255, 0.000380066310754, 8.79863873706e-05, 7.33792257961e-05, 1.00811084849e-05, 2.14355486605e-06, 1.60030299412e-06, 1.46423656133e-06, 8.30570058952e-07, 4.41921514494e-07, 7.74707018536e-07, 9.61974748748e-08, 8.04327626724e-08, 7.79865203526e-08, 3.91444174852e-08, 9.54819583399e-08, 5.66060123219e-08, 4.10793283834e-08, 5.21332417236e-08, 5.27025214581e-08, 4.43739622824e-08, 1.4431516604e-07, 1.07760790513e-07, 7.29228588625e-08, 3.15303481102e-08, 1.14312122268e-10],
        "dvar2": [2.40941176344e-07, 0.000751608982682, 0.0010103987297, 0.000250061013503, 0.000208727942663, 3.07806549245e-05, 5.20809226146e-06, 3.91945604861e-06, 2.5209674277e-06, 1.73127079961e-06, 1.00141107851e-06, 1.94597259906e-06, 2.31051814126e-07, 1.85120526908e-07, 1.78865320777e-07, 9.07410964146e-08, 2.16856946622e-07, 1.26698509462e-07, 8.47908481205e-08, 1.02300759863e-07, 1.12623062876e-07, 1.05999518496e-07, 3.02817625197e-07, 2.3008372807e-07, 1.70682710632e-07, 7.12424252924e-08, 2.63440269599e-10],
        "max": [0.00489603215829, 0.188600093126, 0.182336300611, 0.0849368423223, 0.0746043622494, 0.0492714419961, 0.0384561941028, 0.0253249593079, 0.0312287863344, 0.0209386814386, 0.0116410618648, 0.0286033134907, 0.00523288594559, 0.00836441386491, 0.00441962620243, 0.0058735460043, 0.00825886707753, 0.00385817652568, 0.00379549409263, 0.00466507021338, 0.00435091508552, 0.00390769215301, 0.00673063565046, 0.0107774520293, 0.00476315198466, 0.00166431756224, 0.000106849984149],
        "mean": [0.000407597777667, 0.0228886511177, 0.00868795998394, 0.00369874830358, 0.00448730448261, 0.00220287707634, 0.00135041342583, 0.00129311718047, 0.00124185637105, 0.00072252744576, 0.000714765046723, 0.000664849649183, 0.00032211173675, 0.000269872747594, 0.000283039204078, 0.000210131227504, 0.000293160381261, 0.000288376555545, 0.000225209456403, 0.000274339166936, 0.000235593004618, 0.000198006688152, 0.000276951206615, 0.000216705680941, 0.000196367924218, 0.000106084953586, 5.26448366145e-06],
        "median": [0.000144323727, 0.00871302187443, 0.00471788085997, 0.000756870722398, 0.00217531481758, 0.00118696922436, 0.000565601570997, 0.000549279269762, 0.000401252997108, 0.000258652638877, 0.000342944724252, 0.000286080874503, 0.00015929559595, 0.000137857248774, 0.000152704975335, 0.000115609909699, 0.000133656954858, 0.000146954582306, 9.70721521298e-05, 0.000123018209706, 8.01662536105e-05, 8.00037669251e-05, 8.75655678101e-05, 6.33648814983e-05, 7.15428031981e-05, 2.62195353571e-05, 7.65312620388e-07],
        "min": [3.74288910852e-25, 3.88582863378e-24, 1.81709829947e-24, 1.90323614178e-25, 9.12319293496e-24, 7.57765743831e-24, 9.08580487236e-24, 8.87568545936e-24, 1.41456786253e-23, 1.65870311553e-23, 1.74365081325e-23, 2.97127741613e-23, 2.86041847757e-23, 2.36501714231e-23, 5.03318753515e-23, 5.8666708308e-23, 7.4282033222e-23, 1.08333207885e-22, 1.18424669994e-22, 1.57570055948e-22, 2.37840982323e-22, 3.02063574877e-22, 4.27494099638e-22, 5.9668827977e-22, 8.50504743031e-22, 1.30634214799e-21, 1.97811216399e-21],
        "var": [3.006472582e-07, 0.00126988126431, 0.000280160282273, 5.73868310312e-05, 5.19067361893e-05, 9.87927614915e-06, 4.16279135607e-06, 3.36462017003e-06, 5.56296208742e-06, 2.31049170907e-06, 1.03368745386e-06, 1.06574850633e-06, 1.88092457165e-07, 1.77552408331e-07, 1.49389464354e-07, 9.13105466793e-08, 2.5166465889e-07, 1.32447198098e-07, 1.02465577356e-07, 1.30830017042e-07, 1.29441133367e-07, 7.4517906512e-08, 2.40297225673e-07, 1.98900437454e-07, 1.00871694997e-07, 4.00762409924e-08, 1.34164693244e-10]
    },
    "erbbands": {
        "dmean": [0.332303613424, 3.17688894272, 8.57358264923, 9.50975704193, 14.0429363251, 11.9003314972, 11.7771625519, 11.6420898438, 11.2493505478, 12.1933889389, 19.8741455078, 13.9684505463, 13.3658103943, 11.7831487656, 16.8503627777, 19.2741146088, 9.72797966003, 8.59643173218, 7.24967622757, 7.76426315308, 7.38283348083, 8.51852703094, 8.98700809479, 7.58423757553, 7.44317293167, 6.41612148285, 5.50967693329, 5.6510643959, 4.7699637413, 4.66063833237, 5.66218757629, 3.46017456055, 2.46835446358, 1.82266950607, 1.12068915367, 0.477858603001, 0.169943377376, 0.0246606469154, 0.000558673054911, 3.50050977431e-05],
        "dmean2": [0.379034161568, 3.76592731476, 13.8824491501, 16.3963603973, 25.49700737, 20.9727516174, 20.0542430878, 19.6520862579, 17.9922599792, 19.0737133026, 30.7875461578, 19.4750499725, 19.6558704376, 18.0055980682, 27.2654819489, 30.9286193848, 15.2943687439, 13.4501209259, 11.4435853958, 12.2253684998, 11.3432693481, 12.7656936646, 13.6985683441, 11.7760095596, 10.8288965225, 9.44212150574, 8.19884300232, 8.62550163269, 7.17110824585, 6.82946205139, 8.35455322266, 5.20304298401, 3.81432938576, 2.70291948318, 1.710978508, 0.725859224796, 0.254729241133, 0.0364623181522, 0.000828068645205, 4.58903305116e-05],
        "dvar": [0.325700998306, 31.9731121063, 419.331848145, 537.55267334, 1347.0411377, 575.740234375, 494.409973145, 786.587219238, 367.214630127, 564.739440918, 1167.31494141, 763.52947998, 1201.30212402, 371.186157227, 865.507629395, 1409.76269531, 212.929443359, 202.572052002, 117.036888123, 120.308815002, 145.755569458, 192.16569519, 202.809494019, 146.383773804, 135.915527344, 100.594093323, 88.3974227905, 91.9819107056, 61.7160301208, 65.8673477173, 123.726387024, 65.4172744751, 29.7460670471, 9.71503448486, 3.80616164207, 0.950735330582, 0.0826294720173, 0.00223261816427, 1.18405887406e-06, 2.00502969783e-09],
        "dvar2": [0.333496809006, 55.4415283203, 1045.35656738, 1453.60119629, 3826.1003418, 1634.88830566, 1452.87316895, 2433.8737793, 916.094421387, 1431.01550293, 2823.99902344, 1225.72290039, 2490.12280273, 774.267089844, 2114.26611328, 3449.94726562, 500.350189209, 461.638519287, 267.591125488, 282.660125732, 325.026245117, 420.562347412, 447.405059814, 343.116638184, 263.393218994, 198.106109619, 178.766616821, 217.930557251, 143.940246582, 142.919006348, 265.863739014, 140.063705444, 66.2650756836, 21.6928482056, 9.39363765717, 2.27000570297, 0.186498627067, 0.00462971720845, 2.55917757386e-06, 4.14233047863e-09],
        "max": [5.11765432358, 49.8694496155, 187.419372559, 204.808425903, 307.030670166, 268.368530273, 307.214874268, 463.112304688, 332.770721436, 655.647399902, 685.141418457, 837.74810791, 796.077331543, 524.72644043, 567.729064941, 1336.17834473, 242.372894287, 489.346801758, 228.173934937, 153.523925781, 362.465393066, 323.729675293, 265.013305664, 195.839920044, 184.499359131, 203.710723877, 235.058151245, 167.598937988, 134.034301758, 112.031318665, 243.397460938, 325.361816406, 161.147705078, 75.4529953003, 23.8787956238, 9.79037475586, 2.49682879448, 0.383630752563, 0.00833432842046, 0.000336305121891],
        "mean": [0.638849914074, 5.21901893616, 10.3134784698, 11.6775598526, 15.8442354202, 13.3721551895, 15.5627040863, 16.4761962891, 19.3160305023, 20.3820056915, 33.96144104, 29.2888755798, 25.6897621155, 22.5689983368, 25.7321014404, 29.1047153473, 16.9024887085, 14.6416330338, 12.6786031723, 13.838309288, 13.6606664658, 15.2096652985, 15.6352834702, 13.4830970764, 13.8422775269, 11.8425941467, 9.08624839783, 8.93465328217, 7.57271242142, 6.84778022766, 7.77133178711, 5.24120521545, 3.52733969688, 2.36596798897, 1.27758812904, 0.528730034828, 0.184531927109, 0.0280848816037, 0.000650329049677, 8.11368008726e-05],
        "median": [0.266802549362, 1.91217184067, 5.25143003464, 4.98702287674, 5.71557950974, 6.31221151352, 7.14504766464, 8.21692371368, 9.0382270813, 9.73292160034, 14.4493103027, 10.6452350616, 8.89769554138, 10.4929199219, 12.1073303223, 13.7529449463, 9.28942298889, 8.33703804016, 7.38530349731, 8.67844676971, 7.45411062241, 7.61561489105, 7.88430356979, 6.32751464844, 5.98389911652, 5.14894771576, 3.32041072845, 3.51049757004, 3.13803505898, 2.3561668396, 2.46812486649, 1.64597034454, 0.940661787987, 0.86664712429, 0.443338632584, 0.116086661816, 0.0477192997932, 0.00555988168344, 0.000159626273671, 6.32236915408e-05],
        "min": [8.75496512841e-23, 8.92215466783e-22, 1.89789240629e-21, 2.64274754526e-21, 6.80203138503e-21, 1.71360884427e-20, 4.01311456318e-20, 6.09282110655e-20, 9.0901113486e-20, 2.6883581873e-19, 1.71107996573e-19, 3.28171371074e-19, 5.12400028976e-19, 6.09375065076e-19, 9.56004893971e-19, 1.45432796328e-18, 1.35887318175e-18, 1.85879250285e-18, 3.07969433657e-18, 3.08302435892e-18, 3.37136111569e-18, 4.21246152359e-18, 5.35953769443e-18, 6.57286937798e-18, 6.25745052117e-18, 7.76149110869e-18, 9.83946476037e-18, 8.45493481416e-18, 1.21116157521e-17, 1.12974036772e-17, 1.20120918624e-17, 9.96955380095e-18, 1.02041447042e-17, 8.71735372759e-18, 5.95795034165e-18, 4.07079567675e-18, 2.40221314896e-18, 8.5032693555e-19, 2.44867278204e-19, 2.68806411813e-20],
        "var": [0.984621226788, 72.849937439, 370.241333008, 413.175354004, 911.341491699, 439.35949707, 536.140991211, 712.122741699, 780.543579102, 896.769042969, 2530.68310547, 3285.80957031, 3096.79541016, 1197.00817871, 1535.52160645, 2007.21533203, 448.058624268, 460.887908936, 257.024078369, 260.288085938, 375.829803467, 508.608734131, 447.954833984, 335.601989746, 381.016357422, 257.613037109, 189.513778687, 175.587356567, 107.451828003, 115.505966187, 201.273071289, 123.065299988, 47.302066803, 15.1288900375, 4.58388853073, 1.08573782444, 0.108035497367, 0.00306473020464, 1.54532074248e-06, 4.46336745341e-09]
    },
    "gfcc": {
        "mean": [5.97086238861, 81.173500061, -95.5912704468, 31.1033859253, -59.9727210999, 20.8039093018, -37.2008285522, 13.7293424606, -25.1554260254, 4.39178323746, -14.6719999313, 3.90865325928, -12.7855815887],
        "cov": [[22263.1230469, -5.1284031868, -287.449188232, 1287.25170898, -165.124282837, 863.568969727, -322.471374512, 600.334838867, -266.387756348, 389.70401001, -310.133087158, 252.271636963, -467.780426025], [-5.1284031868, 1071.75842285, -63.7578010559, -125.646194458, 141.670593262, -32.129322052, 128.382675171, 4.8448767662, 121.734893799, -32.9288978577, 95.5883712769, -57.6466445923, 63.9496841431], [-287.449188232, -63.7578010559, 1488.73632812, 280.159851074, 505.477050781, 499.755645752, 96.369644165, 196.021865845, 123.749481201, 99.4680175781, -26.8189182281, 63.9657096863, -170.856948853], [1287.25170898, -125.646194458, 280.159851074, 558.277404785, 245.170852661, 148.870147705, 102.031471252, 78.7132644653, 61.7464637756, 77.4011764526, 12.482708931, 57.9476585388, -22.4092559814], [-165.124282837, 141.670593262, 505.477050781, 245.170852661, 476.172210693, 229.979171753, 176.135437012, 134.102279663, 111.823005676, 74.782585144, 43.2979278564, 34.7051696777, -33.368637085], [863.568969727, -32.129322052, 499.755645752, 148.870147705, 229.979171753, 407.617218018, 123.953269958, 147.987945557, 55.4112358093, 76.962020874, 11.1693534851, 33.9088859558, -59.659488678], [-322.471374512, 128.382675171, 96.369644165, 102.031471252, 176.135437012, 123.953269958, 272.122955322, 76.5643615723, 87.8189544678, 53.7395248413, 51.767906189, 8.81103801727, 27.2141819], [600.334838867, 4.8448767662, 196.021865845, 78.7132644653, 134.102279663, 147.987945557, 76.5643615723, 183.527984619, 90.4588470459, 70.7893753052, 28.7507572174, 32.0612869263, -4.71650218964], [-266.387756348, 121.734893799, 123.749481201, 61.7464637756, 111.823005676, 55.4112358093, 87.8189544678, 90.4588470459, 175.426925659, 61.8785896301, 60.9640808105, 20.1950454712, 36.4354286194], [389.70401001, -32.9288978577, 99.4680175781, 77.4011764526, 74.782585144, 76.962020874, 53.7395248413, 70.7893753052, 61.8785896301, 116.500717163, 48.4206237793, 44.9766578674, 7.50381946564], [-310.133087158, 95.5883712769, -26.8189182281, 12.482708931, 43.2979278564, 11.1693534851, 51.767906189, 28.7507572174, 60.9640808105, 48.4206237793, 117.125076294, 41.415145874, 61.5102386475], [252.271636963, -57.6466445923, 63.9657096863, 57.9476585388, 34.7051696777, 33.9088859558, 8.81103801727, 32.0612869263, 20.1950454712, 44.9766578674, 41.415145874, 115.613243103, 31.0436115265], [-467.780426025, 63.9496841431, -170.856948853, -22.4092559814, -33.368637085, -59.659488678, 27.2141819, -4.71650218964, 36.4354286194, 7.50381946564, 61.5102386475, 31.0436115265, 122.3748703]],
        "icov": [[0.000186785779078, -0.000385049817851, 0.000378862285288, -0.0006120481994, 0.000430454470916, -0.000594237062614, 0.000502176990267, -0.000748583523091, 0.000464123644633, -0.000672929163557, 0.000667914282531, -0.000540912267752, 0.000723811390344], [-0.000385049817851, 0.0021656928584, -0.000652024406008, 0.00172114942688, -0.0015893925447, 0.00128122593742, -0.00129468785599, 0.00185092852917, -0.00181359983981, 0.00233051367104, -0.002398080891, 0.00177581096068, -0.00149631779641], [0.000378862285288, -0.000652024406008, 0.00257824524306, -0.00109786493704, -0.000499858171679, -0.00272430945188, 0.00182349188253, -0.00102952215821, -0.000257115607383, -0.00109338003676, 0.00182883290108, -0.00191993068438, 0.00298934825696], [-0.0006120481994, 0.00172114942688, -0.00109786493704, 0.00468059070408, -0.00282397586852, 0.00177619908936, -0.00188389606774, 0.00292156869546, -0.00196553301066, 0.00154009566177, -0.00157309870701, 0.00103182741441, -0.00226753065363], [0.000430454470916, -0.0015893925447, -0.000499858171679, -0.00282397586852, 0.00656570959836, -0.00129685224965, -0.000742030737456, -0.00293534202501, 0.00116188195534, -0.00134137924761, 0.00059053930454, -0.00125058344565, 0.00222766771913], [-0.000594237062614, 0.00128122593742, -0.00272430945188, 0.00177619908936, -0.00129685224965, 0.00786487665027, -0.00338128348812, -0.000580211810302, 0.000405674654758, 0.00132964854129, -0.00266895722598, 0.0018338143127, -0.00153516884893], [0.000502176990267, -0.00129468785599, 0.00182349188253, -0.00188389606774, -0.000742030737456, -0.00338128348812, 0.00764469662681, -0.00181302812416, -3.18348684232e-05, -0.00257892697118, 0.00153680809308, -0.00039327389095, 0.000671317568049], [-0.000748583523091, 0.00185092852917, -0.00102952215821, 0.00292156869546, -0.00293534202501, -0.000580211810302, -0.00181302812416, 0.0139661468565, -0.00609253533185, 0.000116571172839, -0.00144475116394, 0.00122630479746, -0.00265098921955], [0.000464123644633, -0.00181359983981, -0.000257115607383, -0.00196553301066, 0.00116188195534, 0.000405674654758, -3.18348684232e-05, -0.00609253533185, 0.0127544570714, -0.0045242253691, -0.000426627724664, 0.000421000731876, -0.00112259900197], [-0.000672929163557, 0.00233051367104, -0.00109338003676, 0.00154009566177, -0.00134137924761, 0.00132964854129, -0.00257892697118, 0.000116571172839, -0.0045242253691, 0.0184648800641, -0.00758345192298, -0.00106939184479, 0.000123588455608], [0.000667914282531, -0.002398080891, 0.00182883290108, -0.00157309870701, 0.00059053930454, -0.00266895722598, 0.00153680809308, -0.00144475116394, -0.000426627724664, -0.00758345192298, 0.0194763168693, -0.00503001688048, -0.00338748889044], [-0.000540912267752, 0.00177581096068, -0.00191993068438, 0.00103182741441, -0.00125058344565, 0.0018338143127, -0.00039327389095, 0.00122630479746, 0.000421000731876, -0.00106939184479, -0.00503001688048, 0.0145490551367, -0.00602177204564], [0.000723811390344, -0.00149631779641, 0.00298934825696, -0.00226753065363, 0.00222766771913, -0.00153516884893, 0.000671317568049, -0.00265098921955, -0.00112259900197, 0.000123588455608, -0.00338748889044, -0.00602177204564, 0.0186432301998]]
    },
    "melbands": {
        "dmean": [0.00310603831895, 0.00397901562974, 0.0017258299049, 0.000957472599111, 0.000405977509217, 0.000266551767709, 0.000168050959473, 0.000133525318233, 0.000170724146301, 8.41802902869e-05, 6.60272780806e-05, 4.61149793409e-05, 5.19889508723e-05, 5.53520731046e-05, 3.8985406718e-05, 1.78537320608e-05, 1.77285364771e-05, 1.12661045932e-05, 1.60168383445e-05, 1.02533931567e-05, 9.43659961194e-06, 1.02124477053e-05, 7.92937680671e-06, 7.75881926529e-06, 6.41111500954e-06, 4.94779078508e-06, 6.32612727713e-06, 4.08209416491e-06, 3.84571603718e-06, 3.2414168345e-06, 3.55948031938e-06, 2.93024959319e-06, 2.35642710322e-06, 3.00637930195e-06, 3.69104714082e-06, 2.82477913061e-06, 1.89178490473e-06, 1.85681903986e-06, 1.46580634919e-06, 1.6495946511e-06],
        "dmean2": [0.00367199163884, 0.0055983713828, 0.0029196694959, 0.00172266352456, 0.000691933033522, 0.000447460362921, 0.000265539652901, 0.000207661272725, 0.000263412337517, 0.000115893482871, 9.78230091278e-05, 7.07154540578e-05, 8.28721895232e-05, 9.08891088329e-05, 6.21404324193e-05, 2.79410305666e-05, 2.80938311334e-05, 1.78801728907e-05, 2.57396422967e-05, 1.65148212545e-05, 1.46146630868e-05, 1.55866491696e-05, 1.21107186715e-05, 1.19873093354e-05, 1.01577825262e-05, 7.39824281482e-06, 9.36697779252e-06, 6.09249445915e-06, 5.79712377657e-06, 5.02219108967e-06, 5.50192999071e-06, 4.50873176305e-06, 3.62103878615e-06, 4.43194767286e-06, 5.54604594072e-06, 4.36218442701e-06, 2.87692228085e-06, 2.85866030936e-06, 2.32072875406e-06, 2.46645277002e-06],
        "dvar": [3.00339779642e-05, 6.48384448141e-05, 1.6826645151e-05, 5.04554463987e-06, 5.8199373143e-07, 3.60403163313e-07, 7.90731178313e-08, 5.78813654784e-08, 8.7539120841e-08, 3.11333963054e-08, 2.98477402794e-08, 6.03871708194e-09, 7.30696125828e-09, 1.04557686953e-08, 4.72769157156e-09, 8.66962390766e-10, 9.47598222112e-10, 3.29510085884e-10, 7.04857783251e-10, 2.65997252002e-10, 3.05631270292e-10, 3.15815568142e-10, 1.55752868936e-10, 1.35048319749e-10, 1.12659499785e-10, 7.05008273982e-11, 9.27541307649e-11, 4.57693397071e-11, 4.86792793575e-11, 3.00363796335e-11, 4.42440875603e-11, 2.51324377976e-11, 1.58669292982e-11, 3.09476159976e-11, 5.47879693003e-11, 3.99538943596e-11, 2.24939684934e-11, 1.61080246364e-11, 1.10017949612e-11, 6.67319411535e-12],
        "dvar2": [3.71470669052e-05, 0.000138964198413, 4.41936535935e-05, 1.43691440826e-05, 1.71473095634e-06, 1.10611233595e-06, 1.93935122184e-07, 1.45452219158e-07, 2.08739052709e-07, 4.75889301299e-08, 6.2002932566e-08, 1.26248478338e-08, 1.7615551684e-08, 2.66184976283e-08, 1.06581721226e-08, 1.98125316153e-09, 2.1476436185e-09, 7.72162611629e-10, 1.60793134363e-09, 6.62818300246e-10, 7.1587769046e-10, 7.12189029972e-10, 3.42166267542e-10, 3.10014153238e-10, 2.72051076111e-10, 1.41218620131e-10, 1.93571839113e-10, 9.38022437502e-11, 1.00540784032e-10, 6.65287755441e-11, 1.11032023853e-10, 6.16018069888e-11, 3.61126718806e-11, 6.59638663136e-11, 1.20565737949e-10, 9.00849464469e-11, 4.90452227442e-11, 3.55148480069e-11, 2.556314882e-11, 1.4868776349e-11],
        "max": [0.0468862354755, 0.0784698203206, 0.0359618291259, 0.0193423852324, 0.0110671054572, 0.00970710627735, 0.00493472628295, 0.00581568945199, 0.00561585649848, 0.00538680609316, 0.0039017428644, 0.00238875998184, 0.00153020443395, 0.00326155056246, 0.00155883212574, 0.000716091773938, 0.0011053821072, 0.000344221567502, 0.000457543210359, 0.000365495361621, 0.000394949689507, 0.000416874070652, 0.000226951757213, 0.000217850320041, 0.00017808440316, 0.000141914060805, 0.000160674797371, 0.000169639126398, 0.000192682113266, 9.57468437264e-05, 0.000110396213131, 9.43164341152e-05, 6.6860615334e-05, 6.67764761602e-05, 0.000182559044333, 0.000295993202599, 0.000157985632541, 0.000113598944154, 0.000109723601781, 5.55360784347e-05],
        "mean": [0.0061472998932, 0.00606210483238, 0.00222055916674, 0.0010775445262, 0.000531934842002, 0.000393572583562, 0.000292694428936, 0.000220900343265, 0.000284317357, 0.000177995068952, 0.000122308803839, 8.50217984407e-05, 8.34196107462e-05, 7.69767793827e-05, 6.07403308095e-05, 2.91841333819e-05, 2.78347160929e-05, 1.81863088073e-05, 2.41015677602e-05, 1.62832402566e-05, 1.60039817274e-05, 1.69466820807e-05, 1.35235322887e-05, 1.33377243401e-05, 1.05972276288e-05, 8.42421832203e-06, 1.12792140499e-05, 6.9278958108e-06, 5.87429440202e-06, 5.01146905663e-06, 5.27255451743e-06, 4.41211159341e-06, 3.57554881703e-06, 4.08616779168e-06, 4.83401663587e-06, 3.97251096729e-06, 2.84638190351e-06, 2.55105874203e-06, 2.06831032301e-06, 2.02522301151e-06],
        "median": [0.00245638331398, 0.00338706700131, 0.000877360580489, 0.00051307521062, 0.000256905972492, 0.000209867852391, 0.000133957131766, 0.000106621133455, 0.00011247616203, 5.80035157327e-05, 4.01632496505e-05, 3.64902007277e-05, 3.95075257984e-05, 3.40807891916e-05, 3.01357576973e-05, 1.41392447404e-05, 1.43734760059e-05, 9.7244983408e-06, 1.21529028547e-05, 9.37722325034e-06, 7.68648897065e-06, 7.60354123486e-06, 6.29793476037e-06, 6.59866236674e-06, 4.52373024018e-06, 3.48835305886e-06, 4.53179382021e-06, 2.71602743851e-06, 1.96442101696e-06, 1.82667781701e-06, 1.93447021957e-06, 1.7820350422e-06, 1.334765102e-06, 1.22659071167e-06, 1.4536396975e-06, 1.23402378449e-06, 8.86961629476e-07, 6.20676075869e-07, 6.33332035704e-07, 7.24904793969e-07],
        "min": [1.16675781933e-24, 1.24602512689e-24, 4.28343533622e-25, 1.49772924389e-24, 1.4111640855e-24, 1.71166191189e-24, 1.311197265e-24, 2.747821639e-24, 9.87627032066e-25, 1.74965108651e-24, 2.45465666915e-24, 1.99875876645e-24, 2.67602109713e-24, 3.37711432411e-24, 2.59715571421e-24, 3.33707253342e-24, 2.62948915056e-24, 3.93836992552e-24, 3.77676348604e-24, 3.52809125732e-24, 3.17037202465e-24, 4.24395846855e-24, 3.94046514008e-24, 5.30138273022e-24, 4.57666252748e-24, 3.91158809778e-24, 4.13527473505e-24, 5.02230740778e-24, 5.81212086254e-24, 4.75218250117e-24, 4.45532507063e-24, 5.40802291954e-24, 5.87672975397e-24, 6.12402542041e-24, 5.24079781827e-24, 6.31630632176e-24, 5.44675401783e-24, 6.22909617096e-24, 6.55900450684e-24, 6.84517799971e-24],
        "var": [8.96969286259e-05, 9.14150004974e-05, 1.39075900734e-05, 3.42019552591e-06, 5.9455499013e-07, 3.43788514101e-07, 1.69904424752e-07, 9.88425057358e-08, 1.90389883414e-07, 1.39957009537e-07, 7.50605124722e-08, 1.8620511355e-08, 1.45319249967e-08, 1.39331852722e-08, 8.12756617563e-09, 1.85862669699e-09, 2.06980033113e-09, 6.60456411783e-10, 1.2488684531e-09, 5.05728403599e-10, 7.0262662355e-10, 7.70413899343e-10, 3.54283935522e-10, 3.08502945412e-10, 2.34431279944e-10, 1.64921409862e-10, 2.52715431914e-10, 1.06665905275e-10, 9.64422014471e-11, 5.48128556432e-11, 7.72268360372e-11, 3.66584054778e-11, 3.0795924838e-11, 5.07126181326e-11, 8.28847407375e-11, 6.5809496741e-11, 4.01104982561e-11, 2.5077098384e-11, 1.69026268676e-11, 9.99236283994e-12]
    },
    "mfcc": {
        "mean": [-634.333312988, 112.231773376, 18.5555152893, 16.9742717743, 5.521068573, 5.11912918091, 2.87899446487, 6.30087280273, -1.45258831978, 0.96232509613, 0.0173114016652, 1.53945636749, 1.91190743446],
        "cov": [[8813.25683594, 134.802368164, 405.840576172, 527.536804199, 302.001220703, 344.148193359, 220.837402344, 229.490249634, 127.528686523, 118.987586975, 131.411682129, 172.586669922, 143.073822021], [134.802368164, 1200.34545898, 37.2798042297, -52.3674354553, 96.0830917358, 21.0715236664, 69.2109146118, 80.4545211792, 46.1201286316, 91.8395233154, 83.7016220093, 7.03877830505, 18.1704368591], [405.840576172, 37.2798042297, 883.589050293, 62.1558876038, 403.566497803, 265.23727417, 123.185752869, 189.969604492, 76.7783279419, 124.934906006, 99.8308944702, 73.3632125854, 69.9731292725], [527.536804199, -52.3674354553, 62.1558876038, 443.627532959, 151.389785767, 132.89704895, 67.6195373535, 60.9594993591, 78.1999206543, 11.7559871674, 32.7228126526, 79.0671920776, 78.9251251221], [302.001220703, 96.0830917358, 403.566497803, 151.389785767, 429.459381104, 183.835250854, 116.48790741, 143.179916382, 84.4785842896, 91.8306732178, 79.1484832764, 83.2527389526, 78.8718719482], [344.148193359, 21.0715236664, 265.23727417, 132.89704895, 183.835250854, 279.95123291, 163.394500732, 126.320159912, 81.4231262207, 70.567565918, 71.5717010498, 64.2745437622, 59.0980834961], [220.837402344, 69.2109146118, 123.185752869, 67.6195373535, 116.48790741, 163.394500732, 217.341751099, 112.832481384, 73.036529541, 69.5656738281, 63.1450309753, 46.8605651855, 40.7306594849], [229.490249634, 80.4545211792, 189.969604492, 60.9594993591, 143.179916382, 126.320159912, 112.832481384, 170.556625366, 91.0981826782, 70.1606445312, 61.75522995, 55.3417053223, 51.4164237976], [127.528686523, 46.1201286316, 76.7783279419, 78.1999206543, 84.4785842896, 81.4231262207, 73.036529541, 91.0981826782, 126.984436035, 80.4820709229, 51.9061203003, 42.8480529785, 39.085319519], [118.987586975, 91.8395233154, 124.934906006, 11.7559871674, 91.8306732178, 70.567565918, 69.5656738281, 70.1606445312, 80.4820709229, 150.49256897, 86.338432312, 25.2282104492, 18.8690414429], [131.411682129, 83.7016220093, 99.8308944702, 32.7228126526, 79.1484832764, 71.5717010498, 63.1450309753, 61.75522995, 51.9061203003, 86.338432312, 117.613822937, 49.9422607422, 21.196893692], [172.586669922, 7.03877830505, 73.3632125854, 79.0671920776, 83.2527389526, 64.2745437622, 46.8605651855, 55.3417053223, 42.8480529785, 25.2282104492, 49.9422607422, 101.881469727, 63.2599983215], [143.073822021, 18.1704368591, 69.9731292725, 78.9251251221, 78.8718719482, 59.0980834961, 40.7306594849, 51.4164237976, 39.085319519, 18.8690414429, 21.196893692, 63.2599983215, 103.382194519]],
