{
"lowlevel": {
    "average_loudness": 0.83402377367,
    "barkbands_crest": {
        "dmean": 2.95432519913,
        "dmean2": 4.60494279861,
        "dvar": 9.64513111115,
        "dvar2": 19.2429447174,
        "max": 26.7230529785,
        "mean": 12.0924053192,
        "median": 10.6801433563,
        "min": 2.02340364456,
        "var": 43.6547660828
    },
    "barkbands_flatness_db": {
        "dmean": 0.0290094017982,
        "dmean2": 0.0395804047585,
        "dvar": 0.0013274011435,
        "dvar2": 0.00234396010637,
        "max": 0.56416118145,
        "mean": 0.146790072322,
        "median": 0.126804798841,
        "min": 0.0194412991405,
        "var": 0.0083574000746
    },
    "barkbands_kurtosis": {
        "dmean": 18.122718811,
        "dmean2": 25.6706600189,
        "dvar": 5412.36474609,
        "dvar2": 10934.2470703,
        "max": 2649.76269531,
        "mean": 25.5645694733,
        "median": 1.81069636345,
        "min": -1.90611481667,
        "var": 9995.37011719
    },
    "barkbands_skewness": {
        "dmean": 1.08152544498,
        "dmean2": 1.52689373493,
        "dvar": 3.76632380486,
        "dvar2": 7.22999095917,
        "max": 44.8489570618,
        "mean": 2.683604002,
        "median": 1.51555633545,
        "min": -2.02519226074,
        "var": 15.0073165894
    },
    "barkbands_spread": {
        "dmean": 8.70702362061,
        "dmean2": 13.4980630875,
        "dvar": 163.060516357,
        "dvar2": 393.817199707,
        "max": 114.011604309,
        "mean": 26.9750995636,
        "median": 23.9799118042,
        "min": 0.0721328929067,
        "var": 402.89251709
    },
    "dissonance": {
        "dmean": 0.0184119362384,
        "dmean2": 0.030861588195,
        "dvar": 0.000320044899127,
        "dvar2": 0.00086836569244,
        "max": 0.5,
        "mean": 0.463858366013,
        "median": 0.470887064934,
        "min": 0.253977894783,
        "var": 0.000730105326511
    },
    "dynamic_complexity": 2.88904762268,
    "erbbands_crest": {
        "dmean": 2.24880671501,
        "dmean2": 3.68889427185,
        "dvar": 5.39725589752,
        "dvar2": 13.1336345673,
        "max": 31.1717796326,
        "mean": 7.16459083557,
        "median": 5.97118282318,
        "min": 1.97179627419,
        "var": 15.7612600327
    },
    "erbbands_flatness_db": {
        "dmean": 0.0154575938359,
        "dmean2": 0.0232449807227,
        "dvar": 0.000285517511657,
        "dvar2": 0.000595129909925,
        "max": 0.330192416906,
        "mean": 0.132136061788,
        "median": 0.118401132524,
        "min": 0.0322563163936,
        "var": 0.00257369223982
    },
    "erbbands_kurtosis": {
        "dmean": 0.870575070381,
        "dmean2": 1.34578239918,
        "dvar": 2.55916857719,
        "dvar2": 4.85067987442,
        "max": 35.0055503845,
        "mean": 0.0743888393044,
        "median": -0.572773933411,
        "min": -1.92958366871,
        "var": 5.74786996841
    },
    "erbbands_skewness": {
        "dmean": 0.384947091341,
        "dmean2": 0.584664285183,
        "dvar": 0.170185476542,
        "dvar2": 0.353751778603,
        "max": 5.79967784882,
        "mean": 0.267567008734,
        "median": 0.153176233172,
        "min": -3.27088785172,
        "var": 0.668491303921
    },
    "erbbands_spread": {
        "dmean": 11.5076389313,
        "dmean2": 17.3135528564,
        "dvar": 190.83354187,
        "dvar2": 378.168121338,
        "max": 211.517715454,
        "mean": 54.1541481018,
        "median": 48.4681282043,
        "min": 3.78135561943,
        "var": 867.35736084
    },
    "hfc": {
        "dmean": 15.4357252121,
        "dmean2": 23.5139446259,
        "dvar": 518.193481445,
        "dvar2": 1305.24865723,
        "max": 208.201538086,
        "mean": 29.7269878387,
        "median": 19.5221405029,
        "min": 1.1915870243e-16,
        "var": 915.745422363
    },
    "melbands_crest": {
        "dmean": 3.87195467949,
        "dmean2": 6.05233812332,
        "dvar": 14.6129465103,
        "dvar2": 30.6382255554,
        "max": 35.8667564392,
        "mean": 17.4608325958,
        "median": 16.611333847,
        "min": 1.97047352791,
        "var": 64.9256057739
    },
    "melbands_flatness_db": {
        "dmean": 0.0363423973322,
        "dmean2": 0.0486656427383,
        "dvar": 0.00186582829338,
        "dvar2": 0.00322375935502,
        "max": 0.700537979603,
        "mean": 0.216079458594,
        "median": 0.196599811316,
        "min": 0.00436638528481,
        "var": 0.0142483776435
    },
    "melbands_kurtosis": {
        "dmean": 35.6071815491,
        "dmean2": 54.0959968567,
        "dvar": 13764.7597656,
        "dvar2": 30380.9746094,
        "max": 1961.68151855,
        "mean": 69.171005249,
        "median": 11.3066062927,
        "min": -1.76103436947,
        "var": 37174.6289062
    },
    "melbands_skewness": {
        "dmean": 1.36787247658,
        "dmean2": 1.98155581951,
        "dvar": 5.63478803635,
        "dvar2": 10.6535348892,
        "max": 35.8056411743,
        "mean": 4.49381494522,
        "median": 2.89376831055,
        "min": -1.40615975857,
        "var": 23.3926563263
    },
    "melbands_spread": {
        "dmean": 8.99424552917,
        "dmean2": 13.7302713394,
        "dvar": 149.237014771,
        "dvar2": 342.041320801,
        "max": 217.031982422,
        "mean": 25.7574996948,
        "median": 19.7094860077,
        "min": 0.23514944315,
        "var": 548.754455566
    },
    "pitch_salience": {
        "dmean": 0.0824462100863,
        "dmean2": 0.124864913523,
        "dvar": 0.00762894004583,
        "dvar2": 0.0159785728902,
        "max": 0.916830062866,
        "mean": 0.489039242268,
        "median": 0.53401362896,
        "min": 0.0299209300429,
        "var": 0.0373893678188
    },
    "silence_rate_20dB": {
        "dmean": 0,
        "dmean2": 0,
        "dvar": 0,
        "dvar2": 0,
        "max": 1,
        "mean": 1,
        "median": 1,
        "min": 1,
        "var": 0
    },
    "silence_rate_30dB": {
        "dmean": 0.0519523210824,
        "dmean2": 0.103913187981,
        "dvar": 0.0492440462112,
        "dvar2": 0.104129329324,
        "max": 1,
        "mean": 0.93687325716,
        "median": 1,
        "min": 0,
        "var": 0.0591419376433
    },
    "silence_rate_60dB": {
        "dmean": 0.0264693796635,
        "dmean2": 0.052943110466,
        "dvar": 0.0257699936628,
        "dvar2": 0.0672437697649,
        "max": 1,
        "mean": 0.0329607091844,
        "median": 0,
        "min": 0,
        "var": 0.0318845883012
    },
    "spectral_centroid": {
        "dmean": 323.47052002,
        "dmean2": 492.442565918,
        "dvar": 153642.90625,
        "dvar2": 333516.40625,
        "max": 10610.3232422,
        "mean": 1499.05041504,
        "median": 1449.42822266,
        "min": 85.8718414307,
        "var": 693546.6875
    },
    "spectral_complexity": {
        "dmean": 5.72675704956,
        "dmean2": 8.67132568359,
        "dvar": 43.5822715759,
        "dvar2": 96.5322265625,
        "max": 59,
        "mean": 20.4460792542,
        "median": 18,
        "min": 0,
        "var": 180.699188232
    },
    "spectral_decrease": {
        "dmean": 3.38827588209e-09,
        "dmean2": 4.23542179107e-09,
        "dvar": 1.7298808298e-17,
        "dvar2": 2.81135826935e-17,
        "max": 3.23639166015e-29,
        "mean": -9.58620471891e-09,
        "median": -6.9672720926e-09,
        "min": -7.20466815096e-08,
        "var": 7.75006427027e-17
    },
    "spectral_energy": {
        "dmean": 0.0136838136241,
        "dmean2": 0.0174831971526,
        "dvar": 0.000266440678388,
        "dvar2": 0.000448407634394,
        "max": 0.276913195848,
        "mean": 0.0388769619167,
        "median": 0.0297441333532,
        "min": 1.06859004315e-20,
        "var": 0.00114697718527
    },
    "spectral_energyband_high": {
        "dmean": 0.00127843709197,
        "dmean2": 0.00198937626556,
        "dvar": 4.4625994633e-06,
        "dvar2": 1.13987243822e-05,
        "max": 0.0210895985365,
        "mean": 0.00209144921973,
        "median": 0.000776770059019,
        "min": 7.67510113453e-21,
        "var": 8.08369168226e-06
    },
    "spectral_energyband_low": {
        "dmean": 0.00942702870816,
        "dmean2": 0.0112060876563,
        "dvar": 0.000283151312033,
        "dvar2": 0.000434301822679,
        "max": 0.266376554966,
        "mean": 0.0227007512003,
        "median": 0.00853692553937,
        "min": 5.28741563235e-23,
        "var": 0.00105466670357
    },
    "spectral_energyband_middle_high": {
        "dmean": 0.0025029827375,
        "dmean2": 0.00389026198536,
        "dvar": 1.45780786625e-05,
        "dvar2": 3.59847545042e-05,
        "max": 0.0828531756997,
        "mean": 0.00498850038275,
        "median": 0.00294113438576,
        "min": 1.68209540359e-21,
        "var": 3.24608299707e-05
    },
    "spectral_energyband_middle_low": {
        "dmean": 0.0078205531463,
        "dmean2": 0.0125335883349,
        "dvar": 0.000235677463934,
        "dvar2": 0.000573039695155,
        "max": 0.243341714144,
        "mean": 0.0104191144928,
        "median": 0.00576368812472,
        "min": 2.40354810659e-22,
        "var": 0.000215318534174
    },
    "spectral_entropy": {
        "dmean": 0.183178886771,
        "dmean2": 0.271644562483,
        "dvar": 0.059164147824,
        "dvar2": 0.111656181514,
        "max": 9.81610965729,
        "mean": 7.74921035767,
        "median": 7.96340847015,
        "min": 5.0899605751,
        "var": 0.36046859622
    },
    "spectral_flux": {
        "dmean": 0.0363996177912,
        "dmean2": 0.0506549179554,
        "dvar": 0.00169572012965,
        "dvar2": 0.00277567398734,
        "max": 0.541601002216,
        "mean": 0.104934588075,
        "median": 0.0889295786619,
        "min": 1.033726299e-10,
        "var": 0.00563638098538
    },
    "spectral_kurtosis": {
        "dmean": 1.58260381222,
        "dmean2": 2.63221716881,
        "dvar": 9.0194606781,
        "dvar2": 23.4494953156,
        "max": 71.9371948242,
        "mean": 4.05616617203,
        "median": 2.31543517113,
        "min": -1.17952024937,
        "var": 22.8699302673
    },
    "spectral_rms": {
        "dmean": 0.00110881368164,
        "dmean2": 0.00147034332622,
        "dvar": 1.4487181943e-06,
        "dvar2": 2.55456120613e-06,
        "max": 0.0164365209639,
        "mean": 0.00558289326727,
        "median": 0.00538689782843,
        "min": 3.22881847127e-12,
        "var": 6.75993987898e-06
    },
    "spectral_rolloff": {
        "dmean": 927.023498535,
        "dmean2": 1550.68017578,
        "dvar": 2873786.5,
        "dvar2": 7087251,
        "max": 19035.3515625,
        "mean": 2011.31213379,
        "median": 990.52734375,
        "min": 64.599609375,
        "var": 5465178.5
    },
    "spectral_skewness": {
        "dmean": 0.216898411512,
        "dmean2": 0.341192543507,
        "dvar": 0.0912794470787,
        "dvar2": 0.202994778752,
        "max": 6.96386671066,
        "mean": 1.45914840698,
        "median": 1.26583552361,
        "min": 0.0344020836055,
        "var": 0.377244859934
    },
    "spectral_spread": {
        "dmean": 695333.625,
        "dmean2": 1055481.375,
        "dvar": 1.23684205363e+12,
        "dvar2": 2.60121113395e+12,
        "max": 40300712,
        "mean": 5838666.5,
        "median": 6047479,
        "min": 965302.9375,
        "var": 6.23471755264e+12
    },
    "spectral_strongpeak": {
        "dmean": 0.352906256914,
        "dmean2": 0.582489848137,
        "dvar": 0.370977908373,
        "dvar2": 0.956306934357,
        "max": 11.1708831787,
        "mean": 0.638301789761,
        "median": 0.423815578222,
        "min": 0,
        "var": 0.542932093143
    },
    "zerocrossingrate": {
        "dmean": 0.0157440099865,
        "dmean2": 0.0179303660989,
        "dvar": 0.000344665982993,
        "dvar2": 0.000434492743807,
        "max": 0.50048828125,
        "mean": 0.071999810636,
        "median": 0.05810546875,
        "min": 0.00146484375,
        "var": 0.00294187967665
    },
    "barkbands": {
        "dmean": [0.000279126543319, 0.00801883451641, 0.00480237882584, 0.00291747460142, 0.0037348435726, 0.00096515880432, 0.00122574262787, 0.000532659585588, 0.000724581826944, 0.000544328475371, 0.000723989389371, 0.000433988170698, 0.000323493761243, 0.000292077485938, 0.000257981679169, 0.000233468352235, 0.000228302393225, 0.000232177611906, 0.00021090930386, 0.000232013728237, 0.000225520678214, 0.000211156075238, 0.000231786048971, 0.000219820794882, 0.000255548657151, 0.000160777926794, 4.48980244983e-06],
        "dmean2": [0.000389241118683, 0.00976164545864, 0.0078746303916, 0.00525085628033, 0.0065739993006, 0.00154981040396, 0.00191727140918, 0.000881006533746, 0.00116586405784, 0.000920123362448, 0.00119056575932, 0.000719062925782, 0.000527979980689, 0.000479750684462, 0.000417983101215, 0.000373904971639, 0.000365507323295, 0.000367330241716, 0.000330231763655, 0.000366436725017, 0.000363593746442, 0.000330791808665, 0.000360295787686, 0.000337857432896, 0.000421526521677, 0.000280440755887, 7.50507342673e-06],
        "dvar": [2.73231904657e-07, 0.000237763131736, 0.000222630507778, 0.000100336903415, 0.000107302774268, 3.14568023896e-06, 4.75049591842e-06, 1.12671227726e-06, 2.95735981126e-06, 3.205132316e-06, 2.85676151179e-06, 1.32248055706e-06, 4.48445518941e-07, 2.72808932777e-07, 2.11749338064e-07, 1.6766531985e-07, 1.59453819037e-07, 1.54652397555e-07, 1.21835839195e-07, 1.55951099146e-07, 1.37760892471e-07, 1.0559755026e-07, 1.52837586143e-07, 1.39565983659e-07, 3.00310830426e-07, 1.93526517478e-07, 9.69978056209e-11],
        "dvar2": [5.92635899466e-07, 0.000387788633816, 0.000550984404981, 0.000282675347989, 0.000303313543554, 8.01102760306e-06, 1.09170714495e-05, 2.90371372103e-06, 7.67032906879e-06, 9.40700556384e-06, 7.65761888033e-06, 3.39057760357e-06, 1.0807975741e-06, 7.05480829311e-07, 5.26871247075e-07, 3.98572439053e-07, 3.88759985981e-07, 3.81026467267e-07, 2.74785037391e-07, 3.79846767373e-07, 3.57797262041e-07, 2.52347518881e-07, 3.56865399453e-07, 3.45825355907e-07, 8.24304834168e-07, 5.44058934793e-07, 2.56614507421e-10],
        "max": [0.0129696158692, 0.259892851114, 0.184578061104, 0.150762557983, 0.160888165236, 0.0409441664815, 0.06352532655, 0.0289387013763, 0.0491060018539, 0.0766566544771, 0.0501229092479, 0.0604173280299, 0.0174304172397, 0.0120385009795, 0.00703905103728, 0.00748737202957, 0.00565606774762, 0.00774264195934, 0.00648071011528, 0.00716014625505, 0.0041011958383, 0.00314855249599, 0.00584261026233, 0.00496969604865, 0.00474218465388, 0.0046834051609, 0.000120750089991],
        "mean": [0.000594925659243, 0.0164982844144, 0.00434661004692, 0.0022453085985, 0.00343202590011, 0.00134638592135, 0.00164963421412, 0.000661907019094, 0.000968643522356, 0.000677255680785, 0.000893459247891, 0.000559263688046, 0.00043692154577, 0.000436088128481, 0.000371548492694, 0.000358396355296, 0.000340349331964, 0.00037960865302, 0.000376561307348, 0.000370102818124, 0.000346645683749, 0.000349665118847, 0.000365916872397, 0.000354540738044, 0.000344199565006, 0.000167191959918, 5.44904878552e-06],
        "median": [0.000119069969514, 0.00412032799795, 0.000537705724128, 0.000256520928815, 0.00136261316948, 0.000650743022561, 0.000670706154779, 0.000263083347818, 0.00035058229696, 0.000195285480004, 0.00026229568175, 0.000169125531102, 0.000179765454959, 0.000180108181667, 0.000141511947731, 0.000135958776809, 0.00014869417646, 0.000157549395226, 0.000145644298755, 0.00014691852266, 0.000117460382171, 0.000127321734908, 0.000135549344122, 0.000129262392875, 9.28359077079e-05, 2.95925565297e-05, 7.01026294792e-07],
        "min": [1.77324729669e-23, 2.72101602711e-23, 8.14803700494e-24, 7.17396023665e-24, 5.12490334389e-23, 3.74081406907e-23, 2.68591865881e-23, 5.497632233e-23, 2.55802379569e-23, 9.38704592406e-23, 8.51040815037e-23, 1.1880169502e-22, 1.26977954313e-22, 1.51613550268e-22, 7.70102865746e-23, 1.37189222305e-22, 1.26828626099e-22, 3.94217371814e-22, 2.40710189342e-22, 3.24184925977e-22, 3.60743466628e-22, 5.73289175952e-22, 5.38761504059e-22, 9.50403866636e-22, 1.34312411929e-21, 1.25416494396e-21, 2.7356635964e-21],
        "var": [9.63214347394e-07, 0.000707908242475, 0.000179598268005, 5.99326667725e-05, 6.58181888866e-05, 4.8121069085e-06, 7.13457166057e-06, 1.40812301197e-06, 4.1278003664e-06, 3.66240442418e-06, 3.34224273502e-06, 2.40885424319e-06, 6.67886183692e-07, 4.81587619561e-07, 3.52737629328e-07, 2.9705361726e-07, 2.53652444826e-07, 2.92353803388e-07, 3.67228579989e-07, 2.72711986327e-07, 2.50226776188e-07, 2.2246133824e-07, 2.95244973358e-07, 2.78513681451e-07, 3.49781203113e-07, 1.39724861015e-07, 1.12818573927e-10]
    },
    "erbbands": {
        "dmean": [0.249563440681, 1.89222955704, 5.01484012604, 7.66107940674, 11.2253637314, 13.3293867111, 7.85186290741, 7.8801317215, 13.1802511215, 20.6891956329, 11.5013160706, 12.9628019333, 16.951839447, 20.5330257416, 22.3500843048, 17.2262001038, 13.854511261, 13.4395294189, 11.8560638428, 16.389837265, 10.5400705338, 14.0644521713, 12.1590042114, 10.965306282, 11.2075719833, 10.561170578, 8.82188415527, 8.92297744751, 8.00751304626, 6.52244377136, 6.90069246292, 4.96457386017, 3.78418326378, 2.9134118557, 1.74512290955, 0.817607343197, 0.283864617348, 0.0318733118474, 0.000679159827996, 4.02664081776e-05],
        "dmean2": [0.288125455379, 2.32323122025, 7.54310417175, 12.8096494675, 19.5891895294, 23.5133152008, 13.3042240143, 12.5293159485, 20.3559513092, 33.0657806396, 18.5260543823, 21.1546974182, 28.5069675446, 33.9144897461, 36.8408508301, 28.153175354, 22.3405742645, 22.147731781, 19.0947532654, 25.846862793, 16.8239383698, 22.3739929199, 19.1350250244, 16.9872303009, 17.4609107971, 16.7951812744, 14.0681943893, 14.2872619629, 12.6830377579, 10.2083044052, 10.8586826324, 7.44493532181, 6.01534891129, 4.80693721771, 2.90048241615, 1.41549015045, 0.497390806675, 0.0545180924237, 0.00114650069736, 6.2390921812e-05],
        "dvar": [0.171647503972, 15.986992836, 200.950866699, 580.398193359, 1208.07409668, 1208.36608887, 197.057113647, 250.187728882, 640.23223877, 1693.79711914, 590.68963623, 827.842163086, 2476.28491211, 2525.60791016, 2103.18237305, 2030.6361084, 790.110839844, 597.709838867, 502.76651001, 895.534790039, 342.362487793, 657.164672852, 420.135772705, 313.869720459, 323.012542725, 324.654754639, 215.788986206, 215.636505127, 153.426528931, 110.669883728, 149.820648193, 64.0179901123, 48.6590995789, 32.5584259033, 16.1784095764, 4.59025335312, 0.662238776684, 0.00603279005736, 2.5585345611e-06, 5.20802956316e-09],
        "dvar2": [0.268115311861, 25.7396183014, 452.09161377, 1508.75842285, 3320.97949219, 3445.59619141, 558.754821777, 602.590515137, 1459.56628418, 3951.30615234, 1444.27758789, 2113.65478516, 7434.20703125, 7320.80712891, 5279.23046875, 4921.87011719, 1887.15722656, 1544.41296387, 1203.59277344, 2129.23193359, 847.825805664, 1593.58166504, 1048.52941895, 720.421630859, 759.407531738, 803.396484375, 555.419372559, 545.057434082, 366.817810059, 273.674041748, 352.392974854, 150.577713013, 125.820358276, 89.2016601562, 44.1366386414, 12.8688907623, 1.8721165657, 0.0165129564703, 6.93624360792e-06, 1.42409524173e-08],
        "max": [6.18239307404, 64.2169189453, 185.140350342, 409.766448975, 614.389465332, 524.47052002, 257.026000977, 492.795776367, 1125.71020508, 958.290527344, 493.407989502, 616.903259277, 1798.24645996, 1620.25341797, 752.432189941, 2398.26269531, 702.040649414, 463.059051514, 784.21282959, 631.39453125, 489.203582764, 389.39755249, 353.868591309, 304.658294678, 327.258422852, 286.949829102, 189.093429565, 157.81803894, 127.368103027, 140.472396851, 131.464904785, 107.75793457, 87.3169631958, 69.8066864014, 35.5665359497, 21.2237701416, 9.16610050201, 0.718671023846, 0.0142771285027, 0.000676747877151],
        "mean": [0.567268848419, 3.32717871666, 5.45438432693, 6.62334012985, 9.66346549988, 12.080991745, 9.54863834381, 11.3050394058, 18.6796455383, 26.3488464355, 15.2880744934, 17.6222820282, 22.2614688873, 26.9760704041, 29.3545303345, 23.8908405304, 19.9850387573, 20.5012664795, 18.8683815002, 24.471118927, 17.1434383392, 21.3605728149, 20.3044338226, 19.7185897827, 19.4210662842, 16.9978694916, 13.8197088242, 13.6034135818, 13.1234045029, 10.6308956146, 10.4964694977, 8.43049907684, 5.6601023674, 4.20512962341, 2.12333607674, 0.893796563148, 0.280857592821, 0.0355977602303, 0.000811755831819, 7.7869699453e-05],
        "median": [0.125050157309, 0.797045707703, 1.07627797127, 1.01932430267, 2.78012657166, 4.59842777252, 5.00043773651, 5.02555274963, 8.1552734375, 10.2307243347, 6.13790607452, 6.53609609604, 8.25308036804, 10.275683403, 10.0615739822, 8.31458854675, 8.86139583588, 9.14210319519, 7.85647010803, 9.44599723816, 7.47257804871, 9.24909973145, 9.16605949402, 8.76689338684, 8.11005210876, 7.0131444931, 4.30020809174, 5.05207061768, 4.90264749527, 3.7383980751, 3.93594312668, 3.57330965996, 1.70749211311, 1.14918458462, 0.554376602173, 0.186946421862, 0.0430383756757, 0.00474777258933, 0.00013935622701, 5.3728777857e-05],
        "min": [9.81676483864e-22, 5.33291136121e-21, 1.07355296527e-20, 2.06885222121e-20, 2.9102130036e-20, 3.01156298503e-19, 1.39048246714e-19, 3.69859412791e-19, 3.63739542878e-19, 6.74717783975e-19, 1.15613400535e-18, 7.53482232095e-19, 2.38282279463e-18, 2.72663131726e-18, 3.94739728656e-18, 4.37202755888e-18, 6.28574961069e-18, 8.60654543992e-18, 3.75845848131e-18, 4.71562597763e-18, 8.92589754055e-18, 9.69457663146e-18, 2.1718128254e-17, 1.42242424812e-17, 1.18345631865e-17, 1.64905155275e-17, 1.33472953743e-17, 1.63739558531e-17, 1.98222832296e-17, 1.64234957e-17, 1.81901946697e-17, 1.92243507608e-17, 1.43474014026e-17, 1.34223570518e-17, 1.04029534285e-17, 5.10584512288e-18, 2.4457137502e-18, 1.52369202073e-18, 3.61368791544e-19, 3.44543795713e-20],
        "var": [0.702671706676, 38.7719116211, 208.797302246, 422.709838867, 771.078552246, 743.774841309, 184.377975464, 423.304260254, 1059.15795898, 2501.74804688, 790.124694824, 1214.63549805, 2705.16870117, 2737.51416016, 3073.46606445, 4309.04736328, 1356.72875977, 1022.26983643, 1069.05310059, 1412.99060059, 619.808166504, 1033.88122559, 804.995910645, 810.60925293, 811.169250488, 570.23815918, 418.665252686, 372.175201416, 312.245697021, 234.739379883, 249.743301392, 143.646972656, 81.7147674561, 48.6345558167, 15.4263782501, 3.50278139114, 0.456502437592, 0.00523611856624, 2.38442839873e-06, 6.18056716917e-09]
    },
    "gfcc": {
        "mean": [7.14636182785, 76.0936660767, -99.8949356079, 35.6664161682, -58.3346862793, 21.3173351288, -37.5666160583, 15.3375940323, -22.3577232361, 5.24237966537, -11.5007123947, 4.927485466, -9.56501102448],
        "cov": [[7901.82861328, -2923.34301758, -538.179016113, -8.50560951233, -853.756835938, 248.917572021, -351.340576172, 154.04246521, -523.66583252, 441.900543213, -444.785858154, 273.086364746, -211.998580933], [-2923.34301758, 3026.31982422, -67.2937774658, -63.7567672729, 796.889526367, -325.183898926, 275.922058105, -119.043434143, 347.096466064, -382.545166016, 372.072296143, -237.589874268, 134.41065979], [-538.179016113, -67.2937774658, 1476.66064453, 374.424255371, 161.387161255, 424.042907715, 181.974517822, 118.513542175, 89.1722259521, 119.140197754, -10.070230484, 74.1253585815, 37.5050773621], [-8.50560951233, -63.7567672729, 374.424255371, 368.015563965, 162.195083618, 141.368026733, 90.6134109497, 47.5018844604, 52.0239524841, 43.0134544373, 2.47944641113, 1.15134489536, 31.3432559967], [-853.756835938, 796.889526367, 161.387161255, 162.195083618, 558.065002441, 31.8187046051, 161.568618774, 60.8448486328, 153.008682251, -69.4862365723, 129.705963135, -59.0505332947, 33.8292770386], [248.917572021, -325.183898926, 424.042907715, 141.368026733, 31.8187046051, 306.449554443, 105.927085876, 107.895118713, 24.6597824097, 108.302345276, 2.53572535515, 64.590675354, 2.05932426453], [-351.340576172, 275.922058105, 181.974517822, 90.6134109497, 161.568618774, 105.927085876, 206.545013428, 72.8205032349, 92.9182357788, 17.4128322601, 75.3173370361, 14.5548973083, 31.837562561], [154.04246521, -119.043434143, 118.513542175, 47.5018844604, 60.8448486328, 107.895118713, 72.8205032349, 167.40713501, 61.0957145691, 76.841468811, 41.1929740906, 36.915348053, -0.58128541708], [-523.66583252, 347.096466064, 89.1722259521, 52.0239524841, 153.008682251, 24.6597824097, 92.9182357788, 61.0957145691, 160.484863281, 20.4303207397, 90.8137817383, -3.96137094498, 41.3079490662], [441.900543213, -382.545166016, 119.140197754, 43.0134544373, -69.4862365723, 108.302345276, 17.4128322601, 76.841468811, 20.4303207397, 153.536071777, -0.467946648598, 67.337600708, 4.55833101273], [-444.785858154, 372.072296143, -10.070230484, 2.47944641113, 129.705963135, 2.53572535515, 75.3173370361, 41.1929740906, 90.8137817383, -0.467946648598, 140.675262451, 8.4049949646, 33.8846168518], [273.086364746, -237.589874268, 74.1253585815, 1.15134489536, -59.0505332947, 64.590675354, 14.5548973083, 36.915348053, -3.96137094498, 67.337600708, 8.4049949646, 93.7189559937, 27.7564678192], [-211.998580933, 134.41065979, 37.5050773621, 31.3432559967, 33.8292770386, 2.05932426453, 31.837562561, -0.58128541708, 41.3079490662, 4.55833101273, 33.8846168518, 27.7564678192, 84.022819519]],
        "icov": [[0.00030225032242, -0.00017103565915, 0.000308079936076, -0.000353773502866, 0.000110108914669, -0.000263844674919, 0.000244333903538, -0.000425692647696, 0.000775676569901, -0.000779819441959, 0.000752837280743, -0.000800891080871, 0.000519202614669], [-0.00017103565915, 0.00233268178999, -0.000880043022335, 0.00157301814761, -0.00135923083872, 0.00170869077556, -0.00168509793002, 0.00160485436209, -0.00194233108778, 0.0029078933876, -0.00358322076499, 0.00345667568035, -0.00210180017166], [0.000308079936076, -0.000880043022335, 0.00188519025687, -0.00149192323443, 0.000451683095889, -0.00242304708809, 0.000749357684981, -0.000485060678329, 0.00050399400061, -0.00115490425378, 0.00237316894345, -0.00225800345652, 0.0010941431392], [-0.000353773502866, 0.00157301814761, -0.00149192323443, 0.00596845988184, -0.00227062543854, 0.000429568084655, -0.0016624663258, 0.00155419134535, -0.0013814609265, 0.000731641950551, -0.00145292840898, 0.00470237573609, -0.00375307607464], [0.000110108914669, -0.00135923083872, 0.000451683095889, -0.00227062543854, 0.00467096548527, -0.000997795024887, -3.39058860845e-05, -0.00180809793528, -0.000432107684901, 0.000627006287687, 0.000220944042667, -0.000698991585523, 0.00156196381431], [-0.000263844674919, 0.00170869077556, -0.00242304708809, 0.000429568084655, -0.000997795024887, 0.0102675640956, -0.00419171247631, -0.000876824895386, 0.000346762011759, -0.00045819368097, -0.00253754737787, 0.00092593341833, -0.000173596155946], [0.000244333903538, -0.00168509793002, 0.000749357684981, -0.0016624663258, -3.39058860845e-05, -0.00419171247631, 0.0108090862632, -0.00238812062889, -0.000826833304018, -0.000526418909431, 0.000871709955391, -0.00340113532729, 0.000808973622043], [-0.000425692647696, 0.00160485436209, -0.000485060678329, 0.00155419134535, -0.00180809793528, -0.000876824895386, -0.00238812062889, 0.0124780358747, -0.00472712703049, -0.000849024392664, -0.00365822436288, 0.000958075630479, 0.0012649348937], [0.000775676569901, -0.00194233108778, 0.00050399400061, -0.0013814609265, -0.000432107684901, 0.000346762011759, -0.000826833304018, -0.00472712703049, 0.0183018352836, -0.00801012758166, -0.00141777819954, 0.00135016848799, -0.00263670808636], [-0.000779819441959, 0.0029078933876, -0.00115490425378, 0.000731641950551, 0.000627006287687, -0.00045819368097, -0.000526418909431, -0.000849024392664, -0.00801012758166, 0.0198376830667, -0.00469680130482, -0.00221802131273, -0.000935722317081], [0.000752837280743, -0.00358322076499, 0.00237316894345, -0.00145292840898, 0.000220944042667, -0.00253754737787, 0.000871709955391, -0.00365822436288, -0.00141777819954, -0.00469680130482, 0.0204624440521, -0.00919476430863, 0.00246904301457], [-0.000800891080871, 0.00345667568035, -0.00225800345652, 0.00470237573609, -0.000698991585523, 0.00092593341833, -0.00340113532729, 0.000958075630479, 0.00135016848799, -0.00221802131273, -0.00919476430863, 0.0289331842214, -0.0131357982755], [0.000519202614669, -0.00210180017166, 0.0010941431392, -0.00375307607464, 0.00156196381431, -0.000173596155946, 0.000808973622043, 0.0012649348937, -0.00263670808636, -0.000935722317081, 0.00246904301457, -0.0131357982755, 0.0212536584586]]
    },
    "melbands": {
        "dmean": [0.00216872012243, 0.00226193107665, 0.0013209747849, 0.000929162080865, 0.000317266501952, 0.000183577329153, 0.000209141522646, 0.00020219371072, 0.000103017839137, 8.37668558233e-05, 8.96369092516e-05, 8.47617120598e-05, 9.47850785451e-05, 3.93632872147e-05, 5.8600671764e-05, 2.56261610048e-05, 2.45662322413e-05, 2.08365272556e-05, 2.42260503001e-05, 1.79502567335e-05, 1.24660746224e-05, 1.55454490596e-05, 1.04995187939e-05, 1.24444677567e-05, 9.0182720669e-06, 9.07904268388e-06, 9.28095687414e-06, 6.63321907268e-06, 5.50626373297e-06, 5.86032638239e-06, 5.0671947065e-06, 4.79687560073e-06, 4.17255978391e-06, 3.70747966372e-06, 4.24759946327e-06, 3.76977573069e-06, 2.8427698453e-06, 2.59103103417e-06, 2.77258027381e-06, 2.4909691092e-06],
        "dmean2": [0.00255182920955, 0.0029834494926, 0.00215578475036, 0.001626740559, 0.000544002221432, 0.000291322387056, 0.000324316701153, 0.000324568129145, 0.000165665333043, 0.000136712289532, 0.000151002212078, 0.000140426185681, 0.000155515037477, 6.65521147312e-05, 9.42051192396e-05, 4.24542304245e-05, 4.05680802942e-05, 3.41579107044e-05, 3.90442510252e-05, 2.85228779831e-05, 2.0274608687e-05, 2.5007453587e-05, 1.66950303537e-05, 2.00239373953e-05, 1.41964874274e-05, 1.43428451338e-05, 1.47485488924e-05, 1.07499563455e-05, 8.76149533724e-06, 9.74776321527e-06, 8.07587730378e-06, 7.65106869949e-06, 6.68120537739e-06, 5.86797659707e-06, 6.8322297011e-06, 5.80310688747e-06, 4.35176207247e-06, 4.12665713156e-06, 4.67315203423e-06, 4.13140287492e-06],
        "dvar": [1.45262411024e-05, 2.96850721497e-05, 1.54516765178e-05, 7.06581886334e-06, 3.5754786154e-07, 1.21171837009e-07, 1.40526552173e-07, 1.5739600201e-07, 5.72147733635e-08, 3.78133293566e-08, 7.0771392302e-08, 4.74978136822e-08, 4.38132872205e-08, 1.17138885258e-08, 2.77392739889e-08, 2.66331934284e-09, 2.00369965064e-09, 1.99458427552e-09, 2.07639838656e-09, 1.20325638342e-09, 5.75983816198e-10, 8.25398249749e-10, 2.93933405393e-10, 4.60150390014e-10, 2.18390236451e-10, 2.52769860598e-10, 2.55545640204e-10, 1.34474084645e-10, 8.84351897268e-11, 1.02295727444e-10, 6.93384932804e-11, 5.60553027606e-11, 4.59058138724e-11, 3.77112750749e-11, 6.59132817771e-11, 3.64443093759e-11, 2.11495959634e-11, 2.27191841728e-11, 2.82169166504e-11, 2.37603426517e-11],
        "dvar2": [2.19534085772e-05, 5.4869975429e-05, 3.80067140213e-05, 1.97411263798e-05, 1.02028900528e-06, 2.95156013408e-07, 3.21561742567e-07, 3.7081557025e-07, 1.37440054004e-07, 9.9847177637e-08, 2.10724735439e-07, 1.38782283443e-07, 1.10966261957e-07, 3.23584252726e-08, 6.55815313166e-08, 6.70616895349e-09, 5.19018072964e-09, 4.8446207046e-09, 5.24991428108e-09, 2.84127854577e-09, 1.46562562087e-09, 2.02468442012e-09, 7.31742610949e-10, 1.1632155239e-09, 5.11410025439e-10, 5.88213922015e-10, 6.23605944661e-10, 3.40413974786e-10, 2.23557519718e-10, 2.8256177953e-10, 1.70004704758e-10, 1.35327637985e-10, 1.14594680967e-10, 9.33437840911e-11, 1.59216764772e-10, 8.4795295785e-11, 5.17758023955e-11, 5.76046640943e-11, 7.75054534441e-11, 6.49754694493e-11],
        "max": [0.0664875507355, 0.0817218869925, 0.0635452792048, 0.0423671193421, 0.00867896247655, 0.00981549825519, 0.0147533202544, 0.0102219702676, 0.00421510124579, 0.00552868517116, 0.00877538695931, 0.008241340518, 0.00452100858092, 0.00331219402142, 0.00735762575641, 0.00224277144298, 0.000819186971057, 0.00163351977244, 0.000753652537242, 0.000769415288232, 0.000618075719103, 0.000433279434219, 0.000330642564222, 0.000407247920521, 0.000265704060439, 0.000325178029016, 0.000258127372945, 0.000200839043828, 0.000135635375045, 0.000110020235297, 8.8629189122e-05, 9.65316867223e-05, 9.11931856535e-05, 9.23507977859e-05, 9.11734605324e-05, 0.000105227984022, 7.06600039848e-05, 5.95516212343e-05, 6.47233173368e-05, 6.54305549688e-05],
        "mean": [0.00478399638087, 0.00341898552142, 0.00122739025392, 0.000834556587506, 0.00036804121919, 0.000264241534751, 0.000295775622362, 0.000257231818978, 0.000131269087433, 0.000113645408419, 0.000114886308438, 0.000108595064376, 0.000119253629236, 5.15203028044e-05, 7.51745392336e-05, 3.6103923776e-05, 3.63711369573e-05, 3.01203290292e-05, 3.34449505317e-05, 2.68212334049e-05, 1.86313900485e-05, 2.23793686018e-05, 1.68629940163e-05, 1.92316711036e-05, 1.53955479618e-05, 1.54116660269e-05, 1.38993882501e-05, 1.01674131656e-05, 8.48265062814e-06, 8.23705977382e-06, 7.55335167923e-06, 7.50531853555e-06, 6.49125695418e-06, 5.73769830226e-06, 6.00347811996e-06, 6.0487554947e-06, 4.69215001431e-06, 3.84363738704e-06, 3.84527584174e-06, 3.4845350001e-06],
        "median": [0.0011451538885, 0.00102920457721, 0.000245256640483, 0.000298543076497, 0.000192205887288, 0.000123177276691, 0.000132119559566, 9.98857431114e-05, 4.52438907814e-05, 4.09720560128e-05, 3.9068658225e-05, 3.81736645068e-05, 3.55021220457e-05, 1.68305450643e-05, 2.10456601053e-05, 1.58206748893e-05, 1.55471243488e-05, 1.02094218164e-05, 1.21618450066e-05, 9.57623706199e-06, 7.275302778e-06, 8.97363770491e-06, 7.43701093597e-06, 7.96488529886e-06, 6.57343525745e-06, 5.27593601873e-06, 5.68496125197e-06, 3.89907563658e-06, 2.56131852439e-06, 2.64860364041e-06, 2.62660068984e-06, 2.64321442955e-06, 2.3338070605e-06, 1.81594134574e-06, 2.00726344701e-06, 2.51832716458e-06, 1.90200057659e-06, 1.11570466288e-06, 1.09264988168e-06, 9.00556074157e-07],
        "min": [9.35751460053e-24, 6.47651923844e-24, 3.35909437445e-24, 1.0543881727e-23, 7.7839934744e-24, 7.83402776618e-24, 6.4089272695e-24, 7.90650278412e-24, 9.26089255027e-24, 4.460523664e-24, 1.17212179739e-23, 1.07816996241e-23, 1.23701073444e-23, 1.00696769265e-23, 1.18218379712e-23, 1.95734408168e-23, 1.44535079277e-23, 5.85147831639e-24, 6.96783245984e-24, 4.67237186567e-24, 1.23802244855e-23, 8.05360246598e-24, 1.60739670666e-23, 1.8744430047e-23, 1.07997250958e-23, 8.6335730035e-24, 9.14307538522e-24, 1.13561142143e-23, 6.6492320506e-24, 1.08168993866e-23, 8.66009292941e-24, 1.15837210958e-23, 1.01539872246e-23, 8.16644744075e-24, 1.03486347087e-23, 9.75353303014e-24, 1.32127401644e-23, 1.00263684628e-23, 8.52652536752e-24, 1.25768157228e-23],
        "var": [5.32602025487e-05, 5.05468560732e-05, 1.24687676362e-05, 4.41683414465e-06, 2.86847381403e-07, 2.02785628289e-07, 2.27222216154e-07, 2.34729299109e-07, 7.75535440312e-08, 5.40771978308e-08, 7.78934392542e-08, 5.20057312769e-08, 5.91382374182e-08, 1.86919741907e-08, 4.75774726283e-08, 4.23968193886e-09, 3.38477779138e-09, 3.8254688306e-09, 2.96364532915e-09, 2.00970529107e-09, 9.31615673494e-10, 1.25288879271e-09, 5.57019597114e-10, 7.68047292432e-10, 5.37423883173e-10, 7.16017745095e-10, 3.98965555037e-10, 2.26390614588e-10, 1.66773136967e-10, 1.54222190574e-10, 1.18620641087e-10, 1.08544562227e-10, 8.31856944439e-11, 7.76333025643e-11, 9.25905255245e-11, 7.69083824403e-11, 4.5763819817e-11, 3.83673266768e-11, 4.12899263391e-11, 3.45900356968e-11]
    },
    "mfcc": {
        "mean": [-640.042663574, 107.691642761, 16.1423416138, 19.6218166351, 7.84055185318, 4.65397644043, 2.85178375244, 7.49242019653, -0.988399386406, 3.27601456642, -0.0246800743043, 1.72595560551, 2.38887405396],
        "cov": [[8179.88134766, -2805.85058594, -499.463623047, -474.139007568, -663.431518555, -149.101028442, -149.581451416, -358.844848633, -70.6922454834, -177.445129395, -69.8792724609, -165.540084839, -85.8538894653], [-2805.85058594, 2649.34008789, -332.903259277, 298.772491455, 404.624938965, -62.7383270264, 74.7353210449, 217.135894775, -58.9784164429, 63.3555603027, 110.98802948, 27.091588974, -19.0614833832], [-499.463623047, -332.903259277, 1210.86694336, 98.7961807251, 108.741950989, 295.913146973, 150.712692261, 88.9146194458, 166.854934692, 82.6649932861, -6.32105922699, 94.9897384644, 82.9954910278], [-474.139007568, 298.772491455, 98.7961807251, 310.636230469, 202.858398438, 93.8768920898, 78.6301879883, 69.8160629272, 62.2471580505, 50.734413147, 36.2169685364, 7.75789213181, 15.2963218689], [-663.431518555, 404.624938965, 108.741950989, 202.858398438, 348.081268311, 103.623046875, 102.89465332, 111.338043213, 52.4374275208, 80.5559997559, 66.6368408203, 25.2576885223, 18.8070106506], [-149.101028442, -62.7383270264, 295.913146973, 93.8768920898, 103.623046875, 210.303588867, 109.518409729, 57.9102897644, 83.811126709, 39.647895813, 20.7561244965, 46.7904586792, 35.2070808411], [-149.581451416, 74.7353210449, 150.712692261, 78.6301879883, 102.89465332, 109.518409729, 160.323577881, 99.9816055298, 58.9247932434, 48.2298660278, 49.3864479065, 42.8442268372, 33.9038963318], [-358.844848633, 217.135894775, 88.9146194458, 69.8160629272, 111.338043213, 57.9102897644, 99.9816055298, 148.233032227, 43.9156036377, 67.1617050171, 54.7901000977, 41.1923408508, 30.8400382996], [-70.6922454834, -58.9784164429, 166.854934692, 62.2471580505, 52.4374275208, 83.811126709, 58.9247932434, 43.9156036377, 122.193580627, 43.5381202698, 22.2623271942, 34.6673851013, 36.0092315674], [-177.445129395, 63.3555603027, 82.6649932861, 50.734413147, 80.5559997559, 39.647895813, 48.2298660278, 67.1617050171, 43.5381202698, 124.605361938, 62.5652160645, 38.9038391113, 32.439956665], [-69.8792724609, 110.98802948, -6.32105922699, 36.2169685364, 66.6368408203, 20.7561244965, 49.3864479065, 54.7901000977, 22.2623271942, 62.5652160645, 95.5894165039, 44.8427772522, 23.2552642822], [-165.540084839, 27.091588974, 94.9897384644, 7.75789213181, 25.2576885223, 46.7904586792, 42.8442268372, 41.1923408508, 34.6673851013, 38.9038391113, 44.8427772522, 88.4405059814, 49.1586112976], [-85.8538894653, -19.0614833832, 82.9954910278, 15.2963218689, 18.8070106506, 35.2070808411, 33.9038963318, 30.8400382996, 36.0092315674, 32.439956665, 23.2552642822, 49.1586112976, 80.4901199341]],
