{
"lowlevel": {
    "average_loudness": 0.940729796886,
    "barkbands_crest": {
        "dmean": 2.8422665596,
        "dmean2": 4.35112190247,
        "dvar": 7.40453720093,
        "dvar2": 16.2464847565,
        "max": 26.2381305695,
        "mean": 12.7754068375,
        "median": 11.2890443802,
        "min": 2.36942505836,
        "var": 37.665271759
    },
    "barkbands_flatness_db": {
        "dmean": 0.0261483658105,
        "dmean2": 0.0365992560983,
        "dvar": 0.000741023395676,
        "dvar2": 0.00137871166226,
        "max": 0.614822924137,
        "mean": 0.162978306413,
        "median": 0.152410447598,
        "min": 0.0288203861564,
        "var": 0.00500063877553
    },
    "barkbands_kurtosis": {
        "dmean": 4.01842498779,
        "dmean2": 6.06595802307,
        "dvar": 144.867340088,
        "dvar2": 307.176025391,
        "max": 618.35357666,
        "mean": 6.3895983696,
        "median": 2.79962396622,
        "min": -1.86512243748,
        "var": 370.783905029
    },
    "barkbands_skewness": {
        "dmean": 0.635900855064,
        "dmean2": 0.899376094341,
        "dvar": 0.536084532738,
        "dvar2": 1.04058277607,
        "max": 19.1332855225,
        "mean": 1.75138139725,
        "median": 1.74262285233,
        "min": -6.75834751129,
        "var": 2.82634735107
    },
    "barkbands_spread": {
        "dmean": 5.44796419144,
        "dmean2": 7.93173074722,
        "dvar": 38.5153923035,
        "dvar2": 76.1373672485,
        "max": 94.5300750732,
        "mean": 19.2314472198,
        "median": 17.5911903381,
        "min": 0.150322273374,
        "var": 122.018592834
    },
    "dissonance": {
        "dmean": 0.0201071687043,
        "dmean2": 0.0334209240973,
        "dvar": 0.000389321066905,
        "dvar2": 0.0010672044009,
        "max": 0.500000059605,
        "mean": 0.462950140238,
        "median": 0.470661371946,
        "min": 0.244427993894,
        "var": 0.000873770157341
    },
    "dynamic_complexity": 2.81309151649,
    "erbbands_crest": {
        "dmean": 2.76170158386,
        "dmean2": 4.44852542877,
        "dvar": 6.20760631561,
        "dvar2": 16.0292873383,
        "max": 30.407409668,
        "mean": 9.18385314941,
        "median": 8.25033378601,
        "min": 1.97181260586,
        "var": 17.8102645874
    },
    "erbbands_flatness_db": {
        "dmean": 0.0197122152895,
        "dmean2": 0.0274731852114,
        "dvar": 0.000390506873373,
        "dvar2": 0.000674866139889,
        "max": 0.448286175728,
        "mean": 0.16895775497,
        "median": 0.164485886693,
        "min": 0.0529950968921,
        "var": 0.00309505104087
    },
    "erbbands_kurtosis": {
        "dmean": 1.02762460709,
        "dmean2": 1.54926431179,
        "dvar": 1.75099730492,
        "dvar2": 3.66954851151,
        "max": 40.9812278748,
        "mean": 0.844144582748,
        "median": 0.250085830688,
        "min": -1.73703539371,
        "var": 4.72854852676
    },
    "erbbands_skewness": {
        "dmean": 0.376867860556,
        "dmean2": 0.549063384533,
        "dvar": 0.114405758679,
        "dvar2": 0.226940661669,
        "max": 3.49703598022,
        "mean": 0.0578645057976,
        "median": 0.0369664244354,
        "min": -5.63232660294,
        "var": 0.545361340046
    },
    "erbbands_spread": {
        "dmean": 8.27517604828,
        "dmean2": 11.7521886826,
        "dvar": 79.0596237183,
        "dvar2": 153.492538452,
        "max": 172.249465942,
        "mean": 33.3815078735,
        "median": 30.9718551636,
        "min": 3.10575652122,
        "var": 315.34564209
    },
    "hfc": {
        "dmean": 8.03726005554,
        "dmean2": 11.1425075531,
        "dvar": 122.209541321,
        "dvar2": 217.81741333,
        "max": 145.347564697,
        "mean": 22.4579315186,
        "median": 18.4171619415,
        "min": 1.09658010317e-16,
        "var": 333.390686035
    },
    "melbands_crest": {
        "dmean": 3.69277858734,
        "dmean2": 5.59515714645,
        "dvar": 11.6967153549,
        "dvar2": 24.2022972107,
        "max": 34.2585296631,
        "mean": 17.6724052429,
        "median": 16.5176486969,
        "min": 1.49581825733,
        "var": 61.7505111694
    },
    "melbands_flatness_db": {
        "dmean": 0.0313750728965,
        "dmean2": 0.0425783917308,
        "dvar": 0.00111951096915,
        "dvar2": 0.00205809366889,
        "max": 0.795754611492,
        "mean": 0.23373927176,
        "median": 0.22674909234,
        "min": 0.00300906482153,
        "var": 0.00856005400419
    },
    "melbands_kurtosis": {
        "dmean": 8.91034793854,
        "dmean2": 13.2796707153,
        "dvar": 495.241485596,
        "dvar2": 1148.35388184,
        "max": 1102.06494141,
        "mean": 17.8821811676,
        "median": 10.4156656265,
        "min": -1.91190481186,
        "var": 1099.46826172
    },
    "melbands_skewness": {
        "dmean": 0.846286594868,
        "dmean2": 1.18890595436,
        "dvar": 0.894160211086,
        "dvar2": 1.78235423565,
        "max": 27.6176528931,
        "mean": 3.0031003952,
        "median": 2.93190312386,
        "min": -2.69338703156,
        "var": 4.95770549774
    },
    "melbands_spread": {
        "dmean": 6.88315010071,
        "dmean2": 9.84750270844,
        "dvar": 110.505737305,
        "dvar2": 203.990097046,
        "max": 285.453369141,
        "mean": 21.4658851624,
        "median": 15.433347702,
        "min": 0.241002470255,
        "var": 415.535308838
    },
    "pitch_salience": {
        "dmean": 0.0817533731461,
        "dmean2": 0.122881226242,
        "dvar": 0.00691012712196,
        "dvar2": 0.0148660289124,
        "max": 0.885406792164,
        "mean": 0.466449320316,
        "median": 0.495695531368,
        "min": 0.0465411432087,
        "var": 0.0300391819328
    },
    "silence_rate_20dB": {
        "dmean": 0,
        "dmean2": 0,
        "dvar": 0,
        "dvar2": 0,
        "max": 1,
        "mean": 1,
        "median": 1,
        "min": 1,
        "var": 0
    },
    "silence_rate_30dB": {
        "dmean": 0.0845615342259,
        "dmean2": 0.169138640165,
        "dvar": 0.0774050503969,
        "dvar2": 0.180123180151,
        "max": 1,
        "mean": 0.9151699543,
        "median": 1,
        "min": 0,
        "var": 0.0776377767324
    },
    "silence_rate_60dB": {
        "dmean": 0.0206337515265,
        "dmean2": 0.0412713028491,
        "dvar": 0.0202092584223,
        "dvar2": 0.0539440140128,
        "max": 1,
        "mean": 0.0454084910452,
        "median": 0,
        "min": 0,
        "var": 0.0433471687138
    },
    "spectral_centroid": {
        "dmean": 276.415039062,
        "dmean2": 374.060211182,
        "dvar": 103702.328125,
        "dvar2": 184722.640625,
        "max": 11698.4892578,
        "mean": 1486.69921875,
        "median": 1390.24938965,
        "min": 130.665359497,
        "var": 1137599.75
    },
    "spectral_complexity": {
        "dmean": 3.86569643021,
        "dmean2": 5.68475341797,
        "dvar": 19.9411220551,
        "dvar2": 37.1884803772,
        "max": 53,
        "mean": 18.4702949524,
        "median": 18,
        "min": 0,
        "var": 72.4401550293
    },
    "spectral_decrease": {
        "dmean": 3.43297323901e-09,
        "dmean2": 4.6796517772e-09,
        "dvar": 2.20838827055e-17,
        "dvar2": 3.91214408962e-17,
        "max": 2.69088259602e-28,
        "mean": -1.26427437408e-08,
        "median": -9.38305344533e-09,
        "min": -6.11496560055e-08,
        "var": 1.04656207972e-16
    },
    "spectral_energy": {
        "dmean": 0.0134374592453,
        "dmean2": 0.0182399749756,
        "dvar": 0.000329515984049,
        "dvar2": 0.000576919992454,
        "max": 0.238615304232,
        "mean": 0.0497536249459,
        "median": 0.0371946133673,
        "min": 1.01075848611e-20,
        "var": 0.00156933872495
    },
    "spectral_energyband_high": {
        "dmean": 0.000504163850565,
        "dmean2": 0.000716288166586,
        "dvar": 1.09632185286e-06,
        "dvar2": 2.04301841222e-06,
        "max": 0.01739455387,
        "mean": 0.000810923054814,
        "median": 0.000270072167041,
        "min": 7.26479370131e-21,
        "var": 2.12231088881e-06
    },
    "spectral_energyband_low": {
        "dmean": 0.0102899977937,
        "dmean2": 0.0150997126475,
        "dvar": 0.000282067427179,
        "dvar2": 0.000554452475626,
        "max": 0.195858553052,
        "mean": 0.0338064357638,
        "median": 0.019554335624,
        "min": 8.55529196929e-24,
        "var": 0.00115998589899
    },
    "spectral_energyband_middle_high": {
        "dmean": 0.00238755415194,
        "dmean2": 0.00353213096969,
        "dvar": 9.05045999389e-06,
        "dvar2": 1.84789150808e-05,
        "max": 0.069442011416,
        "mean": 0.00681461626664,
        "median": 0.0053249662742,
        "min": 1.20946366745e-21,
        "var": 3.50917871401e-05
    },
    "spectral_energyband_middle_low": {
        "dmean": 0.00710093090311,
        "dmean2": 0.0106825297698,
        "dvar": 0.000165623248904,
        "dvar2": 0.000400860386435,
        "max": 0.122511185706,
        "mean": 0.010542685166,
        "median": 0.0057810395956,
        "min": 1.2247993254e-22,
        "var": 0.00018643392832
    },
    "spectral_entropy": {
        "dmean": 0.193025678396,
        "dmean2": 0.279951244593,
        "dvar": 0.051853902638,
        "dvar2": 0.0945410206914,
        "max": 9.82516002655,
        "mean": 7.45211553574,
        "median": 7.44917392731,
        "min": 4.63006782532,
        "var": 0.287413597107
    },
    "spectral_flux": {
        "dmean": 0.0373597592115,
        "dmean2": 0.0545910969377,
        "dvar": 0.0016611275496,
        "dvar2": 0.00259581813589,
        "max": 0.362527966499,
        "mean": 0.105034708977,
        "median": 0.0794385224581,
        "min": 6.33324434562e-11,
        "var": 0.00529952254146
    },
    "spectral_kurtosis": {
        "dmean": 2.50717902184,
        "dmean2": 4.2341542244,
        "dvar": 69.0047531128,
        "dvar2": 216.891067505,
        "max": 398.192626953,
        "mean": 6.5529756546,
        "median": 4.52660560608,
        "min": -1.2645059824,
        "var": 352.902191162
    },
    "spectral_rms": {
        "dmean": 0.00100021401886,
        "dmean2": 0.0012879826827,
        "dvar": 1.46461297845e-06,
        "dvar2": 2.19992466555e-06,
        "max": 0.0152576342225,
        "mean": 0.00625274470076,
        "median": 0.00602390477434,
        "min": 3.14023221488e-12,
        "var": 9.44332896324e-06
    },
    "spectral_rolloff": {
        "dmean": 401.077514648,
        "dmean2": 631.469665527,
        "dvar": 516027.46875,
        "dvar2": 1015547.75,
        "max": 19616.7480469,
        "mean": 1272.87768555,
        "median": 861.328125,
        "min": 64.599609375,
        "var": 3801740
    },
    "spectral_skewness": {
        "dmean": 0.273811846972,
        "dmean2": 0.438502967358,
        "dvar": 0.110857971013,
        "dvar2": 0.283115953207,
        "max": 16.7769260406,
        "mean": 1.66009712219,
        "median": 1.56127429008,
        "min": -0.435060858727,
        "var": 0.988186597824
    },
    "spectral_spread": {
        "dmean": 572187.1875,
        "dmean2": 784516.5,
        "dvar": 709903581184,
        "dvar2": 1.0904820777e+12,
        "max": 43210208,
        "mean": 4433570.5,
        "median": 3750921.75,
        "min": 168580.84375,
        "var": 1.30351219343e+13
    },
    "spectral_strongpeak": {
        "dmean": 0.446876823902,
        "dmean2": 0.741587221622,
        "dvar": 0.596710026264,
        "dvar2": 1.47214818001,
        "max": 16.1731452942,
        "mean": 0.904340386391,
        "median": 0.624751746655,
        "min": 0,
        "var": 1.04026722908
    },
    "zerocrossingrate": {
        "dmean": 0.0107328770682,
        "dmean2": 0.0120752332732,
        "dvar": 0.000204832991585,
        "dvar2": 0.000255893246504,
        "max": 0.5185546875,
        "mean": 0.0513441413641,
        "median": 0.04345703125,
        "min": 0.00244140625,
        "var": 0.00277496874332
    },
    "barkbands": {
        "dmean": [0.000541154469829, 0.00854116585106, 0.00631032092497, 0.00373758003116, 0.00206347811036, 0.000809148303233, 0.000623952131718, 0.000857980689034, 0.000808751559816, 0.000767043500673, 0.000653605675325, 0.000443796539912, 0.000600373663474, 0.000604047905654, 0.000431112304796, 0.000282527413219, 0.000231111975154, 0.000205885648029, 0.000166008321685, 0.00012853712542, 0.00010100457439, 9.87061139313e-05, 0.000110480898002, 8.40344146127e-05, 8.23031077744e-05, 4.44864963356e-05, 1.53231098921e-06],
        "dmean2": [0.000795996573288, 0.0116526391357, 0.00951291341335, 0.00653425138444, 0.00351745355874, 0.0012025272008, 0.000900469545741, 0.00122291280422, 0.00117018690798, 0.00113623507787, 0.000988311017863, 0.000682760961354, 0.000938111566938, 0.000962828285992, 0.000705377373379, 0.000453891087091, 0.000376905256417, 0.000330291164573, 0.000263340072706, 0.000201379269129, 0.000153872693772, 0.000148502920638, 0.000166570403962, 0.000123805002659, 0.000117298863188, 6.57342097838e-05, 2.45702312895e-06],
        "dvar": [7.89836121839e-07, 0.000177909096237, 0.000197714645765, 9.54353163252e-05, 2.03122763196e-05, 2.79425285044e-06, 2.42284590968e-06, 5.5881823755e-06, 5.3450444284e-06, 2.80462177216e-06, 1.46316745031e-06, 6.30866736628e-07, 1.82553003469e-06, 1.12622581128e-06, 7.63471177834e-07, 3.15867737299e-07, 1.27420321405e-07, 1.18734362786e-07, 7.69294885572e-08, 5.56625572301e-08, 3.74714197449e-08, 7.32655180968e-08, 8.31653892419e-08, 6.93889532499e-08, 4.6147437871e-08, 1.28440236224e-08, 1.47190367533e-11],
        "dvar2": [1.99830878955e-06, 0.000334188778652, 0.000445525569376, 0.000264127505943, 5.71658674744e-05, 5.69758958591e-06, 5.23974495081e-06, 1.23482650451e-05, 1.0832872249e-05, 5.62546438232e-06, 3.18443517244e-06, 1.43072361425e-06, 4.05601667808e-06, 2.76700575341e-06, 1.94363838091e-06, 8.04044020697e-07, 3.3065845173e-07, 2.79211462839e-07, 1.68669728851e-07, 1.34226226578e-07, 8.37395646158e-08, 1.66149078495e-07, 1.73364398393e-07, 1.36169575171e-07, 8.60197388874e-08, 2.60323105294e-08, 3.52799837955e-11],
        "max": [0.0112899374217, 0.152311101556, 0.105371445417, 0.0644093602896, 0.0478667169809, 0.0354974381626, 0.0410225167871, 0.0654119104147, 0.073083281517, 0.0615414567292, 0.0232765115798, 0.0140491686761, 0.0306896083057, 0.019517255947, 0.0244710464031, 0.0104380995035, 0.00449100276455, 0.00804887898266, 0.00768906250596, 0.00460534822196, 0.00390898482874, 0.0060395016335, 0.00943748466671, 0.00880210287869, 0.00375419738702, 0.000901223451365, 3.58173383574e-05],
        "mean": [0.000834665144794, 0.0243357103318, 0.00670462101698, 0.0031644012779, 0.00222327397205, 0.00112392031588, 0.000906339031644, 0.00125694833696, 0.00128365517594, 0.0013379472075, 0.00103277934249, 0.000696066475939, 0.000926325446926, 0.000953400507569, 0.000643709558062, 0.00042311073048, 0.000365465733921, 0.00032642451697, 0.000289209681796, 0.000226397867664, 0.000168063343153, 0.000136584538268, 0.00012864395103, 0.000111344772449, 0.000101120378531, 5.20100111316e-05, 1.48332401295e-06],
        "median": [0.000151840125909, 0.0067035141401, 0.00103032239713, 0.000424731581006, 0.000681075092871, 0.000367584434571, 0.000293488643365, 0.000344066240359, 0.000393216207158, 0.000419080781285, 0.000415170041379, 0.000256500410615, 0.000372493144823, 0.000337780656992, 0.000188201578567, 0.000159544317285, 0.00018980979803, 0.00017405138351, 0.000156352500198, 0.000115955954243, 7.33992492314e-05, 3.99141135858e-05, 2.25314124691e-05, 1.68591432157e-05, 7.20684056432e-06, 2.55630266111e-06, 2.15332974562e-07],
        "min": [1.25435059232e-25, 2.61762172432e-24, 4.96954464335e-25, 1.4263972854e-24, 2.80294842235e-24, 1.01326950799e-23, 1.22614291329e-23, 7.29917139497e-24, 1.30372091466e-23, 1.17077544848e-23, 1.93650726751e-23, 2.50799991688e-23, 2.48928592739e-23, 3.57042705552e-23, 3.96294152276e-23, 6.83598398363e-23, 7.83813836258e-23, 7.86417455899e-23, 1.3170348357e-22, 1.6893169771e-22, 2.2042659385e-22, 3.38585891036e-22, 3.62600003437e-22, 5.98798589977e-22, 7.87095674329e-22, 1.37257011332e-21, 1.93305505441e-21],
        "var": [1.53908479206e-06, 0.000893304124475, 0.000200852795388, 6.18318808847e-05, 1.53574965225e-05, 5.76971615374e-06, 4.33574814451e-06, 8.98485814105e-06, 1.34156070999e-05, 9.50847697823e-06, 2.89433774014e-06, 1.27429143504e-06, 3.30904777002e-06, 2.36410323851e-06, 1.60845354458e-06, 5.55511064704e-07, 2.22829498853e-07, 2.18830507492e-07, 1.70584200987e-07, 1.02008471004e-07, 7.11337264647e-08, 1.01138347475e-07, 1.18560343765e-07, 1.11096781552e-07, 6.60038352862e-08, 1.73612999532e-08, 1.36932522612e-11]
    },
    "erbbands": {
        "dmean": [0.326258450747, 2.11177277565, 6.0478348732, 10.8043165207, 9.17045974731, 6.21111679077, 5.63377666473, 7.48780107498, 8.58218479156, 13.9646291733, 16.4150409698, 19.0958957672, 24.2949466705, 19.6350536346, 23.6006031036, 17.9402141571, 27.8856334686, 28.1607379913, 21.3182983398, 19.4330291748, 13.307759285, 12.4890012741, 11.9730539322, 9.98730278015, 7.11715888977, 5.68556451797, 4.87803506851, 3.57738351822, 3.7667992115, 3.29225492477, 2.97734713554, 1.81087362766, 1.39626777172, 1.0185624361, 0.548253297806, 0.309002250433, 0.0483268238604, 0.0066375983879, 0.000159277551575, 1.99823098228e-05],
        "dmean2": [0.397041380405, 2.93307065964, 8.28473949432, 17.5796718597, 15.7905454636, 10.4405832291, 8.9565448761, 11.1571302414, 12.3912553787, 19.4494514465, 23.7194213867, 27.5594882965, 35.6855812073, 29.6059093475, 35.7374229431, 27.4295749664, 43.169418335, 44.8549690247, 33.769367218, 31.9875831604, 21.4717979431, 20.1662368774, 19.26994133, 15.9270277023, 11.2858409882, 8.86277198792, 7.37987089157, 5.52545070648, 5.68590402603, 4.92869091034, 4.42805719376, 2.63437247276, 2.12492489815, 1.49231123924, 0.777788102627, 0.450201153755, 0.0737062320113, 0.00977530796081, 0.000230304241995, 2.65928829322e-05],
        "dvar": [0.257937908173, 9.53038311005, 146.195724487, 653.157775879, 542.058837891, 168.889602661, 97.1701278687, 298.461303711, 474.859375, 1105.91882324, 2115.06567383, 3133.19165039, 2924.44775391, 1580.37695312, 1749.27868652, 920.981140137, 3851.13476562, 2627.82250977, 1210.72790527, 1345.99804688, 832.410095215, 393.397186279, 378.221008301, 405.589996338, 140.821655273, 137.152954102, 88.2832946777, 60.5079956055, 101.430488586, 62.4416694641, 61.141620636, 41.4648742676, 17.065990448, 7.36724710464, 2.05555295944, 0.753820419312, 0.0110885230824, 0.000218463261263, 1.20388065739e-07, 6.95730417721e-10],
        "dvar2": [0.418315351009, 16.6078643799, 291.461975098, 1660.44775391, 1501.01794434, 467.112243652, 224.72706604, 614.092224121, 1004.00720215, 2254.19873047, 4901.68994141, 6161.06054688, 5846.55859375, 3540.23217773, 3569.76464844, 2119.32446289, 8501.3671875, 6631.60107422, 2868.42944336, 3562.81787109, 2249.91821289, 1022.49700928, 930.751708984, 915.157165527, 324.42980957, 332.137969971, 187.280792236, 142.895446777, 232.065200806, 135.062423706, 121.341995239, 75.0887298584, 37.479095459, 14.24913311, 3.62539505959, 1.58168017864, 0.0220759231597, 0.000467596662929, 2.49549430009e-07, 1.12588804946e-09],
        "max": [5.58013153076, 34.7026519775, 105.477638245, 170.769424438, 156.464355469, 222.886016846, 246.651382446, 442.42956543, 738.633056641, 755.867980957, 1124.70715332, 2034.65307617, 1370.42407227, 855.917114258, 857.740112305, 558.951599121, 1499.66760254, 1099.86181641, 545.129882812, 830.563171387, 696.318969727, 311.946350098, 284.211303711, 655.627197266, 273.175323486, 253.348480225, 233.264709473, 170.643707275, 222.453460693, 166.090957642, 283.937744141, 283.712463379, 116.541564941, 53.1722106934, 20.8108005524, 7.13136482239, 0.828602313995, 0.110110081732, 0.00272353203036, 0.000306040514261],
        "mean": [0.864550054073, 4.80984783173, 7.65382432938, 10.6016960144, 8.35250759125, 6.99143695831, 7.52926921844, 10.1323299408, 12.4809093475, 21.7875728607, 23.6121006012, 31.7948608398, 43.0334472656, 32.920879364, 39.497543335, 30.3699607849, 45.2755393982, 47.797039032, 36.2612457275, 30.1594543457, 22.0796298981, 21.142375946, 19.7506084442, 16.0892601013, 13.3498029709, 10.0046472549, 8.02765750885, 5.72615098953, 5.18714523315, 4.15735769272, 3.55829882622, 2.39077043533, 1.7982853651, 1.26291203499, 0.67430973053, 0.342286407948, 0.0641149505973, 0.00753633817658, 0.000203900592169, 6.46747430437e-05],
        "median": [0.157481938601, 1.66072821617, 1.99531269073, 1.62572979927, 1.66321516037, 2.28561592102, 2.87354421616, 3.09022068977, 4.09692525864, 7.58601713181, 7.78739833832, 10.5434064865, 14.0151939392, 12.6491479874, 18.508108139, 14.3939619064, 21.5734786987, 20.1900596619, 17.7735996246, 12.853518486, 9.5635061264, 11.6923694611, 10.778585434, 8.4096698761, 7.93564081192, 5.23061466217, 3.62560248375, 2.40333104134, 1.56887114048, 0.983344256878, 0.60839253664, 0.351828247309, 0.258431553841, 0.104994468391, 0.0436975546181, 0.0147987231612, 0.00428338441998, 0.000770773156546, 4.97039618494e-05, 4.90944548801e-05],
        "min": [6.30838876151e-23, 4.04199377895e-22, 9.00777371773e-22, 6.51537008582e-21, 2.85178816257e-21, 9.89174484337e-21, 4.07668468572e-20, 9.08106923053e-20, 1.2724877377e-19, 2.09297090148e-19, 1.8936075784e-19, 3.38426213471e-19, 5.34929792223e-19, 6.75442756083e-19, 1.08445053346e-18, 1.28343534386e-18, 1.24645985349e-18, 2.10191391297e-18, 2.2732286013e-18, 3.7142783512e-18, 4.39750389457e-18, 5.45597744128e-18, 5.05280009815e-18, 7.22241336758e-18, 6.50867437219e-18, 8.30577512457e-18, 1.00711464694e-17, 8.2430508459e-18, 1.05316511513e-17, 1.129151746e-17, 1.15532398873e-17, 8.79852826982e-18, 1.03144996969e-17, 7.48223989697e-18, 5.51467417755e-18, 4.08169791722e-18, 2.36040806119e-18, 9.83806537757e-19, 2.44601443035e-19, 2.74473196776e-20],
        "var": [1.48634839058, 36.2351379395, 201.720474243, 523.408630371, 353.815887451, 146.371383667, 189.087081909, 571.847351074, 886.28729248, 2044.20166016, 2965.61376953, 8740.48339844, 8879.08789062, 3594.39819336, 3818.57666016, 1819.8013916, 6926.69042969, 5601.45019531, 2521.52661133, 2542.16210938, 1397.07861328, 726.66418457, 676.038024902, 732.743041992, 314.131958008, 230.396194458, 162.804946899, 97.9050750732, 141.299530029, 86.7377700806, 95.3753814697, 75.7769622803, 24.1447257996, 10.4376039505, 3.00063347816, 0.918082416058, 0.0177967455238, 0.000272263074294, 1.59235582942e-07, 2.76804645871e-09]
    },
    "gfcc": {
        "mean": [-12.1741485596, 98.5587615967, -125.438354492, 32.5569953918, -43.4011230469, 22.081615448, -24.0343170166, 13.4029216766, -18.7011737823, 4.94662761688, -11.4540147781, -1.19088280201, -10.0582065582],
        "cov": [[18911.2226562, -294.085174561, -188.216003418, 1307.20849609, -429.705688477, 908.175231934, -736.806396484, 352.500305176, -418.248199463, 333.999542236, -438.790863037, 123.456115723, -260.678955078], [-294.085174561, 1717.75061035, 72.7777786255, 3.6181409359, 323.827362061, -187.198669434, 283.888153076, -148.836715698, 186.03918457, -191.841842651, 166.464126587, -145.160308838, 82.9622650146], [-188.216003418, 72.7777786255, 1480.18066406, 335.272583008, 188.625488281, 139.645050049, -82.0054321289, 78.3452606201, 16.1163387299, 84.2205429077, -60.0037765503, 81.3087463379, -58.2595100403], [1307.20849609, 3.6181409359, 335.272583008, 619.042053223, 195.266738892, 128.857162476, 13.1473436356, 44.6119537354, 85.4611206055, 64.4720458984, 16.276884079, 30.3027305603, -1.67938184738], [-429.705688477, 323.827362061, 188.625488281, 195.266738892, 479.691864014, 92.6662216187, 183.200195312, 40.7666358948, 132.199264526, 36.7495384216, 71.7973632812, 26.6348018646, 41.8975753784], [908.175231934, -187.198669434, 139.645050049, 128.857162476, 92.6662216187, 356.974884033, 68.9259490967, 98.5739822388, 7.2900261879, 83.421913147, 8.48616409302, 31.7942237854, 22.2473754883], [-736.806396484, 283.888153076, -82.0054321289, 13.1473436356, 183.200195312, 68.9259490967, 319.12588501, 48.3031349182, 130.13885498, 13.0137176514, 116.268447876, 6.43389749527, 68.250541687], [352.500305176, -148.836715698, 78.3452606201, 44.6119537354, 40.7666358948, 98.5739822388, 48.3031349182, 183.854125977, 67.2903900146, 74.5577011108, 5.94397592545, 47.9542999268, 18.9418258667], [-418.248199463, 186.03918457, 16.1163387299, 85.4611206055, 132.199264526, 7.2900261879, 130.13885498, 67.2903900146, 224.386001587, 33.9079360962, 81.4177780151, 7.58695459366, 61.3137245178], [333.999542236, -191.841842651, 84.2205429077, 64.4720458984, 36.7495384216, 83.421913147, 13.0137176514, 74.5577011108, 33.9079360962, 149.260971069, 25.1930122375, 60.0252342224, -6.63240718842], [-438.790863037, 166.464126587, -60.0037765503, 16.276884079, 71.7973632812, 8.48616409302, 116.268447876, 5.94397592545, 81.4177780151, 25.1930122375, 151.679718018, 28.0426921844, 54.3777275085], [123.456115723, -145.160308838, 81.3087463379, 30.3027305603, 26.6348018646, 31.7942237854, 6.43389749527, 47.9542999268, 7.58695459366, 60.0252342224, 28.0426921844, 121.108726501, 26.2168827057], [-260.678955078, 82.9622650146, -58.2595100403, -1.67938184738, 41.8975753784, 22.2473754883, 68.250541687, 18.9418258667, 61.3137245178, -6.63240718842, 54.3777275085, 26.2168827057, 121.124633789]],
        "icov": [[0.000191992279724, -0.000462308205897, 0.00032446635305, -0.000529626093339, 0.000379814038752, -0.000621259445325, 0.000569114810787, -0.000481660710648, 0.000326144596329, -0.000458472350147, 0.000592412601691, -0.000587593298405, 0.000286964204861], [-0.000462308205897, 0.0024159012828, -0.00108820770402, 0.00137668417301, -0.00153002224397, 0.00205384823494, -0.00196706037968, 0.00169887929223, -0.00112865283154, 0.00224628043361, -0.00244256458245, 0.00271196942776, -0.000955401919782], [0.00032446635305, -0.00108820770402, 0.00150871940423, -0.0012222653022, 0.000453546002973, -0.00136906141415, 0.00145249406341, -0.00105055118911, 0.000493564759381, -0.000972301815636, 0.00153135543223, -0.00186503317673, 0.00100590975489], [-0.000529626093339, 0.00137668417301, -0.0012222653022, 0.00372767262161, -0.00178998056799, 0.00107241689693, -0.000940620608162, 0.00170507701114, -0.00184803490993, 0.00115549901966, -0.00181739241816, 0.00163082662039, -0.000471757957712], [0.000379814038752, -0.00153002224397, 0.000453546002973, -0.00178998056799, 0.00446482514963, -0.00179180398118, -0.000334008276695, -0.000582994311117, -0.000182751056855, -0.00142290489748, 0.0018840173725, -0.00222767516971, 0.000773746345658], [-0.000621259445325, 0.00205384823494, -0.00136906141415, 0.00107241689693, -0.00179180398118, 0.00655178865418, -0.00319301174022, -9.05210299607e-07, 0.000785112380981, 3.32873751177e-05, -0.00198074337095, 0.0035105869174, -0.00243792403489], [0.000569114810787, -0.00196706037968, 0.00145249406341, -0.000940620608162, -0.000334008276695, -0.00319301174022, 0.00837945565581, -0.00260093738325, -0.000453446409665, -0.000803528353572, -0.00105928978883, -0.00165298907086, 0.000663742248435], [-0.000481660710648, 0.00169887929223, -0.00105055118911, 0.00170507701114, -0.000582994311117, -9.05210299607e-07, -0.00260093738325, 0.0106147313491, -0.00408613542095, -0.000883068190888, 0.000734493078198, -0.000413179164752, -0.000894715602044], [0.000326144596329, -0.00112865283154, 0.000493564759381, -0.00184803490993, -0.000182751056855, 0.000785112380981, -0.000453446409665, -0.00408613542095, 0.00959595572203, -0.00264068436809, -0.000996621674858, 0.00136919575743, -0.00235077738762], [-0.000458472350147, 0.00224628043361, -0.000972301815636, 0.00115549901966, -0.00142290489748, 3.32873751177e-05, -0.000803528353572, -0.000883068190888, -0.00264068436809, 0.0137594649568, -0.00441229483113, -0.00197510584258, 0.00259854830801], [0.000592412601691, -0.00244256458245, 0.00153135543223, -0.00181739241816, 0.0018840173725, -0.00198074337095, -0.00105928978883, 0.000734493078198, -0.000996621674858, -0.00441229483113, 0.014450352639, -0.0050540342927, -0.00127707084175], [-0.000587593298405, 0.00271196942776, -0.00186503317673, 0.00163082662039, -0.00222767516971, 0.0035105869174, -0.00165298907086, -0.000413179164752, 0.00136919575743, -0.00197510584258, -0.0050540342927, 0.0158825442195, -0.00484475353733], [0.000286964204861, -0.000955401919782, 0.00100590975489, -0.000471757957712, 0.000773746345658, -0.00243792403489, 0.000663742248435, -0.000894715602044, -0.00235077738762, 0.00259854830801, -0.00127707084175, -0.00484475353733, 0.0129054971039]]
    },
    "melbands": {
        "dmean": [0.00254321563989, 0.00261020823382, 0.00173690658994, 0.000529374694452, 0.000207638076972, 0.000165039527928, 0.00012885358592, 0.000170122584677, 0.00013589556329, 0.000122481127619, 0.000123562174849, 8.16815299913e-05, 7.5039373769e-05, 4.81945680804e-05, 6.83661710354e-05, 5.68468822166e-05, 6.02146537858e-05, 3.6695277231e-05, 3.79902485292e-05, 2.43238700932e-05, 1.40814363476e-05, 1.43709485201e-05, 1.29455193019e-05, 8.54762674862e-06, 8.85545705387e-06, 5.89638284509e-06, 5.33529100721e-06, 3.89834758607e-06, 3.37648793902e-06, 2.52685663327e-06, 2.03182707992e-06, 2.15452587327e-06, 2.06754839382e-06, 1.8336801304e-06, 1.83649024166e-06, 1.4904831005e-06, 1.03909610516e-06, 1.00368379208e-06, 9.53731387199e-07, 9.18763703339e-07],
        "dmean2": [0.00309002748691, 0.00332463742234, 0.00274648237973, 0.000900349987205, 0.000332952011377, 0.000243981412495, 0.000185812066775, 0.000237826519879, 0.000197403816856, 0.000176168614416, 0.000182484422112, 0.000123464677017, 0.000113998830784, 7.34070126782e-05, 0.000105755905679, 8.86481720954e-05, 9.65369908954e-05, 5.8335794165e-05, 6.27643312328e-05, 3.91056273656e-05, 2.28458902711e-05, 2.32914862863e-05, 2.12734557863e-05, 1.36308162837e-05, 1.42724420584e-05, 9.4334664027e-06, 8.63131936057e-06, 6.16454735791e-06, 5.17143234902e-06, 3.92107949665e-06, 3.18609886563e-06, 3.32866511599e-06, 3.1407894312e-06, 2.77558501693e-06, 2.74988178717e-06, 2.20936317419e-06, 1.56297085141e-06, 1.55534439727e-06, 1.45477679325e-06, 1.34925232942e-06],
        "dvar": [1.42447797771e-05, 1.90437258425e-05, 1.53876608238e-05, 1.53539099301e-06, 1.20844475759e-07, 1.29602369725e-07, 1.03504234517e-07, 1.84600551734e-07, 1.60683242711e-07, 1.35222038011e-07, 7.62516521036e-08, 2.78270952947e-08, 1.65975819755e-08, 6.8767924688e-09, 1.97010940894e-08, 1.57240851451e-08, 1.34102453586e-08, 4.22049462045e-09, 7.51569384505e-09, 2.13571360597e-09, 1.05320219213e-09, 5.64248980872e-10, 4.27557100835e-10, 2.21980184234e-10, 3.24826804343e-10, 1.05286536434e-10, 9.00226629352e-11, 7.54688603277e-11, 4.7114402657e-11, 2.57814325444e-11, 1.94048093566e-11, 3.45662734547e-11, 3.93343482785e-11, 1.80618731777e-11, 2.02586419862e-11, 3.02012755082e-11, 1.47698919067e-11, 1.19089200307e-11, 5.92323759485e-12, 6.24894797366e-12],
        "dvar2": [2.71522167168e-05, 3.33087991748e-05, 3.74788360205e-05, 4.25448206443e-06, 3.01329009744e-07, 2.6721102131e-07, 2.24420261929e-07, 3.83720731634e-07, 3.72773087065e-07, 2.58025011135e-07, 1.53011200155e-07, 6.06955765647e-08, 3.503099677e-08, 1.55236588029e-08, 4.36492015865e-08, 3.53232891825e-08, 3.38919790011e-08, 9.89014559138e-09, 1.92483593509e-08, 5.1612119023e-09, 2.90227286648e-09, 1.46112522081e-09, 1.11450071394e-09, 5.00330055164e-10, 7.4611772316e-10, 2.43480097195e-10, 2.17352497112e-10, 1.85639448258e-10, 1.02706856908e-10, 6.14615094929e-11, 4.58887060295e-11, 8.20036955007e-11, 9.14710390765e-11, 3.90503636372e-11, 4.14850133412e-11, 5.93946281047e-11, 2.77002934479e-11, 2.64167281799e-11, 1.38442668787e-11, 1.22166677816e-11],
        "max": [0.0439853705466, 0.0459222123027, 0.0261568315327, 0.0125949634239, 0.00647549936548, 0.00863947533071, 0.00949737709016, 0.00952946580946, 0.00917853694409, 0.0140790771693, 0.00777707016096, 0.00490800244734, 0.00239623105153, 0.00126618205104, 0.00305391079746, 0.00259537971579, 0.00242155883461, 0.000977657502517, 0.00262821745127, 0.000752149149776, 0.000806699856184, 0.000408076826716, 0.000311711046379, 0.000416242139181, 0.000570096774027, 0.000296345882816, 0.000247562042205, 0.000212582104723, 0.000192774881725, 9.86059676507e-05, 9.0294292022e-05, 0.000152358668856, 0.000156773312483, 9.39759265748e-05, 0.000111983928946, 0.000256408733549, 0.000148587947479, 0.000115381044452, 3.88825683331e-05, 5.51417615497e-05],
        "mean": [0.00715923495591, 0.0048894812353, 0.0017879618099, 0.000535645871423, 0.000276072212728, 0.000227686861763, 0.00018647244724, 0.000262162327999, 0.00018870018539, 0.000202020557481, 0.000214418658288, 0.000132284665597, 0.000122738347272, 8.16541432869e-05, 0.000104281614767, 8.55036196299e-05, 9.58019882091e-05, 5.74416117161e-05, 5.48602984054e-05, 3.48254179698e-05, 2.19073681365e-05, 2.26679658226e-05, 2.01262682822e-05, 1.3301171748e-05, 1.3191227481e-05, 1.00734814623e-05, 8.87705573405e-06, 6.15288854533e-06, 5.36420157005e-06, 3.89560091207e-06, 3.01726345242e-06, 2.90556135951e-06, 2.66055985776e-06, 2.19462617679e-06, 2.16892249227e-06, 1.72434772594e-06, 1.35465404583e-06, 1.27059468014e-06, 1.14599413337e-06, 1.07973687591e-06],
        "median": [0.00173697608989, 0.00305914226919, 0.000287444592686, 0.000129052743432, 0.000107090985694, 7.08523075446e-05, 6.00115199632e-05, 8.13498409116e-05, 5.72572826059e-05, 6.19113925495e-05, 6.47472479613e-05, 4.44080505986e-05, 5.64295587537e-05, 3.89556298614e-05, 3.67240645573e-05, 3.3173510019e-05, 3.1522311474e-05, 2.58520231e-05, 1.40350048241e-05, 1.26107061078e-05, 8.75601563166e-06, 1.09267130028e-05, 1.10742257675e-05, 7.16627846487e-06, 6.17419163973e-06, 5.58892133995e-06, 4.70826944365e-06, 2.78268771581e-06, 2.31271701523e-06, 1.66771849308e-06, 1.20204413179e-06, 8.83074733338e-07, 6.38967435407e-07, 4.86418969103e-07, 3.78927097699e-07, 2.2485006923e-07, 1.97279860004e-07, 1.89948977436e-07, 1.23621859416e-07, 7.2986296118e-08],
        "min": [7.58769066434e-25, 6.30423615826e-25, 1.16296970927e-24, 7.20280493565e-25, 1.84307667237e-24, 1.95724693346e-24, 1.67953594596e-24, 1.79840505703e-24, 2.05708595849e-24, 1.88538466323e-24, 2.24461456452e-24, 2.57261030714e-24, 3.9593575699e-24, 2.03036309811e-24, 2.29850165296e-24, 2.91846941053e-24, 2.914374828e-24, 3.78189029306e-24, 3.75053859411e-24, 4.03152059336e-24, 4.47631429274e-24, 4.55815348406e-24, 3.96892684711e-24, 3.67705265091e-24, 4.4727545579e-24, 5.00467399996e-24, 4.32287571908e-24, 4.61065059958e-24, 4.80801570946e-24, 5.591852754e-24, 3.95232132505e-24, 5.60916351771e-24, 6.07453031507e-24, 5.24804587226e-24, 5.7979919693e-24, 4.43097845652e-24, 5.00745591795e-24, 6.011583948e-24, 6.85426725506e-24, 6.01003659733e-24],
        "var": [8.46445254865e-05, 4.36147784058e-05, 1.34494184749e-05, 1.07259495508e-06, 2.05621475402e-07, 2.52602944784e-07, 1.84793080393e-07, 3.32226250066e-07, 2.17473967723e-07, 4.06106039463e-07, 2.35587933162e-07, 7.25684614622e-08, 3.51986848557e-08, 1.34107098759e-08, 3.82093752194e-08, 2.68056634667e-08, 2.75012297379e-08, 7.73805997056e-09, 1.56949990782e-08, 3.73699471368e-09, 1.61574931212e-09, 1.0341516532e-09, 6.6761435269e-10, 4.056476266e-10, 5.59840285241e-10, 2.12193193572e-10, 1.64637720124e-10, 1.13207845875e-10, 8.21008538932e-11, 4.02505702379e-11, 2.8804026872e-11, 4.32374587522e-11, 5.14464131018e-11, 2.39998888818e-11, 2.84688279895e-11, 5.2059020289e-11, 2.4053210812e-11, 1.50361910423e-11, 8.23584776766e-12, 8.39954755055e-12]
    },
    "mfcc": {
        "mean": [-646.678955078, 124.513237, -12.1300373077, 22.3072395325, 6.00946569443, 11.997051239, 9.83160018921, 9.55031299591, 3.99849390984, 6.40134239197, 4.51938152313, 2.92379832268, 0.549060165882],
        "cov": [[7796.26611328, -158.756973267, 248.087860107, 249.088363647, 357.394500732, 325.091827393, 91.2337112427, 10.643075943, 107.483001709, 52.4839096069, 34.1550674438, -6.22249078751, 40.3070869446], [-158.756973267, 1528.37927246, -49.2312431335, 194.240371704, 73.2210006714, 30.7213439941, 88.2458267212, 76.3616790771, 24.9367866516, 13.0723648071, 25.7459983826, 21.8344554901, -7.5016450882], [248.087860107, -49.2312431335, 991.194702148, 208.328826904, 199.904022217, 62.5703315735, -13.821849823, 23.0634651184, 12.4124937057, 31.9447803497, -20.397190094, 28.9407558441, 62.1603317261], [249.088363647, 194.240371704, 208.328826904, 586.985839844, 218.038574219, 114.84601593, 8.43754482269, 71.7651672363, 43.4651794434, 42.5258369446, 31.8694076538, 64.1697998047, 108.308074951], [357.394500732, 73.2210006714, 199.904022217, 218.038574219, 327.17779541, 131.089630127, 47.9621162415, 65.9992294312, 65.1912155151, 61.8603553772, 12.0968675613, 33.5945129395, 50.2553482056], [325.091827393, 30.7213439941, 62.5703315735, 114.84601593, 131.089630127, 249.90322876, 123.574806213, 66.1832733154, 59.0795516968, 43.1341972351, 57.9667854309, 29.0926036835, 30.2480258942], [91.2337112427, 88.2458267212, -13.821849823, 8.43754482269, 47.9621162415, 123.574806213, 206.161056519, 73.391204834, 50.1180953979, 22.8105697632, 59.9066925049, 26.2926673889, 14.372964859], [10.643075943, 76.3616790771, 23.0634651184, 71.7651672363, 65.9992294312, 66.1832733154, 73.391204834, 144.76461792, 75.374786377, 49.7813491821, 33.689201355, 38.0093536377, 37.4150047302], [107.483001709, 24.9367866516, 12.4124937057, 43.4651794434, 65.1912155151, 59.0795516968, 50.1180953979, 75.374786377, 154.710708618, 62.7411842346, 39.1372184753, 35.3379859924, 23.2340087891], [52.4839096069, 13.0723648071, 31.9447803497, 42.5258369446, 61.8603553772, 43.1341972351, 22.8105697632, 49.7813491821, 62.7411842346, 114.534118652, 43.4272689819, 30.7014465332, 26.5717029572], [34.1550674438, 25.7459983826, -20.397190094, 31.8694076538, 12.0968675613, 57.9667854309, 59.9066925049, 33.689201355, 39.1372184753, 43.4272689819, 119.390075684, 47.403301239, 20.2256374359], [-6.22249078751, 21.8344554901, 28.9407558441, 64.1697998047, 33.5945129395, 29.0926036835, 26.2926673889, 38.0093536377, 35.3379859924, 30.7014465332, 47.403301239, 125.601364136, 70.5849914551], [40.3070869446, -7.5016450882, 62.1603317261, 108.308074951, 50.2553482056, 30.2480258942, 14.372964859, 37.4150047302, 23.2340087891, 26.5717029572, 20.2256374359, 70.5849914551, 121.007003784]],
