{
"lowlevel": {
    "average_loudness": 0.969940125942,
    "barkbands_crest": {
        "dmean": 3.29747915268,
        "dmean2": 5.0655374527,
        "dvar": 9.0726776123,
        "dvar2": 18.4040851593,
        "max": 26.718832016,
        "mean": 11.8239145279,
        "median": 10.6419458389,
        "min": 2.11304450035,
        "var": 33.1685256958
    },
    "barkbands_flatness_db": {
        "dmean": 0.0333097502589,
        "dmean2": 0.0449173040688,
        "dvar": 0.0010748693021,
        "dvar2": 0.00213691266254,
        "max": 0.514578044415,
        "mean": 0.149817854166,
        "median": 0.131596386433,
        "min": 0.0283997692168,
        "var": 0.00476303789765
    },
    "barkbands_kurtosis": {
        "dmean": 10.6882266998,
        "dmean2": 14.2643718719,
        "dvar": 3802.39746094,
        "dvar2": 7858.39648438,
        "max": 1791.00854492,
        "mean": 12.0259571075,
        "median": 0.890612840652,
        "min": -1.83614981174,
        "var": 4728.29296875
    },
    "barkbands_skewness": {
        "dmean": 0.87390768528,
        "dmean2": 1.16796779633,
        "dvar": 2.2816798687,
        "dvar2": 3.77307534218,
        "max": 34.0514259338,
        "mean": 1.81283795834,
        "median": 1.20297980309,
        "min": -2.21363162994,
        "var": 7.16278886795
    },
    "barkbands_spread": {
        "dmean": 7.97184371948,
        "dmean2": 11.3355064392,
        "dvar": 62.1823005676,
        "dvar2": 136.057327271,
        "max": 133.262893677,
        "mean": 27.8374729156,
        "median": 26.6081352234,
        "min": 0.0857761576772,
        "var": 239.27305603
    },
    "dissonance": {
        "dmean": 0.0187127832323,
        "dmean2": 0.0310078915209,
        "dvar": 0.000343830266502,
        "dvar2": 0.00092301418772,
        "max": 0.500000178814,
        "mean": 0.468008697033,
        "median": 0.47393527627,
        "min": 0.257355242968,
        "var": 0.000617269543
    },
    "dynamic_complexity": 2.49870300293,
    "erbbands_crest": {
        "dmean": 3.4015519619,
        "dmean2": 5.26533937454,
        "dvar": 10.5513563156,
        "dvar2": 23.0314922333,
        "max": 31.185377121,
        "mean": 9.8099193573,
        "median": 8.58372879028,
        "min": 2.05614471436,
        "var": 25.6887340546
    },
    "erbbands_flatness_db": {
        "dmean": 0.0265626087785,
        "dmean2": 0.0378211848438,
        "dvar": 0.000830439326819,
        "dvar2": 0.00180487916805,
        "max": 0.443951457739,
        "mean": 0.14713665843,
        "median": 0.135777339339,
        "min": 0.0317341759801,
        "var": 0.00297527108341
    },
    "erbbands_kurtosis": {
        "dmean": 1.03925716877,
        "dmean2": 1.61298286915,
        "dvar": 3.50440096855,
        "dvar2": 8.51625919342,
        "max": 30.5005950928,
        "mean": 0.439886868,
        "median": -0.0998659133911,
        "min": -1.7737609148,
        "var": 4.42576789856
    },
    "erbbands_skewness": {
        "dmean": 0.401061683893,
        "dmean2": 0.569371819496,
        "dvar": 0.175105661154,
        "dvar2": 0.367725878954,
        "max": 5.3328537941,
        "mean": 0.320936053991,
        "median": 0.258018612862,
        "min": -2.82371044159,
        "var": 0.581014096737
    },
    "erbbands_spread": {
        "dmean": 10.9235076904,
        "dmean2": 15.7176914215,
        "dvar": 122.114768982,
        "dvar2": 269.908172607,
        "max": 142.460891724,
        "mean": 43.0902519226,
        "median": 40.7859649658,
        "min": 3.78952002525,
        "var": 395.789245605
    },
    "hfc": {
        "dmean": 10.2855730057,
        "dmean2": 14.3653097153,
        "dvar": 112.15171814,
        "dvar2": 252.072814941,
        "max": 134.59576416,
        "mean": 28.6185512543,
        "median": 23.3755092621,
        "min": 1.06777443169e-16,
        "var": 475.815612793
    },
    "melbands_crest": {
        "dmean": 4.31683969498,
        "dmean2": 6.77980470657,
        "dvar": 13.3718166351,
        "dvar2": 29.5605506897,
        "max": 39.3626403809,
        "mean": 16.3258228302,
        "median": 14.9260997772,
        "min": 1.55939722061,
        "var": 51.4715270996
    },
    "melbands_flatness_db": {
        "dmean": 0.0424342341721,
        "dmean2": 0.0544281564653,
        "dvar": 0.00153276557103,
        "dvar2": 0.00287969503552,
        "max": 0.630960404873,
        "mean": 0.181744650006,
        "median": 0.161440834403,
        "min": 0.00329756201245,
        "var": 0.00826867483556
    },
    "melbands_kurtosis": {
        "dmean": 18.9918766022,
        "dmean2": 28.0279407501,
        "dvar": 3313.13354492,
        "dvar2": 8497.94238281,
        "max": 942.520324707,
        "mean": 26.4911670685,
        "median": 7.14492416382,
        "min": -1.68023145199,
        "var": 5147.47802734
    },
    "melbands_skewness": {
        "dmean": 1.22278499603,
        "dmean2": 1.74699020386,
        "dvar": 2.61339068413,
        "dvar2": 5.50459671021,
        "max": 22.0663146973,
        "mean": 3.10802435875,
        "median": 2.36713314056,
        "min": -1.20632433891,
        "var": 8.23942184448
    },
    "melbands_spread": {
        "dmean": 10.5905437469,
        "dmean2": 15.5435676575,
        "dvar": 149.169952393,
        "dvar2": 323.738464355,
        "max": 177.107009888,
        "mean": 29.7407798767,
        "median": 25.3140602112,
        "min": 0.278689831495,
        "var": 506.3309021
    },
    "pitch_salience": {
        "dmean": 0.101558707654,
        "dmean2": 0.153359532356,
        "dvar": 0.0110683301464,
        "dvar2": 0.0221636705101,
        "max": 0.88896971941,
        "mean": 0.49363386631,
        "median": 0.52700316906,
        "min": 0.0268401093781,
        "var": 0.0315169766545
    },
    "silence_rate_20dB": {
        "dmean": 0,
        "dmean2": 0,
        "dvar": 0,
        "dvar2": 0,
        "max": 1,
        "mean": 1,
        "median": 1,
        "min": 1,
        "var": 0
    },
    "silence_rate_30dB": {
        "dmean": 0.0058204610832,
        "dmean2": 0.0116422250867,
        "dvar": 0.00578697770834,
        "dvar2": 0.0173293333501,
        "max": 1,
        "mean": 0.997090101242,
        "median": 1,
        "min": 0,
        "var": 0.00290080346167
    },
    "silence_rate_60dB": {
        "dmean": 0.0226102527231,
        "dmean2": 0.0452255681157,
        "dvar": 0.0221011303365,
        "dvar2": 0.0566128119826,
        "max": 1,
        "mean": 0.0438724122941,
        "median": 0,
        "min": 0,
        "var": 0.0419465340674
    },
    "spectral_centroid": {
        "dmean": 349.090118408,
        "dmean2": 493.283569336,
        "dvar": 121867.132812,
        "dvar2": 235506.515625,
        "max": 11672.4375,
        "mean": 1764.33618164,
        "median": 1714.24816895,
        "min": 96.3390960693,
        "var": 1226205.5
    },
    "spectral_complexity": {
        "dmean": 6.15088415146,
        "dmean2": 9.09145832062,
        "dvar": 37.4325370789,
        "dvar2": 83.2333221436,
        "max": 53,
        "mean": 17.9045333862,
        "median": 17,
        "min": 0,
        "var": 93.7400817871
    },
    "spectral_decrease": {
        "dmean": 3.2533773453e-09,
        "dmean2": 4.14517042913e-09,
        "dvar": 1.35982876147e-17,
        "dvar2": 2.29114305862e-17,
        "max": 1.75329114899e-28,
        "mean": -8.12153100327e-09,
        "median": -5.80006442874e-09,
        "min": -2.96947622047e-08,
        "var": 5.13058907285e-17
    },
    "spectral_energy": {
        "dmean": 0.0128643158823,
        "dmean2": 0.0166124533862,
        "dvar": 0.00021161478071,
        "dvar2": 0.000367652537534,
        "max": 0.114025883377,
        "mean": 0.0332482494414,
        "median": 0.024894522503,
        "min": 1.00405872704e-20,
        "var": 0.000769930309616
    },
    "spectral_energyband_high": {
        "dmean": 0.000733613502234,
        "dmean2": 0.00102957803756,
        "dvar": 6.00567204856e-07,
        "dvar2": 1.28466660954e-06,
        "max": 0.011295279488,
        "mean": 0.00164539727848,
        "median": 0.00116325332783,
        "min": 6.9924477158e-21,
        "var": 2.70119630841e-06
    },
    "spectral_energyband_low": {
        "dmean": 0.00989726465195,
        "dmean2": 0.0112276282161,
        "dvar": 0.000184809658094,
        "dvar2": 0.000225805342779,
        "max": 0.111738793552,
        "mean": 0.0167992208153,
        "median": 0.00719624757767,
        "min": 1.06836915453e-23,
        "var": 0.000638639612589
    },
    "spectral_energyband_middle_high": {
        "dmean": 0.00247465190478,
        "dmean2": 0.00375185231678,
        "dvar": 8.68068855198e-06,
        "dvar2": 1.87798868865e-05,
        "max": 0.0378541313112,
        "mean": 0.00659227464348,
        "median": 0.00449697952718,
        "min": 1.10435649677e-21,
        "var": 4.19834759668e-05
    },
    "spectral_energyband_middle_low": {
        "dmean": 0.00722295790911,
        "dmean2": 0.0115742497146,
        "dvar": 0.000158778377227,
        "dvar2": 0.000350308429915,
        "max": 0.0850583836436,
        "mean": 0.00954034458846,
        "median": 0.00542220799252,
        "min": 1.59796890376e-22,
        "var": 0.000162853189977
    },
    "spectral_entropy": {
        "dmean": 0.234949201345,
        "dmean2": 0.335691034794,
        "dvar": 0.0731764659286,
        "dvar2": 0.168310880661,
        "max": 9.82750034332,
        "mean": 7.81451463699,
        "median": 7.91591644287,
        "min": 5.62567806244,
        "var": 0.255646020174
    },
    "spectral_flux": {
        "dmean": 0.0409994162619,
        "dmean2": 0.0600646398962,
        "dvar": 0.00186337518971,
        "dvar2": 0.00334357097745,
        "max": 0.350731551647,
        "mean": 0.115702845156,
        "median": 0.0910819992423,
        "min": 6.25759583039e-11,
        "var": 0.00550069333985
    },
    "spectral_kurtosis": {
        "dmean": 1.35373878479,
        "dmean2": 2.2721722126,
        "dvar": 10.6954135895,
        "dvar2": 30.2949562073,
        "max": 54.0559501648,
        "mean": 3.11771535873,
        "median": 2.44901800156,
        "min": -1.25152420998,
        "var": 12.4507217407
    },
    "spectral_rms": {
        "dmean": 0.00116894708481,
        "dmean2": 0.00156883732416,
        "dvar": 1.66325662576e-06,
        "dvar2": 3.29971862811e-06,
        "max": 0.0105472635478,
        "mean": 0.00516428006813,
        "median": 0.00492821866646,
        "min": 3.129807611e-12,
        "var": 5.7675242715e-06
    },
    "spectral_rolloff": {
        "dmean": 882.002868652,
        "dmean2": 1405.66748047,
        "dvar": 1621854.5,
        "dvar2": 3547340.75,
        "max": 19509.0820312,
        "mean": 2222.84936523,
        "median": 1679.58984375,
        "min": 21.533203125,
        "var": 6117859.5
    },
    "spectral_skewness": {
        "dmean": 0.202225342393,
        "dmean2": 0.321724504232,
        "dvar": 0.108655817807,
        "dvar2": 0.29374140501,
        "max": 5.84860801697,
        "mean": 1.38484704494,
        "median": 1.34229278564,
        "min": -0.0887702703476,
        "var": 0.187768906355
    },
    "spectral_spread": {
        "dmean": 686486.0625,
        "dmean2": 996142,
        "dvar": 710380748800,
        "dvar2": 1.54984828109e+12,
        "max": 42663116,
        "mean": 6201217,
        "median": 6084836.5,
        "min": 948935.5,
        "var": 1.26373016371e+13
    },
    "spectral_strongpeak": {
        "dmean": 0.709677875042,
        "dmean2": 1.17075383663,
        "dvar": 1.41199088097,
        "dvar2": 3.39582085609,
        "max": 20.2921333313,
        "mean": 1.1605578661,
        "median": 0.719848394394,
        "min": 0,
        "var": 2.33675169945
    },
    "zerocrossingrate": {
        "dmean": 0.0166521184146,
        "dmean2": 0.0175234638155,
        "dvar": 0.000247378542554,
        "dvar2": 0.000304912100546,
        "max": 0.521484375,
        "mean": 0.0875699520111,
        "median": 0.08349609375,
        "min": 0.0009765625,
        "var": 0.00379906455055
    },
    "barkbands": {
        "dmean": [0.000126015307615, 0.00747466133907, 0.00484028179199, 0.00314468704164, 0.00394223257899, 0.00133293773979, 0.000800964306109, 0.000722717493773, 0.000554999511223, 0.000383970909752, 0.000582851702347, 0.000542168796528, 0.000427836523158, 0.000619631260633, 0.000522571965121, 0.000379169068765, 0.000224605857511, 0.000205752468901, 0.000226674819714, 0.0002237810113, 0.000176272456883, 0.000156256282935, 0.000133178255055, 0.000164691766258, 9.73869391601e-05, 7.34004788683e-05, 1.57544344237e-09],
        "dmean2": [0.000181943163625, 0.00948812160641, 0.00734813371673, 0.00576771562919, 0.00739787518978, 0.00203948956914, 0.00126580172218, 0.00105704518501, 0.000885887129698, 0.00064504094189, 0.000943399674725, 0.000849287142046, 0.000697666488122, 0.000952645030338, 0.000796832726337, 0.000588141789194, 0.000340742146363, 0.00031913476414, 0.000343116029399, 0.000344395404682, 0.0002705611696, 0.000233772982028, 0.000198556983378, 0.000245313043706, 0.00014396593906, 0.00010786367784, 2.8824982401e-09],
        "dvar": [2.47341063186e-08, 0.000141479933518, 0.000124391925056, 7.93642102508e-05, 0.000112880763481, 4.54913606518e-06, 1.70191981397e-06, 2.35753509514e-06, 8.77843547187e-07, 7.01026920069e-07, 1.55502993948e-06, 1.17091622087e-06, 8.37665766085e-07, 1.40137694871e-06, 1.11545716663e-06, 1.11920576273e-06, 3.9034148358e-07, 1.90040253756e-07, 2.2536166e-07, 1.34368093541e-07, 6.82483118908e-08, 3.79407580908e-08, 3.03749203567e-08, 3.80162568092e-08, 1.52336081527e-08, 1.6055432539e-08, 4.8463081067e-18],
        "dvar2": [4.60657219037e-08, 0.000225859868806, 0.000267626950517, 0.000222397444304, 0.000322642968968, 1.05914887172e-05, 3.60052081305e-06, 3.95150436816e-06, 1.87808382179e-06, 1.64753998888e-06, 3.44462455359e-06, 2.3491088541e-06, 2.00964291253e-06, 3.12789279633e-06, 2.24533596338e-06, 2.52103814091e-06, 6.23196513061e-07, 4.06640594974e-07, 4.36230806145e-07, 2.55594528653e-07, 1.5475107773e-07, 8.40016056713e-08, 7.10468128773e-08, 8.61216307158e-08, 3.22782369722e-08, 3.27033760072e-08, 1.47639629417e-17],
        "max": [0.00110278138891, 0.0810701698065, 0.0684012323618, 0.0531199276447, 0.0681366920471, 0.0257278084755, 0.0182646196336, 0.0256906207651, 0.0149148758501, 0.0172164440155, 0.0246987715364, 0.0242542810738, 0.0219044517726, 0.024570601061, 0.0242354758084, 0.0258831828833, 0.0228089820594, 0.00994786713272, 0.0144884409383, 0.0162229072303, 0.00629201345146, 0.00345625006594, 0.00221104454249, 0.00216484465636, 0.0028108258266, 0.00285774678923, 2.44280951023e-08],
        "mean": [0.000173490465386, 0.0110520441085, 0.00431364495307, 0.00203190161847, 0.00267029274255, 0.00174465752207, 0.00104687700514, 0.00101245415863, 0.000911314447876, 0.000444657867774, 0.000884160865098, 0.000936994911171, 0.000535466009751, 0.000975456845481, 0.000936976226512, 0.000516596075613, 0.000373506831238, 0.000356061966158, 0.000421424309025, 0.000450962223113, 0.000326602137648, 0.000237495216425, 0.000232655438595, 0.000276204606052, 0.0002285236842, 0.000157823509653, 1.39377009933e-09],
        "median": [5.62257155252e-05, 0.00276848324575, 0.000164564597071, 8.53984383866e-05, 0.000332748895744, 0.000461906543933, 0.000321070081554, 0.000258223386481, 0.000307994429022, 0.000107793028292, 0.000221913622227, 0.000289480289211, 0.000224227565923, 0.000423214922193, 0.000276672508335, 0.000174525848706, 0.000132563363877, 0.000152065244038, 0.000174740402144, 0.000231356607401, 0.000199959569727, 0.000138948278618, 0.000129990672576, 0.00016893252905, 0.000124210506328, 7.47319718357e-05, 5.14094322668e-10],
        "min": [5.85079102133e-25, 3.38660274308e-24, 3.75501390063e-25, 1.01606576352e-24, 1.29101126107e-23, 9.2557404997e-24, 7.76116699525e-24, 8.16819713424e-24, 1.46206123333e-23, 1.04139476585e-23, 1.03322516454e-23, 2.95392468502e-23, 2.8534657731e-23, 4.41106374185e-23, 5.53133237087e-23, 6.14065673822e-23, 7.994725359e-23, 1.1538898177e-22, 9.64774299622e-23, 1.77412406825e-22, 2.34267884184e-22, 3.12893410794e-22, 3.65854351283e-22, 6.56505696325e-22, 9.21396302569e-22, 1.35798540046e-21, 1.76696340742e-21],
        "var": [5.22126413216e-08, 0.000337301695254, 0.00012781501573, 4.7196088417e-05, 6.53586830595e-05, 7.6664991866e-06, 3.4165695979e-06, 4.93101833854e-06, 2.48467836172e-06, 1.22939229641e-06, 3.9360224946e-06, 3.91011008105e-06, 1.1333988823e-06, 3.23503354593e-06, 3.92424090023e-06, 1.64483333265e-06, 1.63825916388e-06, 5.21407628185e-07, 6.86492796831e-07, 5.14091652803e-07, 1.77056506345e-07, 8.82215829279e-08, 7.83458276032e-08, 9.9416652688e-08, 9.37957054248e-08, 5.94854334679e-08, 4.75774105134e-18]
    },
    "erbbands": {
        "dmean": [0.163273155689, 1.89066696167, 5.42763900757, 9.70801067352, 9.97256660461, 13.6442842484, 8.08868122101, 13.007683754, 8.74650478363, 16.4282493591, 15.5717077255, 10.4977388382, 12.8235721588, 15.9577732086, 21.9143638611, 19.6944484711, 16.985786438, 27.680267334, 24.3267936707, 24.6371421814, 19.3261089325, 13.1543102264, 10.1591215134, 10.7365522385, 11.1187105179, 10.3529701233, 8.15284347534, 5.68529081345, 5.98567867279, 4.2396364212, 3.93104124069, 3.53151631355, 2.75651097298, 1.23301875591, 0.72750890255, 0.387675881386, 0.145155474544, 0.00870992336422, 0.00017217003915, 2.20513193199e-05],
        "dmean2": [0.191481128335, 2.6094083786, 8.29993057251, 17.178571701, 17.7331256866, 25.9202003479, 15.0303668976, 19.002456665, 13.4738845825, 24.4483528137, 23.3344135284, 16.9605121613, 20.7068443298, 26.6431865692, 34.1950912476, 30.5714130402, 27.4713935852, 42.6588821411, 36.3505935669, 37.0373954773, 29.8387374878, 19.4286308289, 15.594370842, 16.2327098846, 16.7603435516, 15.5962095261, 12.3822612762, 8.88876819611, 9.12949371338, 6.30933570862, 5.95716428757, 5.28587722778, 4.19132852554, 1.85950601101, 1.09956693649, 0.592166662216, 0.214199379086, 0.0129183726385, 0.000249999604421, 2.99041130347e-05],
        "dvar": [0.0488434880972, 11.3842773438, 142.087158203, 647.219299316, 683.904663086, 1250.72399902, 330.466766357, 430.485321045, 135.752304077, 938.078125, 986.058227539, 309.949798584, 611.368591309, 1041.19750977, 2066.62402344, 1406.10595703, 1303.6986084, 3063.55078125, 3087.41748047, 2877.90991211, 3183.88476562, 1364.30578613, 445.809112549, 588.799377441, 423.734283447, 257.950073242, 189.284362793, 59.6518554688, 60.0688171387, 24.1739673615, 28.6885204315, 22.4808082581, 11.2771511078, 2.35382723808, 1.08727681637, 0.410328418016, 0.0833432227373, 0.000214460553252, 7.95783847707e-08, 6.69577504553e-10],
        "dvar2": [0.0570699833333, 17.8701820374, 302.689086914, 1747.76330566, 1733.61791992, 3600.53466797, 1000.97235107, 800.964355469, 329.635742188, 1715.10168457, 1760.69299316, 678.332336426, 1360.37023926, 2549.65869141, 4377.76806641, 2869.2265625, 3300.26318359, 7119.80566406, 5678.32861328, 5540.92822266, 7204.70654297, 1934.26245117, 892.315795898, 1139.43603516, 863.139404297, 480.945526123, 411.542327881, 148.390518188, 134.008209229, 55.2649497986, 67.6876373291, 49.3197135925, 26.2312011719, 5.66633605957, 2.44639706612, 0.96251553297, 0.184785306454, 0.000439660099801, 1.59374337727e-07, 1.28602728466e-09],
        "max": [1.5876994133, 21.3385219574, 78.2127609253, 142.677215576, 175.790374756, 229.124252319, 164.151428223, 294.096282959, 191.799697876, 461.904602051, 525.871948242, 342.852935791, 545.713684082, 679.628967285, 1112.37280273, 1106.63366699, 996.937194824, 1436.50305176, 1157.8885498, 1739.07714844, 1763.63024902, 1488.96606445, 666.607055664, 918.452331543, 451.792022705, 763.21661377, 374.139068604, 152.062408447, 136.468688965, 66.1680297852, 66.9825744629, 81.8960342407, 41.7335662842, 32.7524452209, 22.4450302124, 10.7369098663, 6.67602920532, 0.288996368647, 0.00600707996637, 0.000386167521356],
        "mean": [0.273651540279, 2.61631083488, 5.25273895264, 6.58484506607, 7.88211297989, 9.20624923706, 6.85683727264, 17.7748470306, 12.5215711594, 23.218952179, 22.8411655426, 16.5282745361, 19.289812088, 21.9070491791, 36.6947135925, 33.5762863159, 24.8928890228, 45.2910766602, 42.371547699, 48.4403190613, 29.6275119781, 23.6062164307, 18.341999054, 20.2777519226, 22.6213378906, 22.1379508972, 16.2125549316, 9.91316318512, 8.74428939819, 7.23511457443, 6.61510229111, 6.19663047791, 4.27813005447, 2.5577673912, 1.6655408144, 0.848369121552, 0.274508774281, 0.0172821749002, 0.000368795124814, 6.13648880972e-05],
        "median": [0.0565031915903, 0.716741263866, 0.524317145348, 0.417335629463, 0.513745903969, 1.15507948399, 2.25552344322, 3.83114790916, 5.71359777451, 7.06893205643, 6.5875210762, 6.61157274246, 5.78009843826, 7.67664337158, 13.1583433151, 12.5994329453, 12.2844963074, 22.3805084229, 16.3463039398, 15.5021524429, 10.8742265701, 9.17120170593, 8.29457950592, 9.27468204498, 9.85383701324, 11.0482826233, 9.21192932129, 5.8673491478, 5.0143289566, 4.37416505814, 3.63911676407, 3.63271307945, 2.58894276619, 1.5196377039, 0.791949272156, 0.397823750973, 0.124345496297, 0.00895164255053, 0.000199611880817, 4.92946564918e-05],
        "min": [1.00751314264e-22, 8.53882632805e-22, 1.86945302402e-21, 3.34748341478e-21, 1.13804033741e-20, 2.6468987964e-20, 5.71638413447e-20, 7.49763745048e-20, 1.00814478924e-19, 2.34563632151e-19, 3.14220142863e-19, 4.04454897742e-19, 5.97006802063e-19, 5.60448727711e-19, 9.44496950494e-19, 1.39912989081e-18, 1.41118118856e-18, 2.59349659767e-18, 2.19116566709e-18, 3.04297578918e-18, 4.15398812609e-18, 4.54978991329e-18, 5.95679725187e-18, 7.20173633381e-18, 6.5274340013e-18, 9.25435855408e-18, 1.00321738549e-17, 9.79628179649e-18, 1.01418728933e-17, 1.05352783383e-17, 1.0579280211e-17, 1.1461384789e-17, 9.25204906581e-18, 7.88802989007e-18, 6.16186731984e-18, 4.40895041989e-18, 2.40852763896e-18, 9.68843667656e-19, 2.3026893626e-19, 2.52603236083e-20],
        "var": [0.182439014316, 22.3505744934, 159.367202759, 430.723632812, 496.362609863, 726.128845215, 213.387115479, 905.454833984, 326.572357178, 1894.68469238, 2091.41601562, 771.196472168, 1441.74719238, 1747.72338867, 5390.51660156, 4736.75830078, 1895.0513916, 5797.28320312, 8349.62988281, 12446.0976562, 5013.44873047, 5884.02978516, 1385.79174805, 1555.43969727, 1435.17651367, 1165.82324219, 560.373168945, 127.560691833, 124.669448853, 65.7642364502, 66.439704895, 64.3297195435, 22.8229122162, 10.101483345, 5.89094257355, 1.71205925941, 0.202753663063, 0.000579394283704, 2.45658014819e-07, 2.28062679852e-09]
    },
    "gfcc": {
        "mean": [2.16109490395, 49.9858322144, -119.683296204, 28.0541419983, -61.499168396, 25.6103649139, -38.842880249, 14.9529590607, -23.9071750641, 16.1751422882, -12.7857837677, 2.57223582268, -11.9579658508],
        "cov": [[20530.4804688, -607.854797363, -599.002075195, 972.45501709, -500.04598999, 618.950622559, -817.536804199, 395.27557373, -600.681945801, 418.629547119, -566.642272949, 49.2689208984, -455.711883545], [-607.854797363, 1467.7980957, 418.146911621, 333.386352539, 246.728485107, 121.562149048, 285.359466553, -30.3864936829, 203.373626709, -124.765541077, 179.088012695, -69.0725021362, 130.59072876], [-599.002075195, 418.146911621, 1467.67565918, 576.151977539, 435.349273682, 340.684814453, 183.544509888, 70.2763519287, 125.724685669, 7.80572795868, -89.880897522, 25.1581039429, -96.2274246216], [972.45501709, 333.386352539, 576.151977539, 649.873046875, 347.032226562, 286.972930908, 163.419830322, 117.200683594, 120.84211731, 25.9627227783, 44.948638916, -2.82036495209, -4.21082162857], [-500.04598999, 246.728485107, 435.349273682, 347.032226562, 519.016662598, 273.537475586, 277.475128174, 154.704574585, 134.030731201, 26.3473968506, 5.63328886032, -35.2704162598, -7.42291021347], [618.950622559, 121.562149048, 340.684814453, 286.972930908, 273.537475586, 381.614013672, 240.52381897, 144.293609619, 90.2091827393, 89.5233306885, 17.6196727753, 7.60384845734, -14.8273553848], [-817.536804199, 285.359466553, 183.544509888, 163.419830322, 277.475128174, 240.52381897, 434.499542236, 130.425186157, 145.847335815, 70.3364639282, 114.767951965, -19.6690387726, 50.4417648315], [395.27557373, -30.3864936829, 70.2763519287, 117.200683594, 154.704574585, 144.293609619, 130.425186157, 229.961517334, 136.809143066, 91.7486572266, 25.6113586426, 30.0341949463, -0.881526350975], [-600.681945801, 203.373626709, 125.724685669, 120.84211731, 134.030731201, 90.2091827393, 145.847335815, 136.809143066, 290.978759766, 113.392059326, 108.4454422, 48.0317497253, 63.3869056702], [418.629547119, -124.765541077, 7.80572795868, 25.9627227783, 26.3473968506, 89.5233306885, 70.3364639282, 91.7486572266, 113.392059326, 225.226364136, 90.1687774658, 58.4404220581, 0.311565965414], [-566.642272949, 179.088012695, -89.880897522, 44.948638916, 5.63328886032, 17.6196727753, 114.767951965, 25.6113586426, 108.4454422, 90.1687774658, 266.754302979, 58.4996986389, 101.571296692], [49.2689208984, -69.0725021362, 25.1581039429, -2.82036495209, -35.2704162598, 7.60384845734, -19.6690387726, 30.0341949463, 48.0317497253, 58.4404220581, 58.4996986389, 138.227279663, 56.5439529419], [-455.711883545, 130.59072876, -96.2274246216, -4.21082162857, -7.42291021347, -14.8273553848, 50.4417648315, -0.881526350975, 63.3869056702, 0.311565965414, 101.571296692, 56.5439529419, 150.666885376]],
        "icov": [[0.000223546856432, -0.000353555369657, 0.000414396228734, -0.000783507828601, 0.000538776395842, -0.000477009365568, 0.000510315469, -0.000719079049304, 0.000925860425923, -0.000984198413789, 0.000789469690062, -0.000283527071588, 0.00021661016217], [-0.000353555369657, 0.00194314704277, -0.000955655763391, 0.000966824532952, -0.00071406015195, 0.000618905876763, -0.00122049450874, 0.0018784472486, -0.00258306367323, 0.00287819607183, -0.00210591335781, 0.00144667015411, -0.000934072770178], [0.000414396228734, -0.000955655763391, 0.00233058980666, -0.00233258539811, 0.000423456338467, -0.00120926124509, 0.000723082048353, -0.000265507725999, 0.00118723278865, -0.00177178892773, 0.00236021936871, -0.00220262282528, 0.0019029174], [-0.000783507828601, 0.000966824532952, -0.00233258539811, 0.00650025717914, -0.0031286268495, -0.000160438692546, -0.00027125980705, 0.00182900438085, -0.00326067069545, 0.00394502701238, -0.00416113203391, 0.00176048709545, -0.00107618409675], [0.000538776395842, -0.00071406015195, 0.000423456338467, -0.0031286268495, 0.00641048373654, -0.00185718492139, -0.000618078222033, -0.00304741063155, 0.00165889505297, -0.00164109270554, 0.00254081375897, 0.000617544807028, 0.000114525952085], [-0.000477009365568, 0.000618905876763, -0.00120926124509, -0.000160438692546, -0.00185718492139, 0.00837841164321, -0.00395647389814, -0.000106679472083, -0.000228267352213, -0.00023384852102, -0.000243450558628, -0.000375586329028, -0.000297435472021], [0.000510315469, -0.00122049450874, 0.000723082048353, -0.00027125980705, -0.000618078222033, -0.00395647389814, 0.00730757880956, -0.00267962249927, 0.00180229067337, -0.00236354139633, -0.000350219779648, 0.00167147058528, -0.00097092112992], [-0.000719079049304, 0.0018784472486, -0.000265507725999, 0.00182900438085, -0.00304741063155, -0.000106679472083, -0.00267962249927, 0.0118777072057, -0.00691624684259, 0.00296125560999, -0.00150851695798, -0.00117280601989, 0.00124512298498], [0.000925860425923, -0.00258306367323, 0.00118723278865, -0.00326067069545, 0.00165889505297, -0.000228267352213, 0.00180229067337, -0.00691624684259, 0.0120077170432, -0.00757545232773, 0.0030545599293, -0.00137445726432, -0.00145768234506], [-0.000984198413789, 0.00287819607183, -0.00177178892773, 0.00394502701238, -0.00164109270554, -0.00023384852102, -0.00236354139633, 0.00296125560999, -0.00757545232773, 0.013964031823, -0.00687079131603, -0.000444400153356, 0.00216875877231], [0.000789469690062, -0.00210591335781, 0.00236021936871, -0.00416113203391, 0.00254081375897, -0.000243450558628, -0.000350219779648, -0.00150851695798, 0.0030545599293, -0.00687079131603, 0.0109974630177, -0.00300657982007, -0.00174248730764], [-0.000283527071588, 0.00144667015411, -0.00220262282528, 0.00176048709545, 0.000617544807028, -0.000375586329028, 0.00167147058528, -0.00117280601989, -0.00137445726432, -0.000444400153356, -0.00300657982007, 0.0138118388131, -0.00661944691092], [0.00021661016217, -0.000934072770178, 0.0019029174, -0.00107618409675, 0.000114525952085, -0.000297435472021, -0.00097092112992, 0.00124512298498, -0.00145768234506, 0.00216875877231, -0.00174248730764, -0.00661944691092, 0.0138635998592]]
    },
    "melbands": {
        "dmean": [0.00182222737931, 0.00269724894315, 0.00152717588935, 0.000956384523306, 0.000328424823238, 0.000274276710115, 0.000145978527144, 0.000180417249794, 0.000119340256788, 6.95222406648e-05, 6.52621965855e-05, 6.44952160656e-05, 8.30644930829e-05, 6.00405910518e-05, 4.96296343044e-05, 4.35054935224e-05, 5.41408335266e-05, 4.33446475654e-05, 4.34468020103e-05, 2.52097797784e-05, 2.39263172261e-05, 1.56310616148e-05, 1.00532288343e-05, 1.01121058833e-05, 9.49404602579e-06, 9.97298684524e-06, 8.88425074663e-06, 6.84372162141e-06, 6.25842312729e-06, 4.07234392696e-06, 3.15492343361e-06, 3.35198114954e-06, 3.22226878779e-06, 2.26958377425e-06, 2.45344631367e-06, 2.17887054532e-06, 2.21286700253e-06, 2.32531510846e-06, 1.25138933527e-06, 1.06534400857e-06],
        "dmean2": [0.00205495487899, 0.00337414513342, 0.00248785340227, 0.00175252533518, 0.000614274758846, 0.000403585610911, 0.000223321752856, 0.000264340662397, 0.000181757975952, 0.000112124762381, 0.00010562875832, 0.000108079737402, 0.000131276261527, 9.16560238693e-05, 7.93264189269e-05, 7.14691486792e-05, 8.3163700765e-05, 6.41220904072e-05, 6.61785816192e-05, 3.9004291466e-05, 3.70340421796e-05, 2.33998325712e-05, 1.553077891e-05, 1.57644626597e-05, 1.45131352838e-05, 1.51829517563e-05, 1.36059234137e-05, 1.0561559975e-05, 9.73381065705e-06, 6.32441106063e-06, 5.00270607517e-06, 5.15085594088e-06, 4.97109203934e-06, 3.44562977261e-06, 3.80843903258e-06, 3.33081584358e-06, 3.34813489644e-06, 3.61720231012e-06, 1.90363357433e-06, 1.64093626154e-06],
        "dvar": [6.30573822491e-06, 2.2722140784e-05, 1.3404855963e-05, 6.56205929772e-06, 5.34317848633e-07, 1.86458748885e-07, 3.49460549387e-08, 1.02045376593e-07, 5.13758102727e-08, 1.35975080084e-08, 1.59368003239e-08, 1.73983814022e-08, 3.19425907946e-08, 1.50509738006e-08, 1.22351995202e-08, 1.01978994138e-08, 1.14778417881e-08, 1.19369270024e-08, 7.93144927513e-09, 4.96345675671e-09, 5.76751846282e-09, 2.78560552402e-09, 4.83036166621e-10, 5.55552714943e-10, 5.68467106721e-10, 5.37773381382e-10, 2.92933344248e-10, 1.15800084799e-10, 1.47705195297e-10, 4.33622825147e-11, 1.96095830546e-11, 1.84085247046e-11, 1.83566703504e-11, 7.70550463713e-12, 1.16101772293e-11, 1.02975605473e-11, 8.1970940452e-12, 8.84097222514e-12, 2.12988177442e-12, 2.19637112317e-12],
        "dvar2": [9.22389972402e-06, 4.40923286078e-05, 3.36901466653e-05, 1.84969885595e-05, 1.58681973517e-06, 3.64445980949e-07, 8.39756424398e-08, 1.81726719006e-07, 9.73197131771e-08, 2.97930373705e-08, 3.55812765918e-08, 4.21994386102e-08, 6.83847432015e-08, 2.6752161375e-08, 2.75785208004e-08, 2.63235637732e-08, 2.66295234752e-08, 2.22495266655e-08, 1.60284674422e-08, 1.14849179056e-08, 1.25429320263e-08, 3.94721588748e-09, 8.99540941735e-10, 1.23115284634e-09, 1.11323972263e-09, 1.10571785061e-09, 5.43173783729e-10, 2.43055131577e-10, 3.31532801212e-10, 1.0781671389e-10, 4.90524149077e-11, 4.27211356568e-11, 3.93703750157e-11, 1.84774574113e-11, 2.81642469763e-11, 2.37043301654e-11, 1.83368095014e-11, 2.09782677341e-11, 5.06780598389e-12, 5.46942656096e-12],
        "max": [0.0188722182065, 0.0337589345872, 0.0218484308571, 0.0165304709226, 0.00553873972967, 0.00603446364403, 0.00271165673621, 0.00420474074781, 0.00347882253118, 0.00186982925516, 0.00273148319684, 0.0028098274488, 0.00394241837785, 0.00360078271478, 0.00262678368017, 0.00292523414828, 0.0026678412687, 0.00260138628073, 0.00220629340038, 0.00209615379572, 0.00225321250036, 0.00210727215745, 0.000699213182088, 0.000619993021246, 0.000907325476874, 0.000483266776428, 0.00074383651372, 0.000390169356251, 0.000292512500891, 0.000201906441362, 7.78217217885e-05, 6.06957219134e-05, 8.76732883626e-05, 3.99775817641e-05, 4.13171474065e-05, 5.88255825278e-05, 4.35949077655e-05, 3.50292721123e-05, 1.80676397576e-05, 3.67296634067e-05],
        "mean": [0.00281297788024, 0.00311889476143, 0.00116360653192, 0.000651504960842, 0.000261527311523, 0.000374575698515, 0.000208260797081, 0.000256814295426, 0.000174997519935, 0.000109692889964, 9.62084741332e-05, 8.2116581325e-05, 0.000132277462399, 0.000103195088741, 7.18535375199e-05, 6.12916555838e-05, 8.38020714582e-05, 6.66299674776e-05, 7.63675488997e-05, 4.14587520936e-05, 3.29167523887e-05, 2.59433927567e-05, 1.53006822075e-05, 1.75597506313e-05, 1.57612739713e-05, 1.82443582162e-05, 1.64822704392e-05, 1.32987088364e-05, 1.14315826067e-05, 6.6818815867e-06, 5.17514945386e-06, 4.7243465815e-06, 4.66731034976e-06, 3.87054569728e-06, 3.87279169445e-06, 3.671704917e-06, 3.783584134e-06, 3.27526618094e-06, 2.20231208914e-06, 2.17139722736e-06],
        "median": [0.000666670268402, 0.000801132293418, 7.43298805901e-05, 6.06260800851e-05, 7.05940256012e-05, 8.71280353749e-05, 9.96230155579e-05, 7.52822161303e-05, 4.77130161016e-05, 3.83765400329e-05, 2.50836565101e-05, 2.52285881288e-05, 3.91326138924e-05, 3.1003026379e-05, 1.9985029212e-05, 2.61356944975e-05, 4.02535115427e-05, 1.94109561562e-05, 2.14315368794e-05, 1.33198345793e-05, 1.01279129012e-05, 8.31646502775e-06, 6.78641163177e-06, 7.01854514773e-06, 6.66022651785e-06, 6.28004090686e-06, 7.41074472899e-06, 6.52383323541e-06, 5.71026566831e-06, 4.18556373916e-06, 2.76388072962e-06, 2.64535447059e-06, 2.73993941846e-06, 2.28812064051e-06, 2.10080338547e-06, 1.9167971459e-06, 2.3044954105e-06, 1.88081082797e-06, 1.41186626479e-06, 1.20630750189e-06],
        "min": [1.28706305168e-24, 1.16551585645e-24, 1.20116753759e-24, 1.41765641075e-24, 2.0114785569e-24, 1.75975698635e-24, 1.54373137176e-24, 3.1905678499e-24, 2.18292169743e-24, 2.17180546399e-24, 2.72989516936e-24, 1.70277046342e-24, 2.38537752395e-24, 3.4426371109e-24, 3.84262311644e-24, 2.73685469748e-24, 3.99038110272e-24, 1.88947609031e-24, 3.85130058639e-24, 3.27082241688e-24, 3.06432663646e-24, 3.99679138643e-24, 3.62308470423e-24, 4.60123238923e-24, 4.88535366045e-24, 3.85129388107e-24, 5.08269273792e-24, 4.51466870995e-24, 5.91817335049e-24, 4.60224213119e-24, 5.41765057246e-24, 4.96062164043e-24, 4.78309125473e-24, 5.08200327349e-24, 5.45008537743e-24, 5.23749604095e-24, 6.47014445347e-24, 5.66321823909e-24, 6.9797908023e-24, 6.16952257869e-24],
        "var": [1.98649740923e-05, 3.78837357857e-05, 1.06899979073e-05, 3.95571578338e-06, 3.39473047006e-07, 3.8008531078e-07, 7.74045787466e-08, 2.12063554272e-07, 1.13545290503e-07, 3.59260070582e-08, 3.81501337188e-08, 2.80922183293e-08, 8.35901872165e-08, 5.84064991926e-08, 3.42371677675e-08, 1.39330342819e-08, 2.06667429836e-08, 3.09206953375e-08, 2.75701186325e-08, 1.14597300538e-08, 8.85485462732e-09, 1.10133377973e-08, 1.31118349511e-09, 1.39386946429e-09, 1.23599053214e-09, 1.57414914437e-09, 1.01504316063e-09, 4.12750944534e-10, 3.68954755636e-10, 7.57186535694e-11, 4.05460352793e-11, 3.59370866398e-11, 3.80230430475e-11, 1.92871274507e-11, 2.35039297053e-11, 2.63341900369e-11, 2.21962743324e-11, 1.44781331021e-11, 5.9858823627e-12, 8.98811493982e-12]
    },
    "mfcc": {
        "mean": [-633.531433105, 82.4585952759, -0.70948433876, 8.83455276489, 1.84204435349, 7.34316396713, 3.07107138634, -2.05231833458, -1.28475594521, 8.2427482605, 1.75332462788, 3.99214553833, 3.9025080204],
        "cov": [[8340.5, -98.3938598633, 237.564102173, 269.275909424, 371.7784729, 127.952529907, 48.7481498718, -39.6463623047, 46.4725151062, 76.4224090576, -32.5074996948, -29.4820423126, -75.0429992676], [-98.3938598633, 983.134216309, 308.161621094, 214.320175171, 116.09513855, 166.312561035, 108.935218811, 114.48915863, 68.1691894531, 77.383026123, 38.3336677551, 17.5082035065, 30.9558734894], [237.564102173, 308.161621094, 953.219177246, 362.587738037, 324.472320557, 317.543029785, 98.313041687, 172.994384766, 115.78352356, 31.486743927, 108.477996826, 42.3489608765, -2.65207839012], [269.275909424, 214.320175171, 362.587738037, 426.55960083, 277.986602783, 202.758163452, 151.096908569, 151.099807739, 112.66103363, 85.294303894, 69.3591079712, 68.5022659302, 34.6853027344], [371.7784729, 116.09513855, 324.472320557, 277.986602783, 388.213928223, 180.234008789, 105.15586853, 158.683151245, 132.187026978, 82.1428222656, 72.1300964355, 53.5461120605, 16.4347763062], [127.952529907, 166.312561035, 317.543029785, 202.758163452, 180.234008789, 350.899108887, 207.75138855, 148.764266968, 148.614349365, 103.938835144, 109.268829346, 44.023021698, 58.5589637756], [48.7481498718, 108.935218811, 98.313041687, 151.096908569, 105.15586853, 207.75138855, 337.257263184, 143.671585083, 91.1548309326, 132.275360107, 45.8916473389, 56.6980743408, 68.4065628052], [-39.6463623047, 114.48915863, 172.994384766, 151.099807739, 158.683151245, 148.764266968, 143.671585083, 230.60067749, 155.105209351, 82.4482650757, 73.7146682739, 42.7105484009, 31.9960689545], [46.4725151062, 68.1691894531, 115.78352356, 112.66103363, 132.187026978, 148.614349365, 91.1548309326, 155.105209351, 235.360137939, 115.548522949, 101.691139221, 50.4419746399, 44.0147628784], [76.4224090576, 77.383026123, 31.486743927, 85.294303894, 82.1428222656, 103.938835144, 132.275360107, 82.4482650757, 115.548522949, 202.035797119, 100.247848511, 74.2309875488, 70.9991226196], [-32.5074996948, 38.3336677551, 108.477996826, 69.3591079712, 72.1300964355, 109.268829346, 45.8916473389, 73.7146682739, 101.691139221, 100.247848511, 177.135803223, 107.037239075, 66.6678695679], [-29.4820423126, 17.5082035065, 42.3489608765, 68.5022659302, 53.5461120605, 44.023021698, 56.6980743408, 42.7105484009, 50.4419746399, 74.2309875488, 107.037239075, 166.500320435, 100.577217102], [-75.0429992676, 30.9558734894, -2.65207839012, 34.6853027344, 16.4347763062, 58.5589637756, 68.4065628052, 31.9960689545, 44.0147628784, 70.9991226196, 66.6678695679, 100.577217102, 153.526260376]],
