{
"lowlevel": {
    "average_loudness": 0.930059850216,
    "barkbands_crest": {
        "dmean": 3.47419309616,
        "dmean2": 5.18426322937,
        "dvar": 12.4385147095,
        "dvar2": 22.6229095459,
        "max": 26.6805229187,
        "mean": 12.0150365829,
        "median": 10.1584243774,
        "min": 2.02033138275,
        "var": 41.8806190491
    },
    "barkbands_flatness_db": {
        "dmean": 0.0322932042181,
        "dmean2": 0.0436430424452,
        "dvar": 0.00114768126514,
        "dvar2": 0.0017623930471,
        "max": 0.531061589718,
        "mean": 0.140044778585,
        "median": 0.118504285812,
        "min": 0.0396379567683,
        "var": 0.00510718533769
    },
    "barkbands_kurtosis": {
        "dmean": 7.03449773788,
        "dmean2": 9.85550689697,
        "dvar": 802.102111816,
        "dvar2": 1303.21850586,
        "max": 1454.80981445,
        "mean": 9.51731491089,
        "median": 1.17056083679,
        "min": -1.93200409412,
        "var": 1946.72167969
    },
    "barkbands_skewness": {
        "dmean": 0.892717242241,
        "dmean2": 1.20886731148,
        "dvar": 1.4610837698,
        "dvar2": 2.3245742321,
        "max": 33.5141563416,
        "mean": 1.86119675636,
        "median": 1.3102080822,
        "min": -6.0829911232,
        "var": 5.49879312515
    },
    "barkbands_spread": {
        "dmean": 10.8988389969,
        "dmean2": 15.9729986191,
        "dvar": 129.898193359,
        "dvar2": 284.058380127,
        "max": 115.915863037,
        "mean": 32.3106460571,
        "median": 29.3464756012,
        "min": 0.0954953506589,
        "var": 402.294921875
    },
    "dissonance": {
        "dmean": 0.0172197353095,
        "dmean2": 0.0290100220591,
        "dvar": 0.000334342563292,
        "dvar2": 0.000891983800102,
        "max": 0.500000119209,
        "mean": 0.470795094967,
        "median": 0.477848231792,
        "min": 0.194476917386,
        "var": 0.000652413698845
    },
    "dynamic_complexity": 3.12000489235,
    "erbbands_crest": {
        "dmean": 2.73089599609,
        "dmean2": 4.41616392136,
        "dvar": 8.36270236969,
        "dvar2": 20.0194511414,
        "max": 30.7873916626,
        "mean": 8.21407222748,
        "median": 6.53967380524,
        "min": 2.09359025955,
        "var": 25.1984615326
    },
    "erbbands_flatness_db": {
        "dmean": 0.0209956429899,
        "dmean2": 0.0307174138725,
        "dvar": 0.000573959376197,
        "dvar2": 0.00121182051953,
        "max": 0.393415659666,
        "mean": 0.124315135181,
        "median": 0.112968489528,
        "min": 0.04851770401,
        "var": 0.00212378636934
    },
    "erbbands_kurtosis": {
        "dmean": 1.0694783926,
        "dmean2": 1.67556083202,
        "dvar": 3.69982528687,
        "dvar2": 8.6254529953,
        "max": 35.9932098389,
        "mean": 0.454437494278,
        "median": -0.366755962372,
        "min": -1.89040791988,
        "var": 6.79670763016
    },
    "erbbands_skewness": {
        "dmean": 0.417658835649,
        "dmean2": 0.631060481071,
        "dvar": 0.191769137979,
        "dvar2": 0.416369140148,
        "max": 5.00032043457,
        "mean": 0.092806443572,
        "median": 0.0619290471077,
        "min": -4.91699886322,
        "var": 0.703834235668
    },
    "erbbands_spread": {
        "dmean": 11.4536905289,
        "dmean2": 16.9934329987,
        "dvar": 124.654670715,
        "dvar2": 266.621612549,
        "max": 178.774780273,
        "mean": 50.4936065674,
        "median": 49.8436050415,
        "min": 2.25463676453,
        "var": 470.418823242
    },
    "hfc": {
        "dmean": 17.6602859497,
        "dmean2": 25.1432132721,
        "dvar": 689.332275391,
        "dvar2": 1496.33605957,
        "max": 598.162658691,
        "mean": 38.0788841248,
        "median": 25.8200073242,
        "min": 1.06957636194e-16,
        "var": 1622.67663574
    },
    "melbands_crest": {
        "dmean": 4.57328414917,
        "dmean2": 6.87449407578,
        "dvar": 18.2843494415,
        "dvar2": 38.8722724915,
        "max": 34.5736999512,
        "mean": 16.4797725677,
        "median": 15.3358192444,
        "min": 1.62355363369,
        "var": 51.2364959717
    },
    "melbands_flatness_db": {
        "dmean": 0.0417538024485,
        "dmean2": 0.0522390268743,
        "dvar": 0.00179132760968,
        "dvar2": 0.00264636310749,
        "max": 0.635606527328,
        "mean": 0.179906994104,
        "median": 0.159772977233,
        "min": 0.0027286564,
        "var": 0.00888558197767
    },
    "melbands_kurtosis": {
        "dmean": 17.0900745392,
        "dmean2": 24.856180191,
        "dvar": 1539.65393066,
        "dvar2": 2907.35205078,
        "max": 1050.77832031,
        "mean": 28.400138855,
        "median": 9.6277179718,
        "min": -1.95496058464,
        "var": 3518.22119141
    },
    "melbands_skewness": {
        "dmean": 1.2669993639,
        "dmean2": 1.77136921883,
        "dvar": 2.54906511307,
        "dvar2": 4.59279155731,
        "max": 26.3374900818,
        "mean": 3.58882021904,
        "median": 2.79779052734,
        "min": -2.72110557556,
        "var": 8.25098800659
    },
    "melbands_spread": {
        "dmean": 13.4921007156,
        "dmean2": 19.8088665009,
        "dvar": 391.898803711,
        "dvar2": 826.702575684,
        "max": 304.692169189,
        "mean": 31.8970413208,
        "median": 25.4730033875,
        "min": 0.220427155495,
        "var": 922.863586426
    },
    "pitch_salience": {
        "dmean": 0.0991300493479,
        "dmean2": 0.140095368028,
        "dvar": 0.0108589651063,
        "dvar2": 0.0183943361044,
        "max": 0.911527216434,
        "mean": 0.502281248569,
        "median": 0.548533678055,
        "min": 0.0403228439391,
        "var": 0.0382957644761
    },
    "silence_rate_20dB": {
        "dmean": 0,
        "dmean2": 0,
        "dvar": 0,
        "dvar2": 0,
        "max": 1,
        "mean": 1,
        "median": 1,
        "min": 1,
        "var": 0
    },
    "silence_rate_30dB": {
        "dmean": 0.0383715480566,
        "dmean2": 0.0767502784729,
        "dvar": 0.036895275116,
        "dvar2": 0.0862188413739,
        "max": 1,
        "mean": 0.962661445141,
        "median": 1,
        "min": 0,
        "var": 0.0359449610114
    },
    "silence_rate_60dB": {
        "dmean": 0.0426766499877,
        "dmean2": 0.0853612869978,
        "dvar": 0.0408605933189,
        "dvar2": 0.104843042791,
        "max": 1,
        "mean": 0.0836608633399,
        "median": 0,
        "min": 0,
        "var": 0.0766605138779
    },
    "spectral_centroid": {
        "dmean": 360.664916992,
        "dmean2": 508.364562988,
        "dvar": 154525.046875,
        "dvar2": 296699.65625,
        "max": 11802.0429688,
        "mean": 1824.04638672,
        "median": 1693.10400391,
        "min": 115.70854187,
        "var": 1330450
    },
    "spectral_complexity": {
        "dmean": 7.04146003723,
        "dmean2": 9.93017578125,
        "dvar": 62.1139640808,
        "dvar2": 115.317214966,
        "max": 59,
        "mean": 20.9139995575,
        "median": 19,
        "min": 0,
        "var": 178.488845825
    },
    "spectral_decrease": {
        "dmean": 3.53959372923e-09,
        "dmean2": 4.95263963174e-09,
        "dvar": 1.62357620968e-17,
        "dvar2": 2.46627803925e-17,
        "max": 2.10241494225e-28,
        "mean": -1.01788062423e-08,
        "median": -8.23529244798e-09,
        "min": -3.7484049642e-08,
        "var": 7.10234016074e-17
    },
    "spectral_energy": {
        "dmean": 0.01434834674,
        "dmean2": 0.0203102026135,
        "dvar": 0.000251696328633,
        "dvar2": 0.00041518456419,
        "max": 0.147310569882,
        "mean": 0.0418710075319,
        "median": 0.0355327352881,
        "min": 1.00330545954e-20,
        "var": 0.00106382998638
    },
    "spectral_energyband_high": {
        "dmean": 0.00169870036189,
        "dmean2": 0.00239185150713,
        "dvar": 7.67610981711e-06,
        "dvar2": 1.59164574143e-05,
        "max": 0.0719707161188,
        "mean": 0.00285058259033,
        "median": 0.00121546851005,
        "min": 6.96296809737e-21,
        "var": 1.79903545359e-05
    },
    "spectral_energyband_low": {
        "dmean": 0.0103726275265,
        "dmean2": 0.0130199743435,
        "dvar": 0.000236776017118,
        "dvar2": 0.000268167932518,
        "max": 0.119911059737,
        "mean": 0.0238660629839,
        "median": 0.0112915793434,
        "min": 1.14232454885e-23,
        "var": 0.000939887831919
    },
    "spectral_energyband_middle_high": {
        "dmean": 0.00316231697798,
        "dmean2": 0.00482054147869,
        "dvar": 2.31289177464e-05,
        "dvar2": 5.42303059774e-05,
        "max": 0.0825919881463,
        "mean": 0.00686054397374,
        "median": 0.00390834128484,
        "min": 1.09680221328e-21,
        "var": 7.38603121135e-05
    },
    "spectral_energyband_middle_low": {
        "dmean": 0.00443767476827,
        "dmean2": 0.00670898146927,
        "dvar": 3.78903605451e-05,
        "dvar2": 7.92796854512e-05,
        "max": 0.0942493826151,
        "mean": 0.00895187538117,
        "median": 0.006056222599,
        "min": 1.5740348639e-22,
        "var": 9.44751227507e-05
    },
    "spectral_entropy": {
        "dmean": 0.190332725644,
        "dmean2": 0.267114073038,
        "dvar": 0.0427062772214,
        "dvar2": 0.0833884030581,
        "max": 9.82399082184,
        "mean": 7.9768576622,
        "median": 8.07441329956,
        "min": 5.87015724182,
        "var": 0.228104695678
    },
    "spectral_flux": {
        "dmean": 0.0396925136447,
        "dmean2": 0.0628560855985,
        "dvar": 0.00154408428352,
        "dvar2": 0.00439764512703,
        "max": 0.304659545422,
        "mean": 0.115418694913,
        "median": 0.103735014796,
        "min": 6.23504650688e-11,
        "var": 0.00394112849608
    },
    "spectral_kurtosis": {
        "dmean": 0.943075478077,
        "dmean2": 1.44666314125,
        "dvar": 1.62323272228,
        "dvar2": 3.88411068916,
        "max": 32.0213699341,
        "mean": 2.45405864716,
        "median": 1.9309425354,
        "min": -1.31634187698,
        "var": 4.60831785202
    },
    "spectral_rms": {
        "dmean": 0.00123086431995,
        "dmean2": 0.00175013788976,
        "dvar": 1.85950068499e-06,
        "dvar2": 3.35565528076e-06,
        "max": 0.011988228187,
        "mean": 0.00575273763388,
        "median": 0.00588779104874,
        "min": 3.1286332032e-12,
        "var": 7.75582520873e-06
    },
    "spectral_rolloff": {
        "dmean": 1178.6439209,
        "dmean2": 1742.73364258,
        "dvar": 2606070.25,
        "dvar2": 4835182,
        "max": 19595.2148438,
        "mean": 2573.51220703,
        "median": 1571.92382812,
        "min": 64.599609375,
        "var": 8597349
    },
    "spectral_skewness": {
        "dmean": 0.192562177777,
        "dmean2": 0.283479899168,
        "dvar": 0.0414445735514,
        "dvar2": 0.0865692272782,
        "max": 4.18856239319,
        "mean": 1.28891038895,
        "median": 1.23140978813,
        "min": -0.444251477718,
        "var": 0.183038339019
    },
    "spectral_spread": {
        "dmean": 763318.75,
        "dmean2": 1125442.375,
        "dvar": 857832095744,
        "dvar2": 1.65676528435e+12,
        "max": 42220960,
        "mean": 6728995,
        "median": 6319666.5,
        "min": 1222952.75,
        "var": 1.27223946281e+13
    },
    "spectral_strongpeak": {
        "dmean": 0.577874422073,
        "dmean2": 0.990360438824,
        "dvar": 1.30904328823,
        "dvar2": 3.21147942543,
        "max": 15.8348808289,
        "mean": 0.963830471039,
        "median": 0.541708946228,
        "min": 0,
        "var": 2.15962100029
    },
    "zerocrossingrate": {
        "dmean": 0.0243046153337,
        "dmean2": 0.0240081362426,
        "dvar": 0.000594748416916,
        "dvar2": 0.000617176061496,
        "max": 0.5322265625,
        "mean": 0.0956378281116,
        "median": 0.08447265625,
        "min": 0.00244140625,
        "var": 0.00518651213497
    },
    "barkbands": {
        "dmean": [0.000433960114606, 0.00932270847261, 0.00421228818595, 0.00121064553969, 0.00133020873182, 0.00127746618818, 0.0013192902552, 0.000679582473822, 0.000828482909128, 0.000542910478543, 0.000695013091899, 0.00102956115734, 0.000470432452857, 0.000485848344397, 0.000450621155323, 0.000361323356628, 0.000239519504248, 0.000208342142287, 0.000197760527954, 0.000283594854409, 0.000254993647104, 0.000330650043907, 0.000358507211786, 0.000383560167393, 0.000278843857814, 0.000138619245263, 1.71805036864e-09],
        "dmean2": [0.000698892981745, 0.0124704083428, 0.00654949806631, 0.00208566174842, 0.00222069397569, 0.00203168718144, 0.00212272931822, 0.00110040290747, 0.001439891872, 0.000878278515302, 0.00104121584445, 0.00173047976568, 0.000740182062145, 0.000781257345807, 0.00072350417031, 0.0005881593097, 0.000383153703297, 0.000327765970724, 0.000309072784148, 0.000428614031989, 0.000397764757508, 0.000516398693435, 0.000529934186488, 0.000555480772164, 0.000413832516642, 0.000197681991267, 3.15774695281e-09],
        "dvar": [4.3934952032e-07, 0.000259774242295, 8.3914550487e-05, 6.90437673256e-06, 6.1475802795e-06, 5.68575114812e-06, 9.54294227995e-06, 3.71286546397e-06, 3.7087313558e-06, 2.38666007135e-06, 3.95046981794e-06, 6.50718629913e-06, 1.2603891264e-06, 1.16297121622e-06, 1.05849653664e-06, 6.74751731822e-07, 3.35342718927e-07, 1.21336640291e-07, 9.62585957609e-08, 1.85446822343e-07, 1.47396008288e-07, 2.58486153371e-07, 4.65074379008e-07, 8.67981896135e-07, 3.57985527444e-07, 1.06667826572e-07, 6.03266418971e-18],
        "dvar2": [1.08042138436e-06, 0.000308799848426, 0.000186185337952, 1.85080116353e-05, 1.64764041983e-05, 1.24233729366e-05, 2.3180818971e-05, 8.81580854184e-06, 9.77715171757e-06, 5.59073168915e-06, 7.42440397516e-06, 1.60616946232e-05, 2.68101621259e-06, 2.50203652286e-06, 2.41260681833e-06, 1.52891539074e-06, 7.79268475526e-07, 2.61856968109e-07, 2.29288517062e-07, 3.72875064159e-07, 3.40335702731e-07, 5.94726543568e-07, 1.02557783066e-06, 1.78687298558e-06, 7.76964668603e-07, 2.30890378816e-07, 1.8594556949e-17],
        "max": [0.00850151572376, 0.116815909743, 0.0528471842408, 0.0188701339066, 0.0399302579463, 0.0787344276905, 0.064809679985, 0.0471096709371, 0.0429921299219, 0.0533480010927, 0.0523788817227, 0.0540711060166, 0.0435007289052, 0.0344256646931, 0.0485329739749, 0.028724970296, 0.0249814111739, 0.02077546902, 0.00621844129637, 0.00522498600185, 0.00459877308458, 0.00955617800355, 0.0217018295079, 0.0323089584708, 0.013756041415, 0.00882514566183, 3.27734959171e-08],
        "mean": [0.000528740813024, 0.0186111424118, 0.00412944704294, 0.00114014802966, 0.00165904581081, 0.00203931494616, 0.00215244712308, 0.000987968291156, 0.000858222483657, 0.000704510661308, 0.00107220641803, 0.00130404240917, 0.000769604637753, 0.000693503709044, 0.000614645075984, 0.00052038958529, 0.000376404379494, 0.000349569570972, 0.000320542545523, 0.000444763631094, 0.000369412329746, 0.000469082820928, 0.00052238535136, 0.00059335998958, 0.000425795908086, 0.000214319268707, 1.45380851801e-09],
        "median": [0.000131547829369, 0.00616103410721, 0.000696419621818, 0.000225713287364, 0.000676894444041, 0.000730493338779, 0.000415457470808, 0.000211370133911, 0.000275751168374, 0.000207732678973, 0.000216346714296, 0.000316136807669, 0.000259949069005, 0.000259749940597, 0.000252458208706, 0.000231899670325, 0.00017370734713, 0.000193831700017, 0.000189252052223, 0.000192518375115, 0.000150905543705, 0.00017244463379, 0.000194184307475, 0.000203075134777, 0.000139764801133, 7.55785004003e-05, 5.7567628442e-10],
        "min": [1.34223913884e-24, 1.3489751235e-24, 1.71687490197e-24, 6.88075740147e-25, 5.77774033214e-24, 8.93791869618e-24, 6.37073220219e-24, 7.72920235137e-24, 1.97328348959e-23, 1.76744380478e-23, 1.79761899658e-23, 2.0056943132e-23, 2.7599592501e-23, 3.35868732223e-23, 5.10995506083e-23, 2.76687188044e-23, 7.20140013215e-23, 7.1984870266e-23, 1.23100469461e-22, 2.01304958917e-22, 2.3876514865e-22, 3.30971654117e-22, 3.49040128187e-22, 5.5836958218e-22, 7.9517618484e-22, 1.1704968165e-21, 1.94423108036e-21],
        "var": [7.18434364444e-07, 0.00081072509056, 8.25318929856e-05, 4.91555965709e-06, 5.7609331634e-06, 1.58681687026e-05, 2.50862231042e-05, 8.98732923815e-06, 3.48120192939e-06, 4.03791364079e-06, 1.08578315121e-05, 1.2520715245e-05, 4.50742845715e-06, 2.34391677623e-06, 1.71972851604e-06, 1.46693923853e-06, 7.7977830415e-07, 3.6319019614e-07, 1.57270051204e-07, 3.51777430296e-07, 2.38556282284e-07, 4.59841771772e-07, 9.90298758552e-07, 1.94776930584e-06, 6.85343309215e-07, 1.85938645814e-07, 5.11858329072e-18]
    },
    "erbbands": {
        "dmean": [0.302102863789, 2.29587340355, 5.02092504501, 3.76448440552, 3.66316175461, 4.59926986694, 6.83294391632, 12.1620969772, 19.0674266815, 16.1157302856, 14.9562702179, 17.7363376617, 16.6769065857, 20.0081977844, 28.7047672272, 36.9632339478, 22.0593738556, 23.5862369537, 22.6693153381, 20.6689052582, 17.4613742828, 13.1079082489, 11.2340297699, 11.0832366943, 9.16098976135, 13.4373245239, 11.2640752792, 10.0955867767, 11.7582330704, 10.2662611008, 10.5566701889, 9.33057403564, 5.7739367485, 3.59376692772, 1.69705152512, 0.807568848133, 0.225967347622, 0.0181741435081, 0.000350739777787, 3.40015139955e-05],
        "dmean2": [0.371068418026, 2.82580685616, 7.09426259995, 5.69557094574, 5.86287593842, 7.90055656433, 11.5422058105, 19.1659240723, 30.3132839203, 25.1751308441, 24.6692199707, 31.2818870544, 27.5761470795, 30.7642917633, 45.4518013, 62.6049537659, 34.7106666565, 37.4401092529, 35.8483085632, 33.134098053, 27.8948040009, 20.5029144287, 17.5367259979, 17.5731182098, 13.842622757, 20.3895549774, 17.7327651978, 15.5179004669, 18.5492324829, 15.64478302, 15.9482097626, 13.6035270691, 8.45994853973, 5.42774581909, 2.52437448502, 1.1808630228, 0.324608206749, 0.0262527894229, 0.000498764624353, 4.83593794343e-05],
        "dvar": [0.262589156628, 14.2489442825, 95.3700256348, 51.030872345, 42.6473007202, 81.9962081909, 171.446289062, 598.146484375, 2219.99609375, 1541.12963867, 1765.84838867, 1913.4251709, 1257.5246582, 3402.77172852, 4392.33789062, 8465.24609375, 2792.13549805, 2425.5078125, 2108.70800781, 2018.37158203, 1348.64257812, 927.903320312, 335.704162598, 311.471557617, 172.875045776, 432.298919678, 281.09564209, 250.919586182, 336.848205566, 287.158050537, 454.477996826, 503.823852539, 186.420043945, 68.9931716919, 11.7689533234, 4.31020927429, 0.231565654278, 0.00120064476505, 4.61475394786e-07, 2.48619524967e-09],
        "dvar2": [0.379693865776, 16.5821876526, 197.615249634, 111.604103088, 105.105705261, 226.953720093, 443.380523682, 1316.36877441, 5333.81152344, 3467.20410156, 4539.33349609, 5060.01904297, 3050.55932617, 7601.30664062, 9141.40332031, 22017.4140625, 6166.31298828, 4989.60302734, 4764.15722656, 4549.38378906, 3123.57348633, 1869.75476074, 752.221496582, 728.832641602, 361.604888916, 900.318237305, 636.700866699, 583.334289551, 804.686828613, 602.879699707, 1041.16308594, 1058.53637695, 391.469085693, 150.994628906, 25.8177909851, 9.32932567596, 0.507802069187, 0.00252769561484, 9.61622163231e-07, 5.25633758741e-09],
        "max": [3.49263572693, 27.921037674, 63.6572151184, 57.3670272827, 71.1370925903, 122.282554626, 290.74710083, 903.091247559, 1117.52856445, 936.892150879, 1319.71459961, 1006.15710449, 1022.11883545, 2184.80419922, 2036.82763672, 2328.16357422, 1887.68371582, 1949.30981445, 1198.88012695, 1517.71716309, 1701.29260254, 1718.94970703, 685.162475586, 558.442504883, 233.854995728, 225.139984131, 204.103607178, 221.352401733, 381.399353027, 457.101318359, 807.534851074, 785.182983398, 441.717681885, 215.097259521, 75.3614349365, 62.6323318481, 11.9435443878, 0.947070479393, 0.0169128030539, 0.00105436309241],
        "mean": [0.498168557882, 4.25289964676, 5.91744279861, 4.24571275711, 4.37474918365, 5.42978477478, 9.58187580109, 19.4490509033, 31.1284732819, 26.0706596375, 20.4492092133, 17.6662273407, 22.5431499481, 34.1007957458, 44.3999404907, 46.3543548584, 36.4920768738, 36.2907676697, 33.5485115051, 30.9477386475, 26.5802364349, 21.8627357483, 19.3464202881, 18.3924713135, 15.8170385361, 20.9081077576, 17.5885372162, 13.7394590378, 16.0496196747, 15.6474313736, 15.2180128098, 13.5033788681, 9.22459697723, 5.45623254776, 2.56343197823, 1.23092114925, 0.341135382652, 0.026908332482, 0.000553299614694, 8.3340681158e-05],
        "median": [0.161264330149, 1.1746866703, 2.12122774124, 1.00890016556, 1.49174046516, 2.23101758957, 3.6669754982, 6.70206594467, 7.24080562592, 6.08195972443, 5.12285995483, 5.87746524811, 9.04446411133, 9.65702819824, 12.0669183731, 12.7911090851, 13.0792598724, 14.960855484, 15.3572177887, 14.0455980301, 13.7759399414, 10.8771839142, 10.7972288132, 11.295501709, 9.47011852264, 8.91146469116, 7.6349234581, 5.20934963226, 5.98224449158, 5.61257314682, 5.6398897171, 4.62098312378, 3.0815885067, 1.78656482697, 0.846965909004, 0.392608761787, 0.122896723449, 0.00995520502329, 0.000223157854634, 7.22216645954e-05],
        "min": [5.73081194352e-23, 4.38751813709e-22, 3.69928619697e-21, 5.3641160228e-21, 9.92942114312e-21, 2.16714583491e-20, 6.49612012278e-20, 5.84795948936e-20, 1.50225137e-19, 2.38177377452e-19, 2.25062041099e-19, 4.26996732657e-19, 4.27886908243e-19, 5.66984798719e-19, 7.64268563885e-19, 1.14451956237e-18, 1.93038291691e-18, 2.05148236539e-18, 2.37105077375e-18, 2.15910952322e-18, 2.51869134615e-18, 4.65612398103e-18, 4.36316307785e-18, 6.63015990721e-18, 6.45707153685e-18, 9.3898557015e-18, 8.52781356203e-18, 9.14390099098e-18, 1.29027834024e-17, 8.49068804178e-18, 8.43153387463e-18, 1.12234231248e-17, 9.44516926906e-18, 7.05756702485e-18, 5.30870124194e-18, 4.18463061829e-18, 2.13469838937e-18, 9.21576706299e-19, 2.62803035426e-19, 2.73792097552e-20],
        "var": [0.627513706684, 46.3449897766, 125.755508423, 54.4329032898, 41.5461807251, 67.9237213135, 289.229553223, 1741.18139648, 5805.66113281, 3939.41381836, 3535.66992188, 1716.24438477, 2150.98071289, 9161.54492188, 13535.5986328, 14722.3955078, 9032.98632812, 5790.69824219, 3980.66113281, 4529.72314453, 2271.74462891, 2590.69238281, 985.237976074, 571.971984863, 332.382141113, 808.988952637, 509.443756104, 367.012054443, 539.295349121, 642.436523438, 891.353149414, 1080.98083496, 420.16394043, 131.351715088, 21.4733715057, 7.20274066925, 0.408599466085, 0.00224127550609, 8.93312744665e-07, 5.79324144212e-09]
    },
    "gfcc": {
        "mean": [16.9509983063, 49.9750099182, -104.68106842, 34.5001487732, -58.3382415771, 29.8884468079, -40.1126976013, 16.34815979, -24.1824111938, 13.3118991852, -12.2299003601, 8.52962970734, -11.2487688065],
        "cov": [[19108.6621094, 131.247360229, -863.187194824, 617.030822754, -852.73449707, 397.406982422, -515.077270508, 221.273193359, -388.952209473, 184.733154297, -320.775543213, 83.9399108887, -258.891296387], [131.247360229, 1208.83618164, 94.7058258057, 153.319076538, 438.673431396, 98.1365432739, 262.630096436, 45.4639320374, 126.725646973, -42.1758003235, 109.05645752, -65.8138275146, 48.1326980591], [-863.187194824, 94.7058258057, 898.546203613, 301.738037109, 212.2290802, 91.6877975464, 96.1416320801, 76.3361434937, 47.1070175171, 6.73464918137, -24.2713432312, -19.3515377045, -21.3845310211], [617.030822754, 153.319076538, 301.738037109, 551.113525391, 271.472717285, 185.784927368, 142.135650635, 51.8087081909, 56.4666862488, -11.4652700424, -26.5191497803, -38.8111877441, 18.2115077972], [-852.73449707, 438.673431396, 212.2290802, 271.472717285, 619.154846191, 235.86857605, 266.490203857, 76.3246841431, 127.612693787, -13.2844552994, 88.8060913086, -37.6244430542, 57.0378570557], [397.406982422, 98.1365432739, 91.6877975464, 185.784927368, 235.86857605, 283.480682373, 161.920547485, 48.6646003723, 31.8458080292, 2.16702032089, 20.3180198669, -27.5632991791, 21.155374527], [-515.077270508, 262.630096436, 96.1416320801, 142.135650635, 266.490203857, 161.920547485, 273.85723877, 66.3754730225, 75.3622207642, -2.67080402374, 58.4469299316, -24.8483886719, 41.0718345642], [221.273193359, 45.4639320374, 76.3361434937, 51.8087081909, 76.3246841431, 48.6646003723, 66.3754730225, 156.77784729, 73.8905258179, 29.9201622009, 33.7584953308, 23.3916301727, 12.1847314835], [-388.952209473, 126.725646973, 47.1070175171, 56.4666862488, 127.612693787, 31.8458080292, 75.3622207642, 73.8905258179, 155.524963379, 40.1327896118, 72.1307754517, 14.650021553, 32.8773880005], [184.733154297, -42.1758003235, 6.73464918137, -11.4652700424, -13.2844552994, 2.16702032089, -2.67080402374, 29.9201622009, 40.1327896118, 106.36894989, 52.7033576965, 32.1753005981, 8.16420841217], [-320.775543213, 109.05645752, -24.2713432312, -26.5191497803, 88.8060913086, 20.3180198669, 58.4469299316, 33.7584953308, 72.1307754517, 52.7033576965, 144.414123535, 48.6925773621, 44.7668838501], [83.9399108887, -65.8138275146, -19.3515377045, -38.8111877441, -37.6244430542, -27.5632991791, -24.8483886719, 23.3916301727, 14.650021553, 32.1753005981, 48.6925773621, 92.1976394653, 34.6684799194], [-258.891296387, 48.1326980591, -21.3845310211, 18.2115077972, 57.0378570557, 21.155374527, 41.0718345642, 12.1847314835, 32.8773880005, 8.16420841217, 44.7668838501, 34.6684799194, 90.254447937]],
        "icov": [[0.000144900986925, -0.000270795018878, 0.000239774613874, -0.000358018762199, 0.000342835992342, -0.000561710505281, 0.000484940741444, -0.000459872244392, 0.000408188963775, -0.000399217940867, 0.000242990048719, -0.000397401774535, 0.000365060433978], [-0.000270795018878, 0.00184770592023, -0.000409517582739, 0.000605833018199, -0.00129774573725, 0.00173124158755, -0.00160336692352, 0.000898206722923, -0.000959280354436, 0.00136191863567, -0.00133120722603, 0.00171802216209, -0.00073209911352], [0.000239774613874, -0.000409517582739, 0.00187045510393, -0.00128625938669, 0.000156209222041, -0.000593067554291, 0.000661950965878, -0.0011779073393, 0.00074765260797, -0.000940103374887, 0.000821913825348, -0.00100931187626, 0.00129969289992], [-0.000358018762199, 0.000605833018199, -0.00128625938669, 0.00401258049533, -0.00150604825467, 0.00014680212189, -0.00126465596259, 0.00125875894446, -0.00171920855064, 0.000715979025699, 0.00113984372001, 0.000933518575039, -0.00150399829727], [0.000342835992342, -0.00129774573725, 0.000156209222041, -0.00150604825467, 0.00511421216652, -0.00308781536296, -6.73109316267e-05, -0.000858577841427, -0.000394156959374, 0.000293734134175, -0.000950063287746, -0.0001234045194, 0.000290354772005], [-0.000561710505281, 0.00173124158755, -0.000593067554291, 0.00014680212189, -0.00308781536296, 0.00930741336197, -0.00463645160198, 0.000856295169797, 0.000220098590944, 0.000551582372282, -0.0010929639684, 0.00267503526993, -0.00155608006753], [0.000484940741444, -0.00160336692352, 0.000661950965878, -0.00126465596259, -6.73109316267e-05, -0.00463645160198, 0.010218879208, -0.00322836195119, 0.000985497608781, -0.000553093617782, -0.000933129282203, 0.00094917404931, -0.000637711258605], [-0.000459872244392, 0.000898206722923, -0.0011779073393, 0.00125875894446, -0.000858577841427, 0.000856295169797, -0.00322836195119, 0.0110911587253, -0.00544753763825, 0.000421964708949, 0.000625447253697, -0.00222591450438, 0.000473447697004], [0.000408188963775, -0.000959280354436, 0.00074765260797, -0.00171920855064, -0.000394156959374, 0.000220098590944, 0.000985497608781, -0.00544753763825, 0.0133756082505, -0.00364461028948, -0.00288682896644, 0.000886575027835, -0.000760388851631], [-0.000399217940867, 0.00136191863567, -0.000940103374887, 0.000715979025699, 0.000293734134175, 0.000551582372282, -0.000553093617782, 0.000421964708949, -0.00364461028948, 0.0149670504034, -0.00579098938033, -0.000351294438588, 0.000622208521236], [0.000242990048719, -0.00133120722603, 0.000821913825348, 0.00113984372001, -0.000950063287746, -0.0010929639684, -0.000933129282203, 0.000625447253697, -0.00288682896644, -0.00579098938033, 0.0161248743534, -0.0072828643024, -0.00105665333103], [-0.000397401774535, 0.00171802216209, -0.00100931187626, 0.000933518575039, -0.0001234045194, 0.00267503526993, 0.00094917404931, -0.00222591450438, 0.000886575027835, -0.000351294438588, -0.0072828643024, 0.0209855996072, -0.00790392141789], [0.000365060433978, -0.00073209911352, 0.00129969289992, -0.00150399829727, 0.000290354772005, -0.00155608006753, -0.000637711258605, 0.000473447697004, -0.000760388851631, 0.000622208521236, -0.00105665333103, -0.00790392141789, 0.0173171907663]]
    },
    "melbands": {
        "dmean": [0.00256697856821, 0.00250468659215, 0.000605178182013, 0.000282187771518, 0.000230002435273, 0.000267802766757, 0.0002804811229, 0.000167584381416, 0.000121101278637, 0.000116543575132, 8.5329709691e-05, 8.20030909381e-05, 9.50868197833e-05, 0.000114173759357, 7.88871548139e-05, 5.00992755406e-05, 4.5051183406e-05, 3.85684761568e-05, 3.65126725228e-05, 2.73339082923e-05, 2.02405681193e-05, 1.53944656631e-05, 1.04098226075e-05, 1.15046268547e-05, 9.599151781e-06, 7.12612836651e-06, 8.1795224105e-06, 9.87301154964e-06, 7.54858729124e-06, 6.51720301903e-06, 6.01012652623e-06, 7.01351018506e-06, 6.60620071358e-06, 5.71608279643e-06, 6.51751179248e-06, 5.87764634474e-06, 5.83705832469e-06, 4.54834707853e-06, 3.26678400597e-06, 3.05551930069e-06],
        "dmean2": [0.00325789209455, 0.00301229185425, 0.000872610369697, 0.000463136268081, 0.000390091387089, 0.000420995173045, 0.000446449470473, 0.000263842230197, 0.000203219417017, 0.000204597527045, 0.00014079749235, 0.000126495913719, 0.00014454680786, 0.000191386527149, 0.000128849467728, 7.76682354626e-05, 7.28457889636e-05, 6.1092323449e-05, 5.89859046158e-05, 4.46171106887e-05, 3.24502761941e-05, 2.43360063905e-05, 1.6481950297e-05, 1.80708575499e-05, 1.54512927111e-05, 1.10394958028e-05, 1.27923567561e-05, 1.5056569282e-05, 1.20471058835e-05, 1.03614856926e-05, 9.36396281759e-06, 1.13254791358e-05, 1.02717613117e-05, 8.75122623256e-06, 1.01187351902e-05, 8.86035832082e-06, 8.63431705511e-06, 6.71551379128e-06, 5.01943259223e-06, 4.66594929094e-06],
        "dvar": [1.91867511603e-05, 1.56930309458e-05, 1.0988850363e-06, 2.66183121767e-07, 1.86229343058e-07, 2.7204083608e-07, 4.41571188503e-07, 1.60472353627e-07, 1.07165313068e-07, 8.34121181015e-08, 3.55759652848e-08, 5.85708583856e-08, 6.41362376541e-08, 8.34368805158e-08, 6.5390999282e-08, 1.78191417177e-08, 8.84282691516e-09, 7.30912397273e-09, 9.49226297564e-09, 4.74644146209e-09, 2.01120942123e-09, 1.55717938544e-09, 3.34717836781e-10, 4.84138840129e-10, 2.53985027454e-10, 1.25854493493e-10, 1.76897718696e-10, 2.31673749629e-10, 1.28549421108e-10, 1.02241951017e-10, 9.71771343949e-11, 1.30700117396e-10, 1.05998279598e-10, 1.02206826336e-10, 1.7686757614e-10, 1.73114092505e-10, 2.64344046652e-10, 1.40399358806e-10, 5.40062473908e-11, 5.12747865e-11],
        "dvar2": [2.26556749112e-05, 2.52734207606e-05, 2.09041786547e-06, 6.93192248491e-07, 4.88064813453e-07, 5.92427397805e-07, 1.07111986836e-06, 3.52085436361e-07, 2.74366527719e-07, 2.19759257902e-07, 8.52340846791e-08, 1.34351097358e-07, 1.27630471525e-07, 1.98496223902e-07, 1.57697883196e-07, 3.65270054203e-08, 1.87056770073e-08, 1.60158855067e-08, 2.10704573789e-08, 1.07174082942e-08, 4.66472016569e-09, 3.15053427791e-09, 7.86955001164e-10, 9.81926984167e-10, 6.09701233945e-10, 2.98293917345e-10, 3.70950825612e-10, 4.98138974514e-10, 2.94179791638e-10, 2.42831171837e-10, 2.29066099422e-10, 3.25203614038e-10, 2.37337649533e-10, 2.20851364974e-10, 4.21130907924e-10, 3.9575961952e-10, 5.7370941331e-10, 3.00517138951e-10, 1.22281323955e-10, 1.155711013e-10],
        "max": [0.0318460464478, 0.0318332836032, 0.00836988631636, 0.00521002337337, 0.0106037203223, 0.0184073951095, 0.0153501853347, 0.00848762691021, 0.0105243260041, 0.00739284930751, 0.00605975091457, 0.00835709366947, 0.00823590625077, 0.00590693438426, 0.00780497211963, 0.00601000571623, 0.00334518915042, 0.00273160892539, 0.00511983875185, 0.00239748856984, 0.00169798079878, 0.00229125609621, 0.000451176980278, 0.00141441239975, 0.000427932536695, 0.000255343446042, 0.000186858451343, 0.000177110909135, 0.000136168659083, 0.000136714486871, 0.000148759718286, 0.000195477638044, 0.000221925452934, 0.000290636351565, 0.00058312213514, 0.000507999851834, 0.000677167088725, 0.000378517812351, 0.000231499449001, 0.000202951428946],
        "mean": [0.00495674926788, 0.00413128919899, 0.000758155307267, 0.000340925180353, 0.000315914483508, 0.000433871347923, 0.000471393781481, 0.000272028933978, 0.000150720472448, 0.000116955547128, 0.000113646281534, 0.0001343494514, 0.000146444479469, 0.000142037577461, 0.000102279584098, 8.37801562739e-05, 6.30516005913e-05, 5.31340665475e-05, 4.90413876832e-05, 3.89598390029e-05, 2.83392746496e-05, 2.37815984292e-05, 1.58315924637e-05, 1.84920027095e-05, 1.45650774357e-05, 1.15440943773e-05, 1.23005738715e-05, 1.45004096339e-05, 1.1613334209e-05, 8.67149810801e-06, 7.77856621426e-06, 8.88755585038e-06, 9.4722272479e-06, 8.40785833134e-06, 9.01534349396e-06, 8.21724825073e-06, 8.32947716845e-06, 6.99934025761e-06, 5.10255813424e-06, 4.36616937805e-06],
        "median": [0.00175570673309, 0.00151889072731, 0.000200333161047, 0.000125036021927, 0.000131379216327, 0.000152139182319, 0.000110368455353, 6.14864911768e-05, 3.51660746674e-05, 3.60026206181e-05, 4.19549796788e-05, 3.66626481991e-05, 3.43655920005e-05, 3.50955378963e-05, 2.18692475755e-05, 2.8341448342e-05, 2.37221429416e-05, 2.09007812373e-05, 1.87238983926e-05, 1.5345740394e-05, 1.40876209116e-05, 1.06824500108e-05, 8.18254557089e-06, 9.53120797931e-06, 8.36949038785e-06, 6.49932871966e-06, 5.78362960368e-06, 5.40998826182e-06, 4.84060137751e-06, 3.40259339282e-06, 2.80006997855e-06, 3.22147207044e-06, 3.30931129611e-06, 2.9680827538e-06, 3.31385081154e-06, 2.8268909773e-06, 2.7256028261e-06, 2.19883713726e-06, 1.72315765212e-06, 1.37785309562e-06],
        "min": [1.00465656686e-24, 1.78551132275e-24, 1.41018136202e-24, 1.2894930391e-24, 2.14694924572e-24, 1.31499079849e-24, 1.97757410405e-24, 2.12172403777e-24, 1.93776187189e-24, 2.55895709702e-24, 2.15656841839e-24, 1.6233054476e-24, 2.3374315442e-24, 3.19485412563e-24, 3.53437335114e-24, 3.40628837254e-24, 3.59394102695e-24, 3.15137921229e-24, 4.44296007037e-24, 2.57447911862e-24, 2.04586737034e-24, 4.01393570049e-24, 3.50816029212e-24, 3.57329022617e-24, 4.98815209716e-24, 4.49452435787e-24, 4.31531369844e-24, 5.03678537197e-24, 3.57938812097e-24, 4.67026639591e-24, 5.2745208331e-24, 5.94478872857e-24, 4.9531724269e-24, 4.54883585348e-24, 3.63333161296e-24, 5.35934546852e-24, 6.21449277789e-24, 6.0519523271e-24, 6.11443089965e-24, 5.78858006984e-24],
        "var": [5.80050400458e-05, 4.0284707211e-05, 1.42062970099e-06, 2.39780405309e-07, 2.82352488057e-07, 7.99150939201e-07, 1.19442620417e-06, 4.40922462985e-07, 1.92941911337e-07, 7.65124710256e-08, 6.27643359508e-08, 1.44406513414e-07, 1.73013901872e-07, 1.52068281523e-07, 1.5102776274e-07, 6.25414315891e-08, 1.87665971652e-08, 1.3856970682e-08, 1.48957317592e-08, 1.15252296595e-08, 3.2097777769e-09, 4.02348421247e-09, 6.47075171223e-10, 1.48392942378e-09, 4.02561484147e-10, 2.09325612399e-10, 2.85143908485e-10, 4.37796326969e-10, 2.36763331163e-10, 1.4142709226e-10, 1.32134067576e-10, 1.73953004778e-10, 2.16346163207e-10, 2.15983758656e-10, 3.14145098823e-10, 3.28427202101e-10, 5.14445042121e-10, 2.95800273165e-10, 1.04734942941e-10, 8.85214193613e-11]
    },
    "mfcc": {
        "mean": [-623.48626709, 82.7248153687, 11.6103286743, 12.5399913788, 9.02099895477, 10.3128175735, 4.09660625458, 4.30440473557, -1.1744004488, 4.96835279465, 0.719178676605, 3.64937067032, 4.72932100296],
        "cov": [[9254.21972656, -21.4374370575, 218.401702881, 115.451904297, -122.633972168, 69.8981018066, -64.1610107422, -24.793390274, -8.77698326111, 1.27539753914, -86.5850143433, -13.3064193726, -4.07567644119], [-21.4374370575, 1106.61242676, -56.5681266785, 132.491836548, 179.669967651, 96.3924484253, 169.796173096, 119.962303162, 56.1635475159, 106.226242065, 55.9055557251, 47.5968132019, 52.3601951599], [218.401702881, -56.5681266785, 608.593933105, 176.315979004, 84.7990112305, 50.4190979004, 25.0302124023, 32.0682525635, 44.8837890625, 18.7416992188, 29.9595375061, -7.88883161545, -4.23185920715], [115.451904297, 132.491836548, 176.315979004, 391.346221924, 204.443069458, 164.71661377, 118.244979858, 109.972885132, 108.09046936, 58.55286026, 43.7635383606, 25.9124031067, 15.9886789322], [-122.633972168, 179.669967651, 84.7990112305, 204.443069458, 342.71395874, 170.646865845, 146.675872803, 123.820671082, 95.155128479, 84.4262313843, 44.100692749, 42.7492675781, 50.4270515442], [69.8981018066, 96.3924484253, 50.4190979004, 164.71661377, 170.646865845, 298.776184082, 177.807571411, 98.8515777588, 90.2085189819, 67.0453262329, 31.7254943848, 10.7597818375, 11.6698360443], [-64.1610107422, 169.796173096, 25.0302124023, 118.244979858, 146.675872803, 177.807571411, 243.269790649, 122.721199036, 80.2096481323, 79.0301513672, 34.2273635864, 25.0687942505, 25.4695186615], [-24.793390274, 119.962303162, 32.0682525635, 109.972885132, 123.820671082, 98.8515777588, 122.721199036, 168.435806274, 89.5907897949, 61.0966758728, 27.7661056519, 36.917930603, 24.2557563782], [-8.77698326111, 56.1635475159, 44.8837890625, 108.09046936, 95.155128479, 90.2085189819, 80.2096481323, 89.5907897949, 135.356185913, 61.8493080139, 31.8848972321, 25.6152248383, 18.5418968201], [1.27539753914, 106.226242065, 18.7416992188, 58.55286026, 84.4262313843, 67.0453262329, 79.0301513672, 61.0966758728, 61.8493080139, 106.396499634, 48.7984466553, 26.7132434845, 22.7213535309], [-86.5850143433, 55.9055557251, 29.9595375061, 43.7635383606, 44.100692749, 31.7254943848, 34.2273635864, 27.7661056519, 31.8848972321, 48.7984466553, 91.994644165, 45.4259223938, 22.9404335022], [-13.3064193726, 47.5968132019, -7.88883161545, 25.9124031067, 42.7492675781, 10.7597818375, 25.0687942505, 36.917930603, 25.6152248383, 26.7132434845, 45.4259223938, 86.2395858765, 50.4584274292], [-4.07567644119, 52.3601951599, -4.23185920715, 15.9886789322, 50.4270515442, 11.6698360443, 25.4695186615, 24.2557563782, 18.5418968201, 22.7213535309, 22.9404335022, 50.4584274292, 97.9885025024]],
