{
"lowlevel": {
    "average_loudness": 0.925624608994,
    "barkbands_crest": {
        "dmean": 3.11719489098,
        "dmean2": 4.64949226379,
        "dvar": 8.55294036865,
        "dvar2": 16.0756759644,
        "max": 25.9751358032,
        "mean": 10.5007152557,
        "median": 8.84366607666,
        "min": 1.96622252464,
        "var": 30.4166316986
    },
    "barkbands_flatness_db": {
        "dmean": 0.0301810055971,
        "dmean2": 0.0419241636992,
        "dvar": 0.000903188367374,
        "dvar2": 0.00175800197758,
        "max": 0.496100127697,
        "mean": 0.15283870697,
        "median": 0.140312552452,
        "min": 0.0377224907279,
        "var": 0.00459037860855
    },
    "barkbands_kurtosis": {
        "dmean": 3.70059990883,
        "dmean2": 5.61463832855,
        "dvar": 102.475639343,
        "dvar2": 227.536590576,
        "max": 297.504211426,
        "mean": 4.29068899155,
        "median": 0.830426335335,
        "min": -1.95753872395,
        "var": 155.07649231
    },
    "barkbands_skewness": {
        "dmean": 0.670354664326,
        "dmean2": 0.980055332184,
        "dvar": 0.620659708977,
        "dvar2": 1.21023499966,
        "max": 15.511598587,
        "mean": 1.38690829277,
        "median": 1.05521070957,
        "min": -4.81366920471,
        "var": 2.14897179604
    },
    "barkbands_spread": {
        "dmean": 8.24279308319,
        "dmean2": 12.4660682678,
        "dvar": 96.4031143188,
        "dvar2": 210.993347168,
        "max": 113.59614563,
        "mean": 25.112537384,
        "median": 22.8204555511,
        "min": 0.37639221549,
        "var": 247.562454224
    },
    "dissonance": {
        "dmean": 0.0199260246009,
        "dmean2": 0.0335763171315,
        "dvar": 0.000480387650896,
        "dvar2": 0.00125508441124,
        "max": 0.500000178814,
        "mean": 0.46791189909,
        "median": 0.47503644228,
        "min": 0.137655034661,
        "var": 0.000889848452061
    },
    "dynamic_complexity": 2.99507212639,
    "erbbands_crest": {
        "dmean": 3.01174330711,
        "dmean2": 4.93442440033,
        "dvar": 7.75513553619,
        "dvar2": 18.7143230438,
        "max": 30.2230911255,
        "mean": 9.11316871643,
        "median": 8.07754516602,
        "min": 2.16420531273,
        "var": 18.7234783173
    },
    "erbbands_flatness_db": {
        "dmean": 0.0237201508135,
        "dmean2": 0.0324682630599,
        "dvar": 0.000499303394463,
        "dvar2": 0.000869454117492,
        "max": 0.550718724728,
        "mean": 0.163018032908,
        "median": 0.148277044296,
        "min": 0.0503999143839,
        "var": 0.00494216568768
    },
    "erbbands_kurtosis": {
        "dmean": 1.08921897411,
        "dmean2": 1.74318647385,
        "dvar": 3.74542665482,
        "dvar2": 8.65273189545,
        "max": 56.0917320251,
        "mean": 0.497834414244,
        "median": -0.0406585931778,
        "min": -1.86491787434,
        "var": 5.26381015778
    },
    "erbbands_skewness": {
        "dmean": 0.421278625727,
        "dmean2": 0.637012898922,
        "dvar": 0.187591776252,
        "dvar2": 0.386702716351,
        "max": 3.91898417473,
        "mean": 0.188222259283,
        "median": 0.246845260262,
        "min": -6.08787822723,
        "var": 0.640509009361
    },
    "erbbands_spread": {
        "dmean": 9.86893749237,
        "dmean2": 14.8511285782,
        "dvar": 124.504013062,
        "dvar2": 269.504486084,
        "max": 171.589355469,
        "mean": 37.5746650696,
        "median": 33.5945549011,
        "min": 1.47299957275,
        "var": 402.326141357
    },
    "hfc": {
        "dmean": 12.7551736832,
        "dmean2": 19.5635261536,
        "dvar": 387.788482666,
        "dvar2": 912.373962402,
        "max": 157.981445312,
        "mean": 28.5828094482,
        "median": 23.2516746521,
        "min": 1.16711253669e-16,
        "var": 638.850769043
    },
    "melbands_crest": {
        "dmean": 3.98617959023,
        "dmean2": 6.03219366074,
        "dvar": 14.0966835022,
        "dvar2": 30.1342582703,
        "max": 33.6992988586,
        "mean": 14.3994426727,
        "median": 12.7586154938,
        "min": 2.11225891113,
        "var": 46.7956047058
    },
    "melbands_flatness_db": {
        "dmean": 0.0370891727507,
        "dmean2": 0.0493027344346,
        "dvar": 0.00146850047167,
        "dvar2": 0.0027531448286,
        "max": 0.588067054749,
        "mean": 0.195156410336,
        "median": 0.169589847326,
        "min": 0.00569485267624,
        "var": 0.00792367942631
    },
    "melbands_kurtosis": {
        "dmean": 8.4300069809,
        "dmean2": 12.8792285919,
        "dvar": 436.880310059,
        "dvar2": 1035.42150879,
        "max": 852.135986328,
        "mean": 13.2328624725,
        "median": 4.87218666077,
        "min": -1.89028644562,
        "var": 647.329650879
    },
    "melbands_skewness": {
        "dmean": 0.874356627464,
        "dmean2": 1.29442083836,
        "dvar": 1.07276916504,
        "dvar2": 2.15423297882,
        "max": 20.5722332001,
        "mean": 2.45928859711,
        "median": 1.95015203953,
        "min": -3.04409646988,
        "var": 3.72337770462
    },
    "melbands_spread": {
        "dmean": 9.84899616241,
        "dmean2": 15.3629312515,
        "dvar": 187.9193573,
        "dvar2": 408.184051514,
        "max": 262.221130371,
        "mean": 27.6186447144,
        "median": 24.2216949463,
        "min": 0.368062913418,
        "var": 426.104309082
    },
    "pitch_salience": {
        "dmean": 0.0881005078554,
        "dmean2": 0.132631182671,
        "dvar": 0.00662412354723,
        "dvar2": 0.0128099750727,
        "max": 0.889113426208,
        "mean": 0.530185341835,
        "median": 0.558356404305,
        "min": 0.0747717395425,
        "var": 0.0227869078517
    },
    "silence_rate_20dB": {
        "dmean": 0,
        "dmean2": 0,
        "dvar": 0,
        "dvar2": 0,
        "max": 1,
        "mean": 1,
        "median": 1,
        "min": 1,
        "var": 0
    },
    "silence_rate_30dB": {
        "dmean": 0.0821946412325,
        "dmean2": 0.1644064188,
        "dvar": 0.0754397511482,
        "dvar2": 0.158234119415,
        "max": 1,
        "mean": 0.903838157654,
        "median": 1,
        "min": 0,
        "var": 0.0869242250919
    },
    "silence_rate_60dB": {
        "dmean": 0.029414832592,
        "dmean2": 0.0588358007371,
        "dvar": 0.0285484474152,
        "dvar2": 0.0662231221795,
        "max": 1,
        "mean": 0.07196495682,
        "median": 0,
        "min": 0,
        "var": 0.066792562604
    },
    "spectral_centroid": {
        "dmean": 307.77230835,
        "dmean2": 472.614227295,
        "dvar": 135991.46875,
        "dvar2": 284069.09375,
        "max": 11505.4541016,
        "mean": 1576.20947266,
        "median": 1565.65820312,
        "min": 150.888763428,
        "var": 498183.6875
    },
    "spectral_complexity": {
        "dmean": 4.60018777847,
        "dmean2": 7.09346961975,
        "dvar": 26.6469688416,
        "dvar2": 55.8046836853,
        "max": 57,
        "mean": 20.7458286285,
        "median": 21,
        "min": 0,
        "var": 105.155853271
    },
    "spectral_decrease": {
        "dmean": 3.59147667162e-09,
        "dmean2": 4.84365170195e-09,
        "dvar": 2.40379248491e-17,
        "dvar2": 3.47730880737e-17,
        "max": 5.95598409385e-29,
        "mean": -9.6438412811e-09,
        "median": -5.85969717193e-09,
        "min": -4.85747975176e-08,
        "var": 9.58556150591e-17
    },
    "spectral_energy": {
        "dmean": 0.0141845513135,
        "dmean2": 0.0191922225058,
        "dvar": 0.000349288166035,
        "dvar2": 0.000505860138219,
        "max": 0.186671063304,
        "mean": 0.0389908030629,
        "median": 0.0245716255158,
        "min": 1.03876460829e-20,
        "var": 0.00142535497434
    },
    "spectral_energyband_high": {
        "dmean": 0.00102173979394,
        "dmean2": 0.00159300025553,
        "dvar": 3.68830046682e-06,
        "dvar2": 8.7676826297e-06,
        "max": 0.0182585120201,
        "mean": 0.00133702124003,
        "median": 0.000472094427096,
        "min": 7.30800177141e-21,
        "var": 4.49288245363e-06
    },
    "spectral_energyband_low": {
        "dmean": 0.0106761520728,
        "dmean2": 0.0148456608877,
        "dvar": 0.000374002556782,
        "dvar2": 0.000580955063924,
        "max": 0.167810931802,
        "mean": 0.0215443503112,
        "median": 0.00688306428492,
        "min": 3.26678565786e-23,
        "var": 0.00116429373156
    },
    "spectral_energyband_middle_high": {
        "dmean": 0.00292435172014,
        "dmean2": 0.00474672019482,
        "dvar": 1.35165564643e-05,
        "dvar2": 3.40016122209e-05,
        "max": 0.0523764118552,
        "mean": 0.00769819924608,
        "median": 0.00669613014907,
        "min": 1.3444662683e-21,
        "var": 4.57036003354e-05
    },
    "spectral_energyband_middle_low": {
        "dmean": 0.004872915335,
        "dmean2": 0.00764925824478,
        "dvar": 4.65391058242e-05,
        "dvar2": 0.000114787202619,
        "max": 0.0695724338293,
        "mean": 0.00942301005125,
        "median": 0.00721591198817,
        "min": 2.83140909597e-22,
        "var": 7.20693424228e-05
    },
    "spectral_entropy": {
        "dmean": 0.221216768026,
        "dmean2": 0.307003617287,
        "dvar": 0.0563971921802,
        "dvar2": 0.110577136278,
        "max": 9.80977058411,
        "mean": 7.61610889435,
        "median": 7.66952610016,
        "min": 4.59505033493,
        "var": 0.273869723082
    },
    "spectral_flux": {
        "dmean": 0.0381156615913,
        "dmean2": 0.0524862520397,
        "dvar": 0.00146637274884,
        "dvar2": 0.00278174970299,
        "max": 0.372008830309,
        "mean": 0.107950359583,
        "median": 0.0921211540699,
        "min": 6.92112617218e-11,
        "var": 0.00440513715148
    },
    "spectral_kurtosis": {
        "dmean": 2.78174424171,
        "dmean2": 4.54151439667,
        "dvar": 57.9815711975,
        "dvar2": 157.568557739,
        "max": 208.469955444,
        "mean": 5.96222066879,
        "median": 3.50249886513,
        "min": -1.3491704464,
        "var": 157.191314697
    },
    "spectral_rms": {
        "dmean": 0.0010958352359,
        "dmean2": 0.00145007716492,
        "dvar": 1.51855363129e-06,
        "dvar2": 1.9479657567e-06,
        "max": 0.013495114632,
        "mean": 0.00545018306002,
        "median": 0.00489615323022,
        "min": 3.18343983986e-12,
        "var": 8.33527792565e-06
    },
    "spectral_rolloff": {
        "dmean": 794.678100586,
        "dmean2": 1324.93811035,
        "dvar": 1748277.625,
        "dvar2": 4034341.25,
        "max": 19530.6152344,
        "mean": 1764.86206055,
        "median": 1421.19140625,
        "min": 64.599609375,
        "var": 2820976.5
    },
    "spectral_skewness": {
        "dmean": 0.301091402769,
        "dmean2": 0.479305148125,
        "dvar": 0.210686802864,
        "dvar2": 0.562007129192,
        "max": 10.7453117371,
        "mean": 1.60358726978,
        "median": 1.46541678905,
        "min": -0.368108063936,
        "var": 0.701764941216
    },
    "spectral_spread": {
        "dmean": 833861.1875,
        "dmean2": 1085653.875,
        "dvar": 979480674304,
        "dvar2": 1.5922930647e+12,
        "max": 41963116,
        "mean": 4846846,
        "median": 4521449,
        "min": 383797.40625,
        "var": 4.88104001536e+12
    },
    "spectral_strongpeak": {
        "dmean": 0.628538489342,
        "dmean2": 1.06297326088,
        "dvar": 1.0477399826,
        "dvar2": 2.59120583534,
        "max": 12.1533489227,
        "mean": 0.988803744316,
        "median": 0.569634199142,
        "min": 0,
        "var": 1.69382333755
    },
    "zerocrossingrate": {
        "dmean": 0.0162046011537,
        "dmean2": 0.0178675986826,
        "dvar": 0.000304627406877,
        "dvar2": 0.00035285478225,
        "max": 0.51953125,
        "mean": 0.0703327655792,
        "median": 0.0673828125,
        "min": 0.00244140625,
        "var": 0.00174373795744
    },
    "barkbands": {
        "dmean": [0.00056101748487, 0.00935138110071, 0.00385289406404, 0.00168944639154, 0.00125735532492, 0.00110189139377, 0.00102622085251, 0.000985364662483, 0.000710402440745, 0.0010295601096, 0.00103109702468, 0.000401294440962, 0.000454373890534, 0.000466497789603, 0.000452882552054, 0.000382331199944, 0.000256364815868, 0.000232408943702, 0.000366976659279, 0.000204421085073, 0.000111939574708, 0.000139209165354, 0.000224907882512, 0.000206430704566, 0.000171719715581, 0.000158026392455, 1.65958413678e-09],
        "dmean2": [0.000891724601388, 0.0143051324412, 0.00630917958915, 0.00310854474083, 0.00199101958424, 0.00173565465957, 0.00167798821349, 0.00157910375856, 0.00116094155237, 0.00168354681227, 0.00169853970874, 0.000678948883433, 0.000768725411035, 0.000787179218605, 0.000764821190387, 0.00062573159812, 0.000418242445448, 0.000380286044674, 0.000586635957006, 0.00032905372791, 0.00017849393771, 0.000226802847465, 0.000366658059647, 0.000323669257341, 0.000268223549938, 0.000247340853093, 3.01304736716e-09],
        "dvar": [1.62999174336e-06, 0.000372524751583, 0.000108064283268, 1.79513881449e-05, 3.5505802316e-06, 3.65662276636e-06, 4.0094500946e-06, 3.0535213682e-06, 1.44354214626e-06, 3.40793963005e-06, 5.08037646796e-06, 5.60330590815e-07, 6.70532187996e-07, 8.20416516945e-07, 5.81450819936e-07, 8.34347076761e-07, 2.91185529022e-07, 1.82988586062e-07, 3.87900115584e-07, 1.15126091771e-07, 5.00701382578e-08, 1.13912825839e-07, 2.12081346262e-07, 2.72953400327e-07, 1.19407872035e-07, 1.15385191179e-07, 5.7634264129e-18],
        "dvar2": [4.08698178944e-06, 0.000633009301964, 0.000236000865698, 5.14179409947e-05, 8.76199192135e-06, 9.03467662283e-06, 1.03191687231e-05, 7.36067386242e-06, 3.43477631759e-06, 8.95184894034e-06, 1.29580157591e-05, 1.44890839238e-06, 1.82010273875e-06, 2.23059987547e-06, 1.54268764163e-06, 2.10780581256e-06, 6.96410722867e-07, 4.43964040642e-07, 9.30776366204e-07, 2.69285578725e-07, 1.16853698273e-07, 2.86841441266e-07, 5.32058948011e-07, 6.54244217912e-07, 2.86656273829e-07, 2.78222188399e-07, 1.72929386244e-17],
        "max": [0.0116032818332, 0.150237113237, 0.0795080512762, 0.0367383398116, 0.0343826673925, 0.0258576255292, 0.0369216315448, 0.0378074832261, 0.0263377372175, 0.0308099277318, 0.0383447110653, 0.0175201948732, 0.0176718439907, 0.0218865126371, 0.0109564224258, 0.0169274322689, 0.0103569608182, 0.00941066816449, 0.00977963302284, 0.0074875834398, 0.00492223771289, 0.0115863345563, 0.00572432391346, 0.0128698321059, 0.00321881566197, 0.00262244348414, 2.99065021636e-08],
        "mean": [0.000587101618294, 0.0164982154965, 0.0036420233082, 0.00142212514766, 0.00224506761879, 0.00169490941335, 0.00137087516487, 0.00128622585908, 0.00101274729241, 0.00147031410597, 0.00159392692149, 0.000537047977559, 0.000644501240458, 0.00068994727917, 0.000651044712868, 0.000593379605561, 0.000414502806962, 0.00037934089778, 0.00069021031959, 0.000379141740268, 0.00016735639656, 0.000174441491254, 0.00024688889971, 0.000253624166362, 0.000189681639313, 0.000156052425154, 1.42835654415e-09],
        "median": [0.000116205897939, 0.00469650886953, 0.000559985695872, 0.000419349235017, 0.00142790097743, 0.000885724788532, 0.000614410964772, 0.000544783310033, 0.000474479515105, 0.000516831642017, 0.000462950381916, 0.000227938158787, 0.000288863375317, 0.000290838273941, 0.000266020360868, 0.000195699336473, 0.000120126765978, 0.000169438106241, 0.000344795000274, 0.000189768034033, 7.32760308892e-05, 5.50803451915e-05, 6.58675198792e-05, 6.486249913e-05, 3.99618656957e-05, 1.80896204256e-05, 4.90633200734e-10],
        "min": [1.11202724138e-23, 1.33422632364e-23, 3.90654017685e-24, 3.233226095e-24, 4.66069593541e-23, 3.68619302445e-23, 2.85469071631e-23, 7.80413782648e-24, 5.36937102288e-23, 5.38228688471e-23, 4.8639506808e-23, 5.35049768349e-23, 5.61513590473e-23, 7.62485687954e-23, 6.80311309634e-23, 8.15835278123e-23, 1.77935074507e-22, 1.16296411624e-22, 2.9049455736e-22, 2.12981589684e-22, 4.40668505895e-22, 4.10690806999e-22, 4.80264072679e-22, 7.96857910072e-22, 1.14328669409e-21, 1.58619506009e-21, 2.21475145241e-21],
        "var": [1.57556667091e-06, 0.000858252053149, 0.000103726873931, 1.12898414955e-05, 6.39066638541e-06, 5.17402349942e-06, 4.78148740513e-06, 4.45680689154e-06, 2.53125085692e-06, 6.0719294197e-06, 1.01647028714e-05, 8.66237826358e-07, 1.06065419914e-06, 1.15470572837e-06, 9.64704099715e-07, 1.55382451794e-06, 8.2770878862e-07, 3.62723341141e-07, 9.28933729938e-07, 2.85283050516e-07, 6.72726656603e-08, 1.17010657164e-07, 2.20475030233e-07, 3.36023219916e-07, 1.29042661001e-07, 1.15745692142e-07, 5.20676984301e-18]
    },
    "erbbands": {
        "dmean": [0.365564465523, 2.10684871674, 3.98466992378, 6.29130601883, 3.85621857643, 4.58016347885, 6.51556015015, 10.0044174194, 13.3365001678, 21.3987369537, 16.3774833679, 17.4379367828, 21.6431827545, 33.195892334, 40.8145446777, 17.5638504028, 20.2738761902, 23.6145706177, 24.1822471619, 20.1595172882, 17.596124649, 12.4975404739, 10.1104450226, 16.0575256348, 18.4527130127, 10.5593500137, 4.70501041412, 4.65242147446, 4.84430551529, 5.73567342758, 6.87415552139, 4.98024320602, 3.03288006783, 1.91613292694, 1.24576199055, 0.728527665138, 0.300505012274, 0.025017445907, 0.000460045586806, 3.5396504245e-05],
        "dmean2": [0.583026766777, 2.81968259811, 6.22310018539, 11.3544492722, 6.34373998642, 7.25742197037, 10.3489074707, 15.7640304565, 21.6269893646, 34.6853637695, 26.6402721405, 28.3210277557, 35.5833053589, 54.1371192932, 66.41040802, 29.6483898163, 34.2098007202, 39.8988342285, 40.0349006653, 33.5300712585, 28.5798339844, 20.4987468719, 16.5791110992, 25.8520259857, 29.4753284454, 16.9108104706, 7.46456670761, 7.47633600235, 7.85745000839, 9.37291908264, 11.2839384079, 7.88000869751, 4.7925901413, 3.01813364029, 1.94199585915, 1.13657057285, 0.472250074148, 0.0400552488863, 0.00072899449151, 5.10812569701e-05],
        "dvar": [0.55987405777, 19.1294403076, 97.9559173584, 293.360748291, 48.9734344482, 50.1614761353, 120.747329712, 364.491729736, 772.844055176, 1519.66491699, 1043.54406738, 955.229370117, 1655.69433594, 4310.54785156, 8099.96875, 966.442993164, 1406.52893066, 2217.62646484, 1924.4510498, 1175.08227539, 1685.17370605, 693.012817383, 350.478393555, 1027.59057617, 1084.12866211, 296.847045898, 97.2932281494, 85.9564285278, 125.275291443, 174.345291138, 202.348526001, 186.134979248, 45.0945129395, 15.2785539627, 6.25865125656, 2.36230826378, 0.423733443022, 0.0032264853362, 1.04346645458e-06, 3.16839066095e-09],
        "dvar2": [1.25564992428, 31.852897644, 195.070953369, 810.889770508, 132.257400513, 122.140716553, 291.915802002, 905.425537109, 1985.30664062, 3908.2878418, 2516.12353516, 2207.89111328, 4481.51953125, 10848.7919922, 19883.5117188, 2672.49438477, 3855.00317383, 6072.76855469, 5240.10888672, 3079.62353516, 4265.58251953, 1717.73327637, 859.357788086, 2600.71264648, 2558.16381836, 682.971923828, 214.756576538, 210.979034424, 311.387481689, 441.332611084, 509.578186035, 443.440490723, 108.473052979, 37.1373596191, 14.8705015182, 5.6789727211, 1.01305174828, 0.00801740586758, 2.56942098531e-06, 7.40924654963e-09],
        "max": [6.76309204102, 34.3429489136, 79.6708908081, 132.328887939, 109.605255127, 133.875595093, 258.149230957, 269.186340332, 549.226257324, 509.881072998, 959.750427246, 753.230773926, 707.617858887, 1276.77978516, 1926.58044434, 637.179504395, 766.868041992, 1190.9375, 693.127197266, 501.528839111, 715.298522949, 690.442443848, 394.522888184, 656.842224121, 605.92956543, 504.725799561, 276.456115723, 174.634857178, 261.895507812, 397.787139893, 193.14793396, 301.244018555, 137.854782104, 36.6348457336, 25.8812103271, 12.5652122498, 6.03344154358, 0.473407655954, 0.00836462527514, 0.000445980607765],
        "mean": [0.538745224476, 3.43944334984, 4.52876472473, 5.02004480362, 5.50922632217, 7.64081144333, 10.4373435974, 15.0702180862, 18.4328289032, 28.5519599915, 22.5463733673, 25.5205936432, 31.5264625549, 51.1419754028, 65.9124603271, 26.6679515839, 30.3675746918, 35.1508979797, 37.7539825439, 32.187122345, 28.2268428802, 21.7339324951, 18.3363265991, 29.1462249756, 35.2333679199, 20.6019821167, 7.82366800308, 6.52227687836, 6.03677463531, 6.85133743286, 7.40408182144, 5.97134542465, 3.65553855896, 2.13623309135, 1.36639118195, 0.751662969589, 0.288762122393, 0.0232626460493, 0.000454775086837, 6.88623549649e-05],
        "median": [0.155348539352, 0.739215016365, 0.827076673508, 1.27210319042, 2.92789673805, 4.51345682144, 6.01654338837, 7.435131073, 8.65680885315, 13.3867874146, 11.5237464905, 12.1263027191, 13.8137626648, 20.5060367584, 20.3700714111, 12.8471050262, 14.4993371964, 16.6037902832, 16.5297698975, 16.1681156158, 10.5844841003, 7.0773267746, 9.20874595642, 14.3835220337, 17.1229991913, 10.2700576782, 4.0786523819, 2.66399812698, 2.06097912788, 1.8920943737, 1.9803494215, 1.52247834206, 0.912499189377, 0.465499997139, 0.279933363199, 0.116768151522, 0.0225673411041, 0.00101840659045, 6.16871984676e-05, 3.93461232306e-05],
        "min": [6.61001067525e-22, 2.23866880629e-21, 7.30700656974e-21, 6.34629889226e-21, 3.5241105882e-20, 2.44895066303e-19, 1.46372594996e-19, 3.82637156056e-19, 5.10560017402e-19, 2.79946224375e-19, 4.11413632193e-19, 1.26234875229e-18, 1.67850290487e-18, 2.31699865662e-18, 1.59183298824e-18, 2.26297156171e-18, 2.55667816821e-18, 2.86605839977e-18, 3.87605502668e-18, 4.08660599339e-18, 6.27838853042e-18, 9.71209383529e-18, 6.17206893834e-18, 1.18415388006e-17, 1.29163822516e-17, 1.05942596247e-17, 1.54766203984e-17, 1.57342408371e-17, 1.63429051472e-17, 1.16109969464e-17, 1.4615778498e-17, 1.50868479307e-17, 1.37846679504e-17, 1.11453000518e-17, 8.45090396304e-18, 5.88151595792e-18, 2.63349781132e-18, 1.12174490196e-18, 2.68820851931e-19, 3.2228827515e-20],
        "var": [0.920699119568, 43.2516174316, 119.619392395, 191.514205933, 57.3944892883, 89.9192123413, 190.797210693, 501.288848877, 915.397766113, 1892.07324219, 1452.12963867, 1736.51147461, 2589.6262207, 7911.78125, 18357.6035156, 1676.18444824, 2247.72705078, 3035.06958008, 3369.56713867, 2103.99780273, 3095.17114258, 2286.75195312, 740.258605957, 2109.5859375, 2561.44702148, 851.378723145, 145.361221313, 104.599884033, 133.980133057, 181.363067627, 203.057067871, 231.824386597, 52.1434402466, 16.3438892365, 6.80883598328, 2.4306910038, 0.422220140696, 0.00303499447182, 1.00660872704e-06, 5.07929032167e-09]
    },
    "gfcc": {
        "mean": [0.750605523586, 92.4116439819, -124.453636169, 29.7749042511, -61.0571556091, 19.0484924316, -36.1831893921, 13.8077640533, -22.9468688965, 2.67090344429, -6.5325512886, -2.28425478935, -7.02411222458],
        "cov": [[13305.265625, -2742.99609375, 1744.6784668, 1139.35546875, -280.323516846, 824.922668457, -349.395080566, 862.706604004, -495.742218018, 798.249328613, -574.472229004, 635.825073242, -482.584442139], [-2742.99609375, 2308.74584961, -484.536132812, -63.2317199707, 447.545776367, -260.104949951, 396.860443115, -330.863739014, 336.540344238, -365.876983643, 334.820739746, -324.375793457, 280.772064209], [1744.6784668, -484.536132812, 1942.47607422, 357.234832764, 175.349349976, 311.216033936, -96.5970458984, 263.019622803, -28.5288276672, 335.833740234, -302.014770508, 410.106018066, -156.733551025], [1139.35546875, -63.2317199707, 357.234832764, 673.427307129, 84.2702255249, 114.744598389, 21.5671195984, 131.231994629, 99.3497085571, 14.9096450806, 67.4809417725, 18.8814105988, 43.8107910156], [-280.323516846, 447.545776367, 175.349349976, 84.2702255249, 428.771606445, 43.6931838989, 107.030982971, 18.9120445251, 95.6167602539, 10.5212059021, 4.98571491241, 33.4210739136, 52.8429718018], [824.922668457, -260.104949951, 311.216033936, 114.744598389, 43.6931838989, 310.27746582, 55.1027374268, 96.2740859985, -23.2489948273, 113.617752075, -44.3866577148, 77.7914886475, -15.7312602997], [-349.395080566, 396.860443115, -96.5970458984, 21.5671195984, 107.030982971, 55.1027374268, 281.79510498, -32.3023529053, 62.3151473999, -38.4676780701, 88.4161987305, -51.2105484009, 47.286075592], [862.706604004, -330.863739014, 263.019622803, 131.231994629, 18.9120445251, 96.2740859985, -32.3023529053, 223.775680542, 2.04941964149, 107.351020813, -45.2563056946, 90.6291351318, -34.4959487915], [-495.742218018, 336.540344238, -28.5288276672, 99.3497085571, 95.6167602539, -23.2489948273, 62.3151473999, 2.04941964149, 208.096374512, -30.6301822662, 82.0195922852, -39.2832756042, 75.2719726562], [798.249328613, -365.876983643, 335.833740234, 14.9096450806, 10.5212059021, 113.617752075, -38.4676780701, 107.351020813, -30.6301822662, 217.177047729, -75.9784698486, 133.93132019, -59.6747665405], [-574.472229004, 334.820739746, -302.014770508, 67.4809417725, 4.98571491241, -44.3866577148, 88.4161987305, -45.2563056946, 82.0195922852, -75.9784698486, 214.11730957, -107.463317871, 82.2388458252], [635.825073242, -324.375793457, 410.106018066, 18.8814105988, 33.4210739136, 77.7914886475, -51.2105484009, 90.6291351318, -39.2832756042, 133.93132019, -107.463317871, 205.595184326, -40.7366676331], [-482.584442139, 280.772064209, -156.733551025, 43.8107910156, 52.8429718018, -15.7312602997, 47.286075592, -34.4959487915, 75.2719726562, -59.6747665405, 82.2388458252, -40.7366676331, 128.974243164]],
        "icov": [[0.000184903663467, -0.000139548414154, 0.000168895247043, -0.000435651454609, 0.000195826563868, -0.000248952914262, 9.09466325538e-05, -0.000329403148498, 0.000356451113475, -0.000393391092075, 0.000358066754416, -0.000264954316663, 0.000414781126892], [-0.000139548414154, 0.00226030638441, -0.000995033071376, 0.00108061672654, -0.00172688870225, 0.00140116538387, -0.00153226219118, 0.00152852677274, -0.0012794561917, 0.00149024825078, -0.00142798956949, 0.00219471869059, -0.0021299966611], [0.000168895247043, -0.000995033071376, 0.0018277419731, -0.00135892746039, 0.000550934055354, -0.00116605183575, 0.000713038898539, -0.000595780147705, 0.000213632913074, -0.00113622494973, 0.00166265980806, -0.00275285821408, 0.0021120540332], [-0.000435651454609, 0.00108061672654, -0.00135892746039, 0.00365645671263, -0.00108322082087, 0.000430481886724, -0.000337226490956, -5.79977058806e-05, -0.00163859513123, 0.00221286015585, -0.00252072070725, 0.00189657940064, -0.00208503357135], [0.000195826563868, -0.00172688870225, 0.000550934055354, -0.00108322082087, 0.0044820792973, -0.00103845121339, -2.50808261626e-06, -0.00129954121076, 9.47155567701e-05, -0.00126386701595, 0.0019569019787, -0.00209609628655, 0.00066995533416], [-0.000248952914262, 0.00140116538387, -0.00116605183575, 0.000430481886724, -0.00103845121339, 0.00627437839285, -0.00270191440359, 0.000207787103136, 0.000257192965364, -0.00107987190131, -0.000330984650645, 0.00227687112056, -0.00302763702348], [9.09466325538e-05, -0.00153226219118, 0.000713038898539, -0.000337226490956, -2.50808261626e-06, -0.00270191440359, 0.00625478941947, -0.000470629078336, 0.000223126771743, -0.00028223573463, -0.00103182171006, -0.00123506598175, 0.00191644229926], [-0.000329403148498, 0.00152852677274, -0.000595780147705, -5.79977058806e-05, -0.00129954121076, 0.000207787103136, -0.000470629078336, 0.00862497836351, -0.00204873993061, -0.000597357691731, -0.00117199879605, 0.000118930744065, -0.000523008871824], [0.000356451113475, -0.0012794561917, 0.000213632913074, -0.00163859513123, 9.47155567701e-05, 0.000257192965364, 0.000223126771743, -0.00204873993061, 0.00885957852006, -0.00210640137084, -0.000119077121781, 0.000107855754322, -0.00173715862911], [-0.000393391092075, 0.00149024825078, -0.00113622494973, 0.00221286015585, -0.00126386701595, -0.00107987190131, -0.00028223573463, -0.000597357691731, -0.00210640137084, 0.0118656083941, -0.0027286533732, -0.00291838310659, 0.00101871811785], [0.000358066754416, -0.00142798956949, 0.00166265980806, -0.00252072070725, 0.0019569019787, -0.000330984650645, -0.00103182171006, -0.00117199879605, -0.000119077121781, -0.0027286533732, 0.0111783780158, 0.000925642729271, -0.00148049124982], [-0.000264954316663, 0.00219471869059, -0.00275285821408, 0.00189657940064, -0.00209609628655, 0.00227687112056, -0.00123506598175, 0.000118930744065, 0.000107855754322, -0.00291838310659, 0.000925642729271, 0.0149116227403, -0.00543127581477], [0.000414781126892, -0.0021299966611, 0.0021120540332, -0.00208503357135, 0.00066995533416, -0.00302763702348, 0.00191644229926, -0.000523008871824, -0.00173715862911, 0.00101871811785, -0.00148049124982, -0.00543127581477, 0.0164447277784]]
    },
    "melbands": {
        "dmean": [0.00280693825334, 0.0022775309626, 0.000998292467557, 0.000273427023785, 0.000225921583478, 0.000221243462875, 0.000202915281989, 0.000236051055253, 0.000131683962536, 0.000106422536192, 0.000111714201921, 0.000139570795, 0.000140345102409, 6.02753170824e-05, 5.22231202922e-05, 3.74717928935e-05, 4.88921141368e-05, 4.13200323237e-05, 2.70443561021e-05, 3.21883962897e-05, 1.95993961825e-05, 1.45023423102e-05, 1.15576631288e-05, 1.1314717085e-05, 1.40716419992e-05, 1.66907084349e-05, 9.36377364269e-06, 7.00880173099e-06, 3.37624919666e-06, 2.54061615124e-06, 2.93014522867e-06, 2.65758649221e-06, 3.03378260469e-06, 3.35851950695e-06, 4.52386711913e-06, 3.24817460751e-06, 2.978561497e-06, 2.27627447202e-06, 1.80101733349e-06, 1.54562337684e-06],
        "dmean2": [0.00426409812644, 0.00286905514076, 0.00176622159779, 0.000434048270108, 0.00035639264388, 0.000349134847056, 0.00032852057484, 0.000380714132916, 0.000214668398257, 0.000172069951077, 0.000184224569239, 0.000227784432354, 0.000230159086641, 9.86825471045e-05, 8.87707501533e-05, 6.30564754829e-05, 8.29590935609e-05, 6.88187792548e-05, 4.60565242975e-05, 5.24441675225e-05, 3.1979612686e-05, 2.35246297962e-05, 1.93353098439e-05, 1.8392867787e-05, 2.27269829338e-05, 2.70364580501e-05, 1.49471270561e-05, 1.13334463094e-05, 5.42872066944e-06, 4.09963604397e-06, 4.76429522678e-06, 4.32289152741e-06, 5.03639648741e-06, 5.52668143428e-06, 7.54595657781e-06, 5.24632469023e-06, 4.70708391731e-06, 3.64394213648e-06, 2.83906024379e-06, 2.456027687e-06],
        "dvar": [3.15151955874e-05, 2.00698832487e-05, 6.56923066344e-06, 1.98126372197e-07, 1.22558915905e-07, 1.66258601553e-07, 1.69095301317e-07, 1.76535635887e-07, 6.15904767187e-08, 3.71943968958e-08, 4.27734612174e-08, 7.84442377721e-08, 9.2226308368e-08, 1.38072673295e-08, 9.01711860735e-09, 3.6699427941e-09, 1.05777830939e-08, 5.63561108891e-09, 1.88773063847e-09, 5.76305447808e-09, 2.3685431394e-09, 1.20873788756e-09, 5.07232089664e-10, 5.6258631087e-10, 9.36196564716e-10, 9.28974008829e-10, 2.67537436649e-10, 1.37403310951e-10, 5.01395314156e-11, 2.77598274229e-11, 3.71673247734e-11, 3.75990037715e-11, 6.87435733338e-11, 5.42992872887e-11, 8.95486254593e-11, 6.46333334076e-11, 8.06064798242e-11, 2.8312418382e-11, 1.40442067698e-11, 1.01474011485e-11],
        "dvar2": [5.70358497498e-05, 3.85580970033e-05, 1.79758790182e-05, 4.96635266245e-07, 2.9149009606e-07, 4.12592129351e-07, 4.33336879269e-07, 4.47231485623e-07, 1.50554413381e-07, 8.49864179031e-08, 1.15462611916e-07, 1.98133491836e-07, 2.33083028434e-07, 3.35917889061e-08, 2.47157583289e-08, 9.71869873467e-09, 2.90683654924e-08, 1.54413015707e-08, 4.94214669189e-09, 1.46944518775e-08, 5.97136073921e-09, 2.83854939553e-09, 1.26316246352e-09, 1.31849176022e-09, 2.38841724176e-09, 2.26682939086e-09, 6.48765763334e-10, 3.18483406314e-10, 1.09341147247e-10, 6.78407330312e-11, 9.40291317031e-11, 9.43137790088e-11, 1.74576020306e-10, 1.37429068126e-10, 2.29878990843e-10, 1.57317964211e-10, 1.96099927963e-10, 6.92202267727e-11, 3.40277667155e-11, 2.48943695519e-11],
        "max": [0.046998206526, 0.043709218502, 0.019856614992, 0.00931616779417, 0.00712453946471, 0.00581143423915, 0.00787424482405, 0.00617554131895, 0.00704656355083, 0.00512008322403, 0.00349428202026, 0.00546459387988, 0.00546860368922, 0.00325981806964, 0.00197234028019, 0.000968333275523, 0.00264706322923, 0.0011299009202, 0.000586292473599, 0.00160146702547, 0.00099007866811, 0.000960600096732, 0.000376446376322, 0.000687406281941, 0.000662234262563, 0.000567563052755, 0.000312177231535, 0.000371712143533, 0.000196714361664, 0.000130051368615, 0.000130810498376, 0.000140093397931, 0.00034281675471, 0.000145849437104, 0.000106958854303, 0.000159718852956, 0.000225312483963, 0.000139378273161, 6.62380771246e-05, 3.24143147736e-05],
        "mean": [0.00476009584963, 0.00319476053119, 0.000887106871232, 0.000470886850962, 0.000378007709514, 0.00033550846274, 0.000280130654573, 0.000314218195854, 0.000178834132385, 0.000153494838742, 0.000157282935106, 0.00020489153394, 0.000222478571231, 9.01261373656e-05, 7.3342329415e-05, 5.30416000402e-05, 6.80673183524e-05, 6.2438644818e-05, 3.72955400962e-05, 5.08906086907e-05, 2.84821762762e-05, 2.31987851294e-05, 1.7275538994e-05, 1.93124233192e-05, 2.27156760957e-05, 2.87532166112e-05, 1.79789076356e-05, 1.23120371427e-05, 5.19898276252e-06, 3.49726587956e-06, 3.92320407627e-06, 3.2335499327e-06, 3.63228855349e-06, 3.86080000681e-06, 4.58856038676e-06, 3.73199918613e-06, 3.5760724586e-06, 2.69942893283e-06, 2.07305129152e-06, 1.66756240105e-06],
        "median": [0.00141406687908, 0.000646942062303, 0.000282992783468, 0.000290902331471, 0.000229214056162, 0.000167894744663, 0.00013072512229, 0.000144202524098, 8.97144636838e-05, 7.04739577486e-05, 6.44025712973e-05, 6.97788636899e-05, 6.76495983498e-05, 3.2122603443e-05, 3.05978319375e-05, 2.66894458036e-05, 2.63680703938e-05, 2.42312999035e-05, 1.80667411769e-05, 1.795908247e-05, 8.83883694769e-06, 6.27495410299e-06, 6.8369345172e-06, 8.12784765003e-06, 9.70658584265e-06, 1.28227075038e-05, 8.79747221916e-06, 5.42369343748e-06, 2.31216517932e-06, 1.42314706864e-06, 1.45497153881e-06, 1.13390171919e-06, 1.01434693534e-06, 1.01382704543e-06, 1.13326518658e-06, 1.0287931218e-06, 8.69731024977e-07, 6.75957380736e-07, 4.87020201945e-07, 3.37354549629e-07],
        "min": [4.95248099032e-24, 3.44617988523e-24, 1.70261584668e-24, 9.97926400044e-24, 5.8255997344e-24, 8.16273269475e-24, 7.17049240411e-24, 2.48379285225e-24, 4.47231831782e-24, 7.00717610862e-24, 7.59753436654e-24, 9.46874398816e-24, 6.0698109547e-24, 5.30347321162e-24, 5.5733464716e-24, 6.02632420844e-24, 5.48890561701e-24, 5.67534894766e-24, 4.52458903026e-24, 4.81001626071e-24, 8.00508830917e-24, 1.00292683155e-23, 6.99332765543e-24, 4.2516151525e-24, 9.1487922602e-24, 9.61064192121e-24, 7.61756670037e-24, 5.61170917185e-24, 1.08162856528e-23, 9.82634568055e-24, 8.55117095992e-24, 9.81153166161e-24, 7.30203890436e-24, 6.36673346626e-24, 7.85868282491e-24, 9.63540189844e-24, 8.42033522335e-24, 8.41673012901e-24, 8.80275132437e-24, 9.33469995429e-24],
        "var": [6.97455907357e-05, 3.93837326556e-05, 4.53995926364e-06, 3.25197930806e-07, 2.11387856552e-07, 2.28170748073e-07, 2.0434502801e-07, 2.31939054629e-07, 8.47059240527e-08, 6.95524775551e-08, 6.65365362806e-08, 1.44061743867e-07, 1.97144757408e-07, 2.94980946336e-08, 1.34523077122e-08, 5.7515379126e-09, 1.39225218021e-08, 9.92292292779e-09, 2.68213495858e-09, 1.10255022889e-08, 4.16280565574e-09, 3.72678155003e-09, 9.91564719222e-10, 1.17663623289e-09, 1.73085479283e-09, 1.91196836141e-09, 6.79531986236e-10, 3.33105931727e-10, 7.63424046202e-11, 3.40369087082e-11, 4.24985498182e-11, 3.89878754281e-11, 6.61922322509e-11, 5.74035645406e-11, 8.24625645546e-11, 7.24350093795e-11, 9.76236244621e-11, 3.1311422205e-11, 1.537891689e-11, 1.04800690695e-11]
    },
    "mfcc": {
        "mean": [-634.908447266, 116.743431091, 0.0166443753988, 12.9076299667, 2.69354152679, 1.08556413651, 4.46949863434, 5.04135656357, -5.85180091858, 9.27972221375, -2.20471358299, -2.495667696, 2.90413141251],
        "cov": [[9202.30859375, -1513.05603027, 396.378753662, 494.929382324, 96.3935241699, 144.330444336, 213.508346558, 151.791137695, 105.729774475, 185.48739624, 198.17098999, 61.2740745544, 101.531463623], [-1513.05603027, 1480.69494629, -134.836532593, 44.1222457886, 81.8869400024, 77.6402816772, 76.89037323, 41.0087738037, 34.0855865479, 30.097864151, 6.83909130096, 10.5112419128, 3.48616456985], [396.378753662, -134.836532593, 1152.73510742, 234.217697144, 241.456375122, 187.605392456, -26.4460811615, 84.9707717896, 151.103622437, -40.8989295959, 50.6603431702, 120.310379028, 6.59290122986], [494.929382324, 44.1222457886, 234.217697144, 502.020233154, 216.129074097, 43.0593070984, 39.5440826416, 104.680618286, 52.3715896606, 69.6316223145, -0.675716042519, 86.3753204346, 56.9005088806], [96.3935241699, 81.8869400024, 241.456375122, 216.129074097, 340.03616333, 82.148109436, -7.62987947464, 64.0011825562, 99.5973968506, 16.3158855438, 3.62585449219, 83.7580947876, 41.2644119263], [144.330444336, 77.6402816772, 187.605392456, 43.0593070984, 82.148109436, 259.953430176, 86.4432601929, 42.8978385925, 86.9737319946, 14.3027191162, 42.0436630249, 21.8221416473, 3.33896636963], [213.508346558, 76.89037323, -26.4460811615, 39.5440826416, -7.62987947464, 86.4432601929, 192.304168701, 60.7104415894, 2.03704857826, 58.5097999573, 26.0196228027, -10.7965755463, 17.8499031067], [151.791137695, 41.0087738037, 84.9707717896, 104.680618286, 64.0011825562, 42.8978385925, 60.7104415894, 129.92918396, 59.5864334106, 27.9385623932, 17.4122219086, 38.1054649353, 16.3512859344], [105.729774475, 34.0855865479, 151.103622437, 52.3715896606, 99.5973968506, 86.9737319946, 2.03704857826, 59.5864334106, 170.316757202, 1.55132246017, 28.5530834198, 47.0672607422, 10.5970497131], [185.48739624, 30.097864151, -40.8989295959, 69.6316223145, 16.3158855438, 14.3027191162, 58.5097999573, 27.9385623932, 1.55132246017, 130.59046936, 32.0201530457, -0.11026456207, 21.2125606537], [198.17098999, 6.83909130096, 50.6603431702, -0.675716042519, 3.62585449219, 42.0436630249, 26.0196228027, 17.4122219086, 28.5530834198, 32.0201530457, 115.133918762, 24.7077960968, -4.88544893265], [61.2740745544, 10.5112419128, 120.310379028, 86.3753204346, 83.7580947876, 21.8221416473, -10.7965755463, 38.1054649353, 47.0672607422, -0.11026456207, 24.7077960968, 115.457443237, 34.1028022766], [101.531463623, 3.48616456985, 6.59290122986, 56.9005088806, 41.2644119263, 3.33896636963, 17.8499031067, 16.3512859344, 10.5970497131, 21.2125606537, -4.88544893265, 34.1028022766, 84.3381347656]],
