{
"lowlevel": {
    "average_loudness": 0.908629834652,
    "barkbands_crest": {
        "dmean": 3.35421395302,
        "dmean2": 5.34423732758,
        "dvar": 8.68060493469,
        "dvar2": 21.0299320221,
        "max": 26.2581691742,
        "mean": 12.6989355087,
        "median": 11.9003334045,
        "min": 2.07026290894,
        "var": 34.9341583252
    },
    "barkbands_flatness_db": {
        "dmean": 0.0262794904411,
        "dmean2": 0.0387068986893,
        "dvar": 0.0005670657265,
        "dvar2": 0.00112291320693,
        "max": 0.333440214396,
        "mean": 0.122197918594,
        "median": 0.1165048033,
        "min": 0.022188378498,
        "var": 0.0027408497408
    },
    "barkbands_kurtosis": {
        "dmean": 4.33361768723,
        "dmean2": 6.61257266998,
        "dvar": 46.1064987183,
        "dvar2": 102.481361389,
        "max": 151.48815918,
        "mean": 6.96049213409,
        "median": 3.84735679626,
        "min": -1.93596410751,
        "var": 108.35243988
    },
    "barkbands_skewness": {
        "dmean": 0.684098958969,
        "dmean2": 1.02386379242,
        "dvar": 0.493226379156,
        "dvar2": 1.0230833292,
        "max": 11.855175972,
        "mean": 2.09682607651,
        "median": 1.96075439453,
        "min": -4.09297657013,
        "var": 2.12193655968
    },
    "barkbands_spread": {
        "dmean": 7.77721071243,
        "dmean2": 11.6563720703,
        "dvar": 98.7196044922,
        "dvar2": 199.297164917,
        "max": 113.807861328,
        "mean": 24.4168338776,
        "median": 21.4286842346,
        "min": 1.06266725063,
        "var": 258.341918945
    },
    "dissonance": {
        "dmean": 0.0187320895493,
        "dmean2": 0.0313004516065,
        "dvar": 0.000371557311155,
        "dvar2": 0.00100066920277,
        "max": 0.500000178814,
        "mean": 0.465682178736,
        "median": 0.473550617695,
        "min": 0.231279075146,
        "var": 0.000924391497392
    },
    "dynamic_complexity": 2.72257757187,
    "erbbands_crest": {
        "dmean": 2.36399555206,
        "dmean2": 3.87138915062,
        "dvar": 5.16849470139,
        "dvar2": 12.8712329865,
        "max": 30.2389774323,
        "mean": 7.21421051025,
        "median": 6.07378101349,
        "min": 2.09980845451,
        "var": 15.2937793732
    },
    "erbbands_flatness_db": {
        "dmean": 0.0138548146933,
        "dmean2": 0.0209826063365,
        "dvar": 0.00019450171385,
        "dvar2": 0.000421553238994,
        "max": 0.401714235544,
        "mean": 0.121607616544,
        "median": 0.103689029813,
        "min": 0.0539195016026,
        "var": 0.00281110173091
    },
    "erbbands_kurtosis": {
        "dmean": 0.829200685024,
        "dmean2": 1.30309605598,
        "dvar": 1.76947975159,
        "dvar2": 4.24333095551,
        "max": 22.1662101746,
        "mean": 0.362606018782,
        "median": -0.270552873611,
        "min": -1.81136524677,
        "var": 4.66179227829
    },
    "erbbands_skewness": {
        "dmean": 0.345383167267,
        "dmean2": 0.518988490105,
        "dvar": 0.119353272021,
        "dvar2": 0.243844434619,
        "max": 4.16422176361,
        "mean": 0.467695504427,
        "median": 0.424385637045,
        "min": -3.49781107903,
        "var": 0.556751906872
    },
    "erbbands_spread": {
        "dmean": 9.67238616943,
        "dmean2": 14.4622392654,
        "dvar": 94.7977981567,
        "dvar2": 194.697616577,
        "max": 160.18586731,
        "mean": 50.3958892822,
        "median": 48.3712997437,
        "min": 2.99531984329,
        "var": 570.241516113
    },
    "hfc": {
        "dmean": 15.0060501099,
        "dmean2": 19.8306388855,
        "dvar": 689.067504883,
        "dvar2": 1336.7130127,
        "max": 230.386383057,
        "mean": 35.0707168579,
        "median": 22.5152587891,
        "min": 1.09540358764e-16,
        "var": 1442.3425293
    },
    "melbands_crest": {
        "dmean": 4.02903842926,
        "dmean2": 6.1796169281,
        "dvar": 12.3986091614,
        "dvar2": 27.8796749115,
        "max": 38.1531410217,
        "mean": 16.3814315796,
        "median": 15.8808345795,
        "min": 1.70249557495,
        "var": 50.3632850647
    },
    "melbands_flatness_db": {
        "dmean": 0.0320455953479,
        "dmean2": 0.0464185252786,
        "dvar": 0.000950458750594,
        "dvar2": 0.00170962919947,
        "max": 0.425702214241,
        "mean": 0.191306501627,
        "median": 0.192061632872,
        "min": 0.00368368322961,
        "var": 0.00490046758205
    },
    "melbands_kurtosis": {
        "dmean": 13.9271297455,
        "dmean2": 21.9353294373,
        "dvar": 533.137695312,
        "dvar2": 1286.21105957,
        "max": 648.038146973,
        "mean": 26.9920825958,
        "median": 15.5484075546,
        "min": -1.86192679405,
        "var": 1475.1920166
    },
    "melbands_skewness": {
        "dmean": 1.04341804981,
        "dmean2": 1.61641705036,
        "dvar": 1.19382512569,
        "dvar2": 2.75959587097,
        "max": 20.886259079,
        "mean": 3.71911096573,
        "median": 3.27636575699,
        "min": -2.28170132637,
        "var": 5.97370672226
    },
    "melbands_spread": {
        "dmean": 7.70293235779,
        "dmean2": 11.7484083176,
        "dvar": 140.253860474,
        "dvar2": 264.806671143,
        "max": 232.539962769,
        "mean": 21.339548111,
        "median": 15.2702636719,
        "min": 0.900747299194,
        "var": 536.204406738
    },
    "pitch_salience": {
        "dmean": 0.0919442027807,
        "dmean2": 0.144823163748,
        "dvar": 0.00754640391096,
        "dvar2": 0.0165400020778,
        "max": 0.943761527538,
        "mean": 0.519595146179,
        "median": 0.553974330425,
        "min": 0.0588377118111,
        "var": 0.0328965298831
    },
    "silence_rate_20dB": {
        "dmean": 0,
        "dmean2": 0,
        "dvar": 0,
        "dvar2": 0,
        "max": 1,
        "mean": 1,
        "median": 1,
        "min": 1,
        "var": 0
    },
    "silence_rate_30dB": {
        "dmean": 0.0432059317827,
        "dmean2": 0.0864229127765,
        "dvar": 0.0413370802999,
        "dvar2": 0.10246707499,
        "max": 1,
        "mean": 0.960122704506,
        "median": 1,
        "min": 0,
        "var": 0.0382844023407
    },
    "silence_rate_60dB": {
        "dmean": 0.0150837274268,
        "dmean2": 0.0301713123918,
        "dvar": 0.0148575315252,
        "dvar2": 0.0323328301311,
        "max": 1,
        "mean": 0.0600715763867,
        "median": 0,
        "min": 0,
        "var": 0.056457169354
    },
    "spectral_centroid": {
        "dmean": 277.012756348,
        "dmean2": 388.970977783,
        "dvar": 109526.320312,
        "dvar2": 187816.546875,
        "max": 11741.6914062,
        "mean": 1516.59155273,
        "median": 1308.22192383,
        "min": 252.316558838,
        "var": 1515098.625
    },
    "spectral_complexity": {
        "dmean": 4.30014038086,
        "dmean2": 6.29122972488,
        "dvar": 23.2890644073,
        "dvar2": 41.7001876831,
        "max": 58,
        "mean": 21.8007411957,
        "median": 21,
        "min": 0,
        "var": 110.482452393
    },
    "spectral_decrease": {
        "dmean": 4.19627843584e-09,
        "dmean2": 6.56213661188e-09,
        "dvar": 2.18550448434e-17,
        "dvar2": 6.0119288397e-17,
        "max": 2.32008551842e-23,
        "mean": -1.11723092999e-08,
        "median": -1.03401704976e-08,
        "min": -4.71218974951e-08,
        "var": 7.37417354759e-17
    },
    "spectral_energy": {
        "dmean": 0.0165429282933,
        "dmean2": 0.0256795287132,
        "dvar": 0.000340284575941,
        "dvar2": 0.000909192778636,
        "max": 0.181065782905,
        "mean": 0.0453477725387,
        "median": 0.0415106266737,
        "min": 1.01729321295e-20,
        "var": 0.0011854240438
    },
    "spectral_energyband_high": {
        "dmean": 0.00140065152664,
        "dmean2": 0.0018560505705,
        "dvar": 7.71741542849e-06,
        "dvar2": 1.49040852193e-05,
        "max": 0.0336438342929,
        "mean": 0.00263736047782,
        "median": 0.00111511885189,
        "min": 7.09895045084e-21,
        "var": 1.5212440303e-05
    },
    "spectral_energyband_low": {
        "dmean": 0.0135024599731,
        "dmean2": 0.0225845389068,
        "dvar": 0.000336968543706,
        "dvar2": 0.000938923622016,
        "max": 0.161778658628,
        "mean": 0.0270581562072,
        "median": 0.0201942715794,
        "min": 1.78786757139e-23,
        "var": 0.000861770939082
    },
    "spectral_energyband_middle_high": {
        "dmean": 0.00183550093789,
        "dmean2": 0.0028178547509,
        "dvar": 7.88365741755e-06,
        "dvar2": 1.74942870217e-05,
        "max": 0.0429845862091,
        "mean": 0.00450262753293,
        "median": 0.00357076781802,
        "min": 1.02622377473e-21,
        "var": 1.81574596354e-05
    },
    "spectral_energyband_middle_low": {
        "dmean": 0.00588915124536,
        "dmean2": 0.00868947058916,
        "dvar": 7.36356523703e-05,
        "dvar2": 0.000163947886904,
        "max": 0.0876777246594,
        "mean": 0.0126077933237,
        "median": 0.00843499228358,
        "min": 1.27396643816e-22,
        "var": 0.000148732680827
    },
    "spectral_entropy": {
        "dmean": 0.145716488361,
        "dmean2": 0.204861626029,
        "dvar": 0.0266027189791,
        "dvar2": 0.0479109920561,
        "max": 9.82883167267,
        "mean": 7.88410949707,
        "median": 7.98341941833,
        "min": 5.78199291229,
        "var": 0.245939567685
    },
    "spectral_flux": {
        "dmean": 0.0343146510422,
        "dmean2": 0.054818470031,
        "dvar": 0.00122131220996,
        "dvar2": 0.00324659491889,
        "max": 0.30538842082,
        "mean": 0.106558635831,
        "median": 0.0961899757385,
        "min": 6.39182873297e-11,
        "var": 0.00369214406237
    },
    "spectral_kurtosis": {
        "dmean": 0.983394742012,
        "dmean2": 1.55280017853,
        "dvar": 2.55064916611,
        "dvar2": 6.51555204391,
        "max": 52.0447692871,
        "mean": 3.28913879395,
        "median": 2.21276807785,
        "min": -1.27551412582,
        "var": 14.1308498383
    },
    "spectral_rms": {
        "dmean": 0.00117357214913,
        "dmean2": 0.00178931618575,
        "dvar": 1.34455831358e-06,
        "dvar2": 3.29368003804e-06,
        "max": 0.0132909575477,
        "mean": 0.00603083474562,
        "median": 0.00636381655931,
        "min": 3.15036690311e-12,
        "var": 7.87089265941e-06
    },
    "spectral_rolloff": {
        "dmean": 762.63067627,
        "dmean2": 1256.57983398,
        "dvar": 1888475.5,
        "dvar2": 4185321.5,
        "max": 19745.9472656,
        "mean": 1613.79650879,
        "median": 796.728515625,
        "min": 43.06640625,
        "var": 6514595
    },
    "spectral_skewness": {
        "dmean": 0.168030977249,
        "dmean2": 0.248031571507,
        "dvar": 0.0408387221396,
        "dvar2": 0.0792100951076,
        "max": 5.4677233696,
        "mean": 1.47313940525,
        "median": 1.37190294266,
        "min": -0.254969596863,
        "var": 0.309073954821
    },
    "spectral_spread": {
        "dmean": 605702.5625,
        "dmean2": 859524.375,
        "dvar": 688174399488,
        "dvar2": 1.24707681075e+12,
        "max": 43049580,
        "mean": 6674953.5,
        "median": 6419221,
        "min": 1157332.75,
        "var": 1.6878885929e+13
    },
    "spectral_strongpeak": {
        "dmean": 0.366202771664,
        "dmean2": 0.60957556963,
        "dvar": 0.348048865795,
        "dvar2": 0.838535368443,
        "max": 16.7336082458,
        "mean": 0.760863959789,
        "median": 0.533797383308,
        "min": 0,
        "var": 0.68618118763
    },
    "zerocrossingrate": {
        "dmean": 0.0161555986851,
        "dmean2": 0.0188533868641,
        "dvar": 0.000333363306709,
        "dvar2": 0.000380819983548,
        "max": 0.525390625,
        "mean": 0.0736891552806,
        "median": 0.05859375,
        "min": 0.00439453125,
        "var": 0.00391722703353
    },
    "barkbands": {
        "dmean": [0.000347478082404, 0.0115178711712, 0.00455236760899, 0.00203091953881, 0.0018122496549, 0.00156852323562, 0.00135488458909, 0.00111132126767, 0.000826175382826, 0.000755654880777, 0.000477425550343, 0.00040321808774, 0.000273416459095, 0.000263555499259, 0.000214490864892, 0.00020226999186, 0.000148856619489, 0.00015249288117, 0.000149635758135, 0.00019598302606, 0.000149316852912, 0.000213398903725, 0.000314561912091, 0.000322081730701, 0.000350087793777, 0.000122371609905, 5.86561009186e-06],
        "dmean2": [0.000518539571203, 0.0190402399749, 0.00688615534455, 0.00352170853876, 0.00300221401267, 0.00248268153518, 0.00205909251235, 0.00169248960447, 0.0012836814858, 0.00120753748342, 0.000770624028519, 0.000665925268549, 0.000446264253696, 0.000436282163719, 0.000360771286068, 0.000342042767443, 0.000243275266257, 0.000251258432399, 0.000233143640799, 0.000305881898385, 0.000222379661864, 0.000308788905386, 0.000465866265586, 0.000453770975582, 0.000467824749649, 0.000168423954165, 8.89322018338e-06],
        "dvar": [9.79454398475e-07, 0.000302600616124, 0.00012521368626, 2.82396831608e-05, 1.39412259159e-05, 8.90661704034e-06, 7.43380905988e-06, 6.39344989395e-06, 2.19268827095e-06, 2.4000285066e-06, 1.00399313396e-06, 6.51331504287e-07, 2.00366415015e-07, 2.04915934887e-07, 1.28490896145e-07, 1.09278808225e-07, 5.32267527831e-08, 1.07542355465e-07, 6.4273969258e-08, 1.0424400898e-07, 7.46648041172e-08, 2.76768304275e-07, 5.92584342485e-07, 3.81992663279e-07, 5.01599060954e-07, 5.98088760739e-08, 1.35331412743e-10],
        "dvar2": [1.86016268344e-06, 0.000834830279928, 0.000281554355752, 7.86532691563e-05, 3.7503457861e-05, 2.17911147047e-05, 1.56960650202e-05, 1.32333025249e-05, 4.65844095743e-06, 5.66158360016e-06, 2.16744319914e-06, 1.4577968841e-06, 4.98023268847e-07, 5.44613328657e-07, 3.44703153132e-07, 2.89068935899e-07, 1.27751349055e-07, 2.80843607925e-07, 1.49642744418e-07, 2.35165273921e-07, 1.51523835257e-07, 5.624295909e-07, 1.26343047668e-06, 7.02814077158e-07, 9.65306639955e-07, 1.21394066355e-07, 2.87832063739e-10],
        "max": [0.0647407993674, 0.15510161221, 0.108187906444, 0.0474888160825, 0.0417253449559, 0.0554117932916, 0.050977665931, 0.0589714944363, 0.0355030335486, 0.0401879474521, 0.038552004844, 0.0282112192363, 0.00860016793013, 0.0103416806087, 0.00733230542392, 0.0050759636797, 0.0038774877321, 0.00750098843127, 0.00457719713449, 0.0044425977394, 0.0061655738391, 0.0171352382749, 0.0166686605662, 0.00976373348385, 0.00586998509243, 0.00260915304534, 0.000176378482138],
        "mean": [0.000574912235606, 0.0200025010854, 0.00522163370624, 0.00218410603702, 0.00250620115548, 0.0024627353996, 0.0020517189987, 0.00174884102307, 0.00129430543166, 0.00104505859781, 0.00068016233854, 0.000573054712731, 0.000411088607507, 0.00038373740972, 0.000328599417116, 0.000296043406706, 0.000250292912824, 0.000256253551925, 0.000265930546448, 0.000358893012162, 0.000292136741336, 0.000373403803678, 0.000448234321084, 0.000568412709981, 0.000565388880204, 0.000195611035451, 8.50657761475e-06],
        "median": [8.04375304142e-05, 0.00667426129803, 0.0011492271442, 0.000497804256156, 0.00115746783558, 0.00110263074748, 0.000800375943072, 0.000582531560212, 0.000646635133307, 0.00042656424921, 0.000326687149936, 0.00033687875839, 0.000228487770073, 0.000210487429285, 0.000191042461665, 0.000171004765434, 0.000151897707838, 0.000148733510287, 0.000136694594403, 0.000201750575798, 0.000137556518894, 0.000143751414726, 0.000134671237902, 0.000213000006624, 0.000178946793312, 5.76805396122e-05, 1.88223111763e-06],
        "min": [6.16922261433e-25, 2.5377927478e-24, 1.03513361628e-24, 1.23008993939e-24, 6.79077420738e-24, 1.00723054111e-23, 1.01509540544e-23, 5.39003018558e-24, 9.98294166999e-24, 1.32454400266e-23, 1.65082334172e-23, 2.70824784005e-23, 2.05219277262e-23, 3.94603875792e-23, 4.81868836642e-23, 5.45522622618e-23, 4.69842115716e-23, 9.63705109105e-23, 1.42658338163e-22, 1.45972020971e-22, 1.98856738564e-22, 3.10824550494e-22, 3.97080469894e-22, 5.77873404444e-22, 8.02198586753e-22, 1.38489340808e-21, 1.90659698782e-21],
        "var": [2.68097824119e-06, 0.000663674727548, 0.000133521709358, 2.05568085221e-05, 1.35428472277e-05, 1.53888959176e-05, 1.58281727636e-05, 1.43958050103e-05, 4.34235471403e-06, 4.2319561544e-06, 2.0882712306e-06, 9.31925058012e-07, 3.56418155434e-07, 2.6452070756e-07, 1.78834383746e-07, 1.43002338859e-07, 9.54570182898e-08, 1.38882199963e-07, 1.26667458744e-07, 1.98030434717e-07, 1.7642877026e-07, 4.96484176438e-07, 9.51708614139e-07, 8.20360753551e-07, 8.75584476034e-07, 9.82323911103e-08, 2.47600245862e-10]
    },
    "erbbands": {
        "dmean": [0.355478823185, 2.6070599556, 4.38647413254, 5.63350009918, 5.72926044464, 6.39958810806, 9.37601184845, 14.0321006775, 18.8170051575, 17.895318985, 25.2764358521, 19.8134365082, 22.906414032, 19.1268348694, 15.3039827347, 15.2738113403, 12.3496446609, 12.0568552017, 12.0767974854, 10.0128087997, 9.61913871765, 7.98917341232, 8.09631443024, 7.34714317322, 8.20369052887, 8.92612457275, 5.80535316467, 6.53257417679, 8.11287593842, 8.43820762634, 9.50716876984, 6.82868528366, 4.95739269257, 4.17217636108, 2.39638352394, 0.746935427189, 0.185961574316, 0.0276591759175, 0.000641583756078, 3.91031171603e-05],
        "dmean2": [0.572748124599, 4.35996818542, 6.61270856857, 8.12324714661, 9.80085086823, 10.5707359314, 14.9565944672, 22.1486110687, 29.1962165833, 26.7617454529, 37.8449668884, 30.7919311523, 36.5167541504, 30.7580966949, 24.9421253204, 25.2394790649, 20.1145496368, 19.4847774506, 20.3940219879, 16.8151378632, 16.0067920685, 12.9566755295, 13.3117637634, 11.9243888855, 12.5025482178, 13.8766803741, 8.9541311264, 9.67296504974, 11.694316864, 12.3744983673, 14.0732145309, 9.71182823181, 7.19187259674, 5.86106348038, 3.29280495644, 1.03261184692, 0.260279327631, 0.0391607619822, 0.000904406537302, 5.56888771825e-05],
        "dvar": [0.325117439032, 15.2958545685, 94.4053726196, 157.124008179, 207.742538452, 171.933914185, 374.303955078, 759.777770996, 1541.20715332, 1566.88256836, 3122.02270508, 1086.70556641, 1819.56835938, 1622.22216797, 1019.1138916, 963.887756348, 411.569091797, 428.395599365, 385.082580566, 283.691680908, 245.435623169, 163.473571777, 293.837493896, 268.395690918, 178.702224731, 210.232086182, 114.081642151, 157.136566162, 375.199676514, 452.571258545, 558.930847168, 167.303665161, 100.510848999, 71.7757034302, 24.6357002258, 2.24088692665, 0.134169578552, 0.00287903822027, 1.5421264834e-06, 3.67647667865e-09],
        "dvar2": [0.877860724926, 41.3735198975, 228.986282349, 335.47177124, 571.913513184, 463.44140625, 907.758605957, 1827.72607422, 3395.16967773, 3437.12768555, 6498.20654297, 2379.41577148, 4211.02294922, 3560.09350586, 2428.70166016, 2154.01831055, 1007.06158447, 1095.36999512, 1039.85827637, 753.122619629, 622.862609863, 389.468658447, 767.010864258, 679.247009277, 371.362792969, 472.886535645, 248.998458862, 332.407409668, 764.582824707, 945.172363281, 1227.21411133, 336.479003906, 173.129013062, 129.946243286, 50.5161056519, 4.66195726395, 0.271664440632, 0.00552553543821, 2.94476149065e-06, 7.0465029367e-09],
        "max": [5.95433521271, 35.1525878906, 102.890190125, 127.119934082, 122.579444885, 174.800857544, 470.364654541, 474.337524414, 890.462219238, 904.659851074, 1310.39086914, 564.755065918, 865.085510254, 1498.70959473, 1451.95080566, 977.513549805, 382.146118164, 579.778015137, 293.284698486, 379.145996094, 261.000793457, 211.421173096, 423.497894287, 443.970336914, 226.708389282, 220.597091675, 283.585479736, 208.871444702, 527.822875977, 537.940368652, 603.310241699, 229.876327515, 147.106628418, 71.1875991821, 42.0825309753, 14.4717617035, 3.89590024948, 0.789311647415, 0.0168919414282, 0.000584619934671],
        "mean": [0.635993421078, 4.22765684128, 6.26205062866, 7.51756906509, 6.6217341423, 9.04812908173, 13.9973077774, 22.2062129974, 29.1925621033, 29.9470481873, 39.5562324524, 31.6727294922, 33.6472511292, 28.8452072144, 23.5827655792, 22.7924365997, 19.6725616455, 19.3741531372, 19.2228031158, 16.3734664917, 15.6160860062, 14.2355699539, 14.0189228058, 12.9520578384, 15.3238706589, 16.370923996, 12.0372524261, 11.9039564133, 14.0480995178, 12.9216690063, 13.5108613968, 11.9441633224, 8.54732036591, 6.81067037582, 3.72030138969, 1.19801771641, 0.285665392876, 0.044011157006, 0.00104810879566, 9.47327134782e-05],
        "median": [0.0753569602966, 1.62353491783, 2.39010429382, 1.82050549984, 2.35941290855, 3.62513637543, 6.28720378876, 9.82828807831, 11.6542434692, 11.7383508682, 14.3620624542, 16.8666305542, 16.0312385559, 14.5395774841, 13.3352222443, 13.7400989532, 11.678604126, 11.8724002838, 12.0534057617, 10.7189693451, 10.1229972839, 8.81230926514, 8.42462253571, 6.9106798172, 7.70705318451, 9.1907043457, 6.33879089355, 5.33467197418, 4.92851066589, 4.5701918602, 4.150349617, 4.67839241028, 3.03066682816, 2.44184350967, 1.01441025734, 0.347778111696, 0.0827270448208, 0.0116914696991, 0.000300547399092, 6.28785492154e-05],
        "min": [1.21909895339e-22, 4.04431593302e-22, 2.01294906936e-21, 6.04244774595e-21, 1.01937578554e-20, 2.49042255858e-20, 5.66118275328e-20, 4.28879092001e-20, 1.22974563524e-19, 1.43438973104e-19, 2.11876976006e-19, 3.32868154291e-19, 5.04511672763e-19, 5.64152790795e-19, 7.64179073282e-19, 1.41825079106e-18, 1.33381819119e-18, 2.13415431132e-18, 2.70375005395e-18, 3.225601552e-18, 3.78907409014e-18, 3.90927170495e-18, 6.02186369245e-18, 7.09152857926e-18, 6.41651114911e-18, 8.9875473116e-18, 8.52367848615e-18, 1.09789350055e-17, 1.01957976246e-17, 9.34609536555e-18, 1.20516625285e-17, 1.07548567406e-17, 1.04968045137e-17, 7.82114075702e-18, 6.402922226e-18, 4.44030718255e-18, 2.45211964366e-18, 1.01039232944e-18, 2.49894313281e-19, 2.6446366513e-20],
        "var": [0.853635549545, 29.9856185913, 116.019622803, 185.753860474, 152.270294189, 198.831665039, 568.067443848, 1366.34460449, 3331.11499023, 3493.06396484, 6439.51513672, 2098.06762695, 3001.20751953, 3740.15454102, 1523.62963867, 1422.97937012, 743.41229248, 586.819824219, 542.809020996, 365.77456665, 345.769287109, 295.226165771, 388.996368408, 381.172698975, 392.802337646, 410.093322754, 283.729644775, 309.317901611, 699.712402344, 748.257995605, 864.818054199, 351.127716064, 205.557693481, 128.61567688, 39.4122467041, 3.6479074955, 0.215991824865, 0.00545661663637, 2.95691097563e-06, 9.10265729459e-09]
    },
    "gfcc": {
        "mean": [18.2025642395, 65.4996109009, -100.639007568, 24.0619049072, -66.6284255981, 22.2765007019, -40.5049285889, 16.8616771698, -24.2450809479, 8.89775753021, -16.4374599457, 2.09425115585, -12.6616258621],
        "cov": [[24299.4609375, -597.991088867, 23.8128795624, 1561.7623291, -565.754211426, 1284.1463623, -295.923431396, 800.099182129, -534.6875, 435.449157715, -359.216888428, 233.364471436, -51.8884620667], [-597.991088867, 1134.80822754, -246.302474976, -218.377700806, -7.83598613739, -219.600875854, -81.4534606934, -133.067565918, 70.875541687, -87.5366897583, 59.118560791, -88.4990234375, -24.9805088043], [23.8128795624, -246.302474976, 1003.24023438, 473.939239502, 364.077636719, 418.14654541, 250.496063232, 235.978103638, 66.9808959961, 132.14414978, 67.4863739014, 54.1088371277, 85.3208236694], [1561.7623291, -218.377700806, 473.939239502, 552.810791016, 210.764770508, 335.602661133, 155.389068604, 194.067687988, 19.3564662933, 112.510681152, 37.6429252625, 68.859954834, 90.6027603149], [-565.754211426, -7.83598613739, 364.077636719, 210.764770508, 356.628570557, 214.486526489, 178.278793335, 134.656784058, 55.5569000244, 62.1025123596, 52.6017341614, 32.8359794617, 71.5114898682], [1284.1463623, -219.600875854, 418.14654541, 335.602661133, 214.486526489, 433.06439209, 205.213134766, 227.249053955, 23.092376709, 117.627586365, 30.3631324768, 57.2622489929, 74.7660369873], [-295.923431396, -81.4534606934, 250.496063232, 155.389068604, 178.278793335, 205.213134766, 239.143585205, 145.551925659, 52.117401123, 63.0760154724, 47.1111869812, 42.2832336426, 57.7008628845], [800.099182129, -133.067565918, 235.978103638, 194.067687988, 134.656784058, 227.249053955, 145.551925659, 217.16847229, 59.058757782, 98.3045730591, 40.4511375427, 45.4460716248, 50.4274787903], [-534.6875, 70.875541687, 66.9808959961, 19.3564662933, 55.5569000244, 23.092376709, 52.117401123, 59.058757782, 124.637374878, 48.2678604126, 61.6545524597, 11.2197828293, 19.0109786987], [435.449157715, -87.5366897583, 132.14414978, 112.510681152, 62.1025123596, 117.627586365, 63.0760154724, 98.3045730591, 48.2678604126, 114.902229309, 52.9363822937, 33.645236969, 33.2701759338], [-359.216888428, 59.118560791, 67.4863739014, 37.6429252625, 52.6017341614, 30.3631324768, 47.1111869812, 40.4511375427, 61.6545524597, 52.9363822937, 100.68547821, 38.1639518738, 34.0623016357], [233.364471436, -88.4990234375, 54.1088371277, 68.859954834, 32.8359794617, 57.2622489929, 42.2832336426, 45.4460716248, 11.2197828293, 33.645236969, 38.1639518738, 77.1244812012, 45.2964401245], [-51.8884620667, -24.9805088043, 85.3208236694, 90.6027603149, 71.5114898682, 74.7660369873, 57.7008628845, 50.4274787903, 19.0109786987, 33.2701759338, 34.0623016357, 45.2964401245, 94.5926818848]],
        "icov": [[0.000247540418059, -0.00040465692291, 0.000284518435365, -0.000701206387021, 0.000693078676704, -0.000733951746952, 0.000964516657405, -0.00119734928012, 0.001018813462, -0.000826873350888, 0.00105259136762, -0.00114033208229, 0.000803129340056], [-0.00040465692291, 0.00203586509451, -0.000160659968969, 0.00116021069698, -0.00157649000175, 0.00120518333279, -0.00132053112611, 0.00220300792716, -0.0023074822966, 0.00259913643822, -0.00358570343815, 0.00386815750971, -0.0017918869853], [0.000284518435365, -0.000160659968969, 0.0026987043675, -0.00190556317102, -0.000471215316793, -0.00175595155451, 0.000862191023771, -0.000968637235928, 0.000703458150383, -0.00082273199223, 0.000460739276605, -0.000450108433142, 0.00143686134834], [-0.000701206387021, 0.00116021069698, -0.00190556317102, 0.00632847845554, -0.0022410096135, 0.000378776807338, -0.00181682535913, 0.00264369067736, -0.00219244440086, 0.00157167238649, -0.00254899333231, 0.00226275552996, -0.00360512803309], [0.000693078676704, -0.00157649000175, -0.000471215316793, -0.0022410096135, 0.0080585591495, -0.00263469410129, 0.000370171183022, -0.00353797292337, 0.00240980391391, -0.00151006795932, 0.00242872070521, -0.00234331027605, 0.000480254937429], [-0.000733951746952, 0.00120518333279, -0.00175595155451, 0.000378776807338, -0.00263469410129, 0.0110687920824, -0.00539088109508, -0.000970135792159, -0.000187706333236, -0.000203636634978, -0.00146225176286, 0.00342289824039, -0.00281786406413], [0.000964516657405, -0.00132053112611, 0.000862191023771, -0.00181682535913, 0.000370171183022, -0.00539088109508, 0.0138113135472, -0.00774533534423, 0.00273577263579, -0.000906492874492, 0.00237750331871, -0.00501770200208, 0.00214385404252], [-0.00119734928012, 0.00220300792716, -0.000968637235928, 0.00264369067736, -0.00353797292337, -0.000970135792159, -0.00774533534423, 0.0209581647068, -0.00939540751278, -0.0010224719299, -0.00251092761755, 0.00359146250412, -0.00330799235962], [0.001018813462, -0.0023074822966, 0.000703458150383, -0.00219244440086, 0.00240980391391, -0.000187706333236, 0.00273577263579, -0.00939540751278, 0.0190854072571, -0.00623965030536, -0.00208726990968, -0.0019835580606, 0.00314175942913], [-0.000826873350888, 0.00259913643822, -0.00082273199223, 0.00157167238649, -0.00151006795932, -0.000203636634978, -0.000906492874492, -0.0010224719299, -0.00623965030536, 0.023219332099, -0.01210701745, 0.00517895491794, -0.00316288159229], [0.00105259136762, -0.00358570343815, 0.000460739276605, -0.00254899333231, 0.00242872070521, -0.00146225176286, 0.00237750331871, -0.00251092761755, -0.00208726990968, -0.01210701745, 0.0279024839401, -0.014879652299, 0.00261983345263], [-0.00114033208229, 0.00386815750971, -0.000450108433142, 0.00226275552996, -0.00234331027605, 0.00342289824039, -0.00501770200208, 0.00359146250412, -0.0019835580606, 0.00517895491794, -0.014879652299, 0.0306081045419, -0.0118748489767], [0.000803129340056, -0.0017918869853, 0.00143686134834, -0.00360512803309, 0.000480254937429, -0.00281786406413, 0.00214385404252, -0.00330799235962, 0.00314175942913, -0.00316288159229, 0.00261983345263, -0.0118748489767, 0.0202399604023]]
    },
    "melbands": {
        "dmean": [0.00330644333735, 0.00240414077416, 0.000957165204454, 0.000417981296778, 0.000307581882225, 0.000314462813549, 0.000281939312117, 0.000203377145226, 0.000198111927602, 0.000125085061882, 0.000118350726552, 8.17609179649e-05, 5.3691368521e-05, 4.78392466903e-05, 3.1726929592e-05, 3.10304021696e-05, 2.39906003117e-05, 2.12596660276e-05, 1.67469534063e-05, 1.5660909412e-05, 1.11085801109e-05, 9.53958806349e-06, 7.08052539267e-06, 7.42922929931e-06, 6.25843267699e-06, 5.30661282028e-06, 7.77356854087e-06, 6.19082402409e-06, 3.9112005652e-06, 3.83455562769e-06, 3.99988948629e-06, 5.04667832502e-06, 4.33829836766e-06, 5.2291979955e-06, 6.33231684333e-06, 4.57043051938e-06, 4.25354892286e-06, 3.92787478631e-06, 3.18296474688e-06, 4.05651326219e-06],
        "dmean2": [0.00535979541019, 0.00392270088196, 0.00137422455009, 0.000701765296981, 0.000490215315949, 0.000497077999171, 0.000432570290286, 0.00030583809712, 0.000299054081552, 0.000195073764189, 0.000189003214473, 0.000132069122628, 8.686658839e-05, 7.86980963312e-05, 5.2364433941e-05, 5.11755570187e-05, 3.91482208215e-05, 3.60510930477e-05, 2.83623139694e-05, 2.67293435172e-05, 1.85208737093e-05, 1.56915812113e-05, 1.1500196706e-05, 1.23328054542e-05, 1.02701824289e-05, 8.43091311253e-06, 1.18600910355e-05, 9.8533473647e-06, 6.20622586212e-06, 5.99028453507e-06, 6.04538627158e-06, 7.57333327783e-06, 6.36829145151e-06, 7.88215766079e-06, 9.67398955254e-06, 6.58955423205e-06, 6.30667818768e-06, 5.74379646423e-06, 4.84250358568e-06, 5.83675091548e-06],
        "dvar": [2.5297740649e-05, 1.45553076436e-05, 4.43326780442e-06, 8.49662569635e-07, 3.61140052973e-07, 3.53325873448e-07, 3.22787059304e-07, 1.97875678509e-07, 1.8610967345e-07, 4.47277130888e-08, 5.05360375769e-08, 2.90692163674e-08, 1.2121425641e-08, 1.01974837463e-08, 4.90195173342e-09, 2.72080713515e-09, 1.81269455002e-09, 1.26188748339e-09, 9.72035230085e-10, 6.23973872571e-10, 3.57102541981e-10, 2.35260338988e-10, 1.29834171192e-10, 3.69967695368e-10, 1.9532538087e-10, 7.46414458019e-11, 2.22217522161e-10, 9.98660459883e-11, 5.09158340489e-11, 4.89377739721e-11, 6.02373290137e-11, 1.31201258191e-10, 1.60937527194e-10, 1.76066203283e-10, 2.68053607089e-10, 9.29204005407e-11, 6.05934677433e-11, 6.54668125266e-11, 3.82045436953e-11, 6.90939597203e-11],
        "dvar2": [7.27120132069e-05, 3.8250349462e-05, 9.60638408287e-06, 2.3096199584e-06, 8.88228839813e-07, 8.57105192154e-07, 7.03182649886e-07, 4.28418900356e-07, 3.86898619809e-07, 9.8206399457e-08, 1.17364884034e-07, 6.51291927056e-08, 2.69016169341e-08, 2.43111770715e-08, 1.16090248525e-08, 7.23303550387e-09, 4.70646455142e-09, 3.44548034548e-09, 2.6524002994e-09, 1.69512293091e-09, 8.99532281995e-10, 5.76969194643e-10, 3.26988131016e-10, 9.73648939251e-10, 4.99442376345e-10, 1.74922701324e-10, 4.65473465328e-10, 2.39211150888e-10, 1.1656724197e-10, 1.07024153428e-10, 1.30582725189e-10, 2.8612301417e-10, 3.3811553557e-10, 3.87111565026e-10, 6.16672213294e-10, 1.86644713573e-10, 1.27261298721e-10, 1.1487714946e-10, 8.02124131005e-11, 1.33180716455e-10],
        "max": [0.0437324307859, 0.0417344868183, 0.0210836902261, 0.010632334277, 0.0121465073898, 0.00993528403342, 0.0122329685837, 0.00945042073727, 0.00871132314205, 0.00327294925228, 0.00496234185994, 0.00572387268767, 0.00423848303035, 0.00406181253493, 0.00183961214498, 0.000714415567927, 0.0010719820857, 0.000454668479506, 0.000797737098765, 0.000368848006474, 0.000415578717366, 0.000255235208897, 0.000252975441981, 0.000443007593276, 0.000405560102081, 0.000161636271514, 0.00020882251556, 0.000170592873474, 0.000185390701517, 0.000161396863405, 0.000154656037921, 0.000214897998376, 0.000493892584927, 0.000297752034385, 0.000442577613285, 0.000192592910025, 0.000165609759279, 0.000119973556139, 8.16926840344e-05, 7.59861868573e-05],
        "mean": [0.00566704338416, 0.00419109221548, 0.00129160017241, 0.000543814967386, 0.000475572276628, 0.000501586182509, 0.000440915115178, 0.000341355713317, 0.000307892390992, 0.000192508508917, 0.000167499019881, 0.000119415024528, 8.04721712484e-05, 6.78606302245e-05, 4.65211523988e-05, 4.42780510639e-05, 3.52451679646e-05, 3.13960917993e-05, 2.4569035304e-05, 2.26947686315e-05, 1.68497808772e-05, 1.55002599058e-05, 1.23941681522e-05, 1.17244435387e-05, 1.02248868643e-05, 9.69288248598e-06, 1.26846107378e-05, 1.08121621452e-05, 7.6862743299e-06, 6.84229325998e-06, 6.77662501403e-06, 8.25176448416e-06, 7.0525652518e-06, 7.36718493499e-06, 8.3092636487e-06, 7.2389957495e-06, 7.18322098692e-06, 6.29311034572e-06, 5.25656469108e-06, 6.09867947787e-06],
        "median": [0.00126013124827, 0.00209514610469, 0.000347169174347, 0.000206966768019, 0.000229330646107, 0.000225603711442, 0.000176690082299, 0.000124152313219, 0.000110156979645, 9.96960006887e-05, 7.44179924368e-05, 5.72272329009e-05, 4.33887398685e-05, 3.88122680306e-05, 2.49029289989e-05, 2.36419946305e-05, 1.93274754565e-05, 1.82144322025e-05, 1.3342551938e-05, 1.32169898279e-05, 1.02872072603e-05, 9.11004917725e-06, 7.47140438762e-06, 6.2601211539e-06, 5.04484705743e-06, 5.01543217979e-06, 5.07739787281e-06, 6.14223881712e-06, 4.07205652664e-06, 3.20425851896e-06, 2.78048764812e-06, 2.64287245955e-06, 2.59637408817e-06, 2.41047223426e-06, 2.33522951021e-06, 2.64022969532e-06, 2.86280510409e-06, 2.14720057556e-06, 1.81881250683e-06, 2.07912444239e-06],
        "min": [1.22746559637e-24, 1.07191632675e-24, 9.04667362437e-25, 1.1553735704e-24, 1.94357341018e-24, 1.16984975965e-24, 2.01956871991e-24, 1.60653968817e-24, 1.82739194821e-24, 1.82594774111e-24, 2.10048987436e-24, 1.73179679764e-24, 2.45191320814e-24, 3.55513262029e-24, 2.13598348749e-24, 2.51121622112e-24, 3.68236996784e-24, 4.03372703731e-24, 4.11951999949e-24, 3.75900031061e-24, 3.94660366121e-24, 2.59059613856e-24, 3.71784188731e-24, 4.40112914315e-24, 5.51843938601e-24, 2.8032314262e-24, 4.04219585356e-24, 4.63318993336e-24, 4.19665994639e-24, 4.4235955073e-24, 4.55723485554e-24, 5.02654319641e-24, 5.95615266434e-24, 4.59894863691e-24, 5.49062612265e-24, 6.15572579589e-24, 5.80603480066e-24, 6.7871983009e-24, 5.09691747776e-24, 6.26576558128e-24],
        "var": [5.72127028136e-05, 2.74972644547e-05, 5.20859657627e-06, 7.50758260892e-07, 5.33464117325e-07, 6.47638557894e-07, 7.03318278283e-07, 4.75949320844e-07, 3.96386695911e-07, 8.20236323307e-08, 8.3965204567e-08, 6.58215881799e-08, 2.17901359179e-08, 1.30965096545e-08, 7.13125469787e-09, 3.87219456499e-09, 2.3546216088e-09, 1.68484948215e-09, 1.17321641291e-09, 8.28448587509e-10, 4.78633854772e-10, 3.85300263916e-10, 2.40513969851e-10, 4.03572841812e-10, 2.68214395138e-10, 1.69719099885e-10, 3.858467712e-10, 1.86957310744e-10, 1.16823620222e-10, 9.92312898518e-11, 1.12272267871e-10, 2.3605942201e-10, 2.5169177853e-10, 2.5979088325e-10, 3.71497804741e-10, 1.70858341364e-10, 1.27520410897e-10, 1.27035423847e-10, 7.00923069585e-11, 1.1049987314e-10]
    },
    "mfcc": {
        "mean": [-620.373535156, 100.386665344, 16.3144054413, 7.71011352539, 1.62615251541, 1.73000013828, 0.288391649723, 2.16986107826, 0.890623211861, 4.38128376007, -0.108450427651, 1.9178801775, 0.708179593086],
        "cov": [[9381.82617188, -568.155578613, 1041.97180176, 495.642974854, 486.69241333, 453.779449463, 574.581115723, 338.856414795, 346.866241455, 235.550750732, 14.6728668213, 24.5297298431, 180.456878662], [-568.155578613, 1195.68933105, -219.157546997, -75.7208938599, -52.7700920105, -121.17250061, -167.909011841, -83.5965194702, -116.421424866, -51.8004875183, 16.5756568909, -2.74153065681, -76.2865524292], [1041.97180176, -219.157546997, 659.679382324, 209.359115601, 246.854721069, 223.599639893, 248.756744385, 148.933456421, 156.760528564, 130.165740967, 83.5711135864, 68.9046554565, 85.2266387939], [495.642974854, -75.7208938599, 209.359115601, 254.849960327, 152.417877197, 108.583145142, 123.739128113, 69.3454589844, 80.5641860962, 46.6235313416, 29.4294013977, 20.8720436096, 55.2922477722], [486.69241333, -52.7700920105, 246.854721069, 152.417877197, 276.164764404, 150.422958374, 173.213256836, 96.4622421265, 117.460189819, 89.5272979736, 41.8280944824, 44.0628318787, 52.914894104], [453.779449463, -121.17250061, 223.599639893, 108.583145142, 150.422958374, 199.497558594, 189.625686646, 101.257499695, 112.019920349, 70.607711792, 31.2328739166, 29.4542942047, 50.4256210327], [574.581115723, -167.909011841, 248.756744385, 123.739128113, 173.213256836, 189.625686646, 315.061462402, 150.100372314, 167.946807861, 100.374694824, 40.6376075745, 47.7170715332, 74.1734390259], [338.856414795, -83.5965194702, 148.933456421, 69.3454589844, 96.4622421265, 101.257499695, 150.100372314, 149.936782837, 104.918533325, 65.1751251221, 39.2774162292, 32.6261711121, 38.9695968628], [346.866241455, -116.421424866, 156.760528564, 80.5641860962, 117.460189819, 112.019920349, 167.946807861, 104.918533325, 164.642623901, 95.4399795532, 32.8897209167, 38.5307693481, 52.1126708984], [235.550750732, -51.8004875183, 130.165740967, 46.6235313416, 89.5272979736, 70.607711792, 100.374694824, 65.1751251221, 95.4399795532, 112.128990173, 56.8645820618, 43.752696991, 33.8010749817], [14.6728668213, 16.5756568909, 83.5711135864, 29.4294013977, 41.8280944824, 31.2328739166, 40.6376075745, 39.2774162292, 32.8897209167, 56.8645820618, 103.034057617, 56.8228797913, 22.5165119171], [24.5297298431, -2.74153065681, 68.9046554565, 20.8720436096, 44.0628318787, 29.4542942047, 47.7170715332, 32.6261711121, 38.5307693481, 43.752696991, 56.8228797913, 86.5879058838, 43.1151771545], [180.456878662, -76.2865524292, 85.2266387939, 55.2922477722, 52.914894104, 50.4256210327, 74.1734390259, 38.9695968628, 52.1126708984, 33.8010749817, 22.5165119171, 43.1151771545, 84.8015975952]],
