{
"lowlevel": {
    "average_loudness": 0.940175831318,
    "barkbands_crest": {
        "dmean": 3.05378580093,
        "dmean2": 4.29810142517,
        "dvar": 7.0738658905,
        "dvar2": 13.4092731476,
        "max": 26.4720821381,
        "mean": 12.8643932343,
        "median": 12.393652916,
        "min": 2.17033553123,
        "var": 28.7347240448
    },
    "barkbands_flatness_db": {
        "dmean": 0.0265936516225,
        "dmean2": 0.0346162989736,
        "dvar": 0.000618088932242,
        "dvar2": 0.00101570854895,
        "max": 0.473111718893,
        "mean": 0.128869995475,
        "median": 0.118125207722,
        "min": 0.0190462265164,
        "var": 0.00426300195977
    },
    "barkbands_kurtosis": {
        "dmean": 5.67205905914,
        "dmean2": 7.94344949722,
        "dvar": 348.339263916,
        "dvar2": 695.940185547,
        "max": 747.596740723,
        "mean": 8.62983322144,
        "median": 2.57789993286,
        "min": -1.93892681599,
        "var": 674.076477051
    },
    "barkbands_skewness": {
        "dmean": 0.749549746513,
        "dmean2": 0.978931128979,
        "dvar": 0.736050665379,
        "dvar2": 1.25744485855,
        "max": 24.2453594208,
        "mean": 2.06107711792,
        "median": 1.70893573761,
        "min": -2.85859751701,
        "var": 3.62467288971
    },
    "barkbands_spread": {
        "dmean": 8.51651573181,
        "dmean2": 12.2573461533,
        "dvar": 92.4343261719,
        "dvar2": 183.414077759,
        "max": 127.990028381,
        "mean": 30.9288673401,
        "median": 27.4995918274,
        "min": 0.206966504455,
        "var": 379.43927002
    },
    "dissonance": {
        "dmean": 0.0184119734913,
        "dmean2": 0.0308284275234,
        "dvar": 0.000415333546698,
        "dvar2": 0.00112462358084,
        "max": 0.499972522259,
        "mean": 0.463723063469,
        "median": 0.473499000072,
        "min": 0.216246783733,
        "var": 0.000960021803621
    },
    "dynamic_complexity": 2.6544508934,
    "erbbands_crest": {
        "dmean": 2.54831719398,
        "dmean2": 4.03201580048,
        "dvar": 6.75458526611,
        "dvar2": 15.7610797882,
        "max": 33.3270301819,
        "mean": 8.62630462646,
        "median": 6.85191488266,
        "min": 1.97710132599,
        "var": 30.7646827698
    },
    "erbbands_flatness_db": {
        "dmean": 0.0170211400837,
        "dmean2": 0.0252717770636,
        "dvar": 0.000302958214888,
        "dvar2": 0.000621733954176,
        "max": 0.406900852919,
        "mean": 0.117689833045,
        "median": 0.104932337999,
        "min": 0.0257509853691,
        "var": 0.00231921044178
    },
    "erbbands_kurtosis": {
        "dmean": 1.1691044569,
        "dmean2": 1.78884220123,
        "dvar": 4.19800186157,
        "dvar2": 9.98202419281,
        "max": 49.4912338257,
        "mean": 0.991945028305,
        "median": -0.0754821300507,
        "min": -1.84883964062,
        "var": 11.909163475
    },
    "erbbands_skewness": {
        "dmean": 0.361402660608,
        "dmean2": 0.536412119865,
        "dvar": 0.132329463959,
        "dvar2": 0.28893327713,
        "max": 4.1726026535,
        "mean": 0.156187459826,
        "median": 0.0369854345918,
        "min": -5.01365375519,
        "var": 0.707859098911
    },
    "erbbands_spread": {
        "dmean": 11.7580270767,
        "dmean2": 17.1285572052,
        "dvar": 144.095352173,
        "dvar2": 294.544006348,
        "max": 181.338821411,
        "mean": 49.9992485046,
        "median": 47.1325263977,
        "min": 2.72715973854,
        "var": 627.146057129
    },
    "hfc": {
        "dmean": 13.9831876755,
        "dmean2": 21.9442653656,
        "dvar": 446.891235352,
        "dvar2": 1122.18554688,
        "max": 347.198608398,
        "mean": 39.9177970886,
        "median": 32.6080970764,
        "min": 1.05753956054e-16,
        "var": 1027.44628906
    },
    "melbands_crest": {
        "dmean": 4.1830406189,
        "dmean2": 6.19403076172,
        "dvar": 13.9555912018,
        "dvar2": 31.7758197784,
        "max": 35.0064697266,
        "mean": 18.4772014618,
        "median": 18.1878757477,
        "min": 1.58681821823,
        "var": 48.4454154968
    },
    "melbands_flatness_db": {
        "dmean": 0.0336969681084,
        "dmean2": 0.042457960546,
        "dvar": 0.00100344594102,
        "dvar2": 0.00166715087835,
        "max": 0.615385949612,
        "mean": 0.209100604057,
        "median": 0.201209530234,
        "min": 0.00304977362975,
        "var": 0.00740148220211
    },
    "melbands_kurtosis": {
        "dmean": 15.4881057739,
        "dmean2": 21.3401832581,
        "dvar": 828.185852051,
        "dvar2": 1469.74951172,
        "max": 775.865112305,
        "mean": 29.188369751,
        "median": 13.9935932159,
        "min": -1.88343918324,
        "var": 2398.97827148
    },
    "melbands_skewness": {
        "dmean": 1.1627702713,
        "dmean2": 1.53904438019,
        "dvar": 1.32660341263,
        "dvar2": 2.32934260368,
        "max": 20.1014652252,
        "mean": 3.83990359306,
        "median": 3.35065507889,
        "min": -1.77106153965,
        "var": 6.84870958328
    },
    "melbands_spread": {
        "dmean": 9.26698493958,
        "dmean2": 13.2439441681,
        "dvar": 187.049026489,
        "dvar2": 403.244140625,
        "max": 257.282745361,
        "mean": 24.8622303009,
        "median": 18.9812831879,
        "min": 0.327052623034,
        "var": 515.885864258
    },
    "pitch_salience": {
        "dmean": 0.0885834172368,
        "dmean2": 0.128905877471,
        "dvar": 0.00851719640195,
        "dvar2": 0.0155525812879,
        "max": 0.840214073658,
        "mean": 0.460047364235,
        "median": 0.45984017849,
        "min": 0.0524060800672,
        "var": 0.0249429773539
    },
    "silence_rate_20dB": {
        "dmean": 0,
        "dmean2": 0,
        "dvar": 0,
        "dvar2": 0,
        "max": 1,
        "mean": 1,
        "median": 1,
        "min": 1,
        "var": 0
    },
    "silence_rate_30dB": {
        "dmean": 0.0558405667543,
        "dmean2": 0.111692152917,
        "dvar": 0.052719194442,
        "dvar2": 0.12545016408,
        "max": 1,
        "mean": 0.953536570072,
        "median": 1,
        "min": 0,
        "var": 0.0443063862622
    },
    "silence_rate_60dB": {
        "dmean": 0.00513022905216,
        "dmean2": 0.010261470452,
        "dvar": 0.005104273092,
        "dvar2": 0.0115388929844,
        "max": 1,
        "mean": 0.0387688651681,
        "median": 0,
        "min": 0,
        "var": 0.0372690632939
    },
    "spectral_centroid": {
        "dmean": 282.817443848,
        "dmean2": 403.514587402,
        "dvar": 112355.140625,
        "dvar2": 210930.359375,
        "max": 11718.3876953,
        "mean": 1672.74145508,
        "median": 1536.70422363,
        "min": 109.388420105,
        "var": 1399437.25
    },
    "spectral_complexity": {
        "dmean": 4.3997631073,
        "dmean2": 6.87281703949,
        "dvar": 20.2190876007,
        "dvar2": 43.7236785889,
        "max": 58,
        "mean": 21.7646255493,
        "median": 21,
        "min": 0,
        "var": 122.123802185
    },
    "spectral_decrease": {
        "dmean": 3.76179443151e-09,
        "dmean2": 4.92638774219e-09,
        "dvar": 1.47628859525e-17,
        "dvar2": 2.38763086466e-17,
        "max": 2.27000214378e-28,
        "mean": -1.2211931022e-08,
        "median": -1.21463887837e-08,
        "min": -4.43457288668e-08,
        "var": 5.92453555362e-17
    },
    "spectral_energy": {
        "dmean": 0.0146708171815,
        "dmean2": 0.0196250658482,
        "dvar": 0.000220447211177,
        "dvar2": 0.000371497066226,
        "max": 0.174369469285,
        "mean": 0.0497113391757,
        "median": 0.0500795096159,
        "min": 9.73858960646e-21,
        "var": 0.000894786964636
    },
    "spectral_energyband_high": {
        "dmean": 0.00122423376888,
        "dmean2": 0.00193880638108,
        "dvar": 4.23712344855e-06,
        "dvar2": 1.06043253254e-05,
        "max": 0.0328711085021,
        "mean": 0.00257531623356,
        "median": 0.00151003408246,
        "min": 6.83827304341e-21,
        "var": 8.8425776994e-06
    },
    "spectral_energyband_low": {
        "dmean": 0.0128914220259,
        "dmean2": 0.0172133632004,
        "dvar": 0.000286632304778,
        "dvar2": 0.000469561462523,
        "max": 0.158912196755,
        "mean": 0.0307626724243,
        "median": 0.025901498273,
        "min": 8.62773779938e-24,
        "var": 0.000841624336317
    },
    "spectral_energyband_middle_high": {
        "dmean": 0.00227250042371,
        "dmean2": 0.00347217475064,
        "dvar": 1.07347987068e-05,
        "dvar2": 2.48178239417e-05,
        "max": 0.0540438815951,
        "mean": 0.00710646156222,
        "median": 0.00478944461793,
        "min": 1.13713736556e-21,
        "var": 5.78711769776e-05
    },
    "spectral_energyband_middle_low": {
        "dmean": 0.00539153022692,
        "dmean2": 0.00850435253233,
        "dvar": 5.99208688072e-05,
        "dvar2": 0.00013507255062,
        "max": 0.0644591003656,
        "mean": 0.0104046519846,
        "median": 0.00706397462636,
        "min": 1.56669492338e-22,
        "var": 9.75874136202e-05
    },
    "spectral_entropy": {
        "dmean": 0.170341283083,
        "dmean2": 0.248803958297,
        "dvar": 0.0356727465987,
        "dvar2": 0.071590423584,
        "max": 9.82412147522,
        "mean": 7.86102819443,
        "median": 7.97425842285,
        "min": 5.05264949799,
        "var": 0.308154404163
    },
    "spectral_flux": {
        "dmean": 0.0362637452781,
        "dmean2": 0.053184106946,
        "dvar": 0.00114336155821,
        "dvar2": 0.00238457112573,
        "max": 0.359490424395,
        "mean": 0.117265209556,
        "median": 0.103071436286,
        "min": 6.34423694135e-11,
        "var": 0.00440782634541
    },
    "spectral_kurtosis": {
        "dmean": 1.08570969105,
        "dmean2": 1.68263447285,
        "dvar": 5.33412313461,
        "dvar2": 15.4300689697,
        "max": 81.2789459229,
        "mean": 3.62064361572,
        "median": 2.57123804092,
        "min": -1.55718290806,
        "var": 30.5673675537
    },
    "spectral_rms": {
        "dmean": 0.00107211305294,
        "dmean2": 0.00144896982238,
        "dvar": 1.16415583307e-06,
        "dvar2": 2.00902104552e-06,
        "max": 0.0130428737029,
        "mean": 0.00653218710795,
        "median": 0.00698985392228,
        "min": 3.0823794038e-12,
        "var": 5.82922302783e-06
    },
    "spectral_rolloff": {
        "dmean": 812.22668457,
        "dmean2": 1286.90979004,
        "dvar": 2017872.875,
        "dvar2": 4056873.5,
        "max": 19832.0800781,
        "mean": 1847.4855957,
        "median": 1033.59375,
        "min": 64.599609375,
        "var": 7035373
    },
    "spectral_skewness": {
        "dmean": 0.169144332409,
        "dmean2": 0.253993481398,
        "dvar": 0.0469256825745,
        "dvar2": 0.105180032551,
        "max": 6.58677959442,
        "mean": 1.51064348221,
        "median": 1.38308882713,
        "min": -0.632456243038,
        "var": 0.392031520605
    },
    "spectral_spread": {
        "dmean": 841067.375,
        "dmean2": 1209473.25,
        "dvar": 1.09792323174e+12,
        "dvar2": 2.05766315213e+12,
        "max": 43151392,
        "mean": 7053414,
        "median": 6750069.5,
        "min": 848398.875,
        "var": 1.57440477757e+13
    },
    "spectral_strongpeak": {
        "dmean": 0.488663166761,
        "dmean2": 0.814587652683,
        "dvar": 1.20400011539,
        "dvar2": 2.80330443382,
        "max": 18.4703464508,
        "mean": 0.895556926727,
        "median": 0.459746301174,
        "min": 0,
        "var": 2.15140295029
    },
    "zerocrossingrate": {
        "dmean": 0.0170324705541,
        "dmean2": 0.018418200314,
        "dvar": 0.000364270032151,
        "dvar2": 0.000409344065702,
        "max": 0.52587890625,
        "mean": 0.0782111734152,
        "median": 0.06494140625,
        "min": 0.001953125,
        "var": 0.00400834949687
    },
    "barkbands": {
        "dmean": [0.00110692670569, 0.0101359114051, 0.00665161339566, 0.00207665236667, 0.00225666281767, 0.00148537789937, 0.000722327153198, 0.000632321520243, 0.000816769199446, 0.00042164165643, 0.000751288374886, 0.000590094481595, 0.000370917812688, 0.000355974596459, 0.00045384594705, 0.000298678554827, 0.000379297940526, 0.000261522101937, 0.000221512760618, 0.000173838459887, 0.00011403112876, 0.000126609156723, 0.000205613323487, 0.000290287745884, 0.000368102337234, 0.000201183313038, 1.23070967675e-05],
        "dmean2": [0.00179133273195, 0.0134382834658, 0.0108702015132, 0.00360963586718, 0.00394954718649, 0.00251937680878, 0.00115802662913, 0.000995870213956, 0.00126017350703, 0.000652150891256, 0.00115998578258, 0.000928602414206, 0.000569721159991, 0.000559344829526, 0.000734208559152, 0.00047830818221, 0.000602256739512, 0.000419423362473, 0.000357500393875, 0.000274786434602, 0.000187639103387, 0.000207624805626, 0.000343668507412, 0.000469724356662, 0.000585872970987, 0.000313669705065, 1.92489223991e-05],
        "dvar": [6.31486773273e-06, 0.000178314250661, 0.000249078788329, 2.6232601158e-05, 2.21928676183e-05, 5.76790034756e-06, 3.03883030028e-06, 1.60480033173e-06, 3.53054178959e-06, 1.44379259837e-06, 3.2134093999e-06, 3.65040455108e-06, 1.15753812224e-06, 1.02607918961e-06, 1.14030842724e-06, 5.29239741809e-07, 1.01714340417e-06, 2.98129862131e-07, 1.54555493737e-07, 9.40154052387e-08, 4.13751592987e-08, 3.72927253522e-08, 1.12248031314e-07, 4.21496338276e-07, 5.77746391173e-07, 1.64552005799e-07, 7.38993310989e-10],
        "dvar2": [1.41836253533e-05, 0.00024553615367, 0.000637143675704, 7.14261768735e-05, 6.2113016611e-05, 1.53490673256e-05, 6.34243269815e-06, 3.59262980965e-06, 8.34859474708e-06, 3.2400953387e-06, 6.77419802741e-06, 9.60036686593e-06, 2.05176593226e-06, 2.16777721107e-06, 2.66480174105e-06, 1.11974486572e-06, 2.14565307033e-06, 6.61700084947e-07, 3.78574469551e-07, 2.16376761841e-07, 1.02592622397e-07, 9.7923916087e-08, 3.04715058519e-07, 1.05684841856e-06, 1.43415627463e-06, 3.91889273033e-07, 1.73617664689e-09],
        "max": [0.0378724895418, 0.107757553458, 0.111699894071, 0.0428469665349, 0.0458752252162, 0.0315058752894, 0.055124219507, 0.0355169847608, 0.0609548129141, 0.0325295366347, 0.0486260354519, 0.0527940504253, 0.0410112328827, 0.0393753200769, 0.0232732575387, 0.0252319201827, 0.0399810448289, 0.0163076631725, 0.0068502551876, 0.0100235585123, 0.00933854002506, 0.00382827199064, 0.00567905418575, 0.0171303581446, 0.0175404939801, 0.00852014776319, 0.000724866986275],
        "mean": [0.00177732796874, 0.0212969761342, 0.00670941453427, 0.00203671772033, 0.00257932231762, 0.00200369721279, 0.00116462539881, 0.000945588632021, 0.00136957759969, 0.000634293945041, 0.00142845290247, 0.00091684149811, 0.000655081064906, 0.000572507153265, 0.000716606620699, 0.000476707296912, 0.00067697284976, 0.000507726799697, 0.000466398341814, 0.00041188794421, 0.000266349525191, 0.00027410252369, 0.000399207754526, 0.000510739453603, 0.000600969709922, 0.000295749137877, 1.75934419531e-05],
        "median": [0.000348811154254, 0.0129546290264, 0.00191746558994, 0.000432415137766, 0.0011856101919, 0.000852814526297, 0.000319706246955, 0.000349966372596, 0.000347711320501, 0.000208580255276, 0.000294782890705, 0.000256827450357, 0.000160023599165, 0.000170785511727, 0.000261971435975, 0.000213229868677, 0.00033285911195, 0.000273294514045, 0.000274684745818, 0.000275579950539, 0.000181268711458, 0.000170559462276, 0.000162594602443, 0.000200916911126, 0.000285072193947, 0.000120609402074, 5.29748785993e-06],
        "min": [7.57676124302e-26, 8.63587529405e-25, 3.88556840829e-25, 5.82912643568e-25, 7.13425765615e-24, 8.01980135391e-24, 7.93782450637e-24, 1.57493062334e-24, 1.26614478762e-23, 1.5699755119e-23, 1.52309839924e-23, 1.40608555676e-23, 3.47595149579e-23, 3.52419349559e-23, 3.45670676069e-23, 6.74742077861e-23, 6.81512587021e-23, 9.79033244473e-23, 1.26923188433e-22, 1.92684097618e-22, 2.52158037824e-22, 2.98372261199e-22, 3.53937831071e-22, 5.86152581686e-22, 9.26865872811e-22, 1.33143968827e-21, 2.03178116078e-21],
        "var": [1.69159393408e-05, 0.000523991708178, 0.000193942527403, 2.00684135052e-05, 1.76054218173e-05, 8.71491101861e-06, 1.22022493088e-05, 4.05460104957e-06, 9.08344736672e-06, 2.80133303932e-06, 1.32585728352e-05, 8.25544975669e-06, 5.11037887918e-06, 3.46551769326e-06, 2.8435213153e-06, 1.11104793632e-06, 2.46491686084e-06, 8.73988142303e-07, 4.06894770322e-07, 2.813333424e-07, 1.05262095929e-07, 1.03044541788e-07, 2.97745714306e-07, 6.91753598403e-07, 7.68565598719e-07, 2.53297486097e-07, 1.2977248165e-09]
    },
    "erbbands": {
        "dmean": [0.35743406415, 2.34135437012, 6.99693012238, 7.00954055786, 7.50511789322, 7.35694885254, 9.68923091888, 11.878080368, 10.5350570679, 9.83318138123, 17.1814212799, 17.6471004486, 13.326376915, 18.4189357758, 26.4562511444, 24.2758255005, 16.2357444763, 19.0920009613, 18.1742076874, 18.7284545898, 16.7407970428, 18.415063858, 14.154712677, 12.9587192535, 8.54884624481, 7.27987337112, 5.37226009369, 4.17613840103, 3.94441270828, 5.74409532547, 6.37798976898, 5.87923526764, 5.10490322113, 4.37302160263, 2.48051595688, 1.13214766979, 0.314379364252, 0.0507221594453, 0.00121695490088, 4.87804936711e-05],
        "dmean2": [0.465949952602, 3.14609789848, 10.7242488861, 11.3528900146, 13.074090004, 12.7753410339, 16.6634750366, 20.1633319855, 17.2085437775, 15.5277147293, 26.6595096588, 27.3077087402, 20.2659263611, 28.3519477844, 40.8827934265, 37.9356422424, 24.9149799347, 29.3402500153, 28.9166412354, 29.628490448, 26.6143093109, 29.1352005005, 22.7869110107, 20.7688312531, 13.6458187103, 11.5640192032, 8.62272453308, 6.9052772522, 6.27675390244, 9.7036781311, 10.6971521378, 9.5788230896, 8.33910942078, 7.1988067627, 3.82382726669, 1.80351817608, 0.481316834688, 0.0774527788162, 0.00185783836059, 7.37778682378e-05],
        "dvar": [0.212506040931, 12.1039876938, 232.893203735, 253.109832764, 308.866455078, 195.681610107, 242.051300049, 440.481201172, 463.586181641, 530.740356445, 1245.4901123, 1852.63476562, 1475.23059082, 2094.51123047, 5593.49707031, 7701.49316406, 2002.90881348, 2368.76049805, 2208.81225586, 1822.77148438, 1518.37194824, 2917.47607422, 848.913696289, 517.64440918, 232.966903687, 214.49156189, 104.980331421, 42.0250778198, 35.7473449707, 85.5656661987, 110.929100037, 144.015594482, 153.460418701, 92.677696228, 23.6404819489, 5.35504484177, 0.407437890768, 0.0117510417476, 6.41769975118e-06, 6.6864953574e-09],
        "dvar2": [0.293881565332, 17.2554645538, 560.249206543, 647.208068848, 839.372070312, 554.365478516, 658.226623535, 1159.2019043, 1092.62866211, 1121.72680664, 2821.00830078, 4308.72607422, 3353.77636719, 4626.79541016, 12034.3632812, 20733.296875, 3518.81005859, 4846.40771484, 4905.83886719, 4048.796875, 3384.30395508, 6013.27441406, 1925.88183594, 1230.4473877, 531.452514648, 542.178283691, 265.164123535, 108.038864136, 86.5362167358, 241.406188965, 303.09085083, 376.82824707, 384.024261475, 237.230606079, 56.8963356018, 13.1178092957, 0.941580533981, 0.0265348609537, 1.42905591929e-05, 1.54764183691e-08],
        "max": [4.46391439438, 26.6671218872, 118.730873108, 161.989944458, 146.545425415, 141.577407837, 209.282852173, 370.353393555, 465.445861816, 733.379699707, 724.714477539, 1333.28820801, 1051.42004395, 1666.45532227, 2341.39331055, 2730.52416992, 1727.64257812, 2091.97094727, 1364.24804688, 1077.30090332, 1630.24291992, 2727.83935547, 841.359680176, 514.43347168, 430.111175537, 590.487792969, 459.51574707, 142.377975464, 123.688972473, 187.579391479, 163.80645752, 314.030792236, 326.286895752, 258.962463379, 143.554336548, 54.6073112488, 17.0531864166, 3.20878410339, 0.0637063831091, 0.00174579815939],
        "mean": [0.746001541615, 4.28634548187, 7.81586170197, 7.84688520432, 7.42988014221, 8.70327854156, 12.5690231323, 15.7565155029, 16.0066432953, 16.5518951416, 28.3923587799, 31.1789054871, 22.35795784, 38.1601333618, 47.4792289734, 41.0519218445, 31.1848583221, 34.254650116, 30.1559848785, 33.301525116, 31.8743152618, 34.5981292725, 28.6421737671, 27.668806076, 20.5405311584, 17.9224662781, 13.2378396988, 9.93312072754, 9.46187400818, 10.6396141052, 11.7756881714, 10.6141042709, 8.48213386536, 6.8252658844, 4.14110183716, 1.675131917, 0.46305796504, 0.0780711770058, 0.00188447814435, 0.000121289333038],
        "median": [0.449201583862, 1.75212323666, 2.86018896103, 2.47434163094, 2.34642338753, 4.28611707687, 6.17212343216, 5.60406255722, 5.03401088715, 6.3244509697, 9.96403217316, 8.69121170044, 7.29661369324, 11.2427663803, 10.381606102, 12.3837013245, 9.3675661087, 11.5252971649, 13.0472612381, 14.0992040634, 15.6747913361, 18.5205230713, 15.8798208237, 15.3561630249, 13.358042717, 12.301867485, 9.27806758881, 6.44599342346, 6.14669704437, 5.19839334488, 4.61951398849, 4.12751436234, 3.35224437714, 2.92813682556, 2.06766653061, 0.733172237873, 0.177843406796, 0.0267005655915, 0.000677414296661, 9.42458500504e-05],
        "min": [5.83186313221e-23, 3.30487154682e-22, 1.41716395328e-21, 5.5045650708e-21, 6.47077866924e-21, 2.28869889501e-20, 3.27311814096e-20, 6.84571314528e-20, 1.08594972078e-19, 1.75352118125e-19, 1.74373498837e-19, 2.35552810917e-19, 5.68242164949e-19, 6.27839700902e-19, 8.40529343086e-19, 1.20562608255e-18, 1.6064946612e-18, 2.34568465988e-18, 2.91084237172e-18, 2.88353858727e-18, 3.11924597756e-18, 4.41264915799e-18, 5.02722077847e-18, 5.66722199893e-18, 5.90044681341e-18, 9.39437707073e-18, 9.50419935912e-18, 1.00459563382e-17, 9.16783628919e-18, 1.17765381209e-17, 1.16187931237e-17, 1.1873443984e-17, 9.57648584567e-18, 7.78904035899e-18, 6.40980974537e-18, 4.08187245233e-18, 2.36630234344e-18, 9.79793988003e-19, 2.54873165087e-19, 2.61246804964e-20],
        "var": [0.65604031086, 28.4450874329, 219.846282959, 210.733398438, 234.688369751, 166.164260864, 316.224273682, 720.334289551, 1261.32617188, 2051.39819336, 3357.62060547, 5314.72412109, 3282.65991211, 12418.2724609, 17170.4101562, 18292.5761719, 9042.88085938, 9414.68945312, 4623.79248047, 4594.88623047, 4273.18554688, 5677.8828125, 2502.1081543, 1631.77429199, 669.717102051, 510.742340088, 275.327453613, 127.31905365, 118.122123718, 198.001449585, 264.131561279, 260.769714355, 222.06690979, 115.693351746, 34.6656074524, 7.39947414398, 0.667610108852, 0.0224416237324, 1.21927796499e-05, 1.34211379788e-08]
    },
    "gfcc": {
        "mean": [26.8857936859, 59.1704292297, -88.1686248779, 33.1910629272, -46.0030059814, 26.9602069855, -38.1311454773, 24.4885520935, -26.0151157379, 10.4448566437, -15.0655117035, 6.82396316528, -10.4395389557],
        "cov": [[26211.3203125, -1516.07641602, -1423.74768066, 1270.6484375, -1115.52185059, 639.623596191, -817.013366699, 549.785583496, -542.359802246, 461.978240967, -277.894470215, 234.712783813, -396.981170654], [-1516.07641602, 1266.87268066, -81.9495849609, -300.118225098, 206.870193481, -57.9474220276, 118.884422302, -45.0395050049, 1.26368021965, -105.786117554, 37.8629722595, -78.8430938721, 86.5694503784], [-1423.74768066, -81.9495849609, 791.186096191, 65.2579345703, 56.0438957214, 60.1237411499, 56.3493995667, 1.16816914082, 46.0514945984, 9.79057788849, -24.2233428955, 13.9465084076, -17.3403091431], [1270.6484375, -300.118225098, 65.2579345703, 538.837768555, 62.1739387512, 56.0029716492, 29.5529670715, 43.368938446, 96.3140106201, 27.4728126526, -22.0093364716, 34.1626472473, -62.8314476013], [-1115.52185059, 206.870193481, 56.0438957214, 62.1739387512, 350.621337891, 58.5051193237, 115.548057556, 20.3502464294, 77.2336349487, 6.27333211899, 27.0106983185, -20.9330997467, 5.01048994064], [639.623596191, -57.9474220276, 60.1237411499, 56.0029716492, 58.5051193237, 235.400375366, 83.0582809448, 15.1931142807, 7.44641923904, 45.7852935791, 19.0058841705, 4.78683900833, -24.5791893005], [-817.013366699, 118.884422302, 56.3493995667, 29.5529670715, 115.548057556, 83.0582809448, 227.267776489, 44.3085250854, 66.0452804565, 22.1605148315, 45.6557617188, 9.40909767151, 19.6598796844], [549.785583496, -45.0395050049, 1.16816914082, 43.368938446, 20.3502464294, 15.1931142807, 44.3085250854, 154.352539062, 42.3515777588, 45.3977050781, 21.8072509766, 26.4715766907, 27.8598957062], [-542.359802246, 1.26368021965, 46.0514945984, 96.3140106201, 77.2336349487, 7.44641923904, 66.0452804565, 42.3515777588, 170.63999939, 35.2143211365, 25.8179302216, 21.1300621033, 15.9035873413], [461.978240967, -105.786117554, 9.79057788849, 27.4728126526, 6.27333211899, 45.7852935791, 22.1605148315, 45.3977050781, 35.2143211365, 137.132751465, 62.1895027161, 23.1468429565, 8.82291412354], [-277.894470215, 37.8629722595, -24.2233428955, -22.0093364716, 27.0106983185, 19.0058841705, 45.6557617188, 21.8072509766, 25.8179302216, 62.1895027161, 122.129203796, 35.4948997498, 31.4956436157], [234.712783813, -78.8430938721, 13.9465084076, 34.1626472473, -20.9330997467, 4.78683900833, 9.40909767151, 26.4715766907, 21.1300621033, 23.1468429565, 35.4948997498, 90.3072891235, 30.3761997223], [-396.981170654, 86.5694503784, -17.3403091431, -62.8314476013, 5.01048994064, -24.5791893005, 19.6598796844, 27.8598957062, 15.9035873413, 8.82291412354, 31.4956436157, 30.3761997223, 97.0078887939]],
        "icov": [[0.000211647129618, -0.000274518388323, 0.00038597456296, -0.000581924163271, 0.00055813632207, -0.000791308120824, 0.000774825515691, -0.000929852540139, 0.000705261540134, -0.000853431411088, 0.000746344623622, -0.000716936716344, 0.000628049485385], [-0.000274518388323, 0.00169269798789, -0.000409236963606, 0.00131572410464, -0.00138610752765, 0.00125908607151, -0.00150665245019, 0.00142755080014, -0.00100883236155, 0.00217114435509, -0.00160630862229, 0.00199097627774, -0.00170294148847], [0.00038597456296, -0.000409236963606, 0.00206650234759, -0.00101523695048, 0.0008483165293, -0.00163859222084, 0.00111696892418, -0.00149702746421, 0.00101325078867, -0.00167814944871, 0.00195087317843, -0.00169561826624, 0.00128518533893], [-0.000581924163271, 0.00131572410464, -0.00101523695048, 0.00444200215861, -0.00214750319719, 0.00199411995709, -0.00221123616211, 0.00213059806265, -0.00330863939598, 0.00258683227003, -0.00138967426028, 0.000759201764595, 0.000113079498988], [0.00055813632207, -0.00138610752765, 0.0008483165293, -0.00214750319719, 0.00567675521597, -0.00271347304806, 0.00100468844175, -0.00253594852984, 0.000696500705089, -0.002065283712, 0.0013835610589, -0.000610502378549, 0.0016412892146], [-0.000791308120824, 0.00125908607151, -0.00163859222084, 0.00199411995709, -0.00271347304806, 0.008764045313, -0.00515538267791, 0.00372220389545, -0.00138741591945, 0.00130341295153, -0.00246899621561, 0.00224343687296, -0.000818589003757], [0.000774825515691, -0.00150665245019, 0.00111696892418, -0.00221123616211, 0.00100468844175, -0.00515538267791, 0.00998565740883, -0.00474074715748, 0.000942960556131, -0.00212181615643, 0.000875447934959, -0.00242839939892, 0.00177699280903], [-0.000929852540139, 0.00142755080014, -0.00149702746421, 0.00213059806265, -0.00253594852984, 0.00372220389545, -0.00474074715748, 0.0124168805778, -0.00378561532125, 0.0013488563709, -0.00218352861702, 0.00223427847959, -0.00499067874625], [0.000705261540134, -0.00100883236155, 0.00101325078867, -0.00330863939598, 0.000696500705089, -0.00138741591945, 0.000942960556131, -0.00378561532125, 0.0108540048823, -0.0045098788105, 0.00252905976959, -0.00312732742168, 0.00112201890443], [-0.000853431411088, 0.00217114435509, -0.00167814944871, 0.00258683227003, -0.002065283712, 0.00130341295153, -0.00212181615643, 0.0013488563709, -0.0045098788105, 0.0158568490297, -0.00935852527618, 0.00420062523335, -0.00255466089584], [0.000746344623622, -0.00160630862229, 0.00195087317843, -0.00138967426028, 0.0013835610589, -0.00246899621561, 0.000875447934959, -0.00218352861702, 0.00252905976959, -0.00935852527618, 0.0167437046766, -0.00720995338634, 0.000946979795117], [-0.000716936716344, 0.00199097627774, -0.00169561826624, 0.000759201764595, -0.000610502378549, 0.00224343687296, -0.00242839939892, 0.00223427847959, -0.00312732742168, 0.00420062523335, -0.00720995338634, 0.0190173257142, -0.00755496136844], [0.000628049485385, -0.00170294148847, 0.00128518533893, 0.000113079498988, 0.0016412892146, -0.000818589003757, 0.00177699280903, -0.00499067874625, 0.00112201890443, -0.00255466089584, 0.000946979795117, -0.00755496136844, 0.017588859424]]
    },
    "melbands": {
        "dmean": [0.00290609430522, 0.00314656132832, 0.00115296326112, 0.000558950647246, 0.00030959083233, 0.000270113727311, 0.000159088318469, 0.000105437567981, 0.000154496650794, 0.000110282468086, 6.6146501922e-05, 7.05307393218e-05, 8.74064935488e-05, 7.01090903021e-05, 4.71396524517e-05, 4.18592244387e-05, 3.84334598493e-05, 2.85813057417e-05, 3.74062183255e-05, 2.34012131841e-05, 2.2349300707e-05, 2.36344239966e-05, 1.62858541444e-05, 1.12080169856e-05, 1.19239266496e-05, 7.76267916081e-06, 6.98216854289e-06, 5.31795649295e-06, 3.98543670599e-06, 2.97548876915e-06, 2.56214207184e-06, 2.38864163293e-06, 3.09790038955e-06, 3.36426933245e-06, 3.73625221073e-06, 3.86528472518e-06, 3.78014419766e-06, 3.58241413778e-06, 4.07635889133e-06, 3.78548293156e-06],
        "dmean2": [0.00376529432833, 0.00422858307138, 0.00181775016245, 0.000978753203526, 0.000531171623152, 0.000457306217868, 0.000257249426795, 0.000166300305864, 0.000240036548348, 0.000169680133695, 0.000100799137726, 0.000109185937617, 0.000134163856274, 0.0001093145911, 7.53634521971e-05, 6.19377678959e-05, 5.9651571064e-05, 4.48782047897e-05, 5.97179423494e-05, 3.7185542169e-05, 3.56619602826e-05, 3.7556157622e-05, 2.67451505351e-05, 1.8084570911e-05, 1.92498646356e-05, 1.2749718735e-05, 1.12545485536e-05, 8.63473451318e-06, 6.41854012429e-06, 4.90888851346e-06, 4.27945815318e-06, 3.80280380341e-06, 5.2894347391e-06, 5.72469798499e-06, 6.27021745458e-06, 6.52466178508e-06, 6.13095835433e-06, 5.86594933338e-06, 6.81001665725e-06, 6.29720079814e-06],
        "dvar": [1.31774850161e-05, 3.06645415549e-05, 6.12507074038e-06, 1.48601282035e-06, 2.33816152218e-07, 2.12968274127e-07, 1.12583848022e-07, 5.18462819343e-08, 1.01932648988e-07, 8.30168929156e-08, 3.79866094136e-08, 3.21988231633e-08, 4.87992153353e-08, 4.40702763171e-08, 2.15195186115e-08, 1.90717663884e-08, 1.19260255005e-08, 7.37579153309e-09, 8.80622330612e-09, 3.47071438256e-09, 3.21280402282e-09, 5.40550981754e-09, 1.68766400854e-09, 5.16514109261e-10, 4.865430836e-10, 1.951366152e-10, 1.85336884728e-10, 1.26707866421e-10, 4.65325451782e-11, 4.99227395534e-11, 1.51839651963e-11, 1.31098994507e-11, 2.2430278121e-11, 3.16810640222e-11, 3.92549950878e-11, 4.90683708942e-11, 6.74323583083e-11, 9.0989646373e-11, 8.3420742536e-11, 6.53801734973e-11],
        "dvar2": [1.7232105165e-05, 6.42684317427e-05, 1.45605226862e-05, 4.13220959672e-06, 6.48674870263e-07, 5.62231434742e-07, 2.50382669265e-07, 1.11147144821e-07, 2.34315891134e-07, 1.91396310356e-07, 8.55146780054e-08, 7.23381603507e-08, 1.03935683171e-07, 1.11572056483e-07, 5.39173221625e-08, 3.03235623278e-08, 2.44200801802e-08, 1.55276005387e-08, 1.94866647263e-08, 7.09474123894e-09, 7.28355953328e-09, 1.15377609688e-08, 4.18959711368e-09, 1.18517018421e-09, 1.165232133e-09, 4.90053109203e-10, 4.19390494555e-10, 3.40394906706e-10, 1.18365622859e-10, 1.15444313831e-10, 4.08916789318e-11, 3.17102524794e-11, 6.44243616787e-11, 9.02855012974e-11, 1.08220009343e-10, 1.33917099632e-10, 1.74683989496e-10, 2.26276899995e-10, 2.19730039719e-10, 1.66343480656e-10],
        "max": [0.0327664911747, 0.0477481074631, 0.0235456321388, 0.0112211313099, 0.00595346977934, 0.00743827875704, 0.00923206377774, 0.00648522749543, 0.00617019785568, 0.0101428302005, 0.00529064098373, 0.00620687333867, 0.00664424477145, 0.00521614728495, 0.00396920740604, 0.00571012170985, 0.00480868248269, 0.00268529355526, 0.00248752254993, 0.0021004457958, 0.00282784109004, 0.00359601038508, 0.00125676766038, 0.00104853406083, 0.000464167969767, 0.000296599901048, 0.000399636162911, 0.000454409455415, 0.000206174707273, 0.000397255411372, 8.16560277599e-05, 6.64096514811e-05, 8.23226509965e-05, 0.000107980566099, 0.000106956766103, 0.000162911048392, 0.000229768265854, 0.000311828334816, 0.000213240738958, 0.000215984633542],
        "mean": [0.00633608456701, 0.00469695217907, 0.00136658654083, 0.000591139658354, 0.000418909126893, 0.000365307583706, 0.000252635305515, 0.000173482068931, 0.000251513993135, 0.000191327533685, 0.000103197256976, 0.000139652751386, 0.000156981564942, 0.000118586794997, 7.08013540134e-05, 7.78383182478e-05, 6.2435392465e-05, 4.1456631152e-05, 5.9895504819e-05, 3.6272664147e-05, 3.88671396649e-05, 3.93100526708e-05, 2.90183779725e-05, 2.10106318264e-05, 2.30997229664e-05, 1.52968514158e-05, 1.41402097142e-05, 1.15665361591e-05, 9.06809964363e-06, 6.30409294899e-06, 5.50718004888e-06, 5.33068669029e-06, 5.44345903108e-06, 5.96523068452e-06, 6.6343582148e-06, 6.7241699071e-06, 6.52175322102e-06, 5.84634062761e-06, 5.99204895479e-06, 5.71429109186e-06],
        "median": [0.00446363678202, 0.00237778830342, 0.000484696472995, 0.000245858129347, 0.000226380478125, 0.000138430012157, 7.51566767576e-05, 6.4590414695e-05, 7.76498200139e-05, 4.76124369015e-05, 2.79489668173e-05, 3.60998674296e-05, 3.26026201947e-05, 2.74883241218e-05, 2.45984883804e-05, 1.46375405166e-05, 1.89323181985e-05, 1.63856420841e-05, 2.02240589715e-05, 1.50005016621e-05, 1.72504460352e-05, 1.93877676793e-05, 1.46836509884e-05, 1.21577868413e-05, 1.17920271805e-05, 9.35064599616e-06, 8.6748823378e-06, 7.70197038946e-06, 6.1857331275e-06, 4.08981986766e-06, 3.36488005814e-06, 3.30250327352e-06, 3.18160255119e-06, 2.63782681031e-06, 2.58295563071e-06, 2.53401731243e-06, 2.47587649937e-06, 2.21302798309e-06, 2.26579572882e-06, 2.47456137004e-06],
        "min": [5.80806483559e-25, 9.29877384815e-25, 1.03979696753e-24, 6.98825892829e-25, 1.21338541529e-24, 1.54791726494e-24, 2.08515836266e-24, 1.88578954609e-24, 1.49876669459e-24, 1.49403599435e-24, 2.27672613375e-24, 1.8660116199e-24, 2.45947069282e-24, 2.26922919413e-24, 2.53891352193e-24, 3.41059476422e-24, 3.14896825614e-24, 3.02072057498e-24, 3.29822409207e-24, 3.98228975641e-24, 2.91164142496e-24, 3.5539126469e-24, 3.91193006899e-24, 4.30064049117e-24, 3.67716111929e-24, 4.21195201504e-24, 4.53934230691e-24, 5.26077572069e-24, 5.79028874256e-24, 4.25604302876e-24, 5.35697178606e-24, 4.64663527863e-24, 4.88432814128e-24, 5.77743346525e-24, 5.96299918814e-24, 6.32781264692e-24, 6.78856776343e-24, 6.01209907417e-24, 6.06698486051e-24, 6.0444258052e-24],
        "var": [4.25199177698e-05, 4.58966824226e-05, 5.65474283576e-06, 1.11790348001e-06, 2.87016007405e-07, 3.50062180132e-07, 3.80013119639e-07, 1.8777181765e-07, 2.72845340987e-07, 2.36089405803e-07, 8.2593125228e-08, 1.77384009703e-07, 1.59805111366e-07, 1.13305702598e-07, 4.07416749226e-08, 9.30046226699e-08, 4.52631105929e-08, 1.31003758952e-08, 2.48012401727e-08, 7.4107542325e-09, 9.26339627227e-09, 9.28195653671e-09, 3.72092445744e-09, 1.12553144582e-09, 1.33962074766e-09, 4.10491141078e-10, 4.63430072095e-10, 2.4037552504e-10, 1.32589578206e-10, 9.22735290954e-11, 4.26505393503e-11, 4.09393664802e-11, 4.38661919289e-11, 7.02182340051e-11, 8.59877516413e-11, 9.90920678845e-11, 1.10356439265e-10, 1.28144800327e-10, 9.89874987534e-11, 8.29873114672e-11]
    },
    "mfcc": {
        "mean": [-617.750244141, 95.2714538574, 17.3263664246, 19.7233314514, 18.8523979187, 4.40009260178, 9.91450595856, 8.02056312561, 4.78391170502, 4.54741239548, 1.34104990959, 3.35515427589, 3.93679857254],
        "cov": [[10332.0839844, -517.469909668, 49.0580215454, 343.456298828, 99.1819000244, 101.559257507, -33.0687637329, 82.4574203491, -95.4931411743, 111.618995667, 31.4072246552, 89.8425445557, 47.2343139648], [-517.469909668, 1260.40673828, -112.349014282, -140.33581543, 29.3555583954, -70.0803985596, 132.622848511, -30.4604473114, 32.6694869995, -37.8609657288, -23.5450305939, -42.6502151489, 1.89082419872], [49.0580215454, -112.349014282, 588.385864258, 31.5810813904, 24.7093372345, 54.9825134277, -7.23963880539, 11.9311761856, 25.966594696, -20.5886726379, 25.0641765594, 8.79563140869, -5.09037303925], [343.456298828, -140.33581543, 31.5810813904, 347.54800415, 92.5204315186, 46.0736083984, -8.96218109131, 75.174118042, 54.8130111694, 25.962392807, 41.2427253723, 47.743396759, 5.43194723129], [99.1819000244, 29.3555583954, 24.7093372345, 92.5204315186, 194.915664673, 53.1731681824, 14.7922182083, 29.8709182739, 34.2105255127, 27.4834308624, 23.4210395813, 12.1296129227, 11.501786232], [101.559257507, -70.0803985596, 54.9825134277, 46.0736083984, 53.1731681824, 223.021331787, 53.6658744812, 53.7047233582, 23.640838623, 45.5802078247, 54.2280044556, 11.3267602921, 9.10287284851], [-33.0687637329, 132.622848511, -7.23963880539, -8.96218109131, 14.7922182083, 53.6658744812, 175.557647705, 30.9966602325, 16.4006938934, 33.4491386414, 28.0724868774, 14.5112285614, 13.3239889145], [82.4574203491, -30.4604473114, 11.9311761856, 75.174118042, 29.8709182739, 53.7047233582, 30.9966602325, 139.001846313, 56.9099998474, 20.7462329865, 21.7615394592, 26.0046672821, 8.43176651001], [-95.4931411743, 32.6694869995, 25.966594696, 54.8130111694, 34.2105255127, 23.640838623, 16.4006938934, 56.9099998474, 123.37789917, 37.7310943604, 26.2569160461, 16.7607841492, 5.19030475616], [111.618995667, -37.8609657288, -20.5886726379, 25.962392807, 27.4834308624, 45.5802078247, 33.4491386414, 20.7462329865, 37.7310943604, 114.664909363, 50.704788208, 23.3902206421, 10.0469655991], [31.4072246552, -23.5450305939, 25.0641765594, 41.2427253723, 23.4210395813, 54.2280044556, 28.0724868774, 21.7615394592, 26.2569160461, 50.704788208, 102.96333313, 47.5803527832, 12.4543380737], [89.8425445557, -42.6502151489, 8.79563140869, 47.743396759, 12.1296129227, 11.3267602921, 14.5112285614, 26.0046672821, 16.7607841492, 23.3902206421, 47.5803527832, 92.4349594116, 32.0738296509], [47.2343139648, 1.89082419872, -5.09037303925, 5.43194723129, 11.501786232, 9.10287284851, 13.3239889145, 8.43176651001, 5.19030475616, 10.0469655991, 12.4543380737, 32.0738296509, 73.8841934204]],
