{
"lowlevel": {
    "average_loudness": 0.897017240524,
    "barkbands_crest": {
        "dmean": 2.72411704063,
        "dmean2": 4.18169355392,
        "dvar": 8.89955234528,
        "dvar2": 15.6665477753,
        "max": 26.5159473419,
        "mean": 11.51512146,
        "median": 9.20869827271,
        "min": 2.28920769691,
        "var": 42.7358856201
    },
    "barkbands_flatness_db": {
        "dmean": 0.0237124990672,
        "dmean2": 0.033450204879,
        "dvar": 0.000677494390402,
        "dvar2": 0.0011542000575,
        "max": 0.453452885151,
        "mean": 0.155027002096,
        "median": 0.1454641819,
        "min": 0.0340236537158,
        "var": 0.00413248175755
    },
    "barkbands_kurtosis": {
        "dmean": 5.81963586807,
        "dmean2": 8.56633758545,
        "dvar": 512.520385742,
        "dvar2": 1078.60229492,
        "max": 825.405944824,
        "mean": 9.30879402161,
        "median": 1.91777610779,
        "min": -1.94323921204,
        "var": 1065.54760742
    },
    "barkbands_skewness": {
        "dmean": 0.695508003235,
        "dmean2": 1.00602149963,
        "dvar": 1.10088098049,
        "dvar2": 1.83721113205,
        "max": 24.8250331879,
        "mean": 1.97573256493,
        "median": 1.43674170971,
        "min": -3.03804588318,
        "var": 4.78861951828
    },
    "barkbands_spread": {
        "dmean": 5.71260404587,
        "dmean2": 8.44000244141,
        "dvar": 44.5481643677,
        "dvar2": 89.6909179688,
        "max": 115.109779358,
        "mean": 22.9051570892,
        "median": 20.7752761841,
        "min": 0.19813811779,
        "var": 203.862365723
    },
    "dissonance": {
        "dmean": 0.016473243013,
        "dmean2": 0.027904227376,
        "dvar": 0.000307888432872,
        "dvar2": 0.000869745388627,
        "max": 0.5,
        "mean": 0.467909663916,
        "median": 0.475495934486,
        "min": 0.256654947996,
        "var": 0.000814056140371
    },
    "dynamic_complexity": 3.26593852043,
    "erbbands_crest": {
        "dmean": 2.48003959656,
        "dmean2": 4.07928228378,
        "dvar": 5.14886569977,
        "dvar2": 13.2217817307,
        "max": 30.7018928528,
        "mean": 8.0592880249,
        "median": 7.31025362015,
        "min": 2.20368862152,
        "var": 13.0374498367
    },
    "erbbands_flatness_db": {
        "dmean": 0.0163398198783,
        "dmean2": 0.0239768270403,
        "dvar": 0.000264062924543,
        "dvar2": 0.000517259351909,
        "max": 0.402415245771,
        "mean": 0.154234305024,
        "median": 0.1390632689,
        "min": 0.053982231766,
        "var": 0.00371707300656
    },
    "erbbands_kurtosis": {
        "dmean": 0.789511978626,
        "dmean2": 1.24281358719,
        "dvar": 1.92102205753,
        "dvar2": 4.48207473755,
        "max": 66.1823272705,
        "mean": 0.174111157656,
        "median": -0.328147292137,
        "min": -1.76331102848,
        "var": 4.85918569565
    },
    "erbbands_skewness": {
        "dmean": 0.340630590916,
        "dmean2": 0.52722632885,
        "dvar": 0.0955477580428,
        "dvar2": 0.220823973417,
        "max": 6.21393537521,
        "mean": 0.238031998277,
        "median": 0.266371488571,
        "min": -3.31927752495,
        "var": 0.57972997427
    },
    "erbbands_spread": {
        "dmean": 8.8416633606,
        "dmean2": 13.4538917542,
        "dvar": 87.1992645264,
        "dvar2": 177.082061768,
        "max": 161.270309448,
        "mean": 44.5390968323,
        "median": 40.7777862549,
        "min": 1.48680388927,
        "var": 469.571899414
    },
    "hfc": {
        "dmean": 7.29549741745,
        "dmean2": 10.0847272873,
        "dvar": 97.8211135864,
        "dvar2": 189.737915039,
        "max": 156.176239014,
        "mean": 21.9743213654,
        "median": 17.3004417419,
        "min": 1.10260813225e-16,
        "var": 351.360107422
    },
    "melbands_crest": {
        "dmean": 3.87967085838,
        "dmean2": 5.83803510666,
        "dvar": 12.6562395096,
        "dvar2": 25.8232765198,
        "max": 33.3083343506,
        "mean": 15.8695220947,
        "median": 13.5736989975,
        "min": 1.44992339611,
        "var": 60.8135261536
    },
    "melbands_flatness_db": {
        "dmean": 0.0296877324581,
        "dmean2": 0.0401722751558,
        "dvar": 0.00111231219489,
        "dvar2": 0.00186443782877,
        "max": 0.554949045181,
        "mean": 0.189171433449,
        "median": 0.169395685196,
        "min": 0.00312524638139,
        "var": 0.0071984292008
    },
    "melbands_kurtosis": {
        "dmean": 14.2831687927,
        "dmean2": 20.4923229218,
        "dvar": 1598.75830078,
        "dvar2": 2753.14355469,
        "max": 1142.93395996,
        "mean": 28.0448207855,
        "median": 7.7179517746,
        "min": -1.81045091152,
        "var": 4486.06494141
    },
    "melbands_skewness": {
        "dmean": 0.969395518303,
        "dmean2": 1.4032086134,
        "dvar": 1.84841918945,
        "dvar2": 2.94769954681,
        "max": 27.1497993469,
        "mean": 3.39838910103,
        "median": 2.39519810677,
        "min": -0.965315878391,
        "var": 9.11485671997
    },
    "melbands_spread": {
        "dmean": 7.63609600067,
        "dmean2": 11.5204172134,
        "dvar": 108.040184021,
        "dvar2": 219.653594971,
        "max": 212.283187866,
        "mean": 25.284286499,
        "median": 19.7165336609,
        "min": 0.281493008137,
        "var": 521.614929199
    },
    "pitch_salience": {
        "dmean": 0.0812555104494,
        "dmean2": 0.121486514807,
        "dvar": 0.00747526902705,
        "dvar2": 0.0138412909582,
        "max": 0.878384709358,
        "mean": 0.518279612064,
        "median": 0.582112908363,
        "min": 0.0594459585845,
        "var": 0.0367728769779
    },
    "silence_rate_20dB": {
        "dmean": 0,
        "dmean2": 0,
        "dvar": 0,
        "dvar2": 0,
        "max": 1,
        "mean": 1,
        "median": 1,
        "min": 1,
        "var": 0
    },
    "silence_rate_30dB": {
        "dmean": 0.0693327262998,
        "dmean2": 0.138681173325,
        "dvar": 0.0645336285233,
        "dvar2": 0.144612535834,
        "max": 1,
        "mean": 0.92988216877,
        "median": 1,
        "min": 0,
        "var": 0.0652048736811
    },
    "silence_rate_60dB": {
        "dmean": 0.0283221937716,
        "dmean2": 0.0566508062184,
        "dvar": 0.0275223497301,
        "dvar2": 0.0611436106265,
        "max": 1,
        "mean": 0.095038510859,
        "median": 0,
        "min": 0,
        "var": 0.086007848382
    },
    "spectral_centroid": {
        "dmean": 292.59967041,
        "dmean2": 442.870635986,
        "dvar": 106624.5,
        "dvar2": 237057.890625,
        "max": 12108.1972656,
        "mean": 1625.03588867,
        "median": 1507.55834961,
        "min": 181.993942261,
        "var": 979675
    },
    "spectral_complexity": {
        "dmean": 4.53902816772,
        "dmean2": 6.77158403397,
        "dvar": 30.0605602264,
        "dvar2": 62.0117416382,
        "max": 54,
        "mean": 18.727684021,
        "median": 17,
        "min": 0,
        "var": 108.163223267
    },
    "spectral_decrease": {
        "dmean": 2.59665000613e-09,
        "dmean2": 3.87080634212e-09,
        "dvar": 1.71516015818e-17,
        "dvar2": 2.84502154243e-17,
        "max": 2.27112062759e-28,
        "mean": -9.02223362687e-09,
        "median": -4.57654003583e-09,
        "min": -3.79601203804e-08,
        "var": 9.21931041522e-17
    },
    "spectral_energy": {
        "dmean": 0.0102008767426,
        "dmean2": 0.0152314798906,
        "dvar": 0.000257750914898,
        "dvar2": 0.000433004839579,
        "max": 0.147760167718,
        "mean": 0.036045126617,
        "median": 0.0192961972207,
        "min": 1.01266584828e-20,
        "var": 0.00137222360354
    },
    "spectral_energyband_high": {
        "dmean": 0.000469774066005,
        "dmean2": 0.000634610711131,
        "dvar": 5.44783347323e-07,
        "dvar2": 1.02614433217e-06,
        "max": 0.0170893967152,
        "mean": 0.00114455737639,
        "median": 0.000529096345417,
        "min": 7.15774812899e-21,
        "var": 2.3025338578e-06
    },
    "spectral_energyband_low": {
        "dmean": 0.00742625677958,
        "dmean2": 0.0106718083844,
        "dvar": 0.000233471771935,
        "dvar2": 0.0003178982588,
        "max": 0.122646547854,
        "mean": 0.0214797742665,
        "median": 0.00127755338326,
        "min": 1.92977086869e-23,
        "var": 0.00116975617129
    },
    "spectral_energyband_middle_high": {
        "dmean": 0.00170509761665,
        "dmean2": 0.00259653641842,
        "dvar": 5.16316185895e-06,
        "dvar2": 1.10616601887e-05,
        "max": 0.0370878353715,
        "mean": 0.00445578573272,
        "median": 0.00328004267067,
        "min": 1.2676113747e-21,
        "var": 1.60311119544e-05
    },
    "spectral_energyband_middle_low": {
        "dmean": 0.00690067885444,
        "dmean2": 0.0112263225019,
        "dvar": 0.000211957638385,
        "dvar2": 0.000538986292668,
        "max": 0.142075970769,
        "mean": 0.0103152897209,
        "median": 0.00615436397493,
        "min": 2.00189762032e-22,
        "var": 0.000197759989533
    },
    "spectral_entropy": {
        "dmean": 0.137480095029,
        "dmean2": 0.199565470219,
        "dvar": 0.0192468483001,
        "dvar2": 0.0381877459586,
        "max": 9.82348155975,
        "mean": 7.76237726212,
        "median": 7.80210113525,
        "min": 5.07293081284,
        "var": 0.211944103241
    },
    "spectral_flux": {
        "dmean": 0.0313505940139,
        "dmean2": 0.0399424731731,
        "dvar": 0.00133097963408,
        "dvar2": 0.00226623704657,
        "max": 0.36955922842,
        "mean": 0.0940296426415,
        "median": 0.0719775259495,
        "min": 6.36342992189e-11,
        "var": 0.00523658841848
    },
    "spectral_kurtosis": {
        "dmean": 1.23287832737,
        "dmean2": 2.05419921875,
        "dvar": 5.20541858673,
        "dvar2": 15.1337471008,
        "max": 67.4610977173,
        "mean": 3.8661210537,
        "median": 3.14113140106,
        "min": -1.26328682899,
        "var": 18.8222541809
    },
    "spectral_rms": {
        "dmean": 0.000852006720379,
        "dmean2": 0.00125594716519,
        "dvar": 1.37435836223e-06,
        "dvar2": 2.31269291362e-06,
        "max": 0.0120065091178,
        "mean": 0.00510926218703,
        "median": 0.00433884281665,
        "min": 3.14319382154e-12,
        "var": 9.06146760826e-06
    },
    "spectral_rolloff": {
        "dmean": 588.667236328,
        "dmean2": 938.471740723,
        "dvar": 894376.1875,
        "dvar2": 1846132.125,
        "max": 19444.4824219,
        "mean": 1862.99768066,
        "median": 1259.69238281,
        "min": 64.599609375,
        "var": 4998060.5
    },
    "spectral_skewness": {
        "dmean": 0.16647079587,
        "dmean2": 0.267050176859,
        "dvar": 0.0397731885314,
        "dvar2": 0.102239519358,
        "max": 6.32185459137,
        "mean": 1.43270719051,
        "median": 1.37605392933,
        "min": -0.111102022231,
        "var": 0.246806114912
    },
    "spectral_spread": {
        "dmean": 522987.5625,
        "dmean2": 740699.6875,
        "dvar": 568422170624,
        "dvar2": 1.01292520243e+12,
        "max": 42766056,
        "mean": 5372475.5,
        "median": 4889361,
        "min": 1046035.3125,
        "var": 1.06461596221e+13
    },
    "spectral_strongpeak": {
        "dmean": 0.442737817764,
        "dmean2": 0.737414181232,
        "dvar": 0.586200356483,
        "dvar2": 1.52877545357,
        "max": 12.3624639511,
        "mean": 0.893589794636,
        "median": 0.69822126627,
        "min": 0,
        "var": 0.915505051613
    },
    "zerocrossingrate": {
        "dmean": 0.0129217244685,
        "dmean2": 0.0141018461436,
        "dvar": 0.000240350127569,
        "dvar2": 0.000249982840614,
        "max": 0.5244140625,
        "mean": 0.0735631510615,
        "median": 0.0634765625,
        "min": 0.00244140625,
        "var": 0.00332279480062
    },
    "barkbands": {
        "dmean": [0.000241037894739, 0.00617883913219, 0.00389856356196, 0.00277064624242, 0.00294031202793, 0.000898260215763, 0.000716409063898, 0.000769662961829, 0.000803581031505, 0.000538066437002, 0.000340081896866, 0.000385011109756, 0.000310941919452, 0.000321322702803, 0.000243411952397, 0.000153847955517, 0.000157342466991, 0.000258556829067, 0.00016194737691, 0.000192799809156, 9.39499586821e-05, 8.4609426267e-05, 0.000105499355413, 9.89563632174e-05, 6.86954372213e-05, 5.55155565962e-05, 1.56527768524e-09],
        "dmean2": [0.00031310756458, 0.00918974913657, 0.00640934985131, 0.00499919243157, 0.00511903781444, 0.00142608664464, 0.00109179026913, 0.00121897796635, 0.00129487097729, 0.000874317367561, 0.000569847470615, 0.000629624002613, 0.000488126301207, 0.00052518513985, 0.000383234350011, 0.000250079523539, 0.000254137004958, 0.000423036806751, 0.000259747554082, 0.000303502980387, 0.000148295788676, 0.000123807782074, 0.000150991865667, 0.000140315649332, 9.43333870964e-05, 7.74801665102e-05, 2.8718691869e-09],
        "dvar": [2.04135005788e-07, 0.000205686228583, 0.000141881566378, 7.6917502156e-05, 6.51163863949e-05, 3.44685668097e-06, 1.06123218302e-06, 1.55534405621e-06, 2.22272478823e-06, 1.13832243187e-06, 3.34871117502e-07, 6.79475192555e-07, 3.12399549784e-07, 3.94631655354e-07, 2.15947906668e-07, 1.00650204615e-07, 7.75065345238e-08, 2.17210242681e-07, 7.17463990441e-08, 1.06331050631e-07, 2.62066777168e-08, 1.79978929538e-08, 3.50480178213e-08, 4.08110167882e-08, 1.74211134407e-08, 1.42194451769e-08, 6.5445086635e-18],
        "dvar2": [3.48387260374e-07, 0.000287609960651, 0.000339674501447, 0.000218371395022, 0.000181081137271, 7.71701161284e-06, 2.28866088037e-06, 3.62508262697e-06, 5.62644981983e-06, 2.90657317237e-06, 8.86826967417e-07, 1.5809866909e-06, 7.24376775452e-07, 9.85156134448e-07, 4.99268764997e-07, 2.53856342169e-07, 1.87211284697e-07, 5.61854847092e-07, 1.78648775773e-07, 2.64811717443e-07, 6.26421581273e-08, 3.89407048829e-08, 7.15168724241e-08, 7.93558641021e-08, 3.44103341376e-08, 2.86903656388e-08, 1.99164014941e-17],
        "max": [0.00409887405112, 0.105577141047, 0.0726662874222, 0.0607275441289, 0.0806038826704, 0.0668099150062, 0.02042372711, 0.019446760416, 0.0248065888882, 0.0225047245622, 0.00897491630167, 0.0225534811616, 0.0123161664233, 0.0115999393165, 0.00988941639662, 0.00996087305248, 0.00838298350573, 0.0121729262173, 0.00551337655634, 0.00979701522738, 0.00268760696054, 0.00249241432175, 0.00420023221523, 0.00765533419326, 0.00428293412551, 0.00149075570516, 2.26103082923e-08],
        "mean": [0.000381472636946, 0.0166776571423, 0.00327557069249, 0.00227571814321, 0.00274758692831, 0.00125039229169, 0.00125184631906, 0.00117332616355, 0.00116969982628, 0.000783723953646, 0.000472023093607, 0.000550613505766, 0.000457520567579, 0.000485535070766, 0.000346193322912, 0.00023826053075, 0.000275277358014, 0.000500504334923, 0.00030334663461, 0.000406381528592, 0.000173975422513, 0.000176733141416, 0.000218778426643, 0.000211376303923, 0.000157777729328, 8.36749386508e-05, 1.32933641872e-09],
        "median": [2.32961028814e-05, 0.00042358977953, 0.00024902226869, 0.000189119251445, 0.000646243104711, 0.00053224817384, 0.00067774974741, 0.000494991603773, 0.00035018514609, 0.000320165592711, 0.000214968720684, 0.000231349898968, 0.000184546792298, 0.000151246058522, 0.000127175298985, 0.000101379511761, 0.000119650328998, 0.000224204559345, 0.000170925515704, 0.000212261336856, 7.34663990443e-05, 7.86309901741e-05, 8.40039574541e-05, 6.99936936144e-05, 4.024642476e-05, 1.27183484437e-05, 3.6339431464e-10],
        "min": [3.3967290547e-25, 2.46800104022e-24, 1.82078997129e-24, 1.65288625243e-24, 1.0548334058e-23, 6.14349647971e-24, 1.36238439811e-23, 5.58604713217e-24, 1.86543878855e-23, 1.74579888149e-23, 1.43810447427e-23, 1.66669680085e-23, 3.77735473729e-23, 3.12286524322e-23, 5.30782535723e-23, 3.00216573819e-23, 4.97270462292e-23, 1.03033734987e-22, 9.89634083535e-23, 1.74231202163e-22, 2.44422177487e-22, 2.9066007931e-22, 3.99565596316e-22, 5.7369786901e-22, 9.01217821215e-22, 1.20956201632e-21, 2.06643489896e-21],
        "var": [4.93807363e-07, 0.000938989047427, 0.000119508367789, 4.73024520034e-05, 4.54265573353e-05, 5.51016000827e-06, 2.86211411549e-06, 2.98363033835e-06, 3.76946240976e-06, 1.92823631551e-06, 4.84536883505e-07, 1.04262744571e-06, 5.76276534048e-07, 7.37880327506e-07, 3.60580941106e-07, 1.87547215091e-07, 2.05382988838e-07, 6.44109945824e-07, 1.66573315141e-07, 3.59044719289e-07, 6.20207813995e-08, 5.4779011549e-08, 1.14814874053e-07, 1.40409639471e-07, 7.39263654737e-08, 2.68307225326e-08, 5.66027864487e-18]
    },
    "erbbands": {
        "dmean": [0.246397942305, 1.46274375916, 4.22232723236, 6.43030118942, 11.2328777313, 8.6156835556, 7.31062459946, 6.70546340942, 9.29504966736, 14.7230787277, 16.1041374207, 15.9181308746, 23.9481430054, 10.6937761307, 13.4424715042, 16.4855155945, 12.9222993851, 17.1479282379, 13.4164867401, 10.9300575256, 7.4430847168, 8.39320373535, 12.7062606812, 10.7639751434, 8.42963123322, 9.48176193237, 4.17759799957, 3.31446790695, 3.19355344772, 3.38067984581, 2.95153307915, 2.27532792091, 1.62667644024, 0.976657509804, 0.411545276642, 0.195337727666, 0.123997233808, 0.012589761056, 0.000217635548324, 1.92732313735e-05],
        "dmean2": [0.274070948362, 2.0601272583, 6.42769098282, 10.7258043289, 19.6911659241, 15.3280591965, 12.2098474503, 10.7871351242, 14.0372657776, 23.1643180847, 25.301153183, 25.7209510803, 38.7952880859, 16.9993457794, 22.1030597687, 26.6599407196, 20.0370845795, 27.7579727173, 21.3459472656, 17.3879203796, 11.9856681824, 13.4649448395, 20.6607532501, 17.5725212097, 13.1624422073, 15.06229496, 6.6707201004, 5.15263748169, 4.72835254669, 5.04276227951, 4.23038053513, 3.24432706833, 2.33942890167, 1.40924274921, 0.570720493793, 0.274104982615, 0.175291538239, 0.0179663449526, 0.000307774142129, 2.79285868601e-05],
        "dvar": [0.289357572794, 10.4328927994, 145.772918701, 344.277038574, 1052.21472168, 590.413574219, 724.385314941, 142.872329712, 213.871276855, 530.955688477, 792.272033691, 912.463562012, 2345.28564453, 389.6612854, 542.688171387, 1131.31481934, 554.502929688, 1107.66320801, 815.2421875, 454.311645508, 196.17086792, 232.160751343, 495.856506348, 403.005340576, 175.160858154, 281.79196167, 48.3190879822, 33.69190979, 27.0972480774, 33.6267585754, 25.723077774, 25.5527858734, 10.6058502197, 3.73965978622, 0.639759004116, 0.149306699634, 0.07813757658, 0.000906485540327, 2.51657326089e-07, 8.60785276391e-10],
        "dvar2": [0.342217743397, 15.7058563232, 324.494049072, 887.916259766, 2931.07324219, 1667.37512207, 1609.94604492, 360.811309814, 449.530914307, 1258.00756836, 1804.22033691, 2271.15332031, 6235.59033203, 921.278991699, 1383.63000488, 2667.11669922, 1253.65856934, 2668.01513672, 1972.54650879, 1091.76342773, 494.695343018, 555.407104492, 1255.19824219, 1096.6427002, 418.831665039, 701.709106445, 118.680213928, 77.0525588989, 61.7849617004, 76.8185958862, 50.011177063, 51.1013298035, 22.3613014221, 8.3694190979, 1.25253343582, 0.294694036245, 0.163752570748, 0.00170750194229, 4.75562899283e-07, 1.74530423447e-09],
        "max": [4.13414716721, 23.9636802673, 83.5092086792, 135.559539795, 287.370117188, 238.440826416, 1152.04663086, 279.152618408, 332.886688232, 279.899780273, 397.026245117, 490.443725586, 984.515014648, 518.445129395, 412.518066406, 1108.53686523, 597.625183105, 755.65222168, 631.803833008, 454.58682251, 370.249481201, 538.675231934, 508.196807861, 637.747741699, 380.04888916, 521.476318359, 117.945320129, 93.18409729, 119.237106323, 109.238174438, 127.118942261, 215.51524353, 101.270988464, 50.5875434875, 34.157875061, 9.26632118225, 3.68905162811, 0.45846298337, 0.00743744056672, 0.000321039842675],
        "mean": [0.549765348434, 3.45835351944, 4.3388428688, 5.99964332581, 9.79602718353, 7.70464706421, 8.27432441711, 9.48708438873, 16.3927726746, 23.0665855408, 25.4043445587, 23.7654724121, 36.2282028198, 17.4515266418, 20.0689926147, 24.4881954193, 20.9239788055, 27.2039718628, 20.363319397, 16.4603786469, 13.4745931625, 15.5715618134, 24.708026886, 20.9681968689, 17.9408016205, 19.7941970825, 8.01037597656, 6.27961778641, 6.38298654556, 6.51016616821, 6.18042135239, 4.89538288116, 3.26789832115, 2.11480903625, 0.890786826611, 0.363649249077, 0.170432209969, 0.0164586510509, 0.000314476055792, 5.70098782191e-05],
        "median": [0.0124864503741, 0.106154099107, 0.378502517939, 0.766488313675, 1.36209976673, 2.07658720016, 2.26249790192, 4.40035533905, 7.76022720337, 12.6044807434, 10.0936136246, 8.75715637207, 14.0383205414, 8.93822669983, 9.7973613739, 11.0327854156, 8.87319564819, 9.47047615051, 7.54065608978, 6.90158176422, 6.04893684387, 6.8740606308, 11.6539535522, 10.7835445404, 10.0556297302, 9.98508453369, 4.2834815979, 2.6075091362, 2.64296960831, 2.74264883995, 2.42383027077, 1.86402106285, 0.93203574419, 0.556423723698, 0.213638335466, 0.070419870317, 0.0207525864244, 0.00157372816466, 6.17814366706e-05, 3.33751740982e-05],
        "min": [2.96245984447e-23, 3.46201869759e-22, 2.8911123612e-21, 3.97381241731e-21, 9.08690295412e-21, 3.11177817806e-20, 1.32190481612e-20, 5.54552222413e-20, 1.59805904747e-19, 1.99859011057e-19, 3.76871241897e-19, 5.31820316903e-19, 6.40795934234e-19, 7.49746425954e-19, 1.26171771688e-18, 1.13866746633e-18, 2.18384284392e-18, 2.35499705921e-18, 1.9451801441e-18, 3.33790021234e-18, 2.00839142535e-18, 4.99990231156e-18, 6.43988768681e-18, 5.62868696292e-18, 7.32709059256e-18, 8.59267279386e-18, 9.16747398408e-18, 1.09159716716e-17, 1.03710399733e-17, 1.20899229406e-17, 1.14803148174e-17, 8.62411392895e-18, 9.78026013521e-18, 7.54599484268e-18, 6.38825341861e-18, 4.47749929084e-18, 2.20098905725e-18, 9.318889602e-19, 2.58606308739e-19, 2.6537999384e-20],
        "var": [1.25686442852, 41.3600234985, 154.159622192, 264.33984375, 694.60559082, 387.89932251, 907.863769531, 211.662216187, 608.406860352, 959.395446777, 1553.77075195, 1460.28063965, 3685.26342773, 767.587890625, 855.224853516, 1765.7722168, 1107.4095459, 2315.39135742, 1416.89282227, 728.715026855, 461.779998779, 679.422973633, 1452.71789551, 1021.2088623, 513.856140137, 959.81817627, 107.525848389, 79.3930435181, 75.4118728638, 93.6630859375, 88.2963180542, 80.1022796631, 31.7711410522, 13.0406255722, 2.51924753189, 0.380520433187, 0.134774982929, 0.001554892282, 4.4841789304e-07, 3.0497679937e-09]
    },
    "gfcc": {
        "mean": [-14.5370826721, 66.8555450439, -128, 23.2120418549, -73.2463378906, 13.0713624954, -41.4207305908, 15.1844205856, -27.4530067444, 2.08316278458, -12.3291473389, -1.49052095413, -15.4333267212],
        "cov": [[17709.5761719, -267.355529785, 789.71496582, 1428.6295166, 275.781311035, 1096.75708008, 137.847854614, 494.787597656, -215.037384033, 380.667785645, -493.611480713, 0.604749619961, -411.665374756], [-267.355529785, 1133.94360352, 2.62959671021, 27.0832576752, 250.395828247, 31.2896194458, 196.769714355, -10.5867547989, 187.866241455, -46.0999832153, 158.045394897, -73.5266113281, 55.2482452393], [789.71496582, 2.62959671021, 1695.08862305, 740.346069336, 730.082580566, 759.077758789, 482.326568604, 247.416992188, 192.511932373, 229.768676758, -108.202453613, 145.337478638, -11.4892320633], [1428.6295166, 27.0832576752, 740.346069336, 818.498657227, 472.389221191, 376.954498291, 247.810699463, 232.39263916, 145.162353516, 98.4772567749, -38.0542755127, 62.1831932068, 16.2152767181], [275.781311035, 250.395828247, 730.082580566, 472.389221191, 644.875366211, 418.007781982, 390.782196045, 204.742416382, 207.574768066, 120.078102112, 6.97834920883, 34.1574516296, 11.0291128159], [1096.75708008, 31.2896194458, 759.077758789, 376.954498291, 418.007781982, 699.200073242, 395.618865967, 212.977493286, 144.033111572, 171.809066772, -26.1438655853, 38.8323554993, -2.64618563652], [137.847854614, 196.769714355, 482.326568604, 247.810699463, 390.782196045, 395.618865967, 418.075836182, 199.642715454, 170.43145752, 125.517486572, 57.9710388184, 21.3579273224, 12.4062318802], [494.787597656, -10.5867547989, 247.416992188, 232.39263916, 204.742416382, 212.977493286, 199.642715454, 220.922821045, 119.335899353, 100.65725708, 33.2006912231, 34.8230476379, 7.3199877739], [-215.037384033, 187.866241455, 192.511932373, 145.162353516, 207.574768066, 144.033111572, 170.43145752, 119.335899353, 206.339859009, 75.6496810913, 66.2887191772, 11.0628061295, 49.4637565613], [380.667785645, -46.0999832153, 229.768676758, 98.4772567749, 120.078102112, 171.809066772, 125.517486572, 100.65725708, 75.6496810913, 156.433670044, 37.8349761963, 45.1137161255, 5.81654500961], [-493.611480713, 158.045394897, -108.202453613, -38.0542755127, 6.97834920883, -26.1438655853, 57.9710388184, 33.2006912231, 66.2887191772, 37.8349761963, 165.127685547, 27.6777629852, 53.4028244019], [0.604749619961, -73.5266113281, 145.337478638, 62.1831932068, 34.1574516296, 38.8323554993, 21.3579273224, 34.8230476379, 11.0628061295, 45.1137161255, 27.6777629852, 118.688980103, 47.8125724792], [-411.665374756, 55.2482452393, -11.4892320633, 16.2152767181, 11.0291128159, -2.64618563652, 12.4062318802, 7.3199877739, 49.4637565613, 5.81654500961, 53.4028244019, 47.8125724792, 106.288284302]],
        "icov": [[0.000123721460113, -0.000185249577044, 0.000191046681721, -0.000307636917569, 0.000152348075062, -0.000278104271274, 0.000190263541299, -0.000209512989386, 0.000295192236081, -0.000469860387966, 0.000427768041845, -0.000216965621803, 0.000383563048672], [-0.000185249577044, 0.00193154974841, -0.000269301061053, 0.000451359082945, -0.000834504899103, 0.000492412247695, -0.000916882359888, 0.00164267921355, -0.00166157062631, 0.00191663345322, -0.0021805386059, 0.00118805025704, -0.000497218512464], [0.000191046681721, -0.000269301061053, 0.00263277348131, -0.00134372804314, -0.000780704605859, -0.00147903710604, -0.000394224189222, 0.00139086146373, -8.85854460648e-05, -0.00165908713825, 0.00226545706391, -0.00286980322562, 0.00164865201805], [-0.000307636917569, 0.000451359082945, -0.00134372804314, 0.00394776975736, -0.00214763777331, 0.000350997346686, 0.00157980795484, -0.00248977611773, -0.000213989929762, 0.00213426118717, -0.00121580949053, 0.00103613280226, -0.00182742276229], [0.000152348075062, -0.000834504899103, -0.000780704605859, -0.00214763777331, 0.00687243649736, 0.000250536046224, -0.00378904817626, 0.000465136341518, -0.00172502978239, -0.000410197244491, 0.00173182133585, -0.000501938106027, 0.00115132622886], [-0.000278104271274, 0.000492412247695, -0.00147903710604, 0.000350997346686, 0.000250536046224, 0.00541604077443, -0.00391639303416, 7.01314784237e-05, 0.000113795351353, -0.000904207932763, 0.000546720344573, 0.00181773421355, -0.0020812144503], [0.000190263541299, -0.000916882359888, -0.000394224189222, 0.00157980795484, -0.00378904817626, -0.00391639303416, 0.0122901704162, -0.00553902005777, 0.000631614704616, -0.000272470206255, -0.00273877754807, 0.00127429724671, 0.000696273404174], [-0.000209512989386, 0.00164267921355, 0.00139086146373, -0.00248977611773, 0.000465136341518, 7.01314784237e-05, -0.00553902005777, 0.0146610271186, -0.00539261335507, -0.00143419508822, -0.000784965173807, -0.00267456728034, 0.00264075747691], [0.000295192236081, -0.00166157062631, -8.85854460648e-05, -0.000213989929762, -0.00172502978239, 0.000113795351353, 0.000631614704616, -0.00539261335507, 0.0138343330473, -0.00427370006219, -0.000167659716681, 0.0035979882814, -0.00522898184136], [-0.000469860387966, 0.00191663345322, -0.00165908713825, 0.00213426118717, -0.000410197244491, -0.000904207932763, -0.000272470206255, -0.00143419508822, -0.00427370006219, 0.0155539279804, -0.00564217567444, -0.00187380914576, 0.00164503324777], [0.000427768041845, -0.0021805386059, 0.00226545706391, -0.00121580949053, 0.00173182133585, 0.000546720344573, -0.00273877754807, -0.000784965173807, -0.000167659716681, -0.00564217567444, 0.0142960157245, -0.00398287689313, -0.00157612480689], [-0.000216965621803, 0.00118805025704, -0.00286980322562, 0.00103613280226, -0.000501938106027, 0.00181773421355, 0.00127429724671, -0.00267456728034, 0.0035979882814, -0.00187380914576, -0.00398287689313, 0.0172133520246, -0.00910732615739], [0.000383563048672, -0.000497218512464, 0.00164865201805, -0.00182742276229, 0.00115132622886, -0.0020812144503, 0.000696273404174, 0.00264075747691, -0.00522898184136, 0.00164503324777, -0.00157612480689, -0.00910732615739, 0.0184071175754]]
    },
    "melbands": {
        "dmean": [0.00186751666479, 0.00189307448454, 0.0012111114338, 0.000735149951652, 0.000264867849182, 0.000160126874107, 0.000141031836392, 0.000160099283676, 0.000122529658256, 0.000111170906166, 0.000119240488857, 4.34276007582e-05, 4.81222632516e-05, 4.45540936198e-05, 3.576745803e-05, 3.05795874738e-05, 3.31876399287e-05, 2.3198152121e-05, 1.494474418e-05, 1.36771250254e-05, 8.75996738614e-06, 9.99436906568e-06, 7.95215419203e-06, 1.58913462656e-05, 8.86528232513e-06, 5.69437952436e-06, 8.20035256766e-06, 5.95733490627e-06, 2.90433808914e-06, 2.48733772423e-06, 1.79805317657e-06, 1.93040773411e-06, 1.79003870926e-06, 2.12112922782e-06, 1.77627362064e-06, 1.64380298884e-06, 1.37685037771e-06, 1.2325760963e-06, 1.04341427232e-06, 7.95142341303e-07],
        "dmean2": [0.0023357027676, 0.00266488827765, 0.00198101066053, 0.00128083617892, 0.000455584784504, 0.000255314167589, 0.000212852581171, 0.000252849451499, 0.000193615502212, 0.00017997752002, 0.000193077314179, 6.92614776199e-05, 7.99439803814e-05, 7.31491454644e-05, 5.66265625821e-05, 4.8314275773e-05, 5.40935434401e-05, 3.73927832698e-05, 2.36612104345e-05, 2.2078420443e-05, 1.42258022606e-05, 1.62281448866e-05, 1.29001819005e-05, 2.61557106569e-05, 1.44962550621e-05, 9.20394813875e-06, 1.28384426716e-05, 9.59979206527e-06, 4.75001297673e-06, 4.0055365389e-06, 2.8005842978e-06, 2.92410913971e-06, 2.70446230388e-06, 3.24056509271e-06, 2.59613511844e-06, 2.42563282882e-06, 2.01135389943e-06, 1.81994653303e-06, 1.5527693904e-06, 1.17949491596e-06],
        "dvar": [1.65366836882e-05, 2.12487284443e-05, 1.11874951472e-05, 4.1815565055e-06, 8.23601340016e-07, 7.84466607229e-08, 4.52334703027e-08, 6.10505139775e-08, 4.620615357e-08, 4.32557740737e-08, 5.69428451058e-08, 7.16894588138e-09, 6.55030252261e-09, 1.12697069454e-08, 4.39521929962e-09, 3.2495088842e-09, 4.47220172006e-09, 2.77527156811e-09, 7.79799558259e-10, 8.4269108358e-10, 2.88173679364e-10, 3.7409095266e-10, 1.54919549411e-10, 1.00020458582e-09, 3.07685654732e-10, 8.26265861287e-11, 1.92708737856e-10, 1.13457736262e-10, 2.67243484287e-11, 1.96273049896e-11, 9.63464204251e-12, 1.1502802183e-11, 8.04182675312e-12, 1.66002402796e-11, 8.52452310129e-12, 1.22307329195e-11, 9.39783233872e-12, 6.37286534308e-12, 4.0275885925e-12, 2.63817656956e-12],
        "dvar2": [2.03798208531e-05, 4.00498247473e-05, 2.81338561763e-05, 1.1595561773e-05, 1.97729627871e-06, 1.92144597122e-07, 9.40544850891e-08, 1.44801248325e-07, 1.05948977591e-07, 1.09551699268e-07, 1.50932677911e-07, 1.70758305273e-08, 1.72654264219e-08, 2.56110830321e-08, 1.01544195275e-08, 7.72476305144e-09, 1.0894744662e-08, 6.85790801924e-09, 1.82603021592e-09, 2.11486184121e-09, 7.23514914647e-10, 9.14124942408e-10, 3.9419925657e-10, 2.59082866272e-09, 8.41331060375e-10, 1.96793858986e-10, 4.74144778995e-10, 2.82519702077e-10, 6.64552302077e-11, 4.89760385025e-11, 2.18789743267e-11, 2.67881376803e-11, 1.84881120829e-11, 3.97809424291e-11, 1.74968164957e-11, 2.37171376288e-11, 1.9691278122e-11, 1.36057710237e-11, 9.51118610953e-12, 6.13442152977e-12],
        "max": [0.0303052775562, 0.0354101210833, 0.0236511230469, 0.021149199456, 0.0342512615025, 0.00549949565902, 0.00488566095009, 0.00328711443581, 0.00299423979595, 0.00303884525783, 0.00477180909365, 0.00228752824478, 0.0013562416425, 0.00306015159003, 0.00134180986788, 0.00112362229265, 0.00127322634216, 0.00104295962956, 0.000470041733934, 0.000867991708219, 0.000374073075363, 0.000765895470977, 0.000224223491387, 0.000936520576943, 0.000578153121751, 0.000185405253433, 0.0004129561421, 0.000296779413475, 9.72960260697e-05, 7.61568371672e-05, 4.46006743005e-05, 7.93752697064e-05, 4.42548152932e-05, 8.57208360685e-05, 5.52273922949e-05, 0.000145164231071, 0.000117732997751, 7.23173943697e-05, 5.39725551789e-05, 3.76592215616e-05],
        "mean": [0.00480942660943, 0.00309778354131, 0.00117329484783, 0.00066152960062, 0.000282537395833, 0.0002291368437, 0.000255148828728, 0.000251352088526, 0.000189750033314, 0.000161969801411, 0.000179259601282, 6.62665988784e-05, 6.82408426655e-05, 6.3247520302e-05, 5.41161498404e-05, 4.61663657916e-05, 4.98650952068e-05, 3.3507894841e-05, 2.15925883822e-05, 2.01376788027e-05, 1.49747875184e-05, 1.68484366441e-05, 1.44680907397e-05, 2.88081027975e-05, 1.54476329044e-05, 1.05900498966e-05, 1.6838315787e-05, 1.15476213978e-05, 4.88342539029e-06, 4.24352856498e-06, 3.32756144417e-06, 3.57487465408e-06, 3.42220801031e-06, 3.74367823497e-06, 3.47958348357e-06, 3.41933559866e-06, 2.81364054899e-06, 2.3161549052e-06, 2.07227367355e-06, 1.66705638094e-06],
        "median": [0.000112422450911, 0.000195908520254, 0.000142531076563, 0.000130732543766, 8.26075047371e-05, 0.000103557460534, 0.000128937739646, 0.000138901203172, 6.91042368999e-05, 5.24224305991e-05, 6.8750421633e-05, 3.16515906889e-05, 3.20812468999e-05, 2.67329960479e-05, 2.23562747124e-05, 1.89111742657e-05, 1.50780615513e-05, 1.09399315988e-05, 8.62188971951e-06, 8.4888197307e-06, 6.30117392575e-06, 6.67432550472e-06, 7.53287577027e-06, 1.17443360068e-05, 7.6267165241e-06, 5.93142885918e-06, 8.21216235636e-06, 5.47675426787e-06, 2.34718527281e-06, 1.69097916114e-06, 1.33549428938e-06, 1.34507581606e-06, 1.59622413776e-06, 1.3665357983e-06, 1.36630274028e-06, 1.31677109039e-06, 1.01795581031e-06, 6.35258402326e-07, 5.59298257485e-07, 4.14468104282e-07],
        "min": [4.35806009874e-25, 8.28090169177e-25, 9.29834687719e-25, 1.20151522803e-24, 5.74229257154e-25, 1.17687712981e-24, 2.40570725833e-24, 1.77509007576e-24, 3.71843471628e-24, 2.53890780269e-24, 2.75386017202e-24, 2.63470194342e-24, 3.04830881578e-24, 1.9740258077e-24, 3.60886666971e-24, 3.50693124683e-24, 4.58746913302e-24, 2.22783785965e-24, 3.50646424117e-24, 2.5015108654e-24, 2.13745924903e-24, 2.89722518913e-24, 3.79637417371e-24, 5.09174412795e-24, 4.10437189795e-24, 3.17635356247e-24, 6.24604839739e-24, 5.34718281108e-24, 3.95033418443e-24, 5.42668500197e-24, 5.60798850939e-24, 4.72411956333e-24, 5.53140549828e-24, 5.86135603822e-24, 6.13760723862e-24, 5.94962957351e-24, 4.75530007947e-24, 5.50907126833e-24, 6.28096693092e-24, 5.91269195049e-24],
        "var": [8.3183091192e-05, 4.04412239732e-05, 9.14774318517e-06, 2.83748363472e-06, 8.90428225375e-07, 1.25743241597e-07, 1.3490777917e-07, 1.10438797662e-07, 8.91422260452e-08, 7.00341900028e-08, 9.06527191091e-08, 1.35997213491e-08, 9.64640367584e-09, 1.63996016767e-08, 7.535829738e-09, 6.6251222286e-09, 8.55323190052e-09, 4.6811456933e-09, 1.22193466456e-09, 1.41445377633e-09, 6.45900222196e-10, 1.02950137304e-09, 3.90592114208e-10, 2.69138711317e-09, 6.82107870187e-10, 1.88320192773e-10, 6.02128902294e-10, 3.60584478942e-10, 4.90415485999e-11, 3.95422028454e-11, 2.2655897991e-11, 2.72685728164e-11, 2.08107194671e-11, 3.8793929874e-11, 2.68084061894e-11, 3.72690836525e-11, 2.78485966926e-11, 1.69391584093e-11, 1.24635883211e-11, 8.68895667222e-12]
    },
    "mfcc": {
        "mean": [-647.217895508, 97.2973556519, -3.808147192, 7.70958280563, -6.46285057068, -7.43585205078, -1.27230989933, 3.35957717896, -8.86304855347, 4.22283935547, -0.457452446222, -0.700685977936, -0.686165630817],
        "cov": [[9165.08105469, -361.522186279, 907.718139648, 751.652587891, 596.716369629, 716.029663086, 505.836975098, 313.691650391, 374.677429199, 386.505126953, 245.198486328, 15.6117897034, -101.522445679], [-361.522186279, 1038.84716797, -84.8376159668, -28.7902336121, 23.5675449371, 52.8960342407, 54.2479400635, 51.6815109253, -6.49717235565, 76.0192642212, 70.4979400635, 50.7771453857, 35.3779296875], [907.718139648, -84.8376159668, 993.990966797, 340.770202637, 425.268310547, 548.71295166, 340.899139404, 259.538787842, 363.190582275, 111.611373901, 169.650909424, 127.593025208, 53.5114212036], [751.652587891, -28.7902336121, 340.770202637, 581.312011719, 351.061889648, 201.001037598, 159.618530273, 187.247192383, 193.602493286, 102.305038452, 80.4962005615, 61.0508956909, 89.998664856], [596.716369629, 23.5675449371, 425.268310547, 351.061889648, 411.653533936, 335.833618164, 211.001190186, 206.377304077, 248.078674316, 132.869750977, 107.948783875, 80.1465530396, 51.7640914917], [716.029663086, 52.8960342407, 548.71295166, 201.001037598, 335.833618164, 531.622070312, 338.776611328, 235.838058472, 299.703887939, 178.267486572, 171.43788147, 104.407180786, 13.3780612946], [505.836975098, 54.2479400635, 340.899139404, 159.618530273, 211.001190186, 338.776611328, 354.413330078, 218.776855469, 204.123840332, 171.500579834, 154.699905396, 95.6243133545, 42.3295402527], [313.691650391, 51.6815109253, 259.538787842, 187.247192383, 206.377304077, 235.838058472, 218.776855469, 242.300384521, 197.866333008, 129.695358276, 113.027900696, 89.1142120361, 50.3941764832], [374.677429199, -6.49717235565, 363.190582275, 193.602493286, 248.078674316, 299.703887939, 204.123840332, 197.866333008, 301.069885254, 140.717376709, 126.603019714, 93.6343765259, 47.5116691589], [386.505126953, 76.0192642212, 111.611373901, 102.305038452, 132.869750977, 178.267486572, 171.500579834, 129.695358276, 140.717376709, 233.155380249, 134.761764526, 64.1653518677, 19.212890625], [245.198486328, 70.4979400635, 169.650909424, 80.4962005615, 107.948783875, 171.43788147, 154.699905396, 113.027900696, 126.603019714, 134.761764526, 155.279296875, 83.4186477661, 36.205871582], [15.6117897034, 50.7771453857, 127.593025208, 61.0508956909, 80.1465530396, 104.407180786, 95.6243133545, 89.1142120361, 93.6343765259, 64.1653518677, 83.4186477661, 114.091926575, 70.5175170898], [-101.522445679, 35.3779296875, 53.5114212036, 89.998664856, 51.7640914917, 13.3780612946, 42.3295402527, 50.3941764832, 47.5116691589, 19.212890625, 36.205871582, 70.5175170898, 133.007827759]],
