{
"lowlevel": {
    "average_loudness": 0.84246969223,
    "barkbands_crest": {
        "dmean": 3.15928196907,
        "dmean2": 4.84012460709,
        "dvar": 9.71360588074,
        "dvar2": 20.2194442749,
        "max": 26.5818042755,
        "mean": 14.6392745972,
        "median": 13.6604413986,
        "min": 2.45601511002,
        "var": 47.4677467346
    },
    "barkbands_flatness_db": {
        "dmean": 0.0342218801379,
        "dmean2": 0.0487471483648,
        "dvar": 0.00149469205644,
        "dvar2": 0.00291281333193,
        "max": 0.603167593479,
        "mean": 0.165223762393,
        "median": 0.138863429427,
        "min": 0.0224460549653,
        "var": 0.00831865426153
    },
    "barkbands_kurtosis": {
        "dmean": 28.9235057831,
        "dmean2": 43.4626502991,
        "dvar": 20393.4277344,
        "dvar2": 44662.0664062,
        "max": 3970.01538086,
        "mean": 38.183971405,
        "median": 5.22486305237,
        "min": -1.87100875378,
        "var": 25524.6582031
    },
    "barkbands_skewness": {
        "dmean": 1.37827455997,
        "dmean2": 1.93586528301,
        "dvar": 5.70355844498,
        "dvar2": 11.4723834991,
        "max": 51.4591140747,
        "mean": 3.52969813347,
        "median": 2.31379055977,
        "min": -3.1293053627,
        "var": 17.2091903687
    },
    "barkbands_spread": {
        "dmean": 7.34607124329,
        "dmean2": 10.4941797256,
        "dvar": 97.0754776001,
        "dvar2": 172.4974823,
        "max": 106.526130676,
        "mean": 20.335401535,
        "median": 16.1371669769,
        "min": 0.0416813343763,
        "var": 284.918487549
    },
    "dissonance": {
        "dmean": 0.0136104486883,
        "dmean2": 0.0234663411975,
        "dvar": 0.000207747114473,
        "dvar2": 0.000572844699491,
        "max": 0.500000178814,
        "mean": 0.479235500097,
        "median": 0.483350813389,
        "min": 0.270540088415,
        "var": 0.000292832468404
    },
    "dynamic_complexity": 3.30347704887,
    "erbbands_crest": {
        "dmean": 2.41818618774,
        "dmean2": 3.85450720787,
        "dvar": 5.7272567749,
        "dvar2": 14.0912208557,
        "max": 25.6092605591,
        "mean": 7.51152706146,
        "median": 6.40409946442,
        "min": 2.16702699661,
        "var": 15.4333982468
    },
    "erbbands_flatness_db": {
        "dmean": 0.0170687641948,
        "dmean2": 0.0251477081329,
        "dvar": 0.000358434394002,
        "dvar2": 0.000776309578214,
        "max": 0.37430408597,
        "mean": 0.131264597178,
        "median": 0.120215274394,
        "min": 0.0577591061592,
        "var": 0.00186915206723
    },
    "erbbands_kurtosis": {
        "dmean": 1.17250943184,
        "dmean2": 1.88236951828,
        "dvar": 10.7147121429,
        "dvar2": 25.515247345,
        "max": 76.8328475952,
        "mean": 0.305081605911,
        "median": -0.370056867599,
        "min": -1.86297047138,
        "var": 13.0176992416
    },
    "erbbands_skewness": {
        "dmean": 0.447453886271,
        "dmean2": 0.649183392525,
        "dvar": 0.326728880405,
        "dvar2": 0.641431689262,
        "max": 8.25240135193,
        "mean": 0.239360406995,
        "median": 0.239780247211,
        "min": -3.22389292717,
        "var": 0.943490803242
    },
    "erbbands_spread": {
        "dmean": 13.0096006393,
        "dmean2": 19.3840904236,
        "dvar": 221.871032715,
        "dvar2": 492.882080078,
        "max": 187.52394104,
        "mean": 56.2394447327,
        "median": 49.4763336182,
        "min": 3.00284099579,
        "var": 802.822875977
    },
    "hfc": {
        "dmean": 11.2768478394,
        "dmean2": 15.2861528397,
        "dvar": 294.458984375,
        "dvar2": 560.866333008,
        "max": 162.967468262,
        "mean": 22.2507858276,
        "median": 12.5169734955,
        "min": 1.07094749652e-16,
        "var": 677.628601074
    },
    "melbands_crest": {
        "dmean": 3.50658154488,
        "dmean2": 5.64978408813,
        "dvar": 10.7663106918,
        "dvar2": 26.6716117859,
        "max": 39.4578208923,
        "mean": 17.8061580658,
        "median": 18.4797916412,
        "min": 1.60558772087,
        "var": 39.8417510986
    },
    "melbands_flatness_db": {
        "dmean": 0.0404077321291,
        "dmean2": 0.0558522380888,
        "dvar": 0.00198650406674,
        "dvar2": 0.00381790776737,
        "max": 0.731637001038,
        "mean": 0.231736183167,
        "median": 0.208679825068,
        "min": 0.00358574930578,
        "var": 0.0140098500997
    },
    "melbands_kurtosis": {
        "dmean": 37.4081192017,
        "dmean2": 54.3943328857,
        "dvar": 4510.27880859,
        "dvar2": 9862.63476562,
        "max": 970.815490723,
        "mean": 67.4689941406,
        "median": 22.1627101898,
        "min": -1.74457585812,
        "var": 11143.9541016
    },
    "melbands_skewness": {
        "dmean": 1.59067869186,
        "dmean2": 2.27315926552,
        "dvar": 3.80104327202,
        "dvar2": 8.14232730865,
        "max": 24.7889595032,
        "mean": 5.32717084885,
        "median": 4.11534452438,
        "min": -1.95997238159,
        "var": 16.4743824005
    },
    "melbands_spread": {
        "dmean": 7.36665678024,
        "dmean2": 10.961350441,
        "dvar": 155.221557617,
        "dvar2": 301.710540771,
        "max": 211.535629272,
        "mean": 19.8279457092,
        "median": 12.8839464188,
        "min": 0.250807970762,
        "var": 644.255004883
    },
    "pitch_salience": {
        "dmean": 0.0939948111773,
        "dmean2": 0.144740670919,
        "dvar": 0.00982186105102,
        "dvar2": 0.0205128025264,
        "max": 0.991727292538,
        "mean": 0.475384235382,
        "median": 0.522706449032,
        "min": 0.012656356208,
        "var": 0.0510826706886
    },
    "silence_rate_20dB": {
        "dmean": 0,
        "dmean2": 0,
        "dvar": 0,
        "dvar2": 0,
        "max": 1,
        "mean": 1,
        "median": 1,
        "min": 1,
        "var": 0
    },
    "silence_rate_30dB": {
        "dmean": 0.0422801859677,
        "dmean2": 0.0845692679286,
        "dvar": 0.0404946617782,
        "dvar2": 0.112965784967,
        "max": 1,
        "mean": 0.973919451237,
        "median": 1,
        "min": 0,
        "var": 0.0254035182297
    },
    "silence_rate_60dB": {
        "dmean": 0.0357593595982,
        "dmean2": 0.0715262442827,
        "dvar": 0.0344830416143,
        "dvar2": 0.0758837535977,
        "max": 1,
        "mean": 0.113050796092,
        "median": 0,
        "min": 0,
        "var": 0.100263699889
    },
    "spectral_centroid": {
        "dmean": 366.083282471,
        "dmean2": 522.599182129,
        "dvar": 172137.28125,
        "dvar2": 306432.125,
        "max": 11848.0087891,
        "mean": 1554.45935059,
        "median": 1315.93945312,
        "min": 78.6890182495,
        "var": 1864980.375
    },
    "spectral_complexity": {
        "dmean": 6.13525438309,
        "dmean2": 8.56989574432,
        "dvar": 48.2258148193,
        "dvar2": 92.1717453003,
        "max": 60,
        "mean": 16.7584400177,
        "median": 14,
        "min": 0,
        "var": 166.412460327
    },
    "spectral_decrease": {
        "dmean": 3.12356518428e-09,
        "dmean2": 4.72343675284e-09,
        "dvar": 1.93064914499e-17,
        "dvar2": 4.19518808988e-17,
        "max": 2.09409877675e-28,
        "mean": -1.04108899279e-08,
        "median": -1.00851824669e-08,
        "min": -3.59325120769e-08,
        "var": 6.93972637848e-17
    },
    "spectral_energy": {
        "dmean": 0.0122553426772,
        "dmean2": 0.018474560231,
        "dvar": 0.000293327873806,
        "dvar2": 0.000636730110273,
        "max": 0.140494003892,
        "mean": 0.0413111969829,
        "median": 0.0402059666812,
        "min": 9.88684557538e-21,
        "var": 0.00104966457002
    },
    "spectral_energyband_high": {
        "dmean": 0.00105582503602,
        "dmean2": 0.00143012474291,
        "dvar": 4.14503847423e-06,
        "dvar2": 7.49597302274e-06,
        "max": 0.0227730609477,
        "mean": 0.00174579350278,
        "median": 0.00055588822579,
        "min": 7.06800953385e-21,
        "var": 8.41955079522e-06
    },
    "spectral_energyband_low": {
        "dmean": 0.00991856958717,
        "dmean2": 0.0154699143022,
        "dvar": 0.000238605498453,
        "dvar2": 0.000585458241403,
        "max": 0.131082013249,
        "mean": 0.0283864159137,
        "median": 0.0232577249408,
        "min": 1.05428735628e-23,
        "var": 0.000785293057561
    },
    "spectral_energyband_middle_high": {
        "dmean": 0.0016456231242,
        "dmean2": 0.00244227331132,
        "dvar": 5.70308884562e-06,
        "dvar2": 1.27336115838e-05,
        "max": 0.0335498526692,
        "mean": 0.00308794248849,
        "median": 0.00177288881969,
        "min": 1.09181671334e-21,
        "var": 1.34639303724e-05
    },
    "spectral_energyband_middle_low": {
        "dmean": 0.00836220942438,
        "dmean2": 0.0134366722777,
        "dvar": 0.000340106809745,
        "dvar2": 0.000844457710627,
        "max": 0.135143786669,
        "mean": 0.0101015409455,
        "median": 0.00386889162473,
        "min": 1.55478451211e-22,
        "var": 0.000303319829982
    },
    "spectral_entropy": {
        "dmean": 0.187321901321,
        "dmean2": 0.27503529191,
        "dvar": 0.069686152041,
        "dvar2": 0.14140419662,
        "max": 9.82509899139,
        "mean": 7.85300350189,
        "median": 7.92231893539,
        "min": 4.76596927643,
        "var": 0.273875445127
    },
    "spectral_flux": {
        "dmean": 0.035702355206,
        "dmean2": 0.0486012548208,
        "dvar": 0.00201640767045,
        "dvar2": 0.00314648775384,
        "max": 0.424727797508,
        "mean": 0.105304948986,
        "median": 0.0874159783125,
        "min": 6.33869207123e-11,
        "var": 0.00580572709441
    },
    "spectral_kurtosis": {
        "dmean": 1.33615684509,
        "dmean2": 2.19350719452,
        "dvar": 9.98687744141,
        "dvar2": 25.5123004913,
        "max": 102.702537537,
        "mean": 3.21625185013,
        "median": 2.51085996628,
        "min": -1.28774678707,
        "var": 21.8180732727
    },
    "spectral_rms": {
        "dmean": 0.000923381128814,
        "dmean2": 0.00135041982867,
        "dvar": 1.28459373627e-06,
        "dvar2": 2.6729082947e-06,
        "max": 0.0117075759917,
        "mean": 0.00566478166729,
        "median": 0.00626301346347,
        "min": 3.10575328476e-12,
        "var": 8.21382127469e-06
    },
    "spectral_rolloff": {
        "dmean": 579.951599121,
        "dmean2": 908.410095215,
        "dvar": 1196683.875,
        "dvar2": 2319126,
        "max": 19789.0136719,
        "mean": 1500.4453125,
        "median": 516.796875,
        "min": 21.533203125,
        "var": 7020003.5
    },
    "spectral_skewness": {
        "dmean": 0.218733131886,
        "dmean2": 0.336007803679,
        "dvar": 0.10406345129,
        "dvar2": 0.230969101191,
        "max": 7.8031206131,
        "mean": 1.30665802956,
        "median": 1.27979469299,
        "min": -0.107529655099,
        "var": 0.337129205465
    },
    "spectral_spread": {
        "dmean": 540921,
        "dmean2": 768299.5625,
        "dvar": 668219604992,
        "dvar2": 1.20622219264e+12,
        "max": 43170240,
        "mean": 5873282.5,
        "median": 5232072.5,
        "min": 825811.3125,
        "var": 1.78334403133e+13
    },
    "spectral_strongpeak": {
        "dmean": 0.23383910954,
        "dmean2": 0.386016756296,
        "dvar": 0.165766537189,
        "dvar2": 0.417247205973,
        "max": 8.77378749847,
        "mean": 0.605129897594,
        "median": 0.544541716576,
        "min": 0,
        "var": 0.443113476038
    },
    "zerocrossingrate": {
        "dmean": 0.0128818331286,
        "dmean2": 0.0140377646312,
        "dvar": 0.000291399162961,
        "dvar2": 0.000339216960128,
        "max": 0.53173828125,
        "mean": 0.05493022874,
        "median": 0.037109375,
        "min": 0.00146484375,
        "var": 0.00453767040744
    },
    "barkbands": {
        "dmean": [0.000574380450416, 0.00790134817362, 0.00422591390088, 0.00372385466471, 0.00479758996516, 0.00134197669104, 0.000684007187374, 0.000684102706145, 0.000457344402093, 0.000359707628377, 0.000312345800921, 0.000381815480068, 0.00025877848384, 0.000237675587414, 0.000264529866399, 0.000203580188099, 0.000180624760105, 0.000148822917254, 0.000170539773535, 0.000270448712399, 0.000222422619117, 0.000310068950057, 0.000234732593526, 0.000152370033902, 8.59366409713e-05, 3.84890190617e-05, 1.43958027365e-06],
        "dmean2": [0.000951819703914, 0.0118617629632, 0.00701915519312, 0.00626318017021, 0.00859689991921, 0.00229243468493, 0.00112859811634, 0.00112172891386, 0.000768929894548, 0.000599579827394, 0.000541257206351, 0.000637176388409, 0.000436258444097, 0.000394135073293, 0.000439848110545, 0.0003317957744, 0.000297965307254, 0.000233130384004, 0.000264702015556, 0.000412867375417, 0.00034904727363, 0.00043922837358, 0.000328679801896, 0.000205948279472, 0.000115322931379, 5.53494865017e-05, 2.31422177421e-06],
        "dvar": [1.80846996045e-06, 0.000149297542521, 0.000118611162179, 8.68113202159e-05, 0.000201531569473, 7.32875560061e-06, 2.62986327471e-06, 3.36824314218e-06, 2.12917689169e-06, 8.43192992761e-07, 5.16772615811e-07, 5.98608835389e-07, 3.52107917934e-07, 3.45557509718e-07, 3.00136235865e-07, 1.87646833183e-07, 2.34209309724e-07, 1.33936921998e-07, 1.42879429177e-07, 2.44846972919e-07, 1.73943277559e-07, 4.47546142368e-07, 2.31597141465e-07, 1.14370060089e-07, 3.14842587557e-08, 9.54369472339e-09, 6.64593172162e-11],
        "dvar2": [5.2197738114e-06, 0.000337339646649, 0.000305460591335, 0.000236055406276, 0.000570408417843, 1.95133197849e-05, 5.81351196161e-06, 7.8820185081e-06, 5.36271909368e-06, 2.1664036467e-06, 1.40533245485e-06, 1.56343355684e-06, 9.22568119677e-07, 9.39065500916e-07, 7.58753117225e-07, 4.68948883281e-07, 6.40459688839e-07, 3.22254891216e-07, 3.75371513428e-07, 5.26367784914e-07, 4.30426354114e-07, 8.74555382779e-07, 4.62367523824e-07, 2.22527248184e-07, 5.72809923938e-08, 2.27114771434e-08, 1.92115878761e-10],
        "max": [0.0217161998153, 0.124880164862, 0.0986358821392, 0.0718979611993, 0.109077803791, 0.0402630865574, 0.0199689790606, 0.0212421882898, 0.0198114272207, 0.0190551485866, 0.0149967335165, 0.0191260389984, 0.0184470620006, 0.0215941034257, 0.0138317476958, 0.012603261508, 0.0170607659966, 0.0155117399991, 0.0160417258739, 0.00595559505746, 0.0106491111219, 0.0155163872987, 0.00566479749978, 0.00914318207651, 0.00374361989088, 0.00407097116113, 0.000490375678055],
        "mean": [0.000774613232352, 0.0216668378562, 0.00398469530046, 0.0032536322251, 0.00370153808035, 0.00130666000769, 0.000673817645293, 0.00066531333141, 0.000428284402005, 0.000374159280909, 0.000297995866276, 0.000411946472013, 0.00030022719875, 0.00028630203451, 0.000288252398605, 0.000250652374234, 0.000230262798141, 0.000215322943404, 0.0002549579076, 0.000389805965824, 0.000339087418979, 0.000448725593742, 0.00032595207449, 0.000240364388446, 0.000150008418132, 5.01721078763e-05, 1.61823140843e-06],
        "median": [0.000201325950911, 0.011929272674, 0.000817380321678, 0.00030658376636, 0.000613738608081, 0.000407262967201, 0.000148333856487, 0.000126810031361, 0.000112188376079, 0.000117931282148, 9.02072933968e-05, 0.000151818734594, 0.000121743665659, 0.000114020724141, 0.000108932494186, 0.000107955958811, 9.13092662813e-05, 7.82404968049e-05, 0.000112775152957, 0.000134567293571, 0.000115454327897, 9.45786450757e-05, 8.31743964227e-05, 6.84479164192e-05, 4.60067531094e-05, 1.26438335428e-05, 1.76915349925e-07],
        "min": [1.29219409884e-25, 2.83398201315e-24, 1.8186140957e-24, 2.80236920123e-25, 1.03339279748e-23, 9.95407172744e-24, 8.95126306725e-24, 4.92826651041e-24, 1.34265624904e-23, 1.38852219979e-23, 1.28573583265e-23, 1.4258989028e-23, 1.68940573973e-23, 3.18065687759e-23, 3.69137773386e-23, 4.33752107955e-23, 6.00136535937e-23, 8.9161988311e-23, 1.13170894231e-22, 2.05667183018e-22, 2.18314466108e-22, 3.27936041623e-22, 4.18831548618e-22, 5.49490567728e-22, 8.17741797159e-22, 1.37544242529e-21, 1.96280790902e-21],
        "var": [1.93235564439e-06, 0.000579752551857, 9.79155302048e-05, 6.64385515847e-05, 0.000122294237372, 6.34209209238e-06, 2.90890375254e-06, 3.40602059623e-06, 1.8111851432e-06, 8.10115068361e-07, 4.46339413429e-07, 5.98488668402e-07, 3.6330575881e-07, 3.44790606732e-07, 3.11898503469e-07, 1.98457229317e-07, 2.1639270642e-07, 1.69733496591e-07, 1.69245723214e-07, 3.97857576218e-07, 2.81399906044e-07, 7.50701985908e-07, 3.73914133434e-07, 2.01394485089e-07, 6.78545930555e-08, 1.14138822838e-08, 4.57057482139e-11]
    },
    "erbbands": {
        "dmean": [0.218788951635, 1.89972877502, 4.2498216629, 9.58376121521, 11.4542074203, 19.2344150543, 16.9483718872, 9.83893108368, 9.57439899445, 11.4827508926, 15.0985374451, 10.354180336, 7.92193841934, 12.5988235474, 13.4814357758, 16.069190979, 11.706618309, 11.2309026718, 15.0372648239, 11.2962741852, 10.8701086044, 8.80227184296, 8.26505947113, 8.88388538361, 9.17611408234, 13.116104126, 9.38573074341, 9.32773971558, 12.5770072937, 7.11451721191, 7.07743883133, 3.89569473267, 2.48002004623, 1.13576996326, 0.587829649448, 0.221368089318, 0.0608977898955, 0.00744685297832, 0.000176282585016, 2.02404116862e-05],
        "dmean2": [0.318567156792, 2.8237695694, 6.90469789505, 15.4636974335, 20.161233902, 35.2028160095, 29.9491920471, 16.8598670959, 15.7516813278, 18.5393238068, 24.1779289246, 17.2762088776, 13.1045875549, 21.0393600464, 22.5479164124, 26.7143306732, 19.403213501, 18.8556423187, 24.6591739655, 18.3399353027, 17.609582901, 14.3248672485, 12.9246931076, 13.9321699142, 14.1060504913, 20.1593322754, 14.4113302231, 14.5160837173, 17.9354286194, 10.5057497025, 9.97860622406, 5.25902032852, 3.47848057747, 1.56241548061, 0.815509736538, 0.323200792074, 0.0868933051825, 0.0110200168565, 0.000255753373494, 2.88735718641e-05],
        "dvar": [0.0956613570452, 9.73319816589, 101.580574036, 507.985687256, 1006.55975342, 3636.41430664, 1889.04797363, 428.10723877, 477.849700928, 891.55078125, 1572.99365234, 1061.90515137, 557.066589355, 890.36151123, 810.946655273, 1041.03686523, 692.177185059, 830.305297852, 1053.47070312, 755.948608398, 567.380859375, 593.083374023, 450.674743652, 434.016479492, 313.460174561, 605.327148438, 311.636108398, 307.945678711, 854.776367188, 209.271514893, 233.249237061, 64.00831604, 35.9155654907, 5.65596055984, 1.63145434856, 0.363309472799, 0.0265060588717, 0.00134970655199, 5.41749386684e-07, 9.05227781622e-10],
        "dvar2": [0.201248034835, 22.0950584412, 254.035736084, 1312.57897949, 2816.11645508, 10416.7421875, 5317.08251953, 1099.86804199, 1149.60083008, 2052.59936523, 3678.3137207, 2688.39355469, 1364.70947266, 2287.15576172, 2069.68408203, 2730.12280273, 1775.95324707, 2331.85961914, 2754.41186523, 2007.74963379, 1464.27209473, 1609.73266602, 1110.04467773, 1088.01025391, 795.469177246, 1324.65966797, 737.59375, 731.422973633, 1729.99511719, 440.897216797, 485.931365967, 114.110336304, 74.3035202026, 10.3474664688, 3.40101766586, 0.949219703674, 0.0639600753784, 0.00375382672064, 1.46161607972e-06, 1.97548910563e-09],
        "max": [4.05112791061, 32.5549545288, 94.019241333, 179.017105103, 237.199707031, 478.275787354, 392.788116455, 483.264953613, 297.462982178, 404.418670654, 514.909179688, 559.997436523, 699.44543457, 691.738647461, 598.456604004, 740.381530762, 869.485351562, 935.189086914, 1056.51647949, 1236.72180176, 724.605285645, 940.72052002, 770.048828125, 939.890319824, 668.97277832, 318.496520996, 493.939086914, 312.536743164, 496.106872559, 379.85748291, 156.350265503, 142.580337524, 166.159164429, 45.4199066162, 34.5460624695, 29.2449054718, 6.19132423401, 2.19264888763, 0.043287280947, 0.0010460842168],
        "mean": [0.496095240116, 5.24646854401, 5.93315553665, 9.3317527771, 9.31403064728, 13.5432777405, 14.1875562668, 9.34127998352, 9.32627105713, 11.246963501, 15.0373983383, 9.76841640472, 8.80877780914, 13.4649982452, 14.5633039474, 17.652387619, 14.223856926, 14.4192409515, 16.8900260925, 13.4601411819, 13.7292985916, 12.0852928162, 12.1425914764, 12.763961792, 14.0811958313, 18.8866863251, 14.6675653458, 13.5450191498, 18.0383739471, 10.4703779221, 9.51341342926, 6.0609498024, 3.71329259872, 1.9807446003, 0.90722823143, 0.299800664186, 0.0793767794967, 0.00960016157478, 0.000247233605478, 5.87135036767e-05],
        "median": [0.281745404005, 2.52890706062, 3.29097008705, 1.15179550648, 1.44066059589, 2.04067730904, 2.71474146843, 3.0078663826, 2.73165917397, 2.32702302933, 2.99203276634, 2.81509494781, 3.33676457405, 4.4324259758, 5.14854621887, 6.67714691162, 6.10409879684, 6.73625135422, 6.45342206955, 6.08227682114, 5.93321418762, 4.99315977097, 4.59923934937, 5.09942150116, 6.1618437767, 6.31307840347, 5.03878498077, 4.23131656647, 3.60454010963, 2.68664884567, 2.37312459946, 1.60779666901, 1.0988483429, 0.620201706886, 0.26229968667, 0.0878556072712, 0.0181903894991, 0.00169004022609, 6.39120989945e-05, 5.21648980794e-05],
        "min": [6.50488328449e-23, 4.45977123269e-22, 2.30137862868e-21, 4.41128190922e-21, 6.76567703944e-21, 4.24038082089e-20, 3.60645577194e-20, 6.75948796747e-20, 1.10691965403e-19, 1.95523977187e-19, 1.82292253937e-19, 3.90158295776e-19, 5.02084879942e-19, 5.86136925031e-19, 7.25897930015e-19, 7.41108850902e-19, 1.0317821861e-18, 2.03849893849e-18, 2.88796379675e-18, 3.40781806721e-18, 3.0436232648e-18, 4.53136818746e-18, 5.59689717121e-18, 6.32445215078e-18, 7.45607534702e-18, 1.03641553491e-17, 8.95182551685e-18, 9.5263223046e-18, 1.1220460991e-17, 1.16911441303e-17, 1.13849739799e-17, 1.00258980356e-17, 9.79505756919e-18, 6.70103811877e-18, 6.23668332471e-18, 3.62658976164e-18, 2.34670478037e-18, 1.00495216935e-18, 2.42990638039e-19, 2.51119690885e-20],
        "var": [0.3362159729, 36.2081680298, 103.49723053, 452.193725586, 652.084533691, 2091.58520508, 1309.75585938, 386.103088379, 474.98449707, 963.182434082, 1650.48498535, 903.907043457, 538.470336914, 876.9609375, 846.437561035, 1078.19702148, 770.599182129, 790.977783203, 1061.09020996, 700.25189209, 571.845031738, 580.211425781, 553.964477539, 498.519073486, 437.412963867, 963.613830566, 543.17388916, 478.561676025, 1350.88830566, 342.373260498, 346.236846924, 126.518386841, 54.9337310791, 12.0070781708, 2.78938317299, 0.378838121891, 0.0307210311294, 0.0010326661868, 4.70360902227e-07, 2.47941356335e-09]
    },
    "gfcc": {
        "mean": [-26.7027683258, 70.6663131714, -102.828041077, 47.7703132629, -55.5250892639, 26.1943073273, -33.6591758728, 9.57371234894, -23.1304855347, 7.92138385773, -12.1233520508, 3.17804837227, -8.17353725433],
        "cov": [[24174.3398438, -743.387329102, -1284.47106934, 1459.96887207, -1189.84887695, 782.100524902, -616.841552734, 259.792297363, -796.763122559, 256.960845947, -535.202270508, 160.829925537, -330.265594482], [-743.387329102, 1910.41918945, 352.311462402, -24.7333889008, 418.684356689, -145.206222534, 147.059814453, -108.229103088, 184.355834961, -94.6708068848, 154.559494019, -44.8805580139, 140.901000977], [-1284.47106934, 352.311462402, 1557.68359375, 656.40625, 598.975219727, 259.715820312, 349.226928711, 56.4020957947, 113.214881897, 2.49951767921, 72.4507675171, 19.1736850739, 53.0196838379], [1459.96887207, -24.7333889008, 656.40625, 710.588012695, 307.014251709, 322.747161865, 212.945205688, 75.8926925659, 28.3293476105, 43.9950027466, 15.6892175674, 28.1820602417, 21.2130298615], [-1189.84887695, 418.684356689, 598.975219727, 307.014251709, 619.370788574, 214.75479126, 289.090759277, -2.71742129326, 165.192245483, 3.34347057343, 102.511764526, 13.8742551804, 87.9065475464], [782.100524902, -145.206222534, 259.715820312, 322.747161865, 214.75479126, 373.340332031, 194.135971069, 86.2146530151, 42.3049736023, 62.7732963562, 37.5180778503, 18.4559860229, 15.5939817429], [-616.841552734, 147.059814453, 349.226928711, 212.945205688, 289.090759277, 194.135971069, 283.927520752, 84.9482879639, 137.186828613, 33.4686889648, 80.2237930298, 9.46466827393, 41.4421653748], [259.792297363, -108.229103088, 56.4020957947, 75.8926925659, -2.71742129326, 86.2146530151, 84.9482879639, 161.846115112, 86.3905258179, 61.4344711304, 21.8273296356, -2.76220107079, -18.3843135834], [-796.763122559, 184.355834961, 113.214881897, 28.3293476105, 165.192245483, 42.3049736023, 137.186828613, 86.3905258179, 202.078063965, 56.2535018921, 96.4551391602, 1.88713777065, 37.5153503418], [256.960845947, -94.6708068848, 2.49951767921, 43.9950027466, 3.34347057343, 62.7732963562, 33.4686889648, 61.4344711304, 56.2535018921, 96.2594299316, 55.8908882141, 27.0723171234, 4.80153656006], [-535.202270508, 154.559494019, 72.4507675171, 15.6892175674, 102.511764526, 37.5180778503, 80.2237930298, 21.8273296356, 96.4551391602, 55.8908882141, 130.536911011, 44.9677658081, 64.4353637695], [160.829925537, -44.8805580139, 19.1736850739, 28.1820602417, 13.8742551804, 18.4559860229, 9.46466827393, -2.76220107079, 1.88713777065, 27.0723171234, 44.9677658081, 79.3679275513, 46.8173561096], [-330.265594482, 140.901000977, 53.0196838379, 21.2130298615, 87.9065475464, 15.5939817429, 41.4421653748, -18.3843135834, 37.5153503418, 4.80153656006, 64.4353637695, 46.8173561096, 104.809928894]],
        "icov": [[0.000173607768374, -0.000317043741234, 0.00030105211772, -0.000616707548033, 0.000272925622994, -0.000451141124358, 0.000406204955652, -0.00029739443562, 0.000314314384013, -0.000636885291897, 0.000887079921085, -0.000876230827998, 0.00033394395723], [-0.000317043741234, 0.00152690359391, -0.000571269483771, 0.000984659651294, -0.000922458886635, 0.00147686724085, -0.000747630372643, 0.000758824287914, -0.00079791736789, 0.0022229377646, -0.00303972489201, 0.00294284708798, -0.00124135240912], [0.00030105211772, -0.000571269483771, 0.00203905627131, -0.00220247823745, -0.000613320909906, 0.000163763383171, -2.74993599305e-05, -0.00111345341429, 0.00139305880293, -0.000789399491623, 0.00101006415207, -0.00156735780183, 0.00105320569128], [-0.000616707548033, 0.000984659651294, -0.00220247823745, 0.00584305310622, -0.00125976931304, -0.000546519120689, -0.00141261913814, 0.000560146116186, -0.00042766763363, 0.00104672601447, -0.00135238131043, 0.00213822769001, -0.00155933201313], [0.000272925622994, -0.000922458886635, -0.000613320909906, -0.00125976931304, 0.00660839816555, -0.00286306068301, -0.00193025288172, 0.00408168695867, -0.00390519504435, -6.95676533269e-07, 0.00248080980964, -0.00171123654582, -0.000335038406774], [-0.000451141124358, 0.00147686724085, 0.000163763383171, -0.000546519120689, -0.00286306068301, 0.00916085205972, -0.00496496772394, -0.0013222459238, 0.00345680862665, -0.00163270439953, -0.00318649294786, 0.00405973941088, -0.0016266311286], [0.000406204955652, -0.000747630372643, -2.74993599305e-05, -0.00141261913814, -0.00193025288172, -0.00496496772394, 0.0138309085742, -0.00450728135183, -0.0028610622976, 0.00305839325301, -0.00113452167716, -0.00209145876579, 0.00119883113075], [-0.00029739443562, 0.000758824287914, -0.00111345341429, 0.000560146116186, 0.00408168695867, -0.0013222459238, -0.00450728135183, 0.0162660293281, -0.00884303078055, -0.00363855506293, 0.00291090970859, 0.00101818097755, 0.000988872372545], [0.000314314384013, -0.00079791736789, 0.00139305880293, -0.00042766763363, -0.00390519504435, 0.00345680862665, -0.0028610622976, -0.00884303078055, 0.0186914298683, -0.00583203323185, -0.0052605997771, 0.00381883396767, -0.0011086956365], [-0.000636885291897, 0.0022229377646, -0.000789399491623, 0.00104672601447, -6.95676533269e-07, -0.00163270439953, 0.00305839325301, -0.00363855506293, -0.00583203323185, 0.0286342445761, -0.0154323801398, -0.00122427393217, 0.00439831847325], [0.000887079921085, -0.00303972489201, 0.00101006415207, -0.00135238131043, 0.00248080980964, -0.00318649294786, -0.00113452167716, 0.00291090970859, -0.0052605997771, -0.0154323801398, 0.0307142622769, -0.011779951863, -0.00503364717588], [-0.000876230827998, 0.00294284708798, -0.00156735780183, 0.00213822769001, -0.00171123654582, 0.00405973941088, -0.00209145876579, 0.00101818097755, 0.00381883396767, -0.00122427393217, -0.011779951863, 0.02914740704, -0.0116088958457], [0.00033394395723, -0.00124135240912, 0.00105320569128, -0.00155933201313, -0.000335038406774, -0.0016266311286, 0.00119883113075, 0.000988872372545, -0.0011086956365, 0.00439831847325, -0.00503364717588, -0.0116088958457, 0.0207429584116]]
    },
    "melbands": {
        "dmean": [0.00205791718327, 0.0021152633708, 0.00158962840214, 0.00108158006333, 0.000660316611174, 0.000220475674723, 0.000142831879202, 0.000126669649035, 0.000118691168609, 6.2990373408e-05, 4.06207509513e-05, 5.30735414941e-05, 4.40956282546e-05, 4.67524696433e-05, 3.37737255904e-05, 2.34369872487e-05, 2.22155995289e-05, 2.57208212133e-05, 1.80931128853e-05, 1.55110828928e-05, 1.35027557917e-05, 1.03183792817e-05, 8.59839565237e-06, 7.41792928238e-06, 7.7701643022e-06, 6.10571805737e-06, 9.23441893974e-06, 8.83887605596e-06, 6.49317189527e-06, 5.05073421664e-06, 5.71312921238e-06, 7.61657247494e-06, 5.39651455256e-06, 3.58629404218e-06, 4.43240605819e-06, 3.51314542968e-06, 1.91844219444e-06, 1.86618024145e-06, 1.33051753437e-06, 8.87776593572e-07],
        "dmean2": [0.00305549218319, 0.00331858522259, 0.00255657080561, 0.00193944608327, 0.00118125684094, 0.000375933537725, 0.00023195585527, 0.000204063850106, 0.0001912535663, 0.000106861582026, 6.75948685966e-05, 8.93729520612e-05, 7.51549086999e-05, 7.79456313467e-05, 5.62134810025e-05, 3.97979674744e-05, 3.7829791836e-05, 4.27191189374e-05, 3.01684922306e-05, 2.54331480392e-05, 2.21050977416e-05, 1.73016578628e-05, 1.37718907354e-05, 1.17524868983e-05, 1.23890076793e-05, 9.55668474489e-06, 1.46204720295e-05, 1.35843702083e-05, 1.01183986772e-05, 8.01110218163e-06, 9.04018543224e-06, 1.09199254439e-05, 7.82227925811e-06, 5.42721954844e-06, 6.5266758611e-06, 4.92477920488e-06, 2.68166991191e-06, 2.67242126029e-06, 1.88990043171e-06, 1.24822440739e-06],
        "dvar": [8.93513788469e-06, 1.64456305356e-05, 1.393322691e-05, 1.00872575786e-05, 3.39334519595e-06, 2.02178028985e-07, 1.01998338664e-07, 1.06225563457e-07, 1.02300603544e-07, 3.91891283869e-08, 1.52202748183e-08, 1.65296523136e-08, 9.13445319384e-09, 8.7894198586e-09, 5.94071858373e-09, 2.95599100752e-09, 3.34775274169e-09, 3.51519657826e-09, 1.66276081792e-09, 1.36424060937e-09, 1.02409636327e-09, 8.00709332172e-10, 6.97502555713e-10, 3.01627500754e-10, 3.48756606927e-10, 1.98532773554e-10, 2.89948093313e-10, 2.97117108694e-10, 1.53699192262e-10, 9.56026161014e-11, 1.30400620857e-10, 3.33569616373e-10, 1.32578559242e-10, 5.13505210575e-11, 9.95072010901e-11, 5.56682998309e-11, 1.62709082319e-11, 2.14942542931e-11, 8.90802449166e-12, 3.37333373041e-12],
        "dvar2": [1.91741164599e-05, 3.98693082388e-05, 3.54162220901e-05, 2.83688823401e-05, 9.69622942648e-06, 5.19331024407e-07, 2.33834583696e-07, 2.32338038586e-07, 2.34426664747e-07, 1.00571440953e-07, 3.78661724199e-08, 4.23900488045e-08, 2.41403004253e-08, 2.30415935221e-08, 1.57045665361e-08, 8.01866129052e-09, 9.5179917281e-09, 9.51269552019e-09, 4.40280478742e-09, 3.56919671596e-09, 2.76891354289e-09, 2.22955143236e-09, 1.86140114433e-09, 7.53910045503e-10, 8.87330930954e-10, 5.38710076547e-10, 6.97122082283e-10, 6.76659395182e-10, 3.71537384192e-10, 2.43814052281e-10, 3.23197052454e-10, 6.83665846157e-10, 2.85641510445e-10, 1.11575304551e-10, 2.20353318925e-10, 1.03651726091e-10, 3.19182007213e-11, 4.63166414943e-11, 1.83044465002e-11, 6.29071968128e-12],
        "max": [0.0314262099564, 0.0357276536524, 0.0294250864536, 0.0242975912988, 0.0148202804849, 0.00948844198138, 0.00421929499134, 0.00393707398325, 0.00460458220914, 0.00364092015661, 0.00346658192575, 0.00295722228475, 0.0018920636503, 0.00238253152929, 0.00266664195806, 0.00160794297699, 0.00166563037783, 0.00222948077135, 0.00129633420147, 0.0013213296188, 0.000937517266721, 0.000829152937513, 0.00104901334271, 0.000825181195978, 0.000809169141576, 0.000670494395308, 0.000201698916499, 0.000266504182946, 0.000324852095218, 0.000281705841189, 0.000162698750501, 0.000238391075982, 0.000379183155019, 0.000154142268002, 9.79997639661e-05, 8.06983516668e-05, 0.000103870042949, 0.000133397203172, 7.17890798114e-05, 3.75889794668e-05],
        "mean": [0.00558551913127, 0.00470364233479, 0.00155417784117, 0.000820340297651, 0.000525104405824, 0.000213571925997, 0.000143076278619, 0.000127606341266, 0.000117560557555, 5.78641265747e-05, 4.40912917838e-05, 5.50330260012e-05, 4.42779564764e-05, 4.96428037877e-05, 3.73980510631e-05, 2.78572006209e-05, 2.64129030256e-05, 2.74814428849e-05, 1.96601922653e-05, 1.80876468221e-05, 1.59330156748e-05, 1.27114171846e-05, 1.17505196613e-05, 1.01303030533e-05, 1.03614411273e-05, 9.22228355194e-06, 1.24945008793e-05, 1.21873099488e-05, 9.61107070907e-06, 7.45405804992e-06, 7.72268776927e-06, 1.05513681774e-05, 7.85109477874e-06, 5.08209586769e-06, 5.6405142459e-06, 4.97783003084e-06, 3.06668107442e-06, 2.62629123426e-06, 2.17639194489e-06, 1.48822584833e-06],
        "median": [0.00320866797119, 0.00295368861407, 0.000198077686946, 0.000123938531033, 9.42593542277e-05, 6.95105773048e-05, 4.01949509978e-05, 2.55047998508e-05, 2.22338421736e-05, 1.57520898938e-05, 1.60319505085e-05, 1.64401062648e-05, 1.42363251143e-05, 1.74717551999e-05, 1.39961657624e-05, 1.20189770314e-05, 1.09820502985e-05, 9.44849853113e-06, 7.63014941185e-06, 7.57072029955e-06, 6.20353466729e-06, 4.9400714488e-06, 4.55633244201e-06, 3.56489840669e-06, 3.88010994357e-06, 4.04846241508e-06, 4.9143391152e-06, 3.75091121896e-06, 3.18469369631e-06, 2.62136791207e-06, 2.28843987315e-06, 1.9975630039e-06, 1.67782934568e-06, 1.39514872899e-06, 1.34831304877e-06, 1.19634728435e-06, 8.53270591961e-07, 6.98313272096e-07, 6.55927919979e-07, 4.5731070486e-07],
        "min": [8.67218853367e-25, 1.3247996922e-24, 8.13782105901e-25, 1.47780666034e-24, 2.20585368673e-24, 1.6732597686e-24, 1.97517498083e-24, 2.22033046763e-24, 1.55957623468e-24, 2.04922121248e-24, 2.05220685379e-24, 1.89934355694e-24, 2.32619993985e-24, 2.18492954565e-24, 2.91990908168e-24, 1.93183614598e-24, 3.43955345362e-24, 3.63146319591e-24, 3.0092347602e-24, 3.77495186697e-24, 3.01319010878e-24, 3.70613321932e-24, 3.24940681546e-24, 4.12324302853e-24, 3.7922279208e-24, 4.79109779848e-24, 3.65702426139e-24, 5.65821449436e-24, 5.28956164955e-24, 4.04808233363e-24, 4.99895199739e-24, 5.4455723042e-24, 5.21270411485e-24, 5.43118979217e-24, 6.15412401382e-24, 5.7238816427e-24, 5.86474656239e-24, 5.67801687524e-24, 5.93885452241e-24, 4.45080016448e-24],
        "var": [3.77826399927e-05, 3.12944503094e-05, 1.24156576931e-05, 6.16506531514e-06, 2.14050623981e-06, 1.84284360216e-07, 1.1042969561e-07, 1.22604149055e-07, 1.08592296044e-07, 3.21399618031e-08, 1.41561349309e-08, 1.60250799297e-08, 8.59291748867e-09, 8.70319016855e-09, 5.77481129582e-09, 2.91192203683e-09, 3.00937696984e-09, 3.18103721142e-09, 1.57533175393e-09, 1.28320820636e-09, 8.99340490967e-10, 7.00671964893e-10, 6.71838196187e-10, 3.63548302573e-10, 3.71986191849e-10, 2.24637877744e-10, 4.04985212032e-10, 4.43466319222e-10, 2.51977105847e-10, 1.38926092852e-10, 1.74409486853e-10, 5.02075547804e-10, 2.141393729e-10, 8.14402920102e-11, 1.30619515204e-10, 9.82078238176e-11, 3.04137444396e-11, 2.99636773726e-11, 1.5768414352e-11, 6.96364667319e-12]
    },
    "mfcc": {
        "mean": [-660.478515625, 94.4101638794, 13.4075641632, 26.3833522797, 7.56208086014, 16.2233352661, 5.72015190125, 4.74032783508, 0.692433297634, 3.26146364212, -0.0109729031101, 2.86142730713, 3.469414711],
        "cov": [[10698.2314453, -1358.16552734, 152.843322754, 240.866317749, -128.60218811, 220.646697998, 143.069671631, 11.5944881439, -47.0788726807, -32.7230110168, -111.622581482, -115.829971313, -72.12084198], [-1358.16552734, 1913.93457031, 97.1993255615, 201.855056763, 205.66583252, 35.3634262085, -1.63732552528, 23.685749054, 27.0468273163, -16.0037574768, 10.3411712646, 37.543762207, -3.42570519447], [152.843322754, 97.1993255615, 896.181335449, 473.446105957, 302.211883545, 281.184570312, 247.959747314, 176.858078003, 111.465820312, 100.666542053, 43.6173477173, 26.5923557281, 58.3531761169], [240.866317749, 201.855056763, 473.446105957, 496.757354736, 274.96295166, 248.122238159, 176.551345825, 146.204208374, 107.255561829, 66.6032714844, 37.072177887, 33.267326355, 39.3232765198], [-128.60218811, 205.66583252, 302.211883545, 274.96295166, 328.520782471, 266.639465332, 169.13961792, 119.188407898, 95.9597015381, 73.6931533813, 38.6317100525, 33.4994735718, 52.1404304504], [220.646697998, 35.3634262085, 281.184570312, 248.122238159, 266.639465332, 381.592010498, 243.851593018, 147.707229614, 101.6640625, 79.7300720215, 31.1726875305, 33.7783164978, 69.5395050049], [143.069671631, -1.63732552528, 247.959747314, 176.551345825, 169.13961792, 243.851593018, 229.180618286, 133.405029297, 90.802406311, 75.4457855225, 39.3503913879, 35.1018371582, 54.6655464172], [11.5944881439, 23.685749054, 176.858078003, 146.204208374, 119.188407898, 147.707229614, 133.405029297, 151.882919312, 106.242912292, 70.5484313965, 54.0259513855, 45.8935585022, 41.0892868042], [-47.0788726807, 27.0468273163, 111.465820312, 107.255561829, 95.9597015381, 101.6640625, 90.802406311, 106.242912292, 124.538574219, 87.4836730957, 57.444442749, 49.7985038757, 43.9030342102], [-32.7230110168, -16.0037574768, 100.666542053, 66.6032714844, 73.6931533813, 79.7300720215, 75.4457855225, 70.5484313965, 87.4836730957, 110.565940857, 75.1550750732, 54.5474967957, 48.9158973694], [-111.622581482, 10.3411712646, 43.6173477173, 37.072177887, 38.6317100525, 31.1726875305, 39.3503913879, 54.0259513855, 57.444442749, 75.1550750732, 103.185768127, 77.042640686, 42.450843811], [-115.829971313, 37.543762207, 26.5923557281, 33.267326355, 33.4994735718, 33.7783164978, 35.1018371582, 45.8935585022, 49.7985038757, 54.5474967957, 77.042640686, 96.1604690552, 68.0280456543], [-72.12084198, -3.42570519447, 58.3531761169, 39.3232765198, 52.1404304504, 69.5395050049, 54.6655464172, 41.0892868042, 43.9030342102, 48.9158973694, 42.450843811, 68.0280456543, 99.1714553833]],
