{
"lowlevel": {
    "average_loudness": 0.931545913219,
    "barkbands_crest": {
        "dmean": 2.83169460297,
        "dmean2": 4.30362796783,
        "dvar": 7.43573570251,
        "dvar2": 16.1143341064,
        "max": 26.4188346863,
        "mean": 12.7604351044,
        "median": 11.8517770767,
        "min": 2.5503911972,
        "var": 30.7625827789
    },
    "barkbands_flatness_db": {
        "dmean": 0.0241216402501,
        "dmean2": 0.0336214639246,
        "dvar": 0.000558965315577,
        "dvar2": 0.00102901214268,
        "max": 0.551804482937,
        "mean": 0.146660298109,
        "median": 0.133498638868,
        "min": 0.0216558370739,
        "var": 0.00365554215387
    },
    "barkbands_kurtosis": {
        "dmean": 5.72774505615,
        "dmean2": 8.35353565216,
        "dvar": 196.705337524,
        "dvar2": 443.300323486,
        "max": 351.879486084,
        "mean": 8.20718002319,
        "median": 2.04715919495,
        "min": -1.9332048893,
        "var": 407.507049561
    },
    "barkbands_skewness": {
        "dmean": 0.708725988865,
        "dmean2": 0.971181929111,
        "dvar": 0.806842207909,
        "dvar2": 1.57185995579,
        "max": 17.4016170502,
        "mean": 1.99731838703,
        "median": 1.53267419338,
        "min": -5.41885757446,
        "var": 3.85657024384
    },
    "barkbands_spread": {
        "dmean": 7.27048397064,
        "dmean2": 10.3611440659,
        "dvar": 76.6008605957,
        "dvar2": 142.374282837,
        "max": 128.276321411,
        "mean": 29.0990562439,
        "median": 26.8657131195,
        "min": 0.563454270363,
        "var": 341.821838379
    },
    "dissonance": {
        "dmean": 0.0161455273628,
        "dmean2": 0.0274316519499,
        "dvar": 0.000385695515433,
        "dvar2": 0.00112192775123,
        "max": 0.5,
        "mean": 0.46857509017,
        "median": 0.476813673973,
        "min": 0.0142820524052,
        "var": 0.000853506673593
    },
    "dynamic_complexity": 2.80130505562,
    "erbbands_crest": {
        "dmean": 2.34788870811,
        "dmean2": 3.69578504562,
        "dvar": 5.61774969101,
        "dvar2": 12.9218997955,
        "max": 31.8777618408,
        "mean": 8.17310714722,
        "median": 6.54998016357,
        "min": 2.2086250782,
        "var": 25.1788635254
    },
    "erbbands_flatness_db": {
        "dmean": 0.0127418776974,
        "dmean2": 0.0191328618675,
        "dvar": 0.000185952885658,
        "dvar2": 0.000379685574444,
        "max": 0.498295724392,
        "mean": 0.127438530326,
        "median": 0.111841656268,
        "min": 0.0515092499554,
        "var": 0.00301363249309
    },
    "erbbands_kurtosis": {
        "dmean": 0.889833569527,
        "dmean2": 1.36938309669,
        "dvar": 2.68284869194,
        "dvar2": 6.13722705841,
        "max": 65.8832550049,
        "mean": 0.662848711014,
        "median": -0.157864332199,
        "min": -1.8255802393,
        "var": 8.01338291168
    },
    "erbbands_skewness": {
        "dmean": 0.30664613843,
        "dmean2": 0.45814204216,
        "dvar": 0.093248359859,
        "dvar2": 0.189818546176,
        "max": 6.35290288925,
        "mean": 0.143469214439,
        "median": 0.0496278703213,
        "min": -2.9759542942,
        "var": 0.658757507801
    },
    "erbbands_spread": {
        "dmean": 9.47612285614,
        "dmean2": 13.605755806,
        "dvar": 91.5843734741,
        "dvar2": 174.311477661,
        "max": 184.640609741,
        "mean": 50.4373970032,
        "median": 48.5260658264,
        "min": 0.884812116623,
        "var": 639.379089355
    },
    "hfc": {
        "dmean": 9.49318504333,
        "dmean2": 14.1362638474,
        "dvar": 191.174697876,
        "dvar2": 441.788818359,
        "max": 151.647796631,
        "mean": 25.3512020111,
        "median": 19.1672878265,
        "min": 1.06612033517e-16,
        "var": 413.457672119
    },
    "melbands_crest": {
        "dmean": 3.28624677658,
        "dmean2": 4.98814439774,
        "dvar": 9.52710151672,
        "dvar2": 21.3843250275,
        "max": 31.4130897522,
        "mean": 16.7560691833,
        "median": 16.2018909454,
        "min": 1.67089998722,
        "var": 39.894241333
    },
    "melbands_flatness_db": {
        "dmean": 0.0290083158761,
        "dmean2": 0.0392826981843,
        "dvar": 0.00086204049876,
        "dvar2": 0.00148916535545,
        "max": 0.694936215878,
        "mean": 0.190033808351,
        "median": 0.177378967404,
        "min": 0.00268725003116,
        "var": 0.00571747031063
    },
    "melbands_kurtosis": {
        "dmean": 16.8854179382,
        "dmean2": 23.6176319122,
        "dvar": 1196.99316406,
        "dvar2": 2280.29321289,
        "max": 521.968139648,
        "mean": 31.8835792542,
        "median": 12.5793848038,
        "min": -1.73263800144,
        "var": 3274.92700195
    },
    "melbands_skewness": {
        "dmean": 1.04972553253,
        "dmean2": 1.43194282055,
        "dvar": 1.57601487637,
        "dvar2": 2.70935893059,
        "max": 19.2212352753,
        "mean": 3.87668609619,
        "median": 3.2318854332,
        "min": -2.75262022018,
        "var": 8.94244098663
    },
    "melbands_spread": {
        "dmean": 7.22111415863,
        "dmean2": 10.5393190384,
        "dvar": 90.4159545898,
        "dvar2": 192.09928894,
        "max": 220.306747437,
        "mean": 25.4166965485,
        "median": 20.8118152618,
        "min": 0.570049405098,
        "var": 469.26763916
    },
    "pitch_salience": {
        "dmean": 0.0825556814671,
        "dmean2": 0.120946399868,
        "dvar": 0.00687871640548,
        "dvar2": 0.0130341975018,
        "max": 0.97458344698,
        "mean": 0.475077271461,
        "median": 0.504132211208,
        "min": 0.0493582449853,
        "var": 0.0266020353884
    },
    "silence_rate_20dB": {
        "dmean": 0,
        "dmean2": 0,
        "dvar": 0,
        "dvar2": 0,
        "max": 1,
        "mean": 1,
        "median": 1,
        "min": 1,
        "var": 0
    },
    "silence_rate_30dB": {
        "dmean": 0.0523314997554,
        "dmean2": 0.104673661292,
        "dvar": 0.0495928376913,
        "dvar2": 0.136292308569,
        "max": 1,
        "mean": 0.966710805893,
        "median": 1,
        "min": 0,
        "var": 0.0321799255908
    },
    "silence_rate_60dB": {
        "dmean": 0.00325799221173,
        "dmean2": 0.00651664799079,
        "dvar": 0.003247855464,
        "dvar2": 0.00749390944839,
        "max": 1,
        "mean": 0.0279955212027,
        "median": 0,
        "min": 0,
        "var": 0.0272125676274
    },
    "spectral_centroid": {
        "dmean": 270.239196777,
        "dmean2": 387.755157471,
        "dvar": 88010.484375,
        "dvar2": 153151.765625,
        "max": 11707.2558594,
        "mean": 1714.42956543,
        "median": 1661.31506348,
        "min": 180.241821289,
        "var": 1294670.375
    },
    "spectral_complexity": {
        "dmean": 4.99409484863,
        "dmean2": 7.66133785248,
        "dvar": 30.9036064148,
        "dvar2": 65.2995452881,
        "max": 58,
        "mean": 18.8126850128,
        "median": 18,
        "min": 0,
        "var": 88.6977767944
    },
    "spectral_decrease": {
        "dmean": 3.16973691739e-09,
        "dmean2": 4.78407802262e-09,
        "dvar": 2.03829297052e-17,
        "dvar2": 3.88332147749e-17,
        "max": 1.92297122295e-25,
        "mean": -8.67192984089e-09,
        "median": -6.17964523997e-09,
        "min": -3.77311302202e-08,
        "var": 5.95357422534e-17
    },
    "spectral_energy": {
        "dmean": 0.0125283524394,
        "dmean2": 0.0189870037138,
        "dvar": 0.000306719361106,
        "dvar2": 0.00058792787604,
        "max": 0.143512293696,
        "mean": 0.035029321909,
        "median": 0.0257998034358,
        "min": 1.01542260538e-20,
        "var": 0.000881037209183
    },
    "spectral_energyband_high": {
        "dmean": 0.000742232077755,
        "dmean2": 0.00111182080582,
        "dvar": 1.61485320405e-06,
        "dvar2": 3.60268199984e-06,
        "max": 0.0148144038394,
        "mean": 0.00154701038264,
        "median": 0.000877945509274,
        "min": 6.90294338079e-21,
        "var": 3.19678633787e-06
    },
    "spectral_energyband_low": {
        "dmean": 0.00986746698618,
        "dmean2": 0.0145611865446,
        "dvar": 0.000280609703623,
        "dvar2": 0.000577821396291,
        "max": 0.142417415977,
        "mean": 0.0195084251463,
        "median": 0.00915541592985,
        "min": 1.25490099536e-23,
        "var": 0.000715110159945
    },
    "spectral_energyband_middle_high": {
        "dmean": 0.00187296338845,
        "dmean2": 0.00288650160655,
        "dvar": 8.96449455468e-06,
        "dvar2": 2.20833608182e-05,
        "max": 0.0710161551833,
        "mean": 0.00541377812624,
        "median": 0.00303760706447,
        "min": 1.20524637919e-21,
        "var": 4.17579867644e-05
    },
    "spectral_energyband_middle_low": {
        "dmean": 0.0075705209747,
        "dmean2": 0.0122010996565,
        "dvar": 0.000276623555692,
        "dvar2": 0.000639031291939,
        "max": 0.112618505955,
        "mean": 0.0105327451602,
        "median": 0.00488074263558,
        "min": 1.21682324745e-22,
        "var": 0.000269217096502
    },
    "spectral_entropy": {
        "dmean": 0.13835196197,
        "dmean2": 0.203030318022,
        "dvar": 0.0255569871515,
        "dvar2": 0.0484023466706,
        "max": 9.82640838623,
        "mean": 7.87620353699,
        "median": 7.98399114609,
        "min": 4.63913583755,
        "var": 0.25963523984
    },
    "spectral_flux": {
        "dmean": 0.033112000674,
        "dmean2": 0.0457285456359,
        "dvar": 0.00149616843555,
        "dvar2": 0.00229297811165,
        "max": 0.397087574005,
        "mean": 0.101326271892,
        "median": 0.0782668143511,
        "min": 6.36658850639e-11,
        "var": 0.00543488934636
    },
    "spectral_kurtosis": {
        "dmean": 1.08486163616,
        "dmean2": 1.70386266708,
        "dvar": 66.3669052124,
        "dvar2": 165.248565674,
        "max": 642.482543945,
        "mean": 3.62718319893,
        "median": 2.23122596741,
        "min": -1.46899926662,
        "var": 428.55065918
    },
    "spectral_rms": {
        "dmean": 0.000985803082585,
        "dmean2": 0.00145300419535,
        "dvar": 1.45267745211e-06,
        "dvar2": 2.61250829681e-06,
        "max": 0.0118326665834,
        "mean": 0.00535660842434,
        "median": 0.00501702493057,
        "min": 3.14746904755e-12,
        "var": 5.48162688574e-06
    },
    "spectral_rolloff": {
        "dmean": 679.922668457,
        "dmean2": 1080.38989258,
        "dvar": 1481172.25,
        "dvar2": 3069388.25,
        "max": 19616.7480469,
        "mean": 1849.50036621,
        "median": 1205.859375,
        "min": 64.599609375,
        "var": 6099699
    },
    "spectral_skewness": {
        "dmean": 0.141490533948,
        "dmean2": 0.219342514873,
        "dvar": 0.0463206768036,
        "dvar2": 0.0896348133683,
        "max": 21.0767478943,
        "mean": 1.33479332924,
        "median": 1.21882402897,
        "min": -0.226814284921,
        "var": 0.761941552162
    },
    "spectral_spread": {
        "dmean": 546118,
        "dmean2": 820967.9375,
        "dvar": 712817639424,
        "dvar2": 1.48984692736e+12,
        "max": 42441576,
        "mean": 6239490,
        "median": 5913143,
        "min": 210621.09375,
        "var": 1.39248732733e+13
    },
    "spectral_strongpeak": {
        "dmean": 0.443210691214,
        "dmean2": 0.726843953133,
        "dvar": 0.886447608471,
        "dvar2": 2.17050290108,
        "max": 19.3990688324,
        "mean": 1.00166022778,
        "median": 0.473962306976,
        "min": 0,
        "var": 2.52521038055
    },
    "zerocrossingrate": {
        "dmean": 0.0139303328469,
        "dmean2": 0.0149257155135,
        "dvar": 0.000261836510617,
        "dvar2": 0.000295310659567,
        "max": 0.52783203125,
        "mean": 0.0762031376362,
        "median": 0.0673828125,
        "min": 0.00439453125,
        "var": 0.00365954171866
    },
    "barkbands": {
        "dmean": [0.000162704513059, 0.00741053279489, 0.00542378099635, 0.00383461127058, 0.00427919020876, 0.00105441641062, 0.000337233155733, 0.000332593801431, 0.000517925363965, 0.000391213834519, 0.000593108357862, 0.000230583027587, 0.000436772155808, 0.000491371785756, 0.000285715097561, 0.000205061704037, 0.000188638994587, 0.000157393311383, 0.000194649313926, 0.000151706379256, 0.000138379720738, 0.000136477785418, 0.000141886397614, 0.000163010845426, 0.00015668902779, 6.48905988783e-05, 1.23339172209e-09],
        "dmean2": [0.000278511637589, 0.00992303900421, 0.00845479499549, 0.00693453243002, 0.00774206593633, 0.00167317513842, 0.000554104102775, 0.000545993330888, 0.000788966193795, 0.000610342656728, 0.000915214652196, 0.000378524535336, 0.000697662297171, 0.000771084800363, 0.000457165646367, 0.000332287454512, 0.000304327928461, 0.000255597929936, 0.00031600065995, 0.000244856462814, 0.000223427312449, 0.000211478109122, 0.000220640431507, 0.000245562870987, 0.000239510947722, 9.78605457931e-05, 2.24204632637e-09],
        "dvar": [1.04524957578e-07, 0.000202935567359, 0.00017914835189, 0.000137661088957, 0.000154173394549, 4.33597324445e-06, 3.8732594021e-07, 4.4674112587e-07, 1.22058997931e-06, 7.69515963839e-07, 1.37818528856e-06, 3.74443118289e-07, 1.91504022951e-06, 2.78053221336e-06, 5.69886253743e-07, 2.88494476308e-07, 1.60561000939e-07, 7.41983541275e-08, 1.08920083619e-07, 5.02158279403e-08, 4.31827231751e-08, 4.98128045479e-08, 6.26221350331e-08, 1.06393137855e-07, 1.22366103028e-07, 2.05810302134e-08, 2.83951313993e-18],
        "dvar2": [2.88189767161e-07, 0.000401666562539, 0.00043062705663, 0.000387525797123, 0.000438199116616, 1.02341873571e-05, 9.67804908214e-07, 1.08357494355e-06, 2.51902656601e-06, 1.62481637744e-06, 3.21032098327e-06, 9.56571057031e-07, 4.93233210364e-06, 6.30263684798e-06, 1.41393593367e-06, 6.8268633413e-07, 3.80643399467e-07, 1.75733575247e-07, 2.62496314463e-07, 1.20664168435e-07, 1.03571075272e-07, 1.14838456966e-07, 1.45262745832e-07, 2.13842724861e-07, 2.80695928723e-07, 4.83976094756e-08, 8.58688418394e-18],
        "max": [0.00390795478597, 0.135624483228, 0.104782134295, 0.0795496925712, 0.0920578241348, 0.0397323258221, 0.0110398679972, 0.0138183757663, 0.0253755170852, 0.0221287086606, 0.0246575009078, 0.0172769520432, 0.0553315132856, 0.0449658185244, 0.0191287063062, 0.0133715197444, 0.0166446696967, 0.00616600783542, 0.00689878175035, 0.00424938043579, 0.00259390310384, 0.00295229326002, 0.00350640481338, 0.00680548883975, 0.00683909328654, 0.00211071781814, 1.9784010874e-08],
        "mean": [0.000164612574736, 0.0118907904252, 0.00558906421065, 0.00304206204601, 0.0036646395456, 0.00164350448176, 0.000412796565797, 0.000468630256364, 0.00108502199873, 0.000614745193161, 0.00119439617265, 0.000337840145221, 0.000641053775325, 0.000852190074511, 0.000458760943729, 0.000306260713842, 0.000322565465467, 0.000271144235739, 0.000387018750189, 0.000284151814412, 0.000258649262832, 0.00024088358623, 0.000256763858488, 0.000289132673061, 0.00025837359135, 9.42218248383e-05, 1.032886221e-09],
        "median": [4.13402631239e-05, 0.00402010791004, 0.000927036977373, 0.000433218025137, 0.00105880899355, 0.000606072950177, 0.000192405932466, 0.000152101158164, 0.000211158185266, 0.000164340206538, 0.000332571653416, 0.000134108646307, 0.00019781741139, 0.000233707454754, 0.000193054467672, 0.000161989388289, 0.00018309103325, 0.000167186371982, 0.000224216957577, 0.000192011400941, 0.000173336578882, 0.000141306838486, 0.000130633328808, 0.00013071927242, 9.17190991458e-05, 3.12638912874e-05, 3.9460068546e-10],
        "min": [4.7173684917e-25, 1.91333518839e-24, 1.29369263873e-24, 1.4241980398e-24, 9.92442791234e-24, 2.19066121177e-24, 6.43723159878e-24, 7.29215447722e-24, 1.03166385104e-23, 1.39313372287e-23, 8.32794146755e-24, 1.56168994804e-23, 1.95011874688e-23, 3.45190543768e-23, 3.86010372189e-23, 4.55305902033e-23, 7.31939668417e-23, 8.73452100919e-23, 1.2950181696e-22, 2.02320469027e-22, 2.2621090066e-22, 3.12639410204e-22, 4.06093956732e-22, 6.05716937981e-22, 9.62321548051e-22, 1.25923213203e-21, 1.72627827858e-21],
        "var": [1.10599998493e-07, 0.000403246609494, 0.000166755038663, 8.3903549239e-05, 9.35020580073e-05, 7.80244135967e-06, 4.35060997006e-07, 8.63787533945e-07, 5.97552798354e-06, 2.36975370171e-06, 5.65930804441e-06, 7.57837142373e-07, 3.72063368559e-06, 7.29847351977e-06, 1.13248449907e-06, 4.79914604057e-07, 4.47938987236e-07, 1.59785031428e-07, 3.30649896796e-07, 9.33895805133e-08, 7.63986420793e-08, 8.48775769668e-08, 1.10563135536e-07, 2.3435421781e-07, 1.9899464121e-07, 2.78041554225e-08, 2.61106756824e-18]
    },
    "erbbands": {
        "dmean": [0.160379514098, 1.90339267254, 5.3264670372, 10.1250066757, 11.2916240692, 15.8636064529, 10.9351978302, 8.38724327087, 4.52635860443, 8.02908420563, 6.75471258163, 13.0824651718, 10.5910148621, 14.5751342773, 20.5003643036, 10.4904260635, 15.0649175644, 28.1048183441, 9.46324729919, 18.3591880798, 10.3228607178, 9.31765174866, 7.40561151505, 9.44103527069, 9.24098873138, 7.41761779785, 6.11372423172, 5.27824258804, 4.96809530258, 3.83320760727, 4.37261915207, 3.67038035393, 2.74246144295, 1.94229471684, 1.04272794724, 0.374734640121, 0.115095324814, 0.00810550525784, 0.00016280944692, 2.2516325771e-05],
        "dmean2": [0.250081062317, 2.37963008881, 7.5135974884, 16.8073158264, 19.7752532959, 28.8739242554, 18.7257137299, 13.2969579697, 7.38353729248, 13.1064739227, 10.6633548737, 19.8592014313, 17.0875968933, 22.117389679, 31.6054000854, 16.996465683, 23.9081249237, 43.9753494263, 15.3682832718, 29.0985126495, 16.5224075317, 14.8565607071, 11.9620437622, 15.2436237335, 14.9365692139, 12.0636415482, 9.84050559998, 8.39816665649, 7.79685592651, 6.05451107025, 6.90303945541, 5.70367145538, 4.11770153046, 2.99929904938, 1.62020039558, 0.572547018528, 0.171155557036, 0.0123884649947, 0.000245268282015, 3.39839316439e-05],
        "dvar": [0.107102006674, 12.5528402328, 143.563842773, 734.390319824, 1110.00878906, 2161.02099609, 518.357910156, 327.226409912, 88.3265228271, 196.286392212, 210.974731445, 959.643859863, 476.366577148, 1110.12487793, 1718.82104492, 745.8125, 1177.89038086, 10910.6757812, 217.292739868, 3041.38793945, 810.539978027, 491.943023682, 131.434631348, 302.585327148, 244.565948486, 123.394676208, 80.3904342651, 70.200920105, 67.0074615479, 38.9440307617, 65.0845184326, 47.1185455322, 35.1045036316, 21.5653896332, 5.93204832077, 0.682625949383, 0.0678303986788, 0.000359161756933, 1.33503036182e-07, 1.02904351706e-09],
        "dvar2": [0.270136386156, 23.0193138123, 316.415344238, 1903.9420166, 2973.30932617, 6225.54736328, 1403.90917969, 777.718200684, 222.862762451, 486.828979492, 490.158599854, 2007.00170898, 1057.55688477, 2250.41992188, 3910.7434082, 1881.59069824, 2711.97607422, 26119.3710938, 512.975402832, 7326.58837891, 1892.46960449, 1171.8560791, 298.565460205, 716.016418457, 580.163330078, 299.596893311, 190.611450195, 167.009002686, 157.738891602, 94.2009124756, 154.384368896, 102.933830261, 68.1640930176, 48.6111602783, 14.5829935074, 1.64726269245, 0.153802871704, 0.00084965856513, 3.10074852905e-07, 2.25104068718e-09],
        "max": [2.87331533432, 33.7833061218, 96.0405654907, 190.024185181, 298.844696045, 407.681518555, 238.839584351, 337.526794434, 216.589279175, 214.496627808, 363.433837891, 755.296264648, 634.344238281, 1091.43920898, 969.612976074, 826.053283691, 1029.87145996, 2821.63647461, 336.332855225, 1516.03735352, 903.013000488, 1107.82397461, 294.482269287, 487.735015869, 369.789093018, 260.213867188, 150.590988159, 93.4203643799, 95.7564239502, 101.05342865, 102.063804626, 150.287322998, 124.205184937, 120.038314819, 43.9154014587, 13.8296470642, 3.30951166153, 0.220192208886, 0.00432319752872, 0.000311256357236],
        "mean": [0.265837937593, 2.94803118706, 6.246073246, 9.75898838043, 9.29195594788, 13.5000352859, 14.5566244125, 12.4201126099, 5.77827358246, 10.3139925003, 12.3166351318, 28.5795383453, 15.6613206863, 28.8127098083, 40.821056366, 17.6875038147, 25.7112922668, 52.0485115051, 17.5753269196, 30.1096725464, 17.6101856232, 17.2396869659, 14.3474464417, 18.1720542908, 18.1376571655, 14.0424146652, 12.1842298508, 9.30668926239, 8.6557302475, 7.14119148254, 7.53193616867, 6.5426158905, 4.68575429916, 3.23955702782, 1.57008445263, 0.571553587914, 0.157330408692, 0.0105610312894, 0.000240655310336, 5.66493326914e-05],
        "median": [0.0785429924726, 1.01344347, 1.60567641258, 1.9084290266, 1.74519765377, 3.83945226669, 5.00975465775, 4.78292036057, 2.83285999298, 4.74326229095, 3.76906275749, 5.06816911697, 7.23164892197, 8.04176807404, 13.6282291412, 8.42051696777, 9.8697977066, 11.8415279388, 10.1363010406, 11.6216573715, 9.6598482132, 9.9299249649, 9.41823101044, 10.8768367767, 10.6210699081, 9.62857627869, 8.33607578278, 5.82137584686, 5.14056968689, 4.10715675354, 3.79199433327, 3.18483066559, 1.87561357021, 1.18977296352, 0.541287720203, 0.194985762239, 0.048184029758, 0.00331784645095, 9.31479298742e-05, 4.33743553003e-05],
        "min": [6.66978424376e-23, 2.43949542519e-22, 1.78310413263e-21, 4.55350850697e-21, 7.62822406605e-21, 2.37084051478e-20, 5.032055675e-20, 2.47130903187e-20, 1.06390516358e-19, 1.32553457189e-19, 2.66481119869e-19, 2.58947469043e-19, 3.90799593395e-19, 7.76228509868e-19, 8.05729751318e-19, 1.04592345906e-18, 1.52411812214e-18, 2.08127699746e-18, 2.84227654356e-18, 2.14772028016e-18, 3.15751217988e-18, 5.49498024793e-18, 5.53572881927e-18, 6.41741360315e-18, 7.40653632731e-18, 7.60930724677e-18, 8.80004862779e-18, 9.51651855998e-18, 1.09978741328e-17, 1.20413889453e-17, 1.01609170726e-17, 1.11627006232e-17, 9.79806685225e-18, 8.57042825283e-18, 6.77225092488e-18, 4.21560356915e-18, 2.1436741262e-18, 9.17273092367e-19, 2.4819665432e-19, 2.52672076251e-20],
        "var": [0.187342554331, 26.046163559, 174.031936646, 554.266845703, 753.846862793, 1282.37060547, 618.440490723, 509.717407227, 99.1257476807, 256.634796143, 565.234680176, 4541.16552734, 992.948059082, 4022.51171875, 6253.09277344, 1683.33459473, 3271.26293945, 32800.5195312, 552.130737305, 6546.33789062, 1619.92089844, 1471.95947266, 373.321716309, 757.780029297, 721.997680664, 216.678939819, 174.709014893, 113.798225403, 110.54839325, 72.9051971436, 102.042945862, 93.1403808594, 76.4357528687, 36.141494751, 7.57588768005, 0.946103453636, 0.089508742094, 0.000425280624768, 1.69986151377e-07, 2.03950967226e-09]
    },
    "gfcc": {
        "mean": [8.27229976654, 63.2299766541, -106.872772217, 43.5969848633, -56.0359306335, 31.1489105225, -37.8526573181, 15.2213478088, -29.4775104523, 6.88185310364, -15.1091184616, 2.86829948425, -9.03896141052],
        "cov": [[20387.5917969, 72.030456543, -777.326538086, 979.706176758, -832.739929199, 464.237487793, -658.126647949, 289.078552246, -653.405822754, 184.854873657, -443.110961914, 166.740814209, -254.357055664], [72.030456543, 1151.67944336, 257.136871338, 7.21077680588, 38.8888893127, -63.0660133362, 116.502761841, -29.8330478668, 18.6092205048, -88.5641708374, -3.55926942825, -85.5579299927, 75.1936187744], [-777.326538086, 257.136871338, 1117.69909668, 227.116836548, 55.116809845, -23.5493335724, 18.4177207947, 27.5081729889, 6.12429571152, -27.3039035797, -94.4014816284, 1.48925864697, -21.7431163788], [979.706176758, 7.21077680588, 227.116836548, 635.565124512, 252.855865479, 95.0291595459, 43.4573364258, 56.7003593445, 84.9412765503, 18.8903903961, -55.2618179321, 48.9753265381, -43.5528869629], [-832.739929199, 38.8888893127, 55.116809845, 252.855865479, 368.84487915, 91.8639297485, 140.11151123, 14.6041765213, 114.483329773, 26.2144107819, 18.1939926147, 14.6197252274, -17.2959346771], [464.237487793, -63.0660133362, -23.5493335724, 95.0291595459, 91.8639297485, 189.106948853, 85.3408660889, 42.6037597656, 30.0464706421, 33.4332733154, 15.6752300262, 1.40214931965, -7.49709415436], [-658.126647949, 116.502761841, 18.4177207947, 43.4573364258, 140.11151123, 85.3408660889, 196.59336853, 52.3707885742, 87.2908935547, 19.7819194794, 35.3218269348, -0.00216574291699, 19.1590843201], [289.078552246, -29.8330478668, 27.5081729889, 56.7003593445, 14.6041765213, 42.6037597656, 52.3707885742, 135.985549927, 63.346824646, 36.7584686279, 19.2006664276, 28.7431221008, 24.8189163208], [-653.405822754, 18.6092205048, 6.12429571152, 84.9412765503, 114.483329773, 30.0464706421, 87.2908935547, 63.346824646, 157.165649414, 48.9172821045, 56.7903175354, 19.2170677185, 27.0258960724], [184.854873657, -88.5641708374, -27.3039035797, 18.8903903961, 26.2144107819, 33.4332733154, 19.7819194794, 36.7584686279, 48.9172821045, 103.320075989, 43.7274513245, 40.1872787476, 1.62477314472], [-443.110961914, -3.55926942825, -94.4014816284, -55.2618179321, 18.1939926147, 15.6752300262, 35.3218269348, 19.2006664276, 56.7903175354, 43.7274513245, 123.02130127, 31.4287910461, 47.0892906189], [166.740814209, -85.5579299927, 1.48925864697, 48.9753265381, 14.6197252274, 1.40214931965, -0.00216574291699, 28.7431221008, 19.2170677185, 40.1872787476, 31.4287910461, 95.3172531128, 28.6260566711], [-254.357055664, 75.1936187744, -21.7431163788, -43.5528869629, -17.2959346771, -7.49709415436, 19.1590843201, 24.8189163208, 27.0258960724, 1.62477314472, 47.0892906189, 28.6260566711, 94.0485610962]],
        "icov": [[0.0002357581252, -0.000410309730796, 0.000364659674233, -0.000573893135879, 0.000666988431476, -0.00090645236196, 0.000771639693994, -0.000783031282481, 0.000915503129363, -0.000794989231508, 0.00057963305153, -0.000537473184522, 0.00050808506785], [-0.000410309730796, 0.00205802335404, -0.000896678422578, 0.000629509566352, -0.0010169170564, 0.00243142526597, -0.00263372645713, 0.00180427939631, -0.00118774408475, 0.0016271303175, -0.00125346693676, 0.00252903020009, -0.00243268534541], [0.000364659674233, -0.000896678422578, 0.00165914860554, -0.00120118807536, 0.00109240144957, -0.00117134756874, 0.00110218185, -0.0014406000264, 0.00138117803726, -0.00129844748881, 0.00167589669582, -0.00112834677566, 0.000923494109884], [-0.000573893135879, 0.000629509566352, -0.00120118807536, 0.00469056190923, -0.0036668011453, 0.0007037264877, 0.000150605614181, 0.000916971766856, -0.00375799043104, 0.00279512745328, 0.000382572528906, -0.00113376451191, 0.000133274355903], [0.000666988431476, -0.0010169170564, 0.00109240144957, -0.0036668011453, 0.00829684641212, -0.00318683125079, -0.00137757102493, 0.000672109890729, -0.000198978188564, -0.00187071668915, 0.00131496519316, -0.00202472694218, 0.00259386468679], [-0.00090645236196, 0.00243142526597, -0.00117134756874, 0.0007037264877, -0.00318683125079, 0.0123175932094, -0.00709116458893, 0.001446239301, -0.000150212115841, 0.000558013329282, -0.00346728879958, 0.00502808904275, -0.00264252629131], [0.000771639693994, -0.00263372645713, 0.00110218185, 0.000150605614181, -0.00137757102493, -0.00709116458893, 0.0143169965595, -0.0052162790671, -0.000452773325378, -0.00124544557184, 0.00192107027397, -0.00257716467604, 0.00213273172267], [-0.000783031282481, 0.00180427939631, -0.0014406000264, 0.000916971766856, 0.000672109890729, 0.001446239301, -0.0052162790671, 0.0146212456748, -0.00730767613277, 0.000991309178062, -4.76130699099e-05, 0.000280821957858, -0.00400446401909], [0.000915503129363, -0.00118774408475, 0.00138117803726, -0.00375799043104, -0.000198978188564, -0.000150212115841, -0.000452773325378, -0.00730767613277, 0.0186624545604, -0.0073902644217, -0.00222497340292, 0.00177013967186, -0.000683167017996], [-0.000794989231508, 0.0016271303175, -0.00129844748881, 0.00279512745328, -0.00187071668915, 0.000558013329282, -0.00124544557184, 0.000991309178062, -0.0073902644217, 0.0193960741162, -0.00575781427324, -0.00434400234371, 0.00322945974767], [0.00057963305153, -0.00125346693676, 0.00167589669582, 0.000382572528906, 0.00131496519316, -0.00346728879958, 0.00192107027397, -4.76130699099e-05, -0.00222497340292, -0.00575781427324, 0.0168925859034, -0.00406222278252, -0.00376161932945], [-0.000537473184522, 0.00252903020009, -0.00112834677566, -0.00113376451191, -0.00202472694218, 0.00502808904275, -0.00257716467604, 0.000280821957858, 0.00177013967186, -0.00434400234371, -0.00406222278252, 0.0197261050344, -0.00818600039929], [0.00050808506785, -0.00243268534541, 0.000923494109884, 0.000133274355903, 0.00259386468679, -0.00264252629131, 0.00213273172267, -0.00400446401909, -0.000683167017996, 0.00322945974767, -0.00376161932945, -0.00818600039929, 0.0196313466877]]
    },
    "melbands": {
        "dmean": [0.00178323488217, 0.00228023040108, 0.0016815525014, 0.00097465980798, 0.000457093323348, 0.000187389348866, 6.87105784891e-05, 8.56568149175e-05, 6.53549213894e-05, 7.64019423514e-05, 5.27704760316e-05, 5.7475092035e-05, 8.58086568769e-05, 2.75312504527e-05, 2.85877540591e-05, 4.73156069347e-05, 5.23640446772e-05, 1.63854510902e-05, 1.99378955585e-05, 2.01962611754e-05, 1.30428143166e-05, 1.09585535029e-05, 8.28997508506e-06, 8.17355703475e-06, 8.26124141895e-06, 8.26512405183e-06, 5.5933501244e-06, 5.04257923239e-06, 4.47905449619e-06, 3.5053353713e-06, 3.17467333844e-06, 3.05557546199e-06, 2.58301133726e-06, 2.07752918868e-06, 2.61607374341e-06, 2.57903025158e-06, 2.22885068979e-06, 2.04618436328e-06, 1.91455819731e-06, 1.61430057233e-06],
        "dmean2": [0.00254689459689, 0.00313345016912, 0.00272409175523, 0.00175234687049, 0.000793392478954, 0.000296115409583, 0.000112082561827, 0.00014002872922, 0.00010011158156, 0.00011702105985, 8.52479643072e-05, 8.66976988618e-05, 0.00013200333342, 4.48339342256e-05, 4.68526814075e-05, 7.50184117351e-05, 8.16900355858e-05, 2.69304418907e-05, 3.1735515222e-05, 3.25677065121e-05, 2.09637146327e-05, 1.7522734197e-05, 1.35485652208e-05, 1.33839803311e-05, 1.34079864438e-05, 1.33775984068e-05, 9.25288713916e-06, 8.27516578283e-06, 7.25642030375e-06, 5.81507174502e-06, 5.04173749505e-06, 4.85353575641e-06, 4.15773365603e-06, 3.3304520457e-06, 4.1918124225e-06, 4.06134267905e-06, 3.4892630083e-06, 3.08923836201e-06, 2.93053471978e-06, 2.54716042036e-06],
        "dvar": [1.26316490423e-05, 2.06769163924e-05, 1.89549009519e-05, 8.69277846505e-06, 1.03500053683e-06, 1.51643845925e-07, 1.82082793287e-08, 2.22948148831e-08, 1.83471335902e-08, 3.02861273838e-08, 1.20344187948e-08, 1.90181967952e-08, 3.07659817622e-08, 5.88961590609e-09, 2.91764834515e-09, 2.77885696676e-08, 3.4600322607e-08, 8.07686584281e-10, 2.90679169623e-09, 2.73045697163e-09, 1.46315515259e-09, 8.28879853643e-10, 2.7159727245e-10, 1.85720647194e-10, 2.63667560008e-10, 2.89050894331e-10, 6.8143296561e-11, 5.94173737989e-11, 4.76524583681e-11, 2.93438121024e-11, 2.56657733261e-11, 2.61419826758e-11, 1.85676717057e-11, 1.17707224176e-11, 2.46575745932e-11, 2.0891188085e-11, 1.91245179415e-11, 2.23045713843e-11, 1.94873076009e-11, 1.64180179868e-11],
        "dvar2": [2.78659608739e-05, 3.7586374674e-05, 4.72394203825e-05, 2.43031499849e-05, 2.9111558888e-06, 3.57868401579e-07, 4.5864830156e-08, 5.54265255914e-08, 4.0329943829e-08, 6.45206768013e-08, 2.66892943301e-08, 3.82344218508e-08, 7.1541826685e-08, 1.5212194171e-08, 6.75185596322e-09, 7.02195634972e-08, 8.06822555433e-08, 1.9992256739e-09, 7.04608504876e-09, 6.55628218382e-09, 3.44642714367e-09, 1.97005833869e-09, 6.20428097786e-10, 4.42862663208e-10, 6.239068151e-10, 6.76784017717e-10, 1.73260239489e-10, 1.45428474818e-10, 1.15760033503e-10, 7.32722979513e-11, 5.98098792715e-11, 6.152513915e-11, 4.56442973695e-11, 2.89951760518e-11, 5.96621502202e-11, 4.8069239561e-11, 4.09513291333e-11, 4.48520491581e-11, 4.15817345834e-11, 3.84409344634e-11],
        "max": [0.0328071117401, 0.0369881503284, 0.0304724313319, 0.021634388715, 0.00904966425151, 0.00689545320347, 0.00284932693467, 0.00220754090697, 0.00303399935365, 0.00420569814742, 0.00315630226396, 0.00449669733644, 0.00369847775437, 0.00223906547762, 0.0016759756254, 0.00556602748111, 0.00484377378598, 0.000599302176852, 0.00128581642639, 0.00149943376891, 0.00116431899369, 0.00147454545368, 0.000618753780145, 0.000454434426501, 0.000451804691693, 0.000436290487414, 0.000144600053318, 0.000199822912691, 0.000145313606481, 7.08044317435e-05, 7.39303795854e-05, 6.85773193254e-05, 4.64761142212e-05, 6.53716779198e-05, 5.75615522393e-05, 8.75371551956e-05, 0.000118448901048, 0.000113434631203, 0.000118590432976, 0.000122247976833],
        "mean": [0.00296831363812, 0.00365338451229, 0.00167436350603, 0.000790419755504, 0.000564873567782, 0.000285788963083, 8.53124074638e-05, 0.000110255969048, 0.000128898231196, 0.000161020754604, 7.11080501787e-05, 0.000107785352156, 0.000172533444129, 4.13011803175e-05, 4.39061586803e-05, 8.17559775896e-05, 9.40331447055e-05, 2.67427039944e-05, 3.25765140587e-05, 3.17630183417e-05, 1.98635807465e-05, 1.84897326108e-05, 1.41356267704e-05, 1.37307806654e-05, 1.4296811969e-05, 1.55170801008e-05, 9.83547488431e-06, 8.97639438335e-06, 8.27935582493e-06, 6.00250132266e-06, 5.20807816429e-06, 5.020073786e-06, 4.35967149315e-06, 3.79003245143e-06, 4.23458959631e-06, 4.42741384177e-06, 3.77895821657e-06, 3.33058824253e-06, 3.02819125864e-06, 2.61481341113e-06],
        "median": [0.000985441962257, 0.00136973359622, 0.00034250531462, 0.000190251652384, 0.000211165475775, 0.000110625675006, 4.1287883505e-05, 5.00747191836e-05, 3.02023927361e-05, 3.09992101393e-05, 2.7433365176e-05, 2.71071403404e-05, 4.85722594021e-05, 1.74576343852e-05, 2.15015606955e-05, 1.83597876457e-05, 2.19954363274e-05, 1.40401107274e-05, 1.35261134346e-05, 1.39051744554e-05, 1.02070707726e-05, 9.90720218397e-06, 8.49972548167e-06, 8.27807798487e-06, 7.97787106421e-06, 7.88547822594e-06, 6.32045930615e-06, 6.00537396167e-06, 5.46575893168e-06, 3.91136700273e-06, 3.09564416057e-06, 2.90212574328e-06, 2.52740119322e-06, 2.11387646232e-06, 2.07006610253e-06, 2.25086296268e-06, 1.73610067122e-06, 1.2974164747e-06, 1.09309792151e-06, 9.34187767143e-07],
        "min": [7.88207481872e-25, 8.46023935781e-25, 1.17326483712e-24, 6.53965690428e-25, 2.14036600425e-24, 4.56577013331e-25, 1.55405834987e-24, 1.46294698607e-24, 1.96747550118e-24, 1.52556587726e-24, 1.80977135938e-24, 2.29737851225e-24, 1.24874383739e-24, 2.34180636957e-24, 2.48327476785e-24, 2.66021133851e-24, 3.48368667139e-24, 3.53686023514e-24, 2.71771200154e-24, 2.72060337397e-24, 2.65695511791e-24, 4.7670521348e-24, 4.67579276098e-24, 3.70074451048e-24, 3.74423046788e-24, 4.22905254731e-24, 4.52613243662e-24, 4.64046204762e-24, 5.06718925455e-24, 5.70756129386e-24, 5.11393754622e-24, 5.30092479646e-24, 5.59776921079e-24, 5.31738161824e-24, 4.97499350283e-24, 5.03477259337e-24, 6.43829932201e-24, 5.70815846156e-24, 5.77761332553e-24, 6.44122757369e-24],
        "var": [2.38487136812e-05, 3.91240209865e-05, 1.55150028149e-05, 5.36171774002e-06, 9.24017456327e-07, 2.52297837733e-07, 2.04757863997e-08, 3.00030258416e-08, 6.44630588909e-08, 1.35939927759e-07, 2.45942732846e-08, 6.80760621208e-08, 1.22652153323e-07, 1.08200852722e-08, 6.00525362771e-09, 7.98088777287e-08, 1.00971789152e-07, 1.66503577592e-09, 6.3033738229e-09, 5.47672662776e-09, 2.66601185572e-09, 2.2844348635e-09, 7.69900976305e-10, 3.95940225051e-10, 5.66442004413e-10, 8.46936409893e-10, 1.18161161411e-10, 9.83101586249e-11, 9.91911483506e-11, 4.61505798854e-11, 4.08711398059e-11, 4.11498508879e-11, 2.8040162206e-11, 2.28377022155e-11, 3.53008802745e-11, 3.62420891908e-11, 3.8543869485e-11, 4.54193939403e-11, 3.59392099414e-11, 2.42792608934e-11]
    },
    "mfcc": {
        "mean": [-626.801696777, 88.8089675903, 11.074511528, 20.7462387085, 10.7756710052, 12.2402448654, 9.48504161835, 6.1581029892, 0.230510085821, 4.67230987549, -2.5142891407, -0.151425719261, -0.500203430653],
        "cov": [[7504.90087891, 304.308227539, 286.00302124, 323.554870605, 118.624275208, 142.424346924, 46.3204460144, 20.7032356262, -13.8321065903, -65.0255737305, -25.0137710571, -73.4844284058, -44.4276809692], [304.308227539, 1055.04187012, 229.675933838, 39.6709251404, -41.6505775452, -24.4083328247, 75.2671585083, -17.3395004272, 17.7045574188, 19.2357673645, -42.7983589172, -29.5750617981, -35.627456665], [286.00302124, 229.675933838, 785.987487793, 162.614578247, 87.7783355713, -11.5507068634, 6.23550510406, -8.62180042267, 45.9661598206, -63.7145996094, -6.93660259247, 5.88816261292, -42.4031448364], [323.554870605, 39.6709251404, 162.614578247, 460.389892578, 213.050186157, 154.457351685, 7.83488750458, 96.7745513916, 92.4625701904, -25.9851512909, 67.7298583984, 35.1913146973, 23.5542106628], [118.624275208, -41.6505775452, 87.7783355713, 213.050186157, 226.087280273, 118.89566803, 32.5357055664, 64.2125930786, 63.632648468, 2.64545845985, 47.5298805237, 33.9273872375, 25.5573310852], [142.424346924, -24.4083328247, -11.5507068634, 154.457351685, 118.89566803, 230.430389404, 73.9295425415, 72.781463623, 57.5656738281, 19.1734428406, 66.0726394653, 22.0664367676, 29.6723175049], [46.3204460144, 75.2671585083, 6.23550510406, 7.83488750458, 32.5357055664, 73.9295425415, 120.752670288, 49.8876838684, 33.0453872681, 30.3010807037, 20.4546890259, 16.978811264, 16.4022045135], [20.7032356262, -17.3395004272, -8.62180042267, 96.7745513916, 64.2125930786, 72.781463623, 49.8876838684, 117.123191833, 71.7124404907, 24.829908371, 36.8577003479, 32.2829818726, 25.1990852356], [-13.8321065903, 17.7045574188, 45.9661598206, 92.4625701904, 63.632648468, 57.5656738281, 33.0453872681, 71.7124404907, 119.362731934, 37.975402832, 40.3382072449, 26.6750144958, 26.275762558], [-65.0255737305, 19.2357673645, -63.7145996094, -25.9851512909, 2.64545845985, 19.1734428406, 30.3010807037, 24.829908371, 37.975402832, 100.415870667, 31.783411026, 23.6574401855, 20.6497173309], [-25.0137710571, -42.7983589172, -6.93660259247, 67.7298583984, 47.5298805237, 66.0726394653, 20.4546890259, 36.8577003479, 40.3382072449, 31.783411026, 99.5514984131, 43.9875869751, 31.9184856415], [-73.4844284058, -29.5750617981, 5.88816261292, 35.1913146973, 33.9273872375, 22.0664367676, 16.978811264, 32.2829818726, 26.6750144958, 23.6574401855, 43.9875869751, 81.5689620972, 45.1313285828], [-44.4276809692, -35.627456665, -42.4031448364, 23.5542106628, 25.5573310852, 29.6723175049, 16.4022045135, 25.1990852356, 26.275762558, 20.6497173309, 31.9184856415, 45.1313285828, 80.7508239746]],
