{
"lowlevel": {
    "average_loudness": 0.928090929985,
    "barkbands_crest": {
        "dmean": 3.0286192894,
        "dmean2": 4.81323623657,
        "dvar": 10.2162981033,
        "dvar2": 22.6539478302,
        "max": 26.6938343048,
        "mean": 13.7123985291,
        "median": 12.8189640045,
        "min": 2.30119943619,
        "var": 39.3082809448
    },
    "barkbands_flatness_db": {
        "dmean": 0.0316893868148,
        "dmean2": 0.044876743108,
        "dvar": 0.00130954000633,
        "dvar2": 0.00267357961275,
        "max": 0.610564112663,
        "mean": 0.152491092682,
        "median": 0.132494404912,
        "min": 0.0193672124296,
        "var": 0.00667288294062
    },
    "barkbands_kurtosis": {
        "dmean": 22.6367340088,
        "dmean2": 36.7133827209,
        "dvar": 9745.76171875,
        "dvar2": 26425.8125,
        "max": 2788.41015625,
        "mean": 28.0721359253,
        "median": 3.00507307053,
        "min": -1.91370272636,
        "var": 10602.4726562
    },
    "barkbands_skewness": {
        "dmean": 1.18502736092,
        "dmean2": 1.72763299942,
        "dvar": 4.69652557373,
        "dvar2": 11.4665317535,
        "max": 44.2360191345,
        "mean": 3.05263566971,
        "median": 1.89159989357,
        "min": -2.68543958664,
        "var": 13.7329349518
    },
    "barkbands_spread": {
        "dmean": 7.88095092773,
        "dmean2": 11.9949216843,
        "dvar": 100.502120972,
        "dvar2": 225.06628418,
        "max": 103.093292236,
        "mean": 25.4789676666,
        "median": 22.9412078857,
        "min": 0.0426129437983,
        "var": 317.00213623
    },
    "dissonance": {
        "dmean": 0.0150510305539,
        "dmean2": 0.0255419462919,
        "dvar": 0.00026736597647,
        "dvar2": 0.000730970758013,
        "max": 0.500000119209,
        "mean": 0.471801757812,
        "median": 0.478588044643,
        "min": 0.249747827649,
        "var": 0.000585451314691
    },
    "dynamic_complexity": 2.7422785759,
    "erbbands_crest": {
        "dmean": 2.46446728706,
        "dmean2": 3.86871623993,
        "dvar": 6.29905414581,
        "dvar2": 14.068488121,
        "max": 31.9902095795,
        "mean": 7.88529634476,
        "median": 6.38285827637,
        "min": 1.92915976048,
        "var": 21.1631526947
    },
    "erbbands_flatness_db": {
        "dmean": 0.0158890727907,
        "dmean2": 0.0236882008612,
        "dvar": 0.000280200154521,
        "dvar2": 0.000559404841624,
        "max": 0.475443303585,
        "mean": 0.130408808589,
        "median": 0.116872027516,
        "min": 0.0495315901935,
        "var": 0.002449052874
    },
    "erbbands_kurtosis": {
        "dmean": 1.0294470787,
        "dmean2": 1.62341547012,
        "dvar": 5.94193744659,
        "dvar2": 13.7735586166,
        "max": 61.1058273315,
        "mean": 0.297205269337,
        "median": -0.48995256424,
        "min": -1.88924264908,
        "var": 10.3882064819
    },
    "erbbands_skewness": {
        "dmean": 0.387579321861,
        "dmean2": 0.572166264057,
        "dvar": 0.190361633897,
        "dvar2": 0.39406979084,
        "max": 6.72531843185,
        "mean": 0.0976684391499,
        "median": -0.0526332706213,
        "min": -2.86288237572,
        "var": 0.851911127567
    },
    "erbbands_spread": {
        "dmean": 11.9886903763,
        "dmean2": 16.8893737793,
        "dvar": 151.148605347,
        "dvar2": 293.439025879,
        "max": 188.356567383,
        "mean": 59.3753623962,
        "median": 52.9691162109,
        "min": 0.857059597969,
        "var": 1021.65087891
    },
    "hfc": {
        "dmean": 7.523645401,
        "dmean2": 11.0487117767,
        "dvar": 127.142478943,
        "dvar2": 290.963439941,
        "max": 144.927764893,
        "mean": 17.9049110413,
        "median": 12.906129837,
        "min": 1.16883757223e-16,
        "var": 303.278594971
    },
    "melbands_crest": {
        "dmean": 3.33079528809,
        "dmean2": 5.08925437927,
        "dvar": 10.8398838043,
        "dvar2": 24.8058834076,
        "max": 35.2500534058,
        "mean": 17.7257976532,
        "median": 17.0606479645,
        "min": 2.38530397415,
        "var": 50.158115387
    },
    "melbands_flatness_db": {
        "dmean": 0.0368572473526,
        "dmean2": 0.0521965697408,
        "dvar": 0.00174759281799,
        "dvar2": 0.00357937905937,
        "max": 0.748764336109,
        "mean": 0.217606559396,
        "median": 0.19659230113,
        "min": 0.0082298759371,
        "var": 0.00992616359144
    },
    "melbands_kurtosis": {
        "dmean": 34.223285675,
        "dmean2": 48.6317901611,
        "dvar": 5032.76318359,
        "dvar2": 11152.6816406,
        "max": 1273.29858398,
        "mean": 66.7428131104,
        "median": 18.0636978149,
        "min": -1.69827103615,
        "var": 13485.75
    },
    "melbands_skewness": {
        "dmean": 1.48347401619,
        "dmean2": 2.05870866776,
        "dvar": 3.53421616554,
        "dvar2": 7.42460203171,
        "max": 28.5728321075,
        "mean": 5.29062604904,
        "median": 3.87049198151,
        "min": -1.76332736015,
        "var": 18.0946216583
    },
    "melbands_spread": {
        "dmean": 7.9935965538,
        "dmean2": 12.154548645,
        "dvar": 132.516021729,
        "dvar2": 290.452484131,
        "max": 187.336761475,
        "mean": 22.1518001556,
        "median": 16.5476570129,
        "min": 0.198173493147,
        "var": 471.595092773
    },
    "pitch_salience": {
        "dmean": 0.0892923921347,
        "dmean2": 0.135454088449,
        "dvar": 0.00934727583081,
        "dvar2": 0.0199437811971,
        "max": 0.914460062981,
        "mean": 0.450260132551,
        "median": 0.485520303249,
        "min": 0.0198936220258,
        "var": 0.0352032966912
    },
    "silence_rate_20dB": {
        "dmean": 0,
        "dmean2": 0,
        "dvar": 0,
        "dvar2": 0,
        "max": 1,
        "mean": 1,
        "median": 1,
        "min": 1,
        "var": 0
    },
    "silence_rate_30dB": {
        "dmean": 0.033387389034,
        "dmean2": 0.0667811483145,
        "dvar": 0.032275415957,
        "dvar2": 0.0915107950568,
        "max": 1,
        "mean": 0.981018722057,
        "median": 1,
        "min": 0,
        "var": 0.0186251103878
    },
    "silence_rate_60dB": {
        "dmean": 0.0289993323386,
        "dmean2": 0.0580041967332,
        "dvar": 0.0281639192253,
        "dvar2": 0.06989877671,
        "max": 1,
        "mean": 0.0514116734266,
        "median": 0,
        "min": 0,
        "var": 0.0487762279809
    },
    "spectral_centroid": {
        "dmean": 340.368347168,
        "dmean2": 491.352325439,
        "dvar": 134484.21875,
        "dvar2": 260858.578125,
        "max": 11512.4658203,
        "mean": 1571.56237793,
        "median": 1560.5324707,
        "min": 79.9675598145,
        "var": 604418.125
    },
    "spectral_complexity": {
        "dmean": 4.74902200699,
        "dmean2": 7.37130308151,
        "dvar": 34.5124893188,
        "dvar2": 73.8468322754,
        "max": 53,
        "mean": 15.2250099182,
        "median": 13,
        "min": 0,
        "var": 107.334869385
    },
    "spectral_decrease": {
        "dmean": 3.044343444e-09,
        "dmean2": 4.68480099158e-09,
        "dvar": 2.28306878323e-17,
        "dvar2": 4.65655469398e-17,
        "max": -4.15967615603e-30,
        "mean": -7.61672680483e-09,
        "median": -5.36767030823e-09,
        "min": -5.07049158216e-08,
        "var": 5.17516715955e-17
    },
    "spectral_energy": {
        "dmean": 0.0119757512584,
        "dmean2": 0.0183723345399,
        "dvar": 0.00034418827272,
        "dvar2": 0.000704618229065,
        "max": 0.193731427193,
        "mean": 0.0303713046014,
        "median": 0.0219298619777,
        "min": 1.06173938825e-20,
        "var": 0.000770943355747
    },
    "spectral_energyband_high": {
        "dmean": 0.000611186900642,
        "dmean2": 0.000930735201109,
        "dvar": 1.28088106521e-06,
        "dvar2": 2.92755271403e-06,
        "max": 0.0143093029037,
        "mean": 0.00114908162504,
        "median": 0.000604847213253,
        "min": 7.68125409813e-21,
        "var": 2.26214388022e-06
    },
    "spectral_energyband_low": {
        "dmean": 0.00909821409732,
        "dmean2": 0.0137545838952,
        "dvar": 0.000226905365707,
        "dvar2": 0.000479034148157,
        "max": 0.183552443981,
        "mean": 0.0192712340504,
        "median": 0.00968733616173,
        "min": 4.50734105989e-23,
        "var": 0.000582432548981
    },
    "spectral_energyband_middle_high": {
        "dmean": 0.0012961444445,
        "dmean2": 0.00192641629837,
        "dvar": 5.21316906088e-06,
        "dvar2": 1.03589436549e-05,
        "max": 0.0579820908606,
        "mean": 0.00341059779748,
        "median": 0.00167721114121,
        "min": 1.49260773249e-21,
        "var": 3.05007779389e-05
    },
    "spectral_energyband_middle_low": {
        "dmean": 0.00687961652875,
        "dmean2": 0.011144108139,
        "dvar": 0.000306903762976,
        "dvar2": 0.000734097964596,
        "max": 0.167843669653,
        "mean": 0.0086336703971,
        "median": 0.00357706192881,
        "min": 3.67017094392e-22,
        "var": 0.000264183967374
    },
    "spectral_entropy": {
        "dmean": 0.184946015477,
        "dmean2": 0.273156106472,
        "dvar": 0.0504712350667,
        "dvar2": 0.103410579264,
        "max": 9.79177093506,
        "mean": 7.80883836746,
        "median": 7.94555091858,
        "min": 4.66449451447,
        "var": 0.230598524213
    },
    "spectral_flux": {
        "dmean": 0.0340322330594,
        "dmean2": 0.0497257225215,
        "dvar": 0.00183886289597,
        "dvar2": 0.00319186761044,
        "max": 0.427668631077,
        "mean": 0.0904382988811,
        "median": 0.0647812187672,
        "min": 1.03040735666e-10,
        "var": 0.00511582102627
    },
    "spectral_kurtosis": {
        "dmean": 1.05031037331,
        "dmean2": 1.72893297672,
        "dvar": 4.38490056992,
        "dvar2": 10.8993711472,
        "max": 48.304271698,
        "mean": 2.76608538628,
        "median": 2.19866633415,
        "min": -1.45531713963,
        "var": 9.05605602264
    },
    "spectral_rms": {
        "dmean": 0.00102998549119,
        "dmean2": 0.00152035243809,
        "dvar": 1.82505289104e-06,
        "dvar2": 3.5609882616e-06,
        "max": 0.0137479547411,
        "mean": 0.00491242250428,
        "median": 0.00462547130883,
        "min": 3.21845198062e-12,
        "var": 5.49864762434e-06
    },
    "spectral_rolloff": {
        "dmean": 685.928222656,
        "dmean2": 1149.57287598,
        "dvar": 1446386.625,
        "dvar2": 3370682,
        "max": 18906.1523438,
        "mean": 1483.44702148,
        "median": 925.927734375,
        "min": 64.599609375,
        "var": 3345563.5
    },
    "spectral_skewness": {
        "dmean": 0.172717630863,
        "dmean2": 0.27376973629,
        "dvar": 0.053091160953,
        "dvar2": 0.117695964873,
        "max": 5.65029621124,
        "mean": 1.21148240566,
        "median": 1.10385131836,
        "min": -0.056540440768,
        "var": 0.20005235076
    },
    "spectral_spread": {
        "dmean": 605716.75,
        "dmean2": 910404.6875,
        "dvar": 588569182208,
        "dvar2": 1.05525916467e+12,
        "max": 39818704,
        "mean": 5622307,
        "median": 5436942.5,
        "min": 1306776,
        "var": 3.13164457574e+12
    },
    "spectral_strongpeak": {
        "dmean": 0.345028817654,
        "dmean2": 0.548383355141,
        "dvar": 0.617040753365,
        "dvar2": 1.46890926361,
        "max": 14.3478984833,
        "mean": 0.725374937057,
        "median": 0.433524250984,
        "min": 0,
        "var": 1.15094327927
    },
    "zerocrossingrate": {
        "dmean": 0.0132908634841,
        "dmean2": 0.0149395335466,
        "dvar": 0.000247862160904,
        "dvar2": 0.000290450319881,
        "max": 0.505859375,
        "mean": 0.0629562884569,
        "median": 0.05712890625,
        "min": 0.001953125,
        "var": 0.00189823273104
    },
    "barkbands": {
        "dmean": [0.000147453276441, 0.00615140236914, 0.00486129056662, 0.00334037933499, 0.00402867933735, 0.000705009384546, 0.00029282720061, 0.00020018874784, 0.000263677211478, 0.000208360506804, 0.000345664011547, 0.000177012829226, 0.000232260455959, 0.000306281464873, 0.000218884699279, 0.000183083015145, 0.000176115703653, 0.000127799037728, 0.000173068372533, 0.000172884974745, 0.00012841685384, 0.000106828796561, 0.000129059364554, 0.000117755873362, 7.84743169788e-05, 3.09015449602e-05, 1.4079362245e-06],
        "dmean2": [0.000240063585807, 0.00831843353808, 0.00738909421489, 0.00582344084978, 0.00740244146436, 0.0011202278547, 0.000479281618027, 0.000330090435455, 0.000420782133006, 0.000329128670273, 0.000536987150554, 0.00027983673499, 0.000365597254131, 0.000480689806864, 0.000348557863617, 0.000297385267913, 0.00028530851705, 0.000205754316994, 0.000278174789855, 0.000281504297163, 0.000212364262552, 0.000166103287484, 0.000201845410629, 0.000180457544047, 0.000119215750601, 5.01627800986e-05, 2.40861277234e-06],
        "dvar": [1.87183374578e-07, 0.000111829482194, 0.000139221025165, 0.000108087922854, 0.000202972965781, 1.75986167505e-06, 4.97773044117e-07, 1.46644225651e-07, 3.49838700231e-07, 2.61778581034e-07, 7.59073827794e-07, 3.16115261967e-07, 5.3047693882e-07, 1.60296099239e-06, 4.52407874718e-07, 4.14357572254e-07, 2.94222104458e-07, 9.6274192174e-08, 1.53856973384e-07, 1.15717874394e-07, 6.46436220109e-08, 3.97829218457e-08, 7.18211765616e-08, 6.45600337634e-08, 3.70047068543e-08, 5.31575139462e-09, 1.44585558803e-11],
        "dvar2": [4.26736988857e-07, 0.000214337705984, 0.000313941854984, 0.0002955282107, 0.000584519468248, 4.16951661464e-06, 1.15171997095e-06, 3.63068920706e-07, 7.93623485151e-07, 6.0758395648e-07, 1.6171951529e-06, 6.83610153374e-07, 1.20942695503e-06, 3.29009867528e-06, 1.14694637432e-06, 9.63151137512e-07, 6.5016871531e-07, 2.31259164707e-07, 3.58545207746e-07, 2.88520595859e-07, 1.67144222019e-07, 9.19401585975e-08, 1.67397203654e-07, 1.41959276334e-07, 7.78557733838e-08, 1.31865229847e-08, 3.83536258308e-11],
        "max": [0.0182365011424, 0.124894864857, 0.131666824222, 0.0903069674969, 0.137058213353, 0.0239680744708, 0.0150532498956, 0.0122035844252, 0.0168150141835, 0.0161379333586, 0.0229744315147, 0.0167796909809, 0.0338469184935, 0.0493108332157, 0.0167982373387, 0.022389575839, 0.0153596298769, 0.00901350658387, 0.0102119445801, 0.00812581647187, 0.00740175554529, 0.00331500661559, 0.00338960206136, 0.005002704449, 0.00559357181191, 0.00112957588863, 6.12823132542e-05],
        "mean": [0.000176897505298, 0.0109596634284, 0.00611748918891, 0.00326199480332, 0.00313826953061, 0.00104766094591, 0.000393164926209, 0.000255793624092, 0.000393370457459, 0.000306177680613, 0.000529350421857, 0.00026397590409, 0.000332203722792, 0.000479712092783, 0.000311989133479, 0.000281041953713, 0.000294047524221, 0.000228773249546, 0.000320299935993, 0.000310637231451, 0.000226976670092, 0.000193144151126, 0.000195308137336, 0.000193178813788, 0.000120038544992, 3.86194733437e-05, 1.47132527673e-06],
        "median": [2.55457343883e-05, 0.00411111488938, 0.000838349107653, 0.000325373781379, 0.000721507007256, 0.000323501706589, 0.00012832484208, 8.77707789186e-05, 0.000110246692202, 7.92868377175e-05, 0.000158580849529, 7.53889180487e-05, 0.000108343097963, 0.000125331251184, 0.000108216452645, 9.26710490603e-05, 0.000110855500679, 9.73776113824e-05, 0.000143757046317, 0.000151625878061, 0.000116013230581, 9.32063994696e-05, 7.48807069613e-05, 6.18289341219e-05, 3.49695546902e-05, 1.16273222375e-05, 4.30248235261e-07],
        "min": [7.1365469305e-24, 1.74938425431e-23, 1.72006292555e-23, 1.20863793203e-23, 1.1640556473e-22, 7.4569203835e-23, 9.66075920115e-23, 3.17690126859e-23, 3.48967231128e-23, 2.96898277753e-23, 8.87533204968e-23, 6.32124088338e-23, 8.70372766598e-23, 9.71358195845e-23, 3.99303404194e-23, 1.38023004106e-22, 2.49667761718e-22, 2.24021123761e-22, 3.21635630454e-22, 5.41351492183e-22, 2.86726427562e-22, 4.54793685181e-22, 6.92419743928e-22, 9.71697507009e-22, 1.06331593876e-21, 1.87400251739e-21, 2.1757190692e-21],
        "var": [3.70818611373e-07, 0.00028910022229, 0.00016241177218, 7.8744313214e-05, 0.000114194459456, 3.68017072105e-06, 1.05289075236e-06, 2.45964542955e-07, 9.7826318779e-07, 6.60709247313e-07, 2.18780451178e-06, 7.28720635834e-07, 1.06666630018e-06, 4.02405385103e-06, 7.58141254664e-07, 9.41848895764e-07, 6.4720671844e-07, 2.49968735488e-07, 4.48345957693e-07, 2.79312843077e-07, 1.24346925645e-07, 6.91316515145e-08, 9.77879395236e-08, 1.13482819586e-07, 6.74039029036e-08, 5.97966343108e-09, 1.28487203516e-11]
    },
    "erbbands": {
        "dmean": [0.151896953583, 1.52374410629, 4.67854118347, 9.43535518646, 11.7822465897, 13.7762346268, 7.1038684845, 5.80451250076, 4.30461215973, 5.55259656906, 3.832467556, 6.32190513611, 6.90789985657, 6.74174499512, 12.3597202301, 7.86258268356, 9.49328708649, 16.391708374, 7.40091085434, 13.7990598679, 9.74061775208, 8.38301849365, 6.67050361633, 7.67021751404, 8.63819408417, 7.42921257019, 6.76340341568, 4.33601856232, 3.82123064995, 3.73628926277, 3.69051337242, 3.0823032856, 1.66965913773, 1.03338634968, 0.471986651421, 0.183777540922, 0.0479281619191, 0.00726489303634, 0.000165444842423, 1.85643002624e-05],
        "dmean2": [0.234735265374, 2.01466155052, 6.80734539032, 15.2915029526, 20.7372779846, 25.2098712921, 12.2208566666, 9.12859725952, 6.93921518326, 8.99299907684, 6.25550031662, 9.95789337158, 11.0456418991, 10.3773422241, 19.1713581085, 12.2349452972, 14.6437149048, 24.9348258972, 11.8700809479, 22.0938148499, 15.6337738037, 13.4851531982, 10.603890419, 12.4608716965, 13.71667099, 12.1124992371, 10.9081430435, 7.12931680679, 6.10511016846, 5.75550508499, 5.84376049042, 4.86695241928, 2.5245912075, 1.5667937994, 0.725420832634, 0.293330192566, 0.078825712204, 0.0120191723108, 0.000271651049843, 2.82120399788e-05],
        "dvar": [0.081916347146, 6.95224285126, 115.224967957, 655.304199219, 1635.2298584, 2279.52978516, 258.320770264, 123.593711853, 137.599655151, 88.9987716675, 63.8699874878, 245.940063477, 232.411453247, 343.98348999, 842.578552246, 555.437011719, 632.569274902, 5122.36669922, 288.923553467, 2355.82397461, 1330.56530762, 523.663146973, 231.595397949, 359.164459229, 426.550994873, 177.625488281, 194.838134766, 71.8389053345, 48.7742080688, 58.5614929199, 60.5736312866, 46.7291107178, 13.2605829239, 7.06639194489, 1.23916363716, 0.183091491461, 0.0131716318429, 0.00032274617115, 1.60593543796e-07, 7.95975729773e-10],
        "dvar2": [0.186742976308, 12.4358539581, 255.025543213, 1674.44433594, 4467.82519531, 6610.37744141, 714.292114258, 285.088867188, 303.814727783, 215.130554199, 160.215698242, 538.475891113, 567.221191406, 713.295288086, 1810.66308594, 1150.35742188, 1346.37255859, 10338.1455078, 721.520874023, 6031.16113281, 2817.57299805, 1285.73498535, 534.831542969, 959.680786133, 867.357971191, 442.804229736, 499.397918701, 190.906280518, 114.79725647, 137.703826904, 142.226242065, 108.902793884, 27.5630626678, 14.7202558517, 2.74574780464, 0.443853706121, 0.033138114959, 0.000800978508778, 3.96945011971e-07, 1.72211389593e-09],
        "max": [5.58563280106, 32.1030654907, 132.25428772, 243.323059082, 434.171539307, 476.924224854, 214.892776489, 227.615890503, 289.008636475, 143.784317017, 225.184143066, 492.544006348, 636.02520752, 664.533630371, 764.016113281, 663.156860352, 783.884887695, 2729.74243164, 540.832519531, 1225.45385742, 1501.29797363, 572.873657227, 444.103363037, 605.695495605, 671.397888184, 255.233978271, 430.210968018, 129.896972656, 110.32359314, 113.40057373, 90.1530761719, 89.672164917, 105.350273132, 82.9998855591, 28.6969833374, 7.86678409576, 2.0721039772, 0.213571488857, 0.0049620307982, 0.00028433240368],
        "mean": [0.27857837081, 2.61368942261, 6.14600658417, 10.9822940826, 9.76763343811, 10.9583053589, 8.83781337738, 8.33376789093, 6.13565397263, 6.95308828354, 5.56786727905, 9.73108005524, 9.61130619049, 11.5472068787, 19.2582378387, 12.8236064911, 15.4250125885, 26.8711795807, 12.3768987656, 20.6867752075, 16.7697162628, 14.9827756882, 12.6965732574, 14.0116767883, 16.2989292145, 13.9213085175, 12.8066072464, 7.4078836441, 6.82193613052, 6.29635858536, 5.55323266983, 4.75642633438, 2.77288532257, 1.59974813461, 0.684054791927, 0.240481898189, 0.0585492365062, 0.00844264961779, 0.000208371668123, 4.3928866944e-05],
        "median": [0.086176648736, 1.05202937126, 1.46638822556, 1.39940190315, 1.35285234451, 2.6236884594, 2.89190340042, 2.74343514442, 1.83220934868, 3.08344507217, 1.91585445404, 2.55882954597, 3.71786785126, 3.53942251205, 6.84165382385, 4.38730812073, 5.40075778961, 6.14404773712, 5.92256069183, 6.13286781311, 5.53103303909, 5.89112234116, 5.61246204376, 6.44559860229, 7.54427528381, 7.13883304596, 5.85597038269, 4.11105060577, 3.42577624321, 2.62623023987, 2.10826539993, 1.48482775688, 0.908282876015, 0.490050256252, 0.191450506449, 0.0687834024429, 0.0174118801951, 0.00253265630454, 7.5971474871e-05, 3.14243006869e-05],
        "min": [1.353561519e-21, 9.68987157643e-22, 1.62193105989e-20, 2.88080802529e-20, 1.52458369558e-19, 5.47399539958e-19, 6.00846936358e-19, 5.40926593171e-19, 1.33670846365e-18, 9.88333904045e-19, 6.74365456732e-19, 9.66812008674e-19, 5.95040438651e-19, 1.49227766562e-18, 4.24221438304e-18, 2.66689936445e-18, 4.40108145072e-18, 5.31379253861e-18, 2.59933835395e-18, 3.07081351872e-18, 9.00208583805e-18, 1.46982268984e-17, 1.58947618524e-17, 1.51836379885e-17, 1.43639003471e-17, 2.71213530789e-17, 1.21350530876e-17, 1.47051785242e-17, 1.53622279371e-17, 2.30338483538e-17, 1.87307340389e-17, 2.38474913285e-17, 1.16283561588e-17, 1.04663138091e-17, 8.6710183784e-18, 5.52994227729e-18, 3.64285378685e-18, 1.38002243225e-18, 2.65722595248e-19, 3.64326789414e-20],
        "var": [0.202812701464, 17.258562088, 144.14944458, 566.293579102, 1072.97143555, 1279.02026367, 302.986083984, 241.555389404, 342.23059082, 133.119796753, 132.597106934, 703.021057129, 414.888153076, 1025.37658691, 2233.75097656, 1498.29418945, 1916.2331543, 14172.5800781, 584.361083984, 4424.70458984, 3137.30419922, 1310.76525879, 629.827758789, 753.981567383, 1317.07409668, 441.59942627, 604.43560791, 93.2346878052, 81.5637817383, 92.6165847778, 79.0914154053, 67.5299835205, 25.8061332703, 13.3174476624, 1.95682275295, 0.233136042953, 0.0138165419921, 0.000334206502885, 1.70901827801e-07, 1.4853303032e-09]
    },
    "gfcc": {
        "mean": [-8.91342163086, 68.0568389893, -104.537582397, 51.8329734802, -53.6031799316, 25.7594528198, -34.8768348694, 10.9220132828, -26.9034309387, 5.30728054047, -13.5776119232, 1.57544291019, -9.20648670197],
        "cov": [[4465.34570312, -834.117797852, -77.2389755249, 323.67767334, -107.334564209, 137.057800293, -241.821640015, 53.9820709229, -292.999237061, 6.27959775925, -327.767181396, -5.25249147415, -241.671035767], [-834.117797852, 1216.33825684, -27.3503684998, -145.329956055, 203.475585938, -225.317459106, 156.565994263, -89.5252838135, 103.54775238, -65.4352493286, 79.1246032715, -55.5734405518, 104.418785095], [-77.2389755249, -27.3503684998, 1263.5279541, 559.806884766, 166.03944397, 199.45513916, 70.1110229492, 40.8192901611, 66.7238922119, -10.103600502, -81.6061859131, 0.192073225975, -100.356063843], [323.67767334, -145.329956055, 559.806884766, 683.605407715, 338.303283691, 224.853744507, 169.748336792, 57.0835533142, 123.886993408, 5.72625112534, -50.3704910278, 40.0702362061, -77.6363677979], [-107.334564209, 203.475585938, 166.03944397, 338.303283691, 491.431793213, 182.212142944, 248.488433838, 46.8735656738, 147.736877441, 20.3123207092, 31.260559082, 17.376121521, -6.77930498123], [137.057800293, -225.317459106, 199.45513916, 224.853744507, 182.212142944, 298.340942383, 129.485671997, 59.7981834412, 64.1006088257, 26.5969696045, 1.29381036758, 9.41858577728, -30.5041255951], [-241.821640015, 156.565994263, 70.1110229492, 169.748336792, 248.488433838, 129.485671997, 263.041229248, 71.6759185791, 129.661193848, 39.2073364258, 50.4621429443, 23.1613845825, 19.3559207916], [53.9820709229, -89.5252838135, 40.8192901611, 57.0835533142, 46.8735656738, 59.7981834412, 71.6759185791, 139.00328064, 60.9439086914, 44.4082107544, 20.711271286, 31.9221172333, 21.7083835602], [-292.999237061, 103.54775238, 66.7238922119, 123.886993408, 147.736877441, 64.1006088257, 129.661193848, 60.9439086914, 181.895339966, 54.4944725037, 62.433795929, 33.2297477722, 17.3722572327], [6.27959775925, -65.4352493286, -10.103600502, 5.72625112534, 20.3123207092, 26.5969696045, 39.2073364258, 44.4082107544, 54.4944725037, 112.345489502, 51.6420326233, 37.7404937744, 11.4150905609], [-327.767181396, 79.1246032715, -81.6061859131, -50.3704910278, 31.260559082, 1.29381036758, 50.4621429443, 20.711271286, 62.433795929, 51.6420326233, 125.541778564, 42.7406005859, 55.8270530701], [-5.25249147415, -55.5734405518, 0.192073225975, 40.0702362061, 17.376121521, 9.41858577728, 23.1613845825, 31.9221172333, 33.2297477722, 37.7404937744, 42.7406005859, 94.4086227417, 32.6665725708], [-241.671035767, 104.418785095, -100.356063843, -77.6363677979, -6.77930498123, -30.5041255951, 19.3559207916, 21.7083835602, 17.3722572327, 11.4150905609, 55.8270530701, 32.6665725708, 112.337310791]],
        "icov": [[0.00043667916907, -0.000205548640224, 0.000353033276042, -0.000524971983396, 9.43270206335e-05, -0.00042311483412, 0.000562515691854, -0.00061326433206, 0.000850316893775, -0.000694071000908, 0.000870840216521, -0.000411470187828, 0.000621356186457], [-0.000205548640224, 0.00279847322963, -0.00101175252348, 0.0016465629451, -0.00177737744525, 0.00330846291035, -0.00242475955747, 0.00215155538172, -0.00178681197576, 0.00187035161071, -0.000854531943332, 0.00177059567068, -0.00202011386864], [0.000353033276042, -0.00101175252348, 0.00189431675244, -0.00211791321635, 0.00105629116297, -0.00157346774358, 0.00132129772101, -0.00117299112026, 0.00100249727257, -0.00102734623943, 0.000888902461156, -0.000401631346904, 0.00118840450887], [-0.000524971983396, 0.0016465629451, -0.00211791321635, 0.00581899564713, -0.00302899535745, 0.00125177844893, -0.00178134872112, 0.00169220182579, -0.00292487279512, 0.00223924987949, 0.000812365266029, -0.00140474026557, -0.000163804113981], [9.43270206335e-05, -0.00177737744525, 0.00105629116297, -0.00302899535745, 0.00659767631441, -0.00282437098213, -0.00196689134464, -0.000168561877217, 9.16116550798e-05, -0.000592630996834, -6.46273838356e-05, -0.000209765130421, 0.000847174611408], [-0.00042311483412, 0.00330846291035, -0.00157346774358, 0.00125177844893, -0.00282437098213, 0.00945519842207, -0.00444251671433, 0.00134175235871, -0.00142648618203, 0.00181473314296, -0.00185931997839, 0.00273110228591, -0.00145682855509], [0.000562515691854, -0.00242475955747, 0.00132129772101, -0.00178134872112, -0.00196689134464, -0.00444251671433, 0.0123041374609, -0.0042953020893, -0.000597863981966, -0.00212507578544, 0.000405901257182, -0.00093464407837, 0.00117671897169], [-0.00061326433206, 0.00215155538172, -0.00117299112026, 0.00169220182579, -0.000168561877217, 0.00134175235871, -0.0042953020893, 0.0127447620034, -0.00416431156918, -0.000666742096655, 0.000866723537911, -2.13918538066e-05, -0.00427896296605], [0.000850316893775, -0.00178681197576, 0.00100249727257, -0.00292487279512, 9.16116550798e-05, -0.00142648618203, -0.000597863981966, -0.00416431156918, 0.0137086017057, -0.00423724716529, -0.0020781501662, -0.00116549793165, 0.00257254648022], [-0.000694071000908, 0.00187035161071, -0.00102734623943, 0.00223924987949, -0.000592630996834, 0.00181473314296, -0.00212507578544, -0.000666742096655, -0.00423724716529, 0.0156995300204, -0.00580381881446, -0.00163452140987, 0.000769640377257], [0.000870840216521, -0.000854531943332, 0.000888902461156, 0.000812365266029, -6.46273838356e-05, -0.00185931997839, 0.000405901257182, 0.000866723537911, -0.0020781501662, -0.00580381881446, 0.0179874226451, -0.00494144437835, -0.00331391626969], [-0.000411470187828, 0.00177059567068, -0.000401631346904, -0.00140474026557, -0.000209765130421, 0.00273110228591, -0.00093464407837, -2.13918538066e-05, -0.00116549793165, -0.00163452140987, -0.00494144437835, 0.0173107087612, -0.00519823376089], [0.000621356186457, -0.00202011386864, 0.00118840450887, -0.000163804113981, 0.000847174611408, -0.00145682855509, 0.00117671897169, -0.00427896296605, 0.00257254648022, 0.000769640377257, -0.00331391626969, -0.00519823376089, 0.0160267595202]]
    },
    "melbands": {
        "dmean": [0.00157459930051, 0.00207642861642, 0.00156594754662, 0.000965950719547, 0.000317610276397, 0.000130387707031, 6.43410894554e-05, 5.77479295316e-05, 3.40549559041e-05, 3.83947772207e-05, 3.43513092957e-05, 2.56731182162e-05, 5.00749119965e-05, 2.03873296414e-05, 2.13911916944e-05, 2.49014392466e-05, 3.09140414174e-05, 1.23057234305e-05, 1.60489580594e-05, 1.60762410815e-05, 1.29805030156e-05, 1.01668902062e-05, 7.75371154305e-06, 6.34354637441e-06, 6.67137146593e-06, 7.27823271518e-06, 5.41244162378e-06, 5.34092714588e-06, 5.33996444574e-06, 3.06972447106e-06, 2.52150471169e-06, 2.34383946918e-06, 2.06970503314e-06, 2.14314400182e-06, 2.13417661143e-06, 2.38925872509e-06, 1.73496732714e-06, 1.26923839616e-06, 9.94045763036e-07, 8.51110257827e-07],
        "dmean2": [0.0022574684117, 0.00283919135109, 0.00245082238689, 0.00176247942727, 0.000554785190616, 0.000204356561881, 0.000103743404907, 9.38927769312e-05, 5.53688369109e-05, 6.08026057307e-05, 5.49662981939e-05, 3.97373296437e-05, 7.73441934143e-05, 3.17596568493e-05, 3.39314756275e-05, 3.76645220967e-05, 4.76587665617e-05, 1.99449223146e-05, 2.55093073065e-05, 2.59949920292e-05, 2.09306635952e-05, 1.6422394765e-05, 1.26538252516e-05, 1.03569636849e-05, 1.09988832264e-05, 1.18188290799e-05, 8.75052319316e-06, 8.73923909239e-06, 8.67731341714e-06, 5.10644576934e-06, 4.18589797846e-06, 3.80102505915e-06, 3.28612441081e-06, 3.33439948008e-06, 3.41880354426e-06, 3.84255645258e-06, 2.74216813523e-06, 1.93503501578e-06, 1.51914207436e-06, 1.30809110033e-06],
        "dvar": [7.79964284447e-06, 1.58557486429e-05, 1.6498084733e-05, 1.23493755382e-05, 6.26417772764e-07, 6.1389535233e-08, 2.77795795256e-08, 9.43888167626e-09, 5.38794253657e-09, 8.21989587507e-09, 5.84369974632e-09, 5.44469225261e-09, 1.62179514263e-08, 3.85865961405e-09, 2.88023982442e-09, 9.39112521081e-09, 1.68729208383e-08, 1.06968112146e-09, 2.67698196943e-09, 2.994403836e-09, 2.75395772853e-09, 1.11676590198e-09, 3.61542545901e-10, 1.56464757817e-10, 3.08338132804e-10, 3.85008164239e-10, 9.5197280614e-11, 1.00576845463e-10, 1.61185773062e-10, 3.50870027477e-11, 2.51777192845e-11, 1.75797675028e-11, 1.59689778761e-11, 1.95542713965e-11, 1.95609518167e-11, 2.93753181502e-11, 1.44048124123e-11, 8.01031203174e-12, 5.60566480387e-12, 5.23216019122e-12],
        "dvar2": [1.65673973243e-05, 3.21423976857e-05, 3.92869515053e-05, 3.51863527612e-05, 1.7820108269e-06, 1.40312920394e-07, 6.18008115794e-08, 2.3031413221e-08, 1.3318377512e-08, 1.82482011724e-08, 1.42095561984e-08, 1.13674598623e-08, 3.45037278748e-08, 8.30966584431e-09, 6.19602635865e-09, 1.92746956174e-08, 3.51487265959e-08, 2.6639259687e-09, 6.72501743182e-09, 7.575768457e-09, 6.03573324653e-09, 2.70339928221e-09, 8.60021998061e-10, 3.79316522636e-10, 8.42656222577e-10, 8.6274726252e-10, 2.21432594483e-10, 2.48070619602e-10, 4.1849362864e-10, 9.4255887817e-11, 6.67477254024e-11, 4.22522572485e-11, 3.76657420531e-11, 4.62152954794e-11, 4.70092784144e-11, 7.00986560465e-11, 3.29276710065e-11, 1.73213526855e-11, 1.15126614839e-11, 1.12656221157e-11],
        "max": [0.0346978791058, 0.0522082559764, 0.0372205451131, 0.0340001434088, 0.00722427666187, 0.00529040349647, 0.00391797348857, 0.00214607967064, 0.00203036936, 0.002707000589, 0.00312938448042, 0.00284443912096, 0.00342684308998, 0.00210628472269, 0.0017351313727, 0.00337089970708, 0.00468703312799, 0.00130401737988, 0.00134971796069, 0.00151000160258, 0.00206922576763, 0.000835115788504, 0.000524685310666, 0.000381943536922, 0.000549282878637, 0.000618012389168, 0.000246344512561, 0.000204436000786, 0.000419457879616, 9.59237513598e-05, 7.21006945241e-05, 6.56443298794e-05, 6.46895277896e-05, 6.9095112849e-05, 5.47964591533e-05, 6.58655553707e-05, 5.407090066e-05, 8.53614910739e-05, 7.28058803361e-05, 6.99813026586e-05],
        "mean": [0.00285560102202, 0.00345512991771, 0.00187276024371, 0.000734291446861, 0.00036204000935, 0.000192927545868, 9.02605315787e-05, 7.1943133662e-05, 5.09849560331e-05, 5.73274555791e-05, 4.63074429717e-05, 4.26834194514e-05, 7.67340461607e-05, 3.06862966681e-05, 3.34525648213e-05, 3.94260132452e-05, 4.96244210808e-05, 1.88773192349e-05, 2.28775606956e-05, 2.42742607952e-05, 2.0056082576e-05, 1.64244647749e-05, 1.27814410007e-05, 1.09341690404e-05, 1.09471457108e-05, 1.28392766783e-05, 9.62300873653e-06, 9.2044365374e-06, 9.50024877966e-06, 5.17812350154e-06, 3.93036361857e-06, 3.93006030208e-06, 3.5250595829e-06, 3.42947760146e-06, 3.13010900754e-06, 3.3104540762e-06, 2.72448596661e-06, 2.07569701161e-06, 1.52643383444e-06, 1.27351552237e-06],
        "median": [0.00102341175079, 0.00132275861688, 0.000256437167991, 0.000142862758366, 0.000123350357171, 6.26472974545e-05, 2.7359546948e-05, 3.1497249438e-05, 1.47770570038e-05, 1.60250747285e-05, 1.61877178471e-05, 1.18109328469e-05, 2.32840866374e-05, 9.64652645052e-06, 1.17463805509e-05, 1.0187085536e-05, 1.1389649444e-05, 8.87697933649e-06, 7.66358425608e-06, 7.28243048798e-06, 6.07032870903e-06, 5.98470614932e-06, 5.17349872098e-06, 4.92011167808e-06, 4.85383679916e-06, 5.27652173332e-06, 4.9837590268e-06, 4.45093201051e-06, 3.93994196202e-06, 2.63117317445e-06, 2.1192654458e-06, 1.97803160518e-06, 1.61775824381e-06, 1.34752565373e-06, 1.19407809507e-06, 1.04052628558e-06, 8.25604615784e-07, 6.40666257823e-07, 5.02025329752e-07, 3.62424373179e-07],
        "min": [7.77270408599e-24, 5.54474986935e-24, 7.74279679135e-24, 2.50252206675e-23, 2.18021448458e-23, 1.28873366187e-23, 2.05988574417e-23, 1.01181800393e-23, 5.04316843999e-24, 5.68384813505e-24, 2.97091209464e-24, 5.72696214453e-24, 1.32559018999e-23, 8.8277029948e-24, 7.39926285548e-24, 9.03897414472e-24, 1.04136029263e-23, 4.03584433998e-24, 3.10576096386e-24, 5.62915128089e-24, 1.12322859291e-23, 1.35891451453e-23, 1.49706220283e-23, 1.30681088283e-23, 1.24893973128e-23, 1.0224537422e-23, 1.04274521683e-23, 2.19604313641e-23, 8.45806012956e-24, 6.31463196449e-24, 9.20833311474e-24, 8.72399460704e-24, 9.78495099341e-24, 1.41012547123e-23, 9.22445900936e-24, 1.57203838316e-23, 1.29501812227e-23, 8.58762974438e-24, 7.05875735663e-24, 8.93901836828e-24],
        "var": [1.95875854843e-05, 2.95386180369e-05, 1.59622504725e-05, 7.12193832442e-06, 5.07373158598e-07, 1.29705057361e-07, 6.75185631849e-08, 1.38767806135e-08, 1.28574031422e-08, 2.18490825432e-08, 1.04736139761e-08, 1.65847477973e-08, 4.63174103515e-08, 9.07226382907e-09, 8.10041544952e-09, 2.45788545072e-08, 4.58471802744e-08, 1.7770348526e-09, 4.58611815191e-09, 6.07841288414e-09, 5.52777379426e-09, 2.29294450094e-09, 8.92913798456e-10, 3.89603543871e-10, 5.43953271315e-10, 1.04454145333e-09, 2.4628354911e-10, 2.24402635363e-10, 4.55350618322e-10, 5.85879053605e-11, 2.90771573486e-11, 2.80046194567e-11, 2.57479506466e-11, 2.99908396728e-11, 2.49175211714e-11, 3.47658395128e-11, 2.3793533116e-11, 1.51644165974e-11, 1.08579629662e-11, 9.35829452126e-12]
    },
    "mfcc": {
        "mean": [-651.455078125, 92.0380477905, 12.4863233566, 30.8037719727, 10.9994344711, 14.3756628036, 8.60918521881, 5.39357376099, -0.361075878143, 3.92601299286, -2.65316128731, 0.988667547703, 0.537980437279],
        "cov": [[4409.27148438, -895.606811523, -260.73727417, 30.5675678253, 0.26343870163, 16.2245960236, -24.6112499237, -23.6806087494, -41.2209396362, -41.3514633179, -97.4260025024, -107.267433167, -81.825881958], [-895.606811523, 1214.08813477, -201.427047729, 8.54718399048, -66.2743377686, -108.706451416, -8.91384601593, -78.3650588989, 16.7564945221, -56.2263145447, 20.3103313446, -10.5841360092, 14.9617576599], [-260.73727417, -201.427047729, 1000.121521, 279.333831787, 202.454803467, 169.815353394, 21.3186912537, 97.8845291138, 39.7794151306, 31.1042995453, 40.7349624634, 1.747864604, -24.7468090057], [30.5675678253, 8.54718399048, 279.333831787, 501.63269043, 232.637954712, 239.619888306, 77.4439239502, 168.193191528, 113.021118164, 42.9540100098, 85.5852355957, 57.1347312927, 33.110244751], [0.26343870163, -66.2743377686, 202.454803467, 232.637954712, 274.217803955, 208.090164185, 92.9627075195, 134.143463135, 83.8184356689, 54.3363075256, 51.8222846985, 37.0148200989, 21.0723171234], [16.2245960236, -108.706451416, 169.815353394, 239.619888306, 208.090164185, 352.678741455, 128.299957275, 166.963226318, 96.2364349365, 85.199760437, 81.7471237183, 47.5536193848, 38.5627441406], [-24.6112499237, -8.91384601593, 21.3186912537, 77.4439239502, 92.9627075195, 128.299957275, 167.339859009, 89.2818145752, 70.1079101562, 50.1904754639, 37.9029846191, 25.044303894, 32.3195724487], [-23.6806087494, -78.3650588989, 97.8845291138, 168.193191528, 134.143463135, 166.963226318, 89.2818145752, 195.173202515, 100.109138489, 63.0856819153, 51.6294059753, 54.7593765259, 32.2194519043], [-41.2209396362, 16.7564945221, 39.7794151306, 113.021118164, 83.8184356689, 96.2364349365, 70.1079101562, 100.109138489, 137.845916748, 62.8456535339, 51.2617225647, 33.6793136597, 35.4226646423], [-41.3514633179, -56.2263145447, 31.1042995453, 42.9540100098, 54.3363075256, 85.199760437, 50.1904754639, 63.0856819153, 62.8456535339, 104.33380127, 55.6251296997, 38.3705863953, 28.7189979553], [-97.4260025024, 20.3103313446, 40.7349624634, 85.5852355957, 51.8222846985, 81.7471237183, 37.9029846191, 51.6294059753, 51.2617225647, 55.6251296997, 106.048355103, 55.4118270874, 37.406162262], [-107.267433167, -10.5841360092, 1.747864604, 57.1347312927, 37.0148200989, 47.5536193848, 25.044303894, 54.7593765259, 33.6793136597, 38.3705863953, 55.4118270874, 92.9669418335, 51.484790802], [-81.825881958, 14.9617576599, -24.7468090057, 33.110244751, 21.0723171234, 38.5627441406, 32.3195724487, 32.2194519043, 35.4226646423, 28.7189979553, 37.406162262, 51.484790802, 86.2449417114]],
