{
"lowlevel": {
    "average_loudness": 0.85116404295,
    "barkbands_crest": {
        "dmean": 3.21445584297,
        "dmean2": 5.14501285553,
        "dvar": 8.46246910095,
        "dvar2": 18.2565612793,
        "max": 26.5707874298,
        "mean": 13.4954576492,
        "median": 12.6517629623,
        "min": 2.98181867599,
        "var": 30.0718345642
    },
    "barkbands_flatness_db": {
        "dmean": 0.0286651942879,
        "dmean2": 0.040298525244,
        "dvar": 0.000774073414505,
        "dvar2": 0.00136486883275,
        "max": 0.593742489815,
        "mean": 0.161095798016,
        "median": 0.149734660983,
        "min": 0.0308551304042,
        "var": 0.00491532636806
    },
    "barkbands_kurtosis": {
        "dmean": 10.9649953842,
        "dmean2": 16.2889614105,
        "dvar": 1462.56396484,
        "dvar2": 3399.29101562,
        "max": 1706.70800781,
        "mean": 17.3128795624,
        "median": 5.68319892883,
        "min": -1.94988012314,
        "var": 2346.80517578
    },
    "barkbands_skewness": {
        "dmean": 1.00412881374,
        "dmean2": 1.46155202389,
        "dvar": 1.38531541824,
        "dvar2": 2.78226327896,
        "max": 34.2464599609,
        "mean": 2.83064246178,
        "median": 2.39089560509,
        "min": -2.23579287529,
        "var": 5.81064653397
    },
    "barkbands_spread": {
        "dmean": 11.431634903,
        "dmean2": 17.3096466064,
        "dvar": 240.243988037,
        "dvar2": 517.428588867,
        "max": 127.993148804,
        "mean": 29.2714347839,
        "median": 21.4323558807,
        "min": 0.112741842866,
        "var": 683.803527832
    },
    "dissonance": {
        "dmean": 0.0238448772579,
        "dmean2": 0.0400932133198,
        "dvar": 0.000627209607046,
        "dvar2": 0.00169314234518,
        "max": 0.499999940395,
        "mean": 0.45283973217,
        "median": 0.463752180338,
        "min": 0.14185500145,
        "var": 0.00151522876695
    },
    "dynamic_complexity": 4.99787759781,
    "erbbands_crest": {
        "dmean": 3.50189805031,
        "dmean2": 5.60204076767,
        "dvar": 11.0547056198,
        "dvar2": 26.4431056976,
        "max": 32.645652771,
        "mean": 10.1654815674,
        "median": 8.94553565979,
        "min": 1.95208513737,
        "var": 30.209608078
    },
    "erbbands_flatness_db": {
        "dmean": 0.022064788267,
        "dmean2": 0.0323324650526,
        "dvar": 0.00048980669817,
        "dvar2": 0.000943198334426,
        "max": 0.372914880514,
        "mean": 0.118233270943,
        "median": 0.105574950576,
        "min": 0.0261568780988,
        "var": 0.00292238057591
    },
    "erbbands_kurtosis": {
        "dmean": 2.26125669479,
        "dmean2": 3.5398452282,
        "dvar": 34.2007141113,
        "dvar2": 74.3993148804,
        "max": 287.07333374,
        "mean": 1.75061047077,
        "median": 0.0126727819443,
        "min": -1.81344425678,
        "var": 51.0610923767
    },
    "erbbands_skewness": {
        "dmean": 0.575768947601,
        "dmean2": 0.847519278526,
        "dvar": 0.37649667263,
        "dvar2": 0.790395438671,
        "max": 12.7537641525,
        "mean": 0.548966884613,
        "median": 0.347294151783,
        "min": -2.4431116581,
        "var": 1.24775469303
    },
    "erbbands_spread": {
        "dmean": 15.8829154968,
        "dmean2": 23.9105510712,
        "dvar": 257.288330078,
        "dvar2": 565.893310547,
        "max": 199.633071899,
        "mean": 60.421421051,
        "median": 56.1473464966,
        "min": 1.27879083157,
        "var": 1238.26147461
    },
    "hfc": {
        "dmean": 16.444475174,
        "dmean2": 24.0813179016,
        "dvar": 928.708068848,
        "dvar2": 2000.28869629,
        "max": 265.481262207,
        "mean": 24.9180679321,
        "median": 8.70499229431,
        "min": 1.08638639252e-16,
        "var": 1489.95495605
    },
    "melbands_crest": {
        "dmean": 3.88392710686,
        "dmean2": 6.2528591156,
        "dvar": 10.5817861557,
        "dvar2": 25.7079086304,
        "max": 34.9069709778,
        "mean": 18.593416214,
        "median": 18.6449718475,
        "min": 1.44329595566,
        "var": 35.2668380737
    },
    "melbands_flatness_db": {
        "dmean": 0.0338772013783,
        "dmean2": 0.0466031953692,
        "dvar": 0.00110094365664,
        "dvar2": 0.00196621404029,
        "max": 0.761735379696,
        "mean": 0.257182598114,
        "median": 0.251344144344,
        "min": 0.00294385384768,
        "var": 0.00838524475694
    },
    "melbands_kurtosis": {
        "dmean": 24.9461269379,
        "dmean2": 37.1355934143,
        "dvar": 1342.70385742,
        "dvar2": 2926.57958984,
        "max": 748.304077148,
        "mean": 52.0097389221,
        "median": 28.7372703552,
        "min": -1.65163111687,
        "var": 4330.92919922
    },
    "melbands_skewness": {
        "dmean": 1.38201344013,
        "dmean2": 2.05854725838,
        "dvar": 1.95688951015,
        "dvar2": 4.36136245728,
        "max": 20.4913311005,
        "mean": 4.98745536804,
        "median": 4.47718143463,
        "min": -1.94974005222,
        "var": 9.96883487701
    },
    "melbands_spread": {
        "dmean": 6.42214202881,
        "dmean2": 9.76104736328,
        "dvar": 87.7462921143,
        "dvar2": 197.902481079,
        "max": 200.897216797,
        "mean": 17.0943241119,
        "median": 10.027841568,
        "min": 0.2602827847,
        "var": 416.624481201
    },
    "pitch_salience": {
        "dmean": 0.0888365134597,
        "dmean2": 0.135640144348,
        "dvar": 0.00662491237745,
        "dvar2": 0.0136424442753,
        "max": 0.972290456295,
        "mean": 0.455312252045,
        "median": 0.483120292425,
        "min": 0.0346407331526,
        "var": 0.02475887537
    },
    "silence_rate_20dB": {
        "dmean": 0,
        "dmean2": 0,
        "dvar": 0,
        "dvar2": 0,
        "max": 1,
        "mean": 1,
        "median": 1,
        "min": 1,
        "var": 0
    },
    "silence_rate_30dB": {
        "dmean": 0.0592490509152,
        "dmean2": 0.118511714041,
        "dvar": 0.0557376816869,
        "dvar2": 0.109974242747,
        "max": 1,
        "mean": 0.938231945038,
        "median": 1,
        "min": 0,
        "var": 0.0579522997141
    },
    "silence_rate_60dB": {
        "dmean": 0.0640716478229,
        "dmean2": 0.128158017993,
        "dvar": 0.0599702745676,
        "dvar2": 0.134480565786,
        "max": 1,
        "mean": 0.188863381743,
        "median": 0,
        "min": 0,
        "var": 0.153183043003
    },
    "spectral_centroid": {
        "dmean": 283.646697998,
        "dmean2": 406.015045166,
        "dvar": 121794.296875,
        "dvar2": 258744.15625,
        "max": 12098.6298828,
        "mean": 1160.0177002,
        "median": 918.535339355,
        "min": 91.5253067017,
        "var": 1618524.25
    },
    "spectral_complexity": {
        "dmean": 2.80032157898,
        "dmean2": 4.23725318909,
        "dvar": 10.9333648682,
        "dvar2": 21.7918376923,
        "max": 52,
        "mean": 8.70987415314,
        "median": 7,
        "min": 0,
        "var": 38.2285194397
    },
    "spectral_decrease": {
        "dmean": 2.75743627931e-09,
        "dmean2": 3.71352371076e-09,
        "dvar": 2.1974916549e-17,
        "dvar2": 3.54758938093e-17,
        "max": 6.00757915636e-11,
        "mean": -6.81813627779e-09,
        "median": -3.43260708746e-09,
        "min": -4.55200854788e-08,
        "var": 7.56890377519e-17
    },
    "spectral_energy": {
        "dmean": 0.0111812371761,
        "dmean2": 0.0151861431077,
        "dvar": 0.000343265943229,
        "dvar2": 0.000551843550056,
        "max": 0.174530550838,
        "mean": 0.0279933996499,
        "median": 0.0151203451678,
        "min": 1.00024917258e-20,
        "var": 0.00116190686822
    },
    "spectral_energyband_high": {
        "dmean": 0.00126747461036,
        "dmean2": 0.00186261138879,
        "dvar": 6.96948836776e-06,
        "dvar2": 1.47424007082e-05,
        "max": 0.023266941309,
        "mean": 0.00174005213194,
        "median": 0.000297311722534,
        "min": 7.12022854119e-21,
        "var": 1.09540233098e-05
    },
    "spectral_energyband_low": {
        "dmean": 0.00887910276651,
        "dmean2": 0.0121495155618,
        "dvar": 0.000312370422762,
        "dvar2": 0.000603298365604,
        "max": 0.1687797755,
        "mean": 0.0167814865708,
        "median": 0.00712651340291,
        "min": 1.22989497242e-23,
        "var": 0.000697653566021
    },
    "spectral_energyband_middle_high": {
        "dmean": 0.000915744283702,
        "dmean2": 0.00140131462831,
        "dvar": 3.27329439642e-06,
        "dvar2": 7.52676669435e-06,
        "max": 0.0430187545717,
        "mean": 0.00179899611976,
        "median": 0.00082422432024,
        "min": 1.18814357184e-21,
        "var": 8.29054351925e-06
    },
    "spectral_energyband_middle_low": {
        "dmean": 0.00843762140721,
        "dmean2": 0.0134953614324,
        "dvar": 0.000449576269602,
        "dvar2": 0.00102290604264,
        "max": 0.166342318058,
        "mean": 0.0098719727248,
        "median": 0.0029616181273,
        "min": 1.44814402302e-22,
        "var": 0.00043459457811
    },
    "spectral_entropy": {
        "dmean": 0.258252233267,
        "dmean2": 0.357359200716,
        "dvar": 0.0690946877003,
        "dvar2": 0.127454698086,
        "max": 9.82611465454,
        "mean": 7.61950683594,
        "median": 7.67904663086,
        "min": 3.82666921616,
        "var": 0.557407259941
    },
    "spectral_flux": {
        "dmean": 0.0357500389218,
        "dmean2": 0.0474189035594,
        "dvar": 0.00219958485104,
        "dvar2": 0.00312087149359,
        "max": 0.456965833902,
        "mean": 0.0898491665721,
        "median": 0.0613148659468,
        "min": 6.37086425281e-11,
        "var": 0.00787626579404
    },
    "spectral_kurtosis": {
        "dmean": 1.68391001225,
        "dmean2": 2.42207741737,
        "dvar": 13.6396112442,
        "dvar2": 29.0105190277,
        "max": 77.2643432617,
        "mean": 4.15906333923,
        "median": 3.08405613899,
        "min": -1.59593164921,
        "var": 31.3605976105
    },
    "spectral_rms": {
        "dmean": 0.000929174537305,
        "dmean2": 0.00127431191504,
        "dvar": 1.46476361351e-06,
        "dvar2": 2.40085887526e-06,
        "max": 0.013048896566,
        "mean": 0.00436019804329,
        "median": 0.00384077522904,
        "min": 3.12386444837e-12,
        "var": 8.29933014757e-06
    },
    "spectral_rolloff": {
        "dmean": 1157.41845703,
        "dmean2": 1948.57531738,
        "dvar": 6372631,
        "dvar2": 13328468,
        "max": 19875.1464844,
        "mean": 2125.21362305,
        "median": 495.263671875,
        "min": 21.533203125,
        "var": 14214048
    },
    "spectral_skewness": {
        "dmean": 0.260563969612,
        "dmean2": 0.367171436548,
        "dvar": 0.116481594741,
        "dvar2": 0.221120029688,
        "max": 7.5584397316,
        "mean": 1.74621665478,
        "median": 1.68414592743,
        "min": -0.107050456107,
        "var": 0.616285443306
    },
    "spectral_spread": {
        "dmean": 1310637.875,
        "dmean2": 1920211.125,
        "dvar": 2.50615483597e+12,
        "dvar2": 4.9540497408e+12,
        "max": 42556884,
        "mean": 8726601,
        "median": 8019830,
        "min": 1183321.125,
        "var": 2.14318742241e+13
    },
    "spectral_strongpeak": {
        "dmean": 0.266315668821,
        "dmean2": 0.432906955481,
        "dvar": 0.28645542264,
        "dvar2": 0.713012218475,
        "max": 8.77699279785,
        "mean": 0.542164206505,
        "median": 0.378659904003,
        "min": 0,
        "var": 0.364496201277
    },
    "zerocrossingrate": {
        "dmean": 0.0226890705526,
        "dmean2": 0.0255340598524,
        "dvar": 0.000668610620778,
        "dvar2": 0.000836862542201,
        "max": 0.56640625,
        "mean": 0.0901753976941,
        "median": 0.06982421875,
        "min": 0.0029296875,
        "var": 0.00634943321347
    },
    "barkbands": {
        "dmean": [0.000234604653087, 0.00555710680783, 0.00571169890463, 0.00445357244462, 0.00545335980132, 0.000723804056179, 0.000216828571865, 0.000140476418892, 0.000149131796206, 0.000165402452694, 0.000333472562488, 0.000165007484611, 0.000150995634613, 0.00014298329188, 0.000165002580616, 0.000112910653115, 9.30554961087e-05, 6.07041583862e-05, 3.68216387869e-05, 4.41994743596e-05, 3.76066054741e-05, 5.41768349649e-05, 7.73749197833e-05, 0.00017404036771, 0.00033253984293, 0.000561611319426, 6.94389091223e-05],
        "dmean2": [0.000389370194171, 0.00777586689219, 0.00966459233314, 0.00775824347511, 0.00989921297878, 0.0012639692286, 0.000359566474799, 0.000231806960073, 0.000242982176133, 0.000270098884357, 0.000527441152371, 0.000269596668659, 0.000248108903179, 0.000227918077144, 0.000271451281151, 0.00018189731054, 0.000151008120156, 9.79949327302e-05, 5.92543619859e-05, 6.73017930239e-05, 5.53448771825e-05, 7.87487661e-05, 0.000113077934657, 0.000244131500949, 0.00048122505541, 0.000889367540367, 0.00011859722872],
        "dvar": [2.4193666377e-06, 0.000109726999654, 0.000286343652988, 0.000157879723702, 0.000325177010382, 2.75166667052e-06, 2.87382164288e-07, 1.37487646157e-07, 9.70831592895e-08, 2.85473390704e-07, 1.78045411303e-06, 2.88686180738e-07, 1.40239492907e-07, 1.63951440868e-07, 3.30828584083e-07, 1.95917706947e-07, 1.24578960481e-07, 2.43402773492e-08, 5.03576513822e-09, 7.6461263987e-09, 5.88044457572e-09, 1.46435308324e-08, 3.46795268058e-08, 1.9660892292e-07, 5.75948376991e-07, 1.25955455132e-06, 2.03195238413e-08],
        "dvar2": [6.17985642748e-06, 0.000216435888433, 0.000733293301892, 0.00044111860916, 0.000907756504603, 7.75290482125e-06, 7.32547107418e-07, 3.65611924735e-07, 2.4750389116e-07, 6.22004847628e-07, 3.89083970731e-06, 7.05813533841e-07, 3.6091188349e-07, 3.90242917092e-07, 8.61563592025e-07, 4.75089052543e-07, 3.14630284493e-07, 6.16494801875e-08, 1.23686012543e-08, 1.8068218921e-08, 1.28798571808e-08, 3.30779421631e-08, 7.35091134629e-08, 4.1628450731e-07, 1.01807245301e-06, 3.05804519485e-06, 5.30879447069e-08],
        "max": [0.0844940915704, 0.10073068738, 0.12950155139, 0.102035470307, 0.134854257107, 0.0194448139518, 0.0158197972924, 0.0106935398653, 0.0079888291657, 0.0220784265548, 0.0380133725703, 0.0165982916951, 0.00840354338288, 0.0142723824829, 0.0168476682156, 0.0119757251814, 0.00858485046774, 0.0031258452218, 0.00332589494064, 0.00295255705714, 0.00201604492031, 0.00213819346391, 0.00256591523066, 0.00432870164514, 0.00695316819474, 0.00896419491619, 0.000935987336561],
        "mean": [0.000281074113445, 0.00955058913678, 0.0047683804296, 0.00443900749087, 0.00407867692411, 0.000731028616428, 0.00024659090559, 0.000156289213919, 0.000187189085409, 0.000205114265555, 0.000404894439271, 0.000201515140361, 0.000179149705218, 0.000181051305844, 0.000197318615392, 0.000141203287058, 0.000123835096019, 9.53434573603e-05, 6.08188129263e-05, 7.71717750467e-05, 6.49295470794e-05, 9.34026247705e-05, 0.000123425779748, 0.000243583039264, 0.000478716305224, 0.000621326966211, 6.1744118284e-05],
        "median": [5.6288059568e-05, 0.00290397694334, 0.000730673025828, 0.000570904579945, 0.000574430217966, 0.000199609494302, 6.11135910731e-05, 4.08921368944e-05, 6.61449012114e-05, 4.9074558774e-05, 6.24742024229e-05, 4.13863526774e-05, 5.09306919412e-05, 4.80189919472e-05, 5.11383550474e-05, 3.78443401132e-05, 3.24903303408e-05, 3.11927287839e-05, 2.40760855377e-05, 2.60492797679e-05, 1.57497088367e-05, 1.58219772857e-05, 1.91792350961e-05, 3.44449290424e-05, 8.27157055028e-05, 8.32458317745e-05, 5.85729003433e-06],
        "min": [3.53819424824e-25, 2.5637725012e-24, 1.21545489327e-24, 1.61424488706e-24, 8.49841904233e-24, 6.70962881923e-24, 1.01785720747e-23, 5.80148741197e-24, 1.95780288319e-23, 7.61380304499e-24, 1.38388401322e-23, 1.79474454522e-23, 3.21405819495e-23, 2.74145257327e-23, 3.66021362603e-23, 4.18908301629e-23, 5.39442524523e-23, 8.1711209683e-23, 1.28154922161e-22, 1.8049027702e-22, 2.57748676127e-22, 3.31947771669e-22, 3.90793715485e-22, 5.39021209691e-22, 9.02166473786e-22, 1.29285724608e-21, 1.8746352217e-21],
        "var": [3.55904262506e-06, 0.000249464617809, 0.000222716902499, 0.000112474619527, 0.00020014315669, 2.21192681238e-06, 3.73929623265e-07, 1.4993274533e-07, 1.35914248744e-07, 4.91841490202e-07, 2.99025145978e-06, 3.94698020045e-07, 1.60646266067e-07, 2.12161836544e-07, 3.90523837268e-07, 2.16233601691e-07, 1.60883118383e-07, 4.90995653024e-08, 1.0581482357e-08, 1.64062949892e-08, 1.38085329837e-08, 3.04004963425e-08, 6.14743740357e-08, 3.02363872606e-07, 1.00427837424e-06, 1.52196730596e-06, 1.75087802035e-08]
    },
    "erbbands": {
        "dmean": [0.0960884168744, 1.50291180611, 5.73770141602, 10.9235982895, 15.0350723267, 21.4047737122, 12.2276945114, 4.70435094833, 3.05606007576, 3.11505031586, 3.05883407593, 3.76716709137, 2.90482664108, 7.46780872345, 13.8810691833, 6.76629638672, 6.62446212769, 7.03308963776, 8.31368637085, 6.45802402496, 6.37306547165, 4.2059674263, 3.16632199287, 2.41520571709, 1.69569754601, 1.99429285526, 1.93305838108, 1.43940496445, 1.82524204254, 2.12674546242, 2.30284428596, 3.6085498333, 2.92283034325, 3.22820591927, 2.72229218483, 2.54622411728, 0.929970979691, 0.239836663008, 0.0057290433906, 0.000151358559378],
        "dmean2": [0.131564199924, 2.05913949013, 9.15852069855, 18.2429561615, 26.1644191742, 39.8130149841, 22.4377307892, 8.0824804306, 5.12785768509, 5.13978099823, 4.9913392067, 6.10203075409, 4.70580196381, 12.1798553467, 21.5279026031, 11.001159668, 10.9071598053, 11.1827907562, 13.5526485443, 10.4721755981, 10.2182645798, 6.80237436295, 5.09866380692, 3.87005925179, 2.65304470062, 3.04038524628, 2.88107681274, 2.14266204834, 2.68171095848, 3.02832722664, 3.45679521561, 5.46709537506, 3.95368218422, 4.72344923019, 4.02594661713, 3.98576331139, 1.49260294437, 0.391630500555, 0.00941009819508, 0.000238389940932],
        "dvar": [0.024267366156, 8.19491767883, 243.075836182, 907.269958496, 1994.3671875, 5912.34912109, 1535.04772949, 102.611465454, 57.3234825134, 58.193321228, 70.388053894, 63.2630195618, 40.6039848328, 605.189758301, 3200.1640625, 341.106842041, 261.829345703, 352.765533447, 584.566345215, 1014.99334717, 723.128356934, 225.062988281, 68.8922653198, 24.6583194733, 10.3655786514, 14.2523841858, 15.9323654175, 9.95690059662, 16.2650966644, 23.9193019867, 32.1384315491, 106.907897949, 45.4011459351, 61.5164985657, 36.9128875732, 28.0693378448, 3.45757436752, 0.216324999928, 0.000124952377519, 7.72395978288e-08],
        "dvar2": [0.0445425286889, 15.7357082367, 589.516662598, 2396.51928711, 5466.84082031, 16961.1386719, 4452.44580078, 274.172576904, 146.162521362, 156.132263184, 188.740386963, 159.689422607, 100.275192261, 1431.07653809, 6700.64990234, 870.464111328, 694.189697266, 853.474060059, 1559.87109375, 2581.52319336, 1724.86364746, 552.156066895, 183.291030884, 60.1486358643, 23.8993034363, 33.04139328, 35.1684837341, 22.0405044556, 36.5628356934, 49.0704727173, 73.2297744751, 242.01550293, 82.865486145, 110.558509827, 70.0215148926, 67.167930603, 8.53751754761, 0.550021588802, 0.000318617268931, 1.90439990888e-07],
        "max": [2.46673035622, 26.4727954865, 125.442939758, 242.162963867, 384.885986328, 600.56854248, 449.676391602, 155.227172852, 204.207565308, 122.253196716, 278.330963135, 195.540756226, 132.438308716, 930.04486084, 1738.60644531, 435.116027832, 339.196716309, 574.484924316, 585.907958984, 1141.88903809, 806.668029785, 411.812255859, 179.833175659, 117.711715698, 152.448562622, 129.727752686, 115.552368164, 69.5388717651, 70.5000915527, 67.4588775635, 77.410949707, 91.0403594971, 69.2949829102, 70.5939865112, 62.1275253296, 43.1335639954, 15.5687732697, 3.55361247063, 0.0782087594271, 0.00198272196576],
        "mean": [0.184250608087, 2.46713495255, 5.74646234512, 10.8770885468, 13.8331766129, 14.6462869644, 9.59484577179, 5.03090667725, 3.44918251038, 3.56040287018, 3.67201828957, 4.80892944336, 3.75969195366, 9.54101371765, 17.7886066437, 8.88885307312, 8.3039560318, 9.42347621918, 10.9975824356, 8.24185562134, 8.79821014404, 6.24016427994, 5.06452226639, 3.90595030785, 3.04219508171, 3.52228283882, 3.42046093941, 2.39200901985, 3.01363444328, 3.80975341797, 3.45649862289, 4.53004169464, 4.40569067001, 4.58466815948, 3.82804918289, 2.86099863052, 1.02537035942, 0.242171496153, 0.00564850494266, 0.00018047397316],
        "median": [0.0559236109257, 0.745081067085, 1.38394081593, 1.78749585152, 2.49658584595, 1.49850046635, 1.62373042107, 1.50580954552, 0.903787910938, 1.11421144009, 1.21976828575, 1.73687708378, 1.53638982773, 2.72715115547, 3.11982560158, 2.3868060112, 2.63015794754, 2.73113250732, 3.51743555069, 2.33500814438, 2.24811697006, 1.8652356863, 1.71165585518, 1.5115878582, 1.20450854301, 1.25934815407, 0.86017370224, 0.562323331833, 0.5876506567, 0.529962420464, 0.538748502731, 0.548676252365, 0.682911634445, 0.793605804443, 0.652840971947, 0.35857707262, 0.141392052174, 0.0285913720727, 0.000645803986117, 5.18357664987e-05],
        "min": [6.44021877837e-23, 4.98029624162e-22, 2.05444643463e-21, 6.78494008874e-21, 1.09804801272e-20, 1.73064553372e-20, 4.32211919011e-20, 8.5969184793e-20, 1.77100803789e-19, 1.25399701984e-19, 1.17770240378e-19, 5.12256771633e-19, 5.64349246191e-19, 5.9028709696e-19, 9.19858755564e-19, 1.30841402701e-18, 1.66265422773e-18, 1.64601156061e-18, 1.95655160277e-18, 2.74497466772e-18, 3.13077646171e-18, 4.6634854749e-18, 5.26480028529e-18, 5.7958051572e-18, 7.25237715809e-18, 8.00721338145e-18, 1.00170190789e-17, 1.15096631855e-17, 9.84826844363e-18, 1.20092331262e-17, 1.23198146308e-17, 1.15020920013e-17, 9.15345161834e-18, 8.27978262818e-18, 6.66320411832e-18, 4.47470466114e-18, 2.12529913607e-18, 9.38984412097e-19, 2.52570397659e-19, 2.57539097115e-20],
        "var": [0.0848471224308, 17.8606319427, 229.175735474, 705.055114746, 1368.05578613, 3377.55102539, 904.370483398, 101.059860229, 73.3206329346, 64.636680603, 77.2021255493, 90.5168533325, 56.6989402771, 964.440551758, 5898.67138672, 450.378265381, 301.197753906, 525.962768555, 773.571777344, 1057.85559082, 914.958007812, 314.449005127, 128.557846069, 48.7326202393, 25.9658145905, 32.0316925049, 35.3540458679, 20.1518058777, 31.3225574493, 56.0534286499, 49.5869522095, 129.299560547, 87.8224563599, 100.952201843, 61.6024971008, 34.9957008362, 4.04014205933, 0.224050730467, 0.000124528436572, 9.12458446578e-08]
    },
    "gfcc": {
        "mean": [-53.037311554, 54.996421814, -59.595954895, 20.7831344604, -34.6140403748, 27.5056743622, -40.3842506409, 15.8078556061, -35.7000846863, 6.8514456749, -23.2422943115, 4.87529039383, -14.8752851486],
        "cov": [[27694.1445312, -1680.43408203, -510.175231934, 970.640258789, -251.040710449, 819.3046875, -648.795959473, 152.404083252, -613.522705078, 436.440216064, -519.392211914, 270.472839355, -555.584106445], [-1680.43408203, 1552.22680664, -90.3539047241, -241.880554199, -40.2593421936, -75.7319107056, 11.5168991089, -67.9178390503, -38.0134620667, -159.278106689, 45.2017097473, -130.659454346, 69.4448852539], [-510.175231934, -90.3539047241, 879.952880859, 154.373519897, -45.8621063232, 14.7152709961, 23.0222740173, -21.9705467224, 68.2580032349, 5.89725351334, -10.5748109818, 6.98338222504, -23.5152816772], [970.640258789, -241.880554199, 154.373519897, 453.340820312, 124.611694336, 73.2762069702, 26.4397506714, 34.998500824, 37.7421722412, 40.3485984802, -17.2907447815, 34.6375389099, -0.751043736935], [-251.040710449, -40.2593421936, -45.8621063232, 124.611694336, 411.597503662, 80.6983947754, 106.827606201, 29.5908164978, 57.0999526978, 25.3369579315, 7.31343793869, 23.061252594, 11.9532251358], [819.3046875, -75.7319107056, 14.7152709961, 73.2762069702, 80.6983947754, 397.691986084, 180.140625, -9.18921089172, 39.0545501709, 60.6149368286, 31.3701591492, -1.07372498512, -40.6487922668], [-648.795959473, 11.5168991089, 23.0222740173, 26.4397506714, 106.827606201, 180.140625, 312.244171143, 42.8293685913, 69.0817871094, 52.097454071, 52.2361335754, 17.1661529541, 9.05858612061], [152.404083252, -67.9178390503, -21.9705467224, 34.998500824, 29.5908164978, -9.18921089172, 42.8293685913, 187.550643921, 86.4419326782, 30.0485057831, 11.2436590195, 23.4222736359, 14.3755817413], [-613.522705078, -38.0134620667, 68.2580032349, 37.7421722412, 57.0999526978, 39.0545501709, 69.0817871094, 86.4419326782, 212.504928589, 72.5262527466, 39.3289299011, 29.2804794312, 18.7584018707], [436.440216064, -159.278106689, 5.89725351334, 40.3485984802, 25.3369579315, 60.6149368286, 52.097454071, 30.0485057831, 72.5262527466, 151.974609375, 52.97133255, 38.8750991821, -1.69376718998], [-519.392211914, 45.2017097473, -10.5748109818, -17.2907447815, 7.31343793869, 31.3701591492, 52.2361335754, 11.2436590195, 39.3289299011, 52.97133255, 126.830490112, 41.8659324646, 28.1611862183], [270.472839355, -130.659454346, 6.98338222504, 34.6375389099, 23.061252594, -1.07372498512, 17.1661529541, 23.4222736359, 29.2804794312, 38.8750991821, 41.8659324646, 123.475914001, 48.5309829712], [-555.584106445, 69.4448852539, -23.5152816772, -0.751043736935, 11.9532251358, -40.6487922668, 9.05858612061, 14.3755817413, 18.7584018707, -1.69376718998, 28.1611862183, 48.5309829712, 98.6951980591]],
        "icov": [[0.000109278327727, -8.21808280307e-05, 7.69509642851e-05, -0.000188293284737, 9.92561399471e-05, -0.000347832188709, 0.000357654906111, -0.000319523329381, 0.000476009852719, -0.000542801688425, 0.000582941691391, -0.00066824327223, 0.000610791146755], [-8.21808280307e-05, 0.00105205841828, -4.65565171908e-05, 0.000453704735264, -0.000127286621137, 0.000293230114039, -0.000385366671253, 0.000475683365948, -0.000558837025892, 0.00137369800359, -0.00128723739181, 0.0019027342787, -0.00154678954277], [7.69509642851e-05, -4.65565171908e-05, 0.00140201020986, -0.000700116739608, 0.0004675014643, -6.56169286231e-05, -2.15052859858e-05, 0.000324645399814, -0.000418902811361, -3.24339198414e-05, 0.000478495436255, -0.000668062653858, 0.000936731346883], [-0.000188293284737, 0.000453704735264, -0.000700116739608, 0.00328726274893, -0.00105470826384, 5.10912504978e-05, -0.000205546777579, 5.52288511244e-05, -0.00060791883152, 0.000560445361771, -0.000425514386734, 0.000961516867392, -0.00158761860803], [9.92561399471e-05, -0.000127286621137, 0.0004675014643, -0.00105470826384, 0.00315614393912, -0.000376109645003, -0.000601981533691, -7.57688685553e-05, -0.000245420640567, -0.000255149934674, 0.000890305440407, -0.000951775815338, 0.000537044834346], [-0.000347832188709, 0.000293230114039, -6.56169286231e-05, 5.10912504978e-05, -0.000376109645003, 0.00509040895849, -0.00336411874741, 0.00194261642173, -0.00174376182258, 0.0011481923284, -0.00216420134529, 0.00208866037428, -7.01014287188e-05], [0.000357654906111, -0.000385366671253, -2.15052859858e-05, -0.000205546777579, -0.000601981533691, -0.00336411874741, 0.00641176430508, -0.00207489286549, 0.00128176424187, -0.00213587237522, 0.000862057087943, -0.00189747847617, 0.00108568614814], [-0.000319523329381, 0.000475683365948, 0.000324645399814, 5.52288511244e-05, -7.57688685553e-05, 0.00194261642173, -0.00207489286549, 0.00810423959047, -0.00435817847028, 0.00186619523447, -0.0013297428377, 0.00153719086666, -0.00175244617276], [0.000476009852719, -0.000558837025892, -0.000418902811361, -0.00060791883152, -0.000245420640567, -0.00174376182258, 0.00128176424187, -0.00435817847028, 0.00958720315248, -0.00519231380895, 0.00207219575532, -0.00274899881333, 0.00164625805337], [-0.000542801688425, 0.00137369800359, -3.24339198414e-05, 0.000560445361771, -0.000255149934674, 0.0011481923284, -0.00213587237522, 0.00186619523447, -0.00519231380895, 0.0135585200042, -0.00665961578488, 0.00235042418353, -0.00163359986618], [0.000582941691391, -0.00128723739181, 0.000478495436255, -0.000425514386734, 0.000890305440407, -0.00216420134529, 0.000862057087943, -0.0013297428377, 0.00207219575532, -0.00665961578488, 0.0149088567123, -0.00684125209227, 0.00201530451886], [-0.00066824327223, 0.0019027342787, -0.000668062653858, 0.000961516867392, -0.000951775815338, 0.00208866037428, -0.00189747847617, 0.00153719086666, -0.00274899881333, 0.00235042418353, -0.00684125209227, 0.017918869853, -0.0106229484081], [0.000610791146755, -0.00154678954277, 0.000936731346883, -0.00158761860803, 0.000537044834346, -7.01014287188e-05, 0.00108568614814, -0.00175244617276, 0.00164625805337, -0.00163359986618, 0.00201530451886, -0.0106229484081, 0.0192393045872]]
    },
    "melbands": {
        "dmean": [0.0011770548299, 0.00245944852941, 0.00189345644321, 0.0013145043049, 0.000545450486243, 0.000106871098978, 4.5662291086e-05, 3.24378052028e-05, 2.54859005508e-05, 2.27060409088e-05, 1.49039515236e-05, 2.96890357276e-05, 4.80074450024e-05, 2.42218684434e-05, 1.49959305418e-05, 1.43243023558e-05, 1.37055021696e-05, 1.40431011459e-05, 9.93441608443e-06, 7.82302686275e-06, 8.06247317087e-06, 5.46345654584e-06, 2.97395445159e-06, 3.44209502146e-06, 1.96722567125e-06, 1.47089338043e-06, 1.0508632613e-06, 1.55931684276e-06, 1.5292206399e-06, 8.9160579364e-07, 8.7628404799e-07, 1.01317766621e-06, 1.18502123314e-06, 1.20140100535e-06, 1.11714962259e-06, 2.18956506615e-06, 2.18994114221e-06, 2.05867900149e-06, 2.36371488427e-06, 2.79127834801e-06],
        "dmean2": [0.00165660551284, 0.00361120863818, 0.00308330310509, 0.00234779203311, 0.00101330480538, 0.000184452539543, 7.62837735238e-05, 5.36423576705e-05, 4.14867354266e-05, 3.68292458006e-05, 2.42956957663e-05, 4.85279488203e-05, 7.52034247853e-05, 3.85252096748e-05, 2.47867810685e-05, 2.35238949244e-05, 2.19197754632e-05, 2.27329837799e-05, 1.60723247973e-05, 1.27814382722e-05, 1.30387543322e-05, 8.84143355506e-06, 4.84683914692e-06, 5.53199379283e-06, 3.23741187458e-06, 2.35810830418e-06, 1.65454321177e-06, 2.40097187998e-06, 2.33866308008e-06, 1.34481274472e-06, 1.36126220696e-06, 1.5411089862e-06, 1.70747875927e-06, 1.7418636844e-06, 1.71924227743e-06, 3.43223041455e-06, 3.3226249343e-06, 2.76745481642e-06, 3.33345201398e-06, 4.16773036704e-06],
        "dvar": [4.23781466452e-06, 3.30229049723e-05, 2.4418832254e-05, 1.80593597179e-05, 3.46557453668e-06, 5.19487741713e-08, 1.31348594223e-08, 6.33384411586e-09, 4.37963487698e-09, 2.25449525715e-09, 1.12237985572e-09, 1.01825250454e-08, 3.5391082065e-08, 6.87860302051e-09, 1.18829102114e-09, 1.35878164276e-09, 1.48756063023e-09, 1.67267988349e-09, 1.5477249482e-09, 9.25910847993e-10, 1.27988619703e-09, 5.16910958481e-10, 5.51422102424e-11, 1.06623022911e-10, 1.82226525536e-11, 9.70273601048e-12, 4.69425800315e-12, 9.16090293901e-12, 1.05944445924e-11, 3.4546475923e-12, 3.74974183648e-12, 5.08073791372e-12, 6.97727335977e-12, 7.56285919307e-12, 6.39706256716e-12, 3.97598585999e-11, 3.79376703663e-11, 2.31669822215e-11, 2.92175936223e-11, 4.62436512694e-11],
        "dvar2": [7.45944635128e-06, 7.29351158952e-05, 6.13763986621e-05, 4.9928061344e-05, 1.00836741694e-05, 1.41067275194e-07, 3.32480176723e-08, 1.71189693532e-08, 1.16740039857e-08, 5.64980151552e-09, 2.74938183331e-09, 2.36642119233e-08, 7.71531389887e-08, 1.58759636548e-08, 3.14587111916e-09, 3.39437811192e-09, 3.52697648864e-09, 4.4316976755e-09, 3.93712573654e-09, 2.45634468321e-09, 3.01107982992e-09, 1.24768362308e-09, 1.47478793067e-10, 2.71772576665e-10, 4.66192084936e-11, 2.4165214968e-11, 1.20389575045e-11, 2.12602626476e-11, 2.39716371753e-11, 7.64168069101e-12, 8.75150819868e-12, 1.18958228684e-11, 1.53521535762e-11, 1.48957807894e-11, 1.50055332743e-11, 9.26300980364e-11, 8.45413600237e-11, 4.10112013793e-11, 5.52081193261e-11, 8.52372616933e-11],
        "max": [0.0214339531958, 0.0494805239141, 0.0401409044862, 0.0342832840979, 0.0187213234603, 0.00303079164587, 0.00318381539546, 0.00123306794558, 0.00201640906744, 0.00106011447497, 0.000799532048404, 0.0039202789776, 0.00565803330392, 0.00314787123352, 0.000622756662779, 0.00104058336001, 0.0010409206152, 0.00129108247347, 0.00126824283507, 0.000883903412614, 0.00118158548139, 0.000580664898735, 0.000164547673194, 0.00024053058587, 9.43495833781e-05, 0.000161138072144, 0.000108229833131, 8.4904328105e-05, 7.62195486459e-05, 6.1828221078e-05, 4.49844883406e-05, 4.16064613091e-05, 4.12751287513e-05, 3.51649687218e-05, 4.21013101004e-05, 5.40142827958e-05, 5.54008183826e-05, 5.14634921274e-05, 5.07561744598e-05, 5.91812349739e-05],
        "mean": [0.00226034037769, 0.00322008272633, 0.00201186281629, 0.00104500679299, 0.000397215568228, 0.000113845009764, 5.1600876759e-05, 3.68350774806e-05, 3.06509682559e-05, 2.85864534817e-05, 1.84479104064e-05, 3.66081221728e-05, 5.98357401032e-05, 3.01570180454e-05, 1.85225762834e-05, 1.71377832885e-05, 1.74150827661e-05, 1.78764494194e-05, 1.17944282465e-05, 9.97023835225e-06, 1.06947463792e-05, 7.22463028069e-06, 4.02013210987e-06, 5.15478677698e-06, 2.86451449938e-06, 2.3434747618e-06, 1.82001235771e-06, 2.54570954894e-06, 2.53652819993e-06, 1.44653392908e-06, 1.34782089845e-06, 1.57533304446e-06, 2.02727073884e-06, 2.08740607377e-06, 1.74080423676e-06, 2.69209931503e-06, 2.69952442977e-06, 3.08239532387e-06, 3.37736946676e-06, 3.89664137401e-06],
        "median": [0.000704047270119, 0.000925960019231, 0.000346782850102, 0.000142816832522, 6.39479403617e-05, 3.47045970557e-05, 1.28853662318e-05, 1.16753371913e-05, 9.51553374762e-06, 9.84150392469e-06, 6.68543088977e-06, 9.21417631616e-06, 9.50741195993e-06, 5.94897392148e-06, 5.26530038769e-06, 4.9969767133e-06, 4.19771276938e-06, 5.30439274371e-06, 3.10223958877e-06, 2.67840096058e-06, 2.34130357057e-06, 1.86192926321e-06, 1.44686612202e-06, 1.47879109136e-06, 1.08740073301e-06, 8.43874886414e-07, 7.65566028349e-07, 8.08178242551e-07, 5.87549834563e-07, 3.2764523894e-07, 3.17579747389e-07, 3.3543338418e-07, 2.81811281866e-07, 2.90398077141e-07, 3.06066624489e-07, 3.09006509269e-07, 3.36063038731e-07, 4.14782107327e-07, 5.710008395e-07, 6.73993554301e-07],
        "min": [1.10330283419e-24, 1.67086340638e-24, 1.08148057497e-24, 1.04715950496e-24, 1.9205925115e-24, 1.68325798893e-24, 2.74997108775e-24, 9.91153634743e-25, 1.11112853159e-24, 2.93627045128e-24, 2.6892591692e-24, 1.88446780964e-24, 2.53119037645e-24, 2.48153611842e-24, 3.59803008745e-24, 2.42954781818e-24, 2.21909432259e-24, 2.51100184816e-24, 3.38737661563e-24, 3.02492934513e-24, 3.04007350236e-24, 2.8402528657e-24, 3.26554829008e-24, 3.75343489692e-24, 3.32656411731e-24, 4.44322867751e-24, 5.08679087032e-24, 4.58752080341e-24, 5.35236996597e-24, 5.50257736536e-24, 6.26171911927e-24, 4.4036826859e-24, 5.47295011634e-24, 5.85380742822e-24, 5.90180685329e-24, 5.62660602118e-24, 5.75563723844e-24, 5.86561391496e-24, 5.01650099708e-24, 5.85804242799e-24],
        "var": [1.27312760014e-05, 4.47045276815e-05, 2.11414280784e-05, 1.15009188448e-05, 1.9457390863e-06, 4.91885394638e-08, 1.71769016788e-08, 6.9084382659e-09, 5.05881025958e-09, 3.22203175251e-09, 1.57004520496e-09, 1.64054565488e-08, 6.3270448436e-08, 1.0982343035e-08, 1.48497125707e-09, 1.63627889016e-09, 2.16242712625e-09, 2.08604888918e-09, 1.75994641083e-09, 1.09888365074e-09, 1.76010972464e-09, 6.47058961967e-10, 6.68434474438e-11, 2.01295910496e-10, 2.84371172443e-11, 1.75913103528e-11, 1.04405303847e-11, 1.80902758051e-11, 2.05435321532e-11, 7.60333115912e-12, 6.61277586508e-12, 8.54903300929e-12, 1.67475807528e-11, 1.74161223637e-11, 1.13015300243e-11, 4.54548725048e-11, 4.6258916836e-11, 4.64287393254e-11, 5.05335599754e-11, 7.34152669213e-11]
    },
    "mfcc": {
        "mean": [-713.697570801, 107.243721008, 31.0676269531, 14.5756978989, 27.1197929382, 10.7926540375, 14.3878040314, 5.22089147568, 2.98835754395, 0.485416918993, -2.28098106384, -3.96017146111, -0.447424143553],
        "cov": [[12351.7050781, -1138.06237793, 114.907203674, 296.767730713, 416.536376953, 675.028625488, 196.456344604, 56.3049659729, 60.514251709, -21.0823535919, 102.458488464, 132.552307129, 106.554237366], [-1138.06237793, 1553.29016113, 32.201675415, -115.080192566, -10.52227211, -110.821182251, 38.2334938049, -23.5003585815, -53.469417572, -25.4731407166, -47.7159843445, -91.5808639526, -78.038230896], [114.907203674, 32.201675415, 801.61114502, 53.4858627319, -24.6679420471, 52.9463653564, -29.8918247223, 0.281380265951, 6.37453556061, -6.0473484993, 0.473018884659, 73.0298919678, -27.014541626], [296.767730713, -115.080192566, 53.4858627319, 396.558410645, 136.585266113, -14.9852685928, -3.4643535614, 16.5469646454, 56.0027427673, -20.7589664459, -25.9862823486, 27.1216468811, 16.3068504333], [416.536376953, -10.52227211, -24.6679420471, 136.585266113, 283.557312012, 37.825428009, -1.52847850323, 28.9001693726, 36.0156402588, 5.58194637299, -2.73096561432, 10.4040317535, 11.9322795868], [675.028625488, -110.821182251, 52.9463653564, -14.9852685928, 37.825428009, 398.704101562, 151.559066772, 55.9684143066, 47.6071891785, 32.2892723083, 71.2741165161, 42.6988945007, 21.9475879669], [196.456344604, 38.2334938049, -29.8918247223, -3.4643535614, -1.52847850323, 151.559066772, 216.882736206, 67.6961975098, 9.91196537018, 35.6946640015, 29.397819519, -2.69560313225, 14.9995336533], [56.3049659729, -23.5003585815, 0.281380265951, 16.5469646454, 28.9001693726, 55.9684143066, 67.6961975098, 144.146026611, 75.7914505005, 26.3279762268, 22.7829227448, 30.8206710815, 32.0386543274], [60.514251709, -53.469417572, 6.37453556061, 56.0027427673, 36.0156402588, 47.6071891785, 9.91196537018, 75.7914505005, 160.296813965, 44.3424186707, 33.9347610474, 51.1675834656, 29.9494304657], [-21.0823535919, -25.4731407166, -6.0473484993, -20.7589664459, 5.58194637299, 32.2892723083, 35.6946640015, 26.3279762268, 44.3424186707, 131.081863403, 70.5339355469, 13.3026247025, 25.2879009247], [102.458488464, -47.7159843445, 0.473018884659, -25.9862823486, -2.73096561432, 71.2741165161, 29.397819519, 22.7829227448, 33.9347610474, 70.5339355469, 120.380813599, 50.8958930969, 29.2659835815], [132.552307129, -91.5808639526, 73.0298919678, 27.1216468811, 10.4040317535, 42.6988945007, -2.69560313225, 30.8206710815, 51.1675834656, 13.3026247025, 50.8958930969, 138.625411987, 55.7665176392], [106.554237366, -78.038230896, -27.014541626, 16.3068504333, 11.9322795868, 21.9475879669, 14.9995336533, 32.0386543274, 29.9494304657, 25.2879009247, 29.2659835815, 55.7665176392, 101.97895813]],
