{
"lowlevel": {
    "average_loudness": 0.92206120491,
    "barkbands_crest": {
        "dmean": 3.25987696648,
        "dmean2": 5.16652441025,
        "dvar": 8.59312915802,
        "dvar2": 18.4347171783,
        "max": 26.3789463043,
        "mean": 10.2176542282,
        "median": 8.99751472473,
        "min": 1.84146749973,
        "var": 24.3934326172
    },
    "barkbands_flatness_db": {
        "dmean": 0.0290311779827,
        "dmean2": 0.0401120483875,
        "dvar": 0.000746940670069,
        "dvar2": 0.00156557944138,
        "max": 0.536226928234,
        "mean": 0.138073295355,
        "median": 0.125903472304,
        "min": 0.0257728416473,
        "var": 0.00316710071638
    },
    "barkbands_kurtosis": {
        "dmean": 3.98549580574,
        "dmean2": 6.13670539856,
        "dvar": 133.046615601,
        "dvar2": 304.46975708,
        "max": 363.440246582,
        "mean": 4.1346745491,
        "median": 0.952036380768,
        "min": -1.94165170193,
        "var": 174.715560913
    },
    "barkbands_skewness": {
        "dmean": 0.716686725616,
        "dmean2": 1.02994978428,
        "dvar": 0.700056374073,
        "dvar2": 1.50014531612,
        "max": 15.1228885651,
        "mean": 1.35406684875,
        "median": 1.15029287338,
        "min": -5.59885406494,
        "var": 2.25706481934
    },
    "barkbands_spread": {
        "dmean": 8.84339427948,
        "dmean2": 13.0873270035,
        "dvar": 106.071006775,
        "dvar2": 228.344116211,
        "max": 108.837692261,
        "mean": 27.7804374695,
        "median": 24.9820346832,
        "min": 0.355610489845,
        "var": 278.477172852
    },
    "dissonance": {
        "dmean": 0.0192644000053,
        "dmean2": 0.0321554616094,
        "dvar": 0.000405315397074,
        "dvar2": 0.00104919192381,
        "max": 0.500000238419,
        "mean": 0.466936528683,
        "median": 0.473533183336,
        "min": 0.209540486336,
        "var": 0.000755083397962
    },
    "dynamic_complexity": 3.14144301414,
    "erbbands_crest": {
        "dmean": 3.06613564491,
        "dmean2": 4.96668767929,
        "dvar": 7.64490365982,
        "dvar2": 19.0569458008,
        "max": 28.8950042725,
        "mean": 8.63383865356,
        "median": 7.6967625618,
        "min": 2.19557762146,
        "var": 17.1282844543
    },
    "erbbands_flatness_db": {
        "dmean": 0.0235353913158,
        "dmean2": 0.0336846485734,
        "dvar": 0.0005824258551,
        "dvar2": 0.00112996227108,
        "max": 0.60285025835,
        "mean": 0.147389948368,
        "median": 0.133040606976,
        "min": 0.0517009422183,
        "var": 0.00376509339549
    },
    "erbbands_kurtosis": {
        "dmean": 1.17371988297,
        "dmean2": 1.83629715443,
        "dvar": 3.67505097389,
        "dvar2": 8.57557868958,
        "max": 62.70287323,
        "mean": 0.562992036343,
        "median": -0.148504972458,
        "min": -1.8287768364,
        "var": 5.65826559067
    },
    "erbbands_skewness": {
        "dmean": 0.443961024284,
        "dmean2": 0.661812186241,
        "dvar": 0.19232930243,
        "dvar2": 0.415704965591,
        "max": 6.4751625061,
        "mean": 0.152255162597,
        "median": 0.185204461217,
        "min": -4.48066806793,
        "var": 0.626426398754
    },
    "erbbands_spread": {
        "dmean": 11.2437534332,
        "dmean2": 17.0519714355,
        "dvar": 142.419631958,
        "dvar2": 312.847686768,
        "max": 184.231246948,
        "mean": 41.6428527832,
        "median": 38.4277229309,
        "min": 0.758759319782,
        "var": 460.137573242
    },
    "hfc": {
        "dmean": 13.0410289764,
        "dmean2": 18.7181434631,
        "dvar": 309.17300415,
        "dvar2": 702.460021973,
        "max": 187.567733765,
        "mean": 26.2467155457,
        "median": 19.4495124817,
        "min": 1.11241551647e-16,
        "var": 575.739562988
    },
    "melbands_crest": {
        "dmean": 4.11411476135,
        "dmean2": 6.57966947556,
        "dvar": 13.5452384949,
        "dvar2": 31.1011657715,
        "max": 36.6601066589,
        "mean": 14.3756408691,
        "median": 13.0072002411,
        "min": 1.87254834175,
        "var": 40.7730979919
    },
    "melbands_flatness_db": {
        "dmean": 0.0376081988215,
        "dmean2": 0.0495461449027,
        "dvar": 0.00128261500504,
        "dvar2": 0.00270643574186,
        "max": 0.644596397877,
        "mean": 0.172940954566,
        "median": 0.160949751735,
        "min": 0.00568686239421,
        "var": 0.00521822506562
    },
    "melbands_kurtosis": {
        "dmean": 9.72475719452,
        "dmean2": 14.9071750641,
        "dvar": 472.592559814,
        "dvar2": 1079.73999023,
        "max": 504.927978516,
        "mean": 14.3611927032,
        "median": 6.09210777283,
        "min": -1.85057210922,
        "var": 760.892456055
    },
    "melbands_skewness": {
        "dmean": 0.953518271446,
        "dmean2": 1.39259159565,
        "dvar": 1.18098521233,
        "dvar2": 2.51234555244,
        "max": 19.9733333588,
        "mean": 2.57132935524,
        "median": 2.15398550034,
        "min": -2.36805939674,
        "var": 4.07740449905
    },
    "melbands_spread": {
        "dmean": 11.6711912155,
        "dmean2": 17.7692718506,
        "dvar": 292.971008301,
        "dvar2": 658.328613281,
        "max": 239.706512451,
        "mean": 30.3080387115,
        "median": 25.0306587219,
        "min": 0.421512067318,
        "var": 568.385131836
    },
    "pitch_salience": {
        "dmean": 0.0988469943404,
        "dmean2": 0.141856968403,
        "dvar": 0.00812651496381,
        "dvar2": 0.0175121966749,
        "max": 0.909436941147,
        "mean": 0.549220979214,
        "median": 0.570782482624,
        "min": 0.060307405889,
        "var": 0.0248108506203
    },
    "silence_rate_20dB": {
        "dmean": 0,
        "dmean2": 0,
        "dvar": 0,
        "dvar2": 0,
        "max": 1,
        "mean": 1,
        "median": 1,
        "min": 1,
        "var": 0
    },
    "silence_rate_30dB": {
        "dmean": 0.0280798897147,
        "dmean2": 0.056165330112,
        "dvar": 0.0272935722023,
        "dvar2": 0.0727915987372,
        "max": 1,
        "mean": 0.981512606144,
        "median": 1,
        "min": 0,
        "var": 0.0181439239532
    },
    "silence_rate_60dB": {
        "dmean": 0.0561597794294,
        "dmean2": 0.112330660224,
        "dvar": 0.0530028827488,
        "dvar2": 0.122057840228,
        "max": 1,
        "mean": 0.0883835852146,
        "median": 0,
        "min": 0,
        "var": 0.0805732384324
    },
    "spectral_centroid": {
        "dmean": 334.881561279,
        "dmean2": 493.912994385,
        "dvar": 147092.703125,
        "dvar2": 285062.03125,
        "max": 10863.9804688,
        "mean": 1577.91235352,
        "median": 1498.4465332,
        "min": 124.396850586,
        "var": 489539.28125
    },
    "spectral_complexity": {
        "dmean": 5.6484079361,
        "dmean2": 8.16157436371,
        "dvar": 35.6022796631,
        "dvar2": 68.6382904053,
        "max": 62,
        "mean": 19.2462673187,
        "median": 18,
        "min": 0,
        "var": 120.192710876
    },
    "spectral_decrease": {
        "dmean": 2.82331602541e-09,
        "dmean2": 3.67172003912e-09,
        "dvar": 1.34033021192e-17,
        "dvar2": 1.85789993361e-17,
        "max": 1.14994905678e-28,
        "mean": -7.39153271923e-09,
        "median": -4.53102622089e-09,
        "min": -3.53623832439e-08,
        "var": 5.86572036509e-17
    },
    "spectral_energy": {
        "dmean": 0.0113762551919,
        "dmean2": 0.015055607073,
        "dvar": 0.000204225900234,
        "dvar2": 0.000290912605124,
        "max": 0.135360121727,
        "mean": 0.0302780754864,
        "median": 0.01948646456,
        "min": 1.01075800143e-20,
        "var": 0.000886993482709
    },
    "spectral_energyband_high": {
        "dmean": 0.00104882952292,
        "dmean2": 0.00152259273455,
        "dvar": 3.05134881273e-06,
        "dvar2": 6.95975950293e-06,
        "max": 0.0243183411658,
        "mean": 0.001429994707,
        "median": 0.000593385193497,
        "min": 7.36775103039e-21,
        "var": 4.41683050667e-06
    },
    "spectral_energyband_low": {
        "dmean": 0.0077808056958,
        "dmean2": 0.00931622460485,
        "dvar": 0.00020645056793,
        "dvar2": 0.000250775949098,
        "max": 0.126810923219,
        "mean": 0.0142771499231,
        "median": 0.00480061536655,
        "min": 2.18621471839e-23,
        "var": 0.000625448126812
    },
    "spectral_energyband_middle_high": {
        "dmean": 0.00233352533542,
        "dmean2": 0.00351620442234,
        "dvar": 8.44202895678e-06,
        "dvar2": 1.84674299817e-05,
        "max": 0.0469281673431,
        "mean": 0.00580179132521,
        "median": 0.00411842763424,
        "min": 1.32718766488e-21,
        "var": 3.03573433484e-05
    },
    "spectral_energyband_middle_low": {
        "dmean": 0.0065203467384,
        "dmean2": 0.00977928377688,
        "dvar": 0.000126811282826,
        "dvar2": 0.000251503253821,
        "max": 0.0928741022944,
        "mean": 0.00988517235965,
        "median": 0.0055950852111,
        "min": 1.81693132128e-22,
        "var": 0.000172058716998
    },
    "spectral_entropy": {
        "dmean": 0.216397225857,
        "dmean2": 0.310116618872,
        "dvar": 0.0551227740943,
        "dvar2": 0.115369267762,
        "max": 9.81546974182,
        "mean": 7.78645658493,
        "median": 7.85024547577,
        "min": 5.51871681213,
        "var": 0.201373323798
    },
    "spectral_flux": {
        "dmean": 0.031309761107,
        "dmean2": 0.0448317453265,
        "dvar": 0.00102427473757,
        "dvar2": 0.00175788614433,
        "max": 0.334828287363,
        "mean": 0.108810208738,
        "median": 0.0910864621401,
        "min": 6.72881889097e-11,
        "var": 0.00455644959584
    },
    "spectral_kurtosis": {
        "dmean": 1.6060141325,
        "dmean2": 2.5976164341,
        "dvar": 7.20831727982,
        "dvar2": 17.7361965179,
        "max": 146.701461792,
        "mean": 3.67882943153,
        "median": 2.99873924255,
        "min": -1.35028338432,
        "var": 16.2908878326
    },
    "spectral_rms": {
        "dmean": 0.0010436688317,
        "dmean2": 0.00134960119613,
        "dvar": 1.22545395698e-06,
        "dvar2": 1.73420460214e-06,
        "max": 0.0114916777238,
        "mean": 0.00478399638087,
        "median": 0.00436018174514,
        "min": 3.14023156436e-12,
        "var": 6.65289053359e-06
    },
    "spectral_rolloff": {
        "dmean": 1001.36651611,
        "dmean2": 1606.70227051,
        "dvar": 2942280.25,
        "dvar2": 6554751.5,
        "max": 18949.21875,
        "mean": 2068.00512695,
        "median": 1485.79101562,
        "min": 64.599609375,
        "var": 4479268
    },
    "spectral_skewness": {
        "dmean": 0.24251781404,
        "dmean2": 0.3794272542,
        "dvar": 0.0757876113057,
        "dvar2": 0.177444070578,
        "max": 8.64689254761,
        "mean": 1.44466722012,
        "median": 1.42988359928,
        "min": -0.662950158119,
        "var": 0.192239969969
    },
    "spectral_spread": {
        "dmean": 860239,
        "dmean2": 1203827.75,
        "dvar": 1.03318447718e+12,
        "dvar2": 1.96153914163e+12,
        "max": 41538348,
        "mean": 5353528.5,
        "median": 5041063,
        "min": 485471.0625,
        "var": 4.27673832653e+12
    },
    "spectral_strongpeak": {
        "dmean": 0.574862360954,
        "dmean2": 0.945241034031,
        "dvar": 0.866533815861,
        "dvar2": 2.21481800079,
        "max": 10.842256546,
        "mean": 0.854126870632,
        "median": 0.458111405373,
        "min": 0,
        "var": 1.26400470734
    },
    "zerocrossingrate": {
        "dmean": 0.0201255492866,
        "dmean2": 0.0216016527265,
        "dvar": 0.000498089299072,
        "dvar2": 0.00058221683139,
        "max": 0.51513671875,
        "mean": 0.0793907642365,
        "median": 0.0712890625,
        "min": 0.0029296875,
        "var": 0.00242719915695
    },
    "barkbands": {
        "dmean": [0.000107431471406, 0.00646510859951, 0.00450792536139, 0.00244617415592, 0.00292959925719, 0.00140996894334, 0.000957940414082, 0.000880603271071, 0.000997148570605, 0.000563108071219, 0.000463318108814, 0.000525271752849, 0.000475912209367, 0.000479523820104, 0.000458586000605, 0.000355954689439, 0.000286654569209, 0.000240505716647, 0.000214329367736, 0.000172888350789, 0.000119132368127, 0.000157174101332, 0.000229609795497, 0.000201058384846, 0.000171100036823, 0.000164234341355, 1.4816435856e-09],
        "dmean2": [0.0001600284304, 0.00822256784886, 0.00671617873013, 0.00430445512757, 0.00513176806271, 0.00243699946441, 0.00157515343744, 0.00144883443136, 0.0015788723249, 0.0008918310632, 0.000754927692469, 0.000843544024974, 0.000766926095821, 0.000785867800005, 0.000722944852896, 0.00054668285884, 0.000454681779956, 0.00038128986489, 0.000326908979332, 0.000260868488112, 0.000183027470484, 0.00023949755996, 0.000351257709553, 0.000307001551846, 0.000254649377894, 0.000248781812843, 2.68806354953e-09],
        "dvar": [4.17188381618e-08, 0.000183609998203, 0.000130443746457, 4.92003237014e-05, 5.54791367904e-05, 8.79398339748e-06, 3.76152229364e-06, 3.03359229292e-06, 3.62871423931e-06, 1.31571277961e-06, 9.38993593991e-07, 1.39861072057e-06, 8.95699997727e-07, 8.28553027077e-07, 9.67422693066e-07, 4.91364801292e-07, 3.68994790279e-07, 1.85647650142e-07, 1.63348232718e-07, 1.03380152439e-07, 6.23787883569e-08, 1.11467002739e-07, 2.62393456296e-07, 1.62927150882e-07, 9.16145594942e-08, 1.06860298388e-07, 7.56974485243e-18],
        "dvar2": [7.43149328741e-08, 0.000271921308013, 0.000270779593848, 0.000131721331854, 0.000154179375386, 2.40063091042e-05, 9.34043873713e-06, 7.82543611422e-06, 8.52032735565e-06, 3.03484603137e-06, 2.31381204685e-06, 3.32987133334e-06, 2.26660199587e-06, 2.14742590288e-06, 2.46417539529e-06, 1.07777361791e-06, 8.61747878389e-07, 4.79950870158e-07, 3.87163481719e-07, 2.29454059308e-07, 1.45943161556e-07, 2.60781860106e-07, 6.14462010162e-07, 3.73858853209e-07, 2.1267885586e-07, 2.4887856398e-07, 2.20935077791e-17],
        "max": [0.00260301632807, 0.111612260342, 0.0934362709522, 0.0642037913203, 0.0587062984705, 0.0328055731952, 0.0226966775954, 0.0330077782273, 0.0391131751239, 0.0193023569882, 0.0155003648251, 0.0245154947042, 0.0171434115618, 0.0149252600968, 0.0234543215483, 0.0132082588971, 0.0119808930904, 0.00764043675736, 0.00710233254358, 0.00912525225431, 0.00951465778053, 0.0104165319353, 0.0141939986497, 0.00859389081597, 0.00483745383099, 0.00308631407097, 6.56250946918e-08],
        "mean": [0.000157265443704, 0.00877283513546, 0.00432904064655, 0.00182638561819, 0.0028670115862, 0.00151133222971, 0.00109831814189, 0.00105841422919, 0.00132222916, 0.000735204783268, 0.000633052317426, 0.000715571106412, 0.000650399771985, 0.000639396603219, 0.000684024184011, 0.000527052092366, 0.000425468198955, 0.00037648511352, 0.000356182834366, 0.000280904700048, 0.000182619827683, 0.000214125699131, 0.000280532025499, 0.000255199411185, 0.000207248449442, 0.00017169729108, 1.25642907189e-09],
        "median": [3.50305854226e-05, 0.00205169711262, 0.000473955704365, 0.000262684130576, 0.0010403431952, 0.00059584795963, 0.000378631841158, 0.000401184312068, 0.000378022377845, 0.000238197346334, 0.000190869803191, 0.000245663744863, 0.000203441100894, 0.000249347795034, 0.000233140934142, 0.000192772888113, 0.000166385099874, 0.000173164138687, 0.00015575926227, 0.000149279207108, 9.27180808503e-05, 9.05564374989e-05, 9.1551024525e-05, 8.42634544824e-05, 5.55121878278e-05, 2.35125389736e-05, 3.88584303623e-10],
        "min": [2.36779874475e-24, 8.16490127338e-24, 8.81081584941e-24, 1.1552879001e-23, 2.98781572723e-23, 2.95149562452e-23, 4.27945776149e-23, 1.61342391952e-23, 2.64747872907e-23, 1.29870789293e-22, 4.9609887763e-23, 4.24522340701e-23, 2.95191435189e-23, 1.07657450701e-22, 9.59812490745e-23, 1.16039091508e-22, 1.2116745732e-22, 1.35232165684e-22, 2.9036972801e-22, 2.52627694053e-22, 2.99145774026e-22, 4.60803164448e-22, 5.84225489158e-22, 8.71837157495e-22, 1.23797655893e-21, 1.43534132802e-21, 2.39412322564e-21],
        "var": [7.42503090123e-08, 0.000325519504258, 0.000146819729707, 3.39795842592e-05, 3.74587070837e-05, 7.28873828848e-06, 4.14246596847e-06, 3.51572907675e-06, 5.45164948562e-06, 2.0537504497e-06, 1.82558335382e-06, 2.36350456362e-06, 1.53900873556e-06, 1.27362432067e-06, 1.72676709553e-06, 9.82528490567e-07, 6.79664026393e-07, 3.40845559776e-07, 3.31610351623e-07, 1.95162556338e-07, 8.75886243534e-08, 1.49888052192e-07, 3.20912334928e-07, 2.0338701745e-07, 1.20318020436e-07, 1.22788563317e-07, 5.89096111974e-18]
    },
    "erbbands": {
        "dmean": [0.149453982711, 1.63876283169, 4.82332992554, 6.44237852097, 8.79674720764, 9.98658847809, 10.9244670868, 11.778512001, 11.5886993408, 16.8906898499, 20.5449008942, 20.4994029999, 21.0230445862, 17.8786392212, 18.2549381256, 20.8301067352, 19.9848194122, 22.5253925323, 23.2665233612, 21.5440788269, 17.5450458527, 14.8118267059, 12.2358522415, 10.6478500366, 10.703953743, 8.35085296631, 5.06292724609, 4.90753173828, 5.43223810196, 6.41141033173, 6.74591159821, 4.70730733871, 3.01563572884, 1.9863922596, 1.22854650021, 0.726199865341, 0.324320018291, 0.027935737744, 0.000505484524183, 3.44887994288e-05],
        "dmean2": [0.201246440411, 2.10969877243, 6.52536725998, 10.0159635544, 15.4187231064, 17.6272411346, 19.1810588837, 20.3271389008, 19.5630397797, 27.6308994293, 33.4350090027, 32.5879211426, 32.7902565002, 28.3527488708, 29.2896614075, 33.2832603455, 31.9512252808, 36.1955757141, 37.0787162781, 33.1947441101, 26.8947925568, 23.2561855316, 19.1243858337, 16.4800357819, 16.2322807312, 12.6471147537, 7.7154712677, 7.56521987915, 8.34918498993, 9.92615032196, 10.3557481766, 7.2526102066, 4.59885168076, 3.0146291256, 1.83661925793, 1.09617555141, 0.495385676622, 0.0434112884104, 0.000777640496381, 5.10325844516e-05],
        "dvar": [0.0948702543974, 12.7492904663, 129.955780029, 275.888061523, 622.222351074, 637.433349609, 555.408569336, 695.893127441, 703.147399902, 1176.09191895, 1780.84399414, 1629.3840332, 1671.08679199, 1339.72253418, 1201.82495117, 2345.46044922, 1839.2376709, 1849.95703125, 2548.09423828, 1833.65588379, 1331.41088867, 1057.82592773, 447.812835693, 557.028747559, 367.340148926, 269.197235107, 99.8068237305, 109.88608551, 119.882102966, 232.750473022, 233.038955688, 117.649398804, 30.8147029877, 13.1659393311, 4.73959112167, 1.99652481079, 0.4366286695, 0.00358675373718, 1.11088104404e-06, 2.96296831515e-09],
        "dvar2": [0.171588122845, 19.045381546, 254.077102661, 644.765991211, 1704.35791016, 1793.69628906, 1552.60913086, 1874.5526123, 1817.25341797, 2880.29760742, 4548.01074219, 3926.89477539, 3818.09277344, 3068.89770508, 2969.67138672, 5442.72216797, 4481.22119141, 4678.04296875, 6595.06884766, 4352.30029297, 2935.13110352, 2439.05908203, 1098.93847656, 1429.22119141, 854.705627441, 593.835510254, 225.393280029, 260.892486572, 280.115875244, 546.110168457, 552.36505127, 275.273040771, 70.2746582031, 31.4594802856, 10.7276668549, 4.66897106171, 1.02166032791, 0.00849233940244, 2.61423792836e-06, 6.81107614753e-09],
        "max": [2.99220919609, 29.2698192596, 99.0471115112, 153.569519043, 229.264678955, 204.430358887, 293.961212158, 317.471679688, 456.391998291, 605.433410645, 838.335449219, 1127.55932617, 716.98034668, 645.248413086, 549.27166748, 1264.76464844, 877.008422852, 760.29486084, 1031.64562988, 907.734436035, 913.113342285, 677.4140625, 394.669616699, 619.622009277, 387.712341309, 484.129943848, 231.711196899, 429.730621338, 341.452392578, 599.01171875, 449.194824219, 288.569396973, 131.021560669, 89.873916626, 25.3830013275, 17.6415367126, 6.20351839066, 0.680498182774, 0.0112834414467, 0.000493606028613],
        "mean": [0.211899995804, 2.11183953285, 5.08806324005, 5.9058971405, 7.41234540939, 10.030670166, 11.7277650833, 12.1298646927, 12.6000900269, 20.8382530212, 25.6780910492, 27.4339351654, 27.2006759644, 26.0805950165, 27.8853321075, 29.5230560303, 29.4261436462, 34.0392227173, 33.2659568787, 35.7950515747, 27.7112369537, 23.1096324921, 20.3658599854, 17.6877593994, 18.6970005035, 14.1146640778, 7.97462749481, 7.17182731628, 7.33140659332, 8.29811954498, 8.12434959412, 5.92011451721, 3.77517104149, 2.39656805992, 1.46370124817, 0.80018645525, 0.328383624554, 0.0269984193146, 0.000515133200679, 6.20120263193e-05],
        "median": [0.0642932280898, 0.427857905626, 0.628032743931, 1.01374399662, 1.71206474304, 3.55274963379, 4.67484807968, 4.30494832993, 4.45256471634, 8.04133701324, 10.7364835739, 9.08431720734, 9.63423728943, 9.82557201385, 10.3321275711, 10.9244346619, 10.4174261093, 14.4336194992, 13.3189668655, 13.4992103577, 10.514424324, 9.76183509827, 9.98171710968, 8.47776031494, 8.37272071838, 7.52122497559, 4.1697435379, 3.58066415787, 3.14180660248, 3.05432367325, 2.57649302483, 1.99534010887, 1.17681145668, 0.654219567776, 0.366353064775, 0.138318374753, 0.036674361676, 0.00205342681147, 7.51855259296e-05, 3.59043624485e-05],
        "min": [1.34764427966e-22, 2.39533895496e-21, 1.09939969369e-20, 2.16588357668e-20, 4.50065093881e-20, 1.50013456312e-19, 1.12393398375e-19, 1.70330808689e-19, 5.7246642124e-19, 5.12827009268e-19, 4.73041327864e-19, 6.29351476869e-19, 2.07762975134e-18, 3.25603724905e-18, 1.53063103209e-18, 1.4199386531e-18, 1.34917417888e-18, 4.87794611077e-18, 4.74396642619e-18, 5.8782953302e-18, 7.00364229354e-18, 7.4968346717e-18, 8.22420188128e-18, 1.27121993349e-17, 1.17794580684e-17, 1.28699484679e-17, 9.66774868265e-18, 1.25433105605e-17, 1.45297881102e-17, 1.83087809367e-17, 1.78325432795e-17, 1.42018639369e-17, 1.31191233926e-17, 1.22808693132e-17, 8.94394083125e-18, 5.72213727903e-18, 2.60288365005e-18, 1.20956470304e-18, 3.22025057231e-19, 3.36045968947e-20],
        "var": [0.142057687044, 21.9965744019, 176.044464111, 264.510803223, 419.757293701, 429.61428833, 435.15423584, 578.747924805, 657.624511719, 1424.91625977, 2117.43823242, 2384.60693359, 2294.41870117, 2393.14599609, 2584.42138672, 3789.9206543, 3203.79467773, 3681.08081055, 3645.14672852, 4536.3671875, 2839.6262207, 1900.10400391, 862.52911377, 826.927978516, 870.879882812, 531.077209473, 151.093963623, 148.308929443, 160.88949585, 297.357574463, 272.573669434, 136.952316284, 39.9929351807, 16.5189723969, 6.24219608307, 2.36003422737, 0.486912608147, 0.00378712173551, 1.20623144539e-06, 4.55015802814e-09]
    },
    "gfcc": {
        "mean": [2.67803788185, 73.2667236328, -121.744979858, 32.4922065735, -62.2264938354, 22.3212070465, -42.8207015991, 13.825545311, -23.559879303, 3.98922729492, -13.7424430847, -0.0877977088094, -10.2969007492],
        "cov": [[9198.90332031, -1239.1340332, 1672.01696777, 190.451080322, 204.714950562, 398.606933594, -65.0331726074, 479.819274902, -257.282928467, 571.861328125, -489.495941162, 450.897216797, -395.251098633], [-1239.1340332, 1357.1048584, -360.906158447, 72.3780288696, 226.86000061, -6.64965724945, 215.497131348, -109.915390015, 155.054275513, -169.539703369, 247.375473022, -213.719726562, 134.88848877], [1672.01696777, -360.906158447, 1670.30932617, 293.358306885, 188.16003418, 264.081726074, 18.7067775726, 192.850448608, -64.4921112061, 339.428863525, -251.057342529, 321.971130371, -173.504974365], [190.451080322, 72.3780288696, 293.358306885, 488.71762085, 132.08039856, 94.648475647, 40.8868942261, 27.7364730835, 89.4021682739, 25.4543533325, 1.45950293541, 7.61030721664, 30.866394043], [204.714950562, 226.86000061, 188.16003418, 132.08039856, 376.871185303, 118.592124939, 98.7288742065, 56.7769966125, 47.8456039429, 69.0844650269, 16.8103485107, 22.9125213623, -9.99083328247], [398.606933594, -6.64965724945, 264.081726074, 94.648475647, 118.592124939, 277.70098877, 142.983078003, 61.2898635864, 10.3115711212, 75.6728134155, -15.8995389938, 33.2330207825, -25.0056762695], [-65.0331726074, 215.497131348, 18.7067775726, 40.8868942261, 98.7288742065, 142.983078003, 287.476898193, 74.9212646484, 36.2296638489, 4.23647928238, 55.3220596313, -25.0112781525, -0.619658172131], [479.819274902, -109.915390015, 192.850448608, 27.7364730835, 56.7769966125, 61.2898635864, 74.9212646484, 181.076217651, 28.5816326141, 76.7529830933, -41.9140014648, 57.7586708069, -24.9737529755], [-257.282928467, 155.054275513, -64.4921112061, 89.4021682739, 47.8456039429, 10.3115711212, 36.2296638489, 28.5816326141, 177.960037231, 16.4068069458, 35.7634811401, -26.8355808258, 49.386920929], [571.861328125, -169.539703369, 339.428863525, 25.4543533325, 69.0844650269, 75.6728134155, 4.23647928238, 76.7529830933, 16.4068069458, 205.506454468, -45.4515075684, 111.199501038, -45.1019821167], [-489.495941162, 247.375473022, -251.057342529, 1.45950293541, 16.8103485107, -15.8995389938, 55.3220596313, -41.9140014648, 35.7634811401, -45.4515075684, 198.333282471, -47.691280365, 62.6666488647], [450.897216797, -213.719726562, 321.971130371, 7.61030721664, 22.9125213623, 33.2330207825, -25.0112781525, 57.7586708069, -26.8355808258, 111.199501038, -47.691280365, 175.70866394, -16.5957622528], [-395.251098633, 134.88848877, -173.504974365, 30.866394043, -9.99083328247, -25.0056762695, -0.619658172131, -24.9737529755, 49.386920929, -45.1019821167, 62.6666488647, -16.5957622528, 115.701599121]],
        "icov": [[0.00017561482673, -5.42551515537e-06, 2.30878067669e-05, -9.72318666754e-05, 4.62123398393e-06, -0.000155531801283, 0.00015917129349, -0.00033936771797, 0.000244858645601, -0.000215738342376, 0.000134304602398, -9.49060195126e-05, 0.000286224938463], [-5.42551515537e-06, 0.0018899703864, -0.000692714063916, 0.00054843100952, -0.00121100153774, 0.000805889372714, -0.00122917303815, 0.00115926133003, -0.00100161810406, 0.000853165111039, -0.00123353628442, 0.001847790787, -0.00140051147901], [2.30878067669e-05, -0.000692714063916, 0.00204379251227, -0.00122399406973, 0.00035496102646, -0.000939857505728, 0.000468724960228, -0.000580887310207, 0.000829781289212, -0.00129036337603, 0.00144986249506, -0.00268318899907, 0.00195516156964], [-9.72318666754e-05, 0.00054843100952, -0.00122399406973, 0.00336078274995, -0.000969969667494, -0.000153822184075, -0.000116344308481, 0.00064103276236, -0.00179289910011, 0.00123471894767, -0.000708696083166, 0.00152135652024, -0.00183419208042], [4.62123398393e-06, -0.00121100153774, 0.00035496102646, -0.000969969667494, 0.00428044656292, -0.00120492675342, 0.000245798553806, -0.000957898795605, 0.000258237618254, -0.0012366308365, 0.000274395948509, -0.00106102321297, 0.00122934218962], [-0.000155531801283, 0.000805889372714, -0.000939857505728, -0.000153822184075, -0.00120492675342, 0.00693282159045, -0.0037702342961, 0.00126692163758, -1.32745126393e-05, -0.000974573194981, -4.60006594949e-05, 0.00147768482566, -0.00132901966572], [0.00015917129349, -0.00122917303815, 0.000468724960228, -0.000116344308481, 0.000245798553806, -0.0037702342961, 0.00734504591674, -0.0037543666549, 0.000446287478553, 0.000562230939977, -0.00122588966042, -0.000246765499469, 0.00180329859722], [-0.00033936771797, 0.00115926133003, -0.000580887310207, 0.00064103276236, -0.000957898795605, 0.00126692163758, -0.0037543666549, 0.00994945317507, -0.00266034784727, -0.000486260920297, 0.000795233761892, -0.000560354208574, -0.000799470231868], [0.000244858645601, -0.00100161810406, 0.000829781289212, -0.00179289910011, 0.000258237618254, -1.32745126393e-05, 0.000446287478553, -0.00266034784727, 0.00935740023851, -0.00355649553239, 0.000786502205301, 0.00127948517911, -0.00244860025123], [-0.000215738342376, 0.000853165111039, -0.00129036337603, 0.00123471894767, -0.0012366308365, -0.000974573194981, 0.000562230939977, -0.000486260920297, -0.00355649553239, 0.0113171283156, -0.00168572145049, -0.00349316489883, 0.00192622339819], [0.000134304602398, -0.00123353628442, 0.00144986249506, -0.000708696083166, 0.000274395948509, -4.60006594949e-05, -0.00122588966042, 0.000795233761892, 0.000786502205301, -0.00168572145049, 0.00883967615664, -0.00149480625987, -0.00155601976439], [-9.49060195126e-05, 0.001847790787, -0.00268318899907, 0.00152135652024, -0.00106102321297, 0.00147768482566, -0.000246765499469, -0.000560354208574, 0.00127948517911, -0.00349316489883, -0.00149480625987, 0.0144915590063, -0.00582209276035], [0.000286224938463, -0.00140051147901, 0.00195516156964, -0.00183419208042, 0.00122934218962, -0.00132901966572, 0.00180329859722, -0.000799470231868, -0.00244860025123, 0.00192622339819, -0.00155601976439, -0.00582209276035, 0.0161344651133]]
    },
    "melbands": {
        "dmean": [0.00158963119611, 0.00211494602263, 0.00106924714055, 0.000680911180098, 0.000387790205423, 0.000261796434643, 0.00018189313414, 0.000180440663826, 0.000168176091393, 0.000136314527481, 0.000106969135231, 7.4699986726e-05, 6.71197485644e-05, 6.24706735834e-05, 4.55311164842e-05, 4.75480774185e-05, 4.22137563874e-05, 3.94630915252e-05, 3.32889794663e-05, 2.82257315121e-05, 2.09439076571e-05, 1.65881210705e-05, 1.29390064103e-05, 1.34290030473e-05, 8.63698187459e-06, 9.26184839045e-06, 6.91884179105e-06, 5.47735680811e-06, 3.48855064658e-06, 2.84965199171e-06, 2.96059442917e-06, 3.06090305457e-06, 3.23889685205e-06, 3.8838720684e-06, 4.34886669609e-06, 3.2379152799e-06, 2.73065757028e-06, 2.1485761863e-06, 1.98400630325e-06, 1.56363921633e-06],
        "dmean2": [0.00200358009897, 0.00255764042959, 0.00158174836542, 0.00119809934404, 0.000681199831888, 0.000451356667327, 0.000304548419081, 0.000296085025184, 0.000273957150057, 0.000216555548832, 0.000166952129803, 0.000118947122246, 0.000108386389911, 0.000100633398688, 7.27042424842e-05, 7.67402889323e-05, 6.84413535055e-05, 6.39579302515e-05, 5.19302666362e-05, 4.37739363406e-05, 3.28342684952e-05, 2.65496728389e-05, 2.01815855689e-05, 2.14673182199e-05, 1.34811079988e-05, 1.41876989801e-05, 1.0590236343e-05, 8.46540115162e-06, 5.39508982911e-06, 4.47791535407e-06, 4.63835704068e-06, 4.82860832562e-06, 4.95470840178e-06, 6.15224917055e-06, 6.82686322762e-06, 5.03564433529e-06, 4.239491318e-06, 3.31674277732e-06, 3.08174571728e-06, 2.39527503254e-06],
        "dvar": [1.04003302113e-05, 2.02269711735e-05, 6.65850757287e-06, 3.29399495058e-06, 7.41327596643e-07, 3.30594161824e-07, 1.54002663066e-07, 1.26257162947e-07, 1.24989384176e-07, 6.89289976208e-08, 4.25944755023e-08, 2.47266100928e-08, 1.91638900304e-08, 2.07785468831e-08, 8.64386695554e-09, 8.02342725592e-09, 6.44340270028e-09, 7.95273091825e-09, 5.96143889808e-09, 3.18369153263e-09, 2.32101959874e-09, 1.43205869385e-09, 7.01830760175e-10, 6.53513798632e-10, 4.40822517378e-10, 2.98224028805e-10, 1.70440578318e-10, 1.25032428855e-10, 4.36276639815e-11, 3.76681567882e-11, 4.36627574374e-11, 3.81943192351e-11, 5.70841846015e-11, 8.85393425243e-11, 9.98110830097e-11, 6.43577899306e-11, 3.94287415217e-11, 1.60531050258e-11, 1.41405238213e-11, 8.31554530095e-12],
        "dvar2": [1.66735098901e-05, 3.02392054436e-05, 1.43832021422e-05, 9.11887218535e-06, 2.0911129468e-06, 8.92661944363e-07, 3.93359016471e-07, 3.15307374876e-07, 3.24531356455e-07, 1.61932547371e-07, 9.69421947161e-08, 5.67432536513e-08, 4.70273917585e-08, 5.04837451842e-08, 1.95602467556e-08, 1.99545162616e-08, 1.64265827607e-08, 2.05270591636e-08, 1.48986689652e-08, 7.22507698114e-09, 5.30887955819e-09, 3.42182171487e-09, 1.5984684687e-09, 1.74448255841e-09, 1.13020892645e-09, 7.06667557804e-10, 3.79407505413e-10, 2.86523332838e-10, 9.89436588217e-11, 8.96740737222e-11, 1.05789876859e-10, 9.14142581077e-11, 1.29693575324e-10, 2.13181430841e-10, 2.41965086856e-10, 1.5309307988e-10, 9.3109457644e-11, 3.67105443266e-11, 3.38719226278e-11, 1.98460865797e-11],
        "max": [0.0271998625249, 0.0392932444811, 0.0256593134254, 0.0148627469316, 0.0104566719383, 0.00668895849958, 0.00615730928257, 0.00728925550357, 0.00768457818776, 0.00618363823742, 0.00363114778884, 0.00263003911823, 0.00229842797853, 0.00280102854595, 0.00181152566802, 0.00157763867173, 0.00128450267948, 0.00199935189448, 0.00186992541421, 0.00115325232036, 0.00122333166655, 0.00084958790103, 0.000557272520382, 0.000583953515161, 0.000582105945796, 0.000348877714714, 0.00031981698703, 0.000356376112904, 0.000161945019499, 0.000215070103877, 0.000268511968898, 0.000197182860575, 0.000251727527939, 0.000379832519684, 0.000341329694493, 0.000234026476392, 0.000184759686817, 8.30048520584e-05, 0.000111433080747, 6.55341136735e-05],
        "mean": [0.00220151338726, 0.00280523044057, 0.00108371197712, 0.000624626525678, 0.000425036036177, 0.000273381505394, 0.000203579882509, 0.000223741590162, 0.000205329663004, 0.000180917835678, 0.00013504648814, 0.000104030004877, 9.68722379184e-05, 8.48938943818e-05, 6.33566378383e-05, 6.87744468451e-05, 5.97026919422e-05, 5.20028734172e-05, 4.94509295095e-05, 4.24369354732e-05, 3.03123833874e-05, 2.36282485275e-05, 1.92329571291e-05, 2.0348601538e-05, 1.28910869535e-05, 1.51188269228e-05, 1.15386174002e-05, 8.55723556015e-06, 5.12714314027e-06, 4.12400959249e-06, 4.11842438552e-06, 4.01608667744e-06, 4.26587394031e-06, 4.78968831885e-06, 5.06167907588e-06, 3.92056927012e-06, 3.42448197443e-06, 2.68354187938e-06, 2.33450555243e-06, 1.87239299976e-06],
        "median": [0.000595332705416, 0.000487332756165, 0.000213900406379, 0.000191670231288, 0.000180600909516, 9.92393033812e-05, 7.38776871003e-05, 9.15177588467e-05, 8.0082572822e-05, 5.22079608345e-05, 4.4615859224e-05, 3.6064600863e-05, 3.14761164191e-05, 2.76891914837e-05, 2.13743624045e-05, 2.39517648879e-05, 2.36344876612e-05, 1.84106156667e-05, 1.63737040566e-05, 1.52021257236e-05, 1.04391328932e-05, 9.51357105805e-06, 7.56267309043e-06, 8.78892205947e-06, 5.74295154365e-06, 6.18711374045e-06, 5.2539344324e-06, 4.39470841229e-06, 2.47367347583e-06, 2.02726550924e-06, 1.95662050828e-06, 1.72371778717e-06, 1.69019517671e-06, 1.64224979926e-06, 1.5317193629e-06, 1.2914385934e-06, 1.15894215469e-06, 8.51473089369e-07, 6.62300749354e-07, 5.00650003232e-07],
        "min": [1.88096507e-24, 4.66050187562e-24, 4.45361639791e-24, 7.09179721793e-24, 4.47253446571e-24, 4.36665197729e-24, 9.06964584557e-24, 5.12058291049e-24, 3.87288460962e-24, 3.85248348332e-24, 1.15877348201e-23, 1.36070128448e-23, 5.42724588208e-24, 4.40635258564e-24, 2.1236983594e-24, 4.80026278448e-24, 9.14102119142e-24, 7.25414794766e-24, 6.52401300367e-24, 8.54756428786e-24, 6.84462185277e-24, 6.77983507321e-24, 1.11563517561e-23, 5.00965683987e-24, 9.90183414715e-24, 9.96292353565e-24, 5.48257027508e-24, 8.7930167808e-24, 6.0543615083e-24, 5.94459269663e-24, 6.92270093859e-24, 7.66458596576e-24, 1.05170383681e-23, 9.84602302697e-24, 1.01553038335e-23, 9.73674370349e-24, 8.03891624251e-24, 9.3665186589e-24, 8.50346065237e-24, 1.06780567118e-23],
        "var": [1.78017580765e-05, 3.9957511035e-05, 7.42909787732e-06, 2.18491527448e-06, 5.5279940625e-07, 2.76153684808e-07, 1.51217989242e-07, 1.48660419086e-07, 1.39602846616e-07, 1.050909475e-07, 5.86473412056e-08, 4.24842596658e-08, 3.90829342223e-08, 3.60937129074e-08, 1.52383776708e-08, 1.53159245286e-08, 1.15772413878e-08, 1.04340989182e-08, 1.03563735365e-08, 6.23879747863e-09, 4.43125358629e-09, 2.13340811683e-09, 1.29643695779e-09, 1.28337962479e-09, 5.59542467915e-10, 6.61993349027e-10, 3.78265918588e-10, 2.12039164005e-10, 6.68522251446e-11, 4.9915113709e-11, 5.50847562009e-11, 4.85190568278e-11, 7.68460503564e-11, 1.05557930452e-10, 1.0973760789e-10, 7.19786244496e-11, 4.49268781899e-11, 2.0504990067e-11, 1.66855470413e-11, 1.0442730014e-11]
    },
    "mfcc": {
        "mean": [-636.078491211, 101.42514801, -0.0572053827345, 12.4113330841, 5.91101121902, 3.7535161972, -0.889023005962, 4.62718057632, -3.66291737556, 6.07349395752, -1.26067078114, -0.849756300449, -0.388524144888],
        "cov": [[7126.08837891, -563.710327148, 684.379211426, 186.788238525, 156.398071289, 161.556777954, 102.044898987, 69.6092071533, 214.180908203, 83.6550674438, 140.698425293, 15.9726476669, 43.2238845825], [-563.710327148, 1033.90661621, -158.953277588, 31.0911636353, 69.1458282471, 64.6401672363, 143.14390564, 46.3179931641, -9.69264411926, 55.5253219604, 44.0169181824, 36.7455635071, 12.3166923523], [684.379211426, -158.953277588, 1067.78088379, 248.822402954, 138.180831909, 211.46534729, 46.4886550903, 47.6102485657, 160.839157104, -34.8226089478, 75.4608612061, 71.3444900513, 47.2979774475], [186.788238525, 31.0911636353, 248.822402954, 394.529876709, 168.407531738, 101.073356628, 16.1018867493, 44.0488624573, 82.78565979, 22.5265331268, 21.7429485321, 37.3094863892, 43.8285675049], [156.398071289, 69.1458282471, 138.180831909, 168.407531738, 295.788208008, 109.778549194, 10.0139694214, 11.1801328659, 56.3644447327, 19.6289730072, 18.5812034607, 29.6504192352, 37.1525840759], [161.556777954, 64.6401672363, 211.46534729, 101.073356628, 109.778549194, 280.509613037, 109.036643982, 47.4581985474, 89.9383010864, 26.1744117737, 59.2726860046, 57.1310997009, 13.1345844269], [102.044898987, 143.14390564, 46.4886550903, 16.1018867493, 10.0139694214, 109.036643982, 255.081192017, 96.2367401123, 16.0983810425, 48.4635810852, 53.4385185242, 20.8153324127, 18.2593746185], [69.6092071533, 46.3179931641, 47.6102485657, 44.0488624573, 11.1801328659, 47.4581985474, 96.2367401123, 146.514877319, 68.4490509033, 37.0053100586, 30.5659999847, 18.7543449402, 8.64486789703], [214.180908203, -9.69264411926, 160.839157104, 82.78565979, 56.3644447327, 89.9383010864, 16.0983810425, 68.4490509033, 192.095169067, 51.7411346436, 44.1057739258, 32.3865394592, 16.4332714081], [83.6550674438, 55.5253219604, -34.8226089478, 22.5265331268, 19.6289730072, 26.1744117737, 48.4635810852, 37.0053100586, 51.7411346436, 120.601669312, 51.1105117798, 11.8716526031, 10.0480690002], [140.698425293, 44.0169181824, 75.4608612061, 21.7429485321, 18.5812034607, 59.2726860046, 53.4385185242, 30.5659999847, 44.1057739258, 51.1105117798, 106.866729736, 43.1118927002, 12.6339445114], [15.9726476669, 36.7455635071, 71.3444900513, 37.3094863892, 29.6504192352, 57.1310997009, 20.8153324127, 18.7543449402, 32.3865394592, 11.8716526031, 43.1118927002, 90.0399169922, 39.1860466003], [43.2238845825, 12.3166923523, 47.2979774475, 43.8285675049, 37.1525840759, 13.1345844269, 18.2593746185, 8.64486789703, 16.4332714081, 10.0480690002, 12.6339445114, 39.1860466003, 80.4475631714]],
