{
"lowlevel": {
    "average_loudness": 0.810268104076,
    "barkbands_crest": {
        "dmean": 3.22788119316,
        "dmean2": 5.29637527466,
        "dvar": 9.76399421692,
        "dvar2": 22.4097251892,
        "max": 26.5387935638,
        "mean": 12.4028148651,
        "median": 10.6964902878,
        "min": 2.07027935982,
        "var": 45.6178970337
    },
    "barkbands_flatness_db": {
        "dmean": 0.0334774032235,
        "dmean2": 0.0484779290855,
        "dvar": 0.00141417805571,
        "dvar2": 0.00271868309937,
        "max": 0.798135817051,
        "mean": 0.174984022975,
        "median": 0.135557457805,
        "min": 0.0338046364486,
        "var": 0.0140329590067
    },
    "barkbands_kurtosis": {
        "dmean": 20.4975128174,
        "dmean2": 32.1220626831,
        "dvar": 6196.38818359,
        "dvar2": 15349.0068359,
        "max": 1577.63134766,
        "mean": 26.8538455963,
        "median": 1.17103028297,
        "min": -1.95029485226,
        "var": 9142.65136719
    },
    "barkbands_skewness": {
        "dmean": 1.21381354332,
        "dmean2": 1.80386257172,
        "dvar": 3.43128466606,
        "dvar2": 7.81717681885,
        "max": 33.2732810974,
        "mean": 2.3629462719,
        "median": 1.2652053833,
        "min": -3.66649866104,
        "var": 12.5023880005
    },
    "barkbands_spread": {
        "dmean": 8.92002105713,
        "dmean2": 14.0098266602,
        "dvar": 126.395355225,
        "dvar2": 288.473968506,
        "max": 121.897064209,
        "mean": 28.2938842773,
        "median": 26.6517524719,
        "min": 0.0590935237706,
        "var": 487.575256348
    },
    "dissonance": {
        "dmean": 0.0167955178767,
        "dmean2": 0.028881713748,
        "dvar": 0.000592542288359,
        "dvar2": 0.00163136131596,
        "max": 0.500000178814,
        "mean": 0.474027097225,
        "median": 0.480741560459,
        "min": 0.139482438564,
        "var": 0.000792505801655
    },
    "dynamic_complexity": 5.79084634781,
    "erbbands_crest": {
        "dmean": 2.37717485428,
        "dmean2": 3.96921372414,
        "dvar": 5.98289632797,
        "dvar2": 15.0853033066,
        "max": 29.7337989807,
        "mean": 7.81428050995,
        "median": 6.29897594452,
        "min": 2.19952368736,
        "var": 18.6828269958
    },
    "erbbands_flatness_db": {
        "dmean": 0.0184041559696,
        "dmean2": 0.0272504929453,
        "dvar": 0.000465360906674,
        "dvar2": 0.000912154035177,
        "max": 0.604684174061,
        "mean": 0.15721128881,
        "median": 0.14177814126,
        "min": 0.0254811644554,
        "var": 0.00426577217877
    },
    "erbbands_kurtosis": {
        "dmean": 2.53272104263,
        "dmean2": 4.00988912582,
        "dvar": 49.9238891602,
        "dvar2": 123.982048035,
        "max": 190.67628479,
        "mean": 2.66130375862,
        "median": -0.197600007057,
        "min": -1.88143384457,
        "var": 123.956382751
    },
    "erbbands_skewness": {
        "dmean": 0.53215265274,
        "dmean2": 0.837484836578,
        "dvar": 0.422730267048,
        "dvar2": 0.966911971569,
        "max": 10.0478467941,
        "mean": 0.0678937509656,
        "median": -0.33734190464,
        "min": -3.84784555435,
        "var": 2.31058621407
    },
    "erbbands_spread": {
        "dmean": 13.0781383514,
        "dmean2": 20.3930530548,
        "dvar": 200.893203735,
        "dvar2": 445.474121094,
        "max": 180.016693115,
        "mean": 49.0109672546,
        "median": 43.9518203735,
        "min": 0.635222196579,
        "var": 798.754211426
    },
    "hfc": {
        "dmean": 10.2585315704,
        "dmean2": 15.0286149979,
        "dvar": 350.960723877,
        "dvar2": 790.278625488,
        "max": 208.113616943,
        "mean": 20.4837226868,
        "median": 13.7196655273,
        "min": 1.09380018074e-16,
        "var": 598.823242188
    },
    "melbands_crest": {
        "dmean": 4.33742809296,
        "dmean2": 6.86537837982,
        "dvar": 12.859744072,
        "dvar2": 31.9198608398,
        "max": 35.589805603,
        "mean": 17.3292789459,
        "median": 16.6161499023,
        "min": 1.57515132427,
        "var": 55.0013046265
    },
    "melbands_flatness_db": {
        "dmean": 0.0429994650185,
        "dmean2": 0.0616833269596,
        "dvar": 0.0021812163759,
        "dvar2": 0.00413263123482,
        "max": 0.975274026394,
        "mean": 0.226102352142,
        "median": 0.173251777887,
        "min": 0.00314354663715,
        "var": 0.0247258823365
    },
    "melbands_kurtosis": {
        "dmean": 26.2133197784,
        "dmean2": 40.0605697632,
        "dvar": 3470.8059082,
        "dvar2": 8197.32910156,
        "max": 1139.33850098,
        "mean": 45.5404624939,
        "median": 11.1158790588,
        "min": -1.8879711628,
        "var": 7835.11865234
    },
    "melbands_skewness": {
        "dmean": 1.41145801544,
        "dmean2": 2.14201879501,
        "dvar": 3.01161766052,
        "dvar2": 6.36522388458,
        "max": 26.286989212,
        "mean": 4.00619029999,
        "median": 2.88334989548,
        "min": -2.30069327354,
        "var": 12.988781929
    },
    "melbands_spread": {
        "dmean": 13.9768190384,
        "dmean2": 22.0741119385,
        "dvar": 469.024993896,
        "dvar2": 1052.40661621,
        "max": 270.349761963,
        "mean": 34.9509162903,
        "median": 25.2382030487,
        "min": 0.19714614749,
        "var": 1566.69238281
    },
    "pitch_salience": {
        "dmean": 0.0968870967627,
        "dmean2": 0.149316325784,
        "dvar": 0.00849985238165,
        "dvar2": 0.0185387600213,
        "max": 0.954477012157,
        "mean": 0.502108335495,
        "median": 0.564790964127,
        "min": 0.0413922145963,
        "var": 0.0401737242937
    },
    "silence_rate_20dB": {
        "dmean": 0,
        "dmean2": 0,
        "dvar": 0,
        "dvar2": 0,
        "max": 1,
        "mean": 1,
        "median": 1,
        "min": 1,
        "var": 0
    },
    "silence_rate_30dB": {
        "dmean": 0.051319193095,
        "dmean2": 0.102649003267,
        "dvar": 0.0486839227378,
        "dvar2": 0.0997761562467,
        "max": 1,
        "mean": 0.931926310062,
        "median": 1,
        "min": 0,
        "var": 0.0634435415268
    },
    "silence_rate_60dB": {
        "dmean": 0.0744956061244,
        "dmean2": 0.149006620049,
        "dvar": 0.0689496472478,
        "dvar2": 0.143784463406,
        "max": 1,
        "mean": 0.261535286903,
        "median": 0,
        "min": 0,
        "var": 0.193122953176
    },
    "spectral_centroid": {
        "dmean": 396.45324707,
        "dmean2": 611.098327637,
        "dvar": 186304.6875,
        "dvar2": 390760.9375,
        "max": 11684.1982422,
        "mean": 1893.1965332,
        "median": 1975.72290039,
        "min": 78.8106460571,
        "var": 1865428.875
    },
    "spectral_complexity": {
        "dmean": 4.71122598648,
        "dmean2": 7.05753326416,
        "dvar": 43.4210853577,
        "dvar2": 79.6532592773,
        "max": 60,
        "mean": 17.3223667145,
        "median": 11,
        "min": 0,
        "var": 236.95262146
    },
    "spectral_decrease": {
        "dmean": 2.21895612995e-09,
        "dmean2": 3.06978997777e-09,
        "dvar": 1.12146508744e-17,
        "dvar2": 1.65902172611e-17,
        "max": 2.23678482974e-21,
        "mean": -7.58905116527e-09,
        "median": -3.33028671307e-09,
        "min": -3.70429162899e-08,
        "var": 8.8736534748e-17
    },
    "spectral_energy": {
        "dmean": 0.0087556829676,
        "dmean2": 0.0121097844094,
        "dvar": 0.000170110215549,
        "dvar2": 0.00025435059797,
        "max": 0.140807583928,
        "mean": 0.030500728637,
        "median": 0.0147629901767,
        "min": 9.94556570535e-21,
        "var": 0.0013130082516
    },
    "spectral_energyband_high": {
        "dmean": 0.000959526223596,
        "dmean2": 0.00142241525464,
        "dvar": 3.84701115763e-06,
        "dvar2": 8.62259730638e-06,
        "max": 0.0239550173283,
        "mean": 0.00141532276757,
        "median": 0.000711576838512,
        "min": 6.9110415113e-21,
        "var": 5.49293417862e-06
    },
    "spectral_energyband_low": {
        "dmean": 0.00689395330846,
        "dmean2": 0.00984171126038,
        "dvar": 0.000185177326784,
        "dvar2": 0.000285964575596,
        "max": 0.139953002334,
        "mean": 0.0199695173651,
        "median": 0.00184885296039,
        "min": 1.37240561373e-23,
        "var": 0.00111711933278
    },
    "spectral_energyband_middle_high": {
        "dmean": 0.0015724018449,
        "dmean2": 0.00253818021156,
        "dvar": 7.82072947914e-06,
        "dvar2": 1.77937217813e-05,
        "max": 0.0530961975455,
        "mean": 0.00350732100196,
        "median": 0.00136590830516,
        "min": 1.15478240434e-21,
        "var": 2.05481155717e-05
    },
    "spectral_energyband_middle_low": {
        "dmean": 0.00559261860326,
        "dmean2": 0.00884955469519,
        "dvar": 0.000172722866409,
        "dvar2": 0.000392131885746,
        "max": 0.106910139322,
        "mean": 0.00676790997386,
        "median": 0.00258415751159,
        "min": 1.69569122565e-22,
        "var": 0.000176762026967
    },
    "spectral_entropy": {
        "dmean": 0.202394485474,
        "dmean2": 0.295922636986,
        "dvar": 0.0773536637425,
        "dvar2": 0.148220092058,
        "max": 9.81837844849,
        "mean": 7.66949367523,
        "median": 7.91194725037,
        "min": 3.37483739853,
        "var": 0.776296377182
    },
    "spectral_flux": {
        "dmean": 0.028882374987,
        "dmean2": 0.0406708195806,
        "dvar": 0.00128252455033,
        "dvar2": 0.00187470053788,
        "max": 0.360628932714,
        "mean": 0.0869141221046,
        "median": 0.0765286460519,
        "min": 6.3569212394e-11,
        "var": 0.00526746828109
    },
    "spectral_kurtosis": {
        "dmean": 3.57961916924,
        "dmean2": 5.65541648865,
        "dvar": 362.071655273,
        "dvar2": 957.849853516,
        "max": 1001.14013672,
        "mean": 6.80467605591,
        "median": 2.43094277382,
        "min": -1.25611305237,
        "var": 636.627990723
    },
    "spectral_rms": {
        "dmean": 0.000806713360362,
        "dmean2": 0.00110873137601,
        "dvar": 1.04962384739e-06,
        "dvar2": 1.41628117944e-06,
        "max": 0.0117206340656,
        "mean": 0.00439200922847,
        "median": 0.00379511760548,
        "min": 3.11496249801e-12,
        "var": 1.04671462395e-05
    },
    "spectral_rolloff": {
        "dmean": 809.422729492,
        "dmean2": 1331.9588623,
        "dvar": 1856050.625,
        "dvar2": 3967524,
        "max": 20564.2089844,
        "mean": 2458.24902344,
        "median": 1808.7890625,
        "min": 64.599609375,
        "var": 8664378
    },
    "spectral_skewness": {
        "dmean": 0.313380181789,
        "dmean2": 0.4864372015,
        "dvar": 0.529376327991,
        "dvar2": 1.17198336124,
        "max": 27.8144416809,
        "mean": 1.44448554516,
        "median": 1.05727422237,
        "min": -0.0852768346667,
        "var": 2.19182419777
    },
    "spectral_spread": {
        "dmean": 618557.75,
        "dmean2": 899809.8125,
        "dvar": 701274324992,
        "dvar2": 1.26987075584e+12,
        "max": 42651112,
        "mean": 5280642.5,
        "median": 4663413,
        "min": 152960.15625,
        "var": 1.62703406531e+13
    },
    "spectral_strongpeak": {
        "dmean": 0.309477299452,
        "dmean2": 0.521070897579,
        "dvar": 0.59472411871,
        "dvar2": 1.58667492867,
        "max": 16.4533424377,
        "mean": 0.52502322197,
        "median": 0.313319265842,
        "min": 0,
        "var": 0.639674186707
    },
    "zerocrossingrate": {
        "dmean": 0.0156126730144,
        "dmean2": 0.0182312205434,
        "dvar": 0.000346143177012,
        "dvar2": 0.000434367422713,
        "max": 0.525390625,
        "mean": 0.0826653689146,
        "median": 0.0751953125,
        "min": 0.00146484375,
        "var": 0.00568287214264
    },
    "barkbands": {
        "dmean": [0.000105126375274, 0.00628676731139, 0.00385285913944, 0.00261575356126, 0.00283506535925, 0.000811304780655, 0.000636352109723, 0.000201931092306, 0.000288345356239, 0.000231395184528, 0.000218499073526, 0.000281489221379, 0.000203343064641, 0.000323087209836, 0.000287307368126, 0.000375330244424, 0.000208340541576, 0.000196744309505, 0.000282694090856, 0.000312857824611, 0.000125687060063, 0.000126286890008, 0.000222196104005, 0.000281684217043, 0.000117997107736, 1.82044896064e-05, 7.24119274764e-07],
        "dmean2": [0.000125584978377, 0.00826792884618, 0.00620321882889, 0.00466732215136, 0.00486306846142, 0.00134774495382, 0.00105132174212, 0.000349513982655, 0.000503974733874, 0.0003830397618, 0.000364960054867, 0.00047703369637, 0.00034914520802, 0.000567842798773, 0.000506135460455, 0.000656882009935, 0.000365253305063, 0.000337517732987, 0.000453045096947, 0.000502990267705, 0.000193673855392, 0.000195096814423, 0.000337823643349, 0.000413931702496, 0.000183014271897, 2.76804421446e-05, 1.15350235319e-06],
        "dvar": [4.75862904636e-08, 0.00018540014571, 0.000133103851113, 8.46670591272e-05, 6.75204428262e-05, 4.52972744824e-06, 1.76186301815e-06, 4.32171447073e-07, 3.43790020452e-07, 2.23751086992e-07, 2.82389407857e-07, 3.5539457599e-07, 1.72614775806e-07, 5.6398232573e-07, 2.57028716533e-07, 1.0043814882e-06, 2.02389458082e-07, 1.05388437532e-07, 4.14011822158e-07, 3.47179877735e-07, 4.77755399686e-08, 6.01635150588e-08, 2.45382324238e-07, 6.67697122481e-07, 7.16818391311e-08, 1.83478143789e-09, 3.943559021e-12],
        "dvar2": [6.25869702731e-08, 0.000225308351219, 0.000319320795825, 0.00023760762997, 0.000183398151421, 1.0755027688e-05, 4.63400920125e-06, 1.23104450722e-06, 9.04405283109e-07, 5.27981285359e-07, 6.99982820151e-07, 8.64669971179e-07, 4.4901611318e-07, 1.40558370276e-06, 7.27073086182e-07, 2.38287543652e-06, 5.10906204454e-07, 2.68896371836e-07, 9.10302503598e-07, 8.97479822015e-07, 1.10418824306e-07, 1.44800679891e-07, 5.70857537241e-07, 1.38830102969e-06, 1.75339593511e-07, 4.24984092362e-09, 9.82680690292e-12],
        "max": [0.00364893302321, 0.136359602213, 0.0921642556787, 0.0771261304617, 0.06658295542, 0.0326348878443, 0.0186207294464, 0.0107840560377, 0.0083084506914, 0.00908445660025, 0.0105546535924, 0.0146830407903, 0.0164993591607, 0.020517103374, 0.0119110671803, 0.0350465849042, 0.0147101515904, 0.00815330538899, 0.0242627132684, 0.00837989803404, 0.00248874328099, 0.00277691753581, 0.00632725236937, 0.0120377037674, 0.00227832538076, 0.000564615358599, 4.01715042244e-05],
        "mean": [0.000209794045077, 0.0151550937444, 0.00347608909942, 0.00206035119481, 0.00263069965877, 0.000820057000965, 0.000726360245608, 0.000197357003344, 0.000297235004837, 0.000245684786933, 0.000218111483264, 0.000268298666924, 0.000211631224374, 0.000334431912052, 0.000388340151403, 0.000460287526948, 0.000295302714221, 0.000307322363369, 0.000506756652612, 0.000512108381372, 0.00022581621306, 0.000193397077965, 0.000270481425105, 0.00033510272624, 0.000133707479108, 2.02058399736e-05, 6.93482320457e-07],
        "median": [1.44344994624e-05, 0.000856643426232, 0.000326954439515, 0.000140569871292, 0.000585366622545, 0.000141774246003, 0.000201499817194, 2.94571073027e-05, 7.20815587556e-05, 6.48301938782e-05, 4.540000009e-05, 4.64677759737e-05, 6.00049534114e-05, 8.96593337529e-05, 0.000151010986883, 0.000106016828795, 6.86067578499e-05, 9.23026891542e-05, 0.000146121805301, 0.000203606905416, 0.00010010326514, 0.000103527519968, 9.06583518372e-05, 5.95762685407e-05, 2.6068151783e-05, 3.50033997165e-06, 1.01946952213e-07],
        "min": [2.95651360819e-25, 2.66934674223e-24, 7.27286022137e-25, 1.52480659864e-24, 4.92332863557e-24, 4.81714125241e-24, 7.50589712835e-24, 6.98851639277e-24, 1.44510798139e-23, 1.19687333381e-23, 1.08129180056e-23, 2.24526490145e-23, 2.70456165081e-23, 3.40130695258e-23, 6.2174633914e-23, 6.67488280957e-23, 6.61580470083e-23, 9.49963404572e-23, 1.32289260124e-22, 1.7609733152e-22, 2.19379718631e-22, 2.79466307148e-22, 4.31428054309e-22, 6.39520675377e-22, 9.03047877541e-22, 1.28473195351e-21, 1.80633849705e-21],
        "var": [1.97612763486e-07, 0.00087874289602, 0.000119550881209, 5.24151873833e-05, 4.83369258291e-05, 4.93884908792e-06, 2.24300015361e-06, 4.24344705152e-07, 3.59770780278e-07, 2.49860903523e-07, 3.08301849827e-07, 4.09969715065e-07, 1.74474180881e-07, 5.57603982543e-07, 3.4894418377e-07, 1.35367508847e-06, 2.92576089578e-07, 2.24052215003e-07, 8.58416740357e-07, 4.84060137751e-07, 8.46016234846e-08, 7.98820991577e-08, 3.0408909879e-07, 1.03283161934e-06, 8.11593707795e-08, 2.02078465072e-09, 3.57612420579e-12]
    },
    "erbbands": {
        "dmean": [0.171110138297, 1.64626216888, 3.7952413559, 6.6690363884, 9.47843742371, 9.17730903625, 6.62038040161, 7.02223062515, 9.89890861511, 4.43963432312, 5.76472568512, 6.99353504181, 4.48471403122, 9.33683109283, 11.1504774094, 9.01126289368, 9.01954460144, 16.2717723846, 14.1783370972, 20.6484355927, 14.7722196579, 11.1215877533, 9.00923633575, 13.0461788177, 16.3139915466, 14.4261837006, 6.54237174988, 4.39828062057, 4.75839805603, 5.34916973114, 6.58343029022, 7.39600038528, 3.36748743057, 1.81430077553, 0.564148724079, 0.125670701265, 0.0267467331141, 0.00369745958596, 9.37340955716e-05, 1.44146924868e-05],
        "dmean2": [0.182256221771, 2.10640192032, 5.38854646683, 11.1568250656, 16.5293769836, 15.6955490112, 11.2432985306, 11.6307668686, 16.3552074432, 7.27047538757, 10.0155744553, 12.1736469269, 7.7002696991, 15.3621692657, 18.7308979034, 15.234208107, 15.4508905411, 28.3843746185, 24.6208190918, 36.2420845032, 25.5792503357, 19.3233375549, 15.2181472778, 21.38032341, 26.4531536102, 23.1631317139, 10.017701149, 6.80191040039, 7.38841485977, 8.42191505432, 9.84344768524, 10.8736925125, 5.08979988098, 2.82277035713, 0.866670846939, 0.189902245998, 0.0405268669128, 0.00571226933971, 0.000142001881613, 2.03881190828e-05],
        "dvar": [0.114951625466, 12.3616228104, 98.6692733765, 470.119049072, 1002.88464355, 674.394104004, 276.400115967, 457.570678711, 448.466949463, 60.8478965759, 308.699371338, 207.44430542, 112.461082458, 378.432373047, 591.488098145, 335.986694336, 303.318664551, 1091.2800293, 684.445800781, 1652.28173828, 1474.69714355, 606.145141602, 224.620178223, 756.125915527, 1282.35461426, 766.290771484, 117.917900085, 70.03540802, 85.8156433105, 122.587272644, 266.769195557, 577.38079834, 70.814704895, 17.0295410156, 1.68194055557, 0.0820923224092, 0.00426349183545, 9.0894587629e-05, 5.16761602398e-08, 5.07164477082e-10],
        "dvar2": [0.102493785322, 15.3180875778, 207.529266357, 1228.13415527, 2763.83642578, 1836.42138672, 686.043029785, 1100.57324219, 1152.64282227, 155.146530151, 889.010681152, 536.656860352, 298.651763916, 927.061340332, 1471.48461914, 837.903381348, 786.58203125, 2825.73583984, 1872.61279297, 3981.54833984, 3637.45239258, 1556.33679199, 583.197875977, 1840.02941895, 2957.10791016, 1999.26989746, 273.870849609, 161.731842041, 207.801727295, 302.266448975, 599.101623535, 1224.51379395, 158.200439453, 41.5936660767, 4.13159513474, 0.18991227448, 0.0101604564115, 0.000218564207898, 1.21670893805e-07, 9.90857951244e-10],
        "max": [3.92580771446, 35.0941505432, 85.5069122314, 187.035644531, 286.49621582, 232.441818237, 213.716659546, 389.176940918, 294.408996582, 131.717575073, 285.250701904, 249.98248291, 176.123245239, 390.126342773, 487.387634277, 378.829193115, 452.932128906, 776.571166992, 627.698913574, 1029.02282715, 1016.4276123, 714.243835449, 328.535614014, 767.749511719, 1328.30444336, 369.33001709, 133.497116089, 94.2805099487, 101.962730408, 105.114318848, 234.02494812, 340.018280029, 143.043777466, 37.6828041077, 11.4153604507, 2.75724601746, 1.0368745327, 0.18772688508, 0.00404418865219, 0.000269313255558],
        "mean": [0.457173764706, 3.29929876328, 4.55379056931, 5.82708024979, 8.05153560638, 8.8352098465, 6.61870288849, 7.11717224121, 11.2356863022, 5.31653785706, 5.83871603012, 7.40298461914, 4.5939822197, 10.1279392242, 11.8080730438, 9.06087017059, 9.71524906158, 17.127407074, 18.2915496826, 26.5214672089, 20.1271457672, 16.5511951447, 15.4974784851, 22.355014801, 28.8835639954, 23.7878437042, 12.3823947906, 7.57082986832, 7.25804710388, 6.95408058167, 8.04815864563, 8.80585098267, 3.99948120117, 2.07263851166, 0.640660524368, 0.144023612142, 0.0287043862045, 0.00384738692082, 0.000114042923087, 4.2429761379e-05],
        "median": [0.0180683322251, 0.21154820919, 0.520422577858, 0.634121358395, 1.27842748165, 2.10455393791, 1.36133599281, 1.51976633072, 3.33597660065, 1.89545941353, 1.34448766708, 1.7720925808, 1.38386845589, 3.01989722252, 2.78908419609, 2.14020776749, 3.02055478096, 4.70056343079, 6.72514533997, 8.29299736023, 4.9951634407, 3.90788412094, 4.58922576904, 5.95007801056, 9.96196842194, 8.76449012756, 5.1870932579, 3.6765100956, 3.75335645676, 3.18862509727, 2.42551541328, 1.46530222893, 0.844073414803, 0.400104612112, 0.123866640031, 0.0266863293946, 0.00484407832846, 0.000649857916869, 3.40309779858e-05, 2.28800909099e-05],
        "min": [4.45366349291e-23, 6.40003483495e-22, 2.18238821289e-21, 5.51364224712e-21, 7.09880262462e-21, 1.75988959955e-20, 3.30362850398e-20, 5.70919347926e-20, 1.30920899928e-19, 2.06268096916e-19, 2.93116309744e-19, 2.33959454262e-19, 6.23221861735e-19, 5.05830405454e-19, 7.00298396117e-19, 1.15126118776e-18, 1.23285562755e-18, 2.11145399377e-18, 2.9605532382e-18, 4.1767111911e-18, 4.68128516091e-18, 4.26349815379e-18, 6.291214793e-18, 5.40914123423e-18, 5.29314114744e-18, 8.90563244272e-18, 8.7396247384e-18, 1.09130732308e-17, 1.00932785139e-17, 1.16757718058e-17, 1.2099400776e-17, 1.14612540945e-17, 9.85740299913e-18, 8.51432472778e-18, 6.40780672752e-18, 4.27823396282e-18, 2.28718954889e-18, 9.4501424857e-19, 2.44656166202e-19, 2.47232297436e-20],
        "var": [0.804418683052, 46.8213577271, 136.070510864, 350.17678833, 660.048461914, 500.321014404, 273.574371338, 474.159637451, 556.988891602, 80.3237991333, 298.531738281, 229.97883606, 100.678581238, 411.286376953, 735.562072754, 367.781860352, 317.541625977, 1128.62670898, 912.047912598, 2579.32739258, 2062.93603516, 859.884033203, 488.352111816, 1456.63232422, 2417.91162109, 1053.51159668, 242.07081604, 106.299766541, 113.5727005, 133.820098877, 357.802154541, 846.943603516, 98.4172515869, 19.7296180725, 1.8781440258, 0.0949746221304, 0.00440679211169, 8.86749839992e-05, 5.5345530825e-08, 2.09609418711e-09]
    },
    "gfcc": {
        "mean": [-81.0584106445, 74.2827606201, -108.507461548, 56.5883331299, -55.4615936279, 18.599603653, -39.807762146, 8.53215885162, -21.9856319427, 3.49810576439, -8.15877437592, -4.89021205902, -5.28895568848],
        "cov": [[38614.6757812, -3621.53881836, -5009.58642578, 1065.50244141, -2021.76965332, 830.79486084, -1145.1595459, 405.513183594, -685.267456055, 551.089172363, -524.943847656, 381.56640625, -439.434051514], [-3621.53881836, 2975.61669922, 965.892822266, -18.9881134033, 941.81072998, -353.451873779, 443.835632324, -249.284042358, 159.654312134, -303.639038086, 122.464019775, -188.982177734, 210.993560791], [-5009.58642578, 965.892822266, 2683.58227539, 419.771789551, 717.393981934, 404.51260376, 376.47644043, 134.784973145, 233.817153931, -7.64645242691, 120.16381073, -86.4489593506, -5.50393104553], [1065.50244141, -18.9881134033, 419.771789551, 493.262237549, 177.599227905, 249.991287231, 74.9142990112, 113.717948914, 55.8564224243, 30.2392749786, -3.11821269989, 7.82115316391, -21.2691001892], [-2021.76965332, 941.81072998, 717.393981934, 177.599227905, 695.543212891, 49.0777664185, 317.106994629, -9.70488929749, 130.932281494, -83.1431274414, 61.8803749084, -45.33934021, 84.0031433105], [830.79486084, -353.451873779, 404.51260376, 249.991287231, 49.0777664185, 432.890960693, 91.9286956787, 174.939743042, 54.1199302673, 93.5399093628, 12.1026334763, 21.9916629791, -50.0853805542], [-1145.1595459, 443.835632324, 376.47644043, 74.9142990112, 317.106994629, 91.9286956787, 282.739685059, 45.6274032593, 118.65650177, -3.171459198, 72.9244155884, -10.0181522369, 53.082195282], [405.513183594, -249.284042358, 134.784973145, 113.717948914, -9.70488929749, 174.939743042, 45.6274032593, 191.096435547, 86.6302490234, 101.261901855, 38.4354896545, 31.6110153198, -22.4798107147], [-685.267456055, 159.654312134, 233.817153931, 55.8564224243, 130.932281494, 54.1199302673, 118.65650177, 86.6302490234, 174.427871704, 70.6585006714, 90.0607757568, -4.91256570816, 14.7668743134], [551.089172363, -303.639038086, -7.64645242691, 30.2392749786, -83.1431274414, 93.5399093628, -3.171459198, 101.261901855, 70.6585006714, 168.675186157, 73.4396057129, 49.7354164124, -23.1843891144], [-524.943847656, 122.464019775, 120.16381073, -3.11821269989, 61.8803749084, 12.1026334763, 72.9244155884, 38.4354896545, 90.0607757568, 73.4396057129, 131.096954346, 34.6538124084, 31.5738334656], [381.56640625, -188.982177734, -86.4489593506, 7.82115316391, -45.33934021, 21.9916629791, -10.0181522369, 31.6110153198, -4.91256570816, 49.7354164124, 34.6538124084, 95.2967224121, 31.8802661896], [-439.434051514, 210.993560791, -5.50393104553, -21.2691001892, 84.0031433105, -50.0853805542, 53.082195282, -22.4798107147, 14.7668743134, -23.1843891144, 31.5738334656, 31.8802661896, 95.4715652466]],
        "icov": [[6.99401280144e-05, -0.000116052207886, 0.000172984553501, -0.000221933543799, 9.1894165962e-05, -0.000223537630518, 0.000107425868919, 6.46759360734e-07, 0.000116681345389, -0.000271141267149, 0.00022652723419, -0.000230174293392, 0.000199277172214], [-0.000116052207886, 0.0013465504162, -0.000454215682112, 0.000246194773354, -0.000897046003956, 0.00120962585788, -0.000659821322188, 0.000295868929243, -5.04655981786e-05, 0.00129574094899, -0.00163016980514, 0.00224849162623, -0.00151023932267], [0.000172984553501, -0.000454215682112, 0.00111244700383, -0.000633990741335, -0.000229128389037, -0.00124076474458, 0.000504141265992, 3.09203242068e-05, 2.04976186069e-05, -0.000445430341642, 0.000131990600494, -0.000460971583379, 0.000999528216198], [-0.000221933543799, 0.000246194773354, -0.000633990741335, 0.00418875832111, -0.00145630643237, -0.00107081944589, 0.000948017870542, -0.000719000701793, -0.00100502895657, 0.00108530605212, 0.000240365494392, -0.000284633220872, -0.000211211765418], [9.1894165962e-05, -0.000897046003956, -0.000229128389037, -0.00145630643237, 0.00512891029939, -4.59930524812e-05, -0.0033660645131, 0.000817873748019, -0.000822920817882, 0.000392306217691, 0.00127895432524, -0.00103487668093, -0.000259862776147], [-0.000223537630518, 0.00120962585788, -0.00124076474458, -0.00107081944589, -4.59930524812e-05, 0.00730573059991, -0.00340762874112, -0.00329526606947, 0.00213660579175, -0.00023299366876, -0.000526445393916, 0.00163222057745, 0.000221605238039], [0.000107425868919, -0.000659821322188, 0.000504141265992, 0.000948017870542, -0.0033660645131, -0.00340762874112, 0.0110099874437, -0.000598494196311, -0.00313715427183, 0.000880962586962, -0.00126961944625, -0.000432000058936, -0.00163219566457], [6.46759360734e-07, 0.000295868929243, 3.09203242068e-05, -0.000719000701793, 0.000817873748019, -0.00329526606947, -0.000598494196311, 0.0135776204988, -0.00620734272525, -0.00280435755849, 0.00233140680939, -0.00267552747391, 0.000673597154673], [0.000116681345389, -5.04655981786e-05, 2.04976186069e-05, -0.00100502895657, -0.000822920817882, 0.00213660579175, -0.00313715427183, -0.00620734272525, 0.0171856321394, -0.00477295136079, -0.00629661278799, 0.0064970231615, -0.00135085720103], [-0.000271141267149, 0.00129574094899, -0.000445430341642, 0.00108530605212, 0.000392306217691, -0.00023299366876, 0.000880962586962, -0.00280435755849, -0.00477295136079, 0.0181878246367, -0.00857393629849, -0.00340419868007, 0.00361421471462], [0.00022652723419, -0.00163016980514, 0.000131990600494, 0.000240365494392, 0.00127895432524, -0.000526445393916, -0.00126961944625, 0.00233140680939, -0.00629661278799, -0.00857393629849, 0.0206925049424, -0.00726845907047, -0.00096450879937], [-0.000230174293392, 0.00224849162623, -0.000460971583379, -0.000284633220872, -0.00103487668093, 0.00163222057745, -0.000432000058936, -0.00267552747391, 0.0064970231615, -0.00340419868007, -0.00726845907047, 0.0243184790015, -0.0122899077833], [0.000199277172214, -0.00151023932267, 0.000999528216198, -0.000211211765418, -0.000259862776147, 0.000221605238039, -0.00163219566457, 0.000673597154673, -0.00135085720103, 0.00361421471462, -0.00096450879937, -0.0122899077833, 0.0216602757573]]
    },
    "melbands": {
        "dmean": [0.0015860873973, 0.00164166314062, 0.0011436813511, 0.000727169390302, 0.000246495066676, 0.000153624394443, 0.000147963335621, 4.29261817771e-05, 5.1569804782e-05, 4.14662754338e-05, 2.27630171139e-05, 3.87123363907e-05, 3.34731339535e-05, 3.61042184522e-05, 1.84180789802e-05, 2.15083273361e-05, 3.26615991071e-05, 2.48617416219e-05, 2.09246682061e-05, 3.29340691678e-05, 1.52842276293e-05, 1.31452770802e-05, 9.98162613541e-06, 9.97416009341e-06, 1.16270539365e-05, 1.24388161566e-05, 1.30876178446e-05, 9.47586067923e-06, 4.8685155889e-06, 3.18427419188e-06, 2.43517047238e-06, 2.58262389252e-06, 2.73702221421e-06, 3.42720068147e-06, 3.67106804333e-06, 4.5716033128e-06, 4.55899635199e-06, 2.52078916674e-06, 1.76725359324e-06, 1.47433399889e-06],
        "dmean2": [0.00196983781643, 0.00222688890062, 0.00185659213457, 0.00124047230929, 0.000422927376349, 0.000255343038589, 0.000244524708251, 7.07884391886e-05, 9.00303639355e-05, 7.24238561816e-05, 3.91751818825e-05, 6.34879615973e-05, 5.59151594643e-05, 6.02785257797e-05, 3.23035128531e-05, 3.65893174603e-05, 5.73850738874e-05, 4.34001012763e-05, 3.68701439584e-05, 5.69919102418e-05, 2.65581438725e-05, 2.32315196627e-05, 1.76986504812e-05, 1.69674913195e-05, 1.95170232473e-05, 2.04040570679e-05, 2.16712833208e-05, 1.53545206558e-05, 7.60819602874e-06, 4.97885775985e-06, 3.81124095838e-06, 4.02761861551e-06, 4.30477030022e-06, 5.52096662432e-06, 5.58686770091e-06, 6.7757277975e-06, 6.7640216912e-06, 3.85289058613e-06, 2.88500382339e-06, 2.27807504416e-06],
        "dvar": [1.13947007776e-05, 1.39405383379e-05, 1.27663397507e-05, 4.69706674266e-06, 3.62635347528e-07, 1.95722861918e-07, 9.84808536941e-08, 5.62140556326e-09, 1.91086044765e-08, 7.62083374184e-09, 2.81394818558e-09, 6.80199940817e-09, 5.9858318302e-09, 5.35927924261e-09, 1.45261280782e-09, 2.09245687444e-09, 4.82965845094e-09, 3.0264692974e-09, 1.53425405713e-09, 8.0187856355e-09, 1.46949397095e-09, 1.01720787349e-09, 2.80941159225e-10, 2.9875854568e-10, 6.68151201033e-10, 9.3296514958e-10, 7.25984161676e-10, 2.89068963211e-10, 6.59678284221e-11, 3.07663235166e-11, 2.1143200038e-11, 2.37530672215e-11, 2.97601943089e-11, 5.50491735529e-11, 6.83696294024e-11, 2.1745413803e-10, 2.15862522301e-10, 4.10016950947e-11, 1.74514812323e-11, 1.11101371159e-11],
        "dvar2": [1.22535448099e-05, 2.06836411962e-05, 3.17524427373e-05, 1.27004632304e-05, 9.55197606345e-07, 4.69966209948e-07, 2.55477999644e-07, 1.41683704769e-08, 5.49482415124e-08, 1.96733438429e-08, 7.3990653604e-09, 1.64782587575e-08, 1.4977041829e-08, 1.24324524009e-08, 3.96932664515e-09, 5.27272092654e-09, 1.24874981466e-08, 8.17604384196e-09, 4.12340384059e-09, 1.83949211419e-08, 3.6502163514e-09, 2.59422217042e-09, 8.16819389904e-10, 7.47246098332e-10, 1.72378744612e-09, 1.78008496832e-09, 1.90774152031e-09, 7.46228800974e-10, 1.56692561704e-10, 7.34243499334e-11, 4.9228260357e-11, 5.76656500328e-11, 7.26870438839e-11, 1.39640840557e-10, 1.58643612136e-10, 4.68247440821e-10, 4.79099260264e-10, 9.0126336949e-11, 4.4409736305e-11, 2.67463603348e-11],
        "max": [0.0344277322292, 0.0347204990685, 0.0294432360679, 0.0176872164011, 0.00608610082418, 0.00764688104391, 0.00436333287507, 0.00119220442139, 0.00208790809847, 0.00148914032616, 0.00086207780987, 0.00163988675922, 0.00164282263722, 0.00200126483105, 0.000415095273638, 0.00194296077825, 0.00141551345587, 0.00151849526446, 0.000925253902096, 0.00340109504759, 0.0011243976187, 0.00104359979741, 0.000411909422837, 0.000437009235611, 0.000640809070319, 0.00110141909681, 0.000644559157081, 0.000197563087568, 0.000103032769402, 7.5137555541e-05, 5.03822084283e-05, 5.4877698858e-05, 5.34200371476e-05, 7.3114890256e-05, 0.000108259671833, 0.000219566762098, 0.000228098739171, 0.000115398121125, 4.20441356255e-05, 2.91483684123e-05],
        "mean": [0.00421241577715, 0.00313129881397, 0.001064872602, 0.000670232693665, 0.000246337382123, 0.000155609086505, 0.000168346610735, 5.00568094139e-05, 5.12493934366e-05, 4.31652806583e-05, 2.21351911023e-05, 4.11480723415e-05, 3.45350199495e-05, 3.55967022188e-05, 1.74310371222e-05, 2.32815673371e-05, 3.23035819747e-05, 2.83414101432e-05, 2.79182295344e-05, 3.94724193029e-05, 1.97923909582e-05, 1.7193822714e-05, 1.42870412674e-05, 1.50058776853e-05, 1.79987000593e-05, 1.98179550353e-05, 2.08057717828e-05, 1.48052813529e-05, 8.4989314928e-06, 5.35978688276e-06, 3.95767756345e-06, 4.03279182137e-06, 3.71231612917e-06, 4.11237942899e-06, 4.3984750846e-06, 5.50143840883e-06, 5.27868451172e-06, 3.02615717374e-06, 1.9439994503e-06, 1.67498455994e-06],
        "median": [0.000203990843147, 0.00031768748886, 0.000128146988573, 0.000130602740683, 6.21445797151e-05, 3.30843395204e-05, 4.89704907523e-05, 1.76752801053e-05, 1.06575898826e-05, 9.87373186945e-06, 5.52804340259e-06, 1.09560414785e-05, 7.92538230598e-06, 6.12235862718e-06, 4.60494493382e-06, 7.01917952028e-06, 8.02031991043e-06, 9.23296829569e-06, 1.12041325337e-05, 8.87005535333e-06, 5.03023829879e-06, 3.98899464926e-06, 3.79434914066e-06, 4.23432720709e-06, 4.75582328363e-06, 5.42310044693e-06, 8.46639977681e-06, 5.1519173212e-06, 3.44276759279e-06, 2.31219519264e-06, 1.89810134543e-06, 2.02328828891e-06, 1.76351409209e-06, 1.76786420525e-06, 1.41839382195e-06, 1.10665564534e-06, 8.00504949439e-07, 6.19290062787e-07, 4.32560227637e-07, 2.95462768918e-07],
        "min": [7.2727167473e-25, 8.42359381053e-25, 9.12272869032e-25, 5.70905638249e-25, 1.22695678109e-24, 1.3281283894e-24, 1.91749011878e-24, 2.65340820207e-24, 1.88405740475e-24, 1.81447257595e-24, 2.9459097399e-24, 1.69221077134e-24, 1.60112090401e-24, 2.69329300943e-24, 2.79055009272e-24, 3.0929348744e-24, 3.08634808306e-24, 4.04332826339e-24, 4.48209624874e-24, 3.23628904468e-24, 4.52104349493e-24, 4.03902976031e-24, 4.50850376198e-24, 4.24475758465e-24, 4.11684023899e-24, 3.73660415508e-24, 3.99770094306e-24, 5.5988223401e-24, 4.96157142896e-24, 4.26438207739e-24, 6.31225118227e-24, 5.14311514452e-24, 4.96432652567e-24, 5.44391530186e-24, 6.14491011845e-24, 5.9797498606e-24, 5.44075828052e-24, 6.12507342213e-24, 5.90621027486e-24, 7.03927249227e-24],
        "var": [6.65265179123e-05, 4.11167820857e-05, 1.05363824332e-05, 3.40581073033e-06, 3.15711645271e-07, 2.05681118359e-07, 1.23502800875e-07, 7.15946324448e-09, 1.84017636684e-08, 8.2595823514e-09, 2.52024912051e-09, 7.30259008819e-09, 6.91906665296e-09, 7.21320336794e-09, 1.16101828151e-09, 2.31722552257e-09, 4.69214000987e-09, 3.11014525245e-09, 2.03018490907e-09, 1.05054116517e-08, 2.12693973545e-09, 1.2258480897e-09, 4.39987490886e-10, 5.88015469649e-10, 1.03123787287e-09, 1.89186066812e-09, 9.23308651757e-10, 4.11953526847e-10, 1.22886520404e-10, 5.09952809147e-11, 3.09120888609e-11, 3.36206305851e-11, 3.51252325836e-11, 5.36059738265e-11, 8.6174165026e-11, 3.0293739739e-10, 3.06135422568e-10, 5.91525578519e-11, 1.77853044792e-11, 1.30893906825e-11]
    },
    "mfcc": {
        "mean": [-703.087219238, 83.909072876, 12.6058921814, 33.2657852173, 13.0886592865, 9.23029327393, 3.27812075615, 0.662198066711, -3.5894908905, 8.02142810822, -3.48877215385, -2.46729516983, 2.84747076035],
        "cov": [[23062.3710938, -1768.51708984, -2753.77807617, -225.860443115, -722.080749512, -244.66065979, -337.077575684, -270.695343018, -293.020690918, 64.4906158447, -283.357147217, -133.107910156, 129.283233643], [-1768.51708984, 2199.55029297, 354.919952393, 386.924957275, 305.339813232, 163.453735352, 190.293518066, 89.5305099487, 109.718727112, -39.3089294434, 38.8164176941, -45.1453018188, 0.510809004307], [-2753.77807617, 354.919952393, 1792.63110352, 284.193908691, 533.237976074, 344.20211792, 285.183837891, 239.741668701, 178.432876587, 175.206756592, 153.49105835, 122.685020447, 60.882106781], [-225.860443115, 386.924957275, 284.193908691, 393.464263916, 253.288955688, 162.894989014, 121.778038025, 108.343925476, 92.9973754883, 28.0156517029, 44.1954879761, 17.8496952057, 6.49433898926], [-722.080749512, 305.339813232, 533.237976074, 253.288955688, 388.630126953, 221.71194458, 182.272155762, 160.690719604, 120.495292664, 87.3939208984, 69.2810592651, 48.3669052124, 18.9422340393], [-244.66065979, 163.453735352, 344.20211792, 162.894989014, 221.71194458, 250.130111694, 175.318435669, 130.591827393, 92.1974945068, 70.7372055054, 42.2412071228, 30.668390274, 16.2869377136], [-337.077575684, 190.293518066, 285.183837891, 121.778038025, 182.272155762, 175.318435669, 204.159576416, 134.816696167, 95.7024078369, 62.6428756714, 46.1096000671, 36.2139358521, 33.4180984497], [-270.695343018, 89.5305099487, 239.741668701, 108.343925476, 160.690719604, 130.591827393, 134.816696167, 165.693328857, 104.356903076, 69.7462921143, 40.6131401062, 32.5527801514, 12.0659360886], [-293.020690918, 109.718727112, 178.432876587, 92.9973754883, 120.495292664, 92.1974945068, 95.7024078369, 104.356903076, 120.303955078, 75.9440917969, 51.5826644897, 29.4404850006, 23.0056934357], [64.4906158447, -39.3089294434, 175.206756592, 28.0156517029, 87.3939208984, 70.7372055054, 62.6428756714, 69.7462921143, 75.9440917969, 147.826553345, 84.3871994019, 73.2169494629, 46.0461158752], [-283.357147217, 38.8164176941, 153.49105835, 44.1954879761, 69.2810592651, 42.2412071228, 46.1096000671, 40.6131401062, 51.5826644897, 84.3871994019, 112.530693054, 84.6098556519, 53.3434066772], [-133.107910156, -45.1453018188, 122.685020447, 17.8496952057, 48.3669052124, 30.668390274, 36.2139358521, 32.5527801514, 29.4404850006, 73.2169494629, 84.6098556519, 116.909957886, 78.3511428833], [129.283233643, 0.510809004307, 60.882106781, 6.49433898926, 18.9422340393, 16.2869377136, 33.4180984497, 12.0659360886, 23.0056934357, 46.0461158752, 53.3434066772, 78.3511428833, 111.378570557]],
