{
"lowlevel": {
    "average_loudness": 0.942086338997,
    "barkbands_crest": {
        "dmean": 3.42292571068,
        "dmean2": 5.34380102158,
        "dvar": 9.1425113678,
        "dvar2": 20.8167610168,
        "max": 26.447309494,
        "mean": 14.4454870224,
        "median": 14.0337276459,
        "min": 2.3199429512,
        "var": 36.1134529114
    },
    "barkbands_flatness_db": {
        "dmean": 0.0422197468579,
        "dmean2": 0.0585569702089,
        "dvar": 0.00203923857771,
        "dvar2": 0.00397795531899,
        "max": 0.723165273666,
        "mean": 0.181405261159,
        "median": 0.142225444317,
        "min": 0.0197280049324,
        "var": 0.0170877035707
    },
    "barkbands_kurtosis": {
        "dmean": 14.1895008087,
        "dmean2": 21.4406070709,
        "dvar": 1186.82629395,
        "dvar2": 2799.03222656,
        "max": 829.334655762,
        "mean": 20.7881698608,
        "median": 4.95695638657,
        "min": -1.93357121944,
        "var": 2591.0078125
    },
    "barkbands_skewness": {
        "dmean": 1.16821169853,
        "dmean2": 1.67838668823,
        "dvar": 2.02416396141,
        "dvar2": 4.34280157089,
        "max": 26.3941612244,
        "mean": 2.76402807236,
        "median": 2.15456461906,
        "min": -7.52595329285,
        "var": 8.40567398071
    },
    "barkbands_spread": {
        "dmean": 8.20500564575,
        "dmean2": 12.313662529,
        "dvar": 105.943626404,
        "dvar2": 221.434371948,
        "max": 112.469535828,
        "mean": 22.1242771149,
        "median": 17.9113349915,
        "min": 0.0557264126837,
        "var": 345.549194336
    },
    "dissonance": {
        "dmean": 0.0267957802862,
        "dmean2": 0.0455243512988,
        "dvar": 0.00146246363875,
        "dvar2": 0.00416495557874,
        "max": 0.500000178814,
        "mean": 0.448778271675,
        "median": 0.470510691404,
        "min": 0.0235840193927,
        "var": 0.00415284652263
    },
    "dynamic_complexity": 3.58667874336,
    "erbbands_crest": {
        "dmean": 2.84917402267,
        "dmean2": 4.4694018364,
        "dvar": 10.3751220703,
        "dvar2": 21.2516307831,
        "max": 31.7143878937,
        "mean": 9.95621204376,
        "median": 7.22825145721,
        "min": 1.84347009659,
        "var": 47.0708961487
    },
    "erbbands_flatness_db": {
        "dmean": 0.0225881729275,
        "dmean2": 0.0335682146251,
        "dvar": 0.000906151428353,
        "dvar2": 0.00172733166255,
        "max": 0.67858082056,
        "mean": 0.147934168577,
        "median": 0.105085171759,
        "min": 0.0418420471251,
        "var": 0.012338494882
    },
    "erbbands_kurtosis": {
        "dmean": 2.2207877636,
        "dmean2": 3.47207713127,
        "dvar": 49.7497329712,
        "dvar2": 88.9598693848,
        "max": 246.559768677,
        "mean": 2.47243833542,
        "median": -0.415782213211,
        "min": -1.85652422905,
        "var": 136.91468811
    },
    "erbbands_skewness": {
        "dmean": 0.502461850643,
        "dmean2": 0.764409661293,
        "dvar": 0.428431004286,
        "dvar2": 0.828356862068,
        "max": 14.3410367966,
        "mean": 0.412220150232,
        "median": 0.30856987834,
        "min": -6.19884347916,
        "var": 1.70178544521
    },
    "erbbands_spread": {
        "dmean": 12.2100305557,
        "dmean2": 18.6404876709,
        "dvar": 182.677307129,
        "dvar2": 402.042785645,
        "max": 205.214920044,
        "mean": 53.5099220276,
        "median": 55.8669700623,
        "min": 0.268212199211,
        "var": 940.486450195
    },
    "hfc": {
        "dmean": 12.1013278961,
        "dmean2": 17.7345809937,
        "dvar": 263.415557861,
        "dvar2": 559.65625,
        "max": 158.847000122,
        "mean": 26.0613689423,
        "median": 19.8344516754,
        "min": 1.10487612915e-16,
        "var": 562.850219727
    },
    "melbands_crest": {
        "dmean": 4.07066631317,
        "dmean2": 6.3120765686,
        "dvar": 11.1955442429,
        "dvar2": 25.4740123749,
        "max": 33.1874465942,
        "mean": 18.9200935364,
        "median": 19.6581363678,
        "min": 1.51686167717,
        "var": 40.424697876
    },
    "melbands_flatness_db": {
        "dmean": 0.0514079108834,
        "dmean2": 0.0707750916481,
        "dvar": 0.00280048907734,
        "dvar2": 0.0056139738299,
        "max": 0.852656424046,
        "mean": 0.267061114311,
        "median": 0.231880038977,
        "min": 0.00314377201721,
        "var": 0.0222255475819
    },
    "melbands_kurtosis": {
        "dmean": 27.2599983215,
        "dmean2": 40.3816184998,
        "dvar": 2682.18725586,
        "dvar2": 5920.63134766,
        "max": 1224.64038086,
        "mean": 49.3686904907,
        "median": 19.7075786591,
        "min": -1.92602682114,
        "var": 6680.49609375
    },
    "melbands_skewness": {
        "dmean": 1.44609963894,
        "dmean2": 2.10461378098,
        "dvar": 2.57855725288,
        "dvar2": 5.40574741364,
        "max": 23.4397201538,
        "mean": 4.49000072479,
        "median": 3.73714160919,
        "min": -5.6887717247,
        "var": 12.1362390518
    },
    "melbands_spread": {
        "dmean": 7.66386842728,
        "dmean2": 11.820224762,
        "dvar": 126.15776825,
        "dvar2": 272.34588623,
        "max": 246.965301514,
        "mean": 18.2063426971,
        "median": 12.6738929749,
        "min": 0.227623537183,
        "var": 479.305511475
    },
    "pitch_salience": {
        "dmean": 0.0929390266538,
        "dmean2": 0.13728967309,
        "dvar": 0.00737556628883,
        "dvar2": 0.0159874577075,
        "max": 0.979387521744,
        "mean": 0.448344171047,
        "median": 0.456495970488,
        "min": 0.0623799338937,
        "var": 0.0317486599088
    },
    "silence_rate_20dB": {
        "dmean": 0,
        "dmean2": 0,
        "dvar": 0,
        "dvar2": 0,
        "max": 1,
        "mean": 1,
        "median": 1,
        "min": 1,
        "var": 0
    },
    "silence_rate_30dB": {
        "dmean": 0.0797202810645,
        "dmean2": 0.159459143877,
        "dvar": 0.0733645483851,
        "dvar2": 0.137761205435,
        "max": 1,
        "mean": 0.811560451984,
        "median": 1,
        "min": 0,
        "var": 0.152941152453
    },
    "silence_rate_60dB": {
        "dmean": 0.0228438228369,
        "dmean2": 0.0456929728389,
        "dvar": 0.0223198160529,
        "dvar2": 0.0501241162419,
        "max": 1,
        "mean": 0.0780794769526,
        "median": 0,
        "min": 0,
        "var": 0.0719880908728
    },
    "spectral_centroid": {
        "dmean": 320.410003662,
        "dmean2": 489.398925781,
        "dvar": 140758.3125,
        "dvar2": 288511.875,
        "max": 11830.3486328,
        "mean": 1278.78039551,
        "median": 1052.5501709,
        "min": 80.0600967407,
        "var": 1490730.25
    },
    "spectral_complexity": {
        "dmean": 6.33146858215,
        "dmean2": 9.05769920349,
        "dvar": 43.9380340576,
        "dvar2": 87.6710128784,
        "max": 55,
        "mean": 16.164899826,
        "median": 14,
        "min": 0,
        "var": 128.574310303
    },
    "spectral_decrease": {
        "dmean": 5.58842438991e-09,
        "dmean2": 8.71794370028e-09,
        "dvar": 4.2606339582e-17,
        "dvar2": 9.43031955727e-17,
        "max": 2.47995677813e-12,
        "mean": -1.39346791883e-08,
        "median": -1.04206892004e-08,
        "min": -6.24124041337e-08,
        "var": 1.65020533736e-16
    },
    "spectral_energy": {
        "dmean": 0.0216892324388,
        "dmean2": 0.0339360497892,
        "dvar": 0.00062841665931,
        "dvar2": 0.00139376055449,
        "max": 0.239508643746,
        "mean": 0.0549566298723,
        "median": 0.0421027950943,
        "min": 1.01672121432e-20,
        "var": 0.00241856160574
    },
    "spectral_energyband_high": {
        "dmean": 0.000987687846646,
        "dmean2": 0.00138079596218,
        "dvar": 2.18175773625e-06,
        "dvar2": 4.25838470619e-06,
        "max": 0.0157647337765,
        "mean": 0.00179118057713,
        "median": 0.000905983964913,
        "min": 7.02727492765e-21,
        "var": 5.10943300469e-06
    },
    "spectral_energyband_low": {
        "dmean": 0.0188626199961,
        "dmean2": 0.0258265975863,
        "dvar": 0.000558173109312,
        "dvar2": 0.00109506887384,
        "max": 0.22746270895,
        "mean": 0.0391707271338,
        "median": 0.0206253100187,
        "min": 1.43145421907e-23,
        "var": 0.0022714198567
    },
    "spectral_energyband_middle_high": {
        "dmean": 0.00240596430376,
        "dmean2": 0.00382063421421,
        "dvar": 1.43926690725e-05,
        "dvar2": 3.22780906572e-05,
        "max": 0.0424042455852,
        "mean": 0.0046743392013,
        "median": 0.00217000837438,
        "min": 1.22875660511e-21,
        "var": 3.12348383886e-05
    },
    "spectral_energyband_middle_low": {
        "dmean": 0.0087426584214,
        "dmean2": 0.0137889776379,
        "dvar": 0.000286167225568,
        "dvar2": 0.000668183900416,
        "max": 0.137040093541,
        "mean": 0.0111663760617,
        "median": 0.00609904667363,
        "min": 1.72544554438e-22,
        "var": 0.000286436465103
    },
    "spectral_entropy": {
        "dmean": 0.259064018726,
        "dmean2": 0.388133078814,
        "dvar": 0.117237441242,
        "dvar2": 0.229977145791,
        "max": 9.8319196701,
        "mean": 7.54605102539,
        "median": 7.94137191772,
        "min": 3.16674685478,
        "var": 1.21537590027
    },
    "spectral_flux": {
        "dmean": 0.0403898023069,
        "dmean2": 0.0626569986343,
        "dvar": 0.00164431729354,
        "dvar2": 0.00323322508484,
        "max": 0.390671640635,
        "mean": 0.120543412864,
        "median": 0.106995508075,
        "min": 6.44310854669e-11,
        "var": 0.00676610739902
    },
    "spectral_kurtosis": {
        "dmean": 8.47240543365,
        "dmean2": 13.9849252701,
        "dvar": 1252.01342773,
        "dvar2": 3603.22314453,
        "max": 758.328125,
        "mean": 16.1147651672,
        "median": 2.03922796249,
        "min": -1.25019598007,
        "var": 3022.81958008
    },
    "spectral_rms": {
        "dmean": 0.00139188533649,
        "dmean2": 0.0021390565671,
        "dvar": 2.14586043512e-06,
        "dvar2": 4.50646848549e-06,
        "max": 0.0152861690149,
        "mean": 0.00644706888124,
        "median": 0.0064090481028,
        "min": 3.14948110994e-12,
        "var": 1.20515878734e-05
    },
    "spectral_rolloff": {
        "dmean": 674.075439453,
        "dmean2": 1128.36376953,
        "dvar": 1640992.25,
        "dvar2": 3714601.25,
        "max": 19552.1484375,
        "mean": 1388.1385498,
        "median": 645.99609375,
        "min": 64.599609375,
        "var": 6728472
    },
    "spectral_skewness": {
        "dmean": 0.450416505337,
        "dmean2": 0.703886687756,
        "dvar": 1.00784683228,
        "dvar2": 2.37851905823,
        "max": 22.5948448181,
        "mean": 2.13348770142,
        "median": 1.31819105148,
        "min": -0.101309150457,
        "var": 6.8493270874
    },
    "spectral_spread": {
        "dmean": 740554.9375,
        "dmean2": 1147474.375,
        "dvar": 890012958720,
        "dvar2": 1.83110048154e+12,
        "max": 42021400,
        "mean": 6440684,
        "median": 6534300,
        "min": 145605.171875,
        "var": 1.85507690578e+13
    },
    "spectral_strongpeak": {
        "dmean": 0.369893223047,
        "dmean2": 0.595921099186,
        "dvar": 0.603077709675,
        "dvar2": 1.45364785194,
        "max": 13.9039163589,
        "mean": 0.783485233784,
        "median": 0.458191037178,
        "min": 0,
        "var": 0.960423469543
    },
    "zerocrossingrate": {
        "dmean": 0.0160886403173,
        "dmean2": 0.0178836490959,
        "dvar": 0.000346927816281,
        "dvar2": 0.000419618241722,
        "max": 0.52587890625,
        "mean": 0.0645209550858,
        "median": 0.0478515625,
        "min": 0.001953125,
        "var": 0.00452047307044
    },
    "barkbands": {
        "dmean": [0.000744807126466, 0.0155996717513, 0.00715170707554, 0.00404056347907, 0.00486570736393, 0.000935440009926, 0.000812332553323, 0.000343219726346, 0.000543001922779, 0.000544010312296, 0.000882462656591, 0.000307364010951, 0.000213374893065, 0.000297291553579, 0.000185435841559, 0.00020804493397, 0.000143774654134, 0.000104463018943, 0.000106566410977, 0.000146953359945, 0.000195393484319, 0.00017247867072, 0.000225427153055, 0.000200489070266, 0.000161625386681, 7.34018249204e-05, 7.1976082836e-06],
        "dmean2": [0.00119981740136, 0.0220320299268, 0.0108841704205, 0.00693707307801, 0.00888395588845, 0.00154870317783, 0.00130792043637, 0.000583682383876, 0.000900893297512, 0.000906697066966, 0.0014049327001, 0.000527111114934, 0.000350635469658, 0.000513617706019, 0.000304196670186, 0.000344319530996, 0.000229245866649, 0.000162168740644, 0.00016519681958, 0.000226398929954, 0.000292563112453, 0.000248326949077, 0.000328384223394, 0.000288833485683, 0.000236604435486, 0.000109231783426, 1.1247870134e-05],
        "dvar": [1.65054018453e-06, 0.000543218746316, 0.000233845246839, 8.86588459252e-05, 0.000165434335941, 2.10863845496e-06, 1.8195183884e-06, 3.8208744968e-07, 1.33664525492e-06, 2.03516651709e-06, 4.67034533358e-06, 7.20155753697e-07, 1.67264644801e-07, 4.92519347972e-07, 9.38872943834e-08, 1.77785963729e-07, 6.19763014242e-08, 2.32803447631e-08, 2.5133221726e-08, 5.35594963935e-08, 7.76093571631e-08, 6.26597724818e-08, 1.31788368662e-07, 1.14596311107e-07, 7.33508400685e-08, 2.0264664613e-08, 2.11477571566e-10],
        "dvar2": [3.65774531019e-06, 0.00104309781455, 0.000387700943975, 0.000226067189942, 0.000474883796414, 5.52136634724e-06, 4.55520330434e-06, 1.02744775177e-06, 3.13506120619e-06, 4.21998493039e-06, 8.43462839839e-06, 1.56604278345e-06, 4.37443901546e-07, 1.35490404318e-06, 2.33557301499e-07, 4.58253651914e-07, 1.52168141199e-07, 5.63088420336e-08, 5.89383759575e-08, 1.25033523091e-07, 1.75351175358e-07, 1.3017988465e-07, 2.75293501772e-07, 2.17113367285e-07, 1.6263948055e-07, 4.52217712166e-08, 4.71948591318e-10],
        "max": [0.0163762904704, 0.198659747839, 0.103462025523, 0.0686425864697, 0.0891407355666, 0.0205536577851, 0.0205788128078, 0.0072705312632, 0.0228693429381, 0.0227341800928, 0.0250408891588, 0.0185351949185, 0.00553224328905, 0.00782505981624, 0.00383942970075, 0.00451136333868, 0.00378059805371, 0.00339610525407, 0.002905478701, 0.00288352952339, 0.00334688997827, 0.00279428460635, 0.00392408855259, 0.00425450503826, 0.00317923072726, 0.00242537306622, 0.000215812353417],
        "mean": [0.00118875969201, 0.02780681476, 0.00838707759976, 0.0034373132512, 0.00406509917229, 0.0013812223915, 0.00107282598037, 0.000382256286684, 0.000749096565414, 0.000999479671009, 0.0017380011268, 0.00036036488018, 0.000260362634435, 0.000284698762698, 0.00021676706092, 0.000237497835769, 0.000185805154615, 0.000141966273077, 0.000146120757563, 0.000225680370932, 0.000296695914585, 0.000286638532998, 0.000361280312063, 0.00033078272827, 0.000290533032967, 0.000113509893708, 9.85332644632e-06],
        "median": [0.000503167801071, 0.00941229425371, 0.00250981911086, 0.00071964104427, 0.0012391791679, 0.000769580481574, 0.000519105407875, 0.000162717289641, 0.000232949591009, 0.000207168413908, 0.000244514580118, 9.85008373391e-05, 0.000107143358036, 0.000110098037112, 9.16749268072e-05, 0.000100309705886, 8.52057564771e-05, 8.04103256087e-05, 7.99922418082e-05, 0.000127009145217, 0.000138283066917, 0.000144147954416, 0.000152599764988, 0.000160926487297, 0.000116117036669, 3.99936470785e-05, 2.7422850053e-06],
        "min": [7.78702053091e-25, 2.39011187267e-24, 6.92311775297e-25, 1.23366407093e-24, 7.33188545671e-24, 7.44577488332e-24, 9.79608182078e-24, 5.96952030681e-24, 1.36674821886e-23, 1.65972547926e-23, 1.27931229608e-23, 1.43661131835e-23, 2.75396580049e-23, 4.16689267457e-23, 5.39560727441e-23, 5.26464374237e-23, 3.81258242542e-23, 1.14463919296e-22, 1.00588228315e-22, 1.8296130492e-22, 2.15360920392e-22, 3.73445717546e-22, 3.80360910107e-22, 6.1711091673e-22, 8.40890131562e-22, 1.22623598626e-21, 1.92188549081e-21],
        "var": [3.91961839341e-06, 0.00161116092931, 0.000320970255416, 6.81224191794e-05, 9.95333975879e-05, 3.059413757e-06, 2.45267233367e-06, 4.05761056754e-07, 2.86890508505e-06, 6.47086471872e-06, 1.46002294059e-05, 1.44868852203e-06, 1.8595305562e-07, 3.64362648497e-07, 1.10853129343e-07, 1.8648360367e-07, 8.49935091196e-08, 3.2229959146e-08, 3.51267104293e-08, 8.57521982311e-08, 1.50834750912e-07, 1.34314362299e-07, 2.7193908636e-07, 2.17826766402e-07, 1.63759395377e-07, 3.75284905374e-08, 3.85124127034e-10]
    },
    "erbbands": {
        "dmean": [0.47899889946, 3.51049685478, 8.47307014465, 10.1602535248, 16.0296993256, 15.8742733002, 10.1739187241, 6.78356075287, 11.2466049194, 9.77456951141, 8.69389438629, 12.0292196274, 14.1414079666, 25.3952102661, 24.3904876709, 11.1584510803, 9.95619010925, 12.5894508362, 13.3311729431, 10.6530323029, 10.044880867, 7.714656353, 5.6875128746, 5.33398866653, 6.07270669937, 6.96100378036, 7.56215000153, 7.59219837189, 6.50319719315, 6.37273263931, 6.18402147293, 4.9865193367, 3.00871872902, 2.26272153854, 0.964337050915, 0.361608594656, 0.133063256741, 0.0273521970958, 0.000646457483526, 3.734364509e-05],
        "dmean2": [0.695513546467, 4.79677581787, 11.6568450928, 15.3388090134, 28.7028160095, 29.1292591095, 17.7858219147, 11.04575634, 18.1501407623, 16.1515083313, 14.3805351257, 20.2251434326, 23.1867370605, 41.4376029968, 39.0487365723, 19.1179122925, 16.4217166901, 21.140827179, 22.4797325134, 17.5045547485, 16.6078872681, 12.2190275192, 8.83637619019, 8.20006370544, 9.37861442566, 10.6944532394, 11.507806778, 11.3860282898, 9.54562568665, 9.42273616791, 8.98705768585, 7.04922962189, 4.42158079147, 3.46061301231, 1.38726687431, 0.536279141903, 0.197273001075, 0.0420596301556, 0.000993092078716, 5.75415688218e-05],
        "dvar": [0.445331573486, 32.5016479492, 280.732940674, 443.474578857, 1898.73327637, 1688.04211426, 352.521575928, 109.272041321, 372.342071533, 285.282470703, 261.324005127, 741.061889648, 1132.38317871, 4483.79638672, 2861.19946289, 655.027160645, 358.146148682, 770.507568359, 735.981689453, 362.891326904, 408.320129395, 156.591796875, 68.3487319946, 63.2432975769, 85.1521453857, 124.214759827, 120.871261597, 121.65562439, 94.0168533325, 90.1341323853, 106.94178009, 67.8734741211, 26.1735534668, 14.4491147995, 3.0608420372, 0.495618283749, 0.0681226104498, 0.00325584621169, 1.73212777099e-06, 2.06160422067e-09],
        "dvar2": [0.997551679611, 55.6943016052, 520.279052734, 985.831542969, 5251.62402344, 4898.69824219, 1024.70263672, 275.966461182, 929.599182129, 718.324951172, 653.409790039, 1799.06921387, 2332.49682617, 8435.00976562, 5448.37255859, 1627.51037598, 949.455627441, 2061.51855469, 1985.86853027, 929.353027344, 1082.60949707, 381.972991943, 163.101989746, 149.937942505, 200.417373657, 290.290344238, 282.965759277, 268.246337891, 199.061981201, 195.773513794, 219.973098755, 131.766479492, 49.4977989197, 34.3042068481, 6.75217008591, 1.13577342033, 0.152083069086, 0.0072290613316, 3.84787836083e-06, 4.41689085307e-09],
        "max": [6.66169929504, 49.1678504944, 141.137329102, 186.148620605, 343.574035645, 303.52154541, 219.669387817, 171.087081909, 338.791809082, 300.399139404, 242.195770264, 615.603271484, 526.573364258, 965.438720703, 705.116638184, 420.356719971, 213.185379028, 299.83392334, 287.163757324, 216.722991943, 242.697937012, 200.118423462, 156.541305542, 215.532012939, 125.625106812, 137.638214111, 135.284790039, 133.764862061, 118.929603577, 105.797935486, 103.898338318, 119.901321411, 58.4961395264, 38.8645782471, 22.8108539581, 8.70535373688, 4.95719003677, 0.689081251621, 0.0165259558707, 0.000553292047698],
        "mean": [0.804266929626, 6.16945981979, 10.8517303467, 10.7999420166, 13.1258850098, 13.1682729721, 12.3936862946, 9.99581241608, 14.7779054642, 12.0344648361, 10.78383255, 16.1195430756, 26.7299919128, 51.1562995911, 46.1057319641, 13.7377099991, 12.1698226929, 13.4233522415, 14.1274852753, 12.3618402481, 11.9565286636, 10.2480134964, 7.81125736237, 7.46425485611, 8.69374084473, 10.7668294907, 11.1666145325, 11.4585456848, 10.7420654297, 10.351143837, 9.74235725403, 8.19220733643, 4.98823881149, 3.94732546806, 1.63221800327, 0.570733010769, 0.199624419212, 0.0396348461509, 0.000974646827672, 9.25214990275e-05],
        "median": [0.310320824385, 1.81072556973, 3.64851856232, 3.28444576263, 3.75836181641, 4.01937818527, 6.44703912735, 6.03623723984, 7.15160417557, 5.36284303665, 4.34742450714, 5.37796783447, 7.7332277298, 9.30893230438, 8.87434005737, 4.98498487473, 5.22439336777, 5.60158729553, 5.38063001633, 5.66380929947, 5.36651706696, 5.07756137848, 4.4623875618, 4.30804872513, 5.1307759285, 5.99547243118, 5.26004171371, 5.65251350403, 5.25788164139, 4.40250635147, 4.31617498398, 3.71683144569, 2.35884475708, 1.52590572834, 0.700545907021, 0.248831853271, 0.0589201450348, 0.0117463609204, 0.0003198380291, 7.79739348218e-05],
        "min": [6.47014626785e-23, 5.70590085209e-22, 2.39301392312e-21, 5.33548539541e-21, 1.30107206237e-20, 1.81146188736e-20, 3.49545976597e-20, 7.38072322572e-20, 1.14292088074e-19, 1.55206728842e-19, 1.9095775926e-19, 4.15013548069e-19, 5.01186044809e-19, 5.66317108868e-19, 9.88766209312e-19, 8.74012787101e-19, 1.14839025065e-18, 2.09005297017e-18, 2.67063222376e-18, 2.53805481711e-18, 3.27943467306e-18, 2.97192552405e-18, 6.05074387635e-18, 5.77059972317e-18, 6.8594762933e-18, 7.80165817205e-18, 8.35642835656e-18, 1.04107835202e-17, 1.21345220377e-17, 1.12833316806e-17, 1.04264759636e-17, 1.12235033613e-17, 1.04557275516e-17, 8.98398216316e-18, 6.01172576686e-18, 4.06671684915e-18, 2.38128072318e-18, 9.72997561898e-19, 2.4309897285e-19, 2.71054388219e-20],
        "var": [1.10456395149, 97.1208343506, 438.396270752, 489.233062744, 1222.02612305, 1011.28234863, 302.676422119, 164.608261108, 482.229858398, 372.229492188, 370.09286499, 1416.21337891, 3655.43725586, 11964.3164062, 9122.90332031, 979.373046875, 380.127105713, 645.176757812, 650.401123047, 382.33581543, 392.570678711, 213.483810425, 95.6530456543, 88.1076202393, 123.713249207, 197.048171997, 221.696884155, 224.629638672, 195.044509888, 201.881835938, 197.296081543, 135.279510498, 49.1429862976, 31.3770256042, 5.8290438652, 0.825216472149, 0.133957460523, 0.00582040566951, 3.26381405102e-06, 6.02084959667e-09]
    },
    "gfcc": {
        "mean": [-27.552822113, 83.9419403076, -78.540725708, 31.7920742035, -54.3952560425, 28.5359802246, -30.9926662445, 10.3347682953, -23.4974956512, 2.13769984245, -15.0718488693, 5.47292995453, -4.94154405594],
        "cov": [[34517.5195312, -4662.44775391, -1469.50683594, 3552.38061523, -1515.4654541, 1341.15063477, -1050.51501465, 1245.17407227, -382.635162354, 1417.96691895, -576.517150879, 316.529510498, -899.462524414], [-4662.44775391, 3125.96655273, 46.1530532837, -1077.41369629, 420.22253418, -395.65246582, 329.645599365, -419.682159424, 122.125053406, -587.388244629, 189.593338013, -183.834793091, 315.597412109], [-1469.50683594, 46.1530532837, 923.088256836, 32.1887664795, 105.833282471, 5.64902019501, 120.557014465, -7.39925193787, 28.4289455414, -4.10193252563, 19.0023574829, -0.356471061707, 19.5161418915], [3552.38061523, -1077.41369629, 32.1887664795, 1244.1583252, 118.620727539, 320.500274658, -45.8270072937, 290.256317139, 178.275543213, 366.573181152, -37.7294692993, -71.1703720093, -223.231384277], [-1515.4654541, 420.22253418, 105.833282471, 118.620727539, 568.994873047, 74.826789856, 209.41027832, -11.9017000198, 155.614578247, -3.61979532242, 70.8035507202, -75.5631713867, -1.59463489056], [1341.15063477, -395.65246582, 5.64902019501, 320.500274658, 74.826789856, 310.11831665, 100.400375366, 150.493270874, 20.5742702484, 99.0613021851, -12.5756835938, 31.988527298, -35.702709198], [-1050.51501465, 329.645599365, 120.557014465, -45.8270072937, 209.41027832, 100.400375366, 324.525085449, 60.7269821167, 95.6379089355, -59.7501106262, 37.4199142456, -16.4741001129, 63.0086555481], [1245.17407227, -419.682159424, -7.39925193787, 290.256317139, -11.9017000198, 150.493270874, 60.7269821167, 235.793655396, 95.9656448364, 144.079483032, -14.3159561157, 24.9104385376, -54.4004211426], [-382.635162354, 122.125053406, 28.4289455414, 178.275543213, 155.614578247, 20.5742702484, 95.6379089355, 95.9656448364, 204.783218384, 82.8263320923, 56.8692054749, -57.2645301819, -21.16614151], [1417.96691895, -587.388244629, -4.10193252563, 366.573181152, -3.61979532242, 99.0613021851, -59.7501106262, 144.079483032, 82.8263320923, 256.039367676, 12.7721214294, 33.2120094299, -99.5996170044], [-576.517150879, 189.593338013, 19.0023574829, -37.7294692993, 70.8035507202, -12.5756835938, 37.4199142456, -14.3159561157, 56.8692054749, 12.7721214294, 115.978591919, 35.9899177551, 42.0352630615], [316.529510498, -183.834793091, -0.356471061707, -71.1703720093, -75.5631713867, 31.988527298, -16.4741001129, 24.9104385376, -57.2645301819, 33.2120094299, 35.9899177551, 134.784454346, 41.308467865], [-899.462524414, 315.597412109, 19.5161418915, -223.231384277, -1.59463489056, -35.702709198, 63.0086555481, -54.4004211426, -21.16614151, -99.5996170044, 42.0352630615, 41.308467865, 127.885238647]],
        "icov": [[0.00010843090422, -0.000231858270126, 0.00011962204735, -0.000314184930176, 0.000242536814767, -0.000191941289813, 0.000108672167698, -0.000348220259184, 0.000601630250458, -0.00046409771312, 0.000299385981634, -0.000260780419922, 0.000239856657572], [-0.000231858270126, 0.00173504836857, -0.000186358331121, 0.00114187505096, -0.000835034123156, 0.000605281267781, -0.000392375077354, 0.00137456785887, -0.00259264535271, 0.002791025443, -0.00185299408622, 0.00165285496041, -0.00113448267803], [0.00011962204735, -0.000186358331121, 0.00131816742942, -0.000510828918777, 0.000195305532543, 0.000155716174049, -0.000610213261098, -2.75273978332e-05, 0.000789728132077, -0.000668204331305, 0.000370312976884, -0.000451457133749, 0.000177649242687], [-0.000314184930176, 0.00114187505096, -0.000510828918777, 0.0034366324544, -0.00106068898458, -0.00119673484005, 0.000638670811895, 0.000458743714262, -0.00259980326518, 0.000209986421396, -0.00149724446237, 0.00309342588298, -0.000191591010662], [0.000242536814767, -0.000835034123156, 0.000195305532543, -0.00106068898458, 0.00412974925712, -0.00164232228417, -0.00158675957937, 0.00202436512336, -0.000980590004474, -0.0012984755449, 0.000415312038967, -0.000991942244582, 0.00213150144555], [-0.000191941289813, 0.000605281267781, 0.000155716174049, -0.00119673484005, -0.00164232228417, 0.00848411954939, -0.00309307966381, -0.00332839018665, 0.00397100346163, 0.000263553840341, -0.00147503870539, 0.000351846858393, -0.00126656342763], [0.000108672167698, -0.000392375077354, -0.000610213261098, 0.000638670811895, -0.00158675957937, -0.00309307966381, 0.00812766328454, -0.00328344106674, -0.00211897841655, 0.00234419689514, 0.000633064424619, -2.26224565267e-05, -0.00206968281418], [-0.000348220259184, 0.00137456785887, -2.75273978332e-05, 0.000458743714262, 0.00202436512336, -0.00332839018665, -0.00328344106674, 0.0173942577094, -0.0131491255015, 0.000665666069835, 0.00556718278676, -0.00651231594384, 0.00169243500568], [0.000601630250458, -0.00259264535271, 0.000789728132077, -0.00259980326518, -0.000980590004474, 0.00397100346163, -0.00211897841655, -0.0131491255015, 0.02686435543, -0.0109454970807, -0.00825529545546, 0.011454812251, -0.00254686083645], [-0.00046409771312, 0.002791025443, -0.000668204331305, 0.000209986421396, -0.0012984755449, 0.000263553840341, 0.00234419689514, 0.000665666069835, -0.0109454970807, 0.019395345822, -0.00362028181553, -0.00588867161423, 0.00588817661628], [0.000299385981634, -0.00185299408622, 0.000370312976884, -0.00149724446237, 0.000415312038967, -0.00147503870539, 0.000633064424619, 0.00556718278676, -0.00825529545546, -0.00362028181553, 0.0215016193688, -0.0122424019501, -0.00164074683562], [-0.000260780419922, 0.00165285496041, -0.000451457133749, 0.00309342588298, -0.000991942244582, 0.000351846858393, -2.26224565267e-05, -0.00651231594384, 0.011454812251, -0.00588867161423, -0.0122424019501, 0.0250974334776, -0.00989078171551], [0.000239856657572, -0.00113448267803, 0.000177649242687, -0.000191591010662, 0.00213150144555, -0.00126656342763, -0.00206968281418, 0.00169243500568, -0.00254686083645, 0.00588817661628, -0.00164074683562, -0.00989078171551, 0.0212557539344]]
    },
    "melbands": {
        "dmean": [0.0042341593653, 0.00415593013167, 0.00167183112353, 0.00120412372053, 0.000405727943871, 0.000160610710736, 0.000163973978488, 9.66802617768e-05, 8.00271736807e-05, 7.31444888515e-05, 7.46976002119e-05, 0.000102604040876, 0.00010433672287, 3.48152352672e-05, 2.78443876596e-05, 2.14648589463e-05, 2.46969448199e-05, 2.47821080848e-05, 1.32553122967e-05, 1.62444648595e-05, 1.13235446406e-05, 9.11625011213e-06, 5.29987937625e-06, 5.47904392079e-06, 4.33005743616e-06, 4.35341144112e-06, 5.22751906828e-06, 4.54981955045e-06, 4.84100110043e-06, 4.78804167869e-06, 4.27442364526e-06, 4.07786592405e-06, 3.27674251821e-06, 3.99696409659e-06, 3.61071715815e-06, 3.68690234609e-06, 2.85316423287e-06, 2.24908012569e-06, 1.93495861822e-06, 1.91718891074e-06],
        "dmean2": [0.00590325146914, 0.00533168762922, 0.00241901585832, 0.0021861330606, 0.000721583375707, 0.000260428671027, 0.000264169037109, 0.000160488998517, 0.000131091132062, 0.000123178528156, 0.000122580589959, 0.000167886348208, 0.000165863326401, 5.84165463806e-05, 4.83577823616e-05, 3.52198840119e-05, 4.20542673965e-05, 4.27320374001e-05, 2.17622073251e-05, 2.68904659606e-05, 1.89373677131e-05, 1.46389902511e-05, 8.40888969833e-06, 8.63288005348e-06, 6.76576837577e-06, 6.81129859004e-06, 8.26712403068e-06, 7.06710943632e-06, 7.56005101721e-06, 7.41325311537e-06, 6.4755981839e-06, 6.23124469712e-06, 4.79447453472e-06, 6.05581726631e-06, 5.35750996278e-06, 5.28140708411e-06, 4.18999297835e-06, 3.31609476234e-06, 2.96829421131e-06, 2.9463494684e-06],
        "dvar": [3.4873803088e-05, 4.73424115626e-05, 1.07383866634e-05, 1.06857351057e-05, 6.56249596886e-07, 5.84658081948e-08, 7.60138050282e-08, 2.66512980573e-08, 2.34950228162e-08, 2.64814286055e-08, 3.52408520143e-08, 6.68049366936e-08, 6.18754185666e-08, 1.15767173625e-08, 3.32756755483e-09, 1.78741765833e-09, 3.22160786936e-09, 2.95572788467e-09, 4.83534601248e-10, 1.10717968127e-09, 5.44553735438e-10, 2.45085923778e-10, 6.63751345553e-11, 6.92180340822e-11, 4.47495270006e-11, 4.25764354328e-11, 6.92000415303e-11, 5.71001752825e-11, 5.40174120711e-11, 5.19496043405e-11, 3.95944145526e-11, 4.06853196966e-11, 2.41229987374e-11, 4.0357529818e-11, 4.01326714916e-11, 3.83015771876e-11, 2.2227712726e-11, 1.44156448931e-11, 1.02157154264e-11, 1.05674601014e-11],
        "dvar2": [6.95107373758e-05, 8.44061287353e-05, 2.13591847569e-05, 3.02600074065e-05, 1.93434948415e-06, 1.47964925645e-07, 1.91432917518e-07, 6.70529942681e-08, 5.65960363019e-08, 6.42515587401e-08, 7.22774018413e-08, 1.27251553295e-07, 1.13316410477e-07, 2.32209043105e-08, 9.46978762073e-09, 4.59576998679e-09, 8.7650384728e-09, 8.16677658833e-09, 1.2162330032e-09, 2.76364597873e-09, 1.4690785255e-09, 5.99894578457e-10, 1.63779184659e-10, 1.71171021801e-10, 1.08219884443e-10, 1.03680376784e-10, 1.66002170343e-10, 1.32556882138e-10, 1.27517163495e-10, 1.18671919513e-10, 8.86875087258e-11, 9.15517661682e-11, 5.06873536199e-11, 9.15282225011e-11, 8.56443319042e-11, 7.56326667961e-11, 4.53781283383e-11, 2.79925076174e-11, 2.31937403311e-11, 2.48393805524e-11],
        "max": [0.0577073954046, 0.0688396021724, 0.0266889277846, 0.0235884897411, 0.0079811969772, 0.00377428042702, 0.00469762599096, 0.00282132602297, 0.00245511671528, 0.00341417174786, 0.0029699599836, 0.00363440462388, 0.00333842635155, 0.00256964378059, 0.000629435176961, 0.000615272845607, 0.00060261413455, 0.000593087635934, 0.00029256156995, 0.000465869670734, 0.000266034825472, 0.000272039382253, 0.000166306388564, 0.000137242415803, 0.000188843492651, 8.98689104361e-05, 0.000108175539935, 8.37423067424e-05, 0.000122905112221, 7.77762834332e-05, 7.53395870561e-05, 7.59496033425e-05, 5.36674488103e-05, 8.00276757218e-05, 6.3328021497e-05, 8.61976441229e-05, 6.67314307066e-05, 4.21196200477e-05, 4.6442844905e-05, 3.41829909303e-05],
        "mean": [0.00758132711053, 0.0067167324014, 0.0019736639224, 0.000989846303128, 0.000452834239695, 0.000243839691393, 0.000216813845327, 0.000115800081403, 9.95230293483e-05, 9.71379631665e-05, 0.000138906587381, 0.000206056924071, 0.000206362368772, 4.54723412986e-05, 2.87927778118e-05, 2.60330234596e-05, 2.48037104029e-05, 2.42984351644e-05, 1.53789897013e-05, 1.8432187062e-05, 1.30385324155e-05, 1.17250956464e-05, 6.80729908709e-06, 7.16141676094e-06, 5.81629046792e-06, 5.76094134885e-06, 7.73102783569e-06, 6.70276449455e-06, 6.83984990246e-06, 6.90017486704e-06, 6.27970757705e-06, 6.41615042696e-06, 5.07138020112e-06, 6.18028388999e-06, 5.33833053851e-06, 6.0078577917e-06, 4.49496565125e-06, 3.54407211489e-06, 3.24409052155e-06, 3.30541683979e-06],
        "median": [0.00281306961551, 0.00224967068061, 0.000628859503195, 0.000279155006865, 0.000234063030803, 0.000152233071276, 0.000108623993583, 5.05449534103e-05, 3.54502953996e-05, 2.94502387987e-05, 3.20083345287e-05, 3.5097807995e-05, 3.22011255776e-05, 1.12186462502e-05, 1.18335465231e-05, 1.07841451609e-05, 9.94051788439e-06, 8.47075261845e-06, 7.01235603628e-06, 7.21877313481e-06, 5.59610180062e-06, 5.37333653483e-06, 3.58616739504e-06, 3.94834205508e-06, 3.20229605677e-06, 3.03767660625e-06, 4.18289255322e-06, 3.6269566408e-06, 3.04391505779e-06, 3.1131603464e-06, 3.04681680063e-06, 2.90171124107e-06, 2.57012175098e-06, 2.32510410569e-06, 2.32707384384e-06, 2.51595201917e-06, 2.13859311771e-06, 1.69011684648e-06, 1.39081248562e-06, 1.20028528272e-06],
        "min": [9.27578249707e-25, 1.28980878067e-24, 1.37420269804e-24, 7.64046644498e-25, 2.15546026603e-24, 1.88072012869e-24, 1.69306826314e-24, 1.97800284996e-24, 1.55240312247e-24, 2.50685618689e-24, 2.02190374819e-24, 1.7232076801e-24, 2.76183161146e-24, 1.85083610545e-24, 3.05759272255e-24, 2.72518705026e-24, 2.44349409012e-24, 2.19243062678e-24, 3.92098382559e-24, 2.18221606135e-24, 3.26712167316e-24, 1.94320698429e-24, 2.7527628665e-24, 4.79684701676e-24, 2.68493128105e-24, 4.27608088461e-24, 5.32785098574e-24, 4.61751329502e-24, 4.36942837325e-24, 3.84981003371e-24, 5.60486225362e-24, 6.21504261394e-24, 5.55476169753e-24, 5.52001198023e-24, 5.33416384513e-24, 5.24765380839e-24, 6.4640015936e-24, 6.74253772961e-24, 6.6014783557e-24, 6.13878934669e-24],
        "var": [0.000106435909402, 0.000118256182759, 1.43876277434e-05, 6.55927715343e-06, 4.73840572113e-07, 8.97126568589e-08, 9.97315865447e-08, 3.4503489843e-08, 3.87246785749e-08, 5.13478468633e-08, 1.15159309644e-07, 1.8066984353e-07, 2.11112023862e-07, 2.66792650194e-08, 2.71891598125e-09, 1.9674504248e-09, 2.50221288134e-09, 2.31996288846e-09, 5.36681477037e-10, 1.29274246863e-09, 4.97583141357e-10, 3.35806632501e-10, 8.25551293993e-11, 8.99286062284e-11, 5.81036330161e-11, 5.66483006337e-11, 1.05481304247e-10, 8.64008933843e-11, 9.26731469342e-11, 8.83572590094e-11, 6.96585150672e-11, 7.70337543754e-11, 4.49792494917e-11, 8.57472981508e-11, 6.33378974269e-11, 8.001951185e-11, 4.05828912142e-11, 2.54997637589e-11, 2.00917199544e-11, 2.31307768078e-11]
    },
    "mfcc": {
        "mean": [-668.658813477, 109.443885803, 34.6963653564, 17.029466629, 9.15279006958, 14.0827875137, 7.6794052124, 8.60186386108, 4.29175901413, 1.15657794476, -5.0457777977, -1.49049091339, 0.937024116516],
        "cov": [[19908.5429688, -3067.85180664, -530.502868652, 1000.96795654, 365.150299072, 408.238037109, -121.184280396, -127.241447449, 233.440505981, 661.756408691, 670.243286133, 694.840087891, 337.486999512], [-3067.85180664, 2439.61669922, 22.4849815369, -202.526412964, -9.55449104309, -40.1373939514, 55.7201843262, 102.695144653, -42.5343933105, -161.857772827, -181.890457153, -192.855941772, -100.282577515], [-530.502868652, 22.4849815369, 703.773742676, 98.7893218994, -66.1074676514, -5.24165153503, 31.5235614777, 37.8657722473, 16.2042598724, -29.9698448181, -32.3523178101, -46.6717987061, 0.0316159278154], [1000.96795654, -202.526412964, 98.7893218994, 385.657501221, 199.713088989, 131.707122803, 29.7775287628, 19.0076026917, 71.5690155029, 136.728057861, 160.716156006, 117.235084534, 40.6794281006], [365.150299072, -9.55449104309, -66.1074676514, 199.713088989, 325.801635742, 179.289428711, 62.7153625488, 25.6747322083, 53.7489547729, 116.880722046, 128.705810547, 115.755752563, 35.8386383057], [408.238037109, -40.1373939514, -5.24165153503, 131.707122803, 179.289428711, 226.105422974, 122.63911438, 61.2339172363, 73.5492095947, 72.0484466553, 81.1075057983, 71.8740234375, 51.0443992615], [-121.184280396, 55.7201843262, 31.5235614777, 29.7775287628, 62.7153625488, 122.63911438, 160.125488281, 110.865058899, 76.5648269653, 22.5106143951, 8.83471298218, 11.4306869507, 37.6047286987], [-127.241447449, 102.695144653, 37.8657722473, 19.0076026917, 25.6747322083, 61.2339172363, 110.865058899, 153.940307617, 93.1179351807, 39.97215271, 15.0562934875, 6.25933361053, 24.4249763489], [233.440505981, -42.5343933105, 16.2042598724, 71.5690155029, 53.7489547729, 73.5492095947, 76.5648269653, 93.1179351807, 143.109298706, 104.119903564, 79.4718170166, 42.3824119568, 23.7688159943], [661.756408691, -161.857772827, -29.9698448181, 136.728057861, 116.880722046, 72.0484466553, 22.5106143951, 39.97215271, 104.119903564, 186.049636841, 157.807571411, 109.177322388, 30.1757621765], [670.243286133, -181.890457153, -32.3523178101, 160.716156006, 128.705810547, 81.1075057983, 8.83471298218, 15.0562934875, 79.4718170166, 157.807571411, 200.448394775, 135.134384155, 44.5055732727], [694.840087891, -192.855941772, -46.6717987061, 117.235084534, 115.755752563, 71.8740234375, 11.4306869507, 6.25933361053, 42.3824119568, 109.177322388, 135.134384155, 147.55039978, 73.1529922485], [337.486999512, -100.282577515, 0.0316159278154, 40.6794281006, 35.8386383057, 51.0443992615, 37.6047286987, 24.4249763489, 23.7688159943, 30.1757621765, 44.5055732727, 73.1529922485, 101.081443787]],
