{
"lowlevel": {
    "average_loudness": 0.952272772789,
    "barkbands_crest": {
        "dmean": 3.17119407654,
        "dmean2": 4.51355600357,
        "dvar": 8.33533477783,
        "dvar2": 16.2805633545,
        "max": 26.6534767151,
        "mean": 11.8695850372,
        "median": 10.5564222336,
        "min": 2.108035326,
        "var": 37.0723495483
    },
    "barkbands_flatness_db": {
        "dmean": 0.0307091251016,
        "dmean2": 0.0428018793464,
        "dvar": 0.000943011313211,
        "dvar2": 0.00169144885149,
        "max": 0.505463957787,
        "mean": 0.117505863309,
        "median": 0.0935541242361,
        "min": 0.0221778396517,
        "var": 0.00518540851772
    },
    "barkbands_kurtosis": {
        "dmean": 9.00771713257,
        "dmean2": 13.0958194733,
        "dvar": 1443.29675293,
        "dvar2": 2855.59545898,
        "max": 1468.03820801,
        "mean": 9.66080284119,
        "median": 0.376270294189,
        "min": -1.95829463005,
        "var": 2120.44897461
    },
    "barkbands_skewness": {
        "dmean": 0.939407229424,
        "dmean2": 1.29161059856,
        "dvar": 1.72096180916,
        "dvar2": 3.2562930584,
        "max": 35.1696205139,
        "mean": 1.78870272636,
        "median": 1.17462170124,
        "min": -4.48632240295,
        "var": 5.86054134369
    },
    "barkbands_spread": {
        "dmean": 10.6283473969,
        "dmean2": 15.5165557861,
        "dvar": 104.819610596,
        "dvar2": 220.565216064,
        "max": 120.034896851,
        "mean": 38.7476501465,
        "median": 38.0547485352,
        "min": 0.128329247236,
        "var": 497.889648438
    },
    "dissonance": {
        "dmean": 0.0143839698285,
        "dmean2": 0.0241132322699,
        "dvar": 0.000225074079935,
        "dvar2": 0.00059557671193,
        "max": 0.500000059605,
        "mean": 0.474378228188,
        "median": 0.480226129293,
        "min": 0.287338584661,
        "var": 0.000451938365586
    },
    "dynamic_complexity": 2.59546995163,
    "erbbands_crest": {
        "dmean": 2.16945838928,
        "dmean2": 3.55450439453,
        "dvar": 4.98576402664,
        "dvar2": 12.3688602448,
        "max": 26.8490943909,
        "mean": 6.778008461,
        "median": 5.75122976303,
        "min": 2.25832986832,
        "var": 12.3033914566
    },
    "erbbands_flatness_db": {
        "dmean": 0.0137882167473,
        "dmean2": 0.0213281922042,
        "dvar": 0.00019134026661,
        "dvar2": 0.000408110849094,
        "max": 0.297252357006,
        "mean": 0.120767399669,
        "median": 0.112683854997,
        "min": 0.0234700366855,
        "var": 0.00137868383899
    },
    "erbbands_kurtosis": {
        "dmean": 0.849365115166,
        "dmean2": 1.38134765625,
        "dvar": 2.94973468781,
        "dvar2": 6.71376562119,
        "max": 59.3274307251,
        "mean": 0.042568217963,
        "median": -0.422171592712,
        "min": -1.84391105175,
        "var": 4.2104973793
    },
    "erbbands_skewness": {
        "dmean": 0.362934648991,
        "dmean2": 0.545249283314,
        "dvar": 0.139237433672,
        "dvar2": 0.286618769169,
        "max": 5.9807972908,
        "mean": -0.0623988732696,
        "median": -0.110320791602,
        "min": -7.07451105118,
        "var": 0.576072454453
    },
    "erbbands_spread": {
        "dmean": 11.6768894196,
        "dmean2": 18.3824005127,
        "dvar": 121.544708252,
        "dvar2": 292.666900635,
        "max": 172.606460571,
        "mean": 53.0106735229,
        "median": 50.9744911194,
        "min": 6.57733631134,
        "var": 423.444335938
    },
    "hfc": {
        "dmean": 16.57239151,
        "dmean2": 23.4475517273,
        "dvar": 582.703186035,
        "dvar2": 1105.22460938,
        "max": 454.645111084,
        "mean": 40.150718689,
        "median": 27.7056674957,
        "min": 1.07257088811e-16,
        "var": 1493.94897461
    },
    "melbands_crest": {
        "dmean": 3.77561831474,
        "dmean2": 5.61559200287,
        "dvar": 11.7251119614,
        "dvar2": 28.0300235748,
        "max": 34.7133712769,
        "mean": 17.1352043152,
        "median": 16.6011772156,
        "min": 1.00136256218,
        "var": 48.3930397034
    },
    "melbands_flatness_db": {
        "dmean": 0.0396079905331,
        "dmean2": 0.0546546317637,
        "dvar": 0.00131483841687,
        "dvar2": 0.00264925719239,
        "max": 0.624974966049,
        "mean": 0.172091692686,
        "median": 0.15034930408,
        "min": -3.62402658993e-07,
        "var": 0.0087664257735
    },
    "melbands_kurtosis": {
        "dmean": 20.8671131134,
        "dmean2": 29.9595375061,
        "dvar": 2262.96533203,
        "dvar2": 4352.54589844,
        "max": 1286.62390137,
        "mean": 30.0786380768,
        "median": 9.78024673462,
        "min": -1.82554352283,
        "var": 4501.36083984
    },
    "melbands_skewness": {
        "dmean": 1.3360606432,
        "dmean2": 1.8819950819,
        "dvar": 2.26672768593,
        "dvar2": 4.55935192108,
        "max": 26.1280670166,
        "mean": 3.70343375206,
        "median": 2.9176363945,
        "min": -1.39729881287,
        "var": 8.48866844177
    },
    "melbands_spread": {
        "dmean": 13.195892334,
        "dmean2": 19.4073162079,
        "dvar": 264.280792236,
        "dvar2": 587.903442383,
        "max": 276.262969971,
        "mean": 37.2551002502,
        "median": 31.1659679413,
        "min": 0.259798973799,
        "var": 980.645019531
    },
    "pitch_salience": {
        "dmean": 0.0956849828362,
        "dmean2": 0.136479765177,
        "dvar": 0.00763910217211,
        "dvar2": 0.0177102982998,
        "max": 0.99609208107,
        "mean": 0.479336380959,
        "median": 0.504667341709,
        "min": 0.0395938567817,
        "var": 0.029542889446
    },
    "silence_rate_20dB": {
        "dmean": 0,
        "dmean2": 0,
        "dvar": 0,
        "dvar2": 0,
        "max": 1,
        "mean": 1,
        "median": 1,
        "min": 1,
        "var": 0
    },
    "silence_rate_30dB": {
        "dmean": 0.0835785791278,
        "dmean2": 0.167173549533,
        "dvar": 0.0765838995576,
        "dvar2": 0.144529953599,
        "max": 1,
        "mean": 0.914369761944,
        "median": 1,
        "min": 0,
        "var": 0.0782924219966
    },
    "silence_rate_60dB": {
        "dmean": 0.00451245810837,
        "dmean2": 0.0090258019045,
        "dvar": 0.00449228519574,
        "dvar2": 0.0111024938524,
        "max": 1,
        "mean": 0.0405100546777,
        "median": 0,
        "min": 0,
        "var": 0.0388704873621
    },
    "spectral_centroid": {
        "dmean": 394.829345703,
        "dmean2": 591.436096191,
        "dvar": 150172.03125,
        "dvar2": 308658.78125,
        "max": 11769.3359375,
        "mean": 2117.48339844,
        "median": 2119.82202148,
        "min": 106.293167114,
        "var": 1258329.625
    },
    "spectral_complexity": {
        "dmean": 6.60721969604,
        "dmean2": 9.45511627197,
        "dvar": 42.4986381531,
        "dvar2": 83.7392120361,
        "max": 57,
        "mean": 22.1439914703,
        "median": 21,
        "min": 0,
        "var": 141.171173096
    },
    "spectral_decrease": {
        "dmean": 5.32766186723e-09,
        "dmean2": 7.99718868905e-09,
        "dvar": 5.50768681748e-17,
        "dvar2": 1.49339518663e-16,
        "max": 2.06538056128e-27,
        "mean": -1.00462589359e-08,
        "median": -6.80035494582e-09,
        "min": -5.24701242455e-08,
        "var": 1.04100647003e-16
    },
    "spectral_energy": {
        "dmean": 0.0210737548769,
        "dmean2": 0.0316170156002,
        "dvar": 0.000792692415416,
        "dvar2": 0.00216488796286,
        "max": 0.199516281486,
        "mean": 0.0415585488081,
        "median": 0.0297568440437,
        "min": 9.98556925838e-21,
        "var": 0.00151656707749
    },
    "spectral_energyband_high": {
        "dmean": 0.00167948764283,
        "dmean2": 0.00234764884226,
        "dvar": 7.64138894738e-06,
        "dvar2": 1.42999188029e-05,
        "max": 0.0586610734463,
        "mean": 0.00353520805947,
        "median": 0.00193946505897,
        "min": 6.82441696035e-21,
        "var": 1.97800018213e-05
    },
    "spectral_energyband_low": {
        "dmean": 0.0163359884173,
        "dmean2": 0.0228875614703,
        "dvar": 0.000747274840251,
        "dvar2": 0.00166566646658,
        "max": 0.197181209922,
        "mean": 0.0253289341927,
        "median": 0.0127625903115,
        "min": 4.27368432518e-24,
        "var": 0.00139095704071
    },
    "spectral_energyband_middle_high": {
        "dmean": 0.00225008628331,
        "dmean2": 0.00339670409448,
        "dvar": 9.40484824241e-06,
        "dvar2": 2.13756939047e-05,
        "max": 0.0418654419482,
        "mean": 0.00557074183598,
        "median": 0.00382161722519,
        "min": 1.25145479655e-21,
        "var": 2.75800011877e-05
    },
    "spectral_energyband_middle_low": {
        "dmean": 0.00725002773106,
        "dmean2": 0.0120215332136,
        "dvar": 0.000230892532272,
        "dvar2": 0.000588168913964,
        "max": 0.106048859656,
        "mean": 0.00858763232827,
        "median": 0.00432578474283,
        "min": 1.61607269356e-22,
        "var": 0.000189974962268
    },
    "spectral_entropy": {
        "dmean": 0.151538565755,
        "dmean2": 0.232006937265,
        "dvar": 0.0266697499901,
        "dvar2": 0.0588786154985,
        "max": 9.82579994202,
        "mean": 8.09121608734,
        "median": 8.1700668335,
        "min": 5.91851234436,
        "var": 0.178389117122
    },
    "spectral_flux": {
        "dmean": 0.0341089814901,
        "dmean2": 0.0499125309289,
        "dvar": 0.00140914216172,
        "dvar2": 0.00257842126302,
        "max": 0.341031163931,
        "mean": 0.115842752159,
        "median": 0.0944871678948,
        "min": 6.399256125e-11,
        "var": 0.00515805743635
    },
    "spectral_kurtosis": {
        "dmean": 0.605339825153,
        "dmean2": 0.989630699158,
        "dvar": 0.468320310116,
        "dvar2": 1.19199049473,
        "max": 15.3635635376,
        "mean": 1.5940130949,
        "median": 1.38584947586,
        "min": -1.46732211113,
        "var": 1.78438091278
    },
    "spectral_rms": {
        "dmean": 0.00141784152947,
        "dmean2": 0.00203112489544,
        "dvar": 2.21491950469e-06,
        "dvar2": 5.87936574448e-06,
        "max": 0.0139517029747,
        "mean": 0.00576302828267,
        "median": 0.00538804847747,
        "min": 3.12122072979e-12,
        "var": 7.33246224627e-06
    },
    "spectral_rolloff": {
        "dmean": 1111.87841797,
        "dmean2": 1704.45349121,
        "dvar": 1895733.25,
        "dvar2": 3807842.5,
        "max": 19616.7480469,
        "mean": 2932.62963867,
        "median": 1937.98828125,
        "min": 64.599609375,
        "var": 8675688
    },
    "spectral_skewness": {
        "dmean": 0.137877374887,
        "dmean2": 0.213630214334,
        "dvar": 0.0206845551729,
        "dvar2": 0.04277311638,
        "max": 3.27012968063,
        "mean": 1.06960856915,
        "median": 1.04000461102,
        "min": -0.819410562515,
        "var": 0.108328558505
    },
    "spectral_spread": {
        "dmean": 613842.0625,
        "dmean2": 972792.25,
        "dvar": 610267889664,
        "dvar2": 1.26331296154e+12,
        "max": 42677496,
        "mean": 6695072,
        "median": 6309093.5,
        "min": 2853321.5,
        "var": 1.07470714307e+13
    },
    "spectral_strongpeak": {
        "dmean": 0.533852159977,
        "dmean2": 0.927971303463,
        "dvar": 1.61889255047,
        "dvar2": 4.41765975952,
        "max": 27.8360500336,
        "mean": 0.706357359886,
        "median": 0.34059587121,
        "min": 0,
        "var": 1.49111664295
    },
    "zerocrossingrate": {
        "dmean": 0.0185901317745,
        "dmean2": 0.0191797818989,
        "dvar": 0.000290877796942,
        "dvar2": 0.000331570248818,
        "max": 0.53076171875,
        "mean": 0.10379935056,
        "median": 0.09716796875,
        "min": 0.00244140625,
        "var": 0.00477792555466
    },
    "barkbands": {
        "dmean": [0.000375558825908, 0.0145985959098, 0.00286186276935, 0.00371368043125, 0.00322462012991, 0.000840199703816, 0.000509482983034, 0.000320138060488, 0.000646920118015, 0.000363140017726, 0.000333834410412, 0.00063760887133, 0.000360577192623, 0.000427251710789, 0.000410169712268, 0.000316617632052, 0.000230305377045, 0.000210215395782, 0.000248240830842, 0.000258969434071, 0.000298084400129, 0.00029702327447, 0.000431807071436, 0.000527139811311, 0.000236492705881, 5.31768491783e-05, 2.80488075077e-06],
        "dmean2": [0.00053715595277, 0.0192670095712, 0.00446688616648, 0.00680021056905, 0.00591083196923, 0.00132036511786, 0.00082231592387, 0.000501990842167, 0.00101507722866, 0.000587515824009, 0.000534449296538, 0.00101512146648, 0.000585818488616, 0.000704456178937, 0.000663537241053, 0.000524217146449, 0.000375839881599, 0.000350397545844, 0.000400585733587, 0.00039718663902, 0.000450657767942, 0.000446868652944, 0.000652433547657, 0.000775925815105, 0.000333395844791, 7.5860582001e-05, 4.29485680797e-06],
        "dvar": [3.33077906589e-07, 0.000792072736658, 3.14986791636e-05, 0.000113404545118, 7.96941458248e-05, 3.82491043638e-06, 9.69833649833e-07, 4.60057833607e-07, 1.51831284256e-06, 7.60935279231e-07, 5.60285343454e-07, 1.87227556125e-06, 4.45151442818e-07, 7.24112112493e-07, 5.02034367855e-07, 3.62565486967e-07, 1.84356963473e-07, 1.48634569541e-07, 1.52628942374e-07, 1.38327706622e-07, 2.29822617825e-07, 2.55223767454e-07, 7.12751898391e-07, 1.43912370731e-06, 2.52823667779e-07, 9.66591695573e-09, 3.78529013689e-11],
        "dvar2": [9.96402150122e-07, 0.00150735094212, 7.10743042873e-05, 0.000319836748531, 0.000226061441936, 9.24850064621e-06, 2.46074137067e-06, 1.02133344626e-06, 3.5693387872e-06, 1.88394778888e-06, 1.28837166358e-06, 4.44692932433e-06, 1.10829284949e-06, 1.89654997484e-06, 1.19760682082e-06, 9.24445259898e-07, 4.84928307287e-07, 3.85845822848e-07, 3.93572264556e-07, 3.11529447572e-07, 5.06719970872e-07, 5.28950977241e-07, 1.55431769144e-06, 2.90031312034e-06, 5.03632179516e-07, 2.06403747427e-08, 8.54386006388e-11],
        "max": [0.0104387067258, 0.187579005957, 0.0511735156178, 0.0778333470225, 0.0699902549386, 0.0286853015423, 0.0201727617532, 0.0202271267772, 0.0318656228483, 0.0264825802296, 0.016020629555, 0.0284274239093, 0.0105093214661, 0.015458281152, 0.0112881958485, 0.0144255748019, 0.00816620886326, 0.00672534806654, 0.00679628923535, 0.00678543234244, 0.00867863371968, 0.0103537682444, 0.03346645087, 0.0264513008296, 0.0108777126297, 0.00215561548248, 0.000137138180435],
        "mean": [0.000685665989295, 0.0198375601321, 0.00339974393137, 0.00257507595234, 0.00238585565239, 0.00117643771227, 0.000769055739511, 0.000477515161037, 0.00110361422412, 0.000529644836206, 0.000491676619276, 0.00105294235982, 0.000533486483619, 0.000617563608103, 0.000672132184263, 0.000428426516009, 0.000343312683981, 0.000311538722599, 0.000426612765295, 0.000440720818006, 0.000595649238676, 0.000561959925108, 0.000685802253429, 0.000898253347259, 0.000463818403659, 9.10689050215e-05, 3.49071433448e-06],
        "median": [0.000507991120685, 0.00804344378412, 0.00101331737824, 0.000365726591554, 0.000481281836983, 0.000494610925671, 0.000321236235322, 0.000171484673047, 0.000353134877514, 0.000232496211538, 0.000130090222228, 0.000295268866466, 0.000241513422225, 0.000269476266112, 0.0002719523618, 0.000214634666918, 0.000175887937075, 0.000174227068783, 0.000270266813459, 0.000288077164441, 0.00035860465141, 0.000297710910672, 0.000297057034913, 0.00033144041663, 0.000236360836425, 3.84654886147e-05, 9.37569438975e-07],
        "min": [4.66880374918e-25, 1.11174857626e-24, 8.20783690169e-25, 1.18898111572e-24, 6.93024639315e-24, 5.00033605385e-24, 8.45415290149e-24, 4.99975821323e-24, 1.97292645114e-23, 1.85790059152e-23, 8.4213915081e-24, 1.88366463091e-23, 2.26752702952e-23, 2.80112422095e-23, 3.81452018335e-23, 5.98492108049e-23, 5.01231269788e-23, 9.58767407818e-23, 1.00879728197e-22, 1.38492445764e-22, 2.73575497805e-22, 2.99801677159e-22, 3.91948860286e-22, 5.73865637636e-22, 8.15737055474e-22, 1.30681814035e-21, 1.9434099582e-21],
        "var": [5.79046513849e-07, 0.00125318544451, 3.74980554625e-05, 6.75876653986e-05, 4.70070481242e-05, 5.00629312228e-06, 1.67453094946e-06, 9.19210151551e-07, 3.68485211766e-06, 9.87378939499e-07, 1.1849032262e-06, 4.19257730755e-06, 7.52685934913e-07, 1.13802525448e-06, 1.24715108996e-06, 4.23346961043e-07, 2.93796801998e-07, 1.94210244331e-07, 2.53285776353e-07, 2.50152993431e-07, 5.08541972977e-07, 5.81272502131e-07, 1.26054101202e-06, 2.90052298624e-06, 5.51543735128e-07, 1.77331500595e-08, 5.35811187086e-11]
    },
    "erbbands": {
        "dmean": [0.375137507915, 3.54156470299, 3.70678138733, 9.41507434845, 12.8518209457, 8.82193660736, 4.67253494263, 8.01810073853, 8.99635124207, 5.38307476044, 7.58111095428, 13.0355157852, 13.0865764618, 11.8207263947, 19.2965888977, 18.9787197113, 15.9410390854, 16.9878292084, 22.1801757812, 18.0475444794, 17.0222549438, 12.9687480927, 11.7462444305, 10.9081192017, 12.1791572571, 12.7236967087, 13.0868606567, 10.8407707214, 10.02302742, 12.3959064484, 12.2115678787, 12.9827728271, 7.15550756454, 3.41547298431, 1.29091000557, 0.36247164011, 0.0750155970454, 0.0131277963519, 0.000304980494548, 3.56861928594e-05],
        "dmean2": [0.456821203232, 4.94969654083, 5.66870355606, 16.7182044983, 23.0472373962, 16.3214530945, 7.92028236389, 12.4703731537, 14.3179130554, 8.49609947205, 11.8632488251, 20.50415802, 20.7646865845, 18.8254413605, 30.4133071899, 29.8411407471, 25.6459083557, 27.9487094879, 35.9901924133, 29.1215438843, 28.1514892578, 21.1781311035, 19.4690265656, 17.3946914673, 19.0438537598, 19.4208869934, 19.9578514099, 16.3189296722, 15.2405281067, 18.5722064972, 18.5185813904, 19.6151828766, 10.4534473419, 4.89390850067, 1.83679032326, 0.52600055933, 0.105527147651, 0.0185649394989, 0.000430219341069, 5.16185245942e-05],
        "dvar": [0.388246715069, 54.9720230103, 46.091217041, 662.251647949, 1283.49108887, 588.820800781, 80.9329299927, 423.696350098, 371.687316895, 102.723693848, 229.342941284, 871.901916504, 867.907958984, 521.735656738, 1347.98156738, 1272.01843262, 1008.55670166, 919.530578613, 1463.06018066, 984.770324707, 1242.95629883, 648.376098633, 492.714782715, 330.995727539, 296.641387939, 360.907073975, 405.122924805, 353.555755615, 301.367797852, 482.435058594, 615.725646973, 824.831787109, 317.440185547, 68.1144332886, 5.43317270279, 0.443461358547, 0.0194541290402, 0.000713044370059, 3.68016799257e-07, 1.6703840533e-09],
        "dvar2": [0.591451227665, 111.803161621, 103.477203369, 1833.74829102, 3551.86035156, 1675.28479004, 221.107421875, 1020.50561523, 941.812805176, 224.646789551, 525.624816895, 2097.2578125, 2118.6640625, 1248.0760498, 3102.82202148, 2916.49023438, 2522.00048828, 2350.47827148, 3626.88549805, 2329.37475586, 3245.52880859, 1741.58996582, 1281.49755859, 850.986877441, 726.505737305, 831.643310547, 909.606079102, 782.711242676, 657.377380371, 993.800354004, 1351.88623047, 1765.20666504, 639.958251953, 141.28364563, 10.3074684143, 0.961188793182, 0.0392585918307, 0.0013948911801, 7.20224420547e-07, 3.96063004615e-09],
        "max": [4.32173013687, 47.9494895935, 49.442741394, 190.100372314, 262.99911499, 229.927520752, 175.021377563, 304.705932617, 434.841644287, 211.567352295, 365.403442383, 1006.06726074, 992.769042969, 473.6121521, 774.766174316, 644.47644043, 595.672424316, 739.995239258, 670.704040527, 806.432617188, 966.855102539, 519.915405273, 365.454498291, 294.588775635, 429.114837646, 365.137512207, 628.106567383, 425.427978516, 382.005859375, 719.663146973, 934.101196289, 697.274353027, 424.273925781, 197.369186401, 54.4291915894, 16.1975688934, 1.98859870434, 0.602028608322, 0.0129594104365, 0.000499619112816],
        "mean": [0.571909546852, 4.33815813065, 5.02094459534, 7.03434276581, 9.39064693451, 6.43561029434, 5.76376533508, 11.4810009003, 13.6656866074, 8.48690509796, 11.8747873306, 20.8515224457, 22.3834381104, 19.2273349762, 32.9792175293, 32.4252853394, 24.8622150421, 26.0662117004, 35.3506240845, 30.6965179443, 24.0453910828, 19.7221031189, 17.71251297, 19.0849895477, 22.0209140778, 21.6334056854, 24.9876251221, 21.1218280792, 19.4317150116, 20.5017127991, 19.8775863647, 20.7654895782, 12.6216888428, 6.45198535919, 2.5712480545, 0.653126060963, 0.127825960517, 0.0198265351355, 0.00049240043154, 7.59194881539e-05],
        "median": [0.248046725988, 1.56784069538, 1.9559892416, 1.34319186211, 1.38702321053, 1.28243160248, 2.75548553467, 4.47423648834, 5.70486354828, 4.08178043365, 4.99727058411, 7.35568761826, 9.18449211121, 9.04199981689, 11.7396564484, 12.1570196152, 11.9169397354, 13.059088707, 17.8041534424, 12.9781455994, 12.504825592, 10.6457118988, 9.85724830627, 11.9341392517, 14.1041374207, 14.3639583588, 15.8249588013, 12.5880222321, 10.5337171555, 9.61179828644, 8.4046497345, 7.27014017105, 5.08274650574, 3.20140266418, 1.34271299839, 0.298053562641, 0.051488686353, 0.00672911759466, 0.000191220868146, 5.72917160753e-05],
        "min": [4.58751204705e-23, 1.94776055765e-22, 1.13404361718e-21, 5.5504489571e-21, 1.64901443949e-20, 3.39419314883e-20, 3.53316886214e-20, 5.3605652854e-20, 8.21524441997e-20, 2.40029383145e-19, 2.15759141415e-19, 4.75261687424e-19, 5.44681476164e-19, 8.59312598544e-19, 5.79527493443e-19, 1.05063539002e-18, 1.70060165532e-18, 1.679239716e-18, 2.36638878381e-18, 3.00030505689e-18, 3.71208839053e-18, 3.99668525695e-18, 5.35095445481e-18, 6.62192987371e-18, 6.66999485756e-18, 6.7620914926e-18, 8.22910540795e-18, 8.18293384052e-18, 1.08591402276e-17, 1.33594069528e-17, 1.05544077171e-17, 9.83410628436e-18, 9.78453500461e-18, 8.42790916919e-18, 6.36041589587e-18, 4.60276628203e-18, 2.53167828856e-18, 8.40846308357e-19, 2.53480167086e-19, 2.71926708336e-20],
        "var": [0.847470998764, 72.6855545044, 63.7667007446, 426.066162109, 803.329406738, 344.925140381, 86.081703186, 564.454956055, 565.492370605, 204.832458496, 434.507354736, 1603.09277344, 1491.21801758, 915.452880859, 2989.09692383, 2948.39819336, 1664.15966797, 1482.35070801, 2688.97265625, 3211.38525391, 1394.70910645, 894.216186523, 649.00213623, 537.110595703, 625.219299316, 625.556396484, 819.638366699, 736.240539551, 699.788452148, 969.455322266, 1077.64538574, 1524.16088867, 604.635498047, 131.847091675, 13.3867721558, 0.911583423615, 0.0352722890675, 0.00120174291078, 6.38376150164e-07, 3.7000946751e-09]
    },
    "gfcc": {
        "mean": [23.2025699615, 47.6484603882, -108.337760925, 46.3259048462, -61.6373939514, 35.7276992798, -35.4535331726, 17.8179931641, -21.5795249939, 12.3961601257, -10.8822021484, 3.57201743126, -4.85099315643],
        "cov": [[19380.2304688, -165.37953186, -983.176696777, 562.104736328, -739.776672363, 796.956604004, -374.264343262, 331.234588623, -376.08215332, 136.607833862, -401.347473145, 18.0034236908, -420.115997314], [-165.37953186, 1159.75671387, 359.641082764, 269.000701904, 454.222076416, 112.705001831, 255.994384766, 66.4125518799, 64.5199661255, 3.95955109596, 50.6170196533, -100.184242249, 86.9252319336], [-983.176696777, 359.641082764, 1196.78771973, 492.156616211, 446.540008545, 237.441467285, 130.081466675, 125.877479553, 111.363464355, -41.6023368835, -28.9052143097, -62.9799499512, -81.8092422485], [562.104736328, 269.000701904, 492.156616211, 510.936523438, 318.287445068, 190.625839233, 96.5678939819, 75.7445220947, 62.2848014832, -22.5895385742, -17.3533115387, -25.8276844025, -54.0475387573], [-739.776672363, 454.222076416, 446.540008545, 318.287445068, 524.097290039, 202.286514282, 215.795318604, 51.6682434082, 83.3910217285, -6.84109592438, 19.8949546814, -50.2338943481, -1.62532222271], [796.956604004, 112.705001831, 237.441467285, 190.625839233, 202.286514282, 305.864868164, 141.677642822, 75.3663711548, 48.6010894775, 31.9594497681, -4.41710758209, -16.0777187347, -42.7054824829], [-374.264343262, 255.994384766, 130.081466675, 96.5678939819, 215.795318604, 141.677642822, 258.028564453, 92.3684539795, 71.5070648193, 50.0925788879, 49.0459671021, -16.6147022247, 40.6490287781], [331.234588623, 66.4125518799, 125.877479553, 75.7445220947, 51.6682434082, 75.3663711548, 92.3684539795, 168.97567749, 76.4921646118, 52.2448272705, 21.2025051117, 16.718372345, 17.7546424866], [-376.08215332, 64.5199661255, 111.363464355, 62.2848014832, 83.3910217285, 48.6010894775, 71.5070648193, 76.4921646118, 128.061950684, 52.2931022644, 51.9762954712, 23.4051055908, 18.707698822], [136.607833862, 3.95955109596, -41.6023368835, -22.5895385742, -6.84109592438, 31.9594497681, 50.0925788879, 52.2448272705, 52.2931022644, 111.098442078, 59.1035461426, 25.2450485229, 31.3902721405], [-401.347473145, 50.6170196533, -28.9052143097, -17.3533115387, 19.8949546814, -4.41710758209, 49.0459671021, 21.2025051117, 51.9762954712, 59.1035461426, 116.479103088, 48.9836578369, 49.1496696472], [18.0034236908, -100.184242249, -62.9799499512, -25.8276844025, -50.2338943481, -16.0777187347, -16.6147022247, 16.718372345, 23.4051055908, 25.2450485229, 48.9836578369, 90.1964950562, 26.4315624237], [-420.115997314, 86.9252319336, -81.8092422485, -54.0475387573, -1.62532222271, -42.7054824829, 40.6490287781, 17.7546424866, 18.707698822, 31.3902721405, 49.1496696472, 26.4315624237, 115.277549744]],
        "icov": [[0.000194168882445, -0.00029503312544, 0.000383600592613, -0.0004931880394, 0.000481279654196, -0.000802711467259, 0.000557704304811, -0.00066431571031, 0.000708687468432, -0.000508077384438, 0.000466309807962, -0.000326214038068, 0.0004854935396], [-0.00029503312544, 0.00217815488577, -0.000592785421759, 0.000365305895684, -0.00175160192885, 0.00159958202858, -0.0012910568621, 0.00069238897413, -0.000690400716849, 0.00106755935121, -0.0016929715639, 0.00252342526801, -0.00208600331098], [0.000383600592613, -0.000592785421759, 0.00248260120861, -0.00180702377111, 7.75954031269e-05, -0.00176967738662, 0.00177098449785, -0.00226250942796, 0.000731797481421, -0.000233335944358, 0.000663353828713, 3.49837646354e-05, 0.00148300919682], [-0.0004931880394, 0.000365305895684, -0.00180702377111, 0.00574164092541, -0.00294479029253, 0.000952985719778, -0.000292653159704, 0.000642206752673, -0.00187332555652, 0.00189850002062, -0.000852336524986, -0.000301485270029, -0.00012788955064], [0.000481279654196, -0.00175160192885, 7.75954031269e-05, -0.00294479029253, 0.00765063427389, -0.00313923088834, -0.00184640497901, 0.000961029261816, -0.000156540583703, 2.37220519921e-05, 0.00105342816096, -0.000440005562268, 0.000867849041242], [-0.000802711467259, 0.00159958202858, -0.00176967738662, 0.000952985719778, -0.00313923088834, 0.0100121162832, -0.00527328299358, 0.00221668905579, -0.00208771391772, -0.000397387135308, -0.000311804178637, 0.000224681047257, 0.000770650687627], [0.000557704304811, -0.0012910568621, 0.00177098449785, -0.000292653159704, -0.00184640497901, -0.00527328299358, 0.0119991851971, -0.00563146732748, 0.00179439550266, -0.0016694230726, -0.00142237287946, 0.00192818418145, -0.000890018476639], [-0.00066431571031, 0.00069238897413, -0.00226250942796, 0.000642206752673, 0.000961029261816, 0.00221668905579, -0.00563146732748, 0.0138290477917, -0.00694309733808, -0.00128746731207, 0.00219821929932, -0.00140672165435, -0.00269442028366], [0.000708687468432, -0.000690400716849, 0.000731797481421, -0.00187332555652, -0.000156540583703, -0.00208771391772, 0.00179439550266, -0.00694309733808, 0.0176317710429, -0.00520773045719, -0.00211696326733, -0.00245499028824, 0.0024275619071], [-0.000508077384438, 0.00106755935121, -0.000233335944358, 0.00189850002062, 2.37220519921e-05, -0.000397387135308, -0.0016694230726, -0.00128746731207, -0.00520773045719, 0.0181998237967, -0.00813134759665, 0.00298244482838, -0.00261969957501], [0.000466309807962, -0.0016929715639, 0.000663353828713, -0.000852336524986, 0.00105342816096, -0.000311804178637, -0.00142237287946, 0.00219821929932, -0.00211696326733, -0.00813134759665, 0.0206005237997, -0.010014991276, -0.000819713401143], [-0.000326214038068, 0.00252342526801, 3.49837646354e-05, -0.000301485270029, -0.000440005562268, 0.000224681047257, 0.00192818418145, -0.00140672165435, -0.00245499028824, 0.00298244482838, -0.010014991276, 0.0208706725389, -0.00452348357067], [0.0004854935396, -0.00208600331098, 0.00148300919682, -0.00012788955064, 0.000867849041242, 0.000770650687627, -0.000890018476639, -0.00269442028366, 0.0024275619071, -0.00261969957501, -0.000819713401143, -0.00452348357067, 0.01574209705]]
    },
    "melbands": {
        "dmean": [0.00380016397685, 0.00292811705731, 0.00166253198404, 0.00082552281674, 0.000184446384083, 0.000174930333742, 0.000130040934891, 6.1255559558e-05, 6.56084739603e-05, 8.79039434949e-05, 6.71755478834e-05, 4.98955705552e-05, 5.86882524658e-05, 8.19049309939e-05, 3.85257480957e-05, 3.23225358443e-05, 3.38574827765e-05, 3.90473396692e-05, 3.10039649776e-05, 2.22431262955e-05, 1.93290106836e-05, 1.37277729664e-05, 1.2100076674e-05, 1.15348166219e-05, 9.02293049876e-06, 1.13678161142e-05, 7.91474212747e-06, 8.84802739165e-06, 9.07108278625e-06, 7.96154017735e-06, 6.52442759019e-06, 5.90333365835e-06, 6.14938653598e-06, 7.78481899033e-06, 6.98724716131e-06, 8.78209266375e-06, 7.83034465712e-06, 5.65202162761e-06, 3.81519703296e-06, 2.67400764642e-06],
        "dmean2": [0.00484310509637, 0.00408769352362, 0.00289260689169, 0.00150498701259, 0.00032161155832, 0.000272954173852, 0.000206114040338, 9.60831530392e-05, 0.000103639897134, 0.000137784882099, 0.000106744380901, 7.96974127297e-05, 9.19872181839e-05, 0.000129968175315, 6.21084545855e-05, 5.28393393324e-05, 5.59700420126e-05, 6.37816337985e-05, 5.00403293699e-05, 3.66485037375e-05, 3.19434948324e-05, 2.25978346862e-05, 2.00475442398e-05, 1.935229011e-05, 1.46162656165e-05, 1.83021820703e-05, 1.25999004013e-05, 1.36379976539e-05, 1.4274494788e-05, 1.23050231196e-05, 1.01055939012e-05, 9.18396472116e-06, 9.34341460379e-06, 1.19748829093e-05, 1.08825033749e-05, 1.32771538119e-05, 1.19897622426e-05, 8.55261077959e-06, 5.63498724659e-06, 3.91704406866e-06],
        "dvar": [4.83800431539e-05, 3.20342332998e-05, 1.92338720808e-05, 5.40562359674e-06, 1.40330087106e-07, 1.95218305521e-07, 7.26778068838e-08, 1.3237649199e-08, 1.68799445532e-08, 3.2951778195e-08, 2.26942393766e-08, 1.00865991115e-08, 1.34382167616e-08, 3.43593669072e-08, 5.45607736768e-09, 3.1162878944e-09, 3.78798636902e-09, 5.69835778563e-09, 3.25258153744e-09, 1.61251467734e-09, 1.67093983094e-09, 8.10901956694e-10, 4.95805785317e-10, 5.07999253774e-10, 2.45378606323e-10, 3.31105448614e-10, 1.3573944746e-10, 1.69563335595e-10, 2.22049711951e-10, 1.51033269224e-10, 1.3078722827e-10, 1.01790423312e-10, 1.32381355877e-10, 2.1958493357e-10, 2.45540532351e-10, 3.34937244606e-10, 3.24049231892e-10, 1.96301974675e-10, 1.01157304755e-10, 3.93211505023e-11],
        "dvar2": [8.56694969116e-05, 7.15582064004e-05, 5.2286657592e-05, 1.51659569383e-05, 3.92684910366e-07, 4.71212956654e-07, 1.82651476166e-07, 2.86125025895e-08, 4.03081514833e-08, 7.7890724981e-08, 5.5300315438e-08, 2.42618014568e-08, 3.03985743244e-08, 8.08568501043e-08, 1.35264102141e-08, 7.81370346203e-09, 9.75676339721e-09, 1.45427527798e-08, 7.84544340604e-09, 3.95532762099e-09, 4.37595426561e-09, 2.22168750064e-09, 1.21537557796e-09, 1.31337996034e-09, 6.46175835062e-10, 8.36122948655e-10, 3.39092504076e-10, 3.89225401909e-10, 5.22804632919e-10, 3.40120709375e-10, 2.98647329089e-10, 2.34576080782e-10, 2.87357304618e-10, 4.74622063873e-10, 5.84323589514e-10, 7.41536332338e-10, 7.02126856655e-10, 4.06304212497e-10, 2.15204673526e-10, 8.29322305274e-11],
        "max": [0.0471031814814, 0.0394463464618, 0.0314135178924, 0.0179896093905, 0.00488840742037, 0.00647312914953, 0.00577218877152, 0.00318451202475, 0.00300937588327, 0.00596869597211, 0.00504192057997, 0.00199464079924, 0.00228519947268, 0.00394960073754, 0.00135459774174, 0.000958083197474, 0.00127624103334, 0.00140566052869, 0.00085903017316, 0.00105682748836, 0.00112675479613, 0.000647059932817, 0.000508030934725, 0.000458000256913, 0.000287591479719, 0.000428280298365, 0.000195420812815, 0.000216079031816, 0.000480254879221, 0.000283684115857, 0.00021178618772, 0.000197963352548, 0.000276107748505, 0.000600917846896, 0.000763023388572, 0.000445581536042, 0.000500541704241, 0.000353174778866, 0.00023337744642, 0.00015673294547],
        "mean": [0.00541538698599, 0.00388295203447, 0.00129508494865, 0.000588307040744, 0.000206595883355, 0.000250550743658, 0.000199275556952, 9.61057376117e-05, 0.000100828423456, 0.000144368052133, 0.00011294871365, 7.70269762143e-05, 9.51604160946e-05, 0.00013422666234, 5.66566777707e-05, 4.90222373628e-05, 4.85857490276e-05, 5.83212822676e-05, 5.00206260767e-05, 3.22548003169e-05, 2.59285152424e-05, 1.94475760509e-05, 1.75725508598e-05, 1.62209744303e-05, 1.47380533235e-05, 1.82882959052e-05, 1.37785445986e-05, 1.39997646329e-05, 1.59532992257e-05, 1.41326563607e-05, 1.16335158964e-05, 1.09276552394e-05, 1.06023362605e-05, 1.17710151244e-05, 1.06461029645e-05, 1.35844629767e-05, 1.22007986647e-05, 9.48584329308e-06, 6.80754919813e-06, 4.91730497743e-06],
        "median": [0.0022366642952, 0.00176721299067, 0.00026061857352, 9.43259146879e-05, 9.21105238376e-05, 0.000100817975181, 8.57302438817e-05, 4.27067207056e-05, 3.90242603316e-05, 4.68063699373e-05, 4.44210963906e-05, 3.31733135681e-05, 3.22862033499e-05, 3.30038783432e-05, 2.2663951313e-05, 2.43306640186e-05, 2.23717670451e-05, 2.74622980214e-05, 1.86539218703e-05, 1.32118557303e-05, 1.27696066556e-05, 9.8414329841e-06, 9.36638753046e-06, 8.70055919222e-06, 8.86891939444e-06, 1.1196369087e-05, 8.68861388881e-06, 8.67262224347e-06, 9.84949838312e-06, 8.07533069747e-06, 6.64799699734e-06, 5.81305812375e-06, 5.15065039508e-06, 5.22490927324e-06, 4.66292203782e-06, 4.54996416011e-06, 4.39148334408e-06, 3.63397248293e-06, 2.98173699775e-06, 2.553209697e-06],
        "min": [5.80841439958e-25, 3.81936794068e-25, 1.82834035623e-24, 1.7752965601e-24, 1.28162365853e-24, 1.41331471754e-24, 1.28608259619e-24, 2.03955529981e-24, 8.86349223357e-25, 3.09521034368e-24, 2.20876833056e-24, 3.04785285417e-24, 2.27358804507e-24, 1.72008418535e-24, 2.45952472979e-24, 3.48152361479e-24, 2.76566882812e-24, 2.67116210838e-24, 2.59750892668e-24, 2.69547914022e-24, 3.88807491521e-24, 3.01933553245e-24, 3.99639419497e-24, 4.13811621203e-24, 3.74578807374e-24, 4.31176500766e-24, 4.33531211125e-24, 4.1818983867e-24, 4.82738106139e-24, 5.53546773751e-24, 4.18732338315e-24, 5.11088504895e-24, 6.55014559888e-24, 6.19879641802e-24, 5.12674904175e-24, 4.88048126107e-24, 5.89118563006e-24, 6.13444548411e-24, 6.22663926367e-24, 6.95937981524e-24],
        "var": [8.64600078785e-05, 4.3843552703e-05, 1.29799518618e-05, 3.24847678712e-06, 1.22235519484e-07, 2.54852892567e-07, 1.14075731972e-07, 2.76617555528e-08, 3.21990718533e-08, 6.79174547713e-08, 3.91083219142e-08, 1.69054299448e-08, 2.95310123022e-08, 7.78679165592e-08, 1.01426866905e-08, 5.23370013994e-09, 5.78606318413e-09, 9.61334922778e-09, 7.50638395886e-09, 3.32923688617e-09, 1.83036774626e-09, 9.80715619825e-10, 8.53234316534e-10, 6.55951515327e-10, 3.59190482913e-10, 5.44703449012e-10, 2.64628041702e-10, 2.84755358182e-10, 3.77837233723e-10, 3.37516264937e-10, 2.52852294658e-10, 2.29096144833e-10, 2.46335757348e-10, 3.83914178226e-10, 3.36329603057e-10, 6.19817530634e-10, 5.66457158957e-10, 3.5753452976e-10, 1.78890610658e-10, 7.49868084293e-11]
    },
    "mfcc": {
        "mean": [-610.561523438, 71.2026824951, 14.1212863922, 15.9819393158, 7.67365455627, 13.4261083603, 8.11069393158, 4.66991710663, 4.69524908066, 7.09549427032, 1.52859330177, 3.8773226738, 2.5415251255],
        "cov": [[8468.66113281, -11.9616746902, 111.887863159, -84.8478851318, -0.448977380991, 194.557113647, 41.2478599548, 157.826873779, -41.875038147, 107.798904419, -69.0745315552, 16.6710739136, -36.0527954102], [-11.9616746902, 978.279968262, 124.959899902, 251.06918335, 200.174026489, 157.566619873, 242.961715698, 63.6010704041, 173.350906372, 59.4404411316, 94.5544967651, 25.8724346161, 20.3614273071], [111.887863159, 124.959899902, 762.151367188, 299.689727783, 349.084594727, 169.382537842, 105.301856995, 164.44203186, 95.893699646, 95.5488739014, 55.1813316345, 50.3910484314, 5.42763566971], [-84.8478851318, 251.06918335, 299.689727783, 411.234588623, 284.058258057, 154.35925293, 138.863174438, 120.598464966, 116.486755371, 42.85962677, 54.4301109314, 46.1162757874, 15.7460546494], [-0.448977380991, 200.174026489, 349.084594727, 284.058258057, 391.500061035, 215.023071289, 130.105895996, 145.947891235, 95.9277648926, 67.3097076416, 47.5656356812, 44.1284751892, 23.3583812714], [194.557113647, 157.566619873, 169.382537842, 154.35925293, 215.023071289, 294.874450684, 165.297424316, 119.166717529, 72.3259048462, 87.8010253906, 40.3435134888, 28.4062862396, 30.1817550659], [41.2478599548, 242.961715698, 105.301856995, 138.863174438, 130.105895996, 165.297424316, 233.201568604, 94.3197937012, 111.417167664, 69.4869537354, 57.5628128052, 31.7667503357, 22.2949905396], [157.826873779, 63.6010704041, 164.44203186, 120.598464966, 145.947891235, 119.166717529, 94.3197937012, 169.285919189, 78.2401504517, 61.1753463745, 37.6268844604, 43.7758827209, 25.6486110687], [-41.875038147, 173.350906372, 95.893699646, 116.486755371, 95.9277648926, 72.3259048462, 111.417167664, 78.2401504517, 157.853683472, 64.6172943115, 59.2554626465, 30.3674373627, 24.6999454498], [107.798904419, 59.4404411316, 95.5488739014, 42.85962677, 67.3097076416, 87.8010253906, 69.4869537354, 61.1753463745, 64.6172943115, 114.020431519, 51.2343444824, 29.8183670044, 26.4007053375], [-69.0745315552, 94.5544967651, 55.1813316345, 54.4301109314, 47.5656356812, 40.3435134888, 57.5628128052, 37.6268844604, 59.2554626465, 51.2343444824, 88.9864959717, 53.1575012207, 28.4563140869], [16.6710739136, 25.8724346161, 50.3910484314, 46.1162757874, 44.1284751892, 28.4062862396, 31.7667503357, 43.7758827209, 30.3674373627, 29.8183670044, 53.1575012207, 88.9332580566, 48.4586906433], [-36.0527954102, 20.3614273071, 5.42763566971, 15.7460546494, 23.3583812714, 30.1817550659, 22.2949905396, 25.6486110687, 24.6999454498, 26.4007053375, 28.4563140869, 48.4586906433, 79.9114379883]],
