{
"lowlevel": {
    "average_loudness": 0.893783628941,
    "barkbands_crest": {
        "dmean": 2.65135216713,
        "dmean2": 3.86030364037,
        "dvar": 8.29354858398,
        "dvar2": 12.5256595612,
        "max": 26.7332344055,
        "mean": 11.1476659775,
        "median": 8.94789981842,
        "min": 1.74449884892,
        "var": 52.9187011719
    },
    "barkbands_flatness_db": {
        "dmean": 0.0223459675908,
        "dmean2": 0.0301326680928,
        "dvar": 0.000649083172902,
        "dvar2": 0.000829008873552,
        "max": 0.486030399799,
        "mean": 0.119474858046,
        "median": 0.103452987969,
        "min": 0.0101077510044,
        "var": 0.00592332798988
    },
    "barkbands_kurtosis": {
        "dmean": 7.74123477936,
        "dmean2": 10.7347145081,
        "dvar": 2747.04614258,
        "dvar2": 4958.58105469,
        "max": 1634.61132812,
        "mean": 9.28287124634,
        "median": 0.201979875565,
        "min": -1.82973027229,
        "var": 4154.84277344
    },
    "barkbands_skewness": {
        "dmean": 0.742814481258,
        "dmean2": 0.967052578926,
        "dvar": 1.61651790142,
        "dvar2": 2.5318145752,
        "max": 36.4503250122,
        "mean": 1.41562092304,
        "median": 0.711458325386,
        "min": -2.40345144272,
        "var": 6.36939001083
    },
    "barkbands_spread": {
        "dmean": 8.03147125244,
        "dmean2": 11.8902769089,
        "dvar": 81.5684051514,
        "dvar2": 151.251846313,
        "max": 91.3414916992,
        "mean": 31.8777389526,
        "median": 29.0278015137,
        "min": 0.130251482129,
        "var": 453.480010986
    },
    "dissonance": {
        "dmean": 0.0152515834197,
        "dmean2": 0.0258423089981,
        "dvar": 0.000426453421824,
        "dvar2": 0.00118178548291,
        "max": 0.5,
        "mean": 0.473114013672,
        "median": 0.485738188028,
        "min": 0.236629500985,
        "var": 0.00120016955771
    },
    "dynamic_complexity": 3.13093543053,
    "erbbands_crest": {
        "dmean": 2.25925207138,
        "dmean2": 3.76713252068,
        "dvar": 5.94228744507,
        "dvar2": 14.5609178543,
        "max": 29.5272598267,
        "mean": 7.30994224548,
        "median": 5.66630411148,
        "min": 2.04203081131,
        "var": 19.6577301025
    },
    "erbbands_flatness_db": {
        "dmean": 0.0143862776458,
        "dmean2": 0.0220391564071,
        "dvar": 0.000185450917343,
        "dvar2": 0.000396060582716,
        "max": 0.350917309523,
        "mean": 0.140695288777,
        "median": 0.119545191526,
        "min": 0.0553697124124,
        "var": 0.00308590428904
    },
    "erbbands_kurtosis": {
        "dmean": 0.992433071136,
        "dmean2": 1.57676196098,
        "dvar": 1.91431295872,
        "dvar2": 4.60833263397,
        "max": 29.7044334412,
        "mean": 0.676720142365,
        "median": -0.0689589977264,
        "min": -1.77080726624,
        "var": 5.9465007782
    },
    "erbbands_skewness": {
        "dmean": 0.373478680849,
        "dmean2": 0.565653204918,
        "dvar": 0.126162201166,
        "dvar2": 0.281552404165,
        "max": 3.8912653923,
        "mean": -0.0762985944748,
        "median": -0.248707830906,
        "min": -2.69936490059,
        "var": 0.74528002739
    },
    "erbbands_spread": {
        "dmean": 9.42866420746,
        "dmean2": 14.3286485672,
        "dvar": 117.084892273,
        "dvar2": 254.20489502,
        "max": 160.07232666,
        "mean": 42.3249549866,
        "median": 41.3857574463,
        "min": 2.69761753082,
        "var": 454.624053955
    },
    "hfc": {
        "dmean": 12.7725219727,
        "dmean2": 18.6794052124,
        "dvar": 263.714599609,
        "dvar2": 541.91784668,
        "max": 165.904846191,
        "mean": 31.9481372833,
        "median": 27.8385448456,
        "min": 1.06024536758e-16,
        "var": 656.385253906
    },
    "melbands_crest": {
        "dmean": 3.36676001549,
        "dmean2": 4.93097829819,
        "dvar": 12.732427597,
        "dvar2": 20.9685993195,
        "max": 33.8958587646,
        "mean": 15.2732286453,
        "median": 12.519071579,
        "min": 1.5573823452,
        "var": 80.3319625854
    },
    "melbands_flatness_db": {
        "dmean": 0.0297808181494,
        "dmean2": 0.0382985174656,
        "dvar": 0.00114425132051,
        "dvar2": 0.00128757115453,
        "max": 0.584010779858,
        "mean": 0.161624118686,
        "median": 0.141368880868,
        "min": 0.00293195177801,
        "var": 0.0108809070662
    },
    "melbands_kurtosis": {
        "dmean": 13.543844223,
        "dmean2": 19.107717514,
        "dvar": 1311.5604248,
        "dvar2": 3268.93139648,
        "max": 829.542297363,
        "mean": 24.3449306488,
        "median": 3.85297966003,
        "min": -1.72472774982,
        "var": 2924.29052734
    },
    "melbands_skewness": {
        "dmean": 0.96162635088,
        "dmean2": 1.25262272358,
        "dvar": 1.78055179119,
        "dvar2": 3.13761544228,
        "max": 20.701997757,
        "mean": 3.04132580757,
        "median": 1.70590746403,
        "min": -1.16053795815,
        "var": 9.9739408493
    },
    "melbands_spread": {
        "dmean": 12.2111082077,
        "dmean2": 17.5205535889,
        "dvar": 243.871032715,
        "dvar2": 410.770721436,
        "max": 197.981018066,
        "mean": 41.6252593994,
        "median": 30.7413845062,
        "min": 0.258591324091,
        "var": 1231.76794434
    },
    "pitch_salience": {
        "dmean": 0.0737807452679,
        "dmean2": 0.105817258358,
        "dvar": 0.00751269841567,
        "dvar2": 0.00997863896191,
        "max": 0.940661430359,
        "mean": 0.518547296524,
        "median": 0.594175159931,
        "min": 0.0267275478691,
        "var": 0.0442915149033
    },
    "silence_rate_20dB": {
        "dmean": 0,
        "dmean2": 0,
        "dvar": 0,
        "dvar2": 0,
        "max": 1,
        "mean": 1,
        "median": 1,
        "min": 1,
        "var": 0
    },
    "silence_rate_30dB": {
        "dmean": 0.0621589571238,
        "dmean2": 0.124332658947,
        "dvar": 0.0582981109619,
        "dvar2": 0.109345428646,
        "max": 1,
        "mean": 0.892183601856,
        "median": 1,
        "min": 0,
        "var": 0.0961876735091
    },
    "silence_rate_60dB": {
        "dmean": 0.0232502967119,
        "dmean2": 0.0465061105788,
        "dvar": 0.0227061044425,
        "dvar2": 0.0526514984667,
        "max": 1,
        "mean": 0.0645237788558,
        "median": 0,
        "min": 0,
        "var": 0.0603538416326
    },
    "spectral_centroid": {
        "dmean": 364.72366333,
        "dmean2": 537.982971191,
        "dvar": 179582.21875,
        "dvar2": 359831.5625,
        "max": 11675.8349609,
        "mean": 2205.04882812,
        "median": 2254.35522461,
        "min": 115.286392212,
        "var": 1404419.5
    },
    "spectral_complexity": {
        "dmean": 5.19098472595,
        "dmean2": 7.78336715698,
        "dvar": 31.6045303345,
        "dvar2": 56.9348220825,
        "max": 59,
        "mean": 24.4120502472,
        "median": 24,
        "min": 0,
        "var": 180.153167725
    },
    "spectral_decrease": {
        "dmean": 3.57841867249e-09,
        "dmean2": 3.62166807655e-09,
        "dvar": 3.28484968686e-17,
        "dvar2": 3.05227892409e-17,
        "max": 1.74411361132e-28,
        "mean": -8.80179928942e-09,
        "median": -3.72453090591e-09,
        "min": -6.85738044126e-08,
        "var": 1.48353413493e-16
    },
    "spectral_energy": {
        "dmean": 0.0143778985366,
        "dmean2": 0.0148818353191,
        "dvar": 0.000473355175927,
        "dvar2": 0.000450736260973,
        "max": 0.260585218668,
        "mean": 0.0361178517342,
        "median": 0.0176071953028,
        "min": 1.01108741965e-20,
        "var": 0.00215723505244
    },
    "spectral_energyband_high": {
        "dmean": 0.00123350752983,
        "dmean2": 0.00187854934484,
        "dvar": 3.14440694638e-06,
        "dvar2": 6.62947786623e-06,
        "max": 0.0192661490291,
        "mean": 0.00251240376383,
        "median": 0.00175232696347,
        "min": 7.27406394028e-21,
        "var": 7.40382984077e-06
    },
    "spectral_energyband_low": {
        "dmean": 0.0113995345309,
        "dmean2": 0.0122487153858,
        "dvar": 0.000629970745649,
        "dvar2": 0.000764087715652,
        "max": 0.260042518377,
        "mean": 0.0220518503338,
        "median": 0.00185745616909,
        "min": 1.45127955579e-23,
        "var": 0.00207290705293
    },
    "spectral_energyband_middle_high": {
        "dmean": 0.00199735164642,
        "dmean2": 0.00298543600366,
        "dvar": 8.39045060275e-06,
        "dvar2": 1.65919227584e-05,
        "max": 0.0661054477096,
        "mean": 0.00593459699303,
        "median": 0.00422736490145,
        "min": 1.23355631253e-21,
        "var": 5.08137163706e-05
    },
    "spectral_energyband_middle_low": {
        "dmean": 0.00556392921135,
        "dmean2": 0.00963883474469,
        "dvar": 0.000215309046325,
        "dvar2": 0.000585581292398,
        "max": 0.0961008220911,
        "mean": 0.00656829262152,
        "median": 0.00333262979984,
        "min": 1.94772546911e-22,
        "var": 0.000151347165229
    },
    "spectral_entropy": {
        "dmean": 0.131841257215,
        "dmean2": 0.196465820074,
        "dvar": 0.0202882997692,
        "dvar2": 0.0396744757891,
        "max": 9.81693077087,
        "mean": 7.93324041367,
        "median": 8.17770957947,
        "min": 5.53801393509,
        "var": 0.401699751616
    },
    "spectral_flux": {
        "dmean": 0.033689443022,
        "dmean2": 0.0420000962913,
        "dvar": 0.00219848868437,
        "dvar2": 0.00270255678333,
        "max": 0.476507604122,
        "mean": 0.10091792047,
        "median": 0.0766275972128,
        "min": 6.36903169093e-11,
        "var": 0.00729227624834
    },
    "spectral_kurtosis": {
        "dmean": 1.21879208088,
        "dmean2": 2.01812386513,
        "dvar": 3.79771518707,
        "dvar2": 10.5830554962,
        "max": 42.3244438171,
        "mean": 3.81748223305,
        "median": 2.14999580383,
        "min": -1.24318683147,
        "var": 24.9769649506
    },
    "spectral_rms": {
        "dmean": 0.00105998700019,
        "dmean2": 0.001186589594,
        "dvar": 1.60817535289e-06,
        "dvar2": 1.81180121217e-06,
        "max": 0.0159445740283,
        "mean": 0.00504551688209,
        "median": 0.00414460524917,
        "min": 3.14074309095e-12,
        "var": 9.77965100901e-06
    },
    "spectral_rolloff": {
        "dmean": 856.93182373,
        "dmean2": 1284.28283691,
        "dvar": 1696016.875,
        "dvar2": 2892575.25,
        "max": 19379.8828125,
        "mean": 3087.60913086,
        "median": 2045.65429688,
        "min": 64.599609375,
        "var": 8595546
    },
    "spectral_skewness": {
        "dmean": 0.186335906386,
        "dmean2": 0.300206393003,
        "dvar": 0.0447209738195,
        "dvar2": 0.109785370529,
        "max": 5.23688030243,
        "mean": 1.34218168259,
        "median": 1.10168588161,
        "min": -0.119588315487,
        "var": 0.53338599205
    },
    "spectral_spread": {
        "dmean": 546404.5625,
        "dmean2": 840861.6875,
        "dvar": 569773588480,
        "dvar2": 1.2291506176e+12,
        "max": 42109092,
        "mean": 5496788,
        "median": 5427498.5,
        "min": 1515986.5,
        "var": 1.09795942072e+13
    },
    "spectral_strongpeak": {
        "dmean": 0.449062794447,
        "dmean2": 0.716621518135,
        "dvar": 0.528979659081,
        "dvar2": 1.36644911766,
        "max": 12.1754169464,
        "mean": 0.931813120842,
        "median": 0.50493979454,
        "min": 0,
        "var": 1.61341249943
    },
    "zerocrossingrate": {
        "dmean": 0.0178112033755,
        "dmean2": 0.0189262423664,
        "dvar": 0.000446859019576,
        "dvar2": 0.000403238518629,
        "max": 0.5263671875,
        "mean": 0.101049490273,
        "median": 0.09033203125,
        "min": 0.00244140625,
        "var": 0.00528624886647
    },
    "barkbands": {
        "dmean": [0.000148383842316, 0.0103979622945, 0.00540261296555, 0.00254842219874, 0.00234396266751, 0.000476670189528, 0.000262534973444, 0.000413615605794, 0.000763285439461, 0.000257683976088, 0.00065142265521, 0.000307347829221, 0.000373187853256, 0.000438935676357, 0.000390097935451, 0.000235479470575, 0.000214923493331, 0.000206208453164, 0.000251330260653, 0.000300983636407, 0.0002413631737, 0.000268225383479, 0.000337407866027, 0.000215275678784, 0.000159677059855, 5.76537822781e-05, 3.94574317397e-06],
        "dmean2": [0.000169220380485, 0.0120334243402, 0.00947023183107, 0.00474084448069, 0.00433522975072, 0.0007727414486, 0.000418803392677, 0.000649185967632, 0.00119396916125, 0.000404129415983, 0.000966052059084, 0.000490083941258, 0.00060079729883, 0.000714290188625, 0.000653672381304, 0.000389784108847, 0.000356224918505, 0.00034556267201, 0.000416927447077, 0.000491061946377, 0.000397020223318, 0.000432531960541, 0.00052603991935, 0.000326836598106, 0.00023189264175, 8.44011447043e-05, 6.13687961959e-06],
        "dvar": [7.59142153584e-08, 0.000625274144113, 0.000352221861249, 9.03465916053e-05, 6.19657002972e-05, 4.35075463656e-07, 1.84007959092e-07, 1.16003911899e-06, 4.39224231741e-06, 4.98866995713e-07, 4.61506851934e-06, 4.23947255968e-07, 9.12396274089e-07, 8.38496930555e-07, 5.9251692619e-07, 3.11226216354e-07, 1.86996629736e-07, 2.49791128226e-07, 1.21503333617e-07, 1.80928950044e-07, 1.30391498487e-07, 1.83778666951e-07, 2.85602538952e-07, 1.41635041473e-07, 9.64408144455e-08, 2.13089297318e-08, 6.67334798532e-11],
        "dvar2": [9.46846085981e-08, 0.00100599753205, 0.000940515717957, 0.000257736915955, 0.000179570561158, 1.04535206447e-06, 4.2485177687e-07, 2.43704403147e-06, 9.82685014606e-06, 1.05582989818e-06, 9.36947981245e-06, 8.77576781022e-07, 1.9638998765e-06, 1.98754673875e-06, 1.51084702793e-06, 8.13765836938e-07, 4.53649931842e-07, 6.95879009527e-07, 3.40884383832e-07, 4.73503888543e-07, 3.57863939371e-07, 4.66947227551e-07, 6.14511918684e-07, 2.90866182695e-07, 2.0701041592e-07, 4.49628707599e-08, 1.54302015609e-10],
        "max": [0.00325395772234, 0.24996817112, 0.139378488064, 0.0661992579699, 0.0606032274663, 0.00947729498148, 0.00799112115055, 0.039403539151, 0.0719666928053, 0.0287841521204, 0.059442114085, 0.031857073307, 0.0351789966226, 0.0213348902762, 0.0134660061449, 0.013345958665, 0.0120490090922, 0.0150296594948, 0.00497514894232, 0.00611311243847, 0.00705179106444, 0.00882892031223, 0.00696663465351, 0.0106421438977, 0.00736846029758, 0.00344031932764, 0.000124644866446],
        "mean": [0.000262727990048, 0.0170882549137, 0.00379185844213, 0.0016347655328, 0.00177411467303, 0.000704361591488, 0.000382948899642, 0.000608378031757, 0.0014014687622, 0.000408985593822, 0.00141628272831, 0.00048546778271, 0.000566183705814, 0.000646602595225, 0.000539096945431, 0.000346409651684, 0.000358499528375, 0.000358900259016, 0.000471035687951, 0.000594975485001, 0.000500151596498, 0.000545994320419, 0.000512728234753, 0.000360310979886, 0.000258702551946, 9.29537127377e-05, 5.62516333957e-06],
        "median": [1.5881485524e-05, 0.000756677298341, 0.000290727883112, 0.000112848530989, 0.000452900043456, 0.000376945419703, 0.000196365333977, 0.000208929865039, 0.000453983084299, 0.000167643593159, 0.00021801488765, 0.000234621053096, 0.000274080812233, 0.000304506160319, 0.000293345074169, 0.000219322886551, 0.000219738285523, 0.000241800720687, 0.000323083018884, 0.000392280140659, 0.000337243749527, 0.000334944168571, 0.000300909014186, 0.000223237744649, 0.000143439217936, 4.10853645008e-05, 2.30855812333e-06],
        "min": [5.70779716327e-25, 2.59111895613e-24, 1.61425474782e-24, 7.20967640717e-25, 5.93890224849e-24, 9.53364199711e-24, 7.01288982816e-24, 5.47931188511e-24, 2.15197626184e-23, 1.9281363489e-23, 1.30140379352e-23, 3.27723238505e-23, 3.63926747573e-23, 4.16985816048e-23, 3.08427416774e-23, 5.75664366718e-23, 6.92377536714e-23, 8.81089284223e-23, 1.39667734917e-22, 1.73348283794e-22, 2.28573217216e-22, 3.1162870899e-22, 3.69559700375e-22, 5.84639735797e-22, 8.4757598648e-22, 1.34742925511e-21, 2.03697991823e-21],
        "var": [2.92652345024e-07, 0.00148559745867, 0.000237458763877, 5.14210551046e-05, 3.43049614457e-05, 8.3691401187e-07, 3.48587263943e-07, 3.44892964677e-06, 1.23748150145e-05, 1.16393573535e-06, 2.30173063756e-05, 1.64815583048e-06, 2.30764931075e-06, 1.64059849794e-06, 7.44366786876e-07, 3.00575919709e-07, 2.67364669071e-07, 2.52049289884e-07, 2.58773695805e-07, 4.20360635189e-07, 3.31466566195e-07, 4.14406542859e-07, 4.57153930711e-07, 2.56421628819e-07, 1.57586796945e-07, 3.10104546486e-08, 8.70844646395e-11]
    },
    "erbbands": {
        "dmean": [0.278135299683, 2.64162421227, 5.93304491043, 7.61610603333, 9.12589359283, 6.64957666397, 4.55473852158, 3.5941696167, 3.25853562355, 5.30964136124, 11.9653739929, 18.0791168213, 6.70001792908, 16.6694259644, 18.2555427551, 11.4339599609, 17.4665107727, 18.2208824158, 19.9039306641, 18.265789032, 12.0047149658, 12.3608131409, 10.1278133392, 12.5381040573, 13.9240579605, 13.1590414047, 9.9523897171, 9.83969593048, 10.2233324051, 10.2421150208, 9.25298881531, 5.43249225616, 3.27610206604, 2.18352389336, 0.953852295876, 0.31287291646, 0.0983502343297, 0.0162926781923, 0.000385181745514, 2.8471906262e-05],
        "dmean2": [0.280672192574, 3.26192116737, 9.54253387451, 13.7023096085, 16.796831131, 12.2510757446, 7.66167116165, 5.7692232132, 5.23435688019, 8.30163860321, 18.9954586029, 28.157075882, 10.6046524048, 25.1387653351, 26.8592739105, 17.8962993622, 27.8453445435, 29.1822757721, 32.6844177246, 30.3076076508, 19.7532062531, 20.3038043976, 16.7071743011, 20.966714859, 22.7706489563, 21.5685253143, 16.3930568695, 16.2106075287, 16.3660106659, 16.9038677216, 14.3238134384, 8.34517765045, 4.90308237076, 3.26023793221, 1.39948940277, 0.461986631155, 0.145242527127, 0.0243101585656, 0.000572938472033, 3.48167814082e-05],
        "dvar": [0.363867014647, 43.9293365479, 357.999053955, 712.034851074, 1069.95385742, 455.747924805, 55.731338501, 26.1016483307, 35.6087760925, 100.05241394, 774.467346191, 3144.85522461, 301.563018799, 2760.39697266, 3594.15771484, 429.045074463, 2173.47070312, 1190.95654297, 1784.98461914, 1353.38964844, 765.855407715, 552.446655273, 742.527709961, 386.453033447, 352.293609619, 354.801574707, 186.398864746, 253.970108032, 295.174102783, 209.343231201, 239.514831543, 83.9969329834, 37.4812202454, 17.1652088165, 4.2025308609, 0.60909897089, 0.0599687062204, 0.00125750375446, 6.6897069928e-07, 1.37658717758e-09],
        "dvar2": [0.450020849705, 76.6713943481, 878.303527832, 1969.51806641, 3041.69018555, 1323.31433105, 149.295791626, 61.7981948853, 84.528755188, 208.809677124, 1713.7121582, 6960.26806641, 672.795166016, 5845.05126953, 6408.97949219, 905.753295898, 4772.53125, 2664.67724609, 4363.14257812, 3447.47216797, 1953.82727051, 1328.45874023, 2052.00927734, 1071.11914062, 936.640808105, 935.711303711, 496.570037842, 707.757629395, 737.598632812, 517.972473145, 514.585327148, 176.917999268, 73.1126327515, 36.369594574, 9.27840328217, 1.32568895817, 0.13079020381, 0.00265692919493, 1.41822317801e-06, 2.4345732097e-09],
        "max": [6.4684586525, 63.4963302612, 152.200485229, 191.743988037, 235.443588257, 176.385665894, 102.184280396, 77.7538146973, 123.727653503, 369.962463379, 826.66003418, 1960.39343262, 916.172668457, 1834.40649414, 2004.98547363, 922.061462402, 1885.44726562, 1149.73120117, 1180.26428223, 668.743164062, 655.653991699, 676.33605957, 997.012268066, 435.216369629, 285.506774902, 280.980102539, 206.198806763, 288.023040771, 338.614379883, 164.024887085, 241.998504639, 192.933959961, 244.585861206, 120.010612488, 37.8329048157, 16.9496078491, 5.98384475708, 0.674542844296, 0.0147192748263, 0.000575242098421],
        "mean": [0.513178765774, 3.71945428848, 5.00106525421, 5.23934936523, 6.1510181427, 5.29367876053, 5.94290733337, 5.30524206161, 4.66458559036, 8.11422729492, 20.4700584412, 32.3225440979, 12.3980760574, 36.9719772339, 39.6044845581, 20.1154537201, 28.0385532379, 27.621925354, 29.6596736908, 27.3811893463, 19.1289424896, 21.52983284, 18.8358898163, 23.3614196777, 27.0953140259, 26.2995662689, 20.6947669983, 20.1115703583, 20.6367149353, 16.0018081665, 14.2460298538, 9.06927585602, 5.48227882385, 3.50355815887, 1.49961841106, 0.502590417862, 0.152885273099, 0.0261714588851, 0.000632859941106, 6.65834668325e-05],
        "median": [0.0196567550302, 0.171678885818, 0.462554454803, 0.518224716187, 0.612226247787, 1.48329293728, 3.1393828392, 2.85286426544, 2.33501505852, 3.93538165092, 7.83163928986, 9.74766921997, 6.4759759903, 8.38115882874, 9.50402355194, 11.0478525162, 14.3921937943, 14.0966444016, 13.8375043869, 16.63098526, 12.774679184, 13.4721097946, 12.8785266876, 15.8354320526, 19.1730155945, 17.7189311981, 14.2025251389, 13.102856636, 11.9353218079, 9.68924427032, 8.28722572327, 5.59457683563, 3.30120539665, 1.98767542839, 0.728933036327, 0.22893217206, 0.0664965286851, 0.0117720868438, 0.00030864632572, 4.73587024317e-05],
        "min": [7.01360642941e-23, 4.91140659649e-22, 2.68521951347e-21, 3.96435961699e-21, 4.54942551438e-21, 1.4340759194e-20, 6.20461973621e-20, 5.92459066453e-20, 9.25586412619e-20, 1.32280668533e-19, 1.24898469307e-19, 5.28905849413e-19, 7.27479292551e-19, 8.50593908093e-19, 9.95833950659e-19, 1.45700409936e-18, 1.78321755977e-18, 2.31721082845e-18, 2.35585319115e-18, 3.10616783848e-18, 4.20181115961e-18, 4.31217318335e-18, 6.18175687767e-18, 6.93059397364e-18, 7.43519151809e-18, 8.03646248791e-18, 1.00463434588e-17, 9.91124253084e-18, 1.11434810817e-17, 1.1476465946e-17, 1.04416075786e-17, 8.55233698565e-18, 1.13668082665e-17, 8.06380825178e-18, 6.90855374622e-18, 4.59181399713e-18, 2.49150584852e-18, 9.20942982552e-19, 2.71038419756e-19, 2.73445715671e-20],
        "var": [1.23484873772, 82.3239364624, 305.862060547, 443.324981689, 616.658203125, 256.569885254, 65.0685043335, 49.1596069336, 62.1736488342, 239.28578186, 2299.80761719, 8134.12792969, 668.331787109, 13930.4072266, 17386.4179688, 1510.4934082, 5297.41699219, 2452.91552734, 3187.56958008, 1603.66210938, 809.118896484, 867.598999023, 729.202575684, 658.667480469, 825.028930664, 821.15222168, 551.326171875, 564.022827148, 630.901367188, 361.176055908, 370.487976074, 145.613250732, 68.0637512207, 27.815071106, 6.41504764557, 0.888921499252, 0.0828020870686, 0.0018497640267, 9.90987132354e-07, 3.98156974057e-09]
    },
    "gfcc": {
        "mean": [1.45581388474, 49.9420127869, -118.753791809, 34.8340873718, -62.1189842224, 24.21509552, -34.5867767334, 14.1412801743, -24.1806983948, 7.5666217804, -14.7462530136, 0.792344450951, -11.6886129379],
        "cov": [[20440.9707031, -2011.89916992, -898.769592285, 1497.31713867, -439.563018799, 948.25201416, -237.071685791, 371.478027344, -200.137130737, 369.978240967, -365.837524414, 189.291748047, -280.879547119], [-2011.89916992, 1841.71972656, -42.0741195679, -529.737792969, 109.897392273, -245.404098511, 8.2724981308, -76.5230331421, 4.1444940567, -208.560623169, 168.299240112, -147.383361816, 95.8083953857], [-898.769592285, -42.0741195679, 894.753967285, 388.057373047, 223.631469727, 180.028778076, 159.781234741, 58.9208374023, 140.754013062, 111.752120972, 30.8664627075, 80.4950256348, -7.83745718002], [1497.31713867, -529.737792969, 388.057373047, 943.158508301, 265.390136719, 325.217224121, 165.224563599, 77.912322998, 174.177734375, 165.357772827, -26.8223075867, 104.49180603, 3.96852946281], [-439.563018799, 109.897392273, 223.631469727, 265.390136719, 432.589019775, 162.910308838, 185.642379761, 55.8663673401, 147.655593872, 68.73021698, 53.8786010742, 14.5480623245, 13.0042943954], [948.25201416, -245.404098511, 180.028778076, 325.217224121, 162.910308838, 323.667724609, 163.989624023, 108.49458313, 110.02759552, 112.897506714, 46.1694641113, 42.9968490601, 22.3247890472], [-237.071685791, 8.2724981308, 159.781234741, 165.224563599, 185.642379761, 163.989624023, 245.875137329, 108.88634491, 113.157020569, 79.1329498291, 73.7462921143, 36.6440086365, 24.3948421478], [371.478027344, -76.5230331421, 58.9208374023, 77.912322998, 55.8663673401, 108.49458313, 108.88634491, 144.937606812, 87.6418457031, 66.4678268433, 35.4376335144, 32.4897842407, 19.6457653046], [-200.137130737, 4.1444940567, 140.754013062, 174.177734375, 147.655593872, 110.02759552, 113.157020569, 87.6418457031, 187.010116577, 91.9217910767, 51.194984436, 37.8963088989, 42.5335655212], [369.978240967, -208.560623169, 111.752120972, 165.357772827, 68.73021698, 112.897506714, 79.1329498291, 66.4678268433, 91.9217910767, 157.394073486, 30.4613361359, 61.2891197205, 4.30195808411], [-365.837524414, 168.299240112, 30.8664627075, -26.8223075867, 53.8786010742, 46.1694641113, 73.7462921143, 35.4376335144, 51.194984436, 30.4613361359, 127.906181335, 19.2994117737, 45.6673660278], [189.291748047, -147.383361816, 80.4950256348, 104.49180603, 14.5480623245, 42.9968490601, 36.6440086365, 32.4897842407, 37.8963088989, 61.2891197205, 19.2994117737, 105.716430664, 19.5558586121], [-280.879547119, 95.8083953857, -7.83745718002, 3.96852946281, 13.0042943954, 22.3247890472, 24.3948421478, 19.6457653046, 42.5335655212, 4.30195808411, 45.6673660278, 19.5558586121, 100.157302856]],
        "icov": [[0.000133606008603, -0.00012878330017, 0.000260464730673, -0.000272264180239, 0.000152028165758, -0.000577471626457, 0.000475497508887, -0.000543325848412, 0.000398896576371, -0.000235826155404, 0.000241571222432, -0.000258048094111, 0.000409748638049], [-0.00012878330017, 0.00130040477961, -0.000493064057082, 0.000631984847132, -0.000644399959128, 0.0013603499392, -0.000656666059513, 0.000755325425416, -0.000878922466654, 0.00137090322096, -0.00167763908394, 0.00134789338335, -0.00106036872603], [0.000260464730673, -0.000493064057082, 0.00209467229433, -0.000931924150791, 0.00016775635595, -0.00140729884151, 0.000550755590666, -0.000658757053316, 0.000316608115099, -0.00064334628405, 0.000682668760419, -0.00141838169657, 0.00154875998851], [-0.000272264180239, 0.000631984847132, -0.000931924150791, 0.00302750477567, -0.000941322010476, -0.000516644795425, -0.00100973946974, 0.00230444152839, -0.00200015679002, 0.000479700276628, 0.000896854675375, -0.000469311431516, -0.00101815303788], [0.000152028165758, -0.000644399959128, 0.00016775635595, -0.000941322010476, 0.00496947811916, -0.00150661880616, -0.00203797221184, 0.0012842360884, -0.00203863671049, 2.07148350455e-05, 0.000517998880241, 0.000197563975235, 0.00161835202016], [-0.000577471626457, 0.0013603499392, -0.00140729884151, -0.000516644795425, -0.00150661880616, 0.0105193555355, -0.00398879731074, -0.000380528683309, -0.000439158116933, -0.000447037862614, -0.00307578826323, 0.00350949331187, -0.00319044315256], [0.000475497508887, -0.000656666059513, 0.000550755590666, -0.00100973946974, -0.00203797221184, -0.00398879731074, 0.0121725033969, -0.00661196094006, 0.00153007428162, -0.000866590475198, -0.00193049095105, -0.00155515305232, 0.00210188212804], [-0.000543325848412, 0.000755325425416, -0.000658757053316, 0.00230444152839, 0.0012842360884, -0.000380528683309, -0.00661196094006, 0.0165419951081, -0.00663712900132, 0.000351335911546, -3.62595565093e-05, -0.000149702318595, -0.00125601293985], [0.000398896576371, -0.000878922466654, 0.000316608115099, -0.00200015679002, -0.00203863671049, -0.000439158116933, 0.00153007428162, -0.00663712900132, 0.0148109868169, -0.00568734807894, 0.000170406216057, 0.000242509704549, -0.00281529128551], [-0.000235826155404, 0.00137090322096, -0.00064334628405, 0.000479700276628, 2.07148350455e-05, -0.000447037862614, -0.000866590475198, 0.000351335911546, -0.00568734807894, 0.0144786993042, -0.0030520374421, -0.00345806544647, 0.00205716816708], [0.000241571222432, -0.00167763908394, 0.000682668760419, 0.000896854675375, 0.000517998880241, -0.00307578826323, -0.00193049095105, -3.62595565093e-05, 0.000170406216057, -0.0030520374421, 0.0148208085448, -0.0028053005226, -0.00275540025905], [-0.000258048094111, 0.00134789338335, -0.00141838169657, -0.000469311431516, 0.000197563975235, 0.00350949331187, -0.00155515305232, -0.000149702318595, 0.000242509704549, -0.00345806544647, -0.0028053005226, 0.0156899224967, -0.00424403091893], [0.000409748638049, -0.00106036872603, 0.00154875998851, -0.00101815303788, 0.00161835202016, -0.00319044315256, 0.00210188212804, -0.00125601293985, -0.00281529128551, 0.00205716816708, -0.00275540025905, -0.00424403091893, 0.0157368853688]]
    },
    "melbands": {
        "dmean": [0.00271595013328, 0.00290775625035, 0.0013063843362, 0.000595258956309, 0.000173691747477, 8.20421337266e-05, 4.88504192617e-05, 6.57002383377e-05, 0.000118443305837, 0.000103103920992, 3.29940448864e-05, 6.57913042232e-05, 8.25785609777e-05, 3.12240736093e-05, 4.25891048508e-05, 3.37423407473e-05, 3.6923764128e-05, 3.57660246664e-05, 2.96489615721e-05, 1.91122599063e-05, 1.40255206134e-05, 1.37282850119e-05, 1.0746785847e-05, 1.07348987513e-05, 1.08895255835e-05, 9.30963869905e-06, 1.36173484862e-05, 7.96375661594e-06, 6.70972349326e-06, 6.52856169836e-06, 5.81306130698e-06, 6.67508265906e-06, 5.21093033967e-06, 6.16312672719e-06, 5.83659493714e-06, 4.29066085417e-06, 3.00407214127e-06, 2.40288295572e-06, 2.15205750465e-06, 1.83788506547e-06],
        "dmean2": [0.00289748329669, 0.00388948223554, 0.00227116863243, 0.00110419653356, 0.000298806582578, 0.000131748398417, 7.84889853094e-05, 0.000102239129774, 0.000186965262401, 0.000160849333042, 5.27368756593e-05, 9.9747798231e-05, 0.000122307581478, 4.87666475237e-05, 6.80023949826e-05, 5.484783469e-05, 5.96807039983e-05, 5.87263712077e-05, 4.96758148074e-05, 3.1959691114e-05, 2.31887825066e-05, 2.26681240747e-05, 1.79164253495e-05, 1.82193471119e-05, 1.8287642888e-05, 1.55450925376e-05, 2.21301670535e-05, 1.32495888465e-05, 1.10107275759e-05, 1.10596283776e-05, 9.47961598285e-06, 1.0972090422e-05, 8.60191175889e-06, 1.0184517123e-05, 9.0521743914e-06, 6.60850400891e-06, 4.73661839351e-06, 3.57659337169e-06, 3.45720809491e-06, 2.68879443865e-06],
        "dvar": [3.72548456653e-05, 6.18106132606e-05, 1.91746676137e-05, 4.31748821939e-06, 1.09674431314e-07, 1.30225057404e-08, 7.28011162465e-09, 1.89155127117e-08, 7.13008674325e-08, 1.03321582401e-07, 7.48052464417e-09, 4.03681816863e-08, 7.85356704114e-08, 5.72914293784e-09, 8.91191564989e-09, 7.76032660355e-09, 5.50489609452e-09, 6.93051305234e-09, 3.64073304837e-09, 2.1178481191e-09, 1.10622933036e-09, 7.49072526229e-10, 7.43164474404e-10, 6.93510415761e-10, 2.7835300731e-10, 1.77310652272e-10, 3.67130936763e-10, 1.38497588398e-10, 8.87643708536e-11, 1.10237804996e-10, 9.83093259577e-11, 1.30033650514e-10, 6.7243106916e-11, 7.94252649761e-11, 1.08580880398e-10, 5.01964511623e-11, 2.88916425506e-11, 1.99850015009e-11, 2.13849372238e-11, 1.20921250443e-11],
        "dvar2": [5.23829803569e-05, 0.000121848017443, 5.09233032062e-05, 1.24465041154e-05, 3.07088924956e-07, 3.0705990639e-08, 1.7297958621e-08, 3.82149103473e-08, 1.58516755278e-07, 2.29453718248e-07, 1.66300839766e-08, 8.35373086261e-08, 1.48892524976e-07, 1.03811474972e-08, 1.97001792657e-08, 1.58956208196e-08, 1.24634427223e-08, 1.69172160724e-08, 9.20925291581e-09, 5.59175017401e-09, 2.80046874579e-09, 1.84052439955e-09, 1.9877344215e-09, 1.95781613144e-09, 7.72799879645e-10, 5.08313557912e-10, 9.23481735526e-10, 3.80635412078e-10, 2.37448172236e-10, 3.20388798825e-10, 2.79278378201e-10, 3.381423197e-10, 1.77344736119e-10, 1.92594912241e-10, 2.37260600056e-10, 1.09870883225e-10, 6.23595758364e-11, 3.78741794871e-11, 4.94292697051e-11, 2.46354759509e-11],
        "max": [0.0665750727057, 0.0684176459908, 0.0298370160162, 0.0148721523583, 0.00311724608764, 0.00154637079686, 0.00185763952322, 0.00476994970813, 0.00810910388827, 0.0106170969084, 0.00442452169955, 0.00677538663149, 0.00917602516711, 0.00475248973817, 0.004063075874, 0.00451335916296, 0.00236371415667, 0.00255772611126, 0.00119545147754, 0.000812585698441, 0.000896989949979, 0.000697526324075, 0.000747963378672, 0.000990631990135, 0.000323148036841, 0.00023078857339, 0.000227536482271, 0.000173995125806, 0.00016331448569, 0.000241006331635, 0.000178301532287, 0.000203238552785, 0.000195722284843, 0.000111130975711, 0.000117348870845, 0.000157407004735, 0.000163207019796, 0.000162228257977, 0.000161674732226, 7.7356271504e-05],
        "mean": [0.00473842956126, 0.00350412284024, 0.000953732233029, 0.000421691831434, 0.000211445862078, 0.00012297835201, 7.02773759258e-05, 9.77456656983e-05, 0.000206312251976, 0.000184487813385, 5.40834007552e-05, 0.000138380695716, 0.000178032671101, 5.03912087879e-05, 6.84308615746e-05, 4.90143756906e-05, 5.29756107426e-05, 5.01338363392e-05, 4.14843889303e-05, 2.70884484053e-05, 2.09236804949e-05, 2.2267582608e-05, 1.80350834853e-05, 1.75622935785e-05, 1.90598293557e-05, 1.72345735336e-05, 2.4213009965e-05, 1.52716766024e-05, 1.31358256112e-05, 1.18293910418e-05, 1.13188543764e-05, 1.26170725707e-05, 9.19008834899e-06, 8.82634594745e-06, 8.57618761074e-06, 7.02449551682e-06, 4.87117358716e-06, 3.92218316847e-06, 3.35989284395e-06, 2.82651103589e-06],
        "median": [0.000195487722522, 0.000315539014991, 9.73391142907e-05, 7.42887132219e-05, 0.000109626467747, 6.68884895276e-05, 3.62936698366e-05, 4.12290391978e-05, 7.46056102798e-05, 5.67273782508e-05, 2.56831572187e-05, 3.19580030919e-05, 3.33735297318e-05, 2.08405563171e-05, 3.58873221558e-05, 2.53613416135e-05, 2.53750295087e-05, 1.98686011572e-05, 2.24426039495e-05, 1.66997306223e-05, 1.33470430228e-05, 1.2927381249e-05, 1.09854863695e-05, 1.11138151624e-05, 1.23943436847e-05, 1.18048765216e-05, 1.50737887452e-05, 1.02824633359e-05, 8.5649680841e-06, 7.8753919297e-06, 6.9859092946e-06, 6.82673817209e-06, 5.70074735151e-06, 5.13010763825e-06, 4.71913745059e-06, 4.10176198784e-06, 2.99664679915e-06, 2.21114692067e-06, 2.05188871405e-06, 1.50190351178e-06],
        "min": [7.46752939911e-25, 1.48100983004e-24, 7.48382677237e-25, 3.59214567814e-25, 2.11171063187e-24, 1.25222123487e-24, 1.275049982e-24, 1.69897170373e-24, 7.45397923395e-25, 2.87412734183e-24, 3.43019243569e-24, 2.82701104654e-24, 2.88065319367e-24, 3.20455080388e-24, 3.1006919409e-24, 4.33264773354e-24, 3.80160984354e-24, 3.35013646444e-24, 4.38823757824e-24, 3.74329763986e-24, 4.11805350706e-24, 3.71289099627e-24, 2.86081768063e-24, 3.87526578626e-24, 4.4265304643e-24, 4.75861171755e-24, 5.14867700834e-24, 4.68591069095e-24, 5.07815442113e-24, 3.6083199891e-24, 5.44421743559e-24, 4.58733384337e-24, 5.93099312906e-24, 4.97137105356e-24, 5.53124930382e-24, 5.60472301967e-24, 4.72481021105e-24, 6.28852264067e-24, 7.09108250995e-24, 6.57070094749e-24],
        "var": [0.000107552776171, 8.86027919478e-05, 1.30787984745e-05, 2.40831900555e-06, 9.43233331441e-08, 2.52444980475e-08, 1.29129595905e-08, 5.69772424797e-08, 2.17827960114e-07, 2.59743160314e-07, 1.64153224347e-08, 1.93798499026e-07, 3.88956379993e-07, 3.13250971828e-08, 2.41174884508e-08, 1.61150026656e-08, 1.07764144275e-08, 1.26237589271e-08, 4.30537294704e-09, 2.00037941767e-09, 1.16002552009e-09, 1.09766862266e-09, 7.84889819805e-10, 6.68802457859e-10, 4.6750675553e-10, 3.7249564544e-10, 7.53169360213e-10, 3.04659242278e-10, 2.35792163572e-10, 2.15279016835e-10, 1.95536753456e-10, 2.53821436091e-10, 1.23961813037e-10, 1.21855830981e-10, 1.54755749882e-10, 8.38824912308e-11, 4.65592044085e-11, 3.58784842114e-11, 3.06367813063e-11, 1.98069460139e-11]
    },
    "mfcc": {
        "mean": [-631.958984375, 79.2929153442, 1.36470878124, 14.3247690201, 0.699003696442, 7.38459444046, 4.67890405655, 4.24752044678, -0.286389529705, 6.8398475647, 1.56552147865, -0.179882571101, 0.224966153502],
        "cov": [[10542.4277344, -1977.75317383, -90.4563827515, 492.156829834, 248.966751099, 608.789978027, 159.661972046, 216.283996582, 220.703674316, 315.263031006, 91.8358688354, -3.15429925919, -5.57573223114], [-1977.75317383, 2078.86865234, -156.80039978, -304.072052002, -51.4751167297, -333.834381104, 8.08180046082, -64.7710876465, -145.757247925, -107.558334351, -61.1676750183, -17.0897827148, -13.6402368546], [-90.4563827515, -156.80039978, 664.587219238, 238.75843811, 102.006164551, 181.721466064, 47.8312149048, 83.3467025757, 84.4599838257, 33.8980712891, 81.600769043, 61.5999679565, 54.2778129578], [492.156829834, -304.072052002, 238.75843811, 492.748443604, 189.107269287, 283.917419434, 53.3680496216, 116.124084473, 127.982917786, 61.6114387512, 89.8227539062, 76.7102890015, 36.5540504456], [248.966751099, -51.4751167297, 102.006164551, 189.107269287, 251.410232544, 190.36857605, 70.2740249634, 83.5124893188, 85.6384124756, 86.8587875366, 55.2618675232, 38.3840179443, 30.5694789886], [608.789978027, -333.834381104, 181.721466064, 283.917419434, 190.36857605, 352.420562744, 113.558631897, 117.047950745, 127.313064575, 113.015625, 97.0127716064, 75.7826538086, 52.3821792603], [159.661972046, 8.08180046082, 47.8312149048, 53.3680496216, 70.2740249634, 113.558631897, 185.870986938, 88.4198684692, 43.8686943054, 80.6404495239, 51.6582870483, 46.1599769592, 36.2322425842], [216.283996582, -64.7710876465, 83.3467025757, 116.124084473, 83.5124893188, 117.047950745, 88.4198684692, 147.083267212, 88.444190979, 65.1551742554, 57.5295715332, 54.1531143188, 42.8681182861], [220.703674316, -145.757247925, 84.4599838257, 127.982917786, 85.6384124756, 127.313064575, 43.8686943054, 88.444190979, 157.518753052, 86.2261047363, 69.3260498047, 48.015953064, 41.5978279114], [315.263031006, -107.558334351, 33.8980712891, 61.6114387512, 86.8587875366, 113.015625, 80.6404495239, 65.1551742554, 86.2261047363, 148.096893311, 74.1585540771, 42.009349823, 39.1363525391], [91.8358688354, -61.1676750183, 81.600769043, 89.8227539062, 55.2618675232, 97.0127716064, 51.6582870483, 57.5295715332, 69.3260498047, 74.1585540771, 112.421005249, 73.4373703003, 36.7592163086], [-3.15429925919, -17.0897827148, 61.5999679565, 76.7102890015, 38.3840179443, 75.7826538086, 46.1599769592, 54.1531143188, 48.015953064, 42.009349823, 73.4373703003, 99.8409957886, 51.1028518677], [-5.57573223114, -13.6402368546, 54.2778129578, 36.5540504456, 30.5694789886, 52.3821792603, 36.2322425842, 42.8681182861, 41.5978279114, 39.1363525391, 36.7592163086, 51.1028518677, 79.1075134277]],
