{
"lowlevel": {
    "average_loudness": 0.663647890091,
    "barkbands_crest": {
        "dmean": 2.97524380684,
        "dmean2": 4.49801683426,
        "dvar": 8.70898342133,
        "dvar2": 18.271364212,
        "max": 26.6733703613,
        "mean": 13.3309059143,
        "median": 12.2195215225,
        "min": 2.29794311523,
        "var": 41.2632675171
    },
    "barkbands_flatness_db": {
        "dmean": 0.0307816006243,
        "dmean2": 0.0425162240863,
        "dvar": 0.00139176112134,
        "dvar2": 0.00242398912087,
        "max": 0.554071843624,
        "mean": 0.149465620518,
        "median": 0.135937124491,
        "min": 0.0179202072322,
        "var": 0.00666518323123
    },
    "barkbands_kurtosis": {
        "dmean": 12.4571409225,
        "dmean2": 17.3988342285,
        "dvar": 2359.93701172,
        "dvar2": 4927.36816406,
        "max": 1398.35131836,
        "mean": 15.3244876862,
        "median": 1.54424858093,
        "min": -1.79794454575,
        "var": 3104.99023438
    },
    "barkbands_skewness": {
        "dmean": 0.971038281918,
        "dmean2": 1.31556510925,
        "dvar": 2.42185878754,
        "dvar2": 4.01490497589,
        "max": 31.7554416656,
        "mean": 2.15206241608,
        "median": 1.24970698357,
        "min": -3.07172346115,
        "var": 8.65103721619
    },
    "barkbands_spread": {
        "dmean": 6.32287502289,
        "dmean2": 9.37920570374,
        "dvar": 58.7059211731,
        "dvar2": 117.428131104,
        "max": 104.910476685,
        "mean": 23.0179023743,
        "median": 18.5142822266,
        "min": 0.119731262326,
        "var": 293.613067627
    },
    "dissonance": {
        "dmean": 0.0216360893101,
        "dmean2": 0.0370232760906,
        "dvar": 0.000466179975774,
        "dvar2": 0.00125667080283,
        "max": 0.5,
        "mean": 0.464366585016,
        "median": 0.473042339087,
        "min": 0.262727469206,
        "var": 0.000993594876491
    },
    "dynamic_complexity": 2.41577243805,
    "erbbands_crest": {
        "dmean": 2.66121411324,
        "dmean2": 4.36400222778,
        "dvar": 5.91597270966,
        "dvar2": 14.5918159485,
        "max": 33.3639411926,
        "mean": 8.73319721222,
        "median": 7.77590942383,
        "min": 2.1075091362,
        "var": 16.5337276459
    },
    "erbbands_flatness_db": {
        "dmean": 0.017274286598,
        "dmean2": 0.0261396840215,
        "dvar": 0.000328445137711,
        "dvar2": 0.000643748557195,
        "max": 0.387690067291,
        "mean": 0.150917410851,
        "median": 0.135265424848,
        "min": 0.0479507632554,
        "var": 0.00407206499949
    },
    "erbbands_kurtosis": {
        "dmean": 1.17794167995,
        "dmean2": 1.83146166801,
        "dvar": 2.59101986885,
        "dvar2": 5.69058799744,
        "max": 69.7124404907,
        "mean": 1.32378649712,
        "median": 0.526803016663,
        "min": -1.70136511326,
        "var": 8.45607757568
    },
    "erbbands_skewness": {
        "dmean": 0.368879914284,
        "dmean2": 0.559055328369,
        "dvar": 0.122302688658,
        "dvar2": 0.271508663893,
        "max": 3.76595616341,
        "mean": 0.310796260834,
        "median": 0.327950924635,
        "min": -3.62077999115,
        "var": 0.43867456913
    },
    "erbbands_spread": {
        "dmean": 9.13572025299,
        "dmean2": 13.7957601547,
        "dvar": 115.504722595,
        "dvar2": 226.887649536,
        "max": 150.55116272,
        "mean": 36.5130882263,
        "median": 32.2548713684,
        "min": 1.61259067059,
        "var": 485.958526611
    },
    "hfc": {
        "dmean": 12.4007234573,
        "dmean2": 17.9975242615,
        "dvar": 357.659057617,
        "dvar2": 763.899719238,
        "max": 302.564819336,
        "mean": 31.1348438263,
        "median": 22.344543457,
        "min": 1.09580632534e-16,
        "var": 922.66394043
    },
    "melbands_crest": {
        "dmean": 3.92145466805,
        "dmean2": 6.2345366478,
        "dvar": 14.7991771698,
        "dvar2": 37.434715271,
        "max": 36.4123458862,
        "mean": 19.8303451538,
        "median": 20.0667266846,
        "min": 2.22593998909,
        "var": 78.5325469971
    },
    "melbands_flatness_db": {
        "dmean": 0.0362387187779,
        "dmean2": 0.0497444085777,
        "dvar": 0.0018044046592,
        "dvar2": 0.0033147262875,
        "max": 0.691297829151,
        "mean": 0.223023176193,
        "median": 0.206551656127,
        "min": 0.00613054027781,
        "var": 0.010192043148
    },
    "melbands_kurtosis": {
        "dmean": 20.7907028198,
        "dmean2": 28.775220871,
        "dvar": 2327.50195312,
        "dvar2": 4300.27441406,
        "max": 930.047302246,
        "mean": 33.3537368774,
        "median": 6.27978801727,
        "min": -1.81267917156,
        "var": 5444.11230469
    },
    "melbands_skewness": {
        "dmean": 1.21528530121,
        "dmean2": 1.71356332302,
        "dvar": 2.39685845375,
        "dvar2": 4.21259021759,
        "max": 25.0607242584,
        "mean": 3.43663597107,
        "median": 2.25704979897,
        "min": -2.23454427719,
        "var": 11.9337787628
    },
    "melbands_spread": {
        "dmean": 7.1513171196,
        "dmean2": 10.9867353439,
        "dvar": 70.196395874,
        "dvar2": 159.534591675,
        "max": 220.918212891,
        "mean": 22.6760482788,
        "median": 20.2450027466,
        "min": 0.260662049055,
        "var": 304.835021973
    },
    "pitch_salience": {
        "dmean": 0.0881251245737,
        "dmean2": 0.137081548572,
        "dvar": 0.00883798673749,
        "dvar2": 0.0191818680614,
        "max": 0.863148868084,
        "mean": 0.438072800636,
        "median": 0.465225964785,
        "min": 0.0301443040371,
        "var": 0.0379215665162
    },
    "silence_rate_20dB": {
        "dmean": 0.0119047621265,
        "dmean2": 0.0238124169409,
        "dvar": 0.0117631722242,
        "dvar2": 0.024217100814,
        "max": 1,
        "mean": 0.9843313694,
        "median": 1,
        "min": 0,
        "var": 0.0154230091721
    },
    "silence_rate_30dB": {
        "dmean": 0.0614674426615,
        "dmean2": 0.122949823737,
        "dvar": 0.0576931610703,
        "dvar2": 0.112451799214,
        "max": 1,
        "mean": 0.853030502796,
        "median": 1,
        "min": 0,
        "var": 0.125374227762
    },
    "silence_rate_60dB": {
        "dmean": 0.00121477164794,
        "dmean2": 0.00242983852513,
        "dvar": 0.00121326535009,
        "dvar2": 0.00290986499749,
        "max": 1,
        "mean": 0.00692335702479,
        "median": 0,
        "min": 0,
        "var": 0.00687532592565
    },
    "spectral_centroid": {
        "dmean": 232.050765991,
        "dmean2": 338.023681641,
        "dvar": 72538.8828125,
        "dvar2": 128322.328125,
        "max": 11051.5166016,
        "mean": 1358.84094238,
        "median": 1313.87072754,
        "min": 107.87979126,
        "var": 391313.5625
    },
    "spectral_complexity": {
        "dmean": 4.09062194824,
        "dmean2": 6.05126953125,
        "dvar": 17.97306633,
        "dvar2": 32.7366981506,
        "max": 58,
        "mean": 19.2452335358,
        "median": 18,
        "min": 0,
        "var": 64.2012557983
    },
    "spectral_decrease": {
        "dmean": 6.03939209753e-09,
        "dmean2": 7.37406180562e-09,
        "dvar": 1.18362637044e-16,
        "dvar2": 1.40587788963e-16,
        "max": -1.76887457039e-29,
        "mean": -1.53232893041e-08,
        "median": -8.70738059433e-09,
        "min": -1.75127524926e-07,
        "var": 4.55071997863e-16
    },
    "spectral_energy": {
        "dmean": 0.0234838761389,
        "dmean2": 0.0288910120726,
        "dvar": 0.00170445838012,
        "dvar2": 0.00205303542316,
        "max": 0.665498375893,
        "mean": 0.0606577731669,
        "median": 0.0357818119228,
        "min": 1.05085299669e-20,
        "var": 0.00658059492707
    },
    "spectral_energyband_high": {
        "dmean": 0.000751730578486,
        "dmean2": 0.00106600986328,
        "dvar": 2.26952397497e-06,
        "dvar2": 4.58910608359e-06,
        "max": 0.0248671863228,
        "mean": 0.00159420643467,
        "median": 0.000635571370367,
        "min": 7.42027699928e-21,
        "var": 6.64311755827e-06
    },
    "spectral_energyband_low": {
        "dmean": 0.0205210987478,
        "dmean2": 0.0240109395236,
        "dvar": 0.0019195927307,
        "dvar2": 0.00222785631195,
        "max": 0.661472201347,
        "mean": 0.0438049025834,
        "median": 0.0167330168188,
        "min": 8.05550362076e-23,
        "var": 0.00668883696198
    },
    "spectral_energyband_middle_high": {
        "dmean": 0.00378394126892,
        "dmean2": 0.00587919587269,
        "dvar": 3.63801518688e-05,
        "dvar2": 8.01527421572e-05,
        "max": 0.149479106069,
        "mean": 0.00832042936236,
        "median": 0.00482464348897,
        "min": 1.44713158e-21,
        "var": 0.000127319770399
    },
    "spectral_energyband_middle_low": {
        "dmean": 0.00504089938477,
        "dmean2": 0.00819346867502,
        "dvar": 0.000123488338431,
        "dvar2": 0.000302578089759,
        "max": 0.162271797657,
        "mean": 0.0077935392037,
        "median": 0.00483698863536,
        "min": 3.33802869595e-22,
        "var": 0.000113555695862
    },
    "spectral_entropy": {
        "dmean": 0.16078658402,
        "dmean2": 0.2367695719,
        "dvar": 0.0420276112854,
        "dvar2": 0.0815229043365,
        "max": 9.78794956207,
        "mean": 7.73718118668,
        "median": 7.86136054993,
        "min": 5.21922206879,
        "var": 0.322946310043
    },
    "spectral_flux": {
        "dmean": 0.0392958857119,
        "dmean2": 0.0543949268758,
        "dvar": 0.00245624780655,
        "dvar2": 0.00414459034801,
        "max": 0.676082968712,
        "mean": 0.116684168577,
        "median": 0.0858594924212,
        "min": 1.02931420332e-10,
        "var": 0.00846108142287
    },
    "spectral_kurtosis": {
        "dmean": 1.81031179428,
        "dmean2": 2.96909117699,
        "dvar": 9.27902603149,
        "dvar2": 24.8637886047,
        "max": 51.7618408203,
        "mean": 4.96164798737,
        "median": 3.10041379929,
        "min": -1.28907585144,
        "var": 31.2410507202
    },
    "spectral_rms": {
        "dmean": 0.00127755932044,
        "dmean2": 0.00165057636332,
        "dvar": 2.42467285716e-06,
        "dvar2": 3.63632238987e-06,
        "max": 0.0254807118326,
        "mean": 0.00667950045317,
        "median": 0.00590839097276,
        "min": 3.20190944071e-12,
        "var": 1.45623944263e-05
    },
    "spectral_rolloff": {
        "dmean": 516.939147949,
        "dmean2": 855.154418945,
        "dvar": 972604.875,
        "dvar2": 2207542.75,
        "max": 18518.5546875,
        "mean": 1425.1661377,
        "median": 1119.7265625,
        "min": 64.599609375,
        "var": 2640988.5
    },
    "spectral_skewness": {
        "dmean": 0.234756469727,
        "dmean2": 0.368691563606,
        "dvar": 0.0854027196765,
        "dvar2": 0.19895362854,
        "max": 5.58202028275,
        "mean": 1.72583031654,
        "median": 1.55891764164,
        "min": -0.00833729654551,
        "var": 0.387180626392
    },
    "spectral_spread": {
        "dmean": 607269.75,
        "dmean2": 918078.875,
        "dvar": 843205378048,
        "dvar2": 1.40957279846e+12,
        "max": 39821928,
        "mean": 5757008,
        "median": 6067519,
        "min": 1097729.5,
        "var": 5.91807014502e+12
    },
    "spectral_strongpeak": {
        "dmean": 0.486596256495,
        "dmean2": 0.764993786812,
        "dvar": 0.853870630264,
        "dvar2": 2.09975242615,
        "max": 18.6711730957,
        "mean": 1.03888309002,
        "median": 0.530897855759,
        "min": 0,
        "var": 2.58668899536
    },
    "zerocrossingrate": {
        "dmean": 0.0116610955447,
        "dmean2": 0.0135930357501,
        "dvar": 0.00019320314459,
        "dvar2": 0.000242791094934,
        "max": 0.5087890625,
        "mean": 0.0611967109144,
        "median": 0.05126953125,
        "min": 0.001953125,
        "var": 0.0019465306541
    },
    "barkbands": {
        "dmean": [0.00128730735742, 0.0200911369175, 0.00558622041717, 0.00210691196844, 0.00156081991736, 0.000755145854782, 0.000411557295593, 0.000397743919166, 0.00144116568845, 0.000814891187474, 0.000832067744341, 0.00108575052582, 0.000799144560006, 0.00083188287681, 0.00070612563286, 0.000326442153892, 0.000136723872856, 0.000112863170216, 6.57007403788e-05, 7.57593661547e-05, 9.142759518e-05, 0.000103791418951, 0.000174068234628, 0.000183408032171, 0.000186003788258, 8.56063707033e-05, 8.37133120513e-06],
        "dmean2": [0.0019326802576, 0.0252962484956, 0.00940749887377, 0.00374830886722, 0.0027808023151, 0.00115675164852, 0.00066576723475, 0.000668991822749, 0.00236737378873, 0.00129484478384, 0.00137374142651, 0.00177563156467, 0.00132025964558, 0.00136486720294, 0.00113200431224, 0.00054172979435, 0.000223456896492, 0.000183844720596, 0.000105464197986, 0.000121009841678, 0.000143275610753, 0.000162622731295, 0.000258589570876, 0.000269698764896, 0.000280061416561, 0.000123716512462, 1.3291648429e-05],
        "dvar": [3.97087296733e-06, 0.00216839741915, 0.000534145103302, 5.74202058488e-05, 2.04988828045e-05, 1.43456145452e-06, 7.08017466877e-07, 8.88014426437e-07, 5.10700147061e-06, 4.99700081491e-06, 4.24516156272e-06, 6.37488847133e-06, 1.95325515051e-06, 3.33110756401e-06, 7.32749140298e-06, 5.48205150608e-07, 5.62148585459e-08, 5.48354250895e-08, 1.22866650187e-08, 2.3215450895e-08, 3.75940274466e-08, 4.25579074204e-08, 1.47098475622e-07, 1.51480563204e-07, 1.93734592813e-07, 3.97164470201e-08, 2.95043323106e-10],
        "dvar2": [9.65959952737e-06, 0.00282768299803, 0.00137429707684, 0.000162123615155, 5.83015207667e-05, 3.54460144081e-06, 1.8712801193e-06, 2.39129053625e-06, 1.30460975925e-05, 1.05061344584e-05, 9.79625929176e-06, 1.45776193676e-05, 4.88106888952e-06, 8.06478146842e-06, 1.51307831402e-05, 1.38624500323e-06, 1.37356479968e-07, 1.38294055319e-07, 2.89855215385e-08, 5.49251666371e-08, 8.26528960829e-08, 9.26793504163e-08, 3.20530915587e-07, 3.2716306464e-07, 4.30735212831e-07, 8.03232467206e-08, 6.971301314e-10],
        "max": [0.021815629676, 0.648807644844, 0.38009673357, 0.136737659574, 0.0549488291144, 0.0215128790587, 0.0162537377328, 0.0168710723519, 0.0255059376359, 0.121838003397, 0.0877610966563, 0.117969617248, 0.0544929094613, 0.0423242822289, 0.119694717228, 0.0216864533722, 0.00971949100494, 0.00819211732596, 0.00258674938232, 0.00433094846085, 0.0067888526246, 0.00366828287952, 0.00941948406398, 0.0103098023683, 0.0124521711841, 0.00355181540363, 0.00023401567887],
        "mean": [0.00237185019068, 0.0363321080804, 0.0043410086073, 0.00189546367619, 0.00160732248332, 0.00123311241623, 0.000518896558788, 0.000425467500463, 0.00187980162445, 0.00123828952201, 0.00123108213302, 0.00155275058933, 0.00107584358193, 0.00123133778106, 0.00108260754496, 0.000451746513136, 0.000221083653742, 0.000182970790775, 0.000116102070024, 0.000129725100123, 0.000170237442944, 0.000194887572434, 0.000309410243062, 0.000352928385837, 0.000350222690031, 0.00014675197599, 1.4654552615e-05],
        "median": [0.00115517282393, 0.0112675763667, 0.000348595931428, 0.000477071851492, 0.000576848629862, 0.000720754789654, 0.000190534585272, 0.000160713127116, 0.000990362372249, 0.000380061333999, 0.000452070351457, 0.000535214843694, 0.000514758867212, 0.000472919578897, 0.000304617511574, 0.000232517821132, 0.000123034871649, 0.000109015592898, 7.40233663237e-05, 7.35198991606e-05, 7.58688838687e-05, 7.49790560803e-05, 0.000108905296656, 0.000149106999743, 0.000110047018097, 3.41077029589e-05, 1.46618390318e-06],
        "min": [5.48865310264e-23, 9.17109888001e-24, 2.92623819161e-23, 2.75146006271e-23, 2.85335564812e-23, 2.55094881777e-23, 1.49371254166e-23, 4.67502827588e-23, 9.8776896392e-23, 7.14988499068e-23, 7.24931933006e-23, 1.38289348791e-22, 1.18638142066e-22, 8.24813272531e-23, 8.68045563819e-23, 8.34529198984e-23, 1.16211706896e-22, 1.56553359391e-22, 1.94475013821e-22, 1.81771753162e-22, 3.37560245641e-22, 4.41248855086e-22, 5.18757354654e-22, 1.0743675645e-21, 9.84926540306e-22, 1.7056381432e-21, 2.04161523967e-21],
        "var": [8.03874900157e-06, 0.00561386486515, 0.000395625364035, 3.6158162402e-05, 1.39729263537e-05, 2.35569518736e-06, 1.03023137399e-06, 8.54715494825e-07, 6.49108051221e-06, 9.54770712269e-06, 1.44909436131e-05, 2.540330388e-05, 3.41095119438e-06, 7.03467458152e-06, 1.51628555614e-05, 6.42777649773e-07, 1.46062504314e-07, 7.49740536321e-08, 2.0558477587e-08, 3.61872629639e-08, 9.91778179582e-08, 1.06749510564e-07, 3.22321056956e-07, 3.17455487675e-07, 4.6657578423e-07, 7.90942209505e-08, 6.67175314994e-10]
    },
    "erbbands": {
        "dmean": [0.766624212265, 4.44979763031, 6.80546236038, 6.49777507782, 5.81688976288, 5.06645774841, 4.02665996552, 7.23097705841, 5.41762685776, 7.49767923355, 10.2925415039, 28.3705005646, 30.7284412384, 28.2614154816, 37.4571228027, 37.3194847107, 35.1760368347, 36.5491523743, 39.5452346802, 28.1974563599, 15.1324014664, 7.50529718399, 5.97675895691, 4.17101144791, 3.6350209713, 3.30458831787, 3.51033616066, 3.65080165863, 3.81629252434, 4.31182670593, 4.77100515366, 3.76589465141, 3.26041197777, 2.46099281311, 1.14668893814, 0.446556448936, 0.141275823116, 0.0312329027802, 0.000732514250558, 4.12964072893e-05],
        "dmean2": [0.922845721245, 5.59034824371, 10.386882782, 11.0823793411, 9.99349689484, 9.08791637421, 6.63066196442, 10.9795255661, 8.61317157745, 12.4087867737, 17.1537704468, 47.0428352356, 49.3894996643, 44.4571609497, 60.7455711365, 61.4158401489, 58.2611198425, 59.3088150024, 63.4901733398, 45.351360321, 25.0753479004, 12.0227899551, 9.57334423065, 6.63324928284, 5.78613090515, 5.2650384903, 5.50179958344, 5.68050050735, 6.01444625854, 6.6150932312, 7.18184614182, 5.45103693008, 4.93830776215, 3.7352104187, 1.7745398283, 0.646558821201, 0.203821972013, 0.0461231730878, 0.00109298049938, 5.55623846594e-05],
        "dvar": [2.39932012558, 125.294937134, 596.430175781, 600.240966797, 284.208129883, 220.322677612, 88.2442779541, 123.563194275, 117.699295044, 306.809967041, 515.280700684, 2423.11254883, 2987.1730957, 5162.03515625, 5708.08398438, 6628.89306641, 3696.34692383, 3849.92993164, 15250.2636719, 18691.8847656, 962.594909668, 190.14024353, 118.629394531, 58.4954071045, 43.0612792969, 36.5428504944, 59.0734367371, 60.5801544189, 58.7895927429, 92.8991088867, 112.092857361, 51.981590271, 55.1547546387, 35.0762062073, 7.68264722824, 1.16495597363, 0.108878731728, 0.00391151104122, 2.1475725589e-06, 4.03045596897e-09],
        "dvar2": [3.19253659248, 178.126571655, 1391.03344727, 1593.18908691, 781.616149902, 618.884460449, 243.083374023, 299.780670166, 323.218109131, 828.171325684, 1357.42260742, 6358.47363281, 7081.03759766, 9663.91210938, 12374.7207031, 15844.3300781, 9056.66015625, 9322.63671875, 35802.5117188, 40374.15625, 2364.54638672, 451.302856445, 281.848754883, 141.630905151, 101.3852005, 83.4371414185, 128.119415283, 134.040786743, 127.166999817, 210.245361328, 247.378814697, 104.047729492, 123.116226196, 79.9532089233, 18.0168056488, 2.37130618095, 0.231904700398, 0.00823443476111, 4.66133133159e-06, 7.12337655528e-09],
        "max": [22.9957733154, 163.14503479, 408.733734131, 460.256774902, 214.13218689, 188.032577515, 142.393890381, 214.320068359, 257.428466797, 432.117736816, 251.911529541, 494.162719727, 1908.8605957, 4945.4609375, 4191.80810547, 3267.36010742, 2104.27026367, 1541.65466309, 4134.64794922, 8710.72851562, 690.114379883, 533.592285156, 299.694061279, 226.881408691, 162.864120483, 131.014862061, 219.445983887, 239.15411377, 138.374542236, 295.369934082, 222.189544678, 146.490966797, 232.702835083, 205.638931274, 57.7884864807, 20.482749939, 7.00493431091, 0.873383939266, 0.0195040274411, 0.000777268083766],
        "mean": [1.38566219807, 6.71703100204, 6.67022514343, 5.63391923904, 6.53616380692, 4.62091016769, 5.86841821671, 11.5454759598, 7.44568824768, 9.37071323395, 11.6067686081, 35.5830192566, 45.8660354614, 45.7733230591, 61.6276054382, 53.0636291504, 49.9620475769, 56.4480857849, 63.8774681091, 44.2455482483, 22.2386074066, 12.6891212463, 10.5136003494, 7.34728622437, 6.61306619644, 5.91989803314, 6.22778367996, 6.75040435791, 7.17633867264, 7.57761907578, 8.50266551971, 7.40256595612, 6.01481771469, 4.53461551666, 2.083589077, 0.745936214924, 0.235216885805, 0.0597123913467, 0.00141703372356, 0.000109826032713],
        "median": [0.472950160503, 1.4675090313, 0.887450039387, 1.2619342804, 1.95218396187, 1.53414809704, 2.97600221634, 6.58827447891, 3.71293330193, 3.23693656921, 5.77332544327, 18.3448677063, 21.5690898895, 17.4101200104, 26.7421302795, 21.5445137024, 24.1673316956, 23.4605503082, 18.4691333771, 16.6820869446, 11.9363098145, 7.35181951523, 6.68655920029, 4.70355129242, 4.22495698929, 3.51871347427, 3.03127360344, 2.75476264954, 2.7296898365, 2.67005419731, 3.16515469551, 2.69939112663, 2.53220844269, 1.5757278204, 0.596760809422, 0.165682345629, 0.051873344928, 0.00828559603542, 0.000245090457611, 6.72188034514e-05],
        "min": [5.3329466012e-22, 1.90017926988e-21, 2.37519355275e-20, 9.20176005178e-20, 6.6103227461e-20, 9.82959142918e-20, 2.09882281657e-19, 1.60057742469e-19, 1.42803711319e-19, 8.64591510117e-19, 9.86572112737e-19, 1.39460883178e-18, 2.65526982543e-18, 1.91548684165e-18, 2.83267442422e-18, 4.93773720699e-18, 5.81981821039e-18, 3.97094835937e-18, 6.20349435699e-18, 4.88752899817e-18, 5.61204078027e-18, 7.67018112241e-18, 7.57548631306e-18, 7.90860021754e-18, 1.31222377276e-17, 8.66588903142e-18, 1.03317902533e-17, 1.58895704669e-17, 1.57894204014e-17, 1.5226452857e-17, 1.55274043249e-17, 1.97078461006e-17, 1.85634218708e-17, 1.19375579261e-17, 6.73820996113e-18, 6.36759747794e-18, 3.01361956283e-18, 1.04555763844e-18, 2.95951755637e-19, 2.95268065011e-20],
        "var": [6.32640504837, 274.782073975, 589.06439209, 425.266143799, 244.412857056, 144.561248779, 89.5281982422, 215.099182129, 139.789077759, 529.643066406, 431.55255127, 2518.01611328, 4935.99511719, 13445.7021484, 28106.7285156, 17557.546875, 7097.40625, 9246.24121094, 37497.8085938, 30607.2851562, 1283.59692383, 436.580993652, 224.401184082, 88.8002853394, 71.1971282959, 67.4832458496, 138.631057739, 150.247711182, 151.906066895, 213.387649536, 226.758056641, 137.468963623, 101.019325256, 75.0792388916, 17.3095855713, 2.51755428314, 0.198605597019, 0.00974407885224, 5.27273914486e-06, 1.31084378907e-08]
    },
    "gfcc": {
        "mean": [17.7511463165, 75.5974121094, -111.623825073, 16.2077331543, -49.0739707947, 39.1370735168, -30.3081741333, 12.270157814, -20.2556018829, 5.67708969116, -13.7247619629, 2.8187084198, -6.03966522217],
        "cov": [[4932.77734375, -2023.55053711, 955.894958496, 346.806152344, -118.804199219, 657.584411621, -223.515014648, 453.750457764, -154.101409912, 313.578186035, -62.1972618103, 325.658294678, -184.774841309], [-2023.55053711, 2213.84692383, -391.058349609, -200.427017212, 124.304298401, -454.400878906, 188.751815796, -342.199249268, 89.4895324707, -249.39213562, 28.1750354767, -287.00668335, 123.723937988], [955.894958496, -391.058349609, 1359.93823242, 396.481811523, 116.495147705, 574.599487305, 271.754425049, 332.928894043, 125.179107666, 223.461517334, 129.015548706, 195.427032471, 2.15001893044], [346.806152344, -200.427017212, 396.481811523, 369.084533691, 92.86769104, 183.800521851, 105.240692139, 102.492034912, 70.6272583008, 93.5851821899, 41.3388671875, 72.8860855103, 7.46683597565], [-118.804199219, 124.304298401, 116.495147705, 92.86769104, 363.703063965, 166.844650269, 170.025848389, 79.1535491943, 125.696884155, 37.2925949097, 68.6051712036, 17.7651977539, 28.3084106445], [657.584411621, -454.400878906, 574.599487305, 183.800521851, 166.844650269, 554.145690918, 219.931488037, 269.141998291, 105.220039368, 179.107955933, 106.939849854, 149.657272339, 28.0774307251], [-223.515014648, 188.751815796, 271.754425049, 105.240692139, 170.025848389, 219.931488037, 296.356719971, 119.247413635, 116.749137878, 59.2710227966, 77.8617248535, 42.2131690979, 48.0032691956], [453.750457764, -342.199249268, 332.928894043, 102.492034912, 79.1535491943, 269.141998291, 119.247413635, 241.319595337, 83.8296508789, 108.426269531, 64.9825744629, 94.4794845581, 15.1730213165], [-154.101409912, 89.4895324707, 125.179107666, 70.6272583008, 125.696884155, 105.220039368, 116.749137878, 83.8296508789, 148.696136475, 61.9464836121, 74.3651123047, 30.0657672882, 42.5604934692], [313.578186035, -249.39213562, 223.461517334, 93.5851821899, 37.2925949097, 179.107955933, 59.2710227966, 108.426269531, 61.9464836121, 150.324508667, 66.6606903076, 85.8918914795, 22.4687232971], [-62.1972618103, 28.1750354767, 129.015548706, 41.3388671875, 68.6051712036, 106.939849854, 77.8617248535, 64.9825744629, 74.3651123047, 66.6606903076, 114.251998901, 60.2618484497, 46.9189186096], [325.658294678, -287.00668335, 195.427032471, 72.8860855103, 17.7651977539, 149.657272339, 42.2131690979, 94.4794845581, 30.0657672882, 85.8918914795, 60.2618484497, 136.695800781, 26.1964645386], [-184.774841309, 123.723937988, 2.15001893044, 7.46683597565, 28.3084106445, 28.0774307251, 48.0032691956, 15.1730213165, 42.5604934692, 22.4687232971, 46.9189186096, 26.1964645386, 91.445640564]],
        "icov": [[0.000480356800836, -1.62786582223e-05, -8.89016009751e-05, -0.000170853716554, -0.000130948916194, -0.000341402075719, 0.000802663562354, -0.000697195937391, 0.000625398010015, -0.000453961401945, 0.000617401616182, -0.0005581661826, 0.000511958554853], [-1.62786582223e-05, 0.00179264647886, -0.000613282551058, 0.000617437297478, -0.000123566627735, 0.00114076479804, -0.00198116432875, 0.00214580562897, -0.000947632477619, 0.00127278931905, -0.00161647342611, 0.00274098291993, -0.00194987736177], [-8.89016009751e-05, -0.000613282551058, 0.00202934094705, -0.0013506320538, 0.000671585963573, -0.00135237851646, -6.68002830935e-05, -0.00119869865011, 0.000355362397386, -0.000342472892953, -0.000175701803528, -0.00108227005694, 0.00147292960901], [-0.000170853716554, 0.000617437297478, -0.0013506320538, 0.00467496598139, -0.000714479363523, 0.000824104470666, -0.00114140519872, 0.00155968870968, -0.00147552054841, -0.00072162062861, 0.000731454812922, 0.00021454434318, -0.000794768624473], [-0.000130948916194, -0.000123566627735, 0.000671585963573, -0.000714479363523, 0.00495710875839, -0.00157165946439, -0.00134055677336, 0.000680029275827, -0.0032272299286, 0.00153468362987, -0.000963645987213, 0.000478940055473, 0.000966182502452], [-0.000341402075719, 0.00114076479804, -0.00135237851646, 0.000824104470666, -0.00157165946439, 0.00757969170809, -0.00368851213716, -0.00177438731771, 0.00137624435592, -0.00199998915195, -0.00140369206201, 0.00084353715647, -0.00154940446373], [0.000802663562354, -0.00198116432875, -6.68002830935e-05, -0.00114140519872, -0.00134055677336, -0.00368851213716, 0.0106694838032, -0.00370662193745, -0.000591087562498, -0.000216752494453, 0.0020308168605, -0.00271330075338, 0.00102248264011], [-0.000697195937391, 0.00214580562897, -0.00119869865011, 0.00155968870968, 0.000680029275827, -0.00177438731771, -0.00370662193745, 0.014456060715, -0.00585043942556, 0.00129608786665, -0.00162945420016, 0.0015803280985, -0.00174194842111], [0.000625398010015, -0.000947632477619, 0.000355362397386, -0.00147552054841, -0.0032272299286, 0.00137624435592, -0.000591087562498, -0.00585043942556, 0.0179058238864, -0.00499525945634, -0.00379394274205, 0.000988681917079, -0.000927550485358], [-0.000453961401945, 0.00127278931905, -0.000342472892953, -0.00072162062861, 0.00153468362987, -0.00199998915195, -0.000216752494453, 0.00129608786665, -0.00499525945634, 0.0170791037381, -0.00492508010939, -0.00138818856794, -0.00148154865019], [0.000617401616182, -0.00161647342611, -0.000175701803528, 0.000731454812922, -0.000963645987213, -0.00140369206201, 0.0020308168605, -0.00162945420016, -0.00379394274205, -0.00492508010939, 0.0213307905942, -0.00785605516285, -0.00240538851358], [-0.0005581661826, 0.00274098291993, -0.00108227005694, 0.00021454434318, 0.000478940055473, 0.00084353715647, -0.00271330075338, 0.0015803280985, 0.000988681917079, -0.00138818856794, -0.00785605516285, 0.0198307987303, -0.00584277091548], [0.000511958554853, -0.00194987736177, 0.00147292960901, -0.000794768624473, 0.000966182502452, -0.00154940446373, 0.00102248264011, -0.00174194842111, -0.000927550485358, -0.00148154865019, -0.00240538851358, -0.00584277091548, 0.0182709116489]]
    },
    "melbands": {
        "dmean": [0.00606639962643, 0.00385494646616, 0.00106248969678, 0.000392061803723, 0.000150228152052, 0.000154980574735, 8.27060648589e-05, 8.31728248158e-05, 9.72320995061e-05, 0.000196772045456, 0.000155870046001, 0.000116311464808, 0.000127311315737, 0.000127062739921, 9.15102646104e-05, 7.56292211008e-05, 6.83653779561e-05, 6.97515279171e-05, 5.05084208271e-05, 2.73529458354e-05, 1.72307809407e-05, 7.33183787816e-06, 7.46637215343e-06, 6.42107124804e-06, 3.27229486174e-06, 2.56078692473e-06, 3.21229845213e-06, 2.10608709494e-06, 2.29693023357e-06, 2.3061434149e-06, 2.2660947252e-06, 2.27703208111e-06, 2.25699841394e-06, 2.85231271846e-06, 3.04054856315e-06, 2.58918180407e-06, 2.3810212042e-06, 2.50933976531e-06, 2.29671309171e-06, 2.16324042412e-06],
        "dmean2": [0.00741072744131, 0.004994364921, 0.00175037968438, 0.000697523879353, 0.000251050485531, 0.00023573958606, 0.000131604960188, 0.000137982249726, 0.000162704658578, 0.00032494959305, 0.000250615848927, 0.000183251220733, 0.000208591431146, 0.000206264536246, 0.000151183092385, 0.000125083664898, 0.000111361070594, 0.000113169953693, 8.25870229164e-05, 4.47360434919e-05, 2.89770887321e-05, 1.19050191643e-05, 1.20919457913e-05, 1.05636681837e-05, 5.2353702813e-06, 4.12938652516e-06, 5.2196537581e-06, 3.37650817528e-06, 3.63937056136e-06, 3.70702605323e-06, 3.53261884811e-06, 3.6122532947e-06, 3.53175596501e-06, 4.47139154858e-06, 4.74728540212e-06, 3.77917717742e-06, 3.58120610144e-06, 3.83986025554e-06, 3.64143124898e-06, 3.28000692207e-06],
        "dvar": [0.000172413565451, 0.000115724811621, 1.32997274704e-05, 1.32651825879e-06, 1.28503600649e-07, 5.66198607999e-08, 2.55447467623e-08, 3.75377844364e-08, 4.2062367811e-08, 1.05000353301e-07, 8.53062473993e-08, 9.39281861179e-08, 7.84288758382e-08, 7.9415301002e-08, 5.65865612145e-08, 1.37135440781e-08, 1.47843115528e-08, 4.68654803853e-08, 3.79551430285e-08, 1.46718548422e-08, 1.20043641694e-09, 2.13724454801e-10, 1.66633540299e-10, 2.23996321491e-10, 3.45455955508e-11, 2.0640669729e-11, 5.62083851685e-11, 1.51081716582e-11, 2.75277526468e-11, 3.37248735882e-11, 2.19412231439e-11, 2.14231774681e-11, 2.10419667801e-11, 4.15421273769e-11, 4.97555156798e-11, 2.62850019528e-11, 2.26104482359e-11, 2.98952841649e-11, 4.52069215395e-11, 2.49800648916e-11],
        "dvar2": [0.000215687381569, 0.000202323979465, 3.35729346261e-05, 3.74118644686e-06, 3.50092250301e-07, 1.37393016075e-07, 6.93485731063e-08, 1.02230224286e-07, 1.10872072412e-07, 2.73903367543e-07, 2.05031469136e-07, 1.75273413561e-07, 1.84701349326e-07, 1.83146539712e-07, 1.06934656685e-07, 3.47338691142e-08, 3.53715989831e-08, 1.12330113211e-07, 7.18543660128e-08, 3.68347841118e-08, 2.98600877358e-09, 5.0911724836e-10, 3.95038557421e-10, 5.76166225841e-10, 8.26632928774e-11, 4.99325893133e-11, 1.36146829921e-10, 3.48510630077e-11, 5.98790739215e-11, 8.00144603352e-11, 4.83691142694e-11, 4.73570072046e-11, 4.7696874228e-11, 9.60185472798e-11, 1.14652072558e-10, 5.24356010001e-11, 4.8476566511e-11, 6.53256407301e-11, 1.13318847361e-10, 5.72478141281e-11],
        "max": [0.191504508257, 0.180565953255, 0.067327529192, 0.0140637988225, 0.00619491562247, 0.00462918682024, 0.00347387767397, 0.00413271412253, 0.00228100130334, 0.00341947074048, 0.0113048078492, 0.0198210403323, 0.0135149387643, 0.0171176753938, 0.0160265844315, 0.00259652081877, 0.00296464306302, 0.00588519917801, 0.00895444396883, 0.00689627788961, 0.00070173421409, 0.000471183651825, 0.00051671511028, 0.000538087449968, 0.000156254376634, 0.000112595793325, 0.000275461905403, 7.90181584307e-05, 0.000201943796128, 0.000246940879151, 8.94647673704e-05, 0.000105608269223, 9.27612418309e-05, 0.000186067758477, 0.000151425818331, 0.000116276052722, 0.000116452130897, 0.000129471591208, 0.000317536352668, 0.00013167328143],
        "mean": [0.0110874129459, 0.00540398806334, 0.00104182295036, 0.000396844203351, 0.000202923969482, 0.000250886572758, 0.000112459681986, 0.000101609715784, 0.000107150750409, 0.000251852499787, 0.000231710451772, 0.000184021599125, 0.000199928763323, 0.000188414036529, 0.000118414143799, 0.000104332633782, 0.000102548307041, 0.00010689078772, 7.57969755796e-05, 3.86879619327e-05, 2.34763738263e-05, 1.15795328384e-05, 1.18722582556e-05, 9.57020802161e-06, 5.43492660654e-06, 4.40137455371e-06, 5.38542326467e-06, 3.45013131664e-06, 3.57300950782e-06, 4.14502119384e-06, 3.80963524549e-06, 4.08305686506e-06, 3.82355574402e-06, 4.59276316178e-06, 4.985184205e-06, 4.91881792186e-06, 4.39674204245e-06, 4.31845182902e-06, 3.97798021368e-06, 3.82644475394e-06],
        "median": [0.00380969489925, 0.00114056188613, 0.000259466323769, 0.000128172338009, 0.000101973870187, 0.000144339166582, 5.45477851119e-05, 3.63751278201e-05, 4.89980920975e-05, 0.000131752589368, 0.000105768696812, 6.27565023024e-05, 7.96148451627e-05, 6.59886864014e-05, 4.48120845249e-05, 5.32125486643e-05, 4.01912038797e-05, 2.75355378108e-05, 2.41971210926e-05, 1.50201703946e-05, 1.18262614706e-05, 6.26642440693e-06, 6.14688951828e-06, 5.36695324627e-06, 3.32706144945e-06, 2.68969711215e-06, 2.89304421131e-06, 1.87539387753e-06, 1.64806124303e-06, 1.7855625174e-06, 1.43239140016e-06, 1.46111040067e-06, 1.37998540595e-06, 1.51265533077e-06, 1.82665939974e-06, 1.72625152572e-06, 1.62910134804e-06, 1.74599335878e-06, 1.58284399276e-06, 1.18247783121e-06],
        "min": [5.60171548747e-24, 8.95674407282e-24, 1.54115905412e-23, 6.7672622081e-24, 6.0868665219e-24, 3.79078233319e-24, 2.54327493666e-24, 1.16551153743e-23, 6.84077063383e-24, 1.18948833356e-23, 1.34315118038e-23, 6.81599014622e-24, 1.02399833185e-23, 1.0427590219e-23, 8.73616988625e-24, 1.1308254812e-23, 6.33860741955e-24, 1.04381932984e-23, 7.2043637248e-24, 4.99818443573e-24, 7.59481989617e-24, 6.88049056927e-24, 6.49089898945e-24, 6.14676236385e-24, 6.11314978954e-24, 8.51684998852e-24, 8.93900101334e-24, 4.7728857612e-24, 5.60638791061e-24, 7.88870687096e-24, 8.79014217166e-24, 9.42072602486e-24, 7.53118248694e-24, 8.91996737742e-24, 9.35377461097e-24, 8.27351322053e-24, 1.29115041614e-23, 1.31039633453e-23, 1.1051431678e-23, 8.30453280904e-24],
        "var": [0.000461625197204, 0.000212520928471, 1.06477627924e-05, 9.24887160636e-07, 1.16674591766e-07, 9.77070229169e-08, 3.12579508943e-08, 5.81781591791e-08, 3.65297481153e-08, 1.18200510713e-07, 1.38546994322e-07, 2.37465258124e-07, 2.96811066391e-07, 4.42180862592e-07, 1.29018488337e-07, 2.36772947915e-08, 3.57498919357e-08, 1.10032523537e-07, 7.23899660215e-08, 1.83100006268e-08, 1.50589973824e-09, 4.23835272434e-10, 4.55805365673e-10, 2.77609213395e-10, 5.15237019716e-11, 3.22517915152e-11, 7.42101866069e-11, 2.63935193145e-11, 5.38390582117e-11, 7.51272030697e-11, 4.86415768775e-11, 5.28192940774e-11, 4.71706528005e-11, 8.27915930257e-11, 8.39699004773e-11, 7.08927361259e-11, 4.91551244153e-11, 5.29317596698e-11, 6.47339890025e-11, 5.51751214162e-11]
    },
    "mfcc": {
        "mean": [-628.400695801, 114.502693176, 1.81177151203, -5.1056599617, 9.63554668427, 17.672334671, 10.0216436386, 9.18422889709, 5.55957174301, 7.14223575592, 0.460189253092, 0.928383350372, -1.44030249119],
        "cov": [[4068.41967773, -1793.28063965, 629.755859375, -199.708938599, 288.801513672, 19.4076709747, 101.226417542, 84.3004074097, -3.96082782745, -7.66412258148, 122.246582031, 24.082069397, 93.668182373], [-1793.28063965, 1899.53051758, -392.508850098, 150.091064453, -195.513381958, -48.023223877, -75.3477630615, -106.049911499, -13.7807598114, -25.449804306, -124.624717712, -43.7395362854, -109.024971008], [629.755859375, -392.508850098, 1146.68969727, 61.6462974548, 159.541900635, 228.634262085, 261.4425354, 221.705093384, 136.212265015, 104.016113281, 169.824966431, 151.90145874, 156.85118103], [-199.708938599, 150.091064453, 61.6462974548, 291.0909729, 23.9462203979, 49.9456634521, -15.6328554153, 6.35440635681, 14.5436038971, 6.44347524643, 11.3619499207, 7.19317579269, 2.89216113091], [288.801513672, -195.513381958, 159.541900635, 23.9462203979, 256.410125732, 111.260269165, 107.141716003, 102.044075012, 70.8512039185, 73.8626022339, 88.3835830688, 62.1950836182, 54.4194717407], [19.4076709747, -48.023223877, 228.634262085, 49.9456634521, 111.260269165, 265.942779541, 157.058242798, 137.501678467, 88.2319564819, 79.1818618774, 111.003791809, 57.186920166, 83.8653717041], [101.226417542, -75.3477630615, 261.4425354, -15.6328554153, 107.141716003, 157.058242798, 229.474624634, 156.402252197, 111.304962158, 78.0924453735, 99.2460021973, 79.1643218994, 75.495010376], [84.3004074097, -106.049911499, 221.705093384, 6.35440635681, 102.044075012, 137.501678467, 156.402252197, 207.49105835, 103.916511536, 70.4851150513, 102.320198059, 65.6468505859, 75.1962280273], [-3.96082782745, -13.7807598114, 136.212265015, 14.5436038971, 70.8512039185, 88.2319564819, 111.304962158, 103.916511536, 132.098831177, 74.8471450806, 68.3584594727, 54.0792236328, 48.8604774475], [-7.66412258148, -25.449804306, 104.016113281, 6.44347524643, 73.8626022339, 79.1818618774, 78.0924453735, 70.4851150513, 74.8471450806, 103.306167603, 71.8277816772, 40.0278968811, 38.0836753845], [122.246582031, -124.624717712, 169.824966431, 11.3619499207, 88.3835830688, 111.003791809, 99.2460021973, 102.320198059, 68.3584594727, 71.8277816772, 130.427871704, 71.0265274048, 64.6996078491], [24.082069397, -43.7395362854, 151.90145874, 7.19317579269, 62.1950836182, 57.186920166, 79.1643218994, 65.6468505859, 54.0792236328, 40.0278968811, 71.0265274048, 98.81275177, 61.306892395], [93.668182373, -109.024971008, 156.85118103, 2.89216113091, 54.4194717407, 83.8653717041, 75.495010376, 75.1962280273, 48.8604774475, 38.0836753845, 64.6996078491, 61.306892395, 105.0545578]],
