{
"lowlevel": {
    "average_loudness": 0.946486949921,
    "barkbands_crest": {
        "dmean": 4.08216667175,
        "dmean2": 6.21021652222,
        "dvar": 16.1108665466,
        "dvar2": 32.028553009,
        "max": 26.7558727264,
        "mean": 14.8187446594,
        "median": 13.6295690536,
        "min": 2.27128529549,
        "var": 47.765789032
    },
    "barkbands_flatness_db": {
        "dmean": 0.0522170290351,
        "dmean2": 0.071696922183,
        "dvar": 0.00211331970058,
        "dvar2": 0.00393973151222,
        "max": 0.754297792912,
        "mean": 0.205399006605,
        "median": 0.176270127296,
        "min": 0.0344646163285,
        "var": 0.0127219669521
    },
    "barkbands_kurtosis": {
        "dmean": 60.2997627258,
        "dmean2": 93.927696228,
        "dvar": 35822.53125,
        "dvar2": 100115.328125,
        "max": 2491.35839844,
        "mean": 68.891494751,
        "median": 7.36408996582,
        "min": -1.91207563877,
        "var": 49718.953125
    },
    "barkbands_skewness": {
        "dmean": 2.26791357994,
        "dmean2": 3.03347587585,
        "dvar": 10.3560762405,
        "dvar2": 21.6152896881,
        "max": 43.1845397949,
        "mean": 4.45601987839,
        "median": 2.7314748764,
        "min": -4.00544261932,
        "var": 35.0737113953
    },
    "barkbands_spread": {
        "dmean": 10.3444490433,
        "dmean2": 15.5024843216,
        "dvar": 156.153762817,
        "dvar2": 326.115997314,
        "max": 102.335350037,
        "mean": 22.0739650726,
        "median": 16.9181098938,
        "min": 0.0516263544559,
        "var": 403.438140869
    },
    "dissonance": {
        "dmean": 0.0166964530945,
        "dmean2": 0.0280921421945,
        "dvar": 0.000487198209157,
        "dvar2": 0.00123697798699,
        "max": 0.500000119209,
        "mean": 0.471087932587,
        "median": 0.48021954298,
        "min": 0.128270849586,
        "var": 0.00120674225036
    },
    "dynamic_complexity": 2.67734718323,
    "erbbands_crest": {
        "dmean": 2.39103889465,
        "dmean2": 3.86544108391,
        "dvar": 6.13772344589,
        "dvar2": 14.4931535721,
        "max": 31.6509513855,
        "mean": 7.09861707687,
        "median": 5.6874537468,
        "min": 2.07202148438,
        "var": 19.3634033203
    },
    "erbbands_flatness_db": {
        "dmean": 0.0196731202304,
        "dmean2": 0.0307975392789,
        "dvar": 0.00036942094448,
        "dvar2": 0.000978187541477,
        "max": 0.480918228626,
        "mean": 0.139528632164,
        "median": 0.123091369867,
        "min": 0.0453955419362,
        "var": 0.00368587765843
    },
    "erbbands_kurtosis": {
        "dmean": 2.15138053894,
        "dmean2": 3.67763257027,
        "dvar": 44.0687713623,
        "dvar2": 127.413238525,
        "max": 95.5195541382,
        "mean": 0.97152608633,
        "median": -0.417850017548,
        "min": -1.84625673294,
        "var": 38.7421798706
    },
    "erbbands_skewness": {
        "dmean": 0.564764380455,
        "dmean2": 0.898454070091,
        "dvar": 0.571567475796,
        "dvar2": 1.51135647297,
        "max": 9.01090908051,
        "mean": 0.168646231294,
        "median": -0.159830659628,
        "min": -4.55743598938,
        "var": 1.41409695148
    },
    "erbbands_spread": {
        "dmean": 17.2102909088,
        "dmean2": 26.5334587097,
        "dvar": 277.560943604,
        "dvar2": 715.999023438,
        "max": 181.521362305,
        "mean": 57.2154541016,
        "median": 54.6029129028,
        "min": 0.928164601326,
        "var": 781.53137207
    },
    "hfc": {
        "dmean": 18.7319431305,
        "dmean2": 28.0503234863,
        "dvar": 684.829223633,
        "dvar2": 1752.36767578,
        "max": 248.277160645,
        "mean": 27.4951229095,
        "median": 19.9334068298,
        "min": 1.08349092951e-16,
        "var": 835.852783203
    },
    "melbands_crest": {
        "dmean": 4.97598028183,
        "dmean2": 7.63310480118,
        "dvar": 19.945438385,
        "dvar2": 45.3071861267,
        "max": 37.9303665161,
        "mean": 19.6049976349,
        "median": 19.1005363464,
        "min": 1.66573131084,
        "var": 52.8344802856
    },
    "melbands_flatness_db": {
        "dmean": 0.0670463740826,
        "dmean2": 0.0919511318207,
        "dvar": 0.00354771548882,
        "dvar2": 0.00689922552556,
        "max": 0.920213520527,
        "mean": 0.267814517021,
        "median": 0.243953078985,
        "min": 0.00298523204401,
        "var": 0.0212311632931
    },
    "melbands_kurtosis": {
        "dmean": 61.8929786682,
        "dmean2": 91.6688461304,
        "dvar": 12139.8525391,
        "dvar2": 25954.5878906,
        "max": 1294.19067383,
        "mean": 95.7367401123,
        "median": 33.3047103882,
        "min": -1.88029909134,
        "var": 27728.8613281
    },
    "melbands_skewness": {
        "dmean": 2.50595831871,
        "dmean2": 3.59289956093,
        "dvar": 7.05933618546,
        "dvar2": 15.1479711533,
        "max": 26.645734787,
        "mean": 6.01395082474,
        "median": 4.93250179291,
        "min": -1.22019577026,
        "var": 19.8614368439
    },
    "melbands_spread": {
        "dmean": 13.1787004471,
        "dmean2": 20.6005115509,
        "dvar": 414.123565674,
        "dvar2": 902.903381348,
        "max": 214.288009644,
        "mean": 20.2487545013,
        "median": 9.34739494324,
        "min": 0.194020822644,
        "var": 755.840576172
    },
    "pitch_salience": {
        "dmean": 0.132723122835,
        "dmean2": 0.189885750413,
        "dvar": 0.0153671968728,
        "dvar2": 0.0296602211893,
        "max": 0.949513494968,
        "mean": 0.428727626801,
        "median": 0.448903679848,
        "min": 0.0221624430269,
        "var": 0.0469503104687
    },
    "silence_rate_20dB": {
        "dmean": 0.0136523479596,
        "dmean2": 0.0273065790534,
        "dvar": 0.013463370502,
        "dvar2": 0.0402060449123,
        "max": 1,
        "mean": 0.993174314499,
        "median": 1,
        "min": 0,
        "var": 0.00677840504795
    },
    "silence_rate_30dB": {
        "dmean": 0.158449977636,
        "dmean2": 0.316921800375,
        "dvar": 0.133358210325,
        "dvar2": 0.28416249156,
        "max": 1,
        "mean": 0.778957545757,
        "median": 1,
        "min": 0,
        "var": 0.172172367573
    },
    "silence_rate_60dB": {
        "dmean": 0.0477142669261,
        "dmean2": 0.0954351127148,
        "dvar": 0.0454326793551,
        "dvar2": 0.118491441011,
        "max": 1,
        "mean": 0.0439878664911,
        "median": 0,
        "min": 0,
        "var": 0.0420447215438
    },
    "spectral_centroid": {
        "dmean": 413.589874268,
        "dmean2": 625.467468262,
        "dvar": 205420.1875,
        "dvar2": 408327.8125,
        "max": 11660.8173828,
        "mean": 1426.80065918,
        "median": 1245.63891602,
        "min": 80.1278457642,
        "var": 1360202.375
    },
    "spectral_complexity": {
        "dmean": 8.46804141998,
        "dmean2": 12.261756897,
        "dvar": 73.3574523926,
        "dvar2": 152.357070923,
        "max": 60,
        "mean": 18.3055019379,
        "median": 16,
        "min": 0,
        "var": 186.047058105
    },
    "spectral_decrease": {
        "dmean": 1.11463753782e-08,
        "dmean2": 1.40044837948e-08,
        "dvar": 1.52949837782e-16,
        "dvar2": 2.19888575202e-16,
        "max": 1.03286837765e-19,
        "mean": -1.96809732955e-08,
        "median": -1.38247457926e-08,
        "min": -1.0083775237e-07,
        "var": 4.67249155271e-16
    },
    "spectral_energy": {
        "dmean": 0.0431583561003,
        "dmean2": 0.0541401281953,
        "dvar": 0.00219365768135,
        "dvar2": 0.00319761619903,
        "max": 0.38629668951,
        "mean": 0.0767742320895,
        "median": 0.0549956709146,
        "min": 9.99658433145e-21,
        "var": 0.00673161074519
    },
    "spectral_energyband_high": {
        "dmean": 0.0014521824196,
        "dmean2": 0.00226133340038,
        "dvar": 6.94011032465e-06,
        "dvar2": 1.71837691596e-05,
        "max": 0.0303816348314,
        "mean": 0.00189735938329,
        "median": 0.000868607545272,
        "min": 7.00393938708e-21,
        "var": 8.21312914923e-06
    },
    "spectral_energyband_low": {
        "dmean": 0.0381598435342,
        "dmean2": 0.0478954985738,
        "dvar": 0.00235078972764,
        "dvar2": 0.00331194838509,
        "max": 0.37945753336,
        "mean": 0.0629450678825,
        "median": 0.0376609191298,
        "min": 2.07376433185e-23,
        "var": 0.00681281555444
    },
    "spectral_energyband_middle_high": {
        "dmean": 0.0031356504187,
        "dmean2": 0.00503349630162,
        "dvar": 2.84730795101e-05,
        "dvar2": 7.27284350432e-05,
        "max": 0.0515028759837,
        "mean": 0.00390971871093,
        "median": 0.00202461890876,
        "min": 1.18253344552e-21,
        "var": 3.07311565848e-05
    },
    "spectral_energyband_middle_low": {
        "dmean": 0.00774496607482,
        "dmean2": 0.0122043834999,
        "dvar": 0.000139645169838,
        "dvar2": 0.000356547097908,
        "max": 0.106818556786,
        "mean": 0.00903639569879,
        "median": 0.00512176286429,
        "min": 1.81859133706e-22,
        "var": 0.000142086471897
    },
    "spectral_entropy": {
        "dmean": 0.257104218006,
        "dmean2": 0.390464931726,
        "dvar": 0.0989709272981,
        "dvar2": 0.237386539578,
        "max": 9.82405567169,
        "mean": 7.75714826584,
        "median": 7.97126674652,
        "min": 3.52812695503,
        "var": 0.57089984417
    },
    "spectral_flux": {
        "dmean": 0.051232714206,
        "dmean2": 0.0849039927125,
        "dvar": 0.00193866796326,
        "dvar2": 0.00489169359207,
        "max": 0.375954657793,
        "mean": 0.144653469324,
        "median": 0.146295428276,
        "min": 6.55242249348e-11,
        "var": 0.00510916672647
    },
    "spectral_kurtosis": {
        "dmean": 3.87819719315,
        "dmean2": 6.34641742706,
        "dvar": 258.966308594,
        "dvar2": 671.266662598,
        "max": 483.272186279,
        "mean": 8.09216976166,
        "median": 1.77772521973,
        "min": -1.31761789322,
        "var": 910.768920898
    },
    "spectral_rms": {
        "dmean": 0.00243207789026,
        "dmean2": 0.00305971689522,
        "dvar": 3.9396536522e-06,
        "dvar2": 6.19515230937e-06,
        "max": 0.0194132644683,
        "mean": 0.00747777940705,
        "median": 0.00732491072267,
        "min": 3.12294179232e-12,
        "var": 1.89844431588e-05
    },
    "spectral_rolloff": {
        "dmean": 1023.40594482,
        "dmean2": 1686.54638672,
        "dvar": 2811722.5,
        "dvar2": 6316097.5,
        "max": 19810.546875,
        "mean": 1448.86206055,
        "median": 258.3984375,
        "min": 21.533203125,
        "var": 5879743.5
    },
    "spectral_skewness": {
        "dmean": 0.357673823833,
        "dmean2": 0.578723609447,
        "dvar": 0.468772143126,
        "dvar2": 1.12972831726,
        "max": 18.2917442322,
        "mean": 1.59766054153,
        "median": 1.17371082306,
        "min": -0.0702375620604,
        "var": 2.76342749596
    },
    "spectral_spread": {
        "dmean": 751477,
        "dmean2": 1222907.5,
        "dvar": 752105750528,
        "dvar2": 1.7375437783e+12,
        "max": 49710516,
        "mean": 5879078.5,
        "median": 6029439.5,
        "min": 169213.734375,
        "var": 1.08612152197e+13
    },
    "spectral_strongpeak": {
        "dmean": 0.297191888094,
        "dmean2": 0.465386301279,
        "dvar": 0.155725643039,
        "dvar2": 0.423903077841,
        "max": 14.3421239853,
        "mean": 0.551421940327,
        "median": 0.408940434456,
        "min": 0,
        "var": 0.234684020281
    },
    "zerocrossingrate": {
        "dmean": 0.0168889500201,
        "dmean2": 0.0201473757625,
        "dvar": 0.000385321502108,
        "dvar2": 0.000533275597263,
        "max": 0.5263671875,
        "mean": 0.0548519901931,
        "median": 0.0400390625,
        "min": 0.00244140625,
        "var": 0.0031671312172
    },
    "barkbands": {
        "dmean": [0.00073541153688, 0.0350246913731, 0.00700560025871, 0.0014648536453, 0.00491387816146, 0.00153532810509, 0.000604545522947, 0.000436981616076, 0.000344241969287, 0.000271528231679, 0.000283441389911, 0.000387549953302, 0.000517786422279, 0.000436148024164, 0.000410277600167, 0.000473467371194, 0.000270884396741, 0.000315355835482, 0.000210716418223, 0.000274761317996, 0.000293690303806, 0.000311047624564, 0.000311012321617, 0.000240906578256, 0.000183364318218, 5.03358351125e-05, 9.06027874947e-09],
        "dmean2": [0.00103417085484, 0.0421531647444, 0.0113860080019, 0.0024397498928, 0.00825313664973, 0.00262510729954, 0.00103638565633, 0.000758234935347, 0.000581882544793, 0.000465696648462, 0.000493768311571, 0.000653357594274, 0.000889528368134, 0.000716764072422, 0.000691203051247, 0.000791963713709, 0.000438351620687, 0.000536491395906, 0.00035592445056, 0.000466741301352, 0.000475677690702, 0.000500253401697, 0.000505190575495, 0.000370923080482, 0.000294987868983, 8.42802473926e-05, 1.67753775315e-08],
        "dvar": [7.4117093618e-07, 0.00235687103122, 0.000119474134408, 9.58607597568e-06, 9.05965425773e-05, 7.16352451491e-06, 9.78999651124e-07, 5.62660545711e-07, 2.86259478344e-07, 1.91111780623e-07, 2.11856416854e-07, 3.29637430241e-07, 1.44385069234e-06, 5.76438537792e-07, 4.09574624882e-07, 8.38067933273e-07, 2.02071333888e-07, 6.9513419021e-07, 1.43063857649e-07, 3.00805623965e-07, 2.22675367922e-07, 4.12275568351e-07, 3.73279874566e-07, 2.04565310469e-07, 1.28141607547e-07, 9.41597910753e-09, 5.71504716923e-14],
        "dvar2": [1.43529371144e-06, 0.00283586187288, 0.000317748927046, 2.54527931247e-05, 0.000250225682976, 1.96638338821e-05, 2.64131517724e-06, 1.51670587911e-06, 7.38794142308e-07, 5.0249167316e-07, 5.6419099792e-07, 8.60692580318e-07, 3.65078972209e-06, 1.3043850231e-06, 9.79150740932e-07, 2.16531998376e-06, 5.07092295265e-07, 1.91004005501e-06, 3.7695320998e-07, 8.08457116364e-07, 5.52121491637e-07, 9.81123207566e-07, 9.64159426076e-07, 4.72095393889e-07, 3.27107613884e-07, 2.43118680743e-08, 1.6568086421e-13],
        "max": [0.0106641305611, 0.370507240295, 0.110178276896, 0.034699998796, 0.0907302349806, 0.0459511205554, 0.0139720821753, 0.0119177978486, 0.00958199054003, 0.00641080643982, 0.00582819106057, 0.00898415222764, 0.0142373517156, 0.0068536773324, 0.00616272352636, 0.00964050088078, 0.00466095237061, 0.0113345207646, 0.00628640223294, 0.00521996011958, 0.00553856277838, 0.0143179502338, 0.00634036352858, 0.00385818397626, 0.00449716812, 0.00169315503445, 2.12397517316e-05],
        "mean": [0.000834763108287, 0.0515147782862, 0.00960878934711, 0.00153891067021, 0.00492016412318, 0.00130063900724, 0.000532389152795, 0.000385743449442, 0.000303401611745, 0.000242580048507, 0.000280541280517, 0.000420982425567, 0.000527156400494, 0.000517950335052, 0.000470578845125, 0.000484575546579, 0.000320101040415, 0.000317878322676, 0.000225411378779, 0.000304777408019, 0.000361370824976, 0.000386959029129, 0.000382459227694, 0.000301257881802, 0.000233244863921, 5.70195406908e-05, 6.08706729466e-09],
        "median": [0.000338180485414, 0.0180260203779, 0.00236287387088, 0.000352555303834, 0.00220022490248, 0.000369588204194, 0.000170135608641, 0.000128397514345, 9.5517054433e-05, 9.30352107389e-05, 9.98915129458e-05, 0.000164616227266, 0.000153500033775, 0.000211840844713, 0.000225367315579, 0.000204137118999, 0.000137329247082, 0.000119578180602, 9.52245100052e-05, 0.0001296652772, 0.000161177013069, 0.000158350536367, 0.000151503656525, 0.000105142084067, 7.06103746779e-05, 1.34402971526e-05, 1.03456010425e-09],
        "min": [2.82500581142e-25, 3.70956515869e-24, 4.82878178253e-25, 1.30463877405e-24, 8.46787040377e-24, 7.09133336771e-24, 4.1253552036e-24, 4.7044524721e-24, 1.30631255939e-23, 1.87054745178e-23, 1.78574080239e-23, 2.77604096852e-23, 3.14540142156e-23, 2.36600526948e-23, 3.56350243449e-23, 5.64056120725e-23, 6.40939388072e-23, 5.82886609186e-23, 1.26205097817e-22, 1.38540989109e-22, 2.71676299398e-22, 3.41880527585e-22, 4.75078593338e-22, 5.28614607116e-22, 8.41070521962e-22, 1.31339640726e-21, 1.89977678673e-21],
        "var": [1.23105564853e-06, 0.00669354526326, 0.000165780715179, 8.39667609398e-06, 6.923879846e-05, 5.54269763597e-06, 8.08421248166e-07, 4.60070452846e-07, 2.57322597008e-07, 1.6215349774e-07, 2.03851570291e-07, 3.96406363734e-07, 1.41212979088e-06, 7.22898732874e-07, 4.4515147124e-07, 7.57530983719e-07, 2.27534883379e-07, 5.411018833e-07, 1.43535530128e-07, 2.61027622628e-07, 2.76234004559e-07, 5.07641459535e-07, 3.97988486611e-07, 2.51476620861e-07, 1.4467696019e-07, 9.30145560574e-09, 3.15214332771e-14]
    },
    "erbbands": {
        "dmean": [1.1559189558, 7.69373846054, 8.49778747559, 5.65211725235, 9.16825294495, 20.3712081909, 14.5756025314, 12.2939014435, 7.9236946106, 11.1943330765, 9.80813694, 7.17020893097, 7.41623449326, 10.5653505325, 11.7015714645, 16.6742134094, 24.1918506622, 22.4814472198, 21.6001014709, 24.8952617645, 21.8196372986, 15.8061981201, 18.298418045, 10.73939991, 11.8767061234, 12.1289672852, 11.442193985, 12.1643772125, 12.0680007935, 11.8851804733, 7.60618209839, 6.0013794899, 3.49829745293, 2.32382416725, 1.06344377995, 0.433664977551, 0.0375735238194, 0.00130775931757, 6.91264285706e-05, 5.22003938386e-05],
        "dmean2": [1.45809900761, 9.55689716339, 13.0457849503, 8.63440132141, 15.2649488449, 33.9778747559, 24.434381485, 21.1450634003, 13.7181615829, 19.0518722534, 16.8010063171, 12.1248292923, 12.5711746216, 18.3757629395, 20.1432819366, 28.3406391144, 41.5016059875, 37.3476600647, 35.8351364136, 41.6498069763, 35.2185058594, 25.6402359009, 31.4234313965, 17.6739044189, 20.3825492859, 20.6182632446, 18.6620483398, 19.4142990112, 19.4488430023, 19.9639968872, 11.9404506683, 9.25165557861, 5.49159049988, 3.74449706078, 1.70050835609, 0.705489039421, 0.0645321980119, 0.00225896993652, 0.000104106024082, 6.85727645759e-05],
        "dvar": [2.37398386002, 131.474075317, 114.240943909, 86.9594726562, 365.485198975, 1441.48156738, 589.092041016, 513.418823242, 187.791870117, 326.978424072, 286.478881836, 140.3074646, 133.212814331, 251.507324219, 326.826721191, 711.528930664, 3330.20507812, 1583.93334961, 1171.40100098, 2217.01831055, 1398.26245117, 752.68347168, 2597.63134766, 399.343536377, 495.817077637, 541.829956055, 335.914154053, 445.20892334, 657.254699707, 638.593261719, 183.457778931, 129.759490967, 43.1932029724, 20.1009082794, 4.03202104568, 0.671454846859, 0.0095529621467, 7.96827516751e-05, 3.21793329761e-08, 2.8196267543e-09],
        "dvar2": [2.67177081108, 177.301452637, 329.03112793, 187.437423706, 988.280517578, 3931.00170898, 1592.93103027, 1403.65136719, 515.141906738, 869.073791504, 763.951477051, 367.354125977, 346.113464355, 669.399719238, 865.050048828, 1865.55554199, 8631.38378906, 3636.78295898, 2719.93603516, 5667.30322266, 3352.76049805, 1925.63195801, 7243.64550781, 1042.76611328, 1329.72717285, 1451.86157227, 843.083557129, 1090.52648926, 1552.81018066, 1671.86486816, 450.254058838, 291.026885986, 108.065299988, 51.9592323303, 9.79858875275, 1.69827342033, 0.026126280427, 0.000225100535317, 8.93826666015e-08, 4.33619407048e-09],
        "max": [11.4485044479, 90.5218048096, 119.452926636, 103.817192078, 220.885574341, 347.831573486, 284.705780029, 375.431671143, 242.550567627, 199.245681763, 347.79486084, 254.535217285, 201.65083313, 243.404205322, 189.605895996, 461.986572266, 694.246398926, 395.829803467, 312.388153076, 485.544250488, 379.247344971, 294.646392822, 589.705749512, 309.151855469, 407.448669434, 254.655227661, 198.074066162, 336.272491455, 594.821350098, 447.264984131, 106.706283569, 92.5116348267, 68.2613296509, 39.8851470947, 41.7882537842, 9.66926956177, 4.92726325989, 0.779401838779, 0.0133826509118, 0.000548105221242],
        "mean": [1.5945841074, 11.1270456314, 12.5408010483, 8.82322502136, 9.20416927338, 19.8551139832, 13.5547103882, 10.2850828171, 6.90087366104, 9.92305755615, 8.85386657715, 6.39271259308, 6.75972414017, 9.88259983063, 12.7082033157, 18.7802352905, 25.0506362915, 26.2108402252, 25.8102436066, 26.7485275269, 24.5430870056, 18.3019886017, 18.0622119904, 11.9972543716, 12.4566774368, 13.8738079071, 14.5493068695, 14.4260835648, 14.2834873199, 14.2601060867, 9.61488437653, 7.43942451477, 4.39918470383, 2.84619522095, 1.452501297, 0.512877166271, 0.0431110970676, 0.00140239240136, 0.000101250974694, 9.54303759499e-05],
        "median": [0.518683254719, 4.13672733307, 7.4972076416, 2.57756781578, 3.45309734344, 7.3922791481, 5.39853858948, 2.42096996307, 2.14496898651, 3.1962389946, 2.91967010498, 2.15623807907, 2.5963010788, 4.33547878265, 5.34950447083, 7.15471363068, 7.84272861481, 10.4603824615, 12.6321907043, 12.2064657211, 10.364317894, 8.04727458954, 6.71718454361, 5.07427120209, 5.45448255539, 6.25018358231, 6.685962677, 6.32803487778, 5.71545791626, 5.42294120789, 3.94924783707, 2.55329799652, 1.60676264763, 0.938517689705, 0.392067313194, 0.118594616652, 0.011967276223, 0.00036613753764, 7.3921866715e-05, 7.25070858607e-05],
        "min": [5.27367146657e-23, 5.64039131817e-22, 2.30310952835e-21, 3.27679521727e-21, 1.84541005824e-20, 3.0773955758e-20, 1.78219116434e-20, 7.8458236197e-20, 9.20434822237e-20, 2.34828743537e-19, 1.61465565097e-19, 3.18128493709e-19, 5.72105563698e-19, 7.56710976519e-19, 1.13493584779e-18, 1.28664387406e-18, 1.68039973342e-18, 1.54239198944e-18, 1.48703820022e-18, 2.17885039534e-18, 4.52087250626e-18, 4.22181031887e-18, 3.79795263324e-18, 5.78176004399e-18, 7.61442749476e-18, 6.86166584038e-18, 8.39406672879e-18, 8.22950907209e-18, 1.18480123161e-17, 1.21138830542e-17, 1.17561861691e-17, 1.15523200625e-17, 8.27952785655e-18, 8.07864125453e-18, 6.28722943681e-18, 3.9302142637e-18, 2.39242801591e-18, 1.0090500221e-18, 2.42837764722e-19, 2.84866753485e-20],
        "var": [6.43476104736, 330.2890625, 189.406005859, 158.347564697, 302.307495117, 1151.08654785, 492.375549316, 398.026306152, 149.36378479, 276.550323486, 246.451416016, 125.849098206, 116.294471741, 217.144195557, 326.788574219, 858.744262695, 3160.44702148, 1977.88342285, 1363.46032715, 2078.78198242, 1561.09765625, 787.221130371, 1917.6171875, 418.49710083, 456.129516602, 490.88458252, 414.402709961, 524.309204102, 761.330505371, 688.36315918, 219.795074463, 160.52355957, 49.6508216858, 21.8154239655, 5.25042057037, 0.728738427162, 0.00738355657086, 4.80695198348e-05, 2.45013094258e-08, 8.07123967661e-09]
    },
    "gfcc": {
        "mean": [-13.8040971756, 84.0900115967, -97.3384857178, 60.7114334106, -44.3359680176, 39.3770217896, -38.2571868896, 8.57415294647, -18.4436836243, 6.9450302124, -11.4114198685, -0.329782485962, -1.45765578747],
        "cov": [[18047.6386719, -2153.53686523, -1398.73779297, 1356.02270508, -1437.79602051, 671.976989746, -1064.10852051, 474.073394775, -699.784362793, 551.912353516, -419.322418213, 334.539154053, -312.54888916], [-2153.53686523, 2959.58056641, 285.157714844, -831.316467285, 332.601287842, -567.131774902, 331.776123047, -436.809509277, 231.939361572, -424.412658691, 133.605072021, -273.009765625, 115.767448425], [-1398.73779297, 285.157714844, 1585.2590332, 189.59564209, 492.783660889, 118.994529724, 95.7320632935, 80.8575286865, 92.7483978271, 69.0244064331, -14.4254102707, -29.1892547607, 17.5496730804], [1356.02270508, -831.316467285, 189.59564209, 687.440246582, 80.2993164062, 295.646881104, -66.009552002, 141.297531128, -52.3077926636, 118.917701721, -56.2599983215, 44.7703285217, -33.1103286743], [-1437.79602051, 332.601287842, 492.783660889, 80.2993164062, 753.836975098, 262.809356689, 301.587768555, 50.8131599426, 107.228782654, -1.47028303146, 90.7283096313, -46.9729881287, 50.0265235901], [671.976989746, -567.131774902, 118.994529724, 295.646881104, 262.809356689, 421.54385376, 101.220046997, 165.979873657, -17.2150173187, 115.599365234, 16.9482192993, 47.5199050903, -5.37458467484], [-1064.10852051, 331.776123047, 95.7320632935, -66.009552002, 301.587768555, 101.220046997, 329.927246094, 27.8713226318, 135.658111572, -33.8327064514, 94.9944992065, -27.3905448914, 53.3010253906], [474.073394775, -436.809509277, 80.8575286865, 141.297531128, 50.8131599426, 165.979873657, 27.8713226318, 186.966720581, 23.0373535156, 121.020317078, -0.417047172785, 59.2982978821, -4.93368625641], [-699.784362793, 231.939361572, 92.7483978271, -52.3077926636, 107.228782654, -17.2150173187, 135.658111572, 23.0373535156, 140.043838501, 2.34044766426, 57.2853927612, -15.134932518, 36.7250404358], [551.912353516, -424.412658691, 69.0244064331, 118.917701721, -1.47028303146, 115.599365234, -33.8327064514, 121.020317078, 2.34044766426, 152.675323486, -0.166493579745, 66.4692840576, -16.2054443359], [-419.322418213, 133.605072021, -14.4254102707, -56.2599983215, 90.7283096313, 16.9482192993, 94.9944992065, -0.417047172785, 57.2853927612, -0.166493579745, 78.9385452271, 6.19929265976, 27.5903911591], [334.539154053, -273.009765625, -29.1892547607, 44.7703285217, -46.9729881287, 47.5199050903, -27.3905448914, 59.2982978821, -15.134932518, 66.4692840576, 6.19929265976, 72.1957855225, 5.13046979904], [-312.54888916, 115.767448425, 17.5496730804, -33.1103286743, 50.0265235901, -5.37458467484, 53.3010253906, -4.93368625641, 36.7250404358, -16.2054443359, 27.5903911591, 5.13046979904, 50.3101959229]],
        "icov": [[0.000232675374718, -0.000607175403275, 0.0002567920601, -0.000566678645555, 0.000548018375412, -0.000754701148253, 0.000348004890839, -0.000597321777605, 0.00069410976721, -0.000748735328671, 0.000418140378315, -0.000673835806083, 0.000418841722421], [-0.000607175403275, 0.00301629328169, -0.000951630703639, 0.00228013447486, -0.0018585876096, 0.00285128969699, -0.0012321411632, 0.00258397497237, -0.00242916424759, 0.00288661918603, -0.00172435317654, 0.00386231741868, -0.00191387627274], [0.0002567920601, -0.000951630703639, 0.00130384461954, -0.000964355072938, -0.000225963565754, -0.000554250204004, 0.000726374506485, -0.000896862416994, 0.000254881248111, -0.00160539126955, 0.00176814466249, -0.00108504574746, 0.000441384239821], [-0.000566678645555, 0.00228013447486, -0.000964355072938, 0.00442949635908, -0.00146395503543, 0.000109332511784, 5.01283611811e-05, 0.00208672089502, -0.00309262494557, 0.00242709880695, 0.000197477056645, 0.00257957470603, -0.00122878316324], [0.000548018375412, -0.0018585876096, -0.000225963565754, -0.00146395503543, 0.00517243240029, -0.00413549877703, -0.000918352743611, -0.00110220420174, 0.00252680457197, -0.0024408265017, -0.000820270157419, 0.000753308064304, -0.000181257273653], [-0.000754701148253, 0.00285128969699, -0.000554250204004, 0.000109332511784, -0.00413549877703, 0.0115241343156, -0.00445716967806, -0.00178811152, 0.00354084256105, 0.000261332053924, -0.00337476562709, 0.00443666987121, -0.00219642324373], [0.000348004890839, -0.0012321411632, 0.000726374506485, 5.01283611811e-05, -0.000918352743611, -0.00445716967806, 0.0111227044836, -0.00276249018498, -0.0060990951024, 0.00396645115688, -0.00294418050908, -0.00191150943283, 0.000698345364071], [-0.000597321777605, 0.00258397497237, -0.000896862416994, 0.00208672089502, -0.00110220420174, -0.00178811152, -0.00276249018498, 0.0190929174423, -0.00781912356615, -0.00499457074329, 0.00494452705607, -0.00281096016988, -0.000592547294218], [0.00069410976721, -0.00242916424759, 0.000254881248111, -0.00309262494557, 0.00252680457197, 0.00354084256105, -0.0060990951024, -0.00781912356615, 0.0245119128376, -0.00921886879951, -0.0068474682048, 0.00772045599297, -0.00655647180974], [-0.000748735328671, 0.00288661918603, -0.00160539126955, 0.00242709880695, -0.0024408265017, 0.000261332053924, 0.00396645115688, -0.00499457074329, -0.00921886879951, 0.0259095374495, -0.00445879623294, -0.00983409397304, 0.00714981462806], [0.000418140378315, -0.00172435317654, 0.00176814466249, 0.000197477056645, -0.000820270157419, -0.00337476562709, -0.00294418050908, 0.00494452705607, -0.0068474682048, -0.00445879623294, 0.0298857670277, -0.0111426487565, -0.00155306246597], [-0.000673835806083, 0.00386231741868, -0.00108504574746, 0.00257957470603, 0.000753308064304, 0.00443666987121, -0.00191150943283, -0.00281096016988, 0.00772045599297, -0.00983409397304, -0.0111426487565, 0.0414922945201, -0.016447013244], [0.000418841722421, -0.00191387627274, 0.000441384239821, -0.00122878316324, -0.000181257273653, -0.00219642324373, 0.000698345364071, -0.000592547294218, -0.00655647180974, 0.00714981462806, -0.00155306246597, -0.016447013244, 0.0346856415272]]
    },
    "melbands": {
        "dmean": [0.0102578345686, 0.00597755983472, 0.0009394097724, 0.00111077365, 0.000584207533393, 0.000272568431683, 0.000124766549561, 0.000114547234261, 7.7696829976e-05, 4.44987417723e-05, 3.72020040231e-05, 4.27563245466e-05, 4.16950497311e-05, 3.86108258681e-05, 5.30333163624e-05, 5.06996584591e-05, 4.12591398344e-05, 3.63451217709e-05, 2.83958797809e-05, 3.93451628042e-05, 2.27697946684e-05, 1.73269963852e-05, 1.54776116688e-05, 1.53305409185e-05, 8.1019488789e-06, 8.25735696708e-06, 9.25894255488e-06, 8.06926254882e-06, 7.45037687011e-06, 7.65150707593e-06, 6.79882214172e-06, 6.93554784448e-06, 6.01291867497e-06, 7.26996859157e-06, 4.53757775176e-06, 3.64315519619e-06, 3.84303439205e-06, 2.49710956268e-06, 2.24049790631e-06, 1.90547143575e-06],
        "dmean2": [0.0123926689848, 0.00821857340634, 0.00140617182478, 0.00187267339788, 0.000969790446106, 0.000468929298222, 0.000214572166442, 0.000196032662643, 0.000133076682687, 7.51118423068e-05, 6.31816146779e-05, 7.44240096537e-05, 7.21650794731e-05, 6.54445611872e-05, 9.11843235372e-05, 8.66733898874e-05, 6.85902341502e-05, 6.0099959228e-05, 4.79745758639e-05, 6.71528832754e-05, 3.63393955922e-05, 2.8559099519e-05, 2.61706809397e-05, 2.61876703007e-05, 1.33834982989e-05, 1.41214977702e-05, 1.63153436006e-05, 1.3679429685e-05, 1.2220568351e-05, 1.25033702716e-05, 1.09205338958e-05, 1.11927383841e-05, 9.92797595245e-06, 1.23826748677e-05, 7.24451092537e-06, 5.59878753847e-06, 6.05948707744e-06, 3.94455673813e-06, 3.63780691259e-06, 3.13841178468e-06],
        "dvar": [0.000194503852981, 5.83599794481e-05, 2.16723492485e-06, 5.04552781422e-06, 9.67004893937e-07, 2.44951280592e-07, 4.35054374748e-08, 3.40587504866e-08, 1.77822272462e-08, 5.04618791197e-09, 3.42849948431e-09, 4.35879110583e-09, 4.50172255029e-09, 3.49042750258e-09, 1.12367937177e-08, 1.18722534026e-08, 5.16148679353e-09, 3.31950578136e-09, 2.15659290426e-09, 6.83690037917e-09, 1.34568645116e-09, 9.29636867486e-10, 1.30744137739e-09, 1.50941792398e-09, 2.11104758674e-10, 2.25546623045e-10, 4.27026303207e-10, 2.17895507193e-10, 1.4654819025e-10, 1.62199823017e-10, 1.57473409312e-10, 2.37240088685e-10, 1.51892706746e-10, 2.62306038001e-10, 6.49156076116e-11, 3.98563439197e-11, 5.91491161606e-11, 2.16573391165e-11, 2.20089259317e-11, 1.33070004668e-11],
        "dvar2": [0.000226432021009, 0.00011819700012, 4.27372242484e-06, 1.38889408845e-05, 2.61816012426e-06, 6.71700945531e-07, 1.18771083635e-07, 9.14262727747e-08, 4.736368453e-08, 1.31142012805e-08, 8.90577656065e-09, 1.15940030909e-08, 1.19042722346e-08, 9.29798904536e-09, 2.95831181774e-08, 2.8751919956e-08, 1.24224941445e-08, 7.64909824369e-09, 5.3782653886e-09, 1.79964221303e-08, 3.06695757679e-09, 2.40657516137e-09, 3.5566831702e-09, 4.11921119436e-09, 5.45483103132e-10, 6.00235527948e-10, 1.18293430607e-09, 5.74545466758e-10, 3.68874514267e-10, 4.04275446453e-10, 3.84114184904e-10, 5.48674383705e-10, 3.82490455975e-10, 7.00109803464e-10, 1.61947497079e-10, 8.79170208856e-11, 1.37289998814e-10, 5.36543587337e-11, 5.82337580934e-11, 3.45332581975e-11],
        "max": [0.107332997024, 0.0609775260091, 0.0159917976707, 0.0232944190502, 0.00956528075039, 0.00836589280516, 0.00330400490202, 0.00189042184502, 0.00286544114351, 0.00137924228329, 0.000992533401586, 0.00105092732701, 0.000871911179274, 0.000931817863602, 0.00160784402397, 0.00120104011148, 0.00069638871355, 0.000509831937961, 0.000416726397816, 0.000915599637665, 0.00036667168024, 0.000323356129229, 0.000356900593033, 0.000757012458052, 0.000263383320998, 0.000226727250265, 0.000233734943322, 0.000158207156346, 0.000112445093691, 0.000146260485053, 0.000246943352977, 0.000459255999885, 0.000270956661552, 0.000258729007328, 6.88554428052e-05, 5.4150732467e-05, 6.44478932372e-05, 5.71867640247e-05, 4.57255337096e-05, 3.46638371411e-05],
        "mean": [0.0146672073752, 0.00958325341344, 0.00152861129027, 0.00108358578291, 0.000578347360715, 0.000227787604672, 0.000110114968265, 0.000101590674603, 6.93205947755e-05, 3.94402304664e-05, 3.34848009516e-05, 3.89640445064e-05, 4.25613288826e-05, 4.29279680247e-05, 5.46270566701e-05, 5.44834256289e-05, 4.63006144855e-05, 4.23642923124e-05, 3.2288600778e-05, 3.75676863769e-05, 2.66027054749e-05, 1.95181255549e-05, 1.5877534679e-05, 1.55576635734e-05, 8.84841847437e-06, 8.81456890056e-06, 9.0147013907e-06, 9.30026089918e-06, 9.38747962209e-06, 8.87087480805e-06, 7.96680978965e-06, 8.07518244983e-06, 7.39801453165e-06, 8.27553958516e-06, 5.52165647605e-06, 4.87455781695e-06, 4.44381703346e-06, 3.16732030115e-06, 2.61513037003e-06, 2.31767899095e-06],
        "median": [0.0048446841538, 0.00655452115461, 0.000447628321126, 0.000450257211924, 0.000248440745054, 5.66880516999e-05, 3.63024373655e-05, 3.50324407918e-05, 2.12501945498e-05, 1.25929382193e-05, 1.21151242638e-05, 1.61158313858e-05, 1.59002738656e-05, 1.65620040207e-05, 1.72684267454e-05, 1.71251540451e-05, 1.82536787179e-05, 1.9680155674e-05, 1.5562362023e-05, 1.52063994392e-05, 1.0759655197e-05, 8.10079291114e-06, 6.05335071668e-06, 5.63371077078e-06, 3.59948353434e-06, 3.78556819669e-06, 3.65580899597e-06, 4.19352636527e-06, 4.02973910241e-06, 3.71079772776e-06, 3.5055763874e-06, 3.16306363857e-06, 2.95034624287e-06, 3.0026890272e-06, 2.18404443331e-06, 1.92909783436e-06, 1.36982680488e-06, 1.12995155632e-06, 9.2195000434e-07, 7.39022311791e-07],
        "min": [8.82164020432e-25, 9.36795300524e-25, 1.45685540216e-24, 1.99651011844e-24, 5.31718134617e-25, 2.00932338891e-24, 1.23035036209e-24, 2.46708182005e-24, 1.3573266953e-24, 1.5424224543e-24, 2.34394181604e-24, 2.98650728309e-24, 2.66886888973e-24, 3.58854482393e-24, 2.55462368686e-24, 3.61182213709e-24, 2.45100167936e-24, 2.27657901119e-24, 2.55909613376e-24, 2.86543429187e-24, 4.56432355963e-24, 3.77250758146e-24, 4.36273883277e-24, 2.28604258104e-24, 4.23509443299e-24, 4.6989750164e-24, 3.81835183853e-24, 3.8764889151e-24, 4.40693200397e-24, 4.67949054647e-24, 4.27009698021e-24, 6.05281770751e-24, 5.80550350284e-24, 6.26430697747e-24, 5.80903681083e-24, 6.08282203204e-24, 6.59482115852e-24, 4.47866154836e-24, 5.41014771639e-24, 6.55008880089e-24],
        "var": [0.000550773751456, 0.000136893300805, 4.24349809691e-06, 3.83098858947e-06, 8.12178825527e-07, 1.88239738463e-07, 3.51220634798e-08, 2.79401159986e-08, 1.52953987254e-08, 4.58087257016e-09, 2.97452040776e-09, 3.70100838865e-09, 4.40269110058e-09, 4.06320532775e-09, 1.10659366115e-08, 1.3080019734e-08, 6.13964257212e-09, 3.90624688151e-09, 2.18354356818e-09, 5.61512703001e-09, 1.70495384477e-09, 9.38799593619e-10, 1.03227326687e-09, 1.29459742926e-09, 2.25663154829e-10, 2.14710180191e-10, 3.27339516604e-10, 2.07667522067e-10, 1.78194695111e-10, 1.87556775666e-10, 1.82650533587e-10, 2.73681272089e-10, 1.79014317259e-10, 2.57886517696e-10, 7.40424388468e-11, 5.59340976314e-11, 6.60336091363e-11, 2.55482232592e-11, 2.09545731461e-11, 1.43831613286e-11]
    },
    "mfcc": {
        "mean": [-649.605285645, 99.5821380615, 20.0118961334, 29.1128997803, 25.1054992676, 27.5544033051, 6.72356987, 6.31351470947, 5.25550746918, 4.53926897049, 0.688168466091, 3.2010102272, 2.22902345657],
        "cov": [[11464.3945312, -2387.43408203, -540.013427734, 170.323516846, -443.037109375, -104.837409973, -345.506561279, -200.626663208, -255.455001831, -153.594787598, -73.7740707397, 19.0668678284, -39.3005065918], [-2387.43408203, 2772.01904297, 245.927108765, -178.435440063, -5.74862766266, -111.988891602, 9.27713489532, -22.9345722198, 2.81549906731, -67.4167251587, -39.9787712097, -76.533531189, -63.4240684509], [-540.013427734, 245.927108765, 943.623168945, 245.300491333, 230.295761108, 53.9566688538, 3.64928722382, -15.3222465515, 70.5755767822, 45.8571662903, 14.899433136, -23.7699508667, 14.7247800827], [170.323516846, -178.435440063, 245.300491333, 348.913696289, 185.041503906, 118.716690063, 42.5737876892, 38.3092155457, 55.2724075317, 27.342540741, 27.5342731476, 4.68212223053, 13.2155923843], [-443.037109375, -5.74862766266, 230.295761108, 185.041503906, 446.710296631, 242.192947388, 218.134155273, 90.7763595581, 109.608589172, 76.981842041, 56.7531814575, 52.1427764893, 25.9295978546], [-104.837409973, -111.988891602, 53.9566688538, 118.716690063, 242.192947388, 272.8359375, 212.359542847, 114.369407654, 90.0174560547, 65.4244155884, 54.7436561584, 57.4902000427, 27.8628177643], [-345.506561279, 9.27713489532, 3.64928722382, 42.5737876892, 218.134155273, 212.359542847, 266.766235352, 136.514404297, 104.119812012, 77.722442627, 64.928565979, 65.7752838135, 34.6766166687], [-200.626663208, -22.9345722198, -15.3222465515, 38.3092155457, 90.7763595581, 114.369407654, 136.514404297, 127.718765259, 82.3657913208, 56.5201797485, 46.2635536194, 41.4527320862, 28.3642578125], [-255.455001831, 2.81549906731, 70.5755767822, 55.2724075317, 109.608589172, 90.0174560547, 104.119812012, 82.3657913208, 117.821411133, 73.333984375, 54.6229286194, 38.1452064514, 34.5737838745], [-153.594787598, -67.4167251587, 45.8571662903, 27.342540741, 76.981842041, 65.4244155884, 77.722442627, 56.5201797485, 73.333984375, 88.8136672974, 55.0939216614, 39.9503250122, 32.7378044128], [-73.7740707397, -39.9787712097, 14.899433136, 27.5342731476, 56.7531814575, 54.7436561584, 64.928565979, 46.2635536194, 54.6229286194, 55.0939216614, 69.2461624146, 45.6381988525, 31.8395786285], [19.0668678284, -76.533531189, -23.7699508667, 4.68212223053, 52.1427764893, 57.4902000427, 65.7752838135, 41.4527320862, 38.1452064514, 39.9503250122, 45.6381988525, 68.9124298096, 38.5930404663], [-39.3005065918, -63.4240684509, 14.7247800827, 13.2155923843, 25.9295978546, 27.8628177643, 34.6766166687, 28.3642578125, 34.5737838745, 32.7378044128, 31.8395786285, 38.5930404663, 55.4780082703]],
