{
"lowlevel": {
    "average_loudness": 0.969065487385,
    "barkbands_crest": {
        "dmean": 3.28624367714,
        "dmean2": 5.13764619827,
        "dvar": 12.8635644913,
        "dvar2": 28.1606254578,
        "max": 26.4882659912,
        "mean": 13.9682435989,
        "median": 12.3227090836,
        "min": 2.38075041771,
        "var": 44.9687080383
    },
    "barkbands_flatness_db": {
        "dmean": 0.0312311742455,
        "dmean2": 0.042979747057,
        "dvar": 0.00118512066547,
        "dvar2": 0.00220967107452,
        "max": 0.928514242172,
        "mean": 0.162268862128,
        "median": 0.147662490606,
        "min": 0.0191813055426,
        "var": 0.007986523211
    },
    "barkbands_kurtosis": {
        "dmean": 8.21020412445,
        "dmean2": 11.9788198471,
        "dvar": 769.617797852,
        "dvar2": 1699.03894043,
        "max": 1302.03393555,
        "mean": 12.1445932388,
        "median": 3.30343031883,
        "min": -1.93479549885,
        "var": 1327.90673828
    },
    "barkbands_skewness": {
        "dmean": 0.993707060814,
        "dmean2": 1.38861262798,
        "dvar": 1.50499093533,
        "dvar2": 3.16154003143,
        "max": 23.4477119446,
        "mean": 2.35502409935,
        "median": 1.95677578449,
        "min": -6.23447608948,
        "var": 5.80207252502
    },
    "barkbands_spread": {
        "dmean": 10.6594591141,
        "dmean2": 14.9058609009,
        "dvar": 153.444900513,
        "dvar2": 314.255493164,
        "max": 113.809165955,
        "mean": 28.7653884888,
        "median": 23.5258216858,
        "min": 0.0215560756624,
        "var": 471.228393555
    },
    "dissonance": {
        "dmean": 0.0197082050145,
        "dmean2": 0.0327434130013,
        "dvar": 0.000484271033201,
        "dvar2": 0.00129675713833,
        "max": 0.500000059605,
        "mean": 0.463888287544,
        "median": 0.471369445324,
        "min": 0.0480202101171,
        "var": 0.00103295361623
    },
    "dynamic_complexity": 2.76771640778,
    "erbbands_crest": {
        "dmean": 2.94157600403,
        "dmean2": 4.68423509598,
        "dvar": 8.47231388092,
        "dvar2": 19.5523452759,
        "max": 30.0002479553,
        "mean": 8.88005542755,
        "median": 7.58942747116,
        "min": 2.15097570419,
        "var": 21.8126792908
    },
    "erbbands_flatness_db": {
        "dmean": 0.0191641990095,
        "dmean2": 0.0283387433738,
        "dvar": 0.000445409794338,
        "dvar2": 0.000945975480136,
        "max": 0.646450102329,
        "mean": 0.137122511864,
        "median": 0.115544185042,
        "min": 0.0595518127084,
        "var": 0.00401135021821
    },
    "erbbands_kurtosis": {
        "dmean": 1.52534675598,
        "dmean2": 2.35241317749,
        "dvar": 29.4332313538,
        "dvar2": 71.1138763428,
        "max": 497.366882324,
        "mean": 1.43407356739,
        "median": -0.345064520836,
        "min": -1.84273958206,
        "var": 233.863372803
    },
    "erbbands_skewness": {
        "dmean": 0.479543298483,
        "dmean2": 0.706419587135,
        "dvar": 0.259826689959,
        "dvar2": 0.575523376465,
        "max": 14.9912528992,
        "mean": -0.12121064961,
        "median": -0.08800765872,
        "min": -6.80875110626,
        "var": 1.03244972229
    },
    "erbbands_spread": {
        "dmean": 14.7886962891,
        "dmean2": 21.7755050659,
        "dvar": 213.524841309,
        "dvar2": 466.88848877,
        "max": 167.575317383,
        "mean": 55.7653236389,
        "median": 54.8928489685,
        "min": 0.380960792303,
        "var": 775.805480957
    },
    "hfc": {
        "dmean": 15.3688468933,
        "dmean2": 22.2487564087,
        "dvar": 501.240570068,
        "dvar2": 1140.15002441,
        "max": 190.190872192,
        "mean": 26.0382633209,
        "median": 17.1794433594,
        "min": 1.06401360541e-16,
        "var": 741.234375
    },
    "melbands_crest": {
        "dmean": 3.55066561699,
        "dmean2": 5.62702798843,
        "dvar": 17.1816158295,
        "dvar2": 36.914855957,
        "max": 37.4915924072,
        "mean": 19.1960735321,
        "median": 18.4274635315,
        "min": 1.49194943905,
        "var": 61.5484809875
    },
    "melbands_flatness_db": {
        "dmean": 0.0408843420446,
        "dmean2": 0.0567009486258,
        "dvar": 0.00223788619041,
        "dvar2": 0.00461289752275,
        "max": 1,
        "mean": 0.230305656791,
        "median": 0.218597739935,
        "min": 0.00327810738236,
        "var": 0.0120023526251
    },
    "melbands_kurtosis": {
        "dmean": 23.2057514191,
        "dmean2": 33.3530731201,
        "dvar": 1976.89086914,
        "dvar2": 3985.95043945,
        "max": 1176.24389648,
        "mean": 43.9806060791,
        "median": 19.3425750732,
        "min": -1.9503954649,
        "var": 6092.52734375
    },
    "melbands_skewness": {
        "dmean": 1.44265556335,
        "dmean2": 2.06507229805,
        "dvar": 2.6660451889,
        "dvar2": 5.72410821915,
        "max": 26.6755447388,
        "mean": 4.67956972122,
        "median": 4.00273418427,
        "min": -3.89311099052,
        "var": 11.6805686951
    },
    "melbands_spread": {
        "dmean": 14.3210401535,
        "dmean2": 22.2408542633,
        "dvar": 700.341369629,
        "dvar2": 1785.22937012,
        "max": 298.065002441,
        "mean": 25.9160861969,
        "median": 16.3673973083,
        "min": 0.0618047863245,
        "var": 913.798522949
    },
    "pitch_salience": {
        "dmean": 0.0869018062949,
        "dmean2": 0.126144841313,
        "dvar": 0.0089603792876,
        "dvar2": 0.0175893828273,
        "max": 0.852593660355,
        "mean": 0.427866369486,
        "median": 0.458532631397,
        "min": 0.00833729188889,
        "var": 0.0319189205766
    },
    "silence_rate_20dB": {
        "dmean": 0,
        "dmean2": 0,
        "dvar": 0,
        "dvar2": 0,
        "max": 1,
        "mean": 1,
        "median": 1,
        "min": 1,
        "var": 0
    },
    "silence_rate_30dB": {
        "dmean": 0.0498494133353,
        "dmean2": 0.0997091829777,
        "dvar": 0.0473588779569,
        "dvar2": 0.138363525271,
        "max": 1,
        "mean": 0.974039435387,
        "median": 1,
        "min": 0,
        "var": 0.0252847056836
    },
    "silence_rate_60dB": {
        "dmean": 0.0101775880903,
        "dmean2": 0.0203572921455,
        "dvar": 0.010075523518,
        "dvar2": 0.023472411558,
        "max": 1,
        "mean": 0.0418483912945,
        "median": 0,
        "min": 0,
        "var": 0.0400965735316
    },
    "spectral_centroid": {
        "dmean": 401.283721924,
        "dmean2": 577.347290039,
        "dvar": 211465.484375,
        "dvar2": 472661.5,
        "max": 11579.7207031,
        "mean": 1694.51013184,
        "median": 1538.31811523,
        "min": 45.0878791809,
        "var": 1096531.375
    },
    "spectral_complexity": {
        "dmean": 5.21487188339,
        "dmean2": 8.10407161713,
        "dvar": 49.7875289917,
        "dvar2": 108.078590393,
        "max": 53,
        "mean": 13.830737114,
        "median": 12,
        "min": 0,
        "var": 85.2238540649
    },
    "spectral_decrease": {
        "dmean": 3.46110362592e-09,
        "dmean2": 4.75696859681e-09,
        "dvar": 1.98711828387e-17,
        "dvar2": 3.83623835702e-17,
        "max": 1.45501990633e-20,
        "mean": -9.48065093098e-09,
        "median": -6.43293507352e-09,
        "min": -3.63775640722e-08,
        "var": 6.52906495331e-17
    },
    "spectral_energy": {
        "dmean": 0.0139133371413,
        "dmean2": 0.019332582131,
        "dvar": 0.000306609203108,
        "dvar2": 0.000605383887887,
        "max": 0.141666784883,
        "mean": 0.0381439700723,
        "median": 0.0275188051164,
        "min": 9.94371828147e-21,
        "var": 0.000968388631009
    },
    "spectral_energyband_high": {
        "dmean": 0.00160542980302,
        "dmean2": 0.00231416034512,
        "dvar": 6.60445175527e-06,
        "dvar2": 1.49007637447e-05,
        "max": 0.0311322677881,
        "mean": 0.00204965891317,
        "median": 0.000785498414189,
        "min": 6.84895772892e-21,
        "var": 9.30295755097e-06
    },
    "spectral_energyband_low": {
        "dmean": 0.0105714984238,
        "dmean2": 0.0148536367342,
        "dvar": 0.000240307635977,
        "dvar2": 0.000399277865654,
        "max": 0.118390358984,
        "mean": 0.025004748255,
        "median": 0.0126186721027,
        "min": 2.12014114892e-23,
        "var": 0.000736759859137
    },
    "spectral_energyband_middle_high": {
        "dmean": 0.00161289214157,
        "dmean2": 0.00241206423379,
        "dvar": 4.89978992846e-06,
        "dvar2": 9.47867374634e-06,
        "max": 0.0836025625467,
        "mean": 0.00404012389481,
        "median": 0.0024977508001,
        "min": 1.22039856702e-21,
        "var": 2.36325176957e-05
    },
    "spectral_energyband_middle_low": {
        "dmean": 0.00761976279318,
        "dmean2": 0.012682819739,
        "dvar": 0.000286060967483,
        "dvar2": 0.000691102119163,
        "max": 0.128169342875,
        "mean": 0.00870231352746,
        "median": 0.00381823116913,
        "min": 1.67394567527e-22,
        "var": 0.000243936665356
    },
    "spectral_entropy": {
        "dmean": 0.214194595814,
        "dmean2": 0.310500025749,
        "dvar": 0.0515726283193,
        "dvar2": 0.106303356588,
        "max": 9.82656955719,
        "mean": 7.77639198303,
        "median": 7.86862945557,
        "min": 2.16342306137,
        "var": 0.418553680182
    },
    "spectral_flux": {
        "dmean": 0.0394153743982,
        "dmean2": 0.0506694726646,
        "dvar": 0.00193105568178,
        "dvar2": 0.00271568144672,
        "max": 0.387278437614,
        "mean": 0.107235006988,
        "median": 0.0771986469626,
        "min": 6.21122736577e-11,
        "var": 0.00675715412945
    },
    "spectral_kurtosis": {
        "dmean": 1.80340003967,
        "dmean2": 2.90842223167,
        "dvar": 74.8199615479,
        "dvar2": 185.954833984,
        "max": 717.761047363,
        "mean": 4.77079963684,
        "median": 1.70456600189,
        "min": -1.34274888039,
        "var": 723.849182129
    },
    "spectral_rms": {
        "dmean": 0.00118230166845,
        "dmean2": 0.00169510592241,
        "dvar": 2.06329696084e-06,
        "dvar2": 4.42396458311e-06,
        "max": 0.0117563391104,
        "mean": 0.00554516119882,
        "median": 0.00518146809191,
        "min": 3.11467323287e-12,
        "var": 6.46456874165e-06
    },
    "spectral_rolloff": {
        "dmean": 1083.50842285,
        "dmean2": 1713.15820312,
        "dvar": 3407435.5,
        "dvar2": 6505261,
        "max": 19982.8125,
        "mean": 1931.46765137,
        "median": 839.794921875,
        "min": 43.06640625,
        "var": 7635435.5
    },
    "spectral_skewness": {
        "dmean": 0.231001928449,
        "dmean2": 0.349317789078,
        "dvar": 0.0980376899242,
        "dvar2": 0.239660710096,
        "max": 23.8458595276,
        "mean": 1.28572571278,
        "median": 1.13692140579,
        "min": -0.477058023214,
        "var": 1.71938359737
    },
    "spectral_spread": {
        "dmean": 764863.3125,
        "dmean2": 1128274.625,
        "dvar": 899431202816,
        "dvar2": 1.79406268006e+12,
        "max": 42476228,
        "mean": 6381729.5,
        "median": 6328080,
        "min": 131057.742188,
        "var": 9.90351405875e+12
    },
    "spectral_strongpeak": {
        "dmean": 0.393279612064,
        "dmean2": 0.677105784416,
        "dvar": 0.671216726303,
        "dvar2": 1.71469974518,
        "max": 19.950428009,
        "mean": 0.665166854858,
        "median": 0.459062218666,
        "min": 0,
        "var": 0.909357786179
    },
    "zerocrossingrate": {
        "dmean": 0.0221085567027,
        "dmean2": 0.0240057073534,
        "dvar": 0.000677603762597,
        "dvar2": 0.000906213768758,
        "max": 0.52490234375,
        "mean": 0.0722843334079,
        "median": 0.0576171875,
        "min": 0.001953125,
        "var": 0.00387290772051
    },
    "barkbands": {
        "dmean": [0.00021814648062, 0.00878059770912, 0.00525317015126, 0.00379215693101, 0.00480744894594, 0.0005446592113, 0.00032462348463, 0.000230903649935, 0.000395502836909, 0.000384966435377, 0.000177058987902, 0.000389579188777, 0.000377213320462, 0.000349608773831, 0.000394294416765, 0.000196642795345, 0.000159249684657, 0.000143171811942, 0.000146482052514, 0.000186409146409, 0.000211419042898, 0.000261071952991, 0.000395579554606, 0.000443849974545, 0.000236501247855, 6.56136035104e-05, 2.53803568739e-06],
        "dmean2": [0.000264751841314, 0.0116527518257, 0.00871396064758, 0.00707766506821, 0.00878329388797, 0.000806809170172, 0.000503994117025, 0.000368836103007, 0.00062046723906, 0.000598268641625, 0.000280812266283, 0.00059300014982, 0.000567341921851, 0.000547908712178, 0.000591349962633, 0.000315227836836, 0.000262967107119, 0.000230848396313, 0.000239188753767, 0.000292194861686, 0.000333872420015, 0.000388751126593, 0.000585787871387, 0.000653014401905, 0.000356919510523, 0.000100560740975, 4.02734303862e-06],
        "dvar": [6.25886116268e-08, 0.000206923403312, 0.00013696453243, 0.00010720933642, 0.000181858369615, 1.1386676988e-06, 6.70795486712e-07, 4.12851079545e-07, 9.15359919418e-07, 8.21530591111e-07, 2.31385826055e-07, 5.34857235834e-07, 9.84303483165e-07, 5.1827197467e-07, 2.05367837225e-06, 2.29271151397e-07, 1.465891728e-07, 8.04114179687e-08, 4.41228955594e-08, 1.57491882646e-07, 1.08657168596e-07, 1.64202958786e-07, 4.6713824986e-07, 6.92438163696e-07, 1.82958928008e-07, 1.58771413794e-08, 1.9623337677e-11],
        "dvar2": [8.13272080791e-08, 0.00033283958328, 0.00034950763802, 0.000305450084852, 0.000510461279191, 2.51275537266e-06, 1.56698922638e-06, 1.02293734017e-06, 2.24680184147e-06, 1.72341708549e-06, 5.46105525245e-07, 1.15016462132e-06, 1.96029054678e-06, 1.18136517813e-06, 3.9783444663e-06, 5.44087811249e-07, 3.10182485919e-07, 1.71962057038e-07, 1.005386423e-07, 3.17649011095e-07, 2.60834383425e-07, 3.50450960696e-07, 1.08203369109e-06, 1.49460129251e-06, 4.32361133562e-07, 3.87515477485e-08, 4.57959711819e-11],
        "max": [0.00456719845533, 0.110812559724, 0.0662460848689, 0.0723256468773, 0.117417156696, 0.0338089950383, 0.014124664478, 0.0150991901755, 0.0327683202922, 0.0235634204, 0.0176586490124, 0.0137102957815, 0.0281308814883, 0.0175248850137, 0.070434615016, 0.0175577625632, 0.0151310162619, 0.00648474227637, 0.00707726180553, 0.0243559870869, 0.00638081505895, 0.00358728901483, 0.00569609506056, 0.00672721955925, 0.00435071345419, 0.00091997475829, 4.29607607657e-05],
        "mean": [0.000370760855731, 0.0181029941887, 0.00493857590482, 0.00273577868938, 0.00356908747926, 0.00100262509659, 0.000444348697783, 0.000295743520837, 0.000554226862732, 0.000650137430057, 0.000239597298787, 0.000573229917791, 0.000545298040379, 0.000475796929095, 0.000613242154941, 0.000254365091678, 0.000202737792279, 0.000191423183423, 0.000201785136596, 0.000272293866146, 0.000249298522249, 0.00035356686567, 0.000458237744169, 0.000531645782758, 0.000242434587562, 7.14494963177e-05, 3.26767076331e-06],
        "median": [0.000122110403026, 0.00542197655886, 0.00161509192549, 0.000540220877156, 0.000663231301587, 0.000322060368489, 9.24535270315e-05, 4.5450993639e-05, 0.000103612459498, 7.61816627346e-05, 3.16743389703e-05, 0.000157870541443, 0.000147385871969, 0.000178390429937, 9.50777175603e-05, 9.80918266578e-05, 8.34932434373e-05, 8.60972868395e-05, 0.000113023495942, 0.000146611011587, 0.000111912057037, 0.000135717273224, 0.000153346874868, 0.000139078008942, 5.92807336943e-05, 3.07478730974e-05, 1.23672396057e-06],
        "min": [7.85844301119e-25, 2.07927779904e-24, 1.86652418227e-24, 9.00631451438e-25, 7.67982439187e-24, 6.46023320505e-24, 1.17245319785e-23, 4.90114626134e-24, 6.99536607201e-24, 1.7223589841e-23, 2.16782211084e-23, 1.91129748179e-23, 3.03193640212e-23, 3.96301062698e-23, 5.958094761e-23, 5.95945917482e-23, 6.59579413956e-23, 7.81162632528e-23, 1.35435022844e-22, 1.70863094264e-22, 2.44666080657e-22, 3.40912462726e-22, 3.55024793045e-22, 6.23015837217e-22, 8.91167455604e-22, 1.28873618622e-21, 1.77063624282e-21],
        "var": [2.65042899628e-07, 0.000593586068135, 0.000104354199721, 6.07241272519e-05, 0.000112046705908, 3.32580680151e-06, 9.93178446151e-07, 6.59193801766e-07, 1.32437673983e-06, 3.01999511976e-06, 5.83606379223e-07, 1.22314804685e-06, 2.1189562176e-06, 9.00434486084e-07, 5.70124529986e-06, 3.07938165633e-07, 2.06226687283e-07, 1.20148754945e-07, 6.51500613458e-08, 2.46171424578e-07, 1.24652444811e-07, 2.49397544394e-07, 6.1637666704e-07, 9.90033186099e-07, 2.15295912653e-07, 1.62592588282e-08, 2.54041822301e-11]
    },
    "erbbands": {
        "dmean": [0.256746441126, 2.18904995918, 4.92409753799, 10.8355703354, 14.6299333572, 15.6470689774, 6.0058131218, 4.97928333282, 5.64543151855, 2.95542955399, 5.21954774857, 8.60033321381, 11.9836006165, 9.11776638031, 9.68576145172, 13.0490293503, 16.0511817932, 12.9581241608, 21.4823131561, 13.7494497299, 9.50198745728, 9.35946846008, 7.80698060989, 6.77538776398, 7.76398706436, 8.80655193329, 8.11342048645, 9.10239124298, 10.485127449, 8.43409156799, 13.1192712784, 10.045507431, 6.25964307785, 3.25781226158, 1.37408149242, 0.386192381382, 0.107965730131, 0.0130987334996, 0.000301319436403, 2.88653063762e-05],
        "dmean2": [0.273406565189, 3.08485364914, 7.48152685165, 19.6859169006, 25.3996162415, 29.7337226868, 10.0080385208, 7.41713380814, 8.68916702271, 4.693795681, 8.27624320984, 13.5298566818, 18.3988246918, 14.0959539413, 14.6115922928, 20.0020561218, 23.7174949646, 19.7070102692, 32.8472290039, 21.2254428864, 15.067527771, 15.2572069168, 12.5402402878, 11.0734157562, 12.3794956207, 13.7232904434, 12.7058486938, 14.4573869705, 15.8803977966, 12.6770191193, 19.7819442749, 14.6716651917, 9.21734237671, 4.854429245, 2.10830116272, 0.592383384705, 0.166862085462, 0.0200155843049, 0.000455700617749, 4.25342695962e-05],
        "dvar": [0.136566773057, 14.5305929184, 100.221961975, 725.908447266, 1481.6394043, 2024.35705566, 140.3256073, 104.257125854, 182.028930664, 55.8388214111, 209.161331177, 546.398254395, 638.069335938, 522.594177246, 413.173522949, 513.624816895, 1678.29626465, 858.207702637, 4436.41650391, 1450.13635254, 502.097045898, 571.41003418, 276.893676758, 95.9013824463, 133.279525757, 491.778747559, 182.66633606, 203.216125488, 275.814880371, 180.040481567, 621.394165039, 349.977844238, 131.291473389, 32.7024726868, 7.19554519653, 0.576739549637, 0.042416702956, 0.000504743889906, 2.65397972044e-07, 1.47104495252e-09],
        "dvar2": [0.149137675762, 24.6951389313, 215.195266724, 2028.99133301, 3821.11425781, 5840.53466797, 360.121368408, 247.299591064, 425.594055176, 144.275161743, 519.782531738, 1376.23205566, 1392.06506348, 996.301086426, 880.705627441, 1142.1048584, 3124.19506836, 1792.42797852, 10178.8583984, 2737.7487793, 1061.76904297, 1185.33117676, 596.987121582, 222.074050903, 299.183502197, 1010.74853516, 405.144927979, 492.530212402, 603.539245605, 430.022094727, 1495.28747559, 704.976318359, 296.417297363, 74.6183395386, 17.630815506, 1.41873025894, 0.10465876013, 0.00118837051559, 6.14675514043e-07, 3.43867179176e-09],
        "max": [3.32540202141, 26.5636615753, 63.717918396, 165.548446655, 311.265808105, 373.600341797, 154.447891235, 279.190185547, 241.110946655, 231.926696777, 422.718292236, 798.489257812, 575.463500977, 838.033325195, 700.111572266, 452.802947998, 1176.51281738, 905.199401855, 2946.35058594, 1950.49780273, 1213.30578613, 1048.93151855, 432.708984375, 210.57875061, 437.15914917, 1483.03771973, 459.448394775, 192.442398071, 149.889572144, 122.178123474, 214.98538208, 187.767868042, 102.470283508, 70.9873123169, 27.9219932556, 6.32878065109, 1.56475520134, 0.210184499621, 0.00470980769023, 0.000263776164502],
        "mean": [0.574105501175, 3.84070825577, 5.74248743057, 8.67517852783, 11.5978775024, 10.7183237076, 7.86614513397, 9.10245800018, 8.33507823944, 3.9848845005, 7.22114658356, 11.8447761536, 19.1777153015, 15.0268087387, 14.7247581482, 20.6844387054, 25.7250080109, 20.0218086243, 33.0849609375, 22.0732460022, 13.3979759216, 12.5695390701, 10.9518184662, 9.70938301086, 11.0715703964, 13.0838899612, 10.2596683502, 10.4491577148, 13.5016050339, 11.0102949142, 14.4593267441, 12.7770042419, 7.16057825089, 3.445728302, 1.36895656586, 0.402651399374, 0.11907427758, 0.0168973263353, 0.000408552237786, 6.25841857982e-05],
        "median": [0.12030031532, 1.43171167374, 2.17054462433, 2.53081393242, 1.96917784214, 1.78608548641, 2.02555131912, 3.02818822861, 2.31526136398, 1.29282355309, 1.66489958763, 2.98118591309, 4.43605899811, 3.21756196022, 5.01994562149, 7.60588884354, 7.95533084869, 8.0982427597, 8.57826423645, 6.73373985291, 5.77021026611, 5.17802429199, 4.96723365784, 5.5788269043, 6.13296127319, 7.00770568848, 4.80417013168, 4.45895385742, 4.73901176453, 4.52161884308, 4.69470500946, 3.54311084747, 1.82273244858, 0.793246865273, 0.351431071758, 0.152318269014, 0.0520191043615, 0.0076011181809, 0.000201637303689, 4.88854129799e-05],
        "min": [1.00604043399e-22, 5.19007922121e-22, 2.28504443691e-21, 3.1163274291e-21, 1.17929290084e-20, 2.37795329869e-20, 4.34383203495e-20, 7.37081967659e-20, 1.39553033683e-19, 1.42671724312e-19, 3.22830110763e-19, 2.6776702383e-19, 4.54166875743e-19, 8.62806764548e-19, 1.05350281162e-18, 1.27419615001e-18, 1.62276602763e-18, 2.14451660965e-18, 2.64494185509e-18, 2.83535779813e-18, 3.60571296375e-18, 4.34852570332e-18, 4.37977534609e-18, 6.2571163402e-18, 7.14960658443e-18, 9.04758738918e-18, 9.79339659052e-18, 1.18912995047e-17, 1.14046286185e-17, 1.25516063548e-17, 1.17409594284e-17, 1.30551384907e-17, 1.13073836113e-17, 8.46435474698e-18, 6.43501724736e-18, 4.55296173735e-18, 2.38209611647e-18, 1.00529296776e-18, 2.16032653855e-19, 2.77777977194e-20],
        "var": [0.648615002632, 30.4856891632, 108.123245239, 437.538574219, 1066.65649414, 1156.78723145, 204.347137451, 275.308959961, 288.187652588, 62.3295288086, 328.779541016, 696.554077148, 1687.3190918, 1429.37463379, 936.271972656, 1249.31884766, 4162.27490234, 1900.87353516, 8450.98925781, 4483.55566406, 875.485229492, 832.371582031, 417.88168335, 141.969650269, 205.58782959, 720.16003418, 235.968902588, 221.228271484, 390.625701904, 270.569091797, 709.311035156, 568.47052002, 173.631973267, 41.6091651917, 7.54491329193, 0.580408871174, 0.0430946722627, 0.000630843918771, 3.39861600196e-07, 2.39875252994e-09]
    },
    "gfcc": {
        "mean": [-9.70494174957, 61.9141616821, -96.5787887573, 50.7394714355, -49.499622345, 36.1796417236, -32.9396781921, 10.4787273407, -21.6404342651, 5.38606882095, -10.8306951523, 2.05873847008, -10.2747220993],
        "cov": [[16313.0712891, -1470.49853516, -646.897521973, 725.549743652, -1002.59765625, 605.101806641, -591.672607422, 101.561408997, -559.068969727, 223.407226562, -490.108062744, 152.328704834, -364.923675537], [-1470.49853516, 1770.08435059, -169.122772217, -187.04335022, 447.459014893, -186.112854004, 240.799621582, -101.373893738, 158.043670654, -204.920562744, 162.701370239, -151.578857422, 139.797103882], [-646.897521973, -169.122772217, 1207.80224609, 418.622192383, 31.7511901855, 10.9234132767, -3.48928570747, 5.02127170563, -46.5495376587, 18.7286090851, -31.1044139862, 39.5309791565, -66.4649963379], [725.549743652, -187.04335022, 418.622192383, 517.215209961, 114.481109619, 63.9335670471, -23.7813167572, 39.6507377625, -0.415950655937, 10.4799871445, -25.0216941833, 28.4563140869, -24.9557590485], [-1002.59765625, 447.459014893, 31.7511901855, 114.481109619, 602.832092285, 97.8852081299, 178.185348511, 11.9030075073, 175.506134033, 2.25071835518, 85.8534622192, 21.0985469818, 96.6731109619], [605.101806641, -186.112854004, 10.9234132767, 63.9335670471, 97.8852081299, 354.182800293, 142.855606079, 60.2967071533, 54.0230560303, 92.1907958984, 64.42578125, 32.6073265076, 17.2702560425], [-591.672607422, 240.799621582, -3.48928570747, -23.7813167572, 178.185348511, 142.855606079, 286.617858887, 61.5835762024, 91.2475662231, 26.7888317108, 106.805862427, 0.276286005974, 40.7116508484], [101.561408997, -101.373893738, 5.02127170563, 39.6507377625, 11.9030075073, 60.2967071533, 61.5835762024, 162.358184814, 100.758621216, 31.3078651428, 47.7468338013, 38.6233291626, 26.4040908813], [-559.068969727, 158.043670654, -46.5495376587, -0.415950655937, 175.506134033, 54.0230560303, 91.2475662231, 100.758621216, 234.483276367, 58.8392944336, 114.26763916, 27.5271472931, 73.9001159668], [223.407226562, -204.920562744, 18.7286090851, 10.4799871445, 2.25071835518, 92.1907958984, 26.7888317108, 31.3078651428, 58.8392944336, 176.341827393, 68.1193313599, 58.8411712646, -9.05981349945], [-490.108062744, 162.701370239, -31.1044139862, -25.0216941833, 85.8534622192, 64.42578125, 106.805862427, 47.7468338013, 114.26763916, 68.1193313599, 217.064071655, 63.5312538147, 53.1882514954], [152.328704834, -151.578857422, 39.5309791565, 28.4563140869, 21.0985469818, 32.6073265076, 0.276286005974, 38.6233291626, 27.5271472931, 58.8411712646, 63.5312538147, 152.017990112, 37.9583854675], [-364.923675537, 139.797103882, -66.4649963379, -24.9557590485, 96.6731109619, 17.2702560425, 40.7116508484, 26.4040908813, 73.9001159668, -9.05981349945, 53.1882514954, 37.9583854675, 118.998764038]],
        "icov": [[0.000171530627995, -0.000305932742776, 0.000272655655863, -0.000446412828751, 0.000352158211172, -0.000601943873335, 0.000423630088335, -0.000381155929063, 0.000320417369949, -0.000379972276278, 0.000525617273524, -0.000515065912623, 0.000386453786632], [-0.000305932742776, 0.00218065967783, -0.0005282725906, 0.00109645957127, -0.0013639916433, 0.00214233831502, -0.00178149656858, 0.00193296966609, -0.00114569952711, 0.00216382159851, -0.00233762036078, 0.00235580746084, -0.00141771440394], [0.000272655655863, -0.0005282725906, 0.00165973161347, -0.00176390435081, 0.000726778118405, -0.000729236169718, 0.000248027092312, -0.000341633829521, 0.000499359681271, -0.000700288859662, 0.000981441698968, -0.00126941653434, 0.00112301763147], [-0.000446412828751, 0.00109645957127, -0.00176390435081, 0.00453134346753, -0.00216570217162, 0.0010545537807, 1.36706521516e-05, -0.000267397903372, -0.000236359090195, 0.00141845515464, -0.00161610159557, 0.00160372292157, -0.000565433350857], [0.000352158211172, -0.0013639916433, 0.000726778118405, -0.00216570217162, 0.00441291369498, -0.00190873071551, -0.000591808755416, 0.00131345691625, -0.00213421019726, -0.000580403895583, 0.00248506222852, -0.00251178559847, 0.000208790399483], [-0.000601943873335, 0.00214233831502, -0.000729236169718, 0.0010545537807, -0.00190873071551, 0.00719627225772, -0.00420196680352, 0.00132756552193, -0.000560628424864, 2.4151739126e-05, -0.0025304662995, 0.00285450508818, -0.00232912041247], [0.000423630088335, -0.00178149656858, 0.000248027092312, 1.36706521516e-05, -0.000591808755416, -0.00420196680352, 0.0086465254426, -0.00426957430318, 0.00238102045842, -0.00142041547224, -0.000588495575357, -0.000187733545317, 0.00134933064692], [-0.000381155929063, 0.00193296966609, -0.000341633829521, -0.000267397903372, 0.00131345691625, 0.00132756552193, -0.00426957430318, 0.0134793939069, -0.00792836491019, 0.00348660582677, -0.000649923458695, -0.000900922343135, -0.000709489104338], [0.000320417369949, -0.00114569952711, 0.000499359681271, -0.000236359090195, -0.00213421019726, -0.000560628424864, 0.00238102045842, -0.00792836491019, 0.0129090556875, -0.00472775800154, -0.00197437405586, 0.00188888877165, -0.00277906493284], [-0.000379972276278, 0.00216382159851, -0.000700288859662, 0.00141845515464, -0.000580403895583, 2.4151739126e-05, -0.00142041547224, 0.00348660582677, -0.00472775800154, 0.0117037063465, -0.00367788854055, -0.0010343703907, 0.00218031625263], [0.000525617273524, -0.00233762036078, 0.000981441698968, -0.00161610159557, 0.00248506222852, -0.0025304662995, -0.000588495575357, -0.000649923458695, -0.00197437405586, -0.00367788854055, 0.0113095575944, -0.00562819419429, 0.00094767898554], [-0.000515065912623, 0.00235580746084, -0.00126941653434, 0.00160372292157, -0.00251178559847, 0.00285450508818, -0.000187733545317, -0.000900922343135, 0.00188888877165, -0.0010343703907, -0.00562819419429, 0.0132994083688, -0.00580779090524], [0.000386453786632, -0.00141771440394, 0.00112301763147, -0.000565433350857, 0.000208790399483, -0.00232912041247, 0.00134933064692, -0.000709489104338, -0.00277906493284, 0.00218031625263, 0.00094767898554, -0.00580779090524, 0.0149477561936]]
    },
    "melbands": {
        "dmean": [0.0023392541334, 0.0023911842145, 0.00189019402023, 0.00119567255024, 0.000276731530903, 0.000109150103526, 7.8441837104e-05, 3.78662844014e-05, 4.3158124754e-05, 5.68506911804e-05, 6.24017193331e-05, 4.13726957049e-05, 3.01226573356e-05, 4.10180546169e-05, 4.29184219684e-05, 3.01658837998e-05, 2.54540045717e-05, 3.74961855414e-05, 2.81480479316e-05, 1.49842262545e-05, 1.06858979052e-05, 1.02936774056e-05, 7.67699748394e-06, 7.92905848357e-06, 5.6193657656e-06, 5.67627330383e-06, 6.87736337568e-06, 5.87657086726e-06, 5.01122121932e-06, 5.40845621799e-06, 5.47351783098e-06, 7.06649598214e-06, 4.2084038796e-06, 5.2262034842e-06, 8.2702454165e-06, 6.28546331427e-06, 6.40212920189e-06, 5.00769328937e-06, 2.96261919175e-06, 2.74481362794e-06],
        "dmean2": [0.00271888170391, 0.00328795099631, 0.00331743829884, 0.00216895085759, 0.000491143204272, 0.000162207274116, 0.000121053060866, 6.06865905866e-05, 6.89925218467e-05, 8.89692382771e-05, 9.54251081566e-05, 6.34758471278e-05, 4.63741889689e-05, 6.22924635536e-05, 6.45471809548e-05, 4.5206026698e-05, 3.88328880945e-05, 5.85511515965e-05, 4.153386908e-05, 2.38500779233e-05, 1.72773416125e-05, 1.6897029127e-05, 1.27261737362e-05, 1.28216424855e-05, 9.28265944822e-06, 9.26094617171e-06, 1.10204873636e-05, 9.24965752347e-06, 7.91277579992e-06, 8.81102459971e-06, 8.79833351064e-06, 1.10003538794e-05, 6.08532400292e-06, 8.22795664135e-06, 1.30274393086e-05, 8.78214086697e-06, 9.62221383816e-06, 7.54879602027e-06, 4.40183839601e-06, 4.17288129029e-06],
        "dvar": [1.19910691865e-05, 1.65968831425e-05, 2.16946027649e-05, 1.13873993541e-05, 3.71474584426e-07, 4.5870848453e-08, 3.5284433153e-08, 8.86907880471e-09, 1.38053515286e-08, 2.14292583678e-08, 1.71984986252e-08, 1.10498934447e-08, 5.11118614099e-09, 7.31289340195e-09, 1.08090603135e-08, 5.41471312232e-09, 3.34208105635e-09, 1.17640333031e-08, 1.31215056598e-08, 1.39327727133e-09, 7.06895209035e-10, 8.90688578448e-10, 3.07039033087e-10, 2.45845344082e-10, 6.7337281584e-11, 7.57763227166e-11, 1.28825977663e-10, 3.12502662636e-10, 6.93080592917e-11, 7.6190817544e-11, 7.85508255663e-11, 1.33636268718e-10, 5.72875392957e-11, 7.42912190099e-11, 2.83124634848e-10, 1.24003363133e-10, 1.48309586834e-10, 9.22348933341e-11, 2.68231426653e-11, 2.41961069236e-11],
        "dvar2": [1.65836754604e-05, 2.76892460533e-05, 5.86995738558e-05, 3.14827811962e-05, 1.04316552552e-06, 1.06484506546e-07, 8.25616410793e-08, 2.2729809146e-08, 3.54633691302e-08, 5.25522239059e-08, 3.71397170795e-08, 2.11914983339e-08, 1.15218741215e-08, 1.5145110055e-08, 2.02727168386e-08, 1.14174794064e-08, 7.15375048088e-09, 2.85979293579e-08, 2.16671285358e-08, 3.36761640796e-09, 1.46932777056e-09, 1.83247939045e-09, 6.85118517474e-10, 5.49261580662e-10, 1.60497892754e-10, 1.7843697353e-10, 2.87125045961e-10, 6.8847821888e-10, 1.52749368709e-10, 1.89254251159e-10, 1.89846569021e-10, 3.04468422696e-10, 1.2501903679e-10, 1.80511508518e-10, 7.13263170748e-10, 2.45492903783e-10, 3.16786347154e-10, 2.13639370084e-10, 6.11750580748e-11, 5.58712902332e-11],
        "max": [0.0306319855154, 0.0310653727502, 0.0301170255989, 0.0304233953357, 0.00676361238584, 0.00629144906998, 0.00331974658184, 0.00207957811654, 0.004718599841, 0.00443018740043, 0.00309429550543, 0.00376230455004, 0.00287047075108, 0.00201017432846, 0.00319662550464, 0.00156001991127, 0.00196860218421, 0.00482301646844, 0.00701871467754, 0.00128508021589, 0.00149767566472, 0.00134442106355, 0.000445316254627, 0.000334442069288, 0.00018195984012, 0.000306608068058, 0.000464855605969, 0.00125704857055, 0.000271936820354, 0.000141299999086, 9.31856775424e-05, 9.21360478969e-05, 9.97815295705e-05, 8.29234631965e-05, 0.000143730052514, 0.000125480815768, 0.000133012115839, 8.31945726532e-05, 5.32312478754e-05, 6.17065015831e-05],
        "mean": [0.00512067228556, 0.00381733872928, 0.00157492572907, 0.000859852298163, 0.000306925823679, 0.000202419716516, 0.000113882575533, 4.88994046464e-05, 5.91966854699e-05, 7.75874214014e-05, 0.000101096564322, 6.83843973093e-05, 4.33802706539e-05, 5.8704863477e-05, 7.07389554009e-05, 4.38451497757e-05, 3.57026437996e-05, 5.31641308044e-05, 4.63632750325e-05, 1.92701227206e-05, 1.35926120493e-05, 1.29514373839e-05, 9.67541564023e-06, 1.04883420136e-05, 7.42108932172e-06, 7.69690268498e-06, 9.1903784778e-06, 8.52828907227e-06, 6.36682898403e-06, 5.86338410358e-06, 6.04238903179e-06, 8.19824890641e-06, 6.32931278233e-06, 6.10296774539e-06, 8.49806019687e-06, 8.07145352155e-06, 7.75562148192e-06, 5.53221025257e-06, 3.32207378051e-06, 2.77360550172e-06],
        "median": [0.00136443658266, 0.00189637299627, 0.000445072131697, 0.000151914253365, 7.17804432497e-05, 7.053311856e-05, 2.97225415125e-05, 1.13746264105e-05, 1.23359095596e-05, 1.47086639117e-05, 2.03729050554e-05, 1.09449902084e-05, 1.10112569018e-05, 1.52579959831e-05, 1.235266609e-05, 1.40121574077e-05, 1.27904731926e-05, 1.34419642563e-05, 7.22172626411e-06, 6.45913496555e-06, 5.31569276063e-06, 4.89410376758e-06, 3.88061744161e-06, 4.83140411234e-06, 3.99842247134e-06, 4.26797487307e-06, 4.37692051491e-06, 4.40098665422e-06, 2.91343121717e-06, 2.40682084041e-06, 2.44314833253e-06, 2.57338479059e-06, 2.43647264142e-06, 2.28697194871e-06, 2.76129094345e-06, 2.50846187555e-06, 1.98588759304e-06, 1.34819129016e-06, 8.81543030573e-07, 5.89618480262e-07],
        "min": [1.43296780649e-24, 7.48366998627e-25, 7.38252322707e-25, 1.36571228672e-24, 1.26844070812e-24, 1.66847710214e-24, 2.27732625968e-24, 1.30689935358e-24, 2.50872973154e-24, 1.09633492443e-24, 1.94929797655e-24, 3.31513352279e-24, 2.84567036796e-24, 2.38443996276e-24, 3.35610577491e-24, 3.80047703928e-24, 3.37243085692e-24, 2.95755944053e-24, 4.7368072077e-24, 2.71698368571e-24, 3.565405167e-24, 3.94592326868e-24, 3.49783962489e-24, 3.45555510265e-24, 3.97033259724e-24, 4.85086702826e-24, 5.25747552109e-24, 5.46007708966e-24, 5.12017073067e-24, 5.22772244876e-24, 6.06960940074e-24, 5.1645003748e-24, 4.87302218678e-24, 5.80624266551e-24, 5.88381096389e-24, 5.96620985202e-24, 6.7776862161e-24, 6.39860423569e-24, 6.3836237671e-24, 6.33423515798e-24],
        "var": [4.67928912258e-05, 2.95124536933e-05, 1.42116214192e-05, 7.14695352144e-06, 3.48106624415e-07, 1.28134402644e-07, 5.4060841137e-08, 1.16151674945e-08, 1.90281728152e-08, 2.9132266377e-08, 4.97878183126e-08, 3.29013616351e-08, 1.20079839405e-08, 1.66449165562e-08, 3.31061897896e-08, 1.0241477888e-08, 6.77714595554e-09, 1.82735462317e-08, 4.59698838995e-08, 1.92368565521e-09, 1.14543807772e-09, 1.2077360223e-09, 4.19838053212e-10, 3.63271246417e-10, 9.28874546724e-11, 1.0368936959e-10, 1.92378848962e-10, 4.06641303963e-10, 9.22166440431e-11, 7.98306837302e-11, 8.12859501931e-11, 1.61228044804e-10, 9.96018892363e-11, 9.67112848138e-11, 2.7607491293e-10, 2.11884523815e-10, 2.19463433537e-10, 1.12439078881e-10, 3.55979620781e-11, 2.93246711636e-11]
    },
    "mfcc": {
        "mean": [-651.303161621, 84.3046569824, 20.4612255096, 24.8374652863, 17.014421463, 21.9477462769, 10.5438966751, 9.86159229279, -1.23663890362, 8.8477678299, -0.456241637468, 1.95735216141, -0.534212231636],
        "cov": [[8610.86914062, -907.238464355, 274.942016602, -118.120559692, -192.759292603, 115.863471985, -96.2108612061, -133.988540649, -62.7076911926, -64.3047409058, -101.428108215, -150.987182617, -134.161758423], [-907.238464355, 1473.20654297, -435.009918213, 79.0721206665, 101.939117432, 24.5132846832, 84.2959365845, 93.8363418579, 7.6301035881, 59.6754722595, -5.25485372543, -20.4723148346, -15.1271600723], [274.942016602, -435.009918213, 934.688049316, 248.329467773, 34.6356582642, 30.6084117889, 25.0083198547, -3.7296526432, -30.6429729462, -47.6793785095, 12.8536024094, 33.3530235291, 3.32297849655], [-118.120559692, 79.0721206665, 248.329467773, 440.103546143, 196.251708984, 51.6723403931, 23.1273841858, 46.8781394958, 30.7672367096, -40.9797286987, 5.03496694565, 9.13911247253, 2.14215493202], [-192.759292603, 101.939117432, 34.6356582642, 196.251708984, 336.563751221, 129.794876099, 32.8760986328, 81.6804962158, 72.8906326294, 35.4617004395, 21.3585128784, 22.0733089447, 18.9860191345], [115.863471985, 24.5132846832, 30.6084117889, 51.6723403931, 129.794876099, 284.43838501, 142.809005737, 44.2004051208, 46.9334869385, 51.8273582458, 52.7474212646, 19.642906189, 36.822052002], [-96.2108612061, 84.2959365845, 25.0083198547, 23.1273841858, 32.8760986328, 142.809005737, 202.067901611, 82.2933959961, 21.3867683411, 52.6871261597, 37.4885025024, 23.1509170532, 39.9730758667], [-133.988540649, 93.8363418579, -3.7296526432, 46.8781394958, 81.6804962158, 44.2004051208, 82.2933959961, 176.515335083, 64.13256073, 51.6109390259, 13.1483373642, 35.7974967957, 37.4235687256], [-62.7076911926, 7.6301035881, -30.6429729462, 30.7672367096, 72.8906326294, 46.9334869385, 21.3867683411, 64.13256073, 147.151031494, 49.137840271, 17.9975566864, -1.19776141644, 11.0995254517], [-64.3047409058, 59.6754722595, -47.6793785095, -40.9797286987, 35.4617004395, 51.8273582458, 52.6871261597, 51.6109390259, 49.137840271, 170.368225098, 57.4296150208, 28.9105854034, 39.8387107849], [-101.428108215, -5.25485372543, 12.8536024094, 5.03496694565, 21.3585128784, 52.7474212646, 37.4885025024, 13.1483373642, 17.9975566864, 57.4296150208, 119.260398865, 64.9832763672, 31.6310825348], [-150.987182617, -20.4723148346, 33.3530235291, 9.13911247253, 22.0733089447, 19.642906189, 23.1509170532, 35.7974967957, -1.19776141644, 28.9105854034, 64.9832763672, 132.908950806, 72.8388061523], [-134.161758423, -15.1271600723, 3.32297849655, 2.14215493202, 18.9860191345, 36.822052002, 39.9730758667, 37.4235687256, 11.0995254517, 39.8387107849, 31.6310825348, 72.8388061523, 113.916114807]],
