{
"lowlevel": {
    "average_loudness": 0.889682710171,
    "barkbands_crest": {
        "dmean": 3.08642816544,
        "dmean2": 4.69530296326,
        "dvar": 8.64352416992,
        "dvar2": 18.320350647,
        "max": 26.7741546631,
        "mean": 15.2549982071,
        "median": 14.6813592911,
        "min": 2.33128166199,
        "var": 41.695514679
    },
    "barkbands_flatness_db": {
        "dmean": 0.0349760055542,
        "dmean2": 0.0465106032789,
        "dvar": 0.00157594191842,
        "dvar2": 0.00283541879617,
        "max": 0.650899529457,
        "mean": 0.179256752133,
        "median": 0.146152451634,
        "min": 0.023594237864,
        "var": 0.0120709370822
    },
    "barkbands_kurtosis": {
        "dmean": 50.2853088379,
        "dmean2": 68.5168685913,
        "dvar": 48916.2460938,
        "dvar2": 76554.1796875,
        "max": 4781.19335938,
        "mean": 80.7241668701,
        "median": 3.23278713226,
        "min": -1.84564125538,
        "var": 131033.523438
    },
    "barkbands_skewness": {
        "dmean": 1.59043574333,
        "dmean2": 2.15491819382,
        "dvar": 9.8610906601,
        "dvar2": 15.6676387787,
        "max": 61.3777618408,
        "mean": 3.72861886024,
        "median": 1.7967363596,
        "min": -3.67952632904,
        "var": 42.5750427246
    },
    "barkbands_spread": {
        "dmean": 7.61510896683,
        "dmean2": 11.1064062119,
        "dvar": 83.3832168579,
        "dvar2": 172.438796997,
        "max": 101.169158936,
        "mean": 21.9951076508,
        "median": 18.5353050232,
        "min": 0.0541204400361,
        "var": 309.666473389
    },
    "dissonance": {
        "dmean": 0.017336981371,
        "dmean2": 0.0288571156561,
        "dvar": 0.000329928996507,
        "dvar2": 0.000844749389216,
        "max": 0.500000059605,
        "mean": 0.468763679266,
        "median": 0.477403700352,
        "min": 0.263514012098,
        "var": 0.000852615805343
    },
    "dynamic_complexity": 3.54462552071,
    "erbbands_crest": {
        "dmean": 3.38020706177,
        "dmean2": 5.41150045395,
        "dvar": 10.1290044785,
        "dvar2": 24.1374664307,
        "max": 31.8234615326,
        "mean": 10.3719177246,
        "median": 8.76068592072,
        "min": 2.27679681778,
        "var": 33.1552619934
    },
    "erbbands_flatness_db": {
        "dmean": 0.0190934669226,
        "dmean2": 0.0284168552607,
        "dvar": 0.000370342459064,
        "dvar2": 0.000718016468454,
        "max": 0.391413867474,
        "mean": 0.146916821599,
        "median": 0.134468331933,
        "min": 0.0506390370429,
        "var": 0.0031800668221
    },
    "erbbands_kurtosis": {
        "dmean": 1.73841881752,
        "dmean2": 2.68597078323,
        "dvar": 13.489985466,
        "dvar2": 23.7839603424,
        "max": 73.0746231079,
        "mean": 1.60335445404,
        "median": 0.0130450725555,
        "min": -1.85878074169,
        "var": 36.9122772217
    },
    "erbbands_skewness": {
        "dmean": 0.494805634022,
        "dmean2": 0.741989612579,
        "dvar": 0.302420914173,
        "dvar2": 0.546282172203,
        "max": 8.15975189209,
        "mean": 0.419924885035,
        "median": 0.242969200015,
        "min": -4.22650337219,
        "var": 1.59025216103
    },
    "erbbands_spread": {
        "dmean": 12.935125351,
        "dmean2": 20.1376552582,
        "dvar": 221.911636353,
        "dvar2": 489.327453613,
        "max": 177.722747803,
        "mean": 49.2340774536,
        "median": 42.2464828491,
        "min": 2.17149186134,
        "var": 954.998718262
    },
    "hfc": {
        "dmean": 10.3759860992,
        "dmean2": 15.2575149536,
        "dvar": 218.323425293,
        "dvar2": 480.812652588,
        "max": 164.145065308,
        "mean": 27.1434936523,
        "median": 22.057800293,
        "min": 1.07738792477e-16,
        "var": 567.624267578
    },
    "melbands_crest": {
        "dmean": 3.9361178875,
        "dmean2": 6.15291976929,
        "dvar": 13.2175168991,
        "dvar2": 30.5318984985,
        "max": 36.1327056885,
        "mean": 19.865240097,
        "median": 20.2232055664,
        "min": 1.58303248882,
        "var": 59.827255249
    },
    "melbands_flatness_db": {
        "dmean": 0.0397494286299,
        "dmean2": 0.0530276410282,
        "dvar": 0.00199474906549,
        "dvar2": 0.00367706385441,
        "max": 0.759994745255,
        "mean": 0.246641591191,
        "median": 0.217135861516,
        "min": 0.00271072494797,
        "var": 0.0178742725402
    },
    "melbands_kurtosis": {
        "dmean": 45.6873588562,
        "dmean2": 64.9159088135,
        "dvar": 11016.7988281,
        "dvar2": 21087.7246094,
        "max": 1902.46240234,
        "mean": 79.6801757812,
        "median": 16.1292743683,
        "min": -1.77599835396,
        "var": 32212.4160156
    },
    "melbands_skewness": {
        "dmean": 1.65169799328,
        "dmean2": 2.40741562843,
        "dvar": 4.57818555832,
        "dvar2": 9.98994159698,
        "max": 32.1674804688,
        "mean": 4.83337640762,
        "median": 3.5807621479,
        "min": -1.35283124447,
        "var": 21.195898056
    },
    "melbands_spread": {
        "dmean": 8.11108970642,
        "dmean2": 12.313706398,
        "dvar": 152.523620605,
        "dvar2": 334.538146973,
        "max": 226.03767395,
        "mean": 21.7777023315,
        "median": 16.1555290222,
        "min": 0.148535251617,
        "var": 598.733276367
    },
    "pitch_salience": {
        "dmean": 0.0890174582601,
        "dmean2": 0.132852047682,
        "dvar": 0.00783838145435,
        "dvar2": 0.0145651819184,
        "max": 0.914712071419,
        "mean": 0.419719934464,
        "median": 0.446532547474,
        "min": 0.014655938372,
        "var": 0.0358741506934
    },
    "silence_rate_20dB": {
        "dmean": 0,
        "dmean2": 0,
        "dvar": 0,
        "dvar2": 0,
        "max": 1,
        "mean": 1,
        "median": 1,
        "min": 1,
        "var": 0
    },
    "silence_rate_30dB": {
        "dmean": 0.0842862427235,
        "dmean2": 0.168588027358,
        "dvar": 0.0771794468164,
        "dvar2": 0.155858531594,
        "max": 1,
        "mean": 0.794559717178,
        "median": 1,
        "min": 0,
        "var": 0.163235589862
    },
    "silence_rate_60dB": {
        "dmean": 0.016230173409,
        "dmean2": 0.0324633419514,
        "dvar": 0.0159689765424,
        "dvar2": 0.0371279530227,
        "max": 1,
        "mean": 0.0913785174489,
        "median": 0,
        "min": 0,
        "var": 0.0830388441682
    },
    "spectral_centroid": {
        "dmean": 346.860961914,
        "dmean2": 501.21484375,
        "dvar": 144097.453125,
        "dvar2": 285184.84375,
        "max": 12109.0830078,
        "mean": 1607.80383301,
        "median": 1455.86401367,
        "min": 82.3379364014,
        "var": 1509888.625
    },
    "spectral_complexity": {
        "dmean": 5.43471050262,
        "dmean2": 8.41870307922,
        "dvar": 54.4322395325,
        "dvar2": 120.494163513,
        "max": 59,
        "mean": 17.0413093567,
        "median": 17,
        "min": 0,
        "var": 140.085891724
    },
    "spectral_decrease": {
        "dmean": 4.79844830537e-09,
        "dmean2": 6.36472563542e-09,
        "dvar": 3.23999168224e-17,
        "dvar2": 5.87994919512e-17,
        "max": 1.17000285073e-21,
        "mean": -1.51861776487e-08,
        "median": -1.09510853719e-08,
        "min": -7.0947365316e-08,
        "var": 1.86388461843e-16
    },
    "spectral_energy": {
        "dmean": 0.0184906516224,
        "dmean2": 0.0247653871775,
        "dvar": 0.000472959858598,
        "dvar2": 0.000866805261467,
        "max": 0.269292533398,
        "mean": 0.0597781874239,
        "median": 0.0443250089884,
        "min": 9.84341213088e-21,
        "var": 0.00270132324658
    },
    "spectral_energyband_high": {
        "dmean": 0.000829532451462,
        "dmean2": 0.00120257725939,
        "dvar": 2.23640108743e-06,
        "dvar2": 4.63789092464e-06,
        "max": 0.0202323906124,
        "mean": 0.00163397099823,
        "median": 0.00076408451423,
        "min": 6.90970622853e-21,
        "var": 5.63597905057e-06
    },
    "spectral_energyband_low": {
        "dmean": 0.0159489698708,
        "dmean2": 0.019871070981,
        "dvar": 0.000528002565261,
        "dvar2": 0.000888655311428,
        "max": 0.268496930599,
        "mean": 0.0436069145799,
        "median": 0.0267101097852,
        "min": 1.17950624544e-23,
        "var": 0.00276327691972
    },
    "spectral_energyband_middle_high": {
        "dmean": 0.00246131420135,
        "dmean2": 0.0039772959426,
        "dvar": 1.39871017382e-05,
        "dvar2": 3.51605885953e-05,
        "max": 0.0600508786738,
        "mean": 0.00508924107999,
        "median": 0.00370547967032,
        "min": 1.23959891134e-21,
        "var": 3.29740578309e-05
    },
    "spectral_energyband_middle_low": {
        "dmean": 0.00752397673205,
        "dmean2": 0.0116446120664,
        "dvar": 0.000154655819642,
        "dvar2": 0.000333404372213,
        "max": 0.112837761641,
        "mean": 0.0108537282795,
        "median": 0.00575521541759,
        "min": 1.76319575725e-22,
        "var": 0.000202326511499
    },
    "spectral_entropy": {
        "dmean": 0.185937032104,
        "dmean2": 0.255747526884,
        "dvar": 0.0553105734289,
        "dvar2": 0.0927650406957,
        "max": 9.82598590851,
        "mean": 7.73297166824,
        "median": 7.84592247009,
        "min": 4.89505004883,
        "var": 0.431778490543
    },
    "spectral_flux": {
        "dmean": 0.0365195758641,
        "dmean2": 0.0566668510437,
        "dvar": 0.00183207646478,
        "dvar2": 0.00369500531815,
        "max": 0.440443962812,
        "mean": 0.11430080235,
        "median": 0.0936640873551,
        "min": 6.37399369396e-11,
        "var": 0.00618187151849
    },
    "spectral_kurtosis": {
        "dmean": 1.1888756752,
        "dmean2": 1.90746331215,
        "dvar": 3.748005867,
        "dvar2": 9.40912151337,
        "max": 55.468044281,
        "mean": 3.25389289856,
        "median": 2.37787055969,
        "min": -1.27952289581,
        "var": 13.0560379028
    },
    "spectral_rms": {
        "dmean": 0.0011695206631,
        "dmean2": 0.00158137339167,
        "dvar": 1.54936094532e-06,
        "dvar2": 2.82665041595e-06,
        "max": 0.0162087753415,
        "mean": 0.00678566657007,
        "median": 0.0065760104917,
        "min": 3.09892389527e-12,
        "var": 1.2274742403e-05
    },
    "spectral_rolloff": {
        "dmean": 541.353759766,
        "dmean2": 875.473571777,
        "dvar": 961036.5625,
        "dvar2": 1947778.5,
        "max": 19552.1484375,
        "mean": 1473.25097656,
        "median": 796.728515625,
        "min": 64.599609375,
        "var": 5773347
    },
    "spectral_skewness": {
        "dmean": 0.193670153618,
        "dmean2": 0.295473098755,
        "dvar": 0.0547528676689,
        "dvar2": 0.113652788103,
        "max": 5.39667701721,
        "mean": 1.3358117342,
        "median": 1.25779652596,
        "min": -0.120180748403,
        "var": 0.308508574963
    },
    "spectral_spread": {
        "dmean": 579535.5625,
        "dmean2": 830542.1875,
        "dvar": 624038641664,
        "dvar2": 1.11494063718e+12,
        "max": 43391568,
        "mean": 5905376.5,
        "median": 5302867,
        "min": 1287064.75,
        "var": 1.52797341286e+13
    },
    "spectral_strongpeak": {
        "dmean": 0.452480465174,
        "dmean2": 0.730142056942,
        "dvar": 0.638441503048,
        "dvar2": 1.59456706047,
        "max": 11.120839119,
        "mean": 0.991406857967,
        "median": 0.620162069798,
        "min": 1.59889549517e-11,
        "var": 1.32288241386
    },
    "zerocrossingrate": {
        "dmean": 0.0124308196828,
        "dmean2": 0.0135896019638,
        "dvar": 0.000214581028558,
        "dvar2": 0.000240982393734,
        "max": 0.52685546875,
        "mean": 0.0606443509459,
        "median": 0.04833984375,
        "min": 0.001953125,
        "var": 0.00387505418621
    },
    "barkbands": {
        "dmean": [0.000467905949336, 0.0156625397503, 0.00596149032936, 0.00268819602206, 0.00344935315661, 0.000641300575808, 0.00104981684126, 0.00169823062606, 0.000510424899403, 0.000675129180308, 0.000537899613846, 0.000776115106419, 0.000309167749947, 0.000281503802398, 0.000340795959346, 0.000212968312553, 0.000242142370553, 0.000130011219881, 0.000186710545677, 0.000191466300748, 0.000195952612557, 0.000186471894267, 0.000148904131493, 0.000141449883813, 0.000132291766931, 7.02045435901e-05, 3.72074532606e-06],
        "dmean2": [0.000691559107509, 0.0205313879997, 0.00983793474734, 0.00456207199022, 0.0061677726917, 0.00107272644527, 0.00167136103846, 0.0025579999201, 0.000797252927441, 0.00108965672553, 0.000894710887223, 0.00128607614897, 0.000504679861479, 0.000481584953377, 0.000574256875552, 0.000351652415702, 0.000406755018048, 0.000217658773181, 0.000314653385431, 0.000310896721203, 0.000319575454341, 0.000300112704281, 0.000233791681239, 0.000193597428733, 0.000176198140252, 9.19953308767e-05, 5.83847577218e-06],
        "dvar": [5.34487355708e-07, 0.000610336253885, 0.000288985349471, 5.73112629354e-05, 8.51375807542e-05, 1.63304730449e-06, 4.78112997371e-06, 1.7265590941e-05, 6.99824840922e-06, 2.82077326119e-06, 3.08368112201e-06, 6.92804587743e-06, 7.5954511658e-07, 2.77215832512e-07, 2.97550826645e-07, 1.41152881383e-07, 1.45189162026e-07, 3.53695490674e-08, 1.01501278493e-07, 1.34899750037e-07, 1.43896556892e-07, 1.48098877162e-07, 8.39036360389e-08, 6.98915414432e-08, 7.43220169852e-08, 2.38125501539e-08, 7.83665632387e-11],
        "dvar2": [1.10998666969e-06, 0.00114233640488, 0.000732964777853, 0.000154012392159, 0.000240431385464, 4.22308858106e-06, 1.07279356598e-05, 3.46938359144e-05, 1.50802143253e-05, 6.78605238136e-06, 7.57477573643e-06, 1.76885387191e-05, 1.96877067538e-06, 7.62452543768e-07, 8.0363605548e-07, 3.80839850322e-07, 3.87512869793e-07, 9.0044672163e-08, 2.68565855777e-07, 3.1649256016e-07, 3.40748954386e-07, 3.39070396649e-07, 1.92301172319e-07, 1.31015653437e-07, 1.27663682292e-07, 4.13299972024e-08, 1.86626672449e-10],
        "max": [0.00890367571265, 0.265227258205, 0.114226922393, 0.0597862936556, 0.0873330011964, 0.0209226608276, 0.0440952666104, 0.100032776594, 0.110096462071, 0.0431030988693, 0.033853597939, 0.0563679970801, 0.0240047108382, 0.00842012092471, 0.0109450295568, 0.00719997659326, 0.0053492533043, 0.00267748883925, 0.0035803494975, 0.00677363108844, 0.00713545270264, 0.00777058396488, 0.00503598479554, 0.00373528548516, 0.00287681166083, 0.00146065861918, 0.00011130337225],
        "mean": [0.000896880112123, 0.0362585820258, 0.00523732881993, 0.00212213443592, 0.00265364418738, 0.000784365518484, 0.00150468910579, 0.00277060875669, 0.000694847200066, 0.000893653079402, 0.000702457793523, 0.00101234565955, 0.000403527519666, 0.00037904328201, 0.000494703650475, 0.000321376865031, 0.00038211417268, 0.000211573948036, 0.000273520709015, 0.000315512210364, 0.000318082806189, 0.00030720065115, 0.000254630111158, 0.000241985471803, 0.000227137395996, 0.000111310378998, 4.85804912387e-06],
        "median": [0.000286818860332, 0.0212245434523, 0.000498427834827, 0.000180962771992, 0.000456470210338, 0.000247566757025, 0.000230469027883, 0.000188276375411, 9.35705465963e-05, 0.000140418022056, 8.41123255668e-05, 0.000127990802866, 0.000106285478978, 0.000153660963406, 0.000264141213847, 0.000174471948412, 0.000215259424294, 0.000138155432069, 0.000176938352524, 0.000163630975294, 0.000165006873431, 0.000143892291817, 0.000112537833047, 9.3870825367e-05, 5.17028129252e-05, 2.09201552934e-05, 1.20094512113e-06],
        "min": [2.82461076467e-26, 1.86771062908e-24, 7.60546098883e-26, 2.05933145106e-24, 5.52545945921e-24, 4.84809457661e-24, 8.15093133561e-24, 4.5598960778e-24, 1.12863844323e-23, 1.49811265001e-23, 8.51958733586e-24, 2.36509760612e-23, 3.03724196502e-23, 4.0639538995e-23, 4.93331648238e-23, 3.9417751225e-23, 5.62638001253e-23, 9.5469114264e-23, 1.10730347917e-22, 1.45038350447e-22, 1.56980000612e-22, 3.09204899149e-22, 3.11643198787e-22, 6.2033769862e-22, 8.86596252783e-22, 1.37094362097e-21, 2.00217895968e-21],
        "var": [1.52371660533e-06, 0.00219504605047, 0.000238205335336, 4.04705351684e-05, 5.45243492525e-05, 2.44762782131e-06, 9.98037921818e-06, 4.21483528044e-05, 1.31802016767e-05, 5.29415819983e-06, 4.90439015266e-06, 1.01492396425e-05, 1.25711812871e-06, 3.68262817574e-07, 4.43189918542e-07, 2.11635452274e-07, 2.45530856091e-07, 5.90697730729e-08, 1.18310886421e-07, 3.11437787559e-07, 2.86223155399e-07, 2.8378323691e-07, 1.50077667627e-07, 1.61292476264e-07, 2.05429174116e-07, 5.72704728086e-08, 1.05407217676e-10]
    },
    "erbbands": {
        "dmean": [0.579149186611, 3.50343394279, 6.78324365616, 6.63718986511, 8.0816192627, 14.2276954651, 8.42393684387, 4.56272268295, 13.1790504456, 22.1993141174, 36.8753814697, 15.4910335541, 15.5556631088, 18.6307563782, 25.6812667847, 38.2554550171, 15.3224334717, 15.148519516, 17.8383045197, 12.457493782, 11.4665775299, 11.133055687, 7.19842481613, 8.19595813751, 9.83737373352, 9.09874343872, 8.60298061371, 7.45852184296, 6.8048043251, 5.4221534729, 4.26413393021, 2.69404315948, 2.57643985748, 1.56533873081, 0.927610099316, 0.388988047838, 0.106030866504, 0.0191923715174, 0.000414806767367, 3.07804657496e-05],
        "dmean2": [0.801599144936, 4.5372133255, 10.4898843765, 9.42886066437, 13.4970760345, 26.0556812286, 15.4001703262, 7.35873174667, 20.4390068054, 35.4383544922, 54.6831245422, 23.6667766571, 24.712020874, 30.7329845428, 42.5272674561, 63.2567443848, 25.0690040588, 25.7797775269, 30.1597423553, 20.6676959991, 19.1113681793, 18.5787448883, 12.074016571, 13.71525383, 16.3592071533, 14.7142276764, 14.1052246094, 12.2187786102, 11.003326416, 8.67965316772, 6.67580842972, 3.92799687386, 3.48487114906, 2.07880759239, 1.29463481903, 0.486775606871, 0.141640812159, 0.0281466543674, 0.000600312720053, 4.25453290518e-05],
        "dvar": [0.866446316242, 33.0377693176, 306.418731689, 250.216110229, 395.329315186, 1632.91833496, 430.995666504, 95.3164978027, 830.218994141, 2838.64282227, 10848.4599609, 5692.09765625, 1856.78234863, 2483.4296875, 7403.1953125, 17531, 1695.09667969, 809.159423828, 895.100708008, 434.174377441, 358.083862305, 291.133911133, 112.996864319, 181.696960449, 300.913482666, 313.842193604, 299.418670654, 208.984207153, 205.648910522, 117.098869324, 69.5894775391, 24.0819225311, 26.3068294525, 9.88089752197, 4.00327444077, 0.679129362106, 0.0553987547755, 0.00227139913477, 9.78246589511e-07, 1.57582458193e-09],
        "dvar2": [1.54335272312, 62.5194816589, 742.334838867, 535.210327148, 1015.73596191, 4681.22949219, 1284.70483398, 224.276901245, 1798.69921875, 6583.51025391, 21333.0996094, 12385.3017578, 4230.87109375, 6335.92822266, 17994.71875, 44604.3359375, 4422.84472656, 2242.62817383, 2437.12524414, 1166.65612793, 954.760925293, 748.31262207, 292.971282959, 472.998474121, 785.26171875, 722.341674805, 714.091186523, 509.481842041, 493.759063721, 267.196380615, 160.075744629, 49.2623939514, 49.004940033, 17.1786804199, 7.23037099838, 1.08241856098, 0.101914413273, 0.00495379511267, 2.1121206828e-06, 3.16924420041e-09],
        "max": [9.7872800827, 56.5549163818, 129.495834351, 146.199584961, 241.537353516, 409.204071045, 277.602111816, 223.298492432, 676.312988281, 1194.29711914, 2693.92260742, 3102.94897461, 1618.47509766, 1184.50537109, 1663.11816406, 2899.94189453, 1226.88391113, 475.54083252, 670.464538574, 397.784454346, 384.041046143, 185.329299927, 184.866287231, 167.570388794, 233.020141602, 352.677368164, 400.140563965, 287.547027588, 297.603149414, 192.318954468, 143.632659912, 92.5344924927, 68.768081665, 36.2952423096, 22.0877056122, 8.25168704987, 2.54200148582, 0.565046370029, 0.0110069839284, 0.00042828192818],
        "mean": [1.24671041965, 7.30480575562, 7.54516172409, 6.77739095688, 7.08108949661, 9.9863319397, 6.85282802582, 6.26185941696, 19.1205558777, 33.4949645996, 60.4733276367, 22.9592113495, 21.2500686646, 24.5124969482, 35.7165679932, 50.2948532104, 21.5366706848, 21.6025333405, 26.483537674, 19.6644763947, 18.9568939209, 18.2099742889, 12.2441644669, 12.7535705566, 14.5864009857, 15.6333913803, 14.0389814377, 11.6084861755, 11.0287542343, 9.37452983856, 7.13004970551, 4.87590837479, 4.11496067047, 2.64906525612, 1.57471883297, 0.62563252449, 0.16606220603, 0.0277520865202, 0.000637718301732, 9.06462737476e-05],
        "median": [0.654214739799, 3.26566243172, 1.88884091377, 0.920741856098, 1.16973769665, 1.39815974236, 1.86276555061, 2.11908841133, 3.19733738899, 7.03586339951, 4.43138360977, 3.26241588593, 4.56426858902, 5.63788366318, 5.35170602798, 7.45082044601, 7.07967567444, 9.71991729736, 15.2925748825, 11.0537548065, 12.2593631744, 11.2606019974, 8.18995761871, 8.65741157532, 8.86120414734, 8.46778202057, 7.06029987335, 5.98255777359, 5.10818910599, 4.41964197159, 2.98319578171, 2.16581773758, 1.31303322315, 0.710177063942, 0.310249477625, 0.115716308355, 0.0330002829432, 0.00583667401224, 0.000166534780874, 6.74063558108e-05],
        "min": [8.4276067854e-23, 2.84839749956e-22, 3.40715487313e-22, 3.56877543322e-21, 1.24032194717e-20, 1.2733930158e-20, 6.3035027161e-20, 5.14202546003e-20, 1.1069487346e-19, 1.82572409671e-19, 2.33132764788e-19, 2.40911648816e-19, 5.04120829923e-19, 4.50749740934e-19, 9.2411315225e-19, 1.09973972632e-18, 1.50681298674e-18, 2.06382865641e-18, 2.5461233436e-18, 3.11085071473e-18, 3.51957368348e-18, 4.39088644967e-18, 5.31341244912e-18, 6.0027769134e-18, 6.68970574438e-18, 7.74202341297e-18, 8.39161661981e-18, 9.75421883516e-18, 9.86430003108e-18, 1.01432509762e-17, 1.01040078736e-17, 1.11134775865e-17, 1.05568090225e-17, 8.15320166058e-18, 5.89962542307e-18, 3.94000725497e-18, 2.36366218972e-18, 9.94168319098e-19, 2.52923810575e-19, 2.73274075694e-20],
        "var": [2.75901961327, 101.217735291, 316.918243408, 279.806945801, 312.8175354, 982.41619873, 270.56338501, 173.005523682, 1731.17895508, 5770.56738281, 26195.265625, 10698.0146484, 3750.22583008, 3934.71826172, 11903.1425781, 25534.875, 2905.0715332, 1091.79956055, 1258.5682373, 707.718994141, 546.340087891, 482.549133301, 191.307647705, 232.500396729, 385.662231445, 803.231628418, 615.73248291, 352.830871582, 361.236633301, 237.916854858, 120.952476501, 53.4724197388, 58.1037635803, 26.1248378754, 10.5808076859, 1.85049581528, 0.12545466423, 0.00346109177917, 1.5782071614e-06, 5.7457678615e-09]
    },
    "gfcc": {
        "mean": [-18.328994751, 67.1238708496, -100.48526001, 49.9833908081, -47.7056274414, 28.5993709564, -27.4270858765, 16.2810535431, -11.9384374619, 11.8391895294, -10.0909175873, 3.29225516319, -8.67380523682],
        "cov": [[27131.5292969, -611.503112793, -674.7421875, 166.03527832, -1108.35791016, 892.376708984, -673.763793945, 1001.13049316, -798.138061523, 712.345153809, -645.851074219, 304.745422363, -561.539855957], [-611.503112793, 1748.11486816, -62.4600410461, 107.80242157, 223.349319458, -132.632034302, 212.065292358, -176.061691284, 231.797348022, -177.903305054, 210.831863403, -147.820175171, 112.814308167], [-674.7421875, -62.4600410461, 2222.40307617, 925.741882324, 434.691986084, 214.302627563, 106.829147339, 128.567565918, -51.6766357422, -127.090370178, 100.333534241, -14.5712327957, 107.681854248], [166.03527832, 107.80242157, 925.741882324, 936.66204834, 274.904571533, 190.85987854, 45.4855880737, -30.0222702026, 40.5125923157, -149.602584839, 51.7328033447, -55.6300315857, 117.827644348], [-1108.35791016, 223.349319458, 434.691986084, 274.904571533, 435.717773438, 153.425827026, 178.421768188, 34.4933776855, 95.3098983765, -49.222492218, 49.6183547974, -29.5912742615, 63.7575454712], [892.376708984, -132.632034302, 214.302627563, 190.85987854, 153.425827026, 261.952819824, 107.165435791, 111.479217529, 10.3030529022, 12.5519666672, -25.2387752533, 6.57465696335, 1.45132911205], [-673.763793945, 212.065292358, 106.829147339, 45.4855880737, 178.421768188, 107.165435791, 258.237091064, 60.19739151, 98.8200302124, -9.33743190765, 64.9547424316, -22.2445774078, 29.9036502838], [1001.13049316, -176.061691284, 128.567565918, -30.0222702026, 34.4933776855, 111.479217529, 60.19739151, 212.954589844, 21.6520671844, 86.5626907349, -31.1933422089, 28.2668380737, -41.537727356], [-798.138061523, 231.797348022, -51.6766357422, 40.5125923157, 95.3098983765, 10.3030529022, 98.8200302124, 21.6520671844, 223.006134033, 6.72621822357, 75.6711883545, -32.4095458984, 33.3919143677], [712.345153809, -177.903305054, -127.090370178, -149.602584839, -49.222492218, 12.5519666672, -9.33743190765, 86.5626907349, 6.72621822357, 179.90184021, 12.0241966248, 59.5076942444, -57.0594215393], [-645.851074219, 210.831863403, 100.333534241, 51.7328033447, 49.6183547974, -25.2387752533, 64.9547424316, -31.1933422089, 75.6711883545, 12.0241966248, 149.978927612, 18.6885185242, 38.0838775635], [304.745422363, -147.820175171, -14.5712327957, -55.6300315857, -29.5912742615, 6.57465696335, -22.2445774078, 28.2668380737, -32.4095458984, 59.5076942444, 18.6885185242, 88.3991699219, 3.62440299988], [-561.539855957, 112.814308167, 107.681854248, 117.827644348, 63.7575454712, 1.45132911205, 29.9036502838, -41.537727356, 33.3919143677, -57.0594215393, 38.0838775635, 3.62440299988, 100.534301758]],
        "icov": [[0.000183046460734, -0.000444882578449, 0.000116796829388, -0.000348021974787, 0.000647543987725, -0.000902438303456, 0.000560789951123, -0.000811259204056, 0.000580208143219, -0.000542157504242, 0.00041304322076, -0.000410718552303, 0.000262716028374], [-0.000444882578449, 0.00218977872282, -7.69614198362e-05, 0.00082349072909, -0.00203018425964, 0.00285249738954, -0.00174608221278, 0.00190727203153, -0.00145061057992, 0.00190967367962, -0.00243187043816, 0.00249253143556, -0.000874109566212], [0.000116796829388, -7.69614198362e-05, 0.00126543990336, -0.00124195765238, -0.000435011228547, 0.000226010044571, 0.000469639227958, -0.00216649030335, 0.0015924484469, 0.000240952431341, -0.00115675409324, 0.000205651595024, 0.000115330782137], [-0.000348021974787, 0.00082349072909, -0.00124195765238, 0.00365861761384, -0.00129467190709, -0.000806410738733, 0.000387044623494, 0.00280513521284, -0.00190330226906, 0.0015418259427, -0.00129148608539, 0.0021219837945, -0.00202910718508], [0.000647543987725, -0.00203018425964, -0.000435011228547, -0.00129467190709, 0.007276261691, -0.00512591004372, -2.87711645797e-05, -0.00150150049012, 0.000626140274107, -0.00240384740755, 0.00290384679101, -0.00199510436505, 0.00012564798817], [-0.000902438303456, 0.00285249738954, 0.000226010044571, -0.000806410738733, -0.00512591004372, 0.0139054479077, -0.00607840111479, 0.000460823968751, -0.00161035347264, 0.00278273690492, -0.000433444365626, 0.000621311250143, -0.000234007180552], [0.000560789951123, -0.00174608221278, 0.000469639227958, 0.000387044623494, -2.87711645797e-05, -0.00607840111479, 0.0105510344729, -0.00468819634989, 0.00119053805247, -0.000639094680082, -0.00271973432973, 0.00153154844884, -0.000617462967057], [-0.000811259204056, 0.00190727203153, -0.00216649030335, 0.00280513521284, -0.00150150049012, 0.000460823968751, -0.00468819634989, 0.0150543926284, -0.00597741547972, -0.0012933210237, 0.00303456233814, -0.00114229368046, 0.00106434628833], [0.000580208143219, -0.00145061057992, 0.0015924484469, -0.00190330226906, 0.000626140274107, -0.00161035347264, 0.00119053805247, -0.00597741547972, 0.0107230637223, -0.00311917532235, -0.00324344472028, 0.0039800372906, -0.00205078814179], [-0.000542157504242, 0.00190967367962, 0.000240952431341, 0.0015418259427, -0.00240384740755, 0.00278273690492, -0.000639094680082, -0.0012933210237, -0.00311917532235, 0.0143817849457, -0.00471640424803, -0.00472184782848, 0.00505918171257], [0.00041304322076, -0.00243187043816, -0.00115675409324, -0.00129148608539, 0.00290384679101, -0.000433444365626, -0.00271973432973, 0.00303456233814, -0.00324344472028, -0.00471640424803, 0.0168774388731, -0.00874044559896, 0.000338193407515], [-0.000410718552303, 0.00249253143556, 0.000205651595024, 0.0021219837945, -0.00199510436505, 0.000621311250143, 0.00153154844884, -0.00114229368046, 0.0039800372906, -0.00472184782848, -0.00874044559896, 0.0251594725996, -0.00906747486442], [0.000262716028374, -0.000874109566212, 0.000115330782137, -0.00202910718508, 0.00012564798817, -0.000234007180552, -0.000617462967057, 0.00106434628833, -0.00205078814179, 0.00505918171257, 0.000338193407515, -0.00906747486442, 0.0189482104033]]
    },
    "melbands": {
        "dmean": [0.00468752067536, 0.00320434849709, 0.00112124928273, 0.000834287551697, 0.000361080252333, 0.000111312830995, 0.000203490126296, 0.000255048653344, 0.000279012136161, 8.51598670124e-05, 7.79886322562e-05, 7.79203037382e-05, 7.53025597078e-05, 9.94841320789e-05, 5.62957284274e-05, 3.06908586936e-05, 3.00394240185e-05, 2.86201920972e-05, 2.00015674636e-05, 1.76142002601e-05, 1.49128345583e-05, 1.3456092347e-05, 9.31770773605e-06, 6.28597035757e-06, 7.09263304088e-06, 7.51449533709e-06, 7.00766349837e-06, 6.02926502324e-06, 5.59598402106e-06, 5.22750315213e-06, 4.53549455415e-06, 4.06791559726e-06, 3.63796857528e-06, 3.02332773572e-06, 2.69364295491e-06, 1.97021404347e-06, 1.63936135777e-06, 2.048700253e-06, 1.47153468788e-06, 1.33743208153e-06],
        "dmean2": [0.0063825622201, 0.0041594975628, 0.00155000726227, 0.00147615023889, 0.000659841345623, 0.000178967515239, 0.000316851190291, 0.000404374673963, 0.000411404209444, 0.000132413522806, 0.000123814563267, 0.000128246159875, 0.000125334408949, 0.00016489205882, 9.25340063986e-05, 5.06846990902e-05, 5.15675928909e-05, 4.8467740271e-05, 3.340713738e-05, 2.96172893286e-05, 2.51042602031e-05, 2.26131705858e-05, 1.57066278916e-05, 1.05547933344e-05, 1.19452906802e-05, 1.27108432935e-05, 1.14697013487e-05, 9.8106556834e-06, 9.1308811534e-06, 8.88395697984e-06, 7.43757118471e-06, 6.63568562231e-06, 5.84278814131e-06, 4.89509466206e-06, 4.29321698903e-06, 3.02861531054e-06, 2.42256101046e-06, 2.90160983241e-06, 2.05364108297e-06, 1.78685320407e-06],
        "dvar": [5.6445816881e-05, 3.82104808523e-05, 6.52935386825e-06, 4.9477112043e-06, 8.62963872805e-07, 5.68042466398e-08, 1.86955034565e-07, 3.49374715825e-07, 6.36939375909e-07, 2.28169071192e-07, 4.58542750437e-08, 4.89189666553e-08, 5.89301940579e-08, 9.99007738756e-08, 2.27191332414e-08, 9.16962061837e-09, 3.54733686869e-09, 2.2006576561e-09, 1.04353248265e-09, 1.07407427397e-09, 6.71669719843e-10, 4.48635489869e-10, 2.16650003493e-10, 8.15991718639e-11, 1.41732653391e-10, 1.60921068137e-10, 1.72826322697e-10, 1.40616962518e-10, 1.38721312215e-10, 1.00634806044e-10, 7.93111340491e-11, 6.81101980371e-11, 6.95009882978e-11, 3.39909107805e-11, 2.75487688217e-11, 1.5492156169e-11, 8.69623730665e-12, 1.86107986661e-11, 8.17030904737e-12, 7.39417121282e-12],
        "dvar2": [0.000106356739707, 7.14132256689e-05, 1.32733821374e-05, 1.37039296533e-05, 2.53988127952e-06, 1.29628858758e-07, 4.04675631671e-07, 7.92708078734e-07, 1.24491828046e-06, 4.95699964631e-07, 1.039528712e-07, 1.23767605942e-07, 1.45325515177e-07, 2.55560991036e-07, 5.75088847654e-08, 2.38016930609e-08, 9.90535298229e-09, 5.98347682512e-09, 2.71400457663e-09, 2.98156876966e-09, 1.82614356969e-09, 1.17252274556e-09, 5.7788279717e-10, 2.10541792334e-10, 3.73904157636e-10, 4.29719398953e-10, 4.24178581149e-10, 3.3071420602e-10, 3.2906438685e-10, 2.59175070294e-10, 1.94637611584e-10, 1.67448319099e-10, 1.55367441135e-10, 8.24462789706e-11, 6.53477341683e-11, 3.51538208265e-11, 1.78558869079e-11, 3.82651167696e-11, 1.59223328966e-11, 1.30130212161e-11],
        "max": [0.0800598710775, 0.0535492710769, 0.0224789511412, 0.0216464176774, 0.0120106628165, 0.00488213123754, 0.0100238351151, 0.0143078118563, 0.019915509969, 0.0212289616466, 0.00816873274744, 0.00531685119495, 0.00456376653165, 0.00614575389773, 0.00332458107732, 0.00328594935127, 0.00105634971987, 0.00100205570925, 0.000515004619956, 0.000681918172631, 0.000517841312103, 0.000253550795605, 0.000288130424451, 0.000105649982288, 0.000154299559654, 0.000157694958034, 0.000198745285161, 0.000263935944531, 0.000297285296256, 0.000145627025631, 0.000191568498849, 0.00014870002633, 0.000185043129022, 0.000112288260425, 0.000103890917671, 7.92032806203e-05, 4.38970564574e-05, 5.69349576836e-05, 3.68794535461e-05, 3.37898418366e-05],
        "mean": [0.0106480140239, 0.00596664007753, 0.00118393695448, 0.000637544260826, 0.000279451545794, 0.000151078245835, 0.000296757149044, 0.000392012065277, 0.000455522211269, 0.000115670649393, 0.000104669699795, 9.89324908005e-05, 0.000100744051451, 0.000132475746796, 7.58203168516e-05, 3.92790425394e-05, 4.00935750804e-05, 4.07588813687e-05, 2.89886411338e-05, 2.58640593529e-05, 2.26182073675e-05, 2.0559054974e-05, 1.35867867357e-05, 1.0275585737e-05, 9.97719689622e-06, 1.07329105958e-05, 9.83493737294e-06, 1.03528373074e-05, 8.90056253411e-06, 7.48862157707e-06, 6.67981475999e-06, 6.06386902291e-06, 6.14300734014e-06, 4.84247584609e-06, 4.27856593888e-06, 3.27208272211e-06, 2.8594295145e-06, 3.03428623738e-06, 2.42766805059e-06, 2.17167280425e-06],
        "median": [0.00664892373607, 0.00254705734551, 0.000176988600288, 9.15667915251e-05, 6.61102676531e-05, 4.56164998468e-05, 4.59585207864e-05, 7.15440837666e-05, 3.01263498841e-05, 1.56911391969e-05, 1.9024584617e-05, 1.62539308803e-05, 1.26117402033e-05, 1.51280291902e-05, 1.87222049135e-05, 1.16215551316e-05, 1.45661942952e-05, 2.24172545131e-05, 1.62892210938e-05, 1.17652152767e-05, 1.35439377118e-05, 1.13971982501e-05, 7.71242048359e-06, 6.31895954939e-06, 5.96276095166e-06, 6.35107517155e-06, 4.78851598018e-06, 5.6145590861e-06, 4.06485241911e-06, 3.82983307645e-06, 3.3837607134e-06, 2.70338387054e-06, 2.83668123302e-06, 2.22243238568e-06, 1.75225329713e-06, 1.41131738474e-06, 1.21432469768e-06, 9.06363993636e-07, 7.77380591899e-07, 5.23824496668e-07],
        "min": [1.22129108346e-24, 5.56213794143e-25, 1.05007957221e-24, 6.96410992383e-25, 2.2823558396e-24, 6.89449294895e-25, 1.70141658089e-24, 2.22069630188e-24, 1.61558052718e-24, 1.48119462071e-24, 2.26841134259e-24, 1.66135546311e-24, 2.2465648259e-24, 2.09871217631e-24, 3.24273226334e-24, 2.85678344597e-24, 3.43503051962e-24, 2.90637932829e-24, 4.22043305863e-24, 2.9424748423e-24, 4.32114456382e-24, 3.08746096858e-24, 4.97291406549e-24, 3.97999850991e-24, 3.37127320354e-24, 3.63987718632e-24, 4.26605130706e-24, 4.96470202347e-24, 4.33313958831e-24, 3.48960786135e-24, 4.69924244025e-24, 4.97093875778e-24, 5.25838783873e-24, 4.75978948688e-24, 5.44563659636e-24, 5.46778189412e-24, 6.27626177006e-24, 6.52891340761e-24, 6.1156528452e-24, 6.03526279136e-24],
        "var": [0.000190348902834, 8.84640176082e-05, 7.87123553891e-06, 3.27200814354e-06, 5.30204374627e-07, 1.1263136912e-07, 3.99125639206e-07, 7.36542006052e-07, 1.57156978275e-06, 3.98703917881e-07, 9.40181550391e-08, 7.81078881573e-08, 9.64289768035e-08, 1.46389695033e-07, 3.60647831599e-08, 1.32330759683e-08, 4.64571048298e-09, 3.02293368115e-09, 1.54563650767e-09, 1.6033165906e-09, 9.13760733745e-10, 7.09121428244e-10, 3.1822403046e-10, 1.47690151775e-10, 1.68870945005e-10, 2.01100622266e-10, 2.67230182427e-10, 3.68074321022e-10, 2.89242935159e-10, 1.48376200215e-10, 1.27521604387e-10, 1.07172513919e-10, 1.41327255454e-10, 5.95299504136e-11, 4.52901535719e-11, 2.60883311481e-11, 1.94183141788e-11, 3.46846648624e-11, 1.94825648669e-11, 1.88687052094e-11]
    },
    "mfcc": {
        "mean": [-655.417297363, 90.4619369507, 13.7957401276, 29.2981204987, 13.1649780273, 17.5623416901, 4.92466306686, 8.97046089172, 7.45766401291, 9.86187362671, 6.57175540924, 7.19503498077, 6.52466726303],
        "cov": [[14000.9072266, 140.857788086, -564.813659668, -447.697021484, -412.395782471, -173.380111694, 85.3222122192, -132.23109436, 96.45677948, 60.9114303589, 45.6061248779, 181.638977051, 119.912818909], [140.857788086, 1460.05285645, -50.6143760681, 114.136978149, 29.5382556915, 25.1162014008, 37.9191246033, 44.8871841431, 31.0298061371, -3.55004644394, 57.0288467407, 109.534889221, 74.2077102661], [-564.813659668, -50.6143760681, 1421.85644531, 732.959228516, 465.928619385, 205.915710449, 263.910400391, 173.639587402, 13.9217395782, 30.1047344208, -4.60148239136, -88.9333190918, -73.9416732788], [-447.697021484, 114.136978149, 732.959228516, 615.797424316, 359.292266846, 206.199234009, 149.88053894, 126.571609497, 33.3551521301, 28.6302070618, -7.83739185333, -55.2494926453, -47.7387657166], [-412.395782471, 29.5382556915, 465.928619385, 359.292266846, 388.39944458, 188.00982666, 134.374969482, 128.306777954, 67.107635498, 52.4614524841, 8.82734012604, -32.6314277649, -30.8934555054], [-173.380111694, 25.1162014008, 205.915710449, 206.199234009, 188.00982666, 232.760742188, 124.605171204, 107.608322144, 59.0088920593, 48.3194923401, 15.8435983658, -19.9885749817, -12.0539207458], [85.3222122192, 37.9191246033, 263.910400391, 149.88053894, 134.374969482, 124.605171204, 241.456893921, 110.501106262, 59.0735664368, 41.2633018494, 21.8777370453, -5.98649215698, 0.288354188204], [-132.23109436, 44.8871841431, 173.639587402, 126.571609497, 128.306777954, 107.608322144, 110.501106262, 171.550048828, 94.0691070557, 56.7408943176, 36.0740661621, -0.0760168433189, -17.6879825592], [96.45677948, 31.0298061371, 13.9217395782, 33.3551521301, 67.107635498, 59.0088920593, 59.0735664368, 94.0691070557, 143.169006348, 79.5988922119, 44.8958740234, 16.3444709778, 8.29768276215], [60.9114303589, -3.55004644394, 30.1047344208, 28.6302070618, 52.4614524841, 48.3194923401, 41.2633018494, 56.7408943176, 79.5988922119, 98.3992385864, 55.8325614929, 19.3359661102, 13.4799690247], [45.6061248779, 57.0288467407, -4.60148239136, -7.83739185333, 8.82734012604, 15.8435983658, 21.8777370453, 36.0740661621, 44.8958740234, 55.8325614929, 105.709136963, 80.8535842896, 38.2633972168], [181.638977051, 109.534889221, -88.9333190918, -55.2494926453, -32.6314277649, -19.9885749817, -5.98649215698, -0.0760168433189, 16.3444709778, 19.3359661102, 80.8535842896, 140.689605713, 91.719329834], [119.912818909, 74.2077102661, -73.9416732788, -47.7387657166, -30.8934555054, -12.0539207458, 0.288354188204, -17.6879825592, 8.29768276215, 13.4799690247, 38.2633972168, 91.719329834, 129.640014648]],
