{
"lowlevel": {
    "average_loudness": 0.951872944832,
    "barkbands_crest": {
        "dmean": 2.60046005249,
        "dmean2": 3.81822514534,
        "dvar": 5.48653030396,
        "dvar2": 11.4021196365,
        "max": 25.8787326813,
        "mean": 10.3301153183,
        "median": 9.19801044464,
        "min": 2.0780851841,
        "var": 23.1726112366
    },
    "barkbands_flatness_db": {
        "dmean": 0.0202390085906,
        "dmean2": 0.0298098437488,
        "dvar": 0.000382643484045,
        "dvar2": 0.000727087957785,
        "max": 0.341695427895,
        "mean": 0.107923686504,
        "median": 0.102326914668,
        "min": 0.022473115474,
        "var": 0.00192072801292
    },
    "barkbands_kurtosis": {
        "dmean": 1.66505002975,
        "dmean2": 2.43678402901,
        "dvar": 9.94514083862,
        "dvar2": 18.2078361511,
        "max": 104.984169006,
        "mean": 2.05507159233,
        "median": 0.73829126358,
        "min": -1.84235775471,
        "var": 30.2520675659
    },
    "barkbands_skewness": {
        "dmean": 0.434105455875,
        "dmean2": 0.615015566349,
        "dvar": 0.201447382569,
        "dvar2": 0.365559399128,
        "max": 9.72221279144,
        "mean": 1.17130744457,
        "median": 1.03682160378,
        "min": -2.36300635338,
        "var": 0.967635393143
    },
    "barkbands_spread": {
        "dmean": 6.51242208481,
        "dmean2": 9.64057445526,
        "dvar": 50.4260940552,
        "dvar2": 98.4121551514,
        "max": 105.480804443,
        "mean": 29.5792140961,
        "median": 26.3695907593,
        "min": 1.56375396252,
        "var": 264.537963867
    },
    "dissonance": {
        "dmean": 0.0177141912282,
        "dmean2": 0.0295473150909,
        "dvar": 0.000296636106214,
        "dvar2": 0.000803178059869,
        "max": 0.500000059605,
        "mean": 0.466103643179,
        "median": 0.472183972597,
        "min": 0.180689245462,
        "var": 0.000640932063106
    },
    "dynamic_complexity": 1.82990276814,
    "erbbands_crest": {
        "dmean": 2.2383749485,
        "dmean2": 3.60171890259,
        "dvar": 4.45190095901,
        "dvar2": 10.9347229004,
        "max": 26.3987445831,
        "mean": 7.73222255707,
        "median": 6.83971500397,
        "min": 2.24173402786,
        "var": 13.5157194138
    },
    "erbbands_flatness_db": {
        "dmean": 0.0149913756177,
        "dmean2": 0.0225115437061,
        "dvar": 0.000203091272851,
        "dvar2": 0.000436725415057,
        "max": 0.331966817379,
        "mean": 0.141399517655,
        "median": 0.137017786503,
        "min": 0.0539308935404,
        "var": 0.00146105489694
    },
    "erbbands_kurtosis": {
        "dmean": 0.825568795204,
        "dmean2": 1.25466823578,
        "dvar": 1.00664198399,
        "dvar2": 2.19696760178,
        "max": 15.9142246246,
        "mean": 0.470044136047,
        "median": -0.0206615924835,
        "min": -1.80656921864,
        "var": 2.99205040932
    },
    "erbbands_skewness": {
        "dmean": 0.317171305418,
        "dmean2": 0.474166423082,
        "dvar": 0.0779215916991,
        "dvar2": 0.1687476933,
        "max": 3.01612114906,
        "mean": 0.42230707407,
        "median": 0.384121894836,
        "min": -2.22264075279,
        "var": 0.374278664589
    },
    "erbbands_spread": {
        "dmean": 8.10224723816,
        "dmean2": 11.9389476776,
        "dvar": 63.2037353516,
        "dvar2": 126.514480591,
        "max": 130.565292358,
        "mean": 40.0298309326,
        "median": 37.6805915833,
        "min": 4.53642749786,
        "var": 309.693450928
    },
    "hfc": {
        "dmean": 14.2265892029,
        "dmean2": 21.2775440216,
        "dvar": 366.977844238,
        "dvar2": 819.589111328,
        "max": 223.850402832,
        "mean": 35.8913574219,
        "median": 30.2262802124,
        "min": 1.09375544682e-16,
        "var": 709.710510254
    },
    "melbands_crest": {
        "dmean": 3.51796293259,
        "dmean2": 5.30306243896,
        "dvar": 10.6390895844,
        "dvar2": 23.9186439514,
        "max": 32.6299858093,
        "mean": 14.3384780884,
        "median": 12.6520662308,
        "min": 1.69803023338,
        "var": 44.6413230896
    },
    "melbands_flatness_db": {
        "dmean": 0.0259731654078,
        "dmean2": 0.0367447324097,
        "dvar": 0.000679173623212,
        "dvar2": 0.00122374587227,
        "max": 0.419531136751,
        "mean": 0.152685061097,
        "median": 0.147465080023,
        "min": 0.00296700303443,
        "var": 0.0034376163967
    },
    "melbands_kurtosis": {
        "dmean": 4.60678672791,
        "dmean2": 6.63458299637,
        "dvar": 67.9110641479,
        "dvar2": 124.790153503,
        "max": 307.290557861,
        "mean": 8.99042129517,
        "median": 5.14013719559,
        "min": -1.75119245052,
        "var": 202.480651855
    },
    "melbands_skewness": {
        "dmean": 0.617798745632,
        "dmean2": 0.873205065727,
        "dvar": 0.426277041435,
        "dvar2": 0.770475149155,
        "max": 14.7477560043,
        "mean": 2.21223497391,
        "median": 1.95534861088,
        "min": -1.22970485687,
        "var": 1.97684109211
    },
    "melbands_spread": {
        "dmean": 8.67300415039,
        "dmean2": 12.7270336151,
        "dvar": 101.292831421,
        "dvar2": 213.871109009,
        "max": 169.400985718,
        "mean": 31.5048446655,
        "median": 27.1881103516,
        "min": 1.06483304501,
        "var": 400.312866211
    },
    "pitch_salience": {
        "dmean": 0.0755582377315,
        "dmean2": 0.113867141306,
        "dvar": 0.00569301564246,
        "dvar2": 0.0115037653595,
        "max": 0.982399761677,
        "mean": 0.537935435772,
        "median": 0.556135296822,
        "min": 0.0820325911045,
        "var": 0.0193418189883
    },
    "silence_rate_20dB": {
        "dmean": 0,
        "dmean2": 0,
        "dvar": 0,
        "dvar2": 0,
        "max": 1,
        "mean": 1,
        "median": 1,
        "min": 1,
        "var": 0
    },
    "silence_rate_30dB": {
        "dmean": 0.00158525712322,
        "dmean2": 0.00317082833499,
        "dvar": 0.00158296420705,
        "dvar2": 0.00474698608741,
        "max": 1,
        "mean": 0.999207437038,
        "median": 1,
        "min": 0,
        "var": 0.000791830592789
    },
    "silence_rate_60dB": {
        "dmean": 0.00158525712322,
        "dmean2": 0.00317082833499,
        "dvar": 0.00158308749087,
        "dvar2": 0.00415300996974,
        "max": 1,
        "mean": 0.0175351686776,
        "median": 0,
        "min": 0,
        "var": 0.0172273293138
    },
    "spectral_centroid": {
        "dmean": 286.339569092,
        "dmean2": 416.078033447,
        "dvar": 81984.0859375,
        "dvar2": 160972.8125,
        "max": 11486.2158203,
        "mean": 1692.33227539,
        "median": 1566.96704102,
        "min": 242.446517944,
        "var": 1146598.75
    },
    "spectral_complexity": {
        "dmean": 5.16338062286,
        "dmean2": 7.75901699066,
        "dvar": 24.7441635132,
        "dvar2": 53.1299552917,
        "max": 56,
        "mean": 24.1875362396,
        "median": 23,
        "min": 0,
        "var": 83.1503829956
    },
    "spectral_decrease": {
        "dmean": 2.36827712996e-09,
        "dmean2": 3.2932090388e-09,
        "dvar": 8.00009218356e-18,
        "dvar2": 1.39040623728e-17,
        "max": 1.10457053367e-24,
        "mean": -7.87811416103e-09,
        "median": -6.74661393418e-09,
        "min": -3.0129459816e-08,
        "var": 2.67828310676e-17
    },
    "spectral_energy": {
        "dmean": 0.00975923333317,
        "dmean2": 0.0137425502762,
        "dvar": 0.000126008599182,
        "dvar2": 0.000225228606723,
        "max": 0.118692204356,
        "mean": 0.0329891704023,
        "median": 0.0290781930089,
        "min": 9.91221190897e-21,
        "var": 0.000416897266405
    },
    "spectral_energyband_high": {
        "dmean": 0.00120515516028,
        "dmean2": 0.0018300319789,
        "dvar": 4.22695939051e-06,
        "dvar2": 9.17162833503e-06,
        "max": 0.0266342908144,
        "mean": 0.00228658295237,
        "median": 0.00135579437483,
        "min": 7.03859857787e-21,
        "var": 7.65666391089e-06
    },
    "spectral_energyband_low": {
        "dmean": 0.00506499456242,
        "dmean2": 0.00671253819019,
        "dvar": 0.00011443666881,
        "dvar2": 0.000224318835535,
        "max": 0.0999694541097,
        "mean": 0.0107368528843,
        "median": 0.00376727804542,
        "min": 8.64506434031e-24,
        "var": 0.00028465068317
    },
    "spectral_energyband_middle_high": {
        "dmean": 0.00307882833295,
        "dmean2": 0.00477780913934,
        "dvar": 1.2492737369e-05,
        "dvar2": 2.92867389362e-05,
        "max": 0.074906796217,
        "mean": 0.00795460306108,
        "median": 0.00671968795359,
        "min": 1.0028109889e-21,
        "var": 3.29112881445e-05
    },
    "spectral_energyband_middle_low": {
        "dmean": 0.00614483235404,
        "dmean2": 0.00975168682635,
        "dvar": 9.50639587245e-05,
        "dvar2": 0.000236695152125,
        "max": 0.0747261419892,
        "mean": 0.0129716712981,
        "median": 0.00929475389421,
        "min": 1.50074287004e-22,
        "var": 0.000137205104693
    },
    "spectral_entropy": {
        "dmean": 0.168482393026,
        "dmean2": 0.246237754822,
        "dvar": 0.0273060202599,
        "dvar2": 0.0592799298465,
        "max": 9.82091236115,
        "mean": 7.85317754745,
        "median": 7.86728858948,
        "min": 5.72718191147,
        "var": 0.186444938183
    },
    "spectral_flux": {
        "dmean": 0.0302134156227,
        "dmean2": 0.0430662706494,
        "dvar": 0.000974719994701,
        "dvar2": 0.00157276343089,
        "max": 0.339021116495,
        "mean": 0.0992495492101,
        "median": 0.0839716345072,
        "min": 6.41986394601e-11,
        "var": 0.00315833254717
    },
    "spectral_kurtosis": {
        "dmean": 0.935090065002,
        "dmean2": 1.49235737324,
        "dvar": 1.41447865963,
        "dvar2": 3.64246892929,
        "max": 49.96925354,
        "mean": 3.02100491524,
        "median": 2.73238325119,
        "min": -1.38119101524,
        "var": 5.09137296677
    },
    "spectral_rms": {
        "dmean": 0.000831957499031,
        "dmean2": 0.00117940804921,
        "dvar": 7.3092024877e-07,
        "dvar2": 1.39757196393e-06,
        "max": 0.0107609145343,
        "mean": 0.00539064547047,
        "median": 0.00532625243068,
        "min": 3.10973490882e-12,
        "var": 3.12554516313e-06
    },
    "spectral_rolloff": {
        "dmean": 807.741088867,
        "dmean2": 1267.90075684,
        "dvar": 1711443.75,
        "dvar2": 3309573.75,
        "max": 19487.5488281,
        "mean": 2401.96679688,
        "median": 1518.09082031,
        "min": 64.599609375,
        "var": 6526617
    },
    "spectral_skewness": {
        "dmean": 0.171379566193,
        "dmean2": 0.261181503534,
        "dvar": 0.0312361493707,
        "dvar2": 0.0693618953228,
        "max": 5.65284347534,
        "mean": 1.43024682999,
        "median": 1.41748785973,
        "min": -0.073666267097,
        "var": 0.184383124113
    },
    "spectral_spread": {
        "dmean": 601694.9375,
        "dmean2": 886438.375,
        "dvar": 714867539968,
        "dvar2": 1.33002074522e+12,
        "max": 42264772,
        "mean": 6063453,
        "median": 5605614,
        "min": 1830295.75,
        "var": 1.39727491564e+13
    },
    "spectral_strongpeak": {
        "dmean": 0.568764925003,
        "dmean2": 0.94650375843,
        "dvar": 0.723633170128,
        "dvar2": 1.77693796158,
        "max": 13.2876472473,
        "mean": 1.12257838249,
        "median": 0.698841392994,
        "min": 0,
        "var": 1.31122708321
    },
    "zerocrossingrate": {
        "dmean": 0.0151834525168,
        "dmean2": 0.0175161454827,
        "dvar": 0.000297972612316,
        "dvar2": 0.000364453182556,
        "max": 0.5283203125,
        "mean": 0.0876533016562,
        "median": 0.07470703125,
        "min": 0.00732421875,
        "var": 0.00350920739584
    },
    "barkbands": {
        "dmean": [8.99906735867e-05, 0.00325946998782, 0.00294640893117, 0.00183007365558, 0.00205359375104, 0.0016700924607, 0.000886519497726, 0.000841156230308, 0.00152684375644, 0.000563147303183, 0.000759237795137, 0.000953488633968, 0.000737243273761, 0.00055539800087, 0.000523178838193, 0.000280557142105, 0.000232329941355, 0.000211348306038, 0.000204299140023, 0.000214812331251, 0.000209487683605, 0.000231360041653, 0.000266663555522, 0.000263846013695, 0.000230763267609, 8.8990884251e-05, 2.54327164839e-06],
        "dmean2": [0.000117354662507, 0.00415306305513, 0.00489912321791, 0.00331377820112, 0.0036349913571, 0.00265284208581, 0.00133457768243, 0.00128991750535, 0.00228573242202, 0.000918226491194, 0.00123020331375, 0.00153723161202, 0.0011970938649, 0.000866796122864, 0.000865127483848, 0.000457404530607, 0.000370696739992, 0.000337304285495, 0.00032260196167, 0.000339193094987, 0.000327047484461, 0.000366574415239, 0.000406861217925, 0.00041492911987, 0.000357886194251, 0.000136871210998, 4.17342562287e-06],
        "dvar": [2.580314451e-08, 4.27918748755e-05, 9.77889649221e-05, 4.29056417488e-05, 3.27717498294e-05, 7.28872873879e-06, 3.46624551639e-06, 2.97481437883e-06, 7.61059664001e-06, 1.04815092072e-06, 1.13776013677e-06, 2.21212553697e-06, 1.84011128113e-06, 1.0869965763e-06, 8.6777032493e-07, 1.97998502927e-07, 1.16881835766e-07, 9.69683711105e-08, 8.8897515127e-08, 9.37560855618e-08, 8.80661019664e-08, 1.84195656061e-07, 2.90877267162e-07, 2.60512962313e-07, 2.89052877633e-07, 4.94104845927e-08, 4.64900479225e-11],
        "dvar2": [4.93088165854e-08, 7.19670861145e-05, 0.000248666241532, 0.000122686382383, 9.27360524656e-05, 1.8125265342e-05, 7.40606219551e-06, 6.13883184997e-06, 1.50497744471e-05, 2.52558834291e-06, 2.59711350736e-06, 5.50164349988e-06, 4.52822632724e-06, 2.43473346018e-06, 2.29398938245e-06, 4.69079964205e-07, 2.74342568218e-07, 2.16388414742e-07, 1.95908569367e-07, 2.12148606238e-07, 2.0092048203e-07, 4.38062727426e-07, 6.3721472543e-07, 5.81173026148e-07, 6.27414749488e-07, 1.04235915899e-07, 9.02977831396e-11],
        "max": [0.003464857582, 0.0568516254425, 0.0799315571785, 0.0533069558442, 0.0555323548615, 0.0500256083906, 0.0415784455836, 0.0388963408768, 0.0486473478377, 0.019627744332, 0.027737673372, 0.0273819062859, 0.0410518459976, 0.0217358637601, 0.0206450670958, 0.0095016527921, 0.00736101344228, 0.00774803105742, 0.00488545000553, 0.00426489766687, 0.00367068359628, 0.00890658516437, 0.00598804932088, 0.00822732690722, 0.010888222605, 0.0048356927, 0.000355896423571],
        "mean": [0.000135437949211, 0.00739135220647, 0.00232152594253, 0.00141035439447, 0.00236193393357, 0.00324979703873, 0.00136379082687, 0.00136329291854, 0.00307469256222, 0.000807581702247, 0.00127011933364, 0.00158124242444, 0.00106528529432, 0.000799476052634, 0.00078789179679, 0.000409636908444, 0.000391279318137, 0.00036486107274, 0.000375273404643, 0.000357349927071, 0.000388439453673, 0.000366276915884, 0.00042522745207, 0.000461532355985, 0.000342775107129, 0.000119782685942, 3.01638579003e-06],
        "median": [1.16460196296e-05, 0.00157481664792, 0.000274937250651, 0.000234884486417, 0.000627999019343, 0.00149373849854, 0.000622829655185, 0.000498238834552, 0.00135984621011, 0.000409258471336, 0.00075255066622, 0.0010162461549, 0.000573768629692, 0.000403579470003, 0.000393126334529, 0.000233993458096, 0.000245860341238, 0.000198209119844, 0.000230090590776, 0.000218874411075, 0.000217501132283, 0.000161112810019, 0.000161551230121, 0.000225830008276, 0.000134303452796, 4.0249688027e-05, 9.5217666285e-07],
        "min": [7.32990817685e-25, 7.87665435823e-25, 4.64368345973e-25, 8.95467370737e-25, 1.28963911641e-23, 9.62794006314e-24, 7.95290358257e-24, 5.34036941945e-24, 2.17183062865e-23, 1.19739082656e-23, 1.8319603206e-23, 2.63376106902e-23, 3.64579514195e-23, 2.84843347161e-23, 4.47033748809e-23, 5.39073148293e-23, 5.85322927206e-23, 8.04612185579e-23, 1.11912818859e-22, 1.72195373047e-22, 2.85422446796e-22, 2.9586168928e-22, 2.64284887287e-22, 5.4308723861e-22, 8.98232317166e-22, 1.21024238045e-21, 1.82152824728e-21],
        "var": [6.24270199978e-08, 0.000137903247378, 7.46533478377e-05, 2.53179769061e-05, 2.80947879219e-05, 2.17411470658e-05, 5.71254986426e-06, 7.43575083106e-06, 2.54621481872e-05, 1.78489619884e-06, 3.52063375431e-06, 4.00667795475e-06, 2.69520774054e-06, 1.66150255154e-06, 1.57489807862e-06, 3.04114820437e-07, 2.11737344102e-07, 3.28786995851e-07, 2.14579912949e-07, 1.67233352499e-07, 2.11378733184e-07, 3.06636167124e-07, 4.55267496591e-07, 4.44039130798e-07, 4.58001636616e-07, 8.44670537958e-08, 7.22085308213e-11]
    },
    "erbbands": {
        "dmean": [0.0980981513858, 0.852786839008, 2.92115187645, 5.41958904266, 5.73342847824, 7.00950527191, 9.09953022003, 16.1397800446, 11.6846313477, 12.8733510971, 24.0772037506, 31.9062290192, 21.7581882477, 24.8629188538, 28.4132938385, 31.347536087, 33.557888031, 28.0380592346, 24.7925128937, 20.1526126862, 14.8129520416, 14.3531064987, 11.7178220749, 10.7757148743, 10.2705869675, 8.99530696869, 9.44173717499, 8.3112154007, 8.25209999084, 8.05926132202, 7.75582313538, 5.4421081543, 4.76854467392, 3.12625169754, 1.38806772232, 0.513669669628, 0.138428851962, 0.0179302282631, 0.000383717037039, 2.60657816398e-05],
        "dmean2": [0.100307121873, 1.09672164917, 4.69000720978, 9.43480205536, 10.2774944305, 12.2240028381, 14.0713100433, 26.165304184, 17.7942066193, 19.6349639893, 36.5464515686, 48.4933776855, 33.7423629761, 39.9473762512, 46.0777587891, 50.7445526123, 54.0570793152, 43.7858695984, 39.8346557617, 33.0683479309, 24.1591129303, 22.9073390961, 18.6946964264, 17.0873317719, 16.2336406708, 14.1368360519, 14.6088809967, 13.1779470444, 12.9327754974, 12.6192388535, 11.8539018631, 8.50663089752, 7.64474105835, 4.83087491989, 2.18012499809, 0.778071463108, 0.216589525342, 0.0291668009013, 0.000610965536907, 3.88338521589e-05],
        "dvar": [0.02844594419, 3.05022859573, 84.9938354492, 342.346343994, 385.744537354, 334.9012146, 247.997695923, 856.454772949, 521.312194824, 921.231079102, 1870.88098145, 4539.97216797, 1190.16064453, 1318.55541992, 2086.62841797, 2580.79882812, 3833.70458984, 2751.56298828, 1601.97814941, 1096.6394043, 609.824951172, 473.130981445, 348.441436768, 269.758544922, 216.94543457, 164.034606934, 195.812957764, 161.482040405, 224.618392944, 252.422622681, 259.899993896, 98.3319549561, 100.380310059, 59.1872291565, 9.78588104248, 2.08826565742, 0.0930712744594, 0.00244483607821, 8.96438507425e-07, 1.67853420052e-09],
        "dvar2": [0.0265541356057, 5.48626327515, 208.837844849, 933.835021973, 1076.4979248, 921.931152344, 561.476501465, 2204.21557617, 1084.90661621, 2128.82177734, 3835.95996094, 9539.65136719, 2432.42382812, 3208.19091797, 4714.81738281, 6522.13574219, 9601.60449219, 6401.56445312, 3818.92041016, 2895.45898438, 1433.89196777, 1107.57067871, 773.865966797, 616.34362793, 474.359130859, 359.445068359, 441.92401123, 375.825836182, 532.258544922, 581.023254395, 593.547363281, 219.117767334, 229.618118286, 128.640151978, 21.6588287354, 4.21868896484, 0.211183816195, 0.00599693180993, 2.00475619749e-06, 3.74277853155e-09],
        "max": [2.1272289753, 15.2753477097, 72.7566070557, 156.052886963, 159.348937988, 290.548431396, 302.53024292, 445.309295654, 677.526245117, 874.285583496, 819.223876953, 1223.56396484, 732.65032959, 799.780090332, 1342.66906738, 1107.79943848, 2165.2746582, 974.038452148, 860.280517578, 669.951965332, 639.822937012, 476.034423828, 495.585662842, 269.015716553, 341.924530029, 181.65562439, 213.884338379, 146.765441895, 372.378723145, 248.477355957, 256.835510254, 119.243659973, 178.558013916, 185.120697021, 64.1803588867, 38.1629486084, 6.93075227737, 1.255687356, 0.0311936289072, 0.000785168027505],
        "mean": [0.218210414052, 1.63006842136, 2.70989537239, 4.35863494873, 4.8160905838, 9.09054374695, 16.1515636444, 30.2934017181, 20.1832408905, 20.8983478546, 42.418800354, 62.078754425, 41.3275527954, 40.8014411926, 52.0098686218, 54.4167137146, 52.1586723328, 43.4384384155, 40.6992645264, 31.5110855103, 23.2935886383, 24.7908306122, 21.0495910645, 19.6405754089, 18.8626117706, 15.4669981003, 17.3469009399, 13.7588682175, 13.1443958282, 12.0906143188, 12.4086589813, 9.81598854065, 7.79921531677, 4.6307311058, 1.99764883518, 0.730231940746, 0.178696408868, 0.021216660738, 0.000499700079672, 6.4036459662e-05],
        "median": [0.0324244052172, 0.372669279575, 0.513170540333, 0.743127405643, 1.05714225769, 2.64231061935, 7.73431158066, 12.3069572449, 10.5904388428, 10.4905014038, 18.1481132507, 27.5429573059, 21.2183532715, 25.080745697, 32.5054855347, 35.8172569275, 30.1571235657, 24.7476291656, 23.2555274963, 18.2126426697, 14.3211421967, 15.9590024948, 11.7444515228, 11.2101230621, 12.8555755615, 9.64350223541, 10.1946020126, 7.23649120331, 5.72463226318, 4.99288749695, 4.85551166534, 4.55088281631, 3.63281702995, 1.8553917408, 0.714141249657, 0.246662572026, 0.0611381977797, 0.00711297150701, 0.000193024985492, 5.16475847689e-05],
        "min": [4.90589315296e-23, 2.3454568944e-22, 1.51984410819e-21, 5.30839119138e-21, 1.47671029451e-20, 3.77927060401e-20, 5.92968558012e-20, 5.58611934387e-20, 1.07854878074e-19, 7.35683903177e-20, 3.17667573162e-19, 4.75247935546e-19, 5.69073946753e-19, 5.53813705223e-19, 1.05965920672e-18, 1.20653349969e-18, 1.82952044213e-18, 2.23127689577e-18, 2.74255764597e-18, 3.24158433579e-18, 3.65245859453e-18, 3.20781386011e-18, 5.24855942114e-18, 5.65259000108e-18, 5.60719722419e-18, 8.29374874564e-18, 9.6182841092e-18, 1.05216505377e-17, 1.14261783278e-17, 8.24083813776e-18, 6.7803568813e-18, 9.94190611615e-18, 9.03792757399e-18, 7.03827882732e-18, 6.39617325939e-18, 4.1068078119e-18, 2.15927123703e-18, 1.05168766716e-18, 2.4385669614e-19, 2.58812422115e-20],
        "var": [0.142864823341, 7.41283130646, 73.0488510132, 225.571060181, 244.524490356, 445.050933838, 575.028442383, 2519.3671875, 957.128417969, 1299.01696777, 5126.55175781, 13563.3544922, 3520.32299805, 2418.2668457, 6803.50634766, 4364.06689453, 5531.75878906, 4060.20922852, 3447.12817383, 1832.8026123, 932.487304688, 861.48248291, 1203.36645508, 739.099487305, 414.337860107, 300.94644165, 444.697601318, 292.433441162, 398.693664551, 364.279754639, 389.409912109, 179.967636108, 155.437820435, 89.1435165405, 15.5909881592, 3.67192339897, 0.146625414491, 0.00268441624939, 1.23719837575e-06, 3.15917803029e-09]
    },
    "gfcc": {
        "mean": [32.729839325, 61.5412979126, -123.359260559, 20.4275894165, -70.2215805054, 26.0963878632, -39.6170425415, 14.8559617996, -25.4491710663, 8.94709968567, -11.7897520065, 4.82451963425, -9.14336967468],
        "cov": [[17131.1621094, -73.3845672607, -1052.00817871, 470.323059082, -883.651550293, 400.388092041, -594.989135742, 254.582809448, -416.669525146, 250.006347656, -205.613464355, 119.926956177, -151.534042358], [-73.3845672607, 878.102539062, -211.705886841, -18.7806243896, 127.894790649, -23.43475914, 72.9568481445, -55.9697265625, 27.0005874634, -107.325111389, 44.989440918, -59.9293365479, 19.894947052], [-1052.00817871, -211.705886841, 682.573669434, 170.07321167, 169.628433228, 143.597396851, 92.5313110352, 87.0690536499, 47.7050628662, 54.9389915466, 9.32484340668, 24.678314209, -4.49785423279], [470.323059082, -18.7806243896, 170.07321167, 420.331573486, 191.344955444, 179.893218994, 140.871322632, 45.9650154114, 118.064437866, 68.1533813477, 21.4598503113, 28.2867984772, -9.6777381897], [-883.651550293, 127.894790649, 169.628433228, 191.344955444, 427.395568848, 184.777648926, 189.001937866, 43.6587524414, 106.745071411, 46.6662254333, 32.6195983887, 6.3563079834, 7.69947147369], [400.388092041, -23.43475914, 143.597396851, 179.893218994, 184.777648926, 312.715911865, 149.97366333, 71.1333770752, 101.103065491, 89.2962493896, 30.6387443542, 29.944934845, 0.406745880842], [-594.989135742, 72.9568481445, 92.5313110352, 140.871322632, 189.001937866, 149.97366333, 226.433639526, 66.6428833008, 116.872596741, 62.5625610352, 51.8997993469, 11.3373966217, 18.2203350067], [254.582809448, -55.9697265625, 87.0690536499, 45.9650154114, 43.6587524414, 71.1333770752, 66.6428833008, 162.820907593, 44.1046676636, 60.302646637, 37.3352470398, 21.3441238403, 34.4023284912], [-416.669525146, 27.0005874634, 47.7050628662, 118.064437866, 106.745071411, 101.103065491, 116.872596741, 44.1046676636, 168.962387085, 69.446937561, 47.3621368408, 26.9021110535, 15.9124469757], [250.006347656, -107.325111389, 54.9389915466, 68.1533813477, 46.6662254333, 89.2962493896, 62.5625610352, 60.302646637, 69.446937561, 132.005493164, 55.317615509, 36.400188446, 21.3265266418], [-205.613464355, 44.989440918, 9.32484340668, 21.4598503113, 32.6195983887, 30.6387443542, 51.8997993469, 37.3352470398, 47.3621368408, 55.317615509, 112.392539978, 49.9411582947, 47.1122207642], [119.926956177, -59.9293365479, 24.678314209, 28.2867984772, 6.3563079834, 29.944934845, 11.3373966217, 21.3441238403, 26.9021110535, 36.400188446, 49.9411582947, 101.844314575, 37.916229248], [-151.534042358, 19.894947052, -4.49785423279, -9.6777381897, 7.69947147369, 0.406745880842, 18.2203350067, 34.4023284912, 15.9124469757, 21.3265266418, 47.1122207642, 37.916229248, 92.0225524902]],
        "icov": [[0.000285467598587, -0.000422283745138, 0.000553015735932, -0.000844522786792, 0.000685672916006, -0.000880953855813, 0.00099712354131, -0.000931443239097, 0.0011784681119, -0.00126995821483, 0.00091746536782, -0.000675639079418, 0.000496116641443], [-0.000422283745138, 0.00257564685307, -0.000205764968996, 0.00126195605844, -0.00167601159774, 0.00115705665667, -0.00181354687084, 0.00168365961872, -0.00220297765918, 0.00431260839105, -0.00337415793911, 0.00245548319072, -0.00116761296522], [0.000553015735932, -0.000205764968996, 0.00309458235279, -0.00205093272962, 0.000625477463473, -0.00199022889137, 0.00190581101924, -0.00250158179551, 0.00253431033343, -0.00186776253395, 0.00145603273995, -0.00124460598454, 0.00116704020184], [-0.000844522786792, 0.00126195605844, -0.00205093272962, 0.00633754627779, -0.0026559040416, 0.00170398142654, -0.00353501620702, 0.002944894135, -0.00477622216567, 0.00348581303842, -0.00207629427314, 0.0012097901199, -0.000701012962963], [0.000685672916006, -0.00167601159774, 0.000625477463473, -0.0026559040416, 0.00619542924687, -0.00313633680344, -2.97390597552e-05, -0.00170615979005, 0.00275497045368, -0.00312300957739, 0.00272899237461, -0.00159146881197, 0.000887904374395], [-0.000880953855813, 0.00115705665667, -0.00199022889137, 0.00170398142654, -0.00313633680344, 0.0090044438839, -0.0050636366941, 0.00214508315548, -0.00370576465502, 0.00141256209463, -0.001420710003, 0.000729826453608, -0.000455550907645], [0.00099712354131, -0.00181354687084, 0.00190581101924, -0.00353501620702, -2.97390597552e-05, -0.0050636366941, 0.0145532488823, -0.00491240853444, 0.000365118990885, -0.00423551024869, 0.000886972993612, -0.000337051926181, 0.00133850611746], [-0.000931443239097, 0.00168365961872, -0.00250158179551, 0.002944894135, -0.00170615979005, 0.00214508315548, -0.00491240853444, 0.0117802005261, -0.00374719686806, 0.00202542450279, -0.00339450570755, 0.00296619674191, -0.00431418791413], [0.0011784681119, -0.00220297765918, 0.00253431033343, -0.00477622216567, 0.00275497045368, -0.00370576465502, 0.000365118990885, -0.00374719686806, 0.0160396695137, -0.00865177437663, 0.0033040184062, -0.00393573241308, 0.00231451611035], [-0.00126995821483, 0.00431260839105, -0.00186776253395, 0.00348581303842, -0.00312300957739, 0.00141256209463, -0.00423551024869, 0.00202542450279, -0.00865177437663, 0.0220516938716, -0.0107871070504, 0.00380960362963, -0.00207339879125], [0.00091746536782, -0.00337415793911, 0.00145603273995, -0.00207629427314, 0.00272899237461, -0.001420710003, 0.000886972993612, -0.00339450570755, 0.0033040184062, -0.0107871070504, 0.0212482027709, -0.00849324092269, -0.0024857679382], [-0.000675639079418, 0.00245548319072, -0.00124460598454, 0.0012097901199, -0.00159146881197, 0.000729826453608, -0.000337051926181, 0.00296619674191, -0.00393573241308, 0.00380960362963, -0.00849324092269, 0.0171883441508, -0.00542552350089], [0.000496116641443, -0.00116761296522, 0.00116704020184, -0.000701012962963, 0.000887904374395, -0.000455550907645, 0.00133850611746, -0.00431418791413, 0.00231451611035, -0.00207339879125, -0.0024857679382, -0.00542552350089, 0.0167835634202]]
    },
    "melbands": {
        "dmean": [0.000846291251946, 0.00129314186051, 0.000881432031747, 0.00047515030019, 0.000298594532069, 0.000340123282513, 0.000185460827197, 0.000151018495671, 0.00021672002913, 0.000212529688724, 0.000110664142994, 0.000100808174466, 8.58441271703e-05, 0.00010451185517, 9.31464965106e-05, 8.43612506287e-05, 5.08598423039e-05, 4.03900703532e-05, 4.48428436357e-05, 1.91947328858e-05, 1.70267794601e-05, 1.68128881342e-05, 1.07745190689e-05, 9.9845474324e-06, 9.30317946768e-06, 8.18766602606e-06, 8.16355714051e-06, 6.22855395704e-06, 6.49886032988e-06, 5.25485711478e-06, 4.87723855258e-06, 5.16825639352e-06, 4.37566495748e-06, 4.72155261377e-06, 4.75874094263e-06, 3.930503226e-06, 3.32240006173e-06, 3.42385919794e-06, 3.28912574332e-06, 2.52086397268e-06],
        "dmean2": [0.000991095090285, 0.0018412899226, 0.00149002519902, 0.000848501280416, 0.000466956116725, 0.0005482682609, 0.000281636836007, 0.000227200929658, 0.000330120732542, 0.000321880390402, 0.00017186968762, 0.000162085183547, 0.000140375617775, 0.000170709361555, 0.000150735329953, 0.000134243862703, 8.00758061814e-05, 6.44621613901e-05, 7.46593213989e-05, 3.10949035338e-05, 2.81275133602e-05, 2.69759439107e-05, 1.73953703779e-05, 1.59032297233e-05, 1.49490379044e-05, 1.29956924866e-05, 1.30636390168e-05, 9.94177753455e-06, 1.02002659332e-05, 8.33441390569e-06, 7.78927824285e-06, 8.22076981422e-06, 6.81990422891e-06, 7.4413328548e-06, 7.39221786716e-06, 6.07220090387e-06, 5.31206342202e-06, 5.50892764295e-06, 5.31131263415e-06, 3.88581338484e-06],
        "dvar": [2.36235018747e-06, 1.118452019e-05, 8.39240874484e-06, 2.09379095395e-06, 2.45765050977e-07, 3.4577951169e-07, 1.17524606935e-07, 1.07211498346e-07, 1.62300651141e-07, 1.94338795723e-07, 3.1770920117e-08, 2.14708446578e-08, 1.58104871417e-08, 3.10446566232e-08, 2.8924821649e-08, 2.73609632728e-08, 9.55362366994e-09, 5.49969270125e-09, 7.91057530591e-09, 9.32470989312e-10, 9.05958363884e-10, 6.88740842136e-10, 3.13903708582e-10, 2.18463969137e-10, 2.20580012589e-10, 1.54094015326e-10, 1.45195688805e-10, 9.26537527257e-11, 9.47532330375e-11, 5.89484572266e-11, 6.10585332295e-11, 9.0019082466e-11, 7.44616035497e-11, 9.08450051296e-11, 1.0292735414e-10, 5.7253674024e-11, 3.63947587345e-11, 4.92745531877e-11, 5.63815140409e-11, 4.32706544207e-11],
        "dvar2": [2.81133384306e-06, 2.45180217462e-05, 2.20008587348e-05, 5.90445688431e-06, 5.74876878545e-07, 8.83566940502e-07, 2.47233089112e-07, 2.35066153209e-07, 3.25976202475e-07, 3.97520352635e-07, 6.5820508155e-08, 5.20132807935e-08, 3.62051153502e-08, 7.98369725885e-08, 6.88947494609e-08, 6.68152821959e-08, 2.18671978303e-08, 1.24106982469e-08, 2.14856363812e-08, 2.25410357046e-09, 2.16311946133e-09, 1.64339730713e-09, 7.24892867954e-10, 4.82893725007e-10, 5.14060016776e-10, 3.42589234759e-10, 3.37665867489e-10, 2.10256936861e-10, 2.17161524874e-10, 1.40323211384e-10, 1.42281478266e-10, 2.21303184111e-10, 1.70762778917e-10, 2.06356029486e-10, 2.37993097452e-10, 1.30602806347e-10, 8.1576599642e-11, 1.12173111078e-10, 1.30565475098e-10, 9.51396253446e-11],
        "max": [0.0157221741974, 0.0286158006638, 0.0239029116929, 0.0145362662151, 0.00847573857754, 0.00953201390803, 0.00957269314677, 0.00822422467172, 0.00749354111031, 0.00859751179814, 0.00373858958483, 0.0031655698549, 0.00363317341544, 0.00394894881174, 0.00283247884363, 0.00424146326259, 0.00168462714646, 0.00199687294662, 0.00214057555422, 0.000692743866239, 0.000827893672977, 0.000604336790275, 0.000388193118852, 0.000298756203847, 0.000246740266448, 0.000258666987065, 0.000227466458455, 0.000139369076351, 0.000175499531906, 0.000104734543129, 0.000103259597381, 0.000230013669352, 0.000323798827594, 0.000100400604424, 0.000180186427315, 8.70621370268e-05, 9.22282633837e-05, 0.000128325787955, 0.000153504719492, 0.000153689383296],
        "mean": [0.00203237496316, 0.00172109354753, 0.000744285003748, 0.000491985701956, 0.000529207638465, 0.000651218811981, 0.00031656990177, 0.000244730123086, 0.000372232141672, 0.000415557879023, 0.000200170601602, 0.000158420138177, 0.000155414774781, 0.000173999840626, 0.000133944762638, 0.000117452895211, 7.31570398784e-05, 6.17207406322e-05, 6.52067465126e-05, 2.80257190752e-05, 2.47704247158e-05, 2.71695080301e-05, 1.82293279067e-05, 1.73137887032e-05, 1.57991034939e-05, 1.42885528476e-05, 1.30686530611e-05, 9.55037830863e-06, 1.11158096843e-05, 9.12258838071e-06, 7.45460556573e-06, 7.5940934039e-06, 6.75282399243e-06, 6.6245893322e-06, 7.09322875991e-06, 6.82625886839e-06, 5.72288627154e-06, 5.57951352675e-06, 4.80040398543e-06, 3.58469515049e-06],
        "median": [0.000382195808925, 0.000475175329484, 0.000130777611048, 0.000122006436868, 0.000251374614891, 0.000281870365143, 0.000168005906744, 0.000105452701973, 0.000148127131979, 0.000177497917321, 9.87428211374e-05, 9.40882891882e-05, 0.000101604280644, 0.000107495448901, 6.65721963742e-05, 5.83514920436e-05, 3.74962692149e-05, 3.14528442686e-05, 3.01759955619e-05, 1.65300916706e-05, 1.36726357596e-05, 1.65121109603e-05, 1.01995810837e-05, 9.4259648904e-06, 8.40872235131e-06, 8.88615977601e-06, 8.24539347377e-06, 5.28899181518e-06, 6.40892540105e-06, 4.85315240439e-06, 3.63894469046e-06, 3.20089839079e-06, 2.75089610113e-06, 2.59289254245e-06, 2.73736714007e-06, 2.57831970885e-06, 2.67908467322e-06, 2.45072533289e-06, 2.02752562473e-06, 1.33410617309e-06],
        "min": [5.33121123737e-25, 1.41873685436e-24, 8.58197144232e-25, 1.96658487721e-24, 2.0434473423e-24, 1.31984860394e-24, 1.98486712312e-24, 6.45115805059e-25, 2.59608739933e-24, 3.25818348467e-24, 2.78491525927e-24, 1.84741225191e-24, 2.57915666936e-24, 2.57575036797e-24, 3.4495562099e-24, 3.15014740598e-24, 2.97715040668e-24, 3.63370987177e-24, 3.46592586254e-24, 3.48159934544e-24, 2.80791134352e-24, 2.51206109115e-24, 5.31201223649e-24, 3.86496286841e-24, 3.85502400987e-24, 4.27871015801e-24, 3.43183602739e-24, 4.40246034593e-24, 4.54927367128e-24, 4.98188538613e-24, 5.04271839484e-24, 4.98133476122e-24, 3.95034522849e-24, 5.27464823414e-24, 3.22047494733e-24, 5.19760334497e-24, 5.53736573685e-24, 4.3847788176e-24, 6.10281650055e-24, 5.05393205261e-24],
        "var": [1.0588942132e-05, 1.44800242197e-05, 6.05820741839e-06, 1.69377040038e-06, 5.63263938602e-07, 1.02936382973e-06, 2.18669725882e-07, 1.96077863279e-07, 4.54936554206e-07, 6.21621381924e-07, 9.02964387706e-08, 3.95246075868e-08, 5.14855926781e-08, 5.54644223882e-08, 4.77393662379e-08, 4.01679152162e-08, 1.38911664394e-08, 1.07924353898e-08, 1.28593313775e-08, 1.39826072942e-09, 1.28004806754e-09, 1.17115739329e-09, 8.13016265422e-10, 6.79468425968e-10, 5.45676281938e-10, 2.98897351314e-10, 2.32033531278e-10, 1.49623924361e-10, 1.91486160261e-10, 1.30841809609e-10, 1.01102577699e-10, 1.38574443587e-10, 1.32340693959e-10, 1.20818549609e-10, 1.39411537869e-10, 1.03687253228e-10, 6.37821878646e-11, 7.87934786861e-11, 7.71837524449e-11, 6.27755555871e-11]
    },
    "mfcc": {
        "mean": [-600.305969238, 94.22315979, 0.468205034733, -0.492800533772, -3.64639616013, 2.69431376457, 2.83114957809, 2.32427358627, -2.38219213486, 2.22015404701, -0.505489230156, 3.3577682972, 0.384620159864],
        "cov": [[5759.86474609, -110.031532288, 214.654312134, 78.1648635864, 39.7772865295, 56.0356369019, -4.95512723923, -84.8017883301, -19.0388660431, 61.0188293457, -23.9199085236, 11.1831064224, -35.6899757385], [-110.031532288, 854.232910156, -189.903366089, -25.5022506714, 17.9220352173, -33.423374176, 43.5728912354, 25.7307949066, -22.4598178864, -43.2890167236, -32.7282867432, -16.263628006, -3.64342236519], [214.654312134, -189.903366089, 462.937133789, 56.3248100281, 62.7705383301, 53.4645729065, 39.0983390808, 40.0242881775, 36.7897987366, 48.7509346008, 37.0431747437, 27.5515518188, 7.23011684418], [78.1648635864, -25.5022506714, 56.3248100281, 279.088806152, 105.523918152, 127.281181335, 50.5937728882, 69.5509719849, 55.7687492371, 50.3617362976, 47.5084457397, 45.865737915, 16.413143158], [39.7772865295, 17.9220352173, 62.7705383301, 105.523918152, 222.868179321, 145.254455566, 93.0227584839, 76.8677902222, 68.8018722534, 53.7209587097, 47.6695976257, 32.6784133911, 26.9619445801], [56.0356369019, -33.423374176, 53.4645729065, 127.281181335, 145.254455566, 360.304107666, 88.1831130981, 122.119598389, 80.1352767944, 93.9097518921, 107.89679718, 46.8611335754, 48.1721458435], [-4.95512723923, 43.5728912354, 39.0983390808, 50.5937728882, 93.0227584839, 88.1831130981, 176.859466553, 61.8300743103, 69.8928146362, 64.0369033813, 33.4445457458, 49.5321121216, 28.8633308411], [-84.8017883301, 25.7307949066, 40.0242881775, 69.5509719849, 76.8677902222, 122.119598389, 61.8300743103, 141.053344727, 62.6914825439, 42.002243042, 55.9753341675, 32.2147712708, 31.7169857025], [-19.0388660431, -22.4598178864, 36.7897987366, 55.7687492371, 68.8018722534, 80.1352767944, 69.8928146362, 62.6914825439, 124.837608337, 72.5402374268, 44.8374519348, 37.0885925293, 31.3738231659], [61.0188293457, -43.2890167236, 48.7509346008, 50.3617362976, 53.7209587097, 93.9097518921, 64.0369033813, 42.002243042, 72.5402374268, 134.074737549, 57.4901237488, 49.1751098633, 32.9281272888], [-23.9199085236, -32.7282867432, 37.0431747437, 47.5084457397, 47.6695976257, 107.89679718, 33.4445457458, 55.9753341675, 44.8374519348, 57.4901237488, 113.829971313, 47.5989189148, 30.8484687805], [11.1831064224, -16.263628006, 27.5515518188, 45.865737915, 32.6784133911, 46.8611335754, 49.5321121216, 32.2147712708, 37.0885925293, 49.1751098633, 47.5989189148, 99.8374023438, 40.3883285522], [-35.6899757385, -3.64342236519, 7.23011684418, 16.413143158, 26.9619445801, 48.1721458435, 28.8633308411, 31.7169857025, 31.3738231659, 32.9281272888, 30.8484687805, 40.3883285522, 89.4033966064]],
