{
"lowlevel": {
    "average_loudness": 0.957129478455,
    "barkbands_crest": {
        "dmean": 3.12769126892,
        "dmean2": 4.68489646912,
        "dvar": 10.3874769211,
        "dvar2": 18.518995285,
        "max": 26.4753112793,
        "mean": 12.1214704514,
        "median": 10.3632278442,
        "min": 2.08761096001,
        "var": 41.4613609314
    },
    "barkbands_flatness_db": {
        "dmean": 0.0307665020227,
        "dmean2": 0.0415858589113,
        "dvar": 0.00101739005186,
        "dvar2": 0.00162150640972,
        "max": 0.496403664351,
        "mean": 0.165099799633,
        "median": 0.148075401783,
        "min": 0.0254544839263,
        "var": 0.00543256383389
    },
    "barkbands_kurtosis": {
        "dmean": 8.52460479736,
        "dmean2": 12.2146406174,
        "dvar": 393.403045654,
        "dvar2": 762.801757812,
        "max": 561.032165527,
        "mean": 13.4930067062,
        "median": 2.51738381386,
        "min": -1.91062986851,
        "var": 893.28137207
    },
    "barkbands_skewness": {
        "dmean": 0.937182188034,
        "dmean2": 1.28360903263,
        "dvar": 1.36837112904,
        "dvar2": 2.13693809509,
        "max": 20.0258464813,
        "mean": 2.39235305786,
        "median": 1.62956118584,
        "min": -2.82266974449,
        "var": 6.33667373657
    },
    "barkbands_spread": {
        "dmean": 8.84121417999,
        "dmean2": 13.1877002716,
        "dvar": 113.35785675,
        "dvar2": 240.226119995,
        "max": 114.129333496,
        "mean": 25.30377388,
        "median": 21.7434635162,
        "min": 0.26238450408,
        "var": 336.244720459
    },
    "dissonance": {
        "dmean": 0.019419895485,
        "dmean2": 0.0318485274911,
        "dvar": 0.000386873900425,
        "dvar2": 0.000990710337646,
        "max": 0.500000119209,
        "mean": 0.460345089436,
        "median": 0.468574523926,
        "min": 0.21915024519,
        "var": 0.000980335986242
    },
    "dynamic_complexity": 2.70938515663,
    "erbbands_crest": {
        "dmean": 2.88434815407,
        "dmean2": 4.63965654373,
        "dvar": 7.3425617218,
        "dvar2": 17.8052654266,
        "max": 30.2400150299,
        "mean": 9.31792640686,
        "median": 8.22364997864,
        "min": 2.08048725128,
        "var": 22.2367591858
    },
    "erbbands_flatness_db": {
        "dmean": 0.0190048776567,
        "dmean2": 0.027422087267,
        "dvar": 0.000442593649495,
        "dvar2": 0.000852905563079,
        "max": 0.401104658842,
        "mean": 0.136239901185,
        "median": 0.118239581585,
        "min": 0.0504788272083,
        "var": 0.00377163407393
    },
    "erbbands_kurtosis": {
        "dmean": 1.03080177307,
        "dmean2": 1.58160948753,
        "dvar": 2.59763216972,
        "dvar2": 5.59337425232,
        "max": 41.0351066589,
        "mean": 0.650414168835,
        "median": -0.178294181824,
        "min": -1.85325610638,
        "var": 6.52721691132
    },
    "erbbands_skewness": {
        "dmean": 0.376053780317,
        "dmean2": 0.575169563293,
        "dvar": 0.137085109949,
        "dvar2": 0.314865082502,
        "max": 5.22662353516,
        "mean": 0.374278008938,
        "median": 0.333744823933,
        "min": -4.12956142426,
        "var": 0.593956232071
    },
    "erbbands_spread": {
        "dmean": 12.6918907166,
        "dmean2": 18.0565853119,
        "dvar": 184.231124878,
        "dvar2": 345.061248779,
        "max": 207.634979248,
        "mean": 52.9295959473,
        "median": 47.916885376,
        "min": 2.45048999786,
        "var": 970.44708252
    },
    "hfc": {
        "dmean": 12.9040174484,
        "dmean2": 19.464094162,
        "dvar": 453.451751709,
        "dvar2": 1145.25305176,
        "max": 225.614929199,
        "mean": 27.418428421,
        "median": 20.7897472382,
        "min": 1.07064904976e-16,
        "var": 594.690612793
    },
    "melbands_crest": {
        "dmean": 4.09081983566,
        "dmean2": 6.47572755814,
        "dvar": 17.8102855682,
        "dvar2": 36.4479103088,
        "max": 37.2093772888,
        "mean": 16.6427364349,
        "median": 15.0204696655,
        "min": 1.69733595848,
        "var": 55.5205802917
    },
    "melbands_flatness_db": {
        "dmean": 0.0382395647466,
        "dmean2": 0.0488930419087,
        "dvar": 0.00159061420709,
        "dvar2": 0.00238869758323,
        "max": 0.620756208897,
        "mean": 0.216227516532,
        "median": 0.195702448487,
        "min": 0.00358231761493,
        "var": 0.0087772058323
    },
    "melbands_kurtosis": {
        "dmean": 24.7326469421,
        "dmean2": 36.0676651001,
        "dvar": 2800.74072266,
        "dvar2": 5110.17675781,
        "max": 921.991516113,
        "mean": 45.3455734253,
        "median": 12.0179481506,
        "min": -1.81552016735,
        "var": 7549.98828125
    },
    "melbands_skewness": {
        "dmean": 1.35223448277,
        "dmean2": 1.89807415009,
        "dvar": 3.26070356369,
        "dvar2": 5.2535700798,
        "max": 24.8712902069,
        "mean": 4.16570901871,
        "median": 3.017121315,
        "min": -1.64217472076,
        "var": 14.2202577591
    },
    "melbands_spread": {
        "dmean": 8.43084716797,
        "dmean2": 12.7399368286,
        "dvar": 139.307876587,
        "dvar2": 311.768310547,
        "max": 226.859786987,
        "mean": 22.5556869507,
        "median": 18.5116195679,
        "min": 0.366609960794,
        "var": 406.224731445
    },
    "pitch_salience": {
        "dmean": 0.0873611047864,
        "dmean2": 0.130293741822,
        "dvar": 0.00806285161525,
        "dvar2": 0.0154156498611,
        "max": 0.917864918709,
        "mean": 0.471018075943,
        "median": 0.512306571007,
        "min": 0.0429974496365,
        "var": 0.0316397622228
    },
    "silence_rate_20dB": {
        "dmean": 0,
        "dmean2": 0,
        "dvar": 0,
        "dvar2": 0,
        "max": 1,
        "mean": 1,
        "median": 1,
        "min": 1,
        "var": 0
    },
    "silence_rate_30dB": {
        "dmean": 0.113575868309,
        "dmean2": 0.227174133062,
        "dvar": 0.100668393075,
        "dvar2": 0.219348579645,
        "max": 1,
        "mean": 0.834384858608,
        "median": 1,
        "min": 0,
        "var": 0.138194739819
    },
    "silence_rate_60dB": {
        "dmean": 0.0116336392239,
        "dmean2": 0.0232695713639,
        "dvar": 0.011498728767,
        "dvar2": 0.0292332731187,
        "max": 1,
        "mean": 0.0401222407818,
        "median": 0,
        "min": 0,
        "var": 0.0385089367628
    },
    "spectral_centroid": {
        "dmean": 282.845550537,
        "dmean2": 433.51852417,
        "dvar": 112428.585938,
        "dvar2": 245874.21875,
        "max": 11569.4404297,
        "mean": 1340.35534668,
        "median": 1208.1706543,
        "min": 150.656967163,
        "var": 855105.8125
    },
    "spectral_complexity": {
        "dmean": 4.23858833313,
        "dmean2": 6.37211608887,
        "dvar": 28.7324295044,
        "dvar2": 57.6589660645,
        "max": 58,
        "mean": 16.9094047546,
        "median": 15,
        "min": 0,
        "var": 77.6679534912
    },
    "spectral_decrease": {
        "dmean": 4.7923887081e-09,
        "dmean2": 7.28686000429e-09,
        "dvar": 4.738669906e-17,
        "dvar2": 9.36909628054e-17,
        "max": 4.7312978126e-21,
        "mean": -1.19827952005e-08,
        "median": -6.70612632092e-09,
        "min": -6.12606072536e-08,
        "var": 1.3434956336e-16
    },
    "spectral_energy": {
        "dmean": 0.0186588708311,
        "dmean2": 0.0284946188331,
        "dvar": 0.000694846501574,
        "dvar2": 0.00136871449649,
        "max": 0.233815953135,
        "mean": 0.047712970525,
        "median": 0.0284636840224,
        "min": 1.01152815182e-20,
        "var": 0.00195463793352
    },
    "spectral_energyband_high": {
        "dmean": 0.00117830373347,
        "dmean2": 0.00182119884994,
        "dvar": 5.95398614678e-06,
        "dvar2": 1.57782251335e-05,
        "max": 0.0266974512488,
        "mean": 0.0016703895526,
        "median": 0.000842024513986,
        "min": 7.11893768707e-21,
        "var": 5.97530242885e-06
    },
    "spectral_energyband_low": {
        "dmean": 0.0156733356416,
        "dmean2": 0.0231433771551,
        "dvar": 0.000644827494398,
        "dvar2": 0.00126124208327,
        "max": 0.22780226171,
        "mean": 0.0316123366356,
        "median": 0.00831340998411,
        "min": 2.11638664433e-23,
        "var": 0.00186264305376
    },
    "spectral_energyband_middle_high": {
        "dmean": 0.00177966989577,
        "dmean2": 0.00281324214302,
        "dvar": 6.02843283559e-06,
        "dvar2": 1.50878940985e-05,
        "max": 0.0509542673826,
        "mean": 0.00466795125976,
        "median": 0.00267879944295,
        "min": 1.36001397206e-21,
        "var": 2.71537446679e-05
    },
    "spectral_energyband_middle_low": {
        "dmean": 0.00792596302927,
        "dmean2": 0.01263697166,
        "dvar": 0.000288256647764,
        "dvar2": 0.000719569856301,
        "max": 0.155887365341,
        "mean": 0.0119024785236,
        "median": 0.00726913288236,
        "min": 1.09247491363e-22,
        "var": 0.000264493253781
    },
    "spectral_entropy": {
        "dmean": 0.196395799518,
        "dmean2": 0.285183340311,
        "dvar": 0.0493981838226,
        "dvar2": 0.101018950343,
        "max": 9.82033634186,
        "mean": 7.73858070374,
        "median": 7.79557800293,
        "min": 5.5044054985,
        "var": 0.242530658841
    },
    "spectral_flux": {
        "dmean": 0.0441458337009,
        "dmean2": 0.0713792741299,
        "dvar": 0.00266758934595,
        "dvar2": 0.00633098790422,
        "max": 0.412227749825,
        "mean": 0.112477779388,
        "median": 0.0897412151098,
        "min": 6.53364098935e-11,
        "var": 0.00543161155656
    },
    "spectral_kurtosis": {
        "dmean": 1.3048517704,
        "dmean2": 2.03392267227,
        "dvar": 4.94155406952,
        "dvar2": 12.5872602463,
        "max": 47.3340950012,
        "mean": 3.25141835213,
        "median": 2.19922351837,
        "min": -1.3560782671,
        "var": 13.9105901718
    },
    "spectral_rms": {
        "dmean": 0.0012793726055,
        "dmean2": 0.00186503259465,
        "dvar": 2.57375199908e-06,
        "dvar2": 4.2258020585e-06,
        "max": 0.0151034146547,
        "mean": 0.00605519860983,
        "median": 0.00526967272162,
        "min": 3.1414276562e-12,
        "var": 9.8836962934e-06
    },
    "spectral_rolloff": {
        "dmean": 987.266418457,
        "dmean2": 1622.96984863,
        "dvar": 3248142,
        "dvar2": 7415883.5,
        "max": 19595.2148438,
        "mean": 1790.08557129,
        "median": 1141.25976562,
        "min": 21.533203125,
        "var": 6237506.5
    },
    "spectral_skewness": {
        "dmean": 0.203035503626,
        "dmean2": 0.304083108902,
        "dvar": 0.0606763474643,
        "dvar2": 0.133616656065,
        "max": 5.16670513153,
        "mean": 1.44455885887,
        "median": 1.36236166954,
        "min": -0.551538288593,
        "var": 0.297478079796
    },
    "spectral_spread": {
        "dmean": 825298.9375,
        "dmean2": 1142707.125,
        "dvar": 1.07743582618e+12,
        "dvar2": 1.93934734131e+12,
        "max": 42697492,
        "mean": 6735652.5,
        "median": 6679405.5,
        "min": 1302238.375,
        "var": 1.14291994788e+13
    },
    "spectral_strongpeak": {
        "dmean": 0.508212327957,
        "dmean2": 0.861929178238,
        "dvar": 0.725087404251,
        "dvar2": 1.69327402115,
        "max": 12.8182964325,
        "mean": 0.957262516022,
        "median": 0.662815213203,
        "min": 0,
        "var": 1.40637362003
    },
    "zerocrossingrate": {
        "dmean": 0.0181854553521,
        "dmean2": 0.0185926742852,
        "dvar": 0.000368460430764,
        "dvar2": 0.000399389304221,
        "max": 0.53271484375,
        "mean": 0.0757239758968,
        "median": 0.0654296875,
        "min": 0,
        "var": 0.00342100346461
    },
    "barkbands": {
        "dmean": [0.000446548627224, 0.0119588021189, 0.00661969557405, 0.00488022528589, 0.00236111716367, 0.000851403048728, 0.000419298303314, 0.000672089809086, 0.000659027136862, 0.000332824536599, 0.000347599881934, 0.000322661915561, 0.000561131222639, 0.000319508166285, 0.000452947540907, 0.00016948254779, 0.000153564935317, 0.000142994264024, 0.0001535720221, 0.000129505540826, 0.00018449255731, 0.000248879543506, 0.000172167201526, 0.000168609432876, 0.000273657467915, 0.000156400536071, 2.01703120872e-09],
        "dmean2": [0.000689696811605, 0.0172669515014, 0.0096451304853, 0.00825711712241, 0.00387140503153, 0.00132761476561, 0.000669419474434, 0.00100096676033, 0.000994406407699, 0.000516280531883, 0.000563927460462, 0.000531258119736, 0.000929240603, 0.000521705194842, 0.000730876578018, 0.000271613243967, 0.000242713082116, 0.000229517376283, 0.000253180944128, 0.000207006218261, 0.000311679526931, 0.00041586975567, 0.000278837513179, 0.000261448993115, 0.000427677499829, 0.000240147855948, 3.7041751888e-09],
        "dvar": [7.41017572636e-07, 0.000518535496667, 0.000217706983676, 0.000179244176252, 2.64714108198e-05, 2.06843060369e-06, 4.01816606654e-07, 2.07386847251e-06, 2.02983073905e-06, 4.57305873169e-07, 7.14576401606e-07, 4.45859285492e-07, 9.58774307946e-07, 5.42618352029e-07, 2.00571844289e-06, 1.63902527106e-07, 1.60108797331e-07, 9.15399311907e-08, 8.88621869422e-08, 6.7429397177e-08, 2.59437058503e-07, 6.83223788656e-07, 1.99388722422e-07, 8.16118088665e-08, 2.46297872764e-07, 7.77628272886e-08, 8.1106415637e-18],
        "dvar2": [1.62718231422e-06, 0.000862637243699, 0.000483412120957, 0.000464022450615, 6.9844070822e-05, 4.85849204779e-06, 1.04311357063e-06, 4.64698132419e-06, 4.592210189e-06, 1.03146669517e-06, 1.88159265235e-06, 1.11208885301e-06, 2.42976284426e-06, 1.33737580654e-06, 4.85874124934e-06, 3.7390725538e-07, 4.12712722664e-07, 2.3587105602e-07, 2.39365334664e-07, 1.72353921357e-07, 7.216132758e-07, 1.91012100004e-06, 5.36277980245e-07, 2.0589894234e-07, 6.23492041996e-07, 1.87531611573e-07, 2.44793762527e-17],
        "max": [0.010663125664, 0.173325315118, 0.136537700891, 0.139226466417, 0.0547465384007, 0.0312343146652, 0.0146898468956, 0.0416283905506, 0.0346710979939, 0.0158173628151, 0.0167261324823, 0.016347354278, 0.0194250326604, 0.0162563566118, 0.0391799286008, 0.0127017572522, 0.0143103161827, 0.00560599705204, 0.00651456369087, 0.00332266115583, 0.00742869870737, 0.0104516725987, 0.00618409644812, 0.00536335259676, 0.00580140808597, 0.00212650862522, 3.18989528125e-08],
        "mean": [0.000477704801597, 0.0219020135701, 0.00717539945617, 0.00403775600716, 0.00277582416311, 0.00164843886159, 0.000733683467843, 0.00134393561166, 0.00118890160229, 0.000550455588382, 0.000594842771534, 0.000479489885038, 0.000864121422637, 0.000497428467497, 0.000736315909307, 0.00023944847635, 0.000250141398283, 0.000207444900298, 0.000251302088145, 0.00019581419474, 0.000231649872148, 0.000282680732198, 0.000229436758673, 0.000270687276497, 0.000344359519659, 0.000203603878617, 1.69607350387e-09],
        "median": [0.000100423138065, 0.00262957066298, 0.00134500686545, 0.000648588349577, 0.00129170936998, 0.00072908232687, 0.00040821658331, 0.000630486407317, 0.000390683359001, 0.000172515312443, 0.00011755041487, 0.000170133513166, 0.000338333920809, 0.000112031018944, 0.000131452979986, 9.13868643693e-05, 8.57922059367e-05, 0.000101168174297, 0.000122184152133, 0.000100801262306, 0.00010581141396, 0.000116826035082, 0.000108533196908, 0.000154379886226, 0.000115622548037, 6.15651370026e-05, 6.5846239572e-10],
        "min": [4.69832834768e-25, 1.84440649464e-24, 1.92655728602e-24, 8.97336576652e-25, 7.92421113372e-24, 4.98642922495e-24, 8.89493997634e-24, 8.60242561952e-24, 1.33490632174e-23, 1.24437285772e-23, 2.34457964952e-23, 3.09554415017e-23, 3.60792098326e-23, 3.74165152381e-23, 5.17398816268e-23, 4.00721870765e-23, 9.46287438971e-23, 1.11527299379e-22, 1.69464071536e-22, 1.5492946713e-22, 2.26210345302e-22, 3.74744649602e-22, 3.7693826352e-22, 6.43706459693e-22, 9.35856918134e-22, 1.38477284489e-21, 1.81379806674e-21],
        "var": [9.11596771402e-07, 0.00142921425868, 0.000252132158494, 0.00013367178326, 2.21071513806e-05, 7.37411210139e-06, 9.10957055567e-07, 5.08398943566e-06, 5.55306951355e-06, 1.12203315439e-06, 2.12199984162e-06, 9.38019411478e-07, 2.25373810281e-06, 1.34113292916e-06, 5.16982800036e-06, 2.78507485518e-07, 3.37529030503e-07, 1.10693306965e-07, 1.52369466377e-07, 8.64011440171e-08, 2.04913050084e-07, 4.81708582356e-07, 1.74321939994e-07, 1.20683836258e-07, 3.06992546939e-07, 1.02074338315e-07, 6.84170018193e-18]
    },
    "erbbands": {
        "dmean": [0.404863148928, 2.69635653496, 6.91934156418, 11.6520900726, 12.7895479202, 6.30332899094, 6.62324523926, 7.37875318527, 5.39911556244, 7.6301445961, 16.1633796692, 18.2444801331, 7.28760766983, 12.5657262802, 13.6646051407, 15.2874412537, 24.5583724976, 16.8856277466, 28.4725856781, 10.3576364517, 8.27463150024, 7.03807878494, 6.46242570877, 8.0570602417, 7.97429943085, 6.69823265076, 8.85967540741, 5.51680135727, 7.98706912994, 8.72141933441, 4.95001363754, 3.71145772934, 2.76579117775, 2.5356502533, 2.3255045414, 0.923773169518, 0.253246635199, 0.0201532766223, 0.000391206587665, 3.91038847738e-05],
        "dmean2": [0.49358022213, 3.96999359131, 9.84509468079, 18.284444809, 21.4846401215, 10.3419885635, 10.5130167007, 11.5680961609, 8.55710792542, 11.8537321091, 23.7278785706, 27.3418540955, 10.9895839691, 19.8506412506, 21.8296165466, 24.8265705109, 40.2124977112, 27.5068130493, 45.5803108215, 16.3899707794, 13.2301015854, 11.1179742813, 10.2769651413, 13.287612915, 13.0114765167, 10.8227128983, 15.1828765869, 8.79063510895, 13.1157560349, 15.0596609116, 8.11273288727, 5.91268396378, 4.261759758, 3.90708875656, 3.72090411186, 1.42576742172, 0.399608284235, 0.0322983898222, 0.000616132398136, 6.05231398367e-05],
        "dvar": [0.66798222065, 25.2856426239, 216.697967529, 864.088012695, 1127.01269531, 157.558532715, 103.213088989, 194.684829712, 63.5655326843, 150.225967407, 1273.73962402, 1590.68859863, 216.990158081, 707.413024902, 948.284912109, 973.960388184, 1879.62194824, 1065.37805176, 7441.34814453, 548.102478027, 476.008148193, 299.115692139, 142.728668213, 308.277099609, 309.038574219, 204.20135498, 781.973754883, 117.69984436, 603.573669434, 1024.38952637, 156.454315186, 42.0616493225, 22.6905288696, 21.5175876617, 20.004989624, 2.68780589104, 0.216634854674, 0.00141667411663, 5.08190623805e-07, 2.60997867763e-09],
        "dvar2": [1.0103726387, 44.8538246155, 469.694793701, 2083.48657227, 2904.51831055, 431.227752686, 261.738739014, 465.795074463, 165.688323975, 339.861602783, 2761.64355469, 3480.60864258, 461.579956055, 1621.77062988, 2340.63330078, 2386.95776367, 4649.0078125, 2622.31030273, 17905.7890625, 1245.10083008, 1257.33886719, 723.566589355, 354.051269531, 817.936096191, 845.095947266, 533.905517578, 2203.30053711, 300.300201416, 1663.78186035, 2879.17797852, 424.909088135, 110.681488037, 54.8691635132, 52.0107116699, 52.220703125, 6.41600704193, 0.540510475636, 0.00357419881038, 1.26923748667e-06, 5.86044546225e-09],
        "max": [6.26155948639, 37.9399108887, 160.426559448, 341.516571045, 334.087463379, 164.53604126, 199.701660156, 300.739807129, 144.852645874, 241.073822021, 1030.41015625, 1005.43615723, 349.841400146, 650.387512207, 639.405334473, 824.868164062, 942.55267334, 827.32989502, 2431.22216797, 836.477355957, 1011.9128418, 482.377105713, 213.666122437, 289.574432373, 455.059356689, 206.751647949, 434.270568848, 157.409912109, 371.191253662, 382.48147583, 171.426620483, 67.6054000854, 92.6566696167, 102.859603882, 34.7317466736, 12.3292179108, 4.06462144852, 0.385920196772, 0.00657111918554, 0.000364815932699],
        "mean": [0.599143207073, 5.0274181366, 8.90831565857, 11.3464412689, 11.3666782379, 8.09723949432, 12.4273462296, 13.3613958359, 9.65940570831, 16.1823005676, 32.9029769897, 34.082118988, 14.385594368, 20.8191242218, 23.40990448, 25.1259384155, 39.8162231445, 27.6755046844, 48.2532844543, 17.0927829742, 13.3818531036, 11.7559938431, 11.0956735611, 11.9545717239, 13.0943288803, 9.95520401001, 10.4366760254, 8.01864814758, 9.41731834412, 9.3051815033, 6.66935491562, 5.62707042694, 4.42270421982, 3.52746272087, 2.69629621506, 1.16334486008, 0.325861096382, 0.0250743366778, 0.000515396881383, 8.36870458443e-05],
        "median": [0.0550359636545, 0.704137086868, 2.42461276054, 2.69177913666, 2.49732685089, 3.97060370445, 6.19807815552, 5.34289169312, 6.17233896255, 8.88113021851, 15.0004558563, 12.3439178467, 6.62939357758, 6.39566040039, 6.29762363434, 10.3280677795, 15.9506874084, 11.6101551056, 9.77242279053, 5.87416267395, 5.37731838226, 4.44403028488, 5.64508104324, 6.19065761566, 5.86129999161, 5.05936288834, 4.64000225067, 3.91298627853, 3.90968704224, 3.82495307922, 3.23050689697, 3.25242948532, 2.40493106842, 1.3942065239, 0.760150074959, 0.374610453844, 0.0899910181761, 0.00615673884749, 0.000162141543115, 6.57247146592e-05],
        "min": [1.15853728128e-22, 3.89249542351e-22, 2.15740356176e-21, 3.92049804189e-21, 1.35449120861e-20, 2.06671302229e-20, 4.80765579198e-20, 4.65855648657e-20, 1.45438191097e-19, 2.83610892982e-19, 1.79621507459e-19, 2.77181502424e-19, 4.77656323598e-19, 1.00352280125e-18, 1.13906017032e-18, 1.52391329154e-18, 1.78882501715e-18, 2.669717362e-18, 2.24729710948e-18, 3.9695392572e-18, 3.57258396663e-18, 5.70047052366e-18, 5.67210195096e-18, 7.0956313951e-18, 8.70714301011e-18, 7.88108819037e-18, 1.10849274476e-17, 1.06107767672e-17, 1.12784157463e-17, 1.12390948887e-17, 1.10842152451e-17, 1.16308153667e-17, 1.12576245616e-17, 8.47265136852e-18, 6.69279774551e-18, 4.28067455921e-18, 2.51218060755e-18, 1.0754211333e-18, 2.38478858936e-19, 2.52316889419e-20],
        "var": [1.48398315907, 71.1910400391, 300.595153809, 782.127197266, 862.299987793, 144.762054443, 272.654174805, 603.869995117, 126.467529297, 453.499603271, 3431.12548828, 4255.43212891, 632.098205566, 1606.94689941, 2522.05664062, 2081.56103516, 4908.81054688, 2561.45385742, 19896.2421875, 1133.83056641, 725.24597168, 628.709655762, 267.419677734, 350.923095703, 563.292785645, 236.542221069, 550.36907959, 143.090164185, 456.138763428, 679.888000488, 137.675827026, 53.5224952698, 35.8366928101, 31.8253154755, 21.1472206116, 3.42325401306, 0.26995870471, 0.00169206829742, 6.25017037237e-07, 4.57490667571e-09]
    },
    "gfcc": {
        "mean": [6.50457334518, 70.4518737793, -98.2387313843, 29.096162796, -61.8715820312, 23.2611789703, -39.9985198975, 13.9378862381, -25.8264522552, 11.2687473297, -16.0396060944, -2.47401046753, -16.7720317841],
        "cov": [[15802.1083984, -882.790283203, 1163.92797852, 892.649414062, -418.32220459, 1055.36621094, -511.10256958, 422.355407715, -581.996704102, 297.959655762, -580.422973633, 90.8735198975, -530.998352051], [-882.790283203, 1546.95568848, -397.602416992, -40.5297737122, 275.244537354, -141.038085938, 247.388595581, -129.958953857, 179.039031982, -145.770080566, 234.603393555, -171.897140503, 148.528610229], [1163.92797852, -397.602416992, 2127.79296875, 645.67980957, 219.671157837, 603.151306152, 25.2490921021, 387.069641113, 8.83033275604, 226.38079834, -159.299179077, 157.18711853, -56.2648506165], [892.649414062, -40.5297737122, 645.67980957, 718.203796387, 185.119293213, 230.276275635, 119.136482239, 93.4054718018, 116.702529907, 57.162021637, -31.9969062805, 59.7429504395, 1.69413208961], [-418.32220459, 275.244537354, 219.671157837, 185.119293213, 452.207427979, 174.91355896, 130.630218506, 52.895488739, 107.047729492, 46.1129455566, 22.1341323853, -10.2284870148, 24.1113166809], [1055.36621094, -141.038085938, 603.151306152, 230.276275635, 174.91355896, 516.637512207, 110.207633972, 162.142166138, 34.328830719, 128.833297729, -35.3887176514, 43.7701644897, -40.5526046753], [-511.10256958, 247.388595581, 25.2490921021, 119.136482239, 130.630218506, 110.207633972, 328.693756104, 42.4361190796, 122.904022217, 26.045425415, 69.8915176392, -16.7050266266, 25.0342197418], [422.355407715, -129.958953857, 387.069641113, 93.4054718018, 52.895488739, 162.142166138, 42.4361190796, 270.48815918, 66.6383514404, 73.5129699707, -5.36588382721, 46.3367881775, 13.8567733765], [-581.996704102, 179.039031982, 8.83033275604, 116.702529907, 107.047729492, 34.328830719, 122.904022217, 66.6383514404, 227.785018921, 36.5818901062, 78.3535461426, -4.57206773758, 69.4114761353], [297.959655762, -145.770080566, 226.38079834, 57.162021637, 46.1129455566, 128.833297729, 26.045425415, 73.5129699707, 36.5818901062, 156.644622803, 5.93942785263, 37.0057296753, -14.87819767], [-580.422973633, 234.603393555, -159.299179077, -31.9969062805, 22.1341323853, -35.3887176514, 69.8915176392, -5.36588382721, 78.3535461426, 5.93942785263, 173.726577759, 1.83401632309, 67.7992401123], [90.8735198975, -171.897140503, 157.18711853, 59.7429504395, -10.2284870148, 43.7701644897, -16.7050266266, 46.3367881775, -4.57206773758, 37.0057296753, 1.83401632309, 119.520767212, 25.4107189178], [-530.998352051, 148.528610229, -56.2648506165, 1.69413208961, 24.1113166809, -40.5526046753, 25.0342197418, 13.8567733765, 69.4114761353, -14.87819767, 67.7992401123, 25.4107189178, 134.742752075]],
        "icov": [[0.000176870787982, -0.000280634063529, 0.000254331651377, -0.000436539907241, 0.0003887876519, -0.000456582172774, 0.000405032420531, -0.000474815780763, 0.00049128086539, -0.000450799823739, 0.000448356644483, -0.000143177923746, 0.000383190461434], [-0.000280634063529, 0.00198641978204, -0.000639639794827, 0.000862068554852, -0.00141263159458, 0.000955852970947, -0.00123381905723, 0.00130358128808, -0.000924224965274, 0.00187868380453, -0.00220661307685, 0.00207507750019, -0.00153535802383], [0.000254331651377, -0.000639639794827, 0.00157024792861, -0.00140649022069, 0.000587514427025, -0.00127803534269, 0.000933330040425, -0.00176685478073, 0.00131788849831, -0.00140915357042, 0.00139093003236, -0.000785321870353, 0.000512982660439], [-0.000436539907241, 0.000862068554852, -0.00140649022069, 0.00356177496724, -0.00137346750125, 0.000939258141443, -0.0014815106988, 0.00202297582291, -0.00271009886637, 0.00199601636268, -0.000842060777359, -0.000394532689825, -0.000592435244471], [0.0003887876519, -0.00141263159458, 0.000587514427025, -0.00137346750125, 0.00430985214189, -0.0019207901787, 0.00070715387119, -0.000995451002382, 0.00035216921242, -0.00169918173924, 0.0018387096934, -0.000509920006152, 0.000775518245064], [-0.000456582172774, 0.000955852970947, -0.00127803534269, 0.000939258141443, -0.0019207901787, 0.00509237684309, -0.00209906697273, 0.000429645966506, -0.000627423112746, -0.000187341633136, -0.00125546962954, 0.000571605050936, -0.000349856447428], [0.000405032420531, -0.00123381905723, 0.000933330040425, -0.0014815106988, 0.00070715387119, -0.00209906697273, 0.00569362519309, -0.00142344541382, -0.000389846682083, -0.00114898057655, 0.000309453491354, -0.000416074268287, 0.00169156037737], [-0.000474815780763, 0.00130358128808, -0.00176685478073, 0.00202297582291, -0.000995451002382, 0.000429645966506, -0.00142344541382, 0.00763340247795, -0.00348112895153, 0.00123336620163, -0.00139893044252, 5.1258671192e-06, -0.00165205448866], [0.00049128086539, -0.000924224965274, 0.00131788849831, -0.00271009886637, 0.00035216921242, -0.000627423112746, -0.000389846682083, -0.00348112895153, 0.0101476982236, -0.00348335597664, -0.000194070060388, 0.00138069537934, -0.00205704849213], [-0.000450799823739, 0.00187868380453, -0.00140915357042, 0.00199601636268, -0.00169918173924, -0.000187341633136, -0.00114898057655, 0.00123336620163, -0.00348335597664, 0.0117547996342, -0.00343569298275, -0.000711528584361, 0.000828683143482], [0.000448356644483, -0.00220661307685, 0.00139093003236, -0.000842060777359, 0.0018387096934, -0.00125546962954, 0.000309453491354, -0.00139893044252, -0.000194070060388, -0.00343569298275, 0.0114766350016, -0.00254125334322, -0.00140473607462], [-0.000143177923746, 0.00207507750019, -0.000785321870353, -0.000394532689825, -0.000509920006152, 0.000571605050936, -0.000416074268287, 5.1258671192e-06, 0.00138069537934, -0.000711528584361, -0.00254125334322, 0.013738591224, -0.00493657775223], [0.000383190461434, -0.00153535802383, 0.000512982660439, -0.000592435244471, 0.000775518245064, -0.000349856447428, 0.00169156037737, -0.00165205448866, -0.00205704849213, 0.000828683143482, -0.00140473607462, -0.00493657775223, 0.0132462605834]]
    },
    "melbands": {
        "dmean": [0.00340397446416, 0.00325763458386, 0.00204191869125, 0.000639345613308, 0.000230805584579, 0.000159855218953, 8.46718539833e-05, 9.21285318327e-05, 0.0001321714808, 0.000107084670162, 3.52411407221e-05, 5.20284665981e-05, 5.0228634791e-05, 3.76362586394e-05, 4.40731419076e-05, 5.51040284336e-05, 3.17972917401e-05, 4.81498464069e-05, 2.15799864236e-05, 1.42424605656e-05, 9.72993439063e-06, 8.09443190519e-06, 7.12422706783e-06, 6.57621967548e-06, 6.84831320541e-06, 6.76887111695e-06, 4.1106345634e-06, 4.53515713161e-06, 6.15094177192e-06, 4.24372046837e-06, 2.97931887872e-06, 4.14814121541e-06, 5.56381928618e-06, 4.30851378042e-06, 3.08648691316e-06, 2.29270835916e-06, 2.36097548623e-06, 1.94397034647e-06, 2.15156319427e-06, 2.15181057683e-06],
        "dmean2": [0.00446420768276, 0.00479407375678, 0.00317220133729, 0.00105724448804, 0.000368740002159, 0.000249198579695, 0.000134535715915, 0.000142727367347, 0.000196247521671, 0.000160169816809, 5.3391479014e-05, 8.14784871181e-05, 8.0931080447e-05, 6.09606722719e-05, 7.20831594663e-05, 9.23579500522e-05, 5.14404964633e-05, 7.70993065089e-05, 3.43638530467e-05, 2.276815394e-05, 1.57248832693e-05, 1.27442735902e-05, 1.14974736789e-05, 1.06210300146e-05, 1.14201984616e-05, 1.1142557014e-05, 6.65164361635e-06, 7.35222238291e-06, 1.06124980448e-05, 7.1216577453e-06, 4.7037819968e-06, 6.69962946631e-06, 9.59132285061e-06, 7.39526831239e-06, 5.11807274961e-06, 3.68831661035e-06, 3.80458845939e-06, 3.07066193272e-06, 3.31021988131e-06, 3.35973959409e-06],
        "dvar": [4.33230015915e-05, 3.62601931556e-05, 2.46738818532e-05, 2.2642661861e-06, 1.24709117699e-07, 8.36598559317e-08, 1.59939492761e-08, 2.40043220856e-08, 7.08990057774e-08, 5.11073352527e-08, 5.45854916822e-09, 1.24850467742e-08, 1.64936970748e-08, 6.39652730783e-09, 6.93931312412e-09, 9.91637616465e-09, 5.1141655355e-09, 1.91056628296e-08, 3.34686456327e-09, 1.33891997489e-09, 1.07313602449e-09, 5.51354240041e-10, 2.3262458626e-10, 1.94059504577e-10, 2.29616700653e-10, 2.27823440668e-10, 5.93580809505e-11, 8.87658002657e-11, 3.91466220551e-10, 1.05862318911e-10, 2.66507926838e-11, 1.24585064487e-10, 4.08555855813e-10, 2.28743565756e-10, 6.55899431989e-11, 1.93724532943e-11, 1.60002271848e-11, 1.02998911483e-11, 1.76175914135e-11, 1.55846238692e-11],
        "dvar2": [6.53491297271e-05, 7.93647850514e-05, 5.83185501455e-05, 5.94892935624e-06, 3.25157543557e-07, 1.97992690687e-07, 4.24841566371e-08, 5.58626460645e-08, 1.54900817506e-07, 1.10039415802e-07, 1.16710108244e-08, 2.82020593545e-08, 4.22789732113e-08, 1.52253747387e-08, 1.70522636012e-08, 2.70914366496e-08, 1.2399861582e-08, 4.56524134052e-08, 8.04971822532e-09, 2.90629120769e-09, 2.92050583717e-09, 1.31002841908e-09, 6.24736928856e-10, 5.00932073599e-10, 6.12285500079e-10, 6.24362839208e-10, 1.53322771146e-10, 2.29755645065e-10, 1.10549180921e-09, 2.88056717368e-10, 6.51044981814e-11, 3.38618411089e-10, 1.14658815775e-09, 6.39748032327e-10, 1.78651260452e-10, 5.01000248232e-11, 4.24145163436e-11, 2.54835631763e-11, 4.23613435996e-11, 3.77113305861e-11],
        "max": [0.0528371036053, 0.0690016746521, 0.0544219091535, 0.0148294325918, 0.00586727354676, 0.00600319588557, 0.00267947814427, 0.0037562281359, 0.00703406753018, 0.00563470739871, 0.00174229976255, 0.00278009357862, 0.00275053735822, 0.00184391310904, 0.00182302913163, 0.00133049709257, 0.00189896312077, 0.00371694727801, 0.00132496422157, 0.00130953639746, 0.0017140454147, 0.000711044878699, 0.000526606396306, 0.000241240297328, 0.000240743975155, 0.000357682496542, 0.000165044111782, 0.000141130236443, 0.000313305034069, 0.000130212196382, 7.49685277697e-05, 0.000174883753061, 0.000248284661211, 0.000179498107173, 0.00011349657143, 4.87888901262e-05, 4.30828295066e-05, 5.30051984242e-05, 8.46767434268e-05, 8.83695101948e-05],
        "mean": [0.00587349710986, 0.00547740980983, 0.00205196067691, 0.000663422513753, 0.000424547382863, 0.000295686069876, 0.0001494508615, 0.000194683452719, 0.000269392534392, 0.000192791660083, 6.4293439209e-05, 8.15646417323e-05, 8.49683128763e-05, 5.80258783884e-05, 7.27472943254e-05, 8.15793537186e-05, 4.73412692372e-05, 7.91176425992e-05, 3.45985281456e-05, 1.98628586077e-05, 1.49023981066e-05, 1.22787805594e-05, 1.22489409478e-05, 9.24958840187e-06, 9.34655327001e-06, 1.06311845229e-05, 6.57730242892e-06, 6.49100093142e-06, 6.89731314196e-06, 5.26870917383e-06, 4.42065720563e-06, 5.02066222907e-06, 5.89198634771e-06, 4.56806355942e-06, 3.93201116822e-06, 3.36924858857e-06, 3.48761932401e-06, 3.07895402329e-06, 3.04673017126e-06, 2.91168930744e-06],
        "median": [0.000657077296637, 0.00134017225355, 0.000453860266134, 0.000236604479142, 0.000228296266869, 0.000123387857457, 9.0402099886e-05, 0.000103146128822, 0.000111945948447, 6.71818124829e-05, 2.65371581918e-05, 2.3529799364e-05, 1.66329882632e-05, 2.26287775149e-05, 2.5621149689e-05, 3.31253977492e-05, 1.46309384945e-05, 1.49820352817e-05, 7.69009147916e-06, 7.36305992177e-06, 5.51195853404e-06, 4.25896314482e-06, 4.75386787002e-06, 4.64125650979e-06, 4.44980560133e-06, 4.58311205875e-06, 3.14242834065e-06, 3.33662728735e-06, 2.92906224786e-06, 2.29619672609e-06, 2.19262665269e-06, 2.0371003302e-06, 2.27068062486e-06, 1.90031073544e-06, 1.82798999049e-06, 1.66672339219e-06, 1.95086340682e-06, 1.74624915417e-06, 1.15570082926e-06, 1.12907559924e-06],
        "min": [1.86833560413e-24, 8.25226456179e-25, 1.06739289971e-24, 1.00122068318e-24, 1.91625811526e-24, 1.07327918257e-24, 2.01166946124e-24, 3.8170289188e-24, 1.34170261482e-24, 1.78942170626e-24, 2.08220881174e-24, 2.71528724033e-24, 2.89521103003e-24, 3.43131182931e-24, 3.80077286212e-24, 3.16705151189e-24, 5.10093238534e-24, 2.78338546076e-24, 3.97863338612e-24, 3.96295280347e-24, 3.86578841135e-24, 4.76305694875e-24, 4.60993825818e-24, 4.57266221383e-24, 4.94628843222e-24, 5.89320984714e-24, 4.45389447138e-24, 5.08721646078e-24, 5.79377708548e-24, 5.60906688225e-24, 5.49615643202e-24, 5.9500062546e-24, 6.23275056911e-24, 6.13490499559e-24, 6.13875384794e-24, 6.28745491744e-24, 6.72096475043e-24, 7.05866900421e-24, 6.41674843094e-24, 6.86207224486e-24],
        "var": [0.000115499162348, 7.36878573662e-05, 2.34539584199e-05, 1.77395065748e-06, 2.77493910517e-07, 2.77121444014e-07, 3.26775051462e-08, 6.62227890302e-08, 2.0792403177e-07, 1.35836771165e-07, 1.51744092847e-08, 2.75497171742e-08, 4.5953647998e-08, 1.32715722856e-08, 1.81667818566e-08, 1.74705085954e-08, 1.20399397119e-08, 4.94452230271e-08, 8.21565038223e-09, 2.38393615959e-09, 1.4256064107e-09, 9.86114745416e-10, 6.24765461588e-10, 2.14991066616e-10, 2.531262977e-10, 3.89233284492e-10, 1.13148296288e-10, 1.01208506853e-10, 2.6867735814e-10, 9.48992273653e-11, 3.80775203035e-11, 1.0406062817e-10, 2.72915690047e-10, 1.5483292426e-10, 5.58731186318e-11, 2.33078105427e-11, 2.06295241306e-11, 1.60768828805e-11, 2.54064356359e-11, 2.24181784247e-11]
    },
    "mfcc": {
        "mean": [-638.514404297, 103.288322449, 18.0614356995, 13.3341016769, 5.47987127304, 5.76214027405, 2.88223457336, -0.753111124039, -1.91582071781, 6.88220787048, 5.04557847977, 2.60876655579, -1.9866631031],
        "cov": [[7754.54931641, -271.264404297, 690.38885498, 311.679199219, 239.515655518, 522.93371582, 217.130508423, 191.470230103, 100.623573303, -31.7121295929, 70.483505249, -49.2339859009, -7.69781351089], [-271.264404297, 1342.89611816, -280.48815918, -29.4692058563, 59.2927436829, -50.9464302063, 106.337844849, -25.786075592, -45.7021980286, 96.4031448364, -1.4456602335, 12.429681778, -2.53676176071], [690.38885498, -280.48815918, 1576.94677734, 368.519805908, 389.859375, 327.992248535, 197.2081604, 228.83303833, 265.311828613, 72.2501983643, 93.8034057617, 132.140853882, 87.9609832764], [311.679199219, -29.4692058563, 368.519805908, 520.900817871, 171.848251343, 165.054611206, 45.299785614, 101.806999207, 129.655471802, 16.6444377899, 49.0601959229, 67.9103851318, 43.825969696], [239.515655518, 59.2927436829, 389.859375, 171.848251343, 444.06930542, 175.975906372, 90.2985992432, 102.109535217, 128.784103394, 73.6446533203, 20.581287384, 51.0204124451, 52.4614334106], [522.93371582, -50.9464302063, 327.992248535, 165.054611206, 175.975906372, 432.935424805, 151.958328247, 112.783714294, 115.800071716, 84.4935379028, 104.304840088, 19.47215271, 42.9414329529], [217.130508423, 106.337844849, 197.2081604, 45.299785614, 90.2985992432, 151.958328247, 219.589416504, 98.5072402954, 67.8917541504, 69.1945495605, 53.8800354004, 40.1335067749, 39.3480682373], [191.470230103, -25.786075592, 228.83303833, 101.806999207, 102.109535217, 112.783714294, 98.5072402954, 197.221755981, 112.806060791, 61.9816627502, 45.3373336792, 55.4030685425, 45.5713157654], [100.623573303, -45.7021980286, 265.311828613, 129.655471802, 128.784103394, 115.800071716, 67.8917541504, 112.806060791, 216.57510376, 84.4427719116, 55.181022644, 50.1957740784, 51.2415771484], [-31.7121295929, 96.4031448364, 72.2501983643, 16.6444377899, 73.6446533203, 84.4935379028, 69.1945495605, 61.9816627502, 84.4427719116, 172.035064697, 79.1866989136, 34.7691040039, 27.0845508575], [70.483505249, -1.4456602335, 93.8034057617, 49.0601959229, 20.581287384, 104.304840088, 53.8800354004, 45.3373336792, 55.181022644, 79.1866989136, 131.59703064, 49.6268386841, 27.2834625244], [-49.2339859009, 12.429681778, 132.140853882, 67.9103851318, 51.0204124451, 19.47215271, 40.1335067749, 55.4030685425, 50.1957740784, 34.7691040039, 49.6268386841, 124.200485229, 51.8268737793], [-7.69781351089, -2.53676176071, 87.9609832764, 43.825969696, 52.4614334106, 42.9414329529, 39.3480682373, 45.5713157654, 51.2415771484, 27.0845508575, 27.2834625244, 51.8268737793, 88.1772994995]],
