{
"lowlevel": {
    "average_loudness": 0.774645388126,
    "barkbands_crest": {
        "dmean": 3.10969877243,
        "dmean2": 4.58507490158,
        "dvar": 9.63913440704,
        "dvar2": 18.3813400269,
        "max": 26.8176727295,
        "mean": 12.7894287109,
        "median": 11.1410732269,
        "min": 2.06302332878,
        "var": 40.2026481628
    },
    "barkbands_flatness_db": {
        "dmean": 0.0315113402903,
        "dmean2": 0.0434622392058,
        "dvar": 0.00124442565721,
        "dvar2": 0.0022116266191,
        "max": 0.594443619251,
        "mean": 0.164860069752,
        "median": 0.145981639624,
        "min": 0.0262829530984,
        "var": 0.0059112966992
    },
    "barkbands_kurtosis": {
        "dmean": 13.1910791397,
        "dmean2": 19.0868988037,
        "dvar": 4532.58007812,
        "dvar2": 9510.04589844,
        "max": 4834.35449219,
        "mean": 19.4477500916,
        "median": 3.03812122345,
        "min": -1.93227446079,
        "var": 9596.671875
    },
    "barkbands_skewness": {
        "dmean": 0.989530622959,
        "dmean2": 1.37351882458,
        "dvar": 2.30439543724,
        "dvar2": 4.23751354218,
        "max": 60.5545310974,
        "mean": 2.53951358795,
        "median": 1.77684235573,
        "min": -5.31802511215,
        "var": 9.23852348328
    },
    "barkbands_spread": {
        "dmean": 8.032538414,
        "dmean2": 11.5564336777,
        "dvar": 103.133148193,
        "dvar2": 185.662368774,
        "max": 115.978240967,
        "mean": 24.7271366119,
        "median": 20.9215068817,
        "min": 0.0469309426844,
        "var": 341.896911621
    },
    "dissonance": {
        "dmean": 0.0187746323645,
        "dmean2": 0.0311766173691,
        "dvar": 0.000372921465896,
        "dvar2": 0.00098775443621,
        "max": 0.500000119209,
        "mean": 0.465447872877,
        "median": 0.473248869181,
        "min": 0.230716452003,
        "var": 0.000830326753203
    },
    "dynamic_complexity": 2.44828224182,
    "erbbands_crest": {
        "dmean": 2.79684209824,
        "dmean2": 4.51083803177,
        "dvar": 7.9922542572,
        "dvar2": 19.0411300659,
        "max": 33.4330024719,
        "mean": 8.32390594482,
        "median": 7.02788591385,
        "min": 1.97390651703,
        "var": 21.6221199036
    },
    "erbbands_flatness_db": {
        "dmean": 0.0178297013044,
        "dmean2": 0.026609653607,
        "dvar": 0.000399326410843,
        "dvar2": 0.000801549409516,
        "max": 0.459146767855,
        "mean": 0.136158168316,
        "median": 0.12704218924,
        "min": 0.0459959581494,
        "var": 0.00243052444421
    },
    "erbbands_kurtosis": {
        "dmean": 1.12374711037,
        "dmean2": 1.79211556911,
        "dvar": 6.8608379364,
        "dvar2": 16.3548183441,
        "max": 96.9981613159,
        "mean": 0.490076899529,
        "median": -0.323462963104,
        "min": -1.91772079468,
        "var": 10.4983348846
    },
    "erbbands_skewness": {
        "dmean": 0.410216003656,
        "dmean2": 0.622020304203,
        "dvar": 0.194337740541,
        "dvar2": 0.432921946049,
        "max": 9.04914951324,
        "mean": 0.28813496232,
        "median": 0.209478706121,
        "min": -4.48670625687,
        "var": 0.736973404884
    },
    "erbbands_spread": {
        "dmean": 11.3982362747,
        "dmean2": 17.3990421295,
        "dvar": 148.973831177,
        "dvar2": 331.431182861,
        "max": 196.097412109,
        "mean": 50.6522750854,
        "median": 47.3850440979,
        "min": 1.30143117905,
        "var": 642.578857422
    },
    "hfc": {
        "dmean": 10.8026075363,
        "dmean2": 15.5910606384,
        "dvar": 324.762390137,
        "dvar2": 671.637268066,
        "max": 289.112579346,
        "mean": 27.5549697876,
        "median": 19.633731842,
        "min": 1.09011472716e-16,
        "var": 685.456848145
    },
    "melbands_crest": {
        "dmean": 3.904484272,
        "dmean2": 5.89919185638,
        "dvar": 14.4190692902,
        "dvar2": 31.1189231873,
        "max": 35.0244293213,
        "mean": 17.0941371918,
        "median": 15.5371980667,
        "min": 1.58750629425,
        "var": 54.6485824585
    },
    "melbands_flatness_db": {
        "dmean": 0.0399119369686,
        "dmean2": 0.0521455295384,
        "dvar": 0.00194460432976,
        "dvar2": 0.00340676633641,
        "max": 0.708799064159,
        "mean": 0.214903816581,
        "median": 0.19493457675,
        "min": 0.00315435696393,
        "var": 0.00985193625093
    },
    "melbands_kurtosis": {
        "dmean": 23.4604206085,
        "dmean2": 34.9460868835,
        "dvar": 3399.50292969,
        "dvar2": 7312.63916016,
        "max": 2016.83032227,
        "mean": 41.0237503052,
        "median": 13.3691997528,
        "min": -1.90454161167,
        "var": 7941.69628906
    },
    "melbands_skewness": {
        "dmean": 1.29596245289,
        "dmean2": 1.89066886902,
        "dvar": 2.86079192162,
        "dvar2": 5.79123067856,
        "max": 31.0292663574,
        "mean": 4.10168886185,
        "median": 3.12943029404,
        "min": -3.2536740303,
        "var": 10.8993988037
    },
    "melbands_spread": {
        "dmean": 8.83745765686,
        "dmean2": 13.1264619827,
        "dvar": 154.226470947,
        "dvar2": 329.625549316,
        "max": 247.532684326,
        "mean": 21.7706336975,
        "median": 16.858417511,
        "min": 0.16273111105,
        "var": 390.657653809
    },
    "pitch_salience": {
        "dmean": 0.0928744599223,
        "dmean2": 0.139142021537,
        "dvar": 0.00952129438519,
        "dvar2": 0.0186458174139,
        "max": 0.942981719971,
        "mean": 0.476399302483,
        "median": 0.521277427673,
        "min": 0.0130353001878,
        "var": 0.034771066159
    },
    "silence_rate_20dB": {
        "dmean": 0,
        "dmean2": 0,
        "dvar": 0,
        "dvar2": 0,
        "max": 1,
        "mean": 1,
        "median": 1,
        "min": 1,
        "var": 0
    },
    "silence_rate_30dB": {
        "dmean": 0.0581097342074,
        "dmean2": 0.116222508252,
        "dvar": 0.0547484755516,
        "dvar2": 0.114253506064,
        "max": 1,
        "mean": 0.899160563946,
        "median": 1,
        "min": 0,
        "var": 0.0906886681914
    },
    "silence_rate_60dB": {
        "dmean": 0.0141220772639,
        "dmean2": 0.0282448939979,
        "dvar": 0.013922338374,
        "dvar2": 0.0349441953003,
        "max": 1,
        "mean": 0.0234838780016,
        "median": 0,
        "min": 0,
        "var": 0.0229305382818
    },
    "spectral_centroid": {
        "dmean": 314.753662109,
        "dmean2": 458.906494141,
        "dvar": 114719.101562,
        "dvar2": 226797.640625,
        "max": 11806.0703125,
        "mean": 1430.76416016,
        "median": 1335.07702637,
        "min": 76.0270233154,
        "var": 661032.875
    },
    "spectral_complexity": {
        "dmean": 5.14085483551,
        "dmean2": 7.72461223602,
        "dvar": 32.0375061035,
        "dvar2": 64.9505386353,
        "max": 63,
        "mean": 19.830827713,
        "median": 18,
        "min": 0,
        "var": 130.904571533
    },
    "spectral_decrease": {
        "dmean": 4.20324131056e-09,
        "dmean2": 5.88254156497e-09,
        "dvar": 3.42399271555e-17,
        "dvar2": 6.62588545139e-17,
        "max": 1.93962523222e-28,
        "mean": -1.19329559567e-08,
        "median": -8.02194488614e-09,
        "min": -7.69846479898e-08,
        "var": 1.24741258358e-16
    },
    "spectral_energy": {
        "dmean": 0.0162920616567,
        "dmean2": 0.0229054875672,
        "dvar": 0.000486427132273,
        "dvar2": 0.000947172346059,
        "max": 0.293191373348,
        "mean": 0.0475367680192,
        "median": 0.0334335118532,
        "min": 1.00111326936e-20,
        "var": 0.0018039480783
    },
    "spectral_energyband_high": {
        "dmean": 0.000903596286662,
        "dmean2": 0.00129427528009,
        "dvar": 3.45174112226e-06,
        "dvar2": 7.04111334926e-06,
        "max": 0.0308412946761,
        "mean": 0.0017071418697,
        "median": 0.000794993771706,
        "min": 7.17754230256e-21,
        "var": 6.49146886644e-06
    },
    "spectral_energyband_low": {
        "dmean": 0.0140132727101,
        "dmean2": 0.0194073989987,
        "dvar": 0.000593819888309,
        "dvar2": 0.00110638188198,
        "max": 0.290661513805,
        "mean": 0.0299015473574,
        "median": 0.0118706487119,
        "min": 4.97058810911e-24,
        "var": 0.0018629359547
    },
    "spectral_energyband_middle_high": {
        "dmean": 0.00224156002514,
        "dmean2": 0.00350998807698,
        "dvar": 1.05112412712e-05,
        "dvar2": 2.46726558544e-05,
        "max": 0.071725577116,
        "mean": 0.00520489132032,
        "median": 0.0034218095243,
        "min": 1.21716416158e-21,
        "var": 3.35129952873e-05
    },
    "spectral_energyband_middle_low": {
        "dmean": 0.00616944255307,
        "dmean2": 0.00955218449235,
        "dvar": 9.97243332677e-05,
        "dvar2": 0.000234275212279,
        "max": 0.143852114677,
        "mean": 0.0119921220466,
        "median": 0.00810059905052,
        "min": 1.52036808854e-22,
        "var": 0.000167529520695
    },
    "spectral_entropy": {
        "dmean": 0.194156199694,
        "dmean2": 0.278754502535,
        "dvar": 0.053342718631,
        "dvar2": 0.104478113353,
        "max": 9.82384681702,
        "mean": 7.75680112839,
        "median": 7.84255456924,
        "min": 4.73147678375,
        "var": 0.259109050035
    },
    "spectral_flux": {
        "dmean": 0.0379596427083,
        "dmean2": 0.0590495690703,
        "dvar": 0.00163162522949,
        "dvar2": 0.00370241352357,
        "max": 0.448442488909,
        "mean": 0.110283605754,
        "median": 0.0944616124034,
        "min": 6.38457758884e-11,
        "var": 0.00441538821906
    },
    "spectral_kurtosis": {
        "dmean": 1.24108171463,
        "dmean2": 2.00314974785,
        "dvar": 7.80617952347,
        "dvar2": 20.842880249,
        "max": 141.98677063,
        "mean": 3.14193272591,
        "median": 2.38835906982,
        "min": -1.45274496078,
        "var": 19.8758678436
    },
    "spectral_rms": {
        "dmean": 0.00114559719805,
        "dmean2": 0.00158447457943,
        "dvar": 1.51085532707e-06,
        "dvar2": 2.68770395451e-06,
        "max": 0.016912728548,
        "mean": 0.00619449140504,
        "median": 0.00571122206748,
        "min": 3.12521341271e-12,
        "var": 8.0061290646e-06
    },
    "spectral_rolloff": {
        "dmean": 807.111877441,
        "dmean2": 1263.02832031,
        "dvar": 2130382,
        "dvar2": 3947594,
        "max": 19315.2832031,
        "mean": 1589.04345703,
        "median": 882.861328125,
        "min": 64.599609375,
        "var": 4654508
    },
    "spectral_skewness": {
        "dmean": 0.199883326888,
        "dmean2": 0.307465046644,
        "dvar": 0.067887827754,
        "dvar2": 0.155728533864,
        "max": 9.60600948334,
        "mean": 1.36624324322,
        "median": 1.28066885471,
        "min": -0.183293715119,
        "var": 0.256821244955
    },
    "spectral_spread": {
        "dmean": 655506.8125,
        "dmean2": 976394.625,
        "dvar": 758958850048,
        "dvar2": 1.42473743565e+12,
        "max": 42227928,
        "mean": 5799892,
        "median": 5480142,
        "min": 535374.3125,
        "var": 6.13502628659e+12
    },
    "spectral_strongpeak": {
        "dmean": 0.451550871134,
        "dmean2": 0.751341998577,
        "dvar": 0.618586361408,
        "dvar2": 1.51803076267,
        "max": 18.5313129425,
        "mean": 0.836332678795,
        "median": 0.569544017315,
        "min": 0,
        "var": 1.05985796452
    },
    "zerocrossingrate": {
        "dmean": 0.0164561811835,
        "dmean2": 0.0174687895924,
        "dvar": 0.000406200182624,
        "dvar2": 0.000443257944426,
        "max": 0.5224609375,
        "mean": 0.0659512206912,
        "median": 0.05517578125,
        "min": 0.001953125,
        "var": 0.00260513788089
    },
    "barkbands": {
        "dmean": [0.000359992263839, 0.0112027805299, 0.00528532452881, 0.00207058875822, 0.00284111336805, 0.00189402338583, 0.000875840720255, 0.000589390634559, 0.000803510542028, 0.000636310141999, 0.000459088973003, 0.000573825906031, 0.00040660565719, 0.000366969034076, 0.000346626882674, 0.000288320006803, 0.000205517659197, 0.000153619839693, 0.000165997611475, 0.000172693602508, 0.000153366359882, 0.000153992732521, 0.000197425470105, 0.000177003079443, 0.000182549483725, 7.61623086873e-05, 1.95206562026e-09],
        "dmean2": [0.000495719199535, 0.0146156903356, 0.0084048807621, 0.0035943465773, 0.00488862209022, 0.00295670516789, 0.0014077561209, 0.000934744311962, 0.0012509728549, 0.00101659516804, 0.000730751256924, 0.000942631566431, 0.000667892862111, 0.000617593177594, 0.00057925604051, 0.000474581785966, 0.000341692968505, 0.000253147765761, 0.000272681791103, 0.000275518919807, 0.000242890819209, 0.000238790074945, 0.000302955479128, 0.000257252249867, 0.000259650580119, 0.000110199624032, 3.59814333883e-09],
        "dvar": [5.54387384e-07, 0.000401344615966, 0.000196721288376, 3.98471493099e-05, 4.44703291578e-05, 1.24664738905e-05, 2.7176988624e-06, 2.06625577448e-06, 4.15931526732e-06, 2.17182014239e-06, 1.93850064534e-06, 2.60015985987e-06, 7.88116665262e-07, 7.97339737346e-07, 6.49628248084e-07, 3.88784002325e-07, 2.00494795877e-07, 7.23561797145e-08, 7.07268128508e-08, 7.28066922306e-08, 5.99827458814e-08, 7.54306057615e-08, 1.88279130953e-07, 1.47783026705e-07, 2.55589441167e-07, 5.06319395299e-08, 8.06111495171e-18],
        "dvar2": [9.52346681515e-07, 0.000596509838942, 0.000478686444694, 0.000111259811092, 0.000124744648929, 2.89016479655e-05, 6.4723367359e-06, 4.72601823276e-06, 9.35558091442e-06, 5.07849154019e-06, 3.89246315535e-06, 5.98434462518e-06, 1.86163367744e-06, 2.0118352495e-06, 1.67136454365e-06, 9.40866641486e-07, 5.19857678682e-07, 1.81000856969e-07, 1.81275012778e-07, 1.79451177473e-07, 1.43293789279e-07, 1.71482810174e-07, 4.19571193788e-07, 2.88767523671e-07, 5.08775485741e-07, 1.06467823002e-07, 2.49033327865e-17],
        "max": [0.0116697801277, 0.258752167225, 0.146745711565, 0.0947601497173, 0.0947235450149, 0.139339014888, 0.0465278290212, 0.040618725121, 0.066015407443, 0.0418716929853, 0.0644779205322, 0.0697351172566, 0.0453202277422, 0.0413268618286, 0.0285956580192, 0.0336235500872, 0.0289870370179, 0.0095451567322, 0.00739515386522, 0.00542165711522, 0.00450232345611, 0.00465247919783, 0.00674216123298, 0.00861420948058, 0.00994076393545, 0.0047624623403, 2.71717510714e-08],
        "mean": [0.000545589718968, 0.023123472929, 0.00506702670828, 0.00194958632346, 0.00341100152582, 0.00316456798464, 0.00124003074598, 0.000806181167718, 0.00120026210789, 0.000895253266208, 0.000660254154354, 0.00078016781481, 0.00056719512213, 0.000470671919174, 0.000489499652758, 0.000428729865234, 0.00032213999657, 0.000256891304161, 0.000293390534353, 0.000316958437907, 0.000291394564556, 0.000277970655588, 0.000306887523038, 0.000294031720841, 0.000276209233562, 0.000101238467323, 1.58869783995e-09],
        "median": [0.000158079594257, 0.00688980473205, 0.00112934689969, 0.000517210690305, 0.00137747905683, 0.00125947373454, 0.000450600666227, 0.000225910378504, 0.000403381302021, 0.000258781568846, 0.000207698947634, 0.000252714555245, 0.000236441919697, 0.000193928426597, 0.000192350053112, 0.000181631869054, 0.000146258680616, 0.000127831532154, 0.000162247539265, 0.000178072732524, 0.000157930960995, 0.000121209406643, 0.000111640438263, 9.92241111817e-05, 6.34342504782e-05, 1.82993117051e-05, 5.7259608166e-10],
        "min": [1.00060103294e-25, 1.04452914688e-24, 8.01402511715e-25, 1.14384920004e-24, 7.10029561646e-24, 5.82564233289e-24, 8.27045322908e-24, 7.7928579044e-24, 1.42241576636e-23, 1.8261408937e-23, 1.64754925342e-23, 3.02994531719e-23, 2.45631422368e-23, 3.23475064759e-23, 4.05707503241e-23, 5.25975185812e-23, 4.19904822278e-23, 9.7150290449e-23, 1.55675552841e-22, 1.51569853685e-22, 2.40715162321e-22, 3.47278683827e-22, 3.87177097468e-22, 5.27161840873e-22, 8.49911418656e-22, 1.21766590236e-21, 2.00272361449e-21],
        "var": [1.10016196686e-06, 0.00145674683154, 0.00017262424808, 2.60121105384e-05, 4.10508946516e-05, 2.8897966331e-05, 5.47239642401e-06, 3.89747992813e-06, 7.90275043983e-06, 4.06574872613e-06, 4.2352512537e-06, 3.77171772925e-06, 1.55028385507e-06, 1.16187777621e-06, 1.1802347899e-06, 7.65732295349e-07, 4.96590871535e-07, 1.75624066401e-07, 1.64721882356e-07, 1.52964332756e-07, 1.4093185996e-07, 1.6342409026e-07, 2.80287480336e-07, 2.71958214171e-07, 4.03734645715e-07, 6.88030681317e-08, 6.81528334189e-18]
    },
    "erbbands": {
        "dmean": [0.385964423418, 2.53302001953, 6.19935417175, 6.45540428162, 7.15657758713, 10.2428846359, 11.4923391342, 17.805847168, 14.1582813263, 11.0759649277, 13.6332979202, 17.3288707733, 17.8238582611, 19.0268917084, 19.7177619934, 21.1494083405, 16.2758960724, 18.0725154877, 17.1756134033, 16.1310062408, 14.9491577148, 10.8541145325, 8.38144779205, 7.9928612709, 8.33473587036, 8.01557445526, 6.65639925003, 5.88910007477, 5.64084863663, 5.02390193939, 6.09281158447, 4.05365753174, 2.92927408218, 2.07074332237, 1.32790374756, 0.472622692585, 0.123448580503, 0.0085055148229, 0.000176778776222, 2.63159327005e-05],
        "dmean2": [0.445229142904, 3.46769213676, 9.50653171539, 10.5569906235, 12.2985019684, 17.6035480499, 18.6260128021, 27.5884284973, 22.4499912262, 17.6435337067, 21.378452301, 27.0667171478, 28.1768741608, 30.2686500549, 31.2535476685, 34.5114555359, 26.7780094147, 29.7987709045, 28.7382907867, 26.688495636, 24.4933433533, 18.014257431, 13.8140611649, 13.1442136765, 13.6241035461, 12.86652565, 10.6579675674, 9.2589673996, 8.77853107452, 7.82885122299, 9.39103317261, 5.97135210037, 4.30444717407, 3.02389431, 1.91065013409, 0.690880298615, 0.178199797869, 0.0125133572146, 0.000254732876783, 3.69517765648e-05],
        "dvar": [0.557735443115, 21.6063175201, 257.684814453, 305.067474365, 377.830413818, 582.744445801, 517.950439453, 1312.02392578, 709.057678223, 527.776733398, 1311.98449707, 2247.56884766, 1676.41308594, 1920.8548584, 3327.54541016, 3985.34912109, 1174.63745117, 2021.00219727, 1406.06005859, 1570.64453125, 1098.52490234, 453.018005371, 198.522491455, 182.735610962, 163.175689697, 168.967041016, 124.393966675, 92.140586853, 105.595863342, 88.6029281616, 202.543273926, 73.5698776245, 46.8152999878, 26.8305206299, 16.4574794769, 1.97220432758, 0.142290756106, 0.000642561877612, 2.65642427166e-07, 1.64241531486e-09],
        "dvar2": [0.779681563377, 33.4197616577, 617.940368652, 797.269836426, 1029.59924316, 1635.90478516, 1254.43225098, 3000.21948242, 1681.07751465, 1212.63769531, 3027.30541992, 5013.23193359, 3871.17529297, 4491.32128906, 6443.51953125, 9424.23632812, 2922.9909668, 4913.21826172, 3699.73828125, 3988.31884766, 2621.12792969, 1211.08288574, 509.6144104, 468.59854126, 419.144836426, 419.68737793, 312.841094971, 210.189849854, 243.774871826, 205.761947632, 460.945953369, 150.641159058, 91.4856567383, 51.9354782104, 34.6637420654, 4.23744821548, 0.29276612401, 0.00138526561204, 5.58803264994e-07, 3.43503603339e-09],
        "max": [12.2781085968, 60.4368209839, 192.515045166, 269.779968262, 316.951507568, 462.914276123, 719.637817383, 1517.234375, 670.015258789, 769.068054199, 1218.78674316, 2062.56054688, 1595.6270752, 1588.04931641, 3108.72998047, 3133.52661133, 1568.72094727, 2269.39819336, 1343.0826416, 1679.48742676, 2183.45385742, 963.110107422, 407.42565918, 542.705688477, 316.80279541, 269.923980713, 259.676483154, 185.829101562, 182.708786011, 137.740539551, 252.501663208, 163.824569702, 187.688034058, 99.5126876831, 86.3631439209, 29.5388584137, 8.15702438354, 0.532694041729, 0.0103977508843, 0.000739395734854],
        "mean": [0.718574106693, 4.93290710449, 6.7369351387, 6.63127326965, 7.58798599243, 12.163848877, 17.4939632416, 28.9930076599, 22.1140842438, 16.0649356842, 20.217830658, 26.2304439545, 26.2449169159, 29.0297698975, 29.5062046051, 30.0286655426, 23.7535419464, 25.481464386, 25.1594181061, 24.180273056, 24.166053772, 18.077003479, 14.7015447617, 14.2599687576, 15.2378416061, 14.6511106491, 12.7415857315, 11.0310297012, 10.0584173203, 8.65624713898, 9.0849571228, 6.64266109467, 4.71765613556, 3.22259020805, 1.86025249958, 0.659664273262, 0.15756380558, 0.0103673590347, 0.000248625554377, 7.11507818778e-05],
        "median": [0.225565075874, 1.33764183521, 2.17574310303, 1.95552492142, 2.86783146858, 4.3444981575, 6.63022518158, 10.7985725403, 9.09976291656, 6.19833707809, 6.71354150772, 9.03335189819, 10.1198616028, 11.2803411484, 11.9052886963, 11.3662786484, 10.7633161545, 11.4493618011, 11.3894891739, 10.6018610001, 10.6547584534, 9.03782081604, 7.8387928009, 7.72382545471, 8.78179550171, 8.21715545654, 6.90805006027, 5.86135149002, 4.57687234879, 3.53866672516, 3.17499613762, 2.30304813385, 1.48025393486, 0.842656672001, 0.372510701418, 0.119266755879, 0.0269118435681, 0.00168458605185, 7.24963392713e-05, 5.31908299308e-05],
        "min": [2.61069382952e-23, 3.53177141966e-22, 1.49156991971e-21, 3.2206808274e-21, 1.10783402788e-20, 2.59575738568e-20, 4.51622939931e-20, 4.04334381404e-20, 1.05849779344e-19, 1.91373068551e-19, 2.88531971392e-19, 3.31493302565e-19, 4.18493341809e-19, 8.78313816094e-19, 1.04812975655e-18, 1.47048797052e-18, 1.77972416925e-18, 1.59328510381e-18, 2.26063146775e-18, 3.20806263468e-18, 3.483882908e-18, 3.4060348726e-18, 7.2364878457e-18, 6.72464585345e-18, 7.77066867758e-18, 7.44467845254e-18, 8.4171483766e-18, 1.27457961026e-17, 1.08190368572e-17, 1.09272155377e-17, 1.21999677405e-17, 1.10682870553e-17, 8.4858531711e-18, 8.34194607839e-18, 5.64347240278e-18, 3.94215833815e-18, 2.35525679393e-18, 9.87075969128e-19, 2.41911865273e-19, 2.81191712808e-20],
        "var": [1.75685226917, 70.1159515381, 257.525878906, 236.858154297, 274.825164795, 604.462402344, 1037.71777344, 2898.90209961, 1450.47094727, 1022.19702148, 2394.66113281, 4474.80371094, 3061.81787109, 3747.88378906, 7133.66455078, 5409.89599609, 2122.69677734, 3661.75561523, 2317.64916992, 2879.47729492, 2891.39111328, 1045.93334961, 507.529968262, 430.522399902, 363.731903076, 336.338531494, 282.830780029, 211.419692993, 214.532867432, 171.55406189, 272.233856201, 131.23223877, 79.3542556763, 44.9421691895, 23.1466693878, 2.76533412933, 0.191386237741, 0.000799690547865, 3.50409152361e-07, 3.82617892924e-09]
    },
    "gfcc": {
        "mean": [15.7508029938, 79.3674621582, -106.253417969, 42.6379852295, -60.9881210327, 26.7786045074, -37.1236801147, 14.1202535629, -23.2852611542, 8.91729831696, -10.2927350998, 4.17097759247, -3.96393609047],
        "cov": [[8600.79101562, -919.360229492, -115.905418396, 346.769927979, -448.809448242, 270.512939453, -408.878387451, 151.618743896, -372.500946045, 176.81439209, -384.290496826, 144.312164307, -295.039489746], [-919.360229492, 1508.40380859, -144.148086548, -87.8572921753, 247.936431885, -173.882949829, 277.632904053, -119.787475586, 166.387893677, -136.15637207, 173.189559937, -140.519058228, 183.624633789], [-115.905418396, -144.148086548, 1198.85083008, 301.255096436, 171.407913208, 205.510101318, 50.261013031, 124.025039673, 4.73758506775, 81.3791656494, -54.4902153015, 67.005859375, -96.7177047729], [346.769927979, -87.8572921753, 301.255096436, 480.182342529, 212.028182983, 117.282974243, 68.5853500366, 87.7903747559, 73.9417953491, 24.6149864197, 2.11007118225, 27.2672538757, -9.99362373352], [-448.809448242, 247.936431885, 171.407913208, 212.028182983, 512.51348877, 165.70324707, 211.168060303, 80.3896255493, 126.15271759, 25.5350475311, 52.663608551, 3.05485606194, 35.4448242188], [270.512939453, -173.882949829, 205.510101318, 117.282974243, 165.70324707, 285.739654541, 109.052566528, 71.3226547241, 24.2320384979, 55.3090896606, -7.71945858002, 22.8239097595, -26.7575321198], [-408.878387451, 277.632904053, 50.261013031, 68.5853500366, 211.168060303, 109.052566528, 291.300689697, 76.7945098877, 110.907485962, 25.4424285889, 84.1090545654, -7.38787555695, 64.5407333374], [151.618743896, -119.787475586, 124.025039673, 87.7903747559, 80.3896255493, 71.3226547241, 76.7945098877, 180.686065674, 75.8471755981, 46.4119186401, 13.3278875351, 43.2247428894, 1.48776578903], [-372.500946045, 166.387893677, 4.73758506775, 73.9417953491, 126.15271759, 24.2320384979, 110.907485962, 75.8471755981, 195.215637207, 34.9542236328, 80.5781555176, 13.7890167236, 50.0155525208], [176.81439209, -136.15637207, 81.3791656494, 24.6149864197, 25.5350475311, 55.3090896606, 25.4424285889, 46.4119186401, 34.9542236328, 141.442550659, 28.7296009064, 48.4054069519, -2.54956436157], [-384.290496826, 173.189559937, -54.4902153015, 2.11007118225, 52.663608551, -7.71945858002, 84.1090545654, 13.3278875351, 80.5781555176, 28.7296009064, 144.655288696, 24.8243675232, 66.0380935669], [144.312164307, -140.519058228, 67.005859375, 27.2672538757, 3.05485606194, 22.8239097595, -7.38787555695, 43.2247428894, 13.7890167236, 48.4054069519, 24.8243675232, 117.381378174, 15.9174051285], [-295.039489746, 183.624633789, -96.7177047729, -9.99362373352, 35.4448242188, -26.7575321198, 64.5407333374, 1.48776578903, 50.0155525208, -2.54956436157, 66.0380935669, 15.9174051285, 128.55909729]],
        "icov": [[0.000253154430538, -0.000380540819606, 0.000304105138639, -0.000453554472188, 0.000408129533753, -0.000595110817812, 0.000421915930929, -0.000599013001192, 0.000572763907257, -0.000583280576393, 0.000572571530938, -0.000486020755488, 0.00040843480383], [-0.000380540819606, 0.00251920404844, -0.000888830109034, 0.00120104197413, -0.00140993215609, 0.00243608700112, -0.00216232659295, 0.00243141176179, -0.00179686537012, 0.00210606353357, -0.00169460987672, 0.0021822117269, -0.00175259227399], [0.000304105138639, -0.000888830109034, 0.00164334487636, -0.0012001725845, 0.000572704477236, -0.00137244153302, 0.000719171657693, -0.00134203652851, 0.00115718634333, -0.0012488636421, 0.00110911973752, -0.00135719415266, 0.00144475419074], [-0.000453554472188, 0.00120104197413, -0.0012001725845, 0.00400687055662, -0.00190537248272, 0.00110050663352, -0.000625212152954, 0.00093669781927, -0.00196305848658, 0.0017478808295, -0.00107249536086, 0.00108348636422, -0.00107524567284], [0.000408129533753, -0.00140993215609, 0.000572704477236, -0.00190537248272, 0.00460344552994, -0.00268177175894, -0.000382991565857, -0.00117560126819, 0.000168725688127, -0.00107359932736, 0.0014334328007, -0.00127200293355, 0.000945970008615], [-0.000595110817812, 0.00243608700112, -0.00137244153302, 0.00110050663352, -0.00268177175894, 0.00843259878457, -0.00416617281735, 0.00208135624416, -0.00108134979382, 0.000842712528538, -0.000998940668069, 0.00163333804812, -0.00048198751756], [0.000421915930929, -0.00216232659295, 0.000719171657693, -0.000625212152954, -0.000382991565857, -0.00416617281735, 0.0093213794753, -0.00403227703646, 0.000768885074649, -0.00172892189585, -0.000966255494859, 0.000446021091193, -0.000737546070013], [-0.000599013001192, 0.00243141176179, -0.00134203652851, 0.00093669781927, -0.00117560126819, 0.00208135624416, -0.00403227703646, 0.0114306546748, -0.00512750726193, 0.00151298602577, -9.15804703254e-05, -0.000508102413733, -0.00100022717379], [0.000572763907257, -0.00179686537012, 0.00115718634333, -0.00196305848658, 0.000168725688127, -0.00108134979382, 0.000768885074649, -0.00512750726193, 0.01120225247, -0.00299698882736, -0.00173681182787, -0.000706415157765, 0.000562703527976], [-0.000583280576393, 0.00210606353357, -0.0012488636421, 0.0017478808295, -0.00107359932736, 0.000842712528538, -0.00172892189585, 0.00151298602577, -0.00299698882736, 0.0116777643561, -0.0035285979975, -0.000905376917217, -0.00050634884974], [0.000572571530938, -0.00169460987672, 0.00110911973752, -0.00107249536086, 0.0014334328007, -0.000998940668069, -0.000966255494859, -9.15804703254e-05, -0.00173681182787, -0.0035285979975, 0.0140517298132, -0.00406327238306, -0.00174069835339], [-0.000486020755488, 0.0021822117269, -0.00135719415266, 0.00108348636422, -0.00127200293355, 0.00163333804812, 0.000446021091193, -0.000508102413733, -0.000706415157765, -0.000905376917217, -0.00406327238306, 0.0140534797683, -0.00409244606271], [0.00040843480383, -0.00175259227399, 0.00144475419074, -0.00107524567284, 0.000945970008615, -0.00048198751756, -0.000737546070013, -0.00100022717379, 0.000562703527976, -0.00050634884974, -0.00174069835339, -0.00409244606271, 0.013415100053]]
    },
    "melbands": {
        "dmean": [0.00321197370067, 0.00306465779431, 0.00104642333463, 0.000631431117654, 0.000407165091019, 0.000382417463697, 0.000207500852412, 0.000121262062748, 0.00011701391486, 0.000111344030302, 9.21182800084e-05, 8.16613683128e-05, 6.42885133857e-05, 7.3515191616e-05, 4.26204278483e-05, 3.75739255105e-05, 3.47530622093e-05, 2.98096274491e-05, 2.60369379248e-05, 2.03660820262e-05, 1.78241971298e-05, 1.19889537018e-05, 9.52478330873e-06, 7.60335979066e-06, 6.91242712492e-06, 7.04151852915e-06, 6.65742709316e-06, 5.41038116353e-06, 4.51711957794e-06, 3.97350277126e-06, 3.65233699995e-06, 3.37081746693e-06, 3.08576773023e-06, 2.8674458008e-06, 3.87890440834e-06, 3.03666524815e-06, 2.35585366681e-06, 2.14114311348e-06, 1.81696157142e-06, 1.83177428426e-06],
        "dmean2": [0.00383277772926, 0.00442583300173, 0.00164572009817, 0.00109527329914, 0.000665547908284, 0.000593209464569, 0.000327997113345, 0.000192385981791, 0.000183272466529, 0.000173641150468, 0.000145819794852, 0.000130026019178, 0.000101936202554, 0.000120036362205, 6.99133379385e-05, 6.16285178694e-05, 5.75893245696e-05, 5.00855276186e-05, 4.34706234955e-05, 3.36017401423e-05, 2.94382589345e-05, 1.99671139853e-05, 1.59068549692e-05, 1.2571113075e-05, 1.14839995149e-05, 1.16674618766e-05, 1.08174936031e-05, 8.82823678694e-06, 7.28650320525e-06, 6.43908424536e-06, 5.79261268285e-06, 5.33779484613e-06, 4.79136133436e-06, 4.55729650639e-06, 6.06117646385e-06, 4.65751736556e-06, 3.50025266016e-06, 3.2029306567e-06, 2.71498379334e-06, 2.71918906947e-06],
        "dvar": [3.33104217134e-05, 4.51546147815e-05, 7.03497835275e-06, 2.53845632869e-06, 6.18254432538e-07, 5.57484156616e-07, 1.42293956173e-07, 6.28093914656e-08, 1.05458688893e-07, 8.66103420094e-08, 4.4265917154e-08, 3.70685100393e-08, 3.64023513555e-08, 4.40882459429e-08, 9.65628998983e-09, 8.52977866117e-09, 7.86355247584e-09, 4.71658445633e-09, 4.44567893609e-09, 1.99143479485e-09, 1.8539951796e-09, 6.50862863605e-10, 3.44507200545e-10, 1.78154463404e-10, 1.47468301459e-10, 1.48288548107e-10, 1.15658600752e-10, 8.109871108e-11, 5.91722851273e-11, 4.30391486339e-11, 3.89751841912e-11, 3.6798356029e-11, 3.15761097824e-11, 3.1110801435e-11, 8.43186145905e-11, 4.36198611953e-11, 2.3784575004e-11, 2.41029245174e-11, 1.84688167537e-11, 2.19760060843e-11],
        "dvar2": [4.77868488815e-05, 9.81809498626e-05, 1.74382821569e-05, 7.10054246156e-06, 1.55644238475e-06, 1.27965165575e-06, 3.35515210281e-07, 1.42244530821e-07, 2.39074950059e-07, 1.94019719402e-07, 1.02395830481e-07, 8.64273062007e-08, 7.00563802525e-08, 1.03067463897e-07, 2.40995579048e-08, 2.02423358076e-08, 1.92611100402e-08, 1.23986065859e-08, 1.13704325955e-08, 5.03060215706e-09, 4.3211008105e-09, 1.7084953452e-09, 9.36232535942e-10, 4.48942577558e-10, 3.84779874629e-10, 3.89154208857e-10, 2.90399149172e-10, 2.09628175929e-10, 1.50934001408e-10, 1.07252547121e-10, 9.04803246216e-11, 8.68232846729e-11, 7.25481064112e-11, 7.45861705731e-11, 1.96537536246e-10, 9.45464609381e-11, 4.94630170156e-11, 4.90489211746e-11, 3.72154078387e-11, 4.27925889168e-11],
        "max": [0.0873325243592, 0.0883078575134, 0.039932411164, 0.0242768209428, 0.021596133709, 0.0308493655175, 0.00880982168019, 0.00816461909562, 0.0123504856601, 0.0131467487663, 0.00788707751781, 0.00661876797676, 0.00979523360729, 0.00944621674716, 0.00406678533182, 0.00589289097115, 0.00415956322104, 0.00217317929491, 0.00262188306078, 0.00120233441703, 0.00338709843345, 0.00146571570076, 0.0006300045643, 0.000446238758741, 0.000472944928333, 0.00038308929652, 0.000235126964981, 0.000222524817218, 0.000194390770048, 0.00018664104573, 0.000127688937937, 0.000109088578029, 0.00012190273992, 7.95058949734e-05, 0.000173654640093, 0.000137817754876, 0.000101794146758, 0.000143232042319, 0.000120901728224, 9.51869951678e-05],
        "mean": [0.00648323819041, 0.00467666005716, 0.00117196794599, 0.000700874545146, 0.00061591778649, 0.00063431437593, 0.000322822510498, 0.000173825625097, 0.000172754967934, 0.000164828074048, 0.000132742643473, 0.000120564654935, 9.48794695432e-05, 9.8972057458e-05, 5.92262767896e-05, 5.15670835739e-05, 4.60319024569e-05, 4.06205508625e-05, 3.59886798833e-05, 2.90161915473e-05, 2.76271985058e-05, 1.86000143003e-05, 1.5019842067e-05, 1.2272161257e-05, 1.12396510303e-05, 1.18710859169e-05, 1.08814347186e-05, 9.26076336327e-06, 8.04419596534e-06, 7.06248783899e-06, 6.25518441666e-06, 5.70631573282e-06, 5.20536059412e-06, 4.64549657408e-06, 5.4748356888e-06, 4.57844998891e-06, 3.81470681532e-06, 3.34642413691e-06, 2.836126896e-06, 2.72325064543e-06],
        "median": [0.00199074135162, 0.00160487112589, 0.000392298359657, 0.00027551225503, 0.000241458037635, 0.000245822273428, 0.000135077192681, 6.11096402281e-05, 5.29292228748e-05, 5.51138837181e-05, 4.71595849376e-05, 4.24059689976e-05, 3.50686750608e-05, 3.05621870211e-05, 2.28846620303e-05, 2.10006583075e-05, 1.91460258065e-05, 1.63213771884e-05, 1.36743174153e-05, 1.20612903629e-05, 1.13843461804e-05, 8.50587821333e-06, 7.35154662834e-06, 6.11835457676e-06, 5.72755971007e-06, 6.15959424977e-06, 5.93166942053e-06, 4.98310237163e-06, 4.1633265937e-06, 3.62456125913e-06, 3.04694390252e-06, 2.49065965363e-06, 2.08575966099e-06, 1.82093185686e-06, 1.82799294635e-06, 1.55966381499e-06, 1.28892554585e-06, 1.05130175143e-06, 8.11211805285e-07, 6.62551769892e-07],
        "min": [2.62492554092e-25, 9.73380204118e-25, 8.2377243762e-25, 1.88754811426e-24, 1.5844059275e-24, 1.17281814463e-24, 2.13113928989e-24, 1.59203628321e-24, 2.63035709477e-24, 1.95675192325e-24, 1.90688841986e-24, 3.25404926188e-24, 2.88283636622e-24, 3.15688980014e-24, 3.40514649638e-24, 2.58806152848e-24, 2.31856218856e-24, 2.71028901764e-24, 3.33358142949e-24, 3.29073977423e-24, 4.28727718744e-24, 3.18384695221e-24, 4.70520780641e-24, 4.8839502769e-24, 4.98826372098e-24, 5.13160448063e-24, 3.57832197546e-24, 4.8444393896e-24, 4.40828016726e-24, 4.66620218453e-24, 6.47317170719e-24, 5.6024605666e-24, 5.91276925886e-24, 4.9092032922e-24, 6.63489292593e-24, 5.87056717258e-24, 6.69901706233e-24, 4.94270582041e-24, 5.25462339449e-24, 6.01696674038e-24],
        "var": [0.000121849094285, 7.29843450245e-05, 6.17525938651e-06, 2.05048672797e-06, 1.20597599107e-06, 1.26426573388e-06, 2.98677548471e-07, 1.25154286934e-07, 1.90872668782e-07, 1.6999085517e-07, 8.02498618668e-08, 7.14923089618e-08, 7.98989177042e-08, 6.76804319255e-08, 1.5800457831e-08, 1.64883822151e-08, 1.31151516314e-08, 7.41261363402e-09, 8.33323188232e-09, 3.15443493548e-09, 5.41361355744e-09, 1.55084889375e-09, 6.65743238315e-10, 4.01581767839e-10, 3.01488417564e-10, 3.16518200538e-10, 2.01866676153e-10, 1.48041204295e-10, 1.23466847857e-10, 9.38787450555e-11, 7.83673473337e-11, 7.27946800061e-11, 6.75029893094e-11, 5.42338882137e-11, 1.06826478219e-10, 6.55202628264e-11, 4.37920290308e-11, 3.98250599165e-11, 3.07496320073e-11, 3.54681041481e-11]
    },
    "mfcc": {
        "mean": [-625.163024902, 103.450965881, 14.7428064346, 21.1815547943, 6.6299366951, 10.046172142, 5.22709655762, 3.97428750992, 0.982943117619, 3.88282036781, -1.59297633171, 2.19317579269, 2.97935795784],
        "cov": [[5858.27490234, -770.106079102, -89.3434448242, -71.1571731567, -119.237136841, 19.5509033203, -132.870544434, -75.7658004761, -63.87865448, -69.2333526611, -55.7392959595, -81.3005599976, -78.3541564941], [-770.106079102, 1304.50341797, -129.518539429, 73.5385665894, -19.9449329376, 7.9128575325, 106.85559845, 3.74443364143, 52.52759552, 26.3968238831, -5.97191762924, 18.8878002167, 12.6325721741], [-89.3434448242, -129.518539429, 851.612792969, 141.941055298, 132.79473877, 88.7924499512, 38.1635818481, 60.313949585, 19.493473053, 8.0109205246, 60.7589912415, 5.50916385651, 16.1546554565], [-71.1571731567, 73.5385665894, 141.941055298, 383.552337646, 174.641845703, 83.2737731934, 66.608833313, 89.450630188, 88.6659393311, 25.2596225739, 50.7946090698, 54.1072044373, 45.4000968933], [-119.237136841, -19.9449329376, 132.79473877, 174.641845703, 314.362213135, 140.829116821, 80.8174743652, 111.389312744, 79.3550186157, 42.3516807556, 61.8964653015, 35.6699447632, 37.6409111023], [19.5509033203, 7.9128575325, 88.7924499512, 83.2737731934, 140.829116821, 261.671234131, 127.221870422, 72.8902206421, 73.2544555664, 44.842010498, 62.516330719, 26.5588912964, 28.1286907196], [-132.870544434, 106.85559845, 38.1635818481, 66.608833313, 80.8174743652, 127.221870422, 216.402069092, 81.8253555298, 76.7769165039, 51.1732673645, 45.0377006531, 31.979719162, 25.4148426056], [-75.7658004761, 3.74443364143, 60.313949585, 89.450630188, 111.389312744, 72.8902206421, 81.8253555298, 188.715606689, 88.3790969849, 43.6762924194, 58.7476348877, 40.2070198059, 37.9551734924], [-63.87865448, 52.52759552, 19.493473053, 88.6659393311, 79.3550186157, 73.2544555664, 76.7769165039, 88.3790969849, 153.43321228, 63.1836471558, 49.4504585266, 37.6469650269, 37.3783111572], [-69.2333526611, 26.3968238831, 8.0109205246, 25.2596225739, 42.3516807556, 44.842010498, 51.1732673645, 43.6762924194, 63.1836471558, 111.331176758, 53.6145210266, 26.7093753815, 20.1232852936], [-55.7392959595, -5.97191762924, 60.7589912415, 50.7946090698, 61.8964653015, 62.516330719, 45.0377006531, 58.7476348877, 49.4504585266, 53.6145210266, 115.996757507, 54.4396858215, 32.8092346191], [-81.3005599976, 18.8878002167, 5.50916385651, 54.1072044373, 35.6699447632, 26.5588912964, 31.979719162, 40.2070198059, 37.6469650269, 26.7093753815, 54.4396858215, 100.013366699, 56.8930702209], [-78.3541564941, 12.6325721741, 16.1546554565, 45.4000968933, 37.6409111023, 28.1286907196, 25.4148426056, 37.9551734924, 37.3783111572, 20.1232852936, 32.8092346191, 56.8930702209, 98.7928314209]],
