{
"lowlevel": {
    "average_loudness": 0.708697617054,
    "barkbands_crest": {
        "dmean": 2.78978633881,
        "dmean2": 3.93700408936,
        "dvar": 8.23042583466,
        "dvar2": 14.8483009338,
        "max": 26.7236289978,
        "mean": 12.5716466904,
        "median": 11.1198368073,
        "min": 2.34613084793,
        "var": 36.249382019
    },
    "barkbands_flatness_db": {
        "dmean": 0.0261203870177,
        "dmean2": 0.0336544178426,
        "dvar": 0.00066552835051,
        "dvar2": 0.00115384126548,
        "max": 0.587165176868,
        "mean": 0.170935213566,
        "median": 0.15691998601,
        "min": 0.0263083595783,
        "var": 0.00723011093214
    },
    "barkbands_kurtosis": {
        "dmean": 13.6673669815,
        "dmean2": 18.5979557037,
        "dvar": 3800.92651367,
        "dvar2": 7143.9609375,
        "max": 2194.00488281,
        "mean": 21.4708690643,
        "median": 4.35406541824,
        "min": -1.8201444149,
        "var": 7660.4921875
    },
    "barkbands_skewness": {
        "dmean": 0.875503897667,
        "dmean2": 1.15221750736,
        "dvar": 2.15610980988,
        "dvar2": 3.44293999672,
        "max": 39.4631156921,
        "mean": 2.74481987953,
        "median": 1.98868203163,
        "min": -2.18415546417,
        "var": 9.09278869629
    },
    "barkbands_spread": {
        "dmean": 5.52104187012,
        "dmean2": 7.41042852402,
        "dvar": 52.5999145508,
        "dvar2": 91.8137893677,
        "max": 101.325408936,
        "mean": 19.2387218475,
        "median": 14.7616262436,
        "min": 0.0422667637467,
        "var": 265.438720703
    },
    "dissonance": {
        "dmean": 0.0220008157194,
        "dmean2": 0.0374329797924,
        "dvar": 0.000474963890156,
        "dvar2": 0.00132574199233,
        "max": 0.500000119209,
        "mean": 0.456920236349,
        "median": 0.464770048857,
        "min": 0.205801337957,
        "var": 0.00100119179115
    },
    "dynamic_complexity": 4.12679862976,
    "erbbands_crest": {
        "dmean": 2.36894536018,
        "dmean2": 3.75647521019,
        "dvar": 5.51780080795,
        "dvar2": 12.6377573013,
        "max": 31.9901599884,
        "mean": 8.45593166351,
        "median": 7.18861722946,
        "min": 1.97820484638,
        "var": 20.5775318146
    },
    "erbbands_flatness_db": {
        "dmean": 0.0152414580807,
        "dmean2": 0.0230080317706,
        "dvar": 0.000250562472502,
        "dvar2": 0.000527903961483,
        "max": 0.429840862751,
        "mean": 0.142324239016,
        "median": 0.128920868039,
        "min": 0.0448225811124,
        "var": 0.00317654153332
    },
    "erbbands_kurtosis": {
        "dmean": 1.0029566288,
        "dmean2": 1.57549118996,
        "dvar": 4.25559711456,
        "dvar2": 9.64508914948,
        "max": 74.8102035522,
        "mean": 0.587902843952,
        "median": -0.107306241989,
        "min": -1.78392016888,
        "var": 7.58767127991
    },
    "erbbands_skewness": {
        "dmean": 0.367397516966,
        "dmean2": 0.542525351048,
        "dvar": 0.124405391514,
        "dvar2": 0.285912632942,
        "max": 6.92745256424,
        "mean": 0.476502358913,
        "median": 0.412560939789,
        "min": -2.64476156235,
        "var": 0.514225959778
    },
    "erbbands_spread": {
        "dmean": 10.0013837814,
        "dmean2": 15.0739564896,
        "dvar": 133.976776123,
        "dvar2": 290.200958252,
        "max": 144.828338623,
        "mean": 45.7297973633,
        "median": 42.5966911316,
        "min": 1.64006376266,
        "var": 561.598388672
    },
    "hfc": {
        "dmean": 8.08118247986,
        "dmean2": 11.3908138275,
        "dvar": 184.746185303,
        "dvar2": 408.472930908,
        "max": 159.23223877,
        "mean": 17.0068817139,
        "median": 9.49576759338,
        "min": 1.08606107893e-16,
        "var": 404.279022217
    },
    "melbands_crest": {
        "dmean": 3.57172226906,
        "dmean2": 5.40758609772,
        "dvar": 12.7226161957,
        "dvar2": 27.9888000488,
        "max": 35.8504638672,
        "mean": 17.444568634,
        "median": 16.1047382355,
        "min": 1.72406244278,
        "var": 51.2991409302
    },
    "melbands_flatness_db": {
        "dmean": 0.0320186764002,
        "dmean2": 0.0406484752893,
        "dvar": 0.00092723389389,
        "dvar2": 0.00170561228879,
        "max": 0.738140702248,
        "mean": 0.253983169794,
        "median": 0.242308750749,
        "min": 0.00387074658647,
        "var": 0.010016174987
    },
    "melbands_kurtosis": {
        "dmean": 19.1665821075,
        "dmean2": 27.2995433807,
        "dvar": 1868.48303223,
        "dvar2": 3330.6105957,
        "max": 812.259216309,
        "mean": 39.0699119568,
        "median": 14.7381286621,
        "min": -1.54233157635,
        "var": 6062.28027344
    },
    "melbands_skewness": {
        "dmean": 1.08940672874,
        "dmean2": 1.55906057358,
        "dvar": 2.20943117142,
        "dvar2": 4.08399486542,
        "max": 22.161031723,
        "mean": 4.02567005157,
        "median": 3.23717093468,
        "min": -1.24352216721,
        "var": 8.98781108856
    },
    "melbands_spread": {
        "dmean": 5.11146783829,
        "dmean2": 7.02089834213,
        "dvar": 45.4213371277,
        "dvar2": 92.1200561523,
        "max": 163.166351318,
        "mean": 15.822552681,
        "median": 12.7481231689,
        "min": 0.182146385312,
        "var": 203.559646606
    },
    "pitch_salience": {
        "dmean": 0.0844299420714,
        "dmean2": 0.124936491251,
        "dvar": 0.00955321080983,
        "dvar2": 0.0180063415319,
        "max": 0.950047552586,
        "mean": 0.481410294771,
        "median": 0.509939551353,
        "min": 0.0282885041088,
        "var": 0.0326951779425
    },
    "silence_rate_20dB": {
        "dmean": 0,
        "dmean2": 0,
        "dvar": 0,
        "dvar2": 0,
        "max": 1,
        "mean": 1,
        "median": 1,
        "min": 1,
        "var": 0
    },
    "silence_rate_30dB": {
        "dmean": 0.0730245262384,
        "dmean2": 0.146057009697,
        "dvar": 0.0676920264959,
        "dvar2": 0.14379863441,
        "max": 1,
        "mean": 0.901749253273,
        "median": 1,
        "min": 0,
        "var": 0.0885920450091
    },
    "silence_rate_60dB": {
        "dmean": 0.0195095371455,
        "dmean2": 0.0390212014318,
        "dvar": 0.0191171653569,
        "dvar2": 0.0457852929831,
        "max": 1,
        "mean": 0.0942727923393,
        "median": 0,
        "min": 0,
        "var": 0.0854041799903
    },
    "spectral_centroid": {
        "dmean": 217.283035278,
        "dmean2": 306.807556152,
        "dvar": 59869.0742188,
        "dvar2": 120125.71875,
        "max": 11542.4882812,
        "mean": 1095.50671387,
        "median": 953.542297363,
        "min": 79.8276901245,
        "var": 613753.0625
    },
    "spectral_complexity": {
        "dmean": 3.08130788803,
        "dmean2": 4.68210792542,
        "dvar": 13.0870428085,
        "dvar2": 26.3431053162,
        "max": 47,
        "mean": 13.7133674622,
        "median": 13,
        "min": 0,
        "var": 66.7049331665
    },
    "spectral_decrease": {
        "dmean": 3.01978775319e-09,
        "dmean2": 4.33862679117e-09,
        "dvar": 2.76437159814e-17,
        "dvar2": 5.62193038624e-17,
        "max": 1.56648521292e-28,
        "mean": -8.76033112718e-09,
        "median": -5.00770003242e-09,
        "min": -7.72287833684e-08,
        "var": 9.61177717563e-17
    },
    "spectral_energy": {
        "dmean": 0.0118883568794,
        "dmean2": 0.0171733349562,
        "dvar": 0.000426416954724,
        "dvar2": 0.000878916645888,
        "max": 0.296015381813,
        "mean": 0.0346060991287,
        "median": 0.020387571305,
        "min": 1.00342670936e-20,
        "var": 0.00144611939322
    },
    "spectral_energyband_high": {
        "dmean": 0.000593610457145,
        "dmean2": 0.000793202198111,
        "dvar": 1.24357097775e-06,
        "dvar2": 2.19329194806e-06,
        "max": 0.0198753811419,
        "mean": 0.00109281914774,
        "median": 0.000221507798415,
        "min": 7.12333612304e-21,
        "var": 3.40874839821e-06
    },
    "spectral_energyband_low": {
        "dmean": 0.008863392286,
        "dmean2": 0.0105577018112,
        "dvar": 0.000226972639211,
        "dvar2": 0.000312901480356,
        "max": 0.178761377931,
        "mean": 0.0221638716757,
        "median": 0.00966219138354,
        "min": 4.56108094688e-24,
        "var": 0.000967508938629
    },
    "spectral_energyband_middle_high": {
        "dmean": 0.00166721804999,
        "dmean2": 0.00273625203408,
        "dvar": 1.21615830722e-05,
        "dvar2": 3.19701175613e-05,
        "max": 0.039624966681,
        "mean": 0.00292290677316,
        "median": 0.00168475497048,
        "min": 1.31210161515e-21,
        "var": 1.58556631504e-05
    },
    "spectral_energyband_middle_low": {
        "dmean": 0.0074741076678,
        "dmean2": 0.012738305144,
        "dvar": 0.00036647557863,
        "dvar2": 0.000992054236121,
        "max": 0.232054382563,
        "mean": 0.00986036099494,
        "median": 0.00491904467344,
        "min": 1.74488610631e-22,
        "var": 0.000291655829642
    },
    "spectral_entropy": {
        "dmean": 0.175136312842,
        "dmean2": 0.257786005735,
        "dvar": 0.0329837054014,
        "dvar2": 0.0703905597329,
        "max": 9.82133483887,
        "mean": 7.4657793045,
        "median": 7.52341079712,
        "min": 4.71367120743,
        "var": 0.392223447561
    },
    "spectral_flux": {
        "dmean": 0.0312032066286,
        "dmean2": 0.0432629697025,
        "dvar": 0.00194411631674,
        "dvar2": 0.00280974060297,
        "max": 0.449620962143,
        "mean": 0.0877725556493,
        "median": 0.0611298382282,
        "min": 6.40046279865e-11,
        "var": 0.00655594421551
    },
    "spectral_kurtosis": {
        "dmean": 2.42301917076,
        "dmean2": 3.97485947609,
        "dvar": 40.8039741516,
        "dvar2": 112.610656738,
        "max": 321.794372559,
        "mean": 6.24859857559,
        "median": 3.19545698166,
        "min": -1.26027870178,
        "var": 178.443130493
    },
    "spectral_rms": {
        "dmean": 0.000878677878063,
        "dmean2": 0.00123325630557,
        "dvar": 1.45097726545e-06,
        "dvar2": 2.75557385976e-06,
        "max": 0.01699398458,
        "mean": 0.00504831410944,
        "median": 0.00445985561237,
        "min": 3.12882228806e-12,
        "var": 8.27665644465e-06
    },
    "spectral_rolloff": {
        "dmean": 452.959716797,
        "dmean2": 703.866943359,
        "dvar": 883872.1875,
        "dvar2": 1536976.875,
        "max": 19659.8144531,
        "mean": 1037.06091309,
        "median": 624.462890625,
        "min": 64.599609375,
        "var": 2713852
    },
    "spectral_skewness": {
        "dmean": 0.273171633482,
        "dmean2": 0.422943562269,
        "dvar": 0.139606744051,
        "dvar2": 0.366775631905,
        "max": 13.6552429199,
        "mean": 1.77275633812,
        "median": 1.5631570816,
        "min": -0.0689925178885,
        "var": 1.05238378048
    },
    "spectral_spread": {
        "dmean": 624695.9375,
        "dmean2": 938194.625,
        "dvar": 562733121536,
        "dvar2": 1.14012926771e+12,
        "max": 42549868,
        "mean": 5390899,
        "median": 5271781,
        "min": 338307.4375,
        "var": 6.84620827853e+12
    },
    "spectral_strongpeak": {
        "dmean": 0.243567094207,
        "dmean2": 0.379653453827,
        "dvar": 0.170028463006,
        "dvar2": 0.405089437962,
        "max": 6.12707948685,
        "mean": 0.52034842968,
        "median": 0.306484252214,
        "min": 0,
        "var": 0.373506098986
    },
    "zerocrossingrate": {
        "dmean": 0.0113163106143,
        "dmean2": 0.0118098650128,
        "dvar": 0.000195514963707,
        "dvar2": 0.000211038452107,
        "max": 0.521484375,
        "mean": 0.0491937175393,
        "median": 0.037109375,
        "min": 0.001953125,
        "var": 0.00202124891803
    },
    "barkbands": {
        "dmean": [0.000395792041672, 0.00839522667229, 0.00480902101845, 0.00282723037526, 0.00231507210992, 0.00121835875325, 0.00091088184854, 0.000785721698776, 0.000848762050737, 0.000543877133168, 0.000669359695166, 0.000271149066975, 0.000165836027008, 0.000217610984691, 0.00010574991029, 0.000126851009554, 8.28728734632e-05, 6.84306360199e-05, 6.85621416778e-05, 8.20489658508e-05, 9.65998260654e-05, 0.000153410452185, 0.000129088046378, 0.000138302566484, 6.50294750812e-05, 1.9755678295e-05, 5.60970249808e-07],
        "dmean2": [0.000582105421927, 0.0104550812393, 0.00800342671573, 0.00517443846911, 0.00404042517766, 0.00200213026255, 0.00161595805548, 0.00134107435588, 0.00137698883191, 0.000870569143444, 0.0012107064249, 0.000459643517388, 0.000268322095508, 0.00032338075107, 0.000168459955603, 0.000203269155463, 0.000129837833811, 0.00011114696099, 0.000110653105367, 0.000130419488414, 0.00014067790471, 0.000214256797335, 0.000180084709427, 0.00019966387481, 9.31049580686e-05, 2.96484304272e-05, 9.19949968647e-07],
        "dvar": [4.03137846661e-07, 0.000271960772807, 0.000174964239704, 8.13702208688e-05, 3.89494125557e-05, 7.93749495642e-06, 5.46104456589e-06, 3.37117717208e-06, 3.70743373423e-06, 1.71961187334e-06, 3.73366833628e-06, 2.47456938496e-07, 1.06568144531e-07, 4.39095003912e-07, 6.57794458903e-08, 9.80228733738e-08, 5.88567061754e-08, 2.03594847648e-08, 2.30721823868e-08, 2.72390305867e-08, 3.80017510793e-08, 9.46895042375e-08, 5.87693733678e-08, 7.5965068902e-08, 1.58562958319e-08, 1.71501124413e-09, 2.0181421638e-12],
        "dvar2": [9.95735490505e-07, 0.000430712447269, 0.000450077466667, 0.000231559752137, 0.000110016371764, 2.07484226848e-05, 1.51016747623e-05, 8.79650815477e-06, 9.39574056247e-06, 3.70103589376e-06, 1.06534544102e-05, 6.59343925236e-07, 2.56297823853e-07, 8.08227923699e-07, 1.46952999103e-07, 2.26909335765e-07, 1.16924226745e-07, 4.66206060423e-08, 4.99966930079e-08, 6.50923652756e-08, 7.44279020637e-08, 1.78895263048e-07, 1.09101463863e-07, 1.49058749344e-07, 3.07703835745e-08, 3.55020346454e-09, 5.06669402614e-12],
        "max": [0.0106021659449, 0.167602837086, 0.101040884852, 0.200074017048, 0.0741639137268, 0.0386897027493, 0.0337508060038, 0.0479143597186, 0.0475842393935, 0.02478040196, 0.0197999868542, 0.00704963505268, 0.00726348534226, 0.0186407417059, 0.00624837726355, 0.0117669273168, 0.00595048908144, 0.00338466628455, 0.00246558105573, 0.00354494899511, 0.00429042102769, 0.00766398292035, 0.00351759488694, 0.00335565744899, 0.00317323603667, 0.00176907889545, 6.63980972604e-05],
        "mean": [0.000621788029093, 0.0157098732889, 0.00453615095466, 0.00239137606695, 0.00241509685293, 0.00151874939911, 0.00106317526661, 0.00106809881981, 0.00111241627019, 0.000830239325296, 0.000580911175348, 0.000346612592693, 0.000241043424467, 0.000343266961863, 0.00015953485854, 0.000184128599358, 0.000124471669551, 0.000103467900772, 0.000110382738058, 0.000137339942739, 0.000161779113114, 0.000258665822912, 0.00021438258409, 0.000221036127186, 0.000111447865493, 3.98560478061e-05, 8.0684395698e-07],
        "median": [0.000285938614979, 0.00515997409821, 0.00113376916852, 0.000604407920036, 0.000995295238681, 0.000559352221899, 0.000298966391711, 0.000322391337249, 0.000326048611896, 0.000210657221032, 0.00014393190213, 0.000149282204802, 9.38481607591e-05, 8.90023584361e-05, 4.72135070595e-05, 6.24040840194e-05, 4.1226601752e-05, 4.28640123573e-05, 3.92333022319e-05, 5.02262373629e-05, 3.90425993828e-05, 3.74270166503e-05, 2.81822212855e-05, 2.63343572442e-05, 1.61387706612e-05, 6.03974558544e-06, 1.40919041769e-07],
        "min": [4.04593372304e-25, 7.85634858549e-25, 9.0376372227e-25, 9.87391754301e-25, 1.27741200904e-23, 8.31260601155e-24, 1.10885460059e-23, 5.08690801617e-24, 1.72914918323e-23, 2.12873026646e-23, 2.40361089992e-23, 2.05200975689e-23, 1.40656313315e-23, 4.51269837207e-23, 6.87980236702e-23, 5.84800764396e-23, 9.77348111362e-23, 1.23264666125e-22, 1.65762975983e-22, 1.9615244765e-22, 2.92881814542e-22, 2.66508010913e-22, 4.47011099035e-22, 4.87108860982e-22, 7.91603970226e-22, 1.26069837833e-21, 2.04784312612e-21],
        "var": [6.13542965766e-07, 0.000703973055352, 0.000135725262226, 4.90300262754e-05, 2.73355908575e-05, 9.14994143386e-06, 6.1490150074e-06, 5.86277701586e-06, 5.58207057111e-06, 3.56521672984e-06, 2.42955843532e-06, 3.194746796e-07, 2.00413694529e-07, 9.95059849629e-07, 1.26997079519e-07, 1.66869014606e-07, 9.05723069877e-08, 3.07757943574e-08, 3.94022663386e-08, 5.02492305543e-08, 7.97457886392e-08, 2.2917110698e-07, 1.36280633001e-07, 1.60295428486e-07, 4.37645404361e-08, 6.22081364199e-09, 4.50247564926e-12]
    },
    "erbbands": {
        "dmean": [0.258871793747, 2.05890655518, 4.9548459053, 7.8074760437, 8.39008712769, 7.70884513855, 5.98219537735, 12.2270116806, 13.7559528351, 14.4619617462, 16.1798343658, 20.7277431488, 16.9317016602, 14.880988121, 28.1783714294, 9.70508384705, 7.95686388016, 9.74164104462, 7.42730665207, 5.52708768845, 5.02613115311, 4.84988260269, 3.94842267036, 3.68162298203, 3.24436807632, 3.92979812622, 3.71528744698, 4.52022266388, 5.51387166977, 4.452003479, 3.76037430763, 3.09981870651, 2.15177774429, 0.92239677906, 0.407623171806, 0.135231301188, 0.030104059726, 0.00305041321553, 7.27296428522e-05, 1.64627399499e-05],
        "dmean2": [0.314498543739, 2.57028269768, 7.56985139847, 13.3665590286, 14.9075660706, 13.4675941467, 9.14598274231, 20.3220653534, 23.7882614136, 25.2454948425, 28.1124210358, 33.2373580933, 26.5582199097, 26.0350589752, 50.7664680481, 16.456577301, 12.7434091568, 14.6514520645, 11.3486375809, 8.71989250183, 7.99411153793, 7.57580900192, 6.35983371735, 5.98975229263, 5.29258012772, 6.23909759521, 5.56455564499, 6.34489297867, 8.02640342712, 6.23546743393, 5.45775222778, 4.34284734726, 3.13210177422, 1.36041069031, 0.570277452469, 0.201597049832, 0.0445387624204, 0.00439656758681, 0.000103303907963, 2.3584567316e-05],
        "dvar": [0.204749509692, 17.9052562714, 157.919509888, 504.211120605, 587.030639648, 438.37512207, 151.221710205, 879.352416992, 1116.94921875, 1398.35888672, 1479.1529541, 2227.1472168, 1616.81860352, 1593.13696289, 6111.23779297, 320.362945557, 224.36869812, 802.10748291, 410.090301514, 152.622344971, 126.955780029, 186.355255127, 68.0106124878, 54.9379997253, 54.0883216858, 70.5558242798, 56.477191925, 84.5148162842, 127.559265137, 73.4652099609, 52.8978652954, 36.3637161255, 18.4767360687, 3.19115352631, 0.634870827198, 0.082949668169, 0.00404375558719, 4.20311844209e-05, 2.09672723628e-08, 6.95232649228e-10],
        "dvar2": [0.322823613882, 28.3787937164, 379.015716553, 1341.48950195, 1653.95043945, 1236.60180664, 359.030761719, 2323.08569336, 2986.48046875, 3807.64599609, 4045.33251953, 5529.43066406, 3293.71459961, 4448.27490234, 17398.0097656, 854.855041504, 536.209655762, 1508.76391602, 798.690307617, 346.048614502, 284.41015625, 380.068359375, 159.638839722, 125.941139221, 123.254508972, 168.480819702, 118.203636169, 157.417312622, 243.693984985, 132.143615723, 110.431495667, 76.4635162354, 34.7664833069, 6.61307096481, 1.12598705292, 0.171802952886, 0.0082499301061, 8.31939833006e-05, 4.01065989308e-08, 1.4303803697e-09],
        "max": [5.47151041031, 43.3601989746, 100.960708618, 435.61114502, 318.625946045, 299.000183105, 210.965560913, 436.280700684, 550.971557617, 1047.07092285, 613.686584473, 1380.38549805, 898.678955078, 385.228485107, 849.185546875, 227.840515137, 306.544372559, 989.125793457, 486.57208252, 396.150787354, 304.83203125, 349.130493164, 142.262084961, 158.421630859, 127.219451904, 167.310012817, 115.378593445, 224.828735352, 310.102722168, 277.947021484, 98.6830596924, 85.9452133179, 65.9581832886, 42.6866950989, 19.2545318604, 7.98552370071, 3.38614583015, 0.298863917589, 0.00663717091084, 0.000368192442693],
        "mean": [0.483917236328, 3.36133050919, 5.43332290649, 7.44981718063, 7.80377864838, 7.97019767761, 8.10472774506, 15.4752416611, 17.6844615936, 18.6663017273, 19.5462913513, 27.9910812378, 27.6890659332, 16.9007301331, 25.8180408478, 13.2598304749, 12.3904361725, 15.6934652328, 12.6345643997, 9.10885715485, 8.18819904327, 7.59636306763, 6.0737657547, 5.90937042236, 5.24969863892, 6.45032119751, 6.2052154541, 7.64487791061, 9.24889564514, 6.99815034866, 6.05188941956, 4.89822912216, 3.51099538803, 1.54869759083, 0.67578047514, 0.247946247458, 0.0620436221361, 0.00652188668028, 0.000165563644259, 4.76514505863e-05],
        "median": [0.142705082893, 0.984602928162, 1.55845558643, 2.11381006241, 2.36314797401, 3.17610645294, 3.46697092056, 5.22788715363, 5.21312856674, 5.67164325714, 6.17828416824, 8.6455450058, 8.71739292145, 5.21266508102, 7.589635849, 6.51013183594, 5.83234930038, 5.49128293991, 4.42375898361, 3.697889328, 3.16396784782, 2.8363571167, 2.38469362259, 2.28576779366, 2.01393961906, 2.22821903229, 1.87783181667, 1.51497757435, 1.33915233612, 0.951490938663, 0.868573665619, 0.611828863621, 0.399510890245, 0.219624623656, 0.0964692234993, 0.0350097455084, 0.0097226575017, 0.00130424450617, 4.97098117194e-05, 2.91085143544e-05],
        "min": [3.96031682476e-23, 1.53054679235e-22, 2.37482059446e-21, 1.01020312803e-20, 2.11766282438e-20, 3.19441513685e-20, 5.3000053248e-20, 7.34504847686e-20, 1.4368685587e-19, 2.02683832849e-19, 1.4777572596e-19, 4.71124440192e-19, 5.37209036703e-19, 7.90897575754e-19, 1.01280542208e-18, 1.14747776703e-18, 8.61832138991e-19, 1.86030438221e-18, 2.51493615296e-18, 4.13115587323e-18, 3.21303895324e-18, 6.41058191848e-18, 6.6272631207e-18, 7.96613559223e-18, 8.71539744544e-18, 1.01521580571e-17, 7.44233670422e-18, 1.06147182828e-17, 9.99460248425e-18, 1.14626313502e-17, 1.12336843003e-17, 9.91767965037e-18, 9.12351347043e-18, 8.89639945272e-18, 5.73347296215e-18, 4.53723537954e-18, 2.13531918842e-18, 9.87997241535e-19, 2.68238180737e-19, 2.87909324111e-20],
        "var": [0.598449289799, 39.2740478516, 155.385910034, 364.126068115, 381.291717529, 318.308959961, 184.158782959, 1047.55603027, 1654.48742676, 1875.38928223, 1759.52478027, 3461.46240234, 3623.5246582, 1353.54492188, 4028.39746094, 424.871551514, 425.420715332, 1834.06787109, 870.407714844, 305.838104248, 252.84387207, 286.00112915, 102.885673523, 94.1272964478, 85.2581939697, 125.146774292, 110.726333618, 190.24899292, 288.065216064, 174.808578491, 110.448936462, 74.270324707, 41.9104804993, 8.09715557098, 1.71299004555, 0.233988896012, 0.0169383194298, 0.000193568135728, 9.95703430817e-08, 2.38222264137e-09]
    },
    "gfcc": {
        "mean": [-31.8763179779, 103.98197937, -93.3378219604, 36.6002464294, -58.2910003662, 29.6799182892, -29.6330947876, 12.9234752655, -17.5031642914, 5.16362380981, -11.379196167, -0.187394753098, -7.76294708252],
        "cov": [[13114.96875, -2936.28173828, -296.312957764, 387.173919678, -1129.24853516, 365.029602051, -518.558776855, 501.644348145, -360.714050293, 619.27557373, -579.483459473, 474.423217773, -466.245941162], [-2936.28173828, 2024.11206055, -126.760856628, -385.506317139, 353.632873535, -312.656616211, 164.320785522, -272.591003418, 109.48714447, -345.617462158, 216.030685425, -275.452423096, 219.976486206], [-296.312957764, -126.760856628, 538.907165527, 132.771469116, -57.8300552368, 51.2953910828, 23.9065055847, -31.5642814636, -27.0276145935, -10.3555326462, -0.791473507881, 8.63321781158, -44.2402648926], [387.173919678, -385.506317139, 132.771469116, 425.449554443, 49.5660858154, 78.9908752441, 4.33392381668, 55.1571769714, 49.3592376709, 64.9981689453, 1.02749228477, 30.4075069427, -22.950006485], [-1129.24853516, 353.632873535, -57.8300552368, 49.5660858154, 404.517089844, -22.2842845917, 131.428604126, 12.8807630539, 136.632537842, 14.0465955734, 93.7220458984, -35.5931243896, 61.6335372925], [365.029602051, -312.656616211, 51.2953910828, 78.9908752441, -22.2842845917, 208.962921143, 16.3056983948, 30.7920532227, -17.7978839874, 42.0948791504, -27.2767543793, 15.2072219849, -21.4209403992], [-518.558776855, 164.320785522, 23.9065055847, 4.33392381668, 131.428604126, 16.3056983948, 191.234695435, 47.2715797424, 67.1548614502, 11.9040546417, 56.7062225342, -26.4436283112, 32.6232795715], [501.644348145, -272.591003418, -31.5642814636, 55.1571769714, 12.8807630539, 30.7920532227, 47.2715797424, 163.308959961, 48.9021873474, 84.7666091919, -1.32212102413, 60.0145492554, -26.7209033966], [-360.714050293, 109.48714447, -27.0276145935, 49.3592376709, 136.632537842, -17.7978839874, 67.1548614502, 48.9021873474, 160.323654175, 44.3021850586, 45.7620887756, -10.5830402374, 19.6046142578], [619.27557373, -345.617462158, -10.3555326462, 64.9981689453, 14.0465955734, 42.0948791504, 11.9040546417, 84.7666091919, 44.3021850586, 169.476593018, 3.44391059875, 70.7311859131, -41.7487487793], [-579.483459473, 216.030685425, -0.791473507881, 1.02749228477, 93.7220458984, -27.2767543793, 56.7062225342, -1.32212102413, 45.7620887756, 3.44391059875, 123.15789032, 8.23118782043, 41.0105895996], [474.423217773, -275.452423096, 8.63321781158, 30.4075069427, -35.5931243896, 15.2072219849, -26.4436283112, 60.0145492554, -10.5830402374, 70.7311859131, 8.23118782043, 128.608520508, -15.3865308762], [-466.245941162, 219.976486206, -44.2402648926, -22.950006485, 61.6335372925, -21.4209403992, 32.6232795715, -26.7209033966, 19.6046142578, -41.7487487793, 41.0105895996, -15.3865308762, 98.8524627686]],
        "icov": [[0.000212781669688, -0.000281672662823, 0.000205589807592, -0.000337467936333, 0.000491130631417, -0.000242928697844, 0.000182533374755, -0.0004926318652, 0.000376817188226, -0.00082947203191, 0.000805022078566, -0.000422543147579, 0.000267018651357], [-0.000281672662823, 0.00378492986783, -0.000273280398687, 0.00231735710986, -0.00184203626122, 0.00267641595565, -0.00119384308346, 0.00292317988351, -0.00211437698454, 0.00474203051999, -0.00445424392819, 0.00349074718542, -0.00160951260477], [0.000205589807592, -0.000273280398687, 0.00266067590564, -0.00123408460058, 0.00106538692489, -0.000494076579344, -0.00115742429625, 0.000930531648919, 0.000315626792144, -0.000136015500175, 0.000454784487374, -0.00125769304577, 0.00183976371773], [-0.000337467936333, 0.00231735710986, -0.00123408460058, 0.00469207484275, -0.00202763173729, 0.000715512316674, 0.000267657509539, 0.00111728918273, -0.00222698878497, 0.00283484114334, -0.00309080048464, 0.0023708823137, -0.0012883291347], [0.000491130631417, -0.00184203626122, 0.00106538692489, -0.00202763173729, 0.00612019468099, -0.00127820449416, -0.00127908331342, -0.000777175941039, -0.00114340137225, -0.00334310694598, 0.00171422830317, -0.00172469113022, 0.000376010139007], [-0.000242928697844, 0.00267641595565, -0.000494076579344, 0.000715512316674, -0.00127820449416, 0.00781874917448, -0.00204835878685, 0.00180251919664, -4.65028315375e-05, 0.00197387905791, -0.00193375360686, 0.00281650666147, -0.00141864467878], [0.000182533374755, -0.00119384308346, -0.00115742429625, 0.000267657509539, -0.00127908331342, -0.00204835878685, 0.0101980352774, -0.00553897302598, 0.000469241087558, -0.00212529534474, -0.00102521816734, 0.00243146554567, -0.00163428741507], [-0.0004926318652, 0.00292317988351, 0.000930531648919, 0.00111728918273, -0.000777175941039, 0.00180251919664, -0.00553897302598, 0.0148180304095, -0.00501157157123, 0.00258705532178, -0.00220718747005, -0.00228039454669, 0.00120320403948], [0.000376817188226, -0.00211437698454, 0.000315626792144, -0.00222698878497, -0.00114340137225, -4.65028315375e-05, 0.000469241087558, -0.00501157157123, 0.0129556618631, -0.00616500759497, 0.00149221275933, 0.00103244825732, -0.000331527204253], [-0.00082947203191, 0.00474203051999, -0.000136015500175, 0.00283484114334, -0.00334310694598, 0.00197387905791, -0.00212529534474, 0.00258705532178, -0.00616500759497, 0.0184948276728, -0.00713601382449, -0.000230232573813, 0.00200368999504], [0.000805022078566, -0.00445424392819, 0.000454784487374, -0.00309080048464, 0.00171422830317, -0.00193375360686, -0.00102521816734, -0.00220718747005, 0.00149221275933, -0.00713601382449, 0.0189084261656, -0.00755541631952, -0.000881383777596], [-0.000422543147579, 0.00349074718542, -0.00125769304577, 0.0023708823137, -0.00172469113022, 0.00281650666147, 0.00243146554567, -0.00228039454669, 0.00103244825732, -0.000230232573813, -0.00755541631952, 0.0173072516918, -0.00398015184328], [0.000267018651357, -0.00160951260477, 0.00183976371773, -0.0012883291347, 0.000376010139007, -0.00141864467878, -0.00163428741507, 0.00120320403948, -0.000331527204253, 0.00200368999504, -0.000881383777596, -0.00398015184328, 0.0164622608572]]
    },
    "melbands": {
        "dmean": [0.0022956142202, 0.00223414576612, 0.00129531638231, 0.000587554415688, 0.000223324721446, 0.000263766443823, 0.000200331574888, 0.000166919024196, 0.000134704270749, 0.000130933636683, 8.42987647047e-05, 6.00801176915e-05, 9.07003195607e-05, 4.20225769631e-05, 2.03169474844e-05, 1.88662124856e-05, 2.0771738491e-05, 1.37927454489e-05, 8.12000325823e-06, 1.12125171654e-05, 4.55537929156e-06, 5.92448850512e-06, 3.7857175812e-06, 2.87135458166e-06, 3.13733471557e-06, 2.91304445454e-06, 2.27718396673e-06, 2.95526388072e-06, 2.49719187195e-06, 2.53193638855e-06, 2.69170959655e-06, 3.56097802978e-06, 2.78093193629e-06, 2.60897991211e-06, 2.29274564845e-06, 2.08836559068e-06, 1.87457317224e-06, 1.54816302711e-06, 1.16506373615e-06, 7.25057645923e-07],
        "dmean2": [0.00281827384606, 0.00288498727605, 0.0021641170606, 0.00103944842704, 0.000341757084243, 0.000438746064901, 0.000349845358869, 0.0002883686102, 0.000234643011936, 0.000207715565921, 0.000132043627673, 0.000103786631371, 0.000164370067068, 7.34478744562e-05, 3.31369628839e-05, 3.05621470034e-05, 3.10503637593e-05, 2.09820791497e-05, 1.29404406835e-05, 1.80170663953e-05, 7.26008374841e-06, 9.31631257117e-06, 6.06817366133e-06, 4.63353535451e-06, 5.15051260663e-06, 4.76766899737e-06, 3.79904076908e-06, 4.70847271572e-06, 3.88451144318e-06, 3.72755675926e-06, 3.8095038235e-06, 5.26154553881e-06, 4.13727229898e-06, 3.61367824553e-06, 3.43909277944e-06, 3.03848287331e-06, 2.76272180599e-06, 2.28996555052e-06, 1.69055567767e-06, 1.0972577229e-06],
        "dvar": [1.84710661415e-05, 2.28446679102e-05, 1.29976215248e-05, 2.68981034424e-06, 2.21924580046e-07, 3.82129741183e-07, 2.46135272164e-07, 1.75595587848e-07, 1.11221716281e-07, 8.80037021034e-08, 4.09261033951e-08, 2.37717063811e-08, 6.86097365588e-08, 8.52629078452e-09, 1.47215872826e-09, 1.56233115334e-09, 4.27711333018e-09, 1.91817894901e-09, 4.48550502297e-10, 8.72955596698e-10, 1.32945557341e-10, 3.21117937796e-10, 6.14160597379e-11, 3.70691359552e-11, 4.05268769932e-11, 5.8628032984e-11, 2.20597585338e-11, 4.03080138711e-11, 2.64388771293e-11, 2.80919280893e-11, 2.99118924074e-11, 5.51657781955e-11, 3.41887282373e-11, 2.5119706662e-11, 2.0335779935e-11, 1.55384524692e-11, 1.39943881136e-11, 9.64164165174e-12, 5.18581358411e-12, 2.06569830685e-12],
        "dvar2": [2.85770183837e-05, 4.25772741437e-05, 3.35647382599e-05, 7.63313164498e-06, 5.43679789189e-07, 1.01179875855e-06, 6.69887242566e-07, 4.66373791141e-07, 3.02186322187e-07, 2.11761985724e-07, 8.23034582709e-08, 6.48122266966e-08, 1.96001039399e-07, 2.38037838329e-08, 3.58895158037e-09, 3.76254938317e-09, 7.96942067893e-09, 3.62185859082e-09, 9.85846182466e-10, 2.01828709301e-09, 2.80346329484e-10, 6.53665732653e-10, 1.37162420311e-10, 8.32451607646e-11, 9.49245404502e-11, 1.29143515326e-10, 5.6657012415e-11, 9.64737525977e-11, 5.93514890013e-11, 5.77119671497e-11, 5.58979806886e-11, 1.05273491313e-10, 7.36356392528e-11, 4.91534243863e-11, 4.42416589475e-11, 3.19451756714e-11, 3.07748687645e-11, 1.86915014716e-11, 1.00020443317e-11, 4.62840746632e-12],
        "max": [0.0429153442383, 0.0423096008599, 0.0742660462856, 0.018145037815, 0.00703621795401, 0.00879862345755, 0.00767752854154, 0.0124639188871, 0.0066011804156, 0.00936209131032, 0.00452534435317, 0.0016883094795, 0.00262788869441, 0.00101644790266, 0.000948022468947, 0.000993147143163, 0.0022777239792, 0.00111150753219, 0.000568943214603, 0.00119552074466, 0.000354385847459, 0.000452153675724, 0.00017509641475, 0.0001549844892, 0.000138795076055, 0.000145488113048, 6.85286067892e-05, 0.000146810474689, 0.000110002940346, 0.000124986720039, 0.0001122616668, 0.000230621211813, 0.000122418292449, 0.000139912313898, 6.37611956336e-05, 5.63829635212e-05, 5.68850118725e-05, 5.25986761204e-05, 3.56767232006e-05, 3.71958303731e-05],
        "mean": [0.00437937909737, 0.00351924542338, 0.00131911877543, 0.000571682176087, 0.000304269167827, 0.000339523103321, 0.000245401141001, 0.00021850662597, 0.000154055640451, 0.000178663714905, 0.000137749651913, 7.11552638677e-05, 7.87912940723e-05, 4.8138499551e-05, 2.91438755085e-05, 2.60135275312e-05, 3.16824880429e-05, 2.23807237489e-05, 1.20631038953e-05, 1.58120856213e-05, 7.19541503713e-06, 8.55646521813e-06, 5.77004084334e-06, 4.38635879618e-06, 4.78879383081e-06, 4.229321803e-06, 3.48785147253e-06, 4.57974601886e-06, 3.85651674151e-06, 4.04600950787e-06, 4.49078515885e-06, 5.91290881857e-06, 3.96586710849e-06, 3.8462962948e-06, 3.47251216226e-06, 3.38902123076e-06, 2.80605831904e-06, 2.47144180321e-06, 1.90692514934e-06, 1.1508877833e-06],
        "median": [0.00137530313805, 0.00121116777882, 0.000408707157476, 0.000216224420001, 0.000132917251904, 0.000120491953567, 7.25031641196e-05, 6.09202070336e-05, 4.41237389168e-05, 5.18692213518e-05, 4.08461019106e-05, 1.97301706066e-05, 2.14156643779e-05, 1.89894708456e-05, 1.29585350805e-05, 8.08663571661e-06, 8.76291778695e-06, 6.65700099489e-06, 3.37197661793e-06, 5.21115225638e-06, 2.53913913184e-06, 2.63266611e-06, 2.25217945626e-06, 1.76316802936e-06, 1.64423283877e-06, 1.27438011077e-06, 1.2162247458e-06, 1.36931657835e-06, 1.18807554372e-06, 9.73996634457e-07, 7.27718600047e-07, 8.34240495351e-07, 5.26830660874e-07, 4.75288288726e-07, 5.22923187418e-07, 4.19906001525e-07, 3.31581304636e-07, 2.75541680139e-07, 2.42232914616e-07, 1.6124802471e-07],
        "min": [2.64790579864e-25, 8.7857233673e-25, 1.97529114059e-24, 1.38289338141e-24, 2.45977657364e-24, 2.06323828469e-24, 2.66751540163e-24, 2.18419787716e-24, 1.45315357376e-24, 1.93483559236e-24, 2.7409646628e-24, 3.05345061116e-24, 3.61472475079e-24, 3.02431344198e-24, 1.84879394178e-24, 1.4665001142e-24, 2.94696918009e-24, 2.8117617736e-24, 4.78788831789e-24, 3.83245824924e-24, 3.21243803243e-24, 5.63222073868e-24, 3.22232738995e-24, 4.29528649221e-24, 5.58058072053e-24, 5.94243752864e-24, 6.43474984237e-24, 5.7372496796e-24, 3.10784927589e-24, 6.12239366163e-24, 5.91005991608e-24, 3.77509386194e-24, 4.45892227636e-24, 5.58999261999e-24, 5.84566086165e-24, 5.99889354261e-24, 5.4233500925e-24, 5.66061184265e-24, 6.62619415672e-24, 6.86340384206e-24],
        "var": [5.16091095051e-05, 4.15600770793e-05, 1.00896913864e-05, 1.7771704961e-06, 2.69577157042e-07, 4.62612916863e-07, 3.14117045264e-07, 2.74344699847e-07, 1.33304538963e-07, 1.46966712578e-07, 9.43277811416e-08, 2.36401618281e-08, 4.33215170403e-08, 7.58989671112e-09, 2.42514741622e-09, 2.9474953589e-09, 9.61458468396e-09, 3.96150401372e-09, 8.61672677654e-10, 1.40500844292e-09, 2.47160708566e-10, 4.70813499298e-10, 9.94629101303e-11, 5.7251151736e-11, 6.66580471376e-11, 8.45849709719e-11, 3.28095432767e-11, 7.03396160762e-11, 4.55440234137e-11, 5.24712877314e-11, 6.89651530328e-11, 1.2351701606e-10, 5.96945964881e-11, 5.43327986768e-11, 3.80341001749e-11, 3.31997034031e-11, 2.59607751962e-11, 2.11086807755e-11, 1.21086777757e-11, 4.90015406723e-12]
    },
    "mfcc": {
        "mean": [-678.172912598, 129.070785522, 26.2922859192, 17.8086986542, 5.68916559219, 14.2087459564, 6.25600099564, 9.01277732849, 4.1752409935, 6.34902477264, 2.3141067028, 3.51899290085, 0.0235916003585],
        "cov": [[10378.5029297, -2817.51171875, 238.316589355, -195.220947266, -449.561767578, -146.386291504, -310.236968994, -144.92388916, 106.898803711, -3.4162466526, 12.6689939499, 111.763824463, 52.33177948], [-2817.51171875, 1982.32678223, -271.336395264, -58.3190193176, 56.8938140869, -101.410507202, 65.8568267822, -15.2654104233, -63.4539794922, -37.3735351562, -78.3454208374, -81.5651855469, -43.138168335], [238.316589355, -271.336395264, 585.74822998, 12.1926727295, -62.266368866, 53.3667488098, 4.8381729126, 13.9786672592, -45.3049049377, -34.5561904907, -36.7450561523, -17.8137874603, -10.3682489395], [-195.220947266, -58.3190193176, 12.1926727295, 317.97869873, 116.202598572, 37.7751579285, 9.00393772125, 38.5789070129, 34.2729034424, 42.4893112183, 63.2009963989, 42.7718544006, 36.9310302734], [-449.561767578, 56.8938140869, -62.266368866, 116.202598572, 191.003494263, 70.911819458, 9.27366352081, 20.8316879272, 18.682516098, 30.2952613831, 36.5663337708, 17.4989585876, 9.28670024872], [-146.386291504, -101.410507202, 53.3667488098, 37.7751579285, 70.911819458, 162.118408203, 43.6320114136, 10.1643333435, 21.3351421356, 35.4728126526, 29.0694103241, -2.52878093719, -6.25320100784], [-310.236968994, 65.8568267822, 4.8381729126, 9.00393772125, 9.27366352081, 43.6320114136, 136.629959106, 42.5383338928, 9.15141773224, 26.9020442963, 8.82453250885, 5.52034044266, -3.14489197731], [-144.92388916, -15.2654104233, 13.9786672592, 38.5789070129, 20.8316879272, 10.1643333435, 42.5383338928, 101.91733551, 30.8167686462, 24.8384399414, 25.5495967865, 3.62539243698, 6.21620750427], [106.898803711, -63.4539794922, -45.3049049377, 34.2729034424, 18.682516098, 21.3351421356, 9.15141773224, 30.8167686462, 99.3035888672, 59.0594902039, 32.0935821533, 18.801897049, 6.96484184265], [-3.4162466526, -37.3735351562, -34.5561904907, 42.4893112183, 30.2952613831, 35.4728126526, 26.9020442963, 24.8384399414, 59.0594902039, 118.348434448, 69.5720443726, 11.944817543, 1.52359747887], [12.6689939499, -78.3454208374, -36.7450561523, 63.2009963989, 36.5663337708, 29.0694103241, 8.82453250885, 25.5495967865, 32.0935821533, 69.5720443726, 119.766365051, 46.157585144, 12.9766998291], [111.763824463, -81.5651855469, -17.8137874603, 42.7718544006, 17.4989585876, -2.52878093719, 5.52034044266, 3.62539243698, 18.801897049, 11.944817543, 46.157585144, 99.250289917, 54.8807373047], [52.33177948, -43.138168335, -10.3682489395, 36.9310302734, 9.28670024872, -6.25320100784, -3.14489197731, 6.21620750427, 6.96484184265, 1.52359747887, 12.9766998291, 54.8807373047, 101.77305603]],
