{
"lowlevel": {
    "average_loudness": 0.944031298161,
    "barkbands_crest": {
        "dmean": 3.47222685814,
        "dmean2": 5.0988984108,
        "dvar": 9.98625278473,
        "dvar2": 22.323469162,
        "max": 26.6749649048,
        "mean": 14.5578327179,
        "median": 14.177696228,
        "min": 2.3737077713,
        "var": 42.0729942322
    },
    "barkbands_flatness_db": {
        "dmean": 0.0335953421891,
        "dmean2": 0.0466971211135,
        "dvar": 0.00114341382869,
        "dvar2": 0.0021697783377,
        "max": 0.533512055874,
        "mean": 0.163189247251,
        "median": 0.138084620237,
        "min": 0.022631207481,
        "var": 0.00855837296695
    },
    "barkbands_kurtosis": {
        "dmean": 11.2965116501,
        "dmean2": 16.3015708923,
        "dvar": 1200.75964355,
        "dvar2": 2361.17089844,
        "max": 998.118408203,
        "mean": 14.3052415848,
        "median": 1.36893987656,
        "min": -1.92797768116,
        "var": 2181.2487793
    },
    "barkbands_skewness": {
        "dmean": 1.04025900364,
        "dmean2": 1.41164040565,
        "dvar": 1.94453346729,
        "dvar2": 3.66466879845,
        "max": 28.0649032593,
        "mean": 1.92753779888,
        "median": 1.1965739727,
        "min": -9.28024673462,
        "var": 8.99829483032
    },
    "barkbands_spread": {
        "dmean": 8.62408351898,
        "dmean2": 12.5829563141,
        "dvar": 110.811950684,
        "dvar2": 218.473937988,
        "max": 106.704856873,
        "mean": 28.4931221008,
        "median": 25.3433609009,
        "min": 0.146262317896,
        "var": 442.911987305
    },
    "dissonance": {
        "dmean": 0.0149056613445,
        "dmean2": 0.0251590758562,
        "dvar": 0.00038263128954,
        "dvar2": 0.00106898578815,
        "max": 0.500000059605,
        "mean": 0.476400405169,
        "median": 0.484433144331,
        "min": 0.188117161393,
        "var": 0.000681396457367
    },
    "dynamic_complexity": 3.55487251282,
    "erbbands_crest": {
        "dmean": 2.92509937286,
        "dmean2": 4.68550920486,
        "dvar": 8.17563438416,
        "dvar2": 19.1236228943,
        "max": 32.9308509827,
        "mean": 9.18912696838,
        "median": 7.55863666534,
        "min": 2.31312608719,
        "var": 30.4522705078
    },
    "erbbands_flatness_db": {
        "dmean": 0.0193490926176,
        "dmean2": 0.0286137480289,
        "dvar": 0.000379197474103,
        "dvar2": 0.000748657854274,
        "max": 0.618968725204,
        "mean": 0.16143772006,
        "median": 0.133730560541,
        "min": 0.0647842660546,
        "var": 0.00687320670113
    },
    "erbbands_kurtosis": {
        "dmean": 1.35386657715,
        "dmean2": 2.1710062027,
        "dvar": 5.81457948685,
        "dvar2": 14.8770914078,
        "max": 59.8402709961,
        "mean": 1.26052701473,
        "median": 0.317926049232,
        "min": -1.79477882385,
        "var": 15.0347499847
    },
    "erbbands_skewness": {
        "dmean": 0.40125900507,
        "dmean2": 0.601377606392,
        "dvar": 0.139907300472,
        "dvar2": 0.309974968433,
        "max": 3.22341561317,
        "mean": -0.180095210671,
        "median": -0.177421212196,
        "min": -5.00436449051,
        "var": 0.626984596252
    },
    "erbbands_spread": {
        "dmean": 9.52529525757,
        "dmean2": 14.4465618134,
        "dvar": 107.817886353,
        "dvar2": 240.840866089,
        "max": 157.305053711,
        "mean": 38.0733757019,
        "median": 34.7224121094,
        "min": 0.313365072012,
        "var": 495.63494873
    },
    "hfc": {
        "dmean": 10.3532514572,
        "dmean2": 15.4555616379,
        "dvar": 173.570785522,
        "dvar2": 417.198364258,
        "max": 135.783538818,
        "mean": 28.3186569214,
        "median": 23.7315330505,
        "min": 1.04369613051e-16,
        "var": 511.232849121
    },
    "melbands_crest": {
        "dmean": 4.27803134918,
        "dmean2": 6.5918264389,
        "dvar": 16.0133037567,
        "dvar2": 37.4945144653,
        "max": 36.3012466431,
        "mean": 20.9239654541,
        "median": 22.196849823,
        "min": 1.35299086571,
        "var": 64.3122329712
    },
    "melbands_flatness_db": {
        "dmean": 0.0403058230877,
        "dmean2": 0.0540721304715,
        "dvar": 0.00165637384634,
        "dvar2": 0.00311906193383,
        "max": 0.696529448032,
        "mean": 0.219158634543,
        "median": 0.203619614244,
        "min": 0.000984450685792,
        "var": 0.013013635762
    },
    "melbands_kurtosis": {
        "dmean": 24.0551815033,
        "dmean2": 35.3088607788,
        "dvar": 3256.07202148,
        "dvar2": 6931.92675781,
        "max": 927.830993652,
        "mean": 37.9979934692,
        "median": 8.62426185608,
        "min": -1.88469529152,
        "var": 7518.18261719
    },
    "melbands_skewness": {
        "dmean": 1.38311815262,
        "dmean2": 1.93336379528,
        "dvar": 2.82116556168,
        "dvar2": 5.90433740616,
        "max": 25.483297348,
        "mean": 3.64963364601,
        "median": 2.74731731415,
        "min": -6.6088514328,
        "var": 13.9828262329
    },
    "melbands_spread": {
        "dmean": 11.2797145844,
        "dmean2": 16.388923645,
        "dvar": 200.751876831,
        "dvar2": 423.535705566,
        "max": 250.335372925,
        "mean": 31.2542819977,
        "median": 22.9718742371,
        "min": 0.194627508521,
        "var": 900.29876709
    },
    "pitch_salience": {
        "dmean": 0.0999247953296,
        "dmean2": 0.149067237973,
        "dvar": 0.00961924623698,
        "dvar2": 0.0186024196446,
        "max": 0.980342149734,
        "mean": 0.4219789505,
        "median": 0.433887571096,
        "min": 0.0354328714311,
        "var": 0.0374486073852
    },
    "silence_rate_20dB": {
        "dmean": 0,
        "dmean2": 0,
        "dvar": 0,
        "dvar2": 0,
        "max": 1,
        "mean": 1,
        "median": 1,
        "min": 1,
        "var": 0
    },
    "silence_rate_30dB": {
        "dmean": 0.0770416036248,
        "dmean2": 0.154099032283,
        "dvar": 0.0710977613926,
        "dvar2": 0.133650884032,
        "max": 1,
        "mean": 0.893179953098,
        "median": 1,
        "min": 0,
        "var": 0.0954126939178
    },
    "silence_rate_60dB": {
        "dmean": 0.0110939908773,
        "dmean2": 0.0221902616322,
        "dvar": 0.0109700802714,
        "dvar2": 0.025804432109,
        "max": 1,
        "mean": 0.0826828256249,
        "median": 0,
        "min": 0,
        "var": 0.075846336782
    },
    "spectral_centroid": {
        "dmean": 320.644805908,
        "dmean2": 470.807800293,
        "dvar": 154655.203125,
        "dvar2": 283792.34375,
        "max": 11810.2089844,
        "mean": 1952.44458008,
        "median": 1816.80859375,
        "min": 134.778015137,
        "var": 1612715.625
    },
    "spectral_complexity": {
        "dmean": 5.27909612656,
        "dmean2": 7.6745429039,
        "dvar": 33.0162239075,
        "dvar2": 62.1077156067,
        "max": 63,
        "mean": 21.7612991333,
        "median": 20,
        "min": 0,
        "var": 191.332397461
    },
    "spectral_decrease": {
        "dmean": 4.51116211053e-09,
        "dmean2": 6.45680753308e-09,
        "dvar": 3.67430054676e-17,
        "dvar2": 7.40692659112e-17,
        "max": 2.21961596457e-28,
        "mean": -1.17605711836e-08,
        "median": -8.72437233568e-09,
        "min": -6.1291288489e-08,
        "var": 1.17722359545e-16
    },
    "spectral_energy": {
        "dmean": 0.0173495579511,
        "dmean2": 0.0249962788075,
        "dvar": 0.000530250486918,
        "dvar2": 0.00107495952398,
        "max": 0.233218818903,
        "mean": 0.0469556078315,
        "median": 0.0362011492252,
        "min": 9.89273681387e-21,
        "var": 0.00171241373755
    },
    "spectral_energyband_high": {
        "dmean": 0.00079627026571,
        "dmean2": 0.00118079944514,
        "dvar": 1.48444689785e-06,
        "dvar2": 3.43154033544e-06,
        "max": 0.0139955813065,
        "mean": 0.00160571921151,
        "median": 0.000960255623795,
        "min": 7.04793424812e-21,
        "var": 3.18137949762e-06
    },
    "spectral_energyband_low": {
        "dmean": 0.0165864061564,
        "dmean2": 0.0226234067231,
        "dvar": 0.000593522563577,
        "dvar2": 0.00109960255213,
        "max": 0.231297358871,
        "mean": 0.0332020483911,
        "median": 0.0183651261032,
        "min": 2.00573533397e-23,
        "var": 0.00165692251176
    },
    "spectral_energyband_middle_high": {
        "dmean": 0.00284226611257,
        "dmean2": 0.00430295849219,
        "dvar": 1.50044334077e-05,
        "dvar2": 3.50135778717e-05,
        "max": 0.0580553114414,
        "mean": 0.00718864006922,
        "median": 0.00471315626055,
        "min": 1.15044000905e-21,
        "var": 5.75588201173e-05
    },
    "spectral_energyband_middle_low": {
        "dmean": 0.00404931604862,
        "dmean2": 0.00657200533897,
        "dvar": 6.27846020507e-05,
        "dvar2": 0.000152816850459,
        "max": 0.0716529935598,
        "mean": 0.00567346857861,
        "median": 0.00295673217624,
        "min": 1.49296785696e-22,
        "var": 6.59151774016e-05
    },
    "spectral_entropy": {
        "dmean": 0.170549631119,
        "dmean2": 0.24591396749,
        "dvar": 0.0392109975219,
        "dvar2": 0.0748707950115,
        "max": 9.83248233795,
        "mean": 7.81638050079,
        "median": 7.9965763092,
        "min": 4.63742208481,
        "var": 0.409786909819
    },
    "spectral_flux": {
        "dmean": 0.0362107232213,
        "dmean2": 0.0553455799818,
        "dvar": 0.00158070400357,
        "dvar2": 0.00322227668948,
        "max": 0.394147098064,
        "mean": 0.109018228948,
        "median": 0.0924880281091,
        "min": 6.37279118365e-11,
        "var": 0.00504669500515
    },
    "spectral_kurtosis": {
        "dmean": 2.56657767296,
        "dmean2": 4.2648639679,
        "dvar": 39.1930007935,
        "dvar2": 109.981536865,
        "max": 154.103652954,
        "mean": 6.58622217178,
        "median": 2.6817176342,
        "min": -1.24703896046,
        "var": 189.009597778
    },
    "spectral_rms": {
        "dmean": 0.00115181074943,
        "dmean2": 0.00162518920843,
        "dvar": 1.63633728789e-06,
        "dvar2": 3.14284329761e-06,
        "max": 0.0150841157883,
        "mean": 0.00604446930811,
        "median": 0.00594291090965,
        "min": 3.10667832605e-12,
        "var": 9.27506607695e-06
    },
    "spectral_rolloff": {
        "dmean": 723.593933105,
        "dmean2": 1135.49987793,
        "dvar": 1236408.5,
        "dvar2": 2522158.25,
        "max": 19853.6132812,
        "mean": 2068.5222168,
        "median": 1593.45703125,
        "min": 64.599609375,
        "var": 6914084.5
    },
    "spectral_skewness": {
        "dmean": 0.269627898932,
        "dmean2": 0.4309925735,
        "dvar": 0.176991075277,
        "dvar2": 0.475706040859,
        "max": 9.97616577148,
        "mean": 1.57513940334,
        "median": 1.33870279789,
        "min": -0.0962895452976,
        "var": 1.01041686535
    },
    "spectral_spread": {
        "dmean": 571440.125,
        "dmean2": 865152.3125,
        "dvar": 572059942912,
        "dvar2": 1.14251635098e+12,
        "max": 42533244,
        "mean": 5237514.5,
        "median": 5104132,
        "min": 587013.125,
        "var": 1.6767979094e+13
    },
    "spectral_strongpeak": {
        "dmean": 0.420277804136,
        "dmean2": 0.694265782833,
        "dvar": 0.805439829826,
        "dvar2": 1.88155519962,
        "max": 14.5687055588,
        "mean": 0.733445703983,
        "median": 0.422110378742,
        "min": 0,
        "var": 1.17498123646
    },
    "zerocrossingrate": {
        "dmean": 0.0147989094257,
        "dmean2": 0.0154714528471,
        "dvar": 0.000268453703029,
        "dvar2": 0.000272175908322,
        "max": 0.5400390625,
        "mean": 0.0728538557887,
        "median": 0.06201171875,
        "min": 0.001953125,
        "var": 0.00442361552268
    },
    "barkbands": {
        "dmean": [0.000643105886411, 0.0149802779779, 0.00445538247004, 0.00125821644906, 0.00173958425876, 0.00081937626237, 0.000508574070409, 0.000346468848875, 0.0004789258237, 0.000730298517738, 0.000382080907002, 0.000441566924565, 0.000418101553805, 0.000962829682976, 0.00061455386458, 0.000395144365029, 0.000408053718274, 0.00028459879104, 0.000254848942859, 0.000170942381374, 0.000182518982911, 0.000165490258951, 0.000152296255692, 0.000198600857402, 0.000106865612906, 2.14187639358e-05, 8.21466130674e-07],
        "dmean2": [0.00101217976771, 0.0208656229079, 0.00688953464851, 0.00220970180817, 0.00317287025973, 0.00134685332887, 0.000829160620924, 0.000574246747419, 0.000770397658926, 0.00119417184032, 0.000603447144385, 0.000721833610442, 0.000683511607349, 0.00156416255049, 0.00100997602567, 0.000628068926744, 0.000634284107946, 0.000449622428278, 0.000407687301049, 0.00027239046176, 0.000294085999485, 0.000257578940364, 0.00024927186314, 0.000292425916996, 0.000157757371198, 3.33322095685e-05, 1.32131958708e-06],
        "dvar": [1.1589653468e-06, 0.000500947819091, 0.000140997814015, 1.49797060658e-05, 2.51474357356e-05, 2.66249503511e-06, 1.29916566038e-06, 7.01804253822e-07, 1.03373793081e-06, 2.9249263207e-06, 9.11411802917e-07, 8.20878028662e-07, 6.46959904316e-07, 4.06030540034e-06, 1.78342509116e-06, 6.60107673411e-07, 8.90022192834e-07, 2.84468427481e-07, 1.62140679549e-07, 6.89903316697e-08, 7.81551037221e-08, 6.84266581175e-08, 5.27889838509e-08, 1.12235923666e-07, 3.17005550698e-08, 1.27307719922e-09, 1.89758538743e-12],
        "dvar2": [2.91291075882e-06, 0.00107995443977, 0.00032857307815, 3.93280970457e-05, 7.14218549547e-05, 6.89574289936e-06, 3.09807705889e-06, 1.66067047758e-06, 2.42614055423e-06, 7.35714274924e-06, 1.87938042018e-06, 1.99486566999e-06, 1.61053901593e-06, 9.7806660051e-06, 4.82469749841e-06, 1.44093962717e-06, 1.90699881841e-06, 7.27494068542e-07, 3.95601290393e-07, 1.72550244315e-07, 1.94893360117e-07, 1.50685465883e-07, 1.29018943085e-07, 2.45039274205e-07, 6.8290248123e-08, 3.19160275986e-09, 4.60393485488e-12],
        "max": [0.0142882894725, 0.212591737509, 0.109419770539, 0.0336425825953, 0.0491069927812, 0.0237382892519, 0.0245686285198, 0.0189766325057, 0.0199886038899, 0.0335790887475, 0.0246021524072, 0.0272240415215, 0.0172022543848, 0.0458750985563, 0.0369188115001, 0.0251330453902, 0.0302838608623, 0.0121462484822, 0.00726505555212, 0.00442803604528, 0.0049782320857, 0.00516849150881, 0.00314031075686, 0.00304282316938, 0.00401868252084, 0.000515237334184, 1.70230905496e-05],
        "mean": [0.000878092891071, 0.027653966099, 0.00420006690547, 0.000880903389771, 0.0013820232125, 0.00112250912935, 0.000708377803676, 0.000428181199823, 0.000664734747261, 0.0010184898274, 0.000593285309151, 0.000592806609347, 0.000585888803471, 0.00142547348514, 0.000886272697244, 0.000585542235058, 0.000654631468933, 0.000484314077767, 0.000457817950519, 0.000312831019983, 0.000354024348781, 0.00026864244137, 0.000281123444438, 0.000319708749885, 0.000181917886948, 3.30062575813e-05, 1.05490198621e-06],
        "median": [0.000314157136017, 0.0152197349817, 0.00024494153331, 5.80246487516e-05, 0.000253652222455, 0.000413339963416, 0.000182684860192, 9.04218031792e-05, 0.000213936757063, 0.000264939444605, 0.000181560229976, 0.000252081488725, 0.000290505384328, 0.000596096040681, 0.000327885732986, 0.000228095683269, 0.000237407133682, 0.000218827102799, 0.000218109227717, 0.000183414464118, 0.000190425256733, 0.000136466376716, 0.00015994507703, 0.00015738044749, 9.42113692872e-05, 1.71690335264e-05, 3.93384709696e-07],
        "min": [5.38381248253e-25, 1.15504422097e-24, 1.60587004387e-24, 1.48541157529e-24, 7.2646579415e-24, 7.53729221465e-24, 3.75917425444e-24, 6.63474067577e-24, 6.58722166699e-24, 1.10930417242e-23, 1.11508186857e-23, 8.94375153371e-24, 2.55195698201e-23, 3.07528714876e-23, 3.36455928726e-23, 5.30122984897e-23, 5.75330836327e-23, 8.19095987343e-23, 1.44500536636e-22, 1.58042678293e-22, 2.78536132856e-22, 3.12381067724e-22, 3.65042594479e-22, 5.57676899197e-22, 8.26680032977e-22, 1.38602522784e-21, 1.87415963324e-21],
        "var": [1.76102275873e-06, 0.00116889912169, 0.000140655029099, 1.05222197817e-05, 1.56122623594e-05, 3.91511457565e-06, 2.25775261242e-06, 1.45747185343e-06, 1.92021548173e-06, 4.67480413135e-06, 2.77554318018e-06, 1.44457453644e-06, 9.92146283352e-07, 6.99838574292e-06, 2.59796115643e-06, 1.4256504528e-06, 1.86141346603e-06, 6.05696072853e-07, 3.82337105975e-07, 1.47793372207e-07, 1.72468801907e-07, 1.21664456287e-07, 1.04536141521e-07, 1.95065794628e-07, 5.7838189349e-08, 1.7558114962e-09, 2.5932379074e-12]
    },
    "erbbands": {
        "dmean": [0.460610121489, 3.42203140259, 6.08103513718, 3.76955723763, 5.28385257721, 5.55991983414, 5.53346681595, 7.03391456604, 7.5469288826, 7.81921052933, 6.60049533844, 11.5586862564, 21.8327064514, 16.0993328094, 15.3464994431, 19.7452507019, 19.259103775, 45.8216056824, 27.7417182922, 34.1323738098, 21.4960155487, 17.6339607239, 15.0575904846, 14.8049287796, 10.6732349396, 7.90427970886, 7.6573677063, 7.20601320267, 5.46618032455, 6.09121894836, 4.17240047455, 4.32648658752, 3.26913356781, 1.63905239105, 0.511160373688, 0.128291651607, 0.0325910970569, 0.00591320358217, 0.000124766680528, 2.23688984988e-05],
        "dmean2": [0.692589223385, 4.65867090225, 9.10153484344, 5.81524896622, 9.63634681702, 9.97755622864, 9.55095863342, 11.5095024109, 12.1440725327, 13.2328071594, 10.6960849762, 18.3779335022, 35.2719573975, 26.0274085999, 23.7492141724, 31.9883213043, 31.5749397278, 73.8947296143, 44.7819480896, 55.3711929321, 33.0826873779, 26.8042621613, 23.3697223663, 23.4752445221, 17.0340671539, 12.793797493, 12.2509651184, 11.8601703644, 8.53140258789, 9.53628921509, 6.73173666, 6.54335260391, 5.2893371582, 2.46295809746, 0.773724555969, 0.203464254737, 0.0498246662319, 0.00903534330428, 0.000188169127796, 3.31962801283e-05],
        "dvar": [0.375161021948, 34.8041191101, 238.659011841, 93.8093643188, 306.686553955, 228.406082153, 179.018997192, 223.965774536, 303.754089355, 390.227111816, 236.119338989, 650.233703613, 2972.27441406, 1591.55102539, 1464.41503906, 1613.79968262, 1228.50427246, 9424.07519531, 2946.82641602, 6234.20800781, 2184.30444336, 1378.72851562, 805.387390137, 565.982849121, 320.412231445, 156.192733765, 140.393264771, 136.353622437, 87.2357254028, 85.2633590698, 37.7282791138, 48.9260940552, 34.0394325256, 7.66392040253, 0.704692661762, 0.0427359640598, 0.0030181191396, 0.00010147546709, 3.94359851441e-08, 6.93047563782e-10],
        "dvar2": [0.871318459511, 70.4663925171, 533.485595703, 212.797119141, 852.862365723, 646.52154541, 490.941955566, 564.203796387, 730.821777344, 980.221313477, 524.407165527, 1486.37792969, 7054.92333984, 4192.68017578, 2914.22045898, 3766.5246582, 3113.60693359, 22589.7324219, 7425.24658203, 16862.1484375, 4512.99414062, 2831.15625, 2062.27587891, 1419.33618164, 800.613220215, 392.922821045, 341.572814941, 343.899749756, 200.361877441, 193.61769104, 92.5390777588, 93.0889129639, 85.9473266602, 16.6139507294, 1.59337031841, 0.106674239039, 0.00742760533467, 0.000243319213041, 9.327688133e-08, 1.49560352991e-09],
        "max": [6.85303735733, 56.2332801819, 124.563468933, 80.2162322998, 152.835845947, 164.033905029, 199.978256226, 269.363708496, 410.613891602, 403.037780762, 510.2449646, 588.921447754, 1037.65478516, 943.6015625, 1102.52441406, 1394.17871094, 731.706665039, 2258.81689453, 957.512145996, 2547.09179688, 1719.18811035, 1043.0390625, 590.647888184, 384.894683838, 287.857788086, 171.136276245, 391.029937744, 158.800384521, 193.501022339, 113.288925171, 91.2816467285, 61.3024520874, 60.9330406189, 50.9956474304, 21.2774734497, 3.55977416039, 0.699659943581, 0.0899840593338, 0.00210726866499, 0.000252543890383],
        "mean": [0.945586323738, 5.537504673, 6.37072038651, 3.48930668831, 3.60441184044, 4.85754442215, 6.11007547379, 9.684466362, 11.110253334, 10.4372491837, 8.905626297, 16.7155361176, 30.0878448486, 23.7515525818, 26.2609443665, 28.5424842834, 29.6200256348, 69.0906448364, 46.5339164734, 49.0894165039, 35.9998970032, 31.8213195801, 26.8611221313, 25.881444931, 19.4421977997, 14.5239171982, 14.6416664124, 13.7766971588, 9.23007011414, 9.36974239349, 7.83926534653, 7.37122297287, 4.760887146, 2.64814543724, 0.905333101749, 0.210023462772, 0.0483223125339, 0.00837137270719, 0.000206620505196, 6.42687664367e-05],
        "median": [0.571405291557, 2.53629398346, 1.05162096024, 0.389827638865, 0.393110543489, 0.988026201725, 1.72403907776, 3.5108795166, 3.39295148849, 2.16332674026, 2.73313975334, 5.65584278107, 8.60499382019, 8.14953231812, 9.90270996094, 13.0174150467, 16.7278957367, 29.8529243469, 20.8040676117, 19.3049087524, 13.5922880173, 12.6946620941, 12.7809152603, 12.8027896881, 10.387216568, 8.72887802124, 8.61513519287, 6.7077870369, 4.79305648804, 4.82734584808, 4.53833198547, 3.66799736023, 2.2589263916, 1.28649699688, 0.515947937965, 0.123268529773, 0.0226514451206, 0.00310864113271, 0.000107257030322, 5.51673765585e-05],
        "min": [4.42685515945e-23, 4.44992220962e-22, 2.12518572508e-21, 5.87899718003e-21, 1.10416123287e-20, 1.5783543128e-20, 1.8019231378e-20, 5.67571786761e-20, 6.75636729936e-20, 9.85824677506e-20, 1.68147181119e-19, 2.00640412393e-19, 5.3756198433e-19, 5.03815807073e-19, 7.30684307232e-19, 7.93830913303e-19, 1.44900991573e-18, 2.19741708457e-18, 2.32649055415e-18, 3.38071694201e-18, 3.67684429258e-18, 4.12208873295e-18, 5.40204981484e-18, 7.64062182322e-18, 5.94763002274e-18, 6.95224542617e-18, 9.48668794555e-18, 1.0680532081e-17, 1.10455511689e-17, 1.16404685645e-17, 1.03100693175e-17, 1.02639250471e-17, 8.98723629169e-18, 7.80289728861e-18, 5.80587277244e-18, 3.66514754513e-18, 2.49638580055e-18, 9.06352860715e-19, 2.24443025658e-19, 2.75198369217e-20],
        "var": [1.0910629034, 67.9257507324, 267.121185303, 96.485244751, 189.443069458, 154.692443848, 166.843460083, 336.115631104, 509.338378906, 711.707458496, 558.478759766, 1320.59753418, 4652.80908203, 2683.16479492, 5175.08984375, 3122.29321289, 2042.49316406, 16231.4804688, 5852.06591797, 8618.74316406, 5709.49658203, 3629.23950195, 1778.5435791, 1296.15625, 621.442382812, 317.91506958, 325.889556885, 277.940643311, 148.635726929, 141.129852295, 78.9909362793, 97.7012329102, 46.9208755493, 13.268825531, 1.26835596561, 0.0642412677407, 0.00415383838117, 0.000137773997267, 6.03324892268e-08, 2.25495710993e-09]
    },
    "gfcc": {
        "mean": [-20.3328914642, 69.2458190918, -123.783782959, 37.7742156982, -42.7560119629, 35.9152755737, -29.9561576843, 18.2411727905, -11.5230903625, 14.1390714645, -2.92169475555, 6.2529129982, -1.28417956829],
        "cov": [[31931.1738281, -1564.16894531, 567.762695312, 3523.36962891, -1650.43774414, 1513.56176758, -346.866333008, 946.541442871, -703.98828125, 392.38772583, -434.308532715, 615.977111816, -177.391860962], [-1564.16894531, 2326.19189453, -144.896209717, -569.968261719, 560.815124512, -382.061676025, 219.139038086, -227.614761353, 162.010375977, -256.268707275, 75.0576553345, -152.467498779, 152.154602051], [567.762695312, -144.896209717, 1657.81237793, 811.502624512, -77.0958938599, 324.510650635, 238.13848877, 78.5303115845, -53.6547889709, -48.7797622681, -54.287563324, 70.6478424072, -4.7986536026], [3523.36962891, -569.968261719, 811.502624512, 1019.23022461, -159.37651062, 332.477508545, 101.064880371, 170.482757568, -97.7771530151, 40.5317726135, -74.8956985474, 117.860313416, -16.6733436584], [-1650.43774414, 560.815124512, -77.0958938599, -159.37651062, 484.355377197, -76.762840271, 117.323493958, -73.9681854248, 83.4944458008, -82.4875106812, 29.1675682068, -79.9330749512, 18.2616882324], [1513.56176758, -382.061676025, 324.510650635, 332.477508545, -76.762840271, 417.578979492, 79.09009552, 96.6682815552, -28.7429122925, 53.6251182556, -12.792216301, 33.2729187012, -40.1971702576], [-346.866333008, 219.139038086, 238.13848877, 101.064880371, 117.323493958, 79.09009552, 238.494216919, 27.0811767578, 48.7154769897, -28.1913928986, 30.5121440887, 1.14620268345, 33.4582710266], [946.541442871, -227.614761353, 78.5303115845, 170.482757568, -73.9681854248, 96.6682815552, 27.0811767578, 164.739929199, 24.7748184204, 48.0156860352, 4.75380563736, 53.2113838196, 7.14142608643], [-703.98828125, 162.010375977, -53.6547889709, -97.7771530151, 83.4944458008, -28.7429122925, 48.7154769897, 24.7748184204, 129.593261719, 27.4129142761, 48.832775116, -9.17204475403, 30.5917758942], [392.38772583, -256.268707275, -48.7797622681, 40.5317726135, -82.4875106812, 53.6251182556, -28.1913928986, 48.0156860352, 27.4129142761, 114.985542297, 42.2915916443, 35.0995864868, -5.52794456482], [-434.308532715, 75.0576553345, -54.287563324, -74.8956985474, 29.1675682068, -12.792216301, 30.5121440887, 4.75380563736, 48.832775116, 42.2915916443, 111.550949097, 29.0127372742, 34.2774009705], [615.977111816, -152.467498779, 70.6478424072, 117.860313416, -79.9330749512, 33.2729187012, 1.14620268345, 53.2113838196, -9.17204475403, 35.0995864868, 29.0127372742, 104.426460266, 41.1983757019], [-177.391860962, 152.154602051, -4.7986536026, -16.6733436584, 18.2616882324, -40.1971702576, 33.4582710266, 7.14142608643, 30.5917758942, -5.52794456482, 34.2774009705, 41.1983757019, 99.7059783936]],
        "icov": [[0.000206806420465, -0.000542915018741, 0.000456071109511, -0.000886291381903, 0.000502721348312, -0.000512932077982, 0.000368405657355, -0.00053640617989, 0.000633138173725, -0.000616682169493, 0.000472779880511, -0.000583252811339, 0.000536126375664], [-0.000542915018741, 0.00249512819573, -0.00125411106274, 0.0024696001783, -0.0016741133295, 0.00170651380904, -0.00138214614708, 0.00188064482063, -0.00233979988843, 0.00330370059237, -0.00187612569425, 0.00233646645211, -0.00251661147922], [0.000456071109511, -0.00125411106274, 0.00225121667609, -0.00292560807429, 0.00151439348701, -0.00143459113315, 5.90795534663e-05, -0.000495097599924, 0.000805999326985, -0.000363768049283, 0.000901938707102, -0.00155024486594, 0.00156726746354], [-0.000886291381903, 0.0024696001783, -0.00292560807429, 0.00650639645755, -0.00260854372755, 0.00165666360408, -0.00196775840595, 0.000866248738021, -0.00107536092401, 0.00145211198833, -0.000362812628737, 0.00105079065543, -0.00255337310955], [0.000502721348312, -0.0016741133295, 0.00151439348701, -0.00260854372755, 0.00498227030039, -0.00133757502772, -0.000219548295718, -0.000303417240502, -0.000527409487404, 0.000600407191087, 0.000130845510284, -0.000142455741297, 0.00193845026661], [-0.000512932077982, 0.00170651380904, -0.00143459113315, 0.00165666360408, -0.00133757502772, 0.00545884016901, -0.00242386478931, 0.000298844795907, -0.000645309919491, 0.000122126119095, -0.00133193971124, 0.00211240490898, -0.000281240674667], [0.000368405657355, -0.00138214614708, 5.90795534663e-05, -0.00196775840595, -0.000219548295718, -0.00242386478931, 0.00836564227939, -0.00213416502811, -0.000501620816067, 0.000954320363235, -0.00130026123952, -0.000259167311015, -0.000392031855881], [-0.00053640617989, 0.00188064482063, -0.000495097599924, 0.000866248738021, -0.000303417240502, 0.000298844795907, -0.00213416502811, 0.0123932370916, -0.00650585209951, 0.00155055208597, 0.000229780984228, -0.00219769286923, -0.000787512108218], [0.000633138173725, -0.00233979988843, 0.000805999326985, -0.00107536092401, -0.000527409487404, -0.000645309919491, -0.000501620816067, -0.00650585209951, 0.0177052766085, -0.00895679462701, -0.000158448383445, 0.00189267040696, -0.00162972533144], [-0.000616682169493, 0.00330370059237, -0.000363768049283, 0.00145211198833, 0.000600407191087, 0.000122126119095, 0.000954320363235, 0.00155055208597, -0.00895679462701, 0.0229015499353, -0.00939282495528, 0.000575556594413, 0.000603697961196], [0.000472779880511, -0.00187612569425, 0.000901938707102, -0.000362812628737, 0.000130845510284, -0.00133193971124, -0.00130026123952, 0.000229780984228, -0.000158448383445, -0.00939282495528, 0.0179464630783, -0.00708305090666, -0.000169324135641], [-0.000583252811339, 0.00233646645211, -0.00155024486594, 0.00105079065543, -0.000142455741297, 0.00211240490898, -0.000259167311015, -0.00219769286923, 0.00189267040696, 0.000575556594413, -0.00708305090666, 0.0228932220489, -0.0109532112256], [0.000536126375664, -0.00251661147922, 0.00156726746354, -0.00255337310955, 0.00193845026661, -0.000281240674667, -0.000392031855881, -0.000787512108218, -0.00162972533144, 0.000603697961196, -0.000169324135641, -0.0109532112256, 0.0193093139678]]
    },
    "melbands": {
        "dmean": [0.00408212235197, 0.00338584254496, 0.000631075643469, 0.000403135694796, 0.000201723611099, 0.000158465423738, 0.000112198387797, 8.38479536469e-05, 5.5060696468e-05, 7.53413405619e-05, 0.000110303910333, 6.76310373819e-05, 5.47073650523e-05, 4.92652616231e-05, 4.57685746369e-05, 3.93474729208e-05, 0.000100860750536, 5.14113162353e-05, 4.29176943726e-05, 3.72645808966e-05, 2.91701271635e-05, 2.15369218495e-05, 1.79780090548e-05, 1.26850436573e-05, 1.30291955429e-05, 9.45698684518e-06, 6.38850315227e-06, 5.38320819032e-06, 5.49226069779e-06, 4.61978515887e-06, 4.18162062488e-06, 3.27699535774e-06, 3.40368160323e-06, 3.43053056895e-06, 2.52522204391e-06, 2.71851445177e-06, 2.70469672614e-06, 2.51415303865e-06, 1.99672876988e-06, 1.18002355975e-06],
        "dmean2": [0.00591372326016, 0.0047194743529, 0.000939121819101, 0.000733892957214, 0.000351371854777, 0.000258793355897, 0.000180112445378, 0.000141382886795, 8.8844113634e-05, 0.000119805481518, 0.000178665315616, 0.000109785243694, 8.55966864037e-05, 7.99574627308e-05, 7.48301317799e-05, 6.37429329799e-05, 0.00016339229478, 8.38981941342e-05, 6.94654154358e-05, 6.09168600931e-05, 4.56170673715e-05, 3.33236057486e-05, 2.83653535007e-05, 2.00731155928e-05, 2.09431236726e-05, 1.52985103341e-05, 1.01469213405e-05, 8.81186497281e-06, 8.9048389782e-06, 7.57541192797e-06, 6.97655696058e-06, 5.19787181474e-06, 5.36360494152e-06, 5.52652500119e-06, 4.20716696681e-06, 4.23663641413e-06, 4.17864157498e-06, 4.18729359808e-06, 3.10469476972e-06, 1.80136328254e-06],
        "dvar": [3.17375925079e-05, 5.1706450904e-05, 2.48446667683e-06, 1.47922423821e-06, 2.45429475854e-07, 1.0465601008e-07, 6.29913543548e-08, 4.45197514409e-08, 1.54766262028e-08, 2.7959139004e-08, 7.52349436084e-08, 3.14425392389e-08, 1.89343669632e-08, 1.00137738102e-08, 6.45153797052e-09, 6.54192966465e-09, 4.8453614454e-08, 1.08956479394e-08, 8.82625972309e-09, 6.12543082923e-09, 4.58581173035e-09, 2.57337662291e-09, 1.53119605883e-09, 5.05089581271e-10, 4.54739690348e-10, 2.3955917805e-10, 1.19264473297e-10, 7.37146108043e-11, 8.08563910271e-11, 5.03281756548e-11, 4.79533183995e-11, 3.19236720392e-11, 2.83489898223e-11, 2.76371980856e-11, 1.3766968468e-11, 1.87988079964e-11, 1.95917310153e-11, 1.97835046956e-11, 1.3429881339e-11, 3.78569571524e-12],
        "dvar2": [7.38501985325e-05, 9.76434530457e-05, 5.10232666784e-06, 4.18724084739e-06, 6.78681431054e-07, 2.64157222318e-07, 1.49355784629e-07, 1.10689910571e-07, 3.42581003565e-08, 6.40188986267e-08, 1.78973095899e-07, 8.32516207083e-08, 3.78911266807e-08, 2.39583179962e-08, 1.55657779999e-08, 1.56810706642e-08, 1.15838005854e-07, 2.72548081881e-08, 2.35627446443e-08, 1.57067550077e-08, 9.96888971372e-09, 5.23838661337e-09, 3.87603771301e-09, 1.2562324514e-09, 1.16644194303e-09, 5.94288618316e-10, 3.07774111752e-10, 1.86184026529e-10, 2.00689159735e-10, 1.28894006579e-10, 1.22854462714e-10, 7.53696202671e-11, 6.44843414777e-11, 6.54914594778e-11, 3.64948488096e-11, 4.04920749708e-11, 3.81561449103e-11, 5.27020892205e-11, 3.10813944027e-11, 8.08228310667e-12],
        "max": [0.0562965422869, 0.0582080669701, 0.0130254300311, 0.011817805469, 0.00759838148952, 0.00552333798259, 0.00582043780014, 0.00428693508729, 0.00403435854241, 0.00391467986628, 0.00535972509533, 0.00445336801931, 0.00380030297674, 0.00282512255944, 0.00214121653698, 0.00201590405777, 0.00520568108186, 0.0021411543712, 0.00251988810487, 0.00202538934536, 0.0020268720109, 0.00166852644179, 0.000863743887749, 0.00042623540503, 0.000382940692361, 0.00022398744477, 0.000210428726859, 0.000134351023007, 0.000364787701983, 7.73751016823e-05, 9.98616742436e-05, 0.000114422786282, 9.18118894333e-05, 5.69704498048e-05, 5.83740620641e-05, 4.74521802971e-05, 3.67716311303e-05, 4.04631064157e-05, 5.15118990734e-05, 4.2147727072e-05],
        "mean": [0.00801753439009, 0.0047922283411, 0.000630905560683, 0.000303166045342, 0.000220605506911, 0.000221540540224, 0.000164484445122, 0.000108749140054, 7.35465073376e-05, 0.000106780084025, 0.000149271261762, 9.44671264733e-05, 8.77330458025e-05, 7.0126116043e-05, 6.88027357683e-05, 5.63757748751e-05, 0.000146061458508, 7.86618547863e-05, 6.25508764642e-05, 5.18964043295e-05, 4.43742210336e-05, 3.50457667082e-05, 2.93076700473e-05, 2.08475194086e-05, 2.11802234844e-05, 1.61132593348e-05, 1.08502626972e-05, 9.21412538446e-06, 9.70179007709e-06, 8.33296599012e-06, 7.59954855312e-06, 5.14276553076e-06, 5.02303373651e-06, 5.19904415341e-06, 4.43968065156e-06, 4.72361125503e-06, 4.32243496107e-06, 3.34183482664e-06, 3.04449145005e-06, 1.91312801689e-06],
        "median": [0.00481455679983, 0.00157156377099, 6.36111799395e-05, 4.66113087896e-05, 6.15582612227e-05, 8.08487966424e-05, 4.80589878862e-05, 1.98900670512e-05, 2.22824601224e-05, 3.40986734955e-05, 3.91575085814e-05, 2.7583046176e-05, 2.8715314329e-05, 2.91045289487e-05, 3.6079880374e-05, 2.83986155409e-05, 5.77712635277e-05, 3.31150440616e-05, 2.362318628e-05, 2.00608337764e-05, 1.45293461173e-05, 1.28143874463e-05, 1.15640850709e-05, 9.55818359216e-06, 9.68002314039e-06, 7.70379301684e-06, 6.13407883066e-06, 5.2593932196e-06, 5.42103862244e-06, 4.19945581598e-06, 3.6339511098e-06, 2.51397023021e-06, 2.49367167271e-06, 2.70030750471e-06, 2.67499262918e-06, 2.29035322263e-06, 2.10949679058e-06, 1.56169528509e-06, 1.31912179313e-06, 9.83588392955e-07],
        "min": [3.96184139707e-25, 1.43265028997e-24, 1.2995828659e-24, 9.75882076479e-25, 4.54633703795e-25, 1.13948581316e-24, 1.06650138828e-24, 1.19986433937e-24, 1.4730590982e-24, 9.34314431585e-25, 2.45051948813e-24, 1.63175276739e-24, 1.83067183464e-24, 1.01594408173e-24, 2.38320243721e-24, 3.09246234672e-24, 3.66023176983e-24, 2.81386369348e-24, 2.32281631821e-24, 3.4625136447e-24, 2.32308019218e-24, 3.30653631943e-24, 3.05712078652e-24, 3.48663622232e-24, 5.74485587644e-24, 3.74571076537e-24, 4.92096718045e-24, 4.01525467592e-24, 4.36570061104e-24, 5.7484081171e-24, 5.08341533451e-24, 4.4241808421e-24, 5.29027241323e-24, 5.69982177952e-24, 3.99795692842e-24, 6.00160327982e-24, 6.21048930879e-24, 5.58473880636e-24, 6.22143396499e-24, 6.65374433498e-24],
        "var": [8.23444352136e-05, 8.37165862322e-05, 2.96429152513e-06, 9.06644629595e-07, 2.10018697544e-07, 1.62492071354e-07, 1.09518133229e-07, 8.1443076283e-08, 3.51768569828e-08, 5.48949188328e-08, 1.17523704546e-07, 5.15472606821e-08, 6.0713304606e-08, 2.08565236193e-08, 1.15846221505e-08, 1.04626503017e-08, 8.13206355588e-08, 1.89223481328e-08, 1.28874617644e-08, 8.98194052468e-09, 1.00188737306e-08, 5.94292348666e-09, 3.07235703545e-09, 9.48689904412e-10, 9.68672253521e-10, 4.57020754574e-10, 2.02906233482e-10, 1.41750056137e-10, 1.71377578795e-10, 1.0277892426e-10, 8.84039647042e-11, 4.9772082289e-11, 4.65687072237e-11, 4.28887272919e-11, 2.52433646902e-11, 3.92807453231e-11, 3.50101579671e-11, 2.39571366217e-11, 2.09384645039e-11, 6.52952735283e-12]
    },
    "mfcc": {
        "mean": [-646.218383789, 91.2412109375, -6.22257184982, 12.7039051056, 16.3065357208, 17.6584453583, 7.95514249802, 8.62877464294, 5.57196331024, 10.7988834381, 6.02563333511, 7.35862064362, 3.25052404404],
        "cov": [[15470.3320312, -1046.78088379, 1093.00915527, 1453.42175293, 216.152236938, 344.048461914, 502.351867676, 498.433166504, 184.374847412, 176.808334351, -40.1014175415, 23.0049324036, 93.8923873901], [-1046.78088379, 2374.0012207, -219.609863281, 48.454914093, 152.539978027, 2.48841142654, 20.6746425629, 90.0254974365, 67.8854293823, -43.4484405518, -71.202545166, 28.0377254486, -36.5390167236], [1093.00915527, -219.609863281, 1161.72241211, 444.470825195, 51.4676437378, 210.45300293, 210.09602356, 168.673675537, 47.8731155396, 46.3987083435, 0.170346364379, 4.58800077438, 4.52661561966], [1453.42175293, 48.454914093, 444.470825195, 606.285644531, 125.601387024, 103.5415802, 159.307754517, 156.175292969, 92.9298629761, 6.40843582153, -26.1261692047, 36.8532485962, 15.8092517853], [216.152236938, 152.539978027, 51.4676437378, 125.601387024, 211.59727478, 85.2491149902, 55.8422431946, 56.5475845337, 37.346496582, 15.3725090027, 4.6318936348, 4.00124692917, 7.69280385971], [344.048461914, 2.48841142654, 210.45300293, 103.5415802, 85.2491149902, 235.854827881, 136.156097412, 81.0717926025, 35.2565536499, 50.9305801392, 17.2000217438, 1.30457985401, 16.6540279388], [502.351867676, 20.6746425629, 210.09602356, 159.307754517, 55.8422431946, 136.156097412, 192.990081787, 114.616653442, 42.8602294922, 34.3141479492, 9.25689983368, 15.2830753326, 18.1165542603], [498.433166504, 90.0254974365, 168.673675537, 156.175292969, 56.5475845337, 81.0717926025, 114.616653442, 152.19960022, 70.5039901733, 26.1689128876, -0.951943516731, 25.0398521423, 17.833776474], [184.374847412, 67.8854293823, 47.8731155396, 92.9298629761, 37.346496582, 35.2565536499, 42.8602294922, 70.5039901733, 101.762870789, 34.8412971497, 3.70853757858, 19.7361011505, 10.7299613953], [176.808334351, -43.4484405518, 46.3987083435, 6.40843582153, 15.3725090027, 50.9305801392, 34.3141479492, 26.1689128876, 34.8412971497, 99.188041687, 39.863658905, 4.80159330368, 19.1448554993], [-40.1014175415, -71.202545166, 0.170346364379, -26.1261692047, 4.6318936348, 17.2000217438, 9.25689983368, -0.951943516731, 3.70853757858, 39.863658905, 76.5824203491, 31.1147594452, 18.1060886383], [23.0049324036, 28.0377254486, 4.58800077438, 36.8532485962, 4.00124692917, 1.30457985401, 15.2830753326, 25.0398521423, 19.7361011505, 4.80159330368, 31.1147594452, 86.7616119385, 38.2068595886], [93.8923873901, -36.5390167236, 4.52661561966, 15.8092517853, 7.69280385971, 16.6540279388, 18.1165542603, 17.833776474, 10.7299613953, 19.1448554993, 18.1060886383, 38.2068595886, 70.096282959]],
