{
"lowlevel": {
    "average_loudness": 0.775287508965,
    "barkbands_crest": {
        "dmean": 2.53226661682,
        "dmean2": 3.9917473793,
        "dvar": 9.49570274353,
        "dvar2": 18.0671272278,
        "max": 26.6107463837,
        "mean": 9.82868289948,
        "median": 7.58335399628,
        "min": 1.92633593082,
        "var": 39.7612533569
    },
    "barkbands_flatness_db": {
        "dmean": 0.0276350658387,
        "dmean2": 0.0399212315679,
        "dvar": 0.00128867058083,
        "dvar2": 0.00230755982921,
        "max": 0.496257036924,
        "mean": 0.101926296949,
        "median": 0.0828088521957,
        "min": 0.0157362595201,
        "var": 0.00437486870214
    },
    "barkbands_kurtosis": {
        "dmean": 5.88868236542,
        "dmean2": 9.22250843048,
        "dvar": 595.867919922,
        "dvar2": 1506.42810059,
        "max": 985.424072266,
        "mean": 6.36271238327,
        "median": 0.386032700539,
        "min": -1.9054557085,
        "var": 685.746643066
    },
    "barkbands_skewness": {
        "dmean": 0.737378120422,
        "dmean2": 1.08850491047,
        "dvar": 1.17161977291,
        "dvar2": 2.41077923775,
        "max": 27.0307731628,
        "mean": 1.55987286568,
        "median": 1.10018563271,
        "min": -2.6263449192,
        "var": 3.67361092567
    },
    "barkbands_spread": {
        "dmean": 8.66187095642,
        "dmean2": 13.3757429123,
        "dvar": 105.194221497,
        "dvar2": 217.997360229,
        "max": 120.06803894,
        "mean": 33.8917503357,
        "median": 32.9620399475,
        "min": 0.226031497121,
        "var": 319.36239624
    },
    "dissonance": {
        "dmean": 0.0137827433646,
        "dmean2": 0.0230025034398,
        "dvar": 0.000198018140509,
        "dvar2": 0.000518936954904,
        "max": 0.500000059605,
        "mean": 0.476398020983,
        "median": 0.48164743185,
        "min": 0.335525900126,
        "var": 0.000380957848392
    },
    "dynamic_complexity": 2.51774501801,
    "erbbands_crest": {
        "dmean": 1.98039054871,
        "dmean2": 3.21042990685,
        "dvar": 4.31483411789,
        "dvar2": 10.4349308014,
        "max": 28.4884853363,
        "mean": 6.2771897316,
        "median": 5.1498670578,
        "min": 2.12585330009,
        "var": 11.3033332825
    },
    "erbbands_flatness_db": {
        "dmean": 0.0151061331853,
        "dmean2": 0.0230000484735,
        "dvar": 0.000299323466606,
        "dvar2": 0.000648419081699,
        "max": 0.294029086828,
        "mean": 0.116566680372,
        "median": 0.105834625661,
        "min": 0.0382500328124,
        "var": 0.00150282622781
    },
    "erbbands_kurtosis": {
        "dmean": 0.664558649063,
        "dmean2": 1.06857025623,
        "dvar": 1.02168190479,
        "dvar2": 2.33150553703,
        "max": 20.484621048,
        "mean": -0.212824687362,
        "median": -0.564337134361,
        "min": -1.8090378046,
        "var": 1.84153962135
    },
    "erbbands_skewness": {
        "dmean": 0.337849736214,
        "dmean2": 0.528969049454,
        "dvar": 0.109810866416,
        "dvar2": 0.241740256548,
        "max": 4.40022993088,
        "mean": -0.0254909116775,
        "median": -0.0846566557884,
        "min": -2.58855080605,
        "var": 0.404596418142
    },
    "erbbands_spread": {
        "dmean": 10.0703344345,
        "dmean2": 15.5615272522,
        "dvar": 119.212974548,
        "dvar2": 269.280609131,
        "max": 181.344650269,
        "mean": 50.4640464783,
        "median": 48.3266525269,
        "min": 4.16285562515,
        "var": 356.534423828
    },
    "hfc": {
        "dmean": 13.2907438278,
        "dmean2": 19.3879051208,
        "dvar": 357.422271729,
        "dvar2": 625.791137695,
        "max": 572.578979492,
        "mean": 35.140335083,
        "median": 25.0668735504,
        "min": 1.08473309009e-16,
        "var": 1360.77758789
    },
    "melbands_crest": {
        "dmean": 3.39779543877,
        "dmean2": 5.25973272324,
        "dvar": 14.362985611,
        "dvar2": 28.9956321716,
        "max": 35.5761642456,
        "mean": 14.0756883621,
        "median": 11.545334816,
        "min": 1.50297904015,
        "var": 61.0468559265
    },
    "melbands_flatness_db": {
        "dmean": 0.0356090851128,
        "dmean2": 0.0501877181232,
        "dvar": 0.00195697322488,
        "dvar2": 0.00356362434104,
        "max": 0.635756611824,
        "mean": 0.157933607697,
        "median": 0.139712616801,
        "min": 0.00316695380025,
        "var": 0.0080142179504
    },
    "melbands_kurtosis": {
        "dmean": 13.2250118256,
        "dmean2": 20.0915279388,
        "dvar": 844.683044434,
        "dvar2": 1793.34399414,
        "max": 544.185058594,
        "mean": 21.4211215973,
        "median": 7.20938491821,
        "min": -1.75093007088,
        "var": 1631.11865234
    },
    "melbands_skewness": {
        "dmean": 0.995229125023,
        "dmean2": 1.48551368713,
        "dvar": 1.72209787369,
        "dvar2": 3.41498804092,
        "max": 17.5835094452,
        "mean": 3.19884729385,
        "median": 2.50439310074,
        "min": -1.61581981182,
        "var": 5.9551820755
    },
    "melbands_spread": {
        "dmean": 10.833240509,
        "dmean2": 16.4548931122,
        "dvar": 158.599456787,
        "dvar2": 307.441864014,
        "max": 259.53515625,
        "mean": 35.2761383057,
        "median": 29.8561515808,
        "min": 0.338907718658,
        "var": 782.518737793
    },
    "pitch_salience": {
        "dmean": 0.0780138224363,
        "dmean2": 0.119088210166,
        "dvar": 0.00862883962691,
        "dvar2": 0.0153833525255,
        "max": 0.995234131813,
        "mean": 0.551262199879,
        "median": 0.605318129063,
        "min": 0.0435593686998,
        "var": 0.0362631082535
    },
    "silence_rate_20dB": {
        "dmean": 0,
        "dmean2": 0,
        "dvar": 0,
        "dvar2": 0,
        "max": 1,
        "mean": 1,
        "median": 1,
        "min": 1,
        "var": 0
    },
    "silence_rate_30dB": {
        "dmean": 0.0511764064431,
        "dmean2": 0.102363914251,
        "dvar": 0.0485609285533,
        "dvar2": 0.118568994105,
        "max": 1,
        "mean": 0.94752818346,
        "median": 1,
        "min": 0,
        "var": 0.0497145652771
    },
    "silence_rate_60dB": {
        "dmean": 0.0201669745147,
        "dmean2": 0.0403383225203,
        "dvar": 0.0197612755001,
        "dvar2": 0.0502037070692,
        "max": 1,
        "mean": 0.0513876825571,
        "median": 0,
        "min": 0,
        "var": 0.0487498342991
    },
    "spectral_centroid": {
        "dmean": 341.785369873,
        "dmean2": 520.135681152,
        "dvar": 121253.34375,
        "dvar2": 236536.703125,
        "max": 12084.7607422,
        "mean": 2057.73242188,
        "median": 1968.24523926,
        "min": 124.067192078,
        "var": 1860177
    },
    "spectral_complexity": {
        "dmean": 6.91857290268,
        "dmean2": 10.1502923965,
        "dvar": 53.449092865,
        "dvar2": 93.4576187134,
        "max": 64,
        "mean": 26.5636386871,
        "median": 26,
        "min": 0,
        "var": 219.346679688
    },
    "spectral_decrease": {
        "dmean": 2.60719579259e-09,
        "dmean2": 3.87201914975e-09,
        "dvar": 1.21464251667e-17,
        "dvar2": 2.21577433167e-17,
        "max": 6.87297777355e-22,
        "mean": -8.49099190958e-09,
        "median": -5.70261171617e-09,
        "min": -5.00073333853e-08,
        "var": 6.74910624591e-17
    },
    "spectral_energy": {
        "dmean": 0.0104399286211,
        "dmean2": 0.0155444601551,
        "dvar": 0.000176802073838,
        "dvar2": 0.000331872084644,
        "max": 0.190754905343,
        "mean": 0.0352341644466,
        "median": 0.02525206469,
        "min": 1.00008753309e-20,
        "var": 0.00101631693542
    },
    "spectral_energyband_high": {
        "dmean": 0.00112283113413,
        "dmean2": 0.00160396378487,
        "dvar": 3.46759020431e-06,
        "dvar2": 5.7488823586e-06,
        "max": 0.0717033445835,
        "mean": 0.00263630016707,
        "median": 0.00143251963891,
        "min": 7.1227763221e-21,
        "var": 1.45982976392e-05
    },
    "spectral_energyband_low": {
        "dmean": 0.00788445398211,
        "dmean2": 0.0107804043218,
        "dvar": 0.000220346279093,
        "dvar2": 0.000319123035297,
        "max": 0.170252323151,
        "mean": 0.0188963897526,
        "median": 0.0052179871127,
        "min": 8.13860775054e-24,
        "var": 0.00095396413235
    },
    "spectral_energyband_middle_high": {
        "dmean": 0.00248009641655,
        "dmean2": 0.00384149327874,
        "dvar": 1.2062391761e-05,
        "dvar2": 2.77873859886e-05,
        "max": 0.072625041008,
        "mean": 0.00546716991812,
        "median": 0.00422438234091,
        "min": 1.0840919854e-21,
        "var": 2.62513622147e-05
    },
    "spectral_energyband_middle_low": {
        "dmean": 0.00482622021809,
        "dmean2": 0.00753393629566,
        "dvar": 5.62979912502e-05,
        "dvar2": 0.000136002752697,
        "max": 0.083429351449,
        "mean": 0.00941690802574,
        "median": 0.00651434622705,
        "min": 1.31325410937e-22,
        "var": 8.4876002802e-05
    },
    "spectral_entropy": {
        "dmean": 0.151883408427,
        "dmean2": 0.22259324789,
        "dvar": 0.0424483045936,
        "dvar2": 0.0925488248467,
        "max": 9.82360267639,
        "mean": 8.01656532288,
        "median": 8.10343170166,
        "min": 5.66037893295,
        "var": 0.180807724595
    },
    "spectral_flux": {
        "dmean": 0.0274903587997,
        "dmean2": 0.0390320047736,
        "dvar": 0.000957126263529,
        "dvar2": 0.0020453853067,
        "max": 0.341884016991,
        "mean": 0.0968549698591,
        "median": 0.0860164314508,
        "min": 6.3218985602e-11,
        "var": 0.0034070846159
    },
    "spectral_kurtosis": {
        "dmean": 0.952137231827,
        "dmean2": 1.56163477898,
        "dvar": 2.67210483551,
        "dvar2": 6.84494972229,
        "max": 39.4392967224,
        "mean": 2.80086183548,
        "median": 2.4698548317,
        "min": -1.2970751524,
        "var": 4.12829494476
    },
    "spectral_rms": {
        "dmean": 0.000852725759614,
        "dmean2": 0.00126024568453,
        "dvar": 8.47158673878e-07,
        "dvar2": 1.51992969677e-06,
        "max": 0.0136419339105,
        "mean": 0.00527110509574,
        "median": 0.00496348273009,
        "min": 3.12361182926e-12,
        "var": 6.59025999994e-06
    },
    "spectral_rolloff": {
        "dmean": 954.219360352,
        "dmean2": 1526.46447754,
        "dvar": 2025308.625,
        "dvar2": 4493732.5,
        "max": 19659.8144531,
        "mean": 2744.31689453,
        "median": 2088.72070312,
        "min": 64.599609375,
        "var": 9112774
    },
    "spectral_skewness": {
        "dmean": 0.156929284334,
        "dmean2": 0.246441558003,
        "dvar": 0.0420500002801,
        "dvar2": 0.0998380631208,
        "max": 5.00330638885,
        "mean": 1.28492486477,
        "median": 1.28185009956,
        "min": -0.111215293407,
        "var": 0.125128492713
    },
    "spectral_spread": {
        "dmean": 681569.375,
        "dmean2": 1041989.625,
        "dvar": 825835520000,
        "dvar2": 1.69701644698e+12,
        "max": 42470244,
        "mean": 6324012.5,
        "median": 5928784,
        "min": 1672089.375,
        "var": 2.20114494423e+13
    },
    "spectral_strongpeak": {
        "dmean": 0.386872321367,
        "dmean2": 0.651664316654,
        "dvar": 0.605578362942,
        "dvar2": 1.52831339836,
        "max": 18.961101532,
        "mean": 0.701058328152,
        "median": 0.493367910385,
        "min": 0,
        "var": 0.964156091213
    },
    "zerocrossingrate": {
        "dmean": 0.0172643400729,
        "dmean2": 0.0195980705321,
        "dvar": 0.000332603027346,
        "dvar2": 0.000420706986915,
        "max": 0.52734375,
        "mean": 0.0974989756942,
        "median": 0.0888671875,
        "min": 0.00244140625,
        "var": 0.00535007100552
    },
    "barkbands": {
        "dmean": [0.000313908734825, 0.00656264694408, 0.0027949702926, 0.0014890228631, 0.00183295668103, 0.00144848087803, 0.000586049922276, 0.000569563941099, 0.000797280285042, 0.000624812440947, 0.00028248745366, 0.000443271099357, 0.000306538422592, 0.00038152790512, 0.000387726642657, 0.00034292525379, 0.000280329928501, 0.00033776302007, 0.000367212633137, 0.000305385154206, 0.000260098138824, 0.000180454779183, 0.000184660966625, 0.000220868823817, 0.000225633877562, 0.000117004579806, 7.3536398304e-06],
        "dmean2": [0.000481384340674, 0.00962812174112, 0.00438695494086, 0.00247312476858, 0.00319922831841, 0.00227550929412, 0.00096029706765, 0.000928382738493, 0.00130926340353, 0.00103062496055, 0.000478032365208, 0.000735138135497, 0.000512715429068, 0.000628720154054, 0.000632989453152, 0.000546550611034, 0.000451658270322, 0.000558281433769, 0.000591374991927, 0.000482961157104, 0.000400999764679, 0.000279901083559, 0.000276102917269, 0.000333131523803, 0.000328050460666, 0.000187596975593, 1.19131627798e-05],
        "dvar": [6.85206885009e-07, 0.000217059961869, 7.2103801358e-05, 1.38194864121e-05, 2.20456731768e-05, 5.27287738805e-06, 8.80905133727e-07, 1.16051694476e-06, 1.69370514413e-06, 2.02723754228e-06, 2.34718029901e-07, 1.23716540656e-06, 3.14172950766e-07, 6.48293564609e-07, 5.76474064928e-07, 3.66670718677e-07, 1.60384402648e-07, 2.33244762171e-07, 2.8105966976e-07, 2.28393304269e-07, 4.3774838332e-07, 7.81891742463e-08, 9.38050348509e-08, 3.48645954773e-07, 4.59396034103e-07, 5.66652254008e-08, 1.57951735025e-10],
        "dvar2": [1.74570084255e-06, 0.000349076261045, 0.000162544762134, 3.80020901503e-05, 6.34869138594e-05, 1.15247812573e-05, 2.2665672077e-06, 2.96796656585e-06, 4.23518667958e-06, 5.23003018316e-06, 6.27552481092e-07, 3.0555390822e-06, 8.00483178409e-07, 1.53132282321e-06, 1.46006971136e-06, 8.51327627061e-07, 3.96176830009e-07, 5.95174981299e-07, 6.74969555803e-07, 5.16925410921e-07, 1.01752743831e-06, 1.77287816427e-07, 1.90823030266e-07, 6.92735113716e-07, 6.24765618795e-07, 1.42429755101e-07, 3.6738972975e-10],
        "max": [0.0197738800198, 0.151980191469, 0.0790680497885, 0.0314706191421, 0.0488573536277, 0.0514496006072, 0.0214389879256, 0.029224280268, 0.0288603529334, 0.050756495446, 0.0102775190026, 0.0491607673466, 0.0245237555355, 0.0422847755253, 0.0168016441166, 0.015019511804, 0.00898833014071, 0.00753652909771, 0.0182763170451, 0.0189366415143, 0.0434277802706, 0.00870837643743, 0.0105428127572, 0.0230649635196, 0.0330161377788, 0.00547845847905, 0.000446458492661],
        "mean": [0.000438014540123, 0.0146851669997, 0.00286372727714, 0.00179551355541, 0.00216543232091, 0.0023348138202, 0.000794588995632, 0.00075483287219, 0.00113114970736, 0.000832759949844, 0.000353316689143, 0.000573518685997, 0.000412864319514, 0.000540363020264, 0.000497401459143, 0.000484810210764, 0.00046558334725, 0.000525962968823, 0.000687769148499, 0.000593173666857, 0.000492786522955, 0.000362346385373, 0.000323585903971, 0.000460134790046, 0.000481838971609, 0.000172457483131, 1.03270285763e-05],
        "median": [2.49427812378e-05, 0.00250715715811, 0.000582203210797, 0.000514713930897, 0.00082314608153, 0.00113851740025, 0.000442281656433, 0.000339940481354, 0.000536328181624, 0.000376476265956, 0.000175529334228, 0.00026263014297, 0.000223023816943, 0.000289241957944, 0.000256647821516, 0.00028116905014, 0.000313307158649, 0.000314186676405, 0.000440216186689, 0.000342294020811, 0.000260894477833, 0.00019903969951, 0.000168237427715, 0.000202623312362, 0.000185812721611, 7.18505907571e-05, 4.03333979193e-06],
        "min": [1.61927505862e-25, 1.81127197004e-24, 4.23355516815e-25, 5.51757124458e-25, 6.45955241809e-24, 5.90694076006e-24, 4.16681260518e-24, 3.25911453776e-24, 7.40278748601e-24, 1.13819423092e-23, 7.36361107573e-24, 2.47543905192e-23, 1.88556294579e-23, 2.7960310194e-23, 5.11639469017e-23, 5.11975965525e-23, 5.53425431167e-23, 6.94231296732e-23, 1.14170664988e-22, 1.65144660494e-22, 2.51867762254e-22, 2.76865565272e-22, 3.84753817741e-22, 4.76737851811e-22, 7.80130979169e-22, 1.25506563379e-21, 1.88426735219e-21],
        "var": [1.35627442432e-06, 0.00079122785246, 6.79230870446e-05, 1.16414566946e-05, 1.61444822879e-05, 1.22731607917e-05, 1.22711401218e-06, 2.23257779908e-06, 3.25265364154e-06, 2.91473156722e-06, 2.99035292528e-07, 1.92407196664e-06, 4.68727961334e-07, 1.05947094653e-06, 7.33268109343e-07, 4.76933280424e-07, 2.75238136282e-07, 3.78750883101e-07, 5.66376968436e-07, 5.30050385805e-07, 6.96254460308e-07, 2.38103567085e-07, 2.20563975972e-07, 1.04170487703e-06, 1.88637250176e-06, 7.29926910026e-08, 2.48390225055e-10]
    },
    "erbbands": {
        "dmean": [0.227529525757, 1.51908040047, 3.26166248322, 3.7613401413, 5.44292116165, 6.49883270264, 8.47452831268, 12.2313404083, 9.55556774139, 10.1646747589, 13.129611969, 19.0999145508, 23.0340251923, 11.7673025131, 11.8603858948, 19.6999588013, 13.948515892, 19.7772159576, 17.7726860046, 21.1656360626, 16.2396259308, 14.5053787231, 16.6643810272, 19.7604656219, 15.9460048676, 15.239279747, 12.4358520508, 8.85949897766, 6.96067428589, 5.49608612061, 5.30020952225, 3.5691947937, 4.58396911621, 3.10478591919, 1.4130358696, 0.765523314476, 0.133926764131, 0.0249595101923, 0.000620144128334, 2.85125497612e-05],
        "dmean2": [0.277313411236, 2.19008398056, 4.8360953331, 5.76755714417, 9.39244651794, 11.206152916, 13.4048585892, 19.7101192474, 15.6111354828, 16.4935703278, 21.5147380829, 31.3101615906, 37.7785987854, 19.4713249207, 19.8583335876, 32.5122642517, 23.2249774933, 32.5746231079, 29.2198753357, 33.7044868469, 25.884021759, 22.9405250549, 27.4638843536, 32.1768035889, 25.6588630676, 24.0040874481, 19.344751358, 13.7416524887, 10.8556852341, 8.35361385345, 7.91458797455, 5.37408447266, 6.95200252533, 4.48868751526, 2.1061937809, 1.23743712902, 0.208552598953, 0.038635250181, 0.000966198043898, 4.27671620855e-05],
        "dvar": [0.26872241497, 12.0872135162, 91.6402359009, 73.5570373535, 233.334701538, 260.509277344, 163.738067627, 443.794891357, 282.22265625, 261.94543457, 698.306518555, 974.012695312, 2920.23535156, 383.92300415, 373.583648682, 2840.41748047, 472.714996338, 1993.92956543, 1317.68139648, 1525.51635742, 815.90032959, 432.499481201, 624.570556641, 744.065734863, 553.472167969, 577.389648438, 1006.32623291, 298.212371826, 121.352584839, 78.9251174927, 77.8562393188, 69.2604217529, 203.849182129, 100.566215515, 15.0831756592, 2.93004703522, 0.051303230226, 0.00197554496117, 1.15715045013e-06, 1.6085942578e-09],
        "dvar2": [0.360428720713, 20.5592422485, 189.066207886, 175.551071167, 657.419433594, 746.450805664, 363.073486328, 1030.91967773, 696.113342285, 661.203613281, 1817.54089355, 2474.05810547, 7422.05859375, 994.035766602, 966.857727051, 7128.20068359, 1215.26904297, 4666.56738281, 3445.73510742, 3678.87304688, 1974.10192871, 1012.53936768, 1607.5657959, 1797.90368652, 1335.68518066, 1244.70849609, 2382.77294922, 620.118652344, 277.575317383, 172.696044922, 158.201766968, 142.913803101, 412.602722168, 148.377990723, 24.9270610809, 7.49853944778, 0.113361030817, 0.00416555721313, 2.49239496952e-06, 3.26014681917e-09],
        "max": [5.35099363327, 40.811416626, 100.957504272, 77.5036849976, 152.243850708, 168.804824829, 229.353652954, 376.835845947, 453.712921143, 296.784057617, 774.014709473, 581.219787598, 1838.34985352, 546.6328125, 551.962768555, 2370.32885742, 579.598327637, 2520.67578125, 1026.19165039, 1167.61303711, 847.065551758, 499.021270752, 347.544494629, 860.73828125, 517.34588623, 837.751708984, 1997.34570312, 795.933288574, 380.35067749, 209.584960938, 301.834899902, 449.685058594, 538.143249512, 548.084411621, 195.705932617, 39.0122413635, 6.05294656754, 1.93019258976, 0.0409698486328, 0.00138242461253],
        "mean": [0.463557928801, 3.10247206688, 3.88386321068, 4.94278764725, 6.06926059723, 7.55834817886, 13.0296592712, 19.0738754272, 13.729719162, 13.1516399384, 18.3661022186, 27.8782787323, 31.457868576, 16.9608764648, 16.2193145752, 25.9780750275, 20.3305339813, 28.4952697754, 24.0060825348, 29.373249054, 25.3888778687, 24.9208011627, 26.6902332306, 35.0153770447, 31.6274089813, 29.468252182, 23.2769069672, 16.8472805023, 14.0783586502, 9.95038223267, 9.22135829926, 7.33172702789, 9.09969425201, 6.43598842621, 2.83109092712, 1.07829988003, 0.227986112237, 0.0428497828543, 0.00105149240699, 8.04147784947e-05],
        "median": [0.0505909249187, 0.597074747086, 1.12322974205, 1.7559274435, 1.5627849102, 2.84017205238, 6.75152111053, 8.45835494995, 6.85128116608, 6.84469032288, 8.88856697083, 12.4634771347, 13.8571071625, 9.2405090332, 9.24716377258, 12.563621521, 11.8846120834, 15.6010112762, 13.3655414581, 16.9769248962, 15.5661945343, 16.8549079895, 16.9226570129, 22.3610916138, 20.1017379761, 16.4778900146, 12.2493896484, 8.80955123901, 7.64389896393, 5.20770025253, 4.80520343781, 4.06553983688, 3.40233945847, 2.37659740448, 1.18024361134, 0.429100871086, 0.10162730515, 0.018895868212, 0.000477691501146, 6.28755806247e-05],
        "min": [5.92743015989e-23, 3.66805048581e-22, 1.24187547556e-21, 4.33052395906e-21, 1.2164741847e-20, 1.98483603569e-20, 3.87431591822e-20, 7.37259552996e-20, 6.95668976421e-20, 1.43645509764e-19, 1.62256181742e-19, 1.57326534258e-19, 2.99941919816e-19, 7.08932714146e-19, 5.73512546221e-19, 1.38055937587e-18, 1.50252860476e-18, 2.09422568277e-18, 2.35801316652e-18, 2.63667583923e-18, 3.34242116798e-18, 3.31718037198e-18, 3.40778642755e-18, 5.98273143203e-18, 5.7394907011e-18, 8.53561718393e-18, 8.53080299277e-18, 9.86688248895e-18, 1.05700265415e-17, 1.01052072855e-17, 1.01033386845e-17, 7.40197856214e-18, 8.97268453035e-18, 7.83368908691e-18, 5.79319540237e-18, 4.10361365396e-18, 2.19141382128e-18, 9.18330125792e-19, 2.45553346974e-19, 2.60710526971e-20],
        "var": [1.0142146349, 36.3169059753, 106.653053284, 75.696685791, 167.577072144, 198.002838135, 336.224395752, 956.342163086, 497.690643311, 332.993682861, 1429.00708008, 2050.32617188, 4415.34326172, 679.161010742, 543.346374512, 4061.45239258, 770.940124512, 3300.61303711, 1672.09436035, 1957.81176758, 1080.99523926, 743.655578613, 927.415466309, 1470.34533691, 1184.24633789, 1412.0625, 1559.63867188, 682.235778809, 386.265472412, 194.620269775, 185.41166687, 180.7006073, 572.580688477, 378.455749512, 53.2272491455, 3.6693687439, 0.100245840847, 0.00392438052222, 2.27381542572e-06, 5.61924640152e-09]
    },
    "gfcc": {
        "mean": [18.279794693, 56.6308441162, -106.949523926, 37.3454475403, -57.5482788086, 16.7196521759, -38.44165802, 18.6839046478, -26.8160457611, 10.0046367645, -14.6539478302, 2.48118209839, -9.26159381866],
        "cov": [[27988.3691406, -451.708343506, -1785.30627441, 766.18182373, -1304.76367188, 673.903991699, -960.752929688, 467.224914551, -787.728942871, 338.192749023, -484.679992676, 173.564620972, -320.066192627], [-451.708343506, 1507.53308105, -168.717559814, 106.988967896, 258.0675354, -108.412864685, 207.066619873, -68.3696899414, 147.974304199, -75.5573196411, 138.674530029, -109.664306641, 117.426109314], [-1785.30627441, -168.717559814, 1000.72613525, 170.19821167, 216.001159668, 174.47328186, 84.8966293335, 30.0937271118, 86.3360671997, 54.9367675781, 35.298789978, 75.3507537842, 4.06297302246], [766.18182373, 106.988967896, 170.19821167, 336.477081299, 75.9259262085, 86.0184020996, 56.7872657776, 36.2262840271, 43.2814941406, 31.7313098907, 11.3166646957, 12.6922473907, 10.2023105621], [-1304.76367188, 258.0675354, 216.001159668, 75.9259262085, 324.166473389, 64.3623275757, 182.802276611, 27.5704689026, 102.127044678, 17.9971485138, 70.0032348633, 1.14733612537, 42.7978668213], [673.903991699, -108.412864685, 174.47328186, 86.0184020996, 64.3623275757, 229.506500244, 56.1017723083, 81.3654174805, 15.6681900024, 61.1643867493, 21.1951065063, 19.4844913483, 13.8784341812], [-960.752929688, 207.066619873, 84.8966293335, 56.7872657776, 182.802276611, 56.1017723083, 224.444290161, 52.6679573059, 118.386291504, 28.473405838, 72.4843597412, -1.98643279076, 54.5066184998], [467.224914551, -68.3696899414, 30.0937271118, 36.2262840271, 27.5704689026, 81.3654174805, 52.6679573059, 155.472579956, 56.4092254639, 48.9109382629, 23.7313041687, 17.66248703, 16.9849948883], [-787.728942871, 147.974304199, 86.3360671997, 43.2814941406, 102.127044678, 15.6681900024, 118.386291504, 56.4092254639, 159.908889771, 40.9024734497, 67.4683837891, 24.3844623566, 47.6171798706], [338.192749023, -75.5573196411, 54.9367675781, 31.7313098907, 17.9971485138, 61.1643867493, 28.473405838, 48.9109382629, 40.9024734497, 87.3003463745, 38.6090660095, 37.2086334229, 18.1307926178], [-484.679992676, 138.674530029, 35.298789978, 11.3166646957, 70.0032348633, 21.1951065063, 72.4843597412, 23.7313041687, 67.4683837891, 38.6090660095, 108.212005615, 18.5558929443, 59.1723899841], [173.564620972, -109.664306641, 75.3507537842, 12.6922473907, 1.14733612537, 19.4844913483, -1.98643279076, 17.66248703, 24.3844623566, 37.2086334229, 18.5558929443, 92.6102981567, 10.3389196396], [-320.066192627, 117.426109314, 4.06297302246, 10.2023105621, 42.7978668213, 13.8784341812, 54.5066184998, 16.9849948883, 47.6171798706, 18.1307926178, 59.1723899841, 10.3389196396, 80.0611114502]],
        "icov": [[0.000165534962434, -0.000312434858643, 0.000322911626427, -0.000405527971452, 0.000390886154491, -0.000575980287977, 0.000378376658773, -0.000547357311007, 0.000735881621949, -0.000850409618579, 0.000598031503614, -0.000664294930175, 0.00030341904494], [-0.000312434858643, 0.00191544776317, -0.000245118077146, 0.000178123620572, -0.00148132815957, 0.00140408345032, -0.000678321172018, 0.00167408504058, -0.00223186286166, 0.00287210033275, -0.00236346689053, 0.00247125141323, -0.00130889296997], [0.000322911626427, -0.000245118077146, 0.00224077631719, -0.00129507028032, -0.000439295661636, -0.00210249703377, 0.00142202340066, -0.000350298912963, 0.000411964778323, -0.00106657552533, 0.000905913650058, -0.00196781079285, 0.000988326268271], [-0.000405527971452, 0.000178123620572, -0.00129507028032, 0.0048025525175, -0.000895340635907, 0.00039673387073, -0.00113122700714, 0.00111009110697, -0.00201555388048, 0.00102470209822, -0.000104396865936, 0.00126542698126, -0.00060378597118], [0.000390886154491, -0.00148132815957, -0.000439295661636, -0.000895340635907, 0.00817829556763, -0.00191808503587, -0.00396497035399, -0.00094732560683, 0.00191517337225, -0.00140818243381, 0.000475238048239, -0.00184329773765, 0.00179940473754], [-0.000575980287977, 0.00140408345032, -0.00210249703377, 0.00039673387073, -0.00191808503587, 0.0100363595411, -0.00295185949653, -0.00112047244329, 0.000872952048667, -0.000949844717979, -0.00181933213025, 0.00321705522947, -0.00214783078991], [0.000378376658773, -0.000678321172018, 0.00142202340066, -0.00113122700714, -0.00396497035399, -0.00295185949653, 0.0131867006421, -0.00189038726967, -0.00378311262466, -0.00114316958934, 0.000244166236371, 0.000326205685269, -0.00107949890662], [-0.000547357311007, 0.00167408504058, -0.000350298912963, 0.00111009110697, -0.00094732560683, -0.00112047244329, -0.00189038726967, 0.0120247192681, -0.00617266958579, 0.000833508325741, -0.00143306399696, 0.00276006292552, -0.00114545808174], [0.000735881621949, -0.00223186286166, 0.000411964778323, -0.00201555388048, 0.00191517337225, 0.000872952048667, -0.00378311262466, -0.00617266958579, 0.0182485636324, -0.00731575908139, 0.000821349094622, -0.00522601511329, 3.23715248669e-05], [-0.000850409618579, 0.00287210033275, -0.00106657552533, 0.00102470209822, -0.00140818243381, -0.000949844717979, -0.00114316958934, 0.000833508325741, -0.00731575908139, 0.0268612895161, -0.0103507190943, -0.00102275959216, -0.000119592281408], [0.000598031503614, -0.00236346689053, 0.000905913650058, -0.000104396865936, 0.000475238048239, -0.00181933213025, 0.000244166236371, -0.00143306399696, 0.000821349094622, -0.0103507190943, 0.0236908625811, -0.00377047481015, -0.00914347637445], [-0.000664294930175, 0.00247125141323, -0.00196781079285, 0.00126542698126, -0.00184329773765, 0.00321705522947, 0.000326205685269, 0.00276006292552, -0.00522601511329, -0.00102275959216, -0.00377047481015, 0.0180931780487, -0.00293158297427], [0.00030341904494, -0.00130889296997, 0.000988326268271, -0.00060378597118, 0.00179940473754, -0.00214783078991, -0.00107949890662, -0.00114545808174, 3.23715248669e-05, -0.000119592281408, -0.00914347637445, -0.00293158297427, 0.0231826379895]]
    },
    "melbands": {
        "dmean": [0.00180329172872, 0.00167875865009, 0.000654425180983, 0.000427113845944, 0.000287669477984, 0.000276564707747, 0.000137971845106, 0.000110787659651, 0.000113235953904, 0.000117632487672, 0.000115425209515, 4.84441261506e-05, 4.09301610489e-05, 5.12684237037e-05, 3.72211216018e-05, 3.06687143166e-05, 3.90478999179e-05, 2.88290502795e-05, 2.81811735476e-05, 2.70178497885e-05, 2.04025782296e-05, 1.58778657351e-05, 1.68912447407e-05, 1.69843642652e-05, 1.7166192265e-05, 1.39165858855e-05, 1.0669104995e-05, 1.04458085843e-05, 8.7548933152e-06, 7.01300950823e-06, 4.81210918224e-06, 4.12190729548e-06, 3.73551688426e-06, 3.28416581397e-06, 3.48002572537e-06, 2.49229628935e-06, 2.21000959755e-06, 3.38440622727e-06, 3.23780886902e-06, 2.72547163149e-06],
        "dmean2": [0.00248629390262, 0.00234370096587, 0.000974128139205, 0.00074336619582, 0.000459253089502, 0.000441485492047, 0.000224313436775, 0.000179375827429, 0.000185639699339, 0.000192971463548, 0.000189591693925, 8.05596937425e-05, 6.9010493462e-05, 8.55020407471e-05, 6.14535456407e-05, 5.10283680342e-05, 6.46209955448e-05, 4.78085858049e-05, 4.55856934423e-05, 4.32515480497e-05, 3.29466820403e-05, 2.54586138908e-05, 2.78402549156e-05, 2.85725200229e-05, 2.81465963781e-05, 2.25183193834e-05, 1.7407028281e-05, 1.64350585692e-05, 1.39214671435e-05, 1.09470847747e-05, 7.60047851145e-06, 6.58666840536e-06, 5.79641209697e-06, 5.09028041051e-06, 5.30905845153e-06, 3.7538864035e-06, 3.43460851582e-06, 5.20823596162e-06, 4.81164806843e-06, 4.03702915719e-06],
        "dvar": [1.63702170539e-05, 1.70733819687e-05, 1.98488237402e-06, 1.44675652791e-06, 1.81635030572e-07, 2.15452587327e-07, 5.45099574367e-08, 3.05817877688e-08, 4.288207478e-08, 3.73030708545e-08, 7.40579579883e-08, 6.87144341427e-09, 4.79157691302e-09, 1.75312813155e-08, 4.79948525367e-09, 3.37772032566e-09, 8.21459256173e-09, 3.47507511655e-09, 2.73416533858e-09, 2.28322938334e-09, 1.34221289638e-09, 5.6916771296e-10, 6.41399822143e-10, 6.3936433925e-10, 5.91262039329e-10, 4.789948993e-10, 2.72771749632e-10, 2.88352591804e-10, 3.07580877434e-10, 6.29787610951e-10, 6.33432403752e-11, 3.67951571989e-11, 4.91102922218e-11, 2.9361530568e-11, 3.33946065245e-11, 3.85870294051e-11, 3.03516066447e-11, 9.92146920176e-11, 1.45270254159e-10, 6.69076530291e-11],
        "dvar2": [2.32372149185e-05, 2.93387129204e-05, 4.47547427029e-06, 4.13696216128e-06, 4.30583838806e-07, 4.89535352699e-07, 1.34428887577e-07, 7.6590289666e-08, 1.11923121437e-07, 9.4546891205e-08, 1.88376660049e-07, 1.77987455885e-08, 1.28374884056e-08, 4.29489368514e-08, 1.19345200389e-08, 8.52154791176e-09, 1.90459079619e-08, 9.11610875676e-09, 6.67881216998e-09, 5.36709876542e-09, 3.32951266557e-09, 1.41263745146e-09, 1.57223600805e-09, 1.68333547101e-09, 1.43620060289e-09, 1.19024834433e-09, 6.68460065079e-10, 6.19717610562e-10, 7.0862604673e-10, 1.5775701856e-09, 1.40209011068e-10, 8.89545728744e-11, 1.1119358212e-10, 6.7079140853e-11, 7.27403970391e-11, 7.85140355508e-11, 6.81292106064e-11, 2.09444961374e-10, 2.52155796243e-10, 1.04943186086e-10],
        "max": [0.0412937179208, 0.049567822367, 0.012633821927, 0.0128053538501, 0.00662184599787, 0.00916065182537, 0.00621545221657, 0.00334530021064, 0.00558911263943, 0.00418606773019, 0.00937454029918, 0.00242790603079, 0.00128872622736, 0.00623550871387, 0.00227439077571, 0.00267702434212, 0.00527002150193, 0.00158583244774, 0.00138876028359, 0.000959083612543, 0.00111526553519, 0.000629348913208, 0.000563517562114, 0.000442933203885, 0.000815245846752, 0.00060669722734, 0.000673096626997, 0.000519338820595, 0.000766774930526, 0.00177826709114, 0.000251172459684, 0.000159110961249, 0.000273138633929, 9.05439810595e-05, 0.000115654969704, 0.000453956017736, 0.000282885099296, 0.000426060520113, 0.000696294242516, 0.00038473890163],
        "mean": [0.00415865983814, 0.00281510921195, 0.000911360082682, 0.000467770936666, 0.00044096307829, 0.00043907520012, 0.000199547590455, 0.000142359742313, 0.000156317313667, 0.000170713537955, 0.000153155458975, 6.70769222779e-05, 5.23133203387e-05, 6.61981321173e-05, 5.17154367117e-05, 4.23546916863e-05, 5.46665760339e-05, 3.72158210666e-05, 3.75120325771e-05, 3.62497412425e-05, 3.03290653392e-05, 2.544158815e-05, 2.58645104623e-05, 2.47966727329e-05, 2.88571427518e-05, 2.50419852819e-05, 2.00266749744e-05, 1.91100498341e-05, 1.53383934958e-05, 1.19043334053e-05, 8.68275674293e-06, 8.09324501461e-06, 6.61929107082e-06, 5.37659843758e-06, 5.58670944883e-06, 4.56645830127e-06, 4.29843385064e-06, 6.29234955341e-06, 6.31212378721e-06, 5.24899087395e-06],
        "median": [0.000636769342236, 0.000737505150028, 0.000316414167173, 0.000140547868796, 0.000232363061514, 0.000200637528906, 0.000104349586763, 7.20773168723e-05, 7.62218187447e-05, 7.59542745072e-05, 6.56281335978e-05, 3.43278443324e-05, 2.73372170341e-05, 3.02495427604e-05, 2.97388851322e-05, 2.46386716753e-05, 2.86214999505e-05, 1.9832081307e-05, 2.08910096262e-05, 2.04573516385e-05, 1.72808850039e-05, 1.63232143677e-05, 1.57317663252e-05, 1.41287382576e-05, 1.77815090865e-05, 1.534814146e-05, 1.25289170683e-05, 1.00509923868e-05, 7.56537792768e-06, 6.31449302091e-06, 4.61542049379e-06, 4.52164840681e-06, 3.11317057822e-06, 2.73611658486e-06, 2.7527767088e-06, 2.60054412138e-06, 2.35894549405e-06, 2.38060192714e-06, 2.28454882745e-06, 1.88903402432e-06],
        "min": [6.92837403179e-25, 5.68331239989e-25, 1.78746572564e-24, 1.25363161956e-24, 1.47712814135e-24, 1.50924148551e-24, 1.3652846255e-24, 1.44231156809e-24, 9.62128385204e-25, 1.00229323819e-24, 1.18435217853e-24, 2.59042416689e-24, 1.29486084313e-24, 2.22180366537e-24, 2.89466139119e-24, 3.03446272917e-24, 2.82225421528e-24, 2.48444859288e-24, 3.19998606025e-24, 3.28672604995e-24, 3.04282544362e-24, 3.25270326796e-24, 2.53031040211e-24, 3.52026417942e-24, 3.90743435069e-24, 3.07203479358e-24, 5.25690004706e-24, 4.94725478682e-24, 4.37875902003e-24, 4.37442580708e-24, 4.76308889761e-24, 5.1528031453e-24, 4.20182816861e-24, 5.49245154678e-24, 5.63384618657e-24, 5.18390161991e-24, 3.82582116801e-24, 5.39998008818e-24, 5.74140815986e-24, 5.87445822899e-24],
        "var": [6.77394200466e-05, 3.32692652592e-05, 2.34141975852e-06, 9.7608312899e-07, 3.35666527462e-07, 4.85019768348e-07, 9.62833937024e-08, 4.11816110102e-08, 8.53505497389e-08, 7.75851844992e-08, 1.10345581561e-07, 1.20422685157e-08, 6.11492012581e-09, 2.87326180626e-08, 6.83919409994e-09, 5.17276665946e-09, 1.38498688074e-08, 4.51959492054e-09, 3.77262798779e-09, 2.94205415585e-09, 1.74678715936e-09, 8.76374584013e-10, 9.86224657495e-10, 9.59187840266e-10, 1.11211650999e-09, 9.08864650206e-10, 4.9405896041e-10, 7.0752953496e-10, 6.1473842683e-10, 6.85148049406e-10, 1.54529680718e-10, 1.08744839522e-10, 1.23623250525e-10, 5.92964288781e-11, 6.7618313726e-11, 7.91640225595e-11, 6.77239306301e-11, 2.51595910772e-10, 4.32481189749e-10, 2.37519670598e-10]
    },
    "mfcc": {
        "mean": [-614.780334473, 88.2927703857, 6.1040148735, 22.8680076599, 6.79427289963, 0.123709499836, 5.51298284531, 0.754516303539, 2.02506995201, 3.73173451424, 1.35643720627, 0.501776814461, 0.170172259212],
        "cov": [[9626.890625, -483.377655029, 97.9049682617, -48.5114440918, 4.6888961792, 29.1703243256, 71.1119155884, -41.7355194092, -41.6481819153, 22.3587207794, -6.46837377548, -129.246780396, -50.7462501526], [-483.377655029, 1297.04199219, -131.852676392, 205.427383423, 88.2509231567, 49.0814590454, 87.7221755981, 33.9183807373, 47.6474456787, 52.3728523254, 22.7381420135, 38.6103782654, 13.2392520905], [97.9049682617, -131.852676392, 637.134887695, 97.1698608398, 156.364700317, 126.082046509, 37.8064422607, 50.5406494141, 35.2049980164, 10.6092777252, 18.790933609, 29.6998748779, 54.7167205811], [-48.5114440918, 205.427383423, 97.1698608398, 293.417999268, 81.3870925903, 85.038848877, 33.5205154419, 53.0889778137, 52.0443191528, 14.1352968216, 24.990819931, 44.8633155823, 30.7132129669], [4.6888961792, 88.2509231567, 156.364700317, 81.3870925903, 169.144195557, 78.7570571899, 74.3616027832, 43.4778213501, 39.4741401672, 35.1380081177, 18.1847953796, 31.8092269897, 34.3092918396], [29.1703243256, 49.0814590454, 126.082046509, 85.038848877, 78.7570571899, 179.191329956, 70.7481536865, 46.2836494446, 35.1513519287, 30.7986927032, 21.2537174225, 23.8067150116, 34.0040168762], [71.1119155884, 87.7221755981, 37.8064422607, 33.5205154419, 74.3616027832, 70.7481536865, 157.344161987, 40.8617210388, 50.1096038818, 60.4101142883, 33.0164070129, 16.0859184265, 21.7345790863], [-41.7355194092, 33.9183807373, 50.5406494141, 53.0889778137, 43.4778213501, 46.2836494446, 40.8617210388, 105.187545776, 62.8126068115, 36.7298583984, 35.6938285828, 38.6363487244, 26.3964214325], [-41.6481819153, 47.6474456787, 35.2049980164, 52.0443191528, 39.4741401672, 35.1513519287, 50.1096038818, 62.8126068115, 104.073783875, 59.3632354736, 42.7350234985, 35.6973457336, 28.3220596313], [22.3587207794, 52.3728523254, 10.6092777252, 14.1352968216, 35.1380081177, 30.7986927032, 60.4101142883, 36.7298583984, 59.3632354736, 94.9533462524, 48.5346298218, 22.8038787842, 25.956987381], [-6.46837377548, 22.7381420135, 18.790933609, 24.990819931, 18.1847953796, 21.2537174225, 33.0164070129, 35.6938285828, 42.7350234985, 48.5346298218, 69.9050674438, 37.8539085388, 23.0998344421], [-129.246780396, 38.6103782654, 29.6998748779, 44.8633155823, 31.8092269897, 23.8067150116, 16.0859184265, 38.6363487244, 35.6973457336, 22.8038787842, 37.8539085388, 72.196105957, 40.5969467163], [-50.7462501526, 13.2392520905, 54.7167205811, 30.7132129669, 34.3092918396, 34.0040168762, 21.7345790863, 26.3964214325, 28.3220596313, 25.956987381, 23.0998344421, 40.5969467163, 65.1395797729]],
