{
"lowlevel": {
    "average_loudness": 0.889903903008,
    "barkbands_crest": {
        "dmean": 3.68348264694,
        "dmean2": 5.64172935486,
        "dvar": 11.4718637466,
        "dvar2": 25.7754878998,
        "max": 26.8384284973,
        "mean": 14.409781456,
        "median": 13.8095760345,
        "min": 2.0978000164,
        "var": 44.0850906372
    },
    "barkbands_flatness_db": {
        "dmean": 0.0478534325957,
        "dmean2": 0.0598679631948,
        "dvar": 0.00309837399982,
        "dvar2": 0.00562272546813,
        "max": 0.736995398998,
        "mean": 0.209701552987,
        "median": 0.157648786902,
        "min": 0.0215562209487,
        "var": 0.0234852600843
    },
    "barkbands_kurtosis": {
        "dmean": 110.847991943,
        "dmean2": 165.670730591,
        "dvar": 284560.78125,
        "dvar2": 609778.875,
        "max": 10594.1162109,
        "mean": 102.57635498,
        "median": 3.92252492905,
        "min": -1.9784386158,
        "var": 336983.78125
    },
    "barkbands_skewness": {
        "dmean": 2.3070204258,
        "dmean2": 3.13835692406,
        "dvar": 24.2114181519,
        "dvar2": 50.8889312744,
        "max": 71.4408340454,
        "mean": 3.66847515106,
        "median": 1.91560065746,
        "min": -8.932762146,
        "var": 42.2515029907
    },
    "barkbands_spread": {
        "dmean": 10.2574768066,
        "dmean2": 14.8388118744,
        "dvar": 171.332855225,
        "dvar2": 367.552825928,
        "max": 117.875770569,
        "mean": 27.0284957886,
        "median": 21.6549663544,
        "min": 0.0149930305779,
        "var": 526.624511719
    },
    "dissonance": {
        "dmean": 0.026806095615,
        "dmean2": 0.0433426424861,
        "dvar": 0.0012487587519,
        "dvar2": 0.00319848186336,
        "max": 0.500000178814,
        "mean": 0.443244338036,
        "median": 0.463508754969,
        "min": 0.0221823323518,
        "var": 0.0040699033998
    },
    "dynamic_complexity": 4.13414573669,
    "erbbands_crest": {
        "dmean": 3.19975113869,
        "dmean2": 5.19193553925,
        "dvar": 10.3710317612,
        "dvar2": 25.50598526,
        "max": 32.1345748901,
        "mean": 10.4364862442,
        "median": 8.40092849731,
        "min": 2.35739588737,
        "var": 36.7933540344
    },
    "erbbands_flatness_db": {
        "dmean": 0.0273260176182,
        "dmean2": 0.0384499952197,
        "dvar": 0.0012531663524,
        "dvar2": 0.00239787832834,
        "max": 0.546118199825,
        "mean": 0.164651438594,
        "median": 0.133946806192,
        "min": 0.0451269969344,
        "var": 0.00813008937985
    },
    "erbbands_kurtosis": {
        "dmean": 8.90298080444,
        "dmean2": 11.9888782501,
        "dvar": 976.311096191,
        "dvar2": 1389.54772949,
        "max": 431.074676514,
        "mean": 11.7416009903,
        "median": -0.0619592666626,
        "min": -1.98080670834,
        "var": 2492.50878906
    },
    "erbbands_skewness": {
        "dmean": 0.87951117754,
        "dmean2": 1.23116791248,
        "dvar": 2.01223516464,
        "dvar2": 3.4846405983,
        "max": 16.3889961243,
        "mean": 0.968032062054,
        "median": 0.355783611536,
        "min": -7.06295156479,
        "var": 7.24454832077
    },
    "erbbands_spread": {
        "dmean": 17.6574020386,
        "dmean2": 26.7245845795,
        "dvar": 467.338104248,
        "dvar2": 1008.9418335,
        "max": 209.981414795,
        "mean": 59.3238067627,
        "median": 50.8044395447,
        "min": 0.370266437531,
        "var": 1797.83166504
    },
    "hfc": {
        "dmean": 14.373052597,
        "dmean2": 21.190076828,
        "dvar": 586.27911377,
        "dvar2": 1298.77355957,
        "max": 246.732910156,
        "mean": 29.882938385,
        "median": 17.6902561188,
        "min": 1.10115705894e-16,
        "var": 1310.2902832
    },
    "melbands_crest": {
        "dmean": 4.35795450211,
        "dmean2": 6.83044672012,
        "dvar": 15.4133930206,
        "dvar2": 38.3444480896,
        "max": 36.798866272,
        "mean": 19.1831417084,
        "median": 19.6629486084,
        "min": 1.58806800842,
        "var": 54.1699676514
    },
    "melbands_flatness_db": {
        "dmean": 0.0573766753078,
        "dmean2": 0.0712878853083,
        "dvar": 0.00430524488911,
        "dvar2": 0.00783881731331,
        "max": 0.908499956131,
        "mean": 0.282311856747,
        "median": 0.228888884187,
        "min": 0.00333910202608,
        "var": 0.032147642225
    },
    "melbands_kurtosis": {
        "dmean": 44.2162094116,
        "dmean2": 64.8087539673,
        "dvar": 7009.53173828,
        "dvar2": 15352.5693359,
        "max": 1691.39343262,
        "mean": 61.7440261841,
        "median": 18.357635498,
        "min": -1.95137560368,
        "var": 12195.0371094
    },
    "melbands_skewness": {
        "dmean": 1.97182333469,
        "dmean2": 2.83258509636,
        "dvar": 5.93199968338,
        "dvar2": 13.477766037,
        "max": 29.6660881042,
        "mean": 4.7015042305,
        "median": 3.44978499413,
        "min": -4.89488983154,
        "var": 16.1008853912
    },
    "melbands_spread": {
        "dmean": 11.253865242,
        "dmean2": 17.3289394379,
        "dvar": 408.423034668,
        "dvar2": 973.378234863,
        "max": 304.316741943,
        "mean": 23.4616451263,
        "median": 14.7474842072,
        "min": 0.153982743621,
        "var": 886.665039062
    },
    "pitch_salience": {
        "dmean": 0.113025650382,
        "dmean2": 0.159221589565,
        "dvar": 0.0126720452681,
        "dvar2": 0.0275539662689,
        "max": 0.955483198166,
        "mean": 0.450338840485,
        "median": 0.485008180141,
        "min": 0.0120873032138,
        "var": 0.0431236624718
    },
    "silence_rate_20dB": {
        "dmean": 0,
        "dmean2": 0,
        "dvar": 0,
        "dvar2": 0,
        "max": 1,
        "mean": 1,
        "median": 1,
        "min": 1,
        "var": 0
    },
    "silence_rate_30dB": {
        "dmean": 0.0880516692996,
        "dmean2": 0.176112815738,
        "dvar": 0.0803157240152,
        "dvar2": 0.15143930912,
        "max": 1,
        "mean": 0.850707709789,
        "median": 1,
        "min": 0,
        "var": 0.127017900348
    },
    "silence_rate_60dB": {
        "dmean": 0.0776103362441,
        "dmean2": 0.155229017138,
        "dvar": 0.071596480906,
        "dvar2": 0.17709428072,
        "max": 1,
        "mean": 0.14304934442,
        "median": 0,
        "min": 0,
        "var": 0.122612267733
    },
    "spectral_centroid": {
        "dmean": 382.729980469,
        "dmean2": 596.274963379,
        "dvar": 319970.0625,
        "dvar2": 752677.9375,
        "max": 11732.4345703,
        "mean": 1360.62536621,
        "median": 1118.2130127,
        "min": 67.4049301147,
        "var": 1467655.125
    },
    "spectral_complexity": {
        "dmean": 3.70075345039,
        "dmean2": 5.72140598297,
        "dvar": 24.8296909332,
        "dvar2": 50.5937652588,
        "max": 59,
        "mean": 13.4714488983,
        "median": 8,
        "min": 0,
        "var": 166.666915894
    },
    "spectral_decrease": {
        "dmean": 6.33386543214e-09,
        "dmean2": 7.72451702602e-09,
        "dvar": 7.8419964618e-17,
        "dvar2": 9.58412088816e-17,
        "max": 3.64407668735e-23,
        "mean": -1.2470953159e-08,
        "median": -6.51926557182e-09,
        "min": -7.92792533844e-08,
        "var": 2.60334358729e-16
    },
    "spectral_energy": {
        "dmean": 0.0246773790568,
        "dmean2": 0.0302953887731,
        "dvar": 0.00113358616363,
        "dvar2": 0.00140578858554,
        "max": 0.301331043243,
        "mean": 0.0497786588967,
        "median": 0.0274513382465,
        "min": 9.97408728061e-21,
        "var": 0.0038026550319
    },
    "spectral_energyband_high": {
        "dmean": 0.00137375295162,
        "dmean2": 0.00206256378442,
        "dvar": 6.29462783763e-06,
        "dvar2": 1.39203457366e-05,
        "max": 0.0290892198682,
        "mean": 0.00238215341233,
        "median": 0.000736804853659,
        "min": 7.09683645508e-21,
        "var": 1.42995986607e-05
    },
    "spectral_energyband_low": {
        "dmean": 0.0212111044675,
        "dmean2": 0.0235017668456,
        "dvar": 0.00125059648417,
        "dvar2": 0.00131693365984,
        "max": 0.299700886011,
        "mean": 0.0345503762364,
        "median": 0.00898152217269,
        "min": 1.36065979039e-23,
        "var": 0.00377587066032
    },
    "spectral_energyband_middle_high": {
        "dmean": 0.0013707584003,
        "dmean2": 0.00209086365066,
        "dvar": 5.87879094383e-06,
        "dvar2": 1.29935251607e-05,
        "max": 0.0419083461165,
        "mean": 0.00323142623529,
        "median": 0.000879064202309,
        "min": 1.0031224943e-21,
        "var": 2.11228561966e-05
    },
    "spectral_energyband_middle_low": {
        "dmean": 0.00908985268325,
        "dmean2": 0.0147624053061,
        "dvar": 0.000243574831984,
        "dvar2": 0.000607015273999,
        "max": 0.128528997302,
        "mean": 0.0109101319686,
        "median": 0.00468884687871,
        "min": 1.61090483421e-22,
        "var": 0.000249367207289
    },
    "spectral_entropy": {
        "dmean": 0.337443053722,
        "dmean2": 0.468949943781,
        "dvar": 0.271715372801,
        "dvar2": 0.495213121176,
        "max": 9.82915496826,
        "mean": 7.42212057114,
        "median": 7.82599925995,
        "min": 3.34833741188,
        "var": 1.36979389191
    },
    "spectral_flux": {
        "dmean": 0.0438665859401,
        "dmean2": 0.0653656199574,
        "dvar": 0.00234788004309,
        "dvar2": 0.00425047473982,
        "max": 0.499813526869,
        "mean": 0.119556628168,
        "median": 0.098042614758,
        "min": 6.40392044948e-11,
        "var": 0.00804344750941
    },
    "spectral_kurtosis": {
        "dmean": 3.62533378601,
        "dmean2": 5.41761302948,
        "dvar": 223.164093018,
        "dvar2": 470.665924072,
        "max": 586.018798828,
        "mean": 6.85757637024,
        "median": 1.82830619812,
        "min": -1.3927615881,
        "var": 724.423339844
    },
    "spectral_rms": {
        "dmean": 0.00167089060415,
        "dmean2": 0.0019959192723,
        "dvar": 3.14310773319e-06,
        "dvar2": 4.07505467592e-06,
        "max": 0.0171458888799,
        "mean": 0.00575656909496,
        "median": 0.00517511274666,
        "min": 3.11942572467e-12,
        "var": 1.54265762831e-05
    },
    "spectral_rolloff": {
        "dmean": 1077.26782227,
        "dmean2": 1809.20263672,
        "dvar": 3815141.75,
        "dvar2": 8059083,
        "max": 19767.4804688,
        "mean": 2114.24609375,
        "median": 732.12890625,
        "min": 64.599609375,
        "var": 9009108
    },
    "spectral_skewness": {
        "dmean": 0.415511518717,
        "dmean2": 0.589200496674,
        "dvar": 0.550319612026,
        "dvar2": 0.943248569965,
        "max": 20.4838256836,
        "mean": 1.60175228119,
        "median": 1.19013953209,
        "min": -0.571920335293,
        "var": 2.56107282639
    },
    "spectral_spread": {
        "dmean": 999882.3125,
        "dmean2": 1427803.375,
        "dvar": 1.80826891878e+12,
        "dvar2": 3.28114005606e+12,
        "max": 48463032,
        "mean": 7172881,
        "median": 6674545,
        "min": 135914.96875,
        "var": 1.51253879357e+13
    },
    "spectral_strongpeak": {
        "dmean": 0.435194224119,
        "dmean2": 0.672095835209,
        "dvar": 0.434009611607,
        "dvar2": 1.0895550251,
        "max": 16.4114227295,
        "mean": 0.745893478394,
        "median": 0.419422000647,
        "min": 0,
        "var": 0.762341082096
    },
    "zerocrossingrate": {
        "dmean": 0.0200733784586,
        "dmean2": 0.0210638735443,
        "dvar": 0.000528411357664,
        "dvar2": 0.000563353649341,
        "max": 0.52978515625,
        "mean": 0.0786645784974,
        "median": 0.0634765625,
        "min": 0.001953125,
        "var": 0.00494637619704
    },
    "barkbands": {
        "dmean": [0.000142393328133, 0.0187628623098, 0.00938144512475, 0.00327751250006, 0.00475139403716, 0.000922691309825, 0.00113379512914, 0.000457448768429, 0.000315094861435, 0.000604370899964, 0.000230984587688, 0.000181569121196, 0.00025006159558, 0.00016085219977, 0.00021111566457, 0.000169825230842, 0.000102330384834, 8.70984149515e-05, 0.000143473705975, 0.000155936577357, 0.000253191014053, 0.000295552599709, 0.000204443611437, 0.000315002485877, 0.000212046405068, 0.00019069899281, 1.33392150019e-05],
        "dmean2": [0.000240586872678, 0.0239847898483, 0.0143279759213, 0.00584490085021, 0.00796855613589, 0.00155706820078, 0.00166597485077, 0.000737173948437, 0.000485441123601, 0.000937844917644, 0.000367615866708, 0.000290439056698, 0.000404368940508, 0.000264776113909, 0.000344364379998, 0.000268422154477, 0.000168698679772, 0.000141738084494, 0.000232267120737, 0.000253756443271, 0.000421973149059, 0.000461030518636, 0.00031484363717, 0.000463017058792, 0.00032930119778, 0.000297684688121, 2.09724803426e-05],
        "dvar": [7.87222802501e-08, 0.00130279141013, 0.000511200109031, 8.32173100207e-05, 8.57065169839e-05, 6.8122230914e-06, 9.1121701189e-06, 1.81275288469e-06, 9.36587184697e-07, 2.1454650323e-06, 3.15508742688e-07, 2.70893565357e-07, 4.77731816773e-07, 1.46539903767e-07, 2.82819797803e-07, 2.28855910223e-07, 7.16507244647e-08, 3.65180028439e-08, 1.18501709778e-07, 1.01339090008e-07, 2.37910768419e-07, 2.34146071421e-07, 1.52722279267e-07, 5.03575336097e-07, 2.40701837129e-07, 3.0067269563e-07, 1.63428703903e-09],
        "dvar2": [2.13479452782e-07, 0.00199645222165, 0.00115897576325, 0.000227482742048, 0.000224837946007, 1.70299754245e-05, 1.60754498211e-05, 4.50853895018e-06, 1.90397486222e-06, 5.04574245497e-06, 7.64111916851e-07, 6.74756392982e-07, 1.26240649934e-06, 3.78456547878e-07, 7.29631267404e-07, 5.3379955034e-07, 1.82127493531e-07, 9.50432550439e-08, 2.96359729646e-07, 2.56261500908e-07, 5.84463862197e-07, 5.33074683062e-07, 3.41294480677e-07, 1.05368815184e-06, 5.72964779622e-07, 7.10653580427e-07, 3.73550701482e-09],
        "max": [0.00315601704642, 0.274638086557, 0.145356267691, 0.0743717998266, 0.112633481622, 0.0988742038608, 0.101275041699, 0.0482735224068, 0.0456868857145, 0.0391574762762, 0.0114764589816, 0.0155854569748, 0.0206571668386, 0.0076195942238, 0.0134007651359, 0.0103138713166, 0.00962659996003, 0.00494508165866, 0.00851159077138, 0.00772167602554, 0.00686345202848, 0.00679460633546, 0.0115027632564, 0.0167783983052, 0.0104533918202, 0.00556926382706, 0.000592421216425],
        "mean": [0.000178228787263, 0.0246337391436, 0.00860093254596, 0.00231301179156, 0.00438756402582, 0.00102858687751, 0.00175467203371, 0.000625078333542, 0.000485273892991, 0.00098974595312, 0.000343679916114, 0.000253150181379, 0.000376921962015, 0.000243736154516, 0.000274653546512, 0.000230269317399, 0.000161531672347, 0.000157167378347, 0.000239184810198, 0.000249716278631, 0.000358306977432, 0.000459673290607, 0.000361021317076, 0.000509777804837, 0.00032315889257, 0.000225837531616, 1.39240937642e-05],
        "median": [5.53226818738e-05, 0.00524471607059, 0.00101299537346, 0.000243240472628, 0.00111141067464, 0.000222897855565, 0.00027665059315, 5.5790420447e-05, 7.88898178143e-05, 0.000107094558189, 3.71348069166e-05, 3.75768977392e-05, 4.30960753874e-05, 3.95256392949e-05, 4.89675294375e-05, 3.62550854334e-05, 3.4361397411e-05, 2.79791383946e-05, 3.53976538463e-05, 3.41275372193e-05, 5.51805933355e-05, 0.000155249115778, 8.94895201782e-05, 0.000125904174638, 6.49061112199e-05, 3.69269400835e-05, 2.20950073526e-06],
        "min": [1.44948002109e-25, 2.33864757329e-24, 5.87833015553e-25, 1.16037484993e-24, 6.22333788078e-24, 1.04520614731e-23, 6.47393650784e-24, 5.87787439114e-24, 1.49063456418e-23, 1.36044127592e-23, 1.94916422519e-23, 2.09852178473e-23, 2.96741357541e-23, 2.54062278629e-23, 4.78264247176e-23, 5.96434885026e-23, 6.52012533936e-23, 6.22364869198e-23, 1.31422775306e-22, 1.423099267e-22, 1.95412710691e-22, 3.01014528713e-22, 4.16904304628e-22, 6.2713886607e-22, 8.96293410657e-22, 1.32318908672e-21, 1.91548271705e-21],
        "var": [9.08356554419e-08, 0.00246680388227, 0.000530014629476, 5.45303955732e-05, 6.98388685123e-05, 8.25430743134e-06, 2.21166046686e-05, 2.54733481597e-06, 1.87098748938e-06, 4.89612511956e-06, 6.00235694037e-07, 4.32086011415e-07, 8.45559384288e-07, 2.51244983929e-07, 3.92850324715e-07, 3.31091428052e-07, 1.5409550258e-07, 1.15897336173e-07, 2.35946316707e-07, 2.04033668183e-07, 3.90278728446e-07, 4.93157585879e-07, 4.39219803638e-07, 1.27843622977e-06, 4.36061753817e-07, 3.1495645203e-07, 1.66438496318e-09]
    },
    "erbbands": {
        "dmean": [0.345286816359, 4.85856819153, 10.7567367554, 8.56759262085, 15.0692749023, 15.6555233002, 7.8105802536, 8.02919769287, 15.753821373, 12.0155792236, 8.39984989166, 7.87468147278, 11.9795761108, 20.2714805603, 8.34157943726, 7.67343091965, 11.4300384521, 8.19397354126, 11.6504707336, 8.14590454102, 7.2884349823, 5.23129224777, 5.181661129, 6.60642051697, 7.15598106384, 7.22410106659, 9.07115840912, 10.7451400757, 11.1173067093, 7.88258314133, 5.89521074295, 7.3013381958, 4.55597114563, 2.69495844841, 1.38081109524, 0.896526873112, 0.338327795267, 0.0607044175267, 0.00133953394834, 6.20684804744e-05],
        "dmean2": [0.463887959719, 6.11796951294, 14.5857992172, 12.6044073105, 25.9212055206, 25.4938621521, 13.542470932, 13.1342220306, 22.9124164581, 18.6615447998, 13.6998233795, 12.1052103043, 18.808391571, 31.8022460938, 12.9402341843, 12.239118576, 18.552696228, 13.0930328369, 19.0280704498, 12.9039506912, 11.356719017, 8.57201576233, 8.51138591766, 10.6216468811, 11.6930675507, 11.7394542694, 15.2578334808, 18.0280418396, 17.8699073792, 11.7303285599, 9.16888904572, 10.9197568893, 6.77567100525, 4.2659611702, 2.12162804604, 1.43213891983, 0.524540781975, 0.094075255096, 0.00206423457712, 8.87398418854e-05],
        "dvar": [0.326015681028, 91.0093536377, 561.592346191, 398.044158936, 1181.5213623, 890.707946777, 483.504577637, 579.926940918, 1921.81115723, 765.122314453, 742.101745605, 499.568939209, 1293.54736328, 2666.36938477, 319.051879883, 517.659179688, 1059.83447266, 358.003051758, 931.247375488, 414.286773682, 373.959197998, 182.129730225, 149.766677856, 253.814208984, 301.383026123, 199.253250122, 301.93548584, 433.15133667, 350.677764893, 189.269943237, 137.812515259, 284.237365723, 109.402565002, 42.1138458252, 9.29622650146, 6.81847858429, 0.910343766212, 0.0313385426998, 1.51102331074e-05, 1.45672442997e-08],
        "dvar2": [0.566947937012, 134.901489258, 1115.94616699, 893.016540527, 3164.84838867, 2233.49267578, 1340.0324707, 1293.07788086, 3310.62817383, 1736.31213379, 1874.16540527, 1018.44049072, 2998.75048828, 6346.88183594, 733.596252441, 1263.79394531, 2832.15356445, 883.904541016, 2470.58544922, 1009.92077637, 849.365844727, 464.018341064, 402.131408691, 601.39666748, 797.295715332, 500.072387695, 762.499328613, 1061.09326172, 844.485168457, 396.858978271, 320.035247803, 599.81817627, 250.627456665, 105.608596802, 21.3470153809, 16.6912479401, 2.08881878853, 0.0724769681692, 3.44079780916e-05, 3.24986970668e-08],
        "max": [5.35985183716, 71.8536529541, 172.571151733, 202.769104004, 318.672821045, 351.648864746, 456.537139893, 1247.6439209, 1543.55859375, 640.973876953, 603.811767578, 801.989318848, 1239.10180664, 1408.48596191, 570.039733887, 775.838684082, 1001.32580566, 429.225921631, 886.83782959, 529.477844238, 561.752685547, 387.638519287, 337.799224854, 400.527954102, 382.105194092, 276.610076904, 251.589401245, 298.770690918, 217.506164551, 237.678649902, 396.524963379, 470.699829102, 226.114822388, 153.885681152, 36.2279052734, 28.6120891571, 10.8182010651, 2.19826555252, 0.0510164014995, 0.00139962905087],
        "mean": [0.497005879879, 6.20717000961, 11.7480144501, 8.24727249146, 12.2516260147, 15.5695571899, 8.10489368439, 9.85268211365, 24.433467865, 18.8456287384, 11.57999897, 13.0826692581, 20.1372013092, 29.3205089569, 14.7328567505, 12.0572099686, 17.3373565674, 13.7659130096, 15.9563999176, 11.6308250427, 10.8289699554, 8.48887348175, 9.00314617157, 11.4589138031, 11.9743108749, 11.863574028, 13.145573616, 15.0170221329, 16.2002315521, 13.7033233643, 10.1935720444, 11.5225276947, 7.29966688156, 4.0598282814, 2.05969023705, 1.05282914639, 0.400376498699, 0.0685131326318, 0.00155081250705, 0.000107227024273],
        "median": [0.149568289518, 1.14689731598, 1.81595313549, 1.46088564396, 2.5068500042, 4.05014133453, 2.395642519, 2.06192779541, 4.00148153305, 3.36481523514, 1.61505174637, 2.19316315651, 2.44510626793, 3.78110933304, 2.35326910019, 1.85269486904, 2.15478014946, 2.36436700821, 2.51982021332, 2.32093596458, 2.16246294975, 1.84943139553, 1.62924993038, 1.89599525928, 1.81679522991, 1.7143753767, 1.76727628708, 2.94468593597, 5.25718307495, 4.02029180527, 2.50857496262, 2.76857995987, 1.77580809593, 0.857666373253, 0.398493051529, 0.175148680806, 0.0628173053265, 0.0110157160088, 0.000277951592579, 5.98160113441e-05],
        "min": [7.31678208359e-23, 4.37037827222e-22, 1.35610001028e-21, 2.86405349814e-21, 9.79884615979e-21, 2.62164846197e-20, 5.40884678378e-20, 9.82732314485e-20, 8.17113953745e-20, 1.6278254003e-19, 2.68641741479e-19, 3.07779585367e-19, 4.1033093032e-19, 5.69527655319e-19, 7.18828379211e-19, 8.8785275952e-19, 1.31474712858e-18, 1.66131150681e-18, 2.03856821487e-18, 2.59829900151e-18, 3.66250304871e-18, 4.69603585918e-18, 3.81106055082e-18, 5.94331420789e-18, 7.22942455045e-18, 5.62631336815e-18, 8.68893841919e-18, 9.04482129721e-18, 1.16187261221e-17, 1.16464755501e-17, 1.23511300344e-17, 9.92179073802e-18, 9.39008813925e-18, 8.68828411933e-18, 6.567211049e-18, 3.74029979891e-18, 2.35577047309e-18, 9.64296138841e-19, 2.42095189177e-19, 2.80800643786e-20],
        "var": [0.625278532505, 176.23727417, 795.966247559, 420.896789551, 834.110046387, 852.870666504, 388.096008301, 945.197692871, 4774.3515625, 1590.98339844, 931.424133301, 1170.81274414, 2618.9753418, 4771.20117188, 832.18145752, 856.074890137, 1791.21459961, 767.265319824, 1318.19421387, 636.370849609, 617.262878418, 341.485290527, 343.075744629, 566.244812012, 582.291503906, 435.931243896, 517.286499023, 677.427429199, 608.696228027, 530.651123047, 359.553833008, 732.761169434, 229.595199585, 73.0335922241, 16.8006973267, 7.00781869888, 0.977560222149, 0.0317679867148, 1.5783123672e-05, 1.97694411952e-08]
    },
    "gfcc": {
        "mean": [-54.5718269348, 58.2256469727, -64.7554855347, 39.8724327087, -63.3414764404, 23.5087985992, -35.4948654175, 5.18618202209, -21.0120296478, 6.3570933342, -17.9471244812, 5.51096725464, -11.3052577972],
        "cov": [[27867.3652344, -1695.52441406, -3242.96166992, 424.906066895, -280.007232666, 1105.62890625, -358.84854126, 982.817871094, -895.178710938, 524.692932129, -388.119598389, 403.875061035, -359.791320801], [-1695.52441406, 2751.96533203, 39.4672851562, -279.393249512, 811.596740723, -51.4485664368, 512.540100098, -17.0167636871, 408.028106689, -108.250328064, 342.098022461, -191.076812744, 135.547668457], [-3242.96166992, 39.4672851562, 3088.21923828, 961.046081543, 173.148712158, -56.5801124573, 86.4613418579, -243.468032837, 132.348876953, 32.9920730591, 4.20833301544, 40.3630142212, 52.4047966003], [424.906066895, -279.393249512, 961.046081543, 1242.91003418, 507.576751709, 131.190460205, 247.925888062, 12.9238348007, -12.8744058609, 57.4439735413, 23.5752754211, 23.1757717133, 46.011341095], [-280.007232666, 811.596740723, 173.148712158, 507.576751709, 1297.22814941, 330.999206543, 565.384399414, 200.009185791, 179.252944946, 45.0771255493, 207.671844482, -33.2407646179, 118.125900269], [1105.62890625, -51.4485664368, -56.5801124573, 131.190460205, 330.999206543, 489.166351318, 198.43862915, 182.72177124, 76.3259963989, 47.0304260254, 48.843788147, 9.34463500977, 16.6542949677], [-358.84854126, 512.540100098, 86.4613418579, 247.925888062, 565.384399414, 198.43862915, 531.848999023, 201.970031738, 180.558395386, 81.4202041626, 149.959869385, -21.0463466644, 45.2078819275], [982.817871094, -17.0167636871, -243.468032837, 12.9238348007, 200.009185791, 182.72177124, 201.970031738, 346.518310547, 131.534362793, 144.617980957, 105.416313171, 55.386177063, 5.90802335739], [-895.178710938, 408.028106689, 132.348876953, -12.8744058609, 179.252944946, 76.3259963989, 180.558395386, 131.534362793, 283.227661133, 78.6421813965, 153.757049561, -10.6874008179, 35.5186386108], [524.692932129, -108.250328064, 32.9920730591, 57.4439735413, 45.0771255493, 47.0304260254, 81.4202041626, 144.617980957, 78.6421813965, 187.470230103, 75.0682907104, 74.1945571899, -4.47023296356], [-388.119598389, 342.098022461, 4.20833301544, 23.5752754211, 207.671844482, 48.843788147, 149.959869385, 105.416313171, 153.757049561, 75.0682907104, 192.774765015, 25.3967494965, 45.0974807739], [403.875061035, -191.076812744, 40.3630142212, 23.1757717133, -33.2407646179, 9.34463500977, -21.0463466644, 55.386177063, -10.6874008179, 74.1945571899, 25.3967494965, 127.743934631, 18.8878822327], [-359.791320801, 135.547668457, 52.4047966003, 46.011341095, 118.125900269, 16.6542949677, 45.2078819275, 5.90802335739, 35.5186386108, -4.47023296356, 45.0974807739, 18.8878822327, 88.4481658936]],
        "icov": [[9.65409926721e-05, -0.000174654152943, 0.000105820945464, -0.00019886791415, 9.47865046328e-05, -0.000277928455034, 0.000242138368776, -0.000319697806844, 0.000435846945038, -0.000330953276716, 0.000227607306442, -0.000195084154257, 0.000258315034444], [-0.000174654152943, 0.00130707072094, -0.00025305149029, 0.000868943345267, -0.000651286973152, 0.000961255282164, -0.00102527916897, 0.00110984058119, -0.00140672607813, 0.00124971580226, -0.00145933614112, 0.00109550228808, -0.000738724484108], [0.000105820945464, -0.00025305149029, 0.000685474195052, -0.000708775944076, 0.00018032520893, -0.000323256012052, 0.000261510111159, 0.000353755080141, -0.000314013741445, -0.000542849651538, 0.000704319507349, -0.00074231706094, 0.00034164916724], [-0.00019886791415, 0.000868943345267, -0.000708775944076, 0.00212072720751, -0.000880891690031, 0.000718018331099, -0.00111340009607, 0.000853534147609, -0.000265651731752, 0.000469819904538, -0.000910369039048, 0.000948214845266, -0.000878449704032], [9.47865046328e-05, -0.000651286973152, 0.00018032520893, -0.000880891690031, 0.0022525426466, -0.00106134195812, -0.000889837916475, -0.000608315283898, 0.00117884390056, -0.000220562622417, -0.000330579438014, 3.56620148523e-05, -0.000901583174709], [-0.000277928455034, 0.000961255282164, -0.000323256012052, 0.000718018331099, -0.00106134195812, 0.00398053741083, -0.00111312023364, -0.000283329369267, -0.00183365098201, 0.00176145939622, -0.000343328458257, 0.000651114271022, -0.000668485590722], [0.000242138368776, -0.00102527916897, 0.000261510111159, -0.00111340009607, -0.000889837916475, -0.00111312023364, 0.00565574131906, -0.00248902780004, 0.000501203816384, -0.0015844918089, 0.000572784862015, 0.000381712365197, 0.000999053008854], [-0.000319697806844, 0.00110984058119, 0.000353755080141, 0.000853534147609, -0.000608315283898, -0.000283329369267, -0.00248902780004, 0.00863146223128, -0.00366797461174, -0.00183445541188, -0.00102135248017, -0.000924892607145, 5.02481179865e-06], [0.000435846945038, -0.00140672607813, -0.000314013741445, -0.000265651731752, 0.00117884390056, -0.00183365098201, 0.000501203816384, -0.00366797461174, 0.011275912635, -0.00331391184591, -0.00372958625667, 0.00243316078559, -0.00030087507912], [-0.000330953276716, 0.00124971580226, -0.000542849651538, 0.000469819904538, -0.000220562622417, 0.00176145939622, -0.0015844918089, -0.00183445541188, -0.00331391184591, 0.0131002897397, -0.00334621896036, -0.0042122239247, 0.00230961875059], [0.000227607306442, -0.00145933614112, 0.000704319507349, -0.000910369039048, -0.000330579438014, -0.000343328458257, 0.000572784862015, -0.00102135248017, -0.00372958625667, -0.00334621896036, 0.0139811793342, -0.00339892064221, -0.00157403026242], [-0.000195084154257, 0.00109550228808, -0.00074231706094, 0.000948214845266, 3.56620148523e-05, 0.000651114271022, 0.000381712365197, -0.000924892607145, 0.00243316078559, -0.0042122239247, -0.00339892064221, 0.0146996220574, -0.00542546901852], [0.000258315034444, -0.000738724484108, 0.00034164916724, -0.000878449704032, -0.000901583174709, -0.000668485590722, 0.000999053008854, 5.02481179865e-06, -0.00030087507912, 0.00230961875059, -0.00157403026242, -0.00542546901852, 0.0167611930519]]
    },
    "melbands": {
        "dmean": [0.00432578520849, 0.00527631305158, 0.00154495669995, 0.00122653821018, 0.000320747640217, 0.000174511311343, 0.000245495029958, 0.000122633005958, 6.36671757093e-05, 4.85976488562e-05, 6.08474620094e-05, 8.72078162502e-05, 2.87784150714e-05, 2.16935077333e-05, 2.78742845694e-05, 1.82381900231e-05, 1.66437912412e-05, 1.8618953618e-05, 1.22087894852e-05, 1.4332599676e-05, 7.18236697139e-06, 5.71915825276e-06, 5.21811625731e-06, 4.65257971882e-06, 5.83878363614e-06, 5.65186064705e-06, 5.42543784832e-06, 4.98815734318e-06, 5.62654668101e-06, 6.22144125373e-06, 6.60572959532e-06, 6.59958186588e-06, 5.92233845964e-06, 4.11019436797e-06, 3.62805508303e-06, 3.68129053641e-06, 5.28886130269e-06, 3.68962219e-06, 2.35062179854e-06, 2.42516125581e-06],
        "dmean2": [0.00550375273451, 0.00632230378687, 0.00222005881369, 0.00203917175531, 0.000542785681318, 0.000289015530143, 0.000356786913471, 0.000192001127289, 0.000103755941382, 7.5045551057e-05, 9.58937162068e-05, 0.000136866583489, 4.51047744718e-05, 3.44399668393e-05, 4.55629851785e-05, 2.91310025204e-05, 2.69310276053e-05, 3.05008597934e-05, 1.97334829863e-05, 2.28874832828e-05, 1.13405758384e-05, 9.48035267356e-06, 8.50434116728e-06, 7.65248205425e-06, 9.46969612414e-06, 9.28214376472e-06, 9.01617386262e-06, 8.1503922047e-06, 9.52643131313e-06, 1.04225437099e-05, 1.11866147563e-05, 1.0897676475e-05, 9.09904065338e-06, 6.2183225964e-06, 5.71814416617e-06, 5.91290245211e-06, 7.93364324636e-06, 5.61393881071e-06, 3.63516119251e-06, 3.95587812818e-06],
        "dvar": [6.02938198426e-05, 0.000104641570942, 1.15236498459e-05, 5.79349125474e-06, 6.37795949388e-07, 2.57565346828e-07, 4.55883110817e-07, 8.49703027939e-08, 4.12821421492e-08, 2.19332090268e-08, 3.27028963909e-08, 5.10018587363e-08, 4.05037958728e-09, 3.17807025141e-09, 6.63721566596e-09, 2.20768670012e-09, 1.55556223458e-09, 2.4057096315e-09, 8.70101823924e-10, 1.7780349415e-09, 3.73356567884e-10, 2.47926013053e-10, 1.4108801627e-10, 1.11293793625e-10, 2.16835230327e-10, 1.67355823644e-10, 1.83697265732e-10, 9.49270523298e-11, 1.10286904609e-10, 1.45041673116e-10, 1.64721403184e-10, 1.22298005056e-10, 1.01153120602e-10, 5.86676193737e-11, 5.73079431132e-11, 7.00053834346e-11, 1.60038149399e-10, 7.22518364582e-11, 3.93824625688e-11, 3.59422214213e-11],
        "dvar2": [9.40721656661e-05, 0.000141120952321, 2.52137124335e-05, 1.50013538587e-05, 1.7283264242e-06, 5.97500616095e-07, 7.84474366355e-07, 1.99910900278e-07, 1.04562076331e-07, 4.34819327211e-08, 7.66134746755e-08, 1.20915089497e-07, 9.38473210255e-09, 7.66975638555e-09, 1.74775784956e-08, 5.75338798825e-09, 3.92057719623e-09, 6.43785291743e-09, 2.21505147557e-09, 4.26232515949e-09, 8.57436011081e-10, 6.34084007523e-10, 3.60721036374e-10, 2.97591978837e-10, 5.19680076749e-10, 4.34163066609e-10, 5.04716102245e-10, 2.3869772825e-10, 2.85286794188e-10, 3.56106505395e-10, 4.08559852616e-10, 3.04197805834e-10, 2.27584812107e-10, 1.27752461387e-10, 1.39225284079e-10, 1.65688698872e-10, 3.4903663293e-10, 1.70754743678e-10, 9.7502964036e-11, 9.3020639802e-11],
        "max": [0.063543304801, 0.0785865858197, 0.0351763777435, 0.0296415518969, 0.0160779785365, 0.0241443235427, 0.023610714823, 0.00908755511045, 0.00485075637698, 0.00548437144607, 0.0061350306496, 0.00626314384863, 0.00157521327492, 0.00184040237218, 0.00212516123429, 0.00124945282005, 0.000770884158555, 0.00140254886355, 0.000576909689698, 0.000948256114498, 0.000636425684206, 0.000452224630862, 0.000283862260403, 0.00026345232618, 0.000380649056751, 0.000275205180515, 0.000432331609773, 0.000170136918314, 0.000133791501867, 0.000205970543902, 0.000180046656169, 0.000121170436614, 0.000166667668964, 0.000144864417962, 0.000286478752969, 0.000175954584847, 0.0003678361536, 0.000206798620638, 0.000182720745215, 0.000116418712423],
        "mean": [0.00585515005514, 0.00721752643585, 0.00157062953804, 0.00111919036135, 0.000344235711964, 0.000205048869248, 0.000380581710488, 0.000190699094674, 8.96282945178e-05, 7.78148532845e-05, 0.000100254466815, 0.000122715355246, 4.68205325888e-05, 3.27481466229e-05, 4.14556270698e-05, 2.8193635444e-05, 2.59634853137e-05, 2.489347753e-05, 1.62463020388e-05, 1.89149432117e-05, 1.06596889964e-05, 8.64581397764e-06, 8.16242027213e-06, 8.05771469459e-06, 9.39433812164e-06, 9.04623902898e-06, 8.3488139353e-06, 7.67371511756e-06, 7.75539683673e-06, 8.59716601553e-06, 8.7382759375e-06, 8.96836354514e-06, 8.95026641956e-06, 7.15467604095e-06, 5.95238134338e-06, 5.78497702008e-06, 7.67845540395e-06, 5.65233494854e-06, 3.58875831807e-06, 3.43278497894e-06],
        "median": [0.00140930642374, 0.00137943122536, 0.000296725600492, 0.000257038831478, 0.000109514090582, 4.29544561484e-05, 6.01447281952e-05, 3.15895449603e-05, 1.27092753246e-05, 1.26892819026e-05, 1.13029072963e-05, 1.44384212035e-05, 6.48920740787e-06, 5.08110542796e-06, 4.45998966825e-06, 3.92332322008e-06, 3.92171659769e-06, 3.5028253933e-06, 3.22796790897e-06, 2.75205752587e-06, 2.34707295022e-06, 1.90918922272e-06, 1.35031325499e-06, 1.38304449138e-06, 1.36860660405e-06, 1.22735218611e-06, 1.22962944715e-06, 1.00301349448e-06, 9.77234094535e-07, 1.22167693917e-06, 1.73747844201e-06, 2.77660274151e-06, 2.80006111097e-06, 1.94102085516e-06, 1.35527500333e-06, 1.28182318804e-06, 1.70632313257e-06, 1.32417972054e-06, 8.21380183424e-07, 6.14886062067e-07],
        "min": [8.42494966521e-25, 1.41545479857e-24, 8.56766544981e-25, 9.40846692918e-25, 1.74057287521e-24, 2.35619065653e-24, 1.45100954843e-24, 1.45338707659e-24, 2.3011198823e-24, 2.02322351249e-24, 1.52911279311e-24, 1.7743690569e-24, 2.36423743219e-24, 2.35180498433e-24, 3.33189405601e-24, 2.22786073662e-24, 2.08861988431e-24, 2.96011515265e-24, 3.0502766293e-24, 4.03511267149e-24, 3.19448927746e-24, 4.29492953265e-24, 3.64167263374e-24, 2.98778720991e-24, 4.00056490257e-24, 5.27294429458e-24, 4.62810572483e-24, 2.39664719084e-24, 3.85480588983e-24, 4.37927966823e-24, 4.45050355278e-24, 4.85728007299e-24, 4.13623753979e-24, 5.05156704761e-24, 5.62932680244e-24, 5.88490393067e-24, 5.13389178282e-24, 5.16039553708e-24, 6.2089869232e-24, 6.80715884838e-24],
        "var": [0.00011757791799, 0.000233416547417, 1.33095491037e-05, 4.83094481751e-06, 5.45951081676e-07, 3.81481186196e-07, 1.1267084119e-06, 1.61202535764e-07, 5.38250972681e-08, 4.5051898212e-08, 6.56993961456e-08, 9.01827093003e-08, 9.46611589114e-09, 5.59650104037e-09, 1.13562270698e-08, 3.98505317634e-09, 3.00501157291e-09, 3.3659046661e-09, 1.23451171508e-09, 2.4650188557e-09, 6.55021425988e-10, 4.42299752379e-10, 2.93830848541e-10, 2.95905827619e-10, 4.20411622182e-10, 3.45092787679e-10, 3.00855784729e-10, 1.88303164728e-10, 1.83236148477e-10, 2.35067132426e-10, 2.42262931938e-10, 1.91123422644e-10, 2.07497727334e-10, 1.63859370517e-10, 1.31338481757e-10, 1.55511561961e-10, 3.71492586693e-10, 1.40557662731e-10, 6.43772327114e-11, 5.70018511559e-11]
    },
    "mfcc": {
        "mean": [-706.775695801, 90.2465515137, 46.6227455139, 22.6419754028, 6.48497772217, 15.9094219208, -1.01054120064, 3.96523046494, 1.00280940533, 0.474386334419, -0.176598936319, -0.566807091236, -0.242193117738],
        "cov": [[22081.8046875, -1185.02099609, -2823.65576172, -723.390625, -418.821655273, -47.1857376099, 543.790710449, 301.155883789, 126.521316528, 362.556243896, -67.2791595459, -85.6009063721, -21.6271095276], [-1185.02099609, 2408.45556641, -263.073516846, -64.9000778198, 215.915649414, 89.3912887573, 212.535125732, 207.121643066, 145.6300354, 217.523880005, 169.18409729, 156.30241394, 127.218849182], [-2823.65576172, -263.073516846, 2388.60449219, 752.470031738, 314.473754883, 247.356918335, -102.736129761, -128.039230347, -3.58614349365, -201.965408325, 1.76576459408, 27.3489055634, 9.67860221863], [-723.390625, -64.9000778198, 752.470031738, 1186.86022949, 419.627746582, 371.230987549, 319.836883545, 116.001411438, 149.548278809, 16.4912548065, 64.1743240356, 96.3072357178, 126.213157654], [-418.821655273, 215.915649414, 314.473754883, 419.627746582, 571.722473145, 333.089263916, 282.108032227, 177.708053589, 151.765655518, 98.655632019, 51.7333717346, 91.8360900879, 66.4835891724], [-47.1857376099, 89.3912887573, 247.356918335, 371.230987549, 333.089263916, 443.390472412, 305.70324707, 177.916564941, 155.097503662, 73.7437667847, 59.4548568726, 45.2313728333, 31.2466163635], [543.790710449, 212.535125732, -102.736129761, 319.836883545, 282.108032227, 305.70324707, 448.617370605, 255.455566406, 204.089569092, 165.081054688, 99.9010620117, 100.288825989, 85.0501174927], [301.155883789, 207.121643066, -128.039230347, 116.001411438, 177.708053589, 177.916564941, 255.455566406, 261.491241455, 163.270935059, 156.720321655, 101.811569214, 80.8765258789, 66.7582702637], [126.521316528, 145.6300354, -3.58614349365, 149.548278809, 151.765655518, 155.097503662, 204.089569092, 163.270935059, 204.898971558, 140.841033936, 84.4730758667, 87.6380615234, 73.367149353], [362.556243896, 217.523880005, -201.965408325, 16.4912548065, 98.655632019, 73.7437667847, 165.081054688, 156.720321655, 140.841033936, 224.20791626, 125.750175476, 107.15852356, 89.9258956909], [-67.2791595459, 169.18409729, 1.76576459408, 64.1743240356, 51.7333717346, 59.4548568726, 99.9010620117, 101.811569214, 84.4730758667, 125.750175476, 161.448013306, 111.89616394, 86.3572540283], [-85.6009063721, 156.30241394, 27.3489055634, 96.3072357178, 91.8360900879, 45.2313728333, 100.288825989, 80.8765258789, 87.6380615234, 107.15852356, 111.89616394, 172.464324951, 120.289237976], [-21.6271095276, 127.218849182, 9.67860221863, 126.213157654, 66.4835891724, 31.2466163635, 85.0501174927, 66.7582702637, 73.367149353, 89.9258956909, 86.3572540283, 120.289237976, 164.716491699]],
