{
"lowlevel": {
    "average_loudness": 0.82712996006,
    "barkbands_crest": {
        "dmean": 2.47797465324,
        "dmean2": 3.64827346802,
        "dvar": 5.85008239746,
        "dvar2": 10.8944177628,
        "max": 25.585609436,
        "mean": 8.60140228271,
        "median": 7.20104122162,
        "min": 1.74453139305,
        "var": 22.9244270325
    },
    "barkbands_flatness_db": {
        "dmean": 0.0189385097474,
        "dmean2": 0.0256066657603,
        "dvar": 0.000437841837993,
        "dvar2": 0.000682662124746,
        "max": 0.397843033075,
        "mean": 0.0873626023531,
        "median": 0.0724832862616,
        "min": 0.0130005227402,
        "var": 0.0026717199944
    },
    "barkbands_kurtosis": {
        "dmean": 2.07089781761,
        "dmean2": 2.82760167122,
        "dvar": 42.7656707764,
        "dvar2": 69.8094482422,
        "max": 267.907165527,
        "mean": 1.97312784195,
        "median": -0.337864875793,
        "min": -1.90726256371,
        "var": 81.3488464355
    },
    "barkbands_skewness": {
        "dmean": 0.481476336718,
        "dmean2": 0.640559434891,
        "dvar": 0.31582531333,
        "dvar2": 0.47564136982,
        "max": 13.9848814011,
        "mean": 1.05190503597,
        "median": 0.812848746777,
        "min": -4.90048074722,
        "var": 1.51306796074
    },
    "barkbands_spread": {
        "dmean": 7.17741203308,
        "dmean2": 10.2653083801,
        "dvar": 56.3754234314,
        "dvar2": 101.590103149,
        "max": 110.745155334,
        "mean": 36.1245727539,
        "median": 37.2994766235,
        "min": 0.596871078014,
        "var": 261.907653809
    },
    "dissonance": {
        "dmean": 0.0134587604553,
        "dmean2": 0.0223346613348,
        "dvar": 0.000235043946304,
        "dvar2": 0.000628886453342,
        "max": 0.5,
        "mean": 0.471776008606,
        "median": 0.478270173073,
        "min": 0.113586291671,
        "var": 0.000579300161917
    },
    "dynamic_complexity": 2.83455586433,
    "erbbands_crest": {
        "dmean": 1.80305063725,
        "dmean2": 2.94263672829,
        "dvar": 3.72245764732,
        "dvar2": 8.96647548676,
        "max": 28.0149707794,
        "mean": 6.37152385712,
        "median": 5.11256837845,
        "min": 2.28386926651,
        "var": 12.8099842072
    },
    "erbbands_flatness_db": {
        "dmean": 0.012053723447,
        "dmean2": 0.0177074465901,
        "dvar": 0.000197603541892,
        "dvar2": 0.000381041172659,
        "max": 0.365246504545,
        "mean": 0.121644675732,
        "median": 0.110032573342,
        "min": 0.0423502512276,
        "var": 0.00194322247989
    },
    "erbbands_kurtosis": {
        "dmean": 0.604902267456,
        "dmean2": 0.941056847572,
        "dvar": 0.892204582691,
        "dvar2": 2.06811904907,
        "max": 18.6605491638,
        "mean": -0.147229865193,
        "median": -0.508163094521,
        "min": -1.7425712347,
        "var": 2.01670622826
    },
    "erbbands_skewness": {
        "dmean": 0.286626219749,
        "dmean2": 0.437060207129,
        "dvar": 0.0788637921214,
        "dvar2": 0.174690321088,
        "max": 3.84202647209,
        "mean": -0.0272126812488,
        "median": -0.148718237877,
        "min": -3.24725317955,
        "var": 0.420058995485
    },
    "erbbands_spread": {
        "dmean": 8.35267353058,
        "dmean2": 12.2988920212,
        "dvar": 61.7238845825,
        "dvar2": 126.570556641,
        "max": 120.51701355,
        "mean": 47.9722862244,
        "median": 46.8938560486,
        "min": 7.42275857925,
        "var": 300.169891357
    },
    "hfc": {
        "dmean": 10.6056375504,
        "dmean2": 15.3666696548,
        "dvar": 274.725494385,
        "dvar2": 577.250427246,
        "max": 189.696151733,
        "mean": 30.3264007568,
        "median": 24.7368659973,
        "min": 1.06172449887e-16,
        "var": 595.350830078
    },
    "melbands_crest": {
        "dmean": 3.34505486488,
        "dmean2": 5.15420675278,
        "dvar": 10.854344368,
        "dvar2": 21.070476532,
        "max": 34.7846679688,
        "mean": 13.2918243408,
        "median": 11.5165634155,
        "min": 1.69491124153,
        "var": 42.6302185059
    },
    "melbands_flatness_db": {
        "dmean": 0.0252604857087,
        "dmean2": 0.0329054482281,
        "dvar": 0.000726428464986,
        "dvar2": 0.00106478820089,
        "max": 0.515980303288,
        "mean": 0.13502125442,
        "median": 0.116561748087,
        "min": 0.00314721907489,
        "var": 0.00492616929114
    },
    "melbands_kurtosis": {
        "dmean": 6.02396678925,
        "dmean2": 8.11942481995,
        "dvar": 172.259277344,
        "dvar2": 299.199707031,
        "max": 391.771087646,
        "mean": 10.6773271561,
        "median": 4.53237056732,
        "min": -1.77423477173,
        "var": 393.192260742
    },
    "melbands_skewness": {
        "dmean": 0.663225233555,
        "dmean2": 0.886247754097,
        "dvar": 0.613490045071,
        "dvar2": 0.932010293007,
        "max": 16.0100402832,
        "mean": 2.4401640892,
        "median": 2.0289068222,
        "min": -0.504306197166,
        "var": 2.84297037125
    },
    "melbands_spread": {
        "dmean": 10.342467308,
        "dmean2": 14.9934949875,
        "dvar": 127.428764343,
        "dvar2": 257.452270508,
        "max": 224.515777588,
        "mean": 39.7805519104,
        "median": 36.8638305664,
        "min": 0.467293947935,
        "var": 613.57824707
    },
    "pitch_salience": {
        "dmean": 0.0676109939814,
        "dmean2": 0.100306972861,
        "dvar": 0.00496877543628,
        "dvar2": 0.0089901080355,
        "max": 0.970393180847,
        "mean": 0.576684296131,
        "median": 0.609700918198,
        "min": 0.0567924752831,
        "var": 0.0194736625999
    },
    "silence_rate_20dB": {
        "dmean": 0,
        "dmean2": 0,
        "dvar": 0,
        "dvar2": 0,
        "max": 1,
        "mean": 1,
        "median": 1,
        "min": 1,
        "var": 0
    },
    "silence_rate_30dB": {
        "dmean": 0.00569680333138,
        "dmean2": 0.0113948090002,
        "dvar": 0.00566526409239,
        "dvar2": 0.0152750685811,
        "max": 1,
        "mean": 0.996308028698,
        "median": 1,
        "min": 0,
        "var": 0.00367842521518
    },
    "silence_rate_60dB": {
        "dmean": 0.0160354468971,
        "dmean2": 0.0320742763579,
        "dvar": 0.0157797541469,
        "dvar2": 0.039279203862,
        "max": 1,
        "mean": 0.059810128063,
        "median": 0,
        "min": 0,
        "var": 0.0562270469964
    },
    "spectral_centroid": {
        "dmean": 291.596221924,
        "dmean2": 430.462524414,
        "dvar": 90740.2890625,
        "dvar2": 182478.53125,
        "max": 11796.1542969,
        "mean": 2017.6842041,
        "median": 2005.41003418,
        "min": 178.83442688,
        "var": 1333923.625
    },
    "spectral_complexity": {
        "dmean": 4.65871906281,
        "dmean2": 7.20194149017,
        "dvar": 22.387140274,
        "dvar2": 48.5041503906,
        "max": 58,
        "mean": 24.5516872406,
        "median": 26,
        "min": 0,
        "var": 132.319046021
    },
    "spectral_decrease": {
        "dmean": 1.89561122355e-09,
        "dmean2": 2.27722907198e-09,
        "dvar": 7.08024500852e-18,
        "dvar2": 8.69816479174e-18,
        "max": 4.1775419235e-10,
        "mean": -6.18164497368e-09,
        "median": -3.77588538214e-09,
        "min": -3.54239979572e-08,
        "var": 3.64940307206e-17
    },
    "spectral_energy": {
        "dmean": 0.00778938410804,
        "dmean2": 0.00950892828405,
        "dvar": 0.000105097067717,
        "dvar2": 0.000134433910716,
        "max": 0.137507081032,
        "mean": 0.0260817147791,
        "median": 0.0168887227774,
        "min": 9.93882466804e-21,
        "var": 0.00055848545162
    },
    "spectral_energyband_high": {
        "dmean": 0.000910584931262,
        "dmean2": 0.00134661153425,
        "dvar": 2.62721505351e-06,
        "dvar2": 5.43643318451e-06,
        "max": 0.0228600818664,
        "mean": 0.00203000078909,
        "median": 0.00151539966464,
        "min": 6.77374730107e-21,
        "var": 4.6807790568e-06
    },
    "spectral_energyband_low": {
        "dmean": 0.00530192069709,
        "dmean2": 0.00680401781574,
        "dvar": 0.000147572078276,
        "dvar2": 0.000227346201427,
        "max": 0.114010825753,
        "mean": 0.00945946574211,
        "median": 0.00246077217162,
        "min": 1.00281008014e-23,
        "var": 0.000369048095308
    },
    "spectral_energyband_middle_high": {
        "dmean": 0.00173741939943,
        "dmean2": 0.0026392089203,
        "dvar": 4.58559088656e-06,
        "dvar2": 9.57234442467e-06,
        "max": 0.0534684695303,
        "mean": 0.00554860709235,
        "median": 0.00444358587265,
        "min": 1.06271695983e-21,
        "var": 2.56032199104e-05
    },
    "spectral_energyband_middle_low": {
        "dmean": 0.00465590180829,
        "dmean2": 0.00724332453683,
        "dvar": 6.89523731126e-05,
        "dvar2": 0.000158026741701,
        "max": 0.0979999825358,
        "mean": 0.0100721670315,
        "median": 0.00621219212189,
        "min": 1.56756153442e-22,
        "var": 0.000122270721477
    },
    "spectral_entropy": {
        "dmean": 0.123095087707,
        "dmean2": 0.177903980017,
        "dvar": 0.023622835055,
        "dvar2": 0.0445769093931,
        "max": 9.82313251495,
        "mean": 8.01079177856,
        "median": 8.11207008362,
        "min": 5.70455265045,
        "var": 0.17725174129
    },
    "spectral_flux": {
        "dmean": 0.0258801337332,
        "dmean2": 0.0362740755081,
        "dvar": 0.00108056329191,
        "dvar2": 0.00177430186886,
        "max": 0.350352704525,
        "mean": 0.0904060676694,
        "median": 0.071108341217,
        "min": 6.30203875196e-11,
        "var": 0.00396051490679
    },
    "spectral_kurtosis": {
        "dmean": 0.988060474396,
        "dmean2": 1.57368683815,
        "dvar": 7.77328681946,
        "dvar2": 19.3754768372,
        "max": 83.0332565308,
        "mean": 3.06639933586,
        "median": 2.61430478096,
        "min": -1.26772892475,
        "var": 12.7914352417
    },
    "spectral_rms": {
        "dmean": 0.000703417521436,
        "dmean2": 0.00088466325542,
        "dvar": 6.28530017366e-07,
        "dvar2": 8.12056100585e-07,
        "max": 0.0115824546665,
        "mean": 0.00456346571445,
        "median": 0.0040591629222,
        "min": 3.11390648509e-12,
        "var": 4.62031584902e-06
    },
    "spectral_rolloff": {
        "dmean": 964.89453125,
        "dmean2": 1440.16918945,
        "dvar": 1766678.5,
        "dvar2": 3291862.5,
        "max": 19616.7480469,
        "mean": 3211.57299805,
        "median": 2842.3828125,
        "min": 64.599609375,
        "var": 7893215
    },
    "spectral_skewness": {
        "dmean": 0.145003259182,
        "dmean2": 0.227751359344,
        "dvar": 0.0564645752311,
        "dvar2": 0.132601544261,
        "max": 7.12373304367,
        "mean": 1.30280148983,
        "median": 1.27301120758,
        "min": -0.100060679018,
        "var": 0.16611328721
    },
    "spectral_spread": {
        "dmean": 565431.9375,
        "dmean2": 817193.625,
        "dvar": 696228446208,
        "dvar2": 1.32389312922e+12,
        "max": 50618524,
        "mean": 6165082.5,
        "median": 5631898,
        "min": 850953.25,
        "var": 1.57744292168e+13
    },
    "spectral_strongpeak": {
        "dmean": 0.420490711927,
        "dmean2": 0.698746204376,
        "dvar": 0.463917821646,
        "dvar2": 1.07615017891,
        "max": 12.9520978928,
        "mean": 0.869214475155,
        "median": 0.516364216805,
        "min": 0,
        "var": 1.11864876747
    },
    "zerocrossingrate": {
        "dmean": 0.0183573458344,
        "dmean2": 0.0202261675149,
        "dvar": 0.000384973274777,
        "dvar2": 0.000456165522337,
        "max": 0.560546875,
        "mean": 0.111744299531,
        "median": 0.10693359375,
        "min": 0.00244140625,
        "var": 0.00462171807885
    },
    "barkbands": {
        "dmean": [0.000248958007433, 0.00380851654336, 0.00327247264795, 0.00198997720145, 0.00182170583867, 0.0014822363155, 0.000437826995039, 0.000597773119807, 0.000790168356616, 0.000336363416864, 0.000596946105361, 0.00028848121292, 0.000251869059866, 0.000226185336942, 0.000323450629367, 0.000295219826512, 0.000292678741971, 0.000266501563601, 0.000205070056836, 0.00017274194397, 0.000143076103996, 0.000149741928908, 0.0001927792473, 0.000154943423695, 0.000193878877326, 0.0001377058652, 9.42123006098e-06],
        "dmean2": [0.00035745112109, 0.00498557975516, 0.00564011791721, 0.00355941639282, 0.00305095710792, 0.00226063095033, 0.000669363886118, 0.000930184207391, 0.00119737256318, 0.000528509903233, 0.000909117457923, 0.000462869676994, 0.000410104985349, 0.000384406594094, 0.000529511540662, 0.000483337236801, 0.000478317728266, 0.000429085426731, 0.000340318219969, 0.000286407099338, 0.000235787199927, 0.000236222884268, 0.000299251201795, 0.000231971949688, 0.000283351051621, 0.000202716837521, 1.51685771925e-05],
        "dvar": [4.55453630366e-07, 0.000108034255391, 0.000109251712274, 4.60924056824e-05, 2.0756979211e-05, 7.4667213994e-06, 1.87545902008e-06, 1.3400209582e-06, 2.80744256997e-06, 8.7158491624e-07, 1.96328983293e-06, 2.85052351501e-07, 1.71041321551e-07, 9.10206665594e-08, 1.95264917124e-07, 2.47591742664e-07, 1.96929221374e-07, 1.69358628455e-07, 7.37474721291e-08, 4.77805066623e-08, 3.48839748199e-08, 5.80606887013e-08, 1.98715696342e-07, 9.021628955e-08, 1.53080364385e-07, 1.21574402101e-07, 5.71454883413e-10],
        "dvar2": [8.6781852815e-07, 0.00019039682229, 0.000295222358545, 0.000128226689412, 5.73279576201e-05, 1.76555477083e-05, 4.25370717494e-06, 2.95060476674e-06, 5.91866955801e-06, 1.62468973031e-06, 3.80279379897e-06, 6.18411490905e-07, 3.89323929539e-07, 2.44380771619e-07, 4.7513606205e-07, 6.00209205004e-07, 4.26089798111e-07, 3.58734297379e-07, 1.90880371065e-07, 1.2502702873e-07, 8.82485409193e-08, 1.30269256715e-07, 4.30542769436e-07, 1.8992909645e-07, 3.18846019809e-07, 2.70838967253e-07, 1.32605093572e-09],
        "max": [0.00525772664696, 0.090217217803, 0.0796601101756, 0.0547538772225, 0.0430040284991, 0.048380445689, 0.0493695512414, 0.0280512608588, 0.0359332039952, 0.0376074053347, 0.0358625426888, 0.0168735031039, 0.00962705351412, 0.00408233888447, 0.0111332396045, 0.0143174855039, 0.0128379361704, 0.0137409325689, 0.00714229280129, 0.00476717948914, 0.00249486905523, 0.0049260482192, 0.0109765138477, 0.00627700332552, 0.0058840601705, 0.0071479305625, 0.000561936874874],
        "mean": [0.000239274319028, 0.00514290994033, 0.00315643846989, 0.0016312552616, 0.00223554205149, 0.00279258284718, 0.000726221711375, 0.00093248707708, 0.00155187642667, 0.000559749314561, 0.00110449665226, 0.000461566145532, 0.000443432945758, 0.00034893330303, 0.000521104317158, 0.00049852381926, 0.000517579726875, 0.000533914193511, 0.000441786192823, 0.00041176303057, 0.000343444466125, 0.000325582135702, 0.000327668618411, 0.000298247381579, 0.000310594739858, 0.000211032762309, 1.36757862492e-05],
        "median": [1.36015496537e-05, 0.000347144727129, 0.000893887015991, 0.000187294062926, 0.00106782803778, 0.00128013535868, 0.00024974916596, 0.000409182044677, 0.000402598408982, 0.000224283547141, 0.000364386563888, 0.000243172151386, 0.000227137818001, 0.000241349480348, 0.000367823813576, 0.000355585158104, 0.000398184231017, 0.00040408159839, 0.000368535664165, 0.000348794215824, 0.000300251616864, 0.000250787765253, 0.000209975201869, 0.000183264754014, 0.000155001383973, 0.000111741057481, 8.34370257508e-06],
        "min": [4.91867692003e-25, 9.31983051787e-25, 1.81416452577e-24, 6.05449955896e-25, 8.32468662745e-24, 7.02329174806e-24, 4.92959455774e-24, 5.15988238307e-24, 1.90367377223e-23, 1.58460777728e-23, 5.80830987551e-24, 2.78360456688e-23, 2.72397804204e-23, 4.91403041097e-23, 5.86093486538e-23, 3.89700411068e-23, 7.502283041e-23, 7.10166034582e-23, 1.26338535217e-22, 1.54650298722e-22, 2.36261796386e-22, 2.77192595449e-22, 3.93202152005e-22, 5.92945974123e-22, 8.30523716717e-22, 1.0457780336e-21, 1.72614034783e-21],
        "var": [5.58051226562e-07, 0.000189789774595, 7.5953634223e-05, 2.88678875222e-05, 1.62053547683e-05, 1.91923281818e-05, 4.668899237e-06, 3.22558435073e-06, 1.1373345842e-05, 3.27563293467e-06, 6.89587250235e-06, 7.37214634228e-07, 6.6239510943e-07, 1.4458136377e-07, 3.65520406831e-07, 4.54924901305e-07, 4.22170330694e-07, 4.66840873514e-07, 1.77203261842e-07, 1.29281801264e-07, 7.99050283717e-08, 1.13534483148e-07, 2.79805135506e-07, 1.50571210611e-07, 2.37551333271e-07, 1.42498279843e-07, 6.08007255654e-10]
    },
    "erbbands": {
        "dmean": [0.142940998077, 0.940722882748, 3.23232746124, 5.46243715286, 6.00459575653, 5.47631502151, 11.3757476807, 10.4455804825, 5.9954996109, 8.17308425903, 15.7061710358, 17.4430828094, 8.76636695862, 19.3381233215, 15.7108030319, 11.151971817, 11.2045173645, 12.7862539291, 13.5099010468, 15.0258216858, 13.9040126801, 15.2382011414, 14.7414693832, 13.55809021, 8.47574234009, 8.02916526794, 5.36837816238, 6.22433662415, 5.62274646759, 5.00164937973, 6.01610469818, 3.82822918892, 2.53291869164, 2.07977080345, 1.43841207027, 0.549983024597, 0.291163355112, 0.0501207113266, 0.00106953829527, 3.88714615838e-05],
        "dmean2": [0.186752125621, 1.3427298069, 5.40723848343, 9.41672039032, 10.1888580322, 8.94083499908, 17.6237068176, 15.6628379822, 9.20851898193, 12.461933136, 24.5665035248, 26.2168693542, 13.2980566025, 29.3937969208, 23.7204303741, 17.775592804, 18.1712188721, 21.5291938782, 22.2180290222, 24.3696365356, 22.6629047394, 24.5646934509, 23.7778282166, 22.4138832092, 14.1198396683, 13.3835124969, 8.91479587555, 10.2600212097, 9.04273986816, 7.84287643433, 9.38637065887, 5.80994415283, 3.81740117073, 3.08833646774, 2.11179494858, 0.815284013748, 0.433222413063, 0.075180567801, 0.00160441815387, 5.55405677005e-05],
        "dvar": [0.152645722032, 7.20891571045, 102.439292908, 303.458282471, 362.961395264, 152.399124146, 416.184753418, 550.819763184, 397.722900391, 369.689239502, 968.60546875, 1575.8482666, 502.949829102, 2057.71777344, 1183.54541016, 295.505584717, 339.935424805, 267.536224365, 463.220214844, 405.953674316, 473.93057251, 710.208435059, 670.334289551, 309.565643311, 128.313568115, 114.798294067, 41.7492828369, 78.93359375, 82.0625152588, 82.6842422485, 222.765106201, 67.7007141113, 22.9373931885, 16.2054634094, 9.46295261383, 1.58156883717, 0.706819355488, 0.0190910622478, 7.79122001404e-06, 7.36722594041e-09],
        "dvar2": [0.209921002388, 16.3239250183, 264.553436279, 804.705505371, 956.301025391, 409.62008667, 1006.03826904, 1281.60241699, 914.144226074, 800.10736084, 2139.67993164, 3168.71972656, 759.588867188, 3987.37792969, 2072.69067383, 692.950927734, 780.52130127, 710.413208008, 1067.83764648, 971.872253418, 1209.67529297, 1398.62585449, 1384.12097168, 783.909973145, 328.830810547, 303.17388916, 107.737945557, 196.325531006, 190.703277588, 180.109909058, 498.533233643, 154.01133728, 45.4371833801, 32.0180664062, 20.7438564301, 3.56531119347, 1.67244660854, 0.0407496877015, 1.65925266629e-05, 1.58756545687e-08],
        "max": [3.03068566322, 22.6809768677, 79.7148284912, 151.779006958, 167.518341064, 203.026947021, 440.895111084, 488.643707275, 572.648193359, 816.48236084, 737.635131836, 1000.00646973, 1041.92004395, 1603.4675293, 1386.85754395, 502.905792236, 437.756408691, 317.095794678, 698.154418945, 434.147277832, 611.793029785, 902.150024414, 1028.58691406, 371.074066162, 282.21395874, 261.39956665, 114.398719788, 109.196548462, 171.039413452, 234.866149902, 383.4453125, 227.850601196, 58.5625801086, 80.5696640015, 45.8023948669, 25.7185306549, 23.519367218, 3.48979139328, 0.0679020658135, 0.00185193750076],
        "mean": [0.175288796425, 1.07064545155, 3.29198646545, 5.05278539658, 5.71053123474, 7.5052857399, 19.9077396393, 19.684835434, 10.5177564621, 13.7482061386, 28.5311870575, 34.8921432495, 17.7371711731, 38.0041732788, 29.2015132904, 19.7669525146, 20.966802597, 21.8524265289, 22.961933136, 27.0127754211, 26.3235244751, 28.8090190887, 29.4881763458, 27.9024467468, 20.0756626129, 18.9667129517, 14.2331323624, 13.3997793198, 12.1800403595, 9.68822669983, 9.76536560059, 7.31023597717, 4.46560668945, 3.38455867767, 2.20093750954, 0.919986665249, 0.400129944086, 0.0737007781863, 0.00162284378894, 8.20218410809e-05],
        "median": [0.00359593448229, 0.134009540081, 1.00172424316, 1.34753155708, 1.48867547512, 3.9263510704, 9.72206497192, 7.8822259903, 4.33509635925, 5.24692726135, 12.4558887482, 8.72970867157, 6.8284945488, 12.6597862244, 10.9355173111, 11.0045976639, 11.9593276978, 16.1541156769, 16.5349369049, 20.481584549, 20.536075592, 22.0272102356, 22.2758750916, 21.7824668884, 17.5849685669, 16.3208656311, 12.8075046539, 11.2950325012, 9.48400688171, 7.14453744888, 5.82040739059, 4.40884160995, 2.67309737206, 1.77657902241, 1.05191898346, 0.496969044209, 0.19453638792, 0.0404893085361, 0.000928837573156, 5.86472269788e-05],
        "min": [6.12150130217e-23, 4.12657784334e-22, 1.69770318699e-21, 5.0743907626e-21, 3.97209908716e-21, 2.09417703421e-20, 3.19066568222e-20, 4.48749165849e-20, 7.09954514847e-20, 9.31045416921e-20, 2.7533081505e-19, 3.8095593731e-19, 4.60806499424e-19, 6.07701782095e-19, 6.89366273743e-19, 1.19879894737e-18, 1.26528255513e-18, 2.47608968345e-18, 3.66875115746e-18, 3.73818552526e-18, 3.51160338469e-18, 4.2249792478e-18, 3.30334577623e-18, 6.24574798345e-18, 6.45245586903e-18, 7.70399957457e-18, 8.94610059983e-18, 9.69957693826e-18, 1.01801994798e-17, 1.01436397511e-17, 1.21693223532e-17, 9.69398685168e-18, 9.5364254886e-18, 8.23328101568e-18, 6.11208552263e-18, 3.98577433108e-18, 1.96772309054e-18, 9.25885593507e-19, 2.37381397058e-19, 2.55687020336e-20],
        "var": [0.266431242228, 8.82574462891, 78.7124786377, 214.835540771, 259.107452393, 142.437576294, 1042.37695312, 1209.55334473, 751.518188477, 1064.8927002, 3069.44433594, 6648.02392578, 3180.53344727, 9876.89355469, 4177.89941406, 1022.03839111, 1249.87976074, 492.039337158, 878.818908691, 771.992797852, 838.339477539, 1690.24755859, 1838.93798828, 744.596740723, 315.783874512, 286.270568848, 128.894821167, 140.473556519, 159.983932495, 137.553710938, 289.974731445, 102.336212158, 36.6343688965, 26.4716949463, 13.4097652435, 2.15607476234, 0.716309547424, 0.0218010805547, 9.14399424801e-06, 9.54355527938e-09]
    },
    "gfcc": {
        "mean": [21.1132068634, 44.5060844421, -113.656356812, 28.5750293732, -61.2477378845, 9.99571418762, -44.8345184326, 8.92036151886, -30.2712783813, 3.99236798286, -21.827293396, 5.0654873848, -15.3642063141],
        "cov": [[21685.9902344, -391.364379883, -941.29119873, 391.266571045, -743.172241211, 550.930053711, -706.225402832, 477.954101562, -516.914001465, 245.102935791, -409.517120361, 288.832336426, -290.939544678], [-391.364379883, 1531.47937012, -343.971191406, -48.9926490784, 214.506011963, -50.4507827759, 230.789749146, -45.2322120667, 172.33241272, -111.505119324, 132.983825684, -114.447845459, 125.812179565], [-941.29119873, -343.971191406, 937.965393066, 147.68258667, 124.701499939, 217.735916138, 19.7929382324, 148.575042725, 50.9332084656, 102.167976379, 6.05338811874, 65.2324066162, -11.7225198746], [391.266571045, -48.9926490784, 147.68258667, 375.504669189, 79.1203536987, 77.1852493286, 19.2434310913, 21.1492137909, 19.1992034912, 30.1802825928, 1.64347136021, 5.27268695831, -18.0601387024], [-743.172241211, 214.506011963, 124.701499939, 79.1203536987, 288.626281738, 74.429473877, 131.316772461, 44.1507492065, 94.4203414917, 14.6421384811, 50.0680961609, -0.658590853214, 37.1418609619], [550.930053711, -50.4507827759, 217.735916138, 77.1852493286, 74.429473877, 204.619720459, 63.720123291, 104.514350891, 24.0385398865, 52.9120903015, 16.2672691345, 37.845199585, 4.41804599762], [-706.225402832, 230.789749146, 19.7929382324, 19.2434310913, 131.316772461, 63.720123291, 200.74118042, 35.4742736816, 81.6673202515, 15.4519844055, 67.1834564209, -2.26944541931, 41.6165046692], [477.954101562, -45.2322120667, 148.575042725, 21.1492137909, 44.1507492065, 104.514350891, 35.4742736816, 157.413223267, 60.2735519409, 55.7130508423, 21.9801616669, 47.2246818542, 17.6871776581], [-516.914001465, 172.33241272, 50.9332084656, 19.1992034912, 94.4203414917, 24.0385398865, 81.6673202515, 60.2735519409, 139.662841797, 44.6186065674, 63.5153694153, 14.0809383392, 46.4887695312], [245.102935791, -111.505119324, 102.167976379, 30.1802825928, 14.6421384811, 52.9120903015, 15.4519844055, 55.7130508423, 44.6186065674, 97.1060409546, 36.5019035339, 45.5585784912, 8.39176940918], [-409.517120361, 132.983825684, 6.05338811874, 1.64347136021, 50.0680961609, 16.2672691345, 67.1834564209, 21.9801616669, 63.5153694153, 36.5019035339, 94.0864028931, 28.9500350952, 46.4096107483], [288.832336426, -114.447845459, 65.2324066162, 5.27268695831, -0.658590853214, 37.845199585, -2.26944541931, 47.2246818542, 14.0809383392, 45.5585784912, 28.9500350952, 83.7942199707, 30.2397270203], [-290.939544678, 125.812179565, -11.7225198746, -18.0601387024, 37.1418609619, 4.41804599762, 41.6165046692, 17.6871776581, 46.4887695312, 8.39176940918, 46.4096107483, 30.2397270203, 77.1366348267]],
        "icov": [[0.000181518858881, -0.000357686425559, 0.000422121112933, -0.000237572938204, 0.000202035051188, -0.000606763060205, 0.000564769841731, -0.000663212733343, 0.000720116426237, -0.000964320497587, 0.000920455961023, -0.000864656991325, 0.000517489854246], [-0.000357686425559, 0.0022063057404, -0.000430234940723, 0.000499502930325, -0.000708568142727, 0.000683759571984, -0.0012985804351, 0.00134821480606, -0.00262010260485, 0.00378353591077, -0.00346269272268, 0.00391771411523, -0.00248764129356], [0.000422121112933, -0.000430234940723, 0.00269851274788, -0.000725911813788, -0.000173956766957, -0.00278487033211, 0.00186699826736, -0.00183064793237, 0.00109859521035, -0.00243826792575, 0.00210083578713, -0.00178755435627, 0.00122969935182], [-0.000237572938204, 0.000499502930325, -0.000725911813788, 0.00349117349833, -0.00106678099837, -0.000339245045325, -0.000326329900417, 0.00175275315996, -0.00147226115223, 0.00082114408724, -0.00113723624963, 0.00105416460428, 0.00037249395973], [0.000202035051188, -0.000708568142727, -0.000173956766957, -0.00106678099837, 0.00646251253784, -0.00159267650452, -0.00189259334002, -0.000128161584144, -0.00183489290066, 0.000248413183726, 0.00146168319043, -0.00111313792877, 0.000307245791191], [-0.000606763060205, 0.000683759571984, -0.00278487033211, -0.000339245045325, -0.00159267650452, 0.0134181221947, -0.00529848877341, -0.00363939232193, 0.00247428566217, 9.93038629531e-05, -0.00186947267503, 0.00167653139215, -0.00124943361152], [0.000564769841731, -0.0012985804351, 0.00186699826736, -0.000326329900417, -0.00189259334002, -0.00529848877341, 0.0120523618534, -0.00159300293308, 5.14280909556e-05, -0.00195051042829, -0.00177206029184, -0.000196227090782, 0.00085740495706], [-0.000663212733343, 0.00134821480606, -0.00183064793237, 0.00175275315996, -0.000128161584144, -0.00363939232193, -0.00159300293308, 0.016245432198, -0.00920887943357, 0.00279334909283, -0.000584493798669, -0.00153512274846, -0.000964092323557], [0.000720116426237, -0.00262010260485, 0.00109859521035, -0.00147226115223, -0.00183489290066, 0.00247428566217, 5.14280909556e-05, -0.00920887943357, 0.0221464838833, -0.0117380907759, 0.000227756769164, 0.000867972907145, -0.00291013345122], [-0.000964320497587, 0.00378353591077, -0.00243826792575, 0.00082114408724, 0.000248413183726, 9.93038629531e-05, -0.00195051042829, 0.00279334909283, -0.0117380907759, 0.0286657195538, -0.0128151318058, -0.00142908259295, 0.00252628093585], [0.000920455961023, -0.00346269272268, 0.00210083578713, -0.00113723624963, 0.00146168319043, -0.00186947267503, -0.00177206029184, -0.000584493798669, 0.000227756769164, -0.0128151318058, 0.0298814512789, -0.0106893489137, -0.00286505627446], [-0.000864656991325, 0.00391771411523, -0.00178755435627, 0.00105416460428, -0.00111313792877, 0.00167653139215, -0.000196227090782, -0.00153512274846, 0.000867972907145, -0.00142908259295, -0.0106893489137, 0.0314356312156, -0.0150381848216], [0.000517489854246, -0.00248764129356, 0.00122969935182, 0.00037249395973, 0.000307245791191, -0.00124943361152, 0.00085740495706, -0.000964092323557, -0.00291013345122, 0.00252628093585, -0.00286505627446, -0.0150381848216, 0.0280276667327]]
    },
    "melbands": {
        "dmean": [0.0010487078689, 0.00141984049696, 0.000892083568033, 0.000411495537264, 0.000337556324666, 0.000240487803239, 9.25514759729e-05, 9.14528427529e-05, 0.000145476602484, 0.000105609295133, 4.27810264227e-05, 7.41435724194e-05, 5.95955134486e-05, 3.11698386213e-05, 2.89781437459e-05, 2.76576811302e-05, 2.55143968388e-05, 1.999394226e-05, 2.60427204921e-05, 2.41082707362e-05, 1.59021928994e-05, 1.85379649338e-05, 1.41383061418e-05, 1.22839155665e-05, 1.21926250358e-05, 6.92194089424e-06, 7.12164683137e-06, 5.53990457774e-06, 3.808775773e-06, 3.54533426616e-06, 4.0168738451e-06, 3.15352849611e-06, 3.54489293386e-06, 2.75884872281e-06, 3.93015625377e-06, 2.89484455607e-06, 2.21722416427e-06, 1.72589818703e-06, 1.79296387159e-06, 1.87986881883e-06],
        "dmean2": [0.00139309593942, 0.00217770948075, 0.00145373248961, 0.00069030787563, 0.000520935049281, 0.00036203849595, 0.000142312666867, 0.000140195043059, 0.000227917422308, 0.000158869137522, 6.499500887e-05, 0.000113343623525, 9.01067542145e-05, 4.89982303407e-05, 4.71566127089e-05, 4.49432882306e-05, 4.3052034016e-05, 3.29908471031e-05, 4.27001068601e-05, 3.94979106204e-05, 2.62956655206e-05, 3.00671563309e-05, 2.33982464124e-05, 1.98139623535e-05, 2.03706040338e-05, 1.16652872748e-05, 1.19079568321e-05, 9.30995429371e-06, 6.35864898868e-06, 5.91111484027e-06, 6.64174376652e-06, 5.13947043146e-06, 5.64769834455e-06, 4.40748863184e-06, 6.24413269179e-06, 4.45326168119e-06, 3.42511680174e-06, 2.62932394435e-06, 2.72736065199e-06, 2.84761586045e-06],
        "dvar": [8.20306831883e-06, 1.66992176673e-05, 7.09484447725e-06, 1.32181230583e-06, 3.11122647645e-07, 2.55366643387e-07, 8.94335414614e-08, 4.12685317031e-08, 8.86162325742e-08, 5.96058455926e-08, 1.33992728024e-08, 2.99793612157e-08, 1.64463340724e-08, 2.92184676454e-09, 2.52462739603e-09, 2.83831469439e-09, 1.20963994377e-09, 1.21421783739e-09, 1.34991906542e-09, 1.81455239723e-09, 5.96009297471e-10, 1.17964960022e-09, 4.32117785998e-10, 4.52849341359e-10, 2.6013466381e-10, 7.89603452067e-11, 8.96741292333e-11, 5.69110279736e-11, 2.14170799151e-11, 1.98686570668e-11, 3.61610394406e-11, 2.56445038815e-11, 4.28810389974e-11, 3.07314278192e-11, 9.84295978057e-11, 4.2372928083e-11, 2.10216514335e-11, 9.95552772165e-12, 1.15767785983e-11, 1.35269642709e-11],
        "dvar2": [1.09470884126e-05, 3.92333786294e-05, 1.73633907252e-05, 3.56617351827e-06, 7.48865147671e-07, 5.95863241415e-07, 2.06583763429e-07, 8.91886884347e-08, 1.96224064553e-07, 1.19862349379e-07, 1.9608609847e-08, 5.87979052113e-08, 2.98229956286e-08, 5.79443693027e-09, 6.32628882613e-09, 6.50089759802e-09, 3.23275073377e-09, 2.81410894587e-09, 3.41858918951e-09, 4.22005941303e-09, 1.55133739188e-09, 2.33282992923e-09, 9.64879509624e-10, 9.81277836765e-10, 6.72683964087e-10, 2.06104910916e-10, 2.35728048192e-10, 1.55011226077e-10, 5.66199066798e-11, 5.2153597413e-11, 8.99284396949e-11, 6.22596835198e-11, 1.00127857394e-10, 6.84860848588e-11, 2.21634682829e-10, 9.92183141202e-11, 4.84145640245e-11, 1.99744335655e-11, 2.40043627336e-11, 2.68108001078e-11],
        "max": [0.0222802422941, 0.0335353091359, 0.0231145378202, 0.0104810642079, 0.011468145065, 0.0100845377892, 0.00837541185319, 0.00712965195999, 0.00648264633492, 0.00592863373458, 0.00523672858253, 0.00635142810643, 0.0040518026799, 0.00217123609036, 0.00135239725932, 0.00129275151994, 0.000506395357661, 0.00110490305815, 0.000623844040092, 0.00141359225381, 0.000630116672255, 0.00117858138401, 0.000635919626802, 0.000734909437597, 0.000329812057316, 0.000159688919666, 0.000208775149076, 0.000199284302653, 7.96578315203e-05, 7.36041474738e-05, 7.67389356042e-05, 0.000102838719613, 0.000115678463771, 0.000147423168528, 0.000226721240324, 0.000190460501472, 0.000118580530398, 4.1235187382e-05, 6.68931170367e-05, 7.23842822481e-05],
        "mean": [0.00146716809832, 0.00163075944874, 0.000905380176846, 0.000454419816379, 0.000613917945884, 0.000457628077129, 0.000160708790645, 0.000149757615873, 0.00026605889434, 0.000211069607758, 7.87600365584e-05, 0.000142986915307, 0.000110291162855, 5.51185657969e-05, 4.78047222714e-05, 4.8726429668e-05, 3.89643864764e-05, 3.15455472446e-05, 4.10830325563e-05, 3.84121340176e-05, 2.8310021662e-05, 3.22493724525e-05, 2.57967967627e-05, 2.40198569372e-05, 2.3103915737e-05, 1.40444517456e-05, 1.47873352034e-05, 1.2003761185e-05, 9.03099407878e-06, 7.88897887105e-06, 7.70157203078e-06, 6.71880707159e-06, 6.40397456664e-06, 4.99463476444e-06, 5.89906539972e-06, 4.93989909955e-06, 4.20710648541e-06, 3.07262484966e-06, 2.80665540231e-06, 2.93393190987e-06],
        "median": [6.22887746431e-05, 0.000457600399386, 0.000252665777225, 0.000193556392333, 0.000327546440531, 0.000192794803297, 5.86161550018e-05, 5.62740751775e-05, 9.9165350548e-05, 4.77771900478e-05, 2.59156222455e-05, 4.49452272733e-05, 4.03059639211e-05, 2.74697231362e-05, 2.76576010947e-05, 2.08755318454e-05, 2.6192949008e-05, 2.07673601835e-05, 2.78676161543e-05, 2.53685466305e-05, 2.15508262045e-05, 2.28293320106e-05, 1.95766224351e-05, 1.84478903975e-05, 1.72790405486e-05, 1.21262219182e-05, 1.19962405734e-05, 1.00603010651e-05, 8.02124213806e-06, 6.81570327288e-06, 6.10955567026e-06, 5.33735919817e-06, 4.36204254584e-06, 3.70740326616e-06, 3.36510902343e-06, 2.92105005428e-06, 2.52880727203e-06, 1.88573881132e-06, 1.60539025273e-06, 1.43459033097e-06],
        "min": [8.85259707839e-25, 1.05251863152e-24, 1.59793272266e-24, 1.31383797688e-24, 9.98993926064e-25, 1.15956685915e-24, 1.07290841795e-24, 7.90174457236e-25, 2.35728224281e-24, 1.95547909618e-24, 2.24649205348e-24, 1.93843536189e-24, 1.14021245266e-24, 2.73969420231e-24, 2.64428206747e-24, 2.23478180777e-24, 3.97089978823e-24, 4.42609540751e-24, 4.27991908734e-24, 3.58180637408e-24, 4.19036246979e-24, 3.57624608799e-24, 2.79187242081e-24, 3.04981396238e-24, 3.87781814572e-24, 4.14505897686e-24, 4.44069722287e-24, 3.46386417457e-24, 4.80840146244e-24, 5.3912647529e-24, 4.83865348929e-24, 4.88585734814e-24, 4.8255445932e-24, 4.62023328743e-24, 5.73866529049e-24, 4.66806705171e-24, 5.18226552239e-24, 5.96470115554e-24, 5.5154744523e-24, 5.96502498294e-24],
        "var": [1.6146186681e-05, 1.67821672221e-05, 5.89549790675e-06, 9.69029201769e-07, 7.95614937488e-07, 5.81761526064e-07, 1.9012229302e-07, 1.21356933391e-07, 3.18459228765e-07, 2.65963450374e-07, 8.00619943675e-08, 1.45236015214e-07, 5.60273001327e-08, 1.26197967631e-08, 5.99174754257e-09, 1.11718501117e-08, 1.93116544978e-09, 2.18826645693e-09, 2.19729057171e-09, 3.45588846429e-09, 9.23192189362e-10, 2.58360621785e-09, 1.0609941814e-09, 1.08446218672e-09, 5.76288128329e-10, 1.57574467363e-10, 2.03023917122e-10, 1.30911004259e-10, 5.71812944217e-11, 4.52926376959e-11, 5.61861113191e-11, 4.89575532892e-11, 6.10390835099e-11, 4.63410733398e-11, 1.23739837821e-10, 5.80485833013e-11, 3.2255826482e-11, 1.649083127e-11, 1.68224080499e-11, 2.18722730899e-11]
    },
    "mfcc": {
        "mean": [-615.850036621, 81.0454330444, -0.882211744785, 18.6217651367, 2.92846870422, 0.468977719545, -4.25088882446, 0.178851425648, -4.12606287003, -2.82474088669, -4.97221374512, -3.16693139076, -3.02312779427],
        "cov": [[7817.12597656, -6.69279098511, 179.227996826, 58.0198249817, 151.573272705, 60.2820968628, 59.3762054443, 120.927261353, 27.4425678253, 27.9955692291, 8.65865039825, -23.8527183533, 1.21917819977], [-6.69279098511, 1260.86206055, -221.462661743, -5.86360168457, 35.196395874, 10.5094604492, 66.4049301147, 79.9911499023, 70.0382385254, 59.7224006653, 17.9790897369, 38.7600593567, 8.28330993652], [179.227996826, -221.462661743, 640.318481445, 51.3777389526, 145.83039856, 64.7055664062, 49.1176147461, 50.8639907837, 39.6961135864, 56.0339355469, 43.0063972473, 23.6912155151, 39.9443054199], [58.0198249817, -5.86360168457, 51.3777389526, 250.790435791, 80.4678268433, 78.6124801636, 25.7169075012, 24.9902038574, 20.5088214874, 18.6865901947, 17.9108772278, 25.9325275421, 12.1974391937], [151.573272705, 35.196395874, 145.83039856, 80.4678268433, 191.549972534, 61.999961853, 44.0931053162, 57.2139663696, 53.6218223572, 43.7142448425, 30.5596218109, 32.3878669739, 21.5161170959], [60.2820968628, 10.5094604492, 64.7055664062, 78.6124801636, 61.999961853, 133.281768799, 74.9428634644, 41.5213050842, 32.7607803345, 30.3354721069, 32.2246627808, 18.2981357574, 20.9341049194], [59.3762054443, 66.4049301147, 49.1176147461, 25.7169075012, 44.0931053162, 74.9428634644, 124.313560486, 62.1838951111, 40.2642860413, 32.9239578247, 31.5396442413, 20.2658424377, 18.7240505219], [120.927261353, 79.9911499023, 50.8639907837, 24.9902038574, 57.2139663696, 41.5213050842, 62.1838951111, 106.612197876, 58.1423072815, 41.9945030212, 30.5302410126, 23.9493083954, 23.3507480621], [27.4425678253, 70.0382385254, 39.6961135864, 20.5088214874, 53.6218223572, 32.7607803345, 40.2642860413, 58.1423072815, 86.698890686, 52.1949310303, 35.3085784912, 30.1246643066, 25.2817287445], [27.9955692291, 59.7224006653, 56.0339355469, 18.6865901947, 43.7142448425, 30.3354721069, 32.9239578247, 41.9945030212, 52.1949310303, 78.4297332764, 46.7628097534, 29.7271575928, 26.2771816254], [8.65865039825, 17.9790897369, 43.0063972473, 17.9108772278, 30.5596218109, 32.2246627808, 31.5396442413, 30.5302410126, 35.3085784912, 46.7628097534, 72.7230453491, 40.2544746399, 30.3153915405], [-23.8527183533, 38.7600593567, 23.6912155151, 25.9325275421, 32.3878669739, 18.2981357574, 20.2658424377, 23.9493083954, 30.1246643066, 29.7271575928, 40.2544746399, 64.3823547363, 39.4309082031], [1.21917819977, 8.28330993652, 39.9443054199, 12.1974391937, 21.5161170959, 20.9341049194, 18.7240505219, 23.3507480621, 25.2817287445, 26.2771816254, 30.3153915405, 39.4309082031, 64.5053024292]],
