{
"lowlevel": {
    "average_loudness": 0.841942131519,
    "barkbands_crest": {
        "dmean": 3.11962199211,
        "dmean2": 4.78583240509,
        "dvar": 8.21656227112,
        "dvar2": 17.5763378143,
        "max": 25.9336833954,
        "mean": 11.8466386795,
        "median": 11.0908145905,
        "min": 2.02332234383,
        "var": 29.6903762817
    },
    "barkbands_flatness_db": {
        "dmean": 0.0234539527446,
        "dmean2": 0.0349990464747,
        "dvar": 0.000565024034586,
        "dvar2": 0.00113836175296,
        "max": 0.502490341663,
        "mean": 0.109950684011,
        "median": 0.101035349071,
        "min": 0.0178620610386,
        "var": 0.00317885680124
    },
    "barkbands_kurtosis": {
        "dmean": 3.1650223732,
        "dmean2": 5.06496620178,
        "dvar": 89.5612106323,
        "dvar2": 247.339584351,
        "max": 335.700622559,
        "mean": 3.57414412498,
        "median": 0.480611681938,
        "min": -1.85663855076,
        "var": 149.684234619
    },
    "barkbands_skewness": {
        "dmean": 0.645651876926,
        "dmean2": 0.949803352356,
        "dvar": 0.527156174183,
        "dvar2": 1.15143358707,
        "max": 14.6430625916,
        "mean": 1.39086925983,
        "median": 1.13443374634,
        "min": -2.89711308479,
        "var": 2.17310714722
    },
    "barkbands_spread": {
        "dmean": 9.15861701965,
        "dmean2": 13.8803825378,
        "dvar": 84.5834350586,
        "dvar2": 180.024810791,
        "max": 114.081832886,
        "mean": 36.7176933289,
        "median": 34.240524292,
        "min": 0.534871816635,
        "var": 329.031616211
    },
    "dissonance": {
        "dmean": 0.0165699739009,
        "dmean2": 0.0276099331677,
        "dvar": 0.000259082065895,
        "dvar2": 0.000688891741447,
        "max": 0.500000119209,
        "mean": 0.47005045414,
        "median": 0.474581182003,
        "min": 0.172170370817,
        "var": 0.000470911531011
    },
    "dynamic_complexity": 3.39649271965,
    "erbbands_crest": {
        "dmean": 2.78060317039,
        "dmean2": 4.54641103745,
        "dvar": 7.77738285065,
        "dvar2": 18.7329540253,
        "max": 29.2466468811,
        "mean": 7.93354511261,
        "median": 6.50762653351,
        "min": 2.08967018127,
        "var": 20.2179260254
    },
    "erbbands_flatness_db": {
        "dmean": 0.0171061810106,
        "dmean2": 0.0258033536375,
        "dvar": 0.000299625855405,
        "dvar2": 0.000660638033878,
        "max": 0.344134628773,
        "mean": 0.125329881907,
        "median": 0.110464811325,
        "min": 0.0241550747305,
        "var": 0.002184944693
    },
    "erbbands_kurtosis": {
        "dmean": 0.869358003139,
        "dmean2": 1.38442182541,
        "dvar": 1.69186544418,
        "dvar2": 3.93631672859,
        "max": 29.0963973999,
        "mean": 0.0816617384553,
        "median": -0.507999658585,
        "min": -1.85710048676,
        "var": 3.5037021637
    },
    "erbbands_skewness": {
        "dmean": 0.394001722336,
        "dmean2": 0.59562253952,
        "dvar": 0.131337180734,
        "dvar2": 0.283512204885,
        "max": 4.68628358841,
        "mean": 0.0300111304969,
        "median": -0.0264813490212,
        "min": -3.36248111725,
        "var": 0.509894430637
    },
    "erbbands_spread": {
        "dmean": 10.8377380371,
        "dmean2": 16.2563457489,
        "dvar": 102.132972717,
        "dvar2": 221.526550293,
        "max": 153.799972534,
        "mean": 50.4466819763,
        "median": 49.6262512207,
        "min": 3.25284409523,
        "var": 475.791564941
    },
    "hfc": {
        "dmean": 11.8165397644,
        "dmean2": 16.877456665,
        "dvar": 198.821563721,
        "dvar2": 431.497467041,
        "max": 167.502105713,
        "mean": 31.2080821991,
        "median": 26.326839447,
        "min": 1.07319147209e-16,
        "var": 621.631103516
    },
    "melbands_crest": {
        "dmean": 4.29469871521,
        "dmean2": 6.53427028656,
        "dvar": 14.8520536423,
        "dvar2": 30.6113262177,
        "max": 37.0812225342,
        "mean": 17.7978610992,
        "median": 17.8055095673,
        "min": 1.61193823814,
        "var": 57.9658241272
    },
    "melbands_flatness_db": {
        "dmean": 0.03145025298,
        "dmean2": 0.0441037975252,
        "dvar": 0.000949553854298,
        "dvar2": 0.0017851665616,
        "max": 0.648716986179,
        "mean": 0.163487225771,
        "median": 0.153577521443,
        "min": 0.00354157527909,
        "var": 0.0062209633179
    },
    "melbands_kurtosis": {
        "dmean": 10.2050294876,
        "dmean2": 15.5258388519,
        "dvar": 365.472961426,
        "dvar2": 898.357543945,
        "max": 507.071350098,
        "mean": 18.0179691315,
        "median": 7.99983882904,
        "min": -1.76298666,
        "var": 810.921875
    },
    "melbands_skewness": {
        "dmean": 0.984607756138,
        "dmean2": 1.43039834499,
        "dvar": 1.09062385559,
        "dvar2": 2.30054187775,
        "max": 18.0886363983,
        "mean": 3.15883851051,
        "median": 2.63870167732,
        "min": -0.967169106007,
        "var": 4.75178289413
    },
    "melbands_spread": {
        "dmean": 12.5000982285,
        "dmean2": 18.2628288269,
        "dvar": 239.860122681,
        "dvar2": 495.179412842,
        "max": 219.614501953,
        "mean": 36.0875015259,
        "median": 29.0214385986,
        "min": 0.431828916073,
        "var": 767.778808594
    },
    "pitch_salience": {
        "dmean": 0.0884334892035,
        "dmean2": 0.132370188832,
        "dvar": 0.00683457450941,
        "dvar2": 0.0143082812428,
        "max": 0.972090363503,
        "mean": 0.485905796289,
        "median": 0.503055930138,
        "min": 0.0503607094288,
        "var": 0.0252352245152
    },
    "silence_rate_20dB": {
        "dmean": 0,
        "dmean2": 0,
        "dvar": 0,
        "dvar2": 0,
        "max": 1,
        "mean": 1,
        "median": 1,
        "min": 1,
        "var": 0
    },
    "silence_rate_30dB": {
        "dmean": 0.000179969400051,
        "dmean2": 0.000359971192665,
        "dvar": 0.000179928625585,
        "dvar2": 0.000539793574717,
        "max": 1,
        "mean": 0.999909996986,
        "median": 1,
        "min": 0,
        "var": 8.99664082681e-05
    },
    "silence_rate_60dB": {
        "dmean": 0.0502114631236,
        "dmean2": 0.100431963801,
        "dvar": 0.0476891510189,
        "dvar2": 0.108171403408,
        "max": 1,
        "mean": 0.0954651758075,
        "median": 0,
        "min": 0,
        "var": 0.0863491818309
    },
    "spectral_centroid": {
        "dmean": 399.497894287,
        "dmean2": 573.976806641,
        "dvar": 155223.59375,
        "dvar2": 303919.875,
        "max": 12021.5673828,
        "mean": 2094.29101562,
        "median": 1990.09619141,
        "min": 149.271270752,
        "var": 1430625.625
    },
    "spectral_complexity": {
        "dmean": 5.90857553482,
        "dmean2": 8.40712738037,
        "dvar": 41.1107215881,
        "dvar2": 75.7233200073,
        "max": 56,
        "mean": 19.3760128021,
        "median": 18,
        "min": 0,
        "var": 148.594604492
    },
    "spectral_decrease": {
        "dmean": 2.30065144713e-09,
        "dmean2": 3.49196027649e-09,
        "dvar": 1.21386157545e-17,
        "dvar2": 2.70819279966e-17,
        "max": 1.96704325239e-28,
        "mean": -6.75155886753e-09,
        "median": -5.23183096846e-09,
        "min": -2.96143891632e-08,
        "var": 3.55789538962e-17
    },
    "spectral_energy": {
        "dmean": 0.00945494510233,
        "dmean2": 0.0142675125971,
        "dvar": 0.000190158229088,
        "dvar2": 0.000424305413617,
        "max": 0.11654561758,
        "mean": 0.0283126570284,
        "median": 0.0228051077574,
        "min": 9.77798892989e-21,
        "var": 0.000568915449549
    },
    "spectral_energyband_high": {
        "dmean": 0.00112694257405,
        "dmean2": 0.00159012351651,
        "dvar": 2.1800669856e-06,
        "dvar2": 4.51552705272e-06,
        "max": 0.0139304185286,
        "mean": 0.00249517755583,
        "median": 0.00185297999997,
        "min": 7.17036505671e-21,
        "var": 5.78376875637e-06
    },
    "spectral_energyband_low": {
        "dmean": 0.00544080790132,
        "dmean2": 0.00747801642865,
        "dvar": 8.36068575154e-05,
        "dvar2": 0.000140208765515,
        "max": 0.10887991637,
        "mean": 0.0132727799937,
        "median": 0.00661876890808,
        "min": 1.93899896356e-23,
        "var": 0.000286082329694
    },
    "spectral_energyband_middle_high": {
        "dmean": 0.00208238698542,
        "dmean2": 0.00314605492167,
        "dvar": 7.59838803788e-06,
        "dvar2": 1.79431535798e-05,
        "max": 0.0511800646782,
        "mean": 0.00531290611252,
        "median": 0.00342430640012,
        "min": 1.18330509032e-21,
        "var": 3.32439340127e-05
    },
    "spectral_energyband_middle_low": {
        "dmean": 0.00696849310771,
        "dmean2": 0.0114071294665,
        "dvar": 0.000220013214857,
        "dvar2": 0.000545968883671,
        "max": 0.101843655109,
        "mean": 0.00807311479002,
        "median": 0.00376404356211,
        "min": 1.59531050562e-22,
        "var": 0.000194154548808
    },
    "spectral_entropy": {
        "dmean": 0.15334290266,
        "dmean2": 0.231070384383,
        "dvar": 0.0244570802897,
        "dvar2": 0.0552968457341,
        "max": 9.82926559448,
        "mean": 8.04183387756,
        "median": 8.11811637878,
        "min": 5.1922750473,
        "var": 0.19405528903
    },
    "spectral_flux": {
        "dmean": 0.0310927238315,
        "dmean2": 0.0428845584393,
        "dvar": 0.0012049645884,
        "dvar2": 0.00194048776757,
        "max": 0.335236728191,
        "mean": 0.0991756170988,
        "median": 0.0823987200856,
        "min": 6.36080146887e-11,
        "var": 0.00465533975512
    },
    "spectral_kurtosis": {
        "dmean": 0.797603726387,
        "dmean2": 1.30165731907,
        "dvar": 4.22348737717,
        "dvar2": 10.6189203262,
        "max": 93.3580780029,
        "mean": 2.42235064507,
        "median": 1.88835477829,
        "min": -1.26796758175,
        "var": 12.3891983032
    },
    "spectral_rms": {
        "dmean": 0.00088145112386,
        "dmean2": 0.00130730576348,
        "dvar": 1.16241574233e-06,
        "dvar2": 2.49058848567e-06,
        "max": 0.0106631629169,
        "mean": 0.0047186599113,
        "median": 0.00471687223762,
        "min": 3.08860836212e-12,
        "var": 5.3565786402e-06
    },
    "spectral_rolloff": {
        "dmean": 1098.78027344,
        "dmean2": 1722.77990723,
        "dvar": 2191726.25,
        "dvar2": 4480909.5,
        "max": 19638.28125,
        "mean": 3076.87109375,
        "median": 2002.58789062,
        "min": 43.06640625,
        "var": 9970251
    },
    "spectral_skewness": {
        "dmean": 0.151640698314,
        "dmean2": 0.229882627726,
        "dvar": 0.0426181145012,
        "dvar2": 0.0942838937044,
        "max": 7.90170431137,
        "mean": 1.19721770287,
        "median": 1.16359639168,
        "min": -0.104487553239,
        "var": 0.185028657317
    },
    "spectral_spread": {
        "dmean": 653100.75,
        "dmean2": 1008936.9375,
        "dvar": 498987728896,
        "dvar2": 1.06845136486e+12,
        "max": 42927144,
        "mean": 6776167,
        "median": 6498013.5,
        "min": 930915.3125,
        "var": 1.5374607188e+13
    },
    "spectral_strongpeak": {
        "dmean": 0.408354014158,
        "dmean2": 0.689272999763,
        "dvar": 0.740694761276,
        "dvar2": 1.87362456322,
        "max": 17.8684139252,
        "mean": 0.712078928947,
        "median": 0.39433658123,
        "min": 0,
        "var": 0.990018665791
    },
    "zerocrossingrate": {
        "dmean": 0.0188363287598,
        "dmean2": 0.0216221772134,
        "dvar": 0.000328678608639,
        "dvar2": 0.000403661135351,
        "max": 0.5205078125,
        "mean": 0.10616619885,
        "median": 0.09619140625,
        "min": 0.001953125,
        "var": 0.00518703646958
    },
    "barkbands": {
        "dmean": [0.000452188192867, 0.00454170256853, 0.00294020003639, 0.00268972362392, 0.00367344659753, 0.00102355622221, 0.000894412747584, 0.000463480304461, 0.000401173456339, 0.000741590571124, 0.00044022675138, 0.00046612296137, 0.000354300340405, 0.000277566723526, 0.000321590836393, 0.000261202047113, 0.000246437673923, 0.000174748434802, 0.000184823351447, 0.000224276082008, 0.000233619080973, 0.000251813005889, 0.000312617834425, 0.000177225621883, 0.000150116669829, 0.000115914786875, 8.10313849797e-06],
        "dmean2": [0.000683530175593, 0.00625307159498, 0.00482126837596, 0.00488078640774, 0.00676281750202, 0.00167063414119, 0.00132398621645, 0.000799783039838, 0.000662464299239, 0.00122995278798, 0.000709070474841, 0.000771275430452, 0.000572288583498, 0.000459471048089, 0.000518468092196, 0.000414189154981, 0.000386893108953, 0.000270949385595, 0.000291538337478, 0.00033893782529, 0.000350484478986, 0.0003754235222, 0.00048364684335, 0.00027038686676, 0.000228781063925, 0.000183109936188, 1.33759749588e-05],
        "dvar": [5.2734833389e-07, 6.02426225669e-05, 6.61419326207e-05, 7.0354079071e-05, 0.000109769505798, 3.39064104082e-06, 2.64946152129e-06, 1.24221548958e-06, 6.10040387983e-07, 2.56668840848e-06, 1.47098762682e-06, 9.16034593956e-07, 7.24936455754e-07, 4.49463215091e-07, 6.5728414711e-07, 3.18011501577e-07, 4.61275874386e-07, 8.86624249574e-08, 7.12368048994e-08, 8.31817246194e-08, 9.74057883241e-08, 1.3304810409e-07, 2.38252269469e-07, 5.6936155346e-08, 4.51409611912e-08, 2.28787904177e-08, 1.71112027325e-10],
        "dvar2": [1.31879914989e-06, 0.000116105256893, 0.000160603129189, 0.000196808061446, 0.000312643212965, 8.03431612439e-06, 5.06208516526e-06, 3.422196869e-06, 1.52539519149e-06, 6.53482629787e-06, 3.32148056259e-06, 2.20039441956e-06, 1.78394270733e-06, 1.16118746973e-06, 1.67190694356e-06, 7.47448154925e-07, 1.07769824353e-06, 2.05174927714e-07, 1.71486846057e-07, 1.82569124263e-07, 1.9832344833e-07, 2.81088631482e-07, 5.17563307767e-07, 1.32455454604e-07, 1.04567980941e-07, 5.57715829075e-08, 4.54534021532e-10],
        "max": [0.0120742050931, 0.0995394289494, 0.0530666559935, 0.0651404410601, 0.0720250532031, 0.0288607720286, 0.0269917920232, 0.0186815839261, 0.0115488218144, 0.0328357890248, 0.0295930877328, 0.0257418360561, 0.0268723554909, 0.0255421511829, 0.025072786957, 0.014805527404, 0.0416762307286, 0.0115323252976, 0.00463877525181, 0.00390556291677, 0.00351295876317, 0.00466202711686, 0.0046588582918, 0.00408649491146, 0.00396409956738, 0.0027020634152, 0.000226936477702],
        "mean": [0.000633387593552, 0.00951434206218, 0.0023493214976, 0.00177824730054, 0.00256925192662, 0.00130365043879, 0.00131729058921, 0.00049541896442, 0.000504848372657, 0.00101049384102, 0.000636662938632, 0.000628542213235, 0.000550379278138, 0.000379687611712, 0.000473504362162, 0.000386270956369, 0.000417094881414, 0.000317130121402, 0.000351721333573, 0.00040330606862, 0.000457089598058, 0.000439020019257, 0.000498000066727, 0.00036704109516, 0.000295642588753, 0.000220873684157, 1.43508386827e-05],
        "median": [0.000164522120031, 0.00425797235221, 0.000186978460988, 0.000103053942439, 0.000329670496285, 0.000383198261261, 0.000431067106547, 0.000136078640935, 0.000164005439728, 0.000301001884509, 0.000118483498227, 0.000231203099247, 0.000201232964173, 0.000181301424163, 0.000239343935391, 0.000193417916307, 0.000145338024595, 0.000168998623849, 0.00022430352692, 0.000272949691862, 0.000304435379803, 0.000284308800474, 0.0002950427006, 0.00025073759025, 0.000215470092371, 0.000146864476847, 7.17568809705e-06],
        "min": [2.40155218003e-25, 1.82488869534e-24, 1.76176029862e-24, 1.90005747606e-24, 3.55263350894e-24, 8.54475120988e-24, 6.78352536452e-24, 4.13146256473e-24, 1.05303196303e-23, 1.35157779256e-23, 1.04755789944e-23, 2.00923692975e-23, 2.67209844684e-23, 3.44227628592e-23, 4.26945121868e-23, 4.00488178611e-23, 5.03284201408e-23, 8.09822580303e-23, 1.30226243706e-22, 1.30125042319e-22, 2.19966908823e-22, 3.11272244835e-22, 4.15962291112e-22, 5.5883547712e-22, 8.11734387863e-22, 1.15715226872e-21, 2.00518253811e-21],
        "var": [9.19696446999e-07, 0.000168980797753, 5.52518104087e-05, 4.25689213444e-05, 6.42238883302e-05, 5.9599474298e-06, 5.7928800743e-06, 1.26298834857e-06, 8.96485062185e-07, 4.78630863654e-06, 3.48508888237e-06, 1.76706953425e-06, 1.72329032466e-06, 5.80775747494e-07, 9.17126214972e-07, 5.23832056842e-07, 1.20191862152e-06, 2.31317514476e-07, 1.73189846464e-07, 1.86892265219e-07, 2.35018092098e-07, 2.4708342039e-07, 3.78316684646e-07, 1.58884503776e-07, 1.07168965258e-07, 6.66937509664e-08, 4.91483631571e-10]
    },
    "erbbands": {
        "dmean": [0.146952211857, 1.12501490116, 3.02845668793, 6.17982816696, 11.3520154953, 12.1081781387, 8.26076030731, 8.98944664001, 14.2977647781, 8.41708564758, 10.5235204697, 8.83488845825, 12.7171020508, 26.0259361267, 17.3252677917, 17.7892875671, 16.9543743134, 11.544210434, 18.535577774, 12.9025840759, 14.1810846329, 12.8685283661, 8.95369720459, 8.67140579224, 9.07696056366, 10.9903583527, 10.8227424622, 8.1498374939, 9.1221075058, 9.51376914978, 8.69051265717, 4.44360113144, 3.00470066071, 1.83363759518, 0.992532134056, 0.500303447247, 0.231356993318, 0.0383415445685, 0.000826139410492, 3.29502945533e-05],
        "dmean2": [0.181664392352, 1.47308254242, 4.57063436508, 10.6126298904, 20.4850616455, 22.4474601746, 14.5938243866, 14.3568506241, 20.9234237671, 13.6852989197, 18.0760993958, 14.5803041458, 21.1091899872, 43.1046943665, 27.8129367828, 29.4867324829, 27.2497291565, 18.837064743, 29.8527488708, 20.48021698, 22.3541278839, 20.1191711426, 13.7630586624, 13.5791511536, 13.9957618713, 16.7734146118, 15.9109230042, 12.3769683838, 13.4332494736, 14.4796953201, 13.584239006, 6.79770612717, 4.61838769913, 2.80538272858, 1.55970060825, 0.812135696411, 0.375713258982, 0.060497969389, 0.00130719889421, 4.93288607686e-05],
        "dvar": [0.0535256937146, 3.85006833076, 55.6737365723, 324.351043701, 1193.84338379, 1129.89123535, 285.350250244, 301.457824707, 723.017700195, 240.531524658, 639.31652832, 332.373321533, 557.242797852, 3575.86328125, 1653.55224609, 1230.17541504, 1711.51403809, 642.396118164, 2808.05664062, 774.12310791, 1039.60644531, 1127.2911377, 218.893096924, 165.968048096, 148.334243774, 207.738555908, 231.704650879, 110.234260559, 183.269042969, 222.90536499, 181.403091431, 39.3200454712, 20.1934089661, 7.17973327637, 2.2032957077, 0.437751322985, 0.0991147980094, 0.00315803452395, 1.46489185227e-06, 1.83812798316e-09],
        "dvar2": [0.10482595861, 7.08482503891, 122.553085327, 845.713928223, 3304.59716797, 3243.6418457, 783.276550293, 673.168395996, 1344.92871094, 637.140136719, 1760.63427734, 849.311828613, 1384.79394531, 9092.15722656, 3676.76806641, 3071.38769531, 4279.85400391, 1729.80578613, 7207.53125, 1886.97338867, 2500.74462891, 2688.19213867, 521.924682617, 387.920166016, 354.941314697, 467.256896973, 464.10244751, 240.898468018, 395.530181885, 497.857818604, 401.434570312, 90.0301055908, 46.6587905884, 16.2262363434, 5.35585737228, 1.09550964832, 0.246390268207, 0.00695415213704, 3.30090051648e-06, 4.07407130254e-09],
        "max": [4.73883581161, 23.899553299, 49.8237838745, 126.194618225, 248.972076416, 245.786148071, 228.577926636, 282.82635498, 482.705627441, 384.418457031, 433.940063477, 341.194366455, 438.259643555, 1303.81188965, 1377.85925293, 931.67401123, 1450.35046387, 646.91784668, 1870.36889648, 754.598083496, 1016.69134521, 1753.02722168, 516.093688965, 280.645111084, 215.781234741, 219.714324951, 196.493682861, 114.629005432, 171.660247803, 175.198135376, 123.078475952, 91.6737518311, 80.822883606, 51.6020317078, 29.2826652527, 7.55388784409, 6.26979351044, 0.984276235104, 0.0207354128361, 0.000630156195257],
        "mean": [0.30043438077, 2.00690364838, 3.05583024025, 4.6212439537, 7.79373264313, 8.47584915161, 7.90840148926, 11.9869966507, 21.0742931366, 11.1426153183, 11.8787126541, 11.5934944153, 17.7687244415, 37.2157402039, 27.4959125519, 26.041431427, 27.6069793701, 17.290599823, 27.2623023987, 21.2409591675, 22.7910766602, 23.9115695953, 17.4043083191, 17.088716507, 18.2232551575, 20.7273693085, 19.9136047363, 16.0182380676, 15.7715578079, 15.4885072708, 13.4633321762, 8.53396511078, 5.99681282043, 3.5438284874, 1.91267979145, 0.89939057827, 0.437214195728, 0.07751275599, 0.0017051671166, 8.75391924637e-05],
        "median": [0.0662822946906, 0.946447968483, 0.569989323616, 0.423280656338, 0.681931018829, 1.17248558998, 1.6699924469, 3.93768978119, 7.0491027832, 5.09851074219, 3.61382102966, 4.07674503326, 6.86051702499, 11.409910202, 9.16864395142, 11.2701721191, 11.092256546, 8.98572158813, 14.0948228836, 10.4820585251, 10.9090108871, 9.38371181488, 9.50643730164, 10.2333164215, 11.9433765411, 13.6086902618, 12.1995544434, 11.438120842, 10.2661323547, 9.14291667938, 8.138048172, 5.71762371063, 3.86943864822, 2.33025574684, 1.44600844383, 0.648178458214, 0.28275257349, 0.0462305545807, 0.00100810546428, 6.80840166751e-05],
        "min": [2.5943257546e-23, 4.88045093726e-22, 3.85980770342e-21, 8.05384807309e-21, 1.09590267456e-20, 1.8184156975e-20, 6.32142086988e-20, 7.02077687464e-20, 1.43425143679e-19, 1.04723198124e-19, 2.11440147094e-19, 2.83586103413e-19, 3.63515557878e-19, 8.5524628205e-19, 7.66392608601e-19, 1.27100054451e-18, 1.3498942396e-18, 1.80902538809e-18, 1.80812727674e-18, 3.18936628488e-18, 3.41484724126e-18, 3.75681735497e-18, 5.47585210986e-18, 5.10860956048e-18, 6.65081460711e-18, 6.54385849954e-18, 8.28992717121e-18, 8.3917539318e-18, 9.45922472203e-18, 1.11498478908e-17, 1.12373478832e-17, 1.12853723352e-17, 1.05102643966e-17, 8.44098193159e-18, 5.40147657867e-18, 4.09484926178e-18, 2.00984043899e-18, 9.72886202708e-19, 2.40278467907e-19, 2.83351494312e-20],
        "var": [0.188382014632, 8.9780292511, 59.2924003601, 234.271911621, 742.766113281, 654.432312012, 267.891143799, 534.449584961, 1559.38513184, 289.287811279, 673.493347168, 520.364868164, 882.028625488, 7023.00732422, 4226.10595703, 2474.55615234, 4157.98779297, 1032.60717773, 3579.38378906, 1467.86083984, 2066.95581055, 3801.39794922, 647.280517578, 475.109588623, 397.772583008, 505.339019775, 525.767822266, 257.221984863, 328.063476562, 355.585754395, 275.429870605, 87.0737686157, 53.2540588379, 18.9125022888, 4.03553676605, 0.907950162888, 0.311528235674, 0.00982017163187, 4.91695345772e-06, 6.50943077218e-09]
    },
    "gfcc": {
        "mean": [4.1183795929, 31.927816391, -110.086097717, 27.210477829, -61.2110214233, 22.7821350098, -33.6229515076, 14.3720197678, -21.7058410645, 15.6487846375, -12.8464689255, 12.5745429993, -9.80837440491],
        "cov": [[24673.2734375, -253.681991577, -434.558654785, 1204.17236328, -775.594360352, 676.842834473, -532.761108398, 370.05078125, -736.936645508, 199.584411621, -520.024719238, 202.622146606, -503.13961792], [-253.681991577, 2199.09033203, 420.281799316, 665.792480469, 662.067077637, 52.7440795898, 274.358306885, -24.6636924744, 102.249542236, -180.092254639, 97.8171844482, -178.400115967, 136.302017212], [-434.558654785, 420.281799316, 1218.44836426, 538.574157715, 403.616699219, 194.907272339, 173.463424683, 72.9727630615, 8.86419677734, -50.1132125854, -40.8412284851, -63.5921669006, -75.4303283691], [1204.17236328, 665.792480469, 538.574157715, 793.725463867, 373.537628174, 186.268280029, 155.566162109, 92.8829574585, 40.8656234741, -68.5681991577, -26.4920063019, -94.8369674683, -32.4088973999], [-775.594360352, 662.067077637, 403.616699219, 373.537628174, 667.396240234, 227.474472046, 308.543182373, 156.761932373, 139.963470459, 14.8153152466, 43.246421814, -61.5342445374, 6.43359184265], [676.842834473, 52.7440795898, 194.907272339, 186.268280029, 227.474472046, 291.679534912, 179.031509399, 130.268600464, 53.431842804, 74.9180603027, 7.30032587051, 2.97688412666, -35.1737709045], [-532.761108398, 274.358306885, 173.463424683, 155.566162109, 308.543182373, 179.031509399, 278.036346436, 147.215789795, 113.911560059, 60.7244224548, 59.5551223755, -14.962521553, 2.56248164177], [370.05078125, -24.6636924744, 72.9727630615, 92.8829574585, 156.761932373, 130.268600464, 147.215789795, 209.418792725, 107.011352539, 94.9129867554, 36.0825004578, 34.0371131897, -18.0053825378], [-736.936645508, 102.249542236, 8.86419677734, 40.8656234741, 139.963470459, 53.431842804, 113.911560059, 107.011352539, 187.815109253, 95.5231246948, 72.4046859741, 19.6258010864, 34.0091056824], [199.584411621, -180.092254639, -50.1132125854, -68.5681991577, 14.8153152466, 74.9180603027, 60.7244224548, 94.9129867554, 95.5231246948, 161.865890503, 64.1363372803, 57.2153778076, -2.49631619453], [-520.024719238, 97.8171844482, -40.8412284851, -26.4920063019, 43.246421814, 7.30032587051, 59.5551223755, 36.0825004578, 72.4046859741, 64.1363372803, 120.245605469, 48.765838623, 52.4572181702], [202.622146606, -178.400115967, -63.5921669006, -94.8369674683, -61.5342445374, 2.97688412666, -14.962521553, 34.0371131897, 19.6258010864, 57.2153778076, 48.765838623, 105.685783386, 39.635055542], [-503.13961792, 136.302017212, -75.4303283691, -32.4088973999, 6.43359184265, -35.1737709045, 2.56248164177, -18.0053825378, 34.0091056824, -2.49631619453, 52.4572181702, 39.635055542, 113.596092224]],
        "icov": [[0.000217264343519, -0.000419320364017, 0.000325175846228, -0.000549912336282, 0.000406852981541, -0.000532469770405, 0.000691830355208, -0.000797823187895, 0.0012483256869, -0.00120610359591, 0.00111911864951, -0.00116746057756, 0.000684807251673], [-0.000419320364017, 0.00205462658778, -0.000568957591895, 0.000417708768509, -0.0015611925628, 0.0014403326204, -0.00170473207254, 0.00200333935209, -0.00233596959151, 0.00313520804048, -0.00354115408845, 0.00382187799551, -0.00262078503147], [0.000325175846228, -0.000568957591895, 0.00185265729669, -0.00159051595256, 4.07286424888e-05, -0.000761075760238, 0.000639690086246, -0.000590976967942, 0.00199142098427, -0.00165225286037, 0.00195789779536, -0.00268113543279, 0.00195215165149], [-0.000549912336282, 0.000417708768509, -0.00159051595256, 0.00431432295591, -0.00114014139399, -0.000240200111875, -0.000306377536617, 0.000464200333226, -0.003639862407, 0.00441549904644, -0.00301867956296, 0.00407729716972, -0.0015333245974], [0.000406852981541, -0.0015611925628, 4.07286424888e-05, -0.00114014139399, 0.00552003178746, -0.00216159014963, -0.00143898860551, -0.00209280918352, 0.00091710803099, -0.00141664466355, 0.00268421927467, -0.00174565950874, 0.0011596865952], [-0.000532469770405, 0.0014403326204, -0.000761075760238, -0.000240200111875, -0.00216159014963, 0.0101536130533, -0.00647321622819, 0.00192000926472, -0.000442344287876, -0.0014590016799, 0.000222234768444, 0.000947575899772, -0.00127669447102], [0.000691830355208, -0.00170473207254, 0.000639690086246, -0.000306377536617, -0.00143898860551, -0.00647321622819, 0.0160258579999, -0.0077749826014, 0.00271939323284, -0.00228238408454, -0.00161445105914, 0.000942902406678, 0.00148259720299], [-0.000797823187895, 0.00200333935209, -0.000590976967942, 0.000464200333226, -0.00209280918352, 0.00192000926472, -0.0077749826014, 0.0162340626121, -0.00838983338326, 0.00214732554741, -0.0013260000851, -0.00205420074053, 0.00115215918049], [0.0012483256869, -0.00233596959151, 0.00199142098427, -0.003639862407, 0.00091710803099, -0.000442344287876, 0.00271939323284, -0.00838983338326, 0.0204673688859, -0.013861480169, 0.004512201529, -0.00298508652486, -0.000438603776274], [-0.00120610359591, 0.00313520804048, -0.00165225286037, 0.00441549904644, -0.00141664466355, -0.0014590016799, -0.00228238408454, 0.00214732554741, -0.013861480169, 0.024928657338, -0.0128950392827, 0.00362814590335, 0.000465577555588], [0.00111911864951, -0.00354115408845, 0.00195789779536, -0.00301867956296, 0.00268421927467, 0.000222234768444, -0.00161445105914, -0.0013260000851, 0.004512201529, -0.0128950392827, 0.0257416833192, -0.0139023410156, 0.000716914306395], [-0.00116746057756, 0.00382187799551, -0.00268113543279, 0.00407729716972, -0.00174565950874, 0.000947575899772, 0.000942902406678, -0.00205420074053, -0.00298508652486, 0.00362814590335, -0.0139023410156, 0.0299775190651, -0.0133945727721], [0.000684807251673, -0.00262078503147, 0.00195215165149, -0.0015333245974, 0.0011596865952, -0.00127669447102, 0.00148259720299, 0.00115215918049, -0.000438603776274, 0.000465577555588, 0.000716914306395, -0.0133945727721, 0.0200119111687]]
    },
    "melbands": {
        "dmean": [0.00120623689145, 0.00136688246857, 0.00113272073213, 0.00089212495368, 0.000324960885337, 0.000198239649762, 0.000207681252505, 9.17395445867e-05, 8.23941154522e-05, 5.59773179702e-05, 6.74421244184e-05, 0.000112247857032, 6.35196411167e-05, 5.64835572732e-05, 4.3394320528e-05, 2.92994245683e-05, 2.20380952669e-05, 3.20338658639e-05, 1.94638450921e-05, 1.59398750839e-05, 1.81862251338e-05, 1.5349683963e-05, 1.03401443994e-05, 9.1681649792e-06, 7.47452213545e-06, 7.91858929006e-06, 7.18880983186e-06, 7.43728378438e-06, 8.0334057202e-06, 5.21973061041e-06, 4.90056845592e-06, 4.92929666507e-06, 5.91102570979e-06, 5.63972162126e-06, 5.59980935577e-06, 3.96401264879e-06, 2.42267356043e-06, 2.39842415795e-06, 1.70910527686e-06, 1.57893896358e-06],
        "dmean2": [0.00164022366516, 0.00185639504343, 0.00186277762987, 0.00162923033349, 0.00058454828104, 0.000315850455081, 0.00030514143873, 0.000152013220941, 0.000140683521749, 9.24144187593e-05, 0.000112130765046, 0.000186335702892, 0.000101349171018, 9.32334442041e-05, 7.11838511052e-05, 4.7523441026e-05, 3.6135155824e-05, 5.19291133969e-05, 3.11982839776e-05, 2.55413378909e-05, 2.90241150651e-05, 2.41631896643e-05, 1.6080448404e-05, 1.42931057781e-05, 1.18279913295e-05, 1.25852211568e-05, 1.11251038106e-05, 1.14970571303e-05, 1.19389160318e-05, 7.97888969828e-06, 7.6699325291e-06, 7.34857167117e-06, 9.03713953448e-06, 8.84871224116e-06, 8.81424784893e-06, 6.25493930784e-06, 3.75578019884e-06, 3.736828603e-06, 2.67530549536e-06, 2.4488613235e-06],
        "dvar": [3.93018081013e-06, 7.9212595665e-06, 9.8446435004e-06, 6.70766667099e-06, 5.04963111325e-07, 1.36195865252e-07, 1.4233030754e-07, 3.15087440583e-08, 3.55516824868e-08, 1.25370842596e-08, 1.57169335324e-08, 6.7095406564e-08, 2.84174479503e-08, 1.47434811026e-08, 8.23856094456e-09, 4.30087077063e-09, 2.51560683395e-09, 8.94213592062e-09, 1.50949042155e-09, 1.22753340825e-09, 1.96182359247e-09, 2.37447084217e-09, 3.53438694978e-10, 2.92056268059e-10, 1.47130196915e-10, 1.32413316423e-10, 9.01235544526e-11, 9.80404854523e-11, 1.37660813304e-10, 5.00385392843e-11, 4.05075487042e-11, 5.30776776697e-11, 8.91602486286e-11, 8.18995496421e-11, 7.5706774183e-11, 3.48916867621e-11, 1.12640365785e-11, 1.58579486348e-11, 5.56200094662e-12, 6.1794302314e-12],
        "dvar2": [7.16005979484e-06, 1.45650337799e-05, 2.44636630669e-05, 1.89173842955e-05, 1.42318731378e-06, 3.04616548874e-07, 2.68278284921e-07, 8.52522674677e-08, 9.70347926454e-08, 3.16649142462e-08, 3.90260979088e-08, 1.70904897345e-07, 6.35411581129e-08, 3.48159794328e-08, 1.99262490952e-08, 1.09731166376e-08, 6.59949606074e-09, 2.29684804509e-08, 3.70655661719e-09, 2.97308488939e-09, 4.74417438667e-09, 5.58014034979e-09, 7.7778983254e-10, 6.90019874572e-10, 3.52950724203e-10, 3.2917191195e-10, 2.04355588007e-10, 2.25578958291e-10, 2.91067392411e-10, 1.08626239947e-10, 9.26889051622e-11, 1.16195407462e-10, 2.0451848548e-10, 1.85871332214e-10, 1.65866542723e-10, 8.14689010697e-11, 2.68967851463e-11, 3.74806401193e-11, 1.31262223313e-11, 1.41634967643e-11],
        "max": [0.034556902945, 0.0257337838411, 0.0233241785318, 0.0180766452104, 0.00819792319089, 0.00589743815362, 0.00627772137523, 0.00367264938541, 0.00331616122276, 0.00190362671856, 0.00220371596515, 0.00557845132425, 0.00461093895137, 0.00365442712791, 0.00278677023016, 0.00215535168536, 0.00138989684638, 0.00343105336651, 0.000888122303877, 0.00116639956832, 0.00147069164086, 0.00273186271079, 0.00112577725668, 0.000529918121174, 0.000263827154413, 0.000190343576833, 0.00013381865574, 0.000154096705955, 0.000150655687321, 8.7590815383e-05, 6.89338921802e-05, 9.59689205047e-05, 0.000105691688077, 0.000103646962089, 8.05945310276e-05, 6.23798332526e-05, 6.19741913397e-05, 7.68839527154e-05, 5.07784898218e-05, 4.41965275968e-05],
        "mean": [0.002696108073, 0.00201652222313, 0.000897803343832, 0.000616680947132, 0.000288893934339, 0.000269690295681, 0.000307892420096, 0.000112764879304, 9.34397321544e-05, 7.09953237674e-05, 9.20168167795e-05, 0.000157250542543, 9.81763878372e-05, 7.51126135583e-05, 6.79007789586e-05, 4.4624779548e-05, 3.01214058709e-05, 4.47585771326e-05, 2.95374757115e-05, 2.52045665547e-05, 2.64161899395e-05, 2.63777073997e-05, 1.70476814674e-05, 1.606549813e-05, 1.30723019538e-05, 1.48935441757e-05, 1.23495337903e-05, 1.33599851324e-05, 1.34463243739e-05, 9.54462939262e-06, 9.0856474344e-06, 8.28630709293e-06, 9.40453628573e-06, 8.65632046043e-06, 8.16674764792e-06, 6.4370938162e-06, 4.61352010461e-06, 4.5350302571e-06, 3.25508426613e-06, 2.89314743895e-06],
        "median": [0.00100951059721, 0.000824734102935, 8.0198093201e-05, 6.67191925459e-05, 6.05930072197e-05, 8.72167438501e-05, 0.000108251886559, 4.87283687107e-05, 2.64671980403e-05, 2.25706316996e-05, 3.27085326717e-05, 4.63775650132e-05, 2.41503475991e-05, 2.47580192081e-05, 2.7186339139e-05, 1.82491548912e-05, 1.39846652019e-05, 2.13286912185e-05, 1.54131284944e-05, 1.12521829578e-05, 1.08483964141e-05, 8.04513638286e-06, 7.91806996858e-06, 7.62213403505e-06, 7.42943120713e-06, 9.02351530385e-06, 8.28820247989e-06, 8.59132615005e-06, 7.66468383517e-06, 6.23273399469e-06, 6.31197144685e-06, 5.28266491528e-06, 5.40542123417e-06, 4.91028004035e-06, 4.87874967803e-06, 3.83422457162e-06, 3.21899347e-06, 2.76095443041e-06, 2.22444805331e-06, 1.78618756763e-06],
        "min": [3.94930836943e-25, 1.61540017386e-24, 1.2850336084e-24, 7.07314775727e-25, 2.15664612118e-24, 1.60122720301e-24, 2.31593390124e-24, 1.0234703078e-24, 1.84630370512e-24, 1.48361602926e-24, 1.60824658595e-24, 2.73109798503e-24, 1.70161281004e-24, 2.0521823991e-24, 2.80155134969e-24, 2.31730257491e-24, 2.77817641499e-24, 1.77160824094e-24, 2.83566918941e-24, 2.3642323046e-24, 3.18241161979e-24, 3.45629584304e-24, 4.21320906489e-24, 3.18481784277e-24, 3.47782819588e-24, 4.53905437268e-24, 4.2204054485e-24, 3.34060584142e-24, 4.08954407395e-24, 4.92527909416e-24, 4.12811030031e-24, 4.81174149951e-24, 5.02181042541e-24, 5.1004034541e-24, 5.2047003321e-24, 4.99417031701e-24, 5.92700898706e-24, 5.80989745808e-24, 5.69629359912e-24, 6.38103945878e-24],
        "var": [1.35103109642e-05, 1.33007088152e-05, 7.91006277723e-06, 4.02542536904e-06, 3.81914787795e-07, 2.51789771255e-07, 3.08556252548e-07, 3.38320553794e-08, 3.8690021853e-08, 1.9184536626e-08, 2.49882567971e-08, 1.30565638301e-07, 7.43911101608e-08, 2.97789846115e-08, 2.05712069601e-08, 9.27629972836e-09, 3.90005716611e-09, 1.06823430102e-08, 2.55657361947e-09, 2.13972328744e-09, 3.77340869662e-09, 7.22101001216e-09, 1.13180598227e-09, 7.80063125205e-10, 3.21713183871e-10, 3.44766659666e-10, 1.83176196433e-10, 2.19452706007e-10, 2.79217898802e-10, 1.06035860648e-10, 8.72939914798e-11, 9.28835203196e-11, 1.39048550452e-10, 1.20677745574e-10, 1.07275813233e-10, 6.20403728391e-11, 2.47486284938e-11, 3.65656949164e-11, 1.3780525332e-11, 1.48585050513e-11]
    },
    "mfcc": {
        "mean": [-633.707458496, 69.8184051514, 4.7107963562, 11.3073883057, -1.61014592648, 8.83001422882, 1.69716787338, 3.53014135361, 0.888498783112, 4.33074808121, 0.897188544273, 4.24631023407, 7.10819244385],
        "cov": [[10270.1367188, 22.2286567688, 764.226318359, 649.413818359, 218.287094116, 253.605239868, 302.119537354, 172.686859131, -45.8871307373, 26.3578777313, -93.9309997559, -73.8937225342, -124.890266418], [22.2286567688, 1428.3145752, 162.799835205, 467.58782959, 348.542236328, 207.465179443, 219.726318359, 117.860420227, 101.640533447, 55.3858032227, -6.45176744461, -3.94813227654, -21.4246768951], [764.226318359, 162.799835205, 815.870666504, 394.680114746, 254.797042847, 166.779800415, 129.116500854, 96.5609970093, 12.9240913391, 21.6541919708, 18.6846733093, -34.7410774231, -83.6503982544], [649.413818359, 467.58782959, 394.680114746, 646.565979004, 362.58682251, 197.963485718, 185.949005127, 152.992202759, 101.189361572, 75.5012969971, 27.3702869415, 5.89408111572, -55.9149208069], [218.287094116, 348.542236328, 254.797042847, 362.58682251, 363.996704102, 197.821334839, 182.063262939, 142.192428589, 114.825439453, 78.4906539917, 45.730506897, 19.8430137634, 6.51622867584], [253.605239868, 207.465179443, 166.779800415, 197.963485718, 197.821334839, 241.015884399, 169.519515991, 104.799636841, 91.8743438721, 80.8034973145, 45.1738929749, 21.3189582825, 23.1672420502], [302.119537354, 219.726318359, 129.116500854, 185.949005127, 182.063262939, 169.519515991, 256.124450684, 142.133834839, 98.1669540405, 77.3764801025, 58.5026435852, 45.2792243958, 28.4216346741], [172.686859131, 117.860420227, 96.5609970093, 152.992202759, 142.192428589, 104.799636841, 142.133834839, 156.929321289, 106.467987061, 69.8204498291, 55.9286308289, 44.2548103333, 34.5242195129], [-45.8871307373, 101.640533447, 12.9240913391, 101.189361572, 114.825439453, 91.8743438721, 98.1669540405, 106.467987061, 150.899276733, 104.004524231, 69.1492004395, 49.8527526855, 55.2205238342], [26.3578777313, 55.3858032227, 21.6541919708, 75.5012969971, 78.4906539917, 80.8034973145, 77.3764801025, 69.8204498291, 104.004524231, 128.861022949, 86.422958374, 54.0582046509, 50.2609443665], [-93.9309997559, -6.45176744461, 18.6846733093, 27.3702869415, 45.730506897, 45.1738929749, 58.5026435852, 55.9286308289, 69.1492004395, 86.422958374, 130.700485229, 83.1945495605, 53.5651473999], [-73.8937225342, -3.94813227654, -34.7410774231, 5.89408111572, 19.8430137634, 21.3189582825, 45.2792243958, 44.2548103333, 49.8527526855, 54.0582046509, 83.1945495605, 109.645278931, 71.441116333], [-124.890266418, -21.4246768951, -83.6503982544, -55.9149208069, 6.51622867584, 23.1672420502, 28.4216346741, 34.5242195129, 55.2205238342, 50.2609443665, 53.5651473999, 71.441116333, 117.055892944]],
