{
"lowlevel": {
    "average_loudness": 0.974029302597,
    "barkbands_crest": {
        "dmean": 3.26294255257,
        "dmean2": 5.1753411293,
        "dvar": 9.59837245941,
        "dvar2": 20.6662082672,
        "max": 26.5933494568,
        "mean": 13.3862323761,
        "median": 12.7259235382,
        "min": 2.77503728867,
        "var": 30.1074028015
    },
    "barkbands_flatness_db": {
        "dmean": 0.0490369610488,
        "dmean2": 0.0754987299442,
        "dvar": 0.00235540722497,
        "dvar2": 0.00562653737143,
        "max": 0.552606761456,
        "mean": 0.188274994493,
        "median": 0.174693211913,
        "min": 0.0211049299687,
        "var": 0.00735118566081
    },
    "barkbands_kurtosis": {
        "dmean": 13.8815011978,
        "dmean2": 22.7779636383,
        "dvar": 1564.66357422,
        "dvar2": 3845.47924805,
        "max": 1091.19104004,
        "mean": 17.2635574341,
        "median": 7.54514169693,
        "min": -1.95501101017,
        "var": 2536.66992188
    },
    "barkbands_skewness": {
        "dmean": 1.24108886719,
        "dmean2": 1.93539190292,
        "dvar": 2.15143585205,
        "dvar2": 5.29508638382,
        "max": 24.0361766815,
        "mean": 2.86590695381,
        "median": 2.51583862305,
        "min": -2.32116222382,
        "var": 5.14000511169
    },
    "barkbands_spread": {
        "dmean": 10.1227874756,
        "dmean2": 16.0715713501,
        "dvar": 117.712242126,
        "dvar2": 273.895935059,
        "max": 99.052734375,
        "mean": 22.3927841187,
        "median": 18.8824195862,
        "min": 0.131585478783,
        "var": 293.884338379
    },
    "dissonance": {
        "dmean": 0.0226549096406,
        "dmean2": 0.0365962050855,
        "dvar": 0.000516981235705,
        "dvar2": 0.00124149618205,
        "max": 0.500000119209,
        "mean": 0.45622420311,
        "median": 0.466037839651,
        "min": 0.17872646451,
        "var": 0.00136220257264
    },
    "dynamic_complexity": 2.08879542351,
    "erbbands_crest": {
        "dmean": 2.90643954277,
        "dmean2": 4.77526521683,
        "dvar": 7.50679349899,
        "dvar2": 18.8512115479,
        "max": 28.9204540253,
        "mean": 8.69193077087,
        "median": 7.66626834869,
        "min": 2.27314901352,
        "var": 17.6034374237
    },
    "erbbands_flatness_db": {
        "dmean": 0.0239458233118,
        "dmean2": 0.0366922169924,
        "dvar": 0.000656490214169,
        "dvar2": 0.00146479706746,
        "max": 0.439396232367,
        "mean": 0.146682932973,
        "median": 0.128096997738,
        "min": 0.057318482548,
        "var": 0.00337254279293
    },
    "erbbands_kurtosis": {
        "dmean": 2.16538929939,
        "dmean2": 3.51419615746,
        "dvar": 29.868812561,
        "dvar2": 73.6051254272,
        "max": 152.902679443,
        "mean": 1.70559215546,
        "median": -0.627748131752,
        "min": -1.94362974167,
        "var": 73.5073394775
    },
    "erbbands_skewness": {
        "dmean": 0.6570302248,
        "dmean2": 0.997636198997,
        "dvar": 0.461570203304,
        "dvar2": 1.05672216415,
        "max": 10.4088363647,
        "mean": 0.547680974007,
        "median": 0.383430242538,
        "min": -7.21439647675,
        "var": 1.67836821079
    },
    "erbbands_spread": {
        "dmean": 19.6283931732,
        "dmean2": 30.5711193085,
        "dvar": 419.361480713,
        "dvar2": 874.267272949,
        "max": 194.906326294,
        "mean": 68.5931243896,
        "median": 64.4557952881,
        "min": 1.12149584293,
        "var": 1538.22180176
    },
    "hfc": {
        "dmean": 13.1752119064,
        "dmean2": 20.4270133972,
        "dvar": 200.207397461,
        "dvar2": 522.985168457,
        "max": 174.896102905,
        "mean": 27.1900424957,
        "median": 24.2021865845,
        "min": 1.15693583288e-16,
        "var": 357.829223633
    },
    "melbands_crest": {
        "dmean": 5.05972337723,
        "dmean2": 8.59545040131,
        "dvar": 19.0002307892,
        "dvar2": 49.9097366333,
        "max": 34.8585739136,
        "mean": 19.699836731,
        "median": 19.5120506287,
        "min": 1.66891086102,
        "var": 50.790222168
    },
    "melbands_flatness_db": {
        "dmean": 0.0572352856398,
        "dmean2": 0.0865698456764,
        "dvar": 0.0032039983198,
        "dvar2": 0.0073935193941,
        "max": 0.702819526196,
        "mean": 0.263202100992,
        "median": 0.255482196808,
        "min": 0.00545400567353,
        "var": 0.0109461778775
    },
    "melbands_kurtosis": {
        "dmean": 39.1632995605,
        "dmean2": 63.6279640198,
        "dvar": 4816.73925781,
        "dvar2": 12369.7763672,
        "max": 827.843139648,
        "mean": 58.6790275574,
        "median": 29.2652854919,
        "min": -1.83567249775,
        "var": 6937.35058594
    },
    "melbands_skewness": {
        "dmean": 1.88603699207,
        "dmean2": 2.9568259716,
        "dvar": 5.17575550079,
        "dvar2": 11.6056051254,
        "max": 25.5461139679,
        "mean": 5.25427389145,
        "median": 4.37917232513,
        "min": -1.59883642197,
        "var": 13.6310396194
    },
    "melbands_spread": {
        "dmean": 9.60866928101,
        "dmean2": 14.7612504959,
        "dvar": 216.368362427,
        "dvar2": 451.298126221,
        "max": 193.019973755,
        "mean": 18.1912307739,
        "median": 10.6059627533,
        "min": 0.201180413365,
        "var": 521.991516113
    },
    "pitch_salience": {
        "dmean": 0.111933834851,
        "dmean2": 0.180901125073,
        "dvar": 0.00997968483716,
        "dvar2": 0.023457903415,
        "max": 0.913567781448,
        "mean": 0.481841534376,
        "median": 0.497960150242,
        "min": 0.0313203148544,
        "var": 0.0272318441421
    },
    "silence_rate_20dB": {
        "dmean": 0,
        "dmean2": 0,
        "dvar": 0,
        "dvar2": 0,
        "max": 1,
        "mean": 1,
        "median": 1,
        "min": 1,
        "var": 0
    },
    "silence_rate_30dB": {
        "dmean": 0.00372290913947,
        "dmean2": 0.0074468087405,
        "dvar": 0.00370908621699,
        "dvar2": 0.0113804088905,
        "max": 1,
        "mean": 0.998138785362,
        "median": 1,
        "min": 0,
        "var": 0.00185778376181
    },
    "silence_rate_60dB": {
        "dmean": 0.0106368837878,
        "dmean2": 0.021276595071,
        "dvar": 0.010524793528,
        "dvar2": 0.0256134755909,
        "max": 1,
        "mean": 0.0105025256053,
        "median": 0,
        "min": 0,
        "var": 0.0103906048462
    },
    "spectral_centroid": {
        "dmean": 419.541259766,
        "dmean2": 639.414245605,
        "dvar": 218351.796875,
        "dvar2": 438486.3125,
        "max": 10907.1865234,
        "mean": 1232.36291504,
        "median": 1009.78533936,
        "min": 122.40499115,
        "var": 688978.0625
    },
    "spectral_complexity": {
        "dmean": 5.42507648468,
        "dmean2": 8.53537273407,
        "dvar": 37.1467781067,
        "dvar2": 86.0788345337,
        "max": 54,
        "mean": 14.5890722275,
        "median": 13,
        "min": 0,
        "var": 72.3391647339
    },
    "spectral_decrease": {
        "dmean": 4.74604844314e-09,
        "dmean2": 8.07968802974e-09,
        "dvar": 1.96074809682e-17,
        "dvar2": 5.5440711839e-17,
        "max": -8.71922050751e-29,
        "mean": -1.26286456847e-08,
        "median": -1.2893637269e-08,
        "min": -3.7675519593e-08,
        "var": 4.30924537757e-17
    },
    "spectral_energy": {
        "dmean": 0.0183425061405,
        "dmean2": 0.0312214940786,
        "dvar": 0.000289159419481,
        "dvar2": 0.00081304583,
        "max": 0.14412291348,
        "mean": 0.0501297302544,
        "median": 0.0511567369103,
        "min": 1.08228279035e-20,
        "var": 0.000630144553725
    },
    "spectral_energyband_high": {
        "dmean": 0.0012602355564,
        "dmean2": 0.00196553650312,
        "dvar": 2.59540047409e-06,
        "dvar2": 6.74495595376e-06,
        "max": 0.0144959008321,
        "mean": 0.00200179824606,
        "median": 0.00149885693099,
        "min": 7.82946563841e-21,
        "var": 4.09264976042e-06
    },
    "spectral_energyband_low": {
        "dmean": 0.0155475279316,
        "dmean2": 0.0265845712274,
        "dvar": 0.00025841491879,
        "dvar2": 0.000772278057411,
        "max": 0.135394409299,
        "mean": 0.0290072988719,
        "median": 0.0271432138979,
        "min": 4.960787459e-23,
        "var": 0.000500800670125
    },
    "spectral_energyband_middle_high": {
        "dmean": 0.00238557602279,
        "dmean2": 0.00386622780934,
        "dvar": 1.27419734781e-05,
        "dvar2": 2.86332888209e-05,
        "max": 0.0634055882692,
        "mean": 0.00317674921826,
        "median": 0.00135465944186,
        "min": 1.77566556557e-21,
        "var": 2.39436030824e-05
    },
    "spectral_energyband_middle_low": {
        "dmean": 0.00912333838642,
        "dmean2": 0.014721442014,
        "dvar": 0.000149352592416,
        "dvar2": 0.000359786761692,
        "max": 0.0964919254184,
        "mean": 0.0172008816153,
        "median": 0.0106218606234,
        "min": 2.6208445761e-22,
        "var": 0.000266579445451
    },
    "spectral_entropy": {
        "dmean": 0.320216417313,
        "dmean2": 0.500472068787,
        "dvar": 0.116162486374,
        "dvar2": 0.282829731703,
        "max": 9.80124759674,
        "mean": 7.54368066788,
        "median": 7.72116184235,
        "min": 4.61123228073,
        "var": 0.41283673048
    },
    "spectral_flux": {
        "dmean": 0.0416502058506,
        "dmean2": 0.067041657865,
        "dvar": 0.00157114025205,
        "dvar2": 0.00354552804492,
        "max": 0.348772019148,
        "mean": 0.125231996179,
        "median": 0.120721258223,
        "min": 1.04032824022e-10,
        "var": 0.00350608932786
    },
    "spectral_kurtosis": {
        "dmean": 2.17683839798,
        "dmean2": 3.55958843231,
        "dvar": 20.5671062469,
        "dvar2": 55.2907829285,
        "max": 95.7438278198,
        "mean": 3.15935921669,
        "median": 1.15348553658,
        "min": -1.18354415894,
        "var": 42.365398407
    },
    "spectral_rms": {
        "dmean": 0.00131265784148,
        "dmean2": 0.00218915916048,
        "dvar": 1.4332141518e-06,
        "dvar2": 3.67158236259e-06,
        "max": 0.0118578122929,
        "mean": 0.00670786295086,
        "median": 0.00706463120878,
        "min": 3.24943934607e-12,
        "var": 3.91133471567e-06
    },
    "spectral_rolloff": {
        "dmean": 684.472473145,
        "dmean2": 1153.03808594,
        "dvar": 1833492.25,
        "dvar2": 3686216.75,
        "max": 18712.3535156,
        "mean": 1227.64794922,
        "median": 366.064453125,
        "min": 64.599609375,
        "var": 4247009.5
    },
    "spectral_skewness": {
        "dmean": 0.346927762032,
        "dmean2": 0.546219706535,
        "dvar": 0.181700646877,
        "dvar2": 0.441657960415,
        "max": 7.35653591156,
        "mean": 1.29127752781,
        "median": 1.11904597282,
        "min": -1.13534855843,
        "var": 0.633486747742
    },
    "spectral_spread": {
        "dmean": 1065920.75,
        "dmean2": 1663419.25,
        "dvar": 1.30642791629e+12,
        "dvar2": 2.7096294359e+12,
        "max": 40280620,
        "mean": 6629989,
        "median": 6838370,
        "min": 677103.875,
        "var": 6.61739326669e+12
    },
    "spectral_strongpeak": {
        "dmean": 0.453340530396,
        "dmean2": 0.7931625247,
        "dvar": 0.831449508667,
        "dvar2": 2.25810813904,
        "max": 17.0611534119,
        "mean": 0.682402968407,
        "median": 0.421699851751,
        "min": 0,
        "var": 0.830108702183
    },
    "zerocrossingrate": {
        "dmean": 0.016465485096,
        "dmean2": 0.0186014380306,
        "dvar": 0.000336142024025,
        "dvar2": 0.00038302273606,
        "max": 0.505859375,
        "mean": 0.0610265880823,
        "median": 0.0498046875,
        "min": 0.001953125,
        "var": 0.0024287623819
    },
    "barkbands": {
        "dmean": [0.00304335495457, 0.0114025110379, 0.00351391872391, 0.00380887021311, 0.00451787700877, 0.0021613962017, 0.00117618613876, 0.00116497674026, 0.000775289081503, 0.00084597163368, 0.000292745651677, 0.000224656367209, 0.000211686230614, 0.000212421320612, 0.000196589637198, 0.000179938986548, 0.000367467728211, 0.000251990772085, 0.000201063769055, 0.000276643055258, 0.00014944880968, 0.000205281641684, 0.000537039944902, 0.00024678488262, 9.14508491405e-05, 1.9066133973e-05, 1.73462194653e-06],
        "dmean2": [0.00575946457684, 0.018751559779, 0.00584270432591, 0.00662526674569, 0.00736948521808, 0.00365791516379, 0.00201081833802, 0.00192062032875, 0.00128550513182, 0.00141934049316, 0.000496028282214, 0.000386159343179, 0.000344013038557, 0.000353507406544, 0.000329251139192, 0.000298580212984, 0.000589669391047, 0.000429700012319, 0.000333407602739, 0.00041703064926, 0.000250310724368, 0.000326346198563, 0.00085320713697, 0.000391035428038, 0.000142073142342, 2.89624040306e-05, 2.8081117307e-06],
        "dvar": [2.07847078855e-05, 0.000191003273358, 5.30684810656e-05, 6.40328798909e-05, 4.57564274257e-05, 1.59415121743e-05, 1.08151261884e-05, 6.81778010403e-06, 2.6431293918e-06, 3.0247556424e-06, 2.9225108733e-07, 2.39096294763e-07, 4.62820963776e-07, 6.44108240522e-07, 7.3578712545e-07, 3.56274227897e-07, 9.31141130422e-07, 3.74603189357e-07, 5.90130468936e-07, 2.7228691124e-07, 5.41560503109e-08, 7.30249851699e-08, 8.03212230949e-07, 8.77214674233e-08, 1.6509458689e-08, 7.62496621398e-10, 1.22858780441e-11],
        "dvar2": [7.41316907806e-05, 0.000521660025697, 0.000139800569741, 0.000167338832398, 0.000117503441288, 4.16390430473e-05, 2.80854419543e-05, 1.72332529473e-05, 6.57442251395e-06, 7.7600197983e-06, 6.98585438386e-07, 5.63707089896e-07, 1.0219921478e-06, 1.4055540305e-06, 1.86255203971e-06, 8.22969809633e-07, 1.82086023415e-06, 8.32743637602e-07, 1.50984124048e-06, 5.69347662349e-07, 1.34803556762e-07, 1.84475069887e-07, 2.10375128518e-06, 2.14394020759e-07, 3.88375624993e-08, 1.69835445707e-09, 3.00735859826e-11],
        "max": [0.0332947485149, 0.130660325289, 0.0594084709883, 0.0657787770033, 0.074442088604, 0.0576441138983, 0.0580276697874, 0.0530950687826, 0.0301083177328, 0.0298451595008, 0.0107499174774, 0.0161446388811, 0.0262908283621, 0.0353942587972, 0.035463064909, 0.0238533373922, 0.0430377982557, 0.0190449245274, 0.025715880096, 0.014356713742, 0.00569418538362, 0.00222851824947, 0.00750265270472, 0.00327219767496, 0.00160489603877, 0.000424796133302, 5.31401383341e-05],
        "mean": [0.00312448781915, 0.0209516640753, 0.00380932004191, 0.00345693225972, 0.00708116358146, 0.00294101890177, 0.0012816239614, 0.00126557517797, 0.000892855401617, 0.000816679093987, 0.000299253530102, 0.000257536536083, 0.000258487591054, 0.00024532241514, 0.00021237040346, 0.000179830836714, 0.000445861136541, 0.000244582653977, 0.000200841852347, 0.000377485906938, 0.000158393246238, 0.000307046371745, 0.000641742139123, 0.000485188211314, 0.000166129902937, 2.64094524027e-05, 1.88569083548e-06],
        "median": [0.00122238369659, 0.017968095839, 0.00138064753264, 0.000855995749589, 0.00383801339194, 0.00117459904868, 0.00026208080817, 0.000385956052924, 0.000230976846069, 0.000204987183679, 8.38177074911e-05, 7.879169425e-05, 8.1122314441e-05, 4.42825621576e-05, 4.68873331556e-05, 3.65402120224e-05, 9.79181349976e-05, 2.8266777008e-05, 2.77019425994e-05, 0.000115932030894, 7.06360806362e-05, 0.000182536925422, 0.000367738131899, 0.000374914612621, 0.00010288246267, 1.22343244584e-05, 4.96668008054e-07],
        "min": [1.40619757501e-23, 1.85176814461e-23, 1.63334281515e-23, 5.08020545949e-24, 1.78078502041e-23, 4.26560283964e-23, 3.22924502956e-23, 2.43109197396e-23, 9.79309787552e-23, 7.86632089174e-23, 6.49790849191e-23, 8.76912360393e-23, 5.64322692603e-23, 7.66629921388e-23, 1.26318239404e-22, 1.79512405042e-22, 2.79125796916e-22, 3.05587574313e-22, 3.3198896914e-22, 4.31469857626e-22, 5.29046473752e-22, 7.92987417684e-22, 5.45959550585e-22, 9.63521525395e-22, 1.15474534681e-21, 1.592268557e-21, 2.23170320236e-21],
        "var": [1.94639851543e-05, 0.000363544066204, 5.11352009198e-05, 5.21700712852e-05, 6.65937113808e-05, 2.30430650845e-05, 1.40661604746e-05, 7.82444476499e-06, 3.75623244508e-06, 2.84385532723e-06, 3.74033191974e-07, 3.02208832181e-07, 8.20925492917e-07, 1.40047120567e-06, 9.58502255344e-07, 4.32774214687e-07, 1.58738669143e-06, 5.52708399937e-07, 6.55231360724e-07, 5.45029479326e-07, 5.72802285603e-08, 1.10901993366e-07, 8.23659888738e-07, 2.2165879443e-07, 3.98246875477e-08, 1.40200329124e-09, 1.41315648419e-11]
    },
    "erbbands": {
        "dmean": [0.564533829689, 1.88083958626, 3.80469036102, 8.12861156464, 11.8295898438, 17.7622089386, 15.3603906631, 23.5246639252, 18.6562633514, 22.8564929962, 19.1254291534, 18.3237743378, 23.8687324524, 21.2409801483, 10.5335140228, 8.97944831848, 9.30896949768, 10.454949379, 10.8883180618, 8.17917919159, 11.0416564941, 20.0159702301, 15.7761182785, 11.4198360443, 10.0906562805, 12.7749261856, 6.96451759338, 6.03525400162, 7.02719640732, 14.1393547058, 11.7259750366, 6.39605331421, 4.96980428696, 1.96460032463, 0.290884613991, 0.0942990258336, 0.0330128856003, 0.00787827093154, 0.000183676282177, 2.42135629378e-05],
        "dmean2": [0.946709036827, 3.04588031769, 6.12160539627, 12.938952446, 20.113079071, 29.4394760132, 24.9938907623, 40.1119651794, 31.5733509064, 38.090259552, 31.1678295135, 30.0594806671, 39.5297584534, 35.7983093262, 17.8860683441, 15.35729599, 15.1850013733, 16.9518547058, 18.444272995, 13.3920564651, 18.2880706787, 31.9335041046, 26.1229629517, 19.2416324615, 16.0161552429, 19.6755218506, 11.5398025513, 9.86690711975, 11.0411806107, 21.5986385345, 18.6469135284, 10.5932693481, 8.05344009399, 2.9749751091, 0.457650214434, 0.150480806828, 0.0494188666344, 0.0123036922887, 0.000286096648779, 4.02034129365e-05],
        "dvar": [0.422672659159, 7.75811195374, 57.0624809265, 249.285614014, 510.675964355, 771.725219727, 810.487915039, 2091.41186523, 2558.19580078, 3848.99267578, 1178.60180664, 1577.27258301, 2347.24926758, 1695.82958984, 394.63671875, 367.396179199, 774.518493652, 1482.85241699, 1414.61694336, 1931.86865234, 1369.32287598, 2431.96630859, 1237.32739258, 1364.3013916, 1060.6138916, 547.299255371, 117.254669189, 82.1618652344, 92.0157928467, 381.164093018, 362.115020752, 108.592788696, 40.2809677124, 6.26066112518, 0.160966157913, 0.0184868238866, 0.00258309883066, 0.000179082533577, 9.74386864527e-08, 4.95764318487e-10],
        "dvar2": [1.20055651665, 21.6440258026, 149.388092041, 585.463012695, 1349.52697754, 2003.39318848, 1981.88122559, 5618.30908203, 6978.55419922, 9686.90429688, 2810.49169922, 3959.62573242, 6031.96289062, 4255.42236328, 955.787353516, 850.464294434, 1604.34570312, 2930.98388672, 3495.69091797, 5146.63134766, 3121.22290039, 4694.54589844, 2599.85546875, 3235.12280273, 2540.83618164, 1175.75256348, 296.378295898, 198.884033203, 224.655395508, 867.287109375, 941.790161133, 285.775543213, 101.199378967, 15.7057132721, 0.393699675798, 0.0445822365582, 0.00567574147135, 0.000430378247984, 2.35953947936e-07, 1.34372990512e-09],
        "max": [5.09138154984, 25.0977783203, 64.8198242188, 159.324325562, 202.305511475, 239.1040802, 470.832824707, 699.447265625, 1026.60229492, 1247.67956543, 621.189758301, 671.881530762, 969.249267578, 849.729492188, 344.333770752, 493.037902832, 1344.69567871, 2025.17407227, 1707.12939453, 2403.92675781, 1676.36047363, 1918.37744141, 1030.43127441, 1356.75085449, 906.339111328, 689.584594727, 224.452301025, 194.627639771, 86.0970153809, 200.694412231, 168.358779907, 92.5567626953, 62.612247467, 27.8098297119, 4.49805641174, 1.59968805313, 0.860571146011, 0.218512222171, 0.00475785741583, 0.000203638643143],
        "mean": [0.912762403488, 3.47552132607, 4.70710134506, 8.55982208252, 12.9204835892, 25.0759410858, 26.8905296326, 30.3857593536, 22.6967124939, 25.5722961426, 22.5297489166, 20.834104538, 24.74842453, 20.8748416901, 12.0194854736, 10.1573314667, 11.3621044159, 13.2522964478, 12.0175657272, 9.37363624573, 11.3460235596, 24.0758457184, 17.2655296326, 10.6905250549, 12.4603586197, 16.5118846893, 8.24231815338, 7.0696349144, 10.5054788589, 19.6231403351, 14.1561050415, 8.43065357208, 8.88157463074, 3.93054413795, 0.545124053955, 0.133361145854, 0.0456150770187, 0.00955563783646, 0.00025285340962, 6.91216191626e-05],
        "median": [0.750756382942, 2.46967697144, 2.33783912659, 2.35877990723, 5.03592967987, 12.6414031982, 13.0581636429, 11.1616344452, 6.24440288544, 6.29364299774, 7.96555900574, 5.56642723083, 6.45018482208, 5.26701021194, 3.38938164711, 3.89552021027, 3.63760519028, 2.40896558762, 2.71078920364, 2.1025121212, 2.63278269768, 4.69868612289, 3.23797130585, 1.49914193153, 3.61390733719, 4.94094991684, 4.11858081818, 3.31849765778, 5.34482908249, 12.5372505188, 8.20062255859, 3.41360998154, 6.48398685455, 2.98037290573, 0.342099368572, 0.068767413497, 0.0197734236717, 0.00362803414464, 0.000121915276395, 6.9500754762e-05],
        "min": [9.61690358353e-22, 2.94333520556e-21, 1.46040417357e-20, 2.18855898834e-20, 2.12334710615e-20, 5.52990337396e-20, 2.17808649404e-19, 3.80950379691e-19, 3.13737017686e-19, 8.16647811621e-19, 6.73807109819e-19, 2.54145039352e-18, 2.55257493879e-18, 2.53108333891e-18, 2.40300186568e-18, 3.80424623693e-18, 2.74434146097e-18, 3.61421555327e-18, 6.66071182313e-18, 6.83889479888e-18, 1.04053745862e-17, 1.56290979094e-17, 1.28752680665e-17, 2.12554580133e-17, 1.86569362934e-17, 2.18913183676e-17, 1.84923852541e-17, 2.22570182251e-17, 2.6266943335e-17, 2.41562265659e-17, 1.54465920878e-17, 1.5411488197e-17, 1.75960887383e-17, 1.36172465944e-17, 8.39054790246e-18, 5.2683881812e-18, 2.88752166871e-18, 9.79809807832e-19, 3.20656150866e-19, 3.77993816462e-20],
        "var": [0.74731105566, 12.985367775, 59.2314987183, 260.332214355, 479.069274902, 973.769226074, 1613.62963867, 2700.40576172, 2867.41918945, 5145.27685547, 1656.40649414, 2174.11987305, 2415.39916992, 1745.52429199, 546.270812988, 449.169281006, 1503.16369629, 3648.68261719, 2570.31298828, 1788.33972168, 1955.43164062, 4362.04833984, 1962.0168457, 1579.45422363, 1767.47009277, 1013.62060547, 127.218788147, 100.391624451, 148.808837891, 570.63684082, 381.072845459, 137.857894897, 81.7737960815, 16.5212860107, 0.413082391024, 0.031403966248, 0.00461083604023, 0.000242321897531, 1.32199275527e-07, 9.62503632351e-10]
    },
    "gfcc": {
        "mean": [3.94171333313, 86.6999130249, -78.3085708618, 53.0938987732, -73.6149520874, 23.0057544708, -36.3993186951, 7.8628950119, -14.5594177246, -1.30599439144, -7.39338445663, 2.98576259613, -2.43702530861],
        "cov": [[5498.44873047, -1732.46936035, -491.443023682, -114.666007996, -365.519989014, 603.098449707, -438.186157227, 318.512145996, -406.63269043, 94.6158599854, -323.638122559, 137.741897583, -321.254455566], [-1732.46936035, 2234.37866211, -86.8117294312, -62.4286651611, 535.738220215, -601.142089844, 297.470428467, -205.117385864, 304.863494873, -80.3071746826, 264.757293701, -154.758239746, 151.902877808], [-491.443023682, -86.8117294312, 1459.60046387, 416.985839844, -67.2992019653, 427.048706055, 22.7221870422, -20.2714538574, 4.4235033989, 50.1121673584, 54.4059524536, 53.2414741516, 63.3022994995], [-114.666007996, -62.4286651611, 416.985839844, 723.521057129, 237.370986938, 54.3984413147, 72.7113037109, 31.7053050995, 42.2513694763, 23.4254570007, 123.123458862, -27.1788520813, -9.97242164612], [-365.519989014, 535.738220215, -67.2992019653, 237.370986938, 570.852355957, -91.9452438354, 123.764732361, 40.0653877258, 103.898277283, -3.72097706795, 99.139831543, -40.3624839783, 28.5270442963], [603.098449707, -601.142089844, 427.048706055, 54.3984413147, -91.9452438354, 584.257080078, -5.35731172562, 74.1772918701, -59.7702026367, 70.0832138062, -41.9134292603, 59.0718231201, -3.24339842796], [-438.186157227, 297.470428467, 22.7221870422, 72.7113037109, 123.764732361, -5.35731172562, 225.580596924, 37.4343261719, 86.0893325806, 9.71320915222, 55.3339614868, -28.543844223, 47.005821228], [318.512145996, -205.117385864, -20.2714538574, 31.7053050995, 40.0653877258, 74.1772918701, 37.4343261719, 180.023406982, 22.5727005005, 5.20021009445, -29.6079349518, 26.045173645, -17.050611496], [-406.63269043, 304.863494873, 4.4235033989, 42.2513694763, 103.898277283, -59.7702026367, 86.0893325806, 22.5727005005, 162.325820923, 34.0785140991, 80.6003265381, -13.2079782486, 42.7646408081], [94.6158599854, -80.3071746826, 50.1121673584, 23.4254570007, -3.72097706795, 70.0832138062, 9.71320915222, 5.20021009445, 34.0785140991, 121.575248718, 60.5176963806, 17.0137081146, 10.8580989838], [-323.638122559, 264.757293701, 54.4059524536, 123.123458862, 99.139831543, -41.9134292603, 55.3339614868, -29.6079349518, 80.6003265381, 60.5176963806, 179.51953125, -1.03731191158, 29.5552501678], [137.741897583, -154.758239746, 53.2414741516, -27.1788520813, -40.3624839783, 59.0718231201, -28.543844223, 26.045173645, -13.2079782486, 17.0137081146, -1.03731191158, 104.824226379, 33.0546836853], [-321.254455566, 151.902877808, 63.3022994995, -9.97242164612, 28.5270442963, -3.24339842796, 47.005821228, -17.050611496, 42.7646408081, 10.8580989838, 29.5552501678, 33.0546836853, 99.658241272]],
        "icov": [[0.000531015451998, -0.000549846736249, 0.000541459652595, -0.000582967943046, 0.000456008478068, -0.000858411425725, 0.000943337683566, -0.00110493227839, 0.00103851105087, -0.00108377600554, 0.000801966234576, -0.000758654146921, 0.00104137125891], [-0.000549846736249, 0.00305317412131, -0.00146325048991, 0.00231818505563, -0.00227983877994, 0.00265344325453, -0.00251811486669, 0.00306277745403, -0.00283332844265, 0.00316004338674, -0.00295029720291, 0.00244814669713, -0.00187964225188], [0.000541459652595, -0.00146325048991, 0.00211112038232, -0.00202174438164, 0.00149973621592, -0.00242274650373, 0.00161923607811, -0.00128027272876, 0.00127977249213, -0.00149399891961, 0.00160005933139, -0.00153259676881, 0.00058897503186], [-0.000582967943046, 0.00231818505563, -0.00202174438164, 0.00420825229958, -0.00260665616952, 0.00238754483871, -0.00224543199874, 0.00184837426059, -0.00166491186246, 0.00272716488689, -0.00377866020426, 0.00244297995232, -0.000780561589636], [0.000456008478068, -0.00227983877994, 0.00149973621592, -0.00260665616952, 0.0043316828087, -0.00201200996526, 0.00143960397691, -0.00283478177153, 0.00147352891508, -0.00174832320772, 0.00153566815425, -0.00126755202655, 0.00078525376739], [-0.000858411425725, 0.00265344325453, -0.00242274650373, 0.00238754483871, -0.00201200996526, 0.00564304646105, -0.00313110230491, 0.0020088350866, -0.00153436895926, 0.00116342236288, -0.00201619649306, 0.00179126311559, -0.00191819702741], [0.000943337683566, -0.00251811486669, 0.00161923607811, -0.00224543199874, 0.00143960397691, -0.00313110230491, 0.00977851077914, -0.0051175262779, 0.00126818462741, -0.00249476288445, 0.00159120548051, 0.000921225408092, -0.00142571981996], [-0.00110493227839, 0.00306277745403, -0.00128027272876, 0.00184837426059, -0.00283478177153, 0.0020088350866, -0.0051175262779, 0.0123423226178, -0.00644114380702, 0.00373249570839, -0.000288992625428, -0.00133366941009, 0.00105560349766], [0.00103851105087, -0.00283332844265, 0.00127977249213, -0.00166491186246, 0.00147352891508, -0.00153436895926, 0.00126818462741, -0.00644114380702, 0.0148598942906, -0.00562503235415, -0.000418507232098, -0.00012922861788, -0.00108178111259], [-0.00108377600554, 0.00316004338674, -0.00149399891961, 0.00272716488689, -0.00174832320772, 0.00116342236288, -0.00249476288445, 0.00373249570839, -0.00562503235415, 0.0159913618118, -0.00787063781172, 0.00199121749029, -0.00238960213028], [0.000801966234576, -0.00295029720291, 0.00160005933139, -0.00377866020426, 0.00153566815425, -0.00201619649306, 0.00159120548051, -0.000288992625428, -0.000418507232098, -0.00787063781172, 0.0139781748876, -0.00447624502704, 0.00275885965675], [-0.000758654146921, 0.00244814669713, -0.00153259676881, 0.00244297995232, -0.00126755202655, 0.00179126311559, 0.000921225408092, -0.00133366941009, -0.00012922861788, 0.00199121749029, -0.00447624502704, 0.0173508208245, -0.00978965312243], [0.00104137125891, -0.00187964225188, 0.00058897503186, -0.000780561589636, 0.00078525376739, -0.00191819702741, -0.00142571981996, 0.00105560349766, -0.00108178111259, -0.00238960213028, 0.00275885965675, -0.00978965312243, 0.0195232983679]]
    },
    "melbands": {
        "dmean": [0.0040840646252, 0.00195942563005, 0.00151620281395, 0.000935132440645, 0.000654082396068, 0.000492944498546, 0.000276262115221, 0.000261332694208, 0.000145810394315, 0.000117593161121, 0.000121889832371, 9.12093746592e-05, 3.69391673303e-05, 2.56748280663e-05, 2.53536491073e-05, 1.89217917068e-05, 2.01572602236e-05, 1.79673861567e-05, 1.34329748107e-05, 1.09096699816e-05, 1.35104828587e-05, 2.00222530111e-05, 2.07136417885e-05, 1.20406639326e-05, 9.32675175136e-06, 7.11887059879e-06, 8.0011495811e-06, 9.47642092797e-06, 5.0771423048e-06, 2.86161503027e-06, 4.09086260333e-06, 3.82515190722e-06, 4.82860968987e-06, 9.66902007349e-06, 6.52363860354e-06, 8.24832659418e-06, 2.70404621006e-06, 3.05307094095e-06, 4.44531679022e-06, 1.0870234064e-06],
        "dmean2": [0.00687973480672, 0.00320625980385, 0.00243960879743, 0.00154346425552, 0.00106029829476, 0.000839210173581, 0.000466580881039, 0.000434847170254, 0.000237127882428, 0.000193977160961, 0.000202905997867, 0.000154439025209, 6.24731765129e-05, 4.44837023679e-05, 4.18302406615e-05, 3.07004738715e-05, 3.28982241626e-05, 3.09013812512e-05, 2.2528345653e-05, 1.76561934495e-05, 2.28417138715e-05, 3.23766289512e-05, 3.23215899698e-05, 2.11819733522e-05, 1.57337672135e-05, 1.19649557746e-05, 1.21625407701e-05, 1.46896845763e-05, 8.359851563e-06, 5.05046818944e-06, 6.57286591377e-06, 6.1432815528e-06, 7.61391538617e-06, 1.46388874782e-05, 1.01092955447e-05, 1.46420688907e-05, 4.23401661465e-06, 5.14844441568e-06, 6.85821987645e-06, 1.7651196913e-06],
        "dvar": [2.18424902414e-05, 1.13979685921e-05, 7.85719385021e-06, 2.35964057538e-06, 1.35340746965e-06, 9.01403495845e-07, 5.1164767001e-07, 4.64441882286e-07, 6.44957722784e-08, 6.75181013321e-08, 6.10145534097e-08, 3.37548158313e-08, 4.75881822837e-09, 3.22106985529e-09, 3.85877108044e-09, 4.57260362907e-09, 6.17230666577e-09, 4.41585701338e-09, 3.62326724179e-09, 1.89224214076e-09, 2.69441668976e-09, 2.89874857451e-09, 2.40369901761e-09, 1.00494079724e-09, 1.11119702328e-09, 8.75652717003e-10, 5.47582867938e-10, 2.75136385897e-10, 5.78789342842e-11, 3.31273550258e-11, 3.83677499494e-11, 2.63558359165e-11, 4.45525213943e-11, 1.90761420549e-10, 8.77193456761e-11, 3.28064936328e-10, 1.70008156858e-11, 1.75015401477e-11, 3.75324320234e-11, 2.72613160344e-12],
        "dvar2": [6.27477784292e-05, 3.14461285598e-05, 1.89507427422e-05, 6.13257225268e-06, 3.31685487254e-06, 2.40398162532e-06, 1.3546283526e-06, 1.17520221465e-06, 1.51149208705e-07, 1.70224325302e-07, 1.57539275847e-07, 8.48539656317e-08, 1.13093019394e-08, 8.03528177329e-09, 8.30359603299e-09, 1.00255297397e-08, 1.25421930619e-08, 1.11777476164e-08, 9.18351350521e-09, 4.70126959584e-09, 6.25288087974e-09, 5.69536062756e-09, 4.4277137512e-09, 2.4152868594e-09, 2.70315059225e-09, 2.38174946432e-09, 1.01845021305e-09, 6.33406327388e-10, 1.44029413396e-10, 8.3814920282e-11, 9.04685493186e-11, 6.41134298429e-11, 1.05617833923e-10, 4.54000143035e-10, 2.12218326245e-10, 9.08500996655e-10, 3.97451654921e-11, 4.85274945228e-11, 8.22839157921e-11, 6.81636951744e-12],
        "max": [0.0410727001727, 0.0302514992654, 0.0242000669241, 0.0135379275307, 0.0186363942921, 0.0138436136767, 0.0135892666876, 0.0124608781189, 0.00425736792386, 0.00503966072574, 0.00469265971333, 0.00399877410382, 0.00144166592509, 0.00120910292026, 0.00220092805102, 0.00280612846836, 0.00440222024918, 0.0031953046564, 0.00264086411335, 0.00204256712459, 0.00246406905353, 0.00253810500726, 0.0018424296286, 0.000879131839611, 0.00120299949776, 0.00116360222455, 0.00101920461748, 0.000459706876427, 0.000115218463179, 0.000187982732314, 0.000114241549454, 4.14364949393e-05, 5.84788103879e-05, 0.000154579989612, 8.29868731671e-05, 0.000165685021784, 4.74296648463e-05, 4.12342669733e-05, 6.45664986223e-05, 2.15835898416e-05],
        "mean": [0.00685901893303, 0.00317036150955, 0.00162642507348, 0.00127488758881, 0.00110981334001, 0.000635389587842, 0.000339494814398, 0.000290136871627, 0.000170480154338, 0.000132187720737, 0.000123950419948, 8.75991318026e-05, 4.05885912187e-05, 2.82350301859e-05, 2.86527774733e-05, 2.37378317252e-05, 2.4577113436e-05, 1.90252849279e-05, 1.48969320435e-05, 1.1358586562e-05, 1.32571112772e-05, 2.30923142226e-05, 2.57231531577e-05, 1.03435868368e-05, 8.3862532847e-06, 7.26597727407e-06, 1.13664636956e-05, 1.15639359137e-05, 6.28294492344e-06, 2.63564493252e-06, 4.82984250993e-06, 5.61402248422e-06, 6.83519510858e-06, 1.28492401927e-05, 8.42937606649e-06, 7.2933876254e-06, 4.16357306676e-06, 4.89301419293e-06, 7.8238253991e-06, 1.94808967535e-06],
        "median": [0.0057773469016, 0.00219948217273, 0.000505392905325, 0.000666003441438, 0.00054210529197, 0.000231092024478, 9.24682390178e-05, 7.34526402084e-05, 6.09598864685e-05, 3.16872610711e-05, 3.12155680149e-05, 2.04271527764e-05, 1.17907329695e-05, 6.97705672792e-06, 1.23055669974e-05, 4.6532018132e-06, 4.20259129896e-06, 3.70900829694e-06, 3.48715752807e-06, 2.12357781493e-06, 2.82380051431e-06, 4.01212810175e-06, 5.16176532983e-06, 1.13833880278e-06, 9.92760874396e-07, 1.04854893834e-06, 3.06358788293e-06, 3.30868033416e-06, 3.07049344883e-06, 1.10442522328e-06, 1.96403652808e-06, 2.77415006167e-06, 3.79236280423e-06, 7.71532995714e-06, 5.17696025781e-06, 2.31600915868e-06, 1.50138373556e-06, 3.57658018402e-06, 4.71031580673e-06, 1.15769876174e-06],
        "min": [7.84304760177e-24, 6.4199133409e-24, 3.78497750022e-24, 2.20138301477e-24, 6.98298647782e-24, 8.13926881598e-24, 5.38265551941e-24, 7.97669168317e-24, 7.1410284493e-24, 1.56564624325e-23, 1.19930728525e-23, 9.59770933553e-24, 8.59014068864e-24, 1.00839079772e-23, 6.75819109655e-24, 6.2760460166e-24, 6.54585695657e-24, 1.07504354887e-23, 8.64290443915e-24, 9.26150391747e-24, 1.33248436099e-23, 1.61078786192e-23, 1.21933070494e-23, 1.50165526657e-23, 1.74196848848e-23, 1.39876098326e-23, 1.33660426595e-23, 1.46798699868e-23, 9.69031529492e-24, 1.30921588307e-23, 1.29049266391e-23, 1.5326344654e-23, 1.47923015984e-23, 1.17388995022e-23, 8.47454653362e-24, 9.81826695602e-24, 9.00572365756e-24, 1.0098183993e-23, 1.68927620877e-23, 9.5518489068e-24],
        "var": [3.93872905988e-05, 1.41913888001e-05, 8.29172950034e-06, 2.52527365774e-06, 2.59389071289e-06, 1.19548178645e-06, 6.23903702035e-07, 5.92225376295e-07, 9.37087065722e-08, 9.12847397672e-08, 6.14491639794e-08, 3.37093482017e-08, 6.44639053249e-09, 3.78264664036e-09, 5.3121551602e-09, 9.68695079706e-09, 1.43943656994e-08, 7.32825888861e-09, 4.45883907574e-09, 1.99056882089e-09, 3.62130037068e-09, 5.09490361011e-09, 4.02909750008e-09, 1.21429677424e-09, 1.16693832375e-09, 9.46107636679e-10, 1.35183753081e-09, 4.20431384152e-10, 6.7759194089e-11, 3.08579307939e-11, 5.07053392329e-11, 4.26868332348e-11, 7.00328545156e-11, 2.61650839883e-10, 1.12751190329e-10, 2.2920813858e-10, 3.66726683743e-11, 2.74409314716e-11, 8.06655575669e-11, 5.87975154676e-12]
    },
    "mfcc": {
        "mean": [-644.004699707, 105.512321472, 50.6584358215, 27.0045280457, 4.67924880981, 9.84421253204, -3.1213786602, 7.95651054382, 0.426133751869, 2.37884449959, -2.35464096069, 1.65727412701, 4.17814445496],
        "cov": [[5528.88769531, -1626.96020508, -558.445861816, -759.953491211, -3.91749548912, -134.2056427, 50.7553100586, 20.8795566559, -36.0998687744, -64.5495452881, -68.4336624146, -29.5963535309, -94.9922714233], [-1626.96020508, 2108.22705078, -488.54095459, 378.107421875, -0.737215042114, -94.2381896973, -80.3954772949, -39.8777732849, -44.271686554, 46.4134559631, 81.4323501587, 2.94064450264, -20.6270523071], [-558.445861816, -488.54095459, 1570.90710449, -32.4223632812, 124.066116333, 320.055938721, 136.917495728, 26.7539405823, 51.5878334045, -53.3689346313, 38.4823684692, 3.10316705704, 76.609161377], [-759.953491211, 378.107421875, -32.4223632812, 807.286987305, 209.548538208, 14.0354442596, 50.5727882385, 28.8119449615, -26.2249698639, 72.1665802002, 20.5470561981, 125.464958191, 65.9282531738], [-3.91749548912, -0.737215042114, 124.066116333, 209.548538208, 373.188171387, 124.889312744, 113.62664032, 52.6456489563, 31.8616580963, 11.5221710205, 60.519405365, 46.5463943481, 39.6620559692], [-134.2056427, -94.2381896973, 320.055938721, 14.0354442596, 124.889312744, 282.237915039, 120.650161743, 18.658246994, 36.4565010071, 36.4053268433, 29.1399784088, 26.8203372955, 34.2562294006], [50.7553100586, -80.3954772949, 136.917495728, 50.5727882385, 113.62664032, 120.650161743, 197.57371521, 70.8728942871, 40.5072250366, 33.3408813477, 52.192024231, 14.8833713531, 19.1062812805], [20.8795566559, -39.8777732849, 26.7539405823, 28.8119449615, 52.6456489563, 18.658246994, 70.8728942871, 149.942596436, 80.9112472534, 14.6801548004, 15.8868322372, 1.2088739872, 7.52006435394], [-36.0998687744, -44.271686554, 51.5878334045, -26.2249698639, 31.8616580963, 36.4565010071, 40.5072250366, 80.9112472534, 143.791519165, 36.1875038147, -0.731050252914, -8.79291820526, 6.96720075607], [-64.5495452881, 46.4134559631, -53.3689346313, 72.1665802002, 11.5221710205, 36.4053268433, 33.3408813477, 14.6801548004, 36.1875038147, 129.642852783, 41.4581413269, 18.031129837, 32.3136444092], [-68.4336624146, 81.4323501587, 38.4823684692, 20.5470561981, 60.519405365, 29.1399784088, 52.192024231, 15.8868322372, -0.731050252914, 41.4581413269, 116.743217468, 43.1925392151, 15.442035675], [-29.5963535309, 2.94064450264, 3.10316705704, 125.464958191, 46.5463943481, 26.8203372955, 14.8833713531, 1.2088739872, -8.79291820526, 18.031129837, 43.1925392151, 121.855522156, 53.7473831177], [-94.9922714233, -20.6270523071, 76.609161377, 65.9282531738, 39.6620559692, 34.2562294006, 19.1062812805, 7.52006435394, 6.96720075607, 32.3136444092, 15.442035675, 53.7473831177, 91.0152359009]],
