{
"lowlevel": {
    "average_loudness": 0.892813622952,
    "barkbands_crest": {
        "dmean": 2.95023202896,
        "dmean2": 4.61643362045,
        "dvar": 7.87194824219,
        "dvar2": 17.5624713898,
        "max": 26.5252113342,
        "mean": 10.8261108398,
        "median": 9.72090339661,
        "min": 2.13555002213,
        "var": 26.1341342926
    },
    "barkbands_flatness_db": {
        "dmean": 0.0255966149271,
        "dmean2": 0.0370030030608,
        "dvar": 0.000681401230395,
        "dvar2": 0.00136654474773,
        "max": 0.455158889294,
        "mean": 0.112486317754,
        "median": 0.102749183774,
        "min": 0.0176561083645,
        "var": 0.00282619870268
    },
    "barkbands_kurtosis": {
        "dmean": 4.16128873825,
        "dmean2": 6.446849823,
        "dvar": 298.485656738,
        "dvar2": 602.433776855,
        "max": 893.41607666,
        "mean": 4.65366697311,
        "median": 1.16847038269,
        "min": -1.96563220024,
        "var": 423.408660889
    },
    "barkbands_skewness": {
        "dmean": 0.701174855232,
        "dmean2": 1.03540110588,
        "dvar": 0.823574960232,
        "dvar2": 1.67798781395,
        "max": 26.8489627838,
        "mean": 1.40630722046,
        "median": 1.22732722759,
        "min": -10.0506544113,
        "var": 2.57661890984
    },
    "barkbands_spread": {
        "dmean": 9.30670452118,
        "dmean2": 13.8604393005,
        "dvar": 120.193183899,
        "dvar2": 270.22833252,
        "max": 125.299423218,
        "mean": 30.8382606506,
        "median": 28.0515060425,
        "min": 0.236750513315,
        "var": 292.035705566
    },
    "dissonance": {
        "dmean": 0.0174470730126,
        "dmean2": 0.028715800494,
        "dvar": 0.000314501550747,
        "dvar2": 0.000817810592707,
        "max": 0.500000119209,
        "mean": 0.467548817396,
        "median": 0.474794358015,
        "min": 0.24893052876,
        "var": 0.000755621120334
    },
    "dynamic_complexity": 2.98404622078,
    "erbbands_crest": {
        "dmean": 2.7149810791,
        "dmean2": 4.30521345139,
        "dvar": 6.87059736252,
        "dvar2": 16.1958389282,
        "max": 32.9454650879,
        "mean": 8.63713264465,
        "median": 7.40633535385,
        "min": 2.16969442368,
        "var": 20.6440544128
    },
    "erbbands_flatness_db": {
        "dmean": 0.0193401519209,
        "dmean2": 0.0268351137638,
        "dvar": 0.000384020997444,
        "dvar2": 0.000698798103258,
        "max": 0.406055629253,
        "mean": 0.130505993962,
        "median": 0.124266959727,
        "min": 0.0474291294813,
        "var": 0.00184627040289
    },
    "erbbands_kurtosis": {
        "dmean": 1.13972783089,
        "dmean2": 1.75387382507,
        "dvar": 7.69566583633,
        "dvar2": 17.600812912,
        "max": 136.223922729,
        "mean": 0.729411900043,
        "median": -0.090890288353,
        "min": -1.92345380783,
        "var": 14.4978837967
    },
    "erbbands_skewness": {
        "dmean": 0.391126185656,
        "dmean2": 0.577019512653,
        "dvar": 0.177582591772,
        "dvar2": 0.36817625165,
        "max": 9.78235626221,
        "mean": 0.252443253994,
        "median": 0.256958544254,
        "min": -6.52735614777,
        "var": 0.791926026344
    },
    "erbbands_spread": {
        "dmean": 11.7856426239,
        "dmean2": 17.8076515198,
        "dvar": 198.943649292,
        "dvar2": 455.388031006,
        "max": 200.615493774,
        "mean": 44.9708061218,
        "median": 41.5489044189,
        "min": 1.24854886532,
        "var": 474.115234375
    },
    "hfc": {
        "dmean": 13.6454267502,
        "dmean2": 18.7140979767,
        "dvar": 611.20526123,
        "dvar2": 1172.1348877,
        "max": 543.530517578,
        "mean": 31.7573547363,
        "median": 21.6336612701,
        "min": 1.07893978178e-16,
        "var": 1436.53222656
    },
    "melbands_crest": {
        "dmean": 3.95420646667,
        "dmean2": 6.1612200737,
        "dvar": 14.5472393036,
        "dvar2": 31.558511734,
        "max": 37.0827980042,
        "mean": 15.9920883179,
        "median": 15.254781723,
        "min": 1.48251819611,
        "var": 51.8083724976
    },
    "melbands_flatness_db": {
        "dmean": 0.0318377166986,
        "dmean2": 0.0458995215595,
        "dvar": 0.00104903441388,
        "dvar2": 0.00218853470869,
        "max": 0.568657100201,
        "mean": 0.168618917465,
        "median": 0.162196725607,
        "min": 0.00265384209342,
        "var": 0.00551816588268
    },
    "melbands_kurtosis": {
        "dmean": 12.3050575256,
        "dmean2": 19.5110435486,
        "dvar": 2000.86560059,
        "dvar2": 4158.81640625,
        "max": 1799.69641113,
        "mean": 17.8016815186,
        "median": 6.92518568039,
        "min": -1.927110672,
        "var": 2981.52758789
    },
    "melbands_skewness": {
        "dmean": 1.02722251415,
        "dmean2": 1.56005609035,
        "dvar": 1.878698349,
        "dvar2": 4.11285877228,
        "max": 33.4700889587,
        "mean": 2.8280775547,
        "median": 2.33716583252,
        "min": -7.14131069183,
        "var": 5.20990896225
    },
    "melbands_spread": {
        "dmean": 12.4885120392,
        "dmean2": 18.9523010254,
        "dvar": 406.319854736,
        "dvar2": 939.933898926,
        "max": 299.103942871,
        "mean": 33.9117240906,
        "median": 25.6479606628,
        "min": 0.169557273388,
        "var": 1035.37536621
    },
    "pitch_salience": {
        "dmean": 0.0842127725482,
        "dmean2": 0.129431784153,
        "dvar": 0.0066555282101,
        "dvar2": 0.0150888878852,
        "max": 0.883336901665,
        "mean": 0.531916439533,
        "median": 0.539125204086,
        "min": 0.0274186786264,
        "var": 0.0221141371876
    },
    "silence_rate_20dB": {
        "dmean": 0,
        "dmean2": 0,
        "dvar": 0,
        "dvar2": 0,
        "max": 1,
        "mean": 1,
        "median": 1,
        "min": 1,
        "var": 0
    },
    "silence_rate_30dB": {
        "dmean": 0.00501305470243,
        "dmean2": 0.0100271571428,
        "dvar": 0.00498814089224,
        "dvar2": 0.0147315589711,
        "max": 1,
        "mean": 0.997389316559,
        "median": 1,
        "min": 0,
        "var": 0.00260401144624
    },
    "silence_rate_60dB": {
        "dmean": 0.0313315913081,
        "dmean2": 0.0626697316766,
        "dvar": 0.0303462594748,
        "dvar2": 0.0683492273092,
        "max": 1,
        "mean": 0.0742481201887,
        "median": 0,
        "min": 0,
        "var": 0.068737514317
    },
    "spectral_centroid": {
        "dmean": 336.893585205,
        "dmean2": 496.90234375,
        "dvar": 181917.9375,
        "dvar2": 359088.5625,
        "max": 11607.3320312,
        "mean": 1800.9083252,
        "median": 1602.89868164,
        "min": 184.586196899,
        "var": 1547553.625
    },
    "spectral_complexity": {
        "dmean": 4.67634487152,
        "dmean2": 6.64863157272,
        "dvar": 29.4777126312,
        "dvar2": 49.2560653687,
        "max": 65,
        "mean": 20.1384716034,
        "median": 18,
        "min": 0,
        "var": 158.143539429
    },
    "spectral_decrease": {
        "dmean": 3.05435476911e-09,
        "dmean2": 4.95585261717e-09,
        "dvar": 2.27858463713e-17,
        "dvar2": 6.11561559861e-17,
        "max": 1.72933041381e-28,
        "mean": -6.94674096025e-09,
        "median": -5.52383383479e-09,
        "min": -3.76388733514e-08,
        "var": 3.67823958084e-17
    },
    "spectral_energy": {
        "dmean": 0.0123377433047,
        "dmean2": 0.0198123008013,
        "dvar": 0.000356633856427,
        "dvar2": 0.00095099688042,
        "max": 0.15195594728,
        "mean": 0.0290990490466,
        "median": 0.023713953793,
        "min": 9.7529990281e-21,
        "var": 0.000587764487136
    },
    "spectral_energyband_high": {
        "dmean": 0.00109719345346,
        "dmean2": 0.00148513971362,
        "dvar": 5.58960982744e-06,
        "dvar2": 9.86211216514e-06,
        "max": 0.0549788214266,
        "mean": 0.00201065768488,
        "median": 0.000924638821743,
        "min": 6.73213462327e-21,
        "var": 1.34388428705e-05
    },
    "spectral_energyband_low": {
        "dmean": 0.00705059152097,
        "dmean2": 0.0115029131994,
        "dvar": 0.000165467281477,
        "dvar2": 0.000434770889115,
        "max": 0.113793075085,
        "mean": 0.0123256286606,
        "median": 0.0049364734441,
        "min": 1.68975062972e-23,
        "var": 0.000286831636913
    },
    "spectral_energyband_middle_high": {
        "dmean": 0.00237176450901,
        "dmean2": 0.00358622893691,
        "dvar": 1.29742002173e-05,
        "dvar2": 2.86862796202e-05,
        "max": 0.0621275864542,
        "mean": 0.00605533458292,
        "median": 0.00380495935678,
        "min": 9.15575039203e-22,
        "var": 4.22341327067e-05
    },
    "spectral_energyband_middle_low": {
        "dmean": 0.00647653639317,
        "dmean2": 0.0111919716001,
        "dvar": 0.000197072469746,
        "dvar2": 0.000554832746275,
        "max": 0.110969252884,
        "mean": 0.00982202216983,
        "median": 0.00653652474284,
        "min": 1.47286389457e-22,
        "var": 0.000155385234393
    },
    "spectral_entropy": {
        "dmean": 0.171201407909,
        "dmean2": 0.238551810384,
        "dvar": 0.0365520492196,
        "dvar2": 0.072821393609,
        "max": 9.82409095764,
        "mean": 7.91891765594,
        "median": 7.93122386932,
        "min": 4.96488618851,
        "var": 0.183510065079
    },
    "spectral_flux": {
        "dmean": 0.0315750427544,
        "dmean2": 0.0490628629923,
        "dvar": 0.00163881364278,
        "dvar2": 0.00314070098102,
        "max": 0.363078832626,
        "mean": 0.0953622385859,
        "median": 0.082578510046,
        "min": 6.25181503788e-11,
        "var": 0.00363895623013
    },
    "spectral_kurtosis": {
        "dmean": 1.03425490856,
        "dmean2": 1.57830774784,
        "dvar": 2.75568604469,
        "dvar2": 6.66909265518,
        "max": 60.7967643738,
        "mean": 3.0438375473,
        "median": 2.76927804947,
        "min": -1.40561497211,
        "var": 7.85634756088
    },
    "spectral_rms": {
        "dmean": 0.00103513372596,
        "dmean2": 0.00158057815861,
        "dvar": 1.75348054654e-06,
        "dvar2": 4.3212098717e-06,
        "max": 0.012175783515,
        "mean": 0.00483873812482,
        "median": 0.00480994395912,
        "min": 3.08465904729e-12,
        "var": 4.97585506309e-06
    },
    "spectral_rolloff": {
        "dmean": 1001.30267334,
        "dmean2": 1608.51464844,
        "dvar": 2853924.25,
        "dvar2": 6337868.5,
        "max": 19638.28125,
        "mean": 2549.87060547,
        "median": 1571.92382812,
        "min": 64.599609375,
        "var": 9465655
    },
    "spectral_skewness": {
        "dmean": 0.178716108203,
        "dmean2": 0.266088604927,
        "dvar": 0.0417944639921,
        "dvar2": 0.090934805572,
        "max": 6.09135055542,
        "mean": 1.42668497562,
        "median": 1.44535696507,
        "min": -0.594800114632,
        "var": 0.168423652649
    },
    "spectral_spread": {
        "dmean": 941065,
        "dmean2": 1352039.75,
        "dvar": 1.3896768553e+12,
        "dvar2": 2.91675334246e+12,
        "max": 43323292,
        "mean": 6706510,
        "median": 6019059,
        "min": 1075163.625,
        "var": 1.58493457777e+13
    },
    "spectral_strongpeak": {
        "dmean": 0.510484278202,
        "dmean2": 0.850719213486,
        "dvar": 1.05499708652,
        "dvar2": 2.573980093,
        "max": 16.9397735596,
        "mean": 0.860231101513,
        "median": 0.398422926664,
        "min": 0,
        "var": 1.67652702332
    },
    "zerocrossingrate": {
        "dmean": 0.0204930752516,
        "dmean2": 0.0221065338701,
        "dvar": 0.000538652180694,
        "dvar2": 0.000583679589909,
        "max": 0.52685546875,
        "mean": 0.0982103049755,
        "median": 0.07958984375,
        "min": 0.0029296875,
        "var": 0.00565900001675
    },
    "barkbands": {
        "dmean": [0.00039946223842, 0.00494897319004, 0.00188848527614, 0.00218164874241, 0.00211073178798, 0.00104140420444, 0.00101276638452, 0.000929796893615, 0.000835088954773, 0.00061656330945, 0.000517766398843, 0.000489760073833, 0.000348148343619, 0.000431349733844, 0.000435885944171, 0.000361238286132, 0.000321955798427, 0.000300109823002, 0.000237829764956, 0.000198880239623, 0.000121569333714, 0.000132491622935, 0.000194237669348, 0.000289322430035, 0.000274390855338, 0.000168431404745, 7.22192271496e-06],
        "dmean2": [0.000520970672369, 0.00750203197822, 0.00332342274487, 0.00404232973233, 0.00374638498761, 0.00175115419552, 0.00170284451451, 0.00141943118069, 0.00132136326283, 0.000972245761659, 0.00081569456961, 0.000765160948504, 0.00054827722488, 0.000695888185874, 0.000683589372784, 0.000584409048315, 0.000505786912981, 0.000479985203128, 0.000387614709325, 0.000302831700537, 0.00018073443789, 0.000196753695491, 0.000279991392745, 0.000408588210121, 0.000391804205719, 0.000249821372563, 1.13479745778e-05],
        "dvar": [7.16114755051e-07, 9.18025252759e-05, 3.13078126055e-05, 5.92721225985e-05, 2.46946492553e-05, 4.24557492806e-06, 4.40173016614e-06, 3.62856280844e-06, 3.3111407447e-06, 1.99030114345e-06, 1.17998376936e-06, 1.43527904584e-06, 7.75354635607e-07, 1.33396247293e-06, 9.62303374763e-07, 6.82532117935e-07, 3.89931813061e-07, 2.64234188307e-07, 1.88122740497e-07, 1.51657630454e-07, 6.34428545254e-08, 1.22385628742e-07, 1.90375388343e-07, 8.78114121861e-07, 7.09762559836e-07, 1.19191085446e-07, 2.39702979687e-10],
        "dvar2": [1.12954899123e-06, 0.000224804214668, 8.512079512e-05, 0.000169240898686, 7.02955949237e-05, 1.14358999781e-05, 1.16379487736e-05, 7.72247949499e-06, 7.63907883083e-06, 4.47333286502e-06, 2.62827325059e-06, 3.2984551126e-06, 1.76607807134e-06, 3.05463572658e-06, 2.19548996938e-06, 1.7021959593e-06, 9.1831861937e-07, 6.1712319166e-07, 4.61043583755e-07, 3.32807786663e-07, 1.27297980157e-07, 2.53107629078e-07, 3.55655089379e-07, 1.52999700731e-06, 1.41358827932e-06, 2.51541109719e-07, 6.22572549069e-10],
        "max": [0.0126600498334, 0.112514391541, 0.0623748525977, 0.0638187751174, 0.0523602031171, 0.0265930388123, 0.0426656939089, 0.0641898289323, 0.0394765660167, 0.0360202640295, 0.0256087593734, 0.0301309973001, 0.018858641386, 0.0317463018, 0.0199036132544, 0.0212104320526, 0.0173540823162, 0.0126694459468, 0.00761473877355, 0.0118126524612, 0.00553284259513, 0.0204874593765, 0.0117427036166, 0.0302909165621, 0.0227029640228, 0.0090321181342, 0.000433373556007],
        "mean": [0.000694059126545, 0.00898942071944, 0.00182206206955, 0.00155536807142, 0.00244240206666, 0.00137219985481, 0.00117365259212, 0.00140011915937, 0.00125836848747, 0.0010940694483, 0.000750604260247, 0.000757579982746, 0.000495940505061, 0.000581541331485, 0.000621819926891, 0.00050269550411, 0.000535125145689, 0.000489356287289, 0.000366568943718, 0.000346350338077, 0.00021984349587, 0.00022287837055, 0.000304712651996, 0.000465299614007, 0.000423349643825, 0.000206420882023, 7.2248176366e-06],
        "median": [5.90352574363e-05, 0.00251202378422, 0.000406283972552, 0.00022288155742, 0.00114879803732, 0.000627097557299, 0.000422451586928, 0.000486794131575, 0.000357442942914, 0.00025099364575, 0.000249336357228, 0.000208479556022, 0.000139297640999, 0.000143329671118, 0.000177108653588, 0.00018886369071, 0.000241531583015, 0.000245747884037, 0.000176746791112, 0.000150253836182, 8.69680879987e-05, 9.39550300245e-05, 0.000128508007037, 0.000147166661918, 0.000156181456987, 5.34267892363e-05, 1.26494410324e-06],
        "min": [1.21965902885e-24, 1.60374179576e-24, 1.14661159371e-24, 9.27193877231e-25, 8.1053146649e-24, 8.2545584707e-24, 5.66406863114e-24, 5.87585372394e-24, 9.96161008225e-24, 1.09583768568e-23, 1.86931525104e-23, 2.68212802438e-23, 3.39194443581e-23, 3.56187832766e-23, 4.44612829354e-23, 5.34205245419e-23, 7.98478823595e-23, 8.25252384065e-23, 9.64300983078e-23, 1.61121065981e-22, 2.34441786993e-22, 2.90159928875e-22, 3.87489006759e-22, 5.94896644126e-22, 8.09794825021e-22, 1.21483650441e-21, 1.90893534825e-21],
        "var": [1.87476871361e-06, 0.00018569000531, 2.35498628172e-05, 3.46290762536e-05, 1.81088962563e-05, 4.47608999821e-06, 4.77397952636e-06, 7.26616872271e-06, 6.74643752063e-06, 8.00776251708e-06, 2.22065455091e-06, 3.11575013257e-06, 1.48280787471e-06, 2.53209441325e-06, 1.81566372248e-06, 9.28937481603e-07, 7.9171491052e-07, 4.99811505961e-07, 2.87853424652e-07, 2.93161974696e-07, 1.28848597569e-07, 2.09839029708e-07, 4.03323156206e-07, 2.1342218588e-06, 1.33123012347e-06, 1.84365248401e-07, 2.31868052536e-10]
    },
    "erbbands": {
        "dmean": [0.22238637507, 0.873719394207, 1.82513058186, 5.32255601883, 7.73361444473, 6.6806974411, 6.69112253189, 9.19719409943, 14.6046161652, 15.1096754074, 20.4403152466, 18.8231296539, 20.821641922, 16.4347476959, 18.7992038727, 19.103811264, 14.5740776062, 20.4888935089, 20.9501419067, 19.7235164642, 18.6116275787, 16.7297515869, 15.9529094696, 13.4948225021, 11.0785913467, 8.97651481628, 5.43685531616, 4.94698858261, 4.77317142487, 5.30710887909, 5.50495576859, 5.78807735443, 5.10524082184, 3.4552397728, 1.82222521305, 0.898189663887, 0.278276234865, 0.038753900677, 0.000859947118443, 4.11883956986e-05],
        "dmean2": [0.314748942852, 1.41311562061, 3.14144778252, 9.82450008392, 14.0514774323, 11.7415428162, 10.8904190063, 15.8412351608, 25.3683223724, 23.0057926178, 32.0049858093, 29.9687042236, 32.5812644958, 26.3282661438, 29.6004505157, 29.6885471344, 22.5816497803, 32.1048240662, 33.0305862427, 31.8123989105, 29.2257118225, 26.1907577515, 25.3706874847, 21.6567649841, 17.683549881, 13.577126503, 8.05097961426, 7.39143943787, 7.23271608353, 7.75179290771, 7.88184976578, 8.22486019135, 7.34429979324, 5.07513999939, 2.5965795517, 1.32278680801, 0.411835640669, 0.0567752718925, 0.00126278912649, 5.99845407123e-05],
        "dvar": [0.199450805783, 3.05192065239, 25.3913345337, 345.3644104, 555.001098633, 206.732727051, 124.581199646, 418.97555542, 1117.15734863, 883.523132324, 1838.16796875, 1788.71643066, 2784.4597168, 1057.58789062, 1978.15332031, 2397.87646484, 1400.17089844, 2835.20385742, 2692.23046875, 2061.29296875, 1754.12573242, 1006.36700439, 717.388061523, 591.095153809, 425.749359131, 322.803070068, 140.935897827, 112.847442627, 140.400344849, 176.343704224, 164.983535767, 369.798095703, 275.58972168, 141.266540527, 28.4169902802, 4.25723791122, 0.283128023148, 0.00480726733804, 2.37841004491e-06, 4.63642280124e-09],
        "dvar2": [0.436533689499, 7.81641435623, 65.6407470703, 985.448486328, 1583.54248047, 585.444396973, 309.662780762, 1153.87988281, 3172.7668457, 1723.31506348, 4439.47021484, 4207.859375, 6364.03076172, 2531.45996094, 4450.85400391, 5672.37841797, 3205.82714844, 6541.68554688, 6132.27099609, 4916.94873047, 4330.8203125, 2392.13525391, 1676.68103027, 1426.14501953, 984.79296875, 722.322570801, 311.485046387, 232.225082397, 294.315307617, 356.955322266, 302.964813232, 683.422180176, 499.769470215, 292.05960083, 58.0699081421, 8.71357536316, 0.610428571701, 0.0106153804809, 5.29535054739e-06, 9.88339365904e-09],
        "max": [5.28580522537, 23.5469417572, 62.777305603, 152.638580322, 220.147705078, 222.745300293, 193.418518066, 265.350646973, 463.310211182, 1258.07055664, 869.291931152, 895.356750488, 1386.25524902, 1068.03979492, 1360.43908691, 1206.19470215, 1034.06030273, 1189.67944336, 1510.75317383, 1001.47827148, 1093.62939453, 879.858825684, 559.967956543, 442.958221436, 486.049591064, 723.033874512, 396.096618652, 220.198959351, 561.269042969, 706.921264648, 372.621124268, 660.884094238, 610.321716309, 439.937652588, 220.330993652, 58.2328567505, 11.6625242233, 1.44185936451, 0.0312817431986, 0.0014507106971],
        "mean": [0.380597174168, 1.54361927509, 2.12210083008, 4.0796122551, 6.55433177948, 8.05979347229, 10.4119215012, 10.7593154907, 15.7233610153, 22.7753334045, 30.6558513641, 29.7392272949, 39.6657600403, 27.0368213654, 29.7717628479, 31.8781757355, 23.5533065796, 30.3402900696, 32.4678878784, 29.3389129639, 28.9311141968, 28.8791179657, 26.9834213257, 22.1216506958, 18.122013092, 15.7963266373, 10.0184707642, 8.57284164429, 7.91692304611, 8.35327243805, 8.75539016724, 9.06340408325, 7.91609144211, 5.22399377823, 2.69935417175, 1.18563628197, 0.32166442275, 0.0428866147995, 0.000984111335129, 7.43212076486e-05],
        "median": [0.0742900893092, 0.454142063856, 0.652161896229, 0.802118360996, 1.82702708244, 3.56883120537, 5.02368211746, 4.60402393341, 6.06322479248, 9.38691520691, 11.0273075104, 9.40722560883, 9.23665046692, 9.9703502655, 10.2369174957, 9.59226417542, 7.84051895142, 8.30023956299, 9.34045219421, 10.8691825867, 12.0770397186, 13.5274429321, 13.6937084198, 11.5012674332, 8.60444641113, 7.03827857971, 4.04725646973, 3.52043151855, 3.26451873779, 3.57428240776, 3.56302595139, 2.78535819054, 2.54173469543, 1.83489608765, 0.968877911568, 0.351079404354, 0.0759901702404, 0.00874844379723, 0.000225545925787, 4.79131522297e-05],
        "min": [9.17161810826e-23, 4.35707744627e-22, 1.4509773842e-21, 4.70018362388e-21, 1.20522784033e-20, 3.08854118832e-20, 3.52201064804e-20, 7.21650396344e-20, 1.13641084007e-19, 1.79300703553e-19, 1.63575496045e-19, 2.31135407952e-19, 3.3006592487e-19, 7.25143592995e-19, 9.51994308771e-19, 1.25058076391e-18, 1.46521303976e-18, 1.68652552284e-18, 2.60561582761e-18, 3.29611787204e-18, 3.26968159325e-18, 5.35973745855e-18, 4.89844778225e-18, 5.00292110721e-18, 6.92141475038e-18, 9.11372378788e-18, 9.22768611523e-18, 9.81669909555e-18, 1.13746168515e-17, 1.07028204627e-17, 1.08365557154e-17, 1.15695527162e-17, 1.02283174032e-17, 8.42990598319e-18, 6.50616553339e-18, 4.08544794053e-18, 2.38450879552e-18, 9.41185229515e-19, 2.49103115025e-19, 2.37512068977e-20],
        "var": [0.414102226496, 5.58694934845, 22.9783267975, 204.416687012, 338.132873535, 179.717666626, 223.741638184, 357.759216309, 867.251647949, 1856.2286377, 3088.92260742, 3695.31787109, 11807.5195312, 2477.09692383, 3873.80126953, 5505.16064453, 2795.24291992, 5458.96289062, 5930.51611328, 3024.99536133, 2556.19580078, 2065.85498047, 1460.7265625, 957.833740234, 743.55847168, 611.154418945, 267.832061768, 206.975189209, 247.28717041, 315.613952637, 352.735015869, 803.387329102, 644.213684082, 249.718521118, 49.9217720032, 7.11134767532, 0.41455745697, 0.00654614996165, 3.29744943883e-06, 8.03340949318e-09]
    },
    "gfcc": {
        "mean": [8.40231132507, 51.2430839539, -105.800270081, 26.3168582916, -60.4442825317, 18.8875999451, -45.678276062, 21.2397441864, -26.2893791199, 7.41081953049, -16.786901474, 5.93880319595, -11.8330459595],
        "cov": [[20319.3164062, 66.3429870605, -1181.44555664, 441.772216797, -916.817871094, 492.944793701, -471.443878174, 503.206054688, -367.73626709, 257.907104492, -258.553466797, 179.300567627, -249.273101807], [66.3429870605, 1664.2388916, -98.1799621582, 89.2183227539, 402.535888672, 88.201210022, 303.35458374, 51.5159454346, 127.013275146, -20.6903190613, 114.375480652, -53.702205658, 66.1845092773], [-1181.44555664, -98.1799621582, 1004.61151123, 282.590301514, 234.65838623, 176.883224487, 78.2148361206, 69.3290939331, 72.7523574829, 36.162361145, 47.8354682922, 59.0434074402, 3.17223405838], [441.772216797, 89.2183227539, 282.590301514, 479.428924561, 232.513183594, 110.748733521, 68.8916320801, 90.4312133789, 102.814971924, 43.450592041, 29.9164066315, 29.3525485992, 30.6132106781], [-916.817871094, 402.535888672, 234.65838623, 232.513183594, 553.632446289, 168.715209961, 204.71723938, 73.0380706787, 135.21395874, 26.5729904175, 54.608745575, 6.57225608826, 31.6235122681], [492.944793701, 88.201210022, 176.883224487, 110.748733521, 168.715209961, 340.896911621, 157.231063843, 94.5465164185, 34.6079330444, 37.9725036621, 50.8855400085, 7.25281476974, 4.56255435944], [-471.443878174, 303.35458374, 78.2148361206, 68.8916320801, 204.71723938, 157.231063843, 313.369659424, 99.9226303101, 87.1460189819, 49.5309181213, 62.070110321, -0.620234370232, 21.816865921], [503.206054688, 51.5159454346, 69.3290939331, 90.4312133789, 73.0380706787, 94.5465164185, 99.9226303101, 181.849822998, 85.0597839355, 43.8264923096, 31.8876438141, 19.535615921, 11.8545265198], [-367.73626709, 127.013275146, 72.7523574829, 102.814971924, 135.21395874, 34.6079330444, 87.1460189819, 85.0597839355, 187.137283325, 64.3957748413, 38.7028694153, 5.91917562485, 23.1521892548], [257.907104492, -20.6903190613, 36.162361145, 43.450592041, 26.5729904175, 37.9725036621, 49.5309181213, 43.8264923096, 64.3957748413, 136.307754517, 41.6667022705, 18.0015583038, 7.68120336533], [-258.553466797, 114.375480652, 47.8354682922, 29.9164066315, 54.608745575, 50.8855400085, 62.070110321, 31.8876438141, 38.7028694153, 41.6667022705, 118.670211792, 33.9219512939, 18.4157657623], [179.300567627, -53.702205658, 59.0434074402, 29.3525485992, 6.57225608826, 7.25281476974, -0.620234370232, 19.535615921, 5.91917562485, 18.0015583038, 33.9219512939, 90.3108978271, 25.1269435883], [-249.273101807, 66.1845092773, 3.17223405838, 30.6132106781, 31.6235122681, 4.56255435944, 21.816865921, 11.8545265198, 23.1521892548, 7.68120336533, 18.4157657623, 25.1269435883, 99.9558334351]],
        "icov": [[0.000173599575646, -0.000248734402703, 0.000292089913273, -0.000381624675356, 0.000373568356736, -0.000540342414752, 0.000521192851011, -0.000662233971525, 0.00051013630582, -0.000621294253506, 0.000738024828024, -0.000737837865017, 0.00055558088934], [-0.000248734402703, 0.00131697347388, -0.00020947221492, 0.000521441979799, -0.00105730385985, 0.00101836584508, -0.00139436300378, 0.00106828799471, -0.00086443615146, 0.001472605858, -0.00193672103342, 0.00182163482532, -0.00119375088252], [0.000292089913273, -0.00020947221492, 0.00185817736201, -0.00120589055587, 0.000276022066828, -0.00132448214572, 0.000873593613505, -0.000950480811298, 0.000716931768693, -0.000872951757628, 0.00103773723822, -0.00183855823707, 0.00124466617126], [-0.000381624675356, 0.000521441979799, -0.00120589055587, 0.00405661249533, -0.00182419910561, 0.00090859568445, -0.000437610899098, 0.000591616379097, -0.00169207202271, 0.00100687006488, -0.00126537191682, 0.00133256288245, -0.00172740221024], [0.000373568356736, -0.00105730385985, 0.000276022066828, -0.00182419910561, 0.00446357531473, -0.0020054334309, -6.38544224785e-05, -0.000447942118626, -0.000536707695574, -0.000646825472359, 0.00190020515583, -0.00191829027608, 0.00123421789613], [-0.000540342414752, 0.00101836584508, -0.00132448214572, 0.00090859568445, -0.0020054334309, 0.00648836558685, -0.0032296278514, 0.000407530169468, 9.79582255241e-05, 0.00151622400153, -0.00335460621864, 0.00315365684219, -0.00157709873747], [0.000521192851011, -0.00139436300378, 0.000873593613505, -0.000437610899098, -6.38544224785e-05, -0.0032296278514, 0.00781696569175, -0.00377865461633, 0.00116416369565, -0.0028629170265, 0.00144968030509, -0.00157458998729, 0.00131800724193], [-0.000662233971525, 0.00106828799471, -0.000950480811298, 0.000591616379097, -0.000447942118626, 0.000407530169468, -0.00377865461633, 0.0114828646183, -0.00531382672489, 0.00234308093786, -0.00247057131492, 0.00115354591981, -0.0017079077661], [0.00051013630582, -0.00086443615146, 0.000716931768693, -0.00169207202271, -0.000536707695574, 9.79582255241e-05, 0.00116416369565, -0.00531382672489, 0.0112394858152, -0.00504084536806, 0.0013026886154, -0.000641380494926, 0.000586740672588], [-0.000621294253506, 0.001472605858, -0.000872951757628, 0.00100687006488, -0.000646825472359, 0.00151622400153, -0.0028629170265, 0.00234308093786, -0.00504084536806, 0.0124349780381, -0.00520107336342, 0.00201859464869, -0.00165990821552], [0.000738024828024, -0.00193672103342, 0.00103773723822, -0.00126537191682, 0.00190020515583, -0.00335460621864, 0.00144968030509, -0.00247057131492, 0.0013026886154, -0.00520107336342, 0.0155357085168, -0.00769832916558, 0.00217690272257], [-0.000737837865017, 0.00182163482532, -0.00183855823707, 0.00133256288245, -0.00191829027608, 0.00315365684219, -0.00157458998729, 0.00115354591981, -0.000641380494926, 0.00201859464869, -0.00769832916558, 0.0181846693158, -0.00588566949591], [0.00055558088934, -0.00119375088252, 0.00124466617126, -0.00172740221024, 0.00123421789613, -0.00157709873747, 0.00131800724193, -0.0017079077661, 0.000586740672588, -0.00165990821552, 0.00217690272257, -0.00588566949591, 0.013336434029]]
    },
    "melbands": {
        "dmean": [0.0016089574201, 0.000921295024455, 0.000970401510131, 0.000525130948517, 0.000234027596889, 0.000210505648283, 0.000220815214561, 0.000170885308762, 0.000167889127624, 0.000120019205497, 0.000103993494122, 6.62379461573e-05, 6.31419243291e-05, 5.77259124839e-05, 4.01720753871e-05, 3.64185798389e-05, 4.20603246312e-05, 3.52098795702e-05, 3.25809996866e-05, 2.72531833616e-05, 2.36099003814e-05, 1.98622456082e-05, 1.5782430637e-05, 1.44482564792e-05, 1.15381762953e-05, 8.8829692686e-06, 8.31398938317e-06, 6.07902120464e-06, 3.8474631765e-06, 3.09855431624e-06, 3.03395881929e-06, 2.84203633782e-06, 2.72058832707e-06, 3.33037678502e-06, 3.28578971676e-06, 3.38074482897e-06, 3.87294994653e-06, 3.76461025553e-06, 3.52417396243e-06, 2.83944177681e-06],
        "dmean2": [0.00234973034821, 0.00156206090469, 0.00177513516974, 0.000944445666391, 0.000382649392122, 0.000360414502211, 0.000379225675715, 0.000257996754954, 0.000264289818006, 0.000190864229808, 0.000162449476193, 0.000106438877992, 9.89443360595e-05, 9.00872109924e-05, 6.30281792837e-05, 5.70927149965e-05, 6.66497871862e-05, 5.63596659049e-05, 5.14475359523e-05, 4.45460646006e-05, 3.7577625335e-05, 3.14279386657e-05, 2.52388199442e-05, 2.31916455959e-05, 1.87374880625e-05, 1.46164875332e-05, 1.30398448164e-05, 9.34186209633e-06, 5.859148132e-06, 4.65727498522e-06, 4.57496071249e-06, 4.45516479886e-06, 4.05146147386e-06, 4.98213239553e-06, 4.82586938233e-06, 4.8482929742e-06, 5.71125974602e-06, 5.4781403378e-06, 5.24552297065e-06, 4.23092114943e-06],
        "dvar": [9.80979893939e-06, 4.49559365734e-06, 1.07280029624e-05, 1.91519234249e-06, 1.33631104404e-07, 2.06734469543e-07, 2.39941130076e-07, 1.20362969369e-07, 1.22602187957e-07, 7.35455714107e-08, 6.94248356581e-08, 1.70630638507e-08, 1.96691782861e-08, 2.01894341245e-08, 9.25851928457e-09, 8.78261996462e-09, 1.2928184745e-08, 8.73761241138e-09, 5.14470333002e-09, 4.28834345811e-09, 3.30639116086e-09, 1.72822800515e-09, 7.89275367286e-10, 6.55607457212e-10, 4.69035976725e-10, 2.72756123243e-10, 2.78984085833e-10, 1.55316287609e-10, 8.78803974036e-11, 3.87278265013e-11, 4.55204346439e-11, 4.46680678556e-11, 7.15482950664e-11, 5.90548651647e-11, 5.63731353265e-11, 8.32127700079e-11, 2.05684289045e-10, 1.59764021457e-10, 1.36978733911e-10, 1.05438643927e-10],
        "dvar2": [2.3036289349e-05, 1.13687656267e-05, 3.03886754409e-05, 5.47431500308e-06, 3.36730153094e-07, 5.70652389342e-07, 6.70081988119e-07, 2.2893867424e-07, 3.009631655e-07, 1.6843462447e-07, 1.58957661256e-07, 4.08923312989e-08, 4.3873075839e-08, 4.70445726819e-08, 2.11669082262e-08, 1.930369109e-08, 2.96127939947e-08, 1.99411829271e-08, 1.15389919841e-08, 1.08021414036e-08, 8.37638935991e-09, 4.19987689071e-09, 1.78327019817e-09, 1.59654256482e-09, 1.14636955484e-09, 6.85827283853e-10, 6.14141737465e-10, 3.62238128382e-10, 2.10745740303e-10, 8.23393575544e-11, 9.98247248751e-11, 9.78054373602e-11, 1.53322785024e-10, 1.22975518657e-10, 1.07984871045e-10, 1.55862073248e-10, 4.10578238075e-10, 2.95219904078e-10, 2.70461569807e-10, 2.28047747353e-10],
        "max": [0.0367088094354, 0.0266251936555, 0.0260366722941, 0.0142836924642, 0.00595846306533, 0.0052587762475, 0.00692397495732, 0.0155088221654, 0.00570622924715, 0.00633621867746, 0.00691256439313, 0.00399950705469, 0.00325576215982, 0.0034181966912, 0.00214678747579, 0.00250184955075, 0.00256943027489, 0.00291637168266, 0.00139584706631, 0.00177527614869, 0.00144863652531, 0.00130275380798, 0.000951870228164, 0.000646219530609, 0.000451756990515, 0.000256530591287, 0.000497307337355, 0.000421515607741, 0.000312590796966, 0.000122987490613, 0.000151163272676, 0.000266423041467, 0.000536752748303, 0.000317642494338, 0.000218804358155, 0.000291504227789, 0.000504592491779, 0.000438236922491, 0.000380573503207, 0.000357980286935],
        "mean": [0.00287896231748, 0.00140992377419, 0.000778834335506, 0.000529089360498, 0.000368989567505, 0.000252985453699, 0.000243206639425, 0.000260551838437, 0.000245533155976, 0.000188273639651, 0.00019354923279, 0.000103517646494, 9.53939961619e-05, 8.90761730261e-05, 6.28137568128e-05, 5.22083173564e-05, 5.74985642743e-05, 5.0696402468e-05, 4.51167434221e-05, 3.73566472263e-05, 3.35364529747e-05, 3.16237383231e-05, 2.51476849371e-05, 2.27457530855e-05, 1.74381184479e-05, 1.29606642076e-05, 1.30043636091e-05, 9.99569147098e-06, 6.47837259748e-06, 5.26537269252e-06, 4.82383939016e-06, 4.46360036221e-06, 4.26886117566e-06, 4.85544387629e-06, 5.01411113873e-06, 5.08609718963e-06, 5.78229537496e-06, 5.62298191653e-06, 5.20438288731e-06, 4.13060070059e-06],
        "median": [0.000724457320757, 0.000492803286761, 0.000181500363396, 0.000214947634959, 0.000190136066522, 0.000113380359835, 9.02080282685e-05, 0.000105719373096, 8.18097760202e-05, 5.14318271598e-05, 4.0881728637e-05, 3.48929315805e-05, 3.15602883347e-05, 2.49187487498e-05, 2.06294753298e-05, 1.3067465261e-05, 1.38767572935e-05, 1.28167703224e-05, 1.36974313136e-05, 1.38084833452e-05, 1.29706631924e-05, 1.37686884045e-05, 1.15561761049e-05, 1.1276436453e-05, 8.45862996357e-06, 5.80647110837e-06, 5.34490345672e-06, 4.15984686697e-06, 2.46993795372e-06, 1.89735783351e-06, 1.96788914764e-06, 1.75207173925e-06, 1.69123813976e-06, 2.05377136808e-06, 2.04730895348e-06, 1.73463638475e-06, 1.64251741808e-06, 1.69991210441e-06, 1.64835012129e-06, 1.44400087265e-06],
        "min": [1.21279741809e-24, 1.30272174344e-24, 9.37260827066e-25, 1.94765418764e-24, 1.67430855917e-24, 1.61617375058e-24, 1.56919984469e-24, 1.93928989546e-24, 1.30343092939e-24, 1.23963683267e-24, 1.16926245271e-24, 2.4073776713e-24, 2.77147444995e-24, 2.69520678599e-24, 2.23173680468e-24, 2.9433218817e-24, 2.53780398907e-24, 3.05732352377e-24, 2.97446591302e-24, 3.37410284761e-24, 3.60834681037e-24, 4.38475041861e-24, 3.83186857571e-24, 3.78050387002e-24, 3.77951858275e-24, 3.32249911706e-24, 3.85339343437e-24, 5.71667460947e-24, 4.22990688367e-24, 5.69473993757e-24, 4.71216437631e-24, 4.60022738044e-24, 5.41682108521e-24, 5.51522556668e-24, 4.77311847516e-24, 5.34951231734e-24, 6.42766153271e-24, 6.25993787134e-24, 5.78036211136e-24, 6.01463486755e-24],
        "var": [2.04169537028e-05, 5.56942723051e-06, 6.48523109703e-06, 1.25860310618e-06, 2.42081910073e-07, 1.80057853072e-07, 2.050864083e-07, 2.62020051878e-07, 2.01121423515e-07, 1.67865024991e-07, 2.92931446211e-07, 4.01822504159e-08, 3.73650763663e-08, 4.33699902658e-08, 1.97813196934e-08, 1.99938288148e-08, 2.48060416652e-08, 1.8096677934e-08, 8.84349127261e-09, 5.71107561242e-09, 4.24679758027e-09, 3.08229664014e-09, 1.63565117006e-09, 1.06629460817e-09, 6.9891570309e-10, 3.99460964307e-10, 4.80056883134e-10, 2.82105255822e-10, 1.35027225512e-10, 7.69201646822e-11, 7.27545870771e-11, 7.73331607085e-11, 1.0451625676e-10, 1.04899332276e-10, 1.11883231846e-10, 1.79319559201e-10, 4.02276323364e-10, 3.55168117139e-10, 2.78914696894e-10, 1.62618946087e-10]
    },
    "mfcc": {
        "mean": [-632.199523926, 88.2230682373, 7.91641950607, 11.6038713455, 9.35446643829, -3.80366110802, -0.463343203068, 4.53109884262, 0.0591637417674, 1.87080657482, -0.246501997113, 0.326166927814, 1.24303460121],
        "cov": [[8439.54589844, 283.982421875, -172.551544189, 20.1013031006, -92.6076278687, -32.8967666626, 90.8359222412, 137.667434692, 39.4791984558, 117.739227295, 77.8653793335, 16.2121105194, 33.5787620544], [283.982421875, 1333.57080078, -85.4849319458, 96.2860107422, 83.2234802246, 131.041091919, 177.866607666, 124.294906616, 81.1843948364, 88.3270950317, 89.5365142822, 28.9301109314, 50.4187507629], [-172.551544189, -85.4849319458, 651.914001465, 120.260368347, 165.53477478, 78.2840423584, 64.2239303589, 65.521736145, 18.9504985809, 14.8782129288, 13.7548694611, 52.8113594055, 19.2845077515], [20.1013031006, 96.2860107422, 120.260368347, 419.980834961, 184.958648682, 82.5721282959, 28.8755512238, 61.0527954102, 95.512260437, 42.0246315002, 31.7134361267, 75.5247421265, 57.2141113281], [-92.6076278687, 83.2234802246, 165.53477478, 184.958648682, 374.774383545, 148.326782227, 72.969291687, 106.248840332, 71.0043182373, 62.5393791199, 28.1950817108, 41.9453277588, 32.0850639343], [-32.8967666626, 131.041091919, 78.2840423584, 82.5721282959, 148.326782227, 260.638183594, 149.151855469, 85.1495895386, 69.0518417358, 71.3981628418, 58.4496803284, 24.4458961487, 25.5482578278], [90.8359222412, 177.866607666, 64.2239303589, 28.8755512238, 72.969291687, 149.151855469, 253.766677856, 118.882965088, 57.0019645691, 63.2436485291, 61.2533149719, 31.60978508, 22.6823749542], [137.667434692, 124.294906616, 65.521736145, 61.0527954102, 106.248840332, 85.1495895386, 118.882965088, 199.385848999, 70.7496643066, 65.0817565918, 47.8463134766, 35.4623069763, 28.4122447968], [39.4791984558, 81.1843948364, 18.9504985809, 95.512260437, 71.0043182373, 69.0518417358, 57.0019645691, 70.7496643066, 170.325027466, 79.0847625732, 39.6579322815, 41.2328300476, 23.1365642548], [117.739227295, 88.3270950317, 14.8782129288, 42.0246315002, 62.5393791199, 71.3981628418, 63.2436485291, 65.0817565918, 79.0847625732, 153.658935547, 70.4931564331, 37.07056427, 22.703414917], [77.8653793335, 89.5365142822, 13.7548694611, 31.7134361267, 28.1950817108, 58.4496803284, 61.2533149719, 47.8463134766, 39.6579322815, 70.4931564331, 118.352249146, 50.6204032898, 28.3765926361], [16.2121105194, 28.9301109314, 52.8113594055, 75.5247421265, 41.9453277588, 24.4458961487, 31.60978508, 35.4623069763, 41.2328300476, 37.07056427, 50.6204032898, 120.087753296, 58.0866966248], [33.5787620544, 50.4187507629, 19.2845077515, 57.2141113281, 32.0850639343, 25.5482578278, 22.6823749542, 28.4122447968, 23.1365642548, 22.703414917, 28.3765926361, 58.0866966248, 103.053131104]],
