{
"lowlevel": {
    "average_loudness": 0.890846669674,
    "barkbands_crest": {
        "dmean": 2.75172424316,
        "dmean2": 4.41044330597,
        "dvar": 6.4578795433,
        "dvar2": 16.3058929443,
        "max": 25.7655963898,
        "mean": 10.5869722366,
        "median": 9.79052448273,
        "min": 1.89614319801,
        "var": 21.2349014282
    },
    "barkbands_flatness_db": {
        "dmean": 0.0220645163208,
        "dmean2": 0.0326292179525,
        "dvar": 0.000447942205938,
        "dvar2": 0.000964617880527,
        "max": 0.362382054329,
        "mean": 0.112004823983,
        "median": 0.107688978314,
        "min": 0.0150285307318,
        "var": 0.00178176327609
    },
    "barkbands_kurtosis": {
        "dmean": 1.67520999908,
        "dmean2": 2.68954157829,
        "dvar": 15.2524309158,
        "dvar2": 35.666847229,
        "max": 137.298492432,
        "mean": 1.59609937668,
        "median": 0.197249412537,
        "min": -1.91406655312,
        "var": 31.3673610687
    },
    "barkbands_skewness": {
        "dmean": 0.462028563023,
        "dmean2": 0.728475511074,
        "dvar": 0.253989577293,
        "dvar2": 0.636332929134,
        "max": 10.4330377579,
        "mean": 1.03203856945,
        "median": 0.877401769161,
        "min": -2.14946842194,
        "var": 1.03590738773
    },
    "barkbands_spread": {
        "dmean": 6.43598031998,
        "dmean2": 9.65392303467,
        "dvar": 56.0034408569,
        "dvar2": 127.238525391,
        "max": 116.96937561,
        "mean": 29.4275455475,
        "median": 27.2289886475,
        "min": 0.957223534584,
        "var": 182.612854004
    },
    "dissonance": {
        "dmean": 0.0162721630186,
        "dmean2": 0.0272572916001,
        "dvar": 0.000267018098384,
        "dvar2": 0.000733125430997,
        "max": 0.49998497963,
        "mean": 0.469170361757,
        "median": 0.475333571434,
        "min": 0.285777330399,
        "var": 0.000593818258494
    },
    "dynamic_complexity": 3.80528044701,
    "erbbands_crest": {
        "dmean": 2.67895460129,
        "dmean2": 4.17464637756,
        "dvar": 6.36539840698,
        "dvar2": 14.1217308044,
        "max": 33.7194480896,
        "mean": 10.4835882187,
        "median": 9.20909976959,
        "min": 2.28651642799,
        "var": 29.2153491974
    },
    "erbbands_flatness_db": {
        "dmean": 0.0186090543866,
        "dmean2": 0.0251238569617,
        "dvar": 0.000298303901218,
        "dvar2": 0.000528361357283,
        "max": 0.38614115119,
        "mean": 0.148422464728,
        "median": 0.1446480304,
        "min": 0.0316308885813,
        "var": 0.00178938149475
    },
    "erbbands_kurtosis": {
        "dmean": 0.866207897663,
        "dmean2": 1.34050750732,
        "dvar": 1.97942376137,
        "dvar2": 4.07062101364,
        "max": 70.4948043823,
        "mean": 0.865574240685,
        "median": 0.238755226135,
        "min": -1.6474916935,
        "var": 6.4584403038
    },
    "erbbands_skewness": {
        "dmean": 0.310301333666,
        "dmean2": 0.466056793928,
        "dvar": 0.0836964994669,
        "dvar2": 0.180098995566,
        "max": 6.97142934799,
        "mean": 0.147125095129,
        "median": 0.146484494209,
        "min": -3.35469508171,
        "var": 0.619320333004
    },
    "erbbands_spread": {
        "dmean": 6.77641153336,
        "dmean2": 10.0378675461,
        "dvar": 53.2196502686,
        "dvar2": 111.032539368,
        "max": 121.590988159,
        "mean": 32.6789970398,
        "median": 30.7493190765,
        "min": 1.27383768559,
        "var": 228.456558228
    },
    "hfc": {
        "dmean": 9.28992366791,
        "dmean2": 12.8019075394,
        "dvar": 200.640335083,
        "dvar2": 399.984771729,
        "max": 180.204269409,
        "mean": 27.641462326,
        "median": 22.0532970428,
        "min": 1.06676269054e-16,
        "var": 525.239685059
    },
    "melbands_crest": {
        "dmean": 3.49807524681,
        "dmean2": 5.66328716278,
        "dvar": 10.2179288864,
        "dvar2": 26.1031208038,
        "max": 37.6783638,
        "mean": 15.5944080353,
        "median": 14.8501367569,
        "min": 1.64423322678,
        "var": 37.2492866516
    },
    "melbands_flatness_db": {
        "dmean": 0.0270616021007,
        "dmean2": 0.040628798306,
        "dvar": 0.000707477796823,
        "dvar2": 0.0015657535987,
        "max": 0.496760696173,
        "mean": 0.17587441206,
        "median": 0.1748239398,
        "min": 0.00254566199146,
        "var": 0.00318974838592
    },
    "melbands_kurtosis": {
        "dmean": 4.97220611572,
        "dmean2": 8.00717544556,
        "dvar": 120.818756104,
        "dvar2": 306.670959473,
        "max": 458.336090088,
        "mean": 8.21502399445,
        "median": 3.70755386353,
        "min": -1.64812731743,
        "var": 247.011123657
    },
    "melbands_skewness": {
        "dmean": 0.675220608711,
        "dmean2": 1.06516039371,
        "dvar": 0.565494000912,
        "dvar2": 1.42640733719,
        "max": 18.6611824036,
        "mean": 2.14413452148,
        "median": 1.84581255913,
        "min": -2.74709582329,
        "var": 2.37504720688
    },
    "melbands_spread": {
        "dmean": 8.06145763397,
        "dmean2": 12.6875925064,
        "dvar": 96.1372146606,
        "dvar2": 219.056396484,
        "max": 200.423156738,
        "mean": 31.7264156342,
        "median": 28.7536048889,
        "min": 0.77834635973,
        "var": 375.822509766
    },
    "pitch_salience": {
        "dmean": 0.0710924193263,
        "dmean2": 0.113055154681,
        "dvar": 0.00429313350469,
        "dvar2": 0.010530368425,
        "max": 0.973644137383,
        "mean": 0.490672945976,
        "median": 0.488488376141,
        "min": 0.0705215483904,
        "var": 0.014424723573
    },
    "silence_rate_20dB": {
        "dmean": 0,
        "dmean2": 0,
        "dvar": 0,
        "dvar2": 0,
        "max": 1,
        "mean": 1,
        "median": 1,
        "min": 1,
        "var": 0
    },
    "silence_rate_30dB": {
        "dmean": 0.000942507060245,
        "dmean2": 0.00188519177027,
        "dvar": 0.000941651931498,
        "dvar2": 0.00282421451993,
        "max": 1,
        "mean": 0.999528765678,
        "median": 1,
        "min": 0,
        "var": 0.000470975006465
    },
    "silence_rate_60dB": {
        "dmean": 0.00377002824098,
        "dmean2": 0.00754076708108,
        "dvar": 0.00375507143326,
        "dvar2": 0.00880369078368,
        "max": 1,
        "mean": 0.0720007568598,
        "median": 0,
        "min": 0,
        "var": 0.0668204948306
    },
    "spectral_centroid": {
        "dmean": 226.581954956,
        "dmean2": 341.881195068,
        "dvar": 73590.4609375,
        "dvar2": 149648.796875,
        "max": 11699.0458984,
        "mean": 1814.11230469,
        "median": 1656.10839844,
        "min": 159.886535645,
        "var": 1022712.75
    },
    "spectral_complexity": {
        "dmean": 3.99321389198,
        "dmean2": 5.84145545959,
        "dvar": 22.5799789429,
        "dvar2": 40.4954071045,
        "max": 63,
        "mean": 22.0211105347,
        "median": 22,
        "min": 0,
        "var": 121.218429565
    },
    "spectral_decrease": {
        "dmean": 2.34938690724e-09,
        "dmean2": 3.80893228069e-09,
        "dvar": 8.61142249681e-18,
        "dvar2": 2.30211147355e-17,
        "max": 1.42179100331e-25,
        "mean": -7.79910447335e-09,
        "median": -7.01644342627e-09,
        "min": -3.23520445988e-08,
        "var": 2.78448284037e-17
    },
    "spectral_energy": {
        "dmean": 0.00944678485394,
        "dmean2": 0.0151546522975,
        "dvar": 0.000133568712045,
        "dvar2": 0.00034808026976,
        "max": 0.128458172083,
        "mean": 0.0319427549839,
        "median": 0.0290933139622,
        "min": 1.00195854455e-20,
        "var": 0.000449261977337
    },
    "spectral_energyband_high": {
        "dmean": 0.000753197702579,
        "dmean2": 0.00103570509236,
        "dvar": 2.03825334211e-06,
        "dvar2": 4.11994233218e-06,
        "max": 0.0223130844533,
        "mean": 0.00116160395555,
        "median": 0.000446717662271,
        "min": 7.1851339465e-21,
        "var": 3.57324915967e-06
    },
    "spectral_energyband_low": {
        "dmean": 0.0069798505865,
        "dmean2": 0.0116446623579,
        "dvar": 0.000102666330349,
        "dvar2": 0.00029409272247,
        "max": 0.0921838730574,
        "mean": 0.0141466418281,
        "median": 0.00996227469295,
        "min": 1.81851071548e-23,
        "var": 0.000202488154173
    },
    "spectral_energyband_middle_high": {
        "dmean": 0.00261875614524,
        "dmean2": 0.00390889262781,
        "dvar": 1.46861812027e-05,
        "dvar2": 3.410064528e-05,
        "max": 0.061804253608,
        "mean": 0.00924330111593,
        "median": 0.00637822737917,
        "min": 1.13926640648e-21,
        "var": 7.78193571023e-05
    },
    "spectral_energyband_middle_low": {
        "dmean": 0.00267585460097,
        "dmean2": 0.00401952490211,
        "dvar": 1.29925711008e-05,
        "dvar2": 2.92836339213e-05,
        "max": 0.0612495802343,
        "mean": 0.00847933255136,
        "median": 0.00687136920169,
        "min": 1.82603212556e-22,
        "var": 4.91542996315e-05
    },
    "spectral_entropy": {
        "dmean": 0.156601831317,
        "dmean2": 0.2008536309,
        "dvar": 0.0248198602349,
        "dvar2": 0.0406247600913,
        "max": 9.82345867157,
        "mean": 7.76840019226,
        "median": 7.76595401764,
        "min": 5.65182685852,
        "var": 0.152374386787
    },
    "spectral_flux": {
        "dmean": 0.023487938568,
        "dmean2": 0.0369546860456,
        "dvar": 0.000639786827378,
        "dvar2": 0.00147079047747,
        "max": 0.315853685141,
        "mean": 0.0841561257839,
        "median": 0.0783853828907,
        "min": 6.43490191687e-11,
        "var": 0.00199187314138
    },
    "spectral_kurtosis": {
        "dmean": 1.18646502495,
        "dmean2": 1.88874697685,
        "dvar": 1.70759749413,
        "dvar2": 4.37026786804,
        "max": 25.5243167877,
        "mean": 3.85324406624,
        "median": 3.57475805283,
        "min": -1.27816402912,
        "var": 4.49924182892
    },
    "spectral_rms": {
        "dmean": 0.000781261886004,
        "dmean2": 0.00122870586347,
        "dvar": 7.28138275008e-07,
        "dvar2": 1.81345012606e-06,
        "max": 0.0111948670819,
        "mean": 0.00516724679619,
        "median": 0.00532763730735,
        "min": 3.12653245307e-12,
        "var": 4.46318426839e-06
    },
    "spectral_rolloff": {
        "dmean": 525.386474609,
        "dmean2": 841.847290039,
        "dvar": 744752.375,
        "dvar2": 1638959.625,
        "max": 19422.9492188,
        "mean": 1839.70556641,
        "median": 1399.65820312,
        "min": 21.533203125,
        "var": 4208576
    },
    "spectral_skewness": {
        "dmean": 0.165072008967,
        "dmean2": 0.256703972816,
        "dvar": 0.0246666446328,
        "dvar2": 0.0578689388931,
        "max": 3.69422125816,
        "mean": 1.42295539379,
        "median": 1.41554415226,
        "min": -0.0634954273701,
        "var": 0.112861484289
    },
    "spectral_spread": {
        "dmean": 632870.75,
        "dmean2": 822359.8125,
        "dvar": 573836689408,
        "dvar2": 1.03126145434e+12,
        "max": 42661004,
        "mean": 4916130.5,
        "median": 4377918,
        "min": 1689605,
        "var": 1.24844098191e+13
    },
    "spectral_strongpeak": {
        "dmean": 0.615890800953,
        "dmean2": 1.07642185688,
        "dvar": 1.38299357891,
        "dvar2": 3.54687285423,
        "max": 10.8662490845,
        "mean": 1.02025711536,
        "median": 0.347392439842,
        "min": 0,
        "var": 2.35019516945
    },
    "zerocrossingrate": {
        "dmean": 0.0122725646943,
        "dmean2": 0.0138253234327,
        "dvar": 0.000181836643605,
        "dvar2": 0.000240970926825,
        "max": 0.529296875,
        "mean": 0.0703411698341,
        "median": 0.0595703125,
        "min": 0.00244140625,
        "var": 0.00272715208121
    },
    "barkbands": {
        "dmean": [0.000365453714039, 0.00588450673968, 0.00161220540758, 0.000617852900177, 0.000771847553551, 0.000631902192254, 0.000452367268736, 0.000770313839894, 0.000573474681005, 0.00106432870962, 0.000581309956033, 0.000864005181938, 0.000409315747675, 0.000497373810504, 0.000323014042806, 0.000266149640083, 0.000430623244029, 0.000280681415461, 0.000232529680943, 0.000188166086446, 0.000158299706527, 0.000165762161487, 0.000137183771585, 0.000107103252958, 9.88210522337e-05, 6.87216015649e-05, 2.9346208521e-06],
        "dmean2": [0.000589499657508, 0.00971902627498, 0.00269471714273, 0.00104297639336, 0.00128081406001, 0.000994629692286, 0.000730801490135, 0.00117848510854, 0.000871612573974, 0.00150709203444, 0.00084503920516, 0.00135065836366, 0.000637944962364, 0.000782992341556, 0.000518339220434, 0.000438115501311, 0.000697499723174, 0.000452760141343, 0.000367363652913, 0.000289150484605, 0.000232898746617, 0.000244993629167, 0.000199196583708, 0.000148506151163, 0.000137971539516, 0.000101589495898, 4.75774822917e-06],
        "dvar": [3.24922723394e-07, 7.84178773756e-05, 1.23300314954e-05, 1.43539318742e-06, 1.53598284669e-06, 1.71416832018e-06, 9.01420776245e-07, 2.22960193241e-06, 2.07397033591e-06, 4.6893783292e-06, 2.43879753725e-06, 5.53860536456e-06, 8.26622795103e-07, 8.86377677034e-07, 4.27848533491e-07, 2.07588882972e-07, 4.9445230843e-07, 2.5251111424e-07, 1.4560687589e-07, 1.56220650638e-07, 1.36168907261e-07, 1.20274251003e-07, 7.14183840955e-08, 4.9263952917e-08, 4.30114184269e-08, 2.5982224372e-08, 6.87210219286e-11],
        "dvar2": [8.5561822516e-07, 0.00022560961952, 3.19891805702e-05, 3.83021142625e-06, 4.0915901991e-06, 4.07257903134e-06, 2.19691264647e-06, 5.03365072291e-06, 4.70851500722e-06, 8.87977148523e-06, 4.79183654534e-06, 1.41311593325e-05, 1.82378789759e-06, 2.19553180614e-06, 9.92412878986e-07, 5.31450268682e-07, 1.24298310311e-06, 6.23365565389e-07, 3.38022488222e-07, 3.38184605653e-07, 2.98817241173e-07, 2.73268511819e-07, 1.55891740405e-07, 1.03353620773e-07, 8.91588527452e-08, 6.15395734371e-08, 1.73757397359e-10],
        "max": [0.00568458205089, 0.0850997194648, 0.05344523862, 0.0157287791371, 0.0196592770517, 0.0474945120513, 0.0205155890435, 0.0470215119421, 0.0337998270988, 0.0502275489271, 0.0537649057806, 0.053355332464, 0.0194801166654, 0.0247567072511, 0.0198641885072, 0.00908993929625, 0.0143574150279, 0.0157299675047, 0.00732742343098, 0.0139325754717, 0.0140744838864, 0.00794905424118, 0.00649325177073, 0.00624930858612, 0.00306078442372, 0.00207149446942, 0.000107209052658],
        "mean": [0.000570473144762, 0.0108672259375, 0.00222414452583, 0.000803650764283, 0.00139807083178, 0.00128456670791, 0.00078038778156, 0.00173232029192, 0.00102655624505, 0.00253047025762, 0.00107361201663, 0.00182714150287, 0.000756574678235, 0.000837283791043, 0.000538510561455, 0.000450869294582, 0.000833803089336, 0.000541789981071, 0.000494811800309, 0.000343481457094, 0.000246450392297, 0.000241360015934, 0.00019855426217, 0.000153077678988, 0.000114763621241, 7.00923410477e-05, 2.69691031463e-06],
        "median": [0.000178200265509, 0.00691370666027, 0.00095133704599, 0.0003154304286, 0.000823756447062, 0.000641215825453, 0.000286847789539, 0.0005426343414, 0.000384523940738, 0.000810496567283, 0.000251808785833, 0.000279700645478, 0.000240456822212, 0.000280312786344, 0.000248365598964, 0.000238381951931, 0.000490700709634, 0.000337395438692, 0.000295671808999, 0.000178840797162, 0.000110601977212, 9.85456645139e-05, 7.20542739145e-05, 5.09276651428e-05, 2.41830730374e-05, 1.1455654203e-05, 4.84062354644e-07],
        "min": [4.5842787823e-25, 1.3765582367e-24, 8.5876364497e-25, 1.35772250626e-24, 4.80007740217e-24, 7.52139114539e-24, 8.01259116524e-24, 1.03059581226e-23, 2.13332995662e-23, 1.19268542904e-23, 2.39578823964e-23, 2.32196426955e-23, 3.61342281475e-23, 3.17791637481e-23, 2.93436409002e-23, 5.12460010576e-23, 7.00108436694e-23, 1.0736432261e-22, 1.05338098665e-22, 2.01148688727e-22, 2.26965001198e-22, 3.41847609998e-22, 3.95501637367e-22, 6.06595413485e-22, 7.86756148595e-22, 1.34562282674e-21, 1.76668895956e-21],
        "var": [6.94575135185e-07, 0.00015139504103, 1.32294308059e-05, 1.66406096014e-06, 2.91204923997e-06, 4.08308778788e-06, 2.07214543479e-06, 9.59228236752e-06, 4.39450923295e-06, 1.87741006812e-05, 7.33546403353e-06, 2.09903519135e-05, 2.23371648644e-06, 1.87814475794e-06, 8.35080129491e-07, 4.12067635125e-07, 1.11408132852e-06, 4.98705958307e-07, 4.04048705605e-07, 2.98595807635e-07, 2.10613450236e-07, 1.84251632618e-07, 1.24027678794e-07, 7.99404986651e-08, 5.79591912242e-08, 2.73851270549e-08, 5.6539845722e-11]
    },
    "erbbands": {
        "dmean": [0.19760774076, 1.30031275749, 1.99587500095, 1.96797966957, 1.88568460941, 2.94422721863, 5.02601289749, 4.63401985168, 6.65183782578, 7.30845069885, 19.3865318298, 13.7162599564, 30.7385635376, 29.4231567383, 18.209608078, 40.3678398132, 17.7963466644, 28.2303218842, 15.9804239273, 13.1685352325, 16.3653736115, 18.282377243, 16.1119174957, 11.1194381714, 12.340057373, 8.15371227264, 6.31156778336, 6.56420898438, 6.0837802887, 5.09362363815, 3.61273002625, 2.5040075779, 1.67035627365, 0.959309399128, 0.794717013836, 0.374826014042, 0.109355673194, 0.0183574203402, 0.000380146229872, 2.23708266276e-05],
        "dmean2": [0.323065876961, 2.15629529953, 3.32461047173, 3.25442099571, 3.18345308304, 4.88471889496, 8.14869308472, 7.32528448105, 10.5824947357, 11.5631942749, 29.5293197632, 20.4791679382, 42.0182189941, 43.3088951111, 27.5293827057, 63.7663116455, 27.7417411804, 44.3166160583, 25.363697052, 21.3081378937, 26.4572792053, 29.4886360168, 26.1076087952, 17.6894073486, 19.2336921692, 12.5245094299, 9.36467456818, 9.68101406097, 9.13106536865, 7.45707416534, 5.24557542801, 3.49848628044, 2.34991979599, 1.33701980114, 1.12074232101, 0.54195946455, 0.165301769972, 0.0286977309734, 0.000585847301409, 3.3291951695e-05],
        "dvar": [0.0965553075075, 4.08546161652, 15.1228656769, 17.5368423462, 11.2070951462, 24.344833374, 74.5669326782, 148.2759552, 236.059936523, 185.74571228, 1597.83850098, 1507.73547363, 5251.22412109, 4946.92285156, 2248.35693359, 13591.4423828, 1317.93737793, 2886.07983398, 1122.48132324, 550.775756836, 705.207824707, 945.700500488, 946.942138672, 335.946685791, 410.019165039, 348.581512451, 177.530685425, 286.705566406, 173.885772705, 102.580291748, 49.14453125, 24.0295276642, 13.1687421799, 3.90998697281, 3.29437732697, 0.711624026299, 0.0689166709781, 0.00216096406803, 8.92793138974e-07, 1.40176625862e-09],
        "dvar2": [0.265952974558, 11.6614398956, 39.6303710938, 45.7163391113, 30.3026294708, 63.4353370667, 189.104751587, 361.019622803, 552.716674805, 406.795562744, 3627.68676758, 3383.75146484, 9274.49414062, 10295.9785156, 5026.11669922, 35004.6835938, 2936.99755859, 7164.24414062, 2499.95898438, 1366.23632812, 1757.41748047, 2388.30224609, 2387.33032227, 789.657897949, 935.423034668, 753.089050293, 373.846313477, 638.594665527, 404.843475342, 224.669815063, 106.916641235, 50.2457695007, 28.8281936646, 8.16388511658, 6.93457078934, 1.58382463455, 0.167307108641, 0.00542095117271, 2.2001979687e-06, 3.22980153733e-09],
        "max": [3.64414668083, 18.7766571045, 56.580871582, 47.6239433289, 51.7221565247, 96.624961853, 174.16557312, 509.285675049, 435.472106934, 537.488708496, 1259.10852051, 1018.23413086, 2067.10229492, 1982.99560547, 1407.42077637, 2701.8581543, 856.744262695, 1421.83691406, 1161.59545898, 448.432250977, 614.915283203, 659.138549805, 904.749084473, 336.264007568, 387.014892578, 703.302185059, 288.253112793, 877.266052246, 297.907501221, 216.146697998, 167.988708496, 104.511032104, 108.286613464, 36.144985199, 34.862865448, 9.91372394562, 3.39714479446, 0.576408445835, 0.0110968751833, 0.000443191209342],
        "mean": [0.352127343416, 2.2253036499, 3.24819684029, 2.65336060524, 2.9188542366, 4.96551418304, 9.54865932465, 8.85728740692, 12.3161087036, 14.859913826, 42.8055496216, 28.3881111145, 74.2806549072, 64.7073516846, 39.5892753601, 87.7518844604, 37.029624939, 53.3055686951, 28.9087409973, 24.7252883911, 32.3209724426, 38.2758102417, 32.9500923157, 23.9899559021, 26.9857673645, 15.0745897293, 10.2994432449, 9.68003082275, 8.78430366516, 7.33429336548, 5.3135676384, 3.6544919014, 2.27758193016, 1.18241786957, 0.888060212135, 0.394302606583, 0.108449019492, 0.0170939899981, 0.000379822216928, 5.21044130437e-05],
        "median": [0.142453923821, 1.49663364887, 1.79599606991, 1.21944344044, 1.54066383839, 2.74260115623, 4.23383808136, 4.56158018112, 4.80989265442, 6.87391996384, 13.2730484009, 12.8779363632, 20.4732170105, 19.8297348022, 12.4351835251, 14.6943883896, 14.1505203247, 19.6275806427, 14.7780723572, 13.8364162445, 18.9475231171, 23.5837249756, 21.096578598, 15.6318473816, 15.5624895096, 8.1899766922, 4.70862531662, 4.10560655594, 3.58411717415, 2.81965470314, 1.93330657482, 1.33539664745, 0.654834091663, 0.293399035931, 0.155421197414, 0.0618987679482, 0.0193521641195, 0.00283280713484, 8.31222059787e-05, 4.1250466893e-05],
        "min": [1.30553778754e-22, 2.51649380312e-22, 2.30161147518e-21, 5.73345216631e-21, 1.99395521727e-20, 1.29657362155e-20, 3.74877413504e-20, 6.38518033924e-20, 1.5313497745e-19, 2.00555497133e-19, 2.91279374248e-19, 4.47523736545e-19, 5.24573180762e-19, 8.73247024649e-19, 1.031923117e-18, 9.96254365205e-19, 1.62134906724e-18, 1.97180481327e-18, 2.98506611526e-18, 2.49002891754e-18, 4.13328420895e-18, 5.86278900244e-18, 5.74230104723e-18, 5.05135170489e-18, 7.77994385379e-18, 9.34645767066e-18, 1.0696552088e-17, 1.14024845663e-17, 1.18233937667e-17, 1.20302534399e-17, 1.15939644704e-17, 1.24739010081e-17, 8.27579479044e-18, 8.5640978396e-18, 6.33567285579e-18, 4.45848819882e-18, 2.39790912144e-18, 8.36327472369e-19, 2.5201993481e-19, 2.61725034911e-20],
        "var": [0.22727330029, 6.53019332886, 19.5267715454, 17.8374404907, 15.8717164993, 45.6213493347, 233.858001709, 267.425476074, 565.732849121, 599.470092773, 6456.34667969, 3274.69482422, 21322.2109375, 17475.1074219, 7814.75537109, 49145.1679688, 3830.92675781, 7174.85498047, 2238.20849609, 1288.22509766, 1686.88269043, 2142.44238281, 1800.89685059, 755.921936035, 1262.54772949, 608.40423584, 294.360534668, 413.457885742, 248.11138916, 173.414001465, 89.5241928101, 41.7033615112, 19.649848938, 5.53392791748, 4.21658372879, 0.835625529289, 0.0673872977495, 0.00190001714509, 8.1924844153e-07, 2.1367287939e-09]
    },
    "gfcc": {
        "mean": [0.100306421518, 79.2805023193, -121.880409241, 36.3224258423, -50.3191452026, 23.7486248016, -28.6045207977, 20.3303031921, -19.0288066864, 4.80733346939, -14.0871982574, 6.24867630005, -12.1186742783],
        "cov": [[27574.8710938, 540.609313965, -1521.30273438, 425.290008545, -834.330627441, 432.846923828, -452.345794678, 376.994934082, -494.858184814, 155.132781982, -365.672515869, 183.034957886, -323.449615479], [540.609313965, 900.920288086, -348.24597168, -122.587890625, 29.3361282349, -67.82396698, 72.4130020142, -25.6120204926, 61.1405334473, -91.0016326904, 118.061721802, -45.8764152527, 37.9105262756], [-1521.30273438, -348.24597168, 619.53137207, 132.762512207, 107.110862732, 24.1109619141, 8.2656955719, 30.9577732086, 28.7629146576, 77.8681640625, -43.7558479309, 34.7734298706, 9.25333404541], [425.290008545, -122.587890625, 132.762512207, 326.717041016, 59.9192466736, 2.68315815926, -65.4539489746, 37.8195877075, 39.3076591492, 37.4083900452, -25.9463443756, 38.2466049194, 34.1711883545], [-834.330627441, 29.3361282349, 107.110862732, 59.9192466736, 225.829788208, 36.589099884, 69.8996200562, 39.3940696716, 47.0405693054, 19.2252559662, 28.5247707367, 26.6875228882, 22.0640716553], [432.846923828, -67.82396698, 24.1109619141, 2.68315815926, 36.589099884, 180.553146362, 99.4738845825, 40.425579071, -18.2599925995, 22.0075206757, 3.01927828789, 9.06897640228, -17.7572612762], [-452.345794678, 72.4130020142, 8.2656955719, -65.4539489746, 69.8996200562, 99.4738845825, 204.225570679, 53.6879959106, 7.20157194138, -2.68867874146, 49.712677002, 1.89174711704, 4.39813899994], [376.994934082, -25.6120204926, 30.9577732086, 37.8195877075, 39.3940696716, 40.425579071, 53.6879959106, 122.491325378, 34.8766822815, 22.1026744843, -8.24327754974, 21.5341358185, 9.31928634644], [-494.858184814, 61.1405334473, 28.7629146576, 39.3076591492, 47.0405693054, -18.2599925995, 7.20157194138, 34.8766822815, 125.663208008, 21.8392353058, 20.1925239563, 2.91255712509, 27.8767642975], [155.132781982, -91.0016326904, 77.8681640625, 37.4083900452, 19.2252559662, 22.0075206757, -2.68867874146, 22.1026744843, 21.8392353058, 98.5946807861, 10.5228281021, 16.1513996124, -16.1676883698], [-365.672515869, 118.061721802, -43.7558479309, -25.9463443756, 28.5247707367, 3.01927828789, 49.712677002, -8.24327754974, 20.1925239563, 10.5228281021, 107.213264465, 25.369386673, 14.8473768234], [183.034957886, -45.8764152527, 34.7734298706, 38.2466049194, 26.6875228882, 9.06897640228, 1.89174711704, 21.5341358185, 2.91255712509, 16.1513996124, 25.369386673, 84.1577606201, 28.8202056885], [-323.449615479, 37.9105262756, 9.25333404541, 34.1711883545, 22.0640716553, -17.7572612762, 4.39813899994, 9.31928634644, 27.8767642975, -16.1676883698, 14.8473768234, 28.8202056885, 86.8209075928]],
        "icov": [[0.000106789302663, -0.000246448733378, 0.000229458324611, -0.000219194727833, 0.00033968090429, -0.000367199419998, 0.000285873335088, -0.000434872315964, 0.000408822030295, -0.000373336893972, 0.000467515375931, -0.000521700596437, 0.000330479728291], [-0.000246448733378, 0.00263383216225, 0.000372246140614, 0.000640558078885, -0.00132530159317, 0.00153828586917, -0.00105728593189, 0.000981911201961, -0.00172396772541, 0.00203768420033, -0.00286078965291, 0.00248291320167, -0.0011623899918], [0.000229458324611, 0.000372246140614, 0.00310851237737, -0.000957899203058, -0.000309112161631, -0.000137169947266, -0.000343867170159, -0.000254951737588, 0.000461481366074, -0.00199946970679, 0.00200396613218, -0.0013375855051, 0.000414092646679], [-0.000219194727833, 0.000640558078885, -0.000957899203058, 0.00499354861677, -0.00178652629256, -0.000255178892985, 0.00202531390823, -0.000360414705938, -0.00135765923187, 0.000264517700998, -0.000717667106073, 0.000558751693461, -0.0021992418915], [0.00033968090429, -0.00132530159317, -0.000309112161631, -0.00178652629256, 0.00750933075324, -0.00147773860954, -0.00111842993647, -0.00138492323458, -0.00015584443463, -0.00111187703442, 0.00117755495012, -0.00290470360778, 0.0011807938572], [-0.000367199419998, 0.00153828586917, -0.000137169947266, -0.000255178892985, -0.00147773860954, 0.010631294921, -0.00640765530989, 0.00119507918134, 1.99968999368e-05, -0.000390422443161, -0.00015772144252, 0.00093567330623, 0.000458866008557], [0.000285873335088, -0.00105728593189, -0.000343867170159, 0.00202531390823, -0.00111842993647, -0.00640765530989, 0.0125616723672, -0.00593246286735, 0.00204565539025, 0.00106494559441, -0.00407234905288, 0.00142637290992, -0.000495246378705], [-0.000434872315964, 0.000981911201961, -0.000254951737588, -0.000360414705938, -0.00138492323458, 0.00119507918134, -0.00593246286735, 0.0147334532812, -0.00524221081287, -0.000526900985278, 0.0030770089943, -0.00192419206724, -0.000866807240527], [0.000408822030295, -0.00172396772541, 0.000461481366074, -0.00135765923187, -0.00015584443463, 1.99968999368e-05, 0.00204565539025, -0.00524221081287, 0.0133586339653, -0.00429762573913, -0.000215369203943, 0.00110578094609, -0.00215600896627], [-0.000373336893972, 0.00203768420033, -0.00199946970679, 0.000264517700998, -0.00111187703442, -0.000390422443161, 0.00106494559441, -0.000526900985278, -0.00429762573913, 0.0165297985077, -0.00594649510458, 0.00079163222108, 0.00324589037336], [0.000467515375931, -0.00286078965291, 0.00200396613218, -0.000717667106073, 0.00117755495012, -0.00015772144252, -0.00407234905288, 0.0030770089943, -0.000215369203943, -0.00594649510458, 0.0191503446549, -0.00921714026481, 0.00135076849256], [-0.000521700596437, 0.00248291320167, -0.0013375855051, 0.000558751693461, -0.00290470360778, 0.00093567330623, 0.00142637290992, -0.00192419206724, 0.00110578094609, 0.00079163222108, -0.00921714026481, 0.0211758147925, -0.00770197995007], [0.000330479728291, -0.0011623899918, 0.000414092646679, -0.0021992418915, 0.0011807938572, 0.000458866008557, -0.000495246378705, -0.000866807240527, -0.00215600896627, 0.00324589037336, 0.00135076849256, -0.00770197995007, 0.0176124516875]]
    },
    "melbands": {
        "dmean": [0.00167373777367, 0.00122148741502, 0.000323982996633, 0.000166106634424, 0.000157428949024, 0.000109325090307, 0.00010130219016, 8.90369919944e-05, 0.000154360284796, 8.94609111128e-05, 0.000153018918354, 0.00011824977264, 6.05021632509e-05, 0.000104987084342, 6.24742679065e-05, 4.2379819206e-05, 5.92656069784e-05, 2.46481631621e-05, 2.30865171034e-05, 2.09302925214e-05, 2.28796197916e-05, 2.27924301726e-05, 1.9398459699e-05, 1.24767129819e-05, 9.61315527093e-06, 9.64800528891e-06, 8.44440819492e-06, 5.37543746759e-06, 4.02102159569e-06, 4.05449009122e-06, 3.948741778e-06, 3.6909220853e-06, 3.1104482332e-06, 2.87805733024e-06, 2.29974671129e-06, 1.72665011178e-06, 1.47462856148e-06, 1.30145679123e-06, 8.66944674272e-07, 8.08274933206e-07],
        "dmean2": [0.00276131555438, 0.00203773472458, 0.000535081664566, 0.000276870909147, 0.000256306375377, 0.000170851766597, 0.000160548763233, 0.00013870112889, 0.000235660074395, 0.000132859742735, 0.000208823228604, 0.000174684333615, 8.89033690328e-05, 0.000164725352079, 9.67746600509e-05, 6.56204574625e-05, 9.33117480599e-05, 3.90608038288e-05, 3.72605900338e-05, 3.46398555848e-05, 3.71989735868e-05, 3.68275141227e-05, 3.16972727887e-05, 2.01360417122e-05, 1.55066700245e-05, 1.53465480253e-05, 1.3055184354e-05, 8.44041460368e-06, 6.06650291957e-06, 6.15716226093e-06, 5.95562505623e-06, 5.68650739297e-06, 4.70482291348e-06, 4.29552801506e-06, 3.43503256772e-06, 2.47321781899e-06, 2.08883807318e-06, 1.87633963833e-06, 1.22668768654e-06, 1.14869033041e-06],
        "dvar": [6.55248641124e-06, 4.12945337303e-06, 4.29887791142e-07, 7.92158303398e-08, 6.60396608509e-08, 7.19813542105e-08, 4.95248180243e-08, 2.63376271903e-08, 1.02127586388e-07, 6.319719148e-08, 1.27970935182e-07, 8.06814384191e-08, 2.53388048321e-08, 8.28950135201e-08, 2.16558646571e-08, 9.49215639423e-09, 1.32110722362e-08, 2.59598187391e-09, 2.16863593749e-09, 1.36307531928e-09, 1.4869168119e-09, 1.48907752795e-09, 1.35696898163e-09, 5.45803291452e-10, 2.60932220275e-10, 2.65256316911e-10, 2.37611458287e-10, 1.77584516536e-10, 6.76864120308e-11, 9.81272008094e-11, 1.09576001051e-10, 7.0283057152e-11, 4.04435963886e-11, 3.53491090566e-11, 2.15349283544e-11, 1.14777206836e-11, 8.70617813953e-12, 8.37335062398e-12, 3.31027002684e-12, 3.05187168939e-12],
        "dvar2": [1.87560708582e-05, 1.13577498269e-05, 1.11858446417e-06, 2.10770764397e-07, 1.70656321075e-07, 1.71898463464e-07, 1.16771929015e-07, 5.66937181645e-08, 2.3613989697e-07, 1.42498578271e-07, 2.25221540973e-07, 1.6825721616e-07, 5.19266762922e-08, 2.07758390047e-07, 5.14271185637e-08, 2.08427870518e-08, 3.29706679736e-08, 5.80006798145e-09, 5.35851185646e-09, 3.57362894832e-09, 3.70929442717e-09, 3.80936748812e-09, 3.49944540012e-09, 1.33695832183e-09, 6.29673979624e-10, 6.29779450811e-10, 5.15135323287e-10, 4.02184285875e-10, 1.43207196102e-10, 2.31134264506e-10, 2.4588839298e-10, 1.67819494412e-10, 9.09530575854e-11, 7.94011731364e-11, 4.91194272756e-11, 2.48651221141e-11, 1.86584497852e-11, 1.90250037946e-11, 7.14276944883e-12, 6.50555087231e-12],
        "max": [0.0280856788158, 0.0242271255702, 0.00759992655367, 0.00421542767435, 0.00540553918108, 0.0109265763313, 0.00573352631181, 0.00647617643699, 0.00930128805339, 0.00661176675931, 0.010129862465, 0.00730005092919, 0.00423183990642, 0.00663704052567, 0.00407556723803, 0.00227706832811, 0.00320521509275, 0.00168069673236, 0.000913436699193, 0.000896560610272, 0.000921908591408, 0.000815274892375, 0.00134372327011, 0.00080760801211, 0.000252853526035, 0.000391189620132, 0.00045479554683, 0.000518656452186, 0.00017397548072, 0.000294006982585, 0.000549526477698, 0.000211645456147, 0.000158926006407, 0.000141702461406, 0.000110260669317, 8.41003566165e-05, 6.89249573043e-05, 8.44800597406e-05, 4.90834354423e-05, 2.4947028578e-05],
        "mean": [0.00305712781847, 0.00220163282938, 0.000462078489363, 0.000276103732176, 0.000304863759084, 0.000213728329982, 0.000187871613889, 0.000187858444406, 0.000327658141032, 0.000178297268576, 0.000362436054274, 0.000252631609328, 0.000115730246762, 0.000222869944992, 0.000124943384435, 7.84787334851e-05, 0.000104459839349, 4.12081899412e-05, 3.75854906451e-05, 3.50367408828e-05, 4.07761908718e-05, 4.28493258369e-05, 3.62565442629e-05, 2.3728238375e-05, 1.83896663657e-05, 1.96345881704e-05, 1.67331909324e-05, 8.4441708168e-06, 6.33588433629e-06, 5.96524250795e-06, 5.47022636965e-06, 5.0450330491e-06, 4.50212246506e-06, 3.94704602513e-06, 3.25047699334e-06, 2.49578079092e-06, 2.07673724617e-06, 1.72152090272e-06, 1.14603324164e-06, 9.37162155878e-07],
        "median": [0.00169672316406, 0.00153227359988, 0.000239272019826, 0.00015238452761, 0.000150787673192, 0.000109729888209, 7.25409627194e-05, 8.27208568808e-05, 0.000100831886812, 6.67744243401e-05, 9.34896088438e-05, 6.37689663563e-05, 3.1226703868e-05, 3.70944726455e-05, 3.05102512357e-05, 2.55513641605e-05, 3.36374396284e-05, 1.94583226403e-05, 1.69767445186e-05, 1.82228613994e-05, 2.14004685404e-05, 2.47080170084e-05, 2.09368499782e-05, 1.47353157445e-05, 1.10638802653e-05, 1.07131209006e-05, 9.001860235e-06, 3.97510439143e-06, 2.79094433608e-06, 2.64118057203e-06, 2.22648282033e-06, 1.98346242541e-06, 1.81546795375e-06, 1.4104099364e-06, 1.15440263926e-06, 9.16312046684e-07, 7.25623522158e-07, 4.78743231724e-07, 3.20574599755e-07, 2.14631256767e-07],
        "min": [1.18080309332e-24, 1.31010636898e-24, 1.04821766326e-24, 1.50730315566e-24, 1.89905858094e-24, 1.53111531652e-24, 2.66521942197e-24, 1.94213669725e-24, 2.14561567636e-24, 2.69398405159e-24, 2.07682246948e-24, 3.09155357895e-24, 2.89277364704e-24, 2.77124331371e-24, 2.69494251759e-24, 3.36494338364e-24, 3.31598707029e-24, 4.17194177879e-24, 2.48387528822e-24, 2.6626228863e-24, 4.26278818393e-24, 3.56112599102e-24, 4.64028889265e-24, 4.97097465095e-24, 2.58874586531e-24, 4.07790364243e-24, 4.51369959433e-24, 5.67501525949e-24, 6.13003220178e-24, 4.50405853077e-24, 5.70027734669e-24, 5.24687599154e-24, 5.8878704421e-24, 5.80460735685e-24, 5.58821610523e-24, 5.62450252358e-24, 6.93784864569e-24, 4.87847321564e-24, 6.03649104779e-24, 5.68058619521e-24],
        "var": [1.36568742164e-05, 6.14819373368e-06, 4.57358538597e-07, 1.35325919359e-07, 1.98553323116e-07, 1.46437841408e-07, 1.22780846823e-07, 9.45057507806e-08, 3.76732884888e-07, 1.45075802038e-07, 5.20310720731e-07, 2.9247337352e-07, 8.11245541854e-08, 2.94866481454e-07, 6.95133408612e-08, 2.51929659356e-08, 3.014764971e-08, 4.93170126958e-09, 3.85743215148e-09, 2.68733080233e-09, 3.26096927239e-09, 3.11257086771e-09, 2.43292830326e-09, 1.0423738539e-09, 5.21095167016e-10, 7.76942787883e-10, 5.98419092057e-10, 2.61676874613e-10, 1.11972126016e-10, 1.34451019762e-10, 1.48888693041e-10, 9.02976166062e-11, 6.620327897e-11, 5.41514472152e-11, 3.56391270662e-11, 1.99912794652e-11, 1.42494627209e-11, 1.18290533618e-11, 4.8248210982e-12, 4.00094237255e-12]
    },
    "mfcc": {
        "mean": [-631.011901855, 105.589927673, -7.23884248734, 21.6640949249, 5.68286752701, 7.61944103241, 3.8367857933, 15.1835432053, 3.28572130203, 6.66639709473, 3.93426370621, 3.749376297, 0.466046720743],
        "cov": [[12824.2460938, 910.642028809, -294.08114624, 139.165267944, -91.4533309937, 81.0663223267, 87.165184021, 187.624084473, -73.7789382935, 46.548160553, 29.3795013428, -20.6670513153, 6.19859647751], [910.642028809, 1002.83233643, -257.749176025, -41.946472168, -51.1374473572, -38.9739875793, 36.574432373, 72.5882034302, -54.2843780518, 30.1550655365, 34.6591758728, 8.39228343964, -17.7898464203], [-294.08114624, -257.749176025, 384.270751953, 90.9679870605, 56.5258712769, 34.9468650818, -7.58745145798, -30.71733284, 55.1850547791, -0.544436395168, -1.41210246086, 19.0942955017, 7.53382253647], [139.165267944, -41.946472168, 90.9679870605, 268.673309326, 130.248519897, -1.58371520042, -42.8320350647, 3.23490548134, 49.6451339722, -7.62469863892, -14.0457267761, 20.0329647064, 38.1665992737], [-91.4533309937, -51.1374473572, 56.5258712769, 130.248519897, 173.574798584, 29.2461910248, -28.126663208, 9.66915416718, 45.1823234558, 1.30322086811, 3.97713899612, 19.4018669128, 16.0268192291], [81.0663223267, -38.9739875793, 34.9468650818, -1.58371520042, 29.2461910248, 123.831771851, 63.4219474792, 22.1342525482, 12.7262735367, 11.1112709045, 21.4981040955, 21.0628356934, 9.2963514328], [87.165184021, 36.574432373, -7.58745145798, -42.8320350647, -28.126663208, 63.4219474792, 181.875915527, 62.6394615173, 15.4165811539, 13.6167163849, 23.8270263672, 18.3119468689, 16.1893253326], [187.624084473, 72.5882034302, -30.71733284, 3.23490548134, 9.66915416718, 22.1342525482, 62.6394615173, 123.153251648, 39.7479820251, 13.5722265244, 12.7927484512, 16.2041320801, 8.13972473145], [-73.7789382935, -54.2843780518, 55.1850547791, 49.6451339722, 45.1823234558, 12.7262735367, 15.4165811539, 39.7479820251, 119.022407532, 33.0594711304, 1.66229808331, 15.9245386124, 9.0092830658], [46.548160553, 30.1550655365, -0.544436395168, -7.62469863892, 1.30322086811, 11.1112709045, 13.6167163849, 13.5722265244, 33.0594711304, 85.2696838379, 32.2113418579, -2.45928692818, -5.26533508301], [29.3795013428, 34.6591758728, -1.41210246086, -14.0457267761, 3.97713899612, 21.4981040955, 23.8270263672, 12.7927484512, 1.66229808331, 32.2113418579, 76.3952941895, 37.2980957031, 6.71641206741], [-20.6670513153, 8.39228343964, 19.0942955017, 20.0329647064, 19.4018669128, 21.0628356934, 18.3119468689, 16.2041320801, 15.9245386124, -2.45928692818, 37.2980957031, 92.4135513306, 47.5783996582], [6.19859647751, -17.7898464203, 7.53382253647, 38.1665992737, 16.0268192291, 9.2963514328, 16.1893253326, 8.13972473145, 9.0092830658, -5.26533508301, 6.71641206741, 47.5783996582, 89.523727417]],
