{
"lowlevel": {
    "average_loudness": 0.747346043587,
    "barkbands_crest": {
        "dmean": 2.57558727264,
        "dmean2": 4.16398143768,
        "dvar": 6.50341367722,
        "dvar2": 16.4006233215,
        "max": 25.3210296631,
        "mean": 9.68870639801,
        "median": 8.87776851654,
        "min": 2.34873390198,
        "var": 16.468378067
    },
    "barkbands_flatness_db": {
        "dmean": 0.0184420384467,
        "dmean2": 0.0278221853077,
        "dvar": 0.000347616558429,
        "dvar2": 0.000788308097981,
        "max": 0.306600153446,
        "mean": 0.108841739595,
        "median": 0.10481493175,
        "min": 0.016256744042,
        "var": 0.00158722500782
    },
    "barkbands_kurtosis": {
        "dmean": 1.77959561348,
        "dmean2": 2.82348299026,
        "dvar": 11.374250412,
        "dvar2": 27.5946407318,
        "max": 114.759002686,
        "mean": 2.46517467499,
        "median": 1.26093482971,
        "min": -1.96501863003,
        "var": 19.8880062103
    },
    "barkbands_skewness": {
        "dmean": 0.424132615328,
        "dmean2": 0.648124992847,
        "dvar": 0.243181541562,
        "dvar2": 0.533793568611,
        "max": 9.712849617,
        "mean": 1.16976642609,
        "median": 1.089605093,
        "min": -4.56020069122,
        "var": 1.01790332794
    },
    "barkbands_spread": {
        "dmean": 6.25033473969,
        "dmean2": 9.36414241791,
        "dvar": 62.7170677185,
        "dvar2": 131.424301147,
        "max": 126.022544861,
        "mean": 27.1494464874,
        "median": 23.6420955658,
        "min": 1.67110025883,
        "var": 256.417175293
    },
    "dissonance": {
        "dmean": 0.0204137079418,
        "dmean2": 0.033961519599,
        "dvar": 0.000399127689889,
        "dvar2": 0.00106161355507,
        "max": 0.5,
        "mean": 0.45686981082,
        "median": 0.464522838593,
        "min": 0.247803732753,
        "var": 0.000955250754487
    },
    "dynamic_complexity": 4.66740942001,
    "erbbands_crest": {
        "dmean": 2.58868741989,
        "dmean2": 4.06893777847,
        "dvar": 6.14384031296,
        "dvar2": 14.4437065125,
        "max": 31.1792469025,
        "mean": 9.94975566864,
        "median": 8.68600940704,
        "min": 2.31657361984,
        "var": 24.3722934723
    },
    "erbbands_flatness_db": {
        "dmean": 0.0155614474788,
        "dmean2": 0.0218945555389,
        "dvar": 0.000223383598495,
        "dvar2": 0.000430380663602,
        "max": 0.319974690676,
        "mean": 0.14425110817,
        "median": 0.140577569604,
        "min": 0.03893917799,
        "var": 0.00161961116828
    },
    "erbbands_kurtosis": {
        "dmean": 0.953442633152,
        "dmean2": 1.44421219826,
        "dvar": 1.57345747948,
        "dvar2": 3.32434916496,
        "max": 30.2796516418,
        "mean": 1.29847514629,
        "median": 0.405329227448,
        "min": -1.85554885864,
        "var": 7.51422548294
    },
    "erbbands_skewness": {
        "dmean": 0.317254126072,
        "dmean2": 0.470796972513,
        "dvar": 0.0991551801562,
        "dvar2": 0.197832733393,
        "max": 4.47892904282,
        "mean": 0.579859673977,
        "median": 0.578018307686,
        "min": -4.93076753616,
        "var": 0.654161274433
    },
    "erbbands_spread": {
        "dmean": 7.54402780533,
        "dmean2": 11.3609781265,
        "dvar": 79.6880950928,
        "dvar2": 175.708297729,
        "max": 137.40687561,
        "mean": 36.4939460754,
        "median": 33.1371269226,
        "min": 2.82263326645,
        "var": 351.752227783
    },
    "hfc": {
        "dmean": 6.09502363205,
        "dmean2": 8.25295543671,
        "dvar": 93.460647583,
        "dvar2": 164.61088562,
        "max": 173.206726074,
        "mean": 24.2607021332,
        "median": 14.4905109406,
        "min": 1.08542957617e-16,
        "var": 675.352722168
    },
    "melbands_crest": {
        "dmean": 3.34691309929,
        "dmean2": 5.42457389832,
        "dvar": 9.94191074371,
        "dvar2": 25.1821861267,
        "max": 33.1939506531,
        "mean": 13.4129829407,
        "median": 12.4238109589,
        "min": 1.62174916267,
        "var": 28.7550849915
    },
    "melbands_flatness_db": {
        "dmean": 0.0237383116037,
        "dmean2": 0.0357592441142,
        "dvar": 0.000624002423137,
        "dvar2": 0.00138507515658,
        "max": 0.422161072493,
        "mean": 0.177321121097,
        "median": 0.173077106476,
        "min": 0.00364474439994,
        "var": 0.00338899018243
    },
    "melbands_kurtosis": {
        "dmean": 4.71724367142,
        "dmean2": 7.45827436447,
        "dvar": 105.25881958,
        "dvar2": 254.810821533,
        "max": 239.46875,
        "mean": 8.9368686676,
        "median": 5.12809562683,
        "min": -1.92968511581,
        "var": 173.543365479
    },
    "melbands_skewness": {
        "dmean": 0.594633340836,
        "dmean2": 0.911884844303,
        "dvar": 0.531224429607,
        "dvar2": 1.1936300993,
        "max": 13.8985548019,
        "mean": 2.09212374687,
        "median": 1.87086462975,
        "min": -1.38029241562,
        "var": 2.03585386276
    },
    "melbands_spread": {
        "dmean": 7.4153008461,
        "dmean2": 11.2994384766,
        "dvar": 155.766143799,
        "dvar2": 288.385681152,
        "max": 323.130584717,
        "mean": 30.080121994,
        "median": 24.6305332184,
        "min": 1.1372872591,
        "var": 707.316711426
    },
    "pitch_salience": {
        "dmean": 0.0688562244177,
        "dmean2": 0.110200464725,
        "dvar": 0.00429997732863,
        "dvar2": 0.0106472345069,
        "max": 0.995921015739,
        "mean": 0.550922513008,
        "median": 0.55468839407,
        "min": 0.0751243084669,
        "var": 0.012964528054
    },
    "silence_rate_20dB": {
        "dmean": 0,
        "dmean2": 0,
        "dvar": 0,
        "dvar2": 0,
        "max": 1,
        "mean": 1,
        "median": 1,
        "min": 1,
        "var": 0
    },
    "silence_rate_30dB": {
        "dmean": 0.00146950769704,
        "dmean2": 0.00293923146091,
        "dvar": 0.00146734225564,
        "dvar2": 0.00395918590948,
        "max": 1,
        "mean": 0.998897969723,
        "median": 1,
        "min": 0,
        "var": 0.00110086216591
    },
    "silence_rate_60dB": {
        "dmean": 0.0224834680557,
        "dmean2": 0.0449702404439,
        "dvar": 0.0219814777374,
        "dvar2": 0.0464678779244,
        "max": 1,
        "mean": 0.133421495557,
        "median": 0,
        "min": 0,
        "var": 0.115638360381
    },
    "spectral_centroid": {
        "dmean": 224.874008179,
        "dmean2": 332.456390381,
        "dvar": 96910.625,
        "dvar2": 181014.796875,
        "max": 11756.5195312,
        "mean": 1498.35827637,
        "median": 1327.07775879,
        "min": 345.551055908,
        "var": 962609
    },
    "spectral_complexity": {
        "dmean": 2.835709095,
        "dmean2": 4.29142475128,
        "dvar": 10.7383565903,
        "dvar2": 20.8094005585,
        "max": 60,
        "mean": 15.9825878143,
        "median": 15,
        "min": 0,
        "var": 82.7924957275
    },
    "spectral_decrease": {
        "dmean": 1.48210577144e-09,
        "dmean2": 2.22206208988e-09,
        "dvar": 3.74392698589e-18,
        "dvar2": 8.33711699798e-18,
        "max": 7.15581722469e-24,
        "mean": -5.34102229111e-09,
        "median": -4.24626689366e-09,
        "min": -3.27611715534e-08,
        "var": 2.06526451788e-17
    },
    "spectral_energy": {
        "dmean": 0.00594168482348,
        "dmean2": 0.00885405298322,
        "dvar": 5.97250837018e-05,
        "dvar2": 0.000129980195197,
        "max": 0.134529516101,
        "mean": 0.0223587825894,
        "median": 0.0178722068667,
        "min": 1.02728271131e-20,
        "var": 0.000356958451448
    },
    "spectral_energyband_high": {
        "dmean": 0.000437764247181,
        "dmean2": 0.000602714135312,
        "dvar": 8.08445292932e-07,
        "dvar2": 1.40740621646e-06,
        "max": 0.0196483824402,
        "mean": 0.00127063167747,
        "median": 0.000584277673624,
        "min": 7.00825623591e-21,
        "var": 4.01047373089e-06
    },
    "spectral_energyband_low": {
        "dmean": 0.00338301481679,
        "dmean2": 0.00550788315013,
        "dvar": 3.07952541334e-05,
        "dvar2": 7.7536853496e-05,
        "max": 0.0701308473945,
        "mean": 0.00637261522934,
        "median": 0.00440564285964,
        "min": 1.68958323344e-23,
        "var": 5.5777032685e-05
    },
    "spectral_energyband_middle_high": {
        "dmean": 0.00210753362626,
        "dmean2": 0.00301014981233,
        "dvar": 1.60655436048e-05,
        "dvar2": 3.31262890541e-05,
        "max": 0.0890112444758,
        "mean": 0.00698928860947,
        "median": 0.0028828389477,
        "min": 1.12630495481e-21,
        "var": 9.83437421382e-05
    },
    "spectral_energyband_middle_low": {
        "dmean": 0.00271995179355,
        "dmean2": 0.00406133802608,
        "dvar": 1.946213888e-05,
        "dvar2": 4.25629114034e-05,
        "max": 0.11139626056,
        "mean": 0.00831072963774,
        "median": 0.00585128460079,
        "min": 1.9372892811e-22,
        "var": 7.6468953921e-05
    },
    "spectral_entropy": {
        "dmean": 0.145993947983,
        "dmean2": 0.199812486768,
        "dvar": 0.0250304751098,
        "dvar2": 0.0445640645921,
        "max": 9.83312988281,
        "mean": 7.71159315109,
        "median": 7.70427179337,
        "min": 5.65051031113,
        "var": 0.188544854522
    },
    "spectral_flux": {
        "dmean": 0.0180522277951,
        "dmean2": 0.0281297825277,
        "dvar": 0.00040218027425,
        "dvar2": 0.00090935692424,
        "max": 0.250233978033,
        "mean": 0.069184422493,
        "median": 0.0647056698799,
        "min": 6.41001557389e-11,
        "var": 0.00171568361111
    },
    "spectral_kurtosis": {
        "dmean": 1.16910886765,
        "dmean2": 1.84087789059,
        "dvar": 2.770642519,
        "dvar2": 6.72921705246,
        "max": 38.0266799927,
        "mean": 3.73603844643,
        "median": 3.02372837067,
        "min": -1.59645760059,
        "var": 9.41065502167
    },
    "spectral_rms": {
        "dmean": 0.000586611276958,
        "dmean2": 0.000860259693582,
        "dvar": 4.12254792082e-07,
        "dvar2": 8.66594348281e-07,
        "max": 0.0114563656971,
        "mean": 0.00420056143776,
        "median": 0.00417567929253,
        "min": 3.16579705159e-12,
        "var": 4.16864622821e-06
    },
    "spectral_rolloff": {
        "dmean": 554.006958008,
        "dmean2": 914.226074219,
        "dvar": 1313866.125,
        "dvar2": 2774516.75,
        "max": 20327.34375,
        "mean": 1899.40234375,
        "median": 1205.859375,
        "min": 64.599609375,
        "var": 5638297
    },
    "spectral_skewness": {
        "dmean": 0.184503346682,
        "dmean2": 0.278128236532,
        "dvar": 0.0446975938976,
        "dvar2": 0.09190415591,
        "max": 4.57498884201,
        "mean": 1.56337928772,
        "median": 1.56161987782,
        "min": -0.638011157513,
        "var": 0.240478545427
    },
    "spectral_spread": {
        "dmean": 676168.4375,
        "dmean2": 952630.4375,
        "dvar": 1.05344827392e+12,
        "dvar2": 2.1297594368e+12,
        "max": 44756468,
        "mean": 6056207.5,
        "median": 5764989,
        "min": 1671650.75,
        "var": 1.10723250258e+13
    },
    "spectral_strongpeak": {
        "dmean": 0.595474183559,
        "dmean2": 0.99202477932,
        "dvar": 1.14864230156,
        "dvar2": 2.74188709259,
        "max": 16.0176925659,
        "mean": 1.24731504917,
        "median": 0.318595647812,
        "min": 0,
        "var": 3.39884591103
    },
    "zerocrossingrate": {
        "dmean": 0.0127843944356,
        "dmean2": 0.0145491240546,
        "dvar": 0.000296515703667,
        "dvar2": 0.000292566430289,
        "max": 0.52392578125,
        "mean": 0.0805262997746,
        "median": 0.06787109375,
        "min": 0.00634765625,
        "var": 0.00374754355289
    },
    "barkbands": {
        "dmean": [0.000315006240271, 0.00293225236237, 0.00063256121939, 0.0003826408647, 0.000708025705535, 0.000800418900326, 0.000348945934093, 0.00065290305065, 0.00107579655014, 0.000530424236786, 0.000894773809705, 0.000552393263206, 0.000695402850397, 0.000262645451585, 0.000236931839027, 0.000172679137904, 0.000118119605759, 9.09442533157e-05, 0.000128806088469, 0.000101980025647, 7.55644359742e-05, 9.72898269538e-05, 7.61249320931e-05, 0.000137823997648, 0.000117533309094, 4.42534110334e-05, 3.98053953177e-06],
        "dmean2": [0.000526587653439, 0.00479097757488, 0.00106109573971, 0.000663498823997, 0.0011634597322, 0.00122666254174, 0.000536862586159, 0.000936740252655, 0.00160197599325, 0.000785941258073, 0.00138093915302, 0.000813899270725, 0.00107237452175, 0.000411090004491, 0.000369898683857, 0.000268125499133, 0.00018721219385, 0.000140093732625, 0.000195277796593, 0.000158719485626, 0.000114717229735, 0.000147494662087, 0.000113170899567, 0.000201901595574, 0.000168561775354, 6.54740724713e-05, 6.27581312074e-06],
        "dvar": [3.04255650008e-07, 2.55479844782e-05, 2.3919776595e-06, 7.93699655333e-07, 1.78169148057e-06, 2.86684758066e-06, 6.06646665346e-07, 3.1155598208e-06, 1.08286085378e-05, 1.66336553775e-06, 4.68874031867e-06, 4.49026083515e-06, 4.21053982791e-06, 5.30473130311e-07, 4.18705838001e-07, 1.80554053486e-07, 6.35867962728e-08, 4.2480621687e-08, 1.58596222377e-07, 6.18605042746e-08, 5.40491456036e-08, 5.43476410542e-08, 6.46439772822e-08, 1.1443849246e-07, 9.82993881848e-08, 1.48082035523e-08, 1.89278731577e-10],
        "dvar2": [8.01174394383e-07, 6.43724779366e-05, 6.29611349723e-06, 2.24232985602e-06, 4.83755775349e-06, 6.5876406552e-06, 1.33484945763e-06, 6.08034315519e-06, 2.34641047427e-05, 3.47379000232e-06, 1.15682150863e-05, 8.84990549821e-06, 9.58983309829e-06, 1.16438388886e-06, 8.94860420431e-07, 4.17133662722e-07, 1.46338905438e-07, 9.3430060133e-08, 3.58254226285e-07, 1.48449316839e-07, 1.36024056019e-07, 1.19435455304e-07, 1.27620296553e-07, 2.07503447314e-07, 1.7725326984e-07, 3.29730163173e-08, 4.64640576014e-10],
        "max": [0.00842993613333, 0.0652493983507, 0.0210701599717, 0.0165016334504, 0.0374159365892, 0.0641758814454, 0.0264295358211, 0.0560892485082, 0.105104580522, 0.0405814833939, 0.044180739671, 0.0794538930058, 0.0552672632039, 0.021305333823, 0.0332583785057, 0.0126001155004, 0.00776389287785, 0.00654643774033, 0.026971179992, 0.0107322391123, 0.0107456585392, 0.00645556068048, 0.009925567545, 0.00762574886903, 0.00962348934263, 0.00216902489774, 0.000279452709947],
        "mean": [0.000456559006125, 0.00476449588314, 0.000913634372409, 0.000507295189891, 0.00134135631379, 0.00179557641968, 0.000674098613672, 0.0011886137072, 0.00209424062632, 0.00106500193942, 0.00173586118035, 0.00116195471492, 0.00136876455508, 0.000455432833405, 0.000446875492344, 0.000334496085998, 0.000233872880926, 0.00017307640519, 0.000274998106761, 0.000202250797884, 0.000153594199219, 0.000203806601348, 0.000150675143232, 0.000317343306961, 0.000270259013632, 6.9722198532e-05, 4.86168619318e-06],
        "median": [0.000192470368347, 0.00287293409929, 0.000481453258544, 0.00025832944084, 0.000789653742686, 0.000815481820609, 0.000282583612716, 0.000334099895554, 0.000288955779979, 0.000329572969349, 0.000367956323316, 0.000170949817402, 0.000182996853255, 0.000118633673992, 0.000132849090733, 0.000101691730379, 8.96836063475e-05, 5.98335100221e-05, 8.27938129078e-05, 7.16424328857e-05, 6.03105436312e-05, 3.89278720831e-05, 3.76629104721e-05, 0.000103262063931, 8.70044532348e-05, 1.9556051484e-05, 1.36368521453e-06],
        "min": [5.82891689451e-25, 1.35755349281e-24, 1.79782918857e-24, 1.05847088287e-24, 5.98490151674e-24, 9.77606289759e-24, 6.68482703237e-24, 1.18259116489e-23, 1.88006837181e-23, 1.94847349858e-23, 1.53223419738e-23, 3.00970819508e-23, 2.90099180274e-23, 3.38991990319e-23, 4.08569301278e-23, 8.58494351522e-23, 7.34437643805e-23, 1.12904915577e-22, 1.20543361059e-22, 1.31616039917e-22, 2.28669369894e-22, 3.5583776154e-22, 3.97941502106e-22, 6.56193736547e-22, 9.04137490089e-22, 1.29669143824e-21, 1.94296769122e-21],
        "var": [4.95830306591e-07, 4.01065699407e-05, 2.39442783823e-06, 7.3072055784e-07, 3.34174546879e-06, 8.77802358445e-06, 1.74569129285e-06, 7.916281902e-06, 3.1586499972e-05, 5.0854255278e-06, 1.41969740071e-05, 1.58254715643e-05, 1.4105397895e-05, 1.4001219597e-06, 1.09507527668e-06, 5.49598325961e-07, 1.94698316136e-07, 1.15356158403e-07, 3.76557096615e-07, 1.41413991628e-07, 9.6023633489e-08, 1.68152396895e-07, 2.19551139935e-07, 4.64544683609e-07, 3.70568869812e-07, 2.37883650556e-08, 1.90155072244e-10]
    },
    "erbbands": {
        "dmean": [0.120901592076, 0.579931437969, 0.746692121029, 0.98104262352, 1.48556542397, 2.71985411644, 4.56991004944, 7.25250720978, 4.98326587677, 11.0814247131, 12.2363595963, 28.7380104065, 19.7173309326, 12.2880811691, 39.4033203125, 24.1990852356, 32.2670936584, 14.3209314346, 13.9558296204, 10.0101499557, 7.08427190781, 5.48264503479, 4.99048852921, 5.33374404907, 6.59168100357, 4.56661128998, 3.41622567177, 2.98578119278, 3.8166642189, 2.55011534691, 2.15750360489, 2.81287789345, 2.37012124062, 1.72486233711, 0.656169354916, 0.223106190562, 0.0766585320234, 0.0156913176179, 0.000355758063961, 1.56436963152e-05],
        "dmean2": [0.199795380235, 0.950880944729, 1.23869001865, 1.68367636204, 2.5423476696, 4.4603972435, 7.16226005554, 11.2220067978, 7.29895734787, 16.9553070068, 16.9915065765, 42.4811019897, 29.156621933, 18.5481338501, 60.4587364197, 35.1260070801, 49.5469093323, 21.9320354462, 21.7112846375, 15.7150583267, 10.857298851, 8.66661643982, 7.66065359116, 8.08580207825, 9.98995113373, 7.01426744461, 5.17218923569, 4.51777982712, 5.84754705429, 3.78880381584, 3.24629402161, 4.11735534668, 3.49031996727, 2.48709702492, 0.942520081997, 0.329514890909, 0.113772071898, 0.0236987508833, 0.000535220315214, 2.22889557335e-05],
        "dvar": [0.042209200561, 1.09104907513, 2.61813545227, 5.66263818741, 10.8353853226, 30.0014095306, 96.1503143311, 269.098022461, 171.116378784, 658.222106934, 1627.93920898, 8476.11328125, 2378.11645508, 817.473266602, 9603.41699219, 9114.515625, 9316.94921875, 1289.0604248, 1609.73730469, 427.750579834, 282.08972168, 131.036315918, 125.325622559, 133.575378418, 610.497253418, 116.884513855, 119.887252808, 69.5265655518, 81.7086410522, 61.6189422607, 58.5947418213, 58.8610534668, 32.894947052, 19.7209453583, 4.51830148697, 0.399396926165, 0.0444012917578, 0.00252146925777, 1.32291836508e-06, 9.79153869096e-10],
        "dvar2": [0.109994247556, 2.76997566223, 6.89081907272, 15.5962295532, 30.5405158997, 80.8688735962, 226.779159546, 619.563964844, 338.316467285, 1505.60217285, 3076.88037109, 18131.9082031, 5086.66064453, 1827.109375, 24300.8808594, 17351.3828125, 20951.2324219, 2757.62109375, 3453.86791992, 970.01361084, 646.333068848, 304.536987305, 274.136779785, 269.611663818, 1387.87329102, 266.867340088, 318.19934082, 164.767486572, 187.202529907, 123.397193909, 120.210235596, 111.849266052, 59.8970451355, 37.0710067749, 8.72077274323, 0.859091758728, 0.100446276367, 0.00586702069268, 3.092030056e-06, 2.10424433433e-09],
        "max": [2.55204772949, 12.2363138199, 22.6533088684, 42.646812439, 69.1581192017, 155.902450562, 311.446472168, 596.707702637, 416.887207031, 683.773803711, 1697.98669434, 2907.50146484, 1691.31713867, 934.327575684, 2530.4375, 4014.84985352, 2264.93823242, 1133.75549316, 1854.2286377, 589.279418945, 647.265808105, 404.617675781, 404.428710938, 298.20980835, 1849.7520752, 324.877746582, 726.376281738, 300.912414551, 246.076217651, 331.708099365, 319.139099121, 204.386367798, 134.230895996, 150.018615723, 114.904884338, 15.5316457748, 3.6988093853, 0.928437769413, 0.0216411948204, 0.000572580960579],
        "mean": [0.177029743791, 0.904067277908, 1.2154122591, 1.46433472633, 2.28327274323, 4.95568227768, 9.33183383942, 15.6027975082, 11.2375421524, 20.174036026, 24.6367301941, 56.9586868286, 42.2329177856, 26.1725482941, 79.3295669556, 57.4917564392, 65.9999465942, 29.5482883453, 26.4936637878, 21.2575073242, 15.2878923416, 11.7777891159, 10.4866781235, 11.7990732193, 13.5116291046, 9.60585975647, 7.33681821823, 5.94199132919, 7.89371728897, 4.89862108231, 4.37464046478, 6.06874895096, 5.43830347061, 4.02756977081, 1.29730296135, 0.367832779884, 0.119593925774, 0.0215996690094, 0.000509300734848, 4.58050126326e-05],
        "median": [0.0882228538394, 0.534745037556, 0.772285819054, 0.830790638924, 1.25750243664, 2.55403161049, 4.45893621445, 6.43206977844, 4.97131729126, 7.33285140991, 7.17047548294, 8.52223491669, 13.1165962219, 10.5001296997, 18.9568939209, 9.94798088074, 10.2317276001, 8.04243659973, 7.005007267, 8.05854797363, 5.49462080002, 4.74455881119, 4.08339214325, 4.14294099808, 3.88021707535, 3.60723352432, 3.18147730827, 1.63301026821, 1.42788350582, 1.06564712524, 1.14855992794, 1.74733400345, 1.85147118568, 1.25953245163, 0.37252664566, 0.0957240313292, 0.0351402014494, 0.00584654230624, 0.000152905238792, 3.12334595947e-05],
        "min": [6.7552065202e-23, 5.2249516695e-22, 2.66426252107e-21, 6.30159478847e-21, 9.89681051683e-21, 2.18235287192e-20, 5.76666831466e-20, 4.73415659403e-20, 9.69888461394e-20, 2.70606166187e-19, 3.61357572907e-19, 4.66181467346e-19, 5.57465655928e-19, 8.14830857706e-19, 1.29257775758e-18, 1.45760721742e-18, 1.63928110215e-18, 1.70583078096e-18, 1.81462291929e-18, 3.09236240086e-18, 4.62769502415e-18, 3.82658714451e-18, 6.42644806981e-18, 6.12010421149e-18, 6.58646326417e-18, 6.5255012938e-18, 6.83654560595e-18, 9.2963239081e-18, 1.08232745035e-17, 1.14083699564e-17, 1.00044699218e-17, 1.17606057951e-17, 9.90019057068e-18, 8.15686689787e-18, 6.75471138717e-18, 4.29115452398e-18, 2.45332463901e-18, 9.28196736139e-19, 2.53644129793e-19, 2.82665516015e-20],
        "var": [0.0635272115469, 1.55156564713, 3.01645565033, 5.35884141922, 12.8155498505, 59.4764633179, 232.728912354, 799.041015625, 614.450683594, 1550.10559082, 4511.39160156, 24494.5898438, 7850.82763672, 2335.20849609, 28136.2285156, 34811.2773438, 31347.4921875, 4367.72998047, 4262.45849609, 1378.77380371, 855.372192383, 415.176147461, 398.843078613, 498.472106934, 1194.34973145, 298.366363525, 221.124755859, 134.231964111, 246.878448486, 175.217330933, 190.295516968, 223.301864624, 128.356536865, 75.5245132446, 12.2478847504, 0.795365989208, 0.0664281621575, 0.00292487372644, 1.5335548369e-06, 2.49749754211e-09]
    },
    "gfcc": {
        "mean": [-13.4792461395, 76.3589630127, -108.386802673, 18.3447570801, -58.5504226685, 24.8980770111, -35.3763771057, 17.7792339325, -26.8976192474, 10.2139644623, -10.7421216965, 3.97287321091, -5.15310049057],
        "cov": [[18845.7695312, -627.167480469, -630.082458496, 425.974395752, -772.513427734, 864.444519043, -407.275604248, 369.530456543, -335.416351318, 222.162734985, -28.858297348, 127.438117981, -74.2211303711], [-627.167480469, 1272.90332031, -198.93838501, -32.6255874634, 319.227233887, -249.243896484, 209.862503052, -78.8073959351, 73.244140625, -19.9502639771, 12.7503499985, -38.8976745605, 2.15070557594], [-630.082458496, -198.93838501, 635.251953125, 129.055297852, 39.7035331726, 116.110084534, -12.3954343796, 55.4598999023, 36.4209709167, 0.200419008732, 6.07407426834, 23.2548351288, -19.8651351929], [425.974395752, -32.6255874634, 129.055297852, 356.118591309, 44.7366447449, 22.9932136536, 19.4321041107, 9.97835826874, 53.2355422974, 23.8991107941, -18.8798809052, 14.7917728424, -2.16266512871], [-772.513427734, 319.227233887, 39.7035331726, 44.7366447449, 339.100891113, -45.7064323425, 122.629959106, -10.0699481964, 46.1400947571, 9.41099643707, -17.40599823, 18.7657337189, -17.5453853607], [864.444519043, -249.243896484, 116.110084534, 22.9932136536, -45.7064323425, 325.383270264, 18.5754394531, 33.5251655579, -19.8538017273, 1.80474364758, 30.5842285156, 5.35753536224, -21.1102905273], [-407.275604248, 209.862503052, -12.3954343796, 19.4321041107, 122.629959106, 18.5754394531, 233.197387695, -19.5899791718, 39.6159439087, 34.7503890991, -19.254535675, 16.9205760956, -34.7468528748], [369.530456543, -78.8073959351, 55.4598999023, 9.97835826874, -10.0699481964, 33.5251655579, -19.5899791718, 150.66293335, 17.7021751404, -4.65879249573, 23.3741397858, -11.2559633255, 7.54303073883], [-335.416351318, 73.244140625, 36.4209709167, 53.2355422974, 46.1400947571, -19.8538017273, 39.6159439087, 17.7021751404, 121.215576172, 19.4183673859, -1.79346048832, 16.2280788422, -10.3877696991], [222.162734985, -19.9502639771, 0.200419008732, 23.8991107941, 9.41099643707, 1.80474364758, 34.7503890991, -4.65879249573, 19.4183673859, 101.327453613, -2.26136493683, 12.2669048309, -8.12683200836], [-28.858297348, 12.7503499985, 6.07407426834, -18.8798809052, -17.40599823, 30.5842285156, -19.254535675, 23.3741397858, -1.79346048832, -2.26136493683, 109.510757446, 6.30444574356, 19.8550949097], [127.438117981, -38.8976745605, 23.2548351288, 14.7917728424, 18.7657337189, 5.35753536224, 16.9205760956, -11.2559633255, 16.2280788422, 12.2669048309, 6.30444574356, 101.858337402, 3.13300919533], [-74.2211303711, 2.15070557594, -19.8651351929, -2.16266512871, -17.5453853607, -21.1102905273, -34.7468528748, 7.54303073883, -10.3877696991, -8.12683200836, 19.8550949097, 3.13300919533, 94.9601669312]],
        "icov": [[0.000129740525153, -0.000221859838348, 0.000229604105698, -0.000271807512036, 0.000298901257338, -0.000486560165882, 0.000386533793062, -0.000487008364871, 0.000451493484434, -0.000444013858214, 0.000338189158356, -0.000453997578006, 0.000231111436733], [-0.000221859838348, 0.00197167159058, -0.000104309903691, 0.000557291612495, -0.00157184049021, 0.00181568867993, -0.00175697042141, 0.00144060188904, -0.00130838481709, 0.00147868553177, -0.00153869600035, 0.00176336069126, -0.000624329550192], [0.000229604105698, -0.000104309903691, 0.00238605379127, -0.00102622178383, -2.72962120107e-06, -0.00135158689227, 0.00094794476172, -0.00125187111553, 0.000372170645278, -0.000526270770933, 0.00049486849457, -0.00099597487133, 0.000727992446627], [-0.000271807512036, 0.000557291612495, -0.00102622178383, 0.00388068938628, -0.000943751248997, 0.000829966156743, -0.000727433885913, 0.00113328674342, -0.00218579010107, 0.000397465628339, -7.71668419475e-05, 0.00093327939976, -0.000917175144423], [0.000298901257338, -0.00157184049021, -2.72962120107e-06, -0.000943751248997, 0.00536156166345, -0.00098918331787, -0.000484699761728, -0.00151867000386, 0.00087521848036, -0.000960891251452, 0.00144196476322, -0.00199529994279, 0.000739003880881], [-0.000486560165882, 0.00181568867993, -0.00135158689227, 0.000829966156743, -0.00098918331787, 0.00622810516506, -0.00305014243349, 0.00153047218919, -0.000911496405024, 0.00217750389129, -0.00295588839799, 0.00208920054138, -8.53680394357e-05], [0.000386533793062, -0.00175697042141, 0.00094794476172, -0.000727433885913, -0.000484699761728, -0.00305014243349, 0.00816122628748, -0.00125932879746, 0.000446502031991, -0.00334985624067, 0.00228258105926, -0.00238734879531, 0.00220599002205], [-0.000487008364871, 0.00144060188904, -0.00125187111553, 0.00113328674342, -0.00151867000386, 0.00153047218919, -0.00125932879746, 0.00960761215538, -0.00345740676858, 0.00215522246435, -0.00289877597243, 0.00326798669994, -0.00150916154962], [0.000451493484434, -0.00130838481709, 0.000372170645278, -0.00218579010107, 0.00087521848036, -0.000911496405024, 0.000446502031991, -0.00345740676858, 0.0120568787679, -0.0028805709444, 0.00108182511758, -0.00309657747857, 0.00175604561809], [-0.000444013858214, 0.00147868553177, -0.000526270770933, 0.000397465628339, -0.000960891251452, 0.00217750389129, -0.00334985624067, 0.00215522246435, -0.0028805709444, 0.0126817962155, -0.00176463648677, 0.00109506165609, -0.00046892624232], [0.000338189158356, -0.00153869600035, 0.00049486849457, -7.71668419475e-05, 0.00144196476322, -0.00295588839799, 0.00228258105926, -0.00289877597243, 0.00108182511758, -0.00176463648677, 0.0118061909452, -0.00257152691483, -0.00134064152371], [-0.000453997578006, 0.00176336069126, -0.00099597487133, 0.00093327939976, -0.00199529994279, 0.00208920054138, -0.00238734879531, 0.00326798669994, -0.00309657747857, 0.00109506165609, -0.00257152691483, 0.0127406092361, -0.00174693495501], [0.000231111436733, -0.000624329550192, 0.000727992446627, -0.000917175144423, 0.000739003880881, -8.53680394357e-05, 0.00220599002205, -0.00150916154962, 0.00175604561809, -0.00046892624232, -0.00134064152371, -0.00174693495501, 0.0123914619908]]
    },
    "melbands": {
        "dmean": [0.000919942918699, 0.000482546311105, 0.000178039408638, 0.000135130496346, 0.000155409812578, 0.000159540970344, 7.27785663912e-05, 0.000128964966279, 0.000111171138997, 0.000176972855115, 9.54705828917e-05, 4.65006123704e-05, 0.000129728985485, 7.92085411376e-05, 6.64724138915e-05, 6.64359758957e-05, 2.58380878222e-05, 2.49863787758e-05, 1.35086993396e-05, 1.60130475706e-05, 7.93619983597e-06, 6.30171098237e-06, 6.05103787166e-06, 4.25472853749e-06, 4.70814165965e-06, 5.33494585397e-06, 4.37732387581e-06, 3.08817038785e-06, 2.56669568444e-06, 1.77327081019e-06, 1.94998779079e-06, 2.4939179184e-06, 1.81757968676e-06, 1.44598470797e-06, 1.27942553263e-06, 1.54663712237e-06, 1.97118106371e-06, 1.85553210486e-06, 1.65939707131e-06, 1.55620864462e-06],
        "dmean2": [0.00150369864423, 0.000795643893071, 0.000302483269479, 0.000225730313105, 0.00024538798607, 0.000244320865022, 0.000107286410639, 0.000195298853214, 0.000155969144544, 0.000262400950305, 0.000141254655318, 7.04875637894e-05, 0.000199863308808, 0.000116544324555, 0.000100463388662, 0.000100768957054, 4.04053571401e-05, 3.90045861423e-05, 2.09416120924e-05, 2.52796980931e-05, 1.23337240439e-05, 1.00283104985e-05, 9.5132700153e-06, 6.6194752435e-06, 7.22312233847e-06, 8.2210817709e-06, 6.79266668158e-06, 4.79032632938e-06, 3.98243537347e-06, 2.69079919235e-06, 3.0279445582e-06, 3.88883790947e-06, 2.78361721939e-06, 2.20115271077e-06, 1.96548080567e-06, 2.32473325923e-06, 2.94831170322e-06, 2.79694086203e-06, 2.46899071499e-06, 2.2795870791e-06],
        "dvar": [2.44789976023e-06, 7.85638690104e-07, 1.63693954391e-07, 8.31198434526e-08, 9.18543392459e-08, 1.23555707887e-07, 3.32450120766e-08, 9.18566911423e-08, 1.30968572876e-07, 3.17909581327e-07, 5.88945887614e-08, 1.34553603814e-08, 9.8115386038e-08, 6.18827868948e-08, 4.29881445996e-08, 4.76874610911e-08, 4.93276930413e-09, 5.17940090816e-09, 1.02327646356e-09, 1.50187629e-09, 3.87301107851e-10, 1.90298055092e-10, 1.72937691945e-10, 9.58421675357e-11, 1.11769662969e-10, 2.80839795863e-10, 3.14450854244e-10, 5.15618381325e-11, 6.22093696001e-11, 3.95097947414e-11, 2.78135830339e-11, 3.58747198614e-11, 2.55427189816e-11, 2.44552607331e-11, 2.56555957034e-11, 2.57470243042e-11, 2.70560154142e-11, 2.18873426328e-11, 1.5044222812e-11, 1.84632985983e-11],
        "dvar2": [6.21426943326e-06, 2.00843624043e-06, 4.42701093561e-07, 2.28307115435e-07, 2.22734797717e-07, 2.80712896483e-07, 6.60526708884e-08, 2.05570913181e-07, 2.54093720287e-07, 6.881449508e-07, 1.26374331444e-07, 2.95444859688e-08, 2.41671500589e-07, 1.33501004029e-07, 8.98070950939e-08, 1.06201866856e-07, 1.06968176539e-08, 1.12651283857e-08, 2.05817074495e-09, 3.45837092297e-09, 8.9450907792e-10, 4.4411982425e-10, 3.82112258501e-10, 2.17825271709e-10, 2.28188620777e-10, 6.01026339808e-10, 7.79265929562e-10, 1.17028400859e-10, 1.74405628828e-10, 8.67872926302e-11, 6.67958466316e-11, 8.51350101527e-11, 5.67139842034e-11, 5.2229297276e-11, 5.81579784331e-11, 5.21390847164e-11, 5.43930733787e-11, 4.28531585217e-11, 2.87657068304e-11, 3.74670051928e-11],
        "max": [0.020003022626, 0.0121413413435, 0.00727417552844, 0.0105359777808, 0.00923520326614, 0.0127725861967, 0.00563810858876, 0.007837546058, 0.0147060137242, 0.0158412270248, 0.00825898069888, 0.00405498361215, 0.00625851703808, 0.00874631106853, 0.0074280560948, 0.00767702609301, 0.00259267981164, 0.00285467877984, 0.00169900525361, 0.00120798544958, 0.000599637802225, 0.00045327321277, 0.000424257013947, 0.00022971915314, 0.000279403757304, 0.000995072652586, 0.0013555593323, 0.00020769816183, 0.000532222678885, 0.000371879519662, 0.000151876491145, 0.000160232477356, 0.000224252100452, 0.000212972954614, 0.000260764762061, 0.000168708531419, 0.00015211867867, 0.000127507111756, 0.00010669430776, 0.000147525555803],
        "mean": [0.00145260093268, 0.000842332956381, 0.000275977072306, 0.00024371688778, 0.000324576714775, 0.000353342766175, 0.000160987299751, 0.000233247468714, 0.000219835492317, 0.000348087021848, 0.000197030996787, 8.78184000612e-05, 0.000254970218521, 0.000169573744643, 0.000127720457385, 0.000132186250994, 4.60577939521e-05, 4.42612690676e-05, 2.60183314822e-05, 3.09246679535e-05, 1.54916888278e-05, 1.24676134874e-05, 1.14104368549e-05, 7.9691535575e-06, 9.45571446209e-06, 1.06484794742e-05, 7.84918483987e-06, 6.0188704083e-06, 5.16386216987e-06, 3.2426053167e-06, 3.53072232429e-06, 4.90992124469e-06, 3.34230776389e-06, 2.47783282248e-06, 2.29066131396e-06, 3.06964284391e-06, 3.98902238885e-06, 3.83786618841e-06, 3.71572059521e-06, 3.34061769536e-06],
        "median": [0.00081292714458, 0.000587086193264, 0.000170120241819, 0.000141445620102, 0.000166776211699, 0.000151800733875, 6.85323393554e-05, 8.01391797722e-05, 4.93150218972e-05, 5.06639480591e-05, 5.56162995053e-05, 3.07661175611e-05, 5.58678257221e-05, 2.92228178296e-05, 2.14124847844e-05, 1.68947499333e-05, 1.24724620036e-05, 1.05571225504e-05, 8.74361194292e-06, 1.01401947177e-05, 5.107920515e-06, 4.65666380478e-06, 4.07029256166e-06, 2.87356488116e-06, 3.04300579046e-06, 2.56442012869e-06, 2.49206163971e-06, 2.10187295124e-06, 2.30091131925e-06, 1.00045053841e-06, 8.05208742349e-07, 7.86266696196e-07, 6.57492591927e-07, 4.89226863465e-07, 5.07977745201e-07, 7.80377547471e-07, 1.08272047328e-06, 1.19931576137e-06, 1.19940057175e-06, 9.13535814107e-07],
        "min": [1.21204149213e-24, 1.5269742898e-24, 1.16459328362e-24, 7.86824608706e-25, 2.07535775199e-24, 1.22175690582e-24, 1.32286294007e-24, 2.65490940437e-24, 2.74524975523e-24, 3.068589838e-24, 2.47037906142e-24, 2.75174641922e-24, 2.82711695112e-24, 3.08623626202e-24, 2.65913967097e-24, 3.94439879498e-24, 3.2212064186e-24, 2.38433977742e-24, 2.77042625103e-24, 4.67618955802e-24, 4.14280677898e-24, 2.92517591151e-24, 3.49780807046e-24, 4.61697095315e-24, 3.85111086534e-24, 4.54842288479e-24, 4.07636220822e-24, 3.89686322013e-24, 4.18367805691e-24, 3.69869583871e-24, 4.96864317255e-24, 5.92936452572e-24, 6.03325001276e-24, 5.2306877769e-24, 4.29977905506e-24, 5.36969887347e-24, 5.94371075014e-24, 5.72551458477e-24, 6.48567633583e-24, 6.3397828223e-24],
        "var": [3.87950831282e-06, 1.13030569082e-06, 1.64831433835e-07, 1.46341491813e-07, 2.27969906064e-07, 3.87199264651e-07, 1.21839477174e-07, 2.14782986063e-07, 3.80643029985e-07, 9.01899227301e-07, 1.88895825204e-07, 3.39115082681e-08, 2.97324191934e-07, 2.26763702926e-07, 1.14452085143e-07, 1.64928621871e-07, 1.49671759431e-08, 1.26440431458e-08, 2.89421486777e-09, 4.65135041594e-09, 1.04639719112e-09, 5.58116219906e-10, 5.09414344041e-10, 2.25894900008e-10, 3.78335307527e-10, 7.70090102797e-10, 4.15415507549e-10, 1.33787717016e-10, 1.07287546902e-10, 7.82657341714e-11, 5.14989439981e-11, 1.02255974521e-10, 6.17392872937e-11, 5.94715318658e-11, 6.29421792464e-11, 8.40915254097e-11, 9.28311177928e-11, 7.42320441227e-11, 5.37835921632e-11, 6.13301007202e-11]
    },
    "mfcc": {
        "mean": [-655.820495605, 112.828109741, 6.6805524826, 3.94794774055, 5.23133468628, 1.50233674049, 10.3345708847, 0.182293564081, 3.31533718109, 2.42857575417, -0.915302217007, 2.4086151123, 2.6355535984],
        "cov": [[10263.6425781, -617.242675781, 243.261795044, -336.713348389, 11.8189058304, 98.1934585571, 191.808319092, 71.5415802002, -25.534614563, 27.6489772797, 150.584442139, -86.4923019409, 30.1045417786], [-617.242675781, 1403.41625977, -372.746063232, 227.906158447, -4.73307418823, 22.130771637, 48.1610679626, 9.48780059814, 43.7199745178, 15.387046814, 8.72216129303, 43.8979377747, 25.2082481384], [243.261795044, -372.746063232, 599.766357422, -72.1809997559, 91.0007171631, 19.004655838, 12.8456687927, 45.0652198792, -14.2985601425, 32.9611968994, -20.1815090179, 33.6858825684, 9.36329269409], [-336.713348389, 227.906158447, -72.1809997559, 419.379577637, 19.4649887085, 53.9327430725, -46.7123947144, 11.5308113098, 70.6108627319, -2.94092130661, 11.7938299179, 48.2479324341, 16.61967659], [11.8189058304, -4.73307418823, 91.0007171631, 19.4649887085, 218.446914673, -27.5121707916, 23.2170181274, 30.0869102478, 2.3347594738, 24.6091156006, -30.8472805023, 13.3081474304, 4.81789112091], [98.1934585571, 22.130771637, 19.004655838, 53.9327430725, -27.5121707916, 279.836303711, 27.5322628021, 55.5517921448, 28.5706214905, -5.46893405914, 59.9996109009, 6.04746389389, 24.6773757935], [191.808319092, 48.1610679626, 12.8456687927, -46.7123947144, 23.2170181274, 27.5322628021, 166.035964966, 21.2245254517, 2.54550623894, 21.5011024475, 10.6791410446, 4.2923951149, -0.0435042642057], [71.5415802002, 9.48780059814, 45.0652198792, 11.5308113098, 30.0869102478, 55.5517921448, 21.2245254517, 149.257751465, 20.3903064728, 9.02514076233, 27.2829742432, 15.6142349243, 24.9737167358], [-25.534614563, 43.7199745178, -14.2985601425, 70.6108627319, 2.3347594738, 28.5706214905, 2.54550623894, 20.3903064728, 104.49131012, 23.3602981567, 11.8266820908, 6.05992984772, 4.92389059067], [27.6489772797, 15.387046814, 32.9611968994, -2.94092130661, 24.6091156006, -5.46893405914, 21.5011024475, 9.02514076233, 23.3602981567, 100.885871887, 16.0261268616, 3.04999160767, 0.242947369814], [150.584442139, 8.72216129303, -20.1815090179, 11.7938299179, -30.8472805023, 59.9996109009, 10.6791410446, 27.2829742432, 11.8266820908, 16.0261268616, 113.302230835, 21.2021408081, 12.0758323669], [-86.4923019409, 43.8979377747, 33.6858825684, 48.2479324341, 13.3081474304, 6.04746389389, 4.2923951149, 15.6142349243, 6.05992984772, 3.04999160767, 21.2021408081, 90.3795013428, 22.0762138367], [30.1045417786, 25.2082481384, 9.36329269409, 16.61967659, 4.81789112091, 24.6773757935, -0.0435042642057, 24.9737167358, 4.92389059067, 0.242947369814, 12.0758323669, 22.0762138367, 87.9257965088]],
