{
"lowlevel": {
    "average_loudness": 0.743754148483,
    "barkbands_crest": {
        "dmean": 2.64125537872,
        "dmean2": 4.38143587112,
        "dvar": 6.4026350975,
        "dvar2": 17.4059810638,
        "max": 25.1584224701,
        "mean": 9.07915401459,
        "median": 8.38374042511,
        "min": 2.41226220131,
        "var": 13.3919277191
    },
    "barkbands_flatness_db": {
        "dmean": 0.0200152397156,
        "dmean2": 0.0309445783496,
        "dvar": 0.000400684715714,
        "dvar2": 0.000940608733799,
        "max": 0.445274919271,
        "mean": 0.125544726849,
        "median": 0.116228058934,
        "min": 0.0238860379905,
        "var": 0.00232313829474
    },
    "barkbands_kurtosis": {
        "dmean": 2.67196106911,
        "dmean2": 4.34887075424,
        "dvar": 29.2857761383,
        "dvar2": 73.4388427734,
        "max": 93.0302352905,
        "mean": 3.57081198692,
        "median": 0.933859705925,
        "min": -1.97237432003,
        "var": 59.7130775452
    },
    "barkbands_skewness": {
        "dmean": 0.566498458385,
        "dmean2": 0.865702927113,
        "dvar": 0.442942500114,
        "dvar2": 1.03825116158,
        "max": 8.66438770294,
        "mean": 1.08577036858,
        "median": 0.902343511581,
        "min": -4.13416290283,
        "var": 1.79646921158
    },
    "barkbands_spread": {
        "dmean": 6.34702777863,
        "dmean2": 9.82439517975,
        "dvar": 68.997795105,
        "dvar2": 146.912612915,
        "max": 123.28062439,
        "mean": 24.4461307526,
        "median": 22.1492080688,
        "min": 1.07202899456,
        "var": 241.591537476
    },
    "dissonance": {
        "dmean": 0.0218452885747,
        "dmean2": 0.0366071760654,
        "dvar": 0.000503338058479,
        "dvar2": 0.00133499468211,
        "max": 0.500000059605,
        "mean": 0.458473861217,
        "median": 0.467542886734,
        "min": 0.162953689694,
        "var": 0.00113302760292
    },
    "dynamic_complexity": 4.41270589828,
    "erbbands_crest": {
        "dmean": 3.04228901863,
        "dmean2": 4.87945318222,
        "dvar": 8.5085439682,
        "dvar2": 20.3989467621,
        "max": 32.5894317627,
        "mean": 10.3395662308,
        "median": 9.20921707153,
        "min": 2.29400324821,
        "var": 24.4041118622
    },
    "erbbands_flatness_db": {
        "dmean": 0.0208045598119,
        "dmean2": 0.029515562579,
        "dvar": 0.00039951087092,
        "dvar2": 0.000758532201871,
        "max": 0.3410359025,
        "mean": 0.161913484335,
        "median": 0.159961298108,
        "min": 0.0527792572975,
        "var": 0.00205118046142
    },
    "erbbands_kurtosis": {
        "dmean": 1.20367598534,
        "dmean2": 1.86206948757,
        "dvar": 3.18284249306,
        "dvar2": 7.14360570908,
        "max": 39.5103912354,
        "mean": 1.21076440811,
        "median": 0.184291601181,
        "min": -1.87871515751,
        "var": 9.16629219055
    },
    "erbbands_skewness": {
        "dmean": 0.398112088442,
        "dmean2": 0.60039794445,
        "dvar": 0.159219771624,
        "dvar2": 0.333000808954,
        "max": 5.30912399292,
        "mean": 0.302980929613,
        "median": 0.323979020119,
        "min": -5.86792039871,
        "var": 0.910760462284
    },
    "erbbands_spread": {
        "dmean": 8.66358852386,
        "dmean2": 13.0682115555,
        "dvar": 126.292076111,
        "dvar2": 280.412322998,
        "max": 173.839950562,
        "mean": 35.4767417908,
        "median": 32.2011413574,
        "min": 3.01737046242,
        "var": 450.214935303
    },
    "hfc": {
        "dmean": 6.31089162827,
        "dmean2": 8.89498710632,
        "dvar": 96.9468383789,
        "dvar2": 183.477310181,
        "max": 226.545471191,
        "mean": 22.6235485077,
        "median": 15.7688941956,
        "min": 1.03706015676e-16,
        "var": 497.483276367
    },
    "melbands_crest": {
        "dmean": 3.36423802376,
        "dmean2": 5.51779603958,
        "dvar": 10.9680986404,
        "dvar2": 28.4020309448,
        "max": 33.7597999573,
        "mean": 11.8284730911,
        "median": 11.003663063,
        "min": 1.4690772295,
        "var": 22.4748630524
    },
    "melbands_flatness_db": {
        "dmean": 0.0251622665673,
        "dmean2": 0.039005342871,
        "dvar": 0.000734492321499,
        "dvar2": 0.00170976819936,
        "max": 0.600600361824,
        "mean": 0.188757121563,
        "median": 0.174352541566,
        "min": 0.00208268058486,
        "var": 0.00464256573468
    },
    "melbands_kurtosis": {
        "dmean": 6.76730060577,
        "dmean2": 11.0244340897,
        "dvar": 209.14680481,
        "dvar2": 527.20690918,
        "max": 225.518753052,
        "mean": 10.4271478653,
        "median": 4.08798217773,
        "min": -1.94048523903,
        "var": 344.356506348
    },
    "melbands_skewness": {
        "dmean": 0.769192993641,
        "dmean2": 1.18632304668,
        "dvar": 0.974008858204,
        "dvar2": 2.29704475403,
        "max": 12.9590482712,
        "mean": 2.0316259861,
        "median": 1.807741642,
        "min": -1.55955755711,
        "var": 2.92898321152
    },
    "melbands_spread": {
        "dmean": 8.85486125946,
        "dmean2": 13.5051355362,
        "dvar": 184.845001221,
        "dvar2": 365.120849609,
        "max": 297.013092041,
        "mean": 30.8113574982,
        "median": 26.3445110321,
        "min": 0.821091890335,
        "var": 661.789611816
    },
    "pitch_salience": {
        "dmean": 0.070091843605,
        "dmean2": 0.113305039704,
        "dvar": 0.0037547852844,
        "dvar2": 0.00970425922424,
        "max": 0.855894088745,
        "mean": 0.570677936077,
        "median": 0.57581782341,
        "min": 0.159567579627,
        "var": 0.0103500103578
    },
    "silence_rate_20dB": {
        "dmean": 0,
        "dmean2": 0,
        "dvar": 0,
        "dvar2": 0,
        "max": 1,
        "mean": 1,
        "median": 1,
        "min": 1,
        "var": 0
    },
    "silence_rate_30dB": {
        "dmean": 0,
        "dmean2": 0,
        "dvar": 0,
        "dvar2": 0,
        "max": 1,
        "mean": 1,
        "median": 1,
        "min": 1,
        "var": 0
    },
    "silence_rate_60dB": {
        "dmean": 0.0157386194915,
        "dmean2": 0.0314803756773,
        "dvar": 0.0154887745157,
        "dvar2": 0.0346699692309,
        "max": 1,
        "mean": 0.107071712613,
        "median": 0,
        "min": 0,
        "var": 0.0956117585301
    },
    "spectral_centroid": {
        "dmean": 257.647583008,
        "dmean2": 396.574951172,
        "dvar": 102364.6875,
        "dvar2": 211335.9375,
        "max": 11780.7675781,
        "mean": 1638.80969238,
        "median": 1568.24243164,
        "min": 153.029312134,
        "var": 1652408.75
    },
    "spectral_complexity": {
        "dmean": 2.97778654099,
        "dmean2": 4.66168546677,
        "dvar": 10.8067483902,
        "dvar2": 23.8953838348,
        "max": 50,
        "mean": 16.4840641022,
        "median": 16,
        "min": 0,
        "var": 88.178604126
    },
    "spectral_decrease": {
        "dmean": 1.93424876116e-09,
        "dmean2": 3.13594750168e-09,
        "dvar": 9.35338282675e-18,
        "dvar2": 2.39513438544e-17,
        "max": 1.62717872845e-28,
        "mean": -5.50313483672e-09,
        "median": -4.42928138611e-09,
        "min": -2.55591423581e-08,
        "var": 1.9190140225e-17
    },
    "spectral_energy": {
        "dmean": 0.00765609089285,
        "dmean2": 0.0123335048556,
        "dvar": 0.000137541195727,
        "dvar2": 0.000349601672497,
        "max": 0.0980710312724,
        "mean": 0.0228220820427,
        "median": 0.0185665879399,
        "min": 1.00576519095e-20,
        "var": 0.000318137666909
    },
    "spectral_energyband_high": {
        "dmean": 0.000377491523977,
        "dmean2": 0.000544267299119,
        "dvar": 9.12764676286e-07,
        "dvar2": 1.64679318004e-06,
        "max": 0.023199364543,
        "mean": 0.000803490635008,
        "median": 0.000392972317059,
        "min": 6.58107843794e-21,
        "var": 2.48760034083e-06
    },
    "spectral_energyband_low": {
        "dmean": 0.00505332835019,
        "dmean2": 0.00863269809633,
        "dvar": 0.000130840358906,
        "dvar2": 0.000345138658304,
        "max": 0.0924113318324,
        "mean": 0.00650276755914,
        "median": 0.00436681741849,
        "min": 1.01059093079e-23,
        "var": 0.000106680534373
    },
    "spectral_energyband_middle_high": {
        "dmean": 0.00258275982924,
        "dmean2": 0.00362565205432,
        "dvar": 1.86672077689e-05,
        "dvar2": 3.62092941941e-05,
        "max": 0.0763474926353,
        "mean": 0.00823080912232,
        "median": 0.00335086835548,
        "min": 1.08308173857e-21,
        "var": 0.000127051462187
    },
    "spectral_energyband_middle_low": {
        "dmean": 0.00311808218248,
        "dmean2": 0.00497007463127,
        "dvar": 1.98102407012e-05,
        "dvar2": 4.9352991482e-05,
        "max": 0.0567896366119,
        "mean": 0.0080222832039,
        "median": 0.00609308993444,
        "min": 1.59133250096e-22,
        "var": 5.0396509323e-05
    },
    "spectral_entropy": {
        "dmean": 0.167221724987,
        "dmean2": 0.236789360642,
        "dvar": 0.0301653593779,
        "dvar2": 0.0559932850301,
        "max": 9.82248210907,
        "mean": 7.51023721695,
        "median": 7.52530097961,
        "min": 5.48139286041,
        "var": 0.247015744448
    },
    "spectral_flux": {
        "dmean": 0.0275059323758,
        "dmean2": 0.0431054867804,
        "dvar": 0.00109715387225,
        "dvar2": 0.0023621825967,
        "max": 0.31986451149,
        "mean": 0.0861539021134,
        "median": 0.0745452940464,
        "min": 6.26148854987e-11,
        "var": 0.00311260204762
    },
    "spectral_kurtosis": {
        "dmean": 1.45106184483,
        "dmean2": 2.38916873932,
        "dvar": 3.95952963829,
        "dvar2": 10.0265684128,
        "max": 104.748558044,
        "mean": 4.69119596481,
        "median": 4.39429950714,
        "min": -1.62821829319,
        "var": 12.1116428375
    },
    "spectral_rms": {
        "dmean": 0.000731574022211,
        "dmean2": 0.0011390435975,
        "dvar": 9.29707084651e-07,
        "dvar2": 2.2044087018e-06,
        "max": 0.00978156737983,
        "mean": 0.0042799692601,
        "median": 0.00425602449104,
        "min": 3.13246607472e-12,
        "var": 3.94738162868e-06
    },
    "spectral_rolloff": {
        "dmean": 502.196044922,
        "dmean2": 862.23638916,
        "dvar": 1160945.25,
        "dvar2": 2376924.25,
        "max": 19724.4140625,
        "mean": 1965.1862793,
        "median": 1485.79101562,
        "min": 64.599609375,
        "var": 6619016
    },
    "spectral_skewness": {
        "dmean": 0.213430121541,
        "dmean2": 0.33518332243,
        "dvar": 0.053312279284,
        "dvar2": 0.118770927191,
        "max": 8.16635036469,
        "mean": 1.57370483875,
        "median": 1.55997848511,
        "min": -0.621472358704,
        "var": 0.274574518204
    },
    "spectral_spread": {
        "dmean": 623159.25,
        "dmean2": 885350.1875,
        "dvar": 1.00602078822e+12,
        "dvar2": 1.72686717747e+12,
        "max": 42874056,
        "mean": 5273736.5,
        "median": 4303384,
        "min": 997524.4375,
        "var": 2.11223786291e+13
    },
    "spectral_strongpeak": {
        "dmean": 0.837013483047,
        "dmean2": 1.37520551682,
        "dvar": 1.85687458515,
        "dvar2": 4.34921073914,
        "max": 15.9167232513,
        "mean": 1.4368468523,
        "median": 0.432777971029,
        "min": 0,
        "var": 4.30425882339
    },
    "zerocrossingrate": {
        "dmean": 0.011098317802,
        "dmean2": 0.0128570031375,
        "dvar": 0.000278770516161,
        "dvar2": 0.000274889578577,
        "max": 0.53173828125,
        "mean": 0.0746605843306,
        "median": 0.064453125,
        "min": 0.00537109375,
        "var": 0.00423719035462
    },
    "barkbands": {
        "dmean": [0.000417472940171, 0.003751270473, 0.00117160542868, 0.000612117932178, 0.000790865567978, 0.000873930053785, 0.000743521668483, 0.000796652457211, 0.000801060406957, 0.000887237722054, 0.00064162525814, 0.000825904193334, 0.000619418628048, 0.000649167981464, 0.00043399471906, 0.000246060022619, 0.000293758115731, 0.000256555649685, 0.00017434557958, 0.000173962587724, 8.1867830886e-05, 3.23598032992e-05, 5.19028435519e-05, 0.000129619002109, 6.21873623459e-05, 2.1366880901e-05, 1.16220303426e-06],
        "dmean2": [0.000700553937349, 0.0064877611585, 0.00209354632534, 0.00105577451177, 0.00128766405396, 0.00144915131386, 0.00119046960026, 0.00127781229094, 0.00126466096845, 0.00136588001624, 0.000970579974819, 0.00124589935876, 0.000953751383349, 0.000961154291872, 0.000671348301694, 0.000389038352296, 0.000451159488875, 0.000387517473428, 0.000273714977084, 0.000281867192825, 0.000133952926262, 5.04034287587e-05, 7.85877709859e-05, 0.000181858515134, 9.04802727746e-05, 3.20278668369e-05, 1.87574744359e-06],
        "dvar": [8.40539087221e-07, 7.67833407735e-05, 7.13730150892e-06, 1.35454581596e-06, 1.40015663419e-06, 3.17005515171e-06, 3.9754613681e-06, 3.77416631636e-06, 5.1526462812e-06, 6.15539011051e-06, 4.71298289995e-06, 5.99835266257e-06, 4.73435602544e-06, 3.37119104188e-06, 1.54871497671e-06, 6.68763846079e-07, 6.87516092057e-07, 3.95896478267e-07, 1.09016404792e-07, 7.852226247e-08, 4.42151275593e-08, 6.17329165564e-09, 4.19081089831e-08, 3.40899219964e-07, 8.32881710267e-08, 2.79973977335e-09, 8.02904184111e-12],
        "dvar2": [2.09633981285e-06, 0.000206792945391, 2.03598447115e-05, 3.79652738047e-06, 3.61236698154e-06, 8.44361602503e-06, 9.9960652733e-06, 8.68977713253e-06, 1.21988105093e-05, 1.4089949218e-05, 9.9466433312e-06, 1.32209161166e-05, 1.01335472209e-05, 6.96303231962e-06, 3.42436237588e-06, 1.59192563842e-06, 1.5255678818e-06, 8.32061857636e-07, 2.59922217083e-07, 2.04477473176e-07, 1.28128320398e-07, 1.56247477179e-08, 8.99180889746e-08, 6.21819879143e-07, 1.564715717e-07, 6.38501607142e-09, 2.03234547247e-11],
        "max": [0.00793505832553, 0.0752678066492, 0.0320376679301, 0.0125916199759, 0.0186094064265, 0.0348547622561, 0.0426301509142, 0.0522781088948, 0.0481783524156, 0.0612736195326, 0.0682913064957, 0.0447719618678, 0.0484750196338, 0.0384988263249, 0.0399928539991, 0.0206872187555, 0.021529218182, 0.0175782442093, 0.00723580364138, 0.00513180531561, 0.00762710580602, 0.00170182669535, 0.0105531867594, 0.0145817650482, 0.010720285587, 0.00206802925095, 8.18145053927e-05],
        "mean": [0.000482626026496, 0.00415877858177, 0.00142463552766, 0.000873058277648, 0.0016485058004, 0.00141243275721, 0.00123439077288, 0.00116574112326, 0.00112313858699, 0.00144177989569, 0.00105264643207, 0.00132233568002, 0.000918670208193, 0.0011364138918, 0.000746614707168, 0.000346962013282, 0.000578301900532, 0.000457232497865, 0.0003319317766, 0.000319186161505, 0.000150201100041, 5.55016558792e-05, 8.63261229824e-05, 0.000217416250962, 0.00010282164294, 3.30280454364e-05, 1.40626275424e-06],
        "median": [0.000153736938955, 0.00238781026565, 0.000732574495487, 0.00053554342594, 0.00107746606227, 0.000772125145886, 0.000391376932384, 0.000324787630234, 0.000195624466869, 0.000310962757794, 0.000101306111901, 0.000160244322615, 8.02839058451e-05, 0.000143924611621, 0.000124517653603, 6.11342984485e-05, 0.000120760138088, 0.000132615794428, 0.000167134377989, 0.000175448134542, 6.48591521895e-05, 2.55000777543e-05, 2.81671036646e-05, 3.64307852578e-05, 2.01848997676e-05, 9.71966710495e-06, 3.50641386149e-07],
        "min": [5.32059366263e-25, 1.74938602924e-24, 1.61727085889e-25, 4.01774550423e-25, 2.27078186961e-24, 3.041555772e-24, 5.76287424838e-24, 3.35348241797e-24, 1.21852401578e-23, 1.51939659055e-23, 1.02821723886e-23, 1.9256987687e-23, 1.93894989641e-23, 3.14599432942e-23, 3.99968193056e-23, 6.27348008873e-23, 7.38388827199e-23, 1.0309457194e-22, 1.26748906971e-22, 1.27717703893e-22, 2.42805530124e-22, 3.16497255575e-22, 4.18311758701e-22, 5.74005385923e-22, 8.87444436028e-22, 1.26722141236e-21, 1.96775322124e-21],
        "var": [8.79813455867e-07, 5.85912894167e-05, 5.33553838977e-06, 1.33134312819e-06, 3.3846504266e-06, 4.55761301055e-06, 8.61890021042e-06, 7.56665303925e-06, 9.53229391598e-06, 1.49275902004e-05, 1.5261284716e-05, 1.37836022986e-05, 1.04808605101e-05, 1.00214074337e-05, 4.5183196562e-06, 9.95073264676e-07, 2.04297748496e-06, 9.17910881526e-07, 2.49863489898e-07, 1.71785970338e-07, 8.19986638589e-08, 9.58867207856e-09, 6.40237161065e-08, 8.08268794117e-07, 1.89561916386e-07, 4.61941951357e-09, 8.866373781e-12]
    },
    "erbbands": {
        "dmean": [0.136346876621, 0.775499880314, 1.34710776806, 1.87269103527, 2.09763360023, 2.93952274323, 4.68166255951, 7.90415096283, 10.5771417618, 13.0851230621, 17.8836269379, 18.4048194885, 24.8178062439, 24.6245765686, 25.583190918, 35.9402961731, 25.8890800476, 33.6238594055, 21.4455318451, 19.0486717224, 14.111035347, 13.9987335205, 11.9687862396, 11.4680738449, 7.3287062645, 9.20477104187, 4.85005569458, 1.95933556557, 1.18122518063, 1.03374576569, 1.64936041832, 2.26301002502, 2.4404027462, 1.06557333469, 0.259160846472, 0.0966205224395, 0.0365826748312, 0.00769323622808, 0.00015693345631, 1.26248460219e-05],
        "dmean2": [0.239077344537, 1.35425567627, 2.39767742157, 3.29073786736, 3.46506476402, 4.78031778336, 7.51911115646, 13.3481664658, 16.738899231, 21.0039710999, 27.9470233917, 29.2419090271, 38.1742935181, 36.872379303, 37.0055160522, 53.4656982422, 37.9442749023, 50.3262290955, 31.6727161407, 29.3562927246, 21.7896137238, 20.9537506104, 17.8578071594, 16.8814201355, 11.6719341278, 14.8807640076, 7.84430646896, 3.21379423141, 1.85009837151, 1.56362438202, 2.48878145218, 3.13368940353, 3.51303982735, 1.52022588253, 0.375275403261, 0.142014369369, 0.0555077977479, 0.0123627483845, 0.000246804236667, 1.94244585145e-05],
        "dvar": [0.117090694606, 3.20528149605, 9.49482250214, 15.6189937592, 11.0427398682, 22.6693115234, 78.9205627441, 300.022399902, 679.193786621, 1239.31542969, 2062.14599609, 3192.92016602, 4442.89257812, 7410.56835938, 6988.33886719, 10912.6552734, 7760.40722656, 9114.27148438, 4017.01611328, 2981.35058594, 2171.77319336, 1733.21264648, 921.355224609, 608.044250488, 150.003616333, 245.570617676, 113.779510498, 28.3484992981, 8.87257003784, 5.6130900383, 45.7239341736, 91.4490127563, 147.783569336, 28.1870326996, 1.07847964764, 0.0860359221697, 0.00751802558079, 0.000539235770702, 1.7927487761e-07, 4.17792828111e-10],
        "dvar2": [0.318463712931, 8.89978694916, 26.9873199463, 44.1751670837, 28.5541877747, 57.8910903931, 193.721221924, 803.750427246, 1688.01513672, 2971.73901367, 4415.60009766, 7761.27050781, 10634.5673828, 15580.9345703, 13165.7001953, 23456.3378906, 15855.1425781, 19753.1269531, 8216.68945312, 7030.95263672, 5017.484375, 3657.16088867, 1976.09802246, 1205.78149414, 377.687713623, 631.862792969, 312.284301758, 79.9940261841, 22.5665817261, 13.4452733994, 96.3560562134, 168.450927734, 293.392669678, 51.0764274597, 2.18502211571, 0.18285214901, 0.0180835425854, 0.00144521018956, 4.64912886855e-07, 9.98816140907e-10],
        "max": [3.05397319794, 17.0024909973, 34.2868041992, 40.2532615662, 57.1410522461, 99.4194259644, 282.507446289, 299.538360596, 589.602844238, 778.565979004, 1433.79248047, 1144.1517334, 1497.53527832, 2191.77490234, 2403.80957031, 2248.00317383, 2005.56530762, 2130.95288086, 2482.94189453, 1228.69128418, 1303.7076416, 1145.16552734, 815.827209473, 687.542480469, 321.225250244, 328.225982666, 345.542572021, 160.258712769, 58.1988067627, 66.9554672241, 382.17565918, 351.498138428, 360.735351562, 215.175949097, 38.9989051819, 13.8834667206, 1.4844789505, 0.353980541229, 0.00687501626089, 0.000386244500987],
        "mean": [0.136140167713, 0.86182898283, 1.68248820305, 2.61102724075, 3.77760982513, 5.66145944595, 8.47122573853, 11.5909109116, 17.9320430756, 20.2218360901, 26.7670974731, 26.3616714478, 40.779296875, 42.8542060852, 45.3514175415, 60.7009162903, 43.9827728271, 62.8337097168, 40.8448028564, 32.3350067139, 23.9775905609, 28.2572498322, 23.6784820557, 22.9629096985, 15.1666221619, 16.6130847931, 9.22253704071, 3.74404025078, 2.04368257523, 1.7666040659, 2.74258184433, 3.79413723946, 3.89425039291, 1.7466520071, 0.431039988995, 0.163832873106, 0.054267000407, 0.00939301773906, 0.000215190026211, 3.59094592568e-05],
        "median": [0.0667741298676, 0.464189350605, 0.970652997494, 1.73287940025, 2.32705783844, 3.23685789108, 4.80344009399, 5.58600330353, 6.64912843704, 5.76843452454, 7.95053958893, 5.86023044586, 10.8065891266, 7.23458385468, 6.04762601852, 8.93706703186, 5.43094587326, 9.20668315887, 7.36815071106, 6.3554649353, 5.86797618866, 6.24739980698, 7.47625350952, 9.04629707336, 8.71808433533, 9.08929443359, 4.47540807724, 1.74100995064, 0.963379085064, 0.761619329453, 0.863991498947, 0.732708454132, 0.555665493011, 0.293978989124, 0.105016931891, 0.04771553725, 0.0164721384645, 0.00224947556853, 6.70779554639e-05, 2.85669029836e-05],
        "min": [8.77888023561e-23, 4.67949259751e-22, 1.11415594151e-21, 4.89552426424e-21, 1.20545523421e-20, 8.81378067899e-21, 4.84596071669e-20, 5.95818130598e-20, 9.41834243178e-20, 1.05527482636e-19, 2.69999997894e-19, 2.43988657297e-19, 5.85006220833e-19, 8.45436953961e-19, 1.08478481783e-18, 1.14208103392e-18, 1.49734404347e-18, 1.84045763098e-18, 1.82847529942e-18, 2.43985400274e-18, 3.80712151674e-18, 4.22667951755e-18, 6.11093987748e-18, 5.72509072741e-18, 7.4777119103e-18, 6.55594402188e-18, 8.7202761567e-18, 9.07551217948e-18, 1.09296813631e-17, 1.03602717361e-17, 1.16331281637e-17, 1.0827884381e-17, 9.31451112823e-18, 8.03865368935e-18, 6.35432908733e-18, 4.18757331332e-18, 2.230396362e-18, 9.60747534013e-19, 2.37175558333e-19, 2.58571311891e-20],
        "var": [0.0846687182784, 2.36962795258, 7.18682765961, 12.4462089539, 22.2663898468, 54.735912323, 153.525115967, 386.478820801, 1423.32763672, 2334.09790039, 4367.04052734, 5241.3359375, 8620.45996094, 19674.7519531, 21327.5859375, 26038.0136719, 19524.3339844, 27795.1464844, 15598.5292969, 5527.14453125, 3543.34863281, 4719.24121094, 2233.69433594, 1721.32495117, 381.032989502, 500.234771729, 225.454528809, 53.0120162964, 13.8818292618, 9.1606760025, 72.2301330566, 219.742950439, 307.167663574, 64.2930755615, 2.3877120018, 0.168653249741, 0.0107273990288, 0.000483242212795, 1.88389776667e-07, 9.53544909699e-10]
    },
    "gfcc": {
        "mean": [-31.1207103729, 87.093711853, -113.20954895, 28.7796192169, -55.0903091431, 14.03120327, -36.4513931274, 15.7329063416, -27.5386180878, 5.97455358505, -9.90898132324, -1.03489220142, -9.62137794495],
        "cov": [[27299.6601562, 145.598312378, -2004.60644531, 408.217590332, -831.73840332, 475.31930542, -578.984619141, 543.337158203, -648.479797363, 353.895874023, -240.385848999, 79.6171112061, -347.991668701], [145.598312378, 1180.24658203, -111.011863708, 100.330955505, 141.660797119, -37.1875915527, 133.584701538, -106.630027771, 39.3560600281, -114.55493927, 59.768497467, -86.1140060425, 46.2387313843], [-2004.60644531, -111.011863708, 1396.96740723, 157.438781738, -34.993598938, 153.851730347, -62.4625091553, 34.4331855774, 105.327522278, -71.4886779785, -40.1166000366, 90.4426803589, -24.5475502014], [408.217590332, 100.330955505, 157.438781738, 381.266540527, 106.406417847, -68.271697998, -53.9633560181, 41.2295379639, 67.1921920776, -24.2800788879, -50.0684394836, 36.5328140259, 27.3799743652], [-831.73840332, 141.660797119, -34.993598938, 106.406417847, 410.989746094, -13.2992124557, 86.8206939697, 10.6532478333, 49.4164505005, -7.60930967331, -32.2402801514, -18.5198421478, 22.0887451172], [475.31930542, -37.1875915527, 153.851730347, -68.271697998, -13.2992124557, 339.344543457, 86.3586502075, -7.30402994156, -39.8466796875, 5.90955162048, 52.4022064209, -39.960773468, -20.6324996948], [-578.984619141, 133.584701538, -62.4625091553, -53.9633560181, 86.8206939697, 86.3586502075, 285.599853516, -37.9469451904, -32.752494812, 25.7529354095, 30.482170105, -29.8107624054, -6.7868680954], [543.337158203, -106.630027771, 34.4331855774, 41.2295379639, 10.6532478333, -7.30402994156, -37.9469451904, 177.050262451, 45.3405265808, -7.11413908005, -28.1795310974, 9.12805461884, -12.415345192], [-648.479797363, 39.3560600281, 105.327522278, 67.1921920776, 49.4164505005, -39.8466796875, -32.752494812, 45.3405265808, 150.632080078, -12.3014707565, -5.04700946808, 0.609539568424, 12.2022514343], [353.895874023, -114.55493927, -71.4886779785, -24.2800788879, -7.60930967331, 5.90955162048, 25.7529354095, -7.11413908005, -12.3014707565, 124.612548828, 8.98914241791, 2.23479533195, -29.7851028442], [-240.385848999, 59.768497467, -40.1166000366, -50.0684394836, -32.2402801514, 52.4022064209, 30.482170105, -28.1795310974, -5.04700946808, 8.98914241791, 152.395080566, -9.43428039551, -14.529132843], [79.6171112061, -86.1140060425, 90.4426803589, 36.5328140259, -18.5198421478, -39.960773468, -29.8107624054, 9.12805461884, 0.609539568424, 2.23479533195, -9.43428039551, 100.253646851, 10.425778389], [-347.991668701, 46.2387313843, -24.5475502014, 27.3799743652, 22.0887451172, -20.6324996948, -6.7868680954, -12.415345192, 12.2022514343, -29.7851028442, -14.529132843, 10.425778389, 90.752456665]],
        "icov": [[0.000122041397844, -0.000215121544898, 0.000269247568212, -0.000293442280963, 0.00025850723614, -0.000486319360789, 0.00037465596688, -0.000470612460049, 0.00048083398724, -0.000377142307116, 0.00036633797572, -0.000416043709265, 0.000447102618637], [-0.000215121544898, 0.00167577539105, -0.000393734400859, 4.17976443714e-05, -0.000579053012189, 0.00117323745508, -0.00128958607092, 0.00158464279957, -0.00118338060565, 0.00193087407388, -0.00119025353342, 0.0017253505066, -0.00086573016597], [0.000269247568212, -0.000393734400859, 0.00165198952891, -0.00100987416226, 0.000754048523959, -0.00188899040222, 0.000867909169756, -0.00069605227327, 0.00011094983347, -8.78585560713e-05, 0.00123704574071, -0.00202861707658, 0.00172860117164], [-0.000293442280963, 4.17976443714e-05, -0.00100987416226, 0.00434953905642, -0.00146677577868, 0.0014823267702, -0.000203059127671, 0.000512844591867, -0.00166776857805, 0.000517317792401, -0.00024405347358, -4.78113361169e-05, -0.00162248522975], [0.00025850723614, -0.000579053012189, 0.000754048523959, -0.00146677577868, 0.00370720168576, -0.00107128638774, -0.00037833317765, -0.00103439064696, 5.69772055314e-05, -0.000757384812459, 0.00146521977149, -0.000522681046277, 0.000655478681438], [-0.000486319360789, 0.00117323745508, -0.00188899040222, 0.0014823267702, -0.00107128638774, 0.00624387105927, -0.00257915374823, 0.00137911958154, -0.000534339109436, 0.00150313717313, -0.00290622608736, 0.00386987673119, -0.00208933767863], [0.00037465596688, -0.00128958607092, 0.000867909169756, -0.000203059127671, -0.00037833317765, -0.00257915374823, 0.00603329855949, -0.00121500890236, 0.00227489485405, -0.00250253779814, 0.000903723586816, -0.0013208554592, 0.00134960340802], [-0.000470612460049, 0.00158464279957, -0.00069605227327, 0.000512844591867, -0.00103439064696, 0.00137911958154, -0.00121500890236, 0.00898981560022, -0.0042445990257, 0.00271603185683, -0.000387413601857, 0.00128336111084, 2.00135900741e-06], [0.00048083398724, -0.00118338060565, 0.00011094983347, -0.00166776857805, 5.69772055314e-05, -0.000534339109436, 0.00227489485405, -0.0042445990257, 0.0110992165282, -0.00225836643949, 0.00017958135868, -5.49600445083e-05, 0.000235478393734], [-0.000377142307116, 0.00193087407388, -8.78585560713e-05, 0.000517317792401, -0.000757384812459, 0.00150313717313, -0.00250253779814, 0.00271603185683, -0.00225836643949, 0.0118134468794, -0.00141827610787, 0.000728582555894, 0.00197079335339], [0.00036633797572, -0.00119025353342, 0.00123704574071, -0.00024405347358, 0.00146521977149, -0.00290622608736, 0.000903723586816, -0.000387413601857, 0.00017958135868, -0.00141827610787, 0.00910811498761, -0.00231214053929, 0.00265080528334], [-0.000416043709265, 0.0017253505066, -0.00202861707658, -4.78113361169e-05, -0.000522681046277, 0.00386987673119, -0.0013208554592, 0.00128336111084, -5.49600445083e-05, 0.000728582555894, -0.00231214053929, 0.0147264664993, -0.00374032300897], [0.000447102618637, -0.00086573016597, 0.00172860117164, -0.00162248522975, 0.000655478681438, -0.00208933767863, 0.00134960340802, 2.00135900741e-06, 0.000235478393734, 0.00197079335339, 0.00265080528334, -0.00374032300897, 0.0150674581528]]
    },
    "melbands": {
        "dmean": [0.00110982940532, 0.000808066688478, 0.000311789597617, 0.000167334699654, 0.000154854365974, 0.000179000751814, 0.000156840527779, 0.000148666818859, 0.000149371495354, 0.000116320894449, 0.000127109204186, 0.000102961428638, 8.74730176292e-05, 9.58982491284e-05, 8.05381714599e-05, 5.69995390833e-05, 7.00565142324e-05, 3.96386676584e-05, 2.90698808385e-05, 2.08334822673e-05, 1.95233242266e-05, 1.79320013558e-05, 1.28314914036e-05, 1.30276712298e-05, 1.01287605503e-05, 6.00461316935e-06, 5.45358170712e-06, 6.54882114759e-06, 3.73166403733e-06, 2.16530770558e-06, 1.05862523014e-06, 7.38300968806e-07, 6.14043187852e-07, 6.02641136993e-07, 9.11272820758e-07, 1.28841020341e-06, 1.49120842252e-06, 1.86652573575e-06, 1.42518445045e-06, 8.00714417437e-07],
        "dmean2": [0.00192223978229, 0.00142583379056, 0.000539913424291, 0.000274236866971, 0.000248881493462, 0.000299478677334, 0.000248535303399, 0.000239591026912, 0.000232081627473, 0.000184709133464, 0.000195904329303, 0.000154148496222, 0.000128563900944, 0.000142032586155, 0.000117959469208, 8.60888467287e-05, 0.000104539387394, 5.89973096794e-05, 4.55038425571e-05, 3.27687812387e-05, 3.07034024445e-05, 2.72297420452e-05, 1.9575960323e-05, 1.98663528863e-05, 1.50942614709e-05, 9.63467482507e-06, 8.8184242486e-06, 1.06895940917e-05, 6.04003844273e-06, 3.60843023373e-06, 1.74751960458e-06, 1.18248431136e-06, 9.61595787885e-07, 9.29286613882e-07, 1.40745453336e-06, 1.89619743196e-06, 2.09839640775e-06, 2.75558909379e-06, 2.07751622838e-06, 1.16173669085e-06],
        "dvar": [7.16576505511e-06, 3.36830885317e-06, 3.70265127003e-07, 6.95342805557e-08, 7.44146504417e-08, 1.41935800002e-07, 1.53163071559e-07, 1.43293050314e-07, 1.44254755696e-07, 1.25051087707e-07, 1.17566557378e-07, 1.27676003103e-07, 7.84491334116e-08, 8.17672045628e-08, 5.85793991092e-08, 3.8866279084e-08, 4.05629201339e-08, 1.44776608479e-08, 7.12237024914e-09, 3.85116516455e-09, 4.11672740341e-09, 3.44678330322e-09, 1.15728737704e-09, 1.37431821479e-09, 4.9470461061e-10, 1.05910537285e-10, 7.60254290078e-11, 1.28994162574e-10, 5.8507754197e-11, 5.30807342525e-11, 1.13035518445e-11, 3.89151905145e-12, 1.90335963136e-12, 2.06178867382e-12, 1.21020016924e-11, 4.10671947837e-11, 4.2059977029e-11, 8.93596932561e-11, 5.322183666e-11, 1.64585515355e-11],
        "dvar2": [1.92603092728e-05, 9.4370025181e-06, 1.04218304386e-06, 1.8002822344e-07, 1.86571625704e-07, 3.78166760129e-07, 3.84168714618e-07, 3.42923897279e-07, 3.03485080622e-07, 3.02289834053e-07, 2.80167199662e-07, 2.66711623453e-07, 1.50819019495e-07, 1.71196077758e-07, 1.19094025308e-07, 8.44652205956e-08, 8.6571894542e-08, 2.92624893206e-08, 1.64500288946e-08, 9.37849531368e-09, 9.68303659477e-09, 7.57895879389e-09, 2.46285036809e-09, 2.91837198851e-09, 1.01144759235e-09, 2.63612881524e-10, 1.97218213982e-10, 3.35100586168e-10, 1.50490064854e-10, 1.6328044472e-10, 3.1392034805e-11, 1.01770250213e-11, 4.71838323621e-12, 5.02848153741e-12, 2.73385585003e-11, 9.40282920969e-11, 7.6607095667e-11, 1.84760109989e-10, 1.03034671073e-10, 3.18374354658e-11],
        "max": [0.0223144944757, 0.0179869700223, 0.00608935486525, 0.00401316955686, 0.00811008084565, 0.00645878864452, 0.00901677832007, 0.00753354234621, 0.01085004583, 0.00627357279882, 0.00752306124195, 0.00983952917159, 0.00971308257431, 0.00574439670891, 0.00626255711541, 0.00436026090756, 0.00383495772257, 0.00382061488926, 0.00187902443577, 0.00140090170316, 0.0015274558682, 0.00145700515714, 0.00113719818182, 0.000998355331831, 0.000551373814233, 0.00023687283101, 0.000155551097123, 0.000247426069109, 0.000193093321286, 0.000327749643475, 0.00013190683967, 4.0297753003e-05, 3.16281548294e-05, 3.213960008e-05, 0.00021139717137, 0.000359806261258, 0.000200606693397, 0.000267521420028, 0.000217282897211, 0.000181194292963],
        "mean": [0.00120311928913, 0.00100057094824, 0.000480917253299, 0.000330238835886, 0.000293764198432, 0.000273323152214, 0.000270887772785, 0.000221562455408, 0.000216637112317, 0.000163683798746, 0.000202489973162, 0.000171305262484, 0.000148411723785, 0.000154230612679, 0.000127534745843, 8.50446522236e-05, 0.000123778881971, 6.61385856802e-05, 4.71195598948e-05, 3.19120808854e-05, 2.94359106192e-05, 3.14823919325e-05, 2.36221403611e-05, 2.23646948143e-05, 1.83589418157e-05, 1.10584514914e-05, 1.01967425508e-05, 1.09961965791e-05, 6.46560420137e-06, 3.55469546776e-06, 1.73570253992e-06, 1.16965725283e-06, 9.6856433629e-07, 9.64563923844e-07, 1.41895588968e-06, 2.02706678465e-06, 2.42256874117e-06, 2.87178886538e-06, 2.20833771891e-06, 1.24160010273e-06],
        "median": [0.000669123721309, 0.000635186443105, 0.000335080432706, 0.000206374446861, 0.000173657230334, 0.000135367008625, 9.92446148302e-05, 6.05982204434e-05, 5.78891267651e-05, 3.0852999771e-05, 4.83257681481e-05, 2.49139211519e-05, 1.61656716955e-05, 1.94474414457e-05, 1.50178002514e-05, 9.39299479796e-06, 1.54814588313e-05, 9.35016396397e-06, 8.02907561592e-06, 5.8654059103e-06, 6.18790227236e-06, 6.34523985354e-06, 4.92766093885e-06, 6.61741160002e-06, 6.35682317807e-06, 5.49251217308e-06, 5.64676201975e-06, 5.56863324164e-06, 2.83661302092e-06, 1.35431434956e-06, 7.06797891326e-07, 5.02508612499e-07, 3.92541608107e-07, 3.7965750721e-07, 4.70225046456e-07, 4.54675642914e-07, 4.19439885491e-07, 3.78091840503e-07, 3.13321635304e-07, 2.06793359325e-07],
        "min": [8.97621158224e-25, 4.59627341237e-25, 8.82795700802e-25, 7.29776308104e-25, 1.68414032985e-24, 1.36051763766e-24, 1.69444009226e-24, 1.00401995611e-24, 2.17444104827e-24, 1.31309220751e-24, 2.54120752944e-24, 2.94337828525e-24, 2.4036940853e-24, 3.42136547659e-24, 2.5726136598e-24, 1.92712132157e-24, 2.20965954617e-24, 2.61504372688e-24, 3.50991432434e-24, 3.65948708514e-24, 3.05912725423e-24, 3.67387906349e-24, 3.00438425171e-24, 5.41677414799e-24, 3.38957398768e-24, 4.56646650028e-24, 4.69679854916e-24, 2.52391806498e-24, 4.47582441012e-24, 4.6485932314e-24, 4.37685470981e-24, 5.4130763625e-24, 5.13587340142e-24, 5.04389853075e-24, 5.37051928881e-24, 5.68054359672e-24, 5.71263288062e-24, 5.47996387865e-24, 5.65162001163e-24, 6.12664404419e-24],
        "var": [5.40430346518e-06, 2.54347582995e-06, 3.38804284183e-07, 1.51022376826e-07, 1.5445112922e-07, 1.99034488446e-07, 3.36428513492e-07, 2.61351146946e-07, 2.94677988677e-07, 2.13693652995e-07, 2.27713400136e-07, 3.47552827407e-07, 2.80481287973e-07, 1.89253483995e-07, 1.43522001395e-07, 8.1839417021e-08, 1.24074446717e-07, 4.50668267149e-08, 1.38745006595e-08, 6.24799234572e-09, 6.3123666294e-09, 7.28700211283e-09, 3.8898506638e-09, 2.67764543871e-09, 1.26692567548e-09, 2.52890403063e-10, 1.71795550008e-10, 2.41016429037e-10, 1.23759780202e-10, 7.07203878791e-11, 1.89278783619e-11, 5.3467659987e-12, 3.02750749817e-12, 3.15487935255e-12, 1.65270193364e-11, 6.32584401528e-11, 1.00190862551e-10, 1.76447773059e-10, 1.05260175576e-10, 3.55133596142e-11]
    },
    "mfcc": {
        "mean": [-666.313842773, 116.887359619, 1.68091499805, 19.1272373199, 5.94932842255, -2.8144557476, 8.12802886963, 0.742095828056, -3.52033615112, 6.67927122116, -3.37943458557, 2.74058651924, -0.869683206081],
        "cov": [[11731.7724609, 313.089599609, -875.444091797, 145.054168701, -79.5372924805, -119.181556702, 270.947021484, -19.7773838043, -30.814863205, 241.473098755, -8.54477882385, 111.271392822, -19.2704772949], [313.089599609, 1068.10205078, -35.9552955627, 116.663162231, 24.3389778137, 88.084777832, 99.5500488281, 47.7357597351, -16.4514961243, 22.099319458, 20.4819755554, -29.8870277405, -25.9972000122], [-875.444091797, -35.9552955627, 1194.02062988, -45.3894195557, 137.609802246, 60.2572174072, -84.7316665649, 115.477813721, -16.8821849823, -42.4823799133, -12.5886411667, 27.2984294891, 14.8011369705], [145.054168701, 116.663162231, -45.3894195557, 490.17755127, 131.724060059, -30.5789794922, -101.222824097, 25.7946071625, 100.760383606, -57.9621086121, -13.4221944809, 5.48929452896, 34.0986175537], [-79.5372924805, 24.3389778137, 137.609802246, 131.724060059, 349.763122559, -17.5909538269, -69.8081207275, 62.9669799805, 62.8870391846, -4.16604042053, -14.5724382401, 25.9106693268, -19.881734848], [-119.181556702, 88.084777832, 60.2572174072, -30.5789794922, -17.5909538269, 255.373596191, 121.354095459, 5.4571518898, 4.04342842102, 17.5178413391, 35.458984375, -30.1733264923, -13.2810878754], [270.947021484, 99.5500488281, -84.7316665649, -101.222824097, -69.8081207275, 121.354095459, 260.943481445, 23.6338672638, -29.8839378357, 46.7511291504, 36.4433898926, -8.00371360779, -4.28317070007], [-19.7773838043, 47.7357597351, 115.477813721, 25.7946071625, 62.9669799805, 5.4571518898, 23.6338672638, 142.225921631, 35.9502677917, 6.03095197678, -0.800702691078, 16.0682544708, -4.4952712059], [-30.814863205, -16.4514961243, -16.8821849823, 100.760383606, 62.8870391846, 4.04342842102, -29.8839378357, 35.9502677917, 162.387954712, 7.84019899368, -3.04342484474, -17.9793701172, -10.1010656357], [241.473098755, 22.099319458, -42.4823799133, -57.9621086121, -4.16604042053, 17.5178413391, 46.7511291504, 6.03095197678, 7.84019899368, 122.897537231, 32.2181510925, -1.76020789146, -11.7755498886], [-8.54477882385, 20.4819755554, -12.5886411667, -13.4221944809, -14.5724382401, 35.458984375, 36.4433898926, -0.800702691078, -3.04342484474, 32.2181510925, 104.31337738, 19.2754669189, 2.87345981598], [111.271392822, -29.8870277405, 27.2984294891, 5.48929452896, 25.9106693268, -30.1733264923, -8.00371360779, 16.0682544708, -17.9793701172, -1.76020789146, 19.2754669189, 107.375923157, 26.9865436554], [-19.2704772949, -25.9972000122, 14.8011369705, 34.0986175537, -19.881734848, -13.2810878754, -4.28317070007, -4.4952712059, -10.1010656357, -11.7755498886, 2.87345981598, 26.9865436554, 94.6008911133]],
