{
"lowlevel": {
    "average_loudness": 0.840413451195,
    "barkbands_crest": {
        "dmean": 3.02865433693,
        "dmean2": 4.96856069565,
        "dvar": 8.97159194946,
        "dvar2": 23.9245128632,
        "max": 26.3990039825,
        "mean": 10.7292165756,
        "median": 9.74610137939,
        "min": 2.38629770279,
        "var": 22.4182758331
    },
    "barkbands_flatness_db": {
        "dmean": 0.0275979507715,
        "dmean2": 0.0432874858379,
        "dvar": 0.000936331634875,
        "dvar2": 0.00218612398021,
        "max": 0.521768331528,
        "mean": 0.152656465769,
        "median": 0.131969586015,
        "min": 0.0270761121064,
        "var": 0.00684723863378
    },
    "barkbands_kurtosis": {
        "dmean": 3.9056456089,
        "dmean2": 6.45783185959,
        "dvar": 125.115219116,
        "dvar2": 325.66494751,
        "max": 440.39352417,
        "mean": 4.2614402771,
        "median": 0.95129597187,
        "min": -1.9518134594,
        "var": 178.321762085
    },
    "barkbands_skewness": {
        "dmean": 0.660179972649,
        "dmean2": 1.03848278522,
        "dvar": 0.717911183834,
        "dvar2": 1.81845331192,
        "max": 17.060338974,
        "mean": 1.16371619701,
        "median": 0.975990116596,
        "min": -6.68949222565,
        "var": 2.18916749954
    },
    "barkbands_spread": {
        "dmean": 6.59077453613,
        "dmean2": 10.3731784821,
        "dvar": 69.8403244019,
        "dvar2": 156.197494507,
        "max": 123.498855591,
        "mean": 24.1743354797,
        "median": 22.4525222778,
        "min": 0.449981123209,
        "var": 258.163757324
    },
    "dissonance": {
        "dmean": 0.0225856918842,
        "dmean2": 0.0376777388155,
        "dvar": 0.000698403164279,
        "dvar2": 0.00182250584476,
        "max": 0.500000059605,
        "mean": 0.451888769865,
        "median": 0.468771785498,
        "min": 0.111336812377,
        "var": 0.00248635886237
    },
    "dynamic_complexity": 5.21216964722,
    "erbbands_crest": {
        "dmean": 2.84600543976,
        "dmean2": 4.47861480713,
        "dvar": 7.70358133316,
        "dvar2": 18.1104221344,
        "max": 33.3849716187,
        "mean": 10.7006034851,
        "median": 9.36566925049,
        "min": 2.3644053936,
        "var": 31.1462173462
    },
    "erbbands_flatness_db": {
        "dmean": 0.0200548376888,
        "dmean2": 0.0280023887753,
        "dvar": 0.00044188395259,
        "dvar2": 0.000842478650156,
        "max": 0.475429862738,
        "mean": 0.174412459135,
        "median": 0.164739906788,
        "min": 0.0310889873654,
        "var": 0.00435661012307
    },
    "erbbands_kurtosis": {
        "dmean": 1.65375840664,
        "dmean2": 2.55936264992,
        "dvar": 13.4779434204,
        "dvar2": 32.7978096008,
        "max": 95.6715545654,
        "mean": 2.16143918037,
        "median": 0.293007135391,
        "min": -1.90171301365,
        "var": 46.1974868774
    },
    "erbbands_skewness": {
        "dmean": 0.438066989183,
        "dmean2": 0.646968483925,
        "dvar": 0.230103433132,
        "dvar2": 0.496063917875,
        "max": 7.08469438553,
        "mean": 0.203788682818,
        "median": 0.0770843401551,
        "min": -6.01726293564,
        "var": 1.41679167747
    },
    "erbbands_spread": {
        "dmean": 8.33214855194,
        "dmean2": 12.597486496,
        "dvar": 110.698455811,
        "dvar2": 249.968170166,
        "max": 172.109848022,
        "mean": 33.276550293,
        "median": 30.1067848206,
        "min": 0.726555645466,
        "var": 427.647460938
    },
    "hfc": {
        "dmean": 5.17481708527,
        "dmean2": 6.80124425888,
        "dvar": 56.7855873108,
        "dvar2": 99.3456039429,
        "max": 145.450500488,
        "mean": 18.569196701,
        "median": 12.8974933624,
        "min": 1.09034256578e-16,
        "var": 350.603240967
    },
    "melbands_crest": {
        "dmean": 3.55139160156,
        "dmean2": 5.734603405,
        "dvar": 11.2962198257,
        "dvar2": 28.7973079681,
        "max": 37.8671340942,
        "mean": 14.696390152,
        "median": 14.078660965,
        "min": 1.6637455225,
        "var": 33.1945571899
    },
    "melbands_flatness_db": {
        "dmean": 0.0341713540256,
        "dmean2": 0.052462130785,
        "dvar": 0.00149312405847,
        "dvar2": 0.00345050240867,
        "max": 0.661372125149,
        "mean": 0.221072584391,
        "median": 0.19724008441,
        "min": 0.00312495348044,
        "var": 0.0112420730293
    },
    "melbands_kurtosis": {
        "dmean": 8.94342041016,
        "dmean2": 14.8884801865,
        "dvar": 472.897583008,
        "dvar2": 1280.5793457,
        "max": 501.522125244,
        "mean": 12.0199613571,
        "median": 4.62702703476,
        "min": -1.87059748173,
        "var": 672.644165039
    },
    "melbands_skewness": {
        "dmean": 0.880541205406,
        "dmean2": 1.3822863102,
        "dvar": 1.28755605221,
        "dvar2": 3.24183320999,
        "max": 16.1417980194,
        "mean": 2.21254062653,
        "median": 1.84443318844,
        "min": -2.95362854004,
        "var": 3.7776825428
    },
    "melbands_spread": {
        "dmean": 8.69957351685,
        "dmean2": 13.6035041809,
        "dvar": 120.078582764,
        "dvar2": 270.88470459,
        "max": 273.78503418,
        "mean": 29.0018196106,
        "median": 23.7306442261,
        "min": 0.384110152721,
        "var": 555.414916992
    },
    "pitch_salience": {
        "dmean": 0.0791308134794,
        "dmean2": 0.128015458584,
        "dvar": 0.00640370603651,
        "dvar2": 0.016505273059,
        "max": 0.909153819084,
        "mean": 0.514810264111,
        "median": 0.521511971951,
        "min": 0.079505123198,
        "var": 0.0162950959057
    },
    "silence_rate_20dB": {
        "dmean": 0,
        "dmean2": 0,
        "dvar": 0,
        "dvar2": 0,
        "max": 1,
        "mean": 1,
        "median": 1,
        "min": 1,
        "var": 0
    },
    "silence_rate_30dB": {
        "dmean": 0.000569962954614,
        "dmean2": 0.00114003417548,
        "dvar": 0.000569769472349,
        "dvar2": 0.00170927704312,
        "max": 1,
        "mean": 0.999715030193,
        "median": 1,
        "min": 0,
        "var": 0.000284802692477
    },
    "silence_rate_60dB": {
        "dmean": 0.0163389388472,
        "dmean2": 0.0326809808612,
        "dvar": 0.0160702727735,
        "dvar2": 0.0359830111265,
        "max": 1,
        "mean": 0.157674774528,
        "median": 0,
        "min": 0,
        "var": 0.13279555738
    },
    "spectral_centroid": {
        "dmean": 273.084197998,
        "dmean2": 419.704345703,
        "dvar": 128842.585938,
        "dvar2": 292518.78125,
        "max": 11835.6269531,
        "mean": 1651.14233398,
        "median": 1643.95556641,
        "min": 149.125915527,
        "var": 1412462.625
    },
    "spectral_complexity": {
        "dmean": 3.70361924171,
        "dmean2": 5.24453735352,
        "dvar": 28.3926887512,
        "dvar2": 44.7688064575,
        "max": 62,
        "mean": 15.8581876755,
        "median": 14,
        "min": 0,
        "var": 140.539138794
    },
    "spectral_decrease": {
        "dmean": 2.10845341186e-09,
        "dmean2": 3.36999694817e-09,
        "dvar": 1.46437454745e-17,
        "dvar2": 3.81173428943e-17,
        "max": 7.15100895166e-12,
        "mean": -5.26889998298e-09,
        "median": -3.87101461996e-09,
        "min": -4.42827321478e-08,
        "var": 2.83568002633e-17
    },
    "spectral_energy": {
        "dmean": 0.00823205523193,
        "dmean2": 0.013022147119,
        "dvar": 0.000212290236959,
        "dvar2": 0.000542882247828,
        "max": 0.168778017163,
        "mean": 0.0215702634305,
        "median": 0.0160462297499,
        "min": 1.0138733381e-20,
        "var": 0.000447453639936
    },
    "spectral_energyband_high": {
        "dmean": 0.000282891938696,
        "dmean2": 0.00040331191849,
        "dvar": 2.75409462347e-07,
        "dvar2": 5.80535470363e-07,
        "max": 0.00648798327893,
        "mean": 0.000632424431387,
        "median": 0.000298612343613,
        "min": 7.2504545577e-21,
        "var": 7.19762738299e-07
    },
    "spectral_energyband_low": {
        "dmean": 0.00648830970749,
        "dmean2": 0.0108163226396,
        "dvar": 0.000225707466598,
        "dvar2": 0.000622608931735,
        "max": 0.162580236793,
        "mean": 0.00897145550698,
        "median": 0.0035093287006,
        "min": 1.00873876427e-23,
        "var": 0.000265423877863
    },
    "spectral_energyband_middle_high": {
        "dmean": 0.00201024045236,
        "dmean2": 0.00274489377625,
        "dvar": 1.0980251318e-05,
        "dvar2": 2.04040334211e-05,
        "max": 0.0754242911935,
        "mean": 0.00657158717513,
        "median": 0.00304139824584,
        "min": 1.08724773195e-21,
        "var": 8.20603236207e-05
    },
    "spectral_energyband_middle_low": {
        "dmean": 0.00276987277903,
        "dmean2": 0.00451606605202,
        "dvar": 3.38517056662e-05,
        "dvar2": 8.88686990947e-05,
        "max": 0.0726640895009,
        "mean": 0.00576920621097,
        "median": 0.00378106394783,
        "min": 1.37331204646e-22,
        "var": 4.65396296931e-05
    },
    "spectral_entropy": {
        "dmean": 0.210200607777,
        "dmean2": 0.306494116783,
        "dvar": 0.0672906860709,
        "dvar2": 0.138897746801,
        "max": 9.82927894592,
        "mean": 7.3295750618,
        "median": 7.5042181015,
        "min": 3.91631102562,
        "var": 0.591608941555
    },
    "spectral_flux": {
        "dmean": 0.0256230626255,
        "dmean2": 0.0386944264174,
        "dvar": 0.000909200054593,
        "dvar2": 0.00190929544624,
        "max": 0.347534924746,
        "mean": 0.0790427103639,
        "median": 0.0676722452044,
        "min": 6.47679895827e-11,
        "var": 0.0033300279174
    },
    "spectral_kurtosis": {
        "dmean": 3.28894972801,
        "dmean2": 5.40004682541,
        "dvar": 69.5613708496,
        "dvar2": 184.013214111,
        "max": 198.463317871,
        "mean": 8.48172092438,
        "median": 4.56951808929,
        "min": -1.50181138515,
        "var": 219.377380371
    },
    "spectral_rms": {
        "dmean": 0.000728904036805,
        "dmean2": 0.0010955868056,
        "dvar": 1.02789590528e-06,
        "dvar2": 2.34192839343e-06,
        "max": 0.0128320492804,
        "mean": 0.00401294743642,
        "median": 0.00395662197843,
        "min": 3.14506710605e-12,
        "var": 4.94044934385e-06
    },
    "spectral_rolloff": {
        "dmean": 546.512939453,
        "dmean2": 922.383056641,
        "dvar": 1019677.4375,
        "dvar2": 2243954.75,
        "max": 19638.28125,
        "mean": 1784.49450684,
        "median": 1291.9921875,
        "min": 43.06640625,
        "var": 5033675.5
    },
    "spectral_skewness": {
        "dmean": 0.331404060125,
        "dmean2": 0.520672976971,
        "dvar": 0.30800819397,
        "dvar2": 0.766876161098,
        "max": 11.468626976,
        "mean": 1.88826727867,
        "median": 1.55010461807,
        "min": -0.401049315929,
        "var": 1.48059308529
    },
    "spectral_spread": {
        "dmean": 584404.25,
        "dmean2": 817384.6875,
        "dvar": 989548183552,
        "dvar2": 1.91803608269e+12,
        "max": 42693388,
        "mean": 4640437,
        "median": 4177587.5,
        "min": 516743.59375,
        "var": 1.50308210606e+13
    },
    "spectral_strongpeak": {
        "dmean": 0.646437823772,
        "dmean2": 1.08324742317,
        "dvar": 1.44189202785,
        "dvar2": 3.53322172165,
        "max": 19.7715835571,
        "mean": 1.18676221371,
        "median": 0.324234843254,
        "min": 0,
        "var": 3.59474396706
    },
    "zerocrossingrate": {
        "dmean": 0.0100336298347,
        "dmean2": 0.0117375375703,
        "dvar": 0.000176954985363,
        "dvar2": 0.000199776564841,
        "max": 0.529296875,
        "mean": 0.0645405948162,
        "median": 0.0556640625,
        "min": 0.00146484375,
        "var": 0.0033088712953
    },
    "barkbands": {
        "dmean": [0.00038987712469, 0.00499840686098, 0.00182609527837, 0.000809227407444, 0.00118287152145, 0.000514017301612, 0.000341945909895, 0.000403434532927, 0.000473982072435, 0.000557054590899, 0.000510624900926, 0.000402270554332, 0.000408667285228, 0.000291993899737, 0.000351020367816, 0.000357562268618, 0.000285415822873, 0.00025458066375, 0.00027231592685, 0.000211302496609, 7.972723688e-05, 4.3506584916e-05, 3.19659375236e-05, 3.69933040929e-05, 3.60907506547e-05, 1.55606285261e-05, 8.93166827609e-07],
        "dmean2": [0.000661998172291, 0.00863716751337, 0.00310419709422, 0.00140182138421, 0.00204854924232, 0.000827748794109, 0.000535966828465, 0.000625653250609, 0.000692073022947, 0.000820571673103, 0.000753020227421, 0.000596797908656, 0.000596872938331, 0.000438626128016, 0.000539802655112, 0.00053567357827, 0.000428680359619, 0.000374274706701, 0.000405037018936, 0.000331134797307, 0.000115911279863, 6.08878108324e-05, 4.62613097625e-05, 5.35750550625e-05, 5.33420898137e-05, 2.24310733756e-05, 1.34974811772e-06],
        "dvar": [9.5392942967e-07, 0.000153632892761, 3.56735072273e-05, 6.57346799926e-06, 1.11027957246e-05, 9.71170493358e-07, 8.22275922019e-07, 1.18783634662e-06, 2.195576144e-06, 4.88084060635e-06, 3.22156324728e-06, 1.67399252859e-06, 1.67780217453e-06, 9.00079157873e-07, 9.01102396256e-07, 9.13439691885e-07, 7.1307459848e-07, 3.61347673561e-07, 2.8870965707e-07, 1.61874226023e-07, 2.45255762366e-08, 6.3463869715e-09, 7.85615306143e-09, 9.1563832072e-09, 1.18575655961e-08, 1.47653989035e-09, 4.51658892578e-12],
        "dvar2": [2.84514226223e-06, 0.000447479193099, 9.68803578871e-05, 1.80676615855e-05, 3.10002760671e-05, 2.34656499742e-06, 1.766459377e-06, 2.50120842793e-06, 4.16364082412e-06, 8.94425829756e-06, 5.92079732087e-06, 3.61316983799e-06, 3.37181836585e-06, 1.96032715394e-06, 2.03623244488e-06, 1.91913409253e-06, 1.58220393587e-06, 7.63032630857e-07, 6.34422463008e-07, 4.07477784847e-07, 4.94022245334e-08, 1.24187726769e-08, 1.67978679855e-08, 1.75086540821e-08, 2.56971830481e-08, 3.22189119828e-09, 1.05402726477e-11],
        "max": [0.0224403198808, 0.150205507874, 0.0900591760874, 0.028217561543, 0.0591159872711, 0.024841690436, 0.0369835570455, 0.032087944448, 0.0371638350189, 0.0635128542781, 0.0723658800125, 0.0418495461345, 0.0344022512436, 0.0419156588614, 0.0261218287051, 0.0329531393945, 0.0440895482898, 0.0233684517443, 0.0154186096042, 0.0074893347919, 0.0021410449408, 0.00166133174207, 0.00288665224798, 0.00430680019781, 0.00409283628687, 0.00169715005904, 7.08352163201e-05],
        "mean": [0.000726433238015, 0.00597802642733, 0.00198357272893, 0.000791236234363, 0.00166055024602, 0.000982675352134, 0.000553496822249, 0.000639625999611, 0.00101300014649, 0.000948953849729, 0.000939831836149, 0.000680898490828, 0.000718875438906, 0.00045618796139, 0.000605838606134, 0.000594821001869, 0.000450221559731, 0.000457563117379, 0.000534048827831, 0.000393910479033, 0.00014915279462, 8.85042463779e-05, 5.08101511514e-05, 7.46709629311e-05, 6.8787499913e-05, 2.72952220257e-05, 1.30973114665e-06],
        "median": [5.67166498513e-05, 0.00185615522787, 0.0005550570786, 0.000170114974026, 0.000859199673869, 0.000495781714562, 0.000165500881849, 0.000170111015905, 0.000144098550663, 0.00012588534446, 0.000158094670041, 9.01439998415e-05, 0.000102623176645, 6.73088361509e-05, 8.32174046081e-05, 8.06885072961e-05, 7.0625304943e-05, 0.000110032298835, 0.000143020995893, 0.000152216205606, 5.63459543628e-05, 2.75569291261e-05, 1.07616779133e-05, 2.62896792265e-05, 2.18053264689e-05, 7.44426415622e-06, 2.4987531333e-07],
        "min": [1.95951397179e-25, 3.18684462365e-24, 3.95175581039e-25, 7.99011227792e-25, 6.34377011974e-24, 9.17761644881e-24, 7.29190835261e-24, 4.15238552252e-24, 1.04765556042e-23, 1.06271601951e-23, 1.18343934814e-23, 2.19678293017e-23, 3.16589665897e-23, 3.66952218471e-23, 4.18150206299e-23, 4.90468083152e-23, 4.95752252148e-23, 1.06583665858e-22, 1.03725004332e-22, 1.78751955751e-22, 2.48129697523e-22, 2.8610886938e-22, 3.73464650208e-22, 5.68245211946e-22, 9.1022552728e-22, 1.35845917139e-21, 1.91918968173e-21],
        "var": [2.5212161745e-06, 0.000153451168444, 2.71738190349e-05, 4.78006859339e-06, 9.40703830565e-06, 2.5754957278e-06, 1.87284456388e-06, 2.65334801952e-06, 1.04483433461e-05, 1.57855847647e-05, 1.39642588692e-05, 4.91418495585e-06, 4.82476843899e-06, 1.64975881489e-06, 2.56321595771e-06, 3.20307867696e-06, 1.52386667196e-06, 9.17515421861e-07, 8.92013588327e-07, 3.80200503969e-07, 5.87436446153e-08, 2.09204902291e-08, 1.3134698662e-08, 2.23021459078e-08, 2.6891108007e-08, 3.25048943317e-09, 8.16390531566e-12]
    },
    "erbbands": {
        "dmean": [0.143030300736, 1.15138065815, 2.25808644295, 2.23765230179, 3.36043143272, 4.10112190247, 4.91785240173, 4.09748935699, 4.43893814087, 6.11349534988, 9.25030040741, 10.9278039932, 11.179936409, 23.0063819885, 14.1012897491, 14.3786582947, 17.203830719, 12.7182168961, 15.4898538589, 18.4184322357, 18.0499362946, 14.3689756393, 13.0012588501, 14.0959911346, 11.3532104492, 9.11094284058, 4.83911132812, 2.52846503258, 1.76411640644, 0.980359911919, 0.929306030273, 0.774429559708, 0.635948598385, 0.400785177946, 0.276640623808, 0.0956634581089, 0.0245898216963, 0.00393450353295, 8.75918995007e-05, 1.0884808944e-05],
        "dmean2": [0.244745224714, 1.99226152897, 3.81385350227, 3.80057001114, 6.0147023201, 7.02621507645, 7.95287466049, 6.51858568192, 6.91445732117, 9.54288005829, 13.9881677628, 15.4907741547, 16.0867366791, 33.2653503418, 20.648601532, 21.0642642975, 24.6006145477, 18.4589347839, 23.7241477966, 27.4890842438, 26.3690357208, 21.05818367, 18.4408969879, 20.6738204956, 16.7769432068, 14.1457481384, 7.34142541885, 3.51060533524, 2.48004341125, 1.37736666203, 1.36147260666, 1.1346821785, 0.923914134502, 0.589863717556, 0.415448307991, 0.14115048945, 0.0350165069103, 0.00565034057945, 0.000122671888676, 1.61939606187e-05],
        "dvar": [0.116418227553, 9.35586643219, 47.1290206909, 50.5953140259, 136.199050903, 115.803520203, 90.9316253662, 81.3951797485, 154.539459229, 265.463317871, 720.448486328, 1135.98474121, 1705.71154785, 6759.66552734, 1828.83691406, 2420.39160156, 2729.44238281, 1898.89086914, 2082.12084961, 2166.80126953, 2479.43652344, 1807.92382812, 956.233947754, 827.572265625, 465.743896484, 313.7996521, 91.0611190796, 24.5953655243, 10.3835878372, 4.96066045761, 7.26371335983, 4.81302928925, 2.61949968338, 1.80663156509, 0.648512840271, 0.0654466897249, 0.00363450241275, 0.000107558793388, 4.83229811721e-08, 3.19264725768e-10],
        "dvar2": [0.323892861605, 27.315656662, 126.741653442, 137.633987427, 382.746307373, 316.175750732, 225.824417114, 199.313430786, 320.533416748, 589.865478516, 1431.41625977, 2021.51953125, 3170.54614258, 12601.7685547, 3772.75952148, 5197.11425781, 5173.84667969, 3822.28051758, 4839.25830078, 4605.28564453, 5148.90722656, 3920.47265625, 1798.93579102, 1720.36657715, 1007.27600098, 780.894592285, 209.042175293, 45.0900611877, 20.2980632782, 9.80639457703, 16.0392055511, 9.78082180023, 5.05560016632, 3.79509067535, 1.51365113258, 0.145739853382, 0.00815062411129, 0.000242231166339, 1.05288336272e-07, 7.15415615637e-10],
        "max": [4.10812950134, 38.9985923767, 105.027320862, 95.1089248657, 177.029159546, 163.888504028, 219.392471313, 285.497436523, 655.231140137, 567.437072754, 760.68157959, 906.482177734, 1518.18859863, 2616.02319336, 1732.75708008, 2146.23803711, 1370.2097168, 2505.92919922, 1549.69555664, 1546.94299316, 2246.25097656, 2966.74072266, 1188.96203613, 697.220031738, 597.376037598, 380.540039062, 110.904830933, 111.511962891, 58.28150177, 51.0221328735, 98.4671325684, 83.722618103, 63.9012527466, 61.7056770325, 35.4850769043, 12.9603261948, 2.16394042969, 0.34516364336, 0.00825212430209, 0.000323264888721],
        "mean": [0.17300619185, 1.32414913177, 2.57365322113, 2.44364976883, 3.3475086689, 5.97807025909, 9.03704547882, 7.63468408585, 7.4477314949, 10.0805225372, 16.6626605988, 24.2006969452, 19.9331264496, 47.3800354004, 26.9480876923, 25.7582397461, 31.9918842316, 23.5732898712, 28.1141719818, 32.8458900452, 33.0064201355, 25.4588603973, 25.5247344971, 28.6371040344, 24.3070163727, 17.3874931335, 8.61379623413, 5.08272409439, 3.6622133255, 1.79960823059, 1.46229934692, 1.40993821621, 1.28261017799, 0.778065621853, 0.489452034235, 0.169549971819, 0.0405351631343, 0.00664946902543, 0.000164079421666, 3.17373851431e-05],
        "median": [0.046215981245, 0.39203441143, 0.873589158058, 0.653930664062, 1.17489504814, 3.10353565216, 4.68784999847, 3.70271635056, 2.73181533813, 3.64154005051, 4.49866580963, 3.96087932587, 4.22546863556, 7.69509506226, 6.0553560257, 4.46978473663, 5.24129295349, 4.52800321579, 5.31190824509, 6.26951789856, 5.55776834488, 4.91666984558, 6.27278470993, 7.99908685684, 7.43803596497, 6.78365468979, 3.61878156662, 1.86358892918, 1.20034122467, 0.471284091473, 0.316822588444, 0.45705896616, 0.434231758118, 0.227225750685, 0.152294546366, 0.0507788434625, 0.00946090836078, 0.00139609747566, 4.77116773254e-05, 2.3387321562e-05],
        "min": [8.63771957196e-23, 7.23970191656e-22, 9.43761178186e-22, 6.47158444332e-21, 1.36758384597e-20, 3.1862208789e-20, 4.54460427926e-20, 1.11975064705e-19, 1.16686853495e-19, 1.50807898667e-19, 1.79759103784e-19, 2.77409959369e-19, 6.4514121739e-19, 6.16080553013e-19, 6.58692762269e-19, 1.23196134191e-18, 1.75037207881e-18, 1.79774781441e-18, 2.38033174022e-18, 3.42993687679e-18, 3.38038524258e-18, 3.54705510497e-18, 6.11413610337e-18, 6.1155940092e-18, 8.11916400555e-18, 8.42669983113e-18, 8.16377385599e-18, 1.10324006516e-17, 1.06387255457e-17, 1.19638258736e-17, 1.12327247708e-17, 1.08836884667e-17, 9.38469409448e-18, 8.84422668995e-18, 6.19197545337e-18, 4.16391429344e-18, 2.32305568666e-18, 9.63619608498e-19, 2.45126470079e-19, 2.7619631739e-20],
        "var": [0.132603392005, 8.62201309204, 38.2996253967, 38.7193603516, 91.509147644, 115.120491028, 216.826446533, 182.442932129, 397.528198242, 512.68737793, 1781.18127441, 6505.54199219, 4641.05078125, 32219.4199219, 5419.11181641, 6492.35351562, 8380.43359375, 3998.59716797, 4732.48681641, 6233.79003906, 8317.86914062, 4209.46240234, 3077.11621094, 2974.93334961, 1602.07727051, 685.783325195, 171.262054443, 73.0863265991, 34.1576843262, 13.2491111755, 11.2610635757, 9.67880439758, 6.65291500092, 4.00330257416, 1.27588927746, 0.138658896089, 0.00735826324672, 0.000207336051972, 1.02945939773e-07, 9.09639419344e-10]
    },
    "gfcc": {
        "mean": [-63.7159309387, 91.9032897949, -111.322547913, 31.7977561951, -48.8572769165, 11.4447660446, -35.0069847107, 15.4057407379, -30.3345451355, 7.73996257782, -11.755613327, 1.25254023075, -3.09697031975],
        "cov": [[32754.2050781, -2643.45507812, -3579.02490234, 995.457519531, -498.096130371, 631.651489258, -506.259033203, 1243.91723633, -873.213562012, 540.446411133, -590.196594238, 184.708267212, -529.844421387], [-2643.45507812, 2231.66552734, 524.044189453, -344.085174561, 140.43347168, -141.988250732, 170.712905884, -383.437744141, 124.065177917, -169.578811646, 158.345870972, -132.139221191, 188.09602356], [-3579.02490234, 524.044189453, 1448.50683594, 152.672210693, 21.379360199, 17.6770420074, 117.421417236, -122.722702026, 165.34588623, -62.6139984131, 50.9704856873, 28.4817752838, 15.1315441132], [995.457519531, -344.085174561, 152.672210693, 665.377319336, 76.7986068726, 16.8102741241, 35.7158508301, 125.37587738, 54.6365661621, 54.929561615, -61.1697349548, 56.6545143127, -40.1640663147], [-498.096130371, 140.43347168, 21.379360199, 76.7986068726, 385.027252197, 82.418548584, 70.9809646606, -42.184173584, 59.5968284607, 21.3810939789, 9.48381996155, 24.4525127411, 0.276478916407], [631.651489258, -141.988250732, 17.6770420074, 16.8102741241, 82.418548584, 287.724151611, 77.7958679199, -11.8846645355, -24.9090709686, 35.4645118713, 6.15087413788, 22.4011077881, -47.1263618469], [-506.259033203, 170.712905884, 117.421417236, 35.7158508301, 70.9809646606, 77.7958679199, 297.813964844, 23.6883125305, 14.6059045792, 6.62342166901, 29.9336090088, 11.23645401, -3.83335113525], [1243.91723633, -383.437744141, -122.722702026, 125.37587738, -42.184173584, -11.8846645355, 23.6883125305, 308.05682373, 2.04403734207, 45.6803855896, -19.0358085632, 19.230381012, -8.52929878235], [-873.213562012, 124.065177917, 165.34588623, 54.6365661621, 59.5968284607, -24.9090709686, 14.6059045792, 2.04403734207, 208.953689575, 33.1369590759, -3.73343992233, 11.2942304611, 26.4417800903], [540.446411133, -169.578811646, -62.6139984131, 54.929561615, 21.3810939789, 35.4645118713, 6.62342166901, 45.6803855896, 33.1369590759, 148.453094482, 18.3224086761, 13.7467565536, -26.5793323517], [-590.196594238, 158.345870972, 50.9704856873, -61.1697349548, 9.48381996155, 6.15087413788, 29.9336090088, -19.0358085632, -3.73343992233, 18.3224086761, 157.474761963, 11.8272600174, 12.6638450623], [184.708267212, -132.139221191, 28.4817752838, 56.6545143127, 24.4525127411, 22.4011077881, 11.23645401, 19.230381012, 11.2942304611, 13.7467565536, 11.8272600174, 131.700744629, 7.52392530441], [-529.844421387, 188.09602356, 15.1315441132, -40.1640663147, 0.276478916407, -47.1263618469, -3.83335113525, -8.52929878235, 26.4417800903, -26.5793323517, 12.6638450623, 7.52392530441, 130.882843018]],
        "icov": [[9.88546016742e-05, -0.000189373939065, 0.000217612992856, -0.000171264648088, 0.000171874751686, -0.000316404533805, 0.000253087520832, -0.00039532824303, 0.000326468638377, -0.000294297846267, 0.000368489651009, -0.000292501237709, 0.000317428435665], [-0.000189373939065, 0.00141854898538, -0.000603123684414, 0.000568897870835, -0.000649787893053, 0.0011017783545, -0.00114275387023, 0.00170145730954, -0.0010212410707, 0.00118283939082, -0.00145096168853, 0.00154196389485, -0.00158719765022], [0.000217612992856, -0.000603123684414, 0.00143454328645, -0.000731056090444, 0.000689101638272, -0.000907750043552, 0.000356719276169, -0.000594290962908, -4.87100151076e-05, -0.000114072863653, 0.000529096752871, -0.000911206647288, 0.000988805433735], [-0.000171264648088, 0.000568897870835, -0.000731056090444, 0.00234055193141, -0.000813233025838, 0.000849833420943, -0.000627136381809, 0.000107885862235, -0.000696511939168, 0.000102399179013, 6.75926421536e-05, 6.42859304207e-05, -0.000260487518972], [0.000171874751686, -0.000649787893053, 0.000689101638272, -0.000813233025838, 0.00361135439016, -0.00152703549247, 6.3224164478e-05, -0.000243286543991, -0.000355965137715, -0.000641685328446, 0.000652278424241, -0.00107213621959, 0.000669054803438], [-0.000316404533805, 0.0011017783545, -0.000907750043552, 0.000849833420943, -0.00152703549247, 0.00569158233702, -0.00208723265678, 0.0019613285549, -0.000303110369714, 0.000179890150321, -0.00123186339624, 0.000716530368663, -0.00020352784486], [0.000253087520832, -0.00114275387023, 0.000356719276169, -0.000627136381809, 6.3224164478e-05, -0.00208723265678, 0.00504351221025, -0.00222917017527, 0.00107398442924, -0.000877413433045, 0.000702607154381, -0.00120772735681, 0.00129021925386], [-0.00039532824303, 0.00170145730954, -0.000594290962908, 0.000107885862235, -0.000243286543991, 0.0019613285549, -0.00222917017527, 0.00649817101657, -0.00179497490171, 0.000834586913697, -0.0018938180292, 0.00166254618671, -0.00225910218433], [0.000326468638377, -0.0010212410707, -4.87100151076e-05, -0.000696511939168, -0.000355965137715, -0.000303110369714, 0.00107398442924, -0.00179497490171, 0.00762721151114, -0.0033394373022, 0.0022798050195, -0.00139608664904, 2.78735788015e-05], [-0.000294297846267, 0.00118283939082, -0.000114072863653, 0.000102399179013, -0.000641685328446, 0.000179890150321, -0.000877413433045, 0.000834586913697, -0.0033394373022, 0.0099815428257, -0.00325913121924, 0.00114750559442, 0.00019920268096], [0.000368489651009, -0.00145096168853, 0.000529096752871, 6.75926421536e-05, 0.000652278424241, -0.00123186339624, 0.000702607154381, -0.0018938180292, 0.0022798050195, -0.00325913121924, 0.00922694988549, -0.00255905371159, 0.00112066406291], [-0.000292501237709, 0.00154196389485, -0.000911206647288, 6.42859304207e-05, -0.00107213621959, 0.000716530368663, -0.00120772735681, 0.00166254618671, -0.00139608664904, 0.00114750559442, -0.00255905371159, 0.0100444108248, -0.00275654043071], [0.000317428435665, -0.00158719765022, 0.000988805433735, -0.000260487518972, 0.000669054803438, -0.00020352784486, 0.00129021925386, -0.00225910218433, 2.78735788015e-05, 0.00019920268096, 0.00112066406291, -0.00275654043071, 0.0109129305929]]
    },
    "melbands": {
        "dmean": [0.0013211996993, 0.00129471498076, 0.000416629976826, 0.00026950443862, 0.000168247672264, 9.1213878477e-05, 6.77884672768e-05, 7.21598553355e-05, 8.10882775113e-05, 6.84753540554e-05, 6.00255189056e-05, 9.57631564233e-05, 5.46066949028e-05, 4.25113685196e-05, 4.07331281167e-05, 3.83049955417e-05, 2.51789788308e-05, 2.70071777777e-05, 2.86293761746e-05, 2.58745531028e-05, 2.21117625188e-05, 1.68920741999e-05, 1.40800639201e-05, 1.2033294297e-05, 1.28342444441e-05, 1.05296994661e-05, 8.0474474089e-06, 6.29156602372e-06, 3.83312681151e-06, 1.89349179891e-06, 1.47593880229e-06, 1.1620480791e-06, 7.07318861259e-07, 5.49614185275e-07, 5.73992622321e-07, 4.91825005611e-07, 5.03370074512e-07, 4.87148838602e-07, 3.93594007164e-07, 3.54335810471e-07],
        "dmean2": [0.00225658505224, 0.00218101404607, 0.000703406927641, 0.000472825806355, 0.00027329090517, 0.000144920661114, 0.000105560175143, 0.000112586458272, 0.000120979180792, 9.76275259745e-05, 8.69778523338e-05, 0.000138883508043, 7.84968506196e-05, 6.24067906756e-05, 5.90260206081e-05, 5.54783218831e-05, 3.71409551008e-05, 4.18645649916e-05, 4.31046100857e-05, 3.86263636756e-05, 3.24820030073e-05, 2.51819637924e-05, 2.0404049792e-05, 1.76719404408e-05, 1.91968592844e-05, 1.57828089868e-05, 1.23029567476e-05, 9.99794701784e-06, 6.01203510087e-06, 2.77670869764e-06, 2.1154633032e-06, 1.67737937318e-06, 1.03013428543e-06, 7.89203795648e-07, 8.59943042997e-07, 7.31097543394e-07, 7.5190661164e-07, 7.16068711881e-07, 5.87963540966e-07, 5.27779263848e-07],
        "dvar": [9.60546640272e-06, 1.28107694763e-05, 1.58412092333e-06, 7.45338866182e-07, 1.02767799603e-07, 3.5840095336e-08, 3.23756808029e-08, 3.52780133994e-08, 6.20949336394e-08, 4.68371545992e-08, 5.24144461167e-08, 1.17916620468e-07, 2.87508239438e-08, 1.97478744468e-08, 2.1900230962e-08, 1.50845309577e-08, 7.73209674065e-09, 7.22981896573e-09, 6.54787823962e-09, 4.9743267283e-09, 4.16737533371e-09, 3.09264214238e-09, 1.81373827068e-09, 8.54317505627e-10, 7.54143969495e-10, 5.20425869066e-10, 2.3520210779e-10, 1.62850399832e-10, 5.81190512383e-11, 1.55880013758e-11, 8.53108469284e-12, 4.55230514743e-12, 2.26309509327e-12, 1.81868344169e-12, 2.6397024757e-12, 2.56181035586e-12, 2.05304696854e-12, 1.63108231348e-12, 1.06797285859e-12, 1.82203059064e-12],
        "dvar2": [2.72807046713e-05, 3.5329048842e-05, 4.23715300713e-06, 2.08119536182e-06, 2.60388304696e-07, 8.73811245583e-08, 6.79128504544e-08, 7.70831078967e-08, 1.20320308383e-07, 8.43622629532e-08, 9.64530144643e-08, 2.19238586396e-07, 5.38843885067e-08, 4.22149248891e-08, 4.53323067973e-08, 2.78305787305e-08, 1.61831721357e-08, 1.71962355466e-08, 1.44085179343e-08, 9.91781234916e-09, 8.48482439864e-09, 6.92174939587e-09, 3.37977978937e-09, 1.85065351932e-09, 1.60073776456e-09, 1.16802567618e-09, 5.28549704004e-10, 4.19262846663e-10, 1.41627265471e-10, 3.20405126042e-11, 1.66778656857e-11, 9.57145734198e-12, 4.85144650147e-12, 3.79894683419e-12, 6.02613271783e-12, 5.5555724951e-12, 4.17777965001e-12, 3.12816916467e-12, 2.27548166941e-12, 3.89652459604e-12],
        "max": [0.0339940413833, 0.0443175695837, 0.0148402154446, 0.0155289247632, 0.00868546776474, 0.00568478228524, 0.00864552054554, 0.00519694574177, 0.00749304238707, 0.00628342200071, 0.00782211218029, 0.0106235314161, 0.00561540620402, 0.00527181942016, 0.00452765217051, 0.00449123280123, 0.00463025830686, 0.00253899488598, 0.00274020875804, 0.00292701623403, 0.00303254066966, 0.00400057947263, 0.00298884836957, 0.000984186772257, 0.000634751573671, 0.000898548285477, 0.000387607724406, 0.000233317754464, 0.000104919148725, 7.17665025149e-05, 7.90544363554e-05, 3.90099667129e-05, 4.10455468227e-05, 3.70128000213e-05, 5.12680744578e-05, 5.68783652852e-05, 6.38958590571e-05, 5.55656151846e-05, 2.84827656287e-05, 6.79926306475e-05],
        "mean": [0.00166207028087, 0.00154009147082, 0.000457705871668, 0.000326925510308, 0.000317483936669, 0.000172505810042, 0.000112800953502, 0.00011864638509, 0.00014671725512, 0.000147965722135, 9.89093459793e-05, 0.000193061889149, 9.96227681753e-05, 7.49581595301e-05, 6.87988795107e-05, 7.20167954569e-05, 3.99068230763e-05, 4.33823843196e-05, 5.03787887283e-05, 4.11201945099e-05, 3.71429305233e-05, 2.61307632172e-05, 2.42575115408e-05, 2.09166446439e-05, 2.36990254052e-05, 1.9278815671e-05, 1.59099690791e-05, 1.05716517282e-05, 6.19625734544e-06, 3.31939577336e-06, 2.81919983536e-06, 2.25971893997e-06, 1.30060891479e-06, 8.8480658178e-07, 8.4001732148e-07, 7.8725554431e-07, 8.90105695817e-07, 9.33638943934e-07, 7.54450979912e-07, 6.32912417586e-07],
        "median": [0.000527207506821, 0.000566710485145, 0.000141362877912, 0.000151865533553, 0.000176626417669, 8.5385501734e-05, 3.88744410884e-05, 3.85425555578e-05, 3.30055190716e-05, 2.07192024391e-05, 1.70616331161e-05, 2.81805223494e-05, 2.04822717933e-05, 1.08732028821e-05, 8.39387939777e-06, 9.71188455878e-06, 6.49934145258e-06, 6.70039435136e-06, 6.52184598948e-06, 6.40558710074e-06, 5.06780816067e-06, 4.15340582549e-06, 4.60274577563e-06, 5.0574190027e-06, 5.57324165129e-06, 5.01672184328e-06, 4.82360701426e-06, 3.85079465559e-06, 2.41847237703e-06, 1.15366060527e-06, 9.03827412913e-07, 7.10786366653e-07, 3.45286139236e-07, 1.82372630775e-07, 1.59532191901e-07, 1.92032132418e-07, 2.89337151571e-07, 3.14752753638e-07, 2.16254150587e-07, 1.72114766883e-07],
        "min": [1.09703641899e-24, 4.80133435341e-25, 1.0163387094e-24, 1.67243895883e-24, 2.4285546423e-24, 2.0240914567e-24, 1.81581186455e-24, 1.86887972094e-24, 1.33937705287e-24, 1.45654804223e-24, 2.86345503986e-24, 2.12989703118e-24, 1.95682154022e-24, 2.96192302463e-24, 2.66779840548e-24, 3.16868839827e-24, 2.04072202509e-24, 2.27580375813e-24, 3.19650067556e-24, 3.50329617578e-24, 3.45689853277e-24, 3.04428207529e-24, 4.11331008644e-24, 3.65784467673e-24, 3.98622538347e-24, 3.45674588819e-24, 4.15083107211e-24, 5.03265371298e-24, 5.22535468276e-24, 3.92467490577e-24, 5.9861120238e-24, 5.0711532806e-24, 5.77247586889e-24, 5.37224255546e-24, 5.47286768038e-24, 5.61074242281e-24, 5.74165270674e-24, 5.81242694057e-24, 6.20816532456e-24, 6.48691879175e-24],
        "var": [1.08874464786e-05, 1.14518106784e-05, 1.25411020235e-06, 5.48322873328e-07, 2.32070007655e-07, 8.61396785012e-08, 7.9961878896e-08, 7.62056728831e-08, 1.69593064925e-07, 2.69452186785e-07, 1.39005237543e-07, 5.38310928277e-07, 1.00858351004e-07, 6.77376377212e-08, 6.0409007574e-08, 5.94554592226e-08, 1.35919560051e-08, 1.4492401057e-08, 2.10223074504e-08, 1.75429590854e-08, 1.24475736385e-08, 5.8350657639e-09, 5.83161163803e-09, 1.86221560394e-09, 2.4166946222e-09, 1.28072519257e-09, 8.26800850007e-10, 2.73993577826e-10, 9.4908726711e-11, 3.18702217394e-11, 2.53820194029e-11, 1.30737903142e-11, 6.62029415663e-12, 3.76399736032e-12, 3.86768568561e-12, 3.8887317845e-12, 4.27181423915e-12, 3.88834797693e-12, 2.56438642023e-12, 3.6789074391e-12]
    },
    "mfcc": {
        "mean": [-697.944702148, 118.548713684, -0.7092654109, 26.6493816376, 8.07684326172, -0.499253481627, 11.4121580124, -1.25376832485, 1.32678520679, 1.36515390873, -3.25163412094, -0.704347729683, -0.245720356703],
        "cov": [[18221.3359375, -1033.17749023, -2323.64575195, 449.447692871, -228.829727173, -270.191345215, 381.07019043, 217.557571411, 303.802642822, 289.812896729, 117.965408325, 89.7164459229, 16.7680473328], [-1033.17749023, 1845.12573242, 247.088317871, -138.702484131, -10.199505806, 78.7573776245, 86.0336837769, -68.7539749146, -72.6322174072, -43.491481781, -41.7705612183, -53.3050270081, -66.602897644], [-2323.64575195, 247.088317871, 1157.26660156, 123.916023254, 74.2355422974, 114.79524231, -57.9001922607, 50.1340179443, -25.1451244354, -2.02273726463, -14.2948989868, 7.34679555893, 30.8495388031], [449.447692871, -138.702484131, 123.916023254, 539.25213623, 86.2110977173, 12.1367549896, 12.9668531418, 77.0426254272, 104.067199707, 18.5289764404, 37.4656295776, 41.2168960571, 71.3062591553], [-228.829727173, -10.199505806, 74.2355422974, 86.2110977173, 291.872039795, 82.6358566284, -38.7437171936, 9.9560174942, 15.5677709579, 5.75487613678, -10.9800014496, 37.1129760742, 12.6459417343], [-270.191345215, 78.7573776245, 114.79524231, 12.1367549896, 82.6358566284, 389.875854492, 43.6738700867, 45.1318740845, -19.9053516388, 26.694601059, 43.1502304077, -24.3636417389, 11.3582649231], [381.07019043, 86.0336837769, -57.9001922607, 12.9668531418, -38.7437171936, 43.6738700867, 263.561950684, 52.1953010559, -19.2141036987, 26.2384490967, 33.9305343628, 2.20263767242, -12.2725963593], [217.557571411, -68.7539749146, 50.1340179443, 77.0426254272, 9.9560174942, 45.1318740845, 52.1953010559, 190.338317871, 41.8361701965, 14.7741889954, 15.1831598282, 4.51391744614, 32.4125480652], [303.802642822, -72.6322174072, -25.1451244354, 104.067199707, 15.5677709579, -19.9053516388, -19.2141036987, 41.8361701965, 189.117004395, 43.3941307068, 3.51212692261, 1.54616498947, 24.4914722443], [289.812896729, -43.491481781, -2.02273726463, 18.5289764404, 5.75487613678, 26.694601059, 26.2384490967, 14.7741889954, 43.3941307068, 135.173538208, 46.5730361938, 6.26905345917, 4.24061203003], [117.965408325, -41.7705612183, -14.2948989868, 37.4656295776, -10.9800014496, 43.1502304077, 33.9305343628, 15.1831598282, 3.51212692261, 46.5730361938, 146.489486694, 24.3521518707, 16.1874675751], [89.7164459229, -53.3050270081, 7.34679555893, 41.2168960571, 37.1129760742, -24.3636417389, 2.20263767242, 4.51391744614, 1.54616498947, 6.26905345917, 24.3521518707, 120.506591797, 28.2989387512], [16.7680473328, -66.602897644, 30.8495388031, 71.3062591553, 12.6459417343, 11.3582649231, -12.2725963593, 32.4125480652, 24.4914722443, 4.24061203003, 16.1874675751, 28.2989387512, 122.642456055]],
