{
"lowlevel": {
    "average_loudness": 0.872601866722,
    "barkbands_crest": {
        "dmean": 3.27593183517,
        "dmean2": 4.96666765213,
        "dvar": 8.89901924133,
        "dvar2": 19.0910453796,
        "max": 26.8645591736,
        "mean": 11.4799900055,
        "median": 10.2613716125,
        "min": 2.11373448372,
        "var": 32.5955619812
    },
    "barkbands_flatness_db": {
        "dmean": 0.0332838706672,
        "dmean2": 0.0505234785378,
        "dvar": 0.00108548556454,
        "dvar2": 0.00222040177323,
        "max": 0.528780639172,
        "mean": 0.112826660275,
        "median": 0.102849937975,
        "min": 0.0142810242251,
        "var": 0.00346092297696
    },
    "barkbands_kurtosis": {
        "dmean": 6.18195533752,
        "dmean2": 9.71985149384,
        "dvar": 403.544036865,
        "dvar2": 805.284729004,
        "max": 610.563110352,
        "mean": 6.55967855453,
        "median": 0.876773357391,
        "min": -1.90707314014,
        "var": 594.612487793
    },
    "barkbands_skewness": {
        "dmean": 0.865285992622,
        "dmean2": 1.30285251141,
        "dvar": 1.26017248631,
        "dvar2": 2.43050003052,
        "max": 24.4221839905,
        "mean": 1.54364001751,
        "median": 1.05792474747,
        "min": -5.19398117065,
        "var": 4.08421516418
    },
    "barkbands_spread": {
        "dmean": 10.3524026871,
        "dmean2": 16.3873329163,
        "dvar": 116.324424744,
        "dvar2": 262.721008301,
        "max": 123.061820984,
        "mean": 29.7398319244,
        "median": 27.4564628601,
        "min": 0.736407458782,
        "var": 288.477783203
    },
    "dissonance": {
        "dmean": 0.0163410827518,
        "dmean2": 0.0276305489242,
        "dvar": 0.000351854949258,
        "dvar2": 0.000958342163358,
        "max": 0.499999970198,
        "mean": 0.471287816763,
        "median": 0.479183167219,
        "min": 0.255437076092,
        "var": 0.000697429466527
    },
    "dynamic_complexity": 4.44870376587,
    "erbbands_crest": {
        "dmean": 2.60221099854,
        "dmean2": 4.20920324326,
        "dvar": 6.97052574158,
        "dvar2": 16.5159301758,
        "max": 33.0697097778,
        "mean": 8.90401268005,
        "median": 7.26040267944,
        "min": 1.88425409794,
        "var": 26.1585197449
    },
    "erbbands_flatness_db": {
        "dmean": 0.0229315422475,
        "dmean2": 0.0328163504601,
        "dvar": 0.000462591298856,
        "dvar2": 0.000931242131628,
        "max": 0.339232385159,
        "mean": 0.129521846771,
        "median": 0.120789803565,
        "min": 0.03563817963,
        "var": 0.00225201901048
    },
    "erbbands_kurtosis": {
        "dmean": 1.13728821278,
        "dmean2": 1.77190136909,
        "dvar": 4.13645172119,
        "dvar2": 9.00310230255,
        "max": 72.5331192017,
        "mean": 1.16153120995,
        "median": 0.280039072037,
        "min": -1.91158175468,
        "var": 11.4011688232
    },
    "erbbands_skewness": {
        "dmean": 0.368853867054,
        "dmean2": 0.563070178032,
        "dvar": 0.123708315194,
        "dvar2": 0.275700330734,
        "max": 5.72541475296,
        "mean": 0.0988491401076,
        "median": 0.0098598273471,
        "min": -3.16279792786,
        "var": 0.679210305214
    },
    "erbbands_spread": {
        "dmean": 9.97983074188,
        "dmean2": 14.9888019562,
        "dvar": 122.078117371,
        "dvar2": 252.766036987,
        "max": 202.459716797,
        "mean": 40.0705604553,
        "median": 34.6019821167,
        "min": 1.7303327322,
        "var": 571.118408203
    },
    "hfc": {
        "dmean": 10.8853988647,
        "dmean2": 16.1549949646,
        "dvar": 230.775863647,
        "dvar2": 535.564880371,
        "max": 353.417419434,
        "mean": 25.4099884033,
        "median": 18.1505947113,
        "min": 1.08527909547e-16,
        "var": 589.538879395
    },
    "melbands_crest": {
        "dmean": 4.4162478447,
        "dmean2": 6.86600446701,
        "dvar": 14.9117383957,
        "dvar2": 34.3905448914,
        "max": 39.8881225586,
        "mean": 16.8790664673,
        "median": 15.7830219269,
        "min": 1.50194048882,
        "var": 57.1630134583
    },
    "melbands_flatness_db": {
        "dmean": 0.0392492040992,
        "dmean2": 0.0588050596416,
        "dvar": 0.00151353375986,
        "dvar2": 0.0029273275286,
        "max": 0.627824962139,
        "mean": 0.183928504586,
        "median": 0.176223695278,
        "min": 0.00181069294922,
        "var": 0.00652402499691
    },
    "melbands_kurtosis": {
        "dmean": 19.0009269714,
        "dmean2": 29.2490768433,
        "dvar": 3773.05712891,
        "dvar2": 7123.13769531,
        "max": 1835.1920166,
        "mean": 26.6378440857,
        "median": 4.94657564163,
        "min": -1.76414179802,
        "var": 7536.56445312
    },
    "melbands_skewness": {
        "dmean": 1.25509929657,
        "dmean2": 1.88089489937,
        "dvar": 2.5496635437,
        "dvar2": 4.99791908264,
        "max": 34.4380874634,
        "mean": 3.08078980446,
        "median": 2.0812690258,
        "min": -2.93882727623,
        "var": 11.0278587341
    },
    "melbands_spread": {
        "dmean": 11.268872261,
        "dmean2": 17.3784008026,
        "dvar": 185.819900513,
        "dvar2": 376.83026123,
        "max": 267.8621521,
        "mean": 32.3868331909,
        "median": 26.9309120178,
        "min": 0.319686532021,
        "var": 706.667236328
    },
    "pitch_salience": {
        "dmean": 0.0846230760217,
        "dmean2": 0.128068476915,
        "dvar": 0.00592150865123,
        "dvar2": 0.0125902211294,
        "max": 0.983914732933,
        "mean": 0.489519357681,
        "median": 0.504802703857,
        "min": 0.00740865804255,
        "var": 0.0217158272862
    },
    "silence_rate_20dB": {
        "dmean": 0,
        "dmean2": 0,
        "dvar": 0,
        "dvar2": 0,
        "max": 1,
        "mean": 1,
        "median": 1,
        "min": 1,
        "var": 0
    },
    "silence_rate_30dB": {
        "dmean": 0.00953058339655,
        "dmean2": 0.0190625227988,
        "dvar": 0.00944030564278,
        "dvar2": 0.0273789111525,
        "max": 1,
        "mean": 0.99473720789,
        "median": 1,
        "min": 0,
        "var": 0.00523551832885
    },
    "silence_rate_60dB": {
        "dmean": 0.0342816486955,
        "dmean2": 0.0685681775212,
        "dvar": 0.0331163033843,
        "dvar2": 0.0716884955764,
        "max": 1,
        "mean": 0.105469025671,
        "median": 0,
        "min": 0,
        "var": 0.0943401306868
    },
    "spectral_centroid": {
        "dmean": 316.124267578,
        "dmean2": 484.289703369,
        "dvar": 116552.796875,
        "dvar2": 233067,
        "max": 11516.015625,
        "mean": 1755.66687012,
        "median": 1667.95751953,
        "min": 278.263244629,
        "var": 741039.3125
    },
    "spectral_complexity": {
        "dmean": 4.24452352524,
        "dmean2": 6.36986970901,
        "dvar": 33.3767051697,
        "dvar2": 60.082359314,
        "max": 61,
        "mean": 17.676410675,
        "median": 17,
        "min": 0,
        "var": 118.88079834
    },
    "spectral_decrease": {
        "dmean": 4.08294864584e-09,
        "dmean2": 6.57262066994e-09,
        "dvar": 3.2977646232e-17,
        "dvar2": 8.3387475364e-17,
        "max": 2.06349791661e-28,
        "mean": -7.37537853013e-09,
        "median": -5.14370679383e-09,
        "min": -4.51719266437e-08,
        "var": 5.18823628235e-17
    },
    "spectral_energy": {
        "dmean": 0.0160695370287,
        "dmean2": 0.0257489215583,
        "dvar": 0.000485056167236,
        "dvar2": 0.00122787698638,
        "max": 0.176110655069,
        "mean": 0.0301411692053,
        "median": 0.0218208283186,
        "min": 9.80738938455e-21,
        "var": 0.000794280669652
    },
    "spectral_energyband_high": {
        "dmean": 0.000716667796951,
        "dmean2": 0.00101134798024,
        "dvar": 1.42600481468e-06,
        "dvar2": 3.20555363942e-06,
        "max": 0.0388288646936,
        "mean": 0.00111842085607,
        "median": 0.000564931076951,
        "min": 6.86519761079e-21,
        "var": 3.23038625538e-06
    },
    "spectral_energyband_low": {
        "dmean": 0.0120621118695,
        "dmean2": 0.0194284319878,
        "dvar": 0.000341712322552,
        "dvar2": 0.000850585172884,
        "max": 0.124634429812,
        "mean": 0.0158287063241,
        "median": 0.00641211913899,
        "min": 1.68089187953e-23,
        "var": 0.000494355801493
    },
    "spectral_energyband_middle_high": {
        "dmean": 0.0028191532474,
        "dmean2": 0.00445020152256,
        "dvar": 2.39984728978e-05,
        "dvar2": 6.01793581154e-05,
        "max": 0.0983258709311,
        "mean": 0.00741686765105,
        "median": 0.00332567095757,
        "min": 1.13089180863e-21,
        "var": 9.94056026684e-05
    },
    "spectral_energyband_middle_low": {
        "dmean": 0.00529184145853,
        "dmean2": 0.0091709503904,
        "dvar": 0.000147564875078,
        "dvar2": 0.000408765685279,
        "max": 0.116543829441,
        "mean": 0.00704260123894,
        "median": 0.00352318771183,
        "min": 1.65923083192e-22,
        "var": 0.000128304585814
    },
    "spectral_entropy": {
        "dmean": 0.2143920362,
        "dmean2": 0.315058737993,
        "dvar": 0.044989477843,
        "dvar2": 0.10425183177,
        "max": 9.82298088074,
        "mean": 7.83303546906,
        "median": 7.81840515137,
        "min": 6.06534147263,
        "var": 0.154605269432
    },
    "spectral_flux": {
        "dmean": 0.0354374311864,
        "dmean2": 0.0564768463373,
        "dvar": 0.00169273663778,
        "dvar2": 0.00369306188077,
        "max": 0.353067100048,
        "mean": 0.0964315459132,
        "median": 0.0831441506743,
        "min": 6.09606670698e-11,
        "var": 0.00401026988402
    },
    "spectral_kurtosis": {
        "dmean": 1.05887544155,
        "dmean2": 1.60407960415,
        "dvar": 1.29317438602,
        "dvar2": 2.87609934807,
        "max": 20.3301696777,
        "mean": 3.8317425251,
        "median": 3.67255878448,
        "min": -1.27746796608,
        "var": 3.90877890587
    },
    "spectral_rms": {
        "dmean": 0.00128540873993,
        "dmean2": 0.00196570437402,
        "dvar": 2.1590083179e-06,
        "dvar2": 5.07447748532e-06,
        "max": 0.0131078325212,
        "mean": 0.00480088545009,
        "median": 0.00461395876482,
        "min": 3.09324831374e-12,
        "var": 6.3575639615e-06
    },
    "spectral_rolloff": {
        "dmean": 858.285583496,
        "dmean2": 1385.81970215,
        "dvar": 2030482.625,
        "dvar2": 4348561.5,
        "max": 19250.6835938,
        "mean": 2097.12231445,
        "median": 1507.32421875,
        "min": 21.533203125,
        "var": 5665443.5
    },
    "spectral_skewness": {
        "dmean": 0.17077319324,
        "dmean2": 0.254789859056,
        "dvar": 0.0265699643642,
        "dvar2": 0.0554202161729,
        "max": 3.3071873188,
        "mean": 1.5817745924,
        "median": 1.62091517448,
        "min": -0.0719285085797,
        "var": 0.135775059462
    },
    "spectral_spread": {
        "dmean": 1011399.125,
        "dmean2": 1364241.25,
        "dvar": 1.16791718707e+12,
        "dvar2": 2.36429508608e+12,
        "max": 41959656,
        "mean": 6028464.5,
        "median": 5530806.5,
        "min": 2356912.25,
        "var": 7.17834210509e+12
    },
    "spectral_strongpeak": {
        "dmean": 0.66279232502,
        "dmean2": 1.12022674084,
        "dvar": 1.46360218525,
        "dvar2": 3.6211912632,
        "max": 17.3265838623,
        "mean": 1.10372936726,
        "median": 0.353485256433,
        "min": 0,
        "var": 3.19592428207
    },
    "zerocrossingrate": {
        "dmean": 0.0211551841348,
        "dmean2": 0.0240037515759,
        "dvar": 0.000402704143198,
        "dvar2": 0.000504370545968,
        "max": 0.52294921875,
        "mean": 0.0865691304207,
        "median": 0.07568359375,
        "min": 0,
        "var": 0.00323184207082
    },
    "barkbands": {
        "dmean": [0.000803664152045, 0.00823586154729, 0.00279240729287, 0.00318293599412, 0.0012184579391, 0.000233385027968, 0.00014977355022, 0.000357955810614, 0.000911333714612, 0.000649630383123, 0.000490978301968, 0.000765874632634, 0.000586013600696, 0.000634029391222, 0.000394349481212, 0.000261851004325, 0.000298169092275, 0.000315961311571, 0.000228781937039, 0.000134816131322, 0.000101723308035, 0.000101348508906, 0.000116241273645, 0.000122690878925, 0.000116674789751, 0.000159521950991, 2.37429903791e-05],
        "dmean2": [0.00135494628921, 0.0126355597749, 0.00466283597052, 0.00594819709659, 0.00204239529558, 0.000381646503229, 0.000238878899836, 0.000576066959184, 0.00141728902236, 0.00105283746962, 0.000787400174886, 0.00119718874339, 0.000926519918721, 0.00103232334368, 0.000636130338535, 0.000417068164097, 0.000481422262965, 0.000502839568071, 0.000357550889021, 0.000209993915632, 0.000150120162289, 0.000150706371642, 0.000170202649315, 0.00017976523668, 0.000169428312802, 0.000246332871029, 3.59059813491e-05],
        "dvar": [1.76912362804e-06, 0.000183923533768, 5.31141413376e-05, 0.000101888843346, 5.42848147234e-06, 2.20095671466e-07, 2.01977883307e-07, 2.71211206382e-06, 6.05503646511e-06, 6.30282875136e-06, 3.00787792185e-06, 4.80396056446e-06, 2.89413878818e-06, 5.47238141735e-06, 1.17443369163e-06, 4.70738086733e-07, 4.29494264154e-07, 3.77284209208e-07, 2.61394632162e-07, 8.80599273501e-08, 4.89360800771e-08, 3.82231455376e-08, 5.59390294086e-08, 8.83539996721e-08, 7.89478065144e-08, 3.64020564803e-08, 8.18563938854e-10],
        "dvar2": [4.74866646982e-06, 0.000414633774199, 0.000135020454763, 0.000290447933367, 1.45969543155e-05, 5.56128611606e-07, 5.08007701683e-07, 6.73713566357e-06, 1.45009507833e-05, 1.7365315216e-05, 7.39372126191e-06, 1.08664116851e-05, 6.19892671239e-06, 1.35377813422e-05, 2.65015887635e-06, 9.4635242931e-07, 1.03370405213e-06, 9.08159449864e-07, 6.28908765066e-07, 2.12041655345e-07, 1.10259328778e-07, 8.41673255536e-08, 1.23889307702e-07, 2.03224928441e-07, 1.9103990212e-07, 8.81002009123e-08, 1.98936200846e-09],
        "max": [0.0106215821579, 0.116258345544, 0.0659812241793, 0.0829847455025, 0.0510640032589, 0.00752620585263, 0.0187577344477, 0.049678593874, 0.0637880265713, 0.0579602569342, 0.0607402920723, 0.0645914003253, 0.0553058348596, 0.0715101733804, 0.0519129894674, 0.0565840862691, 0.0134959742427, 0.0160766541958, 0.0164930727333, 0.00682629179209, 0.00268918089569, 0.00425651995465, 0.00550536066294, 0.0129584157839, 0.018014781177, 0.00317184510641, 0.000196846594918],
        "mean": [0.000891522329766, 0.0112827429548, 0.00251267640851, 0.00214168708771, 0.00163862935733, 0.000373455783119, 0.000227935277508, 0.000550015887711, 0.00181096035521, 0.000964787381236, 0.000745484430809, 0.00137985497713, 0.000954330025706, 0.00090242177248, 0.000633021059912, 0.00045621211757, 0.00048278705799, 0.000565279275179, 0.000382058642572, 0.00019286267343, 0.0001433321886, 0.000189834827324, 0.000179097929504, 0.000193737767404, 0.000165189208928, 0.000158891867613, 2.23701281357e-05],
        "median": [0.000360329664545, 0.00416693044826, 0.000552464975044, 0.0003502011823, 0.000846705457661, 0.00018825189909, 6.34208699921e-05, 7.15960995876e-05, 0.000309643306537, 0.000142849894473, 0.000147388520418, 0.000243521324592, 0.000215293024667, 0.000251438264968, 0.000219524939894, 0.000186590550584, 0.000174222164787, 0.000198889407329, 0.000119484306197, 6.10057322774e-05, 5.36289189768e-05, 0.000103270314867, 6.91453387844e-05, 8.07986070868e-05, 7.2693808761e-05, 5.72381104575e-05, 6.63811124468e-06],
        "min": [2.0025492924e-25, 4.56981915913e-24, 1.3251843605e-24, 8.59351346344e-25, 8.34540921457e-24, 5.9654052139e-24, 1.20653545995e-23, 1.15578598688e-23, 9.89765791752e-24, 1.72583344307e-23, 1.43075954815e-23, 2.29463970551e-23, 4.18037304526e-23, 4.29751352543e-23, 5.11764708574e-23, 3.94300448333e-23, 8.84111946776e-23, 1.19551718725e-22, 1.28059122893e-22, 1.75788337859e-22, 2.8837611873e-22, 3.00455939461e-22, 3.77080081778e-22, 5.94294333048e-22, 9.18381213081e-22, 1.33275003041e-21, 2.01813894108e-21],
        "var": [1.95023744709e-06, 0.000310243049171, 4.19049029006e-05, 5.87128051848e-05, 5.44238218936e-06, 3.35215133873e-07, 3.14561134473e-07, 5.40284145245e-06, 2.31572139455e-05, 1.1884468222e-05, 6.32432920611e-06, 1.49711240738e-05, 7.07063645677e-06, 8.00090219855e-06, 2.86692079499e-06, 1.37416691359e-06, 8.00395355327e-07, 8.86697421265e-07, 4.78776655655e-07, 1.35826894621e-07, 7.33756237992e-08, 8.40204350538e-08, 1.34090598181e-07, 2.22353023105e-07, 1.49011000872e-07, 4.67290419692e-08, 8.83392081708e-10]
    },
    "erbbands": {
        "dmean": [0.387246400118, 1.38034832478, 2.49426054955, 8.33246898651, 7.34932565689, 3.4648206234, 2.17769670486, 1.90432536602, 1.79359054565, 3.72785997391, 8.30811405182, 17.1885929108, 27.8165645599, 12.6560306549, 26.6947231293, 22.7519512177, 24.2474498749, 31.3725280762, 22.0808925629, 15.281288147, 12.4003267288, 16.3401012421, 19.2196807861, 10.9731111526, 10.7024011612, 5.82102298737, 4.77183866501, 3.47315597534, 3.73633217812, 3.71260690689, 3.25183176994, 2.73499822617, 1.94745779037, 1.37546563148, 0.817889094353, 0.563329994678, 0.294113814831, 0.0897495672107, 0.00205318420194, 5.82584034419e-05],
        "dmean2": [0.587486684322, 2.16366815567, 4.01763820648, 15.3609600067, 13.1611452103, 5.63766479492, 3.50575113297, 3.11613869667, 2.92231988907, 5.96252250671, 13.1663599014, 26.7464809418, 42.9246940613, 20.5945777893, 42.0721931458, 35.7998580933, 38.1164321899, 51.2225036621, 35.7955703735, 24.4803333282, 19.7199039459, 26.268787384, 30.48097229, 16.9904537201, 16.6416759491, 8.96792411804, 7.41161155701, 5.07178688049, 5.62701225281, 5.48380994797, 4.79686164856, 4.0793299675, 2.85131955147, 2.01417636871, 1.2036755085, 0.865351080894, 0.454182267189, 0.132831200957, 0.00302122021094, 8.69195282576e-05],
        "dvar": [0.473006486893, 4.5099568367, 34.8119239807, 662.36315918, 403.459472656, 35.4204483032, 26.6285552979, 12.2830467224, 19.8674125671, 144.354202271, 1340.33032227, 1945.32580566, 7821.17675781, 1301.70361328, 7354.21630859, 4199.51855469, 4295.35400391, 15575.7314453, 3023.47143555, 1404.14550781, 679.851013184, 1173.21704102, 1522.63867188, 531.426330566, 518.443664551, 171.759002686, 153.562408447, 43.0538291931, 43.653213501, 65.743812561, 43.6270637512, 43.82447052, 30.0609035492, 19.676864624, 2.0102250576, 0.527242720127, 0.126098245382, 0.0107067003846, 5.6861745179e-06, 3.70897446089e-09],
        "dvar2": [1.01286220551, 11.059431076, 83.3548355103, 1865.2635498, 1124.02270508, 93.1211395264, 63.3153877258, 31.8899459839, 51.690372467, 361.538146973, 3299.84033203, 4474.00439453, 19206.1660156, 3398.02294922, 17789.6054688, 10108.3085938, 9554.44433594, 39520.2617188, 7147.20996094, 3026.48974609, 1531.49511719, 2788.00415039, 3640.95507812, 1229.51281738, 1238.06542969, 407.054382324, 378.552734375, 85.2002105713, 95.4541778564, 148.576553345, 97.3667907715, 107.724861145, 70.3332061768, 50.8653144836, 4.42167711258, 1.23864328861, 0.310015261173, 0.0262238886207, 1.39712865348e-05, 8.64869242889e-09],
        "max": [5.6100769043, 18.1291389465, 53.5277099609, 202.84928894, 232.208847046, 140.397018433, 139.154922485, 68.1165771484, 145.447769165, 328.287322998, 1118.59204102, 1349.50415039, 1664.9888916, 985.791748047, 2863.85302734, 1756.07836914, 1890.13537598, 4181.95507812, 2503.60302734, 2303.39599609, 1383.26367188, 807.611694336, 1125.2644043, 806.078491211, 452.559631348, 171.164093018, 136.529144287, 125.244773865, 193.702972412, 166.067001343, 147.125717163, 304.007873535, 281.743682861, 306.236877441, 59.7272911072, 25.2767601013, 3.44690084457, 0.665911734104, 0.0154162347317, 0.000562551547773],
        "mean": [0.480430841446, 1.93363881111, 2.69212818146, 5.84854030609, 6.51386737823, 5.13882303238, 3.31751775742, 3.23513674736, 2.95248579979, 6.00153684616, 13.6810007095, 33.2808036804, 50.0366783142, 21.9400253296, 46.7911911011, 45.9047737122, 43.9279785156, 49.5603370667, 36.8798904419, 27.9067344666, 23.1479244232, 28.7279968262, 34.9986190796, 19.5468406677, 18.9029560089, 8.54043292999, 5.9147195816, 5.64672994614, 7.38359928131, 5.66048383713, 5.04533004761, 4.20527839661, 3.0538918972, 1.98150384426, 1.09972798824, 0.624054431915, 0.283793121576, 0.0839073061943, 0.00194694381207, 8.39539934532e-05],
        "median": [0.134875804186, 0.782811999321, 0.916188001633, 1.04182434082, 2.18686246872, 2.59456944466, 1.46757423878, 1.67625451088, 1.25858938694, 1.40636610985, 2.38793897629, 6.30047512054, 8.38061618805, 6.92344474792, 9.33369445801, 9.0543088913, 11.0555315018, 13.7718343735, 13.5122890472, 11.6459665298, 10.4550800323, 11.2741222382, 11.3113145828, 8.54615497589, 5.20610141754, 2.87866830826, 2.06421685219, 2.51006698608, 4.4465508461, 2.18890833855, 1.93259418011, 1.73408675194, 1.21791601181, 0.82261711359, 0.497623085976, 0.25822737813, 0.101933419704, 0.0253483690321, 0.00059297028929, 6.31636867183e-05],
        "min": [8.67798177039e-23, 1.17429718231e-21, 2.0524477514e-21, 3.29884374073e-21, 1.42977167216e-20, 1.95114635875e-20, 3.89846474534e-20, 7.03592332713e-20, 1.99449117215e-19, 2.12456118757e-19, 2.88525974332e-19, 2.6653785929e-19, 4.82873196625e-19, 5.26032017169e-19, 1.04215771932e-18, 1.13758840922e-18, 1.85236965219e-18, 2.32877191828e-18, 2.54473078504e-18, 2.46515807806e-18, 4.75396828056e-18, 5.20697002071e-18, 6.52828765169e-18, 5.44211596217e-18, 7.11499652042e-18, 7.00256944028e-18, 1.19108606718e-17, 1.11616037817e-17, 9.79082075009e-18, 1.21026946092e-17, 1.0597063767e-17, 1.13688580201e-17, 9.83506415951e-18, 8.67107297232e-18, 7.23101687313e-18, 4.08055640798e-18, 2.38932464104e-18, 9.65451089772e-19, 2.39893286085e-19, 3.00106393048e-20],
        "var": [0.724078595638, 7.73385715485, 32.2414779663, 395.480651855, 262.004486084, 50.1395111084, 45.6222000122, 22.2320098877, 29.0212898254, 288.765960693, 2749.36425781, 6908.04638672, 19856.8789062, 3107.47485352, 19155.4765625, 15070.9941406, 12477.4667969, 23731.6757812, 7208.04052734, 3816.18286133, 1838.28527832, 2378.80395508, 3577.11108398, 931.635498047, 1242.47729492, 238.115692139, 168.178634644, 87.9300689697, 101.035095215, 130.832321167, 107.889404297, 91.2002639771, 69.902885437, 32.0387992859, 4.49077033997, 0.876371026039, 0.148094460368, 0.0122259678319, 6.47745764581e-06, 5.70079006224e-09]
    },
    "gfcc": {
        "mean": [-1.68840062618, 48.0609054565, -105.288925171, 27.2686424255, -39.0536499023, 30.1269874573, -35.2047653198, 14.723856926, -26.8728752136, 1.15528774261, -22.8318157196, 7.00344419479, -16.0672740936],
        "cov": [[15712.5654297, -5.95214939117, -423.527038574, 97.5320358276, 123.606262207, 333.849456787, 26.4104099274, 256.880615234, -315.207458496, 44.2394332886, -107.901176453, 205.477645874, -129.850006104], [-5.95214939117, 1059.45507812, -77.3770751953, 93.7357254028, 202.252502441, 110.690567017, 146.67048645, 94.7093963623, 118.340522766, -66.8289108276, 70.3654403687, -23.0747642517, 41.984703064], [-423.527038574, -77.3770751953, 1055.09960938, 338.987365723, 292.548126221, 221.466690063, 167.872512817, 62.9341278076, 117.725296021, 129.800216675, -39.8530006409, 60.8459129333, 31.6579341888], [97.5320358276, 93.7357254028, 338.987365723, 497.300170898, 190.88899231, 168.411636353, 106.86505127, 43.460811615, 113.919548035, 91.8685379028, 51.0342559814, 28.2216529846, 74.5789108276], [123.606262207, 202.252502441, 292.548126221, 190.88899231, 360.306365967, 183.104263306, 161.028930664, 81.962310791, 74.6188812256, 52.3423271179, 40.4822998047, 45.9835319519, 28.1681995392], [333.849456787, 110.690567017, 221.466690063, 168.411636353, 183.104263306, 287.635406494, 207.209381104, 74.0781707764, 21.9613246918, 20.2288093567, 46.2757720947, 31.8762817383, 26.9317817688], [26.4104099274, 146.67048645, 167.872512817, 106.86505127, 161.028930664, 207.209381104, 319.995788574, 134.449417114, 18.2773151398, 9.59120178223, 68.5143280029, 28.2061386108, 12.0157260895], [256.880615234, 94.7093963623, 62.9341278076, 43.460811615, 81.962310791, 74.0781707764, 134.449417114, 175.616027832, 97.0015792847, 30.4984531403, 21.0584850311, 10.6677026749, 0.554953873158], [-315.207458496, 118.340522766, 117.725296021, 113.919548035, 74.6188812256, 21.9613246918, 18.2773151398, 97.0015792847, 219.324935913, 87.1164932251, 7.4113907814, 2.20471453667, 39.5376396179], [44.2394332886, -66.8289108276, 129.800216675, 91.8685379028, 52.3423271179, 20.2288093567, 9.59120178223, 30.4984531403, 87.1164932251, 124.53377533, 34.2135009766, 32.2240180969, 22.08070755], [-107.901176453, 70.3654403687, -39.8530006409, 51.0342559814, 40.4822998047, 46.2757720947, 68.5143280029, 21.0584850311, 7.4113907814, 34.2135009766, 121.350944519, 51.5924682617, 19.3291473389], [205.477645874, -23.0747642517, 60.8459129333, 28.2216529846, 45.9835319519, 31.8762817383, 28.2061386108, 10.6677026749, 2.20471453667, 32.2240180969, 51.5924682617, 101.616828918, 39.6888008118], [-129.850006104, 41.984703064, 31.6579341888, 74.5789108276, 28.1681995392, 26.9317817688, 12.0157260895, 0.554953873158, 39.5376396179, 22.08070755, 19.3291473389, 39.6888008118, 94.5450820923]],
        "icov": [[0.000105060185888, -8.80738298292e-05, 0.000158472423209, -0.000149442770635, 3.61081547453e-05, -0.000274534279015, 0.000247899210081, -0.000450853374787, 0.000494606560096, -0.000436514936155, 0.000550589349587, -0.000498135399539, 0.000278462452115], [-8.80738298292e-05, 0.00166012544651, 5.707391756e-05, 0.000169398655999, -0.00102608418092, 0.000324295775499, -0.000465933291707, 0.000610446557403, -0.00191985385027, 0.00262796669267, -0.001776554971, 0.00129901384935, -0.000734947912861], [0.000158472423209, 5.707391756e-05, 0.00222583371215, -0.00103850162122, -0.000670028617606, -0.000774705142248, -0.000695708906278, 0.000338344223564, 0.000159516464919, -0.00190068711527, 0.00342431431636, -0.00234810193069, 0.00143573514652], [-0.000149442770635, 0.000169398655999, -0.00103850162122, 0.00401893490925, -0.00072652392555, -0.000852353114169, 9.13564363145e-05, 0.00107818271499, -0.00140560476575, -0.000110947985377, -0.00253988010809, 0.00269864569418, -0.00266150571406], [3.61081547453e-05, -0.00102608418092, -0.000670028617606, -0.00072652392555, 0.00576070463285, -0.00186371966265, -0.000458493479528, -0.000456985726487, 0.00011722605268, -0.00129726179875, 0.000881078245584, -0.00201777019538, 0.00109908322338], [-0.000274534279015, 0.000324295775499, -0.000774705142248, -0.000852353114169, -0.00186371966265, 0.00923491641879, -0.00493272859603, 0.00169799593277, -0.000800583569799, 0.00185944023542, -0.00150125043001, 0.00117802945897, -0.00133480224758], [0.000247899210081, -0.000465933291707, -0.000695708906278, 9.13564363145e-05, -0.000458493479528, -0.00493272859603, 0.0107680475339, -0.00799428857863, 0.0044520990923, 1.35931595651e-05, -0.00307750259526, 0.00116133945994, -0.000794926832896], [-0.000450853374787, 0.000610446557403, 0.000338344223564, 0.00107818271499, -0.000456985726487, 0.00169799593277, -0.00799428857863, 0.0162032917142, -0.00963687710464, 0.00241289054975, -5.54914659006e-05, -0.00077227561269, 0.00252131721936], [0.000494606560096, -0.00191985385027, 0.000159516464919, -0.00140560476575, 0.00011722605268, -0.000800583569799, 0.0044520990923, -0.00963687710464, 0.0150070236996, -0.0093947025016, 0.00344605557621, 0.000860062078573, -0.00287614320405], [-0.000436514936155, 0.00262796669267, -0.00190068711527, -0.000110947985377, -0.00129726179875, 0.00185944023542, 1.35931595651e-05, 0.00241289054975, -0.0093947025016, 0.0201248060912, -0.00852874387056, 0.00076159380842, -0.000549024436623], [0.000550589349587, -0.001776554971, 0.00342431431636, -0.00253988010809, 0.000881078245584, -0.00150125043001, -0.00307750259526, -5.54914659006e-05, 0.00344605557621, -0.00852874387056, 0.0202801562846, -0.0111806597561, 0.00405668653548], [-0.000498135399539, 0.00129901384935, -0.00234810193069, 0.00269864569418, -0.00201777019538, 0.00117802945897, 0.00116133945994, -0.00077227561269, 0.000860062078573, 0.00076159380842, -0.0111806597561, 0.021296158433, -0.00967253465205], [0.000278462452115, -0.000734947912861, 0.00143573514652, -0.00266150571406, 0.00109908322338, -0.00133480224758, -0.000794926832896, 0.00252131721936, -0.00287614320405, -0.000549024436623, 0.00405668653548, -0.00967253465205, 0.017605509609]]
    },
    "melbands": {
        "dmean": [0.0027229480911, 0.00136868271511, 0.00141016987618, 0.000362513819709, 8.08032709756e-05, 4.20944816142e-05, 2.8648721127e-05, 5.22123009432e-05, 6.38540150248e-05, 0.000129035382997, 0.000142313248944, 5.53484314878e-05, 7.59310205467e-05, 8.54498866829e-05, 6.03442749707e-05, 5.95690871705e-05, 6.1016788095e-05, 3.7193960452e-05, 3.10326322506e-05, 1.96535020223e-05, 1.46596603372e-05, 1.66270692716e-05, 1.93623764062e-05, 1.55652378453e-05, 8.89225066203e-06, 9.32174771151e-06, 6.55506073599e-06, 3.47261357092e-06, 3.53180030288e-06, 2.32386241805e-06, 1.93743721866e-06, 2.2380502287e-06, 2.2097638066e-06, 2.20148785957e-06, 1.98847965294e-06, 1.80612266831e-06, 1.71120052528e-06, 1.45106128002e-06, 1.27557632368e-06, 1.16256569527e-06],
        "dmean2": [0.00413387268782, 0.00218343944289, 0.00257141818292, 0.000618964200839, 0.000130333704874, 6.88611689839e-05, 4.62191892439e-05, 8.35242462927e-05, 0.000101033532701, 0.000200916125323, 0.000220764413825, 9.10205417313e-05, 0.000119924385217, 0.000134159301524, 9.38784796745e-05, 9.73243586486e-05, 9.94608490146e-05, 6.07529655099e-05, 5.03580231452e-05, 3.14646604238e-05, 2.34601866396e-05, 2.67145569524e-05, 3.12777447107e-05, 2.45687515417e-05, 1.39237363328e-05, 1.46122392835e-05, 1.02738949863e-05, 5.36743891644e-06, 5.77040600547e-06, 3.38552672474e-06, 2.86563431473e-06, 3.3979329146e-06, 3.38129984812e-06, 3.29730346493e-06, 2.97976157526e-06, 2.74869967143e-06, 2.59238640865e-06, 2.16505395656e-06, 1.88131593859e-06, 1.73377316059e-06],
        "dvar": [2.18850527745e-05, 6.10706410953e-06, 1.82114672498e-05, 5.939173775e-07, 2.86543748729e-08, 6.1122742423e-09, 5.58448576271e-09, 3.9128053686e-08, 6.78130405163e-08, 1.14799519224e-07, 2.07738921176e-07, 3.2872961242e-08, 6.16486701688e-08, 6.69213235938e-08, 5.93834137419e-08, 2.34380266306e-08, 6.47022773137e-08, 9.42009581451e-09, 8.37884517324e-09, 3.82730291903e-09, 9.98936933172e-10, 1.21447274459e-09, 1.68605418516e-09, 1.00321051466e-09, 3.82573084323e-10, 4.58391019587e-10, 2.05069711212e-10, 7.14815290292e-11, 1.07324836518e-10, 1.9731169823e-11, 1.41693410477e-11, 1.396876885e-11, 2.38914478479e-11, 2.24071785432e-11, 1.61108817259e-11, 1.70538791422e-11, 1.81498618218e-11, 1.75502928162e-11, 1.73415708876e-11, 1.4078821442e-11],
        "dvar2": [4.77896210214e-05, 1.47862674567e-05, 5.08770026499e-05, 1.61642003604e-06, 6.88137191673e-08, 1.57121018418e-08, 1.44392284795e-08, 9.82231327384e-08, 1.68601744122e-07, 2.6831767741e-07, 5.20086700817e-07, 8.84845903215e-08, 1.51825418016e-07, 1.48247949028e-07, 1.37047493354e-07, 5.88838453552e-08, 1.64512925949e-07, 2.23568168423e-08, 1.81920079001e-08, 7.32026128603e-09, 2.41298980797e-09, 2.89857049474e-09, 4.1392942407e-09, 2.40102226989e-09, 8.79991524094e-10, 1.12012787934e-09, 5.05996022859e-10, 1.70922317966e-10, 2.76117351206e-10, 4.02274324962e-11, 2.96048185966e-11, 3.12672908398e-11, 5.61896050522e-11, 5.13248193945e-11, 3.68444857957e-11, 3.90379915893e-11, 4.62270222101e-11, 4.2356316371e-11, 4.27813097448e-11, 3.70522189319e-11],
        "max": [0.0397816672921, 0.0257239639759, 0.0338493548334, 0.0147719131783, 0.00476852664724, 0.00139432610013, 0.00296208704822, 0.00645270897076, 0.00745258992538, 0.00899853091687, 0.00867411028594, 0.00453742081299, 0.00955798756331, 0.00956834666431, 0.00887303240597, 0.00444760546088, 0.00820448156446, 0.00330674415454, 0.00455547915772, 0.00580850895494, 0.000731068314053, 0.000814593047835, 0.00101534975693, 0.000892401265446, 0.000778681715019, 0.000654706149362, 0.000458499562228, 0.000119267497212, 0.000106393534224, 7.5116098742e-05, 8.63216919242e-05, 0.000129146035761, 8.70929361554e-05, 0.000102637859527, 8.75856057974e-05, 0.000171333711478, 0.000212331244256, 0.000210569109186, 0.000279668573057, 0.000266049057245],
        "mean": [0.00363089586608, 0.00178511522245, 0.00104239862412, 0.000430543528637, 0.000128866755404, 7.06161299604e-05, 4.65160410386e-05, 8.21327994345e-05, 0.000104309430753, 0.000252594560152, 0.000253801816143, 8.87156566023e-05, 0.000123609497678, 0.000161433286848, 0.00010825262143, 0.000102013837022, 8.81297382875e-05, 5.79697989451e-05, 5.01270187669e-05, 3.25459768646e-05, 2.4459519409e-05, 2.7548720027e-05, 3.26800945913e-05, 2.75041311397e-05, 1.42787584991e-05, 1.49118159243e-05, 1.12799170893e-05, 4.30130967288e-06, 3.80755159313e-06, 3.33675416186e-06, 3.02756416204e-06, 4.53915754406e-06, 3.32477702614e-06, 3.12706401928e-06, 2.97387100545e-06, 2.64302889263e-06, 2.5785507205e-06, 2.24303698815e-06, 1.83563429346e-06, 1.60290812801e-06],
        "median": [0.0012318007648, 0.000782948918641, 0.000225268900977, 0.000191476283362, 6.52196322335e-05, 3.67937209376e-05, 1.84430609806e-05, 1.61781972565e-05, 1.60704075824e-05, 4.26569931733e-05, 3.93458394683e-05, 2.08963538171e-05, 2.52754725807e-05, 2.86049307761e-05, 1.47034661495e-05, 2.67683899438e-05, 2.1653388103e-05, 1.82866806426e-05, 1.75752902578e-05, 1.13226906251e-05, 1.05316803456e-05, 1.03641750684e-05, 9.88335887087e-06, 9.35777188715e-06, 5.94499942963e-06, 4.31429634773e-06, 2.70060718321e-06, 1.35797426992e-06, 1.10890891847e-06, 1.27097814584e-06, 1.22730637031e-06, 3.04023160425e-06, 1.27870305278e-06, 1.1388015082e-06, 1.10541498088e-06, 9.34061290536e-07, 1.11529880087e-06, 9.20958484585e-07, 6.31079956293e-07, 6.6457516823e-07],
        "min": [1.238410647e-24, 1.62321393973e-24, 4.13085780424e-25, 1.16954871061e-24, 1.01741274352e-24, 1.6511165416e-24, 2.94405059196e-24, 2.39609281884e-24, 2.27155396722e-24, 1.54743487649e-24, 1.9417604106e-24, 2.19924520171e-24, 2.98112527957e-24, 2.26033301249e-24, 2.29059805555e-24, 4.30267259686e-24, 4.01536117214e-24, 3.04400991827e-24, 3.70633319556e-24, 3.41587421583e-24, 4.62011535272e-24, 4.44743212285e-24, 5.69384773588e-24, 4.45707436969e-24, 3.45041606829e-24, 5.02071390875e-24, 5.49855141373e-24, 3.79946690289e-24, 6.92027913561e-24, 4.75735072339e-24, 5.95310568909e-24, 5.34473221468e-24, 5.44013744699e-24, 6.46108162496e-24, 4.55121229695e-24, 5.21447155771e-24, 5.91779469725e-24, 5.8337013359e-24, 5.66121571568e-24, 7.16066635267e-24],
        "var": [3.56281998393e-05, 7.42176280255e-06, 1.11542003651e-05, 5.05367722781e-07, 5.18437168751e-08, 1.04451158833e-08, 8.12679967765e-09, 7.80335156492e-08, 1.54060259661e-07, 4.3386745574e-07, 5.22551374615e-07, 7.1245260358e-08, 1.37937760769e-07, 2.22048271326e-07, 1.80704361696e-07, 7.00733551184e-08, 8.94830805009e-08, 2.2647039799e-08, 2.02107699465e-08, 1.15746905394e-08, 1.89564208775e-09, 2.44787723425e-09, 3.19390514036e-09, 2.49421372445e-09, 5.97579041806e-10, 7.81456566123e-10, 5.66743596497e-10, 8.18882045506e-11, 9.6844955666e-11, 3.56683536873e-11, 2.92552718162e-11, 3.2810011652e-11, 4.09879942487e-11, 4.34548265427e-11, 3.6785602342e-11, 4.06123849828e-11, 3.24559684683e-11, 3.70122058002e-11, 3.34234862009e-11, 2.05560655303e-11]
    },
    "mfcc": {
        "mean": [-649.761108398, 89.6944122314, -1.70393311977, 11.450258255, 18.6332244873, 13.7840843201, 7.74341917038, 14.6071500778, 2.51237440109, 1.04326081276, 3.5164899826, -5.24427890778, -7.13018512726],
        "cov": [[9464.6875, 717.280029297, -506.830200195, 3.42504811287, 115.349830627, -25.1851654053, 146.684509277, 276.861755371, -66.1090164185, 61.1004905701, 54.9395980835, -70.8087844849, -61.3724555969], [717.280029297, 946.890319824, -99.2447433472, 13.6480369568, 132.128875732, 36.0715713501, 87.3126678467, 164.555862427, 53.8919143677, 25.9045963287, 84.052772522, -4.13448762894, -27.5320549011], [-506.830200195, -99.2447433472, 654.844726562, 214.704345703, 164.35887146, 211.139389038, 94.6656723022, 37.2174072266, 160.425247192, 59.7966766357, 22.9432411194, 79.1829147339, 40.6046447754], [3.42504811287, 13.6480369568, 214.704345703, 304.481903076, 158.165634155, 129.346618652, 63.1031990051, 36.9130516052, 104.40259552, 60.8325996399, 40.099445343, 72.2048950195, 38.101360321], [115.349830627, 132.128875732, 164.35887146, 158.165634155, 264.869506836, 147.633880615, 37.8035697937, 53.0022544861, 97.3582305908, 51.1408576965, 43.3746490479, 41.762424469, 14.6834640503], [-25.1851654053, 36.0715713501, 211.139389038, 129.346618652, 147.633880615, 252.461791992, 166.184661865, 80.9391860962, 75.8086242676, 37.1360282898, 32.8202285767, 40.6351280212, 22.8186950684], [146.684509277, 87.3126678467, 94.6656723022, 63.1031990051, 37.8035697937, 166.184661865, 324.206878662, 171.328933716, 23.4837150574, 28.6656208038, 54.410369873, 16.8749141693, 23.2811031342], [276.861755371, 164.555862427, 37.2174072266, 36.9130516052, 53.0022544861, 80.9391860962, 171.328933716, 213.872695923, 63.4776306152, 54.8712806702, 77.1411514282, 12.0861463547, 5.36816120148], [-66.1090164185, 53.8919143677, 160.425247192, 104.40259552, 97.3582305908, 75.8086242676, 23.4837150574, 63.4776306152, 175.025924683, 89.2725830078, 39.8127975464, 42.0312385559, 8.94857406616], [61.1004905701, 25.9045963287, 59.7966766357, 60.8325996399, 51.1408576965, 37.1360282898, 28.6656208038, 54.8712806702, 89.2725830078, 136.363449097, 74.8438262939, 30.8194026947, 6.70500421524], [54.9395980835, 84.052772522, 22.9432411194, 40.099445343, 43.3746490479, 32.8202285767, 54.410369873, 77.1411514282, 39.8127975464, 74.8438262939, 121.987747192, 46.246837616, 7.78765487671], [-70.8087844849, -4.13448762894, 79.1829147339, 72.2048950195, 41.762424469, 40.6351280212, 16.8749141693, 12.0861463547, 42.0312385559, 30.8194026947, 46.246837616, 93.4570083618, 47.4005661011], [-61.3724555969, -27.5320549011, 40.6046447754, 38.101360321, 14.6834640503, 22.8186950684, 23.2811031342, 5.36816120148, 8.94857406616, 6.70500421524, 7.78765487671, 47.4005661011, 97.0032272339]],
