{
"lowlevel": {
    "average_loudness": 0.709243297577,
    "barkbands_crest": {
        "dmean": 2.18491101265,
        "dmean2": 3.55309438705,
        "dvar": 4.22981071472,
        "dvar2": 11.0852565765,
        "max": 26.2856330872,
        "mean": 9.57194232941,
        "median": 8.61718559265,
        "min": 2.33119297028,
        "var": 17.8771400452
    },
    "barkbands_flatness_db": {
        "dmean": 0.0170507393777,
        "dmean2": 0.0264029894024,
        "dvar": 0.000294797151582,
        "dvar2": 0.0006930581294,
        "max": 0.402017951012,
        "mean": 0.120019622147,
        "median": 0.104216977954,
        "min": 0.0112241785973,
        "var": 0.00357747473754
    },
    "barkbands_kurtosis": {
        "dmean": 2.27461767197,
        "dmean2": 3.52720689774,
        "dvar": 18.2326545715,
        "dvar2": 38.0511398315,
        "max": 221.253829956,
        "mean": 4.55862665176,
        "median": 1.99397420883,
        "min": -1.92038238049,
        "var": 80.6448669434
    },
    "barkbands_skewness": {
        "dmean": 0.440394878387,
        "dmean2": 0.676419079304,
        "dvar": 0.225002422929,
        "dvar2": 0.514612078667,
        "max": 13.1985855103,
        "mean": 1.552110672,
        "median": 1.38675236702,
        "min": -5.17637300491,
        "var": 1.46589136124
    },
    "barkbands_spread": {
        "dmean": 5.21358346939,
        "dmean2": 7.90611362457,
        "dvar": 49.799331665,
        "dvar2": 103.490730286,
        "max": 109.231895447,
        "mean": 23.4600391388,
        "median": 21.5080661774,
        "min": 0.517762541771,
        "var": 224.32925415
    },
    "dissonance": {
        "dmean": 0.0200372841209,
        "dmean2": 0.033491294831,
        "dvar": 0.000399541284423,
        "dvar2": 0.00106032891199,
        "max": 0.500000178814,
        "mean": 0.453668683767,
        "median": 0.463780879974,
        "min": 0.182678550482,
        "var": 0.00139847234823
    },
    "dynamic_complexity": 5.28825426102,
    "erbbands_crest": {
        "dmean": 2.37300848961,
        "dmean2": 3.7407476902,
        "dvar": 5.4753909111,
        "dvar2": 13.2055559158,
        "max": 32.2625579834,
        "mean": 9.30214309692,
        "median": 8.13534927368,
        "min": 2.20348763466,
        "var": 22.4680404663
    },
    "erbbands_flatness_db": {
        "dmean": 0.0149888442829,
        "dmean2": 0.0210529752076,
        "dvar": 0.00024181146,
        "dvar2": 0.000446167454356,
        "max": 0.398871034384,
        "mean": 0.145099654794,
        "median": 0.133934229612,
        "min": 0.0361224040389,
        "var": 0.00307304249145
    },
    "erbbands_kurtosis": {
        "dmean": 0.915498912334,
        "dmean2": 1.39758992195,
        "dvar": 2.11291337013,
        "dvar2": 4.40100812912,
        "max": 50.7967948914,
        "mean": 1.07695651054,
        "median": 0.126496315002,
        "min": -1.82863128185,
        "var": 8.52485084534
    },
    "erbbands_skewness": {
        "dmean": 0.31448251009,
        "dmean2": 0.47496509552,
        "dvar": 0.0944342985749,
        "dvar2": 0.20214985311,
        "max": 5.80466556549,
        "mean": 0.532053112984,
        "median": 0.439428329468,
        "min": -3.72242426872,
        "var": 0.703103601933
    },
    "erbbands_spread": {
        "dmean": 7.35751104355,
        "dmean2": 10.9687852859,
        "dvar": 77.1927108765,
        "dvar2": 165.713592529,
        "max": 153.160934448,
        "mean": 38.7262458801,
        "median": 36.3827590942,
        "min": 2.19862723351,
        "var": 401.996795654
    },
    "hfc": {
        "dmean": 6.09038496017,
        "dmean2": 8.99382781982,
        "dvar": 127.693115234,
        "dvar2": 280.129425049,
        "max": 210.990997314,
        "mean": 21.6424751282,
        "median": 14.6801118851,
        "min": 1.07290321619e-16,
        "var": 530.756469727
    },
    "melbands_crest": {
        "dmean": 2.84859681129,
        "dmean2": 4.66364002228,
        "dvar": 7.53906774521,
        "dvar2": 20.7418270111,
        "max": 33.3054847717,
        "mean": 12.8230695724,
        "median": 11.9638051987,
        "min": 1.52233052254,
        "var": 25.2587490082
    },
    "melbands_flatness_db": {
        "dmean": 0.0204954892397,
        "dmean2": 0.0320357009768,
        "dvar": 0.000473810127005,
        "dvar2": 0.00115725619253,
        "max": 0.501548111439,
        "mean": 0.186622917652,
        "median": 0.174126327038,
        "min": 0.000836666848045,
        "var": 0.00469835940748
    },
    "melbands_kurtosis": {
        "dmean": 5.27793836594,
        "dmean2": 8.3031835556,
        "dvar": 85.4934539795,
        "dvar2": 204.397445679,
        "max": 222.61907959,
        "mean": 11.9999504089,
        "median": 6.95589065552,
        "min": -1.84722673893,
        "var": 278.750549316
    },
    "melbands_skewness": {
        "dmean": 0.594986021519,
        "dmean2": 0.91467165947,
        "dvar": 0.43284791708,
        "dvar2": 1.02283191681,
        "max": 11.581990242,
        "mean": 2.42046189308,
        "median": 2.17778706551,
        "min": -1.88949489594,
        "var": 2.31572318077
    },
    "melbands_spread": {
        "dmean": 6.07798719406,
        "dmean2": 9.49534893036,
        "dvar": 95.8692550659,
        "dvar2": 205.83770752,
        "max": 259.291503906,
        "mean": 24.0031585693,
        "median": 20.4297370911,
        "min": 0.744731247425,
        "var": 395.751434326
    },
    "pitch_salience": {
        "dmean": 0.0621517784894,
        "dmean2": 0.101970210671,
        "dvar": 0.00346081005409,
        "dvar2": 0.0095253624022,
        "max": 0.986451566219,
        "mean": 0.569565236568,
        "median": 0.577517211437,
        "min": 0.0944954901934,
        "var": 0.0106532732025
    },
    "silence_rate_20dB": {
        "dmean": 0,
        "dmean2": 0,
        "dvar": 0,
        "dvar2": 0,
        "max": 1,
        "mean": 1,
        "median": 1,
        "min": 1,
        "var": 0
    },
    "silence_rate_30dB": {
        "dmean": 0,
        "dmean2": 0,
        "dvar": 0,
        "dvar2": 0,
        "max": 1,
        "mean": 1,
        "median": 1,
        "min": 1,
        "var": 0
    },
    "silence_rate_60dB": {
        "dmean": 0.0212398543954,
        "dmean2": 0.0424833782017,
        "dvar": 0.0207938440144,
        "dvar2": 0.0467236749828,
        "max": 1,
        "mean": 0.196667537093,
        "median": 0,
        "min": 0,
        "var": 0.158005699515
    },
    "spectral_centroid": {
        "dmean": 190.219329834,
        "dmean2": 293.382965088,
        "dvar": 68020.640625,
        "dvar2": 142969.59375,
        "max": 11593.7460938,
        "mean": 1272.40441895,
        "median": 1165.95788574,
        "min": 215.576522827,
        "var": 1162619.125
    },
    "spectral_complexity": {
        "dmean": 2.94957685471,
        "dmean2": 4.61203718185,
        "dvar": 14.8130474091,
        "dvar2": 31.6455287933,
        "max": 55,
        "mean": 17.0587062836,
        "median": 16,
        "min": 0,
        "var": 117.924049377
    },
    "spectral_decrease": {
        "dmean": 1.60858992793e-09,
        "dmean2": 2.57368037992e-09,
        "dvar": 6.76363294367e-18,
        "dvar2": 1.712389434e-17,
        "max": 1.69250615179e-28,
        "mean": -5.29223731505e-09,
        "median": -4.23755386336e-09,
        "min": -2.98993150238e-08,
        "var": 2.28658843673e-17
    },
    "spectral_energy": {
        "dmean": 0.00646748812869,
        "dmean2": 0.0102883288637,
        "dvar": 0.000108160507807,
        "dvar2": 0.00027085171314,
        "max": 0.118964329362,
        "mean": 0.0219371262938,
        "median": 0.0175658073276,
        "min": 1.0178838716e-20,
        "var": 0.000389697495848
    },
    "spectral_energyband_high": {
        "dmean": 0.000398951844545,
        "dmean2": 0.00056165328715,
        "dvar": 9.17004001622e-07,
        "dvar2": 1.80162487595e-06,
        "max": 0.0199048724025,
        "mean": 0.000986362341791,
        "median": 0.000442256685346,
        "min": 7.15174137603e-21,
        "var": 2.40879489866e-06
    },
    "spectral_energyband_low": {
        "dmean": 0.00328444805928,
        "dmean2": 0.00562479905784,
        "dvar": 5.42700545338e-05,
        "dvar2": 0.000155456000357,
        "max": 0.105123870075,
        "mean": 0.00575132109225,
        "median": 0.00351270008832,
        "min": 1.23495401629e-23,
        "var": 6.73096292303e-05
    },
    "spectral_energyband_middle_high": {
        "dmean": 0.00175207166467,
        "dmean2": 0.00269295624457,
        "dvar": 1.0467411812e-05,
        "dvar2": 2.48124288191e-05,
        "max": 0.0660851299763,
        "mean": 0.00548643851653,
        "median": 0.00270193791948,
        "min": 1.16419683447e-21,
        "var": 5.60355074413e-05
    },
    "spectral_energyband_middle_low": {
        "dmean": 0.00382014736533,
        "dmean2": 0.00620322395116,
        "dvar": 4.52480162494e-05,
        "dvar2": 0.00012134067947,
        "max": 0.0952201932669,
        "mean": 0.010409636423,
        "median": 0.00755066191778,
        "min": 1.77830036099e-22,
        "var": 0.000109841523226
    },
    "spectral_entropy": {
        "dmean": 0.139746770263,
        "dmean2": 0.200992032886,
        "dvar": 0.0263316817582,
        "dvar2": 0.0502196066082,
        "max": 9.81960296631,
        "mean": 7.57754564285,
        "median": 7.69891119003,
        "min": 4.64209699631,
        "var": 0.386051982641
    },
    "spectral_flux": {
        "dmean": 0.0186494048685,
        "dmean2": 0.0287291184068,
        "dvar": 0.000621540821157,
        "dvar2": 0.00125102896709,
        "max": 0.297919899225,
        "mean": 0.0687017664313,
        "median": 0.0605792663991,
        "min": 6.28114990575e-11,
        "var": 0.00254684290849
    },
    "spectral_kurtosis": {
        "dmean": 1.37873589993,
        "dmean2": 2.20482683182,
        "dvar": 7.60236024857,
        "dvar2": 20.0031089783,
        "max": 70.2335510254,
        "mean": 5.09191656113,
        "median": 3.71554708481,
        "min": -1.25713348389,
        "var": 32.0511474609
    },
    "spectral_rms": {
        "dmean": 0.000596249010414,
        "dmean2": 0.000922385544982,
        "dvar": 6.39729364593e-07,
        "dvar2": 1.50622872752e-06,
        "max": 0.0107732424513,
        "mean": 0.00404955772683,
        "median": 0.00413973070681,
        "min": 3.15128153607e-12,
        "var": 5.00317582919e-06
    },
    "spectral_rolloff": {
        "dmean": 476.739929199,
        "dmean2": 806.429321289,
        "dvar": 1117324.875,
        "dvar2": 2461427,
        "max": 19659.8144531,
        "mean": 1697.57763672,
        "median": 1227.39257812,
        "min": 107.666015625,
        "var": 5200915.5
    },
    "spectral_skewness": {
        "dmean": 0.180034384131,
        "dmean2": 0.274692744017,
        "dvar": 0.0568892173469,
        "dvar2": 0.127729043365,
        "max": 6.74705600739,
        "mean": 1.77927625179,
        "median": 1.66125357151,
        "min": -0.179025352001,
        "var": 0.444855332375
    },
    "spectral_spread": {
        "dmean": 567593.9375,
        "dmean2": 800579.0625,
        "dvar": 661964193792,
        "dvar2": 1.20950672589e+12,
        "max": 42379508,
        "mean": 5894692,
        "median": 5464449,
        "min": 1007120.625,
        "var": 1.45931055923e+13
    },
    "spectral_strongpeak": {
        "dmean": 0.557000935078,
        "dmean2": 0.939370036125,
        "dvar": 1.1218829155,
        "dvar2": 2.9262304306,
        "max": 18.533952713,
        "mean": 1.04677033424,
        "median": 0.401819378138,
        "min": 0,
        "var": 2.32849860191
    },
    "zerocrossingrate": {
        "dmean": 0.0108648268506,
        "dmean2": 0.012607277371,
        "dvar": 0.000226360178203,
        "dvar2": 0.000238667518715,
        "max": 0.5283203125,
        "mean": 0.0745304450393,
        "median": 0.06494140625,
        "min": 0.009765625,
        "var": 0.00337081472389
    },
    "barkbands": {
        "dmean": [8.61705557327e-05, 0.00181345909368, 0.00161035940982, 0.00102415040601, 0.00166252360214, 0.000646928907372, 0.000683509744704, 0.000810783880297, 0.000922221515793, 0.000488521123771, 0.00039876945084, 0.000355028314516, 0.000323532352922, 0.000422714278102, 0.000356758682756, 0.000388286047382, 0.000234370963881, 0.000162317970535, 8.30161443446e-05, 8.47240444273e-05, 6.59846919007e-05, 7.6936390542e-05, 8.16154497443e-05, 7.27155420464e-05, 8.26198302093e-05, 7.63634161558e-05, 3.79201401302e-06],
        "dmean2": [0.00014136073878, 0.00319332582876, 0.00275577325374, 0.00180511199869, 0.00280517665669, 0.00104009266943, 0.00107916269917, 0.00122678617481, 0.00138868868817, 0.000762868381571, 0.000615375116467, 0.000579055107664, 0.000526890624315, 0.000675637507811, 0.000577998231165, 0.000625969143584, 0.000379040284315, 0.000263950671069, 0.000137502458529, 0.000142101605888, 0.000105891675048, 0.000121121694974, 0.000123849822558, 0.000107758998638, 0.000118931260658, 0.000110986300569, 6.14497457718e-06],
        "dvar": [5.2018560126e-08, 1.62422875292e-05, 1.98508187168e-05, 7.37967002351e-06, 1.06828183561e-05, 1.77623576292e-06, 2.25038024837e-06, 3.83324913855e-06, 5.74136583964e-06, 2.3378743208e-06, 1.6547485302e-06, 1.14672616292e-06, 8.10323967926e-07, 1.69041800291e-06, 9.40906772939e-07, 1.19268099752e-06, 3.2192923527e-07, 1.1143026768e-07, 3.19298081308e-08, 4.74609294088e-08, 2.50642404609e-08, 2.98559257317e-08, 4.35715961089e-08, 4.75146393342e-08, 5.79934038569e-08, 3.47921300659e-08, 2.83001261314e-10],
        "dvar2": [1.27121907667e-07, 5.05632888235e-05, 5.51633092982e-05, 2.08834026125e-05, 2.95055069728e-05, 4.56415136796e-06, 5.54903954253e-06, 8.213854926e-06, 1.31889446493e-05, 5.28894724994e-06, 3.687561275e-06, 3.00674514619e-06, 1.97050235329e-06, 3.97744088332e-06, 2.32184424931e-06, 2.92852496386e-06, 8.12062921796e-07, 2.83721647065e-07, 8.45207424049e-08, 1.29827839146e-07, 6.27907894568e-08, 7.0583794809e-08, 8.77584085401e-08, 8.71488623488e-08, 1.04479944696e-07, 7.08939538185e-08, 6.52636944487e-10],
        "max": [0.00411999458447, 0.0402283407748, 0.0783717781305, 0.0395054295659, 0.0496323816478, 0.035098195076, 0.0327951870859, 0.0610185302794, 0.0666320174932, 0.0414811596274, 0.052602481097, 0.0330597013235, 0.0227237083018, 0.0408334024251, 0.0281279888004, 0.0295672435313, 0.0254922304302, 0.0093910805881, 0.00274145440198, 0.00705919135362, 0.00247227144428, 0.00439011305571, 0.00574433943257, 0.00709848990664, 0.00696365814656, 0.00455074477941, 0.00122353597544],
        "mean": [0.00011417359201, 0.0028035021387, 0.00220765545964, 0.00128464249428, 0.00294494442642, 0.00119122792967, 0.00126689567696, 0.00157229404431, 0.00202076183632, 0.00084352795966, 0.000718191033229, 0.000583767599892, 0.000493566214573, 0.000660730875097, 0.000577335013077, 0.000681434525177, 0.000442678778199, 0.000301790219964, 0.000154272347572, 0.000159445611644, 0.000121682591271, 0.000163381846505, 0.000185507320566, 0.000162043856108, 0.000159322895342, 0.000116806324513, 5.56195800527e-06],
        "median": [2.06219083339e-05, 0.00145882251672, 0.00075445784023, 0.00049914768897, 0.00177688489202, 0.000517608132213, 0.00052316026995, 0.000327023881255, 0.000433091336163, 0.000164320110343, 0.000198428548174, 0.000171801089891, 0.000147523809574, 0.000162248834386, 0.000165452162037, 0.000173355525476, 0.000154463225044, 0.000128558342112, 7.65918812249e-05, 8.29049531603e-05, 5.3171235777e-05, 7.33897322789e-05, 7.34744535293e-05, 5.68630784983e-05, 4.98700428579e-05, 3.1425490306e-05, 1.19026992706e-06],
        "min": [2.79551202781e-25, 1.85607532515e-24, 4.51524260626e-25, 8.76091467791e-25, 5.97455718369e-24, 9.0884735888e-24, 8.45527229512e-24, 8.59385385692e-24, 1.46678998114e-23, 1.2181944297e-23, 7.95307160994e-24, 2.11180304693e-23, 4.02603493351e-23, 4.71874600061e-23, 4.74427069961e-23, 4.41821208383e-23, 8.30867495989e-23, 9.14151959374e-23, 1.1805071206e-22, 1.29234109123e-22, 2.5843737063e-22, 3.17262059378e-22, 3.93936310139e-22, 6.12917508863e-22, 8.26081609405e-22, 1.27745514711e-21, 1.89629075359e-21],
        "var": [5.87086859127e-08, 1.77504571184e-05, 1.78814443643e-05, 6.19473530605e-06, 1.35732761919e-05, 3.63667004422e-06, 5.30545594302e-06, 1.42108465297e-05, 2.15823019971e-05, 5.9225849327e-06, 4.74316175314e-06, 2.41217412622e-06, 1.37768472541e-06, 3.11046892421e-06, 1.85722763035e-06, 2.90858679364e-06, 9.59355816121e-07, 2.49349085379e-07, 5.42196794129e-08, 6.03939653843e-08, 4.2009062895e-08, 6.61925056988e-08, 1.193241701e-07, 1.12830868204e-07, 1.19706342616e-07, 5.84289701067e-08, 6.89721113556e-10]
    },
    "erbbands": {
        "dmean": [0.0375628843904, 0.476675778627, 1.73921716213, 2.52321982384, 5.07234144211, 5.7023191452, 5.37979841232, 5.76549434662, 6.97661161423, 14.4209680557, 17.604019165, 19.7773571014, 17.0265369415, 14.5461730957, 14.1655597687, 11.6552877426, 13.5204753876, 17.3035316467, 20.1157798767, 18.1754055023, 17.4033164978, 13.4852237701, 9.6946554184, 4.74081611633, 4.28195571899, 3.66571307182, 2.92422914505, 2.45142054558, 2.5787756443, 2.89042592049, 2.26707601547, 1.72331786156, 1.13319921494, 0.843463659286, 0.675152122974, 0.384183049202, 0.13318182528, 0.0201290100813, 0.000423599092755, 1.93232881429e-05],
        "dmean2": [0.0642317384481, 0.843467235565, 3.00061631203, 4.35072803497, 8.81750106812, 9.51634407043, 8.72194194794, 9.29643726349, 10.8476448059, 22.7066345215, 26.2310390472, 29.6939620972, 25.8461894989, 22.2696647644, 22.0999832153, 18.8514022827, 21.7893714905, 27.4919147491, 32.2137336731, 29.0346279144, 27.6561203003, 21.7175865173, 15.6514949799, 7.77826547623, 7.08518123627, 6.12919807434, 4.73186302185, 3.88928151131, 4.05707883835, 4.5073633194, 3.43517899513, 2.6354765892, 1.65730404854, 1.22097396851, 0.990417838097, 0.544709146023, 0.202583089471, 0.0312649644911, 0.000652771210298, 2.92854820145e-05],
        "dvar": [0.00622373307124, 1.19704270363, 21.7082920074, 44.3073692322, 178.449874878, 97.3982391357, 108.106361389, 168.636444092, 226.944900513, 1088.1517334, 1788.65258789, 3243.68408203, 2201.37573242, 2047.43859863, 1534.78796387, 1404.3828125, 1361.33996582, 2752.80566406, 3621.15039062, 2321.01318359, 2040.32641602, 1130.61169434, 399.024871826, 101.530982971, 104.057380676, 85.5640945435, 52.6058273315, 32.2826461792, 33.2897720337, 45.1326026917, 34.2256813049, 27.9164352417, 12.0452842712, 6.76607370377, 3.46899962425, 0.950929105282, 0.110891580582, 0.00345797277987, 1.45749231706e-06, 1.76587877654e-09],
        "dvar2": [0.0177159793675, 3.75213956833, 61.5514221191, 121.938652039, 498.757324219, 266.555297852, 281.497680664, 446.211517334, 550.657287598, 2591.20922852, 3764.17749023, 7403.71386719, 5080.91064453, 4341.03710938, 3778.9855957, 3735.77832031, 3265.97631836, 6752.13964844, 8819.4453125, 5572.93310547, 5230.75195312, 2870.96069336, 990.835571289, 265.82913208, 278.141662598, 230.33140564, 134.526626587, 79.8572006226, 80.2193450928, 101.348419189, 68.1996612549, 55.4995269775, 21.4537410736, 11.67527771, 6.58529520035, 1.84208571911, 0.248865291476, 0.0072854901664, 3.08022003992e-06, 3.80884168649e-09],
        "max": [1.02279949188, 11.6055555344, 72.7437591553, 95.2758407593, 234.907424927, 141.59324646, 297.28427124, 316.371459961, 346.068664551, 1033.62390137, 1346.31481934, 1766.79077148, 1280.79992676, 1834.14196777, 1017.36132812, 1200.58569336, 938.244262695, 1266.84643555, 1754.10327148, 1590.48242188, 1587.74230957, 1672.06616211, 667.525146484, 310.870666504, 231.553283691, 263.063568115, 123.82308197, 91.5900192261, 118.812820435, 208.14100647, 161.224182129, 126.060317993, 126.775238037, 77.1966781616, 51.9559440613, 31.2289619446, 7.78703308105, 3.57546973228, 0.0721139535308, 0.00152941700071],
        "mean": [0.0657548680902, 0.687661647797, 2.48286271095, 3.56636333466, 7.11627149582, 10.0415554047, 9.82364749908, 10.6208591461, 13.9026432037, 27.4858512878, 36.905128479, 43.7446632385, 33.0201721191, 28.8973388672, 26.4564590454, 20.4634513855, 22.9766120911, 29.8223266602, 35.3286170959, 31.7726840973, 34.5149307251, 27.0961952209, 19.010969162, 9.37730979919, 8.27734947205, 7.11270713806, 5.35785961151, 4.68933773041, 5.47872781754, 6.36493587494, 5.08894348145, 3.66792750359, 2.49088311195, 1.69756221771, 1.20707261562, 0.617748320103, 0.188159033656, 0.0299226976931, 0.000662248581648, 4.90505481139e-05],
        "median": [0.0314438156784, 0.319351941347, 0.907138228416, 1.66111516953, 3.42473530769, 5.89182519913, 4.66914653778, 4.46510601044, 6.54879045486, 9.65483474731, 8.64184856415, 9.51885509491, 7.9835190773, 8.30349349976, 9.07650375366, 6.70640325546, 7.48248100281, 8.83520793915, 8.91883945465, 10.3485193253, 10.6829023361, 9.75716876984, 7.81158494949, 5.12448883057, 4.09506750107, 3.78523659706, 2.46420955658, 2.03478360176, 2.52734422684, 2.52382278442, 2.0697581768, 1.30586183071, 0.859972298145, 0.514522135258, 0.36770310998, 0.174178540707, 0.047233812511, 0.00699283974245, 0.000173888576683, 3.12472329824e-05],
        "min": [5.00872243413e-23, 6.55058483663e-22, 7.07848045698e-22, 4.2770262145e-21, 9.51349389006e-21, 2.10975985679e-20, 5.8164639413e-20, 8.73231889829e-20, 1.30424578636e-19, 1.19534681248e-19, 2.21326364206e-19, 3.39169357704e-19, 3.41906007212e-19, 8.94195994048e-19, 1.11435466357e-18, 1.24449292139e-18, 1.94216424358e-18, 2.24929826618e-18, 2.88437073096e-18, 2.66376765865e-18, 3.77382170682e-18, 5.24939073766e-18, 5.05709068398e-18, 6.43900591227e-18, 7.37889277842e-18, 7.56485456065e-18, 8.32480110583e-18, 1.07513197163e-17, 1.05029653549e-17, 1.05998042163e-17, 1.07346784968e-17, 9.16255970406e-18, 1.01721659017e-17, 7.33446490772e-18, 6.60331830992e-18, 4.4130925268e-18, 2.34780472379e-18, 9.16842338063e-19, 2.29254528486e-19, 2.68843796499e-20],
        "var": [0.00868920329958, 1.2177580595, 20.5922851562, 40.2836494446, 153.523391724, 154.712265015, 212.858825684, 330.880157471, 512.540161133, 2801.01464844, 6396.63623047, 12940.7412109, 5426.84472656, 6599.24853516, 3754.02392578, 2705.90478516, 2645.52661133, 5044.46435547, 7972.56933594, 4659.15332031, 5717.38574219, 3418.84082031, 1033.47729492, 175.327835083, 170.273117065, 114.160041809, 80.6129760742, 58.7750244141, 72.7714004517, 129.505081177, 87.1138763428, 59.5062713623, 29.2636222839, 14.8858413696, 6.66764879227, 1.6807333231, 0.162669226527, 0.00736233685166, 3.17277499562e-06, 4.12699119323e-09]
    },
    "gfcc": {
        "mean": [-31.3599700928, 76.1684036255, -105.319000244, 16.0886459351, -62.5898132324, 12.9083814621, -49.1593513489, 9.53463172913, -26.3385429382, 2.26779484749, -25.1019763947, 3.09992790222, -16.9059352875],
        "cov": [[30458.6484375, -1152.80981445, -1117.18347168, 1647.94970703, 64.9102478027, 1247.06164551, -355.293273926, 1095.38232422, 33.25050354, 453.73550415, -494.198242188, 377.292480469, -195.69480896], [-1152.80981445, 1230.84240723, -255.639053345, -198.572525024, 24.5331554413, -208.139678955, 82.5269165039, -149.202590942, 2.92245316505, -90.0275497437, 67.4106140137, -87.1376724243, 37.7583198547], [-1117.18347168, -255.639053345, 808.496887207, 239.447509766, 160.210372925, 114.124740601, 9.97667121887, 78.2824707031, -13.4648914337, 45.21434021, -0.398212194443, 31.4335346222, 0.0579752214253], [1647.94970703, -198.572525024, 239.447509766, 578.844909668, 202.918777466, 143.365814209, 27.8796520233, 153.178405762, 62.4230957031, 46.0920600891, -10.702662468, 54.471862793, 37.7468261719], [64.9102478027, 24.5331554413, 160.210372925, 202.918777466, 354.567260742, 117.477516174, 117.552482605, 102.961090088, 63.5332794189, 45.0085678101, 24.5071258545, 33.619430542, 33.056476593], [1247.06164551, -208.139678955, 114.124740601, 143.365814209, 117.477516174, 310.277160645, 81.6949615479, 104.825515747, 14.910949707, 57.1969604492, -6.25614929199, 23.2294559479, -16.3818664551], [-355.293273926, 82.5269165039, 9.97667121887, 27.8796520233, 117.552482605, 81.6949615479, 237.490539551, 50.4156761169, 36.5998153687, 29.6045265198, 37.3019180298, -14.9012975693, 5.97272109985], [1095.38232422, -149.202590942, 78.2824707031, 153.178405762, 102.961090088, 104.825515747, 50.4156761169, 194.526123047, 71.3080673218, 47.1018867493, -13.1566934586, 26.6162528992, 0.800961077213], [33.25050354, 2.92245316505, -13.4648914337, 62.4230957031, 63.5332794189, 14.910949707, 36.5998153687, 71.3080673218, 146.998291016, 31.1474113464, 5.27945375443, 1.76503682137, 10.223613739], [453.73550415, -90.0275497437, 45.21434021, 46.0920600891, 45.0085678101, 57.1969604492, 29.6045265198, 47.1018867493, 31.1474113464, 100.486907959, 16.2458133698, 0.691023290157, -7.19390487671], [-494.198242188, 67.4106140137, -0.398212194443, -10.702662468, 24.5071258545, -6.25614929199, 37.3019180298, -13.1566934586, 5.27945375443, 16.2458133698, 88.8356781006, 13.4032115936, 9.85194206238], [377.292480469, -87.1376724243, 31.4335346222, 54.471862793, 33.619430542, 23.2294559479, -14.9012975693, 26.6162528992, 1.76503682137, 0.691023290157, 13.4032115936, 92.09349823, 19.6633796692], [-195.69480896, 37.7583198547, 0.0579752214253, 37.7468261719, 33.056476593, -16.3818664551, 5.97272109985, 0.800961077213, 10.223613739, -7.19390487671, 9.85194206238, 19.6633796692, 80.2298202515]],
        "icov": [[0.000120432276162, -0.000134489411721, 0.000342430052115, -0.000341666862369, 0.000188861333299, -0.000361834507203, 0.000280608335743, -0.000528769742232, 0.000376773852622, -0.000560721207876, 0.0005762220826, -0.000464769807877, 0.000295105215628], [-0.000134489411721, 0.00143716612365, -0.000119280397485, 0.000512967177201, -0.00081837765174, 0.000980586744845, -0.000678745855112, 0.00110446871258, -0.000591083313338, 0.00156304729171, -0.00145540793892, 0.00162560318131, -0.000672976893838], [0.000342430052115, -0.000119280397485, 0.0025623140391, -0.00139719864819, -0.000121238554129, -0.00104330771137, 0.000994861475192, -0.00152193359099, 0.00166367029306, -0.00176052679308, 0.00142897351179, -0.00110665988177, 0.00105084339157], [-0.000341666862369, 0.000512967177201, -0.00139719864819, 0.00377653585747, -0.00149115349632, 0.000566172413528, -0.00027050456265, 0.000326639390551, -0.0013570592273, 0.00167830160353, -0.00140023906715, 0.00100482290145, -0.00185463123489], [0.000188861333299, -0.00081837765174, -0.000121238554129, -0.00149115349632, 0.00546733476222, -0.00139705068432, -0.00116538931616, -0.00151961972006, -0.000236419524299, -0.00153314159252, 0.000811128877103, -0.00198982073925, -0.000607793219388], [-0.000361834507203, 0.000980586744845, -0.00104330771137, 0.000566172413528, -0.00139705068432, 0.00629913946614, -0.00229280721396, 0.000393900612835, -2.34539947996e-05, 0.000459661066998, -0.00110975035932, 0.000947850116063, 0.000367053871742], [0.000280608335743, -0.000678745855112, 0.000994861475192, -0.00027050456265, -0.00116538931616, -0.00229280721396, 0.00700984802097, -0.00233534025028, 0.000562990200706, -0.00132767332252, -0.00104997179005, 0.000917257450055, 0.000357244891347], [-0.000528769742232, 0.00110446871258, -0.00152193359099, 0.000326639390551, -0.00151961972006, 0.000393900612835, -0.00233534025028, 0.0120193930343, -0.00497629866004, 0.000993956928141, -0.000428220053436, 0.000403637561249, -0.000524820643477], [0.000376773852622, -0.000591083313338, 0.00166367029306, -0.0013570592273, -0.000236419524299, -2.34539947996e-05, 0.000562990200706, -0.00497629866004, 0.0105261960998, -0.00356690702029, 0.0015839402331, -0.000705837504938, 0.000252174912021], [-0.000560721207876, 0.00156304729171, -0.00176052679308, 0.00167830160353, -0.00153314159252, 0.000459661066998, -0.00132767332252, 0.000993956928141, -0.00356690702029, 0.0163237955421, -0.00632276106626, 0.00428444473073, -0.000432624365203], [0.0005762220826, -0.00145540793892, 0.00142897351179, -0.00140023906715, 0.000811128877103, -0.00110975035932, -0.00104997179005, -0.000428220053436, 0.0015839402331, -0.00632276106626, 0.0173739846796, -0.00615837238729, 0.000876961683389], [-0.000464769807877, 0.00162560318131, -0.00110665988177, 0.00100482290145, -0.00198982073925, 0.000947850116063, 0.000917257450055, 0.000403637561249, -0.000705837504938, 0.00428444473073, -0.00615837238729, 0.0163806155324, -0.00421394221485], [0.000295105215628, -0.000672976893838, 0.00105084339157, -0.00185463123489, -0.000607793219388, 0.000367053871742, 0.000357244891347, -0.000524820643477, 0.000252174912021, -0.000432624365203, 0.000876961683389, -0.00421394221485, 0.0155307324603]]
    },
    "melbands": {
        "dmean": [0.000411474204157, 0.000802615249995, 0.000496049236972, 0.000396359711885, 0.00019485973462, 0.00012466267799, 0.000114914975711, 0.000168578480952, 0.000145399215398, 0.000129728810862, 8.88488575583e-05, 6.32580631645e-05, 4.9671245506e-05, 3.87188774766e-05, 3.37750789186e-05, 3.5455206671e-05, 3.43516876455e-05, 3.65146297554e-05, 2.65612743533e-05, 2.99992025248e-05, 1.90231403394e-05, 1.60603103723e-05, 1.00729830592e-05, 7.87150474935e-06, 3.85720568374e-06, 3.24216853187e-06, 3.67610118701e-06, 2.41853808802e-06, 1.9404176328e-06, 1.6782506691e-06, 1.517304554e-06, 1.48591414018e-06, 1.72125930931e-06, 1.71587248587e-06, 1.44169018768e-06, 1.25968119846e-06, 1.085332201e-06, 8.88921192654e-07, 6.94818652391e-07, 7.77896161708e-07],
        "dmean2": [0.000714431342203, 0.00139871041756, 0.000853329489473, 0.00067351263715, 0.000316742953146, 0.000200741545996, 0.000179645838216, 0.000262568733888, 0.000216434578761, 0.000195468339371, 0.000135705864523, 9.73112910287e-05, 7.67750680097e-05, 6.24504245934e-05, 5.47737145098e-05, 5.74359437451e-05, 5.45640214114e-05, 5.83778200962e-05, 4.26550141128e-05, 4.81301249238e-05, 3.03053202515e-05, 2.62403827946e-05, 1.60894796863e-05, 1.28072515508e-05, 6.41364704279e-06, 5.36425068276e-06, 6.18677267994e-06, 4.06625395044e-06, 3.17951867146e-06, 2.7565884011e-06, 2.42052942667e-06, 2.35223774325e-06, 2.77102367363e-06, 2.70918826573e-06, 2.22128801397e-06, 1.94701351575e-06, 1.6893936845e-06, 1.32141576614e-06, 1.0347287116e-06, 1.14538374874e-06],
        "dvar": [7.69771133946e-07, 4.05537002734e-06, 1.6231238078e-06, 6.80661969454e-07, 1.22501759847e-07, 7.29794678023e-08, 5.82344341638e-08, 1.36078071478e-07, 1.17845878833e-07, 1.38493788882e-07, 6.15927788772e-08, 3.60564236246e-08, 2.10425987746e-08, 1.4086124267e-08, 1.50283359091e-08, 9.99618343656e-09, 1.13099201116e-08, 1.40001690241e-08, 5.73888092603e-09, 8.97140317591e-09, 2.64921529158e-09, 1.74471681547e-09, 5.12217601667e-10, 2.99155977768e-10, 6.77719824704e-11, 4.79737118086e-11, 1.05994289734e-10, 3.15811231333e-11, 1.98460223949e-11, 1.89356481883e-11, 1.25683196489e-11, 1.03590556272e-11, 1.66227396431e-11, 1.6069314282e-11, 1.19294981879e-11, 1.52531355602e-11, 1.0489723673e-11, 7.38293193941e-12, 4.15156103939e-12, 5.96982966533e-12],
        "dvar2": [2.33858713727e-06, 1.18758416647e-05, 4.46787635155e-06, 1.89222089375e-06, 3.22274473774e-07, 1.90166872471e-07, 1.42866866781e-07, 3.13297391585e-07, 2.50620246334e-07, 3.16394334732e-07, 1.42020880389e-07, 7.75645716544e-08, 5.06085591212e-08, 3.57274778651e-08, 3.93210797256e-08, 2.35725039488e-08, 2.71432831767e-08, 3.34875522867e-08, 1.39513183228e-08, 2.08414867586e-08, 6.93397872453e-09, 4.49970283256e-09, 1.22236587519e-09, 7.43280825777e-10, 1.78038098153e-10, 1.26267760137e-10, 2.92890878217e-10, 8.44951955625e-11, 5.11719312757e-11, 4.91145388248e-11, 3.0896184916e-11, 2.55414960015e-11, 3.96859350937e-11, 3.6358131783e-11, 2.50908530064e-11, 3.16198907335e-11, 2.15688716887e-11, 1.39358446657e-11, 7.57871630036e-12, 1.07876485522e-11],
        "max": [0.00932268984616, 0.0284558646381, 0.0184727143496, 0.0124921798706, 0.00841478444636, 0.00639475602657, 0.00485759135336, 0.00987256877124, 0.00895717833191, 0.0123392641544, 0.00641922559589, 0.00674592424184, 0.00454228883609, 0.00406813248992, 0.00486857211217, 0.0027473915834, 0.00272955698892, 0.00378283369355, 0.00304656871594, 0.00285917939618, 0.00197570258752, 0.00237280852161, 0.000922462437302, 0.000518050394021, 0.000233355371165, 0.000151858053869, 0.000389543914935, 0.000107873151137, 7.00351447449e-05, 8.16957617644e-05, 6.40891375951e-05, 6.82777972543e-05, 0.000131339300424, 0.000122097801068, 9.30895039346e-05, 0.000135321213747, 9.18070218177e-05, 9.99056574074e-05, 6.0396749177e-05, 7.44115532143e-05],
        "mean": [0.000675117596984, 0.00119521981105, 0.000719249423128, 0.000647448527161, 0.000371279253159, 0.000234511564486, 0.000223319904762, 0.000326611188939, 0.000297327060252, 0.000283074215986, 0.000164456345374, 0.000120593795145, 9.057718853e-05, 6.54717368889e-05, 5.21931615367e-05, 5.44031390746e-05, 5.49834621779e-05, 5.95020683249e-05, 4.17681039835e-05, 4.88645891892e-05, 3.56901618943e-05, 2.89406925731e-05, 1.95994143724e-05, 1.39366675285e-05, 6.78051583236e-06, 5.98086262471e-06, 6.21117533228e-06, 4.34119510828e-06, 3.46182105204e-06, 2.77315098174e-06, 2.73067894341e-06, 2.9676145914e-06, 3.37938672601e-06, 3.60263811672e-06, 3.03517504108e-06, 2.49990216616e-06, 2.14401416088e-06, 1.82240319191e-06, 1.4230367924e-06, 1.44047533013e-06],
        "median": [0.000373029557522, 0.000558986677788, 0.000364015751984, 0.000373711431166, 0.000195174623514, 0.000100127763289, 0.000105034763692, 0.000100731776911, 6.1324572016e-05, 5.52605379198e-05, 3.56844720955e-05, 3.03765536955e-05, 3.05690155074e-05, 1.79962680704e-05, 1.34315951072e-05, 1.58282819029e-05, 1.39416297316e-05, 1.22811852634e-05, 1.21601688079e-05, 1.16330011224e-05, 1.10142218546e-05, 9.69451411947e-06, 7.54333314035e-06, 5.77247601541e-06, 3.54543431058e-06, 2.80584299617e-06, 2.78246375274e-06, 2.21576169679e-06, 1.56295016041e-06, 1.11098290745e-06, 1.12731584068e-06, 1.38082396006e-06, 1.35075140406e-06, 1.37212919071e-06, 1.21576499623e-06, 8.80474090081e-07, 7.25576114746e-07, 6.2857714056e-07, 4.47912100299e-07, 4.0627574549e-07],
        "min": [1.09059990565e-24, 4.89797918203e-25, 1.1941346454e-24, 7.72793287696e-25, 2.12802841691e-24, 1.9774257982e-24, 2.06640418072e-24, 1.29971697225e-24, 1.94781176261e-24, 2.13813431675e-24, 1.49770064768e-24, 2.14243400312e-24, 2.05094073204e-24, 1.67873880201e-24, 2.17223992913e-24, 4.75551464963e-24, 3.46946824244e-24, 3.55229429875e-24, 2.96851080205e-24, 4.11827083824e-24, 3.64857280008e-24, 4.59606101157e-24, 4.40177719239e-24, 3.49691074118e-24, 4.40927058213e-24, 4.22895354527e-24, 4.8109305505e-24, 4.43920114816e-24, 4.87232246716e-24, 4.08441213933e-24, 4.74527247407e-24, 4.86666791219e-24, 4.32007920717e-24, 4.81663914244e-24, 5.4825355652e-24, 5.97076473489e-24, 5.39605234973e-24, 6.78892669514e-24, 6.5211884872e-24, 5.3843728696e-24],
        "var": [9.22947663184e-07, 4.06861863667e-06, 1.47334105804e-06, 7.61840738051e-07, 2.53038678011e-07, 1.49353965639e-07, 1.3270411614e-07, 4.15963882006e-07, 4.15030029899e-07, 5.69400356198e-07, 1.49256422333e-07, 1.12326063118e-07, 5.18777802938e-08, 3.29870353255e-08, 2.78397997988e-08, 1.75472347763e-08, 2.07310737466e-08, 2.87891079864e-08, 9.84841630469e-09, 1.98829699372e-08, 6.81810874426e-09, 4.33304103709e-09, 1.59478696915e-09, 6.03397942722e-10, 1.01924593765e-10, 9.27825524744e-11, 1.21498172634e-10, 4.33740370009e-11, 3.23201569674e-11, 2.6048213933e-11, 2.17351327908e-11, 2.06468661612e-11, 3.51043118185e-11, 4.66872755733e-11, 2.96197233407e-11, 3.03612759933e-11, 2.10087103963e-11, 1.65356808107e-11, 9.93326167847e-12, 1.18402223789e-11]
    },
    "mfcc": {
        "mean": [-671.214477539, 113.522338867, 7.91854095459, 7.3957529068, 4.74780273438, -0.533493936062, -10.0814523697, 2.03388309479, -2.73290085793, -1.04319059849, -3.47351622581, -3.99606847763, -2.31407618523],
        "cov": [[17111.3183594, -729.401672363, -401.30645752, 741.834411621, 675.692993164, 553.533569336, 266.722381592, 706.099914551, 556.966796875, 550.693481445, 249.424728394, 201.447677612, 127.526000977], [-729.401672363, 1216.2479248, -98.4422683716, -98.0845489502, -93.0140228271, -72.7231292725, -19.1710853577, -62.0778617859, -81.9498825073, -47.2880325317, -17.0943584442, -40.8519859314, -40.1602516174], [-401.30645752, -98.4422683716, 481.672943115, 101.245010376, 95.3948059082, 41.8121261597, 25.662361145, 6.33838415146, 8.79752826691, -16.994146347, 4.58854150772, 16.7244777679, -0.563899099827], [741.834411621, -98.0845489502, 101.245010376, 403.504455566, 182.212112427, 52.2151947021, 50.9346656799, 75.743888855, 102.46295166, 26.6311569214, 6.46303796768, 52.527015686, 40.2940139771], [675.692993164, -93.0140228271, 95.3948059082, 182.212112427, 288.672241211, 80.8470153809, 42.4285354614, 82.2468948364, 85.4189224243, 40.6478843689, 14.9590959549, 35.5620422363, 46.5733375549], [553.533569336, -72.7231292725, 41.8121261597, 52.2151947021, 80.8470153809, 191.315475464, 108.143852234, 56.64478302, 43.4894065857, 45.6754570007, 35.5158653259, 13.2723894119, 5.72638225555], [266.722381592, -19.1710853577, 25.662361145, 50.9346656799, 42.4285354614, 108.143852234, 217.617752075, 53.8207168579, 42.2099876404, 45.0525779724, 41.5876655579, 18.5675773621, 6.53274202347], [706.099914551, -62.0778617859, 6.33838415146, 75.743888855, 82.2468948364, 56.64478302, 53.8207168579, 155.727035522, 72.0289154053, 41.5040893555, 25.0021781921, 23.3090839386, 32.7504386902], [556.966796875, -81.9498825073, 8.79752826691, 102.46295166, 85.4189224243, 43.4894065857, 42.2099876404, 72.0289154053, 157.116271973, 72.4615325928, 26.3484573364, 28.19556427, 22.0915679932], [550.693481445, -47.2880325317, -16.994146347, 26.6311569214, 40.6478843689, 45.6754570007, 45.0525779724, 41.5040893555, 72.4615325928, 137.916259766, 55.4214096069, 14.699259758, 9.09376335144], [249.424728394, -17.0943584442, 4.58854150772, 6.46303796768, 14.9590959549, 35.5158653259, 41.5876655579, 25.0021781921, 26.3484573364, 55.4214096069, 99.4516143799, 29.5887012482, 5.3228468895], [201.447677612, -40.8519859314, 16.7244777679, 52.527015686, 35.5620422363, 13.2723894119, 18.5675773621, 23.3090839386, 28.19556427, 14.699259758, 29.5887012482, 83.7507858276, 32.9697914124], [127.526000977, -40.1602516174, -0.563899099827, 40.2940139771, 46.5733375549, 5.72638225555, 6.53274202347, 32.7504386902, 22.0915679932, 9.09376335144, 5.3228468895, 32.9697914124, 87.7430801392]],
