{
"lowlevel": {
    "average_loudness": 0.927846848965,
    "barkbands_crest": {
        "dmean": 2.47776222229,
        "dmean2": 3.89076709747,
        "dvar": 5.2154083252,
        "dvar2": 12.2611627579,
        "max": 26.5499095917,
        "mean": 8.54165649414,
        "median": 7.39612960815,
        "min": 1.73551869392,
        "var": 18.6407928467
    },
    "barkbands_flatness_db": {
        "dmean": 0.0185230169445,
        "dmean2": 0.0276754628867,
        "dvar": 0.000369629386114,
        "dvar2": 0.000777387991548,
        "max": 0.857146561146,
        "mean": 0.0966508761048,
        "median": 0.0820600986481,
        "min": 0.0109815020114,
        "var": 0.00506365019828
    },
    "barkbands_kurtosis": {
        "dmean": 2.99111056328,
        "dmean2": 4.98357725143,
        "dvar": 653.33605957,
        "dvar2": 1739.06176758,
        "max": 1357.55969238,
        "mean": 4.07227277756,
        "median": -0.12482213974,
        "min": -1.88759422302,
        "var": 1454.96350098
    },
    "barkbands_skewness": {
        "dmean": 0.43901899457,
        "dmean2": 0.658378660679,
        "dvar": 0.434159427881,
        "dvar2": 1.0117944479,
        "max": 28.2532157898,
        "mean": 0.948960721493,
        "median": 0.673105061054,
        "min": -3.02235341072,
        "var": 2.2691488266
    },
    "barkbands_spread": {
        "dmean": 6.43369007111,
        "dmean2": 9.80754756927,
        "dvar": 49.6960868835,
        "dvar2": 107.101509094,
        "max": 108.744308472,
        "mean": 30.0255737305,
        "median": 28.9614639282,
        "min": 0.0656439512968,
        "var": 200.364303589
    },
    "dissonance": {
        "dmean": 0.0131357153878,
        "dmean2": 0.0220236349851,
        "dvar": 0.000162885466125,
        "dvar2": 0.000435682013631,
        "max": 0.500000178814,
        "mean": 0.476507395506,
        "median": 0.481563001871,
        "min": 0.352783352137,
        "var": 0.000363437429769
    },
    "dynamic_complexity": 3.30160808563,
    "erbbands_crest": {
        "dmean": 2.40854430199,
        "dmean2": 3.95734071732,
        "dvar": 5.45695114136,
        "dvar2": 13.6026086807,
        "max": 27.3315372467,
        "mean": 7.83506536484,
        "median": 6.87936210632,
        "min": 2.04288244247,
        "var": 14.7017698288
    },
    "erbbands_flatness_db": {
        "dmean": 0.0161767397076,
        "dmean2": 0.0231463517994,
        "dvar": 0.000258655520156,
        "dvar2": 0.000486326171085,
        "max": 0.42709594965,
        "mean": 0.143615216017,
        "median": 0.138551980257,
        "min": 0.0276243202388,
        "var": 0.00174299860373
    },
    "erbbands_kurtosis": {
        "dmean": 0.886475682259,
        "dmean2": 1.38637793064,
        "dvar": 20.7086391449,
        "dvar2": 45.8603744507,
        "max": 411.965179443,
        "mean": 1.12262308598,
        "median": -0.213391304016,
        "min": -1.80000841618,
        "var": 281.7628479
    },
    "erbbands_skewness": {
        "dmean": 0.318300068378,
        "dmean2": 0.487575113773,
        "dvar": 0.104256488383,
        "dvar2": 0.223332241178,
        "max": 18.0865516663,
        "mean": 0.176286920905,
        "median": 0.0729785040021,
        "min": -3.46735954285,
        "var": 1.19834840298
    },
    "erbbands_spread": {
        "dmean": 6.99745464325,
        "dmean2": 10.6909580231,
        "dvar": 51.1041221619,
        "dvar2": 116.723632812,
        "max": 176.018997192,
        "mean": 37.0252914429,
        "median": 34.921875,
        "min": 1.64398372173,
        "var": 236.694000244
    },
    "hfc": {
        "dmean": 8.46647834778,
        "dmean2": 11.7301139832,
        "dvar": 188.340881348,
        "dvar2": 361.107177734,
        "max": 157.713027954,
        "mean": 27.2139644623,
        "median": 23.2582683563,
        "min": 1.06580309486e-16,
        "var": 542.464660645
    },
    "melbands_crest": {
        "dmean": 3.27223801613,
        "dmean2": 5.22222757339,
        "dvar": 9.21134376526,
        "dvar2": 22.4964027405,
        "max": 39.0308761597,
        "mean": 12.3641710281,
        "median": 11.0824365616,
        "min": 1.63773071766,
        "var": 33.544719696
    },
    "melbands_flatness_db": {
        "dmean": 0.0226001162082,
        "dmean2": 0.0332336910069,
        "dvar": 0.000526495510712,
        "dvar2": 0.00105672422796,
        "max": 0.979386091232,
        "mean": 0.145198836923,
        "median": 0.129478797317,
        "min": 0.00269414135255,
        "var": 0.00751963956282
    },
    "melbands_kurtosis": {
        "dmean": 4.91880512238,
        "dmean2": 7.57370758057,
        "dvar": 330.078186035,
        "dvar2": 660.207946777,
        "max": 1396.99450684,
        "mean": 10.6986627579,
        "median": 2.6197052002,
        "min": -1.77138006687,
        "var": 1938.3046875
    },
    "melbands_skewness": {
        "dmean": 0.564680039883,
        "dmean2": 0.845567822456,
        "dvar": 0.429128080606,
        "dvar2": 0.875075101852,
        "max": 21.4488391876,
        "mean": 1.97733342648,
        "median": 1.56935727596,
        "min": -1.88194572926,
        "var": 2.72974205017
    },
    "melbands_spread": {
        "dmean": 9.11406517029,
        "dmean2": 13.8287286758,
        "dvar": 122.855178833,
        "dvar2": 250.725448608,
        "max": 220.245910645,
        "mean": 37.7914428711,
        "median": 34.9186248779,
        "min": 0.0241753812879,
        "var": 556.861816406
    },
    "pitch_salience": {
        "dmean": 0.0672986060381,
        "dmean2": 0.106383636594,
        "dvar": 0.00384115427732,
        "dvar2": 0.00911309197545,
        "max": 0.925083696842,
        "mean": 0.590614497662,
        "median": 0.607464671135,
        "min": 0.00373041839339,
        "var": 0.0151313245296
    },
    "silence_rate_20dB": {
        "dmean": 0,
        "dmean2": 0,
        "dvar": 0,
        "dvar2": 0,
        "max": 1,
        "mean": 1,
        "median": 1,
        "min": 1,
        "var": 0
    },
    "silence_rate_30dB": {
        "dmean": 0,
        "dmean2": 0,
        "dvar": 0,
        "dvar2": 0,
        "max": 1,
        "mean": 1,
        "median": 1,
        "min": 1,
        "var": 0
    },
    "silence_rate_60dB": {
        "dmean": 0.0285680554807,
        "dmean2": 0.0571428574622,
        "dvar": 0.0277487747371,
        "dvar2": 0.0611969605088,
        "max": 1,
        "mean": 0.0881728008389,
        "median": 0,
        "min": 0,
        "var": 0.0804013237357
    },
    "spectral_centroid": {
        "dmean": 277.477905273,
        "dmean2": 422.64743042,
        "dvar": 91374.8125,
        "dvar2": 176296.09375,
        "max": 11803.5849609,
        "mean": 2025.78491211,
        "median": 2014.80358887,
        "min": 36.3132476807,
        "var": 1338489.75
    },
    "spectral_complexity": {
        "dmean": 4.76921272278,
        "dmean2": 6.83282184601,
        "dvar": 32.256855011,
        "dvar2": 53.2983016968,
        "max": 65,
        "mean": 24.7782096863,
        "median": 24,
        "min": 0,
        "var": 192.194213867
    },
    "spectral_decrease": {
        "dmean": 1.59124380339e-09,
        "dmean2": 2.19538742741e-09,
        "dvar": 4.5108354967e-18,
        "dvar2": 7.9699000912e-18,
        "max": 2.3134282529e-28,
        "mean": -4.93016072411e-09,
        "median": -4.18614387598e-09,
        "min": -2.52046383764e-08,
        "var": 1.4770921185e-17
    },
    "spectral_energy": {
        "dmean": 0.00657289428636,
        "dmean2": 0.00904120039195,
        "dvar": 7.60157126933e-05,
        "dvar2": 0.000131635810249,
        "max": 0.101779952645,
        "mean": 0.0210759304464,
        "median": 0.0179908573627,
        "min": 9.93691908301e-21,
        "var": 0.00025797134731
    },
    "spectral_energyband_high": {
        "dmean": 0.000684488040861,
        "dmean2": 0.000972986745182,
        "dvar": 1.64697939908e-06,
        "dvar2": 3.4765437249e-06,
        "max": 0.0196776743978,
        "mean": 0.00147802405991,
        "median": 0.000926006352529,
        "min": 6.71009680307e-21,
        "var": 3.31336354975e-06
    },
    "spectral_energyband_low": {
        "dmean": 0.00291229248978,
        "dmean2": 0.00403439253569,
        "dvar": 4.77823341498e-05,
        "dvar2": 8.97257268662e-05,
        "max": 0.0886673033237,
        "mean": 0.00493392115459,
        "median": 0.00214599398896,
        "min": 1.26954564587e-23,
        "var": 8.40863140184e-05
    },
    "spectral_energyband_middle_high": {
        "dmean": 0.00245478143916,
        "dmean2": 0.00354586378671,
        "dvar": 1.13276573757e-05,
        "dvar2": 2.27597283811e-05,
        "max": 0.0566301718354,
        "mean": 0.00778130954131,
        "median": 0.00549345044419,
        "min": 1.13949783934e-21,
        "var": 5.41744520888e-05
    },
    "spectral_energyband_middle_low": {
        "dmean": 0.00301874568686,
        "dmean2": 0.00465972814709,
        "dvar": 1.50454534378e-05,
        "dvar2": 3.51620328729e-05,
        "max": 0.0480449907482,
        "mean": 0.00727032870054,
        "median": 0.00578935723752,
        "min": 1.42801153541e-22,
        "var": 4.01277065976e-05
    },
    "spectral_entropy": {
        "dmean": 0.120764054358,
        "dmean2": 0.175120919943,
        "dvar": 0.018536137417,
        "dvar2": 0.0338868238032,
        "max": 9.822889328,
        "mean": 7.86544942856,
        "median": 7.90487194061,
        "min": 3.82804441452,
        "var": 0.214708998799
    },
    "spectral_flux": {
        "dmean": 0.0191772598773,
        "dmean2": 0.0288149639964,
        "dvar": 0.000510765530635,
        "dvar2": 0.000995813286863,
        "max": 0.253701925278,
        "mean": 0.0805855020881,
        "median": 0.0769627541304,
        "min": 6.38899974592e-11,
        "var": 0.00180763239041
    },
    "spectral_kurtosis": {
        "dmean": 0.894930720329,
        "dmean2": 1.48260116577,
        "dvar": 1.12320625782,
        "dvar2": 3.11485075951,
        "max": 34.3958511353,
        "mean": 3.97645139694,
        "median": 3.74892163277,
        "min": -1.27972602844,
        "var": 5.65138673782
    },
    "spectral_rms": {
        "dmean": 0.000663379614707,
        "dmean2": 0.00090331339743,
        "dvar": 5.76199568059e-07,
        "dvar2": 9.34767570016e-07,
        "max": 0.00996481440961,
        "mean": 0.00417138775811,
        "median": 0.004189517349,
        "min": 3.11360811266e-12,
        "var": 3.16139767165e-06
    },
    "spectral_rolloff": {
        "dmean": 658.519470215,
        "dmean2": 1036.5657959,
        "dvar": 884676.625,
        "dvar2": 1750287.75,
        "max": 19681.3476562,
        "mean": 2609.58569336,
        "median": 2153.3203125,
        "min": 43.06640625,
        "var": 5551272
    },
    "spectral_skewness": {
        "dmean": 0.146969720721,
        "dmean2": 0.233580961823,
        "dvar": 0.0217510275543,
        "dvar2": 0.0518390610814,
        "max": 5.15291786194,
        "mean": 1.4284478426,
        "median": 1.42471635342,
        "min": -0.0839467942715,
        "var": 0.16086524725
    },
    "spectral_spread": {
        "dmean": 478524.09375,
        "dmean2": 687658.5,
        "dvar": 523745165312,
        "dvar2": 1.0868417495e+12,
        "max": 42992380,
        "mean": 5139217.5,
        "median": 4572044,
        "min": 1944617.25,
        "var": 1.50656904069e+13
    },
    "spectral_strongpeak": {
        "dmean": 0.633073091507,
        "dmean2": 1.06880950928,
        "dvar": 0.900074481964,
        "dvar2": 2.35452008247,
        "max": 11.2516975403,
        "mean": 1.05005216599,
        "median": 0.595526516438,
        "min": 0,
        "var": 1.50375902653
    },
    "zerocrossingrate": {
        "dmean": 0.0133109241724,
        "dmean2": 0.0152746709064,
        "dvar": 0.000221363123273,
        "dvar2": 0.000242444701144,
        "max": 0.53076171875,
        "mean": 0.0936010107398,
        "median": 0.0859375,
        "min": 0.00146484375,
        "var": 0.00345741398633
    },
    "barkbands": {
        "dmean": [0.000190012215171, 0.00218631327152, 0.00128028006293, 0.000316696416121, 0.00105091359001, 0.00101175077725, 0.000725816236809, 0.000501641829032, 0.000871721829753, 0.000667187676299, 0.000617970887106, 0.000485905562527, 0.00068631535396, 0.000555519596674, 0.000431842287071, 0.000354745425284, 0.000255049060797, 0.000263763940893, 0.000291974341962, 0.000322934210999, 0.000168383005075, 0.0001509875583, 9.4900788099e-05, 9.11105889827e-05, 5.98268998147e-05, 7.11289249011e-05, 1.46885886352e-05],
        "dmean2": [0.000302756146993, 0.00326846819371, 0.00219908030704, 0.000536578532774, 0.00171346822754, 0.00159225333482, 0.00114302616566, 0.000793797255028, 0.00140298926271, 0.00107603089418, 0.000997667200863, 0.000789556244854, 0.00111783051398, 0.000900265062228, 0.000698905671015, 0.000576207472477, 0.000413756031776, 0.000422282784712, 0.00046188783017, 0.000497190572787, 0.000252751895459, 0.00022408287623, 0.000140401971294, 0.000135427631903, 8.78071296029e-05, 0.000106323968794, 2.2699823603e-05],
        "dvar": [1.67891158753e-07, 3.5722492612e-05, 1.87161695067e-05, 6.5848524855e-07, 4.02628393203e-06, 3.2564976209e-06, 2.24009522753e-06, 1.87641899174e-06, 3.75547961085e-06, 1.75188051799e-06, 1.8382311282e-06, 1.08581878067e-06, 1.37850338433e-06, 1.38042094022e-06, 6.59639511014e-07, 4.18294064275e-07, 2.28114799938e-07, 1.89018479091e-07, 1.80943189321e-07, 2.68611813681e-07, 9.33050259277e-08, 1.18571556129e-07, 5.69649252213e-08, 4.56570141694e-08, 1.35786395461e-08, 1.62518709601e-08, 8.34401325811e-10],
        "dvar2": [4.02885689255e-07, 8.2058213593e-05, 4.89597841806e-05, 1.85816247722e-06, 9.43771465245e-06, 7.79886795499e-06, 5.35258641321e-06, 4.40305484517e-06, 9.49080549617e-06, 4.35764786744e-06, 4.58589056507e-06, 2.81144457404e-06, 3.66921676687e-06, 3.68318615074e-06, 1.66354436715e-06, 1.05038498077e-06, 5.5574361113e-07, 4.72401382012e-07, 4.17054252466e-07, 6.101274721e-07, 1.94733345893e-07, 2.64655454885e-07, 1.31953072469e-07, 1.04690528246e-07, 2.92596098461e-08, 3.8226353638e-08, 1.77544878799e-09],
        "max": [0.00764455879107, 0.074070841074, 0.0405625291169, 0.0147105213255, 0.0367048233747, 0.0439082384109, 0.0261596161872, 0.041541852057, 0.0411984547973, 0.0276584252715, 0.0314287021756, 0.0166628900915, 0.0212008114904, 0.0253850836307, 0.0140627091751, 0.0102344630286, 0.0139250978827, 0.00558249047026, 0.006284723524, 0.00909787230194, 0.00612823199481, 0.0051131141372, 0.00442739855498, 0.00689522596076, 0.00259563745931, 0.00130396126769, 0.000236266263528],
        "mean": [0.000353706185706, 0.00315620563924, 0.00125168217346, 0.000395838898839, 0.0017300985055, 0.00167437572964, 0.0011308430694, 0.000687526364345, 0.00124461227097, 0.00102072639856, 0.000955587427597, 0.000759327085689, 0.00116674450692, 0.00086310406914, 0.000711925560609, 0.00056950817816, 0.000467729871161, 0.000468393205665, 0.000618900521658, 0.000717411166988, 0.0003243801184, 0.000247918243986, 0.000156242196681, 0.000179754337296, 0.000111167915748, 9.71005138126e-05, 1.51210342665e-05],
        "median": [7.43775672163e-05, 0.000852591823786, 0.000245397648541, 0.000168311031302, 0.000766627606936, 0.000792982114945, 0.000445589539595, 0.000187483528862, 0.000346746703144, 0.000362695544027, 0.00029698072467, 0.000269094423857, 0.000509752193466, 0.000341736420523, 0.000272209203104, 0.000271444150712, 0.000221938767936, 0.000266885501333, 0.000390242377762, 0.000363791361451, 0.000190095539438, 9.20827660593e-05, 6.71703164699e-05, 0.000105353567051, 5.20127541677e-05, 3.50541304215e-05, 2.9256138987e-06],
        "min": [2.56703868117e-25, 3.07966643119e-24, 1.28701542421e-24, 2.34597865489e-25, 5.04918468768e-24, 4.10430523921e-24, 8.10115657907e-24, 8.41918269757e-24, 1.08857921871e-23, 1.9163676486e-23, 8.40575391838e-24, 2.13112540594e-23, 3.56442161522e-23, 3.24202710057e-23, 4.40957847454e-23, 5.7869270907e-23, 5.04609203739e-23, 1.02007243934e-22, 1.08810437178e-22, 1.77037249822e-22, 2.48096047873e-22, 3.00567919844e-22, 3.26004228551e-22, 5.83080946648e-22, 8.81534517318e-22, 1.37032666863e-21, 1.96455496456e-21],
        "var": [4.15874296777e-07, 4.5407210564e-05, 1.41667596836e-05, 5.84180838814e-07, 9.12731775315e-06, 6.64545268592e-06, 4.09537688029e-06, 2.8696008485e-06, 6.48388868285e-06, 3.30362058776e-06, 3.57106819138e-06, 2.03980766855e-06, 2.90951743409e-06, 2.28395765589e-06, 1.38756843171e-06, 6.89836440415e-07, 5.66774986055e-07, 3.41177553764e-07, 4.55400282817e-07, 7.71002305555e-07, 1.9262240869e-07, 2.11990894172e-07, 8.35689348833e-08, 8.67012559524e-08, 2.79420042659e-08, 2.26727969732e-08, 9.28294385805e-10]
    },
    "erbbands": {
        "dmean": [0.0532144904137, 0.540241777897, 1.42525422573, 1.15272498131, 1.45771241188, 4.35030269623, 7.01989746094, 9.42751502991, 10.2310972214, 11.0508737564, 9.24313831329, 22.378911972, 21.3370952606, 17.348115921, 22.8513507843, 20.625787735, 28.8043727875, 28.523651123, 23.4600009918, 19.681602478, 15.5741939545, 13.2581539154, 14.353509903, 14.6697950363, 14.1112298965, 14.4317426682, 9.24994659424, 5.63165616989, 5.97684955597, 3.68826341629, 2.76926279068, 2.01070713997, 1.44479393959, 0.757103741169, 0.417616546154, 0.219704523683, 0.138352304697, 0.0522146634758, 0.00117772340309, 3.26588960888e-05],
        "dmean2": [0.0821127220988, 0.785435199738, 2.27817153931, 1.96168780327, 2.39940524101, 7.07818031311, 11.3726682663, 14.8399553299, 16.2905158997, 17.1286468506, 14.8275785446, 36.0955810547, 34.0293464661, 27.4931564331, 37.1649284363, 33.2845954895, 47.0410194397, 46.1085777283, 38.040977478, 31.3483028412, 24.495557785, 21.2857284546, 23.047618866, 23.0660209656, 22.1133613586, 22.3303890228, 14.051276207, 8.33300209045, 9.04555892944, 5.41559934616, 4.12296247482, 3.01660609245, 2.14930605888, 1.10795938969, 0.619294404984, 0.326391100883, 0.208226770163, 0.0790808722377, 0.00178325141314, 4.6765042498e-05],
        "dvar": [0.0140760121867, 2.34356379509, 20.7029533386, 8.6826133728, 9.23554134369, 78.3193969727, 217.859146118, 306.625091553, 480.532226562, 600.799499512, 664.733154297, 2811.89135742, 1599.99291992, 1272.07263184, 3230.04614258, 2300.91967773, 2269.27783203, 3578.21875, 2159.56884766, 1266.45825195, 781.480651855, 578.250732422, 573.856140137, 551.210021973, 434.767730713, 581.109924316, 236.883300781, 120.938018799, 201.705352783, 79.7530212402, 49.7233352661, 22.0125179291, 12.3052349091, 2.38985800743, 0.788553416729, 0.160481035709, 0.063351906836, 0.0101659959182, 5.16208183399e-06, 3.02507352501e-09],
        "dvar2": [0.0335847735405, 5.18398046494, 50.0972938538, 23.9008255005, 24.7329025269, 187.376800537, 532.695922852, 727.135803223, 1183.56005859, 1451.21374512, 1576.0333252, 7168.37646484, 3890.66479492, 2945.35131836, 8387.12011719, 5898.76806641, 5985.63769531, 9763.83300781, 5644.51171875, 3075.10595703, 1855.55603027, 1436.609375, 1457.61572266, 1291.99255371, 994.560668945, 1355.22009277, 515.761474609, 239.63999939, 453.902679443, 176.066467285, 118.447357178, 52.3782691956, 26.8085327148, 5.10450267792, 1.84238624573, 0.374157816172, 0.14845700562, 0.0228761658072, 1.13182913992e-05, 6.38142072518e-09],
        "max": [1.53845107555, 19.6218852997, 47.0941314697, 45.7229156494, 47.6188354492, 202.915802002, 316.290527344, 542.74597168, 457.025238037, 528.101196289, 825.619262695, 1277.33483887, 667.801269531, 1228.53991699, 1447.13513184, 836.844665527, 827.426574707, 1221.3717041, 912.257446289, 583.37286377, 698.463317871, 537.000305176, 330.022247314, 337.703277588, 292.938232422, 472.834960938, 276.724029541, 220.775894165, 231.549102783, 184.450271606, 100.839454651, 141.562271118, 121.155647278, 28.9757156372, 36.588684082, 5.76596593857, 3.57913208008, 0.791776716709, 0.0170833561569, 0.0004114942858],
        "mean": [0.0876227766275, 0.709638953209, 1.5818990469, 1.37948095798, 2.0695950985, 6.97798013687, 10.5313844681, 15.7803411484, 16.3608207703, 16.9937801361, 13.4156293869, 32.2500686646, 34.7810249329, 29.5784721375, 36.1237831116, 34.4590988159, 51.2163200378, 50.7173919678, 39.9843444824, 36.2215614319, 29.2142333984, 25.9265270233, 26.2367172241, 29.9732685089, 32.6846923828, 31.792383194, 18.9440784454, 10.8295516968, 9.65513896942, 5.8848733902, 4.49374294281, 3.73422217369, 2.87077593803, 1.44072151184, 0.706700801849, 0.347661793232, 0.182997137308, 0.0570938661695, 0.00130667828489, 5.91255484323e-05],
        "median": [0.0281447265297, 0.148831292987, 0.341868698597, 0.548788666725, 1.04578793049, 2.79813241959, 4.65199947357, 7.32675886154, 7.30451393127, 6.08698320389, 4.78022241592, 9.13488960266, 12.9704027176, 11.4539480209, 13.2345504761, 12.6714048386, 24.7824821472, 22.6026191711, 17.9356460571, 16.8400650024, 15.2849788666, 13.3231630325, 14.6304969788, 18.3233070374, 19.1381797791, 16.8785095215, 11.7207460403, 6.07559919357, 3.68397903442, 2.13649702072, 1.99796962738, 2.20991706848, 1.57076454163, 0.708404183388, 0.30881267786, 0.142072319984, 0.0621928796172, 0.014072470367, 0.00032680662116, 3.80466299248e-05],
        "min": [8.82014838946e-23, 7.52756672721e-22, 3.13432284833e-21, 3.602292e-21, 7.38525510919e-21, 1.38028058369e-20, 4.97770344641e-20, 3.50421140147e-20, 1.56835861058e-19, 1.5756133723e-19, 2.50940334864e-19, 3.01971717641e-19, 4.18467259771e-19, 5.1360812626e-19, 7.41550875542e-19, 1.20881589779e-18, 1.92014324811e-18, 2.21654067315e-18, 2.65756504483e-18, 2.70220260582e-18, 3.76563758184e-18, 3.11365547739e-18, 4.85614204341e-18, 6.23978359764e-18, 6.79755892931e-18, 7.85993221902e-18, 9.59171341356e-18, 9.03086097001e-18, 1.00277509201e-17, 1.05359012053e-17, 1.03769063382e-17, 1.10964029243e-17, 9.25343045743e-18, 7.89867405019e-18, 6.16797853021e-18, 4.32813859635e-18, 2.55419311086e-18, 9.20385876409e-19, 2.52200544527e-19, 2.43533669186e-20],
        "var": [0.0211642440408, 3.00234246254, 19.3422698975, 7.19763231277, 11.1142997742, 185.541778564, 331.80670166, 651.106750488, 810.649169922, 1073.2713623, 913.971557617, 4692.09326172, 3313.92016602, 2793.44360352, 5439.5703125, 4378.58642578, 5043.05078125, 6533.27392578, 3659.69726562, 2840.14794922, 1696.73413086, 1418.36535645, 1079.36132812, 1212.04931641, 1334.77111816, 1494.09875488, 530.846923828, 250.485748291, 349.205932617, 135.876144409, 68.6909561157, 33.7241477966, 27.4148368835, 5.37148237228, 1.24516522884, 0.288040041924, 0.085079267621, 0.0112826302648, 5.84636791245e-06, 4.42897984954e-09]
    },
    "gfcc": {
        "mean": [0.446327328682, 53.5902137756, -126.217758179, 21.7271461487, -58.266910553, 8.74524402618, -38.4066848755, 8.63611125946, -30.5916900635, 11.0542297363, -12.5000400543, 4.8780798912, -9.28398799896],
        "cov": [[24183.9160156, -831.6171875, -2515.22412109, 87.3331985474, -993.39642334, 146.050231934, -675.437255859, 388.841461182, -630.912536621, 407.580993652, -411.709564209, 290.623168945, -384.86895752], [-831.6171875, 1205.23913574, 250.466125488, 317.799224854, 271.020690918, 121.813858032, 191.060928345, 22.6131591797, 142.495193481, -51.4715919495, 81.7662124634, -101.948654175, 66.8056030273], [-2515.22412109, 250.466125488, 1152.4230957, 342.795318604, 389.291229248, 177.074356079, 197.832885742, 92.9282150269, 203.036071777, -21.8793773651, 2.92713665962, 15.996096611, -29.0094776154], [87.3331985474, 317.799224854, 342.795318604, 493.830749512, 237.913589478, 146.441986084, 130.143295288, 96.1990585327, 121.936920166, 5.48853969574, 4.47390651703, 1.34798777103, -12.1915521622], [-993.39642334, 271.020690918, 389.291229248, 237.913589478, 450.102600098, 198.470687866, 230.806365967, 111.048774719, 158.073577881, 17.8362751007, 26.0815448761, 8.36934661865, -10.3273048401], [146.050231934, 121.813858032, 177.074356079, 146.441986084, 198.470687866, 286.280029297, 173.005218506, 69.829864502, 70.8017425537, 33.0665168762, 22.0279750824, -7.25673437119, -20.1409015656], [-675.437255859, 191.060928345, 197.832885742, 130.143295288, 230.806365967, 173.005218506, 281.881622314, 86.3762588501, 105.845832825, 21.9938430786, 38.1568222046, -17.506565094, 0.650851607323], [388.841461182, 22.6131591797, 92.9282150269, 96.1990585327, 111.048774719, 69.829864502, 86.3762588501, 193.520477295, 84.8720779419, 33.7289848328, 6.96544647217, 14.8032341003, -4.81275653839], [-630.912536621, 142.495193481, 203.036071777, 121.936920166, 158.073577881, 70.8017425537, 105.845832825, 84.8720779419, 167.538482666, 26.8480148315, 28.5853939056, 1.39129972458, 8.15867233276], [407.580993652, -51.4715919495, -21.8793773651, 5.48853969574, 17.8362751007, 33.0665168762, 21.9938430786, 33.7289848328, 26.8480148315, 92.0831985474, 29.9549179077, 24.7347145081, -6.90047883987], [-411.709564209, 81.7662124634, 2.92713665962, 4.47390651703, 26.0815448761, 22.0279750824, 38.1568222046, 6.96544647217, 28.5853939056, 29.9549179077, 107.495262146, 4.93750429153, 36.2152175903], [290.623168945, -101.948654175, 15.996096611, 1.34798777103, 8.36934661865, -7.25673437119, -17.506565094, 14.8032341003, 1.39129972458, 24.7347145081, 4.93750429153, 90.6125946045, 6.21515083313], [-384.86895752, 66.8056030273, -29.0094776154, -12.1915521622, -10.3273048401, -20.1409015656, 0.650851607323, -4.81275653839, 8.15867233276, -6.90047883987, 36.2152175903, 6.21515083313, 85.3154525757]],
        "icov": [[0.000134441870614, -0.000127676481497, 0.00028517912142, -0.000217510154471, 0.00025411930983, -0.000353131996235, 0.000259810913121, -0.000473839434562, 0.000395945797209, -0.000504501920659, 0.000468577083666, -0.000470708822832, 0.000447746831924], [-0.000127676481497, 0.00155799509957, -0.00015928936773, -0.00054044672288, -0.000745336641558, 0.000458766502561, -0.000444508652436, 0.000893344928045, -0.000819654320367, 0.00122010055929, -0.00123445980716, 0.00190783501603, -0.00129337154794], [0.00028517912142, -0.00015928936773, 0.0020622855518, -0.000954065471888, -0.000211641308852, -0.000822275644168, 0.000554871454369, -0.00065489532426, -0.000269161304459, -0.000108774707769, 0.000945619307458, -0.00139178847894, 0.00143212056719], [-0.000217510154471, -0.00054044672288, -0.000954065471888, 0.00383937079459, -0.000881799962372, -0.000238146749325, 7.56874533181e-06, 1.41249529406e-06, -0.00116446369793, 0.000791179132648, -0.000117068622785, 9.18611476664e-05, -0.000278373889159], [0.00025411930983, -0.000745336641558, -0.000211641308852, -0.000881799962372, 0.00645746057853, -0.00198185490444, -0.00187782058492, -0.001280952245, -0.00111955963075, -0.000417721254053, 0.00118233973626, -0.00255101919174, 0.0015451151412], [-0.000353131996235, 0.000458766502561, -0.000822275644168, -0.000238146749325, -0.00198185490444, 0.00746693322435, -0.0034435489215, 0.0010565497214, 0.000105146114947, -0.000278254912701, -0.00154435192235, 0.00191098754294, -0.000173370281118], [0.000259810913121, -0.000444508652436, 0.000554871454369, 7.56874533181e-06, -0.00187782058492, -0.0034435489215, 0.00863303709775, -0.00197253073566, -0.000377524847863, -0.000945513602346, -0.00030452790088, 0.000700470118318, 0.000530350662302], [-0.000473839434562, 0.000893344928045, -0.00065489532426, 1.41249529406e-06, -0.001280952245, 0.0010565497214, -0.00197253073566, 0.00927862338722, -0.00431832438335, 0.000465752586024, -0.0007250776398, 0.0010447727982, -0.00174441665877], [0.000395945797209, -0.000819654320367, -0.000269161304459, -0.00116446369793, -0.00111955963075, 0.000105146114947, -0.000377524847863, -0.00431832438335, 0.0133728152141, -0.00430441787466, 0.000522636575624, -0.000441874930402, 1.99533815248e-06], [-0.000504501920659, 0.00122010055929, -0.000108774707769, 0.000791179132648, -0.000417721254053, -0.000278254912701, -0.000945513602346, 0.000465752586024, -0.00430441787466, 0.0180109143257, -0.00676796399057, -0.00183809304144, 0.00163723900914], [0.000468577083666, -0.00123445980716, 0.000945619307458, -0.000117068622785, 0.00118233973626, -0.00154435192235, -0.00030452790088, -0.0007250776398, 0.000522636575624, -0.00676796399057, 0.0153298676014, -0.00196297001094, -0.00383649067953], [-0.000470708822832, 0.00190783501603, -0.00139178847894, 9.18611476664e-05, -0.00255101919174, 0.00191098754294, 0.000700470118318, 0.0010447727982, -0.000441874930402, -0.00183809304144, -0.00196297001094, 0.0162027012557, -0.00433503743261], [0.000447746831924, -0.00129337154794, 0.00143212056719, -0.000278373889159, 0.0015451151412, -0.000173370281118, 0.000530350662302, -0.00174441665877, 1.99533815248e-06, 0.00163723900914, -0.00383649067953, -0.00433503743261, 0.0173212196678]]
    },
    "melbands": {
        "dmean": [0.000541790388525, 0.000680247088894, 0.000203880495974, 0.000185427998076, 0.000248008553172, 0.000206420358154, 0.000150623382069, 0.000122333221952, 7.75707012508e-05, 0.000146682956256, 0.000108431806439, 7.36350848456e-05, 7.62746058172e-05, 6.01288083999e-05, 4.50390689366e-05, 8.47718547448e-05, 5.58010433451e-05, 4.14010573877e-05, 2.94897745334e-05, 2.97072092508e-05, 1.79300495802e-05, 1.64875782502e-05, 1.27670018628e-05, 1.26485429064e-05, 1.31673423311e-05, 1.17866557048e-05, 1.17222753033e-05, 1.02393414636e-05, 7.10504627932e-06, 4.10714756072e-06, 3.31766136696e-06, 3.60075864592e-06, 2.77527465187e-06, 1.87449472833e-06, 1.68495739672e-06, 1.49011805206e-06, 1.22081598875e-06, 1.09743371013e-06, 9.01236717255e-07, 6.01033207204e-07],
        "dmean2": [0.000813198450487, 0.000971252797171, 0.000343425490428, 0.000304290879285, 0.000401462079026, 0.000324173888657, 0.00023773763678, 0.000190340986592, 0.000125367863802, 0.000236243446125, 0.000173241758603, 0.000117321986181, 0.00012363998394, 9.72346315393e-05, 7.27688675397e-05, 0.000138821764267, 9.08341535251e-05, 6.7370099714e-05, 4.69966726087e-05, 4.84002703161e-05, 2.83439640043e-05, 2.69859956461e-05, 2.0243711333e-05, 2.05050273507e-05, 2.09611407627e-05, 1.88975918718e-05, 1.85088338185e-05, 1.62015548995e-05, 1.10951859824e-05, 6.2894500843e-06, 5.09272740601e-06, 5.51380844627e-06, 4.23740357292e-06, 2.80349445347e-06, 2.58424825006e-06, 2.29478973779e-06, 1.86415877579e-06, 1.67056759892e-06, 1.37287281632e-06, 8.96151732377e-07],
        "dvar": [1.86018621662e-06, 3.62028049494e-06, 2.32894109331e-07, 1.27084177848e-07, 2.46659055847e-07, 1.34718021627e-07, 9.59549026902e-08, 7.6508271718e-08, 4.16529779557e-08, 1.16156186891e-07, 4.25875619214e-08, 2.24524328019e-08, 3.11471808345e-08, 1.70933844856e-08, 7.29180893444e-09, 2.29544614427e-08, 1.69608487255e-08, 7.40511518771e-09, 3.28893778878e-09, 2.91768276206e-09, 1.21476606552e-09, 9.40529987226e-10, 4.55819298972e-10, 4.75589567728e-10, 4.51382403677e-10, 2.91522167517e-10, 3.74115877166e-10, 3.03740033125e-10, 1.28795085708e-10, 6.2160651626e-11, 4.50024149889e-11, 6.86204496003e-11, 4.44214838524e-11, 2.08257369683e-11, 1.82277040683e-11, 1.51031565726e-11, 7.40432368196e-12, 7.64774528428e-12, 4.83426536649e-12, 1.42229695903e-12],
        "dvar2": [4.27113582191e-06, 7.49022592572e-06, 6.34710261238e-07, 3.10645816626e-07, 5.90490799368e-07, 3.21843003803e-07, 2.32720637428e-07, 1.81836085744e-07, 1.00153052074e-07, 2.95634066561e-07, 1.03923142092e-07, 5.30331760729e-08, 8.01398627459e-08, 4.40284786407e-08, 1.85814368336e-08, 6.10509474086e-08, 4.65678802186e-08, 1.9614887492e-08, 8.13424971824e-09, 7.40497307916e-09, 2.83007550728e-09, 2.37418751325e-09, 1.04933228773e-09, 1.2087888468e-09, 1.08411346567e-09, 6.9059502561e-10, 8.75417849322e-10, 7.18805071021e-10, 2.93448376709e-10, 1.33757671605e-10, 9.37586258631e-11, 1.55771603949e-10, 1.04485947672e-10, 4.56402346471e-11, 4.34708380403e-11, 3.7408819098e-11, 1.75626058835e-11, 1.69493898083e-11, 1.11162173216e-11, 3.10918847092e-12],
        "max": [0.0162251833826, 0.0207003094256, 0.00690104998648, 0.00964363478124, 0.0095951994881, 0.0105438772589, 0.00602151406929, 0.00564831169322, 0.00545043963939, 0.00787938106805, 0.00324212573469, 0.00453437818214, 0.00410964805633, 0.00200066808611, 0.00198946613818, 0.0029234373942, 0.00275061908178, 0.00208828505129, 0.00098557153251, 0.000998003757559, 0.00118380831555, 0.000560333835892, 0.000692931411322, 0.000297605263768, 0.000332227471517, 0.000251769961324, 0.000426166399848, 0.000278109975625, 0.000187603509403, 0.000175819295691, 0.00012641545618, 0.000131912194774, 0.000120285432786, 9.68049644143e-05, 7.0723493991e-05, 9.39379024203e-05, 8.25285678729e-05, 0.000109729611722, 6.19007405476e-05, 2.02573901333e-05],
        "mean": [0.000852365919854, 0.000902660249267, 0.000255364371696, 0.000303543405607, 0.000389644468669, 0.000348844507243, 0.000242349895416, 0.000183408468729, 0.000106170591607, 0.000209372708923, 0.000171153908013, 0.000117295378004, 0.000118169249617, 9.54112110776e-05, 7.30346364435e-05, 0.000138243020047, 8.89125658432e-05, 6.48235582048e-05, 5.1537368563e-05, 4.67985919386e-05, 3.14678982249e-05, 2.88013925456e-05, 2.26608099183e-05, 2.17295837501e-05, 2.45320570684e-05, 2.3555217922e-05, 2.45583378273e-05, 2.05737414944e-05, 1.35988120746e-05, 7.42667907616e-06, 5.84983263252e-06, 5.72069120608e-06, 4.14499572798e-06, 2.89936542686e-06, 2.6123243515e-06, 2.36700952883e-06, 2.26127804126e-06, 2.10535722545e-06, 1.6413027879e-06, 1.07321523046e-06],
        "median": [0.000260790169705, 0.000219672729145, 0.000116936353152, 0.000136700022267, 0.000180456714588, 0.000164423778187, 0.000104203441879, 6.03306107223e-05, 3.27329144056e-05, 5.71155687794e-05, 5.85286179557e-05, 4.2571380618e-05, 3.99147320422e-05, 3.20341350744e-05, 3.06861220452e-05, 5.51886587346e-05, 3.4212898754e-05, 2.77738927252e-05, 1.9431938199e-05, 2.22970375034e-05, 1.49088737089e-05, 1.35928803502e-05, 1.2492566384e-05, 1.15200209621e-05, 1.38837713166e-05, 1.39144922287e-05, 1.16057735795e-05, 1.08306003312e-05, 8.00553698355e-06, 4.27579379902e-06, 2.96638700092e-06, 2.19518824451e-06, 1.31502417844e-06, 1.08714732505e-06, 1.10454436708e-06, 1.13884175335e-06, 1.35823290748e-06, 1.15503428333e-06, 7.79391314154e-07, 5.0856613143e-07],
        "min": [8.58824880297e-25, 1.73923181167e-24, 6.66230751871e-25, 1.15265693065e-24, 1.11037280284e-24, 8.06516696964e-25, 2.62575507746e-24, 1.92607292543e-24, 1.78017625645e-24, 1.68740798893e-24, 1.69253045722e-24, 2.26775244652e-24, 1.92400827922e-24, 2.61615819012e-24, 2.8166383145e-24, 4.06314326603e-24, 3.37284816434e-24, 4.08225618248e-24, 2.58403873229e-24, 4.32259488459e-24, 3.78264247194e-24, 3.08046613893e-24, 2.25832910858e-24, 5.06229437263e-24, 4.75745682518e-24, 3.94874857401e-24, 4.44360062543e-24, 4.10014320907e-24, 4.32720025456e-24, 5.5060451979e-24, 4.8108619196e-24, 5.31898221701e-24, 5.86681022252e-24, 4.92849094133e-24, 5.62962972503e-24, 4.75025649727e-24, 6.30568154865e-24, 6.20720725299e-24, 6.54806971141e-24, 5.84866760499e-24],
        "var": [2.57843726104e-06, 4.82694349557e-06, 2.04957999017e-07, 2.8156395615e-07, 4.37117165575e-07, 2.89579077162e-07, 1.74011802301e-07, 1.37169024583e-07, 5.99205520757e-08, 1.96399980723e-07, 8.64129674483e-08, 4.56704434271e-08, 5.5816158806e-08, 3.19505844004e-08, 1.34944739827e-08, 4.65398386496e-08, 2.77634821799e-08, 1.14826974595e-08, 8.68110650032e-09, 4.78732653519e-09, 2.711875835e-09, 2.01763983299e-09, 1.04935471423e-09, 8.18956902293e-10, 9.13764008903e-10, 7.02607971803e-10, 1.06594955085e-09, 6.87683854306e-10, 2.81045409167e-10, 1.13467034379e-10, 8.59113058471e-11, 1.20556481464e-10, 7.15452835864e-11, 3.37731335953e-11, 2.48441475725e-11, 1.81085459128e-11, 1.23915946948e-11, 1.60058442195e-11, 1.00013747284e-11, 2.81985394236e-12]
    },
    "mfcc": {
        "mean": [-632.545959473, 90.5455703735, -14.3996429443, 14.6101503372, -2.30414056778, -0.415286034346, 3.77929568291, -6.33655595779, -5.75712490082, 1.56154358387, -4.44377422333, -0.517850577831, -1.97422623634],
        "cov": [[10630.0673828, -128.17930603, -902.252624512, -199.008880615, -283.813690186, -160.212051392, -66.4560012817, -97.4579162598, -117.953689575, 76.6323928833, -67.9185180664, -30.0125694275, -12.2673120499], [-128.17930603, 820.87677002, 106.69985199, 164.597991943, 132.463897705, 96.4983444214, 102.888198853, 68.1904067993, 69.9792022705, 64.7947311401, 28.0763549805, 37.4201393127, 9.34202289581], [-902.252624512, 106.69985199, 666.094299316, 241.755737305, 214.376022339, 150.690734863, 54.8320808411, 131.915863037, 109.053115845, 30.4831352234, 83.2699813843, 61.0930252075, 35.1335258484], [-199.008880615, 164.597991943, 241.755737305, 398.651641846, 200.728027344, 110.842056274, 60.6009979248, 132.610458374, 123.862236023, 36.582736969, 80.45703125, 62.7256317139, 56.4923286438], [-283.813690186, 132.463897705, 214.376022339, 200.728027344, 285.033569336, 131.495407104, 73.5899353027, 138.346572876, 118.864845276, 60.245098114, 79.0647125244, 59.6238861084, 46.8324050903], [-160.212051392, 96.4983444214, 150.690734863, 110.842056274, 131.495407104, 297.057006836, 129.928268433, 124.854385376, 82.2453842163, 65.7338180542, 92.3181915283, 18.8472366333, 33.6926841736], [-66.4560012817, 102.888198853, 54.8320808411, 60.6009979248, 73.5899353027, 129.928268433, 203.469985962, 101.185455322, 66.7424468994, 90.8062973022, 43.6619186401, 31.4783782959, 33.3398551941], [-97.4579162598, 68.1904067993, 131.915863037, 132.610458374, 138.346572876, 124.854385376, 101.185455322, 199.717346191, 124.21837616, 76.7633056641, 81.0617904663, 41.1517715454, 45.3128623962], [-117.953689575, 69.9792022705, 109.053115845, 123.862236023, 118.864845276, 82.2453842163, 66.7424468994, 124.21837616, 166.706634521, 76.652053833, 70.3129501343, 38.881061554, 35.0109901428], [76.6323928833, 64.7947311401, 30.4831352234, 36.582736969, 60.245098114, 65.7338180542, 90.8062973022, 76.7633056641, 76.652053833, 148.012680054, 50.5694694519, 39.1768226624, 38.6617279053], [-67.9185180664, 28.0763549805, 83.2699813843, 80.45703125, 79.0647125244, 92.3181915283, 43.6619186401, 81.0617904663, 70.3129501343, 50.5694694519, 119.327842712, 44.7491226196, 24.8982391357], [-30.0125694275, 37.4201393127, 61.0930252075, 62.7256317139, 59.6238861084, 18.8472366333, 31.4783782959, 41.1517715454, 38.881061554, 39.1768226624, 44.7491226196, 84.8074569702, 32.2294883728], [-12.2673120499, 9.34202289581, 35.1335258484, 56.4923286438, 46.8324050903, 33.6926841736, 33.3398551941, 45.3128623962, 35.0109901428, 38.6617279053, 24.8982391357, 32.2294883728, 81.7454681396]],
