{
"lowlevel": {
    "average_loudness": 0.888171434402,
    "barkbands_crest": {
        "dmean": 2.1210899353,
        "dmean2": 3.35190153122,
        "dvar": 4.32237005234,
        "dvar2": 10.6924419403,
        "max": 25.2226276398,
        "mean": 9.4666223526,
        "median": 8.70740413666,
        "min": 2.069886446,
        "var": 14.1244487762
    },
    "barkbands_flatness_db": {
        "dmean": 0.0166813638061,
        "dmean2": 0.0254455823451,
        "dvar": 0.00027211237466,
        "dvar2": 0.000607103749644,
        "max": 0.366411119699,
        "mean": 0.148135483265,
        "median": 0.137302219868,
        "min": 0.0183970872313,
        "var": 0.00274665118195
    },
    "barkbands_kurtosis": {
        "dmean": 1.77917361259,
        "dmean2": 2.75650715828,
        "dvar": 8.1223897934,
        "dvar2": 18.1592121124,
        "max": 70.4938735962,
        "mean": 3.33939766884,
        "median": 1.80575919151,
        "min": -1.90807080269,
        "var": 27.516002655
    },
    "barkbands_skewness": {
        "dmean": 0.385688722134,
        "dmean2": 0.581922113895,
        "dvar": 0.197638005018,
        "dvar2": 0.420481413603,
        "max": 7.337413311,
        "mean": 1.32414746284,
        "median": 1.25008165836,
        "min": -3.51151180267,
        "var": 1.0118932724
    },
    "barkbands_spread": {
        "dmean": 5.35642766953,
        "dmean2": 8.04367446899,
        "dvar": 68.0480651855,
        "dvar2": 139.519363403,
        "max": 123.940299988,
        "mean": 21.4579601288,
        "median": 17.9830627441,
        "min": 0.993571162224,
        "var": 207.173782349
    },
    "dissonance": {
        "dmean": 0.0210098680109,
        "dmean2": 0.034856967628,
        "dvar": 0.00040736675146,
        "dvar2": 0.00108461442869,
        "max": 0.5,
        "mean": 0.449587613344,
        "median": 0.45791643858,
        "min": 0.193767517805,
        "var": 0.00130820053164
    },
    "dynamic_complexity": 4.17436981201,
    "erbbands_crest": {
        "dmean": 2.46476888657,
        "dmean2": 3.84768843651,
        "dvar": 5.94945335388,
        "dvar2": 13.5239906311,
        "max": 31.2588195801,
        "mean": 10.3201789856,
        "median": 9.19806480408,
        "min": 2.41438412666,
        "var": 26.3429832458
    },
    "erbbands_flatness_db": {
        "dmean": 0.0162997785956,
        "dmean2": 0.0221564434469,
        "dvar": 0.000297352642519,
        "dvar2": 0.00049593806034,
        "max": 0.386682480574,
        "mean": 0.167268022895,
        "median": 0.158179104328,
        "min": 0.0360560901463,
        "var": 0.00350752496161
    },
    "erbbands_kurtosis": {
        "dmean": 1.03388786316,
        "dmean2": 1.58923792839,
        "dvar": 2.4952442646,
        "dvar2": 5.57453870773,
        "max": 35.2756881714,
        "mean": 1.284740448,
        "median": 0.208184123039,
        "min": -1.70582914352,
        "var": 9.76824092865
    },
    "erbbands_skewness": {
        "dmean": 0.349585056305,
        "dmean2": 0.527840971947,
        "dvar": 0.129052102566,
        "dvar2": 0.27185562253,
        "max": 4.61314153671,
        "mean": 0.614328861237,
        "median": 0.561490654945,
        "min": -3.69924020767,
        "var": 0.6817035079
    },
    "erbbands_spread": {
        "dmean": 6.91299152374,
        "dmean2": 10.2616214752,
        "dvar": 85.5638580322,
        "dvar2": 181.080429077,
        "max": 146.550979614,
        "mean": 33.5414276123,
        "median": 30.7168064117,
        "min": 2.27140903473,
        "var": 342.928253174
    },
    "hfc": {
        "dmean": 7.96156263351,
        "dmean2": 11.9974098206,
        "dvar": 305.203613281,
        "dvar2": 716.530212402,
        "max": 272.931762695,
        "mean": 25.1628284454,
        "median": 18.5268249512,
        "min": 1.10985655053e-16,
        "var": 658.208862305
    },
    "melbands_crest": {
        "dmean": 2.63281035423,
        "dmean2": 4.17517232895,
        "dvar": 7.04416179657,
        "dvar2": 17.3553409576,
        "max": 33.9847564697,
        "mean": 12.5652990341,
        "median": 11.6354064941,
        "min": 1.43605577946,
        "var": 22.391374588
    },
    "melbands_flatness_db": {
        "dmean": 0.019288983196,
        "dmean2": 0.0284176636487,
        "dvar": 0.00044397090096,
        "dvar2": 0.000968148815446,
        "max": 0.461925387383,
        "mean": 0.190791621804,
        "median": 0.179697185755,
        "min": 0.00109479273669,
        "var": 0.00417722202837
    },
    "melbands_kurtosis": {
        "dmean": 3.76961421967,
        "dmean2": 5.91659021378,
        "dvar": 84.9708328247,
        "dvar2": 193.677658081,
        "max": 339.716949463,
        "mean": 8.33612155914,
        "median": 5.27895975113,
        "min": -1.87204062939,
        "var": 147.461471558
    },
    "melbands_skewness": {
        "dmean": 0.481921583414,
        "dmean2": 0.730467617512,
        "dvar": 0.424750596285,
        "dvar2": 0.904290676117,
        "max": 16.1601009369,
        "mean": 1.94862794876,
        "median": 1.86434984207,
        "min": -2.03334331512,
        "var": 1.65613079071
    },
    "melbands_spread": {
        "dmean": 6.01906585693,
        "dmean2": 9.25176048279,
        "dvar": 126.125923157,
        "dvar2": 261.995483398,
        "max": 283.703704834,
        "mean": 23.5236263275,
        "median": 19.8965339661,
        "min": 1.51359140873,
        "var": 354.864379883
    },
    "pitch_salience": {
        "dmean": 0.0561546981335,
        "dmean2": 0.0890263915062,
        "dvar": 0.00297468458302,
        "dvar2": 0.00713100936264,
        "max": 0.986012935638,
        "mean": 0.574636697769,
        "median": 0.583044886589,
        "min": 0.0998470112681,
        "var": 0.0096862828359
    },
    "silence_rate_20dB": {
        "dmean": 0,
        "dmean2": 0,
        "dvar": 0,
        "dvar2": 0,
        "max": 1,
        "mean": 1,
        "median": 1,
        "min": 1,
        "var": 0
    },
    "silence_rate_30dB": {
        "dmean": 0.000201551956707,
        "dmean2": 0.000403144513257,
        "dvar": 0.000201487084269,
        "dvar2": 0.000604457221925,
        "max": 1,
        "mean": 0.999899208546,
        "median": 1,
        "min": 0,
        "var": 0.000100749595731
    },
    "silence_rate_60dB": {
        "dmean": 0.0179381240159,
        "dmean2": 0.0358798615634,
        "dvar": 0.0176151115447,
        "dvar2": 0.0382161103189,
        "max": 1,
        "mean": 0.115074567497,
        "median": 0,
        "min": 0,
        "var": 0.10183364898
    },
    "spectral_centroid": {
        "dmean": 208.73651123,
        "dmean2": 319.486236572,
        "dvar": 100338.28125,
        "dvar2": 216814.578125,
        "max": 11528.5214844,
        "mean": 1243.13464355,
        "median": 1149.73168945,
        "min": 245.606582642,
        "var": 393087.84375
    },
    "spectral_complexity": {
        "dmean": 2.89106106758,
        "dmean2": 4.59080839157,
        "dvar": 14.3185186386,
        "dvar2": 30.87641716,
        "max": 56,
        "mean": 18.1552810669,
        "median": 18,
        "min": 0,
        "var": 91.0846405029
    },
    "spectral_decrease": {
        "dmean": 1.50237100538e-09,
        "dmean2": 2.34184138748e-09,
        "dvar": 6.55342112101e-18,
        "dvar2": 1.50353509745e-17,
        "max": 1.15199246845e-28,
        "mean": -5.86539794512e-09,
        "median": -5.18986631448e-09,
        "min": -3.54824791771e-08,
        "var": 2.04418464715e-17
    },
    "spectral_energy": {
        "dmean": 0.00622834824026,
        "dmean2": 0.00968263763934,
        "dvar": 0.000108149746666,
        "dvar2": 0.000249249045737,
        "max": 0.139909625053,
        "mean": 0.0244198031723,
        "median": 0.0217016376555,
        "min": 1.03098087104e-20,
        "var": 0.000346858258126
    },
    "spectral_energyband_high": {
        "dmean": 0.000603392720222,
        "dmean2": 0.000919500831515,
        "dvar": 3.61315233022e-06,
        "dvar2": 8.66111804498e-06,
        "max": 0.0321046821773,
        "mean": 0.000958981108852,
        "median": 0.000423397228587,
        "min": 7.17978635309e-21,
        "var": 4.81801453134e-06
    },
    "spectral_energyband_low": {
        "dmean": 0.00227124732919,
        "dmean2": 0.00365598639473,
        "dvar": 6.54571849736e-05,
        "dvar2": 0.000150189793203,
        "max": 0.112666383386,
        "mean": 0.00414738617837,
        "median": 0.00162300444208,
        "min": 2.76151709262e-23,
        "var": 7.92065111455e-05
    },
    "spectral_energyband_middle_high": {
        "dmean": 0.00200157403015,
        "dmean2": 0.00295353261754,
        "dvar": 1.43436345752e-05,
        "dvar2": 3.0215976949e-05,
        "max": 0.0858654677868,
        "mean": 0.00733614340425,
        "median": 0.00378604605794,
        "min": 1.49967532036e-21,
        "var": 8.9409724751e-05
    },
    "spectral_energyband_middle_low": {
        "dmean": 0.00374208204448,
        "dmean2": 0.00580066069961,
        "dvar": 2.91573032882e-05,
        "dvar2": 7.01312892488e-05,
        "max": 0.0822363272309,
        "mean": 0.0126256681979,
        "median": 0.01086066477,
        "min": 2.05600249748e-22,
        "var": 0.000101725621789
    },
    "spectral_entropy": {
        "dmean": 0.152632713318,
        "dmean2": 0.210198611021,
        "dvar": 0.0312032438815,
        "dvar2": 0.0556262806058,
        "max": 9.80106639862,
        "mean": 7.47635698318,
        "median": 7.51889133453,
        "min": 5.28066968918,
        "var": 0.244276985526
    },
    "spectral_flux": {
        "dmean": 0.0215796027333,
        "dmean2": 0.0345363095403,
        "dvar": 0.000864180678036,
        "dvar2": 0.0019383742474,
        "max": 0.313213944435,
        "mean": 0.0721060931683,
        "median": 0.0629032030702,
        "min": 6.54082898954e-11,
        "var": 0.00247641955502
    },
    "spectral_kurtosis": {
        "dmean": 1.89300346375,
        "dmean2": 3.12560677528,
        "dvar": 11.5016975403,
        "dvar2": 34.894317627,
        "max": 65.4945373535,
        "mean": 5.84007501602,
        "median": 4.74548912048,
        "min": -1.47572672367,
        "var": 30.4851112366
    },
    "spectral_rms": {
        "dmean": 0.000564729096368,
        "dmean2": 0.000858649262227,
        "dvar": 6.61036210658e-07,
        "dvar2": 1.42626572597e-06,
        "max": 0.0116832014173,
        "mean": 0.00444753002375,
        "median": 0.0046013398096,
        "min": 3.1714901972e-12,
        "var": 4.04378351959e-06
    },
    "spectral_rolloff": {
        "dmean": 514.44708252,
        "dmean2": 851.851318359,
        "dvar": 1466047.375,
        "dvar2": 3078962.25,
        "max": 19573.6816406,
        "mean": 1670.48791504,
        "median": 1205.859375,
        "min": 86.1328125,
        "var": 3384840.75
    },
    "spectral_skewness": {
        "dmean": 0.233625918627,
        "dmean2": 0.370742827654,
        "dvar": 0.0843048393726,
        "dvar2": 0.227190867066,
        "max": 6.40085077286,
        "mean": 1.83820331097,
        "median": 1.80848741531,
        "min": -0.393820613623,
        "var": 0.327243924141
    },
    "spectral_spread": {
        "dmean": 611288.9375,
        "dmean2": 849399.875,
        "dvar": 819321700352,
        "dvar2": 1.46124819661e+12,
        "max": 42042844,
        "mean": 5161971.5,
        "median": 4937956,
        "min": 1039193.875,
        "var": 5.22764838502e+12
    },
    "spectral_strongpeak": {
        "dmean": 0.614748120308,
        "dmean2": 1.01487994194,
        "dvar": 1.04342913628,
        "dvar2": 2.49252033234,
        "max": 15.3153429031,
        "mean": 1.52017235756,
        "median": 0.878977417946,
        "min": 0,
        "var": 3.02182149887
    },
    "zerocrossingrate": {
        "dmean": 0.0119247306138,
        "dmean2": 0.0137097686529,
        "dvar": 0.000313617812935,
        "dvar2": 0.00034492809209,
        "max": 0.51123046875,
        "mean": 0.0720545500517,
        "median": 0.06298828125,
        "min": 0.00390625,
        "var": 0.00216836459003
    },
    "barkbands": {
        "dmean": [6.46062253509e-05, 0.00130648445338, 0.00104194984306, 0.000649057794362, 0.00112357758917, 0.00123360578436, 0.000772017403506, 0.000751020852476, 0.00137252057903, 0.000766550714616, 0.000805998744909, 0.000442045042291, 0.00030040187994, 0.000354860705556, 0.000504496623762, 0.000252110679867, 0.000276301754639, 0.00019315618556, 0.000144297300722, 0.000106848390715, 9.85554870567e-05, 9.69442990026e-05, 9.424041491e-05, 9.98244358925e-05, 0.000135766837047, 0.000104516897409, 9.95373561352e-10],
        "dmean2": [0.000104604754597, 0.0020572738722, 0.00182785710786, 0.00115001981612, 0.00181449716911, 0.00185834045988, 0.00122950132936, 0.00111481291242, 0.0020024520345, 0.00112947169691, 0.00120400532614, 0.000675022776704, 0.000460932235001, 0.000552723358851, 0.000789768993855, 0.000402370962547, 0.000444375997176, 0.000310109724523, 0.000236812818912, 0.000174075350515, 0.000164529934409, 0.000157644259161, 0.000156892827363, 0.000152630513185, 0.000206183438422, 0.000158703667694, 1.828868057e-09],
        "dvar": [5.91580366915e-08, 2.3772874556e-05, 1.94259828277e-05, 4.82677933178e-06, 3.7375739339e-06, 4.96938946526e-06, 3.09574602397e-06, 3.94805374526e-06, 1.01470150184e-05, 5.91420121054e-06, 6.01203009865e-06, 1.86088834653e-06, 6.69199494041e-07, 1.05551691831e-06, 1.78164589215e-06, 4.99716236391e-07, 6.63340813389e-07, 2.60258701701e-07, 9.73169491658e-08, 6.2716971172e-08, 1.10549677856e-07, 1.36874945156e-07, 1.44461111518e-07, 1.61813915156e-07, 2.41660416123e-07, 8.61457039036e-08, 2.25252013467e-18],
        "dvar2": [1.48752675955e-07, 5.23647831869e-05, 5.28187520104e-05, 1.35898662847e-05, 9.81744142337e-06, 1.20977538245e-05, 7.50384970161e-06, 8.81748655956e-06, 2.06809909287e-05, 1.30051348606e-05, 1.2644580238e-05, 4.08211190006e-06, 1.23221286685e-06, 2.29809666052e-06, 3.94346307075e-06, 1.09909785806e-06, 1.51981441832e-06, 6.3374113779e-07, 2.51424467024e-07, 1.57027443493e-07, 2.97894018786e-07, 3.50886210754e-07, 3.8899955257e-07, 3.23068206853e-07, 5.27583324583e-07, 1.92162303847e-07, 6.98560396592e-18],
        "max": [0.00518578570336, 0.0824785977602, 0.05321521312, 0.0286127347499, 0.0375759042799, 0.0627931281924, 0.0509539470077, 0.0589789971709, 0.0651486590505, 0.0742795839906, 0.0586774349213, 0.0343464016914, 0.0326260998845, 0.0332551188767, 0.0398602150381, 0.0345118939877, 0.0282108243555, 0.020640976727, 0.00884638354182, 0.00691799959168, 0.00575965968892, 0.00873237289488, 0.00889894831926, 0.0162463802844, 0.0107112992555, 0.00530352210626, 1.73442060714e-08],
        "mean": [8.70334042702e-05, 0.00239243684337, 0.00129963853396, 0.000772942148615, 0.00239260238595, 0.00298973335885, 0.00160592910834, 0.001453554607, 0.00285228178836, 0.0014283406781, 0.00154346250929, 0.000789568701293, 0.000544362701476, 0.00067638134351, 0.000946840213146, 0.000445639539976, 0.000488025543746, 0.000372164620785, 0.000275784026599, 0.000195853164769, 0.000132241417305, 0.000119181844639, 0.00010904447845, 0.000156289097504, 0.000212812461541, 0.000137649592943, 8.42202751983e-10],
        "median": [5.47252420802e-06, 0.000735340290703, 0.000326430774294, 0.000272765173577, 0.00134665891528, 0.00162080815062, 0.000719810253941, 0.000472000450827, 0.000838372507133, 0.000252211990301, 0.000341102015227, 0.000202902578167, 0.000181497307494, 0.000203599702218, 0.000243799033342, 0.000166500161868, 0.000171567793586, 0.000128760701045, 0.000133735797135, 9.66412335401e-05, 5.04780837218e-05, 3.45182670571e-05, 2.47413190664e-05, 4.57069036202e-05, 8.2012549683e-05, 4.21525619458e-05, 2.93302271359e-10],
        "min": [3.07146148891e-24, 5.27379665879e-24, 4.27382040369e-24, 1.82836402206e-24, 1.39371637554e-23, 2.05117640423e-23, 9.84406980737e-24, 1.69106755411e-23, 1.9857151486e-23, 2.10968306213e-23, 1.3686376985e-23, 6.22351805662e-23, 7.30388326115e-23, 6.51284888637e-23, 4.51701501894e-23, 1.09476841627e-22, 8.3815896889e-23, 1.35598954451e-22, 2.17692566035e-22, 2.24692450703e-22, 2.87085920943e-22, 3.39538304895e-22, 5.50040220763e-22, 6.64856312811e-22, 1.02756471205e-21, 1.15911268273e-21, 2.19790734095e-21],
        "var": [6.59189467456e-08, 3.106706572e-05, 1.42885810419e-05, 3.43339638675e-06, 9.09987193154e-06, 1.52779575728e-05, 7.1091699283e-06, 9.06514287635e-06, 2.87132170342e-05, 1.42213220897e-05, 1.75449895323e-05, 5.16987165611e-06, 1.91571166397e-06, 3.26547819895e-06, 5.71772034164e-06, 1.07791436221e-06, 1.5096743482e-06, 7.6987544162e-07, 2.15580200802e-07, 9.7642598007e-08, 9.56960661824e-08, 1.37965656677e-07, 1.51461961195e-07, 3.67025222658e-07, 3.45123879697e-07, 1.09360300371e-07, 1.90643272946e-18]
    },
    "erbbands": {
        "dmean": [0.0409221239388, 0.301269203424, 1.14215242863, 1.57977926731, 2.83319473267, 4.41222858429, 7.46926259995, 10.7398376465, 10.1097145081, 11.6031560898, 20.2424373627, 30.7527313232, 22.6827201843, 26.4093265533, 25.986989975, 16.8926792145, 13.6068000793, 16.6632175446, 23.2581748962, 16.9083995819, 13.3329639435, 14.2235794067, 11.2799968719, 7.74752569199, 6.32153367996, 5.0390291214, 4.20541763306, 3.47119259834, 3.47699284554, 3.58549618721, 2.2765173912, 2.03610682487, 1.816193223, 1.56255578995, 0.970433950424, 0.521827101707, 0.195994541049, 0.0160016827285, 0.000292071927106, 2.04083607969e-05],
        "dmean2": [0.0630915537477, 0.490981847048, 1.96704769135, 2.78975844383, 4.7918715477, 7.12211513519, 11.3540315628, 16.2438564301, 15.9856443405, 17.7334136963, 30.2023563385, 44.6984329224, 32.6952018738, 38.6162109375, 38.2614784241, 25.4251155853, 20.6618499756, 25.8485145569, 35.7116546631, 26.3875370026, 21.0309715271, 22.8009338379, 17.9491405487, 12.5211639404, 10.3129901886, 8.2440290451, 7.01412343979, 5.67162418365, 5.66895389557, 5.97148513794, 3.71987962723, 3.15634417534, 2.78338170052, 2.3813765049, 1.49171423912, 0.80667501688, 0.294798314571, 0.0244732052088, 0.000442719465354, 3.04465902445e-05],
        "dvar": [0.0241506192833, 1.31174314022, 23.5894069672, 24.5149230957, 60.8252296448, 66.1131362915, 175.632217407, 494.626464844, 545.527099609, 940.229675293, 3398.31298828, 5197.15185547, 4965.703125, 7631.79443359, 6667.36621094, 2757.99609375, 1339.75927734, 2067.67602539, 4162.88964844, 2637.99731445, 1749.97485352, 1717.91210938, 894.00604248, 326.819854736, 152.230010986, 169.089553833, 158.431121826, 147.036880493, 175.679977417, 216.59034729, 73.8123016357, 73.6611557007, 54.9603996277, 35.7220611572, 12.2316083908, 2.73955059052, 0.279274582863, 0.00193517946173, 6.32052319816e-07, 2.29311791777e-09],
        "dvar2": [0.0556583367288, 2.97954130173, 63.0615234375, 68.9417877197, 167.101989746, 172.202423096, 402.422424316, 1219.0904541, 1397.10900879, 2043.17175293, 7920.69970703, 10813.5078125, 10294.890625, 16617.1660156, 13414.6953125, 5967.65332031, 2456.61669922, 4664.49804688, 8944.57910156, 5927.03222656, 3706.11206055, 4091.28149414, 2197.80541992, 812.398803711, 391.80847168, 436.485900879, 425.83404541, 393.14932251, 445.230041504, 584.243225098, 191.772033691, 155.504394531, 112.839675903, 76.7671966553, 27.5394020081, 6.27362918854, 0.614333868027, 0.00429895985872, 1.3879986227e-06, 5.08418418477e-09],
        "max": [2.89245009422, 16.5237674713, 60.6244049072, 61.4519844055, 107.338020325, 201.038131714, 365.495513916, 637.385498047, 719.086914062, 1371.9864502, 1816.06506348, 1841.03100586, 2521.96557617, 2198.86743164, 2791.13989258, 1522.59985352, 1626.43823242, 1398.7232666, 1390.80151367, 2670.15014648, 2153.015625, 1558.57397461, 1173.47253418, 647.359375, 309.843566895, 307.307250977, 165.669891357, 192.324539185, 322.07824707, 260.932342529, 230.024612427, 487.127868652, 269.241882324, 189.986358643, 90.6482925415, 39.0403823853, 9.93624782562, 0.792666256428, 0.0138118909672, 0.00070524221519],
        "mean": [0.0690180063248, 0.536693572998, 1.50314414501, 2.09168577194, 4.3137755394, 9.29866027832, 16.997428894, 25.5191516876, 22.5207538605, 24.6339073181, 44.4308586121, 65.7724533081, 46.3171653748, 54.0055999756, 54.6578369141, 35.2407913208, 27.2023124695, 36.0304794312, 48.4649162292, 33.2445755005, 27.0247859955, 26.3116645813, 21.8968925476, 16.4964599609, 12.3967208862, 8.98931026459, 6.5803809166, 4.45538806915, 4.27453660965, 4.01298522949, 2.83436655998, 3.02187395096, 2.7245850563, 2.44275665283, 1.45362257957, 0.699010491371, 0.253125458956, 0.0185331217945, 0.000369288551155, 4.93943189213e-05],
        "median": [0.0153179327026, 0.166274040937, 0.432143509388, 0.875313818455, 1.85048031807, 4.9885635376, 8.86468982697, 12.2316827774, 10.7061233521, 11.2131891251, 14.2709560394, 21.5387039185, 12.689868927, 12.4727220535, 12.5957641602, 10.0599145889, 10.1969604492, 12.6318731308, 13.4325294495, 11.7107629776, 10.6002149582, 10.0957984924, 7.58933830261, 6.81750106812, 6.716588974, 4.28251934052, 2.76894330978, 1.64123606682, 1.30203151703, 0.874184727669, 0.709679245949, 0.816398561001, 0.815169274807, 0.874249100685, 0.555926442146, 0.235124111176, 0.066790536046, 0.00414891215041, 0.000107676511107, 3.79070843337e-05],
        "min": [9.39945312837e-23, 8.78446221537e-22, 3.84924701422e-21, 6.7577594508e-21, 2.05297923918e-20, 3.01681396633e-20, 9.31514324931e-20, 1.80636755338e-19, 1.52877000496e-19, 3.09814113631e-19, 5.354811598e-19, 5.49004890731e-19, 5.08345189613e-19, 8.67130334212e-19, 1.60879091458e-18, 2.28928707212e-18, 3.68082096337e-18, 3.61935317205e-18, 3.35380524116e-18, 4.83578512854e-18, 5.0148296129e-18, 4.7633658795e-18, 7.72971331109e-18, 1.05751021217e-17, 1.18682807226e-17, 1.08424468957e-17, 1.1820812136e-17, 1.14203194075e-17, 1.03967586729e-17, 1.14754526497e-17, 1.5417103099e-17, 1.32840466631e-17, 1.22415649992e-17, 1.00702737939e-17, 7.52135561378e-18, 4.5033776363e-18, 2.44177657728e-18, 1.0232151799e-18, 3.03514667978e-19, 3.04779672704e-20],
        "var": [0.030620297417, 1.58680057526, 18.246717453, 18.8706741333, 59.4496688843, 166.405502319, 535.191223145, 1510.50170898, 1188.2434082, 2015.65539551, 8693.24707031, 15175.2792969, 12658.5800781, 20589.1191406, 26132.8242188, 10385.7050781, 4125.5625, 8181.09082031, 14315.5888672, 8120.98095703, 4027.69482422, 3648.42773438, 2317.94506836, 1318.39709473, 292.600891113, 229.259490967, 159.799179077, 129.92338562, 180.134063721, 193.330062866, 95.3570632935, 192.230606079, 97.7981567383, 55.1535224915, 15.4560661316, 3.26770734787, 0.360740065575, 0.00228529796004, 7.7953257005e-07, 3.47159434533e-09]
    },
    "gfcc": {
        "mean": [-12.6226835251, 86.4068603516, -119.042060852, 10.9401359558, -63.4037704468, 5.78525972366, -48.3735122681, 15.3070316315, -30.5778198242, 7.25665140152, -18.7715187073, 0.242257669568, -8.96888256073],
        "cov": [[16869.0058594, -2515.34472656, -99.9119567871, 138.949798584, -55.8574829102, 942.573303223, -553.699645996, 871.661010742, -776.620727539, 707.197509766, -397.35357666, 579.405761719, -132.190917969], [-2515.34472656, 2062.24316406, -730.408874512, -58.963306427, 274.505981445, -402.689422607, 327.778503418, -357.592498779, 319.250152588, -313.620056152, 276.202056885, -225.290817261, 147.076538086], [-99.9119567871, -730.408874512, 1058.9552002, 162.749008179, -22.8884677887, 306.502563477, -102.012107849, 260.135192871, -56.4293823242, 217.987030029, -89.4085769653, 137.789108276, -112.640571594], [138.949798584, -58.963306427, 162.749008179, 449.118774414, 99.427734375, 87.5852050781, 35.2478981018, 33.5678710938, 97.6070632935, 33.370639801, 45.0958786011, 53.5773887634, -25.0043849945], [-55.8574829102, 274.505981445, -22.8884677887, 99.427734375, 319.87210083, 73.8042373657, 111.16267395, 37.0551376343, 73.6148757935, 22.7253665924, 57.8754425049, 33.6401557922, 22.2984218597], [942.573303223, -402.689422607, 306.502563477, 87.5852050781, 73.8042373657, 446.482727051, 31.1940155029, 168.895767212, -51.4413948059, 169.436264038, -13.0374097824, 75.4888687134, 9.42275428772], [-553.699645996, 327.778503418, -102.012107849, 35.2478981018, 111.16267395, 31.1940155029, 240.61000061, -39.3601417542, 93.2734527588, -32.9941940308, 48.1136627197, -27.6321811676, 27.5504894257], [871.661010742, -357.592498779, 260.135192871, 33.5678710938, 37.0551376343, 168.895767212, -39.3601417542, 301.296813965, -21.3682613373, 119.11151886, -50.5879821777, 61.293346405, 4.47169828415], [-776.620727539, 319.250152588, -56.4293823242, 97.6070632935, 73.6148757935, -51.4413948059, 93.2734527588, -21.3682613373, 209.812026978, -40.9027748108, 52.2506065369, -34.342250824, 20.9084224701], [707.197509766, -313.620056152, 217.987030029, 33.370639801, 22.7253665924, 169.436264038, -32.9941940308, 119.11151886, -40.9027748108, 185.802352905, -13.9251832962, 60.6842041016, -18.5813579559], [-397.35357666, 276.202056885, -89.4085769653, 45.0958786011, 57.8754425049, -13.0374097824, 48.1136627197, -50.5879821777, 52.2506065369, -13.9251832962, 141.822052002, 7.58388948441, 29.6255264282], [579.405761719, -225.290817261, 137.789108276, 53.5773887634, 33.6401557922, 75.4888687134, -27.6321811676, 61.293346405, -34.342250824, 60.6842041016, 7.58388948441, 143.730133057, -12.4854335785], [-132.190917969, 147.076538086, -112.640571594, -25.0043849945, 22.2984218597, 9.42275428772, 27.5504894257, 4.47169828415, 20.9084224701, -18.5813579559, 29.6255264282, -12.4854335785, 119.911018372]],
        "icov": [[0.000154310386279, -9.01501698536e-05, 0.000405023543863, -0.000186232326087, 0.000114678165119, -0.00027025185409, 0.000225378331379, -0.000374268041924, 0.000365456537111, -0.000354251591489, 0.000436057394836, -0.000523946480826, 0.000303498760331], [-9.01501698536e-05, 0.00199883803725, -0.000270535645541, 0.000629939895589, -0.00144625245593, 0.0010570732411, -0.00099719397258, 0.000888544367626, -0.00114841863979, 0.00118584034499, -0.00251562031917, 0.00199770461768, -0.00107844837476], [0.000405023543863, -0.000270535645541, 0.0028518224135, -0.000837141240481, 0.000702007033397, -0.00140211964026, 0.000941730337217, -0.00168979307637, 0.000603715714533, -0.00159665162209, 0.00167695700657, -0.00209049531259, 0.00212428951636], [-0.000186232326087, 0.000629939895589, -0.000837141240481, 0.00342510291375, -0.0010046713287, -2.49697986874e-05, -0.000148362669279, 0.000843866728246, -0.00232332618907, 0.0010145107517, -0.00169463455677, 0.000242571797571, 0.000147541650222], [0.000114678165119, -0.00144625245593, 0.000702007033397, -0.0010046713287, 0.00554530275986, -0.00116777420044, -0.000855567224789, -0.00146922108252, 0.0002573900274, -0.00126092648134, 0.00103146850597, -0.00263319117948, 0.000892913667485], [-0.00027025185409, 0.0010570732411, -0.00140211964026, -2.49697986874e-05, -0.00116777420044, 0.00544907478616, -0.00239564524963, 9.97025199467e-05, 0.000485247408506, -0.00167725840583, -0.00182253180537, 0.00172901642509, -0.00229533831589], [0.000225378331379, -0.00099719397258, 0.000941730337217, -0.000148362669279, -0.000855567224789, -0.00239564524963, 0.00725316815078, -1.52753400471e-05, -0.00134789408185, 0.000120147487905, 0.00124867144041, -0.000823130714707, 0.000866147573106], [-0.000374268041924, 0.000888544367626, -0.00168979307637, 0.000843866728246, -0.00146922108252, 9.97025199467e-05, -1.52753400471e-05, 0.00688132504001, -0.00205507152714, -0.000630362716038, 0.000125889084302, 0.00110731751192, -0.00255668885075], [0.000365456537111, -0.00114841863979, 0.000603715714533, -0.00232332618907, 0.0002573900274, 0.000485247408506, -0.00134789408185, -0.00205507152714, 0.00917593948543, -0.000888029229827, 0.000515757594258, -0.000116144416097, 0.000317344878567], [-0.000354251591489, 0.00118584034499, -0.00159665162209, 0.0010145107517, -0.00126092648134, -0.00167725840583, 0.000120147487905, -0.000630362716038, -0.000888029229827, 0.0118261519819, -0.00311049469747, 0.00087265111506, 7.56376684876e-05], [0.000436057394836, -0.00251562031917, 0.00167695700657, -0.00169463455677, 0.00103146850597, -0.00182253180537, 0.00124867144041, 0.000125889084302, 0.000515757594258, -0.00311049469747, 0.0135767804459, -0.0050549977459, -4.61702120447e-06], [-0.000523946480826, 0.00199770461768, -0.00209049531259, 0.000242571797571, -0.00263319117948, 0.00172901642509, -0.000823130714707, 0.00110731751192, -0.000116144416097, 0.00087265111506, -0.0050549977459, 0.01291604992, -0.00169019354507], [0.000303498760331, -0.00107844837476, 0.00212428951636, 0.000147541650222, 0.000892913667485, -0.00229533831589, 0.000866147573106, -0.00255668885075, 0.000317344878567, 7.56376684876e-05, -4.61702120447e-06, -0.00169019354507, 0.0117153255269]]
    },
    "melbands": {
        "dmean": [0.000354800838977, 0.000510790501721, 0.000312529911753, 0.000251978752203, 0.000238470354816, 0.000236917141592, 0.000156909896759, 0.000125497055706, 0.00018873551744, 0.000196292923647, 0.000114923735964, 0.000107568463136, 9.18640653254e-05, 5.66550297663e-05, 3.61634047295e-05, 3.2144565921e-05, 3.55901756848e-05, 3.86253777833e-05, 3.48154862877e-05, 2.06645563594e-05, 1.63152253663e-05, 1.79124726856e-05, 1.23599820654e-05, 7.95649066276e-06, 6.83879488861e-06, 5.63401727049e-06, 4.25570715379e-06, 3.41264944836e-06, 2.58978820966e-06, 2.76218725048e-06, 1.9251995127e-06, 2.13882390199e-06, 1.80564552466e-06, 2.16546686715e-06, 1.38124789828e-06, 1.22151573123e-06, 1.31870308451e-06, 1.34815775255e-06, 1.2492444057e-06, 1.41405462273e-06],
        "dmean2": [0.000542152964044, 0.000838279025629, 0.000546846538782, 0.000411787274061, 0.000365275947843, 0.000357791141141, 0.000247312069405, 0.000189768354176, 0.000280909443973, 0.000285658956273, 0.000165761943208, 0.000157949820277, 0.000135712572956, 8.40532593429e-05, 5.44924696442e-05, 4.99953857798e-05, 5.51863668079e-05, 5.92292053625e-05, 5.37616651854e-05, 3.31786759489e-05, 2.5778390409e-05, 2.90091793431e-05, 1.97137596842e-05, 1.27969933601e-05, 1.11681329145e-05, 9.33885257837e-06, 6.95353492119e-06, 5.66785365663e-06, 4.30616910307e-06, 4.68427788292e-06, 3.13064947477e-06, 3.53312543666e-06, 2.94337178275e-06, 3.66867652701e-06, 2.30047453442e-06, 1.97927238332e-06, 2.04744310395e-06, 2.1051459953e-06, 1.89823606433e-06, 2.17742535824e-06],
        "dvar": [1.74358456206e-06, 4.29615693065e-06, 9.2580268074e-07, 2.26172744533e-07, 1.57020693337e-07, 2.18312905531e-07, 1.18342384781e-07, 1.00294457184e-07, 2.99225177969e-07, 2.09436336718e-07, 1.32155861365e-07, 1.27616274881e-07, 8.3600703249e-08, 2.88621766487e-08, 1.12778959505e-08, 6.4676188849e-09, 1.06747819473e-08, 1.23251204798e-08, 9.31620469657e-09, 2.89015034127e-09, 2.88748691624e-09, 3.14530668177e-09, 1.40389955217e-09, 3.28391092097e-10, 2.71945160835e-10, 1.25834467846e-10, 8.5155334173e-11, 7.38957853241e-11, 4.20073212326e-11, 1.02617851716e-10, 4.2185154675e-11, 6.84077586244e-11, 4.8595332619e-11, 8.56927237503e-11, 2.72438200472e-11, 2.35658523945e-11, 3.64808877551e-11, 3.21726499608e-11, 2.30965836734e-11, 3.07440843617e-11],
        "dvar2": [3.9003684833e-06, 1.09529155452e-05, 2.57786587099e-06, 6.07541096542e-07, 3.65717653494e-07, 5.38889764812e-07, 2.96224612839e-07, 2.11151231611e-07, 6.96103654718e-07, 4.32817842011e-07, 2.72161514658e-07, 2.78244101537e-07, 1.74954081444e-07, 6.14560917711e-08, 2.2472141481e-08, 1.35924498323e-08, 2.3764263446e-08, 2.59411958581e-08, 1.96588647583e-08, 6.76984024395e-09, 6.09293548948e-09, 7.59548335338e-09, 3.20937920684e-09, 7.87376663869e-10, 6.91220580773e-10, 3.3416736045e-10, 2.14579146118e-10, 1.91414550876e-10, 1.10921140328e-10, 2.78823103494e-10, 1.10974486545e-10, 1.76134495877e-10, 1.2413581274e-10, 2.35604064036e-10, 7.25230847598e-11, 5.81003786748e-11, 7.73865832526e-11, 6.82393655471e-11, 4.72097014259e-11, 6.8528252517e-11],
        "max": [0.0240728650242, 0.0286625567824, 0.0117179928347, 0.0101613495499, 0.00951598770916, 0.0141331711784, 0.00923693273216, 0.0127429077402, 0.015716182068, 0.0105413943529, 0.0130461584777, 0.00855213403702, 0.00835031922907, 0.00427862675861, 0.00471804011613, 0.00237732171081, 0.00320262135938, 0.00274888705462, 0.00278481165878, 0.0020176183898, 0.00232968549244, 0.00207705888897, 0.0013349353103, 0.000592944852542, 0.000599312479608, 0.00031355486135, 0.00021405298321, 0.000196356835659, 9.79324759101e-05, 0.000220973597607, 0.000136511924211, 0.000188667094335, 0.000219143272261, 0.00014635019761, 0.000113270660222, 0.000249780685408, 0.000338154583005, 0.000205998629099, 0.00015747686848, 0.000172210289747],
        "mean": [0.000633836898487, 0.00077357160626, 0.000420201744419, 0.000486599630676, 0.000563644396607, 0.000569969008211, 0.000348257774021, 0.000261664099526, 0.000402404548367, 0.000413648638641, 0.000219295427087, 0.000209247038583, 0.000180104965693, 0.000111378940346, 6.71837333357e-05, 5.73127326788e-05, 6.9254761911e-05, 7.43072232581e-05, 6.09799244558e-05, 3.65224586858e-05, 2.95358186122e-05, 2.95505251415e-05, 2.24040359171e-05, 1.54566860147e-05, 1.32430859594e-05, 9.77697072813e-06, 7.47832200432e-06, 5.58249712412e-06, 4.29992041973e-06, 3.30052307618e-06, 2.37214658227e-06, 2.5222336717e-06, 2.16115017793e-06, 2.26212659982e-06, 1.59723958859e-06, 1.64134178249e-06, 1.93053688236e-06, 1.89899583347e-06, 1.89810430129e-06, 2.12790246223e-06],
        "median": [0.000183216820005, 0.000261178298388, 0.000186235032743, 0.000249102187809, 0.000326715933625, 0.000286717026029, 0.000161434203619, 0.000107593332359, 0.000103742975625, 0.00012280746887, 4.84780794068e-05, 4.1414397856e-05, 4.02243313147e-05, 2.75058337138e-05, 2.04711868719e-05, 1.83577121788e-05, 2.05396827369e-05, 1.85526696441e-05, 1.7185591787e-05, 1.30363796416e-05, 1.02660360426e-05, 1.04917544377e-05, 6.96994811733e-06, 5.63629282624e-06, 4.92395429319e-06, 4.98122699355e-06, 3.77681044483e-06, 2.43840304393e-06, 1.85564181265e-06, 1.11121516966e-06, 8.1065024915e-07, 7.44466774449e-07, 5.56033000976e-07, 4.2897761432e-07, 3.69250415133e-07, 4.29537237778e-07, 4.8997662816e-07, 5.1284678193e-07, 6.08058940088e-07, 7.32106059331e-07],
        "min": [2.15311024939e-24, 2.95325285163e-24, 1.6049844489e-24, 3.29200017674e-24, 2.75169967921e-24, 4.72302225781e-24, 2.32439680103e-24, 3.1083247618e-24, 3.92517583244e-24, 3.04643684885e-24, 2.71450488753e-24, 3.2360277345e-24, 2.68340621571e-24, 5.1306172212e-24, 6.84338018571e-24, 7.47123379131e-24, 6.08080254812e-24, 5.52847882432e-24, 4.31077617051e-24, 4.68914659838e-24, 5.37560310292e-24, 4.40966027941e-24, 4.86576427202e-24, 7.07679860553e-24, 8.46870107431e-24, 8.73907683869e-24, 6.16069640845e-24, 6.80875629171e-24, 5.91536263908e-24, 9.00009276842e-24, 5.95006620802e-24, 5.17871012629e-24, 6.42126978722e-24, 6.37003051042e-24, 8.860811487e-24, 7.64767199909e-24, 7.69572782772e-24, 8.37191888529e-24, 8.62938888526e-24, 7.84644601455e-24],
        "var": [2.29108331951e-06, 3.9013134483e-06, 7.07715969384e-07, 4.48915557172e-07, 4.95222082009e-07, 6.63811533741e-07, 2.79873660247e-07, 2.39274896785e-07, 8.11614768281e-07, 6.45567581614e-07, 3.26664007844e-07, 3.39559193208e-07, 2.64257892013e-07, 9.27435408471e-08, 3.50480675593e-08, 1.79101800057e-08, 4.08040499167e-08, 3.81284408491e-08, 2.62502322101e-08, 7.4586443688e-09, 6.21314510951e-09, 5.5021849299e-09, 3.4785614389e-09, 1.02711650296e-09, 9.96821181154e-10, 2.17927592638e-10, 1.31299582318e-10, 9.81702219516e-11, 5.39829188295e-11, 8.25870413723e-11, 3.94066758391e-11, 6.67494740036e-11, 4.92542499841e-11, 7.13606326808e-11, 2.90915694312e-11, 5.22004280079e-11, 8.45988834541e-11, 5.40257005799e-11, 3.90203078182e-11, 4.37609427861e-11]
    },
    "mfcc": {
        "mean": [-654.135437012, 123.453392029, -4.75505018234, 7.45956468582, 2.67560482025, -12.0293054581, -2.42637705803, -7.48845624924, -1.18042874336, -1.14743423462, -3.23181462288, -4.52060604095, -1.28673696518],
        "cov": [[10189.1279297, -781.140319824, -177.679138184, -32.1116027832, 210.897460938, 209.314956665, 325.858398438, 144.129348755, 124.927932739, 61.0536460876, 44.546710968, -9.55040645599, 56.2054634094], [-781.140319824, 1379.04943848, -434.906494141, -17.8809165955, -19.2167415619, -105.127723694, 28.9396324158, -56.0067977905, -38.8992729187, -13.5189256668, -22.0435504913, -16.7853069305, -30.3478031158], [-177.679138184, -434.906494141, 717.800842285, 34.0284767151, 77.1864852905, 87.2361602783, -13.3286466599, 59.658821106, 28.6217823029, 34.7516326904, 84.3246002197, 46.93384552, 54.225402832], [-32.1116027832, -17.8809165955, 34.0284767151, 334.643920898, 87.2882614136, 38.3003578186, -36.9257164001, 66.5286102295, 13.8181715012, -5.65580654144, 61.8344612122, 58.5119743347, 17.1849975586], [210.897460938, -19.2167415619, 77.1864852905, 87.2882614136, 242.754959106, 52.7039527893, 40.7856483459, 66.6190261841, 41.3459205627, 27.6425952911, 57.1591110229, 50.194278717, 37.7423019409], [209.314956665, -105.127723694, 87.2361602783, 38.3003578186, 52.7039527893, 301.998931885, 85.3766021729, 67.2940444946, 19.6528244019, 45.6158752441, 50.8938522339, 30.9063606262, 40.4713516235], [325.858398438, 28.9396324158, -13.3286466599, -36.9257164001, 40.7856483459, 85.3766021729, 200.508880615, 34.1500358582, 42.4300003052, 40.3351478577, 18.5213298798, 15.3365287781, 21.3583087921], [144.129348755, -56.0067977905, 59.658821106, 66.5286102295, 66.6190261841, 67.2940444946, 34.1500358582, 164.15826416, 48.9279823303, 21.7531871796, 44.7307243347, 39.0499458313, 28.4863204956], [124.927932739, -38.8992729187, 28.6217823029, 13.8181715012, 41.3459205627, 19.6528244019, 42.4300003052, 48.9279823303, 159.812362671, 69.1889572144, 12.930847168, 2.46415448189, 21.383928299], [61.0536460876, -13.5189256668, 34.7516326904, -5.65580654144, 27.6425952911, 45.6158752441, 40.3351478577, 21.7531871796, 69.1889572144, 131.652420044, 31.573841095, 9.94270324707, 13.4121379852], [44.546710968, -22.0435504913, 84.3246002197, 61.8344612122, 57.1591110229, 50.8938522339, 18.5213298798, 44.7307243347, 12.930847168, 31.573841095, 129.42980957, 47.2824058533, 13.6546850204], [-9.55040645599, -16.7853069305, 46.93384552, 58.5119743347, 50.194278717, 30.9063606262, 15.3365287781, 39.0499458313, 2.46415448189, 9.94270324707, 47.2824058533, 102.038108826, 27.7222995758], [56.2054634094, -30.3478031158, 54.225402832, 17.1849975586, 37.7423019409, 40.4713516235, 21.3583087921, 28.4863204956, 21.383928299, 13.4121379852, 13.6546850204, 27.7222995758, 87.229019165]],
