{
"lowlevel": {
    "average_loudness": 0.411525607109,
    "barkbands_crest": {
        "dmean": 2.21525669098,
        "dmean2": 3.55352687836,
        "dvar": 4.41115427017,
        "dvar2": 11.4454755783,
        "max": 26.1512794495,
        "mean": 10.5602865219,
        "median": 9.66246795654,
        "min": 2.8826417923,
        "var": 19.2720832825
    },
    "barkbands_flatness_db": {
        "dmean": 0.0174409057945,
        "dmean2": 0.0266347005963,
        "dvar": 0.000318196922308,
        "dvar2": 0.000768571975641,
        "max": 0.372263967991,
        "mean": 0.121012762189,
        "median": 0.109997756779,
        "min": 0.0257857050747,
        "var": 0.00263716862537
    },
    "barkbands_kurtosis": {
        "dmean": 2.34852790833,
        "dmean2": 3.77777791023,
        "dvar": 43.0095977783,
        "dvar2": 113.433197021,
        "max": 252.592163086,
        "mean": 3.6715297699,
        "median": 0.92266702652,
        "min": -1.94427502155,
        "var": 113.537200928
    },
    "barkbands_skewness": {
        "dmean": 0.441765993834,
        "dmean2": 0.681401729584,
        "dvar": 0.309070318937,
        "dvar2": 0.774611413479,
        "max": 12.4651288986,
        "mean": 1.27011728287,
        "median": 1.08768355846,
        "min": -5.14137172699,
        "var": 1.89451825619
    },
    "barkbands_spread": {
        "dmean": 5.55497026443,
        "dmean2": 8.4703502655,
        "dvar": 50.3889122009,
        "dvar2": 101.54637146,
        "max": 112.200813293,
        "mean": 27.6663856506,
        "median": 25.8947238922,
        "min": 0.602470636368,
        "var": 263.744720459
    },
    "dissonance": {
        "dmean": 0.0175131540745,
        "dmean2": 0.0296239126474,
        "dvar": 0.000293196266284,
        "dvar2": 0.000812497804873,
        "max": 0.499982476234,
        "mean": 0.463703453541,
        "median": 0.470179438591,
        "min": 0.225821480155,
        "var": 0.000733364548068
    },
    "dynamic_complexity": 5.80686998367,
    "erbbands_crest": {
        "dmean": 2.3885114193,
        "dmean2": 3.8348531723,
        "dvar": 5.32283115387,
        "dvar2": 12.8897285461,
        "max": 31.0496921539,
        "mean": 9.13236618042,
        "median": 8.05241012573,
        "min": 2.56562447548,
        "var": 19.22032547
    },
    "erbbands_flatness_db": {
        "dmean": 0.015558375977,
        "dmean2": 0.0226971600205,
        "dvar": 0.000230118195759,
        "dvar2": 0.000453232554719,
        "max": 0.329243808985,
        "mean": 0.147652193904,
        "median": 0.145772695541,
        "min": 0.0470735952258,
        "var": 0.00169276748784
    },
    "erbbands_kurtosis": {
        "dmean": 0.772265970707,
        "dmean2": 1.19919061661,
        "dvar": 1.53004992008,
        "dvar2": 3.03281855583,
        "max": 58.9657325745,
        "mean": 0.536370694637,
        "median": -0.0354604721069,
        "min": -1.73263049126,
        "var": 4.99872779846
    },
    "erbbands_skewness": {
        "dmean": 0.315984755754,
        "dmean2": 0.476084947586,
        "dvar": 0.0948642343283,
        "dvar2": 0.189164921641,
        "max": 4.64882612228,
        "mean": 0.240387707949,
        "median": 0.242960736156,
        "min": -6.57603549957,
        "var": 0.696252405643
    },
    "erbbands_spread": {
        "dmean": 6.79988336563,
        "dmean2": 10.5003128052,
        "dvar": 56.1351089478,
        "dvar2": 126.075866699,
        "max": 135.093048096,
        "mean": 36.7578544617,
        "median": 33.7823944092,
        "min": 4.71478271484,
        "var": 267.888366699
    },
    "hfc": {
        "dmean": 4.51205635071,
        "dmean2": 6.43762159348,
        "dvar": 60.231590271,
        "dvar2": 112.517486572,
        "max": 155.521774292,
        "mean": 17.3452091217,
        "median": 8.33824539185,
        "min": 1.07148225225e-16,
        "var": 444.519989014
    },
    "melbands_crest": {
        "dmean": 2.72705984116,
        "dmean2": 4.39305973053,
        "dvar": 6.45455789566,
        "dvar2": 16.550983429,
        "max": 34.2173156738,
        "mean": 14.2573423386,
        "median": 13.6602716446,
        "min": 1.6104580164,
        "var": 28.7474842072
    },
    "melbands_flatness_db": {
        "dmean": 0.0205827225,
        "dmean2": 0.0315875858068,
        "dvar": 0.000466172205051,
        "dvar2": 0.00111983902752,
        "max": 0.487715363503,
        "mean": 0.183827877045,
        "median": 0.174051180482,
        "min": 0.00349354348145,
        "var": 0.00489722611383
    },
    "melbands_kurtosis": {
        "dmean": 5.61698198318,
        "dmean2": 9.10554409027,
        "dvar": 188.056625366,
        "dvar2": 510.202850342,
        "max": 328.13760376,
        "mean": 11.2471761703,
        "median": 5.22334861755,
        "min": -1.83788025379,
        "var": 437.424407959
    },
    "melbands_skewness": {
        "dmean": 0.60149782896,
        "dmean2": 0.940129697323,
        "dvar": 0.565200388432,
        "dvar2": 1.44365608692,
        "max": 14.0750350952,
        "mean": 2.35417461395,
        "median": 2.01888108253,
        "min": -1.82256686687,
        "var": 2.92952179909
    },
    "melbands_spread": {
        "dmean": 7.32426214218,
        "dmean2": 11.2330026627,
        "dvar": 133.782196045,
        "dvar2": 265.370941162,
        "max": 237.99621582,
        "mean": 32.3208503723,
        "median": 25.7720966339,
        "min": 0.519449770451,
        "var": 758.05847168
    },
    "pitch_salience": {
        "dmean": 0.0605246387422,
        "dmean2": 0.0984583199024,
        "dvar": 0.00324196927249,
        "dvar2": 0.00858893245459,
        "max": 0.927814245224,
        "mean": 0.503342330456,
        "median": 0.503544926643,
        "min": 0.0936597958207,
        "var": 0.0133643941954
    },
    "silence_rate_20dB": {
        "dmean": 0,
        "dmean2": 0,
        "dvar": 0,
        "dvar2": 0,
        "max": 1,
        "mean": 1,
        "median": 1,
        "min": 1,
        "var": 0
    },
    "silence_rate_30dB": {
        "dmean": 0.000198807159904,
        "dmean2": 0.000397653842811,
        "dvar": 0.000198764450033,
        "dvar2": 0.00039750218275,
        "max": 1,
        "mean": 0.99980121851,
        "median": 1,
        "min": 0,
        "var": 0.000198744688532
    },
    "silence_rate_60dB": {
        "dmean": 0.0180914513767,
        "dmean2": 0.0361865013838,
        "dvar": 0.0177604481578,
        "dvar2": 0.0396511740983,
        "max": 1,
        "mean": 0.187158331275,
        "median": 0,
        "min": 0,
        "var": 0.152138397098
    },
    "spectral_centroid": {
        "dmean": 229.623977661,
        "dmean2": 348.419952393,
        "dvar": 83851.703125,
        "dvar2": 153717.890625,
        "max": 11762.4335938,
        "mean": 1771.73303223,
        "median": 1561.68408203,
        "min": 183.270278931,
        "var": 2221114.75
    },
    "spectral_complexity": {
        "dmean": 2.39980125427,
        "dmean2": 3.821652174,
        "dvar": 8.19057655334,
        "dvar2": 19.0703659058,
        "max": 58,
        "mean": 15.1129112244,
        "median": 14,
        "min": 0,
        "var": 103.426315308
    },
    "spectral_decrease": {
        "dmean": 1.03743691415e-09,
        "dmean2": 1.66039371141e-09,
        "dvar": 3.45177341099e-18,
        "dvar2": 8.86457285147e-18,
        "max": 5.12326308119e-22,
        "mean": -3.8566079219e-09,
        "median": -2.75784040049e-09,
        "min": -2.9535785373e-08,
        "var": 1.37380952003e-17
    },
    "spectral_energy": {
        "dmean": 0.00420933542773,
        "dmean2": 0.00668729795143,
        "dvar": 5.40302535228e-05,
        "dvar2": 0.000136546965223,
        "max": 0.116604596376,
        "mean": 0.0161289721727,
        "median": 0.0113441459835,
        "min": 9.89223517406e-21,
        "var": 0.000242483685724
    },
    "spectral_energyband_high": {
        "dmean": 0.00028093912988,
        "dmean2": 0.000395343144191,
        "dvar": 4.2841597292e-07,
        "dvar2": 7.75907153638e-07,
        "max": 0.0152553338557,
        "mean": 0.000728108279873,
        "median": 0.000229891258641,
        "min": 6.81120468877e-21,
        "var": 1.68465669503e-06
    },
    "spectral_energyband_low": {
        "dmean": 0.00231452728622,
        "dmean2": 0.00392123265192,
        "dvar": 3.60123012797e-05,
        "dvar2": 9.82960264082e-05,
        "max": 0.0944821238518,
        "mean": 0.00536276074126,
        "median": 0.00443236064166,
        "min": 1.63618239886e-23,
        "var": 4.23648016294e-05
    },
    "spectral_energyband_middle_high": {
        "dmean": 0.00159090943635,
        "dmean2": 0.00237440061755,
        "dvar": 1.00231909528e-05,
        "dvar2": 2.2055590307e-05,
        "max": 0.0806885361671,
        "mean": 0.00533498311415,
        "median": 0.00176746235229,
        "min": 1.06956391908e-21,
        "var": 6.62168749841e-05
    },
    "spectral_energyband_middle_low": {
        "dmean": 0.00182902486995,
        "dmean2": 0.00285439076833,
        "dvar": 1.04599739643e-05,
        "dvar2": 2.56873299804e-05,
        "max": 0.098636418581,
        "mean": 0.00494720134884,
        "median": 0.00320781907067,
        "min": 1.29672210916e-22,
        "var": 3.58970137313e-05
    },
    "spectral_entropy": {
        "dmean": 0.142580479383,
        "dmean2": 0.206314429641,
        "dvar": 0.0231916978955,
        "dvar2": 0.045212071389,
        "max": 9.82816123962,
        "mean": 7.6097369194,
        "median": 7.61889886856,
        "min": 5.32053279877,
        "var": 0.315297961235
    },
    "spectral_flux": {
        "dmean": 0.0145455691963,
        "dmean2": 0.0232468545437,
        "dvar": 0.00037977079046,
        "dvar2": 0.000837367086206,
        "max": 0.267728745937,
        "mean": 0.0561062097549,
        "median": 0.0467030107975,
        "min": 6.36617078498e-11,
        "var": 0.0016983167734
    },
    "spectral_kurtosis": {
        "dmean": 1.26779389381,
        "dmean2": 2.0997569561,
        "dvar": 3.15025186539,
        "dvar2": 8.47496128082,
        "max": 62.8642196655,
        "mean": 4.26538801193,
        "median": 3.73883533478,
        "min": -1.26865935326,
        "var": 12.2743721008
    },
    "spectral_rms": {
        "dmean": 0.000454906286905,
        "dmean2": 0.000708495383151,
        "dvar": 3.82148670042e-07,
        "dvar2": 9.26252482714e-07,
        "max": 0.0106658600271,
        "mean": 0.00346820126288,
        "median": 0.0033267789986,
        "min": 3.10659961297e-12,
        "var": 3.70723250853e-06
    },
    "spectral_rolloff": {
        "dmean": 472.535583496,
        "dmean2": 768.164367676,
        "dvar": 760577.0625,
        "dvar2": 1457818.75,
        "max": 19681.3476562,
        "mean": 2060.96899414,
        "median": 1335.05859375,
        "min": 86.1328125,
        "var": 8231792.5
    },
    "spectral_skewness": {
        "dmean": 0.17385405302,
        "dmean2": 0.276818931103,
        "dvar": 0.0352129861712,
        "dvar2": 0.0818298012018,
        "max": 6.22826910019,
        "mean": 1.51788425446,
        "median": 1.48759746552,
        "min": -0.554535448551,
        "var": 0.298662483692
    },
    "spectral_spread": {
        "dmean": 537065.5,
        "dmean2": 778321.4375,
        "dvar": 591572697088,
        "dvar2": 1.15964837888e+12,
        "max": 42617480,
        "mean": 5485643,
        "median": 4486909.5,
        "min": 1215029,
        "var": 2.60981087273e+13
    },
    "spectral_strongpeak": {
        "dmean": 0.503090083599,
        "dmean2": 0.861534416676,
        "dvar": 1.24808371067,
        "dvar2": 3.13811683655,
        "max": 13.7108449936,
        "mean": 0.795940577984,
        "median": 0.197840765119,
        "min": 0,
        "var": 2.17641401291
    },
    "zerocrossingrate": {
        "dmean": 0.0102746319026,
        "dmean2": 0.011974953115,
        "dvar": 0.000192437320948,
        "dvar2": 0.000191622821148,
        "max": 0.52978515625,
        "mean": 0.0758830085397,
        "median": 0.06103515625,
        "min": 0.0048828125,
        "var": 0.00536566786468
    },
    "barkbands": {
        "dmean": [6.39020945528e-05, 0.00176870671567, 0.000704723817762, 0.000226214368013, 0.000570066156797, 0.000305884896079, 0.000420091062551, 0.000499879417475, 0.000620085280389, 0.000616836943664, 0.000247910589678, 0.000339757621987, 0.000443073775386, 0.000320117134834, 0.000341740029398, 0.000138007904752, 0.000140006872243, 0.000184825374163, 0.000220286674448, 0.000141747630551, 5.90171657677e-05, 5.71033015149e-05, 7.51305778977e-05, 6.93625042913e-05, 4.17801056756e-05, 2.28883636737e-05, 1.89851607502e-06],
        "dmean2": [0.000100710793049, 0.00296432897449, 0.00124450575095, 0.000393396301661, 0.000967687694356, 0.000490425096359, 0.00065081048524, 0.000770958780777, 0.000955022696871, 0.000991767738014, 0.000388076907257, 0.000536451290827, 0.000707646482624, 0.000523661263287, 0.000540842709597, 0.000220639674808, 0.000228924967814, 0.000288286682917, 0.000326756184222, 0.000214295476326, 9.33855335461e-05, 8.76257108757e-05, 0.000112492634798, 9.9792421679e-05, 6.04706037848e-05, 3.29217873514e-05, 3.01502473121e-06],
        "dvar": [1.49665702054e-08, 1.87599362107e-05, 4.46802732768e-06, 6.68264988235e-07, 1.5097451751e-06, 4.22894373742e-07, 8.95495077202e-07, 2.22311041398e-06, 3.74655633095e-06, 3.94899325329e-06, 4.57775314544e-07, 9.1232880095e-07, 2.26850579566e-06, 9.68540803115e-07, 1.06040522496e-06, 1.2089385848e-07, 1.05130546046e-07, 1.96215992787e-07, 3.55999191015e-07, 1.41991847613e-07, 2.13175308517e-08, 2.94741777651e-08, 3.68197987655e-08, 5.0276359076e-08, 1.26677299761e-08, 4.2466563599e-09, 4.2138556533e-11],
        "dvar2": [3.35808358898e-08, 5.10662175657e-05, 1.27561615955e-05, 1.88466412965e-06, 4.22145740231e-06, 1.01863440705e-06, 2.11628457691e-06, 4.86835460833e-06, 9.32476814341e-06, 9.82661640592e-06, 1.04803689283e-06, 2.07159814636e-06, 5.34063474333e-06, 2.52934250966e-06, 2.42425403485e-06, 2.89226989025e-07, 2.76858060033e-07, 4.55804666899e-07, 6.98533483501e-07, 3.0003241136e-07, 4.89926215153e-08, 6.5476790212e-08, 7.77695277066e-08, 9.97526186097e-08, 2.40112054684e-08, 8.59445670187e-09, 1.04270203583e-10],
        "max": [0.00283445743844, 0.0760979503393, 0.035053241998, 0.0236434265971, 0.0263553950936, 0.0189117174596, 0.0208302978426, 0.0313471704721, 0.0938010364771, 0.0521242693067, 0.0213809125125, 0.0275838430971, 0.059685498476, 0.036642100662, 0.0343058593571, 0.0110531477258, 0.00683454656973, 0.0128968497738, 0.0165250506252, 0.00875635724515, 0.00483117857948, 0.00663586519659, 0.00399018637836, 0.00918783433735, 0.00371193001047, 0.00163897534367, 0.000170792583958],
        "mean": [0.000177523790626, 0.00419611297548, 0.000857637031004, 0.000253396574408, 0.000995106529444, 0.000576903112233, 0.000797713757493, 0.000820148619823, 0.00127426930703, 0.00109999196138, 0.000416309834691, 0.000543163565453, 0.000736067770049, 0.000483904790599, 0.000582384411246, 0.000249799486483, 0.000270093820291, 0.000388514337828, 0.000476447952678, 0.000291756499792, 0.000128818821395, 0.000110326604045, 0.000151338419528, 0.000134495596285, 7.9539604485e-05, 3.49437505065e-05, 2.26696693062e-06],
        "median": [0.000116790506581, 0.00350139173679, 0.00036530662328, 9.05405468075e-05, 0.000571815879084, 0.000309240102069, 0.000316908292007, 0.000202725394047, 0.000224049421377, 0.000155134504894, 8.00098569016e-05, 0.000120116470498, 0.000116944225738, 9.01848761714e-05, 0.000112407840788, 9.14452539291e-05, 8.7323031039e-05, 0.000100418765214, 8.83992106537e-05, 6.15414246568e-05, 4.63226060674e-05, 3.04062104988e-05, 3.60194171662e-05, 2.53368289123e-05, 1.57322883751e-05, 4.94277264806e-06, 2.05004297982e-07],
        "min": [5.60642089486e-26, 1.99858738642e-24, 3.76368052375e-25, 3.85337869254e-25, 5.14851489742e-24, 6.56980559036e-24, 4.42105458633e-24, 3.47044682439e-24, 1.31310985827e-23, 1.10045031316e-23, 1.32342303131e-23, 2.45898104686e-23, 2.40135917535e-23, 1.72773791107e-23, 3.60958169323e-23, 6.18494086508e-23, 5.19080857045e-23, 7.90749564446e-23, 9.54820200284e-23, 1.56138936048e-22, 2.52042043717e-22, 3.04201678231e-22, 3.34019484489e-22, 5.63297072452e-22, 8.58612668036e-22, 1.21752746673e-21, 1.89544923465e-21],
        "var": [4.66199949756e-08, 2.35478892137e-05, 3.63742287846e-06, 4.77012690681e-07, 1.96834412236e-06, 7.74800241743e-07, 2.38697953137e-06, 4.61783201899e-06, 1.49134612002e-05, 1.09825168693e-05, 1.06531081201e-06, 1.92242418962e-06, 6.63427272229e-06, 1.47740831835e-06, 2.27368627748e-06, 2.68091042699e-07, 2.74716938975e-07, 5.83699261369e-07, 1.20009781313e-06, 4.41763717163e-07, 6.44203907996e-08, 6.86739056732e-08, 9.47825782305e-08, 1.24392755652e-07, 4.00699171621e-08, 8.95960461378e-09, 5.60769070068e-11]
    },
    "erbbands": {
        "dmean": [0.0488564260304, 0.424985647202, 0.890138566494, 0.704070746899, 1.14836716652, 2.31011986732, 2.46768712997, 2.53035163879, 5.28948402405, 6.55931282043, 12.33634758, 14.6340446472, 13.4085731506, 19.0397853851, 10.5489654541, 13.2886819839, 19.9866027832, 13.8147954941, 19.2382602692, 11.5690765381, 7.19023418427, 6.05102682114, 8.0920791626, 9.76186275482, 11.8442411423, 6.31035757065, 2.66955518723, 2.09644889832, 1.94176661968, 2.10565447807, 2.29862642288, 1.6763780117, 1.06487262249, 0.557937443256, 0.267338097095, 0.102848753333, 0.044161722064, 0.00814782269299, 0.000178599919309, 9.3456274044e-06],
        "dmean2": [0.0787655860186, 0.720823228359, 1.57147371769, 1.23353099823, 1.93727827072, 3.98122477531, 3.94898581505, 4.09412240982, 8.35313796997, 9.95819759369, 19.023065567, 22.5851192474, 21.0157775879, 30.5008411407, 16.4075183868, 20.7619304657, 31.794960022, 22.0810451508, 30.7779006958, 17.9859142303, 11.5063791275, 9.8106508255, 12.5278453827, 15.0063791275, 17.0664463043, 9.54692649841, 4.28319263458, 3.28177237511, 2.99058651924, 3.16949081421, 3.45820903778, 2.47478580475, 1.53128099442, 0.818291306496, 0.384964257479, 0.146493300796, 0.0647386834025, 0.0119286924601, 0.000262061541434, 1.37355882543e-05],
        "dvar": [0.0095317652449, 1.25712025166, 7.39526748657, 5.94686746597, 7.4985370636, 26.2603168488, 20.0156593323, 38.7517433167, 150.908920288, 279.637176514, 1452.08618164, 1957.40478516, 2560.54760742, 3944.73999023, 675.766479492, 1646.80834961, 5160.29882812, 1644.13256836, 3730.46166992, 1033.5480957, 336.539367676, 201.27053833, 362.826965332, 581.216430664, 1106.19812012, 281.952972412, 40.666229248, 34.2031517029, 36.8997459412, 30.8253479004, 36.5298957825, 28.0028514862, 11.4355573654, 2.42672586441, 0.523196578026, 0.0892393216491, 0.017469137907, 0.000627975852694, 2.95465270028e-07, 3.65219271492e-10],
        "dvar2": [0.025467665866, 3.44254922867, 21.0164890289, 16.8187904358, 20.1845035553, 74.640335083, 49.2137718201, 93.1288986206, 362.1875, 622.067626953, 3244.03149414, 4663.67089844, 6348.0390625, 9649.63085938, 1498.66125488, 3755.73999023, 12037.7636719, 4026.85205078, 9202.46582031, 2340.40527344, 816.377197266, 525.785339355, 791.666625977, 1313.40148926, 2107.77978516, 614.032104492, 100.497612, 77.0658416748, 85.7230758667, 64.8388290405, 77.6516342163, 55.9820823669, 23.0458908081, 4.88067054749, 0.926417708397, 0.170335561037, 0.0371697098017, 0.00136281107552, 6.46412900096e-07, 7.77399977725e-10],
        "max": [1.55400896072, 20.4724845886, 41.1944160461, 70.0331726074, 51.8032836914, 110.216003418, 89.4855575562, 188.05241394, 274.842468262, 529.193786621, 835.275268555, 1320.41149902, 1858.46508789, 1862.57800293, 874.351074219, 1307.5267334, 2911.99047852, 1203.50195312, 2127.49462891, 860.083068848, 736.134094238, 422.762084961, 710.944152832, 736.47644043, 1026.7713623, 503.301025391, 226.310775757, 170.121780396, 225.709350586, 160.551376343, 131.567825317, 233.24180603, 105.451911926, 46.2308120728, 30.0544891357, 12.437289238, 2.85790228844, 0.450286835432, 0.0112323332578, 0.000358034681994],
        "mean": [0.130103066564, 0.887497425079, 1.24165511131, 0.888383090496, 1.69548940659, 3.64056825638, 4.71112823486, 4.84705018997, 9.66757678986, 13.2710237503, 21.1754207611, 29.5940799713, 27.4815864563, 34.137752533, 20.7739772797, 23.1753482819, 34.5770454407, 23.188741684, 33.3139381409, 22.458442688, 14.236371994, 13.3819952011, 18.6337108612, 22.5929260254, 26.6670303345, 14.4875154495, 5.98654603958, 4.31399393082, 3.76579046249, 4.13773965836, 4.55112934113, 3.31609010696, 1.97805225849, 1.03165411949, 0.494936347008, 0.173964112997, 0.062289275229, 0.0108363637701, 0.000250238284934, 2.85005407932e-05],
        "median": [0.100829645991, 0.680962085724, 0.711599826813, 0.397240430117, 0.785944998264, 1.85618591309, 2.3892967701, 2.58101558685, 4.29609107971, 4.61447286606, 6.29423332214, 5.87122535706, 5.06186342239, 5.81324481964, 5.39592981339, 5.2108631134, 5.9596362114, 4.67902326584, 5.69161128998, 5.85154533386, 5.69106054306, 4.86099863052, 5.89215517044, 5.46219778061, 4.46305656433, 3.15564751625, 2.12221980095, 1.48179733753, 1.04630923271, 1.13448917866, 1.01189422607, 0.71159106493, 0.336150050163, 0.178786247969, 0.102485664189, 0.0292182136327, 0.00769333401695, 0.00123746949248, 3.91052526538e-05, 1.63251661434e-05],
        "min": [6.22510145822e-23, 3.93639294542e-22, 1.01117841759e-21, 4.68045932446e-21, 7.08971817817e-21, 1.63762745825e-20, 4.11988063892e-20, 6.56087996369e-20, 1.06145987552e-19, 5.49589978843e-20, 2.30448020863e-19, 2.25876736454e-19, 4.20135398723e-19, 6.43489906393e-19, 7.56653694262e-19, 1.09485667237e-18, 1.295384278e-18, 1.83707011958e-18, 2.21141484169e-18, 2.76122628522e-18, 3.769146482e-18, 4.24252292141e-18, 4.9839137375e-18, 5.25739329649e-18, 5.61147540232e-18, 8.10077164463e-18, 8.81652275687e-18, 9.16033293385e-18, 1.20066291616e-17, 9.67830350727e-18, 1.00765281065e-17, 9.81961325285e-18, 7.92891908211e-18, 7.81892804888e-18, 6.05816203209e-18, 3.33235479352e-18, 2.34151566959e-18, 8.21884485284e-19, 2.26121349271e-19, 2.52776216997e-20],
        "var": [0.0192600749433, 1.36630213261, 6.11995887756, 4.37251806259, 8.61625289917, 31.8248958588, 45.3677330017, 66.8948135376, 302.922424316, 1012.23925781, 2754.99682617, 7209.06933594, 8836.33203125, 9541.27734375, 1784.48620605, 3540.79394531, 15519.90625, 2697.08911133, 8098.78466797, 3551.80444336, 714.866088867, 547.839660645, 1164.50695801, 1950.75500488, 3895.78613281, 975.704406738, 121.553825378, 81.5791320801, 81.5676422119, 76.1499252319, 91.9752120972, 69.2651672363, 28.0094833374, 7.00849342346, 1.62392163277, 0.232961192727, 0.0305446647108, 0.000992408953607, 4.80650271584e-07, 1.1784457854e-09]
    },
    "gfcc": {
        "mean": [-66.0077438354, 84.7063598633, -114.075973511, 32.5533294678, -55.6022262573, 19.9115543365, -33.621181488, 16.7359390259, -19.3549766541, 6.68541574478, -8.5529718399, 3.17502617836, -10.0412597656],
        "cov": [[43811.4765625, -2.08592033386, -3293.39453125, 1419.80810547, -1272.75830078, 1166.26818848, -338.195678711, 1491.75219727, -451.973968506, 684.368164062, -257.635894775, 377.283782959, -602.000305176], [-2.08592033386, 1375.0559082, -403.491424561, -35.3117866516, 82.5951385498, -192.960327148, 21.8569126129, -113.156509399, 61.3960800171, -109.667640686, 89.3071289062, -67.0803604126, 65.3069229126], [-3293.39453125, -403.491424561, 878.107727051, -66.8321990967, 53.0923271179, 32.7304725647, 9.76212692261, -57.1952209473, 20.5098724365, 22.45844841, -57.2595939636, 25.5507278442, 5.64546632767], [1419.80810547, -35.3117866516, -66.8321990967, 382.329162598, 54.8558540344, 59.0360603333, 15.5392065048, 61.6178627014, 48.5645980835, 26.6269073486, 9.87509822845, 12.8672246933, 8.70827960968], [-1272.75830078, 82.5951385498, 53.0923271179, 54.8558540344, 345.791015625, 11.7324924469, 129.541656494, 41.852809906, 81.0832901001, 10.3850679398, 47.7982368469, -5.42379570007, 17.4669799805], [1166.26818848, -192.960327148, 32.7304725647, 59.0360603333, 11.7324924469, 240.554519653, 54.5732154846, 81.0300674438, -4.87653779984, 54.8041191101, -3.63938331604, 15.2542724609, -22.2312831879], [-338.195678711, 21.8569126129, 9.76212692261, 15.5392065048, 129.541656494, 54.5732154846, 242.149307251, 79.5768737793, 44.9480895996, 20.6250076294, 55.4930801392, 7.49329042435, -6.25913953781], [1491.75219727, -113.156509399, -57.1952209473, 61.6178627014, 41.852809906, 81.0300674438, 79.5768737793, 202.952056885, 35.9890899658, 54.4343185425, 11.693775177, 24.5814037323, -33.4273338318], [-451.973968506, 61.3960800171, 20.5098724365, 48.5645980835, 81.0832901001, -4.87653779984, 44.9480895996, 35.9890899658, 139.933502197, 19.5776596069, 26.5198459625, 6.1417927742, 15.1505994797], [684.368164062, -109.667640686, 22.45844841, 26.6269073486, 10.3850679398, 54.8041191101, 20.6250076294, 54.4343185425, 19.5776596069, 104.556297302, 13.42253685, 23.4812545776, -14.1180992126], [-257.635894775, 89.3071289062, -57.2595939636, 9.87509822845, 47.7982368469, -3.63938331604, 55.4930801392, 11.693775177, 26.5198459625, 13.42253685, 105.505516052, 10.9347877502, 5.84218072891], [377.283782959, -67.0803604126, 25.5507278442, 12.8672246933, -5.42379570007, 15.2542724609, 7.49329042435, 24.5814037323, 6.1417927742, 23.4812545776, 10.9347877502, 87.6528930664, 9.36205673218], [-602.000305176, 65.3069229126, 5.64546632767, 8.70827960968, 17.4669799805, -22.2312831879, -6.25913953781, -33.4273338318, 15.1505994797, -14.1180992126, 5.84218072891, 9.36205673218, 98.1143341064]],
        "icov": [[0.000143588767969, -0.000179832408321, 0.000417870818637, -0.000384812359698, 0.000396926305257, -0.000395754468627, 0.000219746929361, -0.000742302800063, 0.000443195545813, -0.000575760146603, 0.000529329001438, -0.000532245787326, 0.000479592650663], [-0.000179832408321, 0.00137801095843, -8.3051600086e-06, 0.000585834844969, -0.000676519761328, 0.000974240538199, -0.00043614351307, 0.00144303473644, -0.0010986130219, 0.00134649884421, -0.00121608027257, 0.00113458069973, -0.000939598190598], [0.000417870818637, -8.3051600086e-06, 0.00279698194936, -0.000794241204858, 0.00075470173033, -0.00122811761685, 0.000360758946044, -0.00114938069601, 0.000666007341351, -0.00185298919678, 0.00236690184101, -0.00194397824816, 0.00137288752012], [-0.000384812359698, 0.000585834844969, -0.000794241204858, 0.00406777486205, -0.00149280240294, 0.000394699338358, -0.000114069633128, 0.00150350900367, -0.00208827294409, 0.00150138279423, -0.0013665718725, 0.00126301706769, -0.0017068592133], [0.000396926305257, -0.000676519761328, 0.00075470173033, -0.00149280240294, 0.00530145782977, -0.000958889140747, -0.00117340183351, -0.00227311137132, -0.000151117375935, -0.00149112613872, 0.000788518518675, -0.000768096186221, 0.000799535482656], [-0.000395754468627, 0.000974240538199, -0.00122811761685, 0.000394699338358, -0.000958889140747, 0.00687997741625, -0.00172039121389, 0.000863690220285, -0.000253768550465, -0.000219991896302, -0.00103380018845, 0.00173361913767, -0.00122328917496], [0.000219746929361, -0.00043614351307, 0.000360758946044, -0.000114069633128, -0.00117340183351, -0.00172039121389, 0.00692325783893, -0.00319518172182, 0.000402155012125, -0.000205684831599, -0.00175536447205, -0.000684962200467, 0.000878313730936], [-0.000742302800063, 0.00144303473644, -0.00114938069601, 0.00150350900367, -0.00227311137132, 0.000863690220285, -0.00319518172182, 0.0121196974069, -0.00397066771984, 0.000956598843914, -0.00163762434386, 0.00125844113063, -0.000328457506839], [0.000443195545813, -0.0010986130219, 0.000666007341351, -0.00208827294409, -0.000151117375935, -0.000253768550465, 0.000402155012125, -0.00397066771984, 0.0110477022827, -0.00332097266801, 0.000649972818792, -0.00150475197006, 0.000160911033163], [-0.000575760146603, 0.00134649884421, -0.00185298919678, 0.00150138279423, -0.00149112613872, -0.000219991896302, -0.000205684831599, 0.000956598843914, -0.00332097266801, 0.0155436638743, -0.00413356814533, 0.000209814767004, -0.000951609923504], [0.000529329001438, -0.00121608027257, 0.00236690184101, -0.0013665718725, 0.000788518518675, -0.00103380018845, -0.00175536447205, -0.00163762434386, 0.000649972818792, -0.00413356814533, 0.0145822819322, -0.00380975310691, 0.00179788074456], [-0.000532245787326, 0.00113458069973, -0.00194397824816, 0.00126301706769, -0.000768096186221, 0.00173361913767, -0.000684962200467, 0.00125844113063, -0.00150475197006, 0.000209814767004, -0.00380975310691, 0.0152651453391, -0.00407373672351], [0.000479592650663, -0.000939598190598, 0.00137288752012, -0.0017068592133, 0.000799535482656, -0.00122328917496, 0.000878313730936, -0.000328457506839, 0.000160911033163, -0.000951609923504, 0.00179788074456, -0.00407373672351, 0.0134772341698]]
    },
    "melbands": {
        "dmean": [0.000458637106931, 0.000492564693559, 0.000126661849208, 0.000128581275931, 8.60195796122e-05, 5.68631039641e-05, 8.23585069156e-05, 7.67726014601e-05, 0.000104498307337, 8.98394646356e-05, 6.99366501067e-05, 8.34406309878e-05, 3.77662399842e-05, 3.97892981709e-05, 4.21447475674e-05, 3.80290039175e-05, 2.70000473392e-05, 3.38109894074e-05, 1.96693617909e-05, 1.15157081382e-05, 8.91132276593e-06, 5.69825579078e-06, 9.4991255537e-06, 1.00492725323e-05, 8.27003714221e-06, 9.46052841755e-06, 7.57837233323e-06, 3.74732849195e-06, 1.89808338291e-06, 1.65255823958e-06, 1.24458870232e-06, 1.09141217308e-06, 1.37869596983e-06, 1.19973913115e-06, 1.41042096402e-06, 1.28498959384e-06, 1.05406672901e-06, 8.64976698267e-07, 5.57320220196e-07, 4.76524661508e-07],
        "dmean2": [0.00075736339204, 0.000855890975799, 0.000218661240069, 0.000219532521442, 0.000139782729093, 9.17922807275e-05, 0.000129228443257, 0.00011640242883, 0.000161448930157, 0.000138561998028, 0.000109636341222, 0.000134189263918, 5.87747053942e-05, 6.23007872491e-05, 6.71610468999e-05, 6.0408248828e-05, 4.37765957031e-05, 5.44184549653e-05, 3.08475464408e-05, 1.80248971446e-05, 1.44302366607e-05, 9.22935487324e-06, 1.53969485837e-05, 1.56433015945e-05, 1.28304964164e-05, 1.41552172863e-05, 1.12281704787e-05, 5.80429650654e-06, 3.10878112941e-06, 2.64126833827e-06, 1.97232793653e-06, 1.71127146587e-06, 2.15530212699e-06, 1.82341148047e-06, 2.14830538425e-06, 1.96164160116e-06, 1.57431998105e-06, 1.26136012568e-06, 8.24649077913e-07, 7.20597370218e-07],
        "dvar": [1.05230435565e-06, 2.09204858947e-06, 1.49256734971e-07, 8.95092568953e-08, 2.40448922995e-08, 1.83670287868e-08, 3.53386084839e-08, 3.61807543925e-08, 9.67139541785e-08, 8.26813888466e-08, 6.68839632567e-08, 7.85345761756e-08, 9.86435377826e-09, 1.20640795132e-08, 2.22229203928e-08, 1.46046170713e-08, 6.80151579502e-09, 1.15295364367e-08, 4.03341671174e-09, 8.95346519147e-10, 5.27504873116e-10, 1.80847253839e-10, 7.18140380496e-10, 6.13313011488e-10, 4.50436965505e-10, 7.09894587558e-10, 4.48924092344e-10, 1.1407234185e-10, 2.13409810657e-11, 1.87747803415e-11, 1.38303665395e-11, 1.21701121403e-11, 1.89476160456e-11, 9.23279508402e-12, 1.38942902322e-11, 1.17841569836e-11, 1.29630212814e-11, 8.5638900485e-12, 2.66547959919e-12, 1.89187446091e-12],
        "dvar2": [2.83813005808e-06, 5.84446661378e-06, 4.17360894289e-07, 2.51444220112e-07, 6.04008363325e-08, 4.44495604768e-08, 8.41068228397e-08, 7.97283092879e-08, 2.21174360604e-07, 2.02837313168e-07, 1.6463599195e-07, 1.92694699308e-07, 2.21583000837e-08, 2.64896033997e-08, 5.35714050898e-08, 3.43381323376e-08, 1.72400262954e-08, 2.90216402021e-08, 8.89013307415e-09, 2.08912620536e-09, 1.29444321928e-09, 4.71953365277e-10, 1.78167491871e-09, 1.41114508967e-09, 1.04665032197e-09, 1.44550271752e-09, 8.75162997627e-10, 2.69248956464e-10, 5.51318331266e-11, 4.39290860632e-11, 3.32170194128e-11, 2.94465424266e-11, 4.44958271617e-11, 1.99725930239e-11, 3.05984161619e-11, 2.48544951981e-11, 2.68003917669e-11, 1.82237419599e-11, 5.41885460115e-12, 4.05306734355e-12],
        "max": [0.0155205335468, 0.0233406294137, 0.0107374545187, 0.00684399809688, 0.00253707007505, 0.00427098898217, 0.0041439444758, 0.00507653132081, 0.00647745095193, 0.0112305367365, 0.00951700471342, 0.00837030261755, 0.00353582436219, 0.00386439403519, 0.00574763817713, 0.00358240539208, 0.00209928792901, 0.00393281225115, 0.00186092185322, 0.000970933120698, 0.000929052359425, 0.000469983264338, 0.00136718014255, 0.00074740947457, 0.000694396847393, 0.000728237209842, 0.000697357987519, 0.000370510853827, 0.00014692361583, 0.000121321376355, 0.000110541106551, 0.000125844715512, 0.000173134554643, 6.91550812917e-05, 8.10795099824e-05, 8.90980809345e-05, 0.000164428973221, 8.87645146577e-05, 4.71520397696e-05, 4.42625314463e-05],
        "mean": [0.00116983940825, 0.000858040410094, 0.000169240491232, 0.000201642949833, 0.000167971025803, 0.000107746942376, 0.000152801905642, 0.000150858642883, 0.00018108500808, 0.000182591611519, 0.000137217706651, 0.000145095982589, 6.84061524225e-05, 6.47026390652e-05, 7.17984803487e-05, 6.17872137809e-05, 4.08281230193e-05, 5.59059699299e-05, 3.37754318025e-05, 2.19546709559e-05, 1.58036764333e-05, 1.13970754683e-05, 1.84375767276e-05, 1.97978697543e-05, 1.72854397533e-05, 2.01419024961e-05, 1.62138439919e-05, 7.75005264586e-06, 3.60648823516e-06, 3.22047617374e-06, 2.21344043894e-06, 1.94422500499e-06, 2.44791203841e-06, 2.19195840145e-06, 2.63146648649e-06, 2.40887015934e-06, 1.92096513274e-06, 1.5198068013e-06, 9.57394490797e-07, 8.44876353767e-07],
        "median": [0.000978410593234, 0.000606451067142, 8.14908416942e-05, 0.000102241290733, 9.08123402041e-05, 5.72436474613e-05, 6.70141598675e-05, 5.00151218148e-05, 4.83897529193e-05, 3.20431499858e-05, 2.27568307309e-05, 2.22988801397e-05, 1.56819369295e-05, 1.42282624438e-05, 1.17197432701e-05, 1.21189414131e-05, 7.34535205993e-06, 8.58095336298e-06, 7.30864258003e-06, 6.61970307192e-06, 5.96689915255e-06, 4.23504252467e-06, 4.70443183076e-06, 4.87581155539e-06, 3.83878750654e-06, 3.60095009455e-06, 2.3907718969e-06, 1.71443684849e-06, 1.18581090192e-06, 9.64235027823e-07, 7.35747732961e-07, 5.08595121573e-07, 6.00395651418e-07, 5.87353554238e-07, 5.59953718948e-07, 5.13539703206e-07, 3.39834031138e-07, 2.22999801736e-07, 1.47602406741e-07, 1.33743952802e-07],
        "min": [1.14480253844e-24, 4.70380600059e-25, 9.57184298088e-25, 7.36565935307e-25, 1.41374602724e-24, 1.4130214585e-24, 1.46099997875e-24, 5.26225542653e-25, 1.7539200073e-24, 1.45732812706e-24, 1.8117999152e-24, 1.93628177162e-24, 2.63359970752e-24, 2.41329886125e-24, 2.71247159855e-24, 2.59732906639e-24, 2.43099971668e-24, 2.24650250589e-24, 2.42823199819e-24, 2.95171674224e-24, 3.72486945468e-24, 3.29336589219e-24, 2.47181754928e-24, 3.68790106608e-24, 3.69346569091e-24, 3.45436786699e-24, 3.16197775576e-24, 4.27702436225e-24, 4.77139875839e-24, 5.40958880843e-24, 4.03549645232e-24, 5.19068306268e-24, 5.43334141029e-24, 5.39862876945e-24, 4.50442732325e-24, 5.47526384538e-24, 5.02876028998e-24, 5.09719081807e-24, 4.82566173905e-24, 6.03880635454e-24],
        "var": [1.58473244483e-06, 1.91089884538e-06, 1.18926379855e-07, 1.0595353217e-07, 5.29310995034e-08, 3.12057757412e-08, 7.40339345384e-08, 1.1840322145e-07, 1.87218518022e-07, 3.10509193469e-07, 2.28173433925e-07, 1.88555375757e-07, 2.37806947467e-08, 2.80662639796e-08, 6.40241708538e-08, 3.35008323304e-08, 1.00981614182e-08, 2.43344331352e-08, 7.88046783384e-09, 3.31848815094e-09, 1.00260777458e-09, 3.93837185086e-10, 1.72884251359e-09, 1.67102864879e-09, 1.2830575491e-09, 2.31585395305e-09, 1.56217438985e-09, 3.08975844909e-10, 4.96526118832e-11, 4.85131310124e-11, 2.51774590759e-11, 2.34023599111e-11, 3.79389818173e-11, 2.0998185829e-11, 3.21405992099e-11, 2.9461658807e-11, 2.91480936609e-11, 1.86080734155e-11, 6.46522765879e-12, 5.08927015114e-12]
    },
    "mfcc": {
        "mean": [-689.731994629, 109.681228638, 1.51126742363, 18.0563869476, 4.75180625916, 3.68556213379, 3.00874304771, 8.10268115997, -2.89050340652, 9.39067745209, 1.82909560204, 1.85765230656, 2.90041613579],
        "cov": [[18104.046875, 737.017028809, -878.796936035, 231.086776733, -63.9671974182, 63.4936828613, 472.040557861, 598.659851074, 120.862564087, 675.560668945, 444.181304932, 139.425582886, 63.7304000854], [737.017028809, 1435.19299316, -223.011260986, 86.1731643677, -19.7242641449, -53.9270935059, -31.6782054901, 15.6351737976, -51.1921310425, -2.36550068855, -8.36660003662, 15.583568573, 26.0308933258], [-878.796936035, -223.011260986, 573.635192871, -33.8291358948, 12.3155965805, 55.8700714111, -49.3754653931, -52.6577911377, 29.4328613281, -65.4818725586, -52.8183021545, 12.6237516403, 10.1458215714], [231.086776733, 86.1731643677, -33.8291358948, 274.123901367, 56.2590751648, 8.01599979401, -1.04338002205, 26.8852043152, 34.0264511108, 2.50421285629, 19.2647590637, 30.5499477386, 42.3001327515], [-63.9671974182, -19.7242641449, 12.3155965805, 56.2590751648, 183.935791016, 31.5079364777, -5.60592126846, 3.33213996887, 35.930393219, 11.9130191803, 12.1168556213, 9.97193431854, 12.0756034851], [63.4936828613, -53.9270935059, 55.8700714111, 8.01599979401, 31.5079364777, 148.046707153, 39.9602470398, 11.1760597229, 32.1966819763, -4.89616012573, 30.4826660156, 21.5569610596, -2.15916728973], [472.040557861, -31.6782054901, -49.3754653931, -1.04338002205, -5.60592126846, 39.9602470398, 190.831436157, 61.3934936523, 24.6751461029, 42.6894378662, 55.6907310486, 20.6296043396, -3.46388506889], [598.659851074, 15.6351737976, -52.6577911377, 26.8852043152, 3.33213996887, 11.1760597229, 61.3934936523, 148.376541138, 26.550157547, 58.6128425598, 50.9392280579, 21.3581409454, 12.5387010574], [120.862564087, -51.1921310425, 29.4328613281, 34.0264511108, 35.930393219, 32.1966819763, 24.6751461029, 26.550157547, 138.215454102, 3.68787431717, 26.0681533813, 23.4856090546, -1.59027647972], [675.560668945, -2.36550068855, -65.4818725586, 2.50421285629, 11.9130191803, -4.89616012573, 42.6894378662, 58.6128425598, 3.68787431717, 161.168945312, 47.2352752686, -0.00620835553855, 6.80380916595], [444.181304932, -8.36660003662, -52.8183021545, 19.2647590637, 12.1168556213, 30.4826660156, 55.6907310486, 50.9392280579, 26.0681533813, 47.2352752686, 131.138931274, 36.2969245911, 0.999384641647], [139.425582886, 15.583568573, 12.6237516403, 30.5499477386, 9.97193431854, 21.5569610596, 20.6296043396, 21.3581409454, 23.4856090546, -0.00620835553855, 36.2969245911, 96.7880554199, 24.6815776825], [63.7304000854, 26.0308933258, 10.1458215714, 42.3001327515, 12.0756034851, -2.15916728973, -3.46388506889, 12.5387010574, -1.59027647972, 6.80380916595, 0.999384641647, 24.6815776825, 96.2633972168]],
