{
"lowlevel": {
    "average_loudness": 0.102600067854,
    "barkbands_crest": {
        "dmean": 2.39412689209,
        "dmean2": 3.84815049171,
        "dvar": 5.40161800385,
        "dvar2": 13.272146225,
        "max": 26.4751644135,
        "mean": 11.3113164902,
        "median": 10.3242969513,
        "min": 2.5371158123,
        "var": 23.5682945251
    },
    "barkbands_flatness_db": {
        "dmean": 0.0181187856942,
        "dmean2": 0.0273368172348,
        "dvar": 0.000327412068145,
        "dvar2": 0.00068446516525,
        "max": 0.507300257683,
        "mean": 0.157698571682,
        "median": 0.142664432526,
        "min": 0.0173268057406,
        "var": 0.00513144442812
    },
    "barkbands_kurtosis": {
        "dmean": 3.01349401474,
        "dmean2": 4.67512798309,
        "dvar": 47.0917549133,
        "dvar2": 100.789901733,
        "max": 401.760467529,
        "mean": 5.70261907578,
        "median": 2.33938336372,
        "min": -1.9310580492,
        "var": 180.352050781
    },
    "barkbands_skewness": {
        "dmean": 0.491716623306,
        "dmean2": 0.751092135906,
        "dvar": 0.343996793032,
        "dvar2": 0.759629666805,
        "max": 13.3745994568,
        "mean": 1.16431474686,
        "median": 1.08479070663,
        "min": -5.22157096863,
        "var": 2.2131588459
    },
    "barkbands_spread": {
        "dmean": 4.80478429794,
        "dmean2": 7.26800441742,
        "dvar": 47.429775238,
        "dvar2": 93.6180877686,
        "max": 113.232917786,
        "mean": 20.9720954895,
        "median": 17.6783351898,
        "min": 0.234758809209,
        "var": 262.048187256
    },
    "dissonance": {
        "dmean": 0.0288923569024,
        "dmean2": 0.0487045682967,
        "dvar": 0.000881752115674,
        "dvar2": 0.00244718976319,
        "max": 0.5,
        "mean": 0.440014153719,
        "median": 0.45351177454,
        "min": 0.185700014234,
        "var": 0.00218438357115
    },
    "dynamic_complexity": 7.87925338745,
    "erbbands_crest": {
        "dmean": 2.9859187603,
        "dmean2": 4.79256248474,
        "dvar": 8.40107154846,
        "dvar2": 20.153213501,
        "max": 34.2000846863,
        "mean": 13.2590293884,
        "median": 11.2861585617,
        "min": 2.4173116684,
        "var": 55.3801193237
    },
    "erbbands_flatness_db": {
        "dmean": 0.0183053016663,
        "dmean2": 0.0262662917376,
        "dvar": 0.000347150547896,
        "dvar2": 0.000649187713861,
        "max": 0.535623967648,
        "mean": 0.181127056479,
        "median": 0.168170928955,
        "min": 0.0518448241055,
        "var": 0.00484688486904
    },
    "erbbands_kurtosis": {
        "dmean": 2.18838691711,
        "dmean2": 3.38238120079,
        "dvar": 17.0453205109,
        "dvar2": 40.3640289307,
        "max": 97.626701355,
        "mean": 4.27146863937,
        "median": 1.11622643471,
        "min": -1.86069238186,
        "var": 89.4720840454
    },
    "erbbands_skewness": {
        "dmean": 0.432394981384,
        "dmean2": 0.656216442585,
        "dvar": 0.200979202986,
        "dvar2": 0.447219133377,
        "max": 8.0195274353,
        "mean": 0.826554059982,
        "median": 0.618534803391,
        "min": -4.48899173737,
        "var": 1.68927443027
    },
    "erbbands_spread": {
        "dmean": 7.10099172592,
        "dmean2": 10.7081775665,
        "dvar": 87.7377624512,
        "dvar2": 177.962753296,
        "max": 150.860809326,
        "mean": 31.1999282837,
        "median": 25.7578639984,
        "min": 0.667667329311,
        "var": 543.480529785
    },
    "hfc": {
        "dmean": 3.67311763763,
        "dmean2": 5.20151615143,
        "dvar": 48.4904556274,
        "dvar2": 100.398551941,
        "max": 165.264480591,
        "mean": 14.8808631897,
        "median": 5.29745674133,
        "min": 1.08658213654e-16,
        "var": 464.292266846
    },
    "melbands_crest": {
        "dmean": 3.02732539177,
        "dmean2": 4.8466668129,
        "dvar": 8.6032705307,
        "dvar2": 21.839630127,
        "max": 38.4004440308,
        "mean": 15.3408203125,
        "median": 14.0593299866,
        "min": 1.62642025948,
        "var": 44.2595367432
    },
    "melbands_flatness_db": {
        "dmean": 0.0197941344231,
        "dmean2": 0.0299531295896,
        "dvar": 0.000464593758807,
        "dvar2": 0.000978301861323,
        "max": 0.613234519958,
        "mean": 0.218092113733,
        "median": 0.202998533845,
        "min": 0.00322483689524,
        "var": 0.0078471377492
    },
    "melbands_kurtosis": {
        "dmean": 5.91573429108,
        "dmean2": 9.46116447449,
        "dvar": 297.15447998,
        "dvar2": 771.971008301,
        "max": 860.183044434,
        "mean": 11.2055072784,
        "median": 5.55842590332,
        "min": -1.90720069408,
        "var": 640.329345703
    },
    "melbands_skewness": {
        "dmean": 0.626145422459,
        "dmean2": 0.962596178055,
        "dvar": 0.619619488716,
        "dvar2": 1.39395523071,
        "max": 19.1596813202,
        "mean": 1.80853915215,
        "median": 1.72166836262,
        "min": -4.46056413651,
        "var": 3.54734325409
    },
    "melbands_spread": {
        "dmean": 6.02101039886,
        "dmean2": 9.23315143585,
        "dvar": 84.7887649536,
        "dvar2": 178.347564697,
        "max": 244.444000244,
        "mean": 24.9442081451,
        "median": 18.9713973999,
        "min": 0.171428978443,
        "var": 506.354736328
    },
    "pitch_salience": {
        "dmean": 0.0631937757134,
        "dmean2": 0.101688988507,
        "dvar": 0.00331838405691,
        "dvar2": 0.00824919715524,
        "max": 0.863331317902,
        "mean": 0.500809371471,
        "median": 0.513491630554,
        "min": 0.0818491652608,
        "var": 0.0177231486887
    },
    "silence_rate_20dB": {
        "dmean": 0,
        "dmean2": 0,
        "dvar": 0,
        "dvar2": 0,
        "max": 1,
        "mean": 1,
        "median": 1,
        "min": 1,
        "var": 0
    },
    "silence_rate_30dB": {
        "dmean": 0.00144242332317,
        "dmean2": 0.00288507784717,
        "dvar": 0.00144026277121,
        "dvar2": 0.00367782032117,
        "max": 1,
        "mean": 0.998878180981,
        "median": 1,
        "min": 0,
        "var": 0.00112040515523
    },
    "silence_rate_60dB": {
        "dmean": 0.0301306191832,
        "dmean2": 0.0602660700679,
        "dvar": 0.0292269475758,
        "dvar2": 0.0664320290089,
        "max": 1,
        "mean": 0.287740379572,
        "median": 0,
        "min": 0,
        "var": 0.204931989312
    },
    "spectral_centroid": {
        "dmean": 187.08807373,
        "dmean2": 288.217254639,
        "dvar": 76262.6015625,
        "dvar2": 166329.359375,
        "max": 11842.5751953,
        "mean": 1358.49609375,
        "median": 1216.3684082,
        "min": 123.386375427,
        "var": 1155652.875
    },
    "spectral_complexity": {
        "dmean": 1.64243924618,
        "dmean2": 2.6318321228,
        "dvar": 3.32146811485,
        "dvar2": 7.5798830986,
        "max": 44,
        "mean": 9.79495239258,
        "median": 9,
        "min": 0,
        "var": 48.8163909912
    },
    "spectral_decrease": {
        "dmean": 9.32227517403e-10,
        "dmean2": 1.42928335833e-09,
        "dvar": 2.98684310602e-18,
        "dvar2": 7.15310307688e-18,
        "max": 1.70676128339e-28,
        "mean": -3.47724160576e-09,
        "median": -1.83691328814e-09,
        "min": -3.17929575999e-08,
        "var": 1.98766918616e-17
    },
    "spectral_energy": {
        "dmean": 0.00378748448566,
        "dmean2": 0.00576841551811,
        "dvar": 4.82879877381e-05,
        "dvar2": 0.000114245864097,
        "max": 0.13081972301,
        "mean": 0.0144736412913,
        "median": 0.00747899245471,
        "min": 9.72466889992e-21,
        "var": 0.000345927663147
    },
    "spectral_energyband_high": {
        "dmean": 0.000165376419318,
        "dmean2": 0.000227085474762,
        "dvar": 2.57845812257e-07,
        "dvar2": 4.94550761232e-07,
        "max": 0.0200994089246,
        "mean": 0.000425482488936,
        "median": 0.000112556379463,
        "min": 6.64582995857e-21,
        "var": 9.30217595396e-07
    },
    "spectral_energyband_low": {
        "dmean": 0.00127077463549,
        "dmean2": 0.00208985968493,
        "dvar": 1.65529345395e-05,
        "dvar2": 4.16675356973e-05,
        "max": 0.0777941569686,
        "mean": 0.00267470581457,
        "median": 0.00184248201549,
        "min": 1.48002343837e-23,
        "var": 1.97855842998e-05
    },
    "spectral_energyband_middle_high": {
        "dmean": 0.00210847659037,
        "dmean2": 0.00301244365983,
        "dvar": 2.71900971711e-05,
        "dvar2": 5.67557108297e-05,
        "max": 0.12584207952,
        "mean": 0.00759186921641,
        "median": 0.00095789891202,
        "min": 1.26672472029e-21,
        "var": 0.000258336076513
    },
    "spectral_energyband_middle_low": {
        "dmean": 0.00175147096161,
        "dmean2": 0.00277362088673,
        "dvar": 1.59800620168e-05,
        "dvar2": 3.88495391235e-05,
        "max": 0.114184394479,
        "mean": 0.0043570282869,
        "median": 0.00226921122521,
        "min": 1.38101852331e-22,
        "var": 4.5693879656e-05
    },
    "spectral_entropy": {
        "dmean": 0.156921669841,
        "dmean2": 0.225132539868,
        "dvar": 0.0308698173612,
        "dvar2": 0.0564036518335,
        "max": 9.82196903229,
        "mean": 7.36073350906,
        "median": 7.44320774078,
        "min": 4.87104892731,
        "var": 0.445641100407
    },
    "spectral_flux": {
        "dmean": 0.016319591552,
        "dmean2": 0.0259866528213,
        "dvar": 0.000570206204429,
        "dvar2": 0.00129039108288,
        "max": 0.334444820881,
        "mean": 0.051102232188,
        "median": 0.0393916293979,
        "min": 6.49788556295e-11,
        "var": 0.00197105621919
    },
    "spectral_kurtosis": {
        "dmean": 1.7423825264,
        "dmean2": 2.82907342911,
        "dvar": 11.1028862,
        "dvar2": 28.3897151947,
        "max": 99.1882095337,
        "mean": 6.19686794281,
        "median": 4.47610330582,
        "min": -1.37582826614,
        "var": 55.3394889832
    },
    "spectral_rms": {
        "dmean": 0.000425406964496,
        "dmean2": 0.000637229648419,
        "dvar": 3.61179758102e-07,
        "dvar2": 7.93519177478e-07,
        "max": 0.011297300458,
        "mean": 0.00308809033595,
        "median": 0.0027012177743,
        "min": 3.08017565447e-12,
        "var": 4.584400358e-06
    },
    "spectral_rolloff": {
        "dmean": 405.489105225,
        "dmean2": 676.649475098,
        "dvar": 894052.125,
        "dvar2": 1920104.875,
        "max": 19939.7460938,
        "mean": 1656.45446777,
        "median": 1076.66015625,
        "min": 43.06640625,
        "var": 5054897
    },
    "spectral_skewness": {
        "dmean": 0.210384324193,
        "dmean2": 0.32562404871,
        "dvar": 0.0728463456035,
        "dvar2": 0.16431003809,
        "max": 7.93276071548,
        "mean": 1.84502613544,
        "median": 1.71537649632,
        "min": -0.134706705809,
        "var": 0.707321941853
    },
    "spectral_spread": {
        "dmean": 559500.5625,
        "dmean2": 769691,
        "dvar": 738998157312,
        "dvar2": 1.33308940288e+12,
        "max": 46373636,
        "mean": 5339911.5,
        "median": 4789536,
        "min": 803502.625,
        "var": 1.39321378079e+13
    },
    "spectral_strongpeak": {
        "dmean": 0.568667888641,
        "dmean2": 0.917758703232,
        "dvar": 1.14567422867,
        "dvar2": 2.72468400002,
        "max": 18.3534011841,
        "mean": 1.54012656212,
        "median": 0.26417863369,
        "min": 0,
        "var": 6.66514062881
    },
    "zerocrossingrate": {
        "dmean": 0.00890906900167,
        "dmean2": 0.0104532027617,
        "dvar": 0.000178532543941,
        "dvar2": 0.000201994625968,
        "max": 0.5283203125,
        "mean": 0.0669774785638,
        "median": 0.05517578125,
        "min": 0.00146484375,
        "var": 0.00342859560624
    },
    "barkbands": {
        "dmean": [6.08243753959e-05, 0.00071458495222, 0.000626307504717, 0.000309903902235, 0.000423347286414, 0.000418681971496, 0.000309374736389, 0.000282932654954, 0.000487818178954, 0.000860683212522, 0.000672621652484, 0.000750277657062, 0.000299960200209, 0.00019422871992, 0.000226818927331, 0.000215664345887, 0.000104635313619, 6.78209107718e-05, 5.6951528677e-05, 3.7140565837e-05, 2.63340025413e-05, 4.55683693872e-05, 3.24838656525e-05, 3.26034532918e-05, 3.83588921977e-05, 1.14761596706e-05, 3.24879295022e-07],
        "dmean2": [8.94360491657e-05, 0.00113979645539, 0.00112181843724, 0.00055571802659, 0.000722763244994, 0.000665877130814, 0.000471788225695, 0.000437688169768, 0.00072217755951, 0.00127009511925, 0.000994367175736, 0.00105135503691, 0.000454231572803, 0.00029394205194, 0.000342280050972, 0.000319686019793, 0.000156201887876, 0.000103514750663, 8.66466070875e-05, 5.75078775e-05, 4.14176902268e-05, 7.20937969163e-05, 4.61850249849e-05, 4.48044447694e-05, 5.8650111896e-05, 1.61093557836e-05, 5.19495074514e-07],
        "dvar": [2.65439208391e-08, 3.40261976817e-06, 8.20007153379e-06, 1.1047497992e-06, 1.46136892454e-06, 7.26080770619e-07, 6.61790863887e-07, 2.62719981947e-06, 4.76861896459e-06, 1.20003178381e-05, 1.0572730389e-05, 9.46206091612e-06, 1.46788988786e-06, 9.0583932888e-07, 1.09737050025e-06, 7.52566108986e-07, 2.09508229432e-07, 4.1923421179e-08, 1.87106579119e-08, 5.87505777361e-09, 4.57957316513e-09, 2.62676280727e-08, 1.61664335252e-08, 1.91966424978e-08, 2.41783730814e-08, 8.33330238148e-10, 8.68428159245e-13],
        "dvar2": [5.2757986424e-08, 7.75670378061e-06, 2.34151266341e-05, 3.23176641359e-06, 4.28409884989e-06, 1.82872463483e-06, 1.39097210194e-06, 6.11153109276e-06, 1.01346322481e-05, 2.43899448833e-05, 2.13756975427e-05, 1.72925974766e-05, 3.07582013193e-06, 1.9046642592e-06, 2.26386828217e-06, 1.44933380852e-06, 4.35378069596e-07, 8.93400837754e-08, 3.82973510682e-08, 1.32217268245e-08, 1.01902974947e-08, 6.09781523053e-08, 3.10810470694e-08, 3.39947909822e-08, 6.04355463452e-08, 1.63291002941e-09, 2.09953473877e-12],
        "max": [0.00343025592156, 0.0323882550001, 0.0452385544777, 0.0211159996688, 0.0231124795973, 0.025810694322, 0.0337819643319, 0.0805069804192, 0.0645492747426, 0.119762927294, 0.0976456478238, 0.109714634717, 0.0358481407166, 0.0378658808768, 0.0536035113037, 0.0454974249005, 0.022006129846, 0.00930677074939, 0.00536849210039, 0.00245253671892, 0.00150539854076, 0.00366823864169, 0.00696214800701, 0.0105332015082, 0.00317675201222, 0.000536093197297, 3.0330988011e-05],
        "mean": [0.000184191158041, 0.0016804728657, 0.000637822318822, 0.000351431634044, 0.000690726505127, 0.000813521968666, 0.000617405050434, 0.000427565508289, 0.000821447465569, 0.00211770739406, 0.0016129212454, 0.00188323063776, 0.00053384702187, 0.000324798020301, 0.000419996940764, 0.000424328376539, 0.000197895380552, 0.000137829658343, 0.000128042360302, 8.69859286468e-05, 5.98341503064e-05, 9.21622413443e-05, 7.28104059817e-05, 6.9197769335e-05, 6.70158260618e-05, 2.00707872864e-05, 4.07355685184e-07],
        "median": [7.91200000094e-06, 0.00116777699441, 0.000162626573001, 9.19164012885e-05, 0.000319706974551, 0.00037257745862, 0.00016426682123, 7.09609448677e-05, 8.29644486657e-05, 6.73142058076e-05, 4.00907629228e-05, 3.59362238669e-05, 2.87540351565e-05, 1.79145972652e-05, 2.26058364206e-05, 4.20876167482e-05, 3.50869195245e-05, 3.35485019605e-05, 3.61033089575e-05, 2.65519993263e-05, 1.71560241142e-05, 1.27809726109e-05, 9.61208570516e-06, 9.42479528021e-06, 1.22184619613e-05, 3.44123600371e-06, 5.36110320581e-08],
        "min": [2.44803506932e-25, 2.21625028182e-24, 1.48077435506e-24, 1.14551793668e-24, 8.83838259374e-24, 8.76886422647e-24, 1.18476455557e-23, 5.82137262324e-24, 1.41989014929e-23, 1.74846018264e-23, 1.31029528145e-23, 1.53510533553e-23, 1.65717840517e-23, 3.19099284872e-23, 4.2721727888e-23, 4.13799354416e-23, 7.65053777299e-23, 6.13919639891e-23, 9.81975632541e-23, 1.79923205936e-22, 1.89216290322e-22, 2.87226073126e-22, 3.95507089974e-22, 6.31730566653e-22, 8.5654411066e-22, 1.35912721667e-21, 1.99683924225e-21],
        "var": [2.17342858377e-07, 5.63191224501e-06, 5.4258871387e-06, 8.29577402328e-07, 1.57045712967e-06, 2.12421787182e-06, 2.61201034846e-06, 3.60070021088e-06, 1.30358876049e-05, 7.12160544936e-05, 5.8497502323e-05, 6.50991860311e-05, 4.02144678446e-06, 1.94842050405e-06, 4.24182462666e-06, 2.87032776214e-06, 5.47128934159e-07, 1.1374949338e-07, 6.80540495068e-08, 2.1451311838e-08, 1.44416842929e-08, 6.10324448758e-08, 5.66330555785e-08, 6.84496228587e-08, 3.75188129453e-08, 2.00185823473e-09, 1.21579385014e-12]
    },
    "erbbands": {
        "dmean": [0.0269922763109, 0.151274055243, 0.6410369277, 0.885664343834, 1.25317549706, 1.42773342133, 2.45066094398, 3.82472920418, 4.40426778793, 4.35643672943, 6.13883972168, 11.3078632355, 22.4030952454, 22.6302013397, 28.6783390045, 25.1528091431, 14.5945110321, 9.83629417419, 11.001452446, 10.0139074326, 10.4732780457, 4.7441906929, 3.71985650063, 3.06291413307, 2.48976111412, 1.85186517239, 1.06172740459, 1.21505630016, 1.76863384247, 1.21471238136, 0.936382234097, 0.766412317753, 0.484926402569, 0.264943689108, 0.360952466726, 0.114800043404, 0.011249630712, 0.00139446079265, 3.66714957636e-05, 5.72813178223e-06],
        "dmean2": [0.043389339, 0.247252434492, 1.13964653015, 1.5843719244, 2.24322652817, 2.37444996834, 3.91546368599, 6.08572483063, 6.76174640656, 6.69059467316, 9.44773960114, 16.8691272736, 32.9625015259, 31.8820724487, 43.4389381409, 35.5425186157, 21.7559070587, 14.8011579514, 16.4770736694, 14.7824907303, 14.8664398193, 6.87472772598, 5.59197330475, 4.70913219452, 3.79115176201, 2.86486697197, 1.65706443787, 1.93029141426, 2.87982845306, 1.7317712307, 1.35879194736, 1.07440161705, 0.683328688145, 0.366995990276, 0.570872485638, 0.172149628401, 0.015751928091, 0.00200521852821, 5.22681657458e-05, 8.38389860291e-06],
        "dvar": [0.00532180583104, 0.172788366675, 8.12540912628, 11.5179271698, 16.7059707642, 14.4048452377, 38.5130233765, 69.4859237671, 104.144432068, 219.25881958, 2132.08837891, 2571.77734375, 8722.00878906, 10531.2285156, 18194.5625, 10939.8339844, 2850.03540039, 2047.81164551, 2074.21435547, 2266.67602539, 1841.60144043, 367.143280029, 142.980316162, 54.1297836304, 47.0406417847, 15.7783689499, 4.92350816727, 15.940779686, 41.3232002258, 16.7232189178, 14.3373308182, 14.3564729691, 3.65778946877, 0.667570710182, 2.73693990707, 0.139711529016, 0.00078706163913, 1.18347079479e-05, 8.2322664241e-09, 1.1091247365e-10],
        "dvar2": [0.0131047405303, 0.40865111351, 22.9364356995, 33.3429450989, 50.6233024597, 39.3281326294, 101.480453491, 170.151428223, 234.67427063, 472.061462402, 5131.49853516, 5875.39111328, 17301.7910156, 19878.5878906, 43288.46875, 22230.6953125, 6115.08398438, 4099.90136719, 4531.32177734, 4701.56445312, 3378.26220703, 729.668151855, 306.46182251, 118.054237366, 95.1242370605, 36.2676429749, 11.2249736786, 36.580696106, 100.725997925, 32.2520103455, 28.6642913818, 26.4063854218, 6.77226305008, 1.22236561775, 7.12342596054, 0.329789996147, 0.0015197036555, 2.42441037699e-05, 1.68704961112e-08, 2.39246483735e-10],
        "max": [1.17607057095, 6.45847129822, 44.2759895325, 67.7860107422, 87.7390975952, 116.071327209, 204.77281189, 326.60925293, 322.109161377, 497.158416748, 2532.49633789, 1979.58154297, 3277.25512695, 4487.39208984, 4434.49902344, 5692.31884766, 1781.25, 2240.15112305, 2793.24267578, 2489.0715332, 2268.46704102, 1025.74621582, 577.344177246, 228.72833252, 354.266113281, 141.090682983, 63.1425247192, 83.5600509644, 132.284698486, 152.184936523, 214.263168335, 367.575653076, 88.7140197754, 36.4333267212, 34.958530426, 7.15481233597, 0.707572281361, 0.103426091373, 0.0024189746473, 0.000191761922906],
        "mean": [0.0657939910889, 0.312741160393, 0.700681626797, 1.02886176109, 1.53558945656, 2.34884858131, 4.59767150879, 7.20886087418, 9.28990364075, 8.15942764282, 9.26166152954, 21.2116641998, 51.4765510559, 58.454498291, 87.0631027222, 75.0669403076, 30.247423172, 18.0975894928, 22.5715122223, 18.81665802, 22.4383296967, 10.6127243042, 8.32119846344, 6.81721401215, 5.83734083176, 4.36378526688, 2.613540411, 2.63744139671, 3.33370923996, 2.58296370506, 2.09410476685, 1.63864088058, 0.990844905376, 0.569966375828, 0.557085931301, 0.184344857931, 0.0216021202505, 0.0023294382263, 6.93289766787e-05, 2.12435952562e-05],
        "median": [0.0306197926402, 0.201168715954, 0.232639849186, 0.328557491302, 0.49001711607, 1.03769922256, 1.95251941681, 3.1198797226, 2.98385667801, 2.02806568146, 1.86897683144, 2.61655926704, 2.58189916611, 2.6202545166, 2.20242118835, 2.05253410339, 2.25685453415, 1.63385224342, 1.6268992424, 2.04099655151, 2.77833843231, 2.0916492939, 2.12647199631, 1.99748122692, 1.56997799873, 1.34608268738, 0.88245677948, 0.638140559196, 0.45596075058, 0.317798107862, 0.288436025381, 0.20275528729, 0.148282513022, 0.114923298359, 0.0897663533688, 0.0293928869069, 0.0041610468179, 0.000433391425759, 1.92647621589e-05, 1.07570995169e-05],
        "min": [3.6314530196e-23, 7.50616373178e-22, 2.14404911851e-21, 5.79528553268e-21, 1.17793831181e-20, 3.08240421903e-20, 3.78499430611e-20, 8.3660924369e-20, 1.67960729439e-19, 1.31734703479e-19, 2.33406251378e-19, 3.15172615489e-19, 4.39582957761e-19, 4.60729675025e-19, 9.7231224276e-19, 1.36367568899e-18, 9.42931200992e-19, 2.19582931139e-18, 2.32520614945e-18, 2.22723322334e-18, 2.82114083814e-18, 4.76972565764e-18, 5.00732418961e-18, 7.25048374167e-18, 6.54201430037e-18, 9.44153960053e-18, 6.65069673387e-18, 8.0169732855e-18, 1.00284341713e-17, 9.94860958784e-18, 1.11517636411e-17, 9.96243839332e-18, 9.95887324488e-18, 7.69291700872e-18, 6.21555961341e-18, 3.63759581328e-18, 2.30221673228e-18, 9.03537654898e-19, 2.50053855741e-19, 2.59456088185e-20],
        "var": [0.00978207867593, 0.244350925088, 5.60904693604, 7.9599366188, 13.0986442566, 18.5787849426, 104.247055054, 196.931686401, 444.211547852, 622.227294922, 2329.08496094, 7621.47998047, 43329.5546875, 67920.8359375, 162244.359375, 120345.484375, 9215.54199219, 4238.33056641, 8683.97070312, 5370.50634766, 7132.35449219, 1221.48913574, 433.467132568, 173.997161865, 169.015441895, 54.0997428894, 19.225736618, 38.8360939026, 83.6959915161, 55.9491119385, 47.1708984375, 49.0601577759, 11.7823419571, 2.55224609375, 3.23882889748, 0.218338534236, 0.00223818281665, 2.79747455352e-05, 1.98519796157e-08, 6.89584778168e-10]
    },
    "gfcc": {
        "mean": [-100.904167175, 87.7604980469, -109.03729248, 22.9028778076, -60.7844467163, 18.8212394714, -37.8719825745, 15.9704790115, -26.9145450592, 8.10524177551, -11.9550075531, 6.59763240814, -4.53350973129],
        "cov": [[29492.6660156, -743.991271973, -1927.45654297, 932.064575195, -505.044677734, 524.006225586, -748.703186035, 457.847137451, -436.546966553, 293.836730957, -413.831512451, 257.663848877, -291.646362305], [-743.991271973, 1623.05249023, 224.550720215, -203.341934204, 186.491882324, -147.13381958, 194.181945801, -39.386554718, 96.2706375122, -26.9665260315, 171.653717041, -100.341835022, 190.758529663], [-1927.45654297, 224.550720215, 1472.13891602, 249.986083984, -131.807128906, 0.989857673645, -25.8112430573, -18.2274093628, 139.307952881, 78.8787689209, -49.8002738953, 87.545463562, -6.86280679703], [932.064575195, -203.341934204, 249.986083984, 557.937805176, -3.52482175827, -15.4433946609, -154.73059082, 38.8703155518, 77.3267211914, 64.8977279663, -68.6128921509, 73.1958312988, -35.4653739929], [-505.044677734, 186.491882324, -131.807128906, -3.52482175827, 464.442077637, 64.1186065674, 86.9669036865, 30.1905174255, 44.4908103943, 18.6696281433, 91.5304489136, -14.3238449097, 55.1324691772], [524.006225586, -147.13381958, 0.989857673645, -15.4433946609, 64.1186065674, 308.984802246, 99.1764068604, -21.9722557068, -71.8498382568, 14.9927883148, 34.332572937, 29.5044193268, -42.2905464172], [-748.703186035, 194.181945801, -25.8112430573, -154.73059082, 86.9669036865, 99.1764068604, 305.342132568, 21.7186031342, -43.7177200317, -33.3873443604, 74.6083374023, -26.1332931519, 30.6987438202], [457.847137451, -39.386554718, -18.2274093628, 38.8703155518, 30.1905174255, -21.9722557068, 21.7186031342, 197.479370117, 70.9934997559, 13.7797584534, -17.5368537903, 10.284825325, 25.7942314148], [-436.546966553, 96.2706375122, 139.307952881, 77.3267211914, 44.4908103943, -71.8498382568, -43.7177200317, 70.9934997559, 215.833084106, 45.4551887512, -2.98056006432, -0.971718966961, 37.4353599548], [293.836730957, -26.9665260315, 78.8787689209, 64.8977279663, 18.6696281433, 14.9927883148, -33.3873443604, 13.7797584534, 45.4551887512, 128.788391113, 30.0327625275, 12.5466785431, -19.0396575928], [-413.831512451, 171.653717041, -49.8002738953, -68.6128921509, 91.5304489136, 34.332572937, 74.6083374023, -17.5368537903, -2.98056006432, 30.0327625275, 173.319580078, 11.2057294846, 32.2671394348], [257.663848877, -100.341835022, 87.545463562, 73.1958312988, -14.3238449097, 29.5044193268, -26.1332931519, 10.284825325, -0.971718966961, 12.5466785431, 11.2057294846, 123.882263184, 10.8760757446], [-291.646362305, 190.758529663, -6.86280679703, -35.4653739929, 55.1324691772, -42.2905464172, 30.6987438202, 25.7942314148, 37.4353599548, -19.0396575928, 32.2671394348, 10.8760757446, 139.546676636]],
        "icov": [[6.833174848e-05, -0.000116498638818, 0.000144978330354, -0.000111785513582, 0.000113038506242, -0.000224823161261, 0.000195800006622, -0.000248940865276, 0.00019854385755, -0.000218337678234, 0.000191596322111, -0.000142766322824, 5.47023519175e-05], [-0.000116498638818, 0.00126676796935, -0.000524214468896, 0.000311605108436, -0.000412894063629, 0.000926234642975, -0.000770001090132, 0.000807169359177, -0.000539624248631, 0.000539919827133, -0.00108585879207, 0.0010904421797, -0.00107317685615], [0.000144978330354, -0.000524214468896, 0.00126575713512, -0.00057936104713, 0.000616969889961, -0.000661271740682, 7.89138211985e-05, -0.000148907696712, -0.000223479102715, -0.000887296569999, 0.000915571057703, -0.00104231538717, 0.000309026392642], [-0.000111785513582, 0.000311605108436, -0.00057936104713, 0.00283926422708, -0.000638547178824, 0.000357517768862, 0.000650068686809, 6.11537398072e-05, -0.000647880428005, -0.000272420438705, 0.000400849967264, -0.000854693062138, 0.000350386137143], [0.000113038506242, -0.000412894063629, 0.000616969889961, -0.000638547178824, 0.00309028895572, -0.00119004584849, -5.94859375269e-05, -0.00056474719895, -0.000416915980168, -0.000477542576846, -0.000647645269055, 0.000204475640203, -0.000614865974057], [-0.000224823161261, 0.000926234642975, -0.000661271740682, 0.000357517768862, -0.00119004584849, 0.00560069084167, -0.00245838984847, 0.00132720265538, 0.000450719147921, -8.25738388812e-05, -0.000898507714737, -0.000612968113273, 0.000908663729206], [0.000195800006622, -0.000770001090132, 7.89138211985e-05, 0.000650068686809, -5.94859375269e-05, -0.00245838984847, 0.00618369923905, -0.00238345004618, 0.00153488025535, 0.000777449924499, -0.000999394222163, 0.000645760854241, -0.000135342634167], [-0.000248940865276, 0.000807169359177, -0.000148907696712, 6.11537398072e-05, -0.00056474719895, 0.00132720265538, -0.00238345004618, 0.00756570929661, -0.00301050255075, 7.73148567532e-05, 0.00058182887733, -0.000253797625192, -0.0011608392233], [0.00019854385755, -0.000539624248631, -0.000223479102715, -0.000647880428005, -0.000416915980168, 0.000450719147921, 0.00153488025535, -0.00301050255075, 0.00793396867812, -0.00253506936133, 0.000613672076724, 0.000473827851238, -0.00115602673031], [-0.000218337678234, 0.000539919827133, -0.000887296569999, -0.000272420438705, -0.000477542576846, -8.25738388812e-05, 0.000777449924499, 7.73148567532e-05, -0.00253506936133, 0.011294150725, -0.00385155458935, 0.000835331040435, 0.001717589912], [0.000191596322111, -0.00108585879207, 0.000915571057703, 0.000400849967264, -0.000647645269055, -0.000898507714737, -0.000999394222163, 0.00058182887733, 0.000613672076724, -0.00385155458935, 0.00969720259309, -0.00271206442267, -0.000593454344198], [-0.000142766322824, 0.0010904421797, -0.00104231538717, -0.000854693062138, 0.000204475640203, -0.000612968113273, 0.000645760854241, -0.000253797625192, 0.000473827851238, 0.000835331040435, -0.00271206442267, 0.0112205585465, -0.00267971819267], [5.47023519175e-05, -0.00107317685615, 0.000309026392642, 0.000350386137143, -0.000614865974057, 0.000908663729206, -0.000135342634167, -0.0011608392233, -0.00115602673031, 0.001717589912, -0.000593454344198, -0.00267971819267, 0.0105048436671]]
    },
    "melbands": {
        "dmean": [0.000209166886634, 0.000276153237792, 0.000162866243045, 9.54352071858e-05, 7.72274070187e-05, 8.34974198369e-05, 6.63133105263e-05, 4.98558147228e-05, 5.04221279698e-05, 7.8519093222e-05, 0.000118333831779, 9.78207244771e-05, 8.57917766552e-05, 8.27802723506e-05, 4.86424069095e-05, 3.01323834719e-05, 1.95187731151e-05, 1.87642726814e-05, 1.67276375578e-05, 1.576905197e-05, 1.25474562083e-05, 5.9307826632e-06, 4.61394301965e-06, 2.92231106869e-06, 2.82490373138e-06, 2.14228020923e-06, 1.55423072101e-06, 1.29771024149e-06, 7.91571892478e-07, 6.66304913466e-07, 8.35680793898e-07, 1.06340428374e-06, 9.07193623334e-07, 6.64381161641e-07, 6.07492154359e-07, 5.16682291618e-07, 4.74256410143e-07, 3.74758087673e-07, 2.77689593986e-07, 2.18115019379e-07],
        "dmean2": [0.000330838927766, 0.000479189358884, 0.000290306750685, 0.000166406782228, 0.000124389713164, 0.000132241897518, 0.000101724923297, 7.77938839747e-05, 7.7727563621e-05, 0.000115404393, 0.000173406166141, 0.000137862400152, 0.000129624124384, 0.000118135518278, 7.17928269296e-05, 4.55061162938e-05, 2.95407335216e-05, 2.84504803858e-05, 2.45487681241e-05, 2.33587343246e-05, 1.74804536073e-05, 8.63736386236e-06, 6.9462898864e-06, 4.46183821623e-06, 4.3700229071e-06, 3.30093416778e-06, 2.40795043283e-06, 2.02641945179e-06, 1.26747931972e-06, 1.0802854149e-06, 1.3489752746e-06, 1.76126366114e-06, 1.4154713881e-06, 9.55750238063e-07, 9.16663452699e-07, 7.55830342314e-07, 6.75566241171e-07, 5.36221989478e-07, 4.00366928943e-07, 3.12735210173e-07],
        "dvar": [2.93314059263e-07, 1.21772052353e-06, 3.38485307338e-07, 8.46584526926e-08, 3.4964291018e-08, 2.94226314423e-08, 2.43534792332e-08, 2.96436546421e-08, 1.55540305968e-07, 1.20880201848e-07, 2.43456781845e-07, 1.89077496771e-07, 1.56106949589e-07, 1.16966354824e-07, 4.30177244937e-08, 1.69946208217e-08, 9.45528988439e-09, 6.06027628081e-09, 7.54913465073e-09, 4.6292139011e-09, 2.61179500249e-09, 7.5803791022e-10, 2.39333441954e-10, 1.19932411224e-10, 4.91662509317e-11, 4.00531656453e-11, 1.37212394224e-11, 8.29243531481e-12, 2.73537095752e-12, 2.80718178737e-12, 8.40684379749e-12, 1.59639558517e-11, 9.29331091248e-12, 5.42394688191e-12, 6.07907084046e-12, 6.08194527726e-12, 5.41811907839e-12, 2.4099736963e-12, 9.19051184982e-13, 4.33065231896e-13],
        "dvar2": [6.89593093739e-07, 3.33115940521e-06, 9.81706648417e-07, 2.50642813171e-07, 9.37438002779e-08, 7.28645446202e-08, 5.37911475362e-08, 6.50560565418e-08, 3.82610579663e-07, 2.58598817027e-07, 4.71219692599e-07, 3.66039699884e-07, 3.46343369984e-07, 2.32732574545e-07, 9.14569824317e-08, 3.64868490976e-08, 1.92439184588e-08, 1.3297634105e-08, 1.38688029949e-08, 9.38936661754e-09, 4.74463668354e-09, 1.44508616184e-09, 4.78490802536e-10, 2.85071688477e-10, 1.06165992664e-10, 7.96154114857e-11, 2.89170579842e-11, 1.93839232859e-11, 6.44184705578e-12, 7.02811767117e-12, 1.97955315334e-11, 4.05490224731e-11, 2.10463937944e-11, 1.05307975881e-11, 1.31620747287e-11, 1.27684408185e-11, 9.62063848725e-12, 4.68119900482e-12, 1.84724978369e-12, 8.45388104138e-13],
        "max": [0.0094923581928, 0.0177881941199, 0.0112252049148, 0.00503792567179, 0.00567045295611, 0.006290581543, 0.00566463824362, 0.00510139251128, 0.0219607576728, 0.0117119122297, 0.0168365761638, 0.0198283083737, 0.0130362603813, 0.0115027278662, 0.0109355989844, 0.00400764169171, 0.00471432227641, 0.00370283424854, 0.00485074380413, 0.00295450538397, 0.00205359957181, 0.00154351163656, 0.000803858565632, 0.000623982748948, 0.000241926391027, 0.000339382240782, 0.000161157688126, 9.07146531972e-05, 4.36988593719e-05, 4.2107894842e-05, 5.6671724451e-05, 8.96529818419e-05, 8.40061184135e-05, 0.000101922974864, 0.000119603653729, 0.000229283250519, 0.000210955375223, 6.94429691066e-05, 4.3105770601e-05, 3.02031639876e-05],
        "mean": [0.000522509973962, 0.000384324026527, 0.000195454791537, 0.000135733105708, 0.000152015054482, 0.000161024378031, 0.00014041562099, 8.94941113074e-05, 7.10381937097e-05, 0.000140259449836, 0.000262709509116, 0.000240119697992, 0.000235423140111, 0.000236758336541, 0.0001251588983, 5.03959417983e-05, 3.22033520206e-05, 3.52349597961e-05, 2.93790799333e-05, 2.86989288725e-05, 2.43892918661e-05, 1.11693743747e-05, 9.12564610189e-06, 5.82470465815e-06, 5.53466088604e-06, 4.42379086962e-06, 3.3421945318e-06, 2.79864457298e-06, 1.68648125509e-06, 1.39135113386e-06, 1.60215290634e-06, 1.89979550669e-06, 1.72695729361e-06, 1.33085723064e-06, 1.24224538922e-06, 1.07555536033e-06, 9.56531380325e-07, 7.22532490727e-07, 5.48321963834e-07, 4.47959280336e-07],
        "median": [0.000321102212183, 0.000189054699149, 6.76228519296e-05, 5.61072629353e-05, 7.08553998265e-05, 7.15635396773e-05, 4.3739015382e-05, 2.02643350349e-05, 1.2716666788e-05, 1.40087613545e-05, 1.03005168057e-05, 8.17909858597e-06, 5.64942138226e-06, 5.07185268361e-06, 3.93931941289e-06, 3.0259570849e-06, 2.09516838368e-06, 2.20128981709e-06, 1.59666160471e-06, 2.73055934485e-06, 2.92339859698e-06, 1.83099746209e-06, 1.66474490015e-06, 1.47322111843e-06, 1.43195984492e-06, 1.12745578917e-06, 8.38349251353e-07, 8.22809511192e-07, 5.20346418398e-07, 3.83123392567e-07, 3.26219719682e-07, 2.61608477103e-07, 1.8225466647e-07, 1.48799017552e-07, 1.6096686295e-07, 1.40343132671e-07, 1.0972307507e-07, 9.86609194342e-08, 9.15990341355e-08, 9.29521490889e-08],
        "min": [8.00773986789e-25, 1.24891728818e-24, 1.08302851728e-24, 1.25837553322e-24, 1.74125287331e-24, 1.88408757868e-24, 2.42770227809e-24, 1.34329907207e-24, 2.06207550371e-24, 1.80940434185e-24, 2.15550444224e-24, 1.59745477156e-24, 3.44206637003e-24, 1.50935774389e-24, 2.97551154815e-24, 2.47797520029e-24, 3.56242366721e-24, 3.30548969822e-24, 2.92461917293e-24, 2.96829938733e-24, 2.73569250815e-24, 3.45319680298e-24, 3.90247754319e-24, 3.28153889506e-24, 4.23571408323e-24, 3.41971557401e-24, 4.03269086851e-24, 5.71044379161e-24, 3.13471708946e-24, 3.67115512679e-24, 4.72196952293e-24, 5.25331033551e-24, 5.06377861443e-24, 4.38591319958e-24, 5.80713960036e-24, 5.72027378735e-24, 4.81510796343e-24, 5.7863219555e-24, 6.00910337488e-24, 6.02837248578e-24],
        "var": [5.35779520305e-07, 9.81840912573e-07, 2.43330248395e-07, 7.55947553444e-08, 9.15109907851e-08, 8.81587283175e-08, 1.08570432644e-07, 8.08612909964e-08, 1.59235170827e-07, 3.74921398816e-07, 1.18651269077e-06, 1.24179484828e-06, 1.15232808184e-06, 8.9859770469e-07, 3.30198503207e-07, 3.99330488676e-08, 1.85488460147e-08, 1.98186214106e-08, 2.48366163191e-08, 1.47090339908e-08, 8.36541769189e-09, 2.25008789378e-09, 7.34546812264e-10, 2.40108322114e-10, 1.38684189133e-10, 1.20151708027e-10, 4.35690060419e-11, 2.47100829381e-11, 8.74693633496e-12, 7.72251707026e-12, 1.75371210609e-11, 2.74146972484e-11, 2.38535580177e-11, 1.71234051244e-11, 1.65014755332e-11, 1.98644867916e-11, 1.7659543966e-11, 6.90710032572e-12, 2.84257686833e-12, 1.56570253724e-12]
    },
    "mfcc": {
        "mean": [-739.198303223, 117.661521912, 9.18243217468, 13.8098449707, 1.92822611332, 1.10712981224, 2.67288088799, 2.99906945229, -0.356078833342, 0.0179190151393, -2.23829984665, 0.022350795567, 4.11669063568],
        "cov": [[17333.9589844, -407.800720215, -1344.76635742, 387.055145264, 227.733978271, 139.576431274, -17.2047424316, 232.493713379, -81.1655349731, 48.7935676575, -115.53754425, 54.3129653931, 56.9030418396], [-407.800720215, 1745.6817627, 155.269546509, -20.4525661469, 22.9988689423, -51.3839607239, 175.886734009, -25.8965682983, 39.7870178223, 85.3703994751, 21.6374912262, -31.513835907, 13.1073389053], [-1344.76635742, 155.269546509, 1311.0994873, 170.914428711, -16.9454078674, 101.119842529, -162.920379639, -4.93972730637, 23.8800888062, -39.0216178894, 62.6132392883, 29.6693248749, -18.12758255], [387.055145264, -20.4525661469, 170.914428711, 417.450927734, 145.371032715, -21.4652957916, -104.011940002, -4.6099820137, 58.5212745667, -21.3721752167, 18.8254184723, 61.3104934692, 22.5208053589], [227.733978271, 22.9988689423, -16.9454078674, 145.371032715, 321.623016357, 34.7513160706, -44.1506195068, -7.75905323029, 49.3973960876, 21.3504104614, 3.68991303444, 62.7182312012, 50.1994438171], [139.576431274, -51.3839607239, 101.119842529, -21.4652957916, 34.7513160706, 266.726287842, 86.8924560547, 21.1856651306, -43.0535240173, -16.1080474854, 48.9421844482, -7.32694244385, 8.28827667236], [-17.2047424316, 175.886734009, -162.920379639, -104.011940002, -44.1506195068, 86.8924560547, 310.322631836, 61.2323188782, -41.7865829468, 38.9743537903, 15.2728357315, -33.7482147217, -4.30360555649], [232.493713379, -25.8965682983, -4.93972730637, -4.6099820137, -7.75905323029, 21.1856651306, 61.2323188782, 157.376052856, 36.1968650818, 3.05272507668, 4.88569307327, 2.7253112793, 0.744161188602], [-81.1655349731, 39.7870178223, 23.8800888062, 58.5212745667, 49.3973960876, -43.0535240173, -41.7865829468, 36.1968650818, 159.872177124, 39.3377380371, -11.8259973526, 19.6762371063, -0.366286873817], [48.7935676575, 85.3703994751, -39.0216178894, -21.3721752167, 21.3504104614, -16.1080474854, 38.9743537903, 3.05272507668, 39.3377380371, 148.179931641, 32.9584083557, -11.6329135895, -11.2651233673], [-115.53754425, 21.6374912262, 62.6132392883, 18.8254184723, 3.68991303444, 48.9421844482, 15.2728357315, 4.88569307327, -11.8259973526, 32.9584083557, 129.329040527, 34.9115142822, -1.80875039101], [54.3129653931, -31.513835907, 29.6693248749, 61.3104934692, 62.7182312012, -7.32694244385, -33.7482147217, 2.7253112793, 19.6762371063, -11.6329135895, 34.9115142822, 135.390930176, 63.3322525024], [56.9030418396, 13.1073389053, -18.12758255, 22.5208053589, 50.1994438171, 8.28827667236, -4.30360555649, 0.744161188602, -0.366286873817, -11.2651233673, -1.80875039101, 63.3322525024, 119.29839325]],
