{
"lowlevel": {
    "average_loudness": 0.916339874268,
    "barkbands_crest": {
        "dmean": 2.27187514305,
        "dmean2": 3.56959652901,
        "dvar": 4.85916280746,
        "dvar2": 11.1896162033,
        "max": 25.9070968628,
        "mean": 10.5418787003,
        "median": 9.75268745422,
        "min": 2.45126104355,
        "var": 19.0240821838
    },
    "barkbands_flatness_db": {
        "dmean": 0.0202001202852,
        "dmean2": 0.0302387215197,
        "dvar": 0.000440838543,
        "dvar2": 0.000922093226109,
        "max": 0.436010450125,
        "mean": 0.143901854753,
        "median": 0.133094698191,
        "min": 0.0276487469673,
        "var": 0.00370308826678
    },
    "barkbands_kurtosis": {
        "dmean": 4.60883331299,
        "dmean2": 7.20668649673,
        "dvar": 89.0492553711,
        "dvar2": 203.549209595,
        "max": 383.233795166,
        "mean": 9.5007610321,
        "median": 3.65465092659,
        "min": -1.94269406796,
        "var": 261.932373047
    },
    "barkbands_skewness": {
        "dmean": 0.567654848099,
        "dmean2": 0.867327928543,
        "dvar": 0.460725694895,
        "dvar2": 1.0112259388,
        "max": 15.7397642136,
        "mean": 2.12084650993,
        "median": 1.84387087822,
        "min": -2.28059577942,
        "var": 2.76878666878
    },
    "barkbands_spread": {
        "dmean": 5.58620119095,
        "dmean2": 8.44406509399,
        "dvar": 63.2802124023,
        "dvar2": 126.069007874,
        "max": 116.826683044,
        "mean": 20.930765152,
        "median": 17.1798286438,
        "min": 0.412511527538,
        "var": 269.20703125
    },
    "dissonance": {
        "dmean": 0.020155608654,
        "dmean2": 0.0337818525732,
        "dvar": 0.000383389182389,
        "dvar2": 0.00106906099245,
        "max": 0.500000119209,
        "mean": 0.456158518791,
        "median": 0.463724732399,
        "min": 0.223329886794,
        "var": 0.000946682761423
    },
    "dynamic_complexity": 4.09897089005,
    "erbbands_crest": {
        "dmean": 2.45468401909,
        "dmean2": 3.95925164223,
        "dvar": 5.53926181793,
        "dvar2": 13.7809333801,
        "max": 31.5120563507,
        "mean": 9.28517913818,
        "median": 8.12962341309,
        "min": 2.14454960823,
        "var": 21.020406723
    },
    "erbbands_flatness_db": {
        "dmean": 0.0162454936653,
        "dmean2": 0.0235082041472,
        "dvar": 0.000255728547927,
        "dvar2": 0.00049999775365,
        "max": 0.37075483799,
        "mean": 0.139505535364,
        "median": 0.133807271719,
        "min": 0.0420860461891,
        "var": 0.00204940955155
    },
    "erbbands_kurtosis": {
        "dmean": 1.03607976437,
        "dmean2": 1.63268375397,
        "dvar": 3.0767261982,
        "dvar2": 7.07503509521,
        "max": 51.4344596863,
        "mean": 0.846578896046,
        "median": -0.0795576572418,
        "min": -1.84784281254,
        "var": 9.04701519012
    },
    "erbbands_skewness": {
        "dmean": 0.352274030447,
        "dmean2": 0.539146959782,
        "dvar": 0.127830326557,
        "dvar2": 0.279000103474,
        "max": 6.37297773361,
        "mean": 0.597240626812,
        "median": 0.537240684032,
        "min": -5.35549211502,
        "var": 0.727479636669
    },
    "erbbands_spread": {
        "dmean": 9.48990345001,
        "dmean2": 14.3879127502,
        "dvar": 132.395690918,
        "dvar2": 291.989654541,
        "max": 167.416625977,
        "mean": 45.92552948,
        "median": 41.0372238159,
        "min": 3.04187870026,
        "var": 663.866333008
    },
    "hfc": {
        "dmean": 6.97810697556,
        "dmean2": 10.4190826416,
        "dvar": 134.660079956,
        "dvar2": 297.200073242,
        "max": 261.747161865,
        "mean": 21.4205570221,
        "median": 14.6243953705,
        "min": 1.09100755282e-16,
        "var": 480.289031982
    },
    "melbands_crest": {
        "dmean": 2.83748674393,
        "dmean2": 4.48254871368,
        "dvar": 7.79784965515,
        "dvar2": 18.0930423737,
        "max": 34.4995155334,
        "mean": 14.306883812,
        "median": 13.5384931564,
        "min": 1.6518086195,
        "var": 29.9566268921
    },
    "melbands_flatness_db": {
        "dmean": 0.0236074309796,
        "dmean2": 0.0350623987615,
        "dvar": 0.000647959357593,
        "dvar2": 0.00133121258114,
        "max": 0.555152714252,
        "mean": 0.221861839294,
        "median": 0.211745545268,
        "min": 0.00316515099257,
        "var": 0.0063689132221
    },
    "melbands_kurtosis": {
        "dmean": 11.4626932144,
        "dmean2": 18.0903110504,
        "dvar": 658.752563477,
        "dvar2": 1555.56091309,
        "max": 679.377380371,
        "mean": 26.4466247559,
        "median": 12.5193195343,
        "min": -1.8411179781,
        "var": 1675.84509277
    },
    "melbands_skewness": {
        "dmean": 0.785911917686,
        "dmean2": 1.20950186253,
        "dvar": 0.986825823784,
        "dvar2": 2.24910020828,
        "max": 21.4419574738,
        "mean": 3.35824847221,
        "median": 2.98211240768,
        "min": -1.2582154274,
        "var": 5.3784828186
    },
    "melbands_spread": {
        "dmean": 5.05347251892,
        "dmean2": 7.78339576721,
        "dvar": 61.0653991699,
        "dvar2": 126.178710938,
        "max": 266.372558594,
        "mean": 19.622089386,
        "median": 14.9534568787,
        "min": 0.403350889683,
        "var": 340.580047607
    },
    "pitch_salience": {
        "dmean": 0.062340117991,
        "dmean2": 0.099226385355,
        "dvar": 0.00350531889126,
        "dvar2": 0.00848120357841,
        "max": 0.844080150127,
        "mean": 0.550308823586,
        "median": 0.559800028801,
        "min": 0.112214565277,
        "var": 0.0114375157282
    },
    "silence_rate_20dB": {
        "dmean": 0,
        "dmean2": 0,
        "dvar": 0,
        "dvar2": 0,
        "max": 1,
        "mean": 1,
        "median": 1,
        "min": 1,
        "var": 0
    },
    "silence_rate_30dB": {
        "dmean": 0.000317032565363,
        "dmean2": 0.000634115422145,
        "dvar": 0.0003168428957,
        "dvar2": 0.000950414338149,
        "max": 1,
        "mean": 0.99984151125,
        "median": 1,
        "min": 0,
        "var": 0.00015845480084
    },
    "silence_rate_60dB": {
        "dmean": 0.00618213508278,
        "dmean2": 0.0123652508482,
        "dvar": 0.00614384515211,
        "dvar2": 0.0142729207873,
        "max": 1,
        "mean": 0.0863052755594,
        "median": 0,
        "min": 0,
        "var": 0.0788546279073
    },
    "spectral_centroid": {
        "dmean": 202.650390625,
        "dmean2": 314.169403076,
        "dvar": 70044.0625,
        "dvar2": 145706.640625,
        "max": 11474.9726562,
        "mean": 1168.13989258,
        "median": 1006.20739746,
        "min": 136.667648315,
        "var": 1011814.75
    },
    "spectral_complexity": {
        "dmean": 2.68320512772,
        "dmean2": 4.25396299362,
        "dvar": 11.4206485748,
        "dvar2": 24.7321720123,
        "max": 55,
        "mean": 16.1762561798,
        "median": 14,
        "min": 0,
        "var": 107.051338196
    },
    "spectral_decrease": {
        "dmean": 2.07251815709e-09,
        "dmean2": 3.33103722383e-09,
        "dvar": 9.03350877515e-18,
        "dvar2": 2.3933531347e-17,
        "max": 1.78178660659e-28,
        "mean": -6.96858837301e-09,
        "median": -6.21194162775e-09,
        "min": -3.29105418473e-08,
        "var": 2.16600270878e-17
    },
    "spectral_energy": {
        "dmean": 0.0082667581737,
        "dmean2": 0.0132468957454,
        "dvar": 0.000139344818308,
        "dvar2": 0.000368284410797,
        "max": 0.127114534378,
        "mean": 0.0282437205315,
        "median": 0.0252874642611,
        "min": 9.83197135059e-21,
        "var": 0.00034898656304
    },
    "spectral_energyband_high": {
        "dmean": 0.000450295017799,
        "dmean2": 0.000654549570754,
        "dvar": 9.25166773413e-07,
        "dvar2": 1.86697604931e-06,
        "max": 0.0281764194369,
        "mean": 0.000931024958845,
        "median": 0.000440381350927,
        "min": 7.16769529898e-21,
        "var": 2.70174177786e-06
    },
    "spectral_energyband_low": {
        "dmean": 0.00396202551201,
        "dmean2": 0.00639628106728,
        "dvar": 8.41134460643e-05,
        "dvar2": 0.000212225437281,
        "max": 0.119866475463,
        "mean": 0.00992655567825,
        "median": 0.00712989643216,
        "min": 1.35242629135e-23,
        "var": 0.000130485568661
    },
    "spectral_energyband_middle_high": {
        "dmean": 0.00222658994608,
        "dmean2": 0.00343336141668,
        "dvar": 1.91816088773e-05,
        "dvar2": 4.46462800028e-05,
        "max": 0.0793347582221,
        "mean": 0.00621339352801,
        "median": 0.00231009558775,
        "min": 1.19903384081e-21,
        "var": 8.46749098855e-05
    },
    "spectral_energyband_middle_low": {
        "dmean": 0.00501715298742,
        "dmean2": 0.0081714913249,
        "dvar": 5.41773733858e-05,
        "dvar2": 0.000146482125274,
        "max": 0.0818985179067,
        "mean": 0.0129571063444,
        "median": 0.0102929817513,
        "min": 1.5079699719e-22,
        "var": 0.000115751405247
    },
    "spectral_entropy": {
        "dmean": 0.186586841941,
        "dmean2": 0.269651651382,
        "dvar": 0.0421921908855,
        "dvar2": 0.0839828848839,
        "max": 9.82562160492,
        "mean": 7.45951223373,
        "median": 7.52643251419,
        "min": 4.5645070076,
        "var": 0.326858252287
    },
    "spectral_flux": {
        "dmean": 0.0219241715968,
        "dmean2": 0.0351531207561,
        "dvar": 0.000821082794573,
        "dvar2": 0.00179855537135,
        "max": 0.313097983599,
        "mean": 0.0739764720201,
        "median": 0.0662456676364,
        "min": 6.36954169964e-11,
        "var": 0.00223710853606
    },
    "spectral_kurtosis": {
        "dmean": 1.40057837963,
        "dmean2": 2.20182800293,
        "dvar": 3.29162359238,
        "dvar2": 8.00209522247,
        "max": 72.9944839478,
        "mean": 4.51621484756,
        "median": 3.7678732872,
        "min": -1.28821623325,
        "var": 14.2077236176
    },
    "spectral_rms": {
        "dmean": 0.000695367751177,
        "dmean2": 0.00108945544343,
        "dvar": 7.13005022135e-07,
        "dvar2": 1.77431024895e-06,
        "max": 0.0111361658201,
        "mean": 0.00487756542861,
        "median": 0.00496696028858,
        "min": 3.09712238494e-12,
        "var": 3.76434286409e-06
    },
    "spectral_rolloff": {
        "dmean": 395.466369629,
        "dmean2": 657.971984863,
        "dvar": 891593.25,
        "dvar2": 1963795.625,
        "max": 19875.1464844,
        "mean": 1309.49353027,
        "median": 796.728515625,
        "min": 21.533203125,
        "var": 4431931
    },
    "spectral_skewness": {
        "dmean": 0.199544295669,
        "dmean2": 0.302504837513,
        "dvar": 0.0453839935362,
        "dvar2": 0.0964004024863,
        "max": 6.92151975632,
        "mean": 1.65785634518,
        "median": 1.59501338005,
        "min": -0.334032386541,
        "var": 0.314938247204
    },
    "spectral_spread": {
        "dmean": 794916.25,
        "dmean2": 1096163.375,
        "dvar": 1.17303646618e+12,
        "dvar2": 2.30464159744e+12,
        "max": 49606872,
        "mean": 5729102.5,
        "median": 5031593,
        "min": 1292509.625,
        "var": 1.225556335e+13
    },
    "spectral_strongpeak": {
        "dmean": 0.486593604088,
        "dmean2": 0.807658314705,
        "dvar": 0.748824357986,
        "dvar2": 1.78379964828,
        "max": 12.6388206482,
        "mean": 0.988822102547,
        "median": 0.450867950916,
        "min": 0,
        "var": 2.06067109108
    },
    "zerocrossingrate": {
        "dmean": 0.0112961819395,
        "dmean2": 0.013298349455,
        "dvar": 0.000207028104342,
        "dvar2": 0.000235275976593,
        "max": 0.52197265625,
        "mean": 0.0612602569163,
        "median": 0.05224609375,
        "min": 0,
        "var": 0.00284168543294
    },
    "barkbands": {
        "dmean": [0.000151246262249, 0.00218226178549, 0.00182692462113, 0.00169362931047, 0.00256705633365, 0.000536636449397, 0.000463155942271, 0.000952095899265, 0.000606945133768, 0.00071530911373, 0.000781558512244, 0.000655245617963, 0.000392896472476, 0.000314158882247, 0.000264999252977, 0.000126400729641, 0.000178498667083, 0.000153500877786, 0.000130464279209, 0.000126737373648, 6.83859325363e-05, 6.41201913822e-05, 8.56760307215e-05, 9.10653616302e-05, 0.000107517567812, 7.72285347921e-05, 1.82976179985e-06],
        "dmean2": [0.000226083095185, 0.00320637831464, 0.00310277333483, 0.00289253261872, 0.00417665252462, 0.000865449896082, 0.000720828713384, 0.00149144500028, 0.000975757604465, 0.0011189134093, 0.00122972368263, 0.00103666831274, 0.00062116922345, 0.000492041697726, 0.000428307859693, 0.000200909678824, 0.000283605069853, 0.000247829593718, 0.000215538064367, 0.000200767986826, 0.000111650690087, 9.91070628515e-05, 0.00013029940601, 0.000137515293318, 0.000164954471984, 0.000117178613436, 3.03165552396e-06],
        "dvar": [2.88951952143e-07, 4.4082513341e-05, 2.72952511295e-05, 1.72931358975e-05, 1.66231257026e-05, 7.34921513867e-07, 9.289703371e-07, 6.25824259259e-06, 2.80747758552e-06, 3.55853444489e-06, 4.68701227874e-06, 4.17299725086e-06, 1.98564566745e-06, 1.22488086163e-06, 8.70352494076e-07, 1.07922524251e-07, 2.0449382987e-07, 9.24768457367e-08, 9.1869438279e-08, 8.00737254281e-08, 3.4955171202e-08, 2.01205381245e-08, 5.83528283471e-08, 1.12489445314e-07, 7.08173288899e-08, 2.74148277413e-08, 2.26701053763e-11],
        "dvar2": [5.91275693296e-07, 8.67886919877e-05, 7.73432839196e-05, 4.88583755214e-05, 4.35003385064e-05, 1.90350465346e-06, 2.22509447667e-06, 1.53076816787e-05, 7.1795848271e-06, 8.19413253339e-06, 1.06400657387e-05, 9.5661080195e-06, 4.90558659294e-06, 2.81053348772e-06, 2.0696388674e-06, 2.47357888838e-07, 4.94683263241e-07, 2.28732076835e-07, 2.45808934096e-07, 1.92338674765e-07, 9.25127778828e-08, 4.75418140411e-08, 1.27347689727e-07, 2.080055026e-07, 1.42003159453e-07, 6.12571753322e-08, 5.78512029947e-11],
        "max": [0.00870339386165, 0.104212835431, 0.0714557468891, 0.0500108338892, 0.0652885586023, 0.0242140945047, 0.025084676221, 0.0565378889441, 0.0471530854702, 0.0629898905754, 0.0716689005494, 0.0700049251318, 0.0489459037781, 0.0355207324028, 0.0364359244704, 0.0129639692605, 0.0141342822462, 0.00647012982517, 0.00670056743547, 0.00793686602265, 0.00324517674744, 0.00382257346064, 0.0150703955442, 0.0190788209438, 0.00771940592676, 0.00303364684805, 0.000135461144964],
        "mean": [0.000345920037944, 0.00525942770764, 0.00286466139369, 0.00266779446974, 0.00521736964583, 0.00106274872087, 0.000851021322887, 0.00166338996496, 0.000959766912274, 0.00133361807093, 0.00130257068668, 0.000988106476143, 0.00060297746677, 0.00048289791448, 0.000414755282691, 0.000209806239582, 0.000343938270817, 0.000297775055515, 0.000269500509603, 0.000279415835394, 0.000135707756272, 0.000132082452183, 0.000161870178999, 0.000146550548379, 0.000151584812556, 9.64815626503e-05, 2.14393412534e-06],
        "median": [7.70295737311e-05, 0.00374552281573, 0.00147946411744, 0.00118809612468, 0.00285110529512, 0.000623928557616, 0.000391078763641, 0.000218567816773, 0.000191089216969, 0.000250157725532, 0.000201012517209, 0.000150879321154, 0.000101869911305, 7.68699974287e-05, 9.55564973992e-05, 5.36503503099e-05, 8.83713219082e-05, 0.000102423495264, 9.37375880312e-05, 8.6476051365e-05, 4.76065833936e-05, 6.09202688793e-05, 6.81841629557e-05, 3.51769049303e-05, 3.52998467861e-05, 2.58771506196e-05, 4.6476083071e-07],
        "min": [6.93522183748e-25, 1.67589121136e-24, 7.76742966337e-25, 2.25052589372e-24, 7.14873956465e-24, 8.27076325141e-24, 3.70678797387e-24, 1.35301730594e-23, 1.61397627992e-23, 4.09005920012e-24, 1.94076080551e-23, 4.06070694801e-23, 4.22391217188e-23, 3.66521942179e-23, 6.66315276345e-23, 6.10181827596e-23, 7.48443963841e-23, 9.73763842953e-23, 8.15920348883e-23, 1.3469759567e-22, 2.41584020033e-22, 2.64889066387e-22, 3.88650336229e-22, 5.39172822446e-22, 8.09311865442e-22, 1.26167318322e-21, 1.88782063415e-21],
        "var": [4.31891834296e-07, 6.27020053798e-05, 2.32978600252e-05, 2.08357323572e-05, 4.64794320578e-05, 1.77354911557e-06, 2.15812087845e-06, 1.84085365618e-05, 5.45579950995e-06, 1.19683572848e-05, 1.32096665766e-05, 8.31088163977e-06, 4.02553268941e-06, 2.91089077109e-06, 1.66800953139e-06, 2.25968307177e-07, 5.90840443238e-07, 2.31266469086e-07, 1.97096966303e-07, 2.41105738041e-07, 5.69491511726e-08, 4.50101538263e-08, 1.17800951216e-07, 3.14861836159e-07, 1.8650837319e-07, 3.96492900734e-08, 3.0048741273e-11]
    },
    "erbbands": {
        "dmean": [0.0884046629071, 0.423421382904, 1.63714456558, 4.28519010544, 7.45119762421, 9.58371925354, 5.80860376358, 4.16687631607, 5.07917737961, 10.7186927795, 22.1190700531, 13.9860458374, 17.8562297821, 26.6385364532, 28.4492301941, 23.1354427338, 17.0645332336, 17.8364257812, 13.7783660889, 7.9529800415, 7.09291553497, 8.42650985718, 9.14445877075, 5.87994670868, 7.3516497612, 5.76363801956, 3.1401553154, 2.43734192848, 2.3910882473, 2.05866932869, 2.4888856411, 2.29175615311, 1.4237473011, 1.22495448589, 0.787030339241, 0.464200556278, 0.1086294204, 0.0119309984148, 0.000256897241343, 1.84065320354e-05],
        "dmean2": [0.130178675056, 0.643577337265, 2.76074504852, 7.33882808685, 12.5015830994, 15.4282016754, 9.32272529602, 6.65570306778, 7.95363998413, 16.7186717987, 34.5848312378, 22.1711368561, 27.6087379456, 41.9540672302, 44.8631248474, 36.8966178894, 26.8843250275, 27.8829708099, 22.2858581543, 12.7408809662, 11.2655506134, 13.0720005035, 14.7727212906, 9.53619480133, 12.0663414001, 9.11176776886, 5.07679986954, 3.95299649239, 3.73103761673, 3.18711829185, 3.73597574234, 3.52787256241, 2.14359593391, 1.86803531647, 1.20907604694, 0.714599967003, 0.163176715374, 0.0186996087432, 0.000399386510253, 2.84459292743e-05],
        "dvar": [0.101976342499, 1.31970632076, 21.7674369812, 128.294662476, 191.909851074, 252.833404541, 100.018791199, 47.4170570374, 81.589263916, 591.834594727, 3982.73950195, 1407.05065918, 3267.7800293, 4281.61376953, 8756.28417969, 4947.39990234, 3688.45043945, 3701.12744141, 2681.21289062, 416.705230713, 346.880523682, 447.134460449, 335.559326172, 146.870071411, 318.356689453, 185.48991394, 66.7597045898, 43.0308418274, 28.5613861084, 29.4568042755, 62.7195320129, 57.1392059326, 32.1697616577, 12.1540021896, 3.07483959198, 1.04906690121, 0.060568459332, 0.000734973582439, 3.3448068848e-07, 8.47039216545e-10],
        "dvar2": [0.207880869508, 2.69943737984, 61.1288948059, 360.58996582, 523.660644531, 640.740722656, 251.037612915, 122.674194336, 203.593307495, 1457.07836914, 9489.73828125, 3533.98388672, 7273.07617188, 10267.2880859, 19825.7890625, 12433.2949219, 9062.546875, 8790.95019531, 6312.046875, 1018.79803467, 808.497680664, 1026.77209473, 823.148132324, 375.289001465, 844.674682617, 446.007263184, 174.405395508, 113.010307312, 68.8842773438, 66.1522140503, 145.088058472, 105.726966858, 60.2025604248, 23.4612007141, 6.51251125336, 2.36424446106, 0.13807426393, 0.00174792960752, 7.90113801941e-07, 2.0018042779e-09],
        "max": [5.0152554512, 16.393201828, 67.1831283569, 126.796470642, 230.395309448, 297.262359619, 268.01776123, 145.70010376, 205.709503174, 509.193756104, 1551.41015625, 1149.20080566, 2390.39746094, 1679.88916016, 3515.71484375, 2790.3347168, 2326.7824707, 1995.31311035, 2169.99804688, 445.434448242, 793.76751709, 621.944458008, 391.410552979, 365.383453369, 403.710113525, 471.07635498, 149.801223755, 182.216934204, 180.324249268, 237.240478516, 529.214538574, 423.342803955, 383.536010742, 123.010437012, 41.4422645569, 14.0707864761, 6.7975525856, 0.48215213418, 0.010934246704, 0.000581435975619],
        "mean": [0.197682768106, 1.02255606651, 2.82414531708, 7.14697742462, 13.6525526047, 18.5406608582, 11.4733438492, 8.25665283203, 10.1171016693, 19.3328990936, 39.9420700073, 24.1584625244, 34.2660675049, 49.2217254639, 52.6710166931, 38.1334762573, 28.8584308624, 29.5385437012, 22.2776813507, 14.5066785812, 13.3158102036, 17.2269535065, 18.797996521, 12.8013343811, 15.3851203918, 12.941868782, 6.56416606903, 5.01587581635, 4.80597925186, 3.87324500084, 4.66925096512, 3.70946884155, 2.26012349129, 1.760155797, 1.06384646893, 0.562098145485, 0.142440021038, 0.015790425241, 0.000360327569069, 4.8405083362e-05],
        "median": [0.136098653078, 0.74208933115, 1.65420532227, 3.65065932274, 6.68407678604, 9.27719593048, 6.1452703476, 4.79843044281, 5.4885559082, 6.90091228485, 5.20475196838, 5.42685604095, 6.87591028214, 10.5978469849, 7.74843883514, 6.79127216339, 5.67752170563, 5.34522485733, 5.53457593918, 4.16841125488, 4.01264572144, 4.88812398911, 6.3740940094, 4.46844387054, 5.1617603302, 4.11236667633, 2.30118083954, 2.00497245789, 2.1647439003, 1.79697155952, 1.84264969826, 1.09161424637, 0.493003666401, 0.389859437943, 0.253760755062, 0.141094624996, 0.0394294038415, 0.00430405465886, 0.000114339512947, 3.91713219869e-05],
        "min": [5.56791910857e-23, 4.42593730401e-22, 1.74725142685e-21, 5.04970176391e-21, 2.11905869166e-20, 2.44836801769e-20, 2.97162954849e-20, 8.26471692919e-20, 5.06650839375e-20, 1.78004744177e-19, 3.96326168013e-19, 4.11530393907e-19, 6.90096312333e-19, 8.246528003e-19, 9.24548042457e-19, 1.6279426273e-18, 2.03742132895e-18, 2.50784431998e-18, 2.27475929903e-18, 3.4085011116e-18, 3.96504270339e-18, 4.61678492546e-18, 6.11212894961e-18, 6.50317279393e-18, 6.46310375147e-18, 7.20237905315e-18, 9.18937524516e-18, 1.17390304432e-17, 8.38215036488e-18, 9.24968911952e-18, 1.1668202276e-17, 1.02531046975e-17, 9.33676311388e-18, 7.98771673441e-18, 5.44829334698e-18, 3.81522292366e-18, 2.25116872834e-18, 9.37687806487e-19, 2.52124004471e-19, 2.61303318202e-20],
        "var": [0.124058127403, 1.99283075333, 19.3147163391, 138.850860596, 428.133270264, 698.704406738, 278.096252441, 108.319694519, 189.627197266, 1353.91540527, 12635.7519531, 2924.00390625, 10794.2763672, 12786.2402344, 28945.1132812, 9837.09472656, 7970.45849609, 8809.06347656, 4896.93261719, 1014.87231445, 784.35736084, 1314.35107422, 941.111694336, 400.871124268, 685.777526855, 560.023681641, 126.987129211, 69.0870285034, 58.6672058105, 67.5839538574, 108.299377441, 147.723648071, 82.52684021, 32.731502533, 7.08821725845, 1.47067415714, 0.0942503958941, 0.00109292182606, 5.25299640231e-07, 1.78042991461e-09]
    },
    "gfcc": {
        "mean": [-19.8240852356, 88.7042922974, -91.9670944214, 32.7954597473, -54.9224967957, 17.2479381561, -36.6674728394, 11.2064304352, -31.9922237396, 1.09333968163, -18.2325515747, 4.50347471237, -14.7524309158],
        "cov": [[24788.015625, -1132.95849609, -1226.90283203, 1035.89550781, -811.412536621, 1043.25146484, -190.606658936, 903.815979004, -477.867248535, 472.178375244, -306.027770996, 291.163482666, -340.800537109], [-1132.95849609, 1143.97265625, -275.204711914, -122.533882141, 116.762641907, -240.173797607, 115.4920578, -163.857696533, 30.6805038452, -149.914794922, 71.6989746094, -79.1391983032, 36.6307945251], [-1226.90283203, -275.204711914, 1293.80053711, 258.557891846, 98.0774230957, 194.669967651, -158.656616211, -11.1011543274, -4.97758245468, 6.43709897995, -24.621931076, 35.5160331726, 35.0466499329], [1035.89550781, -122.533882141, 258.557891846, 434.922668457, 74.6843643188, 76.3965148926, -58.6669273376, 53.3355636597, 33.2230529785, 41.8921775818, -15.3726453781, 14.6941738129, 33.8183441162], [-811.412536621, 116.762641907, 98.0774230957, 74.6843643188, 274.95791626, -11.4786968231, -28.9097537994, -11.8890771866, 57.5223312378, 5.27079105377, 1.55490803719, -32.4531402588, 20.8380203247], [1043.25146484, -240.173797607, 194.669967651, 76.3965148926, -11.4786968231, 285.511505127, 41.5209350586, 76.6299209595, -23.9390792847, 67.8870239258, -4.08234596252, 27.8958911896, -17.950302124], [-190.606658936, 115.4920578, -158.656616211, -58.6669273376, -28.9097537994, 41.5209350586, 249.597549438, 36.5761260986, 6.79628133774, -2.34667611122, 40.9665565491, 1.92462205887, -4.02992534637], [903.815979004, -163.857696533, -11.1011543274, 53.3355636597, -11.8890771866, 76.6299209595, 36.5761260986, 174.795837402, 35.3536300659, 43.3249473572, -15.55402565, 20.0626754761, -10.034743309], [-477.867248535, 30.6805038452, -4.97758245468, 33.2230529785, 57.5223312378, -23.9390792847, 6.79628133774, 35.3536300659, 127.798912048, 34.983959198, 1.23606061935, -5.36212730408, 16.2024650574], [472.178375244, -149.914794922, 6.43709897995, 41.8921775818, 5.27079105377, 67.8870239258, -2.34667611122, 43.3249473572, 34.983959198, 113.113548279, 10.8486242294, 6.09232330322, -5.20765256882], [-306.027770996, 71.6989746094, -24.621931076, -15.3726453781, 1.55490803719, -4.08234596252, 40.9665565491, -15.55402565, 1.23606061935, 10.8486242294, 84.1089324951, 14.0646524429, -2.65426301956], [291.163482666, -79.1391983032, 35.5160331726, 14.6941738129, -32.4531402588, 27.8958911896, 1.92462205887, 20.0626754761, -5.36212730408, 6.09232330322, 14.0646524429, 83.8319168091, 14.1124534607], [-340.800537109, 36.6307945251, 35.0466499329, 33.8183441162, 20.8380203247, -17.950302124, -4.02992534637, -10.034743309, 16.2024650574, -5.20765256882, -2.65426301956, 14.1124534607, 81.6851348877]],
        "icov": [[0.000203273200896, -0.000367426138837, 0.000373231945559, -0.000612006348092, 0.000454782042652, -0.000587985792663, 0.000536668754648, -0.00082480662968, 0.0010007629171, -0.000791799509898, 0.000821604626253, -0.00067782838596, 0.000680837547407], [-0.000367426138837, 0.0023868328426, -0.000469980936032, 0.00109283591155, -0.0013561444357, 0.00154288730118, -0.0016880359035, 0.00242793746293, -0.00249814637937, 0.00332541763783, -0.00277186208405, 0.00231205811724, -0.00173610344063], [0.000373231945559, -0.000469980936032, 0.00184544583317, -0.00154483120423, 0.000568197574466, -0.00209141615778, 0.00165949843358, -0.00103263312485, 0.00148970191367, -0.000516827742103, 0.0012042238377, -0.00134845846333, 0.000909862283152], [-0.000612006348092, 0.00109283591155, -0.00154483120423, 0.00487224152312, -0.00192097283434, 0.00142539094668, -0.00107787479647, 0.00163784832694, -0.00313828280196, 0.00182216649409, -0.00240433565341, 0.00196903571486, -0.00312613742426], [0.000454782042652, -0.0013561444357, 0.000568197574466, -0.00192097283434, 0.00583491101861, -0.00175302766729, 0.00185295497067, -0.00169680069666, 0.00032421053038, -0.00175499531906, 0.00143376900814, 0.000197707442567, 0.000902554602362], [-0.000587985792663, 0.00154288730118, -0.00209141615778, 0.00142539094668, -0.00175302766729, 0.00825316365808, -0.0036622157786, 0.000983972800896, -0.000296384649118, -0.00109694444109, -0.00145820342004, 0.00101038697176, -0.00086990458658], [0.000536668754648, -0.0016880359035, 0.00165949843358, -0.00107787479647, 0.00185295497067, -0.0036622157786, 0.00742372265086, -0.00375641183928, 0.00194166204892, -0.000902798958123, -0.000515620689839, -0.0012174063595, 0.00110848352779], [-0.00082480662968, 0.00242793746293, -0.00103263312485, 0.00163784832694, -0.00169680069666, 0.000983972800896, -0.00375641183928, 0.0122295413166, -0.00692274747416, 0.00297933141701, -0.00145457265899, 0.00132144649979, -0.00151137367357], [0.0010007629171, -0.00249814637937, 0.00148970191367, -0.00313828280196, 0.00032421053038, -0.000296384649118, 0.00194166204892, -0.00692274747416, 0.0166429970413, -0.00889776740223, 0.00494133494794, -0.00352574442513, 0.00195447052829], [-0.000791799509898, 0.00332541763783, -0.000516827742103, 0.00182216649409, -0.00175499531906, -0.00109694444109, -0.000902798958123, 0.00297933141701, -0.00889776740223, 0.018594885245, -0.00769950309768, 0.0046418895945, -0.00290105049498], [0.000821604626253, -0.00277186208405, 0.0012042238377, -0.00240433565341, 0.00143376900814, -0.00145820342004, -0.000515620689839, -0.00145457265899, 0.00494133494794, -0.00769950309768, 0.0193308200687, -0.00731422007084, 0.00468006450683], [-0.00067782838596, 0.00231205811724, -0.00134845846333, 0.00196903571486, 0.000197707442567, 0.00101038697176, -0.0012174063595, 0.00132144649979, -0.00352574442513, 0.0046418895945, -0.00731422007084, 0.0178436916322, -0.00615276163444], [0.000680837547407, -0.00173610344063, 0.000909862283152, -0.00312613742426, 0.000902554602362, -0.00086990458658, 0.00110848352779, -0.00151137367357, 0.00195447052829, -0.00290105049498, 0.00468006450683, -0.00615276163444, 0.01685513556]]
    },
    "melbands": {
        "dmean": [0.000668974360451, 0.00069607241312, 0.000791042402852, 0.000638047640678, 0.000234136969084, 9.33577612159e-05, 8.52711309562e-05, 0.000130225133034, 0.000185379336472, 8.36380495457e-05, 9.04461994651e-05, 0.000107389161712, 9.62283447734e-05, 7.86796372267e-05, 4.5846318244e-05, 4.03468875447e-05, 3.4455628338e-05, 2.14972897083e-05, 1.84369491762e-05, 9.63869297266e-06, 9.04352418729e-06, 9.30534952204e-06, 1.1140490642e-05, 6.85624763719e-06, 5.13794930157e-06, 5.41960616829e-06, 5.92693231738e-06, 3.71227929463e-06, 2.16973262468e-06, 1.90444620785e-06, 1.50039568325e-06, 1.59776698183e-06, 1.14109877813e-06, 1.1942565834e-06, 1.39098790441e-06, 1.84885846011e-06, 1.33644721245e-06, 9.9752207916e-07, 1.07882692646e-06, 1.07174196273e-06],
        "dmean2": [0.000969583867118, 0.00114658323582, 0.00135475979187, 0.00104461610317, 0.000375040166546, 0.000149309169501, 0.000132783301524, 0.000204577168915, 0.000289738876745, 0.000133130815811, 0.000140145260957, 0.000169092614669, 0.000151121785166, 0.000123512581922, 7.32814951334e-05, 6.39040372334e-05, 5.41332337889e-05, 3.49288893631e-05, 2.99347393593e-05, 1.5448726117e-05, 1.45561234604e-05, 1.46284246512e-05, 1.80318038474e-05, 1.10773798951e-05, 8.41716064315e-06, 9.02041210793e-06, 9.48098477238e-06, 5.8524619817e-06, 3.4849210806e-06, 3.15583292831e-06, 2.4355745154e-06, 2.52275799539e-06, 1.79423068403e-06, 1.8845133809e-06, 2.12747272599e-06, 2.88352794087e-06, 2.06092272492e-06, 1.52474319748e-06, 1.66359723153e-06, 1.63914421591e-06],
        "dvar": [4.99004545418e-06, 3.23412223224e-06, 3.61151592188e-06, 1.14119291084e-06, 1.44689138892e-07, 2.2498390706e-08, 2.54885019757e-08, 9.76839444888e-08, 2.8498848792e-07, 5.09403044191e-08, 8.46229042395e-08, 6.92017323445e-08, 7.61391589776e-08, 6.442646594e-08, 1.75509686784e-08, 2.36010659904e-08, 1.4592643538e-08, 6.14615380812e-09, 3.31762728401e-09, 5.85794746044e-10, 6.1454652478e-10, 5.99459093475e-10, 7.2698297382e-10, 1.77948794589e-10, 1.17391707466e-10, 1.97435567895e-10, 1.80928341753e-10, 7.67645599864e-11, 2.73148031971e-11, 3.00082077243e-11, 1.56121834211e-11, 1.17535798802e-11, 7.54967529465e-12, 1.05394139596e-11, 2.48008280579e-11, 2.71212167308e-11, 2.55073236838e-11, 1.63296234174e-11, 1.74699057304e-11, 9.23543359843e-12],
        "dvar2": [9.83368954621e-06, 8.81130654307e-06, 1.02106605482e-05, 2.99510838886e-06, 3.62606016324e-07, 5.82694639206e-08, 6.23892830731e-08, 2.48735631203e-07, 6.85671125211e-07, 1.26252587052e-07, 1.88407426549e-07, 1.66004483049e-07, 1.7539760222e-07, 1.4452399455e-07, 4.28971169697e-08, 5.997906527e-08, 3.41814185845e-08, 1.45520733241e-08, 8.24199819505e-09, 1.3743979288e-09, 1.5077225024e-09, 1.37574607262e-09, 1.79493597763e-09, 4.45917081038e-10, 3.04053504596e-10, 5.39025712953e-10, 4.44602826777e-10, 1.82912573976e-10, 6.94311969029e-11, 8.06990793634e-11, 4.0548439606e-11, 2.86811581429e-11, 1.81605008809e-11, 2.37218994448e-11, 6.34820668255e-11, 5.51998932674e-11, 4.73648724408e-11, 3.15566184295e-11, 3.58253635091e-11, 1.83923536123e-11],
        "max": [0.0355516374111, 0.0256025716662, 0.0216091703624, 0.0180005859584, 0.0107789132744, 0.0033113413956, 0.00397692248225, 0.00654516462237, 0.0121997594833, 0.00618819193915, 0.0121108535677, 0.00715256202966, 0.0095494966954, 0.00882305204868, 0.00483336020261, 0.00504243047908, 0.00360589567572, 0.00317082530819, 0.00172498251777, 0.000773015082814, 0.000807536125649, 0.000695994938724, 0.000580964959227, 0.000355626485543, 0.000364714185707, 0.000307294685626, 0.000362976512406, 0.000275525875622, 8.93983014976e-05, 0.000137573457323, 0.000157814094564, 0.000103170968941, 8.14953600639e-05, 0.000137174254633, 0.000353219802491, 0.000264699046966, 0.00033798898221, 0.000231295402045, 0.000270866614301, 0.000104829508928],
        "mean": [0.00158701534383, 0.00143974041566, 0.00138520472683, 0.00124467664864, 0.000477225024952, 0.000184391072253, 0.000165664387168, 0.000228794102441, 0.000326287117787, 0.000137567825732, 0.000167576421518, 0.000192347404663, 0.000168447790202, 0.000127835155581, 7.30322863092e-05, 6.19495476712e-05, 5.38335189049e-05, 3.26622503053e-05, 2.88704104605e-05, 1.62565156643e-05, 1.55817542691e-05, 1.75970671989e-05, 2.02537958103e-05, 1.34876399898e-05, 9.81533958111e-06, 9.94799756882e-06, 1.19984288176e-05, 7.64490596339e-06, 4.19247953687e-06, 3.39517941939e-06, 2.75386287285e-06, 2.93396419693e-06, 2.15076784116e-06, 2.07985749512e-06, 2.45026308221e-06, 3.18947536471e-06, 1.93529535863e-06, 1.52954874011e-06, 1.55143936809e-06, 1.47171954268e-06],
        "median": [0.0011149905622, 0.000952826114371, 0.000757387082558, 0.000640284852125, 0.000267668568995, 0.000108880281914, 8.55710095493e-05, 7.03237310518e-05, 3.77408177883e-05, 3.06107467622e-05, 3.01856744045e-05, 3.90410059481e-05, 2.60110809904e-05, 1.80191873369e-05, 1.180970321e-05, 1.01874156826e-05, 8.64969479153e-06, 7.31478576199e-06, 6.72813030178e-06, 4.21998993261e-06, 4.34102958025e-06, 4.39739142166e-06, 5.75386593482e-06, 4.47324964625e-06, 3.06451192955e-06, 3.21326820085e-06, 3.55227984983e-06, 2.25911981033e-06, 1.34255697049e-06, 1.05997082755e-06, 1.07197047328e-06, 1.26244060539e-06, 9.55878476816e-07, 9.3026454806e-07, 1.02053741102e-06, 1.01770137917e-06, 4.35734818893e-07, 3.15747683999e-07, 3.2675987427e-07, 3.19102298363e-07],
        "min": [5.19114454631e-25, 1.02864109382e-24, 1.24730140523e-24, 1.55180812414e-24, 9.69111874975e-25, 1.88643582038e-24, 7.62179706558e-25, 1.56185564827e-24, 2.89730841396e-24, 2.50266713827e-24, 3.32361969398e-24, 2.6146670458e-24, 3.0176834605e-24, 2.55907128464e-24, 3.73068927601e-24, 3.00875256898e-24, 3.55064400174e-24, 2.83729365123e-24, 4.79351092399e-24, 1.8833935783e-24, 3.93065289371e-24, 3.46064443878e-24, 4.3093589819e-24, 4.15325800268e-24, 3.7164183878e-24, 2.79051321347e-24, 4.47428337034e-24, 4.26689854367e-24, 4.16559302622e-24, 5.19586075123e-24, 5.75507123074e-24, 4.59282549857e-24, 4.99572792287e-24, 4.83929522764e-24, 5.93231210449e-24, 6.00072212219e-24, 6.12709251161e-24, 5.14538035861e-24, 6.84071699129e-24, 5.90226360375e-24],
        "var": [6.62206002744e-06, 3.59390924132e-06, 3.97758003601e-06, 3.03627393805e-06, 4.30176413602e-07, 5.13984943495e-08, 6.00963261377e-08, 2.12831523072e-07, 8.58536679971e-07, 1.01952224441e-07, 2.75851675724e-07, 2.11399523664e-07, 2.28971515526e-07, 1.51684190541e-07, 3.95414865295e-08, 4.42532268607e-08, 3.38416299428e-08, 1.08677724597e-08, 6.59552812365e-09, 1.31392752234e-09, 1.21423515687e-09, 1.61199842363e-09, 1.71261682613e-09, 4.58420718052e-10, 2.84859996702e-10, 3.36675437529e-10, 4.68076466476e-10, 2.19962784098e-10, 5.64323032748e-11, 4.49354616017e-11, 2.37592879399e-11, 2.2342884487e-11, 1.60425683154e-11, 2.30271860607e-11, 3.32748308074e-11, 5.7843434903e-11, 6.48780126844e-11, 4.17895440474e-11, 3.70562296126e-11, 2.3057252288e-11]
    },
    "mfcc": {
        "mean": [-663.151000977, 119.567977905, 18.224023819, 23.634267807, 6.5353603363, 6.15597677231, 5.53013944626, 7.94263696671, -4.51606225967, -0.132838711143, -3.21713209152, -3.7544567585, -1.00495529175],
        "cov": [[12906.1455078, -120.159072876, -631.213623047, -13.2238645554, -295.11138916, 142.142669678, 283.115783691, 390.053985596, 151.928237915, 365.813262939, 180.586685181, 172.687438965, 50.9394302368], [-120.159072876, 1150.89074707, -163.443237305, 79.46900177, -34.6812171936, -25.5225219727, 27.3660469055, 23.3083610535, -72.5263748169, -51.0586662292, -25.8301811218, -49.8163948059, 3.03297615051], [-631.213623047, -163.443237305, 1002.93634033, 95.202911377, 252.997894287, 126.641319275, 27.2099380493, 0.67695337534, 19.6685504913, -43.2211608887, -41.8118972778, -9.90807151794, -4.95385456085], [-13.2238645554, 79.46900177, 95.202911377, 333.917602539, 143.902755737, 19.7431907654, -27.542011261, -0.83585357666, 40.4585075378, 3.24720025063, -21.1929721832, 11.5086698532, 8.17334651947], [-295.11138916, -34.6812171936, 252.997894287, 143.902755737, 398.241607666, 59.1219863892, -54.5233802795, -45.1100692749, 36.9712600708, 19.4180984497, -19.4356098175, -7.67225217819, -12.3262424469], [142.142669678, -25.5225219727, 126.641319275, 19.7431907654, 59.1219863892, 172.098419189, 58.7912483215, 6.67829036713, 10.3784608841, 24.6578121185, 16.6600055695, 4.90520524979, -6.73443746567], [283.115783691, 27.3660469055, 27.2099380493, -27.542011261, -54.5233802795, 58.7912483215, 164.526870728, 52.9718284607, -7.65837860107, 22.3737983704, 23.5160083771, 0.206403449178, 2.95419859886], [390.053985596, 23.3083610535, 0.67695337534, -0.83585357666, -45.1100692749, 6.67829036713, 52.9718284607, 138.094787598, 24.8362178802, 18.351852417, 13.409866333, 11.8133583069, 19.6885566711], [151.928237915, -72.5263748169, 19.6685504913, 40.4585075378, 36.9712600708, 10.3784608841, -7.65837860107, 24.8362178802, 127.014556885, 49.2806129456, -5.53565645218, 17.6962471008, 13.6115369797], [365.813262939, -51.0586662292, -43.2211608887, 3.24720025063, 19.4180984497, 24.6578121185, 22.3737983704, 18.351852417, 49.2806129456, 126.255737305, 44.7460174561, 10.3231563568, 3.72570824623], [180.586685181, -25.8301811218, -41.8118972778, -21.1929721832, -19.4356098175, 16.6600055695, 23.5160083771, 13.409866333, -5.53565645218, 44.7460174561, 93.5549621582, 23.3886299133, -4.96204566956], [172.687438965, -49.8163948059, -9.90807151794, 11.5086698532, -7.67225217819, 4.90520524979, 0.206403449178, 11.8133583069, 17.6962471008, 10.3231563568, 23.3886299133, 89.1419525146, 29.3124237061], [50.9394302368, 3.03297615051, -4.95385456085, 8.17334651947, -12.3262424469, -6.73443746567, 2.95419859886, 19.6885566711, 13.6115369797, 3.72570824623, -4.96204566956, 29.3124237061, 74.1363601685]],
