{
"lowlevel": {
    "average_loudness": 0.933218598366,
    "barkbands_crest": {
        "dmean": 3.27295708656,
        "dmean2": 5.31182003021,
        "dvar": 9.40648174286,
        "dvar2": 23.7970314026,
        "max": 26.4529533386,
        "mean": 11.6945419312,
        "median": 10.9202852249,
        "min": 2.18574357033,
        "var": 24.688873291
    },
    "barkbands_flatness_db": {
        "dmean": 0.0407453924417,
        "dmean2": 0.060627181083,
        "dvar": 0.0021070165094,
        "dvar2": 0.00458863098174,
        "max": 0.62627273798,
        "mean": 0.169947832823,
        "median": 0.14638543129,
        "min": 0.0176330395043,
        "var": 0.00850376579911
    },
    "barkbands_kurtosis": {
        "dmean": 13.7636384964,
        "dmean2": 22.5925273895,
        "dvar": 3037.66967773,
        "dvar2": 8168.25830078,
        "max": 1951.13635254,
        "mean": 14.2241325378,
        "median": 2.86703300476,
        "min": -1.95338380337,
        "var": 2755.38183594
    },
    "barkbands_skewness": {
        "dmean": 1.13709926605,
        "dmean2": 1.73717844486,
        "dvar": 2.63402581215,
        "dvar2": 6.03825044632,
        "max": 41.1506118774,
        "mean": 2.06751227379,
        "median": 1.53232598305,
        "min": -3.23553538322,
        "var": 6.07335805893
    },
    "barkbands_spread": {
        "dmean": 8.55050754547,
        "dmean2": 13.4005203247,
        "dvar": 125.597839355,
        "dvar2": 281.06161499,
        "max": 133.756835938,
        "mean": 22.7804317474,
        "median": 19.2989616394,
        "min": 0.0732229426503,
        "var": 322.225463867
    },
    "dissonance": {
        "dmean": 0.0282717868686,
        "dmean2": 0.0457558520138,
        "dvar": 0.00100512732752,
        "dvar2": 0.0025487781968,
        "max": 0.499998152256,
        "mean": 0.442291021347,
        "median": 0.459260821342,
        "min": 0.147588700056,
        "var": 0.00279612792656
    },
    "dynamic_complexity": 2.58401179314,
    "erbbands_crest": {
        "dmean": 3.3365316391,
        "dmean2": 5.3537607193,
        "dvar": 9.40400123596,
        "dvar2": 23.1109657288,
        "max": 32.3697776794,
        "mean": 10.8295764923,
        "median": 9.76281166077,
        "min": 2.28197908401,
        "var": 25.1664085388
    },
    "erbbands_flatness_db": {
        "dmean": 0.0302970297635,
        "dmean2": 0.0433398783207,
        "dvar": 0.00108221394476,
        "dvar2": 0.00215391116217,
        "max": 0.491258054972,
        "mean": 0.16776317358,
        "median": 0.157255411148,
        "min": 0.0445051938295,
        "var": 0.00403298810124
    },
    "erbbands_kurtosis": {
        "dmean": 2.86654424667,
        "dmean2": 4.59097194672,
        "dvar": 82.0698242188,
        "dvar2": 211.791229248,
        "max": 310.845031738,
        "mean": 3.04411888123,
        "median": 0.817735433578,
        "min": -1.88440835476,
        "var": 94.1569442749
    },
    "erbbands_skewness": {
        "dmean": 0.617348849773,
        "dmean2": 0.913667023182,
        "dvar": 0.502765774727,
        "dvar2": 1.10881721973,
        "max": 12.5094213486,
        "mean": 0.629416942596,
        "median": 0.482989370823,
        "min": -4.29857540131,
        "var": 1.80444085598
    },
    "erbbands_spread": {
        "dmean": 13.1930589676,
        "dmean2": 20.4286441803,
        "dvar": 279.420684814,
        "dvar2": 619.733398438,
        "max": 206.994735718,
        "mean": 37.0766448975,
        "median": 31.6789302826,
        "min": 0.754443645477,
        "var": 630.513244629
    },
    "hfc": {
        "dmean": 11.1872768402,
        "dmean2": 17.4293937683,
        "dvar": 334.920379639,
        "dvar2": 834.044555664,
        "max": 201.472869873,
        "mean": 25.1968631744,
        "median": 17.8801078796,
        "min": 1.07246302376e-16,
        "var": 628.164550781
    },
    "melbands_crest": {
        "dmean": 4.03648614883,
        "dmean2": 6.58723688126,
        "dvar": 14.4831008911,
        "dvar2": 35.4449501038,
        "max": 36.8093643188,
        "mean": 16.0729408264,
        "median": 15.8677425385,
        "min": 1.5986623764,
        "var": 40.3104248047
    },
    "melbands_flatness_db": {
        "dmean": 0.049274135381,
        "dmean2": 0.0730368345976,
        "dvar": 0.00305746681988,
        "dvar2": 0.00645132083446,
        "max": 0.793243587017,
        "mean": 0.24538423121,
        "median": 0.225650250912,
        "min": 0.00269523379393,
        "var": 0.0147012714297
    },
    "melbands_kurtosis": {
        "dmean": 25.6920471191,
        "dmean2": 40.9713554382,
        "dvar": 4642.66015625,
        "dvar2": 10869.8564453,
        "max": 1363.75427246,
        "mean": 31.4369487762,
        "median": 7.86892557144,
        "min": -1.8705432415,
        "var": 6264.82177734
    },
    "melbands_skewness": {
        "dmean": 1.44314455986,
        "dmean2": 2.23154735565,
        "dvar": 3.71055054665,
        "dvar2": 8.270154953,
        "max": 27.3818778992,
        "mean": 3.08917236328,
        "median": 2.28253674507,
        "min": -2.73028182983,
        "var": 8.924451828
    },
    "melbands_spread": {
        "dmean": 9.48994064331,
        "dmean2": 15.1872663498,
        "dvar": 222.622711182,
        "dvar2": 496.932952881,
        "max": 251.286300659,
        "mean": 23.4681854248,
        "median": 16.1704463959,
        "min": 0.175105780363,
        "var": 630.200195312
    },
    "pitch_salience": {
        "dmean": 0.0947704687715,
        "dmean2": 0.147703632712,
        "dvar": 0.00856208428741,
        "dvar2": 0.0202231835574,
        "max": 0.918218433857,
        "mean": 0.497949331999,
        "median": 0.503100991249,
        "min": 0.0324782468379,
        "var": 0.0246283560991
    },
    "silence_rate_20dB": {
        "dmean": 0,
        "dmean2": 0,
        "dvar": 0,
        "dvar2": 0,
        "max": 1,
        "mean": 1,
        "median": 1,
        "min": 1,
        "var": 0
    },
    "silence_rate_30dB": {
        "dmean": 0.0348158366978,
        "dmean2": 0.0696390643716,
        "dvar": 0.0336038284004,
        "dvar2": 0.0709410235286,
        "max": 1,
        "mean": 0.962216079235,
        "median": 1,
        "min": 0,
        "var": 0.0363604240119
    },
    "silence_rate_60dB": {
        "dmean": 0.0242012534291,
        "dmean2": 0.0484076440334,
        "dvar": 0.0236144457012,
        "dvar2": 0.0554111115634,
        "max": 1,
        "mean": 0.0577372126281,
        "median": 0,
        "min": 0,
        "var": 0.0543974041939
    },
    "spectral_centroid": {
        "dmean": 318.47265625,
        "dmean2": 483.760253906,
        "dvar": 163205.71875,
        "dvar2": 324073.4375,
        "max": 11803.7041016,
        "mean": 1375.6027832,
        "median": 1124.76586914,
        "min": 80.890953064,
        "var": 1620589.125
    },
    "spectral_complexity": {
        "dmean": 3.67880272865,
        "dmean2": 5.481528759,
        "dvar": 24.5424957275,
        "dvar2": 47.4660758972,
        "max": 66,
        "mean": 15.3792190552,
        "median": 13,
        "min": 0,
        "var": 113.325462341
    },
    "spectral_decrease": {
        "dmean": 4.36428537753e-09,
        "dmean2": 7.320221318e-09,
        "dvar": 5.33329232893e-17,
        "dvar2": 1.47459396687e-16,
        "max": 1.05365677253e-28,
        "mean": -8.16605272291e-09,
        "median": -5.78324277356e-09,
        "min": -6.27084446592e-08,
        "var": 7.28507825468e-17
    },
    "spectral_energy": {
        "dmean": 0.0171212870628,
        "dmean2": 0.0286428164691,
        "dvar": 0.00078263686737,
        "dvar2": 0.00216193939559,
        "max": 0.238916471601,
        "mean": 0.0331060774624,
        "median": 0.0245824754238,
        "min": 9.92339581091e-21,
        "var": 0.00107934745029
    },
    "spectral_energyband_high": {
        "dmean": 0.000700052594766,
        "dmean2": 0.00103564106394,
        "dvar": 1.85988210433e-06,
        "dvar2": 4.11820474255e-06,
        "max": 0.0251310877502,
        "mean": 0.00114490895066,
        "median": 0.000477919762488,
        "min": 7.08654516503e-21,
        "var": 3.61077741218e-06
    },
    "spectral_energyband_low": {
        "dmean": 0.0134151484817,
        "dmean2": 0.022884959355,
        "dvar": 0.000728902814444,
        "dvar2": 0.00202359585091,
        "max": 0.234448522329,
        "mean": 0.0179537348449,
        "median": 0.00332489237189,
        "min": 1.14940149891e-23,
        "var": 0.000926517357584
    },
    "spectral_energyband_middle_high": {
        "dmean": 0.00292664021254,
        "dmean2": 0.00480294087902,
        "dvar": 3.38771023962e-05,
        "dvar2": 9.39569727052e-05,
        "max": 0.0658077225089,
        "mean": 0.00579840317369,
        "median": 0.00289055239409,
        "min": 1.12358551776e-21,
        "var": 5.67050883546e-05
    },
    "spectral_energyband_middle_low": {
        "dmean": 0.00680291978642,
        "dmean2": 0.0112426290289,
        "dvar": 0.000159045666805,
        "dvar2": 0.000401233322918,
        "max": 0.11630641669,
        "mean": 0.010276183486,
        "median": 0.00649139843881,
        "min": 1.72669345923e-22,
        "var": 0.000153767192387
    },
    "spectral_entropy": {
        "dmean": 0.332429647446,
        "dmean2": 0.49201837182,
        "dvar": 0.17730076611,
        "dvar2": 0.374976933002,
        "max": 9.82656669617,
        "mean": 7.28642559052,
        "median": 7.40645265579,
        "min": 3.47765159607,
        "var": 0.631263971329
    },
    "spectral_flux": {
        "dmean": 0.0417892858386,
        "dmean2": 0.0674287900329,
        "dvar": 0.00236017303541,
        "dvar2": 0.00566920544952,
        "max": 0.455274045467,
        "mean": 0.107576996088,
        "median": 0.0896951332688,
        "min": 6.42544767393e-11,
        "var": 0.00545717729256
    },
    "spectral_kurtosis": {
        "dmean": 3.57695531845,
        "dmean2": 5.41639375687,
        "dvar": 96.5731124878,
        "dvar2": 222.292007446,
        "max": 343.421661377,
        "mean": 7.45341873169,
        "median": 5.01153945923,
        "min": -1.48864459991,
        "var": 120.482688904
    },
    "spectral_rms": {
        "dmean": 0.00129166990519,
        "dmean2": 0.0020771631971,
        "dvar": 2.69783140538e-06,
        "dvar2": 6.68380926072e-06,
        "max": 0.0152672603726,
        "mean": 0.00509457569569,
        "median": 0.00489723403007,
        "min": 3.11148871425e-12,
        "var": 6.34382104181e-06
    },
    "spectral_rolloff": {
        "dmean": 887.866882324,
        "dmean2": 1540.0802002,
        "dvar": 3870266.5,
        "dvar2": 8782516,
        "max": 19336.8164062,
        "mean": 2025.9284668,
        "median": 1055.12695312,
        "min": 64.599609375,
        "var": 9461098
    },
    "spectral_skewness": {
        "dmean": 0.403949230909,
        "dmean2": 0.5950704813,
        "dvar": 0.409913808107,
        "dvar2": 0.880766391754,
        "max": 15.4262914658,
        "mean": 2.05600452423,
        "median": 1.85681450367,
        "min": -0.218275293708,
        "var": 0.94963914156
    },
    "spectral_spread": {
        "dmean": 1372800.25,
        "dmean2": 1920680.75,
        "dvar": 3.10634165043e+12,
        "dvar2": 5.68517145395e+12,
        "max": 42492900,
        "mean": 6246010.5,
        "median": 5386000,
        "min": 333462.125,
        "var": 2.07528394752e+13
    },
    "spectral_strongpeak": {
        "dmean": 0.559698224068,
        "dmean2": 0.948408484459,
        "dvar": 0.845806062222,
        "dvar2": 2.14618968964,
        "max": 13.4560937881,
        "mean": 0.982336044312,
        "median": 0.623616695404,
        "min": 0,
        "var": 1.33903431892
    },
    "zerocrossingrate": {
        "dmean": 0.0194812864065,
        "dmean2": 0.0226009432226,
        "dvar": 0.000611329975072,
        "dvar2": 0.000742267875466,
        "max": 0.52587890625,
        "mean": 0.0818306952715,
        "median": 0.0654296875,
        "min": 0.0029296875,
        "var": 0.00544725032523
    },
    "barkbands": {
        "dmean": [0.000152816050104, 0.00776680046692, 0.00649067992344, 0.00356806023046, 0.00216919230297, 0.000942079816014, 0.000695484050084, 0.000498518929817, 0.000732965243515, 0.000687217223458, 0.000493509403896, 0.000560251122806, 0.000325198867358, 0.000537321146112, 0.000469272286864, 0.000464469601866, 0.000260668428382, 0.000292658951366, 0.000270910997642, 0.000175907363882, 9.63688071351e-05, 6.94025075063e-05, 6.67045169394e-05, 0.000131425593281, 0.000178527392563, 0.000155796369654, 1.30541056933e-05],
        "dmean2": [0.000204200332519, 0.012992487289, 0.0110299130902, 0.00634653260931, 0.00370224262588, 0.00151935021859, 0.00110099255107, 0.000754783221055, 0.00110676139593, 0.00105831818655, 0.000794170540757, 0.000897084188182, 0.000554860802367, 0.000938388402574, 0.000789460318629, 0.000751184124965, 0.000430135754868, 0.000488710997161, 0.000426419224823, 0.000274597492535, 0.000155790141434, 0.000104031489172, 9.95049267658e-05, 0.000191101411474, 0.000274061283562, 0.000240350229433, 2.02772807825e-05],
        "dvar": [1.0925637639e-07, 0.000377513788408, 0.000260155415162, 0.000102867052192, 2.51883648161e-05, 3.28795908899e-06, 1.69637962699e-06, 2.39717655859e-06, 3.12237830258e-06, 2.70630403065e-06, 1.65252026818e-06, 2.01626403395e-06, 6.65142920298e-07, 1.52813561272e-06, 1.18911191294e-06, 1.31270951442e-06, 6.41807162083e-07, 6.6680644295e-07, 4.32983483734e-07, 1.74617625248e-07, 1.00876313525e-07, 5.98901124249e-08, 3.54736364727e-08, 1.80153719498e-07, 1.37854797799e-07, 1.00661729618e-07, 2.83044987448e-09],
        "dvar2": [2.00944413109e-07, 0.000995546812192, 0.000667512533255, 0.000274558289675, 6.72427268e-05, 8.40194934426e-06, 4.42833106717e-06, 5.03457386003e-06, 6.43204839434e-06, 6.10376082477e-06, 3.8727489482e-06, 5.20016101291e-06, 1.8489181457e-06, 4.43591716248e-06, 3.10763607558e-06, 3.28378337144e-06, 1.66626023201e-06, 1.70883276951e-06, 1.04426305825e-06, 4.08131370477e-07, 2.67209827598e-07, 1.26349434026e-07, 7.67172210203e-08, 3.93103533725e-07, 3.10079371957e-07, 2.36908363149e-07, 6.89732893022e-09],
        "max": [0.00404332578182, 0.196252688766, 0.167560875416, 0.099244505167, 0.0639633238316, 0.0463006421924, 0.0264512281865, 0.0481093563139, 0.058010943234, 0.055000975728, 0.0533181279898, 0.0428122542799, 0.0122783845291, 0.0197662133723, 0.0136992242187, 0.0249688923359, 0.0214208420366, 0.0180672891438, 0.0238116271794, 0.0104976966977, 0.00645535066724, 0.00855826120824, 0.00509522901848, 0.0102059599012, 0.00531640416011, 0.00593730388209, 0.00237663602456],
        "mean": [0.000261562556261, 0.00919330120087, 0.00667200796306, 0.00275053828955, 0.00242514163256, 0.00158196885604, 0.00112527934834, 0.000810526660644, 0.00110495823901, 0.00104311353061, 0.000696566654369, 0.000790242047515, 0.000425703328801, 0.000636715325527, 0.000599138438702, 0.000562228844501, 0.000340902042808, 0.000363231141819, 0.000429802894359, 0.000292293814709, 0.000112317378807, 8.74218239915e-05, 9.62558115134e-05, 0.000203885982046, 0.000242032008828, 0.000236963824136, 2.19041194214e-05],
        "median": [2.19140711124e-05, 0.00129697378725, 0.000343182706274, 0.000159166651429, 0.000597667880356, 0.000653565046377, 0.000518938410096, 0.000104863749584, 0.000285731977783, 0.000287224480417, 0.000168434809893, 0.000171520834556, 0.000117036739539, 0.000114061702334, 6.81044766679e-05, 8.12318248791e-05, 5.40863948117e-05, 6.7666216637e-05, 8.51994409459e-05, 6.10403876635e-05, 2.43834547291e-05, 1.49161351146e-05, 2.51353267231e-05, 4.48224891443e-05, 8.3053673734e-05, 6.26043765806e-05, 3.26206736645e-06],
        "min": [3.88321439805e-25, 2.1593532946e-24, 7.2599924209e-25, 1.19130786096e-24, 7.836745392e-24, 3.09181883343e-24, 1.03750544493e-23, 5.14896375928e-24, 1.18729175037e-23, 1.22485068024e-23, 2.11197407197e-23, 1.69586114629e-23, 2.13080749499e-23, 2.90564923752e-23, 5.4099355128e-23, 2.6928451731e-23, 4.10622485333e-23, 6.90365815188e-23, 1.00837773419e-22, 1.88979051449e-22, 2.49356534003e-22, 2.8810177184e-22, 3.90518257879e-22, 5.41080729877e-22, 8.51146030149e-22, 1.33790132998e-21, 1.96964123675e-21],
        "var": [3.38636851893e-07, 0.000365708518075, 0.000234942475799, 7.20759635442e-05, 2.38795528276e-05, 6.35644300928e-06, 3.2187308534e-06, 6.5091835495e-06, 6.41838141746e-06, 5.13136637892e-06, 4.64866525363e-06, 3.18623870044e-06, 7.34612285669e-07, 1.90875675798e-06, 1.8644834654e-06, 1.85785609119e-06, 9.35414675496e-07, 7.87206261066e-07, 8.52837160892e-07, 4.14750900291e-07, 9.01925858443e-08, 8.27104571499e-08, 6.72475692909e-08, 3.60127188515e-07, 2.01281878276e-07, 2.18375120653e-07, 4.52539872242e-09]
    },
    "erbbands": {
        "dmean": [0.180214732885, 1.94713401794, 6.19282341003, 11.1309652328, 8.61088275909, 6.83035230637, 6.6834154129, 8.86750221252, 10.2579164505, 10.3552532196, 9.59252643585, 17.7092933655, 22.1918411255, 14.8687734604, 20.8741474152, 20.8341217041, 15.8179779053, 21.8746623993, 27.8265800476, 26.9944477081, 20.1761741638, 15.0545806885, 16.39453125, 11.8551235199, 13.371386528, 8.37990379333, 4.04142951965, 3.98580503464, 2.4601624012, 2.47928929329, 1.86868596077, 2.50324487686, 2.28028774261, 1.94530653954, 1.37840211391, 0.812890708447, 0.234054729342, 0.0473883487284, 0.00109733408317, 4.39655923401e-05],
        "dmean2": [0.305440098047, 3.25662827492, 10.4424715042, 19.1138858795, 15.2870817184, 11.5478506088, 10.6734113693, 14.2508096695, 16.6797504425, 15.8849220276, 14.3419189453, 26.4619464874, 33.4693260193, 23.4415359497, 33.346370697, 33.1843490601, 26.8182849884, 37.3631057739, 46.5540657043, 46.0891151428, 32.1899452209, 24.6917762756, 27.5035018921, 18.8325042725, 21.0617694855, 13.1293992996, 6.26377058029, 6.55537939072, 3.70097851753, 3.79669880867, 2.74145388603, 3.65975689888, 3.37465882301, 2.91129231453, 2.17510533333, 1.29058265686, 0.346209526062, 0.0719607397914, 0.00166560150683, 6.91197201377e-05],
        "dvar": [0.204039037228, 23.8798465729, 191.256561279, 952.765319824, 566.17791748, 234.315139771, 227.693405151, 343.065673828, 409.404388428, 602.117431641, 890.921325684, 1814.1237793, 2675.53759766, 1281.41589355, 3096.84130859, 3406.67871094, 1416.61791992, 2708.63549805, 4882.40673828, 3779.88525391, 2286.28808594, 1971.70495605, 2390.11523438, 744.152770996, 1173.00292969, 444.288360596, 107.344902039, 216.824615479, 73.5584182739, 65.0764923096, 29.0675621033, 70.316696167, 50.1914405823, 16.6829929352, 8.3689622879, 3.20640182495, 0.244400724769, 0.01107442379, 8.40088159748e-06, 5.01037922263e-09],
        "dvar2": [0.552911400795, 64.0650863647, 495.767883301, 2465.77441406, 1535.63696289, 618.921203613, 536.664367676, 859.267944336, 1149.27893066, 1370.04931641, 1957.3059082, 3727.92138672, 5781.29052734, 3033.65356445, 7005.82226562, 8797.11328125, 3974.37280273, 7743.76074219, 12898.3808594, 10609.1230469, 5694.10253906, 4931.88134766, 6183.27148438, 1847.70300293, 2812.70336914, 1068.65270996, 261.292144775, 585.033813477, 166.703918457, 140.481933594, 62.0596351624, 147.405273438, 110.529167175, 34.8414726257, 20.0720748901, 7.90522098541, 0.499088734388, 0.0245367288589, 1.95383399841e-05, 1.19148086952e-08],
        "max": [4.34024477005, 51.3431625366, 123.980392456, 310.414459229, 211.259017944, 274.01763916, 381.751464844, 459.573394775, 313.576385498, 767.188415527, 1093.63378906, 1013.19549561, 2065.39746094, 1251.47888184, 2731.13452148, 2088.42504883, 591.977783203, 804.504760742, 834.757202148, 919.128479004, 896.542175293, 1366.33215332, 951.574829102, 620.543579102, 988.618225098, 631.951904297, 434.790405273, 185.906326294, 327.405426025, 252.732162476, 161.455032349, 233.202270508, 174.174468994, 73.2101516724, 43.0074768066, 35.3205108643, 18.0623149872, 4.24790763855, 0.11891977489, 0.00189485109877],
        "mean": [0.209042966366, 2.27716517448, 7.12236309052, 9.83058547974, 6.97013378143, 8.26248264313, 10.2525520325, 14.7328977585, 16.6226558685, 18.4019851685, 15.9242544174, 27.0362377167, 36.4213676453, 22.2207603455, 30.7292747498, 31.1894245148, 22.4663066864, 27.1679134369, 35.2679328918, 33.4157142639, 26.4528694153, 20.1038799286, 20.4001541138, 18.8451423645, 21.5501194, 13.8863430023, 6.13927268982, 4.2891201973, 3.1047501564, 3.10839104652, 2.78880643845, 3.92735219002, 3.45633792877, 2.76543927193, 1.68949377537, 1.00637996197, 0.419420868158, 0.0889756530523, 0.00206689466722, 9.48851375142e-05],
        "median": [0.0340166948736, 0.291661262512, 0.476539671421, 0.77514231205, 1.17653119564, 2.07932066917, 3.69842171669, 5.78362131119, 7.89223814011, 5.72142791748, 3.67109680176, 7.6592373848, 11.3628768921, 9.04481315613, 7.60464859009, 7.50255775452, 7.10276079178, 6.49010276794, 5.90571165085, 5.18289852142, 4.61117744446, 3.54711484909, 3.96543264389, 4.26428079605, 4.02333498001, 2.80749225616, 1.84516048431, 0.898869097233, 0.594986796379, 0.615769863129, 0.74910736084, 0.806322574615, 0.893118739128, 0.888483703136, 0.566271662712, 0.264015436172, 0.0998098254204, 0.0222425255924, 0.000510138168465, 5.86833448324e-05],
        "min": [5.896439917e-23, 4.77472439086e-22, 1.43479192742e-21, 5.0629390771e-21, 6.8129220579e-21, 3.02089041579e-20, 4.05433400708e-20, 3.48179448375e-20, 1.56836171251e-19, 1.60707454066e-19, 2.76912074189e-19, 2.85425210258e-19, 6.27722654846e-19, 8.42254531651e-19, 1.24662911533e-18, 8.78227272322e-19, 1.6233433997e-18, 1.65429608463e-18, 3.13148204677e-18, 2.16470291852e-18, 3.34018385122e-18, 3.94369275819e-18, 3.45772228716e-18, 5.28963845113e-18, 5.70754084994e-18, 9.40434046121e-18, 9.21562251318e-18, 9.60682186745e-18, 1.00722093965e-17, 1.16425472693e-17, 1.19705723587e-17, 1.06254112466e-17, 1.05234215314e-17, 8.35162491874e-18, 6.13217443099e-18, 4.10664651168e-18, 2.3522754282e-18, 1.03089462131e-18, 2.59111354202e-19, 2.7653284419e-20],
        "var": [0.218691676855, 22.1460762024, 194.568191528, 749.570556641, 383.751525879, 270.190185547, 424.330169678, 650.690002441, 671.601501465, 1993.72131348, 2268.54003906, 3668.34716797, 5629.49121094, 1920.11096191, 9947.85351562, 5633.17822266, 1673.11584473, 3430.91967773, 6458.47509766, 5191.93310547, 3297.91162109, 2887.73095703, 2612.26586914, 1375.31176758, 2484.09594727, 985.38885498, 156.089584351, 173.898498535, 90.3515777588, 95.552696228, 59.1094245911, 149.963363647, 95.2753295898, 28.0664539337, 10.4743471146, 4.57013559341, 0.93134957552, 0.0396187268198, 2.23626793741e-05, 1.32281154919e-08]
    },
    "gfcc": {
        "mean": [-26.8093185425, 68.8928756714, -92.5390853882, 6.71336174011, -47.7405357361, 12.0738277435, -38.2403869629, 20.0176525116, -30.9294242859, 9.98214817047, -14.1206016541, 3.57718300819, -9.22895431519],
        "cov": [[21762.6289062, -1199.28198242, -1709.76586914, 817.500915527, -496.457122803, 621.751586914, -897.223449707, 344.004730225, -717.722290039, 396.272338867, -164.908447266, 245.245758057, -422.243347168], [-1199.28198242, 2303.1887207, 302.857299805, 6.86971616745, 325.31741333, -6.58308839798, 393.478302002, 25.3639259338, 117.462806702, -172.087402344, 62.6442108154, -245.012283325, 125.113616943], [-1709.76586914, 302.857299805, 2337.37304688, 586.781494141, 295.331085205, 462.989532471, 176.135421753, 81.7109527588, 4.73034572601, -98.7700958252, -129.583389282, -85.5084228516, -177.678253174], [817.500915527, 6.86971616745, 586.781494141, 1130.84143066, 393.234527588, 277.511779785, 86.608039856, 59.0875091553, 43.8050079346, -65.3520431519, -39.067741394, -74.6119308472, -70.3244934082], [-496.457122803, 325.31741333, 295.331085205, 393.234527588, 747.014831543, 173.763290405, 286.266723633, 76.2904052734, 99.2969207764, -2.21198987961, -39.81483078, -71.7355651855, -27.4554157257], [621.751586914, -6.58308839798, 462.989532471, 277.511779785, 173.763290405, 532.52545166, 120.89466095, 63.7047958374, 5.92758274078, 48.7305603027, -41.9465827942, -51.9637451172, -40.3412704468], [-897.223449707, 393.478302002, 176.135421753, 86.608039856, 286.266723633, 120.89466095, 451.339447021, 74.7073364258, 76.7426834106, 0.287247538567, 5.79600000381, -56.577003479, -6.67817401886], [344.004730225, 25.3639259338, 81.7109527588, 59.0875091553, 76.2904052734, 63.7047958374, 74.7073364258, 306.743286133, 35.9485359192, 22.0467033386, 36.4216308594, -0.507184565067, 21.4319248199], [-717.722290039, 117.462806702, 4.73034572601, 43.8050079346, 99.2969207764, 5.92758274078, 76.7426834106, 35.9485359192, 227.867553711, 28.6034946442, 10.1165370941, 3.03669500351, 22.4275741577], [396.272338867, -172.087402344, -98.7700958252, -65.3520431519, -2.21198987961, 48.7305603027, 0.287247538567, 22.0467033386, 28.6034946442, 194.647232056, 88.3781890869, 42.8919868469, 5.07486581802], [-164.908447266, 62.6442108154, -129.583389282, -39.067741394, -39.81483078, -41.9465827942, 5.79600000381, 36.4216308594, 10.1165370941, 88.3781890869, 240.622512817, 56.3986358643, 49.4683456421], [245.245758057, -245.012283325, -85.5084228516, -74.6119308472, -71.7355651855, -51.9637451172, -56.577003479, -0.507184565067, 3.03669500351, 42.8919868469, 56.3986358643, 174.99180603, 16.9833965302], [-422.243347168, 125.113616943, -177.678253174, -70.3244934082, -27.4554157257, -40.3412704468, -6.67817401886, 21.4319248199, 22.4275741577, 5.07486581802, 49.4683456421, 16.9833965302, 161.930892944]],
        "icov": [[0.000118073054182, -0.000133489142172, 0.000194109830773, -0.000191025406821, 8.68130882736e-05, -0.000207001939998, 0.000249012140557, -0.000263311259914, 0.00039264903171, -0.000377024553018, 0.000311791955028, -0.000343435560353, 0.000447519531008], [-0.000133489142172, 0.000926842738409, -0.000348108937033, 0.000403835671023, -0.000282087916275, 0.000329393980792, -0.000710611406248, 0.000458036112832, -0.000702362565789, 0.00119516626, -0.00100426946301, 0.00139084958937, -0.00110572529957], [0.000194109830773, -0.000348108937033, 0.000952214584686, -0.000495001731906, 0.000163491960848, -0.000780336384196, 0.000407996063586, -0.000546579132788, 0.000662000151351, -0.000375836214516, 0.000642267637886, -0.000795482425019, 0.00133475486655], [-0.000191025406821, 0.000403835671023, -0.000495001731906, 0.0016990074655, -0.000840603723191, -0.000137194030685, -8.74233373906e-05, 0.000409017258789, -0.000886120949872, 0.00145858665928, -0.00105910806451, 0.000955802795943, -0.000549532938749], [8.68130882736e-05, -0.000282087916275, 0.000163491960848, -0.000840603723191, 0.00235866103321, -0.000189456812222, -0.000899298873264, -0.000343365274603, -6.17605110165e-05, -0.000811549602076, 0.000789459387306, -0.000273526035016, 0.000441221607616], [-0.000207001939998, 0.000329393980792, -0.000780336384196, -0.000137194030685, -0.000189456812222, 0.00324766850099, -0.000973402522504, 0.000205652802833, -0.000298321450828, -0.000801975664217, 0.000117974639579, 0.00115373020526, -0.00109107117169], [0.000249012140557, -0.000710611406248, 0.000407996063586, -8.74233373906e-05, -0.000899298873264, -0.000973402522504, 0.00407286128029, -0.00101058173459, 0.000306520203594, -0.000747426529415, 0.000409110303735, -0.000618988298811, 0.00143571780063], [-0.000263311259914, 0.000458036112832, -0.000546579132788, 0.000409017258789, -0.000343365274603, 0.000205652802833, -0.00101058173459, 0.00422355812043, -0.00121993583161, 0.000888484762982, -0.00131828419399, 0.000909131078515, -0.00162176322192], [0.00039264903171, -0.000702362565789, 0.000662000151351, -0.000886120949872, -6.17605110165e-05, -0.000298321450828, 0.000306520203594, -0.00121993583161, 0.0064483997412, -0.00251445570029, 0.00165904662572, -0.00171978806611, 0.000856624334119], [-0.000377024553018, 0.00119516626, -0.000375836214516, 0.00145858665928, -0.000811549602076, -0.000801975664217, -0.000747426529415, 0.000888484762982, -0.00251445570029, 0.00950009282678, -0.00436904327944, 0.00104019988794, -0.000895160192158], [0.000311791955028, -0.00100426946301, 0.000642267637886, -0.00105910806451, 0.000789459387306, 0.000117974639579, 0.000409110303735, -0.00131828419399, 0.00165904662572, -0.00436904327944, 0.00730986287817, -0.00282290065661, 0.000158430673764], [-0.000343435560353, 0.00139084958937, -0.000795482425019, 0.000955802795943, -0.000273526035016, 0.00115373020526, -0.000618988298811, 0.000909131078515, -0.00171978806611, 0.00104019988794, -0.00282290065661, 0.00909505598247, -0.00221863202751], [0.000447519531008, -0.00110572529957, 0.00133475486655, -0.000549532938749, 0.000441221607616, -0.00109107117169, 0.00143571780063, -0.00162176322192, 0.000856624334119, -0.000895160192158, 0.000158430673764, -0.00221863202751, 0.00959318131208]]
    },
    "melbands": {
        "dmean": [0.00189801095985, 0.00291696260683, 0.00181009748485, 0.00052232859889, 0.00024923554156, 0.000195252883714, 0.000149560859427, 0.000114934897283, 8.20576096885e-05, 0.000114643196866, 0.000113119553134, 6.33819727227e-05, 6.64050603518e-05, 6.25618049526e-05, 4.78789115732e-05, 3.48090070474e-05, 4.45719342679e-05, 4.94677951792e-05, 3.79508310289e-05, 3.82899997931e-05, 2.17852848436e-05, 1.75561945071e-05, 1.51561307575e-05, 1.20578797578e-05, 9.9628832686e-06, 1.21582506836e-05, 7.33574142942e-06, 5.86915575695e-06, 2.91123524221e-06, 2.31022704611e-06, 2.29611487157e-06, 1.40193037623e-06, 1.31488525312e-06, 1.39823805512e-06, 1.06993161353e-06, 1.19870833259e-06, 1.77057700057e-06, 1.64218261034e-06, 1.6459505332e-06, 1.75185721218e-06],
        "dmean2": [0.00319549161941, 0.00497201876715, 0.00305558857508, 0.000905768305529, 0.000401265075197, 0.000315597339068, 0.000240223089349, 0.000176311572432, 0.000124234313262, 0.000170713465195, 0.000171344232513, 9.99568947009e-05, 0.000107055711851, 9.9915851024e-05, 7.78058602009e-05, 5.88139737374e-05, 7.61508345022e-05, 8.28804768389e-05, 6.54387913528e-05, 6.30168651696e-05, 3.46387096215e-05, 2.89471372525e-05, 2.55006634688e-05, 2.01009079319e-05, 1.59438714036e-05, 1.94432268472e-05, 1.1534449186e-05, 9.35356092668e-06, 4.56426732853e-06, 3.78103754883e-06, 3.77503170057e-06, 2.15319073504e-06, 2.01089187613e-06, 2.16794774133e-06, 1.60723902809e-06, 1.77357981102e-06, 2.64959794549e-06, 2.46156741923e-06, 2.52154472946e-06, 2.67314180746e-06],
        "dvar": [2.32127240452e-05, 3.76962525479e-05, 2.30774330703e-05, 1.63485367466e-06, 3.30506168211e-07, 1.54569136157e-07, 8.2762049658e-08, 8.42855030214e-08, 5.98629412707e-08, 7.27134619183e-08, 7.05095146714e-08, 2.39809949676e-08, 3.12253156665e-08, 2.34406947186e-08, 1.96463965096e-08, 7.31756344408e-09, 1.17615925888e-08, 1.59317501414e-08, 8.19732548507e-09, 9.50841716474e-09, 3.04257730122e-09, 3.25290328007e-09, 2.20882090396e-09, 1.07023101492e-09, 5.88876170049e-10, 1.26144727997e-09, 4.01197380873e-10, 2.65190869264e-10, 5.7432940348e-11, 5.97635482769e-11, 7.71213162776e-11, 2.25981091478e-11, 2.79229920436e-11, 1.74800816183e-11, 9.5306323597e-12, 1.54690357745e-11, 3.68437919063e-11, 3.47906529974e-11, 1.55647369993e-11, 1.3788639501e-11],
        "dvar2": [6.10170100117e-05, 0.00010134515469, 5.8798937971e-05, 4.42713599114e-06, 7.83391271852e-07, 3.94702823314e-07, 2.28242299727e-07, 1.88966126302e-07, 1.29144694938e-07, 1.49002914895e-07, 1.53565522965e-07, 5.58768569192e-08, 7.3487051111e-08, 5.92374540531e-08, 5.25891827863e-08, 2.0154431013e-08, 3.33217222703e-08, 4.21404635631e-08, 2.39713724426e-08, 2.40133815055e-08, 7.66976437916e-09, 8.10033640164e-09, 5.89679771679e-09, 2.69160138622e-09, 1.50029344503e-09, 3.15154613517e-09, 9.99212712571e-10, 6.63299193349e-10, 1.40623596101e-10, 1.56178805999e-10, 2.06368255817e-10, 5.19233510354e-11, 5.8650334589e-11, 3.92322042908e-11, 2.18535640972e-11, 3.1285161961e-11, 8.07766145638e-11, 7.78385966793e-11, 3.45316032713e-11, 2.8972227395e-11],
        "max": [0.0447557196021, 0.0576824173331, 0.0456715524197, 0.0127535825595, 0.0149895930663, 0.0101500209421, 0.00480540469289, 0.00776304397732, 0.0086862584576, 0.00552670564502, 0.010340757668, 0.00465312227607, 0.00717606488615, 0.00418442394584, 0.00346163823269, 0.00161391019356, 0.00187676574569, 0.00176632276271, 0.00103028654121, 0.00249331817031, 0.00132901384495, 0.00193132821005, 0.00124919787049, 0.000739921815693, 0.000591671036091, 0.00132711802144, 0.00054618739523, 0.000520500179846, 0.000352300470695, 0.000204880096135, 0.00013873296848, 0.000192267616512, 0.000233509941609, 0.000118903037219, 7.70195038058e-05, 0.000159905452165, 0.000151308267959, 0.000158320966875, 9.75170842139e-05, 6.25707471045e-05],
        "mean": [0.00223905150779, 0.00362853659317, 0.00162749493029, 0.000516143802088, 0.000382209691452, 0.000329765898641, 0.000246463459916, 0.00020243722247, 0.000129432417452, 0.000173559630639, 0.000181247436558, 8.95218981896e-05, 9.42482001847e-05, 8.79065701156e-05, 6.85113409418e-05, 4.43054486823e-05, 5.23016169609e-05, 5.95737146796e-05, 4.40137191617e-05, 4.67648424092e-05, 2.69701049547e-05, 2.20165184146e-05, 1.82983658306e-05, 1.53115524881e-05, 1.48066301335e-05, 1.77783531399e-05, 1.17124991448e-05, 8.87441728992e-06, 4.27759459853e-06, 2.66052916231e-06, 2.35023185269e-06, 1.78184507149e-06, 1.57576005222e-06, 1.73497392097e-06, 1.5161825786e-06, 1.80333938715e-06, 2.6972577416e-06, 2.42783448812e-06, 2.39483028963e-06, 2.34486924455e-06],
        "median": [0.000336054712534, 0.000360347738024, 0.000183730502613, 0.000114875219879, 0.000136729213409, 0.000140187563375, 0.000116953371617, 5.29278622707e-05, 2.45270384767e-05, 4.61486779386e-05, 5.20815847267e-05, 3.32273411914e-05, 2.30979312619e-05, 2.2094389351e-05, 1.33223829835e-05, 1.14063714136e-05, 9.28597455641e-06, 8.51944878377e-06, 5.67421284359e-06, 6.5691101554e-06, 4.06665549235e-06, 3.37651590598e-06, 3.18859201798e-06, 3.06878564516e-06, 3.18141792377e-06, 3.11017583954e-06, 2.1111291062e-06, 1.70719943071e-06, 1.16762385005e-06, 5.5281702771e-07, 3.8516600398e-07, 3.39544499184e-07, 2.06871504815e-07, 3.53385559038e-07, 4.21917803806e-07, 3.8427847926e-07, 5.03342334923e-07, 5.04169065607e-07, 6.52134644952e-07, 7.38438529879e-07],
        "min": [6.04845688443e-25, 6.90824131541e-25, 1.28316381084e-24, 1.58104399954e-24, 1.47892644839e-24, 6.65139905151e-25, 2.50230189567e-24, 1.81882294663e-24, 1.92875031934e-24, 1.71965681995e-24, 2.92074054107e-24, 1.61143831718e-24, 3.74162288816e-24, 2.04366782892e-24, 2.3438441945e-24, 2.53807062405e-24, 2.75707024425e-24, 4.96103382026e-24, 3.10960251925e-24, 2.88027611815e-24, 3.62480363215e-24, 3.14261023446e-24, 3.15678113455e-24, 3.5625983999e-24, 4.42583705557e-24, 2.59205809504e-24, 4.23647730615e-24, 5.26908203159e-24, 5.12462266718e-24, 4.398311332e-24, 5.37711534927e-24, 4.97506410589e-24, 5.67530950461e-24, 5.27872427844e-24, 5.85124284141e-24, 4.99905336601e-24, 6.24956750588e-24, 6.78591640193e-24, 6.18673867909e-24, 5.77146928237e-24],
        "var": [2.33076352743e-05, 4.170106331e-05, 1.87793157238e-05, 1.25830570141e-06, 6.05280320087e-07, 2.98041300084e-07, 1.42337754028e-07, 2.79038943063e-07, 1.67429490716e-07, 1.47997994304e-07, 1.4654460756e-07, 3.56236498078e-08, 8.73227321563e-08, 4.12968397256e-08, 2.98110833796e-08, 8.40211900055e-09, 1.48200802741e-08, 2.01355785379e-08, 1.02143946634e-08, 1.39940636856e-08, 4.17960777099e-09, 4.61603821833e-09, 2.38297714894e-09, 1.27571553321e-09, 9.83601089466e-10, 2.07602757207e-09, 7.79380393556e-10, 4.80628870037e-10, 8.98985191844e-11, 5.34530787688e-11, 6.35329774901e-11, 2.71434090482e-11, 3.8603484992e-11, 2.53588677834e-11, 1.67935960277e-11, 3.36248980048e-11, 7.33823071752e-11, 6.05731714787e-11, 2.8686107309e-11, 2.02400231991e-11]
    },
    "mfcc": {
        "mean": [-681.047485352, 120.394943237, 6.84400224686, 7.22742891312, 9.6414270401, -7.28325080872, 10.6886339188, -0.834977865219, 0.240147829056, 3.85715985298, -3.0176179409, -2.06170153618, 2.94387531281],
        "cov": [[10833.2880859, -1565.45495605, -938.169616699, 143.657287598, 356.731506348, 129.155151367, 118.236602783, -152.621170044, -332.459320068, 6.60542821884, -46.1298904419, 25.5788383484, 37.3049316406], [-1565.45495605, 2189.73022461, 150.812026978, 22.1536979675, -18.3962631226, 2.48033499718, 246.738052368, 114.765670776, 172.897857666, 88.911605835, 39.4093933105, -11.2875976562, 47.3262939453], [-938.169616699, 150.812026978, 1925.73547363, 320.568725586, 345.29498291, 333.786712646, 188.742263794, 215.868545532, 88.800567627, -0.630855560303, 96.8395004272, 41.8575401306, -73.8211975098], [143.657287598, 22.1536979675, 320.568725586, 813.297302246, 375.28314209, 199.695739746, 171.257385254, 185.929870605, 121.931983948, 45.5662155151, 30.8174285889, 62.4451904297, 4.32114744186], [356.731506348, -18.3962631226, 345.29498291, 375.28314209, 567.689208984, 231.809356689, 153.503387451, 126.401229858, 126.654876709, 68.3262786865, 46.115020752, 32.6274185181, 10.8708839417], [129.155151367, 2.48033499718, 333.786712646, 199.695739746, 231.809356689, 574.136047363, 165.934967041, 103.858688354, 126.313011169, 85.6537780762, 56.9788322449, -22.8414936066, 16.0831356049], [118.236602783, 246.738052368, 188.742263794, 171.257385254, 153.503387451, 165.934967041, 422.373779297, 132.251174927, 76.8176345825, 132.962921143, 32.471824646, 5.44519901276, 66.6971130371], [-152.621170044, 114.765670776, 215.868545532, 185.929870605, 126.401229858, 103.858688354, 132.251174927, 276.394592285, 138.302642822, 43.9539985657, 39.3020858765, 27.1467094421, 7.88180923462], [-332.459320068, 172.897857666, 88.800567627, 121.931983948, 126.654876709, 126.313011169, 76.8176345825, 138.302642822, 286.530303955, 71.5845947266, 35.0857086182, 0.513240873814, 8.78929042816], [6.60542821884, 88.911605835, -0.630855560303, 45.5662155151, 68.3262786865, 85.6537780762, 132.962921143, 43.9539985657, 71.5845947266, 225.968795776, 43.0188713074, -0.213651627302, 49.4499320984], [-46.1298904419, 39.4093933105, 96.8395004272, 30.8174285889, 46.115020752, 56.9788322449, 32.471824646, 39.3020858765, 35.0857086182, 43.0188713074, 165.664550781, 59.9604148865, -9.67684555054], [25.5788383484, -11.2875976562, 41.8575401306, 62.4451904297, 32.6274185181, -22.8414936066, 5.44519901276, 27.1467094421, 0.513240873814, -0.213651627302, 59.9604148865, 154.10723877, 29.5810813904], [37.3049316406, 47.3262939453, -73.8211975098, 4.32114744186, 10.8708839417, 16.0831356049, 66.6971130371, 7.88180923462, 8.78929042816, 49.4499320984, -9.67684555054, 29.5810813904, 142.27583313]],
