{
"lowlevel": {
    "average_loudness": 0.893923938274,
    "barkbands_crest": {
        "dmean": 2.07379698753,
        "dmean2": 3.38250756264,
        "dvar": 4.61772203445,
        "dvar2": 11.8282079697,
        "max": 24.8103542328,
        "mean": 10.4119749069,
        "median": 9.75398445129,
        "min": 3.06045389175,
        "var": 14.6004657745
    },
    "barkbands_flatness_db": {
        "dmean": 0.0186237003654,
        "dmean2": 0.0287196077406,
        "dvar": 0.000428739207564,
        "dvar2": 0.00103247270454,
        "max": 0.604073107243,
        "mean": 0.165887445211,
        "median": 0.151995077729,
        "min": 0.0455283969641,
        "var": 0.00341404299252
    },
    "barkbands_kurtosis": {
        "dmean": 3.67873191833,
        "dmean2": 5.87970495224,
        "dvar": 78.9727935791,
        "dvar2": 209.398971558,
        "max": 208.536804199,
        "mean": 7.02150154114,
        "median": 3.13658595085,
        "min": -1.94858074188,
        "var": 146.429244995
    },
    "barkbands_skewness": {
        "dmean": 0.507227659225,
        "dmean2": 0.765451908112,
        "dvar": 0.499019235373,
        "dvar2": 1.2009562254,
        "max": 12.6520242691,
        "mean": 1.80897688866,
        "median": 1.67708802223,
        "min": -2.55619549751,
        "var": 2.06869482994
    },
    "barkbands_spread": {
        "dmean": 5.02843379974,
        "dmean2": 7.58672523499,
        "dvar": 60.3187866211,
        "dvar2": 126.826652527,
        "max": 109.41468811,
        "mean": 20.7354316711,
        "median": 18.8665847778,
        "min": 0.582088828087,
        "var": 195.858459473
    },
    "dissonance": {
        "dmean": 0.0214242935181,
        "dmean2": 0.0356377474964,
        "dvar": 0.000417390372604,
        "dvar2": 0.00110944558401,
        "max": 0.500000119209,
        "mean": 0.443037331104,
        "median": 0.452453374863,
        "min": 0.182686656713,
        "var": 0.00161939463578
    },
    "dynamic_complexity": 4.08391046524,
    "erbbands_crest": {
        "dmean": 2.3801484108,
        "dmean2": 3.66088938713,
        "dvar": 5.81336736679,
        "dvar2": 13.2131748199,
        "max": 31.6837024689,
        "mean": 11.2263126373,
        "median": 9.99390792847,
        "min": 2.51662230492,
        "var": 29.3206424713
    },
    "erbbands_flatness_db": {
        "dmean": 0.0160615574569,
        "dmean2": 0.0218533780426,
        "dvar": 0.000264264032012,
        "dvar2": 0.000461328250822,
        "max": 0.421514987946,
        "mean": 0.156485781074,
        "median": 0.153512060642,
        "min": 0.0529818981886,
        "var": 0.00233186874539
    },
    "erbbands_kurtosis": {
        "dmean": 0.987643659115,
        "dmean2": 1.51700210571,
        "dvar": 3.86383152008,
        "dvar2": 8.831407547,
        "max": 84.8817749023,
        "mean": 1.44628942013,
        "median": 0.288267612457,
        "min": -1.9219224453,
        "var": 15.3083467484
    },
    "erbbands_skewness": {
        "dmean": 0.317249566317,
        "dmean2": 0.470136195421,
        "dvar": 0.118332274258,
        "dvar2": 0.253915429115,
        "max": 8.04419898987,
        "mean": 0.650746583939,
        "median": 0.554340362549,
        "min": -3.16641902924,
        "var": 0.764450371265
    },
    "erbbands_spread": {
        "dmean": 7.78320503235,
        "dmean2": 11.3622350693,
        "dvar": 117.976882935,
        "dvar2": 237.22492981,
        "max": 210.766082764,
        "mean": 39.2149734497,
        "median": 34.5415725708,
        "min": 3.12206578255,
        "var": 500.985992432
    },
    "hfc": {
        "dmean": 5.6688990593,
        "dmean2": 7.99027109146,
        "dvar": 149.010604858,
        "dvar2": 333.235778809,
        "max": 235.544296265,
        "mean": 21.5430870056,
        "median": 14.4575872421,
        "min": 1.08701802764e-16,
        "var": 449.333221436
    },
    "melbands_crest": {
        "dmean": 2.54546117783,
        "dmean2": 4.15977334976,
        "dvar": 7.8215880394,
        "dvar2": 21.022195816,
        "max": 33.2394447327,
        "mean": 14.2837848663,
        "median": 13.3784122467,
        "min": 1.61565732956,
        "var": 26.0897407532
    },
    "melbands_flatness_db": {
        "dmean": 0.0215922221541,
        "dmean2": 0.0324198268354,
        "dvar": 0.000652772607282,
        "dvar2": 0.00146643375047,
        "max": 0.75576198101,
        "mean": 0.222726464272,
        "median": 0.20970004797,
        "min": 0.00340951816179,
        "var": 0.00649390881881
    },
    "melbands_kurtosis": {
        "dmean": 8.23330783844,
        "dmean2": 13.0699710846,
        "dvar": 438.744812012,
        "dvar2": 1138.88256836,
        "max": 540.929931641,
        "mean": 17.4080581665,
        "median": 9.80006599426,
        "min": -1.49158203602,
        "var": 765.541442871
    },
    "melbands_skewness": {
        "dmean": 0.678046047688,
        "dmean2": 1.02814817429,
        "dvar": 0.910993039608,
        "dvar2": 2.10007476807,
        "max": 17.537103653,
        "mean": 2.77310180664,
        "median": 2.55249166489,
        "min": -0.595727801323,
        "var": 3.55082798004
    },
    "melbands_spread": {
        "dmean": 4.85084581375,
        "dmean2": 7.28562355042,
        "dvar": 62.169216156,
        "dvar2": 128.40776062,
        "max": 213.781280518,
        "mean": 21.4703712463,
        "median": 15.9674482346,
        "min": 0.411114960909,
        "var": 380.562347412
    },
    "pitch_salience": {
        "dmean": 0.0582808367908,
        "dmean2": 0.0957470759749,
        "dvar": 0.00358806899749,
        "dvar2": 0.00961621105671,
        "max": 0.870987296104,
        "mean": 0.506239771843,
        "median": 0.502333879471,
        "min": 0.150380238891,
        "var": 0.0113981086761
    },
    "silence_rate_20dB": {
        "dmean": 0,
        "dmean2": 0,
        "dvar": 0,
        "dvar2": 0,
        "max": 1,
        "mean": 1,
        "median": 1,
        "min": 1,
        "var": 0
    },
    "silence_rate_30dB": {
        "dmean": 0.0179361477494,
        "dmean2": 0.035876583308,
        "dvar": 0.0176136512309,
        "dvar2": 0.040805645287,
        "max": 1,
        "mean": 0.984457194805,
        "median": 1,
        "min": 0,
        "var": 0.0153021570295
    },
    "silence_rate_60dB": {
        "dmean": 0.0143489176407,
        "dmean2": 0.0287012681365,
        "dvar": 0.014143127948,
        "dvar2": 0.0317045263946,
        "max": 1,
        "mean": 0.08703969419,
        "median": 0,
        "min": 0,
        "var": 0.0794600322843
    },
    "spectral_centroid": {
        "dmean": 181.609588623,
        "dmean2": 273.966033936,
        "dvar": 67248.625,
        "dvar2": 138354.890625,
        "max": 11696.0947266,
        "mean": 1269.79968262,
        "median": 1102.43896484,
        "min": 126.997612,
        "var": 1410766.375
    },
    "spectral_complexity": {
        "dmean": 2.08059310913,
        "dmean2": 3.22028231621,
        "dvar": 7.17512369156,
        "dvar2": 14.9761705399,
        "max": 49,
        "mean": 14.1641559601,
        "median": 14,
        "min": 0,
        "var": 56.5076217651
    },
    "spectral_decrease": {
        "dmean": 2.16026196931e-09,
        "dmean2": 3.48339290746e-09,
        "dvar": 2.62250962678e-17,
        "dvar2": 6.89602344886e-17,
        "max": 9.69386712536e-22,
        "mean": -7.19135195837e-09,
        "median": -6.19969586779e-09,
        "min": -7.42990309277e-08,
        "var": 3.98522284977e-17
    },
    "spectral_energy": {
        "dmean": 0.0084901759401,
        "dmean2": 0.0135794151574,
        "dvar": 0.000383380363928,
        "dvar2": 0.0010016936576,
        "max": 0.28236579895,
        "mean": 0.029095897451,
        "median": 0.0252899862826,
        "min": 1.00530531408e-20,
        "var": 0.000620311533567
    },
    "spectral_energyband_high": {
        "dmean": 0.000388370244764,
        "dmean2": 0.00056501547806,
        "dvar": 1.19704566259e-06,
        "dvar2": 2.83393478639e-06,
        "max": 0.0210259966552,
        "mean": 0.00095116434386,
        "median": 0.000408373336541,
        "min": 7.14391789533e-21,
        "var": 2.11874157685e-06
    },
    "spectral_energyband_low": {
        "dmean": 0.00549036962911,
        "dmean2": 0.00935267098248,
        "dvar": 0.000332973635523,
        "dvar2": 0.000902274623513,
        "max": 0.267116904259,
        "mean": 0.0114544779062,
        "median": 0.00660996232182,
        "min": 9.59918450542e-24,
        "var": 0.000344392057741
    },
    "spectral_energyband_middle_high": {
        "dmean": 0.00176504743285,
        "dmean2": 0.00238662376069,
        "dvar": 1.41358368637e-05,
        "dvar2": 2.54870174103e-05,
        "max": 0.088519461453,
        "mean": 0.00647778855637,
        "median": 0.00232160137966,
        "min": 1.21763621594e-21,
        "var": 7.99016997917e-05
    },
    "spectral_energyband_middle_low": {
        "dmean": 0.00378993269987,
        "dmean2": 0.00601428141817,
        "dvar": 4.49211183877e-05,
        "dvar2": 0.000113334564958,
        "max": 0.122813880444,
        "mean": 0.0122855165973,
        "median": 0.00957621820271,
        "min": 1.54134573016e-22,
        "var": 0.000116140872706
    },
    "spectral_entropy": {
        "dmean": 0.166203632951,
        "dmean2": 0.233207151294,
        "dvar": 0.032399572432,
        "dvar2": 0.0599478967488,
        "max": 9.82689285278,
        "mean": 7.2870593071,
        "median": 7.33806037903,
        "min": 4.05206823349,
        "var": 0.386541157961
    },
    "spectral_flux": {
        "dmean": 0.023897588253,
        "dmean2": 0.0379177108407,
        "dvar": 0.00135944515932,
        "dvar2": 0.00282884249464,
        "max": 0.467087447643,
        "mean": 0.0687629953027,
        "median": 0.0565573871136,
        "min": 6.35510880032e-11,
        "var": 0.00309121934697
    },
    "spectral_kurtosis": {
        "dmean": 1.74024891853,
        "dmean2": 2.78483390808,
        "dvar": 20.0706577301,
        "dvar2": 43.700340271,
        "max": 229.798797607,
        "mean": 5.48208045959,
        "median": 3.71288633347,
        "min": -1.58087670803,
        "var": 103.578613281
    },
    "spectral_rms": {
        "dmean": 0.00066345196683,
        "dmean2": 0.00102222361602,
        "dvar": 1.25364624637e-06,
        "dvar2": 2.96869370686e-06,
        "max": 0.0165975540876,
        "mean": 0.00483902962878,
        "median": 0.00496720802039,
        "min": 3.13174963393e-12,
        "var": 4.96997745358e-06
    },
    "spectral_rolloff": {
        "dmean": 409.173156738,
        "dmean2": 700.162414551,
        "dvar": 1233660.25,
        "dvar2": 2908939.25,
        "max": 19681.3476562,
        "mean": 1400.91308594,
        "median": 796.728515625,
        "min": 64.599609375,
        "var": 5414965
    },
    "spectral_skewness": {
        "dmean": 0.206140443683,
        "dmean2": 0.320509195328,
        "dvar": 0.0833937525749,
        "dvar2": 0.176814347506,
        "max": 12.9450807571,
        "mean": 1.75133812428,
        "median": 1.60457348824,
        "min": -0.448342710733,
        "var": 0.733608603477
    },
    "spectral_spread": {
        "dmean": 689473.25,
        "dmean2": 958015.3125,
        "dvar": 921012535296,
        "dvar2": 1.64942708736e+12,
        "max": 43097772,
        "mean": 5698995,
        "median": 5049921,
        "min": 471764.15625,
        "var": 1.67237050696e+13
    },
    "spectral_strongpeak": {
        "dmean": 0.497792035341,
        "dmean2": 0.833541274071,
        "dvar": 0.942366719246,
        "dvar2": 2.25555610657,
        "max": 11.2512750626,
        "mean": 1.30338072777,
        "median": 0.53484338522,
        "min": 0,
        "var": 2.74296021461
    },
    "zerocrossingrate": {
        "dmean": 0.0105084683746,
        "dmean2": 0.0126251243055,
        "dvar": 0.000224797782721,
        "dvar2": 0.000265668786597,
        "max": 0.52392578125,
        "mean": 0.0613498203456,
        "median": 0.05224609375,
        "min": 0.00439453125,
        "var": 0.00335561227985
    },
    "barkbands": {
        "dmean": [0.000564901682083, 0.0034708250314, 0.00188453635201, 0.00105920538772, 0.00174960680306, 0.000722893106285, 0.000718150869943, 0.000506887445226, 0.000423651305027, 0.000842252455186, 0.000526752963196, 0.000344403699273, 0.000192050574697, 0.000291645817924, 0.000289633258944, 0.000182288276847, 0.000194551801542, 0.000109155218524, 0.000117974137538, 0.000114120462968, 9.57480078796e-05, 3.79414086638e-05, 7.13282279321e-05, 5.968178084e-05, 6.29517962807e-05, 9.97286551865e-05, 1.23446763922e-09],
        "dmean2": [0.00102957990021, 0.00607323274016, 0.00318835978396, 0.00175444292836, 0.00286085042171, 0.00117479462642, 0.00110422680154, 0.000741352792829, 0.00065419008024, 0.0011949025793, 0.000715379544999, 0.00049251090968, 0.000281349377474, 0.000435571331764, 0.000444383360445, 0.000283167872112, 0.000303635024466, 0.000168822298292, 0.000176776273292, 0.000171628154931, 0.000141995566082, 5.78455183131e-05, 0.000111875553557, 8.99407750694e-05, 9.51602414716e-05, 0.00015766757133, 2.28633334487e-09],
        "dvar": [1.31722827064e-05, 0.000218990564463, 1.92097559193e-05, 4.31708213e-06, 2.0182596927e-05, 3.07511277242e-06, 6.81949268255e-06, 2.40861390921e-06, 2.08100755117e-06, 4.8553056331e-06, 5.31496243639e-06, 8.30618205327e-07, 1.32791490159e-06, 1.46655463595e-06, 6.8264625952e-07, 4.8791213203e-07, 2.88166035034e-07, 5.45521245954e-08, 5.35267652424e-08, 5.78015786346e-08, 4.56323725473e-08, 1.66948375124e-08, 7.93014365286e-08, 2.39131949797e-08, 3.3719370407e-08, 2.43391440335e-07, 3.5895618487e-18],
        "dvar2": [3.72997674276e-05, 0.000615807657596, 5.16064792464e-05, 1.1733834981e-05, 5.46340052097e-05, 8.23217305879e-06, 1.56065580086e-05, 5.06839978698e-06, 4.62853540739e-06, 1.0052342077e-05, 9.42166843743e-06, 1.54043937073e-06, 2.98203144666e-06, 3.37329765898e-06, 1.61724767622e-06, 1.13254714051e-06, 7.24568394617e-07, 1.23947273778e-07, 1.25149142605e-07, 1.23525765616e-07, 9.9279468202e-08, 4.15452561242e-08, 2.02954126394e-07, 5.00873120757e-08, 7.05892020392e-08, 6.25401071375e-07, 1.142876244e-17],
        "max": [0.0670583099127, 0.227988839149, 0.0755756869912, 0.0436490513384, 0.112616948783, 0.0757214650512, 0.0927020162344, 0.0593796223402, 0.0420764349401, 0.0398049876094, 0.0798370242119, 0.0229093004018, 0.0447128415108, 0.0390810407698, 0.024735763669, 0.0185102261603, 0.0139766838402, 0.00555185228586, 0.00552564533427, 0.00672177271917, 0.00632421625778, 0.00268193031661, 0.00569197721779, 0.00390176288784, 0.00347827281803, 0.0127994725481, 3.20015942634e-08],
        "mean": [0.000388789427234, 0.00600298400968, 0.00383877404965, 0.00203380035236, 0.00345954229124, 0.00170583208092, 0.00145565182902, 0.000994934584014, 0.000798806548119, 0.00257655419409, 0.00119727093261, 0.000832296092995, 0.000302121130517, 0.000661856262013, 0.000553778430913, 0.000271345721558, 0.000420277618105, 0.000247309566475, 0.000284046516754, 0.000318667822285, 0.00023522284755, 6.03202061029e-05, 0.000102464502561, 0.000143583412864, 0.000107625688543, 0.00010202411795, 1.01305108746e-09],
        "median": [1.79391136044e-05, 0.00313277682289, 0.00156660296489, 0.000990369589999, 0.00179651542567, 0.000680355355144, 0.000358549295925, 0.000417486007791, 0.000182814983418, 0.000225835363381, 0.000127325678477, 0.00012813891226, 2.9041304515e-05, 6.86185012455e-05, 0.000128491039504, 5.97771868343e-05, 0.000115745016956, 8.98643484106e-05, 9.06770292204e-05, 6.8705965532e-05, 6.70202134643e-05, 2.21534464799e-05, 3.65223168046e-05, 5.29802200617e-05, 3.88042171835e-05, 2.32674174185e-05, 3.37416150575e-10],
        "min": [1.03628249359e-24, 1.84208290485e-24, 9.56597188359e-25, 7.217885984e-25, 8.60086919695e-24, 4.45238774705e-24, 4.85828113748e-24, 9.85044380348e-24, 2.18932630135e-23, 1.52012265813e-23, 1.8289153175e-23, 2.53378178452e-23, 2.45332554526e-23, 3.22362707773e-23, 5.01246258145e-23, 4.86829698885e-23, 5.76676254378e-23, 1.03705737193e-22, 1.36827179326e-22, 1.71559689997e-22, 2.73298878995e-22, 3.11270730222e-22, 4.07319480547e-22, 5.38545318305e-22, 9.35167971195e-22, 1.35833921405e-21, 1.85485154945e-21],
        "var": [7.93985418568e-06, 0.000166225698194, 4.33002169302e-05, 9.03523687157e-06, 2.65137405222e-05, 1.00335728348e-05, 1.29170057335e-05, 4.89226022182e-06, 6.07924312135e-06, 2.6789282856e-05, 2.29680263146e-05, 4.36012351201e-06, 2.00622480406e-06, 3.67404368262e-06, 1.48800927491e-06, 7.63085267863e-07, 6.7784520752e-07, 1.87669854768e-07, 2.18185562062e-07, 3.06494399638e-07, 2.2754720419e-07, 2.09219326308e-08, 7.82096165608e-08, 6.34391099652e-08, 6.68061090892e-08, 2.01506651365e-07, 2.97237819864e-18]
    },
    "erbbands": {
        "dmean": [0.111398078501, 0.743197858334, 1.9504250288, 3.12121534348, 4.53855466843, 6.71396875381, 4.9692606926, 5.91634178162, 9.72770595551, 10.9617080688, 10.9915037155, 9.06081295013, 25.6840591431, 19.5157299042, 16.7906208038, 15.6848468781, 7.76699113846, 16.5082798004, 10.8341274261, 14.7053375244, 10.5454397202, 7.78887987137, 5.67649698257, 6.11786460876, 5.12151622772, 5.14802837372, 5.27782583237, 2.27626538277, 1.3957195282, 1.19045066833, 2.51758360863, 1.21174931526, 1.11558449268, 0.868016123772, 0.450202405453, 0.7600081563, 0.0656575039029, 0.00403387472034, 9.48993911152e-05, 1.48150875248e-05],
        "dmean2": [0.201153770089, 1.2818801403, 3.32503437996, 5.24893188477, 7.29668617249, 11.1684589386, 7.81488609314, 9.88286209106, 15.2026538849, 16.9587688446, 15.6210460663, 13.4989366531, 37.2004127502, 27.2133865356, 21.948261261, 22.2586917877, 10.9580039978, 24.4706707001, 16.3201522827, 22.6909198761, 15.9172992706, 11.6804389954, 8.50841999054, 9.47869300842, 7.73274374008, 7.44598197937, 7.62001514435, 3.52198171616, 2.13353395462, 1.80553221703, 3.99308919907, 1.84572601318, 1.6796759367, 1.29568994045, 0.700310587883, 1.21623814106, 0.101826548576, 0.00646466668695, 0.000148232531501, 2.2763519155e-05],
        "dvar": [0.452095657587, 6.60896778107, 20.6379165649, 47.4853591919, 76.055519104, 410.87612915, 155.807617188, 247.627609253, 900.383300781, 1816.80175781, 1220.68664551, 1208.53894043, 4264.84082031, 4884.91943359, 4663.46044922, 1617.12353516, 1330.68835449, 6987.80126953, 1218.57580566, 1901.64575195, 990.469726562, 416.013397217, 162.487243652, 170.072998047, 138.080612183, 155.023834229, 143.159332275, 42.9146881104, 23.5970954895, 15.5882511139, 108.737892151, 10.7460222244, 9.58102607727, 6.3223938942, 2.65751290321, 15.2647390366, 0.0607435591519, 0.00019769143546, 1.22735713148e-07, 1.39787326159e-09],
        "dvar2": [1.28781545162, 18.579284668, 56.9716529846, 129.302352905, 199.825042725, 1129.96191406, 405.157928467, 661.385009766, 2045.91845703, 4563.4609375, 2424.25927734, 2574.48706055, 9373.93359375, 9609.13964844, 7338.66894531, 2935.39355469, 2572.2421875, 17567.5488281, 2671.77148438, 4621.38330078, 2084.72241211, 939.854980469, 359.382171631, 404.203155518, 337.983093262, 314.370666504, 298.489624023, 107.719169617, 59.1353492737, 38.1356315613, 281.463165283, 25.4727725983, 19.2633571625, 12.6271018982, 6.53390026093, 39.4605789185, 0.148045167327, 0.000480887538288, 2.98954546452e-07, 3.43217898546e-09],
        "max": [9.33768081665, 40.098526001, 88.3282012939, 175.513244629, 186.108856201, 501.751739502, 265.604003906, 805.995483398, 963.245483398, 1520.5045166, 1607.71533203, 1157.84814453, 1550.41162109, 2220.30395508, 2805.26733398, 1001.70135498, 1788.93811035, 3078.38476562, 1111.18994141, 1105.44628906, 618.495239258, 570.210754395, 359.085449219, 293.113098145, 353.273742676, 376.397003174, 394.320892334, 154.619476318, 99.9658508301, 84.6736984253, 213.056015015, 71.8562164307, 72.6586761475, 62.8113098145, 31.6987037659, 96.6272125244, 5.21249580383, 0.293905377388, 0.00725921103731, 0.000727943028323],
        "mean": [0.124205566943, 1.52107572556, 4.39050006866, 6.47478818893, 8.69608879089, 12.1993293762, 11.5281982422, 12.8894472122, 20.9907016754, 19.849811554, 23.6934509277, 21.3839473724, 87.1983261108, 46.8099746704, 41.5819511414, 38.7975730896, 15.7871494293, 38.2364196777, 21.472026825, 27.8609733582, 21.5769252777, 18.3079681396, 13.5556097031, 14.2665138245, 13.730222702, 14.2489557266, 16.2347126007, 4.65973997116, 2.25806188583, 1.98572611809, 3.4469435215, 2.41087651253, 2.6708984375, 1.70586597919, 0.61140024662, 0.754012823105, 0.0764390006661, 0.0042541786097, 0.000123405552586, 4.31444459537e-05],
        "median": [0.0467487126589, 0.843023538589, 2.00350427628, 3.40219640732, 4.9951415062, 5.22052240372, 5.35439872742, 5.01765537262, 6.4535150528, 4.4041633606, 11.5756111145, 6.26424789429, 8.09716033936, 9.49833869934, 7.89834547043, 6.9137430191, 2.71428656578, 4.27198505402, 6.01506519318, 5.99459648132, 6.52425479889, 5.96584606171, 5.17899417877, 5.31167984009, 4.62897586823, 3.47945976257, 3.1316318512, 2.08383989334, 0.865396618843, 0.740936636925, 1.19385766983, 1.05115330219, 0.869041085243, 0.638806462288, 0.207637622952, 0.155946955085, 0.0219023954123, 0.000757195753977, 4.90143938805e-05, 3.67405918951e-05],
        "min": [1.14401908518e-22, 4.29171583954e-22, 2.39625660845e-21, 5.84475884969e-21, 2.13377103589e-20, 1.42063148795e-20, 6.59290994797e-20, 2.99251230467e-20, 1.14213661012e-19, 1.58726253101e-19, 1.80330013503e-19, 4.01233985684e-19, 6.21755735798e-19, 5.4460868427e-19, 1.13963506085e-18, 1.68612971692e-18, 1.36002068806e-18, 1.8167429832e-18, 2.00307534235e-18, 2.59350218113e-18, 3.28912778227e-18, 4.04192665978e-18, 6.61466681434e-18, 4.4923103733e-18, 7.57471538073e-18, 8.1877728471e-18, 9.47393033896e-18, 7.4672075437e-18, 9.70424306409e-18, 1.02089134004e-17, 1.20898484943e-17, 1.10159447205e-17, 9.63847145205e-18, 8.49238293485e-18, 7.08409967018e-18, 4.14910486534e-18, 2.49711082435e-18, 9.61557964219e-19, 2.47386844501e-19, 2.77351688373e-20],
        "var": [0.270193070173, 6.55431461334, 49.020816803, 88.4702377319, 129.893569946, 481.093963623, 362.369995117, 775.853759766, 2354.08837891, 2823.3347168, 2515.27124023, 4133.98583984, 34603.3632812, 14823.7070312, 23474.2539062, 8550.84082031, 2987.54541016, 12339.2626953, 2613.54516602, 3447.3515625, 2382.47119141, 1187.33789062, 616.56829834, 450.395294189, 657.498413086, 632.572509766, 915.536804199, 72.4820098877, 28.7995586395, 20.2219562531, 101.377967834, 17.6176586151, 26.2605686188, 14.4628381729, 3.09329843521, 12.3813800812, 0.0599428862333, 0.000197046829271, 1.21754681004e-07, 1.9285490982e-09]
    },
    "gfcc": {
        "mean": [-27.9624404907, 94.1341323853, -98.2300262451, 33.2314414978, -59.6538543701, 19.3313503265, -40.9221229553, 18.38804245, -32.4891357422, 1.6987452507, -19.2359256744, -4.55234241486, -6.58205080032],
        "cov": [[25712.1445312, -324.154022217, -2274.47827148, 711.049133301, -764.529724121, 797.376403809, -548.011413574, 855.784240723, -610.266296387, 435.224395752, -275.874298096, -65.2211074829, 29.4583339691], [-324.154022217, 1177.29797363, -18.6965026855, -125.33769989, -6.04314279556, -192.231674194, 93.2590255737, -167.491882324, 49.4512176514, -151.998214722, 60.9061050415, -119.825454712, 39.4642181396], [-2274.47827148, -18.6965026855, 1068.07556152, -73.4828796387, -73.5457229614, -85.9299087524, -6.05079555511, -99.6945037842, 57.2884712219, 9.73519897461, -44.9393882751, 130.516311646, -98.4906997681], [711.049133301, -125.33769989, -73.4828796387, 397.184448242, 89.5386505127, 21.7715568542, -25.4798297882, 91.3063964844, 70.1100769043, 5.66118574142, 7.61462402344, 38.3799285889, -43.7292175293], [-764.529724121, -6.04314279556, -73.5457229614, 89.5386505127, 329.669647217, 46.8969688416, 76.2141265869, 38.2153549194, 57.2437095642, -15.1069326401, 23.3680610657, 24.3749294281, -6.45229434967], [797.376403809, -192.231674194, -85.9299087524, 21.7715568542, 46.8969688416, 295.459899902, 52.9305038452, 28.5204982758, -44.3268814087, 51.0181884766, 11.5642166138, -2.59625220299, 6.14109325409], [-548.011413574, 93.2590255737, -6.05079555511, -25.4798297882, 76.2141265869, 52.9305038452, 205.090621948, -5.09943771362, 19.8562660217, -12.114033699, 24.7548408508, -39.6565475464, 11.1939487457], [855.784240723, -167.491882324, -99.6945037842, 91.3063964844, 38.2153549194, 28.5204982758, -5.09943771362, 207.550018311, 21.2689170837, 17.3590202332, -28.5110569, 24.6579837799, 8.71372795105], [-610.266296387, 49.4512176514, 57.2884712219, 70.1100769043, 57.2437095642, -44.3268814087, 19.8562660217, 21.2689170837, 154.185806274, -5.52885866165, -1.92451119423, 26.2920608521, -36.7320251465], [435.224395752, -151.998214722, 9.73519897461, 5.66118574142, -15.1069326401, 51.0181884766, -12.114033699, 17.3590202332, -5.52885866165, 129.66859436, 27.6922721863, 18.0419006348, -21.3352031708], [-275.874298096, 60.9061050415, -44.9393882751, 7.61462402344, 23.3680610657, 11.5642166138, 24.7548408508, -28.5110569, -1.92451119423, 27.6922721863, 132.382354736, -9.73954868317, 22.1078014374], [-65.2211074829, -119.825454712, 130.516311646, 38.3799285889, 24.3749294281, -2.59625220299, -39.6565475464, 24.6579837799, 26.2920608521, 18.0419006348, -9.73954868317, 161.847396851, -25.1131763458], [29.4583339691, 39.4642181396, -98.4906997681, -43.7292175293, -6.45229434967, 6.14109325409, 11.1939487457, 8.71372795105, -36.7320251465, -21.3352031708, 22.1078014374, -25.1131763458, 127.790672302]],
        "icov": [[0.000125248043332, -0.000242170586716, 0.000230854551774, -0.00025213038316, 0.000342587096384, -0.000324940250721, 0.000207015094929, -0.000446233665571, 0.000466811150545, -0.000475579145132, 0.000368620996596, -0.000172218351508, 0.000139932220918], [-0.000242170586716, 0.00187835621182, -0.00037058829912, 0.000725432008039, -0.00060277688317, 0.00128100253642, -0.000852650671732, 0.00160570791923, -0.00144507770892, 0.00219716597348, -0.00139640225098, 0.000935106654651, -0.000311625539325], [0.000230854551774, -0.00037058829912, 0.00171078462154, -0.00023728031374, 0.00096261058934, -0.00031566634425, -2.49276872637e-05, -0.000167477192008, 0.000523079535924, -0.000917013152502, 0.00101399526466, -0.00141430809163, 0.000919838552363], [-0.00025213038316, 0.000725432008039, -0.00023728031374, 0.00395646225661, -0.00123043044005, 0.000383935286663, 0.000327578716679, -0.000250208307989, -0.00216415943578, 0.00168258138001, -0.00161609228235, 0.000203505653189, 0.000891312898602], [0.000342587096384, -0.00060277688317, 0.00096261058934, -0.00123043044005, 0.00496276002377, -0.0013814632548, -0.000853052653838, -0.00142443273216, 0.000182132833288, -0.000426452810643, 0.000380893296096, -0.00142782868352, 0.000551512523089], [-0.000324940250721, 0.00128100253642, -0.00031566634425, 0.000383935286663, -0.0013814632548, 0.00553951179609, -0.00212276191451, 0.00132030423265, 0.000271562079433, -4.17863302573e-05, -0.000849262229167, 0.000407939252909, -0.000374472205294], [0.000207015094929, -0.000852650671732, -2.49276872637e-05, 0.000327578716679, -0.000853052653838, -0.00212276191451, 0.00702282739803, -0.00123195780907, -0.000333784613758, -0.000303834385704, -0.000283794099232, 0.00147283019032, 2.81143184111e-05], [-0.000446233665571, 0.00160570791923, -0.000167477192008, -0.000250208307989, -0.00142443273216, 0.00132030423265, -0.00123195780907, 0.00838354881853, -0.00259170052595, 0.000955305644311, 0.000534540857188, -8.84974579094e-05, -0.00190214416943], [0.000466811150545, -0.00144507770892, 0.000523079535924, -0.00216415943578, 0.000182132833288, 0.000271562079433, -0.000333784613758, -0.00259170052595, 0.0107613941655, -0.00223485566676, 0.0015043807216, -0.00154271442443, 0.00236004521139], [-0.000475579145132, 0.00219716597348, -0.000917013152502, 0.00168258138001, -0.000426452810643, -4.17863302573e-05, -0.000303834385704, 0.000955305644311, -0.00223485566676, 0.0128848925233, -0.00504676019773, 0.000509637466166, 0.00172411103267], [0.000368620996596, -0.00139640225098, 0.00101399526466, -0.00161609228235, 0.000380893296096, -0.000849262229167, -0.000283794099232, 0.000534540857188, 0.0015043807216, -0.00504676019773, 0.0108989290893, -0.000853182922583, -0.00184013915714], [-0.000172218351508, 0.000935106654651, -0.00141430809163, 0.000203505653189, -0.00142782868352, 0.000407939252909, 0.00147283019032, -8.84974579094e-05, -0.00154271442443, 0.000509637466166, -0.000853182922583, 0.00863247923553, 1.53773385136e-06], [0.000139932220918, -0.000311625539325, 0.000919838552363, 0.000891312898602, 0.000551512523089, -0.000374472205294, 2.81143184111e-05, -0.00190214416943, 0.00236004521139, 0.00172411103267, -0.00184013915714, 1.53773385136e-06, 0.0103611601517]]
    },
    "melbands": {
        "dmean": [0.000982462661341, 0.000984812737443, 0.000527005526237, 0.000428310973803, 0.000189481972484, 0.00013762137678, 0.000151620202814, 0.000113946472993, 8.57445265865e-05, 6.26902838121e-05, 0.000130363929202, 7.9236284364e-05, 6.84364713379e-05, 4.18896270276e-05, 2.44213151745e-05, 2.1603951609e-05, 3.34803917212e-05, 1.75310542545e-05, 2.10345933738e-05, 1.65038018167e-05, 1.41743521453e-05, 1.02018393591e-05, 7.27504902898e-06, 4.80109338241e-06, 5.61830665902e-06, 4.73895988762e-06, 2.95172162623e-06, 3.81976815333e-06, 4.31434227721e-06, 2.40628401116e-06, 1.29078546252e-06, 8.59875399328e-07, 6.86757232415e-07, 6.5647543579e-07, 1.44301918681e-06, 1.23884285586e-06, 6.90401748216e-07, 7.86857697221e-07, 9.36620210723e-07, 7.32694047656e-07],
        "dmean2": [0.0017458362272, 0.00167651835363, 0.000875743106008, 0.000701947021298, 0.000303816545056, 0.000228291493841, 0.000237040352658, 0.000176177622052, 0.000121613076772, 9.46130094235e-05, 0.000188731297385, 0.0001108835786, 8.85302579263e-05, 5.91534590058e-05, 3.54178991984e-05, 3.13962445944e-05, 4.9610993301e-05, 2.64365007752e-05, 3.2328080124e-05, 2.56790117419e-05, 2.14151350519e-05, 1.56215119205e-05, 1.10990813482e-05, 7.41678150007e-06, 8.78124592418e-06, 7.15394799045e-06, 4.48632226835e-06, 5.61401202503e-06, 6.31407147011e-06, 3.67090819964e-06, 2.09512131732e-06, 1.34733863888e-06, 1.04911180188e-06, 1.02702574623e-06, 2.31468925449e-06, 1.93997425413e-06, 1.07203402422e-06, 1.20113872981e-06, 1.42019098348e-06, 1.104750595e-06],
        "dvar": [2.55819650192e-05, 5.93994172959e-06, 1.1062751355e-06, 1.31193132802e-06, 2.28995133966e-07, 1.24684973457e-07, 2.31536887441e-07, 1.7672988406e-07, 7.69369066234e-08, 5.41171694124e-08, 1.1177426984e-07, 8.14868812427e-08, 9.05227039993e-08, 1.23885772751e-08, 5.56705659349e-09, 2.07528181306e-08, 2.40450077627e-08, 3.49347151207e-09, 5.05613773072e-09, 3.61638741175e-09, 1.80593262566e-09, 7.92093335367e-10, 4.56135573756e-10, 1.31025343353e-10, 1.52143020404e-10, 1.23949850384e-10, 3.71230615692e-11, 9.91771526015e-11, 9.85244733021e-11, 3.10685643878e-11, 2.54242477765e-11, 9.27605822015e-12, 5.00973698289e-12, 4.72946118033e-12, 3.44473581604e-11, 2.12291399737e-11, 3.95899242209e-12, 5.22681984499e-12, 6.36684455158e-12, 4.84044792096e-12],
        "dvar2": [7.23027260392e-05, 1.64195571415e-05, 2.97990595755e-06, 3.54284429704e-06, 6.24666427029e-07, 3.35385152539e-07, 5.22290065419e-07, 4.40140610181e-07, 1.51119579073e-07, 1.17218355911e-07, 2.44822842888e-07, 1.60384118431e-07, 1.45349247305e-07, 2.29510348504e-08, 1.0907543313e-08, 4.74225139158e-08, 5.79662717826e-08, 7.55871454317e-09, 1.21909833339e-08, 8.96228335989e-09, 3.86680731879e-09, 1.79077797036e-09, 1.0661822536e-09, 2.8205451863e-10, 3.62949420518e-10, 2.99252483904e-10, 8.27267906955e-11, 2.01500760522e-10, 2.11931638905e-10, 6.68721814034e-11, 6.73748418167e-11, 2.37033760675e-11, 1.23651210798e-11, 1.16639571265e-11, 8.96198323885e-11, 5.39368168184e-11, 9.64430445227e-12, 1.09299010814e-11, 1.31998552713e-11, 9.86843939899e-12],
        "max": [0.075001180172, 0.0385320410132, 0.0247613228858, 0.0302885379642, 0.00839866604656, 0.0170605462044, 0.0154652222991, 0.0135389976203, 0.0116119151935, 0.0079962965101, 0.00769464299083, 0.00823000445962, 0.0127048352733, 0.00283148232847, 0.00302938162349, 0.00520051084459, 0.00519446376711, 0.00158127793111, 0.00266414810903, 0.00191064726096, 0.000918236619327, 0.000660622958094, 0.000745808705688, 0.000358963006875, 0.000257085630437, 0.000319241313264, 0.000158898546943, 0.000330477487296, 0.000282033841358, 0.000180817660294, 0.000123397432617, 7.12278852006e-05, 4.90367565362e-05, 5.30224460817e-05, 0.000112702306069, 9.33711926336e-05, 7.27596197976e-05, 5.60020016565e-05, 7.26254947949e-05, 5.22607660969e-05],
        "mean": [0.00143412512261, 0.00229408196174, 0.00114353385288, 0.000798745197244, 0.000418845767854, 0.000310235132929, 0.000324840919347, 0.000203312854865, 0.000180894945515, 0.000141682350659, 0.000430506479461, 0.000175628811121, 0.000161455434863, 0.000102035955933, 5.18362430739e-05, 3.54808689735e-05, 7.82338611316e-05, 3.0698505725e-05, 3.83118494938e-05, 2.70480959443e-05, 2.76421851595e-05, 2.15487561945e-05, 1.50263103933e-05, 1.03214424598e-05, 1.1308806279e-05, 1.12026527859e-05, 7.55803694119e-06, 9.71743793343e-06, 1.24778689496e-05, 5.54083771931e-06, 1.80693245966e-06, 1.27604494082e-06, 1.06553625301e-06, 1.05182243715e-06, 1.9381468519e-06, 1.80202823685e-06, 1.40161421314e-06, 1.77702816018e-06, 2.01953594114e-06, 1.25776239202e-06],
        "median": [0.000703419093043, 0.00125424040016, 0.000674692215398, 0.000374695984647, 0.000201776419999, 0.000118282536278, 9.64866630966e-05, 4.90116472065e-05, 8.28212941997e-05, 2.91946762445e-05, 3.42928397004e-05, 3.13413074764e-05, 1.96486107598e-05, 1.69337818079e-05, 8.17096406536e-06, 3.39410598826e-06, 6.6910233727e-06, 7.7488275565e-06, 8.16710053186e-06, 5.79249808652e-06, 7.03295972926e-06, 5.9901849454e-06, 3.64549941878e-06, 4.38612596554e-06, 3.53110090145e-06, 3.11096960104e-06, 2.47077400672e-06, 2.03685340239e-06, 1.97952522285e-06, 1.48341780459e-06, 6.99435076967e-07, 4.39279148168e-07, 3.55014378783e-07, 3.78913370014e-07, 6.35503852209e-07, 7.27517033283e-07, 5.58286387786e-07, 5.30287536549e-07, 6.70611086662e-07, 3.66214862879e-07],
        "min": [9.20676998686e-25, 1.07828134957e-24, 1.66002445754e-24, 1.84749843496e-24, 1.93640167847e-24, 6.35847675499e-25, 2.37466775108e-24, 1.84094438135e-24, 1.35383677465e-24, 2.64209652833e-24, 2.99680290398e-24, 1.71034786684e-24, 3.26910684163e-24, 3.23379821637e-24, 3.87798696196e-24, 2.48920147983e-24, 2.99511750266e-24, 2.77681030512e-24, 4.05923603797e-24, 3.44343662143e-24, 3.46640982871e-24, 3.70931942852e-24, 3.33284423897e-24, 4.34920552951e-24, 3.35464441009e-24, 4.81394163258e-24, 5.03121561955e-24, 4.88740509324e-24, 5.62038151421e-24, 4.84544084852e-24, 3.73479963576e-24, 4.54483317324e-24, 4.87994325793e-24, 4.74258443053e-24, 6.07569664592e-24, 5.95379752011e-24, 5.47082847494e-24, 5.40428766315e-24, 5.91733952451e-24, 6.8191321792e-24],
        "var": [1.66995705513e-05, 1.1063247257e-05, 2.16408466258e-06, 1.70433145286e-06, 4.04258003073e-07, 4.39206900182e-07, 5.6070609844e-07, 2.81717461803e-07, 1.58398663075e-07, 1.85364342542e-07, 8.56047336129e-07, 2.45360070039e-07, 4.54275181028e-07, 6.40188915213e-08, 1.68601594908e-08, 2.94221216279e-08, 5.43375335837e-08, 6.51247278327e-09, 9.1076906017e-09, 4.71104133482e-09, 4.14605016985e-09, 1.8653381062e-09, 1.45725098655e-09, 3.33408523012e-10, 3.44154871268e-10, 5.69414126961e-10, 1.62525243264e-10, 3.35528493878e-10, 6.02748462253e-10, 1.29910290858e-10, 2.35852379293e-11, 1.04422078623e-11, 6.60821397602e-12, 5.89227581657e-12, 3.17426709917e-11, 2.14823159261e-11, 6.59914354065e-12, 1.28621757342e-11, 1.674342609e-11, 1.03312202543e-11]
    },
    "mfcc": {
        "mean": [-668.809692383, 122.043685913, 18.8473434448, 20.7572803497, 9.88001823425, -2.63502120972, 8.26772022247, 1.5833183527, 4.14260864258, 4.6347117424, -9.44075202942, -0.179015830159, -3.47599840164],
        "cov": [[12770.5390625, -494.312927246, -1077.11865234, 145.843231201, 150.406829834, -103.891921997, 417.519927979, 49.8624191284, 237.704818726, 456.18460083, -194.340423584, 235.262512207, 16.3879776001], [-494.312927246, 1211.36572266, 185.020904541, -24.9048976898, -77.847694397, -50.0965042114, -5.60387516022, -54.8286132812, -20.2768497467, -75.106338501, -12.6826505661, -72.5879364014, -35.664768219], [-1077.11865234, 185.020904541, 827.860168457, 2.92127752304, -76.7118453979, 40.0196838379, -101.01499939, -30.511724472, -30.837179184, -145.594116211, 75.1915283203, -19.417886734, -2.65767168999], [145.843231201, -24.9048976898, 2.92127752304, 342.457519531, 89.7723922729, -19.2419261932, -80.8223876953, 97.3101806641, 11.9911737442, -6.48173809052, 37.8302841187, 62.4501266479, 23.9762058258], [150.406829834, -77.847694397, -76.7118453979, 89.7723922729, 214.050552368, 19.4568920135, -1.53850901127, 68.4276733398, 7.71149349213, 13.5483875275, -5.19161939621, 19.4009113312, 34.5944137573], [-103.891921997, -50.0965042114, 40.0196838379, -19.2419261932, 19.4568920135, 260.840362549, 18.4679222107, 59.6104812622, -54.6884498596, 53.3702430725, 39.2215270996, -29.2038612366, 40.4457702637], [417.519927979, -5.60387516022, -101.01499939, -80.8223876953, -1.53850901127, 18.4679222107, 262.588928223, -45.6961250305, 31.2273006439, 44.6896362305, -32.7385520935, 5.93627643585, -15.3069610596], [49.8624191284, -54.8286132812, -30.511724472, 97.3101806641, 68.4276733398, 59.6104812622, -45.6961250305, 221.265914917, 25.2546653748, 32.8150939941, 15.0954427719, 11.2596607208, 42.3684921265], [237.704818726, -20.2768497467, -30.837179184, 11.9911737442, 7.71149349213, -54.6884498596, 31.2273006439, 25.2546653748, 147.313247681, 17.3428936005, -24.2446403503, -1.9206084013, -21.4975090027], [456.18460083, -75.106338501, -145.594116211, -6.48173809052, 13.5483875275, 53.3702430725, 44.6896362305, 32.8150939941, 17.3428936005, 166.386398315, 8.54557132721, 10.3354511261, 10.9483280182], [-194.340423584, -12.6826505661, 75.1915283203, 37.8302841187, -5.19161939621, 39.2215270996, -32.7385520935, 15.0954427719, -24.2446403503, 8.54557132721, 111.626564026, 22.124994278, 7.88519954681], [235.262512207, -72.5879364014, -19.417886734, 62.4501266479, 19.4009113312, -29.2038612366, 5.93627643585, 11.2596607208, -1.9206084013, 10.3354511261, 22.124994278, 110.594642639, 24.5575580597], [16.3879776001, -35.664768219, -2.65767168999, 23.9762058258, 34.5944137573, 40.4457702637, -15.3069610596, 42.3684921265, -21.4975090027, 10.9483280182, 7.88519954681, 24.5575580597, 118.790534973]],
