{
"lowlevel": {
    "average_loudness": 0.906899333,
    "barkbands_crest": {
        "dmean": 2.68353915215,
        "dmean2": 4.05624914169,
        "dvar": 7.16083812714,
        "dvar2": 14.5276947021,
        "max": 24.9840431213,
        "mean": 11.2697553635,
        "median": 10.4862918854,
        "min": 2.07563018799,
        "var": 20.5035686493
    },
    "barkbands_flatness_db": {
        "dmean": 0.0279997773468,
        "dmean2": 0.0368215702474,
        "dvar": 0.000859118881635,
        "dvar2": 0.00157295051031,
        "max": 0.517278552055,
        "mean": 0.151504531503,
        "median": 0.14027826488,
        "min": 0.0239383820444,
        "var": 0.0043504582718
    },
    "barkbands_kurtosis": {
        "dmean": 6.10012102127,
        "dmean2": 9.02662849426,
        "dvar": 201.898284912,
        "dvar2": 440.104431152,
        "max": 368.37902832,
        "mean": 9.86034107208,
        "median": 5.05211448669,
        "min": -1.95771980286,
        "var": 348.672546387
    },
    "barkbands_skewness": {
        "dmean": 0.730513095856,
        "dmean2": 1.02801001072,
        "dvar": 0.777916789055,
        "dvar2": 1.52791035175,
        "max": 15.995759964,
        "mean": 2.221098423,
        "median": 2.00330734253,
        "min": -7.94392251968,
        "var": 2.69807934761
    },
    "barkbands_spread": {
        "dmean": 8.03520011902,
        "dmean2": 11.5824861526,
        "dvar": 121.276992798,
        "dvar2": 246.985321045,
        "max": 126.800613403,
        "mean": 20.9919567108,
        "median": 15.5918245316,
        "min": 0.357982158661,
        "var": 307.482635498
    },
    "dissonance": {
        "dmean": 0.0277416929603,
        "dmean2": 0.0451014190912,
        "dvar": 0.000665002793539,
        "dvar2": 0.00169032299891,
        "max": 0.5,
        "mean": 0.43408241868,
        "median": 0.443530857563,
        "min": 0.174468010664,
        "var": 0.00195602909662
    },
    "dynamic_complexity": 3.73604202271,
    "erbbands_crest": {
        "dmean": 2.61732935905,
        "dmean2": 4.05051374435,
        "dvar": 6.56413650513,
        "dvar2": 14.3860645294,
        "max": 30.8076591492,
        "mean": 10.2956476212,
        "median": 9.43250846863,
        "min": 2.3508374691,
        "var": 23.4552555084
    },
    "erbbands_flatness_db": {
        "dmean": 0.0199241843075,
        "dmean2": 0.0261113960296,
        "dvar": 0.000432176602772,
        "dvar2": 0.000743998563848,
        "max": 0.503579378128,
        "mean": 0.147875338793,
        "median": 0.1410394907,
        "min": 0.0501136444509,
        "var": 0.00251525826752
    },
    "erbbands_kurtosis": {
        "dmean": 1.41431987286,
        "dmean2": 2.10232925415,
        "dvar": 3.81897616386,
        "dvar2": 7.86638307571,
        "max": 84.6934356689,
        "mean": 1.83937323093,
        "median": 0.888295769691,
        "min": -1.85375344753,
        "var": 12.2304811478
    },
    "erbbands_skewness": {
        "dmean": 0.416345387697,
        "dmean2": 0.600456893444,
        "dvar": 0.170371964574,
        "dvar2": 0.347272992134,
        "max": 4.3356180191,
        "mean": 0.932399153709,
        "median": 0.961447477341,
        "min": -5.3868470192,
        "var": 0.65503013134
    },
    "erbbands_spread": {
        "dmean": 12.7514343262,
        "dmean2": 18.189699173,
        "dvar": 267.665771484,
        "dvar2": 531.313781738,
        "max": 202.813537598,
        "mean": 45.1148834229,
        "median": 38.5616950989,
        "min": 1.30959844589,
        "var": 842.778930664
    },
    "hfc": {
        "dmean": 12.9035587311,
        "dmean2": 19.4645652771,
        "dvar": 664.386352539,
        "dvar2": 1703.24230957,
        "max": 266.472137451,
        "mean": 27.1432304382,
        "median": 18.8726844788,
        "min": 1.11974843951e-16,
        "var": 935.107116699
    },
    "melbands_crest": {
        "dmean": 3.33316397667,
        "dmean2": 5.13334703445,
        "dvar": 12.4392967224,
        "dvar2": 24.9098911285,
        "max": 35.2232589722,
        "mean": 15.3629236221,
        "median": 14.6264915466,
        "min": 1.48586213589,
        "var": 34.0173377991
    },
    "melbands_flatness_db": {
        "dmean": 0.034191492945,
        "dmean2": 0.0437768884003,
        "dvar": 0.00138519052416,
        "dvar2": 0.0024301353842,
        "max": 0.657696723938,
        "mean": 0.219381734729,
        "median": 0.209226042032,
        "min": 0.00237561087124,
        "var": 0.00759042520076
    },
    "melbands_kurtosis": {
        "dmean": 13.3450737,
        "dmean2": 19.6913299561,
        "dvar": 969.959533691,
        "dvar2": 2030.27490234,
        "max": 704.182128906,
        "mean": 25.4565868378,
        "median": 13.1621627808,
        "min": -1.90388131142,
        "var": 1882.36621094
    },
    "melbands_skewness": {
        "dmean": 0.934385597706,
        "dmean2": 1.34601175785,
        "dvar": 1.42377471924,
        "dvar2": 2.77173948288,
        "max": 22.0632305145,
        "mean": 3.291857481,
        "median": 2.90771579742,
        "min": -5.28519582748,
        "var": 5.22732782364
    },
    "melbands_spread": {
        "dmean": 7.58819580078,
        "dmean2": 11.0722570419,
        "dvar": 199.913391113,
        "dvar2": 378.82421875,
        "max": 241.815139771,
        "mean": 18.9442234039,
        "median": 13.4147262573,
        "min": 0.316404670477,
        "var": 475.018890381
    },
    "pitch_salience": {
        "dmean": 0.0755262076855,
        "dmean2": 0.111894614995,
        "dvar": 0.00576755264774,
        "dvar2": 0.0117147183046,
        "max": 0.94977748394,
        "mean": 0.539194405079,
        "median": 0.559365749359,
        "min": 0.0541215389967,
        "var": 0.0188870485872
    },
    "silence_rate_20dB": {
        "dmean": 0,
        "dmean2": 0,
        "dvar": 0,
        "dvar2": 0,
        "max": 1,
        "mean": 1,
        "median": 1,
        "min": 1,
        "var": 0
    },
    "silence_rate_30dB": {
        "dmean": 0.0530381649733,
        "dmean2": 0.1060885638,
        "dvar": 0.0502218306065,
        "dvar2": 0.0987462922931,
        "max": 1,
        "mean": 0.933133482933,
        "median": 1,
        "min": 0,
        "var": 0.0623984895647
    },
    "silence_rate_60dB": {
        "dmean": 0.0212152656168,
        "dmean2": 0.0424354225397,
        "dvar": 0.0207607038319,
        "dvar2": 0.0450164079666,
        "max": 1,
        "mean": 0.0970717072487,
        "median": 0,
        "min": 0,
        "var": 0.0876556932926
    },
    "spectral_centroid": {
        "dmean": 239.953475952,
        "dmean2": 348.553924561,
        "dvar": 146452.375,
        "dvar2": 275896.03125,
        "max": 11150.1904297,
        "mean": 1059.46691895,
        "median": 903.509887695,
        "min": 131.56930542,
        "var": 561231.125
    },
    "spectral_complexity": {
        "dmean": 3.344632864,
        "dmean2": 5.17712163925,
        "dvar": 27.2605705261,
        "dvar2": 57.3354530334,
        "max": 63,
        "mean": 14.2561674118,
        "median": 13,
        "min": 0,
        "var": 76.8817520142
    },
    "spectral_decrease": {
        "dmean": 3.55384388584e-09,
        "dmean2": 5.48260992161e-09,
        "dvar": 4.24677239637e-17,
        "dvar2": 9.7405572856e-17,
        "max": 5.65003003218e-20,
        "mean": -9.53867207443e-09,
        "median": -6.08132921798e-09,
        "min": -6.32792307442e-08,
        "var": 9.89253021646e-17
    },
    "spectral_energy": {
        "dmean": 0.0141565268859,
        "dmean2": 0.0219246633351,
        "dvar": 0.000638191762846,
        "dvar2": 0.00148794054985,
        "max": 0.241307243705,
        "mean": 0.0384631343186,
        "median": 0.0257688239217,
        "min": 1.01900549297e-20,
        "var": 0.00147641403601
    },
    "spectral_energyband_high": {
        "dmean": 0.00109497830272,
        "dmean2": 0.00163455191068,
        "dvar": 5.67283859709e-06,
        "dvar2": 1.4014851331e-05,
        "max": 0.0239870678633,
        "mean": 0.00157897453755,
        "median": 0.000533616985194,
        "min": 6.95552589524e-21,
        "var": 7.81568542152e-06
    },
    "spectral_energyband_low": {
        "dmean": 0.0100116850808,
        "dmean2": 0.0149387577549,
        "dvar": 0.000572934630327,
        "dvar2": 0.00122561852913,
        "max": 0.230671674013,
        "mean": 0.0191653575748,
        "median": 0.000883773667738,
        "min": 1.44797943508e-23,
        "var": 0.00116802856792
    },
    "spectral_energyband_middle_high": {
        "dmean": 0.00204744329676,
        "dmean2": 0.00330260884948,
        "dvar": 2.4268112611e-05,
        "dvar2": 6.64518374833e-05,
        "max": 0.0598571002483,
        "mean": 0.00457617640495,
        "median": 0.00221518380567,
        "min": 1.15195017912e-21,
        "var": 3.89516317227e-05
    },
    "spectral_energyband_middle_low": {
        "dmean": 0.00501062814146,
        "dmean2": 0.00795954838395,
        "dvar": 6.92067478667e-05,
        "dvar2": 0.000180236587767,
        "max": 0.111718781292,
        "mean": 0.0146878892556,
        "median": 0.0124316122383,
        "min": 2.09540603659e-22,
        "var": 0.000140671865665
    },
    "spectral_entropy": {
        "dmean": 0.251558601856,
        "dmean2": 0.331534057856,
        "dvar": 0.0847754478455,
        "dvar2": 0.156014174223,
        "max": 9.80678367615,
        "mean": 7.45189905167,
        "median": 7.50387525558,
        "min": 4.89585924149,
        "var": 0.356463760138
    },
    "spectral_flux": {
        "dmean": 0.0353624001145,
        "dmean2": 0.0554614327848,
        "dvar": 0.00223177415319,
        "dvar2": 0.00521563272923,
        "max": 0.44026067853,
        "mean": 0.0884076058865,
        "median": 0.06894351542,
        "min": 6.39890015974e-11,
        "var": 0.00518970377743
    },
    "spectral_kurtosis": {
        "dmean": 1.62405562401,
        "dmean2": 2.31512117386,
        "dvar": 8.28894424438,
        "dvar2": 16.7840805054,
        "max": 99.8868713379,
        "mean": 4.14191389084,
        "median": 3.30073952675,
        "min": -1.62440752983,
        "var": 21.1830844879
    },
    "spectral_rms": {
        "dmean": 0.000979068339802,
        "dmean2": 0.00146039423998,
        "dvar": 2.06239405998e-06,
        "dvar2": 4.36601658294e-06,
        "max": 0.0153434574604,
        "mean": 0.00538015225902,
        "median": 0.00501401210204,
        "min": 3.1530171269e-12,
        "var": 8.57908253238e-06
    },
    "spectral_rolloff": {
        "dmean": 848.24432373,
        "dmean2": 1366.03027344,
        "dvar": 3332882.25,
        "dvar2": 6684356.5,
        "max": 19315.2832031,
        "mean": 1757.75769043,
        "median": 796.728515625,
        "min": 64.599609375,
        "var": 7007363.5
    },
    "spectral_skewness": {
        "dmean": 0.272199422121,
        "dmean2": 0.37253382802,
        "dvar": 0.116518013179,
        "dvar2": 0.216664731503,
        "max": 8.30395507812,
        "mean": 1.74376070499,
        "median": 1.70929121971,
        "min": -0.206495314837,
        "var": 0.43393316865
    },
    "spectral_spread": {
        "dmean": 1129937.875,
        "dmean2": 1521439,
        "dvar": 2.41400650138e+12,
        "dvar2": 4.49935520563e+12,
        "max": 49897688,
        "mean": 6845832,
        "median": 6399524,
        "min": 1090513.25,
        "var": 7.84724341555e+12
    },
    "spectral_strongpeak": {
        "dmean": 0.438847839832,
        "dmean2": 0.731679022312,
        "dvar": 0.536890268326,
        "dvar2": 1.38119399548,
        "max": 23.8184452057,
        "mean": 1.06273913383,
        "median": 0.698346793652,
        "min": 0,
        "var": 1.14835476875
    },
    "zerocrossingrate": {
        "dmean": 0.0198884103447,
        "dmean2": 0.0209533013403,
        "dvar": 0.000606743735261,
        "dvar2": 0.000612453150097,
        "max": 0.517578125,
        "mean": 0.0758576467633,
        "median": 0.05810546875,
        "min": 0.001953125,
        "var": 0.00415583094582
    },
    "barkbands": {
        "dmean": [0.000625035376288, 0.00832093600184, 0.00351257389411, 0.00166759162676, 0.00181719800457, 0.000970470893662, 0.00050581007963, 0.00119770341553, 0.00123254023492, 0.000853581237607, 0.000453859451227, 0.000354170333594, 0.000247263815254, 0.000228270248044, 0.000242941081524, 0.000189541708096, 0.000109188105853, 0.00018022286531, 0.000197151326574, 0.000156777838129, 0.00018464315508, 0.000130419473862, 0.000169622129761, 0.000248247000854, 0.000241415022174, 0.000154480556375, 1.01608475234e-05],
        "dmean2": [0.00087736727437, 0.0120398122817, 0.0061474586837, 0.0028905463405, 0.00302027049474, 0.00156511366367, 0.000766154553276, 0.00175882340409, 0.00176184298471, 0.00129821174778, 0.000713213637937, 0.000592449156102, 0.000401497149142, 0.000355431140633, 0.000406565930462, 0.000318327132845, 0.000176929490408, 0.00030624770443, 0.000354625022737, 0.000268543779384, 0.000329678558046, 0.00019998040807, 0.00026549238828, 0.000388838321669, 0.000349037785782, 0.000239057568251, 1.64491502801e-05],
        "dvar": [3.57873045687e-06, 0.000490159087349, 0.000154833483975, 2.60237520706e-05, 8.4700222942e-06, 2.96434336633e-06, 1.01230614291e-06, 5.65940626984e-06, 5.86789474255e-06, 2.83531403511e-06, 1.12772227112e-06, 1.3504151184e-06, 3.37727584565e-07, 3.21288951e-07, 4.05405046422e-07, 2.36008261822e-07, 5.51706946794e-08, 2.12098697716e-07, 7.74135855863e-07, 3.63656170066e-07, 6.53244910609e-07, 1.08886275996e-07, 1.66534263712e-07, 2.13960305473e-07, 1.96125498064e-07, 1.16284233798e-07, 4.45204623167e-10],
        "dvar2": [6.51239088256e-06, 0.00103860197123, 0.000430382613558, 7.2857903433e-05, 2.29837169172e-05, 7.50945400796e-06, 2.30032992476e-06, 1.21669690998e-05, 1.16881328722e-05, 6.20478567726e-06, 2.70018949777e-06, 3.34241826749e-06, 7.98704434146e-07, 7.64782498663e-07, 1.07743562694e-06, 6.38574420009e-07, 1.3193364623e-07, 5.95376036472e-07, 2.22972698793e-06, 1.01495538729e-06, 1.90773812392e-06, 2.6435029099e-07, 3.9807940766e-07, 5.00892781474e-07, 3.8594129137e-07, 2.58562096178e-07, 1.14307674437e-09],
        "max": [0.0184090975672, 0.219705492258, 0.130714595318, 0.0719885230064, 0.0416996814311, 0.0358958654106, 0.0204077567905, 0.0449916645885, 0.0531994700432, 0.0308672115207, 0.0228861235082, 0.0346803292632, 0.0176857989281, 0.013156584464, 0.0120930531994, 0.00558011047542, 0.00575933465734, 0.00553335249424, 0.00998484995216, 0.00628777220845, 0.00820845831186, 0.00492862751707, 0.00828591547906, 0.00688354298472, 0.00799090322107, 0.00792634952813, 0.000321977218846],
        "mean": [0.000668930762913, 0.0130010256544, 0.00449364027008, 0.00204625865445, 0.00352493301034, 0.00221714773215, 0.00119181710761, 0.00230417330749, 0.00254862220027, 0.00178708520252, 0.000694542541169, 0.000414879817981, 0.000336944416631, 0.000392055255361, 0.000307260459522, 0.000256396771874, 0.000176292363903, 0.000265687907813, 0.000186295321328, 0.000165572753758, 0.000170932471519, 0.000198133653612, 0.000234667211771, 0.000294367549941, 0.000373905932065, 0.000201854651095, 9.75743751042e-06],
        "median": [3.0183139188e-06, 0.000133485053084, 0.000216090775211, 0.00057656847639, 0.0022958740592, 0.00126501859631, 0.000552440469619, 0.000637122953776, 0.000597228179686, 0.000471522216685, 0.000151756190462, 0.000109985747258, 7.40038231015e-05, 9.20398088056e-05, 7.59965332691e-05, 6.84672195348e-05, 7.32844346203e-05, 0.000100009587186, 4.80899543618e-05, 3.76968600904e-05, 3.09154238494e-05, 7.20404495951e-05, 7.20484531485e-05, 7.23804259906e-05, 0.000109072920168, 4.28703788202e-05, 8.71930524227e-07],
        "min": [2.36684935065e-24, 9.29907657353e-24, 1.67507395146e-24, 5.21319912507e-24, 1.94618548641e-23, 1.80589351639e-23, 2.08776424633e-23, 2.1246505934e-23, 2.56851249028e-23, 2.47147691914e-23, 3.42432812261e-23, 2.95297142551e-23, 5.26336925869e-23, 5.15760857039e-23, 6.27265146924e-23, 1.28417871589e-22, 1.03245370591e-22, 1.00150271674e-22, 1.69955449839e-22, 2.0146117862e-22, 3.36412118547e-22, 3.19081260978e-22, 4.8537250871e-22, 6.22909814311e-22, 1.00569208564e-21, 1.41292657115e-21, 2.18905372151e-21],
        "var": [4.76244713354e-06, 0.000724875717424, 0.000126932311105, 2.03866329684e-05, 1.45304138641e-05, 7.65961704019e-06, 3.11348867399e-06, 1.45958574649e-05, 1.94839831238e-05, 9.94623405859e-06, 2.25685994337e-06, 1.43858846968e-06, 6.38250014617e-07, 8.11801726286e-07, 5.24290726389e-07, 2.8532517149e-07, 1.03170890497e-07, 2.37877515019e-07, 4.71459884466e-07, 2.64766896407e-07, 4.12457382026e-07, 1.49374514535e-07, 2.28822401027e-07, 2.90015094606e-07, 4.58673952153e-07, 2.18162369947e-07, 4.43186681798e-10]
    },
    "erbbands": {
        "dmean": [0.362107366323, 1.45502471924, 3.45424771309, 5.18055725098, 5.36137008667, 6.45675897598, 9.23742008209, 7.32173109055, 5.42166090012, 14.7233562469, 25.578086853, 32.2504882812, 27.4507637024, 20.9085597992, 18.6418571472, 12.5921411514, 12.15599823, 10.8443183899, 12.1026163101, 11.2664060593, 7.50326824188, 5.61038637161, 9.53022766113, 9.87008666992, 7.55685567856, 8.00227928162, 6.44702148438, 7.47903490067, 4.53742265701, 5.65993881226, 4.71942853928, 5.254342556, 3.98469305038, 2.92680931091, 1.67077767849, 0.774926841259, 0.2447809726, 0.0501276887953, 0.00109805527609, 4.49167637271e-05],
        "dmean2": [0.528368890285, 2.101146698, 5.74025678635, 9.131483078, 9.07042121887, 10.6733236313, 14.5025806427, 12.293469429, 8.01610565186, 22.5483188629, 36.9533576965, 46.0168228149, 40.3446617126, 32.0417671204, 29.1646060944, 20.9467144012, 19.7989463806, 17.0426483154, 19.6642303467, 18.8690776825, 12.6272640228, 9.07544326782, 16.1018314362, 17.2915992737, 13.5870714188, 13.7739629745, 11.1810283661, 13.2465686798, 6.9914484024, 8.83646202087, 7.26901435852, 8.51902389526, 6.09403800964, 4.32093143463, 2.40039086342, 1.16119837761, 0.38084924221, 0.080716855824, 0.0017466727877, 6.93378242431e-05],
        "dvar": [1.19550466537, 12.3202133179, 123.639862061, 289.057098389, 148.405471802, 113.965148926, 232.077896118, 186.185394287, 111.987594604, 908.632263184, 3509.43115234, 4655.03466797, 2915.2487793, 2784.66821289, 1866.62646484, 1879.49304199, 841.547180176, 745.455200195, 835.755310059, 857.756774902, 403.286773682, 148.585510254, 641.790771484, 1458.16467285, 1058.75280762, 1052.57226562, 647.502441406, 1066.09606934, 138.646484375, 218.330245972, 117.53956604, 107.057106018, 53.0933952332, 29.5876808167, 10.3018026352, 3.4283452034, 0.255582839251, 0.00987288821489, 4.63239348392e-06, 5.16983744703e-09],
        "dvar2": [2.39430975914, 28.5429553986, 333.264678955, 802.34375, 404.448791504, 317.446716309, 568.575500488, 495.271270752, 241.365402222, 2013.72851562, 7513.81152344, 9043.04199219, 5962.06445312, 6251.34179688, 4452.16015625, 4570.17431641, 2029.29125977, 1788.98242188, 2110.52075195, 2311.75390625, 1096.03112793, 374.209075928, 1800.72558594, 4159.19042969, 3062.88989258, 2939.19628906, 1854.97741699, 3098.52050781, 345.138580322, 536.86151123, 278.999664307, 264.362976074, 115.633338928, 63.203666687, 19.9100513458, 7.44671201706, 0.593366682529, 0.0244571175426, 1.14880558613e-05, 1.2494026258e-08],
        "max": [10.4848012924, 42.9975624084, 122.4115448, 187.278625488, 184.609939575, 215.084136963, 286.047149658, 254.667495728, 283.000396729, 560.721679688, 1341.65429688, 1638.33666992, 1404.75390625, 1063.28222656, 916.30255127, 1753.7121582, 981.510742188, 782.180236816, 696.226013184, 428.425079346, 307.184539795, 254.17250061, 352.099365234, 459.742706299, 351.432220459, 342.13470459, 273.844848633, 320.526855469, 150.440597534, 418.203857422, 178.840927124, 121.105567932, 117.20639801, 85.0031890869, 63.845199585, 41.3082275391, 13.1612539291, 1.00774824619, 0.0233255531639, 0.000727231847122],
        "mean": [0.440024733543, 2.62531971931, 5.62042093277, 5.88284158707, 8.68223762512, 12.1406879425, 20.3835639954, 14.6574983597, 14.4942703247, 30.1052131653, 51.4948120117, 68.3850784302, 60.0509757996, 41.1519088745, 31.1022949219, 16.3971004486, 17.7617359161, 18.9282817841, 19.0123806, 15.6059646606, 10.9436779022, 9.3418712616, 14.2108697891, 11.6595420837, 7.38178062439, 8.1378364563, 6.61004972458, 7.28696298599, 6.6252822876, 8.35251426697, 6.16621351242, 5.61100149155, 5.09149026871, 4.20452308655, 2.60975790024, 1.08498001099, 0.315441578627, 0.0517086312175, 0.00118707935326, 8.52082448546e-05],
        "median": [0.00219379551709, 0.0391362011433, 0.245195031166, 1.3952460289, 4.18269443512, 7.41854858398, 11.8265361786, 7.69357872009, 7.39846134186, 12.4671258926, 15.3530855179, 19.4072914124, 16.8906936646, 11.3178482056, 8.32646560669, 5.11760473251, 4.40195465088, 4.89366149902, 5.70244312286, 4.72713851929, 3.80599117279, 4.03084087372, 5.26878261566, 3.90411496162, 2.04367589951, 1.89291977882, 1.41223943233, 1.44396877289, 2.19162392616, 3.02189350128, 1.78409564495, 1.13778281212, 1.32236278057, 1.18415474892, 0.733685612679, 0.25083553791, 0.0705044046044, 0.00754700880498, 0.000203970965231, 5.42230845895e-05],
        "min": [2.12674198988e-22, 1.94025411068e-21, 2.66691067033e-21, 8.02575543621e-21, 3.8402754973e-20, 5.69003584702e-20, 1.00942039222e-19, 1.380141934e-19, 1.19906783277e-19, 3.6730802589e-19, 3.90890014576e-19, 6.55051461514e-19, 5.84071299946e-19, 1.16938140626e-18, 1.30395386915e-18, 1.61403596345e-18, 1.93583031484e-18, 3.34865231954e-18, 3.58136697037e-18, 4.71514124979e-18, 7.83401747761e-18, 6.42178690705e-18, 5.27433312826e-18, 7.674516376e-18, 9.3697047546e-18, 9.6361909151e-18, 1.21289923353e-17, 1.12700537774e-17, 1.10656094716e-17, 1.35164240311e-17, 1.45105611241e-17, 1.23652888849e-17, 1.10736860631e-17, 1.05660254689e-17, 7.25546419614e-18, 4.17973370906e-18, 2.62074434063e-18, 8.99470304428e-19, 2.85290483216e-19, 3.32891922809e-20],
        "var": [1.47701704502, 23.6223201752, 138.636810303, 204.575317383, 169.929473877, 204.008071899, 646.569519043, 389.461791992, 426.824768066, 2336.9831543, 8792.90527344, 15491.1005859, 10674.5683594, 8474.5234375, 3701.71655273, 2241.12158203, 1692.22705078, 1718.98901367, 1564.90930176, 1001.55108643, 467.607757568, 265.843109131, 723.249023438, 984.33996582, 651.811889648, 738.90637207, 452.159362793, 693.096435547, 182.647750854, 287.293182373, 157.45300293, 119.245689392, 87.0765762329, 56.2810897827, 25.6217536926, 7.22616958618, 0.439687103033, 0.0108327455819, 5.28831060365e-06, 8.95959040292e-09]
    },
    "gfcc": {
        "mean": [-6.17714548111, 68.2169723511, -90.5655136108, 11.0135211945, -74.4059829712, 12.4036970139, -50.0673027039, 13.6312561035, -30.4066028595, -0.945750594139, -25.5241355896, 3.33896875381, -14.0630149841],
        "cov": [[13487.0966797, -506.872009277, -247.183334351, -30.9430351257, -77.5147323608, 531.587890625, -10.6676359177, 373.669708252, 9.86687278748, 159.730361938, -228.232650757, 52.3886299133, -180.043502808], [-506.872009277, 1826.24401855, 149.702713013, 97.6339111328, 461.87109375, 46.7635726929, 295.194763184, 61.3230934143, 218.750061035, -6.75820159912, 117.796150208, -50.8740959167, 89.1309890747], [-247.183334351, 149.702713013, 1089.32946777, 483.956420898, 344.948638916, 208.794677734, 189.049728394, 170.189819336, 143.166717529, 90.3025283813, 74.1566696167, 39.5802497864, 34.4064483643], [-30.9430351257, 97.6339111328, 483.956420898, 748.774719238, 295.130187988, 64.6310958862, 175.788238525, 120.941055298, 109.86856842, 69.8500747681, 88.2219161987, 4.45700263977, 85.3265991211], [-77.5147323608, 461.87109375, 344.948638916, 295.130187988, 478.534423828, 183.222808838, 208.46434021, 134.711273193, 153.761245728, 66.0791778564, 81.1328659058, 16.3228874207, 40.5684967041], [531.587890625, 46.7635726929, 208.794677734, 64.6310958862, 183.222808838, 357.011871338, 184.642807007, 96.619392395, 94.6317672729, 64.974861145, 43.2479858398, 22.6010360718, -6.62368011475], [-10.6676359177, 295.194763184, 189.049728394, 175.788238525, 208.46434021, 184.642807007, 329.243743896, 104.60684967, 80.1106414795, 86.887008667, 89.0560150146, 6.09045743942, 25.4802417755], [373.669708252, 61.3230934143, 170.189819336, 120.941055298, 134.711273193, 96.619392395, 104.60684967, 201.861190796, 116.305030823, 54.1266555786, 22.0620727539, 15.6247081757, 4.90632486343], [9.86687278748, 218.750061035, 143.166717529, 109.86856842, 153.761245728, 94.6317672729, 80.1106414795, 116.305030823, 191.644241333, 41.6389770508, 30.5573940277, 12.5597381592, 36.493686676], [159.730361938, -6.75820159912, 90.3025283813, 69.8500747681, 66.0791778564, 64.974861145, 86.887008667, 54.1266555786, 41.6389770508, 116.686790466, 46.4493141174, 18.8161239624, 13.4198522568], [-228.232650757, 117.796150208, 74.1566696167, 88.2219161987, 81.1328659058, 43.2479858398, 89.0560150146, 22.0620727539, 30.5573940277, 46.4493141174, 111.238243103, 34.6055526733, 29.6749019623], [52.3886299133, -50.8740959167, 39.5802497864, 4.45700263977, 16.3228874207, 22.6010360718, 6.09045743942, 15.6247081757, 12.5597381592, 18.8161239624, 34.6055526733, 93.9262466431, 31.8488197327], [-180.043502808, 89.1309890747, 34.4064483643, 85.3265991211, 40.5684967041, -6.62368011475, 25.4802417755, 4.90632486343, 36.493686676, 13.4198522568, 29.6749019623, 31.8488197327, 109.828216553]],
        "icov": [[0.000104030463262, -7.28883824195e-05, 9.4588205684e-05, -0.000124566955492, 0.000112108107714, -0.000288738287054, 0.000175925219082, -0.000290587107884, 0.000220130299567, -0.000241590925725, 0.000339759251801, -0.000195292013814, 0.000131385444547], [-7.28883824195e-05, 0.00125694624148, -0.000126196871861, 0.000740344461519, -0.00126735132653, 0.00111731840298, -0.00124476617202, 0.000862097309437, -0.00135657738429, 0.0012160934275, -0.000986876082607, 0.00115152518265, -0.000654522737022], [9.4588205684e-05, -0.000126196871861, 0.00162933790125, -0.000966933381278, -0.000262763904175, -0.000791361322626, 0.000392769026803, -0.00060740520712, 0.000248975440627, -0.000482885749079, 0.000543064728845, -0.000768563302699, 0.000536024395842], [-0.000124566955492, 0.000740344461519, -0.000966933381278, 0.00299268355593, -0.00155408249702, 0.00152676820289, -0.00114679406397, 0.000169818755239, -0.000636346521787, 0.00073877372779, -0.00154216110241, 0.00183300452773, -0.00189625227358], [0.000112108107714, -0.00126735132653, -0.000262763904175, -0.00155408249702, 0.00560807622969, -0.00196916493587, 0.000204968018807, -0.00115821056534, -0.000346803513821, -0.00066993542714, 0.000218124623643, -0.00104210828431, 0.000756264838856], [-0.000288738287054, 0.00111731840298, -0.000791361322626, 0.00152676820289, -0.00196916493587, 0.00638900185004, -0.00359384925105, 0.00141664361581, -0.00265954295173, 0.000896329642273, -0.000719711650163, 9.96239105007e-05, 0.000504602852743], [0.000175925219082, -0.00124476617202, 0.000392769026803, -0.00114679406397, 0.000204968018807, -0.00359384925105, 0.00797652546316, -0.00270674191415, 0.00264105736278, -0.00301069882698, -0.00197747093625, 0.000924842548557, -0.000199187197722], [-0.000290587107884, 0.000862097309437, -0.00060740520712, 0.000169818755239, -0.00115821056534, 0.00141664361581, -0.00270674191415, 0.01065608114, -0.00599538348615, -0.000467925798148, 0.000766335229855, -0.000796274514869, 0.00162071117666], [0.000220130299567, -0.00135657738429, 0.000248975440627, -0.000636346521787, -0.000346803513821, -0.00265954295173, 0.00264105736278, -0.00599538348615, 0.0118127400056, -0.00195438484661, 0.000822860107291, -8.96222918527e-05, -0.00238168239594], [-0.000241590925725, 0.0012160934275, -0.000482885749079, 0.00073877372779, -0.00066993542714, 0.000896329642273, -0.00301069882698, -0.000467925798148, -0.00195438484661, 0.0137600330636, -0.00459686852992, 0.000586650392506, -0.000744746183045], [0.000339759251801, -0.000986876082607, 0.000543064728845, -0.00154216110241, 0.000218124623643, -0.000719711650163, -0.00197747093625, 0.000766335229855, 0.000822860107291, -0.00459686852992, 0.0166892632842, -0.00616782251745, 0.000253953243373], [-0.000195292013814, 0.00115152518265, -0.000768563302699, 0.00183300452773, -0.00104210828431, 9.96239105007e-05, 0.000924842548557, -0.000796274514869, -8.96222918527e-05, 0.000586650392506, -0.00616782251745, 0.0157669894397, -0.00517364824191], [0.000131385444547, -0.000654522737022, 0.000536024395842, -0.00189625227358, 0.000756264838856, 0.000504602852743, -0.000199187197722, 0.00162071117666, -0.00238168239594, -0.000744746183045, 0.000253953243373, -0.00517364824191, 0.0131959356368]]
    },
    "melbands": {
        "dmean": [0.00266029615887, 0.00159759283997, 0.000896648271009, 0.000409640953876, 0.00030729782884, 0.000163415679708, 8.6851650849e-05, 0.000176250425284, 0.000214096100535, 0.000195981934667, 0.000136045055115, 8.63414243213e-05, 6.60097211949e-05, 3.99218843086e-05, 2.87976345135e-05, 2.399157529e-05, 2.14977953874e-05, 1.96637683985e-05, 1.76940739038e-05, 1.67129019246e-05, 7.66294124332e-06, 5.96117934037e-06, 8.57479972183e-06, 9.36817832553e-06, 8.18155331217e-06, 7.99972804089e-06, 3.95001870857e-06, 5.66953076486e-06, 4.13968518842e-06, 3.85931707569e-06, 4.73501086162e-06, 2.4976734494e-06, 2.79554637928e-06, 3.54231383426e-06, 2.87999591819e-06, 2.3556585802e-06, 3.74687397198e-06, 2.89860940939e-06, 2.63400511358e-06, 2.52370818998e-06],
        "dmean2": [0.00386123196222, 0.00245638354681, 0.00155976507813, 0.000693727051839, 0.000485653377837, 0.000270543532679, 0.000129033767735, 0.000269647425739, 0.000309296650812, 0.000280403502984, 0.000199071771931, 0.00013188716548, 0.000102437988971, 6.64277904434e-05, 4.74854459753e-05, 3.89900233131e-05, 3.35573713528e-05, 3.15989927913e-05, 2.96698126476e-05, 2.83526278508e-05, 1.28114088511e-05, 9.77141735348e-06, 1.41207110573e-05, 1.59580595209e-05, 1.43148481584e-05, 1.47002738231e-05, 6.81726760376e-06, 9.7778856798e-06, 7.18587807569e-06, 6.76374429531e-06, 8.40842767502e-06, 3.84437316825e-06, 4.41390466221e-06, 5.67719871469e-06, 4.52950871477e-06, 3.70723637388e-06, 6.2084336605e-06, 4.52934409623e-06, 3.94189964936e-06, 3.7611607695e-06],
        "dvar": [5.72794633626e-05, 1.83266893146e-05, 7.61084766054e-06, 5.55300687211e-07, 2.27037446621e-07, 8.75235670605e-08, 2.91043438239e-08, 1.21459194702e-07, 2.34027595525e-07, 1.66758212572e-07, 7.37125418482e-08, 4.83628106451e-08, 2.4665292031e-08, 1.64600049146e-08, 6.04362115908e-09, 3.02359715043e-09, 3.12902503907e-09, 2.15505036039e-09, 2.17293338878e-09, 2.01209005013e-09, 3.54145324177e-10, 1.64269237102e-10, 4.09376837984e-10, 5.4746629452e-10, 9.97893212507e-10, 1.46338408058e-09, 1.82822562644e-10, 5.33888988574e-10, 2.42147663032e-10, 2.41866471296e-10, 4.31001428991e-10, 3.73373935936e-11, 5.04348923736e-11, 8.51484854847e-11, 4.4430081142e-11, 2.58094864924e-11, 5.55417344061e-11, 2.85413966766e-11, 2.45171678098e-11, 2.19307592919e-11],
        "dvar2": [0.000118026175187, 4.63114520244e-05, 2.08896908589e-05, 1.54124927576e-06, 5.63843741475e-07, 2.28547364145e-07, 6.36863930481e-08, 2.6570333489e-07, 4.9653891665e-07, 3.31370642925e-07, 1.50102906105e-07, 1.0724100008e-07, 5.79781378462e-08, 4.13369285468e-08, 1.47949386076e-08, 7.15984160848e-09, 7.37808614204e-09, 5.22512300094e-09, 5.75776448741e-09, 5.5023083867e-09, 9.18313591836e-10, 4.10860678812e-10, 1.04989184013e-09, 1.54228385618e-09, 2.83241297083e-09, 4.26276658416e-09, 5.11849618245e-10, 1.48922030263e-09, 6.92450319306e-10, 6.97549684681e-10, 1.25314769672e-09, 8.84039369486e-11, 1.25226579106e-10, 2.12812142908e-10, 1.03829285447e-10, 6.278733089e-11, 1.41327199943e-10, 6.46396616788e-11, 5.21219942207e-11, 4.8295561994e-11],
        "max": [0.0704839974642, 0.048363648355, 0.0310794971883, 0.00989697501063, 0.00860009901226, 0.00600637169555, 0.00425371574238, 0.00683680735528, 0.0115710375831, 0.00915104616433, 0.00685932394117, 0.00440533692017, 0.00355842593126, 0.00393144786358, 0.00197997246869, 0.00154458824545, 0.00161809241399, 0.00111289322376, 0.00107882288285, 0.00052939314628, 0.000449346756795, 0.000305425230181, 0.000467491830932, 0.000281776447082, 0.000394882546971, 0.000420979806222, 0.000155781192007, 0.000240474910242, 0.000176414148882, 0.000184501928743, 0.000211083053728, 8.90948504093e-05, 0.000141357333632, 0.000271878321655, 0.000138954637805, 5.64485562791e-05, 9.4912640634e-05, 9.65955550782e-05, 9.33597111725e-05, 7.40491377655e-05],
        "mean": [0.00367942778394, 0.00317877298221, 0.00112942641135, 0.00074948760448, 0.000677563424688, 0.000342664803611, 0.00022512373107, 0.000351494090864, 0.000441942567704, 0.000402074569138, 0.000284261943307, 0.000162554439157, 0.000106816798507, 5.14963649039e-05, 3.89755259675e-05, 3.39566722687e-05, 3.60990306945e-05, 3.05893954646e-05, 2.28103326663e-05, 2.13524526771e-05, 1.10873634185e-05, 9.21176251722e-06, 1.20132308439e-05, 1.34788606374e-05, 9.0223229563e-06, 6.66160758556e-06, 4.3630266191e-06, 5.59073805562e-06, 4.17184310209e-06, 3.82109374186e-06, 4.46418926003e-06, 3.60976241609e-06, 3.98747215513e-06, 5.0462613217e-06, 3.85342900699e-06, 2.59190596807e-06, 3.82640382668e-06, 3.53933614861e-06, 3.47688092006e-06, 3.63433127859e-06],
        "median": [2.74383764918e-05, 0.000104245700641, 0.000346712011378, 0.000436375674326, 0.000435548718087, 0.000187485042261, 0.00011126678146, 0.000140821852256, 0.000118360214401, 9.81636549113e-05, 6.39812060399e-05, 3.94679664169e-05, 2.52267782344e-05, 1.44710893437e-05, 1.02402409539e-05, 7.8678222053e-06, 8.23443224363e-06, 8.33784179122e-06, 6.03036551183e-06, 5.11901453137e-06, 3.98854808736e-06, 3.85315706808e-06, 3.92306583308e-06, 4.73854743177e-06, 2.69749943982e-06, 1.51299877871e-06, 1.10582618618e-06, 1.16307364806e-06, 8.29817963677e-07, 7.03260013779e-07, 8.1006567143e-07, 1.13184682959e-06, 1.42310705087e-06, 1.68428823599e-06, 1.1051834008e-06, 5.37593791705e-07, 7.18918499842e-07, 8.8426838829e-07, 8.52779010074e-07, 1.03383456462e-06],
        "min": [2.65528825482e-24, 2.35837422351e-24, 2.6587748228e-24, 2.74203080831e-24, 3.79089198485e-24, 3.06523500979e-24, 2.45101134291e-24, 4.38212627281e-24, 3.09358627629e-24, 3.65041952346e-24, 2.72492751503e-24, 4.23365791728e-24, 4.31279880987e-24, 3.52620587976e-24, 5.35759932491e-24, 3.87915920926e-24, 6.14222523036e-24, 4.75685807975e-24, 4.6198301795e-24, 7.64070162414e-24, 7.78636163484e-24, 6.42352435169e-24, 4.31971672558e-24, 4.1375730813e-24, 6.18226938763e-24, 5.6101957422e-24, 6.61105709924e-24, 6.30553876483e-24, 7.65323346848e-24, 6.06887299909e-24, 6.06431338305e-24, 5.79668601007e-24, 6.04268676134e-24, 6.62185542175e-24, 7.71561895544e-24, 6.76628638716e-24, 7.38119084101e-24, 6.95447783357e-24, 7.06735830708e-24, 8.94475180934e-24],
        "var": [7.51963816583e-05, 3.25172077282e-05, 5.7547013057e-06, 8.53866254147e-07, 5.8392140545e-07, 1.96450372414e-07, 1.07990139497e-07, 3.2312817666e-07, 6.19207526142e-07, 5.31894727374e-07, 2.68442306606e-07, 1.48723572124e-07, 5.08906055074e-08, 1.75164949212e-08, 9.69724212041e-09, 5.5691304901e-09, 7.3702515202e-09, 4.4685948275e-09, 2.6779340967e-09, 2.22166463004e-09, 4.81091833038e-10, 2.66944771843e-10, 6.7376809687e-10, 6.19507389832e-10, 6.76739109196e-10, 8.34647573278e-10, 1.42675010695e-10, 3.74093478417e-10, 1.72189165704e-10, 1.67147282126e-10, 2.7880650566e-10, 5.43535702557e-11, 6.68727850872e-11, 1.09492893918e-10, 6.20488105341e-11, 3.00278170384e-11, 5.70685061707e-11, 4.29303051441e-11, 4.34122390813e-11, 4.11271676437e-11]
    },
    "mfcc": {
        "mean": [-659.37286377, 111.395759583, 24.9089164734, 2.82760548592, 0.361562818289, -8.06925773621, -8.6650056839, 2.38280534744, -2.17776656151, -5.49676513672, 0.427328258753, -10.2633810043, -6.35164928436],
        "cov": [[9752.92675781, -273.817138672, -229.750701904, -356.01272583, 1.66082155704, 56.2447547913, 63.3327560425, 216.006286621, 209.79145813, 301.768310547, -13.1300430298, -5.71009540558, 79.1360015869], [-273.817138672, 1665.72290039, -46.2806282043, 118.838066101, 155.71875, 126.772064209, 99.0787124634, 153.81993103, 91.615562439, 92.9716873169, 129.127883911, 42.2966346741, 33.0461082458], [-229.750701904, -46.2806282043, 748.92578125, 311.283416748, 231.024520874, 129.691299438, 129.512619019, 96.1435852051, 135.280670166, 61.2047958374, 43.7193489075, 129.527770996, 67.9058151245], [-356.01272583, 118.838066101, 311.283416748, 695.484313965, 239.717208862, 81.924621582, 156.391418457, 49.1852607727, 160.501235962, 35.1710395813, 20.7011451721, 167.230224609, 86.0056381226], [1.66082155704, 155.71875, 231.024520874, 239.717208862, 385.610778809, 119.802322388, 60.0230865479, 127.099159241, 130.834869385, 91.4322967529, 41.0510215759, 75.0339736938, 71.006149292], [56.2447547913, 126.772064209, 129.691299438, 81.924621582, 119.802322388, 286.056396484, 181.278564453, 99.5478668213, 80.2589111328, 74.5872497559, 87.7017288208, 47.2935066223, 33.2682800293], [63.3327560425, 99.0787124634, 129.512619019, 156.391418457, 60.0230865479, 181.278564453, 280.876190186, 92.0273895264, 70.4237518311, 85.7598266602, 78.0770721436, 82.6267852783, 35.2130012512], [216.006286621, 153.81993103, 96.1435852051, 49.1852607727, 127.099159241, 99.5478668213, 92.0273895264, 195.394485474, 94.9751434326, 84.5936203003, 81.9226150513, 33.3388633728, 46.8900184631], [209.79145813, 91.615562439, 135.280670166, 160.501235962, 130.834869385, 80.2589111328, 70.4237518311, 94.9751434326, 194.161483765, 93.6933364868, 52.228012085, 61.6111412048, 46.6745872498], [301.768310547, 92.9716873169, 61.2047958374, 35.1710395813, 91.4322967529, 74.5872497559, 85.7598266602, 84.5936203003, 93.6933364868, 178.194900513, 68.0804824829, 38.9622840881, 31.2085342407], [-13.1300430298, 129.127883911, 43.7193489075, 20.7011451721, 41.0510215759, 87.7017288208, 78.0770721436, 81.9226150513, 52.228012085, 68.0804824829, 164.320617676, 27.2871456146, 19.5516395569], [-5.71009540558, 42.2966346741, 129.527770996, 167.230224609, 75.0339736938, 47.2935066223, 82.6267852783, 33.3388633728, 61.6111412048, 38.9622840881, 27.2871456146, 154.203353882, 44.2330474854], [79.1360015869, 33.0461082458, 67.9058151245, 86.0056381226, 71.006149292, 33.2682800293, 35.2130012512, 46.8900184631, 46.6745872498, 31.2085342407, 19.5516395569, 44.2330474854, 105.148826599]],
