{
"lowlevel": {
    "average_loudness": 0.547834277153,
    "barkbands_crest": {
        "dmean": 2.80875229836,
        "dmean2": 4.57475137711,
        "dvar": 6.44742631912,
        "dvar2": 17.5624485016,
        "max": 25.6583213806,
        "mean": 12.2976741791,
        "median": 11.610326767,
        "min": 3.10663247108,
        "var": 22.403673172
    },
    "barkbands_flatness_db": {
        "dmean": 0.026619438082,
        "dmean2": 0.0400361642241,
        "dvar": 0.000786439632066,
        "dvar2": 0.00164354033768,
        "max": 0.580483496189,
        "mean": 0.220746636391,
        "median": 0.194922104478,
        "min": 0.0340730398893,
        "var": 0.0092920968309
    },
    "barkbands_kurtosis": {
        "dmean": 7.32092428207,
        "dmean2": 11.5007753372,
        "dvar": 193.728530884,
        "dvar2": 469.872314453,
        "max": 416.692779541,
        "mean": 13.8141937256,
        "median": 5.87799453735,
        "min": -1.92682111263,
        "var": 490.66607666
    },
    "barkbands_skewness": {
        "dmean": 0.734082102776,
        "dmean2": 1.11990296841,
        "dvar": 0.658501088619,
        "dvar2": 1.52975559235,
        "max": 16.0138988495,
        "mean": 2.33943605423,
        "median": 2.00815629959,
        "min": -2.47622895241,
        "var": 3.41183280945
    },
    "barkbands_spread": {
        "dmean": 4.52404975891,
        "dmean2": 6.88717985153,
        "dvar": 50.6855010986,
        "dvar2": 98.9690628052,
        "max": 108.136947632,
        "mean": 15.1808052063,
        "median": 10.6193399429,
        "min": 0.245283707976,
        "var": 257.973083496
    },
    "dissonance": {
        "dmean": 0.0291201937944,
        "dmean2": 0.0483855605125,
        "dvar": 0.00072433630703,
        "dvar2": 0.00190852431115,
        "max": 0.500000119209,
        "mean": 0.436564147472,
        "median": 0.447998672724,
        "min": 0.144069045782,
        "var": 0.00220033922233
    },
    "dynamic_complexity": 5.53896141052,
    "erbbands_crest": {
        "dmean": 3.1362888813,
        "dmean2": 5.07734012604,
        "dvar": 9.15610027313,
        "dvar2": 21.9978885651,
        "max": 32.6102714539,
        "mean": 10.4035778046,
        "median": 9.2788105011,
        "min": 2.63052129745,
        "var": 22.8997478485
    },
    "erbbands_flatness_db": {
        "dmean": 0.0207732189447,
        "dmean2": 0.0305794943124,
        "dvar": 0.0004619594838,
        "dvar2": 0.00094668980455,
        "max": 0.38091173768,
        "mean": 0.176215931773,
        "median": 0.164926499128,
        "min": 0.0309912431985,
        "var": 0.00303659867495
    },
    "erbbands_kurtosis": {
        "dmean": 2.06979203224,
        "dmean2": 3.22780442238,
        "dvar": 9.91361904144,
        "dvar2": 23.082321167,
        "max": 76.853729248,
        "mean": 3.0053319931,
        "median": 1.54784631729,
        "min": -1.85279691219,
        "var": 24.3221359253
    },
    "erbbands_skewness": {
        "dmean": 0.481987535954,
        "dmean2": 0.728818535805,
        "dvar": 0.21924072504,
        "dvar2": 0.486925721169,
        "max": 6.96270084381,
        "mean": 0.946635603905,
        "median": 0.950795650482,
        "min": -4.22488117218,
        "var": 1.14582014084
    },
    "erbbands_spread": {
        "dmean": 9.32441806793,
        "dmean2": 14.3164596558,
        "dvar": 138.326126099,
        "dvar2": 316.127044678,
        "max": 148.366714478,
        "mean": 33.7050476074,
        "median": 29.2985935211,
        "min": 1.62292790413,
        "var": 460.678771973
    },
    "hfc": {
        "dmean": 4.97180891037,
        "dmean2": 7.2147026062,
        "dvar": 93.4109725952,
        "dvar2": 188.386016846,
        "max": 184.796936035,
        "mean": 13.8006315231,
        "median": 4.9046626091,
        "min": 1.04728993248e-16,
        "var": 399.462188721
    },
    "melbands_crest": {
        "dmean": 3.31219339371,
        "dmean2": 5.42646121979,
        "dvar": 8.31064033508,
        "dvar2": 22.4329338074,
        "max": 32.8315467834,
        "mean": 16.3429317474,
        "median": 16.0532207489,
        "min": 1.56063628197,
        "var": 30.8721485138
    },
    "melbands_flatness_db": {
        "dmean": 0.0323561429977,
        "dmean2": 0.0466945543885,
        "dvar": 0.00127166858874,
        "dvar2": 0.00249705812894,
        "max": 0.72133988142,
        "mean": 0.288139730692,
        "median": 0.261974960566,
        "min": 0.00310788280331,
        "var": 0.0156801473349
    },
    "melbands_kurtosis": {
        "dmean": 12.9596967697,
        "dmean2": 20.3453769684,
        "dvar": 546.333007812,
        "dvar2": 1333.92138672,
        "max": 458.390899658,
        "mean": 25.2390575409,
        "median": 13.5029296875,
        "min": -1.90161764622,
        "var": 1223.34472656
    },
    "melbands_skewness": {
        "dmean": 0.904590070248,
        "dmean2": 1.37998771667,
        "dvar": 1.00620818138,
        "dvar2": 2.34837079048,
        "max": 15.213517189,
        "mean": 3.11674642563,
        "median": 2.85482263565,
        "min": -1.88923859596,
        "var": 4.19045591354
    },
    "melbands_spread": {
        "dmean": 4.59928894043,
        "dmean2": 6.93802785873,
        "dvar": 67.8548583984,
        "dvar2": 128.132217407,
        "max": 246.28692627,
        "mean": 15.7353668213,
        "median": 9.49426841736,
        "min": 0.402528077364,
        "var": 463.983795166
    },
    "pitch_salience": {
        "dmean": 0.0766706392169,
        "dmean2": 0.125118196011,
        "dvar": 0.00457276590168,
        "dvar2": 0.0123377656564,
        "max": 0.859854578972,
        "mean": 0.499106496572,
        "median": 0.503221035004,
        "min": 0.107032626867,
        "var": 0.0141513869166
    },
    "silence_rate_20dB": {
        "dmean": 0,
        "dmean2": 0,
        "dvar": 0,
        "dvar2": 0,
        "max": 1,
        "mean": 1,
        "median": 1,
        "min": 1,
        "var": 0
    },
    "silence_rate_30dB": {
        "dmean": 0.0118984198198,
        "dmean2": 0.0237989518791,
        "dvar": 0.0117568699643,
        "dvar2": 0.0290951542556,
        "max": 1,
        "mean": 0.988635361195,
        "median": 1,
        "min": 0,
        "var": 0.0112359011546
    },
    "silence_rate_60dB": {
        "dmean": 0.0241520162672,
        "dmean2": 0.0483083203435,
        "dvar": 0.0235656071454,
        "dvar2": 0.0537781044841,
        "max": 1,
        "mean": 0.145520731807,
        "median": 0,
        "min": 0,
        "var": 0.124324284494
    },
    "spectral_centroid": {
        "dmean": 188.602416992,
        "dmean2": 279.895050049,
        "dvar": 79555.5390625,
        "dvar2": 148756.25,
        "max": 11717.6464844,
        "mean": 963.882873535,
        "median": 710.577941895,
        "min": 122.271224976,
        "var": 1356437.75
    },
    "spectral_complexity": {
        "dmean": 2.27206540108,
        "dmean2": 3.42687153816,
        "dvar": 9.01155471802,
        "dvar2": 17.1937904358,
        "max": 57,
        "mean": 11.189291954,
        "median": 8,
        "min": 0,
        "var": 70.2658462524
    },
    "spectral_decrease": {
        "dmean": 2.26250196356e-09,
        "dmean2": 3.60488683349e-09,
        "dvar": 1.32313064544e-17,
        "dvar2": 3.47086573214e-17,
        "max": 1.49406194144e-28,
        "mean": -5.92742921413e-09,
        "median": -4.09311429195e-09,
        "min": -5.69358427072e-08,
        "var": 3.63111841006e-17
    },
    "spectral_energy": {
        "dmean": 0.00889638252556,
        "dmean2": 0.0141237881035,
        "dvar": 0.000203314863029,
        "dvar2": 0.000526148767676,
        "max": 0.231650844216,
        "mean": 0.023623265326,
        "median": 0.0161263793707,
        "min": 9.74766597497e-21,
        "var": 0.000583958171774
    },
    "spectral_energyband_high": {
        "dmean": 0.000204331474379,
        "dmean2": 0.000296675571008,
        "dvar": 2.18493056536e-07,
        "dvar2": 4.37692904143e-07,
        "max": 0.00909752864391,
        "mean": 0.000455005065305,
        "median": 9.20613820199e-05,
        "min": 7.02982109297e-21,
        "var": 7.21127548786e-07
    },
    "spectral_energyband_low": {
        "dmean": 0.00543952034786,
        "dmean2": 0.00916304346174,
        "dvar": 0.000117623465485,
        "dvar2": 0.000340120925102,
        "max": 0.166329324245,
        "mean": 0.011039596051,
        "median": 0.00767460884526,
        "min": 9.37524819367e-24,
        "var": 0.000167222038726
    },
    "spectral_energyband_middle_high": {
        "dmean": 0.00205478491262,
        "dmean2": 0.00302708335221,
        "dvar": 3.05212088278e-05,
        "dvar2": 6.56640404486e-05,
        "max": 0.135654002428,
        "mean": 0.00445071933791,
        "median": 0.000551999313757,
        "min": 1.21902410627e-21,
        "var": 0.000107490690425
    },
    "spectral_energyband_middle_low": {
        "dmean": 0.00407390715554,
        "dmean2": 0.0062577505596,
        "dvar": 5.61552442377e-05,
        "dvar2": 0.000123231264297,
        "max": 0.190256178379,
        "mean": 0.00909960642457,
        "median": 0.00438167667016,
        "min": 1.62480304875e-22,
        "var": 0.000150979612954
    },
    "spectral_entropy": {
        "dmean": 0.230808079243,
        "dmean2": 0.331976890564,
        "dvar": 0.0780227929354,
        "dvar2": 0.149973407388,
        "max": 9.82505893707,
        "mean": 7.12542581558,
        "median": 7.28851652145,
        "min": 4.62126064301,
        "var": 0.680525958538
    },
    "spectral_flux": {
        "dmean": 0.0206186920404,
        "dmean2": 0.0326911173761,
        "dvar": 0.000655399868265,
        "dvar2": 0.00144083821215,
        "max": 0.337257504463,
        "mean": 0.0703368261456,
        "median": 0.0582247413695,
        "min": 6.42826694652e-11,
        "var": 0.00268075359054
    },
    "spectral_kurtosis": {
        "dmean": 3.21024656296,
        "dmean2": 5.06254482269,
        "dvar": 42.0807609558,
        "dvar2": 100.331367493,
        "max": 128.114440918,
        "mean": 8.51761054993,
        "median": 4.2357172966,
        "min": -1.28438711166,
        "var": 205.576644897
    },
    "spectral_rms": {
        "dmean": 0.000777810753789,
        "dmean2": 0.00120364595205,
        "dvar": 8.91188051355e-07,
        "dvar2": 2.24965378948e-06,
        "max": 0.0150333233178,
        "mean": 0.0042106481269,
        "median": 0.00396649120376,
        "min": 3.083815538e-12,
        "var": 5.3176045185e-06
    },
    "spectral_rolloff": {
        "dmean": 307.599822998,
        "dmean2": 520.758972168,
        "dvar": 655920.25,
        "dvar2": 1390692.875,
        "max": 19638.28125,
        "mean": 1066.42431641,
        "median": 495.263671875,
        "min": 64.599609375,
        "var": 4849972.5
    },
    "spectral_skewness": {
        "dmean": 0.347319662571,
        "dmean2": 0.521732509136,
        "dvar": 0.231129139662,
        "dvar2": 0.493932574987,
        "max": 9.63990497589,
        "mean": 2.12723827362,
        "median": 1.79822897911,
        "min": -0.198502421379,
        "var": 1.73874437809
    },
    "spectral_spread": {
        "dmean": 687829.25,
        "dmean2": 1008385.8125,
        "dvar": 926810636288,
        "dvar2": 1.91092752384e+12,
        "max": 44376632,
        "mean": 5104319,
        "median": 4637672.5,
        "min": 667804.5,
        "var": 1.47726438236e+13
    },
    "spectral_strongpeak": {
        "dmean": 0.461263149977,
        "dmean2": 0.77578407526,
        "dvar": 1.11099088192,
        "dvar2": 2.69225287437,
        "max": 16.3082046509,
        "mean": 0.743135452271,
        "median": 0.232474446297,
        "min": 0,
        "var": 2.24410200119
    },
    "zerocrossingrate": {
        "dmean": 0.00844867061824,
        "dmean2": 0.009885776788,
        "dvar": 0.000150589767145,
        "dvar2": 0.000154500696226,
        "max": 0.52587890625,
        "mean": 0.0452378727496,
        "median": 0.03369140625,
        "min": 0.001953125,
        "var": 0.00341186439618
    },
    "barkbands": {
        "dmean": [0.000310836680001, 0.00415933784097, 0.00146695040166, 0.00093635788653, 0.000872282194905, 0.000583150191233, 0.000737751019187, 0.00126333010849, 0.000913741183467, 0.0012341204565, 0.000478649424622, 0.00037101804628, 0.000194266584003, 0.000450517429272, 0.000217116466956, 0.000147463506437, 0.000101916324638, 7.76869783294e-05, 7.75610242272e-05, 7.40240066079e-05, 3.68950313714e-05, 4.55950939795e-05, 5.02988623339e-05, 4.75423948956e-05, 3.51556336682e-05, 3.43937313119e-06, 8.96801577444e-10],
        "dmean2": [0.000536806299351, 0.00710620731115, 0.00244932388887, 0.00153311551549, 0.00145170895848, 0.000923064770177, 0.00117776216939, 0.00198991922662, 0.00146759406198, 0.00183565914631, 0.000767114688642, 0.000591483374592, 0.000316841615131, 0.000724567100406, 0.000345266977092, 0.000228913049796, 0.000162185402587, 0.000122416895465, 0.000122381155961, 0.000118462223327, 5.72570716031e-05, 6.89098160365e-05, 7.58570968173e-05, 7.08769730409e-05, 5.27187439729e-05, 4.94093274028e-06, 1.66891789277e-09],
        "dvar": [7.67880919739e-07, 7.80122354627e-05, 1.19111937238e-05, 3.74855335394e-06, 2.7102266813e-06, 1.46978015891e-06, 3.64325114788e-06, 1.26451013784e-05, 1.26096265376e-05, 2.54876540566e-05, 3.18199568028e-06, 2.38902930505e-06, 5.36149002528e-07, 4.77689764011e-06, 9.80135723694e-07, 7.13262750196e-07, 1.36368655035e-07, 3.25116467081e-08, 1.29945647132e-07, 2.8228997806e-08, 8.09024669479e-09, 1.42019276339e-08, 2.16332427527e-08, 1.25744916701e-08, 7.04968527998e-09, 1.58019777818e-10, 2.92971284303e-18],
        "dvar2": [2.03479362426e-06, 0.000235754356254, 3.35203330906e-05, 9.57596967055e-06, 7.23002904124e-06, 3.54029202754e-06, 8.78277387528e-06, 3.03337092191e-05, 3.32711933879e-05, 5.15891370014e-05, 8.08350705483e-06, 5.74301475353e-06, 1.26716645354e-06, 1.21928469525e-05, 2.40036115429e-06, 1.43124373153e-06, 3.32609317866e-07, 7.89948941815e-08, 2.93247012451e-07, 7.07671361511e-08, 1.86278246161e-08, 3.05665750489e-08, 4.64493297159e-08, 2.70430184912e-08, 1.47190819533e-08, 3.03997826911e-10, 9.50053908491e-18],
        "max": [0.0142421526834, 0.128989383578, 0.0624986812472, 0.0403290949762, 0.0278327707201, 0.0326414965093, 0.0451763570309, 0.0878910794854, 0.0974399596453, 0.174525946379, 0.0581043735147, 0.0631159096956, 0.0234881788492, 0.0629668757319, 0.0370092056692, 0.0418530665338, 0.0153226666152, 0.0035387375392, 0.0148955220357, 0.0038017409388, 0.00212598592043, 0.00444545317441, 0.00370738399215, 0.00209840852767, 0.00197933940217, 0.000471147563076, 3.04711953447e-08],
        "mean": [0.000636036740616, 0.00740953953937, 0.00215717125684, 0.00163789023645, 0.0014802608639, 0.000941143080126, 0.00107121991459, 0.0016284493031, 0.00117855833378, 0.00189735449385, 0.000694167218171, 0.000497533823363, 0.000258318177657, 0.000641206570435, 0.000310238858219, 0.000217919179704, 0.000170466519194, 0.00013375726121, 0.00012830158812, 0.00013833506091, 6.32513838354e-05, 8.71363299666e-05, 9.03842956177e-05, 8.74697725521e-05, 6.03880616836e-05, 6.79694267092e-06, 7.27840510084e-10],
        "median": [0.000334298791131, 0.004688850604, 0.00113191339187, 0.000593213306274, 0.000724325422198, 0.000425415521022, 0.000308902293909, 0.00021945964545, 0.000115811657452, 9.95898080873e-05, 6.85002232785e-05, 2.55763116002e-05, 2.71333992714e-05, 1.81190534931e-05, 1.69594641193e-05, 1.05313756649e-05, 1.40820829984e-05, 2.24053728743e-05, 1.77518577402e-05, 1.82279400178e-05, 1.06200905066e-05, 9.09442496777e-06, 1.47000191646e-05, 1.77064757736e-05, 1.08254289444e-05, 5.86392559399e-07, 2.03749170313e-10],
        "min": [1.41544930119e-25, 1.51065344793e-24, 6.21047757449e-25, 1.72354077662e-25, 7.73797842894e-24, 5.53692042487e-24, 1.27335931503e-23, 4.82790289288e-24, 1.59795893256e-23, 1.50297045547e-23, 1.62458109485e-23, 3.21662167735e-23, 3.29268238365e-23, 8.32674949872e-24, 4.09330173398e-23, 5.37818922562e-23, 5.501046423e-23, 7.64096352596e-23, 1.05431600771e-22, 1.97986808001e-22, 2.4403860176e-22, 2.93546956814e-22, 4.1728343749e-22, 6.06599704888e-22, 8.76595061604e-22, 1.21773486773e-21, 1.74509623362e-21],
        "var": [9.55526161306e-07, 9.84381404123e-05, 1.27750727188e-05, 9.06331206352e-06, 5.22503887623e-06, 2.35852553487e-06, 5.19325976711e-06, 1.82781732292e-05, 1.49365350808e-05, 6.73110262142e-05, 6.15635053691e-06, 4.30057616541e-06, 7.52814230509e-07, 8.28553766041e-06, 1.57555746227e-06, 1.62306446327e-06, 4.03679962346e-07, 7.20986363945e-08, 1.67345717728e-07, 7.53644684437e-08, 1.85823108012e-08, 4.03380688851e-08, 6.0638235766e-08, 3.73601096726e-08, 1.93073521615e-08, 5.53322554442e-10, 2.22539502122e-18]
    },
    "erbbands": {
        "dmean": [0.143935471773, 0.935498416424, 1.71200335026, 2.50680136681, 2.67526912689, 3.12693119049, 3.56500697136, 5.23960638046, 9.17834091187, 20.0017127991, 23.4088916779, 22.8749370575, 41.7232322693, 19.084487915, 18.7421875, 17.1119098663, 9.13747119904, 22.2337665558, 11.3171491623, 12.1680774689, 6.74424171448, 4.2510304451, 4.34324121475, 4.29454755783, 3.42998552322, 3.65944719315, 1.90095984936, 1.36998164654, 1.64550817013, 1.54041349888, 1.45748198032, 1.11250126362, 0.741526722908, 0.473184585571, 0.235055357218, 0.0263959467411, 0.00587543053553, 0.00044175144285, 1.28323117679e-05, 1.05978824649e-05],
        "dmean2": [0.245068088174, 1.60512816906, 2.89695978165, 4.12017393112, 4.47776031494, 5.24073934555, 5.84684753418, 8.32294368744, 14.5084276199, 32.3526649475, 35.9808731079, 36.7159004211, 62.564414978, 28.9764785767, 29.4927482605, 27.2345428467, 14.5840749741, 35.6567077637, 17.5924339294, 18.8454780579, 10.2133665085, 6.49217987061, 6.83567333221, 6.66110086441, 5.40058803558, 5.83095264435, 2.96146202087, 2.11977314949, 2.54023003578, 2.30018281937, 2.21236824989, 1.67327046394, 1.11139333248, 0.711425662041, 0.356597900391, 0.0383625216782, 0.00852242670953, 0.000657264259644, 1.87506593647e-05, 1.65652327269e-05],
        "dvar": [0.0853958725929, 3.96581149101, 15.4762086868, 28.7910804749, 33.8531036377, 38.4204101562, 59.4845504761, 137.079772949, 456.826324463, 3816.55908203, 4923.44824219, 8306.04980469, 30643.6738281, 7015.99511719, 3951.10742188, 5701.88818359, 889.050598145, 12307.9130859, 2906.38574219, 2994.01464844, 870.378540039, 246.537734985, 113.762741089, 566.888977051, 85.6315841675, 78.2852249146, 23.1064319611, 11.442990303, 18.393907547, 23.2985839844, 17.5544013977, 7.79467058182, 3.06900286674, 1.30235254765, 0.315375119448, 0.00633399374783, 0.000442376884166, 2.61460058937e-06, 9.5923868848e-10, 2.70068190034e-10],
        "dvar2": [0.260351955891, 12.0475435257, 44.2493515015, 75.7303390503, 94.7020797729, 103.64225769, 147.220123291, 332.282775879, 1123.91650391, 9052.93164062, 11523.9326172, 21841.0644531, 60717.234375, 13319.0810547, 9904.66699219, 13799.8359375, 2203.5546875, 30850.1796875, 7117.74804688, 6792.45605469, 1809.1373291, 552.569458008, 273.199707031, 1254.12145996, 207.339584351, 198.746139526, 53.9329109192, 25.8416652679, 41.6457443237, 51.2211494446, 37.8509254456, 16.4240970612, 6.78446340561, 2.68935847282, 0.718780100346, 0.0117139993235, 0.000914781645406, 5.73220768274e-06, 1.9538972662e-09, 6.81286971282e-10],
        "max": [4.81004667282, 30.9495487213, 66.4371871948, 118.061096191, 132.370513916, 131.329986572, 229.207733154, 319.845581055, 527.691162109, 1964.01928711, 1592.28942871, 2416.22729492, 6868.68701172, 4001.68945312, 1861.82263184, 3220.05175781, 709.570678711, 3722.06030273, 2263.76489258, 1685.9486084, 1286.00976562, 724.986694336, 314.873931885, 1044.68371582, 217.125061035, 240.685699463, 129.74949646, 69.5309906006, 156.682235718, 157.107528687, 111.592132568, 66.0993881226, 25.9017715454, 27.6616439819, 10.5658445358, 2.42972183228, 0.846153855324, 0.0707036182284, 0.00133906968404, 0.000272757664789],
        "mean": [0.256954789162, 1.48567414284, 2.55755639076, 4.40565490723, 4.89425992966, 4.8373169899, 5.37548780441, 8.39656543732, 13.9621295929, 27.8926429749, 31.318862915, 31.3448219299, 61.6617012024, 31.5192584991, 28.9425392151, 24.285741806, 13.8149194717, 32.7460098267, 17.1658630371, 18.0903053284, 11.2102603912, 7.81273460388, 7.91739940643, 6.91485834122, 6.42131853104, 6.82857179642, 3.37899804115, 2.46170186996, 3.07494735718, 2.78365755081, 2.62272310257, 2.08446860313, 1.29709863663, 0.814607739449, 0.371746301651, 0.0514575913548, 0.0111388079822, 0.000804828363471, 3.24057837133e-05, 2.93764769594e-05],
        "median": [0.160586282611, 0.908156514168, 1.47889518738, 1.88128519058, 2.03983068466, 2.25089788437, 2.23671078682, 3.76727175713, 5.17515230179, 5.02693414688, 4.02318096161, 3.46834897995, 3.48637461662, 2.31814622879, 3.08840870857, 1.42996191978, 1.49952733517, 1.22936689854, 1.03215920925, 0.812549769878, 0.649837434292, 0.807107150555, 1.31673204899, 1.07652902603, 0.904380977154, 0.880919933319, 0.53867906332, 0.398186773062, 0.307825922966, 0.376759767532, 0.431901186705, 0.398169964552, 0.247567519546, 0.135399848223, 0.0688470005989, 0.0100393630564, 0.00131634215359, 8.95917837624e-05, 1.53441505972e-05, 2.08896635741e-05],
        "min": [3.1417975894e-23, 2.2542804772e-22, 1.51731924842e-21, 2.00863928873e-21, 1.55048171889e-20, 2.3250677001e-20, 2.86119156631e-20, 3.11148704926e-20, 1.06782897237e-19, 2.07387246436e-19, 1.9155742643e-19, 3.89683080514e-19, 4.9737723998e-19, 5.92246842927e-19, 6.37638999427e-19, 1.54357837323e-18, 1.11738152423e-18, 9.1386397087e-19, 2.0991349997e-18, 2.9147814058e-18, 3.03309863228e-18, 3.51049909857e-18, 3.69588350874e-18, 5.94204820796e-18, 7.6011098869e-18, 9.65803675508e-18, 8.52836363714e-18, 1.08729202295e-17, 1.12788400899e-17, 1.34100998895e-17, 1.22663531206e-17, 1.09387588431e-17, 1.10743014855e-17, 7.89272000415e-18, 5.97299592981e-18, 4.11860630257e-18, 2.30561168831e-18, 9.81135881752e-19, 2.29728632224e-19, 2.77483423348e-20],
        "var": [0.110475488007, 4.70012903214, 15.6994695663, 54.0960044861, 75.3613128662, 60.0077133179, 96.2954711914, 206.124435425, 631.52947998, 5563.80419922, 7764.73242188, 10236.0664062, 67950.3828125, 26555.5078125, 8181.60693359, 10218.2138672, 1492.09411621, 22307.4316406, 5073.00683594, 5124.54980469, 2429.01171875, 839.607116699, 316.357849121, 688.698547363, 195.507553101, 194.806289673, 54.9821777344, 26.766916275, 47.4982643127, 58.4961471558, 51.1744880676, 24.0929679871, 7.99538326263, 3.65513253212, 0.712742567062, 0.022968698293, 0.00140709709376, 7.62519312048e-06, 3.63743946075e-09, 8.54985637844e-10]
    },
    "gfcc": {
        "mean": [-90.019859314, 121.146179199, -84.5617599487, 40.5310440063, -67.6867370605, 23.1135883331, -33.5775108337, 15.0257453918, -18.2307014465, -2.29949641228, -4.40741825104, -7.98541736603, -3.61086559296],
        "cov": [[27063.5019531, -2303.90234375, -4468.02783203, 379.071533203, -1181.77697754, 1057.34118652, -635.069824219, 1208.98132324, -437.383026123, 779.216491699, -458.079376221, 59.907699585, -483.143981934], [-2303.90234375, 1932.1151123, 650.925537109, -87.4119567871, 260.965026855, -208.242248535, 271.57800293, -235.655548096, 168.979446411, -284.341949463, 277.475372314, -89.2048950195, 219.739654541], [-4468.02783203, 650.925537109, 1598.7355957, 163.245056152, 252.553207397, -177.85369873, 123.764282227, -238.512985229, 66.0604629517, -155.848922729, 88.4774017334, 57.0625610352, 63.0532112122], [379.071533203, -87.4119567871, 163.245056152, 452.407165527, 28.1561107635, 27.21717453, -39.3471336365, 11.3753290176, 54.6640205383, -5.57425832748, 15.5062179565, 31.8852329254, 108.933326721], [-1181.77697754, 260.965026855, 252.553207397, 28.1561107635, 411.00289917, -53.9951553345, 81.1639404297, -30.4717693329, 78.8926391602, -15.3038129807, 32.5198135376, 14.5278425217, 8.38862609863], [1057.34118652, -208.242248535, -177.85369873, 27.21717453, -53.9951553345, 277.443969727, 66.5202255249, 59.9143791199, 6.7666425705, 83.4197158813, 26.8996620178, -7.64217948914, -1.71242952347], [-635.069824219, 271.57800293, 123.764282227, -39.3471336365, 81.1639404297, 66.5202255249, 294.932037354, 2.20235180855, 47.0903968811, -8.57166385651, 102.331489563, 4.3923330307, 39.1977920532], [1208.98132324, -235.655548096, -238.512985229, 11.3753290176, -30.4717693329, 59.9143791199, 2.20235180855, 191.78767395, 15.0468635559, 62.1415710449, -28.9207458496, 11.2715024948, -28.3742313385], [-437.383026123, 168.979446411, 66.0604629517, 54.6640205383, 78.8926391602, 6.7666425705, 47.0903968811, 15.0468635559, 188.390762329, 16.5257835388, 44.3123855591, -9.71027183533, 77.0495452881], [779.216491699, -284.341949463, -155.848922729, -5.57425832748, -15.3038129807, 83.4197158813, -8.57166385651, 62.1415710449, 16.5257835388, 159.300338745, -6.91611289978, 10.1869945526, -47.0820465088], [-458.079376221, 277.475372314, 88.4774017334, 15.5062179565, 32.5198135376, 26.8996620178, 102.331489563, -28.9207458496, 44.3123855591, -6.91611289978, 155.293426514, 10.6044912338, 59.8111000061], [59.907699585, -89.2048950195, 57.0625610352, 31.8852329254, 14.5278425217, -7.64217948914, 4.3923330307, 11.2715024948, -9.71027183533, 10.1869945526, 10.6044912338, 99.124458313, 10.0924463272], [-483.143981934, 219.739654541, 63.0532112122, 108.933326721, 8.38862609863, -1.71242952347, 39.1977920532, -28.3742313385, 77.0495452881, -47.0820465088, 59.8111000061, 10.0924463272, 199.985107422]],
        "icov": [[0.000185351469554, -0.000433385604993, 0.000440036354121, -0.000494744395837, 0.000290625670459, -0.000488810532261, 0.000242126057856, -0.00056991627207, 0.000365821091691, -0.000575042853598, 0.000604869390372, -0.000641587830614, 0.000485195603687], [-0.000433385604993, 0.00262212287635, -0.0012077455176, 0.00168001896236, -0.00110303994734, 0.00182074541226, -0.00100055756047, 0.00174443738069, -0.00150695291813, 0.00318496697582, -0.00351095316, 0.00300111132674, -0.00172798871063], [0.000440036354121, -0.0012077455176, 0.00210006162524, -0.00170973164495, 0.000467865145765, -0.000868114060722, 0.000140610674862, -0.000275601574685, 0.000565527472645, -0.001025536214, 0.00161986937746, -0.00231169187464, 0.00173845514655], [-0.000494744395837, 0.00168001896236, -0.00170973164495, 0.00451981835067, -0.00112929311581, 0.000803401868325, 0.000290913711069, 0.000878468737938, -0.00127670785878, 0.00200162432157, -0.00226584542543, 0.00170226255432, -0.00328739313409], [0.000290625670459, -0.00110303994734, 0.000467865145765, -0.00112929311581, 0.00369547423907, -0.000310854171403, -0.000356892996933, -0.000735048670322, -0.000599834776949, -0.00144121493213, 0.00163392408285, -0.00179742148612, 0.00168356962968], [-0.000488810532261, 0.00182074541226, -0.000868114060722, 0.000803401868325, -0.000310854171403, 0.00687675038353, -0.00242104474455, 0.00126488273963, -0.000768984260503, -0.000168492624653, -0.00294668669812, 0.00313866627403, -0.00164001109079], [0.000242126057856, -0.00100055756047, 0.000140610674862, 0.000290913711069, -0.000356892996933, -0.00242104474455, 0.0059023858048, -0.00198071706109, 0.000482795468997, -0.00046373938676, -0.0015529836528, -0.00115789449774, 0.000265582901193], [-0.00056991627207, 0.00174443738069, -0.000275601574685, 0.000878468737938, -0.000735048670322, 0.00126488273963, -0.00198071706109, 0.00971155799925, -0.00281795999035, 0.00115146383177, -0.000744002871215, 0.000698250369169, -0.000333387317369], [0.000365821091691, -0.00150695291813, 0.000565527472645, -0.00127670785878, -0.000599834776949, -0.000768984260503, 0.000482795468997, -0.00281795999035, 0.00908921658993, -0.00406577438116, 0.00105002289638, 0.000255956139881, -0.00220515881665], [-0.000575042853598, 0.00318496697582, -0.001025536214, 0.00200162432157, -0.00144121493213, -0.000168492624653, -0.00046373938676, 0.00115146383177, -0.00406577438116, 0.0136404344812, -0.00481290416792, 0.00188353913836, 0.000779656576924], [0.000604869390372, -0.00351095316, 0.00161986937746, -0.00226584542543, 0.00163392408285, -0.00294668669812, -0.0015529836528, -0.000744002871215, 0.00105002289638, -0.00481290416792, 0.014478164725, -0.00504790665582, 0.000534634804353], [-0.000641587830614, 0.00300111132674, -0.00231169187464, 0.00170226255432, -0.00179742148612, 0.00313866627403, -0.00115789449774, 0.000698250369169, 0.000255956139881, 0.00188353913836, -0.00504790665582, 0.0151681918651, -0.00352860195562], [0.000485195603687, -0.00172798871063, 0.00173845514655, -0.00328739313409, 0.00168356962968, -0.00164001109079, 0.000265582901193, -0.000333387317369, -0.00220515881665, 0.000779656576924, 0.000534634804353, -0.00352860195562, 0.0101810917258]]
    },
    "melbands": {
        "dmean": [0.00117288588081, 0.00100366037805, 0.000427879305789, 0.000189044367289, 0.000133979250677, 0.000122277473565, 0.000137638329761, 0.000239682078245, 0.000183165204362, 0.000141313765198, 0.000208962170291, 7.9845674918e-05, 6.8850851676e-05, 4.73821819469e-05, 2.80796812149e-05, 1.83608881343e-05, 4.85555465275e-05, 2.11114402191e-05, 1.51635877046e-05, 1.43396919157e-05, 8.08288586995e-06, 4.98208146382e-06, 4.8549454732e-06, 3.96585710405e-06, 3.83078076993e-06, 2.46482045441e-06, 2.78461357084e-06, 2.42494388658e-06, 1.40302211094e-06, 9.33907585932e-07, 8.49608227327e-07, 1.0141434359e-06, 9.29665930016e-07, 8.81835035216e-07, 8.90549074484e-07, 8.51316656281e-07, 6.72818146086e-07, 5.56134068574e-07, 4.5487908551e-07, 4.20682084723e-07],
        "dmean2": [0.0020000115037, 0.00171703333035, 0.000706036400516, 0.000316784455208, 0.000219231806113, 0.00019281807181, 0.000217571738176, 0.000384253246011, 0.00027977040736, 0.000227243683184, 0.000313238619128, 0.00012258841889, 0.000109654654807, 7.55512810429e-05, 4.46820158686e-05, 2.96020898531e-05, 7.81721901149e-05, 3.27668240061e-05, 2.36153300648e-05, 2.18186232814e-05, 1.27817966131e-05, 7.94595234765e-06, 7.64072865422e-06, 6.28086900178e-06, 6.02630098001e-06, 3.94853532271e-06, 4.47025786343e-06, 3.86484362025e-06, 2.2271749458e-06, 1.48059052663e-06, 1.3324321344e-06, 1.59228704888e-06, 1.40677343552e-06, 1.34418269226e-06, 1.36764469971e-06, 1.31162732941e-06, 1.02711476302e-06, 8.4935123823e-07, 6.84623046254e-07, 6.44849762921e-07],
        "dvar": [6.03358967055e-06, 4.61019908471e-06, 7.61111095926e-07, 1.31011901772e-07, 7.79609621304e-08, 7.16228001352e-08, 9.91143949136e-08, 4.97401629218e-07, 2.81952736714e-07, 3.19815882222e-07, 7.80017785473e-07, 1.43335839198e-07, 6.61852865846e-08, 3.34297318716e-08, 9.86749881804e-09, 6.65876864758e-09, 6.01385039545e-08, 1.01463433211e-08, 3.7154295196e-09, 6.80548195575e-09, 9.91162707464e-10, 3.50838219587e-10, 3.56474572083e-10, 9.57623425002e-11, 5.98264826568e-10, 4.88562176826e-11, 4.50122092377e-11, 3.50757894951e-11, 1.37037438688e-11, 5.40694702553e-12, 4.77477822905e-12, 7.47851780503e-12, 6.20621089242e-12, 8.22786196814e-12, 6.85821798657e-12, 5.66273980832e-12, 2.79395690611e-12, 1.82230055698e-12, 1.13931401206e-12, 1.16481173665e-12],
        "dvar2": [1.82409949048e-05, 1.34126094053e-05, 2.03809577215e-06, 3.56977352567e-07, 1.95005952719e-07, 1.70716546677e-07, 2.42756584612e-07, 1.18128662052e-06, 6.52976098081e-07, 8.48943841447e-07, 1.55775126132e-06, 2.78347016547e-07, 1.67323733535e-07, 8.09238116517e-08, 2.4019517042e-08, 1.52148533772e-08, 1.52072814785e-07, 2.44853186615e-08, 8.91150264692e-09, 1.36311246735e-08, 2.32229679931e-09, 8.24575963065e-10, 7.70763175506e-10, 2.39146064063e-10, 1.33449173934e-09, 1.16196073596e-10, 1.13987735917e-10, 8.85430131992e-11, 3.25035588722e-11, 1.28381411404e-11, 1.11163335481e-11, 1.76683025849e-11, 1.34041866148e-11, 1.86771847988e-11, 1.54459223189e-11, 1.27255385049e-11, 6.24451228573e-12, 4.25830117695e-12, 2.44096236279e-12, 2.54666231679e-12],
        "max": [0.0364522747695, 0.0376704409719, 0.0168856848031, 0.00696014659479, 0.00711817154661, 0.00752005819231, 0.00671467138454, 0.0213509015739, 0.0115166045725, 0.0148347737268, 0.0340308323503, 0.017530258745, 0.00870693661273, 0.00700661400333, 0.00361540797167, 0.00349003146403, 0.00796440429986, 0.0033945417963, 0.00163272500504, 0.003934008535, 0.00112304615323, 0.00069365411764, 0.000909540394787, 0.000271601951681, 0.00108222616836, 0.000176514586201, 0.00010882539209, 0.000162937023561, 0.000115234179248, 4.35596957686e-05, 5.13992927154e-05, 0.00010733572708, 8.80174484337e-05, 8.45212562126e-05, 7.91921193013e-05, 6.27274930594e-05, 3.11030853481e-05, 2.25825497182e-05, 2.1032145014e-05, 2.9995735531e-05],
        "mean": [0.00219068373553, 0.00158503395505, 0.000795882428065, 0.000334531709086, 0.000205788615858, 0.000196237291675, 0.000210471931496, 0.000324443477439, 0.000246346986387, 0.000187099169125, 0.000304649787722, 0.00012464352767, 0.0001010447304, 6.53861934552e-05, 4.13335728808e-05, 2.44350176217e-05, 6.97098803357e-05, 2.86641243292e-05, 2.14668689296e-05, 2.14037390833e-05, 1.23311583593e-05, 8.22036599857e-06, 8.01430815045e-06, 6.61451258566e-06, 5.51056245968e-06, 4.20878905061e-06, 5.12466749569e-06, 4.27073518949e-06, 2.34296931012e-06, 1.44146486036e-06, 1.42641113143e-06, 1.75993477569e-06, 1.68821486568e-06, 1.46638683418e-06, 1.49150196194e-06, 1.48710853409e-06, 1.18026753171e-06, 9.15397492918e-07, 7.78364039888e-07, 6.65423328883e-07],
        "median": [0.00140597042628, 0.000962336082011, 0.000366219639545, 0.000163058051839, 8.82408639882e-05, 8.65412148414e-05, 7.55836663302e-05, 5.4955646192e-05, 2.99590628856e-05, 1.83994743566e-05, 1.55022225954e-05, 8.05831950856e-06, 9.93888716039e-06, 4.63317155663e-06, 2.7759645036e-06, 2.66376059699e-06, 1.89385343674e-06, 1.50932805809e-06, 1.136820174e-06, 8.45947454309e-07, 6.70234044264e-07, 7.04817580299e-07, 1.11983445095e-06, 1.04616435692e-06, 7.35298044674e-07, 6.10799247625e-07, 6.25449729341e-07, 5.21898073202e-07, 3.15960591024e-07, 2.34954782741e-07, 2.110514572e-07, 1.63246127727e-07, 1.72189416503e-07, 2.1059257449e-07, 2.27211046422e-07, 2.63081830099e-07, 2.17375102807e-07, 1.69826009255e-07, 1.32755189952e-07, 1.01558974563e-07],
        "min": [5.29901585168e-25, 9.07051990346e-25, 1.04382370802e-24, 1.6325910307e-24, 8.84097321295e-25, 7.72339840587e-25, 2.04621999117e-24, 2.78352568079e-24, 1.34212564148e-24, 2.37966479048e-24, 2.18883243498e-24, 1.67656233478e-24, 2.07322112223e-24, 3.43417657769e-24, 2.84862169382e-24, 2.24418147989e-24, 1.51393885638e-24, 2.26081145663e-24, 2.73103270679e-24, 3.42238547374e-24, 2.93703130763e-24, 3.74643533411e-24, 2.36610861026e-24, 3.23801881943e-24, 3.8459138497e-24, 3.94389589616e-24, 4.45533729798e-24, 5.70348603842e-24, 5.02020351574e-24, 5.69666081387e-24, 5.97360818402e-24, 5.80576895453e-24, 5.88367330766e-24, 6.64782472275e-24, 5.86410797949e-24, 5.43693979931e-24, 5.85364689502e-24, 6.61389581521e-24, 4.74430493617e-24, 6.30316863224e-24],
        "var": [8.02031536296e-06, 5.17798935107e-06, 1.47802688844e-06, 2.61248914057e-07, 1.29172363472e-07, 1.12152811482e-07, 1.41696261835e-07, 7.22180743651e-07, 4.6942886911e-07, 3.80556087975e-07, 1.70993951087e-06, 5.2082828006e-07, 1.30754443717e-07, 6.15485049593e-08, 1.82338357746e-08, 8.83925554973e-09, 1.08634274909e-07, 1.60194080223e-08, 5.67578783972e-09, 1.44784992884e-08, 2.5038400242e-09, 8.87962758878e-10, 9.826952585e-10, 2.03912220442e-10, 6.67432553669e-10, 9.59154561331e-11, 1.14570741783e-10, 8.23116644288e-11, 3.55932297524e-11, 9.50696552732e-12, 1.04951837152e-11, 1.6746042053e-11, 1.72894337735e-11, 1.8694842549e-11, 1.81917501896e-11, 1.51877399546e-11, 7.59890848162e-12, 4.01239935374e-12, 3.21125656448e-12, 2.73110765774e-12]
    },
    "mfcc": {
        "mean": [-727.53125, 136.612258911, 40.0015411377, 22.2726154327, 5.49804210663, 1.90343880653, 5.52098798752, 7.6630449295, -0.211877256632, 5.61018562317, 1.12750756741, 1.91263067722, 0.661021590233],
        "cov": [[17539.7011719, -2060.04956055, -2928.88427734, -980.147766113, -593.258117676, -213.420532227, -10.2096719742, 93.1048355103, 113.128753662, 715.903015137, 362.911834717, 42.5081939697, 15.8427705765], [-2060.04956055, 1728.05187988, 445.27166748, 186.26083374, 120.259742737, 6.96092033386, 137.539962769, 89.9652328491, -29.2312870026, -73.0152206421, -27.5827922821, 34.5544013977, 20.9020118713], [-2928.88427734, 445.27166748, 1178.45629883, 319.972198486, 120.641319275, 119.693473816, 34.9261856079, 20.6098136902, -0.685199260712, -179.46887207, -51.675163269, 21.6304149628, 28.576128006], [-980.147766113, 186.26083374, 319.972198486, 436.495605469, 182.026733398, 23.6328048706, -18.5402412415, 32.1630706787, 38.03332901, -67.4132003784, -68.1029129028, 13.1426973343, 44.9255828857], [-593.258117676, 120.259742737, 120.641319275, 182.026733398, 301.355834961, 38.0428237915, -57.6266365051, -1.43876290321, 27.0699920654, -1.47637832165, -40.3974533081, 21.0387325287, -3.84545612335], [-213.420532227, 6.96092033386, 119.693473816, 23.6328048706, 38.0428237915, 206.6668396, 70.0214691162, 12.7259426117, 16.2683639526, 21.194108963, 43.8641357422, 14.1614322662, -0.297624349594], [-10.2096719742, 137.539962769, 34.9261856079, -18.5402412415, -57.6266365051, 70.0214691162, 203.009918213, 61.3157920837, -21.3525714874, 13.9588699341, 51.0253219604, 17.8944759369, 7.86724805832], [93.1048355103, 89.9652328491, 20.6098136902, 32.1630706787, -1.43876290321, 12.7259426117, 61.3157920837, 130.2003479, 27.4828453064, 7.34162521362, 9.60378265381, 14.5752048492, 20.0678749084], [113.128753662, -29.2312870026, -0.685199260712, 38.03332901, 27.0699920654, 16.2683639526, -21.3525714874, 27.4828453064, 151.432434082, 28.7982177734, 8.12504577637, 5.26755619049, 24.2742652893], [715.903015137, -73.0152206421, -179.46887207, -67.4132003784, -1.47637832165, 21.194108963, 13.9588699341, 7.34162521362, 28.7982177734, 153.394577026, 58.4438362122, 9.70845127106, -19.8289222717], [362.911834717, -27.5827922821, -51.675163269, -68.1029129028, -40.3974533081, 43.8641357422, 51.0253219604, 9.60378265381, 8.12504577637, 58.4438362122, 140.371963501, 43.7194252014, 0.112108148634], [42.5081939697, 34.5544013977, 21.6304149628, 13.1426973343, 21.0387325287, 14.1614322662, 17.8944759369, 14.5752048492, 5.26755619049, 9.70845127106, 43.7194252014, 101.593566895, 36.9675827026], [15.8427705765, 20.9020118713, 28.576128006, 44.9255828857, -3.84545612335, -0.297624349594, 7.86724805832, 20.0678749084, 24.2742652893, -19.8289222717, 0.112108148634, 36.9675827026, 105.172523499]],
