{
"lowlevel": {
    "average_loudness": 0.950121164322,
    "barkbands_crest": {
        "dmean": 3.12617373466,
        "dmean2": 4.87788677216,
        "dvar": 8.11932945251,
        "dvar2": 18.6912345886,
        "max": 26.4800109863,
        "mean": 11.9326000214,
        "median": 11.1517848969,
        "min": 2.23999118805,
        "var": 25.4974327087
    },
    "barkbands_flatness_db": {
        "dmean": 0.0310924965888,
        "dmean2": 0.0454466454685,
        "dvar": 0.00102131755557,
        "dvar2": 0.00194086751435,
        "max": 0.43183273077,
        "mean": 0.131393313408,
        "median": 0.119698874652,
        "min": 0.0165478177369,
        "var": 0.00388103164732
    },
    "barkbands_kurtosis": {
        "dmean": 5.68533849716,
        "dmean2": 8.68973255157,
        "dvar": 399.414489746,
        "dvar2": 838.977539062,
        "max": 720.679321289,
        "mean": 7.45172548294,
        "median": 2.05565786362,
        "min": -1.92299377918,
        "var": 645.006164551
    },
    "barkbands_skewness": {
        "dmean": 0.785080909729,
        "dmean2": 1.16738569736,
        "dvar": 1.01248168945,
        "dvar2": 1.95545291901,
        "max": 23.0335578918,
        "mean": 1.80969071388,
        "median": 1.63752865791,
        "min": -4.14276218414,
        "var": 3.5891623497
    },
    "barkbands_spread": {
        "dmean": 10.1985969543,
        "dmean2": 16.0324172974,
        "dvar": 142.197067261,
        "dvar2": 315.418823242,
        "max": 115.03503418,
        "mean": 31.0779743195,
        "median": 28.358455658,
        "min": 0.281365573406,
        "var": 357.429595947
    },
    "dissonance": {
        "dmean": 0.0164335332811,
        "dmean2": 0.0266257915646,
        "dvar": 0.00028059957549,
        "dvar2": 0.000709484680556,
        "max": 0.500000059605,
        "mean": 0.467399865389,
        "median": 0.474003016949,
        "min": 0.283726930618,
        "var": 0.000683076272253
    },
    "dynamic_complexity": 3.29826307297,
    "erbbands_crest": {
        "dmean": 2.71197295189,
        "dmean2": 4.38508081436,
        "dvar": 6.7637963295,
        "dvar2": 16.2030086517,
        "max": 28.1517734528,
        "mean": 8.27882575989,
        "median": 7.28591489792,
        "min": 2.15286016464,
        "var": 16.6221733093
    },
    "erbbands_flatness_db": {
        "dmean": 0.0209992323071,
        "dmean2": 0.0304874628782,
        "dvar": 0.000480450107716,
        "dvar2": 0.000878148071934,
        "max": 0.46029651165,
        "mean": 0.133665829897,
        "median": 0.122774958611,
        "min": 0.0406326912344,
        "var": 0.00266276183538
    },
    "erbbands_kurtosis": {
        "dmean": 1.14333724976,
        "dmean2": 1.82210111618,
        "dvar": 4.86521434784,
        "dvar2": 10.7442979813,
        "max": 67.6362075806,
        "mean": 0.37068426609,
        "median": -0.56782579422,
        "min": -1.83691549301,
        "var": 9.25147628784
    },
    "erbbands_skewness": {
        "dmean": 0.447223484516,
        "dmean2": 0.6825928092,
        "dvar": 0.226024582982,
        "dvar2": 0.472891032696,
        "max": 6.89798784256,
        "mean": 0.0714809149504,
        "median": 0.0888383090496,
        "min": -4.17561101913,
        "var": 1.03218972683
    },
    "erbbands_spread": {
        "dmean": 12.5983104706,
        "dmean2": 19.4492893219,
        "dvar": 163.023757935,
        "dvar2": 362.128265381,
        "max": 159.743041992,
        "mean": 55.8753166199,
        "median": 54.1035232544,
        "min": 3.82576465607,
        "var": 552.49621582
    },
    "hfc": {
        "dmean": 15.5200433731,
        "dmean2": 23.4149551392,
        "dvar": 646.413818359,
        "dvar2": 1520.16467285,
        "max": 246.258087158,
        "mean": 31.305475235,
        "median": 19.9472618103,
        "min": 1.10170498337e-16,
        "var": 1147.0859375
    },
    "melbands_crest": {
        "dmean": 3.99135231972,
        "dmean2": 6.20295667648,
        "dvar": 12.5091409683,
        "dvar2": 29.1508560181,
        "max": 35.2103652954,
        "mean": 17.2045402527,
        "median": 16.6812343597,
        "min": 1.63127660751,
        "var": 40.4928474426
    },
    "melbands_flatness_db": {
        "dmean": 0.0379235446453,
        "dmean2": 0.0547863654792,
        "dvar": 0.00152641593013,
        "dvar2": 0.00290399207734,
        "max": 0.556544840336,
        "mean": 0.190646544099,
        "median": 0.182591542602,
        "min": 0.00293042883277,
        "var": 0.00656384043396
    },
    "melbands_kurtosis": {
        "dmean": 14.6964445114,
        "dmean2": 22.2551059723,
        "dvar": 1452.10144043,
        "dvar2": 3272.75097656,
        "max": 1176.9654541,
        "mean": 25.5552921295,
        "median": 12.6923532486,
        "min": -1.89693927765,
        "var": 2521.77636719
    },
    "melbands_skewness": {
        "dmean": 1.07837092876,
        "dmean2": 1.61840569973,
        "dvar": 1.68250703812,
        "dvar2": 3.63956832886,
        "max": 28.6316013336,
        "mean": 3.55577898026,
        "median": 3.17918610573,
        "min": -2.26099991798,
        "var": 5.6216673851
    },
    "melbands_spread": {
        "dmean": 12.4572811127,
        "dmean2": 19.345161438,
        "dvar": 370.147979736,
        "dvar2": 757.167114258,
        "max": 249.346206665,
        "mean": 31.9774227142,
        "median": 21.5364227295,
        "min": 0.241871714592,
        "var": 1147.74206543
    },
    "pitch_salience": {
        "dmean": 0.0840940475464,
        "dmean2": 0.129661425948,
        "dvar": 0.00620712153614,
        "dvar2": 0.0140439998358,
        "max": 0.909455120564,
        "mean": 0.515295445919,
        "median": 0.520896852016,
        "min": 0.042865768075,
        "var": 0.0179434102029
    },
    "silence_rate_20dB": {
        "dmean": 0,
        "dmean2": 0,
        "dvar": 0,
        "dvar2": 0,
        "max": 1,
        "mean": 1,
        "median": 1,
        "min": 1,
        "var": 0
    },
    "silence_rate_30dB": {
        "dmean": 0,
        "dmean2": 0,
        "dvar": 0,
        "dvar2": 0,
        "max": 1,
        "mean": 1,
        "median": 1,
        "min": 1,
        "var": 0
    },
    "silence_rate_60dB": {
        "dmean": 0.0279481932521,
        "dmean2": 0.0559027381241,
        "dvar": 0.0271645653993,
        "dvar2": 0.060496930033,
        "max": 1,
        "mean": 0.0722480937839,
        "median": 0,
        "min": 0,
        "var": 0.0670268312097
    },
    "spectral_centroid": {
        "dmean": 378.710174561,
        "dmean2": 584.307617188,
        "dvar": 195524.3125,
        "dvar2": 373855.3125,
        "max": 11747.9550781,
        "mean": 1709.51806641,
        "median": 1504.68469238,
        "min": 171.911254883,
        "var": 1261360
    },
    "spectral_complexity": {
        "dmean": 5.31992721558,
        "dmean2": 7.66231107712,
        "dvar": 37.6498985291,
        "dvar2": 70.3763656616,
        "max": 68,
        "mean": 18.2167434692,
        "median": 16,
        "min": 0,
        "var": 133.34967041
    },
    "spectral_decrease": {
        "dmean": 2.49645148998e-09,
        "dmean2": 3.91383192522e-09,
        "dvar": 9.73484874676e-18,
        "dvar2": 2.44550141293e-17,
        "max": 1.80880102407e-28,
        "mean": -6.85318113369e-09,
        "median": -6.16194606451e-09,
        "min": -2.76403842037e-08,
        "var": 2.42855794157e-17
    },
    "spectral_energy": {
        "dmean": 0.0102620143443,
        "dmean2": 0.015994399786,
        "dvar": 0.000157701797434,
        "dvar2": 0.000387985899579,
        "max": 0.113579452038,
        "mean": 0.0287049543113,
        "median": 0.0259486399591,
        "min": 1.0119246169e-20,
        "var": 0.00039865396684
    },
    "spectral_energyband_high": {
        "dmean": 0.00145322189201,
        "dmean2": 0.00218999618664,
        "dvar": 6.79070762999e-06,
        "dvar2": 1.57176455104e-05,
        "max": 0.0330176465213,
        "mean": 0.00246002874337,
        "median": 0.00117547973059,
        "min": 7.45214768667e-21,
        "var": 1.28698666231e-05
    },
    "spectral_energyband_low": {
        "dmean": 0.00519043486565,
        "dmean2": 0.00768784713,
        "dvar": 7.97105094534e-05,
        "dvar2": 0.000202087088837,
        "max": 0.0944028422236,
        "mean": 0.00992722436786,
        "median": 0.00483709294349,
        "min": 2.36030290954e-23,
        "var": 0.000160987692652
    },
    "spectral_energyband_middle_high": {
        "dmean": 0.00179050501902,
        "dmean2": 0.00279766460881,
        "dvar": 8.55789858178e-06,
        "dvar2": 2.08534711419e-05,
        "max": 0.0463677868247,
        "mean": 0.00377574027516,
        "median": 0.0025369792711,
        "min": 1.1759712335e-21,
        "var": 1.74372653419e-05
    },
    "spectral_energyband_middle_low": {
        "dmean": 0.00632224464789,
        "dmean2": 0.0101575534791,
        "dvar": 8.67147318786e-05,
        "dvar2": 0.000217459499254,
        "max": 0.0998395904899,
        "mean": 0.0131544312462,
        "median": 0.00933397747576,
        "min": 1.57468627368e-22,
        "var": 0.000153717497597
    },
    "spectral_entropy": {
        "dmean": 0.230897769332,
        "dmean2": 0.332682788372,
        "dvar": 0.0718806385994,
        "dvar2": 0.137741550803,
        "max": 9.81399917603,
        "mean": 7.78557491302,
        "median": 7.85066604614,
        "min": 5.37908601761,
        "var": 0.256625652313
    },
    "spectral_flux": {
        "dmean": 0.0302058253437,
        "dmean2": 0.0458233878016,
        "dvar": 0.00101256545167,
        "dvar2": 0.00209284829907,
        "max": 0.290835291147,
        "mean": 0.089271903038,
        "median": 0.0840257927775,
        "min": 6.38724559354e-11,
        "var": 0.00249361759052
    },
    "spectral_kurtosis": {
        "dmean": 1.188180089,
        "dmean2": 1.91343224049,
        "dvar": 3.69969367981,
        "dvar2": 9.81045246124,
        "max": 52.0781707764,
        "mean": 2.72577619553,
        "median": 2.07438421249,
        "min": -1.25192070007,
        "var": 7.72953128815
    },
    "spectral_rms": {
        "dmean": 0.000926240289118,
        "dmean2": 0.00139546324499,
        "dvar": 1.05685228391e-06,
        "dvar2": 2.38895677285e-06,
        "max": 0.0105265956372,
        "mean": 0.00488812383264,
        "median": 0.0050314757973,
        "min": 3.14204326619e-12,
        "var": 4.11111113863e-06
    },
    "spectral_rolloff": {
        "dmean": 1144.31726074,
        "dmean2": 1912.82055664,
        "dvar": 3357974.25,
        "dvar2": 7932912,
        "max": 19745.9472656,
        "mean": 2352.71435547,
        "median": 1270.45898438,
        "min": 64.599609375,
        "var": 7672246.5
    },
    "spectral_skewness": {
        "dmean": 0.209134146571,
        "dmean2": 0.326938390732,
        "dvar": 0.0581233203411,
        "dvar2": 0.140307992697,
        "max": 4.27604866028,
        "mean": 1.24068939686,
        "median": 1.22073173523,
        "min": -0.0987156257033,
        "var": 0.167784050107
    },
    "spectral_spread": {
        "dmean": 884822.625,
        "dmean2": 1312624.25,
        "dvar": 1.12211879526e+12,
        "dvar2": 2.2953459712e+12,
        "max": 42368808,
        "mean": 6294112,
        "median": 6112285,
        "min": 1007322.125,
        "var": 1.0039390634e+13
    },
    "spectral_strongpeak": {
        "dmean": 0.438770025969,
        "dmean2": 0.75324422121,
        "dvar": 0.69078785181,
        "dvar2": 1.78616583347,
        "max": 12.3529844284,
        "mean": 0.755812108517,
        "median": 0.421544671059,
        "min": 0,
        "var": 0.860725879669
    },
    "zerocrossingrate": {
        "dmean": 0.0199994500726,
        "dmean2": 0.0231531076133,
        "dvar": 0.000477208668599,
        "dvar2": 0.0005830959999,
        "max": 0.52734375,
        "mean": 0.0911649912596,
        "median": 0.07861328125,
        "min": 0.001953125,
        "var": 0.00409446284175
    },
    "barkbands": {
        "dmean": [0.000172931002453, 0.00447773793712, 0.000837839324959, 0.00121940555982, 0.00387998437509, 0.000604342960287, 0.00107486674096, 0.00109511858318, 0.000609345501289, 0.000405090278946, 0.000284887908492, 0.00025399363949, 0.000210777492612, 0.000173634150997, 0.000220520625589, 0.000281346525298, 0.000285972113488, 0.000268570001936, 0.000269965064945, 0.000245794653893, 0.000241650996031, 0.000275648810202, 0.000285217858618, 0.000280426436802, 0.000276708015008, 0.000212770508369, 1.39737685458e-05],
        "dmean2": [0.000264186412096, 0.00664967997, 0.00135538657196, 0.00205056020059, 0.00625249184668, 0.000990283209831, 0.00169331755023, 0.00178401602898, 0.000952059635893, 0.000638531753793, 0.000455679692095, 0.000417176866904, 0.00034845675691, 0.00029358707252, 0.000363863742677, 0.000445473560831, 0.000475332519272, 0.000427810184192, 0.000447735539638, 0.000392468558857, 0.000382019032259, 0.000423834804678, 0.000442732969532, 0.000432670902228, 0.000446365156677, 0.00036072783405, 2.43611902988e-05],
        "dvar": [8.25759798317e-08, 6.77530406392e-05, 3.14792146128e-06, 5.99872191742e-06, 3.94509697799e-05, 2.52163840742e-06, 5.95626079303e-06, 8.59886404214e-06, 2.21408436119e-06, 6.70346480547e-07, 5.64298829886e-07, 4.79353900573e-07, 1.89281180951e-07, 1.44105271715e-07, 2.56066186921e-07, 3.99198938794e-07, 7.52220614686e-07, 4.37383505414e-07, 3.22152118315e-07, 2.39607260255e-07, 2.93382584005e-07, 4.09155802572e-07, 3.19627218914e-07, 2.59493447174e-07, 3.07967894742e-07, 3.48266752326e-07, 2.04868610965e-09],
        "dvar2": [1.95588640395e-07, 0.000176378613105, 7.48908314563e-06, 1.57811828103e-05, 9.8575517768e-05, 6.37134098724e-06, 1.38683462865e-05, 2.08021410799e-05, 5.44290833204e-06, 1.49131074068e-06, 1.37313281812e-06, 1.11175688744e-06, 4.58507628309e-07, 3.7867471292e-07, 6.58649810248e-07, 8.35661808196e-07, 1.97419399228e-06, 1.07395544546e-06, 8.55055816373e-07, 5.95211588461e-07, 7.07588071691e-07, 9.13158771709e-07, 7.20913760688e-07, 5.88580803651e-07, 7.84766370998e-07, 9.42466783727e-07, 5.70060709748e-09],
        "max": [0.0037038451992, 0.0805158019066, 0.0199285559356, 0.0396844744682, 0.0823957026005, 0.027521405369, 0.0447937436402, 0.0447724089026, 0.0268354993314, 0.0193538125604, 0.016282370314, 0.0293174721301, 0.0124770877883, 0.00916680786759, 0.01063473057, 0.0169623512775, 0.0279013458639, 0.015323436819, 0.0121818464249, 0.0084771187976, 0.0129146510735, 0.0120149673894, 0.0124406181276, 0.00748543441296, 0.00728083588183, 0.00625384785235, 0.000464329990791],
        "mean": [0.000374339870177, 0.00792148802429, 0.00111237983219, 0.00158940290567, 0.0068104993552, 0.000795775675215, 0.00163316517137, 0.00123428355437, 0.00090856384486, 0.00057242292678, 0.000372726586647, 0.000314166391036, 0.000251673453022, 0.000205472242669, 0.000291659438517, 0.000418140669353, 0.000402825826313, 0.000420839816798, 0.000433286855696, 0.000375807634555, 0.00035641019349, 0.000426054059062, 0.00044704132597, 0.00046234484762, 0.000366857886547, 0.000195754648303, 1.15996990644e-05],
        "median": [0.000139565163408, 0.00288253673352, 0.000279423751635, 0.000365210347809, 0.00342745822854, 0.00037094950676, 0.000397609226638, 0.000175143999513, 0.000232012549532, 0.000212475206354, 0.000107563922938, 8.29163545859e-05, 8.47823830554e-05, 7.77688765083e-05, 0.000119433549116, 0.000122877958347, 0.000127872641315, 0.000155770525453, 0.000199350964976, 0.00019102965598, 0.000141839293065, 0.00013936808682, 0.000160613897606, 0.000165423043654, 0.000126249928144, 4.59627954115e-05, 2.05758351512e-06],
        "min": [2.13291915731e-24, 1.57746720558e-24, 5.06189264522e-25, 7.68720448146e-25, 1.26655215539e-23, 1.14109723905e-23, 3.95908738504e-24, 2.9981942574e-24, 2.31048855219e-23, 2.12893821019e-23, 1.3215595052e-23, 2.42231494976e-23, 2.50075028516e-23, 2.40656281743e-23, 5.13002494444e-23, 6.34228769233e-23, 4.98971845938e-23, 1.06978601182e-22, 1.16927613944e-22, 2.17493015781e-22, 2.62887101493e-22, 3.56482683729e-22, 4.58885412033e-22, 6.50593657157e-22, 9.88183866891e-22, 1.30570116379e-21, 1.89116267808e-21],
        "var": [2.49846152656e-07, 0.000125061575091, 4.00886074203e-06, 9.63624916039e-06, 6.8903551437e-05, 2.4503417535e-06, 1.17003364721e-05, 1.05640847323e-05, 4.21546519647e-06, 1.32389357077e-06, 8.27615394883e-07, 9.49448690335e-07, 2.97416761441e-07, 1.54628466476e-07, 3.01819198967e-07, 8.42653378186e-07, 9.33467276809e-07, 6.57584280361e-07, 4.51168830296e-07, 3.39369279345e-07, 4.25429988127e-07, 8.10669973816e-07, 6.07941785802e-07, 5.56444092581e-07, 3.86743209901e-07, 2.53443317888e-07, 1.3664380738e-09]
    },
    "erbbands": {
        "dmean": [0.166218608618, 0.907958745956, 1.02440714836, 2.16078138351, 10.1305084229, 14.1906013489, 10.6743650436, 3.90026760101, 10.077129364, 23.5629730225, 18.5312728882, 12.6983671188, 14.8508205414, 11.119433403, 11.0675678253, 8.88516807556, 10.0090341568, 8.31755542755, 11.1546802521, 10.7485790253, 15.6072711945, 14.304356575, 13.9073648453, 15.3895082474, 12.2196407318, 11.7641305923, 9.97311115265, 9.58481407166, 9.62045383453, 9.51922130585, 8.27586364746, 6.67204475403, 4.31201791763, 2.86789441109, 2.23985075951, 1.16868364811, 0.320359766483, 0.0594276189804, 0.00134901085403, 5.08784833073e-05],
        "dmean2": [0.248840108514, 1.35818552971, 1.57925021648, 3.61758923531, 16.9179954529, 22.664516449, 16.7068691254, 6.45345067978, 15.7135782242, 37.6953239441, 30.452085495, 19.4866123199, 23.1799468994, 17.6547756195, 17.5193519592, 14.6613044739, 16.4838161469, 13.9990978241, 18.3296909332, 17.6044445038, 24.4173755646, 23.416601181, 22.4682750702, 25.2059822083, 19.9606304169, 18.8388195038, 15.7822351456, 14.9964952469, 14.9934272766, 14.772936821, 12.8057918549, 10.2826414108, 6.6928563118, 4.60302782059, 3.66061258316, 1.97518277168, 0.540856122971, 0.10215639323, 0.00231246161275, 8.25355091365e-05],
        "dvar": [0.0787669047713, 3.22633314133, 4.54207086563, 16.3855667114, 389.464141846, 531.59552002, 606.288269043, 101.972900391, 583.159057617, 3335.51049805, 2603.44995117, 955.142700195, 1398.56726074, 470.437988281, 841.28302002, 429.691070557, 411.444458008, 321.586730957, 626.354125977, 592.856506348, 1285.06408691, 2076.77075195, 1341.17358398, 1130.9979248, 626.730895996, 573.457214355, 478.429779053, 560.757141113, 521.065979004, 489.278167725, 265.712921143, 149.671585083, 63.3567352295, 32.4578857422, 23.1784610748, 9.82888126373, 0.775922119617, 0.0336351506412, 1.68969199876e-05, 1.46915537513e-08],
        "dvar2": [0.211771845818, 8.05905056, 9.67462539673, 42.3496513367, 1025.45874023, 1291.88256836, 1391.73474121, 272.827392578, 1262.21325684, 7805.79394531, 6512.84570312, 2132.98657227, 3167.19726562, 1170.26196289, 2038.90283203, 1052.32836914, 976.989562988, 828.869995117, 1584.00854492, 1445.15356445, 2699.36376953, 5454.07910156, 3260.12939453, 3028.98950195, 1596.8951416, 1428.60778809, 1213.99377441, 1319.51159668, 1185.15087891, 1118.23925781, 605.42791748, 341.531616211, 146.484527588, 80.3902053833, 60.7009658813, 26.5012149811, 2.08264732361, 0.0931810066104, 4.66302481072e-05, 3.92370118618e-08],
        "max": [2.29878950119, 18.742433548, 22.3803195953, 69.0305557251, 258.66708374, 292.354034424, 426.931274414, 205.972335815, 536.225585938, 1017.86181641, 1022.10992432, 681.756591797, 956.333984375, 567.225524902, 679.448730469, 652.704345703, 525.587341309, 394.261077881, 644.657287598, 582.874633789, 1023.93157959, 1718.93591309, 989.100769043, 849.092224121, 713.000305176, 435.064819336, 441.558258057, 653.579650879, 404.022674561, 635.151428223, 317.716064453, 197.726623535, 120.08568573, 75.6087875366, 63.6071853638, 38.1497001648, 8.9436788559, 1.96631014347, 0.0434321425855, 0.00119331490714],
        "mean": [0.305130898952, 1.46886873245, 1.56185364723, 3.21113491058, 13.9194955826, 24.6286354065, 16.6480369568, 5.69476079941, 15.9051675797, 33.09557724, 21.486656189, 18.8265419006, 22.5314483643, 16.6365394592, 15.9262275696, 11.3779306412, 12.3529911041, 10.079829216, 14.7548418045, 16.256401062, 24.3479690552, 21.4167518616, 22.5155105591, 24.98387146, 20.0418949127, 18.2246189117, 14.5001268387, 14.4322109222, 14.8705472946, 13.8806562424, 13.0513753891, 10.9781770706, 6.78330850601, 4.14815568924, 2.64080500603, 1.11305761337, 0.294510573149, 0.0523364916444, 0.00121911789756, 7.69668768044e-05],
        "median": [0.113545380533, 0.420082509518, 0.435944825411, 1.23183453083, 4.76038885117, 9.91510868073, 6.69088888168, 2.88061785698, 4.93054771423, 6.95365333557, 4.77983903885, 5.90228319168, 6.36079263687, 7.8467874527, 5.51470851898, 3.89672112465, 4.3513212204, 4.11862134933, 5.94372749329, 6.75696802139, 7.42057657242, 7.39613580704, 8.46025562286, 10.183971405, 10.3519430161, 9.111992836, 6.21929216385, 5.76643943787, 4.89444112778, 4.23260879517, 4.76181411743, 3.96836066246, 2.39480137825, 1.35591351986, 0.856700241566, 0.28462216258, 0.0663532987237, 0.0113065196201, 0.000290391821181, 4.94741289003e-05],
        "min": [7.32825401442e-23, 5.40905388185e-22, 2.58644837261e-21, 3.07066911916e-21, 1.03275615896e-20, 4.24876604123e-20, 6.57488904285e-20, 1.02815260805e-19, 6.71680932527e-20, 1.16089060406e-19, 2.39537469174e-19, 4.9193351267e-19, 5.10507439734e-19, 7.35005085162e-19, 8.57668783872e-19, 1.19303442908e-18, 1.19002204408e-18, 1.99667668672e-18, 2.40873857002e-18, 3.23021742661e-18, 4.22581387304e-18, 4.66965955099e-18, 6.28137630679e-18, 7.47745548431e-18, 6.09324193469e-18, 1.06098486705e-17, 9.39883061115e-18, 1.15942415759e-17, 1.17658707997e-17, 1.15249279765e-17, 1.27374614308e-17, 1.35767072997e-17, 1.04227296626e-17, 9.47802488299e-18, 7.22683382078e-18, 4.65769231548e-18, 2.35863561993e-18, 1.00999352499e-18, 2.38992176205e-19, 2.72281814388e-20],
        "var": [0.171439364552, 5.25244140625, 6.96973562241, 26.5212364197, 523.217285156, 1094.93664551, 1000.52539062, 95.7900238037, 1234.62817383, 5902.65136719, 2859.66625977, 1734.67248535, 2637.90942383, 721.058532715, 1499.64160156, 681.908752441, 686.067626953, 345.035369873, 776.331848145, 898.610168457, 2778.20776367, 2565.01586914, 1981.75170898, 1578.9987793, 936.850708008, 804.505859375, 619.971618652, 812.946289062, 990.875976562, 898.833679199, 494.216247559, 314.679870605, 124.78187561, 51.7543945312, 23.2051067352, 7.29063749313, 0.58101028204, 0.0230715274811, 1.17049721666e-05, 1.24985302108e-08]
    },
    "gfcc": {
        "mean": [-2.35263729095, 55.7147979736, -100.102325439, 39.6361122131, -65.3364486694, 10.0532054901, -42.6408195496, 12.2497167587, -28.9440784454, 1.7016171217, -19.8040351868, 3.72065234184, -9.87072467804],
        "cov": [[20208.7089844, -770.348876953, 480.314575195, 202.994125366, -1016.12677002, 1053.84399414, -636.952392578, 499.146392822, -528.35333252, 225.089996338, -388.619628906, 68.1272964478, -340.205200195], [-770.348876953, 1694.50537109, -76.3692245483, 108.954231262, 417.956237793, -112.67829895, 296.507537842, -7.61809301376, 209.49055481, -28.1826457977, 127.712295532, -13.7801818848, 160.011932373], [480.314575195, -76.3692245483, 1289.45263672, 213.005493164, 132.591461182, 506.242889404, 117.315177917, 196.354782104, 22.4540596008, 121.307128906, 34.8209724426, 11.7875270844, -37.9177017212], [202.994125366, 108.954231262, 213.005493164, 549.25793457, 230.217987061, 130.953323364, 118.916496277, 77.751739502, 117.922203064, 24.0082874298, 52.588924408, 36.6083335876, 40.9356155396], [-1016.12677002, 417.956237793, 132.591461182, 230.217987061, 513.666992188, 52.4485397339, 171.159942627, 109.792793274, 176.090057373, 52.8385772705, 64.4642868042, 43.08852005, 54.3389930725], [1053.84399414, -112.67829895, 506.242889404, 130.953323364, 52.4485397339, 541.169921875, 188.224853516, 129.898269653, 28.2247409821, 136.447723389, 40.865447998, 6.52603244781, -14.3690662384], [-636.952392578, 296.507537842, 117.315177917, 118.916496277, 171.159942627, 188.224853516, 387.116455078, 49.5711555481, 102.663414001, 116.160812378, 84.4590454102, 30.86510849, 53.3105125427], [499.146392822, -7.61809301376, 196.354782104, 77.751739502, 109.792793274, 129.898269653, 49.5711555481, 262.672515869, 105.438842773, 46.8914680481, 38.8981361389, 15.1480731964, -5.68036937714], [-528.35333252, 209.49055481, 22.4540596008, 117.922203064, 176.090057373, 28.2247409821, 102.663414001, 105.438842773, 219.93119812, 72.9400634766, 66.3828125, 23.8970756531, 42.1850204468], [225.089996338, -28.1826457977, 121.307128906, 24.0082874298, 52.8385772705, 136.447723389, 116.160812378, 46.8914680481, 72.9400634766, 181.874511719, 55.5388870239, 38.9224281311, 11.1270885468], [-388.619628906, 127.712295532, 34.8209724426, 52.588924408, 64.4642868042, 40.865447998, 84.4590454102, 38.8981361389, 66.3828125, 55.5388870239, 123.099693298, 37.6807975769, 39.3376197815], [68.1272964478, -13.7801818848, 11.7875270844, 36.6083335876, 43.08852005, 6.52603244781, 30.86510849, 15.1480731964, 23.8970756531, 38.9224281311, 37.6807975769, 100.760955811, 33.9797096252], [-340.205200195, 160.011932373, -37.9177017212, 40.9356155396, 54.3389930725, -14.3690662384, 53.3105125427, -5.68036937714, 42.1850204468, 11.1270885468, 39.3376197815, 33.9797096252, 121.556617737]],
        "icov": [[0.0001548986329, -0.00029309396632, 0.00020080053946, -0.000323456246406, 0.000440729199909, -0.000463990669232, 0.000519244291354, -0.000586378329899, 0.000555558421183, -0.000625423330348, 0.000680338416714, -0.000516628555488, 0.000272610399406], [-0.00029309396632, 0.00164692348335, -0.000498380337376, 0.000887651578523, -0.00149164104369, 0.00121154612862, -0.00169277109671, 0.00150490016676, -0.00159809121396, 0.00198944006115, -0.00197567022406, 0.00180267938413, -0.00131195725407], [0.00020080053946, -0.000498380337376, 0.00162804301362, -0.00068856443977, 0.000344206608133, -0.00178548332769, 0.0010797677096, -0.00126173207536, 0.00127068324946, -0.00110841880087, 0.000891883100849, -0.000738970411476, 0.000638748693746], [-0.000323456246406, 0.000887651578523, -0.00068856443977, 0.00331521756016, -0.00183324865066, 0.000503023795318, -0.00136088370346, 0.00160991796292, -0.00226325565018, 0.00253215967678, -0.00178269878961, 0.000675267365295, -0.000912124174647], [0.000440729199909, -0.00149164104369, 0.000344206608133, -0.00183324865066, 0.00496842851862, -0.000964446051512, 0.000886329566129, -0.00231965305284, 0.000155882211402, -0.00184819963761, 0.00265645189211, -0.00253272848204, 0.0010530295549], [-0.000463990669232, 0.00121154612862, -0.00178548332769, 0.000503023795318, -0.000964446051512, 0.00570362061262, -0.00325321918353, 0.000667445245199, -0.000674906128552, 0.000180780465598, -0.00202045054175, 0.00259779929183, -0.000911142735276], [0.000519244291354, -0.00169277109671, 0.0010797677096, -0.00136088370346, 0.000886329566129, -0.00325321918353, 0.00668974686414, -0.00158265361097, 0.00180914520752, -0.00392311252654, 0.00138837017585, -0.00178503256757, 0.000468966172775], [-0.000586378329899, 0.00150490016676, -0.00126173207536, 0.00160991796292, -0.00231965305284, 0.000667445245199, -0.00158265361097, 0.00828660000116, -0.00529597746208, 0.00347283505835, -0.0034287602175, 0.00161059387028, -0.000181270253961], [0.000555558421183, -0.00159809121396, 0.00127068324946, -0.00226325565018, 0.000155882211402, -0.000674906128552, 0.00180914520752, -0.00529597746208, 0.0118208862841, -0.00572486734018, 0.00103331345599, -0.000644299550913, -0.000105871120468], [-0.000625423330348, 0.00198944006115, -0.00110841880087, 0.00253215967678, -0.00184819963761, 0.000180780465598, -0.00392311252654, 0.00347283505835, -0.00572486734018, 0.012848909013, -0.00479298084974, -0.000320070248563, -0.000386161671486], [0.000680338416714, -0.00197567022406, 0.000891883100849, -0.00178269878961, 0.00265645189211, -0.00202045054175, 0.00138837017585, -0.0034287602175, 0.00103331345599, -0.00479298084974, 0.0155360316858, -0.00520227150992, -0.000305454275804], [-0.000516628555488, 0.00180267938413, -0.000738970411476, 0.000675267365295, -0.00253272848204, 0.00259779929183, -0.00178503256757, 0.00161059387028, -0.000644299550913, -0.000320070248563, -0.00520227150992, 0.0152554120868, -0.00430743396282], [0.000272610399406, -0.00131195725407, 0.000638748693746, -0.000912124174647, 0.0010530295549, -0.000911142735276, 0.000468966172775, -0.000181270253961, -0.000105871120468, -0.000386161671486, -0.000305454275804, -0.00430743396282, 0.011805457063]]
    },
    "melbands": {
        "dmean": [0.00134563457686, 0.000718822469935, 0.000593599339481, 0.00090478558559, 0.000428061495768, 8.97120698937e-05, 0.000174533110112, 0.00026451353915, 0.000136316186399, 8.34246820887e-05, 7.54463253543e-05, 4.75497763546e-05, 3.96385803469e-05, 3.07511654682e-05, 2.3014481485e-05, 1.97475073946e-05, 1.54979534273e-05, 1.8138482119e-05, 1.55621346494e-05, 1.68306560226e-05, 1.97946901608e-05, 1.51139165609e-05, 1.57301583386e-05, 1.29542177092e-05, 1.34056690513e-05, 9.8688306025e-06, 8.98113557923e-06, 7.88257148088e-06, 6.63929995426e-06, 5.89175169807e-06, 6.15532462689e-06, 5.58355168323e-06, 5.84020062888e-06, 5.30545139554e-06, 5.00389569424e-06, 4.681430255e-06, 4.17061573899e-06, 3.2701186683e-06, 2.66069287136e-06, 2.47470347858e-06],
        "dmean2": [0.00200722436421, 0.00109533639625, 0.00098945456557, 0.0014790399, 0.000668388034683, 0.000148249630001, 0.00027331939782, 0.000427032529842, 0.000224224946578, 0.0001282562298, 0.000117877709272, 7.58981987019e-05, 6.29121932434e-05, 4.98739354953e-05, 3.7804889871e-05, 3.25936925947e-05, 2.63186357188e-05, 2.99818475469e-05, 2.53604230238e-05, 2.73714140349e-05, 3.09349998133e-05, 2.50694774877e-05, 2.56400417129e-05, 2.08696401387e-05, 2.21569862333e-05, 1.63403710758e-05, 1.45262874867e-05, 1.27710536617e-05, 1.06535981104e-05, 9.42353108258e-06, 9.77001127467e-06, 8.90390037966e-06, 9.01164821698e-06, 8.40975917527e-06, 7.81322705734e-06, 7.32225907996e-06, 6.47555816613e-06, 5.11001098857e-06, 4.26706674261e-06, 4.01582838094e-06],
        "dvar": [5.7060015024e-06, 2.09600966627e-06, 1.2446665778e-06, 2.43851854975e-06, 7.38328992611e-07, 5.40218003664e-08, 1.6570106709e-07, 4.13972827573e-07, 1.52742430259e-07, 4.25098569679e-08, 3.5207875726e-08, 8.08780065142e-09, 1.05102992976e-08, 7.9780857476e-09, 2.66399768911e-09, 1.76539227681e-09, 1.31093791378e-09, 1.63431956857e-09, 1.34093280924e-09, 1.78865389167e-09, 2.41781394905e-09, 2.34087882411e-09, 2.06305683648e-09, 1.03757280545e-09, 8.7162482787e-10, 4.34787233994e-10, 3.3777175501e-10, 2.58319393653e-10, 2.10991432659e-10, 1.73184716568e-10, 2.95140356599e-10, 1.92187196713e-10, 2.07554862186e-10, 1.60312443875e-10, 1.04893461972e-10, 7.50236192615e-11, 6.2266407308e-11, 3.63572748296e-11, 2.99363381306e-11, 2.49690875614e-11],
        "dvar2": [1.52303600771e-05, 4.65243556391e-06, 3.27319048665e-06, 6.23970845481e-06, 1.67344433066e-06, 1.42787271784e-07, 3.70442336362e-07, 9.70536348177e-07, 3.84407485399e-07, 9.7062319071e-08, 7.95543613208e-08, 2.01712726522e-08, 2.55918717329e-08, 1.83351751559e-08, 6.59825127869e-09, 3.91638144137e-09, 3.4298275331e-09, 4.1636178949e-09, 3.39787376014e-09, 4.297900702e-09, 4.99621544137e-09, 6.01431127123e-09, 5.1890629571e-09, 2.5770687806e-09, 2.3581405717e-09, 1.13330911322e-09, 8.41526903717e-10, 6.49427900346e-10, 5.50144763078e-10, 4.35159214218e-10, 7.15825565489e-10, 4.58319243668e-10, 4.78923900538e-10, 3.75411451925e-10, 2.4268856369e-10, 1.77330594653e-10, 1.44525585943e-10, 8.49617529108e-11, 7.40695629831e-11, 6.33348720691e-11],
        "max": [0.0205545499921, 0.0171971395612, 0.0135747268796, 0.0220232810825, 0.0139371249825, 0.0044207079336, 0.00842553842813, 0.0103762736544, 0.00781543832272, 0.00489273341373, 0.00467122904956, 0.00209398777224, 0.00231953524053, 0.0040349480696, 0.00149849243462, 0.00166792864911, 0.00088510196656, 0.00100431218743, 0.000895976147149, 0.00109965924639, 0.00147941196337, 0.00169903680217, 0.00129177456256, 0.000697971147019, 0.000748859078158, 0.000524232105818, 0.000409617641708, 0.000306461035507, 0.000295640144031, 0.000358072691597, 0.000541997666005, 0.000267602590611, 0.000396907271352, 0.000353358656866, 0.0001877406321, 0.000144333855133, 0.000127470775624, 0.000111991670565, 0.000113139802124, 7.24504789105e-05],
        "mean": [0.00243181153201, 0.00119143759366, 0.000830234610476, 0.00148830888793, 0.000715946021955, 0.000123055098811, 0.000271418772172, 0.000358320598025, 0.000153201966896, 0.000125126724015, 0.000112576708489, 6.7618151661e-05, 5.53224526811e-05, 3.84577506338e-05, 2.73761488643e-05, 2.3232842068e-05, 1.79165508598e-05, 2.29065535677e-05, 2.08962519537e-05, 2.41837860813e-05, 2.9088167139e-05, 2.06812201213e-05, 2.34277267737e-05, 1.97888602997e-05, 2.0502917323e-05, 1.53272794705e-05, 1.32631294036e-05, 1.17183653856e-05, 9.31960948947e-06, 7.93900017015e-06, 8.74296074471e-06, 8.30473436508e-06, 8.28723477753e-06, 7.34431660021e-06, 7.41962276152e-06, 7.37513300919e-06, 6.49034200251e-06, 4.89801095682e-06, 3.90805189454e-06, 3.34684727932e-06],
        "median": [0.00096188322641, 0.000365829851944, 0.000292995857308, 0.000648086192086, 0.000289226911264, 5.88425682508e-05, 7.80654809205e-05, 7.10804597475e-05, 3.57406679541e-05, 3.25215551129e-05, 2.98174927593e-05, 2.99446892313e-05, 1.74546748894e-05, 9.8229456853e-06, 8.93734886631e-06, 7.96162566985e-06, 6.71202133162e-06, 8.76561625773e-06, 8.25805091154e-06, 7.9924302554e-06, 8.14901704871e-06, 6.72774831401e-06, 7.00839700585e-06, 7.11784923624e-06, 7.80566006142e-06, 6.97404539096e-06, 6.21648678134e-06, 5.49668584426e-06, 4.03827880291e-06, 2.80304084299e-06, 3.2997074868e-06, 2.68742064691e-06, 2.38091456595e-06, 2.0501427116e-06, 2.48685228144e-06, 2.71199223789e-06, 2.07963103094e-06, 1.66851179983e-06, 1.23713107314e-06, 9.67555592979e-07],
        "min": [1.35661672048e-24, 2.14406221202e-24, 6.05800505961e-25, 1.21212570303e-24, 2.26745366545e-24, 2.15350014389e-24, 9.50011974738e-25, 1.01282413685e-24, 3.16524048447e-24, 3.21925536837e-24, 2.18627396185e-24, 2.65166600276e-24, 2.00473833211e-24, 3.15316874325e-24, 3.87917301433e-24, 2.64714405483e-24, 2.81988723814e-24, 2.94728216066e-24, 4.38079112573e-24, 2.82932063406e-24, 4.6971448591e-24, 3.25733762857e-24, 5.85695695538e-24, 3.93754517144e-24, 5.7384633421e-24, 3.60642356749e-24, 4.72814827597e-24, 6.50735068363e-24, 5.25662512904e-24, 5.47263536084e-24, 6.29349956413e-24, 5.56547837293e-24, 6.28308186701e-24, 5.56047226162e-24, 6.34479130018e-24, 6.90793898447e-24, 7.62547897525e-24, 6.01726966297e-24, 5.6981624106e-24, 7.15613513563e-24],
        "var": [1.12335446829e-05, 3.44409022546e-06, 1.88249816802e-06, 4.04899128625e-06, 1.42784460877e-06, 5.07746378275e-08, 3.41152315286e-07, 6.78990147662e-07, 1.57891676622e-07, 8.55556621104e-08, 6.70495978738e-08, 1.25539791895e-08, 1.69681229067e-08, 1.59441082559e-08, 3.93725585468e-09, 2.81721579398e-09, 1.32242783391e-09, 1.9766697168e-09, 1.62502866718e-09, 2.83404566481e-09, 4.71746774977e-09, 2.7960049831e-09, 3.35801653151e-09, 1.52523682573e-09, 1.14989417987e-09, 6.32162044933e-10, 4.71786998357e-10, 3.55807272534e-10, 2.56734550286e-10, 2.33757319057e-10, 3.715643071e-10, 3.29533123011e-10, 3.74603237319e-10, 2.66490246537e-10, 1.8479304198e-10, 1.35064723294e-10, 1.26933241695e-10, 6.90652118829e-11, 4.77861257508e-11, 3.71641606378e-11]
    },
    "mfcc": {
        "mean": [-643.710144043, 86.018081665, 16.1842632294, 26.6207923889, 2.3748421669, -1.24636673927, -2.19563174248, 3.23599410057, -2.41630959511, 0.941524147987, -6.17580413818, -4.48602581024, -4.13609266281],
        "cov": [[10120.4541016, -394.899902344, 713.1171875, -368.725036621, -5.89809560776, 58.6896400452, 62.2381057739, 131.606765747, -58.2052307129, 230.239562988, -2.06957173347, -4.20665311813, -25.1880970001], [-394.899902344, 1549.26379395, -84.2741165161, 218.087875366, 108.247123718, 86.1922607422, 117.554618835, 86.7977600098, 126.704299927, 84.0710144043, 36.0879974365, 64.188621521, 35.4182281494], [713.1171875, -84.2741165161, 969.490600586, -28.9324092865, 133.218231201, 228.389450073, 204.037322998, 121.320335388, 44.2643356323, 160.516708374, 40.4780044556, 46.0562858582, 58.502494812], [-368.725036621, 218.087875366, -28.9324092865, 505.446380615, 190.551269531, 76.6459121704, 34.5207824707, 98.3105773926, 99.6168746948, -8.7082567215, 75.3985748291, 39.396736145, 48.4517326355], [-5.89809560776, 108.247123718, 133.218231201, 190.551269531, 412.986022949, 17.8922538757, 31.078660965, 118.473121643, 90.9984283447, 69.3066177368, 51.9268836975, 53.2985038757, 46.792137146], [58.6896400452, 86.1922607422, 228.389450073, 76.6459121704, 17.8922538757, 415.414001465, 200.013076782, 63.9666900635, 100.679504395, 83.8222808838, 94.030960083, 68.6898574829, 49.6316833496], [62.2381057739, 117.554618835, 204.037322998, 34.5207824707, 31.078660965, 200.013076782, 264.816711426, 97.8695144653, 81.3278045654, 98.0022201538, 68.5439758301, 42.5926589966, 50.6694717407], [131.606765747, 86.7977600098, 121.320335388, 98.3105773926, 118.473121643, 63.9666900635, 97.8695144653, 188.873306274, 85.7164154053, 77.4729690552, 56.0976104736, 44.9356842041, 50.5814819336], [-58.2052307129, 126.704299927, 44.2643356323, 99.6168746948, 90.9984283447, 100.679504395, 81.3278045654, 85.7164154053, 172.690979004, 91.2013320923, 70.2367630005, 53.145526886, 52.3799781799], [230.239562988, 84.0710144043, 160.516708374, -8.7082567215, 69.3066177368, 83.8222808838, 98.0022201538, 77.4729690552, 91.2013320923, 197.683578491, 68.2737884521, 46.9998207092, 52.3603820801], [-2.06957173347, 36.0879974365, 40.4780044556, 75.3985748291, 51.9268836975, 94.030960083, 68.5439758301, 56.0976104736, 70.2367630005, 68.2737884521, 142.945968628, 68.5066604614, 59.1216583252], [-4.20665311813, 64.188621521, 46.0562858582, 39.396736145, 53.2985038757, 68.6898574829, 42.5926589966, 44.9356842041, 53.145526886, 46.9998207092, 68.5066604614, 115.801399231, 64.6030044556], [-25.1880970001, 35.4182281494, 58.502494812, 48.4517326355, 46.792137146, 49.6316833496, 50.6694717407, 50.5814819336, 52.3799781799, 52.3603820801, 59.1216583252, 64.6030044556, 114.102432251]],
