{
"lowlevel": {
    "average_loudness": 0.936455190182,
    "barkbands_crest": {
        "dmean": 2.82222294807,
        "dmean2": 4.4402346611,
        "dvar": 7.0385723114,
        "dvar2": 16.8841190338,
        "max": 25.6987915039,
        "mean": 11.3737545013,
        "median": 10.4207820892,
        "min": 2.03432798386,
        "var": 21.1339645386
    },
    "barkbands_flatness_db": {
        "dmean": 0.0327601283789,
        "dmean2": 0.0468436963856,
        "dvar": 0.0010543926619,
        "dvar2": 0.00215908978134,
        "max": 0.440629154444,
        "mean": 0.173429682851,
        "median": 0.169189095497,
        "min": 0.0155084468424,
        "var": 0.00357023673132
    },
    "barkbands_kurtosis": {
        "dmean": 7.60158395767,
        "dmean2": 11.9124698639,
        "dvar": 145.71333313,
        "dvar2": 365.16418457,
        "max": 204.687454224,
        "mean": 11.5079965591,
        "median": 7.03024768829,
        "min": -1.9617369175,
        "var": 262.444335938
    },
    "barkbands_skewness": {
        "dmean": 0.949623584747,
        "dmean2": 1.45330166817,
        "dvar": 0.951071023941,
        "dvar2": 2.32616591454,
        "max": 11.8485012054,
        "mean": 2.42006087303,
        "median": 2.28206586838,
        "min": -3.22210264206,
        "var": 2.7566204071
    },
    "barkbands_spread": {
        "dmean": 12.9243326187,
        "dmean2": 19.6797733307,
        "dvar": 327.115570068,
        "dvar2": 722.866943359,
        "max": 134.102401733,
        "mean": 24.9819164276,
        "median": 13.62474823,
        "min": 0.732652723789,
        "var": 639.006469727
    },
    "dissonance": {
        "dmean": 0.0330858081579,
        "dmean2": 0.0525075420737,
        "dvar": 0.000882757944055,
        "dvar2": 0.00219087093137,
        "max": 0.5,
        "mean": 0.424475371838,
        "median": 0.433763623238,
        "min": 0.181177735329,
        "var": 0.002307851566
    },
    "dynamic_complexity": 3.00225400925,
    "erbbands_crest": {
        "dmean": 2.970277071,
        "dmean2": 4.63647985458,
        "dvar": 8.0289106369,
        "dvar2": 17.5182743073,
        "max": 28.6429042816,
        "mean": 10.5155820847,
        "median": 9.45503807068,
        "min": 2.49685192108,
        "var": 22.5986537933
    },
    "erbbands_flatness_db": {
        "dmean": 0.026836104691,
        "dmean2": 0.0371245183051,
        "dvar": 0.000706981576513,
        "dvar2": 0.00137345446274,
        "max": 0.321890980005,
        "mean": 0.142371103168,
        "median": 0.13581520319,
        "min": 0.0475822463632,
        "var": 0.00211675674655
    },
    "erbbands_kurtosis": {
        "dmean": 2.37767076492,
        "dmean2": 3.64168763161,
        "dvar": 7.59212350845,
        "dvar2": 16.6727867126,
        "max": 40.6477546692,
        "mean": 2.52895689011,
        "median": 1.51647782326,
        "min": -1.9085457325,
        "var": 16.4529209137
    },
    "erbbands_skewness": {
        "dmean": 0.644540607929,
        "dmean2": 0.964445531368,
        "dvar": 0.416581481695,
        "dvar2": 0.970812916756,
        "max": 5.16219902039,
        "mean": 0.990620315075,
        "median": 1.07674133778,
        "min": -3.97806096077,
        "var": 1.10437977314
    },
    "erbbands_spread": {
        "dmean": 22.4652500153,
        "dmean2": 33.1839942932,
        "dvar": 644.150268555,
        "dvar2": 1367.84521484,
        "max": 196.580307007,
        "mean": 54.4514122009,
        "median": 42.9107017517,
        "min": 3.1576769352,
        "var": 1495.04467773
    },
    "hfc": {
        "dmean": 29.9368495941,
        "dmean2": 47.945186615,
        "dvar": 3189.515625,
        "dvar2": 8338.82519531,
        "max": 502.423583984,
        "mean": 39.4469337463,
        "median": 19.2593421936,
        "min": 1.08092197122e-16,
        "var": 3245.46875
    },
    "melbands_crest": {
        "dmean": 3.12257409096,
        "dmean2": 4.97994470596,
        "dvar": 8.25097179413,
        "dvar2": 20.6775608063,
        "max": 32.4382820129,
        "mean": 15.6093015671,
        "median": 14.8444404602,
        "min": 1.66956365108,
        "var": 31.118516922
    },
    "melbands_flatness_db": {
        "dmean": 0.0416015312076,
        "dmean2": 0.0586986131966,
        "dvar": 0.00177826255094,
        "dvar2": 0.00360743375495,
        "max": 0.596423864365,
        "mean": 0.259847283363,
        "median": 0.25809699297,
        "min": 0.00327686173841,
        "var": 0.00705627398565
    },
    "melbands_kurtosis": {
        "dmean": 19.3129005432,
        "dmean2": 30.1138801575,
        "dvar": 918.792724609,
        "dvar2": 2148.41821289,
        "max": 607.774108887,
        "mean": 32.8434562683,
        "median": 19.077205658,
        "min": -1.83285665512,
        "var": 1868.30310059
    },
    "melbands_skewness": {
        "dmean": 1.29357004166,
        "dmean2": 1.96909546852,
        "dvar": 1.88883066177,
        "dvar2": 4.20681190491,
        "max": 19.8683757782,
        "mean": 3.79823255539,
        "median": 3.33414411545,
        "min": -0.682796537876,
        "var": 5.76364421844
    },
    "melbands_spread": {
        "dmean": 9.71563053131,
        "dmean2": 15.6338005066,
        "dvar": 372.779968262,
        "dvar2": 883.502563477,
        "max": 248.916976929,
        "mean": 17.1044006348,
        "median": 10.1348514557,
        "min": 0.702381432056,
        "var": 547.904846191
    },
    "pitch_salience": {
        "dmean": 0.0766680538654,
        "dmean2": 0.119946032763,
        "dvar": 0.00490450626239,
        "dvar2": 0.0115963714197,
        "max": 0.855571329594,
        "mean": 0.52305239439,
        "median": 0.532367289066,
        "min": 0.106732860208,
        "var": 0.0157565418631
    },
    "silence_rate_20dB": {
        "dmean": 0,
        "dmean2": 0,
        "dvar": 0,
        "dvar2": 0,
        "max": 1,
        "mean": 1,
        "median": 1,
        "min": 1,
        "var": 0
    },
    "silence_rate_30dB": {
        "dmean": 0.0638406053185,
        "dmean2": 0.127694189548,
        "dvar": 0.0597724430263,
        "dvar2": 0.131731748581,
        "max": 1,
        "mean": 0.938097178936,
        "median": 1,
        "min": 0,
        "var": 0.058077737689
    },
    "silence_rate_60dB": {
        "dmean": 0.00508285034448,
        "dmean2": 0.010166734457,
        "dvar": 0.00505782803521,
        "dvar2": 0.0116925556213,
        "max": 1,
        "mean": 0.0467574708164,
        "median": 0,
        "min": 0,
        "var": 0.0445716194808
    },
    "spectral_centroid": {
        "dmean": 333.440490723,
        "dmean2": 520.250427246,
        "dvar": 247528.6875,
        "dvar2": 536574.125,
        "max": 11818.1796875,
        "mean": 954.430175781,
        "median": 665.687072754,
        "min": 156.057037354,
        "var": 924234.125
    },
    "spectral_complexity": {
        "dmean": 3.06353569031,
        "dmean2": 4.92171621323,
        "dvar": 26.409532547,
        "dvar2": 61.1123046875,
        "max": 59,
        "mean": 11.8274040222,
        "median": 11,
        "min": 0,
        "var": 42.2747650146
    },
    "spectral_decrease": {
        "dmean": 4.35997948856e-09,
        "dmean2": 6.99123159364e-09,
        "dvar": 5.17736117341e-17,
        "dvar2": 1.37387897012e-16,
        "max": 1.86999395731e-28,
        "mean": -1.11504885325e-08,
        "median": -8.83928663598e-09,
        "min": -7.36528846801e-08,
        "var": 8.81727681472e-17
    },
    "spectral_energy": {
        "dmean": 0.0178736634552,
        "dmean2": 0.0288220867515,
        "dvar": 0.000785018084571,
        "dvar2": 0.00208449922502,
        "max": 0.282770037651,
        "mean": 0.045662406832,
        "median": 0.0375242158771,
        "min": 1.00605446183e-20,
        "var": 0.00131821259856
    },
    "spectral_energyband_high": {
        "dmean": 0.00269846222363,
        "dmean2": 0.00427256152034,
        "dvar": 2.66476054094e-05,
        "dvar2": 6.83676626068e-05,
        "max": 0.0511814244092,
        "mean": 0.00281289848499,
        "median": 0.000550737488084,
        "min": 7.27626113879e-21,
        "var": 2.8391910746e-05
    },
    "spectral_energyband_low": {
        "dmean": 0.0122224157676,
        "dmean2": 0.0194983519614,
        "dvar": 0.000519222463481,
        "dvar2": 0.00136743194889,
        "max": 0.206432819366,
        "mean": 0.0240072831511,
        "median": 0.0114059336483,
        "min": 1.59974475588e-23,
        "var": 0.000936941127293
    },
    "spectral_energyband_middle_high": {
        "dmean": 0.00151812052354,
        "dmean2": 0.00253499601968,
        "dvar": 1.98069465114e-05,
        "dvar2": 5.46107003174e-05,
        "max": 0.0528539009392,
        "mean": 0.00255243177526,
        "median": 0.00120841502212,
        "min": 1.13339263654e-21,
        "var": 1.98079906113e-05
    },
    "spectral_energyband_middle_low": {
        "dmean": 0.00769372051582,
        "dmean2": 0.0122634302825,
        "dvar": 0.000182684016181,
        "dvar2": 0.000476998393424,
        "max": 0.143965214491,
        "mean": 0.0188600774854,
        "median": 0.0158209688962,
        "min": 1.51035031235e-22,
        "var": 0.000253967067692
    },
    "spectral_entropy": {
        "dmean": 0.405975937843,
        "dmean2": 0.553727686405,
        "dvar": 0.172227904201,
        "dvar2": 0.357374936342,
        "max": 9.82567024231,
        "mean": 7.37686157227,
        "median": 7.32516002655,
        "min": 5.40202569962,
        "var": 0.446955531836
    },
    "spectral_flux": {
        "dmean": 0.0384407602251,
        "dmean2": 0.0610346160829,
        "dvar": 0.00219273543917,
        "dvar2": 0.00503473775461,
        "max": 0.47905126214,
        "mean": 0.101299829781,
        "median": 0.0872891768813,
        "min": 6.37384173219e-11,
        "var": 0.0044600176625
    },
    "spectral_kurtosis": {
        "dmean": 2.61000037193,
        "dmean2": 3.6733019352,
        "dvar": 15.0190467834,
        "dvar2": 32.7456169128,
        "max": 54.8976325989,
        "mean": 4.20256090164,
        "median": 2.87336683273,
        "min": -1.29010212421,
        "var": 24.7904453278
    },
    "spectral_rms": {
        "dmean": 0.00117058935575,
        "dmean2": 0.00183236168232,
        "dvar": 2.16115245166e-06,
        "dvar2": 5.51172888663e-06,
        "max": 0.0166094303131,
        "mean": 0.00613658176735,
        "median": 0.00605053640902,
        "min": 3.13291645231e-12,
        "var": 6.89129501552e-06
    },
    "spectral_rolloff": {
        "dmean": 1482.51574707,
        "dmean2": 2653.20043945,
        "dvar": 9248535,
        "dvar2": 20721436,
        "max": 19767.4804688,
        "mean": 2164.71801758,
        "median": 581.396484375,
        "min": 64.599609375,
        "var": 13531795
    },
    "spectral_skewness": {
        "dmean": 0.472908854485,
        "dmean2": 0.640553593636,
        "dvar": 0.285371303558,
        "dvar2": 0.601349532604,
        "max": 6.03987932205,
        "mean": 1.7497150898,
        "median": 1.6949942112,
        "min": -0.148506075144,
        "var": 0.670883655548
    },
    "spectral_spread": {
        "dmean": 1901165.5,
        "dmean2": 2594348.25,
        "dvar": 5.37104482304e+12,
        "dvar2": 1.14100011008e+13,
        "max": 50264200,
        "mean": 7767739.5,
        "median": 6965873,
        "min": 1261063.625,
        "var": 1.54306693038e+13
    },
    "spectral_strongpeak": {
        "dmean": 0.712411403656,
        "dmean2": 1.26207399368,
        "dvar": 9.01882648468,
        "dvar2": 23.4586524963,
        "max": 55.0639419556,
        "mean": 1.03110826015,
        "median": 0.491009235382,
        "min": 0,
        "var": 7.465239048
    },
    "zerocrossingrate": {
        "dmean": 0.0287725571543,
        "dmean2": 0.032362036407,
        "dvar": 0.00105996720959,
        "dvar2": 0.00130911997985,
        "max": 0.5234375,
        "mean": 0.0824505910277,
        "median": 0.052490234375,
        "min": 0.00244140625,
        "var": 0.00607487326488
    },
    "barkbands": {
        "dmean": [0.000454754655948, 0.00785906333476, 0.00456749927253, 0.00372267956845, 0.00274054985493, 0.0010000601178, 0.00135568808764, 0.00117068155669, 0.000805833318736, 0.000320697174175, 0.000327032234054, 0.000304907560349, 0.000211678881897, 0.000146697537275, 0.000192074890947, 0.000136698014103, 0.000142649427289, 9.99694748316e-05, 0.000139418581966, 0.000103864214907, 0.000127072213218, 0.000232776030316, 0.000340819591656, 0.00051049242029, 0.000938093289733, 0.000597431848291, 3.0284470995e-05],
        "dmean2": [0.000736485351808, 0.0118216490373, 0.00767656322569, 0.0064281350933, 0.00446004141122, 0.00160563003737, 0.00206840317696, 0.00168351421598, 0.00119243189692, 0.000494603707921, 0.00052592868451, 0.000510163954459, 0.000361898099072, 0.000251801655395, 0.000328068941599, 0.000236805033637, 0.000252835568972, 0.00017245678464, 0.000240839362959, 0.000173266700585, 0.000213050443563, 0.000378413329599, 0.000548655400053, 0.000840014894493, 0.00138608296402, 0.00106841907836, 5.69406802242e-05],
        "dvar": [1.26461770833e-06, 0.000170549727045, 0.000155113055371, 0.000111218825623, 1.70420444192e-05, 3.24790357809e-06, 6.10176812188e-06, 5.59654881727e-06, 2.79953292193e-06, 4.34706009855e-07, 9.58972464105e-07, 8.48750119076e-07, 6.8411486609e-07, 3.33121846552e-07, 6.24656991022e-07, 2.079907091e-07, 3.31197895775e-07, 1.16132170547e-07, 1.22027543625e-07, 9.64821254001e-08, 1.17947962508e-07, 3.03696850779e-07, 5.25293785358e-07, 1.03996046619e-06, 3.95975712308e-06, 2.53214170698e-06, 9.11155773053e-09],
        "dvar2": [3.34131800628e-06, 0.000480938062537, 0.000415647460613, 0.000300441985019, 4.46126250608e-05, 7.38219523555e-06, 1.39142121043e-05, 1.08666108645e-05, 5.43707574252e-06, 8.91540992143e-07, 2.21056939154e-06, 2.22037215281e-06, 1.81275686373e-06, 9.18809348605e-07, 1.72216903138e-06, 5.66677385905e-07, 9.10277378807e-07, 3.1482593954e-07, 3.52557094629e-07, 2.57654278357e-07, 3.22725867363e-07, 7.43268174119e-07, 1.24216569475e-06, 2.65887888418e-06, 8.4560151663e-06, 7.03357318343e-06, 2.61768420273e-08],
        "max": [0.0311728827655, 0.183820083737, 0.12088765949, 0.113767780364, 0.0533740594983, 0.0289507173002, 0.0508369915187, 0.0452897697687, 0.034883800894, 0.0232890006155, 0.0244168099016, 0.0176240820438, 0.0239824280143, 0.0176386255771, 0.0116135263816, 0.00648209266365, 0.00800676830113, 0.00654120510444, 0.00462160166353, 0.00507439905778, 0.00412853527814, 0.0133203649893, 0.0180094856769, 0.0176288597286, 0.022214602679, 0.0170230772346, 0.000942549784668],
        "mean": [0.000723676406778, 0.015191511251, 0.00565680768341, 0.00408535730094, 0.00551231997088, 0.00214043678716, 0.00283303880133, 0.00233775563538, 0.00166193943005, 0.000648079789244, 0.000455490051536, 0.00043751928024, 0.000220423040446, 0.000145782643813, 0.000195788466954, 0.000136283895699, 0.00012340475223, 0.00010678601393, 0.000180703544174, 0.000108469801489, 0.000125450111227, 0.000248885015026, 0.000371242000256, 0.000461506453576, 0.00110386207234, 0.000431761785876, 1.81347186299e-05],
        "median": [0.000135698763188, 0.00712585542351, 0.00111288239714, 0.00153594138101, 0.00367394136265, 0.00101462984458, 0.00161860161461, 0.000621175393462, 0.000551368808374, 0.000263039954007, 7.62531271903e-05, 6.21337385383e-05, 2.88698975055e-05, 2.01641014428e-05, 3.33252974087e-05, 3.66819986084e-05, 2.30770092458e-05, 3.14765820804e-05, 2.89521303785e-05, 3.36189186783e-05, 2.42278656515e-05, 6.11835421296e-05, 7.47041922295e-05, 7.21725518815e-05, 0.000111471708806, 4.13577217842e-05, 7.79794390837e-07],
        "min": [6.17531163444e-25, 7.56591287715e-24, 1.10475847978e-24, 8.46594775253e-25, 2.19586280281e-23, 1.32218941063e-23, 1.03150805101e-23, 6.35553519128e-24, 2.01001585101e-23, 2.4075730327e-23, 1.89537542882e-23, 3.58811331701e-23, 3.64974039311e-23, 2.80333555584e-23, 5.94926519866e-23, 5.1518322153e-23, 6.75497869717e-23, 1.27819031499e-22, 1.17022479202e-22, 1.42006095345e-22, 2.52779458269e-22, 3.31517217697e-22, 4.56223429308e-22, 5.60558551285e-22, 9.77819572504e-22, 1.40842655514e-21, 2.00860899647e-21],
        "var": [2.31259446082e-06, 0.000376141921151, 0.000145920363138, 8.19800843601e-05, 3.38419777108e-05, 1.1139536582e-05, 1.35000327646e-05, 1.79458093044e-05, 9.15869259188e-06, 1.47753792135e-06, 1.74534204689e-06, 1.42029261951e-06, 7.34855461815e-07, 3.02340851022e-07, 4.57108797036e-07, 1.66831270576e-07, 2.33180713849e-07, 8.82511059785e-08, 1.95647487544e-07, 8.08489915016e-08, 1.01579672673e-07, 3.59355425417e-07, 6.76642741837e-07, 1.01002046904e-06, 6.16019542576e-06, 1.69668987837e-06, 5.10127362574e-09]
    },
    "erbbands": {
        "dmean": [0.272324413061, 1.71458697319, 4.75424671173, 9.59906196594, 9.82591724396, 10.0013847351, 10.7161912918, 6.86378574371, 17.8603782654, 17.89295578, 29.432849884, 19.9262580872, 11.8826627731, 10.6179571152, 12.7841367722, 11.9978942871, 8.6650800705, 8.64360523224, 7.35419225693, 9.98776721954, 7.69025278091, 7.9916973114, 6.40376710892, 5.57473325729, 5.71951818466, 5.08819913864, 4.6551232338, 5.49051237106, 8.46907043457, 9.01018333435, 9.43143749237, 10.6530056, 8.81360530853, 8.98999214172, 6.18047904968, 2.48544955254, 1.24179530144, 0.277301818132, 0.0053115314804, 0.000179252834641],
        "dmean2": [0.421117603779, 2.59671473503, 7.98794937134, 16.0952949524, 16.3817939758, 16.5672607422, 17.522605896, 11.2306995392, 27.4402427673, 26.9213409424, 41.7042312622, 29.0321044922, 17.4198265076, 16.9516296387, 20.925239563, 19.7168426514, 14.7508430481, 14.7623634338, 12.465801239, 17.0667629242, 13.3736286163, 14.2278528214, 11.1107349396, 9.49410057068, 9.87685489655, 8.55170345306, 7.89123106003, 9.05541801453, 13.9374551773, 14.6585998535, 14.9540624619, 17.512468338, 14.6107301712, 14.1353473663, 8.96565246582, 3.7925760746, 2.22928977013, 0.518451809883, 0.00985009409487, 0.000317171477946],
        "dvar": [0.229768723249, 8.35267353058, 141.210647583, 780.692565918, 356.701293945, 291.64932251, 534.065795898, 157.827133179, 1103.31359863, 1526.4395752, 3799.6418457, 1838.21386719, 612.901550293, 580.436035156, 1570.60400391, 1305.55725098, 1078.05810547, 1290.32910156, 766.271911621, 1630.48291016, 765.744018555, 1064.74902344, 532.101379395, 210.568130493, 181.713180542, 260.870697021, 171.043014526, 182.264053345, 394.670135498, 445.061920166, 409.004333496, 443.747283936, 329.023468018, 362.439758301, 181.005737305, 36.4353256226, 13.1141767502, 0.737175285816, 0.000261558772763, 2.12025256019e-07],
        "dvar2": [0.639736831188, 22.7690658569, 382.762359619, 2059.24023438, 957.237304688, 754.457336426, 1205.89831543, 385.440185547, 2456.03955078, 3402.29418945, 7210.90869141, 3628.12695312, 1107.38537598, 1450.44274902, 3939.7355957, 3221.14648438, 2899.35888672, 3477.00927734, 2114.36108398, 4457.87255859, 2094.62646484, 2951.67041016, 1460.45397949, 588.326782227, 500.025787354, 706.085266113, 466.549163818, 483.06362915, 983.90057373, 1072.21435547, 939.57421875, 1107.08422852, 859.373962402, 897.506225586, 353.285949707, 84.8373413086, 36.7661247253, 2.10841703415, 0.000746924255509, 5.97403698066e-07],
        "max": [7.64247131348, 32.5455245972, 114.413665771, 310.283081055, 200.329681396, 316.576843262, 478.651885986, 247.385437012, 669.399414062, 1105.68774414, 1241.07470703, 1018.71807861, 838.986083984, 514.240112305, 797.451538086, 906.498474121, 1246.11633301, 1162.26086426, 487.084472656, 569.674621582, 391.712310791, 347.938751221, 388.237884521, 187.968017578, 305.951263428, 247.847351074, 161.577423096, 190.845352173, 432.698791504, 502.706573486, 525.628051758, 455.702789307, 226.166152954, 193.202438354, 189.720214844, 97.2263412476, 33.2487106323, 6.81391000748, 0.129728108644, 0.00386115256697],
        "mean": [0.492200911045, 3.16725730896, 6.70579481125, 11.3889522552, 14.8451108932, 18.5748252869, 22.8552684784, 13.1137456894, 36.8430900574, 37.8151702881, 61.0852432251, 41.9535522461, 27.1867179871, 19.6941299438, 18.6787967682, 18.088054657, 10.2295074463, 9.15194702148, 7.84031295776, 10.2308034897, 7.55718326569, 7.109395504, 6.71264886856, 7.35431480408, 7.28466129303, 5.36358165741, 4.88936710358, 5.3455786705, 8.51087665558, 10.1562919617, 10.4644346237, 10.0341491699, 7.77053117752, 8.66509342194, 7.86647987366, 2.73692584038, 0.8862169981, 0.169751554728, 0.00337269180454, 0.000169965947862],
        "median": [0.223533540964, 1.28991258144, 1.6880197525, 4.05875968933, 8.06003761292, 10.2214012146, 9.56918048859, 6.2660369873, 21.362121582, 15.9771022797, 18.7553977966, 16.2936897278, 9.88215446472, 8.72371864319, 4.35969352722, 2.67578554153, 1.66824150085, 1.41318655014, 1.38508224487, 2.10372185707, 1.99797654152, 1.4707018137, 1.8827483654, 1.65304577351, 1.71197628975, 1.74570965767, 0.893308401108, 1.16007554531, 1.85185813904, 2.86640501022, 1.94743573666, 1.75628185272, 1.08361077309, 1.00517916679, 0.73458302021, 0.301787137985, 0.0722041130066, 0.00864329002798, 0.00023429596331, 6.95643539075e-05],
        "min": [1.50254551188e-22, 1.59587474943e-21, 2.51860704158e-21, 3.04316697938e-21, 1.87077897677e-20, 6.78386653109e-20, 7.82123373729e-20, 9.07061444307e-20, 7.02298312043e-20, 1.88893517117e-19, 3.67014997158e-19, 5.04335534991e-19, 6.742047252e-19, 8.83158509544e-19, 1.14409118621e-18, 1.70080607233e-18, 1.34248921536e-18, 1.97000197312e-18, 2.63508227578e-18, 3.17930301234e-18, 3.62850840707e-18, 3.97219698851e-18, 5.9146552948e-18, 5.70147678887e-18, 7.80601741388e-18, 6.90851321437e-18, 1.08622165123e-17, 1.12913073561e-17, 1.14238746298e-17, 1.10627705877e-17, 1.32947363182e-17, 1.12161869488e-17, 8.52323429016e-18, 9.28105498117e-18, 6.80368254739e-18, 4.59644786292e-18, 2.48551395896e-18, 9.39753586669e-19, 2.59133326187e-19, 2.52083307831e-20],
        "var": [0.465765863657, 17.5908241272, 154.635162354, 623.165222168, 394.028320312, 555.861083984, 2017.83654785, 336.61630249, 2461.30078125, 3862.1184082, 12295.5576172, 5374.85253906, 2916.75537109, 1109.96508789, 2336.46777344, 2644.79296875, 1344.13745117, 1235.3605957, 605.635742188, 1237.23291016, 573.54296875, 728.389709473, 391.019073486, 322.260070801, 259.481964111, 206.360397339, 172.364334106, 156.860839844, 426.095367432, 541.392272949, 572.659057617, 470.018859863, 294.113525391, 380.737915039, 333.732788086, 46.2954444885, 8.45524406433, 0.42045468092, 0.000151219239342, 1.37821402291e-07]
    },
    "gfcc": {
        "mean": [-3.70697808266, 77.7926635742, -56.717010498, 21.4090805054, -74.012512207, 17.8392505646, -42.0494308472, 21.4579181671, -23.5675354004, 4.97790384293, -22.187625885, 4.48971843719, -14.5919389725],
        "cov": [[16610.0664062, -1010.44403076, -662.25994873, 377.85736084, -595.731933594, 344.818511963, -409.383605957, 223.265304565, -310.27722168, 97.9592132568, -207.972610474, 95.2262954712, -304.183166504], [-1010.44403076, 2004.98486328, -315.905853271, -167.76083374, 291.894104004, 0.169718161225, 228.007263184, -41.8383865356, 171.599273682, -129.931427002, 126.180297852, -48.8323097229, 15.1591405869], [-662.25994873, -315.905853271, 1022.47167969, 295.06036377, 145.75328064, 153.656829834, 126.45967865, 112.579238892, 5.26959609985, 101.388832092, -17.9819030762, 47.5530700684, 75.8016052246], [377.85736084, -167.76083374, 295.06036377, 645.515563965, 147.943572998, 59.1515083313, 30.1729984283, 84.5464172363, 98.505859375, 8.60061073303, 20.1284503937, -0.462274223566, 26.1929569244], [-595.731933594, 291.894104004, 145.75328064, 147.943572998, 371.635772705, 103.626274109, 103.280830383, 43.4214172363, 72.5741729736, 32.0380210876, 39.9899139404, 2.77952861786, 37.6725616455], [344.818511963, 0.169718161225, 153.656829834, 59.1515083313, 103.626274109, 253.850463867, 148.913803101, 17.2553920746, 3.02544927597, 52.1182174683, 35.7733192444, 20.4205112457, 5.26431274414], [-409.383605957, 228.007263184, 126.45967865, 30.1729984283, 103.280830383, 148.913803101, 296.541778564, 46.9712867737, 3.54107427597, 25.2916870117, 84.9245681763, 26.3744258881, 9.43043041229], [223.265304565, -41.8383865356, 112.579238892, 84.5464172363, 43.4214172363, 17.2553920746, 46.9712867737, 170.58984375, 27.4917182922, 27.068983078, -2.4911339283, 11.7055940628, 21.0887508392], [-310.27722168, 171.599273682, 5.26959609985, 98.505859375, 72.5741729736, 3.02544927597, 3.54107427597, 27.4917182922, 208.833251953, -0.258309870958, 17.2628555298, -1.9876550436, 40.5105323792], [97.9592132568, -129.931427002, 101.388832092, 8.60061073303, 32.0380210876, 52.1182174683, 25.2916870117, 27.068983078, -0.258309870958, 134.141052246, 11.9147348404, 12.1316137314, 41.1050987244], [-207.972610474, 126.180297852, -17.9819030762, 20.1284503937, 39.9899139404, 35.7733192444, 84.9245681763, -2.4911339283, 17.2628555298, 11.9147348404, 128.798828125, 33.2487220764, -17.2566223145], [95.2262954712, -48.8323097229, 47.5530700684, -0.462274223566, 2.77952861786, 20.4205112457, 26.3744258881, 11.7055940628, -1.9876550436, 12.1316137314, 33.2487220764, 86.7932815552, 21.8128128052], [-304.183166504, 15.1591405869, 75.8016052246, 26.1929569244, 37.6725616455, 5.26431274414, 9.43043041229, 21.0887508392, 40.5105323792, 41.1050987244, -17.2566223145, 21.8128128052, 117.58127594]],
        "icov": [[0.000110454922833, -6.99539596098e-05, 0.000145312747918, -0.000190967999515, 0.000243424292421, -0.000413907662733, 0.000288095034193, -0.000264473463176, 0.000165755773196, -0.000241670466494, 0.000280370819382, -0.000359684810974, 0.000343746476574], [-6.99539596098e-05, 0.000982708879746, 9.26970824366e-05, 0.000545172719285, -0.000914091011509, 0.000619127473328, -0.000931227812544, 0.000358141085599, -0.000685897190124, 0.00116644660011, -0.000778468907811, 0.000991128268652, -0.000682846759446], [0.000145312747918, 9.26970824366e-05, 0.00166463793721, -0.000753679079935, 1.92658044398e-05, -0.000814478669781, -0.000167047590367, -0.000637882039882, 0.000423804100137, -0.000789267010987, 0.00110587233212, -0.0010240143165, 9.89894542727e-05], [-0.000190967999515, 0.000545172719285, -0.000753679079935, 0.00265448796563, -0.00122217659373, 0.000586199108511, -0.000282091001282, -0.000158540860866, -0.00123017432634, 0.00145894254092, -0.00142276624683, 0.00147098081652, -0.000821265799459], [0.000243424292421, -0.000914091011509, 1.92658044398e-05, -0.00122217659373, 0.00481520360336, -0.00213827611879, 0.000754029199015, -0.000955883704592, 6.96725619491e-05, -0.00133178278338, 0.000362666265573, -0.000569245486986, 0.000271755416179], [-0.000413907662733, 0.000619127473328, -0.000814478669781, 0.000586199108511, -0.00213827611879, 0.00839894637465, -0.0045199082233, 0.00213566422462, -0.000972814508714, -0.000924565305468, -3.63588405889e-05, 0.000528599193785, 8.74040124472e-05], [0.000288095034193, -0.000931227812544, -0.000167047590367, -0.000282091001282, 0.000754029199015, -0.0045199082233, 0.00784367136657, -0.00249045272358, 0.00155891431496, -5.46412957192e-05, -0.00284389662556, -0.000624226930086, -5.31914838575e-06], [-0.000264473463176, 0.000358141085599, -0.000637882039882, -0.000158540860866, -0.000955883704592, 0.00213566422462, -0.00249045272358, 0.0078881457448, -0.00126379041467, -0.00060640857555, 0.000833406636957, -7.52566629671e-05, -0.000504527764861], [0.000165755773196, -0.000685897190124, 0.000423804100137, -0.00123017432634, 6.96725619491e-05, -0.000972814508714, 0.00155891431496, -0.00126379041467, 0.0066965459846, -9.24978521653e-05, -0.000735956709832, 2.99573298435e-06, -0.00174247473478], [-0.000241670466494, 0.00116644660011, -0.000789267010987, 0.00145894254092, -0.00133178278338, -0.000924565305468, -5.46412957192e-05, -0.00060640857555, -9.24978521653e-05, 0.0117179900408, -0.00364853697829, 0.00276553654112, -0.00512365344912], [0.000280370819382, -0.000778468907811, 0.00110587233212, -0.00142276624683, 0.000362666265573, -3.63588405889e-05, -0.00284389662556, 0.000833406636957, -0.000735956709832, -0.00364853697829, 0.0140437930822, -0.00681612407789, 0.00524838501588], [-0.000359684810974, 0.000991128268652, -0.0010240143165, 0.00147098081652, -0.000569245486986, 0.000528599193785, -0.000624226930086, -7.52566629671e-05, 2.99573298435e-06, 0.00276553654112, -0.00681612407789, 0.0167638808489, -0.00558163505048], [0.000343746476574, -0.000682846759446, 9.89894542727e-05, -0.000821265799459, 0.000271755416179, 8.74040124472e-05, -5.31914838575e-06, -0.000504527764861, -0.00174247473478, -0.00512365344912, 0.00524838501588, -0.00558163505048, 0.0137983765453]]
    },
    "melbands": {
        "dmean": [0.00226663891226, 0.00217597093433, 0.00164117664099, 0.000669543864205, 0.000378597993404, 0.00016646986478, 0.00027462921571, 0.000189402519027, 0.000237042942899, 0.000114032394777, 5.88503135077e-05, 4.2834537453e-05, 4.75043525512e-05, 3.62682294508e-05, 2.51414512604e-05, 1.93089999811e-05, 1.56313417392e-05, 1.10418868644e-05, 1.51246995301e-05, 1.05670742414e-05, 8.90267165232e-06, 8.49822117743e-06, 7.70737824496e-06, 4.20261403633e-06, 4.79002710563e-06, 5.65804202779e-06, 3.86682995668e-06, 3.31014712174e-06, 2.56190241998e-06, 3.43579495166e-06, 3.11115695695e-06, 4.64346339868e-06, 5.0576063586e-06, 5.42404768566e-06, 4.97186101711e-06, 7.19598165233e-06, 6.15206317889e-06, 5.02321881868e-06, 8.50764263305e-06, 7.3782121035e-06],
        "dmean2": [0.00347827514634, 0.00356789375655, 0.00273263757117, 0.00109607574996, 0.000622179592028, 0.00027011425118, 0.000420394790126, 0.000283980247332, 0.000336030905601, 0.000167547404999, 8.63769018906e-05, 6.85315026203e-05, 7.62823328841e-05, 6.02525142313e-05, 4.23194105679e-05, 3.31860610459e-05, 2.67255290964e-05, 1.8894299501e-05, 2.59664557234e-05, 1.80419301614e-05, 1.55991856445e-05, 1.52284719661e-05, 1.35371292345e-05, 7.18900128049e-06, 8.17044838186e-06, 9.83580139291e-06, 6.46985427011e-06, 5.59074987905e-06, 4.33095510743e-06, 5.91030220676e-06, 5.09706796947e-06, 7.70731094235e-06, 8.38511368784e-06, 8.90728460945e-06, 7.71842769609e-06, 1.21343509818e-05, 1.00454381027e-05, 8.00553516456e-06, 1.49998750203e-05, 1.10745622806e-05],
        "dvar": [1.45614894791e-05, 2.14017672988e-05, 2.02788924071e-05, 1.13855844575e-06, 5.60583146125e-07, 9.15119073852e-08, 2.52174174875e-07, 1.47628085756e-07, 2.25964569722e-07, 6.10060411077e-08, 1.58698743036e-08, 9.51289358397e-09, 2.03764241036e-08, 1.23712844413e-08, 7.36322158801e-09, 6.49764242411e-09, 3.97084676251e-09, 1.67025149267e-09, 4.80573136841e-09, 1.26306587411e-09, 1.05002928574e-09, 1.20967802442e-09, 9.60858392851e-10, 1.70558928092e-10, 1.66318167572e-10, 1.99940924928e-10, 1.2105304259e-10, 1.16102218117e-10, 4.71940750368e-11, 9.70660357646e-11, 5.44705010264e-11, 1.18224499635e-10, 1.61788096809e-10, 1.75375089451e-10, 1.42721889862e-10, 2.22173709985e-10, 1.46847409233e-10, 9.5620893148e-11, 3.85040666018e-10, 2.6222568561e-10],
        "dvar2": [4.12984954892e-05, 5.61855085834e-05, 5.3759682487e-05, 3.06402421302e-06, 1.34083848025e-06, 2.15521026803e-07, 5.68372797716e-07, 3.33212511805e-07, 4.32007880136e-07, 1.20368341072e-07, 2.8486187631e-08, 2.3599570298e-08, 4.67432990092e-08, 3.24712310373e-08, 1.90901960906e-08, 1.74221472804e-08, 1.06742703565e-08, 4.63262628259e-09, 1.32390471919e-08, 3.40521144615e-09, 2.8665148033e-09, 3.35384697792e-09, 2.67887156902e-09, 4.54086879209e-10, 4.68794558728e-10, 5.85297532663e-10, 3.22527615726e-10, 3.1233482467e-10, 1.25658081163e-10, 2.70519107115e-10, 1.40703851348e-10, 2.95756669155e-10, 4.03533290116e-10, 4.34015851036e-10, 3.263812276e-10, 5.65607949365e-10, 3.62152502431e-10, 2.30960611747e-10, 1.07234487956e-09, 5.76186875989e-10],
        "max": [0.0595352873206, 0.0456423982978, 0.0506371930242, 0.01217344217, 0.013624696061, 0.00604809354991, 0.00948354322463, 0.0103882625699, 0.00932981912047, 0.00568114826456, 0.00427168095484, 0.00224032858387, 0.00370530015789, 0.00226668571122, 0.0030475105159, 0.00292698526755, 0.00195872876793, 0.000759389135055, 0.00104481342714, 0.000496920198202, 0.000450144492788, 0.000428826955613, 0.000569455791265, 0.000149556566612, 0.000178439629963, 0.000232455233345, 0.000190244900296, 0.000224792616791, 9.10474773264e-05, 0.00011625955085, 0.000134156012791, 0.000223476818064, 0.000308110611513, 0.000348757923348, 0.000347179418895, 0.000286254187813, 0.000266305112746, 0.000180293616722, 0.000182635121746, 0.000175708919414],
        "mean": [0.00426103454083, 0.00381380273029, 0.00204772688448, 0.00119986629579, 0.000789696408901, 0.00032308648224, 0.000579050218221, 0.000394177943235, 0.000486704986542, 0.000237676635152, 0.000128675324959, 7.66677985666e-05, 6.80862576701e-05, 5.16201798746e-05, 3.20652288792e-05, 2.0276509531e-05, 1.59979863383e-05, 1.14023014248e-05, 1.45620806506e-05, 1.11531171569e-05, 8.35056835058e-06, 7.19652098269e-06, 7.33524802854e-06, 4.53088705399e-06, 6.15522185399e-06, 7.30236934032e-06, 4.10799975725e-06, 3.34581773132e-06, 2.79525374935e-06, 3.10381551571e-06, 3.05386265609e-06, 4.50681136499e-06, 5.37198184247e-06, 5.91231764702e-06, 5.77384116696e-06, 6.60910291117e-06, 5.85038969803e-06, 4.78800120618e-06, 6.44545571049e-06, 7.76809974923e-06],
        "median": [0.00206749676727, 0.00125275424216, 0.000919559970498, 0.000755649758503, 0.00036715134047, 0.000146914564539, 0.000354422081728, 0.000163420161698, 0.000155577843543, 8.23739319458e-05, 4.12615481764e-05, 3.16818550345e-05, 1.33955682031e-05, 7.134111911e-06, 4.39923906015e-06, 2.82935843643e-06, 2.08733922591e-06, 1.73198759512e-06, 2.33126229432e-06, 2.8304011721e-06, 2.06179629458e-06, 1.32176342049e-06, 1.52988093305e-06, 1.34879178404e-06, 1.11203530651e-06, 1.05145159068e-06, 1.08933170395e-06, 1.03289289655e-06, 4.77745857097e-07, 5.27860379407e-07, 6.45741693006e-07, 8.37126208353e-07, 1.41856298796e-06, 1.54944268616e-06, 1.09745190002e-06, 9.01835505829e-07, 1.08175231617e-06, 6.57420287098e-07, 6.84951430685e-07, 8.14810334759e-07],
        "min": [1.89285399271e-24, 2.06565160741e-24, 7.51418164697e-25, 2.15998635547e-24, 2.4895921632e-24, 2.07957815783e-24, 1.31409494832e-24, 1.7602226115e-24, 2.2879628657e-24, 3.42593337566e-24, 3.3635104178e-24, 3.05919844893e-24, 2.8473287508e-24, 4.15080780071e-24, 2.79697201213e-24, 3.57025626713e-24, 2.94506151721e-24, 2.81993200599e-24, 4.26230066789e-24, 3.65641052761e-24, 4.00332354916e-24, 4.0098261296e-24, 4.04343791505e-24, 6.47147368409e-24, 3.55690755733e-24, 4.20160570984e-24, 5.41586656352e-24, 4.46862211005e-24, 5.83117619214e-24, 5.52660488524e-24, 4.94581117137e-24, 5.59252683565e-24, 4.9139995665e-24, 5.94859379914e-24, 6.28458819691e-24, 6.99582361134e-24, 5.54434242269e-24, 5.01790359177e-24, 6.98132592562e-24, 7.10823234602e-24],
        "var": [3.05582725559e-05, 3.25752516801e-05, 1.62792093761e-05, 1.87810996977e-06, 1.74400099695e-06, 2.16217728166e-07, 5.63108415008e-07, 3.82151199574e-07, 7.24862786683e-07, 1.89321710309e-07, 7.3516879695e-08, 1.82860464548e-08, 3.73765622896e-08, 1.98676541885e-08, 1.05541237971e-08, 6.30832852622e-09, 3.85752940701e-09, 1.33432564997e-09, 3.35475047741e-09, 1.08738096305e-09, 7.76169628569e-10, 8.15590872616e-10, 6.97452096077e-10, 1.35712593941e-10, 2.61175692184e-10, 3.22491228166e-10, 1.16830073393e-10, 9.11670877679e-11, 5.59780520548e-11, 7.3941769374e-11, 5.04366201581e-11, 1.2414691497e-10, 1.81579251635e-10, 1.93105406665e-10, 2.0174079074e-10, 2.24943869087e-10, 1.58934240768e-10, 1.06429205726e-10, 2.65178073944e-10, 3.43603229203e-10]
    },
    "mfcc": {
        "mean": [-664.445983887, 119.459762573, 55.9425201416, 12.7285585403, 1.95169198513, -4.27495861053, -5.54902887344, 8.00058937073, 2.54303193092, 4.46485614777, 0.956383466721, -3.87626671791, 4.33517360687],
        "cov": [[9092.19335938, -584.280395508, -38.1243438721, -91.1089782715, -19.4533023834, -9.01437091827, -31.2538280487, 67.0252456665, -133.01222229, -1.42466557026, 32.1406593323, -17.7727184296, -72.0807189941], [-584.280395508, 1954.00549316, -274.30758667, -122.675636292, -33.4212532043, 54.1465148926, 47.1663780212, 157.030960083, -26.7084350586, 40.8987541199, 71.528175354, -11.5987863541, 56.5920944214], [-38.1243438721, -274.30758667, 776.874816895, 213.374557495, 82.0429611206, 76.0514907837, 107.688995361, 41.3129272461, 115.691543579, 24.3016872406, -7.24451065063, 47.7319107056, 34.8099403381], [-91.1089782715, -122.675636292, 213.374557495, 452.615936279, 192.370101929, 46.0105895996, 20.9427452087, 61.5172996521, 83.689491272, 64.4374084473, -3.84380173683, 23.4414577484, 39.8081169128], [-19.4533023834, -33.4212532043, 82.0429611206, 192.370101929, 321.508270264, 65.7068557739, -36.7651329041, 29.9719905853, 72.3380126953, 54.6217842102, 15.7747898102, -0.744131445885, 5.20516967773], [-9.01437091827, 54.1465148926, 76.0514907837, 46.0105895996, 65.7068557739, 244.646362305, 141.164825439, 33.5151939392, 31.7076320648, 21.4844760895, 36.0549430847, 56.3902053833, 5.5674571991], [-31.2538280487, 47.1663780212, 107.688995361, 20.9427452087, -36.7651329041, 141.164825439, 297.359649658, 71.310005188, 8.14891052246, 6.25610494614, 57.3057861328, 42.0256958008, 28.4714756012], [67.0252456665, 157.030960083, 41.3129272461, 61.5172996521, 29.9719905853, 33.5151939392, 71.310005188, 192.541381836, 6.51591110229, 28.162727356, 39.9922828674, 13.0108261108, 35.7353439331], [-133.01222229, -26.7084350586, 115.691543579, 83.689491272, 72.3380126953, 31.7076320648, 8.14891052246, 6.51591110229, 193.528701782, 44.7442474365, -33.5841674805, 36.3069458008, 19.4980964661], [-1.42466557026, 40.8987541199, 24.3016872406, 64.4374084473, 54.6217842102, 21.4844760895, 6.25610494614, 28.162727356, 44.7442474365, 137.77684021, 37.0886192322, -12.1305799484, -1.18948876858], [32.1406593323, 71.528175354, -7.24451065063, -3.84380173683, 15.7747898102, 36.0549430847, 57.3057861328, 39.9922828674, -33.5841674805, 37.0886192322, 117.744689941, 2.07791042328, 4.47311973572], [-17.7727184296, -11.5987863541, 47.7319107056, 23.4414577484, -0.744131445885, 56.3902053833, 42.0256958008, 13.0108261108, 36.3069458008, -12.1305799484, 2.07791042328, 135.313262939, 26.2838001251], [-72.0807189941, 56.5920944214, 34.8099403381, 39.8081169128, 5.20516967773, 5.5674571991, 28.4714756012, 35.7353439331, 19.4980964661, -1.18948876858, 4.47311973572, 26.2838001251, 101.079597473]],
