{
"lowlevel": {
    "average_loudness": 0.893128871918,
    "barkbands_crest": {
        "dmean": 2.39991211891,
        "dmean2": 3.93317484856,
        "dvar": 5.24933481216,
        "dvar2": 13.1498756409,
        "max": 26.5929298401,
        "mean": 10.4559020996,
        "median": 9.83567333221,
        "min": 2.99022555351,
        "var": 13.0429267883
    },
    "barkbands_flatness_db": {
        "dmean": 0.0236228797585,
        "dmean2": 0.0354559533298,
        "dvar": 0.00060595094692,
        "dvar2": 0.00126386841293,
        "max": 0.491262853146,
        "mean": 0.14869171381,
        "median": 0.133185699582,
        "min": 0.0261983238161,
        "var": 0.00456183776259
    },
    "barkbands_kurtosis": {
        "dmean": 5.21550512314,
        "dmean2": 8.09579944611,
        "dvar": 270.568389893,
        "dvar2": 509.196014404,
        "max": 1291.47619629,
        "mean": 9.10921859741,
        "median": 5.62481689453,
        "min": -1.93757510185,
        "var": 666.024169922
    },
    "barkbands_skewness": {
        "dmean": 0.629422426224,
        "dmean2": 0.958004057407,
        "dvar": 0.549170792103,
        "dvar2": 1.1928473711,
        "max": 26.2464084625,
        "mean": 2.27120923996,
        "median": 2.1655600071,
        "min": -6.00422430038,
        "var": 1.82586824894
    },
    "barkbands_spread": {
        "dmean": 7.42036914825,
        "dmean2": 11.2650146484,
        "dvar": 97.4212341309,
        "dvar2": 199.297973633,
        "max": 123.044189453,
        "mean": 20.8257808685,
        "median": 16.7837467194,
        "min": 0.150751262903,
        "var": 250.288635254
    },
    "dissonance": {
        "dmean": 0.0228407140821,
        "dmean2": 0.0371345840394,
        "dvar": 0.000527668569703,
        "dvar2": 0.00130824197549,
        "max": 0.500000059605,
        "mean": 0.446566432714,
        "median": 0.455921411514,
        "min": 0.152028307319,
        "var": 0.00163223547861
    },
    "dynamic_complexity": 5.24190616608,
    "erbbands_crest": {
        "dmean": 2.65690803528,
        "dmean2": 4.08994913101,
        "dvar": 7.385866642,
        "dvar2": 15.3440160751,
        "max": 31.8565483093,
        "mean": 9.59166908264,
        "median": 8.38566017151,
        "min": 2.22942090034,
        "var": 26.0489120483
    },
    "erbbands_flatness_db": {
        "dmean": 0.0190443247557,
        "dmean2": 0.0259630940855,
        "dvar": 0.00037189736031,
        "dvar2": 0.000693149340805,
        "max": 0.400285512209,
        "mean": 0.135128438473,
        "median": 0.121407181025,
        "min": 0.0365400388837,
        "var": 0.00381872756407
    },
    "erbbands_kurtosis": {
        "dmean": 1.57250452042,
        "dmean2": 2.40247273445,
        "dvar": 27.3204097748,
        "dvar2": 56.1980857849,
        "max": 209.574615479,
        "mean": 1.40274810791,
        "median": 0.030170917511,
        "min": -1.888910532,
        "var": 50.6347160339
    },
    "erbbands_skewness": {
        "dmean": 0.443525671959,
        "dmean2": 0.65205347538,
        "dvar": 0.301451206207,
        "dvar2": 0.585372507572,
        "max": 11.5850000381,
        "mean": 0.813695073128,
        "median": 0.740368843079,
        "min": -4.68484640121,
        "var": 0.977845668793
    },
    "erbbands_spread": {
        "dmean": 12.9518861771,
        "dmean2": 18.8957309723,
        "dvar": 230.434417725,
        "dvar2": 496.600891113,
        "max": 183.819854736,
        "mean": 50.7930412292,
        "median": 45.3467636108,
        "min": 1.24302649498,
        "var": 756.390686035
    },
    "hfc": {
        "dmean": 7.91998195648,
        "dmean2": 11.1617794037,
        "dvar": 137.646133423,
        "dvar2": 274.593566895,
        "max": 151.715164185,
        "mean": 20.7979869843,
        "median": 17.1003646851,
        "min": 1.06661280542e-16,
        "var": 384.955627441
    },
    "melbands_crest": {
        "dmean": 2.86479973793,
        "dmean2": 4.7408246994,
        "dvar": 7.09745836258,
        "dvar2": 18.1624488831,
        "max": 34.3363037109,
        "mean": 13.5489912033,
        "median": 12.9802951813,
        "min": 1.52396476269,
        "var": 17.5194740295
    },
    "melbands_flatness_db": {
        "dmean": 0.0289399400353,
        "dmean2": 0.0430438295007,
        "dvar": 0.000972067762632,
        "dvar2": 0.00196672021411,
        "max": 0.594955444336,
        "mean": 0.239724248648,
        "median": 0.225340649486,
        "min": 0.00358913117088,
        "var": 0.00693468470126
    },
    "melbands_kurtosis": {
        "dmean": 11.3952789307,
        "dmean2": 17.8416442871,
        "dvar": 385.350158691,
        "dvar2": 912.258239746,
        "max": 704.088500977,
        "mean": 24.2882652283,
        "median": 16.5326747894,
        "min": -1.87747490406,
        "var": 809.899719238
    },
    "melbands_skewness": {
        "dmean": 0.880022704601,
        "dmean2": 1.32889819145,
        "dvar": 1.03032016754,
        "dvar2": 2.31651210785,
        "max": 18.6132736206,
        "mean": 3.4406671524,
        "median": 3.15600800514,
        "min": -3.8837287426,
        "var": 3.381970644
    },
    "melbands_spread": {
        "dmean": 5.14082717896,
        "dmean2": 7.88318872452,
        "dvar": 99.7041625977,
        "dvar2": 212.502822876,
        "max": 249.655853271,
        "mean": 15.6859884262,
        "median": 11.8899364471,
        "min": 0.314099550247,
        "var": 323.159484863
    },
    "pitch_salience": {
        "dmean": 0.0668081864715,
        "dmean2": 0.109111018479,
        "dvar": 0.00397425098345,
        "dvar2": 0.00999360810965,
        "max": 0.861320018768,
        "mean": 0.561202824116,
        "median": 0.566229045391,
        "min": 0.101202897727,
        "var": 0.0104967616498
    },
    "silence_rate_20dB": {
        "dmean": 0,
        "dmean2": 0,
        "dvar": 0,
        "dvar2": 0,
        "max": 1,
        "mean": 1,
        "median": 1,
        "min": 1,
        "var": 0
    },
    "silence_rate_30dB": {
        "dmean": 0.0140655105934,
        "dmean2": 0.0281337313354,
        "dvar": 0.0138680376112,
        "dvar2": 0.0375563167036,
        "max": 1,
        "mean": 0.991041302681,
        "median": 1,
        "min": 0,
        "var": 0.00887901708484
    },
    "silence_rate_60dB": {
        "dmean": 0.0109826587141,
        "dmean2": 0.021967433393,
        "dvar": 0.0108633292839,
        "dvar2": 0.0257291030139,
        "max": 1,
        "mean": 0.196609184146,
        "median": 0,
        "min": 0,
        "var": 0.157982438803
    },
    "spectral_centroid": {
        "dmean": 239.332824707,
        "dmean2": 365.765014648,
        "dvar": 108484.929688,
        "dvar2": 213596.890625,
        "max": 11863.5976562,
        "mean": 1031.51037598,
        "median": 801.245117188,
        "min": 164.129440308,
        "var": 1304322.625
    },
    "spectral_complexity": {
        "dmean": 3.33140659332,
        "dmean2": 4.95423460007,
        "dvar": 24.5186347961,
        "dvar2": 46.2555503845,
        "max": 60,
        "mean": 14.0563526154,
        "median": 13,
        "min": 0,
        "var": 97.4367370605
    },
    "spectral_decrease": {
        "dmean": 3.06592484733e-09,
        "dmean2": 4.88584106506e-09,
        "dvar": 2.3949702728e-17,
        "dvar2": 5.96996166589e-17,
        "max": 2.52457469346e-28,
        "mean": -8.28653679008e-09,
        "median": -7.41186845232e-09,
        "min": -4.92613310143e-08,
        "var": 5.06787687102e-17
    },
    "spectral_energy": {
        "dmean": 0.0120171587914,
        "dmean2": 0.0190201885998,
        "dvar": 0.000363574799849,
        "dvar2": 0.000897216319572,
        "max": 0.192394554615,
        "mean": 0.0331616848707,
        "median": 0.0297997575253,
        "min": 1.00625657178e-20,
        "var": 0.000792449980509
    },
    "spectral_energyband_high": {
        "dmean": 0.000627190456726,
        "dmean2": 0.000879804545548,
        "dvar": 9.10694836875e-07,
        "dvar2": 1.71397869053e-06,
        "max": 0.0110265482217,
        "mean": 0.00112907122821,
        "median": 0.000504294002894,
        "min": 7.15419626068e-21,
        "var": 2.24050131692e-06
    },
    "spectral_energyband_low": {
        "dmean": 0.0071540158242,
        "dmean2": 0.0116276340559,
        "dvar": 0.000215533247683,
        "dvar2": 0.000544851180166,
        "max": 0.153059959412,
        "mean": 0.0136021059006,
        "median": 0.00886690150946,
        "min": 1.33763404498e-23,
        "var": 0.000289690127829
    },
    "spectral_energyband_middle_high": {
        "dmean": 0.00122135074344,
        "dmean2": 0.00179204379674,
        "dvar": 6.1582845774e-06,
        "dvar2": 1.33706616907e-05,
        "max": 0.0340167954564,
        "mean": 0.00297378818505,
        "median": 0.00137883645948,
        "min": 1.15265507999e-21,
        "var": 1.86083561857e-05
    },
    "spectral_energyband_middle_low": {
        "dmean": 0.00741879316047,
        "dmean2": 0.0124057764187,
        "dvar": 0.000138771356433,
        "dvar2": 0.000370717432816,
        "max": 0.129004731774,
        "mean": 0.0170810539275,
        "median": 0.013683155179,
        "min": 1.50853567983e-22,
        "var": 0.000259704334894
    },
    "spectral_entropy": {
        "dmean": 0.23876966536,
        "dmean2": 0.338596820831,
        "dvar": 0.0748580992222,
        "dvar2": 0.142850100994,
        "max": 9.82850456238,
        "mean": 7.40204238892,
        "median": 7.47957897186,
        "min": 3.97941851616,
        "var": 0.517522573471
    },
    "spectral_flux": {
        "dmean": 0.0293217543513,
        "dmean2": 0.0450014621019,
        "dvar": 0.00145321385935,
        "dvar2": 0.00284698978066,
        "max": 0.3691881001,
        "mean": 0.0829990357161,
        "median": 0.0714155584574,
        "min": 6.30418356407e-11,
        "var": 0.00402773357928
    },
    "spectral_kurtosis": {
        "dmean": 3.03344297409,
        "dmean2": 4.81589603424,
        "dvar": 72.2758178711,
        "dvar2": 174.307357788,
        "max": 179.029663086,
        "mean": 8.06763648987,
        "median": 3.49516201019,
        "min": -1.39906895161,
        "var": 362.275268555
    },
    "spectral_rms": {
        "dmean": 0.000875073368661,
        "dmean2": 0.00135159189813,
        "dvar": 1.37473875839e-06,
        "dvar2": 3.2372406622e-06,
        "max": 0.0137004386634,
        "mean": 0.00499770464376,
        "median": 0.00539193255827,
        "min": 3.13323108778e-12,
        "var": 7.37587970434e-06
    },
    "spectral_rolloff": {
        "dmean": 492.782806396,
        "dmean2": 838.385131836,
        "dvar": 1545112.375,
        "dvar2": 3365489.75,
        "max": 19659.8144531,
        "mean": 1184.51965332,
        "median": 538.330078125,
        "min": 86.1328125,
        "var": 5604124
    },
    "spectral_skewness": {
        "dmean": 0.330467045307,
        "dmean2": 0.496714800596,
        "dvar": 0.29565268755,
        "dvar2": 0.63420432806,
        "max": 11.3621406555,
        "mean": 1.90999901295,
        "median": 1.68237054348,
        "min": -0.159280374646,
        "var": 1.70466840267
    },
    "spectral_spread": {
        "dmean": 1010300.125,
        "dmean2": 1409584.125,
        "dvar": 1.41401849856e+12,
        "dvar2": 2.80635952333e+12,
        "max": 42640436,
        "mean": 6459332,
        "median": 6140326.5,
        "min": 514759.40625,
        "var": 1.71243659592e+13
    },
    "spectral_strongpeak": {
        "dmean": 0.388675510883,
        "dmean2": 0.654115796089,
        "dvar": 0.359971284866,
        "dvar2": 0.841671705246,
        "max": 7.19281673431,
        "mean": 0.736582517624,
        "median": 0.374212890863,
        "min": 0,
        "var": 0.8455914855
    },
    "zerocrossingrate": {
        "dmean": 0.0156258475035,
        "dmean2": 0.0184585265815,
        "dvar": 0.000313852739055,
        "dvar2": 0.000373176735593,
        "max": 0.5244140625,
        "mean": 0.0683305412531,
        "median": 0.05517578125,
        "min": 0.00244140625,
        "var": 0.0035558717791
    },
    "barkbands": {
        "dmean": [0.000135301233968, 0.00433497410268, 0.0029252609238, 0.00312647596002, 0.00399292819202, 0.00101610261481, 0.000902401923668, 0.000976859941147, 0.000501287519, 0.000391146866605, 0.00026632353547, 0.000150247069541, 0.000166157464264, 0.000173198408447, 0.000184143194929, 0.000131578388391, 0.000112525987788, 0.000138605071697, 0.000118983458378, 0.000110027554911, 0.000123104240629, 9.65222716331e-05, 9.89894324448e-05, 8.33991580294e-05, 7.64854776207e-05, 0.000224869261729, 9.42404312809e-06],
        "dmean2": [0.000220005196752, 0.0069590867497, 0.00521565321833, 0.00548343779519, 0.00678297132254, 0.00165381003171, 0.00137486075982, 0.00145708338823, 0.000729139370378, 0.000543413334526, 0.000425154605182, 0.000244892871706, 0.000266476679826, 0.00026697688736, 0.000285218615318, 0.000211653881706, 0.000181249997695, 0.00021605216898, 0.000182537783985, 0.000169350125361, 0.000188154241187, 0.000140074524097, 0.000144297082443, 0.000120758093544, 0.000113072142994, 0.000343766936567, 1.51313315655e-05],
        "dvar": [7.68388090933e-08, 8.57986378833e-05, 6.16037796135e-05, 5.35412618774e-05, 4.03217600251e-05, 3.49704191649e-06, 4.73272211821e-06, 5.99213763053e-06, 2.51921869676e-06, 8.79326876202e-07, 5.33795855517e-07, 1.88934592416e-07, 2.67454907998e-07, 2.26407166792e-07, 2.05053879654e-07, 1.10931445363e-07, 8.31599749063e-08, 1.06157997948e-07, 8.55075725781e-08, 6.45491411433e-08, 9.44580946793e-08, 3.84144591692e-08, 2.93116109162e-08, 1.71299436857e-08, 2.35889601186e-08, 1.21185962598e-07, 9.19903708763e-10],
        "dvar2": [1.96505496319e-07, 0.000208485595067, 0.000174356464413, 0.000146057733218, 0.000109872875328, 8.52002085594e-06, 1.04816426756e-05, 1.23464469652e-05, 4.62840853288e-06, 1.50283108269e-06, 1.22152323456e-06, 4.74420318142e-07, 6.47484398542e-07, 4.85167959141e-07, 4.53506174836e-07, 2.74256905186e-07, 2.14784066088e-07, 2.51408266649e-07, 1.8759224929e-07, 1.51856056618e-07, 2.2409687972e-07, 8.06599089742e-08, 5.6836654494e-08, 3.24462128276e-08, 4.89108167301e-08, 2.76049775039e-07, 2.07196904078e-09],
        "max": [0.00451454054564, 0.0996725559235, 0.0898373648524, 0.0791611000896, 0.072979554534, 0.0486841723323, 0.0454783774912, 0.0484395287931, 0.0429848767817, 0.0249647852033, 0.023394048214, 0.0108558302745, 0.0113626625389, 0.0197139047086, 0.0121434414759, 0.0101285874844, 0.00544311851263, 0.00419013015926, 0.00517475558445, 0.00392142683268, 0.00426141917706, 0.00391489220783, 0.00276375119574, 0.00259669870138, 0.00323020829819, 0.0057041500695, 0.000917322351597],
        "mean": [0.000329043803504, 0.00792354624718, 0.00385420024395, 0.00337045569904, 0.00674493005499, 0.00190279365052, 0.00201687263325, 0.00185240153223, 0.00095466041239, 0.000823032169137, 0.000388541811844, 0.000204551193747, 0.000218851768295, 0.000293883145787, 0.000290818599751, 0.000197685469175, 0.000176212051883, 0.000208993558772, 0.0001882857905, 0.000173472624738, 0.00017025937268, 0.000157068148837, 0.00018280101358, 0.000161750387633, 0.000114836162538, 0.000250698707532, 1.10662213046e-05],
        "median": [0.000188980789972, 0.00494333775714, 0.00158181251027, 0.00136713078246, 0.00411783251911, 0.000952502014115, 0.000391359411879, 0.00046631283476, 0.000120097618492, 0.000121966353618, 0.000118817559269, 6.54940959066e-05, 6.52889793855e-05, 6.73862232361e-05, 8.92597963684e-05, 7.45452853153e-05, 6.84547048877e-05, 7.71890336182e-05, 7.45757424738e-05, 6.57097480143e-05, 3.18861857522e-05, 4.6757140808e-05, 7.28505110601e-05, 8.41214423417e-05, 4.06422295782e-05, 6.32180599496e-05, 3.11903863803e-06],
        "min": [1.44975821782e-25, 3.91193559101e-24, 1.03866140225e-24, 8.71138111559e-25, 6.04275342008e-24, 9.12240407405e-24, 7.73978570927e-24, 3.15898521192e-24, 1.18990051338e-23, 9.45679747861e-24, 1.47204458363e-23, 1.9999645009e-23, 2.59715050772e-23, 3.48445383862e-23, 4.74153461444e-23, 5.06673463401e-23, 7.16506015014e-23, 7.56933053814e-23, 1.41377922251e-22, 1.5627345892e-22, 2.37119698398e-22, 2.959187397e-22, 3.89970346648e-22, 5.45086982072e-22, 9.52569460215e-22, 1.28198161836e-21, 1.83281635459e-21],
        "var": [1.70113494846e-07, 0.000119683303637, 4.8188114306e-05, 4.36442205682e-05, 6.24471649644e-05, 7.68178870203e-06, 1.68077749549e-05, 1.76732519321e-05, 1.07821460915e-05, 3.77439369004e-06, 1.31916567625e-06, 2.59129109281e-07, 4.04038928536e-07, 7.14037525995e-07, 4.36238195789e-07, 1.6102023892e-07, 1.180066036e-07, 1.50129793042e-07, 1.31647070134e-07, 9.21149592159e-08, 1.28414527012e-07, 7.89850460592e-08, 7.77447368705e-08, 5.0949214625e-08, 4.71880454711e-08, 1.53157799332e-07, 1.14095066728e-09]
    },
    "erbbands": {
        "dmean": [0.120137497783, 1.06698930264, 2.95124006271, 7.0566649437, 12.3665390015, 13.5704536438, 14.1769828796, 7.76235532761, 12.0850992203, 17.4927177429, 16.1458206177, 12.0091705322, 9.3840341568, 11.6941184998, 10.4316453934, 5.90194272995, 6.66485261917, 9.24461364746, 9.80853271484, 7.1716799736, 6.50441408157, 5.69991445541, 7.16457796097, 6.66470003128, 5.94316387177, 5.02372074127, 4.86373233795, 4.92523670197, 3.75672650337, 3.11126375198, 2.70840024948, 2.13958740234, 1.30218410492, 0.814481079578, 0.690226078033, 1.62756168842, 0.203736647964, 0.0366461090744, 0.000863345572725, 3.58685792889e-05],
        "dmean2": [0.187297582626, 1.75534975529, 5.14279937744, 12.5117397308, 21.6695957184, 22.9195308685, 22.6891498566, 12.8962402344, 18.4349918365, 26.8384742737, 23.104227066, 16.6802139282, 13.3463697433, 15.8910627365, 16.7147140503, 9.48190116882, 10.7423439026, 14.1090984344, 14.7467288971, 11.5481271744, 10.3834962845, 9.11883926392, 11.2268390656, 10.2515554428, 9.0631980896, 7.79624652863, 7.41775369644, 7.6238617897, 5.56100225449, 4.62111616135, 3.9630010128, 3.1006436348, 1.92331874371, 1.19196283817, 1.04627692699, 2.50204491615, 0.308259159327, 0.05787935853, 0.00135064823553, 5.25765171915e-05],
        "dvar": [0.0669284239411, 5.49054718018, 56.6278915405, 307.209411621, 568.036315918, 552.209777832, 606.073059082, 265.145294189, 973.683044434, 1919.56298828, 1653.20263672, 1458.69262695, 577.870361328, 1008.40557861, 776.450683594, 262.81854248, 371.485443115, 732.07421875, 671.77746582, 221.561126709, 321.884429932, 235.586639404, 298.150878906, 236.783187866, 239.239578247, 125.105079651, 137.229736328, 148.963790894, 63.4252166748, 36.8324546814, 21.1953449249, 9.90145301819, 5.44655227661, 4.11344575882, 1.46666300297, 6.47412014008, 0.122894994915, 0.00855594780296, 4.69470569442e-06, 3.43071460129e-09],
        "dvar2": [0.147801324725, 14.0637331009, 157.151321411, 861.178344727, 1564.51062012, 1496.34228516, 1461.93688965, 659.951904297, 2145.16088867, 4312.98583984, 3001.54760742, 2484.31201172, 995.900634766, 1725.8581543, 1834.0279541, 621.286987305, 911.488708496, 1587.73303223, 1452.81958008, 540.390625, 814.845458984, 614.048156738, 725.184326172, 514.229614258, 530.572875977, 295.509765625, 308.675079346, 370.727966309, 140.384094238, 76.0218811035, 40.7482337952, 19.369052887, 11.1132125854, 8.60631084442, 3.23304605484, 15.0414209366, 0.272900223732, 0.0191612020135, 1.02839003375e-05, 7.27320870197e-09],
        "max": [3.10463023186, 25.442949295, 87.4904708862, 189.625778198, 291.9793396, 321.75289917, 369.353637695, 526.133972168, 735.874267578, 1449.7487793, 1175.05383301, 1242.69189453, 795.379272461, 945.647460938, 1187.15185547, 478.18347168, 624.547912598, 1160.49890137, 759.668212891, 570.527709961, 370.525115967, 293.467285156, 216.322341919, 268.540374756, 248.025680542, 187.464706421, 167.805664062, 168.166442871, 157.992416382, 110.980194092, 79.7172622681, 44.5949897766, 55.597984314, 61.7718505859, 19.8945217133, 48.1224975586, 8.60638046265, 2.97557449341, 0.0690320283175, 0.00147685350385],
        "mean": [0.240915969014, 1.72200548649, 4.35556793213, 8.15707969666, 15.9178009033, 22.3397274017, 24.531665802, 14.7212982178, 28.797121048, 34.8496589661, 33.7340011597, 24.8687591553, 19.7946567535, 23.7924346924, 16.3388290405, 9.05238246918, 9.89566230774, 16.3350009918, 16.480764389, 11.9671020508, 10.414103508, 9.38308238983, 11.0469875336, 10.8273239136, 9.54351043701, 8.11821746826, 6.68746232986, 6.75497961044, 5.78825998306, 5.5764966011, 4.97687768936, 3.87514519691, 2.4195189476, 1.34666275978, 0.914162576199, 1.711378932, 0.247079253197, 0.0456029959023, 0.00109777587932, 7.32411645004e-05],
        "median": [0.174029693007, 0.927610933781, 2.07005691528, 3.86426877975, 7.90446043015, 12.1793060303, 11.2730035782, 8.22639656067, 6.18782949448, 11.2049036026, 8.79302787781, 4.3709692955, 4.07302236557, 3.87821626663, 5.99022483826, 3.41197037697, 3.56697630882, 4.00774288177, 4.63170957565, 5.16415166855, 4.37753772736, 3.79433727264, 4.14591598511, 4.37770938873, 3.49989414215, 3.07785344124, 1.66517579556, 1.25051796436, 1.5206618309, 1.91157913208, 2.12973284721, 1.85002875328, 1.12547051907, 0.47062048316, 0.322097122669, 0.312450736761, 0.086781911552, 0.0169222392142, 0.000420510099502, 5.73662982788e-05],
        "min": [9.91229602048e-23, 4.93775682264e-22, 2.56318896659e-21, 6.09846419085e-21, 1.01115963639e-20, 2.07128351829e-20, 7.20655711657e-20, 9.93285394267e-20, 1.28639354853e-19, 1.47801174688e-19, 1.26819273162e-19, 3.17435910892e-19, 4.44986928703e-19, 5.75281885552e-19, 7.82062563029e-19, 1.11493823949e-18, 1.28069530808e-18, 2.174888407e-18, 1.6783310581e-18, 1.88926914534e-18, 3.40858258889e-18, 4.07150374336e-18, 4.04295236374e-18, 4.12396395139e-18, 6.58629038342e-18, 6.778876228e-18, 9.08745832189e-18, 8.92703243235e-18, 9.99374635232e-18, 1.01194157669e-17, 1.14996700165e-17, 1.05505886243e-17, 9.06246919558e-18, 7.95988045244e-18, 5.10601552208e-18, 4.18992746934e-18, 2.32487920632e-18, 9.04632325041e-19, 2.2288647854e-19, 2.63193183563e-20],
        "var": [0.0999693199992, 6.64537382126, 49.6272888184, 224.026245117, 594.646728516, 832.156921387, 1162.85314941, 537.270629883, 3521.73461914, 4752.265625, 7258.04443359, 7209.28173828, 2491.91796875, 4188.55078125, 1775.9876709, 442.897796631, 627.879455566, 2291.44946289, 1620.54431152, 404.600097656, 444.546905518, 327.80355835, 408.65133667, 393.80279541, 359.093414307, 197.789749146, 187.145065308, 206.247879028, 117.576568604, 83.9499511719, 55.9839668274, 26.8092880249, 14.5345916748, 8.40368556976, 2.40759634972, 7.73066473007, 0.163364395499, 0.0108193904161, 6.1792170527e-06, 6.20807050211e-09]
    },
    "gfcc": {
        "mean": [-33.3788566589, 86.0105361938, -72.8030929565, 27.0127277374, -52.9312744141, 10.1723775864, -44.1545562744, 10.0663089752, -26.7827014923, 5.07360601425, -18.4570045471, 6.00517892838, -17.0373897552],
        "cov": [[32483.4492188, -2508.65283203, -702.637023926, 2029.24780273, -1250.34594727, 1228.13134766, -434.780395508, 1066.19213867, -255.506546021, 766.749145508, -585.575317383, 382.945129395, -427.453369141], [-2508.65283203, 2277.35302734, -489.353088379, -750.461547852, 501.082611084, -400.114898682, 121.444000244, -279.395324707, 45.2445220947, -232.10446167, 136.625320435, -146.643371582, 51.1849937439], [-702.637023926, -489.353088379, 911.666564941, 140.809310913, -70.8812026978, 193.767059326, -57.3875045776, 66.8517990112, 13.3245000839, 54.4750823975, -19.8495101929, 85.2517547607, -13.0216150284], [2029.24780273, -750.461547852, 140.809310913, 651.048706055, -156.307296753, 159.647872925, -29.3486938477, 91.2981414795, 3.75889396667, 105.278190613, -64.2378387451, 78.7087936401, -1.23434126377], [-1250.34594727, 501.082611084, -70.8812026978, -156.307296753, 378.782104492, -85.9872283936, 73.2740859985, -76.0597305298, 27.4667720795, -28.2494792938, 24.0496559143, -7.60581207275, 34.6882705688], [1228.13134766, -400.114898682, 193.767059326, 159.647872925, -85.9872283936, 297.531738281, 31.74584198, 81.1479949951, -22.4258003235, 79.8951263428, -22.7269439697, 30.1315097809, -5.18682336807], [-434.780395508, 121.444000244, -57.3875045776, -29.3486938477, 73.2740859985, 31.74584198, 191.966903687, -23.1594390869, 1.98674297333, 10.2883338928, 13.3407707214, -14.8739957809, 12.5990180969], [1066.19213867, -279.395324707, 66.8517990112, 91.2981414795, -76.0597305298, 81.1479949951, -23.1594390869, 197.437652588, 42.852722168, 41.3132781982, -28.3702259064, 13.9579343796, -22.5561122894], [-255.506546021, 45.2445220947, 13.3245000839, 3.75889396667, 27.4667720795, -22.4258003235, 1.98674297333, 42.852722168, 134.077453613, 13.3390674591, 2.15088629723, -10.0556926727, -0.174608752131], [766.749145508, -232.10446167, 54.4750823975, 105.278190613, -28.2494792938, 79.8951263428, 10.2883338928, 41.3132781982, 13.3390674591, 135.45161438, -16.27850914, 26.3988323212, -21.3057403564], [-585.575317383, 136.625320435, -19.8495101929, -64.2378387451, 24.0496559143, -22.7269439697, 13.3407707214, -28.3702259064, 2.15088629723, -16.27850914, 103.720954895, 0.128766596317, 11.474448204], [382.945129395, -146.643371582, 85.2517547607, 78.7087936401, -7.60581207275, 30.1315097809, -14.8739957809, 13.9579343796, -10.0556926727, 26.3988323212, 0.128766596317, 94.7013473511, 8.97051429749], [-427.453369141, 51.1849937439, -13.0216150284, -1.23434126377, 34.6882705688, -5.18682336807, 12.5990180969, -22.5561122894, -0.174608752131, -21.3057403564, 11.474448204, 8.97051429749, 70.7292480469]],
        "icov": [[9.26487118704e-05, -0.000158483613632, 0.000202107345103, -0.000218277302338, 0.000179743146873, -0.000341206061421, 0.000220169444219, -0.000342166458722, 0.000220405025175, -0.00023706725915, 0.000314696808346, -0.000358561082976, 0.000370056251995], [-0.000158483613632, 0.00150523742195, -9.85300794127e-05, 0.00110239267815, -0.00122291385196, 0.000944581930526, -0.000575779355131, 0.00122815184295, -0.000824172864668, 0.00117585854605, -0.00105758220889, 0.00110741332173, -0.000499450427014], [0.000202107345103, -9.85300794127e-05, 0.00192104291636, -0.000286150345346, 0.00018395888037, -0.00170780764893, 0.00095444812905, -0.000465481338324, -8.18357584649e-05, -0.00013029621914, 0.000646338972729, -0.00177045038436, 0.00118773849681], [-0.000218277302338, 0.00110239267815, -0.000286150345346, 0.00322305853479, -0.000274313788395, 0.000423958495958, -0.000531659519766, 0.00106925389264, -0.00108030636329, 5.69343756069e-05, -3.20980761899e-05, -0.00022134311439, -0.00146428507287], [0.000179743146873, -0.00122291385196, 0.00018395888037, -0.000274313788395, 0.00464697228745, -0.000271821685601, -0.000677548348904, -0.000273373298114, -0.000179076945642, -0.00129912921693, 0.0012384520378, -0.00176300678868, -0.000634211173747], [-0.000341206061421, 0.000944581930526, -0.00170780764893, 0.000423958495958, -0.000271821685601, 0.00724289845675, -0.00249739876017, -0.000377381395083, 0.000895155535545, -0.00113754800986, -0.0012954461854, 0.00201037409715, -0.00244896695949], [0.000220169444219, -0.000575779355131, 0.00095444812905, -0.000531659519766, -0.000677548348904, -0.00249739876017, 0.00694824429229, -0.000236772961216, 0.000354546995368, -0.00128762610257, 0.000261817302089, 3.34742944688e-05, 0.000315950048389], [-0.000342166458722, 0.00122815184295, -0.000465481338324, 0.00106925389264, -0.000273373298114, -0.000377381395083, -0.000236772961216, 0.00888365972787, -0.00393535615876, 0.00109707331285, -0.000307374633849, 0.000822812668048, 0.000224199291551], [0.000220405025175, -0.000824172864668, -8.18357584649e-05, -0.00108030636329, -0.000179076945642, 0.000895155535545, 0.000354546995368, -0.00393535615876, 0.00992380920798, -0.00231013516895, 0.000200475522433, 0.000845729548018, -8.13337319414e-05], [-0.00023706725915, 0.00117585854605, -0.00013029621914, 5.69343756069e-05, -0.00129912921693, -0.00113754800986, -0.00128762610257, 0.00109707331285, -0.00231013516895, 0.0116450572386, -0.000767811434343, -0.000991616281681, 0.00257875816897], [0.000314696808346, -0.00105758220889, 0.000646338972729, -3.20980761899e-05, 0.0012384520378, -0.0012954461854, 0.000261817302089, -0.000307374633849, 0.000200475522433, -0.000767811434343, 0.0120955882594, -0.00265622511506, 8.24298622319e-05], [-0.000358561082976, 0.00110741332173, -0.00177045038436, -0.00022134311439, -0.00176300678868, 0.00201037409715, 3.34742944688e-05, 0.000822812668048, 0.000845729548018, -0.000991616281681, -0.00265622511506, 0.015338380821, -0.00384072354063], [0.000370056251995, -0.000499450427014, 0.00118773849681, -0.00146428507287, -0.000634211173747, -0.00244896695949, 0.000315950048389, 0.000224199291551, -8.13337319414e-05, 0.00257875816897, 8.24298622319e-05, -0.00384072354063, 0.0183264259249]]
    },
    "melbands": {
        "dmean": [0.00111848395318, 0.00144045078196, 0.00137768278364, 0.000876712321769, 0.000541599118151, 0.000175874927663, 0.000183714131708, 0.000202094335691, 0.000129198451759, 6.96638744557e-05, 4.80749113194e-05, 4.95846834383e-05, 3.5801789636e-05, 2.00740323635e-05, 1.25312990349e-05, 1.72347590706e-05, 1.81893083209e-05, 1.63974091265e-05, 1.14385975394e-05, 1.07474243123e-05, 7.52350433686e-06, 6.56903557683e-06, 6.17361138211e-06, 7.08751758793e-06, 5.55797987545e-06, 4.46914418717e-06, 4.24209156336e-06, 3.31304636347e-06, 3.26807116835e-06, 2.60390515905e-06, 3.16778300657e-06, 2.26947963711e-06, 1.74702302047e-06, 1.87162856946e-06, 1.53691121341e-06, 1.92912625607e-06, 1.13713906558e-06, 1.00662248315e-06, 8.11168774817e-07, 6.74000432355e-07],
        "dmean2": [0.00176316674333, 0.00240861158818, 0.00242080236785, 0.00151930539869, 0.000872126023751, 0.000289996096399, 0.000279017869616, 0.000308388815029, 0.000183956639376, 9.80240365607e-05, 6.8073575676e-05, 6.69544388074e-05, 5.72855933569e-05, 3.2407893741e-05, 2.0201479856e-05, 2.75035199593e-05, 2.79108789982e-05, 2.48146534432e-05, 1.79395392479e-05, 1.75341574504e-05, 1.20101685752e-05, 1.07222740553e-05, 9.81775974651e-06, 1.10742421384e-05, 8.62830529513e-06, 6.86262956151e-06, 6.60715249978e-06, 5.30189799974e-06, 5.08470020577e-06, 3.99768623538e-06, 4.99331872561e-06, 3.44235741068e-06, 2.59328885477e-06, 2.83608051177e-06, 2.31773151427e-06, 2.84654970528e-06, 1.68185033544e-06, 1.52771951889e-06, 1.21546133869e-06, 9.95851564767e-07],
        "dvar": [5.66115022593e-06, 1.11192239274e-05, 9.7867778095e-06, 2.36118148678e-06, 8.25018560136e-07, 1.26174441561e-07, 2.17075012188e-07, 2.63101668452e-07, 1.04029112435e-07, 4.74347423562e-08, 1.50287391421e-08, 1.81164150348e-08, 9.28089693986e-09, 3.27697424751e-09, 1.1666493327e-09, 3.17747939071e-09, 2.88340640253e-09, 1.93121341141e-09, 7.33029525968e-10, 5.96150739884e-10, 4.41902875403e-10, 3.30784483138e-10, 1.98433908194e-10, 2.98160690582e-10, 1.62084720645e-10, 1.52246160123e-10, 1.01990686729e-10, 5.56587935463e-11, 6.17252013391e-11, 4.82113723943e-11, 6.14781697772e-11, 2.45666681442e-11, 1.27239694475e-11, 1.39670150445e-11, 7.88598526758e-12, 8.37882367655e-12, 3.07309689848e-12, 3.2916969931e-12, 3.57529869426e-12, 2.66150621507e-12],
        "dvar2": [1.29680174723e-05, 2.96629423246e-05, 2.69072934316e-05, 6.55764597468e-06, 2.00245131055e-06, 3.1067614259e-07, 4.76336509792e-07, 5.83319547331e-07, 1.84541789849e-07, 8.31035436022e-08, 2.58178260992e-08, 3.02216101034e-08, 2.15926299063e-08, 8.23898371749e-09, 2.82563106246e-09, 7.76510322709e-09, 6.06929972946e-09, 4.20572465742e-09, 1.68948588453e-09, 1.49808310201e-09, 1.11669606895e-09, 8.85395312622e-10, 4.84662421307e-10, 6.98037960767e-10, 3.56355556175e-10, 3.39252487214e-10, 2.33805141914e-10, 1.37182765148e-10, 1.4043860519e-10, 1.16541415407e-10, 1.59661145416e-10, 5.65245732165e-11, 2.73326864614e-11, 3.02745988001e-11, 1.60415517675e-11, 1.73198105163e-11, 6.21825681224e-12, 7.14592751291e-12, 7.67154569037e-12, 5.57351604105e-12],
        "max": [0.0262758769095, 0.0389156155288, 0.0326641313732, 0.0183896757662, 0.0125885335729, 0.0107177384198, 0.0105173587799, 0.0150129087269, 0.00891748163849, 0.00673796562478, 0.0039941300638, 0.00417497195303, 0.00386605993845, 0.00216061901301, 0.00103151611984, 0.0012897279812, 0.00259265257046, 0.00147966737859, 0.000731525418814, 0.000905349676032, 0.000409523810958, 0.000414774869569, 0.000311371230055, 0.000226247939281, 0.000230625257245, 0.000207801102079, 0.000168209764524, 0.000136551665491, 0.000117937182949, 0.000105399391032, 0.000102783895272, 0.000110773646156, 6.28847847111e-05, 8.24425951578e-05, 5.7718338212e-05, 3.98834527005e-05, 2.99497933156e-05, 4.28711355198e-05, 4.77349822177e-05, 4.50519946753e-05],
        "mean": [0.00215648952872, 0.00232680817135, 0.00168512109667, 0.00135861826129, 0.000954834802542, 0.00033202659688, 0.000435825524619, 0.000392721733078, 0.000263954862021, 0.000139178242534, 9.71688932623e-05, 9.91945198621e-05, 5.37587002327e-05, 2.96263497148e-05, 1.8289711079e-05, 2.4375742214e-05, 3.05652283714e-05, 2.61696823145e-05, 1.70756084117e-05, 1.63404893101e-05, 1.13233018055e-05, 9.91479828372e-06, 9.60844590736e-06, 1.01882787931e-05, 8.61835906107e-06, 6.73488830216e-06, 6.60529667584e-06, 5.02077500641e-06, 4.29350529885e-06, 3.44307363775e-06, 4.21683944296e-06, 3.27857560478e-06, 2.85668511424e-06, 3.23080894304e-06, 2.72926831713e-06, 3.05872413264e-06, 2.05609580917e-06, 1.76992125489e-06, 1.37210304274e-06, 1.03050206235e-06],
        "median": [0.00142660131678, 0.00121562101413, 0.000861867913045, 0.000793043582235, 0.000462036579847, 0.000173510488821, 8.76012418303e-05, 0.000121685428894, 5.71490563743e-05, 2.05934175028e-05, 1.71566498466e-05, 1.30601310957e-05, 1.7419562937e-05, 1.12510060717e-05, 6.99580277796e-06, 6.73488420944e-06, 6.89083708494e-06, 6.48689137961e-06, 5.92626656726e-06, 6.64744993628e-06, 4.40591202278e-06, 3.735819746e-06, 3.4397573927e-06, 3.54508642886e-06, 3.19838500218e-06, 2.32630759456e-06, 2.19914477384e-06, 1.8622196194e-06, 1.08029735202e-06, 6.49053731649e-07, 6.71525981488e-07, 7.40879841032e-07, 1.0084798987e-06, 1.00487966392e-06, 1.09564723516e-06, 1.23353834169e-06, 9.92391505861e-07, 7.98560449766e-07, 4.71170977789e-07, 3.12965994453e-07],
        "min": [1.40723545958e-24, 1.23139017938e-24, 9.41291511861e-25, 9.67194942975e-25, 2.92324320229e-24, 2.08381927128e-24, 2.30980681859e-24, 1.36989679939e-24, 9.26943512501e-25, 1.92146578052e-24, 1.85602483806e-24, 2.1623063954e-24, 3.07212630144e-24, 2.17630216836e-24, 2.02678896656e-24, 1.4427625007e-24, 2.74469439716e-24, 2.58429412601e-24, 3.84590201679e-24, 1.71185695775e-24, 2.60096334858e-24, 3.94513243563e-24, 2.52081054466e-24, 4.45614982471e-24, 2.51849661841e-24, 4.31099665714e-24, 4.92203529811e-24, 2.69123842121e-24, 4.73683718441e-24, 4.5321652504e-24, 4.82023989804e-24, 4.8471100782e-24, 5.32444034562e-24, 5.58207797853e-24, 4.73086314077e-24, 4.49032406798e-24, 5.57912684988e-24, 5.18937473687e-24, 5.70199785233e-24, 5.9992378804e-24],
        "var": [8.4814382717e-06, 1.16649216579e-05, 8.03470356914e-06, 2.95564200314e-06, 1.62454614383e-06, 2.79059548802e-07, 8.10356141301e-07, 6.46575870178e-07, 4.61748726366e-07, 2.46951799454e-07, 6.45321023285e-08, 7.72466890453e-08, 2.64534971706e-08, 4.42791092681e-09, 1.7132364416e-09, 5.10033748569e-09, 9.02936392322e-09, 4.46691084122e-09, 1.21209009496e-09, 9.14118669648e-10, 5.9408822306e-10, 4.2405762235e-10, 3.15638959414e-10, 3.92087418088e-10, 2.70170552596e-10, 2.20015949903e-10, 1.48041329195e-10, 8.12061182187e-11, 8.00515487231e-11, 5.85947887433e-11, 8.71710550965e-11, 4.26973387202e-11, 2.40309456362e-11, 3.08197460608e-11, 1.88825483027e-11, 1.89766934805e-11, 7.99353725572e-12, 8.02446043641e-12, 7.57059259032e-12, 5.26194973011e-12]
    },
    "mfcc": {
        "mean": [-681.715515137, 119.560455322, 33.1896629333, 23.8749408722, 13.2375535965, 3.10258054733, -3.30807518959, 3.25749111176, -7.17806482315, 2.73365545273, -4.03484964371, -1.56400942802, 0.288227647543],
        "cov": [[17629.9921875, -657.056945801, -417.125396729, 756.726806641, -0.0875559747219, 322.587799072, 89.2968139648, 406.764678955, 330.431365967, 634.472290039, 237.763000488, 88.8585281372, -97.6337509155], [-657.056945801, 1507.12487793, -219.059326172, -210.693588257, 86.9104919434, -76.6796569824, 12.9565629959, -14.6570825577, -79.310760498, -20.4639053345, -18.570066452, -20.9698848724, 10.1930446625], [-417.125396729, -219.059326172, 675.320251465, 66.0479202271, 20.8820533752, 78.7925796509, -1.50029814243, 20.9660949707, -7.09122943878, -24.280122757, 12.3262205124, 12.3116483688, 23.1058769226], [756.726806641, -210.693588257, 66.0479202271, 330.284179688, 48.5648384094, 53.9524307251, -20.9691905975, 23.9774513245, 56.123085022, -23.9984703064, 9.70624542236, 61.815486908, 15.9873361588], [-0.0875559747219, 86.9104919434, 20.8820533752, 48.5648384094, 199.527542114, -1.44416844845, -28.2968273163, 12.6819820404, 15.1091451645, -12.0379066467, -10.0826816559, 24.3284034729, 17.3019943237], [322.587799072, -76.6796569824, 78.7925796509, 53.9524307251, -1.44416844845, 227.498550415, 76.6583862305, -9.85515975952, 38.3172683716, -28.0799770355, 23.3621711731, 17.4699611664, 10.4715204239], [89.2968139648, 12.9565629959, -1.50029814243, -20.9691905975, -28.2968273163, 76.6583862305, 158.91053772, 15.8046178818, -9.94512844086, 9.3941116333, 0.83508503437, -21.7166862488, 1.74734902382], [406.764678955, -14.6570825577, 20.9660949707, 23.9774513245, 12.6819820404, -9.85515975952, 15.8046178818, 113.536102295, 21.360408783, 41.414730072, 5.6771197319, -0.203238114715, -5.25051546097], [330.431365967, -79.310760498, -7.09122943878, 56.123085022, 15.1091451645, 38.3172683716, -9.94512844086, 21.360408783, 135.587738037, 19.3208446503, 18.6414909363, 15.9838094711, -1.36751711369], [634.472290039, -20.4639053345, -24.280122757, -23.9984703064, -12.0379066467, -28.0799770355, 9.3941116333, 41.414730072, 19.3208446503, 177.391799927, 41.2232437134, -30.642036438, -24.4289226532], [237.763000488, -18.570066452, 12.3262205124, 9.70624542236, -10.0826816559, 23.3621711731, 0.83508503437, 5.6771197319, 18.6414909363, 41.2232437134, 88.6984558105, 23.6489887238, -4.30369567871], [88.8585281372, -20.9698848724, 12.3116483688, 61.815486908, 24.3284034729, 17.4699611664, -21.7166862488, -0.203238114715, 15.9838094711, -30.642036438, 23.6489887238, 100.38608551, 34.2126197815], [-97.6337509155, 10.1930446625, 23.1058769226, 15.9873361588, 17.3019943237, 10.4715204239, 1.74734902382, -5.25051546097, -1.36751711369, -24.4289226532, -4.30369567871, 34.2126197815, 72.5706787109]],
