{
"lowlevel": {
    "average_loudness": 0.883728981018,
    "barkbands_crest": {
        "dmean": 2.17301106453,
        "dmean2": 3.4798207283,
        "dvar": 4.34538984299,
        "dvar2": 10.7431259155,
        "max": 25.5419502258,
        "mean": 10.4355573654,
        "median": 9.47506332397,
        "min": 2.58503723145,
        "var": 20.0220432281
    },
    "barkbands_flatness_db": {
        "dmean": 0.0183677785099,
        "dmean2": 0.0271889828146,
        "dvar": 0.000389311171602,
        "dvar2": 0.000822321046144,
        "max": 0.541553080082,
        "mean": 0.162589117885,
        "median": 0.133874595165,
        "min": 0.0255869124085,
        "var": 0.00870708283037
    },
    "barkbands_kurtosis": {
        "dmean": 2.62146043777,
        "dmean2": 4.03706598282,
        "dvar": 25.3269844055,
        "dvar2": 59.4438171387,
        "max": 145.332839966,
        "mean": 5.05820465088,
        "median": 2.11852955818,
        "min": -1.86192989349,
        "var": 73.790145874
    },
    "barkbands_skewness": {
        "dmean": 0.442810356617,
        "dmean2": 0.66597789526,
        "dvar": 0.25490885973,
        "dvar2": 0.565312385559,
        "max": 8.55861663818,
        "mean": 1.50262916088,
        "median": 1.37125003338,
        "min": -2.44500041008,
        "var": 1.53080463409
    },
    "barkbands_spread": {
        "dmean": 4.32099962234,
        "dmean2": 6.48907804489,
        "dvar": 44.1711082458,
        "dvar2": 92.929397583,
        "max": 106.597938538,
        "mean": 18.5353450775,
        "median": 16.4359588623,
        "min": 0.396912425756,
        "var": 183.645462036
    },
    "dissonance": {
        "dmean": 0.0271147340536,
        "dmean2": 0.0453834794462,
        "dvar": 0.000881133077201,
        "dvar2": 0.00235284725204,
        "max": 0.500000059605,
        "mean": 0.435454756021,
        "median": 0.45398530364,
        "min": 0.0983852297068,
        "var": 0.00322482944466
    },
    "dynamic_complexity": 4.12689447403,
    "erbbands_crest": {
        "dmean": 2.45519661903,
        "dmean2": 3.80812215805,
        "dvar": 5.88927555084,
        "dvar2": 13.3950176239,
        "max": 29.4842338562,
        "mean": 10.6357755661,
        "median": 9.64815616608,
        "min": 2.23900723457,
        "var": 26.9092540741
    },
    "erbbands_flatness_db": {
        "dmean": 0.0164759196341,
        "dmean2": 0.0228393953294,
        "dvar": 0.000297377380775,
        "dvar2": 0.000553593505174,
        "max": 0.430182337761,
        "mean": 0.174327164888,
        "median": 0.157199949026,
        "min": 0.037125647068,
        "var": 0.00507578765973
    },
    "erbbands_kurtosis": {
        "dmean": 1.25240004063,
        "dmean2": 1.92219626904,
        "dvar": 4.83205080032,
        "dvar2": 11.3244867325,
        "max": 57.5620079041,
        "mean": 1.85819840431,
        "median": 0.484211325645,
        "min": -1.75857484341,
        "var": 15.7861509323
    },
    "erbbands_skewness": {
        "dmean": 0.345450013876,
        "dmean2": 0.518058955669,
        "dvar": 0.137130007148,
        "dvar2": 0.290393829346,
        "max": 6.26548719406,
        "mean": 0.60483288765,
        "median": 0.497683346272,
        "min": -5.02022647858,
        "var": 0.785065889359
    },
    "erbbands_spread": {
        "dmean": 7.16418933868,
        "dmean2": 10.2887763977,
        "dvar": 91.9693984985,
        "dvar2": 170.181686401,
        "max": 175.279953003,
        "mean": 32.7874641418,
        "median": 29.3760223389,
        "min": 1.40837752819,
        "var": 462.719726562
    },
    "hfc": {
        "dmean": 6.44088077545,
        "dmean2": 9.38293743134,
        "dvar": 165.840820312,
        "dvar2": 343.373657227,
        "max": 428.648681641,
        "mean": 23.2559680939,
        "median": 17.0192756653,
        "min": 1.12215427778e-16,
        "var": 607.060424805
    },
    "melbands_crest": {
        "dmean": 2.64595079422,
        "dmean2": 4.24588346481,
        "dvar": 6.39675712585,
        "dvar2": 15.9855175018,
        "max": 32.0823974609,
        "mean": 13.6914987564,
        "median": 12.7034988403,
        "min": 1.00253415108,
        "var": 25.7871646881
    },
    "melbands_flatness_db": {
        "dmean": 0.0222178027034,
        "dmean2": 0.0326912216842,
        "dvar": 0.000592041993514,
        "dvar2": 0.00124135182705,
        "max": 0.694525659084,
        "mean": 0.237342476845,
        "median": 0.205625891685,
        "min": -1.29429722051e-07,
        "var": 0.0133788827807
    },
    "melbands_kurtosis": {
        "dmean": 5.40955018997,
        "dmean2": 8.32639789581,
        "dvar": 148.127075195,
        "dvar2": 342.859008789,
        "max": 364.761413574,
        "mean": 11.4419975281,
        "median": 6.66930341721,
        "min": -1.77085673809,
        "var": 315.014587402
    },
    "melbands_skewness": {
        "dmean": 0.59313595295,
        "dmean2": 0.883388221264,
        "dvar": 0.548859059811,
        "dvar2": 1.14162540436,
        "max": 15.7074508667,
        "mean": 2.20481300354,
        "median": 2.09447741508,
        "min": -1.42532479763,
        "var": 2.4650452137
    },
    "melbands_spread": {
        "dmean": 4.48418331146,
        "dmean2": 6.91634130478,
        "dvar": 52.0622329712,
        "dvar2": 113.380760193,
        "max": 212.080383301,
        "mean": 19.6700611115,
        "median": 16.8095550537,
        "min": 0.345120728016,
        "var": 223.455001831
    },
    "pitch_salience": {
        "dmean": 0.0629545897245,
        "dmean2": 0.10136397928,
        "dvar": 0.00380952144042,
        "dvar2": 0.00953208096325,
        "max": 0.996036052704,
        "mean": 0.529671907425,
        "median": 0.541827321053,
        "min": 0.0872818157077,
        "var": 0.0138266822323
    },
    "silence_rate_20dB": {
        "dmean": 0,
        "dmean2": 0,
        "dvar": 0,
        "dvar2": 0,
        "max": 1,
        "mean": 1,
        "median": 1,
        "min": 1,
        "var": 0
    },
    "silence_rate_30dB": {
        "dmean": 0,
        "dmean2": 0,
        "dvar": 0,
        "dvar2": 0,
        "max": 1,
        "mean": 1,
        "median": 1,
        "min": 1,
        "var": 0
    },
    "silence_rate_60dB": {
        "dmean": 0.0114953182638,
        "dmean2": 0.0229927692562,
        "dvar": 0.0113617088646,
        "dvar2": 0.0252486448735,
        "max": 1,
        "mean": 0.0796255096793,
        "median": 0,
        "min": 0,
        "var": 0.0732923746109
    },
    "spectral_centroid": {
        "dmean": 172.27645874,
        "dmean2": 258.604156494,
        "dvar": 62231.6015625,
        "dvar2": 127282.03125,
        "max": 11142.1064453,
        "mean": 1078.86499023,
        "median": 1010.88873291,
        "min": 112.504646301,
        "var": 356739.40625
    },
    "spectral_complexity": {
        "dmean": 3.01993131638,
        "dmean2": 4.606341362,
        "dvar": 15.9562635422,
        "dvar2": 31.8658618927,
        "max": 64,
        "mean": 18.2069892883,
        "median": 16,
        "min": 0,
        "var": 146.019592285
    },
    "spectral_decrease": {
        "dmean": 1.64949642834e-09,
        "dmean2": 2.67122035602e-09,
        "dvar": 5.37868403048e-18,
        "dvar2": 1.36729646533e-17,
        "max": 4.8098207533e-29,
        "mean": -6.76686529033e-09,
        "median": -6.60669829955e-09,
        "min": -2.93545969754e-08,
        "var": 1.92778726551e-17
    },
    "spectral_energy": {
        "dmean": 0.00660528475419,
        "dmean2": 0.0106324451044,
        "dvar": 8.53849705891e-05,
        "dvar2": 0.000214427025639,
        "max": 0.114581406116,
        "mean": 0.0276490673423,
        "median": 0.0269271675497,
        "min": 1.03429847922e-20,
        "var": 0.000330346287228
    },
    "spectral_energyband_high": {
        "dmean": 0.000556793878786,
        "dmean2": 0.000772441737354,
        "dvar": 2.01268630917e-06,
        "dvar2": 4.00372664444e-06,
        "max": 0.0443355739117,
        "mean": 0.00103129516356,
        "median": 0.000303002918372,
        "min": 7.35311704213e-21,
        "var": 4.60154933535e-06
    },
    "spectral_energyband_low": {
        "dmean": 0.00376446009614,
        "dmean2": 0.00619276380166,
        "dvar": 5.06951182615e-05,
        "dvar2": 0.000128763334942,
        "max": 0.098195053637,
        "mean": 0.00834263302386,
        "median": 0.00643669860438,
        "min": 3.26597628657e-23,
        "var": 7.73949213908e-05
    },
    "spectral_energyband_middle_high": {
        "dmean": 0.00169712223578,
        "dmean2": 0.0025412091054,
        "dvar": 7.61847377362e-06,
        "dvar2": 1.74439664988e-05,
        "max": 0.0546627007425,
        "mean": 0.00672789523378,
        "median": 0.00322134885937,
        "min": 1.54484693467e-21,
        "var": 6.99617376085e-05
    },
    "spectral_energyband_middle_low": {
        "dmean": 0.00410521309823,
        "dmean2": 0.00667455093935,
        "dvar": 3.92044785258e-05,
        "dvar2": 0.00010158639634,
        "max": 0.0921247974038,
        "mean": 0.0123714497313,
        "median": 0.0109210014343,
        "min": 3.23263814119e-22,
        "var": 9.57386509981e-05
    },
    "spectral_entropy": {
        "dmean": 0.168193414807,
        "dmean2": 0.235577002168,
        "dvar": 0.0396518222988,
        "dvar2": 0.0772156268358,
        "max": 9.79946804047,
        "mean": 7.23709011078,
        "median": 7.47936630249,
        "min": 4.32537555695,
        "var": 0.63299280405
    },
    "spectral_flux": {
        "dmean": 0.0202997308224,
        "dmean2": 0.0317686907947,
        "dvar": 0.000604467524681,
        "dvar2": 0.00125800899696,
        "max": 0.290144205093,
        "mean": 0.0731900036335,
        "median": 0.0714586153626,
        "min": 6.47054632097e-11,
        "var": 0.00222225510515
    },
    "spectral_kurtosis": {
        "dmean": 3.04331541061,
        "dmean2": 4.85868644714,
        "dvar": 40.9242210388,
        "dvar2": 106.101417542,
        "max": 245.243453979,
        "mean": 11.7954998016,
        "median": 4.49227428436,
        "min": -1.37551271915,
        "var": 519.262207031
    },
    "spectral_rms": {
        "dmean": 0.000574871315621,
        "dmean2": 0.00090932182502,
        "dvar": 4.82939071844e-07,
        "dvar2": 1.15819545954e-06,
        "max": 0.0105729242787,
        "mean": 0.00481083942577,
        "median": 0.00512546673417,
        "min": 3.17658876633e-12,
        "var": 3.8304424379e-06
    },
    "spectral_rolloff": {
        "dmean": 350.873077393,
        "dmean2": 579.901184082,
        "dvar": 643136.3125,
        "dvar2": 1433128.875,
        "max": 20090.4785156,
        "mean": 1186.26208496,
        "median": 839.794921875,
        "min": 64.599609375,
        "var": 1485370.375
    },
    "spectral_skewness": {
        "dmean": 0.287452995777,
        "dmean2": 0.439002364874,
        "dvar": 0.155610486865,
        "dvar2": 0.375267446041,
        "max": 13.3382425308,
        "mean": 2.26990151405,
        "median": 1.71002423763,
        "min": -0.132713988423,
        "var": 2.80805873871
    },
    "spectral_spread": {
        "dmean": 536674.5625,
        "dmean2": 751874.6875,
        "dvar": 572816031744,
        "dvar2": 924359524352,
        "max": 40825856,
        "mean": 4490545.5,
        "median": 4482899,
        "min": 466855,
        "var": 3.64877289882e+12
    },
    "spectral_strongpeak": {
        "dmean": 0.536494016647,
        "dmean2": 0.897607147694,
        "dvar": 0.787630915642,
        "dvar2": 1.92867600918,
        "max": 10.0023546219,
        "mean": 1.28665924072,
        "median": 0.554582476616,
        "min": 0,
        "var": 2.45166134834
    },
    "zerocrossingrate": {
        "dmean": 0.00853471457958,
        "dmean2": 0.00991148501635,
        "dvar": 0.000143778452184,
        "dvar2": 0.000164833065355,
        "max": 0.5166015625,
        "mean": 0.0523142106831,
        "median": 0.04833984375,
        "min": 0.00244140625,
        "var": 0.00122242514044
    },
    "barkbands": {
        "dmean": [2.08723085962e-05, 0.00209113955498, 0.00210957927629, 0.00124957168009, 0.00144348840695, 0.00148111314047, 0.000809488177765, 0.000670557492413, 0.000873571785633, 0.000619752216153, 0.000479281385196, 0.000620401464403, 0.000186642355402, 0.000279438623693, 0.000353528681444, 0.000258091982687, 0.000145101483213, 0.00013907837274, 0.000143384269904, 0.000141265802085, 9.31130634854e-05, 0.000100685923826, 0.000138898612931, 0.000118160169222, 6.84659244143e-05, 3.62481914635e-05, 2.90966522698e-06],
        "dmean2": [3.30777475028e-05, 0.00343870720826, 0.00353357358836, 0.00219310983084, 0.00236729346216, 0.0022529179696, 0.0012112261029, 0.00105225259904, 0.00136447674595, 0.000938731594943, 0.000705517653842, 0.000961959129199, 0.000291692413157, 0.000428547995398, 0.000566958682612, 0.00042364289402, 0.000243486530962, 0.000229155251873, 0.000236337044043, 0.000225422947551, 0.0001366854558, 0.000147566504893, 0.000205791599001, 0.000172038882738, 0.000100633063994, 5.36131228728e-05, 4.66247547593e-06],
        "dvar": [1.48807177691e-09, 1.51560961967e-05, 2.21432892431e-05, 1.38416880873e-05, 7.19589661458e-06, 5.08968378199e-06, 1.9935673663e-06, 1.90130151623e-06, 3.0831292861e-06, 2.10337225326e-06, 2.06625986721e-06, 2.99656585412e-06, 2.38074974845e-07, 4.97379119224e-07, 6.47125261821e-07, 3.55413135367e-07, 7.70185906163e-08, 6.59448957663e-08, 7.85195979347e-08, 8.13635736563e-08, 5.24923251533e-08, 6.13907715774e-08, 1.95682986259e-07, 1.66007239955e-07, 1.130832743e-07, 1.77631456211e-08, 9.37869434892e-11],
        "dvar2": [3.49242523789e-09, 3.90376590076e-05, 5.73947691009e-05, 3.834682866e-05, 1.88462727237e-05, 1.17821200547e-05, 4.37011067334e-06, 4.51082041764e-06, 7.26600501366e-06, 4.61829540654e-06, 4.081006864e-06, 7.17938382877e-06, 4.92076196679e-07, 1.10134737952e-06, 1.54632948579e-06, 8.9183407681e-07, 2.13860559484e-07, 1.79853387294e-07, 1.92169792967e-07, 2.03263851972e-07, 1.12014014064e-07, 1.34197449597e-07, 4.24293688184e-07, 3.34843349492e-07, 2.19364054033e-07, 4.0006352009e-08, 2.1927647198e-10],
        "max": [0.000965568120591, 0.0493284203112, 0.0730324462056, 0.0730399489403, 0.0398712791502, 0.0419383347034, 0.0264529604465, 0.0335349291563, 0.0331929028034, 0.0272833965719, 0.0339718125761, 0.0473759584129, 0.0151726296172, 0.0207819677889, 0.0224215183407, 0.0150709599257, 0.00495595345274, 0.0047598076053, 0.00724372267723, 0.0054524759762, 0.00362790818326, 0.00470505375415, 0.0204357225448, 0.0170926861465, 0.0215979963541, 0.00432489253581, 0.000634273630567],
        "mean": [3.82551734219e-05, 0.00446197902784, 0.00311745447107, 0.00138002505992, 0.002634199569, 0.00360199436545, 0.00163332640659, 0.00122108589858, 0.00166795344558, 0.0012447994668, 0.000979076488875, 0.00157747231424, 0.000333533418598, 0.000530529476237, 0.000682070443872, 0.0004882250214, 0.000302429427393, 0.000284806999844, 0.000300600426272, 0.000285974674625, 0.00014862792159, 0.000155628935318, 0.000218411412789, 0.000200252092327, 0.000106172090454, 5.06095311721e-05, 3.60174999514e-06],
        "median": [1.52953962242e-05, 0.0033005841542, 0.00140632945113, 0.000490152859129, 0.00146002066322, 0.00196096324362, 0.000694097892847, 0.000500593683682, 0.000715215806849, 0.000266294286121, 0.000143405792187, 0.000218839297304, 9.34589261306e-05, 0.000116151815746, 0.000209740042919, 0.000147763363202, 0.000122480836581, 0.000114568516437, 0.000115840448416, 9.63470229181e-05, 4.24489116995e-05, 3.30713446601e-05, 4.23697129008e-05, 5.06367032358e-05, 2.49510194408e-05, 8.66866503202e-06, 6.74970692671e-07],
        "min": [1.47657416378e-24, 4.14414744809e-24, 6.03564105016e-24, 5.0493456153e-24, 2.09471000883e-23, 4.0842926269e-23, 2.18044214983e-23, 2.86996590334e-23, 5.54553439152e-23, 5.00774645542e-23, 2.07427851139e-23, 6.86456536086e-23, 8.17743122445e-23, 5.30523410693e-23, 9.73114641983e-23, 1.01111646992e-22, 1.28326338481e-22, 1.1795689441e-22, 3.07993385504e-22, 2.49078299606e-22, 2.96382589913e-22, 5.00509701874e-22, 4.25439375726e-22, 7.56307682754e-22, 9.85287624031e-22, 1.64895446081e-21, 2.18306332636e-21],
        "var": [3.56622043007e-09, 2.33757527894e-05, 2.49530239671e-05, 1.03071497506e-05, 1.2081697605e-05, 2.04315892915e-05, 6.03237003816e-06, 4.74111220683e-06, 7.36659603717e-06, 8.41404653329e-06, 9.2450691227e-06, 1.54497029143e-05, 8.04313856406e-07, 1.61000684784e-06, 1.92181641978e-06, 9.22332901609e-07, 2.14223746298e-07, 1.68891446606e-07, 2.13126000403e-07, 1.9681425556e-07, 8.99740797422e-08, 1.04506327148e-07, 3.55441670763e-07, 3.98697181936e-07, 1.8396303858e-07, 2.68133693027e-08, 1.56070864565e-10]
    },
    "erbbands": {
        "dmean": [0.0400711372495, 0.556173443794, 2.12494540215, 3.36249876022, 4.49088764191, 4.54065752029, 9.6548204422, 13.517619133, 11.6980056763, 11.4948921204, 16.8311500549, 18.0438613892, 18.2184848785, 19.6217041016, 24.535364151, 18.6420822144, 7.31470298767, 13.816942215, 14.603228569, 14.6980161667, 14.4099655151, 7.05932188034, 6.61273908615, 6.85413360596, 7.36930513382, 6.84221172333, 4.60108375549, 3.59455037117, 3.64071035385, 3.62133026123, 4.12500333786, 3.03047204018, 1.68251311779, 0.931081771851, 0.405317217112, 0.172689065337, 0.0644999146461, 0.012663224712, 0.000280016829493, 1.45455960592e-05],
        "dmean2": [0.0621290169656, 0.917492508888, 3.52588486671, 5.78232192993, 7.48521375656, 7.45681762695, 15.4358701706, 20.535533905, 18.1557712555, 16.7429332733, 26.3637390137, 28.2148799896, 28.2495594025, 28.9904155731, 36.656085968, 28.3419742584, 11.4225254059, 21.3077964783, 23.4006443024, 23.6180210114, 23.5962753296, 11.7506685257, 10.7303133011, 11.2971000671, 12.1124811172, 10.9802808762, 6.96801137924, 5.31398630142, 5.39974546432, 5.44730567932, 6.14399003983, 4.46915721893, 2.49136066437, 1.3849312067, 0.599691092968, 0.256391763687, 0.0972314402461, 0.0195511765778, 0.000431048771134, 2.18370987568e-05],
        "dvar": [0.00706455064937, 1.01307117939, 17.9802322388, 98.2298355103, 106.223327637, 86.8467254639, 300.785125732, 539.022521973, 388.472625732, 543.938049316, 1228.74902344, 1654.65063477, 1517.7557373, 2212.84960938, 3855.421875, 2075.78027344, 362.061309814, 1246.62634277, 1149.13439941, 1153.00244141, 1223.98937988, 187.080505371, 135.500167847, 223.144622803, 210.31918335, 186.806289673, 117.493682861, 87.1272888184, 83.7315597534, 95.2715911865, 196.139373779, 90.3662261963, 47.6780395508, 21.2218265533, 3.40154790878, 0.542590916157, 0.0570781007409, 0.00208299607038, 9.33351941512e-07, 1.07947273342e-09],
        "dvar2": [0.01651292108, 2.64913916588, 46.2526550293, 264.544372559, 284.914794922, 221.655151367, 746.121582031, 1249.02941895, 903.12902832, 1109.25634766, 2963.95336914, 3870.99121094, 3554.80957031, 4747.1796875, 8319.58789062, 4982.86572266, 770.465698242, 2807.16625977, 2762.84741211, 2849.5012207, 3124.57373047, 515.804260254, 362.145385742, 569.861450195, 538.016296387, 468.241851807, 266.04675293, 187.624069214, 187.374313354, 218.452713013, 423.480438232, 177.176727295, 101.761901855, 40.8828773499, 6.63579797745, 1.22118520737, 0.132695183158, 0.00505394954234, 2.17203933062e-06, 2.35261365944e-09],
        "max": [1.38717770576, 12.6568574905, 69.2719802856, 150.135482788, 220.783294678, 185.651672363, 341.348022461, 511.323852539, 407.433990479, 487.943603516, 894.563171387, 878.313720703, 929.068847656, 1082.97521973, 1610.90100098, 1289.64782715, 716.395507812, 871.019897461, 1378.81591797, 883.621643066, 972.065429688, 275.920318604, 203.180999756, 421.008911133, 306.485229492, 191.806716919, 158.286468506, 161.885437012, 214.984405518, 240.408248901, 736.668640137, 354.660308838, 406.758209229, 312.777832031, 101.493789673, 30.3647537231, 7.24390745163, 3.22044992447, 0.0656296014786, 0.0014496545773],
        "mean": [0.0944948494434, 1.140868783, 3.55024003983, 4.23504304886, 6.17344856262, 8.05636787415, 19.8988952637, 31.4986782074, 24.6247196198, 24.6380634308, 31.6274337769, 35.9245071411, 36.6806106567, 41.8218269348, 61.6387290955, 48.7402305603, 16.2550258636, 29.1319122314, 29.1542358398, 31.0273284912, 28.2707176208, 16.3042201996, 15.218454361, 14.913520813, 16.2349090576, 14.1941795349, 7.52480983734, 5.6106467247, 5.48864078522, 5.57624149323, 6.42143249512, 5.16078615189, 2.7177169323, 1.46428954601, 0.606300592422, 0.241841837764, 0.0870253369212, 0.0174225214869, 0.0004019086482, 4.58633039671e-05],
        "median": [0.0615224316716, 0.80973315239, 1.77375268936, 1.96941614151, 2.3700299263, 4.26453304291, 9.92241573334, 14.6579771042, 13.3938207626, 10.0871391296, 14.422118187, 15.8339672089, 16.4274768829, 10.4893693924, 11.0782203674, 9.96819019318, 5.34407424927, 6.63119316101, 9.3342294693, 11.0343894958, 8.73375988007, 7.04038715363, 6.48558616638, 6.36627483368, 5.46431779861, 4.7264623642, 2.45168399811, 1.49575591087, 1.11971902847, 0.999950289726, 1.28410685062, 1.21708285809, 0.667084813118, 0.330737709999, 0.137642532587, 0.0393245369196, 0.0153776034713, 0.00338579365052, 9.47738444665e-05, 3.64085790352e-05],
        "min": [1.75317798106e-22, 1.01332755238e-21, 4.37897057044e-21, 1.65639670334e-20, 6.36607375956e-20, 5.75230380634e-20, 2.78170422696e-19, 3.66214803313e-19, 2.70732156134e-19, 3.15831077106e-19, 7.2333263614e-19, 1.37784074339e-18, 1.25370502508e-18, 2.13666769961e-18, 2.36659950808e-18, 2.95377242513e-18, 4.24624109826e-18, 2.73422773041e-18, 4.11096604884e-18, 5.75764731555e-18, 5.91093546358e-18, 7.96448702127e-18, 6.70641768788e-18, 1.10308563054e-17, 1.75962641006e-17, 1.28619761012e-17, 1.10230253865e-17, 1.18928620489e-17, 1.68278050398e-17, 1.54739089004e-17, 1.39659669155e-17, 1.45547706191e-17, 1.26344666912e-17, 9.89991263799e-18, 7.66513697503e-18, 5.97575871306e-18, 3.01257442013e-18, 1.27630628775e-18, 3.12974770752e-19, 3.02499271464e-20],
        "var": [0.0123941088095, 1.57750332355, 24.2343463898, 78.4951705933, 117.968261719, 162.557571411, 795.348632812, 2028.35632324, 1121.03564453, 1800.3795166, 3032.09350586, 4338.12402344, 3908.98193359, 8702.36523438, 20602.4667969, 11187.15625, 1481.4822998, 4997.64794922, 3509.7199707, 4086.95019531, 3318.07861328, 596.398132324, 426.728118896, 481.981506348, 623.346435547, 492.04598999, 187.706573486, 143.038116455, 136.243942261, 155.971511841, 355.003662109, 228.955108643, 92.7751159668, 37.0153160095, 5.12748384476, 0.735114812851, 0.0822178199887, 0.00375722255558, 1.73956971139e-06, 2.65436672642e-09]
    },
    "gfcc": {
        "mean": [-25.8764591217, 104.57648468, -98.7377166748, 17.5573577881, -61.0805130005, 10.7520942688, -37.724407196, 13.4466638565, -22.6025447845, 0.936241567135, -11.3473911285, 1.02072679996, -8.09666156769],
        "cov": [[19533.0390625, -3818.45898438, -2213.09472656, 2206.68164062, -179.700057983, 995.533996582, -718.010131836, 642.323303223, -204.799179077, 417.968811035, -271.097442627, 205.508178711, -403.98928833], [-3818.45898438, 1861.79089355, 626.461425781, -729.728881836, 202.168136597, -262.53314209, 298.89831543, -168.151580811, 71.0136871338, -127.289390564, 174.508850098, -83.8208847046, 140.547424316], [-2213.09472656, 626.461425781, 1165.48681641, -70.2952270508, 23.433506012, -99.2836761475, 134.38999939, 8.8780040741, 121.689292908, 21.0524559021, 8.04781246185, 23.3217220306, 58.7556762695], [2206.68164062, -729.728881836, -70.2952270508, 857.002868652, 68.9563980103, 141.905197144, -77.3135375977, 129.481567383, 84.9374923706, 112.493255615, -41.8115158081, 80.2417678833, -29.734287262], [-179.700057983, 202.168136597, 23.433506012, 68.9563980103, 338.390075684, 40.8797645569, 82.720413208, 46.853187561, 45.1675033569, 44.2268333435, 52.9882202148, 24.2624969482, 21.7248382568], [995.533996582, -262.53314209, -99.2836761475, 141.905197144, 40.8797645569, 307.278564453, 63.3899497986, 35.8777008057, -12.3344535828, 25.737569809, 17.2996006012, 4.05158090591, -26.6291027069], [-718.010131836, 298.89831543, 134.38999939, -77.3135375977, 82.720413208, 63.3899497986, 216.794677734, 2.68030834198, 17.2183551788, -4.35756540298, 49.2049674988, 0.0659526512027, 26.8650951385], [642.323303223, -168.151580811, 8.8780040741, 129.481567383, 46.853187561, 35.8777008057, 2.68030834198, 170.035476685, 45.0390625, 44.967250824, 6.35572052002, 12.8110904694, 21.008441925], [-204.799179077, 71.0136871338, 121.689292908, 84.9374923706, 45.1675033569, -12.3344535828, 17.2183551788, 45.0390625, 126.772827148, 50.8549118042, 7.02926635742, 16.4209823608, 15.5171689987], [417.968811035, -127.289390564, 21.0524559021, 112.493255615, 44.2268333435, 25.737569809, -4.35756540298, 44.967250824, 50.8549118042, 114.161872864, 13.3059024811, 31.764881134, -7.27644395828], [-271.097442627, 174.508850098, 8.04781246185, -41.8115158081, 52.9882202148, 17.2996006012, 49.2049674988, 6.35572052002, 7.02926635742, 13.3059024811, 138.840408325, 16.4987297058, 38.3566741943], [205.508178711, -83.8208847046, 23.3217220306, 80.2417678833, 24.2624969482, 4.05158090591, 0.0659526512027, 12.8110904694, 16.4209823608, 31.764881134, 16.4987297058, 88.5618209839, 15.5844812393], [-403.98928833, 140.547424316, 58.7556762695, -29.734287262, 21.7248382568, -26.6291027069, 26.8650951385, 21.008441925, 15.5171689987, -7.27644395828, 38.3566741943, 15.5844812393, 88.8104324341]],
        "icov": [[0.000184884745977, -0.000276033562841, 0.000291675503831, -0.000385923485737, 0.000289323797915, -0.000516676402185, 0.000528308621142, -0.000756892259233, 0.000651178765111, -0.000497612927575, 0.000293875404168, -0.000457397429273, 0.000548013893422], [-0.000276033562841, 0.00336149684153, -0.00129143183585, 0.00195785076357, -0.00211389781907, 0.00245802011341, -0.00282352161594, 0.00337360682897, -0.00324015272781, 0.00267454399727, -0.00253074825741, 0.00290189147927, -0.00238626683131], [0.000291675503831, -0.00129143183585, 0.00181139935739, -0.000959954748396, 0.00111866008956, -0.000923025305383, 0.000633602438029, -0.00173961976543, 0.000707813596819, -0.00138399191201, 0.00135709019378, -0.00157849991228, 0.000974022201262], [-0.000385923485737, 0.00195785076357, -0.000959954748396, 0.00329559552483, -0.00161254417617, 0.00100746506359, -0.00121722067706, 0.00183864985593, -0.00324422866106, 0.00142487045377, -0.000966919178609, 0.000681275094394, -0.00150400574785], [0.000289323797915, -0.00211389781907, 0.00111866008956, -0.00161254417617, 0.00512014981359, -0.0016905014636, 0.000603043008596, -0.00290986034088, 0.00170282227919, -0.00259146769531, 0.000817796157207, -0.0022409434896, 0.00165822112467], [-0.000516676402185, 0.00245802011341, -0.000923025305383, 0.00100746506359, -0.0016905014636, 0.00692184641957, -0.00468142749742, 0.00273716030642, -0.00196781777777, 0.00195692386478, -0.0026064242702, 0.00291956798173, -0.000917130091693], [0.000528308621142, -0.00282352161594, 0.000633602438029, -0.00121722067706, 0.000603043008596, -0.00468142749742, 0.00990113988519, -0.00349338771775, 0.00271034101024, -0.00188427255489, 0.00107744510751, -0.00274428655393, 0.00171325122938], [-0.000756892259233, 0.00337360682897, -0.00173961976543, 0.00183864985593, -0.00290986034088, 0.00273716030642, -0.00349338771775, 0.0126343015581, -0.00575701054186, 0.00162195193116, -0.00236963387579, 0.00458145933226, -0.00605661841109], [0.000651178765111, -0.00324015272781, 0.000707813596819, -0.00324422866106, 0.00170282227919, -0.00196781777777, 0.00271034101024, -0.00575701054186, 0.0160563569516, -0.00744234910235, 0.00291833560914, -0.00254599237815, 0.00184197095223], [-0.000497612927575, 0.00267454399727, -0.00138399191201, 0.00142487045377, -0.00259146769531, 0.00195692386478, -0.00188427255489, 0.00162195193116, -0.00744234910235, 0.0162682663649, -0.00377272954211, -0.000727573060431, 0.000693822570611], [0.000293875404168, -0.00253074825741, 0.00135709019378, -0.000966919178609, 0.000817796157207, -0.0026064242702, 0.00107744510751, -0.00236963387579, 0.00291833560914, -0.00377272954211, 0.0114326477051, -0.00332230236381, -0.00180034758523], [-0.000457397429273, 0.00290189147927, -0.00157849991228, 0.000681275094394, -0.0022409434896, 0.00291956798173, -0.00274428655393, 0.00458145933226, -0.00254599237815, -0.000727573060431, -0.00332230236381, 0.0170192755759, -0.00539711210877], [0.000548013893422, -0.00238626683131, 0.000974022201262, -0.00150400574785, 0.00165822112467, -0.000917130091693, 0.00171325122938, -0.00605661841109, 0.00184197095223, 0.000693822570611, -0.00180034758523, -0.00539711210877, 0.0180747341365]]
    },
    "melbands": {
        "dmean": [0.000473038962809, 0.000929371861275, 0.00059903372312, 0.000306553498376, 0.000300982035697, 0.000290541647701, 0.000178126225364, 0.000121496377687, 0.000139821597259, 0.000120140277431, 9.37169024837e-05, 8.46685143188e-05, 7.95615414972e-05, 8.40705324663e-05, 1.89331822185e-05, 2.12860850297e-05, 2.58766958723e-05, 2.25960775424e-05, 2.61333607341e-05, 1.65230376297e-05, 1.82163930731e-05, 7.75143053033e-06, 7.6057822298e-06, 7.92959872342e-06, 5.85381849305e-06, 5.85068937653e-06, 5.04991521666e-06, 5.01603835801e-06, 3.24724373968e-06, 2.33991954701e-06, 2.1145019673e-06, 2.17551678361e-06, 2.00417616725e-06, 2.16536795961e-06, 2.48879246101e-06, 2.33778723668e-06, 1.8010034637e-06, 1.28253191178e-06, 9.7145334621e-07, 7.48904028569e-07],
        "dmean2": [0.000765155651607, 0.00152908277232, 0.00101840822026, 0.000506152398884, 0.000484294258058, 0.000441100244643, 0.000274272751994, 0.000178978705662, 0.000217697248445, 0.000187932091649, 0.000145293597598, 0.000125445701997, 0.000115912145702, 0.000128851796035, 2.9953851481e-05, 3.32936979248e-05, 3.97787516704e-05, 3.61214115401e-05, 4.15169160988e-05, 2.70307646133e-05, 2.98899994959e-05, 1.30882153826e-05, 1.25283768284e-05, 1.31635342768e-05, 9.71966801444e-06, 9.67233972915e-06, 8.27874009701e-06, 8.11371319287e-06, 5.05398384121e-06, 3.52555616701e-06, 3.20756748806e-06, 3.3409619391e-06, 3.00762644656e-06, 3.3757444271e-06, 3.76701336791e-06, 3.5778784877e-06, 2.66001006821e-06, 1.93137589122e-06, 1.49719744513e-06, 1.13092892207e-06],
        "dvar": [8.7362764134e-07, 2.99411726701e-06, 2.65390258392e-06, 3.97254694917e-07, 2.88822008088e-07, 2.26074689635e-07, 8.79785986285e-08, 5.58650441462e-08, 8.19353331849e-08, 7.04213505287e-08, 3.93978005775e-08, 4.27985824558e-08, 4.48700667732e-08, 5.48065344219e-08, 2.0628498909e-09, 2.57947196936e-09, 4.56858373354e-09, 2.988499892e-09, 4.27400603797e-09, 1.3991158232e-09, 2.0178718696e-09, 2.32916658183e-10, 2.0209704743e-10, 2.33856128906e-10, 1.78409842455e-10, 1.41173059354e-10, 1.01377982398e-10, 1.02926986378e-10, 5.61769658569e-11, 3.46642436977e-11, 3.12001813274e-11, 3.00430479105e-11, 2.55485025497e-11, 4.23342333411e-11, 8.50057524371e-11, 4.60721009954e-11, 3.76626091425e-11, 2.76681715733e-11, 2.14396434634e-11, 1.37470937411e-11],
        "dvar2": [2.19122830458e-06, 7.66398625274e-06, 7.07714161763e-06, 1.03416800812e-06, 7.3055230132e-07, 5.25790767369e-07, 2.01858398441e-07, 1.18468037158e-07, 1.96359081883e-07, 1.6894439625e-07, 9.17932680977e-08, 9.19391140997e-08, 8.92800642305e-08, 1.32823629428e-07, 4.73303396475e-09, 5.66628299836e-09, 1.02242170286e-08, 7.16804393619e-09, 9.99036675609e-09, 3.42957928723e-09, 5.03890262848e-09, 6.47172815338e-10, 5.48128264999e-10, 6.42179309729e-10, 4.4877462857e-10, 3.50166728946e-10, 2.62639798798e-10, 2.61947852298e-10, 1.31472693843e-10, 7.66362875937e-11, 6.93304996746e-11, 6.96441654346e-11, 5.74240863194e-11, 1.02462642537e-10, 1.82510187519e-10, 9.85000969678e-11, 7.7572760715e-11, 6.1049540423e-11, 4.57639065532e-11, 2.62729612371e-11],
        "max": [0.0138428127393, 0.0277355257422, 0.0262708179653, 0.00960936769843, 0.00955865997821, 0.0100931767374, 0.00617488380522, 0.0058805574663, 0.0065626394935, 0.00575235066935, 0.00451431656256, 0.0045153517276, 0.00492890644819, 0.00698519824073, 0.00156738865189, 0.0014437121572, 0.00182486150879, 0.00213958579116, 0.00208310596645, 0.000984156155027, 0.00105481792707, 0.000279318192042, 0.000258194486378, 0.000348510657204, 0.00043293973431, 0.000356736534741, 0.000216855725739, 0.000144595920574, 9.79927717708e-05, 9.63073543971e-05, 9.70695837168e-05, 0.000111603236292, 0.000103903847048, 0.000225154391956, 0.000500466790982, 0.000255746854236, 0.000247519201366, 0.000312098331051, 0.000291490461677, 0.000233884406043],
        "mean": [0.00106155883987, 0.00178348692134, 0.000812520971522, 0.000483075506054, 0.000628102163319, 0.000689202686772, 0.000379889766918, 0.000256616505794, 0.000258304149611, 0.000229421551921, 0.000184272648767, 0.000170083207195, 0.000179082227987, 0.000222611852223, 3.77116302843e-05, 4.38579918409e-05, 5.13352533744e-05, 4.14892892877e-05, 4.9774083891e-05, 3.28659734805e-05, 3.25699293171e-05, 1.56229234562e-05, 1.47979217218e-05, 1.51732401719e-05, 1.13809683171e-05, 1.19636506497e-05, 1.06492043415e-05, 9.33720002649e-06, 4.92445269629e-06, 3.49271385858e-06, 3.15854822475e-06, 3.10697805617e-06, 2.96531698041e-06, 3.17782655657e-06, 3.64351581084e-06, 3.75125819119e-06, 2.92321124107e-06, 1.97563736037e-06, 1.50250980369e-06, 1.12685074782e-06],
        "median": [0.000824591785204, 0.00113553530537, 0.000397316471208, 0.000224494622671, 0.000324366905261, 0.000347072491422, 0.000208021578146, 0.000110320776002, 0.000108128748252, 9.53846465563e-05, 7.44748249417e-05, 3.5283715988e-05, 3.09133756673e-05, 2.75947550108e-05, 1.23909740068e-05, 1.12317584353e-05, 1.0603451301e-05, 1.19395390357e-05, 1.42535845953e-05, 1.13636633614e-05, 9.25554923015e-06, 6.69127484798e-06, 5.70609881834e-06, 5.50166487301e-06, 4.75990964333e-06, 4.26847600465e-06, 3.23276026393e-06, 2.95510790238e-06, 1.57541262524e-06, 8.97411325695e-07, 8.10121605355e-07, 6.41165797788e-07, 4.84326506012e-07, 5.57199030027e-07, 7.01407884662e-07, 7.54232019062e-07, 6.89491571393e-07, 4.48613747039e-07, 3.40951316957e-07, 2.30983459915e-07],
        "min": [1.28758291102e-24, 2.6282255926e-24, 5.65411005107e-24, 5.55131200879e-24, 8.19043275657e-24, 7.52117184205e-24, 4.90990774499e-24, 3.69200550937e-24, 5.19196732823e-24, 8.56235937414e-24, 6.47367263386e-24, 8.60190260474e-24, 4.96373172455e-24, 8.83293235374e-24, 8.55443526635e-24, 7.86638447393e-24, 4.76383910433e-24, 6.21206584731e-24, 8.5708853828e-24, 7.612997618e-24, 6.81494175007e-24, 6.99453619034e-24, 5.31970599689e-24, 5.68325609494e-24, 8.79849620865e-24, 1.08862939027e-23, 1.09572164424e-23, 8.03849735737e-24, 6.75659365322e-24, 5.07875750529e-24, 6.01973840317e-24, 8.13149064746e-24, 9.16666942603e-24, 6.62034080881e-24, 7.94366523251e-24, 6.56402205663e-24, 8.34250226213e-24, 8.24682447838e-24, 8.4706606048e-24, 8.57390908665e-24],
        "var": [1.3671187844e-06, 4.47246020485e-06, 2.27967052524e-06, 5.60149828743e-07, 7.2631439707e-07, 8.76557919582e-07, 2.58309853507e-07, 1.73215894961e-07, 2.00086120117e-07, 1.60866832744e-07, 1.08066785742e-07, 1.67316940747e-07, 2.18146595898e-07, 3.11326630253e-07, 8.1928135387e-09, 1.05056603417e-08, 1.6617596188e-08, 8.86702267167e-09, 1.14009699459e-08, 4.00157729175e-09, 4.87594054022e-09, 5.61424962076e-10, 5.10429754019e-10, 5.51516554648e-10, 3.25745319607e-10, 3.90299736974e-10, 2.99671232273e-10, 2.29091606796e-10, 8.43934575001e-11, 5.42564847217e-11, 4.7467314801e-11, 4.45839094809e-11, 4.19340603908e-11, 6.06767899813e-11, 1.39294076273e-10, 9.99946792035e-11, 8.61571092248e-11, 5.14586116773e-11, 3.54506805855e-11, 2.32788770899e-11]
    },
    "mfcc": {
        "mean": [-671.404052734, 135.909164429, 16.46991539, 13.4965591431, 2.95547771454, -5.36416721344, 0.131697103381, 3.80552363396, -3.19609069824, 6.46647834778, -6.7355928421, -0.751045286655, 1.10684919357],
        "cov": [[16642.1484375, -3605.77587891, -1834.09436035, 544.631713867, 575.331787109, 430.408325195, -78.5218429565, 220.928268433, -12.574005127, 367.793487549, 19.8440570831, 114.411514282, 192.213409424], [-3605.77587891, 2118.97436523, 439.492248535, -248.504608154, -125.083251953, -131.736724854, 145.362823486, -40.5573883057, -11.5218667984, -60.4666481018, 1.32742023468, -27.4668254852, -32.4496231079], [-1834.09436035, 439.492248535, 968.180480957, 83.9800338745, -51.5778083801, 22.202495575, -32.1916999817, 10.2650747299, 72.2722396851, -1.97631728649, 25.1656455994, 33.9345703125, -7.09673881531], [544.631713867, -248.504608154, 83.9800338745, 453.821929932, 174.337890625, 58.438873291, -53.9817314148, 28.2088165283, 84.4001617432, 19.7299251556, 34.0825309753, 61.9365539551, 70.5500335693], [575.331787109, -125.083251953, -51.5778083801, 174.337890625, 270.612060547, 37.5473823547, 23.5574207306, 33.2712593079, 39.1448707581, 56.8894805908, 22.9462966919, 40.1454200745, 57.6315765381], [430.408325195, -131.736724854, 22.202495575, 58.438873291, 37.5473823547, 256.536743164, 49.7943344116, 62.0241737366, 18.725194931, 12.5154943466, 48.3016319275, 25.9378414154, 14.7494325638], [-78.5218429565, 145.362823486, -32.1916999817, -53.9817314148, 23.5574207306, 49.7943344116, 200.964706421, 55.8392295837, -9.67270755768, 42.4558448792, 13.5315980911, -7.04298448563, 12.1355266571], [220.928268433, -40.5573883057, 10.2650747299, 28.2088165283, 33.2712593079, 62.0241737366, 55.8392295837, 110.695266724, 29.4659080505, 25.9180316925, 8.87376976013, 11.629029274, 16.1164188385], [-12.574005127, -11.5218667984, 72.2722396851, 84.4001617432, 39.1448707581, 18.725194931, -9.67270755768, 29.4659080505, 123.044380188, 34.586605072, 20.118976593, 5.305975914, 28.2409725189], [367.793487549, -60.4666481018, -1.97631728649, 19.7299251556, 56.8894805908, 12.5154943466, 42.4558448792, 25.9180316925, 34.586605072, 121.940452576, 26.9840812683, 2.40146350861, 17.4708518982], [19.8440570831, 1.32742023468, 25.1656455994, 34.0825309753, 22.9462966919, 48.3016319275, 13.5315980911, 8.87376976013, 20.118976593, 26.9840812683, 84.9274139404, 32.3205375671, 19.5106010437], [114.411514282, -27.4668254852, 33.9345703125, 61.9365539551, 40.1454200745, 25.9378414154, -7.04298448563, 11.629029274, 5.305975914, 2.40146350861, 32.3205375671, 81.9729309082, 32.2981338501], [192.213409424, -32.4496231079, -7.09673881531, 70.5500335693, 57.6315765381, 14.7494325638, 12.1355266571, 16.1164188385, 28.2409725189, 17.4708518982, 19.5106010437, 32.2981338501, 93.2903747559]],
