{
"lowlevel": {
    "average_loudness": 0.946233570576,
    "barkbands_crest": {
        "dmean": 2.33171081543,
        "dmean2": 3.76893734932,
        "dvar": 4.95280599594,
        "dvar2": 12.6041574478,
        "max": 25.9963436127,
        "mean": 10.9226474762,
        "median": 10.4305925369,
        "min": 3.01798605919,
        "var": 14.2816619873
    },
    "barkbands_flatness_db": {
        "dmean": 0.0240969955921,
        "dmean2": 0.0341659411788,
        "dvar": 0.000690363289323,
        "dvar2": 0.00129133975133,
        "max": 0.487189859152,
        "mean": 0.175483286381,
        "median": 0.16405376792,
        "min": 0.0243400968611,
        "var": 0.00476302718744
    },
    "barkbands_kurtosis": {
        "dmean": 5.29558134079,
        "dmean2": 8.25393199921,
        "dvar": 108.969093323,
        "dvar2": 261.688903809,
        "max": 253.847808838,
        "mean": 10.9064016342,
        "median": 5.35130310059,
        "min": -1.93698275089,
        "var": 286.24810791
    },
    "barkbands_skewness": {
        "dmean": 0.60661560297,
        "dmean2": 0.926590681076,
        "dvar": 0.539652109146,
        "dvar2": 1.28928029537,
        "max": 13.8515224457,
        "mean": 2.25893783569,
        "median": 1.98989331722,
        "min": -3.70500731468,
        "var": 2.2954761982
    },
    "barkbands_spread": {
        "dmean": 5.12028741837,
        "dmean2": 7.75542497635,
        "dvar": 57.7534790039,
        "dvar2": 119.680686951,
        "max": 116.856086731,
        "mean": 16.9715843201,
        "median": 13.9688262939,
        "min": 0.569574117661,
        "var": 198.738693237
    },
    "dissonance": {
        "dmean": 0.0274849273264,
        "dmean2": 0.0450284145772,
        "dvar": 0.000656967516989,
        "dvar2": 0.00171251816209,
        "max": 0.499999910593,
        "mean": 0.434817433357,
        "median": 0.443140476942,
        "min": 0.161566644907,
        "var": 0.00195210904349
    },
    "dynamic_complexity": 3.29943966866,
    "erbbands_crest": {
        "dmean": 2.90343999863,
        "dmean2": 4.59275817871,
        "dvar": 7.81839847565,
        "dvar2": 18.2368354797,
        "max": 33.108833313,
        "mean": 11.1500759125,
        "median": 10.0320329666,
        "min": 2.39705705643,
        "var": 25.7031211853
    },
    "erbbands_flatness_db": {
        "dmean": 0.0194762870669,
        "dmean2": 0.026120075956,
        "dvar": 0.000376584823243,
        "dvar2": 0.000640510232188,
        "max": 0.390471339226,
        "mean": 0.158856928349,
        "median": 0.151954457164,
        "min": 0.0417768210173,
        "var": 0.00242182193324
    },
    "erbbands_kurtosis": {
        "dmean": 1.80610775948,
        "dmean2": 2.74824357033,
        "dvar": 8.10742473602,
        "dvar2": 17.2781848907,
        "max": 62.4624404907,
        "mean": 2.55930352211,
        "median": 0.96346783638,
        "min": -1.90370225906,
        "var": 25.8156890869
    },
    "erbbands_skewness": {
        "dmean": 0.444981724024,
        "dmean2": 0.667626142502,
        "dvar": 0.212510928512,
        "dvar2": 0.462924957275,
        "max": 6.7891330719,
        "mean": 1.07550632954,
        "median": 1.01363027096,
        "min": -3.62220883369,
        "var": 1.11406874657
    },
    "erbbands_spread": {
        "dmean": 10.6925649643,
        "dmean2": 15.9630203247,
        "dvar": 174.797943115,
        "dvar2": 369.403533936,
        "max": 196.474472046,
        "mean": 40.604850769,
        "median": 35.7124443054,
        "min": 3.32249116898,
        "var": 573.737121582
    },
    "hfc": {
        "dmean": 6.53750801086,
        "dmean2": 9.76684761047,
        "dvar": 112.350547791,
        "dvar2": 261.12109375,
        "max": 182.162216187,
        "mean": 19.7336349487,
        "median": 15.1076574326,
        "min": 1.14462870885e-16,
        "var": 330.775604248
    },
    "melbands_crest": {
        "dmean": 2.75179958344,
        "dmean2": 4.49375724792,
        "dvar": 7.65330696106,
        "dvar2": 19.6317596436,
        "max": 33.4480705261,
        "mean": 14.0644187927,
        "median": 13.469666481,
        "min": 1.8479719162,
        "var": 22.1344203949
    },
    "melbands_flatness_db": {
        "dmean": 0.0273089315742,
        "dmean2": 0.039216928184,
        "dvar": 0.000967331288848,
        "dvar2": 0.00186891958583,
        "max": 0.628767967224,
        "mean": 0.249189049006,
        "median": 0.236538261175,
        "min": 0.00559352757409,
        "var": 0.00743500562385
    },
    "melbands_kurtosis": {
        "dmean": 11.2978992462,
        "dmean2": 17.8530406952,
        "dvar": 475.638977051,
        "dvar2": 1170.53710938,
        "max": 523.71875,
        "mean": 23.9884719849,
        "median": 13.0761375427,
        "min": -1.83300256729,
        "var": 1119.86938477
    },
    "melbands_skewness": {
        "dmean": 0.82698982954,
        "dmean2": 1.27029502392,
        "dvar": 1.03360211849,
        "dvar2": 2.40842986107,
        "max": 17.3964691162,
        "mean": 3.09744477272,
        "median": 2.7304828167,
        "min": -2.36414337158,
        "var": 3.78407073021
    },
    "melbands_spread": {
        "dmean": 4.48602724075,
        "dmean2": 6.89449310303,
        "dvar": 61.2249526978,
        "dvar2": 125.639083862,
        "max": 229.916137695,
        "mean": 15.3073415756,
        "median": 12.4246664047,
        "min": 0.454711318016,
        "var": 220.561950684
    },
    "pitch_salience": {
        "dmean": 0.0663573294878,
        "dmean2": 0.107852876186,
        "dvar": 0.00398274417967,
        "dvar2": 0.0100179174915,
        "max": 0.988217234612,
        "mean": 0.521591424942,
        "median": 0.51795989275,
        "min": 0.092171035707,
        "var": 0.0133207002655
    },
    "silence_rate_20dB": {
        "dmean": 0,
        "dmean2": 0,
        "dvar": 0,
        "dvar2": 0,
        "max": 1,
        "mean": 1,
        "median": 1,
        "min": 1,
        "var": 0
    },
    "silence_rate_30dB": {
        "dmean": 0.0193704608828,
        "dmean2": 0.0387442708015,
        "dvar": 0.0189969036728,
        "dvar2": 0.051773969084,
        "max": 1,
        "mean": 0.987894535065,
        "median": 1,
        "min": 0,
        "var": 0.0119589706883
    },
    "silence_rate_60dB": {
        "dmean": 0.00726392259821,
        "dmean2": 0.0145291015506,
        "dvar": 0.00721170241013,
        "dvar2": 0.0158767197281,
        "max": 1,
        "mean": 0.0529182888567,
        "median": 0,
        "min": 0,
        "var": 0.0501250214875
    },
    "spectral_centroid": {
        "dmean": 205.952957153,
        "dmean2": 317.425506592,
        "dvar": 88201.7578125,
        "dvar2": 183804.765625,
        "max": 11373.4042969,
        "mean": 975.088562012,
        "median": 824.626037598,
        "min": 133.603515625,
        "var": 534451
    },
    "spectral_complexity": {
        "dmean": 2.96264266968,
        "dmean2": 4.69480228424,
        "dvar": 18.3816375732,
        "dvar2": 42.9945449829,
        "max": 54,
        "mean": 13.292347908,
        "median": 12,
        "min": 0,
        "var": 57.1166877747
    },
    "spectral_decrease": {
        "dmean": 2.79416534354e-09,
        "dmean2": 4.43474945655e-09,
        "dvar": 2.50078784897e-17,
        "dvar2": 6.37055332515e-17,
        "max": 1.37694975264e-28,
        "mean": -8.87440165798e-09,
        "median": -8.026304954e-09,
        "min": -5.65535422936e-08,
        "var": 3.95443220952e-17
    },
    "spectral_energy": {
        "dmean": 0.0109714865685,
        "dmean2": 0.0173658505082,
        "dvar": 0.000373252230929,
        "dvar2": 0.000949390232563,
        "max": 0.217008590698,
        "mean": 0.0352839380503,
        "median": 0.0319112874568,
        "min": 1.03941948654e-20,
        "var": 0.000607633555774
    },
    "spectral_energyband_high": {
        "dmean": 0.000496035907418,
        "dmean2": 0.000750465667807,
        "dvar": 1.1045277688e-06,
        "dvar2": 2.51215828939e-06,
        "max": 0.0220116507262,
        "mean": 0.000927053566556,
        "median": 0.000364176579751,
        "min": 7.3026913365e-21,
        "var": 2.71566091214e-06
    },
    "spectral_energyband_low": {
        "dmean": 0.00668473169208,
        "dmean2": 0.0110241286457,
        "dvar": 0.000307229551254,
        "dvar2": 0.000802855473012,
        "max": 0.200233340263,
        "mean": 0.0149697847664,
        "median": 0.0131938830018,
        "min": 4.31869854281e-23,
        "var": 0.000306719884975
    },
    "spectral_energyband_middle_high": {
        "dmean": 0.00135116325691,
        "dmean2": 0.00206066272222,
        "dvar": 6.71069028613e-06,
        "dvar2": 1.59162154887e-05,
        "max": 0.0641883835196,
        "mean": 0.00364149687812,
        "median": 0.00176699901931,
        "min": 1.26740649806e-21,
        "var": 2.33032496908e-05
    },
    "spectral_energyband_middle_low": {
        "dmean": 0.00579813402146,
        "dmean2": 0.00903431978077,
        "dvar": 5.96135614614e-05,
        "dvar2": 0.000140458010719,
        "max": 0.126112192869,
        "mean": 0.0166825912893,
        "median": 0.0132283261046,
        "min": 2.25887909451e-22,
        "var": 0.000196756183868
    },
    "spectral_entropy": {
        "dmean": 0.228387787938,
        "dmean2": 0.313594281673,
        "dvar": 0.0641945004463,
        "dvar2": 0.108877278864,
        "max": 9.8145160675,
        "mean": 7.26691675186,
        "median": 7.31903600693,
        "min": 5.06526184082,
        "var": 0.376968324184
    },
    "spectral_flux": {
        "dmean": 0.027972292155,
        "dmean2": 0.0431548841298,
        "dvar": 0.00143456878141,
        "dvar2": 0.00299312756397,
        "max": 0.420524418354,
        "mean": 0.0835273042321,
        "median": 0.0706788003445,
        "min": 6.56007262401e-11,
        "var": 0.00328107760288
    },
    "spectral_kurtosis": {
        "dmean": 1.63594937325,
        "dmean2": 2.44793605804,
        "dvar": 6.36215257645,
        "dvar2": 13.0687217712,
        "max": 80.6578292847,
        "mean": 4.4087471962,
        "median": 3.28081893921,
        "min": -1.22746396065,
        "var": 21.8065910339
    },
    "spectral_rms": {
        "dmean": 0.00082187022781,
        "dmean2": 0.00126258318778,
        "dvar": 1.36401683903e-06,
        "dvar2": 3.23733593177e-06,
        "max": 0.0145504539832,
        "mean": 0.00548848602921,
        "median": 0.00557969231158,
        "min": 3.18444316055e-12,
        "var": 4.29994952356e-06
    },
    "spectral_rolloff": {
        "dmean": 346.676330566,
        "dmean2": 590.583251953,
        "dvar": 774403.25,
        "dvar2": 1709590.25,
        "max": 18884.6191406,
        "mean": 1050.74108887,
        "median": 581.396484375,
        "min": 64.599609375,
        "var": 2741806.5
    },
    "spectral_skewness": {
        "dmean": 0.261034786701,
        "dmean2": 0.37783819437,
        "dvar": 0.0858630761504,
        "dvar2": 0.162297561765,
        "max": 7.79836606979,
        "mean": 1.7214846611,
        "median": 1.64098310471,
        "min": -0.015198610723,
        "var": 0.467818945646
    },
    "spectral_spread": {
        "dmean": 737119,
        "dmean2": 1025465.625,
        "dvar": 916058537984,
        "dvar2": 1.67701263155e+12,
        "max": 41434116,
        "mean": 5635177.5,
        "median": 5406421.5,
        "min": 942554.1875,
        "var": 3.51966016307e+12
    },
    "spectral_strongpeak": {
        "dmean": 0.473578631878,
        "dmean2": 0.803294479847,
        "dvar": 0.592943966389,
        "dvar2": 1.41442155838,
        "max": 9.00762748718,
        "mean": 0.944313704967,
        "median": 0.394914329052,
        "min": 0,
        "var": 1.36852002144
    },
    "zerocrossingrate": {
        "dmean": 0.0102048413828,
        "dmean2": 0.0119463158771,
        "dvar": 0.000172868691152,
        "dvar2": 0.000192045190488,
        "max": 0.51171875,
        "mean": 0.0524099506438,
        "median": 0.04248046875,
        "min": 0.001953125,
        "var": 0.00224019726738
    },
    "barkbands": {
        "dmean": [0.000307265640004, 0.00439640833065, 0.00261756312102, 0.00115858623758, 0.00252428581007, 0.00162924453616, 0.00128124863841, 0.0016225904692, 0.000905623019207, 0.000491722254083, 0.000385489489418, 0.000315220997436, 0.000176092260517, 0.000156223541126, 0.000171694366145, 0.00015074206749, 0.000101180812635, 0.00012173892901, 9.79057222139e-05, 8.46302136779e-05, 0.00012075201812, 0.000137150971568, 9.56308067543e-05, 6.6953311034e-05, 9.65509098023e-05, 3.22135638271e-05, 3.50944742422e-06],
        "dmean2": [0.000504710653331, 0.00712272757664, 0.00462834304199, 0.00202510808595, 0.00398527039215, 0.00258735567331, 0.00197189557366, 0.00240793358535, 0.00137529696804, 0.000778440735303, 0.000597977719735, 0.000474516797112, 0.000272793404292, 0.000247961899731, 0.000266953749815, 0.000242418595008, 0.000162623589858, 0.000194621301489, 0.000160782059538, 0.000142289180076, 0.000204547701287, 0.000222146365559, 0.000145209720358, 9.63456914178e-05, 0.000145401863847, 5.05785428686e-05, 5.99832810622e-06],
        "dvar": [8.94129755125e-07, 0.000124249083456, 6.25387692708e-05, 6.29687019682e-06, 1.61321804626e-05, 7.53268795961e-06, 1.16075616461e-05, 2.05317428481e-05, 4.67819290861e-06, 1.36468861456e-06, 2.12298436963e-06, 1.43027887134e-06, 3.56389023182e-07, 2.20873545231e-07, 1.8088698539e-07, 1.90193603089e-07, 6.24054052878e-08, 5.46039942151e-08, 4.23234176594e-08, 4.48498518324e-08, 1.13814479619e-07, 1.11741023545e-07, 5.70391520682e-08, 3.75860409463e-08, 5.25159684628e-08, 7.66600560809e-09, 2.19878074081e-10],
        "dvar2": [2.28064050134e-06, 0.000325003464241, 0.000176403395017, 1.72800282598e-05, 3.70477428078e-05, 1.90444734471e-05, 2.57667634287e-05, 4.2378611397e-05, 1.04234450191e-05, 3.22491064253e-06, 5.19449940839e-06, 2.85098076347e-06, 8.0058993035e-07, 5.47743695734e-07, 3.91117822574e-07, 4.72611361602e-07, 1.49301556007e-07, 1.31622542199e-07, 1.10934990971e-07, 1.21291122923e-07, 3.13512487082e-07, 2.84200552869e-07, 1.20539581872e-07, 5.94865880998e-08, 1.12485373904e-07, 1.88634405873e-08, 5.84414738825e-10],
        "max": [0.0156288295984, 0.146966636181, 0.0866140127182, 0.0653113424778, 0.118928529322, 0.0509453862906, 0.0705813020468, 0.0877446830273, 0.0614590458572, 0.0281980410218, 0.0623914860189, 0.0454757846892, 0.0233294442296, 0.0158360935748, 0.0118348523974, 0.0112366518006, 0.00539346737787, 0.00690061133355, 0.00487427227199, 0.00374489277601, 0.00591357657686, 0.00537768797949, 0.00978128053248, 0.00865988433361, 0.00535266939551, 0.00119493133388, 0.00029405602254],
        "mean": [0.000545333256014, 0.00978564843535, 0.00377799547277, 0.00154678046238, 0.00490738404915, 0.00345804309472, 0.00231028767303, 0.00274177803658, 0.00152644107584, 0.000770634564105, 0.000738597766031, 0.000581417116337, 0.000273308425676, 0.000230279285461, 0.000315771671012, 0.000239718559897, 0.000162989352248, 0.000221954032895, 0.000168144557392, 0.00011710281251, 0.000162416748935, 0.00022278171673, 0.000173523309059, 0.000119546231872, 0.000146246122313, 3.71547357645e-05, 2.78800825981e-06],
        "median": [0.00015705289843, 0.00858022458851, 0.00227921060286, 0.000743873941246, 0.00297631020658, 0.00189198262524, 0.000588693306781, 0.000351801805664, 0.000359537138138, 0.000191556944628, 7.13070476195e-05, 9.35602438403e-05, 4.90370075568e-05, 4.58455615444e-05, 6.1293496401e-05, 4.94594678457e-05, 3.70232446585e-05, 8.89970906428e-05, 5.92489814153e-05, 3.44131003658e-05, 4.53365464637e-05, 6.58260687487e-05, 6.25227912678e-05, 3.33893913194e-05, 4.29112878919e-05, 8.11399058875e-06, 7.55937747954e-08],
        "min": [2.64417537403e-24, 5.51391842416e-24, 7.86841184645e-24, 6.88577514847e-24, 1.65045178823e-23, 2.3493846013e-23, 1.30363366664e-23, 2.87948966327e-23, 2.86398034233e-23, 3.60155960892e-23, 4.51006862535e-23, 2.53892515763e-23, 3.31135756118e-23, 7.83665530408e-23, 6.10195900874e-23, 1.3030308507e-22, 1.57503703279e-22, 1.54694336093e-22, 1.58117033167e-22, 2.05793779416e-22, 4.07893998478e-22, 4.35979668136e-22, 3.66399712915e-22, 6.06539524268e-22, 1.01934945147e-21, 1.52367072729e-21, 2.20220823585e-21],
        "var": [9.16987858091e-07, 0.000127525854623, 4.65266493848e-05, 6.92754383635e-06, 3.77648575522e-05, 2.0710464014e-05, 2.57788524323e-05, 4.58841095679e-05, 1.08752283268e-05, 2.74263175015e-06, 5.80564892516e-06, 3.99903183279e-06, 7.4057055599e-07, 3.26959593622e-07, 5.57114049116e-07, 3.69034523828e-07, 1.35511058375e-07, 1.30281009092e-07, 7.64323999647e-08, 6.212162873e-08, 1.28557061885e-07, 1.97532088464e-07, 1.54470470193e-07, 1.27166146058e-07, 1.20344409993e-07, 8.51791526202e-09, 1.63528260377e-10]
    },
    "erbbands": {
        "dmean": [0.123227581382, 1.08057904243, 3.03249454498, 3.3298971653, 4.83855581284, 10.6119194031, 14.0567417145, 14.1772270203, 12.7997350693, 30.5800361633, 29.2627906799, 18.4360141754, 18.7669868469, 14.9584064484, 14.485669136, 12.5822124481, 7.87014579773, 7.86372327805, 7.77842617035, 8.80247402191, 7.01062917709, 5.12319660187, 6.40185117722, 4.61430644989, 5.0379114151, 3.94464945793, 4.3981795311, 5.26139307022, 5.33372068405, 3.31185555458, 2.67713117599, 1.41526901722, 1.3003333807, 1.29353415966, 0.537750959396, 0.165739282966, 0.0585386641324, 0.0121657466516, 0.00028724555159, 1.93388368643e-05],
        "dmean2": [0.202083930373, 1.79114842415, 5.40087413788, 5.81551599503, 8.10679626465, 16.6952438354, 22.0010318756, 22.6780033112, 20.0616149902, 45.8394241333, 42.9494514465, 27.986120224, 29.6295547485, 23.2319946289, 21.9431800842, 18.804731369, 12.0884933472, 12.4727973938, 11.8333492279, 13.6586456299, 11.2460632324, 8.11248397827, 10.1516275406, 7.65700864792, 8.17841815948, 6.57288265228, 7.4140381813, 8.85210418701, 8.67623138428, 5.13625431061, 4.08531999588, 2.10361361504, 1.88255739212, 1.94580674171, 0.8336327672, 0.260172426701, 0.0921323522925, 0.020251005888, 0.000476029701531, 3.01470245176e-05],
        "dvar": [0.0998542755842, 8.44652748108, 88.1015396118, 63.964302063, 78.2279129028, 383.776245117, 582.952453613, 707.501586914, 828.447875977, 8987.67480469, 7060.78515625, 2301.17407227, 2082.56494141, 1526.98425293, 2964.19018555, 2636.84765625, 726.635498047, 658.575012207, 409.12387085, 562.802246094, 368.063262939, 154.206878662, 164.020050049, 107.973907471, 107.167396545, 103.257728577, 146.882919312, 233.48236084, 175.248626709, 62.3861808777, 48.5636520386, 16.6556072235, 14.691737175, 10.9669847488, 1.65306329727, 0.183145746589, 0.0295516382903, 0.00207642000169, 1.1340250694e-06, 1.22830734473e-09],
        "dvar2": [0.263170003891, 22.9486446381, 248.141677856, 175.559082031, 196.288986206, 880.164550781, 1477.13537598, 1835.65234375, 1923.46276855, 19084.0585938, 14271.3837891, 4791.84228516, 5101.73291016, 3739.16723633, 6874.97753906, 5187.11914062, 1653.77441406, 1649.58215332, 864.631469727, 1256.95446777, 924.369873047, 365.46295166, 379.101257324, 287.774261475, 272.240325928, 277.475128174, 403.115325928, 641.637817383, 450.420257568, 134.110733032, 107.834136963, 30.6689796448, 24.4290542603, 22.8056488037, 3.80500984192, 0.448001652956, 0.0714569166303, 0.00538937561214, 2.94816572932e-06, 3.02835734267e-09],
        "max": [4.272315979, 36.3263015747, 106.229881287, 215.329345703, 186.874938965, 595.052978516, 604.641113281, 492.512664795, 738.543457031, 2078.43408203, 2517.39550781, 1756.28088379, 1097.29528809, 1139.52026367, 2909.21337891, 2068.71777344, 967.893920898, 959.406921387, 458.709655762, 753.233642578, 518.844604492, 286.324310303, 488.887939453, 144.254333496, 287.414489746, 194.460891724, 228.350189209, 276.63269043, 215.538726807, 302.525115967, 295.105957031, 156.200241089, 194.054733276, 98.4442367554, 26.9049377441, 7.32830095291, 3.11189031601, 0.747338235378, 0.0168586876243, 0.000424665136961],
        "mean": [0.306508690119, 2.06746053696, 4.62197399139, 4.98529148102, 7.22442722321, 19.1498279572, 29.3302402496, 27.3116111755, 25.0804443359, 53.8736114502, 54.3586082458, 33.319316864, 30.4784374237, 27.8058280945, 29.4360618591, 24.511297226, 13.6202230453, 12.8000812531, 14.2956037521, 16.2268619537, 12.4297533035, 9.45397567749, 12.3886785507, 8.00825309753, 8.76990032196, 5.72595643997, 6.00518941879, 7.31080913544, 8.29585266113, 5.85079908371, 4.77946090698, 2.59003090858, 2.21767306328, 2.02550125122, 0.742336511612, 0.207018852234, 0.0659086257219, 0.0109778130427, 0.000278348976281, 5.03186311107e-05],
        "median": [0.25190114975, 1.73548650742, 3.00716757774, 2.77713370323, 4.21429538727, 9.94016551971, 16.1242332458, 13.2946166992, 10.6376171112, 10.0344390869, 10.2752990723, 10.194185257, 9.30244445801, 7.60126304626, 5.17627811432, 4.60120868683, 2.96651625633, 2.92276740074, 3.25373506546, 3.52131414413, 2.93196129799, 2.78728103638, 5.14566659927, 3.05757451057, 3.20155930519, 1.91940534115, 1.63248991966, 2.20828652382, 2.28877210617, 1.85359430313, 1.75476431847, 0.81943333149, 0.584493875504, 0.543581306934, 0.215952903032, 0.0552038028836, 0.0114163532853, 0.00104934920091, 4.80440721731e-05, 4.17274131905e-05],
        "min": [1.09906524696e-22, 2.0162147768e-21, 9.58342700253e-21, 1.85361869491e-20, 2.97446619638e-20, 5.42206034783e-20, 6.94639524299e-20, 1.92803664496e-19, 1.98496295622e-19, 3.36125539845e-19, 6.53305334939e-19, 6.93867532143e-19, 1.36806512291e-18, 1.47017395208e-18, 1.28063202877e-18, 1.43903411754e-18, 1.98589728257e-18, 3.85874958108e-18, 2.36653808992e-18, 3.16806824526e-18, 8.93687588164e-18, 9.25707087931e-18, 6.71626113717e-18, 7.14228769037e-18, 7.81596343356e-18, 1.00244330987e-17, 1.39990855728e-17, 1.5149048604e-17, 1.44527660147e-17, 1.40504088211e-17, 1.20317200311e-17, 1.09222425278e-17, 1.14542164418e-17, 9.56657622193e-18, 8.08083162879e-18, 4.91171162338e-18, 2.35785889734e-18, 1.13088990062e-18, 2.95706677531e-19, 3.04928371343e-20],
        "var": [0.119056634605, 7.28504991531, 62.9620361328, 65.045173645, 106.372245789, 848.491943359, 1611.15014648, 1625.93237305, 1867.21386719, 21019.3105469, 18021.3300781, 5515.19824219, 3901.02661133, 3276.7902832, 7465.31103516, 7694.10058594, 1543.30688477, 1028.24438477, 1141.75769043, 1636.15979004, 983.03338623, 382.23626709, 453.062133789, 161.862350464, 214.300735474, 144.805541992, 184.996780396, 256.346618652, 290.26940918, 160.222717285, 118.67124939, 50.0346298218, 47.2493095398, 27.4861431122, 2.94923567772, 0.233886778355, 0.033351290971, 0.00166752806399, 9.1330775831e-07, 1.69918712434e-09]
    },
    "gfcc": {
        "mean": [-13.3860244751, 96.5105133057, -85.979850769, 38.4309539795, -71.1534042358, 16.7720069885, -40.0589485168, 13.1065797806, -21.7580299377, 2.69047904015, -14.3486919403, 4.20566082001, -5.93886470795],
        "cov": [[10350.5576172, 421.117645264, -726.29107666, -259.140838623, -219.081314087, 154.585876465, -115.342765808, 284.221862793, -160.220703125, 200.665237427, -140.086898804, 158.888549805, -261.418518066], [421.117645264, 2372.22290039, 443.887573242, -125.162780762, 200.101669312, -145.577011108, 174.046432495, -36.0119285583, 155.024841309, -115.058166504, 179.97857666, -64.8040313721, 118.152702332], [-726.29107666, 443.887573242, 1217.06835938, 227.30140686, 94.8818893433, 44.9410018921, 86.8494262695, 29.9829540253, 29.6815338135, 60.1382484436, 26.0148773193, 27.5687255859, 89.428817749], [-259.140838623, -125.162780762, 227.30140686, 452.959320068, 116.550109863, 46.7826499939, 34.9975662231, -9.05523967743, 84.3184127808, 24.7569713593, -7.74846029282, -4.37732648849, 92.0664749146], [-219.081314087, 200.101669312, 94.8818893433, 116.550109863, 399.61038208, 74.0483856201, 83.2953414917, 65.3646087646, 94.4525909424, 16.2793178558, 10.8800754547, -8.9740524292, 37.6084594727], [154.585876465, -145.577011108, 44.9410018921, 46.7826499939, 74.0483856201, 225.860931396, 86.6845169067, 55.7861404419, -3.4311234951, 23.8979644775, 26.7556591034, 8.04510116577, -29.5545444489], [-115.342765808, 174.046432495, 86.8494262695, 34.9975662231, 83.2953414917, 86.6845169067, 242.786010742, 59.6992645264, -2.22994184494, -1.26998734474, 66.3104248047, 14.2881259918, -11.7153406143], [284.221862793, -36.0119285583, 29.9829540253, -9.05523967743, 65.3646087646, 55.7861404419, 59.6992645264, 163.153671265, 32.6078872681, 28.6209487915, 6.91377592087, 7.98218822479, -30.9479370117], [-160.220703125, 155.024841309, 29.6815338135, 84.3184127808, 94.4525909424, -3.4311234951, -2.22994184494, 32.6078872681, 187.65461731, 35.6354370117, -6.77794790268, -27.1982822418, 32.4357185364], [200.665237427, -115.058166504, 60.1382484436, 24.7569713593, 16.2793178558, 23.8979644775, -1.26998734474, 28.6209487915, 35.6354370117, 114.513427734, -1.36022484303, 0.272407531738, -18.6324119568], [-140.086898804, 179.97857666, 26.0148773193, -7.74846029282, 10.8800754547, 26.7556591034, 66.3104248047, 6.91377592087, -6.77794790268, -1.36022484303, 128.13609314, 14.0957393646, -11.6116123199], [158.888549805, -64.8040313721, 27.5687255859, -4.37732648849, -8.9740524292, 8.04510116577, 14.2881259918, 7.98218822479, -27.1982822418, 0.272407531738, 14.0957393646, 102.143577576, 11.8352861404], [-261.418518066, 118.152702332, 89.428817749, 92.0664749146, 37.6084594727, -29.5545444489, -11.7153406143, -30.9479370117, 32.4357185364, -18.6324119568, -11.6116123199, 11.8352861404, 134.751419067]],
        "icov": [[0.00018665609241, -0.000290901109111, 0.000247624790063, -0.000261424225755, 0.000192772466107, -0.000308104150463, 0.000291058619041, -0.000448428298114, 0.000465455843369, -0.000624166801572, 0.00057179905707, -0.000508725293912, 0.000328005320625], [-0.000290901109111, 0.00134117493872, -0.000787905300967, 0.00114251521882, -0.000656974152662, 0.00115096231457, -0.00102162896655, 0.00106233137194, -0.00163681083359, 0.00191216194071, -0.00200485065579, 0.00143362313975, -0.00104734825436], [0.000247624790063, -0.000787905300967, 0.00149440497626, -0.00105121557135, 0.000385558698326, -0.000679845688865, 0.00039321067743, -0.000916886201594, 0.00127479969524, -0.00182764965575, 0.00113819213584, -0.00105321838055, 9.56024741754e-05], [-0.000261424225755, 0.00114251521882, -0.00105121557135, 0.00410804105923, -0.000921494793147, 0.000244281021878, -0.00116595171858, 0.0015917387791, -0.0023046261631, 0.00121993431821, -0.00137907965109, 0.00139998202212, -0.0025614509359], [0.000192772466107, -0.000656974152662, 0.000385558698326, -0.000921494793147, 0.00374837592244, -0.00130639260169, -0.000215900901821, -0.00140939210542, -0.000460822338937, -0.00078608689364, 0.00115056196228, -0.000543620844837, -0.00020227713685], [-0.000308104150463, 0.00115096231457, -0.000679845688865, 0.000244281021878, -0.00130639260169, 0.00690958322957, -0.00225832732394, -3.03425949824e-05, -0.000602477462962, 0.000943843799178, -0.00207840558141, 0.00114605901763, 0.000349899521098], [0.000291058619041, -0.00102162896655, 0.00039321067743, -0.00116595171858, -0.000215900901821, -0.00225832732394, 0.00693156011403, -0.00247700908221, 0.0018445259193, -0.000699176453054, -0.00102188438177, -0.00136594637297, 0.00108603632543], [-0.000448428298114, 0.00106233137194, -0.000916886201594, 0.0015917387791, -0.00140939210542, -3.03425949824e-05, -0.00247700908221, 0.00952737312764, -0.00309661752544, 0.000875855097547, -0.000926143547986, 0.00037213898031, 0.000833009718917], [0.000465455843369, -0.00163681083359, 0.00127479969524, -0.0023046261631, -0.000460822338937, -0.000602477462962, 0.0018445259193, -0.00309661752544, 0.00973470602185, -0.00469803856686, 0.002211865969, 0.000119815442304, -0.00030036867247], [-0.000624166801572, 0.00191216194071, -0.00182764965575, 0.00121993431821, -0.00078608689364, 0.000943843799178, -0.000699176453054, 0.000875855097547, -0.00469803856686, 0.0136649450287, -0.00296358740889, 0.00165859190747, 0.000677989562973], [0.00057179905707, -0.00200485065579, 0.00113819213584, -0.00137907965109, 0.00115056196228, -0.00207840558141, -0.00102188438177, -0.000926143547986, 0.002211865969, -0.00296358740889, 0.0125311370939, -0.00346009223722, 0.00241705588996], [-0.000508725293912, 0.00143362313975, -0.00105321838055, 0.00139998202212, -0.000543620844837, 0.00114605901763, -0.00136594637297, 0.00037213898031, 0.000119815442304, 0.00165859190747, -0.00346009223722, 0.0127523206174, -0.00334940408356], [0.000328005320625, -0.00104734825436, 9.56024741754e-05, -0.0025614509359, -0.00020227713685, 0.000349899521098, 0.00108603632543, 0.000833009718917, -0.00030036867247, 0.000677989562973, 0.00241705588996, -0.00334940408356, 0.0117497975007]]
    },
    "melbands": {
        "dmean": [0.00113137532026, 0.00152920500841, 0.000600798462983, 0.000517212669365, 0.000489264260978, 0.000305228575598, 0.000214854080696, 0.000344555184711, 0.000215211301111, 0.000123310106574, 9.52807895374e-05, 6.31912844256e-05, 5.50482000108e-05, 3.6046239984e-05, 2.56823877862e-05, 1.7793441657e-05, 1.44470368468e-05, 1.29505469886e-05, 1.23580584841e-05, 1.17015233627e-05, 8.44262103783e-06, 5.33055072083e-06, 7.07914705345e-06, 5.57587827643e-06, 3.79105563297e-06, 3.93192158299e-06, 3.18579463965e-06, 2.68099461209e-06, 2.78443962998e-06, 2.9871141578e-06, 3.28030046148e-06, 3.27264820044e-06, 2.52596828432e-06, 1.83282963917e-06, 1.73109174284e-06, 1.25634107917e-06, 7.90796036654e-07, 8.53982385252e-07, 1.216898454e-06, 1.11125007152e-06],
        "dmean2": [0.00180650840048, 0.00266913813539, 0.00103884423152, 0.000827097392175, 0.000763154064771, 0.000487660930958, 0.000335231889039, 0.000515074469149, 0.000318976235576, 0.000187544865184, 0.000150701773237, 9.74633803708e-05, 8.38268606458e-05, 5.32062003913e-05, 3.95141651097e-05, 2.74277608696e-05, 2.31814283325e-05, 1.97165190912e-05, 1.93125051737e-05, 1.84812179214e-05, 1.34533011078e-05, 8.55506004882e-06, 1.13356945803e-05, 8.86812540557e-06, 6.36894992567e-06, 6.39155041426e-06, 5.24296092408e-06, 4.50370635008e-06, 4.73087766295e-06, 5.07613731315e-06, 5.54501093575e-06, 5.35505751031e-06, 4.0929548959e-06, 2.81932170765e-06, 2.68484973276e-06, 1.95493271349e-06, 1.18571756502e-06, 1.26125019051e-06, 1.795060939e-06, 1.69712780007e-06],
        "dvar": [7.49632954467e-06, 2.06863969652e-05, 1.77178310423e-06, 8.05779734492e-07, 6.4841827907e-07, 3.04549416796e-07, 2.49992069712e-07, 1.05071933376e-06, 3.90108908732e-07, 9.97831435257e-08, 5.33304742589e-08, 2.67180357838e-08, 4.17808010411e-08, 1.7149110576e-08, 1.10902389494e-08, 4.08010292219e-09, 2.32266228473e-09, 1.1944576439e-09, 9.87607551295e-10, 1.27976496067e-09, 5.89895299274e-10, 2.15860843089e-10, 2.17121196022e-10, 1.23098656268e-10, 7.97445789957e-11, 6.93173227151e-11, 4.95776614207e-11, 5.12379721984e-11, 5.95338084386e-11, 7.55147819276e-11, 9.85527770503e-11, 6.90963050665e-11, 3.94056454134e-11, 2.18306345223e-11, 2.15000448001e-11, 1.20812405219e-11, 6.16190909061e-12, 7.18332294689e-12, 1.15467774231e-11, 7.92915819808e-12],
        "dvar2": [1.92570496438e-05, 5.75495359953e-05, 4.83274106955e-06, 1.92271249944e-06, 1.6008965531e-06, 7.8685451399e-07, 5.74866874103e-07, 2.24332279686e-06, 7.94489778855e-07, 2.14600902382e-07, 1.30645602781e-07, 6.38692512211e-08, 9.71288685037e-08, 3.08478256272e-08, 2.61261234868e-08, 9.24057097507e-09, 5.85501602757e-09, 2.54107779263e-09, 2.19513029975e-09, 3.05672798184e-09, 1.50733125981e-09, 5.23114940254e-10, 5.09298714313e-10, 3.00261648878e-10, 2.14666742715e-10, 1.80661888227e-10, 1.27465288324e-10, 1.38802913607e-10, 1.6255631563e-10, 2.08468325935e-10, 2.72376926569e-10, 1.80901640889e-10, 9.77901370991e-11, 4.54524265447e-11, 4.99171919077e-11, 2.59847629525e-11, 1.16426165583e-11, 1.27145152046e-11, 2.22705100889e-11, 1.75101530497e-11],
        "max": [0.0366568528116, 0.053134534508, 0.0295893698931, 0.0184753127396, 0.0208773948252, 0.0104164192453, 0.0133708622307, 0.0202218964696, 0.0212983600795, 0.0095444675535, 0.00545008014888, 0.00470542954281, 0.00954916607589, 0.00547395646572, 0.00449817581102, 0.00298419571482, 0.00187417457346, 0.000969634915236, 0.000940612400882, 0.00106974202208, 0.000749702448957, 0.00035933451727, 0.000341029663105, 0.000306725647533, 0.000131995489937, 0.000225415802561, 0.000162931755767, 0.000131713211886, 0.000208027719054, 0.000206664248253, 0.000201982213184, 0.000133140914841, 0.000133100169478, 0.000244279915933, 0.000215920590563, 0.000134314614115, 9.74936992861e-05, 0.000155232570251, 0.000114422444312, 7.89639743743e-05],
        "mean": [0.00269048917107, 0.00259951571934, 0.00091179413721, 0.000898770056665, 0.00103362917434, 0.000606112764217, 0.000410239037592, 0.000605101231486, 0.000393196707591, 0.000210755635635, 0.000150701656821, 0.000110359476821, 0.000111153021862, 6.7984474299e-05, 4.19334537582e-05, 2.84423476842e-05, 2.18520854105e-05, 2.16300850298e-05, 2.18843742914e-05, 1.8828381144e-05, 1.39527364809e-05, 8.72928012541e-06, 1.23317731777e-05, 1.00781044239e-05, 5.81766789765e-06, 6.82516792949e-06, 4.81078677694e-06, 3.57019484909e-06, 3.65922437595e-06, 3.86273359254e-06, 4.42166401626e-06, 4.81521919937e-06, 4.01025727115e-06, 3.06715696752e-06, 2.9393204386e-06, 2.12547547562e-06, 1.35167192639e-06, 1.37271354106e-06, 1.93259984371e-06, 1.64150264936e-06],
        "median": [0.00236630672589, 0.00205922848545, 0.000565125432331, 0.000504701572936, 0.000594335026108, 0.000306786649162, 0.000164198092534, 0.00010184331768, 6.88564032316e-05, 5.22640984855e-05, 3.87393738492e-05, 2.71407789114e-05, 1.36851458592e-05, 1.17598910947e-05, 6.49514413453e-06, 5.36962397746e-06, 4.16995271735e-06, 4.15062959291e-06, 4.36937807535e-06, 3.61624711331e-06, 2.89108743345e-06, 1.85354736004e-06, 4.03847252528e-06, 3.44776412931e-06, 2.00635622605e-06, 2.29142983699e-06, 1.70084877027e-06, 9.10565972845e-07, 8.64166850079e-07, 9.68114704847e-07, 1.23833160615e-06, 1.28194039917e-06, 9.95524146674e-07, 9.23315440104e-07, 1.02375531696e-06, 6.77121079207e-07, 3.61316551789e-07, 3.28031234176e-07, 4.6263465947e-07, 4.38433175987e-07],
        "min": [1.6500389576e-24, 4.56499369697e-24, 4.91504756822e-24, 1.67177592123e-24, 2.41816238595e-24, 4.16868812199e-24, 3.11399213576e-24, 4.42064990068e-24, 6.73248290851e-24, 3.9729354438e-24, 6.44999812924e-24, 5.47821221301e-24, 5.26808688356e-24, 2.19380423083e-24, 3.10363636423e-24, 3.41822423247e-24, 7.38763425688e-24, 3.2307729348e-24, 4.52768807033e-24, 4.84895127955e-24, 1.1151628057e-23, 8.9142694351e-24, 7.33151548094e-24, 6.3977779039e-24, 5.28745460208e-24, 5.99375963584e-24, 4.17677670728e-24, 5.76442830436e-24, 6.52739840025e-24, 7.54839858734e-24, 7.4622849532e-24, 7.94101308214e-24, 8.75441702785e-24, 5.92241781659e-24, 6.65090995775e-24, 8.0922976711e-24, 5.80030688163e-24, 6.87799540223e-24, 7.61509046599e-24, 8.08266725717e-24],
        "var": [8.70896201377e-06, 1.55187171913e-05, 1.80814026862e-06, 1.54812005349e-06, 1.78639766091e-06, 7.45073691633e-07, 5.37414109658e-07, 2.39990708906e-06, 9.76523210738e-07, 2.29146024822e-07, 1.00451394758e-07, 5.71361660207e-08, 1.27759733459e-07, 5.42309628315e-08, 1.95863893993e-08, 7.15817316532e-09, 3.38899641683e-09, 2.86292567431e-09, 2.65382116282e-09, 2.42082665025e-09, 1.5982031254e-09, 4.72085148751e-10, 4.83801887441e-10, 3.07512931785e-10, 1.03479870506e-10, 1.38028921626e-10, 7.92369503344e-11, 6.76369724117e-11, 8.21510984239e-11, 7.82524739451e-11, 1.04149695812e-10, 1.03327228718e-10, 7.39252617454e-11, 5.48281038626e-11, 4.69278678417e-11, 2.85130356825e-11, 1.69518028087e-11, 2.09787066191e-11, 3.13483232428e-11, 1.7529510829e-11]
    },
    "mfcc": {
        "mean": [-662.872802734, 122.619026184, 36.6862220764, 23.9605541229, 1.93486607075, 1.69945907593, -3.63375854492, 4.934445858, 0.780812501907, -1.87135279179, 2.21474933624, -4.55941867828, 0.729320883751],
        "cov": [[8530.10839844, 51.5097923279, -880.173706055, -329.76449585, -197.99269104, -77.9783706665, -87.0143890381, 96.1274414062, -49.8894462585, 52.9937019348, 221.979766846, -102.560043335, 48.5221366882], [51.5097923279, 2032.88708496, 231.868560791, 96.9705581665, 69.4852371216, -20.7639312744, 86.9974517822, 115.959915161, -12.7389307022, 51.4505195618, 82.4705810547, -33.1285324097, 68.4118499756], [-880.173706055, 231.868560791, 928.611999512, 211.986190796, 61.5075950623, 77.3338241577, 85.5441055298, -13.7964305878, 73.3241958618, -19.5742549896, -24.8347129822, 53.263961792, 28.8302955627], [-329.76449585, 96.9705581665, 211.986190796, 374.015136719, 126.792564392, 70.9879150391, 13.4747600555, -6.2717628479, 119.016372681, 3.68211650848, -42.7605400085, 53.2109069824, 46.2582359314], [-197.99269104, 69.4852371216, 61.5075950623, 126.792564392, 310.479370117, 73.1224822998, -1.71310889721, 11.4926223755, 96.6585540771, 65.8877258301, -13.3687849045, 34.3663368225, 13.6588363647], [-77.9783706665, -20.7639312744, 77.3338241577, 70.9879150391, 73.1224822998, 183.30758667, 59.8444519043, 23.1748332977, 38.294090271, 19.7239818573, 18.0877685547, 24.0189056396, 4.95189666748], [-87.0143890381, 86.9974517822, 85.5441055298, 13.4747600555, -1.71310889721, 59.8444519043, 245.010467529, 95.147644043, -15.1760282516, 20.6285896301, 38.4452781677, 13.0839834213, 15.1776361465], [96.1274414062, 115.959915161, -13.7964305878, -6.2717628479, 11.4926223755, 23.1748332977, 95.147644043, 171.518554688, 0.874156594276, 21.0557327271, 48.1839981079, 5.67258691788, 19.3860797882], [-49.8894462585, -12.7389307022, 73.3241958618, 119.016372681, 96.6585540771, 38.294090271, -15.1760282516, 0.874156594276, 193.106185913, 27.4038105011, -26.4593238831, 29.1442317963, 13.8779821396], [52.9937019348, 51.4505195618, -19.5742549896, 3.68211650848, 65.8877258301, 19.7239818573, 20.6285896301, 21.0557327271, 27.4038105011, 164.822967529, 50.3715934753, -2.48754739761, -0.994871795177], [221.979766846, 82.4705810547, -24.8347129822, -42.7605400085, -13.3687849045, 18.0877685547, 38.4452781677, 48.1839981079, -26.4593238831, 50.3715934753, 175.107971191, 17.2948513031, -1.43987810612], [-102.560043335, -33.1285324097, 53.263961792, 53.2109069824, 34.3663368225, 24.0189056396, 13.0839834213, 5.67258691788, 29.1442317963, -2.48754739761, 17.2948513031, 105.031150818, 22.3314170837], [48.5221366882, 68.4118499756, 28.8302955627, 46.2582359314, 13.6588363647, 4.95189666748, 15.1776361465, 19.3860797882, 13.8779821396, -0.994871795177, -1.43987810612, 22.3314170837, 101.411933899]],
