{
"lowlevel": {
    "average_loudness": 0.964494049549,
    "barkbands_crest": {
        "dmean": 2.45954489708,
        "dmean2": 4.03904438019,
        "dvar": 5.59368801117,
        "dvar2": 14.9093093872,
        "max": 25.7339324951,
        "mean": 10.698138237,
        "median": 10.0427398682,
        "min": 3.02297997475,
        "var": 15.5262565613
    },
    "barkbands_flatness_db": {
        "dmean": 0.0228333268315,
        "dmean2": 0.0344095304608,
        "dvar": 0.000557269726414,
        "dvar2": 0.0011838003993,
        "max": 0.576252043247,
        "mean": 0.142587125301,
        "median": 0.126529067755,
        "min": 0.0257248748094,
        "var": 0.00449010170996
    },
    "barkbands_kurtosis": {
        "dmean": 5.37375116348,
        "dmean2": 8.51909446716,
        "dvar": 130.091094971,
        "dvar2": 309.564788818,
        "max": 387.122894287,
        "mean": 10.0880441666,
        "median": 4.55153751373,
        "min": -1.90025293827,
        "var": 318.7734375
    },
    "barkbands_skewness": {
        "dmean": 0.639321327209,
        "dmean2": 0.98620390892,
        "dvar": 0.57557952404,
        "dvar2": 1.35286545753,
        "max": 13.350520134,
        "mean": 2.34631681442,
        "median": 2.0741071701,
        "min": -2.00750899315,
        "var": 2.38541984558
    },
    "barkbands_spread": {
        "dmean": 6.55142641068,
        "dmean2": 10.1294374466,
        "dvar": 80.7731246948,
        "dvar2": 174.184692383,
        "max": 116.561950684,
        "mean": 23.1957950592,
        "median": 20.9936943054,
        "min": 0.24351118505,
        "var": 261.031219482
    },
    "dissonance": {
        "dmean": 0.0199670623988,
        "dmean2": 0.0332665070891,
        "dvar": 0.00037289573811,
        "dvar2": 0.00100284942891,
        "max": 0.499999940395,
        "mean": 0.453947007656,
        "median": 0.461472064257,
        "min": 0.223352566361,
        "var": 0.00102982844692
    },
    "dynamic_complexity": 2.38214683533,
    "erbbands_crest": {
        "dmean": 2.49347567558,
        "dmean2": 3.98629450798,
        "dvar": 5.96850681305,
        "dvar2": 14.4329614639,
        "max": 29.8183040619,
        "mean": 9.15127944946,
        "median": 8.20047187805,
        "min": 2.16259050369,
        "var": 17.8125
    },
    "erbbands_flatness_db": {
        "dmean": 0.0157485809177,
        "dmean2": 0.0226280614734,
        "dvar": 0.000263149122475,
        "dvar2": 0.000509082223289,
        "max": 0.472256928682,
        "mean": 0.12304879725,
        "median": 0.115298852324,
        "min": 0.0307606924325,
        "var": 0.00234291166998
    },
    "erbbands_kurtosis": {
        "dmean": 1.16438138485,
        "dmean2": 1.80549347401,
        "dvar": 9.83914089203,
        "dvar2": 20.1437931061,
        "max": 144.84236145,
        "mean": 1.0260270834,
        "median": 0.111639142036,
        "min": -1.81465041637,
        "var": 18.897228241
    },
    "erbbands_skewness": {
        "dmean": 0.356649935246,
        "dmean2": 0.533930778503,
        "dvar": 0.172492295504,
        "dvar2": 0.352182865143,
        "max": 9.30491447449,
        "mean": 0.623978376389,
        "median": 0.518420100212,
        "min": -4.03128385544,
        "var": 0.800283372402
    },
    "erbbands_spread": {
        "dmean": 10.8673915863,
        "dmean2": 16.4533977509,
        "dvar": 170.187210083,
        "dvar2": 385.808898926,
        "max": 187.795150757,
        "mean": 50.0767593384,
        "median": 45.3522262573,
        "min": 1.26658427715,
        "var": 610.815673828
    },
    "hfc": {
        "dmean": 9.22227478027,
        "dmean2": 13.3438129425,
        "dvar": 223.255615234,
        "dvar2": 480.768554688,
        "max": 313.932037354,
        "mean": 28.7003993988,
        "median": 23.6106262207,
        "min": 1.13918546337e-16,
        "var": 676.589538574
    },
    "melbands_crest": {
        "dmean": 3.01121997833,
        "dmean2": 4.9768371582,
        "dvar": 8.40672492981,
        "dvar2": 22.8544368744,
        "max": 32.489276886,
        "mean": 14.7541561127,
        "median": 14.2417430878,
        "min": 1.77504348755,
        "var": 22.4357795715
    },
    "melbands_flatness_db": {
        "dmean": 0.0280461516231,
        "dmean2": 0.0422541759908,
        "dvar": 0.000860282976646,
        "dvar2": 0.00184448540676,
        "max": 0.718527078629,
        "mean": 0.225819513202,
        "median": 0.212209150195,
        "min": 0.0040933387354,
        "var": 0.00662884349003
    },
    "melbands_kurtosis": {
        "dmean": 13.4671297073,
        "dmean2": 21.268491745,
        "dvar": 631.778991699,
        "dvar2": 1514.01538086,
        "max": 600.067932129,
        "mean": 28.7082042694,
        "median": 16.6334495544,
        "min": -1.47277677059,
        "var": 1630.40234375
    },
    "melbands_skewness": {
        "dmean": 0.904775798321,
        "dmean2": 1.39711463451,
        "dvar": 1.10633599758,
        "dvar2": 2.59543037415,
        "max": 18.3606719971,
        "mean": 3.67809319496,
        "median": 3.29182887077,
        "min": -0.230332046747,
        "var": 4.33058834076
    },
    "melbands_spread": {
        "dmean": 5.49893522263,
        "dmean2": 8.46441364288,
        "dvar": 63.7964515686,
        "dvar2": 136.823684692,
        "max": 180.180282593,
        "mean": 17.9154472351,
        "median": 13.9169282913,
        "min": 0.275771051645,
        "var": 229.653244019
    },
    "pitch_salience": {
        "dmean": 0.0710186883807,
        "dmean2": 0.116217553616,
        "dvar": 0.00422433298081,
        "dvar2": 0.0110164228827,
        "max": 0.860932409763,
        "mean": 0.514439821243,
        "median": 0.517012655735,
        "min": 0.0879058837891,
        "var": 0.0118826897815
    },
    "silence_rate_20dB": {
        "dmean": 0,
        "dmean2": 0,
        "dvar": 0,
        "dvar2": 0,
        "max": 1,
        "mean": 1,
        "median": 1,
        "min": 1,
        "var": 0
    },
    "silence_rate_30dB": {
        "dmean": 0.0464975237846,
        "dmean2": 0.093004450202,
        "dvar": 0.0443375967443,
        "dvar2": 0.0999252200127,
        "max": 1,
        "mean": 0.957853257656,
        "median": 1,
        "min": 0,
        "var": 0.0403676778078
    },
    "silence_rate_60dB": {
        "dmean": 0.00646922085434,
        "dmean2": 0.0129397492856,
        "dvar": 0.00642747571692,
        "dvar2": 0.0149967428297,
        "max": 1,
        "mean": 0.0203153435141,
        "median": 0,
        "min": 0,
        "var": 0.0199019089341
    },
    "spectral_centroid": {
        "dmean": 222.338623047,
        "dmean2": 342.035461426,
        "dvar": 83248.40625,
        "dvar2": 177886.25,
        "max": 11351.7001953,
        "mean": 1082.44628906,
        "median": 973.749023438,
        "min": 113.010513306,
        "var": 427339.4375
    },
    "spectral_complexity": {
        "dmean": 3.08703112602,
        "dmean2": 4.73372411728,
        "dvar": 13.3335237503,
        "dvar2": 28.0384712219,
        "max": 52,
        "mean": 17.2351932526,
        "median": 17,
        "min": 0,
        "var": 73.8962936401
    },
    "spectral_decrease": {
        "dmean": 3.95540977749e-09,
        "dmean2": 6.46235953639e-09,
        "dvar": 4.86731204225e-17,
        "dvar2": 1.21656126136e-16,
        "max": 5.49111215167e-29,
        "mean": -1.05773088066e-08,
        "median": -9.29556964735e-09,
        "min": -9.03956873799e-08,
        "var": 6.4622969195e-17
    },
    "spectral_energy": {
        "dmean": 0.0154201360419,
        "dmean2": 0.0250231530517,
        "dvar": 0.000713805377018,
        "dvar2": 0.00177596509457,
        "max": 0.346182405949,
        "mean": 0.0425244420767,
        "median": 0.0377926230431,
        "min": 1.01928886695e-20,
        "var": 0.000983870937489
    },
    "spectral_energyband_high": {
        "dmean": 0.00072482280666,
        "dmean2": 0.00105534971226,
        "dvar": 2.14175770452e-06,
        "dvar2": 4.59065950054e-06,
        "max": 0.0344573967159,
        "mean": 0.00163656275254,
        "median": 0.00100433896296,
        "min": 7.42099351218e-21,
        "var": 5.62772174817e-06
    },
    "spectral_energyband_low": {
        "dmean": 0.01081807632,
        "dmean2": 0.0183282569051,
        "dvar": 0.00056373863481,
        "dvar2": 0.00146101252176,
        "max": 0.328496783972,
        "mean": 0.0209994278848,
        "median": 0.0169948339462,
        "min": 2.65291114081e-23,
        "var": 0.000580753781833
    },
    "spectral_energyband_middle_high": {
        "dmean": 0.00158581649885,
        "dmean2": 0.00234579853714,
        "dvar": 6.85085205987e-06,
        "dvar2": 1.44110545079e-05,
        "max": 0.0389598086476,
        "mean": 0.00519200600684,
        "median": 0.00282456539571,
        "min": 1.34244537075e-21,
        "var": 3.3886932215e-05
    },
    "spectral_energyband_middle_low": {
        "dmean": 0.00706585496664,
        "dmean2": 0.0115750003606,
        "dvar": 0.000124976155348,
        "dvar2": 0.000323396001477,
        "max": 0.129474312067,
        "mean": 0.0161028485745,
        "median": 0.012766007334,
        "min": 2.66028888354e-22,
        "var": 0.000195516768144
    },
    "spectral_entropy": {
        "dmean": 0.194634333253,
        "dmean2": 0.286532133818,
        "dvar": 0.0494724661112,
        "dvar2": 0.0988828167319,
        "max": 9.81453227997,
        "mean": 7.53077840805,
        "median": 7.61334037781,
        "min": 3.96799874306,
        "var": 0.300519138575
    },
    "spectral_flux": {
        "dmean": 0.0328240580857,
        "dmean2": 0.0502535440028,
        "dvar": 0.00174517720006,
        "dvar2": 0.00363848893903,
        "max": 0.509303033352,
        "mean": 0.0981565341353,
        "median": 0.0848834440112,
        "min": 6.38677236098e-11,
        "var": 0.00398226408288
    },
    "spectral_kurtosis": {
        "dmean": 1.42852175236,
        "dmean2": 2.21560382843,
        "dvar": 11.1355381012,
        "dvar2": 29.8845939636,
        "max": 120.699623108,
        "mean": 4.46533250809,
        "median": 3.14544868469,
        "min": -1.23530042171,
        "var": 60.3326644897
    },
    "spectral_rms": {
        "dmean": 0.00103239202872,
        "dmean2": 0.0016306808684,
        "dvar": 1.92027960111e-06,
        "dvar2": 4.44555325885e-06,
        "max": 0.0183776747435,
        "mean": 0.00606918521225,
        "median": 0.00607213750482,
        "min": 3.15345557826e-12,
        "var": 4.65232915303e-06
    },
    "spectral_rolloff": {
        "dmean": 483.865447998,
        "dmean2": 831.049804688,
        "dvar": 1246192.625,
        "dvar2": 2892697.75,
        "max": 19229.1503906,
        "mean": 1188.28686523,
        "median": 667.529296875,
        "min": 64.599609375,
        "var": 2631300.75
    },
    "spectral_skewness": {
        "dmean": 0.217547878623,
        "dmean2": 0.32432064414,
        "dvar": 0.0884694159031,
        "dvar2": 0.198680892587,
        "max": 8.58057689667,
        "mean": 1.71609783173,
        "median": 1.62328982353,
        "min": -0.207582056522,
        "var": 0.526578962803
    },
    "spectral_spread": {
        "dmean": 829609.6875,
        "dmean2": 1185472.75,
        "dvar": 1.09212309914e+12,
        "dvar2": 2.11778967962e+12,
        "max": 41786092,
        "mean": 6664918,
        "median": 6481452,
        "min": 637446.5,
        "var": 4.95562889626e+12
    },
    "spectral_strongpeak": {
        "dmean": 0.388513505459,
        "dmean2": 0.674696862698,
        "dvar": 0.565728843212,
        "dvar2": 1.3897601366,
        "max": 10.6421375275,
        "mean": 0.720539987087,
        "median": 0.461720556021,
        "min": 0,
        "var": 0.829621613026
    },
    "zerocrossingrate": {
        "dmean": 0.0129209198058,
        "dmean2": 0.0153478365391,
        "dvar": 0.000213828956475,
        "dvar2": 0.000270391494269,
        "max": 0.51513671875,
        "mean": 0.0643129199743,
        "median": 0.05810546875,
        "min": 0.00341796875,
        "var": 0.0016906731762
    },
    "barkbands": {
        "dmean": [0.00068681925768, 0.0076609402895, 0.00355491461232, 0.00218740524724, 0.00427041761577, 0.00140726694372, 0.000607404508628, 0.000486961449496, 0.0008253963897, 0.000583169807214, 0.000275220692856, 0.000254902406596, 0.000253918871749, 0.000292150420137, 0.00041144611896, 0.000314136937959, 0.000140162388561, 0.000163767414051, 0.000114317961561, 0.000138856572448, 0.000123649122543, 9.70283290371e-05, 0.000139996802318, 0.000169313585502, 0.000166770056239, 0.000124415077153, 1.59124392667e-05],
        "dmean2": [0.0012309239246, 0.0130544211715, 0.00617962656543, 0.00387977925129, 0.00714832916856, 0.00213222927414, 0.000962604768574, 0.000753588101361, 0.00124925246928, 0.000889646995347, 0.000428236293374, 0.000382498081308, 0.000393712834921, 0.000451322994195, 0.000634850992355, 0.000483325304231, 0.000223393246415, 0.000263362278929, 0.000185838260222, 0.000211627673707, 0.000194243970327, 0.00015794893261, 0.00021411695343, 0.000250179757131, 0.000252095516771, 0.000186566714547, 2.58013369603e-05],
        "dvar": [4.21972163167e-06, 0.00032930879388, 5.67049719393e-05, 2.32370912272e-05, 5.72926328459e-05, 7.57037969379e-06, 1.41344844451e-06, 1.62723597441e-06, 2.81852067019e-06, 1.89083880286e-06, 3.91848601566e-07, 4.6147329158e-07, 4.20778007992e-07, 6.0456858364e-07, 1.13659791623e-06, 5.61372303309e-07, 1.0333171474e-07, 1.28686622247e-07, 6.51248157624e-08, 1.03467897361e-07, 6.07121179996e-08, 1.35188031436e-07, 1.58875565148e-07, 2.42859215405e-07, 1.07387847947e-07, 6.85064662775e-08, 2.04766870127e-09],
        "dvar2": [1.27066850837e-05, 0.00086764676962, 0.000159728122526, 6.5839230956e-05, 0.000148841383634, 1.70148632606e-05, 3.59096452485e-06, 3.69601434613e-06, 6.44507099423e-06, 4.30019827036e-06, 9.10418634703e-07, 1.00803470104e-06, 1.02269052604e-06, 1.32534569275e-06, 2.63279889623e-06, 1.22140681924e-06, 2.37750796828e-07, 3.12808595027e-07, 1.68821955526e-07, 2.29097210536e-07, 1.4953737093e-07, 3.79598020572e-07, 3.53699562083e-07, 5.00004318837e-07, 2.60617298409e-07, 1.45996338574e-07, 5.01230434935e-09],
        "max": [0.027814598754, 0.224604219198, 0.102200776339, 0.0798778682947, 0.0931160971522, 0.0793339908123, 0.0282201971859, 0.0276032239199, 0.0366176813841, 0.0279040168971, 0.0192779395729, 0.0210307892412, 0.0224466212094, 0.019769821316, 0.0211277231574, 0.0184332188219, 0.0103673068807, 0.00861601810902, 0.00768661918119, 0.00980530772358, 0.00504319183528, 0.00915723480284, 0.0119451275095, 0.0165010336787, 0.00753239402547, 0.00829690787941, 0.000873742275871],
        "mean": [0.000672093650792, 0.0123900268227, 0.0066199186258, 0.00272462517023, 0.00665597664192, 0.00289497431368, 0.00111905613448, 0.000819494249299, 0.00173142878339, 0.00108550256118, 0.000472996616736, 0.000485029944684, 0.00046214350732, 0.000544410024304, 0.00076817907393, 0.000580304593313, 0.000248180644121, 0.000274027348496, 0.000226914213272, 0.000298393104458, 0.000231409518165, 0.000141652519233, 0.000229950746871, 0.000331218150677, 0.000312355259666, 0.000188436475582, 1.5739182345e-05],
        "median": [4.28370476584e-05, 0.00839890632778, 0.00380671815947, 0.00137774948962, 0.00405037030578, 0.00160645227879, 0.000641117454506, 0.000252078287303, 0.000493724597618, 0.000228309858358, 0.000125638645841, 0.000138389441418, 0.00016502244398, 0.000149010447785, 0.000199041474843, 0.00020845522522, 0.000137713912409, 0.000113958827569, 0.000109355081804, 0.000103981612483, 0.000103566468169, 4.82892282889e-05, 8.02770955488e-05, 0.000162900338182, 0.000180972274393, 7.3595198046e-05, 2.06201525543e-06],
        "min": [2.79701505435e-25, 8.75208673273e-24, 1.19044652346e-24, 2.01899009044e-24, 1.99847812918e-23, 1.69523415964e-23, 1.6634689398e-23, 2.44914868454e-23, 4.2882188507e-23, 3.84293589978e-23, 3.00153370283e-23, 2.84914849514e-23, 5.76763849493e-23, 3.35110447566e-23, 9.25199293708e-23, 1.07418659349e-22, 9.56020278602e-23, 1.24928758738e-22, 1.98269295936e-22, 1.30527803142e-22, 3.62185049979e-22, 4.74331030878e-22, 3.73146985388e-22, 7.26266445844e-22, 8.80605251793e-22, 1.39028219896e-21, 2.24657932674e-21],
        "var": [4.22263246946e-06, 0.000312286691042, 6.80328012095e-05, 2.03591389436e-05, 7.19593517715e-05, 1.749783587e-05, 2.28639078159e-06, 3.12716861117e-06, 8.78087030287e-06, 4.6136506171e-06, 1.01989826362e-06, 1.29720672248e-06, 9.25608674152e-07, 1.53145310833e-06, 2.77945605376e-06, 1.37828988045e-06, 1.76755847292e-07, 2.28849202699e-07, 1.15684635205e-07, 2.8780002026e-07, 1.23251240325e-07, 1.12809814823e-07, 3.28672541627e-07, 6.42582051569e-07, 2.12120013998e-07, 1.33759812115e-07, 1.99150451685e-09]
    },
    "erbbands": {
        "dmean": [0.25293508172, 1.6997834444, 4.0452542305, 5.44318962097, 11.8220386505, 15.8259801865, 13.3507022858, 10.6616287231, 8.56490135193, 8.37825775146, 12.5696868896, 20.7026920319, 15.3385534286, 15.6642160416, 10.5283174515, 9.57909202576, 11.9711751938, 9.94968700409, 20.390996933, 20.1359844208, 13.6809425354, 7.06571817398, 7.02215099335, 8.19637012482, 4.45543289185, 6.57120466232, 6.6038608551, 3.26487755775, 3.54063248634, 3.53826093674, 4.20955324173, 3.78719210625, 2.82558608055, 2.05036497116, 1.13109123707, 0.551751971245, 0.238651096821, 0.0546256676316, 0.0012441581348, 4.44562028861e-05],
        "dmean2": [0.438807934523, 2.8895072937, 7.04179334641, 9.5505027771, 20.2400875092, 26.5553798676, 20.8381347656, 16.1902370453, 13.7257661819, 12.8691043854, 19.1752719879, 30.997718811, 23.3242015839, 23.8705768585, 16.2002773285, 14.3550596237, 18.4689788818, 15.3781042099, 30.8544654846, 30.6761646271, 20.9549865723, 11.1514701843, 11.1921205521, 13.0542469025, 7.10977125168, 10.0785226822, 10.1204566956, 5.22122716904, 5.83039855957, 5.56633710861, 6.43383693695, 5.600233078, 4.25684404373, 3.10593652725, 1.72107744217, 0.836444735527, 0.360135346651, 0.084738612175, 0.00193181016948, 6.67298590997e-05],
        "dvar": [0.483611255884, 15.1221542358, 76.3709869385, 139.458190918, 620.979003906, 718.036315918, 674.013061523, 527.765014648, 335.638092041, 342.896179199, 931.680969238, 1984.90161133, 1427.48144531, 1363.0949707, 450.675689697, 629.566833496, 974.069458008, 677.739013672, 3069.10668945, 2437.63964844, 1047.99804688, 275.158203125, 226.793533325, 360.560394287, 77.8448791504, 257.497619629, 196.577056885, 62.4932479858, 258.873321533, 99.2239761353, 156.436645508, 138.600265503, 58.3679618835, 17.5938396454, 5.45920181274, 1.19786894321, 0.31148442626, 0.0176424868405, 9.37725690164e-06, 6.66687327566e-09],
        "dvar2": [1.3529484272, 40.7286491394, 216.588424683, 395.159973145, 1657.88317871, 1851.85559082, 1518.99865723, 1237.65148926, 883.909240723, 815.178161621, 2065.32519531, 4533.76171875, 3200.38793945, 3118.21386719, 1067.15075684, 1341.21496582, 2357.72143555, 1505.62463379, 6942.88378906, 5412.88916016, 2305.04077148, 617.054931641, 533.605285645, 879.05267334, 197.317779541, 604.221435547, 439.167144775, 169.159286499, 738.792175293, 248.129776001, 349.404998779, 277.72833252, 129.50680542, 41.6990585327, 13.6729917526, 2.77976727486, 0.646985173225, 0.0406703911722, 2.18672594201e-05, 1.47677345907e-08],
        "max": [6.75882339478, 52.8378372192, 131.627380371, 193.241592407, 345.431671143, 408.071136475, 710.104125977, 867.1640625, 665.970031738, 409.750823975, 755.423461914, 1046.39599609, 744.420776367, 753.081237793, 491.362487793, 892.216003418, 1023.83325195, 821.191589355, 1193.95422363, 1364.10681152, 799.733276367, 578.487426758, 595.723876953, 504.559265137, 256.447723389, 563.376708984, 370.217254639, 295.652923584, 417.340667725, 217.990478516, 404.860168457, 425.511169434, 257.154510498, 107.54599762, 56.9293251038, 29.0319900513, 22.5050582886, 2.58714103699, 0.0530585385859, 0.00160966964904],
        "mean": [0.316691160202, 2.91774272919, 7.62664937973, 8.81297588348, 14.4923915863, 24.5352191925, 26.4386615753, 21.6705474854, 16.0052032471, 15.3093576431, 24.6383609772, 42.7603607178, 28.9297771454, 30.1841621399, 20.6254615784, 19.7432899475, 23.5236530304, 19.6418781281, 43.6004753113, 37.6519813538, 27.6974468231, 13.9053153992, 12.96971035, 15.8545045853, 9.85004329681, 14.5215301514, 14.1061830521, 5.75279903412, 4.99795436859, 5.41574954987, 6.92123222351, 6.918197155, 5.51430177689, 3.90574741364, 1.94574594498, 0.86505818367, 0.343602389097, 0.0657757893205, 0.00149979605339, 9.46136715356e-05],
        "median": [0.162281394005, 2.03092813492, 5.3295674324, 5.85055541992, 6.88865470886, 14.3416872025, 14.7329616547, 11.9044284821, 9.25175094604, 7.89381790161, 10.2159290314, 13.1584615707, 8.93164634705, 10.5322122574, 8.62314987183, 7.28245735168, 8.49963378906, 7.93625164032, 10.3810338974, 13.655960083, 11.4574289322, 7.94298553467, 6.48278713226, 6.8834438324, 5.14068126678, 5.22128677368, 5.36874771118, 2.95737361908, 1.75484514236, 1.79589045048, 2.39675688744, 2.945094347, 2.88137364388, 2.25090360641, 0.973661005497, 0.388361275196, 0.119072437286, 0.0141954831779, 0.000353008508682, 6.62384554744e-05],
        "min": [1.68254855054e-22, 7.3923890371e-22, 1.70210142102e-21, 6.40191467155e-21, 1.01635859579e-20, 6.3461981604e-20, 1.29753980728e-19, 1.95555513448e-19, 2.23256279973e-19, 4.37434821409e-19, 7.85570429212e-19, 8.86307999726e-19, 1.36407428665e-18, 1.28010242638e-18, 1.48386627276e-18, 1.68933855731e-18, 2.84036534276e-18, 2.23127999769e-18, 3.40910578063e-18, 6.50281876063e-18, 6.25603066565e-18, 5.56672120887e-18, 6.39523771811e-18, 9.21253299359e-18, 8.83129702979e-18, 7.92572368341e-18, 1.45745716686e-17, 1.30838408307e-17, 1.655341765e-17, 1.56886979269e-17, 1.21718005863e-17, 1.30969384086e-17, 1.10079351306e-17, 8.87956384571e-18, 6.94899543355e-18, 4.29737616296e-18, 2.68935793847e-18, 1.04811445371e-18, 2.87603331907e-19, 3.25056809886e-20],
        "var": [0.407023727894, 14.1067142487, 79.8733978271, 126.95867157, 568.595703125, 1056.15429688, 1585.74597168, 1020.02215576, 496.582824707, 580.258850098, 2066.42041016, 5687.79492188, 3143.78857422, 2970.28515625, 1214.64025879, 1835.06140137, 2258.65429688, 1452.88745117, 9966.05957031, 4755.99267578, 2907.44042969, 514.053466797, 431.777526855, 667.612121582, 180.951812744, 662.227233887, 533.907409668, 75.3455429077, 184.367340088, 145.386566162, 329.283538818, 352.863616943, 140.200149536, 37.929145813, 9.0481672287, 2.14148163795, 0.613406956196, 0.0228883493692, 1.1599163372e-05, 1.1333508354e-08]
    },
    "gfcc": {
        "mean": [27.8059616089, 78.0790634155, -79.0812988281, 30.0484867096, -53.3634986877, 21.3559417725, -45.9291229248, 16.3049983978, -28.645242691, 7.25831842422, -20.4220180511, -0.141627147794, -8.03657627106],
        "cov": [[9464.55859375, -1030.02612305, -480.029754639, 501.222076416, 97.8917312622, 146.212860107, -239.611038208, 227.862472534, -514.400817871, 10.2340812683, -247.209259033, 59.9459266663, -34.932975769], [-1030.02612305, 940.130065918, 16.0894107819, -112.157928467, 113.64100647, -21.5818214417, 111.13734436, -14.3809270859, 114.96938324, -0.804446339607, 104.007522583, -70.537727356, 54.7122001648], [-480.029754639, 16.0894107819, 1017.84716797, 349.511322021, -11.6749296188, 60.6666374207, 10.2785873413, 9.83847808838, 76.4864578247, -21.4450931549, 5.01396083832, 102.499061584, -84.1276626587], [501.222076416, -112.157928467, 349.511322021, 542.09765625, 57.921875, 61.7045631409, 3.53520560265, 35.6710548401, -6.84766769409, -28.8249454498, 9.24338531494, 48.6183013916, -19.9473972321], [97.8917312622, 113.64100647, -11.6749296188, 57.921875, 257.969787598, 48.3771209717, 62.8043823242, 33.7098388672, -13.2143831253, 24.552772522, 15.2226114273, -7.11965990067, 28.2730998993], [146.212860107, -21.5818214417, 60.6666374207, 61.7045631409, 48.3771209717, 163.512969971, 58.4075279236, -3.6548743248, 8.53335189819, 8.87382698059, 7.60616111755, 1.34027290344, -8.32157611847], [-239.611038208, 111.13734436, 10.2785873413, 3.53520560265, 62.8043823242, 58.4075279236, 161.542617798, 21.9713420868, 30.5748004913, 18.9072132111, 10.7993440628, -13.4560661316, -2.32993388176], [227.862472534, -14.3809270859, 9.83847808838, 35.6710548401, 33.7098388672, -3.6548743248, 21.9713420868, 154.468734741, 10.8566837311, 4.20140171051, -3.04273509979, -20.3841171265, 24.6720066071], [-514.400817871, 114.96938324, 76.4864578247, -6.84766769409, -13.2143831253, 8.53335189819, 30.5748004913, 10.8566837311, 152.889068604, 19.6785373688, 12.7968587875, 6.15354967117, -20.1506099701], [10.2340812683, -0.804446339607, -21.4450931549, -28.8249454498, 24.552772522, 8.87382698059, 18.9072132111, 4.20140171051, 19.6785373688, 86.1444473267, 24.044380188, -0.964474737644, -0.687356591225], [-247.209259033, 104.007522583, 5.01396083832, 9.24338531494, 15.2226114273, 7.60616111755, 10.7993440628, -3.04273509979, 12.7968587875, 24.044380188, 95.7819747925, 11.6517896652, 12.4745941162], [59.9459266663, -70.537727356, 102.499061584, 48.6183013916, -7.11965990067, 1.34027290344, -13.4560661316, -20.3841171265, 6.15354967117, -0.964474737644, 11.6517896652, 96.4081268311, -1.54536771774], [-34.932975769, 54.7122001648, -84.1276626587, -19.9473972321, 28.2730998993, -8.32157611847, -2.32993388176, 24.6720066071, -20.1506099701, -0.687356591225, 12.4745941162, -1.54536771774, 88.0867767334]],
        "icov": [[0.000208576311707, -9.44449784583e-05, 0.000234210310737, -0.000259700347669, 4.75890337839e-05, -0.000367482600268, 0.000389632128645, -0.000510614889208, 0.000711404136382, -0.000429037056165, 0.000624641252216, -0.000479416252347, 0.000472104875371], [-9.44449784583e-05, 0.00217546569183, -0.000565951573662, 0.000632638810202, -0.00100681115873, 0.00115597213153, -0.00129940826446, 0.00129988254048, -0.00195373222232, 0.00167549762409, -0.00259710848331, 0.00236301682889, -0.00177662458736], [0.000234210310737, -0.000565951573662, 0.00190741382539, -0.00121312739793, 0.000380036392016, -0.000841891567688, 0.000665339350235, -0.00105157948565, 0.000551304139663, -0.00055215251632, 0.00120700418483, -0.00221987441182, 0.00201392243616], [-0.000259700347669, 0.000632638810202, -0.00121312739793, 0.00312765990384, -0.000886963156518, -1.90646405827e-05, -0.000392570538679, 0.000192371473531, -0.000804088660516, 0.00177773018368, -0.00172137073241, 0.000524318777025, -0.000644746585749], [4.75890337839e-05, -0.00100681115873, 0.000380036392016, -0.000886963156518, 0.00539090763777, -0.00131281279027, -0.000937110278755, -0.0011281108018, 0.00162965187337, -0.00204775063321, 0.00108408730011, -0.000940602272749, -0.00057003920665], [-0.000367482600268, 0.00115597213153, -0.000841891567688, -1.90646405827e-05, -0.00131281279027, 0.00874410383403, -0.00370312365703, 0.00226090708748, -0.00190414255485, 0.00109753268771, -0.0022724501323, 0.00210917717777, -0.00122407393064], [0.000389632128645, -0.00129940826446, 0.000665339350235, -0.000392570538679, -0.000937110278755, -0.00370312365703, 0.00955462176353, -0.00235639279708, 0.00076217710739, -0.00208008754998, 0.00198145117611, -0.0011579716811, 0.00222900905646], [-0.000510614889208, 0.00129988254048, -0.00105157948565, 0.000192371473531, -0.0011281108018, 0.00226090708748, -0.00235639279708, 0.00944603607059, -0.00335906120017, 0.0013415098656, -0.00194279709831, 0.00423347717151, -0.00451153889298], [0.000711404136382, -0.00195373222232, 0.000551304139663, -0.000804088660516, 0.00162965187337, -0.00190414255485, 0.00076217710739, -0.00335906120017, 0.0113720297813, -0.00396934524179, 0.0030753670726, -0.00357987382449, 0.00417024595663], [-0.000429037056165, 0.00167549762409, -0.00055215251632, 0.00177773018368, -0.00204775063321, 0.00109753268771, -0.00208008754998, 0.0013415098656, -0.00396934524179, 0.0156170809641, -0.00608832715079, 0.00214115506969, -0.000891786534339], [0.000624641252216, -0.00259710848331, 0.00120700418483, -0.00172137073241, 0.00108408730011, -0.0022724501323, 0.00198145117611, -0.00194279709831, 0.0030753670726, -0.00608832715079, 0.0162972118706, -0.00493847299367, 0.000919104495551], [-0.000479416252347, 0.00236301682889, -0.00221987441182, 0.000524318777025, -0.000940602272749, 0.00210917717777, -0.0011579716811, 0.00423347717151, -0.00357987382449, 0.00214115506969, -0.00493847299367, 0.015909479931, -0.00419815303758], [0.000472104875371, -0.00177662458736, 0.00201392243616, -0.000644746585749, -0.00057003920665, -0.00122407393064, 0.00222900905646, -0.00451153889298, 0.00417024595663, -0.000891786534339, 0.000919104495551, -0.00419815303758, 0.0165536794811]]
    },
    "melbands": {
        "dmean": [0.00215042079799, 0.00208029220812, 0.00107981206384, 0.00102978537325, 0.000482454226585, 0.000238609092776, 0.000127612423967, 9.13965996006e-05, 0.000113204303489, 0.000123395599076, 7.87879325799e-05, 6.99975498719e-05, 4.04459315178e-05, 3.02842690871e-05, 2.92953900498e-05, 2.02945011551e-05, 2.0531755581e-05, 3.62646751455e-05, 2.65257440333e-05, 2.70465134236e-05, 1.58646507771e-05, 7.97221855464e-06, 7.00558348399e-06, 8.64861158334e-06, 7.14005636837e-06, 3.90805598727e-06, 3.31843352797e-06, 4.92164508614e-06, 5.26202939e-06, 2.58511454376e-06, 1.87361786175e-06, 2.08643814403e-06, 1.98612019631e-06, 2.0852421585e-06, 2.44643456426e-06, 2.64800542027e-06, 2.38855545831e-06, 2.03946115107e-06, 2.08978849514e-06, 1.74744502601e-06],
        "dmean2": [0.00368947489187, 0.00360396155156, 0.00187660718802, 0.00173946341965, 0.000764975964557, 0.000360011006705, 0.000203977091587, 0.000140737189213, 0.000171421357663, 0.000186147241038, 0.000120000891911, 0.000106365660031, 6.26452238066e-05, 4.49231010862e-05, 4.52215899713e-05, 3.14404751407e-05, 3.18682978104e-05, 5.48921889276e-05, 4.03167796321e-05, 4.11792025261e-05, 2.46266099566e-05, 1.2879746464e-05, 1.14368849609e-05, 1.38291679832e-05, 1.14978302008e-05, 6.32669025435e-06, 5.23132121089e-06, 7.63169828133e-06, 8.05237141321e-06, 4.10432130593e-06, 3.04782611238e-06, 3.49010247191e-06, 3.23605740959e-06, 3.30691591444e-06, 3.81134509553e-06, 4.03410467698e-06, 3.61336628885e-06, 3.12323891194e-06, 3.22022492583e-06, 2.6821087431e-06],
        "dvar": [2.92568711302e-05, 2.06215827347e-05, 4.96446773468e-06, 3.5955858948e-06, 7.09842254309e-07, 2.4364140927e-07, 7.1858110573e-08, 4.19222985215e-08, 6.02044067932e-08, 7.29824236601e-08, 3.82631206719e-08, 2.732631188e-08, 7.3216823715e-09, 7.09070580029e-09, 5.43753087001e-09, 3.31645733098e-09, 3.32173533124e-09, 9.47241129978e-09, 4.25236557078e-09, 4.78342432331e-09, 1.43381184703e-09, 4.01346039736e-10, 2.66940081151e-10, 3.76829123461e-10, 3.08146147487e-10, 6.18577897238e-11, 4.71842218075e-11, 1.48663581445e-10, 1.48738243944e-10, 2.86567505836e-11, 2.57116845176e-11, 9.42157393768e-11, 4.42206792017e-11, 3.57860234501e-11, 5.92875123995e-11, 5.59878358952e-11, 5.89490470326e-11, 3.5274165533e-11, 2.01422697965e-11, 1.25309831955e-11],
        "dvar2": [7.85597439972e-05, 5.72442368139e-05, 1.38649365908e-05, 9.3968847068e-06, 1.64949221926e-06, 5.64360504995e-07, 1.88271201296e-07, 1.0048119492e-07, 1.33556767423e-07, 1.68368217146e-07, 8.53299724213e-08, 6.23826750257e-08, 1.70775642516e-08, 1.42562637251e-08, 1.31454696017e-08, 8.54476223111e-09, 7.3237567122e-09, 2.11397761518e-08, 9.10676956067e-09, 9.8973105267e-09, 3.16501247433e-09, 9.38707556131e-10, 6.56737830784e-10, 9.1700658178e-10, 7.60230767227e-10, 1.57241761278e-10, 1.16235680803e-10, 3.48523654381e-10, 3.40725808678e-10, 6.75684300178e-11, 7.09881320393e-11, 2.69685801468e-10, 1.21420346e-10, 8.92197010716e-11, 1.40703365625e-10, 1.1298988134e-10, 1.25715743371e-10, 8.16124667846e-11, 4.59085963689e-11, 3.07391299914e-11],
        "max": [0.0618073903024, 0.0702546611428, 0.0362482443452, 0.0246052108705, 0.021122822538, 0.0185561738908, 0.00916956644505, 0.00440674088895, 0.00556999724358, 0.00647486979142, 0.00371870188974, 0.00351577741094, 0.00224191322923, 0.00274716573767, 0.00323636620305, 0.00252296379767, 0.00185872521251, 0.00198497599922, 0.00161243975163, 0.00141421612352, 0.000871772645041, 0.00083149241982, 0.000594435376115, 0.000501365750097, 0.000512106402311, 0.000209026620723, 0.000219398803893, 0.000414924608776, 0.00038189420593, 0.000124734273413, 0.000211638252949, 0.000261504959781, 0.000161270305398, 0.000137619877933, 0.000290326803224, 0.000242688576691, 0.000276584847597, 0.000193922343897, 0.000131016902742, 9.94225410977e-05],
        "mean": [0.00318250665441, 0.00409284140915, 0.00168441270944, 0.00146135140676, 0.000974877504632, 0.000493479834404, 0.00023659451108, 0.000162032869412, 0.000232837599469, 0.000247369433055, 0.000144359320984, 0.000132406974444, 7.42835836718e-05, 5.37571650057e-05, 5.95531382714e-05, 3.74486771761e-05, 3.64478582924e-05, 7.33449487598e-05, 4.82104551338e-05, 4.74379194202e-05, 2.89454710583e-05, 1.40176462082e-05, 1.11045037556e-05, 1.42379794852e-05, 1.28488418341e-05, 7.84376334195e-06, 6.8107815423e-06, 1.02200783658e-05, 1.06735988084e-05, 4.63624110125e-06, 2.86306135422e-06, 2.75719571619e-06, 2.77862932307e-06, 3.08657968162e-06, 3.79154471375e-06, 4.35573338109e-06, 4.18374293076e-06, 3.7135673665e-06, 3.8653847696e-06, 3.13564714816e-06],
        "median": [0.0020045763813, 0.00331849977374, 0.00111815729178, 0.000826156116091, 0.000605200999416, 0.000277644488961, 0.000139850366395, 8.13238875708e-05, 9.19053927646e-05, 6.7840795964e-05, 3.23225540342e-05, 4.01035213144e-05, 2.47185125772e-05, 1.49889519889e-05, 1.87960376934e-05, 1.56497226271e-05, 1.25763672258e-05, 1.51732710947e-05, 1.43831712194e-05, 1.56090118253e-05, 1.10854643935e-05, 7.61368846725e-06, 5.4039578572e-06, 5.50907134311e-06, 5.2260661505e-06, 3.84338136428e-06, 2.99981775242e-06, 3.36975517712e-06, 3.43309261552e-06, 2.07256380236e-06, 1.29165243834e-06, 9.27254632188e-07, 8.61982812239e-07, 9.90938360701e-07, 1.2368075204e-06, 1.57653994393e-06, 1.77384822564e-06, 1.79164271685e-06, 2.09817198993e-06, 1.7218657149e-06],
        "min": [2.98577502296e-24, 6.43504063622e-25, 1.20391149164e-24, 2.1543329838e-24, 4.81890277881e-24, 3.89128873454e-24, 3.87386121942e-24, 4.83839119304e-24, 6.59631368336e-24, 5.44611937923e-24, 6.69743934052e-24, 4.38814962025e-24, 4.59347078679e-24, 3.69903307675e-24, 7.12122488513e-24, 5.18970921389e-24, 3.4463751283e-24, 4.82905502423e-24, 7.22756885718e-24, 6.64312784492e-24, 6.63861792712e-24, 4.61015756151e-24, 3.38314122143e-24, 5.749554332e-24, 7.58848692082e-24, 6.77505220954e-24, 5.92504393454e-24, 4.47439696631e-24, 9.61870960169e-24, 6.40647312322e-24, 6.78617278172e-24, 8.14569251033e-24, 9.75553042595e-24, 6.00704760336e-24, 6.23219284445e-24, 7.01159215197e-24, 8.3484715726e-24, 6.9166148767e-24, 8.00295049612e-24, 7.80195268177e-24],
        "var": [2.66738716164e-05, 1.96809778572e-05, 4.50619154435e-06, 4.16109378421e-06, 1.66549841651e-06, 5.06825756474e-07, 1.0402860795e-07, 6.72044890848e-08, 1.51644854895e-07, 1.92341232719e-07, 8.79730563952e-08, 6.16442790147e-08, 2.04726244846e-08, 1.93231297629e-08, 1.46264982348e-08, 5.24473975361e-09, 6.65378152576e-09, 2.96868449823e-08, 9.52927159403e-09, 1.04512052346e-08, 3.67628172349e-09, 6.16742046322e-10, 4.11317729876e-10, 6.6444011404e-10, 5.07573705288e-10, 1.27135912908e-10, 1.18696649731e-10, 3.63141738902e-10, 3.78537284851e-10, 5.53820947435e-11, 2.5878696755e-11, 6.42830719211e-11, 4.25197758946e-11, 5.20987281094e-11, 1.07077624545e-10, 1.35123925937e-10, 1.36641462034e-10, 7.39218131152e-11, 4.85234526171e-11, 2.40825102915e-11]
    },
    "mfcc": {
        "mean": [-628.298217773, 115.950424194, 29.644153595, 18.0368919373, 18.422504425, 2.27370095253, 4.82500505447, -1.20377004147, 3.79535102844, 5.19736242294, -6.0941619873, -0.900458157063, -2.29361414909],
        "cov": [[7115.20849609, -997.473388672, -608.50189209, 225.399200439, 220.3487854, -82.9286956787, 266.937316895, -18.7441596985, -20.3017635345, -7.81618642807, -178.567306519, -135.106658936, -197.977996826], [-997.473388672, 951.06427002, -47.6884231567, -84.5565719604, 1.27015554905, -2.5081384182, 41.3380813599, -31.7527694702, 43.331653595, 39.0618400574, 40.4901618958, 49.2401809692, 43.3525657654], [-608.50189209, -47.6884231567, 893.57244873, 245.227111816, 96.6953659058, 102.800315857, -78.4319534302, 125.595230103, -15.3713092804, -64.3026351929, 62.8048744202, 67.4186172485, 23.1746292114], [225.399200439, -84.5565719604, 245.227111816, 400.72857666, 144.059631348, 40.1137390137, 44.3390197754, 76.4329833984, 18.6476821899, -31.590013504, 8.44316101074, 35.3157501221, 7.0127120018], [220.3487854, 1.27015554905, 96.6953659058, 144.059631348, 216.870925903, 16.1954154968, 51.8062515259, 33.4761695862, 17.598077774, -1.74770617485, -13.7144002914, 27.5969619751, 2.04399704933], [-82.9286956787, -2.5081384182, 102.800315857, 40.1137390137, 16.1954154968, 231.274154663, 11.7121610641, 45.5509719849, -8.60884952545, -10.4460697174, 50.9992179871, -4.65399694443, 15.3541965485], [266.937316895, 41.3380813599, -78.4319534302, 44.3390197754, 51.8062515259, 11.7121610641, 197.859344482, 7.05323839188, 20.395614624, 35.7579879761, -21.3165283203, -1.80341804028, -12.976307869], [-18.7441596985, -31.7527694702, 125.595230103, 76.4329833984, 33.4761695862, 45.5509719849, 7.05323839188, 128.50894165, 27.7421131134, -1.12125325203, 17.875623703, 4.83660507202, 16.0109939575], [-20.3017635345, 43.331653595, -15.3713092804, 18.6476821899, 17.598077774, -8.60884952545, 20.395614624, 27.7421131134, 108.778862, 41.6781463623, 3.03063201904, 1.51509773731, -0.482119679451], [-7.81618642807, 39.0618400574, -64.3026351929, -31.590013504, -1.74770617485, -10.4460697174, 35.7579879761, -1.12125325203, 41.6781463623, 120.60358429, 18.5375137329, -4.25042819977, 1.49951457977], [-178.567306519, 40.4901618958, 62.8048744202, 8.44316101074, -13.7144002914, 50.9992179871, -21.3165283203, 17.875623703, 3.03063201904, 18.5375137329, 97.7939987183, 31.7948608398, 20.2182807922], [-135.106658936, 49.2401809692, 67.4186172485, 35.3157501221, 27.5969619751, -4.65399694443, -1.80341804028, 4.83660507202, 1.51509773731, -4.25042819977, 31.7948608398, 96.9354629517, 27.0616321564], [-197.977996826, 43.3525657654, 23.1746292114, 7.0127120018, 2.04399704933, 15.3541965485, -12.976307869, 16.0109939575, -0.482119679451, 1.49951457977, 20.2182807922, 27.0616321564, 76.9607772827]],
