{
"lowlevel": {
    "average_loudness": 0.676284492016,
    "barkbands_crest": {
        "dmean": 2.33386445045,
        "dmean2": 3.77853798866,
        "dvar": 4.37851428986,
        "dvar2": 11.9467201233,
        "max": 25.2411251068,
        "mean": 11.0086202621,
        "median": 10.3744516373,
        "min": 2.69986748695,
        "var": 16.0291881561
    },
    "barkbands_flatness_db": {
        "dmean": 0.0225607417524,
        "dmean2": 0.0334702394903,
        "dvar": 0.000494526117109,
        "dvar2": 0.00106566667091,
        "max": 0.505787730217,
        "mean": 0.199918851256,
        "median": 0.194808930159,
        "min": 0.0215266942978,
        "var": 0.00428731134161
    },
    "barkbands_kurtosis": {
        "dmean": 3.63516187668,
        "dmean2": 5.64836883545,
        "dvar": 31.0740509033,
        "dvar2": 72.7116699219,
        "max": 243.74458313,
        "mean": 8.91471767426,
        "median": 5.32883644104,
        "min": -1.87040615082,
        "var": 211.644363403
    },
    "barkbands_skewness": {
        "dmean": 0.504692196846,
        "dmean2": 0.776254534721,
        "dvar": 0.246708080173,
        "dvar2": 0.57732373476,
        "max": 14.5493221283,
        "mean": 1.91990435123,
        "median": 1.748898983,
        "min": -2.03055167198,
        "var": 1.7467366457
    },
    "barkbands_spread": {
        "dmean": 2.79489779472,
        "dmean2": 4.3299407959,
        "dvar": 16.9686279297,
        "dvar2": 36.3960609436,
        "max": 113.738822937,
        "mean": 10.4389104843,
        "median": 8.41958427429,
        "min": 0.545546293259,
        "var": 65.8608779907
    },
    "dissonance": {
        "dmean": 0.025340737775,
        "dmean2": 0.0420883148909,
        "dvar": 0.000530543620698,
        "dvar2": 0.00142522063106,
        "max": 0.499999850988,
        "mean": 0.434754937887,
        "median": 0.44546097517,
        "min": 0.14933283627,
        "var": 0.0019727004692
    },
    "dynamic_complexity": 4.47641038895,
    "erbbands_crest": {
        "dmean": 2.6213555336,
        "dmean2": 4.03574371338,
        "dvar": 6.09900617599,
        "dvar2": 13.7586708069,
        "max": 31.3453273773,
        "mean": 11.7013731003,
        "median": 10.4469137192,
        "min": 2.22753596306,
        "var": 27.2243270874
    },
    "erbbands_flatness_db": {
        "dmean": 0.0178346578032,
        "dmean2": 0.0251093357801,
        "dvar": 0.000330139999278,
        "dvar2": 0.000630356720649,
        "max": 0.474054187536,
        "mean": 0.204204902053,
        "median": 0.192574262619,
        "min": 0.0256289187819,
        "var": 0.00396576616913
    },
    "erbbands_kurtosis": {
        "dmean": 1.56480705738,
        "dmean2": 2.34388518333,
        "dvar": 6.36125278473,
        "dvar2": 13.1365013123,
        "max": 67.5916900635,
        "mean": 2.66982030869,
        "median": 1.10137248039,
        "min": -1.76306509972,
        "var": 27.4348545074
    },
    "erbbands_skewness": {
        "dmean": 0.376907348633,
        "dmean2": 0.564030528069,
        "dvar": 0.130031332374,
        "dvar2": 0.280533194542,
        "max": 7.00925636292,
        "mean": 1.0365922451,
        "median": 0.903801202774,
        "min": -3.03444957733,
        "var": 0.948286116123
    },
    "erbbands_spread": {
        "dmean": 5.45124387741,
        "dmean2": 8.21964550018,
        "dvar": 42.9046630859,
        "dvar2": 87.4909362793,
        "max": 148.019973755,
        "mean": 25.8121395111,
        "median": 23.6969165802,
        "min": 1.1645539999,
        "var": 227.470596313
    },
    "hfc": {
        "dmean": 3.51489806175,
        "dmean2": 4.92101144791,
        "dvar": 47.6309242249,
        "dvar2": 98.4063873291,
        "max": 195.761550903,
        "mean": 10.5971012115,
        "median": 6.164311409,
        "min": 1.06430814788e-16,
        "var": 161.828689575
    },
    "melbands_crest": {
        "dmean": 3.56591415405,
        "dmean2": 5.84810876846,
        "dvar": 13.1029777527,
        "dvar2": 34.5040969849,
        "max": 36.3519477844,
        "mean": 15.5762310028,
        "median": 14.4014997482,
        "min": 1.86340594292,
        "var": 34.9972610474
    },
    "melbands_flatness_db": {
        "dmean": 0.0253368057311,
        "dmean2": 0.0378644578159,
        "dvar": 0.000660763587803,
        "dvar2": 0.00143689312972,
        "max": 0.607994794846,
        "mean": 0.285531193018,
        "median": 0.28159058094,
        "min": 0.00427843024954,
        "var": 0.00582868698984
    },
    "melbands_kurtosis": {
        "dmean": 5.66199064255,
        "dmean2": 8.68460464478,
        "dvar": 92.4686737061,
        "dvar2": 194.757232666,
        "max": 836.659729004,
        "mean": 14.5180749893,
        "median": 8.44292640686,
        "min": -1.59726727009,
        "var": 866.786010742
    },
    "melbands_skewness": {
        "dmean": 0.591193675995,
        "dmean2": 0.896273434162,
        "dvar": 0.358051121235,
        "dvar2": 0.810787022114,
        "max": 22.2429637909,
        "mean": 2.33766627312,
        "median": 2.09810209274,
        "min": -1.23177862167,
        "var": 2.61894059181
    },
    "melbands_spread": {
        "dmean": 3.08770751953,
        "dmean2": 4.78720331192,
        "dvar": 18.8509464264,
        "dvar2": 41.266658783,
        "max": 156.173843384,
        "mean": 11.8333015442,
        "median": 9.22986602783,
        "min": 0.535839259624,
        "var": 112.618270874
    },
    "pitch_salience": {
        "dmean": 0.0728307142854,
        "dmean2": 0.119173027575,
        "dvar": 0.00462041050196,
        "dvar2": 0.011870724149,
        "max": 0.940341889858,
        "mean": 0.548575878143,
        "median": 0.558626413345,
        "min": 0.114052191377,
        "var": 0.0135961296037
    },
    "silence_rate_20dB": {
        "dmean": 0,
        "dmean2": 0,
        "dvar": 0,
        "dvar2": 0,
        "max": 1,
        "mean": 1,
        "median": 1,
        "min": 1,
        "var": 0
    },
    "silence_rate_30dB": {
        "dmean": 0.00747692072764,
        "dmean2": 0.0149549823254,
        "dvar": 0.00742057291791,
        "dvar2": 0.0182420518249,
        "max": 1,
        "mean": 0.993820548058,
        "median": 1,
        "min": 0,
        "var": 0.0061412146315
    },
    "silence_rate_60dB": {
        "dmean": 0.0169375147671,
        "dmean2": 0.0338776148856,
        "dvar": 0.0166533701122,
        "dvar2": 0.0383860319853,
        "max": 1,
        "mean": 0.153494045138,
        "median": 0,
        "min": 0,
        "var": 0.129931211472
    },
    "spectral_centroid": {
        "dmean": 126.638305664,
        "dmean2": 196.359924316,
        "dvar": 43917.6835938,
        "dvar2": 91276.5234375,
        "max": 11568.4003906,
        "mean": 730.23034668,
        "median": 626.928771973,
        "min": 212.085952759,
        "var": 374963.84375
    },
    "spectral_complexity": {
        "dmean": 2.19363689423,
        "dmean2": 3.34304904938,
        "dvar": 9.03099918365,
        "dvar2": 18.1690883636,
        "max": 47,
        "mean": 11.2342844009,
        "median": 10,
        "min": 0,
        "var": 36.8271179199
    },
    "spectral_decrease": {
        "dmean": 2.22972418307e-09,
        "dmean2": 3.33248584283e-09,
        "dvar": 1.21046508914e-17,
        "dvar2": 2.35053793533e-17,
        "max": 1.76040109128e-24,
        "mean": -6.28326279895e-09,
        "median": -4.43630376878e-09,
        "min": -4.58994549035e-08,
        "var": 3.63903419765e-17
    },
    "spectral_energy": {
        "dmean": 0.00866862758994,
        "dmean2": 0.0129292588681,
        "dvar": 0.000182256364496,
        "dvar2": 0.000352270813892,
        "max": 0.177789360285,
        "mean": 0.0246757529676,
        "median": 0.017451396212,
        "min": 1.00726889868e-20,
        "var": 0.000559334119316
    },
    "spectral_energyband_high": {
        "dmean": 7.15513160685e-05,
        "dmean2": 0.000106902843982,
        "dvar": 5.30982617875e-08,
        "dvar2": 1.20058516018e-07,
        "max": 0.00744945881888,
        "mean": 0.000121705103084,
        "median": 3.14826756949e-05,
        "min": 7.02448157749e-21,
        "var": 1.16298522812e-07
    },
    "spectral_energyband_low": {
        "dmean": 0.00457946863025,
        "dmean2": 0.00702668214217,
        "dvar": 9.31327231228e-05,
        "dvar2": 0.000202866693144,
        "max": 0.131796836853,
        "mean": 0.00793138798326,
        "median": 0.00478046759963,
        "min": 1.4917749415e-23,
        "var": 0.000136022092192
    },
    "spectral_energyband_middle_high": {
        "dmean": 0.00118283776101,
        "dmean2": 0.00169025361538,
        "dvar": 9.29463294597e-06,
        "dvar2": 1.96969085664e-05,
        "max": 0.0810399129987,
        "mean": 0.002723620506,
        "median": 0.00100854900666,
        "min": 1.22255638559e-21,
        "var": 2.31349113164e-05
    },
    "spectral_energyband_middle_low": {
        "dmean": 0.00495875021443,
        "dmean2": 0.00747449090704,
        "dvar": 6.15979952272e-05,
        "dvar2": 0.000132243556436,
        "max": 0.161227568984,
        "mean": 0.0151836238801,
        "median": 0.00943049415946,
        "min": 1.79116889117e-22,
        "var": 0.000270094431471
    },
    "spectral_entropy": {
        "dmean": 0.187008738518,
        "dmean2": 0.271865904331,
        "dvar": 0.0394476763904,
        "dvar2": 0.0792786702514,
        "max": 9.81239700317,
        "mean": 6.91932106018,
        "median": 6.95271205902,
        "min": 4.39126491547,
        "var": 0.342297226191
    },
    "spectral_flux": {
        "dmean": 0.0231731887907,
        "dmean2": 0.0371465533972,
        "dvar": 0.00094574294053,
        "dvar2": 0.00208539981395,
        "max": 0.333550482988,
        "mean": 0.0633387714624,
        "median": 0.0506895370781,
        "min": 6.47045472757e-11,
        "var": 0.00235297507606
    },
    "spectral_kurtosis": {
        "dmean": 3.91396713257,
        "dmean2": 6.62230491638,
        "dvar": 40.1359786987,
        "dvar2": 111.513069153,
        "max": 204.567596436,
        "mean": 10.6251010895,
        "median": 7.51886987686,
        "min": -1.24019217491,
        "var": 164.897796631
    },
    "spectral_rms": {
        "dmean": 0.000757310539484,
        "dmean2": 0.00112040725071,
        "dvar": 9.73222881839e-07,
        "dvar2": 1.79835944891e-06,
        "max": 0.0131701566279,
        "mean": 0.004333013203,
        "median": 0.0041262274608,
        "min": 3.13480686721e-12,
        "var": 5.29883800482e-06
    },
    "spectral_rolloff": {
        "dmean": 177.549819946,
        "dmean2": 302.4347229,
        "dvar": 194044.578125,
        "dvar2": 411336.375,
        "max": 19616.7480469,
        "mean": 748.575073242,
        "median": 581.396484375,
        "min": 64.599609375,
        "var": 1426685.375
    },
    "spectral_skewness": {
        "dmean": 0.361681073904,
        "dmean2": 0.597438275814,
        "dvar": 0.187931343913,
        "dvar2": 0.51881057024,
        "max": 11.0394926071,
        "mean": 2.28558588028,
        "median": 2.12971162796,
        "min": -0.0441937185824,
        "var": 0.845700383186
    },
    "spectral_spread": {
        "dmean": 478445.1875,
        "dmean2": 731274.375,
        "dvar": 720719314944,
        "dvar2": 1.53121102234e+12,
        "max": 41993352,
        "mean": 3546293.25,
        "median": 3272223,
        "min": 528453.75,
        "var": 4.87350861824e+12
    },
    "spectral_strongpeak": {
        "dmean": 0.404174715281,
        "dmean2": 0.663386523724,
        "dvar": 0.72236841917,
        "dvar2": 1.87357282639,
        "max": 24.2503108978,
        "mean": 0.89825630188,
        "median": 0.458419829607,
        "min": 0,
        "var": 1.48769700527
    },
    "zerocrossingrate": {
        "dmean": 0.0053903539665,
        "dmean2": 0.00667048199102,
        "dvar": 5.0916649343e-05,
        "dvar2": 6.18381527602e-05,
        "max": 0.53564453125,
        "mean": 0.0323372334242,
        "median": 0.02734375,
        "min": 0.0029296875,
        "var": 0.00103789137211
    },
    "barkbands": {
        "dmean": [0.00133687397465, 0.00308954552747, 0.000782249553595, 0.00153308757581, 0.0016414305428, 0.00130468932912, 0.00087088503642, 0.00113695429172, 0.00052595831221, 0.000334489246598, 0.00033505630563, 0.000289413466817, 0.000113785681606, 0.000193248037249, 0.000200972470338, 0.000124716607388, 5.97346697759e-05, 8.66524496814e-05, 4.14764799643e-05, 2.49362510658e-05, 1.33220974021e-05, 1.59961928148e-05, 1.37266206366e-05, 1.00936385934e-05, 8.7163216449e-06, 6.12070516581e-06, 6.13594750121e-07],
        "dmean2": [0.00226782611571, 0.00478965044022, 0.00140742503572, 0.0024370176252, 0.00271597248502, 0.00192975602113, 0.0012765241554, 0.00160828873049, 0.000758157984819, 0.000501792645082, 0.000506691925693, 0.000444048520876, 0.000171464402229, 0.000300209241686, 0.000319077516906, 0.000183394964552, 9.37571385293e-05, 0.000146389007568, 6.54336326988e-05, 4.05650716857e-05, 2.09191111935e-05, 2.51685614785e-05, 2.00677095563e-05, 1.51315616677e-05, 1.37555634865e-05, 1.00911593108e-05, 1.06405911993e-06],
        "dvar": [1.3235858205e-05, 4.43665376224e-05, 4.66099754703e-06, 9.06322475203e-06, 1.01521418401e-05, 1.07433406811e-05, 4.63381911686e-06, 1.14039457912e-05, 1.83098018169e-06, 6.11295092767e-07, 1.07035805286e-06, 1.86160229987e-06, 1.4628024303e-07, 5.77416244596e-07, 4.70714951462e-07, 9.12532357233e-07, 1.08407789412e-07, 7.69029639969e-08, 1.26904451392e-08, 7.63418395167e-09, 1.88296422898e-09, 2.20191687106e-09, 3.01635272315e-09, 2.12031925351e-09, 1.29581712027e-09, 7.39255101578e-10, 8.11643287302e-12],
        "dvar2": [3.33331045113e-05, 0.00010370023665, 1.34280344355e-05, 2.17583237827e-05, 2.44714919972e-05, 1.82876156032e-05, 9.46999080043e-06, 2.25869753194e-05, 3.81471500077e-06, 1.34243362027e-06, 2.46820036409e-06, 4.50123343398e-06, 3.17786259529e-07, 1.30911337237e-06, 1.12215514037e-06, 1.7189134951e-06, 2.11119200344e-07, 2.03890380135e-07, 2.83911738563e-08, 1.97570866334e-08, 4.78698281015e-09, 5.37832400838e-09, 5.06630692954e-09, 4.02710442771e-09, 3.21497140021e-09, 1.98358263148e-09, 2.25941852033e-11],
        "max": [0.0309747830033, 0.0932072475553, 0.0309407636523, 0.0491981320083, 0.124717198312, 0.130195170641, 0.0490943752229, 0.0900820493698, 0.0360929146409, 0.0298750270158, 0.0534918233752, 0.0431267283857, 0.0144649976864, 0.0355486534536, 0.022618683055, 0.0769703686237, 0.0223832596093, 0.00905233994126, 0.00390836969018, 0.00344010349363, 0.00186304387171, 0.00162240210921, 0.00293790875003, 0.00201882282272, 0.00113483949099, 0.000806243217085, 7.33275082894e-05],
        "mean": [0.00131832947955, 0.00429959595203, 0.00117582862731, 0.0035597726237, 0.00312523194589, 0.00313199940138, 0.00161060167011, 0.00253460044041, 0.000916173565201, 0.000637987744994, 0.000528652220964, 0.000357169628842, 0.000183958865819, 0.000321328465361, 0.000308012211462, 0.000230650563026, 0.000101577643363, 0.000117487259558, 7.27626538719e-05, 3.99571435992e-05, 2.16547105083e-05, 2.39928685914e-05, 2.40033314185e-05, 1.64321063494e-05, 1.12822717711e-05, 6.17471596343e-06, 4.90553532018e-07],
        "median": [0.000185075652553, 0.00191743089817, 0.000453626678791, 0.000788927893154, 0.0018675304018, 0.00112829473801, 0.000327497604303, 0.000466480589239, 0.000168618455064, 0.000221349415369, 0.000121823613881, 7.42857955629e-05, 4.72084866487e-05, 5.10805912199e-05, 2.94690034934e-05, 3.63199615094e-05, 2.40020599449e-05, 3.43220672221e-05, 2.8471038604e-05, 1.49964234879e-05, 7.26834832676e-06, 5.70275506107e-06, 4.00620047003e-06, 2.66367464974e-06, 1.79615517482e-06, 5.37750679541e-07, 2.29270664676e-08],
        "min": [1.00888279055e-24, 6.72459498971e-25, 1.63028242927e-24, 2.67432800441e-24, 1.40502059454e-23, 6.18355286432e-24, 8.6562290887e-24, 1.44211914519e-23, 2.78030902156e-23, 2.10508447637e-23, 1.92228331652e-23, 2.4733334244e-23, 1.598410161e-23, 4.40510216222e-23, 4.88547459283e-23, 6.41971912334e-23, 5.05607996308e-23, 1.31022715542e-22, 1.42346353141e-22, 2.39642866848e-22, 2.88322955816e-22, 3.11368195565e-22, 3.65456588682e-22, 5.6621144018e-22, 8.48458399977e-22, 1.2840925849e-21, 1.99546316591e-21],
        "var": [1.20733329823e-05, 5.63839676033e-05, 4.25235612056e-06, 3.96192990593e-05, 2.2461732442e-05, 6.78459618939e-05, 1.29298650791e-05, 4.30266009062e-05, 5.09777009938e-06, 1.6547684254e-06, 2.11866199606e-06, 1.78007508111e-06, 3.01129176705e-07, 1.68910423781e-06, 1.00093063793e-06, 2.4879097964e-06, 2.00756943514e-07, 9.12994195801e-08, 2.81375847067e-08, 9.15963838111e-09, 2.74510125742e-09, 3.81846954056e-09, 9.56605461511e-09, 6.38013375465e-09, 1.99619676344e-09, 7.41715078245e-10, 5.66727611021e-12]
    },
    "erbbands": {
        "dmean": [0.195804357529, 0.33708974719, 0.762689888477, 2.86497402191, 5.65922689438, 5.28699493408, 9.58916473389, 10.6010541916, 12.5228443146, 19.1066303253, 20.9022846222, 13.0065078735, 11.6827993393, 9.75474452972, 14.8833255768, 8.46019077301, 5.07435846329, 9.9677400589, 9.13479042053, 7.23321247101, 7.43267011642, 3.00271558762, 4.59015035629, 2.78933739662, 1.90242493153, 1.11736774445, 0.706479310989, 0.478988409042, 0.592053055763, 0.47448566556, 0.396256744862, 0.241989180446, 0.156162112951, 0.103577770293, 0.0585492141545, 0.0258916430175, 0.0113555127755, 0.00265612383373, 6.07545043749e-05, 1.02739850263e-05],
        "dmean2": [0.311381131411, 0.561848700047, 1.36988282204, 4.68215084076, 9.36900615692, 8.80589675903, 14.6237640381, 16.0284996033, 18.298494339, 28.0774688721, 29.0756778717, 18.3956546783, 17.4353561401, 14.5726881027, 21.9198074341, 13.1509695053, 7.51324939728, 15.1536664963, 14.449174881, 11.2192363739, 10.67993927, 4.56224107742, 7.63798141479, 4.55315303802, 2.9931499958, 1.80169332027, 1.13824427128, 0.737329185009, 0.938295066357, 0.732896387577, 0.598969936371, 0.354129314423, 0.237678334117, 0.162415280938, 0.0936993956566, 0.0422227308154, 0.0188903175294, 0.00453775376081, 0.000102382495243, 1.5286675989e-05],
        "dvar": [0.213368862867, 0.455792307854, 4.54934549332, 27.4501819611, 113.342926025, 142.116592407, 641.137268066, 646.915405273, 909.992675781, 4126.95117188, 3444.20410156, 1137.46789551, 813.924133301, 542.049804688, 2729.23291016, 1408.11230469, 316.493560791, 1567.50366211, 1090.72241211, 629.461486816, 4157.49707031, 118.814125061, 204.866897583, 72.9917144775, 23.3604755402, 17.9239368439, 8.15384292603, 2.28621554375, 3.01252245903, 1.99429726601, 3.19159531593, 1.4663541317, 0.454695820808, 0.221316203475, 0.0537724345922, 0.0116286166012, 0.00273006875068, 0.000155720190378, 7.17423063179e-08, 2.61696303516e-10],
        "dvar2": [0.515777766705, 1.15528905392, 13.0874433517, 71.966796875, 294.974334717, 358.148254395, 1346.45288086, 1090.74719238, 1643.69128418, 8304.28320312, 6445.96875, 2376.26049805, 1727.99267578, 1216.13879395, 5948.15917969, 3572.94970703, 679.870910645, 3453.78735352, 2695.31323242, 1420.85620117, 7763.95556641, 241.695571899, 537.374389648, 183.680419922, 53.339931488, 46.166683197, 22.3694992065, 5.3469953537, 7.39424037933, 4.30998754501, 5.64569282532, 2.60023140907, 0.934432923794, 0.537391126156, 0.13464204967, 0.0302404649556, 0.00735177099705, 0.00043064111378, 1.97320076722e-07, 5.18906584368e-10],
        "max": [5.48690319061, 10.0516767502, 30.531791687, 82.6814651489, 266.670410156, 522.705505371, 1361.10717773, 814.881896973, 833.083618164, 1831.23364258, 1735.46520996, 758.651855469, 1045.88830566, 761.778869629, 1870.31433105, 1188.88012695, 804.474182129, 2064.34228516, 1014.40148926, 883.331542969, 5249.0625, 510.012115479, 437.979644775, 239.63470459, 129.113250732, 170.465866089, 143.353729248, 71.156463623, 68.5550994873, 59.5527992249, 96.727432251, 70.6183853149, 27.4105319977, 13.8329534531, 9.38922214508, 3.44792485237, 1.64436686039, 0.329515069723, 0.00632428843528, 0.000219222565647],
        "mean": [0.232724055648, 0.548257231712, 1.25675821304, 6.41795444489, 11.5512151718, 9.71982860565, 19.2224826813, 24.0292015076, 25.1914615631, 39.0337142944, 47.6207046509, 24.5444774628, 21.9256458282, 18.4942913055, 23.0267467499, 12.5958356857, 8.99471950531, 17.4723014832, 15.4867649078, 11.7160644531, 14.5434026718, 5.47417497635, 6.69679164886, 4.3398900032, 3.36673045158, 1.80648088455, 1.10157752037, 0.775506794453, 0.874240636826, 0.782698452473, 0.674406647682, 0.422301262617, 0.231942251325, 0.136532828212, 0.0731213912368, 0.0291460938752, 0.0110152838752, 0.00227416213602, 6.27906119917e-05, 2.93686061923e-05],
        "median": [0.0680418014526, 0.309073388577, 0.694960594177, 2.19128751755, 4.38731956482, 5.14925575256, 6.90164661407, 8.31807136536, 7.06806993484, 5.49545097351, 11.4883384705, 5.79549789429, 7.34424972534, 7.02329826355, 5.33698749542, 3.49877023697, 2.32552027702, 3.50487446785, 1.64458823204, 1.68226575851, 2.24050951004, 1.51786422729, 1.98638677597, 1.61939060688, 1.45374536514, 0.668348968029, 0.36513954401, 0.230107754469, 0.200477480888, 0.175958991051, 0.10016463697, 0.0665233135223, 0.0352830216289, 0.0203923135996, 0.01070404239, 0.00312333554029, 0.000894412689377, 0.000144255856867, 1.58045440912e-05, 2.09120444197e-05],
        "min": [3.87122161195e-23, 4.13743559862e-22, 1.79581476441e-21, 1.01853769972e-20, 1.80966341576e-20, 3.41905412676e-20, 6.91518533074e-20, 8.04320119232e-20, 1.23553641652e-19, 2.24741560311e-19, 4.3562489853e-19, 5.7145483105e-19, 5.66261894562e-19, 1.11139976763e-18, 1.38394295817e-18, 1.2512467477e-18, 1.27926831813e-18, 2.64293842365e-18, 3.35551957298e-18, 2.9005392168e-18, 3.01294375627e-18, 4.46051189619e-18, 5.77615382739e-18, 7.29830718878e-18, 9.08188064302e-18, 1.04990048141e-17, 1.14145059822e-17, 9.82304770675e-18, 1.11919431122e-17, 1.20242481087e-17, 1.01594082951e-17, 1.14678045378e-17, 1.00540792518e-17, 9.60915534396e-18, 6.32582485701e-18, 4.01422438107e-18, 2.61791724409e-18, 8.9246791035e-19, 2.48845396565e-19, 2.87668892433e-20],
        "var": [0.229548290372, 0.627891004086, 4.03357410431, 94.9046936035, 312.995056152, 323.074371338, 2036.65979004, 4234.70751953, 3863.27832031, 15721.1289062, 11637.0683594, 3245.68652344, 2370.44360352, 1186.26293945, 4443.77587891, 1422.82006836, 664.139465332, 4436.81982422, 2419.13061523, 1339.9576416, 11453.2314453, 256.069213867, 279.319274902, 110.83946228, 45.7622261047, 20.9983196259, 8.08933162689, 4.31765413284, 5.05763435364, 4.77071046829, 9.46381950378, 4.25745677948, 1.26995229721, 0.350144147873, 0.083065122366, 0.0146809937432, 0.00257060420699, 0.00011545047164, 5.50478169714e-08, 7.9322326485e-10]
    },
    "gfcc": {
        "mean": [-79.5298614502, 140.580947876, -107.42073822, 18.2001819611, -56.4162635803, -1.94965732098, -33.3482284546, 6.81237077713, -23.3061828613, -4.71724319458, -11.2192935944, -1.65338969231, -8.299659729],
        "cov": [[15948.953125, -1343.66064453, -728.254394531, 681.717529297, -580.086608887, 1368.34667969, -369.516571045, 163.043045044, 368.820617676, 423.939910889, -384.269958496, 268.728515625, -399.332183838], [-1343.66064453, 1562.34362793, -187.84324646, -166.187286377, 414.272033691, -549.117492676, 213.46446228, -61.3839302063, -28.3059978485, -163.102401733, 218.686737061, -154.510070801, 181.516860962], [-728.254394531, -187.84324646, 682.664428711, 180.823104858, 45.5306739807, 153.234222412, -54.99584198, -27.9515724182, -35.9790458679, 38.4393234253, -10.1006584167, 81.2721939087, 5.33210134506], [681.717529297, -166.187286377, 180.823104858, 428.424041748, 139.664962769, 170.914459229, 8.8654718399, 25.8685131073, 56.3398666382, 44.2175636292, 1.91684663296, 68.6128997803, 50.6797904968], [-580.086608887, 414.272033691, 45.5306739807, 139.664962769, 462.811676025, -62.2041625977, 106.031799316, 34.3355484009, 52.64453125, 17.3103179932, 85.6359710693, -1.30385422707, 110.385231018], [1368.34667969, -549.117492676, 153.234222412, 170.914459229, -62.2041625977, 541.40814209, -10.5321512222, 38.67029953, 88.7374191284, 118.548088074, -73.9663619995, 93.9993591309, -71.1949310303], [-369.516571045, 213.46446228, -54.99584198, 8.8654718399, 106.031799316, -10.5321512222, 237.526473999, 61.182926178, -6.26524925232, -3.27457094193, 61.2171173096, -3.31461310387, 48.5196685791], [163.043045044, -61.3839302063, -27.9515724182, 25.8685131073, 34.3355484009, 38.67029953, 61.182926178, 148.524230957, 63.6232299805, 30.9364128113, -8.69227027893, 14.7306518555, 4.33237457275], [368.820617676, -28.3059978485, -35.9790458679, 56.3398666382, 52.64453125, 88.7374191284, -6.26524925232, 63.6232299805, 197.405914307, 73.7393722534, 3.40957784653, 15.6975650787, 4.4192276001], [423.939910889, -163.102401733, 38.4393234253, 44.2175636292, 17.3103179932, 118.548088074, -3.27457094193, 30.9364128113, 73.7393722534, 142.87562561, 24.5670986176, 43.360584259, -16.4999675751], [-384.269958496, 218.686737061, -10.1006584167, 1.91684663296, 85.6359710693, -73.9663619995, 61.2171173096, -8.69227027893, 3.40957784653, 24.5670986176, 138.79888916, 29.518327713, 50.5791358948], [268.728515625, -154.510070801, 81.2721939087, 68.6128997803, -1.30385422707, 93.9993591309, -3.31461310387, 14.7306518555, 15.6975650787, 43.360584259, 29.518327713, 128.441726685, 34.899520874], [-399.332183838, 181.516860962, 5.33210134506, 50.6797904968, 110.385231018, -71.1949310303, 48.5196685791, 4.33237457275, 4.4192276001, -16.4999675751, 50.5791358948, 34.899520874, 127.456184387]],
        "icov": [[0.000171014820808, -0.000386720959796, 0.00041320733726, -0.000465834717033, 0.000303422246361, -0.000409053987823, 0.000370926514734, -0.000218305794988, 0.000249224423897, -0.000543901696801, 0.000579122453928, -0.000611073803157, 0.000487891695229], [-0.000386720959796, 0.00327644310892, -0.00107396568637, 0.00182273215614, -0.00203902926296, 0.00188186450396, -0.00188280723523, 0.00162179407198, -0.00174800562672, 0.00316197588108, -0.00361220980994, 0.00337036768906, -0.00209835683927], [0.00041320733726, -0.00107396568637, 0.00291541288607, -0.00174746080302, 0.000479030917631, -0.00135321274865, 0.00145398150198, -0.00041273876559, 0.00152615748812, -0.00169867661316, 0.00164016790222, -0.00236062402837, 0.00140943308361], [-0.000465834717033, 0.00182273215614, -0.00174746080302, 0.00508780637756, -0.00222301064059, 0.000332943629473, -0.00102968490683, 0.00080166925909, -0.00141051004175, 0.00235707312822, -0.00202618190087, 0.00179019279312, -0.00286138965748], [0.000303422246361, -0.00203902926296, 0.000479030917631, -0.00222301064059, 0.0048837158829, -0.00099206820596, 0.000443710712716, -0.00125953799579, 0.000400333869038, -0.00250198110007, 0.00115191901568, -0.000510778801981, -0.000846481067128], [-0.000409053987823, 0.00188186450396, -0.00135321274865, 0.000332943629473, -0.00099206820596, 0.00536816194654, -0.00281622936018, 0.0018673192244, -0.00218397914432, 0.000141938595334, 0.000451472908026, -0.000555757374968, 0.000896038429346], [0.000370926514734, -0.00188280723523, 0.00145398150198, -0.00102968490683, 0.000443710712716, -0.00281622936018, 0.00815385952592, -0.00451489072293, 0.00294514652342, -0.00118514383212, -0.00120228971355, -0.000179838054464, -0.000444938836154], [-0.000218305794988, 0.00162179407198, -0.00041273876559, 0.00080166925909, -0.00125953799579, 0.0018673192244, -0.00451489072293, 0.0108153186738, -0.0039567979984, 0.000470177677926, 0.00136390677653, -0.000478161120554, -2.2422085749e-05], [0.000249224423897, -0.00174800562672, 0.00152615748812, -0.00141051004175, 0.000400333869038, -0.00218397914432, 0.00294514652342, -0.0039567979984, 0.00909604132175, -0.00483494158834, 0.00140561081935, -0.000463730073534, -0.000158143215231], [-0.000543901696801, 0.00316197588108, -0.00169867661316, 0.00235707312822, -0.00250198110007, 0.000141938595334, -0.00118514383212, 0.000470177677926, -0.00483494158834, 0.0153460064903, -0.00752271106467, 0.00159855757374, 0.000309782306431], [0.000579122453928, -0.00361220980994, 0.00164016790222, -0.00202618190087, 0.00115191901568, 0.000451472908026, -0.00120228971355, 0.00136390677653, 0.00140561081935, -0.00752271106467, 0.0171734318137, -0.00806856434792, 0.00173337303568], [-0.000611073803157, 0.00337036768906, -0.00236062402837, 0.00179019279312, -0.000510778801981, -0.000555757374968, -0.000179838054464, -0.000478161120554, -0.000463730073534, 0.00159855757374, -0.00806856434792, 0.0178052410483, -0.00856133271009], [0.000487891695229, -0.00209835683927, 0.00140943308361, -0.00286138965748, -0.000846481067128, 0.000896038429346, -0.000444938836154, -2.2422085749e-05, -0.000158143215231, 0.000309782306431, 0.00173337303568, -0.00856133271009, 0.0165473278612]]
    },
    "melbands": {
        "dmean": [0.00127992220223, 0.000365416548448, 0.000597182137426, 0.000349829439074, 0.000320152583299, 0.000245582312346, 0.000191154307686, 0.000219183726585, 0.000160415991559, 7.58862370276e-05, 5.77151076868e-05, 3.91014800698e-05, 5.19401110068e-05, 3.54799522029e-05, 1.30947428261e-05, 1.26963486764e-05, 1.98868692678e-05, 1.40048896355e-05, 1.48311446537e-05, 7.65207005315e-06, 8.6911049948e-06, 2.98908230434e-06, 3.89002298107e-06, 4.52633639725e-06, 2.14356691686e-06, 1.57465296979e-06, 1.08915276087e-06, 7.55498660965e-07, 5.14918269801e-07, 3.4706107499e-07, 2.71342173619e-07, 3.38798969324e-07, 3.39344268241e-07, 2.62889045644e-07, 2.59278607473e-07, 1.86380532341e-07, 1.44510721611e-07, 1.12586604928e-07, 1.07580326869e-07, 8.46260945764e-08],
        "dmean2": [0.0020108371973, 0.000639462436084, 0.000970250519458, 0.000584066554438, 0.000495045445859, 0.000366435560863, 0.000281261920463, 0.000321170926327, 0.000223136230488, 0.00010798311996, 8.61159933265e-05, 5.85558591411e-05, 7.59407121222e-05, 5.43626229046e-05, 2.01873826882e-05, 1.89797938219e-05, 3.04297409457e-05, 2.22722828767e-05, 2.35663537751e-05, 1.14982140076e-05, 1.25908327391e-05, 4.66186565973e-06, 6.32134015177e-06, 7.71347276896e-06, 3.4947909171e-06, 2.47912066698e-06, 1.74062620317e-06, 1.24512337152e-06, 8.41806183871e-07, 5.59965030789e-07, 4.18884013698e-07, 5.40793450909e-07, 5.50908055175e-07, 4.00129636091e-07, 4.02944067446e-07, 2.71296528354e-07, 2.1861831101e-07, 1.75027480509e-07, 1.66736768392e-07, 1.3487252204e-07],
        "dvar": [8.62661909196e-06, 8.88815861799e-07, 1.22826122606e-06, 4.69167616757e-07, 6.0310628669e-07, 3.56977437832e-07, 2.08747565011e-07, 5.5080971606e-07, 1.99903027465e-07, 3.92618453304e-08, 1.99548626512e-08, 8.74801386885e-09, 2.68275979209e-08, 2.91307156175e-08, 1.67388136685e-09, 2.109464603e-09, 6.11800388128e-09, 2.90137824877e-09, 2.77985123809e-09, 1.27004318173e-09, 5.80846304388e-09, 2.02395114557e-10, 1.41746378524e-10, 2.25902921369e-10, 4.46390840958e-11, 1.90917542192e-11, 8.73756882819e-12, 1.06259723243e-11, 4.19871299187e-12, 1.41695997383e-12, 7.8739282889e-13, 1.04428249902e-12, 9.66137868492e-13, 6.62869119403e-13, 1.23867452753e-12, 9.98739177298e-13, 5.29187154166e-13, 2.39645651413e-13, 2.48090962921e-13, 1.46053308336e-13],
        "dvar2": [2.06399836316e-05, 2.49049980994e-06, 3.04562126985e-06, 1.12240581984e-06, 1.31727210828e-06, 5.84942540627e-07, 3.8948306269e-07, 1.11137421754e-06, 3.77374959726e-07, 8.15016036881e-08, 4.18910772737e-08, 1.9573196397e-08, 5.79208183638e-08, 7.09505059149e-08, 3.98183264139e-09, 4.48772841111e-09, 1.37603155537e-08, 7.19846804387e-09, 6.47159303924e-09, 2.59608845532e-09, 1.06926112409e-08, 3.99934779738e-10, 3.36170646875e-10, 6.04956695849e-10, 1.08364116291e-10, 4.22106793962e-11, 2.01129321531e-11, 2.8659376955e-11, 1.15538498907e-11, 3.66811008651e-12, 1.83183589825e-12, 2.54875526066e-12, 2.46649944392e-12, 1.38996735129e-12, 2.27523533868e-12, 1.7932645386e-12, 1.03967171244e-12, 5.15304324818e-13, 5.62678430325e-13, 3.69956398415e-13],
        "max": [0.0360342301428, 0.0122521780431, 0.0177991036326, 0.0345240533352, 0.0356472246349, 0.0183965656906, 0.0113286590204, 0.0213289614767, 0.0136190503836, 0.00418336177245, 0.00538990925997, 0.00328533886932, 0.00847353879362, 0.00554594444111, 0.00109148421325, 0.00185435789172, 0.00387771101668, 0.00162831717171, 0.00184140878264, 0.00218132673763, 0.00610632821918, 0.000844090129249, 0.000488694116939, 0.000568552699406, 0.000214289291762, 0.000132383021992, 0.00013696597307, 0.000145549347508, 9.80753684416e-05, 4.90065140184e-05, 4.49790386483e-05, 3.98914453399e-05, 2.75840411632e-05, 3.77386495529e-05, 6.48739587632e-05, 6.44785977784e-05, 3.76868410967e-05, 1.93486157514e-05, 1.6290552594e-05, 1.0451437447e-05],
        "mean": [0.00160389021039, 0.000643262290396, 0.00138358876575, 0.00071846175706, 0.000631116156001, 0.000570760166738, 0.000373131042579, 0.000452558451798, 0.000357633223757, 0.000135985814268, 0.000105641185655, 7.16252689017e-05, 8.19896158646e-05, 4.48541468359e-05, 2.09079826163e-05, 2.10277667065e-05, 3.35419535986e-05, 2.32436341321e-05, 2.11181322811e-05, 1.35159225465e-05, 1.65888668562e-05, 5.08045286551e-06, 5.70615929973e-06, 6.08691789239e-06, 3.17713170261e-06, 2.64220443569e-06, 1.8817693217e-06, 1.06054994831e-06, 7.65771346778e-07, 4.91733146646e-07, 4.2910514253e-07, 4.8498088745e-07, 4.8246465667e-07, 4.22492405505e-07, 4.07871425523e-07, 3.21439443951e-07, 2.3170613872e-07, 1.62383500424e-07, 1.42073005804e-07, 1.05392864214e-07],
        "median": [0.000572359596845, 0.00039606646169, 0.000477312365547, 0.000390692439396, 0.000248877797276, 0.000195654574782, 9.79148899205e-05, 6.2925304519e-05, 8.55230246088e-05, 2.8569062124e-05, 3.42812709277e-05, 2.5244344215e-05, 1.84826330951e-05, 9.0494449978e-06, 5.93948061578e-06, 5.3414996728e-06, 6.00851535637e-06, 2.36200730797e-06, 2.01959528567e-06, 2.31412059293e-06, 2.41790803557e-06, 1.31319211505e-06, 1.45258115936e-06, 1.76420098796e-06, 1.10714199764e-06, 9.87990460999e-07, 8.10751487279e-07, 2.88297258066e-07, 2.37670633396e-07, 1.47255406091e-07, 1.18100260238e-07, 1.06753233808e-07, 1.0709302245e-07, 9.13889550702e-08, 5.51948282634e-08, 4.51304309479e-08, 3.54056375329e-08, 2.24869687315e-08, 1.87978947963e-08, 1.41938842901e-08],
        "min": [4.16440904461e-25, 1.12445633658e-24, 2.3691400055e-24, 1.81930888494e-24, 2.01860630961e-24, 2.02331166769e-24, 1.98617939324e-24, 2.66008709292e-24, 2.87016193527e-24, 3.5719771672e-24, 2.56346228165e-24, 4.00102165304e-24, 3.94060831833e-24, 2.20357230099e-24, 4.04396408527e-24, 3.05269448798e-24, 4.17172839191e-24, 4.46842962799e-24, 2.98975916496e-24, 4.33846637158e-24, 3.1134085759e-24, 3.37316213098e-24, 4.4237288248e-24, 6.24473849385e-24, 4.47548007233e-24, 5.5800415341e-24, 6.39336619928e-24, 5.69872407957e-24, 6.08983658321e-24, 5.63166380288e-24, 5.79025521597e-24, 5.47660175347e-24, 4.61529344044e-24, 6.46334723348e-24, 5.85365478363e-24, 5.63879313331e-24, 6.47785004679e-24, 6.91200950674e-24, 6.57228419132e-24, 7.62212473868e-24],
        "var": [9.78759362624e-06, 9.1203634156e-07, 4.69244014312e-06, 1.24774317101e-06, 1.81649113529e-06, 2.39477481045e-06, 8.01456735644e-07, 2.13862631426e-06, 6.54892005514e-07, 1.08956520251e-07, 5.8526431701e-08, 1.91247320203e-08, 5.26291934477e-08, 2.83423986502e-08, 2.87749157835e-09, 5.14897990911e-09, 1.76054424372e-08, 6.42080122404e-09, 5.66521629608e-09, 2.96101942965e-09, 1.60575606145e-08, 4.01200322964e-10, 2.56361987194e-10, 2.51257376016e-10, 7.72032507368e-11, 4.00970437409e-11, 1.56856368172e-11, 1.01642175579e-11, 4.25147243799e-12, 1.69529006718e-12, 1.52259151467e-12, 1.67084954813e-12, 1.57370882818e-12, 1.64227409883e-12, 3.46179552038e-12, 2.70095274271e-12, 1.36184249641e-12, 6.54780808566e-13, 4.83408885837e-13, 1.98001988069e-13]
    },
    "mfcc": {
        "mean": [-719.765686035, 165.951797485, 7.8770275116, 21.917388916, -1.90802586079, -4.89460134506, -3.20985579491, 4.69243192673, -6.82539749146, -0.0266256202012, -1.91267478466, -5.91263151169, -1.52973723412],
        "cov": [[9577.84863281, -196.740249634, -802.892333984, -22.9189395905, 94.2714309692, 656.69909668, -116.09879303, 170.62562561, 262.878143311, 311.852966309, 221.188812256, 210.324829102, 67.3223419189], [-196.740249634, 1104.99707031, -124.610824585, 159.564880371, 39.1403503418, -94.1779708862, 72.1439285278, 9.46627426147, -57.4853553772, -18.0780162811, -4.7915353775, -10.9015331268, 17.672410965], [-802.892333984, -124.610824585, 511.888153076, 17.3208847046, 18.217508316, 10.2358140945, 5.85133123398, -39.0287399292, -26.5419387817, -83.0418701172, -34.421169281, -11.9456758499, -28.9878005981], [-22.9189395905, 159.564880371, 17.3208847046, 365.502532959, 180.923919678, 31.370557785, 89.421005249, 19.9290313721, 44.7492752075, -14.2219877243, -24.7465667725, 16.1351833344, 57.5047225952], [94.2714309692, 39.1403503418, 18.217508316, 180.923919678, 290.163574219, 115.751594543, 18.8387584686, 2.92628335953, 63.1266899109, 18.0048904419, 7.71731185913, 30.6465644836, 21.5915794373], [656.69909668, -94.1779708862, 10.2358140945, 31.370557785, 115.751594543, 304.305938721, 57.0163002014, 21.7137565613, 64.2246017456, 30.7550411224, 43.4124794006, 73.2009735107, -9.25377750397], [-116.09879303, 72.1439285278, 5.85133123398, 89.421005249, 18.8387584686, 57.0163002014, 222.081390381, 55.512512207, 10.4045524597, -1.09134864807, -5.81019926071, 8.66769886017, 23.0259609222], [170.62562561, 9.46627426147, -39.0287399292, 19.9290313721, 2.92628335953, 21.7137565613, 55.512512207, 118.690795898, 59.8937301636, 26.5619106293, 16.2720165253, 14.4158992767, 13.0247077942], [262.878143311, -57.4853553772, -26.5419387817, 44.7492752075, 63.1266899109, 64.2246017456, 10.4045524597, 59.8937301636, 155.638717651, 59.1211624146, 19.6578063965, 33.0495185852, 12.7517538071], [311.852966309, -18.0780162811, -83.0418701172, -14.2219877243, 18.0048904419, 30.7550411224, -1.09134864807, 26.5619106293, 59.1211624146, 150.953598022, 65.0105056763, 11.8107233047, -0.902299404144], [221.188812256, -4.7915353775, -34.421169281, -24.7465667725, 7.71731185913, 43.4124794006, -5.81019926071, 16.2720165253, 19.6578063965, 65.0105056763, 111.631950378, 48.4930076599, -5.63069343567], [210.324829102, -10.9015331268, -11.9456758499, 16.1351833344, 30.6465644836, 73.2009735107, 8.66769886017, 14.4158992767, 33.0495185852, 11.8107233047, 48.4930076599, 107.01158905, 32.7656936646], [67.3223419189, 17.672410965, -28.9878005981, 57.5047225952, 21.5915794373, -9.25377750397, 23.0259609222, 13.0247077942, 12.7517538071, -0.902299404144, -5.63069343567, 32.7656936646, 100.407691956]],
