{
"lowlevel": {
    "average_loudness": 0.7677526474,
    "barkbands_crest": {
        "dmean": 2.07498025894,
        "dmean2": 3.33357095718,
        "dvar": 3.83721804619,
        "dvar2": 9.77057552338,
        "max": 24.1131763458,
        "mean": 10.1789293289,
        "median": 9.50014781952,
        "min": 2.73801636696,
        "var": 13.1596450806
    },
    "barkbands_flatness_db": {
        "dmean": 0.0187398083508,
        "dmean2": 0.0272255409509,
        "dvar": 0.000364686478861,
        "dvar2": 0.000725100166164,
        "max": 0.441368609667,
        "mean": 0.146124303341,
        "median": 0.124227635562,
        "min": 0.022997289896,
        "var": 0.00524040637538
    },
    "barkbands_kurtosis": {
        "dmean": 2.56980800629,
        "dmean2": 4.0740275383,
        "dvar": 16.3927021027,
        "dvar2": 40.2640914917,
        "max": 79.4288864136,
        "mean": 5.83374071121,
        "median": 3.6507267952,
        "min": -1.91408729553,
        "var": 56.9967727661
    },
    "barkbands_skewness": {
        "dmean": 0.425780713558,
        "dmean2": 0.661922752857,
        "dvar": 0.23039893806,
        "dvar2": 0.537746369839,
        "max": 7.99874639511,
        "mean": 1.91336297989,
        "median": 1.83574306965,
        "min": -2.26222419739,
        "var": 1.19558155537
    },
    "barkbands_spread": {
        "dmean": 5.07955503464,
        "dmean2": 7.50530433655,
        "dvar": 44.6855545044,
        "dvar2": 91.0169677734,
        "max": 104.303237915,
        "mean": 20.71434021,
        "median": 17.7249507904,
        "min": 1.09338903427,
        "var": 207.902481079
    },
    "dissonance": {
        "dmean": 0.0195200257003,
        "dmean2": 0.0322082452476,
        "dvar": 0.000376671727281,
        "dvar2": 0.000996015733108,
        "max": 0.500000178814,
        "mean": 0.45449373126,
        "median": 0.465112298727,
        "min": 0.208620592952,
        "var": 0.00126903294586
    },
    "dynamic_complexity": 4.75197076797,
    "erbbands_crest": {
        "dmean": 2.10264825821,
        "dmean2": 3.34748578072,
        "dvar": 4.34809684753,
        "dvar2": 10.3767957687,
        "max": 29.6012535095,
        "mean": 8.45932483673,
        "median": 7.28946208954,
        "min": 2.2765955925,
        "var": 18.9048290253
    },
    "erbbands_flatness_db": {
        "dmean": 0.0151155851781,
        "dmean2": 0.020553059876,
        "dvar": 0.000229727418628,
        "dvar2": 0.000416286464315,
        "max": 0.406623572111,
        "mean": 0.149487584829,
        "median": 0.130076780915,
        "min": 0.0499831587076,
        "var": 0.00471132854
    },
    "erbbands_kurtosis": {
        "dmean": 0.804226100445,
        "dmean2": 1.23899281025,
        "dvar": 1.37259185314,
        "dvar2": 3.00577521324,
        "max": 42.5021743774,
        "mean": 0.476088404655,
        "median": -0.306581258774,
        "min": -1.73546671867,
        "var": 5.65765476227
    },
    "erbbands_skewness": {
        "dmean": 0.312776505947,
        "dmean2": 0.466141343117,
        "dvar": 0.0874926969409,
        "dvar2": 0.183235242963,
        "max": 4.79965162277,
        "mean": 0.509078025818,
        "median": 0.455594390631,
        "min": -3.04806661606,
        "var": 0.716157257557
    },
    "erbbands_spread": {
        "dmean": 8.36738109589,
        "dmean2": 12.477771759,
        "dvar": 94.6004943848,
        "dvar2": 211.869873047,
        "max": 134.735717773,
        "mean": 43.2504653931,
        "median": 41.2695159912,
        "min": 4.13585853577,
        "var": 393.340637207
    },
    "hfc": {
        "dmean": 5.40337371826,
        "dmean2": 7.61880207062,
        "dvar": 85.9984512329,
        "dvar2": 181.438919067,
        "max": 221.403961182,
        "mean": 18.7770652771,
        "median": 12.5928411484,
        "min": 1.05220067217e-16,
        "var": 430.420410156
    },
    "melbands_crest": {
        "dmean": 2.49621534348,
        "dmean2": 4.09286975861,
        "dvar": 5.82891988754,
        "dvar2": 15.4970464706,
        "max": 31.7803401947,
        "mean": 13.1124897003,
        "median": 12.5586709976,
        "min": 1.66677677631,
        "var": 17.6707382202
    },
    "melbands_flatness_db": {
        "dmean": 0.0223263762891,
        "dmean2": 0.0330106839538,
        "dvar": 0.000590964627918,
        "dvar2": 0.00121685105842,
        "max": 0.560480415821,
        "mean": 0.224796056747,
        "median": 0.207294434309,
        "min": 0.00287249754183,
        "var": 0.00689595425501
    },
    "melbands_kurtosis": {
        "dmean": 6.43337154388,
        "dmean2": 10.4767932892,
        "dvar": 158.88092041,
        "dvar2": 426.208709717,
        "max": 227.487518311,
        "mean": 15.87753582,
        "median": 11.6200971603,
        "min": -1.7887815237,
        "var": 273.051849365
    },
    "melbands_skewness": {
        "dmean": 0.62118190527,
        "dmean2": 0.976095020771,
        "dvar": 0.593462944031,
        "dvar2": 1.50968801975,
        "max": 12.0954818726,
        "mean": 2.9399471283,
        "median": 2.79145050049,
        "min": -0.426737874746,
        "var": 2.00733160973
    },
    "melbands_spread": {
        "dmean": 4.86778306961,
        "dmean2": 7.5893702507,
        "dvar": 58.6555976868,
        "dvar2": 127.697799683,
        "max": 228.186248779,
        "mean": 18.804599762,
        "median": 14.5021533966,
        "min": 1.29302632809,
        "var": 316.242034912
    },
    "pitch_salience": {
        "dmean": 0.0607009939849,
        "dmean2": 0.0976800173521,
        "dvar": 0.00311168353073,
        "dvar2": 0.00802959036082,
        "max": 0.891531646252,
        "mean": 0.554630637169,
        "median": 0.552209615707,
        "min": 0.17189668119,
        "var": 0.00918397586793
    },
    "silence_rate_20dB": {
        "dmean": 0,
        "dmean2": 0,
        "dvar": 0,
        "dvar2": 0,
        "max": 1,
        "mean": 1,
        "median": 1,
        "min": 1,
        "var": 0
    },
    "silence_rate_30dB": {
        "dmean": 0,
        "dmean2": 0,
        "dvar": 0,
        "dvar2": 0,
        "max": 1,
        "mean": 1,
        "median": 1,
        "min": 1,
        "var": 0
    },
    "silence_rate_60dB": {
        "dmean": 0.0180524215102,
        "dmean2": 0.0361079759896,
        "dvar": 0.0177226811647,
        "dvar2": 0.0393234528601,
        "max": 1,
        "mean": 0.195435211062,
        "median": 0,
        "min": 0,
        "var": 0.157253071666
    },
    "spectral_centroid": {
        "dmean": 199.024047852,
        "dmean2": 302.818389893,
        "dvar": 60197.3320312,
        "dvar2": 124103.484375,
        "max": 11875.0585938,
        "mean": 1182.04541016,
        "median": 1028.96142578,
        "min": 237.745697021,
        "var": 1085108.125
    },
    "spectral_complexity": {
        "dmean": 2.80663084984,
        "dmean2": 4.30726480484,
        "dvar": 12.740023613,
        "dvar2": 26.9037303925,
        "max": 52,
        "mean": 16.1829376221,
        "median": 15,
        "min": 0,
        "var": 94.3853378296
    },
    "spectral_decrease": {
        "dmean": 1.74527181596e-09,
        "dmean2": 2.86184675957e-09,
        "dvar": 7.26365080266e-18,
        "dvar2": 1.94449945717e-17,
        "max": 2.27918040367e-28,
        "mean": -6.48772502387e-09,
        "median": -6.37510932933e-09,
        "min": -3.01462783625e-08,
        "var": 2.62886419368e-17
    },
    "spectral_energy": {
        "dmean": 0.00690570520237,
        "dmean2": 0.011245990172,
        "dvar": 0.000112308029202,
        "dvar2": 0.000297783524729,
        "max": 0.118317432702,
        "mean": 0.0261893812567,
        "median": 0.0256011132151,
        "min": 9.84279739997e-21,
        "var": 0.000430264393799
    },
    "spectral_energyband_high": {
        "dmean": 0.000427055027103,
        "dmean2": 0.000571474374738,
        "dvar": 8.15447606328e-07,
        "dvar2": 1.51481208377e-06,
        "max": 0.0288104172796,
        "mean": 0.000920612772461,
        "median": 0.000324603752233,
        "min": 6.9216639967e-21,
        "var": 3.00193278235e-06
    },
    "spectral_energyband_low": {
        "dmean": 0.00439569586888,
        "dmean2": 0.00746429758146,
        "dvar": 7.09003434167e-05,
        "dvar2": 0.000199910165975,
        "max": 0.0942595824599,
        "mean": 0.0101386457682,
        "median": 0.00923385750502,
        "min": 1.31004797355e-23,
        "var": 0.000105119230284
    },
    "spectral_energyband_middle_high": {
        "dmean": 0.000987822539173,
        "dmean2": 0.00150494987611,
        "dvar": 3.30640023094e-06,
        "dvar2": 7.53112772145e-06,
        "max": 0.0479955486953,
        "mean": 0.00333745661192,
        "median": 0.00179349596146,
        "min": 1.1277622144e-21,
        "var": 1.76988269232e-05
    },
    "spectral_energyband_middle_low": {
        "dmean": 0.004194884561,
        "dmean2": 0.00665400549769,
        "dvar": 4.05202663387e-05,
        "dvar2": 0.000101166740933,
        "max": 0.0851185694337,
        "mean": 0.0129631897435,
        "median": 0.0102373622358,
        "min": 1.08786152884e-22,
        "var": 0.000151515225298
    },
    "spectral_entropy": {
        "dmean": 0.166853278875,
        "dmean2": 0.22232221067,
        "dvar": 0.0350339822471,
        "dvar2": 0.0624020025134,
        "max": 9.82442760468,
        "mean": 7.43101358414,
        "median": 7.5924487114,
        "min": 5.07804012299,
        "var": 0.465022534132
    },
    "spectral_flux": {
        "dmean": 0.0198660288006,
        "dmean2": 0.0290425606072,
        "dvar": 0.000644948857371,
        "dvar2": 0.00122620246839,
        "max": 0.283564776182,
        "mean": 0.0665199160576,
        "median": 0.0586306937039,
        "min": 6.45071704386e-11,
        "var": 0.00231572194025
    },
    "spectral_kurtosis": {
        "dmean": 2.95947551727,
        "dmean2": 4.84791612625,
        "dvar": 63.3755302429,
        "dvar2": 158.854614258,
        "max": 196.533493042,
        "mean": 7.18504953384,
        "median": 3.7939786911,
        "min": -1.25577306747,
        "var": 178.728897095
    },
    "spectral_rms": {
        "dmean": 0.000594843237195,
        "dmean2": 0.000949677254539,
        "dvar": 6.40039445443e-07,
        "dvar2": 1.65395874774e-06,
        "max": 0.0107439113781,
        "mean": 0.00450438633561,
        "median": 0.0049976692535,
        "min": 3.0988269676e-12,
        "var": 5.26116673427e-06
    },
    "spectral_rolloff": {
        "dmean": 390.573638916,
        "dmean2": 650.778564453,
        "dvar": 741144.8125,
        "dvar2": 1617606.75,
        "max": 19810.546875,
        "mean": 1250.15869141,
        "median": 667.529296875,
        "min": 86.1328125,
        "var": 4145673.75
    },
    "spectral_skewness": {
        "dmean": 0.287312567234,
        "dmean2": 0.449635863304,
        "dvar": 0.252762794495,
        "dvar2": 0.617117345333,
        "max": 11.2425718307,
        "mean": 1.78308427334,
        "median": 1.57105278969,
        "min": -0.113198883832,
        "var": 0.897424817085
    },
    "spectral_spread": {
        "dmean": 596247.125,
        "dmean2": 803439.875,
        "dvar": 565771829248,
        "dvar2": 1.04780778701e+12,
        "max": 42161100,
        "mean": 5147894,
        "median": 4892574,
        "min": 460509,
        "var": 1.32227520266e+13
    },
    "spectral_strongpeak": {
        "dmean": 0.345983892679,
        "dmean2": 0.57927441597,
        "dvar": 0.493250340223,
        "dvar2": 1.19607627392,
        "max": 12.5700311661,
        "mean": 0.751700341702,
        "median": 0.296167820692,
        "min": 0,
        "var": 1.31401860714
    },
    "zerocrossingrate": {
        "dmean": 0.0103602753952,
        "dmean2": 0.0118476329371,
        "dvar": 0.00016431309632,
        "dvar2": 0.000185956625501,
        "max": 0.5302734375,
        "mean": 0.0598704516888,
        "median": 0.04931640625,
        "min": 0.0048828125,
        "var": 0.00281511060894
    },
    "barkbands": {
        "dmean": [8.62889137352e-05, 0.00272765173577, 0.00177671411075, 0.00119200593326, 0.00172394968104, 0.00120820675511, 0.000799982110038, 0.000719789532013, 0.000950626621488, 0.000229854864301, 0.000261988578131, 0.000220175570576, 0.000171217310708, 0.000157761343871, 0.000257653329754, 0.000137156239362, 0.00019359178259, 0.000154705732712, 0.00010685579764, 0.000114082329674, 7.33769629733e-05, 8.1551123003e-05, 0.000108696709503, 6.89036751282e-05, 6.58173375996e-05, 6.8977366027e-05, 8.54623340274e-06],
        "dmean2": [0.000146066377056, 0.00456805061549, 0.00308673572727, 0.00202774838544, 0.00282858824357, 0.001927306992, 0.00124822801445, 0.00111110368744, 0.00139078975189, 0.00035634599044, 0.00039940685383, 0.000348832807504, 0.000274037854979, 0.000258481508354, 0.000409049243899, 0.000223504684982, 0.000314943608828, 0.000248684576945, 0.000171030857018, 0.000180931849172, 0.000111577239295, 0.000118178126286, 0.000155219997396, 0.000101983467175, 9.71872141236e-05, 0.000101444376924, 1.45609174069e-05],
        "dvar": [3.69404773437e-08, 2.74538160738e-05, 1.59911051014e-05, 5.33270122105e-06, 1.09213769974e-05, 5.27001566297e-06, 3.96736095354e-06, 4.8573319873e-06, 8.67344806466e-06, 3.02475882563e-07, 7.02533668573e-07, 4.52331676115e-07, 3.60447614867e-07, 1.891953616e-07, 3.61226739187e-07, 3.462691609e-07, 1.52732170022e-07, 1.98396890028e-07, 5.37349826857e-08, 5.50588445947e-08, 2.20858282773e-08, 3.51340432303e-08, 8.81785737761e-08, 3.69905173159e-08, 3.32850298435e-08, 2.32314274484e-08, 1.32579081047e-09],
        "dvar2": [9.9591446201e-08, 7.76687957114e-05, 4.58207759948e-05, 1.48719163917e-05, 2.8569580536e-05, 1.32589912027e-05, 8.89529201231e-06, 1.00919523902e-05, 1.737544153e-05, 7.20625791928e-07, 1.45994602008e-06, 1.01513001027e-06, 8.42793099309e-07, 4.8280367082e-07, 8.67626681611e-07, 9.16457281619e-07, 3.90700137132e-07, 4.80725873331e-07, 1.33263810653e-07, 1.32542524511e-07, 4.89219047495e-08, 6.47502744755e-08, 1.55974674954e-07, 8.21209482638e-08, 7.98204453645e-08, 5.28534513933e-08, 3.6839320483e-09],
        "max": [0.00279280240647, 0.0675602853298, 0.0425207130611, 0.0279041137546, 0.071572907269, 0.0430161096156, 0.0687382593751, 0.067523829639, 0.0646529346704, 0.0194874610752, 0.0249065328389, 0.0433729253709, 0.0332273542881, 0.0106086088344, 0.0120905758813, 0.0226125530899, 0.00903852283955, 0.0159584935755, 0.00570106739178, 0.00622405624017, 0.0024071962107, 0.00658205803484, 0.0178578551859, 0.007187216077, 0.00439900066704, 0.00199212739244, 0.00124988227617],
        "mean": [0.000134703674121, 0.00629144534469, 0.00263451808132, 0.00189735437743, 0.00338049652055, 0.00236157234758, 0.00161494361237, 0.00138473638799, 0.00213739089668, 0.00040162136429, 0.000418855663156, 0.000389206135878, 0.000271313736448, 0.00025150788133, 0.00044048318523, 0.000239302346017, 0.000364394159988, 0.000300564890495, 0.000208098412259, 0.000223940165597, 0.000142426011735, 0.000166329686181, 0.000208380326512, 0.000125393518829, 0.000103826219856, 8.90059527592e-05, 7.54564280214e-06],
        "median": [2.22170583584e-05, 0.00603081099689, 0.00125680142082, 0.000978754949756, 0.00192241906188, 0.000980618293397, 0.000542362453416, 0.000322550942656, 0.000312663498335, 0.000129300125991, 0.000104324601125, 0.000109269909444, 7.66623197705e-05, 6.34684838587e-05, 0.000136043410748, 7.27838560124e-05, 0.000184552365681, 0.000116470291687, 8.90585506568e-05, 9.49990208028e-05, 5.96978679823e-05, 4.76269851788e-05, 5.67675269849e-05, 3.18921483995e-05, 2.23949882638e-05, 1.69846425706e-05, 8.48566571676e-07],
        "min": [3.3645607861e-25, 3.18767056101e-24, 5.71825844495e-25, 6.67875378947e-25, 5.46772233512e-24, 5.00706622066e-24, 9.3960291565e-24, 6.25442018374e-24, 1.48951453946e-23, 1.15200016451e-23, 1.83288596998e-23, 3.29234348901e-23, 2.8643542624e-23, 3.03148201824e-23, 4.08642980887e-23, 7.0760280462e-23, 5.82483848363e-23, 8.93172361372e-23, 9.7062979324e-23, 1.60538003109e-22, 2.6619587443e-22, 3.25453313339e-22, 3.42537465704e-22, 5.52651312494e-22, 9.12839749211e-22, 1.19983991782e-21, 1.95992650937e-21],
        "var": [5.61048913994e-08, 4.41922638856e-05, 1.52664415509e-05, 7.15435680831e-06, 1.88278136193e-05, 1.291828994e-05, 1.34816737045e-05, 1.78705467988e-05, 3.79377524951e-05, 6.73955582897e-07, 1.49624554524e-06, 1.3535141079e-06, 5.37735559192e-07, 3.40843484992e-07, 7.65819038406e-07, 7.14587883976e-07, 3.45188567508e-07, 4.45798207238e-07, 1.25346218738e-07, 1.33339440822e-07, 5.19340552785e-08, 1.28289173063e-07, 3.37102960657e-07, 1.10257218466e-07, 5.70613458706e-08, 3.30139080518e-08, 8.71393235347e-10]
    },
    "erbbands": {
        "dmean": [0.0734629631042, 0.663817226887, 1.82613742352, 3.20763611794, 4.69204568863, 6.6981549263, 8.36447429657, 9.18507766724, 10.9291229248, 10.591542244, 22.4080753326, 19.879989624, 8.09714603424, 8.83618545532, 6.83866739273, 9.17509937286, 7.53117895126, 8.37155437469, 7.55179977417, 11.8733320236, 7.13209295273, 11.0699052811, 9.38372135162, 4.61827325821, 6.80384540558, 4.65381002426, 3.10980463028, 2.90755581856, 2.89338636398, 3.1278834343, 3.25964331627, 1.84799957275, 0.996416091919, 0.76662927866, 0.502569556236, 0.38693729043, 0.0868113860488, 0.025624435395, 0.000599043967668, 2.08993897104e-05],
        "dmean2": [0.122323788702, 1.12396550179, 3.18602108955, 5.51928329468, 7.7668390274, 11.0536632538, 13.3892087936, 14.7369318008, 17.2608242035, 16.4730224609, 33.7179107666, 29.3645496368, 12.4234714508, 13.6308641434, 10.5567378998, 14.6221189499, 11.9052629471, 13.5331230164, 12.0056476593, 18.7830142975, 11.4790086746, 18.0942707062, 15.0287332535, 7.52147960663, 10.9060935974, 7.28172540665, 4.79995203018, 4.37956762314, 4.26168298721, 4.47090244293, 4.68579101562, 2.70642089844, 1.48431563377, 1.16934025288, 0.729723930359, 0.571596443653, 0.130373418331, 0.0411466546357, 0.000964031380136, 3.21051193168e-05],
        "dvar": [0.0223676357418, 1.63417780399, 15.9589824677, 42.2207641602, 76.6905136108, 204.288528442, 277.51071167, 394.496368408, 640.092407227, 688.283081055, 4387.68310547, 4106.30322266, 368.530151367, 549.638183594, 739.482727051, 783.428039551, 637.283996582, 539.483947754, 418.887359619, 1079.84924316, 505.274871826, 519.427307129, 837.927124023, 91.2376403809, 223.355957031, 90.3892822266, 40.4631729126, 36.9331321716, 41.7272529602, 79.7361221313, 77.2618179321, 27.8971042633, 8.07167434692, 6.64659881592, 1.33775877953, 0.719866335392, 0.0474638007581, 0.00701949326321, 4.00718772653e-06, 2.28114749312e-09],
        "dvar2": [0.0597823224962, 4.72106361389, 45.9321517944, 120.422447205, 203.733444214, 541.088378906, 699.676696777, 972.274658203, 1545.83679199, 1560.74328613, 8996.73535156, 8501.04589844, 862.215698242, 1185.05773926, 1713.59558105, 1734.79370117, 1500.60998535, 1358.94250488, 1005.12976074, 2552.17871094, 1314.88146973, 1329.98120117, 2020.5, 224.849945068, 555.586608887, 210.068161011, 92.7334518433, 79.7961578369, 84.990272522, 138.544692993, 141.206619263, 59.4813232422, 18.2110023499, 16.6318130493, 2.93924617767, 1.60256123543, 0.11457823962, 0.0187859423459, 1.07505920823e-05, 5.78432191034e-09],
        "max": [2.11453175545, 17.528377533, 45.9762687683, 87.2362976074, 148.555587769, 415.672149658, 329.482147217, 523.534423828, 555.21105957, 944.04888916, 1726.25524902, 1578.07373047, 532.125, 939.136474609, 1459.06445312, 1628.93615723, 1391.26135254, 581.275878906, 604.198181152, 856.379272461, 765.407592773, 634.17791748, 1139.59277344, 341.709991455, 356.141235352, 255.88734436, 128.988067627, 97.8634109497, 206.693725586, 397.771820068, 504.665222168, 260.520904541, 91.0000686646, 52.327583313, 34.1460914612, 10.8340759277, 4.23458385468, 2.40825271606, 0.0595060959458, 0.00121350411791],
        "mean": [0.187792003155, 1.39534664154, 2.89504551888, 5.37929439545, 8.32193946838, 12.3433361053, 16.4823493958, 17.3028717041, 21.2653636932, 21.7977924347, 47.6231842041, 45.5935096741, 16.6019020081, 16.4277648926, 12.1456718445, 16.8630886078, 13.2978868484, 14.3724956512, 14.4792385101, 21.5960388184, 14.589173317, 21.3371219635, 18.4376125336, 9.97984981537, 13.8255310059, 9.43344593048, 6.12226581573, 5.60957670212, 5.73655891418, 6.2984457016, 5.94532012939, 3.22570824623, 1.84718382359, 1.25780856609, 0.720359563828, 0.489811420441, 0.11261857301, 0.0274491328746, 0.000646260275971, 4.93786428706e-05],
        "median": [0.114462457597, 1.27462100983, 1.85932695866, 3.46984434128, 4.69089794159, 6.46702480316, 7.16529846191, 7.09568548203, 7.64579629898, 9.18178367615, 9.1542634964, 6.99403381348, 5.1330947876, 5.22265911102, 2.95269393921, 4.98502016068, 4.29641532898, 3.97169542313, 5.82079362869, 7.08852148056, 6.76809263229, 10.6948976517, 7.27221488953, 5.02904939651, 5.59865283966, 4.00533676147, 2.87970948219, 2.07837677002, 1.60789859295, 1.73459565639, 1.66382169724, 0.816135048866, 0.473931610584, 0.274736553431, 0.154417216778, 0.0892228186131, 0.0212235096842, 0.00409460859373, 0.000111980152724, 3.7552548747e-05],
        "min": [5.23037499356e-23, 3.35988986179e-22, 1.75721980142e-21, 2.60516656514e-21, 8.01166913199e-21, 1.4836584501e-20, 1.3723811704e-20, 5.83130795589e-20, 1.13877347469e-19, 1.96803845314e-19, 1.53004373386e-19, 2.69940311643e-19, 4.94653075729e-19, 6.71305095261e-19, 1.01897898119e-18, 1.23995418137e-18, 1.38962558558e-18, 1.21663513272e-18, 2.11862709725e-18, 3.01810308854e-18, 3.64037927604e-18, 3.76093464647e-18, 5.88202343322e-18, 4.58907933803e-18, 6.26312663453e-18, 7.52642044067e-18, 9.89701667867e-18, 1.15416965819e-17, 1.16318708492e-17, 1.14868371365e-17, 9.1788220749e-18, 1.05524282739e-17, 7.79046310964e-18, 8.4260016907e-18, 5.9600431086e-18, 3.96950575638e-18, 2.18018008817e-18, 9.86243928829e-19, 2.52387280551e-19, 2.71372174208e-20],
        "var": [0.0473043434322, 2.31315112114, 15.7201070786, 47.2890396118, 117.211357117, 326.108032227, 681.522155762, 889.267700195, 1709.05505371, 2090.34545898, 17631.4785156, 17291.4335938, 1260.32946777, 1570.69567871, 1513.76477051, 2666.68969727, 996.070983887, 1010.06933594, 859.991760254, 2355.75439453, 1240.52990723, 1261.44775391, 1782.98632812, 235.771499634, 561.91229248, 223.68611145, 89.2403182983, 93.0817260742, 131.437591553, 302.997253418, 279.695251465, 89.6023483276, 20.6776981354, 10.5335922241, 2.33037519455, 1.02748405933, 0.0634258016944, 0.00565375341102, 3.17277886097e-06, 3.3458054105e-09]
    },
    "gfcc": {
        "mean": [-33.9799880981, 100.18661499, -99.9381561279, 30.8581352234, -54.8524513245, 3.43067336082, -41.5269508362, 10.7486858368, -21.9536151886, 0.427980273962, -19.5610904694, 0.452824831009, -14.7642564774],
        "cov": [[24885.8769531, -3519.20849609, 378.673797607, 1753.40319824, -976.001281738, 1762.29492188, -391.890594482, 1019.76757812, -171.718414307, 1138.50170898, -247.584121704, 803.200927734, -464.883911133], [-3519.20849609, 2664.43286133, -754.683654785, -591.312316895, 323.594177246, -766.258117676, 146.807037354, -372.766418457, 54.890750885, -502.635620117, 130.241867065, -331.359863281, 186.494094849], [378.673797607, -754.683654785, 789.071105957, 266.172546387, -45.0669326782, 325.104919434, -32.4375152588, 147.847045898, 24.4094619751, 157.370071411, -5.19730091095, 147.681106567, -27.0332241058], [1753.40319824, -591.312316895, 266.172546387, 560.788574219, 3.44511985779, 282.309082031, -26.3538913727, 122.142181396, 62.2525062561, 180.177398682, 6.25633621216, 126.840644836, 12.7741565704], [-976.001281738, 323.594177246, -45.0669326782, 3.44511985779, 366.058441162, -22.5472621918, 54.9833831787, -28.4532489777, 59.1131515503, 6.64723443985, 34.0769958496, -19.4250774384, 64.6653442383], [1762.29492188, -766.258117676, 325.104919434, 282.309082031, -22.5472621918, 492.835235596, 7.82405042648, 171.308029175, 21.0336914062, 209.830230713, 0.770344674587, 141.728149414, -51.4889183044], [-391.890594482, 146.807037354, -32.4375152588, -26.3538913727, 54.9833831787, 7.82405042648, 198.971313477, 30.3661708832, 17.527469635, -6.70495843887, 31.8981628418, -18.4241390228, 15.7746686935], [1019.76757812, -372.766418457, 147.847045898, 122.142181396, -28.4532489777, 171.308029175, 30.3661708832, 190.489700317, 28.6733589172, 101.82056427, -16.2475948334, 61.0735282898, -29.6864929199], [-171.718414307, 54.890750885, 24.4094619751, 62.2525062561, 59.1131515503, 21.0336914062, 17.527469635, 28.6733589172, 124.527633667, 30.8525028229, 17.3577423096, -0.747514545918, 16.3273181915], [1138.50170898, -502.635620117, 157.370071411, 180.177398682, 6.64723443985, 209.830230713, -6.70495843887, 101.82056427, 30.8525028229, 220.513076782, 9.0831413269, 83.6231536865, -32.6958045959], [-247.584121704, 130.241867065, -5.19730091095, 6.25633621216, 34.0769958496, 0.770344674587, 31.8981628418, -16.2475948334, 17.3577423096, 9.0831413269, 89.9376602173, 17.6709213257, 13.6716766357], [803.200927734, -331.359863281, 147.681106567, 126.840644836, -19.4250774384, 141.728149414, -18.4241390228, 61.0735282898, -0.747514545918, 83.6231536865, 17.6709213257, 140.169174194, 11.2403869629], [-464.883911133, 186.494094849, -27.0332241058, 12.7741565704, 64.6653442383, -51.4889183044, 15.7746686935, -29.6864929199, 16.3273181915, -32.6958045959, 13.6716766357, 11.2403869629, 93.7796478271]],
        "icov": [[0.000134213187266, -0.000239634289755, 0.000243814050918, -0.000326954235788, 0.000308609218337, -0.000258505286183, 0.000193966479856, -0.000390649191104, 0.00034161444637, -0.00048327841796, 0.000524495670106, -0.000613996002357, 0.000514827377629], [-0.000239634289755, 0.0020597174298, -4.08465893997e-05, 0.000931221409701, -0.00125493237283, 0.00108263886068, -0.000609544455074, 0.00099672540091, -0.00137773761526, 0.00274096452631, -0.00302727683447, 0.00257653277367, -0.00221677450463], [0.000243814050918, -4.08465893997e-05, 0.00244184117764, -0.000759426213335, 0.000454840512248, -0.00106872466858, 0.000542608671822, -0.00103308900725, 0.000266423652647, -0.000294719968224, 0.000574957113713, -0.00166909222025, 0.000745589379221], [-0.000326954235788, 0.000931221409701, -0.000759426213335, 0.00399762578309, -0.000704478938133, -0.000232052640058, -4.3153653678e-05, 0.000792445032857, -0.00197589211166, 0.000371442176402, -0.00158012169413, 0.00125657650642, -0.00306635932066], [0.000308609218337, -0.00125493237283, 0.000454840512248, -0.000704478938133, 0.00463174283504, -0.00119693821762, -2.84945017484e-05, -0.000384696904803, -8.67657727213e-05, -0.00280855689198, 0.00155796203762, -0.0010191956535, -0.000784481700975], [-0.000258505286183, 0.00108263886068, -0.00106872466858, -0.000232052640058, -0.00119693821762, 0.00596017949283, -0.00115230877418, -0.000543082307559, -0.000471364299301, -0.000273605633993, -0.00150977855083, -0.000433010427514, 0.000667415326461], [0.000193966479856, -0.000609544455074, 0.000542608671822, -4.3153653678e-05, -2.84945017484e-05, -0.00115230877418, 0.00675219157711, -0.00302757020108, 0.000834561535157, -0.000485821510665, -0.00166263314895, 0.000830214237794, -0.000543011410628], [-0.000390649191104, 0.00099672540091, -0.00103308900725, 0.000792445032857, -0.000384696904803, -0.000543082307559, -0.00302757020108, 0.0110184140503, -0.00321524706669, 0.000135541165946, 0.00117446517106, 1.10837236207e-05, 7.43962955312e-05], [0.00034161444637, -0.00137773761526, 0.000266423652647, -0.00197589211166, -8.67657727213e-05, -0.000471364299301, 0.000834561535157, -0.00321524706669, 0.0114995501935, -0.00316128996201, 0.000277760147583, 0.00015960248129, 0.000258167186985], [-0.00048327841796, 0.00274096452631, -0.000294719968224, 0.000371442176402, -0.00280855689198, -0.000273605633993, -0.000485821510665, 0.000135541165946, -0.00316128996201, 0.0134521853179, -0.00510173616931, 0.0016111972509, -0.000279953033896], [0.000524495670106, -0.00302727683447, 0.000574957113713, -0.00158012169413, 0.00155796203762, -0.00150977855083, -0.00166263314895, 0.00117446517106, 0.000277760147583, -0.00510173616931, 0.0187113583088, -0.00797225348651, 0.00415006745607], [-0.000613996002357, 0.00257653277367, -0.00166909222025, 0.00125657650642, -0.0010191956535, -0.000433010427514, 0.000830214237794, 1.10837236207e-05, 0.00015960248129, 0.0016111972509, -0.00797225348651, 0.0185335241258, -0.0090161357075], [0.000514827377629, -0.00221677450463, 0.000745589379221, -0.00306635932066, -0.000784481700975, 0.000667415326461, -0.000543011410628, 7.43962955312e-05, 0.000258167186985, -0.000279953033896, 0.00415006745607, -0.0090161357075, 0.0196117367595]]
    },
    "melbands": {
        "dmean": [0.000705121899955, 0.000907904468477, 0.000560990825761, 0.000413300323999, 0.000269342155661, 0.00021241986542, 0.000167987891473, 0.000112362176878, 0.000209838050068, 0.000116832437925, 3.96927862312e-05, 3.47187778971e-05, 2.7923109883e-05, 2.05499945878e-05, 2.71671760856e-05, 1.65220972121e-05, 1.69669656316e-05, 1.01678360807e-05, 2.37514577748e-05, 1.20589038488e-05, 8.20883360575e-06, 1.26133918457e-05, 1.01905843621e-05, 6.71471434543e-06, 3.854586339e-06, 4.81648385176e-06, 5.71517148273e-06, 2.7881560527e-06, 2.24393102144e-06, 1.75924924406e-06, 1.83167753676e-06, 1.74676506504e-06, 1.71264025539e-06, 1.89997263078e-06, 2.09314111999e-06, 1.51479866872e-06, 1.07260132154e-06, 7.38909022857e-07, 6.70407871439e-07, 6.82267852881e-07],
        "dmean2": [0.0011762828799, 0.00157634541392, 0.000959389086347, 0.000688195344992, 0.000430429878179, 0.000339224206982, 0.00026227926719, 0.000175262452103, 0.000314445293043, 0.00017224905605, 6.14627133473e-05, 5.35844919796e-05, 4.27144550486e-05, 3.25072796841e-05, 4.29732681368e-05, 2.63315196207e-05, 2.77351809927e-05, 1.62744017871e-05, 3.80024139304e-05, 1.9265597075e-05, 1.33281673698e-05, 2.08399815165e-05, 1.64811972354e-05, 1.07757887235e-05, 6.36785807728e-06, 7.74814634497e-06, 9.24068262975e-06, 4.3733784878e-06, 3.55606675839e-06, 2.78042944046e-06, 2.80971084976e-06, 2.63759875452e-06, 2.51578285315e-06, 2.78425272882e-06, 3.04639115711e-06, 2.26642646339e-06, 1.64821926774e-06, 1.12893803816e-06, 1.01644923234e-06, 1.05870549305e-06],
        "dvar": [1.90198477412e-06, 3.45539046975e-06, 1.15970840397e-06, 6.91617913162e-07, 2.6035661449e-07, 1.87057906942e-07, 1.54870249958e-07, 7.62830936196e-08, 3.75472950509e-07, 1.5184345159e-07, 8.90160656297e-09, 8.50009840292e-09, 1.00355546095e-08, 6.67928246045e-09, 6.84656242811e-09, 4.6564760936e-09, 2.3185373621e-09, 1.02592667695e-09, 3.00214186844e-09, 3.08971537244e-09, 4.86620355122e-10, 6.2553179303e-10, 9.44237243949e-10, 4.26625873517e-10, 6.81276562942e-11, 1.33874744623e-10, 1.65680968944e-10, 3.42697849265e-11, 2.24700553303e-11, 1.40664693435e-11, 1.54972631949e-11, 1.53069536213e-11, 1.84896473132e-11, 3.38409474054e-11, 3.43653855372e-11, 1.89117523725e-11, 1.02880134967e-11, 4.11055130906e-12, 4.86659063742e-12, 5.8494988367e-12],
        "dvar2": [5.2631694416e-06, 9.97893585009e-06, 3.27449401993e-06, 1.87296848253e-06, 6.41985138827e-07, 4.66307824354e-07, 3.63495530564e-07, 1.74366533656e-07, 7.70858946453e-07, 3.13092556326e-07, 2.06555981208e-08, 1.84161965677e-08, 2.15241939827e-08, 1.51555514805e-08, 1.7223218407e-08, 1.07056079557e-08, 5.91625282098e-09, 2.48365172872e-09, 7.39240890724e-09, 8.06571964773e-09, 1.26958732416e-09, 1.63240287954e-09, 2.41629649622e-09, 1.02606911856e-09, 1.72033692847e-10, 3.36379396559e-10, 4.1407796636e-10, 7.98901084176e-11, 5.23850893219e-11, 3.37700735431e-11, 3.49041039127e-11, 3.32629826461e-11, 3.39935753157e-11, 6.59370613665e-11, 6.60424492871e-11, 3.94435664686e-11, 2.37770827333e-11, 9.4278872903e-12, 1.1518375663e-11, 1.51904183676e-11],
        "max": [0.0183814913034, 0.0208450052887, 0.0131270512938, 0.0143600795418, 0.014357724227, 0.0102284597233, 0.0101024713367, 0.0102239362895, 0.0146153494716, 0.0103045171127, 0.00278331502341, 0.003858077107, 0.00362134492025, 0.00649790186435, 0.00388574623503, 0.00456113135442, 0.00132754107472, 0.00103590381332, 0.00110442063306, 0.00240095984191, 0.00085538008716, 0.000729039194994, 0.000665054889396, 0.00092051649699, 0.000299637496937, 0.000349588517565, 0.000379611650715, 0.0001114397528, 0.000123176476336, 7.75925291236e-05, 7.39386669011e-05, 0.00013772911916, 0.000192498671822, 0.000284357112832, 0.000377305463189, 0.00020687772485, 0.000134627131047, 7.29915409465e-05, 6.95097260177e-05, 5.14515631949e-05],
        "mean": [0.00173647282645, 0.00166006467771, 0.000998579664156, 0.000763730495237, 0.000563431356568, 0.000409947329899, 0.000339443824487, 0.000224164410611, 0.000446044810815, 0.000265970593318, 7.45249853935e-05, 6.29108471912e-05, 4.60444607597e-05, 3.57938370144e-05, 4.48650534963e-05, 2.60970882664e-05, 2.69771608146e-05, 1.76565099537e-05, 3.89442866435e-05, 2.09095469472e-05, 1.53884648171e-05, 2.27625605476e-05, 1.89244219655e-05, 1.29226782519e-05, 7.17787133908e-06, 8.74100351211e-06, 1.08140320663e-05, 5.04493664266e-06, 4.03435251428e-06, 3.1539595966e-06, 3.25667519974e-06, 3.23480662701e-06, 3.21957486449e-06, 3.60255421583e-06, 3.68650876226e-06, 2.53334633271e-06, 1.76065066171e-06, 1.30240766794e-06, 1.13778617106e-06, 1.0419927321e-06],
        "median": [0.00153167243116, 0.00136287382338, 0.000686297600623, 0.000416198658058, 0.000289510586299, 0.000171660853084, 0.000119984601042, 8.7423963123e-05, 7.02935285517e-05, 4.01817233069e-05, 2.32188740483e-05, 1.98381603695e-05, 1.10627142931e-05, 8.53822712088e-06, 1.26590402942e-05, 6.60601472191e-06, 6.32623141428e-06, 5.94281164013e-06, 1.12687894216e-05, 5.32921558261e-06, 6.86263774696e-06, 1.13608002721e-05, 7.24770234228e-06, 5.0939470384e-06, 3.36812854584e-06, 3.38926997756e-06, 3.92235870095e-06, 2.01642387765e-06, 1.82415124073e-06, 1.28613589823e-06, 1.04556124825e-06, 8.36657875425e-07, 8.93758340226e-07, 9.16363831038e-07, 1.00235547507e-06, 6.32107003185e-07, 3.99820919483e-07, 3.35538743457e-07, 2.59652068735e-07, 2.11747831713e-07],
        "min": [7.36900954673e-25, 6.25705685271e-25, 6.33290434963e-25, 9.72439684703e-25, 4.39363082303e-25, 9.91352822121e-25, 1.96681936612e-24, 2.03935118205e-24, 1.13621016686e-24, 2.00724197941e-24, 1.98902895604e-24, 2.46699918687e-24, 2.89359307631e-24, 2.46173196261e-24, 2.56644772575e-24, 2.84381989749e-24, 1.82505218676e-24, 3.1441248474e-24, 3.46914125959e-24, 4.08274369851e-24, 3.17794508934e-24, 3.27914687158e-24, 4.19659802081e-24, 4.27055728055e-24, 3.04490764198e-24, 3.33626907859e-24, 3.9037909966e-24, 4.8637550433e-24, 4.58552616861e-24, 4.42121038636e-24, 5.86258547794e-24, 4.75151394155e-24, 5.31633558868e-24, 5.7323654473e-24, 4.2573052062e-24, 5.59477982239e-24, 5.17142499583e-24, 4.33494607979e-24, 6.55572915637e-24, 5.90214172474e-24],
        "var": [3.44776958627e-06, 3.81009158446e-06, 1.40542908866e-06, 1.03537524865e-06, 6.49437993161e-07, 4.36311779595e-07, 4.75928345622e-07, 2.14906521023e-07, 1.54544363795e-06, 6.63339278617e-07, 2.67656403707e-08, 2.40247253203e-08, 1.98959693165e-08, 1.85004687125e-08, 1.29776882574e-08, 6.65302746228e-09, 4.18641432631e-09, 1.86346760245e-09, 5.88353010755e-09, 6.11294348474e-09, 1.18909371238e-09, 1.37872968597e-09, 1.82268455884e-09, 8.79111228258e-10, 1.38045908038e-10, 2.82287110354e-10, 3.88785226235e-10, 7.1275596536e-11, 4.46927841957e-11, 2.77512301333e-11, 3.5973928697e-11, 4.1919034216e-11, 6.45996450777e-11, 1.0889641272e-10, 1.11402151393e-10, 5.99272922952e-11, 2.68340575454e-11, 1.0222931876e-11, 9.23406316689e-12, 7.85524943703e-12]
    },
    "mfcc": {
        "mean": [-674.635314941, 127.008262634, 14.2772121429, 26.401807785, 7.60413122177, -3.53634905815, -7.39696216583, 3.90712738037, -1.71742606163, 0.921557128429, -3.34306287766, -0.37483549118, -0.731729328632],
        "cov": [[13900.5703125, -2185.09326172, 425.664611816, 632.503051758, 86.8982086182, 878.14251709, 375.564086914, 385.210083008, 141.14163208, 614.168518066, 558.27331543, 208.343322754, 280.276092529], [-2185.09326172, 1692.63098145, -287.838012695, -128.082855225, -2.74497199059, -303.096252441, -71.7717514038, -61.0501937866, -51.976474762, -159.202667236, -157.839385986, -45.30626297, -64.7968521118], [425.664611816, -287.838012695, 498.392211914, 70.2042541504, 0.185594365001, 94.7295684814, -7.84524154663, 55.4733390808, 17.9877605438, 4.82073020935, 22.9773235321, 15.1788263321, 37.7152824402], [632.503051758, -128.082855225, 70.2042541504, 315.790466309, 109.590446472, 89.9266433716, 25.1715602875, 25.6758594513, 43.3740997314, 62.7729492188, 22.254278183, 36.2457618713, 49.4884796143], [86.8982086182, -2.74497199059, 0.185594365001, 109.590446472, 254.902511597, 104.581062317, 1.43296062946, -0.383253753185, 47.1493453979, 31.1740856171, 7.27503013611, 34.2602157593, 25.7529296875], [878.14251709, -303.096252441, 94.7295684814, 89.9266433716, 104.581062317, 272.302490234, 89.255897522, 44.4186668396, 41.4965782166, 91.7140350342, 76.2644348145, 52.2252159119, 46.2689437866], [375.564086914, -71.7717514038, -7.84524154663, 25.1715602875, 1.43296062946, 89.255897522, 169.08605957, 54.5455474854, 18.8288021088, 53.5273895264, 42.6401100159, 20.2915267944, 22.2569007874], [385.210083008, -61.0501937866, 55.4733390808, 25.6758594513, -0.383253753185, 44.4186668396, 54.5455474854, 128.570358276, 41.0569381714, 29.1452121735, 34.8917274475, 7.16533327103, 14.5840215683], [141.14163208, -51.976474762, 17.9877605438, 43.3740997314, 47.1493453979, 41.4965782166, 18.8288021088, 41.0569381714, 107.682647705, 53.209400177, 16.6256027222, 9.52312660217, 8.55774784088], [614.168518066, -159.202667236, 4.82073020935, 62.7729492188, 31.1740856171, 91.7140350342, 53.5273895264, 29.1452121735, 53.209400177, 162.821289062, 82.9760131836, 20.8126983643, 12.2835893631], [558.27331543, -157.839385986, 22.9773235321, 22.254278183, 7.27503013611, 76.2644348145, 42.6401100159, 34.8917274475, 16.6256027222, 82.9760131836, 134.393417358, 41.2826652527, 5.91261672974], [208.343322754, -45.30626297, 15.1788263321, 36.2457618713, 34.2602157593, 52.2252159119, 20.2915267944, 7.16533327103, 9.52312660217, 20.8126983643, 41.2826652527, 78.3717651367, 28.8963527679], [280.276092529, -64.7968521118, 37.7152824402, 49.4884796143, 25.7529296875, 46.2689437866, 22.2569007874, 14.5840215683, 8.55774784088, 12.2835893631, 5.91261672974, 28.8963527679, 93.6407546997]],
