{
"lowlevel": {
    "average_loudness": 0.879731833935,
    "barkbands_crest": {
        "dmean": 2.74827528,
        "dmean2": 4.37213659286,
        "dvar": 7.13471412659,
        "dvar2": 16.6574172974,
        "max": 26.9318294525,
        "mean": 11.9687414169,
        "median": 11.1347446442,
        "min": 2.26168823242,
        "var": 23.368396759
    },
    "barkbands_flatness_db": {
        "dmean": 0.0220986064523,
        "dmean2": 0.033199865371,
        "dvar": 0.000450895779068,
        "dvar2": 0.000997280236334,
        "max": 0.520259141922,
        "mean": 0.159564808011,
        "median": 0.150311276317,
        "min": 0.0188811998814,
        "var": 0.00328203500248
    },
    "barkbands_kurtosis": {
        "dmean": 3.71627473831,
        "dmean2": 5.82601594925,
        "dvar": 76.7629013062,
        "dvar2": 176.194900513,
        "max": 593.018859863,
        "mean": 6.63918876648,
        "median": 2.11570811272,
        "min": -1.88236379623,
        "var": 392.441619873
    },
    "barkbands_skewness": {
        "dmean": 0.565374314785,
        "dmean2": 0.855380773544,
        "dvar": 0.444388687611,
        "dvar2": 0.979537308216,
        "max": 23.5970458984,
        "mean": 1.80175590515,
        "median": 1.54633176327,
        "min": -3.97377729416,
        "var": 2.69577217102
    },
    "barkbands_spread": {
        "dmean": 5.85857152939,
        "dmean2": 8.70065307617,
        "dvar": 46.7417182922,
        "dvar2": 94.9106063843,
        "max": 115.043708801,
        "mean": 23.9342803955,
        "median": 21.6419487,
        "min": 0.336375892162,
        "var": 218.910644531
    },
    "dissonance": {
        "dmean": 0.017691636458,
        "dmean2": 0.0293223559856,
        "dvar": 0.000300105108181,
        "dvar2": 0.000803375558462,
        "max": 0.499987602234,
        "mean": 0.462344676256,
        "median": 0.468815535307,
        "min": 0.232594892383,
        "var": 0.000779362570029
    },
    "dynamic_complexity": 3.83979487419,
    "erbbands_crest": {
        "dmean": 2.71097326279,
        "dmean2": 4.2509226799,
        "dvar": 7.27920341492,
        "dvar2": 16.5225944519,
        "max": 32.8251037598,
        "mean": 10.2222614288,
        "median": 8.52250480652,
        "min": 2.23464870453,
        "var": 34.3214263916
    },
    "erbbands_flatness_db": {
        "dmean": 0.0181142035872,
        "dmean2": 0.0247186645865,
        "dvar": 0.000301048828987,
        "dvar2": 0.000560883665457,
        "max": 0.411577135324,
        "mean": 0.150242909789,
        "median": 0.144793212414,
        "min": 0.0466810129583,
        "var": 0.00224775006063
    },
    "erbbands_kurtosis": {
        "dmean": 0.977056026459,
        "dmean2": 1.50976145267,
        "dvar": 3.59812045097,
        "dvar2": 7.77926206589,
        "max": 139.038391113,
        "mean": 0.697657942772,
        "median": -0.301338791847,
        "min": -1.91240572929,
        "var": 20.2834625244
    },
    "erbbands_skewness": {
        "dmean": 0.365176260471,
        "dmean2": 0.539713799953,
        "dvar": 0.136060282588,
        "dvar2": 0.287680178881,
        "max": 10.9578409195,
        "mean": 0.390600264072,
        "median": 0.313773572445,
        "min": -3.26085710526,
        "var": 0.901329636574
    },
    "erbbands_spread": {
        "dmean": 8.56949424744,
        "dmean2": 12.4693803787,
        "dvar": 81.6463623047,
        "dvar2": 170.1431427,
        "max": 137.991607666,
        "mean": 41.9593582153,
        "median": 39.9242630005,
        "min": 1.8983310461,
        "var": 377.367614746
    },
    "hfc": {
        "dmean": 5.35626602173,
        "dmean2": 7.37027359009,
        "dvar": 51.4369163513,
        "dvar2": 92.0418395996,
        "max": 129.489517212,
        "mean": 20.7969551086,
        "median": 16.2454681396,
        "min": 1.08316085136e-16,
        "var": 304.393096924
    },
    "melbands_crest": {
        "dmean": 3.13023114204,
        "dmean2": 4.99246072769,
        "dvar": 9.18828868866,
        "dvar2": 21.7074298859,
        "max": 33.1614608765,
        "mean": 15.8809461594,
        "median": 15.1838130951,
        "min": 1.61265897751,
        "var": 31.6208362579
    },
    "melbands_flatness_db": {
        "dmean": 0.0270372107625,
        "dmean2": 0.0391483902931,
        "dvar": 0.000729001534637,
        "dvar2": 0.00150705664419,
        "max": 0.554053843021,
        "mean": 0.211701273918,
        "median": 0.201286077499,
        "min": 0.0036252734717,
        "var": 0.00554433232173
    },
    "melbands_kurtosis": {
        "dmean": 9.00027942657,
        "dmean2": 13.9977111816,
        "dvar": 310.608551025,
        "dvar2": 700.188293457,
        "max": 673.537780762,
        "mean": 19.2470588684,
        "median": 9.76811981201,
        "min": -1.77747571468,
        "var": 1294.59240723
    },
    "melbands_skewness": {
        "dmean": 0.793319225311,
        "dmean2": 1.20638728142,
        "dvar": 0.849638223648,
        "dvar2": 1.87583124638,
        "max": 19.3675670624,
        "mean": 3.03210544586,
        "median": 2.63088083267,
        "min": -2.65004897118,
        "var": 4.2406668663
    },
    "melbands_spread": {
        "dmean": 6.32077407837,
        "dmean2": 9.5285577774,
        "dvar": 68.3298034668,
        "dvar2": 145.133926392,
        "max": 181.33934021,
        "mean": 23.3398895264,
        "median": 19.1588401794,
        "min": 0.361729562283,
        "var": 350.802185059
    },
    "pitch_salience": {
        "dmean": 0.0722787305713,
        "dmean2": 0.115073807538,
        "dvar": 0.00515877502039,
        "dvar2": 0.0123223774135,
        "max": 0.955075323582,
        "mean": 0.485357761383,
        "median": 0.484030604362,
        "min": 0.0207557883114,
        "var": 0.0161843355745
    },
    "silence_rate_20dB": {
        "dmean": 0,
        "dmean2": 0,
        "dvar": 0,
        "dvar2": 0,
        "max": 1,
        "mean": 1,
        "median": 1,
        "min": 1,
        "var": 0
    },
    "silence_rate_30dB": {
        "dmean": 0.0106411278248,
        "dmean2": 0.0212841425091,
        "dvar": 0.0105283875018,
        "dvar2": 0.027395028621,
        "max": 1,
        "mean": 0.992640554905,
        "median": 1,
        "min": 0,
        "var": 0.00730500370264
    },
    "silence_rate_60dB": {
        "dmean": 0.012769353576,
        "dmean2": 0.0255409721285,
        "dvar": 0.0126044386998,
        "dvar2": 0.0296716280282,
        "max": 1,
        "mean": 0.0728852599859,
        "median": 0,
        "min": 0,
        "var": 0.0675710216165
    },
    "spectral_centroid": {
        "dmean": 261.356719971,
        "dmean2": 388.290893555,
        "dvar": 90329.4609375,
        "dvar2": 183056.203125,
        "max": 11812.6083984,
        "mean": 1520.70239258,
        "median": 1414.40454102,
        "min": 225.568939209,
        "var": 1037194.625
    },
    "spectral_complexity": {
        "dmean": 3.29999113083,
        "dmean2": 4.95211076736,
        "dvar": 16.1871986389,
        "dvar2": 29.8591098785,
        "max": 56,
        "mean": 17.7292079926,
        "median": 18,
        "min": 0,
        "var": 99.660697937
    },
    "spectral_decrease": {
        "dmean": 2.3683763839e-09,
        "dmean2": 3.67239083587e-09,
        "dvar": 1.24990340638e-17,
        "dvar2": 2.79512269916e-17,
        "max": 4.80977657322e-21,
        "mean": -7.68440511223e-09,
        "median": -6.63834542891e-09,
        "min": -4.05913986867e-08,
        "var": 3.30558743569e-17
    },
    "spectral_energy": {
        "dmean": 0.00924113672227,
        "dmean2": 0.0142611553892,
        "dvar": 0.000183842232218,
        "dvar2": 0.000408817693824,
        "max": 0.154665797949,
        "mean": 0.0308891851455,
        "median": 0.026839800179,
        "min": 1.00978129823e-20,
        "var": 0.000512223748956
    },
    "spectral_energyband_high": {
        "dmean": 0.000411453307606,
        "dmean2": 0.000561798980925,
        "dvar": 4.05794509106e-07,
        "dvar2": 7.5690684298e-07,
        "max": 0.0125869149342,
        "mean": 0.000890730181709,
        "median": 0.00045086274622,
        "min": 6.90815849606e-21,
        "var": 1.35554967073e-06
    },
    "spectral_energyband_low": {
        "dmean": 0.006968034897,
        "dmean2": 0.0110905682668,
        "dvar": 0.000160726296599,
        "dvar2": 0.00036991017987,
        "max": 0.144330188632,
        "mean": 0.0149478865787,
        "median": 0.0114482976496,
        "min": 1.45428180263e-23,
        "var": 0.000282138149487
    },
    "spectral_energyband_middle_high": {
        "dmean": 0.00168821355328,
        "dmean2": 0.00242074159905,
        "dvar": 8.47762021294e-06,
        "dvar2": 1.7339225451e-05,
        "max": 0.0567556656897,
        "mean": 0.00613135145977,
        "median": 0.00296243047342,
        "min": 1.10520205469e-21,
        "var": 6.02189356869e-05
    },
    "spectral_energyband_middle_low": {
        "dmean": 0.0039446153678,
        "dmean2": 0.00620673457161,
        "dvar": 3.41106133419e-05,
        "dvar2": 8.25610986794e-05,
        "max": 0.069641046226,
        "mean": 0.00987793877721,
        "median": 0.00756707647815,
        "min": 1.82397149466e-22,
        "var": 7.63850257499e-05
    },
    "spectral_entropy": {
        "dmean": 0.173441410065,
        "dmean2": 0.240121051669,
        "dvar": 0.031187068671,
        "dvar2": 0.0563334748149,
        "max": 9.82131481171,
        "mean": 7.572722435,
        "median": 7.59932184219,
        "min": 4.40436887741,
        "var": 0.252798676491
    },
    "spectral_flux": {
        "dmean": 0.0278342794627,
        "dmean2": 0.0438281930983,
        "dvar": 0.00100105151068,
        "dvar2": 0.0022620591335,
        "max": 0.34052336216,
        "mean": 0.0855097919703,
        "median": 0.0753111243248,
        "min": 6.37506783474e-11,
        "var": 0.00288292346522
    },
    "spectral_kurtosis": {
        "dmean": 1.31242001057,
        "dmean2": 2.11337041855,
        "dvar": 2.41888904572,
        "dvar2": 6.02430772781,
        "max": 37.3504943848,
        "mean": 3.86059141159,
        "median": 3.33232665062,
        "min": -1.26179814339,
        "var": 6.9223818779
    },
    "spectral_rms": {
        "dmean": 0.000762569659855,
        "dmean2": 0.00116303190589,
        "dvar": 8.84417943325e-07,
        "dvar2": 1.89208014945e-06,
        "max": 0.012283870019,
        "mean": 0.00506286649033,
        "median": 0.00511714443564,
        "min": 3.13871389816e-12,
        "var": 4.5030410547e-06
    },
    "spectral_rolloff": {
        "dmean": 464.067260742,
        "dmean2": 751.926147461,
        "dvar": 696727,
        "dvar2": 1432962.25,
        "max": 19509.0820312,
        "mean": 1440.0769043,
        "median": 861.328125,
        "min": 64.599609375,
        "var": 3937723.75
    },
    "spectral_skewness": {
        "dmean": 0.199490860105,
        "dmean2": 0.307175606489,
        "dvar": 0.0440934337676,
        "dvar2": 0.100281126797,
        "max": 4.67239618301,
        "mean": 1.42128121853,
        "median": 1.35484397411,
        "min": -0.100473642349,
        "var": 0.204462215304
    },
    "spectral_spread": {
        "dmean": 580982.25,
        "dmean2": 777090.0625,
        "dvar": 554104651776,
        "dvar2": 978668617728,
        "max": 42852580,
        "mean": 5013907,
        "median": 4536037.5,
        "min": 1891258.75,
        "var": 1.02884389683e+13
    },
    "spectral_strongpeak": {
        "dmean": 0.462163776159,
        "dmean2": 0.790699779987,
        "dvar": 0.913230717182,
        "dvar2": 2.22079467773,
        "max": 12.1988325119,
        "mean": 0.855891823769,
        "median": 0.343102157116,
        "min": 0,
        "var": 1.74298417568
    },
    "zerocrossingrate": {
        "dmean": 0.0105519322678,
        "dmean2": 0.011961678043,
        "dvar": 0.00014443656255,
        "dvar2": 0.000168293772731,
        "max": 0.53759765625,
        "mean": 0.0591922178864,
        "median": 0.05078125,
        "min": 0.00390625,
        "var": 0.00248897005804
    },
    "barkbands": {
        "dmean": [0.000166525191162, 0.00595218548551, 0.00228709750809, 0.00110239884816, 0.00119285751134, 0.00135944155045, 0.000852358760312, 0.000659140525386, 0.000507090007886, 0.0007629286265, 0.000388896762161, 0.00032347717206, 0.000233975370065, 0.000299913139315, 0.000311791867716, 0.000295521283988, 0.000236279069213, 0.000195010419702, 0.000233825689065, 0.000216683838516, 0.000104594299046, 8.75473269843e-05, 6.65622064844e-05, 4.75824781461e-05, 4.60009687231e-05, 2.2553920644e-05, 1.23982790701e-09],
        "dmean2": [0.000264341506409, 0.00933087710291, 0.00406760443002, 0.00191048812121, 0.00194877933245, 0.00209168763831, 0.00133529992308, 0.00097368482966, 0.000788091565482, 0.00114319159184, 0.000580432300922, 0.000489455880597, 0.000369472982129, 0.000437900976976, 0.000492306309752, 0.000467914826004, 0.000363962026313, 0.000303013192024, 0.000362669787137, 0.000320738530718, 0.000156589652761, 0.000122886936879, 9.53189810389e-05, 6.60060468363e-05, 6.198889605e-05, 3.08477465296e-05, 2.29563856813e-09],
        "dvar": [1.24253205058e-07, 0.000136825154186, 3.92086258216e-05, 5.60174566999e-06, 5.05788693772e-06, 6.33104991721e-06, 4.29528745371e-06, 4.07040215578e-06, 2.2854026156e-06, 4.78677611682e-06, 1.83600434411e-06, 9.73427859208e-07, 5.18764863955e-07, 7.48752938762e-07, 5.91873174471e-07, 5.69387623273e-07, 3.10998444775e-07, 1.77211120445e-07, 1.92034590896e-07, 1.80995698429e-07, 3.6189284458e-08, 3.16880282014e-08, 1.32380861828e-08, 8.49340597853e-09, 2.72061555506e-08, 2.54387155785e-09, 3.23843174368e-18],
        "dvar2": [2.97628645285e-07, 0.000308744085487, 0.000113195397716, 1.56405731104e-05, 1.29953668875e-05, 1.40120391734e-05, 1.05749240902e-05, 9.17531451705e-06, 5.12852102474e-06, 1.06220577436e-05, 3.67493021258e-06, 2.02207320399e-06, 1.08276674382e-06, 1.45124568007e-06, 1.32464947455e-06, 1.32139177822e-06, 6.40377209038e-07, 3.97893984427e-07, 4.39642889205e-07, 3.74052916641e-07, 8.02158410806e-08, 6.70198048169e-08, 2.6363824901e-08, 1.69992340204e-08, 4.68097951511e-08, 4.70353800353e-09, 1.03117600747e-17],
        "max": [0.0120998751372, 0.135049462318, 0.0773568898439, 0.0338507369161, 0.0408138595521, 0.0477296300232, 0.048592492938, 0.0576203949749, 0.0337657742202, 0.050813421607, 0.0387189723551, 0.0336293391883, 0.0203655716032, 0.0199616141617, 0.021158689633, 0.0169925689697, 0.0147047182545, 0.00939479377121, 0.0100021036342, 0.00996282882988, 0.00576249044389, 0.00513860629871, 0.00184266304132, 0.00257389666513, 0.0075786462985, 0.00160389393568, 1.95080733789e-08],
        "mean": [0.000238418535446, 0.0112799052149, 0.0027374823112, 0.00128912017681, 0.00183512235526, 0.0027479971759, 0.00142017833423, 0.00127730029635, 0.000840041262563, 0.00176450342406, 0.000706645252649, 0.000550635566469, 0.000368840846932, 0.000502519367728, 0.000476397981402, 0.000487039476866, 0.000439697061665, 0.000366234104149, 0.000458977679955, 0.000455256027635, 0.000179540627869, 0.000144468271174, 0.000114822454634, 9.07907888177e-05, 8.40466527734e-05, 3.31251903845e-05, 1.0089996616e-09],
        "median": [6.39748977846e-05, 0.00849519297481, 0.0012223504018, 0.000459948467324, 0.0010229293257, 0.00130278989673, 0.000598156009801, 0.00039080667193, 0.000235084095038, 0.000310520699713, 0.000120610697195, 0.000112494097266, 0.00011030981841, 0.000102578720544, 0.000164885175764, 0.000156417634571, 0.000175725042936, 0.000140427815495, 0.00021016629762, 0.00016518511984, 8.25510214781e-05, 5.43419882888e-05, 4.75518536405e-05, 3.55890915671e-05, 2.23707320401e-05, 6.99748670741e-06, 3.71383424014e-10],
        "min": [1.6352746369e-25, 3.73820514829e-24, 7.98160145483e-25, 6.20262692936e-25, 5.60253195851e-24, 7.88425138457e-24, 1.03444158806e-23, 8.98322534455e-24, 1.06748444702e-23, 1.40724407789e-23, 1.82853540209e-23, 2.44231478251e-23, 2.30301504174e-23, 3.95873941849e-23, 6.26774159896e-23, 5.30705290463e-23, 5.51188158531e-23, 1.18494682977e-22, 1.27401515821e-22, 1.82742986086e-22, 2.49669831689e-22, 3.37015767533e-22, 3.63608155052e-22, 5.8288414794e-22, 8.55701783918e-22, 1.21058316836e-21, 1.9680648276e-21],
        "var": [1.94278342747e-07, 0.000204306648811, 2.79824180325e-05, 5.51691664441e-06, 6.62216871206e-06, 1.75265504367e-05, 6.57418786432e-06, 8.70432450029e-06, 5.28448617843e-06, 2.40495355683e-05, 6.39789050183e-06, 2.99590760733e-06, 1.0908497643e-06, 2.23553888645e-06, 1.15048328553e-06, 1.20005768167e-06, 9.41681832956e-07, 4.7361857014e-07, 4.64293293589e-07, 6.21933281764e-07, 7.6296799989e-08, 6.45495319418e-08, 3.10228926992e-08, 2.62982702282e-08, 8.11565215031e-08, 6.66145671957e-09, 2.646891313e-18]
    },
    "erbbands": {
        "dmean": [0.183089181781, 1.35412871838, 2.46003317833, 3.19609189034, 4.01351070404, 4.06943511963, 6.01105833054, 14.1160926819, 13.7791900635, 11.8503370285, 11.7233600616, 11.6085510254, 20.8479404449, 20.5208129883, 15.3650007248, 11.8362960815, 10.0375614166, 13.4718360901, 16.014465332, 14.4096832275, 13.7511043549, 11.1780147552, 9.32588481903, 12.0280885696, 10.0724582672, 10.5106878281, 5.73474979401, 3.35955405235, 3.26622843742, 2.62197160721, 1.76329028606, 1.1271327734, 0.752130746841, 0.579367637634, 0.308385461569, 0.127165585756, 0.0369189456105, 0.00311798485927, 6.04974084126e-05, 1.24159505503e-05],
        "dmean2": [0.28041023016, 2.16819000244, 4.2374458313, 5.5536236763, 6.93472290039, 6.66864013672, 9.32899665833, 21.7268657684, 21.2630805969, 18.4089984894, 17.2999420166, 17.8944950104, 30.9332046509, 29.9239444733, 21.9478034973, 17.6240596771, 15.6890630722, 19.2796058655, 24.3992710114, 22.5051517487, 21.3878822327, 16.7901878357, 14.3014812469, 18.4843521118, 15.2550315857, 15.7026500702, 8.4863986969, 4.97707414627, 4.61844444275, 3.71141409874, 2.52709698677, 1.59896194935, 1.04984867573, 0.793125391006, 0.416128396988, 0.176318466663, 0.0512417405844, 0.00447804480791, 8.37438492454e-05, 1.8344460841e-05],
        "dvar": [0.140267446637, 7.23437356949, 37.2348747253, 55.9122390747, 72.6790313721, 67.8927230835, 126.27217865, 793.641662598, 997.712585449, 1151.89746094, 1367.15307617, 1153.0357666, 3695.87158203, 4040.07275391, 2684.93359375, 1391.33654785, 848.116516113, 1510.97119141, 1673.04833984, 1412.16577148, 1136.19909668, 850.603881836, 425.054412842, 586.778259277, 375.588043213, 428.080780029, 120.205718994, 39.5024185181, 45.9829978943, 25.451543808, 8.91892623901, 4.0767698288, 2.9499502182, 4.38545751572, 1.26480770111, 0.109854727983, 0.00688438536599, 4.48911596322e-05, 1.53631951605e-08, 2.81431822291e-10],
        "dvar2": [0.302105277777, 16.9833850861, 105.229133606, 155.64932251, 195.899871826, 176.343521118, 308.312866211, 1699.40246582, 2367.30444336, 2856.94677734, 2919.94042969, 2561.43481445, 7725.58691406, 8277.64453125, 5077.5625, 2725.47558594, 1774.09057617, 2784.38623047, 3468.98828125, 3170.83691406, 2523.10766602, 1719.22241211, 947.398132324, 1342.57104492, 799.517272949, 904.948547363, 257.533630371, 88.5259552002, 98.482673645, 51.5270080566, 18.3211898804, 8.61309528351, 5.77615118027, 8.22080516815, 2.12223172188, 0.198566287756, 0.0132965613157, 9.40227400861e-05, 2.99863600617e-08, 5.75401948311e-10],
        "max": [4.43488311768, 29.328327179, 74.6027374268, 109.442352295, 118.606079102, 234.740692139, 240.382171631, 592.416809082, 552.668762207, 928.514770508, 1271.36364746, 918.771179199, 1590.93469238, 2010.23693848, 1423.23498535, 1689.93994141, 1076.99121094, 1030.72119141, 1038.92565918, 777.279785156, 819.566772461, 910.533325195, 587.065185547, 695.365539551, 679.321289062, 456.794006348, 326.991607666, 120.742790222, 203.467880249, 114.264938354, 52.7175178528, 44.8337135315, 71.7941513062, 114.837249756, 37.930934906, 10.4152593613, 3.05116891861, 0.196968302131, 0.00381178688258, 0.000298511615256],
        "mean": [0.321711361408, 2.52018547058, 3.60150122643, 3.93679094315, 4.68626785278, 6.36720705032, 11.276350975, 27.3511142731, 25.0776729584, 22.5470981598, 22.1796016693, 21.7130813599, 38.7695960999, 50.5633049011, 31.9917926788, 23.8152217865, 17.718164444, 25.3207607269, 27.461933136, 25.4229946136, 25.3487682343, 22.0934963226, 19.8801326752, 24.5667705536, 22.144405365, 22.1758956909, 11.3838596344, 5.93571281433, 5.27728271484, 4.31609535217, 3.09652853012, 2.10763287544, 1.39983034134, 1.04321062565, 0.539868116379, 0.196033209562, 0.0514021553099, 0.00412761792541, 9.89187465166e-05, 4.15893591708e-05],
        "median": [0.170419096947, 1.94633507729, 2.10326290131, 1.91349637508, 2.05784440041, 3.35386991501, 5.68479061127, 11.563615799, 11.4615802765, 8.31532478333, 8.37955284119, 7.59807300568, 9.7343006134, 9.03911018372, 6.8667640686, 6.0103225708, 5.8497171402, 6.79538726807, 9.15187835693, 9.63712978363, 10.2547397614, 8.83917617798, 8.55589866638, 10.3416805267, 9.93430709839, 8.24425506592, 5.30965900421, 2.76800107956, 1.92449712753, 1.57740712166, 1.30364739895, 0.873090267181, 0.501796960831, 0.297006934881, 0.130346745253, 0.0410805158317, 0.0101584382355, 0.000813279184513, 3.63459912478e-05, 3.57064054697e-05],
        "min": [1.47959660151e-22, 7.96132107553e-22, 1.55522657714e-21, 2.98369600529e-21, 1.26414353712e-20, 2.07590862113e-20, 2.50573267005e-20, 7.84417248965e-20, 7.72704759232e-20, 2.39770501463e-19, 2.80136605162e-19, 3.02694828593e-19, 4.43304339939e-19, 7.54019640999e-19, 8.03693749638e-19, 1.51943297115e-18, 1.49116448731e-18, 2.0483545887e-18, 3.16477234411e-18, 1.94031115222e-18, 3.92814010831e-18, 3.7974509482e-18, 6.0084559219e-18, 6.58780743267e-18, 7.14029749381e-18, 7.71725762543e-18, 1.10018760326e-17, 1.00376911495e-17, 1.14708270557e-17, 1.05208101222e-17, 9.86053801366e-18, 1.09374246008e-17, 1.03416006153e-17, 8.34435400115e-18, 6.60089467073e-18, 4.36441377493e-18, 2.2131167658e-18, 1.0044337339e-18, 2.55080839119e-19, 2.58292930072e-20],
        "var": [0.216405466199, 10.0335636139, 31.346540451, 48.1867179871, 64.5489120483, 94.1833572388, 307.647491455, 2292.52539062, 1794.36181641, 2377.51220703, 2730.2512207, 3031.08447266, 9252.72851562, 26538.734375, 8714.14941406, 5448.98535156, 2071.36157227, 4959.81542969, 4003.0144043, 3017.72827148, 2741.53393555, 2479.69824219, 1323.8737793, 1560.00671387, 1213.91674805, 1450.52770996, 302.195495605, 80.5832672119, 88.910987854, 54.0294113159, 22.1168651581, 11.8302631378, 8.76591300964, 11.7858924866, 3.66682863235, 0.301894515753, 0.015820607543, 9.08380097826e-05, 3.72049946407e-08, 9.3639540566e-10]
    },
    "gfcc": {
        "mean": [-16.6636962891, 91.7559661865, -110.149307251, 42.7016563416, -57.918636322, 13.0311765671, -35.469619751, 19.9128074646, -21.9246368408, 8.85961151123, -9.16862106323, 4.13364219666, -6.05418872833],
        "cov": [[22484.046875, 1211.59265137, -1476.97521973, 963.904785156, -273.129638672, 849.177612305, 171.016342163, 79.21849823, 11.7320289612, 309.528930664, -336.436584473, -227.04876709, -183.929977417], [1211.59265137, 1064.68811035, -77.0248718262, 44.9109077454, 215.020614624, 16.6666278839, 175.333450317, -9.31837654114, 73.326133728, -58.7693099976, 89.2094116211, -123.433937073, 55.2951850891], [-1476.97521973, -77.0248718262, 835.294494629, 78.3210067749, 34.165348053, 14.521478653, -28.6101360321, 3.72654891014, 29.3467674255, -18.7654857635, -41.2778091431, 75.7138595581, -59.1256256104], [963.904785156, 44.9109077454, 78.3210067749, 335.107666016, 58.6669006348, 65.0836334229, 27.7655487061, -0.490249276161, 57.1535110474, 0.24834176898, -27.5940876007, -23.3593883514, -21.4059944153], [-273.129638672, 215.020614624, 34.165348053, 58.6669006348, 309.771453857, 85.3855285645, 116.593452454, 29.5813903809, 44.8130149841, 7.59841251373, 24.0405082703, -44.8411369324, 18.9089317322], [849.177612305, 16.6666278839, 14.521478653, 65.0836334229, 85.3855285645, 336.552215576, 135.660400391, -33.5876464844, 39.1133155823, 52.3017807007, -53.1946868896, -54.6006546021, -31.5025272369], [171.016342163, 175.333450317, -28.6101360321, 27.7655487061, 116.593452454, 135.660400391, 223.313110352, 18.0206050873, 37.6653823853, 13.3350515366, 9.40354728699, -55.7228355408, 13.7173967361], [79.21849823, -9.31837654114, 3.72654891014, -0.490249276161, 29.5813903809, -33.5876464844, 18.0206050873, 163.79850769, 32.3329086304, -2.39212298393, 18.6460552216, 24.4876327515, 29.4637527466], [11.7320289612, 73.326133728, 29.3467674255, 57.1535110474, 44.8130149841, 39.1133155823, 37.6653823853, 32.3329086304, 137.731811523, 24.9522342682, 1.12111508846, -2.32027244568, 7.84779310226], [309.528930664, -58.7693099976, -18.7654857635, 0.24834176898, 7.59841251373, 52.3017807007, 13.3350515366, -2.39212298393, 24.9522342682, 111.323646545, 30.2947921753, 2.65437841415, -12.0568037033], [-336.436584473, 89.2094116211, -41.2778091431, -27.5940876007, 24.0405082703, -53.1946868896, 9.40354728699, 18.6460552216, 1.12111508846, 30.2947921753, 137.146499634, 27.4565105438, 32.5859985352], [-227.04876709, -123.433937073, 75.7138595581, -23.3593883514, -44.8411369324, -54.6006546021, -55.7228355408, 24.4876327515, -2.32027244568, 2.65437841415, 27.4565105438, 120.332733154, 23.168132782], [-183.929977417, 55.2951850891, -59.1256256104, -21.4059944153, 18.9089317322, -31.5025272369, 13.7173967361, 29.4637527466, 7.84779310226, -12.0568037033, 32.5859985352, 23.168132782, 105.940185547]],
        "icov": [[0.00014193682, -0.000409064319683, 0.000320558669046, -0.000478051922983, 0.000348420522641, -0.000365485611837, 0.000183891243069, -0.000407081359299, 0.000465740187792, -0.000675886578392, 0.000635348376818, -0.000485454947921, 0.000260099535808], [-0.000409064319683, 0.00277736946009, -0.000961031124461, 0.00138319563121, -0.00153961044271, 0.00130411458667, -0.0011710334802, 0.00168012722861, -0.00220669037662, 0.00327481771819, -0.00320266792551, 0.00292904069647, -0.00118904886767], [0.000320558669046, -0.000961031124461, 0.00220775557682, -0.00130730867386, 0.000392453395762, -0.000842907174956, 0.000434711109847, -0.00086098886095, 0.000808641780168, -0.00117214466445, 0.00187566585373, -0.00259467586875, 0.00168582575861], [-0.000478051922983, 0.00138319563121, -0.00130730867386, 0.00508490344509, -0.00161126081366, 0.000811600126326, -0.000346875109244, 0.00144865422044, -0.00289385975339, 0.00270004430786, -0.00189905811567, 0.00203832564875, -0.000423137185862], [0.000348420522641, -0.00153961044271, 0.000392453395762, -0.00161126081366, 0.00556478323415, -0.00153035263065, -0.000784092175309, -0.00176601507701, 0.000933934235945, -0.00174062268343, 0.000801839632913, -0.000229212309932, -1.74391734618e-05], [-0.000365485611837, 0.00130411458667, -0.000842907174956, 0.000811600126326, -0.00153035263065, 0.00642011966556, -0.00361810880713, 0.00227961572818, -0.0015237738844, -0.000793034851085, 0.000805673771538, 0.00136871449649, -0.000129454594571], [0.000183891243069, -0.0011710334802, 0.000434711109847, -0.000346875109244, -0.000784092175309, -0.00361810880713, 0.00851006060839, -0.00178758462425, 0.000174395245267, -0.000409687403589, -0.000359623983968, 0.00140354631003, -0.000693543697707], [-0.000407081359299, 0.00168012722861, -0.00086098886095, 0.00144865422044, -0.00176601507701, 0.00227961572818, -0.00178758462425, 0.00859076622874, -0.00317992176861, 0.00237205368467, -0.00202145869844, 0.00028650285094, -0.00187156430911], [0.000465740187792, -0.00220669037662, 0.000808641780168, -0.00289385975339, 0.000933934235945, -0.0015237738844, 0.000174395245267, -0.00317992176861, 0.0110924206674, -0.00508721778169, 0.00340692908503, -0.00255668326281, 0.000179487920832], [-0.000675886578392, 0.00327481771819, -0.00117214466445, 0.00270004430786, -0.00174062268343, -0.000793034851085, -0.000409687403589, 0.00237205368467, -0.00508721778169, 0.0163420792669, -0.00819543097168, 0.00296318554319, 0.000586353125982], [0.000635348376818, -0.00320266792551, 0.00187566585373, -0.00189905811567, 0.000801839632913, 0.000805673771538, -0.000359623983968, -0.00202145869844, 0.00340692908503, -0.00819543097168, 0.0145860239863, -0.00575571879745, -0.000269835203653], [-0.000485454947921, 0.00292904069647, -0.00259467586875, 0.00203832564875, -0.000229212309932, 0.00136871449649, 0.00140354631003, 0.00028650285094, -0.00255668326281, 0.00296318554319, -0.00575571879745, 0.0155872954056, -0.00433315429837], [0.000260099535808, -0.00118904886767, 0.00168582575861, -0.000423137185862, -1.74391734618e-05, -0.000129454594571, -0.000693543697707, -0.00187156430911, 0.000179487920832, 0.000586353125982, -0.000269835203653, -0.00433315429837, 0.0130258416757]]
    },
    "melbands": {
        "dmean": [0.00166265713051, 0.00133962964173, 0.000582497857977, 0.000273115118034, 0.000199596586754, 0.000297462480376, 0.000200309790671, 0.000132962697535, 8.71130105224e-05, 7.95997621026e-05, 0.000108796622953, 8.92857206054e-05, 5.07310942339e-05, 4.06800754718e-05, 2.38392040046e-05, 2.42687383434e-05, 2.84757425106e-05, 2.85992136924e-05, 1.92513216462e-05, 2.43448248511e-05, 1.64282791957e-05, 1.33393996293e-05, 1.08331405499e-05, 9.39687834034e-06, 1.11594490591e-05, 8.49637945066e-06, 7.33734214009e-06, 7.75719763624e-06, 4.62115895061e-06, 2.57275996773e-06, 1.95118900592e-06, 1.972462087e-06, 1.73847172391e-06, 1.47396565353e-06, 1.07539824512e-06, 8.64780361098e-07, 6.77922173509e-07, 5.49687626972e-07, 5.37139669632e-07, 5.10162578848e-07],
        "dmean2": [0.00256589869969, 0.00221697147936, 0.00101598736364, 0.000455717323348, 0.000311962066917, 0.00045769038843, 0.000309592316626, 0.000205231539439, 0.00012941393652, 0.000122786659631, 0.000161028234288, 0.0001306024933, 7.3107505159e-05, 6.06030662311e-05, 3.63925573765e-05, 3.74019655283e-05, 4.08940686611e-05, 4.32719425589e-05, 3.00616156892e-05, 3.83971528208e-05, 2.56052517216e-05, 2.0332810891e-05, 1.67084072018e-05, 1.4657032807e-05, 1.74031720235e-05, 1.31519200295e-05, 1.1042126971e-05, 1.17323415907e-05, 6.99579504726e-06, 3.9377127905e-06, 2.94087385555e-06, 2.87241778096e-06, 2.51534243034e-06, 2.14755368688e-06, 1.57501960985e-06, 1.272978011e-06, 9.84049052022e-07, 7.89941282164e-07, 7.77706532062e-07, 7.13085853477e-07],
        "dvar": [1.10180717456e-05, 7.5004950304e-06, 1.76919627393e-06, 2.82685107322e-07, 1.32692903776e-07, 3.32388765401e-07, 2.03841210578e-07, 1.60471842037e-07, 7.31247808972e-08, 5.70769955743e-08, 9.82567485153e-08, 7.74305206619e-08, 3.09206775739e-08, 1.52047654467e-08, 5.95411409066e-09, 6.16238304829e-09, 7.54536433334e-09, 5.99863847484e-09, 2.76468203886e-09, 3.99206934176e-09, 1.74594727564e-09, 1.39250877496e-09, 5.79285230895e-10, 4.46028408652e-10, 5.53446621865e-10, 2.68767202938e-10, 2.43086079044e-10, 2.57823012939e-10, 9.02793464985e-11, 2.68819463217e-11, 1.45792058981e-11, 1.77552660074e-11, 1.412621322e-11, 7.7681012664e-12, 3.46169815903e-12, 2.4249385052e-12, 1.6641384451e-12, 1.39622298098e-12, 3.31750555846e-12, 3.75042705225e-12],
        "dvar2": [2.41353172896e-05, 1.9598099243e-05, 4.90366073791e-06, 7.33694889732e-07, 3.30586175323e-07, 7.20844639091e-07, 4.91983030315e-07, 3.90639655734e-07, 1.55018568648e-07, 1.25243516891e-07, 2.05429188327e-07, 1.60833295126e-07, 5.97111124989e-08, 3.14222603492e-08, 1.1876994499e-08, 1.28038060154e-08, 1.38093314561e-08, 1.21628351835e-08, 6.4165552871e-09, 9.30808408128e-09, 3.88581611332e-09, 2.79207745812e-09, 1.22469512309e-09, 1.02688446635e-09, 1.30226940342e-09, 6.11133754713e-10, 5.02135499847e-10, 5.61394652987e-10, 1.98149746611e-10, 6.15365258749e-11, 3.41533121229e-11, 4.01121982851e-11, 3.19019671791e-11, 1.61492277884e-11, 7.38347057105e-12, 5.56543483174e-12, 3.67737220883e-12, 2.89829987267e-12, 7.18141865419e-12, 7.06806705178e-12],
        "max": [0.0383835285902, 0.0336529761553, 0.0175925120711, 0.0100118909031, 0.00688972091302, 0.0116446232423, 0.00859749317169, 0.0123296035454, 0.00860741641372, 0.00639809016138, 0.00795736443251, 0.00875072367489, 0.00472728582099, 0.00391644332558, 0.00274054659531, 0.00232325494289, 0.00228288397193, 0.00154986418784, 0.00133187568281, 0.0015807049349, 0.00104035262484, 0.00124960008543, 0.000841639644932, 0.000624237873126, 0.000661404454149, 0.00045255801524, 0.00061972241383, 0.00039261879283, 0.000228224860621, 0.000163970020367, 9.04743064893e-05, 0.000130205458845, 0.000115218783321, 4.76786008221e-05, 3.7829795474e-05, 4.90820930281e-05, 2.42383703153e-05, 3.83647275157e-05, 9.78872703854e-05, 9.90051703411e-05],
        "mean": [0.00307864439674, 0.00245947297662, 0.000717828806955, 0.000384893530281, 0.00037846135092, 0.000587368209381, 0.000362156686606, 0.0002550650388, 0.00016005669022, 0.000139634779771, 0.000198480469408, 0.000214494808461, 9.86173472484e-05, 7.4780160503e-05, 4.19042662543e-05, 3.74373667e-05, 4.96499196743e-05, 4.53594511782e-05, 2.91359719995e-05, 4.02312325605e-05, 2.69036991085e-05, 2.30911573453e-05, 2.06765780604e-05, 1.74201086338e-05, 2.02483061003e-05, 1.62586366059e-05, 1.4726473637e-05, 1.49258275997e-05, 8.39691165311e-06, 4.09631093135e-06, 3.200518222e-06, 3.04099717141e-06, 2.6381733278e-06, 2.31137369155e-06, 1.7999936972e-06, 1.50009191202e-06, 1.20217259791e-06, 9.5949860679e-07, 9.49791740368e-07, 8.63659067818e-07],
        "median": [0.0020681291353, 0.00176854175515, 0.000355985423084, 0.000200895476155, 0.000201231843675, 0.000255110964645, 0.000165333345649, 8.51523946039e-05, 5.95052952121e-05, 4.01096840505e-05, 4.6436478442e-05, 3.03171145788e-05, 1.80497354449e-05, 1.67262696777e-05, 1.16620631161e-05, 1.13178393804e-05, 1.06595525722e-05, 1.30149437609e-05, 1.02800586319e-05, 1.29070140247e-05, 1.04719401861e-05, 8.50906144478e-06, 7.74934323999e-06, 6.72571468385e-06, 7.61529918236e-06, 7.16529302736e-06, 5.67705774301e-06, 5.13420354764e-06, 3.4672179936e-06, 1.67958410202e-06, 1.38823634188e-06, 1.10351481908e-06, 8.72753844305e-07, 8.3180304955e-07, 7.48699790165e-07, 6.39854818019e-07, 4.68279836241e-07, 3.44202021552e-07, 2.92697450277e-07, 2.33293363294e-07],
        "min": [1.24106338901e-24, 1.31073163985e-24, 6.42911481171e-25, 1.259512479e-24, 1.08148767472e-24, 2.1661532756e-24, 9.51981563203e-25, 2.50571608567e-24, 2.08685678019e-24, 1.68235710977e-24, 1.86229115466e-24, 2.27131316743e-24, 2.42009410909e-24, 3.22467208177e-24, 3.33237131686e-24, 2.00485823897e-24, 3.06940808398e-24, 3.92964196846e-24, 4.16756675621e-24, 3.13445794865e-24, 3.57627054267e-24, 3.14498608629e-24, 4.52610995409e-24, 4.77032038553e-24, 4.76733415257e-24, 4.81646953735e-24, 4.45846158159e-24, 4.6830009775e-24, 5.39380843489e-24, 6.54684894916e-24, 5.47911664204e-24, 5.5088105498e-24, 4.38738560846e-24, 5.35893289427e-24, 5.29258180353e-24, 6.18910171193e-24, 6.60844754737e-24, 6.35706715916e-24, 6.52549724546e-24, 6.40767416395e-24],
        "var": [1.67174403032e-05, 9.11129063752e-06, 1.48784386056e-06, 3.2708061326e-07, 2.97591242315e-07, 9.46993623074e-07, 3.59860536037e-07, 3.43663344893e-07, 1.46775263943e-07, 1.49700582597e-07, 2.50970543902e-07, 5.12093322413e-07, 1.00050094431e-07, 4.59780444828e-08, 1.63821720633e-08, 1.17190435134e-08, 2.41331523654e-08, 1.33529560742e-08, 4.50138326613e-09, 8.1835285215e-09, 3.52882367771e-09, 3.16975268255e-09, 2.28376895173e-09, 1.08912179275e-09, 1.24690091585e-09, 6.59505228207e-10, 7.64405039266e-10, 7.48736628253e-10, 2.07525094331e-10, 5.2100129766e-11, 2.63985187876e-11, 3.08617575939e-11, 2.52491361152e-11, 1.53203543601e-11, 7.8606860604e-12, 5.60848936737e-12, 4.41703791598e-12, 3.66793834888e-12, 8.10149863861e-12, 9.350642656e-12]
    },
    "mfcc": {
        "mean": [-652.51171875, 114.750343323, 6.65270185471, 31.9363613129, 5.57738113403, -0.634812176228, 3.07013630867, 4.5350356102, 0.124673984945, 6.28211116791, -0.102560222149, 1.48636090755, 4.79507541656],
        "cov": [[12527.09375, 819.99621582, -326.132598877, 372.334533691, 20.3776988983, 649.595825195, 220.449966431, 161.394561768, 350.527832031, 532.912963867, 3.61728405952, 88.7251815796, 92.152053833], [819.99621582, 1195.82543945, -45.024772644, 135.741912842, 103.314346313, 12.9620733261, 152.888381958, 68.2177658081, 51.8737754822, 84.4984817505, 18.7295246124, 17.1654148102, 17.1318511963], [-326.132598877, -45.024772644, 609.96270752, 71.6335220337, 43.7520751953, 63.0798988342, -63.030506134, 41.603427887, 7.54764032364, -71.560546875, 47.987651825, 11.4953966141, -28.4036979675], [372.334533691, 135.741912842, 71.6335220337, 281.242218018, 90.8522491455, -10.9953775406, 9.17121219635, 35.9821777344, 21.5629959106, 6.70331764221, 3.96482777596, 30.0345096588, 10.5270490646], [20.3776988983, 103.314346313, 43.7520751953, 90.8522491455, 187.701522827, 23.4707489014, 24.1536121368, 37.8032073975, 33.1184310913, 10.4462985992, 16.5935707092, 21.9033699036, 12.1300392151], [649.595825195, 12.9620733261, 63.0798988342, -10.9953775406, 23.4707489014, 311.974761963, 56.7702407837, 27.7480621338, 55.345249176, 76.9611129761, 32.9549331665, 9.23718643188, -16.7002296448], [220.449966431, 152.888381958, -63.030506134, 9.17121219635, 24.1536121368, 56.7702407837, 193.853240967, 33.4658584595, 21.4019088745, 65.4090576172, 2.60797858238, -0.810875833035, 21.6528568268], [161.394561768, 68.2177658081, 41.603427887, 35.9821777344, 37.8032073975, 27.7480621338, 33.4658584595, 126.095504761, 65.0496444702, 16.7494812012, 15.9516849518, 8.58714008331, -5.08326911926], [350.527832031, 51.8737754822, 7.54764032364, 21.5629959106, 33.1184310913, 55.345249176, 21.4019088745, 65.0496444702, 135.50958252, 65.9723739624, 11.2590484619, 1.65131354332, -6.30567598343], [532.912963867, 84.4984817505, -71.560546875, 6.70331764221, 10.4462985992, 76.9611129761, 65.4090576172, 16.7494812012, 65.9723739624, 139.14541626, 21.691204071, 4.49267292023, 10.9498519897], [3.61728405952, 18.7295246124, 47.987651825, 3.96482777596, 16.5935707092, 32.9549331665, 2.60797858238, 15.9516849518, 11.2590484619, 21.691204071, 90.8987884521, 41.3960533142, 0.520018398762], [88.7251815796, 17.1654148102, 11.4953966141, 30.0345096588, 21.9033699036, 9.23718643188, -0.810875833035, 8.58714008331, 1.65131354332, 4.49267292023, 41.3960533142, 97.0913391113, 35.5934486389], [92.152053833, 17.1318511963, -28.4036979675, 10.5270490646, 12.1300392151, -16.7002296448, 21.6528568268, -5.08326911926, -6.30567598343, 10.9498519897, 0.520018398762, 35.5934486389, 84.4325027466]],
