{
"lowlevel": {
    "average_loudness": 0.858391404152,
    "barkbands_crest": {
        "dmean": 2.50507593155,
        "dmean2": 4.15391254425,
        "dvar": 5.53834247589,
        "dvar2": 15.0452241898,
        "max": 25.9572811127,
        "mean": 10.3561077118,
        "median": 9.38132476807,
        "min": 2.40186429024,
        "var": 19.6668949127
    },
    "barkbands_flatness_db": {
        "dmean": 0.0212752763182,
        "dmean2": 0.0325618237257,
        "dvar": 0.000546000956092,
        "dvar2": 0.00116379046813,
        "max": 0.489402204752,
        "mean": 0.155476391315,
        "median": 0.140876501799,
        "min": 0.0267961863428,
        "var": 0.00440039951354
    },
    "barkbands_kurtosis": {
        "dmean": 3.46588754654,
        "dmean2": 5.60599756241,
        "dvar": 53.5757904053,
        "dvar2": 133.212890625,
        "max": 210.096435547,
        "mean": 5.44205760956,
        "median": 1.85504603386,
        "min": -1.86511623859,
        "var": 120.213851929
    },
    "barkbands_skewness": {
        "dmean": 0.55005812645,
        "dmean2": 0.861039698124,
        "dvar": 0.410815626383,
        "dvar2": 1.00201570988,
        "max": 12.2153339386,
        "mean": 1.67818844318,
        "median": 1.4225217104,
        "min": -2.10725283623,
        "var": 1.86935949326
    },
    "barkbands_spread": {
        "dmean": 4.2014541626,
        "dmean2": 6.55810403824,
        "dvar": 31.1350879669,
        "dvar2": 67.1518325806,
        "max": 126.326583862,
        "mean": 18.0129108429,
        "median": 16.8462028503,
        "min": 0.41837516427,
        "var": 121.539016724
    },
    "dissonance": {
        "dmean": 0.020291922614,
        "dmean2": 0.0338206738234,
        "dvar": 0.00045100832358,
        "dvar2": 0.00121902523097,
        "max": 0.500000059605,
        "mean": 0.454892635345,
        "median": 0.464393496513,
        "min": 0.188413798809,
        "var": 0.0012223215308
    },
    "dynamic_complexity": 4.64498615265,
    "erbbands_crest": {
        "dmean": 2.25879859924,
        "dmean2": 3.57780408859,
        "dvar": 4.88222551346,
        "dvar2": 11.6090679169,
        "max": 28.3503875732,
        "mean": 8.63414096832,
        "median": 7.60692834854,
        "min": 2.14294719696,
        "var": 16.5008792877
    },
    "erbbands_flatness_db": {
        "dmean": 0.0161471385509,
        "dmean2": 0.0227744895965,
        "dvar": 0.000314994598739,
        "dvar2": 0.000573735975195,
        "max": 0.328575432301,
        "mean": 0.167444363236,
        "median": 0.162140965462,
        "min": 0.0277428515255,
        "var": 0.00208809762262
    },
    "erbbands_kurtosis": {
        "dmean": 0.692478775978,
        "dmean2": 1.07084000111,
        "dvar": 0.814852714539,
        "dvar2": 1.87109911442,
        "max": 15.7616596222,
        "mean": 0.351254343987,
        "median": -0.175892114639,
        "min": -1.819693923,
        "var": 2.83040952682
    },
    "erbbands_skewness": {
        "dmean": 0.304647058249,
        "dmean2": 0.466117531061,
        "dvar": 0.0843462049961,
        "dvar2": 0.190694391727,
        "max": 3.16457343102,
        "mean": 0.233213976026,
        "median": 0.213265508413,
        "min": -2.9663746357,
        "var": 0.400723099709
    },
    "erbbands_spread": {
        "dmean": 6.41561746597,
        "dmean2": 9.81008052826,
        "dvar": 62.9968109131,
        "dvar2": 140.668518066,
        "max": 152.571395874,
        "mean": 33.3959388733,
        "median": 31.5304298401,
        "min": 4.32812976837,
        "var": 240.468460083
    },
    "hfc": {
        "dmean": 4.24336624146,
        "dmean2": 6.10357809067,
        "dvar": 40.0745124817,
        "dvar2": 77.7245941162,
        "max": 120.400863647,
        "mean": 17.5804634094,
        "median": 12.7546043396,
        "min": 1.14588258231e-16,
        "var": 279.340270996
    },
    "melbands_crest": {
        "dmean": 3.22999572754,
        "dmean2": 5.35411119461,
        "dvar": 8.58840656281,
        "dvar2": 23.199848175,
        "max": 36.6193656921,
        "mean": 14.8431301117,
        "median": 13.8794517517,
        "min": 1.71232283115,
        "var": 31.5494117737
    },
    "melbands_flatness_db": {
        "dmean": 0.0261044632643,
        "dmean2": 0.0400312505662,
        "dvar": 0.000818931672256,
        "dvar2": 0.00169143639505,
        "max": 0.660538673401,
        "mean": 0.236375793815,
        "median": 0.216029167175,
        "min": 0.00391889736056,
        "var": 0.00754864932969
    },
    "melbands_kurtosis": {
        "dmean": 7.18106889725,
        "dmean2": 11.5699205399,
        "dvar": 183.644317627,
        "dvar2": 448.744720459,
        "max": 351.801452637,
        "mean": 13.9079236984,
        "median": 6.88816785812,
        "min": -1.59313213825,
        "var": 432.243682861
    },
    "melbands_skewness": {
        "dmean": 0.710026264191,
        "dmean2": 1.11742067337,
        "dvar": 0.697610080242,
        "dvar2": 1.68468987942,
        "max": 15.2940568924,
        "mean": 2.65751981735,
        "median": 2.36027288437,
        "min": -1.09428143501,
        "var": 3.05892372131
    },
    "melbands_spread": {
        "dmean": 4.96815729141,
        "dmean2": 7.83520889282,
        "dvar": 42.5134391785,
        "dvar2": 101.806510925,
        "max": 175.594360352,
        "mean": 19.0280570984,
        "median": 17.4933700562,
        "min": 0.452623218298,
        "var": 166.386856079
    },
    "pitch_salience": {
        "dmean": 0.0697359368205,
        "dmean2": 0.11442411691,
        "dvar": 0.00399986747652,
        "dvar2": 0.0105472858995,
        "max": 0.904646992683,
        "mean": 0.526917994022,
        "median": 0.535215914249,
        "min": 0.082351103425,
        "var": 0.0134663181379
    },
    "silence_rate_20dB": {
        "dmean": 0,
        "dmean2": 0,
        "dvar": 0,
        "dvar2": 0,
        "max": 1,
        "mean": 1,
        "median": 1,
        "min": 1,
        "var": 0
    },
    "silence_rate_30dB": {
        "dmean": 0.000156825844897,
        "dmean2": 0.000313676282531,
        "dvar": 0.000156785317813,
        "dvar2": 0.000470352300908,
        "max": 1,
        "mean": 0.999921619892,
        "median": 1,
        "min": 0,
        "var": 7.83966461313e-05
    },
    "silence_rate_60dB": {
        "dmean": 0.0114482864738,
        "dmean2": 0.0228983685374,
        "dvar": 0.0113183995709,
        "dvar2": 0.0251923594624,
        "max": 1,
        "mean": 0.0767602324486,
        "median": 0,
        "min": 0,
        "var": 0.0708657577634
    },
    "spectral_centroid": {
        "dmean": 188.830810547,
        "dmean2": 288.428344727,
        "dvar": 63584.9570312,
        "dvar2": 124292.664062,
        "max": 11422.5029297,
        "mean": 1092.51049805,
        "median": 1046.54675293,
        "min": 129.976623535,
        "var": 359687.28125
    },
    "spectral_complexity": {
        "dmean": 2.69144511223,
        "dmean2": 4.17346286774,
        "dvar": 8.78008937836,
        "dvar2": 18.3122768402,
        "max": 53,
        "mean": 17.4965496063,
        "median": 18,
        "min": 0,
        "var": 91.6779251099
    },
    "spectral_decrease": {
        "dmean": 2.16601181435e-09,
        "dmean2": 3.54853280093e-09,
        "dvar": 9.05277381162e-18,
        "dvar2": 2.38090836782e-17,
        "max": 8.58752901e-21,
        "mean": -7.36773131393e-09,
        "median": -6.48404530068e-09,
        "min": -3.25058202577e-08,
        "var": 2.81817920068e-17
    },
    "spectral_energy": {
        "dmean": 0.00842915847898,
        "dmean2": 0.0137572968379,
        "dvar": 0.000135240785312,
        "dvar2": 0.000352718838258,
        "max": 0.126464083791,
        "mean": 0.0294022131711,
        "median": 0.025755174458,
        "min": 1.05542203866e-20,
        "var": 0.000448769074865
    },
    "spectral_energyband_high": {
        "dmean": 0.000156149049872,
        "dmean2": 0.000223928669584,
        "dvar": 1.86644228961e-07,
        "dvar2": 3.52330829401e-07,
        "max": 0.0154204005376,
        "mean": 0.000375161733245,
        "median": 0.00016131598386,
        "min": 7.37082145373e-21,
        "var": 5.59579461878e-07
    },
    "spectral_energyband_low": {
        "dmean": 0.00591140519828,
        "dmean2": 0.0100530507043,
        "dvar": 9.04306725715e-05,
        "dvar2": 0.000247296789894,
        "max": 0.110037386417,
        "mean": 0.0121274627745,
        "median": 0.00890981219709,
        "min": 5.97000277414e-23,
        "var": 0.000147220591316
    },
    "spectral_energyband_middle_high": {
        "dmean": 0.00197605765425,
        "dmean2": 0.00284379930235,
        "dvar": 1.36228627525e-05,
        "dvar2": 2.62774337898e-05,
        "max": 0.0800699666142,
        "mean": 0.00653444649652,
        "median": 0.00344939669594,
        "min": 1.31377960433e-21,
        "var": 7.65437289374e-05
    },
    "spectral_energyband_middle_low": {
        "dmean": 0.00428572343662,
        "dmean2": 0.00688010267913,
        "dvar": 4.446857929e-05,
        "dvar2": 0.000115314542199,
        "max": 0.0778615623713,
        "mean": 0.0117283370346,
        "median": 0.00850701890886,
        "min": 1.71270310574e-22,
        "var": 0.000125963051687
    },
    "spectral_entropy": {
        "dmean": 0.148067712784,
        "dmean2": 0.215189442039,
        "dvar": 0.0333251394331,
        "dvar2": 0.0650815814734,
        "max": 9.81396389008,
        "mean": 7.36058712006,
        "median": 7.45223426819,
        "min": 4.92802906036,
        "var": 0.251096785069
    },
    "spectral_flux": {
        "dmean": 0.0235528144985,
        "dmean2": 0.0373840369284,
        "dvar": 0.000830134493299,
        "dvar2": 0.00177115132101,
        "max": 0.296654552221,
        "mean": 0.0794662684202,
        "median": 0.0725524351001,
        "min": 6.59402046854e-11,
        "var": 0.00248490762897
    },
    "spectral_kurtosis": {
        "dmean": 2.81758856773,
        "dmean2": 4.65420818329,
        "dvar": 26.4360256195,
        "dvar2": 64.1658401489,
        "max": 138.574783325,
        "mean": 7.66117620468,
        "median": 5.08303356171,
        "min": -1.23983705044,
        "var": 105.922142029
    },
    "spectral_rms": {
        "dmean": 0.000731016159989,
        "dmean2": 0.00117311032955,
        "dvar": 7.67755068409e-07,
        "dvar2": 1.9117960619e-06,
        "max": 0.0111076366156,
        "mean": 0.00491006253287,
        "median": 0.00501268357038,
        "min": 3.20886286292e-12,
        "var": 4.57642090623e-06
    },
    "spectral_rolloff": {
        "dmean": 302.234893799,
        "dmean2": 509.998352051,
        "dvar": 384249.875,
        "dvar2": 867929.125,
        "max": 19293.75,
        "mean": 1033.90515137,
        "median": 904.39453125,
        "min": 21.533203125,
        "var": 1109219.375
    },
    "spectral_skewness": {
        "dmean": 0.277073562145,
        "dmean2": 0.441153675318,
        "dvar": 0.136875197291,
        "dvar2": 0.309721320868,
        "max": 9.8057384491,
        "mean": 1.88462591171,
        "median": 1.69322156906,
        "min": -0.0567761920393,
        "var": 0.757525146008
    },
    "spectral_spread": {
        "dmean": 459182.6875,
        "dmean2": 664486.3125,
        "dvar": 629717270528,
        "dvar2": 1.18367544934e+12,
        "max": 41799632,
        "mean": 3801771.75,
        "median": 3604553.5,
        "min": 668974.875,
        "var": 3.07509513421e+12
    },
    "spectral_strongpeak": {
        "dmean": 0.483789891005,
        "dmean2": 0.815681695938,
        "dvar": 0.865995407104,
        "dvar2": 2.15300631523,
        "max": 10.4085073471,
        "mean": 0.928812265396,
        "median": 0.333200216293,
        "min": 0,
        "var": 2.07358455658
    },
    "zerocrossingrate": {
        "dmean": 0.00667524477467,
        "dmean2": 0.00816948246211,
        "dvar": 8.30375865917e-05,
        "dvar2": 0.000122060919239,
        "max": 0.51416015625,
        "mean": 0.0424820780754,
        "median": 0.04052734375,
        "min": 0.001953125,
        "var": 0.000812632380985
    },
    "barkbands": {
        "dmean": [0.000278271007119, 0.00370236416347, 0.00260897981934, 0.00149788858835, 0.00138710462488, 0.000947333814111, 0.000825578521471, 0.00101273565087, 0.000709106447175, 0.000698961142916, 0.000567833369132, 0.000522092799656, 0.000530028773937, 0.000471622304758, 0.00040300382534, 0.000205402451684, 0.000195906264707, 0.0001005482045, 0.000102820056782, 6.34274911135e-05, 5.75208105147e-05, 3.54779185727e-05, 2.42994865403e-05, 2.65153103101e-05, 1.51056319737e-05, 6.53230790704e-06, 3.43779220202e-07],
        "dmean2": [0.000427156861406, 0.00632318202406, 0.00448144739494, 0.00260901660658, 0.00227262685075, 0.00142235902604, 0.00129586178809, 0.00149648345541, 0.00107310479507, 0.00106886844151, 0.000862215296365, 0.000786781311035, 0.000814090948552, 0.000721556076314, 0.000632079783827, 0.000323500134982, 0.000309610186378, 0.000163565695402, 0.000162072654348, 9.96625312837e-05, 8.67047638167e-05, 5.36736333743e-05, 3.69849731214e-05, 3.98044212488e-05, 2.20665333472e-05, 9.27583278099e-06, 5.31948217031e-07],
        "dvar": [1.79022251245e-07, 2.8093398214e-05, 3.41188460879e-05, 1.25409515022e-05, 6.94429581927e-06, 4.74364651382e-06, 4.75227170682e-06, 6.23172263658e-06, 3.23750168718e-06, 4.72535202789e-06, 2.81226584775e-06, 2.16515149987e-06, 2.52974541581e-06, 1.87697935417e-06, 1.15950444979e-06, 2.97661841842e-07, 1.66105152744e-07, 3.08686480821e-08, 6.46996269893e-08, 2.13132906879e-08, 2.62624340053e-08, 9.27694543407e-09, 6.53993792454e-09, 1.34703013188e-08, 2.72013322977e-09, 5.27864918443e-10, 1.8625127482e-12],
        "dvar2": [4.03511677405e-07, 8.04603332654e-05, 9.33456394705e-05, 3.50897062162e-05, 1.84833261301e-05, 1.06636680357e-05, 1.07993701022e-05, 1.2565610632e-05, 7.12670407665e-06, 1.01057412394e-05, 6.1935766098e-06, 4.71397243018e-06, 5.72561930312e-06, 4.16242164647e-06, 2.60288106801e-06, 6.24086908374e-07, 3.77903063509e-07, 7.74873711862e-08, 1.46184532923e-07, 4.72139021213e-08, 5.34665147711e-08, 2.02283487738e-08, 1.27456791787e-08, 2.77862461928e-08, 5.52137002785e-09, 1.0847508447e-09, 4.34953245296e-12],
        "max": [0.00674139522016, 0.0706768706441, 0.0759472548962, 0.0530031919479, 0.0567201152444, 0.0518148839474, 0.0590022392571, 0.0646824613214, 0.0380386523902, 0.0587291792035, 0.0530205368996, 0.0374127477407, 0.0400684475899, 0.0288400761783, 0.0278634373099, 0.0200701989233, 0.0104041201994, 0.00310520105995, 0.0166534874588, 0.00400265632197, 0.00696601346135, 0.00394949084148, 0.00441526947543, 0.00528550473973, 0.00248389085755, 0.00130642554723, 5.61508204555e-05],
        "mean": [0.000522899383213, 0.00633175624534, 0.00412463163957, 0.0020523420535, 0.00255668768659, 0.00192333722953, 0.00140736461617, 0.00208865734749, 0.00127202586737, 0.00125048076734, 0.00101697444916, 0.000964870501775, 0.000828488497064, 0.000745442463085, 0.000690827495418, 0.000364927196642, 0.000396756920964, 0.000196403794689, 0.000223110328079, 0.000123192905448, 0.000115690738312, 7.61870251154e-05, 4.83531948703e-05, 4.59424336441e-05, 2.48554551945e-05, 9.52546179178e-06, 3.6881874621e-07],
        "median": [0.000238041233388, 0.00436338316649, 0.00173153937794, 0.000849248841405, 0.00127047800925, 0.000672257912811, 0.000475590291899, 0.000432337401435, 0.000366759864846, 0.000334867945639, 0.000220827496378, 0.000216066880967, 0.00023021036759, 0.000182844261872, 0.000225780007895, 0.000138639254146, 0.000150865555042, 0.000105906889075, 0.000102974430774, 5.11203397764e-05, 4.02814621339e-05, 3.12349293381e-05, 1.75139521161e-05, 1.28442152345e-05, 6.46108674118e-06, 2.20647052629e-06, 5.16499909509e-08],
        "min": [3.51129561979e-24, 2.2708006445e-23, 4.23320156125e-24, 1.88848330886e-24, 2.28198306338e-23, 1.61726078119e-23, 2.00775087358e-23, 1.03160602753e-23, 2.8063013573e-23, 2.95985092369e-23, 2.06454554554e-23, 4.30907948848e-23, 3.88010828782e-23, 4.15692746807e-23, 5.11294705247e-23, 7.95696668955e-23, 1.0811601239e-22, 1.20517170877e-22, 1.7578713879e-22, 1.91359303547e-22, 3.29285258828e-22, 4.08996081339e-22, 3.86859710327e-22, 6.73468755386e-22, 1.14706585532e-21, 1.57351825467e-21, 1.97682898391e-21],
        "var": [5.22830930549e-07, 4.51157065982e-05, 4.19194402639e-05, 1.25173373817e-05, 1.39938065331e-05, 1.53568144015e-05, 1.13396808956e-05, 2.67287414317e-05, 7.75020998844e-06, 1.19644219012e-05, 8.19370961835e-06, 6.51792834105e-06, 4.51059804618e-06, 3.84755139748e-06, 2.67988343694e-06, 6.5138243599e-07, 4.50019655318e-07, 7.06500316028e-08, 1.63620882176e-07, 5.16714386833e-08, 6.45777760155e-08, 2.38988278056e-08, 1.83584010216e-08, 2.86369239433e-08, 6.27162455302e-09, 8.64958493718e-10, 2.14552074024e-12]
    },
    "erbbands": {
        "dmean": [0.150415688753, 0.744968175888, 2.42609357834, 4.40418243408, 4.998067379, 4.38299131393, 7.1804485321, 7.39757108688, 9.61762809753, 18.1617641449, 18.9647922516, 16.1829471588, 18.8652133942, 21.9220352173, 20.677532196, 20.6123714447, 22.0416698456, 24.7587127686, 19.6624679565, 14.1465196609, 10.4826612473, 8.89276981354, 6.1394739151, 4.79295158386, 4.70670700073, 2.7013604641, 2.44791078568, 2.07896876335, 1.35570478439, 0.950105845928, 0.627430856228, 0.596726834774, 0.411940306425, 0.197456151247, 0.0973894968629, 0.0376564115286, 0.0102866645902, 0.00158181646839, 3.82553698728e-05, 1.0063668924e-05],
        "dmean2": [0.25136205554, 1.28728735447, 4.18924188614, 7.58222913742, 8.66106319427, 7.0168299675, 11.1638565063, 11.1014413834, 15.3283786774, 27.2059898376, 28.3165493011, 24.1999053955, 28.6578941345, 33.5246200562, 31.2050495148, 30.9946250916, 33.3730430603, 37.3297729492, 30.136341095, 21.6606712341, 16.25730896, 13.8116884232, 9.87814903259, 7.80099630356, 7.33000230789, 4.20000457764, 3.76579999924, 3.13831496239, 2.04909181595, 1.45587718487, 0.951718330383, 0.903614163399, 0.620063483715, 0.292913973331, 0.142343342304, 0.0539505258203, 0.014750558883, 0.00230958103202, 5.60797307116e-05, 1.61223633768e-05],
        "dvar": [0.0505334287882, 1.15372312069, 26.1610603333, 118.268730164, 113.253257751, 80.9053039551, 289.106567383, 335.939941406, 726.861450195, 2138.81176758, 2627.85644531, 1524.63061523, 3098.921875, 5793.62988281, 3339.60253906, 3269.02709961, 4498.27197266, 5075.17041016, 2336.54125977, 2129.26000977, 603.105529785, 398.84085083, 115.503883362, 103.425460815, 153.889297485, 39.3328132629, 48.0702667236, 32.5132598877, 15.3391456604, 7.74010229111, 4.86434745789, 7.34423160553, 3.13932394981, 0.569656670094, 0.105069480836, 0.0201794672757, 0.0012444879394, 3.22034793498e-05, 1.69193601351e-08, 1.91036797492e-10],
        "dvar2": [0.137153506279, 3.4194047451, 73.2936248779, 320.688568115, 319.8543396, 201.831359863, 693.835327148, 709.471313477, 1753.4621582, 4486.61083984, 5530.43896484, 3469.12548828, 6565.43164062, 13361.2939453, 7373.27148438, 7121.14355469, 9809.25488281, 11008.9121094, 4872.02880859, 4595.50341797, 1271.3894043, 873.436096191, 283.701507568, 253.831207275, 340.934082031, 81.8715591431, 103.13168335, 66.4584655762, 34.8462142944, 15.7720947266, 9.95474338531, 15.013666153, 6.66020584106, 1.13311648369, 0.227253705263, 0.0422773696482, 0.00258638872765, 6.76403142279e-05, 3.61579388652e-08, 4.74045858123e-10],
        "max": [3.02903628349, 14.7956485748, 62.1537284851, 125.187103271, 151.850982666, 309.550872803, 516.403625488, 642.243896484, 860.354064941, 1111.08972168, 1383.65124512, 971.687805176, 1575.98583984, 2569.17651367, 1922.43103027, 1472.13989258, 2008.85998535, 1435.94921875, 1535.78222656, 1729.28564453, 932.70324707, 696.360534668, 214.156692505, 491.000183105, 825.922607422, 234.180252075, 302.176513672, 221.843948364, 184.527648926, 142.934143066, 115.492195129, 148.268463135, 67.5803833008, 41.931060791, 13.8652038574, 9.4045753479, 1.30761325359, 0.222731918097, 0.00469410512596, 0.000188203528523],
        "mean": [0.233952403069, 1.24988222122, 4.12610673904, 6.58439016342, 7.26636314392, 8.31839179993, 13.946518898, 15.0767469406, 16.86835289, 36.8238525391, 38.4830551147, 30.1713695526, 35.822807312, 41.1334075928, 40.9439125061, 41.605632782, 39.28332901, 43.2335700989, 36.2375144958, 26.7758712769, 21.5686969757, 19.3553256989, 13.1419973373, 10.5833969116, 10.0317277908, 5.64358234406, 4.81837701797, 4.24129581451, 2.86915636063, 2.01896977425, 1.22818982601, 1.04760539532, 0.682373702526, 0.324098199606, 0.153992459178, 0.0559568740427, 0.0147297047079, 0.00205425894819, 6.23189771431e-05, 3.59891018888e-05],
        "median": [0.138462841511, 0.873397469521, 1.97668790817, 3.34624052048, 3.16586399078, 3.55580663681, 5.09471225739, 5.27294254303, 6.82490301132, 9.57195472717, 10.0007247925, 10.7957983017, 11.3131160736, 10.5314416885, 10.3399276733, 10.4870128632, 11.711476326, 12.3071546555, 12.8665561676, 9.71282863617, 8.67267990112, 8.21266555786, 7.33800411224, 5.32672643661, 4.53993082047, 2.47021222115, 1.7705578804, 1.46431517601, 1.14975643158, 0.785306811333, 0.441217362881, 0.308973759413, 0.18143427372, 0.0834104418755, 0.0396959781647, 0.0134117053822, 0.0032809865661, 0.000389218388591, 2.70883956546e-05, 3.15129727824e-05],
        "min": [3.23762147019e-22, 3.86977910721e-21, 4.36389552689e-21, 1.06511766173e-20, 1.91424667173e-20, 7.95871826368e-20, 8.27095244929e-20, 9.75464628074e-20, 1.98033332973e-19, 3.0663259605e-19, 3.55682338423e-19, 7.83800211002e-19, 6.38623964741e-19, 1.41946364463e-18, 1.19430415132e-18, 1.82517795071e-18, 1.71174625972e-18, 2.9156429144e-18, 3.37433565717e-18, 4.28330623433e-18, 5.89058640692e-18, 7.77769226816e-18, 6.85579947547e-18, 6.43368590016e-18, 9.82286407266e-18, 9.44378374154e-18, 1.31925141652e-17, 1.32866787518e-17, 1.34865487489e-17, 1.49451783615e-17, 1.13043354508e-17, 1.2262315652e-17, 1.17499996853e-17, 9.49629233964e-18, 8.40641984406e-18, 5.16861737802e-18, 2.72703498139e-18, 1.02801582598e-18, 2.71785415547e-19, 2.8588625359e-20],
        "var": [0.0820533335209, 1.79845917225, 35.5972328186, 113.140197754, 138.574920654, 206.086349487, 823.760070801, 1156.5189209, 1581.99902344, 7735.49072266, 8962.48242188, 3493.63208008, 8286.96972656, 13529.1953125, 11278.6787109, 11736.1621094, 9069.76074219, 11475.3505859, 5741.02929688, 4452.20361328, 1520.87365723, 1066.57226562, 304.369232178, 250.530075073, 370.147888184, 106.127296448, 111.218704224, 81.4421768188, 35.1883621216, 23.0494937897, 12.3853731155, 15.5991430283, 6.27426528931, 1.34393942356, 0.204595819116, 0.0320984460413, 0.00200178241357, 4.77295725432e-05, 2.52442724502e-08, 6.86912027259e-10]
    },
    "gfcc": {
        "mean": [-37.6986808777, 122.74848938, -117.109016418, 29.8726425171, -46.5118942261, 17.7179527283, -31.0029354095, 10.101975441, -17.3931617737, 2.84021306038, -13.3264894485, -1.51254498959, -10.2770214081],
        "cov": [[19695.796875, -574.494384766, -1543.55004883, 595.170410156, -768.354125977, 258.10836792, -317.08114624, 238.571960449, -328.548919678, 265.933929443, -185.153244019, 110.290649414, -147.801528931], [-574.494384766, 1366.53466797, 91.9186935425, -302.171539307, 365.996307373, -202.459396362, 201.009384155, -87.6444854736, 130.294219971, -152.154632568, 113.411361694, -52.6099052429, 53.6896057129], [-1543.55004883, 91.9186935425, 777.238037109, 7.54326438904, 105.075759888, 52.9618759155, 1.27559816837, 12.6131868362, 34.3139724731, -10.7542934418, 2.84074163437, 15.2122192383, 6.56903409958], [595.170410156, -302.171539307, 7.54326438904, 347.329803467, -35.0102767944, 19.7372665405, -59.5320358276, 25.8989582062, -6.68208599091, 33.8780250549, -23.4654140472, 6.26818704605, 6.06151199341], [-768.354125977, 365.996307373, 105.075759888, -35.0102767944, 340.4347229, -36.5920753479, 31.5002765656, -7.36064291, 67.011932373, -48.5949745178, 14.7791938782, -20.2196483612, 21.5655784607], [258.10836792, -202.459396362, 52.9618759155, 19.7372665405, -36.5920753479, 190.361190796, 42.6190986633, 26.8478107452, -11.1270313263, 35.6660461426, -20.0062465668, 3.7088944912, -4.59835004807], [-317.08114624, 201.009384155, 1.27559816837, -59.5320358276, 31.5002765656, 42.6190986633, 242.981292725, 6.22673177719, 22.4400444031, -15.7610368729, 37.4908103943, -18.7744350433, 13.550321579], [238.571960449, -87.6444854736, 12.6131868362, 25.8989582062, -7.36064291, 26.8478107452, 6.22673177719, 107.541023254, 25.6314716339, 15.092414856, -7.89161729813, 6.72244167328, -7.34333181381], [-328.548919678, 130.294219971, 34.3139724731, -6.68208599091, 67.011932373, -11.1270313263, 22.4400444031, 25.6314716339, 138.060516357, 26.4241504669, 10.1541156769, -19.227104187, 19.3998680115], [265.933929443, -152.154632568, -10.7542934418, 33.8780250549, -48.5949745178, 35.6660461426, -15.7610368729, 15.092414856, 26.4241504669, 104.86340332, 7.17177963257, 1.67669999599, 3.77472949028], [-185.153244019, 113.411361694, 2.84074163437, -23.4654140472, 14.7791938782, -20.0062465668, 37.4908103943, -7.89161729813, 10.1541156769, 7.17177963257, 87.1271820068, 20.294670105, 9.05423641205], [110.290649414, -52.6099052429, 15.2122192383, 6.26818704605, -20.2196483612, 3.7088944912, -18.7744350433, 6.72244167328, -19.227104187, 1.67669999599, 20.294670105, 77.6344451904, 14.6735887527], [-147.801528931, 53.6896057129, 6.56903409958, 6.06151199341, 21.5655784607, -4.59835004807, 13.550321579, -7.34333181381, 19.3998680115, 3.77472949028, 9.05423641205, 14.6735887527, 79.1810302734]],
        "icov": [[0.000114232258056, -0.000383405189496, 0.000245197559707, -0.000327427434968, 0.000287988194032, -0.000374573282897, 0.00025520924828, -0.000381376332371, 0.00040800057468, -0.000495022570249, 0.000404036516557, -0.000293523393339, 0.000230522360653], [-0.000383405189496, 0.00379087147303, -0.000985026359558, 0.00238374830224, -0.00237864837982, 0.00297108129598, -0.00209270277992, 0.00239333859645, -0.00285448040813, 0.00378645444289, -0.00315335649066, 0.00195261067711, -0.00146882026456], [0.000245197559707, -0.000985026359558, 0.00194816745352, -0.000834137084894, 0.000268500705715, -0.00149452185724, 0.000790950027294, -0.000872001983225, 0.000640530372038, -0.000933008966967, 0.000898712663911, -0.00109927728772, 0.00064017745899], [-0.000327427434968, 0.00238374830224, -0.000834137084894, 0.00480063073337, -0.00147477060091, 0.00182177883107, -0.000680249708239, 0.000924007268623, -0.00156610191334, 0.00164994003717, -0.00155289936811, 0.00142516265623, -0.00159772962797], [0.000287988194032, -0.00237864837982, 0.000268500705715, -0.00147477060091, 0.00545940827578, -0.00170381274074, 0.00133396370802, -0.00131716928445, -0.000126040933537, -0.000244984141318, 0.00140527938493, -0.000459299160866, 0.000271744822385], [-0.000374573282897, 0.00297108129598, -0.00149452185724, 0.00182177883107, -0.00170381274074, 0.00943280849606, -0.00375235686079, 0.000854995625559, -0.000994198722765, 0.000101662742964, 5.56190716452e-05, 0.000722066557501, -0.000897386053111], [0.00025520924828, -0.00209270277992, 0.000790950027294, -0.000680249708239, 0.00133396370802, -0.00375235686079, 0.00675399461761, -0.00196397886612, 0.00105262023862, -0.000363861821825, -0.00144285277929, 0.00115691614337, -0.000327331159497], [-0.000381376332371, 0.00239333859645, -0.000872001983225, 0.000924007268623, -0.00131716928445, 0.000854995625559, -0.00196397886612, 0.0126963667572, -0.00488142156973, 0.00228969729505, -0.000730849336833, -0.000942152400967, 0.000933849485591], [0.00040800057468, -0.00285448040813, 0.000640530372038, -0.00156610191334, -0.000126040933537, -0.000994198722765, 0.00105262023862, -0.00488142156973, 0.0128901507705, -0.00682203192264, 0.00193154322915, 0.00123579334468, -0.00117523758672], [-0.000495022570249, 0.00378645444289, -0.000933008966967, 0.00164994003717, -0.000244984141318, 0.000101662742964, -0.000363861821825, 0.00228969729505, -0.00682203192264, 0.017296794802, -0.00615986203775, 0.00292375357822, -0.00218371325172], [0.000404036516557, -0.00315335649066, 0.000898712663911, -0.00155289936811, 0.00140527938493, 5.56190716452e-05, -0.00144285277929, -0.000730849336833, 0.00193154322915, -0.00615986203775, 0.0180792436004, -0.00714129628614, 0.00181278388482], [-0.000293523393339, 0.00195261067711, -0.00109927728772, 0.00142516265623, -0.000459299160866, 0.000722066557501, 0.00115691614337, -0.000942152400967, 0.00123579334468, 0.00292375357822, -0.00714129628614, 0.0179768465459, -0.0049651004374], [0.000230522360653, -0.00146882026456, 0.00064017745899, -0.00159772962797, 0.000271744822385, -0.000897386053111, -0.000327331159497, 0.000933849485591, -0.00117523758672, -0.00218371325172, 0.00181278388482, -0.0049651004374, 0.015246104449]]
    },
    "melbands": {
        "dmean": [0.00113180396147, 0.00109674199484, 0.000758420792408, 0.000323620915879, 0.000229951590882, 0.000168699611095, 0.000153457833221, 0.000206460070331, 0.000149444444105, 0.000104741426185, 9.60821853369e-05, 9.2280752142e-05, 7.0364207204e-05, 5.80835258006e-05, 5.2722341934e-05, 5.29451717739e-05, 4.96997126902e-05, 3.27971756633e-05, 2.8382462915e-05, 1.68875667441e-05, 1.29245672724e-05, 1.09154716483e-05, 7.82896950113e-06, 4.60686032966e-06, 4.30532600149e-06, 4.25403868576e-06, 2.99374255519e-06, 1.75240074896e-06, 1.62741378062e-06, 1.63268293818e-06, 1.17740353289e-06, 9.07340904632e-07, 5.96102324835e-07, 5.54098505745e-07, 3.92948322769e-07, 3.55511417638e-07, 3.90758060576e-07, 3.44244483585e-07, 1.96122527996e-07, 1.632864155e-07],
        "dmean2": [0.00191789411474, 0.00188743451145, 0.00130823685322, 0.000539484142791, 0.000358760909876, 0.000253957521636, 0.000242103938945, 0.000307197013171, 0.000225128824241, 0.000156561800395, 0.000145933270687, 0.000141198121128, 0.000106127845356, 8.71760712471e-05, 7.93249855633e-05, 8.09605699033e-05, 7.53535423428e-05, 5.04781637574e-05, 4.42046257376e-05, 2.63667243416e-05, 2.0401992515e-05, 1.71800656972e-05, 1.26302193166e-05, 7.5429043136e-06, 7.05947059032e-06, 6.69329392622e-06, 4.72118244943e-06, 2.77752405964e-06, 2.55318673226e-06, 2.49545928455e-06, 1.81528662324e-06, 1.39408928135e-06, 9.22407821236e-07, 8.61579792399e-07, 6.08647951594e-07, 5.49205367406e-07, 5.97376924816e-07, 5.27784891347e-07, 2.96317978155e-07, 2.47222288863e-07],
        "dvar": [2.73334057965e-06, 4.27329814556e-06, 3.13321834255e-06, 4.39731309143e-07, 2.41392228872e-07, 1.61893908057e-07, 1.67658413375e-07, 2.61505903154e-07, 1.7709466249e-07, 6.52093206099e-08, 8.23150543283e-08, 1.02971803528e-07, 4.05655136149e-08, 2.48353693166e-08, 3.03569294147e-08, 2.59767301003e-08, 2.12725517201e-08, 7.36514449429e-09, 7.90946330653e-09, 2.14418505173e-09, 8.78924100167e-10, 6.64158616992e-10, 2.10389775046e-10, 6.82953762987e-11, 8.83217457504e-11, 1.81851145253e-10, 5.1190517103e-11, 1.91782666137e-11, 1.96876681624e-11, 2.51128787904e-11, 9.59352562668e-12, 7.35274688357e-12, 2.69269068848e-12, 3.04152232913e-12, 1.83631647215e-12, 2.04649730322e-12, 3.25331298359e-12, 2.14756988234e-12, 7.25397443935e-13, 3.85720318533e-13],
        "dvar2": [7.62813670008e-06, 1.20466111184e-05, 8.57913619257e-06, 1.18978653063e-06, 5.81697065627e-07, 3.51912575525e-07, 3.96591133267e-07, 5.38717472409e-07, 3.8037177319e-07, 1.45112451833e-07, 1.7336685687e-07, 2.3505153024e-07, 8.80003057091e-08, 5.33777502199e-08, 6.38352233295e-08, 5.81252201926e-08, 4.64337013284e-08, 1.57479078666e-08, 1.78307892895e-08, 4.27546575921e-09, 1.93627114342e-09, 1.51761692102e-09, 4.91507334832e-10, 1.73391231928e-10, 2.19144452585e-10, 3.96432386918e-10, 1.15555010005e-10, 4.13338356597e-11, 4.51563335335e-11, 5.36250002736e-11, 2.05196398068e-11, 1.74261802904e-11, 6.1892934354e-12, 6.42300709147e-12, 3.98652898886e-12, 4.15996534095e-12, 6.77852869321e-12, 4.76818324407e-12, 1.46726294309e-12, 8.01977137043e-13],
        "max": [0.0229308288544, 0.027058660984, 0.0208581872284, 0.0149449445307, 0.0137037932873, 0.0124350870028, 0.0111412294209, 0.0141411460936, 0.0106129543856, 0.00680235167965, 0.00761945312843, 0.0105302380398, 0.00527768488973, 0.00506286136806, 0.0054174810648, 0.00343764596619, 0.00315115065314, 0.00226574274711, 0.00281911110505, 0.00188664649613, 0.00102373072878, 0.00095584889641, 0.000416598719312, 0.000144397185068, 0.000469309161417, 0.0011351602152, 0.000184735690709, 0.000198775713216, 0.000182817893801, 0.000194671869394, 9.93499561446e-05, 0.000128569590743, 7.94572697487e-05, 9.24505293369e-05, 7.55607252358e-05, 7.83832801972e-05, 9.66333318502e-05, 5.32260892214e-05, 3.47648347088e-05, 3.43702195096e-05],
        "mean": [0.00188235484529, 0.00201082555577, 0.00118388899136, 0.00054199132137, 0.000464972865302, 0.000342783692759, 0.000269620824838, 0.000429584964877, 0.000291817676043, 0.00018826352607, 0.000177174442797, 0.000164972108905, 0.00013194908388, 0.000112752059067, 9.67427331489e-05, 8.49797579576e-05, 8.00149718998e-05, 5.48927564523e-05, 4.87869583594e-05, 2.97669885185e-05, 2.43692793447e-05, 2.17360538954e-05, 1.51710928549e-05, 8.90249702934e-06, 8.46063630888e-06, 8.48199124448e-06, 5.45517377759e-06, 3.30085663336e-06, 2.91795640806e-06, 2.98647273667e-06, 2.25364806283e-06, 1.75894615495e-06, 1.1959944004e-06, 1.08829294732e-06, 7.23359278254e-07, 6.09408118635e-07, 6.53378720017e-07, 5.41523718312e-07, 3.11834725153e-07, 2.57410647464e-07],
        "median": [0.00124465906993, 0.00124459597282, 0.000654693809338, 0.000255364197074, 0.000186772507732, 0.000119278469356, 0.000101119563624, 0.000102539022919, 7.10435269866e-05, 5.96238460275e-05, 5.15406973136e-05, 3.88180123991e-05, 3.12478077831e-05, 2.97344304272e-05, 2.25579860853e-05, 2.32699840126e-05, 1.95728571271e-05, 1.83261436177e-05, 1.44696678035e-05, 1.11598719741e-05, 9.21064747672e-06, 7.93629442342e-06, 7.48167349229e-06, 4.65879202238e-06, 3.86188958146e-06, 3.58717989002e-06, 2.25286976274e-06, 1.28842691538e-06, 1.05724939203e-06, 9.34011723075e-07, 7.4282991136e-07, 6.53272820728e-07, 4.58651811641e-07, 3.96421171445e-07, 2.44147912554e-07, 1.95631571387e-07, 1.74101444372e-07, 1.36722988486e-07, 7.93826586687e-08, 6.18930755536e-08],
        "min": [6.85642873394e-24, 3.23690928657e-24, 2.2345774928e-24, 2.7653292235e-24, 3.00604598721e-24, 2.31594790352e-24, 3.58131491373e-24, 4.46241022485e-24, 3.24441727023e-24, 4.75567084409e-24, 3.02653447986e-24, 5.34013000016e-24, 3.0053141215e-24, 3.90228506113e-24, 3.32682483583e-24, 4.37658373609e-24, 4.93442554192e-24, 3.99384735754e-24, 3.55101161092e-24, 5.66244831084e-24, 7.22967906011e-24, 7.6849086004e-24, 5.41229105147e-24, 6.0269726521e-24, 4.80797468869e-24, 7.08235139745e-24, 6.01082821925e-24, 5.58330781268e-24, 6.75958974694e-24, 6.88519612457e-24, 6.6711757944e-24, 6.81516973087e-24, 7.55701689273e-24, 8.20642375598e-24, 6.16647718117e-24, 6.14574670544e-24, 7.45240447036e-24, 7.1458712664e-24, 8.57802694058e-24, 7.37160775873e-24],
        "var": [4.35627953266e-06, 6.20451282884e-06, 3.10035920847e-06, 7.35519620321e-07, 7.21452579455e-07, 5.62823174732e-07, 3.80220654961e-07, 1.07591154119e-06, 5.49884930479e-07, 1.49261268234e-07, 2.19420684289e-07, 2.39049370521e-07, 1.22333517538e-07, 8.55463326843e-08, 8.82294841631e-08, 4.8950386855e-08, 4.6321574132e-08, 1.58534483319e-08, 1.77598327156e-08, 4.93084106878e-09, 1.96566363186e-09, 1.60667779081e-09, 4.9860410245e-10, 1.4967205253e-10, 1.87690099573e-10, 3.81942089067e-10, 1.08608615157e-10, 4.56137627669e-11, 4.06310679546e-11, 5.38518570015e-11, 2.25533081794e-11, 1.46938503032e-11, 6.78781033117e-12, 8.16297203443e-12, 4.46185232858e-12, 4.24762568868e-12, 6.69348517585e-12, 3.94303296611e-12, 1.53237123511e-12, 8.48033015338e-13]
    },
    "mfcc": {
        "mean": [-674.004089355, 147.323577881, -4.50001859665, 20.8387737274, 8.07078266144, 9.93001461029, 1.6398717165, 6.9252948761, 2.42354869843, 4.57730150223, 2.63006162643, 1.7713303566, -0.862108647823],
        "cov": [[13326.6035156, -303.598022461, -924.182067871, 259.450927734, -429.989227295, 88.1640090942, -109.252418518, -4.75134658813, -104.229545593, -18.2690601349, 27.8136882782, -1.24563276768, -46.2782745361], [-303.598022461, 1721.8729248, -54.3613891602, 18.1435699463, 121.153778076, -11.3329610825, 58.087802887, 106.421134949, 3.47170090675, -12.0358057022, 19.811580658, 4.43141174316, 40.225227356], [-924.182067871, -54.3613891602, 607.216308594, -2.29001832008, 48.4993095398, 46.108505249, 22.9935264587, 8.52804279327, 25.1842269897, 22.6958236694, -5.33538198471, 10.5821647644, 15.4522514343], [259.450927734, 18.1435699463, -2.29001832008, 266.262481689, 73.8774871826, -8.9888715744, -22.9091072083, 3.60479331017, -3.41232585907, 6.18674182892, -11.398311615, -16.8500862122, 24.1988830566], [-429.989227295, 121.153778076, 48.4993095398, 73.8774871826, 295.864929199, 1.24109613895, -48.5015335083, 1.55941689014, 18.0514144897, 18.886182785, -24.5428619385, -13.9843549728, 16.7662220001], [88.1640090942, -11.3329610825, 46.108505249, -8.9888715744, 1.24109613895, 137.569763184, 48.2860984802, -0.470242232084, 33.5518531799, 8.60612297058, 12.7859220505, 19.7921943665, -7.19236660004], [-109.252418518, 58.087802887, 22.9935264587, -22.9091072083, -48.5015335083, 48.2860984802, 147.533004761, 42.512008667, 7.01945495605, -5.71722602844, 11.6459703445, 10.5244865417, -8.14754390717], [-4.75134658813, 106.421134949, 8.52804279327, 3.60479331017, 1.55941689014, -0.470242232084, 42.512008667, 120.164108276, 15.2470397949, -5.65497636795, 16.1459884644, -7.10855340958, 8.22383594513], [-104.229545593, 3.47170090675, 25.1842269897, -3.41232585907, 18.0514144897, 33.5518531799, 7.01945495605, 15.2470397949, 122.622428894, 41.5993843079, 3.15172600746, 18.762172699, 1.9998768568], [-18.2690601349, -12.0358057022, 22.6958236694, 6.18674182892, 18.886182785, 8.60612297058, -5.71722602844, -5.65497636795, 41.5993843079, 97.0767059326, 23.7614383698, 10.4004888535, 1.42225086689], [27.8136882782, 19.811580658, -5.33538198471, -11.398311615, -24.5428619385, 12.7859220505, 11.6459703445, 16.1459884644, 3.15172600746, 23.7614383698, 81.2009735107, 22.1989192963, -5.79968070984], [-1.24563276768, 4.43141174316, 10.5821647644, -16.8500862122, -13.9843549728, 19.7921943665, 10.5244865417, -7.10855340958, 18.762172699, 10.4004888535, 22.1989192963, 82.1427230835, 14.9776697159], [-46.2782745361, 40.225227356, 15.4522514343, 24.1988830566, 16.7662220001, -7.19236660004, -8.14754390717, 8.22383594513, 1.9998768568, 1.42225086689, -5.79968070984, 14.9776697159, 77.1702270508]],
