{
"lowlevel": {
    "average_loudness": 0.348713725805,
    "barkbands_crest": {
        "dmean": 2.46687793732,
        "dmean2": 3.97978448868,
        "dvar": 5.57661104202,
        "dvar2": 14.32903862,
        "max": 26.1018943787,
        "mean": 10.748588562,
        "median": 9.98303508759,
        "min": 2.88569831848,
        "var": 17.7487430573
    },
    "barkbands_flatness_db": {
        "dmean": 0.0202984772623,
        "dmean2": 0.0305298008025,
        "dvar": 0.000488466757815,
        "dvar2": 0.00098905491177,
        "max": 0.530927360058,
        "mean": 0.175175786018,
        "median": 0.159109354019,
        "min": 0.0289483275265,
        "var": 0.00449900701642
    },
    "barkbands_kurtosis": {
        "dmean": 2.86258506775,
        "dmean2": 4.34635925293,
        "dvar": 44.3037071228,
        "dvar2": 86.7603607178,
        "max": 263.739257812,
        "mean": 5.34859037399,
        "median": 2.02437973022,
        "min": -1.97269153595,
        "var": 151.326431274
    },
    "barkbands_skewness": {
        "dmean": 0.481870353222,
        "dmean2": 0.717984378338,
        "dvar": 0.345458358526,
        "dvar2": 0.694670021534,
        "max": 13.7900066376,
        "mean": 1.38814330101,
        "median": 1.20650827885,
        "min": -6.48439216614,
        "var": 2.10719633102
    },
    "barkbands_spread": {
        "dmean": 4.48317146301,
        "dmean2": 6.91972589493,
        "dvar": 63.6768722534,
        "dvar2": 126.662956238,
        "max": 122.742881775,
        "mean": 18.6226081848,
        "median": 15.7340545654,
        "min": 0.225169464946,
        "var": 220.71522522
    },
    "dissonance": {
        "dmean": 0.0254115778953,
        "dmean2": 0.0419858805835,
        "dvar": 0.000662249745801,
        "dvar2": 0.00172043929342,
        "max": 0.499999910593,
        "mean": 0.442864984274,
        "median": 0.454575121403,
        "min": 0.169427111745,
        "var": 0.00198970083147
    },
    "dynamic_complexity": 5.07428979874,
    "erbbands_crest": {
        "dmean": 2.83586478233,
        "dmean2": 4.39689064026,
        "dvar": 6.98665904999,
        "dvar2": 15.9459667206,
        "max": 32.2061462402,
        "mean": 11.6972608566,
        "median": 10.4526395798,
        "min": 2.46818256378,
        "var": 30.4905490875
    },
    "erbbands_flatness_db": {
        "dmean": 0.0189204365015,
        "dmean2": 0.0259176529944,
        "dvar": 0.000431906868471,
        "dvar2": 0.00072264514165,
        "max": 0.537557303905,
        "mean": 0.181116268039,
        "median": 0.170496627688,
        "min": 0.0544317029417,
        "var": 0.00407843152061
    },
    "erbbands_kurtosis": {
        "dmean": 1.40494740009,
        "dmean2": 2.15072703362,
        "dvar": 19.4096755981,
        "dvar2": 37.9130516052,
        "max": 373.160522461,
        "mean": 2.03975534439,
        "median": 0.711123943329,
        "min": -1.88628101349,
        "var": 34.8819580078
    },
    "erbbands_skewness": {
        "dmean": 0.383168101311,
        "dmean2": 0.568154036999,
        "dvar": 0.179063603282,
        "dvar2": 0.336526632309,
        "max": 13.4894514084,
        "mean": 0.612492024899,
        "median": 0.587456285954,
        "min": -6.35240125656,
        "var": 0.887437582016
    },
    "erbbands_spread": {
        "dmean": 7.10416889191,
        "dmean2": 10.5001535416,
        "dvar": 112.542823792,
        "dvar2": 242.440383911,
        "max": 196.645263672,
        "mean": 30.3690109253,
        "median": 25.9642009735,
        "min": 0.525833070278,
        "var": 403.767242432
    },
    "hfc": {
        "dmean": 5.0872335434,
        "dmean2": 7.57517194748,
        "dvar": 109.749908447,
        "dvar2": 218.573516846,
        "max": 289.626708984,
        "mean": 19.363948822,
        "median": 10.9043636322,
        "min": 1.14093114534e-16,
        "var": 545.654296875
    },
    "melbands_crest": {
        "dmean": 2.94192266464,
        "dmean2": 4.72639274597,
        "dvar": 8.47440814972,
        "dvar2": 21.0689964294,
        "max": 36.6663246155,
        "mean": 14.0803003311,
        "median": 13.2072973251,
        "min": 1.88331568241,
        "var": 28.8703842163
    },
    "melbands_flatness_db": {
        "dmean": 0.0236736703664,
        "dmean2": 0.0343583039939,
        "dvar": 0.000792603008449,
        "dvar2": 0.00155145477038,
        "max": 0.64955842495,
        "mean": 0.232360079885,
        "median": 0.211849927902,
        "min": 0.00405637361109,
        "var": 0.00776012195274
    },
    "melbands_kurtosis": {
        "dmean": 5.99681472778,
        "dmean2": 9.2808265686,
        "dvar": 268.567779541,
        "dvar2": 595.126831055,
        "max": 524.721984863,
        "mean": 12.1323862076,
        "median": 4.99276018143,
        "min": -1.93908727169,
        "var": 695.706542969
    },
    "melbands_skewness": {
        "dmean": 0.612321972847,
        "dmean2": 0.924556493759,
        "dvar": 0.657719194889,
        "dvar2": 1.41197931767,
        "max": 19.5893001556,
        "mean": 2.11125349998,
        "median": 1.87987589836,
        "min": -2.20869088173,
        "var": 3.41080784798
    },
    "melbands_spread": {
        "dmean": 5.60207033157,
        "dmean2": 8.54460906982,
        "dvar": 124.861183167,
        "dvar2": 240.750610352,
        "max": 309.569366455,
        "mean": 21.9211406708,
        "median": 18.0688362122,
        "min": 0.210088193417,
        "var": 407.508453369
    },
    "pitch_salience": {
        "dmean": 0.0622634552419,
        "dmean2": 0.10060402751,
        "dvar": 0.00388260767795,
        "dvar2": 0.00967006478459,
        "max": 0.992080152035,
        "mean": 0.519266664982,
        "median": 0.521885812283,
        "min": 0.0805019885302,
        "var": 0.0114554446191
    },
    "silence_rate_20dB": {
        "dmean": 0,
        "dmean2": 0,
        "dvar": 0,
        "dvar2": 0,
        "max": 1,
        "mean": 1,
        "median": 1,
        "min": 1,
        "var": 0
    },
    "silence_rate_30dB": {
        "dmean": 0.000186741366633,
        "dmean2": 0.000373517599655,
        "dvar": 0.000186694989679,
        "dvar2": 0.000560090877116,
        "max": 1,
        "mean": 0.999906659126,
        "median": 1,
        "min": 0,
        "var": 9.33503761189e-05
    },
    "silence_rate_60dB": {
        "dmean": 0.0199813265353,
        "dmean2": 0.0399663820863,
        "dvar": 0.0195799171925,
        "dvar2": 0.0458336919546,
        "max": 1,
        "mean": 0.113714873791,
        "median": 0,
        "min": 0,
        "var": 0.100792184472
    },
    "spectral_centroid": {
        "dmean": 186.394836426,
        "dmean2": 281.354156494,
        "dvar": 102620.039062,
        "dvar2": 181728.390625,
        "max": 11126.0126953,
        "mean": 1091.7598877,
        "median": 1013.81140137,
        "min": 153.563293457,
        "var": 408842.9375
    },
    "spectral_complexity": {
        "dmean": 2.38375353813,
        "dmean2": 3.84984588623,
        "dvar": 9.60494232178,
        "dvar2": 22.9665966034,
        "max": 55,
        "mean": 14.9218559265,
        "median": 14,
        "min": 0,
        "var": 78.8559646606
    },
    "spectral_decrease": {
        "dmean": 1.39352229755e-09,
        "dmean2": 2.21125073807e-09,
        "dvar": 4.17866044222e-18,
        "dvar2": 1.04736442837e-17,
        "max": -7.68187852827e-29,
        "mean": -5.44990363949e-09,
        "median": -4.55820270417e-09,
        "min": -3.02380271933e-08,
        "var": 1.92312014706e-17
    },
    "spectral_energy": {
        "dmean": 0.00555714266375,
        "dmean2": 0.00880422908813,
        "dvar": 6.6321081249e-05,
        "dvar2": 0.000165945137269,
        "max": 0.125467911363,
        "mean": 0.0223255660385,
        "median": 0.0187650341541,
        "min": 1.06385136453e-20,
        "var": 0.000325892586261
    },
    "spectral_energyband_high": {
        "dmean": 0.000290031690383,
        "dmean2": 0.000421457079938,
        "dvar": 9.37099116527e-07,
        "dvar2": 1.65530241247e-06,
        "max": 0.0254730954766,
        "mean": 0.000619714905042,
        "median": 0.00020068520098,
        "min": 7.32792923092e-21,
        "var": 2.77197705145e-06
    },
    "spectral_energyband_low": {
        "dmean": 0.00235236110166,
        "dmean2": 0.00383727671579,
        "dvar": 2.02389910555e-05,
        "dvar2": 5.11976140842e-05,
        "max": 0.062426418066,
        "mean": 0.00584337580949,
        "median": 0.0040255417116,
        "min": 4.11127608748e-23,
        "var": 4.06457220379e-05
    },
    "spectral_energyband_middle_high": {
        "dmean": 0.00201420253143,
        "dmean2": 0.00301327812485,
        "dvar": 1.51260437633e-05,
        "dvar2": 3.49024448951e-05,
        "max": 0.11451844871,
        "mean": 0.00772866373882,
        "median": 0.0025971995201,
        "min": 1.56233374689e-21,
        "var": 0.000153567438247
    },
    "spectral_energyband_middle_low": {
        "dmean": 0.00342236435972,
        "dmean2": 0.00548758497462,
        "dvar": 3.61896345566e-05,
        "dvar2": 9.21135360841e-05,
        "max": 0.0778133273125,
        "mean": 0.00885112676769,
        "median": 0.0065025924705,
        "min": 3.8754292698e-22,
        "var": 7.59610338719e-05
    },
    "spectral_entropy": {
        "dmean": 0.178728610277,
        "dmean2": 0.248922586441,
        "dvar": 0.0510970950127,
        "dvar2": 0.0854880064726,
        "max": 9.81222724915,
        "mean": 7.28774023056,
        "median": 7.41010665894,
        "min": 3.96729159355,
        "var": 0.410449296236
    },
    "spectral_flux": {
        "dmean": 0.020607734099,
        "dmean2": 0.0324333645403,
        "dvar": 0.000596510595642,
        "dvar2": 0.00124251795933,
        "max": 0.305911272764,
        "mean": 0.0682367756963,
        "median": 0.060724414885,
        "min": 7.04077490754e-11,
        "var": 0.00215851934627
    },
    "spectral_kurtosis": {
        "dmean": 3.2208533287,
        "dmean2": 5.10837936401,
        "dvar": 74.812538147,
        "dvar2": 168.359939575,
        "max": 335.103881836,
        "mean": 8.8959903717,
        "median": 5.05214691162,
        "min": -1.48336207867,
        "var": 283.822113037
    },
    "spectral_rms": {
        "dmean": 0.000541489978787,
        "dmean2": 0.000840610184241,
        "dvar": 4.71114731226e-07,
        "dvar2": 1.10136215881e-06,
        "max": 0.011063802056,
        "mean": 0.00422089872882,
        "median": 0.00427870871499,
        "min": 3.22165124439e-12,
        "var": 3.96508767153e-06
    },
    "spectral_rolloff": {
        "dmean": 352.924377441,
        "dmean2": 605.175537109,
        "dvar": 1015571.9375,
        "dvar2": 1968482,
        "max": 18884.6191406,
        "mean": 1296.97802734,
        "median": 925.927734375,
        "min": 21.533203125,
        "var": 2726164
    },
    "spectral_skewness": {
        "dmean": 0.313992679119,
        "dmean2": 0.476924926043,
        "dvar": 0.263815909624,
        "dvar2": 0.578484356403,
        "max": 15.0364952087,
        "mean": 2.07951450348,
        "median": 1.84163033962,
        "min": -0.662284612656,
        "var": 1.33109509945
    },
    "spectral_spread": {
        "dmean": 640658.5625,
        "dmean2": 857489.3125,
        "dvar": 910450425856,
        "dvar2": 1.46817417216e+12,
        "max": 41504704,
        "mean": 4711730,
        "median": 4398905.5,
        "min": 398168.78125,
        "var": 5.01897075098e+12
    },
    "spectral_strongpeak": {
        "dmean": 0.585166811943,
        "dmean2": 0.966475069523,
        "dvar": 1.01768362522,
        "dvar2": 2.39816308022,
        "max": 14.4298791885,
        "mean": 1.37043070793,
        "median": 0.461703658104,
        "min": 0,
        "var": 3.92251396179
    },
    "zerocrossingrate": {
        "dmean": 0.00924939662218,
        "dmean2": 0.0103809349239,
        "dvar": 0.000285780988634,
        "dvar2": 0.000280844193185,
        "max": 0.51025390625,
        "mean": 0.0540899932384,
        "median": 0.046875,
        "min": 0.001953125,
        "var": 0.00189940247219
    },
    "barkbands": {
        "dmean": [0.000145728336065, 0.00174038368277, 0.000865582143888, 0.000495896325447, 0.0016948566772, 0.000775075866841, 0.000396628951421, 0.000445217970992, 0.000907931593247, 0.00091885618167, 0.000948482775129, 0.000427512393799, 0.000371462927433, 0.000333529198542, 0.000335092918249, 0.000230661069509, 0.000179040958756, 0.000120318734844, 9.09141454031e-05, 6.74394832458e-05, 4.19365351263e-05, 3.57609023922e-05, 5.77836908633e-05, 9.18428122532e-05, 7.81970229582e-05, 2.12611575989e-05, 8.76691552687e-10],
        "dmean2": [0.000190399063285, 0.00287175504491, 0.00148631015327, 0.000874267658219, 0.00282461475581, 0.00120080797933, 0.000638479541522, 0.000691170745995, 0.00137974927202, 0.00133820262272, 0.00140741618816, 0.000629269925412, 0.000564352667425, 0.000517137872521, 0.000525617797393, 0.000364095467376, 0.000274388235994, 0.000192499952391, 0.000145834710565, 0.000107367581222, 6.84980332153e-05, 5.95999626967e-05, 9.06582499738e-05, 0.000130039596115, 0.000115712668048, 2.98504837701e-05, 1.6168573147e-09],
        "dvar": [9.92700606162e-08, 1.30690714286e-05, 5.79245897825e-06, 1.84246027857e-06, 1.87166915566e-05, 1.94566086975e-06, 1.08483504846e-06, 1.40140389249e-06, 5.83649807595e-06, 6.32773435427e-06, 9.00099985301e-06, 1.73971159256e-06, 1.45997501022e-06, 1.07749667677e-06, 1.29951592953e-06, 5.77779474042e-07, 3.21882765775e-07, 1.06887114271e-07, 5.12732434288e-08, 1.96877465442e-08, 1.04588160355e-08, 1.71752567724e-08, 5.26027790215e-08, 1.60839391583e-07, 2.18521705619e-07, 1.9939056628e-08, 1.78609697549e-18],
        "dvar2": [1.5235437445e-07, 3.42289749824e-05, 1.60336821864e-05, 5.30035322299e-06, 4.96068096254e-05, 4.46282729172e-06, 2.62179833044e-06, 3.14068483931e-06, 1.2488108041e-05, 1.16845822049e-05, 2.01682432817e-05, 3.186463573e-06, 2.69498218586e-06, 2.27408872888e-06, 3.01111458612e-06, 1.23738118418e-06, 6.6941777277e-07, 2.4936073828e-07, 1.20021169892e-07, 4.84101967402e-08, 2.65352557705e-08, 4.64832332625e-08, 1.11423268834e-07, 2.83440357407e-07, 4.56569210883e-07, 4.73512109522e-08, 5.65387585334e-18],
        "max": [0.00463823601604, 0.0444045066833, 0.0422296561301, 0.0181768704206, 0.0539996288717, 0.0395447015762, 0.0258087515831, 0.0279408898205, 0.0581138655543, 0.0553113594651, 0.0922157540917, 0.0790546089411, 0.0646860823035, 0.0357564911246, 0.0424589179456, 0.0311195738614, 0.0191856492311, 0.0123611940071, 0.0106363566592, 0.00247465795837, 0.00262448238209, 0.00365287670866, 0.00915877055377, 0.0105457948521, 0.0227424111217, 0.010201443918, 1.49124517179e-08],
        "mean": [0.000245863455348, 0.00366075639613, 0.00154912681319, 0.000731765117962, 0.00260167452507, 0.00170877226628, 0.000669328088406, 0.000761539675295, 0.00169988442212, 0.00194306136109, 0.00219967239536, 0.000952431291807, 0.000684782804456, 0.000554296479095, 0.000583609973546, 0.000365482323105, 0.000342149200151, 0.000205304779229, 0.000174273896846, 0.000141461190651, 7.38052840461e-05, 5.11954822286e-05, 9.37983350013e-05, 0.000170942643308, 0.000128841318656, 3.17446247209e-05, 7.33212102144e-10],
        "median": [3.63995932275e-05, 0.00224938173778, 0.000871299474966, 0.000341526087141, 0.0012128764065, 0.000789163983427, 0.000207656994462, 0.000225499141379, 0.000459483853774, 0.000356536125764, 0.000275694445008, 0.000142446180689, 0.000102912083094, 9.7824166005e-05, 0.000113169677206, 8.97911158972e-05, 7.98883993411e-05, 6.26342807664e-05, 6.35953838355e-05, 5.88020993746e-05, 2.92498170893e-05, 1.29681448016e-05, 1.95969441847e-05, 3.01891268464e-05, 2.04619245778e-05, 6.34984417047e-06, 2.39299385862e-10],
        "min": [8.46833109854e-24, 6.72731823616e-24, 7.25367068682e-24, 2.21621004991e-24, 2.5284956276e-23, 3.6999334037e-23, 3.89771187669e-23, 1.06956715025e-22, 5.98677395698e-23, 3.09562650725e-23, 6.77923711664e-23, 7.83106827561e-23, 5.89726538106e-23, 7.71307677229e-23, 5.44718615584e-23, 8.07744278917e-23, 1.55811375756e-22, 1.92320741974e-22, 2.13170638622e-22, 1.89040885522e-22, 3.80082978632e-22, 6.00495915722e-22, 4.42400667738e-22, 7.15060430561e-22, 1.09732717813e-21, 1.61460485692e-21, 2.18227653543e-21],
        "var": [2.71092375215e-07, 2.3395228709e-05, 5.95424171479e-06, 1.6082537968e-06, 2.05583237403e-05, 6.95507969795e-06, 2.76395144283e-06, 3.11538474307e-06, 1.59586197697e-05, 2.31527137657e-05, 4.61000236101e-05, 1.66019071912e-05, 4.54416704088e-06, 2.57418832916e-06, 3.27677730638e-06, 1.23327947676e-06, 1.09877680643e-06, 1.99837728587e-07, 1.0732171063e-07, 4.84374425014e-08, 1.68600298167e-08, 1.92258653442e-08, 1.16172557796e-07, 4.54159476249e-07, 4.14661627701e-07, 2.53451997168e-08, 1.56738059876e-18]
    },
    "erbbands": {
        "dmean": [0.061044190079, 0.378662258387, 0.896057724953, 1.39533567429, 3.26829075813, 6.65751838684, 7.14819145203, 5.96942090988, 5.00284671783, 7.81590509415, 10.0641679764, 22.1548519135, 24.6191501617, 35.054649353, 26.3766536713, 16.4449310303, 16.070930481, 17.8240585327, 15.313788414, 14.6841821671, 11.5387134552, 8.21104049683, 6.2924952507, 6.18786907196, 3.25162768364, 3.28016161919, 2.24892091751, 1.25822222233, 1.23443138599, 1.4498705864, 1.73041331768, 1.5778324604, 1.84314000607, 1.14852011204, 0.437979608774, 0.13263168931, 0.0327479988337, 0.00283411634155, 5.58342180739e-05, 9.17152738111e-06],
        "dmean2": [0.0976059436798, 0.620732665062, 1.51773667336, 2.43465781212, 5.61985445023, 11.1323566437, 11.1154270172, 9.2379360199, 8.02444171906, 12.2242450714, 15.3102893829, 33.3516540527, 36.1008491516, 51.8144416809, 38.4328231812, 24.0403289795, 23.7604427338, 27.5672569275, 23.7666244507, 22.5836353302, 17.7943992615, 12.4460220337, 9.7995672226, 9.89753341675, 5.16877555847, 5.20702648163, 3.63588452339, 2.05048847198, 2.04569196701, 2.33850193024, 2.70297598839, 2.34161806107, 2.62614202499, 1.69348943233, 0.630642175674, 0.187274336815, 0.0457200072706, 0.00414375495166, 7.87097524153e-05, 1.3727149053e-05],
        "dvar": [0.0182167738676, 0.672801017761, 5.73925924301, 15.3497362137, 90.4962921143, 300.478393555, 168.102645874, 150.335708618, 159.932510376, 471.85723877, 731.894287109, 3560.88525391, 5225.37207031, 12335.7919922, 6810.14697266, 2881.93261719, 2752.90380859, 2636.24755859, 2652.24536133, 2470.17773438, 1331.52868652, 627.071044922, 306.546600342, 270.510131836, 56.8239097595, 50.3158073425, 29.9469833374, 10.6656579971, 20.9457015991, 27.5110206604, 50.255317688, 42.5322914124, 76.2401657104, 40.2901878357, 12.518951416, 1.08932697773, 0.0158324744552, 7.11153988959e-05, 3.10685841498e-08, 3.30054927833e-10],
        "dvar2": [0.0448814705014, 1.73824369907, 15.5273809433, 43.6296463013, 243.130126953, 806.529541016, 388.734100342, 318.25213623, 370.558349609, 1112.34216309, 1562.07250977, 7676.58300781, 10461.8291016, 29362.4765625, 13085.921875, 5255.98974609, 4792.73095703, 5641.15039062, 5901.81835938, 5075.08398438, 2908.86230469, 1322.77844238, 704.93548584, 614.585144043, 141.452819824, 121.759315491, 75.6054840088, 27.3686676025, 56.7946472168, 63.4835357666, 107.070259094, 85.0551605225, 142.563674927, 78.0162353516, 29.7151889801, 2.49593877792, 0.0296988133341, 0.000154850815306, 6.16665758457e-08, 6.76780187447e-10],
        "max": [1.76749920845, 11.3747177124, 38.3401641846, 57.5394973755, 140.704727173, 222.836227417, 263.311920166, 499.361236572, 355.06842041, 655.350341797, 755.842224121, 1531.86621094, 2248.06665039, 3785.01953125, 3636.60986328, 4059.69360352, 3062.61499023, 1969.53320312, 2606.79663086, 1922.38818359, 1207.49072266, 1202.48522949, 651.444885254, 754.560852051, 193.888931274, 145.824966431, 158.658416748, 76.6248931885, 109.629829407, 213.686935425, 264.455932617, 165.581344604, 247.39125061, 212.232559204, 248.380905151, 78.084197998, 8.75419807434, 0.398844659328, 0.00925293751061, 0.000707253173459],
        "mean": [0.128540739417, 0.732991397381, 1.68244493008, 2.36337804794, 4.11017847061, 9.99190235138, 14.1811847687, 13.6592664719, 9.55259227753, 13.1751422882, 18.7008590698, 43.0373802185, 51.4278945923, 85.3687210083, 67.3109741211, 43.8013763428, 33.1654396057, 32.1815719604, 28.2779388428, 27.2277832031, 21.3049049377, 16.6974716187, 11.9421386719, 11.8179388046, 7.05919885635, 6.83369541168, 4.19560050964, 2.23177528381, 1.83230185509, 2.18035626411, 2.79288220406, 2.82683062553, 3.21485900879, 1.89248347282, 0.679853975773, 0.202805817127, 0.0484805591404, 0.00388383865356, 9.37864679145e-05, 3.26475710608e-05],
        "median": [0.0600287802517, 0.475634932518, 1.06082260609, 1.34244000912, 1.8745251894, 4.24730491638, 6.26241397858, 6.12173271179, 3.46830606461, 4.21436357498, 6.14679670334, 12.8654184341, 13.6120195389, 13.3492479324, 10.5687265396, 7.39460611343, 6.00048398972, 6.88956451416, 6.83637237549, 5.91360998154, 5.36943769455, 4.0902466774, 3.57729005814, 4.18587112427, 2.61243653297, 2.86503982544, 1.71256673336, 0.860940039158, 0.481449007988, 0.489964365959, 0.554465949535, 0.602338135242, 0.471661329269, 0.262273490429, 0.114628650248, 0.0370991118252, 0.0103290574625, 0.000753916974645, 3.09141905745e-05, 2.52607387665e-05],
        "min": [3.49189569997e-22, 1.57011320283e-21, 1.05310350956e-20, 2.06019865184e-20, 1.90152004564e-20, 5.54609026457e-20, 2.30687205307e-19, 2.97207596753e-19, 4.16236767249e-19, 1.50918389317e-18, 2.12003206352e-18, 1.51616591793e-18, 1.03732791512e-18, 1.84953759257e-18, 2.31511392559e-18, 3.53059586515e-18, 3.76346705991e-18, 3.53162570501e-18, 3.0314808738e-18, 4.8420712876e-18, 6.09412536358e-18, 9.78619598328e-18, 8.2230148771e-18, 8.10158310881e-18, 1.41049282953e-17, 9.78887273975e-18, 1.40878023479e-17, 1.5604241132e-17, 2.10332607571e-17, 1.8244742268e-17, 1.33090821115e-17, 1.44431856088e-17, 1.16114287347e-17, 1.16421692478e-17, 7.11485920844e-18, 6.00373561573e-18, 2.7806956353e-18, 1.2110683106e-18, 3.13297991576e-19, 2.88259551089e-20],
        "var": [0.0407081656158, 0.968787908554, 6.06786966324, 13.3834314346, 72.7788619995, 341.012695312, 503.019287109, 647.907226562, 465.611785889, 1111.76831055, 1733.42419434, 10106.6728516, 14998.5830078, 66242.859375, 38705.9375, 37705.4179688, 9645.45117188, 6382.88623047, 6331.52929688, 8479.45996094, 3266.22094727, 2125.93798828, 724.772521973, 621.763366699, 145.610656738, 122.041229248, 52.1462097168, 16.2214260101, 22.4993858337, 51.3377609253, 109.90953064, 107.911384583, 189.984207153, 82.7620849609, 16.59516716, 1.44833374023, 0.0313127376139, 0.000120243261335, 6.45405648925e-08, 1.14986975497e-09]
    },
    "gfcc": {
        "mean": [-46.2159080505, 108.354751587, -109.588195801, 18.4676780701, -56.0864601135, 20.8952407837, -38.5142707825, 15.4161376953, -27.7884502411, -0.013422944583, -13.5582866669, -0.799874722958, -3.10216641426],
        "cov": [[18300.3632812, -2645.51025391, -1099.59143066, 1086.42944336, -236.306350708, 696.832336426, -160.10723877, 813.311096191, -572.446838379, 271.956604004, -351.937713623, 290.612487793, -113.203781128], [-2645.51025391, 2137.12109375, -139.041290283, -414.56942749, 421.416046143, -403.701171875, 294.346160889, -383.501281738, 165.388595581, -174.487808228, 102.651283264, -187.516281128, 94.2422485352], [-1099.59143066, -139.041290283, 1077.52282715, 184.885299683, -55.4339523315, 126.953384399, -158.18258667, 70.7215042114, 42.6038703918, 40.1929626465, -34.5378608704, 86.2463302612, -9.20652866364], [1086.42944336, -414.56942749, 184.885299683, 571.089477539, 19.182718277, 54.3209075928, -38.734210968, 87.2121047974, 38.0801849365, 61.3884277344, -48.7873001099, 65.4953308105, -0.902905225754], [-236.306350708, 421.416046143, -55.4339523315, 19.182718277, 355.782012939, -32.4864349365, 110.722457886, -35.0932273865, 63.1941986084, 12.9729404449, -5.40254735947, -4.42533922195, 21.9945964813], [696.832336426, -403.701171875, 126.953384399, 54.3209075928, -32.4864349365, 322.064910889, 40.3987121582, 101.694763184, -37.8268852234, 63.6974601746, 15.4468574524, 34.8737869263, -17.3099117279], [-160.10723877, 294.346160889, -158.18258667, -38.734210968, 110.722457886, 40.3987121582, 308.570831299, -35.719329834, -5.10356283188, 7.56944942474, 34.5934066772, -28.5708217621, 6.10934305191], [813.311096191, -383.501281738, 70.7215042114, 87.2121047974, -35.0932273865, 101.694763184, -35.719329834, 287.150360107, 0.225112468004, 34.6331100464, -2.42961859703, 42.9353294373, 23.7721385956], [-572.446838379, 165.388595581, 42.6038703918, 38.0801849365, 63.1941986084, -37.8268852234, -5.10356283188, 0.225112468004, 187.698226929, 29.578332901, -9.22451305389, 1.87016892433, 9.81189250946], [271.956604004, -174.487808228, 40.1929626465, 61.3884277344, 12.9729404449, 63.6974601746, 7.56944942474, 34.6331100464, 29.578332901, 140.914428711, 17.6741867065, 26.7654666901, -17.9504985809], [-351.937713623, 102.651283264, -34.5378608704, -48.7873001099, -5.40254735947, 15.4468574524, 34.5934066772, -2.42961859703, -9.22451305389, 17.6741867065, 137.450790405, -12.2294979095, 20.7880840302], [290.612487793, -187.516281128, 86.2463302612, 65.4953308105, -4.42533922195, 34.8737869263, -28.5708217621, 42.9353294373, 1.87016892433, 26.7654666901, -12.2294979095, 125.47089386, 13.4039754868], [-113.203781128, 94.2422485352, -9.20652866364, -0.902905225754, 21.9945964813, -17.3099117279, 6.10934305191, 23.7721385956, 9.81189250946, -17.9504985809, 20.7880840302, 13.4039754868, 103.546615601]],
        "icov": [[0.0001339114242, -0.00019881760818, 0.000309431634378, -0.000325734028593, 0.000147921120515, -0.000364934676327, 0.000265777605819, -0.000373683986254, 0.000530056131538, -0.000317821657518, 0.000453937827842, -0.000268729723757, 0.000168037455296], [-0.00019881760818, 0.00273932074197, -0.00122124992777, 0.00161778333131, -0.00214857677929, 0.0025244327262, -0.00208183703944, 0.00214849645272, -0.00229103234597, 0.00221362197772, -0.00211360328831, 0.00208332692273, -0.0015415516682], [0.000309431634378, -0.00122124992777, 0.00210959417745, -0.0013421542244, 0.000961825659033, -0.00199074437842, 0.00172292510979, -0.00126142345835, 0.0013680231059, -0.00116796314251, 0.00153670448344, -0.00159153994173, 0.000841920205858], [-0.000325734028593, 0.00161778333131, -0.0013421542244, 0.00342755764723, -0.00139331072569, 0.00179747736547, -0.00139936164487, 0.00123438669834, -0.00216525862925, 0.000898433034308, -0.00106936157681, 0.000865346984938, -0.00105876510497], [0.000147921120515, -0.00214857677929, 0.000961825659033, -0.00139331072569, 0.00523298699409, -0.00162255985197, 0.000277175771771, -0.00136593764182, 0.000752397696488, -0.0020742865745, 0.0021158256568, -0.00173454952892, 0.000473912776215], [-0.000364934676327, 0.0025244327262, -0.00199074437842, 0.00179747736547, -0.00162255985197, 0.00704024918377, -0.00319948606193, 0.000960332865361, -0.00160282070283, 0.000775773951318, -0.00265920930542, 0.00165760866366, -0.000762364827096], [0.000265777605819, -0.00208183703944, 0.00172292510979, -0.00139936164487, 0.000277175771771, -0.00319948606193, 0.00607454311103, -0.00130483950488, 0.0022652936168, -0.00182950007729, 0.00111926172394, -0.00109954772051, 0.00105956743937], [-0.000373683986254, 0.00214849645272, -0.00126142345835, 0.00123438669834, -0.00136593764182, 0.000960332865361, -0.00130483950488, 0.00650337198749, -0.00261054048315, 0.0015927834902, -0.00202477816492, 0.00124774361029, -0.00266227032989], [0.000530056131538, -0.00229103234597, 0.0013680231059, -0.00216525862925, 0.000752397696488, -0.00160282070283, 0.0022652936168, -0.00261054048315, 0.00935026071966, -0.00407440401614, 0.00312247569673, -0.00163162860554, 0.00079732312588], [-0.000317821657518, 0.00221362197772, -0.00116796314251, 0.000898433034308, -0.0020742865745, 0.000775773951318, -0.00182950007729, 0.0015927834902, -0.00407440401614, 0.01136671938, -0.00397993437946, 0.000271755940048, 0.000974791240878], [0.000453937827842, -0.00211360328831, 0.00153670448344, -0.00106936157681, 0.0021158256568, -0.00265920930542, 0.00111926172394, -0.00202477816492, 0.00312247569673, -0.00397993437946, 0.0108710546046, -0.000979061354883, -0.000989466905594], [-0.000268729723757, 0.00208332692273, -0.00159153994173, 0.000865346984938, -0.00173454952892, 0.00165760866366, -0.00109954772051, 0.00124774361029, -0.00163162860554, 0.000271755940048, -0.000979061354883, 0.0113370949402, -0.00296921259724], [0.000168037455296, -0.0015415516682, 0.000841920205858, -0.00105876510497, 0.000473912776215, -0.000762364827096, 0.00105956743937, -0.00266227032989, 0.00079732312588, 0.000974791240878, -0.000989466905594, -0.00296921259724, 0.0123068699613]]
    },
    "melbands": {
        "dmean": [0.000497099885251, 0.000445842393674, 0.000266066344921, 0.000375107832951, 0.000251218181802, 0.000133356195875, 7.77966633905e-05, 8.70856820256e-05, 8.60037907842e-05, 0.000148747480125, 0.000125188656966, 0.000141769880429, 0.000102028046967, 5.36244951945e-05, 3.57026801794e-05, 4.04764869018e-05, 3.60982157872e-05, 2.60930773948e-05, 2.26821193792e-05, 1.94705808099e-05, 1.39905096148e-05, 1.04315158751e-05, 6.93489391779e-06, 5.68347468288e-06, 5.51291168449e-06, 2.9770085348e-06, 2.28818498726e-06, 2.33781747738e-06, 1.63508934747e-06, 1.04713046767e-06, 7.39338133826e-07, 7.47746696561e-07, 7.00668579157e-07, 9.11015320071e-07, 1.09660504677e-06, 9.59433236858e-07, 1.07161167762e-06, 1.36709036269e-06, 1.33633568566e-06, 9.69718826127e-07],
        "dmean2": [0.000812649785075, 0.000731562962756, 0.000461361429188, 0.000640422513243, 0.000393623311538, 0.000206629163586, 0.000125081453007, 0.000136168237077, 0.000130856977194, 0.000223897703108, 0.000183307536645, 0.000208883022424, 0.000148696897668, 7.77807945269e-05, 5.25126051798e-05, 6.12866278971e-05, 5.60306361876e-05, 4.05019673053e-05, 3.53863433702e-05, 3.04139539367e-05, 2.17255892494e-05, 1.6123691239e-05, 1.06509396574e-05, 8.97455629456e-06, 8.82694985194e-06, 4.8329384299e-06, 3.68609084944e-06, 3.72587760467e-06, 2.64646541837e-06, 1.74370916284e-06, 1.21196296732e-06, 1.25040492094e-06, 1.17933541333e-06, 1.47382820614e-06, 1.7388207425e-06, 1.49333561694e-06, 1.59256285315e-06, 2.00362228497e-06, 1.98592169909e-06, 1.4296261952e-06],
        "dvar": [1.08895631001e-06, 1.07036964891e-06, 4.88484943162e-07, 1.26275222101e-06, 1.90254056065e-07, 6.70384636692e-08, 3.83403531146e-08, 5.64656090773e-08, 5.82945212102e-08, 1.61662768505e-07, 1.32560089128e-07, 1.9351857361e-07, 9.99794877998e-08, 2.45067273141e-08, 1.24666676982e-08, 1.93402733828e-08, 1.25716850263e-08, 7.49884332407e-09, 7.68788499528e-09, 4.07525702073e-09, 2.1199573208e-09, 1.13205855801e-09, 6.35652031011e-10, 3.15144632612e-10, 2.27547397591e-10, 5.26492252573e-11, 2.34173600649e-11, 2.59708591438e-11, 1.52351724986e-11, 7.38624005708e-12, 3.82592698842e-12, 7.77379723094e-12, 7.09048141381e-12, 1.15409504869e-11, 2.2574244557e-11, 1.50510506836e-11, 2.13479390415e-11, 4.42395356459e-11, 4.79644240992e-11, 3.25520860267e-11],
        "dvar2": [2.79110645351e-06, 2.74896092378e-06, 1.38068412525e-06, 3.40380211128e-06, 4.49822294968e-07, 1.45451892308e-07, 8.94510137073e-08, 1.31023398353e-07, 1.19509024898e-07, 3.46920444372e-07, 2.63456371385e-07, 4.43905577185e-07, 2.02981581765e-07, 4.7014580673e-08, 2.36011103993e-08, 3.53128619679e-08, 2.64663473359e-08, 1.63580509138e-08, 1.83349087024e-08, 7.96476484766e-09, 4.75937689259e-09, 2.45320364023e-09, 1.22986443252e-09, 7.38983430004e-10, 5.19467413529e-10, 1.30473909454e-10, 5.87938378538e-11, 6.32386989996e-11, 3.77445123767e-11, 1.91460181043e-11, 9.40212751405e-12, 2.11766784664e-11, 1.91887391393e-11, 2.58562719846e-11, 4.87836437912e-11, 3.46564166254e-11, 4.4255620002e-11, 8.86869536143e-11, 1.00794331215e-10, 6.67417718314e-11],
        "max": [0.0122656738386, 0.0187123101205, 0.00982774514705, 0.0148045765236, 0.0107437232509, 0.00964438635856, 0.00481982761994, 0.00624419283122, 0.0080693680793, 0.0105369389057, 0.0109892189503, 0.0140087883919, 0.0108578419313, 0.0098037077114, 0.00455516437069, 0.00866752397269, 0.00448817340657, 0.00389693188481, 0.00380773632787, 0.00270988047123, 0.00186940887943, 0.00131548650097, 0.00126134918537, 0.000939494639169, 0.000744706427213, 0.000233424972976, 8.51272125146e-05, 0.000109879678348, 7.83587965998e-05, 7.38486123737e-05, 5.98660481046e-05, 6.87230203766e-05, 8.3374325186e-05, 0.000136868533446, 0.000192190287635, 0.000116965849884, 0.000128310071887, 0.000224468181841, 0.0002051841293, 0.000244666269282],
        "mean": [0.00107037415728, 0.000929727510083, 0.000443964701844, 0.000504280964378, 0.000505357398652, 0.000302767177345, 0.000145182901178, 0.000146929101902, 0.000156214126037, 0.00028190240846, 0.000248786294833, 0.000332964264089, 0.000246263138251, 0.000130588668981, 7.79460679041e-05, 7.29341045371e-05, 5.92113538005e-05, 4.42040873168e-05, 3.84202321584e-05, 3.28988608089e-05, 2.33000064327e-05, 1.88989106391e-05, 1.2688775314e-05, 9.73814076133e-06, 9.71735062194e-06, 5.48336220163e-06, 4.64318236482e-06, 4.4570447244e-06, 2.87797433884e-06, 1.69663042016e-06, 1.18920081604e-06, 1.06279935608e-06, 9.27233202219e-07, 1.34050083034e-06, 1.64923062584e-06, 1.54697954713e-06, 1.78082348157e-06, 2.2887754767e-06, 2.06289792004e-06, 1.46570152992e-06],
        "median": [0.000604340981226, 0.000652994785924, 0.000268974603387, 0.000217706226977, 0.00024140678579, 0.00013680353004, 5.04301824549e-05, 4.43003773398e-05, 4.32962224295e-05, 7.70573096815e-05, 5.69145959162e-05, 4.56871712231e-05, 3.39338112099e-05, 2.07370321732e-05, 1.36273074531e-05, 1.00875513454e-05, 1.05749331851e-05, 9.82479195955e-06, 7.36408628654e-06, 7.4599747677e-06, 5.4316801652e-06, 4.5260189836e-06, 2.66336292043e-06, 3.26395183947e-06, 3.0777637221e-06, 1.8569896838e-06, 1.72511329311e-06, 1.76255923634e-06, 1.07291464246e-06, 6.02852480824e-07, 4.02076921091e-07, 2.7650386869e-07, 1.97049288886e-07, 2.80617456383e-07, 2.9449299177e-07, 3.2055024235e-07, 3.49259067889e-07, 3.30438268747e-07, 2.53577496778e-07, 1.94372788087e-07],
        "min": [4.64729634407e-24, 3.96222902359e-24, 3.63026215518e-24, 4.51345149757e-24, 8.60902207441e-24, 6.85584655459e-24, 6.62150280092e-24, 1.91030556808e-23, 1.54377570574e-23, 8.15386195387e-24, 4.35695687677e-24, 7.00730390409e-24, 7.81990163395e-24, 6.70846524939e-24, 6.63787245356e-24, 8.8300175127e-24, 6.35539516847e-24, 5.23439187329e-24, 4.55782137362e-24, 7.07944207843e-24, 7.73384716438e-24, 9.75624592279e-24, 8.12041267377e-24, 7.43561987688e-24, 5.9878088636e-24, 9.30030246337e-24, 7.71535705362e-24, 6.06760214417e-24, 7.87988346174e-24, 9.8962277127e-24, 7.98291895115e-24, 9.01471982733e-24, 1.34483571395e-23, 8.65965747819e-24, 7.27164961571e-24, 8.82616708262e-24, 8.50619799972e-24, 6.75821081807e-24, 1.00766133805e-23, 9.57158620665e-24],
        "var": [2.22161520469e-06, 1.3899438045e-06, 4.18232644961e-07, 1.08357642148e-06, 5.6999942899e-07, 2.78102703533e-07, 1.10959781807e-07, 1.35738076779e-07, 1.45952625985e-07, 4.51692329761e-07, 3.84323072922e-07, 1.02046271877e-06, 5.12328995228e-07, 2.42399693207e-07, 7.71132135924e-08, 5.43029976541e-08, 2.92610575769e-08, 1.73667071834e-08, 1.58606834333e-08, 1.13563531912e-08, 4.51443327165e-09, 2.83389511857e-09, 2.47647102825e-09, 5.33752653187e-10, 4.88454388048e-10, 1.11967171645e-10, 5.79644839072e-11, 5.72845416935e-11, 2.85574463382e-11, 1.10281757684e-11, 5.84964281874e-12, 7.91053941102e-12, 7.95477746174e-12, 2.27744715448e-11, 4.59455355706e-11, 3.0522608746e-11, 4.80793495294e-11, 9.96945373477e-11, 9.33578214735e-11, 5.72986172398e-11]
    },
    "mfcc": {
        "mean": [-687.272277832, 136.117141724, 7.81160497665, 7.43767118454, 8.31623077393, -0.907928586006, 7.30438041687, 4.59952878952, 1.29806339741, 3.33071279526, -7.48333501816, -2.92065691948, -3.46392846107],
        "cov": [[13534.6523438, -1188.99035645, -1268.95166016, 188.544052124, 61.7160720825, 80.2746963501, 455.783294678, 259.698364258, 97.2872695923, 268.330718994, -128.307388306, -35.7223548889, 98.0685348511], [-1188.99035645, 1749.79138184, -156.230224609, 25.4663925171, 11.0186433792, 60.1253166199, 43.9581756592, -58.8069381714, -1.97258734703, -71.1514053345, -24.5571231842, -24.073266983, -42.006061554], [-1268.95166016, -156.230224609, 951.308044434, 16.1282234192, 128.340377808, 19.4931869507, -90.3870315552, 13.3896808624, -9.93871212006, -3.20005917549, 1.76163244247, 11.579870224, -2.30498385429], [188.544052124, 25.4663925171, 16.1282234192, 424.927764893, 94.6162185669, 49.4666099548, -49.2493476868, 16.7639827728, 73.0985717773, -9.72623538971, 14.4556865692, 42.5433578491, 17.9705543518], [61.7160720825, 11.0186433792, 128.340377808, 94.6162185669, 291.734832764, -11.3822288513, -47.2872886658, 16.3434238434, 50.5042610168, 12.7674121857, -7.32936048508, 24.5343456268, 11.8410367966], [80.2746963501, 60.1253166199, 19.4931869507, 49.4666099548, -11.3822288513, 282.814697266, 35.4959754944, 18.0322875977, 17.6258335114, 2.89767146111, 54.3727722168, 1.68369531631, 4.89691972733], [455.783294678, 43.9581756592, -90.3870315552, -49.2493476868, -47.2872886658, 35.4959754944, 293.121582031, 41.9728851318, -16.5427093506, 57.4888877869, -4.10220432281, -11.2277812958, 23.1127471924], [259.698364258, -58.8069381714, 13.3896808624, 16.7639827728, 16.3434238434, 18.0322875977, 41.9728851318, 142.454101562, 50.2223548889, 12.7619962692, 0.968999683857, 4.87571620941, 13.195599556], [97.2872695923, -1.97258734703, -9.93871212006, 73.0985717773, 50.5042610168, 17.6258335114, -16.5427093506, 50.2223548889, 153.530929565, 28.0100364685, 2.74784803391, 15.3131742477, 20.8889846802], [268.330718994, -71.1514053345, -3.20005917549, -9.72623538971, 12.7674121857, 2.89767146111, 57.4888877869, 12.7619962692, 28.0100364685, 145.960998535, 28.3122138977, -6.6761059761, 10.4022579193], [-128.307388306, -24.5571231842, 1.76163244247, 14.4556865692, -7.32936048508, 54.3727722168, -4.10220432281, 0.968999683857, 2.74784803391, 28.3122138977, 117.053108215, 26.9405136108, -4.40601825714], [-35.7223548889, -24.073266983, 11.579870224, 42.5433578491, 24.5343456268, 1.68369531631, -11.2277812958, 4.87571620941, 15.3131742477, -6.6761059761, 26.9405136108, 109.281173706, 29.8857116699], [98.0685348511, -42.006061554, -2.30498385429, 17.9705543518, 11.8410367966, 4.89691972733, 23.1127471924, 13.195599556, 20.8889846802, 10.4022579193, -4.40601825714, 29.8857116699, 102.243125916]],
