{
"lowlevel": {
    "average_loudness": 0.964863955975,
    "barkbands_crest": {
        "dmean": 2.63145852089,
        "dmean2": 4.3438129425,
        "dvar": 5.72720527649,
        "dvar2": 15.2258405685,
        "max": 26.0018291473,
        "mean": 9.18632507324,
        "median": 8.34082889557,
        "min": 2.26322770119,
        "var": 15.681096077
    },
    "barkbands_flatness_db": {
        "dmean": 0.0209327675402,
        "dmean2": 0.0319981463253,
        "dvar": 0.000417099130573,
        "dvar2": 0.000904400658328,
        "max": 0.320524901152,
        "mean": 0.10816667974,
        "median": 0.10145958513,
        "min": 0.0248523149639,
        "var": 0.00181823375169
    },
    "barkbands_kurtosis": {
        "dmean": 2.30273723602,
        "dmean2": 3.63475108147,
        "dvar": 22.294713974,
        "dvar2": 56.0127792358,
        "max": 118.420982361,
        "mean": 3.00385761261,
        "median": 0.843011379242,
        "min": -1.91552352905,
        "var": 43.8219795227
    },
    "barkbands_skewness": {
        "dmean": 0.521223604679,
        "dmean2": 0.810056567192,
        "dvar": 0.261610329151,
        "dvar2": 0.64808601141,
        "max": 9.3244600296,
        "mean": 1.36552870274,
        "median": 1.20264959335,
        "min": -1.8118840456,
        "var": 1.19225358963
    },
    "barkbands_spread": {
        "dmean": 6.26664495468,
        "dmean2": 9.42084693909,
        "dvar": 50.9901657104,
        "dvar2": 109.424064636,
        "max": 101.258049011,
        "mean": 27.2550964355,
        "median": 25.7390003204,
        "min": 1.16802501678,
        "var": 194.814559937
    },
    "dissonance": {
        "dmean": 0.0154722286388,
        "dmean2": 0.0257615037262,
        "dvar": 0.000224236064241,
        "dvar2": 0.000590034294873,
        "max": 0.499999910593,
        "mean": 0.47022074461,
        "median": 0.476106792688,
        "min": 0.330334603786,
        "var": 0.000545526621863
    },
    "dynamic_complexity": 2.74233722687,
    "erbbands_crest": {
        "dmean": 2.53881382942,
        "dmean2": 4.11164045334,
        "dvar": 5.82616758347,
        "dvar2": 13.7523155212,
        "max": 31.409029007,
        "mean": 8.36591434479,
        "median": 7.4136390686,
        "min": 2.43439531326,
        "var": 15.8201189041
    },
    "erbbands_flatness_db": {
        "dmean": 0.0159504469484,
        "dmean2": 0.0225368700922,
        "dvar": 0.000235187646467,
        "dvar2": 0.000420040392783,
        "max": 0.311466008425,
        "mean": 0.135917007923,
        "median": 0.131943643093,
        "min": 0.0469161123037,
        "var": 0.00113164703362
    },
    "erbbands_kurtosis": {
        "dmean": 0.941437184811,
        "dmean2": 1.47115945816,
        "dvar": 2.94454479218,
        "dvar2": 6.75025463104,
        "max": 62.7984390259,
        "mean": 0.547076582909,
        "median": -0.00252938270569,
        "min": -1.71515250206,
        "var": 5.2816991806
    },
    "erbbands_skewness": {
        "dmean": 0.352623730898,
        "dmean2": 0.536357462406,
        "dvar": 0.122165367007,
        "dvar2": 0.275345951319,
        "max": 7.46232795715,
        "mean": 0.166709378362,
        "median": 0.148012116551,
        "min": -2.90195965767,
        "var": 0.631472945213
    },
    "erbbands_spread": {
        "dmean": 9.2620306015,
        "dmean2": 13.6542949677,
        "dvar": 93.0975341797,
        "dvar2": 207.822372437,
        "max": 148.810882568,
        "mean": 41.140663147,
        "median": 38.5599098206,
        "min": 3.8554353714,
        "var": 357.134918213
    },
    "hfc": {
        "dmean": 8.56352329254,
        "dmean2": 11.5752668381,
        "dvar": 127.069396973,
        "dvar2": 247.429336548,
        "max": 114.150886536,
        "mean": 24.0788440704,
        "median": 19.3959312439,
        "min": 1.19315668224e-16,
        "var": 353.009185791
    },
    "melbands_crest": {
        "dmean": 3.43283390999,
        "dmean2": 5.71885919571,
        "dvar": 8.83735466003,
        "dvar2": 23.5952529907,
        "max": 31.9356651306,
        "mean": 13.4063911438,
        "median": 12.8315620422,
        "min": 3.63962316513,
        "var": 23.6771736145
    },
    "melbands_flatness_db": {
        "dmean": 0.0275787971914,
        "dmean2": 0.0425520017743,
        "dvar": 0.000713401124813,
        "dvar2": 0.00160035316367,
        "max": 0.430402547121,
        "mean": 0.173207730055,
        "median": 0.167194098234,
        "min": 0.0156466718763,
        "var": 0.00357198598795
    },
    "melbands_kurtosis": {
        "dmean": 6.44471645355,
        "dmean2": 10.3838338852,
        "dvar": 118.274871826,
        "dvar2": 306.032287598,
        "max": 199.280548096,
        "mean": 11.6606349945,
        "median": 6.39869689941,
        "min": -1.75923287868,
        "var": 241.993469238
    },
    "melbands_skewness": {
        "dmean": 0.75463026762,
        "dmean2": 1.18829643726,
        "dvar": 0.591481387615,
        "dvar2": 1.47273695469,
        "max": 12.5882005692,
        "mean": 2.53524947166,
        "median": 2.30750966072,
        "min": -0.785537064075,
        "var": 2.23898530006
    },
    "melbands_spread": {
        "dmean": 8.57643508911,
        "dmean2": 13.330906868,
        "dvar": 105.545005798,
        "dvar2": 238.340515137,
        "max": 190.975021362,
        "mean": 28.4192218781,
        "median": 24.9115905762,
        "min": 0.95339256525,
        "var": 418.308044434
    },
    "pitch_salience": {
        "dmean": 0.0767355263233,
        "dmean2": 0.125553846359,
        "dvar": 0.00489018764347,
        "dvar2": 0.0129429111257,
        "max": 0.884772717953,
        "mean": 0.571552753448,
        "median": 0.577213406563,
        "min": 0.170848682523,
        "var": 0.0134498197585
    },
    "silence_rate_20dB": {
        "dmean": 0,
        "dmean2": 0,
        "dvar": 0,
        "dvar2": 0,
        "max": 1,
        "mean": 1,
        "median": 1,
        "min": 1,
        "var": 0
    },
    "silence_rate_30dB": {
        "dmean": 0,
        "dmean2": 0,
        "dvar": 0,
        "dvar2": 0,
        "max": 1,
        "mean": 1,
        "median": 1,
        "min": 1,
        "var": 0
    },
    "silence_rate_60dB": {
        "dmean": 0.0273362994194,
        "dmean2": 0.0543720200658,
        "dvar": 0.0265894141048,
        "dvar2": 0.0584093742073,
        "max": 1,
        "mean": 0.0502065457404,
        "median": 0,
        "min": 0,
        "var": 0.0476850830019
    },
    "spectral_centroid": {
        "dmean": 263.678924561,
        "dmean2": 398.494110107,
        "dvar": 91578.8203125,
        "dvar2": 184501.828125,
        "max": 10604.0712891,
        "mean": 1456.13232422,
        "median": 1407.89123535,
        "min": 248.256530762,
        "var": 398815.21875
    },
    "spectral_complexity": {
        "dmean": 4.89129066467,
        "dmean2": 6.76089048386,
        "dvar": 32.5137786865,
        "dvar2": 50.42786026,
        "max": 61,
        "mean": 22.4486808777,
        "median": 21,
        "min": 0,
        "var": 150.992294312
    },
    "spectral_decrease": {
        "dmean": 2.70955724524e-09,
        "dmean2": 4.14031209317e-09,
        "dvar": 1.21020990392e-17,
        "dvar2": 2.8084548654e-17,
        "max": -7.72331310547e-29,
        "mean": -7.1731016682e-09,
        "median": -6.20598905599e-09,
        "min": -2.79428054029e-08,
        "var": 2.77175253075e-17
    },
    "spectral_energy": {
        "dmean": 0.0108147095889,
        "dmean2": 0.0163582395762,
        "dvar": 0.000190522929188,
        "dvar2": 0.000434443354607,
        "max": 0.112942822278,
        "mean": 0.0292570460588,
        "median": 0.0255209989846,
        "min": 1.11137814138e-20,
        "var": 0.000443875120254
    },
    "spectral_energyband_high": {
        "dmean": 0.000623090658337,
        "dmean2": 0.000798442575615,
        "dvar": 7.83124733061e-07,
        "dvar2": 1.38646453252e-06,
        "max": 0.011770831421,
        "mean": 0.00124459608924,
        "median": 0.000625155633315,
        "min": 7.76445037318e-21,
        "var": 2.2410965812e-06
    },
    "spectral_energyband_low": {
        "dmean": 0.00585471047089,
        "dmean2": 0.00962186791003,
        "dvar": 8.45516042318e-05,
        "dvar2": 0.000235333252931,
        "max": 0.0819110199809,
        "mean": 0.0110270837322,
        "median": 0.00749784754589,
        "min": 1.68302792553e-22,
        "var": 0.000154311172082
    },
    "spectral_energyband_middle_high": {
        "dmean": 0.00228487956338,
        "dmean2": 0.00347492028959,
        "dvar": 8.91740910447e-06,
        "dvar2": 1.98001180252e-05,
        "max": 0.0413550287485,
        "mean": 0.00607839226723,
        "median": 0.00445653637871,
        "min": 1.66130118159e-21,
        "var": 3.12312185997e-05
    },
    "spectral_energyband_middle_low": {
        "dmean": 0.0061297994107,
        "dmean2": 0.00965240783989,
        "dvar": 9.35793650569e-05,
        "dvar2": 0.000223460709094,
        "max": 0.0932651534677,
        "mean": 0.0119229946285,
        "median": 0.00799045339227,
        "min": 5.68128940159e-22,
        "var": 0.000146458784002
    },
    "spectral_entropy": {
        "dmean": 0.144042566419,
        "dmean2": 0.201312154531,
        "dvar": 0.0282910373062,
        "dvar2": 0.0523559860885,
        "max": 9.80080604553,
        "mean": 7.7889456749,
        "median": 7.81671714783,
        "min": 5.81611251831,
        "var": 0.122141905129
    },
    "spectral_flux": {
        "dmean": 0.0264186877757,
        "dmean2": 0.039157923311,
        "dvar": 0.000966794614214,
        "dvar2": 0.00187241472304,
        "max": 0.281798005104,
        "mean": 0.0932363346219,
        "median": 0.085491836071,
        "min": 7.35926164452e-07,
        "var": 0.00246940320358
    },
    "spectral_kurtosis": {
        "dmean": 1.07593297958,
        "dmean2": 1.64889597893,
        "dvar": 1.48466110229,
        "dvar2": 3.44033026695,
        "max": 16.5773773193,
        "mean": 3.60084533691,
        "median": 3.24866771698,
        "min": -1.27116942406,
        "var": 4.59272432327
    },
    "spectral_rms": {
        "dmean": 0.00094008538872,
        "dmean2": 0.00136910274159,
        "dvar": 1.12300085675e-06,
        "dvar2": 2.26899737754e-06,
        "max": 0.0104970531538,
        "mean": 0.00495727080852,
        "median": 0.0049898433499,
        "min": 3.29282759913e-12,
        "var": 3.96887389797e-06
    },
    "spectral_rolloff": {
        "dmean": 547.940856934,
        "dmean2": 903.970031738,
        "dvar": 946936.25,
        "dvar2": 1958729.5,
        "max": 18820.0195312,
        "mean": 1734.17895508,
        "median": 1442.72460938,
        "min": 86.1328125,
        "var": 2723877
    },
    "spectral_skewness": {
        "dmean": 0.182603821158,
        "dmean2": 0.26208075881,
        "dvar": 0.0361724421382,
        "dvar2": 0.0719951465726,
        "max": 3.26228618622,
        "mean": 1.48190534115,
        "median": 1.46681952477,
        "min": -0.119636923075,
        "var": 0.1612855196
    },
    "spectral_spread": {
        "dmean": 569101,
        "dmean2": 757534.125,
        "dvar": 770293366784,
        "dvar2": 1.08224761037e+12,
        "max": 42290764,
        "mean": 5180681.5,
        "median": 4917587.5,
        "min": 1945701.625,
        "var": 2.74350682931e+12
    },
    "spectral_strongpeak": {
        "dmean": 0.437343716621,
        "dmean2": 0.759910583496,
        "dvar": 0.546095132828,
        "dvar2": 1.42486906052,
        "max": 10.6689109802,
        "mean": 0.66646873951,
        "median": 0.377556502819,
        "min": 0,
        "var": 0.688911139965
    },
    "zerocrossingrate": {
        "dmean": 0.0122459884733,
        "dmean2": 0.0138623742387,
        "dvar": 0.000219842899241,
        "dvar2": 0.00025257159723,
        "max": 0.49609375,
        "mean": 0.0722066685557,
        "median": 0.0654296875,
        "min": 0.00390625,
        "var": 0.00170389725827
    },
    "barkbands": {
        "dmean": [0.000161785268574, 0.00402710353956, 0.00228131352924, 0.00150953745469, 0.00266825943254, 0.00172693340573, 0.000974988739472, 0.000825445051305, 0.000890392810106, 0.000498307461385, 0.000421728211222, 0.000392508372897, 0.000588892551605, 0.000394273694837, 0.000499066547491, 0.000408752734074, 0.000300506566418, 0.000216086235014, 0.000136099712108, 0.000135723515996, 0.000174284170498, 0.000150968844537, 0.000129891050165, 9.17930155993e-05, 7.01664248481e-05, 2.73924215435e-05, 1.99718829208e-06],
        "dmean2": [0.000285557674943, 0.00673473905772, 0.00387228699401, 0.00257188500836, 0.00437877234071, 0.00284139020368, 0.00162535894196, 0.00135380926076, 0.00144340551924, 0.000825856695883, 0.000688557804096, 0.000643316947389, 0.000967494910583, 0.000632266048342, 0.00081155000953, 0.000646920350846, 0.000477600668091, 0.000345186854247, 0.000206285782042, 0.000200966998818, 0.000243792295805, 0.000207532488275, 0.000185589480679, 0.00012372789206, 9.53486378421e-05, 3.69692716049e-05, 2.94777510135e-06],
        "dvar": [7.21368493828e-08, 4.55679255538e-05, 2.13380026253e-05, 1.08495714812e-05, 2.80573640339e-05, 1.07429486889e-05, 3.75410263587e-06, 2.84136058326e-06, 2.63692982116e-06, 1.4473482679e-06, 7.55622124871e-07, 5.80010805606e-07, 1.08648839614e-06, 4.72839360555e-07, 6.92334822361e-07, 7.6034916674e-07, 2.49770835126e-07, 9.77687832915e-08, 4.25799129289e-08, 6.10945249946e-08, 8.44811296474e-08, 6.90804426995e-08, 3.85021898808e-08, 2.34193766602e-08, 1.49237724401e-08, 2.59042476358e-09, 1.66838001747e-11],
        "dvar2": [2.29304518484e-07, 0.000134677640744, 5.95244200667e-05, 2.84511006612e-05, 7.13222761988e-05, 2.79083287751e-05, 1.00173674582e-05, 6.96052211424e-06, 6.55485018797e-06, 3.9301776269e-06, 1.89725722066e-06, 1.44147725223e-06, 2.72145189228e-06, 1.07335540633e-06, 1.75710704298e-06, 1.80288247975e-06, 6.12406040545e-07, 2.38748384618e-07, 9.31974710738e-08, 1.35372474119e-07, 1.65147142184e-07, 1.40524832659e-07, 7.95908334794e-08, 3.96667516611e-08, 2.74779647924e-08, 4.41408154472e-09, 3.72170835816e-11],
        "max": [0.00291118118912, 0.064782217145, 0.0515941865742, 0.0632299333811, 0.0694962590933, 0.0374980606139, 0.0269244350493, 0.0280299372971, 0.0244260150939, 0.0258917789906, 0.0196442101151, 0.0116410199553, 0.0196519289166, 0.00976030062884, 0.0104288104922, 0.0196514502168, 0.0100893685594, 0.00385733204894, 0.00229332270101, 0.00499982945621, 0.00526739936322, 0.00583780603483, 0.00302736624144, 0.00405288673937, 0.00375461252406, 0.00144303345587, 8.59005158418e-05],
        "mean": [0.000189907266758, 0.00656695151702, 0.00332532543689, 0.00171836023219, 0.00361812673509, 0.00252610002644, 0.00154250382911, 0.00111391814426, 0.00127049069852, 0.000701751268934, 0.000609571754467, 0.00060010625748, 0.000858171202708, 0.000613500189502, 0.000796134583652, 0.000663301500026, 0.000529576733243, 0.000406231469242, 0.000256468338193, 0.000246307550697, 0.000283640838461, 0.000257597275777, 0.000227061842452, 0.000168726634001, 0.000119893389638, 4.4652249926e-05, 2.60866363533e-06],
        "median": [8.816159243e-05, 0.00355057022534, 0.00178201228846, 0.00056565500563, 0.00146572780795, 0.00121809041593, 0.000506086973473, 0.000373180839233, 0.000506373180542, 0.00019619804516, 0.000192432838958, 0.000210936443182, 0.000346325483406, 0.000212184560951, 0.000362430146197, 0.000290133379167, 0.00027559074806, 0.000236567298998, 0.000133184454171, 0.00012779237295, 0.000107349500468, 9.52972113737e-05, 0.00010878512694, 7.42408155929e-05, 5.88072362007e-05, 1.79081198439e-05, 7.89328510109e-07],
        "min": [1.25114672743e-23, 1.45513964153e-22, 9.62962507003e-24, 2.35949038281e-23, 9.95648043532e-23, 1.11559421795e-22, 2.78063624106e-22, 2.11309583218e-23, 3.29584445371e-23, 1.6096304452e-23, 5.69921837981e-23, 1.81900823428e-22, 5.17263321519e-23, 6.36885905197e-23, 1.14895950015e-22, 2.59867796332e-22, 2.06640132504e-22, 2.55549205705e-22, 2.84930374296e-22, 2.91891813039e-22, 2.32145532805e-22, 6.61808356221e-22, 7.3425850296e-22, 7.7920979158e-22, 1.05709875557e-21, 1.93461874081e-21, 2.45833372653e-21],
        "var": [8.19356031911e-08, 7.57030793466e-05, 2.35897550738e-05, 1.06507377495e-05, 3.79886878363e-05, 1.37105871545e-05, 7.09699452273e-06, 4.81115012008e-06, 4.67349627797e-06, 2.12346867556e-06, 1.49589163811e-06, 1.12206100766e-06, 1.95307006834e-06, 9.79862761596e-07, 1.27755731683e-06, 1.38212578804e-06, 5.52831693312e-07, 2.23917453468e-07, 1.0842412479e-07, 1.16898483782e-07, 1.84827172234e-07, 1.92983051761e-07, 9.1867725871e-08, 5.93261830772e-08, 3.30193721254e-08, 5.62488100542e-09, 2.61984652722e-11]
    },
    "erbbands": {
        "dmean": [0.100558243692, 1.00417590141, 2.50064301491, 4.03364181519, 6.59226083755, 9.87320995331, 12.5803823471, 15.2270059586, 14.9581298828, 11.3932495117, 20.6621723175, 21.713092804, 11.5176906586, 18.1984100342, 18.1505031586, 16.1132011414, 25.4019260406, 19.6378154755, 26.4098415375, 21.8623943329, 18.2634944916, 14.8253955841, 12.6879968643, 7.9908657074, 6.58555364609, 6.50938796997, 6.4558968544, 7.13082838058, 4.92103099823, 5.4673743248, 3.36570096016, 2.2166788578, 1.55119562149, 0.941874027252, 0.386311978102, 0.14717438817, 0.0456800945103, 0.00803763326257, 0.000186364137335, 1.7190219296e-05],
        "dmean2": [0.160383999348, 1.69251477718, 4.27189159393, 6.71741342545, 11.019238472, 16.3678703308, 21.3290596008, 25.0563697815, 24.8387069702, 19.070306778, 33.2578201294, 34.9091148376, 18.6745605469, 30.2151508331, 29.4481945038, 26.2054634094, 41.4721298218, 31.3373565674, 42.7974510193, 34.8212203979, 28.9845085144, 23.2237224579, 20.2621250153, 12.4014024734, 9.91067028046, 9.64953613281, 9.14488506317, 10.0510349274, 6.8118224144, 7.77502441406, 4.74882364273, 3.09503126144, 2.11580181122, 1.28819942474, 0.531181395054, 0.201130717993, 0.0614456571639, 0.0109861530364, 0.000253005098784, 2.4387589292e-05],
        "dvar": [0.0250158440322, 3.08818602562, 24.4567337036, 64.5666503906, 212.871231079, 416.99041748, 618.207275391, 853.369018555, 864.471496582, 587.142944336, 1950.78540039, 1555.03735352, 498.199127197, 1786.39050293, 1312.50146484, 854.667602539, 1881.79748535, 1085.4140625, 2037.14770508, 1953.77685547, 1191.18371582, 656.82824707, 329.935882568, 152.407272339, 102.668777466, 153.128585815, 128.57623291, 151.380523682, 80.4468460083, 76.8333892822, 26.3103542328, 11.866476059, 8.68413162231, 2.82863211632, 0.408061355352, 0.0695627704263, 0.00833372958004, 0.000278687366517, 1.33881727038e-07, 4.57004545318e-10],
        "dvar2": [0.0644069761038, 9.3702287674, 69.1234359741, 171.1146698, 548.043640137, 1066.41833496, 1659.76953125, 2190.33837891, 2226.77319336, 1555.09655762, 4743.75341797, 3879.50366211, 1293.31262207, 4783.98681641, 3246.42163086, 2179.09082031, 4724.37646484, 2598.10424805, 4996.37890625, 4753.70068359, 2890.84130859, 1591.02478027, 829.348815918, 343.771850586, 213.624328613, 352.656555176, 256.978363037, 287.604370117, 167.770782471, 168.032714844, 52.8789787292, 21.9804077148, 15.2173652649, 5.33009719849, 0.733093142509, 0.126118078828, 0.0145483622327, 0.00054099742556, 2.60175511357e-07, 9.23777332407e-10],
        "max": [1.76436936855, 17.8868846893, 49.5823287964, 87.3816680908, 232.600280762, 367.071258545, 332.694946289, 365.409545898, 490.361968994, 418.737426758, 775.67590332, 672.248168945, 377.139190674, 924.767883301, 615.582397461, 546.63494873, 752.945983887, 396.822631836, 679.831787109, 913.818054199, 685.012878418, 538.575561523, 232.497940063, 170.442642212, 148.098739624, 279.447998047, 177.088470459, 254.335510254, 206.888320923, 179.201675415, 73.7370529175, 53.886428833, 105.219566345, 49.1833763123, 17.4199943542, 7.27520513535, 2.47929477692, 0.370388031006, 0.00778128998354, 0.000240360721364],
        "mean": [0.170162111521, 1.54613244534, 3.75686454773, 5.30740022659, 8.06074523926, 13.1114234924, 16.0354156494, 22.089963913, 25.5074768066, 16.7037067413, 28.868391037, 31.8791980743, 18.3654651642, 25.8481388092, 28.3212337494, 25.980638504, 38.3955802917, 33.892414093, 42.810760498, 38.7179641724, 33.2163009644, 28.2291870117, 23.8729152679, 15.6306428909, 12.3856372833, 11.7659091949, 11.4355278015, 11.1068878174, 8.53090953827, 9.09850883484, 5.97271108627, 3.88182592392, 2.74389147758, 1.56108880043, 0.697171390057, 0.240317925811, 0.0733052268624, 0.0122168436646, 0.000297420483548, 4.55759836768e-05],
        "median": [0.0932083949447, 0.796066701412, 2.08858346939, 2.57701444626, 2.83332133293, 4.74059724808, 7.5332775116, 10.4699659348, 8.12832736969, 7.62294054031, 10.0493860245, 13.1736974716, 7.35897064209, 7.87701511383, 9.40553951263, 10.7197790146, 17.2944889069, 14.9983177185, 20.0152893066, 18.2020282745, 17.2683563232, 14.8386583328, 14.7508554459, 8.34432697296, 6.47956228256, 6.18637132645, 4.94303846359, 3.87249350548, 3.14964222908, 3.73740005493, 2.86500573158, 1.73917341232, 1.15508806705, 0.663486361504, 0.383990973234, 0.102445833385, 0.0288712009788, 0.0043179099448, 0.000117140443763, 3.89143460779e-05],
        "min": [2.63562401769e-21, 3.75930388574e-20, 2.57743985875e-20, 4.91116419783e-20, 1.48811847225e-19, 4.04624288822e-19, 4.35965128256e-19, 1.30110381835e-18, 3.3231056735e-18, 2.68226279676e-18, 8.94014531301e-19, 5.82489730614e-19, 2.6840105777e-19, 1.56305030825e-18, 2.64773110812e-18, 7.41330845499e-18, 3.50634417036e-18, 3.1733698526e-18, 6.64845672877e-18, 6.92322668952e-18, 1.37958762477e-17, 1.08745084162e-17, 1.08575694116e-17, 1.75782663049e-17, 1.30237205166e-17, 1.46396955982e-17, 9.45146907661e-18, 1.07540750549e-17, 2.20238906044e-17, 2.35814055234e-17, 2.02461471191e-17, 1.49234516356e-17, 1.50057577609e-17, 1.03249229998e-17, 8.60081804135e-18, 7.0482595886e-18, 3.40488715951e-18, 1.38444278205e-18, 3.6714078031e-19, 3.54170207026e-20],
        "var": [0.0524520277977, 4.4919719696, 28.5784778595, 69.400390625, 229.74571228, 674.739746094, 636.780395508, 1161.17431641, 1793.46435547, 750.373291016, 3337.36157227, 2935.67016602, 862.841247559, 2716.59667969, 2660.72216797, 1703.48950195, 3470.17626953, 2308.94799805, 3948.16308594, 3730.86157227, 2499.52197266, 1536.76171875, 751.3671875, 397.190551758, 248.9659729, 272.386810303, 277.389007568, 335.656707764, 227.108230591, 183.595031738, 64.709564209, 28.6340065002, 19.3757266998, 6.16225528717, 0.977273106575, 0.145535454154, 0.0175453014672, 0.000538444845006, 2.63711172011e-07, 1.12786291417e-09]
    },
    "gfcc": {
        "mean": [21.697927475, 77.6718673706, -111.994644165, 35.5792236328, -57.6094703674, 20.7810611725, -44.9603996277, 10.6637239456, -22.2505435944, 6.99506425858, -16.7894992828, 3.74240136147, -12.0280160904],
        "cov": [[6323.890625, -405.913818359, -113.403388977, 209.533752441, -173.587234497, 74.5423355103, -103.979309082, 34.0487747192, -18.844171524, 142.766204834, -179.139846802, 16.4264564514, -133.18939209], [-405.913818359, 827.111572266, -8.86581039429, -11.213593483, 205.166000366, -0.496962159872, 134.337310791, 47.5768623352, 49.2107009888, -23.4298629761, 87.9434967041, -62.5946044922, 43.5784339905], [-113.403388977, -8.86581039429, 695.674377441, 175.904846191, -18.3440532684, 20.6155052185, -16.8615646362, 24.8076839447, 34.9819869995, 53.0469360352, 42.3475608826, 48.9602813721, -9.71432876587], [209.533752441, -11.213593483, 175.904846191, 374.911529541, 107.676513672, -31.1274280548, -2.83118796349, 9.75708675385, 70.071937561, 4.72894048691, -7.36111593246, 13.8438968658, 6.87172889709], [-173.587234497, 205.166000366, -18.3440532684, 107.676513672, 297.920349121, 81.5899124146, 66.464263916, 56.580947876, 42.3629608154, 4.3406252861, 7.79027414322, -24.8862895966, 10.2065849304], [74.5423355103, -0.496962159872, 20.6155052185, -31.1274280548, 81.5899124146, 229.487106323, 141.194900513, 31.9408874512, -9.7541437149, 22.220790863, 16.3776664734, -19.5095996857, -9.65974903107], [-103.979309082, 134.337310791, -16.8615646362, -2.83118796349, 66.464263916, 141.194900513, 229.025665283, 47.1184577942, 8.15601825714, 20.9380245209, 34.1925048828, -22.3199272156, -5.45665454865], [34.0487747192, 47.5768623352, 24.8076839447, 9.75708675385, 56.580947876, 31.9408874512, 47.1184577942, 120.566047668, 55.4126968384, 15.2101507187, 10.7980508804, -2.54703903198, 6.33601617813], [-18.844171524, 49.2107009888, 34.9819869995, 70.071937561, 42.3629608154, -9.7541437149, 8.15601825714, 55.4126968384, 141.865966797, 29.3403263092, 6.80246067047, 5.47812509537, -0.764289736748], [142.766204834, -23.4298629761, 53.0469360352, 4.72894048691, 4.3406252861, 22.220790863, 20.9380245209, 15.2101507187, 29.3403263092, 95.5421295166, 37.6301345825, 11.6010026932, -0.304590314627], [-179.139846802, 87.9434967041, 42.3475608826, -7.36111593246, 7.79027414322, 16.3776664734, 34.1925048828, 10.7980508804, 6.80246067047, 37.6301345825, 99.1064529419, 22.9610424042, 11.2500915527], [16.4264564514, -62.5946044922, 48.9602813721, 13.8438968658, -24.8862895966, -19.5095996857, -22.3199272156, -2.54703903198, 5.47812509537, 11.6010026932, 22.9610424042, 75.4568710327, 20.8426799774], [-133.18939209, 43.5784339905, -9.71432876587, 6.87172889709, 10.2065849304, -9.65974903107, -5.45665454865, 6.33601617813, -0.764289736748, -0.304590314627, 11.2500915527, 20.8426799774, 70.5053024292]],
        "icov": [[0.000259096210357, -0.000302400847431, 0.000280333741102, -0.000529832905158, 0.000564092304558, -0.000604032538831, 0.000517430016771, -0.00050102773821, 0.000463559874333, -0.000926214037463, 0.0008826458361, -0.000584741588682, 0.000720325333532], [-0.000302400847431, 0.00321481958963, -0.000991524080746, 0.0019072877476, -0.00293233129196, 0.00309051363729, -0.00278340349905, 0.00153530912939, -0.00182048825081, 0.00311678601429, -0.00391675624996, 0.00372365955263, -0.00286835292354], [0.000280333741102, -0.000991524080746, 0.00241607683711, -0.00206544692628, 0.0017947233282, -0.00200624717399, 0.00173095543869, -0.00146711210255, 0.00108725589234, -0.00211056577973, 0.000953941955231, -0.00210035778582, 0.00187910126988], [-0.000529832905158, 0.0019072877476, -0.00206544692628, 0.00587743148208, -0.00407176278532, 0.0037429262884, -0.00289197894745, 0.00285571045242, -0.0032491479069, 0.00317856692709, -0.00207276921719, 0.00194355391432, -0.00268068164587], [0.000564092304558, -0.00293233129196, 0.0017947233282, -0.00407176278532, 0.00814314745367, -0.00522965379059, 0.00323511310853, -0.00357290962711, 0.00167972268537, -0.00324101466686, 0.00338990218006, -0.00208750599995, 0.00227871187963], [-0.000604032538831, 0.00309051363729, -0.00200624717399, 0.0037429262884, -0.00522965379059, 0.0117184789851, -0.00773189635947, 0.00210998789407, -0.00106246524956, 0.00260453182273, -0.00327997235581, 0.00382728967816, -0.00272624357603], [0.000517430016771, -0.00278340349905, 0.00173095543869, -0.00289197894745, 0.00323511310853, -0.00773189635947, 0.0108625562862, -0.00374737055972, 0.00209081848152, -0.00333749759011, 0.0013080497738, -0.00177840178367, 0.00319326203316], [-0.00050102773821, 0.00153530912939, -0.00146711210255, 0.00285571045242, -0.00357290962711, 0.00210998789407, -0.00374737055972, 0.0133263943717, -0.00596527941525, 0.00266226870008, -0.00238376739435, 0.00220226030797, -0.00338102970272], [0.000463559874333, -0.00182048825081, 0.00108725589234, -0.0032491479069, 0.00167972268537, -0.00106246524956, 0.00209081848152, -0.00596527941525, 0.0118204681203, -0.00548483617604, 0.0033049909398, -0.00293437461369, 0.00322109856643], [-0.000926214037463, 0.00311678601429, -0.00211056577973, 0.00317856692709, -0.00324101466686, 0.00260453182273, -0.00333749759011, 0.00266226870008, -0.00548483617604, 0.0185369346291, -0.00975363701582, 0.00375870242715, -0.00348243885674], [0.0008826458361, -0.00391675624996, 0.000953941955231, -0.00207276921719, 0.00338990218006, -0.00327997235581, 0.0013080497738, -0.00238376739435, 0.0033049909398, -0.00975363701582, 0.0198256485164, -0.00876576267183, 0.00321862963028], [-0.000584741588682, 0.00372365955263, -0.00210035778582, 0.00194355391432, -0.00208750599995, 0.00382728967816, -0.00177840178367, 0.00220226030797, -0.00293437461369, 0.00375870242715, -0.00876576267183, 0.0219769384712, -0.00850762985647], [0.000720325333532, -0.00286835292354, 0.00187910126988, -0.00268068164587, 0.00227871187963, -0.00272624357603, 0.00319326203316, -0.00338102970272, 0.00322109856643, -0.00348243885674, 0.00321862963028, -0.00850762985647, 0.0197060406208]]
    },
    "melbands": {
        "dmean": [0.00101447547786, 0.00127580633853, 0.000731136649847, 0.00059091852745, 0.000433263572631, 0.000334283657139, 0.000219885871047, 0.000127612423967, 0.000173752370756, 0.000132812958327, 5.77323698963e-05, 7.67759629525e-05, 5.88815455558e-05, 4.82904288219e-05, 4.48047612736e-05, 6.04345768807e-05, 3.72453469026e-05, 4.41783631686e-05, 3.29593640345e-05, 3.32955351041e-05, 2.13652820094e-05, 1.77478668775e-05, 1.38858313221e-05, 1.01514933704e-05, 6.80537277731e-06, 5.32388139618e-06, 4.44759598395e-06, 4.66500841867e-06, 4.22761104346e-06, 4.50394827567e-06, 4.11085511587e-06, 2.85339478978e-06, 3.24065922541e-06, 3.06530432681e-06, 2.09281643038e-06, 1.70493206042e-06, 1.27778343995e-06, 1.12940040253e-06, 1.10214887172e-06, 7.49098489905e-07],
        "dmean2": [0.0016666877782, 0.00217171362601, 0.00121842138469, 0.00097537500551, 0.000726327765733, 0.000547269068193, 0.000365528278053, 0.000212624421692, 0.000278462655842, 0.000213898718357, 9.39155361266e-05, 0.000127448554849, 9.55025316216e-05, 7.87235694588e-05, 7.3776631325e-05, 9.92676723399e-05, 5.92496362515e-05, 7.15944479452e-05, 5.38410786248e-05, 5.23145899933e-05, 3.44433392456e-05, 2.82145356323e-05, 2.26378961088e-05, 1.6271333152e-05, 1.0740342077e-05, 8.16605279397e-06, 6.72962505632e-06, 7.04421472619e-06, 6.29959913567e-06, 6.42539089313e-06, 5.89281899011e-06, 4.11730025007e-06, 4.67487461719e-06, 4.53299935543e-06, 3.03519914269e-06, 2.47954790211e-06, 1.82231462986e-06, 1.55358850407e-06, 1.60371530455e-06, 1.04445030047e-06],
        "dvar": [2.69852102974e-06, 5.4116389947e-06, 2.00725025934e-06, 1.56180794875e-06, 6.89314504143e-07, 4.02350480044e-07, 1.83859981462e-07, 6.75000890737e-08, 1.36225878578e-07, 5.84972035256e-08, 1.35319089267e-08, 3.41928014791e-08, 1.42077958287e-08, 8.97506691189e-09, 5.75831782257e-09, 1.38174156561e-08, 3.99345800872e-09, 6.24182749931e-09, 3.29076543792e-09, 5.78167869136e-09, 1.67880020996e-09, 9.80826198038e-10, 4.81323758628e-10, 2.19910950561e-10, 1.20662785319e-10, 6.72184113926e-11, 5.71572338071e-11, 8.45532324711e-11, 6.3315193366e-11, 6.30757807096e-11, 5.41842681834e-11, 3.30798444192e-11, 3.40204253657e-11, 2.37325246261e-11, 1.04847909868e-11, 7.20769537804e-12, 4.38003930001e-12, 5.42792200076e-12, 4.29186894357e-12, 1.7546977326e-12],
        "dvar2": [7.60973944125e-06, 1.55871421157e-05, 5.16033333042e-06, 3.98606243834e-06, 1.83026020295e-06, 1.03007539565e-06, 4.81657423279e-07, 1.76906723937e-07, 3.32692707161e-07, 1.44197315421e-07, 3.54418858706e-08, 9.18302873743e-08, 3.44544197617e-08, 2.22984297693e-08, 1.48083492135e-08, 3.50676465644e-08, 9.42674915905e-09, 1.52252006558e-08, 8.60311821782e-09, 1.33505748678e-08, 4.20977608329e-09, 2.41356667985e-09, 1.26626442665e-09, 5.28588506299e-10, 2.8377278305e-10, 1.54229032323e-10, 1.19911178209e-10, 2.03352931716e-10, 1.32967775679e-10, 1.33457869755e-10, 1.0248608906e-10, 7.57502324755e-11, 7.90572815546e-11, 5.27940226258e-11, 2.23246750947e-11, 1.48313219345e-11, 8.35229108098e-12, 9.44115792489e-12, 9.24195268925e-12, 3.25699319945e-12],
        "max": [0.0175564959645, 0.0217832103372, 0.0234356243163, 0.0161656308919, 0.0119976978749, 0.00746780913323, 0.00627113971859, 0.00407400121912, 0.00612679030746, 0.00452790083364, 0.0020653931424, 0.00406965054572, 0.00269704684615, 0.00147724943236, 0.000897732272279, 0.00254191411659, 0.000796282256488, 0.00133139640093, 0.00073349365266, 0.0020597926341, 0.000850005191751, 0.000645514635835, 0.000316055607982, 0.000270756368991, 0.00016397573927, 0.000124236408737, 0.000139724259498, 0.000191099839867, 0.000129950305563, 0.000130697051645, 0.000164361073985, 0.000138086455991, 0.000120147145935, 9.31772956392e-05, 4.8755609896e-05, 4.36948903371e-05, 3.23992280755e-05, 8.79228755366e-05, 5.50875665795e-05, 3.88287917303e-05],
        "mean": [0.00170209817588, 0.00205669691786, 0.000982021330856, 0.00078702979954, 0.000569296011236, 0.000490540114697, 0.000376329669962, 0.000181903946213, 0.000239111090195, 0.000192615974811, 8.79230356077e-05, 0.00010498402844, 8.88728245627e-05, 7.56383451517e-05, 6.52146773064e-05, 8.90454466571e-05, 5.86737878621e-05, 6.79867298459e-05, 5.37221603736e-05, 5.30472643732e-05, 3.5990455217e-05, 3.10128853016e-05, 2.35934239754e-05, 1.89379607036e-05, 1.18818543342e-05, 9.45959436649e-06, 7.70543647377e-06, 7.87929639046e-06, 7.18568071534e-06, 7.0118376243e-06, 6.12171015746e-06, 4.62640718979e-06, 5.20957382832e-06, 4.91871196573e-06, 3.57251087735e-06, 2.75186584986e-06, 2.19070284402e-06, 1.97931285584e-06, 1.65730875779e-06, 1.20139691262e-06],
        "median": [0.000930459180381, 0.00127614988014, 0.000493027968332, 0.000280078500509, 0.000276648934232, 0.000226021395065, 0.000120603370306, 7.99369809101e-05, 7.81341004767e-05, 7.90468620835e-05, 3.1863051845e-05, 2.98036957247e-05, 2.79350679193e-05, 2.62232479145e-05, 2.85633050225e-05, 3.64816150977e-05, 2.25977692025e-05, 2.79291252809e-05, 2.44667789957e-05, 2.29614615819e-05, 1.75398745341e-05, 1.52939701366e-05, 1.31657179736e-05, 1.08208359961e-05, 5.76592947255e-06, 4.91056835017e-06, 3.80084043172e-06, 3.88693933928e-06, 3.00279657495e-06, 2.58140721598e-06, 1.94239623852e-06, 1.64430809946e-06, 1.88455203443e-06, 2.02905061997e-06, 1.63952847743e-06, 1.25600513456e-06, 9.26480311136e-07, 8.11874429019e-07, 6.72718499573e-07, 5.0301224519e-07],
        "min": [3.57822415671e-23, 2.83606886578e-23, 1.10419085492e-23, 1.89693027366e-23, 1.79015163925e-23, 2.77543102127e-23, 5.38224775721e-23, 2.30454117205e-23, 7.52867390926e-24, 3.25003514317e-24, 1.13788758096e-24, 5.64994762651e-24, 7.8772368334e-24, 1.84966078159e-23, 1.63508288453e-23, 3.93004034322e-24, 5.68910628741e-24, 1.03832554472e-23, 6.49414554651e-24, 1.87851699796e-23, 1.44338432031e-23, 1.24702745355e-23, 8.24375344288e-24, 1.27331103674e-23, 1.44837970311e-23, 1.151672945e-23, 8.37056993314e-24, 9.69474553776e-24, 5.10919530889e-24, 6.09566271543e-24, 6.20941843011e-24, 1.08937178727e-23, 1.49680361423e-23, 1.2986964229e-23, 1.13536442908e-23, 1.11056745427e-23, 9.06871972287e-24, 1.1110221537e-23, 9.67580262084e-24, 8.14039452049e-24],
        "var": [5.0130274758e-06, 7.15465557732e-06, 2.20851006816e-06, 2.17803244595e-06, 7.55019925691e-07, 5.57899397791e-07, 3.86975898437e-07, 8.9375724599e-08, 2.25726367376e-07, 1.13720751926e-07, 2.25797904818e-08, 5.04199917373e-08, 3.0507287363e-08, 1.79935142341e-08, 9.5512877607e-09, 2.32446666359e-08, 8.1710824773e-09, 1.18737961685e-08, 5.83086023909e-09, 1.01110906314e-08, 3.36806382784e-09, 2.1250050608e-09, 8.72283079101e-10, 5.4277410344e-10, 2.77647627112e-10, 1.49340040334e-10, 1.18876811173e-10, 1.33472038977e-10, 1.22343385422e-10, 1.18778709091e-10, 1.19636453522e-10, 7.64497076755e-11, 7.95551263755e-11, 5.09900836831e-11, 2.42533007566e-11, 1.51129317394e-11, 1.00815900766e-11, 1.18400705906e-11, 7.29455298248e-12, 3.99867161952e-12]
    },
    "mfcc": {
        "mean": [-620.575927734, 106.812896729, 4.79135894775, 18.4848518372, 10.4200763702, 8.15118026733, -4.41562986374, 2.38748693466, -1.05681931973, 1.41897821426, -0.0261843055487, 1.84376394749, -0.513762176037],
        "cov": [[5061.78466797, -405.33102417, -165.779388428, 63.6884880066, -103.848754883, 90.6510467529, -95.8076629639, -48.0775108337, 50.1130218506, 69.5788650513, 33.1584434509, -33.8796920776, -23.7500476837], [-405.33102417, 802.090881348, -103.681480408, -14.6001205444, 51.3648071289, -4.39959669113, 123.077308655, 46.6234054565, 23.4145870209, 50.8749504089, 44.5726127625, 9.47587776184, 14.1621799469], [-165.779388428, -103.681480408, 647.16583252, 118.243301392, 26.5949363708, 7.42897033691, -14.3581123352, -20.8542366028, -9.97716808319, -30.3485660553, 12.6804838181, 62.7478752136, 46.444442749], [63.6884880066, -14.6001205444, 118.243301392, 371.727416992, 142.096572876, 2.53014779091, -56.3769264221, 5.64749145508, 42.3854064941, -22.5219192505, -11.2468967438, 59.0564346313, 43.2419700623], [-103.848754883, 51.3648071289, 26.5949363708, 142.096572876, 241.432815552, 23.6134853363, -19.407365799, 26.210691452, 39.5242233276, 17.4828395844, -0.679451107979, 29.3219070435, 17.2697544098], [90.6510467529, -4.39959669113, 7.42897033691, 2.53014779091, 23.6134853363, 180.530838013, 101.714874268, 34.4708595276, 25.8926734924, 34.0351295471, 35.0967063904, -0.772520601749, -3.63022446632], [-95.8076629639, 123.077308655, -14.3581123352, -56.3769264221, -19.407365799, 101.714874268, 236.235778809, 53.3989753723, 13.8520727158, 42.9834671021, 38.5533714294, -0.849779307842, -6.23093080521], [-48.0775108337, 46.6234054565, -20.8542366028, 5.64749145508, 26.210691452, 34.4708595276, 53.3989753723, 124.167259216, 44.5199394226, 41.4950790405, 13.2118349075, 9.63383865356, 6.74380159378], [50.1130218506, 23.4145870209, -9.97716808319, 42.3854064941, 39.5242233276, 25.8926734924, 13.8520727158, 44.5199394226, 107.767662048, 43.8809661865, 15.5456428528, 1.81616580486, 11.8044071198], [69.5788650513, 50.8749504089, -30.3485660553, -22.5219192505, 17.4828395844, 34.0351295471, 42.9834671021, 41.4950790405, 43.8809661865, 129.649215698, 51.4169845581, -3.00533747673, -9.3804473877], [33.1584434509, 44.5726127625, 12.6804838181, -11.2468967438, -0.679451107979, 35.0967063904, 38.5533714294, 13.2118349075, 15.5456428528, 51.4169845581, 94.7369308472, 26.8681430817, 11.0561609268], [-33.8796920776, 9.47587776184, 62.7478752136, 59.0564346313, 29.3219070435, -0.772520601749, -0.849779307842, 9.63383865356, 1.81616580486, -3.00533747673, 26.8681430817, 82.2163543701, 35.7985496521], [-23.7500476837, 14.1621799469, 46.444442749, 43.2419700623, 17.2697544098, -3.63022446632, -6.23093080521, 6.74380159378, 11.8044071198, -9.3804473877, 11.0561609268, 35.7985496521, 76.9196395874]],
