{
"lowlevel": {
    "average_loudness": 0.953676581383,
    "barkbands_crest": {
        "dmean": 2.00750422478,
        "dmean2": 3.13311052322,
        "dvar": 4.14692163467,
        "dvar2": 9.78817176819,
        "max": 25.87849617,
        "mean": 10.2597312927,
        "median": 9.45957374573,
        "min": 3.01288127899,
        "var": 17.2321624756
    },
    "barkbands_flatness_db": {
        "dmean": 0.020928485319,
        "dmean2": 0.0300228185952,
        "dvar": 0.000671606801916,
        "dvar2": 0.00128599116579,
        "max": 0.701149404049,
        "mean": 0.176439523697,
        "median": 0.14647488296,
        "min": 0.033067278564,
        "var": 0.0107507696375
    },
    "barkbands_kurtosis": {
        "dmean": 4.83863401413,
        "dmean2": 7.33722734451,
        "dvar": 82.039932251,
        "dvar2": 196.122131348,
        "max": 218.950942993,
        "mean": 10.9189434052,
        "median": 4.99315643311,
        "min": -1.9332344532,
        "var": 254.725830078
    },
    "barkbands_skewness": {
        "dmean": 0.573662638664,
        "dmean2": 0.834835648537,
        "dvar": 0.511679768562,
        "dvar2": 1.11549496651,
        "max": 13.3262329102,
        "mean": 2.23993968964,
        "median": 2.04062986374,
        "min": -5.58699035645,
        "var": 2.75810885429
    },
    "barkbands_spread": {
        "dmean": 4.81166934967,
        "dmean2": 7.16191530228,
        "dvar": 70.8438110352,
        "dvar2": 153.294311523,
        "max": 123.238883972,
        "mean": 18.2378444672,
        "median": 15.5821733475,
        "min": 0.33047285676,
        "var": 221.551376343
    },
    "dissonance": {
        "dmean": 0.0217209532857,
        "dmean2": 0.0358602441847,
        "dvar": 0.000527569325641,
        "dvar2": 0.00134615087882,
        "max": 0.500000298023,
        "mean": 0.445510715246,
        "median": 0.455840945244,
        "min": 0.14525526762,
        "var": 0.00176011421718
    },
    "dynamic_complexity": 3.78114891052,
    "erbbands_crest": {
        "dmean": 2.13239502907,
        "dmean2": 3.35482311249,
        "dvar": 4.20944309235,
        "dvar2": 10.2027254105,
        "max": 28.2314682007,
        "mean": 9.3156003952,
        "median": 8.5961971283,
        "min": 2.34251761436,
        "var": 14.0870094299
    },
    "erbbands_flatness_db": {
        "dmean": 0.0172879714519,
        "dmean2": 0.0236964002252,
        "dvar": 0.000454798399005,
        "dvar2": 0.000801565416623,
        "max": 0.569050490856,
        "mean": 0.163005903363,
        "median": 0.150032311678,
        "min": 0.0386415757239,
        "var": 0.00468931300566
    },
    "erbbands_kurtosis": {
        "dmean": 1.47942328453,
        "dmean2": 2.24281382561,
        "dvar": 16.29895401,
        "dvar2": 41.2960624695,
        "max": 111.859565735,
        "mean": 1.82252514362,
        "median": 0.181343078613,
        "min": -1.92063200474,
        "var": 34.1418876648
    },
    "erbbands_skewness": {
        "dmean": 0.386778026819,
        "dmean2": 0.559470355511,
        "dvar": 0.253315031528,
        "dvar2": 0.522368490696,
        "max": 7.90998458862,
        "mean": 0.7667568326,
        "median": 0.661238968372,
        "min": -7.61335086823,
        "var": 1.3098269701
    },
    "erbbands_spread": {
        "dmean": 8.80581474304,
        "dmean2": 12.9499740601,
        "dvar": 158.431808472,
        "dvar2": 344.746917725,
        "max": 195.718582153,
        "mean": 43.2061920166,
        "median": 40.5584144592,
        "min": 1.32719910145,
        "var": 552.402954102
    },
    "hfc": {
        "dmean": 5.6237282753,
        "dmean2": 8.07733345032,
        "dvar": 189.514602661,
        "dvar2": 372.795806885,
        "max": 483.32232666,
        "mean": 21.4776573181,
        "median": 14.5783376694,
        "min": 1.07553126826e-16,
        "var": 748.665405273
    },
    "melbands_crest": {
        "dmean": 2.33695864677,
        "dmean2": 3.66916465759,
        "dvar": 5.70347261429,
        "dvar2": 13.9006748199,
        "max": 37.5709915161,
        "mean": 13.4987154007,
        "median": 12.6714105606,
        "min": 1.59432470798,
        "var": 24.1397151947
    },
    "melbands_flatness_db": {
        "dmean": 0.0244711879641,
        "dmean2": 0.0346332974732,
        "dvar": 0.00097826088313,
        "dvar2": 0.00186555541586,
        "max": 0.872220218182,
        "mean": 0.259501725435,
        "median": 0.225979581475,
        "min": 0.00253416015767,
        "var": 0.0173172131181
    },
    "melbands_kurtosis": {
        "dmean": 10.6249799728,
        "dmean2": 16.2317008972,
        "dvar": 481.454681396,
        "dvar2": 1122.55810547,
        "max": 888.489501953,
        "mean": 25.9528770447,
        "median": 14.7165584564,
        "min": -1.94258117676,
        "var": 1260.03674316
    },
    "melbands_skewness": {
        "dmean": 0.746929645538,
        "dmean2": 1.10602355003,
        "dvar": 0.980224370956,
        "dvar2": 2.16146564484,
        "max": 23.7715435028,
        "mean": 3.34469985962,
        "median": 3.00499629974,
        "min": -2.65158748627,
        "var": 4.05289983749
    },
    "melbands_spread": {
        "dmean": 5.40431833267,
        "dmean2": 7.99550437927,
        "dvar": 222.676177979,
        "dvar2": 437.317169189,
        "max": 316.239196777,
        "mean": 18.8138084412,
        "median": 11.801568985,
        "min": 0.178377404809,
        "var": 709.024230957
    },
    "pitch_salience": {
        "dmean": 0.0597303994,
        "dmean2": 0.0945354923606,
        "dvar": 0.00349233555607,
        "dvar2": 0.00867441296577,
        "max": 0.858863651752,
        "mean": 0.563074886799,
        "median": 0.569360852242,
        "min": 0.115854166448,
        "var": 0.0123059973121
    },
    "silence_rate_20dB": {
        "dmean": 0,
        "dmean2": 0,
        "dvar": 0,
        "dvar2": 0,
        "max": 1,
        "mean": 1,
        "median": 1,
        "min": 1,
        "var": 0
    },
    "silence_rate_30dB": {
        "dmean": 0,
        "dmean2": 0,
        "dvar": 0,
        "dvar2": 0,
        "max": 1,
        "mean": 1,
        "median": 1,
        "min": 1,
        "var": 0
    },
    "silence_rate_60dB": {
        "dmean": 0.0203117616475,
        "dmean2": 0.0406283214688,
        "dvar": 0.0198986399919,
        "dvar2": 0.042518351227,
        "max": 1,
        "mean": 0.085015937686,
        "median": 0,
        "min": 0,
        "var": 0.0777924284339
    },
    "spectral_centroid": {
        "dmean": 205.726150513,
        "dmean2": 294.353729248,
        "dvar": 129969.21875,
        "dvar2": 232855.71875,
        "max": 11720.5869141,
        "mean": 1087.38696289,
        "median": 856.43347168,
        "min": 124.960151672,
        "var": 1055326.125
    },
    "spectral_complexity": {
        "dmean": 2.36277747154,
        "dmean2": 3.58899259567,
        "dvar": 9.98192596436,
        "dvar2": 20.0484733582,
        "max": 51,
        "mean": 13.5611047745,
        "median": 12,
        "min": 0,
        "var": 68.3681182861
    },
    "spectral_decrease": {
        "dmean": 1.75783432255e-09,
        "dmean2": 2.73949019025e-09,
        "dvar": 7.16041618067e-18,
        "dvar2": 1.79355934402e-17,
        "max": 9.05866798673e-13,
        "mean": -6.95185198296e-09,
        "median": -7.34647631617e-09,
        "min": -2.78138028165e-08,
        "var": 1.79547310909e-17
    },
    "spectral_energy": {
        "dmean": 0.00691290898249,
        "dmean2": 0.0107356514782,
        "dvar": 0.000106186489575,
        "dvar2": 0.000265887589194,
        "max": 0.107945606112,
        "mean": 0.0281859822571,
        "median": 0.0298532471061,
        "min": 1.00026936742e-20,
        "var": 0.000287089176709
    },
    "spectral_energyband_high": {
        "dmean": 0.000432158936746,
        "dmean2": 0.000625931017566,
        "dvar": 2.25280700761e-06,
        "dvar2": 4.43038288722e-06,
        "max": 0.0548751987517,
        "mean": 0.00103822676465,
        "median": 0.000390010332922,
        "min": 7.02454135422e-21,
        "var": 6.95145217833e-06
    },
    "spectral_energyband_low": {
        "dmean": 0.0034673649352,
        "dmean2": 0.00553594948724,
        "dvar": 5.48898133275e-05,
        "dvar2": 0.00014260878379,
        "max": 0.0910619646311,
        "mean": 0.00857678707689,
        "median": 0.00705614779145,
        "min": 8.38972032048e-24,
        "var": 7.84571093391e-05
    },
    "spectral_energyband_middle_high": {
        "dmean": 0.00110744230915,
        "dmean2": 0.00155521056149,
        "dvar": 4.25786402047e-06,
        "dvar2": 7.80445316195e-06,
        "max": 0.0446155183017,
        "mean": 0.00430727051571,
        "median": 0.00121559819672,
        "min": 1.22046056518e-21,
        "var": 4.24906284024e-05
    },
    "spectral_energyband_middle_low": {
        "dmean": 0.00468388851732,
        "dmean2": 0.00720184436068,
        "dvar": 4.59937582491e-05,
        "dvar2": 0.000114034373837,
        "max": 0.0864896699786,
        "mean": 0.0155465528369,
        "median": 0.0145997516811,
        "min": 1.2123673824e-22,
        "var": 0.000138784889714
    },
    "spectral_entropy": {
        "dmean": 0.188153356314,
        "dmean2": 0.261802196503,
        "dvar": 0.0575507245958,
        "dvar2": 0.0996908023953,
        "max": 9.82618141174,
        "mean": 7.13128614426,
        "median": 7.276491642,
        "min": 3.78374099731,
        "var": 0.623242139816
    },
    "spectral_flux": {
        "dmean": 0.0237058382481,
        "dmean2": 0.0367369689047,
        "dvar": 0.000861259817611,
        "dvar2": 0.00194761250168,
        "max": 0.298292398453,
        "mean": 0.0707870051265,
        "median": 0.0626506134868,
        "min": 6.38662525643e-11,
        "var": 0.00206350628287
    },
    "spectral_kurtosis": {
        "dmean": 5.99057340622,
        "dmean2": 10.2550239563,
        "dvar": 1026.7310791,
        "dvar2": 2995.25048828,
        "max": 869.833251953,
        "mean": 15.9329319,
        "median": 4.09859800339,
        "min": -1.48490905762,
        "var": 3677.98291016
    },
    "spectral_rms": {
        "dmean": 0.000631397182588,
        "dmean2": 0.000941453909036,
        "dvar": 7.33298065825e-07,
        "dvar2": 1.64522748491e-06,
        "max": 0.0102622015402,
        "mean": 0.00488949520513,
        "median": 0.00539676938206,
        "min": 3.12389589023e-12,
        "var": 3.59142245543e-06
    },
    "spectral_rolloff": {
        "dmean": 409.747924805,
        "dmean2": 691.590515137,
        "dvar": 1489154.125,
        "dvar2": 3335864.75,
        "max": 19810.546875,
        "mean": 1283.06188965,
        "median": 559.86328125,
        "min": 43.06640625,
        "var": 4374026.5
    },
    "spectral_skewness": {
        "dmean": 0.332216888666,
        "dmean2": 0.512983202934,
        "dvar": 0.704353153706,
        "dvar2": 1.6713436842,
        "max": 24.5311336517,
        "mean": 2.25827360153,
        "median": 1.68545603752,
        "min": -1.07390737534,
        "var": 6.46526050568
    },
    "spectral_spread": {
        "dmean": 677613.4375,
        "dmean2": 932552.375,
        "dvar": 1.18363940454e+12,
        "dvar2": 2.20173067878e+12,
        "max": 53187824,
        "mean": 5363693,
        "median": 5080327,
        "min": 150190.15625,
        "var": 1.04411200225e+13
    },
    "spectral_strongpeak": {
        "dmean": 0.446959406137,
        "dmean2": 0.752218306065,
        "dvar": 0.764243364334,
        "dvar2": 1.84318566322,
        "max": 15.4692554474,
        "mean": 0.940861463547,
        "median": 0.464550673962,
        "min": 0,
        "var": 1.61737883091
    },
    "zerocrossingrate": {
        "dmean": 0.0110352830961,
        "dmean2": 0.0128803718835,
        "dvar": 0.000371913629351,
        "dvar2": 0.000403489568271,
        "max": 0.52490234375,
        "mean": 0.0582602731884,
        "median": 0.0498046875,
        "min": 0.00244140625,
        "var": 0.00326022063382
    },
    "barkbands": {
        "dmean": [9.95720256469e-05, 0.00151897058822, 0.00175630056765, 0.00143336306792, 0.0025600483641, 0.00138857215643, 0.00055230059661, 0.000464675453259, 0.000591347401496, 0.000273877463769, 0.00030112179229, 0.000186547564226, 0.000152059772518, 0.000235053710639, 0.000228726014029, 0.000159813469509, 0.000145465775859, 0.000171389750903, 0.000156170761329, 0.000128271014546, 5.94501289015e-05, 3.1764866435e-05, 8.68244096637e-05, 0.000145382204209, 8.30464923638e-05, 6.24525055173e-05, 7.62298031987e-06],
        "dmean2": [0.000160154799232, 0.00243698363192, 0.00282193021849, 0.00235505192541, 0.0039817742072, 0.00216265255585, 0.000868252012879, 0.000675642746501, 0.000848566414788, 0.000403851416195, 0.000461298128357, 0.000277307030046, 0.0002249222307, 0.000353988434654, 0.000347133958712, 0.000244757102337, 0.000213379142224, 0.000251885765465, 0.000235290412093, 0.000199000656721, 8.99279111763e-05, 4.84776137455e-05, 0.000131123786559, 0.000222646005568, 0.000119044663734, 9.40882455325e-05, 1.2599600268e-05],
        "dvar": [2.94322628491e-08, 8.35347509565e-06, 1.5410445485e-05, 9.93105277303e-06, 1.59369847097e-05, 7.62329636927e-06, 1.12585041734e-06, 1.15414138691e-06, 1.89381012206e-06, 6.77897787682e-07, 5.99514464739e-07, 3.15412307828e-07, 2.36118395947e-07, 5.24924587353e-07, 5.12491908466e-07, 2.63417092583e-07, 1.56361764425e-07, 1.42296769923e-07, 1.19162422152e-07, 8.45042436026e-08, 2.03343439864e-08, 1.23400383245e-08, 1.23768472804e-07, 7.37892776215e-07, 1.91645483483e-07, 2.9385070377e-08, 6.62311150368e-10],
        "dvar2": [7.32423970362e-08, 2.19638768613e-05, 4.10612701671e-05, 2.698377466e-05, 3.86969986721e-05, 1.86433917406e-05, 2.71698127108e-06, 2.27491455007e-06, 4.00994713345e-06, 1.22642904898e-06, 1.36508685955e-06, 6.51302570986e-07, 4.63746829382e-07, 1.1076139117e-06, 1.21729567581e-06, 6.23977030045e-07, 3.33313096235e-07, 3.06895174162e-07, 2.6108352813e-07, 2.03334764137e-07, 4.29516973099e-08, 2.89843207213e-08, 2.66107832658e-07, 1.63927290942e-06, 3.50952234385e-07, 5.82642307734e-08, 1.6766140698e-09],
        "max": [0.00301852845587, 0.0365945100784, 0.0562657825649, 0.0493474192917, 0.0697700381279, 0.0467461571097, 0.0177049823105, 0.0288845133036, 0.0371277853847, 0.0299409348518, 0.0166953932494, 0.0296026542783, 0.0166043080389, 0.0212507452816, 0.020779794082, 0.018556362018, 0.0142618119717, 0.00930349994451, 0.00881099049002, 0.00751601811498, 0.00399809004739, 0.00404283823445, 0.0197045691311, 0.0445882193744, 0.0194006878883, 0.00645509641618, 0.000376070587663],
        "mean": [0.000165165110957, 0.00372897577472, 0.00345067121089, 0.0024934282992, 0.00608410965651, 0.00340990675613, 0.00103060074616, 0.000963464961387, 0.00145189207979, 0.000514040584676, 0.000704780570231, 0.000426698243245, 0.00031535490416, 0.000493725354318, 0.000421256059781, 0.000290837517241, 0.000314211501973, 0.000425580481533, 0.000351025402779, 0.000307295878883, 0.000119499673019, 5.88531729591e-05, 0.000178898291779, 0.00025299101253, 0.00013598446094, 9.03373947949e-05, 6.43300336378e-06],
        "median": [7.16428185115e-05, 0.00303809018806, 0.00233265571296, 0.00145527650602, 0.00402193376794, 0.00110326008871, 0.000379831413738, 0.000244288414251, 0.000352487491909, 6.62289312459e-05, 0.000109094304207, 4.74361986562e-05, 3.17053236358e-05, 5.4016829381e-05, 5.99935956416e-05, 6.09130947851e-05, 5.28134441993e-05, 8.48566924105e-05, 8.57619234012e-05, 6.92172543495e-05, 3.29457980115e-05, 2.01784441742e-05, 5.70567208342e-05, 4.95319764013e-05, 2.75258735201e-05, 1.62559135788e-05, 3.17577132591e-07],
        "min": [1.15749609927e-24, 2.15930063813e-24, 9.84078932929e-25, 1.14520732269e-24, 1.64087233472e-23, 9.65895176305e-24, 1.21647053196e-23, 1.0019749131e-23, 2.17684289307e-23, 1.62695477731e-23, 1.1375795505e-23, 2.75576377227e-23, 4.35224501058e-23, 3.46703799865e-23, 4.66570804205e-23, 6.82775584884e-23, 8.82279138904e-23, 1.11992992371e-22, 1.15867839272e-22, 2.1796744304e-22, 2.29385529378e-22, 3.7048755226e-22, 3.76376998452e-22, 6.41323569644e-22, 8.66908606995e-22, 1.33805157959e-21, 2.02761981222e-21],
        "var": [6.06337664522e-08, 1.46110032802e-05, 1.84667478607e-05, 1.12962898129e-05, 4.14939968323e-05, 2.9865090255e-05, 2.90836669592e-06, 5.15320562045e-06, 7.42983957025e-06, 2.73667956208e-06, 3.11742815029e-06, 1.84119835467e-06, 1.07713913167e-06, 2.0312036213e-06, 1.53436940309e-06, 5.89417084029e-07, 6.86117346049e-07, 6.71222153414e-07, 4.47769906486e-07, 3.26000190398e-07, 6.59342447307e-08, 2.25018137456e-08, 2.92457542628e-07, 1.52094560235e-06, 5.90639444908e-07, 7.26797182438e-08, 5.46864609152e-10]
    },
    "erbbands": {
        "dmean": [0.0358843281865, 0.40330478549, 1.68667840958, 3.66104841232, 6.75637435913, 10.0734853745, 11.0414400101, 11.4330472946, 6.55510902405, 11.1885538101, 9.79429626465, 11.6990060806, 10.8895359039, 9.68541908264, 8.74013328552, 6.79559135437, 5.97018671036, 9.17630767822, 9.58984661102, 11.1294851303, 8.59548568726, 8.23803138733, 7.37889719009, 10.0789699554, 5.48743629456, 6.08483076096, 3.61439752579, 1.38206541538, 1.12593865395, 1.32378363609, 2.91099524498, 2.71934151649, 2.73091173172, 1.0389534235, 0.582976162434, 0.314725339413, 0.0985566154122, 0.0268408861011, 0.000619945873041, 2.1751067834e-05],
        "dmean2": [0.0590603537858, 0.641538262367, 2.71208119392, 5.91442298889, 10.5602340698, 15.8047180176, 16.9593658447, 17.8351898193, 10.1711053848, 17.0723590851, 14.0716190338, 16.9979190826, 15.505903244, 14.0742406845, 13.1452293396, 9.86615943909, 8.76323890686, 13.7356958389, 14.115852356, 16.3662605286, 12.7933292389, 11.9923448563, 10.7050304413, 14.9800653458, 8.27225208282, 9.3632068634, 5.36092615128, 2.16520047188, 1.73205316067, 1.98661231995, 4.38058662415, 4.13356971741, 4.17021846771, 1.51961696148, 0.837767660618, 0.462365329266, 0.150158941746, 0.0433612838387, 0.00099810725078, 3.31349801854e-05],
        "dvar": [0.00376609456725, 0.632108509541, 13.032784462, 76.5138931274, 147.244262695, 299.253875732, 367.969665527, 659.819946289, 223.240615845, 505.486846924, 586.471069336, 928.185791016, 762.063415527, 580.937316895, 541.758300781, 480.469604492, 348.954376221, 759.148010254, 787.943115234, 1148.2578125, 884.155395508, 468.359039307, 305.354797363, 502.149383545, 161.886703491, 226.630493164, 69.4044647217, 10.1553325653, 12.6357517242, 31.0877456665, 128.172592163, 253.119796753, 282.633850098, 33.797039032, 10.9618272781, 1.00645089149, 0.0859848484397, 0.0071622794494, 3.76358502763e-06, 2.45375120222e-09],
        "dvar2": [0.0100915189832, 1.63706874847, 34.1099281311, 206.791809082, 361.888336182, 737.159484863, 864.440917969, 1665.19372559, 575.048461914, 1124.68347168, 1179.5411377, 2129.35595703, 1579.78723145, 1211.67456055, 1147.72827148, 947.696594238, 640.220703125, 1564.86767578, 1676.60961914, 2522.76611328, 2077.44750977, 933.509460449, 651.047912598, 1105.8269043, 350.335266113, 549.975402832, 142.611679077, 25.0479545593, 29.0954151154, 66.2592773438, 256.338165283, 554.989624023, 652.719055176, 64.9157714844, 21.3897972107, 1.9354557991, 0.182329580188, 0.0176705494523, 9.21530681808e-06, 5.51782930458e-09],
        "max": [0.793994426727, 10.2508735657, 46.7918701172, 138.875366211, 157.36882019, 306.616973877, 406.305389404, 541.944885254, 246.141464233, 397.380432129, 602.013671875, 930.553100586, 836.142089844, 560.74822998, 572.365966797, 1298.68981934, 693.509765625, 937.471130371, 780.199035645, 753.398193359, 1131.03161621, 1004.21081543, 401.526855469, 451.301330566, 556.343322754, 417.199676514, 217.19418335, 76.9614028931, 120.967468262, 228.609939575, 630.642944336, 664.390014648, 973.46697998, 276.873474121, 149.074401855, 42.6797714233, 9.3835773468, 1.27777576447, 0.0278662480414, 0.00109234312549],
        "mean": [0.0875301659107, 0.92150747776, 3.66156411171, 6.6778254509, 12.8211803436, 22.4704284668, 27.9208011627, 25.8047714233, 12.9375991821, 23.068107605, 25.3446292877, 27.2047080994, 23.8964061737, 23.4594154358, 21.1573791504, 15.7298345566, 14.6806049347, 22.1923007965, 19.8857536316, 23.0520896912, 18.0375137329, 20.3117237091, 19.9022006989, 24.8330497742, 14.4589490891, 15.1284227371, 8.79301929474, 2.95532560349, 2.14975905418, 2.66674876213, 5.91810560226, 4.64054441452, 4.59642314911, 1.7957239151, 0.884669542313, 0.503426015377, 0.126754298806, 0.0254757981747, 0.000612588599324, 5.24493261764e-05],
        "median": [0.0659442692995, 0.733220934868, 2.53396296501, 4.16598129272, 8.06129550934, 12.407409668, 12.2637691498, 7.99452257156, 5.57882928848, 7.75901889801, 7.36338949203, 6.42715072632, 5.73634767532, 4.40599060059, 3.55116820335, 2.008289814, 1.75397396088, 2.50898504257, 2.61360216141, 3.65993928909, 3.88479876518, 3.72378206253, 4.12457990646, 5.65610694885, 3.76423144341, 3.29529595375, 2.25856375694, 0.985408782959, 0.774630904198, 0.834864139557, 1.8106482029, 1.02616298199, 0.869561195374, 0.385812580585, 0.149745538831, 0.0838204920292, 0.0228425785899, 0.00256901001558, 7.94924490037e-05, 4.19606803916e-05],
        "min": [6.54445696512e-23, 5.59863141998e-22, 1.23474952461e-21, 4.21527483917e-21, 8.28855814852e-21, 3.28071495478e-20, 4.95015154655e-20, 1.01230182418e-19, 1.73983211759e-19, 1.95605195983e-19, 2.59071933876e-19, 4.29372498774e-19, 6.11699287501e-19, 7.08056471383e-19, 1.03364024056e-18, 1.65562515708e-18, 2.0662911731e-18, 2.03908995904e-18, 2.7598062229e-18, 4.05575670603e-18, 3.27756276333e-18, 5.83883509267e-18, 5.88785505654e-18, 4.53039418229e-18, 6.85285843481e-18, 9.27419517235e-18, 1.03835825129e-17, 1.04398316218e-17, 1.1535070038e-17, 1.24819635375e-17, 1.16888908903e-17, 1.00253421702e-17, 1.00433490649e-17, 9.46996235356e-18, 6.0964666983e-18, 4.2654093546e-18, 2.25898806667e-18, 1.05177824344e-18, 2.43823634765e-19, 2.92467218533e-20],
        "var": [0.00802848301828, 0.988704442978, 18.0290985107, 80.9973449707, 233.488357544, 768.207336426, 1602.57006836, 2143.9934082, 465.777709961, 1589.05603027, 3069.14404297, 2640.31274414, 2689.27099609, 2963.78027344, 2575.69506836, 2398.40917969, 1997.96081543, 3898.36767578, 2666.38842773, 3962.64770508, 2228.93701172, 2700.21240234, 1617.83093262, 1755.35925293, 879.474182129, 917.152770996, 355.481964111, 27.3778419495, 24.5016765594, 66.9052810669, 319.076141357, 475.208984375, 533.95324707, 106.666183472, 25.2963562012, 2.79552078247, 0.183999046683, 0.00686425855383, 3.69858503291e-06, 4.41712311172e-09]
    },
    "gfcc": {
        "mean": [-36.1424331665, 96.7871932983, -80.7897338867, 33.3013877869, -58.4457588196, 6.25497055054, -44.3852424622, 15.3897037506, -28.6664104462, -2.53027844429, -15.9459810257, -1.99452066422, -10.0564813614],
        "cov": [[22152.4648438, -3016.83691406, -3604.74169922, 707.900817871, -1042.3605957, 116.860412598, -1138.02368164, 478.946533203, -718.311767578, 197.460922241, -222.100341797, 226.957427979, -372.179656982], [-3016.83691406, 2529.609375, 784.405273438, -350.775390625, 406.945587158, -2.75357842445, 542.408630371, -194.181915283, 173.923461914, -201.915710449, 131.007354736, -260.087646484, 125.053100586], [-3604.74169922, 784.405273438, 2037.7791748, 46.9450302124, 181.3309021, -40.6023902893, 188.078353882, -37.4594459534, 153.995193481, -103.34147644, -70.014213562, -4.95332050323, 26.4935722351], [707.900817871, -350.775390625, 46.9450302124, 586.68536377, 60.2312202454, -69.7070999146, -99.0755767822, 120.205924988, 47.5913200378, -12.131231308, -51.7439155579, 62.2208328247, -7.30945825577], [-1042.3605957, 406.945587158, 181.3309021, 60.2312202454, 406.271820068, 69.7703933716, 179.126647949, -17.75730896, 60.7944221497, -15.0065975189, 3.20213627815, -63.2443008423, 7.61373996735], [116.860412598, -2.75357842445, -40.6023902893, -69.7070999146, 69.7703933716, 334.725097656, 102.139465332, -30.843252182, -27.3526039124, 21.15965271, 29.9620780945, -90.9371643066, -27.9504966736], [-1138.02368164, 542.408630371, 188.078353882, -99.0755767822, 179.126647949, 102.139465332, 343.220275879, -54.5721702576, 37.6069068909, -29.8790874481, 42.4439315796, -80.6373443604, 7.20282030106], [478.946533203, -194.181915283, -37.4594459534, 120.205924988, -17.75730896, -30.843252182, -54.5721702576, 193.189712524, 37.7620582581, -14.7274904251, -21.1806907654, 21.7242240906, 1.51313650608], [-718.311767578, 173.923461914, 153.995193481, 47.5913200378, 60.7944221497, -27.3526039124, 37.6069068909, 37.7620582581, 149.778869629, -11.872379303, -3.9210755825, -8.41918945312, 32.4992103577], [197.460922241, -201.915710449, -103.34147644, -12.131231308, -15.0065975189, 21.15965271, -29.8790874481, -14.7274904251, -11.872379303, 126.830245972, 3.8896355629, 27.3864364624, -18.5630645752], [-222.100341797, 131.007354736, -70.014213562, -51.7439155579, 3.20213627815, 29.9620780945, 42.4439315796, -21.1806907654, -3.9210755825, 3.8896355629, 113.739402771, -12.4728593826, 9.65672874451], [226.957427979, -260.087646484, -4.95332050323, 62.2208328247, -63.2443008423, -90.9371643066, -80.6373443604, 21.7242240906, -8.41918945312, 27.3864364624, -12.4728593826, 163.282302856, 7.44371604919], [-372.179656982, 125.053100586, 26.4935722351, -7.30945825577, 7.61373996735, -27.9504966736, 7.20282030106, 1.51313650608, 32.4992103577, -18.5630645752, 9.65672874451, 7.44371604919, 95.1039505005]],
        "icov": [[0.000108167907456, -9.72756315605e-05, 0.000167438280187, -0.000153127097292, 0.000179135720828, -0.000164035518537, 0.000189679834875, -0.000228719538427, 0.00035385999945, -4.70661580039e-05, 0.000260613625869, -0.000106052815681, 0.000271252385573], [-9.72756315605e-05, 0.00126278458629, -0.000379019620595, 0.000572049291804, -0.00067504303297, 0.000878343649674, -0.00107836548705, 0.000858397688717, -0.000899192877114, 0.00106775155291, -0.00111695029773, 0.00123197340872, -0.00097870407626], [0.000167438280187, -0.000379019620595, 0.000911691167857, -0.000337851786753, 0.00029461280792, -0.000371044297935, 0.000198968424229, -0.000212185666896, 8.74052857398e-05, 0.00017672382819, 0.00101750600152, -0.000624493695796, 0.000679550052155], [-0.000153127097292, 0.000572049291804, -0.000337851786753, 0.0026622810401, -0.00119812914636, 0.000574977253564, 0.000116376242659, -0.000491233309731, -0.00111622584518, 0.000757236324716, -0.00026552323834, -0.000116378767416, -0.000223491544602], [0.000179135720828, -0.00067504303297, 0.00029461280792, -0.00119812914636, 0.00418819254264, -0.000857808685396, -0.00106218631845, -0.000318477192195, 4.37162379967e-05, -0.000819979875814, 0.00118657154962, 5.84700956097e-06, 0.000616678094957], [-0.000164035518537, 0.000878343649674, -0.000371044297935, 0.000574977253564, -0.000857808685396, 0.00475462246686, -0.00163060007617, 0.000573660130613, 7.93898379925e-06, -0.000395385955926, -0.00147305522114, 0.00279502011836, -0.000218005341594], [0.000189679834875, -0.00107836548705, 0.000198968424229, 0.000116376242659, -0.00106218631845, -0.00163060007617, 0.00603978196159, -0.000293035089271, 0.000323537446093, -1.19817368613e-05, -0.000191969622392, -0.000368239852833, 0.00120222137775], [-0.000228719538427, 0.000858397688717, -0.000212185666896, -0.000491233309731, -0.000318477192195, 0.000573660130613, -0.000293035089271, 0.00747171137482, -0.00303372438066, 0.00172357342672, -0.000499643967487, 0.000463223608676, -0.000517434091307], [0.00035385999945, -0.000899192877114, 8.74052857398e-05, -0.00111622584518, 4.37162379967e-05, 7.93898379925e-06, 0.000323537446093, -0.00303372438066, 0.0105988839641, -0.0015755246859, 0.0011426738929, 5.82455468248e-05, -0.00157037843019], [-4.70661580039e-05, 0.00106775155291, 0.00017672382819, 0.000757236324716, -0.000819979875814, -0.000395385955926, -1.19817368613e-05, 0.00172357342672, -0.0015755246859, 0.0103548392653, -0.00105411722325, -0.00123901956249, 0.00110724638216], [0.000260613625869, -0.00111695029773, 0.00101750600152, -0.00026552323834, 0.00118657154962, -0.00147305522114, -0.000191969622392, -0.000499643967487, 0.0011426738929, -0.00105411722325, 0.0113568166271, -0.00129666214343, 3.13920972985e-05], [-0.000106052815681, 0.00123197340872, -0.000624493695796, -0.000116378767416, 5.84700956097e-06, 0.00279502011836, -0.000368239852833, 0.000463223608676, 5.82455468248e-05, -0.00123901956249, -0.00129666214343, 0.00977442413568, -0.00192356598563], [0.000271252385573, -0.00097870407626, 0.000679550052155, -0.000223491544602, 0.000616678094957, -0.000218005341594, 0.00120222137775, -0.000517434091307, -0.00157037843019, 0.00110724638216, 3.13920972985e-05, -0.00192356598563, 0.0133606176823]]
    },
    "melbands": {
        "dmean": [0.000354680902092, 0.000753461092245, 0.000696639181115, 0.000562285480555, 0.000404724094551, 0.000251273420872, 0.00010539584764, 0.000117650219181, 8.25081515359e-05, 7.76021333877e-05, 5.57288840355e-05, 4.00453682232e-05, 3.69388508261e-05, 2.08974888665e-05, 1.83923802979e-05, 1.50489986481e-05, 1.88482099475e-05, 1.75972454599e-05, 1.95665561478e-05, 1.01421283034e-05, 1.114796396e-05, 9.72424550127e-06, 6.27557619737e-06, 8.16698047856e-06, 9.10355083761e-06, 5.06118112753e-06, 3.90383092963e-06, 4.74161743114e-06, 2.96475900541e-06, 1.23258007534e-06, 7.99843178356e-07, 6.81031792737e-07, 6.26540327175e-07, 8.44557803248e-07, 1.74968351985e-06, 1.76517517048e-06, 1.72213617589e-06, 2.18253262574e-06, 1.45638239246e-06, 7.4653394222e-07],
        "dmean2": [0.000578327686526, 0.00120242906269, 0.00110995525029, 0.000880391860846, 0.000624858716037, 0.000392558489693, 0.000163021919434, 0.000176878078491, 0.000118943680718, 0.000112375630124, 7.98598412075e-05, 5.81380700169e-05, 5.57704261155e-05, 3.08902090183e-05, 2.74512658507e-05, 2.17639862967e-05, 2.82632900053e-05, 2.55547838606e-05, 2.98408849631e-05, 1.45765743582e-05, 1.68256265169e-05, 1.42278695421e-05, 9.29772613745e-06, 1.21285856949e-05, 1.36475264298e-05, 7.60594366511e-06, 6.00485009272e-06, 7.33082424631e-06, 4.4155631258e-06, 1.94537460629e-06, 1.27365922253e-06, 1.06669665456e-06, 9.5968732694e-07, 1.27714326936e-06, 2.65475568995e-06, 2.73622526947e-06, 2.62199318968e-06, 3.45473472407e-06, 2.20540391638e-06, 1.10693088118e-06],
        "dvar": [4.14837501239e-07, 2.49835466093e-06, 2.10673033507e-06, 8.57703753354e-07, 4.35706681401e-07, 2.93199747148e-07, 4.89413878313e-08, 5.30124708575e-08, 4.13717131664e-08, 3.88738712331e-08, 1.9744087254e-08, 1.02800488122e-08, 9.44304723305e-09, 4.77444572766e-09, 4.34327507293e-09, 2.78251821584e-09, 3.46634165815e-09, 3.39112715686e-09, 4.90199836278e-09, 9.06535291278e-10, 1.4788469338e-09, 7.44809602882e-10, 2.61162008686e-10, 3.78197112516e-10, 4.37421460164e-10, 1.31431712735e-10, 9.58161883169e-11, 1.64393026969e-10, 5.3476414269e-11, 9.93515339442e-12, 4.2530952718e-12, 4.0496568772e-12, 7.43767374078e-12, 1.19329962578e-11, 3.73639452711e-11, 8.13926009924e-11, 1.14427814446e-10, 2.64335803246e-10, 6.64402213801e-11, 1.77032607324e-11],
        "dvar2": [1.09811571747e-06, 6.43719295113e-06, 5.60568150831e-06, 2.12691156776e-06, 1.04135733636e-06, 7.38128846933e-07, 1.2333296695e-07, 1.15107397392e-07, 8.43731200462e-08, 8.73698624559e-08, 4.06180333812e-08, 2.06382608781e-08, 2.03163157408e-08, 1.03736503831e-08, 7.8554052152e-09, 4.91657026203e-09, 6.86364565183e-09, 6.93191504197e-09, 1.21179599688e-08, 1.88520932198e-09, 3.35112049221e-09, 1.51816514915e-09, 5.80975323405e-10, 8.49647852075e-10, 9.65564739275e-10, 2.87049634062e-10, 2.21767215702e-10, 4.05873973319e-10, 1.13052581185e-10, 2.49470305524e-11, 1.08941215424e-11, 9.58350759861e-12, 1.77776994514e-11, 2.49471554525e-11, 7.24361889914e-11, 1.86763771115e-10, 2.57412507976e-10, 6.75375977366e-10, 1.49872628197e-10, 3.28494662027e-11],
        "max": [0.00792007893324, 0.0192636698484, 0.021277602762, 0.0166277792305, 0.0111973574385, 0.0107092382386, 0.00351534574293, 0.00412970595062, 0.00539065524936, 0.00544361677021, 0.00441692722961, 0.00302566774189, 0.00262682698667, 0.00307083083317, 0.00397719303146, 0.00227629207075, 0.00199156720191, 0.00178566540126, 0.00231700390577, 0.000858354440425, 0.00117288785987, 0.00127808668185, 0.000483389536384, 0.000722564233001, 0.000459487288026, 0.000424772122642, 0.000419806747232, 0.000374808267225, 0.000194916952751, 0.000126501385239, 6.29491842119e-05, 6.22325969744e-05, 9.79177930276e-05, 0.000141213968163, 0.000335228192853, 0.000405127328122, 0.000469331280328, 0.00108905392699, 0.000346959830495, 0.000197102999664],
        "mean": [0.000899583857972, 0.00172161369119, 0.0013452321291, 0.00123646634165, 0.00102906348184, 0.000587389688008, 0.000208865763852, 0.000245945673669, 0.00021709826251, 0.000175972949364, 0.000119114505651, 9.26153952605e-05, 8.72056480148e-05, 4.61456147605e-05, 3.65356281691e-05, 3.40604638041e-05, 4.26763326686e-05, 3.25980508933e-05, 3.57676799467e-05, 2.05685282708e-05, 2.0269631932e-05, 2.1752268367e-05, 1.50769456013e-05, 2.02756127692e-05, 2.06412678381e-05, 1.17959862109e-05, 8.65044694365e-06, 1.06911838884e-05, 6.72523219691e-06, 2.29543775276e-06, 1.48201479533e-06, 1.24475479879e-06, 1.0323137758e-06, 1.6435675434e-06, 3.53196969627e-06, 3.13612076752e-06, 2.68739836429e-06, 3.48832281816e-06, 2.36830032918e-06, 1.22118763102e-06],
        "median": [0.00072906765854, 0.00133013864979, 0.000923826766666, 0.000830730074085, 0.00051618157886, 0.000186007848242, 9.14020492928e-05, 7.84459843999e-05, 5.02295624756e-05, 4.16691800638e-05, 2.62448011199e-05, 1.53107303049e-05, 1.43115221363e-05, 4.59069997305e-06, 4.58888735011e-06, 3.4654724459e-06, 4.45267505711e-06, 3.30903890244e-06, 4.76245304526e-06, 3.90273817175e-06, 3.92899210055e-06, 3.4539796161e-06, 2.73216687674e-06, 4.20422657044e-06, 4.29862575402e-06, 2.84336965706e-06, 1.94895687855e-06, 2.01715806725e-06, 1.41597172387e-06, 6.61177637085e-07, 4.58302736206e-07, 4.26896576755e-07, 3.0296016007e-07, 4.31464400208e-07, 1.08460699266e-06, 7.27341273432e-07, 4.62408621615e-07, 6.12014105172e-07, 4.61387429596e-07, 2.2303728997e-07],
        "min": [9.65796785628e-25, 5.96953973251e-25, 1.38708104953e-24, 2.64306919383e-24, 2.25553594933e-24, 2.23139069195e-24, 2.50318285609e-24, 2.30519710989e-24, 2.16354766803e-24, 2.903158212e-24, 3.24874022799e-24, 2.79510537001e-24, 3.18551144872e-24, 3.46991315999e-24, 4.42262836383e-24, 3.51558544539e-24, 2.70983463376e-24, 2.64705451912e-24, 3.49329973039e-24, 4.89040355354e-24, 3.34617086067e-24, 5.71667184845e-24, 3.92103391826e-24, 4.28613649457e-24, 2.77394575395e-24, 4.47190929344e-24, 5.09896220523e-24, 5.26441434162e-24, 5.42095826623e-24, 5.58608618079e-24, 4.99167830541e-24, 6.01006657405e-24, 6.63487083782e-24, 6.2777389121e-24, 6.38199476933e-24, 5.68557810701e-24, 6.08019630852e-24, 5.98480922001e-24, 6.42065605344e-24, 7.13065492839e-24],
        "var": [8.18698879357e-07, 3.55216934622e-06, 2.58552131527e-06, 1.74701744982e-06, 1.75783975465e-06, 1.02011631498e-06, 1.16064278188e-07, 1.83512668173e-07, 2.24214389277e-07, 1.10105823126e-07, 7.30245730551e-08, 4.9239286426e-08, 4.73174175397e-08, 2.35446222518e-08, 1.76908923066e-08, 1.54549084641e-08, 1.68028577718e-08, 1.03900434922e-08, 1.41846587809e-08, 2.86138490679e-09, 3.59065754907e-09, 3.83507270385e-09, 1.09124009828e-09, 1.67501490456e-09, 1.35238031884e-09, 5.81974191061e-10, 3.45909828559e-10, 6.05416439203e-10, 2.60328147927e-10, 2.49515789974e-11, 8.5285988341e-12, 7.83166153456e-12, 1.16738875511e-11, 2.65864136262e-11, 9.73004038451e-11, 1.59485161189e-10, 1.98255842299e-10, 3.74981878881e-10, 1.61910054808e-10, 5.60861357357e-11]
    },
    "mfcc": {
        "mean": [-683.265808105, 126.203269958, 29.512342453, 28.7472858429, 11.6316051483, -8.43916225433, 1.52652406693, 4.09490442276, -5.01264238358, 6.0013589859, -8.82179641724, -3.9000518322, -5.11994409561],
        "cov": [[14475.3759766, -1861.55932617, -2360.78295898, -379.870025635, -323.707275391, -473.64151001, -115.54940033, -141.585952759, -550.748474121, 178.530075073, -321.081848145, -37.6348114014, -208.683914185], [-1861.55932617, 1844.04675293, 424.514007568, 32.825012207, 15.8404598236, 154.640563965, 221.117156982, 63.8045272827, 94.3086700439, 75.0246505737, 62.6477394104, -64.2535095215, 33.873374939], [-2360.78295898, 424.514007568, 1371.59106445, 283.828369141, 174.184814453, 28.0016288757, -18.4675674438, 87.2496490479, 171.178314209, -86.542350769, 41.4852676392, 71.8007202148, -16.3148040771], [-379.870025635, 32.825012207, 283.828369141, 581.659912109, 149.769012451, -54.6411361694, -92.967880249, 85.4313278198, 125.317253113, -120.504356384, 25.7490100861, 80.2101516724, -5.06598854065], [-323.707275391, 15.8404598236, 174.184814453, 149.769012451, 298.177856445, 17.7410812378, 3.25819778442, 43.6549606323, 83.8349761963, 19.2004241943, 9.45320796967, 25.1761722565, 0.639024019241], [-473.64151001, 154.640563965, 28.0016288757, -54.6411361694, 17.7410812378, 326.669830322, 140.236862183, -4.07836771011, 9.53605270386, 60.1278266907, 56.7104034424, -63.7131767273, 46.0277709961], [-115.54940033, 221.117156982, -18.4675674438, -92.967880249, 3.25819778442, 140.236862183, 270.661865234, 33.9502906799, -8.29964065552, 97.3802032471, 32.8293075562, -45.7437782288, 5.72328472137], [-141.585952759, 63.8045272827, 87.2496490479, 85.4313278198, 43.6549606323, -4.07836771011, 33.9502906799, 160.240097046, 54.5323143005, 7.68921995163, 0.18942835927, 19.6671524048, -1.19105315208], [-550.748474121, 94.3086700439, 171.178314209, 125.317253113, 83.8349761963, 9.53605270386, -8.29964065552, 54.5323143005, 188.880050659, 5.88473033905, 16.7074756622, 16.1427936554, 10.3064489365], [178.530075073, 75.0246505737, -86.542350769, -120.504356384, 19.2004241943, 60.1278266907, 97.3802032471, 7.68921995163, 5.88473033905, 185.607040405, -1.3330950737, -33.215007782, -4.71674203873], [-321.081848145, 62.6477394104, 41.4852676392, 25.7490100861, 9.45320796967, 56.7104034424, 32.8293075562, 0.18942835927, 16.7074756622, -1.3330950737, 113.85786438, 14.846529007, 11.6359424591], [-37.6348114014, -64.2535095215, 71.8007202148, 80.2101516724, 25.1761722565, -63.7131767273, -45.7437782288, 19.6671524048, 16.1427936554, -33.215007782, 14.846529007, 108.125045776, 3.92178177834], [-208.683914185, 33.873374939, -16.3148040771, -5.06598854065, 0.639024019241, 46.0277709961, 5.72328472137, -1.19105315208, 10.3064489365, -4.71674203873, 11.6359424591, 3.92178177834, 83.7460250854]],
