{
"lowlevel": {
    "average_loudness": 0.875863611698,
    "barkbands_crest": {
        "dmean": 2.48481631279,
        "dmean2": 4.1026930809,
        "dvar": 5.4459643364,
        "dvar2": 14.5915527344,
        "max": 25.6326656342,
        "mean": 9.93270683289,
        "median": 9.18871116638,
        "min": 2.35329818726,
        "var": 15.9598398209
    },
    "barkbands_flatness_db": {
        "dmean": 0.0208034534007,
        "dmean2": 0.0312954522669,
        "dvar": 0.000422942539444,
        "dvar2": 0.000957720098086,
        "max": 0.414021193981,
        "mean": 0.124513730407,
        "median": 0.11465614289,
        "min": 0.0122181782499,
        "var": 0.00323124998249
    },
    "barkbands_kurtosis": {
        "dmean": 3.06349205971,
        "dmean2": 4.97868442535,
        "dvar": 35.5656166077,
        "dvar2": 94.3792419434,
        "max": 107.966026306,
        "mean": 4.8683795929,
        "median": 1.93423128128,
        "min": -1.91322028637,
        "var": 76.56640625
    },
    "barkbands_skewness": {
        "dmean": 0.530756890774,
        "dmean2": 0.824026286602,
        "dvar": 0.374189913273,
        "dvar2": 0.897976160049,
        "max": 9.60113620758,
        "mean": 1.65480995178,
        "median": 1.4933283329,
        "min": -3.75887298584,
        "var": 1.72512054443
    },
    "barkbands_spread": {
        "dmean": 6.32082033157,
        "dmean2": 9.35110473633,
        "dvar": 60.1673698425,
        "dvar2": 118.891021729,
        "max": 107.49356842,
        "mean": 24.8303642273,
        "median": 20.8662376404,
        "min": 1.30008590221,
        "var": 270.88269043
    },
    "dissonance": {
        "dmean": 0.0163499861956,
        "dmean2": 0.0270783919841,
        "dvar": 0.00028943628422,
        "dvar2": 0.000769600330386,
        "max": 0.500000059605,
        "mean": 0.463351100683,
        "median": 0.470634579659,
        "min": 0.231432750821,
        "var": 0.000824014074169
    },
    "dynamic_complexity": 4.64654970169,
    "erbbands_crest": {
        "dmean": 2.34286665916,
        "dmean2": 3.66301393509,
        "dvar": 5.9407043457,
        "dvar2": 13.4015245438,
        "max": 30.9155292511,
        "mean": 9.38277339935,
        "median": 7.74015235901,
        "min": 2.24885201454,
        "var": 28.319196701
    },
    "erbbands_flatness_db": {
        "dmean": 0.0165965035558,
        "dmean2": 0.0225336663425,
        "dvar": 0.000281559361611,
        "dvar2": 0.000460198993096,
        "max": 0.345770716667,
        "mean": 0.140787214041,
        "median": 0.128634527326,
        "min": 0.0402188375592,
        "var": 0.00308351009153
    },
    "erbbands_kurtosis": {
        "dmean": 0.788901269436,
        "dmean2": 1.22801148891,
        "dvar": 1.99785912037,
        "dvar2": 4.4816365242,
        "max": 43.5917205811,
        "mean": 0.355247497559,
        "median": -0.405303955078,
        "min": -1.75015485287,
        "var": 6.90607357025
    },
    "erbbands_skewness": {
        "dmean": 0.316960126162,
        "dmean2": 0.473542898893,
        "dvar": 0.104907289147,
        "dvar2": 0.215324878693,
        "max": 5.72283840179,
        "mean": 0.27756139636,
        "median": 0.195858418941,
        "min": -4.93097352982,
        "var": 0.687453329563
    },
    "erbbands_spread": {
        "dmean": 8.501912117,
        "dmean2": 12.4814043045,
        "dvar": 89.1498794556,
        "dvar2": 187.009796143,
        "max": 145.517608643,
        "mean": 44.5418205261,
        "median": 42.6671447754,
        "min": 4.11911487579,
        "var": 440.218322754
    },
    "hfc": {
        "dmean": 7.16074228287,
        "dmean2": 10.1473331451,
        "dvar": 175.147277832,
        "dvar2": 364.703887939,
        "max": 320.410980225,
        "mean": 22.2732791901,
        "median": 14.4453763962,
        "min": 1.1392778429e-16,
        "var": 565.494750977
    },
    "melbands_crest": {
        "dmean": 3.18982648849,
        "dmean2": 5.29251480103,
        "dvar": 8.34736919403,
        "dvar2": 22.6742324829,
        "max": 31.8183059692,
        "mean": 13.713177681,
        "median": 12.9366035461,
        "min": 1.74888467789,
        "var": 24.6539421082
    },
    "melbands_flatness_db": {
        "dmean": 0.0254050120711,
        "dmean2": 0.0384124666452,
        "dvar": 0.000675539078657,
        "dvar2": 0.00151026272215,
        "max": 0.529752969742,
        "mean": 0.192518621683,
        "median": 0.183612316847,
        "min": 0.00457945978269,
        "var": 0.00487660756335
    },
    "melbands_kurtosis": {
        "dmean": 8.32733440399,
        "dmean2": 13.5250463486,
        "dvar": 293.550170898,
        "dvar2": 762.449584961,
        "max": 363.561645508,
        "mean": 16.3085289001,
        "median": 9.16152572632,
        "min": -1.88130688667,
        "var": 537.031311035
    },
    "melbands_skewness": {
        "dmean": 0.747153043747,
        "dmean2": 1.16593515873,
        "dvar": 0.843346357346,
        "dvar2": 1.99380683899,
        "max": 15.5685987473,
        "mean": 2.87971234322,
        "median": 2.63699126244,
        "min": -1.22914731503,
        "var": 3.51606869698
    },
    "melbands_spread": {
        "dmean": 6.87193822861,
        "dmean2": 10.5661392212,
        "dvar": 115.146575928,
        "dvar2": 245.99987793,
        "max": 234.108230591,
        "mean": 24.2483959198,
        "median": 19.6440467834,
        "min": 0.886273443699,
        "var": 392.286315918
    },
    "pitch_salience": {
        "dmean": 0.0679658129811,
        "dmean2": 0.111337572336,
        "dvar": 0.00433455919847,
        "dvar2": 0.011491375044,
        "max": 0.986014962196,
        "mean": 0.550688564777,
        "median": 0.557727992535,
        "min": 0.110205858946,
        "var": 0.0119431987405
    },
    "silence_rate_20dB": {
        "dmean": 0,
        "dmean2": 0,
        "dvar": 0,
        "dvar2": 0,
        "max": 1,
        "mean": 1,
        "median": 1,
        "min": 1,
        "var": 0
    },
    "silence_rate_30dB": {
        "dmean": 0.0022093814332,
        "dmean2": 0.00441913818941,
        "dvar": 0.00220464821905,
        "dvar2": 0.00643979012966,
        "max": 1,
        "mean": 0.9988104105,
        "median": 1,
        "min": 0,
        "var": 0.00118803302757
    },
    "silence_rate_60dB": {
        "dmean": 0.00560842966661,
        "dmean2": 0.0112178120762,
        "dvar": 0.00557619100437,
        "dvar2": 0.0136385289952,
        "max": 1,
        "mean": 0.0925312265754,
        "median": 0,
        "min": 0,
        "var": 0.0839547589421
    },
    "spectral_centroid": {
        "dmean": 236.104797363,
        "dmean2": 361.693328857,
        "dvar": 83878.7421875,
        "dvar2": 165084.8125,
        "max": 11390.6552734,
        "mean": 1363.6595459,
        "median": 1252.22033691,
        "min": 205.667495728,
        "var": 512004.84375
    },
    "spectral_complexity": {
        "dmean": 3.42301154137,
        "dmean2": 5.17209148407,
        "dvar": 20.6419906616,
        "dvar2": 39.2248573303,
        "max": 60,
        "mean": 17.4742965698,
        "median": 16,
        "min": 0,
        "var": 120.211006165
    },
    "spectral_decrease": {
        "dmean": 2.46256348646e-09,
        "dmean2": 4.02835942381e-09,
        "dvar": 2.12102492841e-17,
        "dvar2": 5.49640837526e-17,
        "max": 9.51107382638e-29,
        "mean": -5.96856208901e-09,
        "median": -4.61043869748e-09,
        "min": -4.27978967821e-08,
        "var": 2.97394028787e-17
    },
    "spectral_energy": {
        "dmean": 0.00971989240497,
        "dmean2": 0.0157979112118,
        "dvar": 0.000320200371789,
        "dvar2": 0.000826018746011,
        "max": 0.164677321911,
        "mean": 0.0245470162481,
        "median": 0.019154952839,
        "min": 1.02695313154e-20,
        "var": 0.000476169894682
    },
    "spectral_energyband_high": {
        "dmean": 0.000546435359865,
        "dmean2": 0.000748489925172,
        "dvar": 1.89730656075e-06,
        "dvar2": 3.78540516976e-06,
        "max": 0.0411005616188,
        "mean": 0.0011687973747,
        "median": 0.000420143740484,
        "min": 7.48217822032e-21,
        "var": 4.52785161542e-06
    },
    "spectral_energyband_low": {
        "dmean": 0.00605801166967,
        "dmean2": 0.0100796623155,
        "dvar": 0.000234613020439,
        "dvar2": 0.000611800001934,
        "max": 0.150939062238,
        "mean": 0.00805819220841,
        "median": 0.00411694869399,
        "min": 3.48714606312e-23,
        "var": 0.000222082293476
    },
    "spectral_energyband_middle_high": {
        "dmean": 0.00159744906705,
        "dmean2": 0.00239542522468,
        "dvar": 1.127327414e-05,
        "dvar2": 2.49650438491e-05,
        "max": 0.0720208585262,
        "mean": 0.00500991335139,
        "median": 0.00218537426554,
        "min": 1.228173984e-21,
        "var": 5.57308048883e-05
    },
    "spectral_energyband_middle_low": {
        "dmean": 0.00460172863677,
        "dmean2": 0.00766721880063,
        "dvar": 6.46763801342e-05,
        "dvar2": 0.000171973180841,
        "max": 0.110801324248,
        "mean": 0.0113415792584,
        "median": 0.00842687766999,
        "min": 2.72651255746e-22,
        "var": 0.000118747644592
    },
    "spectral_entropy": {
        "dmean": 0.167011991143,
        "dmean2": 0.228948280215,
        "dvar": 0.0298421643674,
        "dvar2": 0.0524963065982,
        "max": 9.81716537476,
        "mean": 7.61210870743,
        "median": 7.65635633469,
        "min": 5.73033475876,
        "var": 0.214826717973
    },
    "spectral_flux": {
        "dmean": 0.0259327813983,
        "dmean2": 0.040338255465,
        "dvar": 0.00141884793993,
        "dvar2": 0.00289589981548,
        "max": 0.371368438005,
        "mean": 0.0786536484957,
        "median": 0.0658725351095,
        "min": 6.77161243745e-11,
        "var": 0.00325945019722
    },
    "spectral_kurtosis": {
        "dmean": 1.5054526329,
        "dmean2": 2.3938395977,
        "dvar": 4.74302387238,
        "dvar2": 13.2461080551,
        "max": 42.4541015625,
        "mean": 4.40150260925,
        "median": 3.71120786667,
        "min": -1.23639011383,
        "var": 9.67832374573
    },
    "spectral_rms": {
        "dmean": 0.000820088200271,
        "dmean2": 0.00129343860317,
        "dvar": 1.45848673583e-06,
        "dvar2": 3.56529744749e-06,
        "max": 0.0126752043143,
        "mean": 0.00440762657672,
        "median": 0.00432293396443,
        "min": 3.16528899445e-12,
        "var": 4.52118229077e-06
    },
    "spectral_rolloff": {
        "dmean": 565.148803711,
        "dmean2": 910.5625,
        "dvar": 1085848.375,
        "dvar2": 2287274,
        "max": 18992.2851562,
        "mean": 1653.76904297,
        "median": 1184.32617188,
        "min": 64.599609375,
        "var": 2940739
    },
    "spectral_skewness": {
        "dmean": 0.194106012583,
        "dmean2": 0.303968042135,
        "dvar": 0.049856569618,
        "dvar2": 0.123001031578,
        "max": 4.46361160278,
        "mean": 1.53665065765,
        "median": 1.50769197941,
        "min": -0.0436681620777,
        "var": 0.193762212992
    },
    "spectral_spread": {
        "dmean": 695342.75,
        "dmean2": 939326.0625,
        "dvar": 841724723200,
        "dvar2": 1.43917999718e+12,
        "max": 41037656,
        "mean": 5192993.5,
        "median": 5005810.5,
        "min": 1397069.125,
        "var": 3.95977713254e+12
    },
    "spectral_strongpeak": {
        "dmean": 0.491542756557,
        "dmean2": 0.810866296291,
        "dvar": 0.821746945381,
        "dvar2": 1.86324369907,
        "max": 13.711933136,
        "mean": 1.10945665836,
        "median": 0.428851395845,
        "min": 0,
        "var": 2.55153441429
    },
    "zerocrossingrate": {
        "dmean": 0.0130213173106,
        "dmean2": 0.0147603098303,
        "dvar": 0.000249606411671,
        "dvar2": 0.000279669155134,
        "max": 0.51171875,
        "mean": 0.0714886263013,
        "median": 0.0625,
        "min": 0.00390625,
        "var": 0.00191016844474
    },
    "barkbands": {
        "dmean": [7.87374738138e-05, 0.00306345988065, 0.00318285031244, 0.00129653408658, 0.00213099247776, 0.000960403762292, 0.000634687254205, 0.000682726677042, 0.00074811745435, 0.000323933956679, 0.00032107840525, 0.00036206637742, 0.000373422546545, 0.00037446198985, 0.000293552700896, 0.000185952943866, 0.000192454754142, 0.000199218746275, 0.000157877715537, 0.000110158674943, 0.000133613328217, 0.000116411094496, 9.89689433482e-05, 9.28272638703e-05, 8.12418729765e-05, 8.72166856425e-05, 7.60681723477e-06],
        "dmean2": [0.00011554134835, 0.00506295869127, 0.00571503117681, 0.00226905476302, 0.00367858354002, 0.00159192131832, 0.000995511305518, 0.00101911777165, 0.00112404546235, 0.000491579703521, 0.000478705740534, 0.000545266375411, 0.000562692526728, 0.000592104450334, 0.000462831871118, 0.000296006386634, 0.000311980926199, 0.00031699592364, 0.000254301674431, 0.000177145513589, 0.000208292112802, 0.000176953355549, 0.000142704011523, 0.000133704787004, 0.000116346440336, 0.000130750777316, 1.18406878755e-05],
        "dvar": [5.04056778539e-08, 7.24715209799e-05, 7.66406956245e-05, 7.46097384763e-06, 1.86885736184e-05, 4.02046089221e-06, 3.76728758056e-06, 4.31543139712e-06, 8.55373218656e-06, 2.45524665843e-06, 1.48082017404e-06, 1.65967924204e-06, 1.96770065486e-06, 1.46949753344e-06, 1.04585512872e-06, 4.14911767166e-07, 3.02058140278e-07, 2.76972684787e-07, 1.03912242366e-07, 6.51583818012e-08, 1.45517446981e-07, 1.586035836e-07, 9.18502820468e-08, 1.1742992001e-07, 3.24020525966e-08, 3.90955214868e-08, 3.64027752386e-10],
        "dvar2": [9.97278561954e-08, 0.000174198110471, 0.000219299123273, 2.06639197131e-05, 5.31300574949e-05, 1.02930207504e-05, 8.48381023388e-06, 9.08246329345e-06, 1.80955357791e-05, 5.16948148288e-06, 2.86788599624e-06, 3.58186321137e-06, 4.24414474764e-06, 3.17133412864e-06, 2.42227588387e-06, 8.44748512918e-07, 6.94073548857e-07, 6.48673278647e-07, 2.48406678338e-07, 1.62077924415e-07, 3.37252259897e-07, 3.45032617588e-07, 1.89384266491e-07, 2.58956958987e-07, 6.60677912379e-08, 8.85119959548e-08, 8.64428972847e-10],
        "max": [0.002891094191, 0.100227564573, 0.107505448163, 0.0862276628613, 0.0739521682262, 0.0549224801362, 0.0667183697224, 0.0547137223184, 0.065349675715, 0.0621742121875, 0.0407619476318, 0.0435033477843, 0.03588033095, 0.0405222661793, 0.0344747416675, 0.0354114919901, 0.0346982292831, 0.016907254234, 0.00649025989696, 0.00603217305616, 0.0165644176304, 0.0138707850128, 0.0111556062475, 0.015112483874, 0.00668636336923, 0.00340799149126, 0.000413137808209],
        "mean": [9.62871636148e-05, 0.00358699564822, 0.00342951272614, 0.00168332352769, 0.003396370681, 0.00184619775973, 0.00136131083127, 0.00141857529525, 0.00144218013156, 0.000576406600885, 0.000620589475147, 0.00070061488077, 0.000653988681734, 0.000620622246061, 0.000477748777485, 0.000319859624142, 0.000335417047609, 0.000376154232072, 0.000317576166708, 0.000211272126762, 0.000261672306806, 0.000210857921047, 0.000174007713213, 0.000166856669239, 0.000131365741254, 0.000121520446555, 9.70767996478e-06],
        "median": [9.94210859062e-06, 0.00131112150848, 0.0014943734277, 0.000915714423172, 0.00216687982902, 0.000787597440649, 0.000305099238176, 0.000219060922973, 0.000169366583577, 0.000124158570543, 8.26945106382e-05, 0.000169747669133, 0.000116112954856, 0.000163681688718, 0.000179255046532, 0.000135151101858, 0.000149005398271, 0.000142944976687, 0.000151078667841, 9.57423835644e-05, 6.92703470122e-05, 6.39077989035e-05, 5.13321683684e-05, 4.42346317868e-05, 3.89828892366e-05, 2.47276620939e-05, 1.58690022545e-06],
        "min": [1.89745009356e-24, 7.1147988242e-24, 1.75271214292e-23, 3.7249396633e-24, 1.22607033809e-23, 1.47555643461e-23, 3.26873477538e-23, 1.06189804963e-23, 3.95842261195e-23, 1.80398952171e-23, 3.37897335372e-23, 6.43335190196e-23, 5.07892758371e-23, 9.44206234576e-23, 9.06350566783e-23, 9.36113657649e-23, 1.04520946053e-22, 1.13863097587e-22, 1.48845746585e-22, 1.78881101748e-22, 2.18402465119e-22, 3.63659147021e-22, 4.54951861259e-22, 7.27306984933e-22, 9.01066864793e-22, 1.51301683891e-21, 2.18517489875e-21],
        "var": [7.27824698288e-08, 6.95636772434e-05, 5.61715205549e-05, 7.04732792656e-06, 1.93847954506e-05, 9.19020203582e-06, 1.4679099877e-05, 1.40595820994e-05, 2.1990521418e-05, 6.54992390992e-06, 6.20046557742e-06, 4.80251355839e-06, 5.44032855032e-06, 3.52440815732e-06, 1.85295482424e-06, 8.79972105849e-07, 4.48003078191e-07, 7.29772921204e-07, 2.35498674783e-07, 1.30431217826e-07, 3.13633904625e-07, 2.86928525384e-07, 1.73883989874e-07, 2.08047964634e-07, 6.3672075612e-08, 5.87695403453e-08, 5.32155930433e-10]
    },
    "erbbands": {
        "dmean": [0.0766607969999, 0.798000276089, 3.20168280602, 4.18549728394, 5.79521512985, 7.79909086227, 7.6710934639, 7.82874727249, 7.17925453186, 12.03211689, 16.2609539032, 17.0312709808, 12.6078472137, 8.77702999115, 13.7517328262, 14.6309871674, 16.1916694641, 19.9870758057, 15.3037662506, 11.8480358124, 9.19530010223, 9.45241641998, 10.5067558289, 8.43385028839, 7.21598291397, 4.84609889984, 4.77444839478, 5.60325050354, 4.31040430069, 3.45246076584, 2.68471121788, 2.28655648232, 1.45613014698, 0.953651785851, 0.586140453815, 0.406058877707, 0.143132388592, 0.0320879742503, 0.00071310356725, 2.72375946224e-05],
        "dmean2": [0.123630963266, 1.34674978256, 5.75290250778, 7.32899951935, 10.0385112762, 13.4722833633, 12.8529663086, 12.8579339981, 11.2978315353, 18.5540370941, 24.3331165314, 24.7372074127, 18.950428009, 12.7638683319, 20.4240665436, 22.152387619, 24.201965332, 30.8369903564, 23.9479923248, 18.5564537048, 14.3965549469, 15.1399145126, 16.7935886383, 13.4031257629, 11.5465106964, 7.78910636902, 7.55242729187, 8.73771476746, 6.62004041672, 5.15704488754, 3.86705541611, 3.3350610733, 2.13236570358, 1.38195919991, 0.841372132301, 0.60867357254, 0.217093527317, 0.0488575398922, 0.00108066992834, 4.05639075325e-05],
        "dvar": [0.0519255101681, 4.97593832016, 79.5671615601, 100.120132446, 108.36089325, 305.312408447, 223.484085083, 344.427154541, 383.394378662, 1509.55078125, 3228.2121582, 4581.87353516, 4097.83837891, 1327.78027344, 2032.14440918, 3000.83447266, 4171.23583984, 3907.24414062, 2434.45483398, 1481.44018555, 679.195678711, 571.475158691, 832.193603516, 378.931335449, 253.179962158, 129.72593689, 186.671432495, 260.204223633, 208.700271606, 170.472473145, 64.3707122803, 59.0656242371, 30.6225299835, 6.6970205307, 1.46228182316, 0.885737597942, 0.109570659697, 0.00735166203231, 3.45995067619e-06, 2.76194955795e-09],
        "dvar2": [0.117307290435, 12.8591833115, 228.757415771, 275.896331787, 306.281463623, 862.536682129, 608.564575195, 848.094604492, 834.590820312, 3502.38964844, 6946.78564453, 9584.26464844, 9457.36621094, 2197.60864258, 4298.30078125, 6883.42919922, 8940.8203125, 8146.16064453, 5688.69824219, 3252.99829102, 1309.73547363, 1316.24255371, 2041.6652832, 877.114074707, 617.716064453, 316.480163574, 433.327026367, 610.811706543, 465.952575684, 371.335357666, 131.851165771, 135.239974976, 67.5675811768, 13.7393712997, 3.05187106133, 2.04962825775, 0.248244151473, 0.016715478152, 7.93231265561e-06, 5.98772542659e-09],
        "max": [2.78391170502, 24.1249065399, 97.8993148804, 247.562561035, 130.622207642, 305.779083252, 281.860626221, 630.663391113, 826.60736084, 1598.22058105, 2020.36547852, 1865.61584473, 2060.90039062, 1609.73205566, 1545.57409668, 1944.6138916, 1964.98828125, 2147.74291992, 1806.26025391, 1741.53918457, 1381.31103516, 1143.93603516, 946.188903809, 640.481201172, 482.701782227, 236.56690979, 556.641845703, 732.514160156, 522.280822754, 523.786376953, 292.210723877, 280.34777832, 290.914916992, 125.276008606, 25.795917511, 15.9216566086, 4.93059110641, 3.39302897453, 0.0595029257238, 0.00149199680891],
        "mean": [0.088164575398, 0.890874028206, 3.50494003296, 5.35712623596, 8.0150384903, 12.0587654114, 13.5287723541, 15.1873197556, 14.3921766281, 28.2651958466, 33.8264198303, 34.1903419495, 23.3735790253, 17.8766021729, 30.2909202576, 30.7963829041, 30.0532646179, 37.4925765991, 27.1808013916, 20.4237289429, 17.6948032379, 18.0363063812, 20.5303916931, 17.3039951324, 15.023856163, 9.65823841095, 8.93647193909, 10.803068161, 7.88950300217, 6.26424884796, 4.6629152298, 3.92108631134, 2.54377317429, 1.57839250565, 0.888646245003, 0.539252519608, 0.20508223772, 0.0444493591785, 0.000997226801701, 5.79264924454e-05],
        "median": [0.0223159324378, 0.358925461769, 1.65012478828, 2.949198246, 4.97649383545, 6.60975503922, 7.28913450241, 5.22671079636, 4.81702375412, 5.54181146622, 6.34239959717, 4.56715488434, 4.74716329575, 4.77969551086, 5.40943479538, 8.13355445862, 6.47573471069, 9.80884456635, 10.309513092, 7.99078369141, 8.59531021118, 8.32006549835, 8.37324619293, 8.29510974884, 6.77140426636, 4.42115831375, 3.07903909683, 2.65356278419, 2.43412566185, 1.84148609638, 1.39918971062, 1.03254580498, 0.670979738235, 0.472931295633, 0.243544310331, 0.113015718758, 0.0396593362093, 0.0084506617859, 0.000201667062356, 3.53043396899e-05],
        "min": [2.61251344764e-22, 2.01850749689e-21, 1.55613368892e-20, 2.06832101616e-20, 3.87086599345e-20, 4.2566510758e-20, 2.33587161594e-20, 1.86559665792e-19, 4.16896443787e-19, 2.79094952127e-19, 6.92040652061e-19, 1.20481523876e-18, 5.39271146271e-19, 1.48332157433e-18, 1.91613762599e-18, 2.75053332144e-18, 2.29893117089e-18, 5.17425337313e-18, 4.67996663501e-18, 3.88507212254e-18, 6.0547825857e-18, 6.494739274e-18, 6.69645677894e-18, 7.70443632594e-18, 8.40455455177e-18, 6.5441674515e-18, 7.44172376339e-18, 1.03724048213e-17, 1.07575806464e-17, 1.61851502239e-17, 1.13064497244e-17, 1.34262514181e-17, 1.31599811518e-17, 9.63744492091e-18, 6.73150193996e-18, 4.80714689496e-18, 2.85027538009e-18, 1.05190397489e-18, 3.15158243226e-19, 2.89191938736e-20],
        "var": [0.0546389110386, 4.15192985535, 55.8140411377, 87.568572998, 106.186790466, 332.157226562, 361.157653809, 927.121154785, 1122.36401367, 6900.05273438, 8882.74511719, 12431.3935547, 8179.39990234, 4823.28466797, 10442.2041016, 9366.33886719, 10673.1708984, 11875.9658203, 4966.10009766, 3337.4543457, 1850.5546875, 1068.73730469, 1942.52062988, 808.455749512, 675.786193848, 258.412261963, 344.112915039, 547.975463867, 376.114227295, 288.116729736, 123.178123474, 100.579460144, 52.2166976929, 12.836192131, 2.60083651543, 1.17046582699, 0.176389142871, 0.0107971765101, 5.11395592184e-06, 5.1445643301e-09]
    },
    "gfcc": {
        "mean": [-12.5457344055, 80.0422134399, -107.569450378, 30.6816177368, -49.8882980347, 8.70010471344, -42.0165176392, 6.49328947067, -29.6492271423, 3.61198782921, -20.6983890533, 1.83773183823, -17.5414733887],
        "cov": [[16605.8105469, -2433.62573242, 1629.19030762, 547.378845215, -534.780151367, 1200.27868652, -512.132995605, 245.509246826, -267.144134521, 538.680786133, -215.769607544, 183.459579468, -544.283081055], [-2433.62573242, 1780.05603027, -632.487304688, -120.285743713, 413.288665771, -423.6144104, 196.631011963, -140.136795044, 119.051429749, -191.284484863, 126.663864136, -148.777282715, 114.04535675], [1629.19030762, -632.487304688, 1185.58300781, 213.684402466, -52.4098739624, 358.457214355, -140.303604126, 123.230880737, -57.6428833008, 143.859909058, -34.194393158, 69.8106536865, -90.8632736206], [547.378845215, -120.285743713, 213.684402466, 330.82220459, 95.3932571411, 75.8146438599, -1.96845340729, -1.38969421387, 3.48892688751, 20.9023208618, 1.5244063139, 0.767060875893, -4.32946634293], [-534.780151367, 413.288665771, -52.4098739624, 95.3932571411, 312.620056152, -20.3289432526, 75.8344039917, -27.3320713043, 22.3408412933, -33.8751182556, 31.3325271606, -29.8479385376, 33.2282447815], [1200.27868652, -423.6144104, 358.457214355, 75.8146438599, -20.3289432526, 338.552429199, 4.88049554825, 85.9501113892, -34.0660133362, 63.2232093811, -18.369977951, 37.2379722595, -52.3914489746], [-512.132995605, 196.631011963, -140.303604126, -1.96845340729, 75.8344039917, 4.88049554825, 189.158721924, 14.8672962189, 28.2556667328, -34.1636199951, 14.9037389755, -25.0291843414, 20.3893070221], [245.509246826, -140.136795044, 123.230880737, -1.38969421387, -27.3320713043, 85.9501113892, 14.8672962189, 134.791152954, 39.2166290283, 35.8312911987, -5.81357097626, 3.29145812988, -22.7341022491], [-267.144134521, 119.051429749, -57.6428833008, 3.48892688751, 22.3408412933, -34.0660133362, 28.2556667328, 39.2166290283, 106.552444458, 20.8335018158, 15.9958782196, -20.7590942383, 4.80736017227], [538.680786133, -191.284484863, 143.859909058, 20.9023208618, -33.8751182556, 63.2232093811, -34.1636199951, 35.8312911987, 20.8335018158, 113.202186584, 20.7510604858, 23.4372844696, -30.7266521454], [-215.769607544, 126.663864136, -34.194393158, 1.5244063139, 31.3325271606, -18.369977951, 14.9037389755, -5.81357097626, 15.9958782196, 20.7510604858, 80.5418624878, 15.6776981354, 8.16077232361], [183.459579468, -148.777282715, 69.8106536865, 0.767060875893, -29.8479385376, 37.2379722595, -25.0291843414, 3.29145812988, -20.7590942383, 23.4372844696, 15.6776981354, 81.5238723755, 18.7141647339], [-544.283081055, 114.04535675, -90.8632736206, -4.32946634293, 33.2282447815, -52.3914489746, 20.3893070221, -22.7341022491, 4.80736017227, -30.7266521454, 8.16077232361, 18.7141647339, 80.4853897095]],
        "icov": [[0.000132036424475, -0.000155487941811, 0.000108528256533, -0.000277907412965, 0.000225112671615, -0.000417307164753, 0.000238056207309, -3.0403420169e-05, 0.000266369839665, -0.000498457229696, 0.00050221773563, -0.00034968444379, 0.000611497322097], [-0.000155487941811, 0.00265263672918, -0.000492761842906, 0.00162772391923, -0.00260142213665, 0.00209485879168, -0.000908398535103, 0.00101876608096, -0.00194746174384, 0.00309475651011, -0.00396623509005, 0.00305125606246, -0.00133293657564], [0.000108528256533, -0.000492761842906, 0.00187849160284, -0.00119390396867, 0.000375697447453, -0.00165287253913, 0.0013183261035, -0.00109411438461, 0.00119387439918, -0.00170163821895, 0.00135234929621, -0.0010985507397, 0.00101195788011], [-0.000277907412965, 0.00162772391923, -0.00119390396867, 0.00528958206996, -0.00293458765373, 0.00118427083362, -0.00080338481348, 0.00165160873439, -0.00221385224722, 0.00217913556844, -0.00262498063967, 0.00239592860453, -0.00192340556532], [0.000225112671615, -0.00260142213665, 0.000375697447453, -0.00293458765373, 0.0071795633994, -0.00251547014341, -0.000197626912268, -9.92144123302e-05, 0.00144144345541, -0.00227538589388, 0.00210713385604, -0.0012133034179, 8.98463804333e-06], [-0.000417307164753, 0.00209485879168, -0.00165287253913, 0.00118427083362, -0.00251547014341, 0.0083867283538, -0.00303539936431, -0.00184017955326, 0.000518783403095, 0.00184812908992, -0.00251649413258, 0.000657463097014, -6.88625295879e-05], [0.000238056207309, -0.000908398535103, 0.0013183261035, -0.00080338481348, -0.000197626912268, -0.00303539936431, 0.00826859567314, -0.00166540814098, -0.000166427780641, 0.000325930071995, 0.000248997443123, 0.000446869409643, -0.00011203091708], [-3.0403420169e-05, 0.00101876608096, -0.00109411438461, 0.00165160873439, -9.92144123302e-05, -0.00184017955326, -0.00166540814098, 0.0126926135272, -0.00664921384305, 0.000764976080973, -0.000403137877584, 0.000648376648314, 0.000633994757663], [0.000266369839665, -0.00194746174384, 0.00119387439918, -0.00221385224722, 0.00144144345541, 0.000518783403095, -0.000166427780641, -0.00664921384305, 0.0168245118111, -0.00740245915949, 0.00176007172558, 0.00158341159113, -0.000681407283992], [-0.000498457229696, 0.00309475651011, -0.00170163821895, 0.00217913556844, -0.00227538589388, 0.00184812908992, 0.000325930071995, 0.000764976080973, -0.00740245915949, 0.0197664108127, -0.00954344589263, 0.000509114412125, 0.00155368051492], [0.00050221773563, -0.00396623509005, 0.00135234929621, -0.00262498063967, 0.00210713385604, -0.00251649413258, 0.000248997443123, -0.000403137877584, 0.00176007172558, -0.00954344589263, 0.0227300450206, -0.0095595382154, 0.00388638279401], [-0.00034968444379, 0.00305125606246, -0.0010985507397, 0.00239592860453, -0.0012133034179, 0.000657463097014, 0.000446869409643, 0.000648376648314, 0.00158341159113, 0.000509114412125, -0.0095595382154, 0.023575624451, -0.0112134264782], [0.000611497322097, -0.00133293657564, 0.00101195788011, -0.00192340556532, 8.98463804333e-06, -6.88625295879e-05, -0.00011203091708, 0.000633994757663, -0.000681407283992, 0.00155368051492, 0.00388638279401, -0.0112134264782, 0.0224935952574]]
    },
    "melbands": {
        "dmean": [0.000753877917305, 0.00144390785135, 0.000731220003217, 0.000512313330546, 0.000268921256065, 0.0001735498372, 0.000116723553219, 0.000131391716423, 0.00013712485088, 0.000105930848804, 6.35962132947e-05, 3.62037717423e-05, 4.64509575977e-05, 4.29186984547e-05, 3.35009390255e-05, 4.03219783038e-05, 3.83891529054e-05, 2.57817609963e-05, 1.82728654181e-05, 1.55437792273e-05, 1.13141168185e-05, 1.04299670056e-05, 1.21393886729e-05, 9.69472148427e-06, 7.29759176465e-06, 6.05986087976e-06, 4.91529453939e-06, 3.23641643263e-06, 2.90126854452e-06, 3.78776485377e-06, 3.26031636178e-06, 2.58838008449e-06, 2.34438994084e-06, 1.92646871255e-06, 1.50463347381e-06, 1.76303001354e-06, 1.3505282368e-06, 1.07320784082e-06, 9.82034521257e-07, 7.7956599398e-07],
        "dmean2": [0.00123406585772, 0.0025459821336, 0.0012753609335, 0.000889968359843, 0.000451780710137, 0.000286155205686, 0.000184041957255, 0.000200774709811, 0.000204117866815, 0.000155860630912, 9.58208765951e-05, 5.29792087036e-05, 6.80430021021e-05, 6.27108966e-05, 5.09586570843e-05, 5.99503327976e-05, 5.98017177253e-05, 4.04691818403e-05, 2.90307943942e-05, 2.43664944719e-05, 1.79317466973e-05, 1.6951438738e-05, 1.95954162336e-05, 1.54580466187e-05, 1.17769995995e-05, 9.71759345703e-06, 7.93892104411e-06, 5.25618634128e-06, 4.68089501737e-06, 6.02403270022e-06, 5.10557310918e-06, 4.05152013627e-06, 3.62560899703e-06, 2.91021933663e-06, 2.2240940325e-06, 2.59071316577e-06, 2.02984119824e-06, 1.60656554726e-06, 1.43629517879e-06, 1.15268278478e-06],
        "dvar": [4.56821680928e-06, 1.58776165335e-05, 2.55213922173e-06, 1.16491059998e-06, 2.72658496669e-07, 1.57274257617e-07, 1.01892787541e-07, 1.47547453366e-07, 2.48635842581e-07, 1.87438644161e-07, 1.04997923245e-07, 2.49711415989e-08, 2.68611941578e-08, 2.24462652909e-08, 1.46674139501e-08, 2.20144986685e-08, 1.53432839767e-08, 6.75453293297e-09, 5.85977799616e-09, 2.76975131719e-09, 1.08337905314e-09, 8.98243701641e-10, 1.00369335065e-09, 7.61120833026e-10, 2.88100709955e-10, 1.67372601889e-10, 1.46682513358e-10, 6.15954440231e-11, 6.68008426352e-11, 1.27583832388e-10, 9.06627967145e-11, 8.19973186572e-11, 7.02166658151e-11, 5.1423545977e-11, 2.41826073055e-11, 2.34113232273e-11, 2.7744105624e-11, 1.84996185038e-11, 1.21602007977e-11, 3.67375400934e-12],
        "dvar2": [1.046156558e-05, 4.46809426649e-05, 7.04811509422e-06, 3.31756200467e-06, 7.53036715651e-07, 3.93500812379e-07, 2.23069747562e-07, 3.33606607228e-07, 5.31789169145e-07, 3.99757652758e-07, 2.40495211301e-07, 4.1444380372e-08, 5.15140783364e-08, 4.70826080345e-08, 3.113958158e-08, 4.82456634643e-08, 3.21381783408e-08, 1.56318531452e-08, 1.41478562199e-08, 5.38794786564e-09, 2.09103667714e-09, 2.03629513251e-09, 2.42997089117e-09, 1.78057668609e-09, 6.77315648012e-10, 3.85160736638e-10, 3.8643477307e-10, 1.521213433e-10, 1.52069426496e-10, 3.09281739108e-10, 2.15519657676e-10, 1.90539972689e-10, 1.55268409241e-10, 1.13772651023e-10, 4.98267191396e-11, 5.1743553886e-11, 6.56381476949e-11, 4.34188761333e-11, 2.4912887725e-11, 7.72083785794e-12],
        "max": [0.0253872927278, 0.03919441998, 0.0359623357654, 0.0181222073734, 0.00902207940817, 0.0130333835259, 0.0119613250718, 0.014626882039, 0.0195802915841, 0.0102491183206, 0.0105469077826, 0.00713626900688, 0.00660415459424, 0.0062347096391, 0.00420688092709, 0.00440910831094, 0.00490761734545, 0.00280241598375, 0.00279670907184, 0.00347953476012, 0.00214474531822, 0.00186157261487, 0.00118213577662, 0.00136791192926, 0.000570309057366, 0.000396604038542, 0.000395065493649, 0.0002048669121, 0.000382858735975, 0.000482664589072, 0.000407256127801, 0.000400876946514, 0.000278244086076, 0.000289326446364, 0.000202480790904, 0.000133034322062, 0.000202764291316, 0.000201288232347, 0.000197678004042, 7.62265044614e-05],
        "mean": [0.000898885831703, 0.00164312950801, 0.000993658555672, 0.000755358021706, 0.000484004209284, 0.000335098884534, 0.000241779591306, 0.000305021356326, 0.000268314877758, 0.000211699065403, 0.00011297333549, 6.90421293257e-05, 9.70418550423e-05, 8.64011017256e-05, 6.23333544354e-05, 7.14583075023e-05, 6.78812648403e-05, 4.28332823503e-05, 2.86797640001e-05, 2.60031956714e-05, 1.97281478904e-05, 1.78078935278e-05, 2.07323882933e-05, 1.75948098331e-05, 1.35150958158e-05, 1.16592336781e-05, 9.21508399188e-06, 5.7247730183e-06, 4.98845065522e-06, 6.83166445015e-06, 5.8290133893e-06, 4.4157272896e-06, 3.96945233661e-06, 3.30738384946e-06, 2.52067366091e-06, 2.76347418549e-06, 2.24396217163e-06, 1.77674917268e-06, 1.59760872975e-06, 1.23370432448e-06],
        "median": [0.00029331445694, 0.000797365733888, 0.000611874333117, 0.000457312504295, 0.000271616241662, 0.000121253884572, 7.45093057049e-05, 5.61340712011e-05, 4.28489693149e-05, 2.38748780248e-05, 2.07137927646e-05, 1.62308406289e-05, 1.45764997797e-05, 1.98527413886e-05, 1.44811183418e-05, 1.42714116009e-05, 1.62363685376e-05, 1.50963605847e-05, 1.04172086139e-05, 1.01754121715e-05, 9.05899287318e-06, 7.80981281423e-06, 8.30095814308e-06, 6.05387685937e-06, 6.28875113762e-06, 5.12697579325e-06, 3.93049913328e-06, 2.44439866037e-06, 1.87212867786e-06, 1.5483713014e-06, 1.41243583585e-06, 1.29313229991e-06, 1.16408750728e-06, 9.19332364901e-07, 7.44432384181e-07, 7.3156684266e-07, 5.4706544006e-07, 4.61283548248e-07, 4.19687694375e-07, 3.73083224758e-07],
        "min": [3.23736465652e-24, 6.21963733428e-24, 4.00230157986e-24, 3.35927147373e-24, 7.79165114443e-25, 3.86296113386e-24, 6.89132478494e-24, 2.51658481401e-24, 7.48517611895e-24, 6.55305136802e-24, 2.30545605348e-24, 6.01172318195e-24, 5.36648229313e-24, 4.34425779391e-24, 4.41161192129e-24, 5.10231723066e-24, 9.3975587578e-24, 7.01154324259e-24, 6.52158252322e-24, 3.98022254641e-24, 6.9290607352e-24, 5.8509485963e-24, 5.02834811016e-24, 6.12629457881e-24, 4.97868852731e-24, 5.78977874398e-24, 6.60245693766e-24, 3.86994452503e-24, 4.4745898428e-24, 4.72299385881e-24, 5.51455109061e-24, 5.98747399215e-24, 6.15408496521e-24, 9.53296909876e-24, 6.14608788778e-24, 5.76518718856e-24, 8.74504851574e-24, 8.70868912776e-24, 6.79820212166e-24, 7.47713841519e-24],
        "var": [4.73436739412e-06, 1.16785722639e-05, 2.28902763411e-06, 1.11440738237e-06, 4.16636282807e-07, 4.04618816674e-07, 3.26700643427e-07, 6.71147972753e-07, 6.08196785379e-07, 5.08576420089e-07, 2.11179411735e-07, 9.16291256203e-08, 1.3368972418e-07, 6.87483989736e-08, 4.11189091665e-08, 5.79185659433e-08, 4.53527846389e-08, 1.34339694924e-08, 8.36645419611e-09, 6.42984065991e-09, 2.59032972849e-09, 1.34406574759e-09, 2.01581684678e-09, 2.40506081717e-09, 5.20577025931e-10, 3.98934024703e-10, 3.04214736735e-10, 1.07541434091e-10, 1.17873058536e-10, 2.59063437369e-10, 1.71177697017e-10, 1.3590763237e-10, 1.14530884776e-10, 8.45190653576e-11, 4.39406289132e-11, 3.9285425607e-11, 4.35208119542e-11, 2.71813353075e-11, 2.22428863522e-11, 6.76007904168e-12]
    },
    "mfcc": {
        "mean": [-656.802612305, 111.807014465, 2.66968679428, 24.102645874, 10.9393520355, 3.77531170845, -0.485997498035, 0.173691317439, -4.88380241394, -1.66751646996, -0.369358479977, -2.91112613678, -3.74692058563],
        "cov": [[11681.3613281, -860.653320312, 743.272583008, 244.029464722, -0.19624748826, 616.16003418, 49.6816596985, 34.5354309082, -17.2823486328, 104.485351562, 232.067138672, 167.650039673, 12.3367767334], [-860.653320312, 1322.203125, -316.593658447, 94.2102279663, 141.686126709, -87.7838516235, 38.3290214539, 4.71673631668, -41.8138427734, -0.776298642159, 2.82625389099, -13.2693920135, 35.4706802368], [743.272583008, -316.593658447, 697.658569336, 80.8180465698, 64.6607818604, 143.259353638, 32.4516868591, 17.3910083771, 29.429851532, 22.3967456818, 20.2824821472, 43.3439102173, 10.7370119095], [244.029464722, 94.2102279663, 80.8180465698, 262.703460693, 111.785720825, 60.6549224854, 24.4766120911, -2.72576975822, 6.71774482727, 7.45967292786, -15.1061954498, 20.2999420166, 29.4113807678], [-0.19624748826, 141.686126709, 64.6607818604, 111.785720825, 207.759094238, 68.3935317993, 36.4544487, 14.8739585876, 12.5506248474, 12.4688882828, -6.57894468307, 8.0604724884, 20.8598804474], [616.16003418, -87.7838516235, 143.259353638, 60.6549224854, 68.3935317993, 187.460769653, 78.4822845459, 31.545791626, 17.963552475, 9.03570175171, 20.4137210846, 17.2661876678, 0.634496152401], [49.6816596985, 38.3290214539, 32.4516868591, 24.4766120911, 36.4544487, 78.4822845459, 138.74446106, 55.8051109314, 19.8971042633, 13.0689373016, 7.2484087944, 14.0877189636, 4.13537549973], [34.5354309082, 4.71673631668, 17.3910083771, -2.72576975822, 14.8739585876, 31.545791626, 55.8051109314, 102.747238159, 40.4299125671, 19.9362678528, 9.16867446899, 2.53746986389, -0.652427136898], [-17.2823486328, -41.8138427734, 29.429851532, 6.71774482727, 12.5506248474, 17.963552475, 19.8971042633, 40.4299125671, 93.349105835, 33.1106376648, 14.5473546982, 5.4712138176, -5.22399044037], [104.485351562, -0.776298642159, 22.3967456818, 7.45967292786, 12.4688882828, 9.03570175171, 13.0689373016, 19.9362678528, 33.1106376648, 100.046585083, 39.4692077637, 14.9744663239, 8.74387741089], [232.067138672, 2.82625389099, 20.2824821472, -15.1061954498, -6.57894468307, 20.4137210846, 7.2484087944, 9.16867446899, 14.5473546982, 39.4692077637, 98.5736846924, 37.2170372009, 6.55052423477], [167.650039673, -13.2693920135, 43.3439102173, 20.2999420166, 8.0604724884, 17.2661876678, 14.0877189636, 2.53746986389, 5.4712138176, 14.9744663239, 37.2170372009, 75.0771408081, 29.1020717621], [12.3367767334, 35.4706802368, 10.7370119095, 29.4113807678, 20.8598804474, 0.634496152401, 4.13537549973, -0.652427136898, -5.22399044037, 8.74387741089, 6.55052423477, 29.1020717621, 71.8128356934]],
