{
"lowlevel": {
    "average_loudness": 0.955870747566,
    "barkbands_crest": {
        "dmean": 2.78043413162,
        "dmean2": 4.24885129929,
        "dvar": 8.06163311005,
        "dvar2": 17.8428401947,
        "max": 25.8772258759,
        "mean": 13.5336647034,
        "median": 13.4925842285,
        "min": 1.91774463654,
        "var": 29.419506073
    },
    "barkbands_flatness_db": {
        "dmean": 0.0271365605295,
        "dmean2": 0.0389367714524,
        "dvar": 0.000961780606303,
        "dvar2": 0.00178077595774,
        "max": 0.588629961014,
        "mean": 0.147409871221,
        "median": 0.13588181138,
        "min": 0.0203308109194,
        "var": 0.00426037516445
    },
    "barkbands_kurtosis": {
        "dmean": 4.14226770401,
        "dmean2": 6.46116447449,
        "dvar": 184.318008423,
        "dvar2": 433.269439697,
        "max": 490.315612793,
        "mean": 6.17499160767,
        "median": 1.36313080788,
        "min": -1.98134636879,
        "var": 344.418426514
    },
    "barkbands_skewness": {
        "dmean": 0.650795102119,
        "dmean2": 0.987629175186,
        "dvar": 0.695793926716,
        "dvar2": 1.53155207634,
        "max": 20.0805130005,
        "mean": 1.72092187405,
        "median": 1.39788329601,
        "min": -5.69985151291,
        "var": 2.99340248108
    },
    "barkbands_spread": {
        "dmean": 7.55777263641,
        "dmean2": 11.483168602,
        "dvar": 84.7478103638,
        "dvar2": 177.633605957,
        "max": 134.880355835,
        "mean": 26.0941925049,
        "median": 24.3174819946,
        "min": 0.161227196455,
        "var": 238.815551758
    },
    "dissonance": {
        "dmean": 0.0152865545824,
        "dmean2": 0.0252143107355,
        "dvar": 0.000272542820312,
        "dvar2": 0.000676626747008,
        "max": 0.500000119209,
        "mean": 0.47201192379,
        "median": 0.478426158428,
        "min": 0.198849141598,
        "var": 0.000603252847213
    },
    "dynamic_complexity": 3.32501482964,
    "erbbands_crest": {
        "dmean": 2.37676978111,
        "dmean2": 3.73731613159,
        "dvar": 5.19914960861,
        "dvar2": 12.2757511139,
        "max": 30.4031047821,
        "mean": 8.14403629303,
        "median": 7.24769115448,
        "min": 2.3018116951,
        "var": 15.0315942764
    },
    "erbbands_flatness_db": {
        "dmean": 0.0204978771508,
        "dmean2": 0.0284724179655,
        "dvar": 0.000432776490925,
        "dvar2": 0.000701683282387,
        "max": 0.392712235451,
        "mean": 0.151125043631,
        "median": 0.146799519658,
        "min": 0.0478548184037,
        "var": 0.00203217496164
    },
    "erbbands_kurtosis": {
        "dmean": 0.902030527592,
        "dmean2": 1.42365968227,
        "dvar": 3.87528586388,
        "dvar2": 8.63562107086,
        "max": 77.5068054199,
        "mean": 0.406007856131,
        "median": -0.0518176555634,
        "min": -1.82005524635,
        "var": 6.59484148026
    },
    "erbbands_skewness": {
        "dmean": 0.35000833869,
        "dmean2": 0.530416607857,
        "dvar": 0.148342639208,
        "dvar2": 0.321672856808,
        "max": 6.78515148163,
        "mean": 0.0356206223369,
        "median": 0.0109756160527,
        "min": -6.63733005524,
        "var": 0.509521186352
    },
    "erbbands_spread": {
        "dmean": 9.64751052856,
        "dmean2": 14.8221168518,
        "dvar": 131.540115356,
        "dvar2": 293.4503479,
        "max": 216.030822754,
        "mean": 37.7683105469,
        "median": 33.2699546814,
        "min": 2.33713507652,
        "var": 391.403442383
    },
    "hfc": {
        "dmean": 10.2378749847,
        "dmean2": 14.5171937943,
        "dvar": 262.641479492,
        "dvar2": 508.62677002,
        "max": 342.641296387,
        "mean": 25.000333786,
        "median": 17.4146614075,
        "min": 1.08284830943e-16,
        "var": 624.633911133
    },
    "melbands_crest": {
        "dmean": 3.40715718269,
        "dmean2": 5.10196065903,
        "dvar": 12.0102796555,
        "dvar2": 26.3394107819,
        "max": 38.7406806946,
        "mean": 19.331363678,
        "median": 20.068145752,
        "min": 1.19051063061,
        "var": 46.2226409912
    },
    "melbands_flatness_db": {
        "dmean": 0.0347764641047,
        "dmean2": 0.0487113408744,
        "dvar": 0.00153505452909,
        "dvar2": 0.00286393635906,
        "max": 0.738835930824,
        "mean": 0.217746019363,
        "median": 0.205871224403,
        "min": 0.000246642768616,
        "var": 0.00783014576882
    },
    "melbands_kurtosis": {
        "dmean": 11.4942054749,
        "dmean2": 18.0843048096,
        "dvar": 1043.33459473,
        "dvar2": 2193.79736328,
        "max": 1747.91760254,
        "mean": 21.5138607025,
        "median": 8.13873767853,
        "min": -1.8502175808,
        "var": 2635.83642578
    },
    "melbands_skewness": {
        "dmean": 0.958755970001,
        "dmean2": 1.48322510719,
        "dvar": 1.48323357105,
        "dvar2": 3.24356985092,
        "max": 31.8438034058,
        "mean": 3.21106481552,
        "median": 2.69983959198,
        "min": -2.34655499458,
        "var": 6.53530168533
    },
    "melbands_spread": {
        "dmean": 8.73767471313,
        "dmean2": 13.6314926147,
        "dvar": 160.599899292,
        "dvar2": 353.333984375,
        "max": 326.83001709,
        "mean": 26.707567215,
        "median": 21.9249420166,
        "min": 0.184185013175,
        "var": 551.455200195
    },
    "pitch_salience": {
        "dmean": 0.0755553171039,
        "dmean2": 0.116420298815,
        "dvar": 0.00661418028176,
        "dvar2": 0.01436174009,
        "max": 0.991040110588,
        "mean": 0.438588470221,
        "median": 0.423984080553,
        "min": 0.0321753621101,
        "var": 0.0195705834776
    },
    "silence_rate_20dB": {
        "dmean": 0,
        "dmean2": 0,
        "dvar": 0,
        "dvar2": 0,
        "max": 1,
        "mean": 1,
        "median": 1,
        "min": 1,
        "var": 0
    },
    "silence_rate_30dB": {
        "dmean": 0.0204935539514,
        "dmean2": 0.0409906059504,
        "dvar": 0.0200767386705,
        "dvar2": 0.0528087727726,
        "max": 1,
        "mean": 0.986168026924,
        "median": 1,
        "min": 0,
        "var": 0.0136420307681
    },
    "silence_rate_60dB": {
        "dmean": 0.0136623689905,
        "dmean2": 0.0273270700127,
        "dvar": 0.0134725868702,
        "dvar2": 0.0310170687735,
        "max": 1,
        "mean": 0.0618169382215,
        "median": 0,
        "min": 0,
        "var": 0.0579899176955
    },
    "spectral_centroid": {
        "dmean": 322.430328369,
        "dmean2": 478.517791748,
        "dvar": 141847.15625,
        "dvar2": 280348.40625,
        "max": 11828.5263672,
        "mean": 1899.72607422,
        "median": 1845.55957031,
        "min": 90.9870300293,
        "var": 1300621
    },
    "spectral_complexity": {
        "dmean": 5.73665761948,
        "dmean2": 7.99692583084,
        "dvar": 49.8252754211,
        "dvar2": 82.0716247559,
        "max": 62,
        "mean": 21.0884571075,
        "median": 19,
        "min": 0,
        "var": 166.633926392
    },
    "spectral_decrease": {
        "dmean": 3.1746711926e-09,
        "dmean2": 5.08317832271e-09,
        "dvar": 2.34589298531e-17,
        "dvar2": 5.70206168828e-17,
        "max": 2.34482596656e-28,
        "mean": -9.39306588066e-09,
        "median": -8.98550034378e-09,
        "min": -4.7123400293e-08,
        "var": 4.78440968516e-17
    },
    "spectral_energy": {
        "dmean": 0.0126169975847,
        "dmean2": 0.0199973937124,
        "dvar": 0.000358780554961,
        "dvar2": 0.000863762106746,
        "max": 0.184223249555,
        "mean": 0.0377192497253,
        "median": 0.0361774787307,
        "min": 9.82828700413e-21,
        "var": 0.000741521187592
    },
    "spectral_energyband_high": {
        "dmean": 0.000894785101991,
        "dmean2": 0.00125663122162,
        "dvar": 2.50883408626e-06,
        "dvar2": 4.67005884275e-06,
        "max": 0.0374579466879,
        "mean": 0.00134576985147,
        "median": 0.000516563188285,
        "min": 6.93710093177e-21,
        "var": 4.70147870146e-06
    },
    "spectral_energyband_low": {
        "dmean": 0.00831644237041,
        "dmean2": 0.0136580616236,
        "dvar": 0.000179190275958,
        "dvar2": 0.000445106765255,
        "max": 0.128581926227,
        "mean": 0.0231681596488,
        "median": 0.0214253291488,
        "min": 1.60046230376e-23,
        "var": 0.00041639583651
    },
    "spectral_energyband_middle_high": {
        "dmean": 0.00253405980766,
        "dmean2": 0.00388838700019,
        "dvar": 1.21562834465e-05,
        "dvar2": 2.91827618639e-05,
        "max": 0.0676605254412,
        "mean": 0.00724088540301,
        "median": 0.00444535491988,
        "min": 1.14667791246e-21,
        "var": 5.47739873582e-05
    },
    "spectral_energyband_middle_low": {
        "dmean": 0.00449713738635,
        "dmean2": 0.00763193145394,
        "dvar": 0.000117723466246,
        "dvar2": 0.000318593927659,
        "max": 0.10989741981,
        "mean": 0.00668864836916,
        "median": 0.00404297793284,
        "min": 1.61628259367e-22,
        "var": 9.5744326245e-05
    },
    "spectral_entropy": {
        "dmean": 0.189113631845,
        "dmean2": 0.253557562828,
        "dvar": 0.0561944767833,
        "dvar2": 0.0890573114157,
        "max": 9.825340271,
        "mean": 7.71017503738,
        "median": 7.71373081207,
        "min": 4.41620063782,
        "var": 0.250733971596
    },
    "spectral_flux": {
        "dmean": 0.0340909697115,
        "dmean2": 0.0520687438548,
        "dvar": 0.00181382067967,
        "dvar2": 0.00344231631607,
        "max": 0.369145601988,
        "mean": 0.086329638958,
        "median": 0.0703763663769,
        "min": 6.3074843959e-11,
        "var": 0.00368551118299
    },
    "spectral_kurtosis": {
        "dmean": 1.59360384941,
        "dmean2": 2.44751191139,
        "dvar": 4.86266279221,
        "dvar2": 10.6408729553,
        "max": 54.2851142883,
        "mean": 4.56219863892,
        "median": 4.1900677681,
        "min": -1.55029046535,
        "var": 11.1176328659
    },
    "spectral_rms": {
        "dmean": 0.000948897388298,
        "dmean2": 0.00145171233453,
        "dvar": 1.49232209878e-06,
        "dvar2": 3.23090807797e-06,
        "max": 0.0134063418955,
        "mean": 0.0055829109624,
        "median": 0.00594096817076,
        "min": 3.09654211994e-12,
        "var": 5.63038747714e-06
    },
    "spectral_rolloff": {
        "dmean": 602.175292969,
        "dmean2": 987.799743652,
        "dvar": 1133203.5,
        "dvar2": 2335289.25,
        "max": 19530.6152344,
        "mean": 1632.53088379,
        "median": 1119.7265625,
        "min": 43.06640625,
        "var": 5705245
    },
    "spectral_skewness": {
        "dmean": 0.245694220066,
        "dmean2": 0.360501229763,
        "dvar": 0.0820934027433,
        "dvar2": 0.160322651267,
        "max": 5.86241912842,
        "mean": 1.49043369293,
        "median": 1.47551321983,
        "min": -0.670954406261,
        "var": 0.253325551748
    },
    "spectral_spread": {
        "dmean": 623511.1875,
        "dmean2": 898621.625,
        "dvar": 877397999616,
        "dvar2": 1.56600251187e+12,
        "max": 43182316,
        "mean": 4987236,
        "median": 4304101,
        "min": 1397201,
        "var": 1.49411290153e+13
    },
    "spectral_strongpeak": {
        "dmean": 0.332877337933,
        "dmean2": 0.574351906776,
        "dvar": 0.590357005596,
        "dvar2": 1.48951411247,
        "max": 12.6189556122,
        "mean": 0.674643039703,
        "median": 0.382293224335,
        "min": 0,
        "var": 0.970093429089
    },
    "zerocrossingrate": {
        "dmean": 0.0126046696678,
        "dmean2": 0.0134859029204,
        "dvar": 0.000259198015556,
        "dvar2": 0.000274931895547,
        "max": 0.52490234375,
        "mean": 0.0618084333837,
        "median": 0.05224609375,
        "min": 0.00244140625,
        "var": 0.00369373406284
    },
    "barkbands": {
        "dmean": [0.000351758149918, 0.00698617799208, 0.00163230975159, 0.00105848931707, 0.00238812854514, 0.00044721501763, 0.000504199066199, 0.000373441842385, 0.00058263016399, 0.0007722711307, 0.00060064077843, 0.00049589946866, 0.000510123849381, 0.000513472128659, 0.000432459637523, 0.000259600492427, 0.000240776556893, 0.000194334832486, 0.000206113501918, 0.000340318278177, 0.000280221283901, 0.000170902349055, 0.000125196485897, 0.000111798035505, 0.000102649908513, 4.9739915994e-05, 1.37807558076e-06],
        "dmean2": [0.000521934591234, 0.0113787045702, 0.0028983450029, 0.00180530664511, 0.00447825575247, 0.000703267403878, 0.000817698368337, 0.000585697125643, 0.000877364596818, 0.00119749084115, 0.00093574624043, 0.00079351576278, 0.000815148465335, 0.000828821735922, 0.000711537897587, 0.000409363565268, 0.000391917303205, 0.000295217527309, 0.000326760666212, 0.000525487004779, 0.000415239250287, 0.000246127659921, 0.000183888172614, 0.000166784680914, 0.00014427069982, 7.29716775822e-05, 2.13815428651e-06],
        "dvar": [1.98132994456e-07, 0.000131380176754, 1.58261609613e-05, 8.69992254593e-06, 6.00011117058e-05, 8.05719935215e-07, 8.80105005763e-07, 1.09738061838e-06, 1.35355639941e-06, 3.27161137648e-06, 1.46641639276e-06, 9.01546570731e-07, 1.71229737589e-06, 1.26796192035e-06, 1.02315709682e-06, 2.57304378692e-07, 1.74856808144e-07, 1.21435917322e-07, 1.22083349652e-07, 3.12227030008e-07, 2.42053403099e-07, 9.15819455827e-08, 4.77832600154e-08, 9.43451681223e-08, 3.37549522555e-07, 1.00975633188e-07, 6.41676642377e-11],
        "dvar2": [4.48825346666e-07, 0.000335775956046, 4.20903088525e-05, 2.15741729335e-05, 0.000172453874256, 1.89447496268e-06, 2.31550257013e-06, 2.76880700767e-06, 3.30810462401e-06, 7.95344203652e-06, 3.27804968947e-06, 2.15535965253e-06, 4.39834366261e-06, 3.3063643059e-06, 2.4771934477e-06, 6.39099027921e-07, 4.47259509428e-07, 2.95551870977e-07, 3.0019435826e-07, 7.80277900958e-07, 5.52521100872e-07, 1.78817927576e-07, 8.97796681443e-08, 1.99300799864e-07, 6.21054198291e-07, 2.37215715515e-07, 1.54791041096e-10],
        "max": [0.00479247234762, 0.118995040655, 0.0548205859959, 0.0344742797315, 0.078380137682, 0.0178773831576, 0.0290485098958, 0.0541000030935, 0.0260608196259, 0.0400427877903, 0.0309938173741, 0.0313973240554, 0.0277586951852, 0.024203248322, 0.0499936230481, 0.0142450165004, 0.00742777623236, 0.00760960020125, 0.00735536403954, 0.0124927880242, 0.0123055791482, 0.00730770360678, 0.0043755415827, 0.00794022344053, 0.0223033223301, 0.0168996751308, 0.000468355574412],
        "mean": [0.000762226816732, 0.0189975891262, 0.0027914789971, 0.0012244542595, 0.00183553888928, 0.000834856706206, 0.000941068981774, 0.000647837819997, 0.00103292940184, 0.00124242785387, 0.00104115798604, 0.000863651512191, 0.000862824323121, 0.000857508275658, 0.00061546661891, 0.00042056789971, 0.000349519017618, 0.00030299599166, 0.000375477422494, 0.000640857964754, 0.000349861278664, 0.000197948742425, 0.000154698820552, 0.000145241137943, 0.000155072877533, 7.40022733225e-05, 1.90490356999e-06],
        "median": [0.000444682926172, 0.0176967401057, 0.000719808624126, 0.000125585822389, 0.000289631861961, 0.000250912213232, 0.000394541537389, 0.000172108688275, 0.000367531902157, 0.000298851256957, 0.000443087425083, 0.000334277923685, 0.000249189906754, 0.000334847427439, 0.000233266677242, 0.000162075826665, 0.000135086971568, 0.000116168841487, 0.000202872557566, 0.000262002227828, 0.000111562818347, 3.51408598362e-05, 1.90352002392e-05, 3.36830125889e-05, 4.21546283178e-05, 1.67417711054e-05, 3.6292800587e-07],
        "min": [1.04013144455e-24, 2.99030545114e-24, 9.75263116491e-25, 1.05178706164e-24, 6.46641905784e-24, 7.60928208314e-24, 3.31486531008e-24, 6.03761793559e-24, 1.45453187153e-23, 7.41897333406e-24, 1.31761685728e-23, 1.53299339712e-23, 2.12310994805e-23, 3.15348724584e-23, 5.25911982276e-23, 4.86951814553e-23, 8.29104486529e-23, 9.67805229437e-23, 1.47882604218e-22, 1.77647020369e-22, 2.52813839983e-22, 2.90154905408e-22, 3.89740756571e-22, 5.45373243917e-22, 8.76649183773e-22, 1.24371865853e-21, 1.83740805517e-21],
        "var": [7.49420223656e-07, 0.000298003084026, 2.15864238271e-05, 7.75674652687e-06, 3.48106950696e-05, 2.60341971625e-06, 1.79065068551e-06, 2.81769166577e-06, 3.1354204566e-06, 7.27892393115e-06, 3.79182483812e-06, 2.59135936176e-06, 3.75507102035e-06, 2.40422218667e-06, 1.85081796644e-06, 5.26084079411e-07, 2.83402442847e-07, 2.5316768415e-07, 2.54939266142e-07, 8.22887500362e-07, 2.99518120528e-07, 1.35000647106e-07, 8.20560970283e-08, 1.52037429757e-07, 5.97147504777e-07, 1.52743638182e-07, 8.79982683943e-11]
    },
    "erbbands": {
        "dmean": [0.226957902312, 1.57351195812, 2.10378408432, 2.65476346016, 7.35239887238, 7.61302947998, 3.79200911522, 3.90535378456, 5.82159137726, 8.69707679749, 8.63827514648, 9.82486057281, 22.0898933411, 25.178937912, 16.1545619965, 18.1721496582, 19.8259124756, 23.2995109558, 21.0400180817, 20.4081001282, 13.3307762146, 14.3119812012, 10.5368680954, 9.51533985138, 13.8618831635, 13.5728816986, 13.3596019745, 8.54490470886, 6.39481449127, 5.0557103157, 3.4168035984, 2.37163233757, 1.88101518154, 1.22558891773, 0.748782932758, 0.327698945999, 0.0671610087156, 0.00693186931312, 0.000163443473866, 2.09104728128e-05],
        "dmean2": [0.363264113665, 2.54793977737, 3.675085783, 4.49717569351, 13.5633983612, 14.2201709747, 6.49317884445, 6.09903812408, 9.0350561142, 14.3969326019, 13.3387813568, 14.8460607529, 34.0992507935, 39.169380188, 24.469291687, 29.1363582611, 31.461019516, 37.5461158752, 33.7489776611, 34.1117477417, 20.7356472015, 23.2112960815, 16.1539611816, 15.2176361084, 21.5427303314, 20.4802513123, 20.3109397888, 12.2883300781, 9.11422157288, 7.46879291534, 5.040538311, 3.51717543602, 2.78668165207, 1.76272797585, 1.05547237396, 0.484077453613, 0.0981402024627, 0.00987035688013, 0.000229664990911, 3.05466892314e-05],
        "dvar": [0.130953118205, 7.23814344406, 23.1217746735, 47.1561508179, 604.498840332, 591.800964355, 85.4449539185, 62.5320854187, 133.951568604, 353.998657227, 505.9921875, 387.202331543, 2081.38183594, 2569.1496582, 1014.5335083, 1162.58691406, 2499.40576172, 2661.06396484, 1741.89978027, 2008.23913574, 663.622375488, 584.186828613, 408.18081665, 225.571792603, 649.169494629, 460.46182251, 601.618835449, 215.830993652, 124.768249512, 80.9705963135, 36.1705322266, 26.5084075928, 42.8995399475, 37.3254089355, 25.9318218231, 5.01113796234, 0.14056584239, 0.00126711116172, 6.4486039264e-07, 1.84031778705e-09],
        "dvar2": [0.367013126612, 17.3602428436, 58.9908790588, 116.353652954, 1706.80493164, 1707.47033691, 234.296951294, 143.360946655, 330.167510986, 931.587036133, 1281.71887207, 959.863464355, 5136.33789062, 6154.38769531, 2101.8059082, 2889.67749023, 6219.76171875, 7229.79931641, 4219.86181641, 5277.33886719, 1599.45605469, 1501.54614258, 1015.73455811, 569.880737305, 1654.55847168, 1029.17346191, 1466.93078613, 439.767944336, 245.143737793, 164.103485107, 69.0283813477, 54.8706512451, 92.2857513428, 68.915222168, 50.7951545715, 11.5167627335, 0.33308544755, 0.00276001286693, 1.3800531633e-06, 3.88899668025e-09],
        "max": [4.08702087402, 27.7364749908, 68.2603759766, 74.5540847778, 293.799316406, 276.436340332, 144.161056519, 194.561508179, 422.143798828, 621.305419922, 1199.37731934, 417.474090576, 1108.31201172, 978.34588623, 1569.1895752, 1126.0447998, 1390.78137207, 1391.19165039, 1009.0098877, 1897.62658691, 651.741516113, 499.23236084, 543.331848145, 305.724121094, 594.940612793, 401.922058105, 872.308837891, 294.481048584, 280.364471436, 186.353775024, 122.803909302, 144.12612915, 193.095443726, 265.082122803, 179.879943848, 119.904434204, 22.7504558563, 2.15284204483, 0.0493416264653, 0.00187331170309],
        "mean": [0.591728508472, 4.01781749725, 4.29226541519, 3.78192996979, 5.69430732727, 6.00312232971, 4.9146604538, 7.7360906601, 12.053645134, 14.5593385696, 16.1569366455, 17.7415981293, 38.8137893677, 44.903137207, 30.4218101501, 32.6985397339, 37.8320045471, 41.7446403503, 36.9999160767, 30.4639415741, 22.8325443268, 22.0256729126, 16.956703186, 17.2572021484, 26.4310302734, 26.5403594971, 18.4875469208, 10.4030246735, 7.39888381958, 5.77063655853, 4.27013397217, 3.04710936546, 2.39931464195, 1.75453865528, 1.09372413158, 0.466588824987, 0.103810787201, 0.0114799952134, 0.000285728834569, 5.64602196391e-05],
        "median": [0.539953112602, 2.73135519028, 1.73089885712, 0.505618810654, 0.710682988167, 1.13706564903, 1.23875689507, 2.69027256966, 5.53190422058, 5.90525341034, 4.65161180496, 6.88697004318, 14.0383071899, 19.503238678, 14.2498779297, 13.3476085663, 13.2683000565, 17.0486755371, 16.2758750916, 12.9666175842, 9.26733589172, 9.08716106415, 6.662981987, 9.5101108551, 12.0768203735, 12.2757005692, 7.56195163727, 2.63149404526, 1.42813634872, 0.691717028618, 0.541235804558, 0.592286229134, 0.592337965965, 0.505538105965, 0.257533788681, 0.0923114567995, 0.0270537994802, 0.00337750837207, 9.5331663033e-05, 4.72557221656e-05],
        "min": [5.47897093943e-23, 4.84735210072e-22, 2.32790131876e-21, 4.54646737434e-21, 1.38237486929e-20, 1.6023662997e-20, 3.904489916e-20, 7.39276775092e-20, 8.24986063614e-20, 1.53633043576e-19, 1.68011484724e-19, 3.62297948016e-19, 4.80897424033e-19, 8.48685343925e-19, 1.11416296446e-18, 7.86099824804e-19, 1.19870196044e-18, 1.96605487403e-18, 2.38907400532e-18, 2.45660585771e-18, 3.41606030163e-18, 4.56187212691e-18, 5.01799481951e-18, 5.12887548549e-18, 8.61250775777e-18, 8.13782271863e-18, 7.76629868241e-18, 1.01962856612e-17, 9.39450362936e-18, 1.21029568255e-17, 1.05776713447e-17, 1.03103472502e-17, 1.06297804146e-17, 7.98112493211e-18, 6.6166011762e-18, 3.88540878505e-18, 2.16564921315e-18, 9.89291469001e-19, 2.48925322892e-19, 2.7952562242e-20],
        "var": [0.257488697767, 18.054145813, 45.067024231, 45.4489822388, 366.423278809, 347.09576416, 129.62097168, 215.349365234, 305.306518555, 636.780334473, 1274.55383301, 831.472961426, 5095.51367188, 5656.19335938, 2910.63891602, 3400.52978516, 6166.25, 5013.73486328, 3897.34179688, 3423.26733398, 1411.08117676, 984.161560059, 849.078918457, 467.851318359, 1522.8840332, 1314.16064453, 727.276367188, 298.303619385, 183.165252686, 116.678436279, 63.6770248413, 45.1968231201, 61.5075569153, 61.974193573, 41.6860313416, 7.23843193054, 0.231872409582, 0.0021929370705, 1.16615115076e-06, 3.79605458178e-09]
    },
    "gfcc": {
        "mean": [-12.3730859756, 75.2945022583, -120.382461548, 32.9186820984, -42.3575325012, 27.5311183929, -20.9272689819, 25.2916049957, -22.6086063385, 18.7317237854, -8.74086093903, 3.17255783081, -2.52922916412],
        "cov": [[23323.9453125, 333.11227417, -1354.32336426, 641.697692871, -955.411987305, 496.196136475, -489.979705811, 303.503997803, -460.576751709, 332.837646484, -420.576202393, 55.7830657959, -399.042877197], [333.11227417, 1471.21386719, 153.000259399, 78.2752609253, 450.633514404, -45.9543647766, 160.321990967, -47.9562530518, 37.4726600647, -106.460456848, 49.6049499512, -139.532791138, 56.9076309204], [-1354.32336426, 153.000259399, 1140.23681641, 436.75088501, 242.964141846, 115.84941864, -5.97988605499, -83.7521591187, 45.436340332, -139.379180908, -52.3621864319, -21.6817264557, -93.8941192627], [641.697692871, 78.2752609253, 436.75088501, 648.469360352, 101.519065857, 145.485733032, -3.59397888184, -58.3508224487, 44.7994308472, -148.547622681, -77.2140350342, -8.45963573456, -71.7785186768], [-955.411987305, 450.633514404, 242.964141846, 101.519065857, 458.825592041, 57.5935935974, 146.798553467, 5.00807714462, 16.7739391327, -40.5170898438, 15.6662502289, -68.9382400513, 25.9483680725], [496.196136475, -45.9543647766, 115.84941864, 145.485733032, 57.5935935974, 272.906158447, 97.1811294556, -1.5728110075, 10.820982933, 10.5782957077, -19.5349292755, -12.6419963837, -28.9001560211], [-489.979705811, 160.321990967, -5.97988605499, -3.59397888184, 146.798553467, 97.1811294556, 237.383850098, 64.2540359497, 25.973865509, 24.6549015045, 37.7633743286, -38.4738540649, 29.1532421112], [303.503997803, -47.9562530518, -83.7521591187, -58.3508224487, 5.00807714462, -1.5728110075, 64.2540359497, 195.674743652, 26.9687156677, 67.4197311401, 36.5058631897, 13.7453384399, 37.218662262], [-460.576751709, 37.4726600647, 45.436340332, 44.7994308472, 16.7739391327, 10.820982933, 25.973865509, 26.9687156677, 185.200454712, 15.2700529099, 27.4753036499, 45.6048355103, -22.5701293945], [332.837646484, -106.460456848, -139.379180908, -148.547622681, -40.5170898438, 10.5782957077, 24.6549015045, 67.4197311401, 15.2700529099, 191.719329834, 75.7473602295, 33.1891670227, 33.4669151306], [-420.576202393, 49.6049499512, -52.3621864319, -77.2140350342, 15.6662502289, -19.5349292755, 37.7633743286, 36.5058631897, 27.4753036499, 75.7473602295, 147.345565796, 56.468132019, 48.5177192688], [55.7830657959, -139.532791138, -21.6817264557, -8.45963573456, -68.9382400513, -12.6419963837, -38.4738540649, 13.7453384399, 45.6048355103, 33.1891670227, 56.468132019, 153.088882446, 24.8864002228], [-399.042877197, 56.9076309204, -93.8941192627, -71.7785186768, 25.9483680725, -28.9001560211, 29.1532421112, 37.218662262, -22.5701293945, 33.4669151306, 48.5177192688, 24.8864002228, 145.047042847]],
        "icov": [[0.000162547832588, -0.000398842064897, 0.000278107560007, -0.000370094494428, 0.000363874598406, -0.000432660453953, 0.000444226578111, -0.000566549249925, 0.000683657592162, -0.000675422954373, 0.00063738739118, -0.00050985236885, 0.000641837075818], [-0.000398842064897, 0.00217313342728, -0.000584876455832, 0.00082768977154, -0.00183730688877, 0.00148027588148, -0.00128006224986, 0.00180158740841, -0.00211300211959, 0.00221955683082, -0.00233031529933, 0.00222407653928, -0.00194329081569], [0.000278107560007, -0.000584876455832, 0.0018694838509, -0.00129538995679, -0.000179455571924, -0.000921151658986, 0.00119525566697, -0.000809214543551, 0.00105761014856, -0.000840713852085, 0.000822843576316, -0.000925005995668, 0.0016217129305], [-0.000370094494428, 0.00082768977154, -0.00129538995679, 0.00361239165068, -0.00091081589926, -0.000410694570746, -0.000496135209687, 0.00107696594205, -0.00207542278804, 0.00317192985676, -0.00111776485574, 0.000795273692347, -0.00130670994986], [0.000363874598406, -0.00183730688877, -0.000179455571924, -0.00091081589926, 0.00507551990449, -0.00104867876507, -0.000809052144177, -0.00130057055503, 0.00159029616043, -0.00151735625695, 0.00141700124368, -0.000560581043828, 0.00075417367043], [-0.000432660453953, 0.00148027588148, -0.000921151658986, -0.000410694570746, -0.00104867876507, 0.00704571558163, -0.00431955093518, 0.00241798744537, -0.00137514644302, -5.89564660913e-06, -0.000504563795403, 0.000909037305973, -0.000931233749725], [0.000444226578111, -0.00128006224986, 0.00119525566697, -0.000496135209687, -0.000809052144177, -0.00431955093518, 0.00933955702931, -0.00363013194874, 0.000806843745522, -0.00109248934314, -0.000290930998744, 0.000715877336916, 0.000943053164519], [-0.000566549249925, 0.00180158740841, -0.000809214543551, 0.00107696594205, -0.00130057055503, 0.00241798744537, -0.00363013194874, 0.00880078971386, -0.00323600019328, 0.000506255368236, -0.00200113118626, 0.00183978048153, -0.00333719002083], [0.000683657592162, -0.00211300211959, 0.00105761014856, -0.00207542278804, 0.00159029616043, -0.00137514644302, 0.000806843745522, -0.00323600019328, 0.00978023093194, -0.00349754863419, 0.00245396606624, -0.00488860532641, 0.00482387887314], [-0.000675422954373, 0.00221955683082, -0.000840713852085, 0.00317192985676, -0.00151735625695, -5.89564660913e-06, -0.00109248934314, 0.000506255368236, -0.00349754863419, 0.0120421769097, -0.00659355241805, 0.0026590412017, -0.00291704386473], [0.00063738739118, -0.00233031529933, 0.000822843576316, -0.00111776485574, 0.00141700124368, -0.000504563795403, -0.000290930998744, -0.00200113118626, 0.00245396606624, -0.00659355241805, 0.0145060773939, -0.00641605071723, 0.00101704418194], [-0.00050985236885, 0.00222407653928, -0.000925005995668, 0.000795273692347, -0.000560581043828, 0.000909037305973, 0.000715877336916, 0.00183978048153, -0.00488860532641, 0.0026590412017, -0.00641605071723, 0.0124203674495, -0.00417415052652], [0.000641837075818, -0.00194329081569, 0.0016217129305, -0.00130670994986, 0.00075417367043, -0.000931233749725, 0.000943053164519, -0.00333719002083, 0.00482387887314, -0.00291704386473, 0.00101704418194, -0.00417415052652, 0.0119716292247]]
    },
    "melbands": {
        "dmean": [0.00197368790396, 0.00141487142537, 0.000578225706704, 0.000593980890699, 0.000160054216394, 8.76211706782e-05, 9.05191918719e-05, 9.25910499063e-05, 7.18249575584e-05, 7.23999037291e-05, 0.000118052674225, 0.000108335145342, 6.73398753861e-05, 4.57255227957e-05, 5.65215050301e-05, 5.4050302424e-05, 4.38352726633e-05, 3.77479700546e-05, 3.72321410396e-05, 2.11083806789e-05, 1.55585421453e-05, 1.68152710103e-05, 9.9937988125e-06, 1.00928064057e-05, 8.09367156762e-06, 8.55091820995e-06, 1.46066540765e-05, 9.08067340788e-06, 9.23007428355e-06, 6.50893616694e-06, 4.96396296512e-06, 4.08856385548e-06, 2.75153706752e-06, 2.81887628262e-06, 2.10650750887e-06, 1.54516430939e-06, 1.48515437104e-06, 1.31254580538e-06, 1.24880170915e-06, 1.02531112134e-06],
        "dmean2": [0.00320502487011, 0.00234929844737, 0.000998779665679, 0.00111359602306, 0.000283318920992, 0.000136344198836, 0.000143209312228, 0.000150930398377, 0.000109854299808, 0.00010966372065, 0.000182455871254, 0.000168209357071, 0.000103257603769, 7.28023078409e-05, 9.05233173398e-05, 8.64896355779e-05, 7.060830103e-05, 6.06460962445e-05, 6.13026568317e-05, 3.5179349652e-05, 2.40543195105e-05, 2.77617818938e-05, 1.53122819029e-05, 1.58111397468e-05, 1.31139913719e-05, 1.36316766657e-05, 2.27720811381e-05, 1.37623264891e-05, 1.4334997104e-05, 9.53696144279e-06, 7.22954064258e-06, 5.90113404542e-06, 4.07437437389e-06, 4.21394361183e-06, 3.14731391882e-06, 2.28269527724e-06, 2.26185011343e-06, 1.96754785975e-06, 1.86660406598e-06, 1.48145613821e-06],
        "dvar": [1.03577340269e-05, 7.06910350345e-06, 2.41022871705e-06, 3.86544570574e-06, 1.75151754434e-07, 2.8663126983e-08, 2.95998408006e-08, 4.2995434768e-08, 3.12821306636e-08, 2.16406128573e-08, 6.0304245153e-08, 4.8110145201e-08, 1.76091070614e-08, 8.58198845322e-09, 1.83058830316e-08, 1.9468837209e-08, 9.0495646532e-09, 7.10370651191e-09, 1.04708570703e-08, 1.97777194622e-09, 1.01128960761e-09, 8.83756512415e-10, 3.05521635768e-10, 4.05479899657e-10, 1.65692584653e-10, 2.30128527345e-10, 8.30407576036e-10, 2.52546566992e-10, 2.94124835598e-10, 1.28634686236e-10, 7.69541791401e-11, 5.23053093893e-11, 2.66651943581e-11, 2.53198278316e-11, 1.33769766097e-11, 9.78165291821e-12, 1.24008268931e-11, 2.09863567496e-11, 2.10094112246e-11, 3.97898658466e-11],
        "dvar2": [2.774474342e-05, 1.70307775988e-05, 6.14346572547e-06, 1.10612845674e-05, 4.96977918374e-07, 6.63604708961e-08, 7.51306288294e-08, 1.10438904244e-07, 7.70995640664e-08, 5.38489111079e-08, 1.48178287418e-07, 1.15688592928e-07, 3.8474727404e-08, 1.96920932893e-08, 4.66560301504e-08, 5.00566166295e-08, 2.42825688446e-08, 1.77898460407e-08, 2.48926177449e-08, 5.19479037564e-09, 2.43305930958e-09, 2.32300845227e-09, 7.09972247659e-10, 1.07136566285e-09, 4.31464253214e-10, 5.76255487772e-10, 2.16451301327e-09, 5.58711965581e-10, 7.41574968099e-10, 2.83806922408e-10, 1.63191349323e-10, 1.06366901398e-10, 5.56771538596e-11, 5.20513493418e-11, 2.63082732682e-11, 2.12067603061e-11, 2.65201107602e-11, 4.60241011968e-11, 4.31289864933e-11, 7.68422894759e-11],
        "max": [0.0352865606546, 0.0322905518115, 0.0155046042055, 0.0207967683673, 0.00570937572047, 0.00389306340367, 0.00626001413912, 0.00821372214705, 0.00791322998703, 0.00296412175521, 0.00537909381092, 0.00410545850173, 0.00425346847624, 0.00337069248781, 0.00442431680858, 0.00307282269932, 0.00258000311442, 0.00195063417777, 0.00546971475706, 0.00119136727881, 0.000619520142209, 0.000621281040367, 0.000349835288944, 0.000458217138657, 0.00025877225562, 0.000353166920831, 0.000739574839827, 0.000340057653375, 0.000644358748104, 0.00029218220152, 0.000185343174962, 0.000159941002494, 0.000129436375573, 0.000100131008367, 6.74609837006e-05, 0.000100085235317, 0.00011161036673, 0.000164984827279, 0.00013786139607, 0.00032451908919],
        "mean": [0.00537606980652, 0.00342101277784, 0.000718607741874, 0.000440950796474, 0.000184346194146, 0.000176549510797, 0.000184469274245, 0.000157653281349, 0.0001308023202, 0.000125027436297, 0.000202893890673, 0.000189152226085, 0.00012103037443, 7.64177020756e-05, 9.64146529441e-05, 9.37458535191e-05, 7.38999369787e-05, 6.27693079878e-05, 5.16119616805e-05, 3.12397241942e-05, 2.44739949267e-05, 2.41750240093e-05, 1.47546525113e-05, 1.51706453835e-05, 1.34346155392e-05, 1.59130595421e-05, 2.45702922257e-05, 1.60310555657e-05, 1.24421694636e-05, 7.9693245425e-06, 5.58152987651e-06, 4.52695212516e-06, 3.19250375469e-06, 3.12482734444e-06, 2.55608665611e-06, 1.9382237042e-06, 1.8530838588e-06, 1.65073538483e-06, 1.60874810717e-06, 1.44151078985e-06],
        "median": [0.00514193810523, 0.00202142540365, 0.000100284065411, 6.47245688015e-05, 4.63582837256e-05, 6.5921631176e-05, 8.99752267287e-05, 5.72511198698e-05, 3.2850788557e-05, 4.44471443188e-05, 6.73421891406e-05, 7.57577508921e-05, 5.41942208656e-05, 2.85596706817e-05, 3.09738643409e-05, 2.67309369519e-05, 3.01410327666e-05, 2.37163549173e-05, 1.77876609087e-05, 1.21718549053e-05, 8.7123034973e-06, 9.32709099288e-06, 5.43765236216e-06, 5.72114458919e-06, 7.35337516744e-06, 8.26684481581e-06, 8.40041684569e-06, 7.31422915123e-06, 5.05853904542e-06, 2.29630109061e-06, 1.11434860628e-06, 8.34968261643e-07, 4.91897367283e-07, 3.17881529099e-07, 2.85113571863e-07, 3.34108221978e-07, 3.6773752754e-07, 3.85004796044e-07, 4.3729448862e-07, 4.09158701586e-07],
        "min": [1.12872880725e-24, 1.50142663496e-24, 1.4301857899e-24, 1.21969945797e-24, 1.03562527384e-24, 1.46682246249e-24, 1.03737388265e-24, 1.84535943862e-24, 1.13488221813e-24, 2.02956141821e-24, 2.27643228306e-24, 2.84207197894e-24, 3.26799277281e-24, 1.3167097264e-24, 1.78604025399e-24, 1.54351285729e-24, 3.00186916593e-24, 2.9285342896e-24, 3.31500138859e-24, 3.15801984339e-24, 2.64417636011e-24, 3.72581214346e-24, 4.26680190821e-24, 3.77741429629e-24, 3.59737454404e-24, 5.35275098578e-24, 3.77128090275e-24, 4.55594427909e-24, 4.43620387115e-24, 4.238151269e-24, 5.3637062916e-24, 5.7792202352e-24, 4.71004746807e-24, 5.27246032842e-24, 5.71232640816e-24, 6.21345542579e-24, 5.10815480136e-24, 6.33244404929e-24, 6.92414297632e-24, 5.14152913968e-24],
        "var": [2.14525116462e-05, 1.72044510691e-05, 2.02275464289e-06, 2.23053393711e-06, 1.71829753981e-07, 9.82345156331e-08, 6.39024975158e-08, 9.15589808415e-08, 8.42526404199e-08, 4.65160425733e-08, 1.48424788904e-07, 1.0370696657e-07, 4.92103247041e-08, 2.21047660176e-08, 4.98642087621e-08, 4.6044004165e-08, 1.58888795454e-08, 1.54186619028e-08, 1.73875047693e-08, 3.20285575839e-09, 1.91289695195e-09, 1.35500888288e-09, 6.11899697578e-10, 7.38183236759e-10, 2.9581667671e-10, 5.3287041446e-10, 1.79754811036e-09, 5.96949878418e-10, 3.45653422551e-10, 1.6518722501e-10, 9.93869223032e-11, 7.18521075971e-11, 3.78949129021e-11, 3.5298656359e-11, 2.23010967332e-11, 1.62325205361e-11, 1.9719871569e-11, 2.89118000374e-11, 3.21545429172e-11, 6.01734079231e-11]
    },
    "mfcc": {
        "mean": [-647.658447266, 108.598678589, -11.7130756378, 19.7142219543, 5.8419418335, 9.56513786316, 20.8356761932, 4.2016453743, 10.5330953598, 12.4844322205, 3.48450136185, 5.40568590164, 5.8043179512],
        "cov": [[10559.1376953, -99.5607147217, 84.941444397, 150.713912964, -243.2265625, 167.248138428, -95.8204269409, 1.11690533161, -20.3789806366, 82.2900390625, -9.33245754242, 19.3488025665, 62.9060707092], [-99.5607147217, 1579.27246094, -179.72177124, 145.547470093, 212.300872803, 12.8298444748, 250.188568115, -31.1527748108, 88.3489151001, 45.6030235291, 37.190246582, 17.0638637543, -3.13135075569], [84.941444397, -179.72177124, 839.834350586, 287.95223999, 223.501937866, 217.455749512, -64.576751709, 141.646270752, -30.2704029083, -44.6832389832, 13.5662612915, -24.3914928436, -65.2855987549], [150.713912964, 145.547470093, 287.95223999, 434.361846924, 230.789657593, 118.230415344, 27.759803772, 116.291671753, 34.1852798462, -27.982126236, -9.50768184662, -16.0541381836, -55.1625175476], [-243.2265625, 212.300872803, 223.501937866, 230.789657593, 309.345794678, 125.169532776, 47.3245506287, 79.0032577515, 27.2285690308, -17.3127174377, 3.18925309181, -11.5019359589, -31.8229942322], [167.248138428, 12.8298444748, 217.455749512, 118.230415344, 125.169532776, 335.301513672, 44.3882484436, 99.0758895874, 9.5935087204, 20.5030708313, 15.9536399841, -19.3821125031, -17.8476848602], [-95.8204269409, 250.188568115, -64.576751709, 27.759803772, 47.3245506287, 44.3882484436, 325.05267334, -10.2933034897, 71.8239135742, 62.9876708984, -11.582154274, -8.0946149826, -4.90022516251], [1.11690533161, -31.1527748108, 141.646270752, 116.291671753, 79.0032577515, 99.0758895874, -10.2933034897, 201.576934814, 33.4887466431, -1.30736303329, 30.6312541962, 7.03187561035, -15.2762041092], [-20.3789806366, 88.3489151001, -30.2704029083, 34.1852798462, 27.2285690308, 9.5935087204, 71.8239135742, 33.4887466431, 141.048904419, 52.5040130615, 3.84019708633, 7.35095071793, 2.30541586876], [82.2900390625, 45.6030235291, -44.6832389832, -27.982126236, -17.3127174377, 20.5030708313, 62.9876708984, -1.30736303329, 52.5040130615, 119.689491272, 36.1689949036, 15.8563556671, 15.9305610657], [-9.33245754242, 37.190246582, 13.5662612915, -9.50768184662, 3.18925309181, 15.9536399841, -11.582154274, 30.6312541962, 3.84019708633, 36.1689949036, 113.026107788, 56.5120773315, 32.6489639282], [19.3488025665, 17.0638637543, -24.3914928436, -16.0541381836, -11.5019359589, -19.3821125031, -8.0946149826, 7.03187561035, 7.35095071793, 15.8563556671, 56.5120773315, 97.2778244019, 46.8304901123], [62.9060707092, -3.13135075569, -65.2855987549, -55.1625175476, -31.8229942322, -17.8476848602, -4.90022516251, -15.2762041092, 2.30541586876, 15.9305610657, 32.6489639282, 46.8304901123, 105.753013611]],
