{
"lowlevel": {
    "average_loudness": 0.943930745125,
    "barkbands_crest": {
        "dmean": 2.20868039131,
        "dmean2": 3.53577637672,
        "dvar": 4.43804979324,
        "dvar2": 11.2635602951,
        "max": 26.1637802124,
        "mean": 9.62289714813,
        "median": 8.79315853119,
        "min": 2.52875542641,
        "var": 14.9137544632
    },
    "barkbands_flatness_db": {
        "dmean": 0.0221652239561,
        "dmean2": 0.0306981187314,
        "dvar": 0.000485076772748,
        "dvar2": 0.000947707740124,
        "max": 0.527967453003,
        "mean": 0.155210718513,
        "median": 0.146547034383,
        "min": 0.0299979746342,
        "var": 0.00382022955455
    },
    "barkbands_kurtosis": {
        "dmean": 3.63390016556,
        "dmean2": 5.37737607956,
        "dvar": 61.0950660706,
        "dvar2": 130.474121094,
        "max": 293.265136719,
        "mean": 6.52922010422,
        "median": 2.36245441437,
        "min": -1.93762218952,
        "var": 164.908248901
    },
    "barkbands_skewness": {
        "dmean": 0.567418754101,
        "dmean2": 0.800696790218,
        "dvar": 0.381346851587,
        "dvar2": 0.765190839767,
        "max": 12.4034547806,
        "mean": 1.60623288155,
        "median": 1.45362460613,
        "min": -2.41780257225,
        "var": 2.32069444656
    },
    "barkbands_spread": {
        "dmean": 5.1642780304,
        "dmean2": 7.29620361328,
        "dvar": 47.1669540405,
        "dvar2": 92.0783538818,
        "max": 113.533172607,
        "mean": 18.9077529907,
        "median": 17.2471637726,
        "min": 0.139114901423,
        "var": 155.322052002
    },
    "dissonance": {
        "dmean": 0.0252006724477,
        "dmean2": 0.0414206683636,
        "dvar": 0.000582453270908,
        "dvar2": 0.00155167328194,
        "max": 0.500000059605,
        "mean": 0.444020777941,
        "median": 0.453759163618,
        "min": 0.203958779573,
        "var": 0.00168482528534
    },
    "dynamic_complexity": 2.61728024483,
    "erbbands_crest": {
        "dmean": 2.86467933655,
        "dmean2": 4.47710323334,
        "dvar": 7.40924358368,
        "dvar2": 17.2035942078,
        "max": 30.5382575989,
        "mean": 10.8850326538,
        "median": 9.84404468536,
        "min": 2.48332595825,
        "var": 25.5597229004
    },
    "erbbands_flatness_db": {
        "dmean": 0.0209516435862,
        "dmean2": 0.0283433292061,
        "dvar": 0.000401240104111,
        "dvar2": 0.00073418073589,
        "max": 0.369795233011,
        "mean": 0.1679405123,
        "median": 0.164622336626,
        "min": 0.050873670727,
        "var": 0.00254082214087
    },
    "erbbands_kurtosis": {
        "dmean": 1.31179285049,
        "dmean2": 1.96456027031,
        "dvar": 5.53568983078,
        "dvar2": 12.4336013794,
        "max": 116.107444763,
        "mean": 1.62155950069,
        "median": 0.697086811066,
        "min": -1.9194393158,
        "var": 12.5720701218
    },
    "erbbands_skewness": {
        "dmean": 0.414160192013,
        "dmean2": 0.599825382233,
        "dvar": 0.164846479893,
        "dvar2": 0.342182993889,
        "max": 8.76772689819,
        "mean": 0.452273666859,
        "median": 0.409812688828,
        "min": -3.10093069077,
        "var": 0.907866895199
    },
    "erbbands_spread": {
        "dmean": 8.95425033569,
        "dmean2": 12.7200012207,
        "dvar": 129.376754761,
        "dvar2": 251.844421387,
        "max": 186.845947266,
        "mean": 34.5437774658,
        "median": 29.0299510956,
        "min": 1.7463105917,
        "var": 502.478790283
    },
    "hfc": {
        "dmean": 7.43163394928,
        "dmean2": 10.058257103,
        "dvar": 89.0028533936,
        "dvar2": 161.905075073,
        "max": 144.903717041,
        "mean": 24.3980998993,
        "median": 19.1306266785,
        "min": 1.06900329121e-16,
        "var": 379.797424316
    },
    "melbands_crest": {
        "dmean": 2.88847970963,
        "dmean2": 4.62317943573,
        "dvar": 7.39669561386,
        "dvar2": 18.2719917297,
        "max": 34.1309242249,
        "mean": 13.3637485504,
        "median": 12.6001348495,
        "min": 1.38679242134,
        "var": 25.3898296356
    },
    "melbands_flatness_db": {
        "dmean": 0.0268591307104,
        "dmean2": 0.0359142608941,
        "dvar": 0.000732729386073,
        "dvar2": 0.00136268802453,
        "max": 0.68008440733,
        "mean": 0.226938679814,
        "median": 0.217346444726,
        "min": 0.000742734235246,
        "var": 0.00644908240065
    },
    "melbands_kurtosis": {
        "dmean": 7.69324064255,
        "dmean2": 11.6408071518,
        "dvar": 241.923553467,
        "dvar2": 564.21661377,
        "max": 477.726226807,
        "mean": 15.2506093979,
        "median": 7.32918834686,
        "min": -1.79679989815,
        "var": 602.617797852
    },
    "melbands_skewness": {
        "dmean": 0.724335730076,
        "dmean2": 1.05395412445,
        "dvar": 0.715444743633,
        "dvar2": 1.47216367722,
        "max": 16.3534030914,
        "mean": 2.47390556335,
        "median": 2.18926787376,
        "min": -1.45688796043,
        "var": 3.41270875931
    },
    "melbands_spread": {
        "dmean": 5.6624045372,
        "dmean2": 7.95410919189,
        "dvar": 61.4625892639,
        "dvar2": 116.957733154,
        "max": 237.112823486,
        "mean": 21.6924915314,
        "median": 17.6154632568,
        "min": 0.304888486862,
        "var": 346.011199951
    },
    "pitch_salience": {
        "dmean": 0.0663956105709,
        "dmean2": 0.104924120009,
        "dvar": 0.00388569175266,
        "dvar2": 0.00934363342822,
        "max": 0.968942582607,
        "mean": 0.540267646313,
        "median": 0.540727734566,
        "min": 0.0734279453754,
        "var": 0.0113070094958
    },
    "silence_rate_20dB": {
        "dmean": 0,
        "dmean2": 0,
        "dvar": 0,
        "dvar2": 0,
        "max": 1,
        "mean": 1,
        "median": 1,
        "min": 1,
        "var": 0
    },
    "silence_rate_30dB": {
        "dmean": 0.000186185061466,
        "dmean2": 0.000372404814698,
        "dvar": 0.000186140925507,
        "dvar2": 0.000558430620003,
        "max": 1,
        "mean": 0.999906897545,
        "median": 1,
        "min": 0,
        "var": 9.30728347157e-05
    },
    "silence_rate_60dB": {
        "dmean": 0.0074474029243,
        "dmean2": 0.0148961925879,
        "dvar": 0.00739121576771,
        "dvar2": 0.0184008441865,
        "max": 1,
        "mean": 0.0373266302049,
        "median": 0,
        "min": 0,
        "var": 0.0359323732555
    },
    "spectral_centroid": {
        "dmean": 214.5027771,
        "dmean2": 297.081634521,
        "dvar": 75308.5078125,
        "dvar2": 135448.046875,
        "max": 11610.7792969,
        "mean": 1149.8659668,
        "median": 1022.18518066,
        "min": 104.251327515,
        "var": 1193050.125
    },
    "spectral_complexity": {
        "dmean": 3.11785507202,
        "dmean2": 4.5412902832,
        "dvar": 16.1920413971,
        "dvar2": 26.764919281,
        "max": 56,
        "mean": 16.4239044189,
        "median": 15,
        "min": 0,
        "var": 69.8684463501
    },
    "spectral_decrease": {
        "dmean": 2.14573980806e-09,
        "dmean2": 3.27168070413e-09,
        "dvar": 7.24302588127e-18,
        "dvar2": 1.66209900343e-17,
        "max": 2.25920225087e-28,
        "mean": -8.40055491835e-09,
        "median": -8.29994739604e-09,
        "min": -3.4818818051e-08,
        "var": 1.9893520024e-17
    },
    "spectral_energy": {
        "dmean": 0.00857321824878,
        "dmean2": 0.0129711329937,
        "dvar": 0.000112137830001,
        "dvar2": 0.00025433828705,
        "max": 0.136225566268,
        "mean": 0.0339186713099,
        "median": 0.0333648696542,
        "min": 1.00060177447e-20,
        "var": 0.000324172404362
    },
    "spectral_energyband_high": {
        "dmean": 0.000380372104701,
        "dmean2": 0.000529746641405,
        "dvar": 4.62536831947e-07,
        "dvar2": 9.00732516129e-07,
        "max": 0.0175788514316,
        "mean": 0.000635017640889,
        "median": 0.000264869508101,
        "min": 7.09390981898e-21,
        "var": 9.07084427126e-07
    },
    "spectral_energyband_low": {
        "dmean": 0.00474399607629,
        "dmean2": 0.00740406336263,
        "dvar": 5.75402664253e-05,
        "dvar2": 0.000134325935505,
        "max": 0.0763150006533,
        "mean": 0.0118311019614,
        "median": 0.0103298518807,
        "min": 1.67804598492e-23,
        "var": 0.000113493690151
    },
    "spectral_energyband_middle_high": {
        "dmean": 0.00285876519047,
        "dmean2": 0.00384736340493,
        "dvar": 1.94727272174e-05,
        "dvar2": 3.38988065778e-05,
        "max": 0.0659449473023,
        "mean": 0.0085797989741,
        "median": 0.00372612313367,
        "min": 1.15406599242e-21,
        "var": 0.000109418026113
    },
    "spectral_energyband_middle_low": {
        "dmean": 0.00530461594462,
        "dmean2": 0.00857112370431,
        "dvar": 5.58277606615e-05,
        "dvar2": 0.000141693235491,
        "max": 0.115691281855,
        "mean": 0.0143923088908,
        "median": 0.0124892108142,
        "min": 1.50704012577e-22,
        "var": 9.86292725429e-05
    },
    "spectral_entropy": {
        "dmean": 0.224268466234,
        "dmean2": 0.303208082914,
        "dvar": 0.0555676743388,
        "dvar2": 0.107412941754,
        "max": 9.82070827484,
        "mean": 7.24037837982,
        "median": 7.24596834183,
        "min": 4.40783214569,
        "var": 0.365523338318
    },
    "spectral_flux": {
        "dmean": 0.0270798765123,
        "dmean2": 0.0420361384749,
        "dvar": 0.000842867069878,
        "dvar2": 0.00189557531849,
        "max": 0.291524678469,
        "mean": 0.0866709798574,
        "median": 0.0803814008832,
        "min": 6.28270838132e-11,
        "var": 0.0021600315813
    },
    "spectral_kurtosis": {
        "dmean": 2.22183442116,
        "dmean2": 3.40514445305,
        "dvar": 8.80119419098,
        "dvar2": 20.4397926331,
        "max": 137.269882202,
        "mean": 6.45030403137,
        "median": 5.03492450714,
        "min": -1.37693619728,
        "var": 55.6169929504
    },
    "spectral_rms": {
        "dmean": 0.000715640548151,
        "dmean2": 0.00106338434853,
        "dvar": 6.78486287597e-07,
        "dvar2": 1.46232264342e-06,
        "max": 0.0115283560008,
        "mean": 0.00547936232761,
        "median": 0.0057053565979,
        "min": 3.12441478939e-12,
        "var": 3.0679500469e-06
    },
    "spectral_rolloff": {
        "dmean": 353.461608887,
        "dmean2": 579.174865723,
        "dvar": 786309.4375,
        "dvar2": 1679805.375,
        "max": 19767.4804688,
        "mean": 1351.27563477,
        "median": 968.994140625,
        "min": 64.599609375,
        "var": 4351021.5
    },
    "spectral_skewness": {
        "dmean": 0.295988380909,
        "dmean2": 0.426913052797,
        "dvar": 0.0981440097094,
        "dvar2": 0.201868340373,
        "max": 9.46516895294,
        "mean": 1.95627963543,
        "median": 1.88111627102,
        "min": -0.0801150947809,
        "var": 0.615013539791
    },
    "spectral_spread": {
        "dmean": 738172.75,
        "dmean2": 1019158.9375,
        "dvar": 945756831744,
        "dvar2": 1.84866950349e+12,
        "max": 42601696,
        "mean": 5054078,
        "median": 4438833.5,
        "min": 744949.9375,
        "var": 1.44837139497e+13
    },
    "spectral_strongpeak": {
        "dmean": 0.917722642422,
        "dmean2": 1.55004918575,
        "dvar": 2.52722001076,
        "dvar2": 5.93549728394,
        "max": 17.2976932526,
        "mean": 1.56802046299,
        "median": 0.575208306313,
        "min": 0,
        "var": 5.23354911804
    },
    "zerocrossingrate": {
        "dmean": 0.0106400037184,
        "dmean2": 0.0115953730419,
        "dvar": 0.000176081724931,
        "dvar2": 0.000187195502804,
        "max": 0.53271484375,
        "mean": 0.0566988475621,
        "median": 0.048828125,
        "min": 0.00244140625,
        "var": 0.00292797107249
    },
    "barkbands": {
        "dmean": [8.30490462249e-05, 0.00242498191074, 0.00267932051793, 0.00195531337522, 0.00210183509625, 0.00130093016196, 0.000941375270486, 0.000902342260815, 0.000865826790687, 0.000591310090385, 0.000490346516017, 0.000727509672288, 0.000668744556606, 0.000714838621207, 0.000678025360685, 0.000312652031425, 0.000251148070674, 0.000178376008989, 0.000100844641565, 0.000133814086439, 6.57811833662e-05, 5.94394514337e-05, 6.41857113806e-05, 7.15037676855e-05, 6.94775953889e-05, 3.86821448046e-05, 1.20916001833e-06],
        "dmean2": [0.000136536094942, 0.00372393685393, 0.0043001268059, 0.00342185981572, 0.00352961849421, 0.00205688923597, 0.00147950951941, 0.00142331502866, 0.00131217634771, 0.000878297258168, 0.000722171156667, 0.00106096151285, 0.000967854342889, 0.00107099663001, 0.000989386346191, 0.000460226292489, 0.000381445745006, 0.00026848926791, 0.000145121113746, 0.000193345011212, 9.70278706518e-05, 8.14258455648e-05, 9.37289660214e-05, 0.00010282232688, 0.000100216289866, 5.92024989601e-05, 2.01933198696e-06],
        "dvar": [1.66768625576e-08, 1.48710478243e-05, 2.24253544729e-05, 2.41877551161e-05, 1.32442009999e-05, 5.19493141837e-06, 4.14485657529e-06, 3.30730381393e-06, 3.49897845808e-06, 1.89209890777e-06, 2.35767743106e-06, 3.93738582716e-06, 3.54850544682e-06, 4.40160965809e-06, 3.39905409419e-06, 9.9899716588e-07, 5.57778150778e-07, 1.29228567403e-07, 3.58833034397e-08, 8.38820568561e-08, 1.92852311898e-08, 1.57369690612e-08, 1.44653178324e-08, 2.7741648978e-08, 3.67367647414e-08, 1.02380584011e-08, 1.44690058546e-11],
        "dvar2": [4.43822543161e-08, 3.56469136022e-05, 5.60449734621e-05, 6.5088563133e-05, 3.43955798598e-05, 1.24294374473e-05, 9.93412140815e-06, 8.14695613371e-06, 7.66340690461e-06, 4.11325208916e-06, 5.09043820784e-06, 8.40785742184e-06, 7.21132118997e-06, 9.29061843635e-06, 6.5503982114e-06, 1.99286660063e-06, 1.21331879654e-06, 2.70787381851e-07, 7.52495665779e-08, 1.75288107584e-07, 4.11666256639e-08, 3.13872021707e-08, 2.93735631374e-08, 5.22319290042e-08, 7.30016509465e-08, 2.48451907936e-08, 3.78883625862e-11],
        "max": [0.00290308101103, 0.0571398437023, 0.0516877546906, 0.0521003231406, 0.0911766067147, 0.0516594797373, 0.0463472753763, 0.0351340323687, 0.0425630360842, 0.0382037311792, 0.0429512187839, 0.0476833321154, 0.0491589978337, 0.0494592823088, 0.0487081557512, 0.030399883166, 0.0214337650687, 0.00781176472083, 0.00519706122577, 0.0110239610076, 0.00385250058025, 0.00263759843074, 0.00210916763172, 0.00517230294645, 0.00640328368172, 0.00211393111385, 7.48779129935e-05],
        "mean": [0.000135612426675, 0.00516453199089, 0.00513120507821, 0.00241274456494, 0.00386945693754, 0.00276431860402, 0.00181780126877, 0.0015875257086, 0.00166164885741, 0.00104464776814, 0.000900049635675, 0.00146876950748, 0.00130684010219, 0.00120991875883, 0.00125529477373, 0.000539389555342, 0.00038472583401, 0.00032553987694, 0.000173236214323, 0.000228908727877, 9.45204519667e-05, 8.66495756782e-05, 9.32118855417e-05, 0.000115714334243, 0.000102479876659, 4.27629493061e-05, 1.16348599022e-06],
        "median": [8.77411512192e-05, 0.00409784168005, 0.00313217332587, 0.00133699446451, 0.00244024000131, 0.0015451007057, 0.00066483207047, 0.000560000597034, 0.000523147056811, 0.000333131698426, 9.93106659735e-05, 0.000236849620705, 0.000169553226442, 0.00017836666666, 0.000148364619236, 9.69092070591e-05, 9.50779358391e-05, 0.000120494092698, 7.58102614782e-05, 7.98707696958e-05, 2.64112186414e-05, 2.19004814426e-05, 3.19626378769e-05, 4.51127489214e-05, 2.74050744338e-05, 5.10566496814e-06, 1.31489358068e-07],
        "min": [5.79887214085e-25, 1.06984744042e-24, 1.70909850838e-24, 4.58000019797e-25, 5.9440728373e-24, 1.76564129706e-24, 8.80555099172e-24, 7.16273711255e-24, 9.961917738e-24, 1.60151306648e-23, 9.23329661808e-24, 2.52321010176e-23, 3.56004817036e-23, 2.05089083659e-23, 3.97997681624e-23, 6.01531557562e-23, 6.00314061196e-23, 1.04246857909e-22, 1.07590239752e-22, 1.53492339265e-22, 2.70803756128e-22, 2.56474230314e-22, 3.90742950708e-22, 6.15167971253e-22, 8.84981675391e-22, 1.29080898451e-21, 1.87257595395e-21],
        "var": [2.44823468165e-08, 2.84714151348e-05, 3.63078215742e-05, 1.84436139534e-05, 2.60641245404e-05, 1.29706377265e-05, 1.05916169559e-05, 7.0617320489e-06, 8.02447993919e-06, 4.18964918936e-06, 6.81628762322e-06, 1.35354812301e-05, 1.34516567414e-05, 1.09046959551e-05, 1.02113544926e-05, 2.42616488322e-06, 1.09052371045e-06, 3.26625297475e-07, 7.11563785671e-08, 1.79443858883e-07, 3.19207345001e-08, 2.76005636124e-08, 2.47926710273e-08, 6.28900949096e-08, 6.6748313543e-08, 1.07748592271e-08, 1.23585716313e-11]
    },
    "erbbands": {
        "dmean": [0.0636171475053, 0.618114113808, 2.71530914307, 5.00241327286, 6.35060739517, 8.00479507446, 8.09077358246, 11.6525688171, 14.623251915, 9.71620559692, 23.9434127808, 19.0016651154, 17.5930614471, 18.9499416351, 21.8304634094, 31.4496459961, 30.5121917725, 33.175579071, 28.2054386139, 36.0484657288, 11.8741254807, 11.8639755249, 10.0760402679, 5.13018226624, 6.2821764946, 6.08497476578, 3.37214326859, 2.36367464066, 2.12534356117, 1.95053517818, 1.83110392094, 1.58316469193, 1.15541267395, 0.773543298244, 0.518633127213, 0.241823807359, 0.0512603931129, 0.00775937642902, 0.00017456439673, 1.49011593749e-05],
        "dmean2": [0.0975292101502, 0.947466731071, 4.30764245987, 8.46587944031, 10.9177017212, 13.4261550903, 12.8709011078, 18.3862094879, 23.0924415588, 15.2474327087, 37.6604194641, 28.5568790436, 26.6996212006, 27.45013237, 31.0576725006, 45.1169281006, 43.9255218506, 49.0376205444, 41.8132896423, 49.5841178894, 17.1467704773, 18.1965255737, 15.1311225891, 7.54720306396, 8.92828369141, 8.73001098633, 5.07095575333, 3.4613969326, 2.92298173904, 2.76823377609, 2.69721508026, 2.32996463776, 1.65849769115, 1.12583625317, 0.744603037834, 0.37077447772, 0.0791420340538, 0.0118487328291, 0.000264997914201, 2.19032099267e-05],
        "dvar": [0.0111164590344, 0.945416033268, 21.7377719879, 131.702392578, 163.023696899, 214.218597412, 203.925109863, 547.015258789, 817.287963867, 475.242584229, 2387.41210938, 1995.97668457, 2542.29174805, 1569.9609375, 3925.83276367, 7829.03808594, 8024.68505859, 10650.0273438, 5131.24511719, 13202.0615234, 1199.77722168, 1043.31140137, 449.030914307, 83.5593185425, 160.613357544, 187.57598877, 49.9877929688, 27.1149024963, 23.2623100281, 13.0967473984, 12.0085544586, 12.6483240128, 8.12490844727, 5.32060432434, 2.12604427338, 0.431135058403, 0.0178533196449, 0.000522206886671, 2.43762144692e-07, 4.24727031323e-10],
        "dvar2": [0.0276075638831, 2.19762992859, 52.1730270386, 336.833007812, 442.16217041, 559.397949219, 492.501708984, 1292.14978027, 1946.61022949, 1128.03320312, 5889.35009766, 4421.89355469, 5758.04101562, 3162.13232422, 8141.42529297, 16716.4492188, 16039.921875, 22155.1816406, 11343.3046875, 23205.984375, 2527.4699707, 2408.86450195, 929.255493164, 171.563171387, 318.234100342, 413.234558105, 106.672447205, 60.3067703247, 48.6763305664, 25.9383850098, 24.4449539185, 24.8883457184, 15.456703186, 11.3087511063, 4.08014392853, 1.06555747986, 0.0438550561666, 0.00116964115296, 5.51740527044e-07, 9.61707047331e-10],
        "max": [1.87382245064, 11.9237794876, 50.5170097351, 121.835525513, 212.867370605, 349.688964844, 402.742401123, 594.267272949, 505.989196777, 697.130615234, 962.08984375, 943.248413086, 1475.25854492, 1271.70727539, 1622.97009277, 2443, 2423.4074707, 2960.23339844, 2485.01098633, 3317.8059082, 1155.36157227, 725.582458496, 624.55255127, 272.592712402, 370.096862793, 623.637268066, 168.692779541, 218.635467529, 123.365196228, 61.0239448547, 75.9091567993, 162.465744019, 96.4314804077, 110.238021851, 40.1461715698, 15.4353981018, 2.54567027092, 0.319068610668, 0.00687556760386, 0.000305297493469],
        "mean": [0.128895789385, 1.28197348118, 5.45862150192, 7.52270078659, 9.48927783966, 14.0322284698, 16.3176612854, 24.1335754395, 29.6050662994, 19.4210395813, 43.2276954651, 38.5916366577, 32.6610527039, 36.9169654846, 44.6921806335, 65.7532424927, 64.7573547363, 60.1876449585, 53.4547958374, 70.3743209839, 23.6789608002, 19.0014419556, 19.2955932617, 9.62737560272, 11.3061285019, 10.6753473282, 5.06193590164, 3.42896103859, 3.06379199028, 2.82963895798, 2.67759084702, 2.55871534348, 1.80842590332, 1.19144165516, 0.705197572708, 0.270661711693, 0.0575768500566, 0.00826884713024, 0.000205483127502, 4.75737651868e-05],
        "median": [0.102357432246, 0.995511889458, 3.71125125885, 4.83589982986, 5.87111377716, 7.74529695511, 9.36585140228, 12.2692613602, 12.5253009796, 8.91646003723, 17.9467105865, 14.6804141998, 11.5673761368, 13.1455869675, 8.94346237183, 11.8208837509, 10.3109407425, 10.1412658691, 10.3313970566, 7.56435012817, 5.67280054092, 5.33052015305, 7.50535440445, 4.75863218307, 4.52538061142, 3.95876598358, 1.69998157024, 1.02778720856, 0.737086415291, 0.7093116045, 0.99078309536, 1.00954353809, 0.697697460651, 0.409683793783, 0.110817506909, 0.0338862240314, 0.00712813809514, 0.000955689582042, 4.51566302218e-05, 4.38590723206e-05],
        "min": [5.55090432548e-23, 3.98055022345e-22, 2.89731560995e-21, 3.50151207849e-21, 1.31282747825e-20, 1.22285163413e-20, 3.31897367369e-20, 2.71205057875e-20, 1.43726457141e-19, 1.54353414492e-19, 2.22523139456e-19, 2.87671367513e-19, 3.04355807263e-19, 6.36770459783e-19, 8.6013197264e-19, 1.36501985748e-18, 1.79109831626e-18, 2.26023897055e-18, 2.83183276795e-18, 2.47893828668e-18, 2.88257244031e-18, 4.48815337713e-18, 6.10004756318e-18, 6.52391186625e-18, 6.35924998479e-18, 7.79717154441e-18, 9.01176136967e-18, 9.78746322398e-18, 8.38508602888e-18, 1.01625052594e-17, 1.07838370134e-17, 1.10541364765e-17, 1.02885353247e-17, 7.96156541935e-18, 6.05348143059e-18, 4.19117816643e-18, 2.1949965473e-18, 9.78513098824e-19, 2.39205666351e-19, 2.68370413313e-20],
        "var": [0.0188638791442, 1.81599879265, 37.2961959839, 118.659561157, 187.002471924, 461.013763428, 536.006347656, 1299.7512207, 2215.04370117, 1064.31347656, 4896.27001953, 4271.77880859, 5008.13867188, 4343.66650391, 11688.1367188, 26127.1855469, 31745.4414062, 26307.5, 12221.9189453, 41509.5273438, 2778.61230469, 2093.85961914, 1190.64929199, 186.850860596, 359.37399292, 364.966094971, 79.0516052246, 42.5663146973, 37.963596344, 25.4740009308, 19.5875358582, 27.9796180725, 16.806186676, 8.40911102295, 4.061647892, 0.449040204287, 0.0187466423959, 0.000583865621593, 2.71951392961e-07, 8.62777183031e-10]
    },
    "gfcc": {
        "mean": [-7.13497543335, 104.750747681, -103.027565002, 25.5708312988, -56.5479278564, 19.423746109, -43.567325592, 12.0992507935, -25.4665107727, 1.51461756229, -10.8882656097, -4.99829959869, -10.2789793015],
        "cov": [[19565.8496094, -64.5617370605, -2104.93310547, 488.175231934, -687.01763916, 623.730224609, -537.336242676, 422.876922607, -400.097320557, 210.873977661, -324.047607422, -42.3916625977, -359.522888184], [-64.5617370605, 1178.37939453, -76.932144165, -97.6152038574, 146.55039978, 20.5397815704, 128.546859741, -102.480171204, 93.1120605469, -142.099700928, 175.507522583, -123.653182983, 42.8394203186], [-2104.93310547, -76.932144165, 1158.12890625, 221.2527771, -5.03595113754, -69.862701416, 81.088142395, -31.057138443, 18.9689998627, 71.45677948, -60.7939529419, 135.312347412, -23.3866500854], [488.175231934, -97.6152038574, 221.2527771, 553.838562012, -24.7684669495, -49.8942604065, 42.1045646667, -0.493587434292, 69.9564819336, 17.5049133301, -66.3524627686, 33.9368019104, -6.61601924896], [-687.01763916, 146.55039978, -5.03595113754, -24.7684669495, 338.194854736, 68.3187026978, 44.2155799866, 47.5291862488, 76.4737319946, -13.5447473526, 22.8755264282, -34.8598480225, 28.0839805603], [623.730224609, 20.5397815704, -69.862701416, -49.8942604065, 68.3187026978, 303.670623779, 89.1301116943, 14.3328580856, 2.16241145134, 13.3892793655, 21.1076221466, -28.700422287, -13.0196027756], [-537.336242676, 128.546859741, 81.088142395, 42.1045646667, 44.2155799866, 89.1301116943, 277.882019043, -41.3247261047, -2.19347810745, 2.10741090775, 55.0099449158, -9.93650150299, -52.2833442688], [422.876922607, -102.480171204, -31.057138443, -0.493587434292, 47.5291862488, 14.3328580856, -41.3247261047, 187.697433472, 28.198595047, 17.8556098938, -13.8427228928, -3.45339989662, 28.8427581787], [-400.097320557, 93.1120605469, 18.9689998627, 69.9564819336, 76.4737319946, 2.16241145134, -2.19347810745, 28.198595047, 179.475814819, -3.17581391335, -9.81211662292, -4.66142749786, 42.5528869629], [210.873977661, -142.099700928, 71.45677948, 17.5049133301, -13.5447473526, 13.3892793655, 2.10741090775, 17.8556098938, -3.17581391335, 133.138412476, -15.1136817932, 35.9831695557, -24.5935058594], [-324.047607422, 175.507522583, -60.7939529419, -66.3524627686, 22.8755264282, 21.1076221466, 55.0099449158, -13.8427228928, -9.81211662292, -15.1136817932, 155.748245239, -8.90467166901, 6.91986989975], [-42.3916625977, -123.653182983, 135.312347412, 33.9368019104, -34.8598480225, -28.700422287, -9.93650150299, -3.45339989662, -4.66142749786, 35.9831695557, -8.90467166901, 130.55355835, 0.357429474592], [-359.522888184, 42.8394203186, -23.3866500854, -6.61601924896, 28.0839805603, -13.0196027756, -52.2833442688, 28.8427581787, 42.5528869629, -24.5935058594, 6.91986989975, 0.357429474592, 124.927833557]],
        "icov": [[0.000256550731137, -0.000533047015779, 0.00057783635566, -0.000596045923885, 0.000521753623616, -0.000801432819571, 0.000724613491911, -0.000844859227072, 0.00074933457654, -0.000529893848579, 0.000725799589418, -0.000649741501547, 0.000897310208529], [-0.000533047015779, 0.00260152923875, -0.00133130664472, 0.00142533017788, -0.00137787871063, 0.0018367228331, -0.00183298415504, 0.00251991068944, -0.00236950162798, 0.00209947000258, -0.00284362561069, 0.0024117489811, -0.0020765864756], [0.00057783635566, -0.00133130664472, 0.00243496987969, -0.00164491182659, 0.00103529798798, -0.00155941373669, 0.00122242094949, -0.00181531836279, 0.00179205008317, -0.00159961858299, 0.00214217649773, -0.0025452633854, 0.001986928517], [-0.000596045923885, 0.00142533017788, -0.00164491182659, 0.00365596124902, -0.000933701288886, 0.0022318076808, -0.002331411466, 0.00197027320974, -0.00279340380803, 0.00136533600744, -0.000965344486758, 0.00149064755533, -0.00203704251908], [0.000521753623616, -0.00137787871063, 0.00103529798798, -0.000933701288886, 0.00486688409001, -0.0022224439308, 0.00100127176847, -0.0026702103205, 0.000207660748856, -0.00101973314304, 0.00144457060378, -0.000766468583606, 0.00147890381049], [-0.000801432819571, 0.0018367228331, -0.00155941373669, 0.0022318076808, -0.0022224439308, 0.00654687266797, -0.00372124323621, 0.00238269218244, -0.00233853748068, 0.00107739039231, -0.00219343136996, 0.0026190537028, -0.00291288667358], [0.000724613491911, -0.00183298415504, 0.00122242094949, -0.002331411466, 0.00100127176847, -0.00372124323621, 0.0074039096944, -0.00168456905521, 0.00216386886314, -0.00145800446626, 0.000340116617735, -0.00170394068118, 0.00465582311153], [-0.000844859227072, 0.00251991068944, -0.00181531836279, 0.00197027320974, -0.0026702103205, 0.00238269218244, -0.00168456905521, 0.00929019786417, -0.00322960829362, 0.00111339299474, -0.00273042498156, 0.00281278067268, -0.00406982470304], [0.00074933457654, -0.00236950162798, 0.00179205008317, -0.00279340380803, 0.000207660748856, -0.00233853748068, 0.00216386886314, -0.00322960829362, 0.00978768896312, -0.00233333697543, 0.0032077494543, -0.00230170902796, 0.000553057878278], [-0.000529893848579, 0.00209947000258, -0.00159961858299, 0.00136533600744, -0.00101973314304, 0.00107739039231, -0.00145800446626, 0.00111339299474, -0.00233333697543, 0.0106951082125, -0.00201263395138, -0.000165910183568, 1.44396153701e-05], [0.000725799589418, -0.00284362561069, 0.00214217649773, -0.000965344486758, 0.00144457060378, -0.00219343136996, 0.000340116617735, -0.00273042498156, 0.0032077494543, -0.00201263395138, 0.011040372774, -0.00315172481351, 0.0015417925315], [-0.000649741501547, 0.0024117489811, -0.0025452633854, 0.00149064755533, -0.000766468583606, 0.0026190537028, -0.00170394068118, 0.00281278067268, -0.00230170902796, -0.000165910183568, -0.00315172481351, 0.0120564838871, -0.00312024308369], [0.000897310208529, -0.0020765864756, 0.001986928517, -0.00203704251908, 0.00147890381049, -0.00291288667358, 0.00465582311153, -0.00406982470304, 0.000553057878278, 1.44396153701e-05, 0.0015417925315, -0.00312024308369, 0.0135531835258]]
    },
    "melbands": {
        "dmean": [0.000603926484473, 0.00114825321361, 0.000850966491271, 0.000518382817972, 0.000278246327071, 0.000255318649579, 0.000221598616918, 0.000112828573037, 0.000195990098291, 0.000117501986097, 8.87277710717e-05, 7.88017641753e-05, 7.57532179705e-05, 8.63701789058e-05, 6.80598459439e-05, 6.63355604047e-05, 6.54799805488e-05, 4.99713496538e-05, 5.14064086019e-05, 3.38307399943e-05, 1.38782852446e-05, 1.24919197333e-05, 1.35724758366e-05, 9.21544415178e-06, 3.87699856219e-06, 3.78361187359e-06, 5.59177942705e-06, 4.03091507906e-06, 2.43607451011e-06, 1.77906008503e-06, 1.38177040299e-06, 1.26785255361e-06, 1.15278169233e-06, 1.14456486244e-06, 1.08993754111e-06, 1.0627974234e-06, 1.00605632269e-06, 9.01464659364e-07, 7.15475152901e-07, 6.2436532744e-07],
        "dmean2": [0.000927821849473, 0.00178518425673, 0.00142901111394, 0.000880797742866, 0.000444934179541, 0.000404363672715, 0.00034869989031, 0.00017753164866, 0.000306647474645, 0.000176850910066, 0.000135038804729, 0.000113893460366, 0.00010896067397, 0.000123067089589, 9.77070449153e-05, 9.61690893746e-05, 9.80209006229e-05, 7.44010612834e-05, 7.30425672373e-05, 4.74052103527e-05, 2.06282911677e-05, 1.91824219655e-05, 2.07152315852e-05, 1.40521915455e-05, 5.8243786043e-06, 5.53255267732e-06, 7.943575838e-06, 5.98850510869e-06, 3.71049486603e-06, 2.66880829258e-06, 2.10295070247e-06, 1.8298210307e-06, 1.60307104125e-06, 1.68921690147e-06, 1.65119752182e-06, 1.6064477677e-06, 1.49324057475e-06, 1.32513639528e-06, 1.03552633846e-06, 9.36882315727e-07],
        "dvar": [9.9974602108e-07, 3.4640895592e-06, 3.55218389814e-06, 8.95820221558e-07, 2.18231193116e-07, 2.40668668994e-07, 1.91979154351e-07, 4.91510547818e-08, 1.52931505681e-07, 7.45950288206e-08, 6.31458192402e-08, 2.81330443386e-08, 5.40056710463e-08, 5.08408710687e-08, 3.2021763019e-08, 3.33647527384e-08, 4.62929996559e-08, 2.01116741039e-08, 2.25402327914e-08, 1.21162289091e-08, 2.25915730567e-09, 1.46110501476e-09, 1.38205336064e-09, 3.46806416918e-10, 5.45659038786e-11, 6.66199595489e-11, 1.54661394802e-10, 9.56262916074e-11, 2.66355479339e-11, 1.49255417053e-11, 1.25727926334e-11, 9.14888390741e-12, 5.73479241525e-12, 4.86379209477e-12, 4.37500253039e-12, 4.16139952358e-12, 6.41572342128e-12, 5.36979141708e-12, 3.65042241227e-12, 4.34682498329e-12],
        "dvar2": [2.5029862627e-06, 8.08793447504e-06, 9.11238021217e-06, 2.33808123085e-06, 5.36600907708e-07, 5.71171938191e-07, 4.53927270883e-07, 1.18251968217e-07, 3.7210512005e-07, 1.65167790556e-07, 1.4316378838e-07, 5.65767344085e-08, 1.12608375957e-07, 1.04379999755e-07, 6.47799964781e-08, 7.01285998161e-08, 9.57063974738e-08, 4.44680878786e-08, 4.25126280845e-08, 2.23099103636e-08, 4.71610084318e-09, 3.28196692045e-09, 3.0983640098e-09, 7.4734390898e-10, 1.16182494181e-10, 1.45756517966e-10, 2.88288892758e-10, 2.20472404222e-10, 5.88676746238e-11, 3.118454453e-11, 3.04917167904e-11, 2.03431004681e-11, 1.13578018518e-11, 1.03199037857e-11, 9.337227172e-12, 8.51134180496e-12, 1.30100262161e-11, 1.06751300508e-11, 7.22356376104e-12, 9.76568218652e-12],
        "max": [0.0169798247516, 0.0212880019099, 0.0202085729688, 0.0244377814233, 0.0109261842445, 0.0121181178838, 0.00807290989906, 0.00624253042042, 0.0071861310862, 0.00546362996101, 0.00735631771386, 0.00551381893456, 0.00604623556137, 0.0056233080104, 0.00462187221274, 0.00525963492692, 0.00599905010313, 0.00523671414703, 0.00367019115947, 0.00299484096467, 0.00155922595877, 0.000948585395236, 0.00167910079472, 0.000382389989682, 0.000240303590544, 0.000276034144918, 0.000445104029495, 0.000484078045702, 9.99801777652e-05, 0.000142737058923, 0.000201283211936, 8.12096550362e-05, 3.46676060872e-05, 4.85060118081e-05, 4.23551318818e-05, 5.80175583309e-05, 0.000116403687571, 7.68602767494e-05, 8.16075335024e-05, 0.00010312248196],
        "mean": [0.00128408160526, 0.00247938395478, 0.00135282706469, 0.000879753322806, 0.000573683995754, 0.000531233672518, 0.000449541897979, 0.000218111439608, 0.000357147451723, 0.000231446232647, 0.000159079936566, 0.000146297330502, 0.000147379381815, 0.000175323599251, 0.000145097917994, 0.000122294484754, 0.000112538909889, 8.30253775348e-05, 9.99416370178e-05, 6.24460517429e-05, 2.31769954553e-05, 1.80628503585e-05, 2.20396741497e-05, 1.60498602781e-05, 6.4796663537e-06, 6.43509838483e-06, 9.79123706202e-06, 6.52165681458e-06, 3.41894360645e-06, 2.35819084082e-06, 1.89278318885e-06, 1.7349124164e-06, 1.63492200045e-06, 1.57339025009e-06, 1.48715548676e-06, 1.60992976816e-06, 1.56444502863e-06, 1.30337730297e-06, 1.15337661555e-06, 8.91388765467e-07],
        "median": [0.00105891842395, 0.00195079972036, 0.000897935999092, 0.000526361458469, 0.00034367266926, 0.00027808820596, 0.000190001097508, 0.000102916019387, 0.000150057545397, 7.54701177357e-05, 4.90731072205e-05, 4.72572864965e-05, 2.15303352888e-05, 2.93646535283e-05, 2.12572285818e-05, 1.96725140995e-05, 1.61517691595e-05, 1.4224365259e-05, 1.04221035144e-05, 7.22636150385e-06, 5.81467702432e-06, 4.3369609557e-06, 6.25482061878e-06, 5.64274068893e-06, 2.89287618216e-06, 2.69010524789e-06, 3.1856352507e-06, 2.3204424906e-06, 1.03068259705e-06, 5.48751643237e-07, 5.49320532173e-07, 4.05463254083e-07, 3.58008065859e-07, 3.97167411847e-07, 5.29021974671e-07, 6.5213362177e-07, 5.60007265449e-07, 4.39934950691e-07, 4.48204929171e-07, 2.73962456276e-07],
        "min": [6.95158330569e-25, 1.16239926423e-24, 1.11770132065e-24, 7.78073774684e-25, 1.25476333914e-24, 4.6311297245e-25, 2.19687270254e-24, 1.65812014732e-24, 1.62248700441e-24, 1.71990018354e-24, 1.49745393144e-24, 1.99556309092e-24, 2.37873275133e-24, 2.67400181043e-24, 2.89458191345e-24, 3.82019658976e-24, 3.690340224e-24, 3.63103878874e-24, 3.76112352973e-24, 3.00865869453e-24, 2.97880030927e-24, 3.72425414318e-24, 5.25856059927e-24, 3.55335531667e-24, 4.79386038937e-24, 3.68428058896e-24, 4.2543753768e-24, 4.0102004441e-24, 4.48040966413e-24, 5.91891014657e-24, 5.29572738639e-24, 3.9457150094e-24, 4.37418402121e-24, 5.27584296398e-24, 5.3875772226e-24, 5.44281839078e-24, 5.22264494555e-24, 6.02018647617e-24, 6.35342735494e-24, 5.81871731743e-24],
        "var": [1.74541673914e-06, 6.42146960672e-06, 3.3284957226e-06, 1.6237707996e-06, 5.68795485378e-07, 5.82666189075e-07, 5.30087675088e-07, 1.08631532214e-07, 3.08952877504e-07, 1.61921590802e-07, 1.25360955394e-07, 7.67047367844e-08, 1.6316987228e-07, 1.88374229992e-07, 1.39189992865e-07, 8.97745238149e-08, 1.11578827955e-07, 4.30270006291e-08, 7.21302555462e-08, 3.64398005104e-08, 4.09007139268e-09, 2.65154675994e-09, 2.72989786332e-09, 7.92536980487e-10, 1.01368274885e-10, 1.1828130142e-10, 4.00169120063e-10, 1.53040774498e-10, 4.02056270221e-11, 2.32838557462e-11, 1.7029953836e-11, 1.33104898631e-11, 1.04594978512e-11, 8.73006354707e-12, 6.45083769388e-12, 7.44056032065e-12, 1.38048895232e-11, 1.02825777407e-11, 6.64331046771e-12, 6.03742880342e-12]
    },
    "mfcc": {
        "mean": [-647.942504883, 133.631591797, 13.1280612946, 12.6180372238, 12.1327285767, 0.478710711002, 3.32242918015, 0.81179869175, -4.87317466736, 5.66281795502, -2.34342956543, 0.295369446278, -1.9887843132],
        "cov": [[8517.72949219, -127.171989441, -899.6875, -204.955383301, -66.2597427368, 75.2861862183, 65.1768951416, 85.4564361572, -13.9538526535, 245.23600769, 15.8270559311, 6.57469940186, -38.0232696533], [-127.171989441, 1195.3157959, -54.8961143494, -170.957321167, 108.69758606, -3.63584446907, 119.951255798, 35.6026382446, -69.5774841309, 32.4848594666, 49.8160438538, 1.78837490082, -6.73689365387], [-899.6875, -54.8961143494, 879.960266113, 301.63583374, -74.5375213623, 113.461509705, -32.0151176453, 23.6648445129, 33.7367744446, -93.3807678223, 6.77238607407, 45.0463447571, 49.1656417847], [-204.955383301, -170.957321167, 301.63583374, 541.728149414, -4.41164731979, 37.8182373047, -88.8890075684, 18.5764656067, 55.0179100037, -31.0552768707, -27.7773456573, 44.9089164734, 49.0310249329], [-66.2597427368, 108.69758606, -74.5375213623, -4.41164731979, 338.890838623, -50.9208488464, -33.585144043, 17.3480796814, 90.4800720215, 47.5429458618, -21.0742969513, 2.91362285614, -12.8467874527], [75.2861862183, -3.63584446907, 113.461509705, 37.8182373047, -50.9208488464, 289.772674561, 59.2299728394, 43.8334083557, 4.86050653458, 17.7624320984, 52.8063201904, 2.47815990448, 5.95553541183], [65.1768951416, 119.951255798, -32.0151176453, -88.8890075684, -33.585144043, 59.2299728394, 248.619995117, 45.072681427, -50.7094535828, 28.4675540924, 51.4597549438, 6.96041154861, 8.68140888214], [85.4564361572, 35.6026382446, 23.6648445129, 18.5764656067, 17.3480796814, 43.8334083557, 45.072681427, 130.142654419, 22.8212051392, 14.6458406448, 14.1969690323, 20.6158733368, 11.9277553558], [-13.9538526535, -69.5774841309, 33.7367744446, 55.0179100037, 90.4800720215, 4.86050653458, -50.7094535828, 22.8212051392, 173.012512207, 33.3562469482, -12.6901283264, -6.60735321045, 4.46726322174], [245.23600769, 32.4848594666, -93.3807678223, -31.0552768707, 47.5429458618, 17.7624320984, 28.4675540924, 14.6458406448, 33.3562469482, 143.089752197, 24.5488262177, -11.5859527588, 1.35354566574], [15.8270559311, 49.8160438538, 6.77238607407, -27.7773456573, -21.0742969513, 52.8063201904, 51.4597549438, 14.1969690323, -12.6901283264, 24.5488262177, 105.082504272, 21.3754024506, 7.11395740509], [6.57469940186, 1.78837490082, 45.0463447571, 44.9089164734, 2.91362285614, 2.47815990448, 6.96041154861, 20.6158733368, -6.60735321045, -11.5859527588, 21.3754024506, 92.6666946411, 26.3944244385], [-38.0232696533, -6.73689365387, 49.1656417847, 49.0310249329, -12.8467874527, 5.95553541183, 8.68140888214, 11.9277553558, 4.46726322174, 1.35354566574, 7.11395740509, 26.3944244385, 79.5039367676]],
