{
"lowlevel": {
    "average_loudness": 0.0629645735025,
    "barkbands_crest": {
        "dmean": 2.42669248581,
        "dmean2": 3.82027196884,
        "dvar": 6.06263971329,
        "dvar2": 15.0940265656,
        "max": 26.3794460297,
        "mean": 12.2256755829,
        "median": 11.2981901169,
        "min": 2.55248570442,
        "var": 24.4947986603
    },
    "barkbands_flatness_db": {
        "dmean": 0.0202029198408,
        "dmean2": 0.0304799322039,
        "dvar": 0.000452080304967,
        "dvar2": 0.00099224189762,
        "max": 0.479643464088,
        "mean": 0.193821400404,
        "median": 0.181626915932,
        "min": 0.0205104295164,
        "var": 0.00461154663935
    },
    "barkbands_kurtosis": {
        "dmean": 3.17659330368,
        "dmean2": 4.91982936859,
        "dvar": 42.7038154602,
        "dvar2": 101.176147461,
        "max": 180.762878418,
        "mean": 6.17990446091,
        "median": 3.50053215027,
        "min": -1.96126925945,
        "var": 85.6916046143
    },
    "barkbands_skewness": {
        "dmean": 0.505567312241,
        "dmean2": 0.75356978178,
        "dvar": 0.40382373333,
        "dvar2": 0.853144884109,
        "max": 11.0618457794,
        "mean": 1.64917373657,
        "median": 1.57880067825,
        "min": -10.0138492584,
        "var": 1.914077878
    },
    "barkbands_spread": {
        "dmean": 5.49504518509,
        "dmean2": 8.52570152283,
        "dvar": 95.4714813232,
        "dvar2": 222.308670044,
        "max": 135.88734436,
        "mean": 17.9036045074,
        "median": 12.6293201447,
        "min": 0.483826458454,
        "var": 319.249603271
    },
    "dissonance": {
        "dmean": 0.0271013733,
        "dmean2": 0.0455346144736,
        "dvar": 0.000668896769639,
        "dvar2": 0.00185589748435,
        "max": 0.500000059605,
        "mean": 0.434836626053,
        "median": 0.444402933121,
        "min": 0.157796666026,
        "var": 0.00205303449184
    },
    "dynamic_complexity": 6.18736124039,
    "erbbands_crest": {
        "dmean": 2.391102314,
        "dmean2": 3.69904136658,
        "dvar": 5.61256885529,
        "dvar2": 13.0070238113,
        "max": 32.0099525452,
        "mean": 11.3880281448,
        "median": 9.94799900055,
        "min": 2.25259637833,
        "var": 31.8679485321
    },
    "erbbands_flatness_db": {
        "dmean": 0.0176445022225,
        "dmean2": 0.0247238334268,
        "dvar": 0.000360265141353,
        "dvar2": 0.000691956316587,
        "max": 0.492463707924,
        "mean": 0.195433437824,
        "median": 0.178689211607,
        "min": 0.0429734773934,
        "var": 0.00633940240368
    },
    "erbbands_kurtosis": {
        "dmean": 1.58218932152,
        "dmean2": 2.34486961365,
        "dvar": 8.4727563858,
        "dvar2": 18.1193389893,
        "max": 108.45236969,
        "mean": 2.92447280884,
        "median": 0.918271303177,
        "min": -1.80180609226,
        "var": 44.0717468262
    },
    "erbbands_skewness": {
        "dmean": 0.374637842178,
        "dmean2": 0.548821270466,
        "dvar": 0.166683405638,
        "dvar2": 0.331405222416,
        "max": 6.52164459229,
        "mean": 0.942339777946,
        "median": 0.864090621471,
        "min": -5.30126953125,
        "var": 1.15448462963
    },
    "erbbands_spread": {
        "dmean": 6.94813299179,
        "dmean2": 10.3492298126,
        "dvar": 105.327903748,
        "dvar2": 242.094573975,
        "max": 168.29574585,
        "mean": 29.4999351501,
        "median": 24.50182724,
        "min": 1.17509305477,
        "var": 420.558624268
    },
    "hfc": {
        "dmean": 9.1981420517,
        "dmean2": 13.685546875,
        "dvar": 706.910339355,
        "dvar2": 1533.38317871,
        "max": 604.311035156,
        "mean": 22.3067913055,
        "median": 8.44392490387,
        "min": 1.05217784198e-16,
        "var": 1694.67126465
    },
    "melbands_crest": {
        "dmean": 2.98944425583,
        "dmean2": 4.75363874435,
        "dvar": 9.68838787079,
        "dvar2": 24.864320755,
        "max": 34.1392860413,
        "mean": 15.8670377731,
        "median": 14.9041976929,
        "min": 1.66066968441,
        "var": 37.32629776
    },
    "melbands_flatness_db": {
        "dmean": 0.0231387484819,
        "dmean2": 0.0338693298399,
        "dvar": 0.000672619149555,
        "dvar2": 0.00142611179035,
        "max": 0.567402601242,
        "mean": 0.250814944506,
        "median": 0.241468220949,
        "min": 0.00391248520464,
        "var": 0.00786028429866
    },
    "melbands_kurtosis": {
        "dmean": 5.55631256104,
        "dmean2": 8.47271442413,
        "dvar": 150.058807373,
        "dvar2": 315.168640137,
        "max": 534.976501465,
        "mean": 12.0398902893,
        "median": 7.04295492172,
        "min": -1.92071723938,
        "var": 354.090362549
    },
    "melbands_skewness": {
        "dmean": 0.589840888977,
        "dmean2": 0.877607285976,
        "dvar": 0.524980425835,
        "dvar2": 1.11094605923,
        "max": 18.5056495667,
        "mean": 2.21214771271,
        "median": 1.98878312111,
        "min": -6.14406776428,
        "var": 2.62852478027
    },
    "melbands_spread": {
        "dmean": 5.69041013718,
        "dmean2": 8.5258102417,
        "dvar": 217.453292847,
        "dvar2": 407.720611572,
        "max": 276.884857178,
        "mean": 20.016658783,
        "median": 13.0819416046,
        "min": 0.700326383114,
        "var": 816.423095703
    },
    "pitch_salience": {
        "dmean": 0.0624531209469,
        "dmean2": 0.0988741666079,
        "dvar": 0.00414378335699,
        "dvar2": 0.0100698573515,
        "max": 0.909824550152,
        "mean": 0.524828195572,
        "median": 0.533833563328,
        "min": 0.0859378501773,
        "var": 0.0170934274793
    },
    "silence_rate_20dB": {
        "dmean": 0,
        "dmean2": 0,
        "dvar": 0,
        "dvar2": 0,
        "max": 1,
        "mean": 1,
        "median": 1,
        "min": 1,
        "var": 0
    },
    "silence_rate_30dB": {
        "dmean": 0.00767478113994,
        "dmean2": 0.0153514035046,
        "dvar": 0.00761544657871,
        "dvar2": 0.019192352891,
        "max": 1,
        "mean": 0.984892070293,
        "median": 1,
        "min": 0,
        "var": 0.014879854396
    },
    "silence_rate_60dB": {
        "dmean": 0.0271015707403,
        "dmean2": 0.0542096421123,
        "dvar": 0.0263654515147,
        "dvar2": 0.0563028715551,
        "max": 1,
        "mean": 0.248201444745,
        "median": 0,
        "min": 0,
        "var": 0.186606094241
    },
    "spectral_centroid": {
        "dmean": 178.924926758,
        "dmean2": 261.187927246,
        "dvar": 134745.5625,
        "dvar2": 239629.296875,
        "max": 11805.2871094,
        "mean": 1110.5480957,
        "median": 866.518188477,
        "min": 219.403106689,
        "var": 1282220.625
    },
    "spectral_complexity": {
        "dmean": 1.94795536995,
        "dmean2": 3.03789877892,
        "dvar": 6.41399669647,
        "dvar2": 12.6279230118,
        "max": 52,
        "mean": 11.4543161392,
        "median": 11,
        "min": 0,
        "var": 52.4310531616
    },
    "spectral_decrease": {
        "dmean": 1.61850244318e-09,
        "dmean2": 2.43506148578e-09,
        "dvar": 8.5893003785e-18,
        "dvar2": 2.07814967572e-17,
        "max": 4.16907394024e-12,
        "mean": -5.35662847412e-09,
        "median": -3.36978711601e-09,
        "min": -5.07248110182e-08,
        "var": 4.1171637823e-17
    },
    "spectral_energy": {
        "dmean": 0.0066867028363,
        "dmean2": 0.0100484974682,
        "dvar": 0.000134905101731,
        "dvar2": 0.000322775595123,
        "max": 0.206838473678,
        "mean": 0.0222404189408,
        "median": 0.0143280141056,
        "min": 9.96364331759e-21,
        "var": 0.000675372488331
    },
    "spectral_energyband_high": {
        "dmean": 0.000666511419695,
        "dmean2": 0.000996934832074,
        "dvar": 6.81800429447e-06,
        "dvar2": 1.3609472262e-05,
        "max": 0.0577408671379,
        "mean": 0.00112876540516,
        "median": 0.000155665693455,
        "min": 7.06099546231e-21,
        "var": 1.56937585416e-05
    },
    "spectral_energyband_low": {
        "dmean": 0.00322611047886,
        "dmean2": 0.00519824074581,
        "dvar": 8.83945831447e-05,
        "dvar2": 0.000238606633502,
        "max": 0.16019795835,
        "mean": 0.00638236105442,
        "median": 0.000475396576803,
        "min": 1.44085460116e-23,
        "var": 0.000151596119395
    },
    "spectral_energyband_middle_high": {
        "dmean": 0.00164330762345,
        "dmean2": 0.00222639972344,
        "dvar": 2.61914465227e-05,
        "dvar2": 4.70130507892e-05,
        "max": 0.196130871773,
        "mean": 0.00549806607887,
        "median": 0.0014586414909,
        "min": 1.13045974004e-21,
        "var": 0.000242972571868
    },
    "spectral_energyband_middle_low": {
        "dmean": 0.00331909745,
        "dmean2": 0.00497837597504,
        "dvar": 3.54567127943e-05,
        "dvar2": 7.9224621004e-05,
        "max": 0.115192115307,
        "mean": 0.00948069151491,
        "median": 0.00507043069229,
        "min": 1.5953964599e-22,
        "var": 0.00014907142031
    },
    "spectral_entropy": {
        "dmean": 0.174149483442,
        "dmean2": 0.246339127421,
        "dvar": 0.0418681614101,
        "dvar2": 0.0808859989047,
        "max": 9.82374382019,
        "mean": 7.13776683807,
        "median": 7.22018861771,
        "min": 4.20869541168,
        "var": 0.578055799007
    },
    "spectral_flux": {
        "dmean": 0.0198052786291,
        "dmean2": 0.0311852712184,
        "dvar": 0.000777323264629,
        "dvar2": 0.0017734473804,
        "max": 0.32949218154,
        "mean": 0.0576746575534,
        "median": 0.0446607507765,
        "min": 6.40207609148e-11,
        "var": 0.0025654300116
    },
    "spectral_kurtosis": {
        "dmean": 3.89880251884,
        "dmean2": 6.51480054855,
        "dvar": 52.1285018921,
        "dvar2": 156.653869629,
        "max": 117.736557007,
        "mean": 13.2000370026,
        "median": 6.23969221115,
        "min": -1.4872572422,
        "var": 353.632354736
    },
    "spectral_rms": {
        "dmean": 0.000600034254603,
        "dmean2": 0.000878208549693,
        "dvar": 6.82931158735e-07,
        "dvar2": 1.51950234795e-06,
        "max": 0.0142054082826,
        "mean": 0.00389624666423,
        "median": 0.00373878981918,
        "min": 3.11779204884e-12,
        "var": 6.51721347822e-06
    },
    "spectral_rolloff": {
        "dmean": 554.905578613,
        "dmean2": 953.044311523,
        "dvar": 2657774.25,
        "dvar2": 6317086,
        "max": 19401.4160156,
        "mean": 1653.99243164,
        "median": 839.794921875,
        "min": 64.599609375,
        "var": 7759787
    },
    "spectral_skewness": {
        "dmean": 0.344704657793,
        "dmean2": 0.547202348709,
        "dvar": 0.211533844471,
        "dvar2": 0.594958126545,
        "max": 9.0101480484,
        "mean": 2.52914333344,
        "median": 2.16729784012,
        "min": -0.897741794586,
        "var": 2.00293779373
    },
    "spectral_spread": {
        "dmean": 819050.75,
        "dmean2": 1204252.5,
        "dvar": 1.90826151936e+12,
        "dvar2": 4.00953992806e+12,
        "max": 49557840,
        "mean": 5442362.5,
        "median": 5031257,
        "min": 609576.0625,
        "var": 1.73497248645e+13
    },
    "spectral_strongpeak": {
        "dmean": 0.608353495598,
        "dmean2": 1.00014007092,
        "dvar": 5.20235586166,
        "dvar2": 14.5618858337,
        "max": 76.7917098999,
        "mean": 1.37926208973,
        "median": 0.460849076509,
        "min": 0,
        "var": 6.72398424149
    },
    "zerocrossingrate": {
        "dmean": 0.0131906783208,
        "dmean2": 0.0154703995213,
        "dvar": 0.000475840293802,
        "dvar2": 0.000514531042427,
        "max": 0.52685546875,
        "mean": 0.0689660981297,
        "median": 0.046875,
        "min": 0.00439453125,
        "var": 0.00542489113286
    },
    "barkbands": {
        "dmean": [0.000253786798567, 0.00287956022657, 0.000402803823818, 0.000293336808681, 0.000673926901072, 0.000983179896139, 0.000483710377011, 0.000455769826658, 0.0015937249409, 0.000829264638014, 0.000559442501981, 0.000295620411634, 0.000173605643795, 0.000163283053553, 0.000121287783259, 8.682229236e-05, 6.47506676614e-05, 7.07786530256e-05, 7.74160580477e-05, 4.40946678282e-05, 3.68796245311e-05, 3.95913521061e-05, 0.000122474782984, 0.000184818913112, 0.000204307361855, 0.000207828677958, 2.60036592259e-09],
        "dmean2": [0.000430692947702, 0.00472515076399, 0.000683153397404, 0.000496606226079, 0.00111964694224, 0.00151832716074, 0.000792473379988, 0.000694787187967, 0.00222658901475, 0.00116344669368, 0.000799117842689, 0.000427581340773, 0.000263335736236, 0.000240369248786, 0.000184930249816, 0.000136507645948, 9.83071367955e-05, 0.000108345186163, 0.000120174358017, 6.59328798065e-05, 5.56548257009e-05, 5.81907806918e-05, 0.000175626453711, 0.000273135548923, 0.000318152742693, 0.000350226153387, 4.77777062358e-09],
        "dvar": [7.43815121496e-07, 7.6028823969e-05, 3.53991299562e-06, 1.23292795706e-06, 2.54537258115e-06, 5.02451757711e-06, 3.15318243338e-06, 1.83130111964e-06, 1.93223713723e-05, 2.02379615075e-05, 4.51951700597e-06, 8.48795366437e-07, 2.84112218196e-07, 2.50119484235e-07, 1.12480861958e-07, 9.00920724689e-08, 4.29150723846e-08, 3.32693694816e-08, 3.20776152307e-08, 1.40222944367e-08, 1.87105282379e-08, 5.67623743564e-08, 5.6503728274e-07, 1.33698483751e-06, 8.68144923061e-07, 1.00417560134e-06, 4.99674317646e-16],
        "dvar2": [1.94245717466e-06, 0.000212839993765, 9.87243129202e-06, 3.37508595294e-06, 6.79569438944e-06, 1.13083879114e-05, 8.07800097391e-06, 4.41095471615e-06, 3.90797067666e-05, 3.81052777811e-05, 8.23602567834e-06, 1.59147396062e-06, 6.38632059236e-07, 4.93996708428e-07, 2.35134095306e-07, 2.34753386508e-07, 8.69844782869e-08, 6.84610199642e-08, 7.28569489183e-08, 3.25818945157e-08, 4.11464213812e-08, 1.08207444782e-07, 1.06235006569e-06, 2.87627267426e-06, 2.05825381272e-06, 2.66133611149e-06, 1.43788522653e-15],
        "max": [0.0185193419456, 0.149318620563, 0.0401889979839, 0.0297415982932, 0.0326296389103, 0.0504627451301, 0.0752796977758, 0.0373017080128, 0.106775715947, 0.19365644455, 0.0897813737392, 0.0313860960305, 0.0163932219148, 0.0186931565404, 0.0158520881087, 0.0177123751491, 0.00812315288931, 0.00711317220703, 0.00383116165176, 0.00435342779383, 0.00585850141943, 0.0101520586759, 0.0226147715002, 0.0397113710642, 0.0245451908559, 0.0452046170831, 9.37684205837e-07],
        "mean": [0.000475120847113, 0.00513262394816, 0.000637019053102, 0.000411247456213, 0.00126856437419, 0.00203556148335, 0.000899153295904, 0.000845937116537, 0.00378731708042, 0.00224779965356, 0.00135187059641, 0.000603247142863, 0.000320099643432, 0.000311541487463, 0.000213878389332, 0.000153535875143, 0.000113529080409, 0.000127835694002, 0.000138956718729, 8.20613786345e-05, 6.08817790635e-05, 5.63012363273e-05, 0.000176310641109, 0.000293130084174, 0.000278338615317, 0.000218558270717, 1.81751191874e-09],
        "median": [2.31698550124e-06, 0.000193376268726, 6.5129257564e-05, 7.29336970835e-05, 0.000473176070955, 0.000785981770605, 0.000266939168796, 0.00019944072119, 0.000370276626199, 0.000120396391139, 0.000110684457468, 0.000119790871395, 7.54829088692e-05, 7.69979669712e-05, 5.41475455975e-05, 4.00372773584e-05, 2.22737471631e-05, 3.26477857016e-05, 2.89967247227e-05, 1.87411023944e-05, 9.72327143245e-06, 3.67273241864e-06, 6.68409484206e-06, 2.51154087891e-05, 2.71074786724e-05, 1.96064611373e-05, 2.4215601746e-10],
        "min": [1.74613927497e-24, 9.42558718297e-25, 3.20966030527e-25, 8.67873312096e-25, 2.53425470664e-24, 8.02242116098e-24, 4.80422365509e-24, 1.183878507e-23, 1.75137218379e-23, 1.59757459953e-23, 7.83633833977e-24, 2.50548613272e-23, 2.4718792382e-23, 3.63022618312e-23, 3.99923354202e-23, 4.72471231341e-23, 8.52483231425e-23, 9.20745385037e-23, 1.47246189105e-22, 1.59254103586e-22, 2.92200794078e-22, 2.91571270454e-22, 4.16868685981e-22, 5.22752903585e-22, 8.33052110581e-22, 1.39585011807e-21, 1.95656871346e-21],
        "var": [1.2853337239e-06, 0.000113981492177, 3.1883257634e-06, 1.27520900151e-06, 5.31442447027e-06, 1.22638284665e-05, 5.51478797206e-06, 3.58728175343e-06, 9.45207648329e-05, 0.00017839067732, 3.26366134686e-05, 2.93915309157e-06, 7.12532937541e-07, 6.41829956294e-07, 2.67245241048e-07, 1.71135596361e-07, 1.03396516238e-07, 8.54124024841e-08, 7.19103496749e-08, 2.86462622512e-08, 3.02272056274e-08, 1.11524670388e-07, 1.11473787001e-06, 2.51734013546e-06, 1.27027090002e-06, 1.03866227619e-06, 2.8307626692e-16]
    },
    "erbbands": {
        "dmean": [0.125597000122, 0.501249611378, 0.512508153915, 0.678971230984, 1.42854046822, 2.47160816193, 5.84360361099, 8.88069248199, 6.49552440643, 7.48820638657, 14.2306394577, 34.400592804, 30.2983169556, 21.2239055634, 21.0274219513, 9.39713954926, 7.60693073273, 6.6958899498, 6.37811231613, 5.43380308151, 5.0855922699, 3.76701283455, 3.40272808075, 4.46456670761, 2.70819091797, 1.97202217579, 1.92430710793, 1.1328946352, 1.26171720028, 1.93841505051, 4.10814905167, 3.63226127625, 3.50256967545, 2.10633230209, 1.44371914864, 1.03816115856, 0.371773719788, 0.0373691879213, 0.000656192540191, 3.53549221472e-05],
        "dmean2": [0.21260419488, 0.810418188572, 0.855112612247, 1.1412498951, 2.4216196537, 4.06879997253, 8.78044700623, 14.0378637314, 10.6766929626, 11.9796829224, 20.4425373077, 49.4356384277, 42.1075325012, 28.5016956329, 29.5083389282, 13.629524231, 11.3745822906, 9.92064285278, 9.45465278625, 8.25003051758, 8.01706981659, 5.62040376663, 5.13065099716, 6.81675481796, 4.05868959427, 2.96447634697, 2.8983528614, 1.68588781357, 1.85909199715, 2.75417709351, 5.87583684921, 5.44193983078, 5.30265855789, 3.25237798691, 2.3186981678, 1.71887588501, 0.635760307312, 0.065264120698, 0.00113635906018, 5.84666231589e-05],
        "dvar": [0.147771269083, 2.58135867119, 5.04541778564, 7.68318319321, 18.2261314392, 38.9648361206, 170.127105713, 474.843780518, 418.183685303, 747.120849609, 1322.44140625, 10674.0869141, 12397.859375, 8844.47558594, 7091.92041016, 964.105957031, 542.098510742, 537.432739258, 286.625610352, 258.396911621, 386.037231445, 141.822235107, 89.4555282593, 107.719543457, 38.5215187073, 31.6414699554, 39.9167518616, 27.6618595123, 62.1142196655, 109.862800598, 686.637634277, 609.29901123, 453.507080078, 127.289726257, 38.9397277832, 34.1997451782, 2.38195466995, 0.0296639036387, 8.24605376692e-06, 1.52070338544e-08],
        "dvar2": [0.438649952412, 6.899746418, 13.7003107071, 20.8474998474, 49.8863296509, 100.178497314, 353.748687744, 1176.48803711, 1119.18188477, 1880.47241211, 2709.8293457, 21589.6894531, 24743.3613281, 15646.4267578, 12038.5576172, 1899.90344238, 1217.51513672, 1055.33703613, 619.701538086, 565.243896484, 1014.7388916, 293.869995117, 174.805770874, 234.416976929, 81.9905471802, 74.3396911621, 95.175994873, 56.5190696716, 116.840202332, 207.951644897, 1311.49682617, 1463.25109863, 975.105957031, 296.417877197, 93.2333908081, 87.8232955933, 6.6259560585, 0.0830345004797, 2.29092693189e-05, 4.07682314574e-08],
        "max": [6.18079137802, 28.7942638397, 47.4597930908, 64.4009399414, 89.2499771118, 145.20211792, 246.675369263, 624.176330566, 534.300598145, 1188.83752441, 670.848327637, 2268.87597656, 4048.61328125, 3465.85083008, 4717.64355469, 1618.72717285, 678.729614258, 1096.2623291, 612.018188477, 638.367370605, 1222.34545898, 574.932800293, 473.466156006, 224.139633179, 134.98475647, 219.394165039, 217.455581665, 215.983474731, 341.928649902, 285.294708252, 778.983642578, 899.428405762, 803.260864258, 297.303222656, 183.47996521, 258.210662842, 57.0550422668, 4.94223690033, 0.0793718770146, 0.00360489054583],
        "mean": [0.217184051871, 0.874943375587, 0.898684620857, 1.01564729214, 2.28237557411, 4.49397945404, 12.3102560043, 17.1207389832, 12.5256891251, 14.5105066299, 28.4423789978, 78.1205749512, 83.8147125244, 54.2740325928, 54.0982055664, 21.3760108948, 15.6933956146, 13.3633050919, 13.6329336166, 10.2220659256, 9.35227489471, 7.02899265289, 6.82251167297, 8.33130264282, 5.35046243668, 3.70377159119, 3.31989145279, 1.78976631165, 1.82124984264, 2.77020287514, 5.7901892662, 5.25459051132, 5.46907091141, 3.08469939232, 1.89592671394, 1.15209805965, 0.376731932163, 0.0338657237589, 0.000638704339508, 5.87965987506e-05],
        "median": [0.00319934217259, 0.0482470020652, 0.103355616331, 0.247006207705, 0.695214271545, 1.5685428381, 4.37285614014, 6.03311157227, 4.99335813522, 4.38755321503, 7.95424222946, 8.80555725098, 7.9428935051, 6.12650775909, 6.2581615448, 5.01466274261, 4.47619152069, 3.91240549088, 4.56846427917, 2.99725532532, 2.44398164749, 1.59023416042, 1.85539841652, 1.90917134285, 1.20570194721, 0.863259911537, 0.602006673813, 0.274055242538, 0.145605698228, 0.162061452866, 0.205728515983, 0.337811172009, 0.473204761744, 0.28995937109, 0.194234073162, 0.0973831862211, 0.0336605012417, 0.00229022093117, 6.18680205662e-05, 2.3629538191e-05],
        "min": [1.14657865483e-22, 2.1012785696e-22, 4.67066947228e-22, 2.2097419206e-21, 1.88388445804e-20, 7.85758493248e-21, 7.9237420947e-20, 5.59623162686e-20, 1.03773833888e-19, 2.275664855e-19, 3.90455253616e-19, 4.00466026033e-19, 4.10763907672e-19, 7.66330466658e-19, 1.13528016172e-18, 1.30956566922e-18, 1.50156607672e-18, 1.65642814266e-18, 2.88851428544e-18, 3.66136029869e-18, 3.96447980698e-18, 4.29895194203e-18, 4.65157696921e-18, 7.00384577997e-18, 6.61117942087e-18, 8.1449662504e-18, 1.03368989207e-17, 9.66769408873e-18, 1.21537564684e-17, 9.67819680097e-18, 1.11559797807e-17, 1.09979204549e-17, 9.04216191154e-18, 7.74204243812e-18, 6.2938559807e-18, 4.28337943982e-18, 2.23842663139e-18, 9.23125705393e-19, 2.47813850643e-19, 2.67953236404e-20],
        "var": [0.201698571444, 3.87254261971, 5.43932247162, 7.07473039627, 23.983417511, 89.6134414673, 474.221710205, 1041.51220703, 708.320861816, 1328.41320801, 3402.16699219, 41037.9375, 101939.109375, 52643.2109375, 66538.359375, 3389.26318359, 1412.72302246, 1248.19165039, 854.574523926, 554.527526855, 695.278503418, 336.107330322, 270.605804443, 256.674713135, 105.393943787, 59.5337486267, 60.9176483154, 48.3254051208, 119.899482727, 223.626815796, 1299.38085938, 973.302734375, 824.389160156, 197.431289673, 55.9157142639, 37.4859428406, 2.36571860313, 0.0227911602706, 6.72850137562e-06, 1.70001150934e-08]
    },
    "gfcc": {
        "mean": [-86.3600463867, 93.15234375, -109.341964722, -11.7470273972, -60.7122039795, 7.19349336624, -48.3603591919, 17.4545993805, -32.0532493591, 6.7304391861, -12.5579223633, 1.19333815575, -5.98087692261],
        "cov": [[29958.5175781, -3204.05664062, 27.9780845642, 1393.20629883, -737.878723145, 1162.10400391, -10.986866951, 1698.45166016, -695.068908691, 745.186462402, -269.746582031, 505.669799805, -118.432762146], [-3204.05664062, 3315.27099609, -464.114807129, -588.97869873, 709.747253418, -394.681518555, 142.469924927, -423.334716797, 341.720245361, -160.412887573, 145.795898438, -182.071060181, 72.2507247925], [27.9780845642, -464.114807129, 1617.09838867, 597.008422852, 402.287811279, 572.97467041, 90.8584213257, 274.386260986, 78.9669265747, 177.951416016, -62.9895591736, 209.267227173, -130.537994385], [1393.20629883, -588.97869873, 597.008422852, 912.32623291, 205.110137939, 346.015960693, 174.455307007, 266.779144287, 79.1507263184, 137.046829224, -12.3734788895, 138.824966431, -47.211933136], [-737.878723145, 709.747253418, 402.287811279, 205.110137939, 695.332275391, 143.682678223, 241.024536133, 63.0634651184, 204.481765747, 107.45249939, 46.4726409912, 77.0364685059, -22.2161579132], [1162.10400391, -394.681518555, 572.97467041, 346.015960693, 143.682678223, 482.44052124, 157.43371582, 213.313537598, 11.6693687439, 112.841140747, -11.8679533005, 93.7376022339, -37.1935119629], [-10.986866951, 142.469924927, 90.8584213257, 174.455307007, 241.024536133, 157.43371582, 371.31072998, 120.803497314, 76.7370071411, 70.8846893311, 34.4177589417, 27.9179649353, 11.3853702545], [1698.45166016, -423.334716797, 274.386260986, 266.779144287, 63.0634651184, 213.313537598, 120.803497314, 366.265899658, -11.5024423599, 92.8724899292, -0.7859146595, 77.8704986572, -0.992961108685], [-695.068908691, 341.720245361, 78.9669265747, 79.1507263184, 204.481765747, 11.6693687439, 76.7370071411, -11.5024423599, 247.755615234, 31.0664710999, 22.4794864655, 19.3609333038, -17.6218624115], [745.186462402, -160.412887573, 177.951416016, 137.046829224, 107.45249939, 112.841140747, 70.8846893311, 92.8724899292, 31.0664710999, 177.50642395, 22.8461322784, 61.3443641663, -14.2585725784], [-269.746582031, 145.795898438, -62.9895591736, -12.3734788895, 46.4726409912, -11.8679533005, 34.4177589417, -0.7859146595, 22.4794864655, 22.8461322784, 112.886978149, 9.00320529938, 22.8192405701], [505.669799805, -182.071060181, 209.267227173, 138.824966431, 77.0364685059, 93.7376022339, 27.9179649353, 77.8704986572, 19.3609333038, 61.3443641663, 9.00320529938, 142.379241943, -11.8801898956], [-118.432762146, 72.2507247925, -130.537994385, -47.211933136, -22.2161579132, -37.1935119629, 11.3853702545, -0.992961108685, -17.6218624115, -14.2585725784, 22.8192405701, -11.8801898956, 104.06703949]],
        "icov": [[7.78259854997e-05, -6.95695707691e-05, 0.000184655145858, -8.65268157213e-05, 8.74369288795e-05, -0.000207709847018, 0.000169697363162, -0.000338217214448, 0.00019428259111, -0.000301725347526, 0.000263999099843, -0.000210901460377, 0.000161470932653], [-6.95695707691e-05, 0.000879793718923, -0.000123135745525, 0.000453695422038, -0.00110113702249, 0.000385790888686, -0.000212657570955, 0.00071130838478, -0.000660262943711, 0.000891590840183, -0.000785867741797, 0.000824760121759, -0.000428923260188], [0.000184655145858, -0.000123135745525, 0.00203682575375, -0.000466865865747, -0.000624098989647, -0.00193742197007, 0.00126089795958, -0.000898401020095, 0.000524598639458, -0.000717368151527, 0.00123524409719, -0.00123086129315, 0.00124573998619], [-8.65268157213e-05, 0.000453695422038, -0.000466865865747, 0.00210517412052, -0.00047917838674, -0.000124056576169, -0.000534517632332, -5.04320159962e-05, -0.000854705227539, 0.000430876709288, -0.000357697776053, -6.47075721645e-05, -0.000147308688611], [8.74369288795e-05, -0.00110113702249, -0.000624098989647, -0.00047917838674, 0.00422884756699, 5.42867383047e-05, -0.00128634518478, -0.000527630618308, -0.000707827624865, -0.00161257991567, 0.000386578933103, -0.00132176652551, 0.000345168286003], [-0.000207709847018, 0.000385790888686, -0.00193742197007, -0.000124056576169, 5.42867383047e-05, 0.00562661001459, -0.00205356255174, 0.000110418382974, -0.000169674982317, 0.000263153284322, -0.000878581777215, 0.000735114503186, -0.00045858649537], [0.000169697363162, -0.000212657570955, 0.00126089795958, -0.000534517632332, -0.00128634518478, -0.00205356255174, 0.00508048944175, -0.00162379303947, 0.000132458895678, -0.000945287349168, 0.00024515655241, 0.000102849364339, -4.90769234602e-05], [-0.000338217214448, 0.00071130838478, -0.000898401020095, -5.04320159962e-05, -0.000527630618308, 0.000110418382974, -0.00162379303947, 0.00611048750579, -0.000527336786035, 0.000692852598149, -0.00122074119281, 0.000390884932131, -0.00154783413745], [0.00019428259111, -0.000660262943711, 0.000524598639458, -0.000854705227539, -0.000707827624865, -0.000169674982317, 0.000132458895678, -0.000527336786035, 0.00641108071432, -0.00126342254225, 0.00051619723672, -0.000957440119237, 0.0014085220173], [-0.000301725347526, 0.000891590840183, -0.000717368151527, 0.000430876709288, -0.00161257991567, 0.000263153284322, -0.000945287349168, 0.000692852598149, -0.00126342254225, 0.00966019090265, -0.00288335420191, -0.000466173049062, -0.000118254916742], [0.000263999099843, -0.000785867741797, 0.00123524409719, -0.000357697776053, 0.000386578933103, -0.000878581777215, 0.00024515655241, -0.00122074119281, 0.00051619723672, -0.00288335420191, 0.0116983884946, -0.00208386499435, -0.00114742841106], [-0.000210901460377, 0.000824760121759, -0.00123086129315, -6.47075721645e-05, -0.00132176652551, 0.000735114503186, 0.000102849364339, 0.000390884932131, -0.000957440119237, -0.000466173049062, -0.00208386499435, 0.0110829686746, -0.000916727178264], [0.000161470932653, -0.000428923260188, 0.00124573998619, -0.000147308688611, 0.000345168286003, -0.00045858649537, -4.90769234602e-05, -0.00154783413745, 0.0014085220173, -0.000118254916742, -0.00114742841106, -0.000916727178264, 0.0118561647832]]
    },
    "melbands": {
        "dmean": [0.000927189190406, 0.000366607564501, 0.000137195544085, 0.000129903142806, 0.000181626353879, 0.000190671678865, 0.000100219040178, 8.55000762385e-05, 0.000143220662721, 0.000228831122513, 0.000158752591233, 9.77103409241e-05, 6.98967050994e-05, 4.14690184698e-05, 2.06606127904e-05, 1.78724312718e-05, 1.29162481244e-05, 1.16237897601e-05, 1.11776389531e-05, 5.17928538102e-06, 6.29305668554e-06, 4.31057287642e-06, 3.09344977723e-06, 3.3380313198e-06, 4.04719321523e-06, 2.77141134575e-06, 1.55700308824e-06, 1.42432429584e-06, 1.37156678193e-06, 9.12969881028e-07, 6.35315757336e-07, 6.83394318912e-07, 9.98749897008e-07, 1.17471438443e-06, 2.4747871521e-06, 2.42031910602e-06, 2.47369916906e-06, 2.63887568508e-06, 2.38677694142e-06, 1.65950882547e-06],
        "dmean2": [0.00154530571308, 0.000592976459302, 0.000229433630011, 0.000218776302063, 0.000277295272099, 0.000299728359096, 0.000164424069226, 0.000135429509101, 0.000206004711799, 0.000322959705954, 0.000221246227738, 0.000131674081786, 0.000100511511846, 5.77593891649e-05, 3.13777381962e-05, 2.67501764029e-05, 1.91991985048e-05, 1.72990257852e-05, 1.69436116266e-05, 8.02469639893e-06, 9.97299503069e-06, 6.58654698782e-06, 4.66211668027e-06, 5.08283937961e-06, 6.26128166914e-06, 4.30602312917e-06, 2.38206257563e-06, 2.19520893552e-06, 2.09975132748e-06, 1.41222051298e-06, 9.48677495671e-07, 9.82131723504e-07, 1.47856815147e-06, 1.7498005036e-06, 3.58905231224e-06, 3.60387093679e-06, 3.84078066418e-06, 4.01233592129e-06, 3.65373625755e-06, 2.57010788118e-06],
        "dvar": [7.96116091806e-06, 1.68249812305e-06, 2.65704414915e-07, 1.2302587038e-07, 1.48045685933e-07, 2.05090159966e-07, 1.07604130051e-07, 8.56976569708e-08, 1.5644414475e-07, 4.66860996085e-07, 3.72206812926e-07, 2.29387111972e-07, 7.31751654826e-08, 2.21519158572e-08, 6.33731911392e-09, 3.38910388642e-09, 2.23723328752e-09, 1.22361265564e-09, 1.06979503034e-09, 2.25582996727e-10, 6.3035415776e-10, 2.05318442803e-10, 9.32570409784e-11, 7.08201830513e-11, 9.37659325184e-11, 4.61873074509e-11, 1.51986929986e-11, 1.74176645329e-11, 1.95872155301e-11, 1.26622202307e-11, 1.12259646023e-11, 1.8426432255e-11, 4.38285310822e-11, 4.30863920931e-11, 2.6614130344e-10, 2.57683069327e-10, 3.16351056462e-10, 2.85169610148e-10, 1.70407965516e-10, 8.01776631199e-11],
        "dvar2": [2.27779728448e-05, 4.3112113417e-06, 7.15971793852e-07, 3.33371616534e-07, 3.23129313529e-07, 4.95905339903e-07, 2.81294973092e-07, 2.14854665614e-07, 3.18146078371e-07, 9.17385762023e-07, 7.32766579858e-07, 4.08946846164e-07, 1.40673392934e-07, 3.76183244555e-08, 1.48126018118e-08, 6.92604196217e-09, 4.68288874345e-09, 2.6398288e-09, 2.24194707243e-09, 5.22073995146e-10, 1.66720826034e-09, 4.30846414101e-10, 1.79267323208e-10, 1.54249654716e-10, 2.10718498206e-10, 1.03249471473e-10, 3.59826682339e-11, 4.17219210569e-11, 4.8781825801e-11, 2.95394785021e-11, 2.23940033184e-11, 3.4824493983e-11, 1.01778599437e-10, 9.14224529414e-11, 5.30625543504e-10, 5.4930343607e-10, 8.12890144086e-10, 6.5055211218e-10, 3.77810144281e-10, 1.95717372864e-10],
        "max": [0.048281442374, 0.0280527416617, 0.0115914130583, 0.00807376392186, 0.00694823591039, 0.0120339300483, 0.00999640859663, 0.0104432161897, 0.00702742952853, 0.0166979078203, 0.0229509659111, 0.0170400813222, 0.0121946390718, 0.00639895536005, 0.0031647074502, 0.00225558597594, 0.00239711510949, 0.00140830955934, 0.00168447569013, 0.000554138969164, 0.00150934443809, 0.000688894127961, 0.000411731889471, 0.000227650001762, 0.000221179157961, 0.000148535342305, 0.000101598758192, 0.000156183436047, 0.000161080286489, 0.00017539318651, 0.000160152660101, 0.000212697559618, 0.000284359353827, 0.000186967386981, 0.000525127339642, 0.000525306910276, 0.000703214493115, 0.000655803072732, 0.000357123062713, 0.00029341535992],
        "mean": [0.00165197101887, 0.000697510491591, 0.00021713876049, 0.000228651057114, 0.000388952495996, 0.000379065953894, 0.000192221676116, 0.000164102617418, 0.000265208189376, 0.000535720668267, 0.000436089234427, 0.000246835086728, 0.000166806479683, 9.86067316262e-05, 3.87478976336e-05, 3.51245653292e-05, 2.3334454454e-05, 2.31721696764e-05, 1.89447746379e-05, 9.44056864682e-06, 1.06395464172e-05, 7.32562193662e-06, 5.61702290724e-06, 6.1283890318e-06, 6.97935001881e-06, 4.86480212203e-06, 2.73990690403e-06, 2.40775466409e-06, 2.26618590204e-06, 1.44124317103e-06, 8.9544249704e-07, 9.34986246648e-07, 1.25250164729e-06, 1.58507600645e-06, 3.28541591443e-06, 3.32832587446e-06, 3.25386918121e-06, 3.90105651604e-06, 3.47256559508e-06, 2.27646182793e-06],
        "median": [4.53642060165e-05, 6.58238277538e-05, 5.70163974771e-05, 8.10226119938e-05, 0.000145674246596, 0.000142884149682, 7.03447149135e-05, 4.23410019721e-05, 5.24581919308e-05, 4.54892106063e-05, 3.01832351397e-05, 1.90348582692e-05, 1.73557418748e-05, 1.36485869007e-05, 8.11647805676e-06, 6.78628111928e-06, 6.3024353949e-06, 6.01642477704e-06, 4.45444675279e-06, 2.53530424743e-06, 2.34331650972e-06, 1.3555231817e-06, 1.2401760614e-06, 1.66645497757e-06, 1.36909409321e-06, 9.49383149873e-07, 5.98233441451e-07, 4.98850909025e-07, 4.03435365115e-07, 2.04360745215e-07, 1.11230157529e-07, 6.89198031978e-08, 6.04539422966e-08, 8.63208740043e-08, 1.09781055357e-07, 1.00805905845e-07, 1.99935783485e-07, 2.93429934572e-07, 2.76370798247e-07, 1.9980384991e-07],
        "min": [1.25643306185e-24, 4.25986762364e-25, 1.09965543719e-24, 1.48013804014e-24, 2.44181322475e-24, 1.18143437926e-24, 1.30392307999e-24, 2.27310467055e-24, 3.45285167633e-24, 2.24441182727e-24, 1.73336189767e-24, 2.53823628484e-24, 2.77090745618e-24, 2.33306993226e-24, 3.07397282761e-24, 2.91027058192e-24, 2.27271497326e-24, 3.3903474658e-24, 2.83020691928e-24, 2.98609273669e-24, 4.03180063898e-24, 4.55849269425e-24, 3.74389954073e-24, 3.34774148274e-24, 4.26398488592e-24, 5.09507627641e-24, 4.73973388165e-24, 4.52525719545e-24, 5.26027676617e-24, 5.42300575471e-24, 3.93222785451e-24, 5.28262874549e-24, 5.61708447006e-24, 4.2343899802e-24, 5.61547006621e-24, 5.56874228492e-24, 6.46832612908e-24, 5.53733733786e-24, 6.51616896526e-24, 6.10099462629e-24],
        "var": [1.16622986752e-05, 2.42354872171e-06, 2.74873940498e-07, 2.12060953686e-07, 4.20744839857e-07, 4.57539925947e-07, 1.86231432053e-07, 1.59657119525e-07, 4.02299093594e-07, 2.08220762943e-06, 3.19273044624e-06, 1.45659407735e-06, 5.27229417457e-07, 1.45774905036e-07, 1.40348941358e-08, 1.06038768877e-08, 4.52809301166e-09, 3.55992146872e-09, 2.35426589335e-09, 5.59233992448e-10, 1.06888276008e-09, 4.64307897685e-10, 2.54402388045e-10, 1.67988345456e-10, 2.0049051308e-10, 1.04005741519e-10, 3.27123744759e-11, 2.94133155332e-11, 2.81626059279e-11, 1.77100920734e-11, 1.90718395937e-11, 3.38162449431e-11, 6.5305962027e-11, 7.30493443513e-11, 4.50057602297e-10, 4.57957088917e-10, 4.25956547812e-10, 4.61479410241e-10, 2.96896174312e-10, 1.07358531787e-10]
    },
    "mfcc": {
        "mean": [-728.400268555, 136.844467163, 2.49500751495, -9.48112678528, 2.43636441231, -16.2072753906, 2.0716278553, -7.42744922638, -5.08386802673, 0.631512761116, -5.12560749054, -2.6139497757, -3.6022310257],
        "cov": [[15822.9316406, -1440.33154297, -13.0015850067, 697.757263184, 431.393829346, -376.251647949, 1003.57440186, 473.689056396, 472.097717285, 583.255249023, 86.1128997803, 186.130401611, 109.317306519], [-1440.33154297, 2530.62475586, -321.947937012, -53.6338272095, 173.158416748, 168.538375854, -81.557434082, -38.4498634338, 16.3645706177, -15.7655277252, 134.072799683, 27.2820510864, 35.5281944275], [-13.0015850067, -321.947937012, 951.578125, 163.982406616, 262.786346436, 289.014373779, 87.6144866943, 164.690643311, 85.3241500854, 48.3963737488, 80.0157089233, 47.5694770813, 42.6498680115], [697.757263184, -53.6338272095, 163.982406616, 552.303588867, 261.180389404, 180.820053101, 153.171005249, 193.263931274, 142.463607788, 93.476272583, 115.17578125, 84.512550354, 92.6108169556], [431.393829346, 173.158416748, 262.786346436, 261.180389404, 404.579284668, 187.234924316, 93.2848815918, 155.846740723, 108.411705017, 81.6549606323, 98.6003112793, 88.0390319824, 73.240852356], [-376.251647949, 168.538375854, 289.014373779, 180.820053101, 187.234924316, 421.593017578, 68.0091171265, 129.067153931, 91.4446258545, 50.7457313538, 135.308410645, 34.3659858704, 83.0010223389], [1003.57440186, -81.557434082, 87.6144866943, 153.171005249, 93.2848815918, 68.0091171265, 392.293273926, 110.241470337, 110.528495789, 107.262863159, 43.6707649231, 31.9786911011, 33.7258033752], [473.689056396, -38.4498634338, 164.690643311, 193.263931274, 155.846740723, 129.067153931, 110.241470337, 266.713745117, 107.256843567, 82.6365661621, 80.5743103027, 42.4925765991, 54.1172027588], [472.097717285, 16.3645706177, 85.3241500854, 142.463607788, 108.411705017, 91.4446258545, 110.528495789, 107.256843567, 187.417938232, 84.5747375488, 67.013092041, 41.8884468079, 43.3076972961], [583.255249023, -15.7655277252, 48.3963737488, 93.476272583, 81.6549606323, 50.7457313538, 107.262863159, 82.6365661621, 84.5747375488, 158.820449829, 57.7736320496, 31.0136165619, 25.2909660339], [86.1128997803, 134.072799683, 80.0157089233, 115.17578125, 98.6003112793, 135.308410645, 43.6707649231, 80.5743103027, 67.013092041, 57.7736320496, 182.524856567, 51.7253952026, 52.2229156494], [186.130401611, 27.2820510864, 47.5694770813, 84.512550354, 88.0390319824, 34.3659858704, 31.9786911011, 42.4925765991, 41.8884468079, 31.0136165619, 51.7253952026, 123.118850708, 48.6413497925], [109.317306519, 35.5281944275, 42.6498680115, 92.6108169556, 73.240852356, 83.0010223389, 33.7258033752, 54.1172027588, 43.3076972961, 25.2909660339, 52.2229156494, 48.6413497925, 123.413383484]],
