{
"lowlevel": {
    "average_loudness": 0.936120688915,
    "barkbands_crest": {
        "dmean": 2.84287047386,
        "dmean2": 4.61310720444,
        "dvar": 6.92095899582,
        "dvar2": 16.4755020142,
        "max": 25.8379840851,
        "mean": 9.44023418427,
        "median": 8.44651412964,
        "min": 2.36709690094,
        "var": 18.9121513367
    },
    "barkbands_flatness_db": {
        "dmean": 0.0261435098946,
        "dmean2": 0.0387494154274,
        "dvar": 0.000795866188128,
        "dvar2": 0.00159650598653,
        "max": 0.439668774605,
        "mean": 0.1177123487,
        "median": 0.107411131263,
        "min": 0.0202929284424,
        "var": 0.0031385498587
    },
    "barkbands_kurtosis": {
        "dmean": 4.10003662109,
        "dmean2": 6.55634450912,
        "dvar": 183.215988159,
        "dvar2": 467.885345459,
        "max": 531.358764648,
        "mean": 4.81873464584,
        "median": 0.448778510094,
        "min": -1.92753577232,
        "var": 333.674682617
    },
    "barkbands_skewness": {
        "dmean": 0.65543782711,
        "dmean2": 1.01573085785,
        "dvar": 0.661394655704,
        "dvar2": 1.51433396339,
        "max": 21.3243637085,
        "mean": 1.29201006889,
        "median": 0.943587005138,
        "min": -3.56696534157,
        "var": 2.80298662186
    },
    "barkbands_spread": {
        "dmean": 6.82500600815,
        "dmean2": 10.4309225082,
        "dvar": 64.7271881104,
        "dvar2": 130.965393066,
        "max": 122.541854858,
        "mean": 27.1973953247,
        "median": 26.8381881714,
        "min": 0.383911907673,
        "var": 212.955444336
    },
    "dissonance": {
        "dmean": 0.0184678733349,
        "dmean2": 0.0310986563563,
        "dvar": 0.000356684118742,
        "dvar2": 0.000973911490291,
        "max": 0.500000059605,
        "mean": 0.466258496046,
        "median": 0.473399490118,
        "min": 0.182478830218,
        "var": 0.000756223395001
    },
    "dynamic_complexity": 3.74409747124,
    "erbbands_crest": {
        "dmean": 2.84012389183,
        "dmean2": 4.64807033539,
        "dvar": 6.99708366394,
        "dvar2": 17.4637622833,
        "max": 29.6789169312,
        "mean": 8.84145069122,
        "median": 8.04118061066,
        "min": 2.12841153145,
        "var": 15.6729307175
    },
    "erbbands_flatness_db": {
        "dmean": 0.0201167650521,
        "dmean2": 0.0279684141278,
        "dvar": 0.000358954770491,
        "dvar2": 0.000637074059341,
        "max": 0.435294687748,
        "mean": 0.146301940084,
        "median": 0.142519161105,
        "min": 0.0225085280836,
        "var": 0.00211334694177
    },
    "erbbands_kurtosis": {
        "dmean": 0.98198223114,
        "dmean2": 1.55294525623,
        "dvar": 1.61062765121,
        "dvar2": 3.80890130997,
        "max": 23.8393325806,
        "mean": 0.804041326046,
        "median": 0.273541808128,
        "min": -1.70656383038,
        "var": 3.89565038681
    },
    "erbbands_skewness": {
        "dmean": 0.382813423872,
        "dmean2": 0.593211352825,
        "dvar": 0.12328338623,
        "dvar2": 0.280692785978,
        "max": 3.15507817268,
        "mean": 0.0379361249506,
        "median": 0.0422712638974,
        "min": -3.5971353054,
        "var": 0.530812382698
    },
    "erbbands_spread": {
        "dmean": 8.60460853577,
        "dmean2": 12.9903764725,
        "dvar": 93.3047027588,
        "dvar2": 202.449920654,
        "max": 154.555725098,
        "mean": 34.3089561462,
        "median": 30.4023704529,
        "min": 2.78768086433,
        "var": 357.658447266
    },
    "hfc": {
        "dmean": 9.28475570679,
        "dmean2": 13.463098526,
        "dvar": 172.887451172,
        "dvar2": 369.002258301,
        "max": 175.815719604,
        "mean": 25.0336399078,
        "median": 19.6959552765,
        "min": 1.06702348405e-16,
        "var": 491.671051025
    },
    "melbands_crest": {
        "dmean": 4.36578321457,
        "dmean2": 7.15068006516,
        "dvar": 16.0250911713,
        "dvar2": 40.2300491333,
        "max": 38.8138885498,
        "mean": 15.4417715073,
        "median": 14.4520397186,
        "min": 1.7092744112,
        "var": 49.2600898743
    },
    "melbands_flatness_db": {
        "dmean": 0.0302991196513,
        "dmean2": 0.0448509566486,
        "dvar": 0.00111686903983,
        "dvar2": 0.00221059983596,
        "max": 0.572223544121,
        "mean": 0.181019186974,
        "median": 0.171529442072,
        "min": 0.00332523765974,
        "var": 0.00551629066467
    },
    "melbands_kurtosis": {
        "dmean": 9.55903530121,
        "dmean2": 15.5650482178,
        "dvar": 743.040771484,
        "dvar2": 2029.34460449,
        "max": 714.903137207,
        "mean": 14.3565168381,
        "median": 3.51480460167,
        "min": -1.79363870621,
        "var": 1604.05578613
    },
    "melbands_skewness": {
        "dmean": 0.861205637455,
        "dmean2": 1.33990180492,
        "dvar": 1.19684529305,
        "dvar2": 2.81692361832,
        "max": 23.8771572113,
        "mean": 2.35986661911,
        "median": 1.78018784523,
        "min": -2.48358273506,
        "var": 5.01381063461
    },
    "melbands_spread": {
        "dmean": 9.07680988312,
        "dmean2": 14.3573236465,
        "dvar": 139.656295776,
        "dvar2": 302.16506958,
        "max": 275.905334473,
        "mean": 31.8093109131,
        "median": 28.3292045593,
        "min": 0.3410795331,
        "var": 507.651306152
    },
    "pitch_salience": {
        "dmean": 0.0893866792321,
        "dmean2": 0.143201872706,
        "dvar": 0.00681103067473,
        "dvar2": 0.0160763654858,
        "max": 0.944588840008,
        "mean": 0.533701717854,
        "median": 0.540895938873,
        "min": 0.0406171754003,
        "var": 0.0182195305824
    },
    "silence_rate_20dB": {
        "dmean": 0,
        "dmean2": 0,
        "dvar": 0,
        "dvar2": 0,
        "max": 1,
        "mean": 1,
        "median": 1,
        "min": 1,
        "var": 0
    },
    "silence_rate_30dB": {
        "dmean": 0,
        "dmean2": 0,
        "dvar": 0,
        "dvar2": 0,
        "max": 1,
        "mean": 1,
        "median": 1,
        "min": 1,
        "var": 0
    },
    "silence_rate_60dB": {
        "dmean": 0.0353401489556,
        "dmean2": 0.0706892162561,
        "dvar": 0.0340928398073,
        "dvar2": 0.0762990564108,
        "max": 1,
        "mean": 0.10335689038,
        "median": 0,
        "min": 0,
        "var": 0.0926720425487
    },
    "spectral_centroid": {
        "dmean": 267.736480713,
        "dmean2": 411.530639648,
        "dvar": 117404.648438,
        "dvar2": 228047.140625,
        "max": 11569.3808594,
        "mean": 1651.77880859,
        "median": 1548.31140137,
        "min": 188.269790649,
        "var": 1084051.75
    },
    "spectral_complexity": {
        "dmean": 4.83730888367,
        "dmean2": 7.04948234558,
        "dvar": 34.425945282,
        "dvar2": 62.8497886658,
        "max": 59,
        "mean": 19.9613838196,
        "median": 19,
        "min": 0,
        "var": 147.300811768
    },
    "spectral_decrease": {
        "dmean": 2.36947861332e-09,
        "dmean2": 3.7973255651e-09,
        "dvar": 7.43562909664e-18,
        "dvar2": 1.72949867236e-17,
        "max": 1.55377347344e-28,
        "mean": -7.11098868678e-09,
        "median": -6.88033896523e-09,
        "min": -2.16863860203e-08,
        "var": 2.33826522201e-17
    },
    "spectral_energy": {
        "dmean": 0.0094927335158,
        "dmean2": 0.0151659855619,
        "dvar": 0.000120417942526,
        "dvar2": 0.000274228135822,
        "max": 0.0863283574581,
        "mean": 0.0291091911495,
        "median": 0.0281567294151,
        "min": 9.96222887105e-21,
        "var": 0.0003816067765
    },
    "spectral_energyband_high": {
        "dmean": 0.000536021136213,
        "dmean2": 0.000768515048549,
        "dvar": 8.21599996925e-07,
        "dvar2": 1.73113301116e-06,
        "max": 0.0170776154846,
        "mean": 0.000933996925596,
        "median": 0.000451423140476,
        "min": 6.95864317061e-21,
        "var": 1.83588645086e-06
    },
    "spectral_energyband_low": {
        "dmean": 0.00550863798708,
        "dmean2": 0.00907016918063,
        "dvar": 5.0420549087e-05,
        "dvar2": 0.000138671108289,
        "max": 0.0663849711418,
        "mean": 0.0111835747957,
        "median": 0.00958795659244,
        "min": 1.69316986843e-23,
        "var": 0.000114810849482
    },
    "spectral_energyband_middle_high": {
        "dmean": 0.00286632450297,
        "dmean2": 0.00436622137204,
        "dvar": 1.36932931127e-05,
        "dvar2": 2.89172821795e-05,
        "max": 0.0451102443039,
        "mean": 0.00821856223047,
        "median": 0.00590183679014,
        "min": 1.14871143179e-21,
        "var": 6.18023259449e-05
    },
    "spectral_energyband_middle_low": {
        "dmean": 0.00455185817555,
        "dmean2": 0.00735472375527,
        "dvar": 4.79987429571e-05,
        "dvar2": 0.000121524353744,
        "max": 0.0594796948135,
        "mean": 0.00834137853235,
        "median": 0.00597547087818,
        "min": 1.48403870882e-22,
        "var": 7.04858757672e-05
    },
    "spectral_entropy": {
        "dmean": 0.165172412992,
        "dmean2": 0.229180395603,
        "dvar": 0.0315998233855,
        "dvar2": 0.0577592886984,
        "max": 9.82023048401,
        "mean": 7.74013137817,
        "median": 7.73938274384,
        "min": 6.02792549133,
        "var": 0.170859798789
    },
    "spectral_flux": {
        "dmean": 0.0276295784861,
        "dmean2": 0.0439179353416,
        "dvar": 0.000900812854525,
        "dvar2": 0.00195740628988,
        "max": 0.286395788193,
        "mean": 0.0980262458324,
        "median": 0.0987996533513,
        "min": 6.36398919673e-11,
        "var": 0.00239625200629
    },
    "spectral_kurtosis": {
        "dmean": 1.34913218021,
        "dmean2": 2.12668299675,
        "dvar": 2.49145126343,
        "dvar2": 6.26200342178,
        "max": 36.1654205322,
        "mean": 4.61556005478,
        "median": 4.32766246796,
        "min": -1.4232083559,
        "var": 6.62449264526
    },
    "spectral_rms": {
        "dmean": 0.000881892687175,
        "dmean2": 0.00137029739562,
        "dvar": 9.78481011771e-07,
        "dvar2": 2.01144462153e-06,
        "max": 0.00917729735374,
        "mean": 0.00488728657365,
        "median": 0.00524118123576,
        "min": 3.1175708716e-12,
        "var": 4.51368123322e-06
    },
    "spectral_rolloff": {
        "dmean": 538.076904297,
        "dmean2": 877.667236328,
        "dvar": 1101191.125,
        "dvar2": 2242726,
        "max": 19422.9492188,
        "mean": 1872.89978027,
        "median": 1593.45703125,
        "min": 21.533203125,
        "var": 5038846.5
    },
    "spectral_skewness": {
        "dmean": 0.205665528774,
        "dmean2": 0.308297783136,
        "dvar": 0.0433388464153,
        "dvar2": 0.0941938683391,
        "max": 3.9005689621,
        "mean": 1.6504727602,
        "median": 1.66766166687,
        "min": -0.201273441315,
        "var": 0.188262268901
    },
    "spectral_spread": {
        "dmean": 690591.3125,
        "dmean2": 955554.4375,
        "dvar": 1.08464144384e+12,
        "dvar2": 2.02044355379e+12,
        "max": 43069376,
        "mean": 5191629,
        "median": 4577493,
        "min": 1217766.25,
        "var": 1.26098446746e+13
    },
    "spectral_strongpeak": {
        "dmean": 0.510293066502,
        "dmean2": 0.896084964275,
        "dvar": 0.99949067831,
        "dvar2": 2.54597640038,
        "max": 11.7829971313,
        "mean": 0.64570838213,
        "median": 0.226230472326,
        "min": 0,
        "var": 1.31099236012
    },
    "zerocrossingrate": {
        "dmean": 0.0129176676273,
        "dmean2": 0.0146849872544,
        "dvar": 0.000255853054114,
        "dvar2": 0.000284266570816,
        "max": 0.5224609375,
        "mean": 0.0710828825831,
        "median": 0.0615234375,
        "min": 0,
        "var": 0.00327119161375
    },
    "barkbands": {
        "dmean": [0.00253633456305, 0.00389473256655, 0.00127845804673, 0.00152219180018, 0.00176350201946, 0.000957635696977, 0.000661311147269, 0.000577244791202, 0.000948441738728, 0.000599950551987, 0.000736071495339, 0.000590228824876, 0.000458364462247, 0.000553484947886, 0.000680858385749, 0.000608027214184, 0.000414475100115, 0.000376812386094, 0.000177421883564, 0.000119985299534, 9.48646920733e-05, 7.91960774222e-05, 9.66899460764e-05, 0.000107613916043, 9.94611982605e-05, 6.8729823397e-05, 4.62902426079e-06],
        "dmean2": [0.00424827588722, 0.00647943885997, 0.00209097936749, 0.00260017439723, 0.00291633233428, 0.00157997244969, 0.00110970949754, 0.00092746358132, 0.00151244283188, 0.000972263747826, 0.00115314812865, 0.000964927021414, 0.000731905456632, 0.000897890306078, 0.00109770800918, 0.0009545708308, 0.000662645674311, 0.000614099379163, 0.000288450362859, 0.000191290106159, 0.000156569149112, 0.000121774479339, 0.000143954675877, 0.000157925052918, 0.000141180062201, 9.65403014561e-05, 7.13876170266e-06],
        "dvar": [1.41445234476e-05, 3.06975962303e-05, 6.33296394881e-06, 9.26112807065e-06, 9.6453977676e-06, 2.94509118248e-06, 1.76055971224e-06, 1.13963028525e-06, 2.60337151303e-06, 1.09052245989e-06, 1.6093049453e-06, 1.46645083987e-06, 6.87882391048e-07, 1.18690729778e-06, 1.40880763411e-06, 1.37441884362e-06, 8.21688388442e-07, 4.8347919801e-07, 1.33240675382e-07, 4.16122958313e-08, 2.574397584e-08, 1.71486895795e-08, 3.98041102301e-08, 5.79206513862e-08, 5.60403137229e-08, 1.91232327751e-08, 1.00556493687e-10],
        "dvar2": [4.0964296204e-05, 8.4066290583e-05, 1.57244321599e-05, 2.45664487011e-05, 2.43725935434e-05, 7.59525892136e-06, 4.60661567558e-06, 2.7205733204e-06, 6.21648950982e-06, 2.64999880528e-06, 3.50590403286e-06, 3.67207235286e-06, 1.62294406891e-06, 3.07310938297e-06, 3.5937573557e-06, 3.10562268169e-06, 1.92516131392e-06, 1.23641120808e-06, 3.30878606292e-07, 1.02665673296e-07, 6.36291446199e-08, 4.06817974863e-08, 9.22388920799e-08, 1.23777510908e-07, 9.96652502749e-08, 3.86264566998e-08, 2.34207403471e-10],
        "max": [0.0346865542233, 0.0571024380624, 0.0307505354285, 0.0377853661776, 0.0442007035017, 0.0207946114242, 0.0292917452753, 0.0180483236909, 0.0277253650129, 0.0218673925847, 0.0284619983286, 0.0273532886058, 0.0148477498442, 0.0214703306556, 0.0214165765792, 0.0245146416128, 0.0252453573048, 0.0110078454018, 0.00416381517425, 0.00408403435722, 0.00173667562194, 0.0020531823393, 0.0066351336427, 0.00629607355222, 0.00909322220832, 0.00390100502409, 0.000129034597194],
        "mean": [0.00313689280301, 0.00709609733894, 0.00148996547796, 0.00160516344476, 0.00217623286881, 0.0012693250319, 0.000795432773884, 0.000778049172368, 0.00152207026258, 0.000875054625794, 0.0012619884219, 0.000848555297125, 0.000661652651615, 0.000845474423841, 0.00113072595559, 0.00099375366699, 0.00066286168294, 0.00063943938585, 0.000273229641607, 0.000217809807509, 0.000154186389409, 0.000136593123898, 0.000148413382703, 0.000153572589625, 0.000147874248796, 8.41375804157e-05, 4.62429534309e-06],
        "median": [0.00130232656375, 0.00470556505024, 0.000568962132093, 0.000338496873155, 0.000934998563025, 0.000473447900731, 0.000262419576757, 0.000248684606049, 0.00054073962383, 0.000255373131949, 0.000408246123698, 0.000282587512629, 0.000228144897847, 0.000298770726658, 0.00036286492832, 0.000351811526343, 0.000206460099434, 0.000286888680421, 0.000124507845612, 0.000107928382931, 6.16182369413e-05, 7.0716967457e-05, 5.57303210371e-05, 4.79269729112e-05, 4.32641536463e-05, 1.73398657353e-05, 7.37657899208e-07],
        "min": [1.02992871203e-24, 3.63164542278e-24, 2.41057807999e-24, 4.92292690815e-25, 6.49282617664e-24, 6.55356728305e-24, 7.70693990776e-24, 6.05541463761e-24, 1.30124870347e-23, 1.18742230685e-23, 1.94830326239e-23, 2.20318295869e-23, 3.06425761113e-23, 1.87760886128e-23, 5.43592690191e-23, 5.97501740514e-23, 3.44770585776e-23, 1.08909593839e-22, 1.09258118897e-22, 1.75602318147e-22, 2.33968318988e-22, 2.82094135352e-22, 4.00076273311e-22, 5.13434196996e-22, 7.90867565416e-22, 1.16508348888e-21, 1.95048340257e-21],
        "var": [1.86618453881e-05, 6.02960280958e-05, 6.83240386934e-06, 9.87357543636e-06, 1.08657141027e-05, 3.90541435991e-06, 2.02065712074e-06, 1.87788850781e-06, 5.8592258938e-06, 2.43484782914e-06, 5.16369073011e-06, 2.72344709629e-06, 1.39794497045e-06, 2.21915456677e-06, 3.32636000167e-06, 2.93656989925e-06, 2.02080036615e-06, 9.38108200899e-07, 1.87778553595e-07, 8.729087142e-08, 4.29812878622e-08, 3.2087736912e-08, 6.32675494217e-08, 1.18204944499e-07, 1.49433205365e-07, 3.37055148236e-08, 1.10674719389e-10]
    },
    "erbbands": {
        "dmean": [0.185910850763, 0.716519355774, 1.41868197918, 2.93473625183, 5.94153881073, 6.65397977829, 5.57334709167, 9.63552284241, 8.15450572968, 11.0508518219, 13.6338663101, 22.0287685394, 17.1204833984, 25.5097961426, 27.0245742798, 19.2856693268, 20.0238723755, 23.3988800049, 32.5079345703, 30.6714267731, 29.8217735291, 23.9022922516, 22.2660484314, 11.3275604248, 7.30766916275, 5.10858726501, 4.37451124191, 3.52323102951, 2.72994017601, 2.79238581657, 2.7668504715, 2.47648072243, 1.70028710365, 1.19276165962, 0.708243131638, 0.361686706543, 0.113153897226, 0.0193587429821, 0.000447818369139, 2.28580156545e-05],
        "dmean2": [0.315121203661, 1.17477560043, 2.24983501434, 4.95353841782, 9.81703186035, 11.1529998779, 9.1675901413, 16.0358333588, 13.5496892929, 18.6380176544, 21.4636306763, 35.2470664978, 27.1655426025, 40.7000770569, 42.0437431335, 31.2623939514, 31.9301109314, 37.9810600281, 52.3869590759, 47.7524986267, 46.1726722717, 38.0639724731, 36.175907135, 18.1234912872, 11.7663898468, 8.07448101044, 7.12552404404, 5.75811815262, 4.23903131485, 4.26482057571, 4.10939884186, 3.67939639091, 2.48767876625, 1.72817003727, 0.993877649307, 0.527312874794, 0.158429980278, 0.0272909831256, 0.000637442921288, 3.23023741657e-05],
        "dvar": [0.0680279657245, 1.32371520996, 6.54282951355, 33.8151435852, 128.401535034, 171.490814209, 107.55619812, 328.263092041, 268.775024414, 488.687774658, 644.388305664, 1569.80578613, 807.587036133, 1765.07446289, 2671.33959961, 1202.42944336, 1293.22851562, 2221.56323242, 3614.67724609, 2909.95336914, 3650.33203125, 2913.91772461, 1746.49865723, 431.766387939, 219.507629395, 70.7311630249, 53.4786872864, 34.9867134094, 19.8146381378, 33.7028503418, 30.7486114502, 28.1144447327, 15.9332923889, 10.3407049179, 2.2878613472, 0.613258779049, 0.0504068471491, 0.00124539842363, 6.83630446474e-07, 9.8876551391e-10],
        "dvar2": [0.204380393028, 3.41931891441, 15.0280399323, 88.2891769409, 326.034912109, 433.293945312, 272.3855896, 857.822021484, 694.39642334, 1292.25695801, 1545.57897949, 3673.54052734, 1870.06835938, 4250.95996094, 5823.765625, 2925.01928711, 3071.59472656, 5562.67871094, 8789.0390625, 7065.56982422, 8044.02636719, 6855.81054688, 4495.36181641, 1046.89587402, 547.888427734, 168.964645386, 132.670578003, 87.3966217041, 47.2548370361, 83.5462417603, 69.6809234619, 61.739818573, 32.9542999268, 19.6506252289, 3.97577834129, 1.24984049797, 0.103543683887, 0.00239942292683, 1.36368942094e-06, 1.96498617377e-09],
        "max": [2.59670615196, 13.4877538681, 28.685956955, 102.045982361, 109.736938477, 242.765029907, 175.039825439, 213.700302124, 489.504516602, 327.153625488, 434.528411865, 719.793334961, 514.526550293, 629.956604004, 1218.24133301, 640.661987305, 646.025756836, 1246.38391113, 1339.36047363, 1151.9921875, 1683.45288086, 1765.79968262, 661.174682617, 370.059417725, 185.662094116, 110.344856262, 78.0325241089, 105.028343201, 65.9181060791, 211.752868652, 145.753326416, 108.87335968, 108.071678162, 122.320915222, 48.8931274414, 21.4372005463, 6.08797216415, 0.628680408001, 0.0133484005928, 0.000467287638457],
        "mean": [0.324120074511, 1.15013611317, 1.87893629074, 3.35678076744, 6.74954175949, 7.75930929184, 7.49604654312, 12.1165790558, 10.6310806274, 13.9809551239, 20.4428806305, 34.8380775452, 27.9932117462, 40.586353302, 48.5024681091, 30.0378551483, 31.1531276703, 39.6383476257, 56.4038352966, 53.9198913574, 51.2628135681, 41.301071167, 37.6653556824, 20.4459514618, 12.1431474686, 9.47385597229, 7.00407743454, 5.82133483887, 4.76083517075, 4.6256685257, 4.14044523239, 3.41295170784, 2.47257876396, 1.74673783779, 1.00181901455, 0.441623598337, 0.136729672551, 0.0231573730707, 0.000538643682376, 5.25037103216e-05],
        "median": [0.184517085552, 0.639359354973, 0.87503027916, 1.17282271385, 2.00748538971, 2.93385696411, 3.24766302109, 4.22037124634, 4.39228534698, 5.26083040237, 7.82007694244, 12.5993270874, 11.3708553314, 15.5017499924, 17.4525794983, 12.3193330765, 12.3296842575, 16.4055957794, 21.3539581299, 20.9283943176, 18.0554237366, 14.2642116547, 16.5756149292, 9.5772485733, 5.94320774078, 4.70024967194, 3.16188216209, 2.23313426971, 2.47387433052, 2.33811950684, 1.43522584438, 1.01561427116, 0.741992712021, 0.479949146509, 0.291151165962, 0.103658780456, 0.026351608336, 0.00405138079077, 0.000114490030683, 4.15942122345e-05],
        "min": [8.47969558652e-23, 8.92300083159e-22, 3.17473756828e-21, 5.6206296583e-21, 1.65512378223e-20, 2.62108688388e-20, 2.9253891829e-20, 6.77272738092e-20, 6.99036700113e-20, 1.2680674913e-19, 3.15316208873e-19, 3.15911856463e-19, 5.51577319039e-19, 7.3809413946e-19, 8.71790876578e-19, 1.09462733654e-18, 2.30345833038e-18, 2.37693078713e-18, 2.91240843141e-18, 3.52557446524e-18, 3.32586680238e-18, 2.31706028158e-18, 6.27329475221e-18, 7.43530318747e-18, 4.89749652455e-18, 7.85826545009e-18, 9.75679467559e-18, 1.04294753205e-17, 1.14799905626e-17, 1.05573731596e-17, 1.01913895792e-17, 1.07042407318e-17, 1.01122226043e-17, 8.56650493518e-18, 6.45365155861e-18, 3.98670408209e-18, 1.97937062074e-18, 1.0022363286e-18, 2.5843221307e-19, 2.70277549301e-20],
        "var": [0.132235303521, 2.08681154251, 8.77369880676, 34.5962104797, 150.160491943, 182.188995361, 141.528778076, 403.247070312, 328.827362061, 541.36151123, 1081.29382324, 3383.62890625, 2024.75402832, 4154.59082031, 8866.39355469, 2458.78710938, 2770.3515625, 4680.83056641, 8341.65429688, 6750.13623047, 8312.31054688, 7451.09375, 3306.14208984, 909.048400879, 323.832580566, 158.336135864, 87.3525009155, 62.8847389221, 38.2202033997, 48.2169799805, 52.5208282471, 50.3368644714, 36.1760101318, 24.3768672943, 5.96183681488, 1.1335568428, 0.0853484496474, 0.00210615410469, 1.0910812307e-06, 2.32722596749e-09]
    },
    "gfcc": {
        "mean": [-8.30719947815, 74.1650238037, -117.718185425, 27.0064506531, -47.8919296265, 22.6190414429, -38.688129425, 17.0997505188, -21.6212100983, 5.13623905182, -17.9133625031, 6.66008996964, -8.68456935883],
        "cov": [[23582.4023438, 105.813980103, -1627.06750488, 21.5619468689, -427.989440918, 548.537414551, -622.68927002, 457.559997559, -270.495117188, 180.369689941, -428.736450195, 191.247879028, -313.798950195], [105.813980103, 1074.88989258, 1.28340411186, 100.050262451, 145.159683228, -33.821685791, 119.629890442, -35.4658851624, 64.1225509644, -45.6588973999, 89.1726455688, -49.367061615, 69.5171737671], [-1627.06750488, 1.28340411186, 1205.41906738, 294.683105469, 188.211120605, 157.159118652, 66.7853012085, 83.3454437256, 60.6522254944, 51.9867706299, 38.1147232056, 3.42700052261, -21.3003559113], [21.5619468689, 100.050262451, 294.683105469, 492.517700195, 147.850540161, 23.6748428345, 17.3658409119, 22.3100776672, 58.2470779419, 19.7226085663, -1.70555448532, -22.1897411346, 26.6494007111], [-427.989440918, 145.159683228, 188.211120605, 147.850540161, 334.680267334, 87.2180328369, 82.1324462891, 59.7765693665, 73.6889648438, 7.14143180847, 10.4200639725, 0.228805527091, 18.4579792023], [548.537414551, -33.821685791, 157.159118652, 23.6748428345, 87.2180328369, 277.646148682, 83.7063674927, 52.458732605, 4.70633220673, 25.8335208893, 4.58699417114, 4.73749399185, -28.1135597229], [-622.68927002, 119.629890442, 66.7853012085, 17.3658409119, 82.1324462891, 83.7063674927, 214.96875, 35.7693595886, 26.4437561035, -0.800968706608, 38.4145812988, 0.857984304428, 7.63622236252], [457.559997559, -35.4658851624, 83.3454437256, 22.3100776672, 59.7765693665, 52.458732605, 35.7693595886, 187.512863159, 58.1175537109, 20.3291015625, 6.4427075386, 30.6911640167, 4.02467012405], [-270.495117188, 64.1225509644, 60.6522254944, 58.2470779419, 73.6889648438, 4.70633220673, 26.4437561035, 58.1175537109, 130.749450684, 26.9950504303, 16.1888713837, 7.64851856232, 26.5394592285], [180.369689941, -45.6588973999, 51.9867706299, 19.7226085663, 7.14143180847, 25.8335208893, -0.800968706608, 20.3291015625, 26.9950504303, 90.6931610107, 20.1194400787, 9.42870235443, -3.71574568748], [-428.736450195, 89.1726455688, 38.1147232056, -1.70555448532, 10.4200639725, 4.58699417114, 38.4145812988, 6.4427075386, 16.1888713837, 20.1194400787, 104.168388367, 25.8069190979, 12.8669099808], [191.247879028, -49.367061615, 3.42700052261, -22.1897411346, 0.228805527091, 4.73749399185, 0.857984304428, 30.6911640167, 7.64851856232, 9.42870235443, 25.8069190979, 81.8569564819, 20.0721740723], [-313.798950195, 69.5171737671, -21.3003559113, 26.6494007111, 18.4579792023, -28.1135597229, 7.63622236252, 4.02467012405, 26.5394592285, -3.71574568748, 12.8669099808, 20.0721740723, 77.6809463501]],
        "icov": [[0.000124689322547, -0.000248770811595, 0.000245983857894, -0.000214858926483, 0.000195463537239, -0.000413153116824, 0.000433555891505, -0.000441577169113, 0.000297074817354, -0.000395591458073, 0.000615801196545, -0.000648194982205, 0.000596840516664], [-0.000248770811595, 0.00182895024773, -0.000420115771703, 0.000347613880876, -0.000818696571514, 0.000997851020657, -0.0012674058089, 0.00115927355364, -0.000941857520957, 0.00158097525127, -0.00252465927042, 0.00253487098962, -0.00209533469751], [0.000245983857894, -0.000420115771703, 0.00159283145331, -0.00101089128293, 0.000124057289213, -0.00120021554176, 0.000865917361807, -0.00104718515649, 0.000532878155354, -0.000948240340222, 0.000779611349571, -0.00130437279586, 0.00163897336461], [-0.000214858926483, 0.000347613880876, -0.00101089128293, 0.00315982266329, -0.00120304978918, 0.000894657045137, -0.000490849837661, 0.000869394280016, -0.000867859809659, 0.000260551314568, -0.000716902315617, 0.00201369542629, -0.0020199874416], [0.000195463537239, -0.000818696571514, 0.000124057289213, -0.00120304978918, 0.00486934371293, -0.00163248984609, -0.000126566694234, -0.0011004593689, -0.00113119313028, -0.000125734673929, 0.00158092309721, -0.00135112390853, 0.000758324109484], [-0.000413153116824, 0.000997851020657, -0.00120021554176, 0.000894657045137, -0.00163248984609, 0.00642050337046, -0.00316656590439, 0.000712592154741, -2.01310249395e-05, 6.1694678152e-05, -0.00150690262672, 0.00183322397061, -0.000426329381298], [0.000433555891505, -0.0012674058089, 0.000865917361807, -0.000490849837661, -0.000126566694234, -0.00316656590439, 0.00787297170609, -0.00217882893048, 0.000738298462238, -0.000435461755842, 6.0626083723e-05, -0.00146104150917, 0.00160885264631], [-0.000441577169113, 0.00115927355364, -0.00104718515649, 0.000869394280016, -0.0011004593689, 0.000712592154741, -0.00217882893048, 0.00880077667534, -0.00404636515304, 0.00126368831843, -0.00145126122516, -0.000277728657238, -0.00137401546817], [0.000297074817354, -0.000941857520957, 0.000532878155354, -0.000867859809659, -0.00113119313028, -2.01310249395e-05, 0.000738298462238, -0.00404636515304, 0.012186113745, -0.00404652021825, 0.00115087558515, -0.000676611613017, -0.00148735719267], [-0.000395591458073, 0.00158097525127, -0.000948240340222, 0.000260551314568, -0.000125734673929, 6.1694678152e-05, -0.000435461755842, 0.00126368831843, -0.00404652021825, 0.0149062937126, -0.00517982151359, 0.00203144084662, -0.000904141576029], [0.000615801196545, -0.00252465927042, 0.000779611349571, -0.000716902315617, 0.00158092309721, -0.00150690262672, 6.0626083723e-05, -0.00145126122516, 0.00115087558515, -0.00517982151359, 0.0163978040218, -0.00799378659576, 0.00306332414038], [-0.000648194982205, 0.00253487098962, -0.00130437279586, 0.00201369542629, -0.00135112390853, 0.00183322397061, -0.00146104150917, -0.000277728657238, -0.000676611613017, 0.00203144084662, -0.00799378659576, 0.0202817674726, -0.00838112737983], [0.000596840516664, -0.00209533469751, 0.00163897336461, -0.0020199874416, 0.000758324109484, -0.000426329381298, 0.00160885264631, -0.00137401546817, -0.00148735719267, -0.000904141576029, 0.00306332414038, -0.00838112737983, 0.0200033541769]]
    },
    "melbands": {
        "dmean": [0.00139619084075, 0.00074042956112, 0.000610539165791, 0.000431849301094, 0.000216044820263, 0.0002017145016, 0.000130343614728, 0.000122018638649, 0.000119447642646, 0.000142659584526, 8.6708307208e-05, 0.000103675665741, 8.85630797711e-05, 7.48324673623e-05, 4.38819333795e-05, 5.10157078679e-05, 4.76103268738e-05, 5.60066182516e-05, 5.34695936949e-05, 4.58150134364e-05, 3.33494972438e-05, 2.77161925624e-05, 2.30291134358e-05, 1.65843921422e-05, 9.31188424147e-06, 6.4949526859e-06, 5.08111224917e-06, 3.39448320119e-06, 3.10993209496e-06, 2.26512111112e-06, 2.16823286792e-06, 1.62805997661e-06, 1.62725325481e-06, 1.61453692726e-06, 1.60795821103e-06, 1.794213631e-06, 1.47136017858e-06, 1.26524582811e-06, 1.07423124973e-06, 1.01286229892e-06],
        "dmean2": [0.00235388730653, 0.00116633053403, 0.00101207999978, 0.000714270456228, 0.000359002384357, 0.000334927637596, 0.000216884989641, 0.000203227507882, 0.000186696852325, 0.000227543961955, 0.000138189614518, 0.000165528355865, 0.000137821101816, 0.00012015120592, 7.01845056028e-05, 8.24275120976e-05, 7.72888379288e-05, 9.09648733796e-05, 8.56439364725e-05, 7.20747775631e-05, 5.21621441294e-05, 4.47297861683e-05, 3.70718771592e-05, 2.70675664069e-05, 1.50396499521e-05, 1.06345542008e-05, 8.30885801406e-06, 5.43479336557e-06, 5.14802604812e-06, 3.78745653506e-06, 3.55736915481e-06, 2.57814963334e-06, 2.54779456554e-06, 2.50085827247e-06, 2.42933538175e-06, 2.69772658612e-06, 2.22965923058e-06, 1.87889759218e-06, 1.59746787176e-06, 1.49077618516e-06],
        "dvar": [3.62021978617e-06, 1.42832902839e-06, 1.32799755193e-06, 5.95018434524e-07, 1.52002129994e-07, 1.38204839573e-07, 6.49607798664e-08, 5.3713971937e-08, 5.10427540235e-08, 6.34978079006e-08, 2.16444568935e-08, 2.90293495908e-08, 2.49069191938e-08, 2.37789254953e-08, 7.8840214357e-09, 9.69840030507e-09, 1.02812398595e-08, 1.21698056077e-08, 9.87362369642e-09, 7.88450993383e-09, 5.0535540197e-09, 4.64733762584e-09, 1.8956005654e-09, 9.62848911712e-10, 2.86082324497e-10, 2.23504201258e-10, 1.0789770466e-10, 3.11076060744e-11, 2.61931223239e-11, 1.50518677383e-11, 1.40969137405e-11, 7.26536842841e-12, 8.20706003157e-12, 1.39458835105e-11, 1.08186428566e-11, 1.4265691059e-11, 1.05209495629e-11, 8.74691378355e-12, 8.88385892628e-12, 7.72586248449e-12],
        "dvar2": [1.07266514533e-05, 3.1198335364e-06, 3.34920241585e-06, 1.5036515606e-06, 3.87078387121e-07, 3.60881472261e-07, 1.68401271594e-07, 1.37151943136e-07, 1.20329815445e-07, 1.46595624528e-07, 4.99280758959e-08, 7.04662426187e-08, 5.51241257085e-08, 5.95424154426e-08, 1.80248278525e-08, 2.24529994597e-08, 2.57364884959e-08, 2.98444717828e-08, 2.52574423598e-08, 1.82082544598e-08, 1.11920268608e-08, 1.09567244166e-08, 4.59215510062e-09, 2.52587795124e-09, 6.90605517217e-10, 5.70682334722e-10, 2.82474432733e-10, 7.4013253859e-11, 6.59810192594e-11, 3.71022691736e-11, 3.63292902705e-11, 1.79179952126e-11, 1.96850227091e-11, 3.55570954624e-11, 2.55791030718e-11, 3.10830527983e-11, 2.35846186331e-11, 1.90184881732e-11, 1.84055479191e-11, 1.48431891778e-11],
        "max": [0.0184137672186, 0.0151592167094, 0.0153481746092, 0.0110325654969, 0.00627183401957, 0.00414209859446, 0.00688068103045, 0.00297679193318, 0.00317279598676, 0.00408921856433, 0.00282136932947, 0.0023421687074, 0.00445178849623, 0.00356566766277, 0.00157378881704, 0.00204196595587, 0.00237332144752, 0.00220535695553, 0.00172406516504, 0.00230253883637, 0.002034899313, 0.00225087557919, 0.000961603655014, 0.000472656422062, 0.000312302872771, 0.000189283586224, 0.000239625573158, 9.00308587006e-05, 6.96920105838e-05, 5.33655329491e-05, 6.72229507472e-05, 3.530226968e-05, 5.85309499002e-05, 0.000154370834935, 9.71152912825e-05, 7.40019240766e-05, 7.94246734586e-05, 7.22071854398e-05, 0.000104125050711, 0.000119799602544],
        "mean": [0.00252933171578, 0.00115480925888, 0.000728920509573, 0.000519573222846, 0.00028449043748, 0.000258998683421, 0.000166986646946, 0.00015919317957, 0.00017733797722, 0.000223941387958, 0.000135571201099, 0.00015870644711, 0.0001568095322, 0.00011280477338, 6.20962455287e-05, 7.32444605092e-05, 7.3435723607e-05, 8.74563775142e-05, 8.63940513227e-05, 7.2011789598e-05, 5.26503645233e-05, 4.35084402852e-05, 3.65499472537e-05, 2.770235551e-05, 1.56182468345e-05, 9.1932788564e-06, 8.19226806925e-06, 5.90269337408e-06, 4.66120400233e-06, 3.57476778845e-06, 3.28189639731e-06, 2.64976506514e-06, 2.63110769083e-06, 2.54511655839e-06, 2.36477171711e-06, 2.35484276345e-06, 1.97883173314e-06, 1.75787465651e-06, 1.5842075527e-06, 1.4269771782e-06],
        "median": [0.00175381265581, 0.00063114752993, 0.000240373556153, 0.000206585769774, 0.000133156892844, 9.3189344625e-05, 6.68068605592e-05, 5.48043863091e-05, 5.76802085561e-05, 7.6450407505e-05, 4.82223185827e-05, 5.4553609516e-05, 5.6486504036e-05, 3.92650545109e-05, 1.95352113224e-05, 2.39331948251e-05, 2.49726836046e-05, 2.80649801425e-05, 2.75509773928e-05, 2.65704729827e-05, 1.65399396792e-05, 1.26975428429e-05, 1.50115320139e-05, 1.22542714962e-05, 6.81310211803e-06, 4.15669182985e-06, 3.70764655599e-06, 2.86023896479e-06, 2.13952534978e-06, 1.37164943226e-06, 1.15753050522e-06, 1.29654858938e-06, 1.30537591758e-06, 1.23672884911e-06, 8.41803625917e-07, 6.05200682458e-07, 5.88383784361e-07, 5.10853169544e-07, 4.21916240612e-07, 3.77871288038e-07],
        "min": [1.53473756858e-24, 2.03492586959e-24, 1.07666191674e-24, 1.91831368956e-24, 1.22635843009e-24, 1.71141992881e-24, 1.13146299914e-24, 1.39703292428e-24, 2.90100383287e-24, 1.90513537371e-24, 2.66593787704e-24, 2.26420336131e-24, 2.6622913675e-24, 2.46843195549e-24, 4.19728393537e-24, 3.39726262049e-24, 3.38509483546e-24, 4.33538231987e-24, 4.40245206289e-24, 3.3257066255e-24, 3.50419429392e-24, 2.11097600515e-24, 3.6312363984e-24, 5.09915784273e-24, 5.5378702134e-24, 3.63362467479e-24, 3.83046637546e-24, 5.0754158905e-24, 5.63516279542e-24, 5.06347845285e-24, 5.04288445006e-24, 6.12751967979e-24, 4.88828782859e-24, 5.51905627524e-24, 5.20848962546e-24, 5.83228138627e-24, 6.29674809333e-24, 6.21237981395e-24, 6.34626765337e-24, 6.39716101467e-24],
        "var": [7.15748728908e-06, 2.40645908889e-06, 1.5750493958e-06, 6.66335381538e-07, 1.81472927352e-07, 1.72307693447e-07, 7.88970453414e-08, 6.98145896649e-08, 9.16631819337e-08, 1.45335349089e-07, 5.38700071218e-08, 6.56312053593e-08, 8.16525940195e-08, 4.67609631016e-08, 1.58583457477e-08, 1.92614297845e-08, 2.01570280467e-08, 2.42486670743e-08, 2.18828581922e-08, 1.50835735013e-08, 1.08084199368e-08, 1.09451345764e-08, 3.68023944652e-09, 1.80796388971e-09, 5.81601489191e-10, 2.53064902367e-10, 1.73865852271e-10, 6.48560788408e-11, 4.06187236623e-11, 2.50398365237e-11, 2.21505556952e-11, 1.27309820672e-11, 1.3919984089e-11, 1.7416477982e-11, 1.72576935381e-11, 2.35015080313e-11, 1.83495961481e-11, 1.79509237336e-11, 2.00008967721e-11, 1.72009056304e-11]
    },
    "mfcc": {
        "mean": [-644.789733887, 108.869468689, -7.64397716522, 13.2787275314, 12.1132497787, 6.36354875565, 1.04176270962, 9.26010227203, 3.9964864254, 3.20844388008, -0.646664857864, -1.90407001972, 0.85685312748],
        "cov": [[11466.7587891, 336.493103027, -458.675415039, -147.226882935, 135.776123047, -31.1527328491, -89.7221832275, 120.511047363, 98.2595977783, 82.8525924683, 56.6003608704, 26.8662567139, -94.0056533813], [336.493103027, 1060.23425293, -18.9698352814, 65.8868255615, 50.1583938599, 30.2697353363, 66.4389877319, 58.0499038696, 5.31007385254, 28.4950199127, 15.7331857681, -8.21948719025, 31.3187332153], [-458.675415039, -18.9698352814, 817.842651367, 167.156555176, 169.313690186, 107.327728271, 81.1094970703, 42.1921768188, 15.8289051056, 71.3310089111, 11.631483078, 51.7894477844, 29.2157840729], [-147.226882935, 65.8868255615, 167.156555176, 437.688781738, 154.060928345, 44.6679382324, 2.60987448692, 4.59191846848, 68.4858474731, 15.8322687149, -21.3707332611, 58.9380874634, 38.425151825], [135.776123047, 50.1583938599, 169.313690186, 154.060928345, 308.675628662, 72.4924545288, 25.3365020752, 55.7375221252, 68.3749084473, 58.329875946, 10.8958845139, 26.9840679169, 27.4103126526], [-31.1527328491, 30.2697353363, 107.327728271, 44.6679382324, 72.4924545288, 229.645965576, 89.5133285522, 27.7179222107, 16.4513301849, 45.260597229, 20.4221801758, -12.1439361572, -11.7367401123], [-89.7221832275, 66.4389877319, 81.1094970703, 2.60987448692, 25.3365020752, 89.5133285522, 179.216934204, 76.8145599365, 11.1306276321, 32.3029785156, 32.9832611084, 5.31559276581, 7.80650377274], [120.511047363, 58.0499038696, 42.1921768188, 4.59191846848, 55.7375221252, 27.7179222107, 76.8145599365, 158.615966797, 55.6088256836, 37.2609596252, 24.7152385712, 8.02501964569, 21.9928684235], [98.2595977783, 5.31007385254, 15.8289051056, 68.4858474731, 68.3749084473, 16.4513301849, 11.1306276321, 55.6088256836, 128.998855591, 47.4490737915, 9.70921802521, 10.4161787033, 14.035399437], [82.8525924683, 28.4950199127, 71.3310089111, 15.8322687149, 58.329875946, 45.260597229, 32.3029785156, 37.2609596252, 47.4490737915, 110.352149963, 34.9813156128, 4.84424686432, -0.414083451033], [56.6003608704, 15.7331857681, 11.631483078, -21.3707332611, 10.8958845139, 20.4221801758, 32.9832611084, 24.7152385712, 9.70921802521, 34.9813156128, 95.9245681763, 16.8152618408, 3.05727338791], [26.8662567139, -8.21948719025, 51.7894477844, 58.9380874634, 26.9840679169, -12.1439361572, 5.31559276581, 8.02501964569, 10.4161787033, 4.84424686432, 16.8152618408, 90.5105361938, 36.0095291138], [-94.0056533813, 31.3187332153, 29.2157840729, 38.425151825, 27.4103126526, -11.7367401123, 7.80650377274, 21.9928684235, 14.035399437, -0.414083451033, 3.05727338791, 36.0095291138, 85.0578918457]],
