{
"lowlevel": {
    "average_loudness": 0.770707428455,
    "barkbands_crest": {
        "dmean": 2.40773677826,
        "dmean2": 3.83202362061,
        "dvar": 5.60999536514,
        "dvar2": 13.640838623,
        "max": 26.0815238953,
        "mean": 11.9139871597,
        "median": 11.0332803726,
        "min": 2.71739459038,
        "var": 21.4241809845
    },
    "barkbands_flatness_db": {
        "dmean": 0.0230628829449,
        "dmean2": 0.0329756699502,
        "dvar": 0.000539783912245,
        "dvar2": 0.00107466522604,
        "max": 0.553185999393,
        "mean": 0.18668654561,
        "median": 0.182078659534,
        "min": 0.0293384715915,
        "var": 0.00430161366239
    },
    "barkbands_kurtosis": {
        "dmean": 3.59824252129,
        "dmean2": 5.57806348801,
        "dvar": 82.3312759399,
        "dvar2": 208.326599121,
        "max": 353.054443359,
        "mean": 6.31865930557,
        "median": 2.73815155029,
        "min": -1.93688964844,
        "var": 175.227386475
    },
    "barkbands_skewness": {
        "dmean": 0.560462415218,
        "dmean2": 0.822263777256,
        "dvar": 0.427830964327,
        "dvar2": 0.896291017532,
        "max": 14.8990516663,
        "mean": 1.44992601871,
        "median": 1.29516935349,
        "min": -4.05586767197,
        "var": 2.38970255852
    },
    "barkbands_spread": {
        "dmean": 4.25447416306,
        "dmean2": 6.39915418625,
        "dvar": 41.8929328918,
        "dvar2": 84.8187866211,
        "max": 113.374435425,
        "mean": 16.5792598724,
        "median": 13.359960556,
        "min": 0.281994313002,
        "var": 186.326766968
    },
    "dissonance": {
        "dmean": 0.0299486313015,
        "dmean2": 0.0501023866236,
        "dvar": 0.000801392889116,
        "dvar2": 0.00214081327431,
        "max": 0.499999970198,
        "mean": 0.424216777086,
        "median": 0.433855056763,
        "min": 0.0630296841264,
        "var": 0.00255243806168
    },
    "dynamic_complexity": 4.94439888,
    "erbbands_crest": {
        "dmean": 2.82515692711,
        "dmean2": 4.47418737411,
        "dvar": 8.00908374786,
        "dvar2": 19.8187522888,
        "max": 33.6778945923,
        "mean": 12.3449020386,
        "median": 11.3412084579,
        "min": 2.57074713707,
        "var": 30.5278396606
    },
    "erbbands_flatness_db": {
        "dmean": 0.0230366997421,
        "dmean2": 0.0312869213521,
        "dvar": 0.000565797032323,
        "dvar2": 0.00102932134178,
        "max": 0.568775296211,
        "mean": 0.206987306476,
        "median": 0.204063549638,
        "min": 0.0488979183137,
        "var": 0.00483344867826
    },
    "erbbands_kurtosis": {
        "dmean": 1.79108417034,
        "dmean2": 2.78163743019,
        "dvar": 15.2044019699,
        "dvar2": 39.2133827209,
        "max": 118.383705139,
        "mean": 2.60060739517,
        "median": 1.02015066147,
        "min": -1.93233478069,
        "var": 38.0222702026
    },
    "erbbands_skewness": {
        "dmean": 0.436687022448,
        "dmean2": 0.64823782444,
        "dvar": 0.213589519262,
        "dvar2": 0.48371732235,
        "max": 9.31717300415,
        "mean": 0.702575683594,
        "median": 0.651936650276,
        "min": -5.34911155701,
        "var": 1.41808664799
    },
    "erbbands_spread": {
        "dmean": 7.26532840729,
        "dmean2": 10.4561128616,
        "dvar": 95.6517410278,
        "dvar2": 186.582839966,
        "max": 138.490234375,
        "mean": 28.7806758881,
        "median": 23.6959285736,
        "min": 0.875487923622,
        "var": 420.065734863
    },
    "hfc": {
        "dmean": 3.93432116508,
        "dmean2": 5.49099731445,
        "dvar": 38.1430854797,
        "dvar2": 75.1925582886,
        "max": 133.696411133,
        "mean": 15.8363246918,
        "median": 9.80947399139,
        "min": 1.11657047777e-16,
        "var": 321.139678955
    },
    "melbands_crest": {
        "dmean": 3.11016082764,
        "dmean2": 4.99350166321,
        "dvar": 9.08917999268,
        "dvar2": 21.9598808289,
        "max": 38.2950210571,
        "mean": 15.7180271149,
        "median": 14.6878595352,
        "min": 1.70634996891,
        "var": 39.8402061462
    },
    "melbands_flatness_db": {
        "dmean": 0.0243857782334,
        "dmean2": 0.035052690655,
        "dvar": 0.000673661765177,
        "dvar2": 0.00130559538957,
        "max": 0.666373550892,
        "mean": 0.247106000781,
        "median": 0.242599457502,
        "min": 0.00387126998976,
        "var": 0.00602182094008
    },
    "melbands_kurtosis": {
        "dmean": 6.50505638123,
        "dmean2": 10.1329641342,
        "dvar": 187.129364014,
        "dvar2": 447.76184082,
        "max": 323.554199219,
        "mean": 12.1860141754,
        "median": 5.42304801941,
        "min": -1.90349197388,
        "var": 419.92868042
    },
    "melbands_skewness": {
        "dmean": 0.68900758028,
        "dmean2": 1.02355980873,
        "dvar": 0.703545808792,
        "dvar2": 1.5253893137,
        "max": 13.7484836578,
        "mean": 2.06751656532,
        "median": 1.76072967052,
        "min": -2.81806111336,
        "var": 3.41233730316
    },
    "melbands_spread": {
        "dmean": 5.53953695297,
        "dmean2": 8.26828956604,
        "dvar": 106.528862,
        "dvar2": 190.54447937,
        "max": 269.381408691,
        "mean": 21.0054626465,
        "median": 15.4883747101,
        "min": 0.636780977249,
        "var": 496.264007568
    },
    "pitch_salience": {
        "dmean": 0.0665954649448,
        "dmean2": 0.106313578784,
        "dvar": 0.00462432019413,
        "dvar2": 0.0114608025178,
        "max": 0.850754439831,
        "mean": 0.503614604473,
        "median": 0.505636036396,
        "min": 0.0823305025697,
        "var": 0.0160384178162
    },
    "silence_rate_20dB": {
        "dmean": 0,
        "dmean2": 0,
        "dvar": 0,
        "dvar2": 0,
        "max": 1,
        "mean": 1,
        "median": 1,
        "min": 1,
        "var": 0
    },
    "silence_rate_30dB": {
        "dmean": 0.000790826394223,
        "dmean2": 0.00158180925064,
        "dvar": 0.000790183490608,
        "dvar2": 0.00237006181851,
        "max": 1,
        "mean": 0.999604642391,
        "median": 1,
        "min": 0,
        "var": 0.00039522969746
    },
    "silence_rate_60dB": {
        "dmean": 0.0268880985677,
        "dmean2": 0.0537815131247,
        "dvar": 0.0261631067842,
        "dvar2": 0.0572184026241,
        "max": 1,
        "mean": 0.138974010944,
        "median": 0,
        "min": 0,
        "var": 0.119648136199
    },
    "spectral_centroid": {
        "dmean": 178.477645874,
        "dmean2": 266.965637207,
        "dvar": 74712.34375,
        "dvar2": 135839.3125,
        "max": 11673.5429688,
        "mean": 1106.32067871,
        "median": 984.681274414,
        "min": 200.945404053,
        "var": 746219.875
    },
    "spectral_complexity": {
        "dmean": 1.90490317345,
        "dmean2": 3.01295113564,
        "dvar": 6.02665662766,
        "dvar2": 13.1623620987,
        "max": 44,
        "mean": 10.8784227371,
        "median": 11,
        "min": 0,
        "var": 31.1599884033
    },
    "spectral_decrease": {
        "dmean": 1.68911595821e-09,
        "dmean2": 2.60411248121e-09,
        "dvar": 7.29338463696e-18,
        "dvar2": 1.68911372962e-17,
        "max": 1.13709527996e-28,
        "mean": -5.91961413221e-09,
        "median": -4.31562652281e-09,
        "min": -3.54147822179e-08,
        "var": 2.98235734691e-17
    },
    "spectral_energy": {
        "dmean": 0.00664722593501,
        "dmean2": 0.0102073121816,
        "dvar": 0.000111144159746,
        "dvar2": 0.000256505212747,
        "max": 0.137937307358,
        "mean": 0.0237783826888,
        "median": 0.017373662442,
        "min": 1.00417149502e-20,
        "var": 0.000475874490803
    },
    "spectral_energyband_high": {
        "dmean": 0.000143296667375,
        "dmean2": 0.000190830163774,
        "dvar": 8.53973176618e-08,
        "dvar2": 1.37339810635e-07,
        "max": 0.00687032565475,
        "mean": 0.000319052720442,
        "median": 9.72236666712e-05,
        "min": 7.08902993805e-21,
        "var": 4.31044298921e-07
    },
    "spectral_energyband_low": {
        "dmean": 0.00284136971459,
        "dmean2": 0.00449789315462,
        "dvar": 4.30366126238e-05,
        "dvar2": 9.29277448449e-05,
        "max": 0.101312853396,
        "mean": 0.006165091414,
        "median": 0.0014499676181,
        "min": 1.30183853477e-23,
        "var": 0.000110791610496
    },
    "spectral_energyband_middle_high": {
        "dmean": 0.0017186710611,
        "dmean2": 0.0022459179163,
        "dvar": 1.37511115099e-05,
        "dvar2": 2.29667894018e-05,
        "max": 0.0979766175151,
        "mean": 0.00636351015419,
        "median": 0.00172540650237,
        "min": 1.07184230083e-21,
        "var": 0.0001454812882
    },
    "spectral_energyband_middle_low": {
        "dmean": 0.00382113433443,
        "dmean2": 0.00611105933785,
        "dvar": 5.10231911903e-05,
        "dvar2": 0.000138649222208,
        "max": 0.121875032783,
        "mean": 0.0104409568012,
        "median": 0.00675702514127,
        "min": 1.41323610755e-22,
        "var": 0.000135475813295
    },
    "spectral_entropy": {
        "dmean": 0.223410844803,
        "dmean2": 0.306040674448,
        "dvar": 0.0610406845808,
        "dvar2": 0.10956697166,
        "max": 9.82455348969,
        "mean": 6.97463655472,
        "median": 6.94799947739,
        "min": 3.99357151985,
        "var": 0.514717698097
    },
    "spectral_flux": {
        "dmean": 0.0208934769034,
        "dmean2": 0.0332007706165,
        "dvar": 0.000805179821327,
        "dvar2": 0.00176002271473,
        "max": 0.340993911028,
        "mean": 0.0580927468836,
        "median": 0.0484186261892,
        "min": 6.44310368947e-11,
        "var": 0.00189655157737
    },
    "spectral_kurtosis": {
        "dmean": 3.25586485863,
        "dmean2": 5.18815517426,
        "dvar": 42.5182304382,
        "dvar2": 110.555435181,
        "max": 343.352783203,
        "mean": 9.22191524506,
        "median": 6.25651550293,
        "min": -1.44982361794,
        "var": 346.30279541
    },
    "spectral_rms": {
        "dmean": 0.000631689908914,
        "dmean2": 0.000950047164224,
        "dvar": 7.02904856098e-07,
        "dvar2": 1.49631466684e-06,
        "max": 0.0116005595773,
        "mean": 0.0042417771183,
        "median": 0.00411702739075,
        "min": 3.12998325175e-12,
        "var": 5.20577259522e-06
    },
    "spectral_rolloff": {
        "dmean": 322.940948486,
        "dmean2": 544.29498291,
        "dvar": 846552.1875,
        "dvar2": 1680253,
        "max": 19509.0820312,
        "mean": 1361.4362793,
        "median": 861.328125,
        "min": 21.533203125,
        "var": 3997876.5
    },
    "spectral_skewness": {
        "dmean": 0.331578820944,
        "dmean2": 0.505887925625,
        "dvar": 0.145851582289,
        "dvar2": 0.329331547022,
        "max": 16.0109195709,
        "mean": 2.10178136826,
        "median": 1.97982025146,
        "min": -0.152157112956,
        "var": 1.45231127739
    },
    "spectral_spread": {
        "dmean": 731810.1875,
        "dmean2": 996870.625,
        "dvar": 1.0641990615e+12,
        "dvar2": 1.79256374067e+12,
        "max": 42716684,
        "mean": 4575915,
        "median": 3892043.5,
        "min": 385289.0625,
        "var": 1.06234380288e+13
    },
    "spectral_strongpeak": {
        "dmean": 0.548637449741,
        "dmean2": 0.904732406139,
        "dvar": 0.960398435593,
        "dvar2": 2.27443480492,
        "max": 14.6310625076,
        "mean": 1.45759510994,
        "median": 0.68043422699,
        "min": 0,
        "var": 4.38488435745
    },
    "zerocrossingrate": {
        "dmean": 0.00896084867418,
        "dmean2": 0.00994433183223,
        "dvar": 0.000228075659834,
        "dvar2": 0.000205239572097,
        "max": 0.51806640625,
        "mean": 0.0534888282418,
        "median": 0.0419921875,
        "min": 0.00146484375,
        "var": 0.00280061317608
    },
    "barkbands": {
        "dmean": [0.00103872118052, 0.00202819774859, 0.000578179373406, 0.000419620744651, 0.0012213656446, 0.00142652844079, 0.000719799951185, 0.000302378262859, 0.000923812796827, 0.000395425187889, 0.000483302923385, 0.0007099454524, 0.000297332328046, 0.000300664105453, 0.000163483680808, 0.000187467841897, 4.40611547674e-05, 4.97683104186e-05, 6.87387291691e-05, 5.75882804696e-05, 1.70395196619e-05, 2.09431073017e-05, 3.97906478611e-05, 3.97816656914e-05, 2.49132426688e-05, 1.61942825798e-05, 1.91131402971e-06],
        "dmean2": [0.0017081212718, 0.00319107319228, 0.00104449351784, 0.000746093632188, 0.00203359429725, 0.00237589189783, 0.00110097194556, 0.000482015137095, 0.001344707096, 0.00057679915335, 0.000641082704533, 0.000931719085202, 0.00046710963943, 0.000442829157691, 0.000251369376201, 0.000277290673694, 6.93839756423e-05, 7.92303326307e-05, 0.000105326704215, 8.62625965965e-05, 2.55837458099e-05, 3.0767518183e-05, 5.64430192753e-05, 5.50191289221e-05, 3.29945542035e-05, 2.59262233158e-05, 3.16772093356e-06],
        "dvar": [1.15834809549e-05, 2.66889437626e-05, 4.16284137827e-06, 1.66102449839e-06, 1.08342683234e-05, 1.80659044418e-05, 6.70794770485e-06, 2.55971121987e-06, 6.27141798759e-06, 2.04963635042e-06, 2.50295397564e-06, 4.19295793108e-06, 2.01727630156e-06, 1.14884369395e-06, 1.92100486629e-07, 2.36781147578e-07, 1.52691299604e-08, 1.23294023879e-08, 2.7372538014e-08, 1.78284604857e-08, 1.77689374325e-09, 4.59549998055e-09, 7.15205938917e-09, 1.55903716603e-08, 7.39924121973e-09, 1.69859792898e-09, 3.21035004136e-11],
        "dvar2": [2.99104322039e-05, 5.77197606617e-05, 1.16860119306e-05, 4.64707045467e-06, 2.71624285233e-05, 5.63415269426e-05, 1.68260121427e-05, 7.06781656845e-06, 1.37799261211e-05, 4.46688318334e-06, 3.96556879423e-06, 6.35483684164e-06, 5.38372796655e-06, 2.31338617596e-06, 4.41978443178e-07, 4.79322011415e-07, 3.88365002379e-08, 3.09817984601e-08, 5.72427936163e-08, 3.68486716695e-08, 3.64817842602e-09, 1.04605080153e-08, 1.39203564231e-08, 2.81417058545e-08, 1.11753424292e-08, 4.28106172734e-09, 8.47045003582e-11],
        "max": [0.0650805234909, 0.0789938494563, 0.0312064737082, 0.0263522975147, 0.0658973306417, 0.115008294582, 0.0798372253776, 0.054468434304, 0.0617580115795, 0.049954097718, 0.0719043910503, 0.0773228183389, 0.0394433476031, 0.0467683374882, 0.014090965502, 0.0239868760109, 0.00308320624754, 0.0023400944192, 0.0041270009242, 0.00457159848884, 0.0010145411361, 0.00299896881916, 0.00247111916542, 0.00312057556584, 0.00280020362698, 0.000376460229745, 5.86609858146e-05],
        "mean": [0.00273788371123, 0.00333289732225, 0.000624551379588, 0.000469851016533, 0.00214123330079, 0.00337679428048, 0.00163927965332, 0.000524473027326, 0.00218713120557, 0.000838617386762, 0.00122702785302, 0.00199852697551, 0.000515164399985, 0.000847130606417, 0.000317731901305, 0.000295972189633, 6.81677556713e-05, 8.21298817755e-05, 0.000139130759635, 0.000137529073982, 3.00661722576e-05, 3.38682802976e-05, 6.77143543726e-05, 7.90370540926e-05, 4.83016301587e-05, 1.66909467225e-05, 1.5048512978e-06],
        "median": [2.27125165111e-05, 0.000862093933392, 0.000139633164508, 0.000144501856994, 0.000569501658902, 0.000893428397831, 0.000272596109426, 0.00010190505418, 0.00024592113914, 8.63423483679e-05, 6.52088128845e-05, 0.00017449913139, 8.59445644892e-05, 7.04695121385e-05, 4.77721296193e-05, 8.33665908431e-05, 1.7807506083e-05, 2.66405149887e-05, 3.63798026228e-05, 2.84245506919e-05, 9.69331540546e-06, 5.8338891904e-06, 1.15940511023e-05, 1.20526874525e-05, 7.43754981158e-06, 1.89696481812e-06, 5.86517359125e-08],
        "min": [1.56503396886e-24, 3.54727714339e-24, 1.42762672512e-24, 1.14192388639e-24, 4.47108927253e-24, 1.0488279655e-23, 8.29571571071e-24, 1.05635969388e-23, 2.22106627764e-23, 1.51385089839e-23, 1.41898027712e-23, 3.95350485307e-23, 2.08307352162e-23, 2.82239632857e-23, 4.18985893987e-23, 6.72167677629e-23, 5.36037737747e-23, 7.72578500593e-23, 1.33864773124e-22, 1.68231378553e-22, 2.47605969613e-22, 3.53679589565e-22, 4.39785738988e-22, 5.19876502154e-22, 8.85615187496e-22, 1.38868377744e-21, 1.92701578776e-21],
        "var": [4.28423081758e-05, 4.54004621133e-05, 3.74417641069e-06, 1.59872604399e-06, 1.7732661945e-05, 5.12840088049e-05, 2.20502770389e-05, 2.90434127237e-06, 2.65387043328e-05, 6.45078898742e-06, 2.38957127294e-05, 3.43897118e-05, 3.97707935917e-06, 1.22484752865e-05, 7.93842048097e-07, 4.59754744497e-07, 2.26926228919e-08, 2.42506743575e-08, 9.14601301361e-08, 1.00194306185e-07, 4.12610390299e-09, 1.04331201456e-08, 2.6475925452e-08, 6.35485406519e-08, 2.85650276766e-08, 1.7861799817e-09, 2.42250160903e-11]
    },
    "erbbands": {
        "dmean": [0.086105003953, 0.370600491762, 0.667113423347, 1.04626977444, 2.71063947678, 4.57419633865, 6.54897022247, 15.0001573563, 9.77241897583, 10.8224525452, 6.23605298996, 14.3085813522, 22.7214584351, 17.8285236359, 18.6563949585, 19.3075389862, 12.603143692, 13.1181554794, 12.112165451, 6.28607606888, 11.5814647675, 3.05883359909, 2.57880783081, 3.59008169174, 3.380671978, 2.03179883957, 0.901581764221, 0.614320218563, 0.722105383873, 0.911269128323, 1.28047716618, 0.964130520821, 0.613306701183, 0.37202039361, 0.128447264433, 0.0584263987839, 0.030920188874, 0.00785447005183, 0.000170871513546, 1.05812669062e-05],
        "dmean2": [0.141114220023, 0.562587559223, 1.1394084692, 1.85326039791, 4.7403512001, 7.5591750145, 10.0517930984, 25.2558708191, 14.8447265625, 17.1017475128, 9.48978614807, 21.2550621033, 33.054561615, 23.2280635834, 25.1497936249, 25.6190242767, 18.7413921356, 19.9583702087, 18.0162887573, 9.52287197113, 16.9394245148, 4.72107362747, 4.03876590729, 5.52390003204, 5.05987691879, 3.07519888878, 1.34021162987, 0.939333677292, 1.06312036514, 1.3273332119, 1.83103513718, 1.39018821716, 0.846062541008, 0.50775551796, 0.172741338611, 0.0911961197853, 0.0496007502079, 0.012635525316, 0.000274245103355, 1.59504616022e-05],
        "dvar": [0.0328422300518, 1.46946799755, 5.55591869354, 11.5146198273, 57.6217269897, 182.127044678, 288.383178711, 2505.47241211, 694.804992676, 2852.51953125, 437.251098633, 1252.6673584, 4223.64160156, 3168.72192383, 2430.16674805, 3105.63476562, 2496.77685547, 2915.9543457, 1841.19055176, 178.550247192, 1049.80358887, 58.589225769, 32.117351532, 88.1184463501, 56.2307662964, 20.482717514, 3.44560933113, 3.15084385872, 5.2837767601, 5.50784492493, 7.94802188873, 9.61648750305, 3.32464194298, 1.69751811028, 0.204769715667, 0.0204418171197, 0.00653713243082, 0.000474643922644, 2.21234699893e-07, 3.06838915387e-10],
        "dvar2": [0.085977114737, 3.04359054565, 14.8670196533, 31.4803295135, 152.525314331, 453.124969482, 694.49609375, 8243.73144531, 1568.74279785, 7678.34716797, 1159.57067871, 2785.4597168, 9913.72851562, 4312.92041016, 4850.03320312, 4818.94335938, 6125.72460938, 7097.06396484, 3602.86157227, 400.23928833, 2102.34106445, 145.738845825, 80.8008346558, 189.843826294, 120.178474426, 45.0499382019, 6.67779588699, 7.3626499176, 11.706454277, 12.5342273712, 16.0921707153, 18.6502857208, 6.09332799911, 2.8850774765, 0.313935905695, 0.0474674105644, 0.0164035763592, 0.00120422360487, 5.6209955801e-07, 6.98821889245e-10],
        "max": [2.34752464294, 20.6573181152, 43.653755188, 54.0484466553, 131.988693237, 243.707305908, 554.146606445, 1409.74499512, 1215.05322266, 1868.84350586, 772.428833008, 744.606872559, 1854.859375, 2850.08740234, 1584.54760742, 2024.36279297, 1460.91638184, 1971.93322754, 1865.11462402, 325.238464355, 1635.86743164, 189.040634155, 137.763946533, 263.15536499, 229.276443481, 127.845977783, 38.4316825867, 41.0124206543, 95.7511062622, 96.5236206055, 75.0736465454, 85.7866287231, 41.7796134949, 38.8963508606, 18.5620384216, 2.54721212387, 0.754720568657, 0.207223057747, 0.00442963885143, 0.000192857318325],
        "mean": [0.16549526155, 0.508004307747, 0.778800070286, 1.278621912, 2.96637320518, 7.91753292084, 16.2025928497, 32.9501228333, 24.5597839355, 20.2303352356, 12.4930782318, 33.1957626343, 53.8583030701, 49.6304016113, 51.06590271, 55.0188903809, 27.9142971039, 27.573884964, 37.739692688, 12.6433010101, 18.314365387, 5.13887834549, 4.53337669373, 7.24205255508, 7.95660591125, 4.83305120468, 1.7909604311, 0.999464273453, 1.16916227341, 1.52727329731, 2.08679294586, 1.81066536903, 1.19524097443, 0.708325982094, 0.234865531325, 0.0758424326777, 0.0299229007214, 0.00678013358265, 0.000160639407113, 3.24315296893e-05],
        "median": [0.0303709525615, 0.136771783233, 0.18567083776, 0.412799566984, 0.997546672821, 1.74956381321, 4.3499341011, 7.36095237732, 6.67533874512, 4.45957612991, 4.07261705399, 5.66352415085, 6.31470727921, 4.90798187256, 7.11146688461, 6.37589168549, 5.08032941818, 4.28330373764, 3.77735137939, 3.94104552269, 5.38299179077, 2.1214363575, 1.66130185127, 2.05507850647, 1.88291013241, 1.27766609192, 0.754354834557, 0.219993308187, 0.212218642235, 0.264757484198, 0.349452227354, 0.233588203788, 0.199808806181, 0.11224155128, 0.030906021595, 0.00934170559049, 0.0032542955596, 0.00043902816833, 2.56638304563e-05, 2.42443584284e-05],
        "min": [1.70658684626e-22, 6.18840554218e-22, 2.13615818705e-21, 4.81567871691e-21, 1.84463441486e-20, 1.225766638e-20, 5.85859909999e-20, 8.37559079678e-20, 9.44286769071e-20, 1.81883975681e-19, 2.96382199748e-19, 4.63610486604e-19, 3.06760266207e-19, 5.50731785357e-19, 1.06612134846e-18, 1.74914102726e-18, 1.64244103549e-18, 1.46215505643e-18, 2.75205078427e-18, 2.94267951952e-18, 4.2453733858e-18, 4.05989426346e-18, 3.99273546953e-18, 6.00996428575e-18, 7.9681423324e-18, 7.90922639327e-18, 9.0135265731e-18, 9.90074395451e-18, 1.22789883045e-17, 1.19900772775e-17, 1.33859032022e-17, 1.07282430316e-17, 1.0521432162e-17, 8.29066749786e-18, 6.60481964273e-18, 4.12815651633e-18, 2.3856486504e-18, 1.02704895524e-18, 2.3479110682e-19, 2.75733322429e-20],
        "var": [0.0939025878906, 2.07212924957, 5.53727960587, 14.6388444901, 47.0688018799, 319.009796143, 1343.20458984, 5049.30810547, 3297.35205078, 4361.55615234, 769.133850098, 4832.17236328, 13823.4082031, 35661.3398438, 15423.7880859, 25662.7402344, 9317.81835938, 6390.21972656, 20496.0195312, 582.53717041, 2008.60949707, 91.0470046997, 68.511100769, 307.48739624, 273.152008057, 85.3908920288, 9.61720752716, 6.23356866837, 12.7113981247, 15.1448087692, 26.3158473969, 36.7458992004, 12.389632225, 5.93618249893, 0.74634706974, 0.0430637784302, 0.00614527566358, 0.000397530238843, 1.87464678447e-07, 9.07247332815e-10]
    },
    "gfcc": {
        "mean": [-70.0503387451, 106.141418457, -120.187950134, 11.9209547043, -61.5716934204, 10.4995975494, -40.997882843, 6.71412134171, -21.8118152618, 0.255277812481, -2.09150052071, 1.96772241592, -3.34228157997],
        "cov": [[18310.2832031, -1366.3302002, -55.5079460144, 251.297180176, -180.962677002, 1227.9810791, 46.3993415833, 1068.93127441, -340.103118896, 660.161865234, -88.022819519, 197.451705933, -135.359725952], [-1366.3302002, 1819.35998535, -252.421539307, -84.8309173584, 245.321685791, -396.727355957, 165.652420044, -243.129348755, 169.504577637, -209.572341919, 144.730606079, -116.376319885, 96.875793457], [-55.5079460144, -252.421539307, 1397.45129395, 279.541625977, -60.5888633728, 194.335205078, -96.8400039673, 120.216201782, 130.173431396, 83.0105895996, -104.990402222, 147.2605896, -107.882743835], [251.297180176, -84.8309173584, 279.541625977, 635.692077637, 110.285621643, 101.161468506, -58.2432289124, -36.0291862488, 145.610733032, -69.6887435913, -119.903739929, 76.2916870117, -53.4568061829], [-180.962677002, 245.321685791, -60.5888633728, 110.285621643, 565.296630859, 108.44770813, 147.553756714, 35.9203605652, 63.9561271667, 21.879535675, -31.2466583252, 2.94849419594, -12.5654363632], [1227.9810791, -396.727355957, 194.335205078, 101.161468506, 108.44770813, 475.826507568, 78.1868591309, 119.784324646, -9.968334198, 96.0503616333, -52.68019104, 14.2679052353, -38.4368476868], [46.3993415833, 165.652420044, -96.8400039673, -58.2432289124, 147.553756714, 78.1868591309, 285.325317383, 82.6956787109, -2.35680317879, 59.2243537903, 53.8623542786, -28.6783351898, 12.6892786026], [1068.93127441, -243.129348755, 120.216201782, -36.0291862488, 35.9203605652, 119.784324646, 82.6956787109, 303.972564697, 4.07395982742, 103.615371704, 24.5825462341, 21.4311904907, 10.4109363556], [-340.103118896, 169.504577637, 130.173431396, 145.610733032, 63.9561271667, -9.968334198, -2.35680317879, 4.07395982742, 233.730728149, -8.51373100281, -34.5753479004, 30.3938808441, -12.7188625336], [660.161865234, -209.572341919, 83.0105895996, -69.6887435913, 21.879535675, 96.0503616333, 59.2243537903, 103.615371704, -8.51373100281, 211.238876343, 44.7099571228, 2.63888955116, -19.5904350281], [-88.022819519, 144.730606079, -104.990402222, -119.903739929, -31.2466583252, -52.68019104, 53.8623542786, 24.5825462341, -34.5753479004, 44.7099571228, 194.59803772, -1.07116878033, 46.3361968994], [197.451705933, -116.376319885, 147.2605896, 76.2916870117, 2.94849419594, 14.2679052353, -28.6783351898, 21.4311904907, 30.3938808441, 2.63888955116, -1.07116878033, 142.863861084, 14.2650270462], [-135.359725952, 96.875793457, -107.882743835, -53.4568061829, -12.5654363632, -38.4368476868, 12.6892786026, 10.4109363556, -12.7188625336, -19.5904350281, 46.3361968994, 14.2650270462, 141.395980835]],
        "icov": [[0.000133375200676, -0.000263393303612, 0.000209332545637, -0.00018069302314, 0.000244243565248, -0.000398732256144, 0.000310006143991, -0.000582299544476, 0.000406851177104, -0.000484535994474, 0.000300297746435, -0.000433403678471, 0.000242694179178], [-0.000263393303612, 0.00202343147248, -0.000746526871808, 0.000633776537143, -0.0012058110442, 0.00168713892344, -0.00158879254013, 0.00211050268263, -0.00200436054729, 0.00226996652782, -0.00179852975998, 0.00214735139161, -0.00112284347415], [0.000209332545637, -0.000746526871808, 0.00145359989256, -0.000563009642065, 0.000782170565799, -0.00107011781074, 0.000957375566941, -0.00143885577563, 0.000551131204702, -0.00136541505344, 0.000972787907813, -0.00179385568481, 0.00112930941395], [-0.00018069302314, 0.000633776537143, -0.000563009642065, 0.00273770373315, -0.000815440609585, 0.000173704800545, -0.000324474327499, 0.00124115217477, -0.00185200339183, 0.00174201966729, -5.08799712406e-05, -6.30804061075e-06, 2.82126734419e-06], [0.000244243565248, -0.0012058110442, 0.000782170565799, -0.000815440609585, 0.00311596388929, -0.00145078275818, -0.000185802506167, -0.00147367327008, 0.000847688352223, -0.00162519898731, 0.00158340774942, -0.00165005505551, 0.000854824203998], [-0.000398732256144, 0.00168713892344, -0.00107011781074, 0.000173704800545, -0.00145078275818, 0.00471909623593, -0.0021209390834, 0.00163851468824, -0.00116222014185, 0.00117827311624, -0.000710702384822, 0.0021417546086, -0.000989312073216], [0.000310006143991, -0.00158879254013, 0.000957375566941, -0.000324474327499, -0.000185802506167, -0.0021209390834, 0.00647628866136, -0.00288501707837, 0.00146106933244, -0.00233384384774, 0.000189302867511, -0.000941168982536, 0.000872249423992], [-0.000582299544476, 0.00211050268263, -0.00143885577563, 0.00124115217477, -0.00147367327008, 0.00163851468824, -0.00288501707837, 0.00769009999931, -0.00270627322607, 0.00143110728823, -0.00208089617081, 0.00223310501315, -0.00221339915879], [0.000406851177104, -0.00200436054729, 0.000551131204702, -0.00185200339183, 0.000847688352223, -0.00116222014185, 0.00146106933244, -0.00270627322607, 0.00759348226711, -0.00277138408273, 0.0022937124595, -0.00263562891632, 0.00112392369192], [-0.000484535994474, 0.00226996652782, -0.00136541505344, 0.00174201966729, -0.00162519898731, 0.00117827311624, -0.00233384384774, 0.00143110728823, -0.00277138408273, 0.0098495753482, -0.00378111330792, 0.00261108623818, -3.13034724968e-05], [0.000300297746435, -0.00179852975998, 0.000972787907813, -5.08799712406e-05, 0.00158340774942, -0.000710702384822, 0.000189302867511, -0.00208089617081, 0.0022937124595, -0.00378111330792, 0.00877957697958, -0.00276064220816, -0.000589701638091], [-0.000433403678471, 0.00214735139161, -0.00179385568481, -6.30804061075e-06, -0.00165005505551, 0.0021417546086, -0.000941168982536, 0.00223310501315, -0.00263562891632, 0.00261108623818, -0.00276064220816, 0.0112890247256, -0.00301113841124], [0.000242694179178, -0.00112284347415, 0.00112930941395, 2.82126734419e-06, 0.000854824203998, -0.000989312073216, 0.000872249423992, -0.00221339915879, 0.00112392369192, -3.13034724968e-05, -0.000589701638091, -0.00301113841124, 0.00942220538855]]
    },
    "melbands": {
        "dmean": [0.000684854690917, 0.000374387367629, 0.000219221590669, 0.000266035291133, 0.000221870970563, 0.000310218019877, 0.000153769549797, 0.000109331165731, 4.93945663038e-05, 0.000116897703265, 0.000117355331895, 7.18723822501e-05, 5.85130110267e-05, 8.23318550829e-05, 3.61667589459e-05, 3.36974881066e-05, 2.36965370277e-05, 2.3065978894e-05, 1.36809230753e-05, 7.02113220541e-06, 1.48343178807e-05, 2.97346764455e-06, 2.03785248232e-06, 2.61374316324e-06, 3.2125517464e-06, 2.48765968536e-06, 2.87443981506e-06, 1.31774106649e-06, 6.95374978932e-07, 3.85799694413e-07, 3.64953052667e-07, 4.30862002077e-07, 4.55637518826e-07, 5.63589537705e-07, 7.85223335242e-07, 6.74413456636e-07, 6.1244651306e-07, 4.47296798711e-07, 4.40346184405e-07, 2.93838638754e-07],
        "dmean2": [0.00109512219205, 0.000591810094193, 0.000387407315429, 0.000452159205452, 0.000344404834323, 0.000519716762938, 0.000235028652241, 0.000173397696926, 7.43784039514e-05, 0.000172156025656, 0.000170466591953, 9.45692227106e-05, 7.95384912635e-05, 0.000107952255348, 4.90665224788e-05, 5.30057695869e-05, 3.60859048669e-05, 3.42271778209e-05, 2.08338315133e-05, 1.08542717498e-05, 2.16181342694e-05, 4.76058858112e-06, 3.2141090287e-06, 4.13703310187e-06, 4.96324400956e-06, 3.84361737815e-06, 4.35965603174e-06, 2.03005697585e-06, 1.05729645838e-06, 5.76301601996e-07, 5.64332140129e-07, 6.52413120861e-07, 6.95175401688e-07, 8.38762844069e-07, 1.1356480627e-06, 1.00113084045e-06, 9.03960028609e-07, 6.46037108254e-07, 6.16356203409e-07, 4.08423744602e-07],
        "dvar": [2.3244770091e-06, 1.59452974913e-06, 4.11437838466e-07, 6.33349202417e-07, 2.79096838085e-07, 9.68935182755e-07, 1.77937465651e-07, 2.90268388881e-07, 2.03876453497e-08, 9.52909573471e-08, 1.12302103616e-07, 4.98147691985e-08, 2.45879228089e-08, 6.30336671748e-08, 3.36359420317e-08, 2.79907865774e-08, 8.67918270586e-09, 9.11960906791e-09, 1.34447741829e-09, 2.71658778805e-10, 1.85591653157e-09, 8.48578152191e-11, 2.3739218924e-11, 3.24853997868e-11, 7.89703788473e-11, 3.22176244016e-11, 5.60077886846e-11, 1.05196493877e-11, 1.9599632247e-12, 1.24297620807e-12, 1.11894141955e-12, 2.16235081056e-12, 1.93955507037e-12, 1.81795832728e-12, 3.0558262084e-12, 3.27214947846e-12, 4.77904261303e-12, 1.90118689021e-12, 2.10968569003e-12, 1.19827726301e-12],
        "dvar2": [5.44004069525e-06, 3.67842972082e-06, 1.13308908567e-06, 1.58701652708e-06, 6.83540520185e-07, 3.14181079375e-06, 4.19471319901e-07, 7.82342340244e-07, 5.19248573028e-08, 2.10295837633e-07, 2.60559232856e-07, 7.39648768899e-08, 4.88863562964e-08, 9.16160232123e-08, 5.0531308915e-08, 7.29926270537e-08, 2.0549407509e-08, 1.74814207554e-08, 2.95027047237e-09, 6.08797845469e-10, 3.69384589582e-09, 2.2284636636e-10, 5.92378299191e-11, 7.80893336105e-11, 1.68937683287e-10, 7.05536948309e-11, 1.17639190056e-10, 2.28885695119e-11, 4.17150819096e-12, 2.45910106514e-12, 2.72905981667e-12, 4.8810855531e-12, 4.71188062526e-12, 4.10103201398e-12, 6.39350421563e-12, 7.11960178312e-12, 9.4688501831e-12, 3.79988575328e-12, 3.9398753357e-12, 2.23805089045e-12],
        "max": [0.0196326393634, 0.0261334143579, 0.00954918842763, 0.0152119658887, 0.0147382039577, 0.0277050174773, 0.0168983824551, 0.0192881859839, 0.00508218677714, 0.00720259174705, 0.00925589073449, 0.010517177172, 0.00466197123751, 0.0110787237063, 0.00906675681472, 0.0047919168137, 0.00323704024777, 0.00437554484233, 0.00117824692279, 0.000499539892189, 0.00220483983867, 0.000234368926613, 0.000121970821056, 0.000148666324094, 0.000257117557339, 0.000125715741888, 0.000261269888142, 0.000111130968435, 3.03992183035e-05, 2.64031441475e-05, 2.8758578992e-05, 6.15702665527e-05, 5.67513598071e-05, 4.51243504358e-05, 4.78242873214e-05, 5.38606473128e-05, 5.55258266104e-05, 3.30125258188e-05, 5.68565410504e-05, 2.98608920275e-05],
        "mean": [0.00137908942997, 0.000505957694259, 0.000257025414612, 0.000369265326299, 0.000537524814717, 0.000705801008735, 0.000379899312975, 0.000200150432647, 9.37614604481e-05, 0.000271247583441, 0.000273762940196, 0.000193039333681, 0.000153307250002, 0.000227750235354, 9.228863928e-05, 5.87769136473e-05, 5.15507490491e-05, 7.51479092287e-05, 2.46516410698e-05, 1.19915348478e-05, 2.26669999392e-05, 4.50928200735e-06, 3.12875522468e-06, 4.38796541857e-06, 6.14908503849e-06, 5.13670602231e-06, 6.6167017394e-06, 2.53963457908e-06, 1.26429119973e-06, 6.01430429015e-07, 5.43973328604e-07, 6.61959290937e-07, 6.78544040511e-07, 9.14929842111e-07, 1.22941082736e-06, 1.11368444777e-06, 1.1247969951e-06, 8.33955482449e-07, 7.78675428137e-07, 5.29782141712e-07],
        "median": [0.000269886048045, 0.00013587254216, 8.99538645172e-05, 0.000101794583315, 0.000139947209391, 0.000166959187482, 9.97336319415e-05, 3.92486399505e-05, 2.44993243541e-05, 2.98040231428e-05, 2.50768935075e-05, 1.28029587358e-05, 1.90440514416e-05, 1.84021064342e-05, 6.71526686347e-06, 9.731760656e-06, 6.05913646723e-06, 4.93313245897e-06, 3.72631279788e-06, 3.95221331928e-06, 5.25661926076e-06, 1.16556486773e-06, 1.06091522412e-06, 1.29353622924e-06, 1.51202482357e-06, 1.41548412103e-06, 1.1097654351e-06, 6.3320044319e-07, 4.93076584007e-07, 1.4796118819e-07, 9.0612530812e-08, 1.15471031847e-07, 1.02103797417e-07, 1.51879291366e-07, 2.05112613116e-07, 1.61788136666e-07, 1.20423763406e-07, 1.33325968932e-07, 1.1803129496e-07, 7.73756028138e-08],
        "min": [1.17503267441e-24, 9.80268438934e-25, 1.11052150312e-24, 1.28358585142e-24, 2.23357682274e-24, 1.88152693618e-24, 1.60209800684e-24, 1.82530718605e-24, 2.33170993606e-24, 2.98141400266e-24, 1.03263637848e-24, 2.12243775968e-24, 2.3608220589e-24, 3.53737970005e-24, 4.19312703283e-24, 3.08368035269e-24, 2.60234385516e-24, 2.37137405959e-24, 3.66780601781e-24, 3.07511963415e-24, 4.95328326186e-24, 3.39439235009e-24, 4.33135321279e-24, 3.77395040805e-24, 4.4480596617e-24, 5.44580067943e-24, 5.85343469144e-24, 3.97610705907e-24, 4.94998069568e-24, 6.58840653607e-24, 4.88558440227e-24, 6.61848619682e-24, 5.42206069935e-24, 5.7462813481e-24, 6.47829851421e-24, 5.54671373858e-24, 5.65496714845e-24, 6.37343168421e-24, 6.82200442176e-24, 6.85081756632e-24],
        "var": [6.08034633842e-06, 2.08933033718e-06, 4.15634900719e-07, 7.53232882289e-07, 1.16220758173e-06, 2.16330408875e-06, 7.46871705815e-07, 4.02221957074e-07, 4.16616501298e-08, 3.84161324973e-07, 3.74703603256e-07, 5.06140565903e-07, 1.55017616521e-07, 5.03562603171e-07, 2.64226031277e-07, 6.36713579638e-08, 2.83535541712e-08, 1.08050414838e-07, 4.70470551406e-09, 6.0795257717e-10, 3.59664342753e-09, 1.11951219128e-10, 3.94323115827e-11, 8.06295932798e-11, 2.75400147132e-10, 9.42206035415e-11, 2.86161039309e-10, 2.91626549298e-11, 5.05890425037e-12, 2.4976290567e-12, 2.1008771979e-12, 4.6631231862e-12, 3.99776002233e-12, 5.10548244306e-12, 9.09666612869e-12, 1.06586571166e-11, 1.69075170531e-11, 6.50138666861e-12, 5.99570263229e-12, 3.897144326e-12]
    },
    "mfcc": {
        "mean": [-710.752807617, 135.881271362, 2.90979123116, 4.81713342667, 2.3907160759, -4.96083307266, 0.928694248199, -0.480667680502, -11.854344368, 5.26076030731, -7.19524145126, -3.13591456413, 6.66544103622],
        "cov": [[10019.5517578, -170.282821655, -346.893615723, -151.72492981, 179.883178711, 224.608322144, 594.299377441, 316.522796631, 191.676605225, 573.048400879, 118.586212158, -81.3353118896, 127.288642883], [-170.282821655, 1644.5177002, -326.058624268, 131.835754395, -13.3645124435, -86.727722168, 56.4815559387, -23.887298584, -44.389629364, 39.7461280823, -5.56446695328, 2.62115645409, 88.830871582], [-346.893615723, -326.058624268, 1164.12451172, 119.047966003, 97.3904724121, 88.9285964966, -226.506057739, 86.9088897705, 55.5032615662, -56.9266090393, 75.0059432983, 91.7489013672, -98.5205688477], [-151.72492981, 131.835754395, 119.047966003, 448.497711182, 146.786254883, 88.1440505981, -117.298484802, 81.6244354248, 65.9662246704, -73.7236251831, 45.2989578247, 72.06615448, -22.4911766052], [179.883178711, -13.3645124435, 97.3904724121, 146.786254883, 355.05859375, 146.704589844, -1.14975333214, 105.100128174, 96.6963348389, 2.8368935585, 25.2518501282, 37.7776260376, 1.05276441574], [224.608322144, -86.727722168, 88.9285964966, 88.1440505981, 146.704589844, 384.822814941, 29.6325645447, 93.9522857666, 89.8920059204, -0.360832303762, 52.3723487854, 32.7815933228, -11.694981575], [594.299377441, 56.4815559387, -226.506057739, -117.298484802, -1.14975333214, 29.6325645447, 412.92880249, 15.294968605, 4.56844139099, 125.50693512, 15.5372076035, -42.5931739807, 82.4189453125], [316.522796631, -23.887298584, 86.9088897705, 81.6244354248, 105.100128174, 93.9522857666, 15.294968605, 211.783355713, 89.3440170288, 9.13838481903, 21.516248703, 25.961730957, 10.949965477], [191.676605225, -44.389629364, 55.5032615662, 65.9662246704, 96.6963348389, 89.8920059204, 4.56844139099, 89.3440170288, 209.398254395, 48.6361122131, 43.3708076477, 29.770734787, -7.07811021805], [573.048400879, 39.7461280823, -56.9266090393, -73.7236251831, 2.8368935585, -0.360832303762, 125.50693512, 9.13838481903, 48.6361122131, 207.485168457, 63.9560966492, -30.0271778107, 27.5481376648], [118.586212158, -5.56446695328, 75.0059432983, 45.2989578247, 25.2518501282, 52.3723487854, 15.5372076035, 21.516248703, 43.3708076477, 63.9560966492, 155.063644409, 58.6431694031, 2.56203746796], [-81.3353118896, 2.62115645409, 91.7489013672, 72.06615448, 37.7776260376, 32.7815933228, -42.5931739807, 25.961730957, 29.770734787, -30.0271778107, 58.6431694031, 146.517181396, 35.0502853394], [127.288642883, 88.830871582, -98.5205688477, -22.4911766052, 1.05276441574, -11.694981575, 82.4189453125, 10.949965477, -7.07811021805, 27.5481376648, 2.56203746796, 35.0502853394, 161.150115967]],
