{
"lowlevel": {
    "average_loudness": 0.905992746353,
    "barkbands_crest": {
        "dmean": 2.46578454971,
        "dmean2": 4.06468915939,
        "dvar": 5.1673707962,
        "dvar2": 13.8248739243,
        "max": 26.0388507843,
        "mean": 9.39143753052,
        "median": 8.58455085754,
        "min": 2.54258966446,
        "var": 14.8742647171
    },
    "barkbands_flatness_db": {
        "dmean": 0.0224906690419,
        "dmean2": 0.0324565954506,
        "dvar": 0.000459746166598,
        "dvar2": 0.000941444537602,
        "max": 0.373320013285,
        "mean": 0.109671168029,
        "median": 0.100343085825,
        "min": 0.0199188757688,
        "var": 0.00234890915453
    },
    "barkbands_kurtosis": {
        "dmean": 3.24750256538,
        "dmean2": 5.08135128021,
        "dvar": 62.3101196289,
        "dvar2": 144.195510864,
        "max": 376.980407715,
        "mean": 5.07305240631,
        "median": 1.53573036194,
        "min": -1.95185709,
        "var": 139.640991211
    },
    "barkbands_skewness": {
        "dmean": 0.540461659431,
        "dmean2": 0.830380022526,
        "dvar": 0.38478949666,
        "dvar2": 0.865884065628,
        "max": 16.3546276093,
        "mean": 1.64371430874,
        "median": 1.41525387764,
        "min": -4.09344816208,
        "var": 1.88891243935
    },
    "barkbands_spread": {
        "dmean": 8.19748497009,
        "dmean2": 12.031167984,
        "dvar": 109.951034546,
        "dvar2": 209.95223999,
        "max": 119.794670105,
        "mean": 29.7508850098,
        "median": 26.040845871,
        "min": 0.48376339674,
        "var": 363.767730713
    },
    "dissonance": {
        "dmean": 0.0181338507682,
        "dmean2": 0.0297441370785,
        "dvar": 0.000333010015311,
        "dvar2": 0.000855562801007,
        "max": 0.500000119209,
        "mean": 0.46213516593,
        "median": 0.469339132309,
        "min": 0.102671205997,
        "var": 0.000821485242341
    },
    "dynamic_complexity": 3.84791231155,
    "erbbands_crest": {
        "dmean": 2.61201882362,
        "dmean2": 3.96909928322,
        "dvar": 6.50465536118,
        "dvar2": 14.3263578415,
        "max": 30.6566410065,
        "mean": 9.69609928131,
        "median": 8.25260066986,
        "min": 2.22042274475,
        "var": 28.9538288116
    },
    "erbbands_flatness_db": {
        "dmean": 0.0187824759632,
        "dmean2": 0.0247174557298,
        "dvar": 0.000300226267427,
        "dvar2": 0.000522445188835,
        "max": 0.33093765378,
        "mean": 0.122128106654,
        "median": 0.114222802222,
        "min": 0.0395810194314,
        "var": 0.0016998994397
    },
    "erbbands_kurtosis": {
        "dmean": 1.11916518211,
        "dmean2": 1.66182208061,
        "dvar": 4.27979326248,
        "dvar2": 9.19588375092,
        "max": 70.8290481567,
        "mean": 0.866748034954,
        "median": -0.0276389122009,
        "min": -1.78591012955,
        "var": 9.96262836456
    },
    "erbbands_skewness": {
        "dmean": 0.371581435204,
        "dmean2": 0.537193477154,
        "dvar": 0.171891123056,
        "dvar2": 0.320306181908,
        "max": 6.97626399994,
        "mean": 0.428507983685,
        "median": 0.342141240835,
        "min": -4.66449260712,
        "var": 0.752280414104
    },
    "erbbands_spread": {
        "dmean": 11.2478246689,
        "dmean2": 16.1578578949,
        "dvar": 148.180221558,
        "dvar2": 310.682678223,
        "max": 174.686599731,
        "mean": 47.8535995483,
        "median": 44.7137489319,
        "min": 3.68831062317,
        "var": 579.589355469
    },
    "hfc": {
        "dmean": 10.816160202,
        "dmean2": 15.4343757629,
        "dvar": 256.795623779,
        "dvar2": 547.253479004,
        "max": 186.059387207,
        "mean": 30.5516490936,
        "median": 24.0706748962,
        "min": 1.06106288673e-16,
        "var": 761.02911377
    },
    "melbands_crest": {
        "dmean": 2.95568704605,
        "dmean2": 4.98483133316,
        "dvar": 7.09267473221,
        "dvar2": 19.596824646,
        "max": 32.8850669861,
        "mean": 12.9056682587,
        "median": 12.3097505569,
        "min": 1.58423531055,
        "var": 19.4539680481
    },
    "melbands_flatness_db": {
        "dmean": 0.0279158595949,
        "dmean2": 0.0415549390018,
        "dvar": 0.00073654926382,
        "dvar2": 0.00154500873759,
        "max": 0.460956096649,
        "mean": 0.182934731245,
        "median": 0.175223618746,
        "min": 0.00345095084049,
        "var": 0.00394168309867
    },
    "melbands_kurtosis": {
        "dmean": 8.22686576843,
        "dmean2": 13.2793102264,
        "dvar": 222.716110229,
        "dvar2": 557.605407715,
        "max": 419.500823975,
        "mean": 17.745262146,
        "median": 9.76451301575,
        "min": -1.91924142838,
        "var": 619.764343262
    },
    "melbands_skewness": {
        "dmean": 0.757080852985,
        "dmean2": 1.18017101288,
        "dvar": 0.718522012234,
        "dvar2": 1.72519397736,
        "max": 15.6744470596,
        "mean": 2.9786195755,
        "median": 2.7180814743,
        "min": -1.67770755291,
        "var": 3.33306360245
    },
    "melbands_spread": {
        "dmean": 7.77935695648,
        "dmean2": 12.1076259613,
        "dvar": 149.511688232,
        "dvar2": 307.269348145,
        "max": 257.705963135,
        "mean": 26.7617874146,
        "median": 23.3762187958,
        "min": 0.584467232227,
        "var": 511.862304688
    },
    "pitch_salience": {
        "dmean": 0.0662754625082,
        "dmean2": 0.107203625143,
        "dvar": 0.00353147857822,
        "dvar2": 0.00883784238249,
        "max": 0.96301472187,
        "mean": 0.54322129488,
        "median": 0.539106369019,
        "min": 0.140085563064,
        "var": 0.010273293592
    },
    "silence_rate_20dB": {
        "dmean": 0,
        "dmean2": 0,
        "dvar": 0,
        "dvar2": 0,
        "max": 1,
        "mean": 1,
        "median": 1,
        "min": 1,
        "var": 0
    },
    "silence_rate_30dB": {
        "dmean": 0.000564546498936,
        "dmean2": 0.00112919916864,
        "dvar": 0.000564232119359,
        "dvar2": 0.00150427035987,
        "max": 1,
        "mean": 0.999623656273,
        "median": 1,
        "min": 0,
        "var": 0.000376182171749
    },
    "silence_rate_60dB": {
        "dmean": 0.00940910819918,
        "dmean2": 0.0188199859113,
        "dvar": 0.00932324770838,
        "dvar2": 0.0209093373269,
        "max": 1,
        "mean": 0.102455548942,
        "median": 0,
        "min": 0,
        "var": 0.0919597819448
    },
    "spectral_centroid": {
        "dmean": 289.364929199,
        "dmean2": 431.149658203,
        "dvar": 121146.914062,
        "dvar2": 235500.125,
        "max": 11774.4619141,
        "mean": 1490.29980469,
        "median": 1357.47412109,
        "min": 231.282272339,
        "var": 1244768.625
    },
    "spectral_complexity": {
        "dmean": 4.0079035759,
        "dmean2": 5.87710571289,
        "dvar": 24.2364177704,
        "dvar2": 44.1874008179,
        "max": 61,
        "mean": 18.416973114,
        "median": 18,
        "min": 0,
        "var": 120.49420166
    },
    "spectral_decrease": {
        "dmean": 2.42851250221e-09,
        "dmean2": 4.07260536406e-09,
        "dvar": 1.18263360481e-17,
        "dvar2": 3.1918580424e-17,
        "max": 1.99544746907e-28,
        "mean": -7.73321584546e-09,
        "median": -7.1497079368e-09,
        "min": -3.60552832035e-08,
        "var": 2.80227284837e-17
    },
    "spectral_energy": {
        "dmean": 0.00966970808804,
        "dmean2": 0.0161022953689,
        "dvar": 0.000183290583664,
        "dvar2": 0.000489887257572,
        "max": 0.139838650823,
        "mean": 0.0319581329823,
        "median": 0.0299143064767,
        "min": 1.00913934468e-20,
        "var": 0.000452488660812
    },
    "spectral_energyband_high": {
        "dmean": 0.00100107083563,
        "dmean2": 0.00139787851367,
        "dvar": 2.54936753663e-06,
        "dvar2": 5.07036156705e-06,
        "max": 0.0193411428481,
        "mean": 0.00189844297711,
        "median": 0.000927276152652,
        "min": 7.11068203681e-21,
        "var": 6.63959508529e-06
    },
    "spectral_energyband_low": {
        "dmean": 0.00613980134949,
        "dmean2": 0.010830771178,
        "dvar": 0.000108615276986,
        "dvar2": 0.000314218108542,
        "max": 0.105253487825,
        "mean": 0.011843059212,
        "median": 0.0100230453536,
        "min": 2.13847727403e-23,
        "var": 0.000145053883898
    },
    "spectral_energyband_middle_high": {
        "dmean": 0.0018413081998,
        "dmean2": 0.0026438543573,
        "dvar": 8.94022014108e-06,
        "dvar2": 1.92641145986e-05,
        "max": 0.0715795457363,
        "mean": 0.00650062318891,
        "median": 0.00378545210697,
        "min": 1.2438483094e-21,
        "var": 6.22981388005e-05
    },
    "spectral_energyband_middle_low": {
        "dmean": 0.00501318089664,
        "dmean2": 0.00800617877394,
        "dvar": 5.25110408489e-05,
        "dvar2": 0.000127153412905,
        "max": 0.0879217088223,
        "mean": 0.0131689338014,
        "median": 0.010182001628,
        "min": 1.86352800967e-22,
        "var": 0.000134030735353
    },
    "spectral_entropy": {
        "dmean": 0.205922693014,
        "dmean2": 0.268744081259,
        "dvar": 0.0461901985109,
        "dvar2": 0.0767127647996,
        "max": 9.81923007965,
        "mean": 7.78558826447,
        "median": 7.80674028397,
        "min": 5.20700550079,
        "var": 0.223423704505
    },
    "spectral_flux": {
        "dmean": 0.0248066447675,
        "dmean2": 0.0380506515503,
        "dvar": 0.000768810103182,
        "dvar2": 0.00166956917383,
        "max": 0.304779976606,
        "mean": 0.0862464755774,
        "median": 0.082596488297,
        "min": 6.39271552361e-11,
        "var": 0.00239715026692
    },
    "spectral_kurtosis": {
        "dmean": 1.01093387604,
        "dmean2": 1.47271549702,
        "dvar": 1.77555549145,
        "dvar2": 3.50775337219,
        "max": 32.5640182495,
        "mean": 2.89889335632,
        "median": 2.60770511627,
        "min": -1.44548034668,
        "var": 4.7618393898
    },
    "spectral_rms": {
        "dmean": 0.000767857651226,
        "dmean2": 0.00125560956076,
        "dvar": 8.35163064039e-07,
        "dvar2": 2.16588432522e-06,
        "max": 0.0116802370176,
        "mean": 0.00516000716016,
        "median": 0.00540228560567,
        "min": 3.13771599848e-12,
        "var": 4.55291046819e-06
    },
    "spectral_rolloff": {
        "dmean": 758.233398438,
        "dmean2": 1259.08886719,
        "dvar": 2218429.25,
        "dvar2": 4601957,
        "max": 19638.28125,
        "mean": 2008.23706055,
        "median": 1119.7265625,
        "min": 86.1328125,
        "var": 7479803
    },
    "spectral_skewness": {
        "dmean": 0.199688404799,
        "dmean2": 0.279128491879,
        "dvar": 0.0487176887691,
        "dvar2": 0.0897146984935,
        "max": 4.22020101547,
        "mean": 1.41363370419,
        "median": 1.40228760242,
        "min": -0.37134552002,
        "var": 0.187808826566
    },
    "spectral_spread": {
        "dmean": 838422.8125,
        "dmean2": 1129023,
        "dvar": 970224238592,
        "dvar2": 1.78465171046e+12,
        "max": 42413552,
        "mean": 6748807,
        "median": 6187197.5,
        "min": 1548686.875,
        "var": 1.43482085704e+13
    },
    "spectral_strongpeak": {
        "dmean": 0.562220692635,
        "dmean2": 0.961280882359,
        "dvar": 0.988170683384,
        "dvar2": 2.52014350891,
        "max": 11.9606628418,
        "mean": 0.99888753891,
        "median": 0.356966882944,
        "min": 0,
        "var": 2.19413685799
    },
    "zerocrossingrate": {
        "dmean": 0.0172767397016,
        "dmean2": 0.0193312410265,
        "dvar": 0.000377649499569,
        "dvar2": 0.000408908119425,
        "max": 0.52685546875,
        "mean": 0.0850387141109,
        "median": 0.07080078125,
        "min": 0.00537109375,
        "var": 0.00394677510485
    },
    "barkbands": {
        "dmean": [0.000152533990331, 0.00446302583441, 0.00216075452045, 0.00170189875644, 0.00247783889063, 0.00169043708593, 0.000807486940175, 0.000340079772286, 0.000482050498249, 0.000572699704207, 0.00061388942413, 0.000407193845604, 0.000331270974129, 0.000209662510315, 0.00027868692996, 0.000260554836132, 0.000195456013898, 0.000152673004777, 0.00019620002422, 0.000168856990058, 0.000173976193764, 0.000150002611917, 0.000165791556356, 0.000205988064408, 0.000248999189353, 0.000112531641207, 3.8602091081e-05],
        "dmean2": [0.000230767487665, 0.00794234964997, 0.00378465140238, 0.00288819731213, 0.00406456133351, 0.00273924111389, 0.00123590056319, 0.000524006260093, 0.000731642649043, 0.000794091669377, 0.000895026896615, 0.000609229377005, 0.0005017304793, 0.000326416717144, 0.000432556989836, 0.000401131692342, 0.000294199417112, 0.000240200446569, 0.000305925001157, 0.000258446816588, 0.000266008224571, 0.000226998163271, 0.000240983295953, 0.000303089356748, 0.000361628626706, 0.000164496945217, 6.70677618473e-05],
        "dvar": [6.37813215576e-08, 5.25421273778e-05, 2.08282672247e-05, 7.94188326836e-06, 2.16719654418e-05, 1.17513400255e-05, 3.36808193424e-06, 8.50538071973e-07, 1.02980209249e-06, 2.20897118197e-06, 2.40990721068e-06, 1.23952179365e-06, 5.71919770209e-07, 2.53233167768e-07, 4.42041368842e-07, 2.74341005024e-07, 1.97316481376e-07, 1.13420661307e-07, 1.12803881791e-07, 8.21389392058e-08, 7.71713644099e-08, 7.12827272764e-08, 1.25743582657e-07, 2.43181403903e-07, 2.55709352359e-07, 5.78506877957e-08, 1.24892798326e-08],
        "dvar2": [1.40764342405e-07, 0.000160323033924, 5.64789079363e-05, 2.09745321627e-05, 5.31441219209e-05, 2.89783147309e-05, 7.2621610343e-06, 1.99226542463e-06, 2.30357341025e-06, 4.06242088502e-06, 4.80609242004e-06, 2.66945312433e-06, 1.25679150642e-06, 5.78787023642e-07, 9.59540557233e-07, 5.99151462666e-07, 4.04633368589e-07, 2.72105808108e-07, 2.69909207873e-07, 1.88569657666e-07, 1.76385398731e-07, 1.60232502822e-07, 2.49096615335e-07, 4.98563963447e-07, 5.0390042361e-07, 1.16415321827e-07, 3.57094052106e-08],
        "max": [0.00383006059565, 0.0766038745642, 0.0588936507702, 0.0416133366525, 0.0782436579466, 0.0678788647056, 0.0365748144686, 0.0303364489228, 0.0266841426492, 0.0547260195017, 0.0541808977723, 0.0303625315428, 0.0169436335564, 0.0122591108084, 0.0154406838119, 0.0107338000089, 0.0110718132928, 0.0127098141238, 0.00780072808266, 0.00507978675887, 0.0056579047814, 0.005924731493, 0.00655406387523, 0.0103398235515, 0.0108025902882, 0.0051999357529, 0.00122407788876],
        "mean": [0.000276685750578, 0.00717215472832, 0.00315100536682, 0.00250865402631, 0.00443755043671, 0.00298737105913, 0.00138717005029, 0.0006545362412, 0.000850179523695, 0.00137135165278, 0.00132689985912, 0.000849983363878, 0.000658438599203, 0.000336142926244, 0.000512378115673, 0.00045969709754, 0.00034186715493, 0.000258938292973, 0.000375916686608, 0.000296721409541, 0.000289790041279, 0.00021749388543, 0.000249352800893, 0.000358387187589, 0.000432228320278, 0.000165853372891, 3.13129312417e-05],
        "median": [9.9223361758e-05, 0.00551776587963, 0.00206711958162, 0.00159784383141, 0.00216540158726, 0.00124554347713, 0.000329273199895, 0.000239799934207, 0.000339396385243, 0.00021224511147, 0.000325536238961, 0.000240136578213, 0.000191798739252, 9.76084702415e-05, 0.000152811655425, 0.000196188469999, 0.000152437540237, 0.000124114492792, 0.000205903430469, 0.000149444225826, 0.000154095789185, 8.52229713928e-05, 8.57470804476e-05, 0.000124421581859, 0.000167320045875, 4.99403140566e-05, 4.9727204896e-06],
        "min": [3.70176233826e-25, 4.22716598646e-24, 8.32238887285e-25, 7.7200856831e-25, 1.09575935179e-23, 1.16455559579e-23, 3.61023889325e-24, 4.53369840157e-24, 1.79043799576e-23, 1.79828305969e-23, 2.22230620921e-23, 1.19667722299e-23, 2.64511482848e-23, 2.78728349859e-23, 4.49391685609e-23, 5.26487756074e-23, 6.78196089557e-23, 8.79093466133e-23, 1.43423343915e-22, 1.67054069916e-22, 2.28783268787e-22, 2.45249913457e-22, 3.79913518688e-22, 5.36974311279e-22, 7.96963428107e-22, 1.3144872315e-21, 1.90004073328e-21],
        "var": [1.85156636689e-07, 6.39094869257e-05, 2.06803197216e-05, 9.40277641348e-06, 4.52756357845e-05, 2.67433188128e-05, 8.17903128336e-06, 2.14274086829e-06, 2.22770722758e-06, 1.52496695591e-05, 1.16811570479e-05, 4.30283807873e-06, 1.78103346116e-06, 5.17137777933e-07, 1.45481578784e-06, 6.11005077644e-07, 4.45838850283e-07, 2.29623694281e-07, 2.49069330494e-07, 1.73216847088e-07, 1.43882104453e-07, 1.28420410306e-07, 2.64593552401e-07, 5.32290130195e-07, 6.66348796585e-07, 1.35423292136e-07, 8.25562196383e-09]
    },
    "erbbands": {
        "dmean": [0.149132281542, 0.986091971397, 2.25909256935, 3.99893045425, 7.38013744354, 9.1658782959, 8.78044700623, 17.2292079926, 13.6468191147, 7.51250600815, 6.34965801239, 12.0239191055, 13.0294342041, 17.3228244781, 30.9574241638, 15.926484108, 15.4703054428, 9.31938552856, 14.5413780212, 12.3623981476, 11.8851900101, 9.26941776276, 8.18666172028, 9.81557273865, 9.12281703949, 7.84504365921, 8.47787475586, 5.53509140015, 5.22629070282, 5.17900085449, 4.93385028839, 3.80259108543, 3.95784974098, 3.05010437965, 1.61581218243, 0.606551170349, 0.181340992451, 0.0866313874722, 0.00221410160884, 5.47924064449e-05],
        "dmean2": [0.264766395092, 1.74937617779, 3.97791147232, 6.86062717438, 12.5050964355, 14.9408254623, 13.8414831161, 28.117231369, 20.8069400787, 11.6282262802, 9.83868503571, 18.206111908, 18.649471283, 23.8873500824, 44.8510246277, 23.1560306549, 23.026676178, 14.4467220306, 22.1952362061, 18.9685287476, 17.7689304352, 14.0022983551, 12.7387475967, 15.4647789001, 14.1883716583, 11.9897584915, 13.0761384964, 8.4968290329, 8.00387191772, 7.67484378815, 7.22078132629, 5.61521816254, 5.86605930328, 4.4625544548, 2.37162280083, 0.887129306793, 0.267578065395, 0.144076436758, 0.00370749621652, 8.78519786056e-05],
        "dvar": [0.0635119751096, 2.66151404381, 21.6518802643, 52.5466346741, 181.130661011, 368.263061523, 425.882965088, 1249.24279785, 949.168640137, 301.0887146, 360.943389893, 603.914672852, 1044.10974121, 2987.45458984, 7056.7890625, 1833.72192383, 1160.62072754, 437.839324951, 1236.05419922, 735.245666504, 635.148376465, 456.24911499, 329.481201172, 301.881530762, 276.369354248, 184.717483521, 199.33782959, 76.3163833618, 85.7866439819, 133.527389526, 107.316970825, 77.7649612427, 90.2968444824, 41.015750885, 12.6762781143, 2.10488557816, 0.143812060356, 0.0438132807612, 2.96556972899e-05, 1.19216894134e-08],
        "dvar2": [0.195930883288, 8.01674938202, 59.3468933105, 138.662109375, 493.694122314, 873.50604248, 947.776489258, 3151.97924805, 2014.19775391, 700.216430664, 894.353271484, 1354.64953613, 2018.63269043, 5688.99853516, 14348.6757812, 3766.54101562, 2580.68969727, 1044.53198242, 2594.82910156, 1690.68994141, 1301.90661621, 1020.47283936, 778.021911621, 738.96661377, 647.198852539, 416.764312744, 456.861114502, 176.456817627, 200.856491089, 279.594177246, 219.531539917, 161.353042603, 187.360748291, 82.1121520996, 25.4233875275, 4.17583322525, 0.295957833529, 0.12174731493, 8.31361321616e-05, 3.20852038271e-08],
        "max": [3.16808390617, 17.9047241211, 57.7460784912, 104.731254578, 194.206314087, 360.629058838, 513.725708008, 670.872131348, 508.950927734, 346.621765137, 679.156494141, 527.128479004, 719.702636719, 2238.04614258, 2810.51000977, 1412.07653809, 778.27545166, 398.948181152, 931.189147949, 606.057006836, 664.637634277, 580.761230469, 571.633544922, 391.542755127, 406.084625244, 248.906723022, 379.296478271, 127.107330322, 264.48348999, 286.486328125, 196.794158936, 212.817718506, 224.940063477, 130.564788818, 85.0364074707, 29.1956596375, 8.87547588348, 2.31378722191, 0.0592734664679, 0.00116590200923],
        "mean": [0.217586129904, 1.56633496284, 3.41560649872, 6.6536192894, 11.0225296021, 15.7374372482, 16.8749542236, 29.3517856598, 25.1604194641, 14.5157871246, 11.9840621948, 22.5254840851, 27.647359848, 44.7498664856, 70.6877593994, 35.920463562, 33.2142562866, 18.4375553131, 27.5029392242, 24.2625637054, 22.9336395264, 16.6955986023, 15.2124671936, 18.7021102905, 17.0741329193, 14.1215839386, 14.269865036, 8.96655273438, 7.54725408554, 7.46302127838, 7.36327409744, 6.36697340012, 6.7946896553, 5.31251859665, 2.6752076149, 0.932988941669, 0.258625000715, 0.0830441340804, 0.00210824748501, 9.27821747609e-05],
        "median": [0.151539325714, 1.15546870232, 2.39549422264, 4.95562410355, 6.53900623322, 6.45564746857, 6.58413553238, 12.501912117, 7.0651922226, 6.17727661133, 4.76155138016, 9.79168319702, 8.15237808228, 9.1027879715, 19.0980091095, 11.7600488663, 11.0908536911, 8.06059646606, 8.88759040833, 11.340174675, 11.185174942, 8.20690727234, 7.79736948013, 10.3239679337, 8.80577468872, 7.23480892181, 7.3489074707, 4.78553628922, 3.02123713493, 2.3854701519, 2.60743713379, 2.22438311577, 2.38252902031, 2.08867073059, 0.865159213543, 0.249062269926, 0.0832248404622, 0.0218931119889, 0.000549746968318, 6.11045470578e-05],
        "min": [1.82762347889e-22, 1.07049914208e-21, 1.3660646488e-21, 8.91061008606e-21, 8.10902118151e-21, 3.78075662106e-20, 4.67124110739e-20, 1.11835878642e-19, 1.36051319656e-19, 2.32881999815e-19, 1.4096605204e-19, 4.31641998031e-19, 4.50866373401e-19, 7.83965285233e-19, 1.15549252678e-18, 9.29165261238e-19, 1.58934844787e-18, 1.90186297016e-18, 1.65907729197e-18, 3.72367967245e-18, 3.30799866718e-18, 4.46433967447e-18, 5.16934695132e-18, 6.17529783786e-18, 6.69482764673e-18, 7.81868237624e-18, 9.97243404384e-18, 8.79275454915e-18, 9.71527269038e-18, 1.01129455601e-17, 1.02059363774e-17, 9.41502515318e-18, 9.4218593194e-18, 8.6291630394e-18, 5.96462279406e-18, 4.23067686786e-18, 2.16952662227e-18, 9.79317842163e-19, 2.51631935404e-19, 2.78412870626e-20],
        "var": [0.0730125680566, 3.14152026176, 22.053358078, 59.0947647095, 214.54335022, 819.418579102, 1180.83117676, 2563.50708008, 2378.49829102, 682.73425293, 789.830566406, 1379.02709961, 3428.81616211, 23026.6757812, 34567.4570312, 7456.54101562, 4187.56591797, 995.683410645, 4067.25634766, 1919.54650879, 1519.22314453, 908.835327148, 740.520935059, 669.44921875, 569.733093262, 398.796722412, 383.011962891, 130.199371338, 140.302688599, 262.317474365, 214.519592285, 155.32598877, 201.554641724, 103.489097595, 30.7264995575, 4.85015249252, 0.325271308422, 0.0341505296528, 2.25109015446e-05, 1.28883090866e-08]
    },
    "gfcc": {
        "mean": [10.9265441895, 65.5259170532, -91.3106307983, 30.4314670563, -55.4459381104, 19.0489616394, -39.8137359619, 12.1324777603, -34.0399055481, 5.92434883118, -16.0003356934, 4.55415725708, -9.099650383],
        "cov": [[24785.6523438, -130.08807373, -428.210144043, 797.784240723, -235.296478271, 661.467102051, -466.796203613, 430.921234131, -509.310546875, 68.0808868408, -241.073043823, 197.29057312, -85.3539505005], [-130.08807373, 961.13293457, -212.898498535, -56.0369186401, 121.298583984, -17.9494667053, 111.935310364, -10.2807884216, 57.5135383606, -0.522807121277, 84.325553894, -16.6081600189, 66.8656997681], [-428.210144043, -212.898498535, 862.846984863, 222.333267212, 83.4411010742, 44.2320823669, -8.61715888977, 69.7014770508, 32.6849136353, -0.0626806244254, -31.7244739532, 7.92460012436, -29.9117870331], [797.784240723, -56.0369186401, 222.333267212, 393.334197998, 97.9016342163, 64.5079956055, 37.3778610229, 38.5853500366, 22.6878528595, 4.87730836868, -14.2055034637, 13.4964256287, -26.2227458954], [-235.296478271, 121.298583984, 83.4411010742, 97.9016342163, 341.940093994, 121.279541016, 120.557006836, 32.7687797546, 53.1166687012, 6.07704782486, 17.2708873749, 12.2824192047, 16.860414505], [661.467102051, -17.9494667053, 44.2320823669, 64.5079956055, 121.279541016, 240.494400024, 84.0983810425, 46.5746841431, 15.8004255295, 20.7525234222, 15.3879947662, 13.0636291504, 2.20689606667], [-466.796203613, 111.935310364, -8.61715888977, 37.3778610229, 120.557006836, 84.0983810425, 215.204437256, 0.764670491219, 58.689365387, 12.5559797287, 29.4659423828, 29.6771354675, -4.69687318802], [430.921234131, -10.2807884216, 69.7014770508, 38.5853500366, 32.7687797546, 46.5746841431, 0.764670491219, 138.005111694, 15.8564596176, 0.981193065643, 7.89828014374, 5.73549699783, 14.0001363754], [-509.310546875, 57.5135383606, 32.6849136353, 22.6878528595, 53.1166687012, 15.8004255295, 58.689365387, 15.8564596176, 122.63394928, 27.2086696625, 35.4528884888, 25.5426063538, 1.81475949287], [68.0808868408, -0.522807121277, -0.0626806244254, 4.87730836868, 6.07704782486, 20.7525234222, 12.5559797287, 0.981193065643, 27.2086696625, 81.1200866699, 29.3452091217, 2.26727938652, 0.515565991402], [-241.073043823, 84.325553894, -31.7244739532, -14.2055034637, 17.2708873749, 15.3879947662, 29.4659423828, 7.89828014374, 35.4528884888, 29.3452091217, 99.0595703125, 24.3250427246, 12.6137609482], [197.29057312, -16.6081600189, 7.92460012436, 13.4964256287, 12.2824192047, 13.0636291504, 29.6771354675, 5.73549699783, 25.5426063538, 2.26727938652, 24.3250427246, 80.235496521, 5.92668104172], [-85.3539505005, 66.8656997681, -29.9117870331, -26.2227458954, 16.860414505, 2.20689606667, -4.69687318802, 14.0001363754, 1.81475949287, 0.515565991402, 12.6137609482, 5.92668104172, 74.9546585083]],
        "icov": [[7.99346889835e-05, -9.39466553973e-05, 0.000100352044683, -0.000190327511518, 9.18463410926e-05, -0.000286500435323, 0.000267112394795, -0.000234223451116, 0.000345154840034, -0.000233769387705, 0.000279260828393, -0.000444442877779, 0.000177954294486], [-9.39466553973e-05, 0.0015579253668, 0.000172116444446, 0.000215251158806, -0.000529293902218, 0.000823465175927, -0.000959072203841, 0.000338559388183, -0.0007232374046, 0.000774654792622, -0.00142907467671, 0.00151156261563, -0.00124815234449], [0.000100352044683, 0.000172116444446, 0.00163198891096, -0.000913910451345, -0.000192899969989, -0.000264959671767, 0.000582096807193, -0.00079495459795, -9.62902959145e-06, -0.000223731811275, 0.000588866649196, -0.000508346129209, 0.000471293518785], [-0.000190327511518, 0.000215251158806, -0.000913910451345, 0.00375360925682, -0.00087184360018, 0.000359859957825, -0.000696784234606, 0.000125538732391, -0.00085564161418, 0.000323103944538, -0.000113794456411, 0.00054458406521, 0.000652718939818], [9.18463410926e-05, -0.000529293902218, -0.000192899969989, -0.00087184360018, 0.00471470039338, -0.00191909284331, -0.00123873224948, -0.000331139657646, -0.000525159062818, 0.000273979094345, 0.000593295728322, -5.03202099935e-05, -0.000910063099582], [-0.000286500435323, 0.000823465175927, -0.000264959671767, 0.000359859957825, -0.00191909284331, 0.00714923860505, -0.00285239727236, -0.000862540269736, 3.14701901516e-05, -0.000539047410712, -0.00143879861571, 0.00158139900304, -0.000717100105248], [0.000267112394795, -0.000959072203841, 0.000582096807193, -0.000696784234606, -0.00123873224948, -0.00285239727236, 0.0083933044225, 0.000205151940463, -0.00105875683948, -0.000510033511091, 0.000764489348512, -0.00330056622624, 0.0021599906031], [-0.000234223451116, 0.000338559388183, -0.00079495459795, 0.000125538732391, -0.000331139657646, -0.000862540269736, 0.000205151940463, 0.00923007912934, -0.00216091191396, 0.00150939682499, -0.0014283960918, 0.00140574399848, -0.00228216848336], [0.000345154840034, -0.0007232374046, -9.62902959145e-06, -0.00085564161418, -0.000525159062818, 3.14701901516e-05, -0.00105875683948, -0.00216091191396, 0.0130450874567, -0.0040275095962, -0.000724603247363, -0.00415137317032, 0.00135157129262], [-0.000233769387705, 0.000774654792622, -0.000223731811275, 0.000323103944538, 0.000273979094345, -0.000539047410712, -0.000510033511091, 0.00150939682499, -0.0040275095962, 0.0158118586987, -0.0051445979625, 0.0032760433387, -0.000697675859556], [0.000279260828393, -0.00142907467671, 0.000588866649196, -0.000113794456411, 0.000593295728322, -0.00143879861571, 0.000764489348512, -0.0014283960918, -0.000724603247363, -0.0051445979625, 0.0152667304501, -0.00530480733141, -8.51310542203e-05], [-0.000444442877779, 0.00151156261563, -0.000508346129209, 0.00054458406521, -5.03202099935e-05, 0.00158139900304, -0.00330056622624, 0.00140574399848, -0.00415137317032, 0.0032760433387, -0.00530480733141, 0.0177425313741, -0.0028037247248], [0.000177954294486, -0.00124815234449, 0.000471293518785, 0.000652718939818, -0.000910063099582, -0.000717100105248, 0.0021599906031, -0.00228216848336, 0.00135157129262, -0.000697675859556, -8.51310542203e-05, -0.0028037247248, 0.0160694606602]]
    },
    "melbands": {
        "dmean": [0.00125625426881, 0.00116004375741, 0.000764758326113, 0.000584653927945, 0.00032343773637, 0.000362056482118, 0.000195633794647, 7.95291707618e-05, 5.10262980242e-05, 8.03294387879e-05, 6.56422416796e-05, 7.22294207662e-05, 8.73999524629e-05, 6.19429629296e-05, 3.70095731341e-05, 2.98435661534e-05, 1.88885060197e-05, 2.45285955316e-05, 1.72783747985e-05, 2.09580521187e-05, 1.36692324304e-05, 1.08208569145e-05, 9.78108801064e-06, 6.89618582328e-06, 8.83446955413e-06, 7.35980438549e-06, 6.33207537248e-06, 5.33386810275e-06, 5.83366181672e-06, 4.63529477202e-06, 3.0028868423e-06, 3.08667858917e-06, 2.9380973956e-06, 2.94101118925e-06, 3.17785452353e-06, 2.37583299167e-06, 2.42607234213e-06, 2.76291120826e-06, 3.28794840243e-06, 2.50691914516e-06],
        "dmean2": [0.00223831669427, 0.00203638896346, 0.00129137700424, 0.000968250271399, 0.000509022327606, 0.000587502727285, 0.000298215483781, 0.000123320307466, 7.85326701589e-05, 0.000121780336485, 9.35156858759e-05, 9.96860471787e-05, 0.000127643157612, 8.89290895429e-05, 5.42994348507e-05, 4.53685752291e-05, 2.94229776046e-05, 3.75997951778e-05, 2.63166148216e-05, 3.24130087392e-05, 2.02496557904e-05, 1.64438042702e-05, 1.50920195665e-05, 1.08974909381e-05, 1.41001110023e-05, 1.15602642836e-05, 9.84363941825e-06, 8.30292628962e-06, 9.1268457254e-06, 7.2157276918e-06, 4.66399251309e-06, 4.82076529806e-06, 4.48335049441e-06, 4.4044736569e-06, 4.74790704175e-06, 3.52360234501e-06, 3.64255174645e-06, 4.1815314944e-06, 4.90393176733e-06, 3.69332474293e-06],
        "dvar": [4.27823442806e-06, 4.78416495753e-06, 1.67510199844e-06, 1.26939085021e-06, 4.81449205836e-07, 5.40816131434e-07, 1.90182987581e-07, 3.49188198356e-08, 2.15399396097e-08, 2.78148828414e-08, 2.68256634683e-08, 5.46746576902e-08, 4.87601639065e-08, 2.38422579457e-08, 9.66242286182e-09, 4.1822705299e-09, 2.0686079516e-09, 3.46741657609e-09, 1.89675830597e-09, 1.7903605265e-09, 1.07303843588e-09, 7.07909397768e-10, 5.25810117669e-10, 2.31529712069e-10, 2.53019216689e-10, 1.92709931346e-10, 1.25045640509e-10, 9.18495418611e-11, 1.03413895503e-10, 5.80518619286e-11, 2.3949387612e-11, 2.93915308758e-11, 3.58477275642e-11, 4.82946252434e-11, 4.66689881184e-11, 2.86559317941e-11, 3.41014959326e-11, 5.27029357655e-11, 4.62659598133e-11, 3.19643513047e-11],
        "dvar2": [1.31569204314e-05, 1.35744276122e-05, 4.42420514446e-06, 3.21722450281e-06, 1.03887589376e-06, 1.3515335695e-06, 4.0326784756e-07, 7.95830104039e-08, 5.24285681536e-08, 6.18079454284e-08, 5.16393150463e-08, 1.02746476216e-07, 9.99925688916e-08, 4.99296852752e-08, 1.97250713541e-08, 9.85318404645e-09, 4.81189488255e-09, 7.18092385554e-09, 3.75494746407e-09, 4.05914146739e-09, 2.09425343733e-09, 1.52159340683e-09, 1.10559161826e-09, 5.71729608101e-10, 6.29568452926e-10, 4.62596405626e-10, 2.93567475884e-10, 2.15279696847e-10, 2.44672754279e-10, 1.3816038591e-10, 5.66828320392e-11, 7.06931041483e-11, 7.978583072e-11, 1.02391185808e-10, 1.00150922278e-10, 6.04861438713e-11, 7.30117286074e-11, 1.15068017614e-10, 9.93887749878e-11, 6.64898552882e-11],
        "max": [0.0246366802603, 0.0239507444203, 0.0180255603045, 0.0176262632012, 0.0159688126296, 0.0133650265634, 0.00813907943666, 0.00411319546402, 0.0050117704086, 0.0041501368396, 0.00370832183398, 0.00963486544788, 0.00731236301363, 0.00508455606177, 0.00287859211676, 0.00167834933382, 0.000763837364502, 0.00152506201994, 0.00149671826512, 0.000936782627832, 0.001129428274, 0.000699640833773, 0.000952415924985, 0.000382624944905, 0.000358491495717, 0.000314364704536, 0.00026539110695, 0.000183870142791, 0.00028769383789, 0.00015157967573, 7.58781898185e-05, 0.000153181172209, 0.000175370296347, 0.000188648322364, 0.000138282441185, 0.00012197169417, 0.000152311942657, 0.000177758687641, 0.000160473035066, 0.000128492480144],
        "mean": [0.0019841985777, 0.00193847808987, 0.00128768780269, 0.000981174060144, 0.000638707890175, 0.000627879519016, 0.000360334146535, 0.000153288550791, 9.25208223634e-05, 0.000145040248754, 0.000135156500619, 0.000178953399882, 0.000194728039787, 0.000139311057865, 7.48169186409e-05, 6.02009495196e-05, 3.17767407978e-05, 4.32882661698e-05, 3.22065752698e-05, 3.79799057555e-05, 2.42944788624e-05, 1.77677666215e-05, 1.65110795933e-05, 1.16791297842e-05, 1.57824124472e-05, 1.2748941117e-05, 1.07666310214e-05, 8.90732917469e-06, 9.36215292313e-06, 7.20211301086e-06, 4.51855385109e-06, 4.27493432653e-06, 4.06844219469e-06, 4.10898519476e-06, 4.42615373686e-06, 3.7021047774e-06, 3.93007030652e-06, 4.55558119938e-06, 5.21679930898e-06, 4.23030860475e-06],
        "median": [0.00151979760267, 0.0015519913286, 0.000967642117757, 0.000506694894284, 0.000260153436102, 0.000262463057879, 9.74578797468e-05, 6.28754933132e-05, 3.25586588588e-05, 5.92697106185e-05, 3.52432471118e-05, 2.43540944211e-05, 4.95079002576e-05, 4.07694387832e-05, 1.95721568161e-05, 1.91649160115e-05, 1.05068165794e-05, 1.30345379148e-05, 1.05832577901e-05, 1.68405040313e-05, 1.09756292659e-05, 8.00992529548e-06, 6.83277767166e-06, 6.00861221756e-06, 8.37717107061e-06, 6.23534469923e-06, 5.13459008289e-06, 4.32466822531e-06, 4.60936917079e-06, 3.71828605239e-06, 2.26192628361e-06, 1.69517750237e-06, 1.3994232404e-06, 1.23346353575e-06, 1.47804416883e-06, 1.32328500513e-06, 1.29631860091e-06, 1.5030702798e-06, 1.83490737982e-06, 1.56496969339e-06],
        "min": [1.47811707711e-24, 9.24890600603e-25, 2.12417009822e-24, 1.29833725453e-24, 1.73164395584e-24, 2.27236156357e-24, 1.77260614999e-24, 3.30929950196e-24, 1.15479296877e-24, 2.0243324537e-24, 2.33319260013e-24, 2.89658995889e-24, 2.95995678882e-24, 1.57144898574e-24, 3.50761321708e-24, 2.7783397092e-24, 2.74255697853e-24, 1.86467548674e-24, 3.43219101479e-24, 3.69621487116e-24, 4.00344424488e-24, 4.23521433985e-24, 4.20641736693e-24, 4.26851334195e-24, 4.75159756081e-24, 5.38668659863e-24, 4.66086356835e-24, 4.32686735526e-24, 5.31574078755e-24, 5.25688348098e-24, 3.92534898741e-24, 5.30965354238e-24, 4.6749135755e-24, 5.60245977773e-24, 4.76645654482e-24, 5.73407135901e-24, 5.36752358952e-24, 5.40215852757e-24, 6.70049380994e-24, 6.48240098535e-24],
        "var": [5.11608232046e-06, 5.2531709116e-06, 1.96378778128e-06, 2.19096705223e-06, 1.45272497321e-06, 1.15925354294e-06, 4.90328602609e-07, 8.66378400133e-08, 4.88116675967e-08, 6.28893985777e-08, 8.83250876882e-08, 4.24054235282e-07, 2.3631780266e-07, 1.05029904773e-07, 3.35694849696e-08, 1.31071775655e-08, 4.37489733329e-09, 1.02090691456e-08, 6.63133548073e-09, 4.08405087526e-09, 2.37694530725e-09, 1.30160360268e-09, 1.40831590834e-09, 3.82458009707e-10, 5.24684851122e-10, 3.61241730973e-10, 2.48686377047e-10, 1.76152870068e-10, 1.93120325287e-10, 9.18708234487e-11, 3.73756720018e-11, 4.41091607684e-11, 6.46325076792e-11, 9.10359357342e-11, 8.39053618251e-11, 5.47041613397e-11, 6.44658215698e-11, 1.06750622231e-10, 1.00569351458e-10, 7.47345518803e-11]
    },
    "mfcc": {
        "mean": [-634.041442871, 100.543891907, 18.3621025085, 19.0188026428, 9.56479358673, 3.79275774956, 9.27729511261, -0.315843403339, -0.327564537525, -3.29231119156, -5.68172121048, -1.32454907894, 1.66633868217],
        "cov": [[11900.9746094, 360.994232178, 193.644775391, 272.482910156, 457.434173584, 234.626556396, 328.036315918, 197.396835327, 115.430397034, 58.5646286011, -78.3327713013, -12.8612937927, 67.0001831055], [360.994232178, 972.610839844, -156.609405518, -0.518341064453, 25.2334365845, 7.32876253128, 68.7442245483, -2.27277731895, 41.2675552368, -7.24184370041, 13.0112075806, 15.9665384293, 16.4592609406], [193.644775391, -156.609405518, 612.304504395, 144.42350769, 100.267227173, 5.50630378723, -0.402177244425, 30.0481948853, 13.7455787659, 10.7268733978, 24.6168308258, 14.7758588791, -18.2120513916], [272.482910156, -0.518341064453, 144.42350769, 322.754516602, 80.0235595703, 56.2096176147, 19.2662944794, 47.2347602844, 27.8652210236, 3.39820551872, 22.9596824646, 19.4605998993, 3.24490070343], [457.434173584, 25.2334365845, 100.267227173, 80.0235595703, 250.794692993, 46.568687439, 70.4264984131, 51.746295929, 49.2311210632, 33.8451652527, 4.7857131958, 18.427772522, 12.2061920166], [234.626556396, 7.32876253128, 5.50630378723, 56.2096176147, 46.568687439, 233.658706665, 77.0753860474, 65.135093689, 34.663772583, 33.1609039307, 37.3526115417, 17.5898685455, 35.9540634155], [328.036315918, 68.7442245483, -0.402177244425, 19.2662944794, 70.4264984131, 77.0753860474, 160.038864136, 52.3915138245, 37.9129753113, 33.5772285461, 10.2561693192, 13.528169632, 12.3485746384], [197.396835327, -2.27277731895, 30.0481948853, 47.2347602844, 51.746295929, 65.135093689, 52.3915138245, 147.044769287, 47.4162750244, 9.83235454559, 27.178062439, 29.1922397614, 26.3657798767], [115.430397034, 41.2675552368, 13.7455787659, 27.8652210236, 49.2311210632, 34.663772583, 37.9129753113, 47.4162750244, 100.768875122, 27.6073322296, 9.15121269226, 4.05619764328, 8.77111434937], [58.5646286011, -7.24184370041, 10.7268733978, 3.39820551872, 33.8451652527, 33.1609039307, 33.5772285461, 9.83235454559, 27.6073322296, 83.111618042, 17.9455413818, 10.4203176498, 8.92955780029], [-78.3327713013, 13.0112075806, 24.6168308258, 22.9596824646, 4.7857131958, 37.3526115417, 10.2561693192, 27.178062439, 9.15121269226, 17.9455413818, 78.6565933228, 35.8652420044, 18.2890472412], [-12.8612937927, 15.9665384293, 14.7758588791, 19.4605998993, 18.427772522, 17.5898685455, 13.528169632, 29.1922397614, 4.05619764328, 10.4203176498, 35.8652420044, 85.3082885742, 38.8880271912], [67.0001831055, 16.4592609406, -18.2120513916, 3.24490070343, 12.2061920166, 35.9540634155, 12.3485746384, 26.3657798767, 8.77111434937, 8.92955780029, 18.2890472412, 38.8880271912, 76.189666748]],
