{
"lowlevel": {
    "average_loudness": 0.885849416256,
    "barkbands_crest": {
        "dmean": 3.08001708984,
        "dmean2": 4.71340560913,
        "dvar": 8.82374095917,
        "dvar2": 17.8260536194,
        "max": 26.0715694427,
        "mean": 10.5876646042,
        "median": 9.59355640411,
        "min": 2.17321014404,
        "var": 23.1840248108
    },
    "barkbands_flatness_db": {
        "dmean": 0.0272029004991,
        "dmean2": 0.038955681026,
        "dvar": 0.000750294013415,
        "dvar2": 0.00144740601536,
        "max": 0.406847268343,
        "mean": 0.121453799307,
        "median": 0.113888420165,
        "min": 0.0237876456231,
        "var": 0.00252293329686
    },
    "barkbands_kurtosis": {
        "dmean": 4.09274959564,
        "dmean2": 6.22701072693,
        "dvar": 107.69380188,
        "dvar2": 245.714279175,
        "max": 244.485580444,
        "mean": 4.07635974884,
        "median": 0.678526878357,
        "min": -1.94482600689,
        "var": 145.017791748
    },
    "barkbands_skewness": {
        "dmean": 0.731848537922,
        "dmean2": 1.0526535511,
        "dvar": 0.846726953983,
        "dvar2": 1.65735900402,
        "max": 14.9914722443,
        "mean": 1.27912628651,
        "median": 1.03699815273,
        "min": -6.60537672043,
        "var": 2.7564496994
    },
    "barkbands_spread": {
        "dmean": 10.4781303406,
        "dmean2": 15.6573219299,
        "dvar": 127.806503296,
        "dvar2": 267.842559814,
        "max": 115.672958374,
        "mean": 34.1463661194,
        "median": 30.6105060577,
        "min": 1.13632631302,
        "var": 357.659423828
    },
    "dissonance": {
        "dmean": 0.0196936279535,
        "dmean2": 0.0322644822299,
        "dvar": 0.000402349804062,
        "dvar2": 0.000964576145634,
        "max": 0.499998241663,
        "mean": 0.45973521471,
        "median": 0.466562747955,
        "min": 0.269125401974,
        "var": 0.000873088312801
    },
    "dynamic_complexity": 3.48163866997,
    "erbbands_crest": {
        "dmean": 2.76235246658,
        "dmean2": 4.30530548096,
        "dvar": 7.4488286972,
        "dvar2": 16.7180614471,
        "max": 28.199262619,
        "mean": 9.29953289032,
        "median": 8.28012371063,
        "min": 2.35258507729,
        "var": 20.6033802032
    },
    "erbbands_flatness_db": {
        "dmean": 0.0182868633419,
        "dmean2": 0.0258446782827,
        "dvar": 0.000305925525026,
        "dvar2": 0.000574946927372,
        "max": 0.375105768442,
        "mean": 0.142413169146,
        "median": 0.136880248785,
        "min": 0.0471301414073,
        "var": 0.0018505724147
    },
    "erbbands_kurtosis": {
        "dmean": 1.12819254398,
        "dmean2": 1.72584712505,
        "dvar": 3.39063644409,
        "dvar2": 6.82103919983,
        "max": 53.5258483887,
        "mean": 0.515524208546,
        "median": -0.294924020767,
        "min": -1.84716439247,
        "var": 7.72594308853
    },
    "erbbands_skewness": {
        "dmean": 0.448414951563,
        "dmean2": 0.660634815693,
        "dvar": 0.235986590385,
        "dvar2": 0.467159003019,
        "max": 5.37517547607,
        "mean": 0.142083063722,
        "median": 0.206183880568,
        "min": -5.75036430359,
        "var": 1.02482295036
    },
    "erbbands_spread": {
        "dmean": 12.020529747,
        "dmean2": 17.8160972595,
        "dvar": 165.307846069,
        "dvar2": 364.313323975,
        "max": 194.665374756,
        "mean": 51.0608253479,
        "median": 47.6281013489,
        "min": 3.0508491993,
        "var": 643.919067383
    },
    "hfc": {
        "dmean": 17.1342906952,
        "dmean2": 24.6290435791,
        "dvar": 759.010131836,
        "dvar2": 1646.6138916,
        "max": 299.79107666,
        "mean": 35.6740646362,
        "median": 27.3190975189,
        "min": 1.08365001288e-16,
        "var": 1285.96606445
    },
    "melbands_crest": {
        "dmean": 3.98533034325,
        "dmean2": 6.07698726654,
        "dvar": 15.9148797989,
        "dvar2": 31.1776180267,
        "max": 35.3361129761,
        "mean": 15.208199501,
        "median": 14.0205230713,
        "min": 1.58064651489,
        "var": 44.7224884033
    },
    "melbands_flatness_db": {
        "dmean": 0.0349475257099,
        "dmean2": 0.0488444566727,
        "dvar": 0.0013008202659,
        "dvar2": 0.00239672116004,
        "max": 0.486964911222,
        "mean": 0.163849115372,
        "median": 0.156319752336,
        "min": 0.00306484568864,
        "var": 0.00526011921465
    },
    "melbands_kurtosis": {
        "dmean": 13.5393657684,
        "dmean2": 20.4084796906,
        "dvar": 1477.49914551,
        "dvar2": 3284.38110352,
        "max": 1063.03417969,
        "mean": 19.9875125885,
        "median": 6.38072395325,
        "min": -1.92913031578,
        "var": 2101.01513672
    },
    "melbands_skewness": {
        "dmean": 1.04081368446,
        "dmean2": 1.49015951157,
        "dvar": 2.0032749176,
        "dvar2": 3.77477693558,
        "max": 26.7079772949,
        "mean": 2.95614862442,
        "median": 2.27677226067,
        "min": -2.72684264183,
        "var": 6.63873720169
    },
    "melbands_spread": {
        "dmean": 13.9296855927,
        "dmean2": 20.9346122742,
        "dvar": 367.380889893,
        "dvar2": 765.5859375,
        "max": 284.167663574,
        "mean": 39.0648345947,
        "median": 29.9283313751,
        "min": 0.599179685116,
        "var": 1164.17858887
    },
    "pitch_salience": {
        "dmean": 0.0813753604889,
        "dmean2": 0.123422712088,
        "dvar": 0.00618563359603,
        "dvar2": 0.0125997532159,
        "max": 0.951067984104,
        "mean": 0.529900431633,
        "median": 0.535011589527,
        "min": 0.042311873287,
        "var": 0.0191963221878
    },
    "silence_rate_20dB": {
        "dmean": 0,
        "dmean2": 0,
        "dvar": 0,
        "dvar2": 0,
        "max": 1,
        "mean": 1,
        "median": 1,
        "min": 1,
        "var": 0
    },
    "silence_rate_30dB": {
        "dmean": 0.0348865576088,
        "dmean2": 0.0697816237807,
        "dvar": 0.0336717180908,
        "dvar2": 0.0861459076405,
        "max": 1,
        "mean": 0.975484788418,
        "median": 1,
        "min": 0,
        "var": 0.0239127129316
    },
    "silence_rate_60dB": {
        "dmean": 0.024152232334,
        "dmean2": 0.0483103580773,
        "dvar": 0.0235664285719,
        "dvar2": 0.0523136258125,
        "max": 1,
        "mean": 0.116111718118,
        "median": 0,
        "min": 0,
        "var": 0.1026353091
    },
    "spectral_centroid": {
        "dmean": 372.452636719,
        "dmean2": 558.740356445,
        "dvar": 203394.703125,
        "dvar2": 411695.28125,
        "max": 11804.8798828,
        "mean": 2107.6418457,
        "median": 1911.06713867,
        "min": 196.633239746,
        "var": 1806699.625
    },
    "spectral_complexity": {
        "dmean": 4.56891918182,
        "dmean2": 6.66634130478,
        "dvar": 34.0940055847,
        "dvar2": 66.0859909058,
        "max": 61,
        "mean": 17.0829372406,
        "median": 17,
        "min": 0,
        "var": 119.87387085
    },
    "spectral_decrease": {
        "dmean": 2.93015478547e-09,
        "dmean2": 4.1375449733e-09,
        "dvar": 2.15980480989e-17,
        "dvar2": 3.92326338229e-17,
        "max": 1.75479277249e-28,
        "mean": -7.28776594627e-09,
        "median": -5.53109158474e-09,
        "min": -5.81495136487e-08,
        "var": 5.17986223671e-17
    },
    "spectral_energy": {
        "dmean": 0.0119238374755,
        "dmean2": 0.0168905332685,
        "dvar": 0.000319880462484,
        "dvar2": 0.000580682884902,
        "max": 0.220969125628,
        "mean": 0.0307414978743,
        "median": 0.0244253724813,
        "min": 9.6696840074e-21,
        "var": 0.000802687311079
    },
    "spectral_energyband_high": {
        "dmean": 0.0017991833156,
        "dmean2": 0.00257854047231,
        "dvar": 8.64984303917e-06,
        "dvar2": 1.80403058039e-05,
        "max": 0.0298768766224,
        "mean": 0.00304274237715,
        "median": 0.00161006231792,
        "min": 6.94094360577e-21,
        "var": 1.49476391016e-05
    },
    "spectral_energyband_low": {
        "dmean": 0.00868830550462,
        "dmean2": 0.0121112428606,
        "dvar": 0.000339034188073,
        "dvar2": 0.000610662216786,
        "max": 0.219926670194,
        "mean": 0.0137942703441,
        "median": 0.00337777822278,
        "min": 1.28885601419e-23,
        "var": 0.00062994658947
    },
    "spectral_energyband_middle_high": {
        "dmean": 0.00208817678504,
        "dmean2": 0.00301927071996,
        "dvar": 1.0072497389e-05,
        "dvar2": 2.13264847844e-05,
        "max": 0.0638480708003,
        "mean": 0.00620117969811,
        "median": 0.00284961913712,
        "min": 1.15137422231e-21,
        "var": 5.94024131715e-05
    },
    "spectral_energyband_middle_low": {
        "dmean": 0.00349961663596,
        "dmean2": 0.00540712894872,
        "dvar": 2.2291800633e-05,
        "dvar2": 5.18723863934e-05,
        "max": 0.059955123812,
        "mean": 0.00832408759743,
        "median": 0.00627752533183,
        "min": 1.69264230981e-22,
        "var": 5.70084048377e-05
    },
    "spectral_entropy": {
        "dmean": 0.202114701271,
        "dmean2": 0.28105700016,
        "dvar": 0.0453562438488,
        "dvar2": 0.085559271276,
        "max": 9.82057666779,
        "mean": 7.8923125267,
        "median": 7.88433122635,
        "min": 5.74578142166,
        "var": 0.211277663708
    },
    "spectral_flux": {
        "dmean": 0.0346502028406,
        "dmean2": 0.0558817759156,
        "dvar": 0.00166404864285,
        "dvar2": 0.0043635587208,
        "max": 0.402224361897,
        "mean": 0.0936403796077,
        "median": 0.082547493279,
        "min": 6.45300063384e-11,
        "var": 0.00369137106463
    },
    "spectral_kurtosis": {
        "dmean": 0.853450417519,
        "dmean2": 1.33042240143,
        "dvar": 1.57043004036,
        "dvar2": 4.09671401978,
        "max": 24.8669013977,
        "mean": 2.03391504288,
        "median": 1.7080988884,
        "min": -1.25284397602,
        "var": 3.82979893684
    },
    "spectral_rms": {
        "dmean": 0.000959020399023,
        "dmean2": 0.00132144941017,
        "dvar": 1.38404084282e-06,
        "dvar2": 2.26313363783e-06,
        "max": 0.014682630077,
        "mean": 0.00485881231725,
        "median": 0.0048815603368,
        "min": 3.07145519955e-12,
        "var": 6.38349274595e-06
    },
    "spectral_rolloff": {
        "dmean": 1219.13342285,
        "dmean2": 1949.97998047,
        "dvar": 3027848.75,
        "dvar2": 6125778.5,
        "max": 19659.8144531,
        "mean": 3100.49365234,
        "median": 2002.58789062,
        "min": 64.599609375,
        "var": 10336292
    },
    "spectral_skewness": {
        "dmean": 0.181700095534,
        "dmean2": 0.270888417959,
        "dvar": 0.0429459214211,
        "dvar2": 0.091782592237,
        "max": 3.7364127636,
        "mean": 1.08942568302,
        "median": 1.09271228313,
        "min": -0.444842606783,
        "var": 0.157191291451
    },
    "spectral_spread": {
        "dmean": 858281.0625,
        "dmean2": 1231208,
        "dvar": 1.08534176154e+12,
        "dvar2": 2.08030059725e+12,
        "max": 42740160,
        "mean": 6903966.5,
        "median": 6227873,
        "min": 1623866.25,
        "var": 1.9798287188e+13
    },
    "spectral_strongpeak": {
        "dmean": 0.63859808445,
        "dmean2": 1.06035864353,
        "dvar": 1.08819043636,
        "dvar2": 2.56782650948,
        "max": 20.1519889832,
        "mean": 1.1999540329,
        "median": 0.590478599072,
        "min": 0,
        "var": 2.17090392113
    },
    "zerocrossingrate": {
        "dmean": 0.022683635354,
        "dmean2": 0.0250231474638,
        "dvar": 0.000519366294611,
        "dvar2": 0.000611555064097,
        "max": 0.52880859375,
        "mean": 0.107414372265,
        "median": 0.08984375,
        "min": 0.00390625,
        "var": 0.00554169947281
    },
    "barkbands": {
        "dmean": [0.000727052101865, 0.00775560596958, 0.00258967024274, 0.000649239926133, 0.00119294866454, 0.000725173973478, 0.000848040042911, 0.000619085796643, 0.000875531230122, 0.000848668743856, 0.000465046177851, 0.000540190201718, 0.000251563295024, 0.000235449726461, 0.000221783775487, 0.000269864307484, 0.000141841286677, 0.000171033942024, 0.000209127378184, 0.000314245204208, 0.000335731543601, 0.000282651657471, 0.000360691716196, 0.000357506592991, 0.000369122775737, 0.000182336152648, 5.45361490367e-06],
        "dmean2": [0.00109259062447, 0.0111668352038, 0.00462198257446, 0.00114561407827, 0.00189969153143, 0.00110952102114, 0.00132512452547, 0.000974765745923, 0.00128178007435, 0.00126767880283, 0.00065131339943, 0.000777069188189, 0.000373653194401, 0.000379436358344, 0.000353318901034, 0.000409448723076, 0.000228850884014, 0.000276122096693, 0.000336737080943, 0.000492375111207, 0.000512816943228, 0.000411476328736, 0.000527046562638, 0.000537993910257, 0.000574664736632, 0.000295801786706, 8.36842536955e-06],
        "dvar": [3.38012819157e-06, 0.000340848229825, 5.93720433244e-05, 3.60334001925e-06, 4.73013597002e-06, 3.02939542962e-06, 3.83750739275e-06, 2.64258687821e-06, 3.8658140511e-06, 4.36397704107e-06, 1.93922323888e-06, 1.64400216818e-06, 5.57267014756e-07, 2.47611069426e-07, 2.29121653206e-07, 4.19699432541e-07, 6.40724593381e-08, 1.25244682181e-07, 1.83227029993e-07, 3.33293371568e-07, 3.73540387955e-07, 2.64857533239e-07, 6.13286715634e-07, 3.9019067799e-07, 5.5931229781e-07, 1.65018533949e-07, 4.66824023881e-10],
        "dvar2": [7.0686573963e-06, 0.000666765845381, 0.000161309333635, 1.00246525108e-05, 1.13238993436e-05, 6.86897647029e-06, 8.69108225743e-06, 6.23371124675e-06, 7.28132954464e-06, 9.28879762796e-06, 3.34337119057e-06, 3.01597810903e-06, 1.07933078652e-06, 5.99961026637e-07, 5.30465570137e-07, 9.30746921313e-07, 1.55443970584e-07, 3.11974645228e-07, 4.76835168683e-07, 7.85428937888e-07, 8.3781100102e-07, 5.22543871284e-07, 1.37480981266e-06, 8.5161940433e-07, 1.32287550514e-06, 4.04257036735e-07, 1.13025633297e-09],
        "max": [0.0168627221137, 0.206680044532, 0.075697094202, 0.0226797051728, 0.0379357486963, 0.03861553967, 0.049262624234, 0.0363089703023, 0.0409925170243, 0.0389101281762, 0.0570570267737, 0.0346902385354, 0.0192445274442, 0.0112025756389, 0.00951883196831, 0.018259735778, 0.00413179257885, 0.00697146775201, 0.00578225310892, 0.00955547392368, 0.0074071707204, 0.00789351481944, 0.0204474031925, 0.0101730432361, 0.0116030005738, 0.00602269824594, 0.000335200486006],
        "mean": [0.000818121887278, 0.00990872923285, 0.00262524839491, 0.000728445651475, 0.00220899516717, 0.00115653790999, 0.00144763034768, 0.000943981227465, 0.00152471533511, 0.00151118636131, 0.000938784563914, 0.00122907105833, 0.000399920827476, 0.000364045525203, 0.000363262428436, 0.000483813782921, 0.000244858325459, 0.000271069526207, 0.000340801489074, 0.00060605246108, 0.000600507308263, 0.000415329588577, 0.00050133356126, 0.000500489142723, 0.000421745906351, 0.000181513882126, 5.28173723069e-06],
        "median": [4.56317575299e-05, 0.00148938770872, 0.000458665628685, 0.00013776801643, 0.0010700263083, 0.000374596682377, 0.00029710092349, 0.000190570863197, 0.000271426513791, 0.000234397724853, 8.87983260327e-05, 0.000150394116645, 7.55535875214e-05, 9.83766440186e-05, 8.37372645037e-05, 0.000106280851469, 0.000107339510578, 0.00013210218458, 0.000203807561775, 0.00029667041963, 0.000295478501357, 0.000153456232511, 0.000164980228874, 0.00019986803818, 0.000139074603794, 4.48024147772e-05, 4.64593512106e-07],
        "min": [1.86116988749e-25, 3.2307664267e-24, 6.2848651857e-25, 1.08995136337e-24, 5.22879372187e-24, 1.4081343863e-23, 4.35186517405e-24, 4.84776877705e-24, 1.56313309018e-23, 1.09592185713e-23, 2.15528758438e-23, 2.12755817693e-23, 3.3056446305e-23, 2.84649034943e-23, 5.0954330782e-23, 3.98099192245e-23, 5.87414860109e-23, 8.04187715303e-23, 1.18677345298e-22, 1.72783257437e-22, 2.02791210728e-22, 3.18589693349e-22, 3.99470074726e-22, 6.12854248529e-22, 8.86564546885e-22, 1.33948056641e-21, 2.0015609976e-21],
        "var": [4.02361729357e-06, 0.000454121589428, 4.19495117967e-05, 2.7878122637e-06, 1.16191167763e-05, 5.91698653807e-06, 9.78354728431e-06, 5.91655089011e-06, 1.14426811706e-05, 1.14573431347e-05, 8.89792499947e-06, 9.42029328144e-06, 1.38295661145e-06, 5.45738600977e-07, 5.7092120187e-07, 1.33804621782e-06, 1.4918786917e-07, 2.38447626089e-07, 2.14305643453e-07, 7.10877316124e-07, 6.85487691499e-07, 4.73584719884e-07, 8.68096776685e-07, 6.43401847356e-07, 6.38739663827e-07, 1.62723324593e-07, 4.71855665651e-10]
    },
    "erbbands": {
        "dmean": [0.379776448011, 1.169023633, 2.43055391312, 2.82338809967, 2.32491207123, 4.73692655563, 6.08338451385, 5.70092344284, 11.7647304535, 11.6010684967, 13.2526683807, 20.3880443573, 20.3553752899, 24.4430084229, 17.7040348053, 18.5878162384, 11.0595560074, 9.13745212555, 11.4604492188, 12.10663414, 13.9656715393, 7.93129968643, 8.23146629333, 10.5460987091, 10.4930057526, 13.4247274399, 15.7874164581, 10.9015960693, 10.313044548, 9.22281265259, 10.8105363846, 7.60594367981, 5.7934384346, 4.03010034561, 2.55126953125, 1.34154891968, 0.196716338396, 0.0296026840806, 0.000699661730323, 3.99229793402e-05],
        "dmean2": [0.558791399002, 1.64223968983, 4.25819015503, 4.87220811844, 3.82449817657, 7.58837938309, 9.38702583313, 8.7295627594, 18.4630718231, 17.9151706696, 20.4461269379, 29.8884620667, 30.5415782928, 35.7908782959, 24.5620174408, 25.9182605743, 15.9679174423, 14.3862342834, 18.07421875, 18.6254310608, 20.7885704041, 12.6614255905, 13.3105068207, 16.9352874756, 16.6430339813, 20.4809436798, 24.307056427, 16.1915721893, 15.0262041092, 13.7960319519, 15.76932621, 11.4786996841, 8.62756156921, 6.133289814, 4.04445123672, 2.19441628456, 0.30784201622, 0.0463255830109, 0.00107902288437, 5.97412581556e-05],
        "dvar": [0.92308318615, 6.54041719437, 46.9403114319, 65.4333267212, 21.398059845, 96.9936752319, 208.432098389, 215.541442871, 841.388549805, 694.55871582, 1146.57739258, 2604.9675293, 2342.58007812, 4089.65429688, 2398.01318359, 1828.66210938, 1033.56530762, 402.521179199, 603.332214355, 744.82043457, 1319.91259766, 185.132843018, 283.666778564, 427.579559326, 541.675842285, 535.382873535, 812.46661377, 417.281585693, 349.585266113, 296.12286377, 695.907592773, 195.105758667, 100.385696411, 61.8401794434, 28.4910964966, 10.1237955093, 0.181748539209, 0.00978535227478, 4.92638355354e-06, 5.09264763693e-09],
        "dvar2": [1.81670320034, 12.9389457703, 127.19493866, 172.611740112, 56.5779838562, 231.596710205, 480.339599609, 483.894378662, 1935.03222656, 1581.33215332, 2610.81225586, 4962.30615234, 5032.17871094, 9100.94726562, 3894.93603516, 3260.82324219, 2192.35766602, 876.069641113, 1313.80871582, 1621.08349609, 2878.72973633, 458.785430908, 714.921386719, 1095.1706543, 1384.01269531, 1253.50817871, 1857.41845703, 912.167114258, 681.672973633, 655.269226074, 1607.1439209, 430.636444092, 218.753799438, 143.869857788, 68.2813491821, 25.1480979919, 0.435889065266, 0.0239097531885, 1.18870011647e-05, 1.17766596475e-08],
        "max": [9.75305175781, 31.6678543091, 64.4497756958, 79.2279129028, 123.454963684, 223.512893677, 327.847015381, 359.850219727, 684.51739502, 481.857055664, 724.264892578, 1073.38916016, 1018.68792725, 1597.68383789, 1732.28466797, 971.076538086, 1075.44787598, 588.817932129, 703.125427246, 552.828613281, 1236.33544922, 243.604003906, 250.948440552, 318.288085938, 327.250518799, 386.955474854, 402.407531738, 256.964202881, 385.102752686, 196.475158691, 805.558227539, 285.503173828, 167.250137329, 183.905502319, 64.1928482056, 33.1021270752, 10.5693025589, 1.22598361969, 0.0284188147634, 0.00095108198002],
        "mean": [0.439821332693, 1.63213300705, 2.8360645771, 3.10924553871, 3.69421887398, 8.17848682404, 10.8156108856, 8.96133899689, 19.4022941589, 19.6770572662, 23.5587482452, 34.9312705994, 39.4395942688, 46.2010688782, 40.4929389954, 44.0339050293, 21.6764297485, 15.3741178513, 19.8082199097, 22.0808124542, 25.8828887939, 14.8386869431, 13.3200597763, 18.0717906952, 17.5501976013, 28.0163650513, 32.1799278259, 18.4104137421, 15.5560522079, 12.5876407623, 14.9124107361, 10.9717273712, 7.9784913063, 4.92472410202, 2.77164793015, 1.29499852657, 0.208452686667, 0.0291634779423, 0.000718167517334, 7.01079698047e-05],
        "median": [0.0344496965408, 0.296469449997, 0.683035731316, 0.709791183472, 1.41960215569, 3.25457000732, 3.8262348175, 3.26996040344, 4.59131717682, 4.69386959076, 5.71366357803, 7.29548406601, 10.0334558487, 9.33325004578, 6.99227619171, 6.70494174957, 4.87538146973, 4.61001825333, 5.7669711113, 6.43901872635, 6.3668589592, 6.82360935211, 6.99926948547, 10.5524778366, 10.5429964066, 14.1921377182, 15.6727800369, 8.54700183868, 6.12986373901, 3.9439663887, 4.91307163239, 4.57788515091, 3.15224146843, 1.71395432949, 0.892304182053, 0.316994279623, 0.0510183237493, 0.00505628436804, 0.000149871557369, 4.62996613351e-05],
        "min": [5.12074383811e-23, 5.01578968121e-22, 2.0589024259e-21, 3.57481934469e-21, 9.65846537034e-21, 1.19021564312e-20, 4.71624716442e-20, 9.50467811574e-20, 8.43657985732e-20, 1.57087892651e-19, 1.81409820244e-19, 4.82513166264e-19, 4.18322425615e-19, 6.18712073036e-19, 1.14550266653e-18, 1.11252628423e-18, 1.59314262195e-18, 2.49272800788e-18, 2.71871581918e-18, 3.1037994136e-18, 4.2060996775e-18, 3.92455924344e-18, 4.81379577273e-18, 5.98555377228e-18, 7.06315628425e-18, 8.73512239433e-18, 6.64238356871e-18, 9.36201362926e-18, 1.15195794267e-17, 1.13041774593e-17, 1.0877488748e-17, 1.02322845615e-17, 9.85526473725e-18, 7.95567010312e-18, 5.82755441707e-18, 3.89779622831e-18, 2.08091758748e-18, 9.38694381895e-19, 2.40511526044e-19, 2.73629181746e-20],
        "var": [1.14044642448, 9.70684051514, 36.3392982483, 52.322479248, 38.1039924622, 218.733078003, 534.303588867, 336.066864014, 1943.76757812, 1665.31689453, 2671.04248047, 7115.34570312, 6654.82177734, 10380.5410156, 11117.0908203, 10418.4394531, 2829.84326172, 1126.42773438, 1506.1427002, 1881.98706055, 4220.11865234, 477.622650146, 429.965942383, 657.296875, 622.052001953, 1395.37988281, 1934.00964355, 771.379089355, 649.180969238, 455.489013672, 887.08996582, 331.669403076, 160.664535522, 80.6229248047, 29.7279663086, 9.23066234589, 0.205884024501, 0.00939286593348, 4.89315061714e-06, 6.84492951208e-09]
    },
    "gfcc": {
        "mean": [-8.49702262878, 43.0591201782, -108.925338745, 37.3176765442, -73.4544830322, 19.775384903, -37.9774246216, 18.1472911835, -29.9281291962, 8.17679786682, -17.0906524658, 2.22393131256, -5.69021177292],
        "cov": [[29189.6816406, 179.324081421, -781.099609375, 530.183044434, -1283.38989258, 987.209960938, -667.311035156, 349.060455322, -736.720458984, 309.11114502, -392.158477783, 314.188018799, -40.6814727783], [179.324081421, 1137.75195312, -96.8184204102, 126.37247467, 278.513336182, 138.26335144, 235.875061035, 65.3416366577, 45.4914360046, 1.12178528309, 72.2713241577, -86.0608062744, 82.5191116333], [-781.099609375, -96.8184204102, 1411.55249023, 394.774932861, 260.757049561, 205.04800415, 3.00415945053, 57.1412506104, 97.0912017822, 14.3222770691, 1.39228177071, 56.5792694092, -89.0889968872], [530.183044434, 126.37247467, 394.774932861, 827.052856445, 260.742370605, 176.361373901, 155.045211792, 91.8978805542, 165.953811646, 13.4283809662, 6.27984046936, 23.1957092285, -54.8285636902], [-1283.38989258, 278.513336182, 260.757049561, 260.742370605, 552.378356934, 227.125915527, 266.125, 64.181388855, 125.477996826, 8.19441699982, 27.4251346588, -4.57381391525, 10.1693563461], [987.209960938, 138.26335144, 205.04800415, 176.361373901, 227.125915527, 479.266937256, 249.891036987, 50.808757782, 37.1926765442, 26.7563762665, 22.5494804382, 32.2684326172, 4.74399518967], [-667.311035156, 235.875061035, 3.00415945053, 155.045211792, 266.125, 249.891036987, 395.826873779, 66.137588501, 98.1437606812, 36.0602722168, 69.8716049194, -0.674712121487, 14.9848480225], [349.060455322, 65.3416366577, 57.1412506104, 91.8978805542, 64.181388855, 50.808757782, 66.137588501, 181.296264648, 87.646736145, 23.7915840149, -7.52563524246, -1.47505128384, 12.8214569092], [-736.720458984, 45.4914360046, 97.0912017822, 165.953811646, 125.477996826, 37.1926765442, 98.1437606812, 87.646736145, 190.423583984, 40.5377426147, 20.6682186127, 9.6308298111, -0.456081479788], [309.11114502, 1.12178528309, 14.3222770691, 13.4283809662, 8.19441699982, 26.7563762665, 36.0602722168, 23.7915840149, 40.5377426147, 107.446784973, 54.2895278931, 23.1420555115, 4.27519845963], [-392.158477783, 72.2713241577, 1.39228177071, 6.27984046936, 27.4251346588, 22.5494804382, 69.8716049194, -7.52563524246, 20.6682186127, 54.2895278931, 137.176681519, 43.0432434082, 22.923538208], [314.188018799, -86.0608062744, 56.5792694092, 23.1957092285, -4.57381391525, 32.2684326172, -0.674712121487, -1.47505128384, 9.6308298111, 23.1420555115, 43.0432434082, 106.228271484, 21.3256568909], [-40.6814727783, 82.5191116333, -89.0889968872, -54.8285636902, 10.1693563461, 4.74399518967, 14.9848480225, 12.8214569092, -0.456081479788, 4.27519845963, 22.923538208, 21.3256568909, 124.440391541]],
        "icov": [[0.000127235645778, -0.0001673810184, 0.000146755264723, -0.000248567579547, 0.000322792620864, -0.00047870061826, 0.00034922856139, -0.000443888566224, 0.000697959505487, -0.000733386375941, 0.000609180715401, -0.000562017667107, 0.00015553618141], [-0.0001673810184, 0.0015416375827, -7.66561279306e-05, 0.000146745733218, -0.00089488615049, 0.000523413822521, -0.000631758128293, 0.000263104273472, -0.000598290062044, 0.00123729160987, -0.00180573039688, 0.00228586816229, -0.00106888858136], [0.000146755264723, -7.66561279306e-05, 0.00119900132995, -0.00057399366051, -0.000167832826264, -0.00102007028181, 0.00118649401702, -0.000697306822985, 0.000663789454848, -0.000768439553212, 0.000392108398955, -0.000921270577237, 0.000800347654149], [-0.000248567579547, 0.000146745733218, -0.00057399366051, 0.00231408560649, -0.000892328447662, 0.00070492841769, -0.000760705268476, 0.000740030489396, -0.00252076378092, 0.00179586536251, -0.000983142410405, 0.000540871988051, 0.000508969416842], [0.000322792620864, -0.00089488615049, -0.000167832826264, -0.000892328447662, 0.00440989434719, -0.00158310774714, -0.000813075806946, -0.000641436548904, 0.000558626488782, -0.00126383837778, 0.00203598639928, -0.00132855947595, -5.23100570717e-05], [-0.00047870061826, 0.000523413822521, -0.00102007028181, 0.00070492841769, -0.00158310774714, 0.00570641551167, -0.00386336399242, 0.00138108187821, -0.00112335302401, 0.00188173470087, -0.000896784360521, 0.000617725541815, -0.00069795147283], [0.00034922856139, -0.000631758128293, 0.00118649401702, -0.000760705268476, -0.000813075806946, -0.00386336399242, 0.00728279910982, -0.0018197381869, 0.000422671291744, -0.0016432844568, -0.00114128366113, -0.000245978881139, 0.000882002874278], [-0.000443888566224, 0.000263104273472, -0.000697306822985, 0.000740030489396, -0.000641436548904, 0.00138108187821, -0.0018197381869, 0.00929454248399, -0.00563686899841, 0.00136578513775, -0.00014624420146, 0.00200326740742, -0.00161543278955], [0.000697959505487, -0.000598290062044, 0.000663789454848, -0.00252076378092, 0.000558626488782, -0.00112335302401, 0.000422671291744, -0.00563686899841, 0.0133672188967, -0.00653085019439, 0.00348628265783, -0.00341122434475, 0.000732272397727], [-0.000733386375941, 0.00123729160987, -0.000768439553212, 0.00179586536251, -0.00126383837778, 0.00188173470087, -0.0016432844568, 0.00136578513775, -0.00653085019439, 0.017424095422, -0.00877032615244, 0.00297054531984, -0.000246412964771], [0.000609180715401, -0.00180573039688, 0.000392108398955, -0.000983142410405, 0.00203598639928, -0.000896784360521, -0.00114128366113, -0.00014624420146, 0.00348628265783, -0.00877032615244, 0.0156897995621, -0.00767150474712, 2.92247909783e-06], [-0.000562017667107, 0.00228586816229, -0.000921270577237, 0.000540871988051, -0.00132855947595, 0.000617725541815, -0.000245978881139, 0.00200326740742, -0.00341122434475, 0.00297054531984, -0.00767150474712, 0.016607247293, -0.00375993642956], [0.00015553618141, -0.00106888858136, 0.000800347654149, 0.000508969416842, -5.23100570717e-05, -0.00069795147283, 0.000882002874278, -0.00161543278955, 0.000732272397727, -0.000246412964771, 2.92247909783e-06, -0.00375993642956, 0.0103389378637]]
    },
    "melbands": {
        "dmean": [0.00264699663967, 0.00107293738984, 0.000459247530671, 0.00025018240558, 0.000213504201383, 0.000135886453791, 0.000176592962816, 0.000132523942739, 0.000118962809211, 0.00012518519361, 0.000106631145172, 0.000108197637019, 6.53855895507e-05, 5.92388823861e-05, 4.35244182881e-05, 1.77263063961e-05, 1.89575657714e-05, 2.08420933632e-05, 1.7798582121e-05, 1.77688816621e-05, 1.60810031957e-05, 8.898865417e-06, 7.49087803342e-06, 8.90812771104e-06, 9.03507498151e-06, 8.41713699629e-06, 8.38775758893e-06, 1.0072769328e-05, 1.1616253687e-05, 7.73634565121e-06, 6.59613851894e-06, 6.29643091088e-06, 5.33181309947e-06, 5.29299131813e-06, 6.88506725055e-06, 5.40348037248e-06, 4.63027345177e-06, 4.14531814386e-06, 4.0627069211e-06, 3.27259976984e-06],
        "dmean2": [0.00385410990566, 0.00166660384275, 0.000787879049312, 0.000399313226808, 0.000329386472004, 0.000206725351745, 0.000274854624877, 0.000207385397516, 0.000179862356163, 0.00018379271205, 0.000160602969117, 0.000158571026986, 8.89807852218e-05, 8.26958712423e-05, 6.28333073109e-05, 2.70101099886e-05, 3.03276465274e-05, 3.29523572873e-05, 2.8078624382e-05, 2.7362975743e-05, 2.36846262851e-05, 1.41243554026e-05, 1.22568353618e-05, 1.43669385579e-05, 1.46285929077e-05, 1.34478841574e-05, 1.34910405905e-05, 1.55110083142e-05, 1.8114093109e-05, 1.19714750326e-05, 9.82089113677e-06, 9.24373944144e-06, 7.89293881098e-06, 8.23693608254e-06, 1.02905387394e-05, 8.10174151411e-06, 7.15077021596e-06, 6.29543546893e-06, 6.16318857283e-06, 5.05310299559e-06],
        "dvar": [4.2438172386e-05, 6.14270584265e-06, 1.58954560447e-06, 2.3756960843e-07, 2.0162146086e-07, 1.13264178481e-07, 1.77713431526e-07, 8.98848995234e-08, 8.22002093059e-08, 8.73916903288e-08, 6.41891801934e-08, 7.99455648348e-08, 3.68509844861e-08, 2.54383802911e-08, 1.27640111813e-08, 3.24108095917e-09, 1.72818559463e-09, 2.20834883713e-09, 1.5631722583e-09, 1.7867992641e-09, 2.00047201027e-09, 2.5292015704e-10, 2.25441276758e-10, 4.11711359449e-10, 3.15955678287e-10, 2.85549695e-10, 3.56459306516e-10, 2.89822804644e-10, 4.57019672107e-10, 2.27601493208e-10, 1.53779489143e-10, 1.2959504303e-10, 1.19617649119e-10, 1.05589113841e-10, 4.22729878879e-10, 9.80920483729e-11, 7.66209387604e-11, 5.34150744469e-11, 6.00418048613e-11, 4.21982761234e-11],
        "dvar2": [8.29280761536e-05, 1.49180978042e-05, 4.16965349359e-06, 5.92270509969e-07, 4.58837035922e-07, 2.52034539017e-07, 4.00314604576e-07, 2.0902403719e-07, 1.79124924671e-07, 1.70140765476e-07, 1.38075989753e-07, 1.74720582891e-07, 5.89904445292e-08, 4.47974173312e-08, 2.46895393019e-08, 6.7085306199e-09, 4.0140908375e-09, 4.78383466174e-09, 3.5993652503e-09, 3.88563314857e-09, 4.36520997127e-09, 5.96574956102e-10, 5.77952186109e-10, 1.00759278698e-09, 8.13507095021e-10, 7.32324145769e-10, 8.96959118091e-10, 6.87729595494e-10, 1.04874964268e-09, 5.32740851433e-10, 3.37210148693e-10, 2.64512439729e-10, 2.55629878376e-10, 2.50081622077e-10, 1.06616926399e-09, 2.11992617904e-10, 1.71281308581e-10, 1.19683984945e-10, 1.3590650827e-10, 9.92531473676e-11],
        "max": [0.0702304914594, 0.0251836664975, 0.0129870483652, 0.00929579231888, 0.0102704660967, 0.0078018582426, 0.0109302289784, 0.00541823077947, 0.00541595602408, 0.00599657744169, 0.0051408582367, 0.00680621061474, 0.0067005334422, 0.00458768149838, 0.00312101235613, 0.00180441967677, 0.00106986681931, 0.00132599053904, 0.000923614192288, 0.000987571431324, 0.00175246421713, 0.000349785754224, 0.000291289994493, 0.000422251323471, 0.000284741749056, 0.000206879602047, 0.000261483801296, 0.000349207315594, 0.000425340520451, 0.000194443840883, 0.000170450832229, 0.000194686333998, 0.00019407417858, 0.000129666761495, 0.000680611294229, 0.000192669263924, 0.000235169936786, 0.000132479603053, 0.00014053961786, 0.000170148661709],
        "mean": [0.00321902683936, 0.00169366400223, 0.000540048640687, 0.000429477571743, 0.000390912755392, 0.000213080682443, 0.000294918951113, 0.000215188250877, 0.000209876641748, 0.000212308776099, 0.000201964692678, 0.000196106077055, 0.000138202842209, 0.000129458945594, 9.79933538474e-05, 2.82980599877e-05, 2.8705531804e-05, 3.34958240273e-05, 2.85640016955e-05, 3.19215396303e-05, 2.75253187283e-05, 1.50027135533e-05, 1.14385793495e-05, 1.36691878652e-05, 1.46541788126e-05, 1.34031342895e-05, 1.28309256979e-05, 2.02690534934e-05, 2.31845551752e-05, 1.322186381e-05, 9.92187597149e-06, 9.14473730518e-06, 7.25708878235e-06, 6.85458780936e-06, 8.81769665284e-06, 7.85762222222e-06, 6.39692143523e-06, 5.63989760849e-06, 5.07702588948e-06, 3.84851955459e-06],
        "median": [0.000398793490604, 0.000489627942443, 0.000161392905284, 0.000176369518158, 0.000156540307216, 7.630536129e-05, 6.56496267766e-05, 4.74585212942e-05, 3.8787129597e-05, 3.7588088162e-05, 4.00767348765e-05, 3.46886517946e-05, 1.66656773217e-05, 1.65379951795e-05, 1.34340289151e-05, 6.38109713691e-06, 7.45792476664e-06, 8.65197944222e-06, 6.57902410239e-06, 7.54405482439e-06, 6.07086303717e-06, 6.48920831736e-06, 5.42360248801e-06, 6.65920561005e-06, 8.26420728117e-06, 7.68749941926e-06, 6.78504011375e-06, 9.56902385951e-06, 1.04059236037e-05, 6.10218285146e-06, 3.76530124413e-06, 3.51879702976e-06, 2.41755265051e-06, 2.00101021619e-06, 2.63865058514e-06, 2.9645207178e-06, 2.63791821453e-06, 2.19295588977e-06, 1.78391780992e-06, 1.22604603803e-06],
        "min": [7.74179957256e-25, 1.10069466283e-24, 6.53668536386e-25, 7.51155720534e-25, 1.34539458246e-24, 2.28212194234e-24, 1.17355641983e-24, 1.6434475317e-24, 1.25068729484e-24, 2.52246458876e-24, 1.99064829027e-24, 1.83695885884e-24, 2.89444583495e-24, 2.66273845442e-24, 2.44496117419e-24, 2.3418404878e-24, 3.28168582041e-24, 4.02313894624e-24, 4.62916161515e-24, 3.04761304046e-24, 5.14968793359e-24, 2.9542225589e-24, 3.26766914263e-24, 3.26024398936e-24, 4.14662052702e-24, 3.54940903999e-24, 4.55148839827e-24, 5.01502622162e-24, 3.38266908818e-24, 4.97775530486e-24, 4.93094784862e-24, 5.59493443913e-24, 5.21683537941e-24, 6.03996637451e-24, 4.87749384482e-24, 5.1443000136e-24, 5.98145380015e-24, 6.66259298775e-24, 6.29832344856e-24, 6.28101939017e-24],
        "var": [5.43537753401e-05, 8.15577277535e-06, 1.30793432618e-06, 5.21427409694e-07, 5.59121474453e-07, 1.86558835935e-07, 4.36228276612e-07, 2.08197363349e-07, 2.1076266421e-07, 2.40682766162e-07, 1.86390735735e-07, 1.95865766273e-07, 1.73091763145e-07, 1.43434704114e-07, 7.29854718884e-08, 7.38412087031e-09, 4.0850784977e-09, 5.43932632269e-09, 3.69473451833e-09, 5.21081755522e-09, 5.42338796095e-09, 6.12750961082e-10, 3.37311428789e-10, 7.29970861535e-10, 4.57562571166e-10, 3.5566244394e-10, 4.0849013061e-10, 8.3890877578e-10, 1.24776289301e-09, 3.91289334267e-10, 2.69107708339e-10, 2.28876875785e-10, 1.78791079164e-10, 1.44600983965e-10, 4.22512302922e-10, 1.71056113718e-10, 1.25115251493e-10, 8.29966581573e-11, 8.00245147925e-11, 5.39810036948e-11]
    },
    "mfcc": {
        "mean": [-642.020263672, 70.7229614258, 14.7180042267, 17.5052509308, -4.59469747543, -0.939494431019, 4.85225152969, 1.16053819656, 2.43332648277, 3.54340553284, -6.50294685364, 1.56647801399, -1.50043714046],
        "cov": [[12483.7138672, 588.817138672, 448.392181396, 1.33890891075, -45.0135917664, 406.217407227, 279.760864258, 97.4036026001, 72.2506408691, 111.275108337, -260.660369873, -49.9001579285, 52.791015625], [588.817138672, 949.95135498, -76.6876678467, -45.6582260132, 69.2936096191, 47.7997779846, 203.794631958, 3.07976770401, 79.1177444458, 58.3034973145, -45.495891571, 34.4933166504, 14.0420722961], [448.392181396, -76.6876678467, 973.570068359, 248.157806396, 261.190032959, 160.495727539, 13.6364784241, 108.236167908, 8.92900371552, 5.11820173264, 89.5984420776, 43.3784179688, 21.7798194885], [1.33890891075, -45.6582260132, 248.157806396, 609.17388916, 223.720184326, 136.488265991, 19.2709388733, 127.194740295, 86.7027893066, 47.8684654236, 114.256729126, 65.5496444702, 31.525434494], [-45.0135917664, 69.2936096191, 261.190032959, 223.720184326, 356.065368652, 143.935852051, 56.3204956055, 116.012763977, 93.1190795898, 50.6865959167, 47.8762245178, 9.63107299805, 23.8748970032], [406.217407227, 47.7997779846, 160.495727539, 136.488265991, 143.935852051, 444.483001709, 214.10736084, 185.262649536, 70.485458374, 91.3457946777, 86.1730575562, 0.943133234978, 36.2822761536], [279.760864258, 203.794631958, 13.6364784241, 19.2709388733, 56.3204956055, 214.10736084, 290.539855957, 118.487693787, 64.6311798096, 76.1163330078, 29.8552932739, 28.4541625977, 21.8727321625], [97.4036026001, 3.07976770401, 108.236167908, 127.194740295, 116.012763977, 185.262649536, 118.487693787, 237.349594116, 107.78162384, 75.0317001343, 74.2290039062, 21.0754585266, 38.7503471375], [72.2506408691, 79.1177444458, 8.92900371552, 86.7027893066, 93.1190795898, 70.485458374, 64.6311798096, 107.78162384, 187.862869263, 92.3933105469, 31.9534568787, 22.1968841553, 24.7244548798], [111.275108337, 58.3034973145, 5.11820173264, 47.8684654236, 50.6865959167, 91.3457946777, 76.1163330078, 75.0317001343, 92.3933105469, 127.352027893, 54.2946739197, 15.7634496689, 14.975476265], [-260.660369873, -45.495891571, 89.5984420776, 114.256729126, 47.8762245178, 86.1730575562, 29.8552932739, 74.2290039062, 31.9534568787, 54.2946739197, 162.223068237, 52.9325942993, 23.626531601], [-49.9001579285, 34.4933166504, 43.3784179688, 65.5496444702, 9.63107299805, 0.943133234978, 28.4541625977, 21.0754585266, 22.1968841553, 15.7634496689, 52.9325942993, 117.709335327, 45.4109077454], [52.791015625, 14.0420722961, 21.7798194885, 31.525434494, 23.8748970032, 36.2822761536, 21.8727321625, 38.7503471375, 24.7244548798, 14.975476265, 23.626531601, 45.4109077454, 96.3720397949]],
