{
"lowlevel": {
    "average_loudness": 0.865439772606,
    "barkbands_crest": {
        "dmean": 2.126527071,
        "dmean2": 3.31942009926,
        "dvar": 4.78048944473,
        "dvar2": 11.3825349808,
        "max": 25.8042926788,
        "mean": 11.9533529282,
        "median": 11.2529373169,
        "min": 3.06262254715,
        "var": 19.8132762909
    },
    "barkbands_flatness_db": {
        "dmean": 0.0213730894029,
        "dmean2": 0.0309110172093,
        "dvar": 0.00050108396681,
        "dvar2": 0.000971400062554,
        "max": 0.495434969664,
        "mean": 0.210417315364,
        "median": 0.203349202871,
        "min": 0.0307924579829,
        "var": 0.00461802864447
    },
    "barkbands_kurtosis": {
        "dmean": 5.89535474777,
        "dmean2": 9.07670783997,
        "dvar": 101.612136841,
        "dvar2": 229.209197998,
        "max": 318.457336426,
        "mean": 12.9161434174,
        "median": 8.17912483215,
        "min": -1.94760644436,
        "var": 289.361724854
    },
    "barkbands_skewness": {
        "dmean": 0.696785449982,
        "dmean2": 1.00644671917,
        "dvar": 0.741281509399,
        "dvar2": 1.38724112511,
        "max": 11.977763176,
        "mean": 2.19791865349,
        "median": 2.15074443817,
        "min": -8.61452102661,
        "var": 3.82720828056
    },
    "barkbands_spread": {
        "dmean": 6.27740955353,
        "dmean2": 9.47539424896,
        "dvar": 141.012710571,
        "dvar2": 285.25479126,
        "max": 110.829536438,
        "mean": 18.8539962769,
        "median": 9.69259643555,
        "min": 0.344430804253,
        "var": 489.421539307
    },
    "dissonance": {
        "dmean": 0.0311292801052,
        "dmean2": 0.0509599000216,
        "dvar": 0.000909136026166,
        "dvar2": 0.00229886732996,
        "max": 0.500000059605,
        "mean": 0.406002670527,
        "median": 0.412723004818,
        "min": 0.135826855898,
        "var": 0.003407076234
    },
    "dynamic_complexity": 4.26732587814,
    "erbbands_crest": {
        "dmean": 2.62974524498,
        "dmean2": 4.02747058868,
        "dvar": 7.8320555687,
        "dvar2": 17.5171318054,
        "max": 33.1026916504,
        "mean": 13.4117002487,
        "median": 12.2995510101,
        "min": 2.25697684288,
        "var": 36.2862854004
    },
    "erbbands_flatness_db": {
        "dmean": 0.0199053939432,
        "dmean2": 0.026828346774,
        "dvar": 0.000465386401629,
        "dvar2": 0.000802146270871,
        "max": 0.47210213542,
        "mean": 0.19035038352,
        "median": 0.185502961278,
        "min": 0.0459266155958,
        "var": 0.00376819260418
    },
    "erbbands_kurtosis": {
        "dmean": 2.67415618896,
        "dmean2": 4.06322431564,
        "dvar": 19.8498878479,
        "dvar2": 46.2913131714,
        "max": 109.780006409,
        "mean": 5.53980064392,
        "median": 3.07115745544,
        "min": -1.86043512821,
        "var": 76.1172027588
    },
    "erbbands_skewness": {
        "dmean": 0.532491028309,
        "dmean2": 0.753344416618,
        "dvar": 0.408064693213,
        "dvar2": 0.755536794662,
        "max": 7.67558240891,
        "mean": 1.20696306229,
        "median": 1.42235898972,
        "min": -6.6810631752,
        "var": 2.48578238487
    },
    "erbbands_spread": {
        "dmean": 11.012963295,
        "dmean2": 16.4296112061,
        "dvar": 304.291809082,
        "dvar2": 674.216064453,
        "max": 184.934448242,
        "mean": 37.3496131897,
        "median": 27.4785766602,
        "min": 0.455160468817,
        "var": 865.539794922
    },
    "hfc": {
        "dmean": 9.01080608368,
        "dmean2": 12.7359256744,
        "dvar": 443.69354248,
        "dvar2": 841.734802246,
        "max": 318.920257568,
        "mean": 25.0945243835,
        "median": 13.9732093811,
        "min": 1.10298856916e-16,
        "var": 1346.68762207
    },
    "melbands_crest": {
        "dmean": 2.74608516693,
        "dmean2": 4.2997136116,
        "dvar": 7.63880872726,
        "dvar2": 18.5660629272,
        "max": 33.4614334106,
        "mean": 15.6292819977,
        "median": 14.8663883209,
        "min": 1.76158368587,
        "var": 29.4212093353
    },
    "melbands_flatness_db": {
        "dmean": 0.0246481224895,
        "dmean2": 0.0343090482056,
        "dvar": 0.000801948131993,
        "dvar2": 0.00142952322494,
        "max": 0.612836122513,
        "mean": 0.255724310875,
        "median": 0.250516474247,
        "min": 0.00333655392751,
        "var": 0.00857267901301
    },
    "melbands_kurtosis": {
        "dmean": 11.3955583572,
        "dmean2": 17.4050254822,
        "dvar": 499.806884766,
        "dvar2": 1133.78564453,
        "max": 900.222351074,
        "mean": 24.7451534271,
        "median": 14.6242733002,
        "min": -1.95840477943,
        "var": 1094.47900391
    },
    "melbands_skewness": {
        "dmean": 0.841056346893,
        "dmean2": 1.23025357723,
        "dvar": 1.15567755699,
        "dvar2": 2.36437964439,
        "max": 22.0452060699,
        "mean": 3.01190018654,
        "median": 2.71307611465,
        "min": -4.31153821945,
        "var": 4.67942857742
    },
    "melbands_spread": {
        "dmean": 8.58137607574,
        "dmean2": 12.5995779037,
        "dvar": 512.0390625,
        "dvar2": 929.492614746,
        "max": 287.043243408,
        "mean": 24.0354385376,
        "median": 9.59876060486,
        "min": 0.293947070837,
        "var": 1827.24047852
    },
    "pitch_salience": {
        "dmean": 0.0563465468585,
        "dmean2": 0.0875739306211,
        "dvar": 0.00346182845533,
        "dvar2": 0.00812517013401,
        "max": 0.953586518764,
        "mean": 0.538945555687,
        "median": 0.537244915962,
        "min": 0.0403828471899,
        "var": 0.0141044612974
    },
    "silence_rate_20dB": {
        "dmean": 0,
        "dmean2": 0,
        "dvar": 0,
        "dvar2": 0,
        "max": 1,
        "mean": 1,
        "median": 1,
        "min": 1,
        "var": 0
    },
    "silence_rate_30dB": {
        "dmean": 0.000882320513483,
        "dmean2": 0.00176483567338,
        "dvar": 0.000881578656845,
        "dvar2": 0.00220310525037,
        "max": 1,
        "mean": 0.999338328838,
        "median": 1,
        "min": 0,
        "var": 0.000661259167828
    },
    "silence_rate_60dB": {
        "dmean": 0.028013676405,
        "dmean2": 0.0560335330665,
        "dvar": 0.0272250715643,
        "dvar2": 0.0601762197912,
        "max": 1,
        "mean": 0.118438467383,
        "median": 0,
        "min": 0,
        "var": 0.104419060051
    },
    "spectral_centroid": {
        "dmean": 215.432723999,
        "dmean2": 305.130065918,
        "dvar": 217347.875,
        "dvar2": 335940.25,
        "max": 11582.1435547,
        "mean": 1027.4642334,
        "median": 632.728759766,
        "min": 106.258224487,
        "var": 1476366.25
    },
    "spectral_complexity": {
        "dmean": 1.61508762836,
        "dmean2": 2.48908019066,
        "dvar": 4.14846515656,
        "dvar2": 8.34104156494,
        "max": 44,
        "mean": 9.12604808807,
        "median": 9,
        "min": 0,
        "var": 21.5185642242
    },
    "spectral_decrease": {
        "dmean": 1.43526002194e-09,
        "dmean2": 2.10881689888e-09,
        "dvar": 4.43389281049e-18,
        "dvar2": 9.38248221352e-18,
        "max": 2.02849510283e-28,
        "mean": -6.12351547247e-09,
        "median": -5.28016208534e-09,
        "min": -3.10877616982e-08,
        "var": 2.46363949853e-17
    },
    "spectral_energy": {
        "dmean": 0.00598795711994,
        "dmean2": 0.00878584757447,
        "dvar": 7.0652415161e-05,
        "dvar2": 0.000150268009747,
        "max": 0.121131114662,
        "mean": 0.0253877546638,
        "median": 0.0225194841623,
        "min": 1.02333898234e-20,
        "var": 0.000387464358937
    },
    "spectral_energyband_high": {
        "dmean": 0.000846949405968,
        "dmean2": 0.001193803153,
        "dvar": 5.67170127397e-06,
        "dvar2": 1.03178490463e-05,
        "max": 0.0370181165636,
        "mean": 0.00171770330053,
        "median": 0.000346767628798,
        "min": 7.26680753067e-21,
        "var": 1.77609163075e-05
    },
    "spectral_energyband_low": {
        "dmean": 0.00133257347625,
        "dmean2": 0.00210709986277,
        "dvar": 1.31949254865e-05,
        "dvar2": 3.26710905938e-05,
        "max": 0.0829280391335,
        "mean": 0.00371330860071,
        "median": 0.00176540180109,
        "min": 2.30935495907e-23,
        "var": 3.15102479362e-05
    },
    "spectral_energyband_middle_high": {
        "dmean": 0.000692724832334,
        "dmean2": 0.000951093621552,
        "dvar": 2.08135202229e-06,
        "dvar2": 3.84667509934e-06,
        "max": 0.038378931582,
        "mean": 0.00237620878033,
        "median": 0.000812478363514,
        "min": 1.19991797087e-21,
        "var": 1.61643947649e-05
    },
    "spectral_energyband_middle_low": {
        "dmean": 0.00482919393107,
        "dmean2": 0.00708147929981,
        "dvar": 5.36966981599e-05,
        "dvar2": 0.000113953312393,
        "max": 0.105549477041,
        "mean": 0.0188673250377,
        "median": 0.0154379792511,
        "min": 1.74695935899e-22,
        "var": 0.000273365381872
    },
    "spectral_entropy": {
        "dmean": 0.234899282455,
        "dmean2": 0.322264760733,
        "dvar": 0.0812406539917,
        "dvar2": 0.137129113078,
        "max": 9.81925106049,
        "mean": 7.0326256752,
        "median": 6.9871301651,
        "min": 4.60047769547,
        "var": 0.737125694752
    },
    "spectral_flux": {
        "dmean": 0.0224802028388,
        "dmean2": 0.0346829369664,
        "dvar": 0.000745312543586,
        "dvar2": 0.00171023537405,
        "max": 0.304724752903,
        "mean": 0.0611928850412,
        "median": 0.0504977926612,
        "min": 6.41230610277e-11,
        "var": 0.00198445562273
    },
    "spectral_kurtosis": {
        "dmean": 2.78944659233,
        "dmean2": 4.08802986145,
        "dvar": 39.7648887634,
        "dvar2": 82.0437774658,
        "max": 150.694091797,
        "mean": 7.08909845352,
        "median": 3.21629214287,
        "min": -1.5281457901,
        "var": 189.406036377
    },
    "spectral_rms": {
        "dmean": 0.000581218919251,
        "dmean2": 0.00083336426178,
        "dvar": 5.13991324169e-07,
        "dvar2": 9.92878881334e-07,
        "max": 0.010870911181,
        "mean": 0.00450100796297,
        "median": 0.00468724127859,
        "min": 3.15971446056e-12,
        "var": 4.50943161923e-06
    },
    "spectral_rolloff": {
        "dmean": 610.131530762,
        "dmean2": 1025.38049316,
        "dvar": 2930003.25,
        "dvar2": 5831182,
        "max": 19573.6816406,
        "mean": 1929.11315918,
        "median": 602.9296875,
        "min": 107.666015625,
        "var": 10135740
    },
    "spectral_skewness": {
        "dmean": 0.332231998444,
        "dmean2": 0.460709184408,
        "dvar": 0.204124093056,
        "dvar2": 0.37289583683,
        "max": 10.5606679916,
        "mean": 1.95212340355,
        "median": 1.74342417717,
        "min": -0.745749354362,
        "var": 1.76461946964
    },
    "spectral_spread": {
        "dmean": 959203.375,
        "dmean2": 1328378.625,
        "dvar": 1.82281528934e+12,
        "dvar2": 3.38359694131e+12,
        "max": 43601920,
        "mean": 6541267.5,
        "median": 6179192,
        "min": 677059.5625,
        "var": 1.14755224207e+13
    },
    "spectral_strongpeak": {
        "dmean": 0.509126961231,
        "dmean2": 0.817171812057,
        "dvar": 1.25732338428,
        "dvar2": 3.25419473648,
        "max": 34.0767478943,
        "mean": 1.51940250397,
        "median": 0.869412899017,
        "min": 0,
        "var": 2.98454356194
    },
    "zerocrossingrate": {
        "dmean": 0.0160766076297,
        "dmean2": 0.0173330679536,
        "dvar": 0.000730169005692,
        "dvar2": 0.000679749529809,
        "max": 0.5234375,
        "mean": 0.0755252316594,
        "median": 0.0419921875,
        "min": 0.00390625,
        "var": 0.00725347921252
    },
    "barkbands": {
        "dmean": [3.60597332474e-05, 0.000790050951764, 0.000417444272898, 0.000899020466022, 0.00191678002011, 0.00122313341126, 0.000698362302501, 0.00145279208664, 0.000943900085986, 0.000384325481718, 0.000161325442605, 0.000131164750201, 7.96786189312e-05, 0.00010977160855, 0.000134688307298, 8.24512462714e-05, 4.68662219646e-05, 4.63050600956e-05, 2.76353221125e-05, 6.55041294522e-05, 6.20340288151e-05, 0.000117909585242, 0.000203440285986, 0.000299437670037, 0.00020554146613, 9.59459721344e-05, 1.25113941429e-09],
        "dmean2": [5.65551308682e-05, 0.00127680343576, 0.000692453642841, 0.00147583847865, 0.00298596662469, 0.00180548534263, 0.00104157242458, 0.00197004759684, 0.00128800363746, 0.000530964985956, 0.000237009662669, 0.000197152592591, 0.000120614175103, 0.000162481344887, 0.000196869135834, 0.000117369083455, 6.88086511218e-05, 7.01741300873e-05, 4.18864765379e-05, 9.67091691564e-05, 9.20996681089e-05, 0.000175100751221, 0.00029498184449, 0.000437246431829, 0.000302694621496, 0.000146614882397, 2.30907870602e-09],
        "dvar": [1.91250730808e-08, 9.92517743725e-06, 1.10407756893e-06, 5.57303792448e-06, 9.79252581601e-06, 7.87330100138e-06, 6.98611756889e-06, 2.0465335183e-05, 1.16979026643e-05, 1.37577433179e-06, 3.40861959103e-07, 1.34975692845e-07, 9.38600166478e-08, 2.6089364269e-07, 3.62427499567e-07, 2.59604092889e-07, 3.51507125629e-08, 1.6503360456e-08, 9.38535649198e-09, 3.92148500339e-08, 3.38703181058e-08, 1.45677773844e-07, 3.95794245378e-07, 1.1557298194e-06, 5.29779356384e-07, 1.17530042587e-07, 6.81684050939e-18],
        "dvar2": [4.7334040687e-08, 2.5883608032e-05, 3.12274687531e-06, 1.40300926432e-05, 2.42556525336e-05, 1.77837373485e-05, 1.729408541e-05, 3.76592179236e-05, 1.97445933736e-05, 2.26523025049e-06, 7.08428387952e-07, 2.99149689909e-07, 1.97782028977e-07, 5.75811668568e-07, 8.32416105823e-07, 5.53898303224e-07, 6.91384798301e-08, 3.79371343229e-08, 2.02234087254e-08, 7.90613157164e-08, 7.2861332967e-08, 3.3520328202e-07, 7.88621889569e-07, 2.29274064623e-06, 1.05872447875e-06, 2.79351496602e-07, 2.01717207163e-17],
        "max": [0.00237870682031, 0.0750138610601, 0.0194953028113, 0.042077485472, 0.0657475814223, 0.0633085817099, 0.092389665544, 0.0867686420679, 0.0789195969701, 0.0468184761703, 0.019683888182, 0.00808594468981, 0.00960070081055, 0.0156955346465, 0.0179508496076, 0.0188220422715, 0.00760254217312, 0.00335567211732, 0.00455888500437, 0.00817546248436, 0.00600104127079, 0.0134842377156, 0.0118301156908, 0.0261435471475, 0.0184956435114, 0.00613401876763, 7.83993243658e-08],
        "mean": [6.74002003507e-05, 0.00126397213899, 0.00121914211195, 0.00201090564951, 0.00521747814491, 0.00317165977322, 0.00163423421327, 0.00392756378278, 0.0025942476932, 0.000972411129624, 0.000363045954145, 0.000270258402452, 0.000143969460623, 0.000164862314705, 0.000250875862548, 0.000135734895593, 9.23618354136e-05, 8.43300076667e-05, 4.74936714454e-05, 0.000129729116452, 0.000106460189272, 0.000200632188353, 0.000364471517969, 0.000525609822944, 0.000311374140438, 0.000117526033137, 1.02065900176e-09],
        "median": [7.98533733359e-07, 0.000192437088117, 0.000508047640324, 0.000807872449514, 0.00326944515109, 0.00128740468062, 0.000264442584012, 0.000319523940561, 7.94849765953e-05, 0.000186362987733, 2.53002490354e-05, 5.41133485967e-05, 1.25471924548e-05, 1.19861433632e-05, 2.3154731025e-05, 1.2939754015e-05, 1.52476923176e-05, 1.85307962965e-05, 1.34708079713e-05, 2.94002838928e-05, 3.07671107294e-05, 3.33739226335e-05, 6.61238300381e-05, 5.70899210288e-05, 3.51286798832e-05, 1.11966746772e-05, 3.54027362981e-10],
        "min": [6.58077134859e-25, 7.18063557763e-24, 1.17901316793e-24, 1.53612754149e-24, 1.53815349407e-23, 4.81806343081e-24, 1.34535557329e-23, 1.55847944193e-23, 1.35330429354e-23, 2.73438879718e-23, 2.16160336256e-23, 2.87971969511e-23, 2.06300253361e-23, 4.87067587779e-23, 5.38727185454e-23, 5.75889539175e-23, 7.99998927005e-23, 6.87461355553e-23, 1.62919643601e-22, 1.90108346856e-22, 2.9802857028e-22, 3.69724061122e-22, 4.60002035178e-22, 6.14411220142e-22, 9.0562786922e-22, 1.40124779468e-21, 2.02949894201e-21],
        "var": [3.12735934926e-08, 1.57203467097e-05, 2.56112684838e-06, 1.04406917671e-05, 3.49104593624e-05, 2.38602679019e-05, 1.78220452653e-05, 9.37397198868e-05, 6.63103128318e-05, 8.64639514475e-06, 1.60999218224e-06, 3.91537923861e-07, 2.52135635037e-07, 4.55221282891e-07, 7.0126469609e-07, 5.36881941571e-07, 1.09107475055e-07, 4.3586187104e-08, 1.98170422294e-08, 1.4490441913e-07, 6.40136619268e-08, 2.8564241461e-07, 1.0344471093e-06, 3.01773388856e-06, 1.19338244531e-06, 1.46656788047e-07, 4.75398771931e-18]
    },
    "erbbands": {
        "dmean": [0.0214221030474, 0.191450074315, 0.42979902029, 1.69599616528, 4.86506509781, 5.79441785812, 11.5011882782, 8.47895050049, 9.41308498383, 13.7337503433, 36.6797409058, 25.2040195465, 11.2452602386, 11.2708787918, 5.2130651474, 5.62513208389, 2.81820273399, 4.99017381668, 7.06006479263, 5.28433179855, 3.20840072632, 1.99059069157, 2.3591439724, 1.83086776733, 1.35647106171, 3.32431101799, 2.35385465622, 2.69945120811, 3.79956078529, 5.37436389923, 6.11405181885, 6.35475158691, 5.14228200912, 2.45392203331, 1.4751316309, 0.566104590893, 0.162360996008, 0.0117884557694, 0.000233187485719, 2.03631716431e-05],
        "dmean2": [0.0334605760872, 0.31074565649, 0.696108102798, 2.79232239723, 8.00325775146, 9.02614593506, 16.5760250092, 12.8856697083, 13.9796962738, 19.0291824341, 49.0584106445, 32.7858505249, 14.6874103546, 15.3697109222, 7.13200187683, 8.2909154892, 4.13653993607, 7.35101938248, 9.99452590942, 7.71461629868, 4.61884593964, 2.86054992676, 3.46786522865, 2.79657053947, 1.96312499046, 4.93857860565, 3.42861652374, 4.07595872879, 5.62177085876, 7.86419916153, 8.90261650085, 9.28001976013, 7.52778244019, 3.61223626137, 2.19554233551, 0.864730060101, 0.248421356082, 0.0184663385153, 0.000356705539161, 2.97756159853e-05],
        "dvar": [0.00753062544391, 0.602834284306, 1.41890394688, 17.7070655823, 122.420288086, 124.936401367, 538.27166748, 699.860656738, 1343.26379395, 2191.83789062, 14539.9960938, 7602.72802734, 1281.27966309, 1161.12976074, 188.860031128, 247.908493042, 119.481155396, 550.015991211, 754.028198242, 924.185180664, 380.578430176, 52.2441596985, 38.2590179443, 43.2667350769, 17.9357204437, 120.359405518, 48.2507209778, 75.8187637329, 175.432357788, 257.674407959, 361.985656738, 550.676269531, 357.280029297, 86.8556060791, 27.8420772552, 4.30922698975, 0.374347686768, 0.00192527379841, 6.74700061154e-07, 2.40520714456e-09],
        "dvar2": [0.0192441381514, 1.5495210886, 3.72694802284, 44.8484992981, 318.35144043, 297.242126465, 1074.01367188, 1655.3182373, 3340.4921875, 4425.42236328, 27161.4453125, 12169.296875, 1984.83935547, 2028.80212402, 330.009033203, 550.81048584, 231.452575684, 1254.70495605, 1643.75939941, 2106.54663086, 760.810852051, 106.993591309, 85.0849151611, 94.7809295654, 34.8466835022, 249.25604248, 96.9589385986, 172.339401245, 406.802185059, 529.011108398, 718.123657227, 1113.87084961, 741.677612305, 167.589233398, 60.058052063, 10.0962715149, 0.882542133331, 0.00481067178771, 1.64301695804e-06, 5.40950306771e-09],
        "max": [1.92761623859, 17.4605541229, 25.4584178925, 71.4661102295, 172.490768433, 239.684005737, 510.730895996, 666.747924805, 1554.1986084, 1364.32788086, 2382.4309082, 2301.30273438, 1762.08496094, 1243.55981445, 579.774414062, 390.349273682, 424.202484131, 710.915344238, 1001.62097168, 1131.51293945, 875.00378418, 299.975524902, 161.980926514, 316.010955811, 168.302932739, 523.667053223, 217.971923828, 241.929000854, 483.857849121, 440.817840576, 337.477966309, 725.894042969, 406.144775391, 226.090087891, 123.831565857, 35.3297958374, 11.0393819809, 0.859803795815, 0.0154926031828, 0.000785053300206],
        "mean": [0.0351845957339, 0.291511505842, 1.13306868076, 4.99631881714, 10.2666339874, 16.8847923279, 32.5449790955, 18.9307079315, 22.5567817688, 35.9967803955, 103.072914124, 66.8119659424, 33.5575866699, 29.6878509521, 14.0897197723, 12.5208063126, 6.12088060379, 9.23603534698, 14.0791692734, 9.95243358612, 5.89076089859, 4.08247566223, 4.8253493309, 3.5026743412, 2.53586626053, 6.63699245453, 4.64462852478, 4.4737496376, 6.397813797, 9.52980709076, 10.6731939316, 10.8840065002, 8.61603164673, 3.94375705719, 2.02930021286, 0.712749898434, 0.196582764387, 0.0134371733293, 0.000296626792988, 5.05992866238e-05],
        "median": [0.00222074287012, 0.0552238076925, 0.496488928795, 2.13317871094, 5.02773857117, 8.78390693665, 12.893907547, 7.06844234467, 6.2703909874, 4.15738344193, 11.2780284882, 3.71033167839, 4.67750644684, 6.69778156281, 2.78453850746, 2.87209057808, 0.871302604675, 0.84125995636, 1.25271642208, 0.916297972202, 0.892416119576, 0.831133961678, 1.0441583395, 0.946259260178, 0.888736724854, 1.44784832001, 1.25398814678, 1.16214513779, 1.03870177269, 1.83897304535, 1.82598018646, 1.18251430988, 0.929875850677, 0.455237627029, 0.211649805307, 0.0729681253433, 0.0167652200907, 0.00122608395759, 4.64266195195e-05, 3.47201421391e-05],
        "min": [2.41719022533e-22, 1.18829372047e-21, 2.73213575995e-21, 1.06445664425e-20, 8.76805552413e-21, 3.34815860903e-20, 4.8274380102e-20, 5.39405511422e-20, 1.26450596178e-19, 3.03358537637e-19, 3.42798431695e-19, 3.629066237e-19, 7.9603043825e-19, 6.33691383351e-19, 1.42826360558e-18, 1.49669832561e-18, 1.46357666971e-18, 1.92636985017e-18, 2.9523356124e-18, 3.63119426252e-18, 4.15750447087e-18, 5.34105310288e-18, 4.28844054439e-18, 6.51535013332e-18, 6.81563075775e-18, 8.68194543429e-18, 1.07254686678e-17, 1.20456530614e-17, 1.28289525696e-17, 1.24420214673e-17, 1.10416766549e-17, 1.05621062871e-17, 1.00171927868e-17, 8.60490596794e-18, 6.67966501251e-18, 4.5467434071e-18, 2.18204641443e-18, 9.61956355081e-19, 2.61493634366e-19, 3.03769963057e-20],
        "var": [0.0151688754559, 0.812090814114, 2.64260601997, 47.7647857666, 228.051589966, 604.831359863, 2573.10107422, 1479.70947266, 3083.00927734, 8946.80273438, 64505.5273438, 40437.2617188, 12622.9169922, 7151.41650391, 1409.61364746, 792.335327148, 399.126525879, 997.581848145, 1825.61071777, 1696.1328125, 798.965332031, 151.794952393, 125.071182251, 125.567726135, 36.9502410889, 468.201812744, 134.307800293, 123.096069336, 311.001068115, 626.609191895, 932.831848145, 1404.36682129, 821.097961426, 209.582366943, 50.5393714905, 5.77217292786, 0.464697510004, 0.00205364916474, 7.9975728795e-07, 4.40115455191e-09]
    },
    "gfcc": {
        "mean": [-52.9800109863, 82.7178192139, -77.341217041, 19.2218170166, -89.2584381104, 12.6218481064, -50.7139434814, 4.41002845764, -31.7884597778, -4.98836088181, -22.4982662201, -2.0191347599, -10.8781261444],
        "cov": [[17891.0878906, -1818.93884277, -1717.03405762, 527.619689941, -858.622558594, 420.720214844, -408.490722656, 462.620056152, 13.5973978043, 274.33013916, -508.483337402, -19.583814621, -253.141891479], [-1818.93884277, 2891.76953125, -71.0616607666, -666.029418945, 314.47845459, -206.338485718, 305.657043457, -264.677459717, -21.7742614746, -257.659210205, 204.418380737, -192.391357422, 95.4612426758], [-1717.03405762, -71.0616607666, 1200.67712402, 198.796722412, 19.3149375916, 44.9777526855, -72.6546325684, -8.94613361359, -117.675979614, 25.7467250824, 54.5440826416, 96.4727325439, -8.82781982422], [527.619689941, -666.029418945, 198.796722412, 693.647094727, 49.5900878906, -11.0732192993, -88.5094604492, 115.530105591, 29.3384552002, 49.8025588989, -6.42070293427, 59.0543937683, 14.2036485672], [-858.622558594, 314.47845459, 19.3149375916, 49.5900878906, 398.803039551, 48.9466400146, 88.5908584595, 20.8302745819, 38.938621521, -1.37957429886, 32.5484657288, -5.87465620041, 18.4921455383], [420.720214844, -206.338485718, 44.9777526855, -11.0732192993, 48.9466400146, 335.363861084, 91.0157852173, 26.8648223877, 24.6504020691, 66.2870407104, 9.47750473022, 5.71430253983, -39.8579750061], [-408.490722656, 305.657043457, -72.6546325684, -88.5094604492, 88.5908584595, 91.0157852173, 261.092773438, 4.85325145721, 20.8913650513, 16.7065544128, 56.6799697876, -20.6288070679, -0.771684885025], [462.620056152, -264.677459717, -8.94613361359, 115.530105591, 20.8302745819, 26.8648223877, 4.85325145721, 190.218063354, 72.223991394, 43.9433021545, -32.947353363, 24.0497360229, -15.4287872314], [13.5973978043, -21.7742614746, -117.675979614, 29.3384552002, 38.938621521, 24.6504020691, 20.8913650513, 72.223991394, 185.343109131, 41.47864151, -13.4018335342, -16.4890518188, -0.146617308259], [274.33013916, -257.659210205, 25.7467250824, 49.8025588989, -1.37957429886, 66.2870407104, 16.7065544128, 43.9433021545, 41.47864151, 173.945678711, 26.480670929, 21.729259491, -21.3455867767], [-508.483337402, 204.418380737, 54.5440826416, -6.42070293427, 32.5484657288, 9.47750473022, 56.6799697876, -32.947353363, -13.4018335342, 26.480670929, 159.806594849, 32.0306587219, 22.5983524323], [-19.583814621, -192.391357422, 96.4727325439, 59.0543937683, -5.87465620041, 5.71430253983, -20.6288070679, 24.0497360229, -16.4890518188, 21.729259491, 32.0306587219, 148.711532593, 38.1689529419], [-253.141891479, 95.4612426758, -8.82781982422, 14.2036485672, 18.4921455383, -39.8579750061, -0.771684885025, -15.4287872314, -0.146617308259, -21.3455867767, 22.5983524323, 38.1689529419, 111.695823669]],
        "icov": [[0.000135767026222, -0.000178549889824, 0.000295520818327, -0.000267502007773, 0.000363962113624, -0.000383263046388, 0.000314404867822, -0.000334961281624, 0.00035444603418, -0.000337260134984, 0.000418702256866, -0.000225945710554, 0.00020506005967], [-0.000178549889824, 0.00126554025337, -0.000623812025879, 0.00114144827239, -0.00114922749344, 0.0012278421782, -0.00115808728151, 0.000915261160117, -0.000899547128938, 0.00152089213952, -0.00166476878803, 0.00140246131923, -0.000786837481428], [0.000295520818327, -0.000623812025879, 0.00171372271143, -0.00100900989491, 0.000827283016406, -0.00119498628192, 0.00114512187429, -0.000812070269603, 0.00151484704111, -0.00103892607149, 0.000861333159264, -0.00119045714382, 0.000834986276459], [-0.000267502007773, 0.00114144827239, -0.00100900989491, 0.00297580868937, -0.00153215345927, 0.00137992040254, -0.000502966460772, -5.17586595379e-05, -0.0010381389875, 0.0011801077053, -0.0018014049856, 0.0011220035376, -0.00109929649625], [0.000363962113624, -0.00114922749344, 0.000827283016406, -0.00153215345927, 0.00431529944763, -0.00176015030593, 0.000415249902289, -0.00131603062619, 0.00068049057154, -0.00117889267858, 0.0014972849749, -0.00102828850504, 0.000369885470718], [-0.000383263046388, 0.0012278421782, -0.00119498628192, 0.00137992040254, -0.00176015030593, 0.00537146022543, -0.00272402027622, 0.00135075603612, -0.00152731256094, 0.000580822932534, -0.00148532667663, 0.000882773310877, 0.000295875914162], [0.000314404867822, -0.00115808728151, 0.00114512187429, -0.000502966460772, 0.000415249902289, -0.00272402027622, 0.00670349551365, -0.00192250811961, 0.0011993132066, -0.00149326084647, -0.000276712846244, -0.000352980365278, 0.000489544356242], [-0.000334961281624, 0.000915261160117, -0.000812070269603, -5.17586595379e-05, -0.00131603062619, 0.00135075603612, -0.00192250811961, 0.00885744113475, -0.0036475835368, 0.00041724453331, 0.00044299007277, -0.000824927934445, 0.000578352890443], [0.00035444603418, -0.000899547128938, 0.00151484704111, -0.0010381389875, 0.00068049057154, -0.00152731256094, 0.0011993132066, -0.0036475835368, 0.00849158503115, -0.00275860819966, 0.00165773055051, 0.000206348660868, -0.000251339894021], [-0.000337260134984, 0.00152089213952, -0.00103892607149, 0.0011801077053, -0.00117889267858, 0.000580822932534, -0.00149326084647, 0.00041724453331, -0.00275860819966, 0.00934195425361, -0.00379948900081, 0.000824163318612, 0.00042214198038], [0.000418702256866, -0.00166476878803, 0.000861333159264, -0.0018014049856, 0.0014972849749, -0.00148532667663, -0.000276712846244, 0.00044299007277, 0.00165773055051, -0.00379948900081, 0.0107747353613, -0.00358748459257, 0.00027228705585], [-0.000225945710554, 0.00140246131923, -0.00119045714382, 0.0011220035376, -0.00102828850504, 0.000882773310877, -0.000352980365278, -0.000824927934445, 0.000206348660868, 0.000824163318612, -0.00358748459257, 0.0106317149475, -0.00432809023187], [0.00020506005967, -0.000786837481428, 0.000834986276459, -0.00109929649625, 0.000369885470718, 0.000295875914162, 0.000489544356242, 0.000578352890443, -0.000251339894021, 0.00042214198038, 0.00027228705585, -0.00432809023187, 0.0119277555496]]
    },
    "melbands": {
        "dmean": [0.000204484604183, 0.000227760188864, 0.000384826184018, 0.000368141045328, 0.000373079557903, 0.000199395231903, 0.0001450968266, 0.000169813225511, 0.000297928752843, 0.000139889394632, 5.67530223634e-05, 4.7889592679e-05, 2.06666118174e-05, 1.59000919666e-05, 9.8169211924e-06, 7.18943965694e-06, 1.00787392512e-05, 1.1711177649e-05, 8.10352594272e-06, 7.78049252403e-06, 3.63678145732e-06, 2.25538224186e-06, 2.28942599279e-06, 2.60266938312e-06, 1.51406572968e-06, 9.2524220463e-07, 1.40004999594e-06, 2.66776896751e-06, 1.755654921e-06, 1.34997844725e-06, 1.74323724877e-06, 2.05096034733e-06, 2.84288285002e-06, 3.24458960677e-06, 3.59124396709e-06, 4.01431543651e-06, 4.02619480155e-06, 4.07017114412e-06, 2.53386656368e-06, 2.10958592106e-06],
        "dmean2": [0.00032904575346, 0.000366588035831, 0.000634476484265, 0.000594368961174, 0.000538799620699, 0.000299227103824, 0.00021541256865, 0.000234062143136, 0.000403554062359, 0.000181775627425, 7.52349369577e-05, 6.54204050079e-05, 2.89250510832e-05, 2.31944741245e-05, 1.44158639159e-05, 1.06121979115e-05, 1.48941180669e-05, 1.6610700186e-05, 1.21994398796e-05, 1.13317582873e-05, 5.30309125679e-06, 3.2790237583e-06, 3.46444926436e-06, 3.9906190068e-06, 2.34370122598e-06, 1.41076532145e-06, 2.04651473723e-06, 4.02402702093e-06, 2.61349600805e-06, 2.04013872462e-06, 2.70274790637e-06, 3.09786560138e-06, 4.2671463234e-06, 4.83744497615e-06, 5.36073730473e-06, 5.90690206081e-06, 5.95728170083e-06, 6.06241701462e-06, 3.77976925847e-06, 3.15063675771e-06],
        "dvar": [6.84122881012e-07, 5.11771929723e-07, 8.72729572166e-07, 4.59046560763e-07, 5.14670261964e-07, 3.18168758895e-07, 2.91347646453e-07, 2.6770499062e-07, 9.11384233859e-07, 2.53141365647e-07, 3.39734604893e-08, 2.1171905118e-08, 4.02528765875e-09, 1.72844494273e-09, 9.80076686474e-10, 7.17908399395e-10, 2.47480791415e-09, 2.07497663496e-09, 1.71230762902e-09, 2.35095187762e-09, 4.73274364143e-10, 9.07852057419e-11, 6.75219324897e-11, 5.78535552798e-11, 3.55702550747e-11, 1.05976807191e-11, 2.04302564449e-11, 8.82214856723e-11, 2.98613252181e-11, 1.69790275589e-11, 3.4965398632e-11, 5.9665765384e-11, 7.74464867237e-11, 1.04397449019e-10, 1.30429667067e-10, 1.81167358893e-10, 2.53119719629e-10, 2.33835423247e-10, 8.82718204087e-11, 7.49228248886e-11],
        "dvar2": [1.8187004116e-06, 1.26079760321e-06, 2.20522997552e-06, 1.23074391922e-06, 1.05511423953e-06, 7.43569501083e-07, 7.22034428691e-07, 5.11564451244e-07, 1.76701291821e-06, 4.07870004437e-07, 5.34040900391e-08, 3.63950682924e-08, 7.45003303493e-09, 3.69019992341e-09, 2.18824469655e-09, 1.38314248943e-09, 5.71876324074e-09, 4.26937551978e-09, 4.05578814977e-09, 5.41477751526e-09, 1.0237102277e-09, 1.87774226723e-10, 1.60365956625e-10, 1.33695138294e-10, 7.93048265946e-11, 2.37920239066e-11, 4.1220016983e-11, 1.84273138415e-10, 6.17246392887e-11, 3.68553833285e-11, 8.35257418785e-11, 1.44051839901e-10, 1.77897224729e-10, 2.23873586336e-10, 2.74073180817e-10, 3.5806518861e-10, 5.47146883356e-10, 5.02565822291e-10, 1.80594011967e-10, 1.51806164861e-10],
        "max": [0.0203661508858, 0.0174759048969, 0.0139679359272, 0.0109737450257, 0.014931153506, 0.0142445219681, 0.0217914804816, 0.0144239570946, 0.0196021366864, 0.0125963557512, 0.00885652098805, 0.00541975209489, 0.00272131175734, 0.00112981745042, 0.00104366929736, 0.000665464613121, 0.00154710176867, 0.00169149367139, 0.00148640060797, 0.0017968849279, 0.000967170170043, 0.000381160993129, 0.000330266775563, 0.000232438876992, 0.000277564715361, 0.00012171328126, 0.000201979666599, 0.000484154094011, 0.000214631349081, 0.000147200757056, 0.000183722484508, 0.000305569701595, 0.000256304105278, 0.000295864825603, 0.000233455415582, 0.000244953262154, 0.000538614578545, 0.000336383702233, 0.000215563515667, 0.000247359304922],
        "mean": [0.000331255374476, 0.000533112557605, 0.000975806557108, 0.000945376465097, 0.00106812955346, 0.000468074780656, 0.00034749720362, 0.00044127041474, 0.00083328189794, 0.000367360684322, 0.000157755799592, 0.000122139215819, 5.20636385772e-05, 3.32437266479e-05, 1.99299429369e-05, 1.39454559758e-05, 1.67319431057e-05, 2.22290800593e-05, 1.44216010085e-05, 1.30199587147e-05, 5.89976934862e-06, 4.18764784627e-06, 4.23221308665e-06, 4.76092600366e-06, 2.59145531345e-06, 1.53211431098e-06, 2.32015872825e-06, 5.18366277902e-06, 3.20076651406e-06, 2.22192784349e-06, 2.65045741799e-06, 3.2139087125e-06, 4.67288236905e-06, 5.50431968804e-06, 5.9645226429e-06, 6.63994069328e-06, 6.51226582704e-06, 6.62859247313e-06, 4.01297120334e-06, 3.15081433655e-06],
        "median": [3.90137938666e-05, 0.000213331106352, 0.000531953875907, 0.000509362027515, 0.000452271517133, 0.000176446628757, 8.43709713081e-05, 4.08332125517e-05, 7.13533954695e-05, 1.44375990203e-05, 1.87900623132e-05, 2.37589192693e-05, 5.3751437008e-06, 7.27567476133e-06, 3.35666072715e-06, 1.3684662008e-06, 1.3069417264e-06, 1.7317511265e-06, 1.37589734095e-06, 9.91246224658e-07, 9.63822117228e-07, 7.908513453e-07, 7.09607945737e-07, 9.59888211582e-07, 5.96210895765e-07, 4.43948920292e-07, 6.17523539859e-07, 9.28520080379e-07, 7.23225980437e-07, 6.11812595253e-07, 5.74331238568e-07, 4.61330785129e-07, 6.87030421886e-07, 1.05797914784e-06, 1.03929482975e-06, 8.02491854301e-07, 5.92855201376e-07, 6.36783056507e-07, 4.88655643949e-07, 2.98968643619e-07],
        "min": [2.66642539308e-24, 2.46302372234e-24, 1.77476841773e-24, 1.06415748532e-24, 1.63213783011e-24, 1.35487373231e-24, 2.05206821149e-24, 3.2989251922e-24, 3.15111356338e-24, 2.18952485764e-24, 3.83585311215e-24, 2.25966583338e-24, 3.6392007381e-24, 3.57022274054e-24, 3.31700627858e-24, 2.55048137824e-24, 2.77466677282e-24, 3.99727416931e-24, 3.34651519846e-24, 3.97404615995e-24, 3.5504751855e-24, 4.57572930503e-24, 3.21847380443e-24, 4.18897013029e-24, 3.90907123706e-24, 4.69274301525e-24, 3.86085408639e-24, 5.88086377954e-24, 5.74658821499e-24, 6.50358426724e-24, 6.58544239122e-24, 6.14614429133e-24, 6.08475119139e-24, 6.35776648435e-24, 5.91783611245e-24, 5.51039221592e-24, 6.46219194668e-24, 6.83536930321e-24, 5.9745185295e-24, 5.3131509572e-24],
        "var": [1.17843421776e-06, 8.57202792304e-07, 1.6311815898e-06, 1.41344412441e-06, 2.34758726947e-06, 7.7862642911e-07, 7.01369117451e-07, 1.13196551865e-06, 3.87979480365e-06, 1.34325091494e-06, 3.17548739304e-07, 1.3707469293e-07, 2.99723588171e-08, 5.46711653726e-09, 2.94888580221e-09, 2.1343333767e-09, 3.99035382515e-09, 5.07212005729e-09, 2.99538505111e-09, 4.47533432535e-09, 9.19941234301e-10, 2.13951856232e-10, 1.68168576287e-10, 1.5078895077e-10, 9.40737973631e-11, 1.93180072633e-11, 3.82082525341e-11, 3.72208180943e-10, 8.3514917204e-11, 2.98127980636e-11, 5.04025293724e-11, 8.82448281114e-11, 1.59940172217e-10, 2.30573157789e-10, 2.92237151145e-10, 4.71187922013e-10, 5.71512726033e-10, 5.05796737826e-10, 1.95144400639e-10, 1.58368235192e-10]
    },
    "mfcc": {
        "mean": [-703.263427734, 114.031684875, 48.4885215759, 6.72830820084, -5.97557783127, -4.41979455948, -10.7460393906, -2.05767416954, -7.18698835373, -4.28832626343, -11.285572052, -6.58168029785, -6.11146068573],
        "cov": [[10964.3457031, -1542.50622559, -554.698974609, -59.7335662842, -238.038406372, -16.1150093079, -374.468139648, 51.3450164795, 210.653320312, 444.948883057, 98.1853179932, 41.9022331238, -121.313911438], [-1542.50622559, 2841.99707031, -208.678070068, -312.699584961, -101.1979599, -4.94670772552, 219.579849243, -26.8009204865, -70.7444229126, -148.710357666, 7.18205595016, -34.8471107483, -78.090423584], [-554.698974609, -208.678070068, 913.292358398, 148.949935913, 88.5517883301, 17.8787078857, 55.5080223083, -6.8598742485, -59.3526802063, -90.9076461792, -49.5656471252, 34.50756073, 37.1917495728], [-59.7335662842, -312.699584961, 148.949935913, 542.142822266, 160.579345703, -71.1004943848, -11.5924758911, 17.2646026611, 26.2502613068, -6.02750968933, -66.2507705688, 64.2497558594, 66.3559646606], [-238.038406372, -101.1979599, 88.5517883301, 160.579345703, 312.116668701, 35.015335083, 4.40884780884, 39.1265144348, 33.202003479, 15.4963979721, -3.36999034882, 19.0473079681, 21.2654418945], [-16.1150093079, -4.94670772552, 17.8787078857, -71.1004943848, 35.015335083, 255.925796509, 104.832633972, 19.7804775238, 15.1828594208, 49.0423355103, 75.9702835083, 5.67199993134, 6.84551334381], [-374.468139648, 219.579849243, 55.5080223083, -11.5924758911, 4.40884780884, 104.832633972, 257.551940918, 32.2755508423, -24.0381450653, -4.15121603012, 31.5653915405, 27.56782341, 26.9324436188], [51.3450164795, -26.8009204865, -6.8598742485, 17.2646026611, 39.1265144348, 19.7804775238, 32.2755508423, 170.677658081, 54.9185600281, 11.732585907, 29.2302036285, -1.4738329649, 10.6112852097], [210.653320312, -70.7444229126, -59.3526802063, 26.2502613068, 33.202003479, 15.1828594208, -24.0381450653, 54.9185600281, 156.389221191, 62.4544143677, 16.7534179688, -0.799871921539, 2.40094947815], [444.948883057, -148.710357666, -90.9076461792, -6.02750968933, 15.4963979721, 49.0423355103, -4.15121603012, 11.732585907, 62.4544143677, 210.104919434, 90.7197570801, -13.5480222702, -7.56923961639], [98.1853179932, 7.18205595016, -49.5656471252, -66.2507705688, -3.36999034882, 75.9702835083, 31.5653915405, 29.2302036285, 16.7534179688, 90.7197570801, 185.294189453, 14.3069057465, -16.2090110779], [41.9022331238, -34.8471107483, 34.50756073, 64.2497558594, 19.0473079681, 5.67199993134, 27.56782341, -1.4738329649, -0.799871921539, -13.5480222702, 14.3069057465, 164.717315674, 65.2082138062], [-121.313911438, -78.090423584, 37.1917495728, 66.3559646606, 21.2654418945, 6.84551334381, 26.9324436188, 10.6112852097, 2.40094947815, -7.56923961639, -16.2090110779, 65.2082138062, 122.495895386]],
