{
"lowlevel": {
    "average_loudness": 0.753252327442,
    "barkbands_crest": {
        "dmean": 2.44192147255,
        "dmean2": 3.90486168861,
        "dvar": 5.55242538452,
        "dvar2": 13.9382781982,
        "max": 26.2310161591,
        "mean": 10.2718477249,
        "median": 9.46551895142,
        "min": 3.11367321014,
        "var": 15.7334070206
    },
    "barkbands_flatness_db": {
        "dmean": 0.0191699955612,
        "dmean2": 0.0285549443215,
        "dvar": 0.000369307555957,
        "dvar2": 0.0007778328727,
        "max": 0.501703023911,
        "mean": 0.16696870327,
        "median": 0.163836330175,
        "min": 0.0370978526771,
        "var": 0.0024429152254
    },
    "barkbands_kurtosis": {
        "dmean": 2.24777936935,
        "dmean2": 3.47841691971,
        "dvar": 22.1673069,
        "dvar2": 49.149684906,
        "max": 209.856338501,
        "mean": 3.91886019707,
        "median": 2.23635673523,
        "min": -1.9033370018,
        "var": 50.4728355408
    },
    "barkbands_skewness": {
        "dmean": 0.431566238403,
        "dmean2": 0.645791888237,
        "dvar": 0.233427479863,
        "dvar2": 0.496428638697,
        "max": 11.0430269241,
        "mean": 1.0659968853,
        "median": 1.01602447033,
        "min": -4.57778835297,
        "var": 1.32600343227
    },
    "barkbands_spread": {
        "dmean": 3.66449689865,
        "dmean2": 5.61504125595,
        "dvar": 32.6811027527,
        "dvar2": 64.1674194336,
        "max": 110.741210938,
        "mean": 15.0434112549,
        "median": 12.6457824707,
        "min": 0.369223028421,
        "var": 112.463775635
    },
    "dissonance": {
        "dmean": 0.0306089278311,
        "dmean2": 0.051145542413,
        "dvar": 0.000786628981587,
        "dvar2": 0.00210386328399,
        "max": 0.500000059605,
        "mean": 0.431871205568,
        "median": 0.440304517746,
        "min": 0.18566249311,
        "var": 0.00201274966821
    },
    "dynamic_complexity": 4.47938394547,
    "erbbands_crest": {
        "dmean": 3.0408141613,
        "dmean2": 4.77464151382,
        "dvar": 7.68374347687,
        "dvar2": 18.1441192627,
        "max": 33.4630851746,
        "mean": 12.2508869171,
        "median": 11.2024850845,
        "min": 2.15304350853,
        "var": 29.088180542
    },
    "erbbands_flatness_db": {
        "dmean": 0.0190776605159,
        "dmean2": 0.0272780768573,
        "dvar": 0.000353086099494,
        "dvar2": 0.000667036511004,
        "max": 0.522858262062,
        "mean": 0.197306334972,
        "median": 0.195526242256,
        "min": 0.0383978337049,
        "var": 0.00255490001291
    },
    "erbbands_kurtosis": {
        "dmean": 1.52732539177,
        "dmean2": 2.37157726288,
        "dvar": 4.93163347244,
        "dvar2": 11.0586538315,
        "max": 87.4942169189,
        "mean": 2.37261247635,
        "median": 1.19204282761,
        "min": -1.84314763546,
        "var": 16.3625640869
    },
    "erbbands_skewness": {
        "dmean": 0.382841467857,
        "dmean2": 0.582595705986,
        "dvar": 0.132405936718,
        "dvar2": 0.292639583349,
        "max": 5.99392747879,
        "mean": 0.722705304623,
        "median": 0.732642531395,
        "min": -3.62762904167,
        "var": 0.727636754513
    },
    "erbbands_spread": {
        "dmean": 5.67942380905,
        "dmean2": 8.58141708374,
        "dvar": 60.8358306885,
        "dvar2": 125.032623291,
        "max": 138.613021851,
        "mean": 24.4223632812,
        "median": 21.2877864838,
        "min": 0.360614925623,
        "var": 245.506561279
    },
    "hfc": {
        "dmean": 4.69758605957,
        "dmean2": 6.59351539612,
        "dvar": 41.6965637207,
        "dvar2": 82.63306427,
        "max": 120.527458191,
        "mean": 17.2401008606,
        "median": 11.2273292542,
        "min": 1.04696375862e-16,
        "var": 293.076507568
    },
    "melbands_crest": {
        "dmean": 2.82523655891,
        "dmean2": 4.55439376831,
        "dvar": 7.71761989594,
        "dvar2": 19.5931339264,
        "max": 35.0864448547,
        "mean": 12.582857132,
        "median": 11.7787380219,
        "min": 1.52933239937,
        "var": 22.3752040863
    },
    "melbands_flatness_db": {
        "dmean": 0.0205113161355,
        "dmean2": 0.0302591715008,
        "dvar": 0.000513110484462,
        "dvar2": 0.00107823498547,
        "max": 0.523563027382,
        "mean": 0.231109336019,
        "median": 0.23041972518,
        "min": 0.00287843705155,
        "var": 0.00397689035162
    },
    "melbands_kurtosis": {
        "dmean": 3.37496805191,
        "dmean2": 5.27986097336,
        "dvar": 42.179058075,
        "dvar2": 97.7821731567,
        "max": 169.794586182,
        "mean": 6.55380010605,
        "median": 3.42722535133,
        "min": -1.83678114414,
        "var": 99.1232833862
    },
    "melbands_skewness": {
        "dmean": 0.504423201084,
        "dmean2": 0.765774071217,
        "dvar": 0.327103883028,
        "dvar2": 0.7245413661,
        "max": 8.99784183502,
        "mean": 1.49480295181,
        "median": 1.36390709877,
        "min": -5.27437448502,
        "var": 1.70268881321
    },
    "melbands_spread": {
        "dmean": 4.6686372757,
        "dmean2": 7.13622188568,
        "dvar": 65.3629074097,
        "dvar2": 135.346542358,
        "max": 221.97744751,
        "mean": 20.571931839,
        "median": 16.3434410095,
        "min": 0.678278386593,
        "var": 374.451202393
    },
    "pitch_salience": {
        "dmean": 0.0613398253918,
        "dmean2": 0.0983337536454,
        "dvar": 0.00319106737152,
        "dvar2": 0.00800031237304,
        "max": 0.987578988075,
        "mean": 0.547254502773,
        "median": 0.546306610107,
        "min": 0.0974386408925,
        "var": 0.01073254738
    },
    "silence_rate_20dB": {
        "dmean": 0,
        "dmean2": 0,
        "dvar": 0,
        "dvar2": 0,
        "max": 1,
        "mean": 1,
        "median": 1,
        "min": 1,
        "var": 0
    },
    "silence_rate_30dB": {
        "dmean": 0,
        "dmean2": 0,
        "dvar": 0,
        "dvar2": 0,
        "max": 1,
        "mean": 1,
        "median": 1,
        "min": 1,
        "var": 0
    },
    "silence_rate_60dB": {
        "dmean": 0.0196210443974,
        "dmean2": 0.0392458625138,
        "dvar": 0.0192328393459,
        "dvar2": 0.0413485132158,
        "max": 1,
        "mean": 0.147239848971,
        "median": 0,
        "min": 0,
        "var": 0.125564455986
    },
    "spectral_centroid": {
        "dmean": 167.084091187,
        "dmean2": 245.633148193,
        "dvar": 60446.96875,
        "dvar2": 115728.09375,
        "max": 12221.1503906,
        "mean": 1150.72717285,
        "median": 912.443725586,
        "min": 201.203018188,
        "var": 1535658.625
    },
    "spectral_complexity": {
        "dmean": 2.13215351105,
        "dmean2": 3.3786072731,
        "dvar": 5.51460981369,
        "dvar2": 12.8756628036,
        "max": 45,
        "mean": 13.6641664505,
        "median": 13,
        "min": 0,
        "var": 47.6031799316
    },
    "spectral_decrease": {
        "dmean": 1.55629864551e-09,
        "dmean2": 2.33087993351e-09,
        "dvar": 5.44410864026e-18,
        "dvar2": 1.26029784068e-17,
        "max": 1.84721032643e-28,
        "mean": -5.52093348816e-09,
        "median": -4.5193249143e-09,
        "min": -3.08824752437e-08,
        "var": 2.12156557366e-17
    },
    "spectral_energy": {
        "dmean": 0.00623137643561,
        "dmean2": 0.00929212663323,
        "dvar": 8.32131554489e-05,
        "dvar2": 0.000190519960597,
        "max": 0.118740491569,
        "mean": 0.0224009864032,
        "median": 0.018151011318,
        "min": 9.88641179024e-21,
        "var": 0.000349683279637
    },
    "spectral_energyband_high": {
        "dmean": 0.00013259302068,
        "dmean2": 0.000190124905203,
        "dvar": 1.315356144e-07,
        "dvar2": 2.69962356469e-07,
        "max": 0.0146176442504,
        "mean": 0.000291815638775,
        "median": 0.000103097016108,
        "min": 6.91452794833e-21,
        "var": 3.61019971251e-07
    },
    "spectral_energyband_low": {
        "dmean": 0.00194014247973,
        "dmean2": 0.00325945555232,
        "dvar": 5.54571270186e-05,
        "dvar2": 0.000140764124808,
        "max": 0.0967578738928,
        "mean": 0.00376578816213,
        "median": 0.00274779181927,
        "min": 3.80125722272e-24,
        "var": 4.96782304253e-05
    },
    "spectral_energyband_middle_high": {
        "dmean": 0.00263449316844,
        "dmean2": 0.00375233008526,
        "dvar": 2.10802045331e-05,
        "dvar2": 4.46170124633e-05,
        "max": 0.104062229395,
        "mean": 0.00749449245632,
        "median": 0.00254341913387,
        "min": 1.15844140628e-21,
        "var": 0.000111235276563
    },
    "spectral_energyband_middle_low": {
        "dmean": 0.00358244497329,
        "dmean2": 0.00545072276145,
        "dvar": 2.25604835578e-05,
        "dvar2": 5.03266055603e-05,
        "max": 0.0804483294487,
        "mean": 0.0114923994988,
        "median": 0.0088406149298,
        "min": 1.45126235863e-22,
        "var": 0.000107781670522
    },
    "spectral_entropy": {
        "dmean": 0.170230954885,
        "dmean2": 0.242810979486,
        "dvar": 0.0356849394739,
        "dvar2": 0.0681275427341,
        "max": 9.82424163818,
        "mean": 7.09403085709,
        "median": 7.07331991196,
        "min": 4.08586835861,
        "var": 0.299813091755
    },
    "spectral_flux": {
        "dmean": 0.0214272625744,
        "dmean2": 0.0344741605222,
        "dvar": 0.000624271749984,
        "dvar2": 0.00151173886843,
        "max": 0.285917818546,
        "mean": 0.0681816712022,
        "median": 0.0601436793804,
        "min": 6.41360159426e-11,
        "var": 0.00212382618338
    },
    "spectral_kurtosis": {
        "dmean": 2.49138617516,
        "dmean2": 4.12107229233,
        "dvar": 10.2684202194,
        "dvar2": 27.3017845154,
        "max": 77.6215744019,
        "mean": 8.06814670563,
        "median": 6.93998289108,
        "min": -1.34808671474,
        "var": 33.4068908691
    },
    "spectral_rms": {
        "dmean": 0.000592955446336,
        "dmean2": 0.000862327462528,
        "dvar": 4.96215648127e-07,
        "dvar2": 1.03468607904e-06,
        "max": 0.0107631031424,
        "mean": 0.00419030105695,
        "median": 0.0042081233114,
        "min": 3.10568519686e-12,
        "var": 4.29604870078e-06
    },
    "spectral_rolloff": {
        "dmean": 291.539215088,
        "dmean2": 492.453765869,
        "dvar": 617249.8125,
        "dvar2": 1248079.25,
        "max": 19552.1484375,
        "mean": 1386.23327637,
        "median": 925.927734375,
        "min": 86.1328125,
        "var": 5297883.5
    },
    "spectral_skewness": {
        "dmean": 0.275259494781,
        "dmean2": 0.436547100544,
        "dvar": 0.0837897732854,
        "dvar2": 0.203044846654,
        "max": 7.47453641891,
        "mean": 2.0931289196,
        "median": 2.04006481171,
        "min": -0.109602451324,
        "var": 0.472874701023
    },
    "spectral_spread": {
        "dmean": 497489.1875,
        "dmean2": 713940.375,
        "dvar": 736728580096,
        "dvar2": 1.28301164134e+12,
        "max": 42824416,
        "mean": 4315421,
        "median": 3594545.5,
        "min": 945458.5,
        "var": 1.93878640558e+13
    },
    "spectral_strongpeak": {
        "dmean": 0.701285362244,
        "dmean2": 1.12436759472,
        "dvar": 0.955094754696,
        "dvar2": 2.20287299156,
        "max": 12.0066165924,
        "mean": 1.60580098629,
        "median": 1.02187848091,
        "min": 0,
        "var": 2.86744713783
    },
    "zerocrossingrate": {
        "dmean": 0.00720788957551,
        "dmean2": 0.00853571575135,
        "dvar": 0.000154101115186,
        "dvar2": 0.000159657953191,
        "max": 0.529296875,
        "mean": 0.0521868318319,
        "median": 0.041015625,
        "min": 0.00634765625,
        "var": 0.00353092164733
    },
    "barkbands": {
        "dmean": [6.08269219811e-05, 0.00161418691278, 0.000334452430252, 0.000442734046374, 0.00104193203151, 0.000709889980499, 0.00129942840431, 0.000802164664492, 0.00128471804783, 0.00100309588015, 0.00144735060167, 0.000562415865716, 0.000361224811058, 0.000255525344983, 0.000254476297414, 0.000178002053872, 0.000138852992677, 8.27108960948e-05, 0.000119940996228, 9.121576295e-05, 4.95295207656e-05, 1.49854331539e-05, 1.49653151311e-05, 1.72869349626e-05, 1.7055641365e-05, 1.03069469333e-05, 4.77315097669e-07],
        "dmean2": [9.52968475758e-05, 0.00275399209931, 0.000560300948564, 0.000747849466279, 0.00166192092001, 0.0010840955656, 0.00205296790227, 0.00116094143596, 0.00193346850574, 0.00147139898036, 0.00215027364902, 0.000841121771373, 0.000553502584808, 0.000381009303965, 0.000378528726287, 0.000273401703453, 0.000209630525205, 0.000128945699544, 0.00017959329125, 0.000137401686516, 7.68623649492e-05, 2.31014601013e-05, 2.27613054449e-05, 2.6471205274e-05, 2.45217124757e-05, 1.45166668517e-05, 7.28596432964e-07],
        "dvar": [8.05136224358e-08, 5.00329078932e-05, 7.08648713044e-07, 5.98524479756e-07, 3.12576980832e-06, 1.60892477652e-06, 6.96765710018e-06, 5.12445012646e-06, 9.11997449293e-06, 5.96800055064e-06, 1.32903323902e-05, 3.46124261341e-06, 8.29554835491e-07, 6.9011667847e-07, 6.50019103432e-07, 3.16599397365e-07, 2.20279986252e-07, 4.86194764449e-08, 6.95308344234e-08, 4.45473702371e-08, 2.26108767265e-08, 4.05555944383e-09, 7.53015338972e-09, 8.2649984634e-09, 6.31612184776e-09, 2.40934783236e-09, 3.57168309685e-12],
        "dvar2": [1.78281752028e-07, 0.000130517815705, 2.05765149985e-06, 1.63775348483e-06, 7.39426332075e-06, 3.58135662282e-06, 1.67132311617e-05, 9.68652966549e-06, 2.08551809919e-05, 1.22017909234e-05, 2.96109101328e-05, 7.16266913514e-06, 2.04672119253e-06, 1.4498159544e-06, 1.32573438805e-06, 6.97612904332e-07, 4.67953839234e-07, 1.14133769102e-07, 1.48625616703e-07, 9.93326025878e-08, 5.12343980574e-08, 9.1415213177e-09, 1.70912528574e-08, 1.92559106438e-08, 1.17836176372e-08, 4.23811075123e-09, 7.96776880585e-12],
        "max": [0.0051233372651, 0.0928066447377, 0.0166516359895, 0.0161256808788, 0.0449799858034, 0.0289806667715, 0.0557953342795, 0.0757060199976, 0.0658510550857, 0.0436651073396, 0.0976692587137, 0.0505784340203, 0.023455588147, 0.0267628096044, 0.0229933001101, 0.0186657737941, 0.0178586412221, 0.00957106798887, 0.00720005296171, 0.00572420516983, 0.00560638075694, 0.00354211032391, 0.00661001680419, 0.00534937391058, 0.0038148087915, 0.0025161774829, 6.23038722551e-05],
        "mean": [5.75388767174e-05, 0.00233547529206, 0.00105239043478, 0.000758246576879, 0.00216965540312, 0.00155464874115, 0.00239050225355, 0.00151555985212, 0.00245193764567, 0.00176684965845, 0.00258317217231, 0.000960637407843, 0.000634916767012, 0.000415466463892, 0.000455856410554, 0.000278801628156, 0.000236675376073, 0.000165572608239, 0.000237223255681, 0.000171299951035, 8.27012991067e-05, 2.59278895101e-05, 2.58025775111e-05, 2.72716933978e-05, 3.01622021652e-05, 1.61657808349e-05, 5.75157457661e-07],
        "median": [2.67753057415e-06, 0.00131951761432, 0.000672704540193, 0.00041835277807, 0.00117178575601, 0.000815037521534, 0.000708038453013, 0.000268965668511, 0.000392653804738, 0.000245156872552, 0.000284319394268, 0.000123802441522, 0.000151564512635, 5.29548124177e-05, 7.03107507434e-05, 4.03527847084e-05, 3.67111133528e-05, 4.74318949273e-05, 6.42616651021e-05, 4.1601160774e-05, 1.80238348548e-05, 7.59499744163e-06, 6.00729163125e-06, 7.84856820246e-06, 8.07469405117e-06, 3.02544822262e-06, 6.16868334191e-08],
        "min": [3.92045405619e-25, 1.06484704836e-24, 6.21500415697e-25, 4.52345859259e-25, 8.03155695912e-24, 8.18930862978e-24, 7.65029890591e-24, 7.12938880664e-24, 1.26534109613e-23, 1.6552097239e-23, 1.56651588351e-23, 1.76348703625e-23, 2.69462736766e-23, 3.05244678565e-23, 3.46256673504e-23, 6.54741992668e-23, 4.93022888079e-23, 9.84155160559e-23, 1.09351065645e-22, 1.60132490738e-22, 2.5669541429e-22, 2.91915239052e-22, 3.77298615181e-22, 5.73956261977e-22, 9.12078807671e-22, 1.25983706844e-21, 1.74025512677e-21],
        "var": [8.09637512589e-08, 3.98310658056e-05, 1.42377803058e-06, 1.12096142857e-06, 9.51516631176e-06, 5.44741624253e-06, 1.69682352862e-05, 1.77997353603e-05, 2.55998966168e-05, 1.63580461958e-05, 3.64131701645e-05, 1.01505847852e-05, 2.06219397114e-06, 1.70249188614e-06, 1.98881275537e-06, 7.20873856608e-07, 5.51912421543e-07, 1.98901616955e-07, 2.16144087517e-07, 1.09600023279e-07, 5.02027077687e-08, 8.90900508921e-09, 1.39226630225e-08, 1.27981669706e-08, 1.58229607194e-08, 5.48645617826e-09, 6.18277564562e-12]
    },
    "erbbands": {
        "dmean": [0.052417639643, 0.342142492533, 0.410848081112, 0.896679282188, 2.1672296524, 4.6980471611, 4.18980073929, 6.93923187256, 12.4726276398, 21.4067745209, 17.3163776398, 29.6180000305, 30.4189338684, 46.9371414185, 40.5052757263, 19.7437152863, 15.0241699219, 14.4465112686, 10.6107196808, 11.0447216034, 9.18370342255, 6.215031147, 4.54243850708, 5.1012096405, 5.76404380798, 3.62476849556, 2.80400395393, 1.08589160442, 0.557950258255, 0.476179510355, 0.427104979753, 0.384728610516, 0.280809015036, 0.190662056208, 0.128227308393, 0.0551766492426, 0.0177195481956, 0.00260590296239, 5.735922241e-05, 8.4350222096e-06],
        "dmean2": [0.0905274003744, 0.582360863686, 0.690272927284, 1.52526021004, 3.57614254951, 7.44101476669, 6.53026533127, 10.4460105896, 19.9239788055, 32.6219291687, 25.0187797546, 44.4359855652, 45.4418945312, 69.2701797485, 59.333732605, 29.1881771088, 22.793176651, 21.9323177338, 15.620092392, 16.1738967896, 13.9072704315, 9.04365539551, 6.88960886002, 7.55868339539, 8.53483963013, 5.33016347885, 4.22055625916, 1.74218451977, 0.884807825089, 0.711407124996, 0.648395001888, 0.604072272778, 0.425787448883, 0.275594085455, 0.182788878679, 0.0777838900685, 0.0251896660775, 0.00369425909594, 8.0579186033e-05, 1.22896881294e-05],
        "dvar": [0.0670169815421, 1.98842775822, 1.2451621294, 2.52918481827, 12.6737070084, 82.1023025513, 61.340385437, 184.858947754, 664.275939941, 2047.73217773, 2705.29248047, 5346.84521484, 5737.80712891, 12100.8955078, 12812.7109375, 4541.79345703, 1433.80639648, 1788.11791992, 1017.6338501, 1339.42700195, 687.828674316, 489.758483887, 158.517028809, 153.516525269, 147.037597656, 60.6368255615, 69.8112106323, 15.7492513657, 6.53041982651, 3.64523458481, 6.83108091354, 3.54852247238, 2.76130366325, 0.718836009502, 0.371592015028, 0.0928156152368, 0.00568987429142, 9.0196786914e-05, 4.23664126004e-08, 1.64374541756e-10],
        "dvar2": [0.177730873227, 5.2212228775, 3.53531169891, 6.96532487869, 33.1685371399, 183.86668396, 145.309570312, 404.270721436, 1609.53930664, 4344.29638672, 5269.22216797, 12237.1494141, 12870.9638672, 27195.4082031, 28093.4785156, 9357.62402344, 3565.22998047, 4053.47631836, 2165.75854492, 2628.19311523, 1556.79968262, 990.560791016, 353.298980713, 309.347869873, 324.700531006, 134.915222168, 144.843597412, 40.3044090271, 16.2086029053, 6.96484470367, 15.5207452774, 8.34108066559, 6.41960573196, 1.45271360874, 0.683649599552, 0.153993949294, 0.0107046179473, 0.00017596030375, 8.06920539276e-08, 3.4468897181e-10],
        "max": [3.45009422302, 17.7242202759, 19.6166820526, 27.8854255676, 60.8522720337, 237.900665283, 179.697952271, 307.140686035, 542.647155762, 1055.01025391, 1578.62353516, 1696.37329102, 1462.67773438, 1794.9296875, 3098.2121582, 2596.88671875, 1038.06555176, 1370.91467285, 964.619812012, 1567.56872559, 514.825866699, 1155.46142578, 632.793457031, 520.068115234, 357.927856445, 181.665985107, 357.95526123, 89.5881271362, 155.854980469, 91.1516265869, 202.166290283, 90.9433288574, 103.937828064, 50.3838272095, 26.8319911957, 18.7804698944, 2.43716931343, 0.293753415346, 0.00663414923474, 0.000252820842434],
        "mean": [0.0532959587872, 0.5673635602, 1.32061755657, 1.85262823105, 4.09169340134, 8.89564037323, 9.00064563751, 15.1864948273, 24.7102050781, 39.8632392883, 35.1636924744, 57.4889755249, 60.0190124512, 89.5218200684, 75.4429244995, 37.9242782593, 29.3108024597, 26.8765697479, 19.735370636, 21.4274196625, 16.0977916718, 11.9930963516, 9.80733299255, 10.46276474, 11.575088501, 7.543800354, 5.53245401382, 1.67735207081, 0.936360120773, 0.858724057674, 0.728158414364, 0.579946756363, 0.456551551819, 0.339468628168, 0.210350975394, 0.0896765515208, 0.0261456687003, 0.00361207174137, 9.10306625883e-05, 2.93353641609e-05],
        "median": [0.0151149015874, 0.36426794529, 0.992168903351, 1.23291635513, 2.2879652977, 4.07220649719, 4.44194507599, 7.60329866409, 9.34342956543, 12.7347946167, 7.88516569138, 10.8811035156, 12.1919612885, 13.4461555481, 12.953578949, 6.82612419128, 8.04724502563, 5.81722974777, 4.04474449158, 3.15487098694, 2.85692691803, 2.19420671463, 2.72551107407, 3.23623561859, 3.27299690247, 1.98134589195, 1.16302537918, 0.499361872673, 0.279247999191, 0.238370716572, 0.165505290031, 0.15791067481, 0.126765668392, 0.0924291685224, 0.0501456968486, 0.0178652815521, 0.00442395312712, 0.000521020847373, 2.59133812506e-05, 2.30239893426e-05],
        "min": [2.5809588221e-23, 2.89112195375e-22, 9.85655977897e-22, 1.47502923571e-21, 5.50364418614e-21, 2.2827302699e-20, 3.87867251048e-20, 6.4183632065e-20, 1.13655210701e-19, 1.65679985695e-19, 1.92990297121e-19, 2.78976742847e-19, 4.01332782068e-19, 7.25724739074e-19, 1.06356091428e-18, 7.26788545041e-19, 1.4180314848e-18, 1.80827927118e-18, 2.66359353713e-18, 2.59051419797e-18, 3.52566462792e-18, 3.0731525787e-18, 5.0932235875e-18, 5.64281975727e-18, 7.71423097157e-18, 7.26204524509e-18, 9.383963694e-18, 9.08931203364e-18, 1.01441352323e-17, 1.07189711641e-17, 9.67150160109e-18, 9.85825913107e-18, 9.13421718755e-18, 7.89968734644e-18, 6.10970944632e-18, 4.10098487398e-18, 2.35870468951e-18, 8.61886991405e-19, 2.41395420228e-19, 2.61215107144e-20],
        "var": [0.0495014488697, 1.61986422539, 1.89863336086, 4.59149503708, 28.652803421, 232.545516968, 196.527999878, 616.920471191, 1740.34716797, 5266.20849609, 9267.55175781, 14838.5, 16009.6279297, 34989.171875, 34723.9609375, 15241.1064453, 3878.84057617, 4918.24023438, 2881.12011719, 4529.46875, 1592.48974609, 1417.47851562, 766.715454102, 480.362091064, 450.638061523, 181.13079834, 193.415298462, 20.9840812683, 11.4676380157, 9.47171401978, 12.4938030243, 5.27654218674, 4.42598724365, 1.66528809071, 0.919765293598, 0.216676354408, 0.0126302978024, 0.000192982595763, 9.58342027957e-08, 6.6901800766e-10]
    },
    "gfcc": {
        "mean": [-58.6772384644, 116.518562317, -115.766242981, 11.178352356, -58.2173614502, 7.07559585571, -33.1846427917, 13.4545660019, -31.9617061615, 3.26962018013, -11.380197525, -3.28391504288, -9.01732635498],
        "cov": [[26385.9199219, 617.585388184, -2253.58007812, 466.665466309, -1002.61755371, 434.010375977, -356.679229736, 771.853149414, -624.638671875, 426.204620361, -231.458190918, 80.6697387695, -166.376602173], [617.585388184, 1272.35168457, -309.840667725, -102.405982971, 132.526657104, -28.1583213806, 129.789657593, -141.180160522, 25.9390506744, -100.376434326, 79.9077987671, -101.665214539, 13.5280790329], [-2253.58007812, -309.840667725, 937.3203125, 32.0163650513, -56.4638252258, 49.597240448, -109.498641968, 12.3568067551, 61.1854362488, -28.9081306458, -9.48037338257, 95.3555831909, -90.1562576294], [466.665466309, -102.405982971, 32.0163650513, 420.765991211, 40.2127914429, -48.3889389038, -87.5714263916, 3.91509747505, 54.9081573486, -2.86153769493, 8.53172302246, 45.3146247864, -8.5195350647], [-1002.61755371, 132.526657104, -56.4638252258, 40.2127914429, 364.697235107, 30.1520900726, 79.8687362671, -53.8700942993, 52.820526123, 16.3812599182, 33.8717193604, -7.060962677, 38.2370185852], [434.010375977, -28.1583213806, 49.597240448, -48.3889389038, 30.1520900726, 240.839492798, 69.3018569946, -13.6125593185, -4.18078184128, 25.7262401581, -5.35199165344, 3.49723744392, -36.3180198669], [-356.679229736, 129.789657593, -109.498641968, -87.5714263916, 79.8687362671, 69.3018569946, 288.380706787, 0.742276370525, -12.4968261719, 8.03092288971, 29.1948795319, -27.7052307129, 17.3305091858], [771.853149414, -141.180160522, 12.3568067551, 3.91509747505, -53.8700942993, -13.6125593185, 0.742276370525, 186.505813599, -3.70878767967, 16.3310337067, -17.8089466095, 21.3110179901, 17.8373565674], [-624.638671875, 25.9390506744, 61.1854362488, 54.9081573486, 52.820526123, -4.18078184128, -12.4968261719, -3.70878767967, 152.514129639, -11.7431592941, -3.60614919662, 21.6043243408, -7.55053663254], [426.204620361, -100.376434326, -28.9081306458, -2.86153769493, 16.3812599182, 25.7262401581, 8.03092288971, 16.3310337067, -11.7431592941, 119.952705383, 13.6804485321, 1.32487213612, 18.7339458466], [-231.458190918, 79.9077987671, -9.48037338257, 8.53172302246, 33.8717193604, -5.35199165344, 29.1948795319, -17.8089466095, -3.60614919662, 13.6804485321, 97.6101303101, 3.42794036865, 7.19688892365], [80.6697387695, -101.665214539, 95.3555831909, 45.3146247864, -7.060962677, 3.49723744392, -27.7052307129, 21.3110179901, 21.6043243408, 1.32487213612, 3.42794036865, 114.8332901, -4.86295127869], [-166.376602173, 13.5280790329, -90.1562576294, -8.5195350647, 38.2370185852, -36.3180198669, 17.3305091858, 17.8373565674, -7.55053663254, 18.7339458466, 7.19688892365, -4.86295127869, 148.746536255]],
        "icov": [[0.000186780933291, -0.000337111967383, 0.000497650413308, -0.000382071535569, 0.000436462898506, -0.000610774266534, 0.000414075475419, -0.000834157632198, 0.000651952170301, -0.000721777381841, 0.000453383225249, -0.000503110699356, 0.000395399692934], [-0.000337111967383, 0.00179848447442, -0.000568862189539, 0.00094816996716, -0.000978307565674, 0.00119467079639, -0.000948704429902, 0.00206916616298, -0.00156006752513, 0.0023811974097, -0.00173837447073, 0.00150735524949, -0.000671241665259], [0.000497650413308, -0.000568862189539, 0.00273840571754, -0.000830882869195, 0.00119690864813, -0.00193616992328, 0.0015098080039, -0.0021558245644, 0.00122819875833, -0.00136644032318, 0.000805889081676, -0.00207183347084, 0.00165046087932], [-0.000382071535569, 0.00094816996716, -0.000830882869195, 0.00366785633378, -0.00137939187698, 0.00166602607351, -5.57814128115e-05, 0.00168249942362, -0.00212467159145, 0.0016760941362, -0.00147822906729, 0.000293398625217, -0.000478844041936], [0.000436462898506, -0.000978307565674, 0.00119690864813, -0.00137939187698, 0.00460574030876, -0.00182513776235, 9.92824789137e-05, -0.00101495732088, 0.000305391731672, -0.00222806725651, 0.000526973512024, -0.00112130655907, -6.18624544586e-05], [-0.000610774266534, 0.00119467079639, -0.00193616992328, 0.00166602607351, -0.00182513776235, 0.0071441475302, -0.00267945369706, 0.00318631366827, -0.0019464349607, 0.00105481606442, -0.000624029315077, 0.0012469261419, 0.000112964771688], [0.000414075475419, -0.000948704429902, 0.0015098080039, -5.57814128115e-05, 9.92824789137e-05, -0.00267945369706, 0.00560470530763, -0.00258007249795, 0.00158789905254, -0.001283252961, -0.000204754862352, -0.00069332489511, 0.000667460553814], [-0.000834157632198, 0.00206916616298, -0.0021558245644, 0.00168249942362, -0.00101495732088, 0.00318631366827, -0.00258007249795, 0.0101117314771, -0.00318232621066, 0.00268740463071, -0.00123587890994, 0.00138012971729, -0.00259968498722], [0.000651952170301, -0.00156006752513, 0.00122819875833, -0.00212467159145, 0.000305391731672, -0.0019464349607, 0.00158789905254, -0.00318232621066, 0.0100330617279, -0.00221430324018, 0.00251422566362, -0.0028335256502, 0.00171058694832], [-0.000721777381841, 0.0023811974097, -0.00136644032318, 0.0016760941362, -0.00222806725651, 0.00105481606442, -0.001283252961, 0.00268740463071, -0.00221430324018, 0.0130222039297, -0.00403570011258, 0.00238864519633, -0.00257769273594], [0.000453383225249, -0.00173837447073, 0.000805889081676, -0.00147822906729, 0.000526973512024, -0.000624029315077, -0.000204754862352, -0.00123587890994, 0.00251422566362, -0.00403570011258, 0.0132515188307, -0.00249738176353, 0.000866341171786], [-0.000503110699356, 0.00150735524949, -0.00207183347084, 0.000293398625217, -0.00112130655907, 0.0012469261419, -0.00069332489511, 0.00138012971729, -0.0028335256502, 0.00238864519633, -0.00249738176353, 0.0119929034263, -0.00136256346013], [0.000395399692934, -0.000671241665259, 0.00165046087932, -0.000478844041936, -6.18624544586e-05, 0.000112964771688, 0.000667460553814, -0.00259968498722, 0.00171058694832, -0.00257769273594, 0.000866341171786, -0.00136256346013, 0.00880157016218]]
    },
    "melbands": {
        "dmean": [0.000462325901026, 0.00028719191323, 0.000181927898666, 0.000242073190748, 0.000154549634317, 0.00014701843611, 0.000219493158511, 0.000220205969526, 0.000141006763442, 0.000201404676773, 0.000152643420734, 0.00018513451505, 0.000162236727192, 7.31257532607e-05, 3.68884502677e-05, 3.95906463382e-05, 2.67231371254e-05, 1.7222493625e-05, 2.03413783311e-05, 1.38569566843e-05, 1.14706281238e-05, 7.9063083831e-06, 4.97264090882e-06, 3.85765997635e-06, 4.61207491753e-06, 5.2860782489e-06, 3.61584579878e-06, 2.48529795499e-06, 2.28799945035e-06, 1.07013488559e-06, 5.60330249755e-07, 3.24695065501e-07, 3.10900674094e-07, 2.74629144315e-07, 2.55846344999e-07, 2.48536991876e-07, 2.49370856409e-07, 2.11754240809e-07, 1.84621455901e-07, 1.64139066783e-07],
        "dmean2": [0.000792055041529, 0.00048103480367, 0.000305534660583, 0.000386654079193, 0.000242968599196, 0.000222506816499, 0.000350584508851, 0.00033214080031, 0.000202957395231, 0.000302366097458, 0.00022740510758, 0.000272134435363, 0.000238567372435, 0.000106033839984, 5.54644211661e-05, 6.09763374086e-05, 4.01393990614e-05, 2.53386278928e-05, 2.95677273243e-05, 2.05931646633e-05, 1.73287317011e-05, 1.16088876894e-05, 7.45018769521e-06, 6.04094611845e-06, 6.85495979269e-06, 7.87199951446e-06, 5.49333572053e-06, 3.69150870938e-06, 3.44497016158e-06, 1.63660774888e-06, 9.42122824199e-07, 5.20416563177e-07, 4.87804186378e-07, 4.19175648858e-07, 3.9300303456e-07, 3.85805577707e-07, 3.98496041498e-07, 3.25943773305e-07, 2.81047988437e-07, 2.41380774924e-07],
        "dvar": [4.63028709419e-06, 8.79008325683e-07, 9.07165045305e-08, 1.87470007518e-07, 7.21171389273e-08, 7.82693305723e-08, 1.97355021214e-07, 2.17705988348e-07, 1.82657245773e-07, 2.42911738724e-07, 1.46223754882e-07, 1.87177548128e-07, 1.9365722892e-07, 5.41268825316e-08, 1.70961484969e-08, 9.42993949593e-09, 7.15236447846e-09, 3.29637295238e-09, 5.29070742772e-09, 2.26955387816e-09, 1.17532927835e-09, 8.74111560911e-10, 3.17556536622e-10, 9.13197087393e-11, 1.48398779376e-10, 1.54478319025e-10, 7.09144756805e-11, 3.13669298868e-11, 5.09609056343e-11, 1.20553098754e-11, 5.83028417211e-12, 2.48262695124e-12, 2.13018665207e-12, 1.4458398671e-12, 2.94836681111e-12, 1.59762275024e-12, 1.42429319207e-12, 1.51922181432e-12, 1.29261054985e-12, 4.05433770324e-13],
        "dvar2": [1.2139215869e-05, 2.30293107961e-06, 2.4680076649e-07, 4.36607933807e-07, 1.70827306079e-07, 1.72603009219e-07, 4.81017139009e-07, 4.3680367412e-07, 3.6005246784e-07, 5.58515750981e-07, 3.25317074612e-07, 4.13095165186e-07, 4.25741092158e-07, 1.01468238256e-07, 3.93799588494e-08, 2.29472725266e-08, 1.54790722462e-08, 6.98236846119e-09, 1.0765266012e-08, 4.58082904942e-09, 2.65512212216e-09, 1.76163816867e-09, 6.81712408745e-10, 2.17008438996e-10, 3.02107977523e-10, 3.28675087147e-10, 1.60626970058e-10, 6.99261620829e-11, 1.0575674364e-10, 2.65392326171e-11, 1.55421300829e-11, 6.24592695272e-12, 5.42125329003e-12, 3.16407707326e-12, 7.04843215044e-12, 3.3857656262e-12, 3.48974191558e-12, 3.57738621712e-12, 2.9738505495e-12, 8.13181173873e-13],
        "max": [0.028671162203, 0.0120550077409, 0.00593877956271, 0.0117644704878, 0.00665888283402, 0.0061315135099, 0.00871093571186, 0.012806378305, 0.0133592030033, 0.0110776126385, 0.00757315801457, 0.00733984960243, 0.0147475954145, 0.00688561471179, 0.00471544126049, 0.0032147183083, 0.00315189058892, 0.00197585090064, 0.00249526812695, 0.00193748669699, 0.000727982376702, 0.001659288886, 0.000727575970814, 0.00037200798397, 0.000516709231306, 0.00034213977051, 0.000198383801035, 0.000144134421134, 0.000305096327793, 9.88164538285e-05, 5.62769237149e-05, 0.000100596211269, 8.92341340659e-05, 7.16016293154e-05, 0.000135570444399, 7.45687721064e-05, 6.24083622824e-05, 6.46580665489e-05, 8.18928892841e-05, 3.0672763387e-05],
        "mean": [0.000570622389205, 0.000739644456189, 0.00038469870924, 0.000472429703223, 0.000341876846505, 0.000321105791954, 0.000428420957178, 0.000416459108237, 0.000271277647698, 0.000385042163543, 0.000288185867248, 0.000342040293617, 0.000294867350021, 0.000130179338157, 6.38046694803e-05, 7.147724682e-05, 4.56613488495e-05, 2.79502582998e-05, 3.62295249943e-05, 2.30099394685e-05, 1.80862425623e-05, 1.36890612339e-05, 9.47764328885e-06, 7.31524187358e-06, 8.41120072437e-06, 9.67428695731e-06, 6.54671885059e-06, 4.71430666948e-06, 4.21600680056e-06, 1.71705073626e-06, 7.10454571617e-07, 5.07554204887e-07, 5.11361747613e-07, 4.5752435085e-07, 4.16456458652e-07, 3.84259266184e-07, 3.49557183199e-07, 3.19654702707e-07, 3.04170640675e-07, 2.79693040284e-07],
        "median": [0.0002596291597, 0.000600844621658, 0.000262667890638, 0.000251269026194, 0.000179044363904, 0.000159869334311, 0.000151791027747, 0.000127593084471, 4.34060202679e-05, 6.28010748187e-05, 4.54414730484e-05, 4.51459818578e-05, 3.83360238629e-05, 2.09386726056e-05, 9.04612716113e-06, 1.81713221536e-05, 7.19338277122e-06, 4.78090260003e-06, 4.58092017652e-06, 3.03932210954e-06, 2.70167947747e-06, 2.12707027458e-06, 1.70628663909e-06, 2.22882681555e-06, 2.21658137889e-06, 2.42426813202e-06, 1.74651972884e-06, 1.04622449726e-06, 7.69615098761e-07, 3.69229269381e-07, 1.93775377966e-07, 1.37695622016e-07, 1.37592635951e-07, 1.15349365615e-07, 8.78600729948e-08, 8.27780866075e-08, 9.52303764734e-08, 8.57369713003e-08, 7.54525331104e-08, 7.51605142568e-08],
        "min": [4.2277442215e-25, 4.71366183152e-25, 3.72595966045e-25, 9.67480905053e-25, 1.72148973827e-24, 1.66181576345e-24, 1.91628059779e-24, 2.00466615134e-24, 1.5987596461e-24, 1.70984023485e-24, 2.11527963582e-24, 2.56624814394e-24, 2.74193318677e-24, 2.02828346355e-24, 2.17865277664e-24, 2.80034202592e-24, 2.89338028108e-24, 3.18389724209e-24, 2.54048631336e-24, 3.39440891617e-24, 2.76438673193e-24, 2.85449791871e-24, 3.1832937635e-24, 3.61244730936e-24, 3.63762735502e-24, 4.75714206968e-24, 2.85614939901e-24, 4.0543249844e-24, 4.64701235415e-24, 5.18666263308e-24, 4.58439099777e-24, 5.02213070293e-24, 5.29605081936e-24, 5.36710312666e-24, 4.66712357406e-24, 5.68805236924e-24, 5.26191128596e-24, 5.66376097539e-24, 6.19128449005e-24, 6.26775627178e-24],
        "var": [3.56145665137e-06, 9.12175551093e-07, 1.85718405987e-07, 5.07591380483e-07, 2.51107366012e-07, 2.62799318307e-07, 5.0481537528e-07, 6.24004655947e-07, 6.20082857949e-07, 6.76422644119e-07, 4.0715943328e-07, 5.33157560767e-07, 5.20346077337e-07, 1.69603779909e-07, 4.47017605154e-08, 2.52205314411e-08, 1.93306153307e-08, 7.89171039628e-09, 1.62400066728e-08, 6.50863940521e-09, 2.45866549342e-09, 2.33398544935e-09, 1.02895791887e-09, 3.00020508437e-10, 3.86199627833e-10, 4.28904162186e-10, 1.71520936343e-10, 8.23141832473e-11, 1.2499663804e-10, 2.54021612772e-11, 5.91203475064e-12, 3.63500115425e-12, 4.2270054644e-12, 3.0138792937e-12, 5.02857781456e-12, 2.90492868475e-12, 1.85939891956e-12, 2.33971045663e-12, 2.00251382317e-12, 1.00249235996e-12]
    },
    "mfcc": {
        "mean": [-696.599487305, 151.420761108, -2.31716251373, 12.8472270966, -3.42825651169, -7.83633804321, 9.55044651031, -1.10587894917, -4.1471157074, 2.90542125702, -4.16550397873, -2.57266497612, 1.08891510963],
        "cov": [[11028.4677734, 385.200317383, -738.655273438, 227.542175293, -259.302429199, -109.289794922, 320.095153809, 104.121574402, 169.042404175, 246.780654907, -38.4284667969, 62.063709259, 303.756103516], [385.200317383, 1423.63806152, -143.391937256, -61.9308280945, -15.4373722076, 60.5411605835, 136.205535889, 18.5455112457, -20.3825912476, 14.0271425247, 42.9719314575, -35.4259986877, -23.798204422], [-738.655273438, -143.391937256, 706.071166992, -27.7721252441, 23.4911575317, -10.5427494049, -151.409179688, 74.9387435913, -73.2312316895, -69.6188964844, 65.6401748657, -5.92461442947, -47.7891616821], [227.542175293, -61.9308280945, -27.7721252441, 354.826599121, 101.298454285, -38.623046875, -47.0936965942, 1.76549804211, 7.71032428741, -37.1084098816, -19.5347537994, 54.6072769165, 34.500617981], [-259.302429199, -15.4373722076, 23.4911575317, 101.298454285, 292.795257568, 21.7254009247, -72.4034729004, -8.00669288635, 4.73344659805, -20.8478088379, -15.2608041763, 46.3618164062, 8.73325920105], [-109.289794922, 60.5411605835, -10.5427494049, -38.623046875, 21.7254009247, 279.561828613, 34.9205970764, 29.8185749054, -13.7879543304, 16.4357967377, 58.2998161316, -13.6625137329, 3.13167619705], [320.095153809, 136.205535889, -151.409179688, -47.0936965942, -72.4034729004, 34.9205970764, 264.299682617, -18.8030014038, 19.5410995483, 55.4078025818, -17.564622879, -12.9086828232, 13.0438528061], [104.121574402, 18.5455112457, 74.9387435913, 1.76549804211, -8.00669288635, 29.8185749054, -18.8030014038, 187.971099854, 0.254255920649, -9.02698612213, 61.355506897, -9.82697582245, 2.68431329727], [169.042404175, -20.3825912476, -73.2312316895, 7.71032428741, 4.73344659805, -13.7879543304, 19.5410995483, 0.254255920649, 141.182662964, 23.5934276581, -29.1411762238, 6.95069789886, 16.0591449738], [246.780654907, 14.0271425247, -69.6188964844, -37.1084098816, -20.8478088379, 16.4357967377, 55.4078025818, -9.02698612213, 23.5934276581, 127.862091064, -1.83558285236, -16.8548088074, 1.72181785107], [-38.4284667969, 42.9719314575, 65.6401748657, -19.5347537994, -15.2608041763, 58.2998161316, -17.564622879, 61.355506897, -29.1411762238, -1.83558285236, 147.86505127, -2.68800783157, -18.8952693939], [62.063709259, -35.4259986877, -5.92461442947, 54.6072769165, 46.3618164062, -13.6625137329, -12.9086828232, -9.82697582245, 6.95069789886, -16.8548088074, -2.68800783157, 118.818267822, 24.4029808044], [303.756103516, -23.798204422, -47.7891616821, 34.500617981, 8.73325920105, 3.13167619705, 13.0438528061, 2.68431329727, 16.0591449738, 1.72181785107, -18.8952693939, 24.4029808044, 108.547981262]],
