{
"lowlevel": {
    "average_loudness": 0.821021318436,
    "barkbands_crest": {
        "dmean": 2.39997816086,
        "dmean2": 3.86135983467,
        "dvar": 5.5126414299,
        "dvar2": 13.8654212952,
        "max": 26.5424118042,
        "mean": 11.4949493408,
        "median": 10.5495605469,
        "min": 2.92325568199,
        "var": 19.5258235931
    },
    "barkbands_flatness_db": {
        "dmean": 0.0201002769172,
        "dmean2": 0.0300300698727,
        "dvar": 0.000417373841628,
        "dvar2": 0.000881651998498,
        "max": 0.625002920628,
        "mean": 0.165427178144,
        "median": 0.16038954258,
        "min": 0.0227582026273,
        "var": 0.0028864312917
    },
    "barkbands_kurtosis": {
        "dmean": 4.36327648163,
        "dmean2": 6.80354547501,
        "dvar": 251.645339966,
        "dvar2": 543.592285156,
        "max": 1073.18078613,
        "mean": 9.03283119202,
        "median": 5.21276903152,
        "min": -1.90839374065,
        "var": 467.809967041
    },
    "barkbands_skewness": {
        "dmean": 0.549443423748,
        "dmean2": 0.841469228268,
        "dvar": 0.445691525936,
        "dvar2": 1.00625228882,
        "max": 21.7179355621,
        "mean": 2.17680215836,
        "median": 2.05517196655,
        "min": -2.18581771851,
        "var": 1.95548284054
    },
    "barkbands_spread": {
        "dmean": 4.30464935303,
        "dmean2": 6.67858409882,
        "dvar": 46.3567695618,
        "dvar2": 103.894287109,
        "max": 109.917800903,
        "mean": 15.6663503647,
        "median": 12.6895751953,
        "min": 0.0511238947511,
        "var": 146.868057251
    },
    "dissonance": {
        "dmean": 0.0223649572581,
        "dmean2": 0.0372435078025,
        "dvar": 0.000451912696008,
        "dvar2": 0.00121838587802,
        "max": 0.499990046024,
        "mean": 0.446046471596,
        "median": 0.453921854496,
        "min": 0.173622876406,
        "var": 0.00135860056616
    },
    "dynamic_complexity": 4.93531990051,
    "erbbands_crest": {
        "dmean": 2.46410751343,
        "dmean2": 3.94827127457,
        "dvar": 5.38091373444,
        "dvar2": 13.2711935043,
        "max": 29.1305980682,
        "mean": 10.3253726959,
        "median": 9.36096668243,
        "min": 2.11752820015,
        "var": 21.6437168121
    },
    "erbbands_flatness_db": {
        "dmean": 0.0172056332231,
        "dmean2": 0.0242632292211,
        "dvar": 0.000291808450129,
        "dvar2": 0.00054247432854,
        "max": 0.444627791643,
        "mean": 0.159517630935,
        "median": 0.156670510769,
        "min": 0.0320982858539,
        "var": 0.00253602047451
    },
    "erbbands_kurtosis": {
        "dmean": 1.05792438984,
        "dmean2": 1.65495634079,
        "dvar": 2.66592001915,
        "dvar2": 6.25224208832,
        "max": 39.906463623,
        "mean": 1.09798061848,
        "median": 0.241040468216,
        "min": -1.87576770782,
        "var": 8.38455867767
    },
    "erbbands_skewness": {
        "dmean": 0.347790628672,
        "dmean2": 0.534014344215,
        "dvar": 0.113542415202,
        "dvar2": 0.254147619009,
        "max": 5.33311080933,
        "mean": 0.730668663979,
        "median": 0.70863699913,
        "min": -2.64035582542,
        "var": 0.68115490675
    },
    "erbbands_spread": {
        "dmean": 7.73698377609,
        "dmean2": 11.6147203445,
        "dvar": 97.0777511597,
        "dvar2": 212.628738403,
        "max": 160.938598633,
        "mean": 38.2109832764,
        "median": 34.9329910278,
        "min": 2.29968500137,
        "var": 418.952209473
    },
    "hfc": {
        "dmean": 4.1186299324,
        "dmean2": 6.00883626938,
        "dvar": 61.2446212769,
        "dvar2": 134.514389038,
        "max": 178.329879761,
        "mean": 15.1184501648,
        "median": 10.8303976059,
        "min": 1.08681811463e-16,
        "var": 244.62336731
    },
    "melbands_crest": {
        "dmean": 2.84386205673,
        "dmean2": 4.5464053154,
        "dvar": 7.34843015671,
        "dvar2": 18.0087127686,
        "max": 34.0171165466,
        "mean": 14.7507762909,
        "median": 13.6175947189,
        "min": 1.5721321106,
        "var": 28.7204227448
    },
    "melbands_flatness_db": {
        "dmean": 0.0228527449071,
        "dmean2": 0.0342817977071,
        "dvar": 0.000612891104538,
        "dvar2": 0.00128979224246,
        "max": 0.768749058247,
        "mean": 0.246949493885,
        "median": 0.241504102945,
        "min": 0.00420944578946,
        "var": 0.00445357104763
    },
    "melbands_kurtosis": {
        "dmean": 8.41151714325,
        "dmean2": 13.2029123306,
        "dvar": 232.455673218,
        "dvar2": 548.555358887,
        "max": 307.813323975,
        "mean": 19.8907394409,
        "median": 13.0159244537,
        "min": -1.43368506432,
        "var": 576.843383789
    },
    "melbands_skewness": {
        "dmean": 0.706931650639,
        "dmean2": 1.0827537775,
        "dvar": 0.677182197571,
        "dvar2": 1.57284665108,
        "max": 14.484375,
        "mean": 3.06797194481,
        "median": 2.8481554985,
        "min": -0.983014464378,
        "var": 3.06079483032
    },
    "melbands_spread": {
        "dmean": 3.96155166626,
        "dmean2": 6.15882062912,
        "dvar": 41.824382782,
        "dvar2": 92.1424407959,
        "max": 190.467437744,
        "mean": 14.6485691071,
        "median": 11.3125362396,
        "min": 0.160065740347,
        "var": 192.4037323
    },
    "pitch_salience": {
        "dmean": 0.0646675601602,
        "dmean2": 0.104131355882,
        "dvar": 0.003908240702,
        "dvar2": 0.00998550374061,
        "max": 0.919005811214,
        "mean": 0.525169432163,
        "median": 0.53425180912,
        "min": 0.0290651489049,
        "var": 0.0137284696102
    },
    "silence_rate_20dB": {
        "dmean": 0,
        "dmean2": 0,
        "dvar": 0,
        "dvar2": 0,
        "max": 1,
        "mean": 1,
        "median": 1,
        "min": 1,
        "var": 0
    },
    "silence_rate_30dB": {
        "dmean": 0.00711532775313,
        "dmean2": 0.0142320618033,
        "dvar": 0.00706470245495,
        "dvar2": 0.0205516908318,
        "max": 1,
        "mean": 0.99594861269,
        "median": 1,
        "min": 0,
        "var": 0.00403482280672
    },
    "silence_rate_60dB": {
        "dmean": 0.0185789112002,
        "dmean2": 0.0371614955366,
        "dvar": 0.0182373207062,
        "dvar2": 0.0411127395928,
        "max": 1,
        "mean": 0.130434781313,
        "median": 0,
        "min": 0,
        "var": 0.113434270024
    },
    "spectral_centroid": {
        "dmean": 167.139175415,
        "dmean2": 261.214447021,
        "dvar": 58342.265625,
        "dvar2": 111037.570312,
        "max": 11595.6347656,
        "mean": 945.186645508,
        "median": 785.230102539,
        "min": 77.1227340698,
        "var": 656449.3125
    },
    "spectral_complexity": {
        "dmean": 2.080047369,
        "dmean2": 3.39612579346,
        "dvar": 4.89811849594,
        "dvar2": 11.329284668,
        "max": 42,
        "mean": 12.7269763947,
        "median": 13,
        "min": 0,
        "var": 42.4638748169
    },
    "spectral_decrease": {
        "dmean": 2.05498018602e-09,
        "dmean2": 3.27764282382e-09,
        "dvar": 1.44547975703e-17,
        "dvar2": 3.73993368877e-17,
        "max": 1.52554463676e-28,
        "mean": -7.35274063857e-09,
        "median": -6.33330898836e-09,
        "min": -5.688688276e-08,
        "var": 3.86199245996e-17
    },
    "spectral_energy": {
        "dmean": 0.00798937771469,
        "dmean2": 0.0127100087702,
        "dvar": 0.00021310201555,
        "dvar2": 0.000550581782591,
        "max": 0.216727465391,
        "mean": 0.0291222892702,
        "median": 0.0252088941634,
        "min": 9.96538976728e-21,
        "var": 0.000593494041823
    },
    "spectral_energyband_high": {
        "dmean": 0.000263135472778,
        "dmean2": 0.000375387142412,
        "dvar": 5.9902782823e-07,
        "dvar2": 1.18267882954e-06,
        "max": 0.0272090155631,
        "mean": 0.000502464768942,
        "median": 0.000178824964678,
        "min": 7.01910490351e-21,
        "var": 1.65518360973e-06
    },
    "spectral_energyband_low": {
        "dmean": 0.0047638323158,
        "dmean2": 0.00765794934705,
        "dvar": 0.000183619747986,
        "dvar2": 0.000473532767501,
        "max": 0.2049831599,
        "mean": 0.0101860910654,
        "median": 0.00582259055227,
        "min": 2.22351916174e-23,
        "var": 0.000220912712393
    },
    "spectral_energyband_middle_high": {
        "dmean": 0.00091379112564,
        "dmean2": 0.00131044653244,
        "dvar": 3.48606795342e-06,
        "dvar2": 5.98354245085e-06,
        "max": 0.0723093450069,
        "mean": 0.00314909149893,
        "median": 0.00153795466758,
        "min": 1.34468356477e-21,
        "var": 2.38573593379e-05
    },
    "spectral_energyband_middle_low": {
        "dmean": 0.00482768332586,
        "dmean2": 0.00772365974262,
        "dvar": 4.76873465232e-05,
        "dvar2": 0.000125721300719,
        "max": 0.112219393253,
        "mean": 0.0164889618754,
        "median": 0.0132739758119,
        "min": 1.43291900755e-22,
        "var": 0.000213910418097
    },
    "spectral_entropy": {
        "dmean": 0.181412488222,
        "dmean2": 0.264430075884,
        "dvar": 0.0385885722935,
        "dvar2": 0.0739245787263,
        "max": 9.82159996033,
        "mean": 7.1872215271,
        "median": 7.19656562805,
        "min": 4.55635070801,
        "var": 0.255606919527
    },
    "spectral_flux": {
        "dmean": 0.0212637633085,
        "dmean2": 0.0338011644781,
        "dvar": 0.000936957832891,
        "dvar2": 0.00202019372955,
        "max": 0.392686128616,
        "mean": 0.0673510283232,
        "median": 0.0570160970092,
        "min": 6.41770386833e-11,
        "var": 0.00237375404686
    },
    "spectral_kurtosis": {
        "dmean": 1.97338199615,
        "dmean2": 3.19111442566,
        "dvar": 8.11634731293,
        "dvar2": 20.5524044037,
        "max": 81.200378418,
        "mean": 6.4958615303,
        "median": 5.34406709671,
        "min": -1.49919199944,
        "var": 28.4061908722
    },
    "spectral_rms": {
        "dmean": 0.000651620677672,
        "dmean2": 0.0010075494647,
        "dvar": 8.74276452123e-07,
        "dvar2": 2.09425570574e-06,
        "max": 0.0145410252735,
        "mean": 0.00476527912542,
        "median": 0.0049592377618,
        "min": 3.11806526779e-12,
        "var": 5.70405518374e-06
    },
    "spectral_rolloff": {
        "dmean": 313.757629395,
        "dmean2": 540.448486328,
        "dvar": 902087.8125,
        "dvar2": 2113675.75,
        "max": 19552.1484375,
        "mean": 988.715148926,
        "median": 581.396484375,
        "min": 64.599609375,
        "var": 2963781.25
    },
    "spectral_skewness": {
        "dmean": 0.239667758346,
        "dmean2": 0.374378293753,
        "dvar": 0.0700362548232,
        "dvar2": 0.159212186933,
        "max": 7.35896873474,
        "mean": 1.95645201206,
        "median": 1.88447570801,
        "min": -0.056574922055,
        "var": 0.396717131138
    },
    "spectral_spread": {
        "dmean": 680173,
        "dmean2": 968936.5,
        "dvar": 1.31239221658e+12,
        "dvar2": 2.26849770701e+12,
        "max": 48234116,
        "mean": 4946126,
        "median": 4365400.5,
        "min": 1085407.125,
        "var": 8.9578799104e+12
    },
    "spectral_strongpeak": {
        "dmean": 0.358218073845,
        "dmean2": 0.594547212124,
        "dvar": 0.317778974771,
        "dvar2": 0.762260735035,
        "max": 10.6644001007,
        "mean": 0.882750809193,
        "median": 0.545136451721,
        "min": 0,
        "var": 0.999464631081
    },
    "zerocrossingrate": {
        "dmean": 0.00888417102396,
        "dmean2": 0.0106996716931,
        "dvar": 0.000169717823155,
        "dvar2": 0.000200213806238,
        "max": 0.52587890625,
        "mean": 0.0474552437663,
        "median": 0.03857421875,
        "min": 0.00244140625,
        "var": 0.00198442256078
    },
    "barkbands": {
        "dmean": [7.3092567618e-05, 0.003438311629, 0.0015222846996, 0.00121067359578, 0.00277105811983, 0.00165075599216, 0.000604521192145, 0.000529695593286, 0.000548150914256, 0.000372365087969, 0.000286109134322, 0.000167832069565, 0.000148633946083, 0.000115677437861, 0.000149359562784, 0.000134840374812, 0.000104034203105, 8.53232777445e-05, 6.30215290585e-05, 7.23775447113e-05, 4.29790306953e-05, 4.26325786975e-05, 3.09965362248e-05, 4.1252522351e-05, 5.73246761633e-05, 5.40747241757e-05, 6.15352701061e-06],
        "dmean2": [0.000113069268991, 0.00559160811827, 0.00254380749539, 0.00205993605778, 0.00454050954431, 0.00255857338198, 0.000973955786321, 0.000759311893489, 0.000761192641221, 0.000525267911144, 0.00041994615458, 0.0002541319991, 0.000231549944147, 0.000177752473974, 0.000238704626099, 0.000217941284063, 0.00016174170014, 0.000134200090542, 9.9867102108e-05, 0.000112371206342, 6.51673763059e-05, 6.41177903162e-05, 4.73045947729e-05, 6.32790397503e-05, 8.7542757683e-05, 8.26956020319e-05, 9.96657581709e-06],
        "dvar": [5.42445768303e-08, 0.00011909470777, 1.85692260857e-05, 6.4000155362e-06, 1.93045871129e-05, 1.07620871859e-05, 1.9154238089e-06, 1.63040226653e-06, 2.68638450507e-06, 1.99721694116e-06, 6.46784258151e-07, 2.23920196163e-07, 1.52854553903e-07, 2.23837147928e-07, 1.77100176302e-07, 1.67423806374e-07, 1.69158582253e-07, 3.56056659712e-08, 1.82340329502e-08, 7.19854469367e-08, 6.62012098473e-08, 4.39414336029e-08, 9.59157731018e-09, 1.43221789983e-08, 5.37308295634e-08, 3.32557306137e-08, 4.40036118654e-10],
        "dvar2": [1.25241257365e-07, 0.000311148934998, 5.24071147083e-05, 1.79363851203e-05, 5.31696568942e-05, 2.62884113909e-05, 4.39545647168e-06, 2.99560701933e-06, 4.71685416414e-06, 3.15923171001e-06, 1.04370053577e-06, 4.33394831134e-07, 3.42956781196e-07, 4.25172686391e-07, 3.71313149117e-07, 4.07901211474e-07, 3.49414307266e-07, 7.67208589991e-08, 3.92402093041e-08, 1.47815399032e-07, 1.44806747926e-07, 8.04642823482e-08, 2.09325250466e-08, 3.18161426094e-08, 1.2474804123e-07, 7.95477745896e-08, 1.08661357689e-09],
        "max": [0.00331723480485, 0.176874995232, 0.077688485384, 0.0472010485828, 0.0736687779427, 0.0707153305411, 0.0321518629789, 0.0558833479881, 0.0692769512534, 0.0560576021671, 0.0445780791342, 0.0169425643981, 0.0113624148071, 0.0298841614276, 0.0170551147312, 0.0113438228145, 0.0214249100536, 0.0058028344065, 0.0041705253534, 0.0166514050215, 0.0179486460984, 0.0133227696642, 0.00293864123523, 0.00355067942291, 0.0104684084654, 0.00545332208276, 0.000466165452963],
        "mean": [0.000113997382869, 0.00644293008372, 0.00263340841047, 0.00209578499198, 0.00620336597785, 0.00409929873422, 0.00120282906573, 0.00112995109521, 0.00133389083203, 0.000768395490013, 0.000704237143509, 0.000322669307934, 0.000296869926387, 0.000219940644456, 0.000270942575298, 0.00021392951021, 0.000200362381293, 0.000171539693838, 0.000129370120703, 0.000149781859363, 7.092278247e-05, 6.82050012983e-05, 5.00096757605e-05, 7.15694113751e-05, 8.78401260707e-05, 6.45005711704e-05, 5.75808189751e-06],
        "median": [8.80768584466e-06, 0.00314921047539, 0.000776145956479, 0.000732680142391, 0.0032251784578, 0.00130892021116, 0.000452566775493, 0.000336873374181, 0.000241837944486, 0.000125372112961, 0.00014725670917, 8.41073488118e-05, 7.86309246905e-05, 5.22346745129e-05, 9.2044720077e-05, 7.2976348747e-05, 5.76755046495e-05, 6.97691430105e-05, 5.517090176e-05, 6.0533049691e-05, 2.40819572355e-05, 1.33467392516e-05, 1.40372021633e-05, 2.01334660233e-05, 1.69336963154e-05, 8.04567207524e-06, 2.52870847817e-07],
        "min": [1.2882769114e-25, 4.82014681246e-24, 2.6744690133e-24, 2.66592071931e-24, 1.95433315738e-23, 1.31967436429e-23, 3.29081215222e-24, 4.58719421499e-24, 1.59956158238e-23, 2.23776930291e-23, 1.80226333628e-23, 2.53177318689e-23, 3.38416973828e-23, 2.95267481381e-23, 5.91355125667e-23, 6.62713842323e-23, 7.68105028172e-23, 1.01055568448e-22, 1.8605991269e-22, 1.88243214618e-22, 2.46012697776e-22, 3.49018645927e-22, 4.15204883668e-22, 5.58383062235e-22, 6.41716662189e-22, 1.3384827394e-21, 1.98132415316e-21],
        "var": [7.39952668027e-08, 0.000118623916933, 2.30625737458e-05, 1.08190897663e-05, 6.17640471319e-05, 4.24005193054e-05, 5.46064484297e-06, 6.94973596183e-06, 1.55224388436e-05, 8.41663859319e-06, 4.21657159677e-06, 8.15245641661e-07, 4.68124540021e-07, 9.41243911257e-07, 4.97746441397e-07, 2.58414189602e-07, 4.89663477765e-07, 1.14239767868e-07, 5.49450476228e-08, 1.91301325003e-07, 9.81716254955e-08, 1.02236960231e-07, 2.20430038667e-08, 2.73570144316e-08, 9.92044348891e-08, 3.9883833125e-08, 4.08869049728e-10]
    },
    "erbbands": {
        "dmean": [0.0833392366767, 0.855471849442, 1.85561001301, 2.71808624268, 6.03120613098, 11.3029308319, 12.9091062546, 14.2648992538, 8.29618358612, 10.1722822189, 10.071313858, 13.5172119141, 12.5949134827, 10.1624193192, 9.37269306183, 6.5554485321, 6.12241697311, 6.78356933594, 6.6918296814, 6.03426551819, 7.00101470947, 4.20600414276, 4.7186384201, 4.15382432938, 2.6220896244, 3.0137424469, 2.37632226944, 1.42550683022, 1.59073603153, 1.25282430649, 0.909764647484, 0.606237649918, 0.933164894581, 0.721700251102, 0.369910001755, 0.180920526385, 0.106224119663, 0.0282567553222, 0.000597977195866, 2.20267265831e-05],
        "dmean2": [0.131734699011, 1.40888690948, 3.09768342972, 4.60593175888, 10.2103052139, 18.3846817017, 20.1399803162, 21.9402389526, 13.1892156601, 15.1810693741, 14.6060667038, 18.8920211792, 17.5178985596, 14.6564092636, 13.3034439087, 9.8350315094, 9.44192886353, 10.1482591629, 10.089381218, 9.76743793488, 11.1448001862, 6.45287895203, 7.48536014557, 6.35844516754, 4.29093503952, 4.61445665359, 3.7040207386, 2.17385649681, 2.38878297806, 1.84751319885, 1.40091788769, 0.930968105793, 1.43067681789, 1.10117089748, 0.568996071815, 0.27928134799, 0.162593528628, 0.0439762696624, 0.000932502443902, 3.39935468219e-05],
        "dvar": [0.0735766515136, 7.39428520203, 29.3697376251, 31.9925289154, 134.070007324, 371.638458252, 898.396057129, 843.090454102, 284.667205811, 515.186157227, 785.735778809, 1830.46679688, 2288.06079102, 922.212097168, 534.578674316, 353.365875244, 220.858093262, 746.755981445, 500.518432617, 211.062683105, 522.80291748, 214.101547241, 121.772865295, 91.119178772, 21.5880699158, 153.47996521, 226.968917847, 68.2482299805, 92.6083297729, 23.8915615082, 8.37320518494, 2.22058296204, 9.44820594788, 8.07723522186, 2.53889107704, 0.461972534657, 0.132918611169, 0.0110908728093, 4.47017600891e-06, 3.4081646394e-09],
        "dvar2": [0.177446559072, 20.0977630615, 83.3354568481, 89.2576065063, 376.520568848, 993.223388672, 2198.51977539, 1972.59521484, 680.824584961, 1073.59545898, 1480.30944824, 3485.97827148, 3620.88012695, 1577.64294434, 929.266967773, 697.053344727, 478.436065674, 1496.58154297, 929.677185059, 500.749511719, 1233.04431152, 419.723571777, 274.525146484, 184.780548096, 55.0662498474, 316.695007324, 579.08026123, 154.684616089, 167.771942139, 48.2283248901, 18.6843700409, 5.1515583992, 20.4194259644, 18.3236541748, 6.12713098526, 1.13017725945, 0.31934055686, 0.0269913319498, 1.08171834654e-05, 8.20558554437e-09],
        "max": [3.51422071457, 44.1793289185, 74.0263061523, 92.9635238647, 196.61227417, 391.082611084, 923.565185547, 633.450012207, 599.96887207, 626.650390625, 1536.35351562, 1454.25256348, 2016.94970703, 2007.69775391, 1005.1383667, 610.487548828, 496.39831543, 1718.27526855, 1135.28967285, 498.817993164, 746.762756348, 928.009643555, 420.922546387, 323.21182251, 104.977867126, 852.180480957, 1157.35131836, 350.186767578, 695.379089355, 196.171295166, 85.5014343262, 36.762966156, 102.146903992, 109.218719482, 74.7237625122, 25.5128040314, 13.2335700989, 3.23317623138, 0.0554429963231, 0.00172517239116],
        "mean": [0.136388555169, 1.60235846043, 3.35952401161, 5.23061180115, 11.314163208, 23.9077606201, 29.5989246368, 36.74376297, 18.4436454773, 21.8824863434, 23.2985210419, 34.9668617249, 29.3813896179, 22.0725955963, 26.6518554688, 14.6146774292, 13.7000112534, 13.9406528473, 13.5532436371, 11.246553421, 12.8596935272, 9.14995861053, 9.68242359161, 9.08369159698, 5.62303352356, 6.39355134964, 4.43177175522, 2.26933193207, 2.48371767998, 1.9877935648, 1.44691586494, 1.02206456661, 1.56179881096, 1.11330151558, 0.536793410778, 0.240511611104, 0.11966419965, 0.0290098898113, 0.000630097871181, 5.04901217937e-05],
        "median": [0.0532850176096, 0.767259478569, 1.27144622803, 2.45159554482, 5.7579460144, 9.9044418335, 9.84051322937, 11.4695558548, 9.54357337952, 8.75041770935, 8.02759075165, 6.77409934998, 5.91370296478, 6.46273565292, 5.69923639297, 3.81430721283, 4.05989837646, 4.17551088333, 4.26591110229, 5.31205177307, 4.72745609283, 3.23764419556, 4.16704368591, 3.45308160782, 3.11605286598, 2.62930297852, 1.58820796013, 0.669940173626, 0.488910526037, 0.385920286179, 0.416937053204, 0.342237830162, 0.372895717621, 0.21379968524, 0.101896643639, 0.0408048145473, 0.0121949985623, 0.0017641952727, 5.88506700296e-05, 3.52611095877e-05],
        "min": [8.11438861635e-23, 1.52854636731e-21, 5.41025436407e-21, 1.18359294756e-20, 2.11190131754e-20, 6.87521764375e-20, 7.15319944342e-20, 1.12321821403e-19, 1.13445610888e-19, 5.73047657792e-20, 1.07296214505e-19, 3.00688553716e-19, 5.9280648231e-19, 6.48548581128e-19, 6.76626968527e-19, 1.45911630505e-18, 1.77230311839e-18, 2.2820391088e-18, 3.75647738374e-18, 3.53907198488e-18, 4.43801630584e-18, 5.13408796412e-18, 5.78585210648e-18, 8.35714800369e-18, 9.68343781733e-18, 7.88663939946e-18, 1.01090727005e-17, 1.03911718951e-17, 1.16911358585e-17, 1.34059077381e-17, 1.27149373027e-17, 9.36495508352e-18, 1.03504539294e-17, 6.19463442545e-18, 5.5175304322e-18, 4.33538593929e-18, 2.21237251005e-18, 1.06046095153e-18, 2.44493392567e-19, 2.99968906583e-20],
        "var": [0.0768242254853, 7.07217979431, 33.7851333618, 53.1065711975, 266.277435303, 1186.26806641, 3216.3737793, 3834.22290039, 877.930053711, 1499.97558594, 4186.60009766, 10643.6923828, 11056.1904297, 5505.41943359, 5569.08105469, 1498.66577148, 861.104736328, 2665.3527832, 1728.13195801, 403.919067383, 993.731689453, 707.673950195, 382.778320312, 322.39956665, 56.9670944214, 385.716217041, 372.584381104, 102.375419617, 181.429824829, 58.9713745117, 16.7090587616, 4.10159397125, 17.8248786926, 14.3199806213, 4.58156967163, 0.695988416672, 0.143807634711, 0.010826151818, 4.4481112127e-06, 4.64704541514e-09]
    },
    "gfcc": {
        "mean": [-36.6303062439, 104.836868286, -96.0302124023, 22.9119262695, -53.3763046265, 5.85441064835, -41.3013114929, 11.9134130478, -29.2325592041, 4.71926307678, -14.2947902679, 0.337173998356, -7.88574123383],
        "cov": [[18056.1660156, -932.483276367, 208.690032959, 458.833435059, -759.608581543, 284.367889404, -837.131958008, 337.053588867, -512.626220703, 9.66397380829, -246.976547241, 260.274902344, -185.948455811], [-932.483276367, 1241.70385742, -348.280548096, -133.514099121, 213.014572144, -73.4656448364, 225.952682495, -28.6546878815, 78.476272583, -62.7981834412, 160.777282715, -100.818016052, 70.8868408203], [208.690032959, -348.280548096, 907.94720459, 124.026496887, 28.705657959, 150.177902222, -63.203125, -6.74589347839, -26.7782211304, -3.69931554794, -81.8151245117, 74.79737854, -49.8344116211], [458.833435059, -133.514099121, 124.026496887, 459.067749023, 131.263412476, 32.2276382446, 14.5389432907, 21.6761341095, 65.4475021362, 2.33719062805, -58.6649436951, 34.9865531921, 6.8567738533], [-759.608581543, 213.014572144, 28.705657959, 131.263412476, 358.93572998, 62.0616149902, 152.324874878, 18.3132209778, 90.8076934814, 14.5648889542, 9.91301250458, 5.11999082565, 11.1836833954], [284.367889404, -73.4656448364, 150.177902222, 32.2276382446, 62.0616149902, 250.11416626, 90.5151977539, 25.7022666931, -12.3104543686, 32.1609268188, 1.33359289169, -6.12466573715, 7.6601729393], [-837.131958008, 225.952682495, -63.203125, 14.5389432907, 152.324874878, 90.5151977539, 300.443145752, 20.3094329834, 81.9572601318, 37.2436752319, 37.7770233154, -18.1758766174, 11.975060463], [337.053588867, -28.6546878815, -6.74589347839, 21.6761341095, 18.3132209778, 25.7022666931, 20.3094329834, 130.298751831, 25.4251461029, 17.0533256531, 9.91093730927, -1.68482601643, 14.1255159378], [-512.626220703, 78.476272583, -26.7782211304, 65.4475021362, 90.8076934814, -12.3104543686, 81.9572601318, 25.4251461029, 154.206787109, 35.9081840515, 5.46109819412, 13.8777627945, -6.81840324402], [9.66397380829, -62.7981834412, -3.69931554794, 2.33719062805, 14.5648889542, 32.1609268188, 37.2436752319, 17.0533256531, 35.9081840515, 100.342948914, 18.2036132812, 7.76165914536, -0.00437101116404], [-246.976547241, 160.777282715, -81.8151245117, -58.6649436951, 9.91301250458, 1.33359289169, 37.7770233154, 9.91093730927, 5.46109819412, 18.2036132812, 120.48361969, -2.54354071617, 33.0515823364], [260.274902344, -100.818016052, 74.79737854, 34.9865531921, 5.11999082565, -6.12466573715, -18.1758766174, -1.68482601643, 13.8777627945, 7.76165914536, -2.54354071617, 106.834571838, 13.1343793869], [-185.948455811, 70.8868408203, -49.8344116211, 6.8567738533, 11.1836833954, 7.6601729393, 11.975060463, 14.1255159378, -6.81840324402, -0.00437101116404, 33.0515823364, 13.1343793869, 97.7116165161]],
        "icov": [[0.000120539603813, -0.00018850309425, 0.000105773069663, -0.000244463852141, 0.000270068732789, -0.000338395708241, 0.000334251933964, -0.000462399184471, 0.000453417829704, -0.000260338216322, 0.000241439120146, -0.000541751622222, 0.000481526512885], [-0.00018850309425, 0.00203196215443, -6.11196401223e-06, 0.000817176653072, -0.00128030660562, 0.00114906369708, -0.00130616617389, 0.00130717642605, -0.0013533012243, 0.00204237969592, -0.00208449806087, 0.00220762053505, -0.00155174813699], [0.000105773069663, -6.11196401223e-06, 0.00165238091722, -0.000371262838598, 1.32236045829e-05, -0.00137521594297, 0.000742447562516, -0.00026774223079, 0.000468520796858, 0.000103136619146, 0.000584214401897, -0.00145305157639, 0.00115893152542], [-0.000244463852141, 0.000817176653072, -0.000371262838598, 0.00348920980468, -0.00171048671473, 0.000619245227426, -0.000418071023887, 0.000834861013573, -0.00207155593671, 0.00107541377656, 0.000514992163517, 0.000975948467385, -0.0018643772928], [0.000270068732789, -0.00128030660562, 1.32236045829e-05, -0.00171048671473, 0.00530792726204, -0.00148500932846, -0.000522616552189, -0.00117883097846, -0.000156793190399, -0.000675534480251, 0.00102013035212, -0.00181619578507, 0.0012010037899], [-0.000338395708241, 0.00114906369708, -0.00137521594297, 0.000619245227426, -0.00148500932846, 0.00723260687664, -0.00332504417747, 0.000546054041479, 0.000735219859052, -0.00055531936232, -0.00109425513074, 0.00279228435829, -0.00224482058547], [0.000334251933964, -0.00130616617389, 0.000742447562516, -0.000418071023887, -0.000522616552189, -0.00332504417747, 0.00699006579816, -0.00124835106544, -0.000800964946393, -0.00176205975004, 0.000561045075301, -0.00137405621354, 0.00157490943093], [-0.000462399184471, 0.00130717642605, -0.00026774223079, 0.000834861013573, -0.00117883097846, 0.000546054041479, -0.00124835106544, 0.0103592174128, -0.00346937775612, 0.000870346731972, -0.0018395598745, 0.00306317466311, -0.00330743682571], [0.000453417829704, -0.0013533012243, 0.000468520796858, -0.00207155593671, -0.000156793190399, 0.000735219859052, -0.000800964946393, -0.00346937775612, 0.0122973304242, -0.0045528751798, 0.00164604198653, -0.00384354172274, 0.00360676366836], [-0.000260338216322, 0.00204237969592, 0.000103136619146, 0.00107541377656, -0.000675534480251, -0.00055531936232, -0.00176205975004, 0.000870346731972, -0.0045528751798, 0.0142280776054, -0.00375269562937, 0.00144686119165, -0.00103117944673], [0.000241439120146, -0.00208449806087, 0.000584214401897, 0.000514992163517, 0.00102013035212, -0.00109425513074, 0.000561045075301, -0.0018395598745, 0.00164604198653, -0.00375269562937, 0.0129826981574, -0.00262282788754, -0.00152450113092], [-0.000541751622222, 0.00220762053505, -0.00145305157639, 0.000975948467385, -0.00181619578507, 0.00279228435829, -0.00137405621354, 0.00306317466311, -0.00384354172274, 0.00144686119165, -0.00262282788754, 0.0144758643582, -0.00505434768274], [0.000481526512885, -0.00155174813699, 0.00115893152542, -0.0018643772928, 0.0012010037899, -0.00224482058547, 0.00157490943093, -0.00330743682571, 0.00360676366836, -0.00103117944673, -0.00152450113092, -0.00505434768274, 0.0147685650736]]
    },
    "melbands": {
        "dmean": [0.000851452117786, 0.00102200964466, 0.000540805980563, 0.000613371899817, 0.000453413464129, 0.000306219473714, 0.000128823929117, 0.000112804489618, 7.97868196969e-05, 9.04510307009e-05, 6.28017442068e-05, 4.11132496083e-05, 3.13988348353e-05, 2.16123844439e-05, 1.35140717248e-05, 1.73990865733e-05, 1.28436258819e-05, 1.07883488454e-05, 1.15158900371e-05, 9.6104813565e-06, 8.84726614458e-06, 5.69141957385e-06, 3.66712515643e-06, 4.39920540884e-06, 3.73498005501e-06, 1.88940191492e-06, 2.29344709624e-06, 2.24257837544e-06, 1.92670904653e-06, 9.86840632322e-07, 8.45539830152e-07, 9.96639641926e-07, 8.29560576676e-07, 6.56730378523e-07, 5.92413584855e-07, 4.01852531695e-07, 3.67180945204e-07, 6.55863345855e-07, 7.17759064628e-07, 6.09324615652e-07],
        "dmean2": [0.00136422668584, 0.00169694120996, 0.000918969570193, 0.00102065515239, 0.00070807908196, 0.000473160442198, 0.000204776792089, 0.000166488505783, 0.000116077979328, 0.000125584760099, 8.73718308867e-05, 5.97261569055e-05, 4.51314881502e-05, 3.19783939631e-05, 2.04672869586e-05, 2.66795614152e-05, 1.94318927242e-05, 1.60634135682e-05, 1.89039947145e-05, 1.52959055413e-05, 1.41200125654e-05, 8.76384183357e-06, 5.90541640122e-06, 6.89501985107e-06, 5.76491538595e-06, 3.10692735184e-06, 3.76914886147e-06, 3.42047405866e-06, 3.04974696519e-06, 1.53563348704e-06, 1.30473677018e-06, 1.52825907662e-06, 1.24061341467e-06, 9.98038558464e-07, 9.24704067984e-07, 6.32495073205e-07, 5.76892432491e-07, 1.0216915598e-06, 1.099655492e-06, 9.46776935962e-07],
        "dvar": [7.40777068131e-06, 9.37745789997e-06, 1.17094259622e-06, 1.12873465241e-06, 7.89809575963e-07, 3.59390980975e-07, 6.93840078725e-08, 5.93631206414e-08, 5.28899519736e-08, 7.81592603971e-08, 5.84690518224e-08, 1.57530735123e-08, 6.21961415703e-09, 2.7322115681e-09, 2.19044982153e-09, 2.10524109256e-09, 3.22464277502e-09, 1.64776015055e-09, 9.49513800919e-10, 6.45972553226e-10, 1.18821164019e-09, 5.10401998444e-10, 8.8259177744e-11, 1.18123802406e-10, 7.97857058199e-11, 1.41629052236e-11, 2.56627843975e-11, 1.36340425061e-10, 2.14627676742e-10, 1.77165834087e-11, 2.95679522533e-11, 4.82926337808e-11, 1.47754343482e-11, 6.17181479534e-12, 4.3174231551e-12, 1.11670948096e-12, 8.6618971544e-13, 4.93441398852e-12, 5.66032377219e-12, 6.98876330071e-12],
        "dvar2": [1.85896788025e-05, 2.61955556198e-05, 3.25769565279e-06, 3.28197961608e-06, 1.91530125448e-06, 8.55405232869e-07, 1.63211794302e-07, 1.19667305398e-07, 1.01793069973e-07, 1.45276374042e-07, 9.16936997442e-08, 2.70072249009e-08, 1.03291712961e-08, 5.08389952358e-09, 4.03786470926e-09, 4.61288607312e-09, 6.33461860744e-09, 2.97982194475e-09, 2.22978324693e-09, 1.39985989467e-09, 2.80539591557e-09, 1.03012498531e-09, 2.28085328402e-10, 2.53713411391e-10, 1.6353307597e-10, 3.53337636927e-11, 6.99576438445e-11, 2.96261848387e-10, 5.89359505643e-10, 3.96858969298e-11, 6.92410850878e-11, 9.01372032569e-11, 3.02500975657e-11, 1.3316910942e-11, 9.99524595036e-12, 2.58047012577e-12, 2.1343434832e-12, 1.09881383506e-11, 1.24916015032e-11, 1.64803518055e-11],
        "max": [0.0422508753836, 0.0409428328276, 0.0180343836546, 0.0204522013664, 0.0266638640314, 0.0121961794794, 0.00772330071777, 0.00778202759102, 0.0131088430062, 0.00892614759505, 0.0101396040991, 0.00753148365766, 0.0029302064795, 0.00227078888565, 0.00241933856159, 0.00138613965828, 0.00374036794528, 0.00199007149786, 0.00115457817446, 0.000918655772693, 0.0011886022985, 0.00143389054574, 0.000300758023513, 0.000422552751843, 0.000289217598038, 9.60063480306e-05, 0.000118854826724, 0.000795634055976, 0.00112498912495, 0.00017517026572, 0.000270090095, 0.00055035809055, 0.0001578793308, 9.11534662009e-05, 6.83384641889e-05, 3.5133685742e-05, 2.3269058147e-05, 6.94749032846e-05, 6.14299351582e-05, 0.000126115992316],
        "mean": [0.00155172473751, 0.00196889718063, 0.00106341647916, 0.00126183126122, 0.00108566798735, 0.00078234099783, 0.000281709013507, 0.000242565933149, 0.000177154608537, 0.000228075266932, 0.000139663228765, 8.31600336824e-05, 8.30990902614e-05, 5.1370174333e-05, 2.60234319285e-05, 3.43947940564e-05, 2.45010887738e-05, 1.9988619897e-05, 1.91128456208e-05, 1.60529089044e-05, 1.52159864228e-05, 1.10593255158e-05, 6.93201263857e-06, 8.87091664481e-06, 7.45531724533e-06, 3.54658891411e-06, 4.47436377726e-06, 4.37175094703e-06, 3.36368429998e-06, 1.59489172802e-06, 1.18082857625e-06, 1.45903595694e-06, 1.23908182559e-06, 1.00419538285e-06, 8.9357951083e-07, 6.23371363417e-07, 5.90814067891e-07, 1.05806191186e-06, 1.14207603019e-06, 8.69821803917e-07],
        "median": [0.000753089319915, 0.00092139816843, 0.000541362329386, 0.000641252205241, 0.000441227661213, 0.000249849748798, 0.00013531622244, 9.36084252317e-05, 5.00319583807e-05, 3.94395065086e-05, 2.55303257291e-05, 2.02408082259e-05, 1.78614482138e-05, 1.25117594507e-05, 6.54544419376e-06, 8.44570240588e-06, 5.98951874053e-06, 4.86092812935e-06, 6.94651589583e-06, 5.89493311054e-06, 4.85191594635e-06, 3.10196196551e-06, 2.97917836178e-06, 3.34137257596e-06, 2.41769021159e-06, 1.74478100234e-06, 1.86973898053e-06, 1.44117393575e-06, 1.04380035282e-06, 5.33375668965e-07, 2.58782790752e-07, 2.6768520911e-07, 2.13907668467e-07, 1.88176557003e-07, 2.23031065616e-07, 2.05688223787e-07, 1.77846956717e-07, 2.37110896251e-07, 2.46923434588e-07, 1.35832962656e-07],
        "min": [1.29100183418e-24, 3.82628738481e-24, 2.42199644717e-24, 3.36093518138e-24, 2.80555797422e-24, 2.8941926106e-24, 1.18180455224e-24, 7.15860801736e-25, 8.12128160405e-25, 2.32115458271e-24, 2.09617697457e-24, 2.56806449617e-24, 2.60625798576e-24, 2.71358507571e-24, 2.98802426261e-24, 3.50831333113e-24, 1.97769105268e-24, 5.64309242524e-24, 4.71184409878e-24, 4.7813100068e-24, 4.30681175003e-24, 4.78980958863e-24, 4.17997001622e-24, 3.83652246062e-24, 6.72033129513e-24, 6.49222624793e-24, 5.21457884279e-24, 4.75994725906e-24, 6.51161723784e-24, 5.13399275702e-24, 5.98038883793e-24, 5.62223060417e-24, 6.84795794554e-24, 5.51832066244e-24, 6.6924718834e-24, 5.17203241873e-24, 5.63853557022e-24, 5.67344897617e-24, 5.36770344981e-24, 5.67192529133e-24],
        "var": [7.62658737585e-06, 9.91054184851e-06, 2.01862280846e-06, 2.88330170406e-06, 3.15252577821e-06, 1.60582339959e-06, 2.21163361402e-07, 1.85238405948e-07, 2.98909100138e-07, 4.82422876757e-07, 2.76712768255e-07, 8.64279172674e-08, 5.15532079248e-08, 1.46965426495e-08, 7.13450010181e-09, 6.9266419267e-09, 1.2539326022e-08, 5.01146413256e-09, 1.82313608654e-09, 1.46973511139e-09, 2.19291473869e-09, 1.38819011841e-09, 2.07500364113e-10, 3.5793545905e-10, 2.65557603685e-10, 3.08062464427e-11, 5.77584785555e-11, 2.96400542998e-10, 2.97665447846e-10, 3.09753056538e-11, 3.85510477707e-11, 7.91323048754e-11, 3.4801401344e-11, 1.38680456008e-11, 7.587896457e-12, 2.0797532533e-12, 1.37162579471e-12, 8.49117044038e-12, 1.11213555726e-11, 1.09096594605e-11]
    },
    "mfcc": {
        "mean": [-685.07244873, 140.046340942, 13.2918586731, 22.2104949951, 8.96341609955, -4.81689310074, 3.33065438271, -2.925989151, -2.05092144012, 0.59254437685, -5.12346744537, -2.22294640541, 0.047331046313],
        "cov": [[9953.484375, -327.22555542, 380.690490723, 250.051635742, 275.372650146, -170.383789062, -56.6314620972, 2.75955820084, -121.230911255, -84.9668731689, -222.746810913, -31.5629653931, -2.02644491196], [-327.22555542, 1154.74633789, -226.550369263, -44.537815094, -12.2569770813, -30.8583335876, 119.128768921, 21.0902938843, -28.2428417206, 51.0494041443, 27.7730903625, 60.5765075684, -18.5918941498], [380.690490723, -226.550369263, 671.315124512, -15.3075447083, 85.0417938232, 67.3706970215, -8.04920291901, 2.7546980381, 7.06653547287, -68.157875061, -4.9700422287, -15.3823156357, -8.51445674896], [250.051635742, -44.537815094, -15.3075447083, 379.872528076, 99.5390319824, 65.6019973755, -49.1835098267, 70.9397964478, 58.0834503174, 12.6175746918, -14.2783317566, 4.7264084816, 61.9465179443], [275.372650146, -12.2569770813, 85.0417938232, 99.5390319824, 226.780914307, 44.9145469666, 13.758389473, 41.6798210144, 30.0943183899, 3.17333817482, -10.2125825882, 2.19155812263, 14.4065294266], [-170.383789062, -30.8583335876, 67.3706970215, 65.6019973755, 44.9145469666, 263.227081299, 76.413848877, 67.6181182861, 70.197052002, 36.3706092834, 54.7219390869, -27.698846817, 31.7446136475], [-56.6314620972, 119.128768921, -8.04920291901, -49.1835098267, 13.758389473, 76.413848877, 219.559265137, 32.3399772644, 27.2954902649, 59.3321037292, 18.5900192261, 9.44635486603, -16.2971572876], [2.75955820084, 21.0902938843, 2.7546980381, 70.9397964478, 41.6798210144, 67.6181182861, 32.3399772644, 135.47038269, 52.2849235535, 28.493970871, 17.2542324066, 8.11870002747, 25.7068119049], [-121.230911255, -28.2428417206, 7.06653547287, 58.0834503174, 30.0943183899, 70.197052002, 27.2954902649, 52.2849235535, 128.780838013, 44.3973693848, 34.0245437622, -8.9469127655, 19.8265724182], [-84.9668731689, 51.0494041443, -68.157875061, 12.6175746918, 3.17333817482, 36.3706092834, 59.3321037292, 28.493970871, 44.3973693848, 137.515365601, 34.1171760559, 5.93296003342, 4.0809803009], [-222.746810913, 27.7730903625, -4.9700422287, -14.2783317566, -10.2125825882, 54.7219390869, 18.5900192261, 17.2542324066, 34.0245437622, 34.1171760559, 116.052314758, 23.1629371643, 7.12300825119], [-31.5629653931, 60.5765075684, -15.3823156357, 4.7264084816, 2.19155812263, -27.698846817, 9.44635486603, 8.11870002747, -8.9469127655, 5.93296003342, 23.1629371643, 100.788742065, 16.940656662], [-2.02644491196, -18.5918941498, -8.51445674896, 61.9465179443, 14.4065294266, 31.7446136475, -16.2971572876, 25.7068119049, 19.8265724182, 4.0809803009, 7.12300825119, 16.940656662, 105.955406189]],
