{
"lowlevel": {
    "average_loudness": 0.797991096973,
    "barkbands_crest": {
        "dmean": 2.41644334793,
        "dmean2": 3.83353638649,
        "dvar": 6.45056200027,
        "dvar2": 16.5535449982,
        "max": 26.6698722839,
        "mean": 10.3793525696,
        "median": 9.28142929077,
        "min": 2.3897986412,
        "var": 24.2439517975
    },
    "barkbands_flatness_db": {
        "dmean": 0.0196501705796,
        "dmean2": 0.0299585647881,
        "dvar": 0.000601566396654,
        "dvar2": 0.00140447902959,
        "max": 0.707451939583,
        "mean": 0.135697841644,
        "median": 0.114756420255,
        "min": 0.024514734745,
        "var": 0.00620412500575
    },
    "barkbands_kurtosis": {
        "dmean": 5.05947828293,
        "dmean2": 8.40841388702,
        "dvar": 915.336364746,
        "dvar2": 2536.31542969,
        "max": 1233.08825684,
        "mean": 6.27047491074,
        "median": 0.297572851181,
        "min": -1.90689146519,
        "var": 795.646606445
    },
    "barkbands_skewness": {
        "dmean": 0.623859107494,
        "dmean2": 0.952542364597,
        "dvar": 1.06897425652,
        "dvar2": 2.57381701469,
        "max": 25.2583351135,
        "mean": 1.47919952869,
        "median": 1.07599473,
        "min": -3.2954864502,
        "var": 3.46204662323
    },
    "barkbands_spread": {
        "dmean": 6.45435094833,
        "dmean2": 10.0223798752,
        "dvar": 63.4881477356,
        "dvar2": 150.96786499,
        "max": 110.436408997,
        "mean": 29.5219726562,
        "median": 30.1288433075,
        "min": 0.0822347104549,
        "var": 275.044525146
    },
    "dissonance": {
        "dmean": 0.0144705735147,
        "dmean2": 0.02412661165,
        "dvar": 0.000328590307618,
        "dvar2": 0.000910241622478,
        "max": 0.500000059605,
        "mean": 0.464358776808,
        "median": 0.475627213717,
        "min": 0.0975435301661,
        "var": 0.00152700091712
    },
    "dynamic_complexity": 4.69690465927,
    "erbbands_crest": {
        "dmean": 2.44940185547,
        "dmean2": 3.94304418564,
        "dvar": 5.5194773674,
        "dvar2": 13.704785347,
        "max": 30.9145870209,
        "mean": 8.75794029236,
        "median": 7.71514320374,
        "min": 2.44192481041,
        "var": 17.5898303986
    },
    "erbbands_flatness_db": {
        "dmean": 0.0145190991461,
        "dmean2": 0.0211587138474,
        "dvar": 0.000212407365325,
        "dvar2": 0.000430803484051,
        "max": 0.47773334384,
        "mean": 0.153373971581,
        "median": 0.141519337893,
        "min": 0.0413191504776,
        "var": 0.00286809797399
    },
    "erbbands_kurtosis": {
        "dmean": 0.884263634682,
        "dmean2": 1.38059365749,
        "dvar": 2.10092592239,
        "dvar2": 4.8676981926,
        "max": 45.4158973694,
        "mean": 0.394684493542,
        "median": -0.231218576431,
        "min": -1.84610033035,
        "var": 5.28949642181
    },
    "erbbands_skewness": {
        "dmean": 0.342919141054,
        "dmean2": 0.52304649353,
        "dvar": 0.131767183542,
        "dvar2": 0.311400681734,
        "max": 5.5819978714,
        "mean": -0.147162631154,
        "median": -0.244683340192,
        "min": -4.02955055237,
        "var": 0.75975728035
    },
    "erbbands_spread": {
        "dmean": 8.64090156555,
        "dmean2": 13.3407535553,
        "dvar": 99.100402832,
        "dvar2": 237.598556519,
        "max": 166.725280762,
        "mean": 42.7333374023,
        "median": 40.3314666748,
        "min": 1.50195538998,
        "var": 393.151702881
    },
    "hfc": {
        "dmean": 5.3001332283,
        "dmean2": 7.96037101746,
        "dvar": 108.599388123,
        "dvar2": 248.302612305,
        "max": 172.375732422,
        "mean": 16.9496536255,
        "median": 8.97451114655,
        "min": 1.08833436978e-16,
        "var": 405.838745117
    },
    "melbands_crest": {
        "dmean": 2.93242478371,
        "dmean2": 4.64087104797,
        "dvar": 8.59584617615,
        "dvar2": 21.6700496674,
        "max": 34.3572769165,
        "mean": 14.9411363602,
        "median": 14.2917404175,
        "min": 1.65511751175,
        "var": 35.138256073
    },
    "melbands_flatness_db": {
        "dmean": 0.0253821443766,
        "dmean2": 0.0381813794374,
        "dvar": 0.00104733149055,
        "dvar2": 0.00241041043773,
        "max": 0.870126545429,
        "mean": 0.193211778998,
        "median": 0.169205695391,
        "min": 0.00335453730077,
        "var": 0.0108061525971
    },
    "melbands_kurtosis": {
        "dmean": 10.2197198868,
        "dmean2": 16.3514099121,
        "dvar": 938.197265625,
        "dvar2": 2320.53808594,
        "max": 1274.38317871,
        "mean": 18.0716362,
        "median": 6.44078063965,
        "min": -1.87558031082,
        "var": 1438.50744629
    },
    "melbands_skewness": {
        "dmean": 0.829771459103,
        "dmean2": 1.27356803417,
        "dvar": 1.41194665432,
        "dvar2": 3.36982226372,
        "max": 24.1021461487,
        "mean": 2.89322018623,
        "median": 2.41797399521,
        "min": -1.57842826843,
        "var": 4.72164154053
    },
    "melbands_spread": {
        "dmean": 9.55007743835,
        "dmean2": 14.6044063568,
        "dvar": 195.964553833,
        "dvar2": 446.519226074,
        "max": 229.342697144,
        "mean": 34.1384010315,
        "median": 28.7750473022,
        "min": 0.246727630496,
        "var": 746.420837402
    },
    "pitch_salience": {
        "dmean": 0.0672643482685,
        "dmean2": 0.10738389194,
        "dvar": 0.00447323266417,
        "dvar2": 0.0116333179176,
        "max": 0.900039255619,
        "mean": 0.500992834568,
        "median": 0.514422774315,
        "min": 0.0618941225111,
        "var": 0.0149247283116
    },
    "silence_rate_20dB": {
        "dmean": 0,
        "dmean2": 0,
        "dvar": 0,
        "dvar2": 0,
        "max": 1,
        "mean": 1,
        "median": 1,
        "min": 1,
        "var": 0
    },
    "silence_rate_30dB": {
        "dmean": 0,
        "dmean2": 0,
        "dvar": 0,
        "dvar2": 0,
        "max": 1,
        "mean": 1,
        "median": 1,
        "min": 1,
        "var": 0
    },
    "silence_rate_60dB": {
        "dmean": 0.0323156565428,
        "dmean2": 0.0646370872855,
        "dvar": 0.0312663391232,
        "dvar2": 0.0697317868471,
        "max": 1,
        "mean": 0.167455151677,
        "median": 0,
        "min": 0,
        "var": 0.139414742589
    },
    "spectral_centroid": {
        "dmean": 289.801116943,
        "dmean2": 450.626647949,
        "dvar": 133473.046875,
        "dvar2": 291533.25,
        "max": 11504.0439453,
        "mean": 1877.38769531,
        "median": 1942.1427002,
        "min": 92.6324386597,
        "var": 1063970.125
    },
    "spectral_complexity": {
        "dmean": 3.10373139381,
        "dmean2": 4.83796072006,
        "dvar": 18.4151287079,
        "dvar2": 38.5428123474,
        "max": 56,
        "mean": 15.7198076248,
        "median": 13,
        "min": 0,
        "var": 132.789291382
    },
    "spectral_decrease": {
        "dmean": 1.69768155089e-09,
        "dmean2": 2.7769142541e-09,
        "dvar": 1.66479991356e-17,
        "dvar2": 4.35756893808e-17,
        "max": 1.59165579322e-28,
        "mean": -3.87105059119e-09,
        "median": -2.93093882497e-09,
        "min": -3.57062752698e-08,
        "var": 1.82591881502e-17
    },
    "spectral_energy": {
        "dmean": 0.00673881359398,
        "dmean2": 0.0109437862411,
        "dvar": 0.000246171257459,
        "dvar2": 0.000640817452222,
        "max": 0.136478379369,
        "mean": 0.0161476321518,
        "median": 0.0121182957664,
        "min": 9.86917832228e-21,
        "var": 0.000294478959404
    },
    "spectral_energyband_high": {
        "dmean": 0.000477921101265,
        "dmean2": 0.000748557213228,
        "dvar": 1.32754041715e-06,
        "dvar2": 3.1971021599e-06,
        "max": 0.0240242406726,
        "mean": 0.00107990088873,
        "median": 0.000392316636862,
        "min": 7.15356214273e-21,
        "var": 2.8996275887e-06
    },
    "spectral_energyband_low": {
        "dmean": 0.004656821955,
        "dmean2": 0.00788018666208,
        "dvar": 0.000213756706216,
        "dvar2": 0.000570655509364,
        "max": 0.134605467319,
        "mean": 0.00692755309865,
        "median": 0.00374102592468,
        "min": 1.7952942235e-23,
        "var": 0.000175599256181
    },
    "spectral_energyband_middle_high": {
        "dmean": 0.00127481902018,
        "dmean2": 0.00191606662702,
        "dvar": 5.07263348482e-06,
        "dvar2": 1.14666690934e-05,
        "max": 0.042192697525,
        "mean": 0.00386526319198,
        "median": 0.00180878920946,
        "min": 1.14835953672e-21,
        "var": 2.41558955167e-05
    },
    "spectral_energyband_middle_low": {
        "dmean": 0.00229325494729,
        "dmean2": 0.00368284108117,
        "dvar": 2.94040673907e-05,
        "dvar2": 7.94734660303e-05,
        "max": 0.0860599279404,
        "mean": 0.00495270313695,
        "median": 0.00337792187929,
        "min": 1.89432804242e-22,
        "var": 3.5632372601e-05
    },
    "spectral_entropy": {
        "dmean": 0.141614720225,
        "dmean2": 0.211697086692,
        "dvar": 0.0284753609449,
        "dvar2": 0.059421390295,
        "max": 9.82000637054,
        "mean": 7.55385160446,
        "median": 7.68185663223,
        "min": 3.26995134354,
        "var": 0.3527572155
    },
    "spectral_flux": {
        "dmean": 0.0201307181269,
        "dmean2": 0.0310467462987,
        "dvar": 0.00118741276674,
        "dvar2": 0.00232665752992,
        "max": 0.325470477343,
        "mean": 0.0622733421624,
        "median": 0.0509305410087,
        "min": 6.26937876613e-11,
        "var": 0.0027523834724
    },
    "spectral_kurtosis": {
        "dmean": 1.60350799561,
        "dmean2": 2.71063733101,
        "dvar": 15.3797826767,
        "dvar2": 39.4572753906,
        "max": 192.955993652,
        "mean": 5.04507398605,
        "median": 2.89217281342,
        "min": -1.25559830666,
        "var": 166.501190186
    },
    "spectral_rms": {
        "dmean": 0.000652422138955,
        "dmean2": 0.000998790608719,
        "dvar": 1.3352375845e-06,
        "dvar2": 3.18921070175e-06,
        "max": 0.0115390485153,
        "mean": 0.00350353983231,
        "median": 0.00343841919675,
        "min": 3.10297707667e-12,
        "var": 3.47903710463e-06
    },
    "spectral_rolloff": {
        "dmean": 603.120361328,
        "dmean2": 998.564086914,
        "dvar": 1053894.125,
        "dvar2": 2352816.5,
        "max": 19422.9492188,
        "mean": 2166.23022461,
        "median": 1851.85546875,
        "min": 64.599609375,
        "var": 4151168.25
    },
    "spectral_skewness": {
        "dmean": 0.206414073706,
        "dmean2": 0.337764233351,
        "dvar": 0.073882304132,
        "dvar2": 0.182896032929,
        "max": 11.8450298309,
        "mean": 1.34724724293,
        "median": 1.16184091568,
        "min": -0.107751503587,
        "var": 1.02217710018
    },
    "spectral_spread": {
        "dmean": 484436.5625,
        "dmean2": 702047.5,
        "dvar": 767617794048,
        "dvar2": 1.47645267968e+12,
        "max": 42329588,
        "mean": 4689531,
        "median": 4397221.5,
        "min": 471031.28125,
        "var": 6.79691839078e+12
    },
    "spectral_strongpeak": {
        "dmean": 0.500175178051,
        "dmean2": 0.866905272007,
        "dvar": 1.52394402027,
        "dvar2": 4.03951358795,
        "max": 14.175201416,
        "mean": 0.71358782053,
        "median": 0.262204945087,
        "min": 0,
        "var": 1.9220405817
    },
    "zerocrossingrate": {
        "dmean": 0.0109454859048,
        "dmean2": 0.0129695106298,
        "dvar": 0.00019916385645,
        "dvar2": 0.000262233574176,
        "max": 0.52783203125,
        "mean": 0.0755959451199,
        "median": 0.07177734375,
        "min": 0.001953125,
        "var": 0.00253998255357
    },
    "barkbands": {
        "dmean": [7.44123608456e-05, 0.00330977421254, 0.00147396523971, 0.000755176879466, 0.00130114576314, 0.000354927120497, 0.000258976331679, 0.000244950904744, 0.000226806630963, 0.000182849980774, 0.000152936627273, 0.000170380240888, 0.000178227899596, 0.000228512028116, 0.000354350311682, 0.00014491112961, 0.0002280746412, 0.000249140954111, 0.000258539250353, 0.000320252904203, 0.000156652808073, 0.000114558381028, 8.44735259307e-05, 4.84233532916e-05, 2.87043749267e-05, 1.24068837977e-05, 1.01477496628e-06],
        "dmean2": [0.000109792286821, 0.00569907249883, 0.00261740246788, 0.00128097983543, 0.00215295748785, 0.000558081141207, 0.000394132424844, 0.000377231626771, 0.00035374230356, 0.000284566427581, 0.000240469962591, 0.000280632579233, 0.000292172684567, 0.000365690124454, 0.000558161002118, 0.000231201309361, 0.000361942802556, 0.000395016220864, 0.000408465508372, 0.000513412407599, 0.000257027801126, 0.000183228607057, 0.000135123656946, 7.49259706936e-05, 4.36453665316e-05, 1.8626335077e-05, 1.62129504133e-06],
        "dvar": [4.08660767448e-08, 0.000130885644467, 2.3254628104e-05, 3.69465919903e-06, 1.86855941138e-05, 4.79442348933e-07, 3.52484363475e-07, 3.80430179803e-07, 3.66614330005e-07, 2.20877737434e-07, 1.69590421706e-07, 2.3388203374e-07, 2.76873237226e-07, 2.72539949719e-07, 7.78239154897e-07, 2.2737012273e-07, 4.44539580258e-07, 3.51887621264e-07, 4.15030626755e-07, 4.65306044362e-07, 1.39509424457e-07, 1.01340525305e-07, 6.87786254616e-08, 3.49734676774e-08, 9.2802530105e-09, 1.320163312e-09, 1.28702109733e-11],
        "dvar2": [8.5513740089e-08, 0.000360732577974, 6.62033780827e-05, 9.9240878626e-06, 5.1938717661e-05, 1.18964976537e-06, 8.31241266042e-07, 8.82412280134e-07, 8.67401809046e-07, 5.21243464391e-07, 4.15254390873e-07, 6.3890331603e-07, 7.09050993919e-07, 6.94811774338e-07, 1.89049524124e-06, 5.18472290878e-07, 1.04698301584e-06, 8.02943247891e-07, 9.55344034992e-07, 1.11626752641e-06, 3.55253376938e-07, 2.53428083852e-07, 1.70197793636e-07, 8.22389765176e-08, 2.22829612539e-08, 3.05177905169e-09, 3.23205004427e-11],
        "max": [0.00352833606303, 0.118866324425, 0.0459503866732, 0.0451851710677, 0.0701503679156, 0.0183502696455, 0.0140254469588, 0.0216559134424, 0.0200198609382, 0.00916095450521, 0.0114140417427, 0.0124021181837, 0.0138120045885, 0.0113239688799, 0.0195660963655, 0.0200489219278, 0.0217409618199, 0.0135451946408, 0.0145205212757, 0.0133698591962, 0.0075867343694, 0.00697973370552, 0.00814577937126, 0.00643296260387, 0.00234132749029, 0.00103558273986, 0.000127241568407],
        "mean": [0.000148148697917, 0.00445505278185, 0.0017280903412, 0.00100467598531, 0.00186880968977, 0.000649238820188, 0.000497169909067, 0.000412490102462, 0.000382473488571, 0.000292713084491, 0.000245239731157, 0.000261097040493, 0.000278307299595, 0.000366558495443, 0.000596012803726, 0.00020997133106, 0.000391668756492, 0.000427519989898, 0.00049419561401, 0.000627933128271, 0.000295777281281, 0.000206010270631, 0.000152270076796, 8.56166370795e-05, 5.02139300806e-05, 1.91367598745e-05, 1.24034056626e-06],
        "median": [1.19616852317e-05, 0.00167825876269, 0.000638456724118, 0.000299185980111, 0.000824083399493, 0.000332354189595, 0.000170486440766, 0.000125755424961, 8.85679255589e-05, 7.72710918682e-05, 6.45992549835e-05, 7.4653988122e-05, 6.25944958301e-05, 0.000106382809463, 0.000157669725013, 4.73024483654e-05, 0.000110258508357, 0.000119799740787, 0.000138521048939, 0.000189517770195, 9.33491392061e-05, 5.2097329899e-05, 4.27416416642e-05, 2.44124403252e-05, 1.54873850988e-05, 5.59699446967e-06, 2.22086882218e-07],
        "min": [1.06803424363e-24, 3.07712570743e-24, 2.4204309527e-24, 1.84902705018e-24, 1.04987912265e-23, 6.63160495367e-24, 1.62592720709e-23, 2.14130723364e-23, 1.62644785529e-23, 1.27473579842e-23, 1.22649837402e-23, 3.09629199031e-23, 2.81237716399e-23, 3.28924137239e-23, 5.34089125093e-23, 6.08599751273e-23, 8.82008906712e-23, 9.76277406233e-23, 1.42057996082e-22, 1.55416112267e-22, 2.77118076493e-22, 3.23818086724e-22, 4.73827624025e-22, 6.17330131709e-22, 7.81320960067e-22, 1.33167334256e-21, 1.86988458774e-21],
        "var": [9.51468663857e-08, 9.98983668978e-05, 1.59046976478e-05, 4.14437317886e-06, 1.57984341058e-05, 9.36797050599e-07, 8.44454632443e-07, 7.5482836337e-07, 7.85388579061e-07, 4.51076232366e-07, 3.6978872231e-07, 4.12658209825e-07, 5.96578672685e-07, 5.25468294654e-07, 1.73470493792e-06, 3.80997278171e-07, 8.61842579525e-07, 7.83651557867e-07, 1.05336675915e-06, 1.24312930438e-06, 2.66627893097e-07, 1.70017699475e-07, 1.00413011239e-07, 5.49778569336e-08, 1.54856998336e-08, 2.0843833326e-09, 1.38005119485e-11]
    },
    "erbbands": {
        "dmean": [0.0737733244896, 0.8273422122, 1.73981022835, 2.23599815369, 3.79438447952, 4.34947681427, 2.98004126549, 2.67348074913, 3.80600452423, 4.16359853745, 5.80032873154, 5.42418384552, 5.60587835312, 5.25205612183, 5.03122282028, 7.88838720322, 7.87132310867, 11.4628601074, 14.4877786636, 14.9138450623, 8.16750049591, 10.6791343689, 12.3624200821, 13.0560836792, 13.2925357819, 15.0776510239, 8.39490127563, 4.93724107742, 4.20291137695, 3.55942296982, 2.25751304626, 1.15715360641, 0.774040877819, 0.410970181227, 0.16246303916, 0.0640568956733, 0.021770965308, 0.00411557918414, 9.38870653044e-05, 9.78448224487e-06],
        "dmean2": [0.123013742268, 1.44365024567, 3.05326366425, 3.87663388252, 6.20267438889, 7.39622497559, 4.7618803978, 4.19459056854, 5.73944664001, 6.55386781693, 8.77144432068, 8.39317512512, 8.68709278107, 8.20753860474, 7.87192201614, 12.9739208221, 12.8273601532, 18.3285961151, 22.6736698151, 23.5770969391, 12.7329483032, 16.7160739899, 19.503068924, 20.2646980286, 21.1067905426, 24.0722732544, 13.6843442917, 8.05053806305, 6.80998754501, 5.75859594345, 3.60024738312, 1.80895674229, 1.20823097229, 0.626320362091, 0.249318450689, 0.0972410291433, 0.0325423106551, 0.00636167218909, 0.000143350989674, 1.50785090227e-05],
        "dvar": [0.0598175190389, 8.42250156403, 34.3999137878, 36.5484161377, 119.061050415, 248.002349854, 38.634147644, 31.4027938843, 77.191947937, 117.190063477, 216.524261475, 242.368011475, 236.261230469, 196.246673584, 188.350524902, 523.391357422, 558.44342041, 639.571289062, 1352.47460938, 2112.20898438, 661.453918457, 919.294067383, 1016.45599365, 1239.07873535, 1002.9944458, 1149.1895752, 349.304199219, 166.311477661, 139.244262695, 114.075820923, 49.4361343384, 17.8326206207, 9.509724617, 1.94694197178, 0.283982306719, 0.0388238802552, 0.00382786779664, 0.000181006020284, 8.85520421434e-08, 4.00546845691e-10],
        "dvar2": [0.160005524755, 23.5034713745, 96.0110626221, 102.15838623, 319.725860596, 706.470153809, 99.6776733398, 76.0967407227, 175.93548584, 302.847564697, 485.005279541, 588.538330078, 548.204223633, 481.494781494, 441.963989258, 1451.88977051, 1418.77978516, 1659.22790527, 3191.88598633, 5293.85253906, 1477.91955566, 2206.37597656, 2301.81567383, 2762.80712891, 2364.5, 2729.578125, 879.70300293, 418.784667969, 353.478363037, 293.926086426, 121.117927551, 42.2308769226, 22.5347805023, 4.64795541763, 0.671213746071, 0.0911745131016, 0.00879204832017, 0.000435134541476, 2.10743451134e-07, 9.71312030806e-10],
        "max": [3.00701618195, 28.2154312134, 53.8167076111, 100.962661743, 183.858657837, 255.519470215, 122.74294281, 160.766113281, 245.697875977, 270.402679443, 595.200439453, 510.266937256, 407.652984619, 369.923095703, 445.369506836, 634.549499512, 667.886047363, 668.017944336, 860.421447754, 1353.10754395, 1363.38427734, 1147.14648438, 971.094543457, 891.520507812, 916.491760254, 797.053283691, 356.803375244, 338.048065186, 303.99041748, 300.524291992, 196.241149902, 117.110244751, 113.779350281, 37.7981987, 14.7082262039, 5.2306303978, 1.68508601189, 0.361533135176, 0.00858816038817, 0.000291926116915],
        "mean": [0.127744928002, 0.988155007362, 2.08846473694, 2.99942493439, 5.2969288826, 5.89104700089, 5.05413246155, 4.78118753433, 7.19373989105, 7.52088356018, 10.2060556412, 9.45268821716, 9.39816951752, 9.32612323761, 8.80595016479, 12.6880197525, 13.2597227097, 19.5806941986, 25.238779068, 24.7816734314, 14.728012085, 19.8921318054, 22.5794734955, 24.6413497925, 27.8690471649, 29.9074325562, 16.666185379, 9.12686347961, 7.60340166092, 6.20831537247, 4.08667707443, 2.08551335335, 1.31307542324, 0.699203848839, 0.282844930887, 0.0983512550592, 0.0328182280064, 0.00593558931723, 0.000144295117934, 2.51795408985e-05],
        "median": [0.0335896797478, 0.376147776842, 0.865230202675, 1.14793992043, 2.0668554306, 2.37296247482, 2.29230046272, 2.32546377182, 2.49604868889, 2.46835374832, 3.29826641083, 2.51762533188, 2.55254340172, 3.03341889381, 2.85401511192, 4.04755401611, 3.75983285904, 6.65209770203, 7.83156824112, 6.17673158646, 4.20511436462, 6.14880847931, 6.95448064804, 7.16978216171, 7.90869522095, 9.39177703857, 5.50706720352, 2.70902872086, 1.87209057808, 1.75160479546, 1.13612139225, 0.586377322674, 0.361007958651, 0.203352451324, 0.0849788561463, 0.0282373540103, 0.0094826426357, 0.00156810844783, 4.56243724329e-05, 1.72141772055e-05],
        "min": [8.82222088483e-23, 5.92752103667e-22, 3.78879376315e-21, 3.27683116409e-21, 1.43676845692e-20, 4.47089279316e-20, 6.62933174432e-20, 4.18102738077e-20, 1.40676164009e-19, 2.69302451993e-19, 3.30974582773e-19, 3.93894903247e-19, 6.35006290332e-19, 3.81347167891e-19, 1.32031643224e-18, 1.41743694873e-18, 1.67187305226e-18, 1.78236535695e-18, 2.30775181135e-18, 2.88453099721e-18, 4.09287354089e-18, 6.07792958078e-18, 6.20039160251e-18, 5.90925545976e-18, 8.54975039188e-18, 7.70522462906e-18, 7.47915368611e-18, 9.91135337305e-18, 1.21998767507e-17, 1.21901433164e-17, 1.33084269845e-17, 1.15370180483e-17, 1.1054610451e-17, 8.97192104265e-18, 6.20628278284e-18, 4.47636067672e-18, 2.04130308077e-18, 9.76061749079e-19, 2.50942738858e-19, 2.72564315954e-20],
        "var": [0.061446249485, 5.94161844254, 24.0045413971, 33.7377204895, 117.274688721, 190.379135132, 66.651008606, 58.7576713562, 179.392089844, 241.479064941, 452.704803467, 488.598693848, 490.204315186, 435.891418457, 408.042938232, 916.465026855, 1240.82727051, 1267.43286133, 3106.68579102, 4097.71582031, 1455.58850098, 1915.01745605, 2333.59716797, 2824.51074219, 2817.70629883, 2966.59985352, 772.992126465, 290.759277344, 237.942810059, 156.395797729, 74.1578674316, 27.5076198578, 14.4993066788, 3.22581839561, 0.481427192688, 0.0606123395264, 0.00586810847744, 0.000238076609094, 1.20911963108e-07, 7.11106229456e-10]
    },
    "gfcc": {
        "mean": [-49.0059700012, 77.3794708252, -117.295066833, 46.9645690918, -54.2760047913, 14.3325242996, -33.4574584961, 7.1192908287, -24.1735439301, 6.48398637772, -14.1855611801, -2.36441612244, -13.8339061737],
        "cov": [[18611.8496094, -1368.88818359, -1411.55407715, 1275.98742676, -582.963745117, 200.635040283, -559.450073242, 281.97265625, -591.583618164, 104.303726196, -520.543395996, -6.85274124146, -172.544784546], [-1368.88818359, 1733.53991699, 532.077819824, -133.329421997, 309.620758057, -74.7643432617, 208.523880005, -112.303314209, 173.639053345, -36.4212150574, 206.548721313, -76.6837539673, 28.0326328278], [-1411.55407715, 532.077819824, 1535.27160645, 28.2695388794, 61.945854187, 109.50239563, -72.3598098755, -75.0392303467, -8.58212757111, 29.0734043121, 103.587875366, 22.1130409241, -60.1001815796], [1275.98742676, -133.329421997, 28.2695388794, 466.511749268, 49.4031639099, 48.6134414673, 12.3811321259, 18.9163227081, -37.653755188, -35.9103507996, -30.1168270111, -10.6505489349, 17.2370834351], [-582.963745117, 309.620758057, 61.945854187, 49.4031639099, 374.813079834, 75.9461975098, 160.724884033, 52.4709892273, 77.1814422607, 11.3842201233, 52.2794685364, 22.41472435, 66.74659729], [200.635040283, -74.7643432617, 109.50239563, 48.6134414673, 75.9461975098, 246.998596191, 70.7189559937, 40.4689216614, 20.0201225281, 19.4400520325, 15.2969474792, 21.2483558655, 13.8207921982], [-559.450073242, 208.523880005, -72.3598098755, 12.3811321259, 160.724884033, 70.7189559937, 294.669128418, 83.5344543457, 99.5342330933, 35.1944732666, 72.2386169434, 7.1193523407, 37.7316169739], [281.97265625, -112.303314209, -75.0392303467, 18.9163227081, 52.4709892273, 40.4689216614, 83.5344543457, 203.484268188, 69.3426361084, 56.6651039124, 15.0666217804, 26.0334014893, 19.6470088959], [-591.583618164, 173.639053345, -8.58212757111, -37.653755188, 77.1814422607, 20.0201225281, 99.5342330933, 69.3426361084, 195.297195435, 53.185760498, 58.1175575256, 5.57128620148, 20.0816898346], [104.303726196, -36.4212150574, 29.0734043121, -35.9103507996, 11.3842201233, 19.4400520325, 35.1944732666, 56.6651039124, 53.185760498, 140.094589233, 49.5110855103, 25.5342769623, -1.4273660183], [-520.543395996, 206.548721313, 103.587875366, -30.1168270111, 52.2794685364, 15.2969474792, 72.2386169434, 15.0666217804, 58.1175575256, 49.5110855103, 147.115219116, 28.4327793121, 11.3337030411], [-6.85274124146, -76.6837539673, 22.1130409241, -10.6505489349, 22.41472435, 21.2483558655, 7.1193523407, 26.0334014893, 5.57128620148, 25.5342769623, 28.4327793121, 108.080162048, 35.763885498], [-172.544784546, 28.0326328278, -60.1001815796, 17.2370834351, 66.74659729, 13.8207921982, 37.7316169739, 19.6470088959, 20.0816898346, -1.4273660183, 11.3337030411, 35.763885498, 105.037536621]],
        "icov": [[0.000145839294419, -0.000247602903983, 0.000239372020587, -0.000460794573883, 0.000245227536652, -0.000337502628099, 0.000351241382305, -0.000386690313462, 0.000467356381705, -0.000521783716977, 0.000439867639216, -0.00029416862526, 0.000309221650241], [-0.000247602903983, 0.00177774520125, -0.000857116363477, 0.0011410365114, -0.00124851823784, 0.00138639705256, -0.00117451231927, 0.00149594282266, -0.00154583225958, 0.00169948849361, -0.00204264349304, 0.00173626421019, -0.000857939943671], [0.000239372020587, -0.000857116363477, 0.00134704052471, -0.000951557012741, 0.000394516478991, -0.00123677507509, 0.001247458742, -0.000620273815002, 0.00101206940599, -0.00119188602548, 0.000452271226095, -0.00102702761069, 0.00122000963893], [-0.000460794573883, 0.0011410365114, -0.000951557012741, 0.00391425518319, -0.00127009314019, 0.000903317180928, -0.00130044331308, 0.000985442777164, -0.00108669244219, 0.00235076039098, -0.00143575156108, 0.00165133026894, -0.00144485477358], [0.000245227536652, -0.00124851823784, 0.000394516478991, -0.00127009314019, 0.00497265579179, -0.00150126521476, -0.00077022187179, -0.00122142815962, 0.000639960635453, -0.000930382113438, 0.00136732403189, -0.00126319425181, -0.00113944464829], [-0.000337502628099, 0.00138639705256, -0.00123677507509, 0.000903317180928, -0.00150126521476, 0.00611832318828, -0.00220638909377, 0.000926428008825, -0.00131524982862, 0.00134248821996, -0.00119768141303, 0.000680241442751, -0.000844760215841], [0.000351241382305, -0.00117451231927, 0.001247458742, -0.00130044331308, -0.00077022187179, -0.00220638909377, 0.0070769181475, -0.00250012823381, 0.000225737327128, -0.00139117555227, -0.000599179882556, -0.000184921227628, 0.000588395516388], [-0.000386690313462, 0.00149594282266, -0.000620273815002, 0.000985442777164, -0.00122142815962, 0.000926428008825, -0.00250012823381, 0.00843662861735, -0.0032911580056, -0.000308304559439, -0.000690918706823, 0.00020185863832, -0.000945913430769], [0.000467356381705, -0.00154583225958, 0.00101206940599, -0.00108669244219, 0.000639960635453, -0.00131524982862, 0.000225737327128, -0.0032911580056, 0.00944791920483, -0.00352272717282, 0.000523656897712, -0.000426675949711, 0.000473196676467], [-0.000521783716977, 0.00169948849361, -0.00119188602548, 0.00235076039098, -0.000930382113438, 0.00134248821996, -0.00139117555227, -0.000308304559439, -0.00352272717282, 0.0121301729232, -0.0047543165274, 0.000369546032744, -0.000180951843504], [0.000439867639216, -0.00204264349304, 0.000452271226095, -0.00143575156108, 0.00136732403189, -0.00119768141303, -0.000599179882556, -0.000690918706823, 0.000523656897712, -0.0047543165274, 0.0127133000642, -0.00416885921732, 0.00127823115326], [-0.00029416862526, 0.00173626421019, -0.00102702761069, 0.00165133026894, -0.00126319425181, 0.000680241442751, -0.000184921227628, 0.00020185863832, -0.000426675949711, 0.000369546032744, -0.00416885921732, 0.0136770056561, -0.00518378941342], [0.000309221650241, -0.000857939943671, 0.00122000963893, -0.00144485477358, -0.00113944464829, -0.000844760215841, 0.000588395516388, -0.000945913430769, 0.000473196676467, -0.000180951843504, 0.00127823115326, -0.00518378941342, 0.0135274482891]]
    },
    "melbands": {
        "dmean": [0.000797637272626, 0.000978818279691, 0.000405691447668, 0.000322020961903, 0.000112538335088, 6.38289420749e-05, 5.66223752685e-05, 4.45658224635e-05, 4.83218718728e-05, 3.24000429828e-05, 2.78818042716e-05, 2.13992188947e-05, 1.9630708266e-05, 1.82833773579e-05, 2.03816562134e-05, 1.66958579939e-05, 2.38589509536e-05, 2.28092194448e-05, 2.38712527789e-05, 1.44364248627e-05, 1.06908792077e-05, 1.21594675875e-05, 1.26649374579e-05, 1.24283014884e-05, 1.1425532648e-05, 1.06742472781e-05, 1.17257841339e-05, 1.02002704807e-05, 6.40042526356e-06, 4.0526306293e-06, 2.81734446617e-06, 2.47091816163e-06, 2.3899262942e-06, 1.97903796106e-06, 1.49056586451e-06, 9.33203011755e-07, 6.72306271099e-07, 5.87297336097e-07, 4.89470608045e-07, 3.25988338545e-07],
        "dmean2": [0.00136030546855, 0.00169999233913, 0.000692975707352, 0.000539342057891, 0.00018227910914, 9.96010494418e-05, 8.55632897583e-05, 7.05036291038e-05, 7.32014523237e-05, 5.04122508573e-05, 4.33121895185e-05, 3.33521020366e-05, 3.08512753691e-05, 2.97347323794e-05, 3.3330063161e-05, 2.72775541816e-05, 3.81735299015e-05, 3.57807948603e-05, 3.75065792468e-05, 2.27934360737e-05, 1.67455509654e-05, 1.91144154087e-05, 2.00322792807e-05, 1.95622433239e-05, 1.78564459929e-05, 1.70204966707e-05, 1.86460329132e-05, 1.64322118508e-05, 1.04993177956e-05, 6.71763973514e-06, 4.62573552795e-06, 4.05333685194e-06, 3.88451235267e-06, 3.23639096678e-06, 2.40285021391e-06, 1.48181891291e-06, 1.06201389372e-06, 9.28997906158e-07, 7.5644345543e-07, 5.02468878949e-07],
        "dvar": [7.44020007915e-06, 1.07967653094e-05, 9.63569959822e-07, 1.26058421301e-06, 6.37175006091e-08, 1.68716791649e-08, 1.62708886364e-08, 1.31171749018e-08, 1.37276900958e-08, 8.67363070256e-09, 5.89247717286e-09, 3.42268302589e-09, 2.92124080481e-09, 2.57166998807e-09, 3.70984420961e-09, 2.19797091638e-09, 2.83959922243e-09, 3.39428174456e-09, 4.10490619274e-09, 1.92954541234e-09, 1.35962507919e-09, 1.21379517548e-09, 1.58883461943e-09, 9.32521948549e-10, 1.11055675767e-09, 7.87347353981e-10, 7.94060650566e-10, 5.46833023307e-10, 2.09016443042e-10, 1.09800800396e-10, 6.10449329974e-11, 4.93394838874e-11, 4.41316393152e-11, 3.78621196895e-11, 2.00353761359e-11, 1.01388073284e-11, 6.17516801582e-12, 5.45972251784e-12, 3.10138395e-12, 1.18975922864e-12],
        "dvar2": [2.03423605853e-05, 2.966048487e-05, 2.66108804681e-06, 3.53172595169e-06, 1.69351949353e-07, 4.04548785582e-08, 3.70342938538e-08, 3.40793704368e-08, 3.07385938925e-08, 2.11222932478e-08, 1.36695232911e-08, 8.3487901037e-09, 7.10983227847e-09, 6.83826995029e-09, 9.79771019871e-09, 5.65680657871e-09, 7.3606289952e-09, 8.01030619613e-09, 9.7272581101e-09, 4.73980854565e-09, 2.97776514557e-09, 2.86244339343e-09, 3.67241281829e-09, 2.17729101415e-09, 2.45782350028e-09, 1.87746995728e-09, 1.90597670979e-09, 1.30029131906e-09, 5.33532273916e-10, 2.845959024e-10, 1.52775778139e-10, 1.26242002962e-10, 1.12834235011e-10, 9.90630424913e-11, 4.98062320553e-11, 2.40493493175e-11, 1.4953654634e-11, 1.31278486346e-11, 7.40409296374e-12, 2.93671445668e-12],
        "max": [0.0307250581682, 0.0284748636186, 0.016143552959, 0.0180449020118, 0.00362727814354, 0.00401855725795, 0.00322592491284, 0.00253408541903, 0.00448540132493, 0.00345444795676, 0.00197208905593, 0.00142277532723, 0.0016530592693, 0.00130952917971, 0.00139721343294, 0.00131176761352, 0.00117919791956, 0.00134800304659, 0.00133336998988, 0.00115815992467, 0.001912627602, 0.00142636673991, 0.00146274501458, 0.000842565263156, 0.000912265153602, 0.000836561841425, 0.000597212696448, 0.000535859842785, 0.00030466390308, 0.000279500993202, 0.000289057818009, 0.000182370771654, 0.000138243718538, 0.000204627038329, 0.000114486807433, 8.36635299493e-05, 7.0661342761e-05, 8.5631145339e-05, 5.55222723051e-05, 3.46770284523e-05],
        "mean": [0.00118899159133, 0.00120336364489, 0.000571902957745, 0.000434392190073, 0.000188014018931, 0.000115697046567, 0.000109378313937, 7.94905281509e-05, 8.43780944706e-05, 5.53394529561e-05, 4.52102685813e-05, 3.63536637451e-05, 3.21546613122e-05, 2.87931488856e-05, 3.21299194184e-05, 2.62907233264e-05, 3.79350276489e-05, 3.75082490791e-05, 3.9238082536e-05, 2.17191700358e-05, 1.75606455741e-05, 2.05290907616e-05, 2.17584984057e-05, 2.01975090022e-05, 1.94117928913e-05, 1.98371890292e-05, 2.20559140871e-05, 1.87200494111e-05, 1.15608008855e-05, 6.89042781232e-06, 4.74756097901e-06, 4.256829925e-06, 3.98754855269e-06, 3.25956580127e-06, 2.55333975474e-06, 1.61677633059e-06, 1.1221064824e-06, 9.45626595694e-07, 7.6455216913e-07, 5.3425645774e-07],
        "median": [0.000417225935962, 0.000571920420043, 0.000266689661657, 0.000174887522007, 8.90793889994e-05, 5.67548304389e-05, 3.87412328564e-05, 2.63405454461e-05, 2.56197417912e-05, 1.35361106004e-05, 1.12127927423e-05, 1.10760411189e-05, 9.25650238059e-06, 7.94323659647e-06, 9.27335622691e-06, 6.51366917737e-06, 1.07983123598e-05, 1.00326224128e-05, 9.85224414762e-06, 4.72832607556e-06, 3.81551035389e-06, 5.69308485865e-06, 5.47497029402e-06, 5.54049847779e-06, 4.95222593599e-06, 5.03292494614e-06, 5.92300375502e-06, 5.6484095694e-06, 3.28751957568e-06, 1.99621331376e-06, 1.21061759728e-06, 9.33586306928e-07, 9.59430622061e-07, 9.09319226139e-07, 6.7934291792e-07, 4.21922749183e-07, 3.04664581563e-07, 2.42286205321e-07, 1.94768105644e-07, 1.43383459772e-07],
        "min": [1.13133816191e-24, 2.08913323555e-24, 1.45241184729e-24, 1.3891219313e-24, 3.19657522291e-24, 9.64444480821e-25, 3.10615125279e-24, 2.78818429886e-24, 2.28612639751e-24, 1.96738004901e-24, 2.83857890286e-24, 1.18155241257e-24, 4.31377068651e-24, 3.61441117858e-24, 2.71908106964e-24, 2.48709778501e-24, 2.70344012726e-24, 3.35184592603e-24, 4.30730044936e-24, 3.0376351333e-24, 4.3803154426e-24, 5.0836496262e-24, 4.37961375082e-24, 3.99181091311e-24, 4.39916448507e-24, 5.68573942907e-24, 4.22654515293e-24, 4.22328045207e-24, 3.38491024201e-24, 6.75346345315e-24, 5.0594146359e-24, 5.4317924819e-24, 5.97146918767e-24, 6.58362406683e-24, 5.87882378524e-24, 6.66271526119e-24, 6.55747648327e-24, 7.05729323079e-24, 6.95800561954e-24, 7.15827689299e-24],
        "var": [6.19123557044e-06, 7.7690492617e-06, 9.12108703233e-07, 1.00221711818e-06, 9.20709481989e-08, 3.37493517577e-08, 3.94765038436e-08, 2.59768970778e-08, 3.00877402992e-08, 1.71964327222e-08, 1.2131222249e-08, 7.41951078354e-09, 6.36361763284e-09, 5.06411623746e-09, 6.81858169926e-09, 4.31255697819e-09, 5.38505728898e-09, 7.62006902022e-09, 8.39490699178e-09, 3.30413207905e-09, 2.85206991357e-09, 2.28501750854e-09, 3.24908744354e-09, 1.95732230424e-09, 2.29436647459e-09, 1.86542314928e-09, 1.99123539879e-09, 1.23484844572e-09, 4.41396946771e-10, 1.75969058769e-10, 1.0028584907e-10, 8.21078829927e-11, 6.71291494614e-11, 4.74336368794e-11, 2.92657564849e-11, 1.50668991172e-11, 9.14953269399e-12, 8.01318646854e-12, 4.7153162451e-12, 1.90292746838e-12]
    },
    "mfcc": {
        "mean": [-684.918884277, 99.0039825439, 0.51593118906, 33.0155830383, 3.97009444237, 9.83432769775, 3.333309412, 1.25441598892, -3.93433046341, 7.08932256699, -0.452778339386, -0.882736027241, -0.199476122856],
        "cov": [[13045.65625, -1145.80151367, -835.1953125, 728.061523438, -256.927215576, 34.3534889221, 19.9239006042, -65.3029556274, -41.6812362671, 74.3104019165, -75.5210494995, -368.761291504, -180.397109985], [-1145.80151367, 1462.28649902, 306.798858643, 31.9735202789, 183.045272827, 64.619430542, 52.5409011841, 29.2927322388, -16.3716850281, 86.8862075806, 61.5407333374, 105.613204956, 74.5913085938], [-835.1953125, 306.798858643, 1093.53039551, 81.4343719482, 199.685241699, 95.4186325073, -18.5919456482, -42.5612716675, -111.478340149, -23.192243576, 15.4198007584, 53.2653808594, 43.7644462585], [728.061523438, 31.9735202789, 81.4343719482, 403.527679443, 81.6767272949, 51.5705947876, 54.5270195007, 26.0803127289, 10.3771371841, 5.40123081207, -8.22011375427, -14.7681818008, 3.50021839142], [-256.927215576, 183.045272827, 199.685241699, 81.6767272949, 261.299804688, 69.0754852295, 40.3582763672, 33.0353317261, 26.4622268677, -0.0485297702253, -0.166873589158, 20.7815437317, 30.4406738281], [34.3534889221, 64.619430542, 95.4186325073, 51.5705947876, 69.0754852295, 215.300323486, 77.7937393188, 43.4939117432, 21.7117881775, 8.314245224, 3.88799357414, 14.227306366, 0.375024229288], [19.9239006042, 52.5409011841, -18.5919456482, 54.5270195007, 40.3582763672, 77.7937393188, 203.664276123, 80.3699645996, 48.3011741638, 37.2282142639, 36.226726532, 20.8065071106, 5.06597900391], [-65.3029556274, 29.2927322388, -42.5612716675, 26.0803127289, 33.0353317261, 43.4939117432, 80.3699645996, 157.66166687, 74.5317001343, 29.9144172668, 34.6627693176, 31.4476852417, 10.8746423721], [-41.6812362671, -16.3716850281, -111.478340149, 10.3771371841, 26.4622268677, 21.7117881775, 48.3011741638, 74.5317001343, 169.986022949, 50.3923072815, 33.7595062256, 22.6202583313, 12.0867128372], [74.3104019165, 86.8862075806, -23.192243576, 5.40123081207, -0.0485297702253, 8.314245224, 37.2282142639, 29.9144172668, 50.3923072815, 160.206741333, 78.3078842163, 16.5198040009, 5.14514732361], [-75.5210494995, 61.5407333374, 15.4198007584, -8.22011375427, -0.166873589158, 3.88799357414, 36.226726532, 34.6627693176, 33.7595062256, 78.3078842163, 156.039398193, 65.0519180298, 25.071931839], [-368.761291504, 105.613204956, 53.2653808594, -14.7681818008, 20.7815437317, 14.227306366, 20.8065071106, 31.4476852417, 22.6202583313, 16.5198040009, 65.0519180298, 136.490234375, 51.0092887878], [-180.397109985, 74.5913085938, 43.7644462585, 3.50021839142, 30.4406738281, 0.375024229288, 5.06597900391, 10.8746423721, 12.0867128372, 5.14514732361, 25.071931839, 51.0092887878, 117.622924805]],
