{
"lowlevel": {
    "average_loudness": 0.824275910854,
    "barkbands_crest": {
        "dmean": 2.79509067535,
        "dmean2": 4.46417379379,
        "dvar": 7.15095710754,
        "dvar2": 17.4286193848,
        "max": 26.9053859711,
        "mean": 10.8219127655,
        "median": 9.78269195557,
        "min": 2.42045283318,
        "var": 21.493478775
    },
    "barkbands_flatness_db": {
        "dmean": 0.0246985033154,
        "dmean2": 0.0361168980598,
        "dvar": 0.000689751002938,
        "dvar2": 0.00141465198249,
        "max": 0.508604466915,
        "mean": 0.163200035691,
        "median": 0.1516507864,
        "min": 0.0258140303195,
        "var": 0.00436846259981
    },
    "barkbands_kurtosis": {
        "dmean": 4.49103403091,
        "dmean2": 7.02925014496,
        "dvar": 1416.78344727,
        "dvar2": 3461.5078125,
        "max": 3165.02148438,
        "mean": 5.90076494217,
        "median": 1.23559951782,
        "min": -1.95168507099,
        "var": 1535.99450684
    },
    "barkbands_skewness": {
        "dmean": 0.633157908916,
        "dmean2": 0.928483009338,
        "dvar": 0.872131705284,
        "dvar2": 1.90719020367,
        "max": 52.8610572815,
        "mean": 1.26832473278,
        "median": 0.980724692345,
        "min": -3.58234572411,
        "var": 3.02292990685
    },
    "barkbands_spread": {
        "dmean": 5.60917568207,
        "dmean2": 8.64698028564,
        "dvar": 81.9302215576,
        "dvar2": 191.192977905,
        "max": 121.202430725,
        "mean": 18.8477325439,
        "median": 16.085893631,
        "min": 0.120926864445,
        "var": 225.263366699
    },
    "dissonance": {
        "dmean": 0.0270404051989,
        "dmean2": 0.0452074669302,
        "dvar": 0.000719096977264,
        "dvar2": 0.00189854984637,
        "max": 0.500000178814,
        "mean": 0.444942206144,
        "median": 0.454798638821,
        "min": 0.205229014158,
        "var": 0.00172191800084
    },
    "dynamic_complexity": 4.64573764801,
    "erbbands_crest": {
        "dmean": 2.83688092232,
        "dmean2": 4.5628080368,
        "dvar": 7.67728900909,
        "dvar2": 18.7418556213,
        "max": 31.7211151123,
        "mean": 10.0643253326,
        "median": 9.13437843323,
        "min": 2.25178074837,
        "var": 19.7867927551
    },
    "erbbands_flatness_db": {
        "dmean": 0.0226790439337,
        "dmean2": 0.0315725244582,
        "dvar": 0.000515446183272,
        "dvar2": 0.00094683264615,
        "max": 0.437364548445,
        "mean": 0.181292444468,
        "median": 0.174443930387,
        "min": 0.0423932634294,
        "var": 0.0035433373414
    },
    "erbbands_kurtosis": {
        "dmean": 1.0961856842,
        "dmean2": 1.73140895367,
        "dvar": 2.69730472565,
        "dvar2": 6.30576038361,
        "max": 41.0866851807,
        "mean": 0.940237998962,
        "median": 0.405112147331,
        "min": -1.81819784641,
        "var": 5.04425096512
    },
    "erbbands_skewness": {
        "dmean": 0.413047581911,
        "dmean2": 0.632582426071,
        "dvar": 0.170177906752,
        "dvar2": 0.378677874804,
        "max": 5.08163356781,
        "mean": 0.347371697426,
        "median": 0.362615525723,
        "min": -4.41590118408,
        "var": 0.56530559063
    },
    "erbbands_spread": {
        "dmean": 8.06766033173,
        "dmean2": 12.1035232544,
        "dvar": 119.335777283,
        "dvar2": 253.376449585,
        "max": 171.696624756,
        "mean": 30.5664978027,
        "median": 25.7100219727,
        "min": 2.90698838234,
        "var": 426.197387695
    },
    "hfc": {
        "dmean": 5.77330446243,
        "dmean2": 8.18787002563,
        "dvar": 71.8896179199,
        "dvar2": 144.793365479,
        "max": 132.267868042,
        "mean": 18.9649562836,
        "median": 11.0608825684,
        "min": 1.1848204222e-16,
        "var": 429.295013428
    },
    "melbands_crest": {
        "dmean": 3.16887927055,
        "dmean2": 5.03081560135,
        "dvar": 9.04568386078,
        "dvar2": 22.5413417816,
        "max": 39.8972434998,
        "mean": 13.4495677948,
        "median": 12.5335712433,
        "min": 1.86489903927,
        "var": 28.0080089569
    },
    "melbands_flatness_db": {
        "dmean": 0.0284773614258,
        "dmean2": 0.0419497489929,
        "dvar": 0.00102698535193,
        "dvar2": 0.00213678739965,
        "max": 0.660538852215,
        "mean": 0.227700188756,
        "median": 0.210413351655,
        "min": 0.00572695815936,
        "var": 0.00690849963576
    },
    "melbands_kurtosis": {
        "dmean": 7.76410770416,
        "dmean2": 12.1933259964,
        "dvar": 907.268249512,
        "dvar2": 2198.46337891,
        "max": 2153.28344727,
        "mean": 12.119556427,
        "median": 3.64195919037,
        "min": -1.91942596436,
        "var": 1266.45288086
    },
    "melbands_skewness": {
        "dmean": 0.759231507778,
        "dmean2": 1.11471438408,
        "dvar": 1.03576469421,
        "dvar2": 2.32133769989,
        "max": 41.701171875,
        "mean": 2.04676222801,
        "median": 1.6327060461,
        "min": -1.42488276958,
        "var": 3.93061232567
    },
    "melbands_spread": {
        "dmean": 6.98165655136,
        "dmean2": 10.7094907761,
        "dvar": 159.210754395,
        "dvar2": 373.762084961,
        "max": 309.834381104,
        "mean": 22.9372463226,
        "median": 20.3176383972,
        "min": 0.278279006481,
        "var": 357.951599121
    },
    "pitch_salience": {
        "dmean": 0.0769558623433,
        "dmean2": 0.120512284338,
        "dvar": 0.00512197893113,
        "dvar2": 0.0126718403772,
        "max": 0.893183887005,
        "mean": 0.523438990116,
        "median": 0.529007911682,
        "min": 0.00847781449556,
        "var": 0.0153670888394
    },
    "silence_rate_20dB": {
        "dmean": 0,
        "dmean2": 0,
        "dvar": 0,
        "dvar2": 0,
        "max": 1,
        "mean": 1,
        "median": 1,
        "min": 1,
        "var": 0
    },
    "silence_rate_30dB": {
        "dmean": 0,
        "dmean2": 0,
        "dvar": 0,
        "dvar2": 0,
        "max": 1,
        "mean": 1,
        "median": 1,
        "min": 1,
        "var": 0
    },
    "silence_rate_60dB": {
        "dmean": 0.0370541065931,
        "dmean2": 0.0741150453687,
        "dvar": 0.0356814414263,
        "dvar2": 0.0747058168054,
        "max": 1,
        "mean": 0.124976955354,
        "median": 0,
        "min": 0,
        "var": 0.1093628034
    },
    "spectral_centroid": {
        "dmean": 214.798614502,
        "dmean2": 328.112335205,
        "dvar": 101214.234375,
        "dvar2": 210779.421875,
        "max": 11117.3759766,
        "mean": 1148.40808105,
        "median": 1116.04052734,
        "min": 110.899497986,
        "var": 343569.5
    },
    "spectral_complexity": {
        "dmean": 2.56613516808,
        "dmean2": 3.92920351028,
        "dvar": 8.61762714386,
        "dvar2": 18.8131732941,
        "max": 41,
        "mean": 13.2990779877,
        "median": 13,
        "min": 0,
        "var": 57.2704048157
    },
    "spectral_decrease": {
        "dmean": 1.58409996232e-09,
        "dmean2": 2.307241731e-09,
        "dvar": 4.25686251092e-18,
        "dvar2": 8.41118605875e-18,
        "max": 6.4601359791e-29,
        "mean": -5.16637976844e-09,
        "median": -3.77587205946e-09,
        "min": -2.21891784946e-08,
        "var": 1.8254410355e-17
    },
    "spectral_energy": {
        "dmean": 0.00637435307726,
        "dmean2": 0.00926143769175,
        "dvar": 6.80120356265e-05,
        "dvar2": 0.000134135843837,
        "max": 0.0907269194722,
        "mean": 0.0212192665786,
        "median": 0.0154176009819,
        "min": 1.06431891545e-20,
        "var": 0.000313433934934
    },
    "spectral_energyband_high": {
        "dmean": 0.000185717144632,
        "dmean2": 0.000279398198472,
        "dvar": 2.56136360122e-07,
        "dvar2": 5.68503025988e-07,
        "max": 0.0115742292255,
        "mean": 0.000349117501173,
        "median": 0.000134560134029,
        "min": 7.65205559186e-21,
        "var": 5.3151774182e-07
    },
    "spectral_energyband_low": {
        "dmean": 0.00240907538682,
        "dmean2": 0.00361226894893,
        "dvar": 2.16589578486e-05,
        "dvar2": 4.45856603619e-05,
        "max": 0.0681874081492,
        "mean": 0.00467095989734,
        "median": 0.00322679476812,
        "min": 7.18418213849e-23,
        "var": 3.45608459611e-05
    },
    "spectral_energyband_middle_high": {
        "dmean": 0.00278578372672,
        "dmean2": 0.00382518582046,
        "dvar": 2.41549423663e-05,
        "dvar2": 4.26862097811e-05,
        "max": 0.0878865420818,
        "mean": 0.00831062439829,
        "median": 0.00295631960034,
        "min": 1.40963198509e-21,
        "var": 0.000149536790559
    },
    "spectral_energyband_middle_low": {
        "dmean": 0.00383968208916,
        "dmean2": 0.00584806455299,
        "dvar": 3.47380009771e-05,
        "dvar2": 7.78476605774e-05,
        "max": 0.072393938899,
        "mean": 0.00849060062319,
        "median": 0.0054231164977,
        "min": 2.82165902762e-22,
        "var": 7.89401819929e-05
    },
    "spectral_entropy": {
        "dmean": 0.218887850642,
        "dmean2": 0.310461938381,
        "dvar": 0.0629021450877,
        "dvar2": 0.122857533395,
        "max": 9.8109588623,
        "mean": 7.23573827744,
        "median": 7.27696752548,
        "min": 5.12796592712,
        "var": 0.356107801199
    },
    "spectral_flux": {
        "dmean": 0.0242767818272,
        "dmean2": 0.0370226576924,
        "dvar": 0.000695616879966,
        "dvar2": 0.00144443800673,
        "max": 0.280704289675,
        "mean": 0.0725255087018,
        "median": 0.0622981637716,
        "min": 6.8952579757e-11,
        "var": 0.00233732839115
    },
    "spectral_kurtosis": {
        "dmean": 2.94032979012,
        "dmean2": 4.68367099762,
        "dvar": 21.1521434784,
        "dvar2": 52.2104072571,
        "max": 111.043632507,
        "mean": 8.06546401978,
        "median": 6.22380971909,
        "min": -1.58996331692,
        "var": 59.5754165649
    },
    "spectral_rms": {
        "dmean": 0.000685606966726,
        "dmean2": 0.000967679545283,
        "dvar": 6.32663727629e-07,
        "dvar2": 1.15534396627e-06,
        "max": 0.00940819177777,
        "mean": 0.00408319244161,
        "median": 0.00387834524736,
        "min": 3.22235922841e-12,
        "var": 4.02926434617e-06
    },
    "spectral_rolloff": {
        "dmean": 481.630645752,
        "dmean2": 824.955871582,
        "dvar": 1610083.5,
        "dvar2": 3682762.75,
        "max": 19078.4179688,
        "mean": 1461.57995605,
        "median": 1141.25976562,
        "min": 21.533203125,
        "var": 3075485.75
    },
    "spectral_skewness": {
        "dmean": 0.32178786397,
        "dmean2": 0.499537467957,
        "dvar": 0.151049718261,
        "dvar2": 0.356251776218,
        "max": 8.41827297211,
        "mean": 2.07985401154,
        "median": 1.98499345779,
        "min": -0.326218515635,
        "var": 0.579487264156
    },
    "spectral_spread": {
        "dmean": 732220.4375,
        "dmean2": 1027830.0625,
        "dvar": 1.37170439373e+12,
        "dvar2": 2.36443743027e+12,
        "max": 51583928,
        "mean": 4316665.5,
        "median": 3858605.25,
        "min": 770867.5625,
        "var": 5.3288805335e+12
    },
    "spectral_strongpeak": {
        "dmean": 0.75319814682,
        "dmean2": 1.21682357788,
        "dvar": 1.71075320244,
        "dvar2": 3.88397336006,
        "max": 16.8394069672,
        "mean": 1.48028790951,
        "median": 0.40532720089,
        "min": 0,
        "var": 4.71572732925
    },
    "zerocrossingrate": {
        "dmean": 0.010290001519,
        "dmean2": 0.0119289075956,
        "dvar": 0.000303189386614,
        "dvar2": 0.000369120272808,
        "max": 0.517578125,
        "mean": 0.0549951381981,
        "median": 0.048828125,
        "min": 0,
        "var": 0.00196544663049
    },
    "barkbands": {
        "dmean": [2.66240367637e-05, 0.00197654939257, 0.000675598450471, 0.000465341465315, 0.00130188406911, 0.00101243576501, 0.000566491682548, 0.000580032239668, 0.00134176353458, 0.000966700841673, 0.000676521798596, 0.000544360955246, 0.000443732511485, 0.000773215841036, 0.000606807298027, 0.000447094091214, 0.000159089730005, 0.000213200473809, 5.56396080356e-05, 3.21503212035e-05, 3.60699086741e-05, 3.29109097947e-05, 3.56751697836e-05, 3.54774892912e-05, 4.35331821791e-05, 1.76331559487e-05, 9.56797634899e-07],
        "dmean2": [3.91444809793e-05, 0.00301895849407, 0.00114374270197, 0.000781896349508, 0.00209738546982, 0.00161106674932, 0.000900222861674, 0.000896515732165, 0.00203544530086, 0.00144468073267, 0.000976037816145, 0.000788442266639, 0.000648640678264, 0.00114616157953, 0.00093674834352, 0.000631262897514, 0.000243769129156, 0.000321469880873, 8.86981360964e-05, 5.29576063855e-05, 6.23629675829e-05, 5.49457399757e-05, 5.55620827072e-05, 5.32520534762e-05, 6.11929863226e-05, 2.59922235273e-05, 1.57051806582e-06],
        "dvar": [7.4784818338e-09, 1.66519930644e-05, 2.77148546957e-06, 1.36638050208e-06, 7.65382083046e-06, 5.94235825702e-06, 2.63686797553e-06, 2.31460808209e-06, 1.12634379548e-05, 8.80448169482e-06, 3.46517572325e-06, 2.16291664401e-06, 1.97358781406e-06, 4.94478445034e-06, 4.95803669764e-06, 2.67298651124e-06, 3.26096937897e-07, 3.19318218089e-07, 1.42814053916e-08, 6.05573058365e-09, 2.58522110386e-08, 1.32690258781e-08, 7.78397790668e-09, 2.03360883688e-08, 4.10006109064e-08, 3.64023655663e-09, 7.91041624565e-12],
        "dvar2": [1.47371057579e-08, 3.55960073648e-05, 7.67626261222e-06, 3.53441782863e-06, 1.86650559044e-05, 1.42186881931e-05, 6.35795731796e-06, 4.82660652779e-06, 2.68258118012e-05, 1.86916495295e-05, 5.99859049544e-06, 4.03796457249e-06, 4.04037200497e-06, 9.90863645711e-06, 1.15464345072e-05, 5.19256855114e-06, 7.02260251728e-07, 7.11491622951e-07, 3.1465667405e-08, 1.57011044166e-08, 7.466385199e-08, 3.58384149024e-08, 1.76883219183e-08, 4.52938877515e-08, 7.55506590622e-08, 6.88133283688e-09, 1.96671116892e-11],
        "max": [0.00110516522545, 0.0539036989212, 0.0238594803959, 0.0388209410012, 0.052485037595, 0.0432332344353, 0.03262187168, 0.0375847220421, 0.0682174935937, 0.0713115483522, 0.049584697932, 0.0438740365207, 0.031980574131, 0.0531673021615, 0.0591245703399, 0.0458102375269, 0.0320372022688, 0.0201339647174, 0.00620911410078, 0.00280089862645, 0.0040423925966, 0.00348254153505, 0.00246856082231, 0.00649532442912, 0.00587066169828, 0.00294727855362, 7.81028429628e-05],
        "mean": [2.80852891592e-05, 0.00336292316206, 0.000994647969492, 0.000583281216677, 0.0018396184314, 0.00152751500718, 0.000776033615693, 0.000925666536205, 0.00229144119658, 0.00180300103966, 0.00119424692821, 0.00100002449472, 0.000745154975448, 0.00144880183507, 0.000819635111839, 0.000720122247003, 0.000291672215099, 0.000386096624425, 0.000110967332148, 5.65395057492e-05, 4.79609916511e-05, 5.14608254889e-05, 6.42329250695e-05, 5.82132088311e-05, 6.71491652611e-05, 2.38129377976e-05, 9.85840642898e-07],
        "median": [4.34908270108e-06, 0.00167883629911, 0.000387750798836, 0.000233974162256, 0.000876006495673, 0.000484892341774, 0.000166748883203, 0.000175254244823, 0.000348738161847, 0.00026513641933, 0.000263564987108, 0.000145292113302, 8.02790600574e-05, 0.000106937841338, 7.75214284658e-05, 9.11847237148e-05, 0.000100920828118, 0.00012324716954, 4.23280835093e-05, 2.41763682425e-05, 1.39530793604e-05, 1.91807703231e-05, 2.37443964579e-05, 1.50243749886e-05, 9.03897762328e-06, 4.09019457948e-06, 1.33682377168e-07],
        "min": [8.95814508979e-24, 1.43758177503e-23, 2.28463584483e-23, 4.43489199547e-24, 2.29685198703e-23, 2.37315424255e-23, 5.86574502364e-23, 4.41618376467e-23, 2.8088421205e-23, 2.24210235809e-23, 4.2002674862e-23, 5.30752937662e-23, 2.94684481617e-23, 5.53124780498e-23, 9.34399873109e-23, 1.16348400713e-22, 1.39085934222e-22, 1.05636010408e-22, 2.60311148782e-22, 2.65161747203e-22, 4.10253992627e-22, 3.81108043425e-22, 5.91214721048e-22, 7.6269712792e-22, 9.81710209245e-22, 1.70320527093e-21, 2.460867573e-21],
        "var": [8.98105589897e-09, 2.39182209043e-05, 2.80362928606e-06, 1.36400456086e-06, 9.12911855266e-06, 8.97984318726e-06, 4.65412267658e-06, 5.20497087564e-06, 2.40622848651e-05, 2.24965260713e-05, 9.74698923528e-06, 6.74073271512e-06, 4.58251861346e-06, 1.56321057148e-05, 8.2171682152e-06, 6.39039035377e-06, 8.09391337953e-07, 6.7124119596e-07, 5.54116184048e-08, 9.89075843449e-09, 1.79586567839e-08, 1.30446169422e-08, 1.50338337335e-08, 3.73916400065e-08, 9.57333696761e-08, 8.07222999555e-09, 8.50824792564e-12]
    },
    "erbbands": {
        "dmean": [0.0525998696685, 0.470357835293, 0.804172277451, 1.16272056103, 3.23373198509, 4.47897958755, 7.42338705063, 7.58510923386, 7.76805877686, 9.12904548645, 15.8020944595, 30.3512687683, 32.2387619019, 23.6662254333, 21.4365844727, 19.7221336365, 19.5934734344, 30.5170040131, 31.0512180328, 32.96534729, 15.9384593964, 8.2856388092, 10.9893608093, 5.97968864441, 1.81693232059, 1.53702926636, 1.25533652306, 1.6525632143, 1.19996535778, 1.09088528156, 1.04320383072, 0.714189469814, 0.631077945232, 0.529128432274, 0.290354073048, 0.109667345881, 0.0255972966552, 0.00417402619496, 9.66617226368e-05, 9.62778085523e-06],
        "dmean2": [0.0792701914907, 0.731121778488, 1.33313667774, 1.93075764179, 5.30490350723, 7.36839962006, 11.9193143845, 12.0602750778, 11.9946403503, 14.7927570343, 23.8661022186, 45.8095321655, 48.8259429932, 33.9223403931, 29.878780365, 28.4278202057, 28.1410713196, 44.4101753235, 47.4103317261, 47.412361145, 22.4286556244, 12.1928424835, 16.5678520203, 9.0880613327, 2.90961384773, 2.55053567886, 2.04517507553, 2.93666791916, 2.03267025948, 1.73686504364, 1.631980896, 1.08778917789, 0.933369398117, 0.757266044617, 0.407469630241, 0.158186078072, 0.0381134487689, 0.00653139874339, 0.000149854415213, 1.3897518329e-05],
        "dvar": [0.0172065794468, 0.869613289833, 3.34807753563, 8.99403858185, 70.4833068848, 87.5067367554, 265.124542236, 407.80657959, 556.105102539, 618.602844238, 1423.03112793, 7253.77099609, 8735.00195312, 4221.08642578, 3361, 2582.24414062, 3478.22607422, 9255.36132812, 12768.2685547, 11468.8125, 2938.47216797, 518.195251465, 788.788635254, 276.907867432, 16.5867710114, 16.9288311005, 14.8805847168, 85.8353729248, 21.5266304016, 7.57349395752, 7.13231420517, 6.60950231552, 6.91539239883, 6.13149547577, 1.7808483839, 0.200152471662, 0.00597702385858, 0.000124840284116, 6.50997975526e-08, 1.82943132865e-10],
        "dvar2": [0.0368343777955, 1.94117486477, 9.08294868469, 23.7567882538, 174.156890869, 218.993392944, 653.889831543, 986.347351074, 1278.4987793, 1473.99060059, 3036.31616211, 17189.3925781, 18994.5625, 8292.50488281, 5713.77685547, 4782.56005859, 7169.30371094, 17754.3085938, 30713.7167969, 23133.046875, 5572.10498047, 976.909729004, 1802.1965332, 585.112731934, 39.2122840881, 44.5169487, 38.5189552307, 251.282287598, 58.6447257996, 18.724571228, 16.4791660309, 14.6134614944, 15.1074666977, 12.2096729279, 3.17398071289, 0.364242494106, 0.0117274550721, 0.000284549518256, 1.45294052345e-07, 3.69821617774e-10],
        "max": [1.80156481266, 13.8538742065, 27.2903022766, 91.128036499, 167.851516724, 188.616012573, 331.069335938, 350.079345703, 488.369720459, 593.007446289, 783.991577148, 1875.42578125, 2081.6796875, 2103.66992188, 1507.31091309, 1229.91784668, 1613.87902832, 2978.34350586, 3766.89038086, 3082.23193359, 2247.76196289, 1195.19250488, 861.228271484, 711.307067871, 161.442260742, 177.249282837, 164.682174683, 235.753707886, 140.273468018, 62.3027305603, 74.9092330933, 109.123703003, 100.651741028, 77.9713973999, 40.8926277161, 19.7518692017, 3.84717106819, 0.296481519938, 0.0064482963644, 0.000405705941375],
        "mean": [0.082263417542, 0.808558821678, 1.33000946045, 1.57342386246, 3.93792200089, 6.01922988892, 11.3359622955, 11.4738349915, 11.5869026184, 13.1801185608, 29.1789493561, 50.7310752869, 59.5524902344, 46.5806503296, 40.0974311829, 39.6467666626, 38.3759498596, 56.9290733337, 52.4846076965, 55.9041938782, 29.2680797577, 17.1298294067, 20.3461952209, 12.2668228149, 3.5979039669, 2.70563268661, 2.09373378754, 1.95611262321, 1.77746522427, 2.04951620102, 1.77323043346, 1.20812046528, 1.0021828413, 0.812604129314, 0.424322336912, 0.153080552816, 0.0338200479746, 0.00498043466359, 0.000127516250359, 3.00748524751e-05],
        "median": [0.0312983244658, 0.438707530499, 0.789973735809, 0.735388040543, 1.57301282883, 2.83693599701, 4.63494634628, 3.7132601738, 2.56377959251, 4.10718154907, 6.58765125275, 8.79729652405, 12.6790208817, 12.5531320572, 11.0615844727, 6.88196659088, 5.6844201088, 5.13592767715, 5.91322994232, 6.3367638588, 5.68368625641, 6.45613288879, 6.44669294357, 5.01411533356, 1.67272102833, 1.22756171227, 0.691290020943, 0.561482906342, 0.62834662199, 0.780074119568, 0.620824217796, 0.372517615557, 0.219420522451, 0.119851447642, 0.0479886047542, 0.0213828757405, 0.0063257003203, 0.000877531419974, 3.76393436454e-05, 2.18890563701e-05],
        "min": [3.9982361063e-22, 4.34011933494e-21, 2.49833134227e-20, 3.17016646644e-20, 5.73912772391e-20, 3.60569353793e-20, 1.05821170527e-19, 2.48770278226e-19, 6.12281415857e-19, 1.06725396552e-18, 8.51584663671e-19, 5.20219677499e-19, 3.86927250755e-19, 1.18454755599e-18, 2.18629584803e-18, 2.70303599028e-18, 1.72923316806e-18, 2.07420315566e-18, 5.78610398298e-18, 8.23105755419e-18, 6.60315370098e-18, 8.28546205026e-18, 6.82038084241e-18, 7.85825965983e-18, 1.63820820754e-17, 1.34582393196e-17, 1.5525728457e-17, 1.45147549298e-17, 1.4235892493e-17, 1.47646246861e-17, 1.62617554204e-17, 1.4861772086e-17, 1.36486769761e-17, 9.3440497479e-18, 8.20943505298e-18, 6.39321939742e-18, 3.04080071776e-18, 1.33412228346e-18, 3.31246776893e-19, 3.38398166879e-20],
        "var": [0.0217745006084, 1.22785174847, 3.58305954933, 8.86252403259, 74.242515564, 98.3229064941, 392.018066406, 580.105957031, 1128.16027832, 1084.28125, 4147.48583984, 13874.0175781, 20130.3632812, 10898.7578125, 9861.40527344, 8779.39257812, 9669.88671875, 24928.984375, 23311.4160156, 29705.5175781, 7942.46923828, 1908.61413574, 1768.05603027, 652.835632324, 38.4322967529, 24.8620281219, 21.9100799561, 50.3606567383, 19.2633514404, 13.1222162247, 13.0130748749, 12.2280025482, 13.2667169571, 12.9077014923, 4.31641864777, 0.4792958498, 0.0120813492686, 0.000184073651326, 1.02772510502e-07, 7.25047522021e-10]
    },
    "gfcc": {
        "mean": [-50.9508361816, 104.409858704, -116.465354919, 15.9788217545, -49.8283576965, 19.0554599762, -38.7956123352, 13.9037599564, -20.1845016479, -3.69545984268, -15.6330518723, 6.34276723862, -8.44588756561],
        "cov": [[17959.9316406, -508.055114746, -1351.70959473, 59.394443512, -589.304077148, 662.102172852, -450.028015137, 345.557525635, -111.160972595, 111.892486572, -224.259475708, 90.6027603149, -380.634033203], [-508.055114746, 1578.14819336, -146.102600098, -244.320281982, 300.426208496, -233.598114014, 180.034835815, -103.841560364, 68.6231536865, -148.31199646, 70.0255203247, -102.800834656, 94.4699783325], [-1351.70959473, -146.102600098, 1328.89404297, 415.45980835, 41.0896530151, 122.184150696, -48.2346382141, 83.4053573608, -56.5080184937, 107.771072388, -27.2416152954, 84.7564926147, -4.04203462601], [59.394443512, -244.320281982, 415.45980835, 544.352783203, 35.3953094482, 52.3318214417, -20.10206604, 52.0291442871, 25.3982086182, 48.5722312927, -12.3178434372, 64.3953094482, 16.1706314087], [-589.304077148, 300.426208496, 41.0896530151, 35.3953094482, 336.332977295, 36.3060379028, 79.4302520752, 26.0439090729, 56.9643058777, -20.9292583466, 29.0455379486, -5.92711114883, 45.8219604492], [662.102172852, -233.598114014, 122.184150696, 52.3318214417, 36.3060379028, 373.155670166, 97.1388931274, 42.6453666687, -12.073515892, 45.3586120605, 44.4663772583, -3.84032225609, -51.1485519409], [-450.028015137, 180.034835815, -48.2346382141, -20.10206604, 79.4302520752, 97.1388931274, 277.348388672, -19.9725170135, -11.9323644638, 3.77508449554, 44.68775177, -36.5030975342, -4.88000202179], [345.557525635, -103.841560364, 83.4053573608, 52.0291442871, 26.0439090729, 42.6453666687, -19.9725170135, 176.335037231, 65.7013473511, 9.08472728729, 0.558760464191, 22.2734355927, -0.988754749298], [-111.160972595, 68.6231536865, -56.5080184937, 25.3982086182, 56.9643058777, -12.073515892, -11.9323644638, 65.7013473511, 173.424545288, -1.99425494671, 8.5655002594, 5.75938177109, 26.340965271], [111.892486572, -148.31199646, 107.771072388, 48.5722312927, -20.9292583466, 45.3586120605, 3.77508449554, 9.08472728729, -1.99425494671, 123.537872314, 23.3436050415, 27.1821575165, -8.04511928558], [-224.259475708, 70.0255203247, -27.2416152954, -12.3178434372, 29.0455379486, 44.4663772583, 44.68775177, 0.558760464191, 8.5655002594, 23.3436050415, 146.562393188, 23.4327468872, 6.66534996033], [90.6027603149, -102.800834656, 84.7564926147, 64.3953094482, -5.92711114883, -3.84032225609, -36.5030975342, 22.2734355927, 5.75938177109, 27.1821575165, 23.4327468872, 120.070793152, 32.2519226074], [-380.634033203, 94.4699783325, -4.04203462601, 16.1706314087, 45.8219604492, -51.1485519409, -4.88000202179, -0.988754749298, 26.340965271, -8.04511928558, 6.66534996033, 32.2519226074, 108.970680237]],
        "icov": [[0.000162844939041, -0.000363877828931, 0.000426349171903, -0.000321137107676, 0.000361405982403, -0.000653528259136, 0.000522604153957, -0.000553412537556, 0.000427026941907, -0.000470409664558, 0.000545462418813, -0.00045126004261, 0.000469644059194], [-0.000363877828931, 0.0022175651975, -0.00130860100035, 0.00131281150971, -0.00174176355358, 0.00247650034726, -0.0019461621996, 0.00192402710672, -0.00155581650324, 0.00219754362479, -0.00205085403286, 0.00181368447375, -0.00148475193419], [0.000426349171903, -0.00130860100035, 0.0023511024192, -0.00172297225799, 0.000931345392019, -0.00215916731395, 0.00178098364267, -0.00204232451506, 0.00197847909294, -0.00217334600165, 0.00193374638911, -0.00162223121151, 0.00134586566128], [-0.000321137107676, 0.00131281150971, -0.00172297225799, 0.00346271693707, -0.00121254939586, 0.00157185748685, -0.00141777249519, 0.00133895280305, -0.00165537989233, 0.00118234369438, -0.00105442199856, 0.000376515235985, -0.00120077875908], [0.000361405982403, -0.00174176355358, 0.000931345392019, -0.00121254939586, 0.00522253010422, -0.00241778674535, 0.000690678600222, -0.00185311341193, 0.000264970090939, -0.00088700390188, 0.00125257764012, -0.00103120470885, -0.000230895006098], [-0.000653528259136, 0.00247650034726, -0.00215916731395, 0.00157185748685, -0.00241778674535, 0.00696548912674, -0.00378090864979, 0.00182288920041, -0.00180918653496, 0.00191773031838, -0.00349815143272, 0.00238623446785, -0.000523091002833], [0.000522604153957, -0.0019461621996, 0.00178098364267, -0.00141777249519, 0.000690678600222, -0.00378090864979, 0.00684906309471, -0.00165819516405, 0.00222756806761, -0.0023876868654, 0.00112267036457, -0.000402854027925, 0.00135148130357], [-0.000553412537556, 0.00192402710672, -0.00204232451506, 0.00133895280305, -0.00185311341193, 0.00182288920041, -0.00165819516405, 0.00965351331979, -0.00476200599223, 0.00247813458554, -0.00194514368195, 0.000777185661718, -0.00100431463216], [0.000427026941907, -0.00155581650324, 0.00197847909294, -0.00165537989233, 0.000264970090939, -0.00180918653496, 0.00222756806761, -0.00476200599223, 0.00921507366002, -0.00226664287038, 0.00141951197293, -0.000860814878251, 2.84475645458e-05], [-0.000470409664558, 0.00219754362479, -0.00217334600165, 0.00118234369438, -0.00088700390188, 0.00191773031838, -0.0023876868654, 0.00247813458554, -0.00226664287038, 0.0121271703392, -0.00356255471706, 0.000307866284857, -0.00104561704211], [0.000545462418813, -0.00205085403286, 0.00193374638911, -0.00105442199856, 0.00125257764012, -0.00349815143272, 0.00112267036457, -0.00194514368195, 0.00141951197293, -0.00356255471706, 0.0104445405304, -0.00408178102225, 0.00173848005943], [-0.00045126004261, 0.00181368447375, -0.00162223121151, 0.000376515235985, -0.00103120470885, 0.00238623446785, -0.000402854027925, 0.000777185661718, -0.000860814878251, 0.000307866284857, -0.00408178102225, 0.0130639392883, -0.00510799465701], [0.000469644059194, -0.00148475193419, 0.00134586566128, -0.00120077875908, -0.000230895006098, -0.000523091002833, 0.00135148130357, -0.00100431463216, 2.84475645458e-05, -0.00104561704211, 0.00173848005943, -0.00510799465701, 0.0135569032282]]
    },
    "melbands": {
        "dmean": [0.000522280926816, 0.000468927697511, 0.000242115129367, 0.00028846677742, 0.00023667095229, 0.000175020235474, 0.000115641152661, 0.00010639330867, 0.000155303176143, 0.000187008292414, 0.000163814242114, 0.000101560654002, 8.85164772626e-05, 5.19026289112e-05, 6.36032127659e-05, 4.02789992222e-05, 6.42805825919e-05, 5.83937289775e-05, 4.87815850647e-05, 3.81106001441e-05, 1.70792009158e-05, 9.63628735917e-06, 8.64071080287e-06, 1.16991377581e-05, 4.64467530037e-06, 1.76807975549e-06, 1.0272497093e-06, 1.14645717986e-06, 8.54524103033e-07, 7.70810174799e-07, 1.07066580313e-06, 7.32340026843e-07, 6.03881517236e-07, 6.52254527722e-07, 6.82507675265e-07, 4.6992317948e-07, 4.75331461303e-07, 4.86921919673e-07, 4.22755221052e-07, 4.86285955503e-07],
        "dmean2": [0.000787855009548, 0.000742671312764, 0.000399200478569, 0.000470793980639, 0.000380838289857, 0.000276556267636, 0.00017999643751, 0.00016954151215, 0.000235621089814, 0.000284180452581, 0.000248391792411, 0.000146124584717, 0.000125223814393, 7.36544461688e-05, 9.29964444367e-05, 5.86153291806e-05, 9.43030536291e-05, 8.87028727448e-05, 7.28537415853e-05, 5.34104328835e-05, 2.47802017839e-05, 1.45582080222e-05, 1.33461007863e-05, 1.756529673e-05, 7.17249849913e-06, 2.82033693111e-06, 1.7051947907e-06, 1.90308901438e-06, 1.37739266393e-06, 1.32487298288e-06, 1.92495485862e-06, 1.2607000599e-06, 9.80965410236e-07, 1.03678348751e-06, 1.09572431484e-06, 7.23037771877e-07, 7.34294019367e-07, 7.41088854284e-07, 6.18693604792e-07, 7.01747921994e-07],
        "dvar": [1.34268975671e-06, 8.5973476871e-07, 3.15108479754e-07, 4.66414320499e-07, 2.31230998793e-07, 1.9847207966e-07, 1.13491694265e-07, 7.87951535131e-08, 1.37163937097e-07, 2.68899242428e-07, 2.32988185189e-07, 8.11652469679e-08, 5.79868277839e-08, 3.15451593735e-08, 2.54919019227e-08, 1.91694340401e-08, 4.15838137258e-08, 4.44745360539e-08, 2.92118791378e-08, 1.97134362168e-08, 4.15361878225e-09, 1.06581576897e-09, 5.01684971344e-10, 1.13655840295e-09, 1.73434530626e-10, 1.88219769631e-11, 5.62972064799e-12, 1.00542543041e-11, 6.81345648304e-12, 8.14214320966e-12, 4.11759688845e-11, 1.01522366902e-11, 2.49729880872e-12, 2.51425096021e-12, 2.93245202426e-12, 2.04279128335e-12, 3.67784361993e-12, 5.23216235962e-12, 3.13058324923e-12, 5.8026691091e-12],
        "dvar2": [2.85709620584e-06, 2.11484461943e-06, 8.08628385585e-07, 1.14611430035e-06, 5.71219629819e-07, 4.74914372717e-07, 2.63840377102e-07, 1.77860854933e-07, 2.99577266105e-07, 6.44471754185e-07, 5.03356488935e-07, 1.62853268648e-07, 9.56157748533e-08, 5.72914800046e-08, 5.25019778763e-08, 3.91507164466e-08, 8.05409783311e-08, 1.02261772383e-07, 6.34694359292e-08, 3.7417702714e-08, 8.07194844299e-09, 2.09421324726e-09, 1.22698540217e-09, 2.50016252146e-09, 3.59858254306e-10, 4.04523706199e-11, 1.50950762307e-11, 2.57834205375e-11, 1.67651136029e-11, 2.32782473852e-11, 1.20784923729e-10, 2.80786106172e-11, 6.25558806144e-12, 6.15024047315e-12, 7.1067852124e-12, 4.430423476e-12, 8.48415608601e-12, 1.27081782597e-11, 6.30229939416e-12, 1.19596667639e-11],
        "max": [0.0159108582884, 0.0157771892846, 0.0142194479704, 0.0134089831263, 0.00881287362427, 0.00756300147623, 0.00702304299921, 0.00549179734662, 0.00875096488744, 0.0104147586972, 0.0111085921526, 0.00821522064507, 0.00730990013108, 0.00585260987282, 0.00361714558676, 0.0036569875665, 0.00665828213096, 0.00611071614549, 0.00426255026832, 0.0045155538246, 0.00259565515444, 0.0019010436954, 0.000806830241345, 0.00129509810358, 0.000560422602575, 0.00022489609546, 6.72399182804e-05, 0.000119798882224, 0.000117191550089, 6.25738830422e-05, 0.000154765351908, 0.000104465310869, 4.58654794784e-05, 4.05456594308e-05, 4.52491876786e-05, 4.77372996102e-05, 9.16890858207e-05, 0.000111472450953, 6.34288298897e-05, 7.48126476537e-05],
        "mean": [0.000873010081705, 0.000846162671223, 0.000334496813593, 0.000367481639842, 0.000375228642952, 0.000271757278824, 0.000166647005244, 0.000155696252477, 0.000290437717922, 0.000303392356727, 0.000299922452541, 0.0001958621433, 0.000159617862664, 9.07542780624e-05, 0.000123857462313, 6.52914459351e-05, 0.000117010342365, 9.61174082477e-05, 7.08531806595e-05, 6.45625841571e-05, 2.82945529761e-05, 1.81918185262e-05, 1.48429817273e-05, 2.01173643291e-05, 8.98052530829e-06, 3.29701902047e-06, 1.62832884598e-06, 1.87769103377e-06, 1.39745509387e-06, 1.0388081364e-06, 1.1600217249e-06, 9.62524040915e-07, 1.04177343019e-06, 1.18245418435e-06, 1.0811422726e-06, 7.922579357e-07, 7.34780996936e-07, 7.25711117866e-07, 6.46632258849e-07, 7.08913887593e-07],
        "median": [0.00037042167969, 0.000605431327131, 0.000166084559169, 0.000156604772201, 0.000171307750861, 8.73834287631e-05, 3.55759038939e-05, 4.10919456044e-05, 5.42011512152e-05, 4.64580080006e-05, 4.83808034915e-05, 4.55287154182e-05, 3.7345871533e-05, 1.37738452395e-05, 1.54328990902e-05, 6.29283522358e-06, 7.93348954176e-06, 7.58701480663e-06, 6.62597722112e-06, 6.65297829983e-06, 5.4680804169e-06, 6.26930614089e-06, 5.32011381438e-06, 5.52622987016e-06, 3.50865798282e-06, 1.19578066915e-06, 7.3370915743e-07, 7.0044916356e-07, 4.19116503281e-07, 3.0615774449e-07, 2.97408632832e-07, 3.10727443775e-07, 3.78262996037e-07, 4.31325190675e-07, 3.54212119191e-07, 2.62616538294e-07, 1.94487256522e-07, 1.53569658323e-07, 1.13867258733e-07, 8.84797728418e-08],
        "min": [3.78310316671e-24, 1.06632284934e-23, 5.85643670161e-24, 5.8192375712e-24, 2.91433696267e-24, 5.21834092045e-24, 1.04200289872e-23, 1.25554983346e-23, 6.20199169912e-24, 2.84541418538e-24, 1.92578065246e-24, 4.43325905339e-24, 6.29032439898e-24, 7.49046306474e-24, 6.16000891617e-24, 2.41871241922e-24, 3.99467408376e-24, 8.96380911109e-24, 7.47367689353e-24, 9.20897682524e-24, 7.31273743596e-24, 7.8875882662e-24, 8.66723290946e-24, 4.85870791123e-24, 6.19326216434e-24, 1.01379315386e-23, 9.23979683194e-24, 9.29482303553e-24, 8.63175783456e-24, 1.02284414946e-23, 8.02915172222e-24, 7.279378086e-24, 7.87248789075e-24, 8.63253091824e-24, 8.05447257956e-24, 9.80425678634e-24, 8.2162198307e-24, 8.48080141173e-24, 7.717833288e-24, 8.05604714593e-24],
        "var": [1.86732063412e-06, 1.07449523057e-06, 3.35252281047e-07, 4.91307218908e-07, 3.49149246404e-07, 3.02229580029e-07, 2.16299994804e-07, 1.51459502717e-07, 4.24744683869e-07, 4.85287273477e-07, 5.51117580017e-07, 2.10921584198e-07, 1.73197292952e-07, 8.7729908671e-08, 8.47422469974e-08, 3.90738890133e-08, 1.12487519743e-07, 9.47521456851e-08, 5.81999302085e-08, 5.50551391143e-08, 9.78449676836e-09, 3.27045213133e-09, 9.02887820065e-10, 2.30395436063e-09, 4.05417227567e-10, 5.48828760216e-11, 7.4332302466e-12, 1.56564396864e-11, 1.15029218789e-11, 6.31323032046e-12, 2.34723993714e-11, 8.12964973118e-12, 3.84123028524e-12, 4.53120353738e-12, 4.85875749356e-12, 3.87986257705e-12, 5.93637812518e-12, 7.79121905881e-12, 6.53331555522e-12, 1.15429705724e-11]
    },
    "mfcc": {
        "mean": [-692.231689453, 138.110122681, -2.70826220512, 6.76230335236, 11.1207685471, 1.87378275394, -2.09207177162, 13.9321184158, 0.496374756098, -0.682046711445, -1.34955072403, -3.52024769783, -2.99411535263],
        "cov": [[11289.4541016, -770.565307617, -965.921203613, -348.375183105, -224.235397339, 138.679931641, -175.211212158, 236.282958984, -165.679641724, 296.793548584, 248.998092651, -171.488677979, -204.563766479], [-770.565307617, 1449.70385742, -133.844512939, 0.773148477077, 76.8832168579, -18.8465480804, 85.6029510498, 35.7214736938, 41.2115516663, -23.6947021484, 4.05934810638, 23.5468444824, 2.54429221153], [-965.921203613, -133.844512939, 970.945129395, 261.853729248, 121.655830383, 87.9345550537, 61.8942375183, -24.0914421082, 61.6676483154, -56.08568573, 0.550339996815, 94.5697631836, 66.3463592529], [-348.375183105, 0.773148477077, 261.853729248, 481.27355957, 125.834327698, 18.0710926056, -11.1343126297, 2.90141940117, 86.9770736694, -44.768661499, -53.6568412781, 68.379776001, 72.8941116333], [-224.235397339, 76.8832168579, 121.655830383, 125.834327698, 333.05758667, 0.970659554005, -33.0801544189, 63.9176712036, 60.0946807861, 15.828207016, -5.18255090714, 8.93175125122, 46.1261177063], [138.679931641, -18.8465480804, 87.9345550537, 18.0710926056, 0.970659554005, 259.249938965, 138.1224823, 30.3926277161, 6.28907346725, 30.8642463684, 40.5839118958, 25.6147022247, -12.3165512085], [-175.211212158, 85.6029510498, 61.8942375183, -11.1343126297, -33.0801544189, 138.1224823, 280.579498291, 41.1819915771, -17.7408714294, 19.0567150116, 45.9705314636, 32.0436630249, -9.76932811737], [236.282958984, 35.7214736938, -24.0914421082, 2.90141940117, 63.9176712036, 30.3926277161, 41.1819915771, 175.473937988, 26.5367336273, 46.0551071167, 33.1780967712, -2.33157372475, 9.175989151], [-165.679641724, 41.2115516663, 61.6676483154, 86.9770736694, 60.0946807861, 6.28907346725, -17.7408714294, 26.5367336273, 160.772079468, 21.7356929779, -29.8182601929, 8.6107378006, 24.4942989349], [296.793548584, -23.6947021484, -56.08568573, -44.768661499, 15.828207016, 30.8642463684, 19.0567150116, 46.0551071167, 21.7356929779, 139.093963623, 54.487197876, -19.3794822693, -19.4794445038], [248.998092651, 4.05934810638, 0.550339996815, -53.6568412781, -5.18255090714, 40.5839118958, 45.9705314636, 33.1780967712, -29.8182601929, 54.487197876, 140.625259399, 16.5758247375, -17.1840610504], [-171.488677979, 23.5468444824, 94.5697631836, 68.379776001, 8.93175125122, 25.6147022247, 32.0436630249, -2.33157372475, 8.6107378006, -19.3794822693, 16.5758247375, 103.208152771, 36.42943573], [-204.563766479, 2.54429221153, 66.3463592529, 72.8941116333, 46.1261177063, -12.3165512085, -9.76932811737, 9.175989151, 24.4942989349, -19.4794445038, -17.1840610504, 36.42943573, 100.67010498]],
