{
"lowlevel": {
    "average_loudness": 0.884139716625,
    "barkbands_crest": {
        "dmean": 2.6078107357,
        "dmean2": 4.29403162003,
        "dvar": 5.6459312439,
        "dvar2": 14.6798295975,
        "max": 26.0209331512,
        "mean": 9.03221416473,
        "median": 8.23735809326,
        "min": 1.91513240337,
        "var": 15.3726034164
    },
    "barkbands_flatness_db": {
        "dmean": 0.0205270890146,
        "dmean2": 0.0315240472555,
        "dvar": 0.000382822501706,
        "dvar2": 0.000848880095873,
        "max": 0.461804687977,
        "mean": 0.0962656512856,
        "median": 0.0913416072726,
        "min": 0.0168940741569,
        "var": 0.00151839386672
    },
    "barkbands_kurtosis": {
        "dmean": 2.80691623688,
        "dmean2": 4.51752233505,
        "dvar": 197.664718628,
        "dvar2": 401.926147461,
        "max": 867.918151855,
        "mean": 3.39538431168,
        "median": 0.653323531151,
        "min": -1.8954911232,
        "var": 253.033477783
    },
    "barkbands_skewness": {
        "dmean": 0.537901580334,
        "dmean2": 0.844580173492,
        "dvar": 0.450864464045,
        "dvar2": 0.960919737816,
        "max": 24.5780353546,
        "mean": 1.27832913399,
        "median": 1.1034090519,
        "min": -5.05173397064,
        "var": 1.88140904903
    },
    "barkbands_spread": {
        "dmean": 8.05930423737,
        "dmean2": 12.7098207474,
        "dvar": 79.1783370972,
        "dvar2": 176.81451416,
        "max": 110.441520691,
        "mean": 31.1384162903,
        "median": 28.7818260193,
        "min": 0.356012791395,
        "var": 255.015625
    },
    "dissonance": {
        "dmean": 0.0153063340113,
        "dmean2": 0.0258729625493,
        "dvar": 0.000205333490157,
        "dvar2": 0.00057393492898,
        "max": 0.500000059605,
        "mean": 0.469872355461,
        "median": 0.473975479603,
        "min": 0.287471413612,
        "var": 0.000427478575148
    },
    "dynamic_complexity": 3.2290995121,
    "erbbands_crest": {
        "dmean": 2.64698243141,
        "dmean2": 4.33405637741,
        "dvar": 6.27158498764,
        "dvar2": 15.6756725311,
        "max": 31.5671272278,
        "mean": 8.72125339508,
        "median": 7.71614933014,
        "min": 2.09325838089,
        "var": 18.9898586273
    },
    "erbbands_flatness_db": {
        "dmean": 0.0182741675526,
        "dmean2": 0.0260534975678,
        "dvar": 0.000263797468506,
        "dvar2": 0.000511529273354,
        "max": 0.290253192186,
        "mean": 0.125208780169,
        "median": 0.121620431542,
        "min": 0.0422409623861,
        "var": 0.00131260720082
    },
    "erbbands_kurtosis": {
        "dmean": 0.838616788387,
        "dmean2": 1.34691417217,
        "dvar": 1.63400697708,
        "dvar2": 3.7899646759,
        "max": 31.1827011108,
        "mean": 0.307403922081,
        "median": -0.206220626831,
        "min": -1.82226014137,
        "var": 3.40501928329
    },
    "erbbands_skewness": {
        "dmean": 0.367028146982,
        "dmean2": 0.564258277416,
        "dvar": 0.120666094124,
        "dvar2": 0.266587942839,
        "max": 4.61738491058,
        "mean": 0.160570859909,
        "median": 0.128449976444,
        "min": -4.00729894638,
        "var": 0.604668796062
    },
    "erbbands_spread": {
        "dmean": 10.1876602173,
        "dmean2": 15.6025447845,
        "dvar": 127.523254395,
        "dvar2": 286.436553955,
        "max": 195.040786743,
        "mean": 45.8187065125,
        "median": 42.6673965454,
        "min": 4.90162420273,
        "var": 496.728302002
    },
    "hfc": {
        "dmean": 9.30280971527,
        "dmean2": 13.8083171844,
        "dvar": 161.364349365,
        "dvar2": 359.794799805,
        "max": 156.826507568,
        "mean": 28.2130622864,
        "median": 23.2358722687,
        "min": 1.0566821382e-16,
        "var": 479.552734375
    },
    "melbands_crest": {
        "dmean": 3.35500788689,
        "dmean2": 5.54467821121,
        "dvar": 8.63012599945,
        "dvar2": 23.1468334198,
        "max": 34.5367355347,
        "mean": 13.0185842514,
        "median": 12.3097877502,
        "min": 1.57750201225,
        "var": 24.5942401886
    },
    "melbands_flatness_db": {
        "dmean": 0.0246721468866,
        "dmean2": 0.0385004170239,
        "dvar": 0.000586274836678,
        "dvar2": 0.00134012813214,
        "max": 0.583131849766,
        "mean": 0.160060286522,
        "median": 0.154686480761,
        "min": 0.00319805624895,
        "var": 0.00318076647818
    },
    "melbands_kurtosis": {
        "dmean": 8.1946811676,
        "dmean2": 13.2771511078,
        "dvar": 832.763183594,
        "dvar2": 2008.7779541,
        "max": 1559.35205078,
        "mean": 14.4118480682,
        "median": 6.31298875809,
        "min": -1.87094342709,
        "var": 1368.75244141
    },
    "melbands_skewness": {
        "dmean": 0.755944728851,
        "dmean2": 1.1974697113,
        "dvar": 0.854349970818,
        "dvar2": 2.02707314491,
        "max": 25.0211791992,
        "mean": 2.587464571,
        "median": 2.29177284241,
        "min": -2.12427783012,
        "var": 3.59839582443
    },
    "melbands_spread": {
        "dmean": 9.08191585541,
        "dmean2": 14.3582115173,
        "dvar": 123.550849915,
        "dvar2": 274.476409912,
        "max": 246.729751587,
        "mean": 32.7582931519,
        "median": 28.0264968872,
        "min": 0.238586395979,
        "var": 578.646789551
    },
    "pitch_salience": {
        "dmean": 0.070664756,
        "dmean2": 0.116050042212,
        "dvar": 0.00411415752023,
        "dvar2": 0.0106025338173,
        "max": 0.931066274643,
        "mean": 0.563215970993,
        "median": 0.565790176392,
        "min": 0.0499399155378,
        "var": 0.0105750178918
    },
    "silence_rate_20dB": {
        "dmean": 0,
        "dmean2": 0,
        "dvar": 0,
        "dvar2": 0,
        "max": 1,
        "mean": 1,
        "median": 1,
        "min": 1,
        "var": 0
    },
    "silence_rate_30dB": {
        "dmean": 0,
        "dmean2": 0,
        "dvar": 0,
        "dvar2": 0,
        "max": 1,
        "mean": 1,
        "median": 1,
        "min": 1,
        "var": 0
    },
    "silence_rate_60dB": {
        "dmean": 0.00918255280703,
        "dmean2": 0.0183669403195,
        "dvar": 0.00909784808755,
        "dvar2": 0.0198247507215,
        "max": 1,
        "mean": 0.0773453116417,
        "median": 0,
        "min": 0,
        "var": 0.0713626891375
    },
    "spectral_centroid": {
        "dmean": 281.042449951,
        "dmean2": 440.653778076,
        "dvar": 108050.882812,
        "dvar2": 238673.59375,
        "max": 11618.1054688,
        "mean": 1628.21472168,
        "median": 1546.94384766,
        "min": 185.907562256,
        "var": 1465101.75
    },
    "spectral_complexity": {
        "dmean": 3.64367699623,
        "dmean2": 5.59812355042,
        "dvar": 17.1272106171,
        "dvar2": 32.3125801086,
        "max": 57,
        "mean": 20.6619758606,
        "median": 21,
        "min": 0,
        "var": 106.64402771
    },
    "spectral_decrease": {
        "dmean": 2.09548822738e-09,
        "dmean2": 3.56074414398e-09,
        "dvar": 8.17143272128e-18,
        "dvar2": 2.26171246874e-17,
        "max": 1.55320604633e-28,
        "mean": -6.30695407011e-09,
        "median": -5.98508353988e-09,
        "min": -3.00787093011e-08,
        "var": 1.415188403e-17
    },
    "spectral_energy": {
        "dmean": 0.0084613263607,
        "dmean2": 0.0142703643069,
        "dvar": 0.000128397819935,
        "dvar2": 0.000350778282154,
        "max": 0.116654627025,
        "mean": 0.02636285685,
        "median": 0.0251455195248,
        "min": 9.97594116685e-21,
        "var": 0.000236297579249
    },
    "spectral_energyband_high": {
        "dmean": 0.000730356667191,
        "dmean2": 0.00103158282582,
        "dvar": 1.24999098716e-06,
        "dvar2": 2.55866893895e-06,
        "max": 0.0206883568317,
        "mean": 0.00136214215308,
        "median": 0.000700200907886,
        "min": 6.99223930506e-21,
        "var": 3.0918486118e-06
    },
    "spectral_energyband_low": {
        "dmean": 0.0036461588461,
        "dmean2": 0.006376799196,
        "dvar": 4.47723614343e-05,
        "dvar2": 0.000129572043079,
        "max": 0.0732812583447,
        "mean": 0.00655188784003,
        "median": 0.00474718492478,
        "min": 8.36504317364e-24,
        "var": 4.6743753046e-05
    },
    "spectral_energyband_middle_high": {
        "dmean": 0.00195955741219,
        "dmean2": 0.00311128166504,
        "dvar": 8.50217929838e-06,
        "dvar2": 2.19190187636e-05,
        "max": 0.0543165355921,
        "mean": 0.006913008634,
        "median": 0.00422025751323,
        "min": 1.19046880562e-21,
        "var": 6.09479793638e-05
    },
    "spectral_energyband_middle_low": {
        "dmean": 0.00602978048846,
        "dmean2": 0.0101598873734,
        "dvar": 7.53150088713e-05,
        "dvar2": 0.000204322772333,
        "max": 0.100145891309,
        "mean": 0.0124574219808,
        "median": 0.00945289619267,
        "min": 1.36179997839e-22,
        "var": 0.000117266710731
    },
    "spectral_entropy": {
        "dmean": 0.167603641748,
        "dmean2": 0.240087911487,
        "dvar": 0.0283280611038,
        "dvar2": 0.054472848773,
        "max": 9.82524585724,
        "mean": 7.82693815231,
        "median": 7.79470252991,
        "min": 5.71400880814,
        "var": 0.163676023483
    },
    "spectral_flux": {
        "dmean": 0.023640261963,
        "dmean2": 0.036565925926,
        "dvar": 0.000732158427127,
        "dvar2": 0.00142741459422,
        "max": 0.289040625095,
        "mean": 0.0881051719189,
        "median": 0.0835144519806,
        "min": 6.41420458414e-11,
        "var": 0.00195219658781
    },
    "spectral_kurtosis": {
        "dmean": 1.02065873146,
        "dmean2": 1.57872116566,
        "dvar": 1.04850411415,
        "dvar2": 2.51987123489,
        "max": 14.6516342163,
        "mean": 3.46878194809,
        "median": 3.34324169159,
        "min": -1.26288175583,
        "var": 4.23309421539
    },
    "spectral_rms": {
        "dmean": 0.000754099339247,
        "dmean2": 0.00124349910766,
        "dvar": 7.99393262696e-07,
        "dvar2": 2.10026610148e-06,
        "max": 0.0106681482866,
        "mean": 0.00476253777742,
        "median": 0.00495300022885,
        "min": 3.11971564033e-12,
        "var": 3.03818660541e-06
    },
    "spectral_rolloff": {
        "dmean": 719.265686035,
        "dmean2": 1212.41723633,
        "dvar": 1667575.125,
        "dvar2": 3814590,
        "max": 19573.6816406,
        "mean": 2294.68554688,
        "median": 1830.32226562,
        "min": 64.599609375,
        "var": 7305228.5
    },
    "spectral_skewness": {
        "dmean": 0.163550660014,
        "dmean2": 0.250105947256,
        "dvar": 0.0244435854256,
        "dvar2": 0.0537672676146,
        "max": 3.41615819931,
        "mean": 1.49651741982,
        "median": 1.53371441364,
        "min": -0.125177532434,
        "var": 0.138858497143
    },
    "spectral_spread": {
        "dmean": 928592.1875,
        "dmean2": 1278734.125,
        "dvar": 1.20354124595e+12,
        "dvar2": 2.43148259328e+12,
        "max": 42382304,
        "mean": 6236709,
        "median": 5559820,
        "min": 1948211.875,
        "var": 1.75518085284e+13
    },
    "spectral_strongpeak": {
        "dmean": 0.686313331127,
        "dmean2": 1.17249345779,
        "dvar": 1.41920030117,
        "dvar2": 3.77500152588,
        "max": 16.2289810181,
        "mean": 1.19464206696,
        "median": 0.60969543457,
        "min": 0,
        "var": 2.69080924988
    },
    "zerocrossingrate": {
        "dmean": 0.0161855556071,
        "dmean2": 0.0188663341105,
        "dvar": 0.000271642580628,
        "dvar2": 0.000323775486322,
        "max": 0.5498046875,
        "mean": 0.0929710417986,
        "median": 0.07958984375,
        "min": 0.00390625,
        "var": 0.00418102135882
    },
    "barkbands": {
        "dmean": [0.00012291893654, 0.00165303307585, 0.00176337966695, 0.001888295752, 0.00312028452754, 0.00140102405567, 0.000564214366022, 0.000896536686923, 0.000556313025299, 0.000586992653552, 0.00041374983266, 0.00053561211098, 0.000291833450319, 0.000292548938887, 0.000416909548221, 0.000406192237278, 0.000380048586521, 0.000309862341965, 0.000185802244232, 9.05990527826e-05, 8.04085793789e-05, 0.000117280629638, 0.000110940738523, 0.000153067026986, 0.00021896295948, 0.000116422430438, 6.17891464572e-06],
        "dmean2": [0.000212183018448, 0.00268051144667, 0.00304253492504, 0.00342415389605, 0.00525212008506, 0.00223522423767, 0.000907638750505, 0.00148266006727, 0.000893608608749, 0.000941837730352, 0.000674621900544, 0.000858900835738, 0.000476207060274, 0.000484395597596, 0.000683295424096, 0.000659794721287, 0.000617491197772, 0.000500436581206, 0.000300672050798, 0.000142868986586, 0.000121874771139, 0.000175927576493, 0.000160003590281, 0.000227119060582, 0.000330643029884, 0.000171124775079, 9.39409073908e-06],
        "dvar": [7.94942280891e-08, 7.20747766536e-06, 1.61814296007e-05, 2.56305302173e-05, 2.50391240115e-05, 5.27024667463e-06, 1.49824791151e-06, 2.83479084828e-06, 1.46174920701e-06, 1.64416985626e-06, 1.5128546238e-06, 2.24885639e-06, 4.21381088245e-07, 4.77036905977e-07, 8.11183838323e-07, 1.13677015179e-06, 6.71668146879e-07, 5.23290282217e-07, 1.21994162328e-07, 2.1076157708e-08, 2.34675212596e-08, 6.50418741088e-08, 4.4321740944e-08, 7.85845557516e-08, 1.27996159449e-07, 2.91887012338e-08, 1.27368254832e-10],
        "dvar2": [2.24805987159e-07, 1.99278401851e-05, 4.35696711065e-05, 7.26811267668e-05, 6.64020408294e-05, 1.24074831547e-05, 3.70061547983e-06, 7.6260894275e-06, 3.56154237124e-06, 4.15365548179e-06, 4.02217210649e-06, 5.54852704227e-06, 1.1098242112e-06, 1.28689123358e-06, 2.20766128223e-06, 3.07047866954e-06, 1.68979477166e-06, 1.23594656998e-06, 2.98904893725e-07, 4.95216099239e-08, 5.1653376687e-08, 1.3743134275e-07, 8.36613267552e-08, 1.70005250766e-07, 2.89168553991e-07, 6.48610125609e-08, 2.74472222728e-10],
        "max": [0.00901725050062, 0.0318927243352, 0.0476333200932, 0.0643676966429, 0.0530209615827, 0.0400260053575, 0.0377888642251, 0.0248403381556, 0.0292334258556, 0.0301480293274, 0.0309766456485, 0.0355827882886, 0.0202015880495, 0.0246113575995, 0.0250135064125, 0.0282757822424, 0.0183541495353, 0.0216773748398, 0.0086894063279, 0.00279188761488, 0.0025136093609, 0.00781866256148, 0.00523211061954, 0.0059367143549, 0.00335477245972, 0.00396099407226, 0.000111457309686],
        "mean": [0.000172735366505, 0.00335547653958, 0.00223317067139, 0.00168001174461, 0.00491884443909, 0.00251388829201, 0.000958660442848, 0.0013377541909, 0.000804515962955, 0.00094708398683, 0.000672758149449, 0.000877360464074, 0.000489291909616, 0.000545655901078, 0.000813235586975, 0.000794349529315, 0.000761965522543, 0.000634084513877, 0.000379321747459, 0.000201608869247, 0.000147162223584, 0.000217780616367, 0.000227386131883, 0.000269583135378, 0.000262578949332, 0.000140452219057, 6.18146395936e-06],
        "median": [0.000104970080429, 0.00254561705515, 0.00109405000694, 0.000500415218994, 0.00227818032727, 0.00122492783703, 0.000485250813654, 0.000509181874804, 0.000259783526417, 0.000275881262496, 0.000165832141647, 0.000179192895303, 0.000183541924343, 0.000187134166481, 0.00033497728873, 0.000260948436335, 0.00037020992022, 0.000266234070295, 0.000231125450227, 0.00012405088637, 8.75847472344e-05, 0.000106137405965, 9.74895665422e-05, 0.000111483954242, 8.73896060511e-05, 5.85398702242e-05, 9.37290906222e-07],
        "min": [3.20747762575e-25, 4.05222464224e-24, 4.75107602514e-25, 9.88149849631e-25, 8.39532044404e-24, 7.67588482051e-24, 8.10119128895e-24, 5.59886927732e-24, 1.00005395791e-23, 1.51628989854e-23, 1.32732347517e-23, 2.66184104626e-23, 1.95839642213e-23, 3.29582993867e-23, 5.70177050261e-23, 5.87650634856e-23, 5.0226713882e-23, 7.9579265755e-23, 1.20485502845e-22, 1.71634764312e-22, 2.33326577487e-22, 2.89984511453e-22, 3.98953919881e-22, 6.01042438557e-22, 8.46703165531e-22, 1.25241647479e-21, 1.88435822897e-21],
        "var": [7.87816887282e-08, 1.06931402115e-05, 1.41059690577e-05, 1.74479991983e-05, 4.3193656893e-05, 1.40399688462e-05, 3.27062616634e-06, 4.87742272526e-06, 2.69791553364e-06, 4.13121824749e-06, 4.31925536759e-06, 5.81773838348e-06, 1.07193375243e-06, 2.01845159609e-06, 2.73053365163e-06, 3.2124144127e-06, 1.74089745997e-06, 1.39434757784e-06, 2.82571136268e-07, 5.52455361458e-08, 4.1197544931e-08, 1.64611606124e-07, 1.60251900638e-07, 2.03118986519e-07, 1.72512613972e-07, 4.20644568067e-08, 1.47895487523e-10]
    },
    "erbbands": {
        "dmean": [0.0443935245275, 0.408020824194, 1.60595285892, 4.58789634705, 7.39035844803, 11.6810731888, 16.2198734283, 7.90224981308, 8.33170986176, 9.48779773712, 22.8160686493, 11.1852560043, 11.5472373962, 19.3877429962, 17.7634735107, 22.0249519348, 14.2561569214, 14.5807609558, 18.0598278046, 20.2559871674, 19.4334354401, 17.6918048859, 15.243180275, 12.4365501404, 6.83485984802, 4.44373130798, 2.98812675476, 3.54368114471, 4.12620735168, 4.18809652328, 3.04060077667, 3.22338008881, 2.66752672195, 2.00339126587, 1.64531803131, 0.649621546268, 0.20529936254, 0.0364533439279, 0.000757829286158, 3.2672774978e-05],
        "dmean2": [0.0714403986931, 0.659764647484, 2.75513243675, 8.31567287445, 12.9537639618, 19.6450843811, 25.9785614014, 12.7115774155, 13.175122261, 15.5080041885, 37.605758667, 17.9113330841, 18.3526058197, 31.4646110535, 28.8120536804, 35.3063468933, 23.0882225037, 24.0878047943, 29.6586551666, 32.9053649902, 31.3058872223, 28.7874660492, 24.5159187317, 20.1030330658, 11.0474977493, 7.01104879379, 4.61329030991, 5.31580018997, 6.27336406708, 6.23810958862, 4.43855857849, 4.791867733, 4.0340256691, 3.01245450974, 2.48433089256, 0.966182768345, 0.306044846773, 0.0546742975712, 0.00113241036888, 4.8987865739e-05],
        "dvar": [0.00502601824701, 0.45079305768, 10.4129924774, 156.875717163, 237.504318237, 415.520599365, 748.370361328, 205.289413452, 322.430969238, 321.905334473, 2295.52124023, 466.434783936, 873.585388184, 2043.92492676, 3691.46899414, 3566.92456055, 999.16619873, 1235.50744629, 1906.17150879, 1844.14196777, 2076.20898438, 1559.28869629, 1139.16186523, 582.011230469, 130.873199463, 51.0652351379, 28.4496994019, 51.6429519653, 91.7615966797, 66.3003768921, 35.3636016846, 34.0800933838, 23.3329391479, 10.3126878738, 8.84875011444, 1.18277716637, 0.0859380662441, 0.00265136966482, 1.2095844113e-06, 1.82371528989e-09],
        "dvar2": [0.0137938661501, 1.23721289635, 28.0056018829, 441.188110352, 648.268127441, 1073.14099121, 1828.36669922, 491.408874512, 806.741210938, 839.526977539, 6174.20751953, 1130.99707031, 2221.08447266, 5229.30029297, 10259.5419922, 8964.42089844, 2715.65307617, 3344.20117188, 5057.74902344, 4978.64501953, 5102.53222656, 3918.46557617, 2731.90844727, 1465.72583008, 336.775360107, 121.128990173, 65.6637878418, 111.080856323, 201.237411499, 133.310577393, 69.3031463623, 70.5598831177, 53.3461265564, 23.4301929474, 19.7908859253, 2.68721723557, 0.195832058787, 0.00571572920308, 2.54166661762e-06, 4.00684418977e-09],
        "max": [0.772519767284, 7.69255161285, 46.0431671143, 135.21244812, 241.689849854, 278.300689697, 522.857543945, 419.06237793, 523.08807373, 428.408691406, 916.205627441, 575.58807373, 937.010070801, 1269.09667969, 1790.98999023, 1579.94311523, 1003.27423096, 1207.29882812, 1434.67822266, 1050.3079834, 1096.39135742, 999.530334473, 1252.93798828, 630.322814941, 226.62387085, 148.630157471, 148.567749023, 152.307266235, 319.910919189, 201.416824341, 165.624908447, 141.475906372, 86.1568527222, 44.9541282654, 32.5364227295, 24.2681083679, 4.35106611252, 0.531899869442, 0.0130136776716, 0.000493245548569],
        "mean": [0.0913560539484, 0.771922945976, 2.44802117348, 4.39700698853, 8.70318031311, 17.4031887054, 28.9420070648, 14.4351081848, 15.1793775558, 15.5677595139, 34.7202835083, 17.9704399109, 19.2237987518, 32.7288780212, 32.7722930908, 38.3410568237, 26.330242157, 29.3488235474, 35.0575065613, 44.1579742432, 40.9492721558, 40.1565971375, 35.1164245605, 27.6017971039, 15.1282682419, 9.99742794037, 5.88893938065, 6.39293813705, 7.33262872696, 8.03083896637, 6.28174448013, 6.09663152695, 4.11361551285, 2.64253854752, 1.89198374748, 0.721274018288, 0.247057303786, 0.043205305934, 0.000897356017958, 6.39516365482e-05],
        "median": [0.0689143016934, 0.546390533447, 1.35721468925, 1.6806435585, 2.96006441116, 7.16426229477, 11.0479869843, 8.26601886749, 7.79833698273, 8.98494911194, 9.9627161026, 7.41608047485, 7.25684690475, 8.95920276642, 8.29401779175, 10.0829668045, 10.8319377899, 10.864025116, 14.2100524902, 18.6983337402, 15.8150005341, 18.9688339233, 16.276260376, 14.4500331879, 9.81776046753, 6.51743984222, 3.90009784698, 3.50830030441, 3.29098320007, 3.46364235878, 2.57380580902, 2.62722730637, 1.55143880844, 0.958053529263, 0.532529711723, 0.213128015399, 0.104005783796, 0.0169711187482, 0.000347924302332, 4.85518103233e-05],
        "min": [7.24567605486e-23, 5.3610810414e-22, 9.42229096712e-22, 5.34190573868e-21, 8.16605140733e-21, 2.01679654973e-20, 3.12724031629e-20, 8.82155746922e-20, 1.16300805718e-19, 1.74465858722e-19, 1.7169970213e-19, 2.67273222854e-19, 4.58789626296e-19, 8.42586644667e-19, 9.08153426113e-19, 1.07094391483e-18, 1.09476930141e-18, 1.65745498399e-18, 1.67859099961e-18, 3.59196067248e-18, 3.96210910735e-18, 3.05469445692e-18, 4.57678577976e-18, 6.19657457758e-18, 7.06926832179e-18, 7.33246313064e-18, 7.90141780829e-18, 1.04583199357e-17, 1.10562987266e-17, 1.04872869735e-17, 1.19171017495e-17, 9.98125675225e-18, 1.01862742943e-17, 7.88936082368e-18, 6.31796912273e-18, 4.52131091198e-18, 2.12069690994e-18, 9.60311920023e-19, 2.36869423958e-19, 2.75132194768e-20],
        "var": [0.00805198494345, 0.660940289497, 11.3005619049, 103.517074585, 265.456115723, 709.120849609, 2037.8614502, 461.085144043, 753.245788574, 544.663452148, 4142.33691406, 993.311401367, 2042.76013184, 5511.83300781, 10999.7558594, 9889.54589844, 2730.68725586, 5335.89306641, 5617.92236328, 6451.74951172, 5412.43652344, 4886.13476562, 3986.59399414, 2120.92822266, 279.938659668, 130.36630249, 48.1554336548, 99.8992385864, 205.238616943, 209.473052979, 120.641891479, 101.40763855, 48.13539505, 16.5613174438, 11.1583833694, 1.55795645714, 0.119904279709, 0.00359956710599, 1.61498121543e-06, 2.73028288866e-09]
    },
    "gfcc": {
        "mean": [9.41945934296, 63.3678207397, -102.012115479, 31.3482246399, -51.7739868164, 16.5284633636, -48.2524833679, 16.0222549438, -25.3992366791, 5.55243301392, -16.8856468201, 7.81632041931, -13.0458087921],
        "cov": [[28516.1230469, 913.111694336, -1459.89367676, 415.713623047, -884.414611816, 250.173065186, -922.098327637, 270.921508789, -524.678588867, 141.019561768, -397.970153809, 256.841339111, -375.89074707], [913.111694336, 737.417053223, -258.992950439, 39.9622306824, 50.5085105896, -40.0337257385, -14.4770469666, -11.1521129608, 5.72161960602, -21.6222686768, 62.7862739563, -13.9589948654, 44.7874336243], [-1459.89367676, -258.992950439, 942.058776855, 46.1669883728, -25.6053752899, -51.7592849731, -15.2474222183, -68.0143737793, -29.1322612762, 1.21601724625, -35.5000305176, 1.75632119179, -30.3577232361], [415.713623047, 39.9622306824, 46.1669883728, 275.300292969, -25.8597221375, 13.7957925797, -63.1008453369, -8.44593334198, 28.5993022919, -5.25119876862, 9.7937002182, -2.83698630333, -11.9897451401], [-884.414611816, 50.5085105896, -25.6053752899, -25.8597221375, 236.254318237, -25.203168869, 63.0860748291, 15.5947217941, 25.3374099731, 15.3798675537, 16.1271247864, -9.09617233276, -3.82229399681], [250.173065186, -40.0337257385, -51.7592849731, 13.7957925797, -25.203168869, 186.471801758, 40.8988685608, -1.93079006672, -19.1754703522, 5.31547451019, -0.561717092991, -11.887547493, 11.4242858887], [-922.098327637, -14.4770469666, -15.2474222183, -63.1008453369, 63.0860748291, 40.8988685608, 167.069992065, 18.1810741425, 24.7159996033, 19.8424949646, 15.7024593353, -6.55679655075, 12.6009969711], [270.921508789, -11.1521129608, -68.0143737793, -8.44593334198, 15.5947217941, -1.93079006672, 18.1810741425, 112.296073914, 29.5589466095, 12.2774763107, 0.416189283133, 4.84278059006, 0.857973337173], [-524.678588867, 5.72161960602, -29.1322612762, 28.5993022919, 25.3374099731, -19.1754703522, 24.7159996033, 29.5589466095, 112.449630737, 22.8498744965, 27.8864822388, 1.21502196789, 2.44515347481], [141.019561768, -21.6222686768, 1.21601724625, -5.25119876862, 15.3798675537, 5.31547451019, 19.8424949646, 12.2774763107, 22.8498744965, 87.0631256104, 17.886177063, 3.39856028557, -9.41821479797], [-397.970153809, 62.7862739563, -35.5000305176, 9.7937002182, 16.1271247864, -0.561717092991, 15.7024593353, 0.416189283133, 27.8864822388, 17.886177063, 97.5716323853, 29.3726634979, 22.4215621948], [256.841339111, -13.9589948654, 1.75632119179, -2.83698630333, -9.09617233276, -11.887547493, -6.55679655075, 4.84278059006, 1.21502196789, 3.39856028557, 29.3726634979, 71.1457290649, 18.4804153442], [-375.89074707, 44.7874336243, -30.3577232361, -11.9897451401, -3.82229399681, 11.4242858887, 12.6009969711, 0.857973337173, 2.44515347481, -9.41821479797, 22.4215621948, 18.4804153442, 75.1663284302]],
        "icov": [[0.000120181779494, -0.000254266953561, 0.000158997587278, -9.53970011324e-05, 0.000304315733956, -0.000263377005467, 0.000451232859632, -0.000383182632504, 0.000459299975773, -0.000494076346513, 0.000652796763461, -0.000871903495863, 0.000728532264475], [-0.000254266953561, 0.00234526302665, 0.000166720317793, -0.000206369644729, -0.000956485397182, 0.00121949065942, -0.000863599940203, 0.00110754987691, -0.000506180105731, 0.0013943456579, -0.00259130750783, 0.00295301969163, -0.00249826908112], [0.000158997587278, 0.000166720317793, 0.00153695163317, -0.000537939951755, 0.000449578743428, 0.000278890278423, 0.000292527605779, 0.000285757501842, 0.000973705260549, -0.000782964925747, 0.00101243366953, -0.00114851363469, 0.00100946798921], [-9.53970011324e-05, -0.000206369644729, -0.000537939951755, 0.00467670382932, -0.000185610057088, -0.00106780347414, 0.00180296378676, 0.000450391147751, -0.00236428971402, 0.000838393752929, -0.000964534177911, 0.000756667926908, 0.000303722335957], [0.000304315733956, -0.000956485397182, 0.000449578743428, -0.000185610057088, 0.00588245131075, 0.000400404154789, -0.000915773794986, -0.00125524401665, 0.000904029933736, -0.00157328054775, 0.00114984309766, -0.00153834267985, 0.0024585139472], [-0.000263377005467, 0.00121949065942, 0.000278890278423, -0.00106780347414, 0.000400404154789, 0.00747341290116, -0.0034961476922, 0.00100912468042, 0.00115616398398, 0.000424284167821, -0.00192324549425, 0.00356456986628, -0.00292946887203], [0.000451232859632, -0.000863599940203, 0.000292527605779, 0.00180296378676, -0.000915773794986, -0.0034961476922, 0.0105091724545, -0.00206019845791, -0.000287796283374, -0.00255522248335, 0.00162729446311, -0.0023114962969, 0.00169545877725], [-0.000383182632504, 0.00110754987691, 0.000285757501842, 0.000450391147751, -0.00125524401665, 0.00100912468042, -0.00206019845791, 0.011589050293, -0.0039856848307, 0.000779104535468, -0.000651646929327, 0.00155200145673, -0.00235292036086], [0.000459299975773, -0.000506180105731, 0.000973705260549, -0.00236428971402, 0.000904029933736, 0.00115616398398, -0.000287796283374, -0.0039856848307, 0.013909955509, -0.0038573697675, -0.000549784686882, -0.00172819127329, 0.00223166169599], [-0.000494076346513, 0.0013943456579, -0.000782964925747, 0.000838393752929, -0.00157328054775, 0.000424284167821, -0.00255522248335, 0.000779104535468, -0.0038573697675, 0.0153283579275, -0.00521174492314, 0.00328458053991, -0.000415916350903], [0.000652796763461, -0.00259130750783, 0.00101243366953, -0.000964534177911, 0.00114984309766, -0.00192324549425, 0.00162729446311, -0.000651646929327, -0.000549784686882, -0.00521174492314, 0.0185551401228, -0.0107307992876, 0.00161724840291], [-0.000871903495863, 0.00295301969163, -0.00114851363469, 0.000756667926908, -0.00153834267985, 0.00356456986628, -0.0023114962969, 0.00155200145673, -0.00172819127329, 0.00328458053991, -0.0107307992876, 0.0245851911604, -0.00908894184977], [0.000728532264475, -0.00249826908112, 0.00100946798921, 0.000303722335957, 0.0024585139472, -0.00292946887203, 0.00169545877725, -0.00235292036086, 0.00223166169599, -0.000415916350903, 0.00161724840291, -0.00908894184977, 0.0208321604878]]
    },
    "melbands": {
        "dmean": [0.000415623915615, 0.000701401149854, 0.000846253300551, 0.000660471559968, 0.000550740165636, 0.00019792940293, 0.000122874858789, 0.000109557644464, 0.00019471203268, 6.26536711934e-05, 5.91691423324e-05, 8.10971250758e-05, 5.45923321624e-05, 6.62228412693e-05, 4.50631450803e-05, 2.37561253016e-05, 3.05997637042e-05, 2.80074273178e-05, 3.04491386487e-05, 3.17364647344e-05, 2.26713145821e-05, 2.06368968065e-05, 2.07779849006e-05, 1.32134018713e-05, 1.09871580207e-05, 6.19473621555e-06, 4.04751699534e-06, 2.99513499158e-06, 1.98783936867e-06, 1.95938787328e-06, 2.33547302741e-06, 2.61371474153e-06, 2.25929829867e-06, 2.42340593104e-06, 1.81619054729e-06, 1.89177171706e-06, 2.2100825845e-06, 2.00691442842e-06, 1.91782396541e-06, 1.6244617882e-06],
        "dmean2": [0.000673678063322, 0.00120185303967, 0.00151257612742, 0.00113219406921, 0.000888472073711, 0.000316168938298, 0.000194264648599, 0.000179119146196, 0.000319913699059, 0.000100232369732, 9.40045356401e-05, 0.000131360531668, 8.83071916178e-05, 0.000104875427496, 7.26302241674e-05, 3.84780651075e-05, 5.07776603627e-05, 4.59977018181e-05, 4.97744622407e-05, 5.18124470545e-05, 3.6585424823e-05, 3.33930329361e-05, 3.36796765623e-05, 2.15177369682e-05, 1.7797565306e-05, 1.02583908301e-05, 6.48921195534e-06, 4.76122431792e-06, 3.13505370286e-06, 3.06169977193e-06, 3.59259433935e-06, 4.11226437791e-06, 3.3775133943e-06, 3.68613677892e-06, 2.74121066468e-06, 2.80747008219e-06, 3.35155709763e-06, 3.06546621687e-06, 2.98268400911e-06, 2.44630541602e-06],
        "dvar": [4.47243508006e-07, 1.58696786912e-06, 4.58559497929e-06, 1.41947805332e-06, 7.90039678122e-07, 1.12109546535e-07, 7.01186948504e-08, 4.09592608719e-08, 1.78046647648e-07, 1.57056181394e-08, 2.27137633146e-08, 3.68046357835e-08, 2.87467933902e-08, 3.55710483291e-08, 1.36374032067e-08, 2.32296959446e-09, 6.02946181871e-09, 4.48597647917e-09, 4.34496216783e-09, 8.27662471892e-09, 2.74736011718e-09, 2.48723486251e-09, 2.63883337404e-09, 6.63210653062e-10, 4.78916128976e-10, 1.27125060478e-10, 4.37376350415e-11, 2.37174360013e-11, 1.22336706737e-11, 1.47293253983e-11, 2.20079440783e-11, 4.25881795107e-11, 2.39868055973e-11, 2.31937056366e-11, 1.43371868197e-11, 1.31928860198e-11, 1.74155030674e-11, 1.72385109659e-11, 1.05879272363e-11, 7.2692676531e-12],
        "dvar2": [1.2316121456e-06, 4.41898464487e-06, 1.2793237147e-05, 3.77629726245e-06, 1.97502845367e-06, 2.66741864152e-07, 1.73426769834e-07, 1.0714448706e-07, 4.75808491274e-07, 3.74250994639e-08, 5.71746809896e-08, 9.46462463958e-08, 7.91591006077e-08, 8.65095302061e-08, 3.55663978269e-08, 6.05330630066e-09, 1.63722422286e-08, 1.12889431136e-08, 1.17015233059e-08, 2.32277077572e-08, 6.6694645362e-09, 6.4169420888e-09, 6.67303945434e-09, 1.61737556681e-09, 1.18717158326e-09, 3.40684036537e-10, 1.06894500196e-10, 5.75580971773e-11, 2.94180201033e-11, 3.42090106242e-11, 4.86454938831e-11, 1.01731539859e-10, 4.89756846189e-11, 4.90534869668e-11, 3.07400285782e-11, 2.7026287458e-11, 3.89825845215e-11, 4.06699014743e-11, 2.5694323405e-11, 1.67359372888e-11],
        "max": [0.00766902277246, 0.0174281168729, 0.0240853559226, 0.0146707389504, 0.0149211389944, 0.00866696238518, 0.00840656831861, 0.00553049566224, 0.0094051444903, 0.00320892990567, 0.0046470859088, 0.00530321802944, 0.00449841655791, 0.00453419657424, 0.00418176827952, 0.00132845062762, 0.00264132022858, 0.00211370154284, 0.00195979862474, 0.00274818297476, 0.00160234433133, 0.00137537065893, 0.00171411561314, 0.000853525183629, 0.000611415249296, 0.000234949577134, 0.00013057711476, 0.000115632909001, 0.000109686880023, 6.03957851126e-05, 0.000102861791675, 0.000230305377045, 0.000129377629492, 0.000136541697429, 0.000114482383651, 7.87229000707e-05, 9.9011376733e-05, 7.76271626819e-05, 4.64197837573e-05, 4.04435995733e-05],
        "mean": [0.000864180270582, 0.00122386170551, 0.000881863525137, 0.000904012063984, 0.00100123905577, 0.000361449696356, 0.00022243798594, 0.0001747590577, 0.000296211568639, 9.59605895332e-05, 9.48791930568e-05, 0.000132804663735, 9.55035211518e-05, 0.000109518536192, 7.87981553003e-05, 4.21664153691e-05, 5.70525553485e-05, 4.94845371577e-05, 5.97604266659e-05, 6.40357538941e-05, 4.36083064415e-05, 4.10982502217e-05, 4.20077340095e-05, 2.63986585196e-05, 2.23770330194e-05, 1.17462168419e-05, 8.52426182973e-06, 6.09912603977e-06, 3.634991117e-06, 3.28595820065e-06, 3.93409072785e-06, 4.20893229602e-06, 4.14044006902e-06, 4.4458706725e-06, 3.54728717866e-06, 3.57466183232e-06, 3.82428106604e-06, 3.0290432278e-06, 2.52691779679e-06, 2.06991376217e-06],
        "median": [0.000657815136947, 0.000787667115219, 0.000346502987668, 0.000360170961358, 0.000411825312767, 0.000197824352654, 0.000112251436803, 9.59204044193e-05, 7.61907722335e-05, 3.82337311748e-05, 3.1567447877e-05, 3.18344536936e-05, 2.43710564973e-05, 2.21280606638e-05, 2.8777627449e-05, 1.77029342012e-05, 1.89900583791e-05, 1.90985483641e-05, 2.37193835346e-05, 2.17293854803e-05, 1.67390207935e-05, 1.78217887878e-05, 1.80970037036e-05, 1.22222372738e-05, 1.08576878119e-05, 7.55800465413e-06, 5.13087070431e-06, 3.82172902391e-06, 2.37347785514e-06, 1.80583924703e-06, 2.13132170757e-06, 1.7913987449e-06, 1.91300159713e-06, 1.82277960903e-06, 1.40216354794e-06, 1.3996124153e-06, 1.56746659741e-06, 1.04830951386e-06, 9.31837348617e-07, 7.14153316039e-07],
        "min": [1.37223646223e-24, 4.25105654037e-25, 1.16384396437e-24, 7.14974220686e-25, 1.19402233133e-24, 1.87274987254e-24, 2.00293578494e-24, 1.5795216952e-24, 9.39984960986e-25, 1.45612294481e-24, 1.68717823319e-24, 2.8948544649e-24, 2.52514553255e-24, 3.11154134214e-24, 2.08517966191e-24, 3.07254617266e-24, 2.58985973691e-24, 1.98160183062e-24, 4.52510967846e-24, 3.32859937844e-24, 3.98041739505e-24, 2.70076431107e-24, 2.49060545503e-24, 4.13980595209e-24, 3.33662051613e-24, 4.61192421551e-24, 3.98483817157e-24, 3.40895590569e-24, 4.62844809046e-24, 4.47067630385e-24, 4.78370301636e-24, 6.11421475177e-24, 4.55741471582e-24, 5.37575653636e-24, 5.77052264929e-24, 5.80030017631e-24, 4.41517638929e-24, 6.71248607342e-24, 5.34591432275e-24, 6.11916248736e-24],
        "var": [6.88404782068e-07, 1.98629663828e-06, 3.35018967235e-06, 1.95552070181e-06, 2.0742468223e-06, 2.75146845752e-07, 1.6831674543e-07, 7.03721525497e-08, 3.26209402601e-07, 3.1486376173e-08, 5.35652908695e-08, 9.97613867071e-08, 9.00577674656e-08, 8.97373766406e-08, 3.76576778649e-08, 6.58845511481e-09, 2.49350673442e-08, 1.1863583893e-08, 1.48480019391e-08, 2.41472122298e-08, 6.09798300744e-09, 6.21895068775e-09, 8.14432965512e-09, 1.8172433558e-09, 1.68933034228e-09, 2.00953892415e-10, 1.04253987387e-10, 5.45560437104e-11, 1.88696246128e-11, 2.32574914188e-11, 4.14448995956e-11, 7.4609658729e-11, 6.62649171645e-11, 6.85086778973e-11, 4.3423313556e-11, 3.72482253375e-11, 4.369793416e-11, 3.17428548724e-11, 1.55731486734e-11, 1.10539207995e-11]
    },
    "mfcc": {
        "mean": [-629.025634766, 98.4140777588, 6.52346944809, 18.8592414856, 16.6990756989, 0.442383140326, -3.06150579453, 4.58237457275, -2.73749375343, -0.0572191812098, -0.786175131798, -0.895439207554, 0.133404016495],
        "cov": [[11694.1308594, 1178.02026367, -179.131378174, 114.792869568, 146.512130737, -12.2788248062, -186.451400757, 53.9877090454, -119.38369751, -87.4158859253, -0.172335267067, 52.7567977905, -32.1602096558], [1178.02026367, 805.31072998, -140.808883667, 71.0816574097, 63.0262565613, -39.2578125, 32.0430603027, -17.7339630127, -10.2148370743, -12.8410997391, -11.5541362762, 4.98594474792, 13.8301649094], [-179.131378174, -140.808883667, 714.441467285, 75.1342315674, 23.282623291, 29.4310379028, -32.7377738953, -34.7617530823, -36.4385414124, -39.8332748413, -23.4382724762, -24.061958313, -49.7328720093], [114.792869568, 71.0816574097, 75.1342315674, 233.497375488, 75.5836029053, -21.4429779053, -46.4703598022, -7.46173667908, -11.4855718613, -7.91750526428, 12.333609581, 25.907989502, 4.01089191437], [146.512130737, 63.0262565613, 23.282623291, 75.5836029053, 148.359588623, -4.25595140457, -15.7052774429, 0.917325139046, -7.97978544235, -6.74794006348, -0.403555959463, 15.5722007751, -5.83911371231], [-12.2788248062, -39.2578125, 29.4310379028, -21.4429779053, -4.25595140457, 146.665039062, 40.1576461792, -3.49363327026, 1.30458474159, 7.91155767441, 7.787733078, -12.4561243057, 8.13366413116], [-186.451400757, 32.0430603027, -32.7377738953, -46.4703598022, -15.7052774429, 40.1576461792, 123.70526123, 10.9703474045, 19.7174034119, 4.49202394485, 5.6097240448, -12.0753250122, 3.8123562336], [53.9877090454, -17.7339630127, -34.7617530823, -7.46173667908, 0.917325139046, -3.49363327026, 10.9703474045, 87.5366897583, 15.463599205, 6.71159553528, -3.69821763039, 7.91641044617, 7.01015424728], [-119.38369751, -10.2148370743, -36.4385414124, -11.4855718613, -7.97978544235, 1.30458474159, 19.7174034119, 15.463599205, 92.5215682983, 26.1013393402, 8.41106033325, -2.7364385128, 2.1854364872], [-87.4158859253, -12.8410997391, -39.8332748413, -7.91750526428, -6.74794006348, 7.91155767441, 4.49202394485, 6.71159553528, 26.1013393402, 79.7585983276, 26.1068153381, 2.03662443161, 4.35785913467], [-0.172335267067, -11.5541362762, -23.4382724762, 12.333609581, -0.403555959463, 7.787733078, 5.6097240448, -3.69821763039, 8.41106033325, 26.1068153381, 78.4550628662, 23.4932289124, 10.9192152023], [52.7567977905, 4.98594474792, -24.061958313, 25.907989502, 15.5722007751, -12.4561243057, -12.0753250122, 7.91641044617, -2.7364385128, 2.03662443161, 23.4932289124, 85.0510635376, 24.5647277832], [-32.1602096558, 13.8301649094, -49.7328720093, 4.01089191437, -5.83911371231, 8.13366413116, 3.8123562336, 7.01015424728, 2.1854364872, 4.35785913467, 10.9192152023, 24.5647277832, 67.6733016968]],
