{
"lowlevel": {
    "average_loudness": 0.842963516712,
    "barkbands_crest": {
        "dmean": 2.07344222069,
        "dmean2": 3.29692006111,
        "dvar": 3.85813069344,
        "dvar2": 9.40755462646,
        "max": 24.3868713379,
        "mean": 9.20103931427,
        "median": 8.60602092743,
        "min": 2.45521140099,
        "var": 11.4961633682
    },
    "barkbands_flatness_db": {
        "dmean": 0.0160317420959,
        "dmean2": 0.023581571877,
        "dvar": 0.000253164122114,
        "dvar2": 0.000520316883922,
        "max": 0.303441613913,
        "mean": 0.107959277928,
        "median": 0.102286227047,
        "min": 0.0209645107388,
        "var": 0.00151498126797
    },
    "barkbands_kurtosis": {
        "dmean": 1.5595253706,
        "dmean2": 2.41659116745,
        "dvar": 7.19866275787,
        "dvar2": 16.5236492157,
        "max": 70.0308609009,
        "mean": 2.06798386574,
        "median": 0.746046543121,
        "min": -1.93258333206,
        "var": 19.6466464996
    },
    "barkbands_skewness": {
        "dmean": 0.391807287931,
        "dmean2": 0.584057092667,
        "dvar": 0.196688652039,
        "dvar2": 0.426731228828,
        "max": 7.03471374512,
        "mean": 1.15149283409,
        "median": 1.08226776123,
        "min": -4.10967922211,
        "var": 0.935758173466
    },
    "barkbands_spread": {
        "dmean": 6.08897781372,
        "dmean2": 8.92368125916,
        "dvar": 60.7801094055,
        "dvar2": 112.301017761,
        "max": 115.298843384,
        "mean": 30.0648593903,
        "median": 27.1451759338,
        "min": 1.41803693771,
        "var": 278.408630371
    },
    "dissonance": {
        "dmean": 0.0162433106452,
        "dmean2": 0.0268830303103,
        "dvar": 0.000272731849691,
        "dvar2": 0.000708244217094,
        "max": 0.5,
        "mean": 0.466109007597,
        "median": 0.473295331001,
        "min": 0.259575992823,
        "var": 0.00072614045348
    },
    "dynamic_complexity": 2.94034290314,
    "erbbands_crest": {
        "dmean": 2.55813288689,
        "dmean2": 4.01581525803,
        "dvar": 6.30009031296,
        "dvar2": 14.3912611008,
        "max": 30.1321163177,
        "mean": 9.51922607422,
        "median": 8.28811264038,
        "min": 2.22534704208,
        "var": 24.2292766571
    },
    "erbbands_flatness_db": {
        "dmean": 0.0154384272173,
        "dmean2": 0.0213241949677,
        "dvar": 0.000245214963797,
        "dvar2": 0.000425875157816,
        "max": 0.330767601728,
        "mean": 0.136010453105,
        "median": 0.130070716143,
        "min": 0.0424905307591,
        "var": 0.0017869498115
    },
    "erbbands_kurtosis": {
        "dmean": 0.826393902302,
        "dmean2": 1.26683270931,
        "dvar": 1.58921861649,
        "dvar2": 3.46669125557,
        "max": 25.5189151764,
        "mean": 0.526598095894,
        "median": -0.172253370285,
        "min": -1.83701205254,
        "var": 5.12325143814
    },
    "erbbands_skewness": {
        "dmean": 0.323734939098,
        "dmean2": 0.476523816586,
        "dvar": 0.108985550702,
        "dvar2": 0.206791728735,
        "max": 4.09550094604,
        "mean": 0.222470253706,
        "median": 0.200965672731,
        "min": -4.49158859253,
        "var": 0.654433250427
    },
    "erbbands_spread": {
        "dmean": 7.85479545593,
        "dmean2": 11.6949920654,
        "dvar": 84.2726898193,
        "dvar2": 178.754882812,
        "max": 150.147399902,
        "mean": 41.5724411011,
        "median": 39.6339759827,
        "min": 4.23985338211,
        "var": 396.89453125
    },
    "hfc": {
        "dmean": 7.09845733643,
        "dmean2": 9.99323749542,
        "dvar": 126.509407043,
        "dvar2": 256.246826172,
        "max": 155.279647827,
        "mean": 27.7932720184,
        "median": 22.4630775452,
        "min": 1.07182351388e-16,
        "var": 450.826843262
    },
    "melbands_crest": {
        "dmean": 2.58474683762,
        "dmean2": 4.1722946167,
        "dvar": 5.80626058578,
        "dvar2": 14.6768388748,
        "max": 32.2257766724,
        "mean": 12.8861560822,
        "median": 12.4084663391,
        "min": 1.61406612396,
        "var": 17.9859237671
    },
    "melbands_flatness_db": {
        "dmean": 0.020004818216,
        "dmean2": 0.0295688658953,
        "dvar": 0.00043149117846,
        "dvar2": 0.000907636538614,
        "max": 0.429991900921,
        "mean": 0.168021783233,
        "median": 0.164360761642,
        "min": 0.00240988540463,
        "var": 0.00274574477226
    },
    "melbands_kurtosis": {
        "dmean": 4.58464670181,
        "dmean2": 7.21213245392,
        "dvar": 77.0938339233,
        "dvar2": 188.831268311,
        "max": 168.271759033,
        "mean": 9.62666416168,
        "median": 6.01426696777,
        "min": -1.75751399994,
        "var": 161.768447876
    },
    "melbands_skewness": {
        "dmean": 0.568692684174,
        "dmean2": 0.86724871397,
        "dvar": 0.476611882448,
        "dvar2": 1.0801974535,
        "max": 10.3629779816,
        "mean": 2.29412913322,
        "median": 2.16400742531,
        "min": -1.23527789116,
        "var": 2.03940010071
    },
    "melbands_spread": {
        "dmean": 7.14915800095,
        "dmean2": 10.735666275,
        "dvar": 98.894317627,
        "dvar2": 198.292160034,
        "max": 260.736541748,
        "mean": 30.5545692444,
        "median": 26.7729206085,
        "min": 0.992761015892,
        "var": 431.450073242
    },
    "pitch_salience": {
        "dmean": 0.0576367639005,
        "dmean2": 0.0920077264309,
        "dvar": 0.00285251275636,
        "dvar2": 0.00687973806635,
        "max": 0.908979535103,
        "mean": 0.535484671593,
        "median": 0.528174340725,
        "min": 0.13096781075,
        "var": 0.0094790905714
    },
    "silence_rate_20dB": {
        "dmean": 0,
        "dmean2": 0,
        "dvar": 0,
        "dvar2": 0,
        "max": 1,
        "mean": 1,
        "median": 1,
        "min": 1,
        "var": 0
    },
    "silence_rate_30dB": {
        "dmean": 0.000400962308049,
        "dmean2": 0.000802005000878,
        "dvar": 0.000400801072828,
        "dvar2": 0.00100186129566,
        "max": 1,
        "mean": 0.999699294567,
        "median": 1,
        "min": 0,
        "var": 0.000300599145703
    },
    "silence_rate_60dB": {
        "dmean": 0.0016038492322,
        "dmean2": 0.00320802000351,
        "dvar": 0.00160136283375,
        "dvar2": 0.00339813460596,
        "max": 1,
        "mean": 0.0442016646266,
        "median": 0,
        "min": 0,
        "var": 0.0422470569611
    },
    "spectral_centroid": {
        "dmean": 237.479095459,
        "dmean2": 357.400177002,
        "dvar": 82798.484375,
        "dvar2": 160473.421875,
        "max": 11633.5615234,
        "mean": 1679.62646484,
        "median": 1580.58203125,
        "min": 207.962112427,
        "var": 1075715
    },
    "spectral_complexity": {
        "dmean": 3.45048117638,
        "dmean2": 5.3507771492,
        "dvar": 15.3830003738,
        "dvar2": 31.8320484161,
        "max": 56,
        "mean": 20.6210289001,
        "median": 20,
        "min": 0,
        "var": 84.6312866211
    },
    "spectral_decrease": {
        "dmean": 1.88505966392e-09,
        "dmean2": 2.93974733445e-09,
        "dvar": 7.87270471486e-18,
        "dvar2": 1.91424003231e-17,
        "max": 1.64935858028e-28,
        "mean": -6.65747590389e-09,
        "median": -5.98317573264e-09,
        "min": -3.32669500835e-08,
        "var": 1.61330692782e-17
    },
    "spectral_energy": {
        "dmean": 0.00753932166845,
        "dmean2": 0.011706600897,
        "dvar": 0.000122954996186,
        "dvar2": 0.000296279555187,
        "max": 0.130813255906,
        "mean": 0.0276477299631,
        "median": 0.0247527305037,
        "min": 9.79461089812e-21,
        "var": 0.000266677612672
    },
    "spectral_energyband_high": {
        "dmean": 0.000568329647649,
        "dmean2": 0.000780089059845,
        "dvar": 1.3050812413e-06,
        "dvar2": 2.49440518019e-06,
        "max": 0.0216713175178,
        "mean": 0.00144846667536,
        "median": 0.000806341588032,
        "min": 7.10817060661e-21,
        "var": 3.83659016734e-06
    },
    "spectral_energyband_low": {
        "dmean": 0.00405176682398,
        "dmean2": 0.00666787661612,
        "dvar": 7.01901008142e-05,
        "dvar2": 0.000179618684342,
        "max": 0.100858308375,
        "mean": 0.00869370438159,
        "median": 0.00740215322003,
        "min": 1.54755640052e-23,
        "var": 7.83482391853e-05
    },
    "spectral_energyband_middle_high": {
        "dmean": 0.00208726921119,
        "dmean2": 0.00307836639695,
        "dvar": 1.29838854264e-05,
        "dvar2": 2.82330256596e-05,
        "max": 0.0923184677958,
        "mean": 0.00720566511154,
        "median": 0.00405610678717,
        "min": 1.23161508362e-21,
        "var": 7.10414460627e-05
    },
    "spectral_energyband_middle_low": {
        "dmean": 0.00431044213474,
        "dmean2": 0.00662465719506,
        "dvar": 3.9606296923e-05,
        "dvar2": 9.22921899473e-05,
        "max": 0.102694861591,
        "mean": 0.0112372832373,
        "median": 0.00860876962543,
        "min": 1.57016793085e-22,
        "var": 8.86653797352e-05
    },
    "spectral_entropy": {
        "dmean": 0.134723544121,
        "dmean2": 0.184789523482,
        "dvar": 0.0216100905091,
        "dvar2": 0.0364267490804,
        "max": 9.82380867004,
        "mean": 7.76740169525,
        "median": 7.77843999863,
        "min": 6.00718545914,
        "var": 0.179340675473
    },
    "spectral_flux": {
        "dmean": 0.0213940739632,
        "dmean2": 0.0330066643655,
        "dvar": 0.000740926596336,
        "dvar2": 0.00157759420108,
        "max": 0.306420862675,
        "mean": 0.0795787349343,
        "median": 0.0693723186851,
        "min": 6.40214478653e-11,
        "var": 0.00192922668066
    },
    "spectral_kurtosis": {
        "dmean": 0.954640328884,
        "dmean2": 1.49341642857,
        "dvar": 1.31424152851,
        "dvar2": 3.3758854866,
        "max": 30.0450019836,
        "mean": 3.45263314247,
        "median": 3.26008605957,
        "min": -1.2926286459,
        "var": 4.14572763443
    },
    "spectral_rms": {
        "dmean": 0.00065126264235,
        "dmean2": 0.000990656088106,
        "dvar": 6.79847858009e-07,
        "dvar2": 1.55593329509e-06,
        "max": 0.0112970210612,
        "mean": 0.00492622377351,
        "median": 0.00491416361183,
        "min": 3.09123256506e-12,
        "var": 2.70577061201e-06
    },
    "spectral_rolloff": {
        "dmean": 575.663024902,
        "dmean2": 929.714294434,
        "dvar": 1120365.375,
        "dvar2": 2157388.75,
        "max": 19702.8808594,
        "mean": 2106.60058594,
        "median": 1636.5234375,
        "min": 21.533203125,
        "var": 5523166
    },
    "spectral_skewness": {
        "dmean": 0.151735633612,
        "dmean2": 0.232914716005,
        "dvar": 0.026343094185,
        "dvar2": 0.0567321367562,
        "max": 3.73604989052,
        "mean": 1.43079316616,
        "median": 1.43898427486,
        "min": -0.0792824849486,
        "var": 0.152786165476
    },
    "spectral_spread": {
        "dmean": 603149.9375,
        "dmean2": 785985.125,
        "dvar": 730855112704,
        "dvar2": 1.3385990144e+12,
        "max": 49874600,
        "mean": 5771194,
        "median": 5184570.5,
        "min": 1604924.25,
        "var": 1.30291869942e+13
    },
    "spectral_strongpeak": {
        "dmean": 0.621129453182,
        "dmean2": 1.04741442204,
        "dvar": 1.11263215542,
        "dvar2": 2.74403309822,
        "max": 14.5625991821,
        "mean": 1.27191865444,
        "median": 0.391293287277,
        "min": 0,
        "var": 2.81701755524
    },
    "zerocrossingrate": {
        "dmean": 0.0118538886309,
        "dmean2": 0.0131755657494,
        "dvar": 0.000231611673371,
        "dvar2": 0.000249726406764,
        "max": 0.515625,
        "mean": 0.0819851458073,
        "median": 0.06982421875,
        "min": 0.0048828125,
        "var": 0.00316376145929
    },
    "barkbands": {
        "dmean": [0.000119488358905, 0.00213966052979, 0.00179069500882, 0.00131160707679, 0.00125842832495, 0.00113635393791, 0.000811337260529, 0.00081787124509, 0.00103911955375, 0.000575334648602, 0.000815549865365, 0.000518791261129, 0.000271916680504, 0.000292935437756, 0.000423732562922, 0.000289798394078, 0.000260889617493, 0.000186490025953, 0.000211422113352, 0.000119245174574, 0.000128606057842, 0.000144238132634, 9.86647646641e-05, 0.000114941394713, 0.000124507932924, 5.00430287502e-05, 3.61266484106e-06],
        "dmean2": [0.000182622563443, 0.00348652387038, 0.00304494309239, 0.00233162590303, 0.00200464134105, 0.00175248703454, 0.00119206821546, 0.00124741648324, 0.00153596734162, 0.000871346739586, 0.00118160434067, 0.000772433530074, 0.00041015620809, 0.000448856590083, 0.000663742946927, 0.000455937115476, 0.000414399022702, 0.000300775282085, 0.000339629943483, 0.000190545222722, 0.000207493067137, 0.000212468410609, 0.000145078069181, 0.000164308570675, 0.000176718545845, 6.90537053742e-05, 5.52927986064e-06],
        "dvar": [1.45861847045e-07, 1.5482719391e-05, 1.58465027198e-05, 1.38855202749e-05, 4.7211360652e-06, 4.44513489128e-06, 3.61594243259e-06, 3.95785718865e-06, 6.49128560326e-06, 4.00745238949e-06, 5.80721689403e-06, 2.95950280815e-06, 4.91333196351e-07, 6.07238007433e-07, 7.48904994907e-07, 4.57001874565e-07, 2.558240908e-07, 1.44342834574e-07, 1.1391551169e-07, 3.77823106135e-08, 5.7332322001e-08, 1.50511596075e-07, 5.72049252412e-08, 9.62841468777e-08, 9.98325191404e-08, 1.2333245536e-08, 6.70752134391e-11],
        "dvar2": [3.17117667237e-07, 3.95552160626e-05, 4.41471274826e-05, 3.86090905522e-05, 1.16029386845e-05, 1.00278239188e-05, 7.38822654966e-06, 9.2013988251e-06, 1.36727630888e-05, 9.21449282032e-06, 1.15572456707e-05, 6.82695599608e-06, 1.02624551346e-06, 1.23123743379e-06, 1.65218943948e-06, 1.08501376417e-06, 5.81244592013e-07, 3.66876349744e-07, 2.84148541141e-07, 8.97293617186e-08, 1.39272415822e-07, 3.13058450274e-07, 1.15084311858e-07, 1.91883813727e-07, 2.12265831578e-07, 2.40269706353e-08, 1.5858173108e-10],
        "max": [0.00477567734197, 0.0547095052898, 0.0626857280731, 0.0629215762019, 0.0466455928981, 0.0371104665101, 0.0404663830996, 0.0443664342165, 0.0596365369856, 0.0564984306693, 0.0612941458821, 0.0701050311327, 0.0233052521944, 0.0283037759364, 0.027924310416, 0.0175804402679, 0.0158459730446, 0.00933090690523, 0.00854114536196, 0.00479400437325, 0.0064104385674, 0.010495936498, 0.00718421069905, 0.00964940804988, 0.00564456963912, 0.00417528534308, 0.000159304297995],
        "mean": [0.000114445909276, 0.00493260379881, 0.00280930055305, 0.001445756061, 0.00233463547193, 0.00228478689678, 0.0015487257624, 0.00142017623875, 0.00197162549011, 0.000912082265131, 0.0016361157177, 0.000947671534959, 0.000480644928757, 0.0005266466178, 0.000771704886574, 0.000524167204276, 0.000587686838116, 0.00037157224142, 0.000475841807202, 0.000267135328613, 0.000260527216597, 0.000253189995419, 0.000196770430193, 0.000260344211711, 0.000219312787522, 8.91269592103e-05, 5.18277420269e-06],
        "median": [1.69123377418e-05, 0.00436929706484, 0.00168144749478, 0.00059099617647, 0.00129323988222, 0.000935291114729, 0.000394693546696, 0.000441885727923, 0.000496752967592, 0.000217207008973, 0.000182700940059, 0.000210421800148, 0.000121046461572, 0.000152863140102, 0.000341395643773, 0.000263816211373, 0.000297916412819, 0.000199764370336, 0.000295986392302, 0.000166091733263, 0.000156422029249, 9.33899063966e-05, 7.31199397705e-05, 0.000117602794489, 8.72973541846e-05, 3.07116788463e-05, 1.77411379809e-06],
        "min": [1.68522728157e-25, 6.22665937963e-24, 6.22728573519e-25, 1.13967395648e-24, 7.33091989096e-24, 6.21275688946e-24, 9.75943528743e-24, 9.01052387617e-24, 1.97782780172e-23, 1.29250915016e-23, 2.11072341189e-23, 3.22913648229e-23, 2.43063759008e-23, 4.1444139253e-23, 5.93530172955e-23, 5.36636262293e-23, 5.71407420838e-23, 8.79335173114e-23, 1.35804373831e-22, 1.34478721478e-22, 2.29601664644e-22, 3.31958803099e-22, 4.48050880817e-22, 5.90988033978e-22, 8.88806174033e-22, 1.15751688654e-21, 1.81357047091e-21],
        "var": [1.51279323291e-07, 2.24385257752e-05, 1.54221670527e-05, 9.94592483039e-06, 8.91152831173e-06, 1.239249832e-05, 1.09155344035e-05, 9.04719217942e-06, 1.6793686882e-05, 7.2708735388e-06, 2.16130265471e-05, 8.16314241092e-06, 1.80394181371e-06, 2.58017598753e-06, 2.23221036322e-06, 9.5626444363e-07, 1.16154160423e-06, 3.37132860295e-07, 3.29057712634e-07, 1.00751577747e-07, 1.37699458946e-07, 3.31042627977e-07, 1.46209174545e-07, 2.24610900545e-07, 1.79631541641e-07, 3.04922274097e-08, 1.00179434193e-10]
    },
    "erbbands": {
        "dmean": [0.0464747399092, 0.566564381123, 1.87055754662, 3.4887919426, 3.76029157639, 4.31273698807, 7.86271524429, 9.31763362885, 7.92685890198, 16.1912670135, 21.1113586426, 23.8484573364, 16.8062267303, 23.2098674774, 31.0187034607, 17.9468288422, 11.6395807266, 13.3142023087, 17.8000240326, 20.8904953003, 14.5892410278, 13.3365707397, 9.0907087326, 11.4151439667, 7.29893922806, 5.55599164963, 6.31516361237, 4.17786407471, 4.62017822266, 4.82560968399, 2.82007908821, 2.53876495361, 1.87716042995, 1.72820532322, 0.683602690697, 0.256767600775, 0.0908112451434, 0.0149597404525, 0.000339573511155, 1.75786717591e-05],
        "dmean2": [0.0727689787745, 0.94583272934, 3.18318152428, 6.045753479, 6.44312620163, 6.83389568329, 11.8192491531, 14.5148134232, 12.2103738785, 23.6806926727, 31.5159893036, 35.2533760071, 25.0495834351, 33.4996528625, 43.9375839233, 26.7712631226, 17.3657932281, 20.1456165314, 27.4707527161, 32.5104484558, 22.9867095947, 20.9158821106, 14.4496555328, 18.3244018555, 11.7243909836, 8.85655593872, 10.0694646835, 6.6924123764, 6.95223426819, 7.10075187683, 4.15610074997, 3.71641397476, 2.76187419891, 2.509963274, 0.958209991455, 0.359848409891, 0.127245172858, 0.0211806055158, 0.000481189927086, 2.46603467531e-05],
        "dvar": [0.011519394815, 1.06603062153, 15.1873340607, 92.2766799927, 58.5950469971, 61.5838813782, 252.00390625, 365.838592529, 362.627838135, 1587.34484863, 2694.82177734, 3791.12158203, 3078.63037109, 4703.80224609, 7776.81640625, 2697.26928711, 973.274841309, 1317.12670898, 1680.23352051, 2166.43798828, 1079.60791016, 861.504394531, 321.396118164, 402.813171387, 133.425506592, 87.7711029053, 120.380554199, 93.9532928467, 164.925338745, 155.063903809, 52.10572052, 52.2878570557, 25.3808441162, 22.447719574, 2.26233530045, 0.381186574697, 0.0366362854838, 0.000938102719374, 4.98050951592e-07, 8.14560807694e-10],
        "dvar2": [0.0265313703567, 2.93133354187, 42.6583976746, 250.445205688, 155.609634399, 153.4112854, 530.186889648, 837.447143555, 841.374328613, 3354.49438477, 6044.66699219, 8065.29443359, 6717.64111328, 9866.29980469, 15081.2402344, 5971.36669922, 1990.71179199, 2669.50244141, 3780.27661133, 4801.96191406, 2464.68139648, 1943.70361328, 783.000915527, 1000.54656982, 335.729522705, 205.778488159, 289.347351074, 220.19468689, 352.708435059, 332.762420654, 106.666679382, 108.48462677, 51.8608627319, 49.1749420166, 4.5361084938, 0.768756330013, 0.0734937638044, 0.00193921767641, 1.04546518287e-06, 1.65745606129e-09],
        "max": [1.65223026276, 12.5712080002, 58.6063117981, 148.432266235, 163.874084473, 191.799591064, 396.02722168, 388.574554443, 544.646911621, 904.131835938, 1192.97973633, 1400.14660645, 2101.46166992, 2300.54638672, 2526.01025391, 1670.30541992, 1288.67993164, 1365.68249512, 1311.0279541, 2164.4128418, 1196.12426758, 1053.53234863, 548.800720215, 576.130981445, 330.864440918, 222.697097778, 266.297241211, 341.112426758, 458.972259521, 310.551208496, 234.419525146, 234.0234375, 157.7371521, 79.1547241211, 29.0427532196, 26.8098316193, 4.34517288208, 0.614261627197, 0.0123803988099, 0.000486462085973],
        "mean": [0.0900202617049, 1.27905666828, 3.39112615585, 4.37009239197, 5.07536458969, 8.16602325439, 17.0126285553, 17.3668479919, 14.3093156815, 31.3055992126, 39.2016639709, 46.0928688049, 29.6615219116, 44.8564834595, 62.2660675049, 35.6452827454, 22.8771438599, 24.0264778137, 35.1763725281, 39.7132644653, 31.4294815063, 32.0126953125, 21.3750267029, 25.5707817078, 17.7885627747, 12.9950933456, 13.8349685669, 7.90658807755, 8.12147903442, 8.42589569092, 5.62433385849, 5.42911434174, 4.1325674057, 2.97353672981, 1.21937406063, 0.451031208038, 0.157604843378, 0.0258805826306, 0.000597803795245, 5.44028371223e-05],
        "median": [0.0629895329475, 1.11470746994, 2.54658818245, 2.09744238853, 2.80303263664, 4.2240486145, 6.15720891953, 7.22115039825, 5.6206612587, 8.67764282227, 14.4458179474, 11.615190506, 10.4745874405, 11.5059309006, 12.4891643524, 9.8631029129, 6.50965738297, 8.1370344162, 14.4318742752, 18.701965332, 16.7129249573, 16.3499393463, 12.1142501831, 14.9783439636, 12.1484956741, 8.12557411194, 8.41755008698, 4.30639410019, 3.09784793854, 3.01905155182, 2.08405017853, 2.43607997894, 1.79941570759, 1.13600742817, 0.479794323444, 0.14460156858, 0.0562817156315, 0.0101409098133, 0.000242033100221, 4.30429463449e-05],
        "min": [7.08939702974e-23, 4.98367534308e-22, 8.38555002308e-22, 9.66768391053e-21, 8.78284622434e-21, 2.75516898377e-20, 5.00603599798e-20, 5.61721228761e-20, 9.64286703812e-20, 2.1240924088e-19, 3.18073977337e-19, 5.081153368e-19, 5.33385807911e-19, 9.29823593608e-19, 1.23895256905e-18, 1.28406151959e-18, 1.84355955828e-18, 2.26111950431e-18, 2.09728170154e-18, 3.10915685563e-18, 2.98723374206e-18, 3.63541867391e-18, 4.68756883843e-18, 6.19285019687e-18, 8.45689440503e-18, 6.35723331846e-18, 9.21081907536e-18, 8.78665822803e-18, 9.13703042882e-18, 1.15135294277e-17, 1.15129942418e-17, 1.18743298944e-17, 9.87450826702e-18, 9.37238151106e-18, 6.61749659921e-18, 3.95129289366e-18, 2.15173479447e-18, 9.53698404231e-19, 2.14918027979e-19, 2.7916127521e-20],
        "var": [0.0142546985298, 1.43109023571, 14.9005708694, 73.2263793945, 54.0405693054, 142.084762573, 866.98840332, 916.611694336, 737.848083496, 4695.84716797, 6262.85595703, 10222.0683594, 5443.03759766, 12732.8173828, 24987.0390625, 9452.10351562, 3972.50756836, 4362.28076172, 5872.38916016, 6946.11621094, 3159.90429688, 3955.75708008, 1043.53588867, 1056.47802734, 395.881072998, 241.735961914, 337.371246338, 209.460876465, 375.517211914, 307.367828369, 125.716186523, 113.599105835, 57.9608840942, 37.2581443787, 4.76613283157, 0.913331210613, 0.0844973623753, 0.00198239577003, 1.02414082903e-06, 1.97079841335e-09]
    },
    "gfcc": {
        "mean": [16.9059734344, 69.8477401733, -108.351280212, 32.5723075867, -56.353931427, 16.3509922028, -39.0151138306, 19.3104038239, -25.3226299286, 5.08807039261, -18.8555850983, 1.81471049786, -10.0950489044],
        "cov": [[19532.2128906, 306.770507812, -739.118164062, 434.159729004, -696.148925781, 480.462219238, -476.464660645, 299.650604248, -316.815551758, 167.143356323, -283.31842041, 155.841140747, -218.962432861], [306.770507812, 879.197753906, -263.67565918, -20.4754714966, 115.459640503, -132.417053223, 65.4281082153, -21.8103790283, 10.8292398453, -19.5733261108, 53.1998672485, -77.8246765137, 61.3305702209], [-739.118164062, -263.67565918, 916.758300781, 171.628189087, 10.5208444595, 136.603378296, 25.0600299835, 48.4113006592, 35.5808830261, 31.512172699, -49.7082862854, 83.0402145386, -48.543800354], [434.159729004, -20.4754714966, 171.628189087, 350.645568848, 55.7266693115, 2.49161624908, -15.8314628601, 45.2925186157, 50.5293388367, 15.2753782272, -20.1674938202, 33.1869506836, -18.3155727386], [-696.148925781, 115.459640503, 10.5208444595, 55.7266693115, 257.701660156, 18.7888126373, 62.9457015991, 37.6092796326, 37.9997940063, 19.7631759644, 24.833032608, -16.6595840454, 9.5732460022], [480.462219238, -132.417053223, 136.603378296, 2.49161624908, 18.7888126373, 246.543457031, 44.8574714661, 22.2781219482, -8.53751277924, 16.5090961456, -22.3836746216, 18.9067459106, -31.3404426575], [-476.464660645, 65.4281082153, 25.0600299835, -15.8314628601, 62.9457015991, 44.8574714661, 129.610321045, 19.2791671753, 5.16219091415, -3.59014487267, 2.67361354828, -6.44850111008, 13.4458751678], [299.650604248, -21.8103790283, 48.4113006592, 45.2925186157, 37.6092796326, 22.2781219482, 19.2791671753, 164.109542847, 39.750579834, 3.74545359612, 14.0186309814, 18.3401985168, 3.80980682373], [-316.815551758, 10.8292398453, 35.5808830261, 50.5293388367, 37.9997940063, -8.53751277924, 5.16219091415, 39.750579834, 104.730979919, 35.200958252, 14.433927536, 4.45713090897, -7.64211273193], [167.143356323, -19.5733261108, 31.512172699, 15.2753782272, 19.7631759644, 16.5090961456, -3.59014487267, 3.74545359612, 35.200958252, 99.3387069702, 13.7461328506, 3.80915474892, -17.9678173065], [-283.31842041, 53.1998672485, -49.7082862854, -20.1674938202, 24.833032608, -22.3836746216, 2.67361354828, 14.0186309814, 14.433927536, 13.7461328506, 88.1547393799, 8.48299312592, 10.5883998871], [155.841140747, -77.8246765137, 83.0402145386, 33.1869506836, -16.6595840454, 18.9067459106, -6.44850111008, 18.3401985168, 4.45713090897, 3.80915474892, 8.48299312592, 85.8189315796, 10.8572015762], [-218.962432861, 61.3305702209, -48.543800354, -18.3155727386, 9.5732460022, -31.3404426575, 13.4458751678, 3.80980682373, -7.64211273193, -17.9678173065, 10.5883998871, 10.8572015762, 78.2223587036]],
        "icov": [[0.000150642546942, -0.000279481406324, 0.000252336409176, -0.000275545316981, 0.000412578927353, -0.000473972118925, 0.00054871494649, -0.000564990041312, 0.000683581689373, -0.000545074173715, 0.000540450273547, -0.000427576247603, 0.000353463372448], [-0.000279481406324, 0.00213805004023, -0.000227049124078, 0.000295592297334, -0.00118067779113, 0.00150849297643, -0.00180494855158, 0.00131417170633, -0.00133787584491, 0.00115588970948, -0.00166177400388, 0.00193898845464, -0.00144461716991], [0.000252336409176, -0.000227049124078, 0.00193073740229, -0.000990313943475, 0.000674779934343, -0.0011968628969, 0.000475355453091, -0.000990496017039, 0.000931632239372, -0.00107309035957, 0.00150988693349, -0.00180222583003, 0.00114538590424], [-0.000275545316981, 0.000295592297334, -0.000990313943475, 0.00428342912346, -0.0017208129866, 0.00122560106684, -3.01939544443e-05, 0.000489128811751, -0.00245760590769, 0.00116855569649, 0.000339723366778, -0.000615655444562, 0.000136103582918], [0.000412578927353, -0.00118067779113, 0.000674779934343, -0.0017208129866, 0.0064289169386, -0.0017721997574, -0.000562000845093, -0.00204413454048, 0.00100192439277, -0.00213379622437, 0.00021392837516, 0.000203390445677, 0.000346328219166], [-0.000473972118925, 0.00150849297643, -0.0011968628969, 0.00122560106684, -0.0017721997574, 0.00709355715662, -0.00388256087899, 0.00118479225785, -0.000954761402681, 0.000847590330523, -0.000717392773367, 0.00043754503713, 0.000841172586661], [0.00054871494649, -0.00180494855158, 0.000475355453091, -3.01939544443e-05, -0.000562000845093, -0.00388256087899, 0.0124038523063, -0.00273128342815, 0.00211328547448, -0.00124134868383, 0.0023524328135, -0.00104357826058, -0.000499083369505], [-0.000564990041312, 0.00131417170633, -0.000990496017039, 0.000489128811751, -0.00204413454048, 0.00118479225785, -0.00273128342815, 0.00948437862098, -0.00515208765864, 0.00308950501494, -0.00309281772934, 0.000768709171098, -0.00186138227582], [0.000683581689373, -0.00133787584491, 0.000931632239372, -0.00245760590769, 0.00100192439277, -0.000954761402681, 0.00211328547448, -0.00515208765864, 0.0162972006947, -0.00655665434897, 0.00142206286546, -0.00175126793329, 0.00248440285213], [-0.000545074173715, 0.00115588970948, -0.00107309035957, 0.00116855569649, -0.00213379622437, 0.000847590330523, -0.00124134868383, 0.00308950501494, -0.00655665434897, 0.0144567172974, -0.00382828363217, 0.00123773585074, 0.000865821260959], [0.000540450273547, -0.00166177400388, 0.00150988693349, 0.000339723366778, 0.00021392837516, -0.000717392773367, 0.0023524328135, -0.00309281772934, 0.00142206286546, -0.00382828363217, 0.0158793423325, -0.0046460730955, 0.00101995212026], [-0.000427576247603, 0.00193898845464, -0.00180222583003, -0.000615655444562, 0.000203390445677, 0.00043754503713, -0.00104357826058, 0.000768709171098, -0.00175126793329, 0.00123773585074, -0.0046460730955, 0.0170366466045, -0.00530994264409], [0.000353463372448, -0.00144461716991, 0.00114538590424, 0.000136103582918, 0.000346328219166, 0.000841172586661, -0.000499083369505, -0.00186138227582, 0.00248440285213, 0.000865821260959, 0.00101995212026, -0.00530994264409, 0.0171604696661]]
    },
    "melbands": {
        "dmean": [0.000491626677103, 0.000896148034371, 0.000586289854255, 0.000274869380519, 0.000246735173278, 0.00020638325077, 0.000133349385578, 0.000169067294337, 0.000182743489859, 0.000146851569298, 8.48083509482e-05, 9.34268900892e-05, 0.000119373631605, 6.8120767537e-05, 3.14978060487e-05, 2.54245478573e-05, 2.59180851572e-05, 3.05595021928e-05, 2.75138172583e-05, 2.5017421649e-05, 1.86623674381e-05, 1.5970061213e-05, 1.081605933e-05, 1.0535306501e-05, 1.02556996353e-05, 8.16884039523e-06, 3.61420347872e-06, 4.2501687858e-06, 4.93944935442e-06, 2.91807646136e-06, 2.56867974713e-06, 2.74234866993e-06, 3.17298986374e-06, 2.50724565376e-06, 1.7478605514e-06, 1.50450080127e-06, 1.71904537183e-06, 1.46229251641e-06, 1.16906858239e-06, 1.77171909854e-06],
        "dmean2": [0.000782083661761, 0.00151935475878, 0.00101141654886, 0.000453450687928, 0.00037139878259, 0.000320300343446, 0.00020111259073, 0.000250564742601, 0.000272728444543, 0.000216139713302, 0.000126953309518, 0.000135291746119, 0.000170322455233, 0.000100474928331, 4.76891145809e-05, 3.84634113288e-05, 3.93603913835e-05, 4.72099636681e-05, 4.27061568189e-05, 3.95591232518e-05, 2.94762066915e-05, 2.50816829066e-05, 1.70731163962e-05, 1.71862084244e-05, 1.65620767802e-05, 1.31335791593e-05, 5.89497176406e-06, 6.83410962665e-06, 7.90017384134e-06, 4.78187394037e-06, 4.14878149968e-06, 4.26630685979e-06, 4.68933239972e-06, 3.76251068701e-06, 2.63994274974e-06, 2.2508766051e-06, 2.57164742834e-06, 2.202078349e-06, 1.73226908373e-06, 2.60616002379e-06],
        "dvar": [9.20620095712e-07, 3.14168005389e-06, 2.24996324505e-06, 2.72819931979e-07, 2.08438763138e-07, 1.62412462146e-07, 9.42182296626e-08, 1.58858014743e-07, 1.99656312816e-07, 1.4384364988e-07, 7.98036623451e-08, 8.1506755123e-08, 1.2299960872e-07, 5.55027206417e-08, 7.1348504882e-09, 4.45365699875e-09, 5.52273649035e-09, 5.34048538725e-09, 3.56057072715e-09, 3.37208061474e-09, 1.89707916043e-09, 1.28864663385e-09, 5.21972243206e-10, 4.40423808534e-10, 3.48220868807e-10, 1.87795945461e-10, 3.16675782819e-11, 5.51124007542e-11, 7.53423087807e-11, 3.00614186322e-11, 4.02671229693e-11, 5.73005948246e-11, 8.11220951524e-11, 3.84892256955e-11, 1.99226433961e-11, 1.85168148176e-11, 2.29433052418e-11, 1.56498078385e-11, 1.04682590721e-11, 2.87902479634e-11],
        "dvar2": [2.1864534574e-06, 8.82738004293e-06, 6.11263385508e-06, 6.92511832767e-07, 4.49124115676e-07, 3.72021901285e-07, 2.10985078297e-07, 3.52384120106e-07, 4.3586695142e-07, 3.07182233428e-07, 1.75385366674e-07, 1.74123286456e-07, 2.38654052964e-07, 1.29018573602e-07, 1.47879424262e-08, 9.47364586779e-09, 1.11971587557e-08, 1.1567117042e-08, 7.49319273297e-09, 8.20287926473e-09, 4.15501233419e-09, 2.86741319577e-09, 1.19377974173e-09, 1.13774256683e-09, 8.66031524271e-10, 4.68525829245e-10, 8.21339316004e-11, 1.29816032923e-10, 1.87302687249e-10, 7.52563220074e-11, 9.41904471086e-11, 1.25559312947e-10, 1.80857079313e-10, 8.41086714165e-11, 4.33361575791e-11, 3.95224165894e-11, 4.81205769676e-11, 3.30020663575e-11, 2.27106736195e-11, 6.50144174608e-11],
        "max": [0.0144381960854, 0.0241370797157, 0.0238087307662, 0.00947680417448, 0.0119746299461, 0.00795024447143, 0.00826667807996, 0.00999823678285, 0.00956570077688, 0.00809986982495, 0.0102112079039, 0.00933046545833, 0.00937973614782, 0.0100022898987, 0.00237773871049, 0.00248418026604, 0.00313309999183, 0.00214266357943, 0.00222196150571, 0.00217787362635, 0.00166692608036, 0.00128648825921, 0.000717067101505, 0.000516524363775, 0.000508895958774, 0.000459607719677, 0.000112488094601, 0.000163625038113, 0.000217259366764, 0.000127038263599, 0.000227361728321, 0.000297973107081, 0.000229667348322, 0.000159364746651, 0.000117438452435, 0.000159201052156, 0.000123781370348, 0.000130978340167, 9.5190378488e-05, 0.00010251520871],
        "mean": [0.00111476448365, 0.00183653621934, 0.000779702328146, 0.000452073552879, 0.000552620214876, 0.000392431305954, 0.000248333526542, 0.00032494799234, 0.00033434969373, 0.00027672277065, 0.000141320051625, 0.00017154647503, 0.000241024477873, 0.000125992533867, 5.71179589315e-05, 4.43608114438e-05, 4.37121016148e-05, 5.76240163355e-05, 5.01802715007e-05, 4.3090141844e-05, 3.6837755033e-05, 3.51926828444e-05, 2.17414944927e-05, 2.00609920284e-05, 2.07385928661e-05, 1.76305675268e-05, 7.83242467151e-06, 8.70818348631e-06, 1.01107389128e-05, 5.34103855898e-06, 4.35106812802e-06, 4.48246692031e-06, 5.11758935318e-06, 4.30388627137e-06, 3.22108758155e-06, 2.93511129712e-06, 3.48869571098e-06, 3.04045488519e-06, 2.35055517805e-06, 2.69095016847e-06],
        "median": [0.000946487707552, 0.00159342738334, 0.00042185728671, 0.000252493773587, 0.000228749486268, 0.000164294877322, 8.72757445904e-05, 9.54190982156e-05, 0.000104719460069, 6.66461492074e-05, 4.23485034844e-05, 4.03516933147e-05, 3.44361833413e-05, 2.68745861831e-05, 1.41989621625e-05, 1.29112686409e-05, 1.30743446789e-05, 1.94328349608e-05, 2.28184908337e-05, 2.14252686419e-05, 1.67025227711e-05, 1.6675416191e-05, 1.09747652459e-05, 1.019085812e-05, 1.12416664706e-05, 1.09897964649e-05, 5.27150632479e-06, 4.96945722261e-06, 5.71366445001e-06, 3.25989071825e-06, 1.97043164007e-06, 1.62122341862e-06, 1.77150820946e-06, 1.53146254434e-06, 1.09573966256e-06, 1.22152505355e-06, 1.56419707764e-06, 1.27271312067e-06, 9.95876462184e-07, 8.98599012089e-07],
        "min": [1.43937296261e-24, 3.73408689993e-25, 1.56547011033e-24, 1.08218364726e-24, 2.03905871187e-24, 1.28579850765e-24, 1.86283665197e-24, 2.00431392494e-24, 2.50383524406e-24, 3.27129612786e-24, 2.65579845061e-24, 2.85987459742e-24, 3.59388620112e-24, 3.87096018344e-24, 3.54459067758e-24, 3.15469696404e-24, 3.54618023231e-24, 2.3662062318e-24, 4.14237842751e-24, 3.31034316494e-24, 2.8655072615e-24, 3.71629493107e-24, 3.1705889614e-24, 3.33815406173e-24, 4.28382394882e-24, 4.37952618726e-24, 4.25778798908e-24, 3.68906542478e-24, 4.8986238786e-24, 4.97944741151e-24, 4.41097964928e-24, 3.93553988702e-24, 6.11041638651e-24, 6.02345985449e-24, 4.47724238759e-24, 5.55136328475e-24, 6.74156506411e-24, 6.0011962276e-24, 6.28715593916e-24, 7.28909211918e-24],
        "var": [1.33011644721e-06, 3.18821480505e-06, 1.81894120033e-06, 3.84361840133e-07, 7.33774243145e-07, 4.17393806629e-07, 2.19588983441e-07, 4.31571407944e-07, 4.55245128705e-07, 3.70041789211e-07, 1.39050328585e-07, 2.0854470506e-07, 4.4207973815e-07, 1.52966961764e-07, 2.30336976159e-08, 1.40969600437e-08, 1.8971054061e-08, 2.1589587007e-08, 1.03283364083e-08, 6.68641186863e-09, 6.03211613992e-09, 5.9294591459e-09, 1.5315513302e-09, 1.12436493449e-09, 7.90185250565e-10, 5.31759747346e-10, 7.29742724581e-11, 1.37223801766e-10, 2.12569906122e-10, 5.80982657816e-11, 8.57564991241e-11, 1.24372678822e-10, 1.48684051182e-10, 7.54119058866e-11, 4.27600316266e-11, 4.05104179368e-11, 4.75315654891e-11, 3.37439347298e-11, 2.15090757705e-11, 4.04193865877e-11]
    },
    "mfcc": {
        "mean": [-622.442687988, 101.743728638, 5.52024841309, 20.8222541809, 8.24791431427, -1.64424347878, 2.65011978149, 4.32092761993, 4.7305059433, 4.12111234665, -3.0230717659, -0.601281583309, 1.16160333157],
        "cov": [[8110.24072266, 369.356842041, 115.037223816, 84.5885772705, 73.9865264893, 10.1525945663, -8.94442844391, 70.8133621216, 22.8122501373, 25.6825675964, 27.490606308, 12.2981653214, 37.3178367615], [369.356842041, 902.101745605, -223.950027466, 82.6842269897, 5.29705429077, -41.3308830261, 68.8570098877, -46.351764679, 13.049036026, 28.9849224091, -0.912042796612, -7.13232469559, -16.0419235229], [115.037223816, -223.950027466, 722.064147949, 47.9671440125, 51.4045448303, 103.178733826, -14.0198116302, 90.5248641968, 22.1988048553, -23.9427947998, 35.4097976685, 14.5750303268, 2.24589061737], [84.5885772705, 82.6842269897, 47.9671440125, 327.981567383, 87.2590942383, -15.0287294388, -21.9509563446, 19.5922298431, 39.5443496704, -10.8586196899, 32.3147163391, 30.4181251526, 3.41012454033], [73.9865264893, 5.29705429077, 51.4045448303, 87.2590942383, 181.355163574, 12.0991430283, 21.6775913239, 43.0027046204, 30.1381874084, 31.1037712097, 25.6075801849, 32.5813713074, 22.7694911957], [10.1525945663, -41.3308830261, 103.178733826, -15.0287294388, 12.0991430283, 206.100906372, 24.0531158447, 10.6178207397, 17.4766979218, 2.57321953773, 30.9821853638, -17.9526424408, 6.14142084122], [-8.94442844391, 68.8570098877, -14.0198116302, -21.9509563446, 21.6775913239, 24.0531158447, 135.164154053, 35.158744812, 16.0380535126, 28.3566818237, -9.23207187653, -2.39254927635, -5.59547567368], [70.8133621216, -46.351764679, 90.5248641968, 19.5922298431, 43.0027046204, 10.6178207397, 35.158744812, 133.541793823, 41.622718811, 5.2554473877, 2.03918457031, 12.282453537, 15.9615135193], [22.8122501373, 13.049036026, 22.1988048553, 39.5443496704, 30.1381874084, 17.4766979218, 16.0380535126, 41.622718811, 96.7445907593, 29.1906356812, 13.3047361374, -1.55882525444, 12.6677017212], [25.6825675964, 28.9849224091, -23.9427947998, -10.8586196899, 31.1037712097, 2.57321953773, 28.3566818237, 5.2554473877, 29.1906356812, 91.6900253296, 21.6876163483, 4.85845422745, -0.656089901924], [27.490606308, -0.912042796612, 35.4097976685, 32.3147163391, 25.6075801849, 30.9821853638, -9.23207187653, 2.03918457031, 13.3047361374, 21.6876163483, 101.280288696, 29.2906265259, 15.269821167], [12.2981653214, -7.13232469559, 14.5750303268, 30.4181251526, 32.5813713074, -17.9526424408, -2.39254927635, 12.282453537, -1.55882525444, 4.85845422745, 29.2906265259, 84.1982803345, 32.2921562195], [37.3178367615, -16.0419235229, 2.24589061737, 3.41012454033, 22.7694911957, 6.14142084122, -5.59547567368, 15.9615135193, 12.6677017212, -0.656089901924, 15.269821167, 32.2921562195, 85.3069992065]],
