{
"lowlevel": {
    "average_loudness": 0.967987418175,
    "barkbands_crest": {
        "dmean": 2.15029096603,
        "dmean2": 3.51546955109,
        "dvar": 4.16075801849,
        "dvar2": 10.6102151871,
        "max": 24.4317073822,
        "mean": 7.91895008087,
        "median": 7.27262639999,
        "min": 2.20416975021,
        "var": 9.30795860291
    },
    "barkbands_flatness_db": {
        "dmean": 0.0187518019229,
        "dmean2": 0.0291833076626,
        "dvar": 0.000389446737245,
        "dvar2": 0.000897548568901,
        "max": 0.436961293221,
        "mean": 0.102119319141,
        "median": 0.0955027043819,
        "min": 0.0235428884625,
        "var": 0.00144026614726
    },
    "barkbands_kurtosis": {
        "dmean": 1.9214733839,
        "dmean2": 3.06552791595,
        "dvar": 22.7306785583,
        "dvar2": 45.753326416,
        "max": 295.41015625,
        "mean": 1.96587836742,
        "median": 0.195352435112,
        "min": -1.92367887497,
        "var": 60.1151161194
    },
    "barkbands_skewness": {
        "dmean": 0.490138083696,
        "dmean2": 0.755592644215,
        "dvar": 0.312022119761,
        "dvar2": 0.703938543797,
        "max": 12.6870565414,
        "mean": 1.06870663166,
        "median": 0.863662421703,
        "min": -2.07460784912,
        "var": 1.18963170052
    },
    "barkbands_spread": {
        "dmean": 6.35290193558,
        "dmean2": 9.60249710083,
        "dvar": 51.3568077087,
        "dvar2": 104.044273376,
        "max": 113.071517944,
        "mean": 29.3072395325,
        "median": 27.3694076538,
        "min": 0.364031761885,
        "var": 215.118865967
    },
    "dissonance": {
        "dmean": 0.0147938318551,
        "dmean2": 0.0249207876623,
        "dvar": 0.000203623567359,
        "dvar2": 0.000561846653,
        "max": 0.500000059605,
        "mean": 0.472903966904,
        "median": 0.478035390377,
        "min": 0.34958383441,
        "var": 0.000411380518926
    },
    "dynamic_complexity": 2.68090677261,
    "erbbands_crest": {
        "dmean": 2.65405607224,
        "dmean2": 4.30863237381,
        "dvar": 6.29778528214,
        "dvar2": 15.470500946,
        "max": 28.2302379608,
        "mean": 8.45037078857,
        "median": 7.47493553162,
        "min": 2.29586696625,
        "var": 17.023191452
    },
    "erbbands_flatness_db": {
        "dmean": 0.0147288357839,
        "dmean2": 0.0212565138936,
        "dvar": 0.000179099457455,
        "dvar2": 0.000341754261171,
        "max": 0.282143801451,
        "mean": 0.139178484678,
        "median": 0.136262446642,
        "min": 0.0618183985353,
        "var": 0.000990596250631
    },
    "erbbands_kurtosis": {
        "dmean": 0.769220590591,
        "dmean2": 1.21389532089,
        "dvar": 0.807375609875,
        "dvar2": 1.87402439117,
        "max": 11.2866458893,
        "mean": 0.412169575691,
        "median": 0.0422974824905,
        "min": -1.74756741524,
        "var": 2.11572408676
    },
    "erbbands_skewness": {
        "dmean": 0.31908339262,
        "dmean2": 0.490070044994,
        "dvar": 0.0833119601011,
        "dvar2": 0.185061126947,
        "max": 3.12470316887,
        "mean": 0.0523052625358,
        "median": 0.0506594628096,
        "min": -3.16164159775,
        "var": 0.394696891308
    },
    "erbbands_spread": {
        "dmean": 7.85706949234,
        "dmean2": 11.855799675,
        "dvar": 63.7974014282,
        "dvar2": 143.302841187,
        "max": 122.351524353,
        "mean": 38.0434608459,
        "median": 35.6284637451,
        "min": 5.06704568863,
        "var": 273.539703369
    },
    "hfc": {
        "dmean": 9.09703063965,
        "dmean2": 13.4914588928,
        "dvar": 199.96156311,
        "dvar2": 472.531799316,
        "max": 146.168884277,
        "mean": 28.472492218,
        "median": 24.3069114685,
        "min": 1.08230991412e-16,
        "var": 473.338195801
    },
    "melbands_crest": {
        "dmean": 3.24777197838,
        "dmean2": 5.22299718857,
        "dvar": 9.33431529999,
        "dvar2": 23.4081802368,
        "max": 31.2970218658,
        "mean": 13.0185317993,
        "median": 12.6556310654,
        "min": 1.00139927864,
        "var": 22.317325592
    },
    "melbands_flatness_db": {
        "dmean": 0.0262293852866,
        "dmean2": 0.0402504615486,
        "dvar": 0.00085587031208,
        "dvar2": 0.00189952156506,
        "max": 0.548021018505,
        "mean": 0.158166453242,
        "median": 0.151166766882,
        "min": -2.58859216729e-07,
        "var": 0.00332517246716
    },
    "melbands_kurtosis": {
        "dmean": 5.67814683914,
        "dmean2": 9.19387340546,
        "dvar": 119.970199585,
        "dvar2": 297.117340088,
        "max": 296.371368408,
        "mean": 9.26047515869,
        "median": 4.18087768555,
        "min": -1.62297916412,
        "var": 265.3777771
    },
    "melbands_skewness": {
        "dmean": 0.726843774319,
        "dmean2": 1.13307154179,
        "dvar": 0.694125175476,
        "dvar2": 1.61178767681,
        "max": 12.4724798203,
        "mean": 2.24884963036,
        "median": 1.94695937634,
        "min": -1.26448130608,
        "var": 2.41441583633
    },
    "melbands_spread": {
        "dmean": 9.02576828003,
        "dmean2": 14.049405098,
        "dvar": 114.304450989,
        "dvar2": 242.558639526,
        "max": 215.657577515,
        "mean": 32.9225006104,
        "median": 30.3513031006,
        "min": 0.43102940917,
        "var": 428.786865234
    },
    "pitch_salience": {
        "dmean": 0.0697759315372,
        "dmean2": 0.109402559698,
        "dvar": 0.00424569193274,
        "dvar2": 0.0100378068164,
        "max": 0.996091723442,
        "mean": 0.553529202938,
        "median": 0.552577674389,
        "min": 0.180214136839,
        "var": 0.0112461214885
    },
    "silence_rate_20dB": {
        "dmean": 0,
        "dmean2": 0,
        "dvar": 0,
        "dvar2": 0,
        "max": 1,
        "mean": 1,
        "median": 1,
        "min": 1,
        "var": 0
    },
    "silence_rate_30dB": {
        "dmean": 0.00173848250415,
        "dmean2": 0.00347739690915,
        "dvar": 0.00173531554174,
        "dvar2": 0.00520342215896,
        "max": 1,
        "mean": 0.99913084507,
        "median": 1,
        "min": 0,
        "var": 0.000868457660545
    },
    "silence_rate_60dB": {
        "dmean": 0.00596051150933,
        "dmean2": 0.0119225038216,
        "dvar": 0.00592440878972,
        "dvar2": 0.0125270886347,
        "max": 1,
        "mean": 0.0509063825011,
        "median": 0,
        "min": 0,
        "var": 0.0483158193529
    },
    "spectral_centroid": {
        "dmean": 276.505157471,
        "dmean2": 429.922515869,
        "dvar": 99811.5859375,
        "dvar2": 220405.53125,
        "max": 11873.3535156,
        "mean": 1744.34533691,
        "median": 1644.0847168,
        "min": 184.156677246,
        "var": 1308622.25
    },
    "spectral_complexity": {
        "dmean": 4.31441688538,
        "dmean2": 6.52930927277,
        "dvar": 29.9548683167,
        "dvar2": 56.9873962402,
        "max": 61,
        "mean": 24.0049667358,
        "median": 23,
        "min": 0,
        "var": 132.794418335
    },
    "spectral_decrease": {
        "dmean": 2.67623279093e-09,
        "dmean2": 4.17637746608e-09,
        "dvar": 1.55307428259e-17,
        "dvar2": 3.55185300068e-17,
        "max": 4.69408349793e-28,
        "mean": -7.34312299855e-09,
        "median": -6.09834360787e-09,
        "min": -3.97333579372e-08,
        "var": 2.79461216328e-17
    },
    "spectral_energy": {
        "dmean": 0.0106524303555,
        "dmean2": 0.0165325570852,
        "dvar": 0.000236729669268,
        "dvar2": 0.000536967534572,
        "max": 0.153028577566,
        "mean": 0.030297158286,
        "median": 0.0256175920367,
        "min": 1.00690426066e-20,
        "var": 0.000445164274424
    },
    "spectral_energyband_high": {
        "dmean": 0.000664035556838,
        "dmean2": 0.000955573515967,
        "dvar": 1.60612887612e-06,
        "dvar2": 3.58313468496e-06,
        "max": 0.0193777587265,
        "mean": 0.00143346085679,
        "median": 0.000699413882103,
        "min": 6.95979346865e-21,
        "var": 3.85828616345e-06
    },
    "spectral_energyband_low": {
        "dmean": 0.00659222062677,
        "dmean2": 0.0103869037703,
        "dvar": 0.00014457287034,
        "dvar2": 0.000334851793014,
        "max": 0.138959512115,
        "mean": 0.0116249416023,
        "median": 0.00824829936028,
        "min": 1.10590063204e-23,
        "var": 0.000200811788091
    },
    "spectral_energyband_middle_high": {
        "dmean": 0.00258543761447,
        "dmean2": 0.00409084744751,
        "dvar": 1.16891878861e-05,
        "dvar2": 2.80996464426e-05,
        "max": 0.0460834950209,
        "mean": 0.00792896747589,
        "median": 0.00651278439909,
        "min": 1.24517137429e-21,
        "var": 4.22504963353e-05
    },
    "spectral_energyband_middle_low": {
        "dmean": 0.00582186784595,
        "dmean2": 0.00951203983277,
        "dvar": 0.000102881414932,
        "dvar2": 0.000269552052487,
        "max": 0.0914740562439,
        "mean": 0.0106749814004,
        "median": 0.00766555499285,
        "min": 1.37690470835e-22,
        "var": 0.000112330191769
    },
    "spectral_entropy": {
        "dmean": 0.122953683138,
        "dmean2": 0.179181545973,
        "dvar": 0.0185986477882,
        "dvar2": 0.0354423038661,
        "max": 9.82518959045,
        "mean": 7.82794475555,
        "median": 7.81148815155,
        "min": 6.44561338425,
        "var": 0.138498470187
    },
    "spectral_flux": {
        "dmean": 0.0284727644175,
        "dmean2": 0.044760748744,
        "dvar": 0.00124106684234,
        "dvar2": 0.00249833520502,
        "max": 0.336512714624,
        "mean": 0.0929756984115,
        "median": 0.0807385221124,
        "min": 6.36585228975e-11,
        "var": 0.00292071304284
    },
    "spectral_kurtosis": {
        "dmean": 0.85678768158,
        "dmean2": 1.38881599903,
        "dvar": 0.755777716637,
        "dvar2": 1.97882795334,
        "max": 12.1680965424,
        "mean": 3.32526278496,
        "median": 3.30302023888,
        "min": -1.25540661812,
        "var": 2.66848874092
    },
    "spectral_rms": {
        "dmean": 0.000868689094204,
        "dmean2": 0.00131186889485,
        "dvar": 1.1902515098e-06,
        "dvar2": 2.49495997195e-06,
        "max": 0.0122186811641,
        "mean": 0.00507847871631,
        "median": 0.00499927718192,
        "min": 3.1342393958e-12,
        "var": 3.76724915441e-06
    },
    "spectral_rolloff": {
        "dmean": 602.985412598,
        "dmean2": 991.765991211,
        "dvar": 875469.8125,
        "dvar2": 1745249.25,
        "max": 19530.6152344,
        "mean": 2105.78491211,
        "median": 1636.5234375,
        "min": 64.599609375,
        "var": 5297352.5
    },
    "spectral_skewness": {
        "dmean": 0.148207932711,
        "dmean2": 0.229911923409,
        "dvar": 0.0209339801222,
        "dvar2": 0.0468996800482,
        "max": 2.65141391754,
        "mean": 1.40077495575,
        "median": 1.44437122345,
        "min": -0.0924272537231,
        "var": 0.124652251601
    },
    "spectral_spread": {
        "dmean": 468381.53125,
        "dmean2": 676559.875,
        "dvar": 554040360960,
        "dvar2": 1.11086102118e+12,
        "max": 42491348,
        "mean": 5320934.5,
        "median": 4745273,
        "min": 2591786,
        "var": 1.53021170319e+13
    },
    "spectral_strongpeak": {
        "dmean": 0.637901365757,
        "dmean2": 1.09450793266,
        "dvar": 1.09978687763,
        "dvar2": 2.69626379013,
        "max": 10.6708784103,
        "mean": 0.955859899521,
        "median": 0.364131510258,
        "min": 0,
        "var": 1.80574679375
    },
    "zerocrossingrate": {
        "dmean": 0.011495619081,
        "dmean2": 0.0133656989783,
        "dvar": 0.000187131125131,
        "dvar2": 0.000231981641264,
        "max": 0.5283203125,
        "mean": 0.0782310366631,
        "median": 0.06884765625,
        "min": 0.00244140625,
        "var": 0.00318838167004
    },
    "barkbands": {
        "dmean": [4.09648673667e-05, 0.00365883274935, 0.00322544528171, 0.00204662489705, 0.00231218058616, 0.000600408762693, 0.000760944210924, 0.000903822423425, 0.00110567791853, 0.000593342178036, 0.000422724115197, 0.000605982495472, 0.000758270907681, 0.000614318822045, 0.000444196135504, 0.000376438110834, 0.000307919981424, 0.000286227004835, 0.00025511169224, 0.000210355763556, 0.000152887470904, 0.000169387480128, 0.000186221572221, 0.000100416262285, 6.29941860097e-05, 4.05024984502e-05, 4.35468450632e-07],
        "dmean2": [6.62916208967e-05, 0.00593536812812, 0.00519940350205, 0.00356085738167, 0.00397768244147, 0.00100301788189, 0.00121610122733, 0.00144111481495, 0.00170382205397, 0.00094070128398, 0.000693492533173, 0.00100008805748, 0.00125294423196, 0.000998036237434, 0.000730207248125, 0.000606519868597, 0.000505006930325, 0.000469961378258, 0.000429515144788, 0.00035103954724, 0.000247024669079, 0.000270625547273, 0.000272458040854, 0.000145631362102, 9.06040513655e-05, 6.14053642494e-05, 6.94872255735e-07],
        "dvar": [4.5361168155e-09, 4.91472637805e-05, 4.23990604759e-05, 2.62798148469e-05, 2.43953654717e-05, 1.85925023288e-06, 3.38668928634e-06, 3.3810970308e-06, 5.42566203876e-06, 1.55749808073e-06, 5.54141365683e-07, 1.30307557811e-06, 1.51711242324e-06, 1.36803180339e-06, 7.79255799443e-07, 8.33828607938e-07, 2.4694440981e-07, 2.458056656e-07, 1.94571725842e-07, 1.55867851959e-07, 1.0488444957e-07, 1.41540994036e-07, 1.80030767183e-07, 5.93932156789e-08, 1.8962611037e-08, 7.98374788502e-09, 1.08325956712e-12],
        "dvar2": [1.10078302029e-08, 0.000120718505059, 0.000105693659862, 7.32221378712e-05, 6.55572148389e-05, 5.00050100527e-06, 8.30424505693e-06, 8.4366356532e-06, 1.20538579722e-05, 3.57872113455e-06, 1.43854435919e-06, 3.42846533385e-06, 3.88868147638e-06, 3.46593219547e-06, 1.94327412828e-06, 2.04485286304e-06, 6.20438186161e-07, 6.1682459318e-07, 5.24563120052e-07, 4.05068249165e-07, 2.57127908299e-07, 3.36508691134e-07, 4.02473034455e-07, 1.18967825813e-07, 3.97385271356e-08, 1.9170304455e-08, 2.61961719678e-12],
        "max": [0.00213713082485, 0.0979215800762, 0.0741390511394, 0.0594391338527, 0.043290309608, 0.0178526081145, 0.0381456464529, 0.030417252332, 0.0679948925972, 0.032457202673, 0.0122443344444, 0.0310780182481, 0.0230465102941, 0.0260793603957, 0.0163292679936, 0.0238818302751, 0.00799480173737, 0.00753751862794, 0.00841055437922, 0.0093205133453, 0.00857865251601, 0.0107724815607, 0.0140331611037, 0.0066002625972, 0.00514968018979, 0.000861427222844, 6.49023713777e-05],
        "mean": [7.09849628038e-05, 0.00557458540425, 0.00476969406009, 0.002413965296, 0.00280125718564, 0.000947527587414, 0.00111654761713, 0.00129853270482, 0.00185165996663, 0.000995355658233, 0.000656540563796, 0.000952575821429, 0.00124714209232, 0.00105723121669, 0.000721641350538, 0.000640698592179, 0.000533900572918, 0.000529109325726, 0.000471976178233, 0.0003792825446, 0.000256992585491, 0.000303155713482, 0.000332717958372, 0.00019187181897, 0.000127660852741, 5.38730237167e-05, 6.53818744922e-07],
        "median": [5.13110353495e-05, 0.00358146731742, 0.00319121638313, 0.00131628778763, 0.00136024923995, 0.000452653330285, 0.000372457783669, 0.000383760081604, 0.00053588609444, 0.000378364347853, 0.000314027944114, 0.000460264738649, 0.000585198285989, 0.000416123744799, 0.000351460912498, 0.000277800252661, 0.000320937338984, 0.000295152713079, 0.000310895964503, 0.000202140887268, 0.000115967603051, 0.000131812354084, 0.000121559409308, 7.29051462258e-05, 5.95814599365e-05, 1.91890794667e-05, 3.0376287441e-07],
        "min": [6.50066252366e-25, 1.68305327952e-24, 5.74304346852e-25, 1.62239559515e-24, 6.88173144747e-24, 3.35686820898e-24, 1.0455272137e-23, 1.00878152053e-23, 1.51443023784e-23, 1.37015420471e-23, 1.25211055768e-23, 1.91432386776e-23, 2.19564428834e-23, 3.00961290068e-23, 4.44561995157e-23, 4.58462418505e-23, 8.22590010064e-23, 1.0274205209e-22, 1.14871400663e-22, 1.79021228688e-22, 2.15671517018e-22, 2.87874276977e-22, 3.86751137823e-22, 5.86849858996e-22, 8.3829070235e-22, 1.36939437388e-21, 1.96864381364e-21],
        "var": [7.39239958136e-09, 6.14311938989e-05, 4.45873774879e-05, 1.86011457117e-05, 2.02508181246e-05, 2.3822365165e-06, 5.55094538868e-06, 5.68766517972e-06, 1.47030541484e-05, 4.9751665756e-06, 1.07666005533e-06, 2.12641066355e-06, 3.09232132167e-06, 3.55472820956e-06, 1.31772674195e-06, 1.35761194997e-06, 4.64120745391e-07, 4.57548139821e-07, 2.96795889199e-07, 3.02359836724e-07, 1.6126929836e-07, 2.65550767153e-07, 3.74581759388e-07, 1.49205305888e-07, 4.84958668778e-08, 9.58950430174e-09, 1.63978108435e-12]
    },
    "erbbands": {
        "dmean": [0.0536871626973, 1.02103722095, 3.73451805115, 4.8075594902, 9.30307006836, 6.50904417038, 6.00298690796, 4.96476507187, 9.64046287537, 12.980009079, 21.9960708618, 27.4722652435, 17.859413147, 15.5166120529, 17.8670291901, 24.4443073273, 33.3196678162, 27.5313129425, 26.7155475616, 21.2414798737, 17.6565341949, 15.8160409927, 16.2811336517, 13.2060289383, 11.6725482941, 10.0724563599, 6.64711475372, 6.13119745255, 5.95061826706, 5.46605110168, 5.65451288223, 2.82920384407, 1.4148888588, 0.879756629467, 0.407958596945, 0.314554929733, 0.0236944034696, 0.00221026758663, 5.99381564825e-05, 1.49646093632e-05],
        "dmean2": [0.08800021559, 1.65487635136, 6.02044963837, 7.96477794647, 16.280872345, 11.2734794617, 10.2514209747, 8.25129890442, 15.75274086, 20.4110984802, 35.177570343, 41.9013175964, 28.1070652008, 24.7813301086, 29.2821121216, 40.3195838928, 54.9341545105, 43.7761878967, 43.4295463562, 34.6151924133, 27.9965629578, 25.9836139679, 26.6503448486, 22.2066726685, 19.3455200195, 16.7250823975, 11.1537189484, 9.66909599304, 9.60696983337, 8.33527565002, 8.32477092743, 4.08575105667, 2.09527039528, 1.29270327091, 0.589049696922, 0.480398446321, 0.0338983982801, 0.00315540097654, 8.48473282531e-05, 2.2239439204e-05],
        "dvar": [0.00933592859656, 3.88769245148, 55.6990280151, 106.887207031, 524.532775879, 191.558959961, 220.215499878, 144.456863403, 639.869689941, 1001.56195068, 1944.54077148, 3837.62084961, 1559.07263184, 722.092407227, 971.933898926, 1998.2956543, 3188.59155273, 2134.25415039, 2329.86279297, 2330.8984375, 1441.90563965, 679.176452637, 812.094055176, 553.293029785, 408.166229248, 353.081481934, 206.931091309, 179.894165039, 181.074691772, 169.083831787, 175.667877197, 48.146068573, 10.696141243, 4.37285423279, 0.662076771259, 0.487246990204, 0.00196154322475, 1.73319967871e-05, 1.25017152186e-08, 4.40598751927e-10],
        "dvar2": [0.0231117531657, 9.53484153748, 137.936004639, 279.307617188, 1456.5279541, 521.016113281, 605.666381836, 377.483306885, 1632.83361816, 2363.41918945, 4861.01806641, 8192.87890625, 3622.12231445, 1737.77209473, 2543.21508789, 5188.77148438, 8150.65332031, 4947.2421875, 5749.42382812, 5875.27636719, 3372.55932617, 1732.90026855, 2030.41113281, 1482.32312012, 1081.60424805, 909.603515625, 549.271484375, 414.235931396, 433.70791626, 394.345031738, 395.415527344, 98.7004013062, 21.7330303192, 9.65649414062, 1.34264051914, 1.17628777027, 0.00422551715747, 3.46586930391e-05, 2.55277559091e-08, 9.33188082364e-10],
        "max": [2.34628248215, 25.5921077728, 81.0165176392, 124.043861389, 212.212890625, 150.994735718, 249.399032593, 194.180526733, 575.325073242, 791.975341797, 816.840515137, 2109.53271484, 882.97442627, 693.676940918, 668.932617188, 946.626220703, 846.492858887, 730.292358398, 795.875061035, 1137.80529785, 1164.27856445, 459.793304443, 473.822509766, 349.165527344, 409.940795898, 396.254577637, 183.687408447, 444.80657959, 470.027435303, 393.803436279, 561.28515625, 149.623977661, 107.965675354, 77.9586105347, 24.8673706055, 7.55803537369, 0.723113536835, 0.17988319695, 0.00492314808071, 0.000181585142855],
        "mean": [0.0885643288493, 1.515589118, 5.5553817749, 6.84250402451, 10.0369195938, 7.81959486008, 8.39346599579, 7.82226753235, 13.6790552139, 20.3272647858, 34.4364471436, 46.0329780579, 30.8835124969, 27.6529693604, 30.6954021454, 41.8723182678, 58.3552742004, 50.2522659302, 47.4945030212, 37.6641044617, 32.9682884216, 29.9823818207, 31.5739803314, 24.3242511749, 22.751127243, 18.6586494446, 10.6728239059, 10.4841337204, 10.4616117477, 10.5172185898, 9.63041973114, 5.24578094482, 2.68947100639, 1.69985234737, 0.792135238647, 0.404861330986, 0.0451539196074, 0.00473825540394, 0.000137571754749, 4.4729833462e-05],
        "median": [0.062830299139, 0.939353466034, 3.64535856247, 4.34073925018, 4.81030130386, 3.63276529312, 3.75837087631, 3.56929206848, 4.8730096817, 6.96751785278, 13.6182498932, 14.4997367859, 11.5525455475, 15.4478321075, 17.6176624298, 22.8161659241, 29.0438022614, 25.607837677, 22.2057380676, 18.1964454651, 16.0190086365, 18.1280822754, 18.4873428345, 16.3841304779, 14.2469730377, 10.1958179474, 5.08426809311, 4.45656204224, 4.49068689346, 4.62269592285, 3.30907917023, 1.76926112175, 1.09842348099, 0.769170999527, 0.351506143808, 0.136780053377, 0.0206128321588, 0.00243758526631, 7.6076365076e-05, 3.73052862415e-05],
        "min": [7.45169055124e-23, 4.90874946052e-22, 1.10619776123e-21, 6.47701200829e-21, 8.79854407673e-21, 2.64994094697e-20, 4.31164856989e-20, 3.9347569716e-20, 1.16875502374e-19, 2.16737515134e-19, 3.06408223309e-19, 4.59656666674e-19, 4.44553382664e-19, 4.09134904702e-19, 6.26725643714e-19, 1.02502949717e-18, 1.54367825529e-18, 1.91675552991e-18, 2.05472284544e-18, 3.38066255488e-18, 3.62211430094e-18, 4.92753021182e-18, 5.87829987969e-18, 5.2792081172e-18, 6.19859124391e-18, 9.00430433645e-18, 8.80715410925e-18, 1.01546958472e-17, 1.10944664945e-17, 9.76133424279e-18, 1.19843473974e-17, 1.08898526166e-17, 1.08418091394e-17, 7.50958069776e-18, 6.78492788136e-18, 4.336703638e-18, 2.07918960718e-18, 9.8645682444e-19, 2.54779512732e-19, 2.6968577589e-20],
        "var": [0.0129118887708, 4.77129840851, 60.7304801941, 98.7953338623, 357.041656494, 166.239715576, 225.361694336, 215.991607666, 874.616455078, 2019.82495117, 3633.11914062, 10453.40625, 4581.06298828, 1607.24560547, 1858.92150879, 3504.41210938, 6673.47558594, 4956.78710938, 5281.26123047, 3699.96142578, 3111.20727539, 1381.68200684, 1590.39099121, 752.495727539, 758.7109375, 743.337890625, 244.459213257, 327.011962891, 326.051422119, 342.572906494, 340.96786499, 114.686569214, 26.0526618958, 9.62749576569, 1.71697759628, 0.578616917133, 0.00410010805354, 4.54843357147e-05, 3.15278008145e-08, 1.0049321375e-09]
    },
    "gfcc": {
        "mean": [16.3251838684, 77.0862503052, -121.773704529, 38.8679580688, -55.1451797485, 28.5832614899, -37.9295501709, 14.0716762543, -26.3303813934, 2.77068924904, -18.67004776, -2.19660949707, -18.5893344879],
        "cov": [[21842.8789062, 653.902282715, -1550.95898438, 668.463500977, -892.400024414, 459.170928955, -585.100219727, 294.986816406, -397.344848633, 116.275939941, -344.853210449, 21.0703716278, -329.908416748], [653.902282715, 714.325073242, -62.1198310852, 20.4130363464, 128.988540649, -22.7242565155, 68.4083480835, 15.2354001999, 21.8326225281, -41.4351119995, 26.5363693237, -61.3221435547, -15.4939088821], [-1550.95898438, -62.1198310852, 664.241699219, 173.042541504, 138.502578735, 31.020652771, 50.840675354, -13.6391000748, 26.4154891968, -32.5612182617, 11.3402233124, 13.6651763916, 22.5964317322], [668.463500977, 20.4130363464, 173.042541504, 293.727264404, 43.4467506409, 16.5691242218, -19.5658359528, 8.85118103027, -10.516283989, -27.5879306793, -18.6951541901, 11.5060377121, 10.8357686996], [-892.400024414, 128.988540649, 138.502578735, 43.4467506409, 253.714553833, 53.2182617188, 70.1824417114, 10.2051506042, 41.881149292, -15.0838327408, 3.51852965355, -12.7914066315, 24.7992210388], [459.170928955, -22.7242565155, 31.020652771, 16.5691242218, 53.2182617188, 203.061080933, 46.6719360352, 12.8135890961, -3.05854344368, 9.4981880188, -15.1533098221, -4.35519599915, -16.4610786438], [-585.100219727, 68.4083480835, 50.840675354, -19.5658359528, 70.1824417114, 46.6719360352, 158.479415894, 30.8481197357, 20.5424537659, 7.25939941406, 21.5329608917, -16.8084754944, -14.4811820984], [294.986816406, 15.2354001999, -13.6391000748, 8.85118103027, 10.2051506042, 12.8135890961, 30.8481197357, 104.024032593, 40.1666603088, 7.80203294754, -3.49474620819, -13.5847473145, -16.301404953], [-397.344848633, 21.8326225281, 26.4154891968, -10.516283989, 41.881149292, -3.05854344368, 20.5424537659, 40.1666603088, 101.412513733, 15.516872406, 8.99812316895, -10.4627056122, 1.99011766911], [116.275939941, -41.4351119995, -32.5612182617, -27.5879306793, -15.0838327408, 9.4981880188, 7.25939941406, 7.80203294754, 15.516872406, 70.5737762451, 21.3056583405, 6.50189447403, -10.7058391571], [-344.853210449, 26.5363693237, 11.3402233124, -18.6951541901, 3.51852965355, -15.1533098221, 21.5329608917, -3.49474620819, 8.99812316895, 21.3056583405, 81.8504867554, 19.0891609192, 0.685388088226], [21.0703716278, -61.3221435547, 13.6651763916, 11.5060377121, -12.7914066315, -4.35519599915, -16.8084754944, -13.5847473145, -10.4627056122, 6.50189447403, 19.0891609192, 77.3689880371, 28.036857605], [-329.908416748, -15.4939088821, 22.5964317322, 10.8357686996, 24.7992210388, -16.4610786438, -14.4811820984, -16.301404953, 1.99011766911, -10.7058391571, 0.685388088226, 28.036857605, 71.9248809814]],
        "icov": [[0.000200402981136, -0.000419901771238, 0.000359369529178, -0.000620916835032, 0.000596207857598, -0.000649058492854, 0.000655329262372, -0.000721737393178, 0.000583342800383, -0.000630141119473, 0.000649850990158, -0.000489992147777, 0.000498528475873], [-0.000419901771238, 0.00283652869985, -0.000175723689608, 0.000901997613255, -0.00232682586648, 0.00181674421765, -0.00185044005048, 0.00165531970561, -0.00130818714388, 0.00264109089039, -0.00254439073615, 0.00232158717699, -0.000626408786047], [0.000359369529178, -0.000175723689608, 0.0028946402017, -0.00239187642001, 8.09437551652e-05, -0.0010600121459, 0.00045007490553, -0.000471646751976, 0.000335016811732, -9.81083940133e-05, 0.000470616156235, -0.000881560379639, 0.00108995754272], [-0.000620916835032, 0.000901997613255, -0.00239187642001, 0.00647444790229, -0.00215187459253, 0.00170235929545, -0.000775432388764, 0.000912854040507, -0.000788147735875, 0.00250126770698, -0.00113700912334, 0.000590243376791, -0.00152049539611], [0.000596207857598, -0.00232682586648, 8.09437551652e-05, -0.00215187459253, 0.0083369705826, -0.00346174719743, 0.000150022271555, -0.00157230440527, -0.000384132465115, -0.00149298203178, 0.00227259634994, -0.000738525239285, -0.00140609242953], [-0.000649058492854, 0.00181674421765, -0.0010600121459, 0.00170235929545, -0.00346174719743, 0.00818322971463, -0.00368532957509, 0.00211901427247, -0.000908821355551, 0.000872442789841, -0.000395188049879, 0.000870067044161, 0.000115105234727], [0.000655329262372, -0.00185044005048, 0.00045007490553, -0.000775432388764, 0.000150022271555, -0.00368532957509, 0.0112514905632, -0.0048127649352, 0.00250160461292, -0.00236926856451, -0.000285627349513, -0.000547288451344, 0.00265627214685], [-0.000721737393178, 0.00165531970561, -0.000471646751976, 0.000912854040507, -0.00157230440527, 0.00211901427247, -0.0048127649352, 0.0156174618751, -0.0075350929983, 0.00234639062546, -0.00114106631372, 0.00190299574751, 0.000481269671582], [0.000583342800383, -0.00130818714388, 0.000335016811732, -0.000788147735875, -0.000384132465115, -0.000908821355551, 0.00250160461292, -0.0075350929983, 0.0155852129683, -0.00507051311433, 0.00105996488128, 0.000308647926431, -0.000188670994248], [-0.000630141119473, 0.00264109089039, -9.81083940133e-05, 0.00250126770698, -0.00149298203178, 0.000872442789841, -0.00236926856451, 0.00234639062546, -0.00507051311433, 0.0205719098449, -0.00689301406965, 0.000465339777293, 0.0011884579435], [0.000649850990158, -0.00254439073615, 0.000470616156235, -0.00113700912334, 0.00227259634994, -0.000395188049879, -0.000285627349513, -0.00114106631372, 0.00105996488128, -0.00689301406965, 0.0185647066683, -0.0068549704738, 0.00270583247766], [-0.000489992147777, 0.00232158717699, -0.000881560379639, 0.000590243376791, -0.000738525239285, 0.000870067044161, -0.000547288451344, 0.00190299574751, 0.000308647926431, 0.000465339777293, -0.0068549704738, 0.0198443606496, -0.00839392561466], [0.000498528475873, -0.000626408786047, 0.00108995754272, -0.00152049539611, -0.00140609242953, 0.000115105234727, 0.00265627214685, 0.000481269671582, -0.000188670994248, 0.0011884579435, 0.00270583247766, -0.00839392561466, 0.0205251574516]]
    },
    "melbands": {
        "dmean": [0.000735714042094, 0.00172772922087, 0.000966709805652, 0.000566214614082, 0.000219676148845, 0.000111520828796, 0.000148176943185, 0.0001500701037, 0.00018919914146, 0.00016489160771, 9.06449422473e-05, 6.73640533932e-05, 6.1704799009e-05, 6.68403008603e-05, 7.67590172472e-05, 6.48918939987e-05, 5.41761692148e-05, 4.93734005431e-05, 3.05704124912e-05, 2.88488354272e-05, 2.12392587855e-05, 1.69614650076e-05, 1.94929580175e-05, 1.3654369468e-05, 1.14555214168e-05, 9.84857888398e-06, 8.3245240603e-06, 6.64976869302e-06, 4.70413806397e-06, 3.54253393198e-06, 3.87892305298e-06, 3.48489811586e-06, 3.58486454388e-06, 3.05745788864e-06, 3.44447357747e-06, 2.71618250736e-06, 1.55521479428e-06, 1.08738811377e-06, 8.47440674079e-07, 7.49669709421e-07],
        "dmean2": [0.00119872542564, 0.00274503370747, 0.00161668146029, 0.000985515885986, 0.00037959148176, 0.000185778277228, 0.000240642926656, 0.000238348453422, 0.000301686639432, 0.000251288875006, 0.000143143653986, 0.000107097053842, 0.000101217221527, 0.000110435605166, 0.000126964587253, 0.000105752224044, 8.63539098646e-05, 8.02134236437e-05, 4.99510133523e-05, 4.66072124254e-05, 3.36875054927e-05, 2.79247888102e-05, 3.25022083416e-05, 2.20896217797e-05, 1.94334479602e-05, 1.66080426425e-05, 1.39124795169e-05, 1.10728597065e-05, 8.08036384115e-06, 5.7901834225e-06, 6.1340715547e-06, 5.75197327635e-06, 5.71368809688e-06, 4.67489735456e-06, 5.15018791702e-06, 4.01215129386e-06, 2.31556578001e-06, 1.64934670011e-06, 1.26478107632e-06, 1.12497639293e-06],
        "dvar": [1.89708839571e-06, 1.11433810162e-05, 4.56363568446e-06, 1.64064124419e-06, 2.98334271065e-07, 6.96116302379e-08, 1.39364956908e-07, 1.13452976791e-07, 1.31728100428e-07, 1.47514356286e-07, 4.1268705786e-08, 1.44965817128e-08, 1.1333313843e-08, 1.7918285522e-08, 1.54551074161e-08, 1.10502149653e-08, 9.16723141842e-09, 9.14158881926e-09, 5.02109420708e-09, 5.90668047806e-09, 2.48668197145e-09, 7.9229023342e-10, 1.14818132779e-09, 5.30002930432e-10, 4.22265666877e-10, 2.81939888103e-10, 2.80734213653e-10, 1.54814633335e-10, 1.07051222054e-10, 5.27921976967e-11, 7.86899503891e-11, 6.77693734463e-11, 6.67326957582e-11, 5.92525889465e-11, 7.42421332744e-11, 3.61635998924e-11, 1.70347329992e-11, 6.71665414259e-12, 3.44032159531e-12, 3.66595512627e-12],
        "dvar2": [4.73172167403e-06, 2.65358776232e-05, 1.22019682749e-05, 4.47802904091e-06, 8.30365991078e-07, 1.84307893392e-07, 3.51292271716e-07, 2.70340223096e-07, 3.27092720909e-07, 3.07755499307e-07, 9.58410666385e-08, 3.46188144817e-08, 2.96224538232e-08, 4.7410512849e-08, 3.8912077116e-08, 2.73202047651e-08, 2.14706012969e-08, 2.32955450485e-08, 1.30281456734e-08, 1.49155869877e-08, 5.57871260298e-09, 1.99145788748e-09, 3.02193936541e-09, 1.28724153559e-09, 1.14101006421e-09, 7.64763585792e-10, 7.37532201978e-10, 3.87366805299e-10, 2.90900803446e-10, 1.31203242715e-10, 1.79774722886e-10, 1.65544994379e-10, 1.61603952442e-10, 1.42217057575e-10, 1.71443484409e-10, 7.87116344325e-11, 3.60870604232e-11, 1.40139011506e-11, 7.14498902751e-12, 8.4494069727e-12],
        "max": [0.022780764848, 0.0367725789547, 0.0232232566923, 0.0120768900961, 0.00801324658096, 0.00394878443331, 0.00839017890394, 0.00721298577264, 0.00741171790287, 0.0136632351205, 0.00476512219757, 0.00289901928045, 0.00186007574666, 0.00423095840961, 0.0031591465231, 0.00218556425534, 0.00160854612477, 0.00192223140039, 0.00170457724016, 0.00236241566017, 0.00182036170736, 0.000659542623907, 0.00046581440256, 0.000383119011531, 0.000328374124365, 0.000315015495289, 0.000495465064887, 0.000270717398962, 0.000133611159981, 0.000192201463506, 0.00031778390985, 0.000338642159477, 0.000159216113389, 0.000264272763161, 0.000411811488448, 0.00010791625391, 9.09502196009e-05, 7.85208831076e-05, 4.97193432238e-05, 8.28485863167e-05],
        "mean": [0.00117018236779, 0.00268913549371, 0.00133390375413, 0.000653229595628, 0.000298639235552, 0.00017529699835, 0.000213821433135, 0.000229111858062, 0.000299379229546, 0.000273131357972, 0.0001509799622, 0.000115884147817, 0.000100110002677, 0.000102608260931, 0.000131186767248, 0.00011287729285, 9.26649081521e-05, 8.32007353893e-05, 5.04116651427e-05, 4.72018436994e-05, 3.66522945114e-05, 2.95702011499e-05, 3.24812936014e-05, 2.50614921242e-05, 1.87488894881e-05, 1.80370916496e-05, 1.47595656017e-05, 1.15572383947e-05, 6.78484411765e-06, 5.62033665119e-06, 6.27252074992e-06, 5.70839938518e-06, 6.16983243162e-06, 5.68371797272e-06, 5.68960103919e-06, 4.45480327471e-06, 2.78221045846e-06, 1.93619030142e-06, 1.5521794694e-06, 1.38438952035e-06],
        "median": [0.000779321417212, 0.00180705846287, 0.00084399728803, 0.000311932089971, 0.000137895753141, 8.28470147098e-05, 7.61051342124e-05, 7.92694045231e-05, 0.000118244090118, 7.73791907704e-05, 5.10930258315e-05, 5.85051966482e-05, 5.04772142449e-05, 5.00499481859e-05, 6.15868921159e-05, 5.66211529076e-05, 4.19536008849e-05, 3.28834576067e-05, 2.39819055423e-05, 2.08592573472e-05, 1.64102129929e-05, 1.66280478879e-05, 1.88876219909e-05, 1.34408883241e-05, 1.18630123325e-05, 1.11557037599e-05, 8.02049544291e-06, 5.91122534388e-06, 2.98414761346e-06, 2.52720542449e-06, 2.42378860094e-06, 2.33274295169e-06, 2.59140711023e-06, 2.40777353611e-06, 1.95922757484e-06, 1.34925403472e-06, 9.53732865128e-07, 7.55672090236e-07, 6.70365011501e-07, 6.11546397522e-07],
        "min": [1.24512138811e-24, 4.70924766172e-25, 1.62272366268e-24, 1.25846506893e-24, 1.23229312929e-24, 7.10443151558e-25, 1.6039936396e-24, 1.9094108026e-24, 2.14281995331e-24, 2.80061299964e-24, 2.05247151662e-24, 1.61172349039e-24, 1.65247042412e-24, 2.97477021612e-24, 1.93160895404e-24, 2.54817100187e-24, 2.94021613631e-24, 2.84403584817e-24, 3.53618852008e-24, 4.07303005976e-24, 3.84008850635e-24, 3.87859596257e-24, 5.21732250102e-24, 4.33991511463e-24, 3.5344699866e-24, 4.52304799049e-24, 4.6146737902e-24, 4.44125415867e-24, 4.29632502759e-24, 4.92630697992e-24, 5.22260865794e-24, 5.4798116285e-24, 4.87409306546e-24, 5.40376464837e-24, 6.29323214028e-24, 5.72053213929e-24, 5.76754746038e-24, 6.58745319767e-24, 6.64205026092e-24, 6.23842957876e-24],
        "var": [2.46458671427e-06, 1.34464717121e-05, 3.86903639082e-06, 1.2330209529e-06, 2.7596982477e-07, 9.79803900236e-08, 1.98337701818e-07, 2.20422634811e-07, 2.80849377532e-07, 4.16140494508e-07, 1.23708900901e-07, 3.48476163481e-08, 2.23417462308e-08, 2.75820788431e-08, 3.27105666997e-08, 2.54919374498e-08, 2.10328057193e-08, 2.17614264386e-08, 7.74281438964e-09, 7.86175391454e-09, 5.59624968588e-09, 1.73530589898e-09, 1.7013946918e-09, 1.09226427902e-09, 5.26844678994e-10, 4.64407068357e-10, 5.1471887863e-10, 3.30192595488e-10, 1.12387127382e-10, 7.53888618199e-11, 1.43433764865e-10, 1.10883524584e-10, 1.18471482624e-10, 1.09812450799e-10, 1.33692681925e-10, 7.48616307833e-11, 3.78156325698e-11, 1.52645777962e-11, 8.32334721979e-12, 6.91486624904e-12]
    },
    "mfcc": {
        "mean": [-614.225769043, 102.013214111, -3.59761190414, 16.6808700562, 8.13313102722, 11.5527086258, 4.25347757339, 9.68634033203, -2.27473139763, 5.35652065277, 4.04396343231, -1.37508881092, -1.2147589922],
        "cov": [[8682.19726562, 360.498779297, -41.3590583801, 137.891876221, -15.9014577866, 67.1208496094, -23.8595561981, 76.0150680542, -4.12171125412, 58.8554000854, 52.1198158264, 29.2596912384, -19.5642967224], [360.498779297, 776.316162109, -101.600097656, 62.991481781, 57.8766822815, 20.2666301727, 65.4828948975, 44.5050506592, 18.6762771606, 24.9877681732, 49.1248130798, 24.0549602509, 14.527765274], [-41.3590583801, -101.600097656, 434.263153076, 134.158081055, 84.142364502, 56.3959465027, 22.0444908142, 34.6058578491, 4.31739807129, -9.19282722473, -32.9764251709, 14.3733463287, -2.90461468697], [137.891876221, 62.991481781, 134.158081055, 278.480163574, 81.5216751099, 0.926540136337, 6.03855609894, 26.379442215, 18.745847702, -12.2203683853, -32.1794128418, 11.0187206268, 14.0395765305], [-15.9014577866, 57.8766822815, 84.142364502, 81.5216751099, 204.094573975, 58.0136680603, 10.5924940109, 36.2808952332, 43.3757514954, 10.1066637039, -22.5169487, -6.77767419815, 10.1881742477], [67.1208496094, 20.2666301727, 56.3959465027, 0.926540136337, 58.0136680603, 166.060516357, 63.6142845154, 29.6727809906, 18.6158351898, 2.88014006615, 9.46337890625, -13.7076063156, 1.22672796249], [-23.8595561981, 65.4828948975, 22.0444908142, 6.03855609894, 10.5924940109, 63.6142845154, 130.99307251, 39.8083610535, 10.4676208496, 13.9540529251, 22.7254238129, 9.81642723083, 0.356805413961], [76.0150680542, 44.5050506592, 34.6058578491, 26.379442215, 36.2808952332, 29.6727809906, 39.8083610535, 99.0782623291, 36.4681549072, 19.3902435303, 15.1589832306, 4.56526374817, 6.81568098068], [-4.12171125412, 18.6762771606, 4.31739807129, 18.745847702, 43.3757514954, 18.6158351898, 10.4676208496, 36.4681549072, 93.3267364502, 31.0499725342, 6.62654352188, -2.63783693314, -3.581605196], [58.8554000854, 24.9877681732, -9.19282722473, -12.2203683853, 10.1066637039, 2.88014006615, 13.9540529251, 19.3902435303, 31.0499725342, 93.7161941528, 38.3065032959, 5.68895673752, -1.46264243126], [52.1198158264, 49.1248130798, -32.9764251709, -32.1794128418, -22.5169487, 9.46337890625, 22.7254238129, 15.1589832306, 6.62654352188, 38.3065032959, 89.5677566528, 28.2593097687, 1.69341766834], [29.2596912384, 24.0549602509, 14.3733463287, 11.0187206268, -6.77767419815, -13.7076063156, 9.81642723083, 4.56526374817, -2.63783693314, 5.68895673752, 28.2593097687, 75.0203475952, 25.068649292], [-19.5642967224, 14.527765274, -2.90461468697, 14.0395765305, 10.1881742477, 1.22672796249, 0.356805413961, 6.81568098068, -3.581605196, -1.46264243126, 1.69341766834, 25.068649292, 73.6483535767]],
