{
"lowlevel": {
    "average_loudness": 0.892648875713,
    "barkbands_crest": {
        "dmean": 2.66739749908,
        "dmean2": 4.41098356247,
        "dvar": 6.40055370331,
        "dvar2": 17.3690567017,
        "max": 25.3308849335,
        "mean": 9.45314025879,
        "median": 8.63186740875,
        "min": 2.59179997444,
        "var": 14.3651027679
    },
    "barkbands_flatness_db": {
        "dmean": 0.0210562311113,
        "dmean2": 0.0319996960461,
        "dvar": 0.000455481524114,
        "dvar2": 0.000936686818022,
        "max": 0.462358951569,
        "mean": 0.128000825644,
        "median": 0.110871650279,
        "min": 0.0273605845869,
        "var": 0.00453154090792
    },
    "barkbands_kurtosis": {
        "dmean": 4.17831516266,
        "dmean2": 6.57951974869,
        "dvar": 71.4945526123,
        "dvar2": 158.570419312,
        "max": 339.735748291,
        "mean": 7.35173034668,
        "median": 2.56665039062,
        "min": -1.96794712543,
        "var": 275.045684814
    },
    "barkbands_skewness": {
        "dmean": 0.625383198261,
        "dmean2": 0.950871407986,
        "dvar": 0.471256256104,
        "dvar2": 1.03431618214,
        "max": 14.2646951675,
        "mean": 1.88210272789,
        "median": 1.63496923447,
        "min": -3.22161245346,
        "var": 2.37651562691
    },
    "barkbands_spread": {
        "dmean": 6.02577781677,
        "dmean2": 9.25047969818,
        "dvar": 59.1529273987,
        "dvar2": 121.065376282,
        "max": 117.958824158,
        "mean": 23.7077064514,
        "median": 21.0416107178,
        "min": 0.288227260113,
        "var": 242.044342041
    },
    "dissonance": {
        "dmean": 0.0170757062733,
        "dmean2": 0.0276441164315,
        "dvar": 0.000352096103597,
        "dvar2": 0.000847749062814,
        "max": 0.5,
        "mean": 0.461399435997,
        "median": 0.471936613321,
        "min": 0.143474161625,
        "var": 0.00146434130147
    },
    "dynamic_complexity": 3.30709695816,
    "erbbands_crest": {
        "dmean": 2.30654144287,
        "dmean2": 3.6601190567,
        "dvar": 4.77842521667,
        "dvar2": 11.6166725159,
        "max": 30.7481880188,
        "mean": 8.33593559265,
        "median": 7.37766361237,
        "min": 2.32684993744,
        "var": 15.4263086319
    },
    "erbbands_flatness_db": {
        "dmean": 0.0176062565297,
        "dmean2": 0.0236926246434,
        "dvar": 0.000309716822812,
        "dvar2": 0.000534936902113,
        "max": 0.431067585945,
        "mean": 0.136885464191,
        "median": 0.128693550825,
        "min": 0.0415917038918,
        "var": 0.00240566348657
    },
    "erbbands_kurtosis": {
        "dmean": 1.02759718895,
        "dmean2": 1.56360304356,
        "dvar": 5.32111883163,
        "dvar2": 11.2952518463,
        "max": 77.1717453003,
        "mean": 0.662192821503,
        "median": -0.365236759186,
        "min": -1.88855016232,
        "var": 13.7973861694
    },
    "erbbands_skewness": {
        "dmean": 0.359275460243,
        "dmean2": 0.535188674927,
        "dvar": 0.149756386876,
        "dvar2": 0.298086673021,
        "max": 7.60577440262,
        "mean": 0.251202076674,
        "median": 0.181132465601,
        "min": -5.35015249252,
        "var": 0.970716357231
    },
    "erbbands_spread": {
        "dmean": 9.27891635895,
        "dmean2": 13.9157238007,
        "dvar": 102.261810303,
        "dvar2": 224.107009888,
        "max": 159.592376709,
        "mean": 44.7237052917,
        "median": 42.7254714966,
        "min": 0.983439445496,
        "var": 391.952514648
    },
    "hfc": {
        "dmean": 7.45712184906,
        "dmean2": 11.0780725479,
        "dvar": 180.228652954,
        "dvar2": 428.391296387,
        "max": 192.290023804,
        "mean": 20.1777839661,
        "median": 15.0833644867,
        "min": 1.07463493535e-16,
        "var": 421.77835083
    },
    "melbands_crest": {
        "dmean": 3.615847826,
        "dmean2": 5.95673799515,
        "dvar": 12.1001358032,
        "dvar2": 32.6473960876,
        "max": 33.6701316833,
        "mean": 13.6918773651,
        "median": 13.0767011642,
        "min": 1.73314237595,
        "var": 24.6968803406
    },
    "melbands_flatness_db": {
        "dmean": 0.0272143557668,
        "dmean2": 0.0410425178707,
        "dvar": 0.000767513236497,
        "dvar2": 0.00156182853971,
        "max": 0.578696370125,
        "mean": 0.205837935209,
        "median": 0.189281225204,
        "min": 0.00316356890835,
        "var": 0.0070911324583
    },
    "melbands_kurtosis": {
        "dmean": 10.2689161301,
        "dmean2": 16.0884933472,
        "dvar": 342.427825928,
        "dvar2": 783.287231445,
        "max": 475.536834717,
        "mean": 20.0306015015,
        "median": 10.3580627441,
        "min": -1.87778306007,
        "var": 1032.7364502
    },
    "melbands_skewness": {
        "dmean": 0.877257525921,
        "dmean2": 1.32952821255,
        "dvar": 1.03002107143,
        "dvar2": 2.27688002586,
        "max": 18.4498233795,
        "mean": 3.14188075066,
        "median": 2.8023443222,
        "min": -1.07671666145,
        "var": 3.62616658211
    },
    "melbands_spread": {
        "dmean": 7.53679037094,
        "dmean2": 11.6179008484,
        "dvar": 142.19229126,
        "dvar2": 281.072570801,
        "max": 307.68170166,
        "mean": 23.6178474426,
        "median": 17.8995265961,
        "min": 0.312629669905,
        "var": 548.963012695
    },
    "pitch_salience": {
        "dmean": 0.0738234817982,
        "dmean2": 0.122188091278,
        "dvar": 0.00481634121388,
        "dvar2": 0.0134474309161,
        "max": 0.885747373104,
        "mean": 0.573257982731,
        "median": 0.581270575523,
        "min": 0.0441943332553,
        "var": 0.0109732393175
    },
    "silence_rate_20dB": {
        "dmean": 0,
        "dmean2": 0,
        "dvar": 0,
        "dvar2": 0,
        "max": 1,
        "mean": 1,
        "median": 1,
        "min": 1,
        "var": 0
    },
    "silence_rate_30dB": {
        "dmean": 0.0108745954931,
        "dmean2": 0.0217517074198,
        "dvar": 0.0107571212575,
        "dvar2": 0.03192422539,
        "max": 1,
        "mean": 0.994447648525,
        "median": 1,
        "min": 0,
        "var": 0.00552131328732
    },
    "silence_rate_60dB": {
        "dmean": 0.0203609447926,
        "dmean2": 0.0407265983522,
        "dvar": 0.0199440531433,
        "dvar2": 0.0469279773533,
        "max": 1,
        "mean": 0.0743782520294,
        "median": 0,
        "min": 0,
        "var": 0.0688385218382
    },
    "spectral_centroid": {
        "dmean": 245.70942688,
        "dmean2": 377.732330322,
        "dvar": 94832.140625,
        "dvar2": 185366.640625,
        "max": 11527.1337891,
        "mean": 1392.3125,
        "median": 1198.96130371,
        "min": 159.724472046,
        "var": 1445253.625
    },
    "spectral_complexity": {
        "dmean": 4.06848669052,
        "dmean2": 6.15850973129,
        "dvar": 26.3639831543,
        "dvar2": 53.8361740112,
        "max": 58,
        "mean": 18.3272418976,
        "median": 18,
        "min": 0,
        "var": 108.488960266
    },
    "spectral_decrease": {
        "dmean": 3.40443095936e-09,
        "dmean2": 5.4133311167e-09,
        "dvar": 3.29342424109e-17,
        "dvar2": 7.98927828597e-17,
        "max": 1.21212505688e-28,
        "mean": -6.63944366153e-09,
        "median": -4.82815476488e-09,
        "min": -4.58133122549e-08,
        "var": 4.1827135445e-17
    },
    "spectral_energy": {
        "dmean": 0.013346908614,
        "dmean2": 0.0211832169443,
        "dvar": 0.000497587781865,
        "dvar2": 0.00120786868501,
        "max": 0.179784536362,
        "mean": 0.0268889591098,
        "median": 0.0199706982821,
        "min": 9.79889058843e-21,
        "var": 0.000649780675303
    },
    "spectral_energyband_high": {
        "dmean": 0.000526425079443,
        "dmean2": 0.000778507965151,
        "dvar": 1.78236211923e-06,
        "dvar2": 3.98420161218e-06,
        "max": 0.0285805724561,
        "mean": 0.000979628413916,
        "median": 0.000388672546251,
        "min": 7.07919828254e-21,
        "var": 3.68510541193e-06
    },
    "spectral_energyband_low": {
        "dmean": 0.00834699813277,
        "dmean2": 0.0133869228885,
        "dvar": 0.000333174131811,
        "dvar2": 0.000806973257568,
        "max": 0.141303688288,
        "mean": 0.0102477055043,
        "median": 0.00484350929037,
        "min": 1.29083250519e-23,
        "var": 0.00032726363861
    },
    "spectral_energyband_middle_high": {
        "dmean": 0.00149392383173,
        "dmean2": 0.00221241894178,
        "dvar": 5.63687854083e-06,
        "dvar2": 1.17288918773e-05,
        "max": 0.045189935714,
        "mean": 0.00428999168798,
        "median": 0.00293477554806,
        "min": 1.23773341307e-21,
        "var": 2.17898232222e-05
    },
    "spectral_energyband_middle_low": {
        "dmean": 0.00663612037897,
        "dmean2": 0.0110281249508,
        "dvar": 0.00013908087567,
        "dvar2": 0.000369061599486,
        "max": 0.134772211313,
        "mean": 0.0127791147679,
        "median": 0.0084579847753,
        "min": 1.64565939512e-22,
        "var": 0.000176068817382
    },
    "spectral_entropy": {
        "dmean": 0.164569571614,
        "dmean2": 0.230145022273,
        "dvar": 0.0377591252327,
        "dvar2": 0.0651673749089,
        "max": 9.82563018799,
        "mean": 7.55116224289,
        "median": 7.64820289612,
        "min": 4.39992141724,
        "var": 0.36951559782
    },
    "spectral_flux": {
        "dmean": 0.0321442224085,
        "dmean2": 0.0499516911805,
        "dvar": 0.00197409722023,
        "dvar2": 0.00397090101615,
        "max": 0.344382971525,
        "mean": 0.0884905159473,
        "median": 0.0717308521271,
        "min": 6.40415290243e-11,
        "var": 0.00402295170352
    },
    "spectral_kurtosis": {
        "dmean": 1.6361438036,
        "dmean2": 2.64765667915,
        "dvar": 11.0256490707,
        "dvar2": 28.4476699829,
        "max": 93.3607406616,
        "mean": 5.18262672424,
        "median": 4.05744409561,
        "min": -1.55507743359,
        "var": 35.4187545776
    },
    "spectral_rms": {
        "dmean": 0.00108749023639,
        "dmean2": 0.00165605859365,
        "dvar": 2.18087348003e-06,
        "dvar2": 4.96737584399e-06,
        "max": 0.0132438493893,
        "mean": 0.00462231179699,
        "median": 0.00441402383149,
        "min": 3.09190758933e-12,
        "var": 4.86732733407e-06
    },
    "spectral_rolloff": {
        "dmean": 535.195861816,
        "dmean2": 882.419677734,
        "dvar": 1041342.25,
        "dvar2": 2069292,
        "max": 19552.1484375,
        "mean": 1606.81359863,
        "median": 1033.59375,
        "min": 64.599609375,
        "var": 5532822.5
    },
    "spectral_skewness": {
        "dmean": 0.216561749578,
        "dmean2": 0.339993447065,
        "dvar": 0.0877791792154,
        "dvar2": 0.199373021722,
        "max": 8.1350479126,
        "mean": 1.63616943359,
        "median": 1.55320763588,
        "min": -0.294245660305,
        "var": 0.440858632326
    },
    "spectral_spread": {
        "dmean": 616222.9375,
        "dmean2": 839875.125,
        "dvar": 760153505792,
        "dvar2": 1.45494546842e+12,
        "max": 42816108,
        "mean": 5320949.5,
        "median": 4913798.5,
        "min": 817467.375,
        "var": 1.57282006467e+13
    },
    "spectral_strongpeak": {
        "dmean": 0.489988476038,
        "dmean2": 0.836027741432,
        "dvar": 0.816879570484,
        "dvar2": 2.04340648651,
        "max": 13.3104104996,
        "mean": 0.78598678112,
        "median": 0.334200769663,
        "min": 0,
        "var": 1.25533127785
    },
    "zerocrossingrate": {
        "dmean": 0.0112221082672,
        "dmean2": 0.0130791356787,
        "dvar": 0.000236536143348,
        "dvar2": 0.000264088710537,
        "max": 0.5244140625,
        "mean": 0.0685849040747,
        "median": 0.05712890625,
        "min": 0.00439453125,
        "var": 0.00353974523023
    },
    "barkbands": {
        "dmean": [0.000821476860438, 0.00494750542566, 0.00306275929324, 0.0020470765885, 0.00350850564428, 0.000839644635562, 0.000921196828131, 0.00108868279494, 0.000526758376509, 0.00030015601078, 0.000298037542962, 0.000346042710589, 0.000258177315118, 0.000225003866944, 0.000197204484721, 0.00022037565941, 0.000376667216187, 0.000149503015564, 0.00019160946249, 0.00018708218704, 0.000127977313241, 0.000110855675302, 7.20723546692e-05, 7.81162525527e-05, 7.78953399276e-05, 5.72817843931e-05, 6.6700035859e-06],
        "dmean2": [0.00139966444112, 0.00821322016418, 0.00538668921217, 0.00358768762089, 0.00587439769879, 0.00134614331182, 0.00144926470239, 0.0017740027979, 0.000798301654868, 0.000458543072455, 0.000449274753919, 0.000515535182785, 0.000391199282603, 0.000343791907653, 0.00030983707984, 0.000341866863891, 0.000595401506871, 0.00024020030105, 0.000309707451379, 0.000304567773128, 0.00020801924984, 0.000183961848961, 0.000112045301648, 0.000117290095659, 0.000114469905384, 8.34515012684e-05, 1.05679037006e-05],
        "dvar": [6.1527480284e-06, 0.000145653903019, 4.70750819659e-05, 1.54322915478e-05, 6.30886424915e-05, 2.72255692835e-06, 5.01011118104e-06, 7.68282825447e-06, 1.94196150005e-06, 6.06575156326e-07, 7.03971750227e-07, 9.57286488301e-07, 5.98377368988e-07, 3.98262557155e-07, 1.36849365617e-07, 2.14922778241e-07, 4.24093570928e-07, 6.4132144928e-08, 1.15822686553e-07, 2.60530953256e-07, 1.28476798977e-07, 8.01226249791e-08, 3.26463087674e-08, 7.13717653866e-08, 8.42173975002e-08, 1.6899168287e-08, 2.24736437793e-10],
        "dvar2": [1.5809739125e-05, 0.000372622162104, 0.000136121132527, 4.46137783001e-05, 0.000169872277183, 6.50430138194e-06, 1.17486415547e-05, 1.81277337106e-05, 4.69605629405e-06, 1.29810155158e-06, 1.47458501942e-06, 1.98656380235e-06, 1.22725327856e-06, 8.44654323373e-07, 3.25466913864e-07, 4.69625319965e-07, 1.00281704363e-06, 1.51200950427e-07, 2.83429386627e-07, 6.29108569683e-07, 3.0557947639e-07, 2.1326295041e-07, 7.85209195442e-08, 1.56943499974e-07, 1.76936779894e-07, 3.83990830244e-08, 5.5376320196e-10],
        "max": [0.0180068425834, 0.117662250996, 0.0711064338684, 0.0410311147571, 0.0978313088417, 0.0343190468848, 0.0535920187831, 0.0388624891639, 0.0305885896087, 0.0230372659862, 0.0251402501017, 0.0217337571084, 0.0271287877113, 0.0223442222923, 0.00931345112622, 0.0115432739258, 0.0226837620139, 0.00589411379769, 0.00700485659763, 0.0128050344065, 0.00982982479036, 0.00473408866674, 0.00394914345816, 0.00714645907283, 0.0081204790622, 0.00266699143685, 0.000296128098853],
        "mean": [0.00059153768234, 0.00513864215463, 0.00325990864076, 0.00237585790455, 0.0047304215841, 0.00148088147398, 0.00152425933629, 0.00152319879271, 0.000885599525645, 0.000495320127811, 0.000503203598782, 0.000524186703842, 0.000381193152862, 0.000344608328305, 0.000321029045153, 0.000376750045689, 0.000659042154439, 0.00028307933826, 0.000369663175661, 0.000283400411718, 0.000191946091945, 0.000162781303516, 0.000122288751299, 0.000133413836011, 0.000129610838485, 8.89656148502e-05, 8.18535318103e-06],
        "median": [4.00668941438e-05, 0.00192972575314, 0.00160921923816, 0.00126806669869, 0.00228364160284, 0.000680657394696, 0.000424594501965, 0.000242699097726, 0.000219937719521, 0.000155416695634, 0.000131910026539, 0.000157993126777, 0.000105950522993, 0.00011717282905, 0.000165995952557, 0.000174872548087, 0.000351422961103, 0.000160753901582, 0.00019729687483, 0.000108369189547, 7.04399790266e-05, 6.51635127724e-05, 4.07300467486e-05, 3.49902911694e-05, 3.44107356796e-05, 2.53755570156e-05, 1.64353798482e-06],
        "min": [1.7459207605e-25, 1.79791596327e-24, 1.25857284705e-24, 9.05471113092e-25, 8.84934697146e-24, 1.34452474498e-23, 6.11857596928e-24, 9.29291083669e-24, 1.76513196901e-23, 1.29471922287e-23, 1.98111214521e-23, 2.1356037693e-23, 2.63271661718e-23, 2.39892317288e-23, 3.51009339577e-23, 5.59026091158e-23, 6.93719483777e-23, 9.09653495839e-23, 1.29995542912e-22, 1.87531977626e-22, 2.79247698014e-22, 3.10146054385e-22, 4.47584884903e-22, 5.81734102336e-22, 8.06905801816e-22, 1.2991173433e-21, 1.92515301579e-21],
        "var": [4.62723846795e-06, 0.000123254620121, 3.27464003931e-05, 1.27473504108e-05, 5.94313751208e-05, 5.64153197047e-06, 9.51269339566e-06, 1.39869889608e-05, 4.16621196564e-06, 1.16613273349e-06, 2.22616449719e-06, 1.74992044322e-06, 1.18189109344e-06, 7.77667651164e-07, 2.35938586002e-07, 4.54669788041e-07, 8.68590632308e-07, 1.65104296457e-07, 2.99727219044e-07, 3.86875541381e-07, 2.05857091373e-07, 9.67515347838e-08, 5.56344694758e-08, 1.26369727127e-07, 1.61593490589e-07, 2.85195120853e-08, 2.57183663255e-10]
    },
    "erbbands": {
        "dmean": [0.210108265281, 0.905894219875, 2.93961071968, 5.80969715118, 8.97774982452, 13.7793960571, 7.47159099579, 7.02436304092, 13.1351566315, 17.6333751678, 18.879234314, 12.6522264481, 10.2769956589, 7.15010213852, 13.2935628891, 13.3957843781, 12.2656030655, 11.4149904251, 8.39356422424, 9.81849479675, 14.7315616608, 16.8772792816, 8.74526596069, 9.04102611542, 9.08118152618, 8.99558162689, 6.30053043365, 4.51550340652, 3.99055933952, 3.06022953987, 1.97704088688, 1.69023430347, 1.2779006958, 0.979491531849, 0.517303109169, 0.248192578554, 0.103568524122, 0.0250381827354, 0.000575874117203, 2.66587176156e-05],
        "dmean2": [0.367240190506, 1.46586060524, 5.05775880814, 10.222202301, 15.3398885727, 23.1420555115, 12.0871658325, 11.2421264648, 20.4143257141, 28.4762763977, 30.4715557098, 18.8868637085, 15.9231100082, 10.6052923203, 19.7681369781, 19.7936210632, 18.4366397858, 17.3522567749, 13.1164655685, 15.3821334839, 22.773475647, 26.4996471405, 13.924495697, 14.8624162674, 14.7500019073, 14.6485090256, 10.1870260239, 7.44434499741, 6.6159954071, 5.03019094467, 3.03648138046, 2.57622265816, 1.90621161461, 1.44317662716, 0.765937507153, 0.370945096016, 0.152424797416, 0.0375748574734, 0.000869239796884, 3.88282896893e-05],
        "dvar": [0.402823001146, 3.43330669403, 39.1600952148, 151.461166382, 253.349349976, 1249.11413574, 214.859222412, 217.807662964, 957.714599609, 1786.33178711, 2516.75244141, 939.615600586, 751.336242676, 448.600708008, 1383.69714355, 1237.2845459, 1108.22216797, 1137.04943848, 259.263031006, 318.699188232, 711.471435547, 839.886169434, 216.299041748, 309.114868164, 290.636932373, 598.637878418, 339.683746338, 132.694152832, 107.671836853, 61.8978919983, 25.7823448181, 28.2945423126, 21.9618854523, 15.5081996918, 3.36821818352, 0.413790285587, 0.0506191626191, 0.00315731344745, 1.65283120168e-06, 2.09514960936e-09],
        "dvar2": [1.08693814278, 8.48443031311, 111.51990509, 439.232421875, 696.431640625, 3349.50756836, 536.842834473, 519.711914062, 2175.97729492, 4238.50683594, 5941.40087891, 2084.44262695, 1672.98388672, 986.105651855, 2832.29833984, 2633.14038086, 2284.56176758, 2325.00708008, 592.531921387, 761.75994873, 1591.30407715, 1965.93334961, 498.946075439, 780.691223145, 712.152770996, 1453.72912598, 802.228149414, 324.843109131, 285.459716797, 165.448257446, 60.8156967163, 64.0191726685, 48.5135726929, 32.799243927, 7.14895105362, 0.930128991604, 0.114626780152, 0.00748518202454, 3.92229139834e-06, 4.6757908656e-09],
        "max": [5.10797214508, 19.5891933441, 60.9858627319, 112.828712463, 263.791870117, 400.600158691, 222.431762695, 318.391418457, 803.302368164, 713.816650391, 1103.22131348, 750.856262207, 798.313354492, 860.64440918, 998.620117188, 1116.7598877, 775.329345703, 1178.82019043, 390.184997559, 413.217041016, 759.182556152, 982.908752441, 417.290100098, 421.992340088, 312.717285156, 583.936950684, 493.138885498, 266.666595459, 206.91607666, 133.493469238, 103.385162354, 149.169235229, 132.200790405, 111.140792847, 70.0178146362, 16.9033737183, 4.06149482727, 0.969389677048, 0.0228609070182, 0.000607907655649],
        "mean": [0.16903346777, 1.08418369293, 3.38657259941, 6.72968959808, 11.827038765, 16.7253761292, 12.0728988647, 12.4789018631, 23.2699108124, 27.0032901764, 27.0573234558, 22.8827228546, 16.9741516113, 12.6116638184, 24.7871856689, 22.0463256836, 19.6648025513, 18.2049465179, 14.7843942642, 17.6871032715, 27.9817066193, 31.4683189392, 18.43592453, 17.9522609711, 16.2373008728, 13.8777809143, 9.39720535278, 6.97035503387, 5.83252239227, 4.61388921738, 3.38750123978, 2.88060426712, 2.07855629921, 1.54020750523, 0.86006462574, 0.397393703461, 0.157519578934, 0.0346782617271, 0.000803900242317, 5.42640045751e-05],
        "median": [0.0339398272336, 0.508184492588, 1.82344853878, 3.59776973724, 6.07336330414, 6.8720664978, 5.41441440582, 6.03525781631, 7.15457248688, 5.90566444397, 5.62457418442, 6.29750394821, 5.54628181458, 4.39694786072, 6.62082099915, 7.75953578949, 6.46787405014, 6.35960531235, 7.7353644371, 9.39825344086, 14.8146743774, 18.130695343, 10.9328975677, 9.43753242493, 8.78272342682, 5.29795122147, 3.15490698814, 2.89372563362, 2.30821013451, 1.65190434456, 1.06421947479, 0.828882455826, 0.496404498816, 0.335790902376, 0.252587288618, 0.122424170375, 0.0426900498569, 0.00825410708785, 0.000206018477911, 3.51843227691e-05],
        "min": [6.29447388623e-23, 5.84623832361e-22, 1.99624834126e-21, 4.90933753424e-21, 1.41699916339e-20, 2.19754197592e-20, 3.82152337744e-20, 1.19039406856e-19, 1.24116628531e-19, 2.26197294791e-19, 2.91107837669e-19, 3.00575152424e-19, 4.17453291436e-19, 8.59723603911e-19, 1.15718028543e-18, 1.53293100779e-18, 1.52228777824e-18, 2.6958930789e-18, 2.40804601305e-18, 3.00438864078e-18, 4.11014341772e-18, 4.53825074375e-18, 5.17633290519e-18, 6.44903671797e-18, 7.22442589801e-18, 9.55604042247e-18, 8.24637528478e-18, 1.00288237734e-17, 1.05574798659e-17, 1.1696936049e-17, 1.24765703199e-17, 1.00317743266e-17, 9.66939477207e-18, 7.49935674539e-18, 5.64039570449e-18, 3.62993405286e-18, 2.39334535921e-18, 8.1846667839e-19, 2.49188986712e-19, 2.80661444799e-20],
        "var": [0.280445635319, 3.42129874229, 29.2705192566, 112.392272949, 278.234588623, 1058.83789062, 358.853240967, 411.223693848, 1960.19714355, 3592.86669922, 4105.85009766, 2536.13916016, 1377.94189453, 889.16394043, 4854.18847656, 2350.41357422, 2343.26391602, 2310.27026367, 501.301727295, 684.774719238, 1772.28149414, 1736.61987305, 657.161987305, 844.352355957, 531.922180176, 880.652038574, 573.629394531, 208.270675659, 131.037002563, 75.9012832642, 45.6753311157, 47.8641090393, 38.0503005981, 28.0442943573, 6.61367177963, 0.746688067913, 0.0813075602055, 0.00422977702692, 2.18688387577e-06, 3.58450158444e-09]
    },
    "gfcc": {
        "mean": [-14.5516319275, 84.44896698, -97.8248977661, 36.0844917297, -48.1928482056, 6.29575109482, -42.8043632507, 10.3668193817, -27.891418457, 2.3232486248, -21.2524814606, 3.54572248459, -16.5858516693],
        "cov": [[24714.1132812, -1028.47290039, -1938.54577637, 383.361022949, -763.974365234, 610.93170166, -374.830993652, 551.977355957, -396.85736084, 454.800567627, -469.317962646, 407.167694092, -423.856536865], [-1028.47290039, 1464.34228516, -235.364624023, -123.670982361, 93.2903747559, -248.539535522, 34.7452850342, -138.307022095, 76.3335342407, -142.314697266, 87.5915679932, -99.7883987427, 54.4368400574], [-1938.54577637, -235.364624023, 926.180969238, 80.7902908325, 34.3506546021, 72.9010314941, -28.9626712799, -18.607667923, 2.26642608643, 20.5621299744, 12.731221199, -5.98597383499, 8.01871776581], [383.361022949, -123.670982361, 80.7902908325, 435.365539551, 109.527374268, 26.7682666779, 12.3239545822, 12.2976961136, 18.3990154266, 10.3989648819, 1.04276454449, -2.68635320663, 47.3364524841], [-763.974365234, 93.2903747559, 34.3506546021, 109.527374268, 385.942596436, 5.59888029099, 71.7520675659, 18.16065979, 64.1152267456, -1.15047872066, 13.1412239075, 17.0392799377, 30.7804832458], [610.93170166, -248.539535522, 72.9010314941, 26.7682666779, 5.59888029099, 212.199172974, 56.1274604797, 53.0191841125, -20.7094898224, 42.2411689758, -11.8992996216, 16.9912986755, -22.7133350372], [-374.830993652, 34.7452850342, -28.9626712799, 12.3239545822, 71.7520675659, 56.1274604797, 204.490905762, 32.186416626, 37.5934181213, 4.41527795792, 14.9178581238, -5.2492017746, 1.67868959904], [551.977355957, -138.307022095, -18.607667923, 12.2976961136, 18.16065979, 53.0191841125, 32.186416626, 117.911399841, 20.6402111053, 28.6908740997, -10.2753639221, 20.1199951172, -13.080824852], [-396.85736084, 76.3335342407, 2.26642608643, 18.3990154266, 64.1152267456, -20.7094898224, 37.5934181213, 20.6402111053, 99.4220046997, 16.4886455536, 13.8928833008, -6.20616340637, 5.09356069565], [454.800567627, -142.314697266, 20.5621299744, 10.3989648819, -1.15047872066, 42.2411689758, 4.41527795792, 28.6908740997, 16.4886455536, 86.193107605, 7.7511920929, 14.8775367737, -22.7379646301], [-469.317962646, 87.5915679932, 12.731221199, 1.04276454449, 13.1412239075, -11.8992996216, 14.9178581238, -10.2753639221, 13.8928833008, 7.7511920929, 85.4182357788, 4.57817029953, 11.3524246216], [407.167694092, -99.7883987427, -5.98597383499, -2.68635320663, 17.0392799377, 16.9912986755, -5.2492017746, 20.1199951172, -6.20616340637, 14.8775367737, 4.57817029953, 90.4335098267, 11.0794630051], [-423.856536865, 54.4368400574, 8.01871776581, 47.3364524841, 30.7804832458, -22.7133350372, 1.67868959904, -13.080824852, 5.09356069565, -22.7379646301, 11.3524246216, 11.0794630051, 78.7224731445]],
        "icov": [[0.000157027665409, -0.000235378654907, 0.000314930395689, -0.000386143481592, 0.000285034562694, -0.000366260355804, 0.000313554744935, -0.000522281217854, 0.000541284854989, -0.000781979877502, 0.000789344543591, -0.000759180868044, 0.000629879999906], [-0.000235378654907, 0.00165890343487, -0.000214007915929, 0.000944607658312, -0.00072750338586, 0.00125962344464, -0.000662484788336, 0.00159929366782, -0.00166121032089, 0.00265784421936, -0.00231373682618, 0.00211359118111, -0.0011215438135], [0.000314930395689, -0.000214007915929, 0.00185573112685, -0.000852445897181, 0.000417200819356, -0.00121478491928, 0.000972532434389, -0.000490023114253, 0.00068861147156, -0.00138437945861, 0.00115042773541, -0.00116000138223, 0.00110434845556], [-0.000386143481592, 0.000944607658312, -0.000852445897181, 0.00379149662331, -0.00147293577902, 0.000730133091565, -0.000611019844655, 0.00127960182726, -0.00152226863429, 0.00165138219018, -0.00201570871286, 0.00280484068207, -0.00344166136347], [0.000285034562694, -0.00072750338586, 0.000417200819356, -0.00147293577902, 0.00391759444028, -0.00086757261306, -0.000219643014134, -0.00106017035432, -0.000678693701047, -0.00118815142196, 0.00170922500547, -0.0024814340286, 0.000730854982976], [-0.000366260355804, 0.00125962344464, -0.00121478491928, 0.000730133091565, -0.00086757261306, 0.00845700595528, -0.00312351691537, -0.000618954712991, 0.00148922565859, -0.000182654403034, -0.00159308151342, 0.00179603404831, -0.00058746850118], [0.000313554744935, -0.000662484788336, 0.000972532434389, -0.000611019844655, -0.000219643014134, -0.00312351691537, 0.00712730921805, -0.00193025940098, -0.00103679636959, -0.000532193633262, 0.000501380476635, -0.00076587748481, 0.0010754968971], [-0.000522281217854, 0.00159929366782, -0.000490023114253, 0.00127960182726, -0.00106017035432, -0.000618954712991, -0.00193025940098, 0.0135627696291, -0.00504167051986, 0.00190176733304, -0.00165770854801, 0.000869954819791, -0.00111462408677], [0.000541284854989, -0.00166121032089, 0.00068861147156, -0.00152226863429, -0.000678693701047, 0.00148922565859, -0.00103679636959, -0.00504167051986, 0.0166959166527, -0.00739214709029, 0.00231557548977, -0.00128947990015, 0.00141989369877], [-0.000781979877502, 0.00265784421936, -0.00138437945861, 0.00165138219018, -0.00118815142196, -0.000182654403034, -0.000532193633262, 0.00190176733304, -0.00739214709029, 0.0217471402138, -0.00743154715747, 0.00234213424847, 0.00134073849767], [0.000789344543591, -0.00231373682618, 0.00115042773541, -0.00201570871286, 0.00170922500547, -0.00159308151342, 0.000501380476635, -0.00165770854801, 0.00231557548977, -0.00743154715747, 0.0178977288306, -0.00541352760047, 0.00141529703978], [-0.000759180868044, 0.00211359118111, -0.00116000138223, 0.00280484068207, -0.0024814340286, 0.00179603404831, -0.00076587748481, 0.000869954819791, -0.00128947990015, 0.00234213424847, -0.00541352760047, 0.017286349088, -0.00636050663888], [0.000629879999906, -0.0011215438135, 0.00110434845556, -0.00344166136347, 0.000730854982976, -0.00058746850118, 0.0010754968971, -0.00111462408677, 0.00141989369877, 0.00134073849767, 0.00141529703978, -0.00636050663888, 0.0191498659551]]
    },
    "melbands": {
        "dmean": [0.00158820871729, 0.0013608247973, 0.00101053947583, 0.000885939225554, 0.000311970739858, 0.000161070129252, 0.000195253262063, 0.000213346545934, 0.000149248546222, 7.31892359909e-05, 5.05372918269e-05, 2.85851092485e-05, 4.29508872912e-05, 3.80201890948e-05, 3.36173579853e-05, 2.25732092076e-05, 2.35505540331e-05, 1.32802479129e-05, 1.53037126438e-05, 1.47416030813e-05, 2.03778399737e-05, 2.26180491154e-05, 1.17065937957e-05, 6.6568281909e-06, 8.18490389065e-06, 7.22139566278e-06, 6.70036297379e-06, 6.2375042944e-06, 4.32465958511e-06, 3.23521226164e-06, 2.60439924205e-06, 2.47699085776e-06, 2.00804561246e-06, 1.6580272586e-06, 1.17530862553e-06, 1.13617056741e-06, 1.06014886114e-06, 9.34228921778e-07, 8.79356207406e-07, 8.68759116202e-07],
        "dmean2": [0.00268031982705, 0.00226012710482, 0.00176808855031, 0.00149787182454, 0.00050566898426, 0.000257351319306, 0.000303973909467, 0.000346637505572, 0.000238071312197, 0.000109316744783, 7.86417731433e-05, 4.26047299698e-05, 6.39582067379e-05, 5.60039188713e-05, 5.01634567627e-05, 3.46058077412e-05, 3.58652432624e-05, 2.07547836908e-05, 2.40768185904e-05, 2.29961551668e-05, 3.18448073813e-05, 3.58592806151e-05, 1.87679106602e-05, 1.07835612653e-05, 1.35548662001e-05, 1.18127427413e-05, 1.08530775833e-05, 1.02499179775e-05, 7.10320136932e-06, 5.35635126653e-06, 4.31491389463e-06, 4.14339911003e-06, 3.37692972607e-06, 2.72597230833e-06, 1.82962071449e-06, 1.77403046564e-06, 1.64200969266e-06, 1.43028762523e-06, 1.32005527576e-06, 1.30475063997e-06],
        "dvar": [1.87862424355e-05, 7.40190444048e-06, 3.94803510062e-06, 4.41186875832e-06, 3.75836293642e-07, 1.06540667844e-07, 2.17235339051e-07, 2.71750735692e-07, 1.65491030657e-07, 3.00574036771e-08, 1.86657871382e-08, 7.43661976443e-09, 1.41553533339e-08, 1.04911590526e-08, 1.10202584835e-08, 4.91805973724e-09, 4.64590232951e-09, 7.74799557846e-10, 9.97266269565e-10, 1.09209286059e-09, 1.37476008355e-09, 1.71898217882e-09, 4.11798622979e-10, 1.33650687739e-10, 2.77953743355e-10, 1.62570373829e-10, 2.35329006282e-10, 3.33801458696e-10, 1.76214737246e-10, 8.80325326524e-11, 4.02650517095e-11, 4.06728747904e-11, 2.98138666532e-11, 1.71433093415e-11, 9.38073316942e-12, 8.38740795567e-12, 1.37170162381e-11, 1.1983131501e-11, 1.24309859281e-11, 1.2638727738e-11],
        "dvar2": [4.91219725518e-05, 1.99632340809e-05, 1.14208723971e-05, 1.19187488963e-05, 9.57489874054e-07, 2.51753505154e-07, 4.96272036798e-07, 6.46370210688e-07, 3.85859209473e-07, 6.69721629265e-08, 4.13031671087e-08, 1.62479256716e-08, 2.89790378361e-08, 2.10277857349e-08, 2.40560673603e-08, 1.00690780158e-08, 9.63708401969e-09, 1.77648384891e-09, 2.40808284424e-09, 2.3781612235e-09, 3.09696579492e-09, 4.08152578402e-09, 9.49530010175e-10, 3.19324094944e-10, 7.0240624428e-10, 3.97388899565e-10, 5.67987157307e-10, 8.35492897089e-10, 4.27013868709e-10, 2.17001541736e-10, 9.88508372379e-11, 1.07898565083e-10, 8.13623335372e-11, 4.54563990615e-11, 2.23397394333e-11, 1.94034319861e-11, 3.21989691854e-11, 2.71549935316e-11, 2.75110437903e-11, 2.7189236973e-11],
        "max": [0.0384941212833, 0.0237739235163, 0.0188738889992, 0.0252673700452, 0.00940375123173, 0.00691847503185, 0.0123098390177, 0.00823264010251, 0.00931899249554, 0.00411267159507, 0.00409987289459, 0.00357004418038, 0.00378403696232, 0.00281302491203, 0.00255347206257, 0.00285595632158, 0.00239354837686, 0.000774148909841, 0.000907728157472, 0.000989947933704, 0.0010383836925, 0.00153223588131, 0.00054565310711, 0.000253635662375, 0.000424871308496, 0.00024452075013, 0.000352912873495, 0.000491960614454, 0.000314101169351, 0.000277547514997, 0.000177997149876, 0.000137708426337, 8.89918665052e-05, 7.78258181526e-05, 6.82091704221e-05, 6.23328305664e-05, 0.000104499973531, 9.82015844784e-05, 9.43814229686e-05, 9.50733374339e-05],
        "mean": [0.00147185486276, 0.00169154710602, 0.00127248023637, 0.00111083581578, 0.000485920230858, 0.000288953015115, 0.000343264604453, 0.000314586795866, 0.000218364206376, 0.00012922861788, 8.04374212748e-05, 4.70500672236e-05, 7.73309584474e-05, 6.30006907159e-05, 5.24481110915e-05, 3.28903406626e-05, 3.5729524825e-05, 2.24842497119e-05, 2.44335296884e-05, 2.52502723015e-05, 3.6151803215e-05, 3.75959425583e-05, 2.16044209083e-05, 1.26127370095e-05, 1.49094075823e-05, 1.27620169224e-05, 1.01316591099e-05, 9.01339717529e-06, 6.19630873189e-06, 4.51273854196e-06, 3.90316108678e-06, 3.51038124791e-06, 2.69917291007e-06, 2.49091749538e-06, 1.90323783045e-06, 1.90052116977e-06, 1.69497934621e-06, 1.47362743519e-06, 1.33128025936e-06, 1.3063707911e-06],
        "median": [0.000428729690611, 0.000944072206039, 0.000756593653932, 0.000510888115969, 0.000220960864681, 0.000132448840304, 0.000101565135992, 5.84702356718e-05, 4.56591333204e-05, 3.43698520737e-05, 2.37418989855e-05, 1.54933022714e-05, 1.97509179998e-05, 1.98245361389e-05, 1.81128252734e-05, 9.85772112472e-06, 1.12544339572e-05, 1.10390583359e-05, 1.22123274195e-05, 1.18704010674e-05, 1.80879051186e-05, 1.99422902369e-05, 1.14335070975e-05, 7.1229360401e-06, 7.10526956027e-06, 6.89113858243e-06, 4.62024945591e-06, 2.87865668724e-06, 1.90979926629e-06, 1.50898006268e-06, 1.64063487773e-06, 1.37211588935e-06, 9.19993681237e-07, 8.71790462043e-07, 5.73804413762e-07, 5.77844389227e-07, 4.56110399227e-07, 3.50353673184e-07, 2.90850266538e-07, 2.73847973631e-07],
        "min": [8.57170244549e-25, 1.07584988305e-24, 1.0642699966e-24, 8.5344830019e-25, 1.47612658383e-24, 2.7900964977e-24, 1.8166401685e-24, 2.52250560953e-24, 1.88869432915e-24, 2.15137140274e-24, 1.63373616092e-24, 2.33678901699e-24, 2.82477462588e-24, 2.85843749007e-24, 2.96034135851e-24, 3.29773894261e-24, 4.34135320806e-24, 3.4463790726e-24, 3.11586528598e-24, 4.4721704064e-24, 3.70845602026e-24, 4.36655455297e-24, 3.5924275973e-24, 4.41905600722e-24, 4.11079756446e-24, 4.86416525097e-24, 4.7043021941e-24, 5.1063096557e-24, 5.53798735924e-24, 4.71019932379e-24, 4.63944993908e-24, 4.95507003181e-24, 5.50760556477e-24, 6.22687986625e-24, 6.36765209479e-24, 5.67093684861e-24, 4.52540668459e-24, 6.62040391768e-24, 6.70597402665e-24, 5.43221886122e-24],
        "var": [1.45522099047e-05, 6.48414606985e-06, 3.12546330861e-06, 3.83792894354e-06, 5.48764433006e-07, 2.19301597326e-07, 4.45384756631e-07, 5.52961125777e-07, 2.85494280661e-07, 7.99700998755e-08, 3.41011663352e-08, 1.39924951625e-08, 5.11814519655e-08, 2.39296529259e-08, 1.82498851586e-08, 9.55112966494e-09, 9.39286781687e-09, 1.46860346106e-09, 1.59532476118e-09, 2.23283369571e-09, 3.29124549836e-09, 3.01904479194e-09, 1.14755049907e-09, 3.36421168701e-10, 7.12844561157e-10, 3.42749578719e-10, 3.43095912791e-10, 4.61503057991e-10, 2.82097900595e-10, 1.27466356914e-10, 6.08480488218e-11, 4.87900206347e-11, 3.11666005504e-11, 2.20803653139e-11, 1.58621761559e-11, 1.47346180396e-11, 2.10850503723e-11, 1.93564938383e-11, 2.04714110247e-11, 2.20059023087e-11]
    },
    "mfcc": {
        "mean": [-656.729675293, 117.373497009, 7.11528110504, 32.1226425171, 12.3745756149, 1.84302461147, -2.75147032738, 3.05690288544, -1.83218681812, -3.01117348671, -3.21146893501, 0.261379688978, 0.227337136865],
        "cov": [[12080.8623047, -722.17956543, -865.211853027, -31.1513328552, -169.837966919, 179.180786133, 170.892547607, 280.657440186, 201.403167725, 208.966674805, 139.812713623, 118.185661316, 134.171401978], [-722.17956543, 1313.29992676, -143.680847168, 36.2615318298, -0.760115504265, -50.967010498, -65.6522216797, 5.69836235046, -39.7916946411, -71.4014663696, 13.3352956772, -6.86877822876, -1.02320575714], [-865.211853027, -143.680847168, 763.446655273, 7.03849363327, 31.6128158569, 15.359711647, 1.03364419937, -62.2924156189, -47.2030944824, -0.989899396896, -39.0405769348, -10.125333786, -3.58750796318], [-31.1513328552, 36.2615318298, 7.03849363327, 385.693664551, 143.285461426, 47.9007148743, 17.6400985718, 15.2873487473, 48.2279205322, 17.2157249451, -22.0819721222, 7.39314889908, 7.89441204071], [-169.837966919, -0.760115504265, 31.6128158569, 143.285461426, 275.079193115, 47.7293968201, 21.267244339, 8.22344303131, 36.6422996521, 5.52785539627, -15.3359413147, 14.4710264206, 11.0966320038], [179.180786133, -50.967010498, 15.359711647, 47.9007148743, 47.7293968201, 148.550750732, 68.2008514404, 28.9450073242, 32.9352645874, 29.73072052, 16.2720527649, 11.0019378662, -0.648286163807], [170.892547607, -65.6522216797, 1.03364419937, 17.6400985718, 21.267244339, 68.2008514404, 147.904388428, 52.7421379089, 32.3279266357, 34.0599555969, 12.5729942322, 18.5075111389, 19.9436969757], [280.657440186, 5.69836235046, -62.2924156189, 15.2873487473, 8.22344303131, 28.9450073242, 52.7421379089, 113.380439758, 47.5197982788, 20.8111114502, 14.3266124725, 19.171453476, 18.5412597656], [201.403167725, -39.7916946411, -47.2030944824, 48.2279205322, 36.6422996521, 32.9352645874, 32.3279266357, 47.5197982788, 102.970085144, 42.0284690857, 6.15554571152, 7.63755464554, 5.93285608292], [208.966674805, -71.4014663696, -0.989899396896, 17.2157249451, 5.52785539627, 29.73072052, 34.0599555969, 20.8111114502, 42.0284690857, 106.664001465, 41.5164375305, 7.95098590851, 5.27643251419], [139.812713623, 13.3352956772, -39.0405769348, -22.0819721222, -15.3359413147, 16.2720527649, 12.5729942322, 14.3266124725, 6.15554571152, 41.5164375305, 92.6675796509, 23.521478653, -3.84542965889], [118.185661316, -6.86877822876, -10.125333786, 7.39314889908, 14.4710264206, 11.0019378662, 18.5075111389, 19.171453476, 7.63755464554, 7.95098590851, 23.521478653, 69.7415161133, 27.9208698273], [134.171401978, -1.02320575714, -3.58750796318, 7.89441204071, 11.0966320038, -0.648286163807, 19.9436969757, 18.5412597656, 5.93285608292, 5.27643251419, -3.84542965889, 27.9208698273, 74.5517120361]],
