{
"lowlevel": {
    "average_loudness": 0.9092258811,
    "barkbands_crest": {
        "dmean": 2.93283057213,
        "dmean2": 4.83175182343,
        "dvar": 9.04721832275,
        "dvar2": 22.932554245,
        "max": 26.8794345856,
        "mean": 8.72558784485,
        "median": 7.65326309204,
        "min": 2.36035013199,
        "var": 16.916633606
    },
    "barkbands_flatness_db": {
        "dmean": 0.0196263696998,
        "dmean2": 0.0311120077968,
        "dvar": 0.000405049271649,
        "dvar2": 0.000950602290686,
        "max": 0.498770415783,
        "mean": 0.110253117979,
        "median": 0.104289136827,
        "min": 0.0216621737927,
        "var": 0.00162815651856
    },
    "barkbands_kurtosis": {
        "dmean": 2.50611424446,
        "dmean2": 3.98255109787,
        "dvar": 614.722900391,
        "dvar2": 1397.47424316,
        "max": 2659.36914062,
        "mean": 4.13470363617,
        "median": -0.435816049576,
        "min": -1.91811394691,
        "var": 5697.03271484
    },
    "barkbands_skewness": {
        "dmean": 0.508980870247,
        "dmean2": 0.793847441673,
        "dvar": 0.466188192368,
        "dvar2": 1.02003455162,
        "max": 49.9311141968,
        "mean": 0.824228465557,
        "median": 0.544069886208,
        "min": -4.38212442398,
        "var": 3.9981443882
    },
    "barkbands_spread": {
        "dmean": 5.93670272827,
        "dmean2": 9.53202819824,
        "dvar": 39.5863227844,
        "dvar2": 98.636505127,
        "max": 114.107940674,
        "mean": 29.9135189056,
        "median": 29.3939838409,
        "min": 0.163446158171,
        "var": 146.657211304
    },
    "dissonance": {
        "dmean": 0.0123101091012,
        "dmean2": 0.0207817703485,
        "dvar": 0.000174158223672,
        "dvar2": 0.000473462801892,
        "max": 0.500000059605,
        "mean": 0.479153901339,
        "median": 0.484143614769,
        "min": 0.269774794579,
        "var": 0.000337212579325
    },
    "dynamic_complexity": 2.32399606705,
    "erbbands_crest": {
        "dmean": 2.44843387604,
        "dmean2": 3.93788862228,
        "dvar": 5.37228536606,
        "dvar2": 12.8641681671,
        "max": 28.7825698853,
        "mean": 8.93584728241,
        "median": 7.72159290314,
        "min": 2.35078024864,
        "var": 19.7956542969
    },
    "erbbands_flatness_db": {
        "dmean": 0.0145537760109,
        "dmean2": 0.0209208596498,
        "dvar": 0.000198963141884,
        "dvar2": 0.000368861947209,
        "max": 0.350332200527,
        "mean": 0.160145133734,
        "median": 0.160648405552,
        "min": 0.0271079372615,
        "var": 0.00143788859714
    },
    "erbbands_kurtosis": {
        "dmean": 0.795825719833,
        "dmean2": 1.27980649471,
        "dvar": 1.55180764198,
        "dvar2": 3.88384270668,
        "max": 54.5115394592,
        "mean": 0.432827442884,
        "median": 0.0284328460693,
        "min": -1.73460423946,
        "var": 3.54494643211
    },
    "erbbands_skewness": {
        "dmean": 0.331672370434,
        "dmean2": 0.51044178009,
        "dvar": 0.0926827564836,
        "dvar2": 0.210623830557,
        "max": 5.28416347504,
        "mean": -0.235526353121,
        "median": -0.288312017918,
        "min": -6.26476812363,
        "var": 0.548625051975
    },
    "erbbands_spread": {
        "dmean": 6.92002487183,
        "dmean2": 10.7783842087,
        "dvar": 58.5635986328,
        "dvar2": 135.538879395,
        "max": 151.967605591,
        "mean": 34.5458831787,
        "median": 30.3414916992,
        "min": 2.14544892311,
        "var": 275.115264893
    },
    "hfc": {
        "dmean": 5.97655820847,
        "dmean2": 8.96537780762,
        "dvar": 60.8905601501,
        "dvar2": 139.025619507,
        "max": 177.033065796,
        "mean": 24.9076690674,
        "median": 22.5339488983,
        "min": 1.05863501237e-16,
        "var": 257.098724365
    },
    "melbands_crest": {
        "dmean": 3.55298423767,
        "dmean2": 5.8056063652,
        "dvar": 10.7335586548,
        "dvar2": 26.921995163,
        "max": 39.8028717041,
        "mean": 13.1769943237,
        "median": 12.3891716003,
        "min": 1.64655447006,
        "var": 26.814781189
    },
    "melbands_flatness_db": {
        "dmean": 0.0253542251885,
        "dmean2": 0.0398753657937,
        "dvar": 0.000796280335635,
        "dvar2": 0.00185480515938,
        "max": 0.484645366669,
        "mean": 0.15444868803,
        "median": 0.145128399134,
        "min": 0.00360940396786,
        "var": 0.00298842717893
    },
    "melbands_kurtosis": {
        "dmean": 5.95294094086,
        "dmean2": 9.50085544586,
        "dvar": 557.772949219,
        "dvar2": 1204.54089355,
        "max": 2406.78198242,
        "mean": 9.62423038483,
        "median": 1.96153306961,
        "min": -1.73554313183,
        "var": 4163.98828125
    },
    "melbands_skewness": {
        "dmean": 0.731622576714,
        "dmean2": 1.13367140293,
        "dvar": 0.877510011196,
        "dvar2": 1.93994522095,
        "max": 45.3622436523,
        "mean": 1.95510184765,
        "median": 1.49611997604,
        "min": -3.19898366928,
        "var": 4.6869931221
    },
    "melbands_spread": {
        "dmean": 9.82675647736,
        "dmean2": 15.7862434387,
        "dvar": 112.003433228,
        "dvar2": 269.048522949,
        "max": 185.529205322,
        "mean": 38.6123313904,
        "median": 36.9488792419,
        "min": 0.277757048607,
        "var": 410.845031738
    },
    "pitch_salience": {
        "dmean": 0.077539935708,
        "dmean2": 0.126736685634,
        "dvar": 0.00584596209228,
        "dvar2": 0.0147661752999,
        "max": 0.922046244144,
        "mean": 0.559995770454,
        "median": 0.567545890808,
        "min": 0.0130516914651,
        "var": 0.0126060806215
    },
    "silence_rate_20dB": {
        "dmean": 0,
        "dmean2": 0,
        "dvar": 0,
        "dvar2": 0,
        "max": 1,
        "mean": 1,
        "median": 1,
        "min": 1,
        "var": 0
    },
    "silence_rate_30dB": {
        "dmean": 0.000647983164527,
        "dmean2": 0.00129607133567,
        "dvar": 0.000647605804261,
        "dvar2": 0.00194259709679,
        "max": 1,
        "mean": 0.999676048756,
        "median": 1,
        "min": 0,
        "var": 0.000323818763718
    },
    "silence_rate_60dB": {
        "dmean": 0.0134456502274,
        "dmean2": 0.0268934797496,
        "dvar": 0.0132669592276,
        "dvar2": 0.0274688191712,
        "max": 1,
        "mean": 0.0507815666497,
        "median": 0,
        "min": 0,
        "var": 0.0482148863375
    },
    "spectral_centroid": {
        "dmean": 256.599365234,
        "dmean2": 416.741394043,
        "dvar": 79822.65625,
        "dvar2": 187302.328125,
        "max": 11684.9257812,
        "mean": 1983.94995117,
        "median": 1976.58508301,
        "min": 221.101470947,
        "var": 691675.8125
    },
    "spectral_complexity": {
        "dmean": 4.58593893051,
        "dmean2": 6.77553653717,
        "dvar": 21.5426750183,
        "dvar2": 41.5127296448,
        "max": 58,
        "mean": 26.3777427673,
        "median": 28,
        "min": 0,
        "var": 130.272003174
    },
    "spectral_decrease": {
        "dmean": 2.20745355328e-09,
        "dmean2": 3.46407547092e-09,
        "dvar": 1.23025828042e-17,
        "dvar2": 2.93180833968e-17,
        "max": 3.40153225126e-23,
        "mean": -5.66515634404e-09,
        "median": -4.83593964873e-09,
        "min": -3.83141873783e-08,
        "var": 1.8155947738e-17
    },
    "spectral_energy": {
        "dmean": 0.00868400745094,
        "dmean2": 0.0135022709146,
        "dvar": 0.000182310803211,
        "dvar2": 0.000432144821389,
        "max": 0.148078978062,
        "mean": 0.0236409008503,
        "median": 0.0204559378326,
        "min": 9.9765502432e-21,
        "var": 0.000288299430395
    },
    "spectral_energyband_high": {
        "dmean": 0.000272965437034,
        "dmean2": 0.000415125075961,
        "dvar": 2.63083080654e-07,
        "dvar2": 5.47797185391e-07,
        "max": 0.0183535218239,
        "mean": 0.000766008277424,
        "median": 0.000551213743165,
        "min": 7.1303227296e-21,
        "var": 6.26311020824e-07
    },
    "spectral_energyband_low": {
        "dmean": 0.00552818039432,
        "dmean2": 0.00884875189513,
        "dvar": 0.00014107543393,
        "dvar2": 0.000331709365128,
        "max": 0.137012675405,
        "mean": 0.00777679728344,
        "median": 0.00462355744094,
        "min": 1.00993191639e-23,
        "var": 0.000154863169882
    },
    "spectral_energyband_middle_high": {
        "dmean": 0.00232761353254,
        "dmean2": 0.00359710096382,
        "dvar": 7.3626952144e-06,
        "dvar2": 1.7143709556e-05,
        "max": 0.0515476390719,
        "mean": 0.00900231208652,
        "median": 0.00754573801532,
        "min": 1.21084539835e-21,
        "var": 4.92807012051e-05
    },
    "spectral_energyband_middle_low": {
        "dmean": 0.00359828374349,
        "dmean2": 0.00609302846715,
        "dvar": 6.566792581e-05,
        "dvar2": 0.000182411706191,
        "max": 0.0770335868001,
        "mean": 0.00711468746886,
        "median": 0.00538146402687,
        "min": 1.79934388828e-22,
        "var": 5.82161701459e-05
    },
    "spectral_entropy": {
        "dmean": 0.09976606071,
        "dmean2": 0.148862212896,
        "dvar": 0.0107555352151,
        "dvar2": 0.0206100642681,
        "max": 9.82020568848,
        "mean": 7.76301431656,
        "median": 7.75477457047,
        "min": 5.68103933334,
        "var": 0.0945319831371
    },
    "spectral_flux": {
        "dmean": 0.0239955633879,
        "dmean2": 0.0357863493264,
        "dvar": 0.000862623855937,
        "dvar2": 0.00173747376539,
        "max": 0.3052534163,
        "mean": 0.0847546011209,
        "median": 0.0735123082995,
        "min": 6.42072853219e-11,
        "var": 0.00207191403024
    },
    "spectral_kurtosis": {
        "dmean": 1.23114478588,
        "dmean2": 2.11561155319,
        "dvar": 1.83525216579,
        "dvar2": 5.40489244461,
        "max": 34.2828330994,
        "mean": 4.51617193222,
        "median": 4.37315130234,
        "min": -1.2619202137,
        "var": 4.09610414505
    },
    "spectral_rms": {
        "dmean": 0.000777864828706,
        "dmean2": 0.00115809112322,
        "dvar": 9.78849470812e-07,
        "dvar2": 2.15117120206e-06,
        "max": 0.0120194545016,
        "mean": 0.00449820794165,
        "median": 0.00446732714772,
        "min": 3.11981083329e-12,
        "var": 2.83043254967e-06
    },
    "spectral_rolloff": {
        "dmean": 562.56060791,
        "dmean2": 945.856628418,
        "dvar": 729270.875,
        "dvar2": 1588555.875,
        "max": 19358.3496094,
        "mean": 2374.92333984,
        "median": 2304.05273438,
        "min": 21.533203125,
        "var": 3500755
    },
    "spectral_skewness": {
        "dmean": 0.166388720274,
        "dmean2": 0.27668261528,
        "dvar": 0.0275977458805,
        "dvar2": 0.0750565081835,
        "max": 3.48335409164,
        "mean": 1.37273812294,
        "median": 1.37631642818,
        "min": -0.10343708843,
        "var": 0.101749166846
    },
    "spectral_spread": {
        "dmean": 379003.5,
        "dmean2": 537110.0625,
        "dvar": 505903087616,
        "dvar2": 788089798656,
        "max": 42328468,
        "mean": 4235123,
        "median": 3727252.25,
        "min": 1202019,
        "var": 8.7823786967e+12
    },
    "spectral_strongpeak": {
        "dmean": 0.763247966766,
        "dmean2": 1.29848062992,
        "dvar": 1.55688107014,
        "dvar2": 3.73384976387,
        "max": 16.2355308533,
        "mean": 1.36627840996,
        "median": 0.481982290745,
        "min": 0,
        "var": 3.42719912529
    },
    "zerocrossingrate": {
        "dmean": 0.00991397630423,
        "dmean2": 0.0115116899833,
        "dvar": 0.00016129577125,
        "dvar2": 0.000181680603418,
        "max": 0.52490234375,
        "mean": 0.0816182643175,
        "median": 0.07568359375,
        "min": 0,
        "var": 0.00218952167779
    },
    "barkbands": {
        "dmean": [2.73637288046e-05, 0.00379706616513, 0.0022052640561, 0.000885232409928, 0.00219276011921, 0.000410980981542, 0.000340018275892, 0.00038731697714, 0.000717405695468, 0.000691627326887, 0.00068879511673, 0.000273232231848, 0.00026947108563, 0.000365129235433, 0.000456477078842, 0.000480807357235, 0.000419316755142, 0.00041197866085, 0.000373447372112, 0.000173455366166, 9.33393093874e-05, 5.1312148571e-05, 5.01543909195e-05, 4.16907205363e-05, 2.51522069448e-05, 1.36725138873e-05, 7.78632966103e-07],
        "dmean2": [4.19867756136e-05, 0.00627731764689, 0.00383602525108, 0.00149287784006, 0.00384108093567, 0.000701391429175, 0.0005412074388, 0.000613452750258, 0.00113042083103, 0.001068559126, 0.0010431392584, 0.000448362581665, 0.000439303606981, 0.000594574550632, 0.0007341618184, 0.000762465293519, 0.000683518766891, 0.000684103637468, 0.000614334072452, 0.000288259674562, 0.000157290327479, 8.25231327326e-05, 7.59686008678e-05, 6.16005709162e-05, 3.62211030733e-05, 1.89973397937e-05, 1.2527805211e-06],
        "dvar": [2.88191892572e-09, 0.000103001853859, 2.029263851e-05, 1.99047826754e-06, 4.62898096885e-05, 6.95532435202e-07, 6.8128190378e-07, 6.61253068301e-07, 1.66749919117e-06, 1.86464831131e-06, 2.30009413826e-06, 3.18985854619e-07, 3.46964014852e-07, 5.17811145073e-07, 7.14571228855e-07, 1.19002447718e-06, 3.60704120794e-07, 5.48054856608e-07, 3.15719972832e-07, 6.51296261367e-08, 2.03362340301e-08, 8.43699421438e-09, 1.32543629405e-08, 2.73848819177e-08, 1.20866818776e-08, 8.52121706529e-10, 3.48768019673e-12],
        "dvar2": [6.44463726829e-09, 0.000252628466114, 5.73408069613e-05, 5.53679001314e-06, 0.000129565552925, 1.91643789549e-06, 1.66499080478e-06, 1.54121278229e-06, 3.88942316931e-06, 4.0967397581e-06, 5.03031878907e-06, 8.44267162847e-07, 8.96144740636e-07, 1.30921512209e-06, 1.70045245795e-06, 2.8634467526e-06, 8.89390207703e-07, 1.37552092383e-06, 8.24157098123e-07, 1.69218978385e-07, 5.34292858845e-08, 1.9112873062e-08, 2.79767196076e-08, 5.48509966336e-08, 2.55205776512e-08, 1.67819091956e-09, 7.89024401371e-12],
        "max": [0.000786050688475, 0.0867414921522, 0.0981266349554, 0.0245749596506, 0.0654833391309, 0.0182595662773, 0.0327471122146, 0.0199891366065, 0.0397269949317, 0.033742621541, 0.0356933698058, 0.0161156859249, 0.0153153510764, 0.0168214030564, 0.0240024644881, 0.0435893498361, 0.0193396080285, 0.0180184748024, 0.0173381045461, 0.00498749874532, 0.00182476849295, 0.00141809589695, 0.00403728149831, 0.0136159956455, 0.00601089559495, 0.000736403511837, 5.52812343813e-05],
        "mean": [3.02223506878e-05, 0.00358002190478, 0.00327688199468, 0.00139515730552, 0.00232532783411, 0.000645395775791, 0.000589713687077, 0.000637622084469, 0.00129470624961, 0.00130517466459, 0.00143797066994, 0.000483087293105, 0.000494302308653, 0.000682680401951, 0.000907751906198, 0.00105394748971, 0.000909805763513, 0.000796365085989, 0.000818964617793, 0.000376879790565, 0.000188872392755, 0.000114144495456, 0.000116892901133, 9.40332101891e-05, 5.60619409953e-05, 2.79508858512e-05, 9.12805887765e-07],
        "median": [8.55363759911e-06, 0.000980572658591, 0.00223259907216, 0.000907434034161, 0.00100141845178, 0.000339070567861, 0.000256306055235, 0.000233708808082, 0.000646465225145, 0.0004731703375, 0.000270576303592, 0.000219989189645, 0.000187332188943, 0.000268307863735, 0.000379848584998, 0.000440146570327, 0.000652105023619, 0.000470950995805, 0.000634363561403, 0.000280701468, 0.000148823921336, 6.6745436925e-05, 4.78733491036e-05, 3.95290880988e-05, 2.83475746983e-05, 1.35376631079e-05, 2.02826896611e-07],
        "min": [8.08363962685e-25, 2.03483830603e-24, 1.74807139254e-24, 9.9288557886e-25, 6.14857082748e-24, 9.05966359968e-24, 3.00968145269e-24, 6.01064993668e-24, 1.43118569082e-23, 1.16933230634e-23, 7.54589868713e-24, 3.07080610327e-23, 3.13730518432e-23, 3.20282860219e-23, 4.82603707906e-23, 6.02317136806e-23, 5.86621770909e-23, 9.7473003979e-23, 1.32339583139e-22, 1.7765506044e-22, 2.6835066377e-22, 2.74359638166e-22, 4.331244208e-22, 6.04241755466e-22, 9.48691748171e-22, 1.28801674508e-21, 1.9312730618e-21],
        "var": [3.75340158953e-09, 8.84215405677e-05, 1.91947783605e-05, 2.86545764538e-06, 3.22601445077e-05, 1.09766381229e-06, 1.57921215305e-06, 1.60373372182e-06, 3.92509946323e-06, 6.3951838456e-06, 1.07752530312e-05, 6.69019129873e-07, 1.00803470104e-06, 1.37947131407e-06, 2.22289122576e-06, 5.0952098718e-06, 1.05393269223e-06, 1.19544120025e-06, 6.77214472944e-07, 1.30091081019e-07, 2.78351848237e-08, 1.89506970116e-08, 3.79998006395e-08, 6.09336439084e-08, 2.04387387015e-08, 1.81808046396e-09, 4.88167882853e-12]
    },
    "erbbands": {
        "dmean": [0.0618624314666, 1.0145329237, 2.53016138077, 2.77377510071, 3.63523578644, 10.349023819, 5.45643091202, 2.85756921768, 4.46736860275, 5.24272060394, 9.68939876556, 15.7109260559, 17.6548213959, 30.7919921875, 15.5406837463, 9.66146469116, 11.2810602188, 12.9349889755, 21.7963237762, 22.0929889679, 24.1217880249, 22.4942111969, 21.6720123291, 20.8583106995, 13.700799942, 7.93700790405, 5.27430772781, 2.73946547508, 1.79881846905, 1.70009040833, 1.49458813667, 0.970843434334, 0.669187307358, 0.324855238199, 0.171724408865, 0.0743807777762, 0.0256496183574, 0.0034203492105, 8.69908035384e-05, 1.1658810763e-05],
        "dmean2": [0.0985106006265, 1.700740695, 4.32995319366, 4.70860910416, 6.30711317062, 17.983127594, 9.75694274902, 4.74751424789, 7.21293783188, 8.26037311554, 15.4396505356, 25.0501117706, 27.0385360718, 46.6286392212, 24.3740196228, 15.7103462219, 18.2707748413, 20.9191532135, 34.957244873, 34.9573097229, 38.2434844971, 36.5604324341, 35.9535598755, 34.3023910522, 22.6899394989, 13.1456108093, 8.79063606262, 4.67124891281, 2.92760038376, 2.65269160271, 2.28017568588, 1.45283734798, 0.989890992641, 0.470928192139, 0.253790289164, 0.107801660895, 0.0369066409767, 0.00498106470332, 0.000128590370878, 1.72339678102e-05],
        "dvar": [0.0276948325336, 7.35297870636, 31.0791549683, 20.5054187775, 68.7979278564, 1088.90234375, 213.928314209, 31.6448402405, 121.790740967, 123.422676086, 347.421142578, 886.961608887, 1043.12084961, 4293.640625, 934.691467285, 324.085571289, 686.568664551, 608.096435547, 1772.45825195, 1899.36547852, 2256.9699707, 885.916503906, 1523.65527344, 1333.68579102, 307.080444336, 154.624557495, 57.134563446, 23.3395252228, 10.8088827133, 10.9381761551, 13.1677417755, 6.36927080154, 13.9501752853, 1.92887401581, 0.686441957951, 0.0334529913962, 0.00349912955426, 5.17680200574e-05, 5.87371644656e-08, 3.0589156208e-10],
        "dvar2": [0.0646433830261, 18.3434391022, 83.9111557007, 57.6486320496, 193.468765259, 3003.70703125, 629.474487305, 81.5955123901, 301.719177246, 287.919586182, 843.539916992, 2147.48168945, 2261.96533203, 9722.54003906, 2311.94970703, 826.619689941, 1773.89355469, 1532.16638184, 4144.25439453, 4430.97802734, 5268.29150391, 2241.00561523, 3780.31518555, 3524.21655273, 800.116638184, 404.092987061, 148.62802124, 62.1186676025, 26.2397956848, 23.7631397247, 28.1965274811, 12.9531450272, 28.3164176941, 3.81898283958, 1.61002206802, 0.0735902860761, 0.00716739194468, 0.000102446007077, 1.23627145854e-07, 6.84703127529e-10],
        "max": [1.25110709667, 24.0739765167, 104.693138123, 70.7232894897, 86.2989883423, 318.716125488, 159.05140686, 142.158538818, 445.505126953, 361.028839111, 416.073669434, 562.455444336, 898.055786133, 1359.96105957, 853.520263672, 474.260650635, 739.508911133, 684.751464844, 1413.8079834, 1513.68933105, 1732.29003906, 686.327026367, 1112.81567383, 1156.1184082, 259.028686523, 310.32901001, 100.340179443, 78.4517745972, 51.2015914917, 70.8524856567, 129.835342407, 87.230430603, 342.413208008, 87.8220672607, 52.2929267883, 6.26877975464, 1.88121414185, 0.118481010199, 0.00911657232791, 0.000267883442575],
        "mean": [0.0578651688993, 0.984792590141, 3.58098220825, 4.71680498123, 4.67018795013, 10.2872085571, 6.75236701965, 4.75731658936, 7.9076051712, 9.53777122498, 17.0390052795, 27.6127243042, 34.9972839355, 68.5437774658, 31.339017868, 18.6999111176, 22.2831058502, 27.4421386719, 45.5618629456, 51.0626335144, 57.5455360413, 52.1583824158, 44.7832832336, 46.3194999695, 31.7130527496, 17.4592895508, 11.451789856, 5.15580558777, 3.82923173904, 3.93571543694, 3.38556241989, 2.22708106041, 1.42391824722, 0.695059001446, 0.368957400322, 0.149068102241, 0.0488153360784, 0.00598225556314, 0.00015405715385, 3.49387410097e-05],
        "median": [0.0125709986314, 0.311470210552, 2.3376390934, 3.49368429184, 2.85819411278, 3.4445874691, 3.11450624466, 2.6947696209, 3.72349476814, 4.43856668472, 8.13788223267, 14.0522375107, 17.5601119995, 15.6411771774, 12.7531986237, 9.93179893494, 9.33238124847, 12.6147451401, 24.9143772125, 21.8906002045, 29.9277000427, 38.5340194702, 27.8505783081, 31.5576782227, 26.7042922974, 13.0571575165, 9.46189498901, 3.66876387596, 2.3501470089, 2.00759530067, 1.27320826054, 0.872653722763, 0.619512975216, 0.325093597174, 0.189838945866, 0.0745543316007, 0.0217608362436, 0.00244739488699, 7.09580635885e-05, 3.02034259221e-05],
        "min": [4.15707640501e-23, 6.21626230334e-22, 2.5832482984e-21, 6.03875855273e-21, 1.1641223761e-20, 1.6604621668e-20, 2.91118914134e-20, 1.19471052964e-19, 7.75823424012e-20, 1.37146661884e-19, 2.47291408538e-19, 2.9111075865e-19, 3.00548760193e-19, 7.35721320175e-19, 9.44284158282e-19, 1.69694045053e-18, 1.72689565905e-18, 1.77692685121e-18, 2.51908218899e-18, 3.29053915919e-18, 4.3504890165e-18, 3.86665329184e-18, 5.75715100718e-18, 6.43951917784e-18, 7.78984934163e-18, 8.70192929071e-18, 1.15093728451e-17, 1.08921794757e-17, 9.4624300469e-18, 1.19485470205e-17, 1.23525412045e-17, 1.09780019458e-17, 9.79267528902e-18, 8.92599101195e-18, 6.16623648784e-18, 3.42925569356e-18, 2.18544674713e-18, 9.36692501415e-19, 2.38849358302e-19, 2.88671073444e-20],
        "var": [0.0255173202604, 6.14429283142, 28.5826015472, 27.2185268402, 53.1250343323, 778.689819336, 168.852432251, 56.2927818298, 292.440338135, 262.059417725, 800.878112793, 1766.52478027, 3125.91308594, 19844.1621094, 2587.02832031, 770.301635742, 2055.97802734, 1796.15356445, 4719.359375, 7417.5, 9963.53222656, 2943.46679688, 3472.25976562, 3239.79663086, 663.354858398, 286.199920654, 91.9577102661, 27.5401039124, 20.0692043304, 29.152431488, 36.3349914551, 17.8432025909, 26.7317085266, 3.73584866524, 0.91763573885, 0.0575575754046, 0.00669758208096, 0.000100560260762, 8.69907594847e-08, 5.43154132782e-10]
    },
    "gfcc": {
        "mean": [7.32463216782, 72.5235519409, -136.502624512, 36.7016525269, -50.7055168152, 8.88317489624, -38.4352989197, 17.8298187256, -31.6784992218, -4.96948862076, -25.7645130157, -3.71126055717, -13.3444738388],
        "cov": [[12534.2958984, 814.66394043, -1242.59472656, 480.153259277, -266.942932129, 336.991699219, -293.602264404, 252.062774658, -134.179092407, -50.0505027771, -212.683685303, -21.8615665436, -121.721572876], [814.66394043, 1123.52148438, -152.740997314, 307.80859375, 319.940032959, -23.9468803406, 253.430343628, 74.6689376831, 100.219543457, -11.056892395, 83.2653884888, -133.59828186, 44.0484161377], [-1242.59472656, -152.740997314, 779.518859863, 138.031265259, 42.9637031555, 15.6698284149, -17.5834827423, 17.9859657288, 18.0508747101, 33.4785995483, -10.5712175369, 42.4760665894, -20.7064151764], [480.153259277, 307.80859375, 138.031265259, 429.749786377, 172.723571777, 26.9266891479, 48.0205574036, 59.249332428, 107.466018677, 18.2572174072, 38.3293380737, -35.4384765625, 9.63703727722], [-266.942932129, 319.940032959, 42.9637031555, 172.723571777, 334.995635986, 54.6565856934, 173.147766113, 61.9354515076, 62.6634788513, 45.7675094604, 45.0205383301, -25.0890159607, 17.7160682678], [336.991699219, -23.9468803406, 15.6698284149, 26.9266891479, 54.6565856934, 242.612472534, 64.3623962402, 35.5396347046, 29.872959137, -6.60755634308, 10.9574785233, 13.7092494965, 15.6006565094], [-293.602264404, 253.430343628, -17.5834827423, 48.0205574036, 173.147766113, 64.3623962402, 272.834503174, 73.6902389526, 13.7838182449, 8.30211734772, 33.0609512329, -0.753557085991, 18.7215957642], [252.062774658, 74.6689376831, 17.9859657288, 59.249332428, 61.9354515076, 35.5396347046, 73.6902389526, 136.475097656, 60.5747909546, 16.393447876, 0.691449940205, -4.7715883255, 3.44984650612], [-134.179092407, 100.219543457, 18.0508747101, 107.466018677, 62.6634788513, 29.872959137, 13.7838182449, 60.5747909546, 170.756134033, 43.1644897461, 35.8750190735, -31.2112636566, 11.2583389282], [-50.0505027771, -11.056892395, 33.4785995483, 18.2572174072, 45.7675094604, -6.60755634308, 8.30211734772, 16.393447876, 43.1644897461, 97.6612854004, 34.3505172729, -2.3242456913, -24.1311435699], [-212.683685303, 83.2653884888, -10.5712175369, 38.3293380737, 45.0205383301, 10.9574785233, 33.0609512329, 0.691449940205, 35.8750190735, 34.3505172729, 87.4256362915, 5.71028709412, 6.46206092834], [-21.8615665436, -133.59828186, 42.4760665894, -35.4384765625, -25.0890159607, 13.7092494965, -0.753557085991, -4.7715883255, -31.2112636566, -2.3242456913, 5.71028709412, 89.889465332, 18.4204788208], [-121.721572876, 44.0484161377, -20.7064151764, 9.63703727722, 17.7160682678, 15.6006565094, 18.7215957642, 3.44984650612, 11.2583389282, -24.1311435699, 6.46206092834, 18.4204788208, 73.0900497437]],
        "icov": [[0.000344201747794, -0.000719239527825, 0.000694349000696, -0.000729722669348, 0.000711577187758, -0.000988811603747, 0.00102796277497, -0.00101274112239, 0.000970268622041, -0.00105060893111, 0.00133802287746, -0.00124021549709, 0.000820623477921], [-0.000719239527825, 0.0037518076133, -0.00108287553303, 0.000541260640603, -0.0023545101285, 0.00291363615543, -0.00347588979639, 0.00208722124808, -0.00190911116078, 0.00337801547721, -0.0042424458079, 0.00534530123696, -0.00265910895541], [0.000694349000696, -0.00108287553303, 0.00296947406605, -0.00224105734378, 0.00119908922352, -0.00192798103672, 0.0020133331418, -0.00199137441814, 0.00195027247537, -0.00243008858524, 0.00315104657784, -0.00319726928137, 0.00206933217123], [-0.000729722669348, 0.000541260640603, -0.00224105734378, 0.00572411948815, -0.0030543084722, 0.00188669608906, -0.000790977443103, 0.00150888215285, -0.00361774791963, 0.00331900455058, -0.00332879368216, 0.00213265256025, -0.00105219928082], [0.000711577187758, -0.0023545101285, 0.00119908922352, -0.0030543084722, 0.00815268140286, -0.00278091430664, -0.000837904051878, -0.00180728372652, 0.00221228692681, -0.00547334318981, 0.00329550472088, -0.00215871306136, 0.00036867565359], [-0.000988811603747, 0.00291363615543, -0.00192798103672, 0.00188669608906, -0.00278091430664, 0.00783591717482, -0.00419241935015, 0.00248119561002, -0.00375804491341, 0.00458946637809, -0.00452107563615, 0.00351007143036, -0.00263014389202], [0.00102796277497, -0.00347588979639, 0.0020133331418, -0.000790977443103, -0.000837904051878, -0.00419241935015, 0.010805234313, -0.00622101780027, 0.00446238694713, -0.00253799045458, 0.00263281259686, -0.00524370977655, 0.00266873603687], [-0.00101274112239, 0.00208722124808, -0.00199137441814, 0.00150888215285, -0.00180728372652, 0.00248119561002, -0.00622101780027, 0.0141541557387, -0.0069997026585, 0.00222930498421, -0.000524580536876, 0.00218926463276, -0.00156486337073], [0.000970268622041, -0.00190911116078, 0.00195027247537, -0.00361774791963, 0.00221228692681, -0.00375804491341, 0.00446238694713, -0.0069997026585, 0.0135156083852, -0.00680044945329, 0.000881739833858, 0.000637989549432, -0.00131662969943], [-0.00105060893111, 0.00337801547721, -0.00243008858524, 0.00331900455058, -0.00547334318981, 0.00458946637809, -0.00253799045458, 0.00222930498421, -0.00680044945329, 0.0206414628774, -0.0101513192058, 0.00309721776284, 0.00395977543667], [0.00133802287746, -0.0042424458079, 0.00315104657784, -0.00332879368216, 0.00329550472088, -0.00452107563615, 0.00263281259686, -0.000524580536876, 0.000881739833858, -0.0101513192058, 0.022490715608, -0.00906311348081, 0.00244156550616], [-0.00124021549709, 0.00534530123696, -0.00319726928137, 0.00213265256025, -0.00215871306136, 0.00351007143036, -0.00524370977655, 0.00218926463276, 0.000637989549432, 0.00309721776284, -0.00906311348081, 0.0228777695447, -0.00950010772794], [0.000820623477921, -0.00265910895541, 0.00206933217123, -0.00105219928082, 0.00036867565359, -0.00263014389202, 0.00266873603687, -0.00156486337073, -0.00131662969943, 0.00395977543667, 0.00244156550616, -0.00950010772794, 0.0209267567843]]
    },
    "melbands": {
        "dmean": [0.000827839074191, 0.00132806715555, 0.000448725593742, 0.000528519798536, 0.00023876906198, 6.69332803227e-05, 6.84241822455e-05, 6.51787195238e-05, 8.56868282426e-05, 0.00010369784286, 9.28553054109e-05, 0.000126439175801, 6.55862895655e-05, 3.47087661794e-05, 2.55269278568e-05, 2.70851433015e-05, 2.67463892669e-05, 3.86378778785e-05, 3.70400703105e-05, 3.43841602444e-05, 2.91043143079e-05, 2.60711658484e-05, 2.35505576711e-05, 1.92639745364e-05, 1.88332596736e-05, 1.39213607326e-05, 7.88201577961e-06, 5.1900337894e-06, 4.13793259213e-06, 2.15477939491e-06, 1.50556718381e-06, 1.08433494006e-06, 1.12912232453e-06, 9.4018469099e-07, 9.56301164479e-07, 8.06218110938e-07, 5.74671389586e-07, 5.34673972652e-07, 3.76700739935e-07, 2.68262937198e-07],
        "dmean2": [0.00134822586551, 0.00220943288878, 0.000760196242481, 0.000921162310988, 0.000425184640335, 0.000111293273221, 0.000109786356916, 0.000102517122286, 0.000137177179568, 0.000164028271683, 0.000142015123856, 0.000191972925677, 0.000101014637039, 5.70134288864e-05, 4.11014225392e-05, 4.41361662524e-05, 4.34362773376e-05, 6.19074271526e-05, 5.93271906837e-05, 5.42981542822e-05, 4.67105674034e-05, 4.27639533882e-05, 3.86073515983e-05, 3.23540079989e-05, 3.11010953737e-05, 2.30988753174e-05, 1.31477718242e-05, 8.64249250299e-06, 6.92192497809e-06, 3.66135554941e-06, 2.57964688899e-06, 1.80190374977e-06, 1.82188728104e-06, 1.47474793266e-06, 1.51119888869e-06, 1.2146640529e-06, 8.80296454397e-07, 8.02636350272e-07, 5.5664042975e-07, 4.00003301593e-07],
        "dvar": [4.95897802466e-06, 9.10751259653e-06, 5.13583472639e-07, 2.62084290625e-06, 4.85378564008e-07, 1.63161519851e-08, 2.82383325612e-08, 1.80378236792e-08, 2.55925716175e-08, 3.91668528721e-08, 3.01158458171e-08, 6.69462068004e-08, 1.68742158024e-08, 5.49678835782e-09, 2.88616530675e-09, 4.25940793747e-09, 2.90670643111e-09, 6.46308784269e-09, 5.21821519328e-09, 8.3501277004e-09, 2.74936895472e-09, 1.16381948523e-09, 2.16887974247e-09, 1.12758591353e-09, 1.18594190024e-09, 3.44967637789e-10, 1.25081764391e-10, 6.62903829052e-11, 3.54741236386e-11, 1.1942122638e-11, 6.71676473121e-12, 4.40896624765e-12, 3.93042499588e-12, 3.50067869657e-12, 5.1598894428e-12, 4.51325478726e-12, 2.34716066028e-12, 9.73036061447e-12, 3.94012166643e-12, 1.20355407498e-12],
        "dvar2": [1.19361220641e-05, 2.30273817579e-05, 1.43867407587e-06, 7.25997551854e-06, 1.39900191698e-06, 4.24830801649e-08, 7.01173306084e-08, 4.10078264679e-08, 6.17600761643e-08, 9.3172950244e-08, 6.47416058541e-08, 1.51779914859e-07, 3.88976282295e-08, 1.46281440294e-08, 7.02126534691e-09, 1.10745297377e-08, 7.27135684997e-09, 1.5307309198e-08, 1.26619754681e-08, 2.0168538839e-08, 6.37917541013e-09, 3.03776426236e-09, 5.21669951681e-09, 2.85065571148e-09, 3.13348835768e-09, 9.04138375279e-10, 3.2945277062e-10, 1.73677128235e-10, 9.35872560004e-11, 3.20157199363e-11, 1.78669006673e-11, 1.12426084067e-11, 9.07141983059e-12, 7.75277498449e-12, 1.18787436484e-11, 9.94728431569e-12, 4.88863029918e-12, 2.12409673184e-11, 7.97802102159e-12, 2.51747884691e-12],
        "max": [0.0176773816347, 0.0417498610914, 0.0107837961987, 0.0161586850882, 0.00727963773534, 0.00272065610625, 0.00715862447396, 0.00334621639922, 0.00378604722209, 0.00506249489263, 0.0043719317764, 0.00515274517238, 0.00278727989644, 0.00200730282813, 0.0020777315367, 0.00193742313422, 0.00153772742487, 0.00269042584114, 0.00196781544946, 0.0034742730204, 0.00151996756904, 0.000883472210262, 0.00117216352373, 0.000985874212347, 0.00105945602991, 0.000361753220204, 0.000224504125072, 0.000201231130632, 0.000104946993815, 5.9684018197e-05, 3.70245579688e-05, 3.34999895131e-05, 3.62179853255e-05, 4.65494085802e-05, 7.74452855694e-05, 8.7558029918e-05, 5.10192367074e-05, 0.0002971526701, 0.000143538025441, 6.31820730632e-05],
        "mean": [0.000777460227255, 0.00173798727337, 0.000796703796368, 0.00055138010066, 0.000283075874904, 0.000112233377877, 0.000122101133456, 0.000116160539619, 0.000147633225424, 0.000181359180715, 0.000174913948285, 0.000275066529866, 0.000133997047669, 6.02454601903e-05, 4.38838324044e-05, 5.07295881107e-05, 5.11556681886e-05, 7.26064026821e-05, 7.47429512558e-05, 7.32169864932e-05, 6.30128924968e-05, 5.40696564713e-05, 4.71413804917e-05, 3.50767768396e-05, 3.84542290703e-05, 2.86505455733e-05, 1.61240895977e-05, 1.02736612462e-05, 8.30923363537e-06, 4.05200080422e-06, 2.55053464571e-06, 2.03104082175e-06, 2.39096561927e-06, 2.06313984563e-06, 2.00458021027e-06, 1.67485404745e-06, 1.23605627778e-06, 1.0652538549e-06, 7.4675341466e-07, 5.35528840828e-07],
        "median": [0.000199159549084, 0.00101824186277, 0.000617001729552, 0.000232188060181, 0.000129013642436, 6.38239216642e-05, 5.66769267607e-05, 4.87475845148e-05, 6.82217214489e-05, 8.75413679751e-05, 7.64929500292e-05, 6.23805462965e-05, 3.94322123611e-05, 2.59621465375e-05, 2.05936867133e-05, 1.72770087374e-05, 1.97352674149e-05, 3.40240585501e-05, 2.73299756373e-05, 2.46323616011e-05, 3.5152232158e-05, 3.98491356464e-05, 2.79178366327e-05, 2.11069618672e-05, 2.47866773861e-05, 2.28201442951e-05, 1.21315952128e-05, 7.37044774723e-06, 6.72842952554e-06, 3.07187883664e-06, 1.68825067703e-06, 1.22884262055e-06, 1.25272538298e-06, 9.67166442933e-07, 6.94222705988e-07, 6.06266553405e-07, 4.64308413939e-07, 4.45056400622e-07, 3.23054194951e-07, 2.43502398689e-07],
        "min": [4.90047839198e-25, 1.09942272322e-24, 1.61464789638e-24, 8.28878931474e-25, 1.20113598315e-24, 2.32179415169e-24, 6.21330810602e-25, 1.31999661397e-24, 1.62738021e-24, 2.12882812465e-24, 1.31891360656e-24, 2.42824363389e-24, 2.93339426442e-24, 3.10200578873e-24, 3.64625315459e-24, 3.32872914606e-24, 2.50179229153e-24, 2.67110314103e-24, 3.95226807694e-24, 3.38852085837e-24, 4.09976573913e-24, 3.63752322538e-24, 5.43952647422e-24, 4.98267424704e-24, 4.12865343105e-24, 4.19169603915e-24, 5.82467558385e-24, 5.08095251076e-24, 6.01813622668e-24, 5.18692335161e-24, 6.02784434341e-24, 4.95170001803e-24, 5.29422697295e-24, 5.76225696472e-24, 6.34669955471e-24, 5.08156466683e-24, 6.41261874411e-24, 6.15856530072e-24, 6.06137527061e-24, 6.43830208303e-24],
        "var": [4.37288417743e-06, 8.66832306201e-06, 6.98322764947e-07, 1.84931536751e-06, 3.48946883832e-07, 2.97251308012e-08, 6.77054217135e-08, 4.31971081127e-08, 6.19239486355e-08, 8.28266806252e-08, 9.41359346029e-08, 3.01029103866e-07, 6.41647588395e-08, 1.0856856747e-08, 6.59782983803e-09, 1.27301911235e-08, 7.88753418135e-09, 1.63996389801e-08, 1.83696524658e-08, 3.29444276304e-08, 9.92219550966e-09, 3.20464743631e-09, 5.19391596399e-09, 2.18713958056e-09, 2.65043320624e-09, 7.05131730783e-10, 2.35918673486e-10, 1.1429247132e-10, 5.45688980114e-11, 1.49084061069e-11, 7.82889204853e-12, 6.42159676129e-12, 1.04349879432e-11, 9.06244784077e-12, 1.32957768059e-11, 1.09164439641e-11, 5.97870798008e-12, 1.6676847403e-11, 7.55445359046e-12, 2.05531598685e-12]
    },
    "mfcc": {
        "mean": [-624.849304199, 101.927215576, -23.6567306519, 28.0723075867, 5.55711936951, -4.52522659302, 3.58982634544, 9.24813175201, 2.59915852547, 3.24313640594, -7.11406803131, -6.85054254532, -5.57915687561],
        "cov": [[5475.27246094, 508.261230469, -339.495117188, 156.477264404, 168.751434326, 141.950744629, 15.6438169479, 223.75428772, 86.865524292, 184.808151245, -8.42932033539, -21.1653137207, 35.3174476624], [508.261230469, 858.70904541, -194.226226807, 287.586456299, 52.0279197693, 45.3351554871, 192.322067261, 58.8562927246, 110.608924866, 53.1203727722, 63.3801879883, 58.0079421997, 4.01438856125], [-339.495117188, -194.226226807, 589.496459961, 57.0259284973, 80.6365509033, -4.11921644211, -76.989730835, -3.97353172302, -16.8869094849, -5.40523576736, -31.8396339417, 17.5891628265, 14.2342824936], [156.477264404, 287.586456299, 57.0259284973, 463.71963501, 129.025405884, 24.5897274017, 69.332359314, 31.7980613708, 76.5879745483, 47.3520126343, 48.6881370544, 89.0904922485, 20.5449542999], [168.751434326, 52.0279197693, 80.6365509033, 129.025405884, 208.290908813, 64.4899520874, -5.33394527435, 22.5461578369, 41.244430542, 66.5724105835, 17.9458599091, 26.0730381012, 38.5426025391], [141.950744629, 45.3351554871, -4.11921644211, 24.5897274017, 64.4899520874, 169.388214111, 79.6069793701, 45.2318496704, 26.5311107635, 21.0705242157, 27.4396762848, 6.1663069725, 27.7143993378], [15.6438169479, 192.322067261, -76.989730835, 69.332359314, -5.33394527435, 79.6069793701, 215.910095215, 73.014541626, 52.6229095459, -5.98863172531, 29.0324420929, 32.0096321106, 2.68208289146], [223.75428772, 58.8562927246, -3.97353172302, 31.7980613708, 22.5461578369, 45.2318496704, 73.014541626, 145.202987671, 73.5150375366, 26.3566093445, -0.446831047535, 8.64925956726, 30.5805244446], [86.865524292, 110.608924866, -16.8869094849, 76.5879745483, 41.244430542, 26.5311107635, 52.6229095459, 73.5150375366, 128.860122681, 58.3215446472, 19.5350513458, 13.8831615448, 25.2893314362], [184.808151245, 53.1203727722, -5.40523576736, 47.3520126343, 66.5724105835, 21.0705242157, -5.98863172531, 26.3566093445, 58.3215446472, 121.000396729, 51.1057090759, 28.5733356476, 14.8354291916], [-8.42932033539, 63.3801879883, -31.8396339417, 48.6881370544, 17.9458599091, 27.4396762848, 29.0324420929, -0.446831047535, 19.5350513458, 51.1057090759, 101.226104736, 51.6323814392, 11.8883743286], [-21.1653137207, 58.0079421997, 17.5891628265, 89.0904922485, 26.0730381012, 6.1663069725, 32.0096321106, 8.64925956726, 13.8831615448, 28.5733356476, 51.6323814392, 100.105834961, 31.8036174774], [35.3174476624, 4.01438856125, 14.2342824936, 20.5449542999, 38.5426025391, 27.7143993378, 2.68208289146, 30.5805244446, 25.2893314362, 14.8354291916, 11.8883743286, 31.8036174774, 84.6598052979]],
