{
"lowlevel": {
    "average_loudness": 0.936173796654,
    "barkbands_crest": {
        "dmean": 2.02035355568,
        "dmean2": 3.30906391144,
        "dvar": 4.2329416275,
        "dvar2": 11.3098516464,
        "max": 25.1961135864,
        "mean": 8.08840370178,
        "median": 7.3891787529,
        "min": 2.32950091362,
        "var": 10.9122962952
    },
    "barkbands_flatness_db": {
        "dmean": 0.0161928385496,
        "dmean2": 0.0246793963015,
        "dvar": 0.000371295085642,
        "dvar2": 0.000755508604925,
        "max": 0.497457295656,
        "mean": 0.095927670598,
        "median": 0.0809307172894,
        "min": 0.0248054880649,
        "var": 0.00257967226207
    },
    "barkbands_kurtosis": {
        "dmean": 1.9207316637,
        "dmean2": 2.95573186874,
        "dvar": 35.0536651611,
        "dvar2": 67.0060882568,
        "max": 125.124969482,
        "mean": 2.08115458488,
        "median": 0.00926446914673,
        "min": -1.91816043854,
        "var": 75.012878418
    },
    "barkbands_skewness": {
        "dmean": 0.411635160446,
        "dmean2": 0.636474192142,
        "dvar": 0.288743078709,
        "dvar2": 0.638847589493,
        "max": 9.72231292725,
        "mean": 1.19342339039,
        "median": 1.02281081676,
        "min": -5.58418655396,
        "var": 1.2787822485
    },
    "barkbands_spread": {
        "dmean": 6.27469110489,
        "dmean2": 9.56069564819,
        "dvar": 47.8358612061,
        "dvar2": 108.095741272,
        "max": 110.739517212,
        "mean": 36.378288269,
        "median": 36.2875556946,
        "min": 0.395302265882,
        "var": 233.102355957
    },
    "dissonance": {
        "dmean": 0.0091291340068,
        "dmean2": 0.0152339916676,
        "dvar": 0.000106005434645,
        "dvar2": 0.000277442130027,
        "max": 0.500000059605,
        "mean": 0.482249468565,
        "median": 0.486197471619,
        "min": 0.293210715055,
        "var": 0.00026038242504
    },
    "dynamic_complexity": 2.24679350853,
    "erbbands_crest": {
        "dmean": 2.01312446594,
        "dmean2": 3.25873541832,
        "dvar": 4.92304515839,
        "dvar2": 11.488240242,
        "max": 26.7048950195,
        "mean": 7.09068441391,
        "median": 5.92959022522,
        "min": 2.24308562279,
        "var": 13.2786779404
    },
    "erbbands_flatness_db": {
        "dmean": 0.0124868554994,
        "dmean2": 0.0188893675804,
        "dvar": 0.000163020406035,
        "dvar2": 0.000342654209817,
        "max": 0.363979607821,
        "mean": 0.125138387084,
        "median": 0.118355505168,
        "min": 0.0327518843114,
        "var": 0.00128409068566
    },
    "erbbands_kurtosis": {
        "dmean": 0.596933782101,
        "dmean2": 0.948141038418,
        "dvar": 1.54446256161,
        "dvar2": 3.30060482025,
        "max": 27.8082351685,
        "mean": -0.0940608978271,
        "median": -0.409658908844,
        "min": -1.79027855396,
        "var": 2.70819854736
    },
    "erbbands_skewness": {
        "dmean": 0.274278908968,
        "dmean2": 0.415796875954,
        "dvar": 0.0973363667727,
        "dvar2": 0.197233751416,
        "max": 4.72169542313,
        "mean": -0.245487377048,
        "median": -0.34336912632,
        "min": -4.56285429001,
        "var": 0.455522924662
    },
    "erbbands_spread": {
        "dmean": 7.2924785614,
        "dmean2": 11.4776239395,
        "dvar": 57.9408760071,
        "dvar2": 134.785522461,
        "max": 188.322418213,
        "mean": 48.5060005188,
        "median": 47.5355567932,
        "min": 4.85025501251,
        "var": 259.107727051
    },
    "hfc": {
        "dmean": 7.13634490967,
        "dmean2": 10.3170938492,
        "dvar": 109.339431763,
        "dvar2": 221.62197876,
        "max": 223.613250732,
        "mean": 33.1268234253,
        "median": 30.2153873444,
        "min": 1.0682152197e-16,
        "var": 481.518859863
    },
    "melbands_crest": {
        "dmean": 2.81404972076,
        "dmean2": 4.5805311203,
        "dvar": 7.70067071915,
        "dvar2": 19.8408355713,
        "max": 35.2800941467,
        "mean": 12.8856735229,
        "median": 12.1230764389,
        "min": 1.00392401218,
        "var": 22.7841053009
    },
    "melbands_flatness_db": {
        "dmean": 0.0208269618452,
        "dmean2": 0.031098652631,
        "dvar": 0.000579373911023,
        "dvar2": 0.00115999102127,
        "max": 0.612266838551,
        "mean": 0.151893779635,
        "median": 0.137792393565,
        "min": -6.04005663263e-08,
        "var": 0.0042585558258
    },
    "melbands_kurtosis": {
        "dmean": 5.72775411606,
        "dmean2": 9.0207529068,
        "dvar": 213.556808472,
        "dvar2": 486.287353516,
        "max": 563.77746582,
        "mean": 12.2317523956,
        "median": 6.60966491699,
        "min": -1.84754860401,
        "var": 437.359893799
    },
    "melbands_skewness": {
        "dmean": 0.606507599354,
        "dmean2": 0.944759488106,
        "dvar": 0.572015225887,
        "dvar2": 1.33406484127,
        "max": 19.255115509,
        "mean": 2.77711796761,
        "median": 2.51254272461,
        "min": -3.07604241371,
        "var": 2.48819446564
    },
    "melbands_spread": {
        "dmean": 8.25462436676,
        "dmean2": 13.0087709427,
        "dvar": 104.798873901,
        "dvar2": 254.666229248,
        "max": 284.249542236,
        "mean": 35.6214256287,
        "median": 33.0935249329,
        "min": 0.395170152187,
        "var": 463.861907959
    },
    "pitch_salience": {
        "dmean": 0.0614206045866,
        "dmean2": 0.0992701873183,
        "dvar": 0.00384832848795,
        "dvar2": 0.00968257617205,
        "max": 0.995993733406,
        "mean": 0.588365077972,
        "median": 0.597569108009,
        "min": 0.0801371261477,
        "var": 0.0104312608019
    },
    "silence_rate_20dB": {
        "dmean": 0,
        "dmean2": 0,
        "dvar": 0,
        "dvar2": 0,
        "max": 1,
        "mean": 1,
        "median": 1,
        "min": 1,
        "var": 0
    },
    "silence_rate_30dB": {
        "dmean": 0.000227169468417,
        "dmean2": 0.000454390537925,
        "dvar": 0.000227106531383,
        "dvar2": 0.000681334000546,
        "max": 1,
        "mean": 0.999886453152,
        "median": 1,
        "min": 0,
        "var": 0.000113556103315
    },
    "silence_rate_60dB": {
        "dmean": 0.00295320316218,
        "dmean2": 0.00590707734227,
        "dvar": 0.00294523034245,
        "dvar2": 0.00609885901213,
        "max": 1,
        "mean": 0.035888697952,
        "median": 0,
        "min": 0,
        "var": 0.034601803869
    },
    "spectral_centroid": {
        "dmean": 234.777099609,
        "dmean2": 364.814300537,
        "dvar": 66338.2890625,
        "dvar2": 141625.578125,
        "max": 11520.8779297,
        "mean": 1991.37194824,
        "median": 1929.96594238,
        "min": 157.687957764,
        "var": 1195623.875
    },
    "spectral_complexity": {
        "dmean": 4.12221717834,
        "dmean2": 6.52391242981,
        "dvar": 16.0916423798,
        "dvar2": 35.7784194946,
        "max": 63,
        "mean": 31.3948898315,
        "median": 34,
        "min": 0,
        "var": 160.799301147
    },
    "spectral_decrease": {
        "dmean": 1.59880808592e-09,
        "dmean2": 2.53170573394e-09,
        "dvar": 3.7158611613e-18,
        "dvar2": 9.56199198697e-18,
        "max": 4.43011070952e-25,
        "mean": -7.08996417131e-09,
        "median": -6.70134614467e-09,
        "min": -2.66758952705e-08,
        "var": 1.14415481708e-17
    },
    "spectral_energy": {
        "dmean": 0.00634480128065,
        "dmean2": 0.00997295789421,
        "dvar": 5.83220426051e-05,
        "dvar2": 0.000147883896716,
        "max": 0.108865909278,
        "mean": 0.0297638885677,
        "median": 0.02852425538,
        "min": 9.92998094407e-21,
        "var": 0.000191805127542
    },
    "spectral_energyband_high": {
        "dmean": 0.000641990511212,
        "dmean2": 0.00091862550471,
        "dvar": 1.1720578641e-06,
        "dvar2": 2.21533105105e-06,
        "max": 0.0231129582971,
        "mean": 0.00213418528438,
        "median": 0.00162653392181,
        "min": 7.02676278653e-21,
        "var": 4.48541868536e-06
    },
    "spectral_energyband_low": {
        "dmean": 0.00440535601228,
        "dmean2": 0.00713595515117,
        "dvar": 4.29527135566e-05,
        "dvar2": 0.000115479298984,
        "max": 0.0860159546137,
        "mean": 0.0110088130459,
        "median": 0.00918034277856,
        "min": 1.54225336197e-23,
        "var": 7.85648080637e-05
    },
    "spectral_energyband_middle_high": {
        "dmean": 0.00155372160953,
        "dmean2": 0.00240391283296,
        "dvar": 3.78923164135e-06,
        "dvar2": 8.46287821332e-06,
        "max": 0.0401017144322,
        "mean": 0.00656772591174,
        "median": 0.00575316743925,
        "min": 1.04499760404e-21,
        "var": 2.42708974838e-05
    },
    "spectral_energyband_middle_low": {
        "dmean": 0.00371936266311,
        "dmean2": 0.00581532996148,
        "dvar": 2.25596122618e-05,
        "dvar2": 5.61833694519e-05,
        "max": 0.0667643547058,
        "mean": 0.0120646851137,
        "median": 0.0104641374201,
        "min": 1.54401864335e-22,
        "var": 5.94432749494e-05
    },
    "spectral_entropy": {
        "dmean": 0.105205833912,
        "dmean2": 0.150902092457,
        "dvar": 0.0221877340227,
        "dvar2": 0.038090147078,
        "max": 9.81980895996,
        "mean": 7.92801332474,
        "median": 7.97793960571,
        "min": 4.52644729614,
        "var": 0.161151126027
    },
    "spectral_flux": {
        "dmean": 0.018455395475,
        "dmean2": 0.0280132777989,
        "dvar": 0.000398125150241,
        "dvar2": 0.000803864561021,
        "max": 0.24567244947,
        "mean": 0.0828960388899,
        "median": 0.0793289989233,
        "min": 6.45309639058e-11,
        "var": 0.00138291565236
    },
    "spectral_kurtosis": {
        "dmean": 0.896579027176,
        "dmean2": 1.46526455879,
        "dvar": 4.1398396492,
        "dvar2": 10.2492084503,
        "max": 62.5449447632,
        "mean": 2.89215159416,
        "median": 2.54103517532,
        "min": -1.27426564693,
        "var": 6.10383939743
    },
    "spectral_rms": {
        "dmean": 0.000549618038349,
        "dmean2": 0.000852260796819,
        "dvar": 3.62916779295e-07,
        "dvar2": 8.96187600574e-07,
        "max": 0.0103058544919,
        "mean": 0.00518067320809,
        "median": 0.00527527648956,
        "min": 3.11252087472e-12,
        "var": 2.19857793127e-06
    },
    "spectral_rolloff": {
        "dmean": 614.442565918,
        "dmean2": 984.745544434,
        "dvar": 777984.875,
        "dvar2": 1666137,
        "max": 19595.2148438,
        "mean": 2553.88818359,
        "median": 2304.05273438,
        "min": 21.533203125,
        "var": 5387267
    },
    "spectral_skewness": {
        "dmean": 0.144262611866,
        "dmean2": 0.225494340062,
        "dvar": 0.0431649945676,
        "dvar2": 0.0936660096049,
        "max": 5.75336122513,
        "mean": 1.19008946419,
        "median": 1.15864503384,
        "min": -0.205666735768,
        "var": 0.113754488528
    },
    "spectral_spread": {
        "dmean": 520178.8125,
        "dmean2": 755748.9375,
        "dvar": 587367841792,
        "dvar2": 1.1004739584e+12,
        "max": 42647296,
        "mean": 5349417.5,
        "median": 4909724.5,
        "min": 1197017.375,
        "var": 1.49600778322e+13
    },
    "spectral_strongpeak": {
        "dmean": 0.432683676481,
        "dmean2": 0.754767417908,
        "dvar": 0.745694518089,
        "dvar2": 1.92606210709,
        "max": 15.8804998398,
        "mean": 0.74106156826,
        "median": 0.4102204144,
        "min": 0,
        "var": 1.04930984974
    },
    "zerocrossingrate": {
        "dmean": 0.0115163158625,
        "dmean2": 0.0136309955269,
        "dvar": 0.000169797014678,
        "dvar2": 0.000195381784579,
        "max": 0.517578125,
        "mean": 0.0906305462122,
        "median": 0.08349609375,
        "min": 0.00634765625,
        "var": 0.00320599949919
    },
    "barkbands": {
        "dmean": [8.28429110697e-05, 0.00239119841717, 0.00236320821568, 0.00120835879352, 0.00177242571954, 0.000879134749994, 0.000826895760838, 0.000654308707453, 0.000662433449179, 0.000468489917694, 0.000213422244997, 0.000259310734691, 0.00028284554719, 0.000344773405232, 0.000302777887555, 0.000354474090273, 0.00032636144897, 0.000302127358736, 0.000300243904348, 0.000240362918703, 0.000154314562678, 0.00018793810159, 0.000146885897266, 0.000159213304869, 0.000104472863313, 5.80757841817e-05, 4.43697263108e-06],
        "dmean2": [0.000130644868477, 0.00400061672553, 0.00389329739846, 0.00196920428425, 0.00286283809692, 0.00141317676753, 0.00135068886448, 0.00101887038909, 0.000999939627945, 0.000684600498062, 0.000342875340721, 0.000417812349042, 0.000460659153759, 0.000561226799618, 0.000482484552776, 0.000575978425331, 0.000522926391568, 0.000503210583702, 0.000507385993842, 0.000392189715058, 0.000248383497819, 0.000284856854705, 0.000216195476241, 0.000235960207647, 0.000152172680828, 9.18105579331e-05, 7.4032577686e-06],
        "dvar": [2.89912502893e-08, 1.80652968993e-05, 1.39913545354e-05, 2.88157639261e-06, 6.1539071794e-06, 3.07352593154e-06, 3.65403002434e-06, 3.23902872879e-06, 3.0686496757e-06, 1.39626467899e-06, 4.92431468047e-07, 3.5257440345e-07, 3.749573807e-07, 3.41768753742e-07, 3.52536233095e-07, 3.33060114599e-07, 3.41408536997e-07, 1.49910249547e-07, 1.29700623575e-07, 1.13098558074e-07, 5.59402799638e-08, 8.71164118621e-08, 1.13134710489e-07, 2.30355482245e-07, 4.75608068484e-08, 1.92681142153e-08, 1.60419663664e-10],
        "dvar2": [6.71870097335e-08, 5.05621501361e-05, 3.77885335183e-05, 7.32160924599e-06, 1.63485037774e-05, 7.85380689194e-06, 9.21014452615e-06, 7.67232359067e-06, 6.48951072435e-06, 2.67989230451e-06, 1.24330290419e-06, 8.28406200526e-07, 9.16802605389e-07, 8.45819386086e-07, 8.69507744028e-07, 8.29739178698e-07, 7.73812814714e-07, 3.90323748434e-07, 3.56162615844e-07, 2.84483405721e-07, 1.33023362991e-07, 1.98221727032e-07, 2.36279831256e-07, 5.10961740474e-07, 9.73232587853e-08, 4.85100812853e-08, 4.17213652515e-10],
        "max": [0.00272764684632, 0.0454764403403, 0.0597321465611, 0.0396369695663, 0.0396794490516, 0.0367246419191, 0.0362207777798, 0.0468298308551, 0.0428336374462, 0.0332555659115, 0.032119024545, 0.0143390744925, 0.012889649719, 0.0112164039165, 0.0123597364873, 0.0123865138739, 0.0172613989562, 0.00587553950027, 0.00529674068093, 0.00843333266675, 0.00554414000362, 0.0067011541687, 0.0121550150216, 0.0160390622914, 0.00512965070084, 0.00196155696176, 0.000353180919774],
        "mean": [0.000117106130347, 0.00488094147295, 0.00422951439396, 0.00259493594058, 0.00397716276348, 0.00149584119208, 0.001289045671, 0.00107009022031, 0.00113754277118, 0.000923642597627, 0.000452780048363, 0.000459851464257, 0.00050984043628, 0.000651130278129, 0.000554073485546, 0.000747036130633, 0.000722022901755, 0.000709790969267, 0.000762284267694, 0.000589963921811, 0.000395908951759, 0.000490162521601, 0.000359260797268, 0.000360246485798, 0.000198691384867, 8.06025054771e-05, 4.46277090305e-06],
        "median": [2.40451227e-05, 0.00355122983456, 0.00277067697607, 0.00180599023588, 0.0029597801622, 0.000795273343101, 0.000605112640187, 0.000448367500212, 0.000370713736629, 0.00027937075356, 0.00015464075841, 0.000234859850025, 0.000250000797678, 0.000428821600508, 0.000313751079375, 0.000498749897815, 0.000458583701402, 0.000566624570638, 0.000653230759781, 0.000426199811045, 0.000284357432975, 0.000318227539537, 0.000226833843044, 0.000211563601624, 9.50713510974e-05, 3.40521655744e-05, 1.54781901074e-06],
        "min": [3.48759621674e-25, 1.76351018932e-24, 9.75798851653e-25, 1.37157273439e-24, 9.58769080203e-24, 3.34527195367e-24, 3.82531590261e-24, 9.09390174069e-24, 8.81798186187e-24, 1.24375723067e-23, 1.94487282186e-23, 1.67066414012e-23, 2.50182061163e-23, 3.27470866125e-23, 3.67998973783e-23, 6.33543406878e-23, 7.74953224353e-23, 9.78152686376e-23, 1.22394710318e-22, 1.66046031897e-22, 2.31499954283e-22, 3.4750219021e-22, 4.58193082459e-22, 5.29795702285e-22, 9.10487656293e-22, 1.29464539811e-21, 1.91052872106e-21],
        "var": [4.48574297707e-08, 2.58419386228e-05, 2.42830847128e-05, 7.09379764885e-06, 1.4015198758e-05, 4.75952538181e-06, 4.95993845107e-06, 4.90168076794e-06, 7.13543931852e-06, 5.15217880093e-06, 3.73826969735e-06, 7.04806666363e-07, 8.17110503704e-07, 6.84442397869e-07, 7.68821507791e-07, 7.98788221346e-07, 1.07791197479e-06, 3.62603230997e-07, 3.42297710176e-07, 3.40247026998e-07, 1.59621691864e-07, 3.18623648354e-07, 2.46219258315e-07, 4.53565832004e-07, 1.18120482284e-07, 2.2989876669e-08, 1.27891766621e-10]
    },
    "erbbands": {
        "dmean": [0.0581984296441, 0.616091668606, 2.33890652657, 3.6128115654, 5.41014814377, 5.53134870529, 7.45686006546, 7.29494142532, 12.370765686, 11.0743541718, 15.1960086823, 13.8384437561, 17.778968811, 10.2663917542, 7.86502838135, 10.6998119354, 11.5887861252, 18.6009616852, 12.6834726334, 15.6143712997, 19.6565322876, 15.5537595749, 15.4157857895, 17.320482254, 13.6802272797, 9.8337020874, 6.73348903656, 5.82718896866, 6.57770061493, 6.12990570068, 3.92572927475, 3.59057617188, 2.68603944778, 1.38789999485, 0.675401091576, 0.287603467703, 0.0956606864929, 0.0205560661852, 0.000430040206993, 1.81541072379e-05],
        "dmean2": [0.0973657220602, 1.03833723068, 3.89375782013, 5.76338291168, 8.57944965363, 9.25355434418, 12.2503061295, 11.9060096741, 20.2482814789, 17.6320037842, 23.5224285126, 20.822385788, 25.7623958588, 15.4596652985, 12.3842086792, 16.8731842041, 18.4984931946, 30.171415329, 20.3545379639, 25.023235321, 32.1691551208, 24.9094219208, 25.4291591644, 29.0003433228, 23.1351642609, 15.9823093414, 10.8548297882, 9.35447502136, 10.1942939758, 8.85879707336, 5.83621788025, 5.37894105911, 3.99471020699, 2.0099799633, 1.01300907135, 0.440998524427, 0.154366269708, 0.033887360245, 0.000703832658473, 2.80314543488e-05],
        "dvar": [0.0121014444157, 1.2321408987, 14.9786243439, 26.7915916443, 66.0270385742, 76.914276123, 252.595581055, 235.915878296, 775.349121094, 918.081237793, 1946.875, 1701.2845459, 2028.20422363, 779.338806152, 483.17288208, 512.265380859, 623.683227539, 1138.08410645, 494.73916626, 977.655273438, 892.517211914, 674.029602051, 401.221343994, 417.512908936, 328.422454834, 185.203948975, 108.289833069, 90.8245697021, 111.2108078, 113.220024109, 97.2640151978, 121.040802002, 82.3946838379, 9.36043739319, 1.95766723156, 0.458835840225, 0.0586834810674, 0.00280597014353, 1.20158858863e-06, 1.12589726431e-09],
        "dvar2": [0.0333664044738, 3.49588441849, 41.6207237244, 63.024066925, 179.868408203, 214.101776123, 605.182312012, 622.803283691, 1993.17712402, 2197.56787109, 4507.60986328, 3698.14892578, 3938.34863281, 1613.05554199, 1130.78137207, 1170.36206055, 1499.81896973, 2827.41381836, 1168.76879883, 2355.68896484, 2254.02612305, 1505.20446777, 1038.84667969, 1142.99572754, 876.414855957, 469.623199463, 261.342681885, 217.351989746, 265.114593506, 236.008453369, 200.905670166, 272.839935303, 196.123672485, 18.8379516602, 4.20833873749, 1.04088902473, 0.152520015836, 0.00741447741166, 3.14281078317e-06, 2.80679768316e-09],
        "max": [1.25573861599, 11.5227832794, 63.7699928284, 109.186210632, 132.23059082, 212.510177612, 371.585540771, 380.116851807, 574.575012207, 828.608032227, 1295.61376953, 962.752380371, 1031.61096191, 970.769836426, 859.472595215, 523.309936523, 540.808288574, 809.152709961, 496.055206299, 745.812744141, 746.334716797, 773.719848633, 303.478088379, 272.912811279, 317.97454834, 373.386169434, 258.851348877, 196.640472412, 274.463378906, 241.348068237, 381.084228516, 295.898254395, 449.377471924, 104.433273315, 29.9535045624, 12.7510452271, 3.70436143875, 0.928649604321, 0.0202442780137, 0.000537903513759],
        "mean": [0.111778132617, 1.22071218491, 4.20485067368, 8.54896068573, 11.8055505753, 10.4756193161, 12.2429075241, 11.9241542816, 20.183473587, 18.4204235077, 25.2284221649, 25.2857627869, 34.9387283325, 22.2941856384, 16.6492424011, 20.4705123901, 23.2010746002, 36.5589561462, 26.2335758209, 32.3987197876, 46.0513076782, 38.7849617004, 38.9296226501, 43.7256660461, 34.8696861267, 25.3420219421, 17.408575058, 15.1228141785, 16.5795536041, 15.3659000397, 9.63715839386, 7.99303150177, 5.56815004349, 2.66703081131, 1.2132576704, 0.441599756479, 0.123522862792, 0.0235154032707, 0.000528400647454, 5.65109148738e-05],
        "median": [0.0784087404609, 0.871456086636, 2.54877567291, 6.40805101395, 8.40131950378, 7.24802684784, 5.73849248886, 5.99653959274, 9.68242835999, 8.40710544586, 10.2195625305, 9.22800064087, 11.0422334671, 7.7952466011, 7.7440738678, 10.6286830902, 11.8359270096, 22.7081794739, 18.6708679199, 18.1791095734, 31.6004886627, 26.6477527618, 30.5121116638, 37.0381126404, 28.940574646, 19.4014549255, 13.1324043274, 10.0546541214, 10.5271682739, 9.46814727783, 6.12813186646, 4.74940538406, 3.21387434006, 1.38635635376, 0.549801409245, 0.168602660298, 0.0521842166781, 0.00991839729249, 0.000240053719608, 4.90844577143e-05],
        "min": [9.66651220596e-23, 4.67756853421e-22, 1.21872905967e-21, 4.08947714699e-21, 1.2954527272e-20, 2.17248114986e-20, 5.99404669412e-20, 3.39355143762e-20, 1.01109446361e-19, 2.03919278793e-19, 3.38281172521e-19, 2.0869454077e-19, 4.57529571729e-19, 5.31504178813e-19, 1.03185776973e-18, 8.45669340015e-19, 1.44221369642e-18, 2.1929529976e-18, 1.24462826882e-18, 3.2518837684e-18, 4.49067834595e-18, 5.43613792788e-18, 4.98230032172e-18, 5.79853981631e-18, 8.77114941873e-18, 7.88636808422e-18, 8.37794580583e-18, 1.06756335175e-17, 1.10203171972e-17, 1.20767889668e-17, 1.20790827386e-17, 1.06684858498e-17, 9.62837488549e-18, 7.84772468754e-18, 6.96334453563e-18, 4.41640497157e-18, 2.38982446493e-18, 9.33295167242e-19, 2.66119383448e-19, 2.83813035244e-20],
        "var": [0.0152877345681, 1.69789266586, 23.4916267395, 73.2685699463, 136.104095459, 130.187744141, 458.770599365, 353.905090332, 1089.86413574, 1378.73388672, 3065.83642578, 3925.70043945, 5887.16650391, 3995.18237305, 2274.16088867, 1194.54492188, 1538.74145508, 2448.48583984, 949.289855957, 2645.60693359, 2818.89233398, 2387.29931641, 1109.109375, 1130.18005371, 803.396484375, 549.072814941, 283.001708984, 256.879425049, 354.511535645, 384.933898926, 198.252563477, 228.485015869, 122.199989319, 22.0881977081, 4.47872257233, 0.814360380173, 0.055927477777, 0.00230002403259, 1.02659737422e-06, 1.65340807712e-09]
    },
    "gfcc": {
        "mean": [28.2497196198, 66.0396881104, -113.072608948, 51.1707382202, -53.2856178284, 14.2171096802, -41.5939788818, 13.1555318832, -23.9503612518, 1.56717169285, -19.5479812622, -1.99430501461, -16.9960765839],
        "cov": [[23780.1816406, 509.805145264, -1233.39819336, 724.005554199, -1178.57421875, 645.948730469, -643.848632812, 295.937988281, -434.414672852, 181.284881592, -271.466278076, 126.857223511, -366.194580078], [509.805145264, 1097.42529297, -115.948379517, 98.0193862915, 229.763397217, -242.764938354, 144.393096924, -47.3911056519, 69.2413330078, -85.1077804565, 18.4796676636, -127.273338318, 34.5407295227], [-1233.39819336, -115.948379517, 586.265197754, -21.3879032135, 145.919723511, 53.048374176, -7.07707166672, 25.9246444702, 7.64671421051, 22.6152496338, 4.36684608459, 10.9492845535, -0.443597614765], [724.005554199, 98.0193862915, -21.3879032135, 326.13873291, 45.9791412354, 14.2202215195, -30.2087802887, 0.284528702497, 28.3587245941, -27.2701854706, 22.1234779358, -27.6667900085, 13.8355102539], [-1178.57421875, 229.763397217, 145.919723511, 45.9791412354, 327.476593018, -63.2336502075, 103.381278992, 6.36380767822, 30.4288539886, -14.1771373749, 3.89943480492, -40.2993240356, 19.2355613708], [645.948730469, -242.764938354, 53.048374176, 14.2202215195, -63.2336502075, 288.989929199, 41.7825622559, 60.5531311035, -40.3686904907, 29.2196102142, 12.7091875076, 29.6278457642, -25.3462028503], [-643.848632812, 144.393096924, -7.07707166672, -30.2087802887, 103.381278992, 41.7825622559, 209.195114136, 21.3796672821, 11.1484928131, -8.34976100922, 17.4969940186, -25.9809265137, 8.47453403473], [295.937988281, -47.3911056519, 25.9246444702, 0.284528702497, 6.36380767822, 60.5531311035, 21.3796672821, 103.173057556, 26.5867481232, 24.8371887207, -6.82883691788, 1.88465976715, -5.1412229538], [-434.414672852, 69.2413330078, 7.64671421051, 28.3587245941, 30.4288539886, -40.3686904907, 11.1484928131, 26.5867481232, 112.322746277, 5.36548662186, 11.4925727844, -17.3638725281, 9.6333398819], [181.284881592, -85.1077804565, 22.6152496338, -27.2701854706, -14.1771373749, 29.2196102142, -8.34976100922, 24.8371887207, 5.36548662186, 82.7220230103, 22.7208137512, 29.3201179504, -11.3258161545], [-271.466278076, 18.4796676636, 4.36684608459, 22.1234779358, 3.89943480492, 12.7091875076, 17.4969940186, -6.82883691788, 11.4925727844, 22.7208137512, 80.5332260132, 17.5073947906, 14.434337616], [126.857223511, -127.273338318, 10.9492845535, -27.6667900085, -40.2993240356, 29.6278457642, -25.9809265137, 1.88465976715, -17.3638725281, 29.3201179504, 17.5073947906, 77.4907608032, 12.5747013092], [-366.194580078, 34.5407295227, -0.443597614765, 13.8355102539, 19.2355613708, -25.3462028503, 8.47453403473, -5.1412229538, 9.6333398819, -11.3258161545, 14.434337616, 12.5747013092, 59.8232688904]],
        "icov": [[0.000181296258233, -0.000519749242812, 0.000219238922, -0.000499746995047, 0.000537879124749, -0.000416444701841, 0.000491878017783, -0.00063854228938, 0.000718919676729, -0.000607426161878, 0.000808786426205, -0.000656427757349, 0.000765180506278], [-0.000519749242812, 0.00321074784733, -0.000336385768605, 0.00111792911775, -0.00207119714469, 0.00241463282146, -0.00232147774659, 0.00182382087223, -0.00208044960164, 0.00235314061865, -0.00310453516431, 0.00346950651146, -0.00232147006318], [0.000219238922, -0.000336385768605, 0.00255890097469, -0.0001200667175, -0.00105834275018, -0.0012537377188, 0.00159377697855, -0.000820340937935, 0.000567271898035, -0.000751458166633, 0.000677460746374, -0.000711850530934, 0.000848376948852], [-0.000499746995047, 0.00111792911775, -0.0001200667175, 0.00545297982171, -0.00264007574879, -0.000367166998331, 0.000785010168329, 0.00173317804001, -0.00290708756074, 0.00304957153276, -0.00387812149711, 0.00315073574893, -0.00291657797061], [0.000537879124749, -0.00207119714469, -0.00105834275018, -0.00264007574879, 0.00724044581875, 0.000395667215344, -0.00148832623381, -0.00227554631419, 0.00241403467953, -0.00258879503235, 0.00318627478555, -0.00136145530269, 0.00158445851412], [-0.000416444701841, 0.00241463282146, -0.0012537377188, -0.000367166998331, 0.000395667215344, 0.00787338893861, -0.00425951601937, -0.00200916337781, 0.00100732559804, 0.00170551030897, -0.00317488680594, 0.000718770141248, 0.000547274830751], [0.000491878017783, -0.00232147774659, 0.00159377697855, 0.000785010168329, -0.00148832623381, -0.00425951601937, 0.0097573865205, -0.00247090891935, 0.0014706448419, -0.000698793388437, 0.000127435210743, 5.02235125168e-05, 0.000850428186823], [-0.00063854228938, 0.00182382087223, -0.000820340937935, 0.00173317804001, -0.00227554631419, -0.00200916337781, -0.00247090891935, 0.016550283879, -0.00700226891786, -0.00217028195038, 0.0010632815538, 0.0027638557367, -0.00383667228743], [0.000718919676729, -0.00208044960164, 0.000567271898035, -0.00290708756074, 0.00241403467953, 0.00100732559804, 0.0014706448419, -0.00700226891786, 0.0147683173418, -0.00348039832897, 0.00104152364656, -8.75717887538e-05, 0.00184897356667], [-0.000607426161878, 0.00235314061865, -0.000751458166633, 0.00304957153276, -0.00258879503235, 0.00170551030897, -0.000698793388437, -0.00217028195038, -0.00348039832897, 0.020783437416, -0.00874851830304, -0.00327545194887, 0.00297429808415], [0.000808786426205, -0.00310453516431, 0.000677460746374, -0.00387812149711, 0.00318627478555, -0.00317488680594, 0.000127435210743, 0.0010632815538, 0.00104152364656, -0.00874851830304, 0.0209998805076, -0.00617697043344, -0.000243639922701], [-0.000656427757349, 0.00346950651146, -0.000711850530934, 0.00315073574893, -0.00136145530269, 0.000718770141248, 5.02235125168e-05, 0.0027638557367, -8.75717887538e-05, -0.00327545194887, -0.00617697043344, 0.0241023227572, -0.00996450986713], [0.000765180506278, -0.00232147006318, 0.000848376948852, -0.00291657797061, 0.00158445851412, 0.000547274830751, 0.000850428186823, -0.00383667228743, 0.00184897356667, 0.00297429808415, -0.000243639922701, -0.00996450986713, 0.0251118373126]]
    },
    "melbands": {
        "dmean": [0.000575427780859, 0.0010550157167, 0.000604094646405, 0.000390345492633, 0.000260578468442, 0.000170183047885, 0.000183312047739, 0.000118956813822, 0.000124990780023, 9.08573565539e-05, 8.82342501427e-05, 4.27485865657e-05, 2.92686127068e-05, 2.68836374744e-05, 2.91424439638e-05, 2.83061799564e-05, 3.79537013941e-05, 2.11948663491e-05, 2.240509275e-05, 2.34640720009e-05, 2.59505068243e-05, 1.76247285708e-05, 1.88338017324e-05, 1.42285580296e-05, 1.60361214512e-05, 1.08203030322e-05, 1.17753843369e-05, 6.51047730571e-06, 4.77385810882e-06, 4.52992617284e-06, 3.56131522494e-06, 4.11447854276e-06, 4.36937716586e-06, 3.40049723491e-06, 2.40711688093e-06, 2.76358673545e-06, 2.21355298891e-06, 2.08501000998e-06, 1.64071900599e-06, 1.13724502171e-06],
        "dmean2": [0.000961898360401, 0.00175242905971, 0.000966980587691, 0.000632317096461, 0.00042885687435, 0.000275347469142, 0.000299108825857, 0.000188592006452, 0.000192351522855, 0.000136198883411, 0.000128147614305, 6.47522392683e-05, 4.64415788883e-05, 4.32220185758e-05, 4.60780720459e-05, 4.66727433377e-05, 6.15709723206e-05, 3.43259125657e-05, 3.57834433089e-05, 3.77705364372e-05, 4.28483108408e-05, 2.82296150544e-05, 3.11022704409e-05, 2.37968033616e-05, 2.69193496933e-05, 1.84156706382e-05, 1.97458048206e-05, 1.05932722363e-05, 7.77158675191e-06, 7.39321285437e-06, 5.76815500608e-06, 6.62549928165e-06, 6.60994101054e-06, 4.99528050568e-06, 3.66362769455e-06, 4.25540656579e-06, 3.42337602888e-06, 3.1783790746e-06, 2.42888359026e-06, 1.70130397237e-06],
        "dvar": [1.06721427073e-06, 3.00750684801e-06, 6.59133434056e-07, 3.13499100457e-07, 2.56867934922e-07, 1.20838578255e-07, 1.70734253402e-07, 1.05485007396e-07, 1.37184514415e-07, 6.5199728283e-08, 5.00886301324e-08, 1.43954403953e-08, 8.56815951522e-09, 3.73913700003e-09, 5.07725550492e-09, 3.52630435962e-09, 4.70283412213e-09, 1.28807808863e-09, 2.50573872762e-09, 2.1322963395e-09, 1.78611470059e-09, 1.04580777371e-09, 6.9668221192e-10, 3.26621812929e-10, 3.65840052696e-10, 1.85346918369e-10, 3.15937415118e-10, 8.47150682937e-11, 5.47890829927e-11, 4.88083566619e-11, 3.53071391568e-11, 4.67618027633e-11, 5.27967322639e-11, 3.87507213817e-11, 2.64498440511e-11, 8.59475754456e-11, 5.50046778958e-11, 4.32142967244e-11, 2.82491200571e-11, 5.06432049074e-12],
        "dvar2": [2.97429778584e-06, 8.35970786284e-06, 1.65181711509e-06, 8.52628602388e-07, 6.31599789358e-07, 3.17297264019e-07, 4.3597552235e-07, 2.54670027289e-07, 3.19703730156e-07, 1.36920519367e-07, 9.63295860856e-08, 2.89802049025e-08, 2.07069543734e-08, 9.19274611988e-09, 1.10240998552e-08, 8.9771363676e-09, 1.17172067604e-08, 3.11731951363e-09, 6.26173735085e-09, 5.0336872448e-09, 4.49124026858e-09, 2.36550712351e-09, 1.76830028398e-09, 8.60384208323e-10, 1.00972707973e-09, 5.12623388182e-10, 8.12470701828e-10, 2.18439641375e-10, 1.35569680482e-10, 1.23215257442e-10, 8.82475134634e-11, 1.20430734829e-10, 1.17122089804e-10, 8.46536521437e-11, 5.81796937016e-11, 1.98835142795e-10, 1.27802921024e-10, 1.03079850211e-10, 6.28242041723e-11, 1.07730742729e-11],
        "max": [0.0119347274303, 0.0267594587058, 0.0151674048975, 0.00844537466764, 0.0108234742656, 0.00835555326194, 0.00845580175519, 0.00823858100921, 0.0103181591257, 0.00685708364472, 0.00544341793284, 0.00432372977957, 0.00426098657772, 0.0018479769351, 0.00211129849777, 0.001533648232, 0.00139599153772, 0.000945517560467, 0.00124562263954, 0.00105816929135, 0.00113964034244, 0.000995903508738, 0.000501362257637, 0.000277777726296, 0.000259172084043, 0.000225093361223, 0.000461360177724, 0.000227291908232, 0.000159637158504, 0.000221781650907, 0.000114488058898, 0.000186530232895, 0.000176397632458, 0.000166227779118, 0.000170481391251, 0.000324513704982, 0.000209439749597, 0.000302346423268, 0.000229132609093, 5.33004094905e-05],
        "mean": [0.00119864859153, 0.00207654177211, 0.00153167895041, 0.000820988265332, 0.000440354604507, 0.000285103305941, 0.000301617401419, 0.000198291018023, 0.000203414529096, 0.000161448246217, 0.000171473482624, 8.78385471879e-05, 6.15210519754e-05, 4.69940969197e-05, 5.36096158612e-05, 5.37741725566e-05, 6.98664734955e-05, 4.0359547711e-05, 3.980663314e-05, 4.72661631647e-05, 5.5763823184e-05, 3.86282881664e-05, 4.04757302022e-05, 3.21362640534e-05, 3.66109852621e-05, 2.52544923569e-05, 2.50310877163e-05, 1.48924082168e-05, 1.0793311958e-05, 1.01991681731e-05, 8.19573870103e-06, 9.20592083276e-06, 1.00208226286e-05, 7.75196258473e-06, 5.37463665751e-06, 5.59788941246e-06, 4.49953995485e-06, 4.17365799876e-06, 2.89836839329e-06, 2.04262869374e-06],
        "median": [0.000884202658199, 0.0014027163852, 0.00124331051484, 0.0006128908135, 0.000223892027861, 0.000143090655911, 0.000147591068526, 9.08912406885e-05, 7.66661469243e-05, 5.46744122403e-05, 5.1838116633e-05, 2.85211572191e-05, 2.28628123295e-05, 2.75141064776e-05, 2.32304482779e-05, 2.77438084595e-05, 4.24568243034e-05, 2.87249113171e-05, 2.19609446503e-05, 2.75764286926e-05, 3.71024361812e-05, 2.47870302701e-05, 2.85966871161e-05, 2.53722264461e-05, 3.02387052216e-05, 2.13244729821e-05, 1.71008632606e-05, 1.12936486403e-05, 7.79969832365e-06, 6.93673564456e-06, 5.1871506912e-06, 5.42613452126e-06, 5.71099099034e-06, 4.64678305434e-06, 3.34410924552e-06, 3.15974989462e-06, 2.55404461313e-06, 2.36571804635e-06, 1.45332694501e-06, 9.72965949586e-07],
        "min": [1.09632930379e-24, 7.90754220697e-25, 1.3229566173e-24, 1.55963500482e-24, 1.5154337478e-24, 6.00978988108e-25, 1.88906903808e-24, 2.10557309681e-24, 2.55586456506e-24, 1.486047693e-24, 1.96932005519e-24, 1.86231067896e-24, 2.97639093085e-24, 2.04682899178e-24, 2.59448147574e-24, 2.56520428375e-24, 3.70839133366e-24, 1.88423529289e-24, 2.69762720846e-24, 4.30151967665e-24, 4.42839335933e-24, 4.80246686185e-24, 3.64531322682e-24, 3.9479841678e-24, 3.92237971497e-24, 5.05559102709e-24, 4.20709854832e-24, 4.70176521742e-24, 4.31631121305e-24, 4.09000319099e-24, 5.80778686073e-24, 5.23688980134e-24, 5.79351400037e-24, 5.35023412506e-24, 5.62482595655e-24, 5.5115033265e-24, 5.16568169401e-24, 5.94206794731e-24, 5.06845853175e-24, 7.07964008252e-24],
        "var": [1.49872789734e-06, 4.65874882138e-06, 1.68631504494e-06, 6.23642279152e-07, 4.88441969537e-07, 1.90472619011e-07, 2.40364130377e-07, 1.53677461867e-07, 2.09903234349e-07, 1.52077760163e-07, 1.46962577219e-07, 7.01403948256e-08, 5.7797404196e-08, 5.63049518121e-09, 1.26263275391e-08, 8.13594525084e-09, 9.33970589756e-09, 2.21220086694e-09, 4.65504657043e-09, 4.85347673163e-09, 5.28297627866e-09, 3.10918646385e-09, 1.83660275876e-09, 7.71971653268e-10, 8.85158335517e-10, 3.92065213628e-10, 7.37515770677e-10, 2.08448466821e-10, 1.22915663758e-10, 1.21443605172e-10, 8.41902519921e-11, 1.15569755155e-10, 1.87346985148e-10, 1.04505050447e-10, 5.59528014199e-11, 1.23261748031e-10, 9.8306821017e-11, 6.37841029993e-11, 4.68785531227e-11, 1.13466076812e-11]
    },
    "mfcc": {
        "mean": [-603.18170166, 88.8118438721, 1.74510359764, 34.5216255188, 12.0676298141, 4.40213775635, -1.23723614216, 5.55604171753, -1.40821778774, 4.88096570969, 0.828137040138, -1.55109524727, -3.88723683357],
        "cov": [[9932.00683594, 438.449249268, 349.221923828, 16.4017238617, -54.0939292908, 221.367752075, 47.3826751709, 103.071090698, -68.8029022217, 9.03649520874, 162.722335815, 40.0600738525, -20.428817749], [438.449249268, 1054.13391113, -134.038818359, 267.936523438, 59.1290588379, -43.384967804, 46.5208473206, -5.67808771133, 57.0718460083, 45.0651855469, 1.44800555706, -12.8591041565, -38.8465423584], [349.221923828, -134.038818359, 363.368164062, -44.7542533875, 77.6168518066, 33.4210510254, 8.39185619354, 12.4218559265, -16.8672771454, 1.05582606792, 1.61143386364, 8.44481563568, 17.8379993439], [16.4017238617, 267.936523438, -44.7542533875, 347.815185547, 125.248847961, -9.60428237915, -7.08239841461, -15.1932640076, 31.0416927338, 17.9055023193, -24.0341854095, 13.2865447998, -11.2797441483], [-54.0939292908, 59.1290588379, 77.6168518066, 125.248847961, 205.646957397, 9.97638988495, 5.3118853569, 0.618672907352, 23.7707691193, 15.1598815918, -16.1988162994, 13.1143779755, 7.63484716415], [221.367752075, -43.384967804, 33.4210510254, -9.60428237915, 9.97638988495, 128.975387573, 78.4377593994, 37.1776885986, 0.686089515686, 10.0564346313, 21.9223480225, 7.18683338165, -7.78159427643], [47.3826751709, 46.5208473206, 8.39185619354, -7.08239841461, 5.3118853569, 78.4377593994, 186.193527222, 46.8881454468, 26.9735527039, 13.1665229797, 24.8911266327, 18.3270568848, -25.0511131287], [103.071090698, -5.67808771133, 12.4218559265, -15.1932640076, 0.618672907352, 37.1776885986, 46.8881454468, 89.4164123535, 35.2566490173, 29.4751548767, 10.5800905228, 5.29535675049, -3.93901920319], [-68.8029022217, 57.0718460083, -16.8672771454, 31.0416927338, 23.7707691193, 0.686089515686, 26.9735527039, 35.2566490173, 82.7766647339, 38.4619941711, 14.5335941315, -5.62832689285, -5.76854467392], [9.03649520874, 45.0651855469, 1.05582606792, 17.9055023193, 15.1598815918, 10.0564346313, 13.1665229797, 29.4751548767, 38.4619941711, 89.9056930542, 26.4284496307, 8.55093860626, -14.0711688995], [162.722335815, 1.44800555706, 1.61143386364, -24.0341854095, -16.1988162994, 21.9223480225, 24.8911266327, 10.5800905228, 14.5335941315, 26.4284496307, 73.2562484741, 20.9888858795, 5.12745952606], [40.0600738525, -12.8591041565, 8.44481563568, 13.2865447998, 13.1143779755, 7.18683338165, 18.3270568848, 5.29535675049, -5.62832689285, 8.55093860626, 20.9888858795, 69.4332580566, 19.1827030182], [-20.428817749, -38.8465423584, 17.8379993439, -11.2797441483, 7.63484716415, -7.78159427643, -25.0511131287, -3.93901920319, -5.76854467392, -14.0711688995, 5.12745952606, 19.1827030182, 62.1844673157]],
