{
"lowlevel": {
    "average_loudness": 0.878695070744,
    "barkbands_crest": {
        "dmean": 2.64666748047,
        "dmean2": 4.41261911392,
        "dvar": 6.93860721588,
        "dvar2": 17.1941184998,
        "max": 26.6166801453,
        "mean": 9.42971038818,
        "median": 8.36904907227,
        "min": 2.20561265945,
        "var": 18.8631591797
    },
    "barkbands_flatness_db": {
        "dmean": 0.0202947184443,
        "dmean2": 0.0323544889688,
        "dvar": 0.000497094530147,
        "dvar2": 0.00112998380791,
        "max": 0.473255813122,
        "mean": 0.124181561172,
        "median": 0.106375835836,
        "min": 0.0285553690046,
        "var": 0.00367278931662
    },
    "barkbands_kurtosis": {
        "dmean": 4.0407948494,
        "dmean2": 6.61714410782,
        "dvar": 155.364608765,
        "dvar2": 395.351409912,
        "max": 377.924163818,
        "mean": 5.9909324646,
        "median": -0.11734688282,
        "min": -1.91284370422,
        "var": 392.625671387
    },
    "barkbands_skewness": {
        "dmean": 0.607413172722,
        "dmean2": 0.975627541542,
        "dvar": 0.639337718487,
        "dvar2": 1.53410029411,
        "max": 16.3168487549,
        "mean": 1.60941445827,
        "median": 1.07465529442,
        "min": -2.4488067627,
        "var": 3.18316626549
    },
    "barkbands_spread": {
        "dmean": 6.22956037521,
        "dmean2": 9.97228431702,
        "dvar": 56.8071365356,
        "dvar2": 130.233261108,
        "max": 114.90335083,
        "mean": 31.9639129639,
        "median": 34.2385978699,
        "min": 0.507178664207,
        "var": 230.766479492
    },
    "dissonance": {
        "dmean": 0.0104244751856,
        "dmean2": 0.0175193343312,
        "dvar": 0.000137889772304,
        "dvar2": 0.000372766080545,
        "max": 0.500000119209,
        "mean": 0.478740006685,
        "median": 0.484352856874,
        "min": 0.271535485983,
        "var": 0.000374174065655
    },
    "dynamic_complexity": 3.1142988205,
    "erbbands_crest": {
        "dmean": 2.32238411903,
        "dmean2": 3.80802941322,
        "dvar": 4.61722517014,
        "dvar2": 11.5096626282,
        "max": 31.5917415619,
        "mean": 8.64740943909,
        "median": 7.92624092102,
        "min": 2.2407746315,
        "var": 13.1593942642
    },
    "erbbands_flatness_db": {
        "dmean": 0.0150797814131,
        "dmean2": 0.021711492911,
        "dvar": 0.000249263801379,
        "dvar2": 0.000440924573923,
        "max": 0.318382769823,
        "mean": 0.14084495604,
        "median": 0.140505090356,
        "min": 0.0339369811118,
        "var": 0.00179936352652
    },
    "erbbands_kurtosis": {
        "dmean": 0.872200012207,
        "dmean2": 1.399263978,
        "dvar": 1.81027603149,
        "dvar2": 4.11538076401,
        "max": 61.7675857544,
        "mean": 0.501830041409,
        "median": 0.0214688777924,
        "min": -1.87679803371,
        "var": 4.82632875443
    },
    "erbbands_skewness": {
        "dmean": 0.306486725807,
        "dmean2": 0.480190545321,
        "dvar": 0.0902589187026,
        "dvar2": 0.200899198651,
        "max": 5.53232574463,
        "mean": -0.498397290707,
        "median": -0.575155675411,
        "min": -7.17622852325,
        "var": 0.693675816059
    },
    "erbbands_spread": {
        "dmean": 8.54871559143,
        "dmean2": 13.2156105042,
        "dvar": 97.3718185425,
        "dvar2": 202.935119629,
        "max": 173.595336914,
        "mean": 44.1678161621,
        "median": 37.6951637268,
        "min": 3.70708870888,
        "var": 579.396728516
    },
    "hfc": {
        "dmean": 4.28295660019,
        "dmean2": 6.54570484161,
        "dvar": 30.0623683929,
        "dvar2": 66.4529190063,
        "max": 106.571418762,
        "mean": 22.6845474243,
        "median": 19.4194068909,
        "min": 1.09541093301e-16,
        "var": 310.162872314
    },
    "melbands_crest": {
        "dmean": 3.40212345123,
        "dmean2": 5.66548681259,
        "dvar": 8.82337379456,
        "dvar2": 23.5453567505,
        "max": 39.8084487915,
        "mean": 14.3111495972,
        "median": 13.6366586685,
        "min": 1.00234186649,
        "var": 25.4862880707
    },
    "melbands_flatness_db": {
        "dmean": 0.0270125940442,
        "dmean2": 0.0435625351965,
        "dvar": 0.000807312258985,
        "dvar2": 0.00184924877249,
        "max": 0.584399282932,
        "mean": 0.200180575252,
        "median": 0.177581250668,
        "min": 1.63944648079e-07,
        "var": 0.00665357196704
    },
    "melbands_kurtosis": {
        "dmean": 12.3641519547,
        "dmean2": 20.1167011261,
        "dvar": 965.655029297,
        "dvar2": 2428.26171875,
        "max": 699.924621582,
        "mean": 24.6261634827,
        "median": 6.4034485817,
        "min": -1.85216426849,
        "var": 2808.61523438
    },
    "melbands_skewness": {
        "dmean": 0.903762578964,
        "dmean2": 1.44317018986,
        "dvar": 1.36273610592,
        "dvar2": 3.18745350838,
        "max": 21.4082107544,
        "mean": 3.36067414284,
        "median": 2.54607868195,
        "min": -0.964888989925,
        "var": 6.94926643372
    },
    "melbands_spread": {
        "dmean": 8.48070526123,
        "dmean2": 13.8524274826,
        "dvar": 89.6055603027,
        "dvar2": 220.074539185,
        "max": 188.965118408,
        "mean": 30.95753479,
        "median": 29.8592185974,
        "min": 0.462467461824,
        "var": 411.963928223
    },
    "pitch_salience": {
        "dmean": 0.076315626502,
        "dmean2": 0.126761168242,
        "dvar": 0.00501828780398,
        "dvar2": 0.0131886731833,
        "max": 0.996027052402,
        "mean": 0.550862252712,
        "median": 0.561043202877,
        "min": 0.0109646432102,
        "var": 0.0139100225642
    },
    "silence_rate_20dB": {
        "dmean": 0,
        "dmean2": 0,
        "dvar": 0,
        "dvar2": 0,
        "max": 1,
        "mean": 1,
        "median": 1,
        "min": 1,
        "var": 0
    },
    "silence_rate_30dB": {
        "dmean": 0,
        "dmean2": 0,
        "dvar": 0,
        "dvar2": 0,
        "max": 1,
        "mean": 1,
        "median": 1,
        "min": 1,
        "var": 0
    },
    "silence_rate_60dB": {
        "dmean": 0.00868760235608,
        "dmean2": 0.0173764415085,
        "dvar": 0.00861291680485,
        "dvar2": 0.0241991076618,
        "max": 1,
        "mean": 0.0257049277425,
        "median": 0,
        "min": 0,
        "var": 0.0250468179584
    },
    "spectral_centroid": {
        "dmean": 225.236129761,
        "dmean2": 365.198425293,
        "dvar": 66117.421875,
        "dvar2": 157079.703125,
        "max": 11370.4892578,
        "mean": 1778.42810059,
        "median": 1950.94128418,
        "min": 130.100143433,
        "var": 536330.625
    },
    "spectral_complexity": {
        "dmean": 3.14291810989,
        "dmean2": 5.07862138748,
        "dvar": 10.8130407333,
        "dvar2": 24.8964252472,
        "max": 58,
        "mean": 23.7035751343,
        "median": 25,
        "min": 0,
        "var": 206.785385132
    },
    "spectral_decrease": {
        "dmean": 1.70685254819e-09,
        "dmean2": 2.80281975407e-09,
        "dvar": 4.97786291132e-18,
        "dvar2": 1.26381517808e-17,
        "max": 3.46793430241e-24,
        "mean": -5.8870139874e-09,
        "median": -5.46276179847e-09,
        "min": -2.83797998435e-08,
        "var": 1.26211945782e-17
    },
    "spectral_energy": {
        "dmean": 0.006577196531,
        "dmean2": 0.010764669627,
        "dvar": 7.18314258847e-05,
        "dvar2": 0.00018194889708,
        "max": 0.11150868237,
        "mean": 0.0242765340954,
        "median": 0.022679336369,
        "min": 1.02829923874e-20,
        "var": 0.000209723948501
    },
    "spectral_energyband_high": {
        "dmean": 0.000278485764284,
        "dmean2": 0.000403751211707,
        "dvar": 2.00200929612e-07,
        "dvar2": 3.85394088198e-07,
        "max": 0.00904152076691,
        "mean": 0.000933770788833,
        "median": 0.000637277960777,
        "min": 7.21363371133e-21,
        "var": 1.01395266938e-06
    },
    "spectral_energyband_low": {
        "dmean": 0.0059025012888,
        "dmean2": 0.0098043102771,
        "dvar": 7.68236350268e-05,
        "dvar2": 0.000194028340047,
        "max": 0.0973579660058,
        "mean": 0.0111952675506,
        "median": 0.00828973762691,
        "min": 3.53948193547e-23,
        "var": 0.000105234001239
    },
    "spectral_energyband_middle_high": {
        "dmean": 0.00145338149741,
        "dmean2": 0.00233176769689,
        "dvar": 3.88623539038e-06,
        "dvar2": 9.60090528679e-06,
        "max": 0.0387626104057,
        "mean": 0.00625891052186,
        "median": 0.00484491465613,
        "min": 1.41358048005e-21,
        "var": 3.38550235028e-05
    },
    "spectral_energyband_middle_low": {
        "dmean": 0.0023191801738,
        "dmean2": 0.00378309655935,
        "dvar": 8.53374785947e-06,
        "dvar2": 2.15278905671e-05,
        "max": 0.0438525117934,
        "mean": 0.00672063697129,
        "median": 0.00578976608813,
        "min": 2.35100517403e-22,
        "var": 2.42065052589e-05
    },
    "spectral_entropy": {
        "dmean": 0.112727314234,
        "dmean2": 0.165832161903,
        "dvar": 0.0197367891669,
        "dvar2": 0.0359050482512,
        "max": 9.80799293518,
        "mean": 7.70946979523,
        "median": 7.78959465027,
        "min": 5.33704328537,
        "var": 0.14564602077
    },
    "spectral_flux": {
        "dmean": 0.0197469219565,
        "dmean2": 0.031433224678,
        "dvar": 0.000502572045662,
        "dvar2": 0.00115677865688,
        "max": 0.264357686043,
        "mean": 0.0814083367586,
        "median": 0.078447714448,
        "min": 6.68399918746e-11,
        "var": 0.00143892993219
    },
    "spectral_kurtosis": {
        "dmean": 1.50185215473,
        "dmean2": 2.59622573853,
        "dvar": 5.45197296143,
        "dvar2": 17.5909633636,
        "max": 38.1133880615,
        "mean": 4.54113674164,
        "median": 3.91859817505,
        "min": -1.22644937038,
        "var": 12.1492071152
    },
    "spectral_rms": {
        "dmean": 0.000640724145342,
        "dmean2": 0.0010381663451,
        "dvar": 5.20062826581e-07,
        "dvar2": 1.26737245409e-06,
        "max": 0.0104301944375,
        "mean": 0.00462042074651,
        "median": 0.00470384769142,
        "min": 3.16736285637e-12,
        "var": 2.33620789913e-06
    },
    "spectral_rolloff": {
        "dmean": 479.298156738,
        "dmean2": 832.751220703,
        "dvar": 848950.375,
        "dvar2": 2080450.75,
        "max": 19056.8847656,
        "mean": 1817.74951172,
        "median": 2217.91992188,
        "min": 21.533203125,
        "var": 1926431.25
    },
    "spectral_skewness": {
        "dmean": 0.193455502391,
        "dmean2": 0.322191268206,
        "dvar": 0.0490457750857,
        "dvar2": 0.143108740449,
        "max": 4.5660405159,
        "mean": 1.33511006832,
        "median": 1.27732729912,
        "min": -0.0325100012124,
        "var": 0.173851773143
    },
    "spectral_spread": {
        "dmean": 477302.71875,
        "dmean2": 659649.6875,
        "dvar": 530520342528,
        "dvar2": 843713478656,
        "max": 41931256,
        "mean": 4420971.5,
        "median": 3827457,
        "min": 1400112.125,
        "var": 4.60087571251e+12
    },
    "spectral_strongpeak": {
        "dmean": 0.437409311533,
        "dmean2": 0.780468165874,
        "dvar": 0.981656253338,
        "dvar2": 2.60742950439,
        "max": 13.5714492798,
        "mean": 0.550720393658,
        "median": 0.239070728421,
        "min": 0,
        "var": 1.12548947334
    },
    "zerocrossingrate": {
        "dmean": 0.0102153457701,
        "dmean2": 0.01241097413,
        "dvar": 0.00015434550005,
        "dvar2": 0.000201010465389,
        "max": 0.5068359375,
        "mean": 0.0680719465017,
        "median": 0.06884765625,
        "min": 0,
        "var": 0.00108846160583
    },
    "barkbands": {
        "dmean": [0.000335320451995, 0.00420444086194, 0.00242595002055, 0.00101399677806, 0.00108065945096, 0.000581351458095, 0.000356920412742, 0.000370273162844, 0.000402347679483, 0.000245457427809, 0.000140180316521, 0.000288665876724, 0.000248037482379, 0.000296068232274, 0.000237648331677, 0.000341689854395, 0.000695751339663, 0.000287679868052, 0.000240557157667, 0.000141060067108, 8.91666059033e-05, 7.12327018846e-05, 4.44432625955e-05, 4.27177328675e-05, 2.70986092801e-05, 3.20967228618e-05, 9.18018668017e-06],
        "dmean2": [0.000571570417378, 0.00706061720848, 0.00416304683313, 0.00172990059946, 0.00179716362618, 0.000935490010306, 0.000585924426559, 0.000591233954765, 0.000645789084956, 0.000391075445805, 0.000227188211284, 0.000463891658001, 0.000390945846448, 0.000476368848467, 0.000386926840292, 0.000565037247725, 0.00115715735592, 0.000484983873321, 0.000403042504331, 0.000235139479628, 0.000146523772855, 0.000111997127533, 6.62839956931e-05, 6.0254107666e-05, 3.82978687412e-05, 4.79683112644e-05, 1.40425008794e-05],
        "dvar": [2.48919320711e-07, 4.90331076435e-05, 1.31826409415e-05, 1.84576015272e-06, 2.46794479608e-06, 8.16315605334e-07, 5.18747981459e-07, 9.04358330445e-07, 1.0381560287e-06, 3.76255968604e-07, 1.26699916336e-07, 6.30028864634e-07, 4.43786547066e-07, 5.21031665812e-07, 3.30693069373e-07, 3.08942361471e-07, 1.29385841774e-06, 1.85008929066e-07, 1.15175112114e-07, 4.41517649108e-08, 1.93035880613e-08, 1.19613039473e-08, 1.03359942827e-08, 2.48758844634e-08, 3.77875064572e-09, 8.51904147225e-09, 6.94677204649e-10],
        "dvar2": [7.10095207523e-07, 0.00011912285845, 3.72794202121e-05, 5.21622087035e-06, 6.58358931105e-06, 2.01857619686e-06, 1.29750742417e-06, 2.15473232856e-06, 2.63086417363e-06, 9.33745809562e-07, 3.00010725596e-07, 1.46989486893e-06, 1.05615845314e-06, 1.27377563786e-06, 8.37023321765e-07, 7.84397514053e-07, 3.36539233103e-06, 5.12718543177e-07, 3.2238597214e-07, 1.18575528063e-07, 4.92910210426e-08, 2.85045640425e-08, 2.22731415533e-08, 4.77755861539e-08, 7.80063569294e-09, 2.1104527903e-08, 1.56822133057e-09],
        "max": [0.00577478948981, 0.0747446268797, 0.0439738668501, 0.0194067265838, 0.0249576866627, 0.0169798992574, 0.015738978982, 0.0229211337864, 0.0273909997195, 0.0140609517694, 0.0104401726276, 0.0239499658346, 0.0154459225014, 0.0192444268614, 0.0130395088345, 0.0172870419919, 0.030086774379, 0.00966809969395, 0.0051458729431, 0.00348744681105, 0.00265576504171, 0.00232231779955, 0.00261238636449, 0.00495661050081, 0.00166964204982, 0.00166824553162, 0.000384793238482],
        "mean": [0.00043329532491, 0.00650982558727, 0.00347633007914, 0.00143741606735, 0.00208886875771, 0.00118424894754, 0.000615868193563, 0.000573403260205, 0.00070927280467, 0.000440037809312, 0.000222082409891, 0.000481497350847, 0.000428502622526, 0.000491775339469, 0.00041208328912, 0.000688201922458, 0.0016821899917, 0.000681867299136, 0.000619960948825, 0.000371253670892, 0.000237638523686, 0.000184693271876, 0.000100662880868, 9.04793341761e-05, 5.69315707253e-05, 4.73823965876e-05, 1.07631221908e-05],
        "median": [0.000201896938961, 0.00435784365982, 0.00231618713588, 0.000904498039745, 0.00143923331052, 0.000726408907212, 0.000331637158524, 0.000194303225726, 0.000223289331188, 0.000120099837659, 7.75080116e-05, 0.000151702202857, 0.000106331368443, 0.00018510215159, 0.000185419834452, 0.00041755993152, 0.00108018890023, 0.000481727242004, 0.000464121636469, 0.000261629698798, 0.000157987495186, 0.000110569875687, 5.26099247509e-05, 3.84276499972e-05, 2.54514925473e-05, 1.23685895232e-05, 6.43442831461e-07],
        "min": [1.71283968123e-24, 1.85084817502e-23, 1.56573999937e-24, 5.95864783138e-24, 2.31141861919e-23, 9.42707872173e-24, 1.62950342912e-23, 1.04699993812e-23, 2.30357828843e-23, 2.90149856699e-23, 3.25530836278e-23, 3.62110032463e-23, 4.63564581513e-23, 4.22445743254e-23, 7.97271361539e-23, 9.00049713852e-23, 8.25128312022e-23, 1.78228959904e-22, 2.16221296271e-22, 2.13552497787e-22, 2.87496633484e-22, 3.59542807709e-22, 3.12915195976e-22, 6.97900825228e-22, 8.56667703076e-22, 1.45732139098e-21, 2.02972613395e-21],
        "var": [3.44717761891e-07, 5.84435510973e-05, 1.57203594426e-05, 2.66815914074e-06, 4.67888821731e-06, 1.96460473489e-06, 9.15000043733e-07, 1.62856258612e-06, 2.26225256483e-06, 9.58770442594e-07, 2.68099029199e-07, 1.35242873966e-06, 1.038200935e-06, 9.68885274233e-07, 6.04547892635e-07, 8.46358261697e-07, 4.26587712354e-06, 5.71892712742e-07, 4.23363104574e-07, 1.57356794261e-07, 6.61518981815e-08, 4.40185665695e-08, 2.65037005676e-08, 6.47299600587e-08, 8.66653415699e-09, 9.82478898237e-09, 9.2552543407e-10]
    },
    "erbbands": {
        "dmean": [0.132069200277, 1.00928330421, 2.70527267456, 2.96425867081, 3.67417287827, 3.55423355103, 5.51633644104, 4.25305891037, 4.25290203094, 6.24403715134, 8.65776157379, 8.93399333954, 7.30435705185, 7.7908539772, 6.57302951813, 12.0105495453, 9.65451622009, 12.839840889, 14.589299202, 9.79553604126, 23.5714836121, 34.8035812378, 18.5506744385, 11.8589363098, 9.07579135895, 6.43761873245, 4.32063961029, 3.63764286041, 2.64959049225, 1.5712287426, 1.24454534054, 1.03313958645, 0.618945002556, 0.285353511572, 0.212724074721, 0.135985061526, 0.0626496076584, 0.0166428722441, 0.00144801556598, 3.95762072003e-05],
        "dmean2": [0.218432202935, 1.71463704109, 4.66716766357, 5.06511545181, 6.2137761116, 5.91745853424, 8.79834079742, 7.00982379913, 6.920317173, 10.2486448288, 13.7117595673, 14.2981901169, 11.5683231354, 12.4558477402, 10.5918064117, 19.2429943085, 15.0741701126, 20.258605957, 23.5381793976, 15.6424598694, 39.1604957581, 58.0851020813, 31.1246261597, 20.0052700043, 15.1563692093, 10.7500934601, 7.11900949478, 5.93791627884, 4.19002962112, 2.40477085114, 1.87209796906, 1.4948745966, 0.881464362144, 0.410818845034, 0.304076343775, 0.205611377954, 0.0945348665118, 0.0246201846749, 0.00224895123392, 6.21686704108e-05],
        "dvar": [0.0438316017389, 3.09395241737, 18.2941837311, 15.2555999756, 35.8963432312, 26.9381217957, 75.2387161255, 54.3581199646, 60.8280639648, 269.997894287, 523.51953125, 587.944946289, 346.35043335, 437.899902344, 280.610626221, 1165.89660645, 622.602050781, 1064.06286621, 1228.81066895, 561.755615234, 1300.1418457, 3198.1706543, 781.896972656, 280.256744385, 174.295516968, 95.8961410522, 50.2119483948, 29.8339939117, 17.6750488281, 8.00557899475, 10.5372695923, 16.4717693329, 4.46303987503, 0.522172689438, 0.250734865665, 0.176936328411, 0.029853804037, 0.0018768281443, 1.94910517166e-05, 1.26510046883e-08],
        "dvar2": [0.104092426598, 8.09382915497, 51.9497833252, 43.3627166748, 97.4860534668, 73.6043624878, 185.601409912, 138.355270386, 147.64012146, 689.028503418, 1220.70483398, 1496.48596191, 827.573791504, 1122.69824219, 664.115112305, 2672.50878906, 1430.1315918, 2610.47119141, 3153.70922852, 1303.96325684, 3406.0925293, 8315.70703125, 2153.15844727, 781.237915039, 477.483428955, 259.366424561, 129.842895508, 75.7389526367, 42.3540420532, 17.6020393372, 22.8734111786, 33.4038314819, 8.60966968536, 1.05674505234, 0.534785449505, 0.441828936338, 0.0731919556856, 0.00431133294478, 4.46193917014e-05, 3.01876248443e-08],
        "max": [2.21247911453, 20.3574810028, 46.5343780518, 58.5145988464, 104.338653564, 113.099647522, 191.155059814, 127.891693115, 163.902328491, 370.40057373, 607.893981934, 798.842285156, 496.536468506, 617.381164551, 656.987609863, 903.724365234, 814.480834961, 1092.31445312, 753.909912109, 744.6171875, 835.340087891, 1753.13098145, 560.78704834, 287.942871094, 233.315185547, 208.147598267, 131.160125732, 101.019981384, 91.9951782227, 66.9457931519, 102.537185669, 166.883499146, 66.6828079224, 25.2389411926, 10.5777702332, 9.52423763275, 3.41692590714, 0.599257528782, 0.0721987783909, 0.002150939079],
        "mean": [0.189066872001, 1.46692955494, 3.95339250565, 4.68895959854, 5.77248907089, 6.59977626801, 10.9436988831, 7.80922794342, 8.03045463562, 9.61748981476, 14.3587465286, 15.8847780228, 14.56204319, 14.0226402283, 12.0171279907, 20.9709568024, 18.9598197937, 24.9535617828, 26.6513576508, 21.124666214, 53.6800689697, 87.7370529175, 49.0394821167, 32.1350326538, 24.9369659424, 17.1704559326, 11.4903717041, 9.79733181, 6.97949457169, 3.84304070473, 2.74988698959, 2.10092926025, 1.32175314426, 0.649675309658, 0.396649241447, 0.20221939683, 0.0901089608669, 0.022670770064, 0.00164841942023, 6.75162082189e-05],
        "median": [0.110821843147, 0.988877654076, 2.56955265999, 3.35724854469, 3.46572136879, 4.25214338303, 5.99698543549, 4.69806003571, 4.36009883881, 4.6782951355, 5.09321928024, 5.62030792236, 4.83729362488, 4.08580350876, 4.10096168518, 7.24203968048, 5.95208263397, 8.72469520569, 11.715675354, 11.9372491837, 35.8661499023, 59.0010147095, 35.3741073608, 24.7614631653, 18.9976997375, 12.4119091034, 7.03360748291, 6.77225160599, 4.11259174347, 2.10088610649, 1.43108689785, 0.893422544003, 0.574414491653, 0.315084576607, 0.153255730867, 0.0609254539013, 0.021148275584, 0.00378940673545, 0.000109748354589, 3.95993047277e-05],
        "min": [1.94950261496e-22, 1.81106934007e-21, 3.36580073976e-21, 1.62509744912e-20, 3.69054352797e-20, 9.03406598469e-20, 1.56064760706e-19, 6.70260185202e-20, 1.97712115476e-19, 2.86243369432e-19, 3.97521960986e-19, 5.64011549706e-19, 1.64292731429e-18, 9.57811766622e-19, 1.30484877517e-18, 1.43839946321e-18, 1.74343658296e-18, 2.60950481726e-18, 2.31595454789e-18, 4.87751721762e-18, 4.73155706264e-18, 5.04258069527e-18, 7.92291540523e-18, 1.01057391626e-17, 1.12450034398e-17, 1.04030899133e-17, 9.73988875823e-18, 1.41335503989e-17, 1.3176364291e-17, 1.60886744947e-17, 9.58520350214e-18, 1.22749665523e-17, 1.2458938138e-17, 8.39827211502e-18, 6.1744814106e-18, 4.33449051628e-18, 2.86822085668e-18, 1.07960098033e-18, 2.60716317235e-19, 2.86497624073e-20],
        "var": [0.0587083511055, 3.08961057663, 19.6656208038, 21.3898200989, 51.1327171326, 57.7197647095, 191.775497437, 101.969619751, 131.078613281, 363.401153564, 1031.60522461, 1163.32299805, 989.833190918, 1110.45690918, 686.756896973, 2487.54736328, 1659.55456543, 2527.58105469, 2373.12011719, 1387.5579834, 3842.12158203, 10985.6826172, 2829.07836914, 1115.34509277, 655.703369141, 331.750946045, 182.4581604, 103.348152161, 64.9377365112, 25.2694683075, 24.173740387, 38.4276351929, 11.5645713806, 1.37166273594, 0.472092181444, 0.190721824765, 0.0363255403936, 0.00261760572903, 2.4685943572e-05, 1.42992986341e-08]
    },
    "gfcc": {
        "mean": [0.0136849563569, 82.8472595215, -110.40007019, 53.443611145, -34.7221755981, 9.33791923523, -33.8968734741, 12.6428232193, -20.6463623047, 2.4281232357, -19.0454235077, 4.89685440063, -12.3838787079],
        "cov": [[11331.1347656, -848.352416992, -1394.53112793, 325.305206299, -853.846618652, 77.2210617065, -414.863708496, 410.635894775, -232.868041992, 165.505584717, -143.527664185, 155.642105103, -147.96043396], [-848.352416992, 1569.42553711, -696.137207031, -149.045715332, 184.629302979, -328.005615234, 84.7809524536, -128.659103394, 95.2760925293, -139.815048218, 143.089187622, -58.3756713867, 116.780281067], [-1394.53112793, -696.137207031, 1327.70788574, 0.299594163895, 175.902389526, 240.750762939, 23.9992389679, -46.7672767639, -33.0107879639, 62.3294334412, -110.662605286, -5.6915307045, -120.97114563], [325.305206299, -149.045715332, 0.299594163895, 355.812896729, -28.1058330536, 26.1335258484, -44.1373329163, 36.0788459778, 14.1788167953, 11.306271553, 9.14681148529, 4.5631814003, 34.1332359314], [-853.846618652, 184.629302979, 175.902389526, -28.1058330536, 276.178466797, -34.2114524841, 38.5593566895, -56.579624176, 19.4160079956, -14.46616745, -1.18391335011, -9.5645160675, 6.07698726654], [77.2210617065, -328.005615234, 240.750762939, 26.1335258484, -34.2114524841, 281.231933594, 70.7840499878, 28.1006660461, -25.2162761688, 30.2319946289, -43.9929962158, -32.6769523621, -49.5318603516], [-414.863708496, 84.7809524536, 23.9992389679, -44.1373329163, 38.5593566895, 70.7840499878, 171.543807983, 3.78143286705, 11.2829275131, -11.1013870239, 7.08043050766, -20.7474021912, -5.62536287308], [410.635894775, -128.659103394, -46.7672767639, 36.0788459778, -56.579624176, 28.1006660461, 3.78143286705, 123.095748901, 13.562122345, 13.7147121429, -17.1097240448, 7.15789937973, -6.90602016449], [-232.868041992, 95.2760925293, -33.0107879639, 14.1788167953, 19.4160079956, -25.2162761688, 11.2829275131, 13.562122345, 100.187133789, 26.3548202515, 12.99766922, -22.8087120056, 13.9417209625], [165.505584717, -139.815048218, 62.3294334412, 11.306271553, -14.46616745, 30.2319946289, -11.1013870239, 13.7147121429, 26.3548202515, 84.4832839966, 6.09385633469, 6.44526720047, -17.5907020569], [-143.527664185, 143.089187622, -110.662605286, 9.14681148529, -1.18391335011, -43.9929962158, 7.08043050766, -17.1097240448, 12.99766922, 6.09385633469, 91.8827056885, 27.8687343597, 27.1719264984], [155.642105103, -58.3756713867, -5.6915307045, 4.5631814003, -9.5645160675, -32.6769523621, -20.7474021912, 7.15789937973, -22.8087120056, 6.44526720047, 27.8687343597, 83.6461486816, 21.6316795349], [-147.96043396, 116.780281067, -120.97114563, 34.1332359314, 6.07698726654, -49.5318603516, -5.62536287308, -6.90602016449, 13.9417209625, -17.5907020569, 27.1719264984, 21.6316795349, 79.5335998535]],
        "icov": [[0.000212640879909, -8.69806754054e-05, 0.000305776309688, -0.000199010217329, 0.000278737279586, -0.00017096940428, 0.000338038109476, -0.000295175937936, 0.000449231069069, -0.000559762935154, 0.00064378301613, -0.000574752280954, 0.000678130658343], [-8.69806754054e-05, 0.00207850569859, 0.000599810678978, 0.000621125509497, -0.00117341801524, 0.00120925053488, -0.0008585434407, 0.00113413168583, -0.00140180136077, 0.00246010511182, -0.0022420194, 0.00199727155268, -0.00067487556953], [0.000305776309688, 0.000599810678978, 0.00203850702383, -0.000277762534097, -0.000925900531001, -0.000889571849257, 0.00045738008339, 0.000708158419002, -7.37223454053e-05, -0.000455583212897, 0.00148672959767, -0.00147862581071, 0.00232490245253], [-0.000199010217329, 0.000621125509497, -0.000277762534097, 0.00370142911561, -0.000521762995049, -0.0003309979802, 0.000788762816228, -0.000612863514107, -0.000895122182555, 0.00105048890691, -0.00193189224228, 0.00170314707793, -0.00287090917118], [0.000278737279586, -0.00117341801524, -0.000925900531001, -0.000521762995049, 0.00602220278233, 0.000600383849815, -0.000696784933098, 0.000804518873338, 0.000160201074323, -0.00116930063814, 0.0021323969122, -0.00135657552164, 0.000345205044141], [-0.00017096940428, 0.00120925053488, -0.000889571849257, -0.0003309979802, 0.000600383849815, 0.00738510070369, -0.00381966144778, -0.000129258216475, 0.00165048951749, -0.000829585129395, -0.000647453241982, 0.00396002549678, -0.000361247570254], [0.000338038109476, -0.0008585434407, 0.00045738008339, 0.000788762816228, -0.000696784933098, -0.00381966144778, 0.00902958400548, -0.00184561416972, -0.00028395478148, 0.000585040193982, -0.000648706161883, -0.000567564507946, 0.000954644172452], [-0.000295175937936, 0.00113413168583, 0.000708158419002, -0.000612863514107, 0.000804518873338, -0.000129258216475, -0.00184561416972, 0.0119437072426, -0.00434460444376, 0.00160370464437, 0.00189442327246, -0.0022033478599, 0.000958657707088], [0.000449231069069, -0.00140180136077, -7.37223454053e-05, -0.000895122182555, 0.000160201074323, 0.00165048951749, -0.00028395478148, -0.00434460444376, 0.0175424199551, -0.00943309534341, 0.000271769269602, 0.00537183322012, -0.00293095293455], [-0.000559762935154, 0.00246010511182, -0.000455583212897, 0.00105048890691, -0.00116930063814, -0.000829585129395, 0.000585040193982, 0.00160370464437, -0.00943309534341, 0.0210707131773, -0.00615275930613, -0.000579808955081, 0.00252955313772], [0.00064378301613, -0.0022420194, 0.00148672959767, -0.00193189224228, 0.0021323969122, -0.000647453241982, -0.000648706161883, 0.00189442327246, 0.000271769269602, -0.00615275930613, 0.0203224718571, -0.00946111232042, 0.00135434034746], [-0.000574752280954, 0.00199727155268, -0.00147862581071, 0.00170314707793, -0.00135657552164, 0.00396002549678, -0.000567564507946, -0.0022033478599, 0.00537183322012, -0.000579808955081, -0.00946111232042, 0.0225542653352, -0.0086153158918], [0.000678130658343, -0.00067487556953, 0.00232490245253, -0.00287090917118, 0.000345205044141, -0.000361247570254, 0.000954644172452, 0.000958657707088, -0.00293095293455, 0.00252955313772, 0.00135434034746, -0.0086153158918, 0.0224472507834]]
    },
    "melbands": {
        "dmean": [0.00113180326298, 0.00133156380616, 0.000507313990965, 0.000255157821812, 0.000173976193764, 9.57320808084e-05, 6.69661239954e-05, 6.76948329783e-05, 6.98695366737e-05, 5.79865918553e-05, 3.69732151739e-05, 3.3163894841e-05, 2.06927379622e-05, 3.2053769246e-05, 2.43556860369e-05, 2.57482879533e-05, 2.47824918915e-05, 2.61360055447e-05, 1.5334919226e-05, 1.64947032317e-05, 3.42925523e-05, 3.95824790758e-05, 3.38388963428e-05, 1.22679721244e-05, 1.09262546175e-05, 1.02796348074e-05, 5.28100053998e-06, 4.78888068756e-06, 3.43805140801e-06, 2.29169586419e-06, 2.46351009991e-06, 1.83971621937e-06, 1.15286013624e-06, 9.15584621453e-07, 8.12029668396e-07, 6.62273009766e-07, 6.8652303753e-07, 5.02414422954e-07, 3.31963576627e-07, 2.27347214832e-07],
        "dmean2": [0.00189052347559, 0.00229289662093, 0.000860014988575, 0.000427572726039, 0.000278968102066, 0.000156590089318, 0.000109179061837, 0.000110822955321, 0.000110217995825, 9.31955873966e-05, 5.85252128076e-05, 5.31156838406e-05, 3.33191892423e-05, 5.13247432536e-05, 3.83679980587e-05, 4.03323247156e-05, 3.9299546188e-05, 4.20276373916e-05, 2.48795040534e-05, 2.66948372882e-05, 5.72922472202e-05, 6.60625228193e-05, 5.68975374335e-05, 2.07546745514e-05, 1.85266617336e-05, 1.73235530383e-05, 8.93132346391e-06, 8.0124800661e-06, 5.70517477172e-06, 3.79871266887e-06, 4.03953663408e-06, 2.96966436508e-06, 1.8261475816e-06, 1.43201145875e-06, 1.26309157622e-06, 9.90452463157e-07, 1.00772376754e-06, 7.36943775337e-07, 4.93416621339e-07, 3.36937972634e-07],
        "dvar": [3.28824216922e-06, 4.74491207569e-06, 4.15863922854e-07, 1.51437888007e-07, 6.58165149048e-08, 2.47828655375e-08, 1.53386920942e-08, 3.05981409099e-08, 3.26620579472e-08, 2.44268321126e-08, 8.84018636071e-09, 8.24061618943e-09, 2.82460099754e-09, 9.14382347617e-09, 3.58321017302e-09, 4.78595341136e-09, 3.86643383976e-09, 4.26792290398e-09, 1.46600087625e-09, 1.38619482559e-09, 2.92375879063e-09, 4.09950562386e-09, 3.09447978353e-09, 3.57018248298e-10, 2.41785785837e-10, 2.34376018593e-10, 6.29258867235e-11, 5.72597629034e-11, 3.28349500367e-11, 1.34200177013e-11, 1.32726225843e-11, 8.31991853883e-12, 4.11960352983e-12, 2.86467182441e-12, 3.79206822193e-12, 5.37438496484e-12, 7.23669475039e-12, 3.31995433749e-12, 9.04625387186e-13, 3.29513841343e-13],
        "dvar2": [7.67549499869e-06, 1.31893193611e-05, 1.17902266084e-06, 4.13022632983e-07, 1.65686003584e-07, 6.25425400358e-08, 3.73970827638e-08, 7.74472397325e-08, 7.61301919283e-08, 6.2271965362e-08, 2.11675601491e-08, 2.11343138545e-08, 6.5939254057e-09, 2.18603855018e-08, 8.10531552986e-09, 1.14021139197e-08, 9.47685752095e-09, 1.07561781704e-08, 3.55532692176e-09, 3.25932725254e-09, 7.68386421157e-09, 1.06295443558e-08, 8.41239433669e-09, 9.82143477657e-10, 6.75840772235e-10, 6.48762432665e-10, 1.72545963628e-10, 1.55602544738e-10, 8.61132137819e-11, 3.47515557997e-11, 3.44827395804e-11, 2.0706426157e-11, 9.84559395817e-12, 6.58053472824e-12, 8.67986498648e-12, 1.14692300796e-11, 1.4792800665e-11, 6.73525558242e-12, 1.87955055166e-12, 7.19332091722e-13],
        "max": [0.0181209631264, 0.0229930430651, 0.00918054487556, 0.00633562495932, 0.00534323602915, 0.00282510044053, 0.00269790994935, 0.00381489098072, 0.00425692414865, 0.00441236887127, 0.00239407410845, 0.00260049104691, 0.00172098877374, 0.00362009415403, 0.00149710243568, 0.00171984196641, 0.00238626822829, 0.00172365980688, 0.00114468554966, 0.0015995282447, 0.00154923356604, 0.00173718517181, 0.00135337747633, 0.000374428957002, 0.000274786783848, 0.000306355912471, 0.000129795269459, 0.000194929947611, 0.000119915443065, 7.32673870516e-05, 7.7252407209e-05, 6.11198993283e-05, 3.74172996089e-05, 4.57181449747e-05, 6.08833870501e-05, 8.31331271911e-05, 9.47400912992e-05, 6.39671270619e-05, 3.42869971064e-05, 2.61535624304e-05],
        "mean": [0.00176971300971, 0.00206446484663, 0.000856648548506, 0.000442886928795, 0.0003590505803, 0.000183905605809, 0.000125051941723, 0.000104011181975, 0.000115086499136, 0.000102072524896, 7.11788670742e-05, 5.71586933802e-05, 3.52931783709e-05, 5.28592536284e-05, 4.31417684013e-05, 4.76564855489e-05, 4.45630867034e-05, 4.4386695663e-05, 2.74356189038e-05, 3.26209010382e-05, 7.14136695024e-05, 9.27463552216e-05, 7.25987774786e-05, 2.78769766737e-05, 2.55929226114e-05, 2.3846170734e-05, 1.23944755615e-05, 1.12382849693e-05, 7.96992753749e-06, 5.315243925e-06, 5.94586390434e-06, 4.41475003754e-06, 2.55458940046e-06, 1.97607528207e-06, 1.66828715464e-06, 1.29169211505e-06, 1.29274667415e-06, 9.93298954199e-07, 6.964993986e-07, 4.84165070702e-07],
        "median": [0.00116048357449, 0.00145205412991, 0.000636249955278, 0.000275282247458, 0.000224499177421, 0.000113563874038, 6.88646687195e-05, 4.97385117342e-05, 3.98362244596e-05, 3.22747946484e-05, 2.15430482058e-05, 1.43681063491e-05, 1.21223729366e-05, 1.51318654389e-05, 1.69587747223e-05, 1.13749129014e-05, 1.54720546561e-05, 1.77713372977e-05, 1.31803062686e-05, 1.82306903298e-05, 4.49698636658e-05, 6.06014727964e-05, 4.58131144114e-05, 1.89625825442e-05, 1.89371930901e-05, 1.66229710885e-05, 9.28598728933e-06, 7.34792183721e-06, 4.40700841864e-06, 3.36675657309e-06, 4.08916548622e-06, 2.63028641712e-06, 1.35138293444e-06, 1.00115858004e-06, 8.40777147459e-07, 5.83291694056e-07, 5.00216458477e-07, 4.00008048018e-07, 3.24118502704e-07, 2.31252528238e-07],
        "min": [3.50383378448e-24, 3.00015556283e-24, 4.82279856839e-24, 4.6876016143e-24, 5.28593920028e-24, 1.40193904746e-24, 3.05095445804e-24, 2.92623554892e-24, 2.76126461769e-24, 3.48004450059e-24, 7.96832029124e-24, 3.29883861472e-24, 4.59169584975e-24, 3.82462880476e-24, 3.9129417831e-24, 2.39888479479e-24, 4.29591600321e-24, 3.18984446445e-24, 5.7470934804e-24, 4.81794904598e-24, 5.26915263464e-24, 4.62920421364e-24, 7.71037855245e-24, 6.97113463158e-24, 7.68835118939e-24, 6.66485149652e-24, 7.4844708773e-24, 6.68476392349e-24, 5.69124922806e-24, 6.29394211509e-24, 8.26335505865e-24, 6.8416833459e-24, 7.14475897252e-24, 8.36462349964e-24, 5.05072454417e-24, 6.16315173802e-24, 7.15068016247e-24, 8.10286051862e-24, 7.33503380058e-24, 6.52986240728e-24],
        "var": [4.32824253949e-06, 4.7516136874e-06, 6.11829193531e-07, 2.55830116203e-07, 1.65735016822e-07, 5.21667331554e-08, 3.18658699427e-08, 4.08392217821e-08, 6.34280539202e-08, 5.18549363449e-08, 2.5067825149e-08, 2.07008135078e-08, 6.76081013395e-09, 1.89631226277e-08, 7.96890287091e-09, 1.26383676857e-08, 8.25561041751e-09, 7.99644528371e-09, 2.76312794867e-09, 3.94279231486e-09, 7.58100160425e-09, 1.30779067575e-08, 7.88743825808e-09, 1.0335766687e-09, 7.62343910221e-10, 7.00060343028e-10, 1.65395946938e-10, 1.71294228801e-10, 1.04100381093e-10, 3.69113455079e-11, 3.97691601872e-11, 2.66717377351e-11, 1.12178885972e-11, 7.69299554615e-12, 8.01598544486e-12, 1.1384170516e-11, 1.66326587919e-11, 7.81324397542e-12, 2.11790979719e-12, 7.49538235298e-13]
    },
    "mfcc": {
        "mean": [-641.727050781, 109.230407715, -6.47365856171, 46.6013679504, 18.8097915649, 9.26589393616, 1.74180972576, 9.30291748047, 4.80241012573, -0.899879038334, 1.28836584091, 4.33103322983, -1.55451989174],
        "cov": [[8153.32373047, -952.218261719, -927.928527832, -0.43852558732, -504.282287598, -437.069458008, -244.742355347, 20.9327125549, -62.8332748413, -98.2197875977, 84.3172073364, 55.5537796021, -65.2962036133], [-952.218261719, 1258.73156738, -405.43057251, 28.598941803, 27.5841655731, -80.499130249, -5.62355041504, -24.9063167572, -33.4501075745, -56.1966629028, -12.3811063766, 8.54275608063, 28.2268238068], [-927.928527832, -405.43057251, 828.506469727, -45.7400093079, 146.054336548, 207.189437866, 74.6591262817, 25.3680686951, 30.5330505371, 71.3179550171, -8.96534824371, -5.28638267517, 1.31853759289], [-0.43852558732, 28.598941803, -45.7400093079, 295.171508789, 70.9800643921, -28.3872489929, -33.3808898926, -8.92455196381, 4.37193870544, -24.6688671112, -11.4030885696, 6.62157917023, 10.1984176636], [-504.282287598, 27.5841655731, 146.054336548, 70.9800643921, 212.827972412, 47.8456878662, -2.96108388901, -18.7016048431, 12.1091337204, 6.86649656296, -21.6739616394, -1.6799287796, -0.335754305124], [-437.069458008, -80.499130249, 207.189437866, -28.3872489929, 47.8456878662, 207.993133545, 78.7996673584, 16.5113544464, 23.7565307617, 47.6926689148, 13.2727813721, -11.5636081696, -6.44604873657], [-244.742355347, -5.62355041504, 74.6591262817, -33.3808898926, -2.96108388901, 78.7996673584, 129.109359741, 52.3997154236, 5.47393751144, 12.1520500183, 7.3441734314, -7.4705953598, -5.8400683403], [20.9327125549, -24.9063167572, 25.3680686951, -8.92455196381, -18.7016048431, 16.5113544464, 52.3997154236, 90.1848983765, 24.6639442444, 6.32213115692, 6.57936191559, -4.95202922821, -5.95296764374], [-62.8332748413, -33.4501075745, 30.5330505371, 4.37193870544, 12.1091337204, 23.7565307617, 5.47393751144, 24.6639442444, 82.5186538696, 47.6525306702, 10.4565029144, -6.38345003128, -10.2525472641], [-98.2197875977, -56.1966629028, 71.3179550171, -24.6688671112, 6.86649656296, 47.6926689148, 12.1520500183, 6.32213115692, 47.6525306702, 94.8779754639, 33.4121742249, -0.856641888618, -12.441078186], [84.3172073364, -12.3811063766, -8.96534824371, -11.4030885696, -21.6739616394, 13.2727813721, 7.3441734314, 6.57936191559, 10.4565029144, 33.4121742249, 62.6933021545, 21.2279529572, -3.68229341507], [55.5537796021, 8.54275608063, -5.28638267517, 6.62157917023, -1.6799287796, -11.5636081696, -7.4705953598, -4.95202922821, -6.38345003128, -0.856641888618, 21.2279529572, 67.8558197021, 23.6331443787], [-65.2962036133, 28.2268238068, 1.31853759289, 10.1984176636, -0.335754305124, -6.44604873657, -5.8400683403, -5.95296764374, -10.2525472641, -12.441078186, -3.68229341507, 23.6331443787, 64.1928024292]],
