{
"lowlevel": {
    "average_loudness": 0.892089128494,
    "barkbands_crest": {
        "dmean": 2.34022140503,
        "dmean2": 3.86678314209,
        "dvar": 5.60797452927,
        "dvar2": 15.2685441971,
        "max": 26.9461650848,
        "mean": 10.9009103775,
        "median": 10.2667713165,
        "min": 3.04111504555,
        "var": 15.2329378128
    },
    "barkbands_flatness_db": {
        "dmean": 0.0218833163381,
        "dmean2": 0.0333314500749,
        "dvar": 0.000559223175514,
        "dvar2": 0.00124275044072,
        "max": 0.574848949909,
        "mean": 0.187803015113,
        "median": 0.167285859585,
        "min": 0.0399992130697,
        "var": 0.00615183310583
    },
    "barkbands_kurtosis": {
        "dmean": 7.85208034515,
        "dmean2": 13.0576972961,
        "dvar": 8756.82226562,
        "dvar2": 22919.0683594,
        "max": 7596.44873047,
        "mean": 21.5491809845,
        "median": 2.74316096306,
        "min": -1.83351314068,
        "var": 49190.0390625
    },
    "barkbands_skewness": {
        "dmean": 0.565665483475,
        "dmean2": 0.882217407227,
        "dvar": 1.10738313198,
        "dvar2": 2.61706805229,
        "max": 81.8564224243,
        "mean": 2.15240573883,
        "median": 1.68454742432,
        "min": -1.75287747383,
        "var": 13.2714185715
    },
    "barkbands_spread": {
        "dmean": 3.9061229229,
        "dmean2": 6.09804439545,
        "dvar": 24.2118816376,
        "dvar2": 53.6753349304,
        "max": 86.3821258545,
        "mean": 17.057762146,
        "median": 16.4462623596,
        "min": 0.0499919839203,
        "var": 115.93196106
    },
    "dissonance": {
        "dmean": 0.0208116527647,
        "dmean2": 0.0345884524286,
        "dvar": 0.000462790660094,
        "dvar2": 0.00122761994135,
        "max": 0.499999940395,
        "mean": 0.453044474125,
        "median": 0.464802861214,
        "min": 0.179316028953,
        "var": 0.00150735268835
    },
    "dynamic_complexity": 3.30577492714,
    "erbbands_crest": {
        "dmean": 2.98750090599,
        "dmean2": 4.71325111389,
        "dvar": 8.11390590668,
        "dvar2": 18.8483142853,
        "max": 32.617816925,
        "mean": 11.1342754364,
        "median": 9.8251581192,
        "min": 1.98818576336,
        "var": 31.291469574
    },
    "erbbands_flatness_db": {
        "dmean": 0.0179803743958,
        "dmean2": 0.0253956150264,
        "dvar": 0.000355240976205,
        "dvar2": 0.000653751310892,
        "max": 0.449665993452,
        "mean": 0.187672704458,
        "median": 0.17997071147,
        "min": 0.0477786995471,
        "var": 0.00327879656106
    },
    "erbbands_kurtosis": {
        "dmean": 1.13179469109,
        "dmean2": 1.77367281914,
        "dvar": 3.39936256409,
        "dvar2": 7.98092746735,
        "max": 60.8794364929,
        "mean": 0.990478873253,
        "median": -0.142371416092,
        "min": -1.87965500355,
        "var": 14.2705478668
    },
    "erbbands_skewness": {
        "dmean": 0.387655317783,
        "dmean2": 0.590139389038,
        "dvar": 0.140604391694,
        "dvar2": 0.321802020073,
        "max": 7.07725811005,
        "mean": 0.44195920229,
        "median": 0.328481793404,
        "min": -2.71392941475,
        "var": 0.95020377636
    },
    "erbbands_spread": {
        "dmean": 7.4801530838,
        "dmean2": 11.3650035858,
        "dvar": 76.5365524292,
        "dvar2": 167.184417725,
        "max": 159.13835144,
        "mean": 36.4118461609,
        "median": 34.6097717285,
        "min": 2.08064055443,
        "var": 315.104125977
    },
    "hfc": {
        "dmean": 4.61185455322,
        "dmean2": 7.15503120422,
        "dvar": 35.523979187,
        "dvar2": 85.4350967407,
        "max": 88.2339401245,
        "mean": 19.4912605286,
        "median": 18.6247310638,
        "min": 1.19117952205e-16,
        "var": 189.139389038
    },
    "melbands_crest": {
        "dmean": 2.98932695389,
        "dmean2": 4.8456735611,
        "dvar": 8.31933689117,
        "dvar2": 21.3663482666,
        "max": 39.9569511414,
        "mean": 16.7523422241,
        "median": 15.8951511383,
        "min": 2.25574159622,
        "var": 35.0785255432
    },
    "melbands_flatness_db": {
        "dmean": 0.0247414987534,
        "dmean2": 0.0374998785555,
        "dvar": 0.000815101549961,
        "dvar2": 0.00180605228525,
        "max": 0.699865996838,
        "mean": 0.260596126318,
        "median": 0.235596850514,
        "min": 0.0098215136677,
        "var": 0.00864250864834
    },
    "melbands_kurtosis": {
        "dmean": 11.0132379532,
        "dmean2": 17.7053565979,
        "dvar": 4637.66601562,
        "dvar2": 12737.3144531,
        "max": 5516.09375,
        "mean": 25.9095115662,
        "median": 10.3933544159,
        "min": -1.63376545906,
        "var": 15657.3486328
    },
    "melbands_skewness": {
        "dmean": 0.7901288867,
        "dmean2": 1.22118723392,
        "dvar": 1.24107408524,
        "dvar2": 3.01143455505,
        "max": 68.9162368774,
        "mean": 3.19178724289,
        "median": 2.77919411659,
        "min": -1.06395328045,
        "var": 7.87535142899
    },
    "melbands_spread": {
        "dmean": 4.31342697144,
        "dmean2": 6.77001094818,
        "dvar": 35.6689224243,
        "dvar2": 80.6401748657,
        "max": 130.919677734,
        "mean": 16.3365135193,
        "median": 14.917760849,
        "min": 0.120628260076,
        "var": 141.102844238
    },
    "pitch_salience": {
        "dmean": 0.0682802349329,
        "dmean2": 0.110690325499,
        "dvar": 0.00436992198229,
        "dvar2": 0.0114934490994,
        "max": 0.972393035889,
        "mean": 0.484196901321,
        "median": 0.480883181095,
        "min": 0.00396126974374,
        "var": 0.0147832334042
    },
    "silence_rate_20dB": {
        "dmean": 0,
        "dmean2": 0,
        "dvar": 0,
        "dvar2": 0,
        "max": 1,
        "mean": 1,
        "median": 1,
        "min": 1,
        "var": 0
    },
    "silence_rate_30dB": {
        "dmean": 0.0277493093163,
        "dmean2": 0.0555029958487,
        "dvar": 0.0269765462726,
        "dvar2": 0.0688150152564,
        "max": 1,
        "mean": 0.979189634323,
        "median": 1,
        "min": 0,
        "var": 0.0203761141747
    },
    "silence_rate_60dB": {
        "dmean": 0.0105636576191,
        "dmean2": 0.0211289823055,
        "dvar": 0.0104542551562,
        "dvar2": 0.0230525992811,
        "max": 1,
        "mean": 0.0636922568083,
        "median": 0,
        "min": 0,
        "var": 0.0596196316183
    },
    "spectral_centroid": {
        "dmean": 186.881027222,
        "dmean2": 287.311981201,
        "dvar": 54560.1992188,
        "dvar2": 109386.390625,
        "max": 10718.3125,
        "mean": 1092.42736816,
        "median": 1083.76416016,
        "min": 107.471511841,
        "var": 312907.8125
    },
    "spectral_complexity": {
        "dmean": 3.18265676498,
        "dmean2": 5.09318828583,
        "dvar": 11.5259399414,
        "dvar2": 27.4063014984,
        "max": 50,
        "mean": 19.6140632629,
        "median": 21,
        "min": 0,
        "var": 123.419654846
    },
    "spectral_decrease": {
        "dmean": 3.21205995135e-09,
        "dmean2": 5.08468955829e-09,
        "dvar": 2.50800367633e-17,
        "dvar2": 6.09221829868e-17,
        "max": -2.68992859866e-29,
        "mean": -9.90161463932e-09,
        "median": -8.84523210232e-09,
        "min": -6.2814102364e-08,
        "var": 5.26580365537e-17
    },
    "spectral_energy": {
        "dmean": 0.0124293621629,
        "dmean2": 0.0196528565139,
        "dvar": 0.000367724715034,
        "dvar2": 0.00089025235502,
        "max": 0.243076577783,
        "mean": 0.0391389131546,
        "median": 0.0353473573923,
        "min": 1.09058779679e-20,
        "var": 0.000800007837825
    },
    "spectral_energyband_high": {
        "dmean": 0.000186356017366,
        "dmean2": 0.000288989365799,
        "dvar": 9.24232494981e-08,
        "dvar2": 2.10409126566e-07,
        "max": 0.0043150219135,
        "mean": 0.000487625016831,
        "median": 0.000388569693314,
        "min": 8.0371582502e-21,
        "var": 2.47305280254e-07
    },
    "spectral_energyband_low": {
        "dmean": 0.00884230714291,
        "dmean2": 0.0144248846918,
        "dvar": 0.000323768443195,
        "dvar2": 0.000816641142592,
        "max": 0.19753088057,
        "mean": 0.0198093224317,
        "median": 0.0145392268896,
        "min": 3.31758546025e-23,
        "var": 0.00045990824583
    },
    "spectral_energyband_middle_high": {
        "dmean": 0.00179938052315,
        "dmean2": 0.00276847020723,
        "dvar": 9.69020493358e-06,
        "dvar2": 2.18048189708e-05,
        "max": 0.0686000064015,
        "mean": 0.00578480726108,
        "median": 0.00401262566447,
        "min": 1.52854737705e-21,
        "var": 4.25463731517e-05
    },
    "spectral_energyband_middle_low": {
        "dmean": 0.00577754247934,
        "dmean2": 0.00906902365386,
        "dvar": 6.57173368381e-05,
        "dvar2": 0.000160614363267,
        "max": 0.120779588819,
        "mean": 0.0148451747373,
        "median": 0.0123063884676,
        "min": 3.04058067681e-22,
        "var": 0.000142115561175
    },
    "spectral_entropy": {
        "dmean": 0.161745250225,
        "dmean2": 0.236325159669,
        "dvar": 0.0405266471207,
        "dvar2": 0.0779544562101,
        "max": 9.79945373535,
        "mean": 7.23635911942,
        "median": 7.44907712936,
        "min": 3.85804510117,
        "var": 0.430752247572
    },
    "spectral_flux": {
        "dmean": 0.0281960368156,
        "dmean2": 0.0441838242114,
        "dvar": 0.00121943862177,
        "dvar2": 0.00261180871166,
        "max": 0.416109144688,
        "mean": 0.0863656029105,
        "median": 0.0770728886127,
        "min": 1.04431213677e-10,
        "var": 0.00309286359698
    },
    "spectral_kurtosis": {
        "dmean": 3.06080937386,
        "dmean2": 5.22456884384,
        "dvar": 32.0098724365,
        "dvar2": 85.4339981079,
        "max": 224.145645142,
        "mean": 6.97426652908,
        "median": 3.89375257492,
        "min": -1.20009028912,
        "var": 137.566986084
    },
    "spectral_rms": {
        "dmean": 0.000884877692442,
        "dmean2": 0.00136462843511,
        "dvar": 1.27989267185e-06,
        "dvar2": 2.91768446914e-06,
        "max": 0.0153996059671,
        "mean": 0.00572515837848,
        "median": 0.00587241211906,
        "min": 3.26188295124e-12,
        "var": 5.40680866834e-06
    },
    "spectral_rolloff": {
        "dmean": 277.388336182,
        "dmean2": 471.985961914,
        "dvar": 301271.28125,
        "dvar2": 656446.3125,
        "max": 18626.2207031,
        "mean": 890.585693359,
        "median": 689.0625,
        "min": 21.533203125,
        "var": 648517.875
    },
    "spectral_skewness": {
        "dmean": 0.310916483402,
        "dmean2": 0.509956002235,
        "dvar": 0.173437878489,
        "dvar2": 0.440761834383,
        "max": 12.5443553925,
        "mean": 1.62512159348,
        "median": 1.33538377285,
        "min": 0.0132600497454,
        "var": 0.937100350857
    },
    "spectral_spread": {
        "dmean": 381675.625,
        "dmean2": 546059.25,
        "dvar": 305009885184,
        "dvar2": 471457398784,
        "max": 40784456,
        "mean": 3542414,
        "median": 3438393.75,
        "min": 410901.0625,
        "var": 1.3277855744e+12
    },
    "spectral_strongpeak": {
        "dmean": 0.481465250254,
        "dmean2": 0.837347447872,
        "dvar": 1.09466814995,
        "dvar2": 2.80073618889,
        "max": 12.390370369,
        "mean": 0.938891649246,
        "median": 0.559069931507,
        "min": 0,
        "var": 1.56044495106
    },
    "zerocrossingrate": {
        "dmean": 0.00601361552253,
        "dmean2": 0.00735189719126,
        "dvar": 7.44273202145e-05,
        "dvar2": 8.79055151017e-05,
        "max": 0.51025390625,
        "mean": 0.0385516248643,
        "median": 0.03759765625,
        "min": 0,
        "var": 0.000457341782749
    },
    "barkbands": {
        "dmean": [0.000190092498087, 0.00559415109456, 0.00371280009858, 0.00149361195508, 0.00227351137437, 0.00147046823986, 0.00103851256426, 0.000828579242807, 0.00134237343445, 0.00105292338412, 0.000403659010772, 0.000314447708661, 0.000195523491129, 0.000210456273635, 0.000224088027608, 0.000240872133872, 0.000444832374342, 0.000175441658939, 8.50943179103e-05, 9.43540289882e-05, 8.44445312396e-05, 5.62031455047e-05, 2.29645156651e-05, 1.35356249302e-05, 8.30390581541e-06, 2.76427749668e-06, 1.40055675502e-07],
        "dmean2": [0.000298650818877, 0.00944491103292, 0.00613938225433, 0.00250003184192, 0.00362808327191, 0.00226227403618, 0.00165094377007, 0.00130944221746, 0.00204305513762, 0.00159454438835, 0.000636059208773, 0.000500154623296, 0.000309788127197, 0.000338331592502, 0.000359040859621, 0.000392045680201, 0.000732645799872, 0.000290586584015, 0.000142112650792, 0.000153225395479, 0.000137858398375, 9.00129089132e-05, 3.53888790414e-05, 1.99828627956e-05, 1.20685581351e-05, 3.94200333176e-06, 2.28718022299e-07],
        "dvar": [1.85341605174e-07, 0.000200747774215, 5.37279083801e-05, 5.88704369875e-06, 2.07227349165e-05, 8.20756031317e-06, 5.14942303198e-06, 3.97451958634e-06, 9.05564502318e-06, 8.96871733858e-06, 1.1837925058e-06, 5.84261442782e-07, 2.88290010531e-07, 1.607485558e-07, 1.62962265904e-07, 1.87536500107e-07, 9.73170472207e-07, 8.88385542908e-08, 2.90556574356e-08, 1.84075368281e-08, 1.63322813052e-08, 1.20155609906e-08, 2.49931808582e-09, 1.3667222909e-09, 4.45659287251e-10, 3.98215523056e-11, 1.56864348984e-13],
        "dvar2": [4.44063886107e-07, 0.000530800956767, 0.000141039621667, 1.59115716087e-05, 5.20864414284e-05, 1.94672284124e-05, 1.23874615383e-05, 8.98616963241e-06, 2.09693916986e-05, 1.95315660676e-05, 2.77981666841e-06, 1.41591556257e-06, 6.75626154134e-07, 3.96592099605e-07, 3.94413262939e-07, 4.53537950307e-07, 2.57422584582e-06, 2.16773528905e-07, 7.57779687888e-08, 4.56193518517e-08, 4.15107805907e-08, 2.79594232211e-08, 5.32451505109e-09, 2.69518762863e-09, 9.22116272228e-10, 8.25572873953e-11, 3.80445458123e-13],
        "max": [0.00734453368932, 0.153419181705, 0.103702254593, 0.0679305419326, 0.0611868947744, 0.0505556762218, 0.0547608919442, 0.0417444966733, 0.0562641322613, 0.0585987344384, 0.0340161509812, 0.032739084214, 0.017347516492, 0.00800583790988, 0.0112509476021, 0.0113979838789, 0.0239431951195, 0.00970480963588, 0.00881413836032, 0.00223571341485, 0.0020875823684, 0.00171918910928, 0.00112227152567, 0.000882576336153, 0.000568801013287, 0.000134064641315, 8.17215368443e-06],
        "mean": [0.000209201287362, 0.0101326163858, 0.00809445697814, 0.00259461067617, 0.00367331807502, 0.00266672903672, 0.00171728990972, 0.0011910921894, 0.00226177996956, 0.00178709439933, 0.000639554869849, 0.000512328697369, 0.000301523017697, 0.000363515631761, 0.000390613364289, 0.000464174692752, 0.000994383008219, 0.000379213306587, 0.000172754196683, 0.000215970430872, 0.000192618274014, 9.77008239715e-05, 4.17545561504e-05, 2.60334800259e-05, 1.43218567246e-05, 4.11866358263e-06, 1.35488491537e-07],
        "median": [4.3227293645e-05, 0.00550964288414, 0.00386828510091, 0.00153243402019, 0.00201110122725, 0.00121894944459, 0.00058083795011, 0.000271485681878, 0.00053222652059, 0.000256150204223, 0.000147165497765, 0.000187982572243, 0.000104793274659, 0.000176849542186, 0.000205057120183, 0.000244037713856, 0.000489663565531, 0.000263675348833, 0.000115058617666, 0.000167552032508, 0.000159096700372, 4.6916451538e-05, 1.73245280166e-05, 9.97104598355e-06, 4.16671991843e-06, 7.89480907315e-07, 1.14704850063e-08],
        "min": [2.33021918616e-24, 1.57351465746e-23, 1.43476569938e-23, 3.24802985875e-24, 6.42265108267e-24, 6.49948684481e-23, 6.21740785559e-23, 5.54915494753e-23, 1.05998166984e-22, 2.88515400012e-23, 9.37166629185e-23, 1.90300134719e-22, 4.50474602305e-23, 8.08873170427e-23, 5.56056250731e-23, 2.10900082366e-22, 8.01111473317e-23, 2.8826686465e-22, 3.00603260813e-22, 4.48482343556e-22, 4.68621343999e-22, 4.15358844074e-22, 1.04832197749e-21, 9.02078121364e-22, 1.08435118616e-21, 1.58336283487e-21, 2.35137398228e-21],
        "var": [2.05505017448e-07, 0.000204736337764, 9.95378795778e-05, 1.11414428829e-05, 2.69714328169e-05, 1.67326998053e-05, 1.16461642392e-05, 8.55588223203e-06, 2.26689917326e-05, 2.26876691158e-05, 3.02935404761e-06, 1.26853876736e-06, 5.90440095039e-07, 3.63994985264e-07, 3.49673740629e-07, 4.81619565562e-07, 3.23784342982e-06, 2.76146494116e-07, 7.31228055884e-08, 5.51011574146e-08, 3.92232948343e-08, 2.04941699167e-08, 4.85549112028e-09, 2.83863066386e-09, 8.88782714092e-10, 7.45100439681e-11, 1.74036851011e-13]
    },
    "erbbands": {
        "dmean": [0.110657095909, 1.44944667816, 4.33402681351, 4.27307796478, 6.0431394577, 8.60377025604, 9.00672626495, 12.2769374847, 15.3655347824, 13.4200725555, 21.3395767212, 31.9906368256, 32.9816589355, 23.58801651, 12.9624013901, 13.875161171, 9.01464176178, 9.49371528625, 9.99234580994, 12.8968420029, 13.9516382217, 21.8742332458, 9.27095317841, 6.05301046371, 4.09477901459, 4.39152002335, 4.1721534729, 2.66375136375, 2.12403273582, 1.30025064945, 0.590058088303, 0.337723463774, 0.20865547657, 0.11525606364, 0.0499181486666, 0.0163024887443, 0.00445942720398, 0.000660277961288, 1.83487118193e-05, 1.39094981932e-05],
        "dmean2": [0.188449323177, 2.46673369408, 7.13754701614, 7.10893011093, 9.82851982117, 13.8893356323, 13.6986093521, 19.4271869659, 24.9034137726, 21.0866775513, 33.0476531982, 48.4248847961, 50.0908813477, 34.85546875, 20.4396533966, 21.8763160706, 14.280957222, 15.0879592896, 15.9419555664, 20.7266292572, 22.8186149597, 35.9834785461, 15.3965797424, 10.088511467, 6.74128818512, 7.09805297852, 6.85825824738, 4.25059747696, 3.40381932259, 2.0763437748, 0.908918678761, 0.512427866459, 0.306142270565, 0.16881044209, 0.0734821781516, 0.0236143600196, 0.00638240529224, 0.000973234768026, 2.66844999715e-05, 2.19005287363e-05],
        "dvar": [0.121215596795, 12.3922567368, 73.7078323364, 49.4101982117, 121.721855164, 370.373931885, 366.729522705, 797.651733398, 1228.75646973, 1025.09362793, 2848.37915039, 5870.83496094, 8787.78417969, 5241.18457031, 1298.75769043, 1021.36499023, 596.564941406, 376.097229004, 380.679779053, 493.055053711, 801.435424805, 2264.88330078, 200.523361206, 174.761917114, 39.3233680725, 41.5249099731, 37.1660346985, 21.7481002808, 18.302028656, 7.02786254883, 1.7708363533, 0.753540277481, 0.354317456484, 0.106589339674, 0.0139882508665, 0.00138011667877, 0.000107034597022, 2.62096500592e-06, 1.39859968051e-09, 4.45085385214e-10],
        "dvar2": [0.314864426851, 33.2702140808, 189.549880981, 133.039535522, 307.931030273, 949.826660156, 819.00189209, 1977.69958496, 3045.90625, 2423.40820312, 6181.75195312, 13284.0722656, 19550.6347656, 10892.4091797, 3273.265625, 2370.27270508, 1423.68554688, 923.21270752, 901.846923828, 1195.79675293, 2065.35742188, 6001.39892578, 519.573425293, 428.971588135, 101.675849915, 102.849143982, 96.713508606, 52.6335334778, 43.4555511475, 16.0627632141, 3.73186564445, 1.55486416817, 0.708623230457, 0.22315146029, 0.0298825055361, 0.00296173803508, 0.000217487991904, 5.71434566154e-06, 3.01729352614e-09, 1.06465392058e-09],
        "max": [3.10600590706, 38.1369132996, 114.155311584, 162.776657104, 152.594314575, 304.618133545, 541.386230469, 554.376831055, 945.09765625, 785.276550293, 1310.75683594, 1772.16210938, 2068.99072266, 2741.61889648, 1079.48632812, 1411.60949707, 833.570556641, 421.500335693, 604.600708008, 450.26083374, 921.878540039, 1392.51867676, 373.053039551, 734.475280762, 118.980644226, 118.185913086, 108.24861145, 89.9422912598, 80.1867752075, 59.7832336426, 33.7060508728, 20.8010120392, 15.7517700195, 10.6888504028, 2.43156862259, 0.789021015167, 0.212632715702, 0.0338788628578, 0.000772045226768, 0.00028057518648],
        "mean": [0.128856167197, 2.84325909615, 10.0223455429, 8.62676525116, 10.2470808029, 12.6909990311, 17.6131591797, 20.8685913086, 24.8788051605, 21.5086708069, 34.8182220459, 56.417098999, 56.5853271484, 42.5011329651, 22.8506088257, 23.8770389557, 15.9325647354, 17.2871723175, 18.5978298187, 25.7004451752, 32.4436759949, 49.6225547791, 23.2281074524, 13.5898094177, 9.01030635834, 10.1835861206, 9.78649330139, 5.56003427505, 3.66208171844, 2.25308322906, 1.08166003227, 0.641916513443, 0.381599277258, 0.201216891408, 0.0817326679826, 0.0249303914607, 0.00643734121695, 0.000842304958496, 3.90504828829e-05, 4.57119895145e-05],
        "median": [0.0553611442447, 1.55052089691, 5.47436332703, 6.08762979507, 5.62683200836, 5.83247518539, 8.7268447876, 8.24759483337, 8.67254829407, 7.19855976105, 9.17641830444, 14.3454093933, 11.4230899811, 9.32234191895, 7.03685903549, 9.25653839111, 6.69748353958, 8.65049362183, 10.6391735077, 14.4232473373, 17.5930175781, 27.8359642029, 17.6256217957, 8.90690803528, 7.02444934845, 8.03543663025, 8.45568847656, 3.90244817734, 1.80540835857, 1.00083601475, 0.450450897217, 0.252386748791, 0.141485258937, 0.0626704692841, 0.0211560614407, 0.00533342827111, 0.00118297734298, 0.000137942144647, 2.58408981608e-05, 4.16186157963e-05],
        "min": [8.68092529441e-22, 2.15739588772e-21, 1.56599797929e-20, 1.09773959713e-20, 1.47999058263e-20, 2.67397038221e-20, 2.50151385506e-19, 5.25422540154e-19, 4.79002508346e-19, 1.91215640571e-18, 1.31534218163e-18, 2.30560134855e-18, 9.78732922072e-19, 2.855091846e-18, 4.80239681029e-18, 6.74535969676e-18, 2.39161303621e-18, 3.69177862495e-18, 3.16874756734e-18, 6.25504342558e-18, 1.01829424107e-17, 5.46716505907e-18, 1.40247496785e-17, 1.35362705755e-17, 1.72711937004e-17, 1.8958010184e-17, 2.79480009872e-17, 1.18281881055e-17, 1.33682164263e-17, 2.1732838834e-17, 3.37569198522e-17, 2.11522490339e-17, 1.41586917264e-17, 1.12597528973e-17, 9.16761956787e-18, 6.32980525012e-18, 3.00164529628e-18, 1.19493715128e-18, 3.5448096198e-19, 3.10094566633e-20],
        "var": [0.0936560109258, 13.5924530029, 148.097793579, 83.3387298584, 195.701950073, 445.077056885, 864.280334473, 1395.99230957, 2487.59448242, 2511.91479492, 7177.91015625, 16040.5507812, 21858.640625, 14401.5234375, 3484.5300293, 2417.46923828, 1338.36865234, 879.274658203, 781.033081055, 1382.59216309, 2690.27368164, 6554.11132812, 790.943115234, 598.356994629, 97.3308639526, 123.964920044, 98.885307312, 42.3141899109, 29.6177864075, 12.077876091, 3.45484972, 1.47975361347, 0.713009178638, 0.197340220213, 0.0274441670626, 0.00259499694221, 0.000195243002963, 3.93680238631e-06, 2.41819431146e-09, 1.03304709231e-09]
    },
    "gfcc": {
        "mean": [-27.1085414886, 131.843200684, -123.288391113, 45.4973144531, -49.3302841187, 4.49479007721, -29.887254715, 4.84580183029, -16.1667804718, -6.16414880753, -17.5999755859, -6.51542043686, -4.08186101913],
        "cov": [[12722.9882812, -1997.66162109, -1174.8782959, 909.390197754, -862.409057617, 834.004943848, 32.5828056335, 693.81451416, -187.492294312, 393.552307129, -407.999359131, 332.6925354, -75.7563552856], [-1997.66162109, 1284.82727051, -82.2210693359, -351.300750732, 309.410339355, -411.22277832, 86.4146118164, -238.128692627, 89.0508346558, -230.360305786, 137.312667847, -198.914108276, 91.8367385864], [-1174.8782959, -82.2210693359, 959.28302002, 60.0606193542, 44.2470779419, 178.361846924, -53.3578948975, 6.89915943146, -10.0571346283, 87.9698562622, -1.10681974888, 52.8593063354, -65.3161392212], [909.390197754, -351.300750732, 60.0606193542, 443.090515137, 1.0051933527, 145.368896484, -0.173046514392, 83.5443725586, 54.1776809692, 76.3450469971, 24.0891532898, 64.6652984619, 21.5077705383], [-862.409057617, 309.410339355, 44.2470779419, 1.0051933527, 322.089630127, -61.9389076233, 44.1722984314, -28.0135860443, 37.7216072083, -48.8084754944, 65.1899795532, -12.4816122055, 21.7973022461], [834.004943848, -411.22277832, 178.361846924, 145.368896484, -61.9389076233, 368.910522461, 85.8836212158, 109.793785095, -36.6319160461, 78.4531707764, -28.8206520081, 79.6077194214, -34.4096832275], [32.5828056335, 86.4146118164, -53.3578948975, -0.173046514392, 44.1722984314, 85.8836212158, 212.326751709, 53.9522666931, 24.2228794098, -13.3020410538, 12.5671339035, -23.5738620758, 28.2488498688], [693.81451416, -238.128692627, 6.89915943146, 83.5443725586, -28.0135860443, 109.793785095, 53.9522666931, 181.476409912, 32.7539405823, 60.6431350708, -44.2002563477, 39.1756858826, -0.874997258186], [-187.492294312, 89.0508346558, -10.0571346283, 54.1776809692, 37.7216072083, -36.6319160461, 24.2228794098, 32.7539405823, 132.854537964, 20.1968822479, 21.9954471588, -23.5028781891, 24.8443183899], [393.552307129, -230.360305786, 87.9698562622, 76.3450469971, -48.8084754944, 78.4531707764, -13.3020410538, 60.6431350708, 20.1968822479, 140.552368164, 3.33721423149, 42.1014060974, -25.4513988495], [-407.999359131, 137.312667847, -1.10681974888, 24.0891532898, 65.1899795532, -28.8206520081, 12.5671339035, -44.2002563477, 21.9954471588, 3.33721423149, 121.356178284, 15.2242279053, 14.6154060364], [332.6925354, -198.914108276, 52.8593063354, 64.6652984619, -12.4816122055, 79.6077194214, -23.5738620758, 39.1756858826, -23.5028781891, 42.1014060974, 15.2242279053, 119.038589478, 7.03522539139], [-75.7563552856, 91.8367385864, -65.3161392212, 21.5077705383, 21.7973022461, -34.4096832275, 28.2488498688, -0.874997258186, 24.8443183899, -25.4513988495, 14.6154060364, 7.03522539139, 93.2909469604]],
        "icov": [[0.00034871630487, -0.000916808203328, 0.000754368607886, -0.00101518584415, 0.000814495899249, -0.00079886324238, 0.000463628181024, -0.000939523684792, 0.000913174706511, -0.000977882766165, 0.00130025681574, -0.000949269684497, 0.00067164452048], [-0.000916808203328, 0.00717022735626, -0.00282013346441, 0.0049631590955, -0.00410508643836, 0.00438413675874, -0.00305633828975, 0.00435271952301, -0.00442130351439, 0.00562885869294, -0.00666522653773, 0.00592903466895, -0.00406897254288], [0.000754368607886, -0.00282013346441, 0.00312417838722, -0.00244408869185, 0.00157568335999, -0.00306527758949, 0.00195663003251, -0.00186519161798, 0.00200503994711, -0.00327089498751, 0.00357922329567, -0.00270179891959, 0.00224752840586], [-0.00101518584415, 0.0049631590955, -0.00244408869185, 0.00737414648756, -0.00358520122245, 0.00175866880454, -0.000984916114248, 0.00298711727373, -0.0049883374013, 0.00370701076463, -0.00618984224275, 0.00423090392724, -0.00431837653741], [0.000814495899249, -0.00410508643836, 0.00157568335999, -0.00358520122245, 0.00688729248941, -0.00184346316382, 0.000700705568306, -0.0032236375846, 0.00225220853463, -0.0017769850092, 0.0025340851862, -0.00415770290419, 0.00293263606727], [-0.00079886324238, 0.00438413675874, -0.00306527758949, 0.00175866880454, -0.00184346316382, 0.00937735009938, -0.00568792456761, 0.00197772751562, -0.00101892789826, 0.00301619712263, -0.00347200920805, 0.000917476019822, -0.000316726684105], [0.000463628181024, -0.00305633828975, 0.00195663003251, -0.000984916114248, 0.000700705568306, -0.00568792456761, 0.00976672209799, -0.00472626276314, 0.00152159307618, -0.00152383418754, 0.000506302516442, 0.00148119404912, -0.00129320716951], [-0.000939523684792, 0.00435271952301, -0.00186519161798, 0.00298711727373, -0.0032236375846, 0.00197772751562, -0.00472626276314, 0.0141271715984, -0.00657473830506, 0.00102582375985, 0.000523039198015, 0.000253223872278, -0.00206630816683], [0.000913174706511, -0.00442130351439, 0.00200503994711, -0.0049883374013, 0.00225220853463, -0.00101892789826, 0.00152159307618, -0.00657473830506, 0.0148963015527, -0.00620793690905, 0.00251998519525, 6.67458662065e-05, 0.000162800919497], [-0.000977882766165, 0.00562885869294, -0.00327089498751, 0.00370701076463, -0.0017769850092, 0.00301619712263, -0.00152383418754, 0.00102582375985, -0.00620793690905, 0.0164297744632, -0.00784931238741, 0.00272106239572, -0.000321084982716], [0.00130025681574, -0.00666522653773, 0.00357922329567, -0.00618984224275, 0.0025340851862, -0.00347200920805, 0.000506302516442, 0.000523039198015, 0.00251998519525, -0.00784931238741, 0.0198561102152, -0.0100061949342, 0.00436035636812], [-0.000949269684497, 0.00592903466895, -0.00270179891959, 0.00423090392724, -0.00415770290419, 0.000917476019822, 0.00148119404912, 0.000253223872278, 6.67458662065e-05, 0.00272106239572, -0.0100061949342, 0.0198152586818, -0.0078128920868], [0.00067164452048, -0.00406897254288, 0.00224752840586, -0.00431837653741, 0.00293263606727, -0.000316726684105, -0.00129320716951, -0.00206630816683, 0.000162800919497, -0.000321084982716, 0.00436035636812, -0.0078128920868, 0.0171845499426]]
    },
    "melbands": {
        "dmean": [0.0012703849934, 0.00212231674232, 0.000739551789593, 0.000557836901862, 0.000303087523207, 0.000281467335299, 0.000223482085858, 0.000142997014336, 0.000196948458324, 0.000196602180949, 0.000165475241374, 0.000100859899248, 5.05907300976e-05, 3.43182618963e-05, 2.76420232694e-05, 1.98458637897e-05, 1.88166432054e-05, 1.73027656274e-05, 1.69656759681e-05, 1.75982768269e-05, 2.08387700695e-05, 2.78975439869e-05, 1.5606996385e-05, 8.44399437483e-06, 5.13476106789e-06, 3.08815288008e-06, 3.56720761374e-06, 3.11189160129e-06, 2.93378116112e-06, 2.31457102018e-06, 1.49023401264e-06, 1.32914362894e-06, 1.06770744424e-06, 6.35119363324e-07, 3.75136664843e-07, 2.63857657501e-07, 2.03075316563e-07, 1.61924290865e-07, 1.22382544987e-07, 9.61105257602e-08],
        "dmean2": [0.0021391985938, 0.0035047410056, 0.00122085714247, 0.000894339755177, 0.000467363948701, 0.000441840675194, 0.000360151345376, 0.000226234304137, 0.000301843771012, 0.000298145110719, 0.000251155317528, 0.000149527535541, 7.93594954303e-05, 5.44755712326e-05, 4.35847832705e-05, 3.11615076498e-05, 2.9999333492e-05, 2.76334121736e-05, 2.73455207207e-05, 2.83432436845e-05, 3.42190614901e-05, 4.6167144319e-05, 2.55339837167e-05, 1.40075953823e-05, 8.58174644236e-06, 5.14104885951e-06, 5.83571318202e-06, 5.05450771016e-06, 4.82424502479e-06, 3.79480115953e-06, 2.39186874751e-06, 2.15206682697e-06, 1.74132014763e-06, 1.00876297893e-06, 5.87818988151e-07, 4.08537346175e-07, 3.11446626711e-07, 2.43588260673e-07, 1.81820851708e-07, 1.43900621197e-07],
        "dvar": [1.23558829728e-05, 1.8240780264e-05, 1.34559763865e-06, 1.43241675232e-06, 3.37209314694e-07, 3.5366159068e-07, 2.4661139264e-07, 1.14178973831e-07, 2.31795908689e-07, 2.28199269259e-07, 2.28967181215e-07, 1.00244612611e-07, 1.80367010216e-08, 7.47774997478e-09, 4.03479560873e-09, 3.56561469239e-09, 1.54920754003e-09, 1.21186305435e-09, 9.22311949036e-10, 1.04140895907e-09, 2.27779373141e-09, 4.15547418697e-09, 9.46247080691e-10, 2.42398434658e-10, 1.4885100097e-10, 2.41694841224e-11, 3.04136785201e-11, 2.24452349068e-11, 1.93209320071e-11, 1.33979043138e-11, 7.43540038567e-12, 7.21465248654e-12, 4.4699946869e-12, 1.75642746875e-12, 7.08682515883e-13, 4.76670460915e-13, 2.70557637709e-13, 2.25087486085e-13, 1.25133112422e-13, 7.38362753642e-14],
        "dvar2": [3.23995845974e-05, 4.69949809485e-05, 3.57221483682e-06, 3.59037721864e-06, 7.86188365964e-07, 8.67319158715e-07, 6.08246637057e-07, 2.75348440937e-07, 4.99419002153e-07, 5.25479208591e-07, 5.08344044192e-07, 2.1079941348e-07, 4.31714113347e-08, 1.82642541091e-08, 9.08891983897e-09, 8.22220869168e-09, 3.84742060433e-09, 2.8533324592e-09, 2.23744422989e-09, 2.55520360426e-09, 5.82807180294e-09, 1.09763531597e-08, 2.37621744503e-09, 5.84843395934e-10, 3.69406671918e-10, 6.26075163934e-11, 7.6934437987e-11, 5.53358539546e-11, 4.90227268501e-11, 3.45037054483e-11, 1.79230380537e-11, 1.74036826617e-11, 1.08584521583e-11, 4.052154879e-12, 1.53217250085e-12, 1.06347396167e-12, 5.59693892795e-13, 4.63789488585e-13, 2.58620463369e-13, 1.62132229842e-13],
        "max": [0.0367545709014, 0.0514009222388, 0.0264853462577, 0.0161809213459, 0.0141895171255, 0.0111728245392, 0.0131801972166, 0.00770674366504, 0.0124057754874, 0.011116293259, 0.0103140668944, 0.0110506936908, 0.00425575394183, 0.00338845094666, 0.00369009468704, 0.00236675608903, 0.000904861080926, 0.00112087815069, 0.00121578085236, 0.000724220648408, 0.00162027636543, 0.0015694485046, 0.00094298372278, 0.000651536392979, 0.000690836459398, 9.28170993575e-05, 0.000104039332655, 9.93823487079e-05, 8.84823457454e-05, 7.67349629314e-05, 4.66068340756e-05, 5.48977004655e-05, 3.69768931705e-05, 3.78057993657e-05, 1.86950419447e-05, 2.0335211957e-05, 1.202513522e-05, 1.31012320708e-05, 1.01654841274e-05, 8.547219295e-06],
        "mean": [0.00198622210883, 0.00493267504498, 0.00157805799972, 0.000852982571814, 0.000592608237639, 0.000488602498081, 0.000368490582332, 0.000215441119508, 0.000317586556775, 0.000340960774338, 0.000274134450592, 0.000174618413439, 8.35581959109e-05, 5.58186111448e-05, 4.85636519443e-05, 3.12076808768e-05, 3.2179759728e-05, 2.94043802569e-05, 3.07419541059e-05, 3.28137321048e-05, 4.26952574344e-05, 5.81417843932e-05, 3.09396782541e-05, 1.71570209204e-05, 1.01943087429e-05, 5.82675875194e-06, 7.1668137025e-06, 6.53821643937e-06, 6.32638284515e-06, 4.83691610498e-06, 2.65970288638e-06, 2.12305803871e-06, 1.72388968167e-06, 1.04359594388e-06, 6.47536921861e-07, 4.5594285325e-07, 3.62383929087e-07, 2.7564627203e-07, 2.1372265735e-07, 1.55946793257e-07],
        "median": [0.00113751646131, 0.00318291364238, 0.00118115718942, 0.000422092009103, 0.000323946587741, 0.000205935910344, 0.000127181512653, 6.56504780636e-05, 7.35423454898e-05, 7.87987955846e-05, 4.15061149397e-05, 3.15170109388e-05, 2.12454833672e-05, 2.09969693969e-05, 1.9994808099e-05, 1.16857145258e-05, 1.47646369442e-05, 1.44040968735e-05, 1.72616746568e-05, 1.57447866513e-05, 1.91172512132e-05, 2.81754910247e-05, 1.91369072127e-05, 1.10266864795e-05, 5.67133702134e-06, 4.03699004892e-06, 4.95918720844e-06, 4.78096217194e-06, 5.13896156917e-06, 3.6844198803e-06, 1.54838278377e-06, 1.0073113117e-06, 7.46516093386e-07, 4.39513485162e-07, 2.61442664851e-07, 1.81586187864e-07, 1.36097384029e-07, 9.73566329776e-08, 7.41812300475e-08, 4.39191083501e-08],
        "min": [5.36873173e-24, 5.96409688808e-24, 2.20276470464e-24, 1.27293800414e-24, 7.31707774866e-24, 1.18515306957e-23, 8.57898619544e-24, 1.93062615169e-23, 1.31432588735e-23, 1.36110597012e-23, 4.49134840387e-24, 1.0558003915e-23, 1.29562775398e-23, 2.32564304349e-23, 8.62205642314e-24, 4.61558019138e-24, 7.46592396856e-24, 5.4508710829e-24, 4.55951348026e-24, 1.26269856987e-23, 1.19051030286e-23, 4.75083670446e-24, 9.91202623005e-24, 1.2860667598e-23, 1.07527058304e-23, 1.23502753812e-23, 1.17469719159e-23, 1.34135541741e-23, 1.76346510592e-23, 1.35728330795e-23, 4.99635625058e-24, 7.43006866269e-24, 9.02117665384e-24, 1.23623552083e-23, 1.83593002644e-23, 1.76784154845e-23, 1.22265630586e-23, 1.02552130671e-23, 8.02795580909e-24, 9.91851303327e-24],
        "var": [1.09325646918e-05, 3.12909578497e-05, 2.41808243118e-06, 1.78294692432e-06, 7.49609114337e-07, 6.60156104004e-07, 5.23331095792e-07, 2.47225841576e-07, 5.88702732784e-07, 6.05141849519e-07, 5.71037560348e-07, 2.69520114671e-07, 5.00759007593e-08, 1.54552459719e-08, 9.97684423965e-09, 7.1298953408e-09, 3.53914719753e-09, 2.39039588124e-09, 2.04807126813e-09, 2.72478595242e-09, 7.0049139822e-09, 1.16613465551e-08, 2.8921824935e-09, 7.77801656415e-10, 4.6902659534e-10, 4.90727181113e-11, 7.4736210276e-11, 6.03329608495e-11, 4.95862448324e-11, 2.9768756904e-11, 1.26689604987e-11, 1.09222023786e-11, 7.03221378698e-12, 2.89533089344e-12, 1.30638859105e-12, 7.82691294589e-13, 5.31241717283e-13, 4.29691032105e-13, 2.25773921585e-13, 1.28089392933e-13]
    },
    "mfcc": {
        "mean": [-660.694030762, 145.175964355, -4.28082895279, 39.4240188599, 5.72176265717, 7.28437948227, -2.82510828972, 5.83797550201, 7.88398647308, -1.44923973083, -4.11364221573, 3.18274641037, -2.89363646507],
        "cov": [[10641.5439453, -1179.35424805, -1119.51245117, 351.366821289, -561.529663086, 182.993652344, 93.7504043579, 294.950958252, 288.552734375, 224.995071411, 9.94025707245, 55.7565231323, -39.2393264771], [-1179.35424805, 1120.50158691, -77.727722168, -71.7915267944, 15.8555145264, -120.084625244, -35.1209907532, -67.3640060425, -32.5557632446, -47.2830696106, -53.7586517334, -20.1327495575, -20.1963062286], [-1119.51245117, -77.727722168, 716.794555664, -14.1715545654, 104.605140686, 108.146629333, 28.0198879242, -12.2960710526, -17.7175502777, -7.85115528107, 65.755355835, -13.4963178635, 26.3835010529], [351.366821289, -71.7915267944, -14.1715545654, 304.528076172, 87.5534896851, 32.0517501831, -5.71438026428, 16.2081661224, 40.1583175659, 40.4775924683, -0.462910801172, 55.3902282715, 36.559967041], [-561.529663086, 15.8555145264, 104.605140686, 87.5534896851, 242.210800171, 27.8700389862, -6.37999248505, 8.56587219238, -18.0058364868, -18.899728775, 6.97663450241, 32.8534011841, 29.0574970245], [182.993652344, -120.084625244, 108.146629333, 32.0517501831, 27.8700389862, 184.124847412, 89.6795425415, 48.885723114, 13.069480896, 15.4324092865, 50.224571228, 7.9007434845, -1.09878981113], [93.7504043579, -35.1209907532, 28.0198879242, -5.71438026428, -6.37999248505, 89.6795425415, 185.366592407, 79.7380599976, 27.4168128967, 24.5145893097, 31.7847194672, 5.29833078384, -1.19545662403], [294.950958252, -67.3640060425, -12.2960710526, 16.2081661224, 8.56587219238, 48.885723114, 79.7380599976, 137.64666748, 58.6187820435, 22.9410209656, 21.4836444855, 2.81881523132, -4.68805837631], [288.552734375, -32.5557632446, -17.7175502777, 40.1583175659, -18.0058364868, 13.069480896, 27.4168128967, 58.6187820435, 143.114883423, 74.9503097534, 9.74253940582, 7.47253131866, 0.314188152552], [224.995071411, -47.2830696106, -7.85115528107, 40.4775924683, -18.899728775, 15.4324092865, 24.5145893097, 22.9410209656, 74.9503097534, 116.258651733, 35.1334533691, 6.96024894714, 8.12667655945], [9.94025707245, -53.7586517334, 65.755355835, -0.462910801172, 6.97663450241, 50.224571228, 31.7847194672, 21.4836444855, 9.74253940582, 35.1334533691, 103.687477112, 30.6968154907, 2.23187065125], [55.7565231323, -20.1327495575, -13.4963178635, 55.3902282715, 32.8534011841, 7.9007434845, 5.29833078384, 2.81881523132, 7.47253131866, 6.96024894714, 30.6968154907, 99.1648025513, 44.6514282227], [-39.2393264771, -20.1963062286, 26.3835010529, 36.559967041, 29.0574970245, -1.09878981113, -1.19545662403, -4.68805837631, 0.314188152552, 8.12667655945, 2.23187065125, 44.6514282227, 84.7463378906]],
