{
"lowlevel": {
    "average_loudness": 0.901202321053,
    "barkbands_crest": {
        "dmean": 2.24966907501,
        "dmean2": 3.65674638748,
        "dvar": 5.18839788437,
        "dvar2": 13.7315769196,
        "max": 25.2043647766,
        "mean": 9.54624938965,
        "median": 8.94955253601,
        "min": 1.90763711929,
        "var": 13.0320062637
    },
    "barkbands_flatness_db": {
        "dmean": 0.018386779353,
        "dmean2": 0.029058393091,
        "dvar": 0.000358211342245,
        "dvar2": 0.000903187319636,
        "max": 0.44137313962,
        "mean": 0.147686898708,
        "median": 0.127340212464,
        "min": 0.0225762426853,
        "var": 0.00440482469276
    },
    "barkbands_kurtosis": {
        "dmean": 1.86839127541,
        "dmean2": 3.03784680367,
        "dvar": 9.92040729523,
        "dvar2": 24.5458889008,
        "max": 77.1416702271,
        "mean": 2.32515144348,
        "median": 0.625606894493,
        "min": -1.80453002453,
        "var": 25.6122684479
    },
    "barkbands_skewness": {
        "dmean": 0.464875489473,
        "dmean2": 0.739163339138,
        "dvar": 0.283760219812,
        "dvar2": 0.718002378941,
        "max": 8.26653385162,
        "mean": 1.36166632175,
        "median": 1.21744775772,
        "min": -2.02444577217,
        "var": 0.894442021847
    },
    "barkbands_spread": {
        "dmean": 5.02884101868,
        "dmean2": 7.89491558075,
        "dvar": 39.1140327454,
        "dvar2": 89.5956497192,
        "max": 95.4700546265,
        "mean": 27.0049324036,
        "median": 28.1351947784,
        "min": 0.830421090126,
        "var": 187.463195801
    },
    "dissonance": {
        "dmean": 0.0145484255627,
        "dmean2": 0.0244504548609,
        "dvar": 0.000331956340233,
        "dvar2": 0.000922801496927,
        "max": 0.500000059605,
        "mean": 0.466859340668,
        "median": 0.480933129787,
        "min": 0.173686698079,
        "var": 0.00151359743904
    },
    "dynamic_complexity": 4.72907352448,
    "erbbands_crest": {
        "dmean": 2.12414908409,
        "dmean2": 3.44182682037,
        "dvar": 4.57519960403,
        "dvar2": 11.6598520279,
        "max": 31.5984764099,
        "mean": 8.46243858337,
        "median": 7.24055957794,
        "min": 2.51511931419,
        "var": 19.0273132324
    },
    "erbbands_flatness_db": {
        "dmean": 0.0117957238108,
        "dmean2": 0.0175735857338,
        "dvar": 0.000119081618323,
        "dvar2": 0.000248722761171,
        "max": 0.420112609863,
        "mean": 0.159340575337,
        "median": 0.14107644558,
        "min": 0.0512816384435,
        "var": 0.00369028514251
    },
    "erbbands_kurtosis": {
        "dmean": 0.69440549612,
        "dmean2": 1.11118817329,
        "dvar": 0.865569472313,
        "dvar2": 2.04694747925,
        "max": 40.1324081421,
        "mean": 0.513729691505,
        "median": 0.105653643608,
        "min": -1.80385601521,
        "var": 3.29779744148
    },
    "erbbands_skewness": {
        "dmean": 0.248907804489,
        "dmean2": 0.38078469038,
        "dvar": 0.0535154603422,
        "dvar2": 0.12215270102,
        "max": 5.54671144485,
        "mean": -0.0845817402005,
        "median": -0.215431436896,
        "min": -2.91387033463,
        "var": 0.510307788849
    },
    "erbbands_spread": {
        "dmean": 6.70576190948,
        "dmean2": 10.6189212799,
        "dvar": 54.3541183472,
        "dvar2": 134.221542358,
        "max": 137.265716553,
        "mean": 36.8028182983,
        "median": 35.0184249878,
        "min": 2.13025832176,
        "var": 263.022674561
    },
    "hfc": {
        "dmean": 5.90767431259,
        "dmean2": 8.83465957642,
        "dvar": 73.594039917,
        "dvar2": 147.944046021,
        "max": 147.019851685,
        "mean": 29.5823535919,
        "median": 28.4078617096,
        "min": 1.17653511648e-16,
        "var": 472.229553223
    },
    "melbands_crest": {
        "dmean": 2.83012008667,
        "dmean2": 4.52854776382,
        "dvar": 6.77900886536,
        "dvar2": 17.4668960571,
        "max": 31.5060958862,
        "mean": 15.0912351608,
        "median": 14.6987915039,
        "min": 1.9325710535,
        "var": 24.0554466248
    },
    "melbands_flatness_db": {
        "dmean": 0.0229049921036,
        "dmean2": 0.0354175716639,
        "dvar": 0.000608470349107,
        "dvar2": 0.0014865124831,
        "max": 0.585562050343,
        "mean": 0.19845892489,
        "median": 0.17750826478,
        "min": 0.00557878147811,
        "var": 0.0073551312089
    },
    "melbands_kurtosis": {
        "dmean": 6.08750915527,
        "dmean2": 9.91319274902,
        "dvar": 129.228378296,
        "dvar2": 315.787567139,
        "max": 326.027740479,
        "mean": 10.9662399292,
        "median": 6.54694461823,
        "min": -1.65128004551,
        "var": 277.701141357
    },
    "melbands_skewness": {
        "dmean": 0.704837858677,
        "dmean2": 1.12408697605,
        "dvar": 0.778352022171,
        "dvar2": 1.96577000618,
        "max": 15.5959730148,
        "mean": 2.64923381805,
        "median": 2.36842465401,
        "min": -1.32485306263,
        "var": 2.29890084267
    },
    "melbands_spread": {
        "dmean": 6.90692329407,
        "dmean2": 10.9544010162,
        "dvar": 63.4525413513,
        "dvar2": 154.144958496,
        "max": 162.645050049,
        "mean": 26.0630989075,
        "median": 24.29737854,
        "min": 1.50535857677,
        "var": 274.365936279
    },
    "pitch_salience": {
        "dmean": 0.0638840794563,
        "dmean2": 0.103601798415,
        "dvar": 0.00363925821148,
        "dvar2": 0.00950827542692,
        "max": 0.849809885025,
        "mean": 0.522256851196,
        "median": 0.520173668861,
        "min": 0.0965636074543,
        "var": 0.0109353447333
    },
    "silence_rate_20dB": {
        "dmean": 0,
        "dmean2": 0,
        "dvar": 0,
        "dvar2": 0,
        "max": 1,
        "mean": 1,
        "median": 1,
        "min": 1,
        "var": 0
    },
    "silence_rate_30dB": {
        "dmean": 0.0308407600969,
        "dmean2": 0.0616862997413,
        "dvar": 0.0298860091716,
        "dvar2": 0.0801877751946,
        "max": 1,
        "mean": 0.980164289474,
        "median": 1,
        "min": 0,
        "var": 0.019444797188
    },
    "silence_rate_60dB": {
        "dmean": 0.00294459518045,
        "dmean2": 0.00588964670897,
        "dvar": 0.00293609849177,
        "dvar2": 0.00647498574108,
        "max": 1,
        "mean": 0.147915691137,
        "median": 0,
        "min": 0,
        "var": 0.126014724374
    },
    "spectral_centroid": {
        "dmean": 192.047073364,
        "dmean2": 305.77255249,
        "dvar": 47050.8867188,
        "dvar2": 109066.929688,
        "max": 10849.6269531,
        "mean": 1503.71643066,
        "median": 1566.38647461,
        "min": 191.177383423,
        "var": 407501.8125
    },
    "spectral_complexity": {
        "dmean": 3.22371172905,
        "dmean2": 5.18304395676,
        "dvar": 10.6688652039,
        "dvar2": 24.9038238525,
        "max": 60,
        "mean": 27.7048664093,
        "median": 32,
        "min": 0,
        "var": 211.087280273
    },
    "spectral_decrease": {
        "dmean": 3.30772653712e-09,
        "dmean2": 5.51527046255e-09,
        "dvar": 3.80712556993e-17,
        "dvar2": 1.03516134712e-16,
        "max": -5.08488236889e-29,
        "mean": -9.48562028924e-09,
        "median": -9.22998300013e-09,
        "min": -5.9170687905e-08,
        "var": 5.43230353215e-17
    },
    "spectral_energy": {
        "dmean": 0.012764710933,
        "dmean2": 0.0212371293455,
        "dvar": 0.000553347519599,
        "dvar2": 0.00150261761155,
        "max": 0.226656034589,
        "mean": 0.0384840369225,
        "median": 0.0378414466977,
        "min": 1.08634364939e-20,
        "var": 0.000844315451104
    },
    "spectral_energyband_high": {
        "dmean": 0.000415374553995,
        "dmean2": 0.000569982687011,
        "dvar": 5.92061155658e-07,
        "dvar2": 1.0023051118e-06,
        "max": 0.0139790158719,
        "mean": 0.0013847524533,
        "median": 0.000984970130958,
        "min": 7.60495961132e-21,
        "var": 2.6761308618e-06
    },
    "spectral_energyband_low": {
        "dmean": 0.0113367326558,
        "dmean2": 0.0192166585475,
        "dvar": 0.000550133292563,
        "dvar2": 0.00150585430674,
        "max": 0.215355083346,
        "mean": 0.0201958715916,
        "median": 0.0168790705502,
        "min": 5.20168159808e-23,
        "var": 0.000549287651666
    },
    "spectral_energyband_middle_high": {
        "dmean": 0.00212893355638,
        "dmean2": 0.00337832886726,
        "dvar": 9.44898602029e-06,
        "dvar2": 2.31496796914e-05,
        "max": 0.0523435287178,
        "mean": 0.00822419021279,
        "median": 0.00726496940479,
        "min": 1.80862758207e-21,
        "var": 4.44849756605e-05
    },
    "spectral_energyband_middle_low": {
        "dmean": 0.00353537127376,
        "dmean2": 0.00563674746081,
        "dvar": 2.31616268138e-05,
        "dvar2": 5.79573061259e-05,
        "max": 0.109098084271,
        "mean": 0.0106526361778,
        "median": 0.00941936392337,
        "min": 3.65611104445e-22,
        "var": 6.79425647832e-05
    },
    "spectral_entropy": {
        "dmean": 0.0912393182516,
        "dmean2": 0.132589295506,
        "dvar": 0.009521137923,
        "dvar2": 0.016870925203,
        "max": 9.79371929169,
        "mean": 7.64164924622,
        "median": 7.86832857132,
        "min": 5.03063488007,
        "var": 0.418954581022
    },
    "spectral_flux": {
        "dmean": 0.0241335425526,
        "dmean2": 0.0374623388052,
        "dvar": 0.00125887989998,
        "dvar2": 0.00236749043688,
        "max": 0.383788645267,
        "mean": 0.0901380330324,
        "median": 0.0867423862219,
        "min": 1.0422781388e-10,
        "var": 0.00377892586403
    },
    "spectral_kurtosis": {
        "dmean": 2.38349485397,
        "dmean2": 4.05861759186,
        "dvar": 38.957195282,
        "dvar2": 112.476928711,
        "max": 149.418533325,
        "mean": 6.96526765823,
        "median": 3.21096515656,
        "min": -1.1453769207,
        "var": 189.591506958
    },
    "spectral_rms": {
        "dmean": 0.000839253480081,
        "dmean2": 0.00135557388421,
        "dvar": 1.59848468684e-06,
        "dvar2": 4.21651748184e-06,
        "max": 0.0148703679442,
        "mean": 0.00552160898224,
        "median": 0.00607605790719,
        "min": 3.25552996019e-12,
        "var": 7.0572846198e-06
    },
    "spectral_rolloff": {
        "dmean": 437.467193604,
        "dmean2": 721.890869141,
        "dvar": 523894.0625,
        "dvar2": 1154665.375,
        "max": 18453.9550781,
        "mean": 1598.74023438,
        "median": 1464.2578125,
        "min": 86.1328125,
        "var": 1912695.25
    },
    "spectral_skewness": {
        "dmean": 0.223549589515,
        "dmean2": 0.369715064764,
        "dvar": 0.139828383923,
        "dvar2": 0.399577617645,
        "max": 9.65917205811,
        "mean": 1.64648759365,
        "median": 1.32915711403,
        "min": 0.0799712240696,
        "var": 1.15632772446
    },
    "spectral_spread": {
        "dmean": 368711.125,
        "dmean2": 519664.21875,
        "dvar": 245370454016,
        "dvar2": 336272097280,
        "max": 39374060,
        "mean": 4316152.5,
        "median": 4362045,
        "min": 557958.8125,
        "var": 2.3045537792e+12
    },
    "spectral_strongpeak": {
        "dmean": 0.379548668861,
        "dmean2": 0.675829529762,
        "dvar": 0.794206678867,
        "dvar2": 2.13618159294,
        "max": 11.0603981018,
        "mean": 0.65198969841,
        "median": 0.403428792953,
        "min": 9.97818005999e-09,
        "var": 0.856460273266
    },
    "zerocrossingrate": {
        "dmean": 0.00854528136551,
        "dmean2": 0.0104261143133,
        "dvar": 9.47007210925e-05,
        "dvar2": 0.000116761344543,
        "max": 0.49755859375,
        "mean": 0.0631513819098,
        "median": 0.05810546875,
        "min": 0.00439453125,
        "var": 0.00170406117104
    },
    "barkbands": {
        "dmean": [0.0001093187675, 0.00730991316959, 0.00476743653417, 0.00161901547108, 0.00152891827747, 0.000638831756078, 0.000639920879621, 0.000684466795065, 0.000623818777967, 0.000399801705498, 0.00035909775761, 0.00051027740119, 0.000622945895884, 0.000496051856317, 0.000644896004815, 0.000514539482538, 0.000305226800265, 0.000181551804417, 0.000179362803465, 0.000151717918925, 0.00010571560415, 0.000129348467453, 0.000102740421426, 0.000102418212919, 5.1479168178e-05, 2.03052841243e-05, 1.29454829079e-08],
        "dmean2": [0.000176328612724, 0.0124277584255, 0.0082335928455, 0.00269517116249, 0.00248467875645, 0.00100275385194, 0.000998561619781, 0.00105041777715, 0.000987092731521, 0.00061366945738, 0.000578392355237, 0.000817910244223, 0.00101460923906, 0.000804592797067, 0.00107391667552, 0.000849003670737, 0.000512399943545, 0.000306058907881, 0.000296979938867, 0.000250376964686, 0.000172639833181, 0.000194364663912, 0.000152136562974, 0.000143854893395, 6.92187604727e-05, 2.82589917333e-05, 2.28860201901e-08],
        "dvar": [5.97992055873e-08, 0.000260829634499, 8.71693700901e-05, 1.03525235318e-05, 6.69312203172e-06, 1.23713812172e-06, 2.15985051e-06, 2.5263916541e-06, 2.59762941823e-06, 7.18736089311e-07, 1.42233830047e-06, 1.56287933351e-06, 1.60817285177e-06, 1.25410826968e-06, 1.24894677356e-06, 9.9776116258e-07, 1.89824049812e-07, 6.85478624973e-08, 6.07497341321e-08, 5.24944319125e-08, 3.01094900124e-08, 5.70602551875e-08, 4.17014973664e-08, 8.11956795133e-08, 2.23682228295e-08, 3.14385584232e-09, 3.09234322515e-15],
        "dvar2": [1.43686420984e-07, 0.000713636516593, 0.000250551733188, 2.76563987427e-05, 1.67635989783e-05, 2.88079354505e-06, 4.85423788632e-06, 5.60462285648e-06, 5.91835987507e-06, 1.56055318712e-06, 3.64402876585e-06, 4.04099500884e-06, 3.97079838876e-06, 3.11450730806e-06, 3.23553467751e-06, 2.56349972005e-06, 5.15709757565e-07, 1.86305996408e-07, 1.64234265299e-07, 1.38614566936e-07, 7.58399423262e-08, 1.21131662922e-07, 8.64685176794e-08, 1.43163092048e-07, 4.12836165253e-08, 6.31604324397e-09, 8.51380852076e-15],
        "max": [0.00448021711782, 0.151841014624, 0.0891545414925, 0.102091863751, 0.0467009320855, 0.0295661296695, 0.0414179749787, 0.0307619087398, 0.0476154014468, 0.0260945614427, 0.0356059521437, 0.025707475841, 0.0431671999395, 0.0346185490489, 0.0218050573021, 0.0231191441417, 0.00682104472071, 0.0045190313831, 0.00480443192646, 0.00479521881789, 0.0044431714341, 0.00728455046192, 0.00433935131878, 0.00896479096264, 0.0053885737434, 0.00239779986441, 1.88351202723e-06],
        "mean": [0.000111223787826, 0.0107389744371, 0.00748604163527, 0.00249036960304, 0.00283587863669, 0.00126922666095, 0.00125461933203, 0.00149848568253, 0.00113761296961, 0.000752700958401, 0.000559766369406, 0.000891446718015, 0.00110475800466, 0.000846327922773, 0.00127409957349, 0.00110596464947, 0.000659039942548, 0.000411918590544, 0.000462431169581, 0.000390703236917, 0.000265890528681, 0.000309688737616, 0.000239735920331, 0.000229914017837, 0.000115163427836, 4.20667456638e-05, 1.01771524541e-08],
        "median": [2.68595940724e-05, 0.00738794310018, 0.0048942300491, 0.00127637200058, 0.00164304382633, 0.000704886391759, 0.000389572785934, 0.000334011216182, 0.000463079835754, 0.000271825643722, 0.000157334885444, 0.000371189031284, 0.000591960852034, 0.000431408639997, 0.000872191507369, 0.000641068909317, 0.000539825763553, 0.000354011019226, 0.000411345128668, 0.000318264239468, 0.000205591786653, 0.000185678771231, 0.00012944242917, 0.000101225043181, 4.81986171508e-05, 1.45192416312e-05, 8.09120936918e-10],
        "min": [1.64796624529e-23, 2.81594944171e-23, 9.88929914737e-24, 2.54876525079e-23, 1.87848702124e-23, 5.77985069283e-23, 3.85057081117e-23, 1.07384605802e-22, 9.6729013482e-23, 6.96719932007e-23, 3.99379450386e-23, 4.93492007882e-23, 1.74298059702e-22, 1.45155442649e-22, 3.23549949747e-22, 2.1212310707e-22, 2.78194259472e-22, 1.19290460615e-22, 2.2870988579e-22, 3.17344580539e-22, 5.6646821756e-22, 4.89968904593e-22, 6.72027752637e-22, 6.75607186906e-22, 1.23981883314e-21, 1.6685235629e-21, 2.37819757547e-21],
        "var": [6.65043629056e-08, 0.000234740917222, 9.40695681493e-05, 1.4318598005e-05, 1.26704999275e-05, 3.48990010934e-06, 6.29600117463e-06, 1.09498432721e-05, 6.71911993777e-06, 1.94377844309e-06, 2.91097467198e-06, 3.22808432429e-06, 3.12530892188e-06, 2.21693562708e-06, 2.7705489174e-06, 3.08419726025e-06, 4.18226534293e-07, 1.52419914912e-07, 1.76367564109e-07, 1.61443281854e-07, 7.97233425942e-08, 1.77808018975e-07, 1.2341327249e-07, 2.26724708341e-07, 6.12036288317e-08, 7.94424348527e-09, 2.28832176393e-15]
    },
    "erbbands": {
        "dmean": [0.138141334057, 1.92964744568, 5.33823013306, 5.81620979309, 4.10021018982, 5.70839834213, 6.68776750565, 4.44612503052, 7.82744216919, 10.1161661148, 17.1657772064, 15.7823925018, 9.28919124603, 14.0302219391, 14.8383331299, 21.9075984955, 24.1659317017, 28.4926147461, 27.6332073212, 32.775302887, 21.5894374847, 15.3274183273, 9.24843978882, 10.1713886261, 8.11801338196, 7.3470659256, 4.61513805389, 4.24549627304, 4.69763612747, 4.14258050919, 2.79508423805, 2.49774074554, 1.53734517097, 0.704980611801, 0.329982548952, 0.118044443429, 0.0355033241212, 0.00370008312166, 7.00379023328e-05, 1.55211491801e-05],
        "dmean2": [0.234461516142, 3.31443548203, 9.26739120483, 9.75452423096, 6.78724861145, 9.25367641449, 10.6303806305, 7.10233306885, 12.3308696747, 15.5763902664, 26.1244220734, 24.5698127747, 14.382475853, 21.6713829041, 23.7119464874, 35.2161483765, 39.3305511475, 46.2028007507, 45.2260742188, 54.4379501343, 35.7117729187, 25.8459835052, 15.5927829742, 16.9739189148, 13.4975233078, 12.1775054932, 7.64059495926, 6.8572473526, 7.12102174759, 6.2275800705, 4.08003520966, 3.63675999641, 2.14239692688, 0.962907850742, 0.462357133627, 0.163738876581, 0.0515894964337, 0.00552252028137, 0.000102146630525, 2.49543409154e-05],
        "dvar": [0.109669394791, 17.8164081573, 115.951553345, 125.194953918, 57.9744338989, 114.439949036, 145.450332642, 72.0867156982, 372.480773926, 692.90802002, 1640.31555176, 1816.62487793, 330.709075928, 1081.91918945, 1868.73120117, 2973.29907227, 2204.6550293, 4194.82324219, 2902.89624023, 3272.19091797, 1637.11865234, 525.204711914, 198.265945435, 204.525161743, 131.740203857, 129.387176514, 55.5222892761, 54.1871414185, 80.4924163818, 51.9553146362, 36.7410926819, 45.4984321594, 20.8880233765, 4.21441268921, 0.96131169796, 0.107385113835, 0.0102185457945, 8.36929175421e-05, 2.80994427726e-08, 6.90607182552e-10],
        "dvar2": [0.290900051594, 49.6879463196, 331.538085938, 343.544921875, 150.794235229, 287.512481689, 348.935028076, 174.373474121, 827.721862793, 1542.99389648, 3586.9284668, 4101.29052734, 752.533508301, 2429.47558594, 4773.49121094, 7771.34423828, 5429.83691406, 10732.4082031, 7329.09912109, 8794.81933594, 4328.29101562, 1427.91564941, 540.963623047, 554.845581055, 354.644927979, 342.862640381, 144.81690979, 133.280838013, 176.179641724, 112.213447571, 75.2930526733, 90.7249145508, 37.9241523743, 7.79182767868, 1.95569610596, 0.213530108333, 0.02183553949, 0.000173950116732, 5.63542457144e-08, 1.82155512896e-09],
        "max": [3.20776700974, 37.9294013977, 99.5996246338, 264.393005371, 167.172241211, 174.253662109, 312.720611572, 282.466156006, 631.917724609, 714.309692383, 867.292114258, 1479.61230469, 413.078765869, 1028.45593262, 1308.27197266, 1264.47094727, 1452.93505859, 1999.06677246, 1294.31848145, 1336.25805664, 1212.73278809, 364.136779785, 274.708984375, 295.486022949, 212.769546509, 252.773361206, 126.282371521, 219.940444946, 256.549682617, 163.068267822, 152.670333862, 188.289199829, 203.21282959, 68.3976898193, 36.2964897156, 11.6784391403, 4.81200218201, 0.328761398792, 0.00601285602897, 0.000393612717744],
        "mean": [0.187294527888, 2.87454605103, 8.6578950882, 9.54490661621, 6.82631635666, 10.153922081, 12.7247600555, 8.77755355835, 15.0658197403, 20.2819805145, 38.9312057495, 29.7134113312, 19.0259151459, 26.434299469, 26.1136550903, 40.6306648254, 45.7677001953, 53.2032661438, 56.4149703979, 72.6258850098, 51.6165008545, 35.4313545227, 22.5028114319, 25.7443141937, 21.313451767, 18.8981151581, 11.7545690536, 10.4727668762, 11.0259122849, 9.55296802521, 6.41321325302, 5.39312124252, 3.35760688782, 1.54112970829, 0.706536412239, 0.254339337349, 0.0646800622344, 0.00578899588436, 0.00014183013991, 5.35996259714e-05],
        "median": [0.102398142219, 2.02721738815, 5.6763010025, 5.8410782814, 4.06028413773, 5.02176856995, 6.62967443466, 4.88320064545, 5.52793884277, 7.42986679077, 10.6605224609, 12.9084453583, 8.98991584778, 10.470035553, 10.3898210526, 18.6739196777, 26.3079204559, 27.6278095245, 35.5705490112, 46.6686096191, 36.1064987183, 30.0209178925, 19.8593883514, 22.9851856232, 18.7353668213, 15.4933433533, 9.67462348938, 7.62460803986, 6.56746292114, 5.6910982132, 3.3147046566, 2.32956051826, 1.40290188789, 0.64531236887, 0.28597304225, 0.102087117732, 0.0175691321492, 0.000887590111233, 5.6237422541e-05, 5.20583489561e-05],
        "min": [2.55887393531e-22, 8.05719799301e-21, 1.86259198897e-20, 4.00193049969e-20, 8.3421035529e-20, 4.63691311197e-20, 4.23229777997e-19, 3.25689467345e-19, 6.75153656459e-19, 4.56989629584e-19, 3.08122999738e-18, 2.45477902933e-18, 2.40782308788e-18, 1.35515583208e-18, 2.1340103819e-18, 2.6432945249e-18, 8.48239224742e-18, 8.21605828815e-18, 1.53903189907e-17, 1.37225425505e-17, 1.04749975512e-17, 1.51400521877e-17, 8.7606847568e-18, 1.07590158047e-17, 1.07386175308e-17, 1.59524990592e-17, 1.775659321e-17, 2.37080733449e-17, 1.55821355573e-17, 1.93401825163e-17, 1.88353773495e-17, 1.42122483623e-17, 1.20168266442e-17, 1.22851913319e-17, 9.05286066559e-18, 5.96370503717e-18, 3.26048623997e-18, 1.20866338637e-18, 3.84010301722e-19, 3.14104615458e-20],
        "var": [0.097479172051, 15.6330308914, 121.442565918, 156.627059937, 85.8615188599, 227.255172729, 386.267974854, 192.047637939, 950.590270996, 1947.4375, 7260.68945312, 4918.20898438, 882.997131348, 2523.85327148, 3676.3659668, 6265.34472656, 4482.66894531, 8150.59472656, 7069.6015625, 9395.81054688, 4966.63476562, 1163.55041504, 443.746520996, 547.848022461, 388.601806641, 372.034393311, 141.318817139, 142.584396362, 241.059295654, 157.172317505, 100.566139221, 112.679244995, 54.8290519714, 11.2331008911, 2.30694890022, 0.271365582943, 0.0227384455502, 0.000202502589673, 7.57235198989e-08, 1.56362467418e-09]
    },
    "gfcc": {
        "mean": [-19.4694919586, 97.8236312866, -125.153167725, 40.5705871582, -50.7100830078, 20.9653549194, -40.9369277954, 6.16444206238, -19.9350414276, 2.93547034264, -17.4788646698, -6.92749881744, -12.4733362198],
        "cov": [[37849.9609375, -3486.30566406, -794.221862793, 3212.54882812, -47.106300354, 2867.54321289, -473.975463867, 1783.47644043, -527.090881348, 930.362670898, -574.825073242, 470.998962402, -336.06350708], [-3486.30566406, 2498.07714844, -192.3568573, -455.145019531, 324.62512207, -705.22442627, 206.682357788, -425.709136963, 158.037689209, -253.778335571, 213.824813843, -261.906463623, 120.612709045], [-794.221862793, -192.3568573, 539.460571289, -3.74044132233, 18.8977851868, 59.2447929382, 3.68303751945, 67.5114517212, 4.84262514114, 22.2725315094, -75.5549087524, 62.3221817017, -38.4608459473], [3212.54882812, -455.145019531, -3.74044132233, 899.125854492, 242.648391724, 331.666229248, 141.270828247, 242.537948608, 65.6757659912, 93.8567962646, 9.0437297821, 68.864944458, 10.5439214706], [-47.106300354, 324.62512207, 18.8977851868, 242.648391724, 356.364501953, -36.0335273743, 169.170959473, 17.6030273438, 83.3784484863, 22.2508239746, 49.0593032837, 3.52739357948, 18.9497852325], [2867.54321289, -705.22442627, 59.2447929382, 331.666229248, -36.0335273743, 457.040100098, -6.2889509201, 226.607696533, -51.4794540405, 95.0183105469, -55.5659713745, 81.3864898682, -46.0607337952], [-473.975463867, 206.682357788, 3.68303751945, 141.270828247, 169.170959473, -6.2889509201, 255.720687866, 32.2770347595, 61.7463150024, -10.8036823273, 50.4225578308, 15.5242605209, 9.54541683197], [1783.47644043, -425.709136963, 67.5114517212, 242.537948608, 17.6030273438, 226.607696533, 32.2770347595, 229.60256958, 12.4815416336, 83.1172790527, -42.9068756104, 63.6402130127, -23.7475986481], [-527.090881348, 158.037689209, 4.84262514114, 65.6757659912, 83.3784484863, -51.4794540405, 61.7463150024, 12.4815416336, 130.205108643, 15.3558225632, 32.3307037354, -18.2035961151, 12.499379158], [930.362670898, -253.778335571, 22.2725315094, 93.8567962646, 22.2508239746, 95.0183105469, -10.8036823273, 83.1172790527, 15.3558225632, 112.466148376, -14.0465173721, 38.3483123779, -21.6017360687], [-574.825073242, 213.824813843, -75.5549087524, 9.0437297821, 49.0593032837, -55.5659713745, 50.4225578308, -42.9068756104, 32.3307037354, -14.0465173721, 114.722831726, -7.51800823212, 22.331073761], [470.998962402, -261.906463623, 62.3221817017, 68.864944458, 3.52739357948, 81.3864898682, 15.5242605209, 63.6402130127, -18.2035961151, 38.3483123779, -7.51800823212, 103.459365845, 3.11632108688], [-336.06350708, 120.612709045, -38.4608459473, 10.5439214706, 18.9497852325, -46.0607337952, 9.54541683197, -23.7475986481, 12.499379158, -21.6017360687, 22.331073761, 3.11632108688, 77.9097442627]],
        "icov": [[0.000204529860639, -0.000558303203434, 0.000552717479877, -0.000638186174911, 0.000313250056934, -0.000759883027058, 0.000657110242173, -0.000721980992239, 0.000777858833317, -0.000949963345192, 0.000902571424376, -0.000785473908763, 0.000664291030262], [-0.000558303203434, 0.00296399369836, -0.00156086531933, 0.00229990668595, -0.00213371054269, 0.00279957079329, -0.00220498908311, 0.00218483991921, -0.00236368691549, 0.00382483866997, -0.00353701948188, 0.00430205278099, -0.00268695992418], [0.000552717479877, -0.00156086531933, 0.00388964824378, -0.00142539152876, 0.000366634747479, -0.00215822295286, 0.00195446540602, -0.00224685575813, 0.00128470279742, -0.00183172593825, 0.00403740257025, -0.0039770975709, 0.00291201169603], [-0.000638186174911, 0.00229990668595, -0.00142539152876, 0.0047209430486, -0.00313108111732, 0.000990484259091, -0.0021413799841, 0.00113320187666, -0.0032425369136, 0.00383060891181, -0.00337647087872, 0.00325874658301, -0.00328121613711], [0.000313250056934, -0.00213371054269, 0.000366634747479, -0.00313108111732, 0.00735287228599, -0.000471757462947, -0.00150776270311, -0.000227216762141, 0.000828305608593, -0.00463335821405, 0.00199834350497, -0.0025121900253, 0.00141744466964], [-0.000759883027058, 0.00279957079329, -0.00215822295286, 0.000990484259091, -0.000471757462947, 0.0094523364678, -0.00267061777413, -0.0011769849807, -0.000204417854548, 0.00301712821238, -0.00411717500538, 0.00347590725869, -0.00122938922141], [0.000657110242173, -0.00220498908311, 0.00195446540602, -0.0021413799841, -0.00150776270311, -0.00267061777413, 0.00915466062725, -0.00406450405717, 0.00098261423409, -0.000227910059039, 0.00136333482806, -0.00479593779892, 0.00351020204835], [-0.000721980992239, 0.00218483991921, -0.00224685575813, 0.00113320187666, -0.000227216762141, -0.0011769849807, -0.00406450405717, 0.0150239188224, -0.00546568725258, -9.48202650761e-05, -0.000269444310106, 0.000845889153425, -0.00242835702375], [0.000777858833317, -0.00236368691549, 0.00128470279742, -0.0032425369136, 0.000828305608593, -0.000204417854548, 0.00098261423409, -0.00546568725258, 0.0152503335848, -0.00707031739876, 0.00110849703196, 0.000554174301215, 0.00123194407206], [-0.000949963345192, 0.00382483866997, -0.00183172593825, 0.00383060891181, -0.00463335821405, 0.00301712821238, -0.000227910059039, -9.48202650761e-05, -0.00707031739876, 0.020876314491, -0.00524103129283, 0.00107961485628, -0.000150210529682], [0.000902571424376, -0.00353701948188, 0.00403740257025, -0.00337647087872, 0.00199834350497, -0.00411717500538, 0.00136333482806, -0.000269444310106, 0.00110849703196, -0.00524103129283, 0.0173585601151, -0.00678633293137, 0.00231467443518], [-0.000785473908763, 0.00430205278099, -0.0039770975709, 0.00325874658301, -0.0025121900253, 0.00347590725869, -0.00479593779892, 0.000845889153425, 0.000554174301215, 0.00107961485628, -0.00678633293137, 0.0213436875492, -0.00763924280182], [0.000664291030262, -0.00268695992418, 0.00291201169603, -0.00328121613711, 0.00141744466964, -0.00122938922141, 0.00351020204835, -0.00242835702375, 0.00123194407206, -0.000150210529682, 0.00231467443518, -0.00763924280182, 0.0189030766487]]
    },
    "melbands": {
        "dmean": [0.001638672431, 0.00269973184913, 0.000895874691196, 0.000360520993127, 0.000223153139814, 0.000102271325886, 0.000121918557852, 0.000112613073725, 0.000141857526614, 9.25264321268e-05, 4.74753469462e-05, 5.91204116063e-05, 5.31684963789e-05, 5.85232664889e-05, 5.04235904373e-05, 6.33987801848e-05, 5.32473859494e-05, 4.46178382845e-05, 4.58094509668e-05, 4.47954480478e-05, 2.64083628281e-05, 1.85899862117e-05, 1.11748122436e-05, 9.22207891563e-06, 9.27812470763e-06, 7.36102219889e-06, 5.95203118792e-06, 5.19347941008e-06, 3.38772974828e-06, 2.85230225927e-06, 2.72283682534e-06, 2.82917108052e-06, 2.99111161439e-06, 2.28607132158e-06, 1.72786371877e-06, 1.72874626969e-06, 1.62539811299e-06, 1.2280190731e-06, 8.57062047999e-07, 5.67671861518e-07],
        "dmean2": [0.00278905639425, 0.00465403543785, 0.00150853348896, 0.000588393013459, 0.000357302400516, 0.000162776035722, 0.000191395229194, 0.000173742286279, 0.000216096654185, 0.00014506734442, 7.33186025172e-05, 9.10552844289e-05, 8.5404200945e-05, 9.32650291361e-05, 8.24119051686e-05, 0.000102815225546, 8.67151393322e-05, 7.31416730559e-05, 7.6256786997e-05, 7.36331567168e-05, 4.42495584139e-05, 3.13223827106e-05, 1.88861831703e-05, 1.56302958203e-05, 1.55202251335e-05, 1.23306735986e-05, 9.83284371614e-06, 8.64211961016e-06, 5.67506731386e-06, 4.74688340546e-06, 4.42258351541e-06, 4.39325776824e-06, 4.61064064439e-06, 3.54710186912e-06, 2.57657916336e-06, 2.61239165411e-06, 2.41813745561e-06, 1.7703098365e-06, 1.21501454942e-06, 8.03032605745e-07],
        "dvar": [1.41586078826e-05, 3.07478294417e-05, 2.86195881927e-06, 4.53763561836e-07, 1.40881724064e-07, 3.4948545391e-08, 8.47392058745e-08, 7.3850188187e-08, 1.075552305e-07, 6.68688358019e-08, 8.68748450955e-09, 1.93487821321e-08, 3.10266230485e-08, 2.13916493408e-08, 1.13818634517e-08, 1.83686896804e-08, 1.59127448995e-08, 8.14102385505e-09, 6.05542105347e-09, 8.39564062716e-09, 2.41638065113e-09, 7.37609529011e-10, 2.83509660193e-10, 1.78662890038e-10, 1.68174127402e-10, 1.08232429963e-10, 8.26226101425e-11, 7.00758548411e-11, 2.8733163418e-11, 2.20985937882e-11, 2.26845816437e-11, 2.82262286461e-11, 3.47823332636e-11, 1.61996405873e-11, 1.39816908051e-11, 1.91053683291e-11, 2.06672699787e-11, 1.50589280629e-11, 6.20416175032e-12, 2.68994982539e-12],
        "dvar2": [3.83001024602e-05, 8.70403964655e-05, 7.87880344433e-06, 1.14402553208e-06, 3.46801812157e-07, 8.43145073759e-08, 1.8862823481e-07, 1.64304651662e-07, 2.35752693811e-07, 1.53305123263e-07, 1.96659932783e-08, 4.27160316008e-08, 7.97823176413e-08, 5.39609494865e-08, 2.88182704367e-08, 4.56458444376e-08, 4.08354665637e-08, 2.02573797736e-08, 1.5940917919e-08, 2.1290352592e-08, 6.41068309548e-09, 2.01475147676e-09, 7.81005038419e-10, 4.92099527793e-10, 4.60156523996e-10, 2.97503854885e-10, 2.1725696242e-10, 1.90882795681e-10, 7.63442850604e-11, 5.78954141572e-11, 5.68279936997e-11, 6.43229774999e-11, 7.8444042928e-11, 3.67793295819e-11, 2.96286571666e-11, 4.39097300187e-11, 4.13048414916e-11, 2.87013034866e-11, 1.21725103955e-11, 5.34822706955e-12],
        "max": [0.0361169353127, 0.0497859790921, 0.039406105876, 0.0128269437701, 0.00870237126946, 0.00574036547914, 0.00944951083511, 0.00734877074137, 0.00728575279936, 0.00832515303046, 0.00225006346591, 0.00447997450829, 0.0056002647616, 0.00328286713921, 0.00230728578754, 0.0055958237499, 0.00440555578098, 0.00209674471989, 0.00165545695927, 0.00236791511998, 0.00152788253035, 0.000435845548054, 0.000416803843109, 0.000198352834559, 0.000259945576545, 0.000165678939084, 0.000280676031252, 0.000232954771491, 8.50636715768e-05, 0.000130890257424, 0.000111220790131, 0.000158819981152, 0.000198411027668, 6.61476515234e-05, 9.73806163529e-05, 0.000121390876302, 0.000149629762745, 0.000185213444638, 9.6312185633e-05, 4.89299964102e-05],
        "mean": [0.00241369358264, 0.00444377819076, 0.00153365405276, 0.00062215863727, 0.0004388767411, 0.000201132526854, 0.000240004170337, 0.000228119941312, 0.00031176302582, 0.000168569662492, 9.2302543635e-05, 0.00010823217599, 8.60307263792e-05, 0.000101569741673, 8.98891521501e-05, 0.000115395443572, 9.22665494727e-05, 8.31856377772e-05, 9.25882486627e-05, 9.29712768993e-05, 5.45757175132e-05, 3.91033718188e-05, 2.28937024076e-05, 1.97384633793e-05, 2.11199039768e-05, 1.66748395714e-05, 1.41416821862e-05, 1.2015876564e-05, 7.54340908315e-06, 6.29407122688e-06, 5.93817867411e-06, 6.05150989941e-06, 6.38119672658e-06, 4.82961149828e-06, 3.6232788716e-06, 3.50178765984e-06, 3.2364935123e-06, 2.49792810791e-06, 1.72853083313e-06, 1.15914224352e-06],
        "median": [0.00158594653476, 0.00329232309014, 0.00104149465915, 0.000320076942444, 0.000243269561906, 0.000112184687168, 8.68521747179e-05, 8.12082580524e-05, 8.88750437298e-05, 6.8557827035e-05, 3.95669994759e-05, 4.00010976591e-05, 2.70044674835e-05, 4.19556308771e-05, 4.84906486236e-05, 5.99070481258e-05, 4.52402455267e-05, 4.6656896302e-05, 6.51945883874e-05, 5.09862584295e-05, 3.79983284802e-05, 3.16542063956e-05, 1.8638351321e-05, 1.66615864146e-05, 1.81248924491e-05, 1.4286939404e-05, 1.11086319521e-05, 9.50544927036e-06, 5.92927790422e-06, 4.63503329229e-06, 4.1521766434e-06, 3.49731931237e-06, 3.46879187418e-06, 2.7159039746e-06, 1.83710903912e-06, 1.51516269398e-06, 1.33179673867e-06, 9.90060016193e-07, 6.93932861395e-07, 4.61473518953e-07],
        "min": [5.93012814308e-24, 1.06395058682e-23, 9.27065154853e-24, 4.15344180727e-24, 1.08416664636e-23, 7.92209856422e-24, 1.00854289011e-23, 7.24761539051e-24, 2.50801553632e-23, 1.42358075614e-23, 1.23917954973e-23, 5.87772687415e-24, 5.68420312246e-24, 6.28957064239e-24, 1.1670293847e-23, 1.83942846679e-23, 1.46594353339e-23, 2.17534232185e-23, 2.40614692996e-23, 1.43253795618e-23, 1.19153250882e-23, 1.52934160221e-23, 1.17093629722e-23, 6.1152552593e-24, 9.09682604806e-24, 7.38038304744e-24, 9.76461810358e-24, 1.03946529096e-23, 1.00229029969e-23, 1.30182173203e-23, 1.45914733892e-23, 9.00842945047e-24, 8.32547943266e-24, 1.11661288982e-23, 1.02849760002e-23, 1.10899328233e-23, 8.02463786012e-24, 7.97910244209e-24, 1.04365737669e-23, 9.78785952357e-24],
        "var": [1.27072880787e-05, 2.97115948342e-05, 3.53161362909e-06, 7.68087318193e-07, 3.72824757733e-07, 9.49470830847e-08, 2.29073776836e-07, 2.11665494021e-07, 4.35279247313e-07, 1.79888942853e-07, 2.29507310934e-08, 4.58019364658e-08, 6.28911678291e-08, 4.31037925352e-08, 2.13672493032e-08, 3.70561892282e-08, 2.80499765637e-08, 1.93916207536e-08, 1.30426753842e-08, 2.41689761538e-08, 6.13383743797e-09, 1.5397735309e-09, 5.37859090599e-10, 3.63063024089e-10, 4.01834177044e-10, 2.53326470911e-10, 2.45076153815e-10, 1.70840216973e-10, 6.4796223942e-11, 4.81836411048e-11, 5.2046235377e-11, 7.51390338838e-11, 8.97670340838e-11, 4.28132980457e-11, 3.41546339822e-11, 3.98153975067e-11, 4.81114349749e-11, 3.5110688662e-11, 1.5195560088e-11, 6.46439976201e-12]
    },
    "mfcc": {
        "mean": [-640.956359863, 110.381095886, -3.48007488251, 21.107257843, 13.3250312805, 12.855348587, -1.72809946537, 1.01240205765, 0.138094648719, 6.6069021225, 0.890550673008, -1.4526129961, -1.31172215939],
        "cov": [[22809.2929688, -927.337158203, -984.218383789, 1162.27575684, 683.215881348, 1049.28503418, 577.399719238, 1046.30200195, 620.154663086, 533.393981934, 219.546615601, 508.291412354, 381.056762695], [-927.337158203, 1349.48181152, -181.498931885, -48.5589027405, -51.8100776672, -112.756889343, -66.0815505981, -174.782913208, -110.288864136, -33.3414802551, -3.95239782333, -86.0385131836, -50.3781738281], [-984.218383789, -181.498931885, 490.248077393, -99.4833984375, 5.38919639587, -23.868183136, -25.4801139832, 4.70547914505, 17.2835979462, -8.49267482758, -0.675496399403, -22.4390869141, -22.1185512543], [1162.27575684, -48.5589027405, -99.4833984375, 595.110778809, 186.335464478, 157.951919556, 139.21585083, 166.237442017, 131.69430542, 90.8881225586, 42.7001876831, 100.624107361, 61.8925094604], [683.215881348, -51.8100776672, 5.38919639587, 186.335464478, 194.931152344, 88.2827224731, 46.0498199463, 59.7460250854, 59.6922492981, 57.2021827698, 21.6805038452, 38.3960990906, 33.3266716003], [1049.28503418, -112.756889343, -23.868183136, 157.951919556, 88.2827224731, 178.046508789, 95.7133789062, 107.709121704, 60.2721862793, 48.6156463623, 38.1165771484, 49.8270187378, 28.4661808014], [577.399719238, -66.0815505981, -25.4801139832, 139.21585083, 46.0498199463, 95.7133789062, 167.462265015, 117.686698914, 49.4330940247, 25.2889690399, 30.6448898315, 41.917339325, 22.6345767975], [1046.30200195, -174.782913208, 4.70547914505, 166.237442017, 59.7460250854, 107.709121704, 117.686698914, 205.10496521, 90.5322952271, 50.2244873047, 36.5197143555, 60.6131134033, 41.2188720703], [620.154663086, -110.288864136, 17.2835979462, 131.69430542, 59.6922492981, 60.2721862793, 49.4330940247, 90.5322952271, 132.1355896, 56.1552391052, 19.0583572388, 33.5915794373, 23.0239276886], [533.393981934, -33.3414802551, -8.49267482758, 90.8881225586, 57.2021827698, 48.6156463623, 25.2889690399, 50.2244873047, 56.1552391052, 103.046859741, 44.1631774902, 28.3229904175, 21.4725589752], [219.546615601, -3.95239782333, -0.675496399403, 42.7001876831, 21.6805038452, 38.1165771484, 30.6448898315, 36.5197143555, 19.0583572388, 44.1631774902, 85.9653930664, 30.2663936615, 12.4166297913], [508.291412354, -86.0385131836, -22.4390869141, 100.624107361, 38.3960990906, 49.8270187378, 41.917339325, 60.6131134033, 33.5915794373, 28.3229904175, 30.2663936615, 85.7297821045, 40.2215576172], [381.056762695, -50.3781738281, -22.1185512543, 61.8925094604, 33.3266716003, 28.4661808014, 22.6345767975, 41.2188720703, 23.0239276886, 21.4725589752, 12.4166297913, 40.2215576172, 72.2331466675]],
