{
"lowlevel": {
    "average_loudness": 0.728727161884,
    "barkbands_crest": {
        "dmean": 2.08225035667,
        "dmean2": 3.3443505764,
        "dvar": 5.08249568939,
        "dvar2": 12.9974784851,
        "max": 25.0148639679,
        "mean": 9.60070228577,
        "median": 8.92153358459,
        "min": 2.75669455528,
        "var": 13.3114595413
    },
    "barkbands_flatness_db": {
        "dmean": 0.019097359851,
        "dmean2": 0.0296088252217,
        "dvar": 0.000392976566218,
        "dvar2": 0.000909850583412,
        "max": 0.439010262489,
        "mean": 0.169455736876,
        "median": 0.154398351908,
        "min": 0.0285205300897,
        "var": 0.00555701833218
    },
    "barkbands_kurtosis": {
        "dmean": 2.20250844955,
        "dmean2": 3.60043549538,
        "dvar": 24.9219150543,
        "dvar2": 68.0876312256,
        "max": 119.244117737,
        "mean": 3.09730863571,
        "median": 0.843698859215,
        "min": -1.78966295719,
        "var": 52.1776390076
    },
    "barkbands_skewness": {
        "dmean": 0.460153132677,
        "dmean2": 0.716063976288,
        "dvar": 0.334302991629,
        "dvar2": 0.806564331055,
        "max": 9.61389064789,
        "mean": 1.34403276443,
        "median": 1.16569232941,
        "min": -2.17364001274,
        "var": 1.4404207468
    },
    "barkbands_spread": {
        "dmean": 4.2969751358,
        "dmean2": 6.69923448563,
        "dvar": 30.9300899506,
        "dvar2": 68.9417190552,
        "max": 85.2641830444,
        "mean": 21.8949680328,
        "median": 19.756313324,
        "min": 0.930660486221,
        "var": 168.682479858
    },
    "dissonance": {
        "dmean": 0.0182417370379,
        "dmean2": 0.0307996142656,
        "dvar": 0.000482394534629,
        "dvar2": 0.00133866921533,
        "max": 0.500000059605,
        "mean": 0.458603531122,
        "median": 0.471939831972,
        "min": 0.169238552451,
        "var": 0.00147913955152
    },
    "dynamic_complexity": 4.84426546097,
    "erbbands_crest": {
        "dmean": 2.2423517704,
        "dmean2": 3.64943814278,
        "dvar": 6.1164689064,
        "dvar2": 15.3992567062,
        "max": 29.7658882141,
        "mean": 9.15119934082,
        "median": 8.11106872559,
        "min": 2.73632454872,
        "var": 20.5825614929
    },
    "erbbands_flatness_db": {
        "dmean": 0.0135191529989,
        "dmean2": 0.0200268980116,
        "dvar": 0.000222255301196,
        "dvar2": 0.000419033312937,
        "max": 0.473928540945,
        "mean": 0.185557246208,
        "median": 0.15953451395,
        "min": 0.0614327341318,
        "var": 0.00664919055998
    },
    "erbbands_kurtosis": {
        "dmean": 0.757925748825,
        "dmean2": 1.20038354397,
        "dvar": 1.33797752857,
        "dvar2": 2.96982693672,
        "max": 29.2784690857,
        "mean": 0.516633808613,
        "median": -0.0969452857971,
        "min": -1.70603525639,
        "var": 4.26506996155
    },
    "erbbands_skewness": {
        "dmean": 0.280826896429,
        "dmean2": 0.431939303875,
        "dvar": 0.0821097567677,
        "dvar2": 0.176795840263,
        "max": 4.61730194092,
        "mean": -0.106697186828,
        "median": -0.168893843889,
        "min": -2.98672795296,
        "var": 0.554886639118
    },
    "erbbands_spread": {
        "dmean": 6.24700498581,
        "dmean2": 9.72874736786,
        "dvar": 54.2784004211,
        "dvar2": 121.374092102,
        "max": 127.332374573,
        "mean": 34.4646186829,
        "median": 30.7299118042,
        "min": 3.36731052399,
        "var": 327.210205078
    },
    "hfc": {
        "dmean": 4.37984228134,
        "dmean2": 6.83566379547,
        "dvar": 55.1747016907,
        "dvar2": 137.242218018,
        "max": 112.379631042,
        "mean": 20.0989875793,
        "median": 14.5313682556,
        "min": 1.15060439394e-16,
        "var": 373.478881836
    },
    "melbands_crest": {
        "dmean": 2.59002494812,
        "dmean2": 4.16985654831,
        "dvar": 6.67081737518,
        "dvar2": 16.3573036194,
        "max": 30.7661933899,
        "mean": 15.0206212997,
        "median": 14.1398334503,
        "min": 1.66859948635,
        "var": 32.9167366028
    },
    "melbands_flatness_db": {
        "dmean": 0.0217874888331,
        "dmean2": 0.0332889147103,
        "dvar": 0.000606557528954,
        "dvar2": 0.00133022747468,
        "max": 0.572120785713,
        "mean": 0.226958885789,
        "median": 0.214820772409,
        "min": 0.00391126936302,
        "var": 0.00707003707066
    },
    "melbands_kurtosis": {
        "dmean": 6.51300144196,
        "dmean2": 10.6288099289,
        "dvar": 230.648193359,
        "dvar2": 617.079772949,
        "max": 267.954772949,
        "mean": 11.9342632294,
        "median": 5.2741394043,
        "min": -1.80464887619,
        "var": 399.024505615
    },
    "melbands_skewness": {
        "dmean": 0.666787981987,
        "dmean2": 1.04594528675,
        "dvar": 0.818843483925,
        "dvar2": 1.98988616467,
        "max": 13.3463096619,
        "mean": 2.52415347099,
        "median": 2.13526034355,
        "min": -1.70380294323,
        "var": 3.33050322533
    },
    "melbands_spread": {
        "dmean": 5.68640804291,
        "dmean2": 8.79598236084,
        "dvar": 56.609046936,
        "dvar2": 125.685836792,
        "max": 202.735656738,
        "mean": 23.2756080627,
        "median": 20.0414085388,
        "min": 0.786400139332,
        "var": 237.462875366
    },
    "pitch_salience": {
        "dmean": 0.0613597519696,
        "dmean2": 0.0993813201785,
        "dvar": 0.00369085255079,
        "dvar2": 0.00951461214572,
        "max": 0.937381565571,
        "mean": 0.525533020496,
        "median": 0.531130850315,
        "min": 0.121927320957,
        "var": 0.0134802768007
    },
    "silence_rate_20dB": {
        "dmean": 0,
        "dmean2": 0,
        "dvar": 0,
        "dvar2": 0,
        "max": 1,
        "mean": 1,
        "median": 1,
        "min": 1,
        "var": 0
    },
    "silence_rate_30dB": {
        "dmean": 0.0325452871621,
        "dmean2": 0.0650972351432,
        "dvar": 0.0314863584936,
        "dvar2": 0.0848029404879,
        "max": 1,
        "mean": 0.979328691959,
        "median": 1,
        "min": 0,
        "var": 0.0202439986169
    },
    "silence_rate_60dB": {
        "dmean": 0.0270187295973,
        "dmean2": 0.0540429875255,
        "dvar": 0.0262908134609,
        "dvar2": 0.0607507415116,
        "max": 1,
        "mean": 0.141117483377,
        "median": 0,
        "min": 0,
        "var": 0.12119282037
    },
    "spectral_centroid": {
        "dmean": 182.703491211,
        "dmean2": 285.310760498,
        "dvar": 56817.0195312,
        "dvar2": 117122.09375,
        "max": 11530.6396484,
        "mean": 1343.23291016,
        "median": 1314.77758789,
        "min": 196.79473877,
        "var": 498865.71875
    },
    "spectral_complexity": {
        "dmean": 2.81854462624,
        "dmean2": 4.61166858673,
        "dvar": 10.3642921448,
        "dvar2": 25.4933815002,
        "max": 58,
        "mean": 21.3224525452,
        "median": 16,
        "min": 0,
        "var": 197.057983398
    },
    "spectral_decrease": {
        "dmean": 2.52602694317e-09,
        "dmean2": 4.17644541173e-09,
        "dvar": 3.32523860007e-17,
        "dvar2": 8.99555078033e-17,
        "max": 2.27397076317e-28,
        "mean": -7.0579035949e-09,
        "median": -4.96099961111e-09,
        "min": -7.08512573055e-08,
        "var": 5.61671451617e-17
    },
    "spectral_energy": {
        "dmean": 0.00979853048921,
        "dmean2": 0.0161898527294,
        "dvar": 0.000485427997774,
        "dvar2": 0.0013131685555,
        "max": 0.2744820714,
        "mean": 0.0284611396492,
        "median": 0.0201867185533,
        "min": 1.05584249521e-20,
        "var": 0.000870802323334
    },
    "spectral_energyband_high": {
        "dmean": 0.000204119845876,
        "dmean2": 0.000303127540974,
        "dvar": 1.64856786e-07,
        "dvar2": 3.59568019803e-07,
        "max": 0.00825731921941,
        "mean": 0.000750764156692,
        "median": 0.000319303595461,
        "min": 7.65751950755e-21,
        "var": 1.02735043583e-06
    },
    "spectral_energyband_low": {
        "dmean": 0.00807246938348,
        "dmean2": 0.0134350918233,
        "dvar": 0.000471650651889,
        "dvar2": 0.00128085759934,
        "max": 0.244284883142,
        "mean": 0.0146051794291,
        "median": 0.00582128204405,
        "min": 1.73710263664e-23,
        "var": 0.000561799155548
    },
    "spectral_energyband_middle_high": {
        "dmean": 0.00196734559722,
        "dmean2": 0.00310440198518,
        "dvar": 1.29283716888e-05,
        "dvar2": 3.3766584238e-05,
        "max": 0.0587060265243,
        "mean": 0.00634732749313,
        "median": 0.0040045697242,
        "min": 1.23252375041e-21,
        "var": 5.37783744221e-05
    },
    "spectral_energyband_middle_low": {
        "dmean": 0.00276725762524,
        "dmean2": 0.00448370166123,
        "dvar": 2.68309104285e-05,
        "dvar2": 6.85618797434e-05,
        "max": 0.084472425282,
        "mean": 0.00807282608002,
        "median": 0.00613619852811,
        "min": 1.99610031309e-22,
        "var": 6.10371716903e-05
    },
    "spectral_entropy": {
        "dmean": 0.120704725385,
        "dmean2": 0.180600851774,
        "dvar": 0.0228134039789,
        "dvar2": 0.0436808764935,
        "max": 9.81430149078,
        "mean": 7.33694171906,
        "median": 7.62221717834,
        "min": 5.15524768829,
        "var": 0.48746907711
    },
    "spectral_flux": {
        "dmean": 0.022111358121,
        "dmean2": 0.0346318818629,
        "dvar": 0.00128287461121,
        "dvar2": 0.00258413655683,
        "max": 0.462478071451,
        "mean": 0.071067251265,
        "median": 0.0556141771376,
        "min": 6.61773413846e-11,
        "var": 0.00386192696169
    },
    "spectral_kurtosis": {
        "dmean": 3.9994738102,
        "dmean2": 6.92332553864,
        "dvar": 80.9374771118,
        "dvar2": 247.377944946,
        "max": 129.164367676,
        "mean": 9.71472358704,
        "median": 4.37628078461,
        "min": -1.24361860752,
        "var": 225.592514038
    },
    "spectral_rms": {
        "dmean": 0.000698686519172,
        "dmean2": 0.00111117970664,
        "dvar": 1.42539522585e-06,
        "dvar2": 3.67871916751e-06,
        "max": 0.0163642112166,
        "mean": 0.00457799760625,
        "median": 0.00443783309311,
        "min": 3.20950189169e-12,
        "var": 6.8088838816e-06
    },
    "spectral_rolloff": {
        "dmean": 369.25390625,
        "dmean2": 615.71862793,
        "dvar": 439034.4375,
        "dvar2": 957184.5,
        "max": 19099.9511719,
        "mean": 1384.37109375,
        "median": 1227.39257812,
        "min": 86.1328125,
        "var": 1476419.125
    },
    "spectral_skewness": {
        "dmean": 0.34373369813,
        "dmean2": 0.5792979002,
        "dvar": 0.340266615152,
        "dvar2": 1.03932011127,
        "max": 8.87626457214,
        "mean": 1.92041778564,
        "median": 1.54217767715,
        "min": -0.0522133819759,
        "var": 1.12702453136
    },
    "spectral_spread": {
        "dmean": 384128.84375,
        "dmean2": 551398.5,
        "dvar": 412822274048,
        "dvar2": 679715340288,
        "max": 42349292,
        "mean": 3863676.5,
        "median": 3871581,
        "min": 578652.625,
        "var": 4.08238214349e+12
    },
    "spectral_strongpeak": {
        "dmean": 0.440468221903,
        "dmean2": 0.766887426376,
        "dvar": 0.989088535309,
        "dvar2": 2.48614215851,
        "max": 11.6813430786,
        "mean": 0.866920471191,
        "median": 0.449175536633,
        "min": 2.07981587508e-09,
        "var": 1.50643265247
    },
    "zerocrossingrate": {
        "dmean": 0.00768297119066,
        "dmean2": 0.00924575794488,
        "dvar": 0.000115991140774,
        "dvar2": 0.000160660842084,
        "max": 0.5322265625,
        "mean": 0.054807972163,
        "median": 0.0498046875,
        "min": 0.00439453125,
        "var": 0.0010825805366
    },
    "barkbands": {
        "dmean": [8.1772574049e-05, 0.00519526563585, 0.00346211902797, 0.00110404670704, 0.00114100740757, 0.00049725570716, 0.000489660014864, 0.00043426870252, 0.000499720103107, 0.000408797641285, 0.0005010595778, 0.00054291728884, 0.000369411543943, 0.000332984316628, 0.000460644369014, 0.000347118271748, 0.000189614947885, 0.000139195486554, 0.000172433370608, 0.000123690115288, 6.71721500112e-05, 7.01438111719e-05, 3.65228588635e-05, 4.66801648145e-05, 2.50562552537e-05, 1.29865338749e-05, 6.34413765965e-07],
        "dmean2": [0.000120547876577, 0.00877317786217, 0.00604772660881, 0.00187141844071, 0.00188411097042, 0.000768466270529, 0.000791452184785, 0.00070695875911, 0.000770783226471, 0.00066274870187, 0.000790672842413, 0.000892781943548, 0.000605706998613, 0.000534544000402, 0.000736686051823, 0.00056508788839, 0.000315909099299, 0.000236403662711, 0.000285952410195, 0.000205937714782, 0.00011271420226, 0.000108975094918, 5.6978307839e-05, 6.84654369252e-05, 3.61876591342e-05, 1.77239271579e-05, 1.00965553429e-06],
        "dvar": [8.51539283531e-08, 0.000254629616393, 7.53724452807e-05, 5.15666806677e-06, 6.31041939414e-06, 7.70964163621e-07, 2.2748495212e-06, 2.35574862018e-06, 2.13188786802e-06, 2.51565734288e-06, 3.40502697327e-06, 3.15110332849e-06, 9.75937723524e-07, 7.47354476971e-07, 2.07370749195e-06, 8.28852591894e-07, 1.05646314807e-07, 6.03936527455e-08, 1.42887046195e-07, 7.10739342935e-08, 1.88566300352e-08, 1.99096898967e-08, 6.70176314443e-09, 1.3821238376e-08, 2.87721380055e-09, 9.34938126917e-10, 3.4116307869e-12],
        "dvar2": [1.89355162661e-07, 0.000696881150361, 0.000221838607104, 1.40739366543e-05, 1.67046073329e-05, 1.80754216217e-06, 6.01140664003e-06, 5.36271954843e-06, 4.53644179288e-06, 6.16852776147e-06, 8.71509018907e-06, 8.96111305337e-06, 2.56101066043e-06, 1.78459436029e-06, 5.04729041495e-06, 1.91039725905e-06, 2.7803565672e-07, 1.66577976302e-07, 3.74088358512e-07, 1.91067812239e-07, 5.13986151418e-08, 4.54715838316e-08, 1.62115423308e-08, 2.76076548289e-08, 6.04478689326e-09, 1.69739866607e-09, 8.25565657503e-12],
        "max": [0.010363439098, 0.169922530651, 0.116506002843, 0.0514688789845, 0.0562628731132, 0.0175073780119, 0.0312681980431, 0.043847925961, 0.0289881695062, 0.0498820208013, 0.0403930544853, 0.0312447175384, 0.0226164516062, 0.0215148515999, 0.0290605537593, 0.0211704652756, 0.00680251792073, 0.0038880398497, 0.00934581272304, 0.00810376834124, 0.00263625243679, 0.00324102048762, 0.00197932729498, 0.00410184031352, 0.00119637092575, 0.000575323414523, 3.42426938005e-05],
        "mean": [9.0609639301e-05, 0.00770404050127, 0.00557567505166, 0.00194753508549, 0.00224231299944, 0.00112056639045, 0.000871999189258, 0.000734261469916, 0.00101420644205, 0.000684591359459, 0.000816539861262, 0.000903200998437, 0.000612806528807, 0.00055517826695, 0.000807655625977, 0.000700760923792, 0.000422249460826, 0.000317082478432, 0.000404895981774, 0.000297364400467, 0.000172845699126, 0.000164044249686, 9.16822027648e-05, 0.000115776267194, 6.47694760119e-05, 2.77979797829e-05, 6.8389124408e-07],
        "median": [3.38284871759e-06, 0.00163597380742, 0.00162771833129, 0.000740747549571, 0.00144118804019, 0.000705490121618, 0.000362475635484, 0.000213835111936, 0.00025406604982, 0.000174518470885, 0.000125187958474, 0.000258930027485, 0.000204628842766, 0.000212920203921, 0.000236171617871, 0.000273734796792, 0.000147491737152, 9.65662329691e-05, 8.63041786943e-05, 7.37667432986e-05, 5.80538398935e-05, 5.33439306309e-05, 2.69475858659e-05, 2.70507007372e-05, 1.34007550514e-05, 4.77272578792e-06, 2.08011874392e-09],
        "min": [3.10146088306e-24, 9.46523986802e-24, 5.06487513108e-24, 2.95946513126e-24, 1.75776889909e-23, 8.12674564911e-24, 9.04965137707e-24, 1.6933016082e-23, 9.35475753166e-24, 1.71547506829e-23, 3.4228621035e-23, 3.01083090192e-23, 6.19300996551e-23, 4.16126494087e-23, 2.82358940181e-23, 8.0189149898e-23, 1.28239323967e-22, 1.25609577254e-22, 1.84140948585e-22, 2.30954643138e-22, 2.49749121677e-22, 3.4965627273e-22, 4.81463696613e-22, 6.60383307395e-22, 1.031814514e-21, 1.45495758505e-21, 2.34390108399e-21],
        "var": [9.96177575985e-08, 0.000248633674346, 8.34223028505e-05, 8.99516999198e-06, 8.73621138453e-06, 2.0517777557e-06, 3.21725633512e-06, 4.57364694739e-06, 6.34510661257e-06, 5.12483984494e-06, 7.49872060624e-06, 6.15358158029e-06, 1.72076750005e-06, 1.39803023558e-06, 3.89113165511e-06, 2.02946830541e-06, 3.32787237767e-07, 1.74281453269e-07, 3.98466738716e-07, 2.25449014124e-07, 5.76253391671e-08, 7.36915026778e-08, 2.30529373368e-08, 5.02524990509e-08, 1.09899609413e-08, 2.57538812498e-09, 4.36902770906e-12]
    },
    "erbbands": {
        "dmean": [0.107297003269, 1.35511398315, 3.94912433624, 3.7320587635, 3.88035416603, 3.58836507797, 3.79675507545, 4.10541820526, 6.46005487442, 7.49912118912, 10.0846672058, 12.268986702, 9.56631565094, 15.7021207809, 22.6913337708, 20.0446014404, 15.2477273941, 16.0862197876, 18.8664283752, 23.1118869781, 17.1524944305, 9.29156303406, 6.75339651108, 8.1924829483, 8.41512870789, 5.86480617523, 2.92897558212, 2.65690684319, 2.72527956963, 1.66013860703, 0.973843991756, 1.05502009392, 0.754858970642, 0.29334717989, 0.202407434583, 0.0730533450842, 0.0226545333862, 0.00326442765072, 6.55480325804e-05, 1.18204216051e-05],
        "dmean2": [0.174304425716, 2.32705688477, 6.87645292282, 6.41289758682, 6.49190855026, 5.93515062332, 5.96758651733, 6.35054969788, 10.419629097, 12.2864608765, 15.8663768768, 18.5643672943, 15.2261209488, 25.2936687469, 36.3912582397, 32.6837806702, 24.9075813293, 25.9164218903, 30.4483108521, 37.5335502625, 28.1039180756, 15.4425506592, 11.3763809204, 13.7744064331, 13.9123468399, 9.82098960876, 4.9660820961, 4.3849864006, 4.2769947052, 2.61674237251, 1.50615239143, 1.57832229137, 1.12022185326, 0.430396676064, 0.299789994955, 0.103680275381, 0.0315222293139, 0.00452849501744, 9.04933913262e-05, 1.89237234736e-05],
        "dvar": [0.13696603477, 16.8381481171, 102.733398438, 72.0096740723, 80.1715545654, 58.8180389404, 48.2408866882, 67.7045516968, 334.003753662, 703.259887695, 1160.63549805, 1564.86413574, 1480.87023926, 2351.61547852, 6265.21826172, 3281.04516602, 1894.53039551, 1689.93212891, 3378.47583008, 6817.81542969, 1510.97265625, 248.649185181, 145.859512329, 242.824447632, 426.170135498, 152.344161987, 33.7822418213, 30.7307472229, 32.3949775696, 12.2479314804, 5.08239173889, 6.40571880341, 4.31785154343, 0.37550920248, 0.234661370516, 0.0303416568786, 0.00269805756398, 6.50544243399e-05, 2.55830272522e-08, 6.06513339552e-10],
        "dvar2": [0.336934089661, 47.6867980957, 300.042755127, 200.998062134, 218.77684021, 152.387832642, 111.409210205, 157.772903442, 876.414733887, 1882.79370117, 2540.52001953, 3217.65307617, 3620.03149414, 5389.64648438, 17184.3457031, 9167.83984375, 5129.1015625, 4289.13720703, 8643.125, 18051.8867188, 3830.03881836, 688.242797852, 406.38671875, 658.381347656, 1109.33874512, 411.109283447, 94.8693161011, 82.2298736572, 73.8861846924, 29.8273544312, 12.1111221313, 13.8248548508, 8.70358371735, 0.770701050758, 0.518361151218, 0.0597550421953, 0.00514556700364, 0.000119148950034, 4.67019418693e-08, 1.59502788755e-09],
        "max": [3.47799301147, 43.8752746582, 121.144042969, 166.354721069, 214.009857178, 157.152297974, 165.63710022, 167.150848389, 456.421295166, 466.105102539, 913.969848633, 900.091918945, 1522.73010254, 1811.27563477, 1382.86535645, 1000.45495605, 1175.44592285, 980.283630371, 1701.0736084, 1688.8782959, 908.491027832, 270.937042236, 259.474029541, 330.733123779, 503.799163818, 402.372039795, 113.473472595, 91.6969833374, 144.496444702, 81.3768463135, 57.5750236511, 68.0598526001, 71.5148696899, 16.5009918213, 13.2067604065, 3.35033893585, 1.04619300365, 0.180820032954, 0.00363125302829, 0.000335892633302],
        "mean": [0.129559010267, 2.05608320236, 6.76351928711, 6.6315703392, 7.12378406525, 6.70641136169, 8.56704425812, 8.69996261597, 12.5615539551, 12.2725610733, 19.05509758, 24.5404415131, 17.8370323181, 27.3396720886, 38.0629310608, 35.0766181946, 27.6680469513, 30.049413681, 34.3380432129, 44.1062507629, 39.7980995178, 22.6971931458, 16.8047790527, 19.9700107574, 20.0897598267, 14.1906099319, 7.65314388275, 6.62507629395, 6.27344989777, 3.91803956032, 2.48014855385, 2.53776979446, 1.74228382111, 0.764871299267, 0.462269634008, 0.155653208494, 0.0481696948409, 0.00573123106733, 0.000133369278046, 3.91331304854e-05],
        "median": [0.021330466494, 0.505977869034, 2.03810095787, 3.0505695343, 3.56230258942, 3.97481822968, 4.87732791901, 4.92696905136, 5.87414073944, 4.69116544724, 6.50445652008, 6.20304489136, 6.60973167419, 7.55713224411, 7.97018146515, 11.5383777618, 10.417183876, 11.9061794281, 12.7504835129, 13.6655712128, 18.2900466919, 8.38335418701, 5.7695069313, 3.84340286255, 5.1068572998, 3.4465303421, 2.43039989471, 2.26917457581, 1.94687914848, 1.3112988472, 0.705094754696, 0.558136820793, 0.417510539293, 0.184586554766, 0.0726443082094, 0.0244931373745, 0.00927578192204, 0.000709386426024, 3.36279008479e-05, 2.80759522866e-05],
        "min": [2.4837314631e-22, 1.12571223628e-21, 2.91054040233e-21, 1.01351483932e-20, 3.27241309873e-20, 6.06233562357e-20, 3.38316935158e-20, 8.89062511166e-20, 2.12420033002e-19, 1.56520123634e-19, 3.39386311669e-19, 2.32903067071e-19, 6.66931791363e-19, 1.29587303835e-18, 1.33456472169e-18, 2.45378413784e-18, 3.30409251353e-18, 2.46393736627e-18, 3.50403675004e-18, 3.06010318415e-18, 5.36010762188e-18, 7.53286665918e-18, 7.90973676371e-18, 7.83702924222e-18, 8.95637418303e-18, 1.25634011232e-17, 1.20519230904e-17, 6.55494189257e-18, 1.33768397842e-17, 1.28905146595e-17, 1.37921067856e-17, 1.24263968527e-17, 1.03823615944e-17, 9.13810245489e-18, 8.84472134395e-18, 5.1467351421e-18, 2.50082259056e-18, 1.14267898211e-18, 3.16881880827e-19, 3.32061607957e-20],
        "var": [0.133498683572, 15.8819351196, 122.864601135, 97.3897857666, 116.058982849, 87.5013656616, 138.687835693, 167.455413818, 538.653625488, 899.715393066, 2571.20654297, 4378.68554688, 2317.65673828, 5302.22216797, 11741.8623047, 6341.69824219, 3450.46582031, 3342.49804688, 6075.10009766, 13740.0966797, 4895.31542969, 819.131530762, 446.233306885, 749.168457031, 1232.56066895, 474.626281738, 100.668411255, 93.9490203857, 114.261138916, 39.2177658081, 17.6570606232, 22.5872554779, 13.1147432327, 1.62729275227, 0.63824903965, 0.0792114809155, 0.00753547390923, 0.00015547547082, 6.4433997693e-08, 1.50813583844e-09]
    },
    "gfcc": {
        "mean": [-43.5516548157, 114.009277344, -128.975143433, 27.6414909363, -47.2608604431, 14.3853673935, -40.6083602905, 2.56456780434, -22.9089622498, -4.22846269608, -15.3360433578, -5.93382406235, -9.18522453308],
        "cov": [[20800.0253906, -4381.00683594, 1734.29040527, 2650.59033203, -803.758850098, 1356.12268066, -293.266815186, 1378.54931641, -744.248779297, 1129.41943359, -647.524169922, 657.443786621, -859.668945312], [-4381.00683594, 3026.21630859, -707.305725098, -1191.50097656, 538.402282715, -719.723693848, -6.4087100029, -662.086853027, 249.48374939, -470.686462402, 335.789398193, -355.601257324, 217.157531738], [1734.29040527, -707.305725098, 1142.30310059, 589.563415527, -76.5271682739, 351.761688232, -43.3688316345, 300.628814697, -125.205596924, 214.799835205, -115.820770264, 187.39213562, -125.591560364], [2650.59033203, -1191.50097656, 589.563415527, 1106.33898926, -57.2919273376, 344.649871826, 93.4932861328, 368.449584961, -85.1973724365, 249.798126221, -95.8625640869, 166.751861572, -96.7981948853], [-803.758850098, 538.402282715, -76.5271682739, -57.2919273376, 584.707397461, -182.352554321, 83.3267593384, -9.40824222565, 10.0662975311, 2.9580783844, 50.8843231201, -1.26218354702, 27.3599243164], [1356.12268066, -719.723693848, 351.761688232, 344.649871826, -182.352554321, 441.435058594, 47.1740455627, 161.189147949, -50.2850418091, 104.398017883, -53.3066329956, 97.9553222656, -64.1023101807], [-293.266815186, -6.4087100029, -43.3688316345, 93.4932861328, 83.3267593384, 47.1740455627, 240.223602295, 50.538394928, 7.30016899109, -11.8120527267, 32.1547164917, 38.8236656189, -1.904286623], [1378.54931641, -662.086853027, 300.628814697, 368.449584961, -9.40824222565, 161.189147949, 50.538394928, 323.297576904, -64.084815979, 148.722854614, -86.4353561401, 119.629577637, -60.1722183228], [-744.248779297, 249.48374939, -125.205596924, -85.1973724365, 10.0662975311, -50.2850418091, 7.30016899109, -64.084815979, 170.1824646, -38.7030067444, 35.2536239624, -55.1236190796, 65.8701934814], [1129.41943359, -470.686462402, 214.799835205, 249.798126221, 2.9580783844, 104.398017883, -11.8120527267, 148.722854614, -38.7030067444, 204.022537231, -56.5645904541, 64.4068527222, -47.7429046631], [-647.524169922, 335.789398193, -115.820770264, -95.8625640869, 50.8843231201, -53.3066329956, 32.1547164917, -86.4353561401, 35.2536239624, -56.5645904541, 130.692016602, -27.4690570831, 26.5831890106], [657.443786621, -355.601257324, 187.39213562, 166.751861572, -1.26218354702, 97.9553222656, 38.8236656189, 119.629577637, -55.1236190796, 64.4068527222, -27.4690570831, 155.671585083, -32.507358551], [-859.668945312, 217.157531738, -125.591560364, -96.7981948853, 27.3599243164, -64.1023101807, -1.904286623, -60.1722183228, 65.8701934814, -47.7429046631, 26.5831890106, -32.507358551, 122.14289856]],
        "icov": [[0.000168955215486, -0.000310562143568, 0.000332117400831, -0.000383227568818, 0.000259769527474, -0.000369567016605, 0.000439404015196, -0.000361561251339, 0.000311442970997, -0.000553994032089, 0.000482462084619, -0.000427599472459, 0.000752362248022], [-0.000310562143568, 0.00272494019009, -0.00166529708076, 0.00177284062374, -0.00175252184272, 0.0020362676587, -0.00133462948725, 0.00188027892727, -0.00139866420068, 0.00272629014216, -0.00315223145299, 0.00268940930255, -0.0017493510386], [0.000332117400831, -0.00166529708076, 0.00283818761818, -0.00168460095301, 0.000907741079573, -0.00214569247328, 0.0019816653803, -0.00162090163212, 0.00113424763549, -0.00205707200803, 0.00222584116273, -0.00260684266686, 0.00219050399028], [-0.000383227568818, 0.00177284062374, -0.00168460095301, 0.00325027387589, -0.00116162386257, 0.00103366037365, -0.0017940804828, 0.000350316957338, -0.00114347843919, 0.00116654613521, -0.00238507497124, 0.00202171038836, -0.00192841212265], [0.000259769527474, -0.00175252184272, 0.000907741079573, -0.00116162386257, 0.00347692496143, -3.93483533117e-05, -6.0718441091e-05, -0.00141371029895, 0.00116943300236, -0.00257875164971, 0.00142493541352, -0.00184899941087, 0.00101917423308], [-0.000369567016605, 0.0020362676587, -0.00214569247328, 0.00103366037365, -3.93483533117e-05, 0.00592875853181, -0.0024319877848, 0.00139606685843, -0.00127202551812, 0.00176607922185, -0.00251163076609, 0.00155266141519, -0.00150215218309], [0.000439404015196, -0.00133462948725, 0.0019816653803, -0.0017940804828, -6.0718441091e-05, -0.0024319877848, 0.00715475110337, -0.00249052746221, 0.000447543046903, -0.000257241481449, 0.000323082320392, -0.00285847275518, 0.00253016548231], [-0.000361561251339, 0.00188027892727, -0.00162090163212, 0.000350316957338, -0.00141371029895, 0.00139606685843, -0.00249052746221, 0.00908163469285, -0.000984728801996, -0.000159332485055, 0.000358933204552, -0.000383184989914, -0.0015035859542], [0.000311442970997, -0.00139866420068, 0.00113424763549, -0.00114347843919, 0.00116943300236, -0.00127202551812, 0.000447543046903, -0.000984728801996, 0.00912774819881, -0.00213307421654, 0.000759974180255, 0.000586409762036, -0.00223450083286], [-0.000553994032089, 0.00272629014216, -0.00205707200803, 0.00116654613521, -0.00257875164971, 0.00176607922185, -0.000257241481449, -0.000159332485055, -0.00213307421654, 0.0120530463755, -0.00244210497476, 0.0023636717815, -0.00149268726818], [0.000482462084619, -0.00315223145299, 0.00222584116273, -0.00238507497124, 0.00142493541352, -0.00251163076609, 0.000323082320392, 0.000358933204552, 0.000759974180255, -0.00244210497476, 0.014386581257, -0.00380041263998, 0.00243611796759], [-0.000427599472459, 0.00268940930255, -0.00260684266686, 0.00202171038836, -0.00184899941087, 0.00155266141519, -0.00285847275518, -0.000383184989914, 0.000586409762036, 0.0023636717815, -0.00380041263998, 0.0133154364303, -0.00289499736391], [0.000752362248022, -0.0017493510386, 0.00219050399028, -0.00192841212265, 0.00101917423308, -0.00150215218309, 0.00253016548231, -0.0015035859542, -0.00223450083286, -0.00149268726818, 0.00243611796759, -0.00289499736391, 0.0149196600541]]
    },
    "melbands": {
        "dmean": [0.00120530824643, 0.00195046199951, 0.00060722330818, 0.000279630941804, 0.000126012033434, 9.15554483072e-05, 0.000100415403722, 8.36389226606e-05, 8.37074767333e-05, 7.54982465878e-05, 4.89191988891e-05, 6.43182720523e-05, 7.9550249211e-05, 6.83276157361e-05, 3.46457127307e-05, 3.79630437237e-05, 3.04880359181e-05, 3.16394070978e-05, 3.3158401493e-05, 2.67887953669e-05, 2.13189177884e-05, 1.13193173092e-05, 7.63435309636e-06, 7.02533998265e-06, 7.37168284104e-06, 7.09360756446e-06, 6.06421326665e-06, 3.7718157273e-06, 2.09077711588e-06, 1.97076519726e-06, 1.6127003164e-06, 1.67894961578e-06, 1.47840773934e-06, 8.65176389198e-07, 6.05214438565e-07, 6.33478521195e-07, 7.47675244384e-07, 6.17993350716e-07, 4.08247927908e-07, 2.38399564978e-07],
        "dmean2": [0.00201590382494, 0.00335392681882, 0.00103941489942, 0.000463084783405, 0.000198309571715, 0.000141847762279, 0.000162224998348, 0.000136926129926, 0.000129714229843, 0.000115018992801, 7.81402995926e-05, 0.000103743033833, 0.000127130915644, 0.000112502311822, 5.64446891076e-05, 6.27582339803e-05, 4.90261336381e-05, 5.09735000378e-05, 5.25809118699e-05, 4.31192238466e-05, 3.50802365574e-05, 1.88100275409e-05, 1.30073613036e-05, 1.18973721328e-05, 1.24592806969e-05, 1.16448773042e-05, 1.01187033579e-05, 6.39706559014e-06, 3.58137594958e-06, 3.32181048179e-06, 2.67895256911e-06, 2.6890177196e-06, 2.28933822655e-06, 1.39951180245e-06, 9.64681703408e-07, 9.89059344647e-07, 1.14361489523e-06, 9.23701577449e-07, 6.25857012437e-07, 3.60497779184e-07],
        "dvar": [1.52912562044e-05, 2.70514919976e-05, 1.74168053491e-06, 4.33841762515e-07, 4.72907402127e-08, 3.17766541968e-08, 8.45626644264e-08, 8.75078072227e-08, 7.71177610659e-08, 5.70885312356e-08, 4.0324831474e-08, 4.37712586177e-08, 8.44338927664e-08, 5.51983241337e-08, 8.57591597736e-09, 1.0001472539e-08, 6.29386098794e-09, 9.02946073467e-09, 1.14544329577e-08, 7.31563698508e-09, 2.16877249493e-09, 3.78022058101e-10, 1.97361002541e-10, 1.56695295628e-10, 2.00914854198e-10, 2.58902010941e-10, 2.24555651851e-10, 5.92369486796e-11, 1.60510250924e-11, 1.62132772485e-11, 1.20767640679e-11, 1.21913373494e-11, 1.01302230493e-11, 3.56523968334e-12, 1.97418080147e-12, 2.42487388676e-12, 3.57505236352e-12, 3.25125950468e-12, 9.02737032262e-13, 2.35025107015e-13],
        "dvar2": [4.03900012316e-05, 7.76756787673e-05, 4.8592105486e-06, 1.14753447633e-06, 1.12715198952e-07, 7.45487795939e-08, 2.2263442645e-07, 2.32177356452e-07, 1.68195384731e-07, 1.20599054299e-07, 9.88036248373e-08, 1.00311687845e-07, 2.19344485686e-07, 1.57588686989e-07, 2.20144951157e-08, 2.70340692055e-08, 1.5444797441e-08, 2.28075194286e-08, 2.81069123531e-08, 1.83331518855e-08, 5.5759339368e-09, 1.01945230035e-09, 5.60653246051e-10, 4.28666685481e-10, 5.49106315972e-10, 6.68599231535e-10, 5.84774062506e-10, 1.60938526395e-10, 4.56768060875e-11, 4.32455668498e-11, 3.23272311697e-11, 2.8452507711e-11, 2.36351736793e-11, 9.18883198697e-12, 4.86124595439e-12, 6.10976417029e-12, 7.89582808858e-12, 6.73682724189e-12, 1.9963731189e-12, 5.24475482575e-13],
        "max": [0.0384680442512, 0.0607630386949, 0.0239078253508, 0.0143981128931, 0.00509855896235, 0.00383577891625, 0.00675576273352, 0.00726114632562, 0.00779639743268, 0.00551942363381, 0.00806684140116, 0.00804162397981, 0.00594630977139, 0.00414568046108, 0.0021478976123, 0.00193670066074, 0.00216154335067, 0.0025367916096, 0.00248859473504, 0.00187174102757, 0.00103406480048, 0.00037741442793, 0.000271655066172, 0.00018095287669, 0.000279091385892, 0.000432569184341, 0.000390135595808, 0.00021044035384, 7.22954719095e-05, 0.00010880472837, 6.0043825215e-05, 8.62742745085e-05, 6.28019188298e-05, 4.83822404931e-05, 4.02536134061e-05, 3.48019166267e-05, 5.48151110706e-05, 6.32008450339e-05, 2.27670971071e-05, 1.37418855957e-05],
        "mean": [0.00165463937446, 0.00337871350348, 0.00117483432405, 0.000510756741278, 0.000285358488327, 0.000196712921024, 0.00019429011445, 0.000136893926538, 0.000164038778166, 0.000146047634189, 8.71088413987e-05, 0.000108119289507, 0.000131195658469, 0.000111099325295, 6.1188111431e-05, 6.41895167064e-05, 5.28640084667e-05, 5.24909846717e-05, 5.93133554503e-05, 5.1066326705e-05, 4.60745504824e-05, 2.44761904469e-05, 1.59447099577e-05, 1.52256125148e-05, 1.61805819516e-05, 1.54575427587e-05, 1.33027633638e-05, 8.2963033492e-06, 4.75263232147e-06, 4.27623035648e-06, 3.64438301403e-06, 3.58223837793e-06, 3.06493257085e-06, 1.8475042225e-06, 1.36468577239e-06, 1.43920487972e-06, 1.62425590133e-06, 1.29868965359e-06, 8.83396808149e-07, 5.64417121041e-07],
        "median": [0.000307837850414, 0.00117201404646, 0.000581743661314, 0.000304555054754, 0.00017606325855, 0.000114068556286, 8.97168938536e-05, 4.84602642246e-05, 5.17892804055e-05, 3.69602348655e-05, 2.84029192699e-05, 2.91463002213e-05, 2.21372847591e-05, 2.86425729428e-05, 2.22916714847e-05, 2.20643742068e-05, 1.97080553335e-05, 1.8245067622e-05, 1.62572705449e-05, 1.69654922502e-05, 2.03534800676e-05, 8.40050961415e-06, 5.70389966015e-06, 4.64539061795e-06, 2.58457998825e-06, 3.51206836058e-06, 3.12247857437e-06, 2.00735576072e-06, 1.30747150706e-06, 1.36489938996e-06, 1.16270553008e-06, 1.08064068627e-06, 8.0448717199e-07, 6.12855330928e-07, 3.9036359567e-07, 3.16192085847e-07, 3.29126464749e-07, 2.92883186148e-07, 2.04923821912e-07, 1.18527474058e-07],
        "min": [3.23801093082e-24, 1.61909707188e-24, 2.56373897462e-24, 3.51080218729e-24, 1.02193833992e-24, 1.98642275683e-24, 3.21066309539e-24, 1.57165852692e-24, 2.93654280551e-24, 1.1988608097e-24, 2.92961857891e-24, 4.64201018715e-24, 4.39333756399e-24, 4.15265412966e-24, 6.66810397004e-24, 5.6952870126e-24, 4.8476618864e-24, 5.93693049066e-24, 2.28937906824e-24, 4.32622995565e-24, 5.82682128551e-24, 6.40138063165e-24, 6.85251361727e-24, 4.68007864228e-24, 5.85452963038e-24, 6.67948013315e-24, 6.14255300206e-24, 8.06392155548e-24, 6.26298642431e-24, 5.50598721662e-24, 3.05370600487e-24, 5.99050716233e-24, 5.41336350787e-24, 6.60237095182e-24, 7.15175853533e-24, 5.89572236912e-24, 6.76914600794e-24, 6.39084421097e-24, 5.82494064111e-24, 7.51088272927e-24],
        "var": [1.44570285556e-05, 3.08566377498e-05, 2.58142745224e-06, 5.66898620491e-07, 1.29319928988e-07, 7.95472914206e-08, 1.29676422489e-07, 1.18256906489e-07, 1.84704845196e-07, 1.45329323686e-07, 6.39620481024e-08, 9.79543059998e-08, 1.75200781882e-07, 1.08572095314e-07, 1.6771785738e-08, 1.65322582291e-08, 1.18885665756e-08, 1.6351435761e-08, 2.28894574406e-08, 1.59358890528e-08, 6.52219966923e-09, 1.10675524301e-09, 4.35085911743e-10, 4.17975404288e-10, 5.30596344639e-10, 6.96989077564e-10, 6.57498666623e-10, 1.5165002587e-10, 4.01120282822e-11, 4.18258899737e-11, 3.18277244837e-11, 3.79167114373e-11, 3.15619232139e-11, 8.88975611874e-12, 5.77107632516e-12, 6.62898989173e-12, 1.07779462438e-11, 8.59929055047e-12, 2.79609495279e-12, 8.82167928117e-13]
    },
    "mfcc": {
        "mean": [-675.020568848, 134.208740234, -8.05335521698, 14.3507642746, 12.7676725388, 7.94796419144, -1.12235665321, 1.64981746674, -2.14709186554, 0.48608109355, -4.96053314209, -2.99335503578, -0.935847580433],
        "cov": [[14911.4404297, -2953.79150391, 187.505432129, 1840.01477051, -45.7159461975, 386.645263672, 636.276733398, 555.746337891, 373.248840332, 308.880310059, 406.378448486, 518.055297852, 140.484588623], [-2953.79150391, 2216.11303711, -506.152404785, -731.575256348, 65.1242141724, -182.944671631, -287.441192627, -212.96925354, -243.595687866, -128.440536499, -118.51789856, -157.134796143, -43.2271270752], [187.505432129, -506.152404785, 773.472473145, 226.483703613, 12.9833087921, 139.005355835, 120.910690308, 107.404182434, 125.010002136, 4.70163536072, 35.4503898621, 80.7271575928, 13.8255777359], [1840.01477051, -731.575256348, 226.483703613, 801.496154785, 143.598083496, 91.6887130737, 211.641525269, 146.925827026, 151.097259521, 92.744430542, 97.6765518188, 125.860694885, 45.1654243469], [-45.7159461975, 65.1242141724, 12.9833087921, 143.598083496, 297.263702393, 17.3576488495, 48.5200195312, 0.583738088608, 44.3169021606, 27.8619060516, 14.6267623901, 6.48616790771, 18.61211586], [386.645263672, -182.944671631, 139.005355835, 91.6887130737, 17.3576488495, 223.069717407, 86.193321228, 55.1628608704, 29.4948787689, 21.2006206512, 38.6279220581, 45.3399429321, -6.93213319778], [636.276733398, -287.441192627, 120.910690308, 211.641525269, 48.5200195312, 86.193321228, 245.579605103, 119.075454712, 35.0596046448, 12.3358135223, 68.6137619019, 59.9941673279, 10.9003410339], [555.746337891, -212.96925354, 107.404182434, 146.925827026, 0.583738088608, 55.1628608704, 119.075454712, 204.767074585, 45.6991424561, -10.4110612869, 52.7831611633, 51.9717216492, 13.7098121643], [373.248840332, -243.595687866, 125.010002136, 151.097259521, 44.3169021606, 29.4948787689, 35.0596046448, 45.6991424561, 163.072540283, 55.2088050842, 4.52582359314, 26.0358657837, 29.2291946411], [308.880310059, -128.440536499, 4.70163536072, 92.744430542, 27.8619060516, 21.2006206512, 12.3358135223, -10.4110612869, 55.2088050842, 135.075485229, 29.0523319244, -5.16214179993, 6.15537548065], [406.378448486, -118.51789856, 35.4503898621, 97.6765518188, 14.6267623901, 38.6279220581, 68.6137619019, 52.7831611633, 4.52582359314, 29.0523319244, 115.177505493, 40.5308456421, -11.1935949326], [518.055297852, -157.134796143, 80.7271575928, 125.860694885, 6.48616790771, 45.3399429321, 59.9941673279, 51.9717216492, 26.0358657837, -5.16214179993, 40.5308456421, 114.490379333, 23.4540481567], [140.484588623, -43.2271270752, 13.8255777359, 45.1654243469, 18.61211586, -6.93213319778, 10.9003410339, 13.7098121643, 29.2291946411, 6.15537548065, -11.1935949326, 23.4540481567, 94.2324905396]],
