{
"lowlevel": {
    "average_loudness": 0.962891936302,
    "barkbands_crest": {
        "dmean": 2.53809905052,
        "dmean2": 4.13973712921,
        "dvar": 6.49711275101,
        "dvar2": 16.3708572388,
        "max": 26.8911895752,
        "mean": 8.7341375351,
        "median": 7.88975811005,
        "min": 2.10746026039,
        "var": 16.4011745453
    },
    "barkbands_flatness_db": {
        "dmean": 0.0177719332278,
        "dmean2": 0.0273901876062,
        "dvar": 0.000349922192981,
        "dvar2": 0.000833822123241,
        "max": 0.648255348206,
        "mean": 0.0915847793221,
        "median": 0.0803765431046,
        "min": 0.0188291184604,
        "var": 0.00243310886435
    },
    "barkbands_kurtosis": {
        "dmean": 4.31310224533,
        "dmean2": 6.95292663574,
        "dvar": 24762.59375,
        "dvar2": 63107.6875,
        "max": 14264.4306641,
        "mean": 5.47828435898,
        "median": -0.330392956734,
        "min": -1.85752332211,
        "var": 20897.7539062
    },
    "barkbands_skewness": {
        "dmean": 0.441726088524,
        "dmean2": 0.705898404121,
        "dvar": 1.27321064472,
        "dvar2": 3.32797503471,
        "max": 90.2253341675,
        "mean": 1.15069317818,
        "median": 0.875172436237,
        "min": -2.76113128662,
        "var": 4.48439598083
    },
    "barkbands_spread": {
        "dmean": 6.69982242584,
        "dmean2": 10.5827302933,
        "dvar": 49.4617156982,
        "dvar2": 119.219009399,
        "max": 103.747940063,
        "mean": 39.7559013367,
        "median": 39.4586334229,
        "min": 0.0137603264302,
        "var": 257.692321777
    },
    "dissonance": {
        "dmean": 0.00929852109402,
        "dmean2": 0.0161482617259,
        "dvar": 0.000115456765343,
        "dvar2": 0.00034996366594,
        "max": 0.500000119209,
        "mean": 0.483655393124,
        "median": 0.48810172081,
        "min": 0.207895666361,
        "var": 0.000213583029108
    },
    "dynamic_complexity": 2.21053647995,
    "erbbands_crest": {
        "dmean": 1.84360289574,
        "dmean2": 3.10503029823,
        "dvar": 3.88884592056,
        "dvar2": 10.835726738,
        "max": 27.15533638,
        "mean": 6.59410476685,
        "median": 5.83372211456,
        "min": 2.24542832375,
        "var": 7.93441295624
    },
    "erbbands_flatness_db": {
        "dmean": 0.0114653110504,
        "dmean2": 0.0174504071474,
        "dvar": 0.000138998017064,
        "dvar2": 0.000301127205603,
        "max": 0.47325950861,
        "mean": 0.122287996113,
        "median": 0.119430333376,
        "min": 0.0374966152012,
        "var": 0.00127344962675
    },
    "erbbands_kurtosis": {
        "dmean": 0.633462071419,
        "dmean2": 1.04472517967,
        "dvar": 2.08385968208,
        "dvar2": 6.46467542648,
        "max": 84.1897735596,
        "mean": 0.333886772394,
        "median": -0.0437482595444,
        "min": -1.74168300629,
        "var": 3.90869450569
    },
    "erbbands_skewness": {
        "dmean": 0.264740735292,
        "dmean2": 0.426406264305,
        "dvar": 0.0663041248918,
        "dvar2": 0.17571143806,
        "max": 5.99087905884,
        "mean": -0.352371066809,
        "median": -0.330903768539,
        "min": -2.7113199234,
        "var": 0.432060301304
    },
    "erbbands_spread": {
        "dmean": 6.37115383148,
        "dmean2": 10.0226974487,
        "dvar": 40.8746337891,
        "dvar2": 98.4518280029,
        "max": 145.166122437,
        "mean": 41.9414520264,
        "median": 39.5212059021,
        "min": 0.709975719452,
        "var": 225.505508423
    },
    "hfc": {
        "dmean": 8.39417362213,
        "dmean2": 13.4056758881,
        "dvar": 198.40763855,
        "dvar2": 529.424133301,
        "max": 188.442901611,
        "mean": 37.220954895,
        "median": 35.7803878784,
        "min": 1.05000017322e-16,
        "var": 473.694885254
    },
    "melbands_crest": {
        "dmean": 3.03743481636,
        "dmean2": 4.98418855667,
        "dvar": 7.43540000916,
        "dvar2": 18.487569809,
        "max": 39.9213905334,
        "mean": 14.473739624,
        "median": 14.3472728729,
        "min": 1.50720512867,
        "var": 24.7631244659
    },
    "melbands_flatness_db": {
        "dmean": 0.0238520558923,
        "dmean2": 0.0371064841747,
        "dvar": 0.000639015866909,
        "dvar2": 0.00154751120135,
        "max": 0.642498075962,
        "mean": 0.151113584638,
        "median": 0.138342887163,
        "min": 0.0029564499855,
        "var": 0.00376972625963
    },
    "melbands_kurtosis": {
        "dmean": 7.74523115158,
        "dmean2": 12.5152378082,
        "dvar": 17692.3710938,
        "dvar2": 42412.09375,
        "max": 12260.4609375,
        "mean": 13.7644300461,
        "median": 5.7466917038,
        "min": -1.65615093708,
        "var": 16970.2285156
    },
    "melbands_skewness": {
        "dmean": 0.703168690205,
        "dmean2": 1.12260663509,
        "dvar": 1.54499876499,
        "dvar2": 3.82844662666,
        "max": 90.4286804199,
        "mean": 2.69733476639,
        "median": 2.37031459808,
        "min": -3.45734596252,
        "var": 4.94769001007
    },
    "melbands_spread": {
        "dmean": 9.34724807739,
        "dmean2": 15.0415859222,
        "dvar": 107.801643372,
        "dvar2": 266.212005615,
        "max": 159.386627197,
        "mean": 38.623085022,
        "median": 36.7419052124,
        "min": 0.0296593755484,
        "var": 489.954437256
    },
    "pitch_salience": {
        "dmean": 0.0707952454686,
        "dmean2": 0.114665903151,
        "dvar": 0.00478547345847,
        "dvar2": 0.0121176578104,
        "max": 0.982763588428,
        "mean": 0.559197247028,
        "median": 0.568025588989,
        "min": 0.00731483241543,
        "var": 0.0140624148771
    },
    "silence_rate_20dB": {
        "dmean": 0,
        "dmean2": 0,
        "dvar": 0,
        "dvar2": 0,
        "max": 1,
        "mean": 1,
        "median": 1,
        "min": 1,
        "var": 0
    },
    "silence_rate_30dB": {
        "dmean": 0.00591007107869,
        "dmean2": 0.0118210865185,
        "dvar": 0.00587547570467,
        "dvar2": 0.0156733244658,
        "max": 1,
        "mean": 0.996086895466,
        "median": 1,
        "min": 0,
        "var": 0.00389774609357
    },
    "silence_rate_60dB": {
        "dmean": 0.000159731644089,
        "dmean2": 0.000319488812238,
        "dvar": 0.000159680930665,
        "dvar2": 0.000319386745105,
        "max": 1,
        "mean": 0.030825747177,
        "median": 0,
        "min": 0,
        "var": 0.0298715159297
    },
    "spectral_centroid": {
        "dmean": 219.656600952,
        "dmean2": 356.749481201,
        "dvar": 53211.1484375,
        "dvar2": 124449.390625,
        "max": 11895.9404297,
        "mean": 2227.11669922,
        "median": 2254.60839844,
        "min": 297.268707275,
        "var": 935542.6875
    },
    "spectral_complexity": {
        "dmean": 4.01501464844,
        "dmean2": 6.50591039658,
        "dvar": 13.5064401627,
        "dvar2": 31.7147922516,
        "max": 66,
        "mean": 35.4773216248,
        "median": 39,
        "min": 0,
        "var": 167.988006592
    },
    "spectral_decrease": {
        "dmean": 2.7523725521e-09,
        "dmean2": 4.62883376073e-09,
        "dvar": 2.06148612228e-17,
        "dvar2": 5.47785008191e-17,
        "max": 1.53626352024e-28,
        "mean": -7.84950593413e-09,
        "median": -7.04792135764e-09,
        "min": -5.30658041953e-08,
        "var": 2.34742128421e-17
    },
    "spectral_energy": {
        "dmean": 0.0108392899856,
        "dmean2": 0.0182327106595,
        "dvar": 0.000312916672556,
        "dvar2": 0.000830862554722,
        "max": 0.203993454576,
        "mean": 0.0330018661916,
        "median": 0.0300925411284,
        "min": 9.85628755254e-21,
        "var": 0.000368450651877
    },
    "spectral_energyband_high": {
        "dmean": 0.000702924327925,
        "dmean2": 0.00111151451711,
        "dvar": 1.50110281538e-06,
        "dvar2": 3.96407676817e-06,
        "max": 0.0152317387983,
        "mean": 0.00232916814275,
        "median": 0.00216025486588,
        "min": 6.93859454207e-21,
        "var": 3.49015454049e-06
    },
    "spectral_energyband_low": {
        "dmean": 0.00832297280431,
        "dmean2": 0.0138803906739,
        "dvar": 0.000268232397502,
        "dvar2": 0.000714668130968,
        "max": 0.18705996871,
        "mean": 0.0148315001279,
        "median": 0.011060371995,
        "min": 8.64176059083e-24,
        "var": 0.000261371722445
    },
    "spectral_energyband_middle_high": {
        "dmean": 0.00236210273579,
        "dmean2": 0.00390582741238,
        "dvar": 1.2813923604e-05,
        "dvar2": 3.45045264112e-05,
        "max": 0.0642405152321,
        "mean": 0.00863001961261,
        "median": 0.0067243995145,
        "min": 1.19444739089e-21,
        "var": 4.68293001177e-05
    },
    "spectral_energyband_middle_low": {
        "dmean": 0.00321045028977,
        "dmean2": 0.00538269523531,
        "dvar": 2.49184704444e-05,
        "dvar2": 6.95265553077e-05,
        "max": 0.0678988173604,
        "mean": 0.00841673463583,
        "median": 0.00662990519777,
        "min": 1.89985726317e-22,
        "var": 4.13873676735e-05
    },
    "spectral_entropy": {
        "dmean": 0.0787741616368,
        "dmean2": 0.119071669877,
        "dvar": 0.00824418105185,
        "dvar2": 0.0166869200766,
        "max": 9.82244968414,
        "mean": 8.01161670685,
        "median": 8.05571460724,
        "min": 5.50511693954,
        "var": 0.0849912762642
    },
    "spectral_flux": {
        "dmean": 0.0223102681339,
        "dmean2": 0.0359696224332,
        "dvar": 0.000896758516319,
        "dvar2": 0.00183240161277,
        "max": 0.350694537163,
        "mean": 0.0954628810287,
        "median": 0.087732642889,
        "min": 6.30200683305e-11,
        "var": 0.00203422945924
    },
    "spectral_kurtosis": {
        "dmean": 0.833585739136,
        "dmean2": 1.40405368805,
        "dvar": 1.46879339218,
        "dvar2": 4.2633767128,
        "max": 50.9617080688,
        "mean": 3.32734179497,
        "median": 3.13809895515,
        "min": -1.27232062817,
        "var": 3.27646780014
    },
    "spectral_rms": {
        "dmean": 0.000820099725388,
        "dmean2": 0.00134609406814,
        "dvar": 1.14198394385e-06,
        "dvar2": 2.95672157336e-06,
        "max": 0.0141073744744,
        "mean": 0.0054404088296,
        "median": 0.00541835557669,
        "min": 3.10094983545e-12,
        "var": 2.59894159171e-06
    },
    "spectral_rolloff": {
        "dmean": 645.569641113,
        "dmean2": 1057.49621582,
        "dvar": 737032.375,
        "dvar2": 1656213.125,
        "max": 19552.1484375,
        "mean": 2570.94897461,
        "median": 2540.91796875,
        "min": 21.533203125,
        "var": 4348952.5
    },
    "spectral_skewness": {
        "dmean": 0.13010686636,
        "dmean2": 0.215841531754,
        "dvar": 0.019152097404,
        "dvar2": 0.0523700080812,
        "max": 5.93564367294,
        "mean": 1.25165498257,
        "median": 1.27863967419,
        "min": -0.0786056891084,
        "var": 0.0939338579774
    },
    "spectral_spread": {
        "dmean": 396062.6875,
        "dmean2": 568476.4375,
        "dvar": 372096008192,
        "dvar2": 540464676864,
        "max": 43474056,
        "mean": 5108743.5,
        "median": 4641140,
        "min": 1341278.75,
        "var": 1.08389214454e+13
    },
    "spectral_strongpeak": {
        "dmean": 0.392363667488,
        "dmean2": 0.69198089838,
        "dvar": 0.564759492874,
        "dvar2": 1.4591562748,
        "max": 10.1720819473,
        "mean": 0.605119466782,
        "median": 0.31426513195,
        "min": 0,
        "var": 0.81536090374
    },
    "zerocrossingrate": {
        "dmean": 0.0121569205076,
        "dmean2": 0.0143915051594,
        "dvar": 0.00017100518744,
        "dvar2": 0.000224290939514,
        "max": 0.521484375,
        "mean": 0.0934453010559,
        "median": 0.09130859375,
        "min": 0,
        "var": 0.002558383625
    },
    "barkbands": {
        "dmean": [0.000261172361206, 0.00642020115629, 0.00274948519655, 0.00127566989977, 0.00139192852657, 0.000435476977145, 0.000437551963842, 0.000511152145918, 0.000563571287785, 0.000834206584841, 0.000547403818928, 0.000454966968391, 0.000519704946782, 0.000458038732177, 0.000358008896001, 0.0003701900132, 0.000348847795976, 0.000343374849763, 0.000415920221712, 0.000309217255563, 0.000243411981501, 0.000180273957085, 0.000139865282108, 0.000105241066194, 8.88646973181e-05, 6.81285237079e-05, 1.77184701897e-05],
        "dmean2": [0.000457087036921, 0.0106352232397, 0.00474400445819, 0.00211686454713, 0.00236809090711, 0.000727165606804, 0.000728714978322, 0.000858177780174, 0.000931035901885, 0.00139783963095, 0.000911857932806, 0.000773761013988, 0.000921943865251, 0.000767024466768, 0.000619567406829, 0.000631808827166, 0.000595163903199, 0.000589251634665, 0.000707079365384, 0.000532945035957, 0.000416711263824, 0.000302935572108, 0.000230352583458, 0.000167508653249, 0.00012721522944, 9.49162349571e-05, 2.7470265195e-05],
        "dvar": [3.29366940832e-07, 0.000167674923432, 2.78771840385e-05, 3.0630785659e-06, 5.3468538681e-06, 7.69184737237e-07, 1.0719849115e-06, 1.8649041067e-06, 1.37289180202e-06, 3.82015150535e-06, 1.85625492577e-06, 1.34936760787e-06, 1.75026457327e-06, 8.68032429935e-07, 6.81685037307e-07, 2.5132331416e-07, 2.0472694473e-07, 1.88783516819e-07, 2.86583912157e-07, 1.99663944045e-07, 1.28229515894e-07, 1.15712843751e-07, 6.95532804684e-08, 3.46545014906e-08, 3.52057476505e-08, 1.5692489086e-08, 2.09360595527e-09],
        "dvar2": [9.65096205618e-07, 0.000448391278042, 8.04157971288e-05, 8.59534793562e-06, 1.50867081175e-05, 2.00590079658e-06, 2.83515032606e-06, 5.1204610827e-06, 3.78025242753e-06, 1.00322649814e-05, 4.99842826684e-06, 3.69464032701e-06, 5.50097092855e-06, 2.2821325274e-06, 1.97639542421e-06, 6.87205954364e-07, 5.80263701977e-07, 5.21665185715e-07, 7.90567582953e-07, 5.60424837204e-07, 3.60707417713e-07, 3.19276040273e-07, 1.7774608807e-07, 8.48525871788e-08, 6.99249014247e-08, 2.96374249587e-08, 4.59859039736e-09],
        "max": [0.0065946127288, 0.155821621418, 0.0579178035259, 0.0271964389831, 0.03770269081, 0.0264808423817, 0.0171868707985, 0.0215551070869, 0.0205987710506, 0.0474491715431, 0.0321233086288, 0.0331299230456, 0.0244932286441, 0.0243920236826, 0.0389478392899, 0.0153767950833, 0.0123997135088, 0.00676549971104, 0.015839856118, 0.00691800704226, 0.00538929365575, 0.00594326574355, 0.00780282262713, 0.00438982015476, 0.00488904025406, 0.0020085957367, 0.000660976045765],
        "mean": [0.000284030829789, 0.00941688194871, 0.00417116796598, 0.00205384427682, 0.00262629170902, 0.000778874033131, 0.000740154995583, 0.000825286377221, 0.000981452758424, 0.00130810425617, 0.000850915384945, 0.000701363256667, 0.000696326198522, 0.000747001497075, 0.000589987321291, 0.000814625469502, 0.00077865208732, 0.000786842720117, 0.00108148250729, 0.000751226732973, 0.000602458429057, 0.000404240970965, 0.000313568685669, 0.000276839797152, 0.000248185388045, 0.000149919680553, 2.21210993914e-05],
        "median": [4.01489414799e-05, 0.00570130813867, 0.00296583748423, 0.00153284508269, 0.00145728862844, 0.000450556370197, 0.000272629782557, 0.000238138221903, 0.000361613812856, 0.000415360555053, 0.000240576919168, 0.00022965692915, 0.00026927824365, 0.000373078684788, 0.000337453500833, 0.000655217445455, 0.000672778929584, 0.000692906498443, 0.000966093270108, 0.000657038239297, 0.000526319898199, 0.00032748671947, 0.000219047273276, 0.00020804736414, 0.000149783925735, 6.04190026934e-05, 3.06673746309e-06],
        "min": [7.66093541332e-25, 2.91870468829e-24, 5.59415632645e-25, 1.08180302187e-24, 1.17108326201e-23, 9.72697050574e-24, 4.49283067351e-24, 7.24470607149e-24, 1.99689804079e-23, 1.83831301747e-23, 1.53857853232e-23, 1.97533279245e-23, 3.14629756755e-23, 3.28475117611e-23, 5.51183046712e-23, 6.9826786643e-23, 5.01948249688e-23, 1.00134639606e-22, 1.24456060662e-22, 1.36615890821e-22, 2.26434583748e-22, 2.93367626642e-22, 4.16758270698e-22, 5.62575157438e-22, 8.60206949615e-22, 1.19240155271e-21, 2.04659488311e-21],
        "var": [3.66394289131e-07, 0.000164283061167, 2.21704194701e-05, 4.18961872128e-06, 1.08911008283e-05, 1.84861119124e-06, 1.79437392944e-06, 2.67598034043e-06, 2.7164023777e-06, 7.57655016059e-06, 3.84380928153e-06, 2.25362578021e-06, 1.96089058591e-06, 1.43637328165e-06, 8.68220297434e-07, 5.28864518401e-07, 3.61472046961e-07, 3.55575480171e-07, 6.88520515268e-07, 3.66234900184e-07, 2.43512516818e-07, 1.67555768371e-07, 1.69946048345e-07, 9.95549029881e-08, 1.53746384512e-07, 4.64523317589e-08, 3.00679325882e-09]
    },
    "erbbands": {
        "dmean": [0.124906472862, 1.65054953098, 3.40845966339, 3.26111674309, 4.72821331024, 4.764564991, 3.62301397324, 4.28613853455, 6.33699512482, 7.48183822632, 11.6476106644, 12.1244945526, 22.1377429962, 24.1037864685, 18.0163574219, 18.6415462494, 22.5624027252, 21.820526123, 19.2260131836, 16.7811946869, 19.0958690643, 19.4411907196, 15.6135053635, 22.4937057495, 18.4068260193, 13.7955732346, 12.2245502472, 7.79669332504, 6.61337089539, 5.4506187439, 3.92862987518, 2.8044860363, 1.50712192059, 1.13098919392, 0.621240973473, 0.302337765694, 0.131546795368, 0.0342816971242, 0.00262489309534, 5.06870601384e-05],
        "dmean2": [0.20378780365, 2.76027131081, 5.86816835403, 5.44116401672, 7.98964977264, 8.13953781128, 6.0654258728, 7.2169585228, 10.8571720123, 12.0059995651, 19.5869884491, 20.0487613678, 36.963973999, 40.4848861694, 30.2299537659, 31.9642848969, 40.1447029114, 37.1391067505, 32.6321220398, 29.1176662445, 32.3988609314, 33.2934570312, 26.5568199158, 38.4457588196, 31.338312149, 23.7545547485, 21.1288337708, 13.3038110733, 11.2161064148, 9.07970142365, 6.46492910385, 4.562312603, 2.34348845482, 1.70133364201, 0.889456570148, 0.422652631998, 0.187572702765, 0.0503728464246, 0.00414476497099, 7.98823384685e-05],
        "dvar": [0.0541872754693, 11.9154977798, 50.0592269897, 22.8617572784, 47.9415817261, 97.0142593384, 54.8458175659, 76.4803314209, 300.337188721, 276.993682861, 881.455627441, 673.455627441, 2863.56176758, 3094.80419922, 1981.69042969, 2459.01098633, 3532.87597656, 1820.90637207, 2044.73071289, 988.27545166, 647.187805176, 646.973632812, 438.7628479, 773.100097656, 672.49621582, 423.67956543, 312.216186523, 162.678909302, 164.547805786, 98.6865158081, 55.3678512573, 25.5329914093, 6.89362192154, 5.75581502914, 2.17186355591, 0.32407823205, 0.0632268190384, 0.00530875660479, 5.82987631788e-05, 1.47025769337e-08],
        "dvar2": [0.137488916516, 32.1453437805, 141.877853394, 64.1582641602, 138.211700439, 271.773529053, 137.742477417, 208.250396729, 835.74609375, 687.784423828, 2465.55786133, 1853.16271973, 7779.68603516, 8305.75488281, 5458.14697266, 6993.89501953, 11254.2597656, 5110.078125, 5571.6953125, 2951.5234375, 1744.66320801, 1834.0078125, 1200.3651123, 2169.21606445, 1849.54345703, 1180.06970215, 880.920837402, 453.776184082, 456.518218994, 265.090423584, 141.617172241, 64.3837814331, 16.4782085419, 12.841676712, 4.31789302826, 0.617090404034, 0.122707165778, 0.0108991190791, 0.000132869259687, 3.35369882976e-08],
        "max": [2.93298888206, 41.4997520447, 74.2397155762, 71.6761932373, 128.430114746, 189.81262207, 255.648513794, 193.858978271, 316.352996826, 357.408569336, 479.531524658, 599.436279297, 1247.19067383, 1378.38415527, 986.368408203, 1633.20275879, 1214.97399902, 1003.01055908, 2168.015625, 819.16998291, 762.391723633, 631.908813477, 313.566192627, 529.155395508, 710.258422852, 410.725524902, 262.304656982, 155.349807739, 221.450790405, 203.321304321, 293.884216309, 119.266410828, 92.7863235474, 84.4385910034, 51.3699684143, 15.2983856201, 4.58694887161, 0.910916388035, 0.129441231489, 0.00231964630075],
        "mean": [0.166922286153, 2.42357134819, 5.64109182358, 5.66837310791, 8.37634468079, 8.37245845795, 6.57632827759, 7.38710546494, 10.1960363388, 14.0045394897, 19.0962123871, 22.0098133087, 36.5861473083, 38.0171585083, 29.4765663147, 29.7016468048, 32.458568573, 36.4998588562, 34.7426452637, 33.9344863892, 45.257106781, 45.6576766968, 39.2025794983, 58.2334594727, 48.0865859985, 34.6806335449, 30.8791160583, 17.7594909668, 14.2759943008, 11.8004302979, 8.89643096924, 6.65480804443, 4.09659767151, 2.97235870361, 1.6099998951, 0.724378228188, 0.26445415616, 0.0565908253193, 0.00314853293821, 0.000103352605947],
        "median": [0.07712777704, 1.43996763229, 4.15040969849, 4.39727115631, 5.40208005905, 3.68932437897, 2.97499465942, 4.50760936737, 4.24712753296, 4.46381187439, 7.12141418457, 8.95741844177, 12.2473564148, 12.6997299194, 10.9322776794, 10.4199695587, 13.1533889771, 18.4358253479, 18.7075500488, 24.12266922, 38.4805221558, 40.0488128662, 35.1695785522, 53.238899231, 41.9271659851, 30.7152824402, 27.3866424561, 15.0129165649, 11.3038520813, 8.97250938416, 6.3557806015, 4.87363243103, 3.07526874542, 1.91846942902, 0.832825422287, 0.320825099945, 0.101002007723, 0.0157026015222, 0.00039612344699, 5.94816447119e-05],
        "min": [1.50166034683e-22, 2.19818855408e-22, 1.13384873698e-21, 3.8666149798e-21, 1.3625068634e-20, 2.86289471827e-20, 4.86900835963e-20, 4.38643442144e-20, 1.15841836801e-19, 9.37443077348e-20, 2.16482717656e-19, 4.22123915066e-19, 6.08449656766e-19, 6.64378750101e-19, 1.16676007089e-18, 1.01846850735e-18, 1.75542346401e-18, 2.08616646206e-18, 2.19583799678e-18, 3.56582920975e-18, 4.66575484491e-18, 3.51283298867e-18, 5.24948586343e-18, 6.73768470145e-18, 7.20393994296e-18, 7.06621685251e-18, 8.13249815703e-18, 1.04456359481e-17, 9.61534679084e-18, 1.25929984727e-17, 1.15450210208e-17, 1.06516270817e-17, 1.06052751889e-17, 8.42162507808e-18, 6.24669179653e-18, 4.10200230613e-18, 2.24964030536e-18, 9.75513845321e-19, 2.44658596045e-19, 2.54739219988e-20],
        "var": [0.0614292323589, 11.2046489716, 40.6144371033, 26.0804767609, 99.9532089233, 174.961227417, 184.053787231, 101.494247437, 357.294128418, 650.832824707, 1082.26086426, 1388.07568359, 5095.41308594, 6131.05322266, 3445.45751953, 3857.78442383, 3975.73168945, 2784.70605469, 3004.41870117, 1468.09118652, 1343.85791016, 1165.17236328, 831.653564453, 1802.59545898, 1531.99157715, 769.692565918, 606.339233398, 256.424682617, 222.79649353, 176.695709229, 131.712661743, 61.5066680908, 23.1389312744, 21.4674625397, 8.23505783081, 1.20607376099, 0.155900120735, 0.00988317653537, 7.61585470173e-05, 2.08120258804e-08]
    },
    "gfcc": {
        "mean": [41.5347938538, 58.6886711121, -114.474990845, 49.1610107422, -44.2990570068, 18.6833648682, -32.1919708252, 18.4774475098, -27.4641284943, 3.79954862595, -21.5099124908, -0.576184153557, -14.9667015076],
        "cov": [[18162.7246094, -385.600921631, -652.753540039, 558.666137695, -722.855895996, 369.675476074, -551.971679688, 218.007965088, -518.471069336, -21.9829235077, -334.856231689, 71.6265258789, -318.973022461], [-385.600921631, 1281.7565918, -408.472167969, 37.3568000793, 178.86428833, -263.329315186, 147.925460815, -65.9748840332, 90.2997589111, -64.7331161499, 54.5918464661, -145.190093994, 56.7673416138], [-652.753540039, -408.472167969, 723.752075195, -77.4004440308, 50.8985900879, -2.3782119751, -75.5129852295, 58.9000091553, 18.3752155304, 56.0169372559, -36.838924408, 67.9752120972, -21.4635238647], [558.666137695, 37.3568000793, -77.4004440308, 402.134002686, 13.7234973907, 41.1985092163, -61.1135635376, -3.87733769417, 22.2923297882, -4.96426439285, 42.9973526001, -14.6139535904, 27.4706134796], [-722.855895996, 178.86428833, 50.8985900879, 13.7234973907, 266.71395874, -30.0480575562, 90.9774856567, -8.79332447052, 40.9703178406, 24.976556778, 28.4220352173, -19.2156085968, 19.8607635498], [369.675476074, -263.329315186, -2.3782119751, 41.1985092163, -30.0480575562, 238.32321167, 28.4875659943, 36.6679801941, -36.6201248169, 10.3972864151, 18.066450119, 49.7678260803, 0.112044237554], [-551.971679688, 147.925460815, -75.5129852295, -61.1135635376, 90.9774856567, 28.4875659943, 170.88482666, 24.4696559906, 38.5988006592, -8.80423545837, 20.3515052795, -9.49645519257, 18.674861908], [218.007965088, -65.9748840332, 58.9000091553, -3.87733769417, -8.79332447052, 36.6679801941, 24.4696559906, 111.139427185, 21.7784004211, 19.0482273102, -20.5923995972, 8.72191905975, 1.31128358841], [-518.471069336, 90.2997589111, 18.3752155304, 22.2923297882, 40.9703178406, -36.6201248169, 38.5988006592, 21.7784004211, 91.9509429932, 25.3921337128, 18.4633274078, -17.8729877472, 10.2352170944], [-21.9829235077, -64.7331161499, 56.0169372559, -4.96426439285, 24.976556778, 10.3972864151, -8.80423545837, 19.0482273102, 25.3921337128, 68.1226501465, 17.1720066071, 12.8530292511, -11.9297533035], [-334.856231689, 54.5918464661, -36.838924408, 42.9973526001, 28.4220352173, 18.066450119, 20.3515052795, -20.5923995972, 18.4633274078, 17.1720066071, 71.9733963013, 13.8526735306, 13.7518844604], [71.6265258789, -145.190093994, 67.9752120972, -14.6139535904, -19.2156085968, 49.7678260803, -9.49645519257, 8.72191905975, -17.8729877472, 12.8530292511, 13.8526735306, 63.1849784851, 9.76246070862], [-318.973022461, 56.7673416138, -21.4635238647, 27.4706134796, 19.8607635498, 0.112044237554, 18.674861908, 1.31128358841, 10.2352170944, -11.9297533035, 13.7518844604, 9.76246070862, 56.7132530212]],
        "icov": [[0.000126430677483, -0.000176205227035, 0.000143655212014, -0.000286596216029, 0.000136146685691, -0.000121486205899, 0.000167281730683, -0.000306119502056, 0.000568603747524, -0.000338457233738, 0.000718463154044, -0.000606976158451, 0.000741659896448], [-0.000176205227035, 0.0022531603463, 0.000496442429721, 0.000415248621721, -0.000856667000335, 0.00203974475153, -0.00104281760287, 5.34660757694e-05, -0.000797086860985, 0.00158792024013, -0.0028058513999, 0.00328810373321, -0.00202924129553], [0.000143655212014, 0.000496442429721, 0.00265813688748, 0.000237305139308, -0.00149423244875, 0.000460215989733, 0.0019576952327, -0.00143344211392, -0.00107698678039, 0.000357277225703, 0.00151313922834, -0.00310009880923, 0.00154921412468], [-0.000286596216029, 0.000415248621721, 0.000237305139308, 0.00466783065349, -0.00159771775361, -0.00147957424633, 0.00363779836334, -0.000457612448372, -0.00354381464422, 0.00314862746745, -0.00434914510697, 0.00316884950735, -0.00301259732805], [0.000136146685691, -0.000856667000335, -0.00149423244875, -0.00159771775361, 0.00703943567351, 0.000521387497429, -0.00492444075644, 0.00185761984903, 0.00269643194042, -0.00523095298558, 0.000946353829931, 0.0016466624802, -0.00115590530913], [-0.000121486205899, 0.00203974475153, 0.000460215989733, -0.00147957424633, 0.000521387497429, 0.00894383061677, -0.00454208720475, -0.001891462598, 0.0038550386671, -0.000626165885478, -0.0032216233667, -0.00134827173315, -0.00030917848926], [0.000167281730683, -0.00104281760287, 0.0019576952327, 0.00363779836334, -0.00492444075644, -0.00454208720475, 0.0152103342116, -0.00424964353442, -0.00623361254111, 0.00669871270657, -0.00189906405285, -0.00177547719795, 0.00108689954504], [-0.000306119502056, 5.34660757694e-05, -0.00143344211392, -0.000457612448372, 0.00185761984903, -0.001891462598, -0.00424964353442, 0.0148359509185, -0.00422549527138, -0.0045737917535, 0.00604505604133, 0.000207496617804, -0.00338758924045], [0.000568603747524, -0.000797086860985, -0.00107698678039, -0.00354381464422, 0.00269643194042, 0.0038550386671, -0.00623361254111, -0.00422549527138, 0.0240672063082, -0.0108572980389, -0.00100918509997, 0.00463513145223, -0.000677265517879], [-0.000338457233738, 0.00158792024013, 0.000357277225703, 0.00314862746745, -0.00523095298558, -0.000626165885478, 0.00669871270657, -0.0045737917535, -0.0108572980389, 0.0282005686313, -0.00997630134225, -0.00256930338219, 0.00560296094045], [0.000718463154044, -0.0028058513999, 0.00151313922834, -0.00434914510697, 0.000946353829931, -0.0032216233667, -0.00189906405285, 0.00604505604133, -0.00100918509997, -0.00997630134225, 0.0301414690912, -0.0134848617017, 0.00278530223295], [-0.000606976158451, 0.00328810373321, -0.00310009880923, 0.00316884950735, 0.0016466624802, -0.00134827173315, -0.00177547719795, 0.000207496617804, 0.00463513145223, -0.00256930338219, -0.0134848617017, 0.0363227985799, -0.0137670431286], [0.000741659896448, -0.00202924129553, 0.00154921412468, -0.00301259732805, -0.00115590530913, -0.00030917848926, 0.00108689954504, -0.00338758924045, -0.000677265517879, 0.00560296094045, 0.00278530223295, -0.0137670431286, 0.0290016997606]]
    },
    "melbands": {
        "dmean": [0.00146421522368, 0.00191311305389, 0.000590532610659, 0.00032602227293, 0.000148144725244, 9.35995703912e-05, 9.2961032351e-05, 8.75600671861e-05, 9.89138134173e-05, 7.79935216997e-05, 0.000115568705951, 0.000102622470877, 6.69336586725e-05, 4.67810386908e-05, 5.96485006099e-05, 4.88145487907e-05, 4.34857029177e-05, 3.43101746694e-05, 2.76410410152e-05, 2.57882056758e-05, 2.35251281993e-05, 2.2247679226e-05, 1.81985924428e-05, 1.63238401001e-05, 2.07812609005e-05, 1.60379913723e-05, 1.43366451084e-05, 8.64961020852e-06, 9.44084331422e-06, 6.10959568803e-06, 4.72808460472e-06, 4.0217746573e-06, 3.68161659026e-06, 3.09101278617e-06, 2.61516788669e-06, 1.97690587811e-06, 1.73681792148e-06, 1.18028742691e-06, 1.03638910787e-06, 1.00624538391e-06],
        "dmean2": [0.00241107214242, 0.0032452440355, 0.000987115432508, 0.000553889607545, 0.000250488723395, 0.000157774426043, 0.000157525122631, 0.000141339129186, 0.000164938872331, 0.000129382882733, 0.00019265897572, 0.000171851788764, 0.000112182984594, 7.8774857684e-05, 0.000103874546767, 8.6543004727e-05, 7.3570648965e-05, 5.81499043619e-05, 4.79700611322e-05, 4.42041673523e-05, 3.99760247092e-05, 3.81634490623e-05, 3.10848590743e-05, 2.80303484033e-05, 3.55511947419e-05, 2.71204771707e-05, 2.46741656156e-05, 1.49252027768e-05, 1.63834884006e-05, 1.03729562397e-05, 8.14072245703e-06, 6.85586655891e-06, 6.18304693489e-06, 5.19345803696e-06, 4.37385278929e-06, 3.24415009345e-06, 2.86058684651e-06, 1.88118224287e-06, 1.60978675012e-06, 1.53101427713e-06],
        "dvar": [8.29884174891e-06, 1.60474155564e-05, 6.85361158048e-07, 2.67572573875e-07, 9.47115310623e-08, 3.77029820697e-08, 5.87810227159e-08, 4.16488603605e-08, 5.37354090113e-08, 3.01040294914e-08, 7.824925774e-08, 5.65141284881e-08, 2.74290776758e-08, 1.44347760411e-08, 2.48819134185e-08, 1.57512118903e-08, 7.5227912788e-09, 6.7257137637e-09, 3.82197962168e-09, 1.54120816109e-09, 9.85464265746e-10, 8.62908688948e-10, 5.99006622082e-10, 4.36661901082e-10, 6.43746611573e-10, 4.88116880248e-10, 3.77219672165e-10, 1.75332831587e-10, 1.78198816814e-10, 7.46368800097e-11, 6.37577490803e-11, 5.64822737192e-11, 4.64674687617e-11, 3.25509168231e-11, 2.36667664633e-11, 1.37921774696e-11, 9.6036468708e-12, 4.43226965546e-12, 3.76751928266e-12, 5.47861625858e-12],
        "dvar2": [2.18299519474e-05, 4.40495714429e-05, 1.94794142772e-06, 7.55438634314e-07, 2.50705198823e-07, 1.03076096991e-07, 1.61267536214e-07, 1.05329569067e-07, 1.46855086314e-07, 8.46744683258e-08, 2.09635928172e-07, 1.50787528241e-07, 7.73403456833e-08, 3.79286504426e-08, 7.3234495801e-08, 4.90450027257e-08, 2.05910808404e-08, 1.79679293666e-08, 1.11812710202e-08, 4.32216973323e-09, 2.68679678506e-09, 2.45811349053e-09, 1.64676350334e-09, 1.23302046351e-09, 1.8171453231e-09, 1.35365618714e-09, 1.05603770173e-09, 4.84907225484e-10, 5.05315955746e-10, 2.07233744054e-10, 1.78303025122e-10, 1.57092325259e-10, 1.28262192534e-10, 8.66369059827e-11, 6.12845676984e-11, 3.52745992138e-11, 2.42692393959e-11, 1.11028226543e-11, 8.82671800234e-12, 1.26580352103e-11],
        "max": [0.0360376611352, 0.045541793108, 0.0122296251357, 0.0079266326502, 0.00678167073056, 0.0037366526667, 0.00415883492678, 0.00439618295059, 0.00346893724054, 0.00385704543442, 0.00673828646541, 0.00596748571843, 0.00335715408437, 0.00358827807941, 0.00346358865499, 0.00276354700327, 0.00214545219205, 0.00311324116774, 0.00190976588055, 0.00143509556074, 0.000775291817263, 0.00073342648102, 0.000468013167847, 0.000317323487252, 0.00042347717681, 0.000720165960956, 0.000284572655801, 0.000353665673174, 0.000201046626898, 0.000151334097609, 0.000106388441054, 0.000120782817248, 0.00012964673806, 0.000161326475791, 0.000189594138646, 0.000118565876619, 9.2851856607e-05, 6.41496444587e-05, 8.12417420093e-05, 9.01611492736e-05],
        "mean": [0.00209468998946, 0.00322228739969, 0.0011045394931, 0.000611687777564, 0.000267592287855, 0.000162650118, 0.000154014647705, 0.000159616713063, 0.000163153948961, 0.000136898524943, 0.000186773133464, 0.000158011884196, 0.000103880985989, 7.36421498004e-05, 8.4554485511e-05, 6.71217712807e-05, 6.86833518557e-05, 5.75468911848e-05, 4.48628161394e-05, 5.19508175785e-05, 5.14581770403e-05, 4.75359120173e-05, 3.82259131584e-05, 3.62352911907e-05, 4.92802719236e-05, 3.7926092773e-05, 3.17413760058e-05, 1.98397247004e-05, 2.09754616662e-05, 1.41203054227e-05, 8.97713016457e-06, 8.00706493465e-06, 7.52879577703e-06, 6.1643945628e-06, 5.37608730156e-06, 4.40606527263e-06, 3.84247368856e-06, 2.88601654574e-06, 2.60133811025e-06, 2.43878776018e-06],
        "median": [0.00119706173427, 0.00230593071319, 0.000871499651112, 0.000348977395333, 0.000118316937005, 9.61797777563e-05, 6.14366072114e-05, 4.56716406916e-05, 6.12199946772e-05, 5.0844719226e-05, 5.78132567171e-05, 4.92059880344e-05, 3.35768199875e-05, 2.70539185294e-05, 2.68276962743e-05, 2.73700461548e-05, 3.4326723835e-05, 2.93166194751e-05, 2.62816283794e-05, 3.9298167394e-05, 4.34258763562e-05, 4.05436876463e-05, 3.23059139191e-05, 3.14893331961e-05, 4.40561561845e-05, 3.24368302245e-05, 2.5667664886e-05, 1.72616964846e-05, 1.79102353286e-05, 1.20611312013e-05, 6.97544328432e-06, 6.07806350672e-06, 5.88179727856e-06, 4.36263144366e-06, 3.68128507944e-06, 3.05372714138e-06, 2.79143182524e-06, 2.1078105874e-06, 1.82003191185e-06, 1.50772939378e-06],
        "min": [1.80119466641e-24, 4.4795259427e-25, 1.03985327247e-24, 1.78062709046e-24, 1.82160762562e-24, 1.04377706662e-24, 1.87737279466e-24, 8.89101657663e-25, 1.42566127817e-24, 2.63693402535e-24, 2.58078468106e-24, 2.43466949761e-24, 3.00127732304e-24, 3.08653583195e-24, 3.45011196241e-24, 3.02495005273e-24, 3.37222023106e-24, 2.75288711209e-24, 3.56532943635e-24, 4.26916494105e-24, 5.54351845748e-24, 3.11159478747e-24, 4.17635663885e-24, 4.05300482568e-24, 5.20634510709e-24, 3.84637612219e-24, 4.09818407301e-24, 4.49429992695e-24, 4.1788324788e-24, 5.26074929385e-24, 5.61069509115e-24, 4.4545358153e-24, 4.93059641109e-24, 6.05117845455e-24, 5.70904514122e-24, 5.17451259741e-24, 6.20602001733e-24, 6.39327508585e-24, 6.1616943175e-24, 7.02436696547e-24],
        "var": [8.42605822982e-06, 1.42110711749e-05, 8.84038740878e-07, 5.95386495661e-07, 2.30103879062e-07, 5.4383168191e-08, 7.6804653304e-08, 9.31943588967e-08, 7.75736950231e-08, 6.14559212408e-08, 1.44786142187e-07, 1.11446667006e-07, 4.71721364192e-08, 2.35491270928e-08, 3.88850409649e-08, 1.80148695961e-08, 1.10615152593e-08, 1.02490069764e-08, 5.05338260126e-09, 3.06806913208e-09, 1.81335491067e-09, 1.43703637878e-09, 9.63977564439e-10, 7.9237894024e-10, 1.3848353575e-09, 1.02290309556e-09, 7.69402819234e-10, 2.81981077377e-10, 3.09067216264e-10, 1.46726700234e-10, 8.31066604423e-11, 7.43210423759e-11, 6.5078886724e-11, 6.13102416058e-11, 5.26732685247e-11, 3.22341077441e-11, 2.18028563953e-11, 1.21575484055e-11, 1.32716494045e-11, 1.7153055018e-11]
    },
    "mfcc": {
        "mean": [-593.970275879, 86.6476974487, -5.7461810112, 34.8283805847, 12.5191249847, 7.48661279678, 9.89983272552, 9.5451593399, 5.09903287888, 6.44123649597, -0.501600205898, -1.34496688843, -1.55671179295],
        "cov": [[8092.30761719, -284.476135254, 275.71383667, 91.882194519, -18.9627876282, 116.191390991, 14.2851982117, 118.903083801, -121.511230469, -51.6476554871, -70.8326721191, -50.0154190063, -69.6375198364], [-284.476135254, 1122.10058594, -299.318511963, 163.305511475, -4.63480997086, -87.8281784058, 42.1963157654, -38.9779319763, 48.6022338867, 45.3090248108, -1.70348596573, -11.4509496689, -19.0663127899], [275.71383667, -299.318511963, 438.62008667, -17.735168457, 54.2910346985, -18.6514930725, -71.4409942627, 8.80273914337, -8.70126724243, -16.6027984619, 11.6442136765, -5.13898706436, 12.8430700302], [91.882194519, 163.305511475, -17.735168457, 300.157012939, 111.954376221, -7.68753099442, -23.7288970947, -27.048034668, 14.866522789, 21.4694061279, -2.79038953781, 9.66548156738, 7.02288341522], [-18.9627876282, -4.63480997086, 54.2910346985, 111.954376221, 158.769332886, 33.7661705017, 11.5841884613, -17.6083850861, 8.56862545013, 12.2885541916, 8.3884935379, 7.59142494202, 14.8799724579], [116.191390991, -87.8281784058, -18.6514930725, -7.68753099442, 33.7661705017, 124.646194458, 57.0652542114, 24.3174247742, -13.6001682281, -5.92300319672, 11.8931703568, 12.1451444626, 5.50063323975], [14.2851982117, 42.1963157654, -71.4409942627, -23.7288970947, 11.5841884613, 57.0652542114, 115.771156311, 49.0123786926, 22.6107215881, 5.88530826569, 4.80411481857, 11.0237360001, 5.14391326904], [118.903083801, -38.9779319763, 8.80273914337, -27.048034668, -17.6083850861, 24.3174247742, 49.0123786926, 88.4726867676, 31.2915973663, 14.7754058838, -0.210258156061, 0.838959276676, 2.78186655045], [-121.511230469, 48.6022338867, -8.70126724243, 14.866522789, 8.56862545013, -13.6001682281, 22.6107215881, 31.2915973663, 84.6150665283, 36.9103813171, 11.9055624008, -4.95509767532, -1.67729258537], [-51.6476554871, 45.3090248108, -16.6027984619, 21.4694061279, 12.2885541916, -5.92300319672, 5.88530826569, 14.7754058838, 36.9103813171, 69.5281829834, 26.4720687866, 5.43528318405, -2.37938284874], [-70.8326721191, -1.70348596573, 11.6442136765, -2.79038953781, 8.3884935379, 11.8931703568, 4.80411481857, -0.210258156061, 11.9055624008, 26.4720687866, 58.3798484802, 26.1270332336, 6.46762609482], [-50.0154190063, -11.4509496689, -5.13898706436, 9.66548156738, 7.59142494202, 12.1451444626, 11.0237360001, 0.838959276676, -4.95509767532, 5.43528318405, 26.1270332336, 54.2512626648, 25.6803874969], [-69.6375198364, -19.0663127899, 12.8430700302, 7.02288341522, 14.8799724579, 5.50063323975, 5.14391326904, 2.78186655045, -1.67729258537, -2.37938284874, 6.46762609482, 25.6803874969, 47.1456947327]],
