{
"lowlevel": {
    "average_loudness": 0.935955703259,
    "barkbands_crest": {
        "dmean": 3.08557248116,
        "dmean2": 4.93452787399,
        "dvar": 10.2799310684,
        "dvar2": 23.1207370758,
        "max": 23.7566337585,
        "mean": 10.0498342514,
        "median": 9.43220233917,
        "min": 2.06292438507,
        "var": 19.258441925
    },
    "barkbands_flatness_db": {
        "dmean": 0.0239105690271,
        "dmean2": 0.0369571149349,
        "dvar": 0.000531710858922,
        "dvar2": 0.0012342260452,
        "max": 0.331479221582,
        "mean": 0.119425751269,
        "median": 0.112413764,
        "min": 0.0198608879,
        "var": 0.00267321942374
    },
    "barkbands_kurtosis": {
        "dmean": 3.30356693268,
        "dmean2": 5.43497085571,
        "dvar": 28.9681377411,
        "dvar2": 70.486907959,
        "max": 90.1140899658,
        "mean": 4.01672458649,
        "median": 1.83659887314,
        "min": -1.85394072533,
        "var": 49.4232444763
    },
    "barkbands_skewness": {
        "dmean": 0.633972346783,
        "dmean2": 1.0078638792,
        "dvar": 0.456610172987,
        "dvar2": 1.05524468422,
        "max": 8.44492435455,
        "mean": 1.67135250568,
        "median": 1.5926656723,
        "min": -4.14340543747,
        "var": 1.54430902004
    },
    "barkbands_spread": {
        "dmean": 6.11109161377,
        "dmean2": 9.56591510773,
        "dvar": 38.7326698303,
        "dvar2": 86.8333816528,
        "max": 100.189735413,
        "mean": 25.023431778,
        "median": 23.110212326,
        "min": 1.996565938,
        "var": 196.339584351
    },
    "dissonance": {
        "dmean": 0.0108766052872,
        "dmean2": 0.0182664226741,
        "dvar": 0.000107833613583,
        "dvar2": 0.000288882874884,
        "max": 0.500000119209,
        "mean": 0.478327900171,
        "median": 0.481634557247,
        "min": 0.305701255798,
        "var": 0.000233375598327
    },
    "dynamic_complexity": 2.81227970123,
    "erbbands_crest": {
        "dmean": 1.98808860779,
        "dmean2": 3.3529112339,
        "dvar": 3.78692507744,
        "dvar2": 10.8519248962,
        "max": 23.2172298431,
        "mean": 6.8648147583,
        "median": 6.20232248306,
        "min": 2.15433931351,
        "var": 7.6671705246
    },
    "erbbands_flatness_db": {
        "dmean": 0.013934683986,
        "dmean2": 0.0187740232795,
        "dvar": 0.000170338069438,
        "dvar2": 0.000292458134936,
        "max": 0.260740816593,
        "mean": 0.141038715839,
        "median": 0.136397704482,
        "min": 0.0289459265769,
        "var": 0.00130227196496
    },
    "erbbands_kurtosis": {
        "dmean": 0.50194901228,
        "dmean2": 0.811083674431,
        "dvar": 0.324793279171,
        "dvar2": 0.836958527565,
        "max": 10.8427648544,
        "mean": -0.387971222401,
        "median": -0.69063949585,
        "min": -1.72368836403,
        "var": 1.14789402485
    },
    "erbbands_skewness": {
        "dmean": 0.29537782073,
        "dmean2": 0.461667150259,
        "dvar": 0.0679693743587,
        "dvar2": 0.162947878242,
        "max": 2.09932088852,
        "mean": -0.0658798143268,
        "median": -0.0738044008613,
        "min": -2.20193505287,
        "var": 0.352424651384
    },
    "erbbands_spread": {
        "dmean": 7.24077606201,
        "dmean2": 11.1554775238,
        "dvar": 45.1505470276,
        "dvar2": 103.316947937,
        "max": 141.130340576,
        "mean": 44.9273414612,
        "median": 44.2580108643,
        "min": 10.2752313614,
        "var": 188.93522644
    },
    "hfc": {
        "dmean": 5.36072444916,
        "dmean2": 8.23773765564,
        "dvar": 78.8506011963,
        "dvar2": 169.807373047,
        "max": 263.172790527,
        "mean": 21.3060836792,
        "median": 15.0718984604,
        "min": 1.10928427389e-16,
        "var": 375.737243652
    },
    "melbands_crest": {
        "dmean": 4.09114456177,
        "dmean2": 6.5021147728,
        "dvar": 15.5169448853,
        "dvar2": 36.9796676636,
        "max": 33.2422904968,
        "mean": 14.8905439377,
        "median": 13.8354225159,
        "min": 1.78027379513,
        "var": 31.7654399872
    },
    "melbands_flatness_db": {
        "dmean": 0.0305122174323,
        "dmean2": 0.0475776381791,
        "dvar": 0.000898250204045,
        "dvar2": 0.00201897067018,
        "max": 0.403053849936,
        "mean": 0.186447396874,
        "median": 0.182298317552,
        "min": 0.00372639973648,
        "var": 0.00480791227892
    },
    "melbands_kurtosis": {
        "dmean": 8.63818264008,
        "dmean2": 14.1450090408,
        "dvar": 188.319793701,
        "dvar2": 440.127746582,
        "max": 224.301330566,
        "mean": 14.8332080841,
        "median": 9.71317005157,
        "min": -1.79398322105,
        "var": 320.347991943
    },
    "melbands_skewness": {
        "dmean": 0.868983089924,
        "dmean2": 1.38994753361,
        "dvar": 0.955294311047,
        "dvar2": 2.16989040375,
        "max": 12.6639719009,
        "mean": 3.07666277885,
        "median": 2.88890647888,
        "min": -1.62918007374,
        "var": 2.49990439415
    },
    "melbands_spread": {
        "dmean": 8.45731258392,
        "dmean2": 13.2114610672,
        "dvar": 99.2880401611,
        "dvar2": 213.560028076,
        "max": 264.29876709,
        "mean": 27.0052051544,
        "median": 19.5906085968,
        "min": 1.36651825905,
        "var": 652.513000488
    },
    "pitch_salience": {
        "dmean": 0.0827480256557,
        "dmean2": 0.137551113963,
        "dvar": 0.00662288907915,
        "dvar2": 0.0170341189951,
        "max": 0.919718384743,
        "mean": 0.561667323112,
        "median": 0.573140203953,
        "min": 0.115446478128,
        "var": 0.0125102940947
    },
    "silence_rate_20dB": {
        "dmean": 0,
        "dmean2": 0,
        "dvar": 0,
        "dvar2": 0,
        "max": 1,
        "mean": 1,
        "median": 1,
        "min": 1,
        "var": 0
    },
    "silence_rate_30dB": {
        "dmean": 0,
        "dmean2": 0,
        "dvar": 0,
        "dvar2": 0,
        "max": 1,
        "mean": 1,
        "median": 1,
        "min": 1,
        "var": 0
    },
    "silence_rate_60dB": {
        "dmean": 0.000181455267011,
        "dmean2": 0.000362943479558,
        "dvar": 0.000181422350579,
        "dvar2": 0.000362802878954,
        "max": 1,
        "mean": 0.0312074758112,
        "median": 0,
        "min": 0,
        "var": 0.0302334632725
    },
    "spectral_centroid": {
        "dmean": 270.46484375,
        "dmean2": 427.312316895,
        "dvar": 76500.8984375,
        "dvar2": 166711.65625,
        "max": 11494.3261719,
        "mean": 1461.41516113,
        "median": 1359.16711426,
        "min": 266.321350098,
        "var": 664331.1875
    },
    "spectral_complexity": {
        "dmean": 3.97060418129,
        "dmean2": 6.30868339539,
        "dvar": 15.5020923615,
        "dvar2": 36.0443458557,
        "max": 60,
        "mean": 24.8104877472,
        "median": 22,
        "min": 0,
        "var": 172.0521698
    },
    "spectral_decrease": {
        "dmean": 2.79970757688e-09,
        "dmean2": 4.52681181429e-09,
        "dvar": 1.66647296907e-17,
        "dvar2": 3.97319829064e-17,
        "max": 1.69031047128e-28,
        "mean": -6.66359278867e-09,
        "median": -5.30094679263e-09,
        "min": -3.89551750857e-08,
        "var": 2.27970943732e-17
    },
    "spectral_energy": {
        "dmean": 0.0108224237338,
        "dmean2": 0.0174947418272,
        "dvar": 0.000246801704634,
        "dvar2": 0.000590442446992,
        "max": 0.151157692075,
        "mean": 0.027082497254,
        "median": 0.0219621583819,
        "min": 1.0075047744e-20,
        "var": 0.00035366875818
    },
    "spectral_energyband_high": {
        "dmean": 0.000330401147949,
        "dmean2": 0.000487996992888,
        "dvar": 7.11680513632e-07,
        "dvar2": 1.20094694012e-06,
        "max": 0.0324492119253,
        "mean": 0.000976643757895,
        "median": 0.000559650245123,
        "min": 6.95351368146e-21,
        "var": 3.00840224554e-06
    },
    "spectral_energyband_low": {
        "dmean": 0.00545989442617,
        "dmean2": 0.00876570586115,
        "dvar": 0.000159513117978,
        "dvar2": 0.000360975624062,
        "max": 0.129268035293,
        "mean": 0.00813099835068,
        "median": 0.00362955592573,
        "min": 1.94315215845e-23,
        "var": 0.000196240944206
    },
    "spectral_energyband_middle_high": {
        "dmean": 0.0015077246353,
        "dmean2": 0.00244423141703,
        "dvar": 5.0043158808e-06,
        "dvar2": 1.31524648168e-05,
        "max": 0.0345241427422,
        "mean": 0.00506288884208,
        "median": 0.00351185747422,
        "min": 1.19207449728e-21,
        "var": 1.98142315639e-05
    },
    "spectral_energyband_middle_low": {
        "dmean": 0.00663991086185,
        "dmean2": 0.0107788695022,
        "dvar": 0.000112790614367,
        "dvar2": 0.000280479114735,
        "max": 0.105074614286,
        "mean": 0.0140309669077,
        "median": 0.010861297138,
        "min": 2.085108057e-22,
        "var": 0.000147804879816
    },
    "spectral_entropy": {
        "dmean": 0.126118570566,
        "dmean2": 0.192689627409,
        "dvar": 0.0156038012356,
        "dvar2": 0.0359474308789,
        "max": 9.82641887665,
        "mean": 7.703125,
        "median": 7.78155899048,
        "min": 6.21657133102,
        "var": 0.13659645617
    },
    "spectral_flux": {
        "dmean": 0.0287784785032,
        "dmean2": 0.0456517487764,
        "dvar": 0.00129308283795,
        "dvar2": 0.00307859457098,
        "max": 0.346682459116,
        "mean": 0.0870162472129,
        "median": 0.0782535597682,
        "min": 6.45326153625e-11,
        "var": 0.00270280684344
    },
    "spectral_kurtosis": {
        "dmean": 1.2811371088,
        "dmean2": 2.19275212288,
        "dvar": 2.3782017231,
        "dvar2": 7.05758047104,
        "max": 18.5265750885,
        "mean": 4.2652182579,
        "median": 3.88461494446,
        "min": -1.25263941288,
        "var": 4.26507329941
    },
    "spectral_rms": {
        "dmean": 0.000909201276954,
        "dmean2": 0.00144492147956,
        "dvar": 1.2756202068e-06,
        "dvar2": 2.96151551993e-06,
        "max": 0.0121437599882,
        "mean": 0.00484135281295,
        "median": 0.00462887622416,
        "min": 3.13517376123e-12,
        "var": 2.98327222481e-06
    },
    "spectral_rolloff": {
        "dmean": 543.503723145,
        "dmean2": 892.79864502,
        "dvar": 653202.6875,
        "dvar2": 1242230,
        "max": 19638.28125,
        "mean": 1641.70068359,
        "median": 1248.92578125,
        "min": 43.06640625,
        "var": 3133675.5
    },
    "spectral_skewness": {
        "dmean": 0.175792708993,
        "dmean2": 0.292931735516,
        "dvar": 0.0319650322199,
        "dvar2": 0.0876758024096,
        "max": 2.85647153854,
        "mean": 1.4222407341,
        "median": 1.41052031517,
        "min": -0.0646313801408,
        "var": 0.0858341529965
    },
    "spectral_spread": {
        "dmean": 430427.65625,
        "dmean2": 568351.5,
        "dvar": 460454985728,
        "dvar2": 733996711936,
        "max": 43791796,
        "mean": 4376395,
        "median": 4183792.25,
        "min": 1765160.375,
        "var": 4.60658783027e+12
    },
    "spectral_strongpeak": {
        "dmean": 0.370596438646,
        "dmean2": 0.630168616772,
        "dvar": 0.371435582638,
        "dvar2": 0.963043570518,
        "max": 10.4754152298,
        "mean": 0.703345000744,
        "median": 0.529146015644,
        "min": 0,
        "var": 0.509994029999
    },
    "zerocrossingrate": {
        "dmean": 0.0105884643272,
        "dmean2": 0.0124049400911,
        "dvar": 0.000166463316418,
        "dvar2": 0.00022654676286,
        "max": 0.52099609375,
        "mean": 0.0651706829667,
        "median": 0.056640625,
        "min": 0.0078125,
        "var": 0.00216249097139
    },
    "barkbands": {
        "dmean": [0.000515051768161, 0.00414849119261, 0.0012840682175, 0.00153235497419, 0.0047757239081, 0.00116297125351, 0.000568120856769, 0.000434472662164, 0.000430484098615, 0.00040123987128, 0.00017873084289, 0.000190587772522, 0.000222760223551, 0.000318655831506, 0.000373658374883, 0.000308855203912, 0.000372776848963, 0.000238307096879, 0.000201571441721, 0.0001298404095, 0.000104799124529, 8.64863322931e-05, 5.82531574764e-05, 5.48269890714e-05, 4.06513172493e-05, 1.89700149349e-05, 2.11587348531e-06],
        "dmean2": [0.000866514572408, 0.00673820218071, 0.00217931787483, 0.0026380198542, 0.00776275992393, 0.00185637129471, 0.000905914464965, 0.000693548645359, 0.000701970478985, 0.00066078058444, 0.000300357467495, 0.000317105936119, 0.000370896101231, 0.00052364252042, 0.000623471161816, 0.000515935302246, 0.000623685540631, 0.000399027339881, 0.000338075857144, 0.000218136425246, 0.000171840074472, 0.000138004907058, 8.91910822247e-05, 7.52787600504e-05, 5.54572688998e-05, 2.54252190643e-05, 3.21347647514e-06],
        "dvar": [1.65485596426e-06, 0.00011877725774, 6.57997043163e-06, 4.63936157757e-06, 9.76298324531e-05, 3.08068524646e-06, 1.26282975543e-06, 1.24448899896e-06, 8.44215094276e-07, 6.72933310852e-07, 1.35930093847e-07, 1.36513804705e-07, 1.67770508597e-07, 2.25465996095e-07, 4.24646344754e-07, 2.46805143433e-07, 3.00161445921e-07, 1.35558934744e-07, 8.88894575723e-08, 4.11632541386e-08, 5.0141220953e-08, 8.88376590069e-08, 3.21228164069e-08, 4.97509269337e-08, 2.42160265174e-08, 3.56316687267e-09, 3.67863135786e-11],
        "dvar2": [4.52711537946e-06, 0.000274437479675, 1.78473583219e-05, 1.36230682983e-05, 0.000241150642978, 7.77018885856e-06, 3.0073540529e-06, 2.97872293231e-06, 2.0485965706e-06, 1.64989978657e-06, 3.45133230439e-07, 3.58466024863e-07, 4.37823786115e-07, 5.54995267521e-07, 1.1441532024e-06, 6.64501953906e-07, 7.87751275766e-07, 3.57783733307e-07, 2.36976433143e-07, 1.11589521623e-07, 1.11075173947e-07, 1.99574969884e-07, 6.28872456332e-08, 7.71548442913e-08, 3.97572677002e-08, 4.8808388442e-09, 7.53425377642e-11],
        "max": [0.0115054035559, 0.107307508588, 0.0419638976455, 0.0322182662785, 0.0926885604858, 0.0348895974457, 0.038694165647, 0.0308597814292, 0.029367569834, 0.0280402377248, 0.0135254114866, 0.00904615595937, 0.00814809743315, 0.0103901252151, 0.0163520742208, 0.0134129626676, 0.00988924037665, 0.009032654576, 0.00691969506443, 0.00551809975877, 0.00918573420495, 0.0107548320666, 0.00666072126478, 0.00711689377204, 0.00621563754976, 0.00318644987419, 0.000289605086436],
        "mean": [0.000498999317642, 0.00492728454992, 0.00178588065319, 0.00268686190248, 0.00609807809815, 0.0024391177576, 0.00104374764487, 0.000672654889058, 0.000752466265112, 0.000689102627803, 0.000254707148997, 0.000288281938992, 0.000337541714543, 0.000558186438866, 0.000641067570541, 0.00060147565091, 0.000771175487898, 0.000495493062772, 0.000431752530858, 0.000289434276056, 0.00023074694036, 0.000176133748027, 0.00013477068569, 0.00013387882791, 9.85706501524e-05, 4.18559320678e-05, 3.27285806634e-06],
        "median": [1.1089243344e-05, 0.00105323363096, 0.000932934402954, 0.00152681046166, 0.0030561175663, 0.00150583533105, 0.000549289106857, 0.000266037066467, 0.000361833663192, 0.00036963733146, 0.000123253441416, 0.000138792267535, 0.000173557389644, 0.000319345330354, 0.000343654566677, 0.00031842282624, 0.000495315063745, 0.000262135086814, 0.000240183057031, 0.000182852309081, 0.000137333059683, 8.14419181552e-05, 5.02244147356e-05, 4.41683077952e-05, 3.23442036461e-05, 1.35418413265e-05, 7.61906676416e-07],
        "min": [6.28447913689e-25, 2.17725057638e-24, 2.66697207369e-24, 2.85904372967e-24, 1.43127735645e-23, 8.78249022088e-24, 4.07992785951e-24, 1.06022976659e-23, 3.79983727309e-23, 2.33081402673e-23, 2.40260273568e-23, 2.84787243374e-23, 4.03567733812e-23, 4.9537407223e-23, 5.80596577533e-23, 6.24800051258e-23, 8.68979133368e-23, 1.03942837227e-22, 1.68010232442e-22, 2.29912412732e-22, 2.58753318888e-22, 3.63581901761e-22, 3.59346690577e-22, 6.22607093672e-22, 9.00220600057e-22, 1.38062018011e-21, 2.19567217615e-21],
        "var": [1.65752067005e-06, 0.000130027372506, 6.60427986077e-06, 1.10418541226e-05, 0.000100387500424, 9.39939855016e-06, 2.662686029e-06, 2.3740690267e-06, 2.08534515878e-06, 1.60945489824e-06, 1.84316562013e-07, 2.00817027007e-07, 2.48334856678e-07, 5.02721150042e-07, 7.15922851668e-07, 5.37000914846e-07, 7.155935009e-07, 3.38412775136e-07, 2.57163662809e-07, 9.97889060272e-08, 1.30926110842e-07, 1.94259882846e-07, 1.07343822719e-07, 1.91431396956e-07, 8.40959373249e-08, 1.45671643637e-08, 9.25032758725e-11]
    },
    "erbbands": {
        "dmean": [0.149661079049, 0.922234177589, 1.64960277081, 2.9209997654, 14.9033031464, 14.3239078522, 7.19081163406, 9.7969083786, 8.77682304382, 8.60892677307, 8.97208881378, 10.4419183731, 12.9955730438, 8.57557868958, 7.96613168716, 7.63023757935, 9.79797554016, 13.5033712387, 15.1724119186, 22.9775180817, 15.9834480286, 17.5854797363, 13.5056219101, 11.881029129, 7.44683933258, 6.39806127548, 4.67673826218, 3.94089174271, 3.14024090767, 2.49907135963, 1.54654431343, 1.05035698414, 1.0371992588, 0.584697842598, 0.236453831196, 0.0925257652998, 0.0345295891166, 0.00751803955063, 0.000174931294168, 1.49108291225e-05],
        "dmean2": [0.245922490954, 1.6232714653, 2.86788582802, 4.9726433754, 24.5087451935, 23.8490753174, 11.7831439972, 15.7208328247, 13.7656459808, 13.9479885101, 14.3404922485, 16.8248729706, 21.4805011749, 14.2409706116, 13.3777093887, 12.6380062103, 16.353515625, 22.0141811371, 25.2949676514, 38.2767486572, 26.5885601044, 29.5979003906, 22.529302597, 19.9196853638, 12.5469446182, 10.7744016647, 7.78408002853, 6.41990852356, 5.00110006332, 3.85039281845, 2.35736560822, 1.53277158737, 1.43876469135, 0.815664947033, 0.325826644897, 0.126799851656, 0.0469819568098, 0.0103458724916, 0.000242136942688, 2.26558586292e-05],
        "dvar": [0.153927370906, 6.62873840332, 14.3778810501, 14.9779148102, 658.34979248, 1179.02209473, 178.921539307, 234.679733276, 281.569976807, 443.429290771, 595.322387695, 577.52142334, 701.111328125, 434.595550537, 227.678146362, 236.362121582, 341.9921875, 458.441467285, 636.637390137, 1777.92541504, 514.432617188, 656.058288574, 433.519012451, 303.965301514, 142.330856323, 97.0146865845, 81.1758270264, 90.5832519531, 104.951179504, 89.1366043091, 21.5872478485, 12.6679649353, 21.611158371, 5.83537483215, 0.658385694027, 0.0848074629903, 0.0126986624673, 0.000456927315099, 2.40057829615e-07, 4.85259332716e-10],
        "dvar2": [0.298595786095, 18.0966949463, 40.1303749084, 43.2006187439, 1670.91894531, 3037.96191406, 444.374694824, 595.227355957, 652.07824707, 1104.98596191, 1441.17175293, 1348.52990723, 1806.76525879, 975.842407227, 595.403991699, 607.008300781, 912.238098145, 1102.9317627, 1663.58825684, 4806.38574219, 1352.72583008, 1734.1081543, 1146.66101074, 805.910095215, 384.550354004, 264.101409912, 201.339233398, 197.676345825, 241.750228882, 181.495788574, 41.3915519714, 22.029253006, 36.4779815674, 9.73278045654, 1.1282556057, 0.123710356653, 0.0198589358479, 0.000724796613213, 3.79183632049e-07, 9.61196233717e-10],
        "max": [3.06762719154, 25.7158126831, 45.3384513855, 68.006111145, 250.95149231, 302.855010986, 330.036895752, 345.286773682, 719.738830566, 514.248474121, 678.266784668, 923.112487793, 665.909179688, 966.12902832, 375.962402344, 451.102264404, 349.843353271, 503.295898438, 578.657287598, 1024.40661621, 550.899414062, 437.316650391, 531.819335938, 304.54901123, 270.652282715, 228.598693848, 284.567230225, 372.448883057, 416.98828125, 429.483428955, 222.264907837, 136.312805176, 152.733139038, 98.6595458984, 32.4143180847, 15.3681564331, 6.67397975922, 1.04866552353, 0.0265084598213, 0.000702514895238],
        "mean": [0.167530268431, 0.988975703716, 2.16851830482, 5.57630300522, 21.1698150635, 15.8395853043, 13.7584638596, 19.3553638458, 18.3991947174, 13.7582921982, 14.5986871719, 18.9260578156, 22.5563755035, 13.966170311, 12.4358329773, 12.5333108902, 15.8070058823, 24.7942447662, 28.4239292145, 41.3384666443, 35.7840309143, 38.9448776245, 30.0184497833, 25.8962631226, 16.5077457428, 14.2188587189, 10.4066486359, 8.41523456573, 6.36588907242, 5.24554729462, 3.58335828781, 2.54305744171, 2.38642954826, 1.37661230564, 0.55033415556, 0.207582563162, 0.071267619729, 0.0142905600369, 0.000343847525073, 4.29652900493e-05],
        "median": [0.0161365959793, 0.273415118456, 1.12137424946, 4.02660942078, 11.667798996, 6.6113409996, 5.94013786316, 12.8662118912, 8.77395820618, 6.35028362274, 5.33655977249, 9.11696243286, 12.6276979446, 6.98407649994, 6.90016412735, 6.09973049164, 8.55730342865, 13.3388681412, 16.8273868561, 23.14245224, 22.8675518036, 25.4922809601, 16.3420276642, 14.8143072128, 9.20154380798, 9.04867458344, 6.87895679474, 4.62281703949, 3.05931687355, 2.07099509239, 1.3059899807, 0.851831972599, 0.740640223026, 0.409323513508, 0.201135396957, 0.0730280578136, 0.0214702505618, 0.00394950853661, 0.000110851826321, 3.34787546308e-05],
        "min": [1.26179399884e-22, 2.30134682181e-22, 2.87373409624e-21, 1.45166917861e-20, 1.03435470165e-20, 4.11652247951e-20, 4.40297480252e-20, 9.50466906846e-20, 6.81622480267e-20, 2.37816907651e-19, 4.59731112929e-19, 9.66135478331e-19, 9.26601208135e-19, 1.10035266715e-18, 1.56026167561e-18, 1.57718289581e-18, 2.62372032968e-18, 3.43225711841e-18, 4.23453980132e-18, 2.93601926802e-18, 3.84902276426e-18, 5.9856125021e-18, 7.20507566194e-18, 5.9161272627e-18, 7.1716914796e-18, 9.89210570737e-18, 1.07924463092e-17, 1.129852947e-17, 1.33100772098e-17, 1.05079325744e-17, 9.66704475195e-18, 1.10227201568e-17, 1.21063788717e-17, 8.60065508677e-18, 7.24679782486e-18, 4.36113483099e-18, 2.60496276852e-18, 1.12221515414e-18, 2.928493889e-19, 2.9445888204e-20],
        "var": [0.195641815662, 5.26584196091, 12.0906715393, 27.9711532593, 791.649658203, 1023.87072754, 708.197265625, 512.77734375, 797.567077637, 716.451843262, 1125.26733398, 1483.97253418, 1509.06005859, 984.151245117, 340.819641113, 394.262542725, 485.062774658, 1098.01635742, 1182.62390137, 3018.71289062, 1394.71374512, 1694.53283691, 1215.41662598, 852.699157715, 384.524932861, 238.804794312, 184.222381592, 221.231292725, 223.369842529, 232.84513855, 72.1534576416, 48.3594207764, 73.7860870361, 19.8458805084, 2.11206007004, 0.328364372253, 0.0449530519545, 0.00163203163538, 8.62982005856e-07, 1.4731476039e-09]
    },
    "gfcc": {
        "mean": [2.36896705627, 88.786239624, -119.938980103, 40.5025558472, -46.6382637024, 3.5684223175, -44.9740562439, 8.37190151215, -26.9261608124, 0.758625626564, -23.0601520538, -2.31649947166, -10.259812355],
        "cov": [[15169.8984375, -471.026184082, -691.222839355, -170.818222046, -691.955566406, 223.952255249, -547.563964844, 19.7376365662, -258.90524292, 124.458404541, -360.772491455, 266.189788818, -199.287063599], [-471.026184082, 1691.76379395, -294.81652832, -90.088394165, 346.391326904, -425.775146484, 168.107772827, -195.517730713, 25.2187862396, -134.206390381, 76.1889953613, -192.060623169, 149.378295898], [-691.222839355, -294.81652832, 490.993255615, -37.1286277771, 32.156124115, 91.7407608032, -14.2029647827, 31.0366973877, -17.3009090424, 55.3573074341, -29.8669281006, 78.1145706177, -19.0766487122], [-170.818222046, -90.088394165, -37.1286277771, 228.415130615, 44.0822601318, 85.0070648193, 45.6607894897, 59.815574646, 63.2824935913, 18.948600769, 59.2706336975, -1.55682706833, 12.4677715302], [-691.955566406, 346.391326904, 32.156124115, 44.0822601318, 305.423370361, -44.389377594, 126.632507324, 20.04570961, 36.867023468, 9.68898105621, 42.7803535461, -25.7337398529, 30.7496433258], [223.952255249, -425.775146484, 91.7407608032, 85.0070648193, -44.389377594, 264.649017334, 41.6196327209, 119.669456482, 44.1837158203, 53.8490180969, 8.5714597702, 55.2837104797, -47.2858123779], [-547.563964844, 168.107772827, -14.2029647827, 45.6607894897, 126.632507324, 41.6196327209, 172.929046631, 54.1586723328, 54.5645980835, -2.12055373192, 30.5173912048, -18.0369510651, 8.82822704315], [19.7376365662, -195.517730713, 31.0366973877, 59.815574646, 20.04570961, 119.669456482, 54.1586723328, 152.648208618, 67.2319869995, 61.6426925659, 24.5016422272, 26.7988739014, -17.3957977295], [-258.90524292, 25.2187862396, -17.3009090424, 63.2824935913, 36.867023468, 44.1837158203, 54.5645980835, 67.2319869995, 100.29309845, 41.5613937378, 51.4988670349, -5.23031806946, 12.5974206924], [124.458404541, -134.206390381, 55.3573074341, 18.948600769, 9.68898105621, 53.8490180969, -2.12055373192, 61.6426925659, 41.5613937378, 90.5570755005, 29.6525726318, 36.6069374084, -8.45250606537], [-360.772491455, 76.1889953613, -29.8669281006, 59.2706336975, 42.7803535461, 8.5714597702, 30.5173912048, 24.5016422272, 51.4988670349, 29.6525726318, 95.3055496216, 7.59557247162, 28.0179252625], [266.189788818, -192.060623169, 78.1145706177, -1.55682706833, -25.7337398529, 55.2837104797, -18.0369510651, 26.7988739014, -5.23031806946, 36.6069374084, 7.59557247162, 89.7018432617, 2.93682551384], [-199.287063599, 149.378295898, -19.0766487122, 12.4677715302, 30.7496433258, -47.2858123779, 8.82822704315, -17.3957977295, 12.5974206924, -8.45250606537, 28.0179252625, 2.93682551384, 69.2330551147]],
        "icov": [[0.000165485689649, -0.000396045099478, 0.000397551833885, -0.000215605759877, 0.000220554575208, -0.000490595761221, 0.000619481666945, -0.000227637618082, 0.000340508238878, -0.000624546140898, 0.000969789398368, -0.000951919530053, 0.000419717864133], [-0.000396045099478, 0.00335420109332, -0.00042086065514, 0.00171858165413, -0.0020135641098, 0.00300397560932, -0.00305363466032, 0.0020927733276, -0.00189953285735, 0.00224536680616, -0.00341498991475, 0.00444950861856, -0.00312827224843], [0.000397551833885, -0.00042086065514, 0.0039164503105, 0.000330219598254, -0.000899010163266, -0.00198568240739, 0.00166904798243, 0.000393873517169, 0.00073705939576, -0.00259319413453, 0.00340250274166, -0.00349924201146, 0.000322075065924], [-0.000215605759877, 0.00171858165413, 0.000330219598254, 0.00773979583755, -0.00223448639736, -0.00136094540358, -0.000324781285599, 0.000558739760891, -0.00295644020662, 0.00298110442236, -0.00458814576268, 0.00322178634815, -0.0027647446841], [0.000220554575208, -0.0020135641098, -0.000899010163266, -0.00223448639736, 0.00747519452125, 0.000753603759222, -0.00328098703176, -0.00163623073604, 0.00294270645827, -0.00353866862133, 0.000896972080227, -0.00120734341908, 0.00105665833689], [-0.000490595761221, 0.00300397560932, -0.00198568240739, -0.00136094540358, 0.000753603759222, 0.0124425813556, -0.00581722706556, -0.00244719814509, -0.00202636350878, 0.00262293382548, -0.00340586528182, 0.000732452259399, 0.00213092565536], [0.000619481666945, -0.00305363466032, 0.00166904798243, -0.000324781285599, -0.00328098703176, -0.00581722706556, 0.0156903769821, -0.00417749909684, -0.00278201559559, 0.00286024087109, 0.00368414027616, -0.00452429894358, 0.00288021168672], [-0.000227637618082, 0.0020927733276, 0.000393873517169, 0.000558739760891, -0.00163623073604, -0.00244719814509, -0.00417749909684, 0.0171838980168, -0.00716862315312, -0.0046109831892, 0.000551687960979, 0.00133115798235, -0.000795343134087], [0.000340508238878, -0.00189953285735, 0.00073705939576, -0.00295644020662, 0.00294270645827, -0.00202636350878, -0.00278201559559, -0.00716862315312, 0.0262439120561, -0.00997512880713, -0.00408783042803, 0.00394443003461, -0.00282946275547], [-0.000624546140898, 0.00224536680616, -0.00259319413453, 0.00298110442236, -0.00353866862133, 0.00262293382548, 0.00286024087109, -0.0046109831892, -0.00997512880713, 0.027005540207, -0.00880848709494, -0.00265433895402, 0.00273545342498], [0.000969789398368, -0.00341498991475, 0.00340250274166, -0.00458814576268, 0.000896972080227, -0.00340586528182, 0.00368414027616, 0.000551687960979, -0.00408783042803, -0.00880848709494, 0.0254750009626, -0.00905522331595, -0.00138914282434], [-0.000951919530053, 0.00444950861856, -0.00349924201146, 0.00322178634815, -0.00120734341908, 0.000732452259399, -0.00452429894358, 0.00133115798235, 0.00394443003461, -0.00265433895402, -0.00905522331595, 0.0269199497998, -0.0104560684413], [0.000419717864133, -0.00312827224843, 0.000322075065924, -0.0027647446841, 0.00105665833689, 0.00213092565536, 0.00288021168672, -0.000795343134087, -0.00282946275547, 0.00273545342498, -0.00138914282434, -0.0104560684413, 0.0252618696541]]
    },
    "melbands": {
        "dmean": [0.00117902364582, 0.000986350001767, 0.000759944377933, 0.00126260903198, 0.000269686395768, 0.000221880152822, 0.000127619015984, 9.23495972529e-05, 7.50108374632e-05, 6.53622701066e-05, 6.53541646898e-05, 3.65890737157e-05, 2.52788267971e-05, 2.21926329687e-05, 1.97903500521e-05, 2.29057350225e-05, 2.83310910163e-05, 2.71374938166e-05, 2.71296194114e-05, 2.83614099317e-05, 2.13216862903e-05, 2.15455202124e-05, 1.66619647644e-05, 1.13691912702e-05, 1.08070134957e-05, 7.0165933721e-06, 4.68158850708e-06, 4.63980768473e-06, 3.31119940711e-06, 2.88186856778e-06, 2.25973190027e-06, 1.88540855106e-06, 1.82869337095e-06, 1.40109807489e-06, 1.02421870452e-06, 7.60555792567e-07, 6.70933559377e-07, 8.19776118988e-07, 6.33806223505e-07, 4.96505208503e-07],
        "dmean2": [0.00189267878886, 0.00173119723331, 0.00128633074928, 0.0020614550449, 0.000450433930382, 0.00035406180541, 0.000200194830541, 0.00014947935415, 0.000120059026813, 0.000105820836325, 0.000107993328129, 6.08301561442e-05, 4.24368590757e-05, 3.66681852029e-05, 3.30136608682e-05, 3.8286918425e-05, 4.61719064333e-05, 4.54852379335e-05, 4.5576991397e-05, 4.72914689453e-05, 3.56698219548e-05, 3.61800084647e-05, 2.79474697891e-05, 1.91835624719e-05, 1.81759423867e-05, 1.18949492389e-05, 7.93074741523e-06, 7.86680448073e-06, 5.58521514904e-06, 4.73032287118e-06, 3.7032086766e-06, 3.04274681184e-06, 2.93009611596e-06, 2.17382921619e-06, 1.58481225299e-06, 1.21397113162e-06, 9.69702682596e-07, 1.15830607683e-06, 9.04235946564e-07, 7.13690269549e-07],
        "dvar": [9.45239753491e-06, 6.20970058662e-06, 9.07880007617e-07, 7.24882193026e-06, 2.21092136599e-07, 1.11414088622e-07, 5.68042750615e-08, 5.15442266646e-08, 3.89800547396e-08, 2.08400461332e-08, 1.78655685801e-08, 8.07897482247e-09, 2.38130404284e-09, 1.83707926649e-09, 1.39840217184e-09, 1.79643511178e-09, 2.0009316426e-09, 1.89424542718e-09, 2.37219532906e-09, 2.38795094809e-09, 8.7515156233e-10, 9.6068619726e-10, 8.91182350138e-10, 2.83461698558e-10, 2.62530525097e-10, 1.18396584203e-10, 5.9085188131e-11, 5.07011724271e-11, 3.7588085422e-11, 3.71609479299e-11, 3.32965530148e-11, 3.35083211178e-11, 5.32694270639e-11, 2.47487516591e-11, 9.8308878399e-12, 4.81321970128e-12, 6.23782969722e-12, 1.40665127116e-11, 7.0167621713e-12, 4.13628463078e-12],
        "dvar2": [1.95076045202e-05, 1.7365138774e-05, 2.65789162768e-06, 1.80179013114e-05, 5.80111418458e-07, 2.81275333691e-07, 1.33071267783e-07, 1.26781415588e-07, 9.49947462914e-08, 4.90813256704e-08, 4.61013272002e-08, 1.79411649981e-08, 6.2877014706e-09, 4.79783723861e-09, 3.68698183095e-09, 4.70627048443e-09, 4.76841499619e-09, 4.92741092373e-09, 6.41609121388e-09, 6.38845865097e-09, 2.29074514912e-09, 2.53960141805e-09, 2.27792029683e-09, 7.66186947221e-10, 7.00275504251e-10, 3.19802129223e-10, 1.59019894475e-10, 1.39103686903e-10, 9.81574613257e-11, 8.30962729181e-11, 7.54834805772e-11, 7.84089668193e-11, 1.270010902e-10, 4.96625032764e-11, 1.98329720702e-11, 1.09628365413e-11, 1.09633213966e-11, 2.47696481381e-11, 1.28766164398e-11, 7.16397861172e-12],
        "max": [0.0268902927637, 0.0265142992139, 0.0114914309233, 0.0249447580427, 0.00882759597152, 0.00702968845144, 0.00913874991238, 0.00523874396458, 0.00574755389243, 0.00568676833063, 0.00341885653324, 0.00432970561087, 0.00122980796732, 0.000800956331659, 0.000777492241468, 0.000972227659076, 0.00113661820069, 0.000905821099877, 0.00123855727725, 0.00125346169807, 0.000619945407379, 0.000519307737704, 0.000950843270402, 0.000309071008814, 0.000288500130409, 0.000304135115584, 0.000149435276398, 0.000164443335962, 0.000218915069127, 0.000256899220403, 0.000211419101106, 0.000262737739831, 0.000269872776698, 0.000204423748073, 0.00015988467203, 7.22996264813e-05, 8.77156344359e-05, 0.000122085082694, 0.000107209503767, 7.59612375987e-05],
        "mean": [0.00141701672692, 0.00121647992637, 0.0014214386465, 0.00154580909293, 0.000460142240627, 0.000459412607597, 0.000261132314336, 0.000145839774632, 0.000119846270536, 0.00011576943507, 0.000110955079435, 5.67260758544e-05, 3.75212475774e-05, 3.43419378623e-05, 3.1236493669e-05, 3.53773648385e-05, 4.90365964652e-05, 4.703729428e-05, 4.67770842079e-05, 5.15785395692e-05, 4.28123858001e-05, 4.34376743215e-05, 3.24370521412e-05, 2.29996767303e-05, 2.1298403226e-05, 1.3811944882e-05, 9.53257040237e-06, 9.46133604884e-06, 6.57236523693e-06, 5.89849832977e-06, 4.42220061814e-06, 3.58072611562e-06, 3.27394354827e-06, 2.83790177491e-06, 2.17127535507e-06, 1.66043218996e-06, 1.48723552229e-06, 1.75939771907e-06, 1.40402107718e-06, 1.09252312086e-06],
        "median": [0.00023206952028, 0.000548864016309, 0.00103489367757, 0.000714811787475, 0.000217335793423, 0.000300815794617, 0.000127076375065, 6.56276242808e-05, 4.1532672185e-05, 5.68263822061e-05, 6.15323951934e-05, 2.74607973552e-05, 1.936893932e-05, 1.71601623151e-05, 1.59253722813e-05, 1.80885090231e-05, 2.59631106019e-05, 2.76329010376e-05, 2.62551238848e-05, 2.68586263701e-05, 2.74750018434e-05, 2.83430454147e-05, 1.55309680849e-05, 1.19758042274e-05, 1.20754157251e-05, 7.36758374842e-06, 5.23644075656e-06, 5.9469525695e-06, 4.40430630988e-06, 3.11086591864e-06, 2.34639628616e-06, 1.72380816821e-06, 1.28438136926e-06, 1.08549670585e-06, 7.68762163261e-07, 5.56593363399e-07, 4.80177561712e-07, 5.33985200946e-07, 4.0396051304e-07, 3.20502437035e-07],
        "min": [2.82425200553e-24, 1.93097293494e-24, 2.279519293e-24, 1.37835230361e-24, 1.88683360349e-24, 1.95950544224e-24, 8.27598511618e-25, 3.18740885641e-24, 4.17726935091e-24, 5.55894699906e-24, 3.65974109835e-24, 3.80113573814e-24, 4.70958125127e-24, 2.95065217445e-24, 4.00558521337e-24, 4.72643684223e-24, 4.94935039582e-24, 6.57661661541e-24, 4.37598499066e-24, 4.17596733599e-24, 3.838187746e-24, 5.50328497359e-24, 5.28037063115e-24, 4.28523758757e-24, 4.06511660159e-24, 5.56560537953e-24, 5.69025605218e-24, 4.73928935853e-24, 6.5065705002e-24, 4.88877850007e-24, 5.56040915275e-24, 7.12221332785e-24, 5.76792650805e-24, 4.80962932444e-24, 4.87961193635e-24, 5.79398218932e-24, 7.07569341141e-24, 7.86019349354e-24, 7.78903666217e-24, 7.17449508434e-24],
        "var": [1.17495055747e-05, 4.9552627388e-06, 1.69220379576e-06, 7.2362749961e-06, 5.80812525186e-07, 2.73929686045e-07, 1.51510860746e-07, 8.89136160254e-08, 7.36759133702e-08, 5.23649639206e-08, 3.80155320556e-08, 1.84248030166e-08, 3.29543814459e-09, 2.71441713551e-09, 2.02192373955e-09, 2.79679324144e-09, 4.70731498226e-09, 3.31785110497e-09, 3.77565489984e-09, 4.57846160984e-09, 2.06193395691e-09, 2.17491069598e-09, 2.1432375874e-09, 6.80658418517e-10, 6.43571640424e-10, 2.90338586506e-10, 1.40676248428e-10, 1.09927983383e-10, 6.83531842238e-11, 9.96808330322e-11, 6.86824833118e-11, 6.54521437049e-11, 1.02207797781e-10, 6.7896473166e-11, 2.94634802667e-11, 1.43842446634e-11, 2.18189008527e-11, 4.46229095341e-11, 2.27217342164e-11, 1.28235512487e-11]
    },
    "mfcc": {
        "mean": [-634.331176758, 117.317428589, -11.4015598297, 35.2908973694, 13.646935463, 1.12749183178, -3.57258343697, -1.54255056381, 1.74812090397, -0.563011705875, -5.02244901657, -4.52396678925, -6.11253881454],
        "cov": [[8883.53710938, -193.938919067, 47.9775047302, -315.106781006, -105.43409729, 39.2146911621, -275.387329102, -7.42315673828, -93.3378219604, -99.219039917, -33.4122085571, -104.86933136, -21.381986618], [-193.938919067, 1789.58007812, -424.495178223, 356.113708496, 29.686662674, -72.1168441772, 53.7451629639, -145.84487915, 2.49703073502, -36.5225868225, -116.427131653, -41.6491889954, -96.9175186157], [47.9775047302, -424.495178223, 388.959838867, -123.723487854, 10.5169219971, 34.987865448, -27.6093769073, 22.3378562927, 6.89252662659, -24.3859977722, 42.0153007507, -17.9638576508, 23.9817867279], [-315.106781006, 356.113708496, -123.723487854, 237.165756226, 65.8405838013, 5.63882160187, 39.8365211487, -14.2556247711, 14.4675292969, 19.843755722, -23.492559433, 19.0758399963, -1.76559150219], [-105.43409729, 29.686662674, 10.5169219971, 65.8405838013, 128.70161438, 23.6015720367, 35.5358657837, 8.42421245575, 18.7520637512, 29.8906650543, 16.4963111877, 23.6993560791, 25.7216930389], [39.2146911621, -72.1168441772, 34.987865448, 5.63882160187, 23.6015720367, 98.8813934326, 42.2813491821, 51.6185455322, 15.1062841415, 15.5498561859, 26.0183582306, 9.26529407501, 11.9109735489], [-275.387329102, 53.7451629639, -27.6093769073, 39.8365211487, 35.5358657837, 42.2813491821, 102.566795349, 56.4736824036, 33.9639015198, 33.358631134, 27.0214004517, 26.9749088287, 13.22610569], [-7.42315673828, -145.84487915, 22.3378562927, -14.2556247711, 8.42421245575, 51.6185455322, 56.4736824036, 121.400878906, 41.6105957031, 41.7398262024, 40.4073486328, 27.3647956848, 26.270357132], [-93.3378219604, 2.49703073502, 6.89252662659, 14.4675292969, 18.7520637512, 15.1062841415, 33.9639015198, 41.6105957031, 87.0628890991, 37.3970832825, 33.7588272095, 24.09516716, 14.0925531387], [-99.219039917, -36.5225868225, -24.3859977722, 19.843755722, 29.8906650543, 15.5498561859, 33.358631134, 41.7398262024, 37.3970832825, 85.4062576294, 48.5178222656, 37.5359764099, 20.2623958588], [-33.4122085571, -116.427131653, 42.0153007507, -23.492559433, 16.4963111877, 26.0183582306, 27.0214004517, 40.4073486328, 33.7588272095, 48.5178222656, 91.5136566162, 43.8238143921, 26.5979690552], [-104.86933136, -41.6491889954, -17.9638576508, 19.0758399963, 23.6993560791, 9.26529407501, 26.9749088287, 27.3647956848, 24.09516716, 37.5359764099, 43.8238143921, 77.7954864502, 44.405456543], [-21.381986618, -96.9175186157, 23.9817867279, -1.76559150219, 25.7216930389, 11.9109735489, 13.22610569, 26.270357132, 14.0925531387, 20.2623958588, 26.5979690552, 44.405456543, 68.5757217407]],
