{
"lowlevel": {
    "average_loudness": 0.943653643131,
    "barkbands_crest": {
        "dmean": 2.24267983437,
        "dmean2": 3.57322311401,
        "dvar": 4.64832544327,
        "dvar2": 11.3293771744,
        "max": 26.5602416992,
        "mean": 10.8066835403,
        "median": 9.83345508575,
        "min": 2.46670269966,
        "var": 20.4756278992
    },
    "barkbands_flatness_db": {
        "dmean": 0.0200520660728,
        "dmean2": 0.0304315723479,
        "dvar": 0.000447508267825,
        "dvar2": 0.000995374284685,
        "max": 0.679030299187,
        "mean": 0.158922985196,
        "median": 0.114442639053,
        "min": 0.0235214028507,
        "var": 0.0154571039602
    },
    "barkbands_kurtosis": {
        "dmean": 5.09076118469,
        "dmean2": 7.88080120087,
        "dvar": 135.731414795,
        "dvar2": 283.826599121,
        "max": 689.03326416,
        "mean": 12.1740589142,
        "median": 5.11502742767,
        "min": -1.89458715916,
        "var": 900.401794434
    },
    "barkbands_skewness": {
        "dmean": 0.585015654564,
        "dmean2": 0.891416847706,
        "dvar": 0.526558935642,
        "dvar2": 1.15503537655,
        "max": 17.2411212921,
        "mean": 2.43818497658,
        "median": 2.1820063591,
        "min": -6.2998585701,
        "var": 2.26937818527
    },
    "barkbands_spread": {
        "dmean": 5.7691950798,
        "dmean2": 8.75028896332,
        "dvar": 65.3290710449,
        "dvar2": 137.818389893,
        "max": 115.897323608,
        "mean": 20.7494564056,
        "median": 18.9886169434,
        "min": 0.135336205363,
        "var": 245.287979126
    },
    "dissonance": {
        "dmean": 0.017923431471,
        "dmean2": 0.0294599533081,
        "dvar": 0.000350392772816,
        "dvar2": 0.000880757521372,
        "max": 0.500000119209,
        "mean": 0.450409203768,
        "median": 0.466191053391,
        "min": 0.143309637904,
        "var": 0.00237591844052
    },
    "dynamic_complexity": 3.49248051643,
    "erbbands_crest": {
        "dmean": 2.51171588898,
        "dmean2": 3.92225670815,
        "dvar": 6.67408657074,
        "dvar2": 15.8148899078,
        "max": 31.3846130371,
        "mean": 9.64636230469,
        "median": 8.08587932587,
        "min": 2.26588106155,
        "var": 28.5462322235
    },
    "erbbands_flatness_db": {
        "dmean": 0.0144501328468,
        "dmean2": 0.0207468066365,
        "dvar": 0.000278512830846,
        "dvar2": 0.000531559286173,
        "max": 0.444019824266,
        "mean": 0.136403396726,
        "median": 0.109443895519,
        "min": 0.0365399979055,
        "var": 0.00611277343705
    },
    "erbbands_kurtosis": {
        "dmean": 1.30164587498,
        "dmean2": 1.927693367,
        "dvar": 9.08109474182,
        "dvar2": 18.4816532135,
        "max": 274.420532227,
        "mean": 3.72222065926,
        "median": -0.264042615891,
        "min": -1.82776129246,
        "var": 435.373626709
    },
    "erbbands_skewness": {
        "dmean": 0.350612282753,
        "dmean2": 0.517339885235,
        "dvar": 0.158572509885,
        "dvar2": 0.321117252111,
        "max": 13.1031780243,
        "mean": 0.882903456688,
        "median": 0.650909006596,
        "min": -5.40445184708,
        "var": 1.94851362705
    },
    "erbbands_spread": {
        "dmean": 8.91385555267,
        "dmean2": 13.5980625153,
        "dvar": 116.072090149,
        "dvar2": 250.486450195,
        "max": 166.331298828,
        "mean": 49.4642066956,
        "median": 50.800693512,
        "min": 1.0802526474,
        "var": 631.102783203
    },
    "hfc": {
        "dmean": 5.45495271683,
        "dmean2": 8.14685630798,
        "dvar": 62.4368858337,
        "dvar2": 132.517074585,
        "max": 153.478820801,
        "mean": 22.9448337555,
        "median": 21.1577548981,
        "min": 1.33243642733e-16,
        "var": 288.282104492
    },
    "melbands_crest": {
        "dmean": 2.8069331646,
        "dmean2": 4.52331399918,
        "dvar": 7.1991443634,
        "dvar2": 18.7298965454,
        "max": 34.3543891907,
        "mean": 15.3531684875,
        "median": 14.7410612106,
        "min": 1.91104614735,
        "var": 24.0997085571
    },
    "melbands_flatness_db": {
        "dmean": 0.0244200900197,
        "dmean2": 0.0369884483516,
        "dvar": 0.000686602666974,
        "dvar2": 0.00149808183778,
        "max": 0.830396056175,
        "mean": 0.247368514538,
        "median": 0.198779508471,
        "min": 0.00350170722231,
        "var": 0.02131569013
    },
    "melbands_kurtosis": {
        "dmean": 11.5390644073,
        "dmean2": 18.2155132294,
        "dvar": 470.888549805,
        "dvar2": 1057.57788086,
        "max": 596.208740234,
        "mean": 26.5955696106,
        "median": 17.2106208801,
        "min": -1.88523888588,
        "var": 1211.5567627
    },
    "melbands_skewness": {
        "dmean": 0.827169120312,
        "dmean2": 1.28928542137,
        "dvar": 1.00742352009,
        "dvar2": 2.32918453217,
        "max": 18.1146564484,
        "mean": 3.60721230507,
        "median": 3.37353014946,
        "min": -2.15972447395,
        "var": 3.63235330582
    },
    "melbands_spread": {
        "dmean": 4.94373178482,
        "dmean2": 7.52183008194,
        "dvar": 93.2415161133,
        "dvar2": 179.864196777,
        "max": 267.272125244,
        "mean": 15.6001634598,
        "median": 13.1042575836,
        "min": 0.270313560963,
        "var": 299.426086426
    },
    "pitch_salience": {
        "dmean": 0.0649009123445,
        "dmean2": 0.103392295539,
        "dvar": 0.00391704123467,
        "dvar2": 0.00995652284473,
        "max": 0.88130402565,
        "mean": 0.53063595295,
        "median": 0.541815936565,
        "min": 0.0481458716094,
        "var": 0.0169742703438
    },
    "silence_rate_20dB": {
        "dmean": 0,
        "dmean2": 0,
        "dvar": 0,
        "dvar2": 0,
        "max": 1,
        "mean": 1,
        "median": 1,
        "min": 1,
        "var": 0
    },
    "silence_rate_30dB": {
        "dmean": 0.00591603061184,
        "dmean2": 0.0118331899866,
        "dvar": 0.00588048016652,
        "dvar2": 0.0172258205712,
        "max": 1,
        "mean": 0.996851444244,
        "median": 1,
        "min": 0,
        "var": 0.00313844718039
    },
    "silence_rate_60dB": {
        "dmean": 0.0112595418468,
        "dmean2": 0.0225212331861,
        "dvar": 0.0111343963072,
        "dvar2": 0.0243007894605,
        "max": 1,
        "mean": 0.0619215741754,
        "median": 0,
        "min": 0,
        "var": 0.0580917969346
    },
    "spectral_centroid": {
        "dmean": 211.742218018,
        "dmean2": 324.08694458,
        "dvar": 81103.6171875,
        "dvar2": 159445.640625,
        "max": 10978.5419922,
        "mean": 1021.69470215,
        "median": 994.717590332,
        "min": 86.5476303101,
        "var": 376858.53125
    },
    "spectral_complexity": {
        "dmean": 3.15954208374,
        "dmean2": 4.92928695679,
        "dvar": 11.8686237335,
        "dvar2": 25.0518035889,
        "max": 48,
        "mean": 18.3804035187,
        "median": 20,
        "min": 0,
        "var": 104.714576721
    },
    "spectral_decrease": {
        "dmean": 3.15236214909e-09,
        "dmean2": 5.16481257762e-09,
        "dvar": 2.40189658694e-17,
        "dvar2": 6.42608493752e-17,
        "max": 2.52710343948e-28,
        "mean": -8.87192097565e-09,
        "median": -8.02054511695e-09,
        "min": -4.70361243288e-08,
        "var": 4.01807283887e-17
    },
    "spectral_energy": {
        "dmean": 0.0121841849759,
        "dmean2": 0.0199289154261,
        "dvar": 0.000355678639608,
        "dvar2": 0.00095057382714,
        "max": 0.180890589952,
        "mean": 0.0355657711625,
        "median": 0.0325396507978,
        "min": 1.11318040961e-20,
        "var": 0.000617428391706
    },
    "spectral_energyband_high": {
        "dmean": 0.000424634286901,
        "dmean2": 0.000616824952886,
        "dvar": 6.16229726802e-07,
        "dvar2": 1.15059458494e-06,
        "max": 0.0207574497908,
        "mean": 0.00130651926156,
        "median": 0.000996931106783,
        "min": 8.00543377345e-21,
        "var": 2.24447308028e-06
    },
    "spectral_energyband_low": {
        "dmean": 0.00769214099273,
        "dmean2": 0.012931605801,
        "dvar": 0.000223295835895,
        "dvar2": 0.000616633915342,
        "max": 0.153881058097,
        "mean": 0.0152488630265,
        "median": 0.011558492668,
        "min": 8.41010669508e-23,
        "var": 0.000266556628048
    },
    "spectral_energyband_middle_high": {
        "dmean": 0.000919124169741,
        "dmean2": 0.00136186252348,
        "dvar": 2.53839243669e-06,
        "dvar2": 5.30347324457e-06,
        "max": 0.0415196716785,
        "mean": 0.00326554966159,
        "median": 0.00244300975464,
        "min": 1.29424978121e-21,
        "var": 1.49721863636e-05
    },
    "spectral_energyband_middle_low": {
        "dmean": 0.00773506518453,
        "dmean2": 0.0124606322497,
        "dvar": 0.000142328615766,
        "dvar2": 0.000363802508218,
        "max": 0.132750943303,
        "mean": 0.0181012395769,
        "median": 0.0144804669544,
        "min": 2.62913809168e-22,
        "var": 0.000249805569183
    },
    "spectral_entropy": {
        "dmean": 0.152570530772,
        "dmean2": 0.223875969648,
        "dvar": 0.0376840531826,
        "dvar2": 0.0720110833645,
        "max": 9.78827762604,
        "mean": 7.43774366379,
        "median": 7.79591989517,
        "min": 3.74899101257,
        "var": 0.935146510601
    },
    "spectral_flux": {
        "dmean": 0.028216265142,
        "dmean2": 0.0440974012017,
        "dvar": 0.00141861161683,
        "dvar2": 0.00295764254406,
        "max": 0.39519020915,
        "mean": 0.0883188024163,
        "median": 0.0813656672835,
        "min": 1.05507366732e-10,
        "var": 0.0033084419556
    },
    "spectral_kurtosis": {
        "dmean": 2.07339572906,
        "dmean2": 3.3320991993,
        "dvar": 31.9031486511,
        "dvar2": 78.9728546143,
        "max": 196.240844727,
        "mean": 9.98869800568,
        "median": 3.18747901917,
        "min": -1.1805536747,
        "var": 635.45904541
    },
    "spectral_rms": {
        "dmean": 0.0008995757089,
        "dmean2": 0.00142798898742,
        "dvar": 1.39436770041e-06,
        "dvar2": 3.54929943569e-06,
        "max": 0.013284525834,
        "mean": 0.0054784542881,
        "median": 0.00563435908407,
        "min": 3.2954964712e-12,
        "var": 4.68502639706e-06
    },
    "spectral_rolloff": {
        "dmean": 443.75692749,
        "dmean2": 739.46887207,
        "dvar": 1198596.25,
        "dvar2": 2500450.75,
        "max": 19659.8144531,
        "mean": 1070.70068359,
        "median": 581.396484375,
        "min": 64.599609375,
        "var": 3051063.25
    },
    "spectral_skewness": {
        "dmean": 0.21653342247,
        "dmean2": 0.333725750446,
        "dvar": 0.125835806131,
        "dvar2": 0.272313535213,
        "max": 12.4875144958,
        "mean": 2.02040863037,
        "median": 1.51231300831,
        "min": -0.141768783331,
        "var": 3.32855463028
    },
    "spectral_spread": {
        "dmean": 544224.875,
        "dmean2": 783974.9375,
        "dvar": 571298611200,
        "dvar2": 939704713216,
        "max": 40187124,
        "mean": 5784276,
        "median": 5899888.5,
        "min": 514670.40625,
        "var": 3.94265178931e+12
    },
    "spectral_strongpeak": {
        "dmean": 0.425524294376,
        "dmean2": 0.725657165051,
        "dvar": 0.468096643686,
        "dvar2": 1.18023908138,
        "max": 7.77289962769,
        "mean": 0.810269415379,
        "median": 0.45179232955,
        "min": 0,
        "var": 0.84399831295
    },
    "zerocrossingrate": {
        "dmean": 0.0115588475019,
        "dmean2": 0.0132626211271,
        "dvar": 0.000245064555202,
        "dvar2": 0.000261962442892,
        "max": 0.529296875,
        "mean": 0.0625908896327,
        "median": 0.05810546875,
        "min": 0.00341796875,
        "var": 0.0020832142327
    },
    "barkbands": {
        "dmean": [0.000187329438631, 0.00292735430412, 0.00454974267632, 0.00316820433363, 0.00343179819174, 0.00192640209571, 0.00104744872078, 0.000846305978484, 0.000856453145389, 0.000342758081388, 0.000197143570404, 0.000208731682505, 0.000230058474699, 0.00017859597574, 0.000152713590069, 0.000134733709274, 0.000129557593027, 8.45161412144e-05, 9.03535765246e-05, 0.00010818373994, 0.000107137493615, 0.000113249778224, 8.10935380287e-05, 7.60820039432e-05, 5.61085871595e-05, 7.33611595933e-05, 2.16850021388e-05],
        "dmean2": [0.000249704695307, 0.00457389373332, 0.00790598429739, 0.0055571529083, 0.00551591487601, 0.00305788987316, 0.00163250020705, 0.00128924031742, 0.00133905233815, 0.000520853500348, 0.000300735642668, 0.000315128418151, 0.000369997462258, 0.000286883092485, 0.000242749316385, 0.000222735558054, 0.000210595913813, 0.000138262679684, 0.000147326180013, 0.000172795640538, 0.000171405103174, 0.000175263281562, 0.00012198859622, 0.000113150628749, 8.03231741884e-05, 0.000107624655357, 3.39587204508e-05],
        "dvar": [1.81898755613e-07, 3.0017883546e-05, 8.36641993374e-05, 3.42732855643e-05, 4.75642737001e-05, 1.39558969749e-05, 3.7371748931e-06, 4.05277478421e-06, 4.48758783023e-06, 1.21015204968e-06, 3.10847156015e-07, 4.16538284753e-07, 4.61015304154e-07, 2.2129832189e-07, 1.22296171412e-07, 6.43521644861e-08, 4.20494110642e-08, 2.12601847238e-08, 2.01933065824e-08, 3.05658574007e-08, 4.35596270165e-08, 5.37452002902e-08, 4.42411227652e-08, 4.63484681745e-08, 1.4354041511e-08, 1.86288033888e-08, 2.5898951872e-09],
        "dvar2": [3.06820851392e-07, 6.86668499839e-05, 0.000240310997469, 9.62699123193e-05, 0.000120338052511, 3.48262947227e-05, 8.62656270328e-06, 8.6335985543e-06, 1.0544221368e-05, 2.60530168816e-06, 6.42881616386e-07, 7.72266446347e-07, 1.11372889933e-06, 5.37836058356e-07, 2.7395387292e-07, 1.6165286354e-07, 1.04160264414e-07, 5.14848856881e-08, 4.81145931985e-08, 7.074342534e-08, 1.03503865034e-07, 1.07515830905e-07, 8.11332228068e-08, 9.98298759214e-08, 2.90699837535e-08, 4.12623890611e-08, 6.3390652727e-09],
        "max": [0.00554190855473, 0.0600394904613, 0.106582574546, 0.0686393976212, 0.0779657289386, 0.0583193786442, 0.0407269150019, 0.05043528229, 0.0400953963399, 0.034548651427, 0.0193788502365, 0.0269411019981, 0.0182766877115, 0.0144891673699, 0.00966558605433, 0.00805622339249, 0.00552260596305, 0.00380928255618, 0.00462561892346, 0.00452234782279, 0.0057941484265, 0.00634049531072, 0.0100102256984, 0.0109163066372, 0.0030445472803, 0.00290234968998, 0.00148895278107],
        "mean": [0.000240789478994, 0.005491389893, 0.00720565626398, 0.00395672535524, 0.00552311399952, 0.00336883054115, 0.00203042174689, 0.00159642018843, 0.00151878700126, 0.000640637765173, 0.000346705026459, 0.000361247017281, 0.000379139732104, 0.000304138142383, 0.000263295718469, 0.000253729434917, 0.000277653743979, 0.000166610188899, 0.000218124565436, 0.00025163081591, 0.000235250510741, 0.000247460353421, 0.000179548398592, 0.000181524446816, 0.000144544028444, 0.000153189990669, 2.92979657388e-05],
        "median": [2.34224280575e-05, 0.00326815689914, 0.00471442844719, 0.00213046208955, 0.00266942894086, 0.00163106713444, 0.000842594134156, 0.000390441680793, 0.000560236861929, 0.000204967422178, 9.76570008788e-05, 0.000134982838063, 0.000121433491586, 0.000157133064931, 0.000157396512805, 0.000191495128092, 0.000221006484935, 0.000122263634694, 0.000171101011802, 0.00019872172561, 0.00016177566431, 0.000145745434565, 9.86024460872e-05, 0.000110767236038, 9.6861505881e-05, 7.68502286519e-05, 4.43676026407e-06],
        "min": [1.10661746995e-23, 5.30938667073e-23, 2.01647141534e-23, 1.55381774729e-23, 5.43889680544e-23, 5.51193144132e-23, 3.69381436743e-23, 1.77408680246e-23, 6.74738606873e-23, 6.35221598014e-23, 6.37389261564e-23, 1.13163359031e-22, 4.71723044104e-23, 8.59282770666e-23, 5.9354279473e-23, 9.96373858674e-23, 1.519603209e-22, 1.82032115126e-22, 2.80559201357e-22, 2.80498591596e-22, 5.26963325604e-22, 6.12956787825e-22, 4.34722539398e-22, 8.44723667395e-22, 1.21161441782e-21, 1.79613889158e-21, 2.91136596735e-21],
        "var": [3.34062661977e-07, 4.87311008328e-05, 8.35900500533e-05, 3.15142206091e-05, 6.96952120052e-05, 2.72624602076e-05, 1.10395558295e-05, 1.41683894981e-05, 1.04260816443e-05, 3.91660569221e-06, 8.55347650486e-07, 1.06863581095e-06, 1.04349248886e-06, 4.22627437047e-07, 2.49911607852e-07, 1.23597274637e-07, 1.00485060273e-07, 4.34719318321e-08, 5.90501407771e-08, 7.88017402442e-08, 9.04517776235e-08, 1.44079564279e-07, 1.21896988503e-07, 1.1077926132e-07, 4.10437657195e-08, 4.31296598435e-08, 3.62122598574e-09]
    },
    "erbbands": {
        "dmean": [0.0737963020802, 0.757010757923, 4.0521478653, 8.83630657196, 11.5586175919, 10.8975162506, 16.7986392975, 14.3814659119, 15.8231840134, 12.5220108032, 22.3328342438, 19.1596755981, 10.2409324646, 12.057682991, 7.29616546631, 9.01359081268, 10.6453886032, 8.06208324432, 9.07868289948, 5.57422780991, 8.03063201904, 6.07929611206, 4.72365283966, 3.58667731285, 5.12029457092, 5.21354675293, 4.06717538834, 4.50176954269, 3.85730957985, 3.56025242805, 2.2500295639, 1.80071997643, 1.14054942131, 0.626329779625, 0.446668893099, 0.310658723116, 0.142935931683, 0.0358619280159, 0.00390531891026, 9.35186835704e-05],
        "dmean2": [0.120308592916, 1.2119114399, 6.95798301697, 15.4953765869, 19.2673664093, 17.6711711884, 26.1696281433, 23.5814113617, 25.2787361145, 19.1951522827, 33.8140487671, 29.624835968, 15.9492635727, 17.9850902557, 11.1960802078, 13.4387540817, 17.0656013489, 12.7107477188, 14.2205276489, 8.94160652161, 13.2820644379, 9.83929634094, 7.68637943268, 5.86341094971, 8.28515052795, 8.24769115448, 6.41976881027, 7.26368904114, 5.90012264252, 5.55062961578, 3.40177941322, 2.72333621979, 1.71931660175, 0.920244574547, 0.649244248867, 0.45283395052, 0.216785416007, 0.0546543635428, 0.00614148518071, 0.000148774604895],
        "dvar": [0.0248081535101, 2.00158333778, 62.5155487061, 315.348815918, 654.451904297, 479.273376465, 1047.02783203, 1049.88708496, 840.041503906, 680.85760498, 2956.93530273, 2477.71118164, 1176.38439941, 1625.55725098, 327.642120361, 769.589294434, 962.684936523, 483.076477051, 440.927185059, 183.490249634, 177.595718384, 93.4197769165, 62.7740821838, 33.9149017334, 66.2373199463, 76.3368759155, 58.4221839905, 84.0143966675, 66.8252944946, 59.4432373047, 38.3500747681, 35.0976791382, 7.98417139053, 1.81736171246, 1.00044059753, 0.350277841091, 0.0760621130466, 0.00535472854972, 9.36052310863e-05, 6.36050430103e-08],
        "dvar2": [0.0611036941409, 4.79574918747, 179.458831787, 904.466918945, 1658.79394531, 1174.06872559, 2458.2265625, 2779.44750977, 1982.98840332, 1537.63354492, 6150.94433594, 5738.42138672, 2923.35766602, 3365.34594727, 735.503295898, 1362.43310547, 2390.00244141, 1141.35046387, 941.696899414, 440.680603027, 440.677032471, 230.71723938, 151.331130981, 84.8767166138, 156.513427734, 175.836608887, 135.169845581, 197.311203003, 136.76171875, 121.051200867, 71.4242172241, 82.6153564453, 15.7557439804, 3.76563048363, 2.07437157631, 0.770193040371, 0.175977692008, 0.0123991733417, 0.000230741381529, 1.6015914639e-07],
        "max": [1.69865059853, 15.5206604004, 90.7537231445, 218.948348999, 300.869598389, 395.710327148, 719.07232666, 610.142028809, 620.401855469, 807.370056152, 1400.62854004, 1237.34289551, 1589.23156738, 1393.41992188, 500.989074707, 1295.43676758, 1001.54827881, 550.28729248, 792.238342285, 443.712310791, 557.82244873, 238.702102661, 177.248184204, 187.19833374, 274.653717041, 219.227920532, 197.571472168, 286.840026855, 282.322814941, 203.362594604, 316.568145752, 324.285308838, 105.214317322, 34.7842445374, 29.3128013611, 14.2956027985, 6.00283670425, 2.3404083252, 0.254707872868, 0.00597096746787],
        "mean": [0.110529221594, 1.46552526951, 6.99951171875, 12.5549850464, 14.0954475403, 18.1925315857, 31.0385761261, 23.4328689575, 29.3008270264, 24.983877182, 43.1683769226, 34.9046516418, 20.2112827301, 23.741601944, 15.1479415894, 16.8105068207, 18.9203834534, 14.6826267242, 17.0770206451, 10.9812040329, 16.5373077393, 14.3669872284, 10.2103776932, 8.73355293274, 12.1732625961, 12.1166734695, 9.48163318634, 9.60049247742, 8.35166454315, 7.44609498978, 5.0573387146, 4.06083106995, 2.6760892868, 1.54167401791, 1.09925568104, 0.701555430889, 0.27095925808, 0.0605960376561, 0.00504229031503, 0.00015051192895],
        "median": [0.045927233994, 0.948564767838, 5.01164865494, 7.69780158997, 6.37237644196, 7.56957817078, 13.49239254, 11.3462743759, 13.3483657837, 10.9929332733, 12.0308427811, 12.9826669693, 8.7039642334, 7.02912521362, 4.91987514496, 6.97116708755, 6.74854564667, 7.30684804916, 10.2295322418, 7.66165208817, 13.2836723328, 12.0254306793, 8.02147102356, 6.6600894928, 9.92096805573, 9.42421627045, 6.86152887344, 6.37685871124, 4.83295822144, 4.16010046005, 2.82091093063, 2.32897210121, 1.64783513546, 1.02100110054, 0.713096082211, 0.403689861298, 0.119742810726, 0.0193006284535, 0.000606113288086, 7.35287831048e-05],
        "min": [7.77829979193e-22, 1.37820827007e-20, 2.89652639563e-20, 4.04960195236e-20, 1.75962034579e-19, 1.4737211352e-19, 3.81407629624e-19, 3.17342025892e-19, 3.96378668133e-19, 4.95637524055e-19, 8.17147738903e-19, 1.54871289009e-18, 1.38756580245e-18, 2.21600776204e-18, 3.46667879203e-18, 4.36796113899e-18, 2.23566260737e-18, 4.045987703e-18, 3.90590797499e-18, 3.11431391316e-18, 6.0264437915e-18, 9.96941400742e-18, 8.26805320709e-18, 1.41098301676e-17, 1.66393203567e-17, 1.14414133403e-17, 2.20704029702e-17, 1.77051971699e-17, 1.68073356283e-17, 1.97737442713e-17, 1.37390315688e-17, 1.58740393237e-17, 1.48655043249e-17, 1.39045404832e-17, 9.12306513853e-18, 5.60878044789e-18, 3.60883929288e-18, 1.30877198942e-18, 3.94500993992e-19, 4.48354219418e-20],
        "var": [0.0327397175133, 3.0294508934, 64.558555603, 277.131256104, 646.807189941, 987.469604492, 2782.20751953, 1614.0670166, 2119.0769043, 2168.90478516, 10382.9765625, 6304.375, 2404.95581055, 6047.56933594, 1153.22131348, 2092.35107422, 2446.21362305, 956.834533691, 1058.76342773, 337.052124023, 424.831115723, 245.411026001, 144.289001465, 96.0721817017, 173.80960083, 196.578903198, 131.957946777, 171.279830933, 171.6459198, 150.898452759, 104.593200684, 70.0931930542, 20.7765083313, 4.98857307434, 2.59978890419, 0.856318712234, 0.15051728487, 0.00999321509153, 0.0001231112401, 7.36465395335e-08]
    },
    "gfcc": {
        "mean": [-0.703924000263, 80.8807678223, -71.8642959595, 32.2257423401, -55.9570999146, 7.94893980026, -39.9869918823, 8.15466117859, -24.8884754181, 6.06157541275, -22.8620510101, 0.504946053028, -14.9674749374],
        "cov": [[21168.5488281, -4058.42285156, -4251.56933594, -425.722229004, -1246.02697754, 278.248687744, -487.812072754, 378.187103271, -660.76739502, 562.674255371, -599.084899902, 496.29284668, -591.066101074], [-4058.42285156, 2138.79248047, 739.998901367, -91.2667312622, 375.81628418, -135.281646729, 181.53024292, -55.0555458069, 207.556732178, -171.493499756, 148.473098755, -178.036270142, 172.601043701], [-4251.56933594, 739.998901367, 1689.18493652, 178.342330933, 342.819396973, -20.5331535339, 149.164642334, -93.6298370361, 191.120880127, -71.681968689, 124.911437988, -87.8117218018, 92.1096878052], [-425.722229004, -91.2667312622, 178.342330933, 448.381530762, 67.9371337891, 88.4650497437, -11.9937562943, 17.1394329071, 27.1498394012, 2.3704020977, 13.8171014786, -23.4115047455, 31.0320167542], [-1246.02697754, 375.81628418, 342.819396973, 67.9371337891, 404.112884521, 16.5542087555, 115.919395447, 10.034573555, 73.5193252563, -17.9114646912, 39.316078186, -42.1198616028, 29.0478210449], [278.248687744, -135.281646729, -20.5331535339, 88.4650497437, 16.5542087555, 220.928482056, 57.5326080322, 28.7200164795, -12.1292991638, 18.0987319946, 2.82674431801, 2.68673253059, -19.7343025208], [-487.812072754, 181.53024292, 149.164642334, -11.9937562943, 115.919395447, 57.5326080322, 183.921417236, 32.313583374, 32.2980003357, -4.88138389587, 25.9661140442, -18.4618110657, -3.92182612419], [378.187103271, -55.0555458069, -93.6298370361, 17.1394329071, 10.034573555, 28.7200164795, 32.313583374, 106.084640503, 22.2809257507, 16.8718013763, -11.1727542877, -2.81854391098, -8.69868373871], [-660.76739502, 207.556732178, 191.120880127, 27.1498394012, 73.5193252563, -12.1292991638, 32.2980003357, 22.2809257507, 111.262580872, 10.9369192123, 27.8726444244, -26.3880519867, 22.7715892792], [562.674255371, -171.493499756, -71.681968689, 2.3704020977, -17.9114646912, 18.0987319946, -4.88138389587, 16.8718013763, 10.9369192123, 92.9674453735, 9.51335430145, 18.6645278931, -27.0522212982], [-599.084899902, 148.473098755, 124.911437988, 13.8171014786, 39.316078186, 2.82674431801, 25.9661140442, -11.1727542877, 27.8726444244, 9.51335430145, 86.506401062, 2.36034488678, 18.5555496216], [496.29284668, -178.036270142, -87.8117218018, -23.4115047455, -42.1198616028, 2.68673253059, -18.4618110657, -2.81854391098, -26.3880519867, 18.6645278931, 2.36034488678, 79.2113494873, 3.21298241615], [-591.066101074, 172.601043701, 92.1096878052, 31.0320167542, 29.0478210449, -19.7343025208, -3.92182612419, -8.69868373871, 22.7715892792, -27.0522212982, 18.5555496216, 3.21298241615, 84.5779647827]],
        "icov": [[0.000191480154172, 1.25381056932e-05, 0.000259976077359, -7.34502100386e-06, 9.51469701249e-05, -8.15280873212e-05, 8.80696243257e-05, -0.000305944617139, 0.000261747831246, -0.00066341960337, 0.000714130699635, -0.000622049497906, 0.00053733238019], [1.25381056932e-05, 0.00125359115191, 7.41208496038e-05, 0.00051104236627, -0.000418201554567, 0.00034219326335, -0.000559267529752, 0.000507279124577, -0.00116625567898, 0.00145525578409, -0.00136088777799, 0.00199540215544, -0.00148691085633], [0.000259976077359, 7.41208496038e-05, 0.00143195269629, -0.000328512716806, -0.000241671528784, 5.71656119064e-06, -0.000464733107947, 0.000934982555918, -0.0011851467425, -0.00017016271886, 0.000314601318678, -0.000564217451029, 0.000602643762249], [-7.34502100386e-06, 0.00051104236627, -0.000328512716806, 0.00309946457855, -0.000560196349397, -0.0013177517103, 0.00108323001768, -0.000568632560316, -0.000254595128354, 0.000202845141757, -0.000653126626275, 0.00168481084984, -0.0017842828529], [9.51469701249e-05, -0.000418201554567, -0.000241671528784, -0.000560196349397, 0.0038442783989, 6.66743871989e-05, -0.00164306629449, -0.000294633500744, -0.000325657747453, -0.000703103549313, 0.000645087275188, -0.000295655801892, 0.0003083642805], [-8.15280873212e-05, 0.00034219326335, 5.71656119064e-06, -0.0013177517103, 6.66743871989e-05, 0.0061705284752, -0.00252463598736, -0.000443868979346, 0.000890065683052, -7.72190978751e-05, -0.000850656011607, 0.000443835509941, 0.000368746259483], [8.80696243257e-05, -0.000559267529752, -0.000464733107947, 0.00108323001768, -0.00164306629449, -0.00252463598736, 0.00904403440654, -0.00316329090856, 0.00055653025629, 4.59331522507e-06, -0.000814702070784, -0.000668703985866, 0.00199049408548], [-0.000305944617139, 0.000507279124577, 0.000934982555918, -0.000568632560316, -0.000294633500744, -0.000443868979346, -0.00316329090856, 0.0138501208276, -0.00557063566521, 0.000845652306452, 0.000537287385669, 0.00151349953376, -0.00111256015953], [0.000261747831246, -0.00116625567898, -0.0011851467425, -0.000254595128354, -0.000325657747453, 0.000890065683052, 0.00055653025629, -0.00557063566521, 0.0173417646438, -0.00664574559778, 0.00023114279611, 0.00147630064748, -0.00153577618767], [-0.00066341960337, 0.00145525578409, -0.00017016271886, 0.000202845141757, -0.000703103549313, -7.72190978751e-05, 4.59331522507e-06, 0.000845652306452, -0.00664574559778, 0.0191058013588, -0.00689349183813, 0.000358449469786, 0.00221450952813], [0.000714130699635, -0.00136088777799, 0.000314601318678, -0.000653126626275, 0.000645087275188, -0.000850656011607, -0.000814702070784, 0.000537287385669, 0.00023114279611, -0.00689349183813, 0.0191705469042, -0.00608758209273, 0.00102064060047], [-0.000622049497906, 0.00199540215544, -0.000564217451029, 0.00168481084984, -0.000295655801892, 0.000443835509941, -0.000668703985866, 0.00151349953376, 0.00147630064748, 0.000358449469786, -0.00608758209273, 0.0215124282986, -0.00785766914487], [0.00053733238019, -0.00148691085633, 0.000602643762249, -0.0017842828529, 0.0003083642805, 0.000368746259483, 0.00199049408548, -0.00111256015953, -0.00153577618767, 0.00221450952813, 0.00102064060047, -0.00785766914487, 0.0197656396776]]
    },
    "melbands": {
        "dmean": [0.000716553127859, 0.00168881821446, 0.00155491335317, 0.00077205960406, 0.000544818933122, 0.000326606299495, 0.000237524989643, 0.000134065252496, 0.000191220344277, 0.000114868707897, 5.12172700837e-05, 5.11262260261e-05, 2.55207032751e-05, 2.35190509557e-05, 2.30021014431e-05, 2.16442131205e-05, 1.55696561706e-05, 1.60532545124e-05, 1.00541747088e-05, 7.70072983869e-06, 1.10660994324e-05, 7.27316773919e-06, 6.52857715977e-06, 3.62203468285e-06, 3.14611793328e-06, 4.03434387408e-06, 3.93477284888e-06, 3.77301307708e-06, 2.87048715109e-06, 3.02526018459e-06, 2.74061244454e-06, 2.31655144489e-06, 2.39617429543e-06, 1.89585307453e-06, 1.43901036154e-06, 1.20836648421e-06, 1.19895094031e-06, 8.98131759186e-07, 7.2551898711e-07, 5.32406772891e-07],
        "dmean2": [0.00111670116894, 0.00286154146306, 0.00269649014808, 0.00126327632461, 0.000853876699694, 0.000531014287844, 0.000376248674002, 0.000205512769753, 0.000291201111395, 0.00017844660033, 7.9745266703e-05, 7.6379001257e-05, 3.90076529584e-05, 3.52746355929e-05, 3.59596742783e-05, 3.4105276427e-05, 2.48105734499e-05, 2.50986922765e-05, 1.60234776558e-05, 1.25906635731e-05, 1.8403692593e-05, 1.19444812299e-05, 1.06906236397e-05, 5.90020772506e-06, 5.2038017202e-06, 6.58954968458e-06, 6.34925845588e-06, 6.06724688623e-06, 4.61332228952e-06, 4.93986135552e-06, 4.4641428758e-06, 3.58921897714e-06, 3.75832837562e-06, 2.9500272376e-06, 2.21845971282e-06, 1.86041404504e-06, 1.84867997177e-06, 1.36698520237e-06, 1.1225167782e-06, 7.98251278411e-07],
        "dvar": [1.99742612494e-06, 1.02769317891e-05, 8.34224465507e-06, 2.89095783046e-06, 9.62719923336e-07, 4.78114145608e-07, 1.89648162063e-07, 7.82586724313e-08, 2.14660502706e-07, 9.26123391309e-08, 2.94669284528e-08, 2.95266140427e-08, 4.37406377785e-09, 4.32173363762e-09, 4.57326798653e-09, 3.88520016159e-09, 1.83408721544e-09, 1.6623191712e-09, 6.58572918422e-10, 3.43667677649e-10, 3.32853938856e-10, 1.40559786033e-10, 1.32438282563e-10, 4.54845154596e-11, 2.74437608055e-11, 4.1273973822e-11, 3.81372849967e-11, 4.63677742035e-11, 2.7470777389e-11, 3.33788587048e-11, 3.18700031643e-11, 2.447629599e-11, 2.49057129087e-11, 1.86527147894e-11, 1.67288700254e-11, 1.08986465686e-11, 1.63692306238e-11, 5.04244779612e-12, 2.69584376524e-12, 1.27917988701e-12],
        "dvar2": [4.53200800621e-06, 2.88862684101e-05, 2.34767030634e-05, 7.46467139834e-06, 2.30599812312e-06, 1.25048859445e-06, 4.41021995812e-07, 1.80400803629e-07, 4.50566602694e-07, 2.17622329046e-07, 7.23950819292e-08, 6.14262276599e-08, 9.16884346225e-09, 8.26301427281e-09, 9.05403574336e-09, 9.2727665546e-09, 4.44618963868e-09, 3.56077545227e-09, 1.4722411068e-09, 8.50238046635e-10, 8.34340818656e-10, 3.54893642251e-10, 3.24215793102e-10, 1.0665884842e-10, 7.1708229632e-11, 9.95133489501e-11, 9.17542083978e-11, 1.06626089902e-10, 6.44240355507e-11, 8.3647880289e-11, 7.40748920536e-11, 5.32055961788e-11, 5.10011373411e-11, 3.8621369991e-11, 3.25548893398e-11, 2.30880505686e-11, 4.01075873901e-11, 1.01282758222e-11, 5.96110487361e-12, 2.67588815689e-12],
        "max": [0.0152704734355, 0.0364513136446, 0.0316061116755, 0.0197183229029, 0.0190850533545, 0.0120512880385, 0.00936909578741, 0.00737172970548, 0.0110820336267, 0.00746056158096, 0.00774883246049, 0.00601658411324, 0.0016551928129, 0.00207778136246, 0.00270725367591, 0.00193301879335, 0.00129101471975, 0.00149694201536, 0.000838271866087, 0.000749154365622, 0.000695626309607, 0.000319163926179, 0.000319948099786, 0.000218667861191, 0.000180554779945, 0.000239619752392, 0.000154592620675, 0.000188970196177, 0.000143764846143, 0.00016466715897, 0.000181864525075, 0.00016896588204, 0.000151131578605, 0.000138733681524, 0.000222562390263, 0.000109889602754, 0.000211418853723, 8.64124594955e-05, 4.44359829999e-05, 3.13655182254e-05],
        "mean": [0.00127556279767, 0.00317678251304, 0.00224642502144, 0.00109518039972, 0.00104410154745, 0.000543708272744, 0.00045011221664, 0.000263419962721, 0.000357260170858, 0.000206154043553, 9.55667783273e-05, 9.71843110165e-05, 4.90778438689e-05, 4.32199849456e-05, 4.13033994846e-05, 3.68060318579e-05, 2.60061951849e-05, 2.86954800686e-05, 1.73596854438e-05, 1.38668392538e-05, 2.12152190215e-05, 1.52375669131e-05, 1.23896143123e-05, 7.02850638845e-06, 6.77580283082e-06, 9.01013299881e-06, 8.49456046126e-06, 7.97277607489e-06, 5.92627884544e-06, 5.86367195865e-06, 5.43293390365e-06, 4.64734284833e-06, 4.74360649605e-06, 3.7913137021e-06, 2.93422226605e-06, 2.58304771705e-06, 2.47373441198e-06, 1.95980783246e-06, 1.54278507125e-06, 1.20607364806e-06],
        "median": [0.000679935677908, 0.00243860832416, 0.00145361328032, 0.000486531411298, 0.000487604702357, 0.000268485862762, 0.000198560068384, 0.000109459295345, 9.62892590906e-05, 7.50447579776e-05, 3.83007536584e-05, 2.55511786236e-05, 1.42128128573e-05, 1.54412173288e-05, 1.7676706193e-05, 1.21835364553e-05, 1.26068343889e-05, 1.66060472111e-05, 1.03189877336e-05, 9.96504513751e-06, 1.64216089615e-05, 1.23056734083e-05, 9.11427196115e-06, 4.8744122978e-06, 4.87585248266e-06, 6.89493572281e-06, 6.64207709633e-06, 5.85320094615e-06, 4.06764411309e-06, 3.80166125069e-06, 3.42143312082e-06, 2.59610465037e-06, 2.55756617662e-06, 2.03758395401e-06, 1.5643244069e-06, 1.44045873185e-06, 1.34244271521e-06, 1.15986676974e-06, 9.58910959525e-07, 7.80822460911e-07],
        "min": [1.12052390441e-23, 1.79827690658e-23, 1.08213761722e-23, 1.27509922664e-23, 1.09053803923e-23, 8.0282926527e-24, 6.95806320639e-24, 4.80917888486e-24, 8.95301276074e-24, 9.06866529147e-24, 6.97329295502e-24, 8.89640094674e-24, 9.92815922442e-24, 1.38340059925e-23, 7.13897267778e-24, 4.69116450458e-24, 8.03974060215e-24, 6.84420375649e-24, 3.80876047322e-24, 5.27161388067e-24, 7.11088291867e-24, 1.00850281597e-23, 7.77512273352e-24, 8.82614026135e-24, 1.16355311135e-23, 1.05801077975e-23, 1.16442267273e-23, 6.43436803369e-24, 1.22740564294e-23, 1.47229023491e-23, 9.06270702505e-24, 8.63401949877e-24, 1.33605506099e-23, 8.4020770377e-24, 7.36731477768e-24, 8.69245200374e-24, 1.02844979505e-23, 1.0523805217e-23, 1.0811078382e-23, 1.12601887282e-23],
        "var": [3.11994313051e-06, 1.16647142931e-05, 7.71384475229e-06, 3.44887530446e-06, 2.57001192949e-06, 7.68578217958e-07, 5.10309121182e-07, 2.36558690858e-07, 6.83424332237e-07, 2.24828923479e-07, 6.03967436064e-08, 1.10579847501e-07, 1.52036943035e-08, 1.28056116822e-08, 1.24694254922e-08, 9.16465037193e-09, 3.27992721871e-09, 3.70951802608e-09, 1.30662936026e-09, 5.20753051791e-10, 7.53402451537e-10, 2.99592239905e-10, 2.74838013459e-10, 9.41573485846e-11, 6.57620069511e-11, 1.04709581283e-10, 8.98187982323e-11, 1.07671607741e-10, 5.72085989692e-11, 6.07883049453e-11, 6.23008311607e-11, 5.61826245249e-11, 6.13309056319e-11, 4.42084181762e-11, 4.04154799905e-11, 2.66112722136e-11, 2.9498351678e-11, 1.24156405643e-11, 5.96097433567e-12, 3.23122344853e-12]
    },
    "mfcc": {
        "mean": [-651.920776367, 115.652610779, 32.059135437, 29.9023284912, 7.77789354324, 4.89689874649, -3.3253736496, -0.802919328213, 1.43871819973, 1.87606728077, -2.24144649506, -0.0347133167088, -0.986069500446],
        "cov": [[15640.7744141, -2027.54711914, -2399.08007812, -752.661376953, -966.161437988, -268.214599609, -268.100860596, -190.651748657, -180.091262817, -77.0694961548, -15.0660858154, 33.9149971008, -60.6115570068], [-2027.54711914, 1515.95263672, 229.761047363, 39.1104240417, 132.347442627, -45.4710693359, 23.5836410522, 20.2261600494, 46.1429634094, 27.0491142273, -10.9695825577, -15.5329999924, 23.0907611847], [-2399.08007812, 229.761047363, 951.751647949, 230.665771484, 166.951187134, 108.182060242, 14.8625802994, 24.1236076355, 24.3415393829, 22.0473022461, 23.485206604, -3.1492857933, 6.80330753326], [-752.661376953, 39.1104240417, 230.665771484, 325.410888672, 156.607025146, 44.7771606445, 26.8943729401, 15.2531995773, 47.9859657288, 25.2576599121, 5.77590179443, 5.83349275589, 17.2285804749], [-966.161437988, 132.347442627, 166.951187134, 156.607025146, 266.594696045, 78.4424057007, 49.5744895935, 27.7374992371, 52.1417999268, 38.0621261597, -4.37439489365, 6.77143526077, 28.1552429199], [-268.214599609, -45.4710693359, 108.182060242, 44.7771606445, 78.4424057007, 174.118209839, 84.5946044922, 36.5719566345, 24.4183502197, 20.6272411346, 31.6297016144, 9.16627311707, 8.22662258148], [-268.100860596, 23.5836410522, 14.8625802994, 26.8943729401, 49.5744895935, 84.5946044922, 159.005981445, 64.8275604248, 30.9575061798, 28.4247951508, 30.7306118011, 13.050359726, 9.13105297089], [-190.651748657, 20.2261600494, 24.1236076355, 15.2531995773, 27.7374992371, 36.5719566345, 64.8275604248, 102.899307251, 40.6402893066, 20.1652584076, 14.2765817642, 0.00782269239426, 6.6182141304], [-180.091262817, 46.1429634094, 24.3415393829, 47.9859657288, 52.1417999268, 24.4183502197, 30.9575061798, 40.6402893066, 97.4957351685, 42.1833763123, 11.8729667664, 4.44338083267, 4.43536996841], [-77.0694961548, 27.0491142273, 22.0473022461, 25.2576599121, 38.0621261597, 20.6272411346, 28.4247951508, 20.1652584076, 42.1833763123, 86.6903076172, 32.7867088318, 13.614030838, 1.43072962761], [-15.0660858154, -10.9695825577, 23.485206604, 5.77590179443, -4.37439489365, 31.6297016144, 30.7306118011, 14.2765817642, 11.8729667664, 32.7867088318, 87.3736190796, 29.6661148071, 4.15890932083], [33.9149971008, -15.5329999924, -3.1492857933, 5.83349275589, 6.77143526077, 9.16627311707, 13.050359726, 0.00782269239426, 4.44338083267, 13.614030838, 29.6661148071, 65.7378845215, 27.3421669006], [-60.6115570068, 23.0907611847, 6.80330753326, 17.2285804749, 28.1552429199, 8.22662258148, 9.13105297089, 6.6182141304, 4.43536996841, 1.43072962761, 4.15890932083, 27.3421669006, 59.7358474731]],
