{
"lowlevel": {
    "average_loudness": 0.922548115253,
    "barkbands_crest": {
        "dmean": 1.88066089153,
        "dmean2": 3.0948574543,
        "dvar": 4.7116355896,
        "dvar2": 13.1379499435,
        "max": 25.6314792633,
        "mean": 9.97119617462,
        "median": 9.06629753113,
        "min": 2.69650912285,
        "var": 16.2340888977
    },
    "barkbands_flatness_db": {
        "dmean": 0.017575006932,
        "dmean2": 0.0267020706087,
        "dvar": 0.000468084937893,
        "dvar2": 0.0011148074409,
        "max": 0.483028113842,
        "mean": 0.156780213118,
        "median": 0.138212606311,
        "min": 0.0334759429097,
        "var": 0.00448334822431
    },
    "barkbands_kurtosis": {
        "dmean": 2.20526099205,
        "dmean2": 3.72025561333,
        "dvar": 36.3519744873,
        "dvar2": 105.720336914,
        "max": 106.177253723,
        "mean": 3.41200327873,
        "median": 0.839316487312,
        "min": -1.89902436733,
        "var": 67.446762085
    },
    "barkbands_skewness": {
        "dmean": 0.397186905146,
        "dmean2": 0.640616238117,
        "dvar": 0.344415158033,
        "dvar2": 0.929039061069,
        "max": 9.30059719086,
        "mean": 1.33526146412,
        "median": 1.22790908813,
        "min": -2.18787813187,
        "var": 1.58438265324
    },
    "barkbands_spread": {
        "dmean": 3.70167827606,
        "dmean2": 5.80227327347,
        "dvar": 29.550775528,
        "dvar2": 69.4678421021,
        "max": 130.465805054,
        "mean": 21.7257480621,
        "median": 22.2885093689,
        "min": 0.858503758907,
        "var": 122.122650146
    },
    "dissonance": {
        "dmean": 0.0160868484527,
        "dmean2": 0.0274624414742,
        "dvar": 0.000351873895852,
        "dvar2": 0.000988222542219,
        "max": 0.500000059605,
        "mean": 0.467424184084,
        "median": 0.476131021976,
        "min": 0.0814232677221,
        "var": 0.000839337415528
    },
    "dynamic_complexity": 3.50372314453,
    "erbbands_crest": {
        "dmean": 2.32611775398,
        "dmean2": 3.65662789345,
        "dvar": 5.4400472641,
        "dvar2": 12.7133159637,
        "max": 29.1218109131,
        "mean": 10.2000350952,
        "median": 8.86853218079,
        "min": 2.13739776611,
        "var": 27.1381759644
    },
    "erbbands_flatness_db": {
        "dmean": 0.0131903272122,
        "dmean2": 0.0187634341419,
        "dvar": 0.000207019358641,
        "dvar2": 0.000382742640795,
        "max": 0.42010653019,
        "mean": 0.173128709197,
        "median": 0.169151991606,
        "min": 0.0350480489433,
        "var": 0.00205160444602
    },
    "erbbands_kurtosis": {
        "dmean": 0.698256790638,
        "dmean2": 1.07706034184,
        "dvar": 1.43019795418,
        "dvar2": 3.38702774048,
        "max": 46.8056755066,
        "mean": 0.627418518066,
        "median": -0.131401658058,
        "min": -1.84649765491,
        "var": 9.15822887421
    },
    "erbbands_skewness": {
        "dmean": 0.254621684551,
        "dmean2": 0.393675506115,
        "dvar": 0.0687876939774,
        "dvar2": 0.157448679209,
        "max": 4.70403814316,
        "mean": 0.154777124524,
        "median": 0.0940697342157,
        "min": -2.8998234272,
        "var": 0.488351672888
    },
    "erbbands_spread": {
        "dmean": 5.55303144455,
        "dmean2": 8.42224121094,
        "dvar": 53.9006996155,
        "dvar2": 111.99206543,
        "max": 151.26713562,
        "mean": 34.3475532532,
        "median": 32.1345367432,
        "min": 1.61644220352,
        "var": 313.72366333
    },
    "hfc": {
        "dmean": 4.35463476181,
        "dmean2": 6.60804700851,
        "dvar": 40.1120872498,
        "dvar2": 89.2251358032,
        "max": 98.7624816895,
        "mean": 24.2049064636,
        "median": 19.0231399536,
        "min": 1.0989036866e-16,
        "var": 366.323669434
    },
    "melbands_crest": {
        "dmean": 2.24296069145,
        "dmean2": 3.69969296455,
        "dvar": 5.9870967865,
        "dvar2": 16.3775959015,
        "max": 38.7288284302,
        "mean": 13.7042789459,
        "median": 13.3426494598,
        "min": 1.59587943554,
        "var": 25.3737564087
    },
    "melbands_flatness_db": {
        "dmean": 0.0204145666212,
        "dmean2": 0.0312525257468,
        "dvar": 0.000714693684131,
        "dvar2": 0.00173201109283,
        "max": 0.615054726601,
        "mean": 0.22044916451,
        "median": 0.196033269167,
        "min": 0.00330648943782,
        "var": 0.00785705074668
    },
    "melbands_kurtosis": {
        "dmean": 5.38865375519,
        "dmean2": 9.04301452637,
        "dvar": 206.389862061,
        "dvar2": 586.93737793,
        "max": 246.664154053,
        "mean": 11.3446016312,
        "median": 6.00563764572,
        "min": -1.70243215561,
        "var": 383.228790283
    },
    "melbands_skewness": {
        "dmean": 0.54031085968,
        "dmean2": 0.868243098259,
        "dvar": 0.638230800629,
        "dvar2": 1.69050228596,
        "max": 12.7868432999,
        "mean": 2.4062101841,
        "median": 2.25269556046,
        "min": -1.90943408012,
        "var": 2.81139183044
    },
    "melbands_spread": {
        "dmean": 4.36828374863,
        "dmean2": 6.96079397202,
        "dvar": 33.2416877747,
        "dvar2": 82.5709762573,
        "max": 177.651031494,
        "mean": 24.4736690521,
        "median": 21.9510536194,
        "min": 0.891362428665,
        "var": 284.51171875
    },
    "pitch_salience": {
        "dmean": 0.0562379956245,
        "dmean2": 0.0930110141635,
        "dvar": 0.00372771825641,
        "dvar2": 0.0104236053303,
        "max": 0.974286496639,
        "mean": 0.510586738586,
        "median": 0.505142688751,
        "min": 0.0588317215443,
        "var": 0.0127571541816
    },
    "silence_rate_20dB": {
        "dmean": 0,
        "dmean2": 0,
        "dvar": 0,
        "dvar2": 0,
        "max": 1,
        "mean": 1,
        "median": 1,
        "min": 1,
        "var": 0
    },
    "silence_rate_30dB": {
        "dmean": 0,
        "dmean2": 0,
        "dvar": 0,
        "dvar2": 0,
        "max": 1,
        "mean": 1,
        "median": 1,
        "min": 1,
        "var": 0
    },
    "silence_rate_60dB": {
        "dmean": 0.000204060808755,
        "dmean2": 0.000408163265092,
        "dvar": 0.000204019161174,
        "dvar2": 0.000407955434639,
        "max": 1,
        "mean": 0.0603958368301,
        "median": 0,
        "min": 0,
        "var": 0.0567471645772
    },
    "spectral_centroid": {
        "dmean": 167.280258179,
        "dmean2": 262.049377441,
        "dvar": 59374.1015625,
        "dvar2": 128040.554688,
        "max": 11686.3837891,
        "mean": 1394.45300293,
        "median": 1415.25415039,
        "min": 164.792724609,
        "var": 892974.25
    },
    "spectral_complexity": {
        "dmean": 3.10152029991,
        "dmean2": 4.94000005722,
        "dvar": 12.2805204391,
        "dvar2": 28.2360038757,
        "max": 58,
        "mean": 24.6387462616,
        "median": 26,
        "min": 0,
        "var": 196.390731812
    },
    "spectral_decrease": {
        "dmean": 1.82668091764e-09,
        "dmean2": 3.11872194736e-09,
        "dvar": 1.26309362843e-17,
        "dvar2": 3.61019007882e-17,
        "max": 2.07506312592e-28,
        "mean": -8.08433675559e-09,
        "median": -7.80911424414e-09,
        "min": -4.60127189683e-08,
        "var": 2.00047791251e-17
    },
    "spectral_energy": {
        "dmean": 0.00716417422518,
        "dmean2": 0.0121718421578,
        "dvar": 0.00018469063798,
        "dvar2": 0.000526070885826,
        "max": 0.175384223461,
        "mean": 0.0327075906098,
        "median": 0.0314383283257,
        "min": 9.94202353056e-21,
        "var": 0.000326351408148
    },
    "spectral_energyband_high": {
        "dmean": 0.000215088148252,
        "dmean2": 0.000329434638843,
        "dvar": 1.82412492222e-07,
        "dvar2": 4.07023691196e-07,
        "max": 0.0119278300554,
        "mean": 0.000659128709231,
        "median": 0.000446521677077,
        "min": 7.2127209046e-21,
        "var": 6.04717570241e-07
    },
    "spectral_energyband_low": {
        "dmean": 0.00529284542426,
        "dmean2": 0.00935267936438,
        "dvar": 0.000183382770047,
        "dvar2": 0.000531046360265,
        "max": 0.167746812105,
        "mean": 0.0128999231383,
        "median": 0.0112237660214,
        "min": 1.32528789849e-23,
        "var": 0.000156293230248
    },
    "spectral_energyband_middle_high": {
        "dmean": 0.00201771012507,
        "dmean2": 0.00306311482564,
        "dvar": 9.99998246698e-06,
        "dvar2": 2.22191192734e-05,
        "max": 0.0535610578954,
        "mean": 0.00949489697814,
        "median": 0.00553932692856,
        "min": 1.18183924792e-21,
        "var": 0.00010206168372
    },
    "spectral_energyband_middle_low": {
        "dmean": 0.00280214240775,
        "dmean2": 0.00444918032736,
        "dvar": 1.55439738592e-05,
        "dvar2": 4.20323303842e-05,
        "max": 0.0626246258616,
        "mean": 0.0106765097007,
        "median": 0.00969320069999,
        "min": 1.7253012775e-22,
        "var": 4.48586215498e-05
    },
    "spectral_entropy": {
        "dmean": 0.121064029634,
        "dmean2": 0.177254959941,
        "dvar": 0.0288924518973,
        "dvar2": 0.0553302057087,
        "max": 9.82041549683,
        "mean": 7.44721364975,
        "median": 7.62038803101,
        "min": 4.64674901962,
        "var": 0.328449249268
    },
    "spectral_flux": {
        "dmean": 0.0199484769255,
        "dmean2": 0.0317735560238,
        "dvar": 0.000827574345749,
        "dvar2": 0.00163037807215,
        "max": 0.32798114419,
        "mean": 0.0745764672756,
        "median": 0.0669810846448,
        "min": 6.37599140152e-11,
        "var": 0.00236329738982
    },
    "spectral_kurtosis": {
        "dmean": 2.33929395676,
        "dmean2": 3.9629611969,
        "dvar": 18.2564601898,
        "dvar2": 49.5391044617,
        "max": 136.68081665,
        "mean": 6.15369653702,
        "median": 4.16537475586,
        "min": -1.30713808537,
        "var": 67.9323883057
    },
    "spectral_rms": {
        "dmean": 0.000557646213565,
        "dmean2": 0.000927747809328,
        "dvar": 8.03211150924e-07,
        "dvar2": 2.24414247896e-06,
        "max": 0.0130807701498,
        "mean": 0.00534602440894,
        "median": 0.00553818885237,
        "min": 3.11440782018e-12,
        "var": 3.32985428031e-06
    },
    "spectral_rolloff": {
        "dmean": 263.950134277,
        "dmean2": 450.790710449,
        "dvar": 385669.5625,
        "dvar2": 934777.8125,
        "max": 19552.1484375,
        "mean": 1311.65283203,
        "median": 1162.79296875,
        "min": 21.533203125,
        "var": 3120811.5
    },
    "spectral_skewness": {
        "dmean": 0.251246333122,
        "dmean2": 0.410367757082,
        "dvar": 0.113568037748,
        "dvar2": 0.291961997747,
        "max": 9.98403453827,
        "mean": 1.6029253006,
        "median": 1.38934397697,
        "min": -0.0665875226259,
        "var": 0.686326146126
    },
    "spectral_spread": {
        "dmean": 383763.0625,
        "dmean2": 554406.1875,
        "dvar": 682232643584,
        "dvar2": 1.2474997801e+12,
        "max": 43336312,
        "mean": 4061580.5,
        "median": 3592851.75,
        "min": 672363.125,
        "var": 1.06513878221e+13
    },
    "spectral_strongpeak": {
        "dmean": 0.640692293644,
        "dmean2": 1.11917364597,
        "dvar": 1.96957361698,
        "dvar2": 5.02372407913,
        "max": 12.5414037704,
        "mean": 1.33322107792,
        "median": 0.443018555641,
        "min": 0,
        "var": 4.53410291672
    },
    "zerocrossingrate": {
        "dmean": 0.00605790596455,
        "dmean2": 0.00754763232544,
        "dvar": 7.4209390732e-05,
        "dvar2": 0.000102415593574,
        "max": 0.51806640625,
        "mean": 0.0523433797061,
        "median": 0.048828125,
        "min": 0.00390625,
        "var": 0.00217154668644
    },
    "barkbands": {
        "dmean": [3.54113799403e-05, 0.00346829392947, 0.00206969911233, 0.000781371141784, 0.00112642301247, 0.00102765869815, 0.000693009293173, 0.000435733323684, 0.000601788167842, 0.000643708743155, 0.000575895537622, 0.000472877756692, 0.000710990396328, 0.000650133413728, 0.000412971829064, 0.000294822530122, 0.000214103143662, 0.000113506946946, 0.000206048382097, 0.000133192399517, 9.29579691729e-05, 5.02834445797e-05, 3.20984399877e-05, 2.27579294005e-05, 1.89466081792e-05, 5.16758518643e-06, 5.23743722169e-07],
        "dmean2": [5.71825548832e-05, 0.00622301874682, 0.00360730849206, 0.00132558762562, 0.00180187006481, 0.00161736796144, 0.00110202468932, 0.000697563635185, 0.000894498429261, 0.000986558385193, 0.000868331640959, 0.000730715575628, 0.00108451035339, 0.000992024084553, 0.000628199602943, 0.000466671568574, 0.000343523250194, 0.000189411264728, 0.000335866090609, 0.000218523404328, 0.000152759894263, 7.8985140135e-05, 5.02164148202e-05, 3.31144037773e-05, 2.7407617381e-05, 7.79781748861e-06, 8.21834703402e-07],
        "dvar": [1.06891375751e-08, 0.000113520509331, 1.87167406693e-05, 3.58971374226e-06, 2.84758880298e-06, 2.98244481201e-06, 1.84431610251e-06, 1.06665515887e-06, 1.17695731205e-06, 2.08924575418e-06, 1.57824240432e-06, 1.08914093744e-06, 3.41972213391e-06, 3.56619443664e-06, 1.62692640515e-06, 4.41326221789e-07, 9.31158439244e-08, 2.70048232665e-08, 1.01281365517e-07, 4.56544029248e-08, 4.01687145768e-08, 1.27774875125e-08, 6.04553562766e-09, 4.84376361243e-09, 3.91457799509e-09, 2.78655654107e-10, 3.02510143671e-12],
        "dvar2": [2.59082693077e-08, 0.000333420204697, 5.45860857528e-05, 1.00132965599e-05, 7.79232686909e-06, 8.23781738291e-06, 4.60998444396e-06, 2.78666379927e-06, 2.53413827522e-06, 4.68853977509e-06, 3.26613735524e-06, 2.45484125116e-06, 8.20466266305e-06, 7.97844404588e-06, 3.39941107086e-06, 1.00524380287e-06, 2.32143989365e-07, 7.29277900291e-08, 2.62470564394e-07, 1.15608358442e-07, 1.01915439643e-07, 2.94337425544e-08, 1.36282114482e-08, 8.33534663514e-09, 7.85306042417e-09, 6.98138213906e-10, 7.54817649357e-12],
        "max": [0.00161489518359, 0.13473905623, 0.0602404177189, 0.0499954000115, 0.0354697853327, 0.0383304059505, 0.0227745212615, 0.0283174179494, 0.0316008329391, 0.0349028147757, 0.0293866060674, 0.0279443953186, 0.0388677529991, 0.0401054918766, 0.035444162786, 0.0191733743995, 0.00572123890743, 0.00409892993048, 0.00608563609421, 0.00414686184376, 0.00807268358767, 0.00338049512357, 0.00217965058982, 0.00252717384137, 0.00216714781709, 0.000504844356328, 7.03993791831e-05],
        "mean": [3.73718685296e-05, 0.00816156249493, 0.00395515514538, 0.00126878463197, 0.00281263724901, 0.00255197845399, 0.0014088494936, 0.000775163643993, 0.00133931392338, 0.00146752141882, 0.001168439514, 0.00102727056947, 0.00160597544163, 0.00132232136093, 0.00108753610402, 0.000567508745007, 0.000508469180204, 0.000280285603367, 0.000525367504451, 0.000337551609846, 0.000217409600737, 0.000111678498797, 7.05648417352e-05, 5.06000542373e-05, 3.84935847251e-05, 9.02592364582e-06, 7.11713710189e-07],
        "median": [7.09823598299e-06, 0.00548501405865, 0.00247238343582, 0.000566641218029, 0.00203474028967, 0.00183591805398, 0.000802875263616, 0.000414413312683, 0.00061413977528, 0.000409447413404, 0.000393830589019, 0.00036187749356, 0.000256390136201, 0.000267964351224, 0.000220834495849, 0.00036071400973, 0.000410166510846, 0.00022371581872, 0.000380556390155, 0.000233937898884, 0.000138370567583, 5.44223876204e-05, 3.15418474202e-05, 2.02218070626e-05, 1.28159490487e-05, 3.08270409732e-06, 1.32809134357e-07],
        "min": [2.53560010891e-25, 2.7015626383e-24, 9.75451259817e-25, 7.00666847663e-25, 9.6867843535e-24, 6.71723738266e-24, 9.10570941072e-24, 1.34306393236e-23, 1.69565746241e-23, 1.03939295241e-23, 9.74628260956e-24, 2.63423754101e-23, 3.76090288534e-23, 4.65706622861e-23, 4.70791430929e-23, 5.13280110373e-23, 4.70501887423e-23, 1.17292143413e-22, 1.23596214897e-22, 1.71675886053e-22, 2.68350865719e-22, 2.92513410188e-22, 3.14457576818e-22, 6.74191124783e-22, 9.69172950164e-22, 1.41281206641e-21, 2.0417309561e-21],
        "var": [1.12825064846e-08, 9.66012812569e-05, 2.25085586862e-05, 4.94828418596e-06, 7.8345883594e-06, 6.85219583829e-06, 3.43367923961e-06, 1.43115221363e-06, 4.37334074377e-06, 9.40303925745e-06, 5.44212934983e-06, 4.67712789032e-06, 1.20347713164e-05, 1.01202767837e-05, 1.1146147699e-05, 7.71599559357e-07, 2.49734455338e-07, 7.91106486986e-08, 3.6754133248e-07, 1.46248922306e-07, 8.3175649479e-08, 3.24104760807e-08, 1.50915155928e-08, 1.61527200504e-08, 1.04503268261e-08, 4.08621081416e-10, 5.37678712317e-12]
    },
    "erbbands": {
        "dmean": [0.0647878721356, 0.902959823608, 2.43316340446, 2.43875384331, 2.75509285927, 4.57311820984, 6.66265583038, 8.29050827026, 10.5611953735, 9.7906961441, 9.60453605652, 13.9651155472, 17.8327560425, 20.7594966888, 18.8169345856, 21.6376094818, 29.375, 32.7951965332, 22.5538787842, 14.3664741516, 16.4272766113, 10.524643898, 5.60033607483, 8.81127357483, 10.2358341217, 6.53156661987, 4.47969818115, 2.8705637455, 1.97706115246, 1.2864086628, 0.894559264183, 0.591347455978, 0.350232869387, 0.250725150108, 0.118685401976, 0.0318186320364, 0.0080830026418, 0.00186728395056, 4.53618304164e-05, 8.80298011907e-06],
        "dmean2": [0.115548878908, 1.62153303623, 4.27898073196, 4.16187524796, 4.5204205513, 7.32445001602, 10.2459259033, 13.2745809555, 16.9772586823, 15.3481121063, 14.8939352036, 20.7002925873, 26.7751312256, 31.7567920685, 27.7457523346, 33.1735572815, 44.5654716492, 48.4943351746, 34.3247261047, 22.0811367035, 25.8138809204, 16.7668247223, 9.13691139221, 14.5461959839, 16.6693553925, 10.7239465714, 7.28044176102, 4.72280931473, 3.14164590836, 1.99700140953, 1.39147233963, 0.897153437138, 0.503433525562, 0.360163867474, 0.177517384291, 0.0490106269717, 0.0120723154396, 0.00279217446223, 6.75752671668e-05, 1.45887415783e-05],
        "dvar": [0.0446870699525, 7.31305980682, 29.5819854736, 31.825799942, 23.5921325684, 50.1067314148, 116.276092529, 243.423965454, 412.889862061, 479.356231689, 474.253845215, 719.069396973, 1628.41186523, 2469.57226562, 1519.20568848, 2330.43383789, 5727.47753906, 7786.0546875, 5361.46728516, 1449.72106934, 1234.63452148, 240.730026245, 59.0832252502, 175.077865601, 290.902679443, 114.631347656, 82.0768508911, 46.1031265259, 22.1580600739, 7.51551961899, 5.32063913345, 3.17879486084, 1.24219381809, 0.743504703045, 0.154315084219, 0.014348433353, 0.000588836264797, 3.49102811015e-05, 1.86903701405e-08, 2.33663477456e-10],
        "dvar2": [0.129717260599, 21.5589351654, 86.3706588745, 91.4062728882, 65.7986068726, 133.454605103, 296.205078125, 669.598693848, 1053.89709473, 1224.99035645, 1217.57226562, 1519.27111816, 3434.74902344, 5846.69775391, 3013.66821289, 5099.62792969, 13812.0703125, 17007.7070312, 11540.1318359, 3187.96118164, 2681.8503418, 592.129333496, 155.67350769, 457.588470459, 739.82635498, 297.547027588, 206.559906006, 115.021011353, 52.3170928955, 17.5097045898, 11.8539218903, 6.28678274155, 2.19654202461, 1.45046007633, 0.345646500587, 0.0384197160602, 0.00136224203743, 8.12674406916e-05, 4.28382342932e-08, 6.45845321667e-10],
        "max": [2.52877473831, 34.2443008423, 75.2533721924, 145.214126587, 98.2456665039, 120.182357788, 219.771362305, 322.006286621, 324.829711914, 493.525085449, 746.997253418, 829.973449707, 1334.87915039, 1422.796875, 957.865600586, 1401.04748535, 1812.82250977, 1782.80664062, 2187.14331055, 1121.03320312, 1232.83789062, 366.102966309, 136.656845093, 277.650054932, 306.079284668, 259.48046875, 402.777435303, 184.110351562, 167.08770752, 45.4189567566, 77.289100647, 73.9711761475, 38.5716400146, 29.6132011414, 11.2249469757, 4.49664592743, 0.71968460083, 0.186701864004, 0.00464550498873, 0.000191297338461],
        "mean": [0.120377980173, 2.20284485817, 5.15668535233, 4.49585723877, 5.4893913269, 10.419008255, 17.4488143921, 18.9988670349, 21.5036506653, 19.1681346893, 19.7430419922, 31.695520401, 40.2486152649, 50.0198554993, 42.0476264954, 52.5429954529, 75.308555603, 83.2007751465, 64.4468231201, 31.8657989502, 35.6215553284, 26.73503685, 15.7052965164, 22.2522392273, 25.7204151154, 17.2516746521, 11.3103723526, 6.34095907211, 4.20219182968, 2.93785095215, 1.92117643356, 1.2922744751, 0.75489872694, 0.511642277241, 0.222850680351, 0.055391445756, 0.0140529293567, 0.0029752177652, 8.88561844476e-05, 4.1272771341e-05],
        "median": [0.088462293148, 1.50635111332, 3.84236192703, 2.52541828156, 3.14016842842, 6.70575809479, 10.6618080139, 12.0990695953, 11.1831893921, 10.1436290741, 12.0714569092, 15.2846088409, 16.9076538086, 16.0017700195, 19.5820808411, 19.5411376953, 16.0009403229, 15.5047779083, 13.6753253937, 15.1788196564, 24.8008537292, 21.3447475433, 13.6086177826, 17.1596336365, 16.8802623749, 11.4342250824, 7.7635011673, 3.80802130699, 1.96258699894, 1.43680167198, 0.851239025593, 0.542916417122, 0.278480857611, 0.165314346552, 0.0726622268558, 0.0189069975168, 0.00473285187036, 0.000823614711408, 4.1605286242e-05, 3.93576410715e-05],
        "min": [7.76671805167e-23, 6.80678060535e-22, 1.54945135801e-21, 4.60449966809e-21, 2.02679687253e-20, 2.71780336141e-20, 4.15593052711e-20, 6.89712112788e-20, 1.2325910073e-19, 1.8710715596e-19, 2.8199181618e-19, 3.4998187493e-19, 6.72064498762e-19, 7.902385713e-19, 9.40584179402e-19, 1.52794331549e-18, 1.90754611456e-18, 2.41751185439e-18, 2.42768824388e-18, 3.66302541326e-18, 4.16776523278e-18, 3.2325645516e-18, 5.92089058225e-18, 5.59443424093e-18, 7.45021973546e-18, 8.44723376266e-18, 8.91251458541e-18, 1.22678139216e-17, 9.80664554239e-18, 1.14491822206e-17, 9.41618651476e-18, 1.0950720702e-17, 1.02013008573e-17, 9.83508649339e-18, 7.04811814071e-18, 4.38803102219e-18, 2.4076684051e-18, 9.80047415463e-19, 2.5911913487e-19, 2.87176784592e-20],
        "var": [0.0327091403306, 6.4369392395, 30.3556613922, 41.0185661316, 49.5068321228, 137.856719971, 422.614044189, 485.913116455, 830.252319336, 788.311706543, 748.073730469, 2645.13964844, 6257.92089844, 12185.0654297, 5189.01513672, 11056.6777344, 24593.7910156, 34427.9140625, 38731.3789062, 3577.25488281, 2510.74072266, 720.263000488, 213.70098877, 564.430419922, 985.881652832, 380.294219971, 193.610244751, 88.9471435547, 50.6482582092, 20.266418457, 12.7140989304, 8.82088756561, 3.97886705399, 2.07874274254, 0.322225362062, 0.0166067462415, 0.00105614482891, 7.14239431545e-05, 4.01624511426e-08, 5.27447252541e-10]
    },
    "gfcc": {
        "mean": [-20.2596321106, 117.128242493, -123.293014526, 35.9218063354, -47.3094024658, 11.0896759033, -30.3947124481, 9.1597700119, -23.8243141174, 2.28745412827, -9.16446781158, -1.00765764713, -4.94023370743],
        "cov": [[27706.8476562, -251.196670532, -2617.73022461, 1189.20947266, -1415.16467285, 364.941131592, -423.869232178, 442.635131836, -243.036087036, 292.45501709, -353.702484131, -99.3447952271, -366.218933105], [-251.196670532, 1601.48535156, -167.571121216, -57.3663673401, 421.791259766, -369.228088379, 148.53314209, -183.220581055, 66.7591629028, -177.779281616, 146.96182251, -56.2034759521, 155.938537598], [-2617.73022461, -167.571121216, 1120.5769043, -90.7759017944, 15.9305973053, -38.1934928894, -133.300918579, 94.4220657349, 16.8715763092, -12.7337875366, 19.392742157, 144.083114624, 96.3413772583], [1189.20947266, -57.3663673401, -90.7759017944, 352.282165527, -69.8551559448, -46.4045944214, 12.0053186417, -15.8807077408, 51.1391296387, -46.6267204285, -37.2166061401, -5.99824285507, 4.50698709488], [-1415.16467285, 421.791259766, 15.9305973053, -69.8551559448, 347.900024414, -102.27191925, 74.9170150757, -55.6328887939, 32.9032249451, -44.5399398804, 51.2779846191, -18.1824398041, 49.6475372314], [364.941131592, -369.228088379, -38.1934928894, -46.4045944214, -102.27191925, 323.103424072, 18.1172142029, 63.8416099548, -13.6912994385, 91.3380203247, -3.82011032104, -5.66250133514, -49.5416603088], [-423.869232178, 148.53314209, -133.300918579, 12.0053186417, 74.9170150757, 18.1172142029, 223.822158813, -26.7639465332, 21.6200561523, 6.77330255508, 36.1134376526, -17.6436729431, 12.0462579727], [442.635131836, -183.220581055, 94.4220657349, -15.8807077408, -55.6328887939, 63.8416099548, -26.7639465332, 164.194747925, 5.55317926407, 28.2247505188, -8.68096542358, 31.2587203979, 4.90605926514], [-243.036087036, 66.7591629028, 16.8715763092, 51.1391296387, 32.9032249451, -13.6912994385, 21.6200561523, 5.55317926407, 128.877212524, -1.52796900272, 13.1241197586, 3.37681770325, 19.8630008698], [292.45501709, -177.779281616, -12.7337875366, -46.6267204285, -44.5399398804, 91.3380203247, 6.77330255508, 28.2247505188, -1.52796900272, 133.182617188, 16.6222324371, -1.99727809429, -16.5605049133], [-353.702484131, 146.96182251, 19.392742157, -37.2166061401, 51.2779846191, -3.82011032104, 36.1134376526, -8.68096542358, 13.1241197586, 16.6222324371, 100.157806396, 17.6214084625, 25.6013698578], [-99.3447952271, -56.2034759521, 144.083114624, -5.99824285507, -18.1824398041, -5.66250133514, -17.6436729431, 31.2587203979, 3.37681770325, -1.99727809429, 17.6214084625, 108.797447205, 21.0480556488], [-366.218933105, 155.938537598, 96.3413772583, 4.50698709488, 49.6475372314, -49.5416603088, 12.0462579727, 4.90605926514, 19.8630008698, -16.5605049133, 25.6013698578, 21.0480556488, 103.742912292]],
        "icov": [[0.000156644891831, -0.000443369615823, 0.000347210036125, -0.000596731784754, 0.000510157784447, -0.000194495733012, 0.00045026477892, -0.000650815258268, 0.000419958756538, -0.000711590284482, 0.000477023480926, -0.000411987653933, 0.000336233730195], [-0.000443369615823, 0.00301506975666, -0.000641146616545, 0.00217458675615, -0.00227106828243, 0.00164260680322, -0.00157792703249, 0.00246393214911, -0.00158063485287, 0.00347270746715, -0.00314368121326, 0.00195435364731, -0.00242199003696], [0.000347210036125, -0.000641146616545, 0.0021178945899, -0.000924364256207, 0.000834527832922, -0.00022762286244, 0.0016290883068, -0.00167953723576, 0.000663624377921, -0.0012176031014, 0.000844593334477, -0.00208597327583, -0.000461687042844], [-0.000596731784754, 0.00217458675615, -0.000924364256207, 0.00620100134984, -0.000913477211725, 0.00150646828115, -0.0022694633808, 0.00296505726874, -0.00347695755772, 0.00430688075721, -0.00120490905829, 0.00165648828261, -0.0021918087732], [0.000510157784447, -0.00227106828243, 0.000834527832922, -0.000913477211725, 0.00647707097232, -0.000185686993063, 0.000391655921703, -0.00169370824005, 0.000480766611872, -0.00181188713759, 0.00116996164434, -0.000629183137789, 0.000783193623647], [-0.000194495733012, 0.00164260680322, -0.00022762286244, 0.00150646828115, -0.000185686993063, 0.00553617533296, -0.00161117326934, -0.000105207771412, -0.000762718729675, -0.00038313656114, -0.00172791769728, 0.00134846626315, 0.000152690336108], [0.00045026477892, -0.00157792703249, 0.0016290883068, -0.0022694633808, 0.000391655921703, -0.00161117326934, 0.00710301939398, -0.00157073745504, 0.000867920171004, -0.00249861460179, 0.000191670405911, -0.00130065798294, 0.000491241458803], [-0.000650815258268, 0.00246393214911, -0.00167953723576, 0.00296505726874, -0.00169370824005, -0.000105207771412, -0.00157073745504, 0.0105934459716, -0.00260390760377, 0.00275287474506, -0.00159263785463, 0.000426653510658, -0.00288393488154], [0.000419958756538, -0.00158063485287, 0.000663624377921, -0.00347695755772, 0.000480766611872, -0.000762718729675, 0.000867920171004, -0.00260390760377, 0.0102742351592, -0.00294223451056, 0.000806446187198, -0.00115894933697, 0.000420509080868], [-0.000711590284482, 0.00347270746715, -0.0012176031014, 0.00430688075721, -0.00181188713759, -0.00038313656114, -0.00249861460179, 0.00275287474506, -0.00294223451056, 0.0147531023249, -0.00577137479559, 0.00320793152787, -0.00225239223801], [0.000477023480926, -0.00314368121326, 0.000844593334477, -0.00120490905829, 0.00116996164434, -0.00172791769728, 0.000191670405911, -0.00159263785463, 0.000806446187198, -0.00577137479559, 0.0164211019874, -0.00459879543632, 0.000150275620399], [-0.000411987653933, 0.00195435364731, -0.00208597327583, 0.00165648828261, -0.000629183137789, 0.00134846626315, -0.00130065798294, 0.000426653510658, -0.00115894933697, 0.00320793152787, -0.00459879543632, 0.0136029180139, -0.00234188325703], [0.000336233730195, -0.00242199003696, -0.000461687042844, -0.0021918087732, 0.000783193623647, 0.000152690336108, 0.000491241458803, -0.00288393488154, 0.000420509080868, -0.00225239223801, 0.000150275620399, -0.00234188325703, 0.0147661007941]]
    },
    "melbands": {
        "dmean": [0.000785136420745, 0.00124838447664, 0.000401423021685, 0.000254151120316, 0.000214719126234, 0.000191629835172, 0.000154467663378, 0.000101744386484, 8.23748996481e-05, 8.68474598974e-05, 9.02848041733e-05, 8.51002987474e-05, 7.62269337429e-05, 5.22671798535e-05, 6.22466395725e-05, 6.43955936539e-05, 6.51466616546e-05, 3.89696251659e-05, 2.64819100266e-05, 1.82126441359e-05, 2.20314559556e-05, 1.2680198779e-05, 7.91632555774e-06, 5.45180273548e-06, 8.07834203442e-06, 9.15177861316e-06, 5.66379230804e-06, 4.47537604487e-06, 3.48694311469e-06, 2.28517683354e-06, 1.62830610861e-06, 1.19234880458e-06, 1.02817523384e-06, 6.80151686083e-07, 5.40396342785e-07, 5.39727636806e-07, 3.31187038682e-07, 2.54829700452e-07, 2.50413933145e-07, 2.15136040538e-07],
        "dmean2": [0.00140626449138, 0.00220765033737, 0.000682373123709, 0.000410891167121, 0.000330593029503, 0.000304893852444, 0.000246648036409, 0.000160711439094, 0.000125251346617, 0.000129336433019, 0.000135538575705, 0.000130133208586, 0.00011364416423, 7.95747328084e-05, 9.51133552007e-05, 9.75447765086e-05, 9.68404710875e-05, 5.96229656367e-05, 3.89226406696e-05, 2.90533498628e-05, 3.46617707692e-05, 2.03064901143e-05, 1.29593499878e-05, 9.14601878321e-06, 1.34096007969e-05, 1.48868466567e-05, 9.13440908334e-06, 7.43204918763e-06, 5.69642497794e-06, 3.77378341909e-06, 2.6863281164e-06, 1.91534036276e-06, 1.63141328358e-06, 1.07710559405e-06, 8.56931080762e-07, 8.47010596772e-07, 5.03492799453e-07, 3.81040734965e-07, 3.62435827128e-07, 3.16242733334e-07],
        "dvar": [6.19970796834e-06, 9.38155790209e-06, 7.30142232896e-07, 1.72392304876e-07, 1.00450066043e-07, 1.23193331092e-07, 8.74485479585e-08, 5.33030330985e-08, 2.88782846525e-08, 2.45469351512e-08, 4.15167171752e-08, 4.22478159123e-08, 2.55380836478e-08, 1.31154891392e-08, 1.57988537808e-08, 3.29107088248e-08, 3.33007967868e-08, 1.58577666554e-08, 5.72874725435e-09, 1.91689664142e-09, 2.34614594419e-09, 3.44722778101e-10, 1.27558449914e-10, 6.21834944647e-11, 1.54829496446e-10, 2.53544019113e-10, 8.63360424819e-11, 5.40639616409e-11, 4.51660132905e-11, 3.23738362507e-11, 1.47756581276e-11, 8.37756339994e-12, 5.17044523515e-12, 2.23535859961e-12, 2.06210721242e-12, 2.08270531897e-12, 1.11036332039e-12, 6.36169990385e-13, 7.65194114669e-13, 5.72298556201e-13],
        "dvar2": [1.81701780093e-05, 2.74169105978e-05, 2.08068468055e-06, 4.71844174399e-07, 2.5814381388e-07, 3.39804046234e-07, 2.21015980628e-07, 1.37578865633e-07, 7.13559344945e-08, 5.33368442746e-08, 8.76639418834e-08, 1.00279002879e-07, 5.29126928939e-08, 2.8933438756e-08, 3.62927039532e-08, 7.87961127457e-08, 7.38857508509e-08, 3.5127371234e-08, 1.12837961197e-08, 4.58428184302e-09, 5.1815600699e-09, 8.53544734891e-10, 3.39335365362e-10, 1.66486407993e-10, 4.04668520915e-10, 6.36464381198e-10, 2.13820045003e-10, 1.42875697384e-10, 1.13207297703e-10, 8.39901342919e-11, 3.7799433722e-11, 2.00643390791e-11, 1.24295036069e-11, 5.4535980766e-12, 4.79285057822e-12, 4.50321811091e-12, 2.20940995534e-12, 1.21949813529e-12, 1.42089183301e-12, 1.22353505366e-12],
        "max": [0.0314593538642, 0.0367065034807, 0.0217374078929, 0.00901929941028, 0.00586288003251, 0.00772114563733, 0.0049638915807, 0.00549459643662, 0.00565102417022, 0.00451168930158, 0.00666043721139, 0.0059922891669, 0.0041656922549, 0.00291390903294, 0.00288437097333, 0.005184634123, 0.00396720413119, 0.00333571946248, 0.00189034885261, 0.00138544174843, 0.00180784368422, 0.000385449180612, 0.000206705313758, 0.000162798824022, 0.000273271143669, 0.000381486286642, 0.000200392576517, 0.000162506636116, 0.000262442306848, 0.000210097830859, 9.49851673795e-05, 9.99947733362e-05, 5.24700553797e-05, 2.82682340185e-05, 5.72586432099e-05, 4.91412502015e-05, 4.30749605584e-05, 2.89609124593e-05, 3.00911378872e-05, 2.90977095574e-05],
        "mean": [0.00173666910268, 0.00295008462854, 0.000811809906736, 0.000552529876586, 0.000592216209043, 0.000454242253909, 0.000320661987644, 0.00019363782485, 0.000172738873516, 0.000193930318346, 0.00019642044208, 0.000199048037757, 0.000160544805112, 0.000113433139632, 0.00014709251991, 0.000166447192896, 0.000148811814142, 9.8175893072e-05, 5.91080279264e-05, 3.48605462932e-05, 4.39155846834e-05, 2.93990142382e-05, 1.77393812919e-05, 1.29122499857e-05, 1.80416118383e-05, 2.10675334529e-05, 1.39458361446e-05, 1.05932740553e-05, 7.96680978965e-06, 4.68460484626e-06, 3.20061303682e-06, 2.32373963627e-06, 2.11685937757e-06, 1.41715702284e-06, 1.05602873646e-06, 1.08460608317e-06, 6.73651243233e-07, 5.17797218436e-07, 4.96133168326e-07, 4.12146874851e-07],
        "median": [0.00116572645493, 0.00254111969844, 0.000515510968398, 0.000361334707122, 0.000406078936066, 0.000302012602333, 0.000177583628101, 0.000104919046862, 0.000103216516436, 9.39286328503e-05, 7.79705296736e-05, 5.75043995923e-05, 5.88086986681e-05, 3.76338794013e-05, 4.62250536657e-05, 2.40903355007e-05, 2.53375437751e-05, 1.92331172002e-05, 1.61135321832e-05, 2.08862766158e-05, 3.0106970371e-05, 2.27430573432e-05, 1.39893345477e-05, 1.01740897662e-05, 1.32519708131e-05, 1.31546803459e-05, 9.39899473451e-06, 6.78754622641e-06, 5.00710802953e-06, 2.95659356198e-06, 1.71627175405e-06, 1.03912339e-06, 9.30185819925e-07, 6.66860728415e-07, 4.48323362434e-07, 4.46436501989e-07, 2.71255174766e-07, 1.96580231204e-07, 1.43567177702e-07, 1.2983173292e-07],
        "min": [8.83176227581e-25, 1.0387837743e-24, 1.37334234661e-24, 1.73446176699e-24, 1.36938857575e-24, 1.48194246085e-24, 1.67554174598e-24, 1.62599881594e-24, 1.95006691872e-24, 2.19278383925e-24, 2.78675113581e-24, 2.32315986714e-24, 2.33565147957e-24, 3.32354632991e-24, 4.15363981136e-24, 3.0550170917e-24, 4.35989143933e-24, 3.53466877955e-24, 4.23844748627e-24, 4.10852840606e-24, 4.28340545811e-24, 2.31643088361e-24, 6.08705624295e-24, 4.11780186043e-24, 3.30462964262e-24, 4.71661552396e-24, 3.44322639e-24, 5.72683119362e-24, 4.79596191483e-24, 5.41227290766e-24, 6.01279090518e-24, 4.83527203702e-24, 5.89717190104e-24, 4.55207728294e-24, 4.48930643742e-24, 4.89524913165e-24, 6.06502138572e-24, 6.1625013222e-24, 5.42195696414e-24, 6.95891990933e-24],
        "var": [4.91555920235e-06, 8.53183883009e-06, 1.06426136881e-06, 3.90360668234e-07, 3.76343336939e-07, 2.57037726215e-07, 1.75931887725e-07, 7.97445522949e-08, 5.5694162171e-08, 8.97653293919e-08, 1.57465194661e-07, 2.10126799516e-07, 8.93446809869e-08, 5.460935526e-08, 6.87102712504e-08, 1.29103796098e-07, 1.22342399322e-07, 9.03001833308e-08, 2.52358898223e-08, 3.23640980682e-09, 4.30811386565e-09, 9.31669852378e-10, 3.30000998749e-10, 1.72119235531e-10, 4.15267237264e-10, 8.66544114242e-10, 2.79846479323e-10, 1.51971588092e-10, 1.11952246085e-10, 5.40977644625e-11, 2.49402495184e-11, 1.71987788594e-11, 1.25013289651e-11, 4.98092235859e-12, 4.12223423799e-12, 5.24927020254e-12, 2.85921026438e-12, 1.79440425192e-12, 2.30555158298e-12, 1.36500370469e-12]
    },
    "mfcc": {
        "mean": [-648.647521973, 137.445388794, -7.74770212173, 29.7329216003, 5.84695339203, 4.44920253754, 6.72810173035, 3.46294355392, -0.368757754564, 2.76274442673, -4.24985742569, 2.6394841671, 3.19753623009],
        "cov": [[14523.9707031, -24.4663963318, -1318.60095215, 245.774337769, -682.308288574, 249.231735229, -48.1773223877, 47.1718826294, 48.0991783142, 335.066131592, 231.456939697, 42.8451118469, 66.0472183228], [-24.4663963318, 1578.47021484, -94.3043899536, 243.530197144, 208.477218628, -117.671203613, 66.5292282104, -22.1600761414, -23.4251270294, -43.9201622009, -91.2482299805, 38.2731246948, 18.5442733765], [-1318.60095215, -94.3043899536, 858.329772949, -24.520280838, 141.994186401, -76.9492721558, -52.4471511841, 10.4557390213, 22.2592983246, -76.1981201172, -90.0373077393, 33.8244819641, 34.969039917], [245.774337769, 243.530197144, -24.520280838, 316.762359619, 35.3178443909, -23.8205738068, -40.2848815918, 34.1727905273, 33.6863746643, -50.3818092346, -18.8810768127, 4.4740819931, -1.09837186337], [-682.308288574, 208.477218628, 141.994186401, 35.3178443909, 251.191741943, -67.1148071289, -26.2415618896, -7.67548847198, 0.823510587215, -23.1280345917, -61.9216079712, 9.48377990723, 10.2968187332], [249.231735229, -117.671203613, -76.9492721558, -23.8205738068, -67.1148071289, 199.429626465, 33.2329750061, 7.32259130478, 0.876807153225, 33.8891639709, 60.5579719543, -8.06901454926, -15.607131958], [-48.1773223877, 66.5292282104, -52.4471511841, -40.2848815918, -26.2415618896, 33.2329750061, 163.660842896, 6.13630962372, -0.246277153492, 34.9756889343, 11.4068441391, 5.29781103134, 0.843606293201], [47.1718826294, -22.1600761414, 10.4557390213, 34.1727905273, -7.67548847198, 7.32259130478, 6.13630962372, 123.294944763, 25.8704471588, -22.5008029938, 14.9930095673, 11.7552642822, 9.11377620697], [48.0991783142, -23.4251270294, 22.2592983246, 33.6863746643, 0.823510587215, 0.876807153225, -0.246277153492, 25.8704471588, 105.433639526, 22.80651474, 3.78423047066, 1.94116210938, 2.26176548004], [335.066131592, -43.9201622009, -76.1981201172, -50.3818092346, -23.1280345917, 33.8891639709, 34.9756889343, -22.5008029938, 22.80651474, 125.430877686, 27.0511264801, 1.35811090469, -1.280621171], [231.456939697, -91.2482299805, -90.0373077393, -18.8810768127, -61.9216079712, 60.5579719543, 11.4068441391, 14.9930095673, 3.78423047066, 27.0511264801, 111.222053528, 14.8082017899, -7.04346323013], [42.8451118469, 38.2731246948, 33.8244819641, 4.4740819931, 9.48377990723, -8.06901454926, 5.29781103134, 11.7552642822, 1.94116210938, 1.35811090469, 14.8082017899, 80.821144104, 27.0326938629], [66.0472183228, 18.5442733765, 34.969039917, -1.09837186337, 10.2968187332, -15.607131958, 0.843606293201, 9.11377620697, 2.26176548004, -1.280621171, -7.04346323013, 27.0326938629, 70.3674850464]],
