{
"lowlevel": {
    "average_loudness": 0.907832682133,
    "barkbands_crest": {
        "dmean": 2.12673830986,
        "dmean2": 3.45363807678,
        "dvar": 4.00204181671,
        "dvar2": 10.6340045929,
        "max": 26.446138382,
        "mean": 9.47426605225,
        "median": 8.97114086151,
        "min": 2.44218325615,
        "var": 11.3455295563
    },
    "barkbands_flatness_db": {
        "dmean": 0.0194559823722,
        "dmean2": 0.0291531439871,
        "dvar": 0.000362445716746,
        "dvar2": 0.000780796865001,
        "max": 0.562567353249,
        "mean": 0.12667298317,
        "median": 0.114796310663,
        "min": 0.0228354688734,
        "var": 0.00406110519543
    },
    "barkbands_kurtosis": {
        "dmean": 3.28857135773,
        "dmean2": 5.26436090469,
        "dvar": 93.9989242554,
        "dvar2": 265.275482178,
        "max": 638.317260742,
        "mean": 6.74926662445,
        "median": 4.12381792068,
        "min": -1.8989726305,
        "var": 110.181167603
    },
    "barkbands_skewness": {
        "dmean": 0.494600951672,
        "dmean2": 0.770856082439,
        "dvar": 0.328358948231,
        "dvar2": 0.789160370827,
        "max": 23.8690223694,
        "mean": 2.10216498375,
        "median": 2.00358390808,
        "min": -2.12566018105,
        "var": 1.35413980484
    },
    "barkbands_spread": {
        "dmean": 6.23485946655,
        "dmean2": 9.43835830688,
        "dvar": 62.9207725525,
        "dvar2": 135.624679565,
        "max": 106.959899902,
        "mean": 23.927947998,
        "median": 20.9914245605,
        "min": 0.57926928997,
        "var": 250.500442505
    },
    "dissonance": {
        "dmean": 0.0145775834098,
        "dmean2": 0.0243050083518,
        "dvar": 0.000200394526473,
        "dvar2": 0.000522877031472,
        "max": 0.500000059605,
        "mean": 0.466622114182,
        "median": 0.473579466343,
        "min": 0.268679738045,
        "var": 0.000655876006931
    },
    "dynamic_complexity": 2.83468699455,
    "erbbands_crest": {
        "dmean": 2.0952630043,
        "dmean2": 3.40373039246,
        "dvar": 4.24270820618,
        "dvar2": 11.1013240814,
        "max": 23.964887619,
        "mean": 8.11995983124,
        "median": 7.18105125427,
        "min": 2.20651221275,
        "var": 14.4033069611
    },
    "erbbands_flatness_db": {
        "dmean": 0.0164145994931,
        "dmean2": 0.0231341049075,
        "dvar": 0.000265078386292,
        "dvar2": 0.000505758624058,
        "max": 0.411875814199,
        "mean": 0.120090469718,
        "median": 0.114638790488,
        "min": 0.0321329347789,
        "var": 0.00207476504147
    },
    "erbbands_kurtosis": {
        "dmean": 0.711413383484,
        "dmean2": 1.11586749554,
        "dvar": 0.972556650639,
        "dvar2": 2.25802278519,
        "max": 27.8637046814,
        "mean": 0.348804026842,
        "median": -0.2950694561,
        "min": -1.80958366394,
        "var": 5.66716051102
    },
    "erbbands_skewness": {
        "dmean": 0.309000790119,
        "dmean2": 0.471075981855,
        "dvar": 0.0912081003189,
        "dvar2": 0.20664665103,
        "max": 4.19242477417,
        "mean": 0.365241676569,
        "median": 0.350191384554,
        "min": -4.16521644592,
        "var": 0.712739288807
    },
    "erbbands_spread": {
        "dmean": 9.31180763245,
        "dmean2": 13.9139986038,
        "dvar": 109.996253967,
        "dvar2": 242.455810547,
        "max": 151.169815063,
        "mean": 48.5265388489,
        "median": 45.6277961731,
        "min": 2.09332609177,
        "var": 396.009979248
    },
    "hfc": {
        "dmean": 7.32258892059,
        "dmean2": 9.9639339447,
        "dvar": 126.744812012,
        "dvar2": 257.632202148,
        "max": 164.282714844,
        "mean": 22.5977325439,
        "median": 15.8402500153,
        "min": 1.18375739585e-16,
        "var": 454.895080566
    },
    "melbands_crest": {
        "dmean": 2.84461593628,
        "dmean2": 4.65597486496,
        "dvar": 7.22265100479,
        "dvar2": 18.2015342712,
        "max": 38.865196228,
        "mean": 14.0206804276,
        "median": 13.3665065765,
        "min": 2.97025108337,
        "var": 18.9589328766
    },
    "melbands_flatness_db": {
        "dmean": 0.0237248186022,
        "dmean2": 0.0355218164623,
        "dvar": 0.000521337497048,
        "dvar2": 0.0011243855115,
        "max": 0.715919137001,
        "mean": 0.217370644212,
        "median": 0.206920593977,
        "min": 0.00922543928027,
        "var": 0.00596900423989
    },
    "melbands_kurtosis": {
        "dmean": 8.13344860077,
        "dmean2": 12.8789463043,
        "dvar": 187.285705566,
        "dvar2": 479.012268066,
        "max": 539.748657227,
        "mean": 20.6676921844,
        "median": 14.9976711273,
        "min": -1.85359692574,
        "var": 482.254333496
    },
    "melbands_skewness": {
        "dmean": 0.701001226902,
        "dmean2": 1.08175122738,
        "dvar": 0.571828603745,
        "dvar2": 1.35082936287,
        "max": 20.9689311981,
        "mean": 3.4300069809,
        "median": 3.25309634209,
        "min": 0.0818333998322,
        "var": 2.42377233505
    },
    "melbands_spread": {
        "dmean": 5.30874538422,
        "dmean2": 8.12940979004,
        "dvar": 56.7788658142,
        "dvar2": 118.332336426,
        "max": 219.963821411,
        "mean": 18.6071720123,
        "median": 14.3270740509,
        "min": 0.808673739433,
        "var": 243.132614136
    },
    "pitch_salience": {
        "dmean": 0.0624884143472,
        "dmean2": 0.100797966123,
        "dvar": 0.00306347291917,
        "dvar2": 0.0077981906943,
        "max": 0.853765845299,
        "mean": 0.578270077705,
        "median": 0.583647012711,
        "min": 0.0437972582877,
        "var": 0.00827623810619
    },
    "silence_rate_20dB": {
        "dmean": 0,
        "dmean2": 0,
        "dvar": 0,
        "dvar2": 0,
        "max": 1,
        "mean": 1,
        "median": 1,
        "min": 1,
        "var": 0
    },
    "silence_rate_30dB": {
        "dmean": 0.000369173969375,
        "dmean2": 0.000738416099921,
        "dvar": 0.000369035697076,
        "dvar2": 0.00110707094427,
        "max": 1,
        "mean": 0.999815404415,
        "median": 1,
        "min": 0,
        "var": 0.000184535892913
    },
    "silence_rate_60dB": {
        "dmean": 0.0101522840559,
        "dmean2": 0.0203064419329,
        "dvar": 0.010052668862,
        "dvar2": 0.0228473655879,
        "max": 1,
        "mean": 0.0514950156212,
        "median": 0,
        "min": 0,
        "var": 0.0488462522626
    },
    "spectral_centroid": {
        "dmean": 211.885925293,
        "dmean2": 323.874237061,
        "dvar": 61538.2460938,
        "dvar2": 126585.90625,
        "max": 10787.3095703,
        "mean": 1146.32104492,
        "median": 1012.04180908,
        "min": 148.624069214,
        "var": 401658.09375
    },
    "spectral_complexity": {
        "dmean": 3.07078909874,
        "dmean2": 4.66965103149,
        "dvar": 11.0914449692,
        "dvar2": 23.625585556,
        "max": 58,
        "mean": 19.03008461,
        "median": 17,
        "min": 0,
        "var": 115.751243591
    },
    "spectral_decrease": {
        "dmean": 2.16278817078e-09,
        "dmean2": 3.44074213565e-09,
        "dvar": 9.08058114227e-18,
        "dvar2": 2.27001173726e-17,
        "max": -1.38404692486e-28,
        "mean": -7.33241334316e-09,
        "median": -6.54873222317e-09,
        "min": -4.01416215823e-08,
        "var": 2.26291982156e-17
    },
    "spectral_energy": {
        "dmean": 0.00857685413212,
        "dmean2": 0.0135102448985,
        "dvar": 0.000141486423672,
        "dvar2": 0.00034928417881,
        "max": 0.15827575326,
        "mean": 0.029723957181,
        "median": 0.0266575664282,
        "min": 1.12593813575e-20,
        "var": 0.000371007743524
    },
    "spectral_energyband_high": {
        "dmean": 0.000507437332999,
        "dmean2": 0.000694866932463,
        "dvar": 9.2072065172e-07,
        "dvar2": 1.88308524685e-06,
        "max": 0.0169306658208,
        "mean": 0.00105660606641,
        "median": 0.000489220023155,
        "min": 8.04776296415e-21,
        "var": 2.6231434731e-06
    },
    "spectral_energyband_low": {
        "dmean": 0.00550284702331,
        "dmean2": 0.00903333537281,
        "dvar": 8.49053758429e-05,
        "dvar2": 0.000215573483729,
        "max": 0.124383047223,
        "mean": 0.0130635388196,
        "median": 0.0101520922035,
        "min": 5.34040152608e-23,
        "var": 0.000136267495691
    },
    "spectral_energyband_middle_high": {
        "dmean": 0.00137828150764,
        "dmean2": 0.00199703453109,
        "dvar": 5.74293926547e-06,
        "dvar2": 1.16306491691e-05,
        "max": 0.0386287234724,
        "mean": 0.00431815301999,
        "median": 0.0023661411833,
        "min": 1.85461325035e-21,
        "var": 2.61172717728e-05
    },
    "spectral_energyband_middle_low": {
        "dmean": 0.00493761664256,
        "dmean2": 0.00808437913656,
        "dvar": 5.11654798174e-05,
        "dvar2": 0.000133930618176,
        "max": 0.0887623801827,
        "mean": 0.0133093334734,
        "median": 0.0111159831285,
        "min": 4.92323420892e-22,
        "var": 9.89656546153e-05
    },
    "spectral_entropy": {
        "dmean": 0.178479358554,
        "dmean2": 0.256625562906,
        "dvar": 0.041328985244,
        "dvar2": 0.0812683552504,
        "max": 9.79921531677,
        "mean": 7.54105615616,
        "median": 7.65288496017,
        "min": 4.18174934387,
        "var": 0.311045914888
    },
    "spectral_flux": {
        "dmean": 0.0217757038772,
        "dmean2": 0.0332191288471,
        "dvar": 0.000655168609228,
        "dvar2": 0.00134975102264,
        "max": 0.310291111469,
        "mean": 0.0810018479824,
        "median": 0.0738078132272,
        "min": 1.06110231712e-10,
        "var": 0.00235730409622
    },
    "spectral_kurtosis": {
        "dmean": 1.69105350971,
        "dmean2": 2.64934229851,
        "dvar": 19.0688724518,
        "dvar2": 49.2184829712,
        "max": 197.839187622,
        "mean": 6.09917879105,
        "median": 4.55017471313,
        "min": -1.15188515186,
        "var": 158.006942749
    },
    "spectral_rms": {
        "dmean": 0.000704548030626,
        "dmean2": 0.00109390751459,
        "dvar": 6.53012193652e-07,
        "dvar2": 1.56857504408e-06,
        "max": 0.0124263977632,
        "mean": 0.00507992878556,
        "median": 0.00509974360466,
        "min": 3.31432689453e-12,
        "var": 3.19330683851e-06
    },
    "spectral_rolloff": {
        "dmean": 451.430511475,
        "dmean2": 751.058166504,
        "dvar": 917403.0625,
        "dvar2": 2077056.625,
        "max": 18023.2910156,
        "mean": 1215.7590332,
        "median": 667.529296875,
        "min": 21.533203125,
        "var": 1992642
    },
    "spectral_skewness": {
        "dmean": 0.208924308419,
        "dmean2": 0.319638937712,
        "dvar": 0.078755185008,
        "dvar2": 0.18072232604,
        "max": 11.4309101105,
        "mean": 1.81383180618,
        "median": 1.72867870331,
        "min": -0.0170409101993,
        "var": 0.762377381325
    },
    "spectral_spread": {
        "dmean": 801123.625,
        "dmean2": 1096584.375,
        "dvar": 912147873792,
        "dvar2": 1.6566321152e+12,
        "max": 40408868,
        "mean": 5534651,
        "median": 5254229.5,
        "min": 475751.6875,
        "var": 3.45509986304e+12
    },
    "spectral_strongpeak": {
        "dmean": 0.29854542017,
        "dmean2": 0.527553975582,
        "dvar": 0.385190367699,
        "dvar2": 1.06723439693,
        "max": 15.569437027,
        "mean": 0.517576098442,
        "median": 0.342874765396,
        "min": 0,
        "var": 0.36822411418
    },
    "zerocrossingrate": {
        "dmean": 0.0127817476168,
        "dmean2": 0.0149987163022,
        "dvar": 0.000181462048204,
        "dvar2": 0.000228797129239,
        "max": 0.4892578125,
        "mean": 0.0633957237005,
        "median": 0.05810546875,
        "min": 0.005859375,
        "var": 0.00128823926207
    },
    "barkbands": {
        "dmean": [0.000175124805537, 0.00296172313392, 0.00312165892683, 0.00179738341831, 0.00275859306566, 0.000930322974455, 0.000588418333791, 0.000705713639036, 0.000646780070383, 0.000370564404875, 0.000131592809339, 0.000243344416958, 0.000194807056687, 0.00022095721215, 0.000316705467412, 0.000215525011299, 0.000320668157656, 0.000248667580308, 0.000146680118633, 0.00014925240248, 7.12020337232e-05, 7.35183857614e-05, 0.000104496277345, 8.38592895889e-05, 6.66962441755e-05, 0.000134712929139, 2.35373699979e-05],
        "dmean2": [0.000270262622507, 0.00464842747897, 0.00544993812218, 0.00309805595316, 0.00469107879326, 0.00155052053742, 0.000940329104196, 0.00113267579582, 0.00102066167165, 0.000594797253143, 0.000212251688936, 0.000383042235626, 0.00031248232699, 0.000355311989551, 0.000509340665303, 0.00033640829497, 0.000506768701598, 0.000393168971641, 0.000226438292884, 0.000229029144975, 0.000112991074275, 0.000112759014883, 0.000152074164362, 0.000120605065604, 9.38559678616e-05, 0.000197253102669, 3.64452498616e-05],
        "dvar": [1.32899174332e-07, 2.5747993277e-05, 4.07276129408e-05, 8.93364176591e-06, 1.95541360881e-05, 3.05864659822e-06, 1.32884497361e-06, 3.15887950819e-06, 2.04549610316e-06, 8.76867829902e-07, 1.69614608581e-07, 3.68253580518e-07, 3.35795135697e-07, 3.53020624289e-07, 3.64778543371e-07, 3.20837244772e-07, 6.1843036292e-07, 3.31518492658e-07, 9.45775724404e-08, 1.5291152522e-07, 2.22789626747e-08, 3.44577877343e-08, 6.41893151965e-08, 4.87543232452e-08, 2.11887662971e-08, 6.84279939378e-08, 3.75562070332e-09],
        "dvar2": [2.9069684615e-07, 5.98031983827e-05, 0.000116913593956, 2.48222240771e-05, 5.5726221035e-05, 8.477611118e-06, 3.53812288267e-06, 8.05087529443e-06, 5.05701063958e-06, 2.2627996259e-06, 4.34495206036e-07, 9.11577899387e-07, 8.27064411624e-07, 9.28871315864e-07, 8.91188221885e-07, 7.48578486309e-07, 1.49452239384e-06, 7.87758949627e-07, 2.1237842418e-07, 3.41588247466e-07, 5.69860034716e-08, 8.39128517782e-08, 1.3726391046e-07, 1.01413284881e-07, 4.61236950855e-08, 1.49772347413e-07, 8.49498249522e-09],
        "max": [0.00481952168047, 0.0508284978569, 0.0853336974978, 0.055625602603, 0.0676276907325, 0.0283652339131, 0.0275225285441, 0.0294178687036, 0.0248219631612, 0.0282950941473, 0.0106041347608, 0.0157959796488, 0.0140795633197, 0.0124990865588, 0.0101130316034, 0.0127015281469, 0.019356591627, 0.0100927725434, 0.00660910597071, 0.014045894146, 0.00348828872666, 0.00364471762441, 0.00642135646194, 0.00538088055328, 0.00337305851281, 0.0045465757139, 0.00122645648662],
        "mean": [0.000222756818403, 0.00648529035971, 0.00440258393064, 0.00300051784143, 0.00502349529415, 0.00187358807307, 0.00118350947741, 0.00100271054544, 0.00107979727909, 0.000601532985456, 0.00018459103012, 0.00042029490578, 0.000293110351777, 0.000346350600012, 0.000563723791856, 0.000391923851566, 0.000632249691989, 0.000473993830383, 0.000300557730952, 0.00028813618701, 0.000139241994475, 0.000123893056298, 0.000185772951227, 0.000160415729624, 0.000122355966596, 0.000193092331756, 2.84540692519e-05],
        "median": [5.65149093745e-05, 0.00464726611972, 0.00250371312723, 0.00194483075757, 0.0034330971539, 0.000932606228162, 0.000585778208915, 0.000309908849886, 0.000486000819365, 0.000263183814241, 6.58202625345e-05, 0.000158506445587, 7.92059581727e-05, 0.000119838674436, 0.000262556539383, 0.000136887654662, 0.000246670271736, 0.000149221974425, 0.000121830948046, 7.77101886342e-05, 7.19084418961e-05, 3.96400500904e-05, 6.2031293055e-05, 5.62138957321e-05, 5.08093035023e-05, 7.33845736249e-05, 4.05071614296e-06],
        "min": [3.30523055742e-24, 2.30237685327e-23, 1.10035186332e-23, 8.34821077519e-23, 1.71044797329e-22, 4.48600868329e-23, 1.60322205475e-23, 5.94169907595e-23, 5.5484235157e-23, 1.11541322171e-22, 8.03405291503e-23, 1.04211996568e-22, 1.13144338017e-22, 1.28447356054e-22, 3.59537784243e-22, 2.08633400996e-22, 1.63629593172e-22, 2.12384377802e-22, 2.72865825913e-22, 2.59114730779e-22, 3.79960673638e-22, 5.62724548761e-22, 7.42501682901e-22, 9.1076866748e-22, 1.31797296171e-21, 1.83440447674e-21, 2.36956024275e-21],
        "var": [1.77856705363e-07, 4.74814260087e-05, 3.62150021829e-05, 1.3285559362e-05, 2.74341018667e-05, 7.40897030482e-06, 2.9394620924e-06, 4.14243777414e-06, 3.09036590806e-06, 1.36871835821e-06, 2.10564223835e-07, 7.61771957514e-07, 5.27711392806e-07, 5.32113290319e-07, 7.47869307816e-07, 7.01493661381e-07, 1.51738004206e-06, 7.54544828396e-07, 2.25827832878e-07, 4.24154166012e-07, 4.16685246307e-08, 6.60121415308e-08, 1.67094611925e-07, 1.26745348439e-07, 4.23417816364e-08, 1.11133786618e-07, 5.42548095339e-09]
    },
    "erbbands": {
        "dmean": [0.104937680066, 0.68749332428, 3.10774064064, 5.1321439743, 7.32478237152, 9.91165828705, 10.9989423752, 5.97844982147, 7.85075569153, 10.3396434784, 15.6221160889, 14.9991521835, 10.3235778809, 10.602891922, 6.15986680984, 9.06808662415, 8.10152339935, 10.4115953445, 14.6896038055, 14.7119922638, 9.43963813782, 16.5447978973, 15.6799554825, 6.72650432587, 8.18390369415, 7.10795116425, 2.95901203156, 2.94714426994, 2.52975082397, 2.74774456024, 2.86006474495, 2.23184370995, 1.24139904976, 0.748056828976, 0.534439325333, 0.788579404354, 0.18883767724, 0.043210644275, 0.00393852172419, 7.57092493586e-05],
        "dmean2": [0.172822743654, 1.10960829258, 5.38244581223, 8.88973331451, 12.3670549393, 16.8456039429, 18.5888595581, 9.94696712494, 12.6799716949, 16.6736907959, 24.9716510773, 23.630865097, 16.4825572968, 16.6152915955, 9.60485363007, 14.4041252136, 12.9657154083, 16.3933296204, 23.5270824432, 23.6085987091, 14.3625259399, 25.9374217987, 24.6602916718, 10.4794178009, 12.3930234909, 10.7697668076, 4.62862014771, 4.70042657852, 3.90141963959, 4.14791679382, 4.15959644318, 3.25161409378, 1.79321539402, 1.07284343243, 0.762023508549, 1.20049667358, 0.271730035543, 0.063060566783, 0.00614188518375, 0.000114768277854],
        "dvar": [0.0469366423786, 1.38302695751, 43.2426109314, 78.9252853394, 134.302658081, 310.071380615, 442.518005371, 163.496810913, 234.69960022, 766.424377441, 1609.51928711, 1152.3717041, 672.446411133, 891.096740723, 239.201080322, 631.650939941, 589.604248047, 833.448181152, 892.057800293, 939.59979248, 490.463806152, 1688.82080078, 1302.78417969, 188.096206665, 337.756652832, 387.271209717, 40.1796798706, 38.4507217407, 43.3381614685, 60.5623168945, 47.6627349854, 28.4955673218, 11.809510231, 3.27890992165, 1.15075409412, 2.26965999603, 0.177051216364, 0.0107929212973, 0.000126482438645, 4.37893881156e-08],
        "dvar2": [0.114559419453, 3.43308901787, 122.686691284, 225.39125061, 369.234619141, 879.380187988, 1356.26135254, 436.497039795, 661.571472168, 1938.47521973, 4071.59301758, 2790.80810547, 1708.4161377, 2110.38500977, 579.723510742, 1583.16516113, 1432.14880371, 2073.09790039, 2243.59106445, 2283.91479492, 1093.01428223, 4033.72460938, 3152.27319336, 446.038665771, 734.74822998, 870.66217041, 99.6527938843, 97.3419799805, 109.656150818, 138.736373901, 101.496177673, 58.8467559814, 26.081741333, 7.51111745834, 2.46662402153, 5.43310689926, 0.369315654039, 0.0231484398246, 0.000289785064524, 9.95669822146e-08],
        "max": [2.20879459381, 11.0108938217, 84.2203903198, 136.903961182, 197.348129272, 247.72555542, 374.157531738, 242.667129517, 423.027160645, 486.736907959, 881.975769043, 679.362731934, 1038.17468262, 966.067871094, 479.270996094, 749.32244873, 717.25, 742.414672852, 440.439910889, 526.506164551, 473.793151855, 1061.74353027, 679.180541992, 303.319000244, 458.581512451, 713.795593262, 175.224685669, 112.892364502, 145.53553772, 237.696685791, 156.836029053, 121.386909485, 101.448654175, 49.3785934448, 20.5792331696, 25.5345554352, 8.77130508423, 2.42806196213, 0.254421323538, 0.00623325724155],
        "mean": [0.183105349541, 1.49847710133, 4.63704061508, 8.98192024231, 11.3715305328, 17.3040542603, 22.7032604218, 10.7564535141, 16.5518665314, 16.8186969757, 24.2400627136, 25.3768768311, 18.4878177643, 17.3758888245, 11.386177063, 16.0041370392, 13.2964506149, 17.6750030518, 26.029510498, 27.862985611, 20.8086261749, 34.4500923157, 31.4817714691, 14.5912075043, 17.2344970703, 14.0357847214, 5.76274633408, 5.67579174042, 4.25914239883, 4.70712423325, 5.18702602386, 4.13503599167, 2.28685569763, 1.35636281967, 0.938302278519, 1.02278721333, 0.290382504463, 0.06320977211, 0.00453421846032, 0.000120164622786],
        "median": [0.100720271468, 1.12483239174, 2.72873878479, 6.10781764984, 7.96187019348, 11.0124034882, 9.94331550598, 6.08872032166, 8.23335266113, 7.35910224915, 8.98609924316, 11.2688188553, 9.22103023529, 7.40167093277, 5.158659935, 6.28976154327, 4.14283847809, 6.2448387146, 12.1630058289, 12.243560791, 7.82910060883, 13.8748826981, 11.3008432388, 6.5840845108, 5.8957157135, 3.73900699615, 2.7032084465, 2.83513665199, 1.48912262917, 1.23360288143, 1.73196935654, 1.45257818699, 0.832705378532, 0.535928249359, 0.40540677309, 0.372940003872, 0.108995005488, 0.0185902751982, 0.000529146229383, 5.45516886632e-05],
        "min": [5.06274975048e-22, 5.68878077816e-21, 1.5319598202e-20, 1.26267905585e-19, 6.68686344839e-19, 4.18893826473e-19, 2.43456676766e-19, 4.26795314178e-19, 2.79789990636e-19, 2.95399328235e-19, 1.6829603744e-18, 1.08638789386e-18, 3.74927305419e-18, 2.3117260006e-18, 3.87440438777e-18, 4.44945538653e-18, 5.19611492954e-18, 5.67055512321e-18, 1.24934588665e-17, 1.67143803798e-17, 1.11038814642e-17, 9.01568220577e-18, 1.11606814753e-17, 1.11243632833e-17, 1.58047728736e-17, 1.31288998402e-17, 1.45342945902e-17, 1.80371778369e-17, 2.0616121846e-17, 1.88846061765e-17, 1.89022631738e-17, 1.73327243575e-17, 1.55584765375e-17, 1.58034510389e-17, 9.39676514116e-18, 6.62380964165e-18, 3.39982977724e-18, 1.25997412355e-18, 3.66624361114e-19, 3.27360507892e-20],
        "var": [0.0629224777222, 2.28367853165, 38.2224960327, 103.337615967, 145.087158203, 397.203765869, 1306.98791504, 241.473144531, 607.273742676, 1055.31933594, 2217.38427734, 1814.34790039, 982.861022949, 1496.33032227, 428.098937988, 1225.5871582, 963.78112793, 1467.5814209, 1724.4708252, 2066.70947266, 1580.63671875, 4182.3046875, 2964.3059082, 461.586364746, 880.105834961, 1088.12304688, 77.3574295044, 71.4792098999, 73.1750259399, 134.425735474, 126.924674988, 79.6586456299, 25.8341236115, 6.1013174057, 2.29832649231, 2.99816989899, 0.306827455759, 0.0178064033389, 0.000170007988345, 5.94161413403e-08]
    },
    "gfcc": {
        "mean": [17.5673961639, 81.5493927002, -83.7514801025, 31.4284248352, -43.9139137268, 10.1473293304, -43.6332893372, 13.5282554626, -27.6704425812, 2.69423413277, -23.6350154877, 1.87293994427, -15.6356878281],
        "cov": [[6704.87988281, -1925.43273926, -515.597900391, -0.482529729605, -154.206787109, 173.825073242, 67.6144638062, 589.730285645, 60.8377418518, 255.658370972, -162.955551147, 340.543884277, -196.394851685], [-1925.43273926, 1420.46862793, -97.590461731, -62.9198760986, 193.306472778, -179.20249939, 73.3080062866, -86.7300262451, 72.5626296997, -89.7557373047, 94.5503921509, -133.547180176, 107.453712463], [-515.597900391, -97.590461731, 631.325744629, 12.8487958908, -20.1441802979, 56.1560745239, 1.9140689373, -82.1711273193, 16.0018081665, 20.3147068024, -10.4922924042, 30.2825527191, 25.0411262512], [-0.482529729605, -62.9198760986, 12.8487958908, 202.94493103, 37.665725708, 17.5211925507, -18.3527526855, -4.11812925339, 21.7425060272, 3.6324865818, -3.11345362663, 10.5745201111, 30.7663612366], [-154.206787109, 193.306472778, -20.1441802979, 37.665725708, 243.042221069, -32.3112297058, 42.1568222046, 33.3203048706, 33.3132629395, 5.98835754395, 8.01890468597, -2.46334862709, 36.2674331665], [173.825073242, -179.20249939, 56.1560745239, 17.5211925507, -32.3112297058, 176.603485107, 51.3255729675, 7.41860628128, -21.5004043579, 6.05239391327, 17.1178951263, 12.2915973663, -24.8899745941], [67.6144638062, 73.3080062866, 1.9140689373, -18.3527526855, 42.1568222046, 51.3255729675, 144.960250854, 40.5613899231, 6.98427963257, -0.628653049469, 26.5652828217, -5.85180282593, -0.635717689991], [589.730285645, -86.7300262451, -82.1711273193, -4.11812925339, 33.3203048706, 7.41860628128, 40.5613899231, 180.150375366, 56.1642379761, 19.4197654724, -4.80959415436, 26.6804714203, -21.0213088989], [60.8377418518, 72.5626296997, 16.0018081665, 21.7425060272, 33.3132629395, -21.5004043579, 6.98427963257, 56.1642379761, 105.284873962, 17.7268123627, 1.71734023094, 3.95544791222, 14.304933548], [255.658370972, -89.7557373047, 20.3147068024, 3.6324865818, 5.98835754395, 6.05239391327, -0.628653049469, 19.4197654724, 17.7268123627, 84.5952148438, 2.27587652206, 26.1923942566, -1.89314866066], [-162.955551147, 94.5503921509, -10.4922924042, -3.11345362663, 8.01890468597, 17.1178951263, 26.5652828217, -4.80959415436, 1.71734023094, 2.27587652206, 75.3169326782, -1.05077922344, 1.42818582058], [340.543884277, -133.547180176, 30.2825527191, 10.5745201111, -2.46334862709, 12.2915973663, -5.85180282593, 26.6804714203, 3.95544791222, 26.1923942566, -1.05077922344, 102.08278656, 22.3213043213], [-196.394851685, 107.453712463, 25.0411262512, 30.7663612366, 36.2674331665, -24.8899745941, -0.635717689991, -21.0213088989, 14.304933548, -1.89314866066, 1.42818582058, 22.3213043213, 78.6984786987]],
        "icov": [[0.000494685722515, 0.000498685112689, 0.000433397421148, 6.25696993666e-05, 9.52860791585e-05, 0.000126569997519, -0.000474152213428, -0.000764716009144, -0.000209025412914, -0.000598713173531, 0.000588475668337, -0.000903437728994, 0.000448423437774], [0.000498685112689, 0.0021691089496, 0.000622084888164, 0.000839399290271, -0.000670492998324, 0.00131614878774, -0.00120695866644, 0.000130524596898, -0.00147388258483, 0.000576495018322, -0.00126160646323, 0.000832284102216, -0.00142430677079], [0.000433397421148, 0.000622084888164, 0.00233651604503, 0.000287789996946, 3.42124549206e-05, -0.000535486382432, -0.000748075137381, 0.000909914786462, -0.00150382658467, -0.00069915887434, 0.000970143417362, -0.00133247952908, 4.49450089945e-05], [6.25696993666e-05, 0.000839399290271, 0.000287789996946, 0.00622624298558, -0.00129136326723, -0.00119485252071, 0.00118273228873, 0.000529237906449, -0.00183872226626, 0.000514294370078, -0.000500527617987, 0.000795145519078, -0.00301733030938], [9.52860791585e-05, -0.000670492998324, 3.42124549206e-05, -0.00129136326723, 0.00559950480238, 0.000723312317859, -0.00152652594261, -0.00139846315142, 0.000226544012548, -0.00111521279905, 0.000734358327463, -0.000217760985834, -0.00110993220005], [0.000126569997519, 0.00131614878774, -0.000535486382432, -0.00119485252071, 0.000723312317859, 0.00900050718337, -0.00394420558587, 0.00019155391783, 0.000865406938829, 0.000433694280218, -0.00229014735669, -0.000293053308269, 0.00166668579914], [-0.000474152213428, -0.00120695866644, -0.000748075137381, 0.00118273228873, -0.00152652594261, -0.00394420558587, 0.0108408629894, -0.00231525115669, 0.00127126660664, 0.000455850211438, -0.00246522505768, 0.00191477767657, -0.00155291939154], [-0.000764716009144, 0.000130524596898, 0.000909914786462, 0.000529237906449, -0.00139846315142, 0.00019155391783, -0.00231525115669, 0.0115864127874, -0.00599695090204, 0.00141654373147, 1.19321257444e-05, -0.00155591254588, 0.00276342290454], [-0.000209025412914, -0.00147388258483, -0.00150382658467, -0.00183872226626, 0.000226544012548, 0.000865406938829, 0.00127126660664, -0.00599695090204, 0.0151622248814, -0.00287611084059, -0.000139328389196, 0.00153164309449, -0.00199126685038], [-0.000598713173531, 0.000576495018322, -0.00069915887434, 0.000514294370078, -0.00111521279905, 0.000433694280218, 0.000455850211438, 0.00141654373147, -0.00287611084059, 0.0152070298791, -0.00255997711793, -0.00135460670572, 9.25869244384e-05], [0.000588475668337, -0.00126160646323, 0.000970143417362, -0.000500527617987, 0.000734358327463, -0.00229014735669, -0.00246522505768, 1.19321257444e-05, -0.000139328389196, -0.00255997711793, 0.0175443422049, -0.00342986593023, 0.00261684367433], [-0.000903437728994, 0.000832284102216, -0.00133247952908, 0.000795145519078, -0.000217760985834, -0.000293053308269, 0.00191477767657, -0.00155591254588, 0.00153164309449, -0.00135460670572, -0.00342986593023, 0.0169169809669, -0.00871720910072], [0.000448423437774, -0.00142430677079, 4.49450089945e-05, -0.00301733030938, -0.00110993220005, 0.00166668579914, -0.00155291939154, 0.00276342290454, -0.00199126685038, 9.25869244384e-05, 0.00261684367433, -0.00871720910072, 0.0214891824871]]
    },
    "melbands": {
        "dmean": [0.000837512838189, 0.00131750886794, 0.000859029067215, 0.000660239194985, 0.000365629064618, 0.000138955860166, 0.000121185163152, 0.000121097429655, 0.000128535291879, 9.16493372642e-05, 5.25315954292e-05, 4.63506185042e-05, 1.93106425286e-05, 2.92828644888e-05, 1.83965057658e-05, 2.0161669454e-05, 2.01240145543e-05, 2.36429514189e-05, 2.27372256631e-05, 1.96289438463e-05, 1.13754394988e-05, 1.64578032127e-05, 2.1230074708e-05, 1.11613089757e-05, 5.4341348914e-06, 6.13036536379e-06, 6.75522323945e-06, 4.52146423413e-06, 2.02488013201e-06, 1.89158140529e-06, 1.80861025001e-06, 1.51077244936e-06, 1.50294420109e-06, 1.67863777278e-06, 1.58889474733e-06, 2.05768083106e-06, 1.23292738863e-06, 9.52907839746e-07, 7.58839405535e-07, 6.40117889361e-07],
        "dmean2": [0.00134132080711, 0.00222194218077, 0.00147878006101, 0.00111973844469, 0.0006203345838, 0.000230958874454, 0.00019466401136, 0.000194944790564, 0.000204886993743, 0.000145023208461, 8.42480949359e-05, 7.31791515136e-05, 3.07497684844e-05, 4.59478869743e-05, 2.98241393466e-05, 3.1961753848e-05, 3.21913721564e-05, 3.81245736207e-05, 3.66199383279e-05, 3.08304079226e-05, 1.76169996848e-05, 2.59800654021e-05, 3.36532139045e-05, 1.78186000994e-05, 8.68499591888e-06, 9.511863027e-06, 1.03153870441e-05, 7.01580529494e-06, 3.21497986988e-06, 3.06701872432e-06, 2.91807418762e-06, 2.38512234318e-06, 2.34814592659e-06, 2.57280908045e-06, 2.35122820413e-06, 3.08657149617e-06, 1.82100473012e-06, 1.41363227613e-06, 1.13340104235e-06, 9.44288728988e-07],
        "dvar": [2.4116241093e-06, 6.80506991557e-06, 2.05123205888e-06, 1.21888206195e-06, 4.50507542382e-07, 8.18625025545e-08, 5.28978496561e-08, 1.04873691953e-07, 1.10891896554e-07, 4.06817193266e-08, 1.75287677706e-08, 1.67364362369e-08, 2.90841750683e-09, 4.97346475115e-09, 2.98382318853e-09, 3.80527520605e-09, 3.14376658039e-09, 2.63951371871e-09, 2.12515471887e-09, 2.60652632811e-09, 7.52743589683e-10, 1.65279001596e-09, 2.42440134635e-09, 6.55773435554e-10, 1.21699914035e-10, 1.7728261914e-10, 2.9303903748e-10, 1.6851509077e-10, 2.00870015066e-11, 1.9586174696e-11, 1.56385997901e-11, 1.55391099294e-11, 1.61423478751e-11, 2.56511114433e-11, 1.71782501418e-11, 1.89949462409e-11, 1.06063170399e-11, 8.09991310136e-12, 3.60093877459e-12, 2.45581159575e-12],
        "dvar2": [5.7528650359e-06, 1.87787318282e-05, 5.75720150664e-06, 3.43526926372e-06, 1.36768267112e-06, 2.19719140659e-07, 1.45641365634e-07, 2.66698179985e-07, 2.81380636125e-07, 9.9024468625e-08, 4.46330403747e-08, 4.03054407627e-08, 7.30111837655e-09, 1.21297683009e-08, 7.64148122556e-09, 9.16503051229e-09, 7.92972265629e-09, 6.79508271872e-09, 5.21095522288e-09, 6.23132123678e-09, 1.69570724129e-09, 3.91063226246e-09, 5.96008442599e-09, 1.58711643827e-09, 2.99270330739e-10, 4.02695238266e-10, 6.45735409588e-10, 3.9130731988e-10, 5.02076331899e-11, 5.20080541133e-11, 4.01210453749e-11, 4.06185259039e-11, 3.88596377299e-11, 6.05317948543e-11, 3.80688397472e-11, 4.2284599433e-11, 2.21194833283e-11, 1.84381676593e-11, 8.43201550249e-12, 5.7648391269e-12],
        "max": [0.0163784846663, 0.0321917943656, 0.0203292760998, 0.0173120386899, 0.0123540759087, 0.00519782118499, 0.0064320191741, 0.00539183197543, 0.00800107512623, 0.00376800214872, 0.00525695923716, 0.00400158623233, 0.00156957411673, 0.00177550467197, 0.00138254999183, 0.00163670314942, 0.00122433621436, 0.0008978638798, 0.00087757332949, 0.00133704801556, 0.000703505647834, 0.0012559647439, 0.00109904026613, 0.000454027118394, 0.000234783699852, 0.000324747379636, 0.000460946146632, 0.000451864820207, 0.000146669946844, 0.000169646125869, 7.27328442736e-05, 9.62791673373e-05, 8.46082039061e-05, 0.000166999729117, 0.000110624932859, 8.82741587702e-05, 7.62055860832e-05, 8.36844192236e-05, 5.50611621293e-05, 4.12521003454e-05],
        "mean": [0.00173043762334, 0.00230490788817, 0.00153970171232, 0.0010964992689, 0.000759052345529, 0.000257890846115, 0.00025487455423, 0.000187066674698, 0.000200361202587, 0.000152909342432, 9.03200198081e-05, 7.33358829166e-05, 3.18734237226e-05, 5.07083750563e-05, 2.8788097552e-05, 3.16412260872e-05, 3.18106140185e-05, 3.91868343286e-05, 4.0491544496e-05, 3.29932845489e-05, 2.26395404752e-05, 3.27009402099e-05, 3.99077616748e-05, 2.03594663617e-05, 1.03991742435e-05, 1.2010980754e-05, 1.30654543682e-05, 8.29088276078e-06, 3.47511900145e-06, 3.35990080202e-06, 3.21228321809e-06, 2.38723714574e-06, 2.34882554651e-06, 2.74762533081e-06, 2.80482049675e-06, 3.34810988534e-06, 2.21148411583e-06, 1.65044116329e-06, 1.29600266519e-06, 1.09363668344e-06],
        "median": [0.0011765245581, 0.00162285123952, 0.00112631451339, 0.000744038377889, 0.00037467214861, 0.000140671734698, 0.000127005245304, 7.59775939514e-05, 7.51998013584e-05, 6.86948551447e-05, 4.23080055043e-05, 2.93919729302e-05, 1.39404055517e-05, 1.9032309865e-05, 9.93728372123e-06, 8.05855052022e-06, 1.06487277662e-05, 1.71342180693e-05, 1.82241019502e-05, 1.23870240714e-05, 7.53705899115e-06, 1.29535801534e-05, 1.37088563861e-05, 6.77258140058e-06, 4.59308012069e-06, 4.55343342765e-06, 3.28088754031e-06, 2.14855572267e-06, 1.57885074259e-06, 1.6197216155e-06, 1.56169937782e-06, 8.27006715554e-07, 6.0537047375e-07, 6.83107714394e-07, 8.5696780161e-07, 1.19186279335e-06, 7.04954231878e-07, 5.56401914764e-07, 5.11000962433e-07, 4.12403323935e-07],
        "min": [5.65898678919e-24, 7.58209793635e-24, 4.11422264073e-23, 4.26852509597e-23, 1.03523368329e-23, 9.04953225907e-24, 4.04208541303e-24, 4.2807371361e-24, 1.35938136241e-23, 7.45258196407e-24, 1.89507361064e-23, 9.01864756577e-24, 1.23128194766e-23, 1.01675019896e-23, 1.34215469128e-23, 1.05024570632e-23, 1.04869188699e-23, 1.60209240593e-23, 3.27885554525e-23, 1.49784775052e-23, 1.22911305349e-23, 8.29578513047e-24, 1.0913168816e-23, 9.86742561219e-24, 8.65421039364e-24, 1.04979487231e-23, 1.15656364596e-23, 7.97319071847e-24, 8.67194004249e-24, 9.80899389608e-24, 1.14453320161e-23, 1.3564311804e-23, 8.37977988421e-24, 1.23278882976e-23, 1.04959158285e-23, 1.12065130545e-23, 1.13452145232e-23, 1.08984549824e-23, 1.03618402402e-23, 1.52755167682e-23],
        "var": [3.9180577005e-06, 6.85079976392e-06, 2.61580589722e-06, 1.44549221659e-06, 1.19940489185e-06, 1.35568740234e-07, 1.38607219924e-07, 1.35213667818e-07, 1.48852365101e-07, 6.30761149978e-08, 2.52662886169e-08, 2.79247096557e-08, 4.34878755229e-09, 1.04268602641e-08, 4.43969927488e-09, 6.48395648284e-09, 4.95329022243e-09, 4.63890481583e-09, 4.12372003211e-09, 4.81607775882e-09, 2.27732344094e-09, 4.09304723448e-09, 5.41512923391e-09, 1.42873490816e-09, 2.49621212589e-10, 4.01639860259e-10, 7.63840768414e-10, 4.33735380945e-10, 3.31843511003e-11, 3.08827512174e-11, 2.56915235614e-11, 2.32737232264e-11, 3.02730167323e-11, 5.1835313819e-11, 4.17703684141e-11, 4.531444317e-11, 2.71985003963e-11, 1.65015241055e-11, 6.39987542128e-12, 4.24840111007e-12]
    },
    "mfcc": {
        "mean": [-639.745910645, 121.995605469, 16.6032848358, 28.8722229004, 18.4025764465, 1.80626428127, -0.439536899328, 4.45683288574, 0.189178228378, 4.38889741898, -4.67393398285, -1.69195008278, -5.16444158554],
        "cov": [[6153.26464844, -1286.81799316, -732.568786621, -143.685119629, -212.37890625, -232.08984375, -22.9103317261, 305.869049072, 129.589874268, 222.235671997, 189.091674805, 27.7819156647, 0.515267431736], [-1286.81799316, 1000.93634033, -111.814758301, 61.2667922974, 44.4848480225, -62.868522644, 9.64087867737, -35.8369102478, 9.04677581787, -12.1781377792, 15.875585556, 12.1988706589, -38.7693710327], [-732.568786621, -111.814758301, 596.615844727, -16.4910869598, -9.68537330627, 116.133178711, -21.0112304688, -31.3160305023, -7.69356775284, -44.0377807617, -22.0485038757, -23.1166629791, 38.2361907959], [-143.685119629, 61.2667922974, -16.4910869598, 193.234832764, 79.7516098022, -10.4353761673, -31.2616519928, -15.343621254, 49.5444221497, -14.6993236542, -16.1371650696, 4.32565450668, 23.7230854034], [-212.37890625, 44.4848480225, -9.68537330627, 79.7516098022, 159.102081299, 10.0540714264, -19.9272823334, -0.764575898647, 28.6978683472, -0.686495900154, -11.2878332138, 3.3253929615, 15.1607217789], [-232.08984375, -62.868522644, 116.133178711, -10.4353761673, 10.0540714264, 155.291976929, 45.6096611023, -23.2675628662, -10.6349401474, -27.7504558563, -4.0962600708, -7.38650083542, -7.64815044403], [-22.9103317261, 9.64087867737, -21.0112304688, -31.2616519928, -19.9272823334, 45.6096611023, 145.614196777, 33.9549446106, -16.5482711792, 16.1612281799, 15.7557411194, 2.7240960598, -3.09146761894], [305.869049072, -35.8369102478, -31.3160305023, -15.343621254, -0.764575898647, -23.2675628662, 33.9549446106, 133.11076355, 22.7235240936, 37.92212677, 23.8591365814, 4.51256370544, 9.00084972382], [129.589874268, 9.04677581787, -7.69356775284, 49.5444221497, 28.6978683472, -10.6349401474, -16.5482711792, 22.7235240936, 108.902488708, 7.4223985672, 5.52611064911, 3.20953226089, 5.0127158165], [222.235671997, -12.1781377792, -44.0377807617, -14.6993236542, -0.686495900154, -27.7504558563, 16.1612281799, 37.92212677, 7.4223985672, 115.14024353, 37.8101348877, -1.7663974762, -0.882889091969], [189.091674805, 15.875585556, -22.0485038757, -16.1371650696, -11.2878332138, -4.0962600708, 15.7557411194, 23.8591365814, 5.52611064911, 37.8101348877, 82.5819015503, 16.0090351105, -9.45114421844], [27.7819156647, 12.1988706589, -23.1166629791, 4.32565450668, 3.3253929615, -7.38650083542, 2.7240960598, 4.51256370544, 3.20953226089, -1.7663974762, 16.0090351105, 59.6675872803, 9.17181110382], [0.515267431736, -38.7693710327, 38.2361907959, 23.7230854034, 15.1607217789, -7.64815044403, -3.09146761894, 9.00084972382, 5.0127158165, -0.882889091969, -9.45114421844, 9.17181110382, 77.6526107788]],
