{
"lowlevel": {
    "average_loudness": 0.939030349255,
    "barkbands_crest": {
        "dmean": 2.54293084145,
        "dmean2": 4.12233495712,
        "dvar": 6.46837615967,
        "dvar2": 15.5386323929,
        "max": 26.4795017242,
        "mean": 8.73975467682,
        "median": 7.76579046249,
        "min": 2.39510750771,
        "var": 15.9484539032
    },
    "barkbands_flatness_db": {
        "dmean": 0.0188832338899,
        "dmean2": 0.0300440117717,
        "dvar": 0.000411071261624,
        "dvar2": 0.000941230915487,
        "max": 0.45211532712,
        "mean": 0.126222446561,
        "median": 0.108135320246,
        "min": 0.0231204330921,
        "var": 0.00406945776194
    },
    "barkbands_kurtosis": {
        "dmean": 2.32758378983,
        "dmean2": 3.81317734718,
        "dvar": 64.4504470825,
        "dvar2": 168.426834106,
        "max": 370.250610352,
        "mean": 2.46249580383,
        "median": 0.0376024246216,
        "min": -1.95932269096,
        "var": 101.790962219
    },
    "barkbands_skewness": {
        "dmean": 0.494092106819,
        "dmean2": 0.775351583958,
        "dvar": 0.396285861731,
        "dvar2": 0.908581972122,
        "max": 16.7046222687,
        "mean": 1.10939049721,
        "median": 1.02122533321,
        "min": -9.43192863464,
        "var": 1.8666434288
    },
    "barkbands_spread": {
        "dmean": 5.46027374268,
        "dmean2": 8.75955104828,
        "dvar": 34.3013534546,
        "dvar2": 78.9441986084,
        "max": 93.5849533081,
        "mean": 28.9544734955,
        "median": 29.6418609619,
        "min": 0.636515319347,
        "var": 142.435348511
    },
    "dissonance": {
        "dmean": 0.0103263948113,
        "dmean2": 0.0175295192748,
        "dvar": 0.000119630130939,
        "dvar2": 0.000334322801791,
        "max": 0.500000178814,
        "mean": 0.477764695883,
        "median": 0.484401375055,
        "min": 0.315478593111,
        "var": 0.000459087896161
    },
    "dynamic_complexity": 3.29310965538,
    "erbbands_crest": {
        "dmean": 2.06348705292,
        "dmean2": 3.38546156883,
        "dvar": 4.606133461,
        "dvar2": 11.7071495056,
        "max": 31.0315761566,
        "mean": 7.65475702286,
        "median": 6.36529016495,
        "min": 2.12851405144,
        "var": 16.4856967926
    },
    "erbbands_flatness_db": {
        "dmean": 0.0123977903277,
        "dmean2": 0.0185029041022,
        "dvar": 0.000148039907799,
        "dvar2": 0.000312219548505,
        "max": 0.517978310585,
        "mean": 0.163196161389,
        "median": 0.145618394017,
        "min": 0.0471698716283,
        "var": 0.0040477947332
    },
    "erbbands_kurtosis": {
        "dmean": 0.804152071476,
        "dmean2": 1.28189015388,
        "dvar": 6.16358804703,
        "dvar2": 14.2803907394,
        "max": 198.14151001,
        "mean": 0.836959540844,
        "median": -0.395417451859,
        "min": -1.77513861656,
        "var": 78.4186935425
    },
    "erbbands_skewness": {
        "dmean": 0.280887454748,
        "dmean2": 0.442728281021,
        "dvar": 0.0782919749618,
        "dvar2": 0.192214280367,
        "max": 2.7711763382,
        "mean": -0.440954148769,
        "median": -0.434154599905,
        "min": -11.0329465866,
        "var": 0.75756752491
    },
    "erbbands_spread": {
        "dmean": 6.55504894257,
        "dmean2": 10.3904104233,
        "dvar": 44.9258995056,
        "dvar2": 109.5026474,
        "max": 128.548171997,
        "mean": 39.3022880554,
        "median": 39.8077507019,
        "min": 0.476912289858,
        "var": 239.255737305
    },
    "hfc": {
        "dmean": 5.61537790298,
        "dmean2": 8.91352939606,
        "dvar": 56.1133575439,
        "dvar2": 136.821868896,
        "max": 133.03187561,
        "mean": 26.5211353302,
        "median": 24.5620117188,
        "min": 1.18101102387e-16,
        "var": 286.362213135
    },
    "melbands_crest": {
        "dmean": 3.17937231064,
        "dmean2": 5.19598293304,
        "dvar": 8.86116123199,
        "dvar2": 20.9040393829,
        "max": 37.1908912659,
        "mean": 13.420343399,
        "median": 12.4869632721,
        "min": 2.32594370842,
        "var": 27.6789360046
    },
    "melbands_flatness_db": {
        "dmean": 0.02457639575,
        "dmean2": 0.0391280129552,
        "dvar": 0.000740976363886,
        "dvar2": 0.00163791445084,
        "max": 0.514864683151,
        "mean": 0.181990429759,
        "median": 0.166031897068,
        "min": 0.00513260392472,
        "var": 0.00474911974743
    },
    "melbands_kurtosis": {
        "dmean": 6.43770170212,
        "dmean2": 10.3657236099,
        "dvar": 280.253631592,
        "dvar2": 673.848022461,
        "max": 447.765411377,
        "mean": 11.0778465271,
        "median": 5.46594238281,
        "min": -1.95607721806,
        "var": 531.011230469
    },
    "melbands_skewness": {
        "dmean": 0.706711232662,
        "dmean2": 1.10441374779,
        "dvar": 0.789392471313,
        "dvar2": 1.7585080862,
        "max": 18.9655151367,
        "mean": 2.47485876083,
        "median": 2.28512144089,
        "min": -7.34306764603,
        "var": 3.12490820885
    },
    "melbands_spread": {
        "dmean": 8.11287117004,
        "dmean2": 12.8730220795,
        "dvar": 75.1867446899,
        "dvar2": 166.083435059,
        "max": 172.767364502,
        "mean": 31.21185112,
        "median": 29.3913459778,
        "min": 0.482907682657,
        "var": 287.635223389
    },
    "pitch_salience": {
        "dmean": 0.0700048282743,
        "dmean2": 0.11361373961,
        "dvar": 0.00447445688769,
        "dvar2": 0.0111055653542,
        "max": 0.843904733658,
        "mean": 0.576379835606,
        "median": 0.590474367142,
        "min": 0.0623985975981,
        "var": 0.0127734234557
    },
    "silence_rate_20dB": {
        "dmean": 0,
        "dmean2": 0,
        "dvar": 0,
        "dvar2": 0,
        "max": 1,
        "mean": 1,
        "median": 1,
        "min": 1,
        "var": 0
    },
    "silence_rate_30dB": {
        "dmean": 0,
        "dmean2": 0,
        "dvar": 0,
        "dvar2": 0,
        "max": 1,
        "mean": 1,
        "median": 1,
        "min": 1,
        "var": 0
    },
    "silence_rate_60dB": {
        "dmean": 0.00553472572938,
        "dmean2": 0.0110704405233,
        "dvar": 0.00550397438928,
        "dvar2": 0.0114830741659,
        "max": 1,
        "mean": 0.0797107890248,
        "median": 0,
        "min": 0,
        "var": 0.0733545199037
    },
    "spectral_centroid": {
        "dmean": 223.96975708,
        "dmean2": 364.189361572,
        "dvar": 60310.265625,
        "dvar2": 136215.421875,
        "max": 11081.4775391,
        "mean": 1783.86669922,
        "median": 1830.44946289,
        "min": 173.117553711,
        "var": 281698.75
    },
    "spectral_complexity": {
        "dmean": 3.93893957138,
        "dmean2": 6.27586841583,
        "dvar": 14.9848604202,
        "dvar2": 33.6949806213,
        "max": 60,
        "mean": 30.3825759888,
        "median": 33,
        "min": 0,
        "var": 166.074478149
    },
    "spectral_decrease": {
        "dmean": 2.51469844947e-09,
        "dmean2": 3.99307920063e-09,
        "dvar": 1.17398170919e-17,
        "dvar2": 2.74530442328e-17,
        "max": 2.60507122253e-29,
        "mean": -7.68041097388e-09,
        "median": -7.03846003702e-09,
        "min": -3.50256144088e-08,
        "var": 2.28363887611e-17
    },
    "spectral_energy": {
        "dmean": 0.00977896433324,
        "dmean2": 0.01550017111,
        "dvar": 0.000170924671693,
        "dvar2": 0.000400388555136,
        "max": 0.134172931314,
        "mean": 0.0313931927085,
        "median": 0.0290375947952,
        "min": 1.06137943544e-20,
        "var": 0.000358772318577
    },
    "spectral_energyband_high": {
        "dmean": 0.000352746574208,
        "dmean2": 0.000562617089599,
        "dvar": 3.714285981e-07,
        "dvar2": 8.37209938709e-07,
        "max": 0.0164310820401,
        "mean": 0.00102629908361,
        "median": 0.000787117751315,
        "min": 7.43992900118e-21,
        "var": 1.14281772312e-06
    },
    "spectral_energyband_low": {
        "dmean": 0.00798253994435,
        "dmean2": 0.0128467613831,
        "dvar": 0.000170949089807,
        "dvar2": 0.000396819901653,
        "max": 0.128067284822,
        "mean": 0.0133239245042,
        "median": 0.00915145501494,
        "min": 4.39922136194e-23,
        "var": 0.00020732433768
    },
    "spectral_energyband_middle_high": {
        "dmean": 0.0019940205384,
        "dmean2": 0.00315935444087,
        "dvar": 9.23529205465e-06,
        "dvar2": 2.23657243623e-05,
        "max": 0.075813613832,
        "mean": 0.007744633127,
        "median": 0.00633030757308,
        "min": 1.76944192003e-21,
        "var": 4.34090434283e-05
    },
    "spectral_energyband_middle_low": {
        "dmean": 0.0037528234534,
        "dmean2": 0.00611347518861,
        "dvar": 2.22342478082e-05,
        "dvar2": 5.73944453208e-05,
        "max": 0.0702523514628,
        "mean": 0.010908019729,
        "median": 0.00962254777551,
        "min": 2.4516201542e-22,
        "var": 6.06311914453e-05
    },
    "spectral_entropy": {
        "dmean": 0.0942570492625,
        "dmean2": 0.144009917974,
        "dvar": 0.0114371748641,
        "dvar2": 0.0242838896811,
        "max": 9.81060218811,
        "mean": 7.66940641403,
        "median": 7.81014871597,
        "min": 3.67825722694,
        "var": 0.290969789028
    },
    "spectral_flux": {
        "dmean": 0.0243330467492,
        "dmean2": 0.0376404114068,
        "dvar": 0.00087652244838,
        "dvar2": 0.00181559310295,
        "max": 0.295057237148,
        "mean": 0.0921919047832,
        "median": 0.0869704335928,
        "min": 1.0302327047e-10,
        "var": 0.0024957540445
    },
    "spectral_kurtosis": {
        "dmean": 1.91562843323,
        "dmean2": 3.3820567131,
        "dvar": 10.751999855,
        "dvar2": 34.1511306763,
        "max": 85.283164978,
        "mean": 4.62939453125,
        "median": 3.24322795868,
        "min": -1.18709516525,
        "var": 28.9485321045
    },
    "spectral_rms": {
        "dmean": 0.000781780632678,
        "dmean2": 0.0012186790118,
        "dvar": 8.84445739757e-07,
        "dvar2": 1.96470000446e-06,
        "max": 0.0114411721006,
        "mean": 0.005184893962,
        "median": 0.00532253319398,
        "min": 3.21790641009e-12,
        "var": 3.74423325411e-06
    },
    "spectral_rolloff": {
        "dmean": 510.579101562,
        "dmean2": 848.330932617,
        "dvar": 458685.40625,
        "dvar2": 946807,
        "max": 19099.9511719,
        "mean": 1817.29638672,
        "median": 1937.98828125,
        "min": 21.533203125,
        "var": 1194580
    },
    "spectral_skewness": {
        "dmean": 0.219114646316,
        "dmean2": 0.380293905735,
        "dvar": 0.0841107740998,
        "dvar2": 0.267219394445,
        "max": 6.21224975586,
        "mean": 1.22996807098,
        "median": 1.1631308794,
        "min": -0.0082437498495,
        "var": 0.228746011853
    },
    "spectral_spread": {
        "dmean": 293269.3125,
        "dmean2": 437440.625,
        "dvar": 269440204800,
        "dvar2": 319650201600,
        "max": 40711596,
        "mean": 3723865.75,
        "median": 3744634.5,
        "min": 913219.0625,
        "var": 1.57031255245e+12
    },
    "spectral_strongpeak": {
        "dmean": 0.541737556458,
        "dmean2": 0.93480682373,
        "dvar": 1.14901423454,
        "dvar2": 2.90151810646,
        "max": 17.4320697784,
        "mean": 0.837848424911,
        "median": 0.349944621325,
        "min": 0,
        "var": 1.90438878536
    },
    "zerocrossingrate": {
        "dmean": 0.00828386843204,
        "dmean2": 0.00994683988392,
        "dvar": 8.95670527825e-05,
        "dvar2": 0.000115726645163,
        "max": 0.5048828125,
        "mean": 0.0664842203259,
        "median": 0.064453125,
        "min": 0.00244140625,
        "var": 0.000737742055207
    },
    "barkbands": {
        "dmean": [0.000167416947079, 0.00525781139731, 0.00378858833574, 0.00164471415337, 0.00142977852374, 0.000957352458499, 0.000666258158162, 0.000554072612431, 0.00100318575278, 0.000374330353225, 0.000336345750839, 0.00038388199755, 0.000418899173383, 0.000498302280903, 0.000516716565471, 0.000477696536109, 0.000517157139257, 0.000240924506215, 0.000300270068692, 0.000180997609277, 0.00014659370936, 9.04535554582e-05, 5.67069655517e-05, 3.6307337723e-05, 2.76929713436e-05, 8.12181679066e-06, 5.3910372344e-07],
        "dmean2": [0.000288986339001, 0.00865219347179, 0.00670542381704, 0.00280523207039, 0.00235330825672, 0.0015819297405, 0.00105915474705, 0.000878256454598, 0.00154899887275, 0.000588401395362, 0.000545481685549, 0.000617859070189, 0.000685048638843, 0.000814288679976, 0.000828035001177, 0.000789430341683, 0.000865111418534, 0.000406697276048, 0.000509327161126, 0.000305868918076, 0.000247714488069, 0.000148266321048, 8.9578294137e-05, 5.54409016331e-05, 3.86256178899e-05, 1.20895629152e-05, 9.42712063079e-07],
        "dvar": [7.16341261864e-08, 8.87474816409e-05, 4.34232242696e-05, 5.56365694138e-06, 5.18923889103e-06, 2.01743932848e-06, 1.94434073819e-06, 3.35514141625e-06, 6.52866401651e-06, 1.69051520515e-06, 7.32664716452e-07, 9.72675366029e-07, 2.0194058834e-06, 1.16167814213e-06, 2.08817414205e-06, 6.0174176042e-07, 4.80161702399e-07, 9.30164034685e-08, 1.3093355733e-07, 6.12042114767e-08, 4.1952034735e-08, 2.94291577774e-08, 1.57493573738e-08, 1.13214833064e-08, 1.26737100814e-08, 4.78451500641e-10, 5.43797515698e-12],
        "dvar2": [1.98536213247e-07, 0.000209653589991, 0.000122654455481, 1.55547713803e-05, 1.32124596348e-05, 5.28399186805e-06, 4.47159754913e-06, 7.78892808739e-06, 1.58450493473e-05, 3.93799018639e-06, 1.85046133083e-06, 2.51346136793e-06, 5.07878576173e-06, 3.01837144434e-06, 5.24600818608e-06, 1.37456697757e-06, 1.30085743422e-06, 2.4987033953e-07, 3.53578315071e-07, 1.61597796478e-07, 1.10685597576e-07, 7.144048908e-08, 3.3169850866e-08, 2.24266987203e-08, 1.89978486276e-08, 9.12324771285e-10, 1.58054559024e-11],
        "max": [0.00371724320576, 0.0819728896022, 0.0761577114463, 0.0283555369824, 0.0366388708353, 0.0392870344222, 0.0399129465222, 0.0509156174958, 0.0627173855901, 0.0569998323917, 0.0327939726412, 0.0246744621545, 0.0474805571139, 0.0217892769724, 0.0588822215796, 0.0421556904912, 0.0162171125412, 0.00552116381004, 0.00762941036373, 0.00550802284852, 0.00512040778995, 0.00452029425651, 0.00445367395878, 0.00531905889511, 0.00449165282771, 0.000973803165834, 7.24115743651e-05],
        "mean": [0.000221374444664, 0.00690850708634, 0.00467501301318, 0.00258487020619, 0.0025379343424, 0.00179400295019, 0.00123960070778, 0.000838560285047, 0.00170197023544, 0.000613638549112, 0.000542982365005, 0.000628090754617, 0.000672495516483, 0.000867804570589, 0.000916082353797, 0.000996481976472, 0.0011574808741, 0.000531176861841, 0.000718038121704, 0.000416111230152, 0.000351880851667, 0.00019227527082, 0.000126296261442, 8.48761192174e-05, 5.94149787503e-05, 1.57162921823e-05, 5.16771308412e-07],
        "median": [0.000108625979919, 0.00357517274097, 0.00283884559758, 0.00166586914565, 0.00164118641987, 0.0012179146288, 0.000692730187438, 0.000289823365165, 0.000669531291351, 0.000262699060841, 0.000272508332273, 0.000310483999783, 0.000268083356787, 0.00044877702021, 0.000369265442714, 0.000757435103878, 0.000929390429519, 0.000452454463812, 0.000653592171147, 0.000366895343177, 0.00029399964842, 0.000116521499876, 6.1973274569e-05, 4.18954114139e-05, 2.77428771369e-05, 7.1651138569e-06, 7.12722183493e-08],
        "min": [6.1027821851e-24, 1.87880603659e-23, 4.26605880124e-24, 1.53973689568e-23, 1.178948363e-23, 2.56237120814e-23, 2.265327212e-23, 6.16229866384e-23, 6.05203484195e-23, 4.73447020726e-23, 5.53565785299e-23, 5.45989691383e-23, 5.32713225457e-23, 5.45660704831e-23, 1.28386569588e-22, 1.73509236662e-22, 1.68504589484e-22, 2.44260189633e-22, 2.14636329562e-22, 4.05592140222e-22, 3.67651969648e-22, 3.90681608884e-22, 6.21331486656e-22, 7.05637417628e-22, 1.19367928018e-21, 1.58388406367e-21, 2.23785475232e-21],
        "var": [8.80101396206e-08, 9.45995125221e-05, 3.6724810343e-05, 9.31669637794e-06, 8.50069500302e-06, 3.98281144953e-06, 3.98337851948e-06, 5.59318141313e-06, 1.29034278871e-05, 3.29991712533e-06, 1.40452175401e-06, 1.67304654042e-06, 3.5491646031e-06, 2.21268169298e-06, 4.18199761043e-06, 1.41016869293e-06, 1.24763278109e-06, 1.90488364638e-07, 2.77838211105e-07, 1.1696819513e-07, 9.17062052963e-08, 6.51239915328e-08, 4.61791209716e-08, 2.75930425175e-08, 3.23744728803e-08, 1.23130172724e-09, 3.47667294259e-12]
    },
    "erbbands": {
        "dmean": [0.150198712945, 1.26411938667, 3.88833284378, 5.08483743668, 4.87899684906, 4.99792337418, 6.01295995712, 7.74657726288, 7.21782541275, 13.5788974762, 12.0654392242, 21.9973526001, 17.2333564758, 9.51817035675, 12.5697097778, 14.2095241547, 18.7411842346, 21.0753593445, 25.9747562408, 23.1871509552, 27.9673080444, 27.3080558777, 14.3965749741, 14.3264093399, 13.4697084427, 8.47601890564, 7.08753585815, 4.9189953804, 3.31990671158, 2.39110803604, 1.57650458813, 0.817387938499, 0.607273995876, 0.413502991199, 0.160516053438, 0.0500605255365, 0.0125653222203, 0.00197828398086, 6.12065341556e-05, 1.2038697605e-05],
        "dmean2": [0.251254081726, 2.08417224884, 6.86084890366, 8.71345233917, 8.22454357147, 8.26177597046, 10.0793981552, 12.7201738358, 11.5954360962, 21.4026794434, 19.0489139557, 33.7475662231, 27.1311244965, 15.0934209824, 20.6702480316, 22.8480319977, 30.4373836517, 34.0367279053, 41.8201522827, 37.0522727966, 46.4810028076, 45.6401748657, 24.0934047699, 24.1989860535, 23.026632309, 14.4516439438, 12.0323753357, 8.26178741455, 5.47032880783, 3.90373587608, 2.47550868988, 1.28098666668, 0.908740520477, 0.587175548077, 0.230628579855, 0.0743188410997, 0.0188648812473, 0.00316521641798, 0.000102286030597, 1.89733800653e-05],
        "dvar": [0.0772184431553, 5.20190858841, 49.3780021667, 56.0955467224, 58.1052703857, 66.931968689, 79.0959243774, 153.316268921, 139.442382812, 1547.85559082, 1756.16821289, 4135.54638672, 2346.07714844, 549.376586914, 1070.64465332, 1306.4498291, 4584.73535156, 2610.71289062, 4310.08789062, 3695.79443359, 1281.94482422, 1307.4041748, 340.385009766, 314.833190918, 273.83996582, 140.34336853, 94.4230041504, 55.0251350403, 37.9745368958, 24.5760822296, 13.483080864, 3.55077910423, 4.52134561539, 3.25243711472, 0.321974158287, 0.0198453851044, 0.00121443590615, 2.85808018816e-05, 1.16697172814e-07, 2.86963591778e-10],
        "dvar2": [0.197201058269, 12.4403944016, 137.588928223, 156.202926636, 158.840820312, 171.428375244, 214.670303345, 391.504699707, 338.640197754, 3591.61035156, 4271.88037109, 9844.29980469, 5757.97851562, 1291.01574707, 2689.93310547, 3292.76025391, 11576.0771484, 6821.42675781, 11041.578125, 8733.62988281, 3484.94555664, 3511.21289062, 910.438598633, 857.080871582, 745.569519043, 372.401672363, 253.069549561, 141.372909546, 92.6960678101, 56.2750701904, 28.2671699524, 7.49198246002, 8.51794242859, 5.14499282837, 0.56456387043, 0.0379462726414, 0.00242678425275, 7.28501181584e-05, 3.37146730089e-07, 6.94025670267e-10],
        "max": [2.79778862, 20.1906547546, 67.2673950195, 107.182258606, 114.138816833, 173.54498291, 197.297714233, 349.601104736, 307.862762451, 923.424316406, 1272.89428711, 1943.60583496, 1798.38256836, 933.917541504, 1500.1907959, 1064.94470215, 2502.90136719, 1264.89953613, 2232.1784668, 2270.20263672, 802.369262695, 733.719116211, 348.493865967, 311.90637207, 459.362518311, 334.064453125, 170.881774902, 240.121200562, 157.289245605, 178.84753418, 119.395248413, 60.8581237793, 109.910224915, 68.5252914429, 21.0699977875, 6.44840192795, 1.41230010986, 0.102254264057, 0.0133034195751, 0.000383661710657],
        "mean": [0.194864690304, 1.59530317783, 4.79381990433, 8.05096435547, 8.1505613327, 8.86644744873, 10.9021158218, 14.6829919815, 14.3886976242, 22.2524833679, 20.5344028473, 37.686832428, 28.9541358948, 17.869808197, 21.4244441986, 25.0854606628, 33.0387649536, 38.9504165649, 49.4686393738, 46.0535697937, 61.6329345703, 63.4788551331, 35.7570915222, 34.152015686, 31.8532867432, 19.8095760345, 16.4724197388, 11.5645999908, 7.15056800842, 5.00477600098, 3.4692530632, 1.87861859798, 1.3455657959, 0.856511712074, 0.334128022194, 0.0994793698192, 0.0235121063888, 0.00299816858023, 9.66006336967e-05, 4.16255134041e-05],
        "median": [0.0984307602048, 0.809098482132, 2.74747610092, 5.82413721085, 5.15178251266, 5.56957483292, 7.84407424927, 9.89213466644, 9.03260326385, 9.25503253937, 8.866106987, 14.4057683945, 11.9293928146, 10.3254861832, 11.1777629852, 13.633646965, 15.0230379105, 19.2473773956, 24.0275688171, 23.5382213593, 50.1168785095, 51.8938751221, 30.0613670349, 31.0794200897, 29.2484531403, 17.605266571, 13.9979448318, 9.27108478546, 4.46689462662, 2.5940425396, 1.71781611443, 0.957314252853, 0.636631011963, 0.383674174547, 0.162974774837, 0.0469418205321, 0.00968184508383, 0.00106138852425, 4.72343854199e-05, 3.84313061659e-05],
        "min": [7.1515004516e-22, 3.460751219e-21, 6.51417495524e-21, 3.83579256613e-20, 4.24284394504e-20, 4.77136356573e-20, 2.08315730824e-19, 1.63790265736e-19, 2.56284361061e-19, 7.95136824695e-19, 1.37610862719e-18, 1.08452870203e-18, 1.3653478346e-18, 2.47980579235e-18, 2.04588338662e-18, 2.64554445617e-18, 2.5938876473e-18, 3.13490781528e-18, 4.6676495021e-18, 9.93231826567e-18, 1.14546920707e-17, 9.68998991496e-18, 1.0400033481e-17, 1.2371362045e-17, 1.7860051998e-17, 2.07089712154e-17, 1.50356487595e-17, 1.44451724967e-17, 1.24071549773e-17, 1.95527513901e-17, 1.45456236559e-17, 1.27622015757e-17, 1.25847978041e-17, 1.31324294199e-17, 8.66712235771e-18, 5.30242170032e-18, 3.01867735868e-18, 1.2457512699e-18, 2.82707249862e-19, 3.45809252803e-20],
        "var": [0.0767194703221, 5.34032297134, 40.7815475464, 69.059967041, 86.9274749756, 114.56665802, 138.520355225, 287.862426758, 306.805358887, 2907.53393555, 2928.69433594, 8087.52587891, 4692.28076172, 1072.3651123, 2017.94763184, 2335.35205078, 7983.73144531, 5760.70410156, 8074.11425781, 8810.61914062, 3142.2265625, 3235.44189453, 894.29876709, 646.984436035, 548.563964844, 262.033081055, 189.327056885, 118.595542908, 83.0186920166, 60.594783783, 37.8283309937, 9.90550041199, 10.0836582184, 7.83576393127, 0.742484986782, 0.0498212650418, 0.00289975991473, 4.15366266679e-05, 7.84157307976e-08, 6.47529918574e-10]
    },
    "gfcc": {
        "mean": [2.26405501366, 103.579299927, -138.521575928, 51.4197921753, -45.7798423767, 5.43276786804, -35.1685371399, 10.6495389938, -21.0045070648, 1.49830877781, -16.762714386, -3.28369426727, -6.57193613052],
        "cov": [[17275.7304688, -1390.94226074, 1071.76098633, 1181.31213379, -773.181030273, 1763.75073242, 33.5667610168, 295.97869873, -248.53062439, 677.96496582, -86.2238464355, 149.980789185, -489.518066406], [-1390.94226074, 1380.70324707, -485.167694092, -130.527481079, 300.387115479, -570.92980957, 206.741378784, -266.719146729, 77.1927261353, -151.183929443, 85.7531280518, -192.240463257, 195.922042847], [1071.76098633, -485.167694092, 815.151062012, 263.037322998, -126.041664124, 421.011505127, -16.6537532806, 153.788101196, -44.5186424255, 123.317558289, -23.1564483643, 79.3671340942, -146.768249512], [1181.31213379, -130.527481079, 263.037322998, 376.140411377, -2.32357478142, 189.303756714, 29.6899719238, 45.4470443726, 12.7250642776, 40.2611427307, 47.4807510376, 14.3620214462, -40.256565094], [-773.181030273, 300.387115479, -126.041664124, -2.32357478142, 243.054336548, -136.918579102, 62.2565574646, -59.9949455261, 19.2516212463, -39.730796814, 13.4199819565, -42.7508659363, 43.1811828613], [1763.75073242, -570.92980957, 421.011505127, 189.303756714, -136.918579102, 499.474731445, -2.03648352623, 141.781723022, -45.2095947266, 117.849838257, -22.4428958893, 76.017578125, -118.485649109], [33.5667610168, 206.741378784, -16.6537532806, 29.6899719238, 62.2565574646, -2.03648352623, 143.467300415, -5.01224994659, 21.4120864868, -7.07197856903, 18.4042720795, -28.5673828125, 16.017490387], [295.97869873, -266.719146729, 153.788101196, 45.4470443726, -59.9949455261, 141.781723022, -5.01224994659, 166.141372681, 32.9178504944, 41.4601898193, -15.2038669586, 45.8334579468, -40.8351516724], [-248.53062439, 77.1927261353, -44.5186424255, 12.7250642776, 19.2516212463, -45.2095947266, 21.4120864868, 32.9178504944, 90.8504333496, 8.69157409668, 17.0232276917, -17.9073009491, 19.524394989], [677.96496582, -151.183929443, 123.317558289, 40.2611427307, -39.730796814, 117.849838257, -7.07197856903, 41.4601898193, 8.69157409668, 105.317588806, 7.95970249176, 23.8835926056, -36.7910385132], [-86.2238464355, 85.7531280518, -23.1564483643, 47.4807510376, 13.4199819565, -22.4428958893, 18.4042720795, -15.2038669586, 17.0232276917, 7.95970249176, 78.2784805298, 16.5193996429, 23.1381568909], [149.980789185, -192.240463257, 79.3671340942, 14.3620214462, -42.7508659363, 76.017578125, -28.5673828125, 45.8334579468, -17.9073009491, 23.8835926056, 16.5193996429, 83.6686782837, -9.87692451477], [-489.518066406, 195.922042847, -146.768249512, -40.256565094, 43.1811828613, -118.485649109, 16.017490387, -40.8351516724, 19.524394989, -36.7910385132, 23.1381568909, -9.87692451477, 93.7045516968]],
        "icov": [[0.000254748418229, -0.000682103331201, 0.000681467819959, -0.00100266223308, 0.000774100073613, -0.000871569383889, 0.000288371054921, -0.000182839619811, 0.000759118818678, -0.00142960716039, 0.0012763250852, -0.000711430504452, 0.000696233124472], [-0.000682103331201, 0.00589841697365, -0.00273841945454, 0.00329751591198, -0.00293583632447, 0.00498923193663, -0.00465464219451, 0.00264187133871, -0.00229553389363, 0.00426480127499, -0.00644992431626, 0.00674673169851, -0.00470344629139], [0.000681467819959, -0.00273841945454, 0.00481258844957, -0.00411923369393, 0.00242029037327, -0.00366367725655, 0.00149863981642, -0.00174862414133, 0.00297845876776, -0.00489580724388, 0.00494676502421, -0.00379154086113, 0.00412381626666], [-0.00100266223308, 0.00329751591198, -0.00411923369393, 0.00885279197246, -0.00405170302838, 0.00186687940732, -0.0013721002033, 0.00136550830211, -0.00439111236483, 0.0071751344949, -0.00946386996657, 0.00529373064637, -0.00309692812152], [0.000774100073613, -0.00293583632447, 0.00242029037327, -0.00405170302838, 0.00841520354152, -0.00174336659256, -0.000605402514338, -0.000173536274815, 0.00225585931912, -0.00441857473925, 0.00530335726216, -0.0029870972503, 0.00234878575429], [-0.000871569383889, 0.00498923193663, -0.00366367725655, 0.00186687940732, -0.00174336659256, 0.011082932353, -0.0053063929081, -0.000339157646522, 0.000482118222862, 0.00169226108119, -0.00438582757488, 0.00380942691118, -0.00229615159333], [0.000288371054921, -0.00465464219451, 0.00149863981642, -0.0013721002033, -0.000605402514338, -0.0053063929081, 0.0134270768613, -0.00316273467615, 0.000357888173312, -0.00107315042987, 0.00120261602569, -0.00119034852833, 0.00197391840629], [-0.000182839619811, 0.00264187133871, -0.00174862414133, 0.00136550830211, -0.000173536274815, -0.000339157646522, -0.00316273467615, 0.0146937454119, -0.00996357481927, 0.00250355130993, 0.00187517458107, -0.00429209368303, 0.000107495790871], [0.000759118818678, -0.00229553389363, 0.00297845876776, -0.00439111236483, 0.00225585931912, 0.000482118222862, 0.000357888173312, -0.00996357481927, 0.0224429126829, -0.00902470108122, -7.34674031264e-05, 0.00486678397283, -0.00097761163488], [-0.00142960716039, 0.00426480127499, -0.00489580724388, 0.0071751344949, -0.00441857473925, 0.00169226108119, -0.00107315042987, 0.00250355130993, -0.00902470108122, 0.0234617106616, -0.0108408462256, 0.00359056564048, -0.00137321371585], [0.0012763250852, -0.00644992431626, 0.00494676502421, -0.00946386996657, 0.00530335726216, -0.00438582757488, 0.00120261602569, 0.00187517458107, -7.34674031264e-05, -0.0108408462256, 0.0300891846418, -0.016600895673, 0.00303692091256], [-0.000711430504452, 0.00674673169851, -0.00379154086113, 0.00529373064637, -0.0029870972503, 0.00380942691118, -0.00119034852833, -0.00429209368303, 0.00486678397283, 0.00359056564048, -0.016600895673, 0.0305773019791, -0.00924300402403], [0.000696233124472, -0.00470344629139, 0.00412381626666, -0.00309692812152, 0.00234878575429, -0.00229615159333, 0.00197391840629, 0.000107495790871, -0.00097761163488, -0.00137321371585, 0.00303692091256, -0.00924300402403, 0.0229358468205]]
    },
    "melbands": {
        "dmean": [0.00139972672332, 0.00181681837421, 0.000824205519166, 0.000358037272235, 0.000195172018721, 0.000174543311005, 0.000112220819574, 0.000144558318425, 0.000109126151074, 0.000139545547427, 8.60216387082e-05, 4.02338591812e-05, 4.71631792607e-05, 3.42478051607e-05, 4.98441695527e-05, 4.32567976532e-05, 4.18293529947e-05, 4.61536037619e-05, 3.94782000512e-05, 2.7805870559e-05, 3.77631222364e-05, 3.17413941957e-05, 2.30152891163e-05, 1.07796749944e-05, 1.30883609017e-05, 1.26562217702e-05, 8.31531451695e-06, 5.79846346227e-06, 4.77636922369e-06, 4.17085630033e-06, 2.8067349831e-06, 2.04934212888e-06, 1.78060781764e-06, 1.29074885535e-06, 1.07545622541e-06, 6.62391528294e-07, 5.00994019603e-07, 4.46899861117e-07, 4.36253742464e-07, 3.62561593192e-07],
        "dmean2": [0.00231706025079, 0.00307129439898, 0.00140642886981, 0.000592921394855, 0.00032557034865, 0.000286584108835, 0.000180332383025, 0.000227184238611, 0.000170868108398, 0.0002151561348, 0.00013536842016, 6.33379531791e-05, 7.6766096754e-05, 5.59419531783e-05, 7.94996740296e-05, 7.04622434569e-05, 6.763858255e-05, 7.47863596189e-05, 6.36171826045e-05, 4.52712956758e-05, 6.31053408142e-05, 5.31963451067e-05, 3.83115147997e-05, 1.82185722224e-05, 2.21607424464e-05, 2.15439213207e-05, 1.42551216413e-05, 9.92127843347e-06, 8.17692125565e-06, 7.07855178916e-06, 4.72144938612e-06, 3.37160031449e-06, 2.97558608509e-06, 2.12160216506e-06, 1.720699629e-06, 1.05873914436e-06, 7.99888027814e-07, 6.90064780429e-07, 6.497295999e-07, 5.22210825693e-07],
        "dvar": [6.46831904305e-06, 1.05551989691e-05, 1.39679002586e-06, 3.48724483956e-07, 7.59303304676e-08, 7.17828783081e-08, 3.52165976381e-08, 1.68409570733e-07, 1.24405048041e-07, 1.5086182259e-07, 6.12851493997e-08, 1.21652998786e-08, 1.61751625427e-08, 1.10229372297e-08, 1.64671334346e-08, 2.1556656904e-08, 9.11863029529e-09, 1.34047084543e-08, 1.5784388907e-08, 4.29424096282e-09, 2.33404962025e-09, 1.65411118136e-09, 1.30649302488e-09, 1.95136545811e-10, 2.64940375194e-10, 2.3053570164e-10, 1.23387189355e-10, 6.53685439111e-11, 4.46959726175e-11, 3.15811335416e-11, 1.97494850335e-11, 1.36510568474e-11, 1.48770648578e-11, 7.12272862219e-12, 6.8735256202e-12, 2.05364653234e-12, 1.44093320175e-12, 2.78982999896e-12, 2.40099953808e-12, 2.64713142899e-12],
        "dvar2": [1.56980513566e-05, 2.77654198726e-05, 3.9083338379e-06, 9.06458240024e-07, 2.02585312081e-07, 1.83926857744e-07, 8.43552356855e-08, 3.90107516068e-07, 3.08520668568e-07, 3.62113155461e-07, 1.49718957232e-07, 2.75455587229e-08, 4.11199927441e-08, 2.90787305346e-08, 4.00635613573e-08, 5.65788909057e-08, 2.37818742477e-08, 3.46569883902e-08, 3.96439645556e-08, 9.23471521475e-09, 6.45342312922e-09, 4.42375247545e-09, 3.45461725892e-09, 5.22467902275e-10, 7.2463951506e-10, 6.22932483374e-10, 3.31170785239e-10, 1.74877237691e-10, 1.20074963861e-10, 8.61452992273e-11, 4.9616716985e-11, 3.32456215335e-11, 3.78307107862e-11, 1.64092073263e-11, 1.52070179366e-11, 4.30939658957e-12, 3.30642783118e-12, 6.10189676564e-12, 4.04015709776e-12, 4.46657207748e-12],
        "max": [0.0238961894065, 0.0288071893156, 0.0156983584166, 0.00959167070687, 0.00554383499548, 0.00748852780089, 0.00500507140532, 0.00954644382, 0.00919413100928, 0.01111989934, 0.00944400113076, 0.00466113584116, 0.00506655545905, 0.00338965980336, 0.00394989363849, 0.00378144881688, 0.0022390303202, 0.00422278046608, 0.00476629380137, 0.00378329888918, 0.000899611739442, 0.000755735964049, 0.00093265826581, 0.000279020401649, 0.000288773124339, 0.000379222299671, 0.000232768594287, 0.000253618898569, 0.000130127999, 9.23180996324e-05, 0.000158855094924, 8.73974786373e-05, 0.000129503809148, 9.28709487198e-05, 9.11997849471e-05, 3.77052856493e-05, 4.84185293317e-05, 9.54979695962e-05, 6.81291057845e-05, 6.39273857814e-05],
        "mean": [0.00184877344873, 0.00242862664163, 0.00140175479464, 0.000636870798189, 0.000380067591323, 0.000338288373314, 0.000220117974095, 0.000233217040659, 0.000184111224371, 0.000235592626268, 0.000140154268593, 7.05634010956e-05, 7.70774422563e-05, 5.59957989026e-05, 8.31621873658e-05, 6.78903743392e-05, 7.253260992e-05, 8.14417144284e-05, 6.78401702316e-05, 5.52828751097e-05, 7.58675741963e-05, 6.77454299876e-05, 4.83433104819e-05, 2.30507812375e-05, 2.79318974208e-05, 2.7367270377e-05, 1.73704502231e-05, 1.19812757475e-05, 1.00282350104e-05, 9.07053527044e-06, 5.91540174355e-06, 4.10848497268e-06, 3.31827072841e-06, 2.55985924014e-06, 2.17672118197e-06, 1.39217718242e-06, 1.05445883491e-06, 9.3733575568e-07, 8.64920934873e-07, 6.8706606271e-07],
        "median": [0.00094894337235, 0.00146307423711, 0.00105090346187, 0.000412916589994, 0.000284898356767, 0.000235114304814, 0.000136794173159, 9.32352486416e-05, 7.48700258555e-05, 9.1701738711e-05, 5.28196469531e-05, 3.82234757126e-05, 3.91490466427e-05, 2.55354716501e-05, 4.23200908699e-05, 2.37970289163e-05, 3.57755016012e-05, 3.91821376979e-05, 2.59777134488e-05, 3.68365144823e-05, 6.03681692155e-05, 5.54359685339e-05, 3.51249145751e-05, 1.93581890926e-05, 2.46244126174e-05, 2.43098165811e-05, 1.50541745825e-05, 1.02768399302e-05, 8.31047418615e-06, 7.58432270231e-06, 4.36161053585e-06, 2.51321421274e-06, 1.79188873517e-06, 1.24349378439e-06, 1.02075546238e-06, 6.85636109665e-07, 5.32580486379e-07, 4.35825313616e-07, 3.85704396422e-07, 2.8539551522e-07],
        "min": [6.52609559646e-24, 3.92214423999e-24, 5.54506580814e-24, 2.24299444144e-24, 5.923252037e-24, 3.7441129276e-24, 4.02209055009e-24, 1.05781545779e-23, 9.26228488977e-24, 7.00375403002e-24, 6.61201517081e-24, 9.78722685712e-24, 6.92812909048e-24, 6.97448492385e-24, 5.68663123632e-24, 5.77040826446e-24, 5.60261557776e-24, 6.11829868467e-24, 9.8722297751e-24, 1.07762036302e-23, 1.36677393573e-23, 1.05596376459e-23, 7.68237951234e-24, 1.14087233481e-23, 9.28991079867e-24, 1.03057269863e-23, 1.42633025194e-23, 1.3122771367e-23, 9.54062972701e-24, 7.86140833934e-24, 8.60268988792e-24, 7.51247859488e-24, 6.84447354692e-24, 1.09027416526e-23, 7.52433359656e-24, 8.16089859314e-24, 7.67584774405e-24, 8.68049287242e-24, 9.36112206144e-24, 1.1573216624e-23],
        "var": [6.7506830419e-06, 9.67743926594e-06, 1.89185357158e-06, 5.42295993e-07, 1.47400740502e-07, 1.40862098874e-07, 7.47890709363e-08, 3.12979352657e-07, 2.18442281152e-07, 2.84956371388e-07, 1.23583419054e-07, 2.34437838031e-08, 3.04931369044e-08, 1.84850321716e-08, 3.09626457806e-08, 3.64265275721e-08, 1.89661601979e-08, 2.27656791196e-08, 3.09466372528e-08, 1.01936281638e-08, 5.39808597821e-09, 3.67566443948e-09, 3.23634630206e-09, 3.7833328137e-10, 4.93304785909e-10, 4.49960319004e-10, 2.13938089466e-10, 1.11885313514e-10, 7.85286835558e-11, 6.25028084844e-11, 3.92375368308e-11, 2.90335307879e-11, 2.52615723478e-11, 1.7798654911e-11, 1.64954994109e-11, 5.7840919554e-12, 3.26331171287e-12, 5.04200934476e-12, 5.73850645821e-12, 5.915485983e-12]
    },
    "mfcc": {
        "mean": [-624.869140625, 117.292808533, -20.0722675323, 40.4882659912, 8.92401695251, 3.91185283661, -0.366987317801, 2.46405434608, 4.47216653824, 1.04790890217, -1.37163996696, 1.29642820358, -2.50813174248],
        "cov": [[12525.9931641, -229.528457642, 525.985412598, 588.198120117, -111.252960205, 799.581665039, 470.893188477, 222.609786987, 56.0140991211, 329.838928223, 221.445861816, 107.63949585, 273.058868408], [-229.528457642, 1186.52416992, -449.639434814, 314.606689453, -42.253276825, -69.9782028198, 39.5719223022, -131.81388855, 35.5319404602, -22.7493972778, -49.2067871094, -16.6051521301, -38.8907356262], [525.985412598, -449.639434814, 668.784606934, -67.9323806763, 48.0660858154, 110.860305786, 50.8064689636, 115.824729919, -9.14490413666, 61.9271888733, 58.4918327332, 28.1857204437, 70.1372528076], [588.198120117, 314.606689453, -67.9323806763, 389.958587646, 30.8068695068, 74.9978866577, 76.0330581665, -9.24216651917, 16.7211837769, 4.87474298477, 14.0717334747, 41.0778198242, 25.569940567], [-111.252960205, -42.253276825, 48.0660858154, 30.8068695068, 111.65990448, 30.7218055725, 3.99171662331, 0.885116934776, 3.69016265869, 4.3094291687, -0.26056060195, 2.77402114868, 3.29676318169], [799.581665039, -69.9782028198, 110.860305786, 74.9978866577, 30.7218055725, 190.197067261, 104.753562927, 43.3283004761, 3.32728290558, 30.7473278046, 38.0000305176, 18.5296554565, 24.4218006134], [470.893188477, 39.5719223022, 50.8064689636, 76.0330581665, 3.99171662331, 104.753562927, 133.017822266, 44.4210929871, 14.4434518814, 12.3387269974, 25.0699939728, 23.3933868408, 17.745349884], [222.609786987, -131.81388855, 115.824729919, -9.24216651917, 0.885116934776, 43.3283004761, 44.4210929871, 104.18182373, 27.1813373566, 19.0585613251, 19.9512500763, 18.2838783264, 17.0288906097], [56.0140991211, 35.5319404602, -9.14490413666, 16.7211837769, 3.69016265869, 3.32728290558, 14.4434518814, 27.1813373566, 73.4827041626, 37.0939331055, 13.4664363861, 5.27266311646, 1.50515913963], [329.838928223, -22.7493972778, 61.9271888733, 4.87474298477, 4.3094291687, 30.7473278046, 12.3387269974, 19.0585613251, 37.0939331055, 83.2387313843, 35.969127655, 5.47235584259, 11.5765333176], [221.445861816, -49.2067871094, 58.4918327332, 14.0717334747, -0.26056060195, 38.0000305176, 25.0699939728, 19.9512500763, 13.4664363861, 35.969127655, 70.0911407471, 36.2973213196, 13.1946153641], [107.63949585, -16.6051521301, 28.1857204437, 41.0778198242, 2.77402114868, 18.5296554565, 23.3933868408, 18.2838783264, 5.27266311646, 5.47235584259, 36.2973213196, 65.610168457, 27.7566738129], [273.058868408, -38.8907356262, 70.1372528076, 25.569940567, 3.29676318169, 24.4218006134, 17.745349884, 17.0288906097, 1.50515913963, 11.5765333176, 13.1946153641, 27.7566738129, 60.4605979919]],
