{
"lowlevel": {
    "average_loudness": 0.949474036694,
    "barkbands_crest": {
        "dmean": 2.4314904213,
        "dmean2": 4.07540798187,
        "dvar": 5.95326280594,
        "dvar2": 16.3512229919,
        "max": 26.6430397034,
        "mean": 8.61100482941,
        "median": 7.74838447571,
        "min": 2.24587798119,
        "var": 14.1930522919
    },
    "barkbands_flatness_db": {
        "dmean": 0.0181665569544,
        "dmean2": 0.0287843178958,
        "dvar": 0.00041729019722,
        "dvar2": 0.00107649108395,
        "max": 0.425587773323,
        "mean": 0.0912942290306,
        "median": 0.080108448863,
        "min": 0.0214018188417,
        "var": 0.00188886967953
    },
    "barkbands_kurtosis": {
        "dmean": 2.53449678421,
        "dmean2": 4.15479946136,
        "dvar": 406.705780029,
        "dvar2": 1040.11523438,
        "max": 1022.18286133,
        "mean": 2.21536493301,
        "median": -0.0101448297501,
        "min": -1.8486802578,
        "var": 405.09362793
    },
    "barkbands_skewness": {
        "dmean": 0.460924893618,
        "dmean2": 0.737559258938,
        "dvar": 0.565395116806,
        "dvar2": 1.41349637508,
        "max": 29.7459983826,
        "mean": 1.14828503132,
        "median": 0.957836389542,
        "min": -3.47871375084,
        "var": 1.47493600845
    },
    "barkbands_spread": {
        "dmean": 6.57310533524,
        "dmean2": 10.2454957962,
        "dvar": 58.1753730774,
        "dvar2": 129.35760498,
        "max": 134.848052979,
        "mean": 33.6916999817,
        "median": 32.7574462891,
        "min": 0.307956784964,
        "var": 229.610443115
    },
    "dissonance": {
        "dmean": 0.0118794841692,
        "dmean2": 0.0197057109326,
        "dvar": 0.000136892267619,
        "dvar2": 0.000363332917914,
        "max": 0.499999940395,
        "mean": 0.476056545973,
        "median": 0.480902552605,
        "min": 0.309368729591,
        "var": 0.000356526084943
    },
    "dynamic_complexity": 3.42421078682,
    "erbbands_crest": {
        "dmean": 2.26675224304,
        "dmean2": 3.63819217682,
        "dvar": 5.07478380203,
        "dvar2": 12.0890874863,
        "max": 29.4635944366,
        "mean": 8.12895488739,
        "median": 6.99165344238,
        "min": 2.26080441475,
        "var": 17.0821094513
    },
    "erbbands_flatness_db": {
        "dmean": 0.0136629641056,
        "dmean2": 0.020027147606,
        "dvar": 0.000178616479388,
        "dvar2": 0.000352500122972,
        "max": 0.326413720846,
        "mean": 0.128608003259,
        "median": 0.124076269567,
        "min": 0.031951084733,
        "var": 0.00102733646054
    },
    "erbbands_kurtosis": {
        "dmean": 0.616678237915,
        "dmean2": 0.974998950958,
        "dvar": 0.761382758617,
        "dvar2": 1.86133170128,
        "max": 18.6167678833,
        "mean": 0.0697477906942,
        "median": -0.308280706406,
        "min": -1.66372823715,
        "var": 2.04843473434
    },
    "erbbands_skewness": {
        "dmean": 0.280456095934,
        "dmean2": 0.427921116352,
        "dvar": 0.0755978375673,
        "dvar2": 0.171386480331,
        "max": 3.98788666725,
        "mean": -0.0431440845132,
        "median": -0.0983114168048,
        "min": -2.8198530674,
        "var": 0.368258476257
    },
    "erbbands_spread": {
        "dmean": 7.36588907242,
        "dmean2": 11.1892318726,
        "dvar": 54.7092933655,
        "dvar2": 122.152656555,
        "max": 110.509895325,
        "mean": 40.5469360352,
        "median": 39.3436737061,
        "min": 4.53294610977,
        "var": 213.992385864
    },
    "hfc": {
        "dmean": 6.46897172928,
        "dmean2": 10.0259590149,
        "dvar": 73.2367782593,
        "dvar2": 174.587081909,
        "max": 106.584320068,
        "mean": 31.6154403687,
        "median": 31.29296875,
        "min": 1.04475320115e-16,
        "var": 426.175109863
    },
    "melbands_crest": {
        "dmean": 3.20686030388,
        "dmean2": 5.31647491455,
        "dvar": 8.64913368225,
        "dvar2": 23.3998012543,
        "max": 39.4685668945,
        "mean": 13.4449796677,
        "median": 12.5393657684,
        "min": 1.64023995399,
        "var": 26.0100955963
    },
    "melbands_flatness_db": {
        "dmean": 0.0238325092942,
        "dmean2": 0.0376378372312,
        "dvar": 0.00062058045296,
        "dvar2": 0.00156919425353,
        "max": 0.461245268583,
        "mean": 0.155434295535,
        "median": 0.143828362226,
        "min": 0.00406986288726,
        "var": 0.00296504469588
    },
    "melbands_kurtosis": {
        "dmean": 5.20973587036,
        "dmean2": 8.71360778809,
        "dvar": 261.196350098,
        "dvar2": 669.454345703,
        "max": 851.80267334,
        "mean": 8.72698688507,
        "median": 5.02780723572,
        "min": -1.73724782467,
        "var": 314.757171631
    },
    "melbands_skewness": {
        "dmean": 0.623974442482,
        "dmean2": 1.01001381874,
        "dvar": 0.699178040028,
        "dvar2": 1.77168762684,
        "max": 26.5869483948,
        "mean": 2.34986686707,
        "median": 2.12361717224,
        "min": -1.25768172741,
        "var": 1.79709243774
    },
    "melbands_spread": {
        "dmean": 8.35411643982,
        "dmean2": 13.2536144257,
        "dvar": 84.8066940308,
        "dvar2": 200.922668457,
        "max": 223.083023071,
        "mean": 34.1269187927,
        "median": 32.1130981445,
        "min": 0.664502024651,
        "var": 343.246337891
    },
    "pitch_salience": {
        "dmean": 0.0639225766063,
        "dmean2": 0.106258153915,
        "dvar": 0.00344990636222,
        "dvar2": 0.00933626294136,
        "max": 0.899166345596,
        "mean": 0.557503640652,
        "median": 0.566597342491,
        "min": 0.0228626225144,
        "var": 0.00996816437691
    },
    "silence_rate_20dB": {
        "dmean": 0,
        "dmean2": 0,
        "dvar": 0,
        "dvar2": 0,
        "max": 1,
        "mean": 1,
        "median": 1,
        "min": 1,
        "var": 0
    },
    "silence_rate_30dB": {
        "dmean": 0.000363867904525,
        "dmean2": 0.000727802049369,
        "dvar": 0.000363818719052,
        "dvar2": 0.00109150633216,
        "max": 1,
        "mean": 0.999818086624,
        "median": 1,
        "min": 0,
        "var": 0.000181859591976
    },
    "silence_rate_60dB": {
        "dmean": 0.00436641508713,
        "dmean2": 0.00873362459242,
        "dvar": 0.00434736022726,
        "dvar2": 0.00956712849438,
        "max": 1,
        "mean": 0.0653083473444,
        "median": 0,
        "min": 0,
        "var": 0.0610431432724
    },
    "spectral_centroid": {
        "dmean": 272.316223145,
        "dmean2": 434.089752197,
        "dvar": 86670.5625,
        "dvar2": 207302.28125,
        "max": 11582.3125,
        "mean": 1832.77929688,
        "median": 1816.58422852,
        "min": 246.851730347,
        "var": 688562
    },
    "spectral_complexity": {
        "dmean": 4.01764774323,
        "dmean2": 6.48999261856,
        "dvar": 16.7985229492,
        "dvar2": 40.268661499,
        "max": 59,
        "mean": 28.417591095,
        "median": 32,
        "min": 0,
        "var": 184.12361145
    },
    "spectral_decrease": {
        "dmean": 2.27988383728e-09,
        "dmean2": 3.79248321636e-09,
        "dvar": 1.35378314653e-17,
        "dvar2": 3.57600766719e-17,
        "max": 1.33490525751e-28,
        "mean": -7.55793383433e-09,
        "median": -7.18644699305e-09,
        "min": -4.13083860451e-08,
        "var": 2.05349489582e-17
    },
    "spectral_energy": {
        "dmean": 0.00888964440674,
        "dmean2": 0.014748734422,
        "dvar": 0.000198495574296,
        "dvar2": 0.000523560796864,
        "max": 0.157761514187,
        "mean": 0.0313929356635,
        "median": 0.0304269231856,
        "min": 1.01582028216e-20,
        "var": 0.000327888934407
    },
    "spectral_energyband_high": {
        "dmean": 0.000608172442298,
        "dmean2": 0.000927988206968,
        "dvar": 9.7813051525e-07,
        "dvar2": 2.17745946429e-06,
        "max": 0.0127414595336,
        "mean": 0.00184785376769,
        "median": 0.00136947014835,
        "min": 6.88740789491e-21,
        "var": 3.50641539626e-06
    },
    "spectral_energyband_low": {
        "dmean": 0.00578673975542,
        "dmean2": 0.0100467707962,
        "dvar": 0.000163513759617,
        "dvar2": 0.0004469063133,
        "max": 0.147020488977,
        "mean": 0.0111173801124,
        "median": 0.00918375328183,
        "min": 1.93374499216e-23,
        "var": 0.000141760450788
    },
    "spectral_energyband_middle_high": {
        "dmean": 0.00174564437475,
        "dmean2": 0.002772775013,
        "dvar": 4.70893246529e-06,
        "dvar2": 1.20224894999e-05,
        "max": 0.0462364703417,
        "mean": 0.00743853067979,
        "median": 0.00649926345795,
        "min": 1.27641632458e-21,
        "var": 3.34629658028e-05
    },
    "spectral_energyband_middle_low": {
        "dmean": 0.00468129850924,
        "dmean2": 0.00744655681774,
        "dvar": 4.82851100969e-05,
        "dvar2": 0.000119704614917,
        "max": 0.084980122745,
        "mean": 0.0120763257146,
        "median": 0.00912150926888,
        "min": 1.64088369431e-22,
        "var": 0.000104834645754
    },
    "spectral_entropy": {
        "dmean": 0.112957432866,
        "dmean2": 0.163264140487,
        "dvar": 0.0163103416562,
        "dvar2": 0.0308068841696,
        "max": 9.81687164307,
        "mean": 7.91719865799,
        "median": 7.95523357391,
        "min": 6.10730171204,
        "var": 0.097458653152
    },
    "spectral_flux": {
        "dmean": 0.0222916062921,
        "dmean2": 0.034650284797,
        "dvar": 0.000835537270177,
        "dvar2": 0.00158445851412,
        "max": 0.325841784477,
        "mean": 0.0890569835901,
        "median": 0.085034519434,
        "min": 6.35808142246e-11,
        "var": 0.00216341251507
    },
    "spectral_kurtosis": {
        "dmean": 0.878320276737,
        "dmean2": 1.42320299149,
        "dvar": 0.920590996742,
        "dvar2": 2.38387393951,
        "max": 15.0534496307,
        "mean": 3.16337108612,
        "median": 3.01382565498,
        "min": -1.25242626667,
        "var": 2.21813035011
    },
    "spectral_rms": {
        "dmean": 0.000701528973877,
        "dmean2": 0.00114151998423,
        "dvar": 8.5550101403e-07,
        "dvar2": 2.18400441554e-06,
        "max": 0.0124061945826,
        "mean": 0.00522572500631,
        "median": 0.00544837629423,
        "min": 3.14808530806e-12,
        "var": 3.31900696438e-06
    },
    "spectral_rolloff": {
        "dmean": 597.109924316,
        "dmean2": 977.882568359,
        "dvar": 845633.4375,
        "dvar2": 1770125,
        "max": 19272.2167969,
        "mean": 2132.42236328,
        "median": 1981.0546875,
        "min": 21.533203125,
        "var": 3665655
    },
    "spectral_skewness": {
        "dmean": 0.15336330235,
        "dmean2": 0.240548282862,
        "dvar": 0.0230852998793,
        "dvar2": 0.0523252636194,
        "max": 3.20180749893,
        "mean": 1.29543530941,
        "median": 1.29633367062,
        "min": -0.0747952610254,
        "var": 0.085820145905
    },
    "spectral_spread": {
        "dmean": 494820.90625,
        "dmean2": 705822.5,
        "dvar": 452143316992,
        "dvar2": 880117481472,
        "max": 41901480,
        "mean": 5062024,
        "median": 4843204.5,
        "min": 1677068.625,
        "var": 6.87948064358e+12
    },
    "spectral_strongpeak": {
        "dmean": 0.580464482307,
        "dmean2": 1.00514733791,
        "dvar": 1.20489799976,
        "dvar2": 3.09386897087,
        "max": 13.9767971039,
        "mean": 0.9076603055,
        "median": 0.337508141994,
        "min": 0,
        "var": 1.97341620922
    },
    "zerocrossingrate": {
        "dmean": 0.0112470807508,
        "dmean2": 0.0132862515748,
        "dvar": 0.000174606917426,
        "dvar2": 0.000221331807552,
        "max": 0.52880859375,
        "mean": 0.0800148323178,
        "median": 0.07568359375,
        "min": 0,
        "var": 0.00210780370981
    },
    "barkbands": {
        "dmean": [0.000317600817652, 0.00422388501465, 0.00179868203122, 0.00120612920728, 0.00273935939185, 0.000738819362596, 0.00128068879712, 0.000702651275788, 0.000730839790776, 0.000458712951513, 0.000363305269275, 0.000353563664248, 0.000395690643927, 0.000355538242729, 0.000471323844977, 0.000469314982183, 0.000374038296286, 0.000183347146958, 0.000247006537393, 0.000241828136495, 0.000223035429372, 0.000160286421305, 9.96347589535e-05, 9.14418778848e-05, 8.9056629804e-05, 5.44940667169e-05, 6.95725748301e-06],
        "dmean2": [0.000503789517097, 0.0073190475814, 0.00321486080065, 0.00202277000062, 0.00454771937802, 0.00120603491087, 0.0019813568797, 0.00112058839295, 0.00112552812789, 0.000709215295501, 0.000567510724068, 0.000579353363719, 0.000631764298305, 0.00057234975975, 0.000763259420637, 0.000753488100599, 0.000616590376012, 0.000309678725898, 0.000420250493335, 0.00040518748574, 0.000370586029021, 0.000256294559222, 0.000149726678501, 0.000134083602461, 0.000128858271637, 8.32374280435e-05, 1.11737563202e-05],
        "dvar": [2.76630373719e-07, 9.59630997386e-05, 1.69725444721e-05, 4.16751163357e-06, 3.26424997183e-05, 2.11447650145e-06, 5.9295975916e-06, 2.1975376967e-06, 1.88086460184e-06, 7.82677773259e-07, 5.36382913197e-07, 9.43262591591e-07, 7.87068756836e-07, 5.03762805693e-07, 8.53125129652e-07, 6.91809191267e-07, 3.51085731154e-07, 9.04025156956e-08, 1.2517749326e-07, 1.38549211215e-07, 1.62996855124e-07, 7.15302022058e-08, 3.26006279749e-08, 5.20374996427e-08, 4.44355592322e-08, 1.3233273144e-08, 1.06534980837e-09],
        "dvar2": [7.32765158773e-07, 0.000264051050181, 4.93892039231e-05, 1.04417249531e-05, 8.26646501082e-05, 5.12027918376e-06, 1.35305026561e-05, 5.27882866663e-06, 4.39878249381e-06, 1.69323766386e-06, 1.2009376178e-06, 2.69585734713e-06, 1.85274711839e-06, 1.18946968541e-06, 2.12782038034e-06, 1.62665639891e-06, 8.54432016695e-07, 2.3783961467e-07, 3.38886337659e-07, 3.68247071947e-07, 4.32947359741e-07, 1.80491554147e-07, 6.75300384501e-08, 9.97911442369e-08, 8.05665578696e-08, 3.019802719e-08, 2.39603248353e-09],
        "max": [0.00697465054691, 0.12501950562, 0.0557348057628, 0.0562917292118, 0.0677533447742, 0.0261766221374, 0.0450703985989, 0.0264769643545, 0.0256681609899, 0.0350288376212, 0.0203481130302, 0.040395244956, 0.0187692567706, 0.0209182687104, 0.0256112348288, 0.0228103175759, 0.0148811610416, 0.0061337291263, 0.00592505652457, 0.0073001794517, 0.00809032935649, 0.00497205322608, 0.00487448740751, 0.00459251133725, 0.00400937814265, 0.00205503078178, 0.00131297693588],
        "mean": [0.000452765380032, 0.00689353048801, 0.0028288285248, 0.00182074308395, 0.00363267445937, 0.00116950646043, 0.00255512259901, 0.00118931080215, 0.00142713019159, 0.000915359414648, 0.000683733960614, 0.000674684357364, 0.000752812658902, 0.000634721538518, 0.000943800900131, 0.00103687716182, 0.000775164400693, 0.000357663317118, 0.000563072448131, 0.000509504170623, 0.000483811658341, 0.00035545474384, 0.000226733551244, 0.000197656685486, 0.000199444228201, 0.000102781690657, 1.0044445844e-05],
        "median": [0.000189034617506, 0.00522580742836, 0.00176343973726, 0.00096773187397, 0.00162018486299, 0.000565968919545, 0.00108402955811, 0.00052279047668, 0.00075491698226, 0.000481140450574, 0.000373261165805, 0.000310195202474, 0.000269280630164, 0.000340237631463, 0.00055015576072, 0.000641568389256, 0.000580958672799, 0.000273291021585, 0.000479761714814, 0.00036153831752, 0.000357897893991, 0.000243813730776, 0.00013966174447, 9.61692057899e-05, 9.11746901693e-05, 3.422732334e-05, 1.51610197463e-06],
        "min": [1.05337779966e-24, 3.59251239985e-24, 1.05994733467e-24, 1.50759996458e-24, 9.92615867317e-24, 1.44515957289e-23, 6.59665604899e-24, 7.74747236994e-24, 1.93922158011e-23, 1.90151986641e-23, 2.1267898264e-23, 2.32689575461e-23, 3.57618858003e-23, 5.73457386341e-23, 4.67863621011e-23, 4.49172792485e-23, 6.13812102373e-23, 9.95134842182e-23, 1.34946497063e-22, 1.89854699676e-22, 2.59110792785e-22, 3.41177999618e-22, 3.41862629909e-22, 5.42121369939e-22, 8.76669681535e-22, 1.23684938398e-21, 1.72583782914e-21],
        "var": [4.24373382657e-07, 8.0415768025e-05, 1.50234063767e-05, 7.67609617469e-06, 3.65635605704e-05, 3.78981803806e-06, 1.72688305611e-05, 3.93831260226e-06, 4.40286930825e-06, 3.10544714921e-06, 1.24018856695e-06, 2.48025867222e-06, 2.4229743758e-06, 1.12320981316e-06, 2.1624728106e-06, 2.37416088567e-06, 9.27604730805e-07, 1.62691506489e-07, 2.72596281548e-07, 3.01002842207e-07, 2.85954143919e-07, 1.58654614779e-07, 9.73852181119e-08, 1.54704792976e-07, 1.33018616566e-07, 2.79776131151e-08, 2.37542496784e-09]
    },
    "erbbands": {
        "dmean": [0.130002140999, 0.969557225704, 2.05647706985, 3.04741835594, 7.91344499588, 9.2026014328, 5.34428071976, 5.93418359756, 12.5678358078, 22.6621284485, 14.7880821228, 18.4813117981, 12.6124305725, 14.4518089294, 12.6941347122, 15.6900587082, 17.3483600616, 16.107339859, 21.354927063, 28.6331920624, 25.7406959534, 16.7702693939, 10.7498722076, 12.1918992996, 11.5010566711, 11.5995531082, 9.72932052612, 8.64559078217, 6.07807397842, 3.98800897598, 2.70662283897, 1.89148807526, 1.65079677105, 1.17924153805, 0.573604881763, 0.299695700407, 0.0887094512582, 0.0151404272765, 0.00110411224887, 3.16139157803e-05],
        "dmean2": [0.215683251619, 1.7235480547, 3.69758152962, 5.19711589813, 13.0598421097, 15.5396366119, 8.83957099915, 9.62818717957, 20.0692024231, 34.8900909424, 23.2677268982, 28.4163360596, 19.5689067841, 22.432094574, 19.8862915039, 25.4728469849, 27.9150066376, 25.8407173157, 34.6728668213, 45.6166000366, 41.3676185608, 27.6566028595, 17.9421443939, 20.9689083099, 19.3098239899, 19.402425766, 16.2741317749, 14.3048563004, 9.82110595703, 6.18408203125, 4.07330131531, 2.80709123611, 2.4318022728, 1.73017632961, 0.847134768963, 0.457837820053, 0.136492967606, 0.0232759639621, 0.00177810655441, 4.99905690958e-05],
        "dvar": [0.0602439492941, 6.25547027588, 25.5976581573, 29.5150089264, 253.936737061, 379.755004883, 129.471374512, 148.81829834, 760.051574707, 2401.33422852, 1029.30334473, 1423.12768555, 519.255981445, 1055.38562012, 668.018127441, 2178.84936523, 1531.44274902, 1051.62182617, 2103.16381836, 3239.1184082, 1606.05554199, 634.68927002, 286.444366455, 364.307769775, 289.735626221, 343.015930176, 291.880279541, 230.781845093, 104.76839447, 48.9652519226, 25.8058414459, 16.0686016083, 21.5718460083, 9.81177330017, 1.52921760082, 0.39170345664, 0.0360436961055, 0.00154949864373, 4.24925310654e-05, 2.13944666427e-08],
        "dvar2": [0.157990500331, 17.8357715607, 74.1353759766, 78.1160354614, 638.395690918, 991.809692383, 319.24798584, 355.570404053, 1813.63415527, 5096.32177734, 2410.78588867, 3334.28759766, 1147.9979248, 2219.79101562, 1498.59448242, 6352.55322266, 3623.68603516, 2579.10473633, 5424.46777344, 7717.59033203, 3837.10473633, 1565.92199707, 732.321533203, 1007.65026855, 778.837158203, 905.073059082, 783.809875488, 606.768371582, 267.95211792, 111.124900818, 54.0459327698, 31.7800197601, 42.6916618347, 18.0019435883, 3.11846613884, 0.896937727928, 0.0829327106476, 0.00328071741387, 9.8579133919e-05, 5.19555420908e-08],
        "max": [3.28289365768, 31.0521259308, 66.431678772, 118.065856934, 217.59677124, 316.668823242, 320.774169922, 261.839752197, 584.691162109, 1166.34985352, 717.482421875, 809.389099121, 712.514282227, 1377.43554688, 967.516967773, 2080.35229492, 884.771850586, 801.049133301, 969.861816406, 2135.50585938, 1121.94616699, 767.085510254, 399.010314941, 394.537811279, 294.395568848, 416.384857178, 315.864044189, 273.726287842, 157.37789917, 170.747894287, 178.529632568, 113.618850708, 100.76612854, 60.4019203186, 24.1724891663, 10.7642965317, 2.94246697426, 1.2863202095, 0.260609209538, 0.00655943388119],
        "mean": [0.20251981914, 1.51552712917, 3.39362096786, 5.085978508, 10.3728189468, 11.9960632324, 8.07723808289, 9.75278282166, 23.0869274139, 45.9606246948, 27.8791637421, 35.2434539795, 26.2605056763, 30.5279808044, 26.4947128296, 32.8282318115, 37.4348182678, 31.2026500702, 39.0664024353, 62.6251296997, 59.7990341187, 38.9785461426, 23.1560821533, 25.0104808807, 26.6513328552, 24.7180557251, 20.5591831207, 18.4982357025, 13.1885576248, 9.03814506531, 6.12319993973, 4.15519857407, 3.38011097908, 2.46265673637, 1.24896228313, 0.566720128059, 0.165250569582, 0.0280736535788, 0.00151979213115, 7.60917610023e-05],
        "median": [0.130663841963, 1.10741043091, 2.16843605042, 3.28528261185, 4.79120540619, 4.84959411621, 4.11818027496, 4.75839805603, 9.41101264954, 19.4469051361, 14.884180069, 18.6763458252, 17.0310974121, 14.4411239624, 15.7753734589, 15.6721410751, 15.6998758316, 17.3957099915, 21.6908607483, 34.9147987366, 39.3925590515, 30.8432769775, 18.4003753662, 20.9963798523, 21.3273086548, 17.3546409607, 15.2433643341, 13.471036911, 9.14588546753, 5.66102170944, 3.70193862915, 2.33926391602, 1.43500518799, 1.07195782661, 0.5298858881, 0.205110818148, 0.0520293414593, 0.00769166648388, 0.000218728906475, 5.35151411896e-05],
        "min": [8.31280038688e-23, 8.73737592836e-22, 2.76276305109e-21, 5.68868384293e-21, 1.23112255169e-20, 2.15632867125e-20, 4.33205989774e-20, 1.19697067142e-19, 1.35854334348e-19, 1.19177752814e-19, 2.70865926748e-19, 5.67396010881e-19, 4.14899474692e-19, 8.14449889336e-19, 6.85411213042e-19, 1.04395311484e-18, 1.84721962569e-18, 2.60532259209e-18, 3.26017294531e-18, 3.48974389623e-18, 4.30596188413e-18, 3.9826889474e-18, 4.92753186618e-18, 7.11717696851e-18, 7.10386101501e-18, 7.76314546991e-18, 9.80503088583e-18, 9.99995765154e-18, 1.11665362597e-17, 1.08095482684e-17, 1.13595447936e-17, 9.78961802948e-18, 8.62036514641e-18, 8.541305705e-18, 6.47634236358e-18, 4.60788570284e-18, 2.17548294306e-18, 9.57980097877e-19, 2.14261854034e-19, 2.46785183696e-20],
        "var": [0.0668722838163, 4.60087299347, 21.1555213928, 43.9622879028, 287.033935547, 437.56930542, 189.372528076, 275.296051025, 1650.42858887, 8124.47900391, 1957.9050293, 3016.41162109, 1293.58496094, 4195.81298828, 1722.10681152, 6181.56591797, 5488.51269531, 2410.65478516, 4227.71679688, 12368.1308594, 6046.05957031, 1797.02050781, 615.377502441, 587.53302002, 691.147216797, 756.80859375, 494.034851074, 430.408325195, 218.062240601, 125.383621216, 75.9156723022, 49.4438438416, 56.8713607788, 27.4016361237, 4.2520160675, 0.811135113239, 0.0761834084988, 0.00433268398046, 8.08620898169e-05, 3.38777788045e-08]
    },
    "gfcc": {
        "mean": [25.9093227386, 74.5948486328, -116.684143066, 41.0899734497, -52.5220108032, 18.2451095581, -32.8504371643, 16.4453258514, -19.79438591, 9.17661762238, -23.5107364655, 0.481888949871, -11.7167949677],
        "cov": [[20781.1816406, -227.426315308, -620.068725586, 87.4493865967, -721.749145508, 84.2836608887, -548.561767578, 130.830535889, -301.180389404, 285.670440674, -219.86907959, 178.033706665, -345.573699951], [-227.426315308, 983.300292969, -276.117095947, 80.7135009766, 42.1840209961, -55.9770431519, 123.453781128, -63.7817573547, 108.442405701, -148.502548218, 38.0014343262, -118.115493774, 55.6765060425], [-620.068725586, -276.117095947, 470.82208252, 3.80435943604, 8.94039916992, 7.14128112793, -32.4422683716, 33.7320404053, -12.6259737015, 35.9831848145, 10.1182527542, 35.4972686768, -6.87536668777], [87.4493865967, 80.7135009766, 3.80435943604, 211.584823608, -5.45879030228, 6.01278209686, -18.2671527863, -13.466711998, 13.4446153641, -38.256942749, -1.4001609087, -25.3895721436, 30.5985031128], [-721.749145508, 42.1840209961, 8.94039916992, -5.45879030228, 220.54095459, 7.71735286713, 55.080329895, 18.1574249268, 21.7988300323, 12.7231893539, -13.1200141907, 5.77843427658, 14.9710464478], [84.2836608887, -55.9770431519, 7.14128112793, 6.01278209686, 7.71735286713, 137.089080811, 41.1706314087, 26.7081031799, 4.22349977493, -1.0826665163, 12.4351234436, -7.24382209778, 0.205716341734], [-548.561767578, 123.453781128, -32.4422683716, -18.2671527863, 55.080329895, 41.1706314087, 150.656539917, 17.672077179, 22.9457073212, -28.0920963287, 12.8100996017, -15.8220119476, 6.3073425293], [130.830535889, -63.7817573547, 33.7320404053, -13.466711998, 18.1574249268, 26.7081031799, 17.672077179, 94.5333480835, 26.0227642059, 31.8788795471, -3.78007125854, 13.4331007004, -2.37009143829], [-301.180389404, 108.442405701, -12.6259737015, 13.4446153641, 21.7988300323, 4.22349977493, 22.9457073212, 26.0227642059, 104.877334595, 5.70715904236, 10.6285076141, -23.3421325684, 16.2698745728], [285.670440674, -148.502548218, 35.9831848145, -38.256942749, 12.7231893539, -1.0826665163, -28.0920963287, 31.8788795471, 5.70715904236, 114.074180603, 4.05468654633, 36.2187995911, -23.0835876465], [-219.86907959, 38.0014343262, 10.1182527542, -1.4001609087, -13.1200141907, 12.4351234436, 12.8100996017, -3.78007125854, 10.6285076141, 4.05468654633, 71.2117004395, 4.50513219833, 5.47577905655], [178.033706665, -118.115493774, 35.4972686768, -25.3895721436, 5.77843427658, -7.24382209778, -15.8220119476, 13.4331007004, -23.3421325684, 36.2187995911, 4.50513219833, 78.0909576416, 6.02020978928], [-345.573699951, 55.6765060425, -6.87536668777, 30.5985031128, 14.9710464478, 0.205716341734, 6.3073425293, -2.37009143829, 16.2698745728, -23.0835876465, 5.47577905655, 6.02020978928, 69.5255050659]],
        "icov": [[8.89941584319e-05, -0.000149691724801, 0.000113779919047, -0.000108454769361, 0.000255014339928, -0.000231945989071, 0.000301951309666, -0.000239913642872, 0.000226997071877, -0.000211164806387, 0.00032469877624, -0.000338924553944, 0.000411945278756], [-0.000149691724801, 0.00255456380546, 0.000745317782275, -0.000164642566233, -0.00073742371751, 0.00182436755858, -0.00172663712874, 0.00104796071537, -0.00201709498651, 0.00203244341537, -0.00188264844473, 0.00216127419844, -0.00118986552116], [0.000113779919047, 0.000745317782275, 0.00284383376129, -0.000498176261317, -2.33619739447e-05, 0.000180978124263, 0.00046401162399, -0.000894194701687, -7.33764027245e-05, 0.000294935598504, -0.000648940796964, -0.000488684396259, 0.000609595910646], [-0.000108454769361, -0.000164642566233, -0.000498176261317, 0.00583383440971, -0.000379966426408, -0.000514681625646, 0.00119883206207, 0.00040600306238, -0.000483463460114, 0.00134615437128, -0.000147909653606, 0.00171592319384, -0.00261241220869], [0.000255014339928, -0.00073742371751, -2.33619739447e-05, -0.000379966426408, 0.00625207414851, -0.000607608875725, -0.00141675502528, -0.000640334212221, 0.000235718165641, -0.00223079766147, 0.00285367225297, -0.00155735271983, -0.000100509751064], [-0.000231945989071, 0.00182436755858, 0.000180978124263, -0.000514681625646, -0.000607608875725, 0.0101415310055, -0.00379383610561, -0.00154814892448, -0.00034403175232, 0.001205215347, -0.00310785369948, 0.00315701519139, -0.00152513757348], [0.000301951309666, -0.00172663712874, 0.00046401162399, 0.00119883206207, -0.00141675502528, -0.00379383610561, 0.011335009709, -0.00285997823812, 0.000480378483189, 0.00186706823297, -0.000236214953475, -0.00146148004569, 0.00224494165741], [-0.000239913642872, 0.00104796071537, -0.000894194701687, 0.00040600306238, -0.000640334212221, -0.00154814892448, -0.00285997823812, 0.0154183031991, -0.00507331453264, -0.00218031508848, 0.001345875673, -0.00116992217954, -0.000912656076252], [0.000226997071877, -0.00201709498651, -7.33764027245e-05, -0.000483463460114, 0.000235718165641, -0.00034403175232, 0.000480378483189, -0.00507331453264, 0.0150117836893, -0.00433512264863, -0.000520218804013, 0.00395441520959, -0.00257088872604], [-0.000211164806387, 0.00203244341537, 0.000294935598504, 0.00134615437128, -0.00223079766147, 0.001205215347, 0.00186706823297, -0.00218031508848, -0.00433512264863, 0.0160017814487, -0.0031399638392, -0.00394831551239, 0.003909135703], [0.00032469877624, -0.00188264844473, -0.000648940796964, -0.000147909653606, 0.00285367225297, -0.00310785369948, -0.000236214953475, 0.001345875673, -0.000520218804013, -0.0031399638392, 0.0177779141814, -0.00389084848575, 0.000600433326326], [-0.000338924553944, 0.00216127419844, -0.000488684396259, 0.00171592319384, -0.00155735271983, 0.00315701519139, -0.00146148004569, -0.00116992217954, 0.00395441520959, -0.00394831551239, -0.00389084848575, 0.0217652861029, -0.00761468010023], [0.000411945278756, -0.00118986552116, 0.000609595910646, -0.00261241220869, -0.000100509751064, -0.00152513757348, 0.00224494165741, -0.000912656076252, -0.00257088872604, 0.003909135703, 0.000600433326326, -0.00761468010023, 0.0208966042846]]
    },
    "melbands": {
        "dmean": [0.00114545808174, 0.00112149224151, 0.000591585470829, 0.000698337622453, 0.000205579315661, 0.000137992930831, 0.000207609380595, 0.00022142319358, 0.000122356883367, 0.00010978426144, 6.35496471659e-05, 6.12296644249e-05, 5.21743277204e-05, 3.5409033444e-05, 4.3698499212e-05, 3.63807848771e-05, 3.17483682011e-05, 3.78288023057e-05, 2.9701843232e-05, 3.52445531462e-05, 3.52976494469e-05, 2.08947913052e-05, 1.4427097085e-05, 8.55824509927e-06, 1.11917470349e-05, 9.27851942834e-06, 8.4471757873e-06, 8.19444994704e-06, 6.76369654684e-06, 6.04719980402e-06, 5.15464535056e-06, 4.08627192883e-06, 2.79200958175e-06, 2.26311681217e-06, 1.72915872554e-06, 1.48043864101e-06, 1.16401508876e-06, 1.20374090784e-06, 1.24680570934e-06, 9.95711161522e-07],
        "dmean2": [0.00194888259284, 0.00200924114324, 0.000993087538518, 0.00116951961536, 0.000342596205883, 0.000223777940846, 0.000328552705469, 0.000342284707585, 0.000191600178368, 0.000169040926266, 9.87007661024e-05, 9.50509711402e-05, 8.13537699287e-05, 5.79546394874e-05, 7.01782410033e-05, 5.89244082221e-05, 5.09826750204e-05, 6.15727258264e-05, 4.78554466099e-05, 5.57836792723e-05, 5.70446318306e-05, 3.44820000464e-05, 2.40646240854e-05, 1.45171388795e-05, 1.93372707145e-05, 1.56922815222e-05, 1.43036859299e-05, 1.37440392791e-05, 1.13893484013e-05, 1.01461564554e-05, 8.58161547512e-06, 6.72857777317e-06, 4.44006491307e-06, 3.53291011379e-06, 2.66110760094e-06, 2.27339023695e-06, 1.75152615611e-06, 1.79882431439e-06, 1.86694171589e-06, 1.4962295154e-06],
        "dvar": [5.93933327764e-06, 8.17435102363e-06, 9.1252366019e-07, 2.29170404964e-06, 1.57488045716e-07, 7.68277672591e-08, 1.76423185394e-07, 2.20007819962e-07, 6.125846852e-08, 5.03177304267e-08, 1.31589583674e-08, 1.96469578384e-08, 1.05795114891e-08, 9.60482093859e-09, 9.22188636565e-09, 7.00129598741e-09, 3.88229048909e-09, 6.61542598479e-09, 3.09307912616e-09, 4.86862150595e-09, 3.23213522613e-09, 1.05067110567e-09, 5.06278019508e-10, 2.05389885655e-10, 3.03683966862e-10, 1.8616896913e-10, 1.62475505272e-10, 1.85496396021e-10, 1.40397110604e-10, 1.23010268638e-10, 8.14197320675e-11, 4.95625485097e-11, 2.29453522155e-11, 1.69707997655e-11, 1.19003999363e-11, 7.11163116243e-12, 7.13943704503e-12, 1.12169249583e-11, 1.39772525151e-11, 6.46975962387e-12],
        "dvar2": [1.59751270985e-05, 2.34721574088e-05, 2.3929596864e-06, 5.88072271057e-06, 3.92526658288e-07, 1.81081787787e-07, 4.20604663987e-07, 4.75339987815e-07, 1.42853281204e-07, 1.18338874699e-07, 2.91488237991e-08, 4.13430640833e-08, 2.3996841847e-08, 2.68130815329e-08, 2.42919711013e-08, 1.69749370116e-08, 9.32733623671e-09, 1.66626321629e-08, 7.51728723714e-09, 1.15583418392e-08, 7.72705810448e-09, 2.53877763257e-09, 1.27266452932e-09, 5.46335754414e-10, 8.46526071463e-10, 5.0098275528e-10, 4.36221697653e-10, 4.87530016358e-10, 3.8193886942e-10, 3.30503291401e-10, 2.15087100908e-10, 1.2977126318e-10, 5.66292047977e-11, 3.84101014883e-11, 2.61501861831e-11, 1.56905304721e-11, 1.43631261398e-11, 2.35007534266e-11, 2.78093728601e-11, 1.2213832376e-11],
        "max": [0.0317890793085, 0.0321014411747, 0.0189666543156, 0.0188273601234, 0.0101709840819, 0.00543659413233, 0.00777499098331, 0.0107247484848, 0.00552335381508, 0.00506379175931, 0.00344596942887, 0.00599386449903, 0.00267041590996, 0.00400559790432, 0.00283102551475, 0.00178133521695, 0.00160284736194, 0.0016648939345, 0.00173027068377, 0.00241743843071, 0.00169461057521, 0.00102039403282, 0.000640413607471, 0.000284243433271, 0.000348696572473, 0.000280748907244, 0.000261076871539, 0.000367460306734, 0.000225730502279, 0.000246197392698, 0.000133987516165, 0.000109381246148, 0.00015026141773, 0.000113980007882, 0.000123195277411, 8.03212969913e-05, 7.08110819687e-05, 8.74585603015e-05, 9.39031451708e-05, 4.96856882819e-05],
        "mean": [0.00187486561481, 0.00190892722458, 0.00100496283267, 0.000904398737475, 0.000312412972562, 0.000224632312893, 0.000397957424866, 0.000442960299551, 0.000227395619731, 0.000207936333027, 0.000125684353407, 0.000123162433738, 0.000101071367681, 6.60316800349e-05, 9.59228927968e-05, 6.77143034409e-05, 5.66153248656e-05, 6.32904775557e-05, 6.27783811069e-05, 7.72291023168e-05, 7.31602849555e-05, 4.37125127064e-05, 2.72106972261e-05, 1.58228758664e-05, 2.07922239497e-05, 2.02503579203e-05, 1.76544326678e-05, 1.60601885e-05, 1.28634255816e-05, 1.20689655887e-05, 1.01651849036e-05, 7.85110478319e-06, 5.85385305385e-06, 4.71195471619e-06, 3.60367630492e-06, 3.02063108393e-06, 2.33289415519e-06, 2.31141848417e-06, 2.37732774622e-06, 1.97663439394e-06],
        "median": [0.00137494993396, 0.00140297261532, 0.000663295795675, 0.000392110086977, 0.000164952638443, 0.000105228391476, 0.00016396814317, 0.000191425613593, 0.000122457422549, 0.00010914181621, 7.79183028499e-05, 5.22437985637e-05, 5.67859860894e-05, 3.01869131363e-05, 4.20765500166e-05, 2.74120357062e-05, 2.97796614177e-05, 3.1987161492e-05, 3.68137116311e-05, 4.37679773313e-05, 4.62867501483e-05, 3.24498068949e-05, 2.00703725568e-05, 1.1599337995e-05, 1.6525205865e-05, 1.67276339198e-05, 1.21172724903e-05, 1.06430125015e-05, 8.86892485141e-06, 8.56402220961e-06, 7.08478728484e-06, 5.17114858667e-06, 3.75673562303e-06, 2.77767276202e-06, 2.04715183827e-06, 1.82963151474e-06, 1.2066848285e-06, 9.5140603662e-07, 9.23097161376e-07, 8.46632019602e-07],
        "min": [1.37537721332e-24, 2.05331934488e-24, 1.20934250315e-24, 1.72264877215e-24, 2.34684719075e-24, 3.06710184912e-24, 1.84010010296e-24, 1.2975041188e-24, 2.57543541526e-24, 2.752344573e-24, 1.64512001542e-24, 3.33790675383e-24, 2.54574229635e-24, 2.31553848471e-24, 2.67893317716e-24, 3.06924972015e-24, 3.91303289653e-24, 4.65638007739e-24, 3.54032017907e-24, 3.22561358726e-24, 4.58583776867e-24, 3.21327205562e-24, 2.31547103711e-24, 5.19635812803e-24, 5.50268070614e-24, 4.50595337467e-24, 5.88970375485e-24, 4.42398481016e-24, 5.58055744913e-24, 5.85866483924e-24, 5.18180679977e-24, 6.0284012792e-24, 5.27737295971e-24, 4.79635437313e-24, 5.73307384439e-24, 6.07943545218e-24, 5.13404245525e-24, 4.7155706777e-24, 5.85462271596e-24, 6.76270022549e-24],
        "var": [5.5651285038e-06, 6.14052078163e-06, 1.38379061809e-06, 2.48433889283e-06, 2.28844442063e-07, 1.49555219764e-07, 4.19145180786e-07, 7.09401888344e-07, 1.21646053231e-07, 1.04024643122e-07, 3.28682006057e-08, 7.92344110323e-08, 2.49855300893e-08, 2.62721524535e-08, 3.21279252091e-08, 1.64668403357e-08, 8.65718341458e-09, 1.3128147458e-08, 9.51463530185e-09, 1.80433907815e-08, 1.040083486e-08, 2.79811862569e-09, 1.01587771528e-09, 3.37999295219e-10, 4.47449216567e-10, 3.85371290434e-10, 3.74136693848e-10, 3.7497435712e-10, 2.1691726193e-10, 2.02609554134e-10, 1.41609557414e-10, 8.69439797935e-11, 4.92406983243e-11, 4.08451154843e-11, 3.00714245172e-11, 1.93123052272e-11, 1.98181939609e-11, 2.71877798053e-11, 3.35756908387e-11, 1.724152765e-11]
    },
    "mfcc": {
        "mean": [-609.396789551, 101.868202209, -3.08051562309, 27.7444763184, 4.51908159256, 8.55626583099, -0.350281178951, 4.66506814957, 10.2905025482, 6.40522956848, 0.369921922684, 1.95998096466, 2.98742961884],
        "cov": [[11181.3896484, 402.03729248, 54.9247817993, 80.8761749268, -110.12739563, -34.7824058533, -146.634216309, -135.551330566, -129.964111328, -88.1040420532, 31.337348938, 14.9434671402, 35.6412391663], [402.03729248, 854.364318848, -185.889480591, 113.499794006, -31.391456604, 24.1951580048, -9.96776199341, 56.6747322083, 42.6251335144, 42.0056228638, -9.07125663757, -4.5947766304, -8.43735408783], [54.9247817993, -185.889480591, 382.973724365, 0.9254809618, 16.9672203064, -26.6900177002, -9.68857479095, -5.9968047142, -23.655248642, -3.38541579247, -15.3090744019, 8.76931285858, 12.9772415161], [80.8761749268, 113.499794006, 0.9254809618, 194.156173706, 38.2082901001, 5.91314172745, -20.1802616119, -1.67668294907, 18.9354305267, -6.97185993195, -25.2698612213, -10.3812379837, -9.03713703156], [-110.12739563, -31.391456604, 16.9672203064, 38.2082901001, 135.891845703, 11.7647333145, -4.31664991379, -6.96915864944, 26.4074668884, 11.7376708984, -6.56011152267, 2.7264122963, 7.07417726517], [-34.7824058533, 24.1951580048, -26.6900177002, 5.91314172745, 11.7647333145, 92.2520294189, 30.7809238434, 18.0654697418, 6.44080114365, 15.2188739777, 1.64786171913, -10.3001031876, -3.94352054596], [-146.634216309, -9.96776199341, -9.68857479095, -20.1802616119, -4.31664991379, 30.7809238434, 110.101554871, 37.7138595581, 4.06772899628, 2.72619533539, 6.25353336334, 4.99718141556, 3.0057156086], [-135.551330566, 56.6747322083, -5.9968047142, -1.67668294907, -6.96915864944, 18.0654697418, 37.7138595581, 93.2239379883, 29.8077583313, 15.6399755478, -4.46886634827, 0.280008494854, 1.56307649612], [-129.964111328, 42.6251335144, -23.655248642, 18.9354305267, 26.4074668884, 6.44080114365, 4.06772899628, 29.8077583313, 95.3955459595, 33.5752449036, 1.01227331161, -3.76195144653, 8.14233016968], [-88.1040420532, 42.0056228638, -3.38541579247, -6.97185993195, 11.7376708984, 15.2188739777, 2.72619533539, 15.6399755478, 33.5752449036, 79.8925018311, 21.3744087219, 4.81172132492, -0.340771526098], [31.337348938, -9.07125663757, -15.3090744019, -25.2698612213, -6.56011152267, 1.64786171913, 6.25353336334, -4.46886634827, 1.01227331161, 21.3744087219, 71.7899703979, 24.8682136536, 3.68804478645], [14.9434671402, -4.5947766304, 8.76931285858, -10.3812379837, 2.7264122963, -10.3001031876, 4.99718141556, 0.280008494854, -3.76195144653, 4.81172132492, 24.8682136536, 58.0164833069, 22.3026618958], [35.6412391663, -8.43735408783, 12.9772415161, -9.03713703156, 7.07417726517, -3.94352054596, 3.0057156086, 1.56307649612, 8.14233016968, -0.340771526098, 3.68804478645, 22.3026618958, 71.4572753906]],
