{
"lowlevel": {
    "average_loudness": 0.951626300812,
    "barkbands_crest": {
        "dmean": 1.97547280788,
        "dmean2": 3.27756381035,
        "dvar": 4.22452878952,
        "dvar2": 11.224363327,
        "max": 26.725069046,
        "mean": 10.669054985,
        "median": 9.52151966095,
        "min": 2.43416905403,
        "var": 28.4873580933
    },
    "barkbands_flatness_db": {
        "dmean": 0.018981995061,
        "dmean2": 0.0297057498246,
        "dvar": 0.00046493372065,
        "dvar2": 0.00119342654943,
        "max": 0.488063722849,
        "mean": 0.136537566781,
        "median": 0.109375469387,
        "min": 0.031390093267,
        "var": 0.0056701800786
    },
    "barkbands_kurtosis": {
        "dmean": 5.26862859726,
        "dmean2": 8.38533973694,
        "dvar": 357.463317871,
        "dvar2": 946.706115723,
        "max": 1585.01977539,
        "mean": 14.741517067,
        "median": 0.743346214294,
        "min": -1.95259034634,
        "var": 5668.64892578
    },
    "barkbands_skewness": {
        "dmean": 0.57960999012,
        "dmean2": 0.919452190399,
        "dvar": 0.645426511765,
        "dvar2": 1.60945284367,
        "max": 35.442527771,
        "mean": 2.18193817139,
        "median": 1.32151925564,
        "min": -2.0446600914,
        "var": 7.82589864731
    },
    "barkbands_spread": {
        "dmean": 5.79869270325,
        "dmean2": 8.96794033051,
        "dvar": 51.9151153564,
        "dvar2": 114.395423889,
        "max": 146.075332642,
        "mean": 29.9340572357,
        "median": 31.7444820404,
        "min": 0.207443997264,
        "var": 255.761123657
    },
    "dissonance": {
        "dmean": 0.0124503728002,
        "dmean2": 0.0210867710412,
        "dvar": 0.000153355227667,
        "dvar2": 0.000419906253228,
        "max": 0.500000119209,
        "mean": 0.475381344557,
        "median": 0.480909615755,
        "min": 0.258762747049,
        "var": 0.000432793924119
    },
    "dynamic_complexity": 3.68027448654,
    "erbbands_crest": {
        "dmean": 2.06149029732,
        "dmean2": 3.30589079857,
        "dvar": 4.07613039017,
        "dvar2": 9.67706775665,
        "max": 29.2879505157,
        "mean": 7.77880001068,
        "median": 6.6788392067,
        "min": 1.68667757511,
        "var": 16.2092208862
    },
    "erbbands_flatness_db": {
        "dmean": 0.0117175178602,
        "dmean2": 0.0167669672519,
        "dvar": 0.000114234208013,
        "dvar2": 0.000224212286412,
        "max": 0.290275841951,
        "mean": 0.115632772446,
        "median": 0.112501777709,
        "min": 0.0304852183908,
        "var": 0.00111598311923
    },
    "erbbands_kurtosis": {
        "dmean": 0.675825715065,
        "dmean2": 1.0536134243,
        "dvar": 0.824803054333,
        "dvar2": 1.83782911301,
        "max": 32.705871582,
        "mean": 0.344489663839,
        "median": -0.096134185791,
        "min": -1.81013178825,
        "var": 4.6778717041
    },
    "erbbands_skewness": {
        "dmean": 0.271622508764,
        "dmean2": 0.411143571138,
        "dvar": 0.070538662374,
        "dvar2": 0.144491583109,
        "max": 5.42572641373,
        "mean": -0.0457482486963,
        "median": -0.118813231587,
        "min": -2.92813515663,
        "var": 0.625537276268
    },
    "erbbands_spread": {
        "dmean": 9.31819343567,
        "dmean2": 14.1861438751,
        "dvar": 113.099227905,
        "dvar2": 249.623580933,
        "max": 207.163650513,
        "mean": 50.3486289978,
        "median": 42.6053657532,
        "min": 7.0436797142,
        "var": 722.218505859
    },
    "hfc": {
        "dmean": 4.65131616592,
        "dmean2": 6.77000427246,
        "dvar": 25.5507698059,
        "dvar2": 51.6905479431,
        "max": 102.288780212,
        "mean": 28.8813018799,
        "median": 29.9733600616,
        "min": 1.17469798143e-16,
        "var": 368.930267334
    },
    "melbands_crest": {
        "dmean": 2.49514651299,
        "dmean2": 4.1537528038,
        "dvar": 6.68336105347,
        "dvar2": 18.132434845,
        "max": 39.8402137756,
        "mean": 15.806801796,
        "median": 15.1037273407,
        "min": 1.89709150791,
        "var": 34.2906608582
    },
    "melbands_flatness_db": {
        "dmean": 0.0228454750031,
        "dmean2": 0.0355724021792,
        "dvar": 0.000739935261663,
        "dvar2": 0.00188358174637,
        "max": 0.646737873554,
        "mean": 0.197363182902,
        "median": 0.164929002523,
        "min": 0.00483088893816,
        "var": 0.00953973550349
    },
    "melbands_kurtosis": {
        "dmean": 13.5701084137,
        "dmean2": 22.1555194855,
        "dvar": 886.740783691,
        "dvar2": 2289.21142578,
        "max": 1030.44946289,
        "mean": 36.8490905762,
        "median": 8.94742488861,
        "min": -1.35946774483,
        "var": 6552.06689453
    },
    "melbands_skewness": {
        "dmean": 0.87496638298,
        "dmean2": 1.41389131546,
        "dvar": 1.50788795948,
        "dvar2": 3.80717158318,
        "max": 25.7266540527,
        "mean": 3.92511034012,
        "median": 2.79848623276,
        "min": -0.204167678952,
        "var": 10.4446964264
    },
    "melbands_spread": {
        "dmean": 6.50585126877,
        "dmean2": 10.3316917419,
        "dvar": 63.025554657,
        "dvar2": 161.338989258,
        "max": 207.316513062,
        "mean": 26.6059494019,
        "median": 25.5865516663,
        "min": 0.274878889322,
        "var": 358.159240723
    },
    "pitch_salience": {
        "dmean": 0.0607334673405,
        "dmean2": 0.101152993739,
        "dvar": 0.00354811060242,
        "dvar2": 0.00964227132499,
        "max": 0.809302031994,
        "mean": 0.486980259418,
        "median": 0.505297958851,
        "min": 0.0105720255524,
        "var": 0.0177152659744
    },
    "silence_rate_20dB": {
        "dmean": 0,
        "dmean2": 0,
        "dvar": 0,
        "dvar2": 0,
        "max": 1,
        "mean": 1,
        "median": 1,
        "min": 1,
        "var": 0
    },
    "silence_rate_30dB": {
        "dmean": 0.000193948799279,
        "dmean2": 0.000387935200706,
        "dvar": 0.00019388680812,
        "dvar2": 0.000387841719203,
        "max": 1,
        "mean": 0.999806046486,
        "median": 1,
        "min": 0,
        "var": 0.000193868007045
    },
    "silence_rate_60dB": {
        "dmean": 0.000969743996393,
        "dmean2": 0.00193967611995,
        "dvar": 0.000968816690147,
        "dvar2": 0.00251786853187,
        "max": 1,
        "mean": 0.0329681001604,
        "median": 0,
        "min": 0,
        "var": 0.0318814702332
    },
    "spectral_centroid": {
        "dmean": 240.150970459,
        "dmean2": 378.012023926,
        "dvar": 69477.828125,
        "dvar2": 150997.4375,
        "max": 11226.9619141,
        "mean": 1633.31140137,
        "median": 1729.35546875,
        "min": 92.1655731201,
        "var": 498630.21875
    },
    "spectral_complexity": {
        "dmean": 3.10764169693,
        "dmean2": 4.95858812332,
        "dvar": 9.58327102661,
        "dvar2": 21.8727550507,
        "max": 55,
        "mean": 24.5008239746,
        "median": 28,
        "min": 0,
        "var": 208.173110962
    },
    "spectral_decrease": {
        "dmean": 2.58341970039e-09,
        "dmean2": 4.47368453393e-09,
        "dvar": 2.63998150111e-17,
        "dvar2": 7.41677533437e-17,
        "max": 7.3196050872e-29,
        "mean": -8.27817192572e-09,
        "median": -8.0341493458e-09,
        "min": -4.80359894084e-08,
        "var": 2.79407581937e-17
    },
    "spectral_energy": {
        "dmean": 0.00993515737355,
        "dmean2": 0.0171637106687,
        "dvar": 0.000379875738872,
        "dvar2": 0.00106515584048,
        "max": 0.183342128992,
        "mean": 0.0338633134961,
        "median": 0.0336304940283,
        "min": 1.0378598795e-20,
        "var": 0.000433742679888
    },
    "spectral_energyband_high": {
        "dmean": 0.000360855279723,
        "dmean2": 0.000488631078042,
        "dvar": 1.96588828771e-07,
        "dvar2": 3.46942897522e-07,
        "max": 0.0120264124125,
        "mean": 0.00144755060319,
        "median": 0.00130707153585,
        "min": 7.6333656721e-21,
        "var": 1.41130840348e-06
    },
    "spectral_energyband_low": {
        "dmean": 0.00838377419859,
        "dmean2": 0.0148742459714,
        "dvar": 0.000401816738304,
        "dvar2": 0.00114336702973,
        "max": 0.174458056688,
        "mean": 0.0167260095477,
        "median": 0.0130047220737,
        "min": 4.1943851082e-23,
        "var": 0.00030638006865
    },
    "spectral_energyband_middle_high": {
        "dmean": 0.00171844661236,
        "dmean2": 0.00269823661074,
        "dvar": 4.7151711442e-06,
        "dvar2": 1.14370131996e-05,
        "max": 0.0403655208647,
        "mean": 0.00777925783768,
        "median": 0.00706585450098,
        "min": 1.23006573556e-21,
        "var": 4.64562108391e-05
    },
    "spectral_energyband_middle_low": {
        "dmean": 0.00352183519863,
        "dmean2": 0.00571291847154,
        "dvar": 2.81008869933e-05,
        "dvar2": 6.87530264258e-05,
        "max": 0.0694035664201,
        "mean": 0.00911313667893,
        "median": 0.00785447563976,
        "min": 2.72305696805e-22,
        "var": 5.66358685319e-05
    },
    "spectral_entropy": {
        "dmean": 0.108880288899,
        "dmean2": 0.154539465904,
        "dvar": 0.0143905002624,
        "dvar2": 0.0256875380874,
        "max": 9.81146430969,
        "mean": 7.83546495438,
        "median": 7.91902256012,
        "min": 5.30756902695,
        "var": 0.198210448027
    },
    "spectral_flux": {
        "dmean": 0.0232665874064,
        "dmean2": 0.0366953797638,
        "dvar": 0.00124040141236,
        "dvar2": 0.00233852420934,
        "max": 0.375469446182,
        "mean": 0.0873748734593,
        "median": 0.0851308405399,
        "min": 1.02060908336e-10,
        "var": 0.00283766863868
    },
    "spectral_kurtosis": {
        "dmean": 0.812612116337,
        "dmean2": 1.30054306984,
        "dvar": 2.40695881844,
        "dvar2": 6.87140083313,
        "max": 76.1216430664,
        "mean": 3.46429347992,
        "median": 2.91945362091,
        "min": -1.20231568813,
        "var": 24.1237678528
    },
    "spectral_rms": {
        "dmean": 0.000727760896552,
        "dmean2": 0.00122146157082,
        "dvar": 1.38817415518e-06,
        "dvar2": 3.76738785235e-06,
        "max": 0.0133742429316,
        "mean": 0.00545871490613,
        "median": 0.0057280221954,
        "min": 3.18205314528e-12,
        "var": 3.23987728734e-06
    },
    "spectral_rolloff": {
        "dmean": 445.304534912,
        "dmean2": 740.09967041,
        "dvar": 591355.625,
        "dvar2": 1344090.125,
        "max": 19229.1503906,
        "mean": 1558.38916016,
        "median": 1485.79101562,
        "min": 21.533203125,
        "var": 2128067.5
    },
    "spectral_skewness": {
        "dmean": 0.130732730031,
        "dmean2": 0.201275423169,
        "dvar": 0.0202514473349,
        "dvar2": 0.0463356599212,
        "max": 7.15483999252,
        "mean": 1.40620696545,
        "median": 1.3451808691,
        "min": -0.00247190799564,
        "var": 0.29143935442
    },
    "spectral_spread": {
        "dmean": 485416.875,
        "dmean2": 660672.6875,
        "dvar": 478645780480,
        "dvar2": 643687841792,
        "max": 50228648,
        "mean": 5807041,
        "median": 5385360.5,
        "min": 1147065.25,
        "var": 3.79528727757e+12
    },
    "spectral_strongpeak": {
        "dmean": 0.358792304993,
        "dmean2": 0.633310973644,
        "dvar": 0.773667216301,
        "dvar2": 1.99955451488,
        "max": 11.1583757401,
        "mean": 0.599043607712,
        "median": 0.378391891718,
        "min": 0,
        "var": 0.917688190937
    },
    "zerocrossingrate": {
        "dmean": 0.00979886483401,
        "dmean2": 0.0118862455711,
        "dvar": 0.000112456575152,
        "dvar2": 0.000141291951877,
        "max": 0.51611328125,
        "mean": 0.0685161873698,
        "median": 0.06982421875,
        "min": 0,
        "var": 0.00127633067314
    },
    "barkbands": {
        "dmean": [0.000168917060364, 0.00503806164488, 0.0036979294382, 0.00126734434161, 0.00212279590778, 0.000713729939889, 0.000470426399261, 0.000522471615113, 0.000432678498328, 0.000505302799866, 0.000354762072675, 0.000465284159873, 0.000427223538281, 0.000506272539496, 0.000288753974019, 0.000486689357786, 0.00041705564945, 0.000251965859206, 0.000232500518905, 0.000249365461059, 0.000103773942101, 6.80623634253e-05, 6.65820261929e-05, 6.79641525494e-05, 6.434750685e-05, 3.86358515243e-05, 5.180639846e-07],
        "dmean2": [0.000289303978207, 0.00884152017534, 0.00670479936525, 0.00217797746882, 0.00341103458777, 0.00118859531358, 0.000758271547966, 0.000852843048051, 0.000680942321196, 0.000789275800344, 0.000558704021387, 0.000739271228667, 0.000669286760967, 0.00081205816241, 0.000473394640721, 0.00080828636419, 0.000690695014782, 0.000414751528297, 0.000389307446312, 0.000408496474847, 0.000169651975739, 0.000103704864159, 9.68254316831e-05, 9.50639368966e-05, 8.38088235469e-05, 4.90872735099e-05, 9.04822570647e-07],
        "dvar": [1.56055961043e-07, 0.000127910476294, 8.63312670845e-05, 4.78267429571e-06, 1.45249905472e-05, 1.54938243213e-06, 6.85915495069e-07, 9.66182710727e-07, 6.16783836449e-07, 9.00167549389e-07, 5.05053037614e-07, 8.54873178469e-07, 7.35520245598e-07, 8.45740260047e-07, 2.60425224496e-07, 6.73422391628e-07, 4.45852123221e-07, 1.54713916345e-07, 1.42295348837e-07, 1.42612350373e-07, 1.83789392594e-08, 8.40615133058e-09, 9.58472412549e-09, 1.2512195724e-08, 9.65762758653e-09, 2.62910138105e-09, 3.11967639222e-12],
        "dvar2": [4.11600723282e-07, 0.000364327570423, 0.000251468125498, 1.28905257952e-05, 3.44000945915e-05, 4.00543194701e-06, 1.77648109911e-06, 2.43746399065e-06, 1.53673772729e-06, 2.10794769373e-06, 1.18224716061e-06, 1.95714142137e-06, 1.65652306805e-06, 2.03448371394e-06, 6.32085061625e-07, 1.81692155365e-06, 1.1903473478e-06, 4.00455377303e-07, 3.73258018271e-07, 3.67600534901e-07, 4.81164015298e-08, 1.88391187095e-08, 1.87551307818e-08, 2.31994121691e-08, 1.59743809292e-08, 4.19172341282e-09, 8.17481585896e-12],
        "max": [0.00508838938549, 0.125776857138, 0.0894868373871, 0.030995439738, 0.0554780736566, 0.0247032437474, 0.0129001867026, 0.0143722891808, 0.0156832616776, 0.0298905875534, 0.0146069936454, 0.027027990669, 0.0187375321984, 0.0216558165848, 0.00979701895267, 0.0172643419355, 0.0119397379458, 0.00749872811139, 0.00827272329479, 0.00966022536159, 0.00228058267385, 0.00206655426882, 0.00269812997431, 0.00317709078081, 0.00314255594276, 0.001546055777, 3.37898418366e-05],
        "mean": [0.000167436053744, 0.0100350305438, 0.00542388018221, 0.00177101162262, 0.00350032374263, 0.00123545480892, 0.000824267568532, 0.000841496046633, 0.000789950077888, 0.000917071709409, 0.000624688109383, 0.00090075051412, 0.000784030882642, 0.000887060828973, 0.000529276789166, 0.000987172708847, 0.000807213014923, 0.0005179757718, 0.000545507937204, 0.000625437125564, 0.000269326381385, 0.000196936860448, 0.000199631249416, 0.000207078366657, 0.000187898200238, 8.71183074196e-05, 3.86244380479e-07],
        "median": [6.9537149102e-05, 0.00720767490566, 0.0033936703112, 0.00099759188015, 0.0019804299809, 0.000649486086331, 0.000413546425989, 0.00038868538104, 0.000407693820307, 0.000350040092599, 0.00021402942366, 0.000388377549825, 0.000306046218611, 0.000360078498488, 0.000297428749036, 0.000515821971931, 0.000461369170807, 0.000353270123014, 0.000369943503756, 0.000419628719101, 0.000242190333665, 0.000167978607351, 0.00016050839622, 0.000155485540745, 0.000135567592224, 5.03113224113e-05, 2.83306356152e-09],
        "min": [2.62343484033e-24, 2.11653021701e-23, 1.11574770662e-24, 7.80095240614e-24, 4.48893377953e-23, 2.76981874924e-23, 2.46031485288e-23, 3.7016120997e-23, 5.73914862557e-23, 7.27799663278e-23, 4.52470041742e-23, 6.57977836992e-23, 2.66571119786e-23, 3.71271168818e-23, 1.08788058772e-22, 1.13329196526e-22, 1.12905672884e-22, 1.71420711638e-22, 2.29345594084e-22, 4.71878822045e-22, 2.97660292144e-22, 4.23075115417e-22, 7.61711215871e-22, 6.52507673527e-22, 1.11102897261e-21, 1.61370790313e-21, 2.4562724393e-21],
        "var": [1.2612785838e-07, 0.000114874579594, 6.25974935247e-05, 5.60849639442e-06, 2.24334435188e-05, 3.66748963643e-06, 1.32264324293e-06, 1.69419536178e-06, 1.40762165302e-06, 2.70090208687e-06, 1.42418093674e-06, 2.98267832477e-06, 2.24508426072e-06, 2.23365577767e-06, 6.04071544785e-07, 1.95377810996e-06, 1.15473278584e-06, 3.96373962985e-07, 4.027507714e-07, 5.2693002317e-07, 5.46428395864e-08, 3.15413473118e-08, 4.04362516804e-08, 5.15671949586e-08, 4.27116582102e-08, 1.06310356074e-08, 2.56384388546e-12]
    },
    "erbbands": {
        "dmean": [0.103904768825, 1.31639206409, 4.01867008209, 4.33307123184, 6.25817537308, 6.59896326065, 7.97064495087, 5.05483579636, 7.14332580566, 6.94163036346, 11.6057596207, 9.14852333069, 12.6847000122, 12.5440616608, 14.2505226135, 15.7752285004, 19.5170078278, 15.6165189743, 21.0823249817, 17.494556427, 25.0287055969, 25.5696163177, 14.3859443665, 10.520907402, 11.7328691483, 10.9095916748, 6.30693912506, 2.78263568878, 2.49313187599, 2.32982254028, 1.88804554939, 1.55796253681, 1.15338516235, 0.761078178883, 0.484733492136, 0.197940006852, 0.069766536355, 0.0101063540205, 0.000178149537533, 1.48252338477e-05],
        "dmean2": [0.181665733457, 2.31847405434, 7.30838251114, 7.50778770447, 10.2652826309, 10.8263092041, 13.1137151718, 8.47310638428, 11.5888595581, 11.6116447449, 18.452255249, 14.5184812546, 20.0772953033, 19.5048141479, 22.7075252533, 24.9444084167, 30.3628406525, 24.8110427856, 33.8838691711, 28.5477199554, 41.303478241, 42.4356918335, 23.6034126282, 17.5876102448, 19.3560905457, 17.8600940704, 10.2732505798, 4.44074201584, 3.85963439941, 3.47690033913, 2.76507115364, 2.25850629807, 1.63283348083, 1.05487716198, 0.647398769855, 0.262793123722, 0.0899549871683, 0.013987198472, 0.00024227850372, 2.27131022257e-05],
        "dvar": [0.051948107779, 9.07163524628, 105.408615112, 73.5177230835, 148.821289062, 139.197235107, 174.714614868, 93.5000762939, 150.332366943, 261.70526123, 414.772705078, 282.174713135, 661.917785645, 528.780334473, 762.956054688, 1064.20556641, 1427.04333496, 924.427978516, 1472.53161621, 843.852478027, 2012.51208496, 1787.94836426, 557.474487305, 249.041870117, 359.26373291, 299.910095215, 77.8594207764, 12.2848701477, 10.8941812515, 12.0676908493, 7.64912700653, 7.15695142746, 3.56600666046, 1.60942769051, 0.496416270733, 0.0742978751659, 0.00905970390886, 0.00021429194021, 6.635139016e-08, 5.22199894437e-10],
        "dvar2": [0.146864369512, 26.0177268982, 307.205657959, 203.867828369, 360.693511963, 349.307861328, 452.817901611, 244.561416626, 392.15222168, 709.757995605, 1002.23303223, 705.975280762, 1535.10925293, 1191.33215332, 1862.50390625, 2321.38867188, 3208.88476562, 2098.71582031, 3630.52539062, 2150.20581055, 5384.99951172, 4783.71630859, 1436.09082031, 664.992614746, 923.427978516, 784.851928711, 200.95703125, 30.0651950836, 25.6022624969, 26.2575435638, 15.4099578857, 14.4614019394, 6.80569219589, 2.94162225723, 0.878306806087, 0.122899435461, 0.0157183930278, 0.000416548078647, 1.24788130051e-07, 1.32328126234e-09],
        "max": [2.42215871811, 32.9802017212, 93.9410171509, 112.251167297, 173.090148926, 178.025848389, 323.53616333, 312.095397949, 189.669219971, 235.312911987, 377.316558838, 457.372131348, 765.35760498, 514.243225098, 677.102172852, 990.491943359, 1017.75256348, 732.215576172, 955.325378418, 612.672119141, 1081.87353516, 834.478027344, 516.439819336, 400.031921387, 479.662475586, 468.779144287, 190.208496094, 57.2454948425, 88.3267288208, 96.1644363403, 76.2170944214, 72.6782684326, 58.6381721497, 43.9613380432, 27.2272148132, 7.92094373703, 2.50661253929, 0.316119492054, 0.0054899090901, 0.000234006758546],
        "mean": [0.209193050861, 2.54522371292, 6.34720611572, 6.6681637764, 8.76985549927, 10.4511146545, 13.2852239609, 9.5829076767, 12.8523588181, 10.9381351471, 21.4231357574, 16.8716850281, 24.1842880249, 25.3426399231, 26.7493553162, 32.9150924683, 39.7480049133, 32.5047988892, 40.2658309937, 37.6479225159, 55.3751831055, 52.4712982178, 30.958234787, 25.7832946777, 30.0393562317, 27.9735717773, 16.1061439514, 8.06106376648, 7.05537605286, 6.44637060165, 5.57694768906, 4.51194047928, 3.32526254654, 2.16305828094, 1.28439450264, 0.455903977156, 0.152711555362, 0.0171627793461, 0.000343491206877, 5.65514856135e-05],
        "median": [0.160032093525, 1.73867762089, 4.00291013718, 4.20180559158, 4.38838768005, 5.44509363174, 7.3067817688, 5.19049739838, 6.44352960587, 5.76896619797, 11.8637361526, 9.60815048218, 10.0621786118, 11.3190507889, 12.5462083817, 15.7466869354, 16.4332275391, 17.0894641876, 21.0123596191, 23.519859314, 30.6132087708, 30.5722332001, 21.4044380188, 18.7318630219, 19.9700164795, 19.527299881, 13.4252119064, 7.43834114075, 6.10274362564, 5.1048169136, 4.50334072113, 3.45043611526, 2.43688321114, 1.57030034065, 0.899075865746, 0.270572513342, 0.0875634849072, 0.00931557267904, 0.000204377822229, 5.48736497876e-05],
        "min": [5.07131185742e-22, 3.07663184737e-21, 2.86707444413e-21, 1.47257907665e-20, 9.31846489646e-20, 1.46110740634e-19, 1.00444683954e-19, 2.66532766959e-19, 3.23787391376e-19, 5.83900125257e-19, 1.23067838478e-18, 1.55737740021e-18, 1.0190636638e-18, 2.86098075158e-18, 2.40471123441e-18, 2.41779909286e-18, 1.2820257247e-18, 1.41591059371e-18, 3.04777509109e-18, 5.6023118955e-18, 6.59175846086e-18, 6.87844230397e-18, 8.78619996997e-18, 1.1558491657e-17, 1.19414762807e-17, 1.71446863519e-17, 1.42561054784e-17, 1.32550672175e-17, 1.56938396816e-17, 1.77245879378e-17, 2.02328245482e-17, 1.69472317222e-17, 9.70534486867e-18, 1.08778998567e-17, 8.6699091292e-18, 6.41898276478e-18, 3.23829918799e-18, 1.23480932476e-18, 3.20587184682e-19, 3.58672492939e-20],
        "var": [0.0463943071663, 7.97239017487, 76.0784378052, 71.2725601196, 186.915130615, 223.126907349, 335.070526123, 297.595306396, 308.116363525, 298.064910889, 872.653747559, 628.146850586, 1919.55944824, 1776.88525391, 1813.02453613, 4112.49853516, 5204.32714844, 2854.12744141, 3496.68188477, 2293.53076172, 6333.14794922, 4758.63330078, 1476.18334961, 742.637390137, 1300.60583496, 1037.72131348, 252.965774536, 43.5239257812, 38.3110237122, 40.9940490723, 31.6908035278, 25.4670009613, 13.8259868622, 6.05339193344, 2.02879214287, 0.304077714682, 0.0327178016305, 0.000495600164868, 1.66469632745e-07, 1.08798847709e-09]
    },
    "gfcc": {
        "mean": [23.5680503845, 68.5655822754, -96.3367004395, 47.0835494995, -46.0403633118, 25.6601772308, -38.4905014038, 19.2943305969, -25.9977970123, 8.47781658173, -19.1684684753, 3.4060087204, -12.3425779343],
        "cov": [[16052.5400391, 266.009307861, -2804.16601562, 218.858001709, -870.032165527, -166.200622559, -792.862365723, -209.986938477, -628.582824707, -150.895309448, -68.3464355469, -279.187164307, -138.196487427], [266.009307861, 998.518981934, -161.270782471, -218.139862061, 100.70904541, -72.6735687256, 111.341934204, -68.114692688, 62.4952125549, -95.2578887939, 55.7421569824, -36.1479072571, 78.0784301758], [-2804.16601562, -161.270782471, 1155.23950195, 151.089706421, 97.1377410889, 60.2619819641, 89.8806762695, 12.5508880615, 96.6817092896, 59.9077835083, -23.7059726715, 107.57106781, 5.02710723877], [218.858001709, -218.139862061, 151.089706421, 295.61605835, -23.5232372284, -14.4886827469, -74.9126052856, 1.28803229332, -0.266160964966, 11.3072948456, -11.1325931549, -5.93680238724, 0.40490591526], [-870.032165527, 100.70904541, 97.1377410889, -23.5232372284, 191.333190918, 20.9979572296, 77.0477600098, 19.4365406036, 56.6461753845, -2.87239813805, -1.26890063286, 1.91312646866, 7.59152030945], [-166.200622559, -72.6735687256, 60.2619819641, -14.4886827469, 20.9979572296, 129.082504272, 61.7876930237, 11.7304735184, -15.6382274628, 13.084154129, 1.54986453056, -4.9517250061, -21.7713432312], [-792.862365723, 111.341934204, 89.8806762695, -74.9126052856, 77.0477600098, 61.7876930237, 161.878799438, 32.8526611328, 29.7418880463, -11.5945148468, 8.92005062103, -2.42150235176, 1.64879071712], [-209.986938477, -68.114692688, 12.5508880615, 1.28803229332, 19.4365406036, 11.7304735184, 32.8526611328, 82.3028640747, 39.2643890381, 5.6798210144, -18.9682655334, -7.18439245224, -4.30302524567], [-628.582824707, 62.4952125549, 96.6817092896, -0.266160964966, 56.6461753845, -15.6382274628, 29.7418880463, 39.2643890381, 105.237258911, 25.2661323547, -0.814044475555, -5.42969655991, 10.9551515579], [-150.895309448, -95.2578887939, 59.9077835083, 11.3072948456, -2.87239813805, 13.084154129, -11.5945148468, 5.6798210144, 25.2661323547, 72.8732528687, 23.9301700592, 7.23087501526, -20.9348316193], [-68.3464355469, 55.7421569824, -23.7059726715, -11.1325931549, -1.26890063286, 1.54986453056, 8.92005062103, -18.9682655334, -0.814044475555, 23.9301700592, 69.7763519287, 26.1243057251, 3.83569955826], [-279.187164307, -36.1479072571, 107.57106781, -5.93680238724, 1.91312646866, -4.9517250061, -2.42150235176, -7.18439245224, -5.42969655991, 7.23087501526, 26.1243057251, 75.2219161987, 24.2876796722], [-138.196487427, 78.0784301758, 5.02710723877, 0.40490591526, 7.59152030945, -21.7713432312, 1.64879071712, -4.30302524567, 10.9551515579, -20.9348316193, 3.83569955826, 24.2876796722, 68.8375854492]],
        "icov": [[0.000360667181667, -0.000914040079806, 0.000880334060639, -0.00102480722126, 0.000841268338263, -0.000671147718094, 0.000920485472307, -0.000673126254696, 0.00149331090506, -0.00136524462141, 0.00185631541535, -0.00127827725373, 0.00102810421959], [-0.000914040079806, 0.00516110705212, -0.00250770058483, 0.00442896317691, -0.00256307609379, 0.0028851700481, -0.00300817657262, 0.00447584781796, -0.00635568751022, 0.00788739789277, -0.00878868997097, 0.00690418900922, -0.00452094525099], [0.000880334060639, -0.00250770058483, 0.00405747070909, -0.00407762173563, 0.00220463727601, -0.00217971904203, 0.000352314935299, 0.000135973241413, 0.00183415727224, -0.00506778806448, 0.00809229258448, -0.00766361458227, 0.00382679631002], [-0.00102480722126, 0.00442896317691, -0.00407762173563, 0.0090866945684, -0.0029884420801, 0.00231266207993, 0.000790482852608, 0.00148021010682, -0.00462988810614, 0.00751931266859, -0.0101747484878, 0.0095099369064, -0.00546677503735], [0.000841268338263, -0.00256307609379, 0.00220463727601, -0.0029884420801, 0.00965290702879, -0.00237255147658, -0.000854407902807, -0.000271244032774, -0.000642389990389, -0.00253053521737, 0.00591711839661, -0.00490021985024, 0.00337309786119], [-0.000671147718094, 0.0028851700481, -0.00217971904203, 0.00231266207993, -0.00237255147658, 0.0138133419678, -0.00736032566056, 0.00109511055052, 0.00171413552016, -0.000166373312823, -0.00420029647648, 0.00511276023462, -0.00149238156155], [0.000920485472307, -0.00300817657262, 0.000352314935299, 0.000790482852608, -0.000854407902807, -0.00736032566056, 0.0173012185842, -0.00805445481092, 0.00383808487095, 0.00190129305702, -0.00177794671617, 0.000985903898254, 0.00179667305201], [-0.000673126254696, 0.00447584781796, 0.000135973241413, 0.00148021010682, -0.000271244032774, 0.00109511055052, -0.00805445481092, 0.0240845810622, -0.0143313724548, 0.00496578542516, 0.00185922835954, -0.000272596982541, -0.000588433700614], [0.00149331090506, -0.00635568751022, 0.00183415727224, -0.00462988810614, -0.000642389990389, 0.00171413552016, 0.00383808487095, -0.0143313724548, 0.0298064108938, -0.0179938431829, 0.00874342862517, -0.000514468410984, -0.000796191161498], [-0.00136524462141, 0.00788739789277, -0.00506778806448, 0.00751931266859, -0.00253053521737, -0.000166373312823, 0.00190129305702, 0.00496578542516, -0.0179938431829, 0.0374976992607, -0.0240625906736, 0.0102431531996, 0.00112428760622], [0.00185631541535, -0.00878868997097, 0.00809229258448, -0.0101747484878, 0.00591711839661, -0.00420029647648, -0.00177794671617, 0.00185922835954, 0.00874342862517, -0.0240625906736, 0.0423279665411, -0.0246708635241, 0.00897848047316], [-0.00127827725373, 0.00690418900922, -0.00766361458227, 0.0095099369064, -0.00490021985024, 0.00511276023462, 0.000985903898254, -0.000272596982541, -0.000514468410984, 0.0102431531996, -0.0246708635241, 0.0368199944496, -0.0161961037666], [0.00102810421959, -0.00452094525099, 0.00382679631002, -0.00546677503735, 0.00337309786119, -0.00149238156155, 0.00179667305201, -0.000588433700614, -0.000796191161498, 0.00112428760622, 0.00897848047316, -0.0161961037666, 0.026230411604]]
    },
    "melbands": {
        "dmean": [0.00116719026119, 0.00198234058917, 0.000744040240534, 0.000500694499351, 0.000265857146587, 0.000118713840493, 0.000101304263808, 8.87410133146e-05, 9.86601371551e-05, 5.53712525289e-05, 6.87122083036e-05, 5.70265183342e-05, 4.42087875854e-05, 4.41706324636e-05, 5.70104712097e-05, 4.45365658379e-05, 3.31744631694e-05, 4.43604985776e-05, 2.38203429035e-05, 3.33492607751e-05, 2.92702479783e-05, 3.22268970194e-05, 1.68677543115e-05, 9.90994158201e-06, 9.51920810621e-06, 1.02545491245e-05, 1.02971926026e-05, 8.04295905255e-06, 5.22853633811e-06, 2.53859730037e-06, 1.72103102614e-06, 1.58364196068e-06, 1.53771168243e-06, 1.41928194353e-06, 1.21903076433e-06, 1.14932811357e-06, 1.06630523078e-06, 9.16866554235e-07, 8.01831788522e-07, 6.79310403484e-07],
        "dmean2": [0.00203458522446, 0.00357510428876, 0.0012811452616, 0.000805532210506, 0.00043764692964, 0.000198370616999, 0.000164110373589, 0.000147010228829, 0.000156458627316, 8.77398779267e-05, 0.000108480497147, 8.84913024493e-05, 7.01314493199e-05, 7.08384031896e-05, 8.82557287696e-05, 6.98793373886e-05, 5.29569078935e-05, 7.14645211701e-05, 3.86416395486e-05, 5.57184794161e-05, 4.83249568788e-05, 5.37321502634e-05, 2.75635757134e-05, 1.6389936718e-05, 1.60250165209e-05, 1.72171039594e-05, 1.69443737832e-05, 1.32037803269e-05, 8.61806165631e-06, 4.19314892497e-06, 2.77968388218e-06, 2.54036103797e-06, 2.37719882534e-06, 2.16322928281e-06, 1.8609351855e-06, 1.74888793936e-06, 1.60034278451e-06, 1.34727054046e-06, 1.18038371966e-06, 9.74576664703e-07],
        "dvar": [6.65675770506e-06, 2.45158844336e-05, 1.88391334177e-06, 9.85349402072e-07, 1.78763585268e-07, 4.62293421322e-08, 3.05530676314e-08, 3.73337272208e-08, 3.01720355367e-08, 1.04072874763e-08, 1.89752960011e-08, 9.93317961218e-09, 7.32261495884e-09, 8.21033552256e-09, 1.71402252391e-08, 8.71850591722e-09, 4.51569537319e-09, 7.16906845e-09, 2.0428994052e-09, 3.29844862534e-09, 2.83370371612e-09, 3.00060265523e-09, 8.07223288213e-10, 2.22019860829e-10, 2.15444634355e-10, 3.11762893279e-10, 2.79994888386e-10, 1.88071891394e-10, 6.43495534636e-11, 1.01907961236e-11, 5.1176957637e-12, 4.29900125914e-12, 4.8791656479e-12, 4.67930642151e-12, 3.04574161031e-12, 3.95711241552e-12, 3.37823172214e-12, 2.32693812136e-12, 1.80423373724e-12, 1.26387734913e-12],
        "dvar2": [1.87720434042e-05, 7.11942484486e-05, 5.18869546795e-06, 2.31630269809e-06, 4.64378189236e-07, 1.21711735801e-07, 8.00150559144e-08, 1.00053362928e-07, 7.32478184773e-08, 2.58921808438e-08, 4.41993428524e-08, 2.23369625019e-08, 1.73319243402e-08, 2.00107681536e-08, 3.53351126137e-08, 2.01385557119e-08, 1.02035775384e-08, 1.75913470457e-08, 4.82034856475e-09, 8.75628014541e-09, 7.51275219812e-09, 8.04489896922e-09, 2.05459738112e-09, 5.73651126601e-10, 5.82890513634e-10, 8.17982126478e-10, 7.14304559946e-10, 4.85745166312e-10, 1.65321339951e-10, 2.6716674012e-11, 1.29571423035e-11, 1.08305638763e-11, 1.12968566793e-11, 1.06993450558e-11, 6.71498924174e-12, 8.88321968068e-12, 7.41549530114e-12, 4.88041031199e-12, 3.67659938952e-12, 2.54238795815e-12],
        "max": [0.0300293378532, 0.0417934432626, 0.0167378615588, 0.0146105634049, 0.00880386773497, 0.00601698318496, 0.00246292189695, 0.00297093531117, 0.0033610991668, 0.00293182278983, 0.00420460430905, 0.00207823398523, 0.00222372403368, 0.00291397445835, 0.00473951874301, 0.00225031352602, 0.00164703489281, 0.00199513603002, 0.00104238232598, 0.00135068024974, 0.00126626982819, 0.00101277523208, 0.00049278739607, 0.0003289799497, 0.000379363220418, 0.00044979256927, 0.000419035350205, 0.000419904390583, 0.000202427239856, 5.34472055733e-05, 3.56838354492e-05, 5.33581078344e-05, 6.14925156697e-05, 6.16293764324e-05, 4.5863835112e-05, 6.71828020131e-05, 4.70171289635e-05, 4.91393548145e-05, 3.54672374669e-05, 3.77692522306e-05],
        "mean": [0.00241198972799, 0.00347820087336, 0.00119620002806, 0.000745577912312, 0.000461351708509, 0.000224851304665, 0.00017939141253, 0.000136325368658, 0.000182296338608, 9.83437348623e-05, 0.000126188446302, 0.000110171611595, 8.13981532701e-05, 8.3464285126e-05, 0.000105255800008, 7.80241243774e-05, 6.09532144153e-05, 7.52011110308e-05, 4.22984958277e-05, 6.31383081782e-05, 5.94949706283e-05, 5.90888885199e-05, 3.2698175346e-05, 2.09537229239e-05, 2.05657961487e-05, 2.21251357289e-05, 2.24658815569e-05, 1.78672416951e-05, 1.14662789201e-05, 5.97886537435e-06, 4.23964957008e-06, 3.97711255573e-06, 3.77921583095e-06, 3.51933840648e-06, 3.23303220284e-06, 2.96015082313e-06, 2.72027546089e-06, 2.37149379245e-06, 2.09830932363e-06, 1.72503894191e-06],
        "median": [0.00177852413617, 0.00249157007784, 0.000804674695246, 0.00036056083627, 0.000264566624537, 0.000127887455164, 9.24960768316e-05, 6.2170860474e-05, 9.7129974165e-05, 5.33636994078e-05, 4.75547203678e-05, 4.71689054393e-05, 3.4807017073e-05, 3.88570915675e-05, 3.60563317372e-05, 2.85832193185e-05, 2.78683874058e-05, 3.1207990105e-05, 2.23469742195e-05, 3.31513037963e-05, 3.07301925204e-05, 3.08366579702e-05, 2.01391958399e-05, 1.51269232447e-05, 1.36653861773e-05, 1.39774574563e-05, 1.30597127281e-05, 1.16001901915e-05, 8.55988582771e-06, 5.22076425113e-06, 3.69106737708e-06, 3.40610017702e-06, 2.97894166579e-06, 2.70088503385e-06, 2.5733536404e-06, 2.26452334573e-06, 2.02511250791e-06, 1.70653129317e-06, 1.51659639869e-06, 1.20533331938e-06],
        "min": [6.13733034844e-24, 2.53235729895e-24, 5.47762490607e-24, 8.59379232577e-24, 4.61207212693e-24, 5.67985768216e-24, 4.99197649483e-24, 5.74650775118e-24, 9.51021440595e-24, 9.93889483248e-24, 5.06038099051e-24, 1.21023924078e-23, 7.0762606024e-24, 7.7252872347e-24, 4.88962100352e-24, 2.01581571416e-24, 2.73291729549e-24, 3.59006969206e-24, 8.78805326799e-24, 7.04356310674e-24, 7.45237528251e-24, 6.53852804433e-24, 8.11513519431e-24, 8.13598636576e-24, 9.14890348958e-24, 5.84602058222e-24, 1.38211980469e-23, 1.11459900681e-23, 1.11051594165e-23, 6.32325894734e-24, 7.0630519154e-24, 8.84995518322e-24, 8.47297827814e-24, 1.06026865743e-23, 1.22480942282e-23, 1.16972539573e-23, 1.01401285162e-23, 6.15212582915e-24, 7.04676667087e-24, 9.53852899042e-24],
        "var": [6.19540105617e-06, 1.76007961272e-05, 1.90749528883e-06, 1.40454312714e-06, 3.58067154593e-07, 1.30692001221e-07, 5.94098388262e-08, 4.75601638072e-08, 6.47734026415e-08, 2.34724755188e-08, 5.54892736204e-08, 3.21426476546e-08, 1.94151823507e-08, 1.93152356331e-08, 6.66463577659e-08, 2.52623735264e-08, 1.29088366663e-08, 1.59831561319e-08, 4.73584638172e-09, 7.71848451819e-09, 8.20487944253e-09, 6.96266111433e-09, 1.8615413655e-09, 5.77548731062e-10, 5.32862809433e-10, 7.8576622986e-10, 8.8838769674e-10, 5.36468924839e-10, 1.71322692144e-10, 2.84403334216e-11, 1.40630744896e-11, 1.24632639278e-11, 1.45226322287e-11, 1.33447376413e-11, 1.05530089875e-11, 1.20489018068e-11, 9.85187365715e-12, 7.54040059558e-12, 5.8368856623e-12, 4.14321355002e-12]
    },
    "mfcc": {
        "mean": [-619.745544434, 97.1148910522, 13.0365419388, 29.3537979126, 17.5753974915, 10.3186407089, 7.79046678543, 7.67497396469, 4.56054210663, 5.98141717911, -1.2637462616, 2.06558251381, 2.37403988838],
        "cov": [[12102.6376953, 78.1078796387, -1687.45214844, -237.181518555, -263.281036377, -374.867614746, -168.003540039, -320.842132568, -344.063842773, -129.050857544, -292.576446533, -128.704925537, -90.191444397], [78.1078796387, 820.498352051, -111.288017273, -81.5747528076, -41.9581184387, 10.470867157, 30.1375274658, 44.2492675781, 5.4044137001, -12.2704296112, -9.24923229218, 1.36884069443, 10.9943523407], [-1687.45214844, -111.288017273, 796.620056152, 187.547943115, 88.2440567017, 106.15927887, -6.03906679153, 28.399307251, 37.0383377075, -16.570066452, 43.421295166, -6.85227918625, -13.8533763885], [-237.181518555, -81.5747528076, 187.547943115, 227.542816162, 92.6459350586, -0.0478351302445, -41.3816719055, -5.81856298447, 14.3833427429, 0.103189401329, -12.4444465637, -4.85706377029, 1.90882003307], [-263.281036377, -41.9581184387, 88.2440567017, 92.6459350586, 123.509780884, 30.2972049713, -22.0816478729, 0.73976790905, 21.6254882812, 7.22945261002, 5.61253786087, 8.61065578461, 3.33661794662], [-374.867614746, 10.470867157, 106.15927887, -0.0478351302445, 30.2972049713, 104.506530762, 54.1891670227, 15.2019519806, 2.50384306908, 5.44487953186, 24.0960559845, 6.36632919312, -5.86541032791], [-168.003540039, 30.1375274658, -6.03906679153, -41.3816719055, -22.0816478729, 54.1891670227, 110.685005188, 46.7971038818, 1.50409722328, 5.33253383636, 12.9926939011, 3.20172762871, -2.39801979065], [-320.842132568, 44.2492675781, 28.399307251, -5.81856298447, 0.73976790905, 15.2019519806, 46.7971038818, 84.209236145, 42.3193206787, 2.85181593895, 1.88718485832, 0.490147709846, 2.57911801338], [-344.063842773, 5.4044137001, 37.0383377075, 14.3833427429, 21.6254882812, 2.50384306908, 1.50409722328, 42.3193206787, 94.1209487915, 39.6758041382, 0.495182007551, -0.809264779091, 1.58685767651], [-129.050857544, -12.2704296112, -16.570066452, 0.103189401329, 7.22945261002, 5.44487953186, 5.33253383636, 2.85181593895, 39.6758041382, 76.3551559448, 31.0167274475, 2.37214255333, -4.69887781143], [-292.576446533, -9.24923229218, 43.421295166, -12.4444465637, 5.61253786087, 24.0960559845, 12.9926939011, 1.88718485832, 0.495182007551, 31.0167274475, 74.9527740479, 29.748254776, -5.05336380005], [-128.704925537, 1.36884069443, -6.85227918625, -4.85706377029, 8.61065578461, 6.36632919312, 3.20172762871, 0.490147709846, -0.809264779091, 2.37214255333, 29.748254776, 64.0702972412, 25.7820281982], [-90.191444397, 10.9943523407, -13.8533763885, 1.90882003307, 3.33661794662, -5.86541032791, -2.39801979065, 2.57911801338, 1.58685767651, -4.69887781143, -5.05336380005, 25.7820281982, 59.9955558777]],
