{
"lowlevel": {
    "average_loudness": 0.831120967865,
    "barkbands_crest": {
        "dmean": 2.47490954399,
        "dmean2": 4.08296012878,
        "dvar": 6.25428247452,
        "dvar2": 16.7729167938,
        "max": 24.6530914307,
        "mean": 9.05046272278,
        "median": 8.09126663208,
        "min": 1.95084214211,
        "var": 17.1958122253
    },
    "barkbands_flatness_db": {
        "dmean": 0.020741218701,
        "dmean2": 0.0316386148334,
        "dvar": 0.000547733507119,
        "dvar2": 0.00106051214971,
        "max": 0.543558120728,
        "mean": 0.141786888242,
        "median": 0.115017816424,
        "min": 0.0348346978426,
        "var": 0.00679185194895
    },
    "barkbands_kurtosis": {
        "dmean": 2.62980103493,
        "dmean2": 4.09048080444,
        "dvar": 52.8048439026,
        "dvar2": 108.84500885,
        "max": 244.305877686,
        "mean": 4.3737077713,
        "median": -0.0198285579681,
        "min": -1.96160101891,
        "var": 382.991424561
    },
    "barkbands_skewness": {
        "dmean": 0.529277265072,
        "dmean2": 0.807615935802,
        "dvar": 0.423959165812,
        "dvar2": 0.917130708694,
        "max": 11.6950941086,
        "mean": 1.19051599503,
        "median": 0.918441057205,
        "min": -4.79173803329,
        "var": 2.00185418129
    },
    "barkbands_spread": {
        "dmean": 6.06503915787,
        "dmean2": 9.35029411316,
        "dvar": 62.0819473267,
        "dvar2": 139.837173462,
        "max": 104.849098206,
        "mean": 29.5161762238,
        "median": 29.9128742218,
        "min": 0.363937050104,
        "var": 258.847137451
    },
    "dissonance": {
        "dmean": 0.0130203617737,
        "dmean2": 0.0219402201474,
        "dvar": 0.000269597483566,
        "dvar2": 0.000736642105039,
        "max": 0.500000059605,
        "mean": 0.472229629755,
        "median": 0.484551131725,
        "min": 0.107524804771,
        "var": 0.00163434678689
    },
    "dynamic_complexity": 3.54680848122,
    "erbbands_crest": {
        "dmean": 2.19383764267,
        "dmean2": 3.55648088455,
        "dvar": 6.20470905304,
        "dvar2": 15.4137229919,
        "max": 31.8920936584,
        "mean": 7.78492259979,
        "median": 6.07545471191,
        "min": 2.402354002,
        "var": 20.8709430695
    },
    "erbbands_flatness_db": {
        "dmean": 0.014909257181,
        "dmean2": 0.0221061836928,
        "dvar": 0.000244110866333,
        "dvar2": 0.000519443361554,
        "max": 0.427332729101,
        "mean": 0.15467427671,
        "median": 0.136922299862,
        "min": 0.0445863753557,
        "var": 0.0034331814386
    },
    "erbbands_kurtosis": {
        "dmean": 0.934046328068,
        "dmean2": 1.4715256691,
        "dvar": 3.98442387581,
        "dvar2": 9.22123908997,
        "max": 55.0904884338,
        "mean": 1.01297950745,
        "median": -0.12442278862,
        "min": -1.89417517185,
        "var": 20.7751197815
    },
    "erbbands_skewness": {
        "dmean": 0.324613660574,
        "dmean2": 0.489184647799,
        "dvar": 0.182715147734,
        "dvar2": 0.367229372263,
        "max": 6.53688049316,
        "mean": -0.0196992233396,
        "median": -0.261956125498,
        "min": -4.04210710526,
        "var": 0.893753945827
    },
    "erbbands_spread": {
        "dmean": 7.87697935104,
        "dmean2": 12.4740514755,
        "dvar": 89.7666854858,
        "dvar2": 225.694122314,
        "max": 160.490432739,
        "mean": 39.6100578308,
        "median": 39.3640327454,
        "min": 2.20368480682,
        "var": 339.589508057
    },
    "hfc": {
        "dmean": 7.08032035828,
        "dmean2": 10.5585479736,
        "dvar": 151.872314453,
        "dvar2": 332.503509521,
        "max": 395.723999023,
        "mean": 24.5041294098,
        "median": 19.5129814148,
        "min": 1.18606529593e-16,
        "var": 516.534912109
    },
    "melbands_crest": {
        "dmean": 3.09922146797,
        "dmean2": 5.01242160797,
        "dvar": 8.77617263794,
        "dvar2": 22.3159637451,
        "max": 34.8302192688,
        "mean": 13.6812992096,
        "median": 13.0918064117,
        "min": 2.13892483711,
        "var": 25.8840026855
    },
    "melbands_flatness_db": {
        "dmean": 0.0267910864204,
        "dmean2": 0.0390281714499,
        "dvar": 0.00102098472416,
        "dvar2": 0.00189059739932,
        "max": 0.666423559189,
        "mean": 0.175633504987,
        "median": 0.145058378577,
        "min": 0.00605456251651,
        "var": 0.0119389714673
    },
    "melbands_kurtosis": {
        "dmean": 6.52668762207,
        "dmean2": 10.3430528641,
        "dvar": 181.257766724,
        "dvar2": 405.177490234,
        "max": 457.729949951,
        "mean": 11.7930488586,
        "median": 4.71238422394,
        "min": -1.84733664989,
        "var": 803.05456543
    },
    "melbands_skewness": {
        "dmean": 0.733849287033,
        "dmean2": 1.14678752422,
        "dvar": 0.855723321438,
        "dvar2": 2.04407191277,
        "max": 17.1440296173,
        "mean": 2.4045689106,
        "median": 2.13251972198,
        "min": -1.78062534332,
        "var": 2.73774409294
    },
    "melbands_spread": {
        "dmean": 9.40978336334,
        "dmean2": 14.6619968414,
        "dvar": 169.080200195,
        "dvar2": 380.564117432,
        "max": 260.583984375,
        "mean": 33.0265388489,
        "median": 31.2204723358,
        "min": 0.317134171724,
        "var": 536.790893555
    },
    "pitch_salience": {
        "dmean": 0.0669407695532,
        "dmean2": 0.108249634504,
        "dvar": 0.004241888877,
        "dvar2": 0.0108888791874,
        "max": 0.991126298904,
        "mean": 0.593622386456,
        "median": 0.603683233261,
        "min": 0.0915931165218,
        "var": 0.0114764617756
    },
    "silence_rate_20dB": {
        "dmean": 0,
        "dmean2": 0,
        "dvar": 0,
        "dvar2": 0,
        "max": 1,
        "mean": 1,
        "median": 1,
        "min": 1,
        "var": 0
    },
    "silence_rate_30dB": {
        "dmean": 0,
        "dmean2": 0,
        "dvar": 0,
        "dvar2": 0,
        "max": 1,
        "mean": 1,
        "median": 1,
        "min": 1,
        "var": 0
    },
    "silence_rate_60dB": {
        "dmean": 0.0210631899536,
        "dmean2": 0.0421316623688,
        "dvar": 0.0206184852868,
        "dvar2": 0.0436124019325,
        "max": 1,
        "mean": 0.107308514416,
        "median": 0,
        "min": 0,
        "var": 0.0957852080464
    },
    "spectral_centroid": {
        "dmean": 267.632293701,
        "dmean2": 408.289764404,
        "dvar": 110900.632812,
        "dvar2": 232119.296875,
        "max": 11429.7177734,
        "mean": 1700.3684082,
        "median": 1771.38439941,
        "min": 146.749206543,
        "var": 561630.1875
    },
    "spectral_complexity": {
        "dmean": 3.84177541733,
        "dmean2": 5.88940429688,
        "dvar": 15.8085231781,
        "dvar2": 32.7624816895,
        "max": 60,
        "mean": 25.4932937622,
        "median": 29,
        "min": 0,
        "var": 193.176086426
    },
    "spectral_decrease": {
        "dmean": 2.09861772404e-09,
        "dmean2": 3.46839801324e-09,
        "dvar": 1.07123032612e-17,
        "dvar2": 2.78596217018e-17,
        "max": 1.30892244259e-21,
        "mean": -5.43430234146e-09,
        "median": -4.40562519799e-09,
        "min": -3.11540411246e-08,
        "var": 1.89957180394e-17
    },
    "spectral_energy": {
        "dmean": 0.00838307756931,
        "dmean2": 0.0138000613078,
        "dvar": 0.000166250494658,
        "dvar2": 0.00043130791164,
        "max": 0.123146295547,
        "mean": 0.0227329432964,
        "median": 0.0185656249523,
        "min": 1.06658057588e-20,
        "var": 0.0003161507193
    },
    "spectral_energyband_high": {
        "dmean": 0.000456881913124,
        "dmean2": 0.000667902058922,
        "dvar": 1.04543073576e-06,
        "dvar2": 1.9129076918e-06,
        "max": 0.0372247286141,
        "mean": 0.00129359564744,
        "median": 0.000864767993335,
        "min": 7.1880718917e-21,
        "var": 3.2750660921e-06
    },
    "spectral_energyband_low": {
        "dmean": 0.00448592426255,
        "dmean2": 0.00761847663671,
        "dvar": 9.54729257501e-05,
        "dvar2": 0.000254947633948,
        "max": 0.0955579280853,
        "mean": 0.00654649734497,
        "median": 0.0039221229963,
        "min": 4.40896631847e-23,
        "var": 8.9896377176e-05
    },
    "spectral_energyband_middle_high": {
        "dmean": 0.00211922940798,
        "dmean2": 0.00324378884397,
        "dvar": 1.34862511914e-05,
        "dvar2": 3.28697497025e-05,
        "max": 0.0667200982571,
        "mean": 0.00635450193658,
        "median": 0.00456968508661,
        "min": 1.51291192672e-21,
        "var": 4.40509065811e-05
    },
    "spectral_energyband_middle_low": {
        "dmean": 0.00443388149142,
        "dmean2": 0.00735490489751,
        "dvar": 4.9730129831e-05,
        "dvar2": 0.000131490713102,
        "max": 0.0851978510618,
        "mean": 0.0100311599672,
        "median": 0.00763314496726,
        "min": 3.16807423061e-22,
        "var": 8.58177736518e-05
    },
    "spectral_entropy": {
        "dmean": 0.131256341934,
        "dmean2": 0.181378602982,
        "dvar": 0.0389173068106,
        "dvar2": 0.060159560293,
        "max": 9.80430316925,
        "mean": 7.68780517578,
        "median": 7.91276216507,
        "min": 4.13884067535,
        "var": 0.555679559708
    },
    "spectral_flux": {
        "dmean": 0.0230181682855,
        "dmean2": 0.0345915108919,
        "dvar": 0.000856480211951,
        "dvar2": 0.00158889126033,
        "max": 0.283696144819,
        "mean": 0.079277433455,
        "median": 0.0688818320632,
        "min": 1.03275388241e-10,
        "var": 0.00255578034557
    },
    "spectral_kurtosis": {
        "dmean": 1.74729549885,
        "dmean2": 2.89880537987,
        "dvar": 13.3583536148,
        "dvar2": 33.913143158,
        "max": 142.919403076,
        "mean": 5.98682832718,
        "median": 3.05420923233,
        "min": -1.3019913435,
        "var": 185.939712524
    },
    "spectral_rms": {
        "dmean": 0.000745015859138,
        "dmean2": 0.00118810811546,
        "dvar": 9.56680196396e-07,
        "dvar2": 2.40370400206e-06,
        "max": 0.0109609635547,
        "mean": 0.00429708929732,
        "median": 0.00425591412932,
        "min": 3.2257811873e-12,
        "var": 3.71353121409e-06
    },
    "spectral_rolloff": {
        "dmean": 661.665893555,
        "dmean2": 1076.36645508,
        "dvar": 1747780.375,
        "dvar2": 4017975.25,
        "max": 19422.9492188,
        "mean": 2369.83276367,
        "median": 1981.0546875,
        "min": 43.06640625,
        "var": 6899213.5
    },
    "spectral_skewness": {
        "dmean": 0.220988765359,
        "dmean2": 0.343196690083,
        "dvar": 0.101761117578,
        "dvar2": 0.204210281372,
        "max": 10.2406311035,
        "mean": 1.51317977905,
        "median": 1.26498889923,
        "min": -0.341067492962,
        "var": 1.37637925148
    },
    "spectral_spread": {
        "dmean": 460981.8125,
        "dmean2": 677382.0625,
        "dvar": 911695282176,
        "dvar2": 1.72287223398e+12,
        "max": 41821120,
        "mean": 4520871,
        "median": 4403702,
        "min": 745936.0625,
        "var": 3.23406685798e+12
    },
    "spectral_strongpeak": {
        "dmean": 0.527666449547,
        "dmean2": 0.880222022533,
        "dvar": 1.08703136444,
        "dvar2": 2.60886454582,
        "max": 12.6561021805,
        "mean": 0.949919581413,
        "median": 0.395585745573,
        "min": 0,
        "var": 2.39239788055
    },
    "zerocrossingrate": {
        "dmean": 0.0122345183045,
        "dmean2": 0.0144417984411,
        "dvar": 0.000404300022637,
        "dvar2": 0.000574704492465,
        "max": 0.515625,
        "mean": 0.0847120508552,
        "median": 0.07470703125,
        "min": 0.0048828125,
        "var": 0.00491759646684
    },
    "barkbands": {
        "dmean": [2.47044135904e-05, 0.00249314378016, 0.00194230489433, 0.00152845459525, 0.00211626896635, 0.000557980674785, 0.000693246198352, 0.00084736046847, 0.00079498620471, 0.000317020865623, 0.000228255943512, 0.000399063836085, 0.000441795447841, 0.000676508061588, 0.000445341458544, 0.000376950658392, 0.000257668900304, 0.000205881136935, 0.000218818269786, 0.000177265508682, 0.000144790959894, 0.000105362116301, 9.12669856916e-05, 6.18488120381e-05, 6.92220564815e-05, 4.27702616435e-05, 1.03221853287e-09],
        "dmean2": [4.04939637519e-05, 0.0043488019146, 0.00336079811677, 0.00255181686953, 0.0036110561341, 0.000898523547221, 0.00111697299872, 0.0014226406347, 0.00127197813708, 0.00050176033983, 0.000352538831066, 0.000622941297479, 0.00069828319829, 0.0010515996255, 0.000710136024281, 0.000627626548521, 0.000427982711699, 0.000344977714121, 0.000364356004866, 0.000295887002721, 0.000243586968281, 0.000166976693436, 0.000135733367642, 8.976317622e-05, 9.69955435721e-05, 6.14539458184e-05, 1.92128424281e-09],
        "dvar": [4.00766086983e-09, 4.67348982056e-05, 1.54323770403e-05, 6.9877378337e-06, 1.72506079252e-05, 1.37909535169e-06, 6.2848566813e-06, 1.06920870167e-05, 4.73897898701e-06, 8.84094845333e-07, 2.74558885849e-07, 6.30281363101e-07, 1.45003548369e-06, 2.73063642453e-06, 1.78774098458e-06, 5.00347823618e-07, 1.72883829919e-07, 1.38648644565e-07, 1.18433796104e-07, 7.57287139663e-08, 5.66569475779e-08, 5.21622460781e-08, 9.4514170712e-08, 3.2290770946e-08, 1.05290261843e-07, 2.55544598815e-08, 4.76983112317e-18],
        "dvar2": [9.25193965884e-09, 0.000126846818603, 4.45001096523e-05, 1.84331402124e-05, 4.84106167278e-05, 3.48050889443e-06, 1.58224738698e-05, 2.81116172118e-05, 1.20888962556e-05, 2.04390858016e-06, 5.81366009555e-07, 1.44125215229e-06, 3.44628256244e-06, 5.89274714002e-06, 4.70466920888e-06, 1.31374133616e-06, 4.64514016585e-07, 3.70124837445e-07, 3.16357869679e-07, 2.03884326311e-07, 1.48093562302e-07, 1.20423408134e-07, 2.15018104655e-07, 6.12684871726e-08, 1.65958667253e-07, 4.29524753542e-08, 1.4541085743e-17],
        "max": [0.000577414000873, 0.0558987520635, 0.047432847321, 0.0523773506284, 0.0775285363197, 0.0272870119661, 0.0467189736664, 0.0548823773861, 0.0445634610951, 0.0177733879536, 0.0139496978372, 0.0273994877934, 0.0373787693679, 0.0414692871273, 0.0582858137786, 0.0203254185617, 0.00731770833954, 0.00575175369158, 0.00615631602705, 0.00398184871301, 0.00484851421788, 0.00907585117966, 0.0127624785528, 0.0070535573177, 0.0195177681744, 0.00813053920865, 7.74262858272e-08],
        "mean": [2.20309902943e-05, 0.00211752299219, 0.00301388511434, 0.0025219952222, 0.00325872586109, 0.00095588871045, 0.00102733611129, 0.000909260183107, 0.00121007999405, 0.000487077049911, 0.000414296111558, 0.000712757522706, 0.000684424652718, 0.0011000870727, 0.000733807974029, 0.0006829603808, 0.000504567928147, 0.000367251166608, 0.000495205575135, 0.000404315331252, 0.00031162603409, 0.000231759710005, 0.000204782889341, 0.000153995541041, 0.000139409050462, 6.79158547428e-05, 8.22386991839e-10],
        "median": [2.55038980868e-06, 0.000456208566902, 0.0017240914749, 0.00146496808156, 0.00196422054432, 0.000510105921421, 0.00025646109134, 0.000160213603522, 0.000432360102423, 0.00012331243488, 0.000157809976372, 0.000384765153285, 0.000312120275339, 0.000366594671505, 0.000285801332211, 0.000447839702247, 0.000371668924345, 0.000256839353824, 0.00040676057688, 0.000328853202518, 0.000231689948123, 0.000134787216666, 9.20662787394e-05, 7.7669552411e-05, 5.47213094251e-05, 1.50725982166e-05, 2.66230121282e-10],
        "min": [1.11093900776e-24, 1.68057333749e-23, 5.87167315557e-24, 3.1320235239e-24, 3.12638009187e-23, 1.46537366027e-23, 7.09590860319e-23, 6.81476110093e-24, 3.96503137307e-23, 3.39082362224e-23, 2.01360974352e-23, 8.98376508318e-23, 3.90025074663e-23, 4.22209589854e-23, 1.29908124502e-22, 1.13236312888e-22, 1.17226257751e-22, 1.94352102981e-22, 1.59620614674e-22, 2.46905461129e-22, 3.64809419817e-22, 4.57334094975e-22, 5.0005153146e-22, 8.76457332801e-22, 8.79148396095e-22, 1.55317165128e-21, 2.29419976725e-21],
        "var": [3.76597020235e-09, 3.34817268595e-05, 1.6116653569e-05, 1.21485854834e-05, 1.83227639354e-05, 2.16441162593e-06, 8.29507553135e-06, 9.75182956608e-06, 6.53616643831e-06, 1.73477565113e-06, 8.63489333369e-07, 1.23085828818e-06, 2.27334953706e-06, 6.67943822918e-06, 3.31059709424e-06, 1.26077895857e-06, 3.51365713414e-07, 2.03761061357e-07, 2.48394599112e-07, 1.5847007262e-07, 1.13017719627e-07, 1.06245046538e-07, 1.75491180698e-07, 8.95893919051e-08, 3.01936438518e-07, 6.62636310267e-08, 3.33791861711e-18]
    },
    "erbbands": {
        "dmean": [0.043040048331, 0.655796825886, 2.02197098732, 3.84405875206, 4.66474914551, 9.71364307404, 6.07874727249, 4.03494358063, 6.95304679871, 12.9417629242, 22.2070274353, 17.4457130432, 10.4560403824, 9.20026302338, 7.64499282837, 18.7059955597, 17.3404006958, 32.5845680237, 24.4449729919, 18.7642326355, 19.599527359, 12.6276912689, 12.3644561768, 8.73774147034, 11.5119066238, 8.24129772186, 6.13529396057, 5.34458827972, 3.88876271248, 3.38150453568, 2.43117761612, 1.58809840679, 0.98321723938, 0.80387866497, 0.505711853504, 0.243511408567, 0.0737252160907, 0.00595810543746, 0.000109751519631, 1.38712484841e-05],
        "dmean2": [0.0739227309823, 1.14978027344, 3.47546696663, 6.53023576736, 7.85023498535, 16.6701602936, 10.0940408707, 6.56407594681, 11.2560777664, 21.1156673431, 37.0067558289, 27.7406654358, 16.6710357666, 13.7420024872, 12.0204572678, 29.1327133179, 27.0033855438, 49.906124115, 38.9612617493, 29.7378349304, 32.4002914429, 20.8173866272, 20.7439308167, 14.3844041824, 19.1531848907, 13.6719198227, 10.2127943039, 9.02400779724, 6.25105142593, 5.19600915909, 3.63385605812, 2.33653187752, 1.44381952286, 1.13577711582, 0.724853873253, 0.350033760071, 0.107734657824, 0.00892200600356, 0.000160538183991, 2.12503182411e-05],
        "dvar": [0.0148981744424, 3.1318025589, 18.0017089844, 47.9729423523, 54.1735038757, 430.075286865, 155.728683472, 88.0577697754, 746.324279785, 2365.58544922, 6201.70117188, 2270.90063477, 833.358825684, 536.312133789, 237.04045105, 1428.9263916, 2041.5279541, 6979.37451172, 4772.52929688, 2050.07202148, 1049.14758301, 451.247741699, 497.309387207, 243.748901367, 312.157073975, 157.916610718, 90.2866897583, 99.5307998657, 61.4634170532, 95.3987503052, 68.6926956177, 24.2977485657, 9.5391292572, 14.2804412842, 5.37199306488, 0.981209933758, 0.0637543722987, 0.000422456418164, 1.42053877994e-07, 6.99441560226e-10],
        "dvar2": [0.0400229506195, 8.55007362366, 50.515422821, 131.912796021, 150.717636108, 1211.24694824, 416.045654297, 222.843566895, 1909.40930176, 6072.99365234, 16243.2236328, 5783.54248047, 2082.46069336, 1103.68029785, 558.462463379, 3270.82128906, 4927.80029297, 14848.1923828, 12962.3339844, 4718.54833984, 2808.55273438, 1184.28381348, 1324.73522949, 644.866577148, 842.870483398, 421.77947998, 238.309661865, 258.604797363, 143.229476929, 214.705963135, 157.640914917, 49.7036972046, 18.1926956177, 23.7356624603, 8.85892868042, 1.65640115738, 0.111956529319, 0.000773305131588, 2.39825681092e-07, 1.29262545112e-09],
        "max": [0.997366368771, 14.8569517136, 49.4716567993, 110.018768311, 172.019546509, 363.752349854, 234.285507202, 236.600784302, 841.554626465, 948.060974121, 1425.55944824, 1015.75073242, 645.198059082, 728.159606934, 350.867950439, 1322.47961426, 1670.81835938, 2280.25976562, 3419.66357422, 1395.77099609, 793.494934082, 436.25881958, 415.879333496, 315.102081299, 329.499786377, 188.482070923, 158.828964233, 269.343597412, 246.328826904, 379.340087891, 334.457794189, 255.42741394, 112.174621582, 244.859649658, 147.209716797, 53.7162132263, 9.89610290527, 0.944288671017, 0.0179861243814, 0.00118058652151],
        "mean": [0.0352862291038, 0.597000718117, 3.07299923897, 6.63279294968, 8.58491134644, 13.294095993, 9.37938785553, 6.70924043655, 9.96268844604, 17.7847957611, 26.2520637512, 27.2000541687, 16.9155693054, 17.9936122894, 14.6182088852, 33.5764808655, 30.6888523102, 56.8664665222, 43.3670806885, 34.5159072876, 38.5504798889, 27.0147342682, 22.8213539124, 19.2709884644, 26.6541843414, 19.0605640411, 14.6203079224, 10.2093229294, 8.28391742706, 7.59883403778, 5.36693716049, 3.75706744194, 2.29540634155, 1.62175512314, 0.935578644276, 0.389879077673, 0.115249067545, 0.00852520763874, 0.000182137242518, 3.87415529985e-05],
        "median": [0.00708640227094, 0.173404574394, 1.72543442249, 4.51337623596, 6.08370351791, 6.69607782364, 4.77382802963, 3.79559826851, 3.45145058632, 4.67370891571, 5.30651569366, 9.90268802643, 6.66768169403, 4.98306179047, 7.63514947891, 17.8889694214, 16.0029811859, 19.0907344818, 19.6214027405, 17.798625946, 27.9628562927, 20.7142887115, 16.2570476532, 15.0159416199, 22.146812439, 15.5499076843, 12.00370121, 6.70700979233, 4.81073093414, 3.78515219688, 2.3896818161, 1.76765918732, 1.18257069588, 0.690086901188, 0.332086622715, 0.105212688446, 0.0202161967754, 0.00092160521308, 4.64568183816e-05, 2.9462216844e-05],
        "min": [1.02632676841e-21, 1.18412813099e-21, 5.20314699872e-21, 9.57732977669e-21, 6.31990932656e-20, 1.22351011514e-19, 7.68809061665e-20, 2.02172867875e-19, 7.50763237722e-19, 7.91403448398e-19, 3.54504950218e-19, 9.1661248525e-19, 1.00874127694e-18, 1.13208145429e-18, 2.33230935617e-18, 2.64511452904e-18, 2.29877462695e-18, 2.70801520398e-18, 5.49519655566e-18, 5.40136077339e-18, 6.51156578202e-18, 8.5142643436e-18, 1.3141003147e-17, 4.90288477906e-18, 1.34409355284e-17, 9.51361763757e-18, 1.59273626947e-17, 1.36487464593e-17, 1.33208669537e-17, 1.53283482736e-17, 1.5921904957e-17, 1.89292855101e-17, 1.38796655078e-17, 8.3584615665e-18, 7.28280251538e-18, 4.77828532262e-18, 3.11178294728e-18, 1.20382634434e-18, 2.91689940175e-19, 3.44641797228e-20],
        "var": [0.0107960319147, 2.24456906319, 17.9985904694, 68.1999969482, 84.717010498, 410.526763916, 203.762435913, 113.836051941, 789.304016113, 2534.63183594, 6255.59667969, 3143.08837891, 1294.8059082, 1910.28723145, 577.090393066, 2778.99047852, 3121.76831055, 18795.5429688, 8454.13867188, 5068.34667969, 2398.66918945, 984.974121094, 769.616760254, 456.613311768, 693.993286133, 345.829162598, 210.824310303, 159.180770874, 126.529075623, 180.848953247, 126.232215881, 58.219493866, 24.9592857361, 36.216884613, 15.0384244919, 2.51704907417, 0.165461063385, 0.000966910971329, 3.6532387071e-07, 2.06813322023e-09]
    },
    "gfcc": {
        "mean": [-29.9157714844, 80.9320526123, -122.017868042, 42.5748443604, -56.0978507996, 13.1594591141, -45.5852966309, 3.19794225693, -32.8770675659, 0.120590090752, -23.305644989, -9.26755905151, -15.5104665756],
        "cov": [[39734.1757812, -305.26449585, -4532.27978516, 664.982543945, -1390.14807129, 1093.60510254, -1060.98547363, 471.650848389, -902.89276123, 231.772735596, -802.86151123, 6.54063367844, -613.254333496], [-305.26449585, 1980.92285156, 42.9616241455, -101.370437622, 135.675888062, -468.054779053, 39.5698127747, -233.984924316, 57.6610221863, -125.019920349, 93.9657974243, -192.255325317, 103.634712219], [-4532.27978516, 42.9616241455, 1734.24291992, 77.5070343018, 212.700714111, -68.4931488037, -20.2572517395, 21.5405635834, 81.1447372437, 44.5748138428, 30.1338233948, 70.0118255615, -24.4959068298], [664.982543945, -101.370437622, 77.5070343018, 454.788269043, -24.1118717194, 123.821624756, -51.8152999878, 23.2059783936, -6.90743017197, -32.9466667175, 28.3831825256, -20.4900054932, 60.9139480591], [-1390.14807129, 135.675888062, 212.700714111, -24.1118717194, 298.085662842, -44.4126205444, 81.4363021851, -1.05158889294, 23.768037796, 28.8661727905, -3.17339754105, 23.4167480469, 25.0542545319], [1093.60510254, -468.054779053, -68.4931488037, 123.821624756, -44.4126205444, 316.942687988, 20.6296634674, 83.2406692505, -33.7102622986, 12.8302316666, -13.9513921738, 30.2792549133, -35.3327178955], [-1060.98547363, 39.5698127747, -20.2572517395, -51.8152999878, 81.4363021851, 20.6296634674, 196.722122192, 15.3505725861, 29.4700107574, -4.6311583519, 29.1280403137, 1.85982894897, 11.5270786285], [471.650848389, -233.984924316, 21.5405635834, 23.2059783936, -1.05158889294, 83.2406692505, 15.3505725861, 132.795410156, 21.4321174622, 45.3970718384, -24.9960861206, 25.4733543396, -27.3378639221], [-902.89276123, 57.6610221863, 81.1447372437, -6.90743017197, 23.768037796, -33.7102622986, 29.4700107574, 21.4321174622, 121.679786682, 14.2427253723, 36.2285614014, -19.6006221771, 17.6915283203], [231.772735596, -125.019920349, 44.5748138428, -32.9466667175, 28.8661727905, 12.8302316666, -4.6311583519, 45.3970718384, 14.2427253723, 88.0222854614, -10.1909656525, 37.302280426, -30.6692695618], [-802.86151123, 93.9657974243, 30.1338233948, 28.3831825256, -3.17339754105, -13.9513921738, 29.1280403137, -24.9960861206, 36.2285614014, -10.1909656525, 96.096534729, -8.10967159271, 38.4761199951], [6.54063367844, -192.255325317, 70.0118255615, -20.4900054932, 23.4167480469, 30.2792549133, 1.85982894897, 25.4733543396, -19.6006221771, 37.302280426, -8.10967159271, 84.8216094971, -9.14020633698], [-613.254333496, 103.634712219, -24.4959068298, 60.9139480591, 25.0542545319, -35.3327178955, 11.5270786285, -27.3378639221, 17.6915283203, -30.6692695618, 38.4761199951, -9.14020633698, 94.3087234497]],
        "icov": [[0.000188130739843, -0.000486570119392, 0.000467627600301, -0.000373066490283, 0.000472742918646, -0.000677842006553, 0.000712331966497, -0.000568512012251, 0.000521991518326, -0.000709938700311, 0.000949887151364, -0.000727562000975, 0.000702205055859], [-0.000486570119392, 0.0024109701626, -0.00122500793077, 0.000947444874328, -0.00172681605909, 0.00306387990713, -0.00201468542218, 0.00202280166559, -0.00100559671409, 0.00220252806321, -0.00315962079912, 0.00387182622217, -0.00173504825216], [0.000467627600301, -0.00122500793077, 0.00192148913629, -0.00124249607325, 0.00054650567472, -0.00141754536889, 0.002125330735, -0.00148878467735, 0.000681315083057, -0.00127620634157, 0.0019361450104, -0.00274600554258, 0.00272208801471], [-0.000373066490283, 0.000947444874328, -0.00124249607325, 0.00420758640394, -0.00103409541771, -0.000424421712523, -5.29482676939e-05, 0.00022743329464, -0.000430774263805, 0.00182331900578, -0.00258788792416, 0.00297572510317, -0.00430137990043], [0.000472742918646, -0.00172681605909, 0.00054650567472, -0.00103409541771, 0.00647740950808, -0.00181393628009, -0.000689396227244, -0.000651129812468, 0.00111882842612, -0.00453082704917, 0.00488646700978, -0.00293688336387, -0.000684888684191], [-0.000677842006553, 0.00306387990713, -0.00141754536889, -0.000424421712523, -0.00181393628009, 0.00920936930925, -0.0039258399047, -3.55250995199e-05, -0.00021162709163, 0.00395685527474, -0.00493898522109, 0.00313229043968, 0.000178107249667], [0.000712331966497, -0.00201468542218, 0.002125330735, -5.29482676939e-05, -0.000689396227244, -0.0039258399047, 0.0101270731539, -0.00385441700928, 0.000953925715294, -0.000228264689213, 0.00079152098624, -0.00315133319236, 0.00290787732229], [-0.000568512012251, 0.00202280166559, -0.00148878467735, 0.00022743329464, -0.000651129812468, -3.55250995199e-05, -0.00385441700928, 0.0152098750696, -0.00534334871918, -0.00287974788807, 0.00130416639149, 0.00159210234415, -0.0017253839178], [0.000521991518326, -0.00100559671409, 0.000681315083057, -0.000430774263805, 0.00111882842612, -0.00021162709163, 0.000953925715294, -0.00534334871918, 0.0143143804744, -0.00502585573122, -0.0019287224859, 0.0036696086172, -0.000264603819232], [-0.000709938700311, 0.00220252806321, -0.00127620634157, 0.00182331900578, -0.00453082704917, 0.00395685527474, -0.000228264689213, -0.00287974788807, -0.00502585573122, 0.0233980491757, -0.0060428250581, -0.00435669859871, 0.00392825528979], [0.000949887151364, -0.00315962079912, 0.0019361450104, -0.00258788792416, 0.00488646700978, -0.00493898522109, 0.00079152098624, 0.00130416639149, -0.0019287224859, -0.0060428250581, 0.0215493384749, -0.00539226131514, -0.00196162960492], [-0.000727562000975, 0.00387182622217, -0.00274600554258, 0.00297572510317, -0.00293688336387, 0.00313229043968, -0.00315133319236, 0.00159210234415, 0.0036696086172, -0.00435669859871, -0.00539226131514, 0.0244538523257, -0.00635585188866], [0.000702205055859, -0.00173504825216, 0.00272208801471, -0.00430137990043, -0.000684888684191, 0.000178107249667, 0.00290787732229, -0.0017253839178, -0.000264603819232, 0.00392825528979, -0.00196162960492, -0.00635585188866, 0.0214660987258]]
    },
    "melbands": {
        "dmean": [0.000550456228666, 0.000981074059382, 0.000646641245112, 0.000488473568112, 0.0002639790182, 9.33387345867e-05, 0.00011823506793, 0.000144926510984, 0.000189643877093, 0.000105432758573, 5.31862096977e-05, 3.89768320019e-05, 2.71999579127e-05, 3.84092272725e-05, 4.79499649373e-05, 4.73093423352e-05, 6.66710548103e-05, 4.30805084761e-05, 3.35925760737e-05, 2.66898605332e-05, 2.38286138483e-05, 1.51316162373e-05, 1.25577498693e-05, 9.41685266298e-06, 7.58238684284e-06, 9.88697775028e-06, 8.16622014099e-06, 5.57076373298e-06, 4.11629389419e-06, 4.13703537561e-06, 3.10776658807e-06, 2.41993825512e-06, 2.08358005693e-06, 2.05457422453e-06, 1.5610206674e-06, 1.36264077355e-06, 9.1680828973e-07, 7.63404557347e-07, 6.77184061715e-07, 7.44808176023e-07],
        "dmean2": [0.000963416416198, 0.00168010033667, 0.00109236233402, 0.000832831021398, 0.000444596807938, 0.000151359112351, 0.000189696467714, 0.000239771790802, 0.000314924836857, 0.000166462064954, 8.48880008562e-05, 5.85353518545e-05, 4.27888153354e-05, 5.9641111875e-05, 7.57406887715e-05, 7.31739928597e-05, 0.000102866753878, 6.90648957971e-05, 5.27513038833e-05, 4.44148936367e-05, 3.98066840717e-05, 2.51828350883e-05, 2.08665114769e-05, 1.59118517331e-05, 1.25280666907e-05, 1.66464633367e-05, 1.37770075526e-05, 9.34391482588e-06, 6.86178509568e-06, 6.99987049302e-06, 5.28074087924e-06, 3.93695972889e-06, 3.3085150335e-06, 3.19355171996e-06, 2.38731809077e-06, 2.08781216315e-06, 1.37642598474e-06, 1.16257092486e-06, 9.88314468486e-07, 1.0986103689e-06],
        "dvar": [2.39778955802e-06, 4.74040916743e-06, 1.23017878195e-06, 8.24070127692e-07, 3.05816314494e-07, 4.657559316e-08, 1.840044348e-07, 2.86741453692e-07, 4.07744323638e-07, 7.64516769891e-08, 2.2437280478e-08, 1.00928252422e-08, 3.30308025376e-09, 5.67003466401e-09, 1.74759691163e-08, 1.30192150394e-08, 3.0247832683e-08, 1.22690071436e-08, 8.32795343797e-09, 3.3854374859e-09, 1.37865741046e-09, 6.2744848206e-10, 4.94511209759e-10, 3.11271175502e-10, 1.80897422042e-10, 2.41199310524e-10, 1.61032132073e-10, 7.30011398553e-11, 3.89297934167e-11, 4.6307215007e-11, 3.71071610938e-11, 2.35377689561e-11, 2.47087020983e-11, 3.92961947704e-11, 2.6035723924e-11, 2.18829971504e-11, 7.50234162988e-12, 4.87591564347e-12, 7.26370222651e-12, 1.4737551457e-11],
        "dvar2": [6.5243671088e-06, 1.28651499836e-05, 3.37857272825e-06, 2.35209995481e-06, 8.25888832878e-07, 1.15325086369e-07, 4.6775542728e-07, 7.42015345168e-07, 1.06161508029e-06, 1.90512608356e-07, 5.56428645382e-08, 2.10451513993e-08, 7.50745510203e-09, 1.31629445121e-08, 4.25734860698e-08, 2.82735257429e-08, 6.57762839751e-08, 3.16165973402e-08, 1.95189624463e-08, 8.42560687886e-09, 3.74084940802e-09, 1.68922875687e-09, 1.30660293696e-09, 8.43470959744e-10, 4.80719908325e-10, 6.6125283027e-10, 4.46466003057e-10, 1.95748306453e-10, 1.04597754069e-10, 1.21364390759e-10, 9.61420734691e-11, 5.73080125021e-11, 5.87579984668e-11, 9.14812323116e-11, 6.03256819498e-11, 5.27316940113e-11, 1.52510330753e-11, 1.05459963679e-11, 1.36883230445e-11, 2.68391125297e-11],
        "max": [0.0117627047002, 0.0230920910835, 0.0174103286117, 0.0129165248945, 0.0123480567709, 0.00562196644023, 0.0111955730245, 0.00895374268293, 0.0103410081938, 0.00557684944943, 0.00317245605402, 0.0030983062461, 0.00135413906537, 0.0020206333138, 0.00492277089506, 0.0020895912312, 0.00408563297242, 0.0049175019376, 0.00260950368829, 0.00190890440717, 0.000771507562604, 0.000408671185141, 0.000396329502109, 0.000282733963104, 0.000293481891276, 0.00024058787676, 0.000246084266109, 0.000121211982332, 0.000124583020806, 0.000101754478237, 0.00019506670651, 0.000123004399939, 0.000204940675758, 0.000223519935389, 0.000190953709534, 0.00020319284522, 0.000145040074131, 8.39687709231e-05, 0.000143482946442, 0.000267067953246],
        "mean": [0.000452843058156, 0.001348486403, 0.0012071353849, 0.000793649931438, 0.000386184517993, 0.000158051436301, 0.000175900670001, 0.000187555080629, 0.000226271207794, 0.000167317470186, 8.20413333713e-05, 7.21626201994e-05, 4.85445671075e-05, 6.85432823957e-05, 8.2953927631e-05, 7.43038908695e-05, 0.000111160537926, 6.95230410201e-05, 5.51056364202e-05, 4.53413376817e-05, 4.48695318482e-05, 2.92715321848e-05, 2.28922363021e-05, 1.62168216775e-05, 1.49320758283e-05, 2.06172953767e-05, 1.71993597178e-05, 1.1437883586e-05, 9.10124890652e-06, 7.93141316535e-06, 5.23537391928e-06, 4.68692178401e-06, 4.34867069998e-06, 4.20775222665e-06, 3.12033785121e-06, 2.79809182757e-06, 2.043700988e-06, 1.64105290423e-06, 1.39972189572e-06, 1.36224480229e-06],
        "median": [9.43781633396e-05, 0.000697760318872, 0.000887791917194, 0.000509492878336, 0.000206932090805, 8.76300837263e-05, 5.38893546036e-05, 4.80186536151e-05, 4.03513768106e-05, 6.03032822255e-05, 3.01433501591e-05, 1.8215370801e-05, 2.11965380004e-05, 3.58967809007e-05, 4.24781392212e-05, 2.96719463222e-05, 3.38012323482e-05, 3.06405127048e-05, 2.12519826164e-05, 2.52207664744e-05, 3.34478536388e-05, 2.18225213757e-05, 1.60297022376e-05, 1.10388245957e-05, 1.10662149382e-05, 1.6918655092e-05, 1.33449675559e-05, 8.97991867532e-06, 7.40629093343e-06, 5.51971788809e-06, 3.17269541483e-06, 2.66194001597e-06, 2.36132359532e-06, 1.93279265659e-06, 1.34785079808e-06, 1.20675770177e-06, 9.87442035694e-07, 8.4308624082e-07, 6.52466894735e-07, 5.40326539067e-07],
        "min": [7.29306876701e-24, 2.19940553769e-24, 1.7857282595e-24, 7.04768411611e-24, 2.77668822889e-24, 4.10248297052e-24, 1.0998511733e-23, 7.17934973435e-24, 3.37453869326e-24, 6.08109876539e-24, 4.23567345689e-24, 4.27763849047e-24, 5.33013276591e-24, 9.64466312547e-24, 6.11782457927e-24, 3.78790377974e-24, 3.90766035934e-24, 8.61786362743e-24, 1.00003605076e-23, 6.59364378362e-24, 7.2056227468e-24, 6.41966918845e-24, 1.59810992054e-23, 6.65086420381e-24, 2.9466700046e-24, 8.07997803035e-24, 7.99729830773e-24, 6.1133836868e-24, 8.98836477334e-24, 1.15123875596e-23, 6.232847599e-24, 7.68661963971e-24, 9.14157023861e-24, 6.72214488635e-24, 8.27208696001e-24, 1.01097684154e-23, 1.21075988898e-23, 1.00839616198e-23, 8.09487093538e-24, 6.64537373191e-24],
        "var": [1.69006489159e-06, 4.35967695012e-06, 1.85922840501e-06, 9.2795829687e-07, 3.36089755137e-07, 6.46404032523e-08, 2.22858318466e-07, 2.79067677411e-07, 4.37804771991e-07, 1.18879377453e-07, 3.44660229246e-08, 3.32148211157e-08, 8.89414319971e-09, 1.171564179e-08, 2.75907510172e-08, 2.59924117785e-08, 7.96163845962e-08, 2.15505551182e-08, 1.82540969007e-08, 8.92579254952e-09, 2.75105027647e-09, 1.2177527875e-09, 8.1258222373e-10, 4.2755857188e-10, 3.17806420069e-10, 4.4534312349e-10, 3.23644833156e-10, 1.38481920375e-10, 8.3216426805e-11, 8.60493273858e-11, 5.26437088366e-11, 4.26051832703e-11, 4.54692464236e-11, 6.73673408724e-11, 4.41242736793e-11, 3.95001149844e-11, 1.7251113732e-11, 1.12202486885e-11, 1.68401976391e-11, 3.28130127236e-11]
    },
    "mfcc": {
        "mean": [-649.625610352, 102.122596741, -6.4763584137, 27.0530471802, 7.63305187225, 7.82964992523, -0.102597817779, -3.85813164711, -4.13970327377, -0.120168454945, -5.04040908813, -3.83409166336, -5.42405986786],
        "cov": [[18654.484375, -775.028686523, -1474.01672363, -231.015960693, -204.869277954, 277.631774902, 81.7538223267, 262.463409424, 62.9338493347, 272.705566406, 17.1899833679, -70.3635864258, -71.6913299561], [-775.028686523, 1742.56262207, -118.237892151, 202.873168945, -11.5904760361, -111.263175964, -33.5236434937, -153.863357544, -18.6273937225, -62.9906005859, -17.6539325714, 20.8191108704, -35.5823135376], [-1474.01672363, -118.237892151, 1004.17962646, 143.516540527, 212.183853149, 41.2951507568, -17.2745132446, 32.1443481445, -32.4858283997, 13.0787525177, 7.87593650818, 7.57572841644, 48.4885559082], [-231.015960693, 202.873168945, 143.516540527, 298.803771973, 113.140113831, 11.0939226151, 13.2513246536, -37.60338974, 31.195772171, -30.1698493958, -31.3235435486, 17.7361450195, 24.1959686279], [-204.869277954, -11.5904760361, 212.183853149, 113.140113831, 225.398468018, 41.1581993103, 10.4541721344, -4.38372468948, 25.6026039124, 9.67286396027, -20.4775409698, 10.1856212616, 17.0617141724], [277.631774902, -111.263175964, 41.2951507568, 11.0939226151, 41.1581993103, 136.351577759, 62.9304161072, 45.3218383789, 3.79604363441, 3.67998504639, 12.5504236221, -7.01313877106, -4.18811511993], [81.7538223267, -33.5236434937, -17.2745132446, 13.2513246536, 10.4541721344, 62.9304161072, 131.949493408, 46.9270744324, 23.1084918976, -4.83730316162, 5.43643331528, 6.78593873978, 7.42612457275], [262.463409424, -153.863357544, 32.1443481445, -37.60338974, -4.38372468948, 45.3218383789, 46.9270744324, 102.458824158, 21.7226734161, 31.0973682404, 16.4689331055, 2.80794358253, 6.35810613632], [62.9338493347, -18.6273937225, -32.4858283997, 31.195772171, 25.6026039124, 3.79604363441, 23.1084918976, 21.7226734161, 89.3074493408, 24.0116615295, 10.6138629913, 10.0942583084, 5.74901008606], [272.705566406, -62.9906005859, 13.0787525177, -30.1698493958, 9.67286396027, 3.67998504639, -4.83730316162, 31.0973682404, 24.0116615295, 84.5299758911, 31.1658153534, 10.4017324448, 1.02877604961], [17.1899833679, -17.6539325714, 7.87593650818, -31.3235435486, -20.4775409698, 12.5504236221, 5.43643331528, 16.4689331055, 10.6138629913, 31.1658153534, 71.6286468506, 20.5666179657, 3.09275126457], [-70.3635864258, 20.8191108704, 7.57572841644, 17.7361450195, 10.1856212616, -7.01313877106, 6.78593873978, 2.80794358253, 10.0942583084, 10.4017324448, 20.5666179657, 59.1691398621, 27.6228504181], [-71.6913299561, -35.5823135376, 48.4885559082, 24.1959686279, 17.0617141724, -4.18811511993, 7.42612457275, 6.35810613632, 5.74901008606, 1.02877604961, 3.09275126457, 27.6228504181, 60.8727493286]],
