{
"lowlevel": {
    "average_loudness": 0.953847646713,
    "barkbands_crest": {
        "dmean": 2.11730098724,
        "dmean2": 3.48921012878,
        "dvar": 5.02579307556,
        "dvar2": 13.4390115738,
        "max": 24.8226318359,
        "mean": 8.79444789886,
        "median": 7.43632507324,
        "min": 2.14181447029,
        "var": 19.6328392029
    },
    "barkbands_flatness_db": {
        "dmean": 0.0154823828489,
        "dmean2": 0.0235930122435,
        "dvar": 0.000250071461778,
        "dvar2": 0.000585248402786,
        "max": 0.364124834538,
        "mean": 0.0981914252043,
        "median": 0.0835054889321,
        "min": 0.0223071519285,
        "var": 0.00228027487174
    },
    "barkbands_kurtosis": {
        "dmean": 1.73703253269,
        "dmean2": 2.72827744484,
        "dvar": 17.2066516876,
        "dvar2": 39.4244842529,
        "max": 115.575904846,
        "mean": 2.29974913597,
        "median": -0.21321451664,
        "min": -1.9240424633,
        "var": 69.6522827148
    },
    "barkbands_skewness": {
        "dmean": 0.417470216751,
        "dmean2": 0.654240071774,
        "dvar": 0.245991632342,
        "dvar2": 0.570814967155,
        "max": 9.86288738251,
        "mean": 1.21802425385,
        "median": 0.94531416893,
        "min": -6.47552156448,
        "var": 1.57478523254
    },
    "barkbands_spread": {
        "dmean": 5.58069086075,
        "dmean2": 8.61905193329,
        "dvar": 42.7575302124,
        "dvar2": 86.9968948364,
        "max": 105.814231873,
        "mean": 34.2573814392,
        "median": 34.5778503418,
        "min": 1.32409322262,
        "var": 188.226394653
    },
    "dissonance": {
        "dmean": 0.0103706158698,
        "dmean2": 0.0175184439868,
        "dvar": 0.000112230598461,
        "dvar2": 0.000306875765091,
        "max": 0.500000119209,
        "mean": 0.479980021715,
        "median": 0.484047651291,
        "min": 0.281592130661,
        "var": 0.000288345938316
    },
    "dynamic_complexity": 2.1813724041,
    "erbbands_crest": {
        "dmean": 1.90756344795,
        "dmean2": 3.07473921776,
        "dvar": 3.3895740509,
        "dvar2": 8.09577941895,
        "max": 25.453420639,
        "mean": 7.21112203598,
        "median": 6.4286904335,
        "min": 2.17405056953,
        "var": 10.2383537292
    },
    "erbbands_flatness_db": {
        "dmean": 0.0130458520725,
        "dmean2": 0.0185979045928,
        "dvar": 0.000146820093505,
        "dvar2": 0.000288526265649,
        "max": 0.277853667736,
        "mean": 0.12654735148,
        "median": 0.126893401146,
        "min": 0.043394215405,
        "var": 0.00083540356718
    },
    "erbbands_kurtosis": {
        "dmean": 0.522384345531,
        "dmean2": 0.833432853222,
        "dvar": 0.628631770611,
        "dvar2": 1.49610555172,
        "max": 35.2414855957,
        "mean": -0.0942128822207,
        "median": -0.434995651245,
        "min": -1.77650475502,
        "var": 1.64497208595
    },
    "erbbands_skewness": {
        "dmean": 0.241751849651,
        "dmean2": 0.376821517944,
        "dvar": 0.0520268939435,
        "dvar2": 0.116695463657,
        "max": 2.37733078003,
        "mean": -0.320501863956,
        "median": -0.32240486145,
        "min": -4.42043399811,
        "var": 0.301333755255
    },
    "erbbands_spread": {
        "dmean": 6.65252590179,
        "dmean2": 10.440788269,
        "dvar": 50.1980438232,
        "dvar2": 117.601852417,
        "max": 156.6378479,
        "mean": 44.9217300415,
        "median": 42.2312316895,
        "min": 4.97491312027,
        "var": 285.042144775
    },
    "hfc": {
        "dmean": 5.62836694717,
        "dmean2": 8.38504314423,
        "dvar": 47.9198760986,
        "dvar2": 102.455467224,
        "max": 131.59526062,
        "mean": 29.7105369568,
        "median": 27.7017593384,
        "min": 1.10050801994e-16,
        "var": 343.628326416
    },
    "melbands_crest": {
        "dmean": 2.75529313087,
        "dmean2": 4.5609254837,
        "dvar": 6.96870851517,
        "dvar2": 18.3997879028,
        "max": 31.1643180847,
        "mean": 13.7289524078,
        "median": 12.793390274,
        "min": 1.67959070206,
        "var": 28.7973041534
    },
    "melbands_flatness_db": {
        "dmean": 0.0205799806863,
        "dmean2": 0.0320651009679,
        "dvar": 0.000474329834105,
        "dvar2": 0.00112162414007,
        "max": 0.475882649422,
        "mean": 0.156529799104,
        "median": 0.13919326663,
        "min": 0.00351840001531,
        "var": 0.00407583545893
    },
    "melbands_kurtosis": {
        "dmean": 5.8792347908,
        "dmean2": 9.39560508728,
        "dvar": 151.293716431,
        "dvar2": 370.854309082,
        "max": 284.092224121,
        "mean": 13.498884201,
        "median": 5.32535648346,
        "min": -1.88898777962,
        "var": 614.800964355
    },
    "melbands_skewness": {
        "dmean": 0.619917571545,
        "dmean2": 0.980105042458,
        "dvar": 0.585411369801,
        "dvar2": 1.41580152512,
        "max": 15.0551109314,
        "mean": 2.7740585804,
        "median": 2.20873165131,
        "min": -2.04333114624,
        "var": 3.47809505463
    },
    "melbands_spread": {
        "dmean": 7.83838748932,
        "dmean2": 12.4161291122,
        "dvar": 81.4881744385,
        "dvar2": 186.596069336,
        "max": 273.627563477,
        "mean": 35.317111969,
        "median": 33.592716217,
        "min": 1.00325214863,
        "var": 432.22467041
    },
    "pitch_salience": {
        "dmean": 0.0638333261013,
        "dmean2": 0.104262404144,
        "dvar": 0.00365373329259,
        "dvar2": 0.00969503074884,
        "max": 0.896695554256,
        "mean": 0.538770020008,
        "median": 0.555132508278,
        "min": 0.11299251765,
        "var": 0.0140882944688
    },
    "silence_rate_20dB": {
        "dmean": 0,
        "dmean2": 0,
        "dvar": 0,
        "dvar2": 0,
        "max": 1,
        "mean": 1,
        "median": 1,
        "min": 1,
        "var": 0
    },
    "silence_rate_30dB": {
        "dmean": 0,
        "dmean2": 0,
        "dvar": 0,
        "dvar2": 0,
        "max": 1,
        "mean": 1,
        "median": 1,
        "min": 1,
        "var": 0
    },
    "silence_rate_60dB": {
        "dmean": 0.00256433733739,
        "dmean2": 0.00512914452702,
        "dvar": 0.00255719805136,
        "dvar2": 0.00528635736555,
        "max": 1,
        "mean": 0.0213369969279,
        "median": 0,
        "min": 0,
        "var": 0.0208806656301
    },
    "spectral_centroid": {
        "dmean": 219.648025513,
        "dmean2": 350.691802979,
        "dvar": 55411.0390625,
        "dvar2": 125449.070312,
        "max": 11469.2519531,
        "mean": 1936.03369141,
        "median": 1976.89404297,
        "min": 229.511642456,
        "var": 505699.53125
    },
    "spectral_complexity": {
        "dmean": 3.91043138504,
        "dmean2": 6.30738210678,
        "dvar": 14.5396356583,
        "dvar2": 33.1038475037,
        "max": 58,
        "mean": 28.3644695282,
        "median": 29,
        "min": 0,
        "var": 145.810089111
    },
    "spectral_decrease": {
        "dmean": 1.50855661296e-09,
        "dmean2": 2.48911335987e-09,
        "dvar": 3.38594100116e-18,
        "dvar2": 8.93154387541e-18,
        "max": 4.69876457293e-20,
        "mean": -6.59499610478e-09,
        "median": -6.46315001518e-09,
        "min": -2.46309213026e-08,
        "var": 6.82597547849e-18
    },
    "spectral_energy": {
        "dmean": 0.00591922178864,
        "dmean2": 0.00974275544286,
        "dvar": 5.03169139847e-05,
        "dvar2": 0.000132967543323,
        "max": 0.0958554595709,
        "mean": 0.0275859460235,
        "median": 0.0272299628705,
        "min": 1.0197582758e-20,
        "var": 0.000113118177978
    },
    "spectral_energyband_high": {
        "dmean": 0.000423093122663,
        "dmean2": 0.00061869766796,
        "dvar": 3.71743738015e-07,
        "dvar2": 6.75622345625e-07,
        "max": 0.0109000839293,
        "mean": 0.00156614801381,
        "median": 0.00128287449479,
        "min": 7.13210068324e-21,
        "var": 1.80656059001e-06
    },
    "spectral_energyband_low": {
        "dmean": 0.00457224901766,
        "dmean2": 0.00755877187476,
        "dvar": 4.89423364343e-05,
        "dvar2": 0.000127218852867,
        "max": 0.0836407989264,
        "mean": 0.0109923966229,
        "median": 0.0086469873786,
        "min": 1.83017512837e-23,
        "var": 8.20399654913e-05
    },
    "spectral_energyband_middle_high": {
        "dmean": 0.00163334060926,
        "dmean2": 0.00257838633843,
        "dvar": 4.2644937821e-06,
        "dvar2": 1.03608563222e-05,
        "max": 0.0345203131437,
        "mean": 0.00709584681317,
        "median": 0.00577478762716,
        "min": 1.41346355193e-21,
        "var": 3.11874209729e-05
    },
    "spectral_energyband_middle_low": {
        "dmean": 0.00272367009893,
        "dmean2": 0.00451357010752,
        "dvar": 9.91297838482e-06,
        "dvar2": 2.68315070571e-05,
        "max": 0.0400793664157,
        "mean": 0.0089616868645,
        "median": 0.00800123251975,
        "min": 1.72939502384e-22,
        "var": 2.94016863336e-05
    },
    "spectral_entropy": {
        "dmean": 0.0971560701728,
        "dmean2": 0.141302749515,
        "dvar": 0.011615508236,
        "dvar2": 0.0219432674348,
        "max": 9.81686878204,
        "mean": 7.88306283951,
        "median": 7.89980888367,
        "min": 5.64078330994,
        "var": 0.0757974982262
    },
    "spectral_flux": {
        "dmean": 0.0178596954793,
        "dmean2": 0.0278866570443,
        "dvar": 0.000353435694706,
        "dvar2": 0.000793540268205,
        "max": 0.231775507331,
        "mean": 0.0836989283562,
        "median": 0.0814455002546,
        "min": 6.40841546495e-11,
        "var": 0.00115196662955
    },
    "spectral_kurtosis": {
        "dmean": 0.818189799786,
        "dmean2": 1.36765885353,
        "dvar": 0.775998055935,
        "dvar2": 2.18595480919,
        "max": 23.0206203461,
        "mean": 2.97506999969,
        "median": 2.87093067169,
        "min": -1.26900148392,
        "var": 1.74767148495
    },
    "spectral_rms": {
        "dmean": 0.000538867840078,
        "dmean2": 0.000877488753758,
        "dvar": 3.41487606192e-07,
        "dvar2": 8.92958382792e-07,
        "max": 0.00967044569552,
        "mean": 0.00506001058966,
        "median": 0.00515420362353,
        "min": 3.15418156004e-12,
        "var": 1.30941600673e-06
    },
    "spectral_rolloff": {
        "dmean": 532.421203613,
        "dmean2": 875.80682373,
        "dvar": 737870.625,
        "dvar2": 1545280.875,
        "max": 19336.8164062,
        "mean": 2228.75561523,
        "median": 2260.98632812,
        "min": 86.1328125,
        "var": 3007790.25
    },
    "spectral_skewness": {
        "dmean": 0.140764281154,
        "dmean2": 0.223429843783,
        "dvar": 0.0178592447191,
        "dvar2": 0.0439105443656,
        "max": 4.04395008087,
        "mean": 1.21366584301,
        "median": 1.21566450596,
        "min": -0.0651733577251,
        "var": 0.0588355213404
    },
    "spectral_spread": {
        "dmean": 515353.4375,
        "dmean2": 722294.0625,
        "dvar": 559835578368,
        "dvar2": 990146854912,
        "max": 43140824,
        "mean": 4893119.5,
        "median": 4510703,
        "min": 1855156.125,
        "var": 5.5046921257e+12
    },
    "spectral_strongpeak": {
        "dmean": 0.502377033234,
        "dmean2": 0.895747244358,
        "dvar": 1.35186374187,
        "dvar2": 3.52156639099,
        "max": 15.8927783966,
        "mean": 0.799049019814,
        "median": 0.416317999363,
        "min": 5.48641722331e-11,
        "var": 1.90906703472
    },
    "zerocrossingrate": {
        "dmean": 0.010397542268,
        "dmean2": 0.0121829705313,
        "dvar": 0.000155670175445,
        "dvar2": 0.000174409011379,
        "max": 0.51416015625,
        "mean": 0.0803939402103,
        "median": 0.078125,
        "min": 0.00390625,
        "var": 0.00182588445023
    },
    "barkbands": {
        "dmean": [3.72705944756e-05, 0.00286545907147, 0.00236041098833, 0.00116589118261, 0.00112914270721, 0.000552448793314, 0.00067055830732, 0.000572020828258, 0.000616201490629, 0.000268612377113, 0.000177943074959, 0.000377855903935, 0.000220586342039, 0.000438137969468, 0.000269338284852, 0.000503866409417, 0.000583020155318, 0.000242483220063, 0.000310747593176, 0.000224508665269, 0.000139996103826, 9.32698894758e-05, 8.7367494416e-05, 8.09763514553e-05, 8.44157257234e-05, 4.48513274023e-05, 8.46843158797e-06],
        "dmean2": [5.74532496103e-05, 0.00481542060152, 0.00409147841856, 0.00201363908127, 0.00189167959616, 0.000920593563933, 0.00109178747516, 0.000894449825864, 0.000980083364993, 0.000430037092883, 0.000286110822344, 0.000597775157075, 0.000350888149114, 0.000717585382517, 0.000432001106674, 0.000808389682788, 0.000926496111788, 0.00039210243267, 0.000510170939378, 0.000365483836504, 0.000230832534726, 0.000150559484609, 0.000134549816721, 0.000114357389975, 0.000118478586955, 6.62065431243e-05, 1.32232898977e-05],
        "dvar": [5.51616485822e-09, 2.90717798634e-05, 1.30102671392e-05, 2.48656374424e-06, 2.29539182328e-06, 5.5557967471e-07, 1.18834486784e-06, 1.10442817913e-06, 1.08013500721e-06, 2.75917983572e-07, 1.08270235444e-07, 5.39179609405e-07, 1.52189898017e-07, 4.72536981988e-07, 1.93719642994e-07, 7.88295324128e-07, 9.78839011623e-07, 1.55379709099e-07, 2.01134525923e-07, 8.75432490943e-08, 3.41785693081e-08, 2.29616965441e-08, 3.47187558702e-08, 3.67078634156e-08, 3.15073371837e-08, 1.35178135352e-08, 2.66070637744e-10],
        "dvar2": [1.10673665787e-08, 7.5865915278e-05, 3.75230993086e-05, 6.88901900503e-06, 6.34121715848e-06, 1.49180118569e-06, 3.07609047923e-06, 2.63751644525e-06, 2.81095958599e-06, 6.52914877719e-07, 2.51031508469e-07, 1.17115860121e-06, 3.51971067403e-07, 1.22517178625e-06, 4.57874392623e-07, 1.86226725418e-06, 2.2108927169e-06, 3.71608365413e-07, 5.01127658481e-07, 2.26125166591e-07, 8.96743586054e-08, 5.19881275807e-08, 6.83098306808e-08, 6.11897803537e-08, 5.93327023068e-08, 2.73434430653e-08, 6.19779005895e-10],
        "max": [0.000873960263561, 0.0649459511042, 0.0499412491918, 0.0212549977005, 0.0227972026914, 0.0124072898179, 0.0262378118932, 0.0204031169415, 0.0180853232741, 0.0116362199187, 0.00986604578793, 0.0259731151164, 0.00882590655237, 0.0186811946332, 0.0101586068049, 0.016690639779, 0.0251385755837, 0.0129934744909, 0.0105351414531, 0.0101260105148, 0.00297160702758, 0.00400562165305, 0.00613008299842, 0.00463411351666, 0.00402969308197, 0.00206565135159, 0.000241710906266],
        "mean": [4.90815036756e-05, 0.00580067234114, 0.00420880084857, 0.00175773212686, 0.00225587142631, 0.00103376060724, 0.00122066028416, 0.00118190608919, 0.0013368614018, 0.000510572805069, 0.000316104094964, 0.000706750550307, 0.000400531454943, 0.000824483053293, 0.000539748580195, 0.00103225384373, 0.00124653987586, 0.000525644805748, 0.000765061529819, 0.000577532395255, 0.000374140101485, 0.000245912699029, 0.000230573146837, 0.000207899138331, 0.000161273783306, 6.57893542666e-05, 9.80234744929e-06],
        "median": [1.28312831293e-05, 0.00298790307716, 0.00293325749226, 0.00123746262398, 0.00154360930901, 0.000697720446624, 0.000595881137997, 0.000439158378867, 0.000565795460716, 0.000250455108471, 0.000173014690517, 0.000325658504153, 0.000214688800042, 0.000469465681817, 0.000259817752521, 0.000515744322911, 0.000650123343803, 0.000311836076435, 0.000533655344043, 0.000488248362672, 0.000303706445266, 0.00019009609241, 0.000162039883435, 0.000110119915917, 5.92506330577e-05, 1.39187686727e-05, 2.92314757644e-06],
        "min": [6.71184946267e-25, 2.8234822745e-24, 1.99540551596e-24, 3.21646575899e-24, 7.94385613685e-24, 1.06982838943e-23, 1.57793780056e-23, 1.2358993872e-23, 2.14650298711e-23, 2.85909287571e-23, 3.59836251344e-23, 3.23073944765e-23, 4.49380957101e-23, 4.25660698542e-23, 3.62866076754e-23, 8.11577322501e-23, 5.95158697408e-23, 9.55528092506e-23, 1.46859836588e-22, 1.97900083789e-22, 2.46894202506e-22, 2.83559397152e-22, 4.60291225275e-22, 6.00569172501e-22, 8.70055467809e-22, 1.18662845403e-21, 2.06635088843e-21],
        "var": [9.06497010789e-09, 5.06558426423e-05, 1.86065062735e-05, 3.11947496812e-06, 5.12248925588e-06, 1.22852998174e-06, 2.90633806799e-06, 3.34641572408e-06, 3.53982295564e-06, 8.14529926174e-07, 2.45999842718e-07, 1.80666120286e-06, 3.52344926569e-07, 1.17194338145e-06, 5.57803559786e-07, 2.19097796617e-06, 3.08495373247e-06, 4.16192932562e-07, 6.59805493797e-07, 2.31212709423e-07, 1.08937705079e-07, 6.53848317711e-08, 9.66216120446e-08, 1.28901689322e-07, 1.02227495802e-07, 2.76500067287e-08, 3.49073714379e-10]
    },
    "erbbands": {
        "dmean": [0.0651296898723, 0.726249277592, 2.36978507042, 3.24329400063, 4.63579463959, 3.23621320724, 3.18934059143, 5.24636745453, 7.80406856537, 11.4910488129, 13.2725419998, 13.3379459381, 9.85492134094, 6.19070768356, 9.86952114105, 11.723815918, 9.32618713379, 17.49584198, 16.7366390228, 13.6810150146, 31.2118015289, 32.8132286072, 12.8707399368, 17.7151927948, 12.6957979202, 9.63480758667, 5.54112148285, 5.65409183502, 3.26028776169, 2.89172554016, 2.38823986053, 1.82708787918, 1.38989675045, 1.04788470268, 0.571166336536, 0.204375684261, 0.0800976604223, 0.0250556636602, 0.000609686248936, 1.84118325706e-05],
        "dmean2": [0.11175596714, 1.21488130093, 4.09822463989, 5.58918952942, 7.88797521591, 5.3781876564, 5.28368711472, 8.73942089081, 12.8486375809, 18.2166042328, 20.6790943146, 20.835899353, 15.6253061295, 10.0384864807, 15.4793186188, 18.6000347137, 14.8675928116, 28.5559062958, 26.9200057983, 21.9799594879, 50.083896637, 51.9436416626, 20.5648593903, 29.1848430634, 20.8016338348, 15.6026468277, 9.11357307434, 9.24808979034, 5.28818035126, 4.50784397125, 3.67488455772, 2.6853621006, 1.94503474236, 1.49024605751, 0.825229823589, 0.301852971315, 0.119469404221, 0.037319406867, 0.000914478907362, 2.71161552519e-05],
        "dvar": [0.0192121267319, 1.772346735, 13.6454315186, 20.4471588135, 43.4307670593, 18.9982833862, 20.2637653351, 56.721786499, 163.414718628, 409.107055664, 598.070007324, 515.940368652, 415.263305664, 99.9134292603, 362.484527588, 434.575378418, 249.385314941, 918.047912598, 725.10925293, 436.173126221, 3221.02929688, 3459.70361328, 403.87902832, 792.734619141, 257.619537354, 191.392501831, 59.3843460083, 55.5090103149, 30.6818313599, 31.1936645508, 27.3976802826, 15.5972318649, 12.8458337784, 5.61322021484, 1.36925399303, 0.275335878134, 0.0488886460662, 0.00276856706478, 1.43256147567e-06, 9.11404840487e-10],
        "dvar2": [0.0527803488076, 4.61549711227, 39.1237106323, 57.263004303, 122.013771057, 51.1041641235, 54.2681922913, 149.61819458, 442.702636719, 1009.04278564, 1392.83288574, 1258.86523438, 1013.02319336, 244.287689209, 799.973327637, 977.29083252, 583.672912598, 2380.16796875, 1719.52685547, 1053.51123047, 7590.69482422, 7744.94824219, 946.803100586, 1993.17260742, 669.772827148, 481.857208252, 155.671386719, 143.478973389, 72.8424911499, 66.2003097534, 53.9733810425, 28.261554718, 21.8988056183, 10.5828037262, 2.71474528313, 0.598173320293, 0.0981702804565, 0.00550468731672, 2.95364407066e-06, 1.78468295697e-09],
        "max": [1.50068283081, 16.9616985321, 42.3369598389, 71.203414917, 86.4222793579, 93.8643035889, 76.0146484375, 130.240112305, 237.141235352, 382.40435791, 567.621887207, 530.500427246, 582.634643555, 289.656707764, 577.280090332, 619.87487793, 363.026977539, 1087.32067871, 557.274108887, 586.219726562, 1149.82116699, 1645.24145508, 422.5675354, 771.130859375, 301.123657227, 551.551208496, 144.333908081, 147.883239746, 166.652954102, 187.614654541, 163.381011963, 109.555412292, 96.0582122803, 61.0412826538, 27.6262836456, 14.2988119125, 3.73535132408, 0.815984249115, 0.0181624665856, 0.00052266655257],
        "mean": [0.11465125531, 1.50970816612, 4.56196641922, 5.83421278, 7.65922784805, 6.54586601257, 6.18181085587, 9.76030826569, 15.2160482407, 22.2021751404, 28.5554351807, 29.341960907, 20.9233398438, 13.0941696167, 19.7766418457, 23.6207485199, 19.2421188354, 34.7912902832, 35.3873214722, 32.0318641663, 67.9631729126, 72.9892807007, 32.4663238525, 41.8692932129, 32.7474365234, 25.8599910736, 15.3737735748, 15.248380661, 8.7548418045, 7.53267669678, 6.25085783005, 4.70200204849, 3.299472332, 2.06722569466, 0.992088079453, 0.3243932724, 0.109745875001, 0.0322282537818, 0.000801544287242, 5.56205013709e-05],
        "median": [0.0580024123192, 0.77885299921, 3.06373214722, 4.59403133392, 5.11771965027, 4.2624464035, 4.27282047272, 6.28124237061, 7.4508934021, 10.7995223999, 12.6070070267, 12.5096111298, 9.4838180542, 8.64319324493, 11.2948093414, 12.2054519653, 11.8687591553, 20.3480949402, 19.7573204041, 21.0196094513, 35.9396286011, 39.9765892029, 19.1154823303, 28.0506629944, 25.843963623, 21.686088562, 12.6078529358, 12.3156833649, 6.80667591095, 5.49245643616, 4.31330871582, 2.73570394516, 1.53408384323, 0.769882082939, 0.356613576412, 0.0730696618557, 0.0197528712451, 0.00938394200057, 0.000265880429652, 4.51122432423e-05],
        "min": [9.86671185084e-23, 6.32078574219e-22, 2.30997375418e-21, 8.60683608404e-21, 9.90416063049e-21, 3.41254395685e-20, 4.54089812237e-20, 9.82469361523e-20, 2.57690154512e-19, 1.61704723692e-19, 3.08433730135e-19, 4.09945024715e-19, 6.56953046344e-19, 8.61678128301e-19, 1.6170929128e-18, 1.40541129359e-18, 2.15282543211e-18, 2.18451968446e-18, 3.34827615915e-18, 4.14443543078e-18, 5.29254805894e-18, 4.85172407176e-18, 6.43274374145e-18, 5.91425576656e-18, 8.17477535814e-18, 8.5482474047e-18, 1.15133259412e-17, 9.92629887235e-18, 1.02093526333e-17, 1.22703136614e-17, 1.23511399606e-17, 1.09519953873e-17, 1.11712362999e-17, 8.56454617149e-18, 6.0126199491e-18, 3.8237801071e-18, 2.20138424279e-18, 9.82366312913e-19, 2.65546690121e-19, 2.84222101907e-20],
        "var": [0.0232067145407, 3.29232668877, 20.3036155701, 26.4413738251, 61.0432167053, 48.889289856, 44.6491203308, 120.555358887, 486.03414917, 1001.10119629, 1686.58532715, 1835.18078613, 1351.07836914, 288.134887695, 1058.37536621, 1409.58190918, 619.33984375, 2299.90649414, 2093.53344727, 1345.24145508, 9007.22949219, 11077.2783203, 1343.59179688, 2301.97265625, 817.46307373, 489.621795654, 171.469665527, 183.405578613, 78.2565917969, 88.1464920044, 75.1979598999, 51.2409210205, 43.3972167969, 17.4516334534, 4.09795618057, 0.62281191349, 0.0927650257945, 0.00485377805308, 2.42709120357e-06, 2.07163863841e-09]
    },
    "gfcc": {
        "mean": [36.8744468689, 71.8394699097, -117.168334961, 49.0087509155, -51.3738098145, 13.9143028259, -37.2025566101, 14.7959604263, -20.3017902374, 2.34696722031, -18.6066894531, -2.76034092903, -15.6040124893],
        "cov": [[8696.51171875, -472.431304932, -665.692993164, -115.220855713, -385.325164795, 80.3128814697, -303.111877441, 66.9906158447, -207.563766479, 127.878181458, -226.665725708, 1.05706202984, -197.463531494], [-472.431304932, 780.706481934, -163.473526001, 139.363357544, 78.7046661377, -66.9625854492, 142.053421021, -36.809627533, 113.933692932, -59.6349601746, 115.950157166, -48.3192710876, 65.8472976685], [-665.692993164, -163.473526001, 594.962463379, 20.9189376831, 64.5116119385, 95.3729782104, -2.31258583069, 42.8604125977, -9.92647457123, 43.5933609009, 14.9312210083, 54.6958351135, 5.0383234024], [-115.220855713, 139.363357544, 20.9189376831, 227.963272095, 57.6166496277, 12.865773201, 12.6908197403, -13.036491394, 32.0280990601, -22.6725311279, 49.1793937683, 5.98330020905, 48.8513069153], [-385.325164795, 78.7046661377, 64.5116119385, 57.6166496277, 200.265365601, 3.97038769722, 54.9528007507, 7.07547283173, 5.24558019638, 14.2819280624, 15.2760124207, 32.823890686, 27.6829013824], [80.3128814697, -66.9625854492, 95.3729782104, 12.865773201, 3.97038769722, 128.250808716, 21.4740447998, 27.9336700439, -6.59747648239, 9.58598804474, 14.25776577, 9.67030906677, -8.98956012726], [-303.111877441, 142.053421021, -2.31258583069, 12.6908197403, 54.9528007507, 21.4740447998, 149.729492188, 19.755645752, 16.1699867249, -14.6544542313, 28.0682239532, 12.6259069443, 6.49792575836], [66.9906158447, -36.809627533, 42.8604125977, -13.036491394, 7.07547283173, 27.9336700439, 19.755645752, 78.6397476196, 22.1386051178, 18.2632236481, -6.59644317627, 1.07363641262, -0.18735010922], [-207.563766479, 113.933692932, -9.92647457123, 32.0280990601, 5.24558019638, -6.59747648239, 16.1699867249, 22.1386051178, 106.996772766, 23.7587165833, 31.3618030548, -30.50989151, 5.69382095337], [127.878181458, -59.6349601746, 43.5933609009, -22.6725311279, 14.2819280624, 9.58598804474, -14.6544542313, 18.2632236481, 23.7587165833, 78.7290496826, 9.96149253845, 2.6946823597, -16.1211700439], [-226.665725708, 115.950157166, 14.9312210083, 49.1793937683, 15.2760124207, 14.25776577, 28.0682239532, -6.59644317627, 31.3618030548, 9.96149253845, 87.3643417358, 16.1430263519, 18.7132759094], [1.05706202984, -48.3192710876, 54.6958351135, 5.98330020905, 32.823890686, 9.67030906677, 12.6259069443, 1.07363641262, -30.50989151, 2.6946823597, 16.1430263519, 80.2257232666, 21.0966377258], [-197.463531494, 65.8472976685, 5.0383234024, 48.8513069153, 27.6829013824, -8.98956012726, 6.49792575836, -0.18735010922, 5.69382095337, -16.1211700439, 18.7132759094, 21.0966377258, 65.9704208374]],
        "icov": [[0.00022186319984, -0.000250449491432, 0.000342099374393, -0.000330177979777, 0.000417521077907, -0.00037629934377, 0.000433494831668, -0.000468439422548, 0.000576353864744, -0.000793763494585, 0.000714495778084, -0.000608132511843, 0.000610011804383], [-0.000250449491432, 0.00355536700226, -3.11792791763e-05, 7.68778263591e-05, -0.00128315750044, 0.00186599534936, -0.00277279946022, 0.00168675405439, -0.00247533689253, 0.00292373588309, -0.00403006048873, 0.00323600787669, -0.00224585598335], [0.000342099374393, -3.11792791763e-05, 0.0027356040664, -0.000663906452246, 1.53020573634e-05, -0.00182560936082, 0.000958009331953, -0.00121321133338, 0.000709398358595, -0.00168478162959, 0.000820943212602, -0.00182524928823, 0.000862688291818], [-0.000330177979777, 7.68778263591e-05, -0.000663906452246, 0.00719680683687, -0.00240673986264, -0.000821335415822, 0.000708049105015, 0.00174682820216, -0.00248735793866, 0.00361628388055, -0.00340088247322, 0.00157097808551, -0.00394964357838], [0.000417521077907, -0.00128315750044, 1.53020573634e-05, -0.00240673986264, 0.00810104422271, -0.00027071707882, -0.00170470355079, -0.000567160197534, 0.00187120237388, -0.00498122023419, 0.00387322111055, -0.00342622213066, -0.000340252707247], [-0.00037629934377, 0.00186599534936, -0.00182560936082, -0.000821335415822, -0.00027071707882, 0.0117936991155, -0.00299780583009, -0.00247163535096, 0.000832431425806, 0.00184851814993, -0.00493384385481, 0.00269591598772, 0.000685007194988], [0.000433494831668, -0.00277279946022, 0.000958009331953, 0.000708049105015, -0.00170470355079, -0.00299780583009, 0.0119239436463, -0.00436469260603, 0.000949174747802, 0.00142400607001, 0.000226661082706, -0.00393822276965, 0.00404882011935], [-0.000468439422548, 0.00168675405439, -0.00121321133338, 0.00174682820216, -0.000567160197534, -0.00247163535096, -0.00436469260603, 0.0191968344152, -0.00686925137416, -0.000832395220641, 0.00250011333264, 0.000765738775954, -0.00446559535339], [0.000576353864744, -0.00247533689253, 0.000709398358595, -0.00248735793866, 0.00187120237388, 0.000832431425806, 0.000949174747802, -0.00686925137416, 0.0190010815859, -0.00810370687395, -0.00218389765359, 0.00506575591862, 0.000578067556489], [-0.000793763494585, 0.00292373588309, -0.00168478162959, 0.00361628388055, -0.00498122023419, 0.00184851814993, 0.00142400607001, -0.000832395220641, -0.00810370687395, 0.0232955124229, -0.00820042937994, 0.00134281907231, 0.00264499871992], [0.000714495778084, -0.00403006048873, 0.000820943212602, -0.00340088247322, 0.00387322111055, -0.00493384385481, 0.000226661082706, 0.00250011333264, -0.00218389765359, -0.00820042937994, 0.0239690393209, -0.00935948546976, 0.000682517071255], [-0.000608132511843, 0.00323600787669, -0.00182524928823, 0.00157097808551, -0.00342622213066, 0.00269591598772, -0.00393822276965, 0.000765738775954, 0.00506575591862, 0.00134281907231, -0.00935948546976, 0.0233111213893, -0.0087877754122], [0.000610011804383, -0.00224585598335, 0.000862688291818, -0.00394964357838, -0.000340252707247, 0.000685007194988, 0.00404882011935, -0.00446559535339, 0.000578067556489, 0.00264499871992, 0.000682517071255, -0.0087877754122, 0.0251224469393]]
    },
    "melbands": {
        "dmean": [0.000700026750565, 0.00107987050433, 0.00056408601813, 0.000282369175693, 0.000109767781396, 0.000114563576062, 0.000121207856864, 0.000124223748571, 0.000115051669127, 8.15836901893e-05, 5.02500406583e-05, 2.70355594694e-05, 2.92369841191e-05, 4.61772178824e-05, 2.67888626695e-05, 2.27452674153e-05, 3.67838292732e-05, 3.28074893332e-05, 1.95395532501e-05, 2.28354783758e-05, 4.17229566665e-05, 3.93980662921e-05, 2.06777367566e-05, 1.10001265057e-05, 1.67513117049e-05, 1.05175440694e-05, 1.02241592685e-05, 6.92096500643e-06, 4.14648820879e-06, 4.43363978775e-06, 3.30413695337e-06, 2.23649271902e-06, 1.83363829365e-06, 1.8361996581e-06, 1.56553221586e-06, 1.30711396196e-06, 1.17879972095e-06, 1.03265801954e-06, 1.02907335986e-06, 9.11556867322e-07],
        "dmean2": [0.00119101116434, 0.00182415742893, 0.000968138687313, 0.000474105327157, 0.000180158545845, 0.00019057893951, 0.000198932684725, 0.000196116379811, 0.000180320930667, 0.000127424689708, 7.97233733465e-05, 4.37921880803e-05, 4.62253774458e-05, 7.2746508522e-05, 4.26352671639e-05, 3.65272790077e-05, 6.0008802393e-05, 5.30628858542e-05, 3.14082317345e-05, 3.66339045286e-05, 6.72919559292e-05, 6.24266831437e-05, 3.30560033035e-05, 1.79395738087e-05, 2.76061164186e-05, 1.70933453774e-05, 1.69408413058e-05, 1.1271461517e-05, 6.8367280619e-06, 7.32073340259e-06, 5.42709813089e-06, 3.68212249668e-06, 2.96109055853e-06, 2.90330444841e-06, 2.46824765782e-06, 1.9895164769e-06, 1.75202592345e-06, 1.49649440573e-06, 1.48709693804e-06, 1.32980051148e-06],
        "dvar": [1.96515952666e-06, 2.88511296276e-06, 5.37356356745e-07, 1.52646279616e-07, 2.16001954101e-08, 2.52063898643e-08, 3.76030335758e-08, 4.42410552637e-08, 4.17761647498e-08, 1.88738766838e-08, 1.0633975478e-08, 1.96585769885e-09, 2.78135581233e-09, 9.47693834519e-09, 2.20418838737e-09, 1.58813984186e-09, 4.20233803311e-09, 2.88002688364e-09, 9.96458804359e-10, 1.46660072975e-09, 5.62916024904e-09, 5.5349498318e-09, 1.37254874133e-09, 3.30835803197e-10, 7.32098326406e-10, 2.42486392077e-10, 1.93528373882e-10, 9.02431948613e-11, 3.48868017808e-11, 3.73308953194e-11, 2.00875392709e-11, 1.27305587946e-11, 1.16080782139e-11, 1.38903584815e-11, 1.16770837791e-11, 8.77372133279e-12, 6.35243507102e-12, 7.4982450804e-12, 7.33804510211e-12, 3.91688157603e-12],
        "dvar2": [5.23583821632e-06, 7.92894479673e-06, 1.49797040194e-06, 4.21496821446e-07, 5.79895349517e-08, 6.67422526135e-08, 1.01765579075e-07, 1.0985408494e-07, 1.01136720332e-07, 4.59675426612e-08, 2.57005456916e-08, 4.75846340109e-09, 6.32449870253e-09, 2.02959640205e-08, 5.14240294791e-09, 3.78091380426e-09, 1.08428110934e-08, 6.97722635223e-09, 2.45037679036e-09, 3.389081904e-09, 1.33475035469e-08, 1.22234071753e-08, 3.15028070297e-09, 8.26294921374e-10, 1.82186454811e-09, 5.71566294294e-10, 5.121555402e-10, 2.27624918914e-10, 9.17228307196e-11, 9.88485612807e-11, 5.17467180217e-11, 3.15239744031e-11, 2.69095665889e-11, 3.06146670515e-11, 2.4166337334e-11, 1.72305052171e-11, 1.21814008533e-11, 1.3713905879e-11, 1.36793961575e-11, 7.86798751151e-12],
        "max": [0.0159479845315, 0.0207053683698, 0.0104971677065, 0.00604579225183, 0.00266725406982, 0.00267096911557, 0.00383818568662, 0.00369175965898, 0.00442471681163, 0.00316316401586, 0.00281151290983, 0.00119814882055, 0.00145444471855, 0.00348457321525, 0.00118744850624, 0.00110026018228, 0.00244683166966, 0.00122557044961, 0.00055461935699, 0.00142278138082, 0.00146083324216, 0.00234424020164, 0.000955140742008, 0.000541943882126, 0.000746219884604, 0.000433932989836, 0.000370491587091, 0.00030799335218, 0.000146251302795, 0.000114039088658, 0.000106422878162, 9.22745020944e-05, 9.31823306018e-05, 0.000142874429002, 0.000122118668514, 9.81697812676e-05, 6.40109574306e-05, 8.00549678388e-05, 6.99375013937e-05, 5.39772372576e-05],
        "mean": [0.00136068568099, 0.00234647258185, 0.00109228724614, 0.000538620341104, 0.000225438678171, 0.000220367975999, 0.000233472703258, 0.000250210345257, 0.000242498455918, 0.000176005385583, 0.000101850244391, 5.30254255864e-05, 5.65022019146e-05, 8.25996903586e-05, 4.74092521472e-05, 4.22842495027e-05, 6.88419386279e-05, 6.20745777269e-05, 3.97721451009e-05, 4.858257671e-05, 8.36856052047e-05, 8.08970653452e-05, 4.2183946789e-05, 2.3641903681e-05, 3.61553757102e-05, 2.47133739322e-05, 2.23351617024e-05, 1.6312520529e-05, 9.70416203927e-06, 9.60896068136e-06, 8.46820876177e-06, 5.17349599249e-06, 4.15791146224e-06, 4.22403491029e-06, 3.74628166355e-06, 3.09243023366e-06, 2.76751097772e-06, 2.30683917835e-06, 2.10481971408e-06, 1.62756123245e-06],
        "median": [0.000712205423042, 0.00175276282243, 0.00091389240697, 0.000362206803402, 0.000159248447744, 0.000144106525113, 0.000120179836813, 0.000118950410979, 0.000100345743704, 7.33702690923e-05, 4.1461600631e-05, 3.29911126755e-05, 3.25733199134e-05, 3.58212491847e-05, 2.48987871601e-05, 2.27734999498e-05, 3.80302371923e-05, 3.09231836582e-05, 2.01759758056e-05, 2.69960328296e-05, 4.14880487369e-05, 4.03911908506e-05, 2.17952729145e-05, 1.38382065415e-05, 2.33130558627e-05, 1.72924010258e-05, 1.73611824721e-05, 1.30274365802e-05, 7.53597987568e-06, 7.17208786227e-06, 6.79766981193e-06, 3.90254172089e-06, 2.87077614303e-06, 2.92899676424e-06, 2.62755929725e-06, 1.82756139111e-06, 1.52044447077e-06, 1.0805644024e-06, 7.7287086242e-07, 5.92471906202e-07],
        "min": [1.16126488224e-24, 2.11534175862e-24, 2.72581103924e-24, 2.17138184568e-24, 1.54747303764e-24, 2.44864890171e-24, 4.20953139535e-24, 1.66930658939e-24, 2.32338765072e-24, 2.72775282036e-24, 3.19117211736e-24, 2.8186394574e-24, 5.44168361436e-24, 3.75760678782e-24, 4.34908325607e-24, 3.5633742446e-24, 4.0238418213e-24, 4.95550035544e-24, 4.47991268176e-24, 4.17814656424e-24, 4.75257969263e-24, 3.69364476233e-24, 5.3568609511e-24, 4.6590988865e-24, 3.95065761741e-24, 4.75604555302e-24, 3.61890965789e-24, 4.16518163526e-24, 7.02826314948e-24, 6.10673437823e-24, 5.70588338671e-24, 5.62967035137e-24, 5.30213254251e-24, 7.06731728631e-24, 6.22245041227e-24, 4.66899909086e-24, 6.16545323971e-24, 6.66921074189e-24, 6.67194177834e-24, 6.05394262316e-24],
        "var": [2.92096660814e-06, 4.71461544294e-06, 7.16795227618e-07, 3.22848535461e-07, 5.27694759e-08, 5.77175391925e-08, 1.00828366101e-07, 1.2124584714e-07, 1.18544711825e-07, 6.62517862793e-08, 3.46236852522e-08, 5.60835466956e-09, 7.20883974736e-09, 3.10435943618e-08, 5.50090373252e-09, 3.67869046336e-09, 1.01496997473e-08, 7.5470616423e-09, 2.88817814109e-09, 4.5144106231e-09, 1.49293004625e-08, 1.74588752344e-08, 3.67578989469e-09, 9.00871932608e-10, 1.97585969808e-09, 7.00074220816e-10, 4.4550466094e-10, 2.18794635187e-10, 8.46988451597e-11, 8.9773820322e-11, 6.01922747756e-11, 2.87085424877e-11, 2.84813405499e-11, 3.27276643286e-11, 2.82388140649e-11, 2.42197945727e-11, 1.93545249272e-11, 2.22261705568e-11, 2.24570292917e-11, 1.06989703555e-11]
    },
    "mfcc": {
        "mean": [-600.296447754, 96.4133682251, -1.87023794651, 34.061050415, 10.0250711441, 4.51929283142, 0.195155441761, 6.47552728653, 3.04300928116, 5.52611875534, -0.128314435482, 3.67886185646, -0.232532456517],
        "cov": [[4861.00732422, -203.99118042, -412.626983643, -211.515731812, -185.224395752, -75.711479187, -132.630462646, -142.017425537, -42.5305900574, -8.55296516418, 29.2859115601, -64.5009231567, -47.5772857666], [-203.99118042, 576.342956543, -84.7054519653, 134.723571777, -9.02498054504, 20.0968971252, 37.795375824, 44.8172950745, 18.2660579681, 30.9670505524, 15.6045227051, 56.4959068298, 7.67934036255], [-412.626983643, -84.7054519653, 435.024078369, -21.0125675201, 79.3911819458, 29.4048786163, 23.2958698273, 24.8177680969, -5.91534852982, 21.6987857819, 9.88199901581, 2.18524384499, 31.3030948639], [-211.515731812, 134.723571777, -21.0125675201, 220.323501587, 62.4389381409, 34.0959777832, 20.349861145, 24.8673324585, 13.875213623, -10.6496963501, -26.4477863312, 24.250125885, 19.3191833496], [-185.224395752, -9.02498054504, 79.3911819458, 62.4389381409, 159.147994995, 30.2536087036, 13.6076192856, -4.38452672958, 17.1645889282, 4.14016389847, -6.25126504898, 11.2377967834, 18.0990123749], [-75.711479187, 20.0968971252, 29.4048786163, 34.0959777832, 30.2536087036, 92.2348403931, 42.2352294922, 24.1254615784, -5.70459413528, -2.35533928871, 11.158454895, 7.35685873032, 8.86439323425], [-132.630462646, 37.795375824, 23.2958698273, 20.349861145, 13.6076192856, 42.2352294922, 117.203163147, 52.3445129395, 15.1985845566, -28.8440132141, 10.0866031647, 13.6846160889, 3.07124447823], [-142.017425537, 44.8172950745, 24.8177680969, 24.8673324585, -4.38452672958, 24.1254615784, 52.3445129395, 93.9177703857, 18.4542369843, -8.0511598587, -0.982971668243, 12.6195707321, 7.28983449936], [-42.5305900574, 18.2660579681, -5.91534852982, 13.875213623, 17.1645889282, -5.70459413528, 15.1985845566, 18.4542369843, 74.0070037842, 15.3629541397, 7.90222024918, 1.53937661648, -3.41994428635], [-8.55296516418, 30.9670505524, 21.6987857819, -10.6496963501, 4.14016389847, -2.35533928871, -28.8440132141, -8.0511598587, 15.3629541397, 107.553909302, 25.6462879181, 12.6286821365, 0.0186330545694], [29.2859115601, 15.6045227051, 9.88199901581, -26.4477863312, -6.25126504898, 11.158454895, 10.0866031647, -0.982971668243, 7.90222024918, 25.6462879181, 80.4456863403, 18.2179737091, 1.00437700748], [-64.5009231567, 56.4959068298, 2.18524384499, 24.250125885, 11.2377967834, 7.35685873032, 13.6846160889, 12.6195707321, 1.53937661648, 12.6286821365, 18.2179737091, 68.6036071777, 20.5108776093], [-47.5772857666, 7.67934036255, 31.3030948639, 19.3191833496, 18.0990123749, 8.86439323425, 3.07124447823, 7.28983449936, -3.41994428635, 0.0186330545694, 1.00437700748, 20.5108776093, 70.0545349121]],
