{
"lowlevel": {
    "average_loudness": 0.64200347662,
    "barkbands_crest": {
        "dmean": 2.60585069656,
        "dmean2": 4.33917427063,
        "dvar": 6.9913444519,
        "dvar2": 19.3103027344,
        "max": 24.9092121124,
        "mean": 10.3854646683,
        "median": 9.53240585327,
        "min": 3.19717907906,
        "var": 16.5534877777
    },
    "barkbands_flatness_db": {
        "dmean": 0.0215194560587,
        "dmean2": 0.0333478599787,
        "dvar": 0.000502426235471,
        "dvar2": 0.00116279046051,
        "max": 0.583477914333,
        "mean": 0.160213559866,
        "median": 0.149244874716,
        "min": 0.0314353778958,
        "var": 0.00397489359602
    },
    "barkbands_kurtosis": {
        "dmean": 3.52888298035,
        "dmean2": 5.73791885376,
        "dvar": 50.1436462402,
        "dvar2": 132.170547485,
        "max": 165.671798706,
        "mean": 6.8478512764,
        "median": 2.84232497215,
        "min": -1.92819535732,
        "var": 171.452819824
    },
    "barkbands_skewness": {
        "dmean": 0.543259263039,
        "dmean2": 0.865883648396,
        "dvar": 0.411824941635,
        "dvar2": 1.05981421471,
        "max": 11.1167068481,
        "mean": 1.70098257065,
        "median": 1.47823262215,
        "min": -2.17523884773,
        "var": 2.35909700394
    },
    "barkbands_spread": {
        "dmean": 3.86850833893,
        "dmean2": 6.12719678879,
        "dvar": 24.6661663055,
        "dvar2": 57.7655525208,
        "max": 105.091835022,
        "mean": 16.1238098145,
        "median": 14.7895011902,
        "min": 0.504039525986,
        "var": 91.0979919434
    },
    "dissonance": {
        "dmean": 0.0205030236393,
        "dmean2": 0.0342046022415,
        "dvar": 0.000434467714513,
        "dvar2": 0.00117469159886,
        "max": 0.500000059605,
        "mean": 0.454021036625,
        "median": 0.463510632515,
        "min": 0.220598146319,
        "var": 0.00136809307151
    },
    "dynamic_complexity": 4.78727293015,
    "erbbands_crest": {
        "dmean": 2.72791481018,
        "dmean2": 4.28540992737,
        "dvar": 7.93932962418,
        "dvar2": 18.8154144287,
        "max": 32.2767753601,
        "mean": 11.0136461258,
        "median": 9.52989864349,
        "min": 2.32579851151,
        "var": 37.3192634583
    },
    "erbbands_flatness_db": {
        "dmean": 0.0178135391325,
        "dmean2": 0.0253176707774,
        "dvar": 0.000340741011314,
        "dvar2": 0.000639548525214,
        "max": 0.430836856365,
        "mean": 0.170884251595,
        "median": 0.168992966413,
        "min": 0.0314063020051,
        "var": 0.00228430726565
    },
    "erbbands_kurtosis": {
        "dmean": 1.10404396057,
        "dmean2": 1.69386196136,
        "dvar": 4.87138700485,
        "dvar2": 9.94327545166,
        "max": 61.213432312,
        "mean": 1.15947401524,
        "median": 0.126921415329,
        "min": -1.82698786259,
        "var": 12.7797517776
    },
    "erbbands_skewness": {
        "dmean": 0.35597038269,
        "dmean2": 0.543804168701,
        "dvar": 0.143570825458,
        "dvar2": 0.327042669058,
        "max": 6.17073726654,
        "mean": 0.550200819969,
        "median": 0.482105642557,
        "min": -3.01939916611,
        "var": 0.709772050381
    },
    "erbbands_spread": {
        "dmean": 6.92639446259,
        "dmean2": 10.3821077347,
        "dvar": 73.0102767944,
        "dvar2": 158.493774414,
        "max": 146.828094482,
        "mean": 34.7572746277,
        "median": 32.2965545654,
        "min": 1.29913759232,
        "var": 331.298126221
    },
    "hfc": {
        "dmean": 3.91881871223,
        "dmean2": 5.94929838181,
        "dvar": 48.7749595642,
        "dvar2": 118.561157227,
        "max": 111.186676025,
        "mean": 14.3881120682,
        "median": 9.29926109314,
        "min": 1.04986742727e-16,
        "var": 225.92237854
    },
    "melbands_crest": {
        "dmean": 3.12244033813,
        "dmean2": 5.1468000412,
        "dvar": 8.22895145416,
        "dvar2": 22.2610397339,
        "max": 31.7240142822,
        "mean": 14.7365007401,
        "median": 13.9223794937,
        "min": 1.51858651638,
        "var": 33.8235244751
    },
    "melbands_flatness_db": {
        "dmean": 0.0254290774465,
        "dmean2": 0.0397309027612,
        "dvar": 0.000774218293373,
        "dvar2": 0.00177754589822,
        "max": 0.723180413246,
        "mean": 0.225358590484,
        "median": 0.213715955615,
        "min": 0.00159714871552,
        "var": 0.00757005484775
    },
    "melbands_kurtosis": {
        "dmean": 8.14320659637,
        "dmean2": 13.2995758057,
        "dvar": 272.803100586,
        "dvar2": 712.279296875,
        "max": 522.888183594,
        "mean": 17.2244529724,
        "median": 7.3944683075,
        "min": -1.75741136074,
        "var": 988.929443359
    },
    "melbands_skewness": {
        "dmean": 0.754692733288,
        "dmean2": 1.19029641151,
        "dvar": 0.847007334232,
        "dvar2": 2.13844847679,
        "max": 17.3503799438,
        "mean": 2.68998742104,
        "median": 2.27378463745,
        "min": -1.18785512447,
        "var": 4.19833993912
    },
    "melbands_spread": {
        "dmean": 4.79181480408,
        "dmean2": 7.67671775818,
        "dvar": 41.5105323792,
        "dvar2": 102.558929443,
        "max": 159.854019165,
        "mean": 20.6244659424,
        "median": 16.079662323,
        "min": 0.401006877422,
        "var": 543.61529541
    },
    "pitch_salience": {
        "dmean": 0.0698493719101,
        "dmean2": 0.113916710019,
        "dvar": 0.00451359618455,
        "dvar2": 0.0122907254845,
        "max": 0.947133898735,
        "mean": 0.526180744171,
        "median": 0.531490564346,
        "min": 0.0743487924337,
        "var": 0.01615200378
    },
    "silence_rate_20dB": {
        "dmean": 0,
        "dmean2": 0,
        "dvar": 0,
        "dvar2": 0,
        "max": 1,
        "mean": 1,
        "median": 1,
        "min": 1,
        "var": 0
    },
    "silence_rate_30dB": {
        "dmean": 0.00554086407647,
        "dmean2": 0.0110831232741,
        "dvar": 0.00551002053544,
        "dvar2": 0.014738089405,
        "max": 1,
        "mean": 0.996348500252,
        "median": 1,
        "min": 0,
        "var": 0.00363815319724
    },
    "silence_rate_60dB": {
        "dmean": 0.0176300220191,
        "dmean2": 0.0352644845843,
        "dvar": 0.0173180475831,
        "dvar2": 0.0383029133081,
        "max": 1,
        "mean": 0.168723240495,
        "median": 0,
        "min": 0,
        "var": 0.140242218971
    },
    "spectral_centroid": {
        "dmean": 178.822875977,
        "dmean2": 286.665344238,
        "dvar": 73247.140625,
        "dvar2": 166736.03125,
        "max": 11894.6816406,
        "mean": 1283.19299316,
        "median": 950.542724609,
        "min": 125.551254272,
        "var": 3304797.5
    },
    "spectral_complexity": {
        "dmean": 2.57045722008,
        "dmean2": 4.05994939804,
        "dvar": 10.9028682709,
        "dvar2": 23.9550590515,
        "max": 54,
        "mean": 14.0794506073,
        "median": 14,
        "min": 0,
        "var": 73.3423919678
    },
    "spectral_decrease": {
        "dmean": 2.44038944608e-09,
        "dmean2": 4.0151362235e-09,
        "dvar": 1.66071331047e-17,
        "dvar2": 4.44170147819e-17,
        "max": 1.76182795384e-28,
        "mean": -6.06785643953e-09,
        "median": -4.60211868614e-09,
        "min": -3.92288193041e-08,
        "var": 3.46157417776e-17
    },
    "spectral_energy": {
        "dmean": 0.00950314104557,
        "dmean2": 0.0155878448859,
        "dvar": 0.000249345233897,
        "dvar2": 0.000664198189043,
        "max": 0.154180347919,
        "mean": 0.0242065750062,
        "median": 0.0183522924781,
        "min": 9.8149172128e-21,
        "var": 0.000545410672203
    },
    "spectral_energyband_high": {
        "dmean": 0.000119150608953,
        "dmean2": 0.000186183868209,
        "dvar": 6.47113012064e-08,
        "dvar2": 1.57504715048e-07,
        "max": 0.00500052096322,
        "mean": 0.000316091725836,
        "median": 0.000159514107509,
        "min": 7.00986293731e-21,
        "var": 1.71585583075e-07
    },
    "spectral_energyband_low": {
        "dmean": 0.00612776912749,
        "dmean2": 0.0106913642958,
        "dvar": 0.000157120841322,
        "dvar2": 0.000438715185737,
        "max": 0.115401856601,
        "mean": 0.00861706305295,
        "median": 0.00487025640905,
        "min": 6.07806756737e-24,
        "var": 0.000155581597937
    },
    "spectral_energyband_middle_high": {
        "dmean": 0.00148577697109,
        "dmean2": 0.00223089498468,
        "dvar": 9.49446439336e-06,
        "dvar2": 2.21626251005e-05,
        "max": 0.0600747950375,
        "mean": 0.00426666764542,
        "median": 0.00189005502034,
        "min": 1.17983531403e-21,
        "var": 3.33607422363e-05
    },
    "spectral_energyband_middle_low": {
        "dmean": 0.00451289303601,
        "dmean2": 0.00701056839898,
        "dvar": 7.11897591827e-05,
        "dvar2": 0.000180589049705,
        "max": 0.118590056896,
        "mean": 0.0128059480339,
        "median": 0.00811645295471,
        "min": 1.6735461961e-22,
        "var": 0.000216718879528
    },
    "spectral_entropy": {
        "dmean": 0.15851713717,
        "dmean2": 0.23003976047,
        "dvar": 0.0391802303493,
        "dvar2": 0.0732215568423,
        "max": 9.83006191254,
        "mean": 7.43947505951,
        "median": 7.47706604004,
        "min": 3.75116848946,
        "var": 0.435394138098
    },
    "spectral_flux": {
        "dmean": 0.0244549829513,
        "dmean2": 0.0384680554271,
        "dvar": 0.00111698405817,
        "dvar2": 0.00220822077245,
        "max": 0.302224338055,
        "mean": 0.0711296349764,
        "median": 0.0600377842784,
        "min": 6.33188848576e-11,
        "var": 0.0028988190461
    },
    "spectral_kurtosis": {
        "dmean": 2.11072611809,
        "dmean2": 3.57843470573,
        "dvar": 11.6296443939,
        "dvar2": 30.3804855347,
        "max": 99.3459396362,
        "mean": 5.33297920227,
        "median": 3.97893929482,
        "min": -1.29290878773,
        "var": 40.2385673523
    },
    "spectral_rms": {
        "dmean": 0.000807758420706,
        "dmean2": 0.00128372164909,
        "dvar": 1.18699449558e-06,
        "dvar2": 3.07185450765e-06,
        "max": 0.0122645767406,
        "mean": 0.00424390658736,
        "median": 0.0042313914746,
        "min": 3.09443508144e-12,
        "var": 5.60546868655e-06
    },
    "spectral_rolloff": {
        "dmean": 279.158660889,
        "dmean2": 483.028564453,
        "dvar": 328512.0625,
        "dvar2": 803763.9375,
        "max": 19681.3476562,
        "mean": 1481.38964844,
        "median": 753.662109375,
        "min": 86.1328125,
        "var": 10687026
    },
    "spectral_skewness": {
        "dmean": 0.253701925278,
        "dmean2": 0.411542385817,
        "dvar": 0.096306309104,
        "dvar2": 0.225555583835,
        "max": 8.7660150528,
        "mean": 1.63535225391,
        "median": 1.53724241257,
        "min": -0.0965597257018,
        "var": 0.513443827629
    },
    "spectral_spread": {
        "dmean": 461673.71875,
        "dmean2": 687971.4375,
        "dvar": 897789526016,
        "dvar2": 1.94042816102e+12,
        "max": 50718728,
        "mean": 5203477.5,
        "median": 3987485.75,
        "min": 778040.5625,
        "var": 4.27429608817e+13
    },
    "spectral_strongpeak": {
        "dmean": 0.548995733261,
        "dmean2": 0.929196238518,
        "dvar": 1.07881104946,
        "dvar2": 2.76706910133,
        "max": 13.5713605881,
        "mean": 1.06847763062,
        "median": 0.371393322945,
        "min": 0,
        "var": 2.51651406288
    },
    "zerocrossingrate": {
        "dmean": 0.00648416113108,
        "dmean2": 0.00821013562381,
        "dvar": 6.89768930897e-05,
        "dvar2": 0.000112295383587,
        "max": 0.52978515625,
        "mean": 0.0568506419659,
        "median": 0.04052734375,
        "min": 0.00390625,
        "var": 0.00714512867853
    },
    "barkbands": {
        "dmean": [0.000190100734471, 0.00453626736999, 0.00185213750228, 0.00118869997095, 0.00178609217983, 0.000426589918789, 0.000839437299874, 0.000675034592859, 0.00123868195806, 0.000769693928305, 0.00036172757973, 0.000303891982185, 0.000230170524446, 0.000228804041399, 0.000349626410753, 0.000197212517378, 0.000180801682291, 6.61346130073e-05, 5.02758521179e-05, 6.53729803162e-05, 3.74172777811e-05, 3.55694937753e-05, 2.52093614108e-05, 1.47368100443e-05, 7.55209157433e-06, 3.50203004018e-06, 1.86387154599e-07],
        "dmean2": [0.000291100499453, 0.00817541219294, 0.00311880372465, 0.00194902869407, 0.00302200904116, 0.000684554572217, 0.00135875982232, 0.00106044288259, 0.00177368230652, 0.00107926386409, 0.000552055193111, 0.000471278181067, 0.000367318949429, 0.000355994008714, 0.000549841555767, 0.000317519647069, 0.000285006157355, 0.000109619759314, 8.29931086628e-05, 0.000110495217086, 6.24624008196e-05, 5.71407363168e-05, 3.99102573283e-05, 2.21386817429e-05, 1.14492941066e-05, 5.43945679965e-06, 3.17939083061e-07],
        "dvar": [1.96169068545e-07, 0.000124990561744, 8.83214852365e-06, 3.46187675859e-06, 1.61583211593e-05, 1.09247207547e-06, 6.59613351672e-06, 3.47164518644e-06, 1.11340586955e-05, 5.39132724953e-06, 3.05238518195e-06, 1.6829848164e-06, 6.1756662717e-07, 4.29353463005e-07, 1.09902100576e-06, 1.60271483196e-07, 3.25797117284e-07, 2.04341130683e-08, 1.23445325073e-08, 1.58610067302e-08, 8.2269409063e-09, 5.68572122717e-09, 4.25207380417e-09, 2.25471463722e-09, 4.01013500184e-10, 1.30281563315e-10, 5.63023965557e-13],
        "dvar2": [3.68221975577e-07, 0.000356139789801, 2.38364718825e-05, 9.04606713448e-06, 4.42261480202e-05, 2.76325317827e-06, 1.76548073796e-05, 8.73525095813e-06, 2.37514777837e-05, 9.2616164693e-06, 6.98271469446e-06, 3.95282950194e-06, 1.46929608036e-06, 9.27466942358e-07, 2.85488795271e-06, 3.98991346628e-07, 7.41972598917e-07, 5.32118740182e-08, 3.04931226935e-08, 4.18986694228e-08, 2.21255795907e-08, 1.40331568588e-08, 1.0039509668e-08, 5.03814412411e-09, 9.29575416642e-10, 3.38308298042e-10, 1.52279675415e-12],
        "max": [0.00563508970663, 0.099715590477, 0.073109343648, 0.0268989894539, 0.0522515848279, 0.0184216108173, 0.0424724556506, 0.0375643633306, 0.0665158629417, 0.0740061700344, 0.0569601356983, 0.0454234927893, 0.0201514717191, 0.0145870242268, 0.0296628177166, 0.00703888013959, 0.0200894679874, 0.00390280829743, 0.00389870000072, 0.00226378883235, 0.00147510645911, 0.00140742957592, 0.00259212474339, 0.00146588520147, 0.000764682132285, 0.000226080301218, 2.02900246222e-05],
        "mean": [0.000224912830163, 0.00420644320548, 0.00306339468807, 0.00225385278463, 0.00268944213167, 0.000739265000448, 0.00119192549028, 0.00115180853754, 0.00329974852502, 0.00184590567369, 0.000570343458094, 0.000424983125413, 0.000316050223773, 0.000359689933248, 0.000562643515877, 0.000376038689865, 0.000323970045429, 0.000123055782751, 9.92934874375e-05, 0.00011502228881, 7.58102396503e-05, 7.96468812041e-05, 5.98226215516e-05, 3.41461927746e-05, 1.46444617712e-05, 4.54795326732e-06, 1.64686994708e-07],
        "median": [1.59252849699e-05, 0.00116165471263, 0.00172149424907, 0.00134823750705, 0.00152200949378, 0.000395285547711, 0.000423835532274, 0.000215301755816, 0.000403255398851, 0.000209404912312, 0.000108111198642, 9.70145920292e-05, 8.75926270965e-05, 0.000110898850835, 0.000109026383143, 0.000161681920872, 0.000115099814138, 6.37754565105e-05, 6.02550353506e-05, 6.03510634392e-05, 4.0878479922e-05, 3.09102615574e-05, 2.06463737413e-05, 1.21033945106e-05, 5.72680937694e-06, 1.321097443e-06, 1.82479222843e-08],
        "min": [1.19081659783e-25, 7.50864039214e-25, 1.68657586394e-25, 5.3795792577e-25, 4.98887232717e-24, 5.40363606404e-24, 3.31456712066e-24, 3.74130497721e-24, 1.03945156478e-23, 1.62157174826e-23, 7.49775371722e-24, 2.4725524521e-23, 2.31371057567e-23, 2.61506743215e-23, 3.9545584557e-23, 3.64348409504e-23, 6.22134648032e-23, 6.32705573488e-23, 1.27379692773e-22, 1.32771336179e-22, 2.06299193132e-22, 3.29455122669e-22, 3.31649064754e-22, 5.33304656566e-22, 7.74275283602e-22, 1.21447451192e-21, 1.94973477988e-21],
        "var": [2.80131700947e-07, 9.14671036298e-05, 1.55618672579e-05, 7.74749423726e-06, 1.64104130818e-05, 1.47245452808e-06, 6.40869166091e-06, 6.46186026643e-06, 7.37449590815e-05, 3.39002326655e-05, 5.42003090231e-06, 2.64213167611e-06, 9.48936872192e-07, 7.55248720452e-07, 1.79132052835e-06, 3.59866561439e-07, 6.02244256243e-07, 3.75801150199e-08, 2.00419520979e-08, 2.59728150098e-08, 1.2066184496e-08, 1.39924605236e-08, 9.60360324598e-09, 5.73591396602e-09, 9.88625292742e-10, 1.24206117613e-10, 4.00517889253e-13]
    },
    "erbbands": {
        "dmean": [0.124524980783, 1.04114091396, 2.1293823719, 2.91865611076, 6.15188884735, 5.57489490509, 3.22905087471, 3.64194774628, 7.30295276642, 19.9067840576, 12.7652101517, 31.5721187592, 29.7539100647, 11.4908695221, 13.5468864441, 13.5297012329, 10.7791423798, 11.018737793, 10.7840242386, 20.5684509277, 10.1937456131, 6.93889713287, 3.65671181679, 2.46623873711, 2.82726192474, 3.06173467636, 1.77180528641, 1.47015488148, 1.33878672123, 1.04479455948, 0.727769255638, 0.398879826069, 0.202290430665, 0.100778087974, 0.0476721040905, 0.0189177803695, 0.00558439875022, 0.00104750040919, 2.35119423451e-05, 1.09876382339e-05],
        "dmean2": [0.22391615808, 1.87246108055, 3.63638997078, 4.75798082352, 10.2962265015, 9.60040187836, 5.14703893661, 5.97982120514, 11.3566160202, 32.4969673157, 19.588470459, 44.4350585938, 41.2130737305, 17.297870636, 20.6346759796, 20.6182346344, 16.7917423248, 17.2861328125, 16.9530239105, 32.2208633423, 16.2549991608, 11.0160102844, 5.99020767212, 4.05261468887, 4.63715219498, 5.15928506851, 3.01266217232, 2.45052027702, 2.16549062729, 1.65140330791, 1.14338719845, 0.612175285816, 0.308306097984, 0.156541585922, 0.0725643336773, 0.0292116999626, 0.00870928075165, 0.00169378053397, 3.74029295926e-05, 1.78882619366e-05],
        "dvar": [0.101678408682, 6.27410650253, 12.9670476913, 20.0461006165, 157.438171387, 170.303192139, 47.2268447876, 89.8698348999, 440.246398926, 3650.94458008, 1300.85327148, 7759.12353516, 8113.96484375, 2127.82592773, 3563.60522461, 3464.33325195, 1323.32116699, 1195.49084473, 791.207824707, 4468.37548828, 519.980285645, 289.200073242, 59.9521598816, 31.0425510406, 36.073841095, 35.9593467712, 17.4080715179, 11.5004301071, 8.61663246155, 5.52332735062, 3.51004385948, 1.55607032776, 0.426123470068, 0.0796477347612, 0.0162873212248, 0.00314301881008, 0.000367165514035, 2.02869377972e-05, 7.25866744489e-09, 3.17688764184e-10],
        "dvar2": [0.287413626909, 17.9297084808, 36.0898742676, 51.8547973633, 425.910858154, 476.701263428, 114.027496338, 235.890274048, 1158.27355957, 9886.80371094, 3041.66064453, 16278.2949219, 14067.6386719, 5244.95068359, 7779.04980469, 7688.01757812, 3116.78515625, 2640.91699219, 1882.97241211, 11609.5605469, 1230.90197754, 690.592956543, 154.432266235, 77.4437408447, 89.21900177, 94.5321273804, 47.189239502, 30.8587913513, 21.8740997314, 12.757358551, 8.25008106232, 3.54090809822, 0.968117773533, 0.189939945936, 0.0381170995533, 0.0080211116001, 0.000958862772677, 5.38299427717e-05, 1.91646716274e-08, 8.37479918747e-10],
        "max": [2.78946900368, 22.1242980957, 60.6289672852, 73.9562072754, 168.447662354, 181.865753174, 137.23677063, 200.738265991, 614.170166016, 896.851135254, 989.988647461, 1926.52880859, 2750.81152344, 1821.82336426, 1931.18713379, 2254.24194336, 1066.59851074, 794.926025391, 1019.8371582, 1999.44714355, 692.753723145, 501.177703857, 161.804153442, 178.509414673, 177.253143311, 116.194747925, 71.2325363159, 58.2228851318, 62.2730369568, 73.0967788696, 65.9910125732, 47.230670929, 23.9491786957, 10.9502458572, 4.64120197296, 1.10991132259, 0.446694433689, 0.101757258177, 0.00186861306429, 0.000175900699105],
        "mean": [0.106140039861, 1.0070130825, 3.3113451004, 5.97817707062, 9.43679332733, 8.33416652679, 5.62379312515, 6.12949752808, 12.5813531876, 29.4141864777, 26.7055587769, 89.1415634155, 77.1138458252, 21.4145240784, 22.7199554443, 20.8872108459, 16.1228733063, 17.4740600586, 19.8555679321, 34.7839431763, 22.0903682709, 14.1245203018, 7.43300390244, 5.12257862091, 5.75474882126, 5.44214248657, 3.28917622566, 2.95561265945, 2.81950211525, 2.42789363861, 1.70349240303, 0.907061636448, 0.457914859056, 0.210528180003, 0.0831730589271, 0.0270488746464, 0.00700483238325, 0.0011155862594, 3.57164535671e-05, 2.90831303573e-05],
        "median": [0.017439302057, 0.332890480757, 1.90837359428, 4.08812332153, 5.66348552704, 4.30850219727, 3.20120620728, 3.24670314789, 5.26903963089, 7.55023193359, 6.23437404633, 10.219121933, 9.52499485016, 6.05426692963, 5.28352642059, 5.01239013672, 4.97409439087, 5.80825424194, 5.78097820282, 7.79424095154, 10.0154695511, 6.21585178375, 3.9455780983, 3.1737165451, 3.41542983055, 2.86216640472, 1.78050577641, 1.5444009304, 1.06675696373, 0.922592759132, 0.566065192223, 0.313096225262, 0.161486804485, 0.0763580799103, 0.0330286994576, 0.00924608297646, 0.00191848992836, 0.000246472918661, 2.02522423933e-05, 2.23748502322e-05],
        "min": [5.9095425811e-23, 2.97548412735e-22, 9.84442167089e-22, 2.8051281886e-21, 8.02186187122e-21, 1.9578379591e-20, 3.73394433762e-20, 4.98485565065e-20, 1.30341317737e-19, 1.39967800137e-19, 2.01515543632e-19, 3.09943644945e-19, 4.1681269175e-19, 4.93489180908e-19, 8.73063700746e-19, 1.13525007303e-18, 1.14196574562e-18, 1.62127699913e-18, 2.22883691975e-18, 2.23454694752e-18, 3.0406966998e-18, 4.11503825899e-18, 4.27099365091e-18, 5.11690287331e-18, 7.40640480559e-18, 7.2526542636e-18, 8.46340762518e-18, 8.94848867025e-18, 9.96548076361e-18, 1.02999189843e-17, 9.84281649621e-18, 9.13372501509e-18, 8.24390449629e-18, 7.20938858166e-18, 5.54535389288e-18, 3.53213566186e-18, 2.08190648191e-18, 9.30708470069e-19, 2.21325795519e-19, 2.63839806158e-20],
        "var": [0.0759613960981, 4.57982158661, 17.8495674133, 47.2201919556, 173.982925415, 175.778167725, 70.9540100098, 107.347984314, 585.713439941, 4078.35400391, 3219.48803711, 56772.65625, 53235.6992188, 3374.33520508, 6959.82128906, 6133.87890625, 2160.38452148, 1915.97070312, 1473.22180176, 7677.21142578, 1359.40588379, 608.07989502, 118.893104553, 54.2275924683, 63.9251365662, 59.0005493164, 23.5729866028, 18.0733222961, 18.3679141998, 14.8283720016, 8.21011257172, 3.6167318821, 1.0546118021, 0.207569941878, 0.031497888267, 0.00367457931861, 0.000325116532622, 1.53180317284e-05, 5.88948934066e-09, 7.47621409225e-10]
    },
    "gfcc": {
        "mean": [-81.4144668579, 114.084457397, -114.653053284, 35.6360092163, -55.2157859802, 13.1050271988, -33.7083091736, 6.09476566315, -17.2657737732, -4.86556434631, -21.3966903687, -9.40196609497, -10.9766235352],
        "cov": [[52695.2734375, 2853.5546875, -5870.54882812, 1464.0982666, -2824.69824219, 1045.81750488, -1473.4987793, 639.26361084, -342.600006104, -170.52041626, -1301.69934082, -285.871612549, -445.339355469], [2853.5546875, 1378.06298828, -439.338745117, 56.0030021667, 35.7955551147, -127.274398804, 62.3743553162, -87.3328170776, -18.0068378448, -79.7588043213, 53.9465103149, -129.068511963, 25.5754776001], [-5870.54882812, -439.338745117, 1122.62731934, -40.4350624084, 359.077728271, -46.4566650391, 148.028335571, -29.7588386536, -20.5756835938, 83.601852417, 130.374237061, 90.7972946167, 24.7305717468], [1464.0982666, 56.0030021667, -40.4350624084, 332.758178711, 7.04596090317, 49.0497093201, -42.6737594604, 21.4326057434, 10.1484203339, 4.3680062294, -25.3490848541, -4.47589206696, 19.7725276947], [-2824.69824219, 35.7955551147, 359.077728271, 7.04596090317, 428.563903809, -25.8114585876, 163.408187866, -43.7861557007, 13.5246038437, 44.8360977173, 77.8604660034, 35.893157959, 56.9747238159], [1045.81750488, -127.274398804, -46.4566650391, 49.0497093201, -25.8114585876, 259.221008301, 56.7375869751, 54.1529808044, -4.34658098221, -14.3036613464, -21.804107666, 21.3363132477, -13.9561977386], [-1473.4987793, 62.3743553162, 148.028335571, -42.6737594604, 163.408187866, 56.7375869751, 248.041412354, 25.0200252533, 42.3645782471, -10.0450620651, 52.2603874207, 3.57564234734, 39.6374206543], [639.26361084, -87.3328170776, -29.7588386536, 21.4326057434, -43.7861557007, 54.1529808044, 25.0200252533, 138.641372681, 78.3482513428, 14.6099090576, -48.4457054138, -10.0015821457, 9.80857467651], [-342.600006104, -18.0068378448, -20.5756835938, 10.1484203339, 13.5246038437, -4.34658098221, 42.3645782471, 78.3482513428, 190.565032959, 0.110330298543, -8.75420570374, -44.0825691223, 32.1102867126], [-170.52041626, -79.7588043213, 83.601852417, 4.3680062294, 44.8360977173, -14.3036613464, -10.0450620651, 14.6099090576, 0.110330298543, 112.317726135, 18.7774085999, 28.0465221405, -14.2830667496], [-1301.69934082, 53.9465103149, 130.374237061, -25.3490848541, 77.8604660034, -21.804107666, 52.2603874207, -48.4457054138, -8.75420570374, 18.7774085999, 127.134368896, 24.257850647, 4.40398931503], [-285.871612549, -129.068511963, 90.7972946167, -4.47589206696, 35.893157959, 21.3363132477, 3.57564234734, -10.0015821457, -44.0825691223, 28.0465221405, 24.257850647, 99.7110519409, 11.7736339569], [-445.339355469, 25.5754776001, 24.7305717468, 19.7725276947, 56.9747238159, -13.9561977386, 39.6374206543, 9.80857467651, 32.1102867126, -14.2830667496, 4.40398931503, 11.7736339569, 78.8667907715]],
        "icov": [[0.000260805449216, -0.00062737922417, 0.00072505150456, -0.000689976557624, 0.000688704487402, -0.000814134895336, 0.000503705930896, -0.000667453452479, 0.000360971287591, -0.000718295224942, 0.00132318411488, -0.000945442181546, 0.000600226456299], [-0.00062737922417, 0.00280225509778, -0.0010276704561, 0.0012782268459, -0.0020439280197, 0.00268675433472, -0.00183071056381, 0.00167399353813, -0.000152421183884, 0.00207036454231, -0.00418065907434, 0.00378188234754, -0.00167979183607], [0.00072505150456, -0.0010276704561, 0.00379353691824, -0.00206198636442, 0.00067871977808, -0.0015595855657, 0.000954268674832, -0.00239523197524, 0.00158702232875, -0.00194487557746, 0.00238350685686, -0.00255765300244, 0.00205716723576], [-0.000689976557624, 0.0012782268459, -0.00206198636442, 0.00544721074402, -0.00232731876895, 0.000832992838696, 0.000319902726915, 0.00131204037461, -0.00103170250077, 0.00151211279444, -0.00319898780435, 0.00283826724626, -0.00307612563483], [0.000688704487402, -0.0020439280197, 0.00067871977808, -0.00232731876895, 0.00699948472902, -0.00205198838376, -0.00141743384302, 0.000947398832068, 0.000205285396078, -0.00414737686515, 0.00429116329178, -0.00305347936228, -0.000521183887031], [-0.000814134895336, 0.00268675433472, -0.0015595855657, 0.000832992838696, -0.00205198838376, 0.00845745857805, -0.00409017689526, 7.43937343941e-05, -0.000142812597915, 0.00370949530043, -0.00416158605367, 0.00152262568008, 0.000572192599066], [0.000503705930896, -0.00183071056381, 0.000954268674832, 0.000319902726915, -0.00141743384302, -0.00409017689526, 0.0093518383801, -0.0041090385057, 0.000335352029651, 0.000311722658807, -3.29194917867e-05, -0.000983719248325, -0.00076175108552], [-0.000667453452479, 0.00167399353813, -0.00239523197524, 0.00131204037461, 0.000947398832068, 7.43937343941e-05, -0.0041090385057, 0.0166061967611, -0.00646951934323, -0.00205782661214, 0.00230226386338, 0.00141963735223, -0.0026401700452], [0.000360971287591, -0.000152421183884, 0.00158702232875, -0.00103170250077, 0.000205285396078, -0.000142812597915, 0.000335352029651, -0.00646951934323, 0.00993898417801, -0.00109515548684, -0.000616624427494, 0.0037849470973, -0.00246432423592], [-0.000718295224942, 0.00207036454231, -0.00194487557746, 0.00151211279444, -0.00414737686515, 0.00370949530043, 0.000311722658807, -0.00205782661214, -0.00109515548684, 0.0145634002984, -0.00589357176796, -0.000530018412974, 0.0027467799373], [0.00132318411488, -0.00418065907434, 0.00238350685686, -0.00319898780435, 0.00429116329178, -0.00416158605367, -3.29194917867e-05, 0.00230226386338, -0.000616624427494, -0.00589357176796, 0.0199243165553, -0.00829862803221, 0.00408575404435], [-0.000945442181546, 0.00378188234754, -0.00255765300244, 0.00283826724626, -0.00305347936228, 0.00152262568008, -0.000983719248325, 0.00141963735223, 0.0037849470973, -0.000530018412974, -0.00829862803221, 0.0203953105956, -0.00789978541434], [0.000600226456299, -0.00167979183607, 0.00205716723576, -0.00307612563483, -0.000521183887031, 0.000572192599066, -0.00076175108552, -0.0026401700452, -0.00246432423592, 0.0027467799373, 0.00408575404435, -0.00789978541434, 0.0203807204962]]
    },
    "melbands": {
        "dmean": [0.00118487374857, 0.0011828673305, 0.000549493241124, 0.000459843839053, 0.000123350313515, 8.12911894172e-05, 0.000126349332277, 0.000205739706871, 0.000121692763059, 0.000193536965526, 0.000146301754285, 4.46805388492e-05, 5.13799313921e-05, 3.39918369718e-05, 3.17287231155e-05, 2.00640170078e-05, 2.29102188314e-05, 1.80072329385e-05, 2.3497357688e-05, 2.28522458201e-05, 1.37749948408e-05, 9.30469650484e-06, 4.95395534017e-06, 3.01380532619e-06, 2.06714685191e-06, 2.09227869163e-06, 2.46921990765e-06, 2.05568812817e-06, 1.26358088437e-06, 9.49370189574e-07, 8.8182895297e-07, 7.95319294866e-07, 7.57817815611e-07, 5.82141808536e-07, 5.10439008394e-07, 2.98513270991e-07, 2.50472112384e-07, 1.56045842914e-07, 1.25840330156e-07, 8.20849592742e-08],
        "dmean2": [0.0021341079846, 0.00206201686524, 0.000895949720871, 0.000785762851592, 0.000199243397219, 0.000132436005515, 0.00019836469437, 0.000332376861479, 0.000182187577593, 0.000272304663667, 0.000203225703444, 6.81018791511e-05, 7.81889393693e-05, 5.23337293998e-05, 4.89284466312e-05, 3.25630353473e-05, 3.58563593181e-05, 2.8173391911e-05, 3.70645066141e-05, 3.62224345736e-05, 2.19794801524e-05, 1.47996424857e-05, 8.10614528746e-06, 5.02107150169e-06, 3.40345741279e-06, 3.4718536881e-06, 4.07873585573e-06, 3.51337303073e-06, 2.16100420403e-06, 1.59760168117e-06, 1.47455023125e-06, 1.30546777655e-06, 1.22663107049e-06, 9.25286315123e-07, 8.18126693503e-07, 4.65623656964e-07, 3.90214637491e-07, 2.40559273834e-07, 2.00317600729e-07, 1.29548737959e-07],
        "dvar": [8.97508562048e-06, 5.13937175128e-06, 6.66676669425e-07, 1.12521706797e-06, 5.71707339247e-08, 4.35022684542e-08, 1.33476916631e-07, 3.69078520635e-07, 1.14887996006e-07, 2.88342221211e-07, 1.99291164904e-07, 3.41566810391e-08, 5.92521054443e-08, 2.12910897801e-08, 1.28486341566e-08, 4.40496261689e-09, 5.61519009068e-09, 2.30094787668e-09, 5.14372811011e-09, 3.55218454651e-09, 1.38231637248e-09, 6.95392576855e-10, 1.11233758315e-10, 4.18091290755e-11, 2.19838175441e-11, 2.13963881335e-11, 2.26432900208e-11, 1.72698452761e-11, 8.42346505048e-12, 5.41799287726e-12, 3.95520552074e-12, 3.15689293283e-12, 2.44494398685e-12, 1.89747935246e-12, 1.78873474192e-12, 6.8844913494e-13, 6.48523173098e-13, 2.8196905531e-13, 1.22115438963e-13, 5.0695945109e-14],
        "dvar2": [2.53836224147e-05, 1.44565010487e-05, 1.73712226115e-06, 3.11615372084e-06, 1.43069087244e-07, 1.12958105092e-07, 3.51513705255e-07, 9.93643993752e-07, 2.61138154656e-07, 6.040571634e-07, 3.44994759871e-07, 8.2831398629e-08, 1.2998368959e-07, 5.09483477629e-08, 3.06425249619e-08, 1.08202309335e-08, 1.20847687413e-08, 5.28823385082e-09, 1.31279813687e-08, 9.3082110908e-09, 3.151923611e-09, 1.63337809944e-09, 2.82343537439e-10, 1.07701042529e-10, 5.55670093272e-11, 5.34879432412e-11, 5.82126985504e-11, 4.63104554704e-11, 2.29439349464e-11, 1.45178018912e-11, 1.0690059081e-11, 8.21489924696e-12, 5.93270571558e-12, 4.55976315733e-12, 4.39030669458e-12, 1.54342847097e-12, 1.5078199106e-12, 6.28179040903e-13, 3.08752914728e-13, 1.22597759852e-13],
        "max": [0.0272569190711, 0.0234866552055, 0.0113674104214, 0.0132811907679, 0.00414258427918, 0.0048937080428, 0.00913399178535, 0.00970079749823, 0.00797321368009, 0.013091314584, 0.0138863464817, 0.00687148515135, 0.00828817300498, 0.00550668872893, 0.0026021185331, 0.00148085725959, 0.00182657584082, 0.0015965916682, 0.00199371390045, 0.00159899145365, 0.00124333577696, 0.0008430404705, 0.000249687087489, 0.000235068931943, 0.000146925245645, 0.000158280425239, 9.93896246655e-05, 8.02895156085e-05, 4.79575137433e-05, 4.69028673251e-05, 3.56518503395e-05, 3.47192326444e-05, 3.52349452442e-05, 5.29776916665e-05, 5.13409686391e-05, 3.44982327078e-05, 2.84899142571e-05, 2.03516228794e-05, 1.2539180716e-05, 9.19389549381e-06],
        "mean": [0.00106686516665, 0.00163992971648, 0.00115724641364, 0.000685354112647, 0.000219772744458, 0.000138404662721, 0.000205493604881, 0.000314314063871, 0.000274176098173, 0.000539804925211, 0.000363821891369, 7.51239495003e-05, 8.2334576291e-05, 4.955417171e-05, 4.73594482173e-05, 2.71779736067e-05, 3.44131258316e-05, 3.09388924506e-05, 3.82908256142e-05, 3.998034299e-05, 2.60949673248e-05, 1.70793991856e-05, 8.59519877849e-06, 5.52337951376e-06, 3.88251737604e-06, 3.83529368264e-06, 4.60579030914e-06, 3.31053843183e-06, 2.0958980258e-06, 1.76463390744e-06, 1.65216931691e-06, 1.54045642375e-06, 1.56398255058e-06, 1.24990867789e-06, 1.09329846509e-06, 6.43959879199e-07, 5.09492281253e-07, 3.22296727973e-07, 2.55505398172e-07, 1.51762705514e-07],
        "median": [0.000245634757448, 0.000904310960323, 0.000834385864437, 0.000383399426937, 0.000129505322548, 7.24585697753e-05, 8.15507301013e-05, 7.4736730312e-05, 5.10620957357e-05, 6.28306297585e-05, 4.0652903408e-05, 1.98804136744e-05, 1.56926143973e-05, 1.1034238014e-05, 1.33063822432e-05, 8.36489016365e-06, 1.0293170817e-05, 8.79258004716e-06, 7.90667036199e-06, 1.07054529508e-05, 1.14234317152e-05, 6.64798335492e-06, 3.69700160263e-06, 3.03285514747e-06, 2.29745933211e-06, 2.27457667279e-06, 2.50116090683e-06, 1.66389020251e-06, 1.04090759123e-06, 9.24179744288e-07, 8.26848179258e-07, 5.54624421056e-07, 5.80588334742e-07, 4.6036481649e-07, 3.38615535611e-07, 2.19496428144e-07, 1.63426662425e-07, 1.11698923888e-07, 8.37499669615e-08, 5.30775068341e-08],
        "min": [9.24449331534e-25, 5.59000248075e-25, 1.06427827964e-24, 1.34383746964e-24, 1.25751547762e-24, 1.04740296716e-24, 2.11656745125e-24, 1.80754913821e-24, 1.72551943699e-24, 1.95439184863e-24, 1.47734192266e-24, 1.83712649178e-24, 1.70546402898e-24, 2.16659306555e-24, 2.24874306807e-24, 2.4971019218e-24, 2.26641493286e-24, 2.38891024029e-24, 3.55369255471e-24, 1.61751077121e-24, 3.1640013812e-24, 3.61539922686e-24, 3.74201337431e-24, 3.28009863227e-24, 3.35686742012e-24, 4.68354726368e-24, 3.64435633854e-24, 3.56403136573e-24, 3.68860709659e-24, 4.55593520719e-24, 4.64678358448e-24, 5.03860566851e-24, 5.29135709697e-24, 5.19327802063e-24, 4.01346948369e-24, 5.27411180872e-24, 5.26335371813e-24, 5.06853426239e-24, 5.73664935645e-24, 5.51999580858e-24],
        "var": [6.66146570438e-06, 5.32145440957e-06, 1.5385627421e-06, 1.10330290681e-06, 9.03878287772e-08, 5.56786652339e-08, 1.62226854172e-07, 4.63374732362e-07, 4.40304887661e-07, 2.07612788472e-06, 1.28820784084e-06, 5.44379794576e-08, 1.14697250808e-07, 3.29996225901e-08, 2.01940242306e-08, 5.52675860632e-09, 9.14928932616e-09, 4.33723057469e-09, 8.70754135462e-09, 6.80261935671e-09, 2.94667845679e-09, 1.31210819987e-09, 2.10513162457e-10, 7.02111563333e-11, 3.46554243635e-11, 3.31484215077e-11, 4.19427756415e-11, 2.43150447693e-11, 1.07418553219e-11, 7.26646650837e-12, 5.99587350256e-12, 5.89501928175e-12, 6.06751237794e-12, 4.33218435084e-12, 3.70360166146e-12, 1.43026367659e-12, 1.47011623795e-12, 6.26799231008e-13, 3.00097430629e-13, 1.15524316458e-13]
    },
    "mfcc": {
        "mean": [-694.919189453, 131.782928467, 1.31450939178, 24.6912078857, 3.96052026749, 7.45227384567, -5.14701414108, 6.02890443802, 3.67346072197, 6.70395851135, -3.29914879799, -3.54217791557, -2.30370330811],
        "cov": [[17598.8066406, 1398.32824707, -803.451965332, 62.6511573792, -360.199035645, 140.714736938, -572.565246582, 385.401519775, 515.728637695, 349.963684082, -121.200645447, -96.4646224976, -57.9819259644], [1398.32824707, 1501.65722656, -127.835792542, 161.25932312, 6.09349346161, 26.841468811, 72.6754150391, -2.52175307274, -36.9482002258, 9.96750068665, 3.72756361961, -12.2972869873, -6.51901721954], [-803.451965332, -127.835792542, 437.686920166, 73.8337402344, 78.0150756836, 20.7737083435, 60.5609855652, -6.7035651207, -24.7474918365, -22.9540615082, 6.0112452507, 27.472743988, 11.7286586761], [62.6511573792, 161.25932312, 73.8337402344, 291.626556396, 107.667816162, 28.5131492615, 24.3313140869, -30.1014595032, 29.8015060425, -15.2485656738, -15.3170394897, 32.2665214539, 14.1939344406], [-360.199035645, 6.09349346161, 78.0150756836, 107.667816162, 184.143554688, 52.2142219543, 27.2026309967, -10.5113191605, 20.8704299927, -1.79519963264, -6.39118719101, 16.1921310425, 17.3141117096], [140.714736938, 26.841468811, 20.7737083435, 28.5131492615, 52.2142219543, 161.146331787, 100.801940918, 40.1429176331, 1.40683054924, -18.2364006042, 12.5830049515, 12.3264417648, 5.76146936417], [-572.565246582, 72.6754150391, 60.5609855652, 24.3313140869, 27.2026309967, 100.801940918, 210.939483643, 33.5484733582, -22.7302207947, -41.727684021, 18.9886379242, 20.8013114929, 2.74640846252], [385.401519775, -2.52175307274, -6.7035651207, -30.1014595032, -10.5113191605, 40.1429176331, 33.5484733582, 137.982757568, 64.1166229248, 36.3446311951, 0.885334849358, -3.69641566277, 11.1616640091], [515.728637695, -36.9482002258, -24.7474918365, 29.8015060425, 20.8704299927, 1.40683054924, -22.7302207947, 64.1166229248, 180.153823853, 71.052734375, 3.08682703972, 4.17446088791, 6.03840732574], [349.963684082, 9.96750068665, -22.9540615082, -15.2485656738, -1.79519963264, -18.2364006042, -41.727684021, 36.3446311951, 71.052734375, 130.519378662, 34.4567527771, -6.17853021622, 8.85115528107], [-121.200645447, 3.72756361961, 6.0112452507, -15.3170394897, -6.39118719101, 12.5830049515, 18.9886379242, 0.885334849358, 3.08682703972, 34.4567527771, 78.1381759644, 20.875371933, 1.77450203896], [-96.4646224976, -12.2972869873, 27.472743988, 32.2665214539, 16.1921310425, 12.3264417648, 20.8013114929, -3.69641566277, 4.17446088791, -6.17853021622, 20.875371933, 74.889503479, 34.2427215576], [-57.9819259644, -6.51901721954, 11.7286586761, 14.1939344406, 17.3141117096, 5.76146936417, 2.74640846252, 11.1616640091, 6.03840732574, 8.85115528107, 1.77450203896, 34.2427215576, 76.6521987915]],
