{
"lowlevel": {
    "average_loudness": 0.914493501186,
    "barkbands_crest": {
        "dmean": 1.9927021265,
        "dmean2": 3.28989267349,
        "dvar": 4.01000881195,
        "dvar2": 10.5389328003,
        "max": 22.6005516052,
        "mean": 7.26130580902,
        "median": 6.53780841827,
        "min": 2.21711874008,
        "var": 8.93032455444
    },
    "barkbands_flatness_db": {
        "dmean": 0.0161598101258,
        "dmean2": 0.024248611182,
        "dvar": 0.000274978607194,
        "dvar2": 0.000639367266558,
        "max": 0.275489211082,
        "mean": 0.0973397418857,
        "median": 0.0906702578068,
        "min": 0.0176007524133,
        "var": 0.00156742450781
    },
    "barkbands_kurtosis": {
        "dmean": 1.63076996803,
        "dmean2": 2.67715215683,
        "dvar": 11.2945661545,
        "dvar2": 30.6438751221,
        "max": 83.181060791,
        "mean": 2.24404931068,
        "median": 0.42658829689,
        "min": -1.91785049438,
        "var": 27.3425559998
    },
    "barkbands_skewness": {
        "dmean": 0.390918552876,
        "dmean2": 0.629520475864,
        "dvar": 0.195919707417,
        "dvar2": 0.499343395233,
        "max": 7.98157119751,
        "mean": 1.29520261288,
        "median": 1.08423304558,
        "min": -2.23145484924,
        "var": 0.984674870968
    },
    "barkbands_spread": {
        "dmean": 5.12977790833,
        "dmean2": 8.01616764069,
        "dvar": 37.4365005493,
        "dvar2": 82.4093704224,
        "max": 122.112159729,
        "mean": 27.7135047913,
        "median": 26.7664146423,
        "min": 2.86071610451,
        "var": 144.236953735
    },
    "dissonance": {
        "dmean": 0.0120419049636,
        "dmean2": 0.0205355137587,
        "dvar": 0.00013470518752,
        "dvar2": 0.000368188135326,
        "max": 0.500000059605,
        "mean": 0.476431012154,
        "median": 0.480036735535,
        "min": 0.339995086193,
        "var": 0.000274551217444
    },
    "dynamic_complexity": 2.71013474464,
    "erbbands_crest": {
        "dmean": 1.90984940529,
        "dmean2": 3.1055598259,
        "dvar": 3.2164683342,
        "dvar2": 8.2785320282,
        "max": 23.8882637024,
        "mean": 7.22941207886,
        "median": 6.58037567139,
        "min": 2.355489254,
        "var": 8.92348575592
    },
    "erbbands_flatness_db": {
        "dmean": 0.0141858821735,
        "dmean2": 0.0185440480709,
        "dvar": 0.000189536614926,
        "dvar2": 0.000303773587802,
        "max": 0.283490180969,
        "mean": 0.133435487747,
        "median": 0.131889760494,
        "min": 0.0377592928708,
        "var": 0.00147030525841
    },
    "erbbands_kurtosis": {
        "dmean": 0.453597009182,
        "dmean2": 0.732836842537,
        "dvar": 0.434503048658,
        "dvar2": 1.01738548279,
        "max": 29.7541618347,
        "mean": -0.272472411394,
        "median": -0.506016254425,
        "min": -1.71498262882,
        "var": 1.08313000202
    },
    "erbbands_skewness": {
        "dmean": 0.246303424239,
        "dmean2": 0.389925628901,
        "dvar": 0.0552666001022,
        "dvar2": 0.129213765264,
        "max": 2.37691521645,
        "mean": 0.0204186346382,
        "median": 0.050098195672,
        "min": -4.9804353714,
        "var": 0.306357443333
    },
    "erbbands_spread": {
        "dmean": 6.58422517776,
        "dmean2": 10.1181278229,
        "dvar": 48.2403335571,
        "dvar2": 111.270042419,
        "max": 136.334518433,
        "mean": 42.6332550049,
        "median": 39.161151886,
        "min": 9.03366565704,
        "var": 280.957946777
    },
    "hfc": {
        "dmean": 5.48970937729,
        "dmean2": 8.11987018585,
        "dvar": 67.2265090942,
        "dvar2": 151.14982605,
        "max": 117.295036316,
        "mean": 24.2710933685,
        "median": 21.1664123535,
        "min": 1.05867107744e-16,
        "var": 300.772583008
    },
    "melbands_crest": {
        "dmean": 2.80352687836,
        "dmean2": 4.60789823532,
        "dvar": 6.28334617615,
        "dvar2": 16.421754837,
        "max": 32.0188674927,
        "mean": 11.9189977646,
        "median": 11.2550449371,
        "min": 1.67435240746,
        "var": 18.9751167297
    },
    "melbands_flatness_db": {
        "dmean": 0.0210852902383,
        "dmean2": 0.0326960980892,
        "dvar": 0.000481974100694,
        "dvar2": 0.00116212805733,
        "max": 0.375996291637,
        "mean": 0.171243816614,
        "median": 0.164704471827,
        "min": 0.00317064067349,
        "var": 0.00289137032814
    },
    "melbands_kurtosis": {
        "dmean": 5.04733896255,
        "dmean2": 8.25195789337,
        "dvar": 118.6067276,
        "dvar2": 312.303375244,
        "max": 247.44682312,
        "mean": 10.6193370819,
        "median": 5.16648960114,
        "min": -1.73673355579,
        "var": 271.011016846
    },
    "melbands_skewness": {
        "dmean": 0.57538163662,
        "dmean2": 0.923380196095,
        "dvar": 0.459797918797,
        "dvar2": 1.14765632153,
        "max": 13.0341815948,
        "mean": 2.49222970009,
        "median": 2.14883422852,
        "min": -0.339481294155,
        "var": 2.15416693687
    },
    "melbands_spread": {
        "dmean": 6.38476324081,
        "dmean2": 10.2601280212,
        "dvar": 58.8111572266,
        "dvar2": 142.037445068,
        "max": 176.649993896,
        "mean": 28.5625972748,
        "median": 27.2819347382,
        "min": 1.3515586853,
        "var": 280.78314209
    },
    "pitch_salience": {
        "dmean": 0.0609669424593,
        "dmean2": 0.101336091757,
        "dvar": 0.00333644566126,
        "dvar2": 0.00892748776823,
        "max": 0.884574115276,
        "mean": 0.612001180649,
        "median": 0.618181049824,
        "min": 0.180152788758,
        "var": 0.00768422521651
    },
    "silence_rate_20dB": {
        "dmean": 0,
        "dmean2": 0,
        "dvar": 0,
        "dvar2": 0,
        "max": 1,
        "mean": 1,
        "median": 1,
        "min": 1,
        "var": 0
    },
    "silence_rate_30dB": {
        "dmean": 0,
        "dmean2": 0,
        "dvar": 0,
        "dvar2": 0,
        "max": 1,
        "mean": 1,
        "median": 1,
        "min": 1,
        "var": 0
    },
    "silence_rate_60dB": {
        "dmean": 0.00865023676306,
        "dmean2": 0.0173018854111,
        "dvar": 0.00857682898641,
        "dvar2": 0.02027259022,
        "max": 1,
        "mean": 0.0507547929883,
        "median": 0,
        "min": 0,
        "var": 0.0481667928398
    },
    "spectral_centroid": {
        "dmean": 231.044570923,
        "dmean2": 369.60723877,
        "dvar": 65903.828125,
        "dvar2": 149579.921875,
        "max": 11800.1347656,
        "mean": 1623.86328125,
        "median": 1574.48303223,
        "min": 268.103515625,
        "var": 824396.3125
    },
    "spectral_complexity": {
        "dmean": 3.62298035622,
        "dmean2": 5.66963195801,
        "dvar": 15.5851306915,
        "dvar2": 33.8185386658,
        "max": 56,
        "mean": 25.4031829834,
        "median": 27,
        "min": 0,
        "var": 137.981765747
    },
    "spectral_decrease": {
        "dmean": 1.99428029646e-09,
        "dmean2": 3.34340044539e-09,
        "dvar": 9.40696924119e-18,
        "dvar2": 2.53027567976e-17,
        "max": 1.7321514197e-28,
        "mean": -6.67412702882e-09,
        "median": -6.32605212658e-09,
        "min": -4.65986573772e-08,
        "var": 1.58846685946e-17
    },
    "spectral_energy": {
        "dmean": 0.00784573890269,
        "dmean2": 0.0130805643275,
        "dvar": 0.000142972261528,
        "dvar2": 0.000382027588785,
        "max": 0.178996235132,
        "mean": 0.0273911133409,
        "median": 0.0260769575834,
        "min": 1.01051194751e-20,
        "var": 0.000260568223894
    },
    "spectral_energyband_high": {
        "dmean": 0.000380560930353,
        "dmean2": 0.000531782046892,
        "dvar": 5.93139532157e-07,
        "dvar2": 1.16764169888e-06,
        "max": 0.0186603069305,
        "mean": 0.000926453678403,
        "median": 0.000514986808412,
        "min": 7.06208759921e-21,
        "var": 1.60432625762e-06
    },
    "spectral_energyband_low": {
        "dmean": 0.00498261209577,
        "dmean2": 0.0084135401994,
        "dvar": 9.45476058405e-05,
        "dvar2": 0.000256656727288,
        "max": 0.159852787852,
        "mean": 0.00917040370405,
        "median": 0.00689213024452,
        "min": 1.3312087729e-23,
        "var": 9.50970570557e-05
    },
    "spectral_energyband_middle_high": {
        "dmean": 0.00156850239728,
        "dmean2": 0.00247989688069,
        "dvar": 4.41703741672e-06,
        "dvar2": 1.11032404675e-05,
        "max": 0.0312184561044,
        "mean": 0.00684943189844,
        "median": 0.00540326954797,
        "min": 1.13302519144e-21,
        "var": 3.25054825225e-05
    },
    "spectral_energyband_middle_low": {
        "dmean": 0.00418599694967,
        "dmean2": 0.00707582989708,
        "dvar": 3.37128985848e-05,
        "dvar2": 9.43236154853e-05,
        "max": 0.0693412795663,
        "mean": 0.0123877096921,
        "median": 0.0111827105284,
        "min": 1.18804661137e-22,
        "var": 6.99531083228e-05
    },
    "spectral_entropy": {
        "dmean": 0.115057088435,
        "dmean2": 0.159520298243,
        "dvar": 0.0155951138586,
        "dvar2": 0.0269357562065,
        "max": 9.8204908371,
        "mean": 7.73104047775,
        "median": 7.7407708168,
        "min": 5.89602375031,
        "var": 0.124741971493
    },
    "spectral_flux": {
        "dmean": 0.0203892942518,
        "dmean2": 0.031213670969,
        "dvar": 0.000713182322215,
        "dvar2": 0.00131046911702,
        "max": 0.347395658493,
        "mean": 0.0832936167717,
        "median": 0.0795954167843,
        "min": 6.34451935433e-11,
        "var": 0.00186284643132
    },
    "spectral_kurtosis": {
        "dmean": 1.16666042805,
        "dmean2": 1.95044672489,
        "dvar": 1.6572804451,
        "dvar2": 4.69696569443,
        "max": 23.1661148071,
        "mean": 4.15530920029,
        "median": 3.95997095108,
        "min": -1.24930942059,
        "var": 3.79222989082
    },
    "spectral_rms": {
        "dmean": 0.000672461814247,
        "dmean2": 0.00109448621515,
        "dvar": 7.37837922316e-07,
        "dvar2": 1.90794594346e-06,
        "max": 0.0132147828117,
        "mean": 0.00490911770612,
        "median": 0.00504390057176,
        "min": 3.13984927468e-12,
        "var": 2.62371145254e-06
    },
    "spectral_rolloff": {
        "dmean": 448.118377686,
        "dmean2": 746.113586426,
        "dvar": 559755.125,
        "dvar2": 1276344.5,
        "max": 19659.8144531,
        "mean": 1758.05627441,
        "median": 1485.79101562,
        "min": 86.1328125,
        "var": 3257263.25
    },
    "spectral_skewness": {
        "dmean": 0.171419933438,
        "dmean2": 0.274252265692,
        "dvar": 0.0298906359822,
        "dvar2": 0.0761289149523,
        "max": 3.64015030861,
        "mean": 1.42694330215,
        "median": 1.43683063984,
        "min": -0.319272249937,
        "var": 0.120456084609
    },
    "spectral_spread": {
        "dmean": 507891.6875,
        "dmean2": 672608.6875,
        "dvar": 523223465984,
        "dvar2": 962671280128,
        "max": 43256780,
        "mean": 4725883.5,
        "median": 4240019,
        "min": 1671692.5,
        "var": 1.01590016983e+13
    },
    "spectral_strongpeak": {
        "dmean": 0.496858477592,
        "dmean2": 0.880780100822,
        "dvar": 0.825490117073,
        "dvar2": 2.16679859161,
        "max": 8.84492397308,
        "mean": 0.681309700012,
        "median": 0.317533701658,
        "min": 0,
        "var": 1.00004327297
    },
    "zerocrossingrate": {
        "dmean": 0.00950470846146,
        "dmean2": 0.0115267131478,
        "dvar": 0.000126413229736,
        "dvar2": 0.000169179926161,
        "max": 0.52734375,
        "mean": 0.0698767751455,
        "median": 0.0634765625,
        "min": 0.00927734375,
        "var": 0.00197796267457
    },
    "barkbands": {
        "dmean": [0.000147916056449, 0.00302629452199, 0.00209403713234, 0.00161968066823, 0.00177282176446, 0.00111930409912, 0.000765570788644, 0.000509132863954, 0.000909965310711, 0.000701336888596, 0.000245948671363, 0.000286550290184, 0.000343625375535, 0.000405047845561, 0.000296095007798, 0.000285178190097, 0.000314723904012, 0.000191706203623, 0.000211505554034, 0.000193894302356, 0.000100514131191, 0.000117126037367, 5.8729419834e-05, 5.07839686179e-05, 5.45529364899e-05, 3.27023990394e-05, 1.44519117384e-05],
        "dmean2": [0.000231631303905, 0.00512112211436, 0.00363410473801, 0.0027159571182, 0.00301694613881, 0.0019015459111, 0.00130370643456, 0.00084218516713, 0.0014761723578, 0.001106698066, 0.000396117538912, 0.000466035009595, 0.000555699691176, 0.000663436832838, 0.000478183326777, 0.00046658507199, 0.000518706103321, 0.00032096754876, 0.000345719599864, 0.000316426740028, 0.000165463599842, 0.000180480274139, 8.48599665915e-05, 7.19726958778e-05, 7.43026394048e-05, 4.48289065389e-05, 2.18319710257e-05],
        "dvar": [3.96554113991e-08, 5.49895667064e-05, 1.1999212802e-05, 4.67640484203e-06, 5.57782004762e-06, 6.04249544267e-06, 2.29955503528e-06, 1.08025494683e-06, 1.69476277279e-06, 1.36634207593e-06, 2.18900993332e-07, 2.49709273703e-07, 3.64969196198e-07, 8.10148094388e-07, 3.58191385885e-07, 2.71151833431e-07, 2.51284660635e-07, 8.73943903912e-08, 9.51064151877e-08, 1.04155404301e-07, 6.9369335165e-08, 7.9011030607e-08, 1.71422183115e-08, 2.08258157386e-08, 1.18094964918e-08, 4.06127975694e-09, 1.46031653436e-09],
        "dvar2": [9.1017234638e-08, 0.000147008759086, 3.47331151715e-05, 1.34166648422e-05, 1.52415541379e-05, 1.73607277247e-05, 6.50655374557e-06, 2.91164678856e-06, 4.47637921752e-06, 3.34869218932e-06, 5.3706548897e-07, 6.32884677998e-07, 9.13658709578e-07, 2.1603868845e-06, 8.91944750947e-07, 6.88767045176e-07, 6.5620508849e-07, 2.34086684259e-07, 2.32897050978e-07, 2.59908063072e-07, 1.7242746253e-07, 1.680166406e-07, 3.70817474504e-08, 3.87708567473e-08, 2.18697095988e-08, 8.42859826378e-09, 3.58866825145e-09],
        "max": [0.0032133187633, 0.111222058535, 0.049292024225, 0.0357643291354, 0.0372597128153, 0.0298143401742, 0.0221224557608, 0.0179627798498, 0.0220484640449, 0.0241595581174, 0.0149227399379, 0.0184950809926, 0.0150657566264, 0.0222652200609, 0.0106505397707, 0.011673618108, 0.0124151734635, 0.00771654350683, 0.00832965318114, 0.0065900227055, 0.0089196972549, 0.00826730579138, 0.0031127887778, 0.00441742362455, 0.00305533781648, 0.00101104623172, 0.000595566642005],
        "mean": [0.000512279744726, 0.00405853940174, 0.00305276666768, 0.00262482883409, 0.00320682441816, 0.00188524660189, 0.00127894431353, 0.000805746531114, 0.00184253719635, 0.00143720128108, 0.000461657327833, 0.000547646603081, 0.000699984084349, 0.000703455647454, 0.000626397202723, 0.000630161375739, 0.000800360692665, 0.000423750345362, 0.000541562214494, 0.000461055955384, 0.000179641036084, 0.000228539371165, 0.000111750458018, 0.000104055849079, 0.000100680998003, 4.88701552968e-05, 1.66413974512e-05],
        "median": [0.000420754484367, 0.0021693718154, 0.00212267925963, 0.00164242822211, 0.00227536051534, 0.00107617571484, 0.000658250006381, 0.000324233900756, 0.00120227818843, 0.000652164162602, 0.000207043995033, 0.000299948209431, 0.000291737786029, 0.000269721611403, 0.000212124796235, 0.000317909318255, 0.000444835517555, 0.000285796559183, 0.000397423951654, 0.000288232695311, 9.35127900448e-05, 0.000100646720966, 4.83223120682e-05, 3.78395598091e-05, 3.88225380448e-05, 1.50199603013e-05, 2.75483080259e-06],
        "min": [5.04662572151e-25, 2.31057733848e-24, 1.30553255345e-24, 5.77355956656e-25, 8.66786242047e-24, 3.92830603252e-24, 1.2604717733e-23, 2.59063380667e-24, 1.90281202057e-23, 2.01938246985e-23, 7.80845999538e-24, 1.75985117634e-23, 2.65703435899e-23, 3.59405123082e-23, 3.72817714846e-23, 5.11199947275e-23, 7.24544949401e-23, 1.02526093528e-22, 9.66623326474e-23, 1.78824871742e-22, 2.38488176431e-22, 3.29995132669e-22, 3.95795901418e-22, 5.79452994278e-22, 8.83603781514e-22, 1.3405926962e-21, 1.58764454467e-21],
        "var": [1.90434420233e-07, 4.80735252495e-05, 1.20054019135e-05, 8.89541297511e-06, 9.67974938249e-06, 6.41586348138e-06, 2.96149596579e-06, 1.68818723978e-06, 4.14631040258e-06, 4.23639994551e-06, 6.52047447147e-07, 7.16396300504e-07, 1.10340351966e-06, 1.73538091985e-06, 1.31642411816e-06, 9.68201561591e-07, 1.14929628126e-06, 2.11294960195e-07, 3.44338104696e-07, 3.01566643657e-07, 1.03035660004e-07, 1.70551956558e-07, 3.57512561777e-08, 6.40020516585e-08, 2.84260455174e-08, 6.90852086649e-09, 1.53059376284e-09]
    },
    "erbbands": {
        "dmean": [0.0845593065023, 0.737805187702, 2.27152943611, 3.90696668625, 5.98589801788, 6.10674524307, 7.42098045349, 9.38195323944, 11.0480470657, 8.70283031464, 13.6348638535, 22.1072044373, 23.4228649139, 15.448176384, 8.196641922, 12.5590076447, 15.2750453949, 20.9318275452, 14.9199266434, 13.8493947983, 15.4716033936, 16.0919017792, 10.1954402924, 10.2735652924, 11.0185451508, 8.2199754715, 4.23173761368, 4.12165260315, 4.43995952606, 2.66538882256, 1.54676640034, 1.34323656559, 0.881724596024, 0.787069141865, 0.265270590782, 0.150478199124, 0.0607306137681, 0.0242472887039, 0.00163253711071, 4.03906306019e-05],
        "dmean2": [0.132461696863, 1.29953038692, 4.00968694687, 6.50926733017, 10.3888549805, 10.2533388138, 12.185798645, 16.276638031, 18.7788124084, 14.5629997253, 22.4682044983, 36.1381034851, 37.024936676, 24.3111400604, 13.3623981476, 20.4420928955, 24.6830806732, 33.9750671387, 24.2433204651, 22.2214221954, 25.6671905518, 26.5208492279, 16.9750442505, 17.1175632477, 17.8420505524, 13.3476428986, 7.0857052803, 6.63873004913, 6.86756229401, 3.98455452919, 2.25064182281, 1.9242041111, 1.23278510571, 1.09578692913, 0.365174174309, 0.210928201675, 0.0839135423303, 0.0346879921854, 0.00245713675395, 6.01465544605e-05],
        "dvar": [0.0249250568449, 3.9302945137, 19.5205287933, 25.4280700684, 67.0370864868, 83.4722824097, 151.233459473, 621.850708008, 564.479064941, 279.888336182, 717.590148926, 1056.46118164, 1673.62963867, 686.253601074, 254.804824829, 491.616485596, 747.699035645, 2326.48193359, 839.59197998, 953.774169922, 733.901428223, 698.461791992, 255.075012207, 241.369262695, 296.338012695, 183.879318237, 127.369827271, 109.402351379, 121.243041992, 37.9782066345, 12.2075166702, 10.4684371948, 7.11567163467, 2.7420539856, 0.352359741926, 0.0929132029414, 0.0142374560237, 0.00392879219726, 1.41132441058e-05, 7.87149101455e-09],
        "dvar2": [0.0559592470527, 10.9455652237, 56.2922286987, 70.3069458008, 189.191497803, 224.502655029, 406.177032471, 1808.06213379, 1617.81054688, 763.56451416, 1946.296875, 2798.76416016, 4175.23144531, 1628.3458252, 656.110656738, 1253.82788086, 1886.53747559, 6178.34960938, 2126.17382812, 2350.90625, 1961.50048828, 1814.18017578, 674.754211426, 633.100830078, 708.000793457, 447.415802002, 324.602111816, 259.374908447, 262.081817627, 83.9737167358, 26.7402191162, 22.0951404572, 13.2700643539, 5.0167555809, 0.734112918377, 0.199389263988, 0.0296132862568, 0.00936985760927, 3.19635691994e-05, 1.76736936197e-08],
        "max": [3.08311128616, 29.7695159912, 70.4297027588, 107.071807861, 129.42817688, 192.855300903, 229.217590332, 317.121429443, 385.242248535, 310.155700684, 514.825500488, 583.676391602, 731.227661133, 550.533203125, 725.58795166, 674.628967285, 654.50390625, 1243.4543457, 586.579040527, 881.637023926, 616.567138672, 641.665893555, 440.861907959, 712.320983887, 444.410247803, 292.04119873, 438.047149658, 299.739562988, 356.931488037, 166.038467407, 113.260932922, 84.3666763306, 97.9043426514, 49.3512573242, 22.6867465973, 7.74086380005, 1.37685251236, 1.0292673111, 0.0870865434408, 0.00256881956011],
        "mean": [0.15056450665, 0.79625248909, 3.19472789764, 7.0569729805, 9.74506568909, 10.5336875916, 13.7000150681, 13.587105751, 18.5300140381, 15.0474338531, 24.1700782776, 44.4419403076, 50.3619270325, 32.667591095, 17.2022762299, 25.1924190521, 32.7914123535, 39.6074447632, 31.5962638855, 33.1280021667, 38.4449958801, 44.0358123779, 25.6937007904, 25.8043174744, 29.381401062, 20.4041042328, 8.10584163666, 7.51323747635, 8.66623878479, 4.87141799927, 3.02446293831, 2.56483411789, 1.72581195831, 1.43340778351, 0.478296041489, 0.234218031168, 0.086785286665, 0.0309757832438, 0.00188098696526, 7.34782297513e-05],
        "median": [0.0796639621258, 0.390044420958, 2.20680809021, 4.88974428177, 6.84991550446, 6.54838991165, 7.56859874725, 7.096575737, 10.3361883163, 7.66984367371, 12.1931734085, 29.0559844971, 24.9323654175, 16.8043422699, 9.95541381836, 14.5216207504, 14.4743032455, 15.741024971, 13.55418396, 13.0610637665, 21.0771923065, 24.4117565155, 16.9638137817, 19.9408073425, 21.0230045319, 12.5532283783, 4.96871328354, 3.43515586853, 3.69216346741, 2.08992743492, 1.32861101627, 1.00033628941, 0.595281481743, 0.481333613396, 0.201506599784, 0.0829221904278, 0.0237606316805, 0.00756467366591, 0.000265372393187, 4.48382306786e-05],
        "min": [4.98723133872e-23, 7.29308142033e-22, 2.90373716491e-21, 4.96317293651e-21, 4.9222254767e-21, 2.3288493049e-20, 4.73655444846e-20, 2.96667001911e-20, 1.55970539665e-19, 2.54340641718e-19, 2.38316059452e-19, 4.14124432308e-19, 6.57547065422e-19, 5.56025844674e-19, 8.02970948879e-19, 8.50849920492e-19, 1.51539209046e-18, 2.39648926592e-18, 2.14649688004e-18, 2.87271534254e-18, 3.14810155284e-18, 4.89759909494e-18, 6.4819179745e-18, 5.53313808959e-18, 8.4783779399e-18, 8.551477545e-18, 9.71052798239e-18, 1.0458238872e-17, 1.17626911174e-17, 1.12830653285e-17, 1.12185005729e-17, 1.15831606645e-17, 9.9797529379e-18, 7.71300260836e-18, 6.03771123221e-18, 4.14990516258e-18, 2.40478692144e-18, 1.13943932924e-18, 2.49657377734e-19, 2.38407605081e-20],
        "var": [0.0405489355326, 2.7712123394, 16.1657009125, 51.194896698, 95.5744400024, 154.265335083, 304.501800537, 522.007568359, 610.350585938, 455.322601318, 1190.84655762, 2434.62402344, 5217.28710938, 2299.37231445, 581.505981445, 1303.66137695, 2277.33935547, 5177.1796875, 2586.15185547, 4021.79589844, 2982.02246094, 3637.15209961, 785.241210938, 644.45098877, 1057.82409668, 599.838012695, 172.265441895, 188.006103516, 256.432830811, 76.0867843628, 25.480430603, 25.6625537872, 20.6527519226, 6.7240447998, 0.688357770443, 0.152996495366, 0.023676533252, 0.004477113951, 1.80067509064e-05, 1.0244161075e-08]
    },
    "gfcc": {
        "mean": [20.1912975311, 87.0314788818, -114.0597229, 34.0403938293, -49.3847732544, 7.78517055511, -33.9313278198, 13.5648345947, -26.6093788147, -1.82549631596, -19.7302398682, -1.72089385986, -14.1054315567],
        "cov": [[14746.0107422, -175.765655518, -1013.66589355, 156.041931152, -529.094116211, 324.704589844, -379.038970947, 217.431915283, -153.197296143, 239.309875488, -204.916564941, 116.288131714, -88.6430587769], [-175.765655518, 1098.28100586, -558.053466797, 42.846534729, 74.8042297363, -148.188568115, 99.2053527832, -25.3600234985, 10.7373332977, -134.840240479, 87.8358612061, -113.400596619, 32.3152809143], [-1013.66589355, -558.053466797, 891.681152344, -5.1347990036, 81.1949234009, 92.1162796021, -21.8817501068, 26.446603775, -11.0299596786, 74.1828384399, -27.1371536255, 118.489830017, -36.0875358582], [156.041931152, 42.846534729, -5.1347990036, 236.792114258, 2.21031332016, 13.2312097549, -8.61484050751, 4.32342195511, 29.3177108765, 2.2458884716, -3.08673596382, -12.0292224884, 18.0496807098], [-529.094116211, 74.8042297363, 81.1949234009, 2.21031332016, 209.406600952, -23.203289032, 47.4075965881, 25.491815567, 12.8428230286, 6.49449157715, 12.9929513931, 2.64602613449, 12.0145463943], [324.704589844, -148.188568115, 92.1162796021, 13.2312097549, -23.203289032, 162.324615479, 38.1937065125, 20.7800941467, -3.86735796928, 25.0897598267, -9.72313976288, 16.6385097504, -10.0801820755], [-379.038970947, 99.2053527832, -21.8817501068, -8.61484050751, 47.4075965881, 38.1937065125, 146.939147949, 13.6819000244, 4.94070053101, -10.8619804382, 23.2813205719, -3.77656984329, 3.62992835045], [217.431915283, -25.3600234985, 26.446603775, 4.32342195511, 25.491815567, 20.7800941467, 13.6819000244, 92.7524871826, 15.8362064362, 14.7158508301, -3.72854423523, 5.48376846313, 1.64011669159], [-153.197296143, 10.7373332977, -11.0299596786, 29.3177108765, 12.8428230286, -3.86735796928, 4.94070053101, 15.8362064362, 105.302719116, 30.8427371979, 5.01870632172, -9.11022281647, 14.7934293747], [239.309875488, -134.840240479, 74.1828384399, 2.2458884716, 6.49449157715, 25.0897598267, -10.8619804382, 14.7158508301, 30.8427371979, 89.9235839844, 7.62835836411, 27.5180740356, -3.78682255745], [-204.916564941, 87.8358612061, -27.1371536255, -3.08673596382, 12.9929513931, -9.72313976288, 23.2813205719, -3.72854423523, 5.01870632172, 7.62835836411, 72.3485641479, 12.6127128601, 4.03978729248], [116.288131714, -113.400596619, 118.489830017, -12.0292224884, 2.64602613449, 16.6385097504, -3.77656984329, 5.48376846313, -9.11022281647, 27.5180740356, 12.6127128601, 78.3001708984, 7.1593670845], [-88.6430587769, 32.3152809143, -36.0875358582, 18.0496807098, 12.0145463943, -10.0801820755, 3.62992835045, 1.64011669159, 14.7934293747, -3.78682255745, 4.03978729248, 7.1593670845, 57.3032798767]],
        "icov": [[0.000145334939589, -0.000116666982649, 0.000299368315609, -0.000110919718281, 0.000159882838489, -0.000370859401301, 0.000408271735068, -0.000388288433896, 0.000331152550643, -0.000559517240617, 0.000557015300728, -0.000618045916781, 0.000316056975862], [-0.000116666982649, 0.00233714119531, 0.000715980597306, -0.000349280657247, -0.000918807694688, 0.00134601304308, -0.0011948106112, 0.000330445647705, -0.000578689854592, 0.00268146558665, -0.00266714277677, 0.00151580409147, -0.000116659270134], [0.000299368315609, 0.000715980597306, 0.00279691885225, -0.000522110087331, -0.0010061240755, -0.00112375570461, 0.000969642482232, -0.000669505214319, 0.000407364277635, -0.000473552005133, 0.00120472325943, -0.0035331598483, 0.00217623193748], [-0.000110919718281, -0.000349280657247, -0.000522110087331, 0.00475182151422, -6.00041857979e-05, -0.000672616064548, 0.00048179825535, 0.000316623190884, -0.00131655333098, 0.000290476280497, -0.000162833588547, 0.00125430943444, -0.00173164566513], [0.000159882838489, -0.000918807694688, -0.0010061240755, -6.00041857979e-05, 0.00671698059887, 0.00131733936723, -0.00171732984018, -0.0019554416649, 0.000634603842627, -0.0021446547471, 0.000810427067336, 0.000304777029669, -0.0012618531473], [-0.000370859401301, 0.00134601304308, -0.00112375570461, -0.000672616064548, 0.00131733936723, 0.00995897967368, -0.00486458931118, -0.000449285580544, 0.000135382317239, -9.87269777397e-06, -0.000817642838228, 0.00190709694289, -0.000248128024396], [0.000408271735068, -0.0011948106112, 0.000969642482232, 0.00048179825535, -0.00171732984018, -0.00486458931118, 0.0108244018629, -0.00157188624144, 0.000187889381777, -1.99811638595e-05, -0.000637089600787, -0.00195395271294, 0.000867099501193], [-0.000388288433896, 0.000330445647705, -0.000669505214319, 0.000316623190884, -0.0019554416649, -0.000449285580544, -0.00157188624144, 0.0130981076509, -0.0023984531872, 0.000540618610103, -0.000280067819403, 0.00092492409749, -0.000693622860126], [0.000331152550643, -0.000578689854592, 0.000407364277635, -0.00131655333098, 0.000634603842627, 0.000135382317239, 0.000187889381777, -0.0023984531872, 0.0133507689461, -0.00716121867299, 0.00107112561818, 0.00213219807483, -0.00280443415977], [-0.000559517240617, 0.00268146558665, -0.000473552005133, 0.000290476280497, -0.0021446547471, -9.87269777397e-06, -1.99811638595e-05, 0.000540618610103, -0.00716121867299, 0.0206475313753, -0.00604882277548, -0.00174314039759, 0.00152372929733], [0.000557015300728, -0.00266714277677, 0.00120472325943, -0.000162833588547, 0.000810427067336, -0.000817642838228, -0.000637089600787, -0.000280067819403, 0.00107112561818, -0.00604882277548, 0.0208211056888, -0.00766394054517, 0.00172376376577], [-0.000618045916781, 0.00151580409147, -0.0035331598483, 0.00125430943444, 0.000304777029669, 0.00190709694289, -0.00195395271294, 0.00092492409749, 0.00213219807483, -0.00174314039759, -0.00766394054517, 0.02359700948, -0.00713565852493], [0.000316056975862, -0.000116659270134, 0.00217623193748, -0.00173164566513, -0.0012618531473, -0.000248128024396, 0.000867099501193, -0.000693622860126, -0.00280443415977, 0.00152372929733, 0.00172376376577, -0.00713565852493, 0.0217021889985]]
    },
    "melbands": {
        "dmean": [0.000774515094236, 0.00110265915282, 0.00068810331868, 0.000445962330559, 0.000236917010625, 0.000210704354686, 0.000167394624441, 8.96483688848e-05, 0.00012245029211, 0.000141461641761, 0.000118090320029, 6.58937206026e-05, 2.89663548756e-05, 3.10766954499e-05, 3.36221455655e-05, 3.43950887327e-05, 4.42578493676e-05, 2.54840833804e-05, 2.00306585612e-05, 1.981198875e-05, 1.96837372641e-05, 1.91949784494e-05, 1.52325692397e-05, 7.64356082072e-06, 9.31002068683e-06, 8.90202591108e-06, 9.49224067881e-06, 5.01533986608e-06, 2.9266477668e-06, 2.48645187639e-06, 2.59519447354e-06, 2.84548013951e-06, 2.16862827074e-06, 1.248162107e-06, 8.36425613215e-07, 1.19543756227e-06, 7.56105578148e-07, 6.54629104702e-07, 7.77899515469e-07, 5.98214001002e-07],
        "dmean2": [0.00126555422321, 0.00194988516159, 0.0011569513008, 0.000765671720728, 0.000390391098335, 0.000362551450962, 0.000284459703835, 0.000149549770867, 0.000201079426915, 0.00023028999567, 0.000186615419807, 0.000103566584585, 4.70576851512e-05, 5.010177847e-05, 5.58105566597e-05, 5.51885314053e-05, 7.21239703125e-05, 4.16132497776e-05, 3.22033556586e-05, 3.20081890095e-05, 3.29175090883e-05, 3.1762621802e-05, 2.54809365288e-05, 1.28398723973e-05, 1.55636389536e-05, 1.45657077155e-05, 1.54056633619e-05, 8.23002847028e-06, 4.98117151437e-06, 4.10866459788e-06, 4.19024900111e-06, 4.48352193416e-06, 3.37895221492e-06, 1.87493276371e-06, 1.25856843169e-06, 1.8197205236e-06, 1.10664257136e-06, 9.61072828431e-07, 1.09735492515e-06, 8.49336402098e-07],
        "dvar": [2.93149741992e-06, 5.85571797274e-06, 7.56560382342e-07, 3.62771118034e-07, 1.38071342803e-07, 2.77853814623e-07, 1.21645769013e-07, 2.89412209753e-08, 5.10275874888e-08, 4.378489038e-08, 4.2323993199e-08, 1.29333219689e-08, 2.85645551656e-09, 3.42884676208e-09, 3.07836356406e-09, 4.29857704987e-09, 1.17937073441e-08, 2.37676611725e-09, 1.88930826539e-09, 1.66587410533e-09, 1.16733500644e-09, 1.13461984252e-09, 5.78995296152e-10, 1.37759664787e-10, 2.02375852187e-10, 1.94455784808e-10, 2.53479598422e-10, 7.56199269869e-11, 6.39821043369e-11, 3.83459757003e-11, 4.62265850598e-11, 5.08331189641e-11, 2.67731826292e-11, 8.18429872484e-12, 3.83477624655e-12, 8.62750929725e-12, 4.03523742198e-12, 4.9620411946e-12, 3.24237663628e-12, 1.53428669509e-12],
        "dvar2": [7.41231360735e-06, 1.66958634509e-05, 2.16657144847e-06, 1.00170097994e-06, 3.71402137489e-07, 8.04859894288e-07, 3.47814790302e-07, 7.87659999446e-08, 1.38807436656e-07, 1.16802816308e-07, 1.05552629748e-07, 3.06191125787e-08, 7.32585236918e-09, 8.45419112494e-09, 8.12392553229e-09, 1.03713624355e-08, 3.13705648125e-08, 6.10809003376e-09, 4.57189708314e-09, 4.01281363693e-09, 3.15486037294e-09, 2.99601055076e-09, 1.51593848585e-09, 3.65595109741e-10, 5.37668909395e-10, 4.69526584279e-10, 6.18343043435e-10, 1.87852719491e-10, 1.6860317309e-10, 9.51250397896e-11, 1.10807397979e-10, 1.12306830502e-10, 6.18002385377e-11, 1.82929608961e-11, 8.67404238714e-12, 2.06913809003e-11, 8.60083792381e-12, 9.83781285602e-12, 5.98779879846e-12, 2.93759612989e-12],
        "max": [0.0238784197718, 0.0394771769643, 0.015406514518, 0.0102779092267, 0.00712174503133, 0.00652886228636, 0.00552183948457, 0.00284274131991, 0.00437637511641, 0.00395518587902, 0.00367517536506, 0.00240664719604, 0.0020240470767, 0.0026215382386, 0.0011244911002, 0.00205899286084, 0.00284347380511, 0.00116942403838, 0.000998532515951, 0.00119662447833, 0.000730625528377, 0.000864655361511, 0.000638721161522, 0.000201771850698, 0.000671835732646, 0.000419626303483, 0.000456168781966, 0.000206539509236, 0.000336408556905, 0.000254898099229, 0.000174980494194, 0.000246047828114, 0.000112922643893, 7.69167963881e-05, 6.35768010397e-05, 5.85335001233e-05, 5.62026179978e-05, 9.62613121374e-05, 6.16760007688e-05, 3.24849606841e-05],
        "mean": [0.00119969423395, 0.00146158703137, 0.0012825273443, 0.00075051857857, 0.000455047731521, 0.000323334126733, 0.000285970774712, 0.000154192035552, 0.000213225212065, 0.000283673027297, 0.000246024370426, 0.000131436128868, 5.69448857277e-05, 6.06702924415e-05, 6.60150762997e-05, 6.99794982211e-05, 7.58916430641e-05, 4.92787257826e-05, 4.16583643528e-05, 4.49958715762e-05, 4.43532917416e-05, 4.78789734188e-05, 3.40124315699e-05, 1.65693709278e-05, 2.10744783544e-05, 2.12532922887e-05, 2.19432658923e-05, 1.11255849333e-05, 4.87639863422e-06, 4.41325892098e-06, 4.31432135883e-06, 5.29150793227e-06, 3.78493655262e-06, 2.2061724394e-06, 1.59530543442e-06, 1.92995184989e-06, 1.42504313771e-06, 1.20229049116e-06, 1.34477340907e-06, 1.07847188247e-06],
        "median": [0.000647843815386, 0.000968851032667, 0.000944632687606, 0.000511857215315, 0.000281543558231, 0.000178316913662, 0.000159122646437, 7.99005938461e-05, 0.000111583722173, 0.000182000876521, 0.00011664833437, 6.40605649096e-05, 3.10802352033e-05, 3.23184394802e-05, 3.63515318895e-05, 2.65356648015e-05, 2.56233288383e-05, 2.06051372516e-05, 1.47064120029e-05, 1.92189345398e-05, 2.46980926022e-05, 2.48274154728e-05, 2.03209874599e-05, 1.14269305413e-05, 1.58762504725e-05, 1.44810919664e-05, 1.4131586795e-05, 6.25438315183e-06, 2.79676692116e-06, 2.455749609e-06, 1.61093066708e-06, 2.06881600207e-06, 1.61374725849e-06, 9.05194099232e-07, 7.01150213445e-07, 6.96305846759e-07, 5.45507248262e-07, 3.73778107132e-07, 3.93649855823e-07, 3.86546702202e-07],
        "min": [8.96860104666e-25, 1.44774632668e-24, 1.26056057932e-24, 8.79468285503e-25, 1.58617622998e-24, 6.11034450156e-25, 3.13644903358e-24, 2.80227394628e-24, 2.09140988812e-24, 2.80478291838e-24, 3.02938759253e-24, 2.62246927458e-24, 1.40585939034e-24, 1.9879947594e-24, 2.59004649973e-24, 3.70025068355e-24, 3.553483901e-24, 3.39875514532e-24, 2.75923823124e-24, 3.22250409479e-24, 2.3588376793e-24, 4.47666533584e-24, 5.08066220995e-24, 4.55567172765e-24, 3.95342612475e-24, 4.32256056915e-24, 4.29578978547e-24, 5.27169000575e-24, 4.83512057573e-24, 4.11110798122e-24, 5.4198984316e-24, 5.62007070301e-24, 6.61822350614e-24, 5.56031922261e-24, 6.17993002061e-24, 6.46362806796e-24, 6.03184939022e-24, 6.29348260362e-24, 6.11105536384e-24, 5.2872412152e-24],
        "var": [3.23366475641e-06, 4.39854056822e-06, 1.3859827277e-06, 6.01339991135e-07, 2.81290397197e-07, 2.48184278462e-07, 1.3943049737e-07, 4.621255556e-08, 8.32246058735e-08, 1.0267371664e-07, 1.29376360292e-07, 4.07000442237e-08, 6.95105173421e-09, 1.02025445869e-08, 7.17598291899e-09, 1.32227357952e-08, 2.44346942679e-08, 6.61324506268e-09, 6.10968475812e-09, 6.96416080359e-09, 3.98612831631e-09, 5.11563991168e-09, 1.72338954219e-09, 3.03635255827e-10, 4.70307959244e-10, 6.92995549834e-10, 7.07455094506e-10, 2.14251047459e-10, 7.68342611757e-11, 5.57634459442e-11, 7.81406259143e-11, 1.02217873055e-10, 4.905171061e-11, 1.63979888695e-11, 7.53779764301e-12, 1.34587141778e-11, 9.87586575019e-12, 1.27471531594e-11, 8.18136097064e-12, 3.5175881305e-12]
    },
    "mfcc": {
        "mean": [-619.437133789, 119.066894531, -5.43655633926, 28.9202880859, 6.15007162094, -1.20028018951, 3.34471654892, 7.36251068115, 0.320861488581, 2.78469347954, -0.307097733021, -4.9419670105, -2.59775900841],
        "cov": [[6633.95849609, -140.488998413, -210.341400146, -179.448364258, -124.365081787, 72.9001159668, -104.161560059, -82.981300354, 170.192153931, 27.1419734955, 109.602836609, -44.5406684875, 19.455291748], [-140.488998413, 914.891296387, -339.740020752, 115.548545837, -20.8294315338, -78.75440979, 63.2517852783, 60.207824707, -55.7378005981, 28.1398773193, -16.0254745483, -9.06244945526, -1.82159793377], [-210.341400146, -339.740020752, 575.953430176, -14.370259285, 73.4676361084, 72.6537094116, -11.2354354858, 10.7505407333, 3.64539480209, -33.95337677, 16.4335708618, 21.9174079895, 5.44687843323], [-179.448364258, 115.548545837, -14.370259285, 213.987609863, 60.2645874023, -5.18227434158, -2.64432144165, 8.76894950867, 7.78849363327, 10.6977977753, -13.2858572006, 4.98102283478, 19.4998092651], [-124.365081787, -20.8294315338, 73.4676361084, 60.2645874023, 155.051986694, -7.22347211838, -5.16369771957, -10.9684505463, 26.1911315918, 5.45702791214, -1.39504146576, -1.87528479099, 20.0584907532], [72.9001159668, -78.75440979, 72.6537094116, -5.18227434158, -7.22347211838, 126.099342346, 24.8362197876, 14.1210136414, 9.73040390015, 3.14822864532, 21.9746570587, 11.5769557953, -18.5714244843], [-104.161560059, 63.2517852783, -11.2354354858, -2.64432144165, -5.16369771957, 24.8362197876, 132.455047607, 45.8268165588, -4.2911901474, 4.26437950134, -3.12532138824, 14.6257944107, -10.2333650589], [-82.981300354, 60.207824707, 10.7505407333, 8.76894950867, -10.9684505463, 14.1210136414, 45.8268165588, 88.9703903198, 6.61256599426, 10.7922000885, -1.67241275311, 8.3877620697, 1.51799440384], [170.192153931, -55.7378005981, 3.64539480209, 7.78849363327, 26.1911315918, 9.73040390015, -4.2911901474, 6.61256599426, 97.4184951782, 20.6662750244, 10.8325414658, 1.85386073589, 1.45900392532], [27.1419734955, 28.1398773193, -33.95337677, 10.6977977753, 5.45702791214, 3.14822864532, 4.26437950134, 10.7922000885, 20.6662750244, 73.2844543457, 17.7317848206, 2.90764474869, -2.49292755127], [109.602836609, -16.0254745483, 16.4335708618, -13.2858572006, -1.39504146576, 21.9746570587, -3.12532138824, -1.67241275311, 10.8325414658, 17.7317848206, 71.9156570435, 15.8366785049, 3.25165486336], [-44.5406684875, -9.06244945526, 21.9174079895, 4.98102283478, -1.87528479099, 11.5769557953, 14.6257944107, 8.3877620697, 1.85386073589, 2.90764474869, 15.8366785049, 54.3722724915, 10.2377471924], [19.455291748, -1.82159793377, 5.44687843323, 19.4998092651, 20.0584907532, -18.5714244843, -10.2333650589, 1.51799440384, 1.45900392532, -2.49292755127, 3.25165486336, 10.2377471924, 77.0261764526]],
