{
"lowlevel": {
    "average_loudness": 0.96800994873,
    "barkbands_crest": {
        "dmean": 2.21796560287,
        "dmean2": 3.68640065193,
        "dvar": 4.25423431396,
        "dvar2": 11.5472002029,
        "max": 22.2643356323,
        "mean": 8.74049186707,
        "median": 8.13593006134,
        "min": 2.76557230949,
        "var": 10.7620153427
    },
    "barkbands_flatness_db": {
        "dmean": 0.0177179463208,
        "dmean2": 0.0286902878433,
        "dvar": 0.000262743298663,
        "dvar2": 0.000706440128852,
        "max": 0.222531870008,
        "mean": 0.106868155301,
        "median": 0.104788385332,
        "min": 0.0363012701273,
        "var": 0.000804645183962
    },
    "barkbands_kurtosis": {
        "dmean": 1.31078970432,
        "dmean2": 2.18335318565,
        "dvar": 3.72448253632,
        "dvar2": 9.72207260132,
        "max": 24.9502353668,
        "mean": 0.616911351681,
        "median": -0.071956038475,
        "min": -1.82591187954,
        "var": 5.83129882812
    },
    "barkbands_skewness": {
        "dmean": 0.439939796925,
        "dmean2": 0.719373047352,
        "dvar": 0.204499557614,
        "dvar2": 0.535102784634,
        "max": 4.93291425705,
        "mean": 1.1886818409,
        "median": 1.13596057892,
        "min": -1.80493557453,
        "var": 0.541563630104
    },
    "barkbands_spread": {
        "dmean": 6.3637547493,
        "dmean2": 10.3935928345,
        "dvar": 37.4482955933,
        "dvar2": 98.4908676147,
        "max": 91.1990127563,
        "mean": 37.759979248,
        "median": 37.3319015503,
        "min": 8.78835582733,
        "var": 120.438995361
    },
    "dissonance": {
        "dmean": 0.00852955039591,
        "dmean2": 0.0146353170276,
        "dvar": 7.73850770202e-05,
        "dvar2": 0.000218588291318,
        "max": 0.500000119209,
        "mean": 0.484902143478,
        "median": 0.487740695477,
        "min": 0.327275156975,
        "var": 0.000127187711769
    },
    "dynamic_complexity": 1.1915268898,
    "erbbands_crest": {
        "dmean": 1.64357423782,
        "dmean2": 2.69532728195,
        "dvar": 2.68839716911,
        "dvar2": 6.63972330093,
        "max": 26.4231567383,
        "mean": 6.79146766663,
        "median": 5.97767114639,
        "min": 2.50998449326,
        "var": 8.73113536835
    },
    "erbbands_flatness_db": {
        "dmean": 0.0106492042542,
        "dmean2": 0.0157333146781,
        "dvar": 9.68567692325e-05,
        "dvar2": 0.000199709582375,
        "max": 0.248390585184,
        "mean": 0.134724736214,
        "median": 0.13244664669,
        "min": 0.0687748342752,
        "var": 0.000767471618019
    },
    "erbbands_kurtosis": {
        "dmean": 0.594411551952,
        "dmean2": 0.974342942238,
        "dvar": 0.396589517593,
        "dvar2": 1.04554009438,
        "max": 11.2880172729,
        "mean": 0.0375372879207,
        "median": -0.124120950699,
        "min": -1.79531025887,
        "var": 1.13274538517
    },
    "erbbands_skewness": {
        "dmean": 0.246339336038,
        "dmean2": 0.39156755805,
        "dvar": 0.0431936904788,
        "dvar2": 0.110416926444,
        "max": 1.954398036,
        "mean": -0.60606276989,
        "median": -0.640727996826,
        "min": -2.2688395977,
        "var": 0.230238333344
    },
    "erbbands_spread": {
        "dmean": 7.9428563118,
        "dmean2": 12.8953838348,
        "dvar": 60.340259552,
        "dvar2": 158.397613525,
        "max": 102.63218689,
        "mean": 47.8195533752,
        "median": 47.2591896057,
        "min": 8.76411724091,
        "var": 230.22958374
    },
    "hfc": {
        "dmean": 6.40430498123,
        "dmean2": 10.2825183868,
        "dvar": 55.0719261169,
        "dvar2": 140.27961731,
        "max": 107.809059143,
        "mean": 32.4783096313,
        "median": 31.259721756,
        "min": 1.16234162361e-16,
        "var": 173.299911499
    },
    "melbands_crest": {
        "dmean": 3.26120424271,
        "dmean2": 5.36174106598,
        "dvar": 9.67551136017,
        "dvar2": 26.353105545,
        "max": 29.6880550385,
        "mean": 16.0189876556,
        "median": 15.7088441849,
        "min": 2.60307621956,
        "var": 20.6071147919
    },
    "melbands_flatness_db": {
        "dmean": 0.0227690562606,
        "dmean2": 0.0370518229902,
        "dvar": 0.000509252946358,
        "dvar2": 0.00136621645652,
        "max": 0.301771759987,
        "mean": 0.159455344081,
        "median": 0.157466322184,
        "min": 0.00672686379403,
        "var": 0.00137957313564
    },
    "melbands_kurtosis": {
        "dmean": 5.83606719971,
        "dmean2": 9.6281671524,
        "dvar": 71.9509277344,
        "dvar2": 186.766998291,
        "max": 121.204521179,
        "mean": 11.1260499954,
        "median": 8.27439785004,
        "min": -1.4686729908,
        "var": 122.576904297
    },
    "melbands_skewness": {
        "dmean": 0.723923206329,
        "dmean2": 1.17707240582,
        "dvar": 0.60997903347,
        "dvar2": 1.57598626614,
        "max": 10.0891714096,
        "mean": 3.00232601166,
        "median": 2.87416172028,
        "min": -0.0909349918365,
        "var": 1.68127000332
    },
    "melbands_spread": {
        "dmean": 9.34803104401,
        "dmean2": 15.488038063,
        "dvar": 96.8235931396,
        "dvar2": 255.841995239,
        "max": 143.848983765,
        "mean": 33.3866004944,
        "median": 30.6975898743,
        "min": 3.91179299355,
        "var": 251.890930176
    },
    "pitch_salience": {
        "dmean": 0.0726089924574,
        "dmean2": 0.120702505112,
        "dvar": 0.00517573859543,
        "dvar2": 0.0140033513308,
        "max": 0.916057229042,
        "mean": 0.538033664227,
        "median": 0.541996359825,
        "min": 0.16299007833,
        "var": 0.0102524263784
    },
    "silence_rate_20dB": {
        "dmean": 0,
        "dmean2": 0,
        "dvar": 0,
        "dvar2": 0,
        "max": 1,
        "mean": 1,
        "median": 1,
        "min": 1,
        "var": 0
    },
    "silence_rate_30dB": {
        "dmean": 0,
        "dmean2": 0,
        "dvar": 0,
        "dvar2": 0,
        "max": 1,
        "mean": 1,
        "median": 1,
        "min": 1,
        "var": 0
    },
    "silence_rate_60dB": {
        "dmean": 0.0016696813982,
        "dmean2": 0.00333982752636,
        "dvar": 0.00166696612723,
        "dvar2": 0.00388559955172,
        "max": 1,
        "mean": 0.0143294380978,
        "median": 0,
        "min": 0,
        "var": 0.0141247734427
    },
    "spectral_centroid": {
        "dmean": 271.547973633,
        "dmean2": 442.836212158,
        "dvar": 66243.875,
        "dvar2": 164662.375,
        "max": 11352.8056641,
        "mean": 2174.52880859,
        "median": 2164.15576172,
        "min": 890.01159668,
        "var": 213718.96875
    },
    "spectral_complexity": {
        "dmean": 4.52316665649,
        "dmean2": 7.24937391281,
        "dvar": 14.8033685684,
        "dvar2": 34.2770957947,
        "max": 61,
        "mean": 34.6771011353,
        "median": 35,
        "min": 0,
        "var": 67.5138015747
    },
    "spectral_decrease": {
        "dmean": 2.26188823227e-09,
        "dmean2": 3.6528586822e-09,
        "dvar": 6.95205352027e-18,
        "dvar2": 1.76172728338e-17,
        "max": -7.34427685164e-29,
        "mean": -8.40381630951e-09,
        "median": -7.90578269516e-09,
        "min": -2.83568759585e-08,
        "var": 1.3280469107e-17
    },
    "spectral_energy": {
        "dmean": 0.00877080205828,
        "dmean2": 0.0140856141225,
        "dvar": 0.000101186924439,
        "dvar2": 0.000255142949754,
        "max": 0.10937346518,
        "mean": 0.0346638001502,
        "median": 0.0330092012882,
        "min": 1.08199666987e-20,
        "var": 0.000203149931622
    },
    "spectral_energyband_high": {
        "dmean": 0.000604743079748,
        "dmean2": 0.00096574134659,
        "dvar": 5.09743131261e-07,
        "dvar2": 1.30040291424e-06,
        "max": 0.0112404795364,
        "mean": 0.00211723218672,
        "median": 0.00193991872948,
        "min": 7.77759882907e-21,
        "var": 1.63968206834e-06
    },
    "spectral_energyband_low": {
        "dmean": 0.00697187660262,
        "dmean2": 0.011365971528,
        "dvar": 9.61240293691e-05,
        "dvar2": 0.000246611249167,
        "max": 0.099242143333,
        "mean": 0.0165768545121,
        "median": 0.0138475624844,
        "min": 4.52079934248e-23,
        "var": 0.000164018172654
    },
    "spectral_energyband_middle_high": {
        "dmean": 0.00178388424683,
        "dmean2": 0.00290637789294,
        "dvar": 4.62278831037e-06,
        "dvar2": 1.18063862828e-05,
        "max": 0.0348220095038,
        "mean": 0.00728254346177,
        "median": 0.00579227134585,
        "min": 1.42939101963e-21,
        "var": 2.03798699658e-05
    },
    "spectral_energyband_middle_low": {
        "dmean": 0.00436387490481,
        "dmean2": 0.00717328535393,
        "dvar": 4.01335673814e-05,
        "dvar2": 0.000104326136352,
        "max": 0.0764532163739,
        "mean": 0.0112698068842,
        "median": 0.00896400399506,
        "min": 5.44318013083e-22,
        "var": 6.90356682753e-05
    },
    "spectral_entropy": {
        "dmean": 0.0783856511116,
        "dmean2": 0.120225436985,
        "dvar": 0.00525716878474,
        "dvar2": 0.0107485027984,
        "max": 9.79477310181,
        "mean": 7.88663768768,
        "median": 7.90137720108,
        "min": 6.96461105347,
        "var": 0.0385344401002
    },
    "spectral_flux": {
        "dmean": 0.022179691121,
        "dmean2": 0.0347078666091,
        "dvar": 0.000533382291906,
        "dvar2": 0.00125580083113,
        "max": 0.247003957629,
        "mean": 0.0931910052896,
        "median": 0.0867456793785,
        "min": 1.04019071134e-10,
        "var": 0.00126546691172
    },
    "spectral_kurtosis": {
        "dmean": 0.785242438316,
        "dmean2": 1.35681390762,
        "dvar": 0.540996491909,
        "dvar2": 1.5987970829,
        "max": 10.6197538376,
        "mean": 2.66464614868,
        "median": 2.44849920273,
        "min": -1.18532156944,
        "var": 1.46039319038
    },
    "spectral_rms": {
        "dmean": 0.000700668198988,
        "dmean2": 0.00111316621769,
        "dvar": 5.20040657648e-07,
        "dvar2": 1.30001228626e-06,
        "max": 0.0103298509493,
        "mean": 0.00568160135299,
        "median": 0.00567486509681,
        "min": 3.24900978517e-12,
        "var": 1.53786550072e-06
    },
    "spectral_rolloff": {
        "dmean": 704.790100098,
        "dmean2": 1192.70837402,
        "dvar": 598172,
        "dvar2": 1451541,
        "max": 19121.484375,
        "mean": 2249.00805664,
        "median": 2196.38671875,
        "min": 107.666015625,
        "var": 1477107.5
    },
    "spectral_skewness": {
        "dmean": 0.12821392715,
        "dmean2": 0.213464915752,
        "dvar": 0.0124356718734,
        "dvar2": 0.0336227193475,
        "max": 2.00149226189,
        "mean": 1.00473976135,
        "median": 0.989157676697,
        "min": -0.0281248930842,
        "var": 0.0844823345542
    },
    "spectral_spread": {
        "dmean": 366154.0625,
        "dmean2": 532992.5625,
        "dvar": 318869897216,
        "dvar2": 444637609984,
        "max": 39381704,
        "mean": 4385501.5,
        "median": 4262737,
        "min": 2538070.25,
        "var": 858672726016
    },
    "spectral_strongpeak": {
        "dmean": 0.384850978851,
        "dmean2": 0.674046874046,
        "dvar": 0.652163863182,
        "dvar2": 1.72754991055,
        "max": 11.0940265656,
        "mean": 0.64268642664,
        "median": 0.363021165133,
        "min": 2.08423545089e-09,
        "var": 0.819000244141
    },
    "zerocrossingrate": {
        "dmean": 0.00896427873522,
        "dmean2": 0.0114710759372,
        "dvar": 9.99681578833e-05,
        "dvar2": 0.000141489465022,
        "max": 0.4970703125,
        "mean": 0.077760964632,
        "median": 0.07470703125,
        "min": 0.025390625,
        "var": 0.000545226561371
    },
    "barkbands": {
        "dmean": [6.6966866143e-05, 0.00393038382754, 0.00384303391911, 0.00266288244165, 0.0017146099126, 0.000529666605871, 0.000513796636369, 0.000202953116968, 0.000557329971343, 0.000290844734991, 0.000316484016366, 0.000390320143197, 0.000240709981881, 0.00038542150287, 0.000369274232071, 0.000458407710539, 0.000268737639999, 0.000320949387969, 0.000368811452063, 0.00049638497876, 0.000244709342951, 0.0001261276484, 9.21275568544e-05, 6.87180581735e-05, 3.99808996008e-05, 2.02730025194e-05, 1.22415167425e-06],
        "dmean2": [0.000113292844617, 0.00640238123015, 0.00644033402205, 0.00441528949887, 0.00284091825597, 0.000892114476301, 0.000857995531987, 0.000333446398145, 0.000881149375346, 0.000455338507891, 0.000499764515553, 0.000619018799625, 0.000397418421926, 0.000646507367492, 0.000604702043347, 0.000764868978877, 0.000447362399427, 0.000550664204638, 0.000616502249613, 0.000834481033962, 0.000412580993725, 0.000211273509194, 0.000147245751577, 0.000104391852801, 5.73049983359e-05, 2.87682341877e-05, 2.01873808692e-06],
        "dvar": [5.04226838061e-09, 3.54199073627e-05, 3.83648621209e-05, 1.95344382519e-05, 6.36550521449e-06, 6.96059203165e-07, 8.88308875346e-07, 2.05692799682e-07, 1.20766253531e-06, 4.18218746745e-07, 8.63799812123e-07, 1.08292272216e-06, 2.01806628297e-07, 3.75270019504e-07, 4.86818805712e-07, 4.3049510623e-07, 1.34843787691e-07, 1.89320275013e-07, 1.68444330484e-07, 3.49330463223e-07, 8.18043446316e-08, 4.6989789837e-08, 1.81297288293e-08, 1.3861505721e-08, 4.57126603237e-09, 1.66030422744e-09, 9.09219834838e-12],
        "dvar2": [1.43009968312e-08, 8.95246921573e-05, 0.000105895043816, 5.19572386111e-05, 1.66359714058e-05, 1.87781904515e-06, 2.50677203439e-06, 4.94005234941e-07, 2.80663175545e-06, 9.34099944061e-07, 2.08565165849e-06, 2.73388195637e-06, 4.91016749038e-07, 9.1550543857e-07, 1.19400976928e-06, 1.0985023664e-06, 3.32421905114e-07, 5.03554417719e-07, 4.47705815532e-07, 9.28769452457e-07, 2.22399435756e-07, 1.2119463122e-07, 4.40965628457e-08, 3.1529072686e-08, 9.43380040752e-09, 3.41659678327e-09, 2.28067877084e-11],
        "max": [0.000683028250933, 0.0529466494918, 0.0635397285223, 0.0581859648228, 0.0491549745202, 0.0173910912126, 0.0213374886662, 0.0141358831897, 0.0233293771744, 0.0133260795847, 0.0265426766127, 0.0251046828926, 0.0124337561429, 0.026056734845, 0.0156272724271, 0.0154097527266, 0.0131169976667, 0.00945403426886, 0.00766150839627, 0.00894299894571, 0.00331591325812, 0.0056288051419, 0.00282564107329, 0.00259145488963, 0.00247022579424, 0.000619567756075, 4.16082802985e-05],
        "mean": [0.000114658156235, 0.0067779594101, 0.00718464003876, 0.00432773726061, 0.00342489220202, 0.000844401249196, 0.00100838020444, 0.000331106508384, 0.00113991333637, 0.000513486447744, 0.000582121661864, 0.000779312918894, 0.000421599135734, 0.00070937682176, 0.000732649525162, 0.000930784386583, 0.000546290772036, 0.000626668566838, 0.000967994332314, 0.00120589346625, 0.000592729425989, 0.000305671652313, 0.00026281827013, 0.000193133790162, 0.000101251214801, 3.70899469999e-05, 1.25317865241e-06],
        "median": [8.95090270205e-05, 0.00459521077573, 0.00552032189444, 0.00292421272025, 0.00184345152229, 0.000554847531021, 0.000395565642975, 0.000180422706762, 0.000407727493439, 0.000187629542779, 0.000144885125337, 0.000186265358934, 0.000279525265796, 0.000529084005393, 0.000340598577168, 0.00058681104565, 0.000408808933571, 0.000470171798952, 0.000814832397737, 0.00100678089075, 0.000523950089701, 0.000227639146033, 0.00019749708008, 0.00012399807747, 5.90997515246e-05, 1.18939633467e-05, 6.64776109716e-08],
        "min": [5.19099190172e-23, 1.43673816718e-23, 1.10274013971e-23, 5.34827120247e-23, 1.58021511577e-22, 5.39008587916e-23, 5.75929108438e-23, 8.08040133311e-23, 1.23117205933e-22, 8.83228359454e-23, 6.73100174328e-23, 6.96474754038e-23, 8.10762839394e-23, 1.72640770225e-22, 2.25635221526e-22, 8.89137811158e-23, 9.82075533886e-23, 1.22421342263e-22, 2.40559409624e-22, 4.14073190125e-22, 4.28047943102e-22, 6.07608891489e-22, 6.77458245865e-22, 7.33301520019e-22, 1.62442389064e-21, 1.39227765102e-21, 2.44003801003e-21],
        "var": [7.40184402659e-09, 5.21082547493e-05, 4.54114269814e-05, 2.366971421e-05, 2.55291670328e-05, 8.73743658758e-07, 2.58588397628e-06, 3.13091220505e-07, 4.59436387246e-06, 1.09755819722e-06, 2.64982236331e-06, 4.21748109147e-06, 3.30722741637e-07, 5.91319178511e-07, 1.19843184621e-06, 1.15279999591e-06, 3.18781729902e-07, 3.12672113978e-07, 4.44530797949e-07, 7.38332118999e-07, 1.65194848023e-07, 9.97866820285e-08, 5.37218447505e-08, 5.28275272416e-08, 1.87735889057e-08, 4.15098000417e-09, 1.11657974533e-11]
    },
    "erbbands": {
        "dmean": [0.0492543652654, 1.1047295332, 4.16559362411, 6.24310255051, 8.44081783295, 5.47579622269, 3.88794445992, 4.51120042801, 7.13481855392, 5.13578128815, 6.54667043686, 10.2969694138, 10.5224027634, 10.5937566757, 12.1048669815, 13.969417572, 8.94954299927, 19.1537494659, 13.5717201233, 20.3464584351, 24.498500824, 14.8218278885, 14.7930421829, 17.7064189911, 20.4991970062, 22.085395813, 14.704957962, 5.69005870819, 4.71326684952, 3.62984728813, 2.57384729385, 1.70809543133, 1.1129386425, 0.553397893906, 0.241018652916, 0.10816232115, 0.0334345847368, 0.00552301481366, 0.000121753262647, 1.22831988847e-05],
        "dmean2": [0.0806951150298, 1.7922680378, 6.89472866058, 10.3273954391, 14.0272846222, 8.99100971222, 6.525639534, 7.60059261322, 12.0978050232, 8.39130687714, 10.6566534042, 16.5340938568, 16.5808391571, 16.6039810181, 19.127696991, 22.2035923004, 14.7353067398, 32.1295585632, 22.1014595032, 33.1266212463, 40.6572113037, 24.7955589294, 25.4450283051, 29.6915245056, 34.3522224426, 37.0518760681, 24.5743331909, 9.55362606049, 7.90812683105, 5.9735584259, 4.1335234642, 2.63543772697, 1.721331954, 0.817542970181, 0.348548293114, 0.154354631901, 0.048419829458, 0.00843781698495, 0.000185058655916, 1.88629874174e-05],
        "dvar": [0.00520386500284, 2.88217568398, 49.6282730103, 76.2201461792, 243.247741699, 69.6993560791, 27.6470584869, 58.2692298889, 188.169998169, 81.2033081055, 207.112731934, 475.699035645, 643.011413574, 774.733947754, 991.803039551, 1329.10473633, 284.604980469, 893.208496094, 519.516052246, 1270.41210938, 1246.09326172, 385.220397949, 437.859405518, 544.424987793, 483.317962646, 720.850708008, 280.709197998, 67.9413604736, 79.6038742065, 33.315372467, 13.8352918625, 9.45771408081, 3.56256723404, 0.860320866108, 0.185718849301, 0.0413450039923, 0.00508554652333, 0.000159430928761, 7.5810810074e-08, 2.15719719865e-10],
        "dvar2": [0.0152046605945, 7.16344165802, 132.432312012, 213.696548462, 629.282775879, 176.416610718, 75.6878814697, 155.45880127, 554.041015625, 203.372711182, 486.680603027, 1097.73046875, 1511.11889648, 1883.92871094, 2386.84277344, 3418.16235352, 693.597412109, 2181.13037109, 1233.5111084, 3136.74511719, 3124.58129883, 975.244140625, 1157.72094727, 1410.01013184, 1303.25170898, 1931.81420898, 754.925109863, 186.172195435, 209.986557007, 84.7432937622, 33.6171073914, 22.0585441589, 8.30306148529, 1.84822964668, 0.389271825552, 0.0847360044718, 0.0107342181727, 0.00035329349339, 1.69432738062e-07, 4.73830197301e-10],
        "max": [0.619520485401, 15.55971241, 70.1304092407, 98.7642974854, 196.670272827, 280.819519043, 88.0685348511, 197.572906494, 399.482879639, 198.920578003, 474.928955078, 511.062713623, 726.306091309, 1023.13031006, 961.056518555, 960.165161133, 455.887329102, 1223.16235352, 557.263977051, 957.70489502, 954.644042969, 611.684387207, 365.067626953, 768.529724121, 335.620727539, 352.249633789, 227.566162109, 122.030128479, 302.621582031, 110.533843994, 74.094871521, 75.8718109131, 49.8915710449, 34.5941696167, 15.7217588425, 4.10722589493, 1.07035326958, 0.15618532896, 0.00392960989848, 0.00018372546765],
        "mean": [0.0860078707337, 1.92228448391, 7.91620588303, 12.574473381, 12.2954511642, 12.528883934, 6.99635124207, 7.26748609543, 13.1216316223, 10.9315795898, 11.8593988419, 19.2458953857, 24.6571674347, 21.2859325409, 24.5767288208, 27.3600921631, 18.357925415, 36.5475273132, 29.8419113159, 43.1149139404, 52.4987678528, 33.1308403015, 30.8243923187, 44.695690155, 54.4590148926, 54.6444358826, 39.0461654663, 13.6955280304, 11.2629013062, 9.21517944336, 7.17035913467, 4.6014380455, 2.95974850655, 1.42776370049, 0.565302789211, 0.214553549886, 0.0573792420328, 0.00817698333412, 0.000201139468118, 5.08443408762e-05],
        "median": [0.0530129373074, 1.32153439522, 5.99307870865, 9.81151199341, 7.03795146942, 5.75039052963, 4.93979024887, 4.55280208588, 5.69819116592, 5.32933616638, 6.08961868286, 8.46905040741, 6.61679077148, 7.24083328247, 6.93793296814, 8.64465904236, 12.66842556, 27.5903129578, 19.5993461609, 25.3270225525, 32.6575012207, 25.0053291321, 23.5272789001, 36.7096939087, 46.860874176, 46.1538238525, 34.357963562, 11.3101730347, 8.50491523743, 6.81197452545, 5.32626104355, 2.90650963783, 1.90641450882, 0.832588434219, 0.327512860298, 0.0880250558257, 0.0163845010102, 0.00154033990111, 6.26737164566e-05, 4.71845196444e-05],
        "min": [2.87564437657e-22, 4.0678278755e-21, 1.46699980804e-20, 7.85163844091e-20, 4.81271206273e-19, 3.2601180929e-19, 6.07804921177e-19, 3.88250894831e-19, 8.57431072843e-19, 8.75507605866e-19, 2.34925621897e-18, 2.88351315146e-18, 2.07275869151e-18, 3.20799480587e-18, 3.02352401669e-18, 3.25659642314e-18, 3.43469192454e-18, 5.73192158491e-18, 9.53670673001e-18, 1.30777064593e-17, 4.18391841578e-18, 6.11811318775e-18, 7.5426067109e-18, 9.5081508009e-18, 1.3502945123e-17, 1.80070816975e-17, 1.57839924422e-17, 1.90563172911e-17, 2.36793188925e-17, 2.04968771433e-17, 1.63944285732e-17, 1.49746408806e-17, 1.53592302346e-17, 1.53519510452e-17, 1.20039788749e-17, 5.53572385619e-18, 2.84825168272e-18, 9.79947636802e-19, 3.0697305842e-19, 3.96172241333e-20],
        "var": [0.00809374731034, 4.18488025665, 59.4476356506, 117.792556763, 264.906677246, 581.016296387, 50.2953834534, 75.6641540527, 506.813018799, 255.427429199, 371.595916748, 1076.39428711, 3878.59448242, 2518.54907227, 3125.01586914, 4429.79003906, 515.760192871, 1412.51220703, 1178.96435547, 2757.71508789, 3759.21875, 975.394592285, 694.526550293, 1224.50854492, 1171.56018066, 1412.29956055, 713.640075684, 121.09059906, 147.921463013, 79.4909286499, 41.0464019775, 30.6409740448, 12.7464189529, 3.62729310989, 0.593604385853, 0.119454905391, 0.0108593888581, 0.000287552218651, 1.34144897856e-07, 5.20296972173e-10]
    },
    "gfcc": {
        "mean": [48.4079818726, 74.4108734131, -125.992523193, 66.0264129639, -53.0041999817, 18.6794338226, -38.4817810059, 10.3765296936, -28.6711406708, 1.78833174706, -18.2006988525, -10.7558279037, -13.0461807251],
        "cov": [[1799.50756836, -281.464294434, 266.860290527, -44.1855773926, 165.063323975, 292.427368164, 63.259853363, 182.940505981, -46.0428390503, 16.8816604614, -148.883361816, 117.514526367, -76.6647338867], [-281.464294434, 397.065429688, -215.555526733, 26.9603881836, -34.4203834534, -89.1992492676, 28.1301403046, -59.0213851929, 28.5519638062, -56.4435424805, 62.546043396, -78.2074584961, 63.0399208069], [266.860290527, -215.555526733, 378.815216064, 8.71460533142, 145.182800293, 108.197395325, 6.11525678635, 109.405731201, -15.5186901093, 67.3671417236, -60.8659248352, 61.8005409241, -71.9529647827], [-44.1855773926, 26.9603881836, 8.71460533142, 202.134613037, -48.5323295593, -49.0724525452, -34.3910980225, -46.5024299622, 34.1286468506, 20.9493408203, 57.6168708801, -35.1844940186, 8.71919250488], [165.063323975, -34.4203834534, 145.182800293, -48.5323295593, 253.484420776, 134.947433472, 70.7136230469, 114.372558594, -9.70853424072, 25.1490573883, -43.920715332, 50.054271698, -28.8116073608], [292.427368164, -89.1992492676, 108.197395325, -49.0724525452, 134.947433472, 239.946746826, 78.5410232544, 100.272499084, 5.2060842514, 7.44618797302, -41.0975646973, 46.9840164185, -19.577375412], [63.259853363, 28.1301403046, 6.11525678635, -34.3910980225, 70.7136230469, 78.5410232544, 88.3884735107, 60.0241241455, 7.39442682266, -4.12341451645, -17.1047439575, 11.4001665115, 4.17635345459], [182.940505981, -59.0213851929, 109.405731201, -46.5024299622, 114.372558594, 100.272499084, 60.0241241455, 156.283660889, 36.4333190918, 13.9928102493, -49.6578598022, 28.3178062439, -20.5839080811], [-46.0428390503, 28.5519638062, -15.5186901093, 34.1286468506, -9.70853424072, 5.2060842514, 7.39442682266, 36.4333190918, 76.4696655273, 22.8197231293, 13.3537168503, -19.4436569214, -5.15298509598], [16.8816604614, -56.4435424805, 67.3671417236, 20.9493408203, 25.1490573883, 7.44618797302, -4.12341451645, 13.9928102493, 22.8197231293, 82.9350814819, 24.4531345367, 11.834271431, -27.9053382874], [-148.883361816, 62.546043396, -60.8659248352, 57.6168708801, -43.920715332, -41.0975646973, -17.1047439575, -49.6578598022, 13.3537168503, 24.4531345367, 81.6809921265, -9.49902629852, 12.2433710098], [117.514526367, -78.2074584961, 61.8005409241, -35.1844940186, 50.054271698, 46.9840164185, 11.4001665115, 28.3178062439, -19.4436569214, 11.834271431, -9.49902629852, 64.6404876709, -0.314054906368], [-76.6647338867, 63.0399208069, -71.9529647827, 8.71919250488, -28.8116073608, -19.577375412, 4.17635345459, -20.5839080811, -5.15298509598, -27.9053382874, 12.2433710098, -0.314054906368, 63.8162956238]],
        "icov": [[0.00104613567237, -0.000679066637531, 0.000695758790243, -0.00140613119584, 0.000962201331276, -0.00129752780776, 0.000732725835405, -0.00140907091554, 0.00189983355813, -0.00126595259644, 0.00267677172087, -0.00226396531798, 0.00151321198791], [-0.000679066637531, 0.00820930767804, -0.000411778251873, 0.0031511571724, -0.00457006040961, 0.00344278570265, -0.00455189868808, 0.00345014431514, -0.00531008001417, 0.00645144749433, -0.00879932474345, 0.0095063438639, -0.00528916809708], [0.000695758790243, -0.000411778251873, 0.00855471380055, -0.00496108690277, -7.9299796198e-05, -0.00198331708089, 0.00370088778436, -0.00560666294768, 0.00661334302276, -0.00620780326426, 0.00717134447768, -0.00513052521273, 0.00528941862285], [-0.00140613119584, 0.0031511571724, -0.00496108690277, 0.0119264712557, -0.00293723703362, 0.00262754666619, -0.00134636345319, 0.00594264641404, -0.00899040699005, 0.00539577705786, -0.0119987204671, 0.0101151447743, -0.00655504502356], [0.000962201331276, -0.00457006040961, -7.9299796198e-05, -0.00293723703362, 0.0112939188257, -0.00403461419046, -0.000355114636477, -0.00649140169844, 0.00745503045619, -0.00574697321281, 0.00622636452317, -0.00747585343197, 0.00463057309389], [-0.00129752780776, 0.00344278570265, -0.00198331708089, 0.00262754666619, -0.00403461419046, 0.0105803264305, -0.00736716808751, 0.00249584438279, -0.00557324383408, 0.00516200438142, -0.00529496278614, 0.00208106916398, -0.00201013498008], [0.000732725835405, -0.00455189868808, 0.00370088778436, -0.00134636345319, -0.000355114636477, -0.00736716808751, 0.0250328760594, -0.00930799171329, 0.00603656703606, -0.00486457534134, 0.00436922907829, -0.00246852869168, 0.000182426316314], [-0.00140907091554, 0.00345014431514, -0.00560666294768, 0.00594264641404, -0.00649140169844, 0.00249584438279, -0.00930799171329, 0.024337887764, -0.0190935339779, 0.00651825545356, -0.000845680537168, 0.00244044954889, -0.00445734802634], [0.00189983355813, -0.00531008001417, 0.00661334302276, -0.00899040699005, 0.00745503045619, -0.00557324383408, 0.00603656703606, -0.0190935339779, 0.034603793174, -0.0147286187857, 0.00732186157256, -0.00130518828519, 0.0062576350756], [-0.00126595259644, 0.00645144749433, -0.00620780326426, 0.00539577705786, -0.00574697321281, 0.00516200438142, -0.00486457534134, 0.00651825545356, -0.0147286187857, 0.0298566669226, -0.0193927697837, 0.00494008837268, 0.00139063852839], [0.00267677172087, -0.00879932474345, 0.00717134447768, -0.0119987204671, 0.00622636452317, -0.00529496278614, 0.00436922907829, -0.000845680537168, 0.00732186157256, -0.0193927697837, 0.0402160994709, -0.0185780655593, 0.00656523695216], [-0.00226396531798, 0.0095063438639, -0.00513052521273, 0.0101151447743, -0.00747585343197, 0.00208106916398, -0.00246852869168, 0.00244044954889, -0.00130518828519, 0.00494008837268, -0.0185780655593, 0.0410398356616, -0.0152441896498], [0.00151321198791, -0.00528916809708, 0.00528941862285, -0.00655504502356, 0.00463057309389, -0.00201013498008, 0.000182426316314, -0.00445734802634, 0.0062576350756, 0.00139063852839, 0.00656523695216, -0.0152441896498, 0.0293751917779]]
    },
    "melbands": {
        "dmean": [0.000747825019062, 0.00187846866902, 0.00112966436427, 0.000464069104055, 0.000154045876116, 0.000103969519841, 0.00010811744869, 5.07315344294e-05, 6.53312672512e-05, 6.88104919391e-05, 5.31038931513e-05, 4.27947634307e-05, 4.22891207563e-05, 5.01100439578e-05, 2.34456529142e-05, 2.52262907452e-05, 4.00420212827e-05, 2.30322584684e-05, 3.38868048857e-05, 2.81569718936e-05, 3.03552260448e-05, 1.63004006026e-05, 1.4093898244e-05, 1.70841849467e-05, 1.56216865435e-05, 1.6104813767e-05, 1.92376046471e-05, 1.6057094399e-05, 1.18989801194e-05, 5.88966940995e-06, 3.14510998578e-06, 2.91277888209e-06, 2.74807644018e-06, 2.08830942938e-06, 1.73886155608e-06, 1.31268927817e-06, 1.09579912078e-06, 8.69378482093e-07, 6.68052621222e-07, 4.58503393475e-07],
        "dmean2": [0.00122020102572, 0.00305632012896, 0.00187232997268, 0.000764383061323, 0.000256059109233, 0.00017526820011, 0.000182216565008, 8.29961136333e-05, 0.000105663159047, 0.000109813045128, 8.36790641188e-05, 6.72018577461e-05, 6.6861997766e-05, 7.93804356363e-05, 3.80020464945e-05, 4.24711761298e-05, 6.73678368912e-05, 3.78579825338e-05, 5.54113248654e-05, 4.66942656203e-05, 5.03760675201e-05, 2.72610814136e-05, 2.4017668693e-05, 2.93598077405e-05, 2.61758905253e-05, 2.70335385721e-05, 3.26495101035e-05, 2.68947715085e-05, 1.98749512492e-05, 1.00563083834e-05, 5.27379324922e-06, 4.88634486828e-06, 4.68806774734e-06, 3.43489250554e-06, 2.84138741335e-06, 2.09813674701e-06, 1.71489773493e-06, 1.37782672027e-06, 1.0293157402e-06, 6.85385998622e-07],
        "dvar": [1.17391982712e-06, 9.13076655706e-06, 2.92915547107e-06, 5.1682729918e-07, 3.89110965671e-08, 2.99640667834e-08, 3.94649397606e-08, 7.15617209934e-09, 2.03459347148e-08, 2.06957651017e-08, 1.59483537487e-08, 1.19030350021e-08, 1.3085296402e-08, 2.19943867563e-08, 4.25105906032e-09, 1.36313327292e-09, 4.30842117538e-09, 1.4662157044e-09, 4.41383329886e-09, 1.9792603112e-09, 1.92864324511e-09, 5.17436538061e-10, 4.29307783767e-10, 5.40384570424e-10, 4.44887515716e-10, 3.23467141961e-10, 5.14356390813e-10, 3.86018883525e-10, 1.85570087075e-10, 5.25027660236e-11, 2.20268404211e-11, 3.60209292949e-11, 2.09295601683e-11, 1.01662784094e-11, 6.00102953441e-12, 4.28708761199e-12, 4.5565244286e-12, 2.16999161695e-12, 1.52477889256e-12, 5.71087231324e-13],
        "dvar2": [3.15070496981e-06, 2.3392645744e-05, 7.92345053924e-06, 1.32644663609e-06, 1.03544103069e-07, 8.18115637458e-08, 1.1474583772e-07, 1.80388450843e-08, 4.73466421624e-08, 4.88240132768e-08, 3.7404277009e-08, 2.88723160935e-08, 3.14813846103e-08, 5.61561428469e-08, 1.03805204432e-08, 3.27828497682e-09, 1.04421014058e-08, 3.49345041784e-09, 1.10139115606e-08, 5.00324004449e-09, 4.75524064569e-09, 1.25485510871e-09, 1.10962139477e-09, 1.46012268942e-09, 1.14684184371e-09, 8.63894566994e-10, 1.39683209444e-09, 1.04213959684e-09, 4.9976905947e-10, 1.46385667477e-10, 5.9317821488e-11, 9.67510932481e-11, 5.50932320598e-11, 2.59955529325e-11, 1.50142467903e-11, 1.0549928986e-11, 1.07553020309e-11, 5.3551126207e-12, 3.64501614655e-12, 1.22372110275e-12],
        "max": [0.0098877158016, 0.0309517644346, 0.0202914793044, 0.0128135448322, 0.00406931573525, 0.00397634366527, 0.00512017589062, 0.00175877625588, 0.00444702059031, 0.00286485999823, 0.00349613069557, 0.00382823450491, 0.0039666313678, 0.00381152424961, 0.00215300312266, 0.0010419182945, 0.00283365114592, 0.000924843479879, 0.00146652956028, 0.000869574898388, 0.00101240945514, 0.000934937736019, 0.000368889071979, 0.000390477391193, 0.000680746859871, 0.000364892504876, 0.000364718667697, 0.000251682853559, 0.000205009695492, 0.000123629812151, 8.59553110786e-05, 0.000253809994319, 9.61133409874e-05, 5.71970595047e-05, 4.21938784712e-05, 6.06049179623e-05, 5.45984476048e-05, 3.79508965125e-05, 3.62923419743e-05, 3.074846245e-05],
        "mean": [0.00131955172401, 0.00374633516185, 0.00220432714559, 0.000884960987605, 0.000305205321638, 0.000167078367667, 0.000206956232432, 0.000104780141555, 0.000113443595183, 0.000134383764816, 0.000121526783914, 8.2179052697e-05, 7.91437269072e-05, 9.99250551104e-05, 4.07446168538e-05, 4.6153760195e-05, 7.16020585969e-05, 4.25957732659e-05, 6.54817777104e-05, 5.42005436728e-05, 6.10718416283e-05, 3.32154922944e-05, 2.53508023889e-05, 3.25251821778e-05, 3.59682162525e-05, 3.86379979318e-05, 4.1601513658e-05, 3.54592448275e-05, 2.88814953819e-05, 1.2671609511e-05, 6.40829284748e-06, 6.39767631583e-06, 5.784133009e-06, 4.94053256261e-06, 4.35146466771e-06, 3.28878013534e-06, 2.60971296484e-06, 2.13244788938e-06, 1.61589457548e-06, 1.07797882265e-06],
        "median": [0.000866512651555, 0.00291210692376, 0.00171898270492, 0.000462431402411, 0.000201072965865, 0.000104213700979, 8.95952252904e-05, 5.33721540705e-05, 4.92098879477e-05, 5.27256997884e-05, 3.04268833133e-05, 2.63175206783e-05, 2.21166683332e-05, 1.96081382455e-05, 1.86445067811e-05, 3.29918620992e-05, 5.30606266693e-05, 2.88537976303e-05, 2.83149674942e-05, 3.64496627299e-05, 3.60418525815e-05, 2.44057264354e-05, 1.83808806469e-05, 2.413250877e-05, 2.88015944534e-05, 3.17193262163e-05, 3.40050537488e-05, 2.90155003313e-05, 2.45361115958e-05, 1.09314096335e-05, 4.79629761685e-06, 4.77131652588e-06, 4.06336403103e-06, 3.64331799574e-06, 3.24900111082e-06, 2.19976391236e-06, 1.58215220836e-06, 1.35797768053e-06, 1.00611578091e-06, 6.06758248978e-07],
        "min": [4.96177889938e-24, 6.75504985243e-24, 2.7506854013e-23, 3.07292719248e-23, 1.96686089964e-23, 8.536061907e-24, 1.37291569119e-23, 1.0978367381e-23, 2.0664099394e-23, 1.77282841155e-23, 1.00212550664e-23, 1.29228014384e-23, 1.03740155194e-23, 8.10645299119e-24, 1.00061349695e-23, 5.99698016049e-24, 1.15668087069e-23, 1.61485507097e-23, 1.91859949387e-23, 1.0070178642e-23, 4.30238624036e-24, 6.09316912611e-24, 7.26009280345e-24, 5.23568284416e-24, 7.74798749611e-24, 1.0066895403e-23, 1.1559435224e-23, 1.25073391652e-23, 9.58827613682e-24, 1.15546121284e-23, 1.06481486283e-23, 1.41835439488e-23, 1.07692663874e-23, 1.23338686521e-23, 8.78369481148e-24, 1.06160506669e-23, 8.18322414562e-24, 1.0670274599e-23, 1.07633451974e-23, 1.36752650903e-23],
        "var": [1.84221755717e-06, 1.23736017485e-05, 3.82831967727e-06, 1.7665249743e-06, 1.35145086233e-07, 4.01826909524e-08, 1.08748295702e-07, 2.12275068634e-08, 3.99533597317e-08, 6.34334966776e-08, 9.49149452367e-08, 3.82912190844e-08, 3.74073572118e-08, 8.32704714071e-08, 7.80926701083e-09, 2.65576960423e-09, 6.49346265646e-09, 2.6609834336e-09, 1.07575095498e-08, 4.10278255814e-09, 5.86942539016e-09, 1.22276111458e-09, 6.92190527118e-10, 9.05339136992e-10, 9.56096646298e-10, 7.57844731414e-10, 9.52342538163e-10, 7.04048097599e-10, 4.54727283605e-10, 9.0132817876e-11, 3.82138209964e-11, 5.77189268602e-11, 4.04412128785e-11, 2.28440582423e-11, 1.53807574316e-11, 1.16943945846e-11, 1.27644457504e-11, 6.55260437923e-12, 4.79206648321e-12, 2.25365255971e-12]
    },
    "mfcc": {
        "mean": [-583.776245117, 87.8379669189, -4.16051006317, 43.7803039551, 11.569475174, 10.8993864059, 7.07598257065, 1.91098237038, -0.852544009686, 10.3205251694, -4.56497144699, -2.95758724213, -1.2852127552],
        "cov": [[1240.3170166, -133.257247925, 103.102722168, -100.294921875, 75.953338623, 96.3219299316, 84.6977844238, 150.220932007, 99.0906600952, 18.1784591675, 12.3404350281, -11.2782249451, -16.8348350525], [-133.257247925, 305.548492432, -136.020080566, -9.87344837189, -5.99030780792, -23.3214359283, 35.3750686646, 24.7601203918, 14.9129180908, 16.6975460052, -12.8987770081, -23.5539054871, 4.54552507401], [103.102722168, -136.020080566, 213.1640625, 25.3258419037, 50.401008606, 22.9889984131, -1.88388049603, -1.04906463623, 10.1338605881, 5.62524604797, 36.5824699402, 20.777677536, -17.0993976593], [-100.294921875, -9.87344837189, 25.3258419037, 186.032806396, -8.43554401398, -32.1986656189, -45.2332649231, -76.5209350586, -47.8027076721, -2.06812167168, -0.300869345665, 25.4805755615, 7.28332662582], [75.953338623, -5.99030780792, 50.401008606, -8.43554401398, 155.755630493, 42.8679733276, 65.1143951416, 69.2757568359, 54.2142791748, 30.7767429352, 41.6251487732, 11.1168708801, 0.312924861908], [96.3219299316, -23.3214359283, 22.9889984131, -32.1986656189, 42.8679733276, 99.4801254272, 53.1524047852, 27.4956016541, 14.1907215118, 1.93438112736, 13.6449213028, 6.96368646622, 11.0484685898], [84.6977844238, 35.3750686646, -1.88388049603, -45.2332649231, 65.1143951416, 53.1524047852, 114.261390686, 74.1262588501, 45.5875587463, 14.6289405823, 10.7891101837, -6.6579003334, 6.06211280823], [150.220932007, 24.7601203918, -1.04906463623, -76.5209350586, 69.2757568359, 27.4956016541, 74.1262588501, 142.289840698, 87.2009506226, 31.7776031494, 16.5600032806, -13.2501726151, -7.92795085907], [99.0906600952, 14.9129180908, 10.1338605881, -47.8027076721, 54.2142791748, 14.1907215118, 45.5875587463, 87.2009506226, 104.017494202, 45.1199684143, 20.5066375732, -8.38344097137, -6.30132579803], [18.1784591675, 16.6975460052, 5.62524604797, -2.06812167168, 30.7767429352, 1.93438112736, 14.6289405823, 31.7776031494, 45.1199684143, 73.2938308716, 39.0925178528, 10.8258304596, -1.03127074242], [12.3404350281, -12.8987770081, 36.5824699402, -0.300869345665, 41.6251487732, 13.6449213028, 10.7891101837, 16.5600032806, 20.5066375732, 39.0925178528, 72.1253967285, 32.0383529663, 1.7949846983], [-11.2782249451, -23.5539054871, 20.777677536, 25.4805755615, 11.1168708801, 6.96368646622, -6.6579003334, -13.2501726151, -8.38344097137, 10.8258304596, 32.0383529663, 59.1937446594, 24.2031078339], [-16.8348350525, 4.54552507401, -17.0993976593, 7.28332662582, 0.312924861908, 11.0484685898, 6.06211280823, -7.92795085907, -6.30132579803, -1.03127074242, 1.7949846983, 24.2031078339, 52.3313827515]],
