{
"lowlevel": {
    "average_loudness": 0.96598470211,
    "barkbands_crest": {
        "dmean": 2.51159763336,
        "dmean2": 3.96976995468,
        "dvar": 6.42449522018,
        "dvar2": 14.2888441086,
        "max": 23.5314826965,
        "mean": 7.82703781128,
        "median": 6.82482671738,
        "min": 2.43822908401,
        "var": 13.2117519379
    },
    "barkbands_flatness_db": {
        "dmean": 0.017074868083,
        "dmean2": 0.0268144384027,
        "dvar": 0.000348749366822,
        "dvar2": 0.000772294355556,
        "max": 0.395336300135,
        "mean": 0.0849290564656,
        "median": 0.0777938067913,
        "min": 0.0230128578842,
        "var": 0.00109908974264
    },
    "barkbands_kurtosis": {
        "dmean": 1.24292707443,
        "dmean2": 2.0067794323,
        "dvar": 10.8077077866,
        "dvar2": 25.7581882477,
        "max": 122.02520752,
        "mean": 0.0174290668219,
        "median": -0.907295942307,
        "min": -1.86534249783,
        "var": 13.5251111984
    },
    "barkbands_skewness": {
        "dmean": 0.47754457593,
        "dmean2": 0.729034900665,
        "dvar": 0.30490514636,
        "dvar2": 0.656906068325,
        "max": 9.82884883881,
        "mean": 0.684297561646,
        "median": 0.525489270687,
        "min": -1.92688679695,
        "var": 0.773771286011
    },
    "barkbands_spread": {
        "dmean": 7.09927940369,
        "dmean2": 10.8541212082,
        "dvar": 61.4752616882,
        "dvar2": 125.888580322,
        "max": 106.3800354,
        "mean": 41.7548904419,
        "median": 41.4724235535,
        "min": 0.818826377392,
        "var": 203.903808594
    },
    "dissonance": {
        "dmean": 0.00845301058143,
        "dmean2": 0.0141025884077,
        "dvar": 0.000101762532722,
        "dvar2": 0.000263811758487,
        "max": 0.500000059605,
        "mean": 0.485373944044,
        "median": 0.48937869072,
        "min": 0.270508736372,
        "var": 0.000223477516556
    },
    "dynamic_complexity": 1.77134048939,
    "erbbands_crest": {
        "dmean": 2.44792914391,
        "dmean2": 4.07955026627,
        "dvar": 4.75473499298,
        "dvar2": 12.0515174866,
        "max": 26.7896194458,
        "mean": 8.17240715027,
        "median": 7.54620456696,
        "min": 2.51071500778,
        "var": 9.7465171814
    },
    "erbbands_flatness_db": {
        "dmean": 0.0135687654838,
        "dmean2": 0.0202653165907,
        "dvar": 0.000152832639287,
        "dvar2": 0.000315465003951,
        "max": 0.241322800517,
        "mean": 0.134523689747,
        "median": 0.13184005022,
        "min": 0.0488771833479,
        "var": 0.000758362410124
    },
    "erbbands_kurtosis": {
        "dmean": 0.870445072651,
        "dmean2": 1.3946775198,
        "dvar": 1.05181729794,
        "dvar2": 2.47862648964,
        "max": 26.5288772583,
        "mean": 0.850259065628,
        "median": 0.600973129272,
        "min": -1.76913011074,
        "var": 2.33342480659
    },
    "erbbands_skewness": {
        "dmean": 0.292053103447,
        "dmean2": 0.453694790602,
        "dvar": 0.0747823864222,
        "dvar2": 0.161595985293,
        "max": 3.49212527275,
        "mean": -0.662545919418,
        "median": -0.77585285902,
        "min": -4.3072886467,
        "var": 0.400858789682
    },
    "erbbands_spread": {
        "dmean": 7.27622842789,
        "dmean2": 11.5592832565,
        "dvar": 52.6545562744,
        "dvar2": 125.630012512,
        "max": 137.617462158,
        "mean": 34.940158844,
        "median": 33.138671875,
        "min": 7.69293689728,
        "var": 154.596679688
    },
    "hfc": {
        "dmean": 9.63177394867,
        "dmean2": 14.704158783,
        "dvar": 247.867401123,
        "dvar2": 546.594726562,
        "max": 317.495605469,
        "mean": 35.4192962646,
        "median": 30.1227226257,
        "min": 1.21495653097e-16,
        "var": 616.289978027
    },
    "melbands_crest": {
        "dmean": 3.38118982315,
        "dmean2": 5.21509885788,
        "dvar": 10.3309049606,
        "dvar2": 20.9390678406,
        "max": 33.7926750183,
        "mean": 13.4339027405,
        "median": 12.2899684906,
        "min": 2.39481568336,
        "var": 26.2294616699
    },
    "melbands_flatness_db": {
        "dmean": 0.0239287037402,
        "dmean2": 0.0366410762072,
        "dvar": 0.000720662123058,
        "dvar2": 0.00150549807586,
        "max": 0.527418851852,
        "mean": 0.139355450869,
        "median": 0.129333093762,
        "min": 0.0068698162213,
        "var": 0.00229436717927
    },
    "melbands_kurtosis": {
        "dmean": 4.97598361969,
        "dmean2": 7.97400808334,
        "dvar": 145.968582153,
        "dvar2": 361.356048584,
        "max": 523.506652832,
        "mean": 6.35918521881,
        "median": 2.72425794601,
        "min": -1.65958356857,
        "var": 172.005630493
    },
    "melbands_skewness": {
        "dmean": 0.712148785591,
        "dmean2": 1.0964397192,
        "dvar": 0.77436029911,
        "dvar2": 1.70761680603,
        "max": 16.6004066467,
        "mean": 2.14937353134,
        "median": 1.86051118374,
        "min": -0.47810035944,
        "var": 1.81759536266
    },
    "melbands_spread": {
        "dmean": 12.4445142746,
        "dmean2": 19.2916507721,
        "dvar": 207.026947021,
        "dvar2": 435.589294434,
        "max": 247.890487671,
        "mean": 47.3807907104,
        "median": 45.0847549438,
        "min": 0.737475931644,
        "var": 571.598449707
    },
    "pitch_salience": {
        "dmean": 0.0719100236893,
        "dmean2": 0.115493036807,
        "dvar": 0.00463935500011,
        "dvar2": 0.0110121071339,
        "max": 0.868013620377,
        "mean": 0.580488443375,
        "median": 0.591100215912,
        "min": 0.14386254549,
        "var": 0.0100145442411
    },
    "silence_rate_20dB": {
        "dmean": 0,
        "dmean2": 0,
        "dvar": 0,
        "dvar2": 0,
        "max": 1,
        "mean": 1,
        "median": 1,
        "min": 1,
        "var": 0
    },
    "silence_rate_30dB": {
        "dmean": 0,
        "dmean2": 0,
        "dvar": 0,
        "dvar2": 0,
        "max": 1,
        "mean": 1,
        "median": 1,
        "min": 1,
        "var": 0
    },
    "silence_rate_60dB": {
        "dmean": 0.00108648417518,
        "dmean2": 0.00217320444062,
        "dvar": 0.00108509056736,
        "dvar2": 0.00216784700751,
        "max": 1,
        "mean": 0.0117327542976,
        "median": 0,
        "min": 0,
        "var": 0.0115947779268
    },
    "spectral_centroid": {
        "dmean": 237.559127808,
        "dmean2": 375.275634766,
        "dvar": 66322.515625,
        "dvar2": 144278.796875,
        "max": 10583.9199219,
        "mean": 2276.23999023,
        "median": 2302.73291016,
        "min": 160.346389771,
        "var": 213718.796875
    },
    "spectral_complexity": {
        "dmean": 4.46892642975,
        "dmean2": 7.02792549133,
        "dvar": 16.8160018921,
        "dvar2": 36.5014877319,
        "max": 61,
        "mean": 33.108745575,
        "median": 34,
        "min": 0,
        "var": 84.6179733276
    },
    "spectral_decrease": {
        "dmean": 2.65345145856e-09,
        "dmean2": 4.26446833401e-09,
        "dvar": 1.50626909481e-17,
        "dvar2": 3.75416979798e-17,
        "max": 4.41821359362e-29,
        "mean": -6.60638077576e-09,
        "median": -5.61660362663e-09,
        "min": -3.48612125833e-08,
        "var": 1.77304857355e-17
    },
    "spectral_energy": {
        "dmean": 0.0105485366657,
        "dmean2": 0.0169332083315,
        "dvar": 0.000224980496569,
        "dvar2": 0.0005620457232,
        "max": 0.135090783238,
        "mean": 0.0281466785818,
        "median": 0.0248047690839,
        "min": 1.0853250217e-20,
        "var": 0.00027460543788
    },
    "spectral_energyband_high": {
        "dmean": 0.000790792168118,
        "dmean2": 0.00115739786997,
        "dvar": 2.99292491945e-06,
        "dvar2": 6.18299100097e-06,
        "max": 0.0350084155798,
        "mean": 0.00196958938614,
        "median": 0.00116741319653,
        "min": 7.97621749572e-21,
        "var": 6.81503343003e-06
    },
    "spectral_energyband_low": {
        "dmean": 0.0071137114428,
        "dmean2": 0.0114307627082,
        "dvar": 0.000183859971003,
        "dvar2": 0.00045394274639,
        "max": 0.116025626659,
        "mean": 0.0113730700687,
        "median": 0.00704568810761,
        "min": 1.34175546455e-22,
        "var": 0.000196515116841
    },
    "spectral_energyband_middle_high": {
        "dmean": 0.00229441211559,
        "dmean2": 0.00369058130309,
        "dvar": 7.07744584361e-06,
        "dvar2": 1.77858637471e-05,
        "max": 0.0406960248947,
        "mean": 0.00871918071061,
        "median": 0.00740432925522,
        "min": 1.46963085227e-21,
        "var": 3.08213238895e-05
    },
    "spectral_energyband_middle_low": {
        "dmean": 0.00362011627294,
        "dmean2": 0.00586029374972,
        "dvar": 4.068414637e-05,
        "dvar2": 0.0001045905301,
        "max": 0.0777559056878,
        "mean": 0.00697146635503,
        "median": 0.00497594382614,
        "min": 3.84235214271e-22,
        "var": 4.58848517155e-05
    },
    "spectral_entropy": {
        "dmean": 0.0999068021774,
        "dmean2": 0.147681668401,
        "dvar": 0.0123369321227,
        "dvar2": 0.023484826088,
        "max": 9.79504203796,
        "mean": 7.93920946121,
        "median": 7.92108774185,
        "min": 5.87964916229,
        "var": 0.0548554360867
    },
    "spectral_flux": {
        "dmean": 0.0276804119349,
        "dmean2": 0.0436690859497,
        "dvar": 0.00110815057997,
        "dvar2": 0.002275534207,
        "max": 0.302627950907,
        "mean": 0.097198151052,
        "median": 0.087107822299,
        "min": 1.04178936311e-10,
        "var": 0.00183591479436
    },
    "spectral_kurtosis": {
        "dmean": 1.01782357693,
        "dmean2": 1.69290244579,
        "dvar": 1.06533432007,
        "dvar2": 3.00576615334,
        "max": 21.1606006622,
        "mean": 3.77753853798,
        "median": 3.74675703049,
        "min": -1.21954548359,
        "var": 2.56882119179
    },
    "spectral_rms": {
        "dmean": 0.000888909213245,
        "dmean2": 0.0013842274202,
        "dvar": 1.21335176573e-06,
        "dvar2": 2.85830606117e-06,
        "max": 0.0114802382886,
        "mean": 0.00503518199548,
        "median": 0.00491932686418,
        "min": 3.2540031867e-12,
        "var": 2.10704956771e-06
    },
    "spectral_rolloff": {
        "dmean": 705.000366211,
        "dmean2": 1129.03210449,
        "dvar": 1310115.375,
        "dvar2": 2494048.25,
        "max": 18260.15625,
        "mean": 2853.73364258,
        "median": 2627.05078125,
        "min": 86.1328125,
        "var": 3294106.25
    },
    "spectral_skewness": {
        "dmean": 0.14854671061,
        "dmean2": 0.242227420211,
        "dvar": 0.018585819751,
        "dvar2": 0.0469768531621,
        "max": 3.56453585625,
        "mean": 1.28743577003,
        "median": 1.28604447842,
        "min": -0.0806886926293,
        "var": 0.0642600953579
    },
    "spectral_spread": {
        "dmean": 471526.40625,
        "dmean2": 662335.5625,
        "dvar": 472327979008,
        "dvar2": 710113034240,
        "max": 42090660,
        "mean": 4425702.5,
        "median": 4191741.5,
        "min": 1806330.5,
        "var": 1.92891597619e+12
    },
    "spectral_strongpeak": {
        "dmean": 0.596632778645,
        "dmean2": 1.0244396925,
        "dvar": 1.34039747715,
        "dvar2": 3.28420758247,
        "max": 12.2282075882,
        "mean": 0.826367557049,
        "median": 0.247573256493,
        "min": 0,
        "var": 2.06298232079
    },
    "zerocrossingrate": {
        "dmean": 0.0139277931303,
        "dmean2": 0.0153439054266,
        "dvar": 0.000316543009831,
        "dvar2": 0.000337285775458,
        "max": 0.5048828125,
        "mean": 0.0937855392694,
        "median": 0.0869140625,
        "min": 0.00634765625,
        "var": 0.0018135959981
    },
    "barkbands": {
        "dmean": [0.00042423143168, 0.00491812173277, 0.00262840162031, 0.00120046758093, 0.00178686529398, 0.000481030729134, 0.00038734372356, 0.000521753565408, 0.000544408685528, 0.000389252032619, 0.000476700341096, 0.000396455085138, 0.000573574798182, 0.000368320819689, 0.000192924228031, 0.000451915315352, 0.000817028689198, 0.000358631426934, 0.00042536816909, 0.000271964090643, 0.000164329423569, 0.000160157025675, 0.000192316554603, 0.000165386707522, 0.000140263466164, 5.66044727748e-05, 6.42365193926e-06],
        "dmean2": [0.000615227560047, 0.00782898068428, 0.00464599393308, 0.00202623917721, 0.00296759675257, 0.000789880403318, 0.000619946280494, 0.000819267297629, 0.000851952470839, 0.000624336651526, 0.000773870560806, 0.000627301225904, 0.000930675887503, 0.000612280971836, 0.000318538106512, 0.00074837054126, 0.00137024396099, 0.000597365375143, 0.000710594060365, 0.000457343732705, 0.000265897921054, 0.000246527750278, 0.000283979723463, 0.000251605611993, 0.0002115079551, 8.16805986688e-05, 9.95195387077e-06],
        "dvar": [7.39384233839e-07, 9.86672966974e-05, 2.73931000265e-05, 4.13470797866e-06, 1.43876441143e-05, 1.02668877844e-06, 5.77687785608e-07, 1.83850568192e-06, 1.43417150866e-06, 7.55821986331e-07, 1.24651603528e-06, 8.1648778405e-07, 1.92154220713e-06, 3.84212370363e-07, 1.70328974036e-07, 5.36853633548e-07, 7.76124750246e-07, 1.88088577602e-07, 2.67304585577e-07, 1.08845924274e-07, 6.69640769502e-08, 8.14812111116e-08, 2.78942934528e-07, 3.46076433289e-07, 3.06304741571e-07, 3.60776510888e-08, 8.69413485649e-10],
        "dvar2": [1.42378974033e-06, 0.000235154686379, 7.82958086347e-05, 1.10764276542e-05, 3.79251287086e-05, 2.53803136729e-06, 1.36584742449e-06, 4.23433584729e-06, 3.37537107953e-06, 1.74645686002e-06, 3.10983637064e-06, 1.8360364038e-06, 4.74841954201e-06, 9.28141105305e-07, 4.23667017913e-07, 1.3404510355e-06, 2.09241989069e-06, 4.61469994661e-07, 7.0345305403e-07, 2.88483249733e-07, 1.61625365536e-07, 1.80692694585e-07, 5.56893837711e-07, 8.07748961051e-07, 7.30663998638e-07, 7.76259767576e-08, 1.75890024767e-09],
        "max": [0.0073558348231, 0.0837186425924, 0.0517494939268, 0.0297838766128, 0.0545364022255, 0.0231074988842, 0.0147600499913, 0.0262369848788, 0.0255954302847, 0.0221191067249, 0.0251108352095, 0.0263298116624, 0.0278386697173, 0.0155498404056, 0.0102186519653, 0.0225315969437, 0.0155932884663, 0.0120903104544, 0.0123211368918, 0.0062834424898, 0.00556814810261, 0.00750476587564, 0.0150550445542, 0.015950512141, 0.018301198259, 0.00539037957788, 0.000716145324986],
        "mean": [0.000458865746623, 0.00674379989505, 0.00344291748479, 0.00150478899013, 0.00225738855079, 0.000682581681758, 0.000612166477367, 0.000757594709285, 0.000917761120945, 0.00061954424018, 0.000782358809374, 0.000615565979388, 0.000956162170041, 0.000606172310654, 0.000294623663649, 0.000849332485814, 0.00185994815547, 0.000850214506499, 0.0010111136362, 0.000656755175442, 0.00034242332913, 0.000335658231052, 0.000356987584382, 0.000287078757538, 0.000239082088228, 9.79346004897e-05, 7.82211282058e-06],
        "median": [9.48580564e-05, 0.00344570167363, 0.0023617723491, 0.000927015207708, 0.00111744343303, 0.000313108903356, 0.000312272430165, 0.000207775228773, 0.00035259212018, 0.000244679336902, 0.0003010967921, 0.0002800389193, 0.000316904508509, 0.000384280196158, 0.000163988195709, 0.00060039293021, 0.00153885770123, 0.000690769345965, 0.000822084839456, 0.000533140846528, 0.000242739231908, 0.000205218122574, 0.000142437347677, 0.00010034222214, 7.28742743377e-05, 3.21628285747e-05, 1.12315217393e-06],
        "min": [2.53123534152e-23, 7.55842027628e-23, 4.64490199345e-23, 1.48188562342e-23, 3.47765291099e-23, 5.21276888033e-23, 1.32709628323e-22, 5.9584248204e-23, 5.83289433119e-23, 8.5185441462e-23, 3.29214090953e-23, 3.52199888455e-23, 1.39331680171e-22, 1.7621049835e-22, 1.26744022344e-22, 1.54466020814e-22, 1.46324509267e-22, 2.56109158108e-22, 2.13062823424e-22, 2.07540140755e-22, 3.02958786854e-22, 6.29847498874e-22, 5.83295920711e-22, 9.64206130443e-22, 9.39038413097e-22, 1.86053417525e-21, 2.8159839244e-21],
        "var": [9.52053255787e-07, 0.000105860286567, 1.91916842596e-05, 3.78898153031e-06, 1.3389589185e-05, 1.46911850152e-06, 9.32140153509e-07, 3.27414431922e-06, 3.27299039782e-06, 1.61611797012e-06, 2.88849651042e-06, 1.48892911511e-06, 4.76103286928e-06, 7.01766452949e-07, 2.44624629886e-07, 1.15928219202e-06, 1.73814157733e-06, 5.17622481766e-07, 6.4679454681e-07, 2.55986009279e-07, 1.19778874819e-07, 1.76699018084e-07, 5.56147995212e-07, 5.39820234735e-07, 4.71679214797e-07, 6.54772875919e-08, 1.46259959699e-09]
    },
    "erbbands": {
        "dmean": [0.170977026224, 1.11127567291, 2.8231241703, 3.4550909996, 6.71926927567, 5.13153839111, 4.17745447159, 4.01219558716, 4.2012181282, 8.94746875763, 10.2409763336, 12.6046905518, 13.0887718201, 13.224401474, 17.0357532501, 15.4874258041, 23.7350311279, 19.0931549072, 12.4821977615, 10.7592191696, 29.7428703308, 47.5232658386, 20.8139839172, 25.0408420563, 12.6839504242, 14.4296131134, 5.99924373627, 7.4165725708, 5.85840177536, 5.45189094543, 5.88701915741, 3.97166490555, 2.56471943855, 1.64542746544, 1.00166857243, 0.358004778624, 0.0860971808434, 0.0151739204302, 0.00092451646924, 3.21979277942e-05],
        "dmean2": [0.254327178001, 1.90532612801, 5.00382709503, 5.94511795044, 11.1193647385, 8.74298381805, 6.94043445587, 6.60473871231, 6.72011184692, 14.2055692673, 16.2558956146, 19.7214393616, 20.7977771759, 21.0722694397, 27.9348449707, 24.6083908081, 38.2982673645, 31.4174900055, 20.6120471954, 17.4844093323, 49.4032478333, 79.477394104, 34.2891998291, 42.0953521729, 21.369310379, 24.3456668854, 9.75415325165, 12.0894432068, 9.14530849457, 8.14331054688, 8.77760314941, 5.96630716324, 3.93614721298, 2.48917412758, 1.5173844099, 0.53047990799, 0.123716533184, 0.0217503365129, 0.00140372954775, 4.84891024826e-05],
        "dvar": [0.117172271013, 5.87726736069, 34.5151176453, 29.8794651031, 263.422363281, 90.7270736694, 58.2602996826, 84.7653503418, 64.3834609985, 338.564208984, 670.319335938, 779.815917969, 925.480529785, 798.295410156, 1831.9017334, 1032.1751709, 3218.34277344, 1036.05078125, 519.529418945, 444.451538086, 2137.53466797, 2824.15112305, 703.06036377, 908.63873291, 239.898788452, 303.99420166, 99.5741043091, 130.96244812, 102.123176575, 131.086395264, 270.433227539, 201.856903076, 94.3933639526, 46.9331817627, 14.3587112427, 1.65389192104, 0.0974474772811, 0.00245205173269, 2.66607694357e-05, 1.37791218435e-08],
        "dvar2": [0.223689422011, 15.8168973923, 98.5130767822, 81.8601913452, 686.350280762, 247.450317383, 147.647247314, 204.781784058, 150.905181885, 776.367431641, 1590.94042969, 1831.31994629, 2149.91650391, 1929.83007812, 4703.66015625, 2280.53051758, 7886.31884766, 2591.74926758, 1233.64453125, 1074.34570312, 5465.45458984, 7581.53466797, 1698.70275879, 2426.39672852, 631.28338623, 804.7890625, 246.138534546, 323.84753418, 227.974136353, 272.477386475, 541.572814941, 463.788452148, 225.733276367, 116.871765137, 32.8581047058, 3.85932540894, 0.205611273646, 0.00446128565818, 5.24656534253e-05, 2.94850828197e-08],
        "max": [2.91292285919, 19.4871349335, 53.2505836487, 69.0784988403, 188.521881104, 152.894714355, 123.796485901, 264.339477539, 219.55406189, 294.502807617, 642.041809082, 581.497497559, 780.018188477, 878.906860352, 937.837646484, 999.093017578, 1212.81738281, 875.676452637, 632.667724609, 498.432342529, 1575.30981445, 1088.06262207, 853.9609375, 648.673461914, 284.006195068, 342.623596191, 230.46307373, 221.355331421, 265.182434082, 306.726318359, 516.572692871, 351.526641846, 378.869140625, 258.88885498, 125.889709473, 44.5641098022, 14.601193428, 1.3844473362, 0.163909688592, 0.00418382370844],
        "mean": [0.241263791919, 1.34429514408, 3.72107076645, 4.73799562454, 7.39742231369, 6.6863026619, 5.99424552917, 5.74399423599, 7.05245018005, 13.779964447, 15.5539598465, 21.5521221161, 22.370677948, 23.4390296936, 27.7520618439, 26.9780731201, 41.6767463684, 33.6940116882, 21.9497470856, 20.3488388062, 64.8834228516, 108.167434692, 55.1852264404, 60.3386192322, 33.453289032, 33.7555580139, 12.9221439362, 15.5693559647, 12.3491382599, 10.8174762726, 10.4697332382, 6.76062107086, 4.41924333572, 2.78151774406, 1.63577580452, 0.589291572571, 0.148178070784, 0.0247383099049, 0.00117916660383, 6.77802527207e-05],
        "median": [0.0971591994166, 0.747095823288, 2.5776078701, 3.3200275898, 3.08188796043, 3.58685994148, 2.99200391769, 2.74423861504, 3.84620833397, 5.71770429611, 5.62218618393, 8.46170902252, 9.89546012878, 11.854382515, 10.9828243256, 13.4777021408, 14.9597921371, 20.1871261597, 13.7399587631, 12.9106206894, 49.4937057495, 89.4217376709, 45.3138580322, 49.327911377, 27.6268787384, 27.3888072968, 9.3581161499, 11.2052745819, 7.82669067383, 5.54479885101, 3.93035197258, 2.23676133156, 1.60655665398, 0.892938613892, 0.461122363806, 0.188276395202, 0.0468561500311, 0.00684636598453, 0.000177702037035, 4.25211510446e-05],
        "min": [2.21253486686e-21, 1.68270960943e-20, 5.19737450589e-20, 5.4816593572e-20, 7.73595593978e-20, 9.32011990392e-20, 2.16801246816e-19, 5.07698386073e-19, 1.48744341532e-18, 2.20024707624e-18, 1.0387114781e-18, 1.1598780316e-18, 2.83948067309e-18, 1.73265790259e-18, 1.39785861761e-18, 2.04992044159e-18, 4.32931567436e-18, 8.36156183944e-18, 7.27602956053e-18, 1.02630788413e-17, 6.87188400248e-18, 9.62010721527e-18, 1.51997878628e-17, 9.28865759818e-18, 9.627030717e-18, 1.01276677207e-17, 1.10291622395e-17, 1.46738300334e-17, 1.87281565441e-17, 2.00690841459e-17, 2.08893048608e-17, 1.83803949254e-17, 1.57640160304e-17, 1.07407789538e-17, 6.95561453281e-18, 5.81782677306e-18, 3.68826682966e-18, 1.80806110229e-18, 4.5394131393e-19, 3.34715371384e-20],
        "var": [0.160707712173, 4.58493518829, 23.5634078979, 25.5590858459, 224.492004395, 93.1023025513, 84.4999771118, 124.123817444, 106.117324829, 602.59185791, 1078.13891602, 1818.34204102, 1997.0291748, 1968.08776855, 3721.58862305, 2305.39770508, 7838.84423828, 1977.38964844, 949.789489746, 817.317932129, 4546.55566406, 6174.625, 2156.55981445, 2157.53295898, 584.588256836, 675.233093262, 157.716751099, 235.247467041, 223.548919678, 277.027404785, 529.87298584, 316.658843994, 133.836303711, 61.692150116, 25.0557823181, 2.54329228401, 0.179435402155, 0.00575266033411, 4.43713470304e-05, 2.20733191725e-08]
    },
    "gfcc": {
        "mean": [47.2090110779, 62.812587738, -123.846702576, 53.0043029785, -44.3295249939, 19.4091720581, -34.9908218384, 21.4872817993, -26.2346172333, 0.504180371761, -18.9693603516, 5.75578069687, -17.0011634827],
        "cov": [[2973.99389648, -646.417175293, 103.321899414, -128.098342896, -240.580108643, 211.063674927, -92.2769851685, 73.8475646973, -43.5052909851, 68.3386535645, -70.7259368896, 28.6784286499, -57.5043869019], [-646.417175293, 721.332397461, -287.979003906, 66.2566757202, 110.025672913, -128.482498169, 119.419113159, -39.5543327332, 44.386051178, -26.2809658051, 73.2161331177, -23.9308567047, 39.074005127], [103.321899414, -287.979003906, 400.473693848, -7.36425065994, -17.2353096008, 54.4661712646, -70.696434021, 22.5591564178, -17.9129657745, 11.2612047195, -55.7058258057, 6.0737657547, -15.7783727646], [-128.098342896, 66.2566757202, -7.36425065994, 238.513641357, 56.9143257141, -3.77341794968, -5.01305627823, -25.5406150818, 36.0737495422, -12.0799503326, 38.2625694275, -6.62944412231, 40.1190071106], [-240.580108643, 110.025672913, -17.2353096008, 56.9143257141, 170.704528809, 10.8744907379, 61.1644248962, 19.6896381378, 6.3952832222, 7.61449098587, 30.2734947205, 2.4028942585, 12.69302845], [211.063674927, -128.482498169, 54.4661712646, -3.77341794968, 10.8744907379, 133.75994873, 37.8101196289, 34.3807487488, -15.0813865662, 1.46375131607, 4.14631652832, 3.48707795143, -11.3782138824], [-92.2769851685, 119.419113159, -70.696434021, -5.01305627823, 61.1644248962, 37.8101196289, 125.206672668, 38.5926361084, 9.64901256561, -7.86518001556, 24.6870937347, 0.580093741417, 0.115182414651], [73.8475646973, -39.5543327332, 22.5591564178, -25.5406150818, 19.6896381378, 34.3807487488, 38.5926361084, 95.3789749146, 22.5331573486, 12.1028079987, 0.440453618765, 4.44344472885, -2.7103729248], [-43.5052909851, 44.386051178, -17.9129657745, 36.0737495422, 6.3952832222, -15.0813865662, 9.64901256561, 22.5331573486, 77.80128479, 24.0789585114, 16.9462127686, -7.32934045792, 7.44633340836], [68.3386535645, -26.2809658051, 11.2612047195, -12.0799503326, 7.61449098587, 1.46375131607, -7.86518001556, 12.1028079987, 24.0789585114, 57.465007782, 18.3398551941, 3.86856770515, -9.75641059875], [-70.7259368896, 73.2161331177, -55.7058258057, 38.2625694275, 30.2734947205, 4.14631652832, 24.6870937347, 0.440453618765, 16.9462127686, 18.3398551941, 72.387260437, 21.3120136261, 14.1643352509], [28.6784286499, -23.9308567047, 6.0737657547, -6.62944412231, 2.4028942585, 3.48707795143, 0.580093741417, 4.44344472885, -7.32934045792, 3.86856770515, 21.3120136261, 53.7830619812, 20.7983913422], [-57.5043869019, 39.074005127, -15.7783727646, 40.1190071106, 12.69302845, -11.3782138824, 0.115182414651, -2.7103729248, 7.44633340836, -9.75641059875, 14.1643352509, 20.7983913422, 52.8347053528]],
        "icov": [[0.000524630246218, 0.000210410318687, 0.000320236198604, -0.000171808627783, 0.0006336417282, -0.000738024478778, 0.000177609996172, -0.000319780519931, 0.000298954226309, -0.000875026278663, 0.000597503734753, -0.000369235494873, 9.4978895504e-05], [0.000210410318687, 0.00381690287031, 0.00104921299499, 0.000315727607813, -0.000891863950528, 0.00332722021267, -0.00331831956282, 0.00144848832861, -0.000742619275115, 0.00123469019309, -0.00229880353436, 0.00257600285113, -0.00157296797261], [0.000320236198604, 0.00104921299499, 0.00424596015364, -0.000641815771814, -0.000611099065281, -0.00148786988575, 0.00195801770315, -0.000934030569624, 0.000120908014651, -0.00112133543007, 0.00309961871244, -0.00145324831828, 0.000619144935627], [-0.000171808627783, 0.000315727607813, -0.000641815771814, 0.00750273885205, -0.00285972421989, -0.000833799946122, 0.00183838570956, 0.00276942411438, -0.00442999787629, 0.00445868540555, -0.0046918746084, 0.00382333691232, -0.00446323817596], [0.0006336417282, -0.000891863950528, -0.000611099065281, -0.00285972421989, 0.00993948150426, -0.000463609205326, -0.00385851296596, -0.00207339413464, 0.00366220180877, -0.00476063555107, 0.000307666603476, -0.000258654006757, -0.000623347412329], [-0.000738024478778, 0.00332722021267, -0.00148786988575, -0.000833799946122, -0.000463609205326, 0.015379675664, -0.00781925301999, -0.00122452049982, 0.00297841243446, 0.00148833438288, -0.00488726329058, 0.00332177616656, 0.00016025378136], [0.000177609996172, -0.00331831956282, 0.00195801770315, 0.00183838570956, -0.00385851296596, -0.00781925301999, 0.0190487895161, -0.00549348630011, -0.00203664461151, 0.00455358345062, -0.0010045504896, -0.00197882391512, 0.00293205794878], [-0.000319780519931, 0.00144848832861, -0.000934030569624, 0.00276942411438, -0.00207339413464, -0.00122452049982, -0.00549348630011, 0.0169750340283, -0.00692959688604, 0.000183170341188, 0.000810240278952, -0.00053873466095, -0.00167861930095], [0.000298954226309, -0.000742619275115, 0.000120908014651, -0.00442999787629, 0.00366220180877, 0.00297841243446, -0.00203664461151, -0.00692959688604, 0.0223216377199, -0.0110037885606, -0.000637262593955, 0.00446503330022, -0.00307961297221], [-0.000875026278663, 0.00123469019309, -0.00112133543007, 0.00445868540555, -0.00476063555107, 0.00148833438288, 0.00455358345062, 0.000183170341188, -0.0110037885606, 0.030602036044, -0.0113975489512, 0.000220942834858, 0.00604806561023], [0.000597503734753, -0.00229880353436, 0.00309961871244, -0.0046918746084, 0.000307666603476, -0.00488726329058, -0.0010045504896, 0.000810240278952, -0.000637262593955, -0.0113975489512, 0.0287494026124, -0.0131501322612, 0.00121042702813], [-0.000369235494873, 0.00257600285113, -0.00145324831828, 0.00382333691232, -0.000258654006757, 0.00332177616656, -0.00197882391512, -0.00053873466095, 0.00446503330022, 0.000220942834858, -0.0131501322612, 0.0318392552435, -0.0144865754992], [9.4978895504e-05, -0.00157296797261, 0.000619144935627, -0.00446323817596, -0.000623347412329, 0.00016025378136, 0.00293205794878, -0.00167861930095, -0.00307961297221, 0.00604806561023, 0.00121042702813, -0.0144865754992, 0.0307883545756]]
    },
    "melbands": {
        "dmean": [0.00138723733835, 0.00144787319005, 0.000692740723025, 0.000430437445175, 0.0001557081996, 8.90026567504e-05, 6.84926853864e-05, 0.000108002350316, 8.15700477688e-05, 8.23972804938e-05, 6.70007284498e-05, 5.3639341786e-05, 5.78382787353e-05, 4.4114432967e-05, 4.83210133098e-05, 5.83014043514e-05, 3.64985862689e-05, 2.39039145526e-05, 1.51141020979e-05, 2.07357188629e-05, 4.03246485803e-05, 5.69450239709e-05, 3.0550530937e-05, 1.46411466631e-05, 2.40684294113e-05, 1.32496516017e-05, 1.0042629583e-05, 1.01867581179e-05, 4.11526525568e-06, 4.10262009609e-06, 4.73110821986e-06, 3.59553564522e-06, 3.38141603606e-06, 3.25693349623e-06, 3.7898453229e-06, 3.05594539896e-06, 2.30985961025e-06, 1.90528965049e-06, 1.69387840288e-06, 1.37169172376e-06],
        "dmean2": [0.00213113147765, 0.00253279251046, 0.00117406283971, 0.000721565273125, 0.000258968619164, 0.000146036269143, 0.000109464643174, 0.000169823077158, 0.000129524589283, 0.000128859159304, 0.000106424617115, 8.55321632116e-05, 9.4566050393e-05, 7.05358906998e-05, 7.74651925894e-05, 9.41312100622e-05, 6.04002052569e-05, 3.96311770601e-05, 2.4779323212e-05, 3.40757869708e-05, 6.72454334563e-05, 9.54313145485e-05, 5.11100806762e-05, 2.43715403485e-05, 4.05371902161e-05, 2.22750713874e-05, 1.69881568581e-05, 1.72054587892e-05, 6.78170044921e-06, 6.73057593303e-06, 7.80229584052e-06, 5.74334535486e-06, 5.26640178578e-06, 4.93231664223e-06, 5.7626243688e-06, 4.64718459625e-06, 3.56183909389e-06, 2.94516212307e-06, 2.64863683697e-06, 2.09431459552e-06],
        "dvar": [7.67927940615e-06, 9.43019313127e-06, 1.27451528442e-06, 9.45696228882e-07, 7.09816703193e-08, 3.84825504796e-08, 1.70042984138e-08, 5.33959649829e-08, 3.73001931564e-08, 3.50454314457e-08, 2.40222703951e-08, 1.23120820206e-08, 1.87468280899e-08, 1.07295967666e-08, 1.23247412276e-08, 2.67191193615e-08, 3.77462194834e-09, 2.02875694022e-09, 1.27477406409e-09, 1.60196844678e-09, 3.4271523397e-09, 4.05328526298e-09, 1.14695486442e-09, 3.11430631283e-10, 8.62911353483e-10, 2.92932261781e-10, 1.59983665204e-10, 1.62763608147e-10, 4.75326791816e-11, 4.76492074963e-11, 5.16402962059e-11, 3.71220137962e-11, 4.06654189489e-11, 5.08792070975e-11, 1.00338952425e-10, 1.21135490527e-10, 6.43524469823e-11, 4.77283421119e-11, 5.53928188041e-11, 2.95284456608e-11],
        "dvar2": [1.65516630659e-05, 2.6414205422e-05, 3.4059664813e-06, 2.51141068475e-06, 1.8332191587e-07, 9.38258324368e-08, 3.96809411995e-08, 1.20490753375e-07, 8.82466153485e-08, 8.15832521539e-08, 5.57591235406e-08, 2.95490085733e-08, 4.74983536947e-08, 2.62410342344e-08, 2.63989257121e-08, 6.68908768375e-08, 9.39635214081e-09, 4.66962823964e-09, 3.08681502581e-09, 3.62686525257e-09, 8.8664533493e-09, 1.0854318333e-08, 3.05693959035e-09, 7.78275333069e-10, 2.30982100113e-09, 7.67514551914e-10, 4.27307550455e-10, 4.33243635412e-10, 1.2253674464e-10, 1.16424897501e-10, 1.30616059635e-10, 8.6624131479e-11, 9.15471171092e-11, 1.08081779637e-10, 2.0888396568e-10, 2.66353383793e-10, 1.52727511193e-10, 1.13565358506e-10, 1.41928649389e-10, 7.23232931876e-11],
        "max": [0.0234601646662, 0.0250201560557, 0.0145236700773, 0.0144614782184, 0.00411208579317, 0.00527294166386, 0.00306522822939, 0.00320326420479, 0.00442077545449, 0.00398642895743, 0.00400940002874, 0.0032253942918, 0.00313326506875, 0.00212147436105, 0.0033734482713, 0.00347843230702, 0.00164770218544, 0.00146726996172, 0.00109048758168, 0.00124168815091, 0.00181143952068, 0.00118038628716, 0.000703771365806, 0.000465742021333, 0.000617310288362, 0.000430453917943, 0.000265049864538, 0.000307369802613, 0.000141517608427, 0.000204239913728, 0.000141659009387, 0.000157099173521, 0.000181882147444, 0.000139152572956, 0.000299397332128, 0.000319323124131, 0.000170530896867, 0.000253019912634, 0.000302367523545, 0.00017512094928],
        "mean": [0.00197109649889, 0.00191092002206, 0.000933671602979, 0.000517783861142, 0.000229186771321, 0.000128930681967, 0.000113297079224, 0.000165273944731, 0.000122314639157, 0.000139400741318, 0.00011043172708, 9.12585383048e-05, 9.4008682936e-05, 6.97177674738e-05, 8.01236892585e-05, 9.78405223577e-05, 5.90439340158e-05, 3.89076303691e-05, 2.28311328101e-05, 3.75312883989e-05, 8.23983500595e-05, 0.000119751057355, 7.10515523679e-05, 3.45693551935e-05, 5.28470409336e-05, 2.9101904147e-05, 2.19432440645e-05, 2.19908852159e-05, 7.49565015212e-06, 7.79609126766e-06, 9.28294866753e-06, 6.97350469636e-06, 6.27125609753e-06, 5.89787305216e-06, 6.38584333501e-06, 4.97802011523e-06, 3.73626676264e-06, 3.14572730531e-06, 2.68498456535e-06, 2.23240135711e-06],
        "median": [0.0008998461999, 0.00129027431831, 0.00061400688719, 0.00024688342819, 0.000120682823763, 6.23732121312e-05, 6.094760829e-05, 6.17943223915e-05, 4.21338736487e-05, 5.18169872521e-05, 4.62798379885e-05, 4.39664836449e-05, 3.69456538465e-05, 3.06096444547e-05, 3.30135299009e-05, 3.04867971863e-05, 3.68866058125e-05, 2.33548471442e-05, 1.24299967865e-05, 2.4026252504e-05, 6.27668850939e-05, 9.73391943262e-05, 5.87642207392e-05, 2.8102322176e-05, 4.22691846325e-05, 2.31389894907e-05, 1.7729416868e-05, 1.74924498424e-05, 5.00121313962e-06, 5.28735517946e-06, 6.59185798213e-06, 4.34043613495e-06, 3.47830882674e-06, 2.76202104033e-06, 2.41493376052e-06, 1.5388727661e-06, 1.23415895814e-06, 1.13585304007e-06, 8.88591500825e-07, 6.92616652032e-07],
        "min": [1.99601514766e-23, 2.61664042079e-23, 9.73848945268e-24, 7.1915786561e-24, 6.55371006688e-24, 1.16096651533e-23, 2.39881036577e-23, 2.11662977126e-23, 7.87480556409e-24, 7.86862010573e-24, 1.45573094011e-23, 7.28991568997e-24, 4.87897177573e-24, 2.92991262682e-24, 8.33431388594e-24, 1.21744209305e-23, 1.68721065538e-23, 1.35073970674e-23, 9.65279075938e-24, 1.46539464397e-23, 6.62410051988e-24, 7.92737446595e-24, 1.77312344553e-23, 9.18825739356e-24, 7.41086226623e-24, 8.34543919128e-24, 6.92906862381e-24, 6.18294662472e-24, 5.94499659342e-24, 8.03975480165e-24, 9.17280676387e-24, 1.04837728926e-23, 1.13947021343e-23, 1.02945772263e-23, 1.30206075689e-23, 9.80732308868e-24, 1.12244580624e-23, 1.14194384457e-23, 1.0052501058e-23, 8.88766431221e-24],
        "var": [9.53852031671e-06, 6.66062760502e-06, 1.13148030323e-06, 8.20315051442e-07, 1.0090458602e-07, 5.56596511103e-08, 2.79128471448e-08, 1.01532926067e-07, 6.57307239749e-08, 8.1838685162e-08, 5.14801392626e-08, 2.96177375958e-08, 4.00284108082e-08, 1.85897626181e-08, 3.38341408224e-08, 6.78209914895e-08, 6.01437699643e-09, 3.9225951376e-09, 1.91750615386e-09, 3.71266395405e-09, 6.80045086909e-09, 8.30525159756e-09, 2.84202106293e-09, 8.02384658716e-10, 1.88424942316e-09, 6.53703924325e-10, 3.15698023279e-10, 3.24409971109e-10, 6.59003199233e-11, 7.69706937076e-11, 8.6300848412e-11, 7.28058446864e-11, 8.18760823029e-11, 9.9789676522e-11, 1.91177823572e-10, 1.88347074048e-10, 9.90303186676e-11, 7.01574562334e-11, 6.22923240767e-11, 4.1108345894e-11]
    },
    "mfcc": {
        "mean": [-591.261047363, 88.1086807251, -11.8377075195, 35.9365348816, 14.0896549225, 5.42630720139, 6.40970230103, 16.5441398621, 2.19970345497, -0.562517762184, 2.95806646347, 3.55918431282, -0.51485401392],
        "cov": [[2399.03515625, -430.063018799, 90.0747375488, -223.976486206, -107.797660828, 13.7704458237, -38.2426147461, -7.2060213089, -6.65909385681, 33.5083618164, -6.86007881165, 14.1704998016, -2.25775122643], [-430.063018799, 538.61114502, -239.847885132, 94.1228485107, -49.4081039429, -18.0306129456, 34.18983078, 13.9904794693, 1.9981803894, -7.56696128845, 40.020450592, 4.83701372147, 4.69424915314], [90.0747375488, -239.847885132, 343.030792236, -54.3049697876, 48.3576316833, 5.50881576538, -36.9609985352, -19.0841293335, 9.83144378662, 1.69794595242, -27.9816493988, -17.0627613068, -11.05560112], [-223.976486206, 94.1228485107, -54.3049697876, 203.222137451, 52.6751480103, 23.2527370453, -10.8363924026, -6.52724742889, -3.62141537666, 3.69581580162, -7.08319711685, 5.6990275383, 16.3594760895], [-107.797660828, -49.4081039429, 48.3576316833, 52.6751480103, 112.729095459, 21.3518428802, 13.7167396545, -3.0913310051, 7.33360910416, 11.1497488022, -4.33676528931, 5.74341154099, 4.70270776749], [13.7704458237, -18.0306129456, 5.50881576538, 23.2527370453, 21.3518428802, 82.4664306641, 32.0529212952, 9.40038871765, -6.85525465012, 0.227349162102, 2.67676091194, 3.29392361641, 0.893964886665], [-38.2426147461, 34.18983078, -36.9609985352, -10.8363924026, 13.7167396545, 32.0529212952, 117.46887207, 53.2015953064, 13.1142158508, -2.29400420189, 13.881436348, 15.8594856262, 7.2572479248], [-7.2060213089, 13.9904794693, -19.0841293335, -6.52724742889, -3.0913310051, 9.40038871765, 53.2015953064, 80.7285385132, 26.6079311371, 5.3291721344, 3.86798238754, 8.99077892303, 10.6810760498], [-6.65909385681, 1.9981803894, 9.83144378662, -3.62141537666, 7.33360910416, -6.85525465012, 13.1142158508, 26.6079311371, 61.4603157043, 23.5145721436, 10.183300972, -1.50515532494, -2.67174577713], [33.5083618164, -7.56696128845, 1.69794595242, 3.69581580162, 11.1497488022, 0.227349162102, -2.29400420189, 5.3291721344, 23.5145721436, 57.4483528137, 26.0230388641, 11.6110696793, -2.01584076881], [-6.86007881165, 40.020450592, -27.9816493988, -7.08319711685, -4.33676528931, 2.67676091194, 13.881436348, 3.86798238754, 10.183300972, 26.0230388641, 59.6455421448, 24.192943573, 2.73195934296], [14.1704998016, 4.83701372147, -17.0627613068, 5.6990275383, 5.74341154099, 3.29392361641, 15.8594856262, 8.99077892303, -1.50515532494, 11.6110696793, 24.192943573, 54.2397956848, 24.7599506378], [-2.25775122643, 4.69424915314, -11.05560112, 16.3594760895, 4.70270776749, 0.893964886665, 7.2572479248, 10.6810760498, -2.67174577713, -2.01584076881, 2.73195934296, 24.7599506378, 50.2981185913]],
