{
"lowlevel": {
    "average_loudness": 0.944509088993,
    "barkbands_crest": {
        "dmean": 2.25446915627,
        "dmean2": 3.6449804306,
        "dvar": 4.90225028992,
        "dvar2": 12.4896478653,
        "max": 24.9580917358,
        "mean": 8.03516674042,
        "median": 7.08545160294,
        "min": 1.92139136791,
        "var": 13.1001272202
    },
    "barkbands_flatness_db": {
        "dmean": 0.0160409547389,
        "dmean2": 0.0244679301977,
        "dvar": 0.000229829602176,
        "dvar2": 0.000527544820216,
        "max": 0.31398871541,
        "mean": 0.110243298113,
        "median": 0.10301721096,
        "min": 0.02162495628,
        "var": 0.00158344744705
    },
    "barkbands_kurtosis": {
        "dmean": 0.980343043804,
        "dmean2": 1.56423211098,
        "dvar": 2.84434151649,
        "dvar2": 7.01533746719,
        "max": 48.2010231018,
        "mean": 0.422602444887,
        "median": -0.397319078445,
        "min": -1.86093616486,
        "var": 9.03688335419
    },
    "barkbands_skewness": {
        "dmean": 0.353420764208,
        "dmean2": 0.542578697205,
        "dvar": 0.132761999965,
        "dvar2": 0.314742982388,
        "max": 6.66124868393,
        "mean": 0.824404597282,
        "median": 0.714299559593,
        "min": -2.76707291603,
        "var": 0.552358329296
    },
    "barkbands_spread": {
        "dmean": 4.89074468613,
        "dmean2": 7.47085571289,
        "dvar": 27.6905441284,
        "dvar2": 59.6159210205,
        "max": 87.8274917603,
        "mean": 29.1939544678,
        "median": 28.6969108582,
        "min": 2.69510102272,
        "var": 141.083480835
    },
    "dissonance": {
        "dmean": 0.0128521807492,
        "dmean2": 0.0214228741825,
        "dvar": 0.000156995723955,
        "dvar2": 0.000422943179728,
        "max": 0.500000059605,
        "mean": 0.47507160902,
        "median": 0.480720102787,
        "min": 0.323714256287,
        "var": 0.000423088349635
    },
    "dynamic_complexity": 2.47713637352,
    "erbbands_crest": {
        "dmean": 2.37939691544,
        "dmean2": 3.89663743973,
        "dvar": 5.63841104507,
        "dvar2": 14.3038854599,
        "max": 30.8271121979,
        "mean": 8.20737743378,
        "median": 7.00400304794,
        "min": 2.29545974731,
        "var": 18.6121139526
    },
    "erbbands_flatness_db": {
        "dmean": 0.0135815832764,
        "dmean2": 0.020206283778,
        "dvar": 0.00015726860147,
        "dvar2": 0.000332017982146,
        "max": 0.329710096121,
        "mean": 0.161414712667,
        "median": 0.156813979149,
        "min": 0.0670568645,
        "var": 0.001601644326
    },
    "erbbands_kurtosis": {
        "dmean": 0.639693617821,
        "dmean2": 1.03722679615,
        "dvar": 0.5759755373,
        "dvar2": 1.38757967949,
        "max": 19.8007354736,
        "mean": 0.222564786673,
        "median": -0.105145573616,
        "min": -1.81042039394,
        "var": 2.10011076927
    },
    "erbbands_skewness": {
        "dmean": 0.294730633497,
        "dmean2": 0.452930629253,
        "dvar": 0.0693358108401,
        "dvar2": 0.160194456577,
        "max": 4.20165061951,
        "mean": -0.159738197923,
        "median": -0.234285950661,
        "min": -2.92180681229,
        "var": 0.447102755308
    },
    "erbbands_spread": {
        "dmean": 5.72136974335,
        "dmean2": 8.96551704407,
        "dvar": 29.6983547211,
        "dvar2": 69.8572158813,
        "max": 99.969078064,
        "mean": 34.3840637207,
        "median": 32.1831970215,
        "min": 6.27929115295,
        "var": 161.106628418
    },
    "hfc": {
        "dmean": 6.37696266174,
        "dmean2": 9.57597827911,
        "dvar": 76.4375457764,
        "dvar2": 162.161758423,
        "max": 164.634170532,
        "mean": 29.9003562927,
        "median": 28.1181907654,
        "min": 1.17394743083e-16,
        "var": 327.483703613
    },
    "melbands_crest": {
        "dmean": 2.71671271324,
        "dmean2": 4.36217212677,
        "dvar": 6.22512817383,
        "dvar2": 16.2624397278,
        "max": 35.2614746094,
        "mean": 12.4511213303,
        "median": 11.7972354889,
        "min": 1.70459926128,
        "var": 19.0570201874
    },
    "melbands_flatness_db": {
        "dmean": 0.019656535238,
        "dmean2": 0.0294304471463,
        "dvar": 0.000408642546972,
        "dvar2": 0.000915170181543,
        "max": 0.400528371334,
        "mean": 0.154494822025,
        "median": 0.148710086942,
        "min": 0.00372780347243,
        "var": 0.00190190866124
    },
    "melbands_kurtosis": {
        "dmean": 2.90075945854,
        "dmean2": 4.601583004,
        "dvar": 28.7950077057,
        "dvar2": 71.7320861816,
        "max": 137.034576416,
        "mean": 4.99082612991,
        "median": 2.67016363144,
        "min": -1.5934407711,
        "var": 71.7075576782
    },
    "melbands_skewness": {
        "dmean": 0.488845676184,
        "dmean2": 0.755403697491,
        "dvar": 0.300515204668,
        "dvar2": 0.7240421772,
        "max": 10.5453672409,
        "mean": 1.85953712463,
        "median": 1.64880776405,
        "min": -1.4244478941,
        "var": 1.14974200726
    },
    "melbands_spread": {
        "dmean": 7.7771935463,
        "dmean2": 11.713350296,
        "dvar": 75.5995407104,
        "dvar2": 165.605712891,
        "max": 203.32081604,
        "mean": 35.1593894958,
        "median": 33.6549110413,
        "min": 2.26485514641,
        "var": 294.303649902
    },
    "pitch_salience": {
        "dmean": 0.059729963541,
        "dmean2": 0.0960163399577,
        "dvar": 0.00299758301117,
        "dvar2": 0.00762867368758,
        "max": 0.823270380497,
        "mean": 0.571250140667,
        "median": 0.572183966637,
        "min": 0.0777909457684,
        "var": 0.00900276564062
    },
    "silence_rate_20dB": {
        "dmean": 0,
        "dmean2": 0,
        "dvar": 0,
        "dvar2": 0,
        "max": 1,
        "mean": 1,
        "median": 1,
        "min": 1,
        "var": 0
    },
    "silence_rate_30dB": {
        "dmean": 0.000204019175726,
        "dmean2": 0.00040807996993,
        "dvar": 0.000203936942853,
        "dvar2": 0.000611791096162,
        "max": 1,
        "mean": 0.999898016453,
        "median": 1,
        "min": 0,
        "var": 0.000101978635939
    },
    "silence_rate_60dB": {
        "dmean": 0.00408038357273,
        "dmean2": 0.00816159974784,
        "dvar": 0.00406402209774,
        "dvar2": 0.00870589260012,
        "max": 1,
        "mean": 0.0355977155268,
        "median": 0,
        "min": 0,
        "var": 0.0343301892281
    },
    "spectral_centroid": {
        "dmean": 220.759124756,
        "dmean2": 335.518157959,
        "dvar": 55526.1289062,
        "dvar2": 102563.09375,
        "max": 11543.9667969,
        "mean": 1734.19055176,
        "median": 1738.18310547,
        "min": 326.85836792,
        "var": 279932.15625
    },
    "spectral_complexity": {
        "dmean": 3.76088953018,
        "dmean2": 5.89573574066,
        "dvar": 12.7489213943,
        "dvar2": 27.3046798706,
        "max": 61,
        "mean": 29.9167690277,
        "median": 31,
        "min": 0,
        "var": 105.548912048
    },
    "spectral_decrease": {
        "dmean": 1.75508929612e-09,
        "dmean2": 2.76084577422e-09,
        "dvar": 6.03166743707e-18,
        "dvar2": 1.48318033324e-17,
        "max": 8.4763083803e-29,
        "mean": -7.09367187213e-09,
        "median": -6.90002899262e-09,
        "min": -3.32722329688e-08,
        "var": 1.3920069972e-17
    },
    "spectral_energy": {
        "dmean": 0.00698544364423,
        "dmean2": 0.0109616797417,
        "dvar": 9.01491293916e-05,
        "dvar2": 0.000221033333219,
        "max": 0.128346443176,
        "mean": 0.029485180974,
        "median": 0.0289113894105,
        "min": 1.03281367387e-20,
        "var": 0.000226271731663
    },
    "spectral_energyband_high": {
        "dmean": 0.000437155045802,
        "dmean2": 0.000639024015982,
        "dvar": 9.02488238808e-07,
        "dvar2": 1.65394146734e-06,
        "max": 0.0197323225439,
        "mean": 0.00121399143245,
        "median": 0.000783581868745,
        "min": 7.61000670553e-21,
        "var": 2.87625857709e-06
    },
    "spectral_energyband_low": {
        "dmean": 0.00414594309404,
        "dmean2": 0.00659285951406,
        "dvar": 7.46908626752e-05,
        "dvar2": 0.000187629528227,
        "max": 0.112859591842,
        "mean": 0.00822727940977,
        "median": 0.00645468011498,
        "min": 5.41511422687e-23,
        "var": 9.13193289307e-05
    },
    "spectral_energyband_middle_high": {
        "dmean": 0.0024232736323,
        "dmean2": 0.0037983013317,
        "dvar": 8.85070039658e-06,
        "dvar2": 2.19543690037e-05,
        "max": 0.0595781616867,
        "mean": 0.00955158285797,
        "median": 0.00834012683481,
        "min": 1.39691660753e-21,
        "var": 4.46285448561e-05
    },
    "spectral_energyband_middle_low": {
        "dmean": 0.00384646048769,
        "dmean2": 0.00599946826696,
        "dvar": 2.24439136218e-05,
        "dvar2": 5.5832642829e-05,
        "max": 0.0615882910788,
        "mean": 0.0117828138173,
        "median": 0.00990820117295,
        "min": 2.77257673318e-22,
        "var": 6.27485205769e-05
    },
    "spectral_entropy": {
        "dmean": 0.0976668745279,
        "dmean2": 0.142674297094,
        "dvar": 0.0106228012592,
        "dvar2": 0.0190248154104,
        "max": 9.80113220215,
        "mean": 7.74416351318,
        "median": 7.76428365707,
        "min": 6.05441427231,
        "var": 0.0808323100209
    },
    "spectral_flux": {
        "dmean": 0.0187631268054,
        "dmean2": 0.0292819738388,
        "dvar": 0.000440369651187,
        "dvar2": 0.000957752112299,
        "max": 0.278147697449,
        "mean": 0.085714481771,
        "median": 0.0825602188706,
        "min": 1.01627442572e-10,
        "var": 0.00146823981777
    },
    "spectral_kurtosis": {
        "dmean": 1.30981087685,
        "dmean2": 2.26798439026,
        "dvar": 2.41984367371,
        "dvar2": 6.64476919174,
        "max": 46.3749732971,
        "mean": 3.67713546753,
        "median": 3.4640853405,
        "min": -1.19657373428,
        "var": 4.30952501297
    },
    "spectral_rms": {
        "dmean": 0.000588076771237,
        "dmean2": 0.000903478590772,
        "dvar": 4.6255252073e-07,
        "dvar2": 1.09409404558e-06,
        "max": 0.0111899971962,
        "mean": 0.0051319100894,
        "median": 0.00531095452607,
        "min": 3.1743078218e-12,
        "var": 2.42953638008e-06
    },
    "spectral_rolloff": {
        "dmean": 458.384063721,
        "dmean2": 734.221618652,
        "dvar": 487548.34375,
        "dvar2": 916892.875,
        "max": 18927.6855469,
        "mean": 2039.67321777,
        "median": 1959.52148438,
        "min": 21.533203125,
        "var": 1403642.875
    },
    "spectral_skewness": {
        "dmean": 0.17636628449,
        "dmean2": 0.29252114892,
        "dvar": 0.030345838517,
        "dvar2": 0.0753772631288,
        "max": 4.97582387924,
        "mean": 1.26300764084,
        "median": 1.26745867729,
        "min": -0.0472182668746,
        "var": 0.0960319638252
    },
    "spectral_spread": {
        "dmean": 334834.9375,
        "dmean2": 490682.46875,
        "dvar": 404048314368,
        "dvar2": 499328057344,
        "max": 41332484,
        "mean": 3873062.5,
        "median": 3688573.5,
        "min": 1360357.375,
        "var": 1.28652030771e+12
    },
    "spectral_strongpeak": {
        "dmean": 0.69443911314,
        "dmean2": 1.19443404675,
        "dvar": 1.29559206963,
        "dvar2": 3.28000283241,
        "max": 12.7966842651,
        "mean": 1.17229318619,
        "median": 0.49911314249,
        "min": 0,
        "var": 2.09713411331
    },
    "zerocrossingrate": {
        "dmean": 0.00862210150808,
        "dmean2": 0.010105359368,
        "dvar": 0.000127520761453,
        "dvar2": 0.000140322328662,
        "max": 0.51806640625,
        "mean": 0.0708515793085,
        "median": 0.0673828125,
        "min": 0.00927734375,
        "var": 0.000810753845144
    },
    "barkbands": {
        "dmean": [2.37717868004e-05, 0.00269896001555, 0.00163293618243, 0.00108792784158, 0.00156173040159, 0.000725584744941, 0.000379937613616, 0.00105837068986, 0.0012800534023, 0.000872258970048, 0.000433927751146, 0.000532206089702, 0.000476261076983, 0.000845104746986, 0.000537377607543, 0.0005026437575, 0.00040627719136, 0.000357871525921, 0.000232302802033, 0.000234832084971, 0.000116640934721, 0.000109770422569, 0.000103496808151, 8.49008210935e-05, 2.86830199911e-05, 1.2501063793e-05, 1.11620511234e-06],
        "dmean2": [4.04562415497e-05, 0.00442876899615, 0.00256856158376, 0.0017845807597, 0.00246594310738, 0.00115223077592, 0.000607607653365, 0.00166623911355, 0.00195065373555, 0.0013419543393, 0.00069992459612, 0.000862867920659, 0.000770193291828, 0.00137587636709, 0.000877313839737, 0.00082370347809, 0.000673687784001, 0.000590457697399, 0.000388152053347, 0.000381397840101, 0.000190316422959, 0.000168584272615, 0.000153875385877, 0.000121287317597, 4.2257594032e-05, 1.90099726751e-05, 1.87409830232e-06],
        "dvar": [3.00012570342e-09, 4.86691787955e-05, 6.82583777234e-06, 3.36752191288e-06, 5.25624727743e-06, 1.32800198571e-06, 5.93656125147e-07, 6.78251808495e-06, 1.0028392353e-05, 3.26569852405e-06, 1.09477878141e-06, 1.35047821459e-06, 9.4252021654e-07, 1.73092234945e-06, 7.20756759165e-07, 4.96448876675e-07, 2.70887028364e-07, 3.07880725359e-07, 1.13847924865e-07, 1.67930210182e-07, 3.85097962408e-08, 4.2189800098e-08, 1.14856376854e-07, 1.47545648588e-07, 6.93010226982e-09, 8.41736902402e-10, 1.01655801832e-11],
        "dvar2": [6.75062494793e-09, 0.000123527250253, 1.85763983609e-05, 9.37095956033e-06, 1.35105492518e-05, 3.33926777785e-06, 1.44096202348e-06, 1.58618167916e-05, 2.3555732696e-05, 7.9332066889e-06, 2.61332002083e-06, 3.51100129592e-06, 2.40414397013e-06, 4.64467439087e-06, 1.8552665324e-06, 1.25298834064e-06, 7.01866838426e-07, 7.95604705672e-07, 3.06346578327e-07, 4.1593719402e-07, 9.46749736386e-08, 9.36869355428e-08, 2.22505434522e-07, 2.68356188826e-07, 1.44271625757e-08, 2.04746641863e-09, 2.71810560171e-11],
        "max": [0.00302444933914, 0.0768049806356, 0.0497699454427, 0.0274892784655, 0.0275086965412, 0.025254284963, 0.0229362118989, 0.0483795106411, 0.0531380139291, 0.0482554845512, 0.040243756026, 0.0379588901997, 0.0199835151434, 0.0258595496416, 0.0170387160033, 0.0207178592682, 0.0068168612197, 0.0125150457025, 0.00707801477984, 0.0129399737343, 0.00553747732192, 0.00470219925046, 0.0082268351689, 0.0114196576178, 0.00188152352348, 0.000582175329328, 6.49610010441e-05],
        "mean": [2.80679723801e-05, 0.0034429479856, 0.00359282270074, 0.00195299333427, 0.00349175115116, 0.00135588389821, 0.000669843342621, 0.00171012768988, 0.00240106554702, 0.00143411953468, 0.000732403073926, 0.000929127505515, 0.000804416718893, 0.0014285966754, 0.000987421604805, 0.000969150336459, 0.000788736680988, 0.000743824231904, 0.000522413698491, 0.000546895898879, 0.00025503381039, 0.000261555105681, 0.0002041678963, 0.000153146422235, 5.70744923607e-05, 2.04671287065e-05, 1.16543651529e-06],
        "median": [1.34722295115e-05, 0.00153809390031, 0.00285846879706, 0.00126913562417, 0.00256740348414, 0.000945697305724, 0.000419674965087, 0.000497933127917, 0.000633790856227, 0.000541220419109, 0.000292975688353, 0.000486156059196, 0.000428863626439, 0.000779863796197, 0.000622820109129, 0.000682405021507, 0.00061837118119, 0.000524538510945, 0.000417822913732, 0.000340790371411, 0.000192749197595, 0.000161618183483, 8.13639489934e-05, 4.23017991125e-05, 1.97614499484e-05, 6.11088944424e-06, 1.45248165495e-07],
        "min": [1.33033550388e-23, 1.28863544868e-23, 1.00077182133e-23, 9.74216081133e-24, 2.59435241809e-23, 4.7376108203e-23, 4.19574478886e-23, 5.60482896369e-23, 6.54414394511e-23, 3.76692315622e-23, 4.35272337583e-23, 5.95994385096e-23, 5.70304593292e-23, 8.82541040724e-23, 6.99383694403e-23, 1.10801585212e-22, 1.44507958239e-22, 1.47751628064e-22, 2.76658164274e-22, 2.87759317855e-22, 3.40222581776e-22, 4.21590819981e-22, 7.10981779867e-22, 6.25043550531e-22, 1.07008666249e-21, 1.6193781091e-21, 2.40961125365e-21],
        "var": [3.79063047617e-09, 4.57549504063e-05, 1.2291478015e-05, 5.22029995409e-06, 1.04021082734e-05, 2.19321123041e-06, 9.82140818451e-07, 1.42817161759e-05, 2.92203258141e-05, 7.92619721324e-06, 3.02920716422e-06, 2.58557770394e-06, 1.67308701293e-06, 3.29782642439e-06, 1.49444485942e-06, 1.08749543415e-06, 4.92837614274e-07, 6.88345437538e-07, 2.19945349045e-07, 5.84889903621e-07, 7.28936697669e-08, 1.13180462336e-07, 3.0102069104e-07, 3.5777048879e-07, 1.55559494175e-08, 1.57502066944e-09, 1.0282353094e-11]
    },
    "erbbands": {
        "dmean": [0.0390215441585, 0.727465510368, 1.82908833027, 2.83371663094, 4.34485673904, 5.418009758, 7.95385503769, 5.3356423378, 5.33518362045, 9.34895896912, 25.7037296295, 32.0503616333, 23.0662384033, 20.9133834839, 13.2042264938, 19.9660148621, 22.0525951385, 25.4457149506, 37.6484451294, 28.0934448242, 21.4840335846, 24.1342639923, 20.1157360077, 12.0364952087, 11.6902475357, 10.2183361053, 5.90267467499, 3.96280193329, 4.06443071365, 3.27795624733, 3.05047178268, 2.28698706627, 1.14587056637, 0.410881906748, 0.180538311601, 0.0496505834162, 0.0210878718644, 0.00702542485669, 0.000149313200382, 1.08039230327e-05],
        "dmean2": [0.064462736249, 1.1908570528, 2.9289393425, 4.5677728653, 7.09062337875, 8.5973739624, 12.3085536957, 8.49641704559, 8.48283672333, 14.9100074768, 40.4484176636, 48.7075424194, 35.5132789612, 32.7856903076, 21.1169338226, 32.4613265991, 35.3048591614, 41.2781257629, 61.3249092102, 45.8239936829, 35.3445968628, 40.0505142212, 32.9045219421, 19.9966239929, 19.0516872406, 16.7004184723, 9.7180109024, 6.31235170364, 6.28078317642, 4.99927425385, 4.50557279587, 3.30805778503, 1.64170706272, 0.607565224171, 0.270141512156, 0.0735168606043, 0.0323864817619, 0.0112254098058, 0.000239896617131, 1.65811834449e-05],
        "dvar": [0.00970352627337, 3.45126652718, 11.1478786469, 22.5168685913, 53.9476242065, 71.0352859497, 129.358978271, 80.5238342285, 105.065849304, 538.012573242, 3609.609375, 7067.48974609, 2238.67749023, 1833.51916504, 790.195556641, 2104.38427734, 1858.97180176, 2350.10375977, 2796.63208008, 1786.83056641, 819.236206055, 1011.70776367, 988.641418457, 331.67980957, 305.298919678, 328.81262207, 76.181640625, 60.3449020386, 54.8246765137, 62.3389320374, 121.654571533, 118.142951965, 26.0464248657, 1.53672373295, 0.291225939989, 0.0171679481864, 0.00249191722833, 0.000358968856744, 2.24027942863e-07, 3.04655300987e-10],
        "dvar2": [0.0252372100949, 8.7302942276, 29.9234218597, 61.7104301453, 140.814758301, 184.987091064, 321.648376465, 207.558685303, 245.434555054, 1343.22705078, 8566.53320312, 16495.1230469, 5343.78515625, 4631.99853516, 1894.98876953, 5569.17138672, 4642.36474609, 6304.94873047, 7392.48095703, 4458.44335938, 2127.00463867, 2637.25927734, 2505.42089844, 898.890930176, 753.51940918, 834.925598145, 198.407913208, 140.194534302, 121.327041626, 133.476852417, 237.017822266, 225.770889282, 50.2473297119, 3.06752729416, 0.640507817268, 0.0359165072441, 0.00627233972773, 0.000968199921772, 6.01999829541e-07, 7.58806850687e-10],
        "max": [0.968331098557, 20.7305183411, 51.0834503174, 88.7697753906, 100.626647949, 117.289924622, 229.885421753, 296.67779541, 307.19152832, 647.257446289, 974.135375977, 1648.7331543, 1116.65588379, 1263.09228516, 750.982421875, 1476.53747559, 904.476806641, 1296.70922852, 802.893920898, 926.851135254, 513.589538574, 425.958343506, 736.226257324, 313.71472168, 388.543426514, 541.801635742, 171.767364502, 183.088302612, 172.899459839, 300.443023682, 273.033203125, 389.360046387, 152.089324951, 32.9903373718, 13.9272880554, 3.51408624649, 0.902016222477, 0.282250344753, 0.0150953894481, 0.000457476620795],
        "mean": [0.0472570583224, 0.975301384926, 3.96760082245, 5.89429759979, 8.03844928741, 10.8872642517, 15.7263660431, 10.5153465271, 10.1254014969, 16.2800827026, 42.1206359863, 61.8946266174, 43.5433006287, 38.8229522705, 25.2702693939, 36.3212814331, 40.5556488037, 48.5227508545, 71.8600997925, 59.3760910034, 47.5050544739, 48.6656417847, 43.0754928589, 28.8340530396, 27.5197887421, 24.8294296265, 13.4142618179, 8.98983573914, 9.54368877411, 7.28109312057, 5.84793901443, 4.13272666931, 1.97213888168, 0.793800711632, 0.343762725592, 0.100083269179, 0.0323641858995, 0.00800998043269, 0.000189581332961, 4.25805083069e-05],
        "median": [0.0218051448464, 0.475662350655, 3.1984128952, 4.35363960266, 5.05648612976, 7.72509288788, 10.3952512741, 7.03293085098, 6.44514369965, 7.67575454712, 14.5692462921, 16.166513443, 20.0541343689, 18.3673419952, 13.2714538574, 19.3652858734, 23.1832084656, 29.5068359375, 48.1849327087, 40.6112213135, 37.998085022, 37.6626396179, 31.1343612671, 23.2466449738, 21.0255088806, 15.8359708786, 10.2447071075, 6.26739263535, 5.9217414856, 3.8097550869, 2.13045501709, 1.11103773117, 0.549735248089, 0.276609539986, 0.113481342793, 0.0285775065422, 0.0083856806159, 0.00137591990642, 5.23720373167e-05, 4.04730562877e-05],
        "min": [4.15693699751e-22, 2.31737617248e-21, 1.19365894398e-20, 3.30071689285e-20, 4.27250903287e-20, 1.13935560305e-19, 1.89811429103e-19, 3.75532760269e-19, 2.49165153571e-19, 9.66511121727e-19, 1.72908169061e-18, 1.34413923388e-18, 1.9060383711e-18, 2.2897999241e-18, 2.25886274881e-18, 2.23275630829e-18, 2.81641556889e-18, 3.86516560751e-18, 4.56050603813e-18, 3.93632960996e-18, 6.54212886488e-18, 8.98553808989e-18, 8.34014282466e-18, 1.32575917728e-17, 1.21865070304e-17, 1.27616250308e-17, 1.25142335076e-17, 1.55641526508e-17, 1.56073529855e-17, 1.43814481566e-17, 1.85342753347e-17, 1.56283302858e-17, 9.14366772605e-18, 8.9924963332e-18, 7.13389097997e-18, 6.35824744189e-18, 3.11984361555e-18, 1.17790033259e-18, 3.30631328668e-19, 3.43890840017e-20],
        "var": [0.00904786866158, 3.29967594147, 16.4138584137, 35.9226722717, 81.6935043335, 120.801864624, 271.800720215, 136.862915039, 188.766601562, 902.874511719, 6604.07910156, 22290.6640625, 5422.35595703, 5155.14453125, 1832.36694336, 3998.40869141, 3569.53491211, 4369.80371094, 5692.03759766, 4258.43994141, 1805.58300781, 1918.6529541, 2323.70654297, 643.626098633, 741.718261719, 1159.03894043, 169.193328857, 120.853492737, 145.482513428, 151.083190918, 304.275970459, 272.373504639, 56.6981086731, 3.63599920273, 0.568505525589, 0.0453572049737, 0.00423146644607, 0.000331462739268, 2.05275910048e-07, 6.39502117927e-10]
    },
    "gfcc": {
        "mean": [23.5235137939, 93.2403335571, -143.797729492, 42.5320739746, -55.2406425476, 11.0075244904, -38.5079116821, 2.75178742409, -22.4731254578, -4.74428319931, -22.0518417358, -6.48370933533, -12.9503889084],
        "cov": [[8132.71191406, -543.425354004, 532.835266113, -158.396835327, 43.7528152466, 393.813812256, -201.337661743, 210.209274292, -167.290420532, 147.762802124, -130.704025269, 148.955780029, -79.2675170898], [-543.425354004, 811.451721191, -358.645568848, -89.9403915405, -2.16834378242, -226.131484985, 122.991127014, -175.215560913, 81.9655303955, -122.631309509, 57.2127838135, -98.8582839966, 82.9612808228], [532.835266113, -358.645568848, 623.792907715, 113.137939453, 135.221206665, 188.956573486, -94.5403747559, 201.844024658, -55.2062263489, 124.5, -30.0714416504, 79.762008667, -63.9503669739], [-158.396835327, -89.9403915405, 113.137939453, 265.528167725, 76.4664230347, 74.6017074585, -9.80425739288, 51.5467224121, 23.4813480377, 17.215461731, 26.8388214111, 17.1559276581, 1.89488565922], [43.7528152466, -2.16834378242, 135.221206665, 76.4664230347, 271.832519531, 70.0325622559, 46.3033332825, 88.228805542, -16.3120574951, 79.4501876831, 4.417781353, 39.3862686157, -6.65957450867], [393.813812256, -226.131484985, 188.956573486, 74.6017074585, 70.0325622559, 219.866348267, 11.5291996002, 112.372413635, -30.9185009003, 56.4204330444, 1.74737918377, 37.2645759583, -20.2732124329], [-201.337661743, 122.991127014, -94.5403747559, -9.80425739288, 46.3033332825, 11.5291996002, 161.04510498, 12.5386600494, 20.2524986267, -0.484584003687, 7.82857751846, -11.4019994736, 10.190653801], [210.209274292, -175.215560913, 201.844024658, 51.5467224121, 88.228805542, 112.372413635, 12.5386600494, 187.09425354, 11.7002372742, 78.1860656738, -12.0974340439, 29.7830028534, -32.36561203], [-167.290420532, 81.9655303955, -55.2062263489, 23.4813480377, -16.3120574951, -30.9185009003, 20.2524986267, 11.7002372742, 112.391906738, -0.774140298367, 11.2198381424, -21.2204608917, -7.4056019783], [147.762802124, -122.631309509, 124.5, 17.215461731, 79.4501876831, 56.4204330444, -0.484584003687, 78.1860656738, -0.774140298367, 111.301696777, 6.93281888962, 29.3847255707, -26.5326213837], [-130.704025269, 57.2127838135, -30.0714416504, 26.8388214111, 4.417781353, 1.74737918377, 7.82857751846, -12.0974340439, 11.2198381424, 6.93281888962, 68.9064559937, 13.9449462891, 6.80233192444], [148.955780029, -98.8582839966, 79.762008667, 17.1559276581, 39.3862686157, 37.2645759583, -11.4019994736, 29.7830028534, -21.2204608917, 29.3847255707, 13.9449462891, 78.1079177856, 5.53390789032], [-79.2675170898, 82.9612808228, -63.9503669739, 1.89488565922, -6.65957450867, -20.2732124329, 10.190653801, -32.36561203, -7.4056019783, -26.5326213837, 6.80233192444, 5.53390789032, 72.0229415894]],
        "icov": [[0.000159916729899, -0.000154457768076, 3.76633615815e-05, 0.000114634734928, 9.60622783168e-05, -0.000415659800638, 0.000283366563963, -3.53242467099e-05, 9.63966012932e-05, -0.000168939979631, 0.000427599356044, -0.000356974051101, 0.000154975889018], [-0.000154457768076, 0.00442481646314, -0.000843334302772, 0.00146435631905, -0.00253789080307, 0.00300225708634, -0.00252035143785, 0.00154758850113, -0.00227929325774, 0.00327711971477, -0.00481615588069, 0.00456639844924, -0.00331476842985], [3.76633615815e-05, -0.000843334302772, 0.00428825709969, -0.00113563623745, 2.05843771255e-05, -0.00166375003755, 0.00280444184318, -0.00277432822622, 0.00176130759064, -0.00176939356606, 0.00249348487705, -0.0024768083822, 0.00222449260764], [0.000114634734928, 0.00146435631905, -0.00113563623745, 0.00595264369622, -0.00235116807744, -0.000887049303856, 0.000207930512261, 0.00060381036019, -0.0027876959648, 0.00273246713914, -0.00355915445834, 0.00189051392954, -0.00203984742984], [9.60622783168e-05, -0.00253789080307, 2.05843771255e-05, -0.00235116807744, 0.00740824872628, -0.00107707281131, -0.000834143080283, -0.00169262615964, 0.00263248570263, -0.00507131358609, 0.00326248840429, -0.00364408525638, 0.00122272013687], [-0.000415659800638, 0.00300225708634, -0.00166375003755, -0.000887049303856, -0.00107707281131, 0.0109878741205, -0.00373547850177, -0.00245530786924, 0.00122814986389, 0.00187695026398, -0.00463888561353, 0.00276910793036, -0.00190804549493], [0.000283366563963, -0.00252035143785, 0.00280444184318, 0.000207930512261, -0.000834143080283, -0.00373547850177, 0.0104659460485, -0.00259007909335, 0.000287298142212, -0.0012926037889, 0.00261335773394, -0.00192166178022, 0.00138044531923], [-3.53242467099e-05, 0.00154758850113, -0.00277432822622, 0.00060381036019, -0.00169262615964, -0.00245530786924, -0.00259007909335, 0.0132954381406, -0.00445707608014, -0.00254834466614, 0.00083055353025, 0.000928349618334, -0.000354077492375], [9.63966012932e-05, -0.00227929325774, 0.00176130759064, -0.0027876959648, 0.00263248570263, 0.00122814986389, 0.000287298142212, -0.00445707608014, 0.0133808664978, -0.00269019673578, 0.000714229245204, -0.000136711125378, 0.00324219465256], [-0.000168939979631, 0.00327711971477, -0.00176939356606, 0.00273246713914, -0.00507131358609, 0.00187695026398, -0.0012926037889, -0.00254834466614, -0.00269019673578, 0.0190502405167, -0.00673263659701, 0.0013714490924, 0.000765237316955], [0.000427599356044, -0.00481615588069, 0.00249348487705, -0.00355915445834, 0.00326248840429, -0.00463888561353, 0.00261335773394, 0.00083055353025, 0.000714229245204, -0.00673263659701, 0.0237603541464, -0.00980074424297, 0.00342737021856], [-0.000356974051101, 0.00456639844924, -0.0024768083822, 0.00189051392954, -0.00364408525638, 0.00276910793036, -0.00192166178022, 0.000928349618334, -0.000136711125378, 0.0013714490924, -0.00980074424297, 0.0229599811137, -0.0071174595505], [0.000154975889018, -0.00331476842985, 0.00222449260764, -0.00203984742984, 0.00122272013687, -0.00190804549493, 0.00138044531923, -0.000354077492375, 0.00324219465256, 0.000765237316955, 0.00342737021856, -0.0071174595505, 0.0199620388448]]
    },
    "melbands": {
        "dmean": [0.000562692992389, 0.000966950145084, 0.000486370205181, 0.000336535362294, 0.000267730036285, 0.000121505807329, 7.66594312154e-05, 0.000139126233989, 0.000215547392145, 0.000198952358915, 0.000122219542391, 9.64953142102e-05, 5.03815535922e-05, 4.44036377303e-05, 7.13112895028e-05, 4.7270921641e-05, 5.57833191124e-05, 7.72799903643e-05, 3.97053663619e-05, 4.40887597506e-05, 2.42363403231e-05, 2.89284271275e-05, 1.91547860595e-05, 1.74770866579e-05, 1.03961792774e-05, 9.62390367931e-06, 1.03721858977e-05, 7.37014124752e-06, 4.09870881413e-06, 3.14740827889e-06, 2.34864205595e-06, 2.54038695857e-06, 2.28569001592e-06, 1.8454579731e-06, 1.84408145287e-06, 1.84636337508e-06, 1.31665501613e-06, 9.00683346572e-07, 5.45958243947e-07, 3.14030501158e-07],
        "dmean2": [0.000921222439501, 0.00154160673264, 0.000786259945016, 0.000542312394828, 0.000412796158344, 0.000193845873582, 0.000122191791888, 0.000218776069232, 0.000337720906828, 0.000301713705994, 0.000188188510947, 0.000150416759425, 8.07389005786e-05, 7.13298359187e-05, 0.000116149887617, 7.57278394303e-05, 9.05262641027e-05, 0.000126429004013, 6.4978019509e-05, 7.21793767298e-05, 4.03751764679e-05, 4.82975410705e-05, 3.11651892844e-05, 2.90117968689e-05, 1.7455273337e-05, 1.61158568517e-05, 1.68014994415e-05, 1.21873499666e-05, 6.790318821e-06, 5.24292590853e-06, 3.74090859623e-06, 3.99336886403e-06, 3.54251233148e-06, 2.86164618046e-06, 2.78505717688e-06, 2.74573380921e-06, 1.91768390323e-06, 1.30574403556e-06, 8.24348376227e-07, 4.79289383293e-07],
        "dvar": [2.15194199882e-06, 3.95789584218e-06, 6.01368981279e-07, 3.02453742052e-07, 1.36534367812e-07, 3.94518835378e-08, 2.08749764141e-08, 1.17131413901e-07, 2.38167146449e-07, 2.74073755691e-07, 6.43963744551e-08, 3.71997757043e-08, 1.40158453732e-08, 1.09316919961e-08, 2.64699480113e-08, 8.74714523036e-09, 1.2106824876e-08, 1.27119905713e-08, 4.81223283444e-09, 4.41224301539e-09, 1.16665366257e-09, 1.45058598466e-09, 1.06185416016e-09, 6.79137024395e-10, 2.5329893738e-10, 2.05866115821e-10, 3.98845539928e-10, 2.15908249612e-10, 3.66423211218e-11, 3.04736444412e-11, 2.31327179634e-11, 2.14484940225e-11, 2.11408772433e-11, 2.24936996113e-11, 3.95280266852e-11, 6.96730728666e-11, 3.90872507972e-11, 1.85079954834e-11, 3.86247240788e-12, 8.63098492416e-13],
        "dvar2": [5.46498949916e-06, 1.01948926385e-05, 1.66172969784e-06, 7.89707030435e-07, 3.36319430971e-07, 1.00637194578e-07, 4.84218674046e-08, 2.81743240294e-07, 5.70392955979e-07, 6.3335789946e-07, 1.54322577828e-07, 9.34339041692e-08, 3.34394556489e-08, 2.75465463773e-08, 6.66106103608e-08, 2.14764206419e-08, 3.24858611123e-08, 3.36042447202e-08, 1.25053105648e-08, 1.09690363459e-08, 3.09187919711e-09, 3.82151998934e-09, 2.71386468853e-09, 1.77043102401e-09, 6.93189616818e-10, 5.46893530462e-10, 9.34543109565e-10, 5.53186996211e-10, 9.58164173004e-11, 7.81517142667e-11, 5.44217101939e-11, 4.8924010676e-11, 5.01706627631e-11, 4.81001974362e-11, 8.04158684087e-11, 1.42880721143e-10, 7.54603046715e-11, 3.65477127728e-11, 8.16825860422e-12, 1.85779842031e-12],
        "max": [0.0155101679265, 0.0246571861207, 0.0141007909551, 0.00705428887159, 0.00709365680814, 0.00600702455267, 0.00420857127756, 0.00883685983717, 0.00743493717164, 0.0106828110293, 0.00629916787148, 0.00507109239697, 0.00369580741972, 0.00339476834051, 0.00544357253239, 0.00270710140467, 0.00297300051898, 0.00153527501971, 0.00171492667869, 0.00227842107415, 0.000778537418228, 0.000475013221148, 0.000848856929224, 0.00056042172946, 0.000300405488815, 0.000309343624394, 0.000572788005229, 0.000420762313297, 0.000109268781671, 0.000193243758986, 0.000134693196742, 0.000119617936434, 0.000136143527925, 0.000162544471095, 0.000182998075616, 0.000264841481112, 0.00019279953267, 0.000126496175653, 6.63882237859e-05, 2.32777765632e-05],
        "mean": [0.000697533017956, 0.00186799035873, 0.00107392983045, 0.000678744981997, 0.000556046026759, 0.000239420332946, 0.000143465978908, 0.000237431901041, 0.000340395403327, 0.000384621147532, 0.000217775552301, 0.000172939442564, 8.85678309714e-05, 8.05320523796e-05, 0.000115225448098, 7.83482246334e-05, 9.6096409834e-05, 0.000132911081892, 7.2958158853e-05, 8.27013136586e-05, 4.78527399537e-05, 5.29083336005e-05, 3.9029866457e-05, 3.42019629898e-05, 2.20021174755e-05, 2.03476392926e-05, 2.0473913537e-05, 1.59373921633e-05, 8.68359529704e-06, 6.13964220975e-06, 4.86512089992e-06, 5.48479147255e-06, 4.89630065204e-06, 3.67814777746e-06, 3.35261165674e-06, 3.14433805215e-06, 2.25142207455e-06, 1.45969636378e-06, 9.24591972762e-07, 5.85900238548e-07],
        "median": [0.000315786543069, 0.00140392966568, 0.000835020269733, 0.000445142097306, 0.000387431966374, 0.000164735945873, 9.14855481824e-05, 8.92917014426e-05, 0.000109612083179, 9.17238648981e-05, 9.36296200962e-05, 7.71883132984e-05, 4.10625289078e-05, 4.26094120485e-05, 4.98830922879e-05, 3.99939599447e-05, 5.24001807207e-05, 7.88294055383e-05, 4.59084330942e-05, 5.24384304299e-05, 3.75327217625e-05, 3.93279660784e-05, 2.71960161626e-05, 2.3899050575e-05, 1.69680752151e-05, 1.60059153131e-05, 1.24064972624e-05, 9.2583550213e-06, 6.4627492975e-06, 4.5016081458e-06, 3.10542213811e-06, 3.31538922183e-06, 2.65108656095e-06, 1.81030532076e-06, 1.25824738006e-06, 8.55353619045e-07, 5.66345590869e-07, 3.67364009435e-07, 2.93778754212e-07, 2.03003040156e-07],
        "min": [7.43644502539e-24, 8.65823121767e-24, 4.94894058258e-24, 6.08449165615e-24, 6.38377049523e-24, 9.51709721735e-24, 5.28666021914e-24, 9.36792598675e-24, 1.22412524375e-23, 8.25672783819e-24, 1.02221771501e-23, 8.11310939951e-24, 6.48092147672e-24, 7.63222610257e-24, 3.58604058499e-24, 5.33493298452e-24, 7.67633052692e-24, 7.58340350115e-24, 4.88429816456e-24, 6.77983349549e-24, 7.01104310478e-24, 8.8015885434e-24, 6.84368626374e-24, 7.11088765183e-24, 1.11519996105e-23, 9.37513696429e-24, 9.26427676355e-24, 8.04604596737e-24, 7.9738076077e-24, 7.48638228727e-24, 9.51039111079e-24, 9.36703062962e-24, 7.53317278301e-24, 7.80030080704e-24, 1.01921775588e-23, 1.21524858642e-23, 8.13776051393e-24, 7.32509336431e-24, 4.6148512839e-24, 8.95980169769e-24],
        "var": [2.02027717933e-06, 4.85241753267e-06, 9.89598561318e-07, 5.25849316091e-07, 3.05732470451e-07, 6.60712657918e-08, 3.82774310026e-08, 2.42637327119e-07, 4.14713412056e-07, 9.35646312428e-07, 1.52674189735e-07, 1.01713283129e-07, 3.41639676549e-08, 2.42423201513e-08, 4.5139028515e-08, 1.81565393831e-08, 2.17009024084e-08, 2.36605153248e-08, 9.64333857212e-09, 9.72672875577e-09, 2.11680206696e-09, 2.53458742883e-09, 2.30070451579e-09, 1.3510649266e-09, 4.4045087022e-10, 3.81215614631e-10, 9.4823993102e-10, 6.68041899576e-10, 8.24178988945e-11, 4.88229769113e-11, 4.39236459704e-11, 4.97341126615e-11, 5.11857292662e-11, 4.95235241704e-11, 9.47923822769e-11, 1.43837011746e-10, 8.96443128062e-11, 3.71346425831e-11, 7.91390997873e-12, 1.74844611445e-12]
    },
    "mfcc": {
        "mean": [-606.429382324, 112.678001404, -22.4619865417, 28.2609462738, 2.75258493423, 8.92106819153, -5.47884178162, 4.60695552826, -1.18311488628, 3.14550542831, -3.73502087593, -6.69750881195, -6.0024895668],
        "cov": [[6851.06347656, 4.74039936066, 112.728797913, -151.412353516, 83.1039123535, 115.905281067, 39.6265678406, 56.1075820923, 27.5149307251, 80.9041213989, -39.6117134094, -48.4220962524, -3.64630723], [4.74039936066, 723.784362793, -294.620025635, 37.0979309082, -150.710144043, -28.4224662781, -45.4116630554, -48.9945297241, -14.4120340347, -31.1472854614, -20.8400917053, -44.3278541565, -18.7797698975], [112.728797913, -294.620025635, 451.273071289, -8.70181274414, 183.267501831, 1.56139159203, 52.543094635, 41.9606399536, 23.5627784729, 28.559595108, 33.7686691284, 50.10962677, 17.901758194], [-151.412353516, 37.0979309082, -8.70181274414, 187.197906494, 64.2495727539, 20.7857570648, 8.59711074829, 11.9928350449, 18.4797382355, 11.3683109283, 15.2639293671, 12.9945793152, 19.402589798], [83.1039123535, -150.710144043, 183.267501831, 64.2495727539, 286.588470459, 24.8556594849, 91.6672210693, 25.7128486633, 45.3830184937, 37.450428009, 40.4301719666, 45.2262878418, 38.877571106], [115.905281067, -28.4224662781, 1.56139159203, 20.7857570648, 24.8556594849, 98.4912643433, 47.789642334, 20.3507938385, 6.47664499283, 9.79263973236, 5.63504695892, 2.78833460808, 4.40893888474], [39.6265678406, -45.4116630554, 52.543094635, 8.59711074829, 91.6672210693, 47.789642334, 190.250747681, 32.2999000549, 50.0709457397, 16.5330696106, 26.6657981873, 27.815908432, 19.4754695892], [56.1075820923, -48.9945297241, 41.9606399536, 11.9928350449, 25.7128486633, 20.3507938385, 32.2999000549, 98.1304702759, 26.7344970703, 27.5497322083, 21.7945518494, 11.5083341599, 11.2862129211], [27.5149307251, -14.4120340347, 23.5627784729, 18.4797382355, 45.3830184937, 6.47664499283, 50.0709457397, 26.7344970703, 98.1503448486, 35.7208518982, 25.3516178131, 7.6654419899, 2.922103405], [80.9041213989, -31.1472854614, 28.559595108, 11.3683109283, 37.450428009, 9.79263973236, 16.5330696106, 27.5497322083, 35.7208518982, 92.0945587158, 46.546169281, 16.0670261383, 4.50555086136], [-39.6117134094, -20.8400917053, 33.7686691284, 15.2639293671, 40.4301719666, 5.63504695892, 26.6657981873, 21.7945518494, 25.3516178131, 46.546169281, 96.6333618164, 30.5613212585, 15.3638105392], [-48.4220962524, -44.3278541565, 50.10962677, 12.9945793152, 45.2262878418, 2.78833460808, 27.815908432, 11.5083341599, 7.6654419899, 16.0670261383, 30.5613212585, 71.1817245483, 28.4910335541], [-3.64630723, -18.7797698975, 17.901758194, 19.402589798, 38.877571106, 4.40893888474, 19.4754695892, 11.2862129211, 2.922103405, 4.50555086136, 15.3638105392, 28.4910335541, 69.5736541748]],
