{
"lowlevel": {
    "average_loudness": 0.968638777733,
    "barkbands_crest": {
        "dmean": 1.80944287777,
        "dmean2": 2.93198919296,
        "dvar": 2.85821342468,
        "dvar2": 7.21246194839,
        "max": 22.2920627594,
        "mean": 9.13395690918,
        "median": 8.7633895874,
        "min": 2.3992087841,
        "var": 9.42433834076
    },
    "barkbands_flatness_db": {
        "dmean": 0.0141161074862,
        "dmean2": 0.0219606757164,
        "dvar": 0.000179706999916,
        "dvar2": 0.000440469972091,
        "max": 0.270606249571,
        "mean": 0.103763617575,
        "median": 0.101006641984,
        "min": 0.0229983627796,
        "var": 0.000842534354888
    },
    "barkbands_kurtosis": {
        "dmean": 1.27147018909,
        "dmean2": 2.0903263092,
        "dvar": 4.1871881485,
        "dvar2": 10.750544548,
        "max": 85.1259231567,
        "mean": 1.46749532223,
        "median": 0.688482046127,
        "min": -1.87846529484,
        "var": 12.7945175171
    },
    "barkbands_skewness": {
        "dmean": 0.345972239971,
        "dmean2": 0.559820413589,
        "dvar": 0.138450965285,
        "dvar2": 0.362710148096,
        "max": 7.97831201553,
        "mean": 1.31928944588,
        "median": 1.26050806046,
        "min": -2.44844126701,
        "var": 0.483178257942
    },
    "barkbands_spread": {
        "dmean": 5.15069437027,
        "dmean2": 8.09821987152,
        "dvar": 31.472454071,
        "dvar2": 71.4768218994,
        "max": 103.708518982,
        "mean": 30.4870986938,
        "median": 28.7188873291,
        "min": 2.43749189377,
        "var": 150.811538696
    },
    "dissonance": {
        "dmean": 0.0110796187073,
        "dmean2": 0.0188440009952,
        "dvar": 0.000101921854366,
        "dvar2": 0.00028618882061,
        "max": 0.500000119209,
        "mean": 0.478152036667,
        "median": 0.48126834631,
        "min": 0.37832057476,
        "var": 0.000202832787181
    },
    "dynamic_complexity": 1.46696639061,
    "erbbands_crest": {
        "dmean": 2.07601976395,
        "dmean2": 3.40354084969,
        "dvar": 3.94534349442,
        "dvar2": 10.1057443619,
        "max": 30.1046104431,
        "mean": 7.16216564178,
        "median": 6.47449207306,
        "min": 2.29244422913,
        "var": 9.54430675507
    },
    "erbbands_flatness_db": {
        "dmean": 0.010346381925,
        "dmean2": 0.0157343447208,
        "dvar": 8.39438580442e-05,
        "dvar2": 0.000184661679668,
        "max": 0.260640710592,
        "mean": 0.126613885164,
        "median": 0.124742425978,
        "min": 0.0477825477719,
        "var": 0.000651827664115
    },
    "erbbands_kurtosis": {
        "dmean": 0.436202853918,
        "dmean2": 0.709155261517,
        "dvar": 0.325927317142,
        "dvar2": 0.842093169689,
        "max": 21.5514640808,
        "mean": -0.504143834114,
        "median": -0.690591096878,
        "min": -1.74051451683,
        "var": 0.637698709965
    },
    "erbbands_skewness": {
        "dmean": 0.280866920948,
        "dmean2": 0.44296503067,
        "dvar": 0.0603331439197,
        "dvar2": 0.15122808516,
        "max": 4.53367042542,
        "mean": -0.0702888295054,
        "median": -0.0881978794932,
        "min": -2.45638012886,
        "var": 0.287450015545
    },
    "erbbands_spread": {
        "dmean": 6.23661565781,
        "dmean2": 9.87321949005,
        "dvar": 33.5818901062,
        "dvar2": 80.8428726196,
        "max": 116.211952209,
        "mean": 46.1570129395,
        "median": 45.2569503784,
        "min": 11.5154571533,
        "var": 153.750137329
    },
    "hfc": {
        "dmean": 6.38965463638,
        "dmean2": 9.90556049347,
        "dvar": 78.6453170776,
        "dvar2": 179.684753418,
        "max": 264.283630371,
        "mean": 29.9952659607,
        "median": 27.1779708862,
        "min": 1.12069883695e-16,
        "var": 313.744506836
    },
    "melbands_crest": {
        "dmean": 2.83601355553,
        "dmean2": 4.70364332199,
        "dvar": 7.1839389801,
        "dvar2": 18.1802711487,
        "max": 30.074048996,
        "mean": 14.790350914,
        "median": 14.2002735138,
        "min": 1.69965052605,
        "var": 25.0548362732
    },
    "melbands_flatness_db": {
        "dmean": 0.0181248560548,
        "dmean2": 0.028846250847,
        "dvar": 0.000341926788678,
        "dvar2": 0.000877209473401,
        "max": 0.378951013088,
        "mean": 0.163599550724,
        "median": 0.160586506128,
        "min": 0.00357876345515,
        "var": 0.00147305580322
    },
    "melbands_kurtosis": {
        "dmean": 3.99260306358,
        "dmean2": 6.615193367,
        "dvar": 39.858921051,
        "dvar2": 106.947433472,
        "max": 184.756530762,
        "mean": 9.89565467834,
        "median": 7.75573825836,
        "min": -1.73775684834,
        "var": 96.36353302
    },
    "melbands_skewness": {
        "dmean": 0.518629610538,
        "dmean2": 0.846244633198,
        "dvar": 0.328195393085,
        "dvar2": 0.879886746407,
        "max": 10.4962387085,
        "mean": 2.67860603333,
        "median": 2.57813191414,
        "min": -0.329838275909,
        "var": 1.00546836853
    },
    "melbands_spread": {
        "dmean": 6.22135400772,
        "dmean2": 9.99346923828,
        "dvar": 59.228263855,
        "dvar2": 140.298995972,
        "max": 222.348236084,
        "mean": 27.2607498169,
        "median": 25.2599411011,
        "min": 1.42921161652,
        "var": 216.283325195
    },
    "pitch_salience": {
        "dmean": 0.0615216679871,
        "dmean2": 0.100960530341,
        "dvar": 0.00321116740815,
        "dvar2": 0.00799357704818,
        "max": 0.868748307228,
        "mean": 0.55203640461,
        "median": 0.545413851738,
        "min": 0.113118074834,
        "var": 0.00849263928831
    },
    "silence_rate_20dB": {
        "dmean": 0,
        "dmean2": 0,
        "dvar": 0,
        "dvar2": 0,
        "max": 1,
        "mean": 1,
        "median": 1,
        "min": 1,
        "var": 0
    },
    "silence_rate_30dB": {
        "dmean": 0,
        "dmean2": 0,
        "dvar": 0,
        "dvar2": 0,
        "max": 1,
        "mean": 1,
        "median": 1,
        "min": 1,
        "var": 0
    },
    "silence_rate_60dB": {
        "dmean": 0.00230066874065,
        "dmean2": 0.0046016681008,
        "dvar": 0.00229580095038,
        "dvar2": 0.00501359067857,
        "max": 1,
        "mean": 0.0142343640327,
        "median": 0,
        "min": 0,
        "var": 0.0140350908041
    },
    "spectral_centroid": {
        "dmean": 225.605743408,
        "dmean2": 359.401123047,
        "dvar": 51846.2773438,
        "dvar2": 117777.515625,
        "max": 11387.34375,
        "mean": 1666.2401123,
        "median": 1624.04174805,
        "min": 280.44140625,
        "var": 304712.46875
    },
    "spectral_complexity": {
        "dmean": 4.24875974655,
        "dmean2": 6.75122213364,
        "dvar": 14.3941955566,
        "dvar2": 31.6930999756,
        "max": 57,
        "mean": 31.1012229919,
        "median": 32,
        "min": 0,
        "var": 82.4791946411
    },
    "spectral_decrease": {
        "dmean": 2.44708786568e-09,
        "dmean2": 4.25561585971e-09,
        "dvar": 1.08919205681e-17,
        "dvar2": 3.08483278253e-17,
        "max": 1.21650209379e-28,
        "mean": -8.75889494267e-09,
        "median": -8.21481904723e-09,
        "min": -3.7588339552e-08,
        "var": 1.25811871607e-17
    },
    "spectral_energy": {
        "dmean": 0.00963663030416,
        "dmean2": 0.016717037186,
        "dvar": 0.000165605728398,
        "dvar2": 0.000468576326966,
        "max": 0.148932829499,
        "mean": 0.0357788540423,
        "median": 0.0337242111564,
        "min": 1.04221566397e-20,
        "var": 0.00020009369473
    },
    "spectral_energyband_high": {
        "dmean": 0.000419570540544,
        "dmean2": 0.000590641458984,
        "dvar": 7.32303362838e-07,
        "dvar2": 1.26317706872e-06,
        "max": 0.0342617221177,
        "mean": 0.00145448511466,
        "median": 0.000958541117143,
        "min": 7.31691658122e-21,
        "var": 3.77587775802e-06
    },
    "spectral_energyband_low": {
        "dmean": 0.0058401604183,
        "dmean2": 0.0103631084785,
        "dvar": 9.89162363112e-05,
        "dvar2": 0.000289486546535,
        "max": 0.109631672502,
        "mean": 0.0145396022126,
        "median": 0.0135089382529,
        "min": 1.06177869498e-23,
        "var": 8.27122130431e-05
    },
    "spectral_energyband_middle_high": {
        "dmean": 0.00182048301212,
        "dmean2": 0.00286524463445,
        "dvar": 4.5754659368e-06,
        "dvar2": 1.16772880574e-05,
        "max": 0.0430170036852,
        "mean": 0.00700300885364,
        "median": 0.00624608807266,
        "min": 1.31666807218e-21,
        "var": 1.83731463039e-05
    },
    "spectral_energyband_middle_low": {
        "dmean": 0.00567254284397,
        "dmean2": 0.00942928530276,
        "dvar": 5.21471702086e-05,
        "dvar2": 0.000133985187858,
        "max": 0.0711877644062,
        "mean": 0.0139446025714,
        "median": 0.0115849915892,
        "min": 2.34094461003e-22,
        "var": 8.23320879135e-05
    },
    "spectral_entropy": {
        "dmean": 0.081630282104,
        "dmean2": 0.12473642081,
        "dvar": 0.00577017478645,
        "dvar2": 0.0120041351765,
        "max": 9.81653690338,
        "mean": 7.88219165802,
        "median": 7.88150215149,
        "min": 6.69104003906,
        "var": 0.0503564886749
    },
    "spectral_flux": {
        "dmean": 0.0221293866634,
        "dmean2": 0.0347907505929,
        "dvar": 0.000730386469513,
        "dvar2": 0.00133871100843,
        "max": 0.290125399828,
        "mean": 0.0920883491635,
        "median": 0.0826227217913,
        "min": 6.67504038154e-11,
        "var": 0.00149885669816
    },
    "spectral_kurtosis": {
        "dmean": 0.793959617615,
        "dmean2": 1.35855805874,
        "dvar": 0.612077713013,
        "dvar2": 1.80464756489,
        "max": 14.2516593933,
        "mean": 3.26183414459,
        "median": 3.15553379059,
        "min": -1.22669684887,
        "var": 1.69217681885
    },
    "spectral_rms": {
        "dmean": 0.00074900384061,
        "dmean2": 0.00128190906253,
        "dvar": 8.16344424948e-07,
        "dvar2": 2.29594161283e-06,
        "max": 0.0120540587232,
        "mean": 0.00577997881919,
        "median": 0.00573599757627,
        "min": 3.18872359073e-12,
        "var": 1.4979759726e-06
    },
    "spectral_rolloff": {
        "dmean": 492.485443115,
        "dmean2": 817.389709473,
        "dvar": 549160.125,
        "dvar2": 1240579.5,
        "max": 19035.3515625,
        "mean": 1764.38171387,
        "median": 1528.85742188,
        "min": 129.19921875,
        "var": 2209306.25
    },
    "spectral_skewness": {
        "dmean": 0.120961934328,
        "dmean2": 0.199198007584,
        "dvar": 0.0115593001246,
        "dvar2": 0.0300835855305,
        "max": 2.52865815163,
        "mean": 1.29295134544,
        "median": 1.29745078087,
        "min": -0.0245443657041,
        "var": 0.0494532771409
    },
    "spectral_spread": {
        "dmean": 331509.90625,
        "dmean2": 490208.71875,
        "dvar": 261842780160,
        "dvar2": 508065972224,
        "max": 41939556,
        "mean": 4695416,
        "median": 4439369,
        "min": 2273768.25,
        "var": 2.64326794445e+12
    },
    "spectral_strongpeak": {
        "dmean": 0.301518648863,
        "dmean2": 0.537615537643,
        "dvar": 0.328070878983,
        "dvar2": 0.851460278034,
        "max": 7.44634628296,
        "mean": 0.63201636076,
        "median": 0.464131951332,
        "min": 3.5676617216e-10,
        "var": 0.360703140497
    },
    "zerocrossingrate": {
        "dmean": 0.00835098233074,
        "dmean2": 0.0100803673267,
        "dvar": 9.43605264183e-05,
        "dvar2": 0.000114654780191,
        "max": 0.5107421875,
        "mean": 0.0687272176147,
        "median": 0.0625,
        "min": 0.00830078125,
        "var": 0.00125629280228
    },
    "barkbands": {
        "dmean": [3.19980463246e-05, 0.00230520358309, 0.00348703493364, 0.00175604689866, 0.00171236088499, 0.00148835801519, 0.00224523246288, 0.000689247099217, 0.00096833484713, 0.000412103399867, 0.000474181550089, 0.000375158153474, 0.000409394531744, 0.000295747857308, 0.000300819723634, 0.000310527480906, 0.00048836361384, 0.000274801132036, 0.000222491435125, 0.000161564661539, 0.000132084984216, 0.000131026725285, 9.95773443719e-05, 7.32632761355e-05, 4.34656394646e-05, 2.08477995329e-05, 2.86238059743e-06],
        "dmean2": [5.13920094818e-05, 0.00394172687083, 0.00616126088426, 0.00308879907243, 0.00292504997924, 0.00250192172825, 0.00373139488511, 0.00111703551374, 0.0015295582125, 0.000667400599923, 0.00074762175791, 0.000609078677371, 0.000664625084028, 0.000488907215185, 0.000499668647535, 0.000514383427799, 0.000820670975372, 0.000460090639535, 0.000372503796825, 0.000265747512458, 0.000209469886613, 0.000208037468838, 0.000148249353515, 0.000105756342236, 6.11444629612e-05, 2.92576696665e-05, 4.52548101748e-06],
        "dvar": [4.95259699917e-09, 1.27975590658e-05, 3.68615183106e-05, 7.78260255174e-06, 6.78391643305e-06, 4.82668474433e-06, 1.0483807273e-05, 1.80259996796e-06, 3.44277486874e-06, 5.53741756448e-07, 8.21639957849e-07, 4.76583153386e-07, 4.55610461358e-07, 2.87732888182e-07, 2.40330621182e-07, 1.6993965346e-07, 2.98597626625e-07, 9.1825128834e-08, 8.2352840991e-08, 4.27295709926e-08, 5.29451398279e-08, 5.34733608504e-08, 1.06411540912e-07, 5.66936222413e-08, 1.17215943618e-08, 2.66217647926e-09, 8.27699783712e-11],
        "dvar2": [1.1666493549e-08, 3.6355049815e-05, 0.000105659113615, 2.19691482926e-05, 1.73767039087e-05, 1.35790751301e-05, 2.88737337542e-05, 4.42790042143e-06, 8.32190198707e-06, 1.36647645377e-06, 1.97921622203e-06, 1.18222124001e-06, 1.10391533781e-06, 7.4266847605e-07, 6.16351769622e-07, 4.42464880734e-07, 8.14911061298e-07, 2.50830225923e-07, 2.11622236179e-07, 1.08465307846e-07, 1.23317178691e-07, 1.32082291771e-07, 2.07370007388e-07, 9.3449962435e-08, 1.80596213539e-08, 4.90285501087e-09, 2.03585953651e-10],
        "max": [0.000918420613743, 0.0461601316929, 0.0768195465207, 0.0328902192414, 0.0290898587555, 0.0334069766104, 0.0392900295556, 0.0327137596905, 0.0468148626387, 0.019498789683, 0.0270780380815, 0.0147612318397, 0.018348896876, 0.0118084736168, 0.013892727904, 0.0099674994126, 0.00767508242279, 0.00546517316252, 0.0110166696832, 0.00464997626841, 0.00638060132042, 0.00540706701577, 0.0202066414058, 0.0133609250188, 0.00708554685116, 0.00187917216681, 0.00033438927494],
        "mean": [2.82976525341e-05, 0.00605527032167, 0.00736224325374, 0.00226515508257, 0.00233062752523, 0.00245843664743, 0.00414338801056, 0.00102133036125, 0.00160754995886, 0.00068733113585, 0.00074643624248, 0.000606679241173, 0.000693922338542, 0.000514515326358, 0.000563039036933, 0.000653570168652, 0.00113015167881, 0.000654294912238, 0.000567279872485, 0.000411688204622, 0.00033392405021, 0.000331278512022, 0.000238548716879, 0.000195376618649, 0.000122573997942, 5.17318039783e-05, 4.17253795604e-06],
        "median": [5.27338988832e-06, 0.0049195792526, 0.00492861913517, 0.00143967883196, 0.00143507425673, 0.00175629556179, 0.00286116008647, 0.000459714734461, 0.000605604844168, 0.000358158751624, 0.000315875571687, 0.000271316734143, 0.000417142291553, 0.000271707715001, 0.000361493555829, 0.000462179479655, 0.000876757665537, 0.00055747537408, 0.000455968664028, 0.000336469616741, 0.000224445117055, 0.000222441914957, 0.000107445361209, 9.17795259738e-05, 6.10998540651e-05, 1.98243942577e-05, 8.08351444448e-07],
        "min": [4.29776844583e-25, 4.29955738515e-24, 9.88537870589e-25, 2.99214408869e-24, 9.0302958859e-24, 1.90189410202e-23, 1.29027146732e-23, 1.3818254018e-23, 3.31844247874e-23, 2.18102574913e-23, 1.6752433199e-23, 3.89499567082e-23, 3.5092322752e-23, 6.96789351767e-23, 4.4812281862e-23, 5.83479895696e-23, 7.84712759037e-23, 1.16407495862e-22, 2.19961531947e-22, 2.49391142909e-22, 2.17522449759e-22, 4.42780280228e-22, 5.19479370642e-22, 5.79351717159e-22, 9.5256622904e-22, 1.35519901753e-21, 1.96304156331e-21],
        "var": [4.66683891531e-09, 2.46340514423e-05, 5.11141370225e-05, 7.34959530746e-06, 7.4977137956e-06, 6.04461638432e-06, 1.7358102923e-05, 2.99273733617e-06, 7.40639688956e-06, 1.23990048451e-06, 1.72205784565e-06, 1.00828106042e-06, 8.51336892538e-07, 6.19520847067e-07, 5.23666699337e-07, 4.16293431726e-07, 8.0712976569e-07, 1.97409363523e-07, 2.67825839728e-07, 1.00416166049e-07, 1.49047309606e-07, 1.36877275736e-07, 4.24460068871e-07, 2.4581399316e-07, 5.0744493052e-08, 9.69779279103e-09, 1.271236727e-10]
    },
    "erbbands": {
        "dmean": [0.0289845354855, 0.673011481762, 3.50971651077, 4.93692493439, 7.17207813263, 4.79204654694, 7.30380868912, 13.377571106, 28.5312919617, 29.6612510681, 13.7776203156, 21.1526908875, 14.1615476608, 13.5901517868, 17.1144294739, 14.0342416763, 19.3801212311, 12.6653366089, 15.5631246567, 16.408531189, 18.3775806427, 25.9138584137, 16.8602638245, 9.9993314743, 11.0499925613, 7.62717533112, 5.13736963272, 5.59202575684, 4.66977500916, 3.67374944687, 2.81520295143, 1.83135032654, 1.14806771278, 0.572050452232, 0.292143911123, 0.123321041465, 0.03460079059, 0.00678365677595, 0.000405697734095, 1.88675658137e-05],
        "dmean2": [0.0500136725605, 1.15481722355, 6.19159889221, 8.84783554077, 12.4187059402, 8.14155006409, 12.5662069321, 22.4570846558, 48.0458602905, 48.2573623657, 22.0427875519, 34.0155220032, 22.2991962433, 21.5286922455, 27.0215606689, 23.0373973846, 31.440071106, 20.6580371857, 25.6646766663, 27.3249416351, 30.3988285065, 43.7074928284, 28.076335907, 16.8371429443, 18.4217586517, 12.5228595734, 8.35144710541, 8.76787185669, 7.41412162781, 5.59868097305, 4.2509560585, 2.71736693382, 1.68167507648, 0.819942772388, 0.413257092237, 0.174454346299, 0.0494553297758, 0.00987755414099, 0.000644313928206, 3.10089999402e-05],
        "dvar": [0.00270013324916, 1.07346189022, 33.1581993103, 80.1963806152, 138.107498169, 46.8581008911, 108.800445557, 426.559204102, 1632.44750977, 2732.87939453, 674.079711914, 1698.95922852, 880.239868164, 727.44317627, 793.586425781, 617.724060059, 1010.87756348, 598.975036621, 867.663146973, 556.351623535, 581.040466309, 865.694458008, 344.19744873, 125.731567383, 257.43270874, 92.6070709229, 75.3476333618, 101.383338928, 69.9142074585, 76.1397476196, 95.5181808472, 35.8345909119, 13.3849344254, 2.02019476891, 0.584407508373, 0.103658221662, 0.00670613255352, 0.00025171469315, 2.57986221186e-06, 2.14602691173e-09],
        "dvar2": [0.00756803620607, 3.08721113205, 96.0546188354, 229.294433594, 366.073455811, 125.330413818, 306.440063477, 1179.47436523, 4522.58642578, 7094.54150391, 1618.99169922, 4280.05957031, 2003.26428223, 1830.40515137, 1873.21740723, 1616.98388672, 2463.81298828, 1513.13391113, 2218.32519531, 1465.71630859, 1522.11633301, 2375.99365234, 937.400512695, 335.357269287, 641.810424805, 239.883865356, 196.306442261, 223.622070312, 171.349777222, 168.07043457, 193.040008545, 66.8807220459, 22.22397995, 3.23193693161, 0.952877819538, 0.184324651957, 0.0132904583588, 0.000532664183993, 6.56296015222e-06, 5.56885204617e-09],
        "max": [0.641326248646, 12.9207315445, 76.0604705811, 99.3558120728, 115.815177917, 126.346214294, 157.159332275, 359.215057373, 450.524383545, 1059.90429688, 806.309448242, 1221.61450195, 766.511169434, 1105.83776855, 629.436523438, 541.163574219, 1012.22393799, 731.757568359, 926.80859375, 446.552581787, 536.27331543, 467.500488281, 374.410095215, 209.130111694, 735.055053711, 156.866317749, 247.942459106, 357.084716797, 212.590789795, 461.012115479, 673.79876709, 282.225463867, 178.910140991, 84.9233169556, 50.5770950317, 16.3043556213, 2.23080444336, 0.581301927567, 0.0600080192089, 0.00133368873503],
        "mean": [0.0643306970596, 1.79757118225, 8.21696472168, 7.79463291168, 8.66720581055, 7.29668951035, 11.8816070557, 23.4342365265, 53.1818351746, 46.8494873047, 23.5717353821, 34.1512718201, 25.6570949554, 24.5295066833, 29.2598438263, 24.995223999, 34.2430953979, 24.0487728119, 29.8312530518, 32.4012298584, 43.0247917175, 62.4504356384, 42.8450431824, 26.465795517, 29.1153335571, 19.6187267303, 12.8355121613, 14.3394403458, 11.8324337006, 8.83347892761, 6.62289571762, 4.52789115906, 2.95874738693, 1.56882846355, 0.756911098957, 0.300135701895, 0.0817384570837, 0.0144694270566, 0.000592799682636, 6.01647370786e-05],
        "median": [0.0495748370886, 1.50782942772, 6.19726085663, 5.90263175964, 4.96126079559, 4.76306200027, 8.4489107132, 17.1170310974, 31.4604759216, 25.0412521362, 10.8054599762, 13.9027853012, 11.9989376068, 14.2778568268, 14.7418260574, 13.3840789795, 21.2314376831, 13.2700405121, 17.287815094, 22.6763439178, 31.1547851562, 48.8969421387, 36.8723907471, 22.5539417267, 23.0549697876, 15.9259662628, 9.37151241302, 9.64416503906, 8.03375244141, 4.72474431992, 2.97120332718, 1.98060584068, 1.43059110641, 0.799929380417, 0.34713435173, 0.116092659533, 0.0309530869126, 0.00479728356004, 0.000138976349263, 4.91623031849e-05],
        "min": [8.49466059343e-23, 7.44365767531e-22, 1.91799535894e-21, 6.99888825391e-21, 1.47297731888e-20, 4.01762302064e-20, 9.27017111962e-20, 1.14256907048e-19, 1.15459847379e-19, 2.6300512599e-19, 3.57135668909e-19, 6.44502375463e-19, 1.07382663927e-18, 1.00935121924e-18, 1.2399573867e-18, 1.41202884189e-18, 1.81607234652e-18, 3.10094233176e-18, 2.49232641169e-18, 2.63956497432e-18, 3.24882113218e-18, 5.70146231321e-18, 6.54568656869e-18, 1.07869480397e-17, 1.11647718834e-17, 1.20735803332e-17, 9.53882513956e-18, 1.20873272478e-17, 1.29293416903e-17, 1.04322703638e-17, 1.40653394312e-17, 1.12326585963e-17, 8.39524628834e-18, 9.25712630041e-18, 6.87230421024e-18, 4.60675618772e-18, 2.33334085039e-18, 1.07850207088e-18, 2.64506588048e-19, 2.70348295862e-20],
        "var": [0.00357800466008, 1.77512598038, 44.2237472534, 65.0366821289, 126.972633362, 63.5613632202, 136.989257812, 520.519714355, 3120.91235352, 4311.36767578, 1354.12658691, 3154.34057617, 2178.06201172, 1484.66564941, 1727.93444824, 1250.72753906, 1878.34863281, 1278.95471191, 2093.04125977, 1100.24279785, 1563.17138672, 2305.56811523, 802.639953613, 319.778625488, 931.512573242, 215.574188232, 156.330871582, 309.615570068, 175.064865112, 231.94329834, 364.057617188, 148.004623413, 52.8008346558, 8.28710079193, 2.34962940216, 0.376697719097, 0.0222386475652, 0.000717325252481, 3.18743400385e-06, 2.57976617846e-09]
    },
    "gfcc": {
        "mean": [53.7469940186, 80.6897277832, -117.27293396, 44.8896751404, -56.6703186035, 10.6304712296, -41.1076469421, 15.1797523499, -21.6309490204, 5.96807813644, -16.7193889618, 3.58055305481, -16.4997425079],
        "cov": [[3828.91455078, -101.570991516, -97.0374298096, 59.8158798218, -169.081207275, 183.029373169, -94.0492401123, 69.8571243286, -66.4804992676, 21.4240455627, -84.7230834961, 16.8433189392, -81.4626617432], [-101.570991516, 680.469238281, -280.610321045, 5.48980855942, 44.0202865601, -91.2886886597, 69.4440460205, -17.5328140259, 40.6908569336, -57.1259994507, 48.75340271, -56.9936828613, 39.2270011902], [-97.0374298096, -280.610321045, 397.889984131, 42.9485931396, 41.1246185303, 29.4091510773, -27.6576271057, 37.4294281006, -3.36168050766, 53.2002983093, -12.9633903503, 41.3078689575, -27.3574790955], [59.8158798218, 5.48980855942, 42.9485931396, 144.514205933, 38.4275283813, 12.4096450806, -19.8170814514, -1.26017272472, 15.8878574371, -2.21905565262, 6.447265625, 9.00566864014, 12.9980611801], [-169.081207275, 44.0202865601, 41.1246185303, 38.4275283813, 161.668991089, -11.1770915985, 6.74724769592, 25.981842041, 8.05574035645, 2.46634888649, -1.29909384251, 9.69465732574, 8.57530879974], [183.029373169, -91.2886886597, 29.4091510773, 12.4096450806, -11.1770915985, 98.8484268188, 21.5401496887, 8.3210401535, -16.7268714905, -1.93393087387, -5.98012113571, 0.537084579468, -8.67095088959], [-94.0492401123, 69.4440460205, -27.6576271057, -19.8170814514, 6.74724769592, 21.5401496887, 80.8364944458, 18.0564575195, 1.51593136787, -6.29069757462, 6.74549198151, -12.6104660034, -2.29396247864], [69.8571243286, -17.5328140259, 37.4294281006, -1.26017272472, 25.981842041, 8.3210401535, 18.0564575195, 81.1330947876, 37.2935638428, 23.9122600555, -1.4923491478, -0.562859535217, -2.39770364761], [-66.4804992676, 40.6908569336, -3.36168050766, 15.8878574371, 8.05574035645, -16.7268714905, 1.51593136787, 37.2935638428, 78.6167373657, 30.870141983, 10.3470821381, -7.49084806442, 6.03474855423], [21.4240455627, -57.1259994507, 53.2002983093, -2.21905565262, 2.46634888649, -1.93393087387, -6.29069757462, 23.9122600555, 30.870141983, 61.3536911011, 16.7866840363, 8.46366214752, -8.46208953857], [-84.7230834961, 48.75340271, -12.9633903503, 6.447265625, -1.29909384251, -5.98012113571, 6.74549198151, -1.4923491478, 10.3470821381, 16.7866840363, 49.9969596863, 17.1800670624, 7.26332807541], [16.8433189392, -56.9936828613, 41.3078689575, 9.00566864014, 9.69465732574, 0.537084579468, -12.6104660034, -0.562859535217, -7.49084806442, 8.46366214752, 17.1800670624, 60.4102363586, 16.94947052], [-81.4626617432, 39.2270011902, -27.3574790955, 12.9980611801, 8.57530879974, -8.67095088959, -2.29396247864, -2.39770364761, 6.03474855423, -8.46208953857, 7.26332807541, 16.94947052, 45.8536911011]],
        "icov": [[0.00051082187565, -0.00060649815714, 0.000437928945757, -0.000507930468302, 0.000761244795285, -0.00125895021483, 0.00125100067817, -0.00125735427719, 0.00114300800487, -0.00129273778293, 0.00177126866765, -0.00133795558941, 0.00127302389592], [-0.00060649815714, 0.00459125638008, 0.000887721893378, 6.7415247031e-05, -0.0020807958208, 0.00451998738572, -0.00412197876722, 0.00194412376732, -0.00293037225492, 0.00495050940663, -0.00651910202578, 0.0049305758439, -0.00284603796899], [0.000437928945757, 0.000887721893378, 0.00488550402224, -0.00196898798458, -0.000269914889941, -0.000464495475171, 0.000680020428263, -0.00225729844533, 0.0020355945453, -0.00355018931441, 0.00252391584218, -0.00301882345229, 0.00316319125704], [-0.000507930468302, 6.7415247031e-05, -0.00196898798458, 0.00991532579064, -0.00290833553299, -0.00196363939904, 0.0021215826273, 0.00303378305398, -0.00489678280428, 0.00421317433938, -0.00378050957806, 0.00178996555042, -0.00314895040356], [0.000761244795285, -0.0020807958208, -0.000269914889941, -0.00290833553299, 0.00902933534235, -0.00075100333197, 0.0011472327169, -0.0047466349788, 0.00345797464252, -0.00283095403574, 0.00478548556566, -0.00373849482276, 0.00142076972406], [-0.00125895021483, 0.00451998738572, -0.000464495475171, -0.00196363939904, -0.00075100333197, 0.0184291247278, -0.00953425373882, 0.00107597385067, 0.00031367019983, 0.00455636065453, -0.00582887651399, 0.00503394007683, -0.00275708036497], [0.00125100067817, -0.00412197876722, 0.000680020428263, 0.0021215826273, 0.0011472327169, -0.00953425373882, 0.0218750890344, -0.00771874887869, 0.00388055620715, -0.00151180662215, 0.00138377503026, -0.00136907433625, 0.00372352520935], [-0.00125735427719, 0.00194412376732, -0.00225729844533, 0.00303378305398, -0.0047466349788, 0.00107597385067, -0.00771874887869, 0.0236639268696, -0.0127814747393, 0.000548887299374, -0.00108395551797, 0.002123022452, -0.00299090403132], [0.00114300800487, -0.00293037225492, 0.0020355945453, -0.00489678280428, 0.00345797464252, 0.00031367019983, 0.00388055620715, -0.0127814747393, 0.0276217442006, -0.0152878081426, 0.00442607887089, 0.00111458124593, -0.00149115175009], [-0.00129273778293, 0.00495050940663, -0.00355018931441, 0.00421317433938, -0.00283095403574, 0.00455636065453, -0.00151180662215, 0.000548887299374, -0.0152878081426, 0.0368861928582, -0.0188868045807, 0.00481154071167, 0.0015323049156], [0.00177126866765, -0.00651910202578, 0.00252391584218, -0.00378050957806, 0.00478548556566, -0.00582887651399, 0.00138377503026, -0.00108395551797, 0.00442607887089, -0.0188868045807, 0.0405639372766, -0.0181356519461, 0.00552690867335], [-0.00133795558941, 0.0049305758439, -0.00301882345229, 0.00178996555042, -0.00373849482276, 0.00503394007683, -0.00136907433625, 0.002123022452, 0.00111458124593, 0.00481154071167, -0.0181356519461, 0.0326852984726, -0.0156777985394], [0.00127302389592, -0.00284603796899, 0.00316319125704, -0.00314895040356, 0.00142076972406, -0.00275708036497, 0.00372352520935, -0.00299090403132, -0.00149115175009, 0.0015323049156, 0.00552690867335, -0.0156777985394, 0.0339262709022]]
    },
    "melbands": {
        "dmean": [0.000438397692051, 0.0014944303548, 0.000895563396625, 0.000426469050581, 0.000228351957048, 0.000300946849165, 0.000431701453635, 0.000286427850369, 0.000119845659356, 0.000131452325149, 7.29206221877e-05, 5.72274329897e-05, 6.88104555593e-05, 3.81106074201e-05, 4.93797306262e-05, 3.46830238414e-05, 2.43287631747e-05, 2.8620557714e-05, 2.09548543353e-05, 2.07895118365e-05, 2.52923055086e-05, 3.06458387058e-05, 2.44457205554e-05, 1.22239907796e-05, 8.68757524586e-06, 1.01323694253e-05, 7.44928593122e-06, 5.19353216077e-06, 3.32868876285e-06, 3.7282154608e-06, 3.59073374057e-06, 3.07905042973e-06, 2.52925360655e-06, 2.11711721931e-06, 1.87732530321e-06, 1.38486359447e-06, 1.15265527256e-06, 9.07050377918e-07, 7.1955690828e-07, 4.68658328145e-07],
        "dmean2": [0.000752909050789, 0.00263045774773, 0.00158806855325, 0.000732008076739, 0.000390133849578, 0.000503193761688, 0.000726701226085, 0.000464209588245, 0.000190958628082, 0.000210247380892, 0.000114994247269, 9.13528929232e-05, 0.000108546235424, 6.10678544035e-05, 8.1225662143e-05, 5.64136862522e-05, 3.98389092879e-05, 4.72663959954e-05, 3.49768197339e-05, 3.45068692695e-05, 4.21598961111e-05, 5.20174435223e-05, 4.08485611842e-05, 2.06364038604e-05, 1.46984148159e-05, 1.70304574567e-05, 1.23499585243e-05, 8.59830925037e-06, 5.52246729058e-06, 6.07111996942e-06, 5.69364692637e-06, 5.01007571074e-06, 4.01677880291e-06, 3.26924305227e-06, 2.89810600407e-06, 2.11618112189e-06, 1.74853562385e-06, 1.37092388286e-06, 1.06214417883e-06, 6.93350330039e-07],
        "dvar": [5.08115078901e-07, 5.8008531596e-06, 2.05208925763e-06, 4.25796088166e-07, 9.54161762934e-08, 2.00856945298e-07, 3.79025721031e-07, 2.51935716733e-07, 5.49883729661e-08, 6.33877021983e-08, 2.30422383396e-08, 1.24235510768e-08, 1.49280054984e-08, 5.77012349012e-09, 7.6708079888e-09, 3.24684079622e-09, 2.31083352453e-09, 3.10238834622e-09, 9.66155377924e-10, 8.52968695675e-10, 1.06829789459e-09, 1.27094068603e-09, 8.56127446713e-10, 1.93867075171e-10, 9.79728936867e-11, 1.70688976842e-10, 1.17447038206e-10, 4.24061098736e-11, 2.74874359385e-11, 4.32747136736e-11, 4.18303967853e-11, 3.06385646021e-11, 1.9850237773e-11, 3.89353584096e-11, 4.45195859344e-11, 2.24359697487e-11, 1.52376462143e-11, 9.36222453729e-12, 3.67635392615e-12, 1.23297997246e-12],
        "dvar2": [1.44197917962e-06, 1.70178573171e-05, 5.79151674174e-06, 1.10602820769e-06, 2.66504684987e-07, 5.58739543521e-07, 1.0544183624e-06, 6.50059519103e-07, 1.31916749524e-07, 1.56633547022e-07, 5.24126626544e-08, 3.12255465929e-08, 3.52871438736e-08, 1.28739712224e-08, 2.02072012456e-08, 7.89031240345e-09, 5.8076596865e-09, 7.95519294883e-09, 2.52021714608e-09, 2.22263052407e-09, 2.8436377697e-09, 3.51896867201e-09, 2.31536945172e-09, 5.23612320169e-10, 2.61623583908e-10, 4.44338066341e-10, 2.9382257738e-10, 1.11675363401e-10, 7.33626145943e-11, 1.09312413288e-10, 9.20719681052e-11, 7.93203419613e-11, 4.87239207314e-11, 9.04752384123e-11, 9.67105978633e-11, 4.58416464511e-11, 3.06890450552e-11, 1.73872808512e-11, 6.68379717891e-12, 2.19495775722e-12],
        "max": [0.00949666649103, 0.0303249768913, 0.0157305877656, 0.00736020831391, 0.00488606654108, 0.00781270861626, 0.00705906609073, 0.0109115568921, 0.0092099821195, 0.00663554668427, 0.00379608059302, 0.00409380393103, 0.00290253083222, 0.00169719441328, 0.00204037479125, 0.00197565043345, 0.00125184317585, 0.00165406311862, 0.000951097870711, 0.00080984068336, 0.000659559154883, 0.000543095578905, 0.000447478640126, 0.000307440903271, 0.000187759345863, 0.00039965074393, 0.000384810671676, 0.000109728709504, 0.000122296289192, 0.000155888206791, 0.000221396956476, 0.000174497574335, 0.000115130169434, 0.000389458582504, 0.000475085835205, 0.000215841180761, 0.00023085749126, 0.000150768595631, 0.000119916461699, 5.68045361433e-05],
        "mean": [0.00113026157487, 0.00376495788805, 0.00147038477007, 0.000572193705011, 0.000400672870455, 0.000539116910659, 0.000799521745648, 0.000438687566202, 0.000198709079996, 0.000212163242395, 0.000127031991724, 9.92868663161e-05, 0.000110997010779, 6.14467644482e-05, 8.4014100139e-05, 5.96055142523e-05, 4.25549624197e-05, 4.98515946674e-05, 4.00037497457e-05, 4.0660128434e-05, 5.28894852323e-05, 6.66049018037e-05, 5.36700099474e-05, 2.74287576758e-05, 1.99752030312e-05, 2.36035448324e-05, 1.75188251887e-05, 1.17816025522e-05, 7.44790577301e-06, 8.14216127765e-06, 8.53823439684e-06, 7.04677177055e-06, 5.61529805054e-06, 4.60065029984e-06, 4.04040156354e-06, 3.02392845697e-06, 2.67638120022e-06, 2.1401349386e-06, 1.7089270159e-06, 1.1859708593e-06],
        "median": [0.000944888510276, 0.00339338090271, 0.00116349535529, 0.000356540374923, 0.000299513805658, 0.000408781663282, 0.000499548099469, 0.000223746683332, 7.99360350356e-05, 8.27453768579e-05, 5.71781638428e-05, 5.60773078178e-05, 5.03816336277e-05, 2.57094616245e-05, 4.68706675747e-05, 3.71044370695e-05, 2.18799395952e-05, 2.6126846933e-05, 2.7225472877e-05, 2.92181430268e-05, 3.65583255189e-05, 5.01102185808e-05, 4.22737466579e-05, 2.30838941206e-05, 1.62678443303e-05, 1.85805147339e-05, 1.36466060212e-05, 9.37711320148e-06, 5.54909865969e-06, 5.17644548381e-06, 5.65747404835e-06, 4.77663706988e-06, 3.43153078575e-06, 2.19847606786e-06, 1.7903000753e-06, 1.24542395952e-06, 1.14923091132e-06, 1.01068042113e-06, 8.53333062878e-07, 5.99388158662e-07],
        "min": [1.2684003776e-24, 1.41700333252e-24, 1.20393131177e-24, 2.03769694073e-24, 2.59085212393e-24, 2.80430171323e-24, 1.78592034713e-24, 2.89159291948e-24, 2.14937321807e-24, 3.77070463986e-24, 4.54087585251e-24, 3.64106087211e-24, 2.84985547228e-24, 5.37799414032e-24, 2.56755213102e-24, 4.23623867573e-24, 4.91396919536e-24, 3.53946820929e-24, 3.36730562762e-24, 4.01609323506e-24, 3.55931594967e-24, 5.2457680364e-24, 5.60317764116e-24, 4.75108795666e-24, 6.45991529411e-24, 8.15936110324e-24, 4.69230598631e-24, 7.04220942142e-24, 6.65743225971e-24, 4.46398400236e-24, 6.44051207685e-24, 5.96719632258e-24, 5.26694066867e-24, 6.03735406162e-24, 7.29383317322e-24, 7.812364068e-24, 6.36375591078e-24, 5.3983885613e-24, 6.79309345844e-24, 6.95611393109e-24],
        "var": [9.16189833333e-07, 6.08397840551e-06, 1.80364179414e-06, 4.44186412096e-07, 1.32097298433e-07, 2.54589849646e-07, 6.79612867316e-07, 4.00656574584e-07, 1.10516765517e-07, 1.2777354641e-07, 5.71431328922e-08, 2.54324614701e-08, 3.19110924352e-08, 1.24437109505e-08, 1.52755266214e-08, 6.04385030911e-09, 4.83525841588e-09, 7.21548776283e-09, 2.01565431013e-09, 1.76567194199e-09, 2.59898169652e-09, 3.05745517792e-09, 1.85498338912e-09, 3.74095504574e-10, 2.29570279453e-10, 5.19715992464e-10, 3.51448176117e-10, 8.32682950369e-11, 4.9586210138e-11, 9.90906107168e-11, 1.24409732516e-10, 6.47849274227e-11, 4.85283341289e-11, 9.94874252425e-11, 1.50703685642e-10, 7.84408787924e-11, 5.42615154198e-11, 3.23142866632e-11, 1.27155942026e-11, 4.51565304246e-12]
    },
    "mfcc": {
        "mean": [-584.499633789, 106.2554245, -0.53861027956, 33.2792778015, 7.77901411057, 1.69109117985, -3.55212974548, 4.8165640831, 1.16230297089, -1.89449095726, 3.09522461891, 4.53730201721, 3.19559717178],
        "cov": [[2175.92382812, -29.2373466492, 9.78602981567, -96.0567855835, -44.6993980408, 54.0209693909, -5.30219650269, 59.6991844177, -9.71748161316, 31.6790027618, 6.57017803192, 8.33414077759, -63.3490371704], [-29.2373466492, 523.841369629, -200.297134399, 60.1099815369, -32.9030227661, -45.5727806091, 16.0633678436, 11.2261610031, 13.3378429413, -1.79586589336, 38.9767112732, -4.63011741638, -13.8116807938], [9.78602981567, -200.297134399, 280.933959961, 2.11423039436, 26.3935909271, 22.7490959167, -1.70669364929, -3.03971076012, -4.98976755142, 11.2875995636, -0.142290055752, 22.0175285339, 13.4298372269], [-96.0567855835, 60.1099815369, 2.11423039436, 143.397567749, 73.876411438, 1.33341991901, -9.04350185394, 1.54502308369, 11.5459260941, -2.64974498749, 4.02713775635, 4.01171684265, 18.7446498871], [-44.6993980408, -32.9030227661, 26.3935909271, 73.876411438, 140.921646118, 8.63546657562, -1.24265527725, 4.44410228729, 19.5855712891, 4.07330226898, -0.728866398335, 5.11510705948, 11.6517181396], [54.0209693909, -45.5727806091, 22.7490959167, 1.33341991901, 8.63546657562, 68.78465271, 21.7262134552, 7.08388137817, -11.848277092, -5.99052619934, -10.0591878891, -3.22993373871, -1.48238372803], [-5.30219650269, 16.0633678436, -1.70669364929, -9.04350185394, -1.24265527725, 21.7262134552, 78.1198654175, 25.3464260101, -0.118092559278, -2.5745639801, 1.1237154007, -3.13776922226, -7.51020431519], [59.6991844177, 11.2261610031, -3.03971076012, 1.54502308369, 4.44410228729, 7.08388137817, 25.3464260101, 55.1213035583, 18.5562782288, 0.90893304348, -0.92141443491, 2.26976537704, -3.467897892], [-9.71748161316, 13.3378429413, -4.98976755142, 11.5459260941, 19.5855712891, -11.848277092, -0.118092559278, 18.5562782288, 62.2170715332, 29.8188514709, 16.4218215942, 3.41651010513, -5.83683490753], [31.6790027618, -1.79586589336, 11.2875995636, -2.64974498749, 4.07330226898, -5.99052619934, -2.5745639801, 0.90893304348, 29.8188514709, 62.6336364746, 32.632068634, 7.97490310669, -13.4138383865], [6.57017803192, 38.9767112732, -0.142290055752, 4.02713775635, -0.728866398335, -10.0591878891, 1.1237154007, -0.92141443491, 16.4218215942, 32.632068634, 66.2134552002, 27.5888786316, -8.86883640289], [8.33414077759, -4.63011741638, 22.0175285339, 4.01171684265, 5.11510705948, -3.22993373871, -3.13776922226, 2.26976537704, 3.41651010513, 7.97490310669, 27.5888786316, 55.3304443359, 18.9227180481], [-63.3490371704, -13.8116807938, 13.4298372269, 18.7446498871, 11.6517181396, -1.48238372803, -7.51020431519, -3.467897892, -5.83683490753, -13.4138383865, -8.86883640289, 18.9227180481, 57.8911132812]],
