{
"lowlevel": {
    "average_loudness": 0.943664252758,
    "barkbands_crest": {
        "dmean": 2.00440883636,
        "dmean2": 3.21498084068,
        "dvar": 4.10175704956,
        "dvar2": 10.4277601242,
        "max": 24.3343925476,
        "mean": 10.9807376862,
        "median": 10.6698226929,
        "min": 2.37486982346,
        "var": 13.9176282883
    },
    "barkbands_flatness_db": {
        "dmean": 0.0187254641205,
        "dmean2": 0.0271030385047,
        "dvar": 0.000363575731171,
        "dvar2": 0.000748281541746,
        "max": 0.37007984519,
        "mean": 0.14399792254,
        "median": 0.135709047318,
        "min": 0.0338109210134,
        "var": 0.00186483853031
    },
    "barkbands_kurtosis": {
        "dmean": 3.00113296509,
        "dmean2": 4.56430053711,
        "dvar": 28.1445770264,
        "dvar2": 60.6880836487,
        "max": 110.44216156,
        "mean": 6.36782360077,
        "median": 2.57540845871,
        "min": -1.66959023476,
        "var": 126.411521912
    },
    "barkbands_skewness": {
        "dmean": 0.47514757514,
        "dmean2": 0.734176695347,
        "dvar": 0.270945698023,
        "dvar2": 0.620288848877,
        "max": 8.43487739563,
        "mean": 2.02983427048,
        "median": 1.77865803242,
        "min": -1.72689962387,
        "var": 1.58504211903
    },
    "barkbands_spread": {
        "dmean": 4.00375556946,
        "dmean2": 6.20619678497,
        "dvar": 17.0160522461,
        "dvar2": 40.4014358521,
        "max": 65.9451599121,
        "mean": 20.9037151337,
        "median": 20.7712459564,
        "min": 1.34150528908,
        "var": 91.4967575073
    },
    "dissonance": {
        "dmean": 0.014481883496,
        "dmean2": 0.0242163557559,
        "dvar": 0.000226030591875,
        "dvar2": 0.000599913299084,
        "max": 0.499999970198,
        "mean": 0.470943421125,
        "median": 0.478298515081,
        "min": 0.296114891768,
        "var": 0.000607270922046
    },
    "dynamic_complexity": 2.17546892166,
    "erbbands_crest": {
        "dmean": 2.14511466026,
        "dmean2": 3.48615765572,
        "dvar": 5.25516700745,
        "dvar2": 12.9981803894,
        "max": 26.0353660583,
        "mean": 7.28543138504,
        "median": 6.43693828583,
        "min": 2.11976313591,
        "var": 12.3176555634
    },
    "erbbands_flatness_db": {
        "dmean": 0.0130206849426,
        "dmean2": 0.0190877281129,
        "dvar": 0.000178678150405,
        "dvar2": 0.00037240301026,
        "max": 0.242602109909,
        "mean": 0.139453187585,
        "median": 0.137142255902,
        "min": 0.0613860972226,
        "var": 0.000761724018957
    },
    "erbbands_kurtosis": {
        "dmean": 0.623189389706,
        "dmean2": 0.963804721832,
        "dvar": 0.859875619411,
        "dvar2": 1.8916863203,
        "max": 18.2837772369,
        "mean": 0.00993879046291,
        "median": -0.423683643341,
        "min": -1.87843096256,
        "var": 2.38516974449
    },
    "erbbands_skewness": {
        "dmean": 0.292212367058,
        "dmean2": 0.450791925192,
        "dvar": 0.0840061828494,
        "dvar2": 0.191217169166,
        "max": 3.92329096794,
        "mean": 0.0768260881305,
        "median": -0.0306712947786,
        "min": -2.01711297035,
        "var": 0.428959608078
    },
    "erbbands_spread": {
        "dmean": 7.81426239014,
        "dmean2": 11.7098817825,
        "dvar": 70.5644760132,
        "dvar2": 137.877639771,
        "max": 146.685409546,
        "mean": 45.9248046875,
        "median": 42.9484100342,
        "min": 11.094748497,
        "var": 348.836273193
    },
    "hfc": {
        "dmean": 5.47929811478,
        "dmean2": 8.32649517059,
        "dvar": 47.6118049622,
        "dvar2": 107.690673828,
        "max": 126.701080322,
        "mean": 24.2786655426,
        "median": 21.7540588379,
        "min": 1.12968135666e-16,
        "var": 208.320541382
    },
    "melbands_crest": {
        "dmean": 2.69973683357,
        "dmean2": 4.47202301025,
        "dvar": 8.04098987579,
        "dvar2": 20.2670173645,
        "max": 31.7004623413,
        "mean": 16.5345954895,
        "median": 16.0355911255,
        "min": 1.73141658306,
        "var": 29.8464565277
    },
    "melbands_flatness_db": {
        "dmean": 0.0214526243508,
        "dmean2": 0.031292591244,
        "dvar": 0.000518844404723,
        "dvar2": 0.00109958706889,
        "max": 0.491715699434,
        "mean": 0.211715012789,
        "median": 0.200792998075,
        "min": 0.00803021434695,
        "var": 0.00376055133529
    },
    "melbands_kurtosis": {
        "dmean": 8.52536010742,
        "dmean2": 13.3134336472,
        "dvar": 209.370147705,
        "dvar2": 488.127532959,
        "max": 261.513275146,
        "mean": 21.7023906708,
        "median": 12.1373538971,
        "min": -1.43679010868,
        "var": 723.061706543
    },
    "melbands_skewness": {
        "dmean": 0.740412592888,
        "dmean2": 1.14679884911,
        "dvar": 0.710561335087,
        "dvar2": 1.60198235512,
        "max": 14.4895963669,
        "mean": 3.5410554409,
        "median": 3.16253614426,
        "min": -0.352522134781,
        "var": 3.34724974632
    },
    "melbands_spread": {
        "dmean": 4.46872138977,
        "dmean2": 6.97135448456,
        "dvar": 25.580909729,
        "dvar2": 60.494884491,
        "max": 125.809402466,
        "mean": 18.2412128448,
        "median": 16.7115688324,
        "min": 0.88162946701,
        "var": 122.419509888
    },
    "pitch_salience": {
        "dmean": 0.0659327656031,
        "dmean2": 0.109481580555,
        "dvar": 0.00445951661095,
        "dvar2": 0.0116237131879,
        "max": 0.857142567635,
        "mean": 0.504992008209,
        "median": 0.503183066845,
        "min": 0.108996450901,
        "var": 0.0129347126931
    },
    "silence_rate_20dB": {
        "dmean": 0,
        "dmean2": 0,
        "dvar": 0,
        "dvar2": 0,
        "max": 1,
        "mean": 1,
        "median": 1,
        "min": 1,
        "var": 0
    },
    "silence_rate_30dB": {
        "dmean": 0.00845362432301,
        "dmean2": 0.0169085972011,
        "dvar": 0.00838116463274,
        "dvar2": 0.0218871030957,
        "max": 1,
        "mean": 0.994178652763,
        "median": 1,
        "min": 0,
        "var": 0.00578685617074
    },
    "silence_rate_60dB": {
        "dmean": 0.00271154008806,
        "dmean2": 0.00542351230979,
        "dvar": 0.00270432978868,
        "dvar2": 0.00619121966884,
        "max": 1,
        "mean": 0.0300637949258,
        "median": 0,
        "min": 0,
        "var": 0.0291600953788
    },
    "spectral_centroid": {
        "dmean": 192.575668335,
        "dmean2": 303.177307129,
        "dvar": 39687.9882812,
        "dvar2": 87522.2109375,
        "max": 11480.2460938,
        "mean": 1300.82714844,
        "median": 1351.23657227,
        "min": 167.385925293,
        "var": 276994.28125
    },
    "spectral_complexity": {
        "dmean": 3.75197386742,
        "dmean2": 5.84734392166,
        "dvar": 11.8524503708,
        "dvar2": 26.3784770966,
        "max": 56,
        "mean": 25.4321365356,
        "median": 27,
        "min": 0,
        "var": 121.144805908
    },
    "spectral_decrease": {
        "dmean": 3.0425160169e-09,
        "dmean2": 5.15904607923e-09,
        "dvar": 1.95487130944e-17,
        "dvar2": 5.30223765263e-17,
        "max": -6.11801137637e-29,
        "mean": -1.15981757531e-08,
        "median": -1.14143876573e-08,
        "min": -6.12814190504e-08,
        "var": 3.26427373456e-17
    },
    "spectral_energy": {
        "dmean": 0.0118350265548,
        "dmean2": 0.0200113169849,
        "dvar": 0.00029041300877,
        "dvar2": 0.000785651383922,
        "max": 0.237792700529,
        "mean": 0.045976318419,
        "median": 0.0451224967837,
        "min": 1.04774573795e-20,
        "var": 0.000498111534398
    },
    "spectral_energyband_high": {
        "dmean": 0.000299749866826,
        "dmean2": 0.000440976466052,
        "dvar": 1.9114730776e-07,
        "dvar2": 4.09193262385e-07,
        "max": 0.0138646746054,
        "mean": 0.000911859737244,
        "median": 0.000715726055205,
        "min": 7.73011753099e-21,
        "var": 6.34353455098e-07
    },
    "spectral_energyband_low": {
        "dmean": 0.00859011523426,
        "dmean2": 0.014660554938,
        "dvar": 0.00021602094057,
        "dvar2": 0.00059864675859,
        "max": 0.187845811248,
        "mean": 0.0261153560132,
        "median": 0.0253956876695,
        "min": 1.12312548879e-23,
        "var": 0.000308591872454
    },
    "spectral_energyband_middle_high": {
        "dmean": 0.00208375742659,
        "dmean2": 0.00312068243511,
        "dvar": 1.1217996871e-05,
        "dvar2": 2.55340110016e-05,
        "max": 0.0720994770527,
        "mean": 0.00720711052418,
        "median": 0.00519413733855,
        "min": 1.60774860804e-21,
        "var": 4.51988016721e-05
    },
    "spectral_energyband_middle_low": {
        "dmean": 0.0056155086495,
        "dmean2": 0.00957651156932,
        "dvar": 8.95906341611e-05,
        "dvar2": 0.000248527852818,
        "max": 0.110375203192,
        "mean": 0.0145069770515,
        "median": 0.0123741421849,
        "min": 3.08871179432e-22,
        "var": 0.000114290887723
    },
    "spectral_entropy": {
        "dmean": 0.11963185668,
        "dmean2": 0.166870132089,
        "dvar": 0.0225421898067,
        "dvar2": 0.0388366766274,
        "max": 9.80673313141,
        "mean": 7.66184663773,
        "median": 7.74782276154,
        "min": 5.63329124451,
        "var": 0.116647168994
    },
    "spectral_flux": {
        "dmean": 0.0290975011885,
        "dmean2": 0.0432183779776,
        "dvar": 0.00113982229959,
        "dvar2": 0.00205480540171,
        "max": 0.359719127417,
        "mean": 0.0919733047485,
        "median": 0.0814228132367,
        "min": 2.4515026098e-07,
        "var": 0.00258408137597
    },
    "spectral_kurtosis": {
        "dmean": 1.09907281399,
        "dmean2": 1.82947015762,
        "dvar": 1.1702542305,
        "dvar2": 2.98393154144,
        "max": 20.3028106689,
        "mean": 3.34787082672,
        "median": 2.93659043312,
        "min": -1.20141708851,
        "var": 3.71965360641
    },
    "spectral_rms": {
        "dmean": 0.000799845787697,
        "dmean2": 0.00132973771542,
        "dvar": 1.00176919204e-06,
        "dvar2": 2.64529739979e-06,
        "max": 0.0152313122526,
        "mean": 0.00644431216642,
        "median": 0.00663490407169,
        "min": 3.19717212774e-12,
        "var": 3.32618355969e-06
    },
    "spectral_rolloff": {
        "dmean": 293.434051514,
        "dmean2": 487.857940674,
        "dvar": 185251.71875,
        "dvar2": 414444.4375,
        "max": 18690.8203125,
        "mean": 985.338989258,
        "median": 839.794921875,
        "min": 86.1328125,
        "var": 596025.375
    },
    "spectral_skewness": {
        "dmean": 0.174088597298,
        "dmean2": 0.271722018719,
        "dvar": 0.0281988456845,
        "dvar2": 0.0615078508854,
        "max": 3.75980591774,
        "mean": 1.30398619175,
        "median": 1.1910841465,
        "min": -0.05519066751,
        "var": 0.199767515063
    },
    "spectral_spread": {
        "dmean": 357970.65625,
        "dmean2": 522606.9375,
        "dvar": 233545826304,
        "dvar2": 383794184192,
        "max": 39785308,
        "mean": 4411897.5,
        "median": 4209183,
        "min": 2265500.25,
        "var": 1.01998742733e+12
    },
    "spectral_strongpeak": {
        "dmean": 0.305907428265,
        "dmean2": 0.540907680988,
        "dvar": 0.518673360348,
        "dvar2": 1.3806374073,
        "max": 16.172542572,
        "mean": 0.697162270546,
        "median": 0.552053451538,
        "min": 0,
        "var": 0.498409807682
    },
    "zerocrossingrate": {
        "dmean": 0.00678558694199,
        "dmean2": 0.00834525562823,
        "dvar": 5.19474888279e-05,
        "dvar2": 7.94480074546e-05,
        "max": 0.50634765625,
        "mean": 0.0464010871947,
        "median": 0.0458984375,
        "min": 0.00341796875,
        "var": 0.000369055371266
    },
    "barkbands": {
        "dmean": [0.00017161485448, 0.00497304880992, 0.00454654823989, 0.0020196235273, 0.00263230013661, 0.000976343930233, 0.000936658703722, 0.000624933745712, 0.000939317164011, 0.000819598324597, 0.00054047012236, 0.000522684189491, 0.000324796885252, 0.000554758356884, 0.000321761646774, 0.000332309515215, 0.000206117736525, 0.000179611975909, 0.000186532124644, 0.000133735884447, 0.000113525413326, 9.7304036899e-05, 5.59616128157e-05, 2.4313956601e-05, 1.5858477127e-05, 1.51770445882e-05, 5.21098456829e-07],
        "dmean2": [0.000246180366958, 0.00828302837908, 0.00783398468047, 0.00342908292077, 0.00466816592962, 0.0016615241766, 0.00154288334306, 0.00101713847835, 0.00147121201735, 0.00131312175654, 0.000834015198052, 0.000801995221991, 0.00051498610992, 0.000872613745742, 0.000505629635882, 0.000524487462826, 0.000334001611918, 0.000293232384138, 0.000306864996674, 0.000214266576222, 0.000181113791768, 0.000148054372403, 8.33408776089e-05, 3.58129327651e-05, 2.31577905652e-05, 2.45193550654e-05, 8.77745321759e-07],
        "dvar": [1.6736586872e-07, 9.09337177291e-05, 6.28508496447e-05, 8.08918230177e-06, 3.80644814868e-05, 3.34613514497e-06, 3.09769052365e-06, 1.88211981822e-06, 5.52662322661e-06, 6.31320517641e-06, 2.01565603675e-06, 1.12383406758e-06, 3.75356989935e-07, 1.59800674737e-06, 6.05149466537e-07, 6.98699693658e-07, 1.00950288129e-07, 7.5340082617e-08, 5.68493767616e-08, 5.67116558159e-08, 2.91953305975e-08, 2.64289106156e-08, 8.2177544769e-09, 1.59721547099e-09, 7.21007642479e-10, 1.43497214111e-09, 1.83318204366e-12],
        "dvar2": [3.05616083551e-07, 0.000243763788603, 0.000172016385477, 2.16435346374e-05, 0.000108351603558, 8.98489543033e-06, 8.22034053272e-06, 4.67710697194e-06, 1.31024453367e-05, 1.59154315043e-05, 4.88198293169e-06, 2.53286884799e-06, 8.59410647536e-07, 3.78137860935e-06, 1.3722320773e-06, 1.49657955717e-06, 2.51150026997e-07, 1.85416965337e-07, 1.44800523572e-07, 1.32840000333e-07, 7.25939344193e-08, 5.86620885201e-08, 1.74412004839e-08, 3.34984040506e-09, 1.59479196515e-09, 3.83920717439e-09, 4.87383657738e-12],
        "max": [0.00556893832982, 0.124322548509, 0.109515994787, 0.0415994301438, 0.081555582583, 0.0328252539039, 0.0313942097127, 0.0351786911488, 0.063617810607, 0.0452164337039, 0.0384796820581, 0.0227504000068, 0.0157845858485, 0.0308960936964, 0.0188448280096, 0.0403241440654, 0.00796106830239, 0.00635993154719, 0.0063032861799, 0.0134471599013, 0.00893983710557, 0.00643449835479, 0.0016912643332, 0.000866871909238, 0.000434460962424, 0.000570580887143, 2.32521688304e-05],
        "mean": [0.000179502225365, 0.0108306612819, 0.0124905798584, 0.00489246100187, 0.00365539081395, 0.00160063558724, 0.00151628244203, 0.00103924423456, 0.00152425945271, 0.0012056294363, 0.000942117534578, 0.000973774935119, 0.000579982646741, 0.000989778083749, 0.000549604475964, 0.00061742507387, 0.000444554869318, 0.000395306095015, 0.000480476533994, 0.000317672442179, 0.000299468287267, 0.00022052609711, 0.000121705888887, 5.94266421103e-05, 3.18297206832e-05, 1.75554359885e-05, 5.45805619367e-07],
        "median": [1.63294662343e-05, 0.00724544655532, 0.00993344001472, 0.00337859382853, 0.00211001303978, 0.000813321676105, 0.000750309089199, 0.000369769404642, 0.000578498176765, 0.000396601884859, 0.000353100767825, 0.000395564333303, 0.000321060884744, 0.00033000233816, 0.000204461830435, 0.000273276993539, 0.000317910336889, 0.000290787254926, 0.000412858789787, 0.000240822977503, 0.000254527549259, 0.000132255794597, 6.64415420033e-05, 3.92655201722e-05, 2.14533174585e-05, 5.54621465199e-06, 1.02340742103e-07],
        "min": [6.16368027483e-24, 5.25621649909e-24, 1.72008990459e-24, 1.47732064314e-23, 6.58325882424e-23, 5.23189686401e-23, 4.22688807076e-23, 4.67492477733e-23, 6.86178541503e-23, 6.21131090742e-23, 1.45249310786e-22, 1.11655574473e-22, 4.7841542448e-23, 1.92026515789e-22, 1.53470364756e-22, 9.62256444939e-23, 8.38392282391e-23, 1.78627845843e-22, 3.55507020561e-22, 4.10580215011e-22, 4.23150568385e-22, 6.08716275495e-22, 6.00380047833e-22, 1.03099268502e-21, 1.13818668941e-21, 1.56156109234e-21, 2.33756454931e-21],
        "var": [2.31493558545e-07, 0.00012985955982, 0.000142215998494, 2.20055044338e-05, 3.25707405864e-05, 5.28215014128e-06, 4.62332718598e-06, 4.05507171308e-06, 8.59899228089e-06, 7.26113285054e-06, 3.87767522625e-06, 3.13229929816e-06, 7.0876387781e-07, 3.53481709681e-06, 1.18961531825e-06, 1.54321548962e-06, 2.63287347479e-07, 1.809400203e-07, 1.79954000146e-07, 1.3219600703e-07, 8.36502778157e-08, 6.76189628734e-08, 2.38493900184e-08, 4.46739933935e-09, 1.13772669064e-09, 1.19582488356e-09, 1.54502148922e-12]
    },
    "erbbands": {
        "dmean": [0.103778652847, 1.34348022938, 4.95211172104, 5.74318122864, 5.85199785233, 10.8223438263, 9.40094184875, 7.63274335861, 13.496670723, 11.7363500595, 14.777056694, 20.3838329315, 24.8332176208, 22.0089302063, 16.7950057983, 18.7666816711, 14.5483379364, 21.0335998535, 20.6224384308, 17.260969162, 15.3037319183, 11.0099925995, 10.2091026306, 9.42528438568, 7.69747972488, 6.21602582932, 4.98268413544, 4.44937849045, 3.59423661232, 2.74348378181, 1.30598425865, 0.640770971775, 0.375086694956, 0.194163292646, 0.107764042914, 0.0803484469652, 0.0252049863338, 0.0025878448505, 7.65018194215e-05, 1.47822065628e-05],
        "dmean2": [0.156396374106, 2.30360722542, 8.58774280548, 9.82713413239, 10.1562309265, 19.2049007416, 16.4573898315, 12.8858966827, 22.1879482269, 19.4161396027, 23.9245910645, 32.0623703003, 39.4786148071, 34.0489425659, 26.0822219849, 28.71459198, 22.8694496155, 32.7143859863, 32.1158447266, 27.2522754669, 24.3751316071, 17.7131462097, 16.6348323822, 15.505068779, 12.526638031, 9.92284870148, 8.047996521, 7.08962917328, 5.52106952667, 4.09893321991, 1.94395542145, 0.950015068054, 0.559090614319, 0.289416909218, 0.159811228514, 0.126882433891, 0.0418972820044, 0.00421600975096, 0.000127048420836, 2.46474355663e-05],
        "dvar": [0.0420002155006, 6.97343063354, 77.0631561279, 66.5352096558, 89.2393341064, 677.696166992, 463.299591064, 202.175613403, 676.603942871, 573.828186035, 1173.30981445, 2965.90698242, 6265.18457031, 2718.24047852, 1447.4864502, 1524.3494873, 627.944274902, 2187.64770508, 2204.34375, 1750.65869141, 1091.47167969, 347.717681885, 246.782562256, 149.300430298, 119.074943542, 171.058197021, 54.7733421326, 49.3821372986, 37.2134170532, 21.2281684875, 4.77774953842, 1.04095852375, 0.436591804028, 0.0999754220247, 0.0416669808328, 0.0377010703087, 0.00447560893372, 3.96468312829e-05, 4.47279617788e-08, 4.686639965e-10],
        "dvar2": [0.0846027880907, 19.4330806732, 215.395721436, 184.291595459, 253.415817261, 1928.06665039, 1292.55993652, 542.704040527, 1786.58605957, 1492.41931152, 2950.70922852, 7050.84179688, 16054.0087891, 6665.41210938, 3499.18994141, 3410.78100586, 1505.59533691, 5239.18261719, 5050.94677734, 3995.63354492, 2548.48754883, 837.151672363, 613.273742676, 385.634552002, 304.386199951, 386.678375244, 130.007293701, 127.98966217, 84.8181991577, 45.3792037964, 10.179599762, 2.17934656143, 0.952740132809, 0.215410754085, 0.0970470830798, 0.0988406687975, 0.0122408680618, 0.000105364641058, 1.21777432582e-07, 1.24214549757e-09],
        "max": [2.25688457489, 33.815246582, 128.334472656, 128.171463013, 126.041145325, 397.633880615, 352.27053833, 240.328292847, 562.149475098, 438.087219238, 1079.74304199, 1096.1282959, 1703.21069336, 1258.70996094, 1082.94494629, 971.511657715, 607.476318359, 1655.48352051, 998.235961914, 1275.7590332, 1028.82543945, 559.791870117, 373.660247803, 247.318450928, 438.930603027, 941.940124512, 357.127716064, 296.836883545, 255.359329224, 145.130859375, 43.8204536438, 21.1755714417, 14.3095254898, 4.42551279068, 3.16810631752, 2.84582328796, 1.07996296883, 0.0872498452663, 0.00475508160889, 0.000266983348411],
        "mean": [0.175050660968, 2.99360918999, 13.4476909637, 15.9211139679, 12.7677030563, 13.8278512955, 13.0254278183, 13.0631456375, 22.0357189178, 18.8456878662, 26.5377140045, 32.7232666016, 37.1313247681, 39.7053871155, 31.9848308563, 37.4334411621, 29.9951457977, 40.1963844299, 39.2341880798, 33.1606636047, 31.5318489075, 25.6192455292, 23.4458637238, 24.0829601288, 20.539981842, 15.0282039642, 12.6109800339, 11.072634697, 8.22869300842, 5.92876720428, 2.88132047653, 1.52867078781, 0.859004378319, 0.418276101351, 0.19267052412, 0.100356310606, 0.0278175342828, 0.00299174594693, 0.000102951016743, 5.63952016819e-05],
        "median": [0.0902457386255, 2.2452878952, 10.2600345612, 13.7690868378, 10.3112421036, 6.53570222855, 6.32876157761, 7.15318536758, 10.0429553986, 8.63823127747, 11.0800876617, 12.7432785034, 13.53951931, 18.6584014893, 15.5390882492, 16.7666397095, 17.2506599426, 17.2006416321, 15.7868013382, 12.4546833038, 17.6467170715, 17.8879966736, 17.5257167816, 20.1424503326, 17.3731536865, 11.6741886139, 10.6439609528, 8.94691085815, 5.14619731903, 3.24042463303, 1.56383240223, 0.971083164215, 0.5764503479, 0.29645165801, 0.114971466362, 0.0378491804004, 0.00769039615989, 0.000811841222458, 4.76961868117e-05, 5.43022142665e-05],
        "min": [2.19845739788e-22, 1.03648689297e-21, 2.33289913756e-21, 2.13067540939e-20, 1.03570030802e-19, 2.36988537966e-19, 3.78498616355e-19, 4.85620987222e-19, 3.95195282869e-19, 9.86158315636e-19, 1.05244205588e-18, 1.41483846424e-18, 2.09945697976e-18, 4.37131576997e-18, 4.90571539112e-18, 4.21816079801e-18, 3.08717494444e-18, 9.35334725799e-18, 8.78150572e-18, 6.86275110134e-18, 4.19284907127e-18, 5.5251123697e-18, 7.96683125113e-18, 1.39828562892e-17, 1.90975108856e-17, 2.34268766044e-17, 1.86760176958e-17, 1.69505520252e-17, 2.18293377243e-17, 1.73097320452e-17, 1.69244428964e-17, 1.95711776654e-17, 1.90004693649e-17, 8.47089360972e-18, 1.08861178961e-17, 6.44167232898e-18, 2.96460662999e-18, 1.11792715324e-18, 2.93848002695e-19, 3.69398666727e-20],
        "var": [0.064689733088, 8.6566400528, 135.980865479, 159.409927368, 122.035568237, 617.085205078, 465.660003662, 304.910858154, 1096.94311523, 884.755371094, 2327.37011719, 4419.94970703, 6752.34326172, 4332.45214844, 2989.96533203, 4529.23925781, 1529.46813965, 4630.24316406, 4870.94091797, 3790.66577148, 2264.13208008, 972.379577637, 608.567138672, 456.825408936, 386.082366943, 329.780914307, 160.701339722, 117.464630127, 90.056060791, 59.8702049255, 13.3945789337, 2.98381590843, 1.01178646088, 0.176452577114, 0.0559959188104, 0.0337793901563, 0.00341761810705, 3.43010287907e-05, 3.40798287368e-08, 7.63886620625e-10]
    },
    "gfcc": {
        "mean": [27.7922267914, 102.743362427, -117.985679626, 49.8940048218, -53.2807159424, 21.0931758881, -30.4009914398, 7.27104330063, -24.8578777313, -0.124689944088, -18.8030719757, -4.00652170181, -14.0561885834],
        "cov": [[5021.52978516, -151.615158081, -281.528625488, -2.43470859528, -61.5093650818, 104.568656921, 15.6101388931, 93.4886474609, -53.3888626099, 18.8158302307, -130.413406372, 29.8530006409, 24.3768920898], [-151.615158081, 293.239898682, -29.2568054199, -15.7568063736, 52.2536277771, -7.47993898392, 38.1403884888, -8.98987007141, 44.7795944214, -18.3517169952, 43.4991073608, -38.7792854309, 31.6029396057], [-281.528625488, -29.2568054199, 943.58807373, -34.4457359314, 111.473800659, 150.341598511, -20.0018367767, 15.9782829285, -52.0701828003, 49.0294342041, -103.384941101, 52.5288238525, -109.749481201], [-2.43470859528, -15.7568063736, -34.4457359314, 394.931610107, 14.7462863922, 34.7029685974, 43.4154472351, 0.204280748963, 45.1647567749, -43.8771286011, 53.3399085999, -49.2473220825, 39.5578308105], [-61.5093650818, 52.2536277771, 111.473800659, 14.7462863922, 203.459503174, 83.2661209106, 42.4497070312, 18.2650222778, -15.617729187, 11.0641975403, -23.4488792419, -6.86922597885, -8.61694431305], [104.568656921, -7.47993898392, 150.341598511, 34.7029685974, 83.2661209106, 177.494644165, 65.3407974243, 5.23997831345, -13.4456329346, -9.72591686249, -11.7369909286, -11.698589325, -18.9004631042], [15.6101388931, 38.1403884888, -20.0018367767, 43.4154472351, 42.4497070312, 65.3407974243, 108.168792725, 27.4677600861, -3.39608359337, -14.5856666565, 5.54447984695, -18.5483779907, 0.695868194103], [93.4886474609, -8.98987007141, 15.9782829285, 0.204280748963, 18.2650222778, 5.23997831345, 27.4677600861, 77.7492752075, 17.4374389648, 4.88960981369, -14.7471389771, 0.286242246628, -0.998155236244], [-53.3888626099, 44.7795944214, -52.0701828003, 45.1647567749, -15.617729187, -13.4456329346, -3.39608359337, 17.4374389648, 101.584602356, 12.4501905441, 19.443365097, -7.94513750076, 14.5708065033], [18.8158302307, -18.3517169952, 49.0294342041, -43.8771286011, 11.0641975403, -9.72591686249, -14.5856666565, 4.88960981369, 12.4501905441, 67.3938293457, 4.52751779556, 17.2726860046, -10.8143339157], [-130.413406372, 43.4991073608, -103.384941101, 53.3399085999, -23.4488792419, -11.7369909286, 5.54447984695, -14.7471389771, 19.443365097, 4.52751779556, 85.852180481, 2.48354721069, 19.3219413757], [29.8530006409, -38.7792854309, 52.5288238525, -49.2473220825, -6.86922597885, -11.698589325, -18.5483779907, 0.286242246628, -7.94513750076, 17.2726860046, 2.48354721069, 67.9276885986, 4.31704330444], [24.3768920898, 31.6029396057, -109.749481201, 39.5578308105, -8.61694431305, -18.9004631042, 0.695868194103, -0.998155236244, 14.5708065033, -10.8143339157, 19.3219413757, 4.31704330444, 72.018157959]],
        "icov": [[0.000289284304017, -0.000535138766281, 0.000460827519419, -0.000470785336802, 0.000523353810422, -0.000864054192789, 0.000592546886764, -0.000625142536592, 0.000667816959321, -0.000839913322125, 0.00127190886997, -0.000839916290715, 0.000367098633433], [-0.000535138766281, 0.0100584859028, -0.00344123505056, 0.00524330278859, -0.00498256320134, 0.00624599354342, -0.00621324172243, 0.00448653753847, -0.00700707687065, 0.00739545421675, -0.010263887234, 0.00938280206174, -0.00647215452045], [0.000460827519419, -0.00344123505056, 0.00353375333361, -0.0027398923412, 0.00174015969969, -0.0044390396215, 0.00370939238928, -0.00227865995839, 0.00321651622653, -0.00424417946488, 0.00626239040866, -0.00551697099581, 0.00458246795461], [-0.000470785336802, 0.00524330278859, -0.0027398923412, 0.00676536094397, -0.00310725718737, 0.00374472816475, -0.00421161018312, 0.00273377145641, -0.0053404760547, 0.00660670921206, -0.0086118709296, 0.00774806318805, -0.00542473234236], [0.000523353810422, -0.00498256320134, 0.00174015969969, -0.00310725718737, 0.00945806782693, -0.00610969634727, 0.00225223554298, -0.00341525441036, 0.00478998059407, -0.00638920394704, 0.00724078342319, -0.0043600439094, 0.00221720268019], [-0.000864054192789, 0.00624599354342, -0.0044390396215, 0.00374472816475, -0.00610969634727, 0.0154022909701, -0.0102308820933, 0.00575303053483, -0.00552799319848, 0.00732343364507, -0.00857735797763, 0.00735008018091, -0.00370147172362], [0.000592546886764, -0.00621324172243, 0.00370939238928, -0.00421161018312, 0.00225223554298, -0.0102308820933, 0.0199781619012, -0.00921970792115, 0.00648686476052, -0.00377989467233, 0.00527056166902, -0.00454317871481, 0.00473397457972], [-0.000625142536592, 0.00448653753847, -0.00227865995839, 0.00273377145641, -0.00341525441036, 0.00575303053483, -0.00921970792115, 0.0193523038179, -0.00741895800456, 0.00299316667952, -0.00177964358591, 0.00325587997213, -0.00303999264725], [0.000667816959321, -0.00700707687065, 0.00321651622653, -0.0053404760547, 0.00478998059407, -0.00552799319848, 0.00648686476052, -0.00741895800456, 0.0178418066353, -0.00942331831902, 0.00650713173673, -0.00527540873736, 0.00318634905852], [-0.000839913322125, 0.00739545421675, -0.00424417946488, 0.00660670921206, -0.00638920394704, 0.00732343364507, -0.00377989467233, 0.00299316667952, -0.00942331831902, 0.0264196451753, -0.0130082825199, 0.00506433285773, -0.002761940239], [0.00127190886997, -0.010263887234, 0.00626239040866, -0.0086118709296, 0.00724078342319, -0.00857735797763, 0.00527056166902, -0.00177964358591, 0.00650713173673, -0.0130082825199, 0.0300108958036, -0.0142394732684, 0.0064188237302], [-0.000839916290715, 0.00938280206174, -0.00551697099581, 0.00774806318805, -0.0043600439094, 0.00735008018091, -0.00454317871481, 0.00325587997213, -0.00527540873736, 0.00506433285773, -0.0142394732684, 0.0292229745537, -0.0111035620794], [0.000367098633433, -0.00647215452045, 0.00458246795461, -0.00542473234236, 0.00221720268019, -0.00370147172362, 0.00473397457972, -0.00303999264725, 0.00318634905852, -0.002761940239, 0.0064188237302, -0.0111035620794, 0.0236542578787]]
    },
    "melbands": {
        "dmean": [0.00111424794886, 0.00227244151756, 0.000926103268284, 0.00058611354325, 0.000365654443158, 0.000177735477337, 0.000196006600163, 0.000129248393932, 0.000131693625008, 0.0001271089277, 0.000128545492771, 9.53181297518e-05, 6.9034351327e-05, 5.06301075802e-05, 5.34827704541e-05, 3.13826240017e-05, 4.43401004304e-05, 4.07742481912e-05, 2.44386974373e-05, 2.6310535759e-05, 1.77550864464e-05, 1.33975745484e-05, 1.02452358988e-05, 9.38136236073e-06, 8.62775141286e-06, 7.3148617048e-06, 5.50325512449e-06, 4.48857144875e-06, 3.57584190169e-06, 3.02475814351e-06, 2.71739804703e-06, 2.25010603572e-06, 1.93212849808e-06, 1.54240683514e-06, 8.74725230915e-07, 5.48871298633e-07, 3.74242233647e-07, 2.89007346055e-07, 2.2917842557e-07, 1.57052184591e-07],
        "dmean2": [0.00179208396003, 0.00393601460382, 0.00158168247435, 0.00103552325163, 0.000643525156192, 0.000298807659419, 0.000323418207699, 0.000211531543755, 0.000211842649151, 0.000199467569473, 0.000204231284442, 0.000147926417412, 0.000107268162537, 7.77014211053e-05, 8.265885117e-05, 4.98895497003e-05, 6.93526453688e-05, 6.37038901914e-05, 3.79386619898e-05, 4.12665358454e-05, 2.86297872663e-05, 2.1669173293e-05, 1.69176728377e-05, 1.53223718371e-05, 1.43520001075e-05, 1.21109824249e-05, 8.95157700143e-06, 7.30773717805e-06, 5.85104226047e-06, 4.8955434977e-06, 4.3667087084e-06, 3.51876155946e-06, 2.98811778521e-06, 2.33974697039e-06, 1.33921867018e-06, 8.3447491761e-07, 5.68758707686e-07, 4.39800601271e-07, 3.51617984506e-07, 2.37353233956e-07],
        "dvar": [4.41347447122e-06, 1.65765632119e-05, 1.62117760283e-06, 1.62372316481e-06, 7.40953851164e-07, 1.0268493611e-07, 1.39262724019e-07, 6.7768560541e-08, 1.03912896066e-07, 1.08638786855e-07, 1.64029231087e-07, 5.83531587495e-08, 3.23003348512e-08, 1.1321351856e-08, 1.50233496754e-08, 3.14139514401e-09, 1.04524886524e-08, 9.98028770738e-09, 3.80365694497e-09, 6.00422378483e-09, 1.35711752947e-09, 5.28833477009e-10, 2.20229862125e-10, 2.79706091622e-10, 1.28212038208e-10, 9.38861349775e-11, 8.82000306124e-11, 9.58666618311e-11, 2.90300890965e-11, 1.96180138107e-11, 1.75511393613e-11, 1.40413999872e-11, 1.16506197051e-11, 6.40610915009e-12, 2.17041033583e-12, 8.9252026993e-13, 3.57903539704e-13, 2.61517776835e-13, 1.5652304214e-13, 6.58864510259e-14],
        "dvar2": [1.0922821275e-05, 4.68237230962e-05, 4.51313644589e-06, 4.61926765638e-06, 2.09099607673e-06, 2.74788192201e-07, 3.70374465319e-07, 1.72904734086e-07, 2.58233853856e-07, 2.5873404752e-07, 4.17864640667e-07, 1.43735007896e-07, 7.89373899579e-08, 2.35857022801e-08, 3.47069502027e-08, 7.34003391401e-09, 2.55124561477e-08, 2.29320793466e-08, 8.6386169329e-09, 1.25487353841e-08, 3.34597505258e-09, 1.28209620698e-09, 5.76082570536e-10, 6.61389887302e-10, 3.38791134036e-10, 2.44724740472e-10, 2.19053442052e-10, 2.19187168415e-10, 7.02302174749e-11, 4.94681517971e-11, 4.55482943029e-11, 3.32866512132e-11, 2.61615087233e-11, 1.40866806067e-11, 4.87501618934e-12, 1.96071024e-12, 7.86244441948e-13, 5.85054357391e-13, 3.53055502585e-13, 1.44116164315e-13],
        "max": [0.0248542688787, 0.0532022863626, 0.0194200370461, 0.0185220912099, 0.0117747113109, 0.00491115637124, 0.00753580126911, 0.0050658620894, 0.0124152451754, 0.00673365825787, 0.0086175641045, 0.00596587220207, 0.00538280932233, 0.00271423044614, 0.00340967439115, 0.001415436971, 0.00370771833695, 0.00230371532962, 0.00165830180049, 0.00411419849843, 0.00108233559877, 0.000677367614117, 0.000378990807803, 0.000486646837089, 0.00022539019119, 0.000290850934107, 0.000253915437497, 0.000697917246725, 0.000194592241314, 0.000219654728426, 0.000144398407429, 0.000147157377796, 0.000122670302517, 6.31947405054e-05, 2.78037041426e-05, 2.61246386799e-05, 1.37792467285e-05, 1.15600469144e-05, 8.04814408184e-06, 4.43916542281e-06],
        "mean": [0.00226824567653, 0.00617774343118, 0.00279464852065, 0.000937960576266, 0.000496093649417, 0.000311473879265, 0.000315605662763, 0.000210881291423, 0.000234233099036, 0.000198904977879, 0.000187587400433, 0.000165372999618, 0.000122412500787, 9.19664016692e-05, 9.73122441792e-05, 5.86808018852e-05, 7.90735066403e-05, 7.11737739039e-05, 4.25049220212e-05, 4.63986471004e-05, 3.38250829373e-05, 2.74880749203e-05, 2.16297230509e-05, 1.9138216885e-05, 1.97893714358e-05, 1.73238604475e-05, 1.21981856864e-05, 9.38962148211e-06, 7.88249235484e-06, 7.17912325854e-06, 6.05518198427e-06, 4.7028197514e-06, 3.98725796913e-06, 3.0483545288e-06, 1.75215018317e-06, 1.14418548947e-06, 8.32380408156e-07, 6.20691025688e-07, 4.6493508421e-07, 3.16522232424e-07],
        "median": [0.00140332523733, 0.00568996602669, 0.00259863259271, 0.000635980803054, 0.00025220628595, 0.000171481195139, 0.000149879982928, 8.98454454727e-05, 9.21585742617e-05, 7.55086148274e-05, 6.08142727287e-05, 7.29750900064e-05, 5.09387464263e-05, 4.01070137741e-05, 3.76309690182e-05, 3.29894683091e-05, 2.91689248115e-05, 2.37335152633e-05, 1.51487683979e-05, 1.62720352819e-05, 2.02050814551e-05, 1.79175331141e-05, 1.65178589668e-05, 1.26152717712e-05, 1.60691270139e-05, 1.45324302139e-05, 8.69576706464e-06, 6.99267002346e-06, 6.23476171313e-06, 6.02965974394e-06, 4.47491584055e-06, 2.90510092782e-06, 2.16316425394e-06, 1.58959483088e-06, 8.87971282282e-07, 6.63646005705e-07, 5.286909186e-07, 4.09986341765e-07, 3.1381438248e-07, 2.20055440536e-07],
        "min": [1.87982989916e-24, 1.05205399245e-24, 6.46488196237e-24, 1.13868387688e-23, 1.3923265604e-23, 1.04270924477e-23, 7.03381515253e-24, 1.13005145088e-23, 8.0115609129e-24, 9.47017419298e-24, 9.94032188186e-24, 1.61424559704e-23, 1.77098626356e-23, 1.49493480274e-23, 6.05177680555e-24, 9.18622528787e-24, 1.73934631483e-23, 1.42073880585e-23, 9.35662713201e-24, 7.61894247379e-24, 4.39711305228e-24, 4.99147044056e-24, 6.96280820473e-24, 7.76587570599e-24, 1.13119080269e-23, 1.50719370121e-23, 1.13460231056e-23, 1.6522713748e-23, 1.23056021882e-23, 1.01924931031e-23, 1.01625392657e-23, 1.40021122514e-23, 9.18405434266e-24, 1.01929388095e-23, 1.03586406204e-23, 8.92804136878e-24, 1.20059888721e-23, 1.58322616629e-23, 7.61168258688e-24, 6.4889528696e-24],
        "var": [6.59905981593e-06, 2.25918101933e-05, 3.72869180865e-06, 1.53731423325e-06, 6.62914828808e-07, 1.64608238151e-07, 2.12819458056e-07, 1.2580763098e-07, 2.04398006076e-07, 1.57044453886e-07, 1.82389129577e-07, 8.39551077547e-08, 6.12633428432e-08, 3.04718277278e-08, 4.03936830651e-08, 6.66469723853e-09, 2.11154116414e-08, 2.1777601944e-08, 7.87063925145e-09, 1.33511086631e-08, 2.47581777302e-09, 1.40904021784e-09, 4.99952190758e-10, 5.99163330062e-10, 3.38009426004e-10, 2.57057847231e-10, 2.23024473889e-10, 1.59730728644e-10, 7.19810322458e-11, 5.01130664743e-11, 3.86894925819e-11, 3.00570401901e-11, 2.8545377867e-11, 1.68313314675e-11, 5.53162854064e-12, 2.05244371845e-12, 9.30854894034e-13, 5.73311309451e-13, 2.91195019486e-13, 1.07026461803e-13]
    },
    "mfcc": {
        "mean": [-609.182312012, 121.474533081, 1.27616620064, 33.3990402222, 4.29508829117, 15.89149189, 5.77419710159, 8.18293571472, 1.80011987686, 1.0959482193, 1.30147695541, -1.28119218349, -3.05665040016],
        "cov": [[4522.40380859, -101.972694397, -529.102661133, 71.7519073486, -201.874435425, -13.0405445099, -34.2361907959, 70.0452575684, 57.7450141907, 45.5830612183, -33.8488426208, -47.1021156311, -15.9246473312], [-101.972694397, 441.197784424, 34.0643424988, -99.6847915649, 45.0974121094, 4.00596046448, 18.8690280914, -13.5388832092, 11.0685873032, 5.05691576004, 17.2807617188, -11.7821760178, -13.7454538345], [-529.102661133, 34.0643424988, 637.557678223, 25.5634479523, 124.813987732, 113.846221924, 24.4481296539, 39.91223526, 0.536308050156, 10.2212381363, 19.7270431519, 5.89065742493, -2.43583106995], [71.7519073486, -99.6847915649, 25.5634479523, 234.345397949, 39.4017028809, 17.9094200134, 14.8375453949, 17.4394874573, 22.2665634155, 9.89278316498, -2.20210266113, 24.1424503326, 17.6801586151], [-201.874435425, 45.0974121094, 124.813987732, 39.4017028809, 157.316589355, 75.3014602661, 37.084602356, 23.433555603, 23.4744377136, 14.0464639664, 7.4799246788, 2.87327718735, -0.252473413944], [-13.0405445099, 4.00596046448, 113.846221924, 17.9094200134, 75.3014602661, 152.582611084, 73.5237426758, 39.157989502, 12.0042409897, 18.8874206543, 12.6925525665, -5.64180517197, -13.2208995819], [-34.2361907959, 18.8690280914, 24.4481296539, 14.8375453949, 37.084602356, 73.5237426758, 146.836746216, 48.6822814941, 14.3970508575, 6.1086397171, 6.71010875702, -1.24008619785, -17.5999717712], [70.0452575684, -13.5388832092, 39.91223526, 17.4394874573, 23.433555603, 39.157989502, 48.6822814941, 91.9186935425, 29.3191547394, 17.6772823334, 3.56994557381, -2.01721668243, -1.63642930984], [57.7450141907, 11.0685873032, 0.536308050156, 22.2665634155, 23.4744377136, 12.0042409897, 14.3970508575, 29.3191547394, 79.3021697998, 26.0922031403, -1.12145960331, -3.44152545929, -1.48314964771], [45.5830612183, 5.05691576004, 10.2212381363, 9.89278316498, 14.0464639664, 18.8874206543, 6.1086397171, 17.6772823334, 26.0922031403, 69.3863830566, 23.6356067657, -2.11227035522, -3.31673526764], [-33.8488426208, 17.2807617188, 19.7270431519, -2.20210266113, 7.4799246788, 12.6925525665, 6.71010875702, 3.56994557381, -1.12145960331, 23.6356067657, 53.9384078979, 18.6727695465, -1.17048180103], [-47.1021156311, -11.7821760178, 5.89065742493, 24.1424503326, 2.87327718735, -5.64180517197, -1.24008619785, -2.01721668243, -3.44152545929, -2.11227035522, 18.6727695465, 55.1122550964, 22.564458847], [-15.9246473312, -13.7454538345, -2.43583106995, 17.6801586151, -0.252473413944, -13.2208995819, -17.5999717712, -1.63642930984, -1.48314964771, -3.31673526764, -1.17048180103, 22.564458847, 49.4396324158]],
