{
"lowlevel": {
    "average_loudness": 0.834408283234,
    "barkbands_crest": {
        "dmean": 2.37487316132,
        "dmean2": 3.77573633194,
        "dvar": 4.92750120163,
        "dvar2": 11.8635854721,
        "max": 26.3163337708,
        "mean": 9.59951591492,
        "median": 8.81095123291,
        "min": 2.2227909565,
        "var": 14.0780248642
    },
    "barkbands_flatness_db": {
        "dmean": 0.0185417737812,
        "dmean2": 0.0281272176653,
        "dvar": 0.000319778220728,
        "dvar2": 0.000697051174939,
        "max": 0.475096315145,
        "mean": 0.14283503592,
        "median": 0.138663887978,
        "min": 0.0480223074555,
        "var": 0.00194161408581
    },
    "barkbands_kurtosis": {
        "dmean": 2.28010201454,
        "dmean2": 3.5399992466,
        "dvar": 13.7418422699,
        "dvar2": 30.8064250946,
        "max": 107.797698975,
        "mean": 3.89906978607,
        "median": 2.34441781044,
        "min": -1.9364938736,
        "var": 36.2107772827
    },
    "barkbands_skewness": {
        "dmean": 0.444967836142,
        "dmean2": 0.674161791801,
        "dvar": 0.20611537993,
        "dvar2": 0.453682184219,
        "max": 8.24179553986,
        "mean": 1.53428685665,
        "median": 1.48679935932,
        "min": -4.68361997604,
        "var": 1.19999969006
    },
    "barkbands_spread": {
        "dmean": 4.78837203979,
        "dmean2": 7.11672878265,
        "dvar": 29.3344364166,
        "dvar2": 59.2696685791,
        "max": 130.285430908,
        "mean": 21.6240215302,
        "median": 19.3685379028,
        "min": 0.186148419976,
        "var": 146.226211548
    },
    "dissonance": {
        "dmean": 0.0185770820826,
        "dmean2": 0.0314391888678,
        "dvar": 0.000377823191229,
        "dvar2": 0.00102386635263,
        "max": 0.500000059605,
        "mean": 0.464783757925,
        "median": 0.471796512604,
        "min": 0.236272633076,
        "var": 0.000783038674854
    },
    "dynamic_complexity": 2.95453310013,
    "erbbands_crest": {
        "dmean": 2.50953769684,
        "dmean2": 4.00644731522,
        "dvar": 6.06037139893,
        "dvar2": 14.5072927475,
        "max": 32.4990844727,
        "mean": 8.8727645874,
        "median": 7.4771323204,
        "min": 2.26802635193,
        "var": 23.4951934814
    },
    "erbbands_flatness_db": {
        "dmean": 0.0155670968816,
        "dmean2": 0.0225909985602,
        "dvar": 0.000273071607808,
        "dvar2": 0.00053288997151,
        "max": 0.547204732895,
        "mean": 0.148587405682,
        "median": 0.13892814517,
        "min": 0.0576789788902,
        "var": 0.00273621920496
    },
    "erbbands_kurtosis": {
        "dmean": 0.916601479053,
        "dmean2": 1.4672358036,
        "dvar": 3.79915976524,
        "dvar2": 9.29894542694,
        "max": 65.4097061157,
        "mean": 0.576832532883,
        "median": -0.320215702057,
        "min": -1.73717069626,
        "var": 9.6986541748
    },
    "erbbands_skewness": {
        "dmean": 0.34727910161,
        "dmean2": 0.536918818951,
        "dvar": 0.112997449934,
        "dvar2": 0.259351462126,
        "max": 6.11357450485,
        "mean": 0.378847390413,
        "median": 0.334966391325,
        "min": -3.79837393761,
        "var": 0.601352453232
    },
    "erbbands_spread": {
        "dmean": 7.20728445053,
        "dmean2": 11.0359172821,
        "dvar": 57.766418457,
        "dvar2": 125.91078186,
        "max": 147.85357666,
        "mean": 40.8859710693,
        "median": 40.4051399231,
        "min": 0.47996583581,
        "var": 335.994049072
    },
    "hfc": {
        "dmean": 5.48142147064,
        "dmean2": 7.50468158722,
        "dvar": 57.4523620605,
        "dvar2": 101.821151733,
        "max": 210.274902344,
        "mean": 20.9919929504,
        "median": 16.4854621887,
        "min": 1.02276343175e-16,
        "var": 333.297912598
    },
    "melbands_crest": {
        "dmean": 2.85119700432,
        "dmean2": 4.60521268845,
        "dvar": 6.49102735519,
        "dvar2": 16.0497646332,
        "max": 33.7931060791,
        "mean": 13.7760868073,
        "median": 13.4400701523,
        "min": 1.57894647121,
        "var": 20.9774494171
    },
    "melbands_flatness_db": {
        "dmean": 0.0217377841473,
        "dmean2": 0.0314283147454,
        "dvar": 0.000444761360995,
        "dvar2": 0.000922257895581,
        "max": 0.48666498065,
        "mean": 0.194026857615,
        "median": 0.194104790688,
        "min": 0.00240542506799,
        "var": 0.00342364911921
    },
    "melbands_kurtosis": {
        "dmean": 5.88719272614,
        "dmean2": 9.12492084503,
        "dvar": 116.302406311,
        "dvar2": 266.97076416,
        "max": 289.802368164,
        "mean": 12.8169021606,
        "median": 8.47783184052,
        "min": -1.79414796829,
        "var": 285.118713379
    },
    "melbands_skewness": {
        "dmean": 0.63186198473,
        "dmean2": 0.963700473309,
        "dvar": 0.454436570406,
        "dvar2": 1.01971399784,
        "max": 14.0267343521,
        "mean": 2.62663221359,
        "median": 2.50832653046,
        "min": -2.79829883575,
        "var": 2.37940621376
    },
    "melbands_spread": {
        "dmean": 5.45804166794,
        "dmean2": 8.31585121155,
        "dvar": 50.5227432251,
        "dvar2": 109.982765198,
        "max": 238.780776978,
        "mean": 22.7844734192,
        "median": 18.324836731,
        "min": 0.46995022893,
        "var": 418.976409912
    },
    "pitch_salience": {
        "dmean": 0.0659518018365,
        "dmean2": 0.106097623706,
        "dvar": 0.00364431994967,
        "dvar2": 0.00919921789318,
        "max": 0.996287822723,
        "mean": 0.559532225132,
        "median": 0.557777583599,
        "min": 0.0881587862968,
        "var": 0.0113638117909
    },
    "silence_rate_20dB": {
        "dmean": 0,
        "dmean2": 0,
        "dvar": 0,
        "dvar2": 0,
        "max": 1,
        "mean": 1,
        "median": 1,
        "min": 1,
        "var": 0
    },
    "silence_rate_30dB": {
        "dmean": 0.0074572423473,
        "dmean2": 0.0149156935513,
        "dvar": 0.0074011143297,
        "dvar2": 0.0184242576361,
        "max": 1,
        "mean": 0.994002282619,
        "median": 1,
        "min": 0,
        "var": 0.00596205005422
    },
    "silence_rate_60dB": {
        "dmean": 0.017346194014,
        "dmean2": 0.0346952006221,
        "dvar": 0.0170491635799,
        "dvar2": 0.038829356432,
        "max": 1,
        "mean": 0.0899659618735,
        "median": 0,
        "min": 0,
        "var": 0.0818940848112
    },
    "spectral_centroid": {
        "dmean": 215.18927002,
        "dmean2": 327.71182251,
        "dvar": 57471.4648438,
        "dvar2": 121625.765625,
        "max": 11950.6503906,
        "mean": 1414.23620605,
        "median": 1130.47338867,
        "min": 200.407470703,
        "var": 2201644.5
    },
    "spectral_complexity": {
        "dmean": 3.27713394165,
        "dmean2": 4.76783418655,
        "dvar": 11.3839254379,
        "dvar2": 18.899936676,
        "max": 56,
        "mean": 19.4176521301,
        "median": 19,
        "min": 0,
        "var": 102.462371826
    },
    "spectral_decrease": {
        "dmean": 2.35262764825e-09,
        "dmean2": 3.6386822444e-09,
        "dvar": 1.03031243091e-17,
        "dvar2": 2.38676861159e-17,
        "max": 2.11063577422e-28,
        "mean": -7.62650476105e-09,
        "median": -6.67614985517e-09,
        "min": -5.05418782382e-08,
        "var": 3.23351982113e-17
    },
    "spectral_energy": {
        "dmean": 0.00923857372254,
        "dmean2": 0.0142310019583,
        "dvar": 0.000155967878527,
        "dvar2": 0.000359119847417,
        "max": 0.194325461984,
        "mean": 0.0306881796569,
        "median": 0.0270594954491,
        "min": 9.84250740208e-21,
        "var": 0.000511068268679
    },
    "spectral_energyband_high": {
        "dmean": 0.000337606208632,
        "dmean2": 0.00040995440213,
        "dvar": 3.90272020923e-07,
        "dvar2": 6.09237929439e-07,
        "max": 0.0267651956528,
        "mean": 0.000898862548638,
        "median": 0.000423374585807,
        "min": 6.90293530285e-21,
        "var": 1.73832802375e-06
    },
    "spectral_energyband_low": {
        "dmean": 0.00484015792608,
        "dmean2": 0.00748783489689,
        "dvar": 8.06123571238e-05,
        "dvar2": 0.000192149891518,
        "max": 0.165889203548,
        "mean": 0.0118891298771,
        "median": 0.00849746726453,
        "min": 1.50725807226e-23,
        "var": 0.000158606446348
    },
    "spectral_energyband_middle_high": {
        "dmean": 0.0019015109865,
        "dmean2": 0.00287459976971,
        "dvar": 1.26405257106e-05,
        "dvar2": 3.06290312437e-05,
        "max": 0.0697188973427,
        "mean": 0.00593219790608,
        "median": 0.00357769662514,
        "min": 1.1095173889e-21,
        "var": 5.70563061046e-05
    },
    "spectral_energyband_middle_low": {
        "dmean": 0.005632778164,
        "dmean2": 0.00903406739235,
        "dvar": 6.40737853246e-05,
        "dvar2": 0.000158824681421,
        "max": 0.132706016302,
        "mean": 0.0132152419537,
        "median": 0.00989992544055,
        "min": 1.52970201698e-22,
        "var": 0.000155301313498
    },
    "spectral_entropy": {
        "dmean": 0.140262037516,
        "dmean2": 0.200779750943,
        "dvar": 0.0207606870681,
        "dvar2": 0.0401207655668,
        "max": 9.82545089722,
        "mean": 7.66704177856,
        "median": 7.64389848709,
        "min": 4.8300204277,
        "var": 0.22981017828
    },
    "spectral_flux": {
        "dmean": 0.0228648241609,
        "dmean2": 0.0359089486301,
        "dvar": 0.000686139857862,
        "dvar2": 0.0015054687392,
        "max": 0.326004683971,
        "mean": 0.082023717463,
        "median": 0.0758984088898,
        "min": 6.35745692201e-11,
        "var": 0.00201359810308
    },
    "spectral_kurtosis": {
        "dmean": 1.42398774624,
        "dmean2": 2.3740708828,
        "dvar": 5.60646724701,
        "dvar2": 14.8590764999,
        "max": 59.0024375916,
        "mean": 3.94520139694,
        "median": 3.31522059441,
        "min": -1.27702105045,
        "var": 11.0489339828
    },
    "spectral_rms": {
        "dmean": 0.000776605971623,
        "dmean2": 0.0011727042729,
        "dvar": 7.68408938256e-07,
        "dvar2": 1.68110807408e-06,
        "max": 0.0137690166011,
        "mean": 0.00503018125892,
        "median": 0.00513804517686,
        "min": 3.09878143111e-12,
        "var": 4.63697233499e-06
    },
    "spectral_rolloff": {
        "dmean": 383.040374756,
        "dmean2": 619.573791504,
        "dvar": 457536.375,
        "dvar2": 942965.9375,
        "max": 19616.7480469,
        "mean": 1571.66503906,
        "median": 925.927734375,
        "min": 64.599609375,
        "var": 7438063
    },
    "spectral_skewness": {
        "dmean": 0.19362296164,
        "dmean2": 0.310977190733,
        "dvar": 0.0521709136665,
        "dvar2": 0.13233423233,
        "max": 5.69474172592,
        "mean": 1.48531401157,
        "median": 1.44907712936,
        "min": -0.109795235097,
        "var": 0.219276338816
    },
    "spectral_spread": {
        "dmean": 480942.1875,
        "dmean2": 674683.375,
        "dvar": 427860099072,
        "dvar2": 777062055936,
        "max": 43165240,
        "mean": 5556683,
        "median": 4733722,
        "min": 1179532.125,
        "var": 2.83708342927e+13
    },
    "spectral_strongpeak": {
        "dmean": 0.494913041592,
        "dmean2": 0.845563411713,
        "dvar": 0.907279968262,
        "dvar2": 2.2338757515,
        "max": 17.6179962158,
        "mean": 0.903640627861,
        "median": 0.36956101656,
        "min": 0,
        "var": 1.78744912148
    },
    "zerocrossingrate": {
        "dmean": 0.00863157957792,
        "dmean2": 0.00987051706761,
        "dvar": 0.000109214612166,
        "dvar2": 0.000139013805892,
        "max": 0.54052734375,
        "mean": 0.0647004321218,
        "median": 0.05078125,
        "min": 0.00634765625,
        "var": 0.00477844430134
    },
    "barkbands": {
        "dmean": [0.000113058842544, 0.00333171966486, 0.00191979133524, 0.0014299491886, 0.00273585226387, 0.00119711144362, 0.000910254835617, 0.00087118439842, 0.000844685651828, 0.000985442311503, 0.000368198670913, 0.000364844017895, 0.000232457110542, 0.000313213851769, 0.000238737877226, 0.000350535963662, 0.000198465873837, 0.000133054039907, 0.000122994955746, 8.11648205854e-05, 7.97382963356e-05, 8.48048803164e-05, 7.72471539676e-05, 6.80332668708e-05, 3.92522779293e-05, 1.78669979505e-05, 1.25799548556e-09],
        "dmean2": [0.000174606728251, 0.00509677315131, 0.00323288794607, 0.00246356590651, 0.00457014795393, 0.00195225432981, 0.00139004644006, 0.0013512680307, 0.00134440604597, 0.00156521331519, 0.000581342319492, 0.000567818060517, 0.000377091579139, 0.000495979271363, 0.00038433514419, 0.000548877404071, 0.000319763639709, 0.000214865242015, 0.000191146929865, 0.000122929413919, 0.000117394076369, 0.000124974714709, 0.000104564060166, 8.76894191606e-05, 4.82425493828e-05, 2.34957587963e-05, 2.31834396125e-09],
        "dvar": [4.28006785569e-08, 4.52024687547e-05, 1.70974726643e-05, 8.62690649228e-06, 2.76211721939e-05, 3.82886264561e-06, 3.1721981486e-06, 6.71195175528e-06, 4.492991593e-06, 9.23766401684e-06, 1.4005098592e-06, 8.17943998754e-07, 6.32528383449e-07, 1.04364391973e-06, 5.17693081292e-07, 8.86169459591e-07, 1.80116288107e-07, 7.6532046478e-08, 8.62731255324e-08, 1.84899082711e-08, 1.76252257234e-08, 2.23439702296e-08, 4.34417266604e-08, 3.50494708812e-08, 1.1707298242e-08, 2.82040524269e-09, 3.74811955083e-18],
        "dvar2": [9.58158565822e-08, 0.000106940744445, 4.66133096779e-05, 2.35994211835e-05, 7.00283344486e-05, 9.92271634459e-06, 7.20847538105e-06, 1.55008383445e-05, 1.16806322694e-05, 2.39008659264e-05, 3.38658787769e-06, 1.94439235202e-06, 1.52554218857e-06, 2.42218561652e-06, 1.12307998279e-06, 1.74713170509e-06, 4.33839488778e-07, 1.95171423911e-07, 2.16590891e-07, 4.2951498358e-08, 3.74982178641e-08, 4.80234199074e-08, 8.69921876756e-08, 5.82365942137e-08, 1.96544380771e-08, 4.91369522848e-09, 1.20976818947e-17],
        "max": [0.00307529745623, 0.139324516058, 0.0840165689588, 0.0521383062005, 0.106038399041, 0.0350635759532, 0.0413420721889, 0.0838096141815, 0.0604967698455, 0.062432706356, 0.0583779849112, 0.0393312163651, 0.0447897017002, 0.0443588197231, 0.0322757177055, 0.0442753098905, 0.0116295358166, 0.0078292125836, 0.0115674417466, 0.00369839509949, 0.00275771366432, 0.00333184562624, 0.0157013200223, 0.00976874027401, 0.00529274716973, 0.00336811272427, 3.08421270745e-08],
        "mean": [0.000162755692145, 0.00671495543793, 0.00400776509196, 0.00186837289948, 0.00427681254223, 0.00210004625842, 0.00167632976081, 0.00135906215291, 0.00151170336176, 0.00187250541057, 0.00064693891909, 0.000659850309603, 0.000361441401765, 0.000499230634887, 0.000405887665693, 0.000656015006825, 0.000413163594203, 0.000268520554528, 0.000248418946285, 0.000178278089152, 0.000167096266523, 0.000197761211894, 0.00017337987083, 0.000142977834912, 8.15393650555e-05, 3.74461851607e-05, 1.05770558978e-09],
        "median": [5.77439786866e-05, 0.003462635912, 0.00329616921954, 0.00094560434809, 0.00171032291837, 0.00119424192235, 0.000722424709238, 0.000525017385371, 0.00059298297856, 0.000330605253112, 0.000260996108409, 0.000274007965345, 0.000166147598065, 0.000213685852941, 0.000167440011865, 0.000292005715892, 0.000175297114765, 0.000133906927658, 9.38566154218e-05, 0.000108407890366, 7.75164662628e-05, 9.15913478821e-05, 5.11604812345e-05, 4.12342269556e-05, 2.43427384703e-05, 1.17873732961e-05, 3.91452620319e-10],
        "min": [3.27952946912e-25, 4.53659312666e-25, 4.93736109057e-25, 3.5431480482e-25, 5.09477848142e-24, 4.49148842668e-24, 2.87486354627e-24, 4.92371478298e-24, 8.73102493543e-24, 1.03884997945e-23, 1.28552449682e-23, 1.20737330912e-23, 9.97731078084e-24, 2.12217893441e-23, 4.14395291499e-23, 5.0065158324e-23, 5.65905778667e-23, 1.0384079018e-22, 1.10225249745e-22, 1.54024839309e-22, 2.09234096487e-22, 2.66483272235e-22, 2.98326267452e-22, 5.21654253846e-22, 8.68251866722e-22, 1.27598890081e-21, 1.8866465062e-21],
        "var": [7.76160575811e-08, 8.13121368992e-05, 1.95485717995e-05, 9.97762435873e-06, 6.25733082416e-05, 7.67527490098e-06, 8.49952721182e-06, 1.21513639897e-05, 1.04946111605e-05, 2.95851568808e-05, 3.44952854903e-06, 2.0304833015e-06, 7.79532001616e-07, 1.751448508e-06, 9.57673819357e-07, 2.39866585616e-06, 6.04083083999e-07, 1.49565806851e-07, 2.08320543038e-07, 4.85239404213e-08, 5.85814952103e-08, 7.95032093492e-08, 1.22427678662e-07, 1.06211203388e-07, 3.53947697818e-08, 7.42385619645e-09, 3.03707509628e-18]
    },
    "erbbands": {
        "dmean": [0.0907905399799, 0.820043623447, 2.11472845078, 3.45939040184, 8.24537563324, 8.9521484375, 8.99370574951, 10.2656764984, 14.5016288757, 12.8305921555, 20.4049777985, 14.8587684631, 28.983133316, 19.2397174835, 11.3730278015, 13.8779258728, 10.3527545929, 12.0817899704, 13.2069206238, 13.4430027008, 19.2787475586, 11.1415309906, 7.16840457916, 7.5287270546, 4.2028260231, 3.98341917992, 3.01993942261, 3.51218914986, 3.18329930305, 2.81966900826, 2.0543422699, 1.5769122839, 1.05020952225, 0.489448279142, 0.274040311575, 0.112906657159, 0.0287710484117, 0.00208634743467, 4.28360181104e-05, 1.20580189105e-05],
        "dmean2": [0.128579363227, 1.31070435047, 3.54768157005, 5.79662799835, 14.2673788071, 14.8227930069, 14.5772953033, 16.8551311493, 22.0724124908, 20.0151252747, 31.8315887451, 23.9367370605, 46.3380737305, 29.9178524017, 17.7874794006, 21.4950428009, 16.5086936951, 19.0092544556, 21.3020629883, 20.7934360504, 30.2952384949, 17.7695865631, 11.3729963303, 11.7807531357, 6.38643264771, 6.21634864807, 4.386698246, 5.38580226898, 4.82334423065, 3.92180132866, 2.74098587036, 2.09823727608, 1.38565540314, 0.615565061569, 0.346724569798, 0.148241817951, 0.0384230911732, 0.0029689501971, 5.78528270125e-05, 1.76614612428e-05],
        "dvar": [0.0404561161995, 2.90468811989, 20.2313652039, 48.3008575439, 269.939941406, 351.585449219, 293.004180908, 313.247497559, 744.303649902, 892.748718262, 3819.48706055, 1240.85070801, 7372.359375, 3026.36328125, 929.441345215, 1444.53015137, 1382.01977539, 2017.26477051, 964.242675781, 1830.22241211, 2591.58911133, 507.298156738, 215.957992554, 337.230743408, 70.8944320679, 46.0684051514, 26.0806465149, 38.6839447021, 33.3048439026, 30.1733551025, 47.8477363586, 22.3863449097, 7.77452993393, 1.54577958584, 0.782084941864, 0.130874708295, 0.00606387155131, 3.35710792569e-05, 1.29370549828e-08, 2.73782302385e-10],
        "dvar2": [0.0889116749167, 7.14521408081, 54.6431083679, 126.272850037, 727.98223877, 858.289367676, 755.85357666, 805.640991211, 1641.47167969, 2161.59423828, 9021.00683594, 3219.07519531, 19221.9433594, 7046.54785156, 2443.59350586, 3407.59765625, 3407.75390625, 4612.83007812, 2224.27685547, 3607.46875, 5679.04492188, 1216.65185547, 558.326965332, 819.544799805, 167.77230835, 109.512237549, 52.5524368286, 88.7545471191, 74.8860473633, 63.0399703979, 105.100769043, 35.9088096619, 13.9607524872, 2.47723674774, 1.52090501785, 0.237596675754, 0.0104501685128, 6.67465938022e-05, 2.34430324042e-08, 5.5834109558e-10],
        "max": [3.32968020439, 33.0602226257, 79.4509353638, 126.414337158, 306.156829834, 516.226257324, 366.676422119, 366.567169189, 572.025512695, 984.518615723, 2268.95068359, 1104.34765625, 1679.92321777, 2167.2980957, 1655.609375, 1878.72521973, 2281.1574707, 1984.26391602, 1314.38330078, 1693.31640625, 2705.85668945, 532.275695801, 487.891601562, 829.822143555, 271.932556152, 190.62840271, 135.049118042, 148.772491455, 142.547515869, 196.566955566, 555.077392578, 313.913818359, 107.156600952, 48.7960319519, 52.1136398315, 21.9338607788, 4.48547840118, 0.291169911623, 0.00624554371461, 0.000496270367876],
        "mean": [0.160456970334, 1.62730515003, 4.80825805664, 5.55470323563, 10.1792526245, 14.950717926, 15.3279247284, 18.0822105408, 27.5593700409, 20.6318569183, 34.5778617859, 27.6242675781, 57.7178230286, 39.2306785583, 21.9615459442, 25.8567237854, 17.9399929047, 20.6451778412, 23.8077526093, 26.4426593781, 36.9293785095, 25.4158287048, 15.817237854, 15.4852743149, 9.46437358856, 8.58769893646, 6.73937368393, 7.15752506256, 6.92530679703, 6.37581920624, 4.56954956055, 3.42830991745, 2.1003472805, 1.01047837734, 0.537366330624, 0.225972250104, 0.0590775944293, 0.00398498121649, 0.000100437573565, 4.19016687374e-05],
        "median": [0.0512650385499, 0.950708329678, 4.14510440826, 3.22696757317, 4.34852838516, 5.01355457306, 7.10885286331, 10.3733072281, 11.7634525299, 10.4997348785, 13.4955062866, 12.4169273376, 12.4560108185, 12.0401973724, 9.8539686203, 11.4046001434, 9.32047080994, 8.98394584656, 12.4267759323, 12.4278831482, 16.7194213867, 11.2489013672, 8.02356529236, 6.72785377502, 4.76821613312, 5.2262878418, 3.14731693268, 3.55531787872, 3.32679772377, 2.1953868866, 1.38187551498, 0.979242444038, 0.598178505898, 0.302787870169, 0.153591305017, 0.0693033859134, 0.0181189365685, 0.00115391518921, 4.31875814684e-05, 3.56851815013e-05],
        "min": [4.48589035415e-23, 3.58039453394e-22, 1.51595740944e-21, 3.82704238465e-21, 1.12557341695e-20, 8.33906705688e-21, 2.64191907218e-20, 3.34944752445e-20, 4.84349694632e-20, 1.63422222062e-19, 2.61804163138e-19, 3.26308508636e-19, 2.87832719431e-19, 5.00695526706e-19, 6.94622541247e-19, 9.00364383273e-19, 9.81581628704e-19, 1.48780603062e-18, 2.32205665927e-18, 2.81848931069e-18, 3.7753457871e-18, 3.85112214866e-18, 4.82123708952e-18, 4.86366359672e-18, 5.61657786593e-18, 7.58739523234e-18, 8.56165352089e-18, 8.90075952173e-18, 9.50579499052e-18, 1.04480860571e-17, 1.02295813352e-17, 1.05480897116e-17, 8.21665882127e-18, 7.98608057116e-18, 6.2141178376e-18, 3.44508234701e-18, 2.22580943871e-18, 8.83683665835e-19, 2.55270780467e-19, 2.50219178773e-20],
        "var": [0.0774686485529, 4.36532068253, 23.4716949463, 62.4397354126, 309.826324463, 1312.29772949, 637.068786621, 612.934631348, 2235.25683594, 1423.64172363, 7314.00537109, 2818.49414062, 23547.6835938, 10570.5556641, 1929.41088867, 3311.81103516, 1608.85131836, 2949.82666016, 1973.90307617, 3805.1184082, 6719.70703125, 1951.92773438, 467.364074707, 812.617492676, 181.841018677, 114.397315979, 105.153396606, 99.1390991211, 98.5401687622, 108.507514954, 103.920791626, 67.4622955322, 21.4822673798, 4.97593355179, 1.82850015163, 0.31972643733, 0.0166601538658, 7.89554615039e-05, 3.52460141073e-08, 1.05390329797e-09]
    },
    "gfcc": {
        "mean": [-16.3448085785, 95.4374389648, -114.224853516, 34.5936088562, -59.9684677124, 16.5701217651, -39.3536529541, 11.7793960571, -19.8884944916, 3.66986608505, -19.0688438416, 2.09258389473, -9.3700504303],
        "cov": [[34599.7773438, 1231.61914062, -1352.73706055, 1776.1036377, -1298.24523926, 1260.25292969, -1253.22436523, 806.46472168, -611.892211914, 232.175048828, -870.522949219, 274.536895752, -507.459259033], [1231.61914062, 1114.7779541, -601.384521484, 2.77362370491, 60.2807197571, -250.716415405, 121.269393921, -124.632141113, 32.8835220337, -83.1617584229, 105.853790283, -86.1044235229, 74.7111053467], [-1352.73706055, -601.384521484, 1249.63366699, 320.629211426, 238.097427368, 303.586029053, -75.6096191406, 183.858947754, 17.1074008942, 70.3513031006, -117.216293335, 45.9094200134, -66.9594345093], [1776.1036377, 2.77362370491, 320.629211426, 566.760742188, 140.468078613, 85.0377349854, -103.548034668, 105.700576782, 5.92768764496, 7.51968669891, -71.9573669434, 26.0783061981, -18.628993988], [-1298.24523926, 60.2807197571, 238.097427368, 140.468078613, 309.966949463, 1.72403109074, 65.5927581787, 6.90124464035, 50.252948761, -11.6270084381, 16.2909584045, -5.69383001328, 39.0811386108], [1260.25292969, -250.716415405, 303.586029053, 85.0377349854, 1.72403109074, 385.129241943, -11.4360980988, 126.170249939, -20.444524765, 34.2768363953, -90.1077041626, 20.5793552399, -57.3077163696], [-1253.22436523, 121.269393921, -75.6096191406, -103.548034668, 65.5927581787, -11.4360980988, 227.51499939, -33.3333740234, 31.4088077545, -36.9867706299, 62.9292259216, -35.1642608643, 14.4967670441], [806.46472168, -124.632141113, 183.858947754, 105.700576782, 6.90124464035, 126.170249939, -33.3333740234, 162.517440796, 19.7600898743, 26.9512672424, -61.3133392334, 28.1073970795, -21.7838306427], [-611.892211914, 32.8835220337, 17.1074008942, 5.92768764496, 50.252948761, -20.444524765, 31.4088077545, 19.7600898743, 139.23727417, 20.5886859894, 15.4798898697, -10.2321596146, 16.7336444855], [232.175048828, -83.1617584229, 70.3513031006, 7.51968669891, -11.6270084381, 34.2768363953, -36.9867706299, 26.9512672424, 20.5886859894, 97.2481765747, 10.6076316833, 13.512840271, -23.9527053833], [-870.522949219, 105.853790283, -117.216293335, -71.9573669434, 16.2909584045, -90.1077041626, 62.9292259216, -61.3133392334, 15.4798898697, 10.6076316833, 123.001197815, 4.23723316193, 25.1667747498], [274.536895752, -86.1044235229, 45.9094200134, 26.0783061981, -5.69383001328, 20.5793552399, -35.1642608643, 28.1073970795, -10.2321596146, 13.512840271, 4.23723316193, 72.5977020264, 11.4380178452], [-507.459259033, 74.7111053467, -66.9594345093, -18.628993988, 39.0811386108, -57.3077163696, 14.4967670441, -21.7838306427, 16.7336444855, -23.9527053833, 25.1667747498, 11.4380178452, 85.4241027832]],
        "icov": [[0.000310117029585, -0.000753977976274, 0.000658424920402, -0.000936936528888, 0.000884742359631, -0.00102932960726, 0.000681730860379, -0.000476184242871, 0.000725134741515, -0.000837101310026, 0.00130813359283, -0.00122857477982, 0.00088336376939], [-0.000753977976274, 0.00352756096981, -0.000759248738177, 0.00169790151995, -0.00268374360166, 0.00277117686346, -0.00186282536015, 0.000983244739473, -0.00176466640551, 0.00249643344432, -0.00390176451765, 0.00454215891659, -0.00254828808829], [0.000658424920402, -0.000759248738177, 0.00328295864165, -0.00242005567998, 0.000319710467011, -0.0026802578941, 0.00167758751195, -0.00159195973538, 0.00161204207689, -0.00204904773273, 0.00290025072172, -0.00234668236226, 0.00255540478975], [-0.000936936528888, 0.00169790151995, -0.00242005567998, 0.00578595185652, -0.00401055067778, 0.00307174748741, -0.000489471014589, 0.000202296170755, -0.00212352280505, 0.0031910398975, -0.00365089881234, 0.00309331296012, -0.00168366730213], [0.000884742359631, -0.00268374360166, 0.000319710467011, -0.00401055067778, 0.00861006230116, -0.00270710652694, -0.000110425695311, -0.000306978850858, 0.000988947460428, -0.00252654450014, 0.00358926015906, -0.00332700484432, -0.000349857407855], [-0.00102932960726, 0.00277117686346, -0.0026802578941, 0.00307174748741, -0.00270710652694, 0.00804993137717, -0.00380732747726, -0.000402676203521, -0.00141922582407, 0.00160456856247, -0.00211478862911, 0.00351342721842, -0.00190654722974], [0.000681730860379, -0.00186282536015, 0.00167758751195, -0.000489471014589, -0.000110425695311, -0.00380732747726, 0.00965392403305, -0.00218690442853, 0.000390966190025, 0.00212007248774, -0.00196898868307, 0.00018250195717, 0.00326111284085], [-0.000476184242871, 0.000983244739473, -0.00159195973538, 0.000202296170755, -0.000306978850858, -0.000402676203521, -0.00218690442853, 0.012392715551, -0.00351705122739, -0.00057822529925, 0.00226879678667, -0.00217547523789, -0.00134106446058], [0.000725134741515, -0.00176466640551, 0.00161204207689, -0.00212352280505, 0.000988947460428, -0.00141922582407, 0.000390966190025, -0.00351705122739, 0.0108877709135, -0.0050208279863, 0.00291238119826, -0.000759660324547, -1.31844371936e-05], [-0.000837101310026, 0.00249643344432, -0.00204904773273, 0.0031910398975, -0.00252654450014, 0.00160456856247, 0.00212007248774, -0.00057822529925, -0.0050208279863, 0.0179242510349, -0.00945933070034, 0.00305967428721, 0.00204527983442], [0.00130813359283, -0.00390176451765, 0.00290025072172, -0.00365089881234, 0.00358926015906, -0.00211478862911, -0.00196898868307, 0.00226879678667, 0.00291238119826, -0.00945933070034, 0.0218357574195, -0.0105082057416, 0.00226356834173], [-0.00122857477982, 0.00454215891659, -0.00234668236226, 0.00309331296012, -0.00332700484432, 0.00351342721842, 0.00018250195717, -0.00217547523789, -0.000759660324547, 0.00305967428721, -0.0105082057416, 0.025114974007, -0.00840258598328], [0.00088336376939, -0.00254828808829, 0.00255540478975, -0.00168366730213, -0.000349857407855, -0.00190654722974, 0.00326111284085, -0.00134106446058, -1.31844371936e-05, 0.00204527983442, 0.00226356834173, -0.00840258598328, 0.0198383890092]]
    },
    "melbands": {
        "dmean": [0.000842200999614, 0.00106372951996, 0.000689553446136, 0.000646028202027, 0.000313737458782, 0.000232743419474, 0.000201459100936, 0.000153747983859, 0.000174905086169, 9.63031416177e-05, 0.000154530076543, 9.12479590625e-05, 4.31433945778e-05, 3.33493262588e-05, 4.25552170782e-05, 2.35868319578e-05, 2.42365185841e-05, 2.52703284787e-05, 1.94934764295e-05, 1.97130975721e-05, 2.49549866567e-05, 1.28188694362e-05, 8.20277364255e-06, 6.49707544653e-06, 6.85273607814e-06, 4.23290975959e-06, 2.83052486338e-06, 2.93978087029e-06, 2.07689117815e-06, 1.80536119387e-06, 2.38178813561e-06, 1.9716933366e-06, 1.67464793321e-06, 1.68603628481e-06, 1.28644489905e-06, 1.06068296191e-06, 1.03066838619e-06, 8.32484261082e-07, 5.62061302389e-07, 3.96704308514e-07],
        "dmean2": [0.00124152109493, 0.00175878847949, 0.00116080627777, 0.00108928314876, 0.000508073251694, 0.000379119970603, 0.000307789014187, 0.000238411812461, 0.000275503407465, 0.000154013498104, 0.00024741620291, 0.000141642420203, 6.78977085045e-05, 5.20246539963e-05, 6.66164341965e-05, 3.87591644539e-05, 3.82073703804e-05, 4.09428939747e-05, 3.11235526169e-05, 3.04218483507e-05, 3.95837487304e-05, 2.06443364732e-05, 1.30129756144e-05, 1.04856198959e-05, 1.07996684164e-05, 6.69326755087e-06, 4.41979045718e-06, 4.70997292723e-06, 3.1587749163e-06, 2.59329885921e-06, 3.79272455575e-06, 3.08694211526e-06, 2.39994051299e-06, 2.41123393607e-06, 1.76817422926e-06, 1.5050974298e-06, 1.43968338762e-06, 1.13844009775e-06, 7.48153183849e-07, 5.20161222539e-07],
        "dvar": [3.09739994009e-06, 4.88635441798e-06, 1.67398866324e-06, 1.69680674844e-06, 3.68052525346e-07, 1.45420898434e-07, 1.38000046945e-07, 1.41219743455e-07, 2.52127136946e-07, 5.01624910498e-08, 2.075750416e-07, 6.91292569854e-08, 1.66040319272e-08, 9.07303032704e-09, 1.13130829149e-08, 7.91135690292e-09, 9.5099128572e-09, 4.20993462313e-09, 4.35110392161e-09, 4.11211775742e-09, 4.89152673921e-09, 7.75647213125e-10, 2.78321782288e-10, 1.90426202584e-10, 3.19572202034e-10, 1.01081372439e-10, 2.33385515774e-11, 2.6068733977e-11, 1.27468738689e-11, 9.42155034545e-12, 1.88246137428e-11, 1.21979917486e-11, 1.06981368209e-11, 1.12927896201e-11, 2.36091198674e-11, 1.03332507481e-11, 9.23318886625e-12, 5.15414013552e-12, 2.10353414375e-12, 1.06402451953e-12],
        "dvar2": [7.04122203388e-06, 1.26525774249e-05, 4.45371733804e-06, 4.36248274127e-06, 9.17683280477e-07, 3.7356426219e-07, 3.08773138613e-07, 3.37208149404e-07, 6.27415829513e-07, 1.2760546042e-07, 5.42264274372e-07, 1.64920876955e-07, 4.3533589178e-08, 1.97968041959e-08, 2.77227840684e-08, 1.95563636396e-08, 2.17779181355e-08, 9.90750947949e-09, 9.0649487916e-09, 6.64471455636e-09, 1.09462039433e-08, 1.87836191046e-09, 6.70942690295e-10, 4.72100025739e-10, 7.82326814441e-10, 2.50222120801e-10, 5.61905730279e-11, 6.47732562031e-11, 2.7965591648e-11, 1.94987550411e-11, 4.6242103896e-11, 2.85710899384e-11, 2.32499210856e-11, 2.38442408179e-11, 5.58358949354e-11, 1.84802693981e-11, 1.60199423171e-11, 1.01034519293e-11, 3.8248709755e-12, 1.86617409893e-12],
        "max": [0.0355118662119, 0.0329499840736, 0.0202649645507, 0.0280159302056, 0.0162896551192, 0.00740485172719, 0.00750560406595, 0.0146016394719, 0.0166467372328, 0.0059650358744, 0.00879033375531, 0.00799245852977, 0.00667691044509, 0.00352701894008, 0.00355793535709, 0.00472762342542, 0.00450176838785, 0.00330271502025, 0.00357245514169, 0.00464073754847, 0.00406322674826, 0.000708586943801, 0.000447763450211, 0.000393116410123, 0.00085026002489, 0.000379609817173, 0.000139400202897, 0.000124130718177, 0.000109535125375, 9.7628988442e-05, 9.05393026187e-05, 7.97676329967e-05, 0.000101264064142, 0.000114978465717, 0.000403382087825, 0.000205980511964, 0.000183283540537, 0.000101682766399, 5.99068807787e-05, 3.89513988921e-05],
        "mean": [0.00164569052868, 0.00244771456346, 0.00109114381485, 0.000936396943871, 0.000573500816245, 0.000425896199886, 0.000385067774914, 0.000236440449953, 0.000293987541227, 0.000173461536178, 0.000303106731735, 0.000179321170435, 7.66576995375e-05, 6.36520562693e-05, 6.69044238748e-05, 3.51562375727e-05, 3.87812797271e-05, 4.11493783758e-05, 3.31688097504e-05, 3.70329544239e-05, 4.41397532995e-05, 2.66058159468e-05, 1.65262517839e-05, 1.2729719856e-05, 1.28199144456e-05, 8.24313610792e-06, 5.63178036828e-06, 5.68657151234e-06, 4.21845788878e-06, 3.67737993656e-06, 4.38289089288e-06, 4.00839826398e-06, 3.595872613e-06, 3.53842006007e-06, 2.65469725491e-06, 2.27379223361e-06, 2.06337426789e-06, 1.59297542268e-06, 1.04951698177e-06, 7.79963613695e-07],
        "median": [0.000686952553224, 0.00204047514126, 0.000647259876132, 0.000353942537913, 0.000254095444689, 0.000249800592428, 0.000173042499227, 0.000107369327452, 0.000108248772449, 7.19569798093e-05, 6.18043850409e-05, 4.80239905301e-05, 3.27052439388e-05, 2.34617218666e-05, 2.75839192909e-05, 1.49439174493e-05, 1.587650695e-05, 2.03583258553e-05, 1.25727710838e-05, 1.67404250533e-05, 1.74896194949e-05, 1.03985730675e-05, 8.02958857093e-06, 5.99164559389e-06, 5.01122576679e-06, 3.39358075507e-06, 3.19772652801e-06, 3.29520480591e-06, 1.96072096514e-06, 1.54125814333e-06, 1.99193914341e-06, 1.85936596608e-06, 1.43914871842e-06, 1.04515231669e-06, 7.46783769046e-07, 6.61478793518e-07, 5.62207901567e-07, 4.4175851599e-07, 2.88614614874e-07, 2.21842782366e-07],
        "min": [6.56905331288e-25, 7.46928757285e-25, 1.49813254903e-24, 9.49638350491e-25, 8.86290749042e-25, 8.18582571028e-25, 7.19522398235e-25, 1.65093490637e-24, 1.94519885807e-24, 1.55881458948e-24, 1.34823951071e-24, 1.70034727993e-24, 1.83188668043e-24, 1.50755677444e-24, 1.72485561053e-24, 2.13871728496e-24, 2.23693046766e-24, 3.25691874343e-24, 1.73471301919e-24, 3.37260992834e-24, 3.48180050497e-24, 3.16998804661e-24, 4.15541829827e-24, 4.99010807778e-24, 3.37954598785e-24, 3.73181024736e-24, 3.19457940482e-24, 3.99843418927e-24, 4.59357570529e-24, 4.79442205834e-24, 4.85396685719e-24, 4.24606038843e-24, 4.23202418634e-24, 4.52919913339e-24, 5.35328977778e-24, 4.77760078283e-24, 4.9903699796e-24, 4.936687995e-24, 6.08132477404e-24, 6.41627195896e-24],
        "var": [6.03295029578e-06, 6.24276663075e-06, 2.14203987525e-06, 3.09994629788e-06, 1.15565489978e-06, 3.04904460791e-07, 4.04803074616e-07, 2.29980358313e-07, 4.93130471568e-07, 1.20726454611e-07, 6.68124130243e-07, 2.3447759645e-07, 3.19530109039e-08, 2.72309517158e-08, 2.05408721143e-08, 8.57959125966e-09, 1.34960140841e-08, 8.02783706177e-09, 8.41087643977e-09, 1.14146327945e-08, 1.23608048241e-08, 2.7782971479e-09, 6.67883581773e-10, 3.78235359699e-10, 7.0857009149e-10, 2.05629596683e-10, 5.37277063117e-11, 5.607061343e-11, 4.38647833334e-11, 3.53145637733e-11, 4.09865093254e-11, 3.38894988461e-11, 3.26873215994e-11, 3.72790548431e-11, 4.0003902968e-11, 2.93669012719e-11, 2.52555389796e-11, 1.26174574261e-11, 5.71379488862e-12, 3.09552882459e-12]
    },
    "mfcc": {
        "mean": [-642.843200684, 119.505722046, 4.28309297562, 19.6959953308, 3.98483872414, 4.87738180161, -4.88596439362, 4.791015625, 2.91342592239, 1.63118362427, -1.72565937042, -0.497943550348, -0.267299711704],
        "cov": [[11561.9550781, 588.376403809, 756.27746582, 735.010131836, 438.732971191, 514.849609375, -20.4762496948, 466.68737793, 200.209411621, 124.200714111, 52.0999069214, 43.0397567749, 7.14861154556], [588.376403809, 1031.40344238, -303.38772583, 93.4007568359, -55.1271209717, -52.8123245239, 48.7494163513, -36.7207679749, -8.56526756287, -15.0259399414, -1.19627904892, -11.3274803162, 16.6542205811], [756.27746582, -303.38772583, 677.079650879, 117.865333557, 221.652633667, 156.153366089, -8.70198917389, 114.494552612, 68.4978942871, 82.8068237305, 7.70319652557, 26.8338375092, -5.76562356949], [735.010131836, 93.4007568359, 117.865333557, 516.638671875, 219.015808105, 40.6403808594, -2.44673633575, 40.7874221802, 50.3530960083, -32.5341873169, -2.56348228455, 28.8528690338, 11.5261125565], [438.732971191, -55.1271209717, 221.652633667, 219.015808105, 287.58493042, 106.600257874, -22.6008434296, 62.3861503601, 70.8729324341, 25.8796005249, -10.013220787, 21.6502399445, 7.06389808655], [514.849609375, -52.8123245239, 156.153366089, 40.6403808594, 106.600257874, 186.235855103, 55.2662010193, 70.2978515625, 35.4920845032, 46.8199081421, 15.9100131989, -0.0235742647201, -8.9471950531], [-20.4762496948, 48.7494163513, -8.70198917389, -2.44673633575, -22.6008434296, 55.2662010193, 144.11151123, 39.9938278198, -12.4096508026, 6.29559278488, 10.1729459763, -12.1430921555, -10.4270963669], [466.68737793, -36.7207679749, 114.494552612, 40.7874221802, 62.3861503601, 70.2978515625, 39.9938278198, 149.679504395, 62.8439559937, 28.1658344269, 11.0222797394, -4.37161970139, -12.0553426743], [200.209411621, -8.56526756287, 68.4978942871, 50.3530960083, 70.8729324341, 35.4920845032, -12.4096508026, 62.8439559937, 109.902076721, 47.1469306946, 0.86786621809, 3.46749639511, -0.39209356904], [124.200714111, -15.0259399414, 82.8068237305, -32.5341873169, 25.8796005249, 46.8199081421, 6.29559278488, 28.1658344269, 47.1469306946, 98.6269454956, 29.5459899902, 2.91353034973, -3.25484085083], [52.0999069214, -1.19627904892, 7.70319652557, -2.56348228455, -10.013220787, 15.9100131989, 10.1729459763, 11.0222797394, 0.86786621809, 29.5459899902, 73.4430465698, 20.9449882507, 1.19195973873], [43.0397567749, -11.3274803162, 26.8338375092, 28.8528690338, 21.6502399445, -0.0235742647201, -12.1430921555, -4.37161970139, 3.46749639511, 2.91353034973, 20.9449882507, 78.8261489868, 39.897026062], [7.14861154556, 16.6542205811, -5.76562356949, 11.5261125565, 7.06389808655, -8.9471950531, -10.4270963669, -12.0553426743, -0.39209356904, -3.25484085083, 1.19195973873, 39.897026062, 77.3087158203]],
