{
"lowlevel": {
    "average_loudness": 0.939353823662,
    "barkbands_crest": {
        "dmean": 2.42013216019,
        "dmean2": 3.98140716553,
        "dvar": 4.9308385849,
        "dvar2": 12.6012458801,
        "max": 24.1409053802,
        "mean": 8.97998809814,
        "median": 8.35377502441,
        "min": 2.61985015869,
        "var": 12.4503746033
    },
    "barkbands_flatness_db": {
        "dmean": 0.0201302208006,
        "dmean2": 0.0303176864982,
        "dvar": 0.000463051750557,
        "dvar2": 0.000932299240958,
        "max": 0.532940149307,
        "mean": 0.129122957587,
        "median": 0.117061235011,
        "min": 0.0255876090378,
        "var": 0.0032253798563
    },
    "barkbands_kurtosis": {
        "dmean": 2.63490247726,
        "dmean2": 4.0792760849,
        "dvar": 27.3493824005,
        "dvar2": 59.2161483765,
        "max": 153.939559937,
        "mean": 4.2825512886,
        "median": 1.42199039459,
        "min": -1.9367787838,
        "var": 82.7161560059
    },
    "barkbands_skewness": {
        "dmean": 0.484103560448,
        "dmean2": 0.740540921688,
        "dvar": 0.27004301548,
        "dvar2": 0.584919214249,
        "max": 9.79719924927,
        "mean": 1.5327000618,
        "median": 1.33610451221,
        "min": -6.50124835968,
        "var": 1.38218319416
    },
    "barkbands_spread": {
        "dmean": 5.0057554245,
        "dmean2": 7.62562847137,
        "dvar": 36.4639205933,
        "dvar2": 71.7626266479,
        "max": 107.490791321,
        "mean": 21.8950271606,
        "median": 20.6806526184,
        "min": 0.668058753014,
        "var": 160.518707275
    },
    "dissonance": {
        "dmean": 0.0165906418115,
        "dmean2": 0.0275001246482,
        "dvar": 0.000294683006359,
        "dvar2": 0.000763201329391,
        "max": 0.500000119209,
        "mean": 0.466393589973,
        "median": 0.47360676527,
        "min": 0.189613059163,
        "var": 0.000776497763582
    },
    "dynamic_complexity": 3.74159026146,
    "erbbands_crest": {
        "dmean": 2.35675358772,
        "dmean2": 3.78877568245,
        "dvar": 5.2935628891,
        "dvar2": 12.9296827316,
        "max": 29.5901966095,
        "mean": 8.00754451752,
        "median": 7.00106620789,
        "min": 2.43581795692,
        "var": 15.2688007355
    },
    "erbbands_flatness_db": {
        "dmean": 0.0164959989488,
        "dmean2": 0.0235054567456,
        "dvar": 0.000300719519146,
        "dvar2": 0.000551808276214,
        "max": 0.380554944277,
        "mean": 0.151641204953,
        "median": 0.14451739192,
        "min": 0.0486900433898,
        "var": 0.00180651131086
    },
    "erbbands_kurtosis": {
        "dmean": 0.80993437767,
        "dmean2": 1.24707078934,
        "dvar": 2.23685860634,
        "dvar2": 4.70970630646,
        "max": 51.7805709839,
        "mean": 0.280042111874,
        "median": -0.390811920166,
        "min": -1.84507787228,
        "var": 6.65804004669
    },
    "erbbands_skewness": {
        "dmean": 0.326668679714,
        "dmean2": 0.494135946035,
        "dvar": 0.111918091774,
        "dvar2": 0.231260016561,
        "max": 5.2438044548,
        "mean": 0.204199761152,
        "median": 0.12346214056,
        "min": -4.53534603119,
        "var": 0.569409668446
    },
    "erbbands_spread": {
        "dmean": 7.66801214218,
        "dmean2": 11.4778804779,
        "dvar": 73.9742507935,
        "dvar2": 157.480133057,
        "max": 172.427688599,
        "mean": 39.4572944641,
        "median": 36.8541641235,
        "min": 2.27882361412,
        "var": 332.680419922
    },
    "hfc": {
        "dmean": 5.4231171608,
        "dmean2": 7.9524564743,
        "dvar": 64.1260681152,
        "dvar2": 125.845413208,
        "max": 208.2862854,
        "mean": 22.8768615723,
        "median": 19.7082805634,
        "min": 1.14228480987e-16,
        "var": 362.122680664
    },
    "melbands_crest": {
        "dmean": 2.92992472649,
        "dmean2": 4.8434920311,
        "dvar": 6.7573800087,
        "dvar2": 18.0811405182,
        "max": 31.6947917938,
        "mean": 12.4810523987,
        "median": 11.8410863876,
        "min": 1.6292873621,
        "var": 18.5035419464
    },
    "melbands_flatness_db": {
        "dmean": 0.0253350324929,
        "dmean2": 0.0382636524737,
        "dvar": 0.000739183160476,
        "dvar2": 0.00148986361455,
        "max": 0.688635110855,
        "mean": 0.203871577978,
        "median": 0.190079405904,
        "min": 0.00506622064859,
        "var": 0.00527665065601
    },
    "melbands_kurtosis": {
        "dmean": 6.42805624008,
        "dmean2": 9.91902637482,
        "dvar": 142.83706665,
        "dvar2": 321.884033203,
        "max": 302.354064941,
        "mean": 13.3674316406,
        "median": 7.03004550934,
        "min": -1.868709445,
        "var": 440.584228516
    },
    "melbands_skewness": {
        "dmean": 0.676325440407,
        "dmean2": 1.0357080698,
        "dvar": 0.542694330215,
        "dvar2": 1.22243177891,
        "max": 13.867313385,
        "mean": 2.6251642704,
        "median": 2.32958626747,
        "min": -2.97033452988,
        "var": 2.58373260498
    },
    "melbands_spread": {
        "dmean": 6.04320526123,
        "dmean2": 9.46692657471,
        "dvar": 71.7029190063,
        "dvar2": 152.011413574,
        "max": 233.685302734,
        "mean": 22.5209217072,
        "median": 20.3358669281,
        "min": 0.586181223392,
        "var": 264.112792969
    },
    "pitch_salience": {
        "dmean": 0.0654230266809,
        "dmean2": 0.106968142092,
        "dvar": 0.00321667292155,
        "dvar2": 0.00850217882544,
        "max": 0.858027100563,
        "mean": 0.586789309978,
        "median": 0.59317278862,
        "min": 0.195035502315,
        "var": 0.0083340741694
    },
    "silence_rate_20dB": {
        "dmean": 0,
        "dmean2": 0,
        "dvar": 0,
        "dvar2": 0,
        "max": 1,
        "mean": 1,
        "median": 1,
        "min": 1,
        "var": 0
    },
    "silence_rate_30dB": {
        "dmean": 0.000181225084816,
        "dmean2": 0.000362482998753,
        "dvar": 0.000181162293302,
        "dvar2": 0.000543473230209,
        "max": 1,
        "mean": 0.99990940094,
        "median": 1,
        "min": 0,
        "var": 9.05886336113e-05
    },
    "silence_rate_60dB": {
        "dmean": 0.00833635404706,
        "dmean2": 0.0166742186993,
        "dvar": 0.00826614163816,
        "dvar2": 0.0189307741821,
        "max": 1,
        "mean": 0.0578055642545,
        "median": 0,
        "min": 0,
        "var": 0.0544643364847
    },
    "spectral_centroid": {
        "dmean": 231.640441895,
        "dmean2": 360.911987305,
        "dvar": 75971.140625,
        "dvar2": 149714.015625,
        "max": 11434.0771484,
        "mean": 1258.76452637,
        "median": 1239.5435791,
        "min": 138.147415161,
        "var": 335682.15625
    },
    "spectral_complexity": {
        "dmean": 3.53370785713,
        "dmean2": 5.4925236702,
        "dvar": 13.6662473679,
        "dvar2": 29.4496097565,
        "max": 58,
        "mean": 22.726102829,
        "median": 23,
        "min": 0,
        "var": 148.482315063
    },
    "spectral_decrease": {
        "dmean": 2.20136109341e-09,
        "dmean2": 3.47507023157e-09,
        "dvar": 7.34696608832e-18,
        "dvar2": 1.69699262495e-17,
        "max": 9.19185575292e-29,
        "mean": -7.93619303607e-09,
        "median": -7.74663888592e-09,
        "min": -3.27294138458e-08,
        "var": 2.10676598901e-17
    },
    "spectral_energy": {
        "dmean": 0.00860384106636,
        "dmean2": 0.0135410213843,
        "dvar": 0.000109504682769,
        "dvar2": 0.00025209231535,
        "max": 0.12498345226,
        "mean": 0.032028067857,
        "median": 0.0314743071795,
        "min": 1.07820246348e-20,
        "var": 0.000335999036906
    },
    "spectral_energyband_high": {
        "dmean": 0.000348599947756,
        "dmean2": 0.000491965620313,
        "dvar": 7.74517332047e-07,
        "dvar2": 1.37537881528e-06,
        "max": 0.0230779983103,
        "mean": 0.000845108064823,
        "median": 0.00039308227133,
        "min": 7.75042465347e-21,
        "var": 2.78488846561e-06
    },
    "spectral_energyband_low": {
        "dmean": 0.00552241317928,
        "dmean2": 0.00902668293566,
        "dvar": 8.21672219899e-05,
        "dvar2": 0.000199000030989,
        "max": 0.11495513469,
        "mean": 0.0111872106791,
        "median": 0.0089032817632,
        "min": 4.3327585685e-23,
        "var": 0.000119535710837
    },
    "spectral_energyband_middle_high": {
        "dmean": 0.00190277630463,
        "dmean2": 0.0028830494266,
        "dvar": 8.15897055872e-06,
        "dvar2": 1.79147264134e-05,
        "max": 0.0627397298813,
        "mean": 0.00676705036312,
        "median": 0.00506667559966,
        "min": 1.51771920721e-21,
        "var": 4.47489437647e-05
    },
    "spectral_energyband_middle_low": {
        "dmean": 0.00498193781823,
        "dmean2": 0.00794044230133,
        "dvar": 3.54972544301e-05,
        "dvar2": 8.85344998096e-05,
        "max": 0.0848966687918,
        "mean": 0.0147643182427,
        "median": 0.0126887513325,
        "min": 2.04739949599e-22,
        "var": 0.000116459355922
    },
    "spectral_entropy": {
        "dmean": 0.145876631141,
        "dmean2": 0.210410729051,
        "dvar": 0.0329486019909,
        "dvar2": 0.0579240769148,
        "max": 9.8002281189,
        "mean": 7.58520698547,
        "median": 7.66515254974,
        "min": 4.35147857666,
        "var": 0.207342609763
    },
    "spectral_flux": {
        "dmean": 0.0225865989923,
        "dmean2": 0.0360047183931,
        "dvar": 0.000628419278655,
        "dvar2": 0.00147588073742,
        "max": 0.301597386599,
        "mean": 0.088405802846,
        "median": 0.0863922461867,
        "min": 6.83218828734e-11,
        "var": 0.00190217408817
    },
    "spectral_kurtosis": {
        "dmean": 1.8987518549,
        "dmean2": 3.15803909302,
        "dvar": 17.5266017914,
        "dvar2": 43.0501747131,
        "max": 156.549987793,
        "mean": 4.96627807617,
        "median": 4.023458004,
        "min": -1.25904214382,
        "var": 34.6056060791
    },
    "spectral_rms": {
        "dmean": 0.000728215731215,
        "dmean2": 0.00112918775994,
        "dvar": 6.44647059289e-07,
        "dvar2": 1.41653663377e-06,
        "max": 0.0110424216837,
        "mean": 0.00526772905141,
        "median": 0.00554135721177,
        "min": 3.24330818278e-12,
        "var": 3.49794595422e-06
    },
    "spectral_rolloff": {
        "dmean": 396.125946045,
        "dmean2": 653.487670898,
        "dvar": 532720.5625,
        "dvar2": 1083452.75,
        "max": 19336.8164062,
        "mean": 1279.03808594,
        "median": 1012.06054688,
        "min": 86.1328125,
        "var": 1543860.75
    },
    "spectral_skewness": {
        "dmean": 0.23804743588,
        "dmean2": 0.375084459782,
        "dvar": 0.116167709231,
        "dvar2": 0.267856389284,
        "max": 10.973572731,
        "mean": 1.52500879765,
        "median": 1.45419275761,
        "min": -0.205310568213,
        "var": 0.388960987329
    },
    "spectral_spread": {
        "dmean": 430971.09375,
        "dmean2": 600987.6875,
        "dvar": 441093554176,
        "dvar2": 640514326528,
        "max": 41517692,
        "mean": 4151472.5,
        "median": 3990515.5,
        "min": 840403.875,
        "var": 2.14000703898e+12
    },
    "spectral_strongpeak": {
        "dmean": 0.521252691746,
        "dmean2": 0.889167904854,
        "dvar": 0.835461139679,
        "dvar2": 2.10449504852,
        "max": 12.6285514832,
        "mean": 0.812047481537,
        "median": 0.382681071758,
        "min": 0,
        "var": 1.2489669323
    },
    "zerocrossingrate": {
        "dmean": 0.0081313252449,
        "dmean2": 0.00947986915708,
        "dvar": 0.000127923718537,
        "dvar2": 0.000135908150696,
        "max": 0.50830078125,
        "mean": 0.052576392889,
        "median": 0.048828125,
        "min": 0.0029296875,
        "var": 0.000986944534816
    },
    "barkbands": {
        "dmean": [0.00038776526344, 0.00371025153436, 0.00192115665413, 0.0016877995804, 0.00263723079115, 0.0011576206889, 0.00100074487273, 0.000904723827261, 0.000911716721021, 0.000557931489311, 0.000452605745522, 0.000499130226672, 0.000430780579336, 0.000444573262939, 0.000389846391045, 0.000349206617102, 0.000296588230412, 0.000183064708835, 0.000146035934449, 0.000109302527562, 0.000108683459985, 9.23233310459e-05, 7.37701411708e-05, 5.4921136325e-05, 3.48490248143e-05, 1.30368798636e-05, 2.53224152402e-06],
        "dmean2": [0.000659863057081, 0.0060247159563, 0.00330075598322, 0.00288691325113, 0.00429600710049, 0.00182386883534, 0.00157503806986, 0.0014015553752, 0.00140110554639, 0.000875126919709, 0.000717711111065, 0.000796123757027, 0.000680129218381, 0.00071630202001, 0.000630355556495, 0.000567722017877, 0.000476965709822, 0.00029732164694, 0.000236263527768, 0.000181811876246, 0.000177479247213, 0.000138497518492, 0.000105731145595, 7.61689443607e-05, 4.72286083095e-05, 1.78427890205e-05, 4.00749786422e-06],
        "dvar": [4.96936195304e-07, 4.33298191638e-05, 1.44472451211e-05, 5.73298939344e-06, 1.46095080709e-05, 5.29055751031e-06, 3.63919912161e-06, 6.10115239397e-06, 4.08876348956e-06, 1.85604051239e-06, 1.32858099278e-06, 1.4634758827e-06, 1.60418289852e-06, 1.13310102279e-06, 6.35033870822e-07, 5.53472261799e-07, 3.86464677149e-07, 1.17094657526e-07, 5.12794251506e-08, 3.62366812112e-08, 5.03193469115e-08, 8.70423804145e-08, 7.35829317478e-08, 6.15143349592e-08, 2.55650594028e-08, 1.47097833914e-09, 1.33273239666e-10],
        "dvar2": [1.31392914682e-06, 0.000106420535303, 3.9686467062e-05, 1.65457458934e-05, 3.7000663724e-05, 1.19750575323e-05, 8.67160269991e-06, 1.38388832056e-05, 9.8640066426e-06, 4.30254385719e-06, 3.27751081386e-06, 3.60408557754e-06, 3.50815162165e-06, 2.7628841508e-06, 1.57610293172e-06, 1.37028200697e-06, 9.35308719363e-07, 2.83827461089e-07, 1.23772124994e-07, 9.16551599062e-08, 1.23123783169e-07, 1.79420680979e-07, 1.47456873378e-07, 1.16342732781e-07, 4.93370144738e-08, 2.68215938348e-09, 3.30033694818e-10],
        "max": [0.0115310084075, 0.103965938091, 0.0540347844362, 0.0292840078473, 0.054631344974, 0.0742372199893, 0.0447433814406, 0.0633369833231, 0.0545514859259, 0.0447943806648, 0.0358309112489, 0.0251748971641, 0.0413979403675, 0.0414063856006, 0.0161012820899, 0.0180858839303, 0.0202774852514, 0.013001977466, 0.00512006971985, 0.00444920826703, 0.00993902795017, 0.0118409572169, 0.00785372033715, 0.00867918506265, 0.00755321746692, 0.000954672577791, 0.000467917678179],
        "mean": [0.000497522589285, 0.00661493465304, 0.00263228546828, 0.00271625374444, 0.00472702970728, 0.00214454391971, 0.00181852479, 0.0014992087381, 0.00166837207507, 0.00101007753983, 0.000765769917052, 0.000823898764793, 0.000738206726965, 0.000745737052057, 0.000725128280465, 0.000656887365039, 0.000579359184485, 0.000368171255104, 0.000325017696014, 0.000239293920458, 0.000219270368689, 0.000170708459336, 0.000143835597555, 0.000108715423266, 6.44886313239e-05, 2.20860383706e-05, 2.69631118499e-06],
        "median": [0.000277642946457, 0.00481952121481, 0.00163395563141, 0.0018431696808, 0.00266781705432, 0.00104329152964, 0.000769683276303, 0.000458704336779, 0.000744933146052, 0.000394546077587, 0.000224543488002, 0.000238765409449, 0.000340991100529, 0.000352049071807, 0.0003240526421, 0.000316913588904, 0.000300737883663, 0.000233486221987, 0.000218273999053, 0.000156135924044, 0.000126455081045, 5.16686377523e-05, 3.9049780753e-05, 2.91457508865e-05, 1.65168221429e-05, 5.3636777011e-06, 2.75787243709e-07],
        "min": [3.17444984389e-24, 6.92091259091e-24, 1.39099606759e-23, 2.81860100043e-24, 2.42391223532e-23, 1.88835819552e-23, 1.03157526196e-23, 5.63928514585e-23, 2.50689850928e-23, 6.0695443986e-23, 5.89193331242e-23, 3.57327452784e-23, 6.64850519416e-23, 1.10348173207e-22, 7.9258735792e-23, 1.26128837056e-22, 1.17439792931e-22, 1.7097445618e-22, 1.8614277464e-22, 2.62207696616e-22, 4.31264274163e-22, 3.62606819195e-22, 6.83258708546e-22, 8.77750711276e-22, 1.1051601504e-21, 1.28368161993e-21, 2.17236450447e-21],
        "var": [5.35032143034e-07, 5.84626832278e-05, 1.36528606163e-05, 8.38476717036e-06, 3.13888449455e-05, 1.24062153191e-05, 8.59416104504e-06, 1.30431944854e-05, 8.31008310342e-06, 4.11961673308e-06, 2.88917431135e-06, 3.19757600664e-06, 2.77066760646e-06, 2.08448091144e-06, 1.34070080549e-06, 1.18583761832e-06, 9.33750413878e-07, 2.36907069961e-07, 1.39995833592e-07, 8.39853129264e-08, 9.58116359584e-08, 1.90499832797e-07, 2.20791108063e-07, 1.84635098321e-07, 7.1122158829e-08, 3.34599392637e-09, 1.30234392715e-10]
    },
    "erbbands": {
        "dmean": [0.111211962998, 0.877548635006, 2.07706785202, 4.09358644485, 7.95857524872, 9.1876745224, 8.6988363266, 9.99019145966, 11.4356660843, 19.7587356567, 16.957824707, 20.5302429199, 16.50740242, 16.4156799316, 19.5681915283, 16.1724586487, 20.1842823029, 18.2979984283, 23.5939388275, 17.5695075989, 19.7668037415, 16.7409000397, 10.0958099365, 8.39915561676, 6.14597272873, 5.09001302719, 5.37455368042, 3.58420443535, 3.47360157967, 2.45651435852, 2.14371156693, 1.39773535728, 0.822221398354, 0.4990683496, 0.192580029368, 0.0679319798946, 0.0226545408368, 0.00530018890277, 0.000350242044078, 2.25809453696e-05],
        "dmean2": [0.177531912923, 1.44909763336, 3.57231688499, 6.97757339478, 13.2561635971, 15.0459060669, 13.9686832428, 15.5862779617, 18.3372020721, 30.0591125488, 26.0530433655, 31.9985847473, 25.382598877, 25.5879592896, 30.6379241943, 25.6720581055, 32.0593414307, 29.2923049927, 37.3056259155, 28.3389778137, 32.0588989258, 26.8412742615, 16.2294521332, 13.6303930283, 10.097864151, 8.40081310272, 9.01766681671, 5.6797876358, 5.23594856262, 3.58772945404, 3.05260133743, 1.97923207283, 1.14626538754, 0.686172246933, 0.264943510294, 0.0931470245123, 0.0319720134139, 0.00774114252999, 0.000562483503018, 3.59156547347e-05],
        "dvar": [0.0384680889547, 2.53104901314, 15.9859857559, 37.5028266907, 150.517471313, 207.873641968, 266.459594727, 544.84362793, 513.484924316, 2479.59594727, 1898.2689209, 2453.19262695, 1587.98999023, 1554.88671875, 2171.7956543, 1297.70129395, 3796.13110352, 1666.45483398, 2723.04345703, 1588.65808105, 1656.69628906, 1442.765625, 339.660125732, 183.76083374, 111.990119934, 75.0400238037, 109.937545776, 83.7080841064, 148.432189941, 46.9506874084, 70.6831207275, 41.0509910583, 15.5190515518, 6.14550685883, 0.651653766632, 0.0469746999443, 0.00420212978497, 0.000353946408723, 2.94996743833e-06, 5.68577540605e-09],
        "dvar2": [0.0953239277005, 6.37734985352, 44.2721595764, 103.960784912, 389.096099854, 542.578430176, 644.999633789, 1175.08068848, 1277.24902344, 5743.15869141, 4305.39355469, 6140.8984375, 3735.52050781, 3584.84375, 5466.75390625, 3199.83691406, 8203.18457031, 4356.45996094, 6417.33886719, 3961.66821289, 4075.40405273, 3506.08398438, 807.950256348, 446.01965332, 277.115844727, 186.496154785, 295.818359375, 177.112106323, 308.918243408, 89.2541427612, 141.953567505, 81.8999252319, 31.5463104248, 11.9177389145, 1.31486034393, 0.0837620198727, 0.00826968066394, 0.000803976552561, 7.42064321457e-06, 1.38696778507e-08],
        "max": [3.1057100296, 24.0672988892, 48.5274047852, 87.4130935669, 178.315353394, 247.984390259, 503.021606445, 929.497253418, 589.773132324, 1256.02929688, 1152.37670898, 1554.30834961, 1425.98571777, 1229.44848633, 1433.51599121, 891.280517578, 2278.06152344, 1142.12451172, 1978.69580078, 904.491943359, 1235.1418457, 1306.7611084, 709.757324219, 439.813323975, 224.262130737, 168.616928101, 226.998641968, 557.330627441, 558.198486328, 237.47756958, 279.258422852, 241.063156128, 144.189178467, 116.859664917, 34.4786491394, 7.06427526474, 1.83608353138, 0.681876718998, 0.0662450790405, 0.00205041468143],
        "mean": [0.187265485525, 1.47002613544, 3.06483316422, 6.99728536606, 12.5512485504, 15.7330141068, 15.7614250183, 18.8770313263, 21.2693080902, 35.8603172302, 30.604385376, 37.0399436951, 31.7226257324, 33.0731468201, 35.6888961792, 29.7828102112, 36.1785430908, 34.1531906128, 44.3727836609, 32.8585853577, 38.4971961975, 34.5614891052, 22.1142272949, 18.4979515076, 14.1973514557, 11.5117053986, 10.1687860489, 7.38660526276, 6.3171710968, 4.80178642273, 4.10287714005, 2.74944424629, 1.56112170219, 0.914647459984, 0.34843274951, 0.119662053883, 0.0363599210978, 0.00736882770434, 0.000375586969312, 5.2585532103e-05],
        "median": [0.134140536189, 0.987202644348, 2.01634693146, 4.967897892, 7.55929040909, 7.92243146896, 8.57746219635, 8.82452964783, 9.47698497772, 13.3926610947, 12.4708271027, 16.8182506561, 14.0021247864, 14.6393432617, 12.78444767, 11.4678859711, 17.9179573059, 15.9467248917, 20.5604400635, 16.6030273438, 18.4367237091, 17.605266571, 14.7549495697, 12.4596576691, 9.48344612122, 7.76218175888, 5.94951248169, 3.87483096123, 2.0294034481, 1.44635057449, 1.03111064434, 0.679172813892, 0.418381720781, 0.220010578632, 0.0917729660869, 0.0308651085943, 0.00863926578313, 0.00134902563877, 5.40771507076e-05, 4.10948523495e-05],
        "min": [1.2011311001e-22, 1.97353803292e-21, 1.09120648588e-20, 1.47296019366e-20, 7.15338362035e-20, 6.71721709946e-20, 1.7143920486e-19, 1.43492403802e-19, 8.83482208582e-20, 4.12327046385e-19, 1.41714991706e-18, 6.14149654969e-19, 1.00169514568e-18, 1.91919757388e-18, 2.57513401525e-18, 2.76239757297e-18, 3.23191335366e-18, 5.74255912758e-18, 4.04674457326e-18, 6.21804529115e-18, 6.60677468411e-18, 6.81145515001e-18, 8.31810673314e-18, 1.18476797895e-17, 9.35728132898e-18, 1.20272731082e-17, 1.51251960239e-17, 2.04612918333e-17, 1.40466732735e-17, 1.63640693904e-17, 1.78511647695e-17, 1.48524497605e-17, 1.4591303878e-17, 1.01405336879e-17, 8.92312152241e-18, 5.17904192169e-18, 2.20899202968e-18, 1.05307619322e-18, 3.2386230292e-19, 3.47639906896e-20],
        "var": [0.0490203015506, 3.28780794144, 15.9604883194, 53.4394035339, 247.686218262, 433.431091309, 557.420043945, 1286.91992188, 1254.84790039, 5257.31054688, 4146.31738281, 4240.97021484, 3448.91625977, 3864.2590332, 5006.72607422, 3049.50415039, 6271.32080078, 3553.64111328, 5959.08544922, 2755.82763672, 3912.92993164, 3551.19262695, 782.862670898, 459.752319336, 289.083984375, 181.988708496, 175.996109009, 171.327362061, 297.770721436, 134.416366577, 207.254058838, 125.369293213, 37.5580253601, 16.6572666168, 1.62368941307, 0.114379771054, 0.00841507595032, 0.000487582437927, 2.72497777587e-06, 6.2481371188e-09]
    },
    "gfcc": {
        "mean": [1.38334870338, 108.759170532, -117.707359314, 38.9685020447, -50.2356491089, 12.0904502869, -34.2115516663, 7.87434720993, -21.0467567444, 1.8186416626, -16.7023525238, -1.27087116241, -8.68765258789],
        "cov": [[12550.8720703, -1332.76403809, -721.938781738, -153.949584961, -361.486175537, 234.634811401, -392.966522217, 306.90447998, -94.525718689, 274.299987793, -202.652404785, 92.9036254883, -259.948547363], [-1332.76403809, 1226.03564453, -251.799041748, -160.433609009, 306.839355469, -240.301422119, 245.692932129, -88.1976165771, 97.7136154175, -91.0521621704, 132.718734741, -71.0246810913, 106.838775635], [-721.938781738, -251.799041748, 851.576049805, 107.5909729, -52.7804985046, 124.491073608, -106.821357727, 47.226776123, -25.2560424805, 4.20673131943, -54.4899940491, 36.2939796448, -27.2484512329], [-153.949584961, -160.433609009, 107.5909729, 367.501373291, 2.2990694046, 53.679889679, -21.7419242859, -18.7875900269, 21.9220046997, -17.4181289673, -10.1820335388, -10.0244560242, 15.1587648392], [-361.486175537, 306.839355469, -52.7804985046, 2.2990694046, 295.094848633, -52.9736709595, 91.7023925781, -3.41443514824, 21.7047538757, 0.499984771013, 25.1053905487, -15.9258565903, 26.2027511597], [234.634811401, -240.301422119, 124.491073608, 53.679889679, -52.9736709595, 213.374908447, -6.3043847084, 31.0823364258, -17.9272346497, 10.0974702835, -12.9254074097, 2.74429488182, -32.0221366882], [-392.966522217, 245.692932129, -106.821357727, -21.7419242859, 91.7023925781, -6.3043847084, 192.199691772, -8.82937717438, 10.0114173889, -16.982635498, 38.4920806885, -18.7251682281, 10.7457542419], [306.90447998, -88.1976165771, 47.226776123, -18.7875900269, -3.41443514824, 31.0823364258, -8.82937717438, 123.310401917, 27.186384201, 32.1670799255, -12.7171077728, 4.15895271301, -19.4553108215], [-94.525718689, 97.7136154175, -25.2560424805, 21.9220046997, 21.7047538757, -17.9272346497, 10.0114173889, 27.186384201, 102.568817139, 12.2590112686, 16.4011936188, -16.4740867615, 12.2547006607], [274.299987793, -91.0521621704, 4.20673131943, -17.4181289673, 0.499984771013, 10.0974702835, -16.982635498, 32.1670799255, 12.2590112686, 86.8666000366, 4.75392436981, 9.82107448578, -19.3953227997], [-202.652404785, 132.718734741, -54.4899940491, -10.1820335388, 25.1053905487, -12.9254074097, 38.4920806885, -12.7171077728, 16.4011936188, 4.75392436981, 76.9974822998, 8.61172485352, 13.1056623459], [92.9036254883, -71.0246810913, 36.2939796448, -10.0244560242, -15.9258565903, 2.74429488182, -18.7251682281, 4.15895271301, -16.4740867615, 9.82107448578, 8.61172485352, 65.256362915, 11.0405035019], [-259.948547363, 106.838775635, -27.2484512329, 15.1587648392, 26.2027511597, -32.0221366882, 10.7457542419, -19.4553108215, 12.2547006607, -19.3953227997, 13.1056623459, 11.0405035019, 67.7628250122]],
        "icov": [[0.000124967176816, -2.98137092614e-05, 0.000213714738493, -2.90507832688e-05, 4.08099076594e-05, -0.000146255770233, 0.000246305135079, -0.000237951258896, 0.000103252852568, -0.000214700718061, 0.000291879812721, -0.000268333125859, 0.000333706499077], [-2.98137092614e-05, 0.00330263399519, -0.000457415619167, 0.00151777337305, -0.0017622911837, 0.00210963911377, -0.00197284668684, 0.00108696275856, -0.0019591357559, 0.0024824871216, -0.00347635988146, 0.00294748973101, -0.00228468049318], [0.000213714738493, -0.000457415619167, 0.00190430006478, -0.000563131470699, 9.75037546596e-05, -0.00117944029626, 0.0013085732935, -0.000911646173336, 0.000506199663505, -0.000335721939337, 0.00148980051745, -0.00165570504032, 0.00116242747754], [-2.90507832688e-05, 0.00151777337305, -0.000563131470699, 0.00387910287827, -0.00104285345878, -2.75075562968e-05, -0.000517484382726, 0.00143126188777, -0.00199961243197, 0.00156995700672, -0.0012944501359, 0.00187047873624, -0.00195883749984], [4.08099076594e-05, -0.0017622911837, 9.75037546596e-05, -0.00104285345878, 0.0053164344281, -0.000101834026282, -0.000960010976996, -0.000915818847716, 0.00104650261346, -0.00222191866487, 0.00165498827118, -0.000719826552086, -3.50459085894e-05], [-0.000146255770233, 0.00210963911377, -0.00117944029626, -2.75075562968e-05, -0.000101834026282, 0.00764108961448, -0.00249009742402, -0.000477764551761, -0.000108762855234, 0.00147795304656, -0.00272027635947, 0.00220755278133, 0.000161753079738], [0.000246305135079, -0.00197284668684, 0.0013085732935, -0.000517484382726, -0.000960010976996, -0.00249009742402, 0.00906187854707, -0.00140082172584, 0.00157130381558, -0.000120656943182, -0.000551391451154, -0.000585115281865, 0.00193588482216], [-0.000237951258896, 0.00108696275856, -0.000911646173336, 0.00143126188777, -0.000915818847716, -0.000477764551761, -0.00140082172584, 0.0116935614496, -0.00473433872685, -0.00151436112355, 0.000912997871637, -0.000306532572722, 0.000690584362019], [0.000103252852568, -0.0019591357559, 0.000506199663505, -0.00199961243197, 0.00104650261346, -0.000108762855234, 0.00157130381558, -0.00473433872685, 0.0143378106877, -0.00339802564122, -0.00103611452505, 0.00270579080097, -0.00173466419801], [-0.000214700718061, 0.0024824871216, -0.000335721939337, 0.00156995700672, -0.00222191866487, 0.00147795304656, -0.000120656943182, -0.00151436112355, -0.00339802564122, 0.0167833343148, -0.00476701138541, -0.000250673328992, 0.00229920516722], [0.000291879812721, -0.00347635988146, 0.00148980051745, -0.0012944501359, 0.00165498827118, -0.00272027635947, -0.000551391451154, 0.000912997871637, -0.00103611452505, -0.00476701138541, 0.0211015660316, -0.0075732213445, 0.00188917689957], [-0.000268333125859, 0.00294748973101, -0.00165570504032, 0.00187047873624, -0.000719826552086, 0.00220755278133, -0.000585115281865, -0.000306532572722, 0.00270579080097, -0.000250673328992, -0.0075732213445, 0.0228214152157, -0.00824908167124], [0.000333706499077, -0.00228468049318, 0.00116242747754, -0.00195883749984, -3.50459085894e-05, 0.000161753079738, 0.00193588482216, 0.000690584362019, -0.00173466419801, 0.00229920516722, 0.00188917689957, -0.00824908167124, 0.0224769935012]]
    },
    "melbands": {
        "dmean": [0.000996278831735, 0.00108939339407, 0.000760890136007, 0.000622257124633, 0.000314588600304, 0.000219362293137, 0.000179989729077, 0.000218833651161, 0.00013606651919, 0.000127480001538, 8.50033393363e-05, 7.11679604137e-05, 6.88897343935e-05, 5.81499007239e-05, 4.70458180644e-05, 4.19072966906e-05, 3.57352328137e-05, 4.36538903159e-05, 2.50037428486e-05, 2.19638895942e-05, 2.50171433436e-05, 2.0101409973e-05, 1.36027592816e-05, 8.34458842291e-06, 7.49808714318e-06, 5.35254821443e-06, 4.36316258856e-06, 3.44303111888e-06, 3.80063283956e-06, 2.67719769909e-06, 2.1321229724e-06, 2.16770149564e-06, 1.7428017145e-06, 1.35877405683e-06, 1.35363802656e-06, 1.11260078484e-06, 8.42591589389e-07, 6.09293010712e-07, 5.29649355485e-07, 4.04842012358e-07],
        "dmean2": [0.00159413018264, 0.00183882983401, 0.00128894730005, 0.00102495437022, 0.000502908078488, 0.000342300336342, 0.000287016388029, 0.000332911877194, 0.000209151403396, 0.000198611160158, 0.000130845146487, 0.000111106601253, 0.000107985448267, 9.32194961933e-05, 7.48011952965e-05, 6.5687323513e-05, 5.7729830587e-05, 6.90093875164e-05, 4.0431128582e-05, 3.54728290404e-05, 4.08224259445e-05, 3.24017746607e-05, 2.21833706746e-05, 1.36271773954e-05, 1.22289984574e-05, 8.79539493326e-06, 7.27633369024e-06, 5.68955101699e-06, 6.48632021694e-06, 4.35962328993e-06, 3.43022497873e-06, 3.37207393386e-06, 2.63091874331e-06, 2.02677460948e-06, 1.99229430109e-06, 1.6061834458e-06, 1.22103051581e-06, 8.78668345194e-07, 7.62794627462e-07, 5.64307072182e-07],
        "dvar": [3.12942347591e-06, 3.90491049984e-06, 1.15396471756e-06, 9.03384432149e-07, 2.97758617762e-07, 2.33476072253e-07, 1.17085662055e-07, 3.0429393405e-07, 1.06362591623e-07, 9.26066618945e-08, 4.20867287687e-08, 3.04152010244e-08, 2.75348082113e-08, 2.68398476777e-08, 1.2560258611e-08, 1.55084602937e-08, 6.63703003667e-09, 1.09565929662e-08, 3.28534399685e-09, 2.51067389101e-09, 2.74734990313e-09, 2.48461962116e-09, 5.23444176892e-10, 2.68503858036e-10, 1.43765901961e-10, 7.55629309124e-11, 6.75888719992e-11, 3.36096081521e-11, 5.51882081701e-11, 2.85340848172e-11, 3.43648928758e-11, 6.24115273351e-11, 3.39999729759e-11, 1.49789312898e-11, 2.79100180467e-11, 2.40649201955e-11, 1.54685084186e-11, 8.28446772988e-12, 7.26927979616e-12, 4.25594542247e-12],
        "dvar2": [7.53285985411e-06, 1.03882030089e-05, 3.19036666951e-06, 2.32911907005e-06, 7.1854503858e-07, 5.10053098424e-07, 2.89940601306e-07, 7.01129067693e-07, 2.45640052299e-07, 2.3095145707e-07, 9.87450476941e-08, 6.99880473576e-08, 6.72446844874e-08, 6.76395899291e-08, 2.95934476924e-08, 3.34035057392e-08, 1.7348863679e-08, 2.57256473901e-08, 8.06968536438e-09, 6.1690665909e-09, 6.84739287493e-09, 6.00634608716e-09, 1.296019847e-09, 6.57850107721e-10, 3.56235235754e-10, 1.88698501269e-10, 1.76871003954e-10, 8.46847938996e-11, 1.52788767749e-10, 7.00489041772e-11, 7.3694945979e-11, 1.33518224255e-10, 7.40842942548e-11, 3.04032667098e-11, 5.76909874039e-11, 5.16567864872e-11, 3.17602610878e-11, 1.6988292717e-11, 1.57734970918e-11, 8.05081522282e-12],
        "max": [0.027717994526, 0.0219878759235, 0.0145889557898, 0.0153925772756, 0.014474702999, 0.0181858893484, 0.00815206952393, 0.0136702964082, 0.00764031335711, 0.0102946897969, 0.00696503743529, 0.00592693779618, 0.00432380475104, 0.0036841717083, 0.00283337361179, 0.00463677709922, 0.0023068736773, 0.00444251205772, 0.00141338713001, 0.00136438128538, 0.00153181527276, 0.00186718825717, 0.00071024580393, 0.000580960419029, 0.000343378691468, 0.000175632507307, 0.000217483393499, 0.000135508933454, 0.0001154957572, 0.000235393788898, 0.00035843020305, 0.00038624877925, 0.000266374496277, 0.000108416446892, 0.000159620962222, 0.00015746691497, 0.000143830184243, 0.000112095214718, 9.5661423984e-05, 0.000114315771498],
        "mean": [0.00178279157262, 0.0017919819802, 0.00134659151081, 0.00105634820648, 0.00059586414136, 0.000415872986196, 0.00033491558861, 0.000396600895328, 0.000245913426625, 0.000227862852626, 0.000157717484399, 0.000136527552968, 0.000121639604913, 9.47520820773e-05, 7.84800940892e-05, 7.2927265137e-05, 6.08349473623e-05, 7.56627632654e-05, 4.54174041806e-05, 4.02257137466e-05, 4.45535151812e-05, 3.69847730326e-05, 2.60430479102e-05, 1.59984010679e-05, 1.5021118088e-05, 1.14178083095e-05, 8.87166970642e-06, 7.15358874004e-06, 6.61900003252e-06, 5.07601725985e-06, 4.00863655159e-06, 3.65716437045e-06, 3.05565549752e-06, 2.5217448183e-06, 2.43669001065e-06, 2.0251445676e-06, 1.5480577531e-06, 1.11157851279e-06, 9.29428040308e-07, 7.16670797374e-07],
        "median": [0.00128176412545, 0.00125684798695, 0.00100475980435, 0.000604085973464, 0.000327435147483, 0.000197009416297, 0.000152687978698, 0.000144941819599, 0.000102684571175, 0.000102963451354, 6.39972931822e-05, 5.66026974411e-05, 3.99105192628e-05, 2.67578070634e-05, 3.36271332344e-05, 3.32082345267e-05, 2.78795760096e-05, 3.28633468598e-05, 2.20683050429e-05, 2.01235143322e-05, 2.00312260858e-05, 1.66801455634e-05, 1.54740355356e-05, 1.01863379314e-05, 9.60425222729e-06, 7.57065663493e-06, 5.65181881029e-06, 4.65828907181e-06, 3.73042689716e-06, 2.81259349322e-06, 1.92544780475e-06, 1.13138048619e-06, 8.13843428205e-07, 7.62962372391e-07, 6.00993701028e-07, 4.47204627108e-07, 3.73297808665e-07, 2.86096963009e-07, 2.33288261597e-07, 1.60279753914e-07],
        "min": [1.9945965391e-24, 4.83710613863e-24, 6.026800286e-24, 5.89695614758e-24, 6.19956910728e-24, 3.34765352475e-24, 1.51354008719e-24, 6.49082365324e-24, 1.07519800784e-23, 3.92227597976e-24, 4.98139984225e-24, 7.73811569074e-24, 9.87920724981e-24, 4.0653161834e-24, 6.05304529388e-24, 7.28782678629e-24, 1.05128668717e-23, 6.13348070722e-24, 7.06699779765e-24, 8.61382229302e-24, 6.95416544465e-24, 5.81256262465e-24, 6.32947122697e-24, 9.42026611895e-24, 9.69574975769e-24, 6.14747864956e-24, 6.52217850764e-24, 7.4677430818e-24, 8.37123730947e-24, 9.61752236602e-24, 1.22411956396e-23, 8.12203614951e-24, 6.93870771521e-24, 9.14387371245e-24, 9.47827579448e-24, 9.42694145993e-24, 9.10073564271e-24, 1.04222938068e-23, 8.17250747022e-24, 8.39160806462e-24],
        "var": [4.27356781074e-06, 4.53342090623e-06, 1.65048788858e-06, 1.70238615738e-06, 7.05043987637e-07, 5.57881605801e-07, 2.83853893279e-07, 6.60405248709e-07, 2.322245507e-07, 1.60867202226e-07, 9.11529411951e-08, 7.27953732849e-08, 6.37724681951e-08, 5.65043549727e-08, 2.23482690132e-08, 2.863256654e-08, 1.24252528266e-08, 2.1906553016e-08, 5.73034375506e-09, 4.5580081931e-09, 5.89858251132e-09, 5.57858870209e-09, 1.17624932017e-09, 4.9029741378e-10, 3.36443484183e-10, 1.85489706928e-10, 1.43728251523e-10, 7.41567293683e-11, 7.96755092458e-11, 5.27590679478e-11, 6.46743700261e-11, 1.13741224772e-10, 6.70937611025e-11, 4.03597294474e-11, 7.35141322816e-11, 6.70514060941e-11, 4.29040483696e-11, 1.93701235607e-11, 1.50656865455e-11, 1.1891676012e-11]
    },
    "mfcc": {
        "mean": [-637.120849609, 132.02835083, -3.1539041996, 29.5900344849, 6.6924161911, 7.57252025604, 0.268186837435, 3.51469230652, 2.29938459396, 2.73557758331, -1.49010574818, 0.355283617973, -3.22960066795],
        "cov": [[10563.1083984, -398.032043457, -1006.534729, -162.085067749, -280.312011719, -77.1287689209, -208.034439087, -46.1653747559, -39.6701126099, 105.076309204, 60.1481513977, 75.9879226685, -6.93822050095], [-398.032043457, 1329.71984863, -421.778717041, 59.4266548157, -35.6078872681, -79.5955886841, 77.3713378906, -7.13490724564, 28.0959224701, -16.3430099487, -5.41594171524, 39.4749526978, 7.70642089844], [-1006.534729, -421.778717041, 862.583435059, -20.4634342194, 124.726699829, 51.0383911133, -36.7999343872, 42.406288147, -6.61480760574, -1.37933385372, -14.3508234024, -31.680973053, -1.49238717556], [-162.085067749, 59.4266548157, -20.4634342194, 282.848236084, 64.5646209717, 26.3143062592, 4.96522331238, -1.75807285309, 27.3581695557, -9.1936378479, -5.27447080612, 0.887952566147, 4.05749368668], [-280.312011719, -35.6078872681, 124.726699829, 64.5646209717, 197.126541138, 22.9899578094, -5.55671930313, 8.63430118561, 24.8619995117, 17.7221660614, -1.44795918465, 3.37436318398, 4.78234004974], [-77.1287689209, -79.5955886841, 51.0383911133, 26.3143062592, 22.9899578094, 142.820083618, 48.8923187256, 19.3193264008, -4.23974132538, 3.53225588799, 5.55902481079, -11.5352277756, -8.70211315155], [-208.034439087, 77.3713378906, -36.7999343872, 4.96522331238, -5.55671930313, 48.8923187256, 139.077087402, 34.9059638977, 4.30446386337, 0.985215723515, 11.2169399261, 7.11903524399, -3.44227910042], [-46.1653747559, -7.13490724564, 42.406288147, -1.75807285309, 8.63430118561, 19.3193264008, 34.9059638977, 86.9623413086, 20.086359024, 8.89025688171, 4.85844993591, 2.7091448307, 4.07945632935], [-39.6701126099, 28.0959224701, -6.61480760574, 27.3581695557, 24.8619995117, -4.23974132538, 4.30446386337, 20.086359024, 76.9239883423, 28.8749656677, 4.01668643951, 3.27475357056, 0.129313603044], [105.076309204, -16.3430099487, -1.37933385372, -9.1936378479, 17.7221660614, 3.53225588799, 0.985215723515, 8.89025688171, 28.8749656677, 86.0100326538, 34.4036750793, 8.38787555695, -6.76431512833], [60.1481513977, -5.41594171524, -14.3508234024, -5.27447080612, -1.44795918465, 5.55902481079, 11.2169399261, 4.85844993591, 4.01668643951, 34.4036750793, 72.2229156494, 22.3750133514, 0.32052603364], [75.9879226685, 39.4749526978, -31.680973053, 0.887952566147, 3.37436318398, -11.5352277756, 7.11903524399, 2.7091448307, 3.27475357056, 8.38787555695, 22.3750133514, 65.4673995972, 21.4144859314], [-6.93822050095, 7.70642089844, -1.49238717556, 4.05749368668, 4.78234004974, -8.70211315155, -3.44227910042, 4.07945632935, 0.129313603044, -6.76431512833, 0.32052603364, 21.4144859314, 61.3620262146]],
