{
"lowlevel": {
    "average_loudness": 0.91326123476,
    "barkbands_crest": {
        "dmean": 2.54918861389,
        "dmean2": 4.22238254547,
        "dvar": 6.12429761887,
        "dvar2": 16.2486057281,
        "max": 26.1543273926,
        "mean": 9.8119764328,
        "median": 8.9199180603,
        "min": 2.21605944633,
        "var": 17.9676017761
    },
    "barkbands_flatness_db": {
        "dmean": 0.0188747905195,
        "dmean2": 0.0298812054098,
        "dvar": 0.000405839411542,
        "dvar2": 0.000978662981652,
        "max": 0.471940368414,
        "mean": 0.129188090563,
        "median": 0.104170322418,
        "min": 0.0175937432796,
        "var": 0.00474115787074
    },
    "barkbands_kurtosis": {
        "dmean": 2.5690805912,
        "dmean2": 4.14992237091,
        "dvar": 37.8848991394,
        "dvar2": 88.1696395874,
        "max": 231.438796997,
        "mean": 3.75238609314,
        "median": 0.257480978966,
        "min": -1.95617568493,
        "var": 104.950111389
    },
    "barkbands_skewness": {
        "dmean": 0.522576391697,
        "dmean2": 0.813778400421,
        "dvar": 0.367092937231,
        "dvar2": 0.822434604168,
        "max": 11.9356546402,
        "mean": 1.33146643639,
        "median": 1.05642104149,
        "min": -3.80570220947,
        "var": 1.93651235104
    },
    "barkbands_spread": {
        "dmean": 5.79422426224,
        "dmean2": 9.23105812073,
        "dvar": 63.3470840454,
        "dvar2": 139.079833984,
        "max": 112.355278015,
        "mean": 29.2549171448,
        "median": 29.5451164246,
        "min": 0.396646738052,
        "var": 286.104309082
    },
    "dissonance": {
        "dmean": 0.0138466190547,
        "dmean2": 0.0231855064631,
        "dvar": 0.000299542560242,
        "dvar2": 0.000803557923064,
        "max": 0.500000059605,
        "mean": 0.469290226698,
        "median": 0.481067299843,
        "min": 0.250018745661,
        "var": 0.00117349706125
    },
    "dynamic_complexity": 3.5222196579,
    "erbbands_crest": {
        "dmean": 2.50690293312,
        "dmean2": 4.15077733994,
        "dvar": 6.56012058258,
        "dvar2": 16.7796535492,
        "max": 31.1985607147,
        "mean": 8.71190929413,
        "median": 7.48464250565,
        "min": 2.33814954758,
        "var": 19.9420566559
    },
    "erbbands_flatness_db": {
        "dmean": 0.0145642114803,
        "dmean2": 0.0219235327095,
        "dvar": 0.000225236857659,
        "dvar2": 0.000471210427349,
        "max": 0.421832054853,
        "mean": 0.157942220569,
        "median": 0.144085556269,
        "min": 0.0546703189611,
        "var": 0.00304559292272
    },
    "erbbands_kurtosis": {
        "dmean": 1.0592815876,
        "dmean2": 1.67653906345,
        "dvar": 3.97846317291,
        "dvar2": 9.64435577393,
        "max": 50.5484046936,
        "mean": 1.09603464603,
        "median": 0.269313097,
        "min": -1.81754076481,
        "var": 11.9736423492
    },
    "erbbands_skewness": {
        "dmean": 0.323319226503,
        "dmean2": 0.491239100695,
        "dvar": 0.138668477535,
        "dvar2": 0.281479358673,
        "max": 6.07003355026,
        "mean": -0.122634850442,
        "median": -0.275492429733,
        "min": -6.19383621216,
        "var": 0.961236059666
    },
    "erbbands_spread": {
        "dmean": 7.64501094818,
        "dmean2": 11.9055929184,
        "dvar": 90.0529785156,
        "dvar2": 211.957794189,
        "max": 163.912353516,
        "mean": 37.8924636841,
        "median": 35.4912109375,
        "min": 1.66714191437,
        "var": 336.880950928
    },
    "hfc": {
        "dmean": 7.4897146225,
        "dmean2": 11.5692682266,
        "dvar": 143.290649414,
        "dvar2": 323.081359863,
        "max": 181.220947266,
        "mean": 27.8309440613,
        "median": 25.3484363556,
        "min": 1.08886250806e-16,
        "var": 503.400726318
    },
    "melbands_crest": {
        "dmean": 2.95060348511,
        "dmean2": 4.82152938843,
        "dvar": 7.68538999557,
        "dvar2": 20.2532062531,
        "max": 33.3650550842,
        "mean": 14.1033916473,
        "median": 13.5027961731,
        "min": 1.86483967304,
        "var": 23.802532196
    },
    "melbands_flatness_db": {
        "dmean": 0.0234300587326,
        "dmean2": 0.0365330688655,
        "dvar": 0.00065752590308,
        "dvar2": 0.00151913915761,
        "max": 0.584156394005,
        "mean": 0.190221980214,
        "median": 0.167457103729,
        "min": 0.00481504341587,
        "var": 0.00703269522637
    },
    "melbands_kurtosis": {
        "dmean": 6.90063238144,
        "dmean2": 11.1815948486,
        "dvar": 210.41960144,
        "dvar2": 518.461975098,
        "max": 378.495117188,
        "mean": 13.3509950638,
        "median": 6.05691051483,
        "min": -1.91679167747,
        "var": 495.559875488
    },
    "melbands_skewness": {
        "dmean": 0.731533885002,
        "dmean2": 1.14698112011,
        "dvar": 0.762186050415,
        "dvar2": 1.78831720352,
        "max": 15.4347400665,
        "mean": 2.67065501213,
        "median": 2.34696102142,
        "min": -2.35508656502,
        "var": 3.170337677
    },
    "melbands_spread": {
        "dmean": 8.45322418213,
        "dmean2": 13.1942539215,
        "dvar": 178.699081421,
        "dvar2": 333.637908936,
        "max": 280.087799072,
        "mean": 31.8078899384,
        "median": 28.2703742981,
        "min": 0.598160862923,
        "var": 691.38885498
    },
    "pitch_salience": {
        "dmean": 0.07061547786,
        "dmean2": 0.116412572563,
        "dvar": 0.00468385312706,
        "dvar2": 0.012075021863,
        "max": 0.882377922535,
        "mean": 0.556724727154,
        "median": 0.567607760429,
        "min": 0.116293251514,
        "var": 0.0121867414564
    },
    "silence_rate_20dB": {
        "dmean": 0,
        "dmean2": 0,
        "dvar": 0,
        "dvar2": 0,
        "max": 1,
        "mean": 1,
        "median": 1,
        "min": 1,
        "var": 0
    },
    "silence_rate_30dB": {
        "dmean": 0.00705028511584,
        "dmean2": 0.0141020324081,
        "dvar": 0.00700098089874,
        "dvar2": 0.0184651874006,
        "max": 1,
        "mean": 0.995231211185,
        "median": 1,
        "min": 0,
        "var": 0.00474619725719
    },
    "silence_rate_60dB": {
        "dmean": 0.0145152928308,
        "dmean2": 0.0290335956961,
        "dvar": 0.0143052851781,
        "dvar2": 0.0339991860092,
        "max": 1,
        "mean": 0.096102014184,
        "median": 0,
        "min": 0,
        "var": 0.0868589654565
    },
    "spectral_centroid": {
        "dmean": 223.837921143,
        "dmean2": 347.716003418,
        "dvar": 89200.4296875,
        "dvar2": 170882.78125,
        "max": 11367.1679688,
        "mean": 1617.16271973,
        "median": 1688.73474121,
        "min": 210.341125488,
        "var": 564048.875
    },
    "spectral_complexity": {
        "dmean": 3.3886988163,
        "dmean2": 5.43425941467,
        "dvar": 13.483042717,
        "dvar2": 31.3544845581,
        "max": 60,
        "mean": 25.5673847198,
        "median": 30,
        "min": 0,
        "var": 220.29208374
    },
    "spectral_decrease": {
        "dmean": 2.55400478544e-09,
        "dmean2": 4.25018775729e-09,
        "dvar": 2.10167072187e-17,
        "dvar2": 5.50769939062e-17,
        "max": -1.60871580104e-28,
        "mean": -7.21920256908e-09,
        "median": -6.49084519466e-09,
        "min": -5.40179847519e-08,
        "var": 3.16286668542e-17
    },
    "spectral_energy": {
        "dmean": 0.0100797750056,
        "dmean2": 0.0167526509613,
        "dvar": 0.000317366211675,
        "dvar2": 0.000829083495773,
        "max": 0.207546696067,
        "mean": 0.0297713242471,
        "median": 0.027372976765,
        "min": 1.04834665559e-20,
        "var": 0.000501269591041
    },
    "spectral_energyband_high": {
        "dmean": 0.00046702552936,
        "dmean2": 0.000702980323695,
        "dvar": 1.06359334495e-06,
        "dvar2": 2.02791306947e-06,
        "max": 0.0221577659249,
        "mean": 0.00128251616843,
        "median": 0.000916306336876,
        "min": 7.16463780033e-21,
        "var": 3.36861990036e-06
    },
    "spectral_energyband_low": {
        "dmean": 0.00624563544989,
        "dmean2": 0.0104353185743,
        "dvar": 0.000209970035939,
        "dvar2": 0.000553759164177,
        "max": 0.183907315135,
        "mean": 0.0122685916722,
        "median": 0.00839531049132,
        "min": 8.51302275095e-23,
        "var": 0.000254472717643
    },
    "spectral_energyband_middle_high": {
        "dmean": 0.00240877992474,
        "dmean2": 0.00382971949875,
        "dvar": 1.4329597434e-05,
        "dvar2": 3.51042726834e-05,
        "max": 0.0636064708233,
        "mean": 0.00770663982257,
        "median": 0.00603527761996,
        "min": 1.9530158354e-21,
        "var": 5.451069228e-05
    },
    "spectral_energyband_middle_low": {
        "dmean": 0.00421797391027,
        "dmean2": 0.00700893998146,
        "dvar": 8.95416451385e-05,
        "dvar2": 0.000245327595621,
        "max": 0.125642240047,
        "mean": 0.00975338555872,
        "median": 0.00783162377775,
        "min": 2.44458730146e-22,
        "var": 0.00010035525338
    },
    "spectral_entropy": {
        "dmean": 0.12649333477,
        "dmean2": 0.187806934118,
        "dvar": 0.027065558359,
        "dvar2": 0.0508751049638,
        "max": 9.79781627655,
        "mean": 7.65164709091,
        "median": 7.86802196503,
        "min": 4.51372814178,
        "var": 0.343138486147
    },
    "spectral_flux": {
        "dmean": 0.0241112876683,
        "dmean2": 0.0387136861682,
        "dvar": 0.00107103085611,
        "dvar2": 0.00241137482226,
        "max": 0.402919977903,
        "mean": 0.0846383422613,
        "median": 0.0799653232098,
        "min": 1.02388798828e-10,
        "var": 0.00268833432347
    },
    "spectral_kurtosis": {
        "dmean": 1.63624274731,
        "dmean2": 2.70987129211,
        "dvar": 9.30583572388,
        "dvar2": 25.5467319489,
        "max": 99.7368164062,
        "mean": 4.73841619492,
        "median": 3.37758612633,
        "min": -1.34499657154,
        "var": 35.5231552124
    },
    "spectral_rms": {
        "dmean": 0.000795307743829,
        "dmean2": 0.00128534343094,
        "dvar": 1.22637231925e-06,
        "dvar2": 3.04245622829e-06,
        "max": 0.0142297074199,
        "mean": 0.00496155163273,
        "median": 0.0051677217707,
        "min": 3.1980889291e-12,
        "var": 4.42819964519e-06
    },
    "spectral_rolloff": {
        "dmean": 509.93057251,
        "dmean2": 857.748168945,
        "dvar": 1017679,
        "dvar2": 2039665.25,
        "max": 18798.4863281,
        "mean": 1954.0769043,
        "median": 1701.12304688,
        "min": 64.599609375,
        "var": 3669639
    },
    "spectral_skewness": {
        "dmean": 0.20454826951,
        "dmean2": 0.323465406895,
        "dvar": 0.069585904479,
        "dvar2": 0.166288390756,
        "max": 8.51560878754,
        "mean": 1.48646330833,
        "median": 1.35903406143,
        "min": -0.468886733055,
        "var": 0.413856446743
    },
    "spectral_spread": {
        "dmean": 472575.25,
        "dmean2": 672921.625,
        "dvar": 535139778560,
        "dvar2": 860585721856,
        "max": 39871008,
        "mean": 4564226,
        "median": 4349185,
        "min": 858434.9375,
        "var": 3.2985031639e+12
    },
    "spectral_strongpeak": {
        "dmean": 0.544039309025,
        "dmean2": 0.951380252838,
        "dvar": 1.21769475937,
        "dvar2": 3.21082854271,
        "max": 12.3651752472,
        "mean": 0.824801325798,
        "median": 0.382355511189,
        "min": 0,
        "var": 1.6201634407
    },
    "zerocrossingrate": {
        "dmean": 0.0100127775222,
        "dmean2": 0.0117523688823,
        "dvar": 0.000241050176555,
        "dvar2": 0.000235395287746,
        "max": 0.505859375,
        "mean": 0.071770966053,
        "median": 0.06591796875,
        "min": 0.00439453125,
        "var": 0.00252314913087
    },
    "barkbands": {
        "dmean": [0.000188532809261, 0.00456014508381, 0.00214414019138, 0.00121025950648, 0.00224340427667, 0.000565530383028, 0.000557859020773, 0.000546067545656, 0.000697899842635, 0.000363495841157, 0.000426516984589, 0.000408658554079, 0.000531550031155, 0.000633897143416, 0.000688827363774, 0.000449469283922, 0.000375773000997, 0.000220416855882, 0.000253970298218, 0.000136631089845, 0.000108486397949, 0.000105128376163, 0.000114744696475, 0.000122930214275, 8.5207837401e-05, 1.80633142008e-05, 1.39029384627e-06],
        "dmean2": [0.000312003947329, 0.00775913707912, 0.00349917658605, 0.00201756344177, 0.00381244369783, 0.000929500209168, 0.000877470243722, 0.00086497864686, 0.00113583391067, 0.000576099439058, 0.000700971810147, 0.000660337915178, 0.00084921362577, 0.00102075049654, 0.00111475074664, 0.000736638205126, 0.000611971016042, 0.000353897514287, 0.000424577301601, 0.000231472527958, 0.000184632808669, 0.000170535262441, 0.000176954417839, 0.000179842623766, 0.000125650054542, 2.71331355179e-05, 2.24321684072e-06],
        "dvar": [1.42875350662e-07, 0.00012775909272, 2.14046940528e-05, 6.07616857451e-06, 3.98682168452e-05, 1.96802966457e-06, 1.73562125383e-06, 2.22399148697e-06, 2.84224188363e-06, 9.97327902041e-07, 1.97696090254e-06, 1.2498705928e-06, 1.89512240922e-06, 1.7911327177e-06, 2.76009723166e-06, 9.37551874358e-07, 5.7604313497e-07, 1.49038882569e-07, 2.0262021394e-07, 5.56240138394e-08, 4.1178548571e-08, 3.06846921205e-08, 8.59224584815e-08, 1.69553644014e-07, 7.72392638737e-08, 2.55812571126e-09, 1.09084000513e-11],
        "dvar2": [3.68980892063e-07, 0.000338005222147, 5.92568685533e-05, 1.73556527443e-05, 0.000109918430098, 5.29091039425e-06, 4.31013631896e-06, 5.34516766493e-06, 7.46594514567e-06, 2.51022561315e-06, 4.91087348564e-06, 3.15593047162e-06, 4.8232059271e-06, 4.38649067291e-06, 6.97723908161e-06, 2.25155395128e-06, 1.37015661039e-06, 3.71044279746e-07, 5.31039859197e-07, 1.55094468823e-07, 1.12226508975e-07, 7.7102050966e-08, 1.82997311526e-07, 2.96232514074e-07, 1.52131860887e-07, 5.48803669176e-09, 2.72756869174e-11],
        "max": [0.00559293664992, 0.13928347826, 0.0671838596463, 0.0351033136249, 0.0968297719955, 0.0291310809553, 0.0214238185436, 0.0385966151953, 0.0331232175231, 0.0271861627698, 0.0352791287005, 0.0256475638598, 0.0324025973678, 0.0310829915106, 0.0295302364975, 0.0219422448426, 0.0271662175655, 0.00830917432904, 0.0124211637303, 0.00427850941196, 0.0033830483444, 0.00352482311428, 0.0086812581867, 0.00819145236164, 0.00633009010926, 0.00158531125635, 5.58471438126e-05],
        "mean": [0.000268524774583, 0.00688364636153, 0.00403327587992, 0.00215433258563, 0.00346041331068, 0.000911140115932, 0.000929001602344, 0.000871986383572, 0.00111503212247, 0.000643299077637, 0.000626219611149, 0.000624369538855, 0.000844618480187, 0.00106014613993, 0.00118060573004, 0.000856837723404, 0.000742299482226, 0.000512132945005, 0.000577273429371, 0.000318074424285, 0.000233835977269, 0.000248505850323, 0.000235719926422, 0.000249076372711, 0.000155752393766, 3.35699769494e-05, 1.67243729265e-06],
        "median": [0.000131503053126, 0.0034649213776, 0.00209627300501, 0.000952679489274, 0.00185741204768, 0.000449576240499, 0.00028529233532, 0.000185280499863, 0.0003361463896, 0.000224805917242, 0.000206467506359, 0.00023859765497, 0.000299577077385, 0.000479293084936, 0.000402951904107, 0.000525930547155, 0.000469608407002, 0.000365326355677, 0.000460483221104, 0.000242323440034, 0.000184807970072, 0.000178748421604, 0.000136312126415, 9.0969253506e-05, 5.53181198484e-05, 1.09847587737e-05, 3.62317791769e-07],
        "min": [8.78737153439e-23, 3.87494282661e-23, 2.00878380805e-23, 5.83166449704e-24, 7.80833077996e-23, 4.40889784535e-23, 5.01481748903e-23, 2.92645181514e-23, 3.41080957105e-23, 1.79165154782e-22, 1.03499964404e-22, 1.44555592816e-22, 1.24613327972e-22, 1.26719258423e-22, 1.24106286047e-22, 2.70632983519e-22, 1.75725178499e-22, 3.33131618384e-22, 2.80310299964e-22, 2.793248423e-22, 3.07969681811e-22, 5.51906375364e-22, 8.15892101352e-22, 9.89011350426e-22, 9.71889156033e-22, 1.38960062314e-21, 2.2380199461e-21],
        "var": [1.98176138611e-07, 0.000135539856274, 3.06758774968e-05, 1.12960633487e-05, 3.46489832737e-05, 2.29975580623e-06, 3.16086288876e-06, 3.74824571736e-06, 5.12731685376e-06, 2.2540880309e-06, 2.88624642053e-06, 1.93771779777e-06, 3.26769713865e-06, 3.35399090545e-06, 5.46827686776e-06, 1.99289115699e-06, 1.09429697659e-06, 3.84567130141e-07, 4.19474986302e-07, 1.29392560666e-07, 7.24379489725e-08, 8.38339673237e-08, 2.01595696581e-07, 4.77303956359e-07, 1.76898339532e-07, 5.09476549837e-09, 1.28137613367e-11]
    },
    "erbbands": {
        "dmean": [0.106543779373, 1.13884830475, 2.56536793709, 3.03295779228, 6.79162406921, 7.75139570236, 5.05365896225, 4.72457027435, 6.95505285263, 9.25957965851, 12.6055498123, 16.262834549, 12.7063903809, 13.1885309219, 16.5284252167, 16.0883426666, 22.1923618317, 30.9522266388, 33.1345062256, 25.658115387, 22.1532917023, 19.7482948303, 13.2689628601, 11.2313079834, 11.9605693817, 5.82711219788, 4.44959688187, 4.6250743866, 3.87290644646, 3.09873270988, 3.50519418716, 2.68523740768, 2.15950584412, 1.23938655853, 0.443305969238, 0.112864896655, 0.027184182778, 0.00522304140031, 0.000126436032588, 1.4608888705e-05],
        "dmean2": [0.180073335767, 1.9386895895, 4.2355670929, 4.95412778854, 11.7108325958, 13.0139160156, 8.50715923309, 7.66759443283, 10.9479408264, 14.4239816666, 20.0438976288, 26.1824035645, 19.9564876556, 21.201341629, 27.1054801941, 25.9253578186, 35.5325431824, 49.7344169617, 53.666015625, 41.4436607361, 35.7367591858, 32.1231842041, 21.299747467, 18.5580825806, 19.8780078888, 9.89545059204, 7.63489770889, 7.8010840416, 6.30936193466, 4.91426038742, 5.41854953766, 3.99124908447, 3.16021871567, 1.82610869408, 0.647335350513, 0.168093800545, 0.0414083078504, 0.00794816575944, 0.000191436498426, 2.30879995797e-05],
        "dvar": [0.0438148826361, 9.12962818146, 40.8106842041, 30.5290622711, 457.226959229, 350.926696777, 163.246398926, 152.066970825, 304.867614746, 590.617126465, 958.683227539, 1609.71911621, 964.677124023, 2257.42089844, 3056.92797852, 1328.39758301, 3531.14355469, 4052.20532227, 6677.01025391, 3757.12963867, 2009.48620605, 1942.67492676, 545.400146484, 447.939025879, 447.083557129, 109.295837402, 83.5736160278, 71.5777893066, 41.4918861389, 42.6564788818, 82.6745834351, 85.6003952026, 49.7369766235, 15.8648471832, 2.68936157227, 0.137148708105, 0.00492243468761, 0.000142656223034, 7.68329044831e-08, 5.77950798331e-10],
        "dvar2": [0.119982153177, 24.0705432892, 111.212982178, 86.8520889282, 1270.88598633, 975.953369141, 458.969055176, 393.565185547, 761.551147461, 1460.34484863, 2404.91113281, 4208.85498047, 2237.77270508, 5831.57910156, 7943.27978516, 3417.40380859, 8945.37109375, 9999.26269531, 17588.4179688, 9007.98144531, 4647.62158203, 4733.43603516, 1339.7175293, 1145.328125, 1185.8918457, 303.621398926, 233.662841797, 191.746353149, 107.091049194, 99.673614502, 175.2603302, 164.419006348, 89.9211273193, 30.7687168121, 5.57192182541, 0.286150306463, 0.0109658529982, 0.000319621525705, 1.73527979541e-07, 1.38742584088e-09],
        "max": [2.79663157463, 37.3496055603, 85.9905700684, 87.815826416, 307.691680908, 329.787567139, 406.281768799, 307.141479492, 353.539733887, 636.684326172, 701.950805664, 856.976806641, 762.340393066, 1364.60498047, 1676.99511719, 969.460327148, 1656.39318848, 1038.60412598, 1722.05285645, 1719.85400391, 1318.75024414, 1779.08569336, 563.966430664, 635.802612305, 709.126831055, 168.733337402, 144.638076782, 165.945678711, 106.057197571, 197.61239624, 253.101196289, 229.109893799, 161.681442261, 90.8814163208, 47.4212722778, 12.2389764786, 2.15040636063, 0.291893184185, 0.00540541531518, 0.000306250818539],
        "mean": [0.151398032904, 1.70269596577, 4.48430156708, 6.52576541901, 9.43605327606, 12.5864143372, 8.20233440399, 7.82384538651, 11.2036809921, 16.918674469, 20.0070762634, 26.7158374786, 23.0199947357, 21.796131134, 25.6565341949, 27.7633934021, 38.1271018982, 54.7808151245, 59.6688079834, 49.943107605, 48.6007423401, 41.3065223694, 31.2430534363, 26.6460056305, 28.0740585327, 14.3364477158, 9.5150308609, 9.90567970276, 9.13007831573, 6.87897253036, 7.01859235764, 5.5227098465, 4.01923704147, 2.20990896225, 0.826237022877, 0.219088345766, 0.0478628240526, 0.00790705531836, 0.000208649449633, 4.50844527222e-05],
        "median": [0.0872948095202, 0.824966907501, 2.50011372566, 3.98073291779, 4.30895090103, 6.59642124176, 4.42432022095, 3.7669377327, 4.27056503296, 5.1772942543, 5.52196598053, 9.16335582733, 8.58079433441, 7.35271549225, 8.77163314819, 12.6282091141, 15.7116298676, 25.4138870239, 26.3641986847, 23.0996379852, 32.2484664917, 27.0619888306, 21.4281692505, 22.2254486084, 21.0328140259, 11.652431488, 7.1507358551, 7.68435192108, 6.59256744385, 4.59411478043, 4.0821595192, 2.26563358307, 1.36513853073, 0.760343432426, 0.284846425056, 0.0763069391251, 0.0153271406889, 0.0022293641232, 7.6776734204e-05, 4.07993575209e-05],
        "min": [1.10845160626e-21, 9.512797572e-21, 2.00811810032e-20, 3.27617353934e-20, 1.76094150833e-19, 2.64772940206e-19, 2.00576280046e-19, 4.1128919321e-19, 7.49880119021e-19, 5.24719643429e-19, 8.33952585132e-19, 9.21761167575e-19, 2.66734604198e-18, 4.93079840242e-18, 7.36854640332e-18, 4.65124775132e-18, 5.54657026197e-18, 6.41669188807e-18, 6.94164758817e-18, 7.02980188041e-18, 1.5180640286e-17, 1.20650430021e-17, 1.74914950586e-17, 1.52486030995e-17, 1.28249291631e-17, 1.27924780405e-17, 1.21718518715e-17, 1.7213041249e-17, 2.08538204669e-17, 1.80312304083e-17, 2.42768576234e-17, 1.62014622256e-17, 1.94028828067e-17, 1.01970549392e-17, 7.65201210025e-18, 5.67010100106e-18, 2.55578626072e-18, 1.0219864031e-18, 2.87494092368e-19, 3.41325740012e-20],
        "var": [0.0515989176929, 9.21864700317, 43.9150123596, 67.2866744995, 379.457336426, 369.967681885, 188.22756958, 193.181671143, 440.334747314, 1084.71057129, 1482.1887207, 2922.92626953, 2374.51953125, 3810.96948242, 4938.4609375, 2421.52416992, 5943.96923828, 8401.83203125, 11348.6289062, 7942.49804688, 5254.90283203, 3483.11010742, 1438.6427002, 935.727233887, 1012.36730957, 245.591415405, 130.993103027, 138.056808472, 114.298751831, 93.6605148315, 192.679229736, 235.696502686, 127.147590637, 37.665222168, 5.40644407272, 0.27341273427, 0.00940676033497, 0.000246636249358, 1.34622609949e-07, 1.20817900129e-09]
    },
    "gfcc": {
        "mean": [-7.31833791733, 86.3157119751, -122.313552856, 42.8986701965, -47.7154808044, 19.9747180939, -44.7231521606, 7.3993024826, -21.4815731049, -0.336950600147, -16.7643909454, -3.90873765945, -13.0882415771],
        "cov": [[20631.3027344, -1991.49572754, -43.055355072, 1266.93530273, -780.01550293, 1433.59606934, -90.4776611328, 1090.60705566, -252.129180908, 195.663192749, -509.184234619, 224.850570679, -432.66015625], [-1991.49572754, 2124.29760742, -228.49659729, -70.3997573853, 591.755371094, -464.134979248, 170.900299072, -272.517822266, 110.308128357, -157.643127441, 158.96446228, -192.169967651, 102.171951294], [-43.055355072, -228.49659729, 912.165344238, 139.457519531, -108.626998901, 97.6396865845, -156.558273315, 11.4780797958, -65.1518783569, 26.8090648651, -34.0402297974, 30.177488327, -24.9934520721], [1266.93530273, -70.3997573853, 139.457519531, 553.600891113, 230.094787598, 85.3795394897, 102.813850403, 93.7531967163, -5.32926988602, 63.9164772034, -28.5645809174, 0.963873267174, 55.3558502197], [-780.01550293, 591.755371094, -108.626998901, 230.094787598, 555.78302002, -80.9281463623, 179.175064087, -27.66888237, 51.4336624146, 21.0720920563, 51.781993866, -53.3856773376, 88.3412246704], [1433.59606934, -464.134979248, 97.6396865845, 85.3795394897, -80.9281463623, 384.453277588, 77.6934051514, 140.160568237, -9.90042304993, 45.1244163513, -40.6688804626, 47.3941574097, -63.296295166], [-90.4776611328, 170.900299072, -156.558273315, 102.813850403, 179.175064087, 77.6934051514, 325.314544678, 57.1121902466, 23.3252239227, 31.417634964, 21.124294281, -1.55055606365, 19.9292678833], [1090.60705566, -272.517822266, 11.4780797958, 93.7531967163, -27.66888237, 140.160568237, 57.1121902466, 201.434997559, 32.2022514343, 38.9981956482, -31.6350498199, 29.781879425, -20.364107132], [-252.129180908, 110.308128357, -65.1518783569, -5.32926988602, 51.4336624146, -9.90042304993, 23.3252239227, 32.2022514343, 139.875427246, 26.1004829407, 3.68446040154, -21.1332645416, 4.37239360809], [195.663192749, -157.643127441, 26.8090648651, 63.9164772034, 21.0720920563, 45.1244163513, 31.417634964, 38.9981956482, 26.1004829407, 109.44732666, -0.852082014084, 14.7969236374, 3.42442369461], [-509.184234619, 158.96446228, -34.0402297974, -28.5645809174, 51.781993866, -40.6688804626, 21.124294281, -31.6350498199, 3.68446040154, -0.852082014084, 97.3748779297, 17.1186599731, 17.7109909058], [224.850570679, -192.169967651, 30.177488327, 0.963873267174, -53.3856773376, 47.3941574097, -1.55055606365, 29.781879425, -21.1332645416, 14.7969236374, 17.1186599731, 96.8202667236, 7.98794364929], [-432.66015625, 102.171951294, -24.9934520721, 55.3558502197, 88.3412246704, -63.296295166, 19.9292678833, -20.364107132, 4.37239360809, 3.42442369461, 17.7109909058, 7.98794364929, 94.3251266479]],
        "icov": [[0.000209872014238, -0.000432987668319, 0.000375318690203, -0.000667730579153, 0.000512443948537, -0.000634940573946, 0.000607064575888, -0.000846693525091, 0.000705759855919, -0.000518102082424, 0.000750688952394, -0.000542353081983, 0.000596989586484], [-0.000432987668319, 0.00248724594712, -0.00104495394044, 0.00165489839856, -0.00220346450806, 0.0023291814141, -0.00208742264658, 0.00250890175812, -0.0024734896142, 0.00304909213446, -0.00296537880786, 0.00269097578712, -0.000986087368801], [0.000375318690203, -0.00104495394044, 0.00213242904283, -0.00175960222259, 0.00122606346849, -0.00168571784161, 0.0020457112696, -0.0014035057975, 0.00184823735617, -0.00158184755128, 0.00157420535106, -0.00136156473309, 0.00122788303997], [-0.000667730579153, 0.00165489839856, -0.00175960222259, 0.00529701309279, -0.00320790801197, 0.00183479173575, -0.00219741347246, 0.00154512701556, -0.00151891005225, 0.00101022713352, -0.00153208163101, 0.00220776069909, -0.00326232006773], [0.000512443948537, -0.00220346450806, 0.00122606346849, -0.00320790801197, 0.00567311001942, -0.00190274964552, 0.000633806572296, -0.00187768565957, 0.0015649566194, -0.00259044603445, 0.00131557462737, -0.000732929504011, -0.000348010682501], [-0.000634940573946, 0.0023291814141, -0.00168571784161, 0.00183479173575, -0.00190274964552, 0.0071908547543, -0.00361259258352, 0.0011184590403, -0.00236720219254, 0.00223849713802, -0.00227961642668, 0.0010939972708, 0.0010172247421], [0.000607064575888, -0.00208742264658, 0.0020457112696, -0.00219741347246, 0.000633806572296, -0.00361259258352, 0.00703894207254, -0.0036914111115, 0.00294822314754, -0.00308364327066, 0.00207840208896, -0.00216619088314, 0.00134377053473], [-0.000846693525091, 0.00250890175812, -0.0014035057975, 0.00154512701556, -0.00187768565957, 0.0011184590403, -0.0036914111115, 0.0121728340164, -0.00575895048678, 0.00248553790152, -0.00197325041518, 0.00081628432963, -0.00148482364602], [0.000705759855919, -0.0024734896142, 0.00184823735617, -0.00151891005225, 0.0015649566194, -0.00236720219254, 0.00294822314754, -0.00575895048678, 0.0120730530471, -0.00535216694698, 0.00289965001866, -0.000452778564068, 0.00150578899775], [-0.000518102082424, 0.00304909213446, -0.00158184755128, 0.00101022713352, -0.00259044603445, 0.00223849713802, -0.00308364327066, 0.00248553790152, -0.00535216694698, 0.0148768769577, -0.00389658194035, 0.00175303849392, -0.00128367892466], [0.000750688952394, -0.00296537880786, 0.00157420535106, -0.00153208163101, 0.00131557462737, -0.00227961642668, 0.00207840208896, -0.00197325041518, 0.00289965001866, -0.00389658194035, 0.0172652751207, -0.00759178353474, 0.00175280694384], [-0.000542353081983, 0.00269097578712, -0.00136156473309, 0.00220776069909, -0.000732929504011, 0.0010939972708, -0.00216619088314, 0.00081628432963, -0.000452778564068, 0.00175303849392, -0.00759178353474, 0.01750263758, -0.00510391686112], [0.000596989586484, -0.000986087368801, 0.00122788303997, -0.00326232006773, -0.000348010682501, 0.0010172247421, 0.00134377053473, -0.00148482364602, 0.00150578899775, -0.00128367892466, 0.00175280694384, -0.00510391686112, 0.0171319376677]]
    },
    "melbands": {
        "dmean": [0.00109940057155, 0.00139648083132, 0.000608254922554, 0.000541232526302, 0.000203525079996, 0.000107236301119, 0.000109579006676, 0.000103372032754, 0.000107764273707, 0.000105247672764, 6.32780429441e-05, 5.22028167325e-05, 5.46639676031e-05, 4.54311593785e-05, 4.62234347651e-05, 5.43172136531e-05, 6.43793027848e-05, 5.40420078323e-05, 5.08593657287e-05, 3.36110206263e-05, 2.62827870756e-05, 2.2938096663e-05, 1.67445832631e-05, 1.04049540823e-05, 1.0002117051e-05, 1.0296011169e-05, 7.62914714869e-06, 3.68054202227e-06, 2.95574454867e-06, 2.83051122096e-06, 2.94687583846e-06, 2.39711357608e-06, 2.22023300012e-06, 1.80460961019e-06, 2.21937398237e-06, 1.93928599401e-06, 1.70124917531e-06, 1.56113458161e-06, 1.52703023559e-06, 9.47569503751e-07],
        "dmean2": [0.0018590852851, 0.00232831761241, 0.00101084331982, 0.000926004431676, 0.000341697479598, 0.00017432057939, 0.000171544525074, 0.000160368173965, 0.00017140743148, 0.000170400089701, 9.92756395135e-05, 8.42602385092e-05, 8.98175712791e-05, 7.31734617148e-05, 7.28880040697e-05, 8.72634336702e-05, 0.000103537568066, 8.73701719684e-05, 8.11263453215e-05, 5.50373661099e-05, 4.25175167038e-05, 3.75605013687e-05, 2.72778233921e-05, 1.68250480783e-05, 1.66466106748e-05, 1.71645206137e-05, 1.28653673528e-05, 6.2740600697e-06, 5.11301186634e-06, 4.82030554849e-06, 4.92914887218e-06, 3.96241830458e-06, 3.5987825413e-06, 2.88282512884e-06, 3.52202323484e-06, 2.89451645585e-06, 2.58894738181e-06, 2.33920627579e-06, 2.26565180128e-06, 1.41655550578e-06],
        "dvar": [6.05182640356e-06, 1.31865199364e-05, 1.48625110796e-06, 2.57562214756e-06, 2.21581899496e-07, 7.41245997915e-08, 6.75162183938e-08, 7.856549189e-08, 6.56542553656e-08, 6.94316710792e-08, 2.44246578518e-08, 3.6012927751e-08, 3.03992919726e-08, 1.81855650538e-08, 1.45904461846e-08, 2.05988364144e-08, 1.79715282655e-08, 1.87638562466e-08, 1.85488193694e-08, 6.41919140065e-09, 2.71216871184e-09, 2.55189513965e-09, 1.04068387241e-09, 3.35556998854e-10, 3.76568914939e-10, 3.41618622279e-10, 1.55842269645e-10, 4.56576824959e-11, 3.67659271083e-11, 2.73855833843e-11, 2.56467538179e-11, 1.74428024108e-11, 1.44935747431e-11, 1.63368190503e-11, 2.77312044855e-11, 3.89401774714e-11, 3.72090726286e-11, 2.70413639397e-11, 2.25043213231e-11, 1.00667356395e-11],
        "dvar2": [1.61671778187e-05, 3.50256304955e-05, 4.19431808041e-06, 7.1614404078e-06, 6.17805596903e-07, 1.93363717926e-07, 1.6683415538e-07, 1.89746060641e-07, 1.64974466088e-07, 1.82595414344e-07, 5.63484974236e-08, 9.41388478282e-08, 7.86906610983e-08, 4.68564422818e-08, 3.47827757707e-08, 5.42095719425e-08, 4.39989733536e-08, 4.9005269176e-08, 4.5549651162e-08, 1.59868704941e-08, 6.41939790214e-09, 6.29276009079e-09, 2.5438160467e-09, 8.29962598647e-10, 9.75157732341e-10, 9.00850061214e-10, 4.28616586667e-10, 1.27871935263e-10, 1.03701873477e-10, 7.46866249401e-11, 6.7404776205e-11, 4.64206728612e-11, 3.66311772582e-11, 3.86965841315e-11, 6.26258350733e-11, 7.55722082135e-11, 7.65533747504e-11, 5.17650991516e-11, 4.26154736499e-11, 2.04427395151e-11],
        "max": [0.0329155474901, 0.0436206422746, 0.0164215210825, 0.0254726409912, 0.0141889490187, 0.0065338392742, 0.004972551018, 0.00672478973866, 0.00517514627427, 0.00568450754508, 0.0038111708127, 0.00571352103725, 0.00394361233339, 0.00363506376743, 0.00308467634022, 0.00322754867375, 0.00208707689308, 0.00315907946788, 0.00302484142594, 0.00171536451671, 0.00155098980758, 0.00172662513796, 0.000884538167156, 0.000501467089634, 0.000608214177191, 0.000609607668594, 0.000288888812065, 0.000129472551635, 9.23215629882e-05, 0.000109065098513, 0.000107786901935, 7.47591766412e-05, 0.000102307458292, 0.000112423040264, 0.000150414503878, 0.000187217476196, 0.000150176201714, 0.000115168688353, 0.000113724687253, 7.99706685939e-05],
        "mean": [0.00167350727133, 0.00243690866046, 0.00123425817583, 0.000814336468466, 0.000351056834916, 0.000174662724021, 0.00018387795717, 0.000185686352779, 0.000166625264683, 0.000169650113094, 0.000110132044938, 8.301177877e-05, 8.12957659946e-05, 7.1932321589e-05, 7.76683955337e-05, 8.47593473736e-05, 0.000106413543108, 9.09631562536e-05, 8.73854733072e-05, 5.96854733885e-05, 5.46397604921e-05, 4.36439331679e-05, 3.37265046255e-05, 2.34703074966e-05, 2.10444795812e-05, 2.18578497879e-05, 1.65578549058e-05, 7.88070974522e-06, 5.80044161325e-06, 5.48874459128e-06, 5.90593799643e-06, 5.20644789503e-06, 4.61343415736e-06, 3.52088090949e-06, 4.15785325458e-06, 3.69338818018e-06, 3.23380459122e-06, 2.80972426481e-06, 2.51438200394e-06, 1.65004576047e-06],
        "median": [0.000933314440772, 0.00144793628715, 0.000770576589275, 0.000426160229836, 0.000199352187337, 8.37458792375e-05, 6.46324042464e-05, 5.4898475355e-05, 4.27315753768e-05, 5.38996173418e-05, 3.90697096009e-05, 2.56666098721e-05, 2.67111736321e-05, 2.83255794784e-05, 3.33470779879e-05, 3.01281543216e-05, 4.41811862402e-05, 4.07730440202e-05, 2.81954853563e-05, 3.28425776388e-05, 3.67124157492e-05, 2.63672300207e-05, 2.1618539904e-05, 1.60765521287e-05, 1.67366051755e-05, 1.60503368534e-05, 1.11046101665e-05, 6.2643612182e-06, 4.13552879763e-06, 4.05271657655e-06, 4.20570722781e-06, 3.49341780748e-06, 3.27370253217e-06, 2.04995922104e-06, 2.47431853495e-06, 1.62398362136e-06, 1.21097605188e-06, 8.99969450074e-07, 8.19755882731e-07, 5.36707375431e-07],
        "min": [1.39557366965e-23, 1.18054564856e-23, 7.24803900881e-24, 2.04927162069e-23, 6.47534462455e-24, 9.36680659313e-24, 1.08805975381e-23, 5.20182256752e-24, 7.28842632058e-24, 4.942949184e-24, 1.58633554044e-23, 2.26665297163e-23, 1.97334044535e-23, 1.88173365718e-23, 1.1907885341e-23, 1.07536280088e-23, 1.19898724438e-23, 1.09373521359e-23, 9.19960357996e-24, 1.32477166792e-23, 1.8380212967e-23, 1.18490394729e-23, 1.10028654564e-23, 1.73780677389e-23, 1.1154798489e-23, 1.25884719316e-23, 6.01260907274e-24, 9.15309470757e-24, 9.2661424196e-24, 6.26864729017e-24, 1.08983713631e-23, 1.34025763857e-23, 8.2220858004e-24, 1.16144188291e-23, 1.53517933068e-23, 9.59411607411e-24, 1.0059891107e-23, 1.5694559681e-23, 8.71933165023e-24, 8.33366228683e-24],
        "var": [6.87816555001e-06, 1.36880589707e-05, 2.35230891121e-06, 2.14791816688e-06, 2.68018538918e-07, 9.21759948369e-08, 1.13063499896e-07, 1.46712352489e-07, 1.08405380672e-07, 1.25415624552e-07, 5.94030851175e-08, 6.00019731678e-08, 4.55093065455e-08, 2.96786257792e-08, 2.52676173318e-08, 3.34827063853e-08, 3.57735601142e-08, 2.90046138218e-08, 3.78366706855e-08, 1.10772360173e-08, 6.66338495492e-09, 4.32458557853e-09, 2.11089279389e-09, 8.42680758506e-10, 6.8645400475e-10, 6.51876497226e-10, 3.85729614916e-10, 8.35186711456e-11, 5.34729031887e-11, 4.36099281687e-11, 5.36091483705e-11, 4.3561772245e-11, 3.05101881259e-11, 3.2526231708e-11, 5.83803491661e-11, 9.69990129884e-11, 9.3023908021e-11, 6.401401631e-11, 5.20852146135e-11, 2.22511991471e-11]
    },
    "mfcc": {
        "mean": [-639.492248535, 106.601165771, -4.21693134308, 23.1620006561, 19.4549407959, 10.301782608, -2.6927511692, 4.94221925735, -2.68404150009, 3.22522139549, 0.799693346024, -4.51445388794, -2.49953103065],
        "cov": [[14132.0664062, -1411.74914551, -314.406463623, 236.822158813, -393.638244629, 342.792053223, 316.671783447, 592.776489258, 451.725189209, 355.787658691, 288.934509277, 181.486541748, -62.7051124573], [-1411.74914551, 1625.10510254, -244.778457642, 167.359939575, 165.857009888, -59.7082939148, -44.1055450439, -29.9973945618, -108.479629517, -41.0870704651, 8.68758869171, -46.4935836792, 34.2850990295], [-314.406463623, -244.778457642, 829.448364258, -42.5737495422, 60.3949203491, 18.6316299438, -49.9880943298, -55.6039772034, -40.0340576172, -38.4678268433, -51.5067481995, -5.49548864365, 28.5781078339], [236.822158813, 167.359939575, -42.5737495422, 533.303405762, 183.827590942, 61.792301178, 138.22328186, -35.6615409851, 120.777854919, 21.0033893585, -29.6697406769, 26.5742034912, 49.3048706055], [-393.638244629, 165.857009888, 60.3949203491, 183.827590942, 309.204437256, 42.490272522, 12.7481851578, -32.9063453674, 31.3291988373, 22.8871040344, -19.0789470673, -8.85402011871, 35.6308021545], [342.792053223, -59.7082939148, 18.6316299438, 61.792301178, 42.490272522, 200.314086914, 122.191848755, 50.8406829834, 62.3030776978, 31.7993869781, 42.1831016541, 38.6067810059, -13.1173477173], [316.671783447, -44.1055450439, -49.9880943298, 138.22328186, 12.7481851578, 122.191848755, 259.701812744, 73.1148529053, 74.2265319824, 28.5056629181, 19.4380989075, 50.6465530396, -0.921281278133], [592.776489258, -29.9973945618, -55.6039772034, -35.6615409851, -32.9063453674, 50.8406829834, 73.1148529053, 180.87071228, 41.6604347229, 45.1409683228, 51.0477638245, 20.2182159424, -6.68318128586], [451.725189209, -108.479629517, -40.0340576172, 120.777854919, 31.3291988373, 62.3030776978, 74.2265319824, 41.6604347229, 177.06628418, 69.8929595947, 26.1931705475, 32.7948760986, 2.08559799194], [355.787658691, -41.0870704651, -38.4678268433, 21.0033893585, 22.8871040344, 31.7993869781, 28.5056629181, 45.1409683228, 69.8929595947, 127.46710968, 48.5022087097, 14.8273410797, -7.69673061371], [288.934509277, 8.68758869171, -51.5067481995, -29.6697406769, -19.0789470673, 42.1831016541, 19.4380989075, 51.0477638245, 26.1931705475, 48.5022087097, 107.030059814, 31.7761688232, -10.1382322311], [181.486541748, -46.4935836792, -5.49548864365, 26.5742034912, -8.85402011871, 38.6067810059, 50.6465530396, 20.2182159424, 32.7948760986, 14.8273410797, 31.7761688232, 76.2807998657, 13.6446456909], [-62.7051124573, 34.2850990295, 28.5781078339, 49.3048706055, 35.6308021545, -13.1173477173, -0.921281278133, -6.68318128586, 2.08559799194, -7.69673061371, -10.1382322311, 13.6446456909, 79.5037155151]],
