{
"lowlevel": {
    "average_loudness": 0.866199016571,
    "barkbands_crest": {
        "dmean": 2.19394087791,
        "dmean2": 3.66592669487,
        "dvar": 4.23916006088,
        "dvar2": 12.1708145142,
        "max": 25.8799819946,
        "mean": 9.10855770111,
        "median": 8.47091293335,
        "min": 2.48624706268,
        "var": 13.547955513
    },
    "barkbands_flatness_db": {
        "dmean": 0.0190953332931,
        "dmean2": 0.0307975411415,
        "dvar": 0.00037874863483,
        "dvar2": 0.000943825230934,
        "max": 0.535467088223,
        "mean": 0.168221145868,
        "median": 0.148212507367,
        "min": 0.0397472791374,
        "var": 0.00483545102179
    },
    "barkbands_kurtosis": {
        "dmean": 2.76660680771,
        "dmean2": 4.47535610199,
        "dvar": 26.7366390228,
        "dvar2": 70.7327651978,
        "max": 167.303344727,
        "mean": 4.92405462265,
        "median": 1.60534238815,
        "min": -1.91841804981,
        "var": 72.7070770264
    },
    "barkbands_skewness": {
        "dmean": 0.480519533157,
        "dmean2": 0.764442741871,
        "dvar": 0.280583590269,
        "dvar2": 0.72305226326,
        "max": 11.995470047,
        "mean": 1.66237998009,
        "median": 1.44288671017,
        "min": -2.0380923748,
        "var": 1.38694024086
    },
    "barkbands_spread": {
        "dmean": 3.74012041092,
        "dmean2": 5.90886592865,
        "dvar": 23.8927154541,
        "dvar2": 53.1681480408,
        "max": 112.465652466,
        "mean": 19.4674892426,
        "median": 19.3958511353,
        "min": 0.595623075962,
        "var": 151.307052612
    },
    "dissonance": {
        "dmean": 0.0159467384219,
        "dmean2": 0.0268362499774,
        "dvar": 0.000288938783342,
        "dvar2": 0.0007718714769,
        "max": 0.500000178814,
        "mean": 0.465480983257,
        "median": 0.474738478661,
        "min": 0.24483948946,
        "var": 0.000893304124475
    },
    "dynamic_complexity": 3.94269323349,
    "erbbands_crest": {
        "dmean": 1.99601638317,
        "dmean2": 3.27230978012,
        "dvar": 4.10164737701,
        "dvar2": 11.5399904251,
        "max": 30.5683498383,
        "mean": 7.65009307861,
        "median": 6.67397117615,
        "min": 2.29420042038,
        "var": 12.5771923065
    },
    "erbbands_flatness_db": {
        "dmean": 0.0127206835896,
        "dmean2": 0.018781054765,
        "dvar": 0.000162333686603,
        "dvar2": 0.00033230704139,
        "max": 0.362265169621,
        "mean": 0.164776742458,
        "median": 0.158363893628,
        "min": 0.0531928613782,
        "var": 0.00191430712584
    },
    "erbbands_kurtosis": {
        "dmean": 0.670516490936,
        "dmean2": 1.05849277973,
        "dvar": 0.899887442589,
        "dvar2": 2.11363244057,
        "max": 25.427438736,
        "mean": 0.199044004083,
        "median": -0.29216337204,
        "min": -1.88698458672,
        "var": 3.11651420593
    },
    "erbbands_skewness": {
        "dmean": 0.275436520576,
        "dmean2": 0.429271429777,
        "dvar": 0.0688616558909,
        "dvar2": 0.161174178123,
        "max": 3.9701230526,
        "mean": 0.115999817848,
        "median": -0.00917787570506,
        "min": -4.44952630997,
        "var": 0.635253727436
    },
    "erbbands_spread": {
        "dmean": 6.50587415695,
        "dmean2": 10.2492904663,
        "dvar": 57.5433502197,
        "dvar2": 133.063446045,
        "max": 146.327316284,
        "mean": 37.6274414062,
        "median": 35.5006446838,
        "min": 3.36264443398,
        "var": 277.074890137
    },
    "hfc": {
        "dmean": 3.23168563843,
        "dmean2": 5.13571596146,
        "dvar": 23.5461769104,
        "dvar2": 60.9775733948,
        "max": 119.669776917,
        "mean": 17.3359603882,
        "median": 12.9953117371,
        "min": 1.19357887522e-16,
        "var": 277.620544434
    },
    "melbands_crest": {
        "dmean": 2.9970805645,
        "dmean2": 5.06680393219,
        "dvar": 7.2455329895,
        "dvar2": 20.6217269897,
        "max": 29.6130371094,
        "mean": 13.4116106033,
        "median": 12.8944625854,
        "min": 1.7224509716,
        "var": 20.380903244
    },
    "melbands_flatness_db": {
        "dmean": 0.0233133714646,
        "dmean2": 0.036822527647,
        "dvar": 0.000606997928116,
        "dvar2": 0.00144906993955,
        "max": 0.682708144188,
        "mean": 0.2297244519,
        "median": 0.206265076995,
        "min": 0.00428934302181,
        "var": 0.00948055461049
    },
    "melbands_kurtosis": {
        "dmean": 6.52332878113,
        "dmean2": 10.5426425934,
        "dvar": 126.243179321,
        "dvar2": 320.114196777,
        "max": 250.98626709,
        "mean": 13.8369607925,
        "median": 7.66937541962,
        "min": -1.74230051041,
        "var": 322.903198242
    },
    "melbands_skewness": {
        "dmean": 0.661223709583,
        "dmean2": 1.05838882923,
        "dvar": 0.562327504158,
        "dvar2": 1.41018903255,
        "max": 13.2977991104,
        "mean": 2.75875687599,
        "median": 2.4750213623,
        "min": -0.470249205828,
        "var": 2.13450980186
    },
    "melbands_spread": {
        "dmean": 5.00437116623,
        "dmean2": 7.96366596222,
        "dvar": 40.5422134399,
        "dvar2": 94.6215438843,
        "max": 168.009292603,
        "mean": 20.8249511719,
        "median": 17.4851989746,
        "min": 0.629126608372,
        "var": 274.388183594
    },
    "pitch_salience": {
        "dmean": 0.0689751133323,
        "dmean2": 0.114879243076,
        "dvar": 0.00396512821317,
        "dvar2": 0.0108454087749,
        "max": 0.924064159393,
        "mean": 0.592360317707,
        "median": 0.606177568436,
        "min": 0.0610429942608,
        "var": 0.012540708296
    },
    "silence_rate_20dB": {
        "dmean": 0,
        "dmean2": 0,
        "dvar": 0,
        "dvar2": 0,
        "max": 1,
        "mean": 1,
        "median": 1,
        "min": 1,
        "var": 0
    },
    "silence_rate_30dB": {
        "dmean": 0.000329380767653,
        "dmean2": 0.000658815784846,
        "dvar": 0.000329226924805,
        "dvar2": 0.000987608218566,
        "max": 1,
        "mean": 0.999835312366,
        "median": 1,
        "min": 0,
        "var": 0.000164635843248
    },
    "silence_rate_60dB": {
        "dmean": 0.0135046113282,
        "dmean2": 0.0270114466548,
        "dvar": 0.0133229466155,
        "dvar2": 0.0313901714981,
        "max": 1,
        "mean": 0.0682585462928,
        "median": 0,
        "min": 0,
        "var": 0.0635995343328
    },
    "spectral_centroid": {
        "dmean": 167.662277222,
        "dmean2": 262.679016113,
        "dvar": 44601.4335938,
        "dvar2": 88200.3984375,
        "max": 11055.3759766,
        "mean": 1140.98193359,
        "median": 1136.38513184,
        "min": 150.030899048,
        "var": 410600.3125
    },
    "spectral_complexity": {
        "dmean": 2.5527009964,
        "dmean2": 4.17623329163,
        "dvar": 6.76209211349,
        "dvar2": 17.0610904694,
        "max": 53,
        "mean": 21.1949768066,
        "median": 23,
        "min": 0,
        "var": 185.723175049
    },
    "spectral_decrease": {
        "dmean": 2.06215466925e-09,
        "dmean2": 3.47151818403e-09,
        "dvar": 1.24401611381e-17,
        "dvar2": 3.34831032171e-17,
        "max": 4.41850466615e-19,
        "mean": -6.13612627376e-09,
        "median": -5.59754598228e-09,
        "min": -3.95308816792e-08,
        "var": 2.25167976052e-17
    },
    "spectral_energy": {
        "dmean": 0.00798613578081,
        "dmean2": 0.0134308850393,
        "dvar": 0.000182508068974,
        "dvar2": 0.000491042796057,
        "max": 0.152178570628,
        "mean": 0.0247315838933,
        "median": 0.0225489418954,
        "min": 1.0664990695e-20,
        "var": 0.000359781988664
    },
    "spectral_energyband_high": {
        "dmean": 0.000134939589771,
        "dmean2": 0.000210369020351,
        "dvar": 9.08724331339e-08,
        "dvar2": 2.24100105584e-07,
        "max": 0.00922894105315,
        "mean": 0.000416681665229,
        "median": 0.000214421597775,
        "min": 7.88633268994e-21,
        "var": 3.03968647586e-07
    },
    "spectral_energyband_low": {
        "dmean": 0.00600274233148,
        "dmean2": 0.0102766463533,
        "dvar": 0.000164852055605,
        "dvar2": 0.000447665632237,
        "max": 0.131858929992,
        "mean": 0.00891201011837,
        "median": 0.00527041871101,
        "min": 6.09482013309e-23,
        "var": 0.000161496442161
    },
    "spectral_energyband_middle_high": {
        "dmean": 0.00113995163701,
        "dmean2": 0.0018041926669,
        "dvar": 3.62610967386e-06,
        "dvar2": 9.25150106923e-06,
        "max": 0.0488751344383,
        "mean": 0.00532673439011,
        "median": 0.00339744589292,
        "min": 1.44546914084e-21,
        "var": 3.88124353776e-05
    },
    "spectral_energyband_middle_low": {
        "dmean": 0.00354108330794,
        "dmean2": 0.00584993418306,
        "dvar": 2.61143977696e-05,
        "dvar2": 7.03506666468e-05,
        "max": 0.0733689293265,
        "mean": 0.0113464100286,
        "median": 0.00965395383537,
        "min": 3.15371292317e-22,
        "var": 7.85812590038e-05
    },
    "spectral_entropy": {
        "dmean": 0.123621866107,
        "dmean2": 0.187734171748,
        "dvar": 0.023337058723,
        "dvar2": 0.0484194010496,
        "max": 9.79977703094,
        "mean": 7.37937116623,
        "median": 7.5887260437,
        "min": 4.89426803589,
        "var": 0.32843965292
    },
    "spectral_flux": {
        "dmean": 0.0194871146232,
        "dmean2": 0.0311211925,
        "dvar": 0.000711074040737,
        "dvar2": 0.0015750171151,
        "max": 0.335930585861,
        "mean": 0.0765328109264,
        "median": 0.0717111155391,
        "min": 1.03271440011e-10,
        "var": 0.00223770667799
    },
    "spectral_kurtosis": {
        "dmean": 2.87461853027,
        "dmean2": 4.82786893845,
        "dvar": 35.0982398987,
        "dvar2": 92.2237091064,
        "max": 150.713851929,
        "mean": 8.76492786407,
        "median": 5.28446674347,
        "min": -1.23289608955,
        "var": 176.327774048
    },
    "spectral_rms": {
        "dmean": 0.000704586796928,
        "dmean2": 0.0011524372967,
        "dvar": 8.52284699704e-07,
        "dvar2": 2.22137350647e-06,
        "max": 0.0121846999973,
        "mean": 0.00452363025397,
        "median": 0.00469030579552,
        "min": 3.2256578051e-12,
        "var": 3.66499580196e-06
    },
    "spectral_rolloff": {
        "dmean": 320.312835693,
        "dmean2": 535.680664062,
        "dvar": 315595.0625,
        "dvar2": 681876,
        "max": 19121.484375,
        "mean": 1375.89416504,
        "median": 882.861328125,
        "min": 21.533203125,
        "var": 3837823.5
    },
    "spectral_skewness": {
        "dmean": 0.276916176081,
        "dmean2": 0.450927406549,
        "dvar": 0.163711354136,
        "dvar2": 0.402862340212,
        "max": 10.7216844559,
        "mean": 1.96870589256,
        "median": 1.66260528564,
        "min": -0.0185876395553,
        "var": 1.1315472126
    },
    "spectral_spread": {
        "dmean": 353318.625,
        "dmean2": 513052.09375,
        "dvar": 327791771648,
        "dvar2": 478550097920,
        "max": 41459312,
        "mean": 3739735.25,
        "median": 3607706.75,
        "min": 607365.375,
        "var": 2.06377399091e+12
    },
    "spectral_strongpeak": {
        "dmean": 0.325360506773,
        "dmean2": 0.574509382248,
        "dvar": 0.53386336565,
        "dvar2": 1.47535359859,
        "max": 13.3982486725,
        "mean": 0.51424986124,
        "median": 0.29267758131,
        "min": 0,
        "var": 0.621032893658
    },
    "zerocrossingrate": {
        "dmean": 0.00622759619728,
        "dmean2": 0.00757473288104,
        "dvar": 6.24260574114e-05,
        "dvar2": 7.4517869507e-05,
        "max": 0.50390625,
        "mean": 0.050898887217,
        "median": 0.044921875,
        "min": 0.0029296875,
        "var": 0.00258066458628
    },
    "barkbands": {
        "dmean": [8.28856791486e-05, 0.00313705136068, 0.00298793870024, 0.00162472843658, 0.0017454813933, 0.000830546137877, 0.000707747298293, 0.00047168682795, 0.000547057308722, 0.000282205961412, 0.000202737108339, 0.000261025968939, 0.000238769280259, 0.000285728718154, 0.000329103466356, 0.000313554133754, 0.000361793936463, 0.00022026206716, 9.78043535724e-05, 8.13450969872e-05, 4.59838920506e-05, 3.20002582157e-05, 3.00368519675e-05, 2.10649559449e-05, 1.08379763333e-05, 5.2640280046e-06, 9.65690194477e-10],
        "dmean2": [0.000133917215862, 0.00546029489487, 0.005161059089, 0.0027280705981, 0.00290326867253, 0.00136506021954, 0.00117709615733, 0.00077421288006, 0.000883245200384, 0.000458773924038, 0.00033473878284, 0.000424812576966, 0.000393935741158, 0.000463464442873, 0.000543552625459, 0.000519964145496, 0.000586160924286, 0.000360501959221, 0.000160958472406, 0.000132611210574, 7.66102748457e-05, 5.43293645023e-05, 4.79042537336e-05, 3.19986247632e-05, 1.56564929057e-05, 7.63796469982e-06, 1.78174319743e-09],
        "dvar": [3.33107266215e-08, 5.0834929425e-05, 3.86257888749e-05, 7.54484062782e-06, 6.61974308969e-06, 1.91578897102e-06, 1.6542414869e-06, 9.73517217062e-07, 1.77670858648e-06, 5.62986599562e-07, 2.21365809239e-07, 3.46000916807e-07, 2.77483081845e-07, 4.28236717198e-07, 8.04245132713e-07, 5.11883229137e-07, 6.03976900493e-07, 1.8133256674e-07, 3.22423723276e-08, 2.61652157718e-08, 1.56914321536e-08, 5.82445958131e-09, 4.65458205312e-09, 2.41862374573e-09, 9.0309154599e-10, 2.10633774311e-10, 2.16735444598e-18],
        "dvar2": [7.94428984818e-08, 0.000140143398312, 0.00010921953799, 2.05626711249e-05, 1.82152471098e-05, 5.54409825781e-06, 4.51828191217e-06, 2.46539116233e-06, 4.61346689917e-06, 1.43539898545e-06, 5.81387439524e-07, 8.64641151566e-07, 7.66474954617e-07, 1.0931705674e-06, 2.21437926484e-06, 1.34625111059e-06, 1.5426957134e-06, 4.65001789962e-07, 8.59073239212e-08, 6.63971420067e-08, 4.15976657564e-08, 1.61833106915e-08, 1.11639959499e-08, 4.84655604538e-09, 1.69560099295e-09, 4.00299515757e-10, 6.8181544858e-18],
        "max": [0.00281605962664, 0.0781993865967, 0.06933195889, 0.0408397950232, 0.0402296483517, 0.0364671871066, 0.0200736559927, 0.0214213673025, 0.036492317915, 0.020754693076, 0.0116638699546, 0.024814831093, 0.0147576630116, 0.0140558946878, 0.0343400426209, 0.0239847004414, 0.02336114645, 0.0125477509573, 0.00399618409574, 0.00336734578013, 0.00765311531723, 0.00119622214697, 0.00197268999182, 0.00153201492503, 0.00175401580054, 0.000538947584573, 1.71953580264e-08],
        "mean": [9.4870236353e-05, 0.00379852531478, 0.00380130740814, 0.00243163690902, 0.00406309124082, 0.00170083029661, 0.00120882247575, 0.000814814236946, 0.000986148603261, 0.000483956944663, 0.000366590771591, 0.000489417638164, 0.000454119726783, 0.000556914252229, 0.000656528456602, 0.000705199898221, 0.000846537936013, 0.000513819686603, 0.000235762796365, 0.000189944403246, 9.52946138568e-05, 6.69517321512e-05, 7.30794272386e-05, 5.56968479941e-05, 2.98481754726e-05, 1.18903417388e-05, 7.95744081739e-10],
        "median": [2.14839474211e-05, 0.00181192299351, 0.001883288729, 0.0013832320692, 0.00251233694144, 0.00096975825727, 0.000660767836962, 0.000343717518263, 0.00038647922338, 0.000144674297189, 0.000121026299894, 0.000209275909583, 0.000207315024454, 0.00019539288769, 0.000247519143159, 0.00032747752266, 0.000430412095739, 0.000297201360809, 0.000121820732602, 8.4916355263e-05, 5.02442017023e-05, 2.69894153462e-05, 2.65193029918e-05, 1.94486729015e-05, 1.01903842733e-05, 2.82705582322e-06, 2.78893574901e-10],
        "min": [1.49840011093e-23, 3.16620242145e-23, 8.76179603276e-24, 9.48538500896e-24, 4.36696199963e-23, 3.08602323014e-23, 4.11906309125e-23, 3.52298212078e-23, 5.46723079589e-23, 4.84317871099e-23, 7.88167086278e-23, 5.5680238693e-23, 7.33526856559e-23, 1.30767616858e-22, 6.28481318004e-23, 1.59410979621e-22, 9.7431528828e-23, 2.48751193699e-22, 2.27132365928e-22, 2.19824434233e-22, 3.09123589678e-22, 3.87845975785e-22, 6.75827260166e-22, 7.86403294268e-22, 9.9260966687e-22, 1.76391095748e-21, 2.21940091023e-21],
        "var": [4.11582092852e-08, 4.47359489044e-05, 3.53400755557e-05, 9.34937452257e-06, 1.81583200174e-05, 4.38921506429e-06, 2.6015925414e-06, 2.09911218008e-06, 3.52488473254e-06, 1.02530566437e-06, 5.32077137905e-07, 8.14577333585e-07, 5.90101421949e-07, 1.08133940557e-06, 1.91630169866e-06, 1.74648744178e-06, 2.02384580916e-06, 5.18039428243e-07, 1.03856230282e-07, 7.99616302061e-08, 2.25491945116e-08, 1.1048819637e-08, 1.35113591426e-08, 8.57105142416e-09, 2.88186363662e-09, 5.74554792632e-10, 1.78942492988e-18]
    },
    "erbbands": {
        "dmean": [0.0662365630269, 0.821284294128, 3.04539251328, 4.48829936981, 6.07572364807, 6.08898448944, 5.26930713654, 8.41276073456, 8.46729755402, 12.13164711, 9.16475963593, 10.5730714798, 11.1883211136, 8.1611738205, 7.08976125717, 10.1705198288, 9.00646972656, 13.6119470596, 13.4292831421, 17.9967250824, 15.7864017487, 19.3391342163, 13.1171665192, 5.47853469849, 4.97309541702, 3.7174217701, 2.23884320259, 1.59443354607, 1.19735240936, 1.00097572803, 0.845156848431, 0.578043103218, 0.293806970119, 0.145326599479, 0.0730502530932, 0.0307203102857, 0.00879028812051, 0.000768527737819, 1.56563091878e-05, 9.11765982892e-06],
        "dmean2": [0.115278884768, 1.43359267712, 5.31883096695, 7.52898073196, 10.1684751511, 10.2449645996, 8.57097148895, 13.9539318085, 14.0613985062, 20.1410255432, 14.7764348984, 17.0858783722, 18.1183986664, 13.2602615356, 11.3953104019, 16.7829704285, 14.7530536652, 22.2495212555, 21.5714302063, 29.7527618408, 26.2127380371, 31.3479709625, 21.3815498352, 9.05588054657, 8.08567905426, 6.04893636703, 3.67642760277, 2.66430306435, 2.04921412468, 1.65769052505, 1.34089720249, 0.893100619316, 0.451713085175, 0.218066111207, 0.106216222048, 0.045287758112, 0.0126524157822, 0.00116309220903, 2.32773963944e-05, 1.52208986037e-05],
        "dvar": [0.023137608543, 3.49053311348, 39.8866767883, 71.8715896606, 105.838851929, 73.028175354, 60.1809272766, 240.052871704, 255.338806152, 440.699035645, 454.826629639, 751.626342773, 1081.21520996, 318.652770996, 259.720794678, 485.216400146, 345.151550293, 953.178222656, 1067.63500977, 2291.53735352, 1236.04016113, 1964.54748535, 642.070983887, 90.5519561768, 98.0445709229, 56.861000061, 24.5531749725, 18.0568065643, 8.86736679077, 5.63121128082, 3.70678162575, 1.79411697388, 0.506427168846, 0.141202747822, 0.0440543889999, 0.00611220812425, 0.000682856072672, 4.41671681983e-06, 1.48676504441e-09, 2.22566770569e-10],
        "dvar2": [0.0641505122185, 9.66616630554, 113.46547699, 196.987213135, 294.218414307, 204.614303589, 158.692489624, 719.691101074, 678.163696289, 1234.33630371, 1104.76367188, 1913.43554688, 2836.53271484, 830.408325195, 660.780090332, 1266.76660156, 926.901245117, 2502.95800781, 2728.55322266, 6414.95898438, 3269.02148438, 5142.41894531, 1626.23120117, 243.59967041, 253.810638428, 144.122756958, 64.3500442505, 47.8184585571, 24.92212677, 15.3155326843, 8.61187934875, 3.82793879509, 1.00285828114, 0.263310432434, 0.0892180353403, 0.012228993699, 0.001259800978, 9.25369931792e-06, 2.96788704723e-09, 5.97351945686e-10],
        "max": [1.76699244976, 20.8104705811, 66.5584030151, 145.465179443, 152.465270996, 124.375061035, 139.458251953, 407.53427124, 308.430755615, 415.371795654, 529.411560059, 846.539550781, 1025.20288086, 414.53704834, 601.667602539, 586.18548584, 473.109680176, 696.927429199, 683.556274414, 1908.41516113, 1258.2734375, 1549.40441895, 643.333557129, 235.769165039, 275.799468994, 200.031326294, 224.020675659, 217.740447998, 46.0989112854, 61.7052574158, 58.9531097412, 41.5919876099, 24.4741973877, 21.4026222229, 10.4789152145, 3.09326863289, 0.847936093807, 0.068935573101, 0.00126053614076, 0.000168068945641],
        "mean": [0.0759254172444, 0.998444020748, 3.94911456108, 6.83394289017, 11.9072675705, 12.0444335938, 12.2692775726, 16.3466358185, 15.0383644104, 20.9848537445, 17.6138267517, 19.2838401794, 19.9034385681, 16.1273059845, 14.7400121689, 19.877872467, 19.5821380615, 28.5808773041, 29.8142261505, 40.0160751343, 38.7888374329, 47.9707221985, 33.2521400452, 14.5815162659, 12.1519842148, 8.89652347565, 4.91034460068, 3.18659710884, 2.44948863983, 2.23059439659, 2.04924964905, 1.44085109234, 0.755433619022, 0.391900807619, 0.183773159981, 0.0705585032701, 0.0186651069671, 0.00141583103687, 4.24095560447e-05, 3.10817267746e-05],
        "median": [0.0310703311116, 0.485432475805, 2.07533717155, 4.05014896393, 7.38263702393, 7.67105817795, 8.45932292938, 8.05243110657, 8.44407367706, 12.0049409866, 8.30160045624, 8.30256652832, 5.67966461182, 6.04645347595, 5.81265544891, 9.16647434235, 10.1802062988, 11.1354455948, 11.1583204269, 17.1935062408, 20.6807117462, 25.8008804321, 19.7465839386, 9.06241130829, 5.79926633835, 4.14483785629, 2.512550354, 1.55956554413, 0.964122831821, 0.82712072134, 0.743898689747, 0.482092529535, 0.272752583027, 0.142604604363, 0.0573583543301, 0.0186092760414, 0.00372559670359, 0.000228792938287, 1.94477797777e-05, 2.81714383163e-05],
        "min": [1.31823185955e-21, 1.9888915633e-21, 7.99116167671e-21, 2.97303187812e-20, 6.87555433211e-20, 1.52071365354e-19, 1.98885186832e-19, 2.70122498173e-19, 2.70840594342e-19, 9.33713927427e-19, 1.05468278476e-18, 1.22923154249e-18, 1.54581589679e-18, 1.61555073795e-18, 3.3197435979e-18, 2.63831779275e-18, 3.53117282362e-18, 4.44414447341e-18, 5.46147074773e-18, 6.98465849848e-18, 8.17883185186e-18, 5.92343705777e-18, 1.16654411472e-17, 1.34207730009e-17, 1.41772619311e-17, 1.16863655079e-17, 1.22904596452e-17, 1.62897753365e-17, 1.52649581145e-17, 1.73912556576e-17, 2.1284763368e-17, 1.48811231493e-17, 1.4041523247e-17, 1.09214542247e-17, 7.62456542035e-18, 6.00918673597e-18, 3.5276924612e-18, 1.385869772e-18, 2.90248526259e-19, 3.09551535486e-20],
        "var": [0.020576287061, 3.02024292946, 35.9566421509, 77.6842803955, 176.742874146, 159.896835327, 164.43409729, 530.004272461, 416.470733643, 739.946228027, 987.692138672, 1363.64343262, 2192.53808594, 806.65057373, 800.890625, 1050.63305664, 851.827514648, 2552.29150391, 3178.67407227, 6352.40039062, 4337.12109375, 6603.25683594, 2088.75097656, 340.09564209, 330.178741455, 173.783279419, 48.7580947876, 26.4073066711, 16.0177650452, 12.3686752319, 10.9320850372, 5.81799936295, 1.66060912609, 0.4834651649, 0.117430597544, 0.0172971002758, 0.0017315876903, 9.92137756839e-06, 4.1924606009e-09, 5.54237378214e-10]
    },
    "gfcc": {
        "mean": [-38.5985298157, 121.077407837, -114.466064453, 37.0310897827, -49.103603363, 10.369383812, -46.5585021973, 9.56450462341, -20.8312549591, -3.27009320259, -13.9927892685, -4.83475542068, -10.9789810181],
        "cov": [[21363.6367188, -1037.15209961, -2299.69042969, 1062.36279297, -849.254089355, 100.925323486, -1090.75598145, 115.76512146, -697.014709473, -85.8138656616, -551.868286133, 74.5834655762, -373.416503906], [-1037.15209961, 2179.56152344, 254.316970825, -348.95791626, 362.997619629, -128.614532471, 246.545852661, -76.5587921143, 265.309204102, -150.230285645, 267.143768311, -189.706542969, 138.767166138], [-2299.69042969, 254.316970825, 989.850036621, -75.2991485596, 42.0342750549, 77.5788116455, 134.297439575, 32.4932594299, -1.08358466625, 82.977973938, -20.949426651, 13.2126979828, 12.0280561447], [1062.36279297, -348.95791626, -75.2991485596, 416.706115723, -72.3115997314, -10.9911594391, -52.2900085449, -26.8607597351, 13.7703790665, 25.3458080292, -22.1272697449, 43.1439285278, -5.59238481522], [-849.254089355, 362.997619629, 42.0342750549, -72.3115997314, 258.027313232, -16.8285045624, 63.4792251587, 14.5085096359, 79.3015060425, -20.6401367188, 62.0431861877, -27.9085941315, 37.7408714294], [100.925323486, -128.614532471, 77.5788116455, -10.9911594391, -16.8285045624, 140.886291504, 33.308013916, 35.5591278076, -37.0368881226, 20.7525806427, -25.0667552948, -0.729299426079, -14.2859859467], [-1090.75598145, 246.545852661, 134.297439575, -52.2900085449, 63.4792251587, 33.308013916, 214.647155762, 12.434463501, 70.5959396362, -1.09547770023, 68.6666259766, -33.9469833374, 29.8802490234], [115.76512146, -76.5587921143, 32.4932594299, -26.8607597351, 14.5085096359, 35.5591278076, 12.434463501, 117.033912659, -17.3512325287, 15.4843120575, -26.1256866455, -6.28734922409, -16.7032775879], [-697.014709473, 265.309204102, -1.08358466625, 13.7703790665, 79.3015060425, -37.0368881226, 70.5959396362, -17.3512325287, 162.152786255, -3.78253340721, 70.1137008667, -23.0946960449, 38.2178382874], [-85.8138656616, -150.230285645, 82.977973938, 25.3458080292, -20.6401367188, 20.7525806427, -1.09547770023, 15.4843120575, -3.78253340721, 85.9651870728, -11.0968980789, 13.6469402313, -15.4577531815], [-551.868286133, 267.143768311, -20.949426651, -22.1272697449, 62.0431861877, -25.0667552948, 68.6666259766, -26.1256866455, 70.1137008667, -11.0968980789, 123.718154907, -17.093416214, 31.2067813873], [74.5834655762, -189.706542969, 13.2126979828, 43.1439285278, -27.9085941315, -0.729299426079, -33.9469833374, -6.28734922409, -23.0946960449, 13.6469402313, -17.093416214, 85.3692245483, 0.266106456518], [-373.416503906, 138.767166138, 12.0280561447, -5.59238481522, 37.7408714294, -14.2859859467, 29.8802490234, -16.7032775879, 38.2178382874, -15.4577531815, 31.2067813873, 0.266106456518, 66.8856048584]],
        "icov": [[0.000266899936832, -0.000691740598995, 0.000762301206123, -0.000871969445143, 0.000600339262746, -0.000682023528498, 0.000646006141324, -0.000566713046283, 0.000917868048418, -0.000635762640741, 0.00091427314328, -0.000511276070029, 0.00070477015106], [-0.000691740598995, 0.00315127219073, -0.0025172685273, 0.0028829399962, -0.00220624846406, 0.00239389389753, -0.00157515029423, 0.00188749597874, -0.00311626889743, 0.00334731070325, -0.00380546436645, 0.00321910041384, -0.00245797820389], [0.000762301206123, -0.0025172685273, 0.00371128786355, -0.00251936819404, 0.00170936342329, -0.0024125140626, 0.00081683130702, -0.00160326028708, 0.00312008848414, -0.00379399652593, 0.00393927935511, -0.002582549816, 0.00186799070798], [-0.000871969445143, 0.0028829399962, -0.00251936819404, 0.00599312176928, -0.00158203335013, 0.00238558626734, -0.00169002695475, 0.00253265304491, -0.00443347869441, 0.00210530869663, -0.00316800968722, 0.00138492707629, -0.00261312257499], [0.000600339262746, -0.00220624846406, 0.00170936342329, -0.00158203335013, 0.00706697581336, -0.00168625940569, 0.00152740394697, -0.00286486116238, 0.000576304795686, -0.00126162928063, 0.00132292963099, -0.00157906138338, 0.000511874619406], [-0.000682023528498, 0.00239389389753, -0.0024125140626, 0.00238558626734, -0.00168625940569, 0.0113503560424, -0.00409248657525, -3.42620623996e-05, -0.000355757510988, 0.00100936251692, -0.00172794458922, 0.00240085693076, -0.00171226845123], [0.000646006141324, -0.00157515029423, 0.00081683130702, -0.00169002695475, 0.00152740394697, -0.00409248657525, 0.00964269507676, -0.00238523259759, -7.53716449253e-05, -0.000681893841829, -0.00138867856003, 0.000595196266659, 0.000478010595543], [-0.000566713046283, 0.00188749597874, -0.00160326028708, 0.00253265304491, -0.00286486116238, -3.42620623996e-05, -0.00238523259759, 0.0118370819837, -0.00183473993093, 0.00030925142346, 0.000172714106156, 0.00213265535422, 8.17854961497e-05], [0.000917868048418, -0.00311626889743, 0.00312008848414, -0.00443347869441, 0.000576304795686, -0.000355757510988, -7.53716449253e-05, -0.00183473993093, 0.0143072921783, -0.00472266692668, 0.00116241665091, -0.00109075079672, 2.7708194466e-05], [-0.000635762640741, 0.00334731070325, -0.00379399652593, 0.00210530869663, -0.00126162928063, 0.00100936251692, -0.000681893841829, 0.00030925142346, -0.00472266692668, 0.0183348637074, -0.00469032116234, 0.00171462644357, 0.00079093046952], [0.00091427314328, -0.00380546436645, 0.00393927935511, -0.00316800968722, 0.00132292963099, -0.00172794458922, -0.00138867856003, 0.000172714106156, 0.00116241665091, -0.00469032116234, 0.0183685962111, -0.0036473996006, 0.00127028208226], [-0.000511276070029, 0.00321910041384, -0.002582549816, 0.00138492707629, -0.00157906138338, 0.00240085693076, 0.000595196266659, 0.00213265535422, -0.00109075079672, 0.00171462644357, -0.0036473996006, 0.0176267232746, -0.00463121104985], [0.00070477015106, -0.00245797820389, 0.00186799070798, -0.00261312257499, 0.000511874619406, -0.00171226845123, 0.000478010595543, 8.17854961497e-05, 2.7708194466e-05, 0.00079093046952, 0.00127028208226, -0.00463121104985, 0.0221757516265]]
    },
    "melbands": {
        "dmean": [0.000723591423593, 0.00140579859726, 0.000787722470704, 0.000428238592576, 0.000196218956262, 0.00017550920893, 0.000131566499476, 0.000127996478113, 7.44027565815e-05, 7.42435731809e-05, 5.71811397094e-05, 3.49014189851e-05, 2.61207296717e-05, 2.75664660876e-05, 2.65805883828e-05, 2.56671937677e-05, 2.70651908068e-05, 2.32526199397e-05, 2.62670873781e-05, 2.35877869272e-05, 2.07378125197e-05, 2.19882040255e-05, 1.9739210984e-05, 8.66496975505e-06, 4.77808771393e-06, 3.89257911593e-06, 3.76110847355e-06, 2.51970436693e-06, 1.61155276146e-06, 1.28307874547e-06, 9.27478708945e-07, 7.53694052946e-07, 6.25761003903e-07, 6.11359041613e-07, 5.62330399134e-07, 4.67882699695e-07, 3.45842266825e-07, 2.41270129209e-07, 1.66360777598e-07, 1.25123406747e-07],
        "dmean2": [0.00125560176093, 0.0024438558612, 0.00131990516093, 0.00071479746839, 0.000321635248838, 0.000290049414616, 0.000219405570533, 0.000211592356209, 0.00012027710909, 0.000120310964121, 9.27583969315e-05, 5.672098996e-05, 4.25958751293e-05, 4.46031663159e-05, 4.42563323304e-05, 4.24435347668e-05, 4.42948075943e-05, 3.726468276e-05, 4.34974790551e-05, 3.92190995626e-05, 3.45543303411e-05, 3.58137076546e-05, 3.22736268572e-05, 1.42226726894e-05, 7.92427181295e-06, 6.44201827527e-06, 6.12664643995e-06, 4.1475427679e-06, 2.65695507551e-06, 2.17117963075e-06, 1.56897669967e-06, 1.28996884996e-06, 1.06784295895e-06, 1.0183670156e-06, 9.11709207685e-07, 7.42158476896e-07, 5.46918954569e-07, 3.78770465659e-07, 2.59745974063e-07, 1.91526140725e-07],
        "dvar": [2.78889206129e-06, 8.87460282684e-06, 1.88953060842e-06, 4.36977842355e-07, 7.74562920469e-08, 9.74744907012e-08, 6.04415646421e-08, 4.65574707675e-08, 2.8657133555e-08, 3.93378236652e-08, 2.71873066282e-08, 6.04004046778e-09, 3.49139295253e-09, 4.86318052495e-09, 3.25205129492e-09, 3.49664919241e-09, 3.97066557412e-09, 3.3124889498e-09, 6.21964302283e-09, 3.19405280003e-09, 1.97938088142e-09, 2.6178343937e-09, 1.47700573994e-09, 2.9007934943e-10, 7.08085534651e-11, 5.89455914635e-11, 5.83170109425e-11, 3.00125792274e-11, 1.07553809608e-11, 2.42371539505e-11, 4.89291116304e-12, 3.41081720159e-12, 2.17249764185e-12, 2.03524588675e-12, 1.609771344e-12, 1.05400020309e-12, 6.67666388756e-13, 3.23767461409e-13, 1.90315482557e-13, 1.0002715751e-13],
        "dvar2": [7.68611153035e-06, 2.48506767093e-05, 5.16720729138e-06, 1.20682375382e-06, 2.10130139067e-07, 2.89084340466e-07, 1.63108865081e-07, 1.29713669139e-07, 7.09077241368e-08, 1.01966342925e-07, 7.11514260843e-08, 1.56780934901e-08, 9.03524899343e-09, 1.20952732274e-08, 8.43277714324e-09, 9.69272928586e-09, 1.04403019563e-08, 8.28500645866e-09, 1.71248260017e-08, 8.65997495936e-09, 5.21272491838e-09, 6.95882462765e-09, 3.71019215351e-09, 7.70108310455e-10, 1.92918861441e-10, 1.57825336133e-10, 1.49484924439e-10, 7.71343197647e-11, 2.80989086165e-11, 6.62249213801e-11, 1.34034606331e-11, 9.57237327598e-12, 6.0689096977e-12, 5.51474144128e-12, 3.85487952323e-12, 2.37828680361e-12, 1.48278047826e-12, 6.73088863291e-13, 3.95092731318e-13, 1.97219207653e-13],
        "max": [0.0177341867238, 0.0305623561144, 0.0213009938598, 0.0111688831821, 0.00472545344383, 0.00779953412712, 0.00418669823557, 0.00421624584123, 0.00488261179999, 0.00546787353233, 0.00498997187242, 0.0021644376684, 0.00171345740091, 0.00329518481158, 0.00186824169941, 0.00183544051833, 0.00152838381473, 0.0013786557829, 0.00328006851487, 0.00201751315035, 0.0012868323829, 0.00147758447565, 0.00131348508876, 0.000451565574622, 0.000192078296095, 0.000219915076741, 0.000194394000573, 0.000156758469529, 6.76919007674e-05, 0.000379577279091, 4.61273848487e-05, 2.95741920127e-05, 2.5686209483e-05, 3.94665257772e-05, 4.19102398155e-05, 2.79412470263e-05, 2.61440964096e-05, 1.84800483112e-05, 2.19358480535e-05, 1.69996546902e-05],
        "mean": [0.000879756349605, 0.00186623772606, 0.00134236901067, 0.000923115818296, 0.000456118053989, 0.000350275979144, 0.000232505626627, 0.000222248927457, 0.00013715813111, 0.000131125576445, 9.94576475932e-05, 6.51984737488e-05, 5.00547794218e-05, 5.02321781823e-05, 4.86469980387e-05, 4.85701784783e-05, 5.24136485183e-05, 4.60347364424e-05, 5.25296636624e-05, 5.05249008711e-05, 4.43467542937e-05, 4.95029889862e-05, 4.38493771071e-05, 2.01057373488e-05, 1.0747300621e-05, 8.59954889165e-06, 8.25198549137e-06, 5.36725656275e-06, 3.20814228871e-06, 2.36465621128e-06, 1.66293295933e-06, 1.39248118103e-06, 1.21470009162e-06, 1.2790889059e-06, 1.23451729905e-06, 1.05330184397e-06, 7.94716925157e-07, 5.57016107905e-07, 3.96136385916e-07, 3.09504088136e-07],
        "median": [0.000405151367886, 0.00101841264404, 0.000929034024011, 0.00056803796906, 0.000314231263474, 0.000181750248885, 0.000136872098665, 0.000122334575281, 5.92824471823e-05, 4.83682561025e-05, 2.68494168267e-05, 2.28536609939e-05, 1.73993885255e-05, 1.99068017537e-05, 2.30480218306e-05, 1.98862471734e-05, 1.90071586985e-05, 1.45437415995e-05, 2.10614089156e-05, 2.17149772652e-05, 2.20968577196e-05, 2.41452926275e-05, 2.34871058638e-05, 1.11709905468e-05, 6.04367551205e-06, 3.99879809265e-06, 3.56655618816e-06, 2.37054473473e-06, 1.48145159073e-06, 1.20332629194e-06, 7.267481692e-07, 5.45168347799e-07, 4.13093630414e-07, 4.35332083271e-07, 4.57626924799e-07, 3.25613711993e-07, 2.6801325248e-07, 1.98021425035e-07, 1.36579359378e-07, 1.09356520284e-07],
        "min": [1.2977742445e-23, 3.17805730481e-24, 6.04843400746e-24, 6.95219644783e-24, 8.80576556189e-24, 6.62453675996e-24, 4.92371714956e-24, 8.84528591552e-24, 8.64567965181e-24, 7.866310321e-24, 8.05663011413e-24, 5.8928777367e-24, 1.1347977114e-23, 5.73936579897e-24, 8.69330791783e-24, 8.37895158026e-24, 8.21548697892e-24, 9.86528148825e-24, 5.58399924926e-24, 1.3211347036e-23, 8.59364717536e-24, 4.38079230902e-24, 1.19767331765e-23, 1.00689843066e-23, 1.11381693011e-23, 8.22119833188e-24, 1.0645416803e-23, 7.15042378268e-24, 5.50518967825e-24, 8.38045751573e-24, 8.47687682873e-24, 8.90330190193e-24, 6.65592632424e-24, 9.7557615622e-24, 1.26979429482e-23, 1.03009740994e-23, 8.67518699397e-24, 8.53070554146e-24, 1.23650065698e-23, 8.12988216007e-24],
        "var": [2.47085131377e-06, 8.08321146906e-06, 2.23830124924e-06, 1.02003127722e-06, 2.13885300582e-07, 2.1870243927e-07, 9.33937585046e-08, 8.42318854666e-08, 5.82899311041e-08, 7.27629227981e-08, 5.50269092514e-08, 1.39907792018e-08, 9.32996613301e-09, 1.09164766116e-08, 6.37332497888e-09, 7.62232144069e-09, 9.73236780055e-09, 8.85463879996e-09, 1.42043647955e-08, 1.0573283582e-08, 5.65529800767e-09, 7.99173616173e-09, 4.41910197324e-09, 8.57675208632e-10, 2.01042862913e-10, 1.59799395938e-10, 1.83367349083e-10, 7.41908617874e-11, 2.2446614012e-11, 2.34976066382e-11, 7.17181782711e-12, 5.45777268865e-12, 4.00166965536e-12, 4.34724391901e-12, 4.18119055004e-12, 3.15474838093e-12, 1.87886186644e-12, 9.46567368758e-13, 5.22979283577e-13, 3.15745720585e-13]
    },
    "mfcc": {
        "mean": [-671.524353027, 142.869918823, 0.420769065619, 26.7845306396, 17.1283664703, 1.24820291996, -4.90987491608, 4.26868772507, -3.38137984276, 2.09020972252, -3.69897818565, 1.69244277477, -1.93796622753],
        "cov": [[13655.0615234, -1864.10388184, -1760.16870117, 297.719055176, -20.0267467499, -184.306945801, -337.26550293, -50.3602409363, -264.110656738, -145.200195312, -327.820373535, -41.7014846802, -192.235733032], [-1864.10388184, 1853.68688965, 232.515640259, -45.7398262024, 127.707633972, -0.228601753712, 113.895637512, 97.8420715332, 54.0124816895, 109.295822144, 93.6890258789, 28.7520275116, 60.2456970215], [-1760.16870117, 232.515640259, 765.061706543, 23.3506851196, -35.9249229431, 92.8569259644, 88.1411056519, -9.74945831299, 62.4452819824, 27.8899078369, 48.1952667236, 0.106714248657, 20.9316673279], [297.719055176, -45.7398262024, 23.3506851196, 293.732635498, 42.3311958313, 26.1964855194, -46.0056724548, -2.7575750351, 8.69710254669, -19.2928829193, 3.76346254349, 36.4196357727, 28.5749092102], [-20.0267467499, 127.707633972, -35.9249229431, 42.3311958313, 165.132797241, 2.27887749672, -19.4152069092, 8.3289308548, 22.0666294098, -10.4003801346, 9.73039245605, 15.2757968903, -6.72960042953], [-184.306945801, -0.228601753712, 92.8569259644, 26.1964855194, 2.27887749672, 111.779754639, 23.4455280304, -5.69593381882, 19.4146842957, -5.34034729004, 26.6575984955, 12.8407773972, -3.39751911163], [-337.26550293, 113.895637512, 88.1411056519, -46.0056724548, -19.4152069092, 23.4455280304, 141.220901489, 34.8163146973, 10.1473312378, 43.8940734863, 4.88408899307, 1.47252810001, 1.40289366245], [-50.3602409363, 97.8420715332, -9.74945831299, -2.7575750351, 8.3289308548, -5.69593381882, 34.8163146973, 84.6335830688, 21.840801239, 13.1427135468, 2.45662951469, 5.97130918503, 9.25503444672], [-264.110656738, 54.0124816895, 62.4452819824, 8.69710254669, 22.0666294098, 19.4146842957, 10.1473312378, 21.840801239, 86.2088775635, 19.469871521, 9.50761032104, 4.07254981995, 3.87437415123], [-145.200195312, 109.295822144, 27.8899078369, -19.2928829193, -10.4003801346, -5.34034729004, 43.8940734863, 13.1427135468, 19.469871521, 127.862731934, 14.4611930847, -4.69287109375, 3.9416642189], [-327.820373535, 93.6890258789, 48.1952667236, 3.76346254349, 9.73039245605, 26.6575984955, 4.88408899307, 2.45662951469, 9.50761032104, 14.4611930847, 86.7627563477, 18.0412960052, -2.35274338722], [-41.7014846802, 28.7520275116, 0.106714248657, 36.4196357727, 15.2757968903, 12.8407773972, 1.47252810001, 5.97130918503, 4.07254981995, -4.69287109375, 18.0412960052, 71.0844573975, 22.1016788483], [-192.235733032, 60.2456970215, 20.9316673279, 28.5749092102, -6.72960042953, -3.39751911163, 1.40289366245, 9.25503444672, 3.87437415123, 3.9416642189, -2.35274338722, 22.1016788483, 66.8127975464]],
