{
"lowlevel": {
    "average_loudness": 0.968150377274,
    "barkbands_crest": {
        "dmean": 3.28788304329,
        "dmean2": 5.62017202377,
        "dvar": 8.31643772125,
        "dvar2": 24.168762207,
        "max": 23.4621543884,
        "mean": 9.94619369507,
        "median": 9.43397331238,
        "min": 2.27864551544,
        "var": 14.1924619675
    },
    "barkbands_flatness_db": {
        "dmean": 0.0188304148614,
        "dmean2": 0.0309370774776,
        "dvar": 0.000267623981927,
        "dvar2": 0.000709887011908,
        "max": 0.24056340754,
        "mean": 0.0968187376857,
        "median": 0.095725312829,
        "min": 0.0235920622945,
        "var": 0.000618424732238
    },
    "barkbands_kurtosis": {
        "dmean": 0.807199060917,
        "dmean2": 1.39764249325,
        "dvar": 2.19868588448,
        "dvar2": 5.74430465698,
        "max": 52.6070556641,
        "mean": -0.669585704803,
        "median": -1.26374459267,
        "min": -1.85877037048,
        "var": 4.91601419449
    },
    "barkbands_skewness": {
        "dmean": 0.471086412668,
        "dmean2": 0.793614923954,
        "dvar": 0.171058982611,
        "dvar2": 0.475699424744,
        "max": 6.53639364243,
        "mean": 0.659323871136,
        "median": 0.565270125866,
        "min": -1.5631557703,
        "var": 0.453894436359
    },
    "barkbands_spread": {
        "dmean": 5.5001707077,
        "dmean2": 9.12421417236,
        "dvar": 27.4243946075,
        "dvar2": 73.0353469849,
        "max": 91.6304397583,
        "mean": 44.9974975586,
        "median": 46.19896698,
        "min": 3.63155651093,
        "var": 83.9520950317
    },
    "dissonance": {
        "dmean": 0.00486161978915,
        "dmean2": 0.00827947817743,
        "dvar": 2.27839918807e-05,
        "dvar2": 6.20489663561e-05,
        "max": 0.500000059605,
        "mean": 0.491278856993,
        "median": 0.492761105299,
        "min": 0.426678389311,
        "var": 4.24821409979e-05
    },
    "dynamic_complexity": 3.35125136375,
    "erbbands_crest": {
        "dmean": 1.86686551571,
        "dmean2": 3.18696475029,
        "dvar": 2.6978392601,
        "dvar2": 7.55061483383,
        "max": 26.928150177,
        "mean": 7.47714662552,
        "median": 7.10754299164,
        "min": 2.7668428421,
        "var": 4.43418216705
    },
    "erbbands_flatness_db": {
        "dmean": 0.0136278467253,
        "dmean2": 0.0205463375896,
        "dvar": 0.000138645351399,
        "dvar2": 0.000281101558357,
        "max": 0.232051536441,
        "mean": 0.148056402802,
        "median": 0.148529425263,
        "min": 0.0623542517424,
        "var": 0.000562038971111
    },
    "erbbands_kurtosis": {
        "dmean": 1.07632362843,
        "dmean2": 1.73942053318,
        "dvar": 0.90681040287,
        "dvar2": 2.35995912552,
        "max": 17.9818134308,
        "mean": 2.667937994,
        "median": 2.63569927216,
        "min": -1.57093560696,
        "var": 3.76370406151
    },
    "erbbands_skewness": {
        "dmean": 0.263094633818,
        "dmean2": 0.419340401888,
        "dvar": 0.046333424747,
        "dvar2": 0.11360373348,
        "max": 1.20868134499,
        "mean": -1.25072574615,
        "median": -1.32415103912,
        "min": -3.00627803802,
        "var": 0.243048414588
    },
    "erbbands_spread": {
        "dmean": 4.55988454819,
        "dmean2": 7.36260271072,
        "dvar": 17.3022060394,
        "dvar2": 43.5467376709,
        "max": 96.5822525024,
        "mean": 25.5456047058,
        "median": 23.7216300964,
        "min": 7.88528013229,
        "var": 78.7193832397
    },
    "hfc": {
        "dmean": 6.24118471146,
        "dmean2": 9.60708236694,
        "dvar": 71.9637451172,
        "dvar2": 157.96937561,
        "max": 159.993301392,
        "mean": 32.7254257202,
        "median": 33.2335281372,
        "min": 1.79721892923e-09,
        "var": 304.842376709
    },
    "melbands_crest": {
        "dmean": 4.05698871613,
        "dmean2": 6.89264202118,
        "dvar": 10.894443512,
        "dvar2": 31.8512363434,
        "max": 32.5984458923,
        "mean": 16.5360965729,
        "median": 16.3252906799,
        "min": 3.02500224113,
        "var": 19.4628257751
    },
    "melbands_flatness_db": {
        "dmean": 0.026982402429,
        "dmean2": 0.0450588464737,
        "dvar": 0.00053747324273,
        "dvar2": 0.00148244330194,
        "max": 0.352359890938,
        "mean": 0.161373451352,
        "median": 0.158898711205,
        "min": 0.0102934772149,
        "var": 0.00130362121854
    },
    "melbands_kurtosis": {
        "dmean": 3.89034056664,
        "dmean2": 6.65771770477,
        "dvar": 28.2636852264,
        "dvar2": 76.010559082,
        "max": 154.230514526,
        "mean": 4.96921777725,
        "median": 3.02809357643,
        "min": -1.70571136475,
        "var": 55.3995475769
    },
    "melbands_skewness": {
        "dmean": 0.706607997417,
        "dmean2": 1.19302177429,
        "dvar": 0.4142575562,
        "dvar2": 1.15859436989,
        "max": 10.7499818802,
        "mean": 2.21127057076,
        "median": 2.05134224892,
        "min": -0.259404540062,
        "var": 0.938071966171
    },
    "melbands_spread": {
        "dmean": 13.2594766617,
        "dmean2": 22.3471679688,
        "dvar": 127.962013245,
        "dvar2": 357.783416748,
        "max": 145.613372803,
        "mean": 46.4025039673,
        "median": 45.8768310547,
        "min": 2.04468750954,
        "var": 292.935852051
    },
    "pitch_salience": {
        "dmean": 0.0827709287405,
        "dmean2": 0.140590086579,
        "dvar": 0.00503704370931,
        "dvar2": 0.0144858043641,
        "max": 0.819784879684,
        "mean": 0.539749085903,
        "median": 0.546664535999,
        "min": 0.170947983861,
        "var": 0.00888810772449
    },
    "silence_rate_20dB": {
        "dmean": 0,
        "dmean2": 0,
        "dvar": 0,
        "dvar2": 0,
        "max": 1,
        "mean": 1,
        "median": 1,
        "min": 1,
        "var": 0
    },
    "silence_rate_30dB": {
        "dmean": 0,
        "dmean2": 0,
        "dvar": 0,
        "dvar2": 0,
        "max": 1,
        "mean": 1,
        "median": 1,
        "min": 1,
        "var": 0
    },
    "silence_rate_60dB": {
        "dmean": 0.00159606302623,
        "dmean2": 0.00312583125196,
        "dvar": 0.00159342028201,
        "dvar2": 0.00351526960731,
        "max": 1,
        "mean": 0.0986168384552,
        "median": 0,
        "min": 0,
        "var": 0.0888927057385
    },
    "spectral_centroid": {
        "dmean": 151.527420044,
        "dmean2": 245.224884033,
        "dvar": 19670.1914062,
        "dvar2": 49895.7304688,
        "max": 3643.96240234,
        "mean": 2462.64160156,
        "median": 2519.12255859,
        "min": 414.063079834,
        "var": 98569.4765625
    },
    "spectral_complexity": {
        "dmean": 3.32739233971,
        "dmean2": 5.50279331207,
        "dvar": 8.8257522583,
        "dvar2": 22.3952598572,
        "max": 61,
        "mean": 35.7694511414,
        "median": 40,
        "min": 0,
        "var": 181.988174438
    },
    "spectral_decrease": {
        "dmean": 2.0791504074e-09,
        "dmean2": 3.52111184654e-09,
        "dvar": 5.15578367082e-18,
        "dvar2": 1.44508287577e-17,
        "max": -3.96944669698e-21,
        "mean": -7.40792893694e-09,
        "median": -7.52904760759e-09,
        "min": -2.57563890216e-08,
        "var": 1.3069227858e-17
    },
    "spectral_energy": {
        "dmean": 0.00798063911498,
        "dmean2": 0.01347046718,
        "dvar": 7.48220918467e-05,
        "dvar2": 0.000207421006053,
        "max": 0.10013590008,
        "mean": 0.0309275910258,
        "median": 0.0317991822958,
        "min": 1.77994731042e-13,
        "var": 0.000213495761272
    },
    "spectral_energyband_high": {
        "dmean": 0.00040309142787,
        "dmean2": 0.000580125604756,
        "dvar": 6.12266603639e-07,
        "dvar2": 1.22636606648e-06,
        "max": 0.0153145082295,
        "mean": 0.00105477147736,
        "median": 0.000778828107286,
        "min": 1.22313902171e-13,
        "var": 1.51326798914e-06
    },
    "spectral_energyband_low": {
        "dmean": 0.0079181464389,
        "dmean2": 0.0135641479865,
        "dvar": 8.08706317912e-05,
        "dvar2": 0.000229308046983,
        "max": 0.082643263042,
        "mean": 0.0159658733755,
        "median": 0.0144673530012,
        "min": 8.9609182501e-16,
        "var": 0.000121523771668
    },
    "spectral_energyband_middle_high": {
        "dmean": 0.00187601556536,
        "dmean2": 0.00304616475478,
        "dvar": 3.88798753193e-06,
        "dvar2": 9.93691264739e-06,
        "max": 0.0418804660439,
        "mean": 0.0100646410137,
        "median": 0.0104152802378,
        "min": 3.18802059404e-14,
        "var": 2.59268272202e-05
    },
    "spectral_energyband_middle_low": {
        "dmean": 0.00155481719412,
        "dmean2": 0.0025023764465,
        "dvar": 5.52649044039e-06,
        "dvar2": 1.41058881127e-05,
        "max": 0.0403958559036,
        "mean": 0.00457050744444,
        "median": 0.00386101892218,
        "min": 1.01369184653e-14,
        "var": 1.2682090528e-05
    },
    "spectral_entropy": {
        "dmean": 0.0774627402425,
        "dmean2": 0.115474782884,
        "dvar": 0.00510783307254,
        "dvar2": 0.00992808211595,
        "max": 8.73598384857,
        "mean": 7.8271727562,
        "median": 7.81051635742,
        "min": 7.07941913605,
        "var": 0.0213368292898
    },
    "spectral_flux": {
        "dmean": 0.0166548546404,
        "dmean2": 0.0262619331479,
        "dvar": 0.000303553242702,
        "dvar2": 0.000706152059138,
        "max": 0.257169753313,
        "mean": 0.0895030871034,
        "median": 0.091202005744,
        "min": 2.99394960166e-05,
        "var": 0.00139526324347
    },
    "spectral_kurtosis": {
        "dmean": 1.28640639782,
        "dmean2": 2.19657850266,
        "dvar": 1.26314389706,
        "dvar2": 3.62855172157,
        "max": 14.8810214996,
        "mean": 6.0017747879,
        "median": 5.91580724716,
        "min": 0.0984814167023,
        "var": 3.01694130898
    },
    "spectral_rms": {
        "dmean": 0.00066157465335,
        "dmean2": 0.00111243140418,
        "dvar": 4.33730093619e-07,
        "dvar2": 1.20287995742e-06,
        "max": 0.00988400541246,
        "mean": 0.0051861461252,
        "median": 0.00556988269091,
        "min": 1.31777619927e-08,
        "var": 3.2772081795e-06
    },
    "spectral_rolloff": {
        "dmean": 463.87789917,
        "dmean2": 785.85949707,
        "dvar": 292530.03125,
        "dvar2": 713623.625,
        "max": 18217.0898438,
        "mean": 2597.78051758,
        "median": 2627.05078125,
        "min": 64.599609375,
        "var": 651858.625
    },
    "spectral_skewness": {
        "dmean": 0.176151648164,
        "dmean2": 0.292139023542,
        "dvar": 0.0237550009042,
        "dvar2": 0.0606008544564,
        "max": 2.40231156349,
        "mean": 1.45995306969,
        "median": 1.46970677376,
        "min": 0.50947791338,
        "var": 0.0595830716193
    },
    "spectral_spread": {
        "dmean": 343142.78125,
        "dmean2": 488143.6875,
        "dvar": 122413957120,
        "dvar2": 216592220160,
        "max": 9353503,
        "mean": 3393188.25,
        "median": 3244375.5,
        "min": 1883278.5,
        "var": 613485051904
    },
    "spectral_strongpeak": {
        "dmean": 0.176397502422,
        "dmean2": 0.313160985708,
        "dvar": 0.190234050155,
        "dvar2": 0.535107374191,
        "max": 9.1829252243,
        "mean": 0.311341673136,
        "median": 0.261375874281,
        "min": 0,
        "var": 0.141592442989
    },
    "zerocrossingrate": {
        "dmean": 0.00947402697057,
        "dmean2": 0.0121638085693,
        "dvar": 7.79416659498e-05,
        "dvar2": 0.000113870511996,
        "max": 0.5224609375,
        "mean": 0.0789742171764,
        "median": 0.07763671875,
        "min": 0.01171875,
        "var": 0.000388806132833
    },
    "barkbands": {
        "dmean": [0.000405320926802, 0.00697248708457, 0.00202733254991, 0.000612435687799, 0.000810609839391, 0.000371933216229, 0.000279944419162, 0.000202764611458, 0.000251251127338, 0.000283696805127, 0.000117616305943, 0.00022613965848, 0.000338228390319, 0.000437957205577, 0.000382331345463, 0.000699922617059, 0.000848190451507, 0.000564073619898, 0.000635002797935, 0.000242813286604, 0.000107267274871, 9.2514550488e-05, 5.40094624739e-05, 6.97677605785e-05, 3.22185878758e-05, 4.78437759739e-05, 4.11685959989e-06],
        "dmean2": [0.000687366700731, 0.0120534319431, 0.00338077638298, 0.00105325167533, 0.00131241860799, 0.000600503350142, 0.000439456372987, 0.000324040505802, 0.000389332941268, 0.000433023902588, 0.00018896140682, 0.000358120683813, 0.00054542243015, 0.000721379066817, 0.000637762772385, 0.00117295247037, 0.00145073095337, 0.000962963153142, 0.0010765028419, 0.000408241787227, 0.00017466461577, 0.000137949071359, 8.02416107035e-05, 9.94972942863e-05, 4.52087369922e-05, 7.15484566172e-05, 6.82838890498e-06],
        "dvar": [2.74136624512e-07, 7.14857742423e-05, 7.07882190909e-06, 7.89548437297e-07, 2.03819513445e-06, 4.44220233931e-07, 6.58940507492e-07, 2.25876632953e-07, 4.21601697553e-07, 3.84718731539e-07, 6.58443823909e-08, 2.19500975618e-07, 1.91506586589e-07, 2.91667276997e-07, 2.13727474829e-07, 6.446741736e-07, 8.94093375337e-07, 3.52373149326e-07, 4.56567221363e-07, 8.99166536783e-08, 3.14339985152e-08, 4.81438320321e-08, 2.93976505361e-08, 4.14130560955e-08, 7.76224418075e-09, 1.02945252323e-08, 9.17459511141e-11],
        "dvar2": [7.72289354245e-07, 0.000207785575185, 1.98055495275e-05, 2.18688683162e-06, 5.40968221685e-06, 1.13711917038e-06, 1.5875527879e-06, 5.79720392579e-07, 9.6808366834e-07, 8.0480589304e-07, 1.55704867666e-07, 4.91728428642e-07, 4.70321452894e-07, 7.70249073412e-07, 5.61750312045e-07, 1.77797687684e-06, 2.55653276326e-06, 1.00708120954e-06, 1.27329860788e-06, 2.34986075043e-07, 7.71374786268e-08, 1.09079429933e-07, 6.08255916745e-08, 7.7154574285e-08, 1.40736311494e-08, 2.1955317564e-08, 2.2837792768e-10],
        "max": [0.0054520200938, 0.0754636228085, 0.0394156388938, 0.0111266300082, 0.0294179897755, 0.0132477022707, 0.0206911396235, 0.0154540669173, 0.0201515387744, 0.0281623285264, 0.00770714553073, 0.0164207369089, 0.0123644219711, 0.00943324714899, 0.00822724308819, 0.0110516538844, 0.0148897301406, 0.00736112566665, 0.00944330915809, 0.00524923531339, 0.00387411704287, 0.00425386242568, 0.00727708544582, 0.00575296208262, 0.00514010107145, 0.00124891137239, 0.000187629819266],
        "mean": [0.000439266179455, 0.0110373580828, 0.00390802090988, 0.000886085443199, 0.00161149562337, 0.00065238570096, 0.000458254187834, 0.000342373386957, 0.000431371241575, 0.000558992964216, 0.000205051139346, 0.000433954206528, 0.000619684811682, 0.000798263412435, 0.000752485066187, 0.00151011836715, 0.00191059045028, 0.00134758348577, 0.0016107109841, 0.000615441531409, 0.000266041170107, 0.000162617376191, 0.000113459107524, 0.000121115568618, 6.75114279147e-05, 6.33050585748e-05, 3.8567068259e-06],
        "median": [0.00022490991978, 0.00903476122767, 0.00241003604606, 0.000577227328904, 0.000929052010179, 0.000410518085118, 0.000195260159671, 0.000182649644557, 0.000224249102757, 0.000326820299961, 0.000121896227938, 0.000270266318694, 0.000471684936201, 0.000618245569058, 0.000625063374173, 0.00130278535653, 0.00168514391407, 0.00125859677792, 0.00155907694716, 0.00055990985129, 0.000218377565034, 8.5710271378e-05, 6.03517582931e-05, 4.99495654367e-05, 3.99670061597e-05, 2.61264340224e-05, 8.56331155319e-07],
        "min": [3.58237364918e-17, 1.91127611183e-16, 3.43528293682e-16, 8.08864795618e-16, 1.20908119281e-15, 2.05925102071e-15, 4.54084939781e-16, 2.41785597145e-15, 2.89425250022e-15, 1.1121448365e-15, 1.64653612298e-15, 9.74225743955e-16, 1.4396337143e-15, 6.27003804288e-16, 2.91782987406e-15, 4.5544631231e-15, 4.26682386322e-15, 3.48434647325e-15, 4.83976626611e-15, 8.97168912106e-15, 5.45807236552e-15, 1.17789858542e-14, 9.5707506319e-15, 1.32290757667e-14, 2.15897483539e-14, 2.62692428574e-14, 3.39514759351e-14],
        "var": [3.17933427141e-07, 9.45963838603e-05, 1.76470202859e-05, 1.05214576251e-06, 4.1100006456e-06, 6.96246729603e-07, 9.30612714001e-07, 3.54139302772e-07, 6.9127753477e-07, 9.80118329608e-07, 1.29308943997e-07, 6.04042043051e-07, 4.01411170969e-07, 5.30866884674e-07, 3.9916710648e-07, 1.39401163324e-06, 1.95380471268e-06, 7.80649600074e-07, 1.04364460185e-06, 1.88992871131e-07, 5.62537785243e-08, 8.23971717523e-08, 8.1052405676e-08, 9.89080461977e-08, 1.85753563642e-08, 1.2633649682e-08, 8.30203128466e-11]
    },
    "erbbands": {
        "dmean": [0.25619879365, 1.45418334007, 2.31667327881, 2.14673805237, 1.99371409416, 3.08014702797, 2.93680596352, 2.84352970123, 3.72415804863, 3.5348379612, 4.7087802887, 6.54903650284, 6.93311595917, 7.71121358871, 5.76442861557, 8.76848602295, 15.2379112244, 19.5825119019, 16.3299484253, 30.2849445343, 39.2160072327, 47.6790428162, 27.5115203857, 35.6881065369, 22.9417896271, 12.2201356888, 5.40026569366, 3.50023031235, 3.51850271225, 2.3566801548, 1.51590514183, 2.04606747627, 0.679126799107, 0.365537762642, 0.24628649652, 0.263706058264, 0.0722741782665, 0.0104099875316, 0.000663729966618, 2.11233164009e-05],
        "dmean2": [0.436547398567, 2.55054068565, 3.8917863369, 3.63981866837, 3.38307309151, 4.89520692825, 4.77935886383, 4.57407951355, 5.8757276535, 5.7047586441, 7.41601467133, 10.0330924988, 10.9678592682, 11.7804355621, 9.03378772736, 14.0169811249, 24.4759616852, 31.9187488556, 27.0725288391, 51.0542945862, 66.2058410645, 81.9104614258, 46.9412231445, 60.7202148438, 38.7793159485, 20.5811882019, 8.93273162842, 5.51405763626, 5.2815284729, 3.49774360657, 2.22679615021, 2.99660086632, 0.941343009472, 0.518798351288, 0.351925432682, 0.39497050643, 0.108686730266, 0.0162318777293, 0.00110311270691, 3.4050863178e-05],
        "dvar": [0.0908949971199, 3.42815613747, 8.57565021515, 8.9907875061, 12.0535106659, 31.31457901, 23.899269104, 31.5477638245, 108.646339417, 108.871498108, 135.535873413, 258.223724365, 221.830200195, 372.043731689, 173.993682861, 323.409942627, 422.039459229, 629.545227051, 428.182189941, 1349.95788574, 2133.28149414, 2980.04272461, 972.860595703, 1352.41870117, 628.995666504, 233.768966675, 72.3491897583, 47.4352531433, 69.898727417, 41.0673751831, 23.2918071747, 32.7552871704, 5.98927116394, 1.66176605225, 0.289205998182, 0.414839327335, 0.0181007198989, 0.000332829018589, 3.02135777019e-06, 1.81688530887e-09],
        "dvar2": [0.255776643753, 10.1390972137, 24.2426204681, 24.8588523865, 33.8736572266, 80.2190704346, 60.2370986938, 80.0702362061, 256.076385498, 269.608398438, 331.057922363, 574.081054688, 471.242645264, 806.732177734, 414.083343506, 748.63848877, 1030.89221191, 1645.09436035, 1116.94274902, 3627.76977539, 5898.70361328, 8556.828125, 2769.64648438, 3839.73071289, 1717.23547363, 627.750732422, 182.237686157, 112.018638611, 160.57069397, 91.2918548584, 48.3952941895, 66.7789840698, 10.2129983902, 2.972209692, 0.573807954788, 0.881860017776, 0.0396939776838, 0.000784344621934, 7.70573842601e-06, 4.69049021845e-09],
        "max": [2.72255897522, 17.0702018738, 41.2782402039, 44.2760658264, 60.2239875793, 121.448768616, 87.5441665649, 130.190826416, 266.111541748, 454.017791748, 312.428497314, 643.063781738, 678.319824219, 1012.67773438, 371.779418945, 675.559570312, 693.209533691, 432.049224854, 306.350830078, 594.146911621, 651.801147461, 765.574462891, 489.736602783, 501.387298584, 386.11920166, 323.413024902, 138.273757935, 147.379989624, 147.17427063, 214.117095947, 178.313934326, 126.148536682, 85.3619995117, 57.7137374878, 34.1466751099, 8.47608470917, 1.3969284296, 0.219571769238, 0.029911423102, 0.000909720780328],
        "mean": [0.354221224785, 2.36100506783, 4.57463693619, 3.93190002441, 3.54454398155, 6.29209852219, 5.16731405258, 5.12159395218, 6.30105018616, 6.07831096649, 8.39638710022, 11.7589578629, 13.2488908768, 15.0028190613, 11.8294286728, 17.9436035156, 29.4835090637, 39.0600738525, 35.4843597412, 60.7796173096, 90.0647583008, 110.373779297, 72.5056304932, 89.9953308105, 61.6859664917, 31.0568637848, 14.3424625397, 7.86763429642, 6.02097845078, 4.76741027832, 3.07354068756, 3.33242630959, 1.33832597733, 0.758220791817, 0.479450494051, 0.356929719448, 0.094680942595, 0.0127374576405, 0.000624279433396, 5.48656753381e-05],
        "median": [0.258773028851, 1.89429879189, 3.23228478432, 3.14405584335, 2.3060874939, 3.30438661575, 3.33048868179, 3.19672131538, 2.76832175255, 3.28391218185, 4.71844148636, 6.14166736603, 7.49127197266, 8.66014480591, 7.05433273315, 12.2194566727, 22.6032447815, 30.6702003479, 29.5387096405, 51.6726608276, 78.6178436279, 96.746307373, 67.0518188477, 88.3220367432, 59.4148483276, 28.1791419983, 12.3843193054, 5.85614585876, 3.16417741776, 2.65173149109, 1.56192660332, 1.32313323021, 0.604609012604, 0.424352169037, 0.278599023819, 0.14892616868, 0.0396375507116, 0.00504287611693, 0.00014506241132, 4.74328517157e-05],
        "min": [4.94201923647e-15, 4.88014102328e-14, 3.15417369957e-13, 1.66013524542e-12, 4.38933264735e-12, 3.0403600644e-12, 1.09150700631e-11, 1.66293125103e-11, 8.50626773879e-12, 1.17977450725e-11, 7.32522029145e-11, 6.2595574557e-11, 3.61998347964e-11, 5.04589564576e-11, 6.91595183899e-11, 4.04969287271e-11, 5.9115275175e-11, 3.85828764771e-11, 7.69559416192e-11, 1.62314300889e-10, 3.45830364346e-10, 2.14069137416e-10, 1.87287976794e-10, 1.88551937952e-10, 4.04334260518e-10, 3.19706761065e-10, 1.36444092136e-10, 3.98633209775e-10, 3.68682306906e-10, 3.72517294789e-10, 2.42881992296e-10, 3.15109383031e-10, 2.04953692906e-10, 2.18776607941e-10, 1.57809501578e-10, 1.16809284467e-10, 4.76244564618e-11, 1.9208608662e-11, 4.18423455606e-12, 5.16763769363e-13],
        "var": [0.123631797731, 4.27619886398, 18.4785022736, 12.8068504333, 16.7399616241, 72.7194747925, 41.6926612854, 48.6108436584, 166.49180603, 140.813842773, 219.100463867, 490.459533691, 579.092224121, 781.893859863, 408.199157715, 786.525085449, 914.27935791, 1221.92626953, 843.342468262, 2365.30371094, 4606.52734375, 6555.47851562, 2304.27685547, 3019.74951172, 1543.29541016, 483.639404297, 131.849822998, 81.3011703491, 109.438201904, 96.5497665405, 60.8830070496, 68.4692001343, 16.3633174896, 3.99979233742, 0.582552731037, 0.494304358959, 0.0229440014809, 0.000392553251004, 2.52117456512e-06, 2.01733452165e-09]
    },
    "gfcc": {
        "mean": [20.7630558014, 69.8757705688, -130.105438232, 56.5330200195, -23.3197002411, 15.0531635284, -34.5974617004, 23.3594608307, -24.3300762177, 7.23436260223, -16.7670078278, 4.72070503235, -14.2346200943],
        "cov": [[11922.1621094, -3.98607850075, 121.628959656, 119.368484497, -303.029418945, 296.278320312, -47.9953689575, 136.415252686, -6.58730745316, 57.5979042053, 42.9235610962, 64.5729293823, -41.9085884094], [-3.98607850075, 376.727935791, -140.942718506, 31.2758140564, 19.1183395386, -63.0736808777, 40.7912902832, -7.58566379547, 11.2434806824, -22.0867404938, 32.9072341919, -34.5045394897, 29.5993328094], [121.628959656, -140.942718506, 269.593780518, -31.7267398834, 1.10452902317, 11.8558626175, -41.0941390991, -8.13801670074, -7.47568798065, 23.065612793, -24.0536880493, 28.0568561554, -22.2184467316], [119.368484497, 31.2758140564, -31.7267398834, 128.046279907, 6.88274431229, 28.29621315, -6.68820810318, -9.20181369781, 10.9252586365, -8.37373733521, 13.030087471, -7.98072862625, 15.2088680267], [-303.029418945, 19.1183395386, 1.10452902317, 6.88274431229, 132.469818115, -16.5158653259, 29.5043010712, -6.34488010406, -16.4537601471, 1.16042876244, -3.56642127037, -0.703655421734, 3.21016287804], [296.278320312, -63.0736808777, 11.8558626175, 28.29621315, -16.5158653259, 119.011177063, 20.0469589233, 10.0953731537, -0.955269277096, -3.11641097069, 9.57133483887, 10.4493198395, 4.80407428741], [-47.9953689575, 40.7912902832, -41.0941390991, -6.68820810318, 29.5043010712, 20.0469589233, 76.6122665405, 25.887254715, 13.1420755386, -1.35515296459, 7.26328706741, -2.34672045708, 5.21690559387], [136.415252686, -7.58566379547, -8.13801670074, -9.20181369781, -6.34488010406, 10.0953731537, 25.887254715, 68.2886657715, 32.7562980652, 12.6545419693, 5.40704965591, -2.6469373703, -0.924145400524], [-6.58730745316, 11.2434806824, -7.47568798065, 10.9252586365, -16.4537601471, -0.955269277096, 13.1420755386, 32.7562980652, 62.3428421021, 24.7136249542, 14.3624916077, -3.579859972, 1.74531197548], [57.5979042053, -22.0867404938, 23.065612793, -8.37373733521, 1.16042876244, -3.11641097069, -1.35515296459, 12.6545419693, 24.7136249542, 51.351940155, 18.1232376099, 12.1630411148, -4.9321308136], [42.9235610962, 32.9072341919, -24.0536880493, 13.030087471, -3.56642127037, 9.57133483887, 7.26328706741, 5.40704965591, 14.3624916077, 18.1232376099, 54.0017738342, 15.3062334061, 13.0955133438], [64.5729293823, -34.5045394897, 28.0568561554, -7.98072862625, -0.703655421734, 10.4493198395, -2.34672045708, -2.6469373703, -3.579859972, 12.1630411148, 15.3062334061, 45.4029273987, 14.3606109619], [-41.9085884094, 29.5993328094, -22.2184467316, 15.2088680267, 3.21016287804, 4.80407428741, 5.21690559387, -0.924145400524, 1.74531197548, -4.9321308136, 13.0955133438, 14.3606109619, 44.5758171082]],
        "icov": [[0.000105886676465, -0.000151919506607, -4.48745668109e-05, -0.000143247219967, 0.000235011568293, -0.000262767454842, 0.00011947076564, -0.000368696491932, 0.000334894866683, -0.00023852555023, 0.000109044623969, -0.000230564211961, 0.000219444249524], [-0.000151919506607, 0.00508272415027, 0.000881121086422, -0.000553899211809, 0.000104349514004, 0.00360449450091, -0.00320008699782, 0.00191712204833, -0.000507678545546, 0.00184775458183, -0.00382658001035, 0.00422222260386, -0.00288315233774], [-4.48745668109e-05, 0.000881121086422, 0.00564652867615, 0.000948165950831, -0.00116765638813, -0.000924839579966, 0.00283354148269, 0.00041257662815, -0.00109961838461, -0.0014454839984, 0.00274147745222, -0.00345316412859, 0.00191458116751], [-0.000143247219967, -0.000553899211809, 0.000948165950831, 0.0110819367692, -0.00281046074815, -0.00396231096238, 0.00426405156031, 0.00281778932549, -0.00544537929818, 0.00290622585453, -0.00176194694359, 0.00263224774972, -0.00268213427626], [0.000235011568293, 0.000104349514004, -0.00116765638813, -0.00281046074815, 0.0109383035451, 0.00279141962528, -0.00681381486356, -8.97451900528e-05, 0.00620910339057, -0.00388360861689, 0.000725642894395, 0.000705182726961, -0.000877603655681], [-0.000262767454842, 0.00360449450091, -0.000924839579966, -0.00396231096238, 0.00279141962528, 0.014038442634, -0.00759627530351, 2.35677725868e-05, 0.00270102149807, 0.00191736244597, -0.00397057691589, 0.000955989351496, -0.00160917232279], [0.00011947076564, -0.00320008699782, 0.00283354148269, 0.00426405156031, -0.00681381486356, -0.00759627530351, 0.0241547692567, -0.00670082820579, -0.00490765832365, 0.00271267211065, 0.00129792420194, -0.00318384822458, 0.00167497317307], [-0.000368696491932, 0.00191712204833, 0.00041257662815, 0.00281778932549, -8.97451900528e-05, 2.35677725868e-05, -0.00670082820579, 0.0244255103171, -0.0122270202264, 0.000542879162822, -0.000301124062389, 0.00270344503224, -0.00132454559207], [0.000334894866683, -0.000507678545546, -0.00109961838461, -0.00544537929818, 0.00620910339057, 0.00270102149807, -0.00490765832365, -0.0122270202264, 0.0327786058187, -0.0146432230249, -0.00203370163217, 0.00534700183198, -0.00248434627429], [-0.00023852555023, 0.00184775458183, -0.0014454839984, 0.00290622585453, -0.00388360861689, 0.00191736244597, 0.00271267211065, 0.000542879162822, -0.0146432230249, 0.0346551425755, -0.0108403582126, -0.00589364673942, 0.00609472906217], [0.000109044623969, -0.00382658001035, 0.00274147745222, -0.00176194694359, 0.000725642894395, -0.00397057691589, 0.00129792420194, -0.000301124062389, -0.00203370163217, -0.0108403582126, 0.0307843573391, -0.011178297922, -0.0017338457983], [-0.000230564211961, 0.00422222260386, -0.00345316412859, 0.00263224774972, 0.000705182726961, 0.000955989351496, -0.00318384822458, 0.00270344503224, 0.00534700183198, -0.00589364673942, -0.011178297922, 0.0385721065104, -0.0153688061982], [0.000219444249524, -0.00288315233774, 0.00191458116751, -0.00268213427626, -0.000877603655681, -0.00160917232279, 0.00167497317307, -0.00132454559207, -0.00248434627429, 0.00609472906217, -0.0017338457983, -0.0153688061982, 0.0326692797244]]
    },
    "melbands": {
        "dmean": [0.00209006038494, 0.00131686334498, 0.000335073069436, 0.000205867632758, 9.82173805824e-05, 6.50853398838e-05, 5.7925873989e-05, 3.94181224692e-05, 4.09191052313e-05, 3.81604768336e-05, 3.55124648195e-05, 3.32001327479e-05, 1.75303448486e-05, 2.70140408247e-05, 2.37511103478e-05, 3.61682104995e-05, 4.14283713326e-05, 3.02134976664e-05, 3.05358589685e-05, 4.58479735244e-05, 5.39711945748e-05, 5.76343700232e-05, 3.63643484889e-05, 2.35634888668e-05, 3.35122276738e-05, 2.77950130112e-05, 1.18032121463e-05, 8.19982415123e-06, 3.86727606383e-06, 3.11414532916e-06, 2.04441721507e-06, 2.1310190732e-06, 1.77353081199e-06, 1.25974054299e-06, 8.90126727882e-07, 1.11408087378e-06, 1.29556383399e-06, 5.12984343004e-07, 3.69429329794e-07, 3.01117296431e-07],
        "dmean2": [0.0035925603006, 0.00225328933448, 0.000568143790588, 0.00033305195393, 0.000159218892804, 0.000104415630631, 9.09661685e-05, 6.37695702608e-05, 6.42921950202e-05, 5.86964888498e-05, 5.60409243917e-05, 5.07282966282e-05, 2.77276467386e-05, 4.26620645158e-05, 3.83292026527e-05, 5.81374297326e-05, 6.79715158185e-05, 5.05373791384e-05, 5.09472592967e-05, 7.72323473939e-05, 9.16885910556e-05, 9.9177705124e-05, 6.22405277682e-05, 4.00616663683e-05, 5.72458775423e-05, 4.74805565318e-05, 1.99605692615e-05, 1.38908917506e-05, 6.46269563731e-06, 5.17738180861e-06, 3.23434846905e-06, 3.28329815602e-06, 2.69048041446e-06, 1.93370715351e-06, 1.35096581744e-06, 1.65985693457e-06, 1.90813193512e-06, 7.34627917609e-07, 5.30602335402e-07, 4.4134850441e-07],
        "dvar": [6.201096312e-06, 2.43235808739e-06, 2.13667334492e-07, 1.43067381941e-07, 2.51427483278e-08, 1.59864441684e-08, 2.62829029651e-08, 1.13916556188e-08, 1.18321441533e-08, 8.4792493027e-09, 5.85372061934e-09, 7.13797954077e-09, 1.48472056871e-09, 3.25209437158e-09, 1.40996669895e-09, 2.04913774837e-09, 2.87862689241e-09, 1.46381051724e-09, 1.2586204301e-09, 2.98792302011e-09, 4.04644140417e-09, 4.44082015605e-09, 1.67156311015e-09, 6.12764006203e-10, 1.20636178824e-09, 9.88108039834e-10, 1.88637647169e-10, 1.08156893164e-10, 3.71477952565e-11, 2.34364663093e-11, 1.75844876854e-11, 2.63597494526e-11, 1.82907074903e-11, 1.39108481678e-11, 8.91783348556e-12, 9.45539219838e-12, 1.44679181829e-11, 3.89543432233e-12, 2.17001525256e-12, 1.01351945499e-12],
        "dvar2": [1.79013004526e-05, 6.9992643148e-06, 5.9062915625e-07, 3.80473409223e-07, 6.31388346051e-08, 4.01056929888e-08, 6.25047746894e-08, 2.86675305716e-08, 2.8496467408e-08, 1.89061921674e-08, 1.2471878641e-08, 1.5396764752e-08, 3.50830675622e-09, 7.26485316349e-09, 3.34730865248e-09, 5.05463315648e-09, 7.57194484891e-09, 3.82322262737e-09, 3.34547656244e-09, 8.20269008273e-09, 1.13293108228e-08, 1.27044152975e-08, 4.80578998818e-09, 1.72777181451e-09, 3.44162409682e-09, 2.79097545075e-09, 5.04285668779e-10, 2.93118251893e-10, 9.56548243392e-11, 5.94925983477e-11, 4.21666000727e-11, 6.23995508042e-11, 4.1557396413e-11, 3.1579079629e-11, 1.96000837088e-11, 2.01234133523e-11, 2.95743256273e-11, 6.99719405681e-12, 3.99493198938e-12, 1.90751559513e-12],
        "max": [0.0213620234281, 0.017172312364, 0.00640542479232, 0.00816400628537, 0.00286200223491, 0.00330485822633, 0.00378614175133, 0.00420338567346, 0.00328460335732, 0.00379288336262, 0.00339845614508, 0.00454490398988, 0.0012079217704, 0.0023565471638, 0.00122349604499, 0.00120205071289, 0.000976475072093, 0.000514257932082, 0.000556931307074, 0.000944047234952, 0.00085972098168, 0.000998246949166, 0.000729977327865, 0.000318998034345, 0.000487704470288, 0.000476208311738, 0.000238823660766, 0.000239002838498, 9.86904051388e-05, 8.19781416794e-05, 0.000101334597275, 8.91067393241e-05, 0.000124461104861, 0.000142285323818, 0.000123522942886, 8.5668048996e-05, 0.000102304344182, 7.23496850696e-05, 6.22842271696e-05, 4.45193691121e-05],
        "mean": [0.00315528409556, 0.00267341127619, 0.00065384444315, 0.000401358498493, 0.00019076083845, 0.000115861243103, 9.67472224147e-05, 6.81042001816e-05, 7.28882296244e-05, 6.72566238791e-05, 6.47898414172e-05, 6.23475789325e-05, 3.35335462296e-05, 5.06215947098e-05, 4.6237011702e-05, 6.81289675413e-05, 7.53066851757e-05, 5.67262650293e-05, 6.14273449173e-05, 9.19268204598e-05, 0.000108589811134, 0.000119473763334, 8.21533540147e-05, 5.57226812816e-05, 7.64340366004e-05, 5.90826348343e-05, 2.8380580261e-05, 1.7995833332e-05, 8.78014088812e-06, 6.89875014359e-06, 3.78689378522e-06, 3.35739832735e-06, 3.11421763399e-06, 2.47738739745e-06, 1.72891520833e-06, 1.86577165096e-06, 2.03301465262e-06, 9.53093149292e-07, 7.18396961474e-07, 5.99269981194e-07],
        "median": [0.00253034196794, 0.00237968447618, 0.000540535082109, 0.000211270526052, 0.00013054930605, 7.23966441001e-05, 4.07626503147e-05, 3.83306251024e-05, 4.11185355915e-05, 3.51956259692e-05, 3.5216602555e-05, 3.46255983459e-05, 1.9890443582e-05, 3.01751024381e-05, 3.32192939823e-05, 5.29342250957e-05, 5.69569710933e-05, 4.47945931228e-05, 5.29507269675e-05, 7.77472014306e-05, 9.19392041396e-05, 0.000101672820165, 7.21626565792e-05, 5.23109119968e-05, 7.35662179068e-05, 5.37475461897e-05, 2.62179819401e-05, 1.54442259372e-05, 7.27858969185e-06, 5.51904304302e-06, 2.47826483246e-06, 1.63282936683e-06, 1.64764901456e-06, 1.36819221552e-06, 8.79493654793e-07, 8.39566496325e-07, 7.49127082145e-07, 3.95907079564e-07, 3.58875695383e-07, 3.38850099979e-07],
        "min": [4.97685160031e-17, 1.29046832708e-16, 3.76039112263e-16, 2.84162321977e-16, 3.14193689834e-16, 3.71736105482e-16, 1.18414266349e-16, 1.85450902249e-16, 6.43376051186e-16, 3.73711836301e-16, 1.70050215377e-16, 1.91371397853e-16, 2.31554111475e-16, 1.0516629386e-16, 1.49751176675e-16, 1.26732076951e-16, 6.39785359408e-17, 8.24732488812e-17, 2.72461673542e-16, 2.13806746292e-16, 4.3049268992e-16, 2.32021144266e-16, 1.5792029329e-16, 1.81608324049e-16, 1.28012208433e-16, 2.63676671329e-16, 3.90034399423e-16, 1.66509392664e-16, 8.10329752335e-17, 1.01862521258e-16, 3.03871746339e-16, 2.56658712194e-16, 1.4831897631e-16, 2.26880501309e-16, 1.39126670364e-16, 1.55262436251e-16, 1.99459715466e-16, 1.05544295547e-16, 2.28196181704e-16, 1.57709990892e-16],
        "var": [8.2718233898e-06, 3.75528907171e-06, 3.17567980801e-07, 2.96092764529e-07, 4.8621423332e-08, 2.49390481599e-08, 4.00538908707e-08, 1.53614880816e-08, 1.8093407661e-08, 1.59396744692e-08, 1.49358818646e-08, 1.47942023077e-08, 3.13741677083e-09, 8.75834338387e-09, 3.30450600217e-09, 4.28265956032e-09, 5.19115950226e-09, 2.56387600039e-09, 2.37973307726e-09, 5.63316771007e-09, 7.50713713416e-09, 8.72972982791e-09, 3.57708951348e-09, 1.34287658771e-09, 2.41136222101e-09, 1.80442938369e-09, 3.93040627822e-10, 2.0150403568e-10, 5.8729077157e-11, 3.95893769156e-11, 2.85534287187e-11, 3.81014941819e-11, 3.21437147732e-11, 3.24299406773e-11, 2.13559950973e-11, 1.97137497299e-11, 2.97967137075e-11, 9.78703142834e-12, 5.15559947165e-12, 2.21519525813e-12]
    },
    "mfcc": {
        "mean": [-617.508178711, 97.2937545776, -29.7022476196, 46.4183197021, 26.6968326569, 7.6612200737, 9.2492685318, 12.8077125549, 2.93250131607, 8.48511123657, 2.57384777069, 2.46993231773, 0.718585133553],
        "cov": [[10812.7587891, 447.12588501, -155.646194458, 148.373260498, -155.792602539, 65.0429611206, 10.6351613998, 99.3462524414, -66.2349395752, 106.834983826, 55.5931243896, -16.9640369415, 15.3049020767], [447.12588501, 362.148681641, -136.376647949, 74.9132232666, -28.1748523712, -40.240940094, 18.5617752075, -8.55921363831, -6.26862478256, 11.554561615, 1.6788213253, -3.60478758812, 3.45672273636], [-155.646194458, -136.376647949, 251.19317627, -54.7171325684, 15.4333734512, 13.7882480621, -38.3791694641, -9.79756832123, -7.66087579727, -14.0464601517, 13.5497980118, -11.6039113998, -9.05041980743], [148.373260498, 74.9132232666, -54.7171325684, 116.14705658, 24.9043483734, -2.57814884186, -3.74420952797, -10.0078430176, -0.586123406887, 5.48836421967, -3.47276449203, 0.362967193127, 0.636665403843], [-155.792602539, -28.1748523712, 15.4333734512, 24.9043483734, 74.9934387207, 17.2402267456, 9.91287612915, -8.07671356201, -1.96327388287, -6.49918460846, -3.42519807816, -2.34123659134, -2.34205532074], [65.0429611206, -40.240940094, 13.7882480621, -2.57814884186, 17.2402267456, 81.3269958496, 26.033657074, 9.77704048157, -4.29068517685, -12.2598953247, -4.9826374054, 1.41293025017, -5.1454834938], [10.6351613998, 18.5617752075, -38.3791694641, -3.74420952797, 9.91287612915, 26.033657074, 67.8631744385, 23.7240600586, 4.01604795456, -3.41021800041, -3.17989134789, -1.13338565826, 2.42988562584], [99.3462524414, -8.55921363831, -9.79756832123, -10.0078430176, -8.07671356201, 9.77704048157, 23.7240600586, 53.6325035095, 18.6404361725, 8.54564571381, -0.470842570066, 2.42128062248, 2.47297501564], [-66.2349395752, -6.26862478256, -7.66087579727, -0.586123406887, -1.96327388287, -4.29068517685, 4.01604795456, 18.6404361725, 48.5532302856, 20.7274036407, 5.12915802002, 2.45773220062, 2.28363275528], [106.834983826, 11.554561615, -14.0464601517, 5.48836421967, -6.49918460846, -12.2598953247, -3.41021800041, 8.54564571381, 20.7274036407, 50.7128715515, 21.4765491486, 5.99524402618, 2.84324240685], [55.5931243896, 1.6788213253, 13.5497980118, -3.47276449203, -3.42519807816, -4.9826374054, -3.17989134789, -0.470842570066, 5.12915802002, 21.4765491486, 46.8860626221, 17.6949691772, 6.94635057449], [-16.9640369415, -3.60478758812, -11.6039113998, 0.362967193127, -2.34123659134, 1.41293025017, -1.13338565826, 2.42128062248, 2.45773220062, 5.99524402618, 17.6949691772, 47.044506073, 18.8258075714], [15.3049020767, 3.45672273636, -9.05041980743, 0.636665403843, -2.34205532074, -5.1454834938, 2.42988562584, 2.47297501564, 2.28363275528, 2.84324240685, 6.94635057449, 18.8258075714, 41.7531433105]],
