{
"lowlevel": {
    "average_loudness": 0.934737086296,
    "barkbands_crest": {
        "dmean": 2.51596355438,
        "dmean2": 4.02967596054,
        "dvar": 6.3462395668,
        "dvar2": 14.7629461288,
        "max": 26.0682468414,
        "mean": 8.43017673492,
        "median": 7.42347335815,
        "min": 2.32109928131,
        "var": 16.5715751648
    },
    "barkbands_flatness_db": {
        "dmean": 0.020605718717,
        "dmean2": 0.0317096784711,
        "dvar": 0.000530563585926,
        "dvar2": 0.00114175037015,
        "max": 0.525831997395,
        "mean": 0.107440553606,
        "median": 0.0859506726265,
        "min": 0.0237002260983,
        "var": 0.00376552133821
    },
    "barkbands_kurtosis": {
        "dmean": 2.56229662895,
        "dmean2": 4.12196826935,
        "dvar": 90.3894424438,
        "dvar2": 245.166259766,
        "max": 383.975585938,
        "mean": 2.06207728386,
        "median": -0.625007510185,
        "min": -1.93052232265,
        "var": 146.662353516
    },
    "barkbands_skewness": {
        "dmean": 0.545636951923,
        "dmean2": 0.851725757122,
        "dvar": 0.455303490162,
        "dvar2": 1.08383405209,
        "max": 14.4130153656,
        "mean": 1.07901620865,
        "median": 0.783744573593,
        "min": -5.00482940674,
        "var": 1.58011519909
    },
    "barkbands_spread": {
        "dmean": 6.52931642532,
        "dmean2": 10.1770486832,
        "dvar": 48.2041168213,
        "dvar2": 104.30103302,
        "max": 107.007331848,
        "mean": 38.6035194397,
        "median": 39.5512390137,
        "min": 0.185149103403,
        "var": 259.864349365
    },
    "dissonance": {
        "dmean": 0.00915641710162,
        "dmean2": 0.0154924308881,
        "dvar": 0.000140892341733,
        "dvar2": 0.000384514976759,
        "max": 0.500000059605,
        "mean": 0.482645958662,
        "median": 0.488033294678,
        "min": 0.219868421555,
        "var": 0.000316593737807
    },
    "dynamic_complexity": 2.48325037956,
    "erbbands_crest": {
        "dmean": 1.91310620308,
        "dmean2": 3.1544406414,
        "dvar": 3.81214928627,
        "dvar2": 9.69509410858,
        "max": 26.2628135681,
        "mean": 7.07875585556,
        "median": 6.14651679993,
        "min": 2.19999194145,
        "var": 10.4391593933
    },
    "erbbands_flatness_db": {
        "dmean": 0.0120594780892,
        "dmean2": 0.0185127332807,
        "dvar": 0.000162757045473,
        "dvar2": 0.000347106484696,
        "max": 0.362373948097,
        "mean": 0.138181969523,
        "median": 0.128173917532,
        "min": 0.0452840290964,
        "var": 0.00170153018553
    },
    "erbbands_kurtosis": {
        "dmean": 0.759455442429,
        "dmean2": 1.24102365971,
        "dvar": 2.07003688812,
        "dvar2": 5.82275295258,
        "max": 67.9951095581,
        "mean": 0.444778859615,
        "median": 0.209895133972,
        "min": -1.79694855213,
        "var": 2.85848712921
    },
    "erbbands_skewness": {
        "dmean": 0.272669583559,
        "dmean2": 0.424540162086,
        "dvar": 0.0927319452167,
        "dvar2": 0.212117835879,
        "max": 7.29458141327,
        "mean": -0.568703472614,
        "median": -0.682750165462,
        "min": -3.0976331234,
        "var": 0.473259180784
    },
    "erbbands_spread": {
        "dmean": 7.8869099617,
        "dmean2": 12.7295694351,
        "dvar": 73.0980377197,
        "dvar2": 183.54246521,
        "max": 170.520477295,
        "mean": 42.3755226135,
        "median": 40.1155319214,
        "min": 5.6338262558,
        "var": 253.970581055
    },
    "hfc": {
        "dmean": 6.64526510239,
        "dmean2": 10.1872711182,
        "dvar": 78.2623443604,
        "dvar2": 156.937332153,
        "max": 170.176986694,
        "mean": 33.609954834,
        "median": 34.1599121094,
        "min": 1.11706546265e-16,
        "var": 454.622344971
    },
    "melbands_crest": {
        "dmean": 3.54046678543,
        "dmean2": 5.70065927505,
        "dvar": 9.9474363327,
        "dvar2": 24.4981136322,
        "max": 34.9952125549,
        "mean": 15.0296192169,
        "median": 14.3277826309,
        "min": 2.48523402214,
        "var": 29.1907653809
    },
    "melbands_flatness_db": {
        "dmean": 0.0283847823739,
        "dmean2": 0.0428429320455,
        "dvar": 0.000934594834689,
        "dvar2": 0.00193535746075,
        "max": 0.662934541702,
        "mean": 0.161324724555,
        "median": 0.13945299387,
        "min": 0.00663928082213,
        "var": 0.00558779202402
    },
    "melbands_kurtosis": {
        "dmean": 8.17856311798,
        "dmean2": 13.2458381653,
        "dvar": 408.368804932,
        "dvar2": 1086.71960449,
        "max": 586.455505371,
        "mean": 12.3646669388,
        "median": 4.80757045746,
        "min": -1.68498849869,
        "var": 746.267578125
    },
    "melbands_skewness": {
        "dmean": 0.831046819687,
        "dmean2": 1.3113900423,
        "dvar": 1.04575097561,
        "dvar2": 2.51085162163,
        "max": 15.7343578339,
        "mean": 2.70740056038,
        "median": 2.31329059601,
        "min": -2.53306722641,
        "var": 3.08430075645
    },
    "melbands_spread": {
        "dmean": 11.1349372864,
        "dmean2": 17.5742473602,
        "dvar": 140.847854614,
        "dvar2": 313.582336426,
        "max": 192.544082642,
        "mean": 39.9894065857,
        "median": 38.384262085,
        "min": 0.305411994457,
        "var": 547.391845703
    },
    "pitch_salience": {
        "dmean": 0.0765538141131,
        "dmean2": 0.123453371227,
        "dvar": 0.00532801402733,
        "dvar2": 0.0134668760002,
        "max": 0.832414388657,
        "mean": 0.550539255142,
        "median": 0.566720366478,
        "min": 0.0860353186727,
        "var": 0.0133546097204
    },
    "silence_rate_20dB": {
        "dmean": 0,
        "dmean2": 0,
        "dvar": 0,
        "dvar2": 0,
        "max": 1,
        "mean": 1,
        "median": 1,
        "min": 1,
        "var": 0
    },
    "silence_rate_30dB": {
        "dmean": 0.00215285248123,
        "dmean2": 0.00430621998385,
        "dvar": 0.00214777467772,
        "dvar2": 0.00572339165956,
        "max": 1,
        "mean": 0.998086571693,
        "median": 1,
        "min": 0,
        "var": 0.00190988043323
    },
    "silence_rate_60dB": {
        "dmean": 0.00550173409283,
        "dmean2": 0.0110047850758,
        "dvar": 0.00547164585441,
        "dvar2": 0.013037587516,
        "max": 1,
        "mean": 0.0495096854866,
        "median": 0,
        "min": 0,
        "var": 0.0470575615764
    },
    "spectral_centroid": {
        "dmean": 250.445114136,
        "dmean2": 394.897827148,
        "dvar": 64923.3867188,
        "dvar2": 134027.21875,
        "max": 11295.1953125,
        "mean": 2146.71533203,
        "median": 2253.71923828,
        "min": 102.67640686,
        "var": 480704.625
    },
    "spectral_complexity": {
        "dmean": 3.66224145889,
        "dmean2": 5.86626815796,
        "dvar": 10.9369726181,
        "dvar2": 26.8884658813,
        "max": 58,
        "mean": 32.2524528503,
        "median": 37,
        "min": 0,
        "var": 190.966003418
    },
    "spectral_decrease": {
        "dmean": 2.67642952245e-09,
        "dmean2": 4.3387364812e-09,
        "dvar": 1.76666108486e-17,
        "dvar2": 4.42274084419e-17,
        "max": -1.01728715035e-28,
        "mean": -6.9527765767e-09,
        "median": -5.93216764599e-09,
        "min": -5.20779153135e-08,
        "var": 2.55590173513e-17
    },
    "spectral_energy": {
        "dmean": 0.0103981001303,
        "dmean2": 0.0168326292187,
        "dvar": 0.000256687810179,
        "dvar2": 0.000642028811853,
        "max": 0.199053689837,
        "mean": 0.0292898584157,
        "median": 0.0258005224168,
        "min": 1.05160650652e-20,
        "var": 0.000394504284486
    },
    "spectral_energyband_high": {
        "dmean": 0.000565223337617,
        "dmean2": 0.000853128673043,
        "dvar": 8.28327586078e-07,
        "dvar2": 1.58528166594e-06,
        "max": 0.0179502144456,
        "mean": 0.00212018447928,
        "median": 0.00185537454672,
        "min": 7.62245965115e-21,
        "var": 3.60306444236e-06
    },
    "spectral_energyband_low": {
        "dmean": 0.0085228793323,
        "dmean2": 0.0139730423689,
        "dvar": 0.000244458176894,
        "dvar2": 0.000622486055363,
        "max": 0.192254781723,
        "mean": 0.0132460938767,
        "median": 0.00845989584923,
        "min": 8.80887777593e-23,
        "var": 0.00027825505822
    },
    "spectral_energyband_middle_high": {
        "dmean": 0.00176669319626,
        "dmean2": 0.00281673925929,
        "dvar": 5.41087183592e-06,
        "dvar2": 1.31692204377e-05,
        "max": 0.0491229891777,
        "mean": 0.00739936996251,
        "median": 0.00688567431644,
        "min": 1.42232333079e-21,
        "var": 2.78835341305e-05
    },
    "spectral_energyband_middle_low": {
        "dmean": 0.00349634373561,
        "dmean2": 0.00576858688146,
        "dvar": 2.59958305833e-05,
        "dvar2": 6.8864756031e-05,
        "max": 0.0690427273512,
        "mean": 0.00801498070359,
        "median": 0.00648765172809,
        "min": 4.06086307936e-22,
        "var": 3.95886600018e-05
    },
    "spectral_entropy": {
        "dmean": 0.104388020933,
        "dmean2": 0.15473844111,
        "dvar": 0.0210030209273,
        "dvar2": 0.042301312089,
        "max": 9.81449604034,
        "mean": 7.8369345665,
        "median": 7.94233989716,
        "min": 5.12220096588,
        "var": 0.145127519965
    },
    "spectral_flux": {
        "dmean": 0.0237994100899,
        "dmean2": 0.0373958237469,
        "dvar": 0.000955963274464,
        "dvar2": 0.00198939209804,
        "max": 0.341327697039,
        "mean": 0.0946034491062,
        "median": 0.0879908204079,
        "min": 1.02547866032e-10,
        "var": 0.00248284032568
    },
    "spectral_kurtosis": {
        "dmean": 1.15931224823,
        "dmean2": 1.92035973072,
        "dvar": 4.25694990158,
        "dvar2": 11.289607048,
        "max": 52.5744361877,
        "mean": 3.67960572243,
        "median": 3.32974028587,
        "min": -1.31207501888,
        "var": 7.10254240036
    },
    "spectral_rms": {
        "dmean": 0.000834169215523,
        "dmean2": 0.00132229272276,
        "dvar": 1.06049617443e-06,
        "dvar2": 2.53826829066e-06,
        "max": 0.0139355203137,
        "mean": 0.00503858458251,
        "median": 0.00501709477976,
        "min": 3.20305717713e-12,
        "var": 3.18827324008e-06
    },
    "spectral_rolloff": {
        "dmean": 645.898254395,
        "dmean2": 1043.8293457,
        "dvar": 787881.5625,
        "dvar2": 1540171.5,
        "max": 18195.5566406,
        "mean": 2591.16186523,
        "median": 2583.984375,
        "min": 43.06640625,
        "var": 2671734.5
    },
    "spectral_skewness": {
        "dmean": 0.165472611785,
        "dmean2": 0.26601266861,
        "dvar": 0.0466009676456,
        "dvar2": 0.112483292818,
        "max": 5.24895906448,
        "mean": 1.19941878319,
        "median": 1.20506107807,
        "min": -0.184759050608,
        "var": 0.219330757856
    },
    "spectral_spread": {
        "dmean": 386734.53125,
        "dmean2": 570194.4375,
        "dvar": 349478584320,
        "dvar2": 504225005568,
        "max": 41467440,
        "mean": 4403132,
        "median": 4300355,
        "min": 1249034.875,
        "var": 1.72875828429e+12
    },
    "spectral_strongpeak": {
        "dmean": 0.375977188349,
        "dmean2": 0.66045320034,
        "dvar": 0.639821648598,
        "dvar2": 1.67370700836,
        "max": 11.41319561,
        "mean": 0.573771476746,
        "median": 0.357882559299,
        "min": 0,
        "var": 0.686050534248
    },
    "zerocrossingrate": {
        "dmean": 0.0122847612947,
        "dmean2": 0.0142530817538,
        "dvar": 0.000196995591978,
        "dvar2": 0.000219900743105,
        "max": 0.47021484375,
        "mean": 0.0881169587374,
        "median": 0.0869140625,
        "min": 0.00341796875,
        "var": 0.00177602167241
    },
    "barkbands": {
        "dmean": [0.000141972137499, 0.00516392337158, 0.00413391785696, 0.0014160455903, 0.00150693312753, 0.000584074994549, 0.00058012054069, 0.000484202842927, 0.000448779494036, 0.000397086434532, 0.000332662108121, 0.000367979519069, 0.000320319522871, 0.000325358909322, 0.000305880908854, 0.000364677194739, 0.000518611457665, 0.000292471173452, 0.000405169732403, 0.000334873213433, 0.000186050572665, 0.00016634730855, 9.59795288509e-05, 8.29837517813e-05, 7.71590057411e-05, 6.13696829532e-05, 4.03063768317e-06],
        "dmean2": [0.000191205079318, 0.00836805161089, 0.00722138490528, 0.0024345878046, 0.00252101919614, 0.000991253647953, 0.000931929389481, 0.0007869740366, 0.000707096187398, 0.000634237076156, 0.000533052079845, 0.000599898572545, 0.000515589083079, 0.000537465850357, 0.000501437403727, 0.000609490612987, 0.00087595009245, 0.000488280667923, 0.000684051890858, 0.000557647726964, 0.00030796637293, 0.000272137258435, 0.000144773934153, 0.000118887990538, 0.000111577828648, 9.67640298768e-05, 6.72460328133e-06],
        "dvar": [1.03856400813e-07, 0.00012661900837, 5.57301500521e-05, 5.27001657247e-06, 6.7757277975e-06, 1.62465346421e-06, 1.98070461011e-06, 1.59746116424e-06, 1.27351381707e-06, 1.17424622204e-06, 1.13842804694e-06, 5.66130779589e-07, 5.5018739431e-07, 5.60317971576e-07, 3.83472240628e-07, 2.93001903628e-07, 4.0560070147e-07, 1.16177510279e-07, 2.99631977896e-07, 1.89355020552e-07, 5.67677354013e-08, 4.74900971881e-08, 4.82332360718e-08, 7.64515135643e-08, 6.52924114775e-08, 1.87775732741e-08, 7.8003561943e-11],
        "dvar2": [1.84825381666e-07, 0.000303173437715, 0.000161888659932, 1.53752826009e-05, 1.78207628778e-05, 4.42413011115e-06, 4.66384926767e-06, 4.0107888708e-06, 2.99354337585e-06, 2.91461356028e-06, 2.68127155323e-06, 1.41875159443e-06, 1.25844189824e-06, 1.43860415847e-06, 9.28045551518e-07, 7.67495180298e-07, 1.08849678782e-06, 3.12099246003e-07, 8.1862560819e-07, 5.36103868853e-07, 1.50108704133e-07, 1.21363527228e-07, 1.03122971495e-07, 1.44799344071e-07, 1.27075139744e-07, 4.48288552946e-08, 2.03752778538e-10],
        "max": [0.00322097330354, 0.108649462461, 0.11846627295, 0.0397547483444, 0.0300542749465, 0.0203798413277, 0.0236011184752, 0.0259283017367, 0.0206086970866, 0.0271703824401, 0.0331392996013, 0.0186754334718, 0.0219575539231, 0.0184455607086, 0.0138413896784, 0.0130009539425, 0.0118131404743, 0.00536169763654, 0.0079184519127, 0.00759642478079, 0.00340095185675, 0.00332101574168, 0.00793647486717, 0.00796671677381, 0.00880688708276, 0.0023492241744, 0.000167919599335],
        "mean": [0.000166767335031, 0.0058320867829, 0.00590889854357, 0.002222600393, 0.00226404494606, 0.000979521428235, 0.00088296062313, 0.000713220797479, 0.00071498635225, 0.000671956106089, 0.000523658760358, 0.000625101907644, 0.000516302825417, 0.000531320867594, 0.000532129313797, 0.000736992282327, 0.00115113833454, 0.000661219586618, 0.00102947978303, 0.00089933455456, 0.000523413182236, 0.000483801588416, 0.000208231664146, 0.000185776574654, 0.000177670459379, 0.000141642682138, 5.6257513279e-06],
        "median": [1.24285543279e-05, 0.00184978614561, 0.00408342992887, 0.0015555631835, 0.0014535007067, 0.000467699894216, 0.000374092167476, 0.000316150952131, 0.000268605886959, 0.00024063361343, 0.000196816341486, 0.000380420475267, 0.000252930272836, 0.000271365861408, 0.000336431898177, 0.00060114543885, 0.00101037952118, 0.00058828399051, 0.000817973865196, 0.00072541780537, 0.000433824228821, 0.000401878758566, 0.000119170174003, 9.52502596192e-05, 9.58410237217e-05, 5.38558415428e-05, 5.71514476633e-07],
        "min": [9.50899403813e-24, 3.77395443124e-23, 3.84627814567e-23, 4.00102110084e-23, 3.30957820652e-23, 2.56254570417e-23, 2.39487521203e-23, 6.03355025322e-23, 2.09445107313e-22, 1.13608705722e-22, 1.0066294291e-22, 1.01999689802e-22, 1.70358980591e-22, 6.35953597825e-23, 1.12014171708e-22, 1.16467613373e-22, 1.24697881239e-22, 1.31053878703e-22, 3.1525893328e-22, 2.45438508012e-22, 5.07138152961e-22, 7.84549357545e-22, 7.19257877396e-22, 6.75106455869e-22, 1.21190976735e-21, 1.73064399891e-21, 1.95695059786e-21],
        "var": [1.7552794418e-07, 0.000135491194669, 5.03284318256e-05, 6.83320649841e-06, 7.75117587182e-06, 2.08125129575e-06, 3.05955859403e-06, 2.10047983273e-06, 2.58073646364e-06, 2.57991951003e-06, 2.05604169423e-06, 1.01560817711e-06, 1.09053644337e-06, 1.04316245597e-06, 6.70485292176e-07, 6.14325983861e-07, 9.11099164114e-07, 2.77780230817e-07, 8.34858269627e-07, 6.15281123828e-07, 1.95293026195e-07, 1.77017611236e-07, 1.1458022442e-07, 1.88136041857e-07, 1.457220975e-07, 4.73322074868e-08, 1.24512830602e-10]
    },
    "erbbands": {
        "dmean": [0.121052965522, 1.33712422848, 4.46027708054, 4.67862892151, 5.45906066895, 4.50366926193, 4.96700334549, 4.49705028534, 7.55510902405, 10.0351457596, 9.2556552887, 9.93771457672, 11.7419195175, 10.9304151535, 12.5812654495, 15.3386478424, 14.2273397446, 14.7173519135, 14.6366004944, 15.482052803, 20.9003505707, 27.8773918152, 17.1630496979, 15.114443779, 20.9886665344, 15.755443573, 7.80042648315, 8.26367950439, 6.71080780029, 3.55499267578, 2.8036031723, 1.80745255947, 1.45235908031, 1.07192420959, 0.46819216013, 0.296240121126, 0.11395855993, 0.0159204620868, 0.000368097622413, 1.94273507077e-05],
        "dmean2": [0.185934573412, 2.25078463554, 7.86055421829, 8.07429981232, 9.15075397491, 7.78870868683, 8.58391952515, 7.5565071106, 12.1722211838, 16.1511001587, 15.0694484711, 15.6697244644, 18.9553050995, 17.43019104, 20.2844181061, 24.7902679443, 22.8673267365, 24.0261592865, 24.0409564972, 25.2869663239, 35.0401077271, 46.7331733704, 28.4500312805, 25.3244857788, 35.0467948914, 26.7217712402, 12.9469013214, 13.7657136917, 11.0354576111, 5.64190578461, 4.26516675949, 2.67501139641, 2.09043955803, 1.57284379005, 0.692561268806, 0.462769389153, 0.182407647371, 0.0252863615751, 0.000586335896514, 3.03635861201e-05],
        "dvar": [0.0860786959529, 8.53571128845, 71.2805023193, 59.197479248, 73.6482009888, 83.3019714355, 106.153793335, 91.4331741333, 323.428466797, 856.86529541, 645.464904785, 646.973693848, 1005.92993164, 1090.85632324, 1346.34240723, 946.101257324, 1103.39111328, 1204.51916504, 820.919433594, 847.728637695, 959.544067383, 1148.2701416, 409.967407227, 392.428863525, 771.557495117, 443.797302246, 109.68850708, 111.676422119, 76.4334106445, 37.2565879822, 42.3476028442, 28.4852199554, 27.1188316345, 16.6236515045, 1.35505497456, 0.378549218178, 0.0705174058676, 0.00133755709976, 7.03387115664e-07, 8.6924378806e-10],
        "dvar2": [0.178632974625, 22.0774517059, 205.572845459, 172.441818237, 197.608169556, 231.422119141, 295.608459473, 246.664520264, 771.700195312, 2106.16479492, 1633.88183594, 1537.05090332, 2505.26538086, 2666.31665039, 3374.91577148, 2288.52905273, 2519.40942383, 3078.60791016, 2082.45117188, 2066.84033203, 2535.64697266, 3044.76049805, 1099.38122559, 1076.83569336, 2146.55371094, 1246.4119873, 295.75680542, 297.811035156, 202.647186279, 85.6150665283, 90.5624008179, 55.3226966858, 52.3751411438, 34.5030097961, 2.48120856285, 0.879720509052, 0.171825066209, 0.0032009689603, 1.70330088167e-06, 2.00374361548e-09],
        "max": [3.13159036636, 30.0039138794, 121.105705261, 96.633934021, 105.579444885, 117.435951233, 188.344589233, 179.348831177, 342.135772705, 647.601196289, 482.021087646, 500.534454346, 959.460693359, 905.313964844, 952.091369629, 840.796386719, 1172.53222656, 1000.28936768, 649.323120117, 847.998718262, 867.812683105, 542.064331055, 356.424102783, 317.288574219, 361.511260986, 297.907958984, 190.647155762, 163.156616211, 149.299606323, 138.353591919, 226.412719727, 165.158065796, 179.100036621, 153.714096069, 34.1336631775, 11.1950063705, 4.98799371719, 0.796073019505, 0.0172099228948, 0.000512682716362],
        "mean": [0.138405352831, 1.46243417263, 6.10202693939, 7.91669607162, 8.19600772858, 6.12835931778, 7.32718229294, 8.41336536407, 12.0340356827, 15.1791725159, 14.5683946609, 16.0751953125, 20.6738986969, 18.7517337799, 21.5157775879, 27.7175941467, 24.9052715302, 25.5702648163, 27.2808361053, 31.4797229767, 47.9464416504, 64.2929000854, 41.5629615784, 38.5652351379, 56.0937728882, 42.3994941711, 21.7063922882, 23.1007766724, 18.9505062103, 8.90467357635, 6.00721740723, 4.12198257446, 3.07108545303, 2.23048782349, 1.10890996456, 0.674810230732, 0.252643942833, 0.0330865941942, 0.000760338443797, 6.31344737485e-05],
        "median": [0.0243911035359, 0.556107521057, 3.91603469849, 5.78152561188, 5.14893913269, 3.67862224579, 3.9189696312, 3.95937776566, 5.30621480942, 6.98118495941, 6.1110124588, 6.23996162415, 7.64850139618, 7.28608179092, 9.38212680817, 16.7605609894, 13.433221817, 12.8006086349, 17.6787643433, 23.3822059631, 41.9480438232, 57.2118911743, 37.5313034058, 31.9199714661, 45.6015625, 34.7043609619, 18.2067909241, 19.0401802063, 15.5145559311, 6.81439447403, 3.43877744675, 2.26729202271, 1.45740461349, 1.10834741592, 0.624972999096, 0.305145323277, 0.0827588289976, 0.00910700112581, 0.000222394242883, 5.17358348588e-05],
        "min": [1.42732670317e-21, 8.11737538258e-21, 4.16152885965e-20, 7.0339962548e-20, 1.52050763386e-19, 6.46790292414e-20, 1.51100397486e-19, 2.96274537022e-19, 2.75216224686e-19, 8.67288790998e-19, 1.40432117294e-18, 3.71427545607e-18, 4.25346114424e-18, 5.13852992401e-18, 5.0285847993e-18, 3.99892195333e-18, 7.41096918821e-18, 4.26667576812e-18, 5.87217832957e-18, 4.82487957934e-18, 6.20177423491e-18, 6.63577232767e-18, 6.48509310728e-18, 1.51783671937e-17, 1.28107339166e-17, 1.20785409353e-17, 1.53917979897e-17, 2.3974475133e-17, 2.66477938326e-17, 2.63152010519e-17, 1.82039391027e-17, 1.1118242974e-17, 1.52499563669e-17, 1.52668904084e-17, 6.86393190167e-18, 5.4365424192e-18, 3.2480307611e-18, 1.24774839409e-18, 3.17338613772e-19, 2.63735471541e-20],
        "var": [0.108703427017, 7.75138425827, 61.7540664673, 69.7655105591, 91.8334350586, 74.3965301514, 110.791511536, 161.718139648, 543.850830078, 1121.88439941, 1031.5090332, 1183.78259277, 2229.1940918, 2231.4296875, 2646.43408203, 1924.94702148, 2309.12353516, 2449.76660156, 1458.18322754, 1594.23339844, 2250.08129883, 2708.55419922, 1029.58093262, 1087.08349609, 2365.06811523, 1337.77282715, 333.463348389, 387.054016113, 273.320220947, 91.6016693115, 102.921539307, 70.118522644, 65.1638870239, 32.9346351624, 3.51750183105, 0.973355948925, 0.165716424584, 0.00305972830392, 1.56460419021e-06, 2.50201859231e-09]
    },
    "gfcc": {
        "mean": [29.0725231171, 69.9764022827, -122.796844482, 53.8347892761, -46.8420372009, 9.88749217987, -33.8731422424, 10.467549324, -29.0099563599, 3.6250641346, -24.2315292358, 1.77086925507, -16.5361442566],
        "cov": [[8800.04101562, -2577.79736328, 759.919128418, -370.617889404, -222.100585938, 754.69317627, -524.810546875, 732.708374023, -443.99331665, 478.560394287, -427.090393066, 127.26713562, -541.386413574], [-2577.79736328, 1704.86328125, -408.681915283, 184.067749023, 144.858474731, -318.3934021, 312.399658203, -282.093414307, 244.296951294, -216.229125977, 209.778335571, -116.970024109, 231.829406738], [759.919128418, -408.681915283, 617.305603027, -6.29755830765, 59.7716712952, 208.541885376, -123.430343628, 125.267944336, -42.4160003662, 68.8180160522, -60.3093147278, 6.7826166153, -90.3290939331], [-370.617889404, 184.067749023, -6.29755830765, 439.307159424, 38.5304145813, -107.793563843, 103.581733704, -62.4261283875, 49.4217605591, -39.3423805237, 61.618598938, 27.7682170868, 76.1017303467], [-222.100585938, 144.858474731, 59.7716712952, 38.5304145813, 217.658004761, 24.5318470001, 76.1271133423, 19.6078643799, 30.0832042694, 6.44206905365, -2.02090549469, 3.71020627022, 10.110786438], [754.69317627, -318.3934021, 208.541885376, -107.793563843, 24.5318470001, 315.141815186, -58.7596473694, 135.243362427, -36.580242157, 46.7249145508, -36.0194358826, -26.2524909973, -61.1916160583], [-524.810546875, 312.399658203, -123.430343628, 103.581733704, 76.1271133423, -58.7596473694, 226.67326355, -25.5887012482, 41.6512336731, -40.7742462158, 39.4057807922, 17.2756614685, 51.9748497009], [732.708374023, -282.093414307, 125.267944336, -62.4261283875, 19.6078643799, 135.243362427, -25.5887012482, 167.021286011, -6.35313606262, 61.0091514587, -51.0197906494, -0.914236843586, -55.4042243958], [-443.99331665, 244.296951294, -42.4160003662, 49.4217605591, 30.0832042694, -36.580242157, 41.6512336731, -6.35313606262, 108.095428467, -1.87383663654, 40.1101531982, -22.0728092194, 40.1829338074], [478.560394287, -216.229125977, 68.8180160522, -39.3423805237, 6.44206905365, 46.7249145508, -40.7742462158, 61.0091514587, -1.87383663654, 99.5866012573, -10.0775327682, 24.5309085846, -40.9599266052], [-427.090393066, 209.778335571, -60.3093147278, 61.618598938, -2.02090549469, -36.0194358826, 39.4057807922, -51.0197906494, 40.1101531982, -10.0775327682, 89.9953308105, 11.2232236862, 43.5975761414], [127.26713562, -116.970024109, 6.7826166153, 27.7682170868, 3.71020627022, -26.2524909973, 17.2756614685, -0.914236843586, -22.0728092194, 24.5309085846, 11.2232236862, 83.3253860474, 10.5651407242], [-541.386413574, 231.829406738, -90.3290939331, 76.1017303467, 10.110786438, -61.1916160583, 51.9748497009, -55.4042243958, 40.1829338074, -40.9599266052, 43.5975761414, 10.5651407242, 92.8473358154]],
        "icov": [[0.000420430180384, -0.00043894367991, 0.000219927125727, -0.000520397443324, 0.000549069431145, -0.00058690685546, 0.000617924553808, -0.00119596195873, 0.001264309627, -0.00122672691941, 0.0012328607263, -0.001067433157, 0.00113604287617], [-0.00043894367991, 0.00431383494288, -0.000501454633195, 0.00184877088759, -0.00245761778206, 0.00254434766248, -0.00319021334872, 0.00319535308518, -0.0046398518607, 0.00447176629677, -0.00606141239405, 0.00648661144078, -0.00360782979988], [0.000219927125727, -0.000501454633195, 0.00298030115664, -0.00124575931113, -0.000580032472499, -0.00191986293066, 0.00211185892113, -0.00106582592707, 0.000444457633421, -0.000496976310387, 0.00153335917275, -0.00216155126691, 0.00254903081805], [-0.000520397443324, 0.00184877088759, -0.00124575931113, 0.00432016700506, -0.00131141638849, 0.00240110373124, -0.0026752599515, 0.00203205528669, -0.00283677550033, 0.0029622996226, -0.00425666151568, 0.002870333381, -0.0037614251487], [0.000549069431145, -0.00245761778206, -0.000580032472499, -0.00131141638849, 0.00777301052585, -0.00233353185467, -0.000676394382026, -0.00171677803155, 0.00158920558169, -0.00427172565833, 0.00576019240543, -0.00411632983014, 0.0020097468514], [-0.00058690685546, 0.00254434766248, -0.00191986293066, 0.00240110373124, -0.00233353185467, 0.00871302187443, -0.0020871097222, -0.00261521805078, 0.000167173770024, 0.00309365871362, -0.00750055955723, 0.00773743912578, -0.00407278491184], [0.000617924553808, -0.00319021334872, 0.00211185892113, -0.0026752599515, -0.000676394382026, -0.0020871097222, 0.010293809697, -0.00487196445465, 0.00286237080581, -0.000403300276957, 0.00330872368068, -0.00755978561938, 0.0037344568409], [-0.00119596195873, 0.00319535308518, -0.00106582592707, 0.00203205528669, -0.00171677803155, -0.00261521805078, -0.00487196445465, 0.0192885193974, -0.0102018648759, 0.000225424606469, 0.00168454891536, 0.00340539892204, -0.00161776621826], [0.001264309627, -0.0046398518607, 0.000444457633421, -0.00283677550033, 0.00158920558169, 0.000167173770024, 0.00286237080581, -0.0102018648759, 0.0252164695412, -0.0112852966413, 0.000538803869858, 0.00197627255693, -0.00240780040622], [-0.00122672691941, 0.00447176629677, -0.000496976310387, 0.0029622996226, -0.00427172565833, 0.00309365871362, -0.000403300276957, 0.000225424606469, -0.0112852966413, 0.0259320698678, -0.0105609251186, -0.00113238941412, 0.00304635916837], [0.0012328607263, -0.00606141239405, 0.00153335917275, -0.00425666151568, 0.00576019240543, -0.00750055955723, 0.00330872368068, 0.00168454891536, 0.000538803869858, -0.0105609251186, 0.0303487386554, -0.0136390095577, 0.00329578015953], [-0.001067433157, 0.00648661144078, -0.00216155126691, 0.002870333381, -0.00411632983014, 0.00773743912578, -0.00755978561938, 0.00340539892204, 0.00197627255693, -0.00113238941412, -0.0136390095577, 0.0305874869227, -0.0134954852983], [0.00113604287617, -0.00360782979988, 0.00254903081805, -0.0037614251487, 0.0020097468514, -0.00407278491184, 0.0037344568409, -0.00161776621826, -0.00240780040622, 0.00304635916837, 0.00329578015953, -0.0134954852983, 0.0283809676766]]
    },
    "melbands": {
        "dmean": [0.0012287410209, 0.00209264527075, 0.00078662217129, 0.000360530626494, 0.000174668253749, 0.000107074214611, 0.000112247165816, 0.000110576533189, 7.69436519477e-05, 6.34918833384e-05, 6.06151916145e-05, 4.63682808913e-05, 4.23663514084e-05, 3.88671978726e-05, 4.27630147897e-05, 2.98086943076e-05, 3.03805427393e-05, 2.61200693785e-05, 2.52788904618e-05, 2.42991354753e-05, 2.84817469947e-05, 3.47010936821e-05, 2.02538140002e-05, 1.39338699228e-05, 1.36536464197e-05, 1.96883247554e-05, 1.59428145707e-05, 1.10868231786e-05, 6.02001045991e-06, 4.96364918945e-06, 5.32711601409e-06, 4.88046589453e-06, 2.89474701276e-06, 1.9092524326e-06, 1.81234997854e-06, 1.39365124596e-06, 1.12739098768e-06, 1.05979404452e-06, 1.11485792331e-06, 8.98707241959e-07],
        "dmean2": [0.00195037398953, 0.00363515876234, 0.00135112390853, 0.000607237278018, 0.00030165843782, 0.000179315975402, 0.000180790637387, 0.000178374204552, 0.000124361962662, 0.0001001527271, 9.77536619757e-05, 7.36431902624e-05, 6.78879223415e-05, 6.35574324406e-05, 6.9486159191e-05, 4.8263300414e-05, 5.01039139635e-05, 4.32691449532e-05, 4.13107518398e-05, 4.05093342124e-05, 4.82608338643e-05, 5.84310037084e-05, 3.38863756042e-05, 2.33046630456e-05, 2.30224013649e-05, 3.33224088536e-05, 2.67353734671e-05, 1.88569811144e-05, 1.0082717381e-05, 8.2740725702e-06, 8.929849173e-06, 8.15535440779e-06, 4.7515973165e-06, 3.01580962514e-06, 2.80695849142e-06, 2.12469649341e-06, 1.70854400494e-06, 1.56182659339e-06, 1.63493518812e-06, 1.35826235237e-06],
        "dvar": [7.88154920883e-06, 1.65287583513e-05, 1.51572226059e-06, 4.01995833954e-07, 1.2660554205e-07, 5.08925914744e-08, 6.99072373322e-08, 9.69659623706e-08, 4.72307917221e-08, 2.45584352854e-08, 2.68405848658e-08, 1.90280022849e-08, 1.82700361506e-08, 7.16771042519e-09, 9.17816489476e-09, 4.9425619153e-09, 5.4800421978e-09, 2.86305690267e-09, 2.84395107464e-09, 1.32693334098e-09, 1.76718784051e-09, 1.83727633107e-09, 6.01218186347e-10, 2.86708851105e-10, 3.30170002449e-10, 8.02141464362e-10, 4.65852689757e-10, 2.24254129155e-10, 6.62543284125e-11, 4.30268737306e-11, 4.64448687842e-11, 4.09767914045e-11, 1.71903741242e-11, 1.31052104932e-11, 1.69022591062e-11, 1.46857543487e-11, 1.16233680666e-11, 1.36733879427e-11, 1.82863550691e-11, 1.18665268584e-11],
        "dvar2": [1.7508993551e-05, 4.62778189103e-05, 4.35886204286e-06, 1.07403081984e-06, 3.56613384156e-07, 1.36622901437e-07, 1.65556841125e-07, 2.40580675381e-07, 1.1903519237e-07, 5.84772550383e-08, 6.67320421144e-08, 4.63369005388e-08, 4.43122303295e-08, 1.8249030731e-08, 2.2132027766e-08, 1.18841247954e-08, 1.39642368779e-08, 7.3020873792e-09, 6.88740842136e-09, 3.44864203861e-09, 4.71498129428e-09, 4.90306861778e-09, 1.6121983748e-09, 7.75681074927e-10, 9.06618613516e-10, 2.21927654032e-09, 1.29566923857e-09, 6.27233653905e-10, 1.83903559048e-10, 1.16292225849e-10, 1.25822574581e-10, 1.12121166518e-10, 4.42916883725e-11, 2.98110182373e-11, 3.79974801623e-11, 3.16346671081e-11, 2.36289043887e-11, 2.7653362239e-11, 3.67268333801e-11, 2.63138781598e-11],
        "max": [0.0272582806647, 0.0509383454919, 0.0149674657732, 0.00761439232156, 0.00571875367314, 0.00378984818235, 0.00502565549687, 0.0068032303825, 0.00519441440701, 0.00296375574544, 0.00477074179798, 0.00363591453061, 0.00421419925988, 0.00254877889529, 0.0026595806703, 0.00175141612999, 0.00226210430264, 0.00115184637252, 0.00138285406865, 0.000765151751693, 0.00119751191232, 0.000722379889339, 0.000474236265291, 0.000223229202675, 0.000295253412332, 0.000482621486299, 0.000348435307387, 0.000206698168768, 0.00017468148144, 9.91015549516e-05, 9.69633329078e-05, 0.000100856246718, 8.59471256263e-05, 9.74027279881e-05, 0.000130072934553, 0.000154554058099, 0.000108654639916, 0.000118088333693, 0.000108826287033, 0.000146239995956],
        "mean": [0.00142332364339, 0.00282875099219, 0.0014125056332, 0.000520218454767, 0.000258463784121, 0.000193959655007, 0.000177349196747, 0.000166009645909, 0.000119763448311, 0.000100452998595, 0.000103939106339, 7.61743649491e-05, 6.78487340338e-05, 6.72628302709e-05, 7.25731151761e-05, 4.69274600619e-05, 4.84282900288e-05, 4.31720145571e-05, 4.30419640907e-05, 4.45299847343e-05, 5.90876261413e-05, 7.27720471332e-05, 4.46055892098e-05, 3.00283954857e-05, 2.97751867038e-05, 4.37928174506e-05, 3.7655718188e-05, 2.58401560131e-05, 1.39832282002e-05, 1.17541976579e-05, 1.37895140142e-05, 1.21570246847e-05, 6.86782277626e-06, 4.03483545597e-06, 3.51877497451e-06, 2.90032926387e-06, 2.36345249505e-06, 2.09093741432e-06, 2.15680347537e-06, 1.77403069301e-06],
        "median": [0.00036782794632, 0.00175575283356, 0.00110279675573, 0.000326241308358, 0.000145025114762, 9.47534063016e-05, 7.7870725363e-05, 7.42852280382e-05, 4.40435178461e-05, 3.78310214728e-05, 3.74929441023e-05, 2.95024510706e-05, 2.67805862677e-05, 3.86203973903e-05, 4.02946461691e-05, 2.2047684979e-05, 2.27195923799e-05, 2.58459931501e-05, 2.69910906354e-05, 3.35507938871e-05, 4.99176385347e-05, 6.30419526715e-05, 3.94746020902e-05, 2.55930790445e-05, 2.35525149037e-05, 3.32479285134e-05, 2.94738201774e-05, 2.03373965633e-05, 1.10782002594e-05, 9.59404405876e-06, 1.11227482193e-05, 9.63009006227e-06, 5.41303415957e-06, 2.63979472948e-06, 1.92360812434e-06, 1.60300817242e-06, 1.23772883853e-06, 9.68479980656e-07, 9.85058136393e-07, 8.93254423318e-07],
        "min": [1.15687674485e-23, 1.70117191568e-23, 1.7587636527e-23, 6.73171298027e-24, 5.11785384619e-24, 6.23637222952e-24, 4.2352435277e-24, 1.07247123123e-23, 1.13092400993e-23, 2.83631183494e-23, 2.11631075591e-23, 2.04216982151e-23, 1.43341627391e-23, 1.33161093419e-23, 1.20622953969e-23, 1.68992607238e-23, 6.34315244165e-24, 9.23966745875e-24, 6.60694516178e-24, 8.20944509325e-24, 6.88012927098e-24, 6.34709161858e-24, 7.00370433178e-24, 6.78578150671e-24, 1.29804316718e-23, 1.05211499112e-23, 6.78622642426e-24, 8.63475866144e-24, 8.67461428095e-24, 1.02697202192e-23, 1.62514213272e-23, 1.3990539662e-23, 1.63104517887e-23, 1.48765203887e-23, 1.15194731083e-23, 7.88723248993e-24, 6.51856039709e-24, 1.01020967431e-23, 1.34581106158e-23, 1.32260277374e-23],
        "var": [9.25007771002e-06, 1.44643854583e-05, 1.81802658972e-06, 4.34641066249e-07, 1.25623458302e-07, 7.94281973526e-08, 1.14996630884e-07, 1.27539394157e-07, 8.72974439403e-08, 4.65814338213e-08, 5.92360969165e-08, 3.8299152294e-08, 3.19291366679e-08, 1.34517383898e-08, 1.74398095965e-08, 8.86634765607e-09, 1.04796624711e-08, 4.62854199412e-09, 4.8681130238e-09, 2.44388798087e-09, 3.93572774371e-09, 3.85126375235e-09, 1.3014255229e-09, 6.32828567326e-10, 7.54726670049e-10, 1.75865344509e-09, 1.19498611006e-09, 5.48194101224e-10, 1.59988258752e-10, 1.09301512285e-10, 1.45639514337e-10, 1.21182092139e-10, 4.39322606072e-11, 2.75834199231e-11, 3.67887734165e-11, 3.2342711842e-11, 2.59321938922e-11, 3.13420955855e-11, 3.83486298272e-11, 2.0691859684e-11]
    },
    "mfcc": {
        "mean": [-608.887878418, 94.4094238281, -11.1291313171, 43.0458374023, 7.63808631897, 8.94120502472, 4.37510251999, 4.89254903793, 4.50889921188, -3.54890418053, -0.828136205673, -0.230289623141, 1.43896090984],
        "cov": [[7005.65625, -1426.5715332, 153.683807373, -369.67565918, -19.2815418243, 32.0875473022, 15.5403289795, 95.2620239258, -25.7280883789, 242.348876953, 167.69934082, 76.7800674438, -15.5191059113], [-1426.5715332, 1082.4732666, -196.006576538, 122.368133545, -31.0627746582, 22.6953487396, 7.91928482056, 9.63784790039, 47.3273963928, -25.5533008575, 19.2810630798, 16.097864151, -10.3143167496], [153.683807373, -196.006576538, 442.11618042, -52.1265220642, 130.775222778, 41.8719711304, -7.56360149384, 23.6664943695, -23.9727897644, 43.7425384521, -7.33132314682, 22.4683074951, 3.2861084938], [-369.67565918, 122.368133545, -52.1265220642, 535.448181152, -59.6463279724, 34.9786605835, 4.76822042465, 25.0866622925, 15.387544632, -60.2598114014, 16.9933300018, -57.5129356384, 64.941947937], [-19.2815418243, -31.0627746582, 130.775222778, -59.6463279724, 209.916610718, 39.6582565308, 9.03023338318, 7.40994024277, 25.0781078339, 38.5505485535, -1.05710315704, 42.0049514771, -3.75504374504], [32.0875473022, 22.6953487396, 41.8719711304, 34.9786605835, 39.6582565308, 102.369636536, 53.356552124, 34.813911438, 9.99837493896, 15.5783662796, 17.7565822601, 0.244948238134, 1.71847772598], [15.5403289795, 7.91928482056, -7.56360149384, 4.76822042465, 9.03023338318, 53.356552124, 113.446968079, 59.9506797791, 23.3461761475, 4.77210283279, 17.8325271606, 3.0263261795, -3.35462546349], [95.2620239258, 9.63784790039, 23.6664943695, 25.0866622925, 7.40994024277, 34.813911438, 59.9506797791, 99.6847610474, 38.4429473877, 22.2193508148, 18.3956661224, -1.84324705601, 3.61007928848], [-25.7280883789, 47.3273963928, -23.9727897644, 15.387544632, 25.0781078339, 9.99837493896, 23.3461761475, 38.4429473877, 85.6901626587, 36.2275238037, 15.414484024, 7.271504879, 0.463908016682], [242.348876953, -25.5533008575, 43.7425384521, -60.2598114014, 38.5505485535, 15.5783662796, 4.77210283279, 22.2193508148, 36.2275238037, 91.302192688, 31.4282054901, 22.4056186676, -8.55231571198], [167.69934082, 19.2810630798, -7.33132314682, 16.9933300018, -1.05710315704, 17.7565822601, 17.8325271606, 18.3956661224, 15.414484024, 31.4282054901, 71.6573486328, 23.2245483398, 5.00703334808], [76.7800674438, 16.097864151, 22.4683074951, -57.5129356384, 42.0049514771, 0.244948238134, 3.0263261795, -1.84324705601, 7.271504879, 22.4056186676, 23.2245483398, 77.5145721436, 11.7382040024], [-15.5191059113, -10.3143167496, 3.2861084938, 64.941947937, -3.75504374504, 1.71847772598, -3.35462546349, 3.61007928848, 0.463908016682, -8.55231571198, 5.00703334808, 11.7382040024, 62.4161911011]],
