{
"lowlevel": {
    "average_loudness": 0.942122399807,
    "barkbands_crest": {
        "dmean": 2.72962355614,
        "dmean2": 4.42744874954,
        "dvar": 6.46337127686,
        "dvar2": 16.7845058441,
        "max": 25.2217998505,
        "mean": 9.13170528412,
        "median": 8.45896053314,
        "min": 2.21663403511,
        "var": 13.7436418533
    },
    "barkbands_flatness_db": {
        "dmean": 0.0198904629797,
        "dmean2": 0.0308785736561,
        "dvar": 0.000357288052328,
        "dvar2": 0.000836412771605,
        "max": 0.452862143517,
        "mean": 0.126675754786,
        "median": 0.112504988909,
        "min": 0.0354025140405,
        "var": 0.00344728981145
    },
    "barkbands_kurtosis": {
        "dmean": 1.9433106184,
        "dmean2": 3.11478376389,
        "dvar": 69.3329467773,
        "dvar2": 179.682861328,
        "max": 338.633666992,
        "mean": 1.79428720474,
        "median": 0.108796596527,
        "min": -1.91552507877,
        "var": 114.440666199
    },
    "barkbands_skewness": {
        "dmean": 0.493451267481,
        "dmean2": 0.752806246281,
        "dvar": 0.329551368952,
        "dvar2": 0.704133152962,
        "max": 14.6284532547,
        "mean": 1.03354787827,
        "median": 0.923735737801,
        "min": -2.89224100113,
        "var": 1.25181567669
    },
    "barkbands_spread": {
        "dmean": 5.58513498306,
        "dmean2": 8.74231910706,
        "dvar": 38.3754920959,
        "dvar2": 87.8026199341,
        "max": 96.8822860718,
        "mean": 26.7692737579,
        "median": 26.6035804749,
        "min": 0.372759908438,
        "var": 141.733566284
    },
    "dissonance": {
        "dmean": 0.0145291499794,
        "dmean2": 0.0243715252727,
        "dvar": 0.00021421929705,
        "dvar2": 0.000583859276958,
        "max": 0.499999940395,
        "mean": 0.471207082272,
        "median": 0.479518920183,
        "min": 0.230549246073,
        "var": 0.000855091551784
    },
    "dynamic_complexity": 2.96438479424,
    "erbbands_crest": {
        "dmean": 2.47691655159,
        "dmean2": 4.03526878357,
        "dvar": 5.56999158859,
        "dvar2": 13.9494104385,
        "max": 27.2283725739,
        "mean": 8.46868133545,
        "median": 7.55740404129,
        "min": 2.38277006149,
        "var": 13.3535318375
    },
    "erbbands_flatness_db": {
        "dmean": 0.014290491119,
        "dmean2": 0.0215665586293,
        "dvar": 0.000172005296918,
        "dvar2": 0.000375033647288,
        "max": 0.319696873426,
        "mean": 0.161236092448,
        "median": 0.15375880897,
        "min": 0.0537186264992,
        "var": 0.00156469794456
    },
    "erbbands_kurtosis": {
        "dmean": 0.828530669212,
        "dmean2": 1.30661952496,
        "dvar": 1.44915151596,
        "dvar2": 3.60507655144,
        "max": 27.3568649292,
        "mean": 0.497639656067,
        "median": 0.102967023849,
        "min": -1.83241152763,
        "var": 2.78969597816
    },
    "erbbands_skewness": {
        "dmean": 0.335800081491,
        "dmean2": 0.505674898624,
        "dvar": 0.104790635407,
        "dvar2": 0.231936573982,
        "max": 5.2363781929,
        "mean": -0.117936305702,
        "median": -0.134179368615,
        "min": -3.57806420326,
        "var": 0.544904410839
    },
    "erbbands_spread": {
        "dmean": 6.77159547806,
        "dmean2": 10.5838012695,
        "dvar": 50.5450820923,
        "dvar2": 119.632720947,
        "max": 132.372131348,
        "mean": 33.2963409424,
        "median": 31.8704071045,
        "min": 4.77076339722,
        "var": 169.524993896
    },
    "hfc": {
        "dmean": 7.19898319244,
        "dmean2": 10.6823596954,
        "dvar": 86.1520843506,
        "dvar2": 178.696762085,
        "max": 203.602035522,
        "mean": 27.6184005737,
        "median": 25.9427814484,
        "min": 1.15410859572e-16,
        "var": 330.36831665
    },
    "melbands_crest": {
        "dmean": 3.42152285576,
        "dmean2": 5.63088655472,
        "dvar": 9.47941112518,
        "dvar2": 25.277217865,
        "max": 29.6713962555,
        "mean": 14.3850059509,
        "median": 14.2433004379,
        "min": 1.82529079914,
        "var": 23.7011051178
    },
    "melbands_flatness_db": {
        "dmean": 0.0251607690006,
        "dmean2": 0.038110524416,
        "dvar": 0.000652869639453,
        "dvar2": 0.00139164004941,
        "max": 0.543609678745,
        "mean": 0.179155811667,
        "median": 0.162305548787,
        "min": 0.00925535429269,
        "var": 0.00665823975578
    },
    "melbands_kurtosis": {
        "dmean": 5.14212369919,
        "dmean2": 8.09218215942,
        "dvar": 185.259796143,
        "dvar2": 384.462677002,
        "max": 589.499450684,
        "mean": 8.35183620453,
        "median": 3.95727396011,
        "min": -1.81992256641,
        "var": 574.330383301
    },
    "melbands_skewness": {
        "dmean": 0.696236729622,
        "dmean2": 1.06904673576,
        "dvar": 0.632729947567,
        "dvar2": 1.38212966919,
        "max": 18.6055603027,
        "mean": 2.17385268211,
        "median": 1.94500410557,
        "min": -1.56861519814,
        "var": 2.28354859352
    },
    "melbands_spread": {
        "dmean": 9.00761795044,
        "dmean2": 13.9524841309,
        "dvar": 140.969589233,
        "dvar2": 285.602264404,
        "max": 202.755722046,
        "mean": 31.9178276062,
        "median": 28.8914031982,
        "min": 0.37370544672,
        "var": 469.506500244
    },
    "pitch_salience": {
        "dmean": 0.0712158158422,
        "dmean2": 0.114001445472,
        "dvar": 0.00447641126812,
        "dvar2": 0.0106757869944,
        "max": 0.95906150341,
        "mean": 0.534068346024,
        "median": 0.535507202148,
        "min": 0.0533993393183,
        "var": 0.013637136668
    },
    "silence_rate_20dB": {
        "dmean": 0,
        "dmean2": 0,
        "dvar": 0,
        "dvar2": 0,
        "max": 1,
        "mean": 1,
        "median": 1,
        "min": 1,
        "var": 0
    },
    "silence_rate_30dB": {
        "dmean": 0.00454357685521,
        "dmean2": 0.00908809248358,
        "dvar": 0.00452216109261,
        "dvar2": 0.0125177185982,
        "max": 1,
        "mean": 0.997212171555,
        "median": 1,
        "min": 0,
        "var": 0.00277994014323
    },
    "silence_rate_60dB": {
        "dmean": 0.00681536551565,
        "dmean2": 0.013632139191,
        "dvar": 0.00676826341078,
        "dvar2": 0.0157157629728,
        "max": 1,
        "mean": 0.0647392868996,
        "median": 0,
        "min": 0,
        "var": 0.0605527423322
    },
    "spectral_centroid": {
        "dmean": 254.126113892,
        "dmean2": 387.04788208,
        "dvar": 79125.765625,
        "dvar2": 149704.75,
        "max": 10619.7011719,
        "mean": 1658.68566895,
        "median": 1640.30786133,
        "min": 151.101013184,
        "var": 438386.4375
    },
    "spectral_complexity": {
        "dmean": 3.96819496155,
        "dmean2": 6.12723350525,
        "dvar": 14.0823202133,
        "dvar2": 31.0018005371,
        "max": 55,
        "mean": 27.1315441132,
        "median": 29,
        "min": 0,
        "var": 133.374099731
    },
    "spectral_decrease": {
        "dmean": 2.82377188299e-09,
        "dmean2": 4.48800818731e-09,
        "dvar": 1.73471106827e-17,
        "dvar2": 4.20792865655e-17,
        "max": 1.4822708228e-30,
        "mean": -8.14319722764e-09,
        "median": -7.82652787024e-09,
        "min": -5.67320981304e-08,
        "var": 3.19044025483e-17
    },
    "spectral_energy": {
        "dmean": 0.0110791670159,
        "dmean2": 0.017579453066,
        "dvar": 0.000256945000729,
        "dvar2": 0.000623172963969,
        "max": 0.218050539494,
        "mean": 0.0332392752171,
        "median": 0.0320545248687,
        "min": 1.0462499466e-20,
        "var": 0.000493970524985
    },
    "spectral_energyband_high": {
        "dmean": 0.000419351941673,
        "dmean2": 0.000587155576795,
        "dvar": 8.40952282033e-07,
        "dvar2": 1.30239720875e-06,
        "max": 0.0264304541051,
        "mean": 0.00108796742279,
        "median": 0.000774726620875,
        "min": 7.4219572099e-21,
        "var": 2.60365322902e-06
    },
    "spectral_energyband_low": {
        "dmean": 0.00759332580492,
        "dmean2": 0.0120849292725,
        "dvar": 0.000212066108361,
        "dvar2": 0.000508173543494,
        "max": 0.202399417758,
        "mean": 0.0144288307056,
        "median": 0.0115737421438,
        "min": 1.7099785695e-22,
        "var": 0.00029001609073
    },
    "spectral_energyband_middle_high": {
        "dmean": 0.00293991528451,
        "dmean2": 0.00452329078689,
        "dvar": 1.74687575054e-05,
        "dvar2": 4.07673614973e-05,
        "max": 0.069361127913,
        "mean": 0.00923968758434,
        "median": 0.00777377048507,
        "min": 1.43688613225e-21,
        "var": 5.92639153183e-05
    },
    "spectral_energyband_middle_low": {
        "dmean": 0.00432338565588,
        "dmean2": 0.00702018011361,
        "dvar": 6.12052535871e-05,
        "dvar2": 0.000156795125804,
        "max": 0.0970143973827,
        "mean": 0.00945325661451,
        "median": 0.00715806894004,
        "min": 5.69391016633e-22,
        "var": 8.4351253463e-05
    },
    "spectral_entropy": {
        "dmean": 0.108553998172,
        "dmean2": 0.164584636688,
        "dvar": 0.014340788126,
        "dvar2": 0.0289080385119,
        "max": 9.80146694183,
        "mean": 7.70857477188,
        "median": 7.80197715759,
        "min": 5.48195552826,
        "var": 0.204564675689
    },
    "spectral_flux": {
        "dmean": 0.0250703580678,
        "dmean2": 0.039449557662,
        "dvar": 0.000910306291189,
        "dvar2": 0.00197551352903,
        "max": 0.4039465487,
        "mean": 0.0960424169898,
        "median": 0.0905648171902,
        "min": 1.02286359938e-10,
        "var": 0.00244431407191
    },
    "spectral_kurtosis": {
        "dmean": 1.73822236061,
        "dmean2": 2.9646859169,
        "dvar": 13.0045499802,
        "dvar2": 38.8347358704,
        "max": 89.8117980957,
        "mean": 5.17405509949,
        "median": 3.54099035263,
        "min": -1.19209301472,
        "var": 66.0436706543
    },
    "spectral_rms": {
        "dmean": 0.000851523829624,
        "dmean2": 0.00132492464036,
        "dvar": 9.75200123321e-07,
        "dvar2": 2.27794384955e-06,
        "max": 0.0145853431895,
        "mean": 0.00530242361128,
        "median": 0.00559220043942,
        "min": 3.19488923164e-12,
        "var": 4.31291755376e-06
    },
    "spectral_rolloff": {
        "dmean": 468.34387207,
        "dmean2": 757.217468262,
        "dvar": 502540.53125,
        "dvar2": 967623.9375,
        "max": 19379.8828125,
        "mean": 1980.1328125,
        "median": 1658.05664062,
        "min": 86.1328125,
        "var": 5205377
    },
    "spectral_skewness": {
        "dmean": 0.205203816295,
        "dmean2": 0.334875017405,
        "dvar": 0.0650677457452,
        "dvar2": 0.185291483998,
        "max": 7.5758228302,
        "mean": 1.45979559422,
        "median": 1.35819745064,
        "min": 0.0238403081894,
        "var": 0.532477855682
    },
    "spectral_spread": {
        "dmean": 354066.375,
        "dmean2": 521626.3125,
        "dvar": 268316704768,
        "dvar2": 429781123072,
        "max": 39628500,
        "mean": 3968838.25,
        "median": 3879164.5,
        "min": 883514,
        "var": 1.48412943565e+12
    },
    "spectral_strongpeak": {
        "dmean": 0.627572953701,
        "dmean2": 1.09166562557,
        "dvar": 1.20706129074,
        "dvar2": 3.01385903358,
        "max": 11.348156929,
        "mean": 0.875004053116,
        "median": 0.391029477119,
        "min": 0,
        "var": 1.61044096947
    },
    "zerocrossingrate": {
        "dmean": 0.00969054736197,
        "dmean2": 0.0113450884819,
        "dvar": 0.000156739013619,
        "dvar2": 0.000164616314578,
        "max": 0.5107421875,
        "mean": 0.0698379799724,
        "median": 0.060546875,
        "min": 0.00537109375,
        "var": 0.00360192847438
    },
    "barkbands": {
        "dmean": [0.000146202597534, 0.00474623311311, 0.00406733574346, 0.000815152889118, 0.00190867122728, 0.00104255427141, 0.000775476160925, 0.000751169223804, 0.00110165157821, 0.00120997731574, 0.000352511968231, 0.000565975322388, 0.000612706178799, 0.000751136161853, 0.000428948900662, 0.000566295580938, 0.000446168065537, 0.000277948449366, 0.000203236137168, 0.000173034612089, 0.000134202287882, 0.00014016633213, 8.41922665131e-05, 5.86158203078e-05, 2.96186644846e-05, 9.92806508293e-06, 4.37482384541e-07],
        "dmean2": [0.000246018636972, 0.00741415703669, 0.00702229700983, 0.00136079150252, 0.00324024376459, 0.00170303496998, 0.00126326025929, 0.0012070533121, 0.00172716751695, 0.0019463134231, 0.000575234298594, 0.000910806062166, 0.000992891262285, 0.00121292995755, 0.000700783450156, 0.000909079797566, 0.000715974543709, 0.0004456936731, 0.000332677853294, 0.000279165367829, 0.000213122941204, 0.00020126911113, 0.000123031393741, 8.77362326719e-05, 4.21509357693e-05, 1.40905967783e-05, 7.28211091428e-07],
        "dvar": [5.5104464991e-08, 0.000107178151666, 5.60357402719e-05, 1.1693794022e-06, 3.78463882953e-05, 4.57289752376e-06, 3.56949817615e-06, 2.38738743974e-06, 8.40895427245e-06, 9.94160654955e-06, 7.44138503705e-07, 1.20964671169e-06, 1.65302833466e-06, 2.50176844929e-06, 7.9642950368e-07, 1.01217528936e-06, 6.06547700954e-07, 2.73105598581e-07, 1.03890471337e-07, 8.9646817969e-08, 5.08948758693e-08, 1.97258273715e-07, 6.36009716004e-08, 3.16578727677e-08, 7.14130665713e-09, 5.3446064241e-10, 1.16971102943e-12],
        "dvar2": [1.50855385073e-07, 0.000254788435996, 0.000161101736012, 3.15080637847e-06, 0.000101789388282, 1.15102293421e-05, 8.83375287231e-06, 5.75227159061e-06, 1.97457666218e-05, 2.45668543357e-05, 1.76457319867e-06, 2.99660700875e-06, 4.03045987696e-06, 5.96818881604e-06, 1.90324919913e-06, 2.61103355115e-06, 1.46632169162e-06, 6.32444653093e-07, 2.50383038747e-07, 2.15546094751e-07, 1.09757692712e-07, 3.24796076256e-07, 1.15964461145e-07, 6.10777348697e-08, 1.25478365476e-08, 9.78911396388e-10, 3.00963550956e-12],
        "max": [0.00506060989574, 0.114266015589, 0.094827234745, 0.0282620433718, 0.0843400210142, 0.0427840314806, 0.0524390563369, 0.0384838730097, 0.0770678147674, 0.0574789717793, 0.0339045785367, 0.0279867351055, 0.0208960585296, 0.0469476394355, 0.0198108665645, 0.0295382309705, 0.0184785984457, 0.0176305323839, 0.0106745967641, 0.00781440548599, 0.00512412190437, 0.0111626805738, 0.0102074565366, 0.00780679471791, 0.0045412783511, 0.000794983003289, 2.3927368602e-05],
        "mean": [0.000296160549624, 0.00757374428213, 0.00576981343329, 0.00117473781575, 0.0021721390076, 0.00165719073266, 0.00110408128239, 0.00135241798125, 0.00173636886757, 0.00179870345164, 0.000527101685293, 0.000912907882594, 0.000947056396399, 0.00122590456158, 0.000794998311903, 0.00115436804481, 0.000845395319629, 0.000511920487043, 0.000412925553974, 0.000350562564563, 0.000291277974611, 0.000264172966126, 0.000163531425642, 0.000126281622215, 5.71456148464e-05, 1.80505176104e-05, 4.31054303363e-07],
        "median": [0.0001489228016, 0.00469771400094, 0.00406594574451, 0.000765363685787, 0.000937317032367, 0.000762650975958, 0.000547916803043, 0.000764873460867, 0.000545586750377, 0.000349016481778, 0.00022464353242, 0.000400531920604, 0.000398033880629, 0.000701562152244, 0.000519761757459, 0.000729037972633, 0.000558672880288, 0.00036153869587, 0.000323341228068, 0.000270625052508, 0.000217840221012, 0.000123773803352, 8.63344175741e-05, 8.20359418867e-05, 3.00030387734e-05, 7.71818304202e-06, 4.06198488179e-08],
        "min": [1.84418703354e-23, 1.17244546702e-22, 4.37524819457e-23, 2.24414061689e-23, 5.70241168876e-23, 8.97139132656e-23, 8.50836468508e-23, 5.86325159209e-23, 2.4443969651e-22, 6.91141612557e-23, 4.35161392185e-23, 3.31726991589e-23, 1.41667453135e-22, 1.2331029384e-22, 1.55668661352e-22, 1.0862017655e-22, 9.77542802233e-23, 2.17217583418e-22, 3.34281840693e-22, 3.01951392545e-22, 3.1875885037e-22, 4.42312820188e-22, 5.83146175979e-22, 5.87241638876e-22, 1.17293281897e-21, 1.74871413905e-21, 2.57070588963e-21],
        "var": [1.99564084369e-07, 0.000130901913508, 5.2675139159e-05, 1.76907110472e-06, 2.83461104118e-05, 7.52312644181e-06, 4.31258013123e-06, 4.31700709669e-06, 1.56125515787e-05, 1.66300160345e-05, 1.15987768368e-06, 1.93957589545e-06, 2.79760047306e-06, 3.94671269532e-06, 1.25271355955e-06, 2.36365781348e-06, 1.24132759538e-06, 4.26461070901e-07, 1.92822199097e-07, 1.65474233427e-07, 1.16033923803e-07, 4.97829489632e-07, 1.48045657511e-07, 6.32127807876e-08, 1.61196176407e-08, 1.36545785789e-09, 1.29309811556e-12]
    },
    "erbbands": {
        "dmean": [0.104154251516, 1.2345379591, 4.35731983185, 3.51585459709, 3.92572402954, 7.28735303879, 7.96627235413, 8.6230764389, 10.3390769958, 12.9141454697, 15.7235794067, 25.9570083618, 31.9837417603, 22.9895420074, 14.6022462845, 21.6966876984, 26.258146286, 27.8880977631, 31.6930961609, 21.3532428741, 31.3607139587, 25.5417766571, 16.2135543823, 10.6466932297, 9.76925086975, 8.12159633636, 6.28721475601, 4.90568780899, 4.99963665009, 4.09060525894, 2.20507740974, 1.39681208134, 0.917987406254, 0.4270632267, 0.174642980099, 0.0632011517882, 0.0150326220319, 0.00218333979137, 4.66224810225e-05, 1.34824731504e-05],
        "dmean2": [0.165951341391, 1.93586754799, 7.44082021713, 5.92331171036, 6.63488101959, 12.6113262177, 12.9850254059, 14.1426868439, 16.9191188812, 21.0878505707, 25.2548885345, 40.8530540466, 51.0674552917, 36.9026184082, 23.5320549011, 34.8966064453, 42.3357543945, 45.4738578796, 50.5450553894, 34.3546333313, 50.1376838684, 41.1972236633, 25.87317276, 17.2713088989, 15.780632019, 13.1426496506, 10.0721359253, 7.66392230988, 7.37190961838, 5.75455760956, 3.26957559586, 2.11962532997, 1.35136830807, 0.620290517807, 0.254243165255, 0.0917747020721, 0.0212290715426, 0.0032159932889, 6.77421485307e-05, 2.08886158362e-05],
        "dvar": [0.0370620116591, 7.84333610535, 75.6502075195, 25.6324748993, 136.054672241, 648.880249023, 263.746429443, 389.687591553, 631.764892578, 944.072387695, 1068.29833984, 4965.41015625, 6194.45458984, 3885.36938477, 1330.94299316, 1987.87524414, 3174.26635742, 3492.09594727, 3991.9206543, 1800.17224121, 2563.27246094, 1999.8737793, 971.31451416, 259.587097168, 282.655731201, 197.744766235, 95.8680038452, 99.7886047363, 256.17578125, 172.539550781, 42.0778007507, 17.0134277344, 8.79818344116, 1.55487477779, 0.319381177425, 0.025367513299, 0.00116728805006, 2.17753076868e-05, 9.1811553915e-09, 3.38544359213e-10],
        "dvar2": [0.0957672446966, 18.6405086517, 210.885910034, 70.0462188721, 361.334777832, 1772.14782715, 656.871154785, 984.021484375, 1563.57714844, 2371.00537109, 2462.38867188, 11756.2695312, 15467.4853516, 9651.95605469, 3015.49389648, 4900.31298828, 7749.53125, 8131.56933594, 9434.51367188, 4453.93408203, 6473.68896484, 4925.17919922, 2275.05102539, 629.313049316, 679.89630127, 481.780914307, 224.627853394, 197.797561646, 456.158935547, 310.376098633, 75.5375900269, 33.4945831299, 16.677570343, 2.82633805275, 0.624119818211, 0.0504583753645, 0.00218187714927, 4.50176521554e-05, 1.86912814115e-08, 8.01417820995e-10],
        "max": [2.15246963501, 32.9701118469, 120.467163086, 105.296630859, 204.490875244, 298.538116455, 340.604705811, 429.914764404, 863.134643555, 691.235900879, 1098.30126953, 1618.38916016, 1993.00842285, 1244.31494141, 1638.20727539, 1312.40881348, 942.930664062, 2441.34399414, 1361.29077148, 1106.82995605, 1537.23071289, 880.752258301, 1062.43237305, 306.922790527, 580.494750977, 404.642120361, 217.895278931, 278.886535645, 377.507476807, 400.418121338, 297.380523682, 198.065429688, 122.549804688, 50.0031318665, 36.0211677551, 5.56986618042, 0.894256532192, 0.129837095737, 0.00261068530381, 0.000246759562287],
        "mean": [0.183942064643, 1.84703063965, 6.65498209, 5.24136304855, 4.67011213303, 7.48300218582, 12.479637146, 13.4191503525, 15.4504261017, 20.5013084412, 30.6816272736, 41.1159553528, 49.369682312, 36.7505340576, 23.8892211914, 36.7592926025, 44.8792495728, 50.1161880493, 56.3369979858, 47.0056266785, 68.4131164551, 50.908039093, 30.8539142609, 21.9898757935, 20.3269481659, 16.647026062, 13.1780843735, 10.4047679901, 9.35251617432, 7.39112091064, 4.3407907486, 2.99867939949, 1.8401645422, 0.796644687653, 0.326194673777, 0.112964637578, 0.0267015732825, 0.00340176234022, 9.17131837923e-05, 4.39237737737e-05],
        "median": [0.113965004683, 1.10001862049, 4.89829826355, 3.75280189514, 2.20080113411, 2.73070979118, 6.66915750504, 5.90086746216, 8.47979640961, 10.5539197922, 18.0537719727, 13.6096076965, 13.668507576, 12.1367607117, 10.8684329987, 17.3280620575, 21.7435932159, 29.7402229309, 34.9487190247, 31.7753105164, 45.7661056519, 34.9765052795, 21.8077392578, 17.561662674, 15.8978023529, 12.8323450089, 10.2619857788, 6.96437072754, 4.4032125473, 3.16704940796, 2.42466378212, 1.88662147522, 1.11117017269, 0.405337452888, 0.167367756367, 0.0510335713625, 0.0109352767467, 0.00109077140223, 4.80522103317e-05, 4.2885356379e-05],
        "min": [2.47281685934e-21, 2.90621604103e-20, 6.47188760824e-20, 4.1565903329e-20, 2.1056332272e-19, 1.61243286157e-19, 2.83725069756e-19, 9.51262770917e-19, 7.06311482182e-19, 1.82354013309e-18, 2.16478997928e-18, 5.40946342108e-18, 2.33312019996e-18, 2.49237480176e-18, 1.80576588289e-18, 2.26682787772e-18, 6.47796570554e-18, 5.47606221373e-18, 8.25806003811e-18, 7.18502314953e-18, 5.7432750524e-18, 6.19658119502e-18, 1.08355597899e-17, 1.80883985148e-17, 1.28559236207e-17, 1.47035622133e-17, 1.22571325383e-17, 1.46238865224e-17, 1.40544620061e-17, 1.45937738393e-17, 1.60420612128e-17, 1.23035456425e-17, 1.10768574736e-17, 1.09288864425e-17, 9.2335028493e-18, 6.01297274163e-18, 3.43635104206e-18, 1.30738997741e-18, 3.70457800416e-19, 3.84448377867e-20],
        "var": [0.0596334449947, 8.89566135406, 73.1775054932, 32.5590782166, 106.744239807, 456.541046143, 377.96987915, 640.023742676, 748.145874023, 1338.03747559, 2045.70495605, 9419.01855469, 10033.8466797, 6079.47998047, 2192.75244141, 3110.0534668, 5279.82275391, 5420.10693359, 6917.88037109, 3454.63574219, 6891.66113281, 3856.3684082, 1538.328125, 468.262878418, 500.179656982, 367.97845459, 199.202148438, 235.525756836, 604.151916504, 400.758331299, 96.5043487549, 33.995475769, 16.6770191193, 3.31946277618, 0.590507209301, 0.0561214312911, 0.0028420118615, 4.55382105429e-05, 2.03438652591e-08, 7.73420161249e-10]
    },
    "gfcc": {
        "mean": [-1.59139692783, 92.7540206909, -133.658187866, 40.524936676, -51.8127822876, 16.3848247528, -38.0506019592, 11.0192022324, -17.0407791138, 4.12718820572, -16.3256053925, -4.87677526474, -10.4687414169],
        "cov": [[26513.9570312, -311.822875977, -1907.45825195, 1077.68737793, -900.922241211, 945.945983887, -796.886352539, 653.559936523, -302.423522949, 183.722488403, -465.699707031, 164.090042114, -204.465194702], [-311.822875977, 1986.72302246, 207.613296509, -2.89953875542, 389.652862549, -235.164703369, 275.812683105, -81.5297088623, 138.877349854, -110.690673828, 155.503219604, -165.951034546, 113.006469727], [-1907.45825195, 207.613296509, 664.54083252, 49.4329109192, 217.679260254, 91.872467041, 116.538642883, 35.66847229, 77.5377883911, 39.5909080505, 36.8718910217, 25.3627948761, 14.0081996918], [1077.68737793, -2.89953875542, 49.4329109192, 406.478424072, 71.8319320679, 111.745483398, 27.2384147644, 33.4771461487, 30.992023468, 7.22785186768, 7.3810915947, -2.9416077137, 10.5217113495], [-900.922241211, 389.652862549, 217.679260254, 71.8319320679, 352.954376221, 22.0230007172, 129.617248535, 42.7742958069, 79.4619522095, 8.92692375183, 49.8702888489, -22.4651947021, 32.9313735962], [945.945983887, -235.164703369, 91.872467041, 111.745483398, 22.0230007172, 398.6144104, 127.571403503, 127.099220276, 10.525683403, 34.2323265076, -10.3345518112, 61.9648971558, 9.97702312469], [-796.886352539, 275.812683105, 116.538642883, 27.2384147644, 129.617248535, 127.571403503, 312.440826416, 42.7343673706, 52.7372322083, -18.7210445404, 43.6243743896, -13.136428833, 32.0861206055], [653.559936523, -81.5297088623, 35.66847229, 33.4771461487, 42.7742958069, 127.099220276, 42.7343673706, 171.21081543, 54.4174346924, 37.2959671021, -5.01055717468, 11.6431102753, -1.05486547947], [-302.423522949, 138.877349854, 77.5377883911, 30.992023468, 79.4619522095, 10.525683403, 52.7372322083, 54.4174346924, 118.532463074, 29.3080978394, 24.8914089203, -13.9708471298, 15.6859474182], [183.722488403, -110.690673828, 39.5909080505, 7.22785186768, 8.92692375183, 34.2323265076, -18.7210445404, 37.2959671021, 29.3080978394, 86.6078643799, 11.2148294449, 28.2015476227, -8.50378799438], [-465.699707031, 155.503219604, 36.8718910217, 7.3810915947, 49.8702888489, -10.3345518112, 43.6243743896, -5.01055717468, 24.8914089203, 11.2148294449, 93.4061508179, 9.94435119629, 26.6802043915], [164.090042114, -165.951034546, 25.3627948761, -2.9416077137, -22.4651947021, 61.9648971558, -13.136428833, 11.6431102753, -13.9708471298, 28.2015476227, 9.94435119629, 97.4048919678, 20.1855964661], [-204.465194702, 113.006469727, 14.0081996918, 10.5217113495, 32.9313735962, 9.97702312469, 32.0861206055, -1.05486547947, 15.6859474182, -8.50378799438, 26.6802043915, 20.1855964661, 82.0643081665]],
        "icov": [[0.000260803237325, -0.000719413394108, 0.000780987378675, -0.000741503725294, 0.000550872820895, -0.000742218224332, 0.000823795679025, -0.00109182763845, 0.000789310375694, -0.000931185786612, 0.00122437381651, -0.000941652397159, 0.000721468182746], [-0.000719413394108, 0.00308959558606, -0.00225568888709, 0.00213530380279, -0.00218244805001, 0.00251525780186, -0.00274633127265, 0.00332230865024, -0.00268307840452, 0.00344484532252, -0.0043872515671, 0.00392723688856, -0.00291903107427], [0.000780987378675, -0.00225568888709, 0.00442699994892, -0.00214891275391, 0.000518266286235, -0.00266497931443, 0.00231835781597, -0.00269873347133, 0.00159770611208, -0.00327885523438, 0.00384581647813, -0.00371330417693, 0.00276465364732], [-0.000741503725294, 0.00213530380279, -0.00214891275391, 0.00499477889389, -0.00222653220408, 0.000913752766792, -0.00176426570397, 0.00358081469312, -0.00298468978144, 0.00297878286801, -0.0037665895652, 0.00340248504654, -0.00227642571554], [0.000550872820895, -0.00218244805001, 0.000518266286235, -0.00222653220408, 0.00624648248777, -0.0011520923581, 0.000835101294797, -0.0033316926565, 0.00111355620902, -0.00258841947652, 0.002213207772, -0.00169977149926, 0.00105642841663], [-0.000742218224332, 0.00251525780186, -0.00266497931443, 0.000913752766792, -0.0011520923581, 0.00747819244862, -0.00488581229001, -5.09858036821e-05, -0.00060158962151, 0.0021496519912, -0.00264707091264, 0.000655867683236, -0.00247532734647], [0.000823795679025, -0.00274633127265, 0.00231835781597, -0.00176426570397, 0.000835101294797, -0.00488581229001, 0.00820404756814, -0.00313940737396, 0.00113662402146, -0.000970943365246, 0.00235491502099, -0.00217854441144, 0.00212802388705], [-0.00109182763845, 0.00332230865024, -0.00269873347133, 0.00358081469312, -0.0033316926565, -5.09858036821e-05, -0.00313940737396, 0.0146185997874, -0.00773874716833, 0.00228830031119, -0.00412531848997, 0.00459267385304, -0.00260734278709], [0.000789310375694, -0.00268307840452, 0.00159770611208, -0.00298468978144, 0.00111355620902, -0.00060158962151, 0.00113662402146, -0.00773874716833, 0.0170396491885, -0.00796385575086, 0.00286925211549, -0.00020959750691, -0.00010984850087], [-0.000931185786612, 0.00344484532252, -0.00327885523438, 0.00297878286801, -0.00258841947652, 0.0021496519912, -0.000970943365246, 0.00228830031119, -0.00796385575086, 0.0213792398572, -0.00769706536084, -0.000680535158608, 0.000707813713234], [0.00122437381651, -0.0043872515671, 0.00384581647813, -0.0037665895652, 0.002213207772, -0.00264707091264, 0.00235491502099, -0.00412531848997, 0.00286925211549, -0.00769706536084, 0.0207254309207, -0.00735164340585, 0.00110254087485], [-0.000941652397159, 0.00392723688856, -0.00371330417693, 0.00340248504654, -0.00169977149926, 0.000655867683236, -0.00217854441144, 0.00459267385304, -0.00020959750691, -0.000680535158608, -0.00735164340585, 0.0206971969455, -0.00877464283258], [0.000721468182746, -0.00291903107427, 0.00276465364732, -0.00227642571554, 0.00105642841663, -0.00247532734647, 0.00212802388705, -0.00260734278709, -0.00010984850087, 0.000707813713234, 0.00110254087485, -0.00877464283258, 0.0187283921987]]
    },
    "melbands": {
        "dmean": [0.00110271119047, 0.00197812053375, 0.000569649972022, 0.000450446561445, 0.000266527116764, 0.000192938590772, 0.000155204703333, 0.00015287673159, 0.000133652894874, 0.000168604587088, 0.000171645457158, 0.000112584755698, 4.60230658064e-05, 4.43206372438e-05, 8.3346683823e-05, 6.1279264628e-05, 5.7504443248e-05, 6.41737351543e-05, 3.2487558201e-05, 3.50301706931e-05, 3.83442020393e-05, 3.11155927193e-05, 1.78419977601e-05, 1.30266262204e-05, 9.09178561415e-06, 8.40576922201e-06, 7.18377850717e-06, 5.63501544093e-06, 4.21894765168e-06, 3.71869646187e-06, 2.98470604321e-06, 2.90161733574e-06, 3.13674991048e-06, 2.13051589526e-06, 1.44335922414e-06, 1.01224622995e-06, 9.42332178511e-07, 7.25136942492e-07, 5.64038145967e-07, 3.31006759779e-07],
        "dmean2": [0.00171653518919, 0.00326699879952, 0.000956845993642, 0.000774126849137, 0.000437463138951, 0.000315796467476, 0.000255141756497, 0.000247882766416, 0.000214025523746, 0.000264791917289, 0.000274413498119, 0.000180588351213, 7.50273393351e-05, 7.18509909348e-05, 0.000133192006615, 9.93899811874e-05, 9.4000271929e-05, 0.000102647776657, 5.2752715419e-05, 5.70499905734e-05, 6.16715769866e-05, 5.03020601172e-05, 2.87327256956e-05, 2.11164078792e-05, 1.49682418851e-05, 1.3802945432e-05, 1.16900428111e-05, 9.2510936156e-06, 6.87159126755e-06, 6.01923602517e-06, 4.66258961751e-06, 4.44258876087e-06, 4.5900310397e-06, 3.12621705234e-06, 2.1989662855e-06, 1.52979259838e-06, 1.46975514781e-06, 1.08853612346e-06, 8.45413694606e-07, 4.90611341775e-07],
        "dvar": [5.13775057698e-06, 1.66036516021e-05, 6.51637776627e-07, 2.66709889729e-06, 2.951681779e-07, 1.76648455863e-07, 1.41012577615e-07, 1.14323455591e-07, 9.30993522275e-08, 2.22491053137e-07, 1.81894819207e-07, 9.08915041009e-08, 1.2866447463e-08, 1.11780886769e-08, 2.56212704386e-08, 1.94444869095e-08, 1.67709970356e-08, 1.80154238194e-08, 5.60606094879e-09, 5.6172306806e-09, 3.6523215563e-09, 3.09933279041e-09, 1.3395895504e-09, 6.61149135439e-10, 1.8009940761e-10, 2.12127176935e-10, 1.55921303646e-10, 1.0991400845e-10, 5.01909902528e-11, 3.6278015314e-11, 4.30512916982e-11, 8.93459542461e-11, 1.05319100663e-10, 4.58077985266e-11, 1.74175847356e-11, 9.51608063182e-12, 6.76462748664e-12, 5.11986199964e-12, 3.17453420322e-12, 1.00951766478e-12],
        "dvar2": [1.23745721794e-05, 4.2925010348e-05, 1.78852576482e-06, 7.20113985153e-06, 7.57024622544e-07, 4.50692994036e-07, 3.46855784983e-07, 2.84646432647e-07, 2.12385188547e-07, 5.22465370523e-07, 4.53234861197e-07, 2.24123112957e-07, 3.00995139924e-08, 2.63201567208e-08, 6.50747438158e-08, 4.66629650475e-08, 3.92715584496e-08, 4.28582360712e-08, 1.36382256599e-08, 1.47110217341e-08, 8.92939233665e-09, 7.74806974135e-09, 3.2596372268e-09, 1.59970581226e-09, 4.50175924316e-10, 5.21124698949e-10, 3.71012637279e-10, 2.84057471989e-10, 1.20582752117e-10, 8.40570252292e-11, 8.59655402419e-11, 1.7445649092e-10, 1.91586635445e-10, 8.95570700932e-11, 3.23630532095e-11, 1.86558338222e-11, 1.41597350165e-11, 1.01009235698e-11, 6.39234325195e-12, 1.98498249088e-12],
        "max": [0.0251513570547, 0.0577335655689, 0.0146233700216, 0.0224976111203, 0.0102247213945, 0.00929282885045, 0.0124191641808, 0.00740383611992, 0.0133358370513, 0.0108872521669, 0.0102024050429, 0.00609978893772, 0.0046809935011, 0.00384959066287, 0.00405219290406, 0.00288526946679, 0.00545805040747, 0.00308206444606, 0.00190078583546, 0.00180177530274, 0.00161701778416, 0.00114848697558, 0.00113732484169, 0.000874027959071, 0.000210751328268, 0.000490347796585, 0.000328831549268, 0.000380779063562, 0.000225904441322, 0.000126013648696, 0.000198810565053, 0.000245096744038, 0.000266690098215, 0.000192878462258, 0.000166278681718, 0.000147149228724, 0.000125431339256, 0.000101042183815, 5.90648269281e-05, 4.59781695099e-05],
        "mean": [0.0018546669744, 0.00319004943594, 0.000894711178262, 0.000455097557278, 0.00041212423821, 0.000308451388264, 0.000225922558457, 0.000253572186921, 0.000249402248301, 0.000259234220721, 0.000259149615886, 0.000173633859958, 7.08706647856e-05, 7.2244562034e-05, 0.000130261614686, 9.08188085305e-05, 9.67119340203e-05, 0.000101857207483, 6.0777314502e-05, 6.89991284162e-05, 7.86689779488e-05, 5.6039334595e-05, 3.16820660373e-05, 2.312691322e-05, 1.70579041878e-05, 1.5989284293e-05, 1.33544081109e-05, 1.0394714991e-05, 7.99950976216e-06, 7.38536164135e-06, 5.62040986551e-06, 5.13414579473e-06, 5.20462981513e-06, 3.65951200365e-06, 2.62969183495e-06, 1.83885038041e-06, 1.89398110706e-06, 1.36225889946e-06, 9.91390720628e-07, 5.55748158604e-07],
        "median": [0.00118431542069, 0.00234664347954, 0.000673786969855, 0.000161116986419, 0.000224972551223, 0.000146480277181, 0.000119707176054, 0.000132224769914, 0.000131597043946, 7.50978870201e-05, 6.34761236142e-05, 4.83695694129e-05, 3.1084062357e-05, 3.70906855096e-05, 5.11829093739e-05, 3.43838692061e-05, 5.42283924005e-05, 5.52590863663e-05, 3.89385095332e-05, 4.26139486081e-05, 5.13367485837e-05, 3.60097874363e-05, 2.13561870623e-05, 1.64474095072e-05, 1.29856880449e-05, 1.19712804008e-05, 9.89460477285e-06, 7.61150522521e-06, 5.93873437538e-06, 5.32202784598e-06, 3.38941049449e-06, 2.37530616687e-06, 2.0557940843e-06, 1.55687450842e-06, 1.38975951813e-06, 1.06245840925e-06, 1.09139784854e-06, 7.91075251527e-07, 5.23100084138e-07, 2.41058387473e-07],
        "min": [2.8404334754e-23, 3.6960490526e-23, 1.40516322059e-23, 1.37964341253e-23, 9.37824744284e-24, 1.95896219317e-23, 1.30410390663e-23, 1.89710429638e-23, 2.18133687587e-23, 3.43685460269e-23, 1.0724078857e-23, 1.02037714475e-23, 6.36463391296e-24, 3.17424040132e-24, 1.48472930921e-23, 1.08352751125e-23, 1.00354861172e-23, 1.2078486767e-23, 1.29571373981e-23, 8.09921361466e-24, 6.15035246983e-24, 6.53725206181e-24, 8.3972484201e-24, 9.70122839668e-24, 1.58460225526e-23, 8.41626233449e-24, 1.01529751161e-23, 1.00897526477e-23, 7.64321335726e-24, 7.41355938167e-24, 8.67892856124e-24, 7.74516968495e-24, 8.87620926301e-24, 7.61597083476e-24, 8.05784101562e-24, 1.18776877456e-23, 6.13840083269e-24, 7.07376149105e-24, 9.18206956862e-24, 9.601670995e-24],
        "var": [6.94258096701e-06, 1.79123617272e-05, 8.37863638026e-07, 1.88679939583e-06, 3.94179437535e-07, 2.85298028757e-07, 1.66045708738e-07, 1.79745384798e-07, 1.73930089886e-07, 4.27707760764e-07, 2.965112742e-07, 1.45457562439e-07, 2.01219609863e-08, 1.51232075751e-08, 4.30314770483e-08, 3.23489324217e-08, 2.42523015004e-08, 2.9435577531e-08, 7.95172105938e-09, 1.09097717527e-08, 9.8271870641e-09, 5.72508307428e-09, 1.91696547525e-09, 9.28288224067e-10, 3.05345526641e-10, 3.66959906906e-10, 2.49120002405e-10, 1.79036188652e-10, 8.97616703188e-11, 7.41577702024e-11, 9.43784980723e-11, 1.86494389376e-10, 2.37010716608e-10, 9.65288057819e-11, 3.80983022907e-11, 1.76892823306e-11, 1.31031270903e-11, 9.37090856301e-12, 5.45746564259e-12, 2.04353439552e-12]
    },
    "mfcc": {
        "mean": [-624.354431152, 111.069633484, -14.2209606171, 24.5803565979, 8.02013492584, 7.02880001068, -3.20957732201, 2.40198326111, 3.04574561119, 6.20632362366, -0.341905355453, 3.24017691612, -2.11054944992],
        "cov": [[13243.3916016, 155.709564209, -1001.25671387, -160.742294312, -32.6800346375, 251.268981934, -15.7128639221, 304.858337402, 174.201812744, 232.832427979, -4.82632493973, 113.149238586, -69.8823547363], [155.709564209, 1263.18762207, -51.6312408447, 186.714904785, 106.775154114, -38.1764526367, 113.105209351, 27.2847900391, 84.0776519775, 55.1123504639, 41.2254447937, 72.256980896, 23.9501781464], [-1001.25671387, -51.6312408447, 576.983276367, 32.1557769775, 103.419509888, 104.609649658, 60.7452163696, 63.2377891541, 44.3204574585, 30.1258773804, 31.7515583038, 20.3712539673, 48.0121612549], [-160.742294312, 186.714904785, 32.1557769775, 323.560119629, 110.809715271, 33.7664489746, 22.3250427246, -5.11860704422, 26.0188026428, 2.68105340004, 11.8109006882, 21.5448360443, 38.5590400696], [-32.6800346375, 106.775154114, 103.419509888, 110.809715271, 255.318496704, 28.8599872589, 19.775560379, 24.5983810425, 43.4055709839, 54.3709983826, 15.7738800049, 25.6832065582, 38.4580574036], [251.268981934, -38.1764526367, 104.609649658, 33.7664489746, 28.8599872589, 211.790405273, 111.505218506, 99.4544906616, 58.4788246155, 24.0563297272, 29.0480308533, 14.0715970993, 12.1308078766], [-15.7128639221, 113.105209351, 60.7452163696, 22.3250427246, 19.775560379, 111.505218506, 199.394226074, 110.680709839, 65.7934188843, 34.0833282471, 27.4705734253, 34.5838050842, 5.79982757568], [304.858337402, 27.2847900391, 63.2377891541, -5.11860704422, 24.5983810425, 99.4544906616, 110.680709839, 163.484725952, 80.6876602173, 58.2613792419, 23.8310775757, 32.0958061218, 9.62026596069], [174.201812744, 84.0776519775, 44.3204574585, 26.0188026428, 43.4055709839, 58.4788246155, 65.7934188843, 80.6876602173, 129.61100769, 59.8316879272, 37.8327865601, 17.6380691528, 10.7516613007], [232.832427979, 55.1123504639, 30.1258773804, 2.68105340004, 54.3709983826, 24.0563297272, 34.0833282471, 58.2613792419, 59.8316879272, 117.635635376, 36.3524246216, 32.7753143311, 1.78103423119], [-4.82632493973, 41.2254447937, 31.7515583038, 11.8109006882, 15.7738800049, 29.0480308533, 27.4705734253, 23.8310775757, 37.8327865601, 36.3524246216, 83.2518310547, 23.9918556213, 12.8493919373], [113.149238586, 72.256980896, 20.3712539673, 21.5448360443, 25.6832065582, 14.0715970993, 34.5838050842, 32.0958061218, 17.6380691528, 32.7753143311, 23.9918556213, 87.0397491455, 26.9138793945], [-69.8823547363, 23.9501781464, 48.0121612549, 38.5590400696, 38.4580574036, 12.1308078766, 5.79982757568, 9.62026596069, 10.7516613007, 1.78103423119, 12.8493919373, 26.9138793945, 72.6129684448]],
