{
"lowlevel": {
    "average_loudness": 0.922165155411,
    "barkbands_crest": {
        "dmean": 2.39095759392,
        "dmean2": 3.8630592823,
        "dvar": 5.54172945023,
        "dvar2": 13.9891548157,
        "max": 26.1772403717,
        "mean": 10.8222179413,
        "median": 10.0918645859,
        "min": 2.49155378342,
        "var": 17.5333271027
    },
    "barkbands_flatness_db": {
        "dmean": 0.0191617701203,
        "dmean2": 0.0290414150804,
        "dvar": 0.000336408324074,
        "dvar2": 0.000741540745366,
        "max": 0.539373040199,
        "mean": 0.147565886378,
        "median": 0.12925490737,
        "min": 0.0286552403122,
        "var": 0.00493300752714
    },
    "barkbands_kurtosis": {
        "dmean": 2.35229921341,
        "dmean2": 3.7004172802,
        "dvar": 20.5581054688,
        "dvar2": 47.6766090393,
        "max": 225.23664856,
        "mean": 4.11288881302,
        "median": 1.35449266434,
        "min": -1.95687365532,
        "var": 115.43649292
    },
    "barkbands_skewness": {
        "dmean": 0.483581990004,
        "dmean2": 0.741832315922,
        "dvar": 0.280845224857,
        "dvar2": 0.604439437389,
        "max": 13.4491319656,
        "mean": 1.53182446957,
        "median": 1.39671754837,
        "min": -6.13002157211,
        "var": 1.4892116785
    },
    "barkbands_spread": {
        "dmean": 5.1409611702,
        "dmean2": 7.94964694977,
        "dvar": 48.765247345,
        "dvar2": 99.6723480225,
        "max": 111.40045166,
        "mean": 26.1893539429,
        "median": 25.8004379272,
        "min": 0.384831041098,
        "var": 269.569671631
    },
    "dissonance": {
        "dmean": 0.0151702035218,
        "dmean2": 0.0253791417927,
        "dvar": 0.000303321896354,
        "dvar2": 0.000825470662676,
        "max": 0.499999970198,
        "mean": 0.464592576027,
        "median": 0.475411891937,
        "min": 0.0614181496203,
        "var": 0.00139053550083
    },
    "dynamic_complexity": 3.41148209572,
    "erbbands_crest": {
        "dmean": 2.52147650719,
        "dmean2": 4.10046339035,
        "dvar": 6.42352628708,
        "dvar2": 16.6130905151,
        "max": 27.9051113129,
        "mean": 8.86233711243,
        "median": 7.77244472504,
        "min": 2.31503176689,
        "var": 18.2930984497
    },
    "erbbands_flatness_db": {
        "dmean": 0.0144610144198,
        "dmean2": 0.0209893770516,
        "dvar": 0.000209201607504,
        "dvar2": 0.000407668587286,
        "max": 0.534826636314,
        "mean": 0.155929759145,
        "median": 0.143362760544,
        "min": 0.0500299669802,
        "var": 0.00312080583535
    },
    "erbbands_kurtosis": {
        "dmean": 0.954892992973,
        "dmean2": 1.49581491947,
        "dvar": 2.87224698067,
        "dvar2": 6.48655462265,
        "max": 46.3981742859,
        "mean": 0.929798066616,
        "median": 0.154316782951,
        "min": -1.73863697052,
        "var": 10.8416118622
    },
    "erbbands_skewness": {
        "dmean": 0.317468643188,
        "dmean2": 0.481559187174,
        "dvar": 0.117608845234,
        "dvar2": 0.234238758683,
        "max": 6.05649232864,
        "mean": 0.0406308583915,
        "median": -0.00998374540359,
        "min": -5.07814645767,
        "var": 0.888049840927
    },
    "erbbands_spread": {
        "dmean": 7.06125354767,
        "dmean2": 10.8511304855,
        "dvar": 66.6746444702,
        "dvar2": 147.875091553,
        "max": 154.155334473,
        "mean": 37.167804718,
        "median": 34.98254776,
        "min": 0.60374122858,
        "var": 298.869445801
    },
    "hfc": {
        "dmean": 7.09459638596,
        "dmean2": 10.3176345825,
        "dvar": 243.794036865,
        "dvar2": 427.850646973,
        "max": 509.574981689,
        "mean": 27.5420017242,
        "median": 23.331577301,
        "min": 1.21638060511e-16,
        "var": 882.252075195
    },
    "melbands_crest": {
        "dmean": 2.81214284897,
        "dmean2": 4.56006669998,
        "dvar": 7.53201198578,
        "dvar2": 19.4726085663,
        "max": 31.4660205841,
        "mean": 15.8823661804,
        "median": 15.8718204498,
        "min": 1.53962886333,
        "var": 23.1450042725
    },
    "melbands_flatness_db": {
        "dmean": 0.0231522880495,
        "dmean2": 0.0350145883858,
        "dvar": 0.000568471674342,
        "dvar2": 0.001220566337,
        "max": 0.665567994118,
        "mean": 0.206374034286,
        "median": 0.185858607292,
        "min": 0.00389507296495,
        "var": 0.00798228569329
    },
    "melbands_kurtosis": {
        "dmean": 6.40863037109,
        "dmean2": 10.0958433151,
        "dvar": 132.928573608,
        "dvar2": 301.230957031,
        "max": 514.153564453,
        "mean": 14.2371606827,
        "median": 8.0261631012,
        "min": -1.86625266075,
        "var": 659.595031738
    },
    "melbands_skewness": {
        "dmean": 0.694792807102,
        "dmean2": 1.07538998127,
        "dvar": 0.6011942029,
        "dvar2": 1.32403421402,
        "max": 16.6940555573,
        "mean": 2.82045531273,
        "median": 2.53187131882,
        "min": -3.95383667946,
        "var": 2.71740078926
    },
    "melbands_spread": {
        "dmean": 7.24040794373,
        "dmean2": 11.1988372803,
        "dvar": 147.143798828,
        "dvar2": 284.480316162,
        "max": 262.599243164,
        "mean": 25.5958766937,
        "median": 20.2245445251,
        "min": 0.465238958597,
        "var": 511.177307129
    },
    "pitch_salience": {
        "dmean": 0.067493095994,
        "dmean2": 0.107886753976,
        "dvar": 0.0039715920575,
        "dvar2": 0.00977196730673,
        "max": 0.907578766346,
        "mean": 0.497335165739,
        "median": 0.492467463017,
        "min": 0.130924776196,
        "var": 0.0144032379612
    },
    "silence_rate_20dB": {
        "dmean": 0,
        "dmean2": 0,
        "dvar": 0,
        "dvar2": 0,
        "max": 1,
        "mean": 1,
        "median": 1,
        "min": 1,
        "var": 0
    },
    "silence_rate_30dB": {
        "dmean": 0.00609699776396,
        "dmean2": 0.0121951214969,
        "dvar": 0.00606045825407,
        "dvar2": 0.0175913926214,
        "max": 1,
        "mean": 0.996674656868,
        "median": 1,
        "min": 0,
        "var": 0.00331456889398
    },
    "silence_rate_60dB": {
        "dmean": 0.0138568133116,
        "dmean2": 0.0277161858976,
        "dvar": 0.0136701157317,
        "dvar2": 0.030454011634,
        "max": 1,
        "mean": 0.0907999277115,
        "median": 0,
        "min": 0,
        "var": 0.082550957799
    },
    "spectral_centroid": {
        "dmean": 214.709838867,
        "dmean2": 327.072845459,
        "dvar": 87091.40625,
        "dvar2": 155652.453125,
        "max": 10747.1123047,
        "mean": 1530.83398438,
        "median": 1557.41394043,
        "min": 125.167121887,
        "var": 644077.0625
    },
    "spectral_complexity": {
        "dmean": 3.36277127266,
        "dmean2": 5.36049509048,
        "dvar": 12.0448045731,
        "dvar2": 27.5345001221,
        "max": 57,
        "mean": 24.2986335754,
        "median": 25,
        "min": 0,
        "var": 167.80027771
    },
    "spectral_decrease": {
        "dmean": 2.4202793103e-09,
        "dmean2": 3.87070953067e-09,
        "dvar": 1.47059577284e-17,
        "dvar2": 3.47054048472e-17,
        "max": 2.10535559654e-28,
        "mean": -8.39018365895e-09,
        "median": -8.50979109401e-09,
        "min": -5.37746309703e-08,
        "var": 3.24589444309e-17
    },
    "spectral_energy": {
        "dmean": 0.00949800666422,
        "dmean2": 0.0151211116463,
        "dvar": 0.000218192246393,
        "dvar2": 0.000514332728926,
        "max": 0.20616017282,
        "mean": 0.0341645926237,
        "median": 0.0349206551909,
        "min": 1.02383230187e-20,
        "var": 0.000517278152984
    },
    "spectral_energyband_high": {
        "dmean": 0.000562569010071,
        "dmean2": 0.000787706172559,
        "dvar": 4.05811579185e-06,
        "dvar2": 6.25465418125e-06,
        "max": 0.0771268978715,
        "mean": 0.00156816805247,
        "median": 0.00101078138687,
        "min": 7.90559856651e-21,
        "var": 1.25651104099e-05
    },
    "spectral_energyband_low": {
        "dmean": 0.00723474519327,
        "dmean2": 0.0116760740057,
        "dvar": 0.000184491611435,
        "dvar2": 0.000440114585217,
        "max": 0.198418274522,
        "mean": 0.0176022201777,
        "median": 0.0164456292987,
        "min": 5.09694422015e-23,
        "var": 0.000298051920254
    },
    "spectral_energyband_middle_high": {
        "dmean": 0.00199613976292,
        "dmean2": 0.00310768070631,
        "dvar": 1.26026698126e-05,
        "dvar2": 3.0559978768e-05,
        "max": 0.0794186070561,
        "mean": 0.00668690726161,
        "median": 0.00488337874413,
        "min": 1.17058779425e-21,
        "var": 4.54253095086e-05
    },
    "spectral_energyband_middle_low": {
        "dmean": 0.00363185466267,
        "dmean2": 0.00584709970281,
        "dvar": 4.10828251916e-05,
        "dvar2": 0.000101733705378,
        "max": 0.116394460201,
        "mean": 0.0090647386387,
        "median": 0.00712815672159,
        "min": 1.41403506587e-22,
        "var": 6.36948971078e-05
    },
    "spectral_entropy": {
        "dmean": 0.116805151105,
        "dmean2": 0.172602295876,
        "dvar": 0.0187444668263,
        "dvar2": 0.0346987359226,
        "max": 9.8028011322,
        "mean": 7.59446811676,
        "median": 7.81705951691,
        "min": 3.86599183083,
        "var": 0.402162224054
    },
    "spectral_flux": {
        "dmean": 0.0220956914127,
        "dmean2": 0.0342539809644,
        "dvar": 0.000771654071286,
        "dvar2": 0.00164655328263,
        "max": 0.349535703659,
        "mean": 0.0842707529664,
        "median": 0.0794747024775,
        "min": 1.01184595425e-10,
        "var": 0.00258357543498
    },
    "spectral_kurtosis": {
        "dmean": 2.10720038414,
        "dmean2": 3.50530838966,
        "dvar": 28.2020149231,
        "dvar2": 75.6328582764,
        "max": 192.79019165,
        "mean": 6.07191467285,
        "median": 3.13753938675,
        "min": -1.2076151371,
        "var": 148.377288818
    },
    "spectral_rms": {
        "dmean": 0.000717863906175,
        "dmean2": 0.00112689717207,
        "dvar": 8.5676180106e-07,
        "dvar2": 1.95104871636e-06,
        "max": 0.0141820972785,
        "mean": 0.00534126535058,
        "median": 0.0058368598111,
        "min": 3.16047600417e-12,
        "var": 4.80222206534e-06
    },
    "spectral_rolloff": {
        "dmean": 430.940124512,
        "dmean2": 706.780700684,
        "dvar": 650771.0625,
        "dvar2": 1262965.75,
        "max": 19121.484375,
        "mean": 1518.00830078,
        "median": 1227.39257812,
        "min": 86.1328125,
        "var": 2268057.25
    },
    "spectral_skewness": {
        "dmean": 0.217420518398,
        "dmean2": 0.346168637276,
        "dvar": 0.0981683135033,
        "dvar2": 0.25165438652,
        "max": 11.5256004333,
        "mean": 1.58792603016,
        "median": 1.30625915527,
        "min": -0.268976479769,
        "var": 1.05085337162
    },
    "spectral_spread": {
        "dmean": 418580.21875,
        "dmean2": 591913.1875,
        "dvar": 381983162368,
        "dvar2": 575445794816,
        "max": 41204984,
        "mean": 4377841,
        "median": 4272056.5,
        "min": 487087.34375,
        "var": 2.24359691059e+12
    },
    "spectral_strongpeak": {
        "dmean": 0.392824858427,
        "dmean2": 0.703067004681,
        "dvar": 0.912991404533,
        "dvar2": 2.48297953606,
        "max": 11.8416452408,
        "mean": 0.681728065014,
        "median": 0.44484859705,
        "min": 0,
        "var": 0.837650239468
    },
    "zerocrossingrate": {
        "dmean": 0.00898491591215,
        "dmean2": 0.010618718341,
        "dvar": 0.000170438332134,
        "dvar2": 0.000171132138348,
        "max": 0.513671875,
        "mean": 0.0593242309988,
        "median": 0.0546875,
        "min": 0.0029296875,
        "var": 0.00166075117886
    },
    "barkbands": {
        "dmean": [0.000116762632388, 0.00563322333619, 0.00250493152998, 0.000761036004405, 0.00168375275098, 0.00107856129762, 0.000535843486432, 0.000774008745793, 0.000660557416268, 0.000349648646079, 0.000317471800372, 0.000333817210048, 0.000467585981824, 0.000520157278515, 0.000421852222644, 0.000494216044899, 0.000333091360517, 0.000277247076156, 0.000189189377124, 0.00017571313947, 0.000177491718205, 0.000166550729773, 0.000115163209557, 0.000115867333079, 6.7176806624e-05, 1.79482940439e-05, 5.997302992e-07],
        "dmean2": [0.000193711137399, 0.00918384641409, 0.00413565570489, 0.00126181228552, 0.00281258742325, 0.00177000346594, 0.000856692553498, 0.00118241971359, 0.00102040974889, 0.000553663296159, 0.000503040209878, 0.000534260238055, 0.000745763885789, 0.000840800930746, 0.000681374280248, 0.000818350643385, 0.00055062508909, 0.000452752254205, 0.000313578027999, 0.000286632188363, 0.000279059779132, 0.000243323709583, 0.000167226520716, 0.000172172207385, 9.07377761905e-05, 2.45529117819e-05, 9.83686049949e-07],
        "dvar": [4.86019935408e-08, 0.000132651170134, 2.36555424635e-05, 1.42547730775e-06, 1.77149031515e-05, 7.06204718881e-06, 2.1743378511e-06, 5.86971555094e-06, 3.45858506989e-06, 1.01850730516e-06, 8.10132405604e-07, 8.13464737348e-07, 1.90357809515e-06, 1.78470247647e-06, 2.07630705518e-06, 1.35395828238e-06, 6.27424981303e-07, 4.8015158427e-07, 1.11171715389e-07, 2.6724077884e-07, 2.60892136339e-07, 5.15041335802e-07, 3.29886120198e-07, 2.47862288916e-07, 1.05096439995e-07, 4.40783143318e-09, 5.22838890238e-12],
        "dvar2": [1.16374245351e-07, 0.000334325653967, 6.42529048491e-05, 3.72314821107e-06, 4.64687254862e-05, 1.81243322004e-05, 5.59346699447e-06, 1.36696853588e-05, 8.10529036244e-06, 2.48583114626e-06, 1.8115263174e-06, 1.95500228983e-06, 4.68315010949e-06, 4.67797462989e-06, 5.23395829077e-06, 3.59325758836e-06, 1.64551863691e-06, 1.20219374367e-06, 2.87134866994e-07, 6.72770852361e-07, 4.76015117101e-07, 9.31961778861e-07, 6.40752034542e-07, 4.87131046611e-07, 1.9595501044e-07, 8.61728643997e-09, 1.22816236348e-11],
        "max": [0.00265148677863, 0.149910539389, 0.0600159913301, 0.0216338522732, 0.0618304274976, 0.106366351247, 0.0480732098222, 0.0642278939486, 0.0440465919673, 0.0254497602582, 0.025937685743, 0.036775495857, 0.0264461841434, 0.0369125120342, 0.0457678586245, 0.0372484102845, 0.0430189445615, 0.0178337488323, 0.00775798503309, 0.031323723495, 0.0202220100909, 0.029584698379, 0.0237388908863, 0.0180841907859, 0.0131255323067, 0.0032822410576, 6.26877663308e-05],
        "mean": [0.000146130521898, 0.0118417348713, 0.00494003202766, 0.00120705354493, 0.00251842499711, 0.00181010225788, 0.000972753448877, 0.00132940080948, 0.00109039421659, 0.000616447767243, 0.00051919039106, 0.000577312486712, 0.000758298905566, 0.000877263373695, 0.000637631106656, 0.000941234291531, 0.00064798630774, 0.000554512778763, 0.000428480299888, 0.000396647868911, 0.000397561991122, 0.000329419155605, 0.000235100917052, 0.000232511694776, 0.00012541252363, 3.30125585606e-05, 5.99106897425e-07],
        "median": [6.46198750474e-05, 0.00952215306461, 0.00379902077839, 0.000729313353077, 0.00136101513635, 0.000811139063444, 0.000377109041438, 0.000317311409162, 0.000327997084241, 0.000182637770195, 0.000202495037229, 0.000275793019682, 0.000256178842392, 0.000391154520912, 0.000239735512878, 0.000392901187297, 0.000331197574269, 0.000273175071925, 0.000281716056634, 0.000250349577982, 0.000267912109848, 0.000147375481902, 0.000112532346975, 0.000115965900477, 4.07183979405e-05, 1.05711433207e-05, 3.86764797966e-09],
        "min": [1.13333208673e-23, 2.76916367915e-23, 1.21113207356e-23, 1.08151725701e-23, 2.80736032418e-23, 3.30179183384e-23, 1.68643283852e-23, 1.79648493015e-23, 2.80885221792e-23, 3.56117245492e-23, 5.37628018223e-23, 7.44903556098e-23, 8.32764485585e-23, 5.84783283238e-23, 1.10537525068e-22, 8.27846852919e-23, 1.20675700364e-22, 2.1288980414e-22, 2.23874711177e-22, 2.7318858993e-22, 4.35211809864e-22, 4.91576110868e-22, 5.23394796548e-22, 7.47707205621e-22, 1.15421391962e-21, 2.08962645032e-21, 2.50884586607e-21],
        "var": [6.21376443632e-08, 0.000182324685738, 3.10010618705e-05, 2.34048820857e-06, 1.74860924744e-05, 9.57933298196e-06, 4.11373821407e-06, 1.00794914033e-05, 5.9059607338e-06, 2.67363589046e-06, 1.61282912359e-06, 1.25198357637e-06, 3.22194432556e-06, 2.61169748228e-06, 2.43022964241e-06, 2.84771545012e-06, 1.09294057893e-06, 1.09884206267e-06, 2.71425136589e-07, 4.03657935522e-07, 6.01599310812e-07, 1.24161147141e-06, 6.60397233787e-07, 5.09419294303e-07, 2.3894477863e-07, 1.04398543144e-08, 6.62915555782e-12]
    },
    "erbbands": {
        "dmean": [0.13208052516, 1.40200388432, 3.17330551147, 2.29576349258, 4.68790054321, 5.04478406906, 8.40840816498, 9.51900577545, 8.21095275879, 10.0501403809, 14.6181249619, 15.5568370819, 13.1710224152, 9.24017620087, 13.6778907776, 11.3264331818, 19.7091598511, 22.4076042175, 26.7319984436, 16.5755767822, 26.5814990997, 19.4670085907, 15.9610624313, 10.5751209259, 8.44660949707, 8.33817195892, 7.98897790909, 6.46979379654, 6.29496240616, 4.51121091843, 3.22021460533, 2.7745783329, 1.68661248684, 1.03805720806, 0.347360134125, 0.110841616988, 0.0291122868657, 0.00315676722676, 6.93241745466e-05, 1.30174248625e-05],
        "dmean2": [0.22383326292, 2.27828931808, 5.20630455017, 3.74950885773, 7.9090628624, 8.53643321991, 13.7090768814, 15.5244665146, 13.2073974609, 15.6973237991, 22.3136882782, 23.9896717072, 20.8199062347, 14.3337306976, 21.8167705536, 17.9459037781, 31.1503696442, 36.3777732849, 42.1728973389, 27.0583534241, 43.9047431946, 32.0269508362, 26.0170478821, 17.4472770691, 13.7625083923, 13.5995788574, 12.71301651, 10.141377449, 9.36288356781, 6.6079492569, 4.70580101013, 4.20497560501, 2.45397925377, 1.44407784939, 0.480036437511, 0.153332486749, 0.0412654951215, 0.00460299942642, 9.85067745205e-05, 1.9729242922e-05],
        "dvar": [0.096926227212, 7.65523815155, 38.5865478516, 12.4098243713, 144.301681519, 190.259017944, 317.643585205, 710.014892578, 540.124084473, 807.546020508, 2481.24121094, 1952.33215332, 1539.85864258, 657.938110352, 1811.34777832, 838.866699219, 3024.33349609, 5003.68359375, 5302.29638672, 2144.63769531, 4539.31982422, 2218.41601562, 1807.55236816, 354.047637939, 279.350585938, 754.454711914, 392.438232422, 499.686920166, 772.203979492, 535.164978027, 217.880828857, 132.773086548, 78.8248901367, 30.9147377014, 1.86801946163, 0.141762182117, 0.0178471133113, 0.000130897475174, 5.51441914354e-08, 4.54984910858e-10],
        "dvar2": [0.252515673637, 19.4099807739, 102.160606384, 31.8608932495, 379.409729004, 510.710968018, 816.025146484, 1835.67834473, 1391.2578125, 2010.62744141, 5965.53857422, 4552.11669922, 4002.52661133, 1450.17468262, 4004.18798828, 1928.48962402, 7338.60839844, 13469.9306641, 12863.9619141, 5581.37011719, 12091.0097656, 5797.62695312, 4525.65966797, 954.155700684, 611.119384766, 1944.46447754, 791.631835938, 959.297485352, 1453.94018555, 1121.08862305, 402.626708984, 255.232330322, 168.745010376, 62.3491668701, 3.14500141144, 0.231365710497, 0.0417315475643, 0.00025815385743, 1.03866227619e-07, 9.24211707165e-10],
        "max": [4.23649740219, 39.5489768982, 76.5872116089, 82.9550476074, 182.447158813, 173.824249268, 573.00970459, 1191.25793457, 551.942016602, 869.211425781, 1405.23474121, 1201.87902832, 835.038391113, 831.363464355, 1780.69445801, 997.270202637, 1064.45275879, 2000.39196777, 2397.61254883, 1948.94689941, 2479.8581543, 2472.72119141, 1242.85522461, 500.982086182, 706.914978027, 1853.53295898, 722.677368164, 988.328491211, 1180.97021484, 1006.69775391, 576.429382324, 579.929199219, 337.79800415, 216.952880859, 47.2997131348, 16.9601840973, 8.42908000946, 0.591269731522, 0.0112052829936, 0.000601107487455],
        "mean": [0.204464748502, 3.08151388168, 6.9749083519, 4.31956148148, 6.13359260559, 6.85661172867, 14.0624771118, 16.157623291, 15.9518117905, 17.1940231323, 25.4019870758, 26.1733417511, 24.0161437988, 17.5706481934, 23.2317447662, 21.6636199951, 34.603603363, 39.1189231873, 45.4694099426, 33.2346916199, 53.7038192749, 40.5245513916, 31.928194046, 24.1510334015, 20.0799732208, 19.0549583435, 17.8970050812, 14.1299285889, 12.1378765106, 8.76778507233, 6.70181512833, 5.48341464996, 3.17106938362, 1.82152795792, 0.678050398827, 0.213498339057, 0.0492532216012, 0.00485788611695, 0.000131407665322, 4.80504495499e-05],
        "median": [0.116892948747, 2.50903296471, 5.81792926788, 3.08821392059, 2.93131256104, 3.40425300598, 7.95862960815, 5.79822158813, 6.8360376358, 5.78927612305, 7.60609340668, 8.71924209595, 7.56789112091, 7.67125272751, 9.45938587189, 11.1610450745, 13.312251091, 17.8771896362, 19.2545871735, 17.1807346344, 24.0560283661, 21.1401939392, 15.9282207489, 15.1414890289, 14.2048339844, 12.1414146423, 11.9884757996, 8.88134479523, 5.54755020142, 3.70226979256, 3.33627915382, 2.71508622169, 1.37596929073, 0.602952063084, 0.249383211136, 0.0763984620571, 0.0129961818457, 0.000826048315503, 4.7991044994e-05, 4.67443169327e-05],
        "min": [1.17158753976e-21, 4.86848943304e-21, 1.74296260847e-20, 1.71624273598e-20, 6.21586034526e-20, 8.33663123616e-20, 3.09293015695e-19, 1.63896390424e-19, 1.74056908382e-19, 3.97610572709e-19, 5.0733840741e-19, 4.96596898469e-19, 8.22479538337e-19, 1.66889437488e-18, 2.1274355368e-18, 3.35230659669e-18, 3.75179140557e-18, 3.38277744891e-18, 4.01732878991e-18, 6.3046415887e-18, 5.26871036804e-18, 6.95825489332e-18, 9.42872326412e-18, 1.30551881215e-17, 1.16087974732e-17, 9.87832735991e-18, 1.66238950926e-17, 1.82385814268e-17, 1.55253198298e-17, 1.57377398111e-17, 1.54405553237e-17, 1.67446717338e-17, 1.1632025532e-17, 1.10643223786e-17, 9.34153925474e-18, 6.72242197837e-18, 3.69690549038e-18, 1.54003380091e-18, 3.34707674726e-19, 4.04177184776e-20],
        "var": [0.0969655141234, 11.3561401367, 53.6942710876, 22.5573768616, 137.383850098, 166.782272339, 429.765533447, 1001.59716797, 1120.41430664, 1178.21643066, 3741.18945312, 3520.39282227, 3035.80908203, 1498.70031738, 3065.04907227, 1591.70678711, 5937.06005859, 5697.28125, 7966.23681641, 3092.42114258, 9043.41308594, 4112.48242188, 3869.43701172, 853.505981445, 679.193237305, 1004.65655518, 859.250854492, 1137.44885254, 1726.79846191, 998.055114746, 479.747192383, 306.085693359, 129.268829346, 58.1527175903, 5.42941570282, 0.419076293707, 0.0291863195598, 0.000290324183879, 1.35660812361e-07, 1.51198464859e-09]
    },
    "gfcc": {
        "mean": [-3.50902485847, 95.8459243774, -118.381202698, 44.6012611389, -53.9811553955, 20.6188850403, -39.1728668213, 10.9907064438, -20.1528873444, 4.36384916306, -14.0932617188, -2.1141974926, -7.10662126541],
        "cov": [[18695.4824219, -2575.30761719, -1190.37243652, 1913.47253418, 49.34425354, 1343.27148438, -268.922637939, 747.707519531, -214.459564209, 529.950866699, -314.368560791, 167.763671875, -517.233886719], [-2575.30761719, 1859.46679688, -9.77864074707, -584.73449707, 157.795898438, -496.158111572, 126.205856323, -282.957855225, 88.0196609497, -227.547454834, 121.019180298, -137.726821899, 145.496795654], [-1190.37243652, -9.77864074707, 752.939453125, 31.8484210968, 28.5167369843, 0.458947479725, 25.4198646545, 5.56925153732, 0.607593476772, 62.4128799438, 10.1223478317, 78.2187271118, 32.2198562622], [1913.47253418, -584.73449707, 31.8484210968, 775.918151855, 202.947143555, 288.827697754, 25.8515262604, 120.333328247, 5.45237064362, 87.4660949707, -7.699406147, 20.8623313904, -7.12531375885], [49.34425354, 157.795898438, 28.5167369843, 202.947143555, 333.453338623, 47.8617134094, 79.5131912231, 13.994512558, 33.6547279358, 0.909765958786, 17.9855422974, 3.22243618965, 17.3440437317], [1343.27148438, -496.158111572, 0.458947479725, 288.827697754, 47.8617134094, 344.910522461, 72.29637146, 129.618423462, -13.2066783905, 73.0333328247, -15.4560565948, 36.3893241882, -41.9217681885], [-268.922637939, 126.205856323, 25.4198646545, 25.8515262604, 79.5131912231, 72.29637146, 205.198638916, 22.3460102081, 29.1486034393, -11.6462345123, 19.1848220825, -7.8652806282, 4.35316514969], [747.707519531, -282.957855225, 5.56925153732, 120.333328247, 13.994512558, 129.618423462, 22.3460102081, 166.93989563, 34.7251739502, 60.4949836731, -8.50021839142, 18.6854877472, -30.8805885315], [-214.459564209, 88.0196609497, 0.607593476772, 5.45237064362, 33.6547279358, -13.2066783905, 29.1486034393, 34.7251739502, 114.590438843, 22.9087028503, 27.8411178589, -15.9942159653, 10.688873291], [529.950866699, -227.547454834, 62.4128799438, 87.4660949707, 0.909765958786, 73.0333328247, -11.6462345123, 60.4949836731, 22.9087028503, 117.011642456, 15.4983673096, 23.8057670593, -34.7174987793], [-314.368560791, 121.019180298, 10.1223478317, -7.699406147, 17.9855422974, -15.4560565948, 19.1848220825, -8.50021839142, 27.8411178589, 15.4983673096, 99.6818618774, 3.318120718, 15.61784935], [167.763671875, -137.726821899, 78.2187271118, 20.8623313904, 3.22243618965, 36.3893241882, -7.8652806282, 18.6854877472, -15.9942159653, 23.8057670593, 3.318120718, 93.4026260376, 14.6614189148], [-517.233886719, 145.496795654, 32.2198562622, -7.12531375885, 17.3440437317, -41.9217681885, 4.35316514969, -30.8805885315, 10.688873291, -34.7174987793, 15.61784935, 14.6614189148, 107.73714447]],
        "icov": [[0.000219862806262, -0.000504150171764, 0.000455652567325, -0.000633860647213, 0.000425546400947, -0.000588443886954, 0.000486043660203, -0.000550400349312, 0.000453897926491, -0.000840325315949, 0.000814258353785, -0.000870247196872, 0.000767885998357], [-0.000504150171764, 0.00346762221307, -0.00126524979714, 0.00264560268261, -0.00256902794354, 0.00285174092278, -0.00222222763114, 0.00244412641041, -0.00179506908171, 0.00360049121082, -0.00366245559417, 0.00415423652157, -0.00293248402886], [0.000455652567325, -0.00126524979714, 0.00254925829358, -0.00148589373566, 0.000991491717286, -0.000940651807468, 0.000620045757387, -0.00108440301847, 0.00120658241212, -0.00310024642386, 0.00212859362364, -0.00314894178882, 0.0011752883438], [-0.000633860647213, 0.00264560268261, -0.00148589373566, 0.0049102967605, -0.00346314278431, 0.000499338726513, -0.00105120497756, 0.00194864766672, -0.0014430397423, 0.00242938101292, -0.00315062468871, 0.00446308637038, -0.00371860060841], [0.000425546400947, -0.00256902794354, 0.000991491717286, -0.00346314278431, 0.00615756539628, -0.00151390337851, 0.000145115496707, -0.00147444952745, 0.000409083935665, -0.00212979177013, 0.00256097270176, -0.00377862830646, 0.0023941041436], [-0.000588443886954, 0.00285174092278, -0.000940651807468, 0.000499338726513, -0.00151390337851, 0.00951266009361, -0.00472955545411, -0.000941836449783, 0.00052915449487, 0.00170541438274, -0.00279452232644, 0.00212518568151, -0.00188263761811], [0.000486043660203, -0.00222222763114, 0.000620045757387, -0.00105120497756, 0.000145115496707, -0.00472955545411, 0.00850103236735, -0.00176492833998, -0.00028410408413, -0.000415623566369, 0.00138419121504, -0.00188318348955, 0.00231637898833], [-0.000550400349312, 0.00244412641041, -0.00108440301847, 0.00194864766672, -0.00147444952745, -0.000941836449783, -0.00176492833998, 0.0126967793331, -0.00551546737552, 0.00075102475239, -0.00135443755426, 0.00189213175327, -0.00118044542614], [0.000453897926491, -0.00179506908171, 0.00120658241212, -0.0014430397423, 0.000409083935665, 0.00052915449487, -0.00028410408413, -0.00551546737552, 0.0139723690227, -0.00566129526123, 1.71264800883e-05, 0.000635137606878, -0.000581790460274], [-0.000840325315949, 0.00360049121082, -0.00310024642386, 0.00242938101292, -0.00212979177013, 0.00170541438274, -0.000415623566369, 0.00075102475239, -0.00566129526123, 0.0196953993291, -0.00745571358129, 0.00219568610191, 0.00112001935486], [0.000814258353785, -0.00366245559417, 0.00212859362364, -0.00315062468871, 0.00256097270176, -0.00279452232644, 0.00138419121504, -0.00135443755426, 1.71264800883e-05, -0.00745571358129, 0.0163274016231, -0.00555271748453, 0.00205101072788], [-0.000870247196872, 0.00415423652157, -0.00314894178882, 0.00446308637038, -0.00377862830646, 0.00212518568151, -0.00188318348955, 0.00189213175327, 0.000635137606878, 0.00219568610191, -0.00555271748453, 0.0197614450008, -0.00773738184944], [0.000767885998357, -0.00293248402886, 0.0011752883438, -0.00371860060841, 0.0023941041436, -0.00188263761811, 0.00231637898833, -0.00118044542614, -0.000581790460274, 0.00112001935486, 0.00205101072788, -0.00773738184944, 0.0159555748105]]
    },
    "melbands": {
        "dmean": [0.00136075995397, 0.00169918988831, 0.000434141402366, 0.000372147507733, 0.000269797543297, 0.000206848970265, 0.000118627402117, 0.000132956687594, 0.000105935578176, 0.000106100276753, 6.76247946103e-05, 3.9735732571e-05, 4.10802786064e-05, 4.02418663725e-05, 3.11381627398e-05, 5.62226196053e-05, 4.41704505647e-05, 4.91925238748e-05, 2.84577108687e-05, 3.00571737171e-05, 3.16745936288e-05, 2.29746401601e-05, 1.73686403286e-05, 1.19885489767e-05, 9.24102278077e-06, 7.75116859586e-06, 6.50855599815e-06, 6.01104102316e-06, 5.23235485161e-06, 4.89406147608e-06, 4.0025843191e-06, 3.92101173929e-06, 3.17270405503e-06, 2.48766241384e-06, 2.03151353162e-06, 2.08313781513e-06, 1.57239492182e-06, 1.22809308323e-06, 1.25021892927e-06, 8.30036640309e-07],
        "dmean2": [0.00225586863235, 0.00274195359088, 0.000711782719009, 0.000628555542789, 0.00043947173981, 0.000338198151439, 0.000190918566659, 0.000205216419999, 0.00016188621521, 0.000163572200108, 0.000106920691906, 6.1547740188e-05, 6.54026152915e-05, 6.45991240162e-05, 4.87741890538e-05, 8.97983554751e-05, 7.20299503882e-05, 7.80139598646e-05, 4.65800039819e-05, 4.96818829561e-05, 5.2681138186e-05, 3.81337231374e-05, 2.84150719381e-05, 1.94444146473e-05, 1.54539284267e-05, 1.28121719172e-05, 1.06355719254e-05, 9.92483091977e-06, 8.36156505102e-06, 7.7853728726e-06, 6.38176243228e-06, 6.00938483331e-06, 4.70778559247e-06, 3.74075830223e-06, 3.0476126085e-06, 3.22325536217e-06, 2.35732750298e-06, 1.84838313544e-06, 1.84899010947e-06, 1.1671328366e-06],
        "dvar": [8.88850172487e-06, 1.0165979802e-05, 4.35800586729e-07, 1.21377752293e-06, 2.94387319855e-07, 3.13565465149e-07, 1.08525419762e-07, 1.39029893376e-07, 1.212696219e-07, 9.51361727175e-08, 4.01874196143e-08, 1.14850866595e-08, 1.42139828796e-08, 1.2735873689e-08, 4.62897853382e-09, 3.1411715895e-08, 2.04396908288e-08, 1.55548125491e-08, 1.32039907896e-08, 5.08002973021e-09, 6.67773480956e-09, 2.85208257012e-09, 2.54081511386e-09, 8.55169823843e-10, 2.66918348535e-10, 2.01442612591e-10, 2.38925129681e-10, 3.89532933687e-10, 1.60378307856e-10, 2.18974338662e-10, 1.90164203828e-10, 2.87104867658e-10, 2.19329304718e-10, 1.78534548256e-10, 8.4153309321e-11, 9.35613045372e-11, 4.81428993893e-11, 4.42641999443e-11, 4.29435376148e-11, 2.24306753727e-11],
        "dvar2": [2.28279677685e-05, 2.56834755419e-05, 1.12870350222e-06, 3.19852870234e-06, 7.57957877795e-07, 8.14144470951e-07, 2.80996800939e-07, 3.33913874329e-07, 2.9208430874e-07, 2.22379100023e-07, 1.03950824837e-07, 2.53586431853e-08, 3.18385104947e-08, 3.00007876319e-08, 1.01858859125e-08, 7.73222126327e-08, 5.50654704057e-08, 3.72953046224e-08, 3.47996120809e-08, 1.32747333126e-08, 1.77464780649e-08, 7.56888596243e-09, 6.56861143256e-09, 2.16578066592e-09, 7.36065153273e-10, 5.18487364154e-10, 5.28152133139e-10, 1.02496167109e-09, 3.55384055517e-10, 4.39423830656e-10, 3.8444236683e-10, 5.67232261162e-10, 4.33501984309e-10, 3.96600946528e-10, 1.63031130263e-10, 1.97061297835e-10, 9.40943156724e-11, 1.01073302505e-10, 9.16934236872e-11, 4.7320487806e-11],
        "max": [0.0383035205305, 0.0475037395954, 0.0116254976019, 0.0156367234886, 0.0172992292792, 0.0248552002013, 0.00752662820742, 0.00970438867807, 0.00952748022974, 0.00834859162569, 0.00410625431687, 0.00310885370709, 0.00402788165957, 0.00462997611612, 0.00241281767376, 0.0033714659512, 0.0045590098016, 0.00403111474589, 0.00492820516229, 0.0018122830661, 0.00301731657237, 0.00225037196651, 0.00204279297031, 0.000799955974799, 0.000372984592104, 0.000355023337761, 0.000596319150645, 0.00130631926004, 0.00049156032037, 0.000748616352212, 0.000704355246853, 0.000764901284128, 0.000612770905718, 0.000637131393887, 0.000363085622666, 0.000642571481876, 0.000365498446627, 0.000320898543578, 0.000306151370751, 0.000202324255952],
        "mean": [0.00261756847613, 0.00400181347504, 0.000824344344437, 0.000465105986223, 0.000463640579255, 0.000359929166734, 0.000222703019972, 0.000229909754125, 0.000180213901331, 0.000173250649823, 0.000120031552797, 7.31836698833e-05, 6.97278082953e-05, 6.64484832669e-05, 5.71933451283e-05, 8.69269206305e-05, 7.13565896149e-05, 7.97747634351e-05, 4.37885100837e-05, 5.56102459086e-05, 6.06096546107e-05, 4.33314125985e-05, 3.13110722345e-05, 2.36863706959e-05, 1.92467578017e-05, 1.60343497555e-05, 1.32264185595e-05, 1.24370935737e-05, 1.09819848149e-05, 9.81509765552e-06, 7.78510002419e-06, 7.11641587259e-06, 5.69508210901e-06, 4.53941902379e-06, 3.89164415537e-06, 3.81125869353e-06, 3.01382146972e-06, 2.1358732738e-06, 2.13241878555e-06, 1.34011440878e-06],
        "median": [0.00189658999443, 0.00362391816452, 0.000597946404014, 0.000219831679715, 0.000268771051196, 0.000142307253554, 9.34727722779e-05, 6.60557197989e-05, 5.35335057066e-05, 4.99267698615e-05, 3.51784401573e-05, 2.90192183456e-05, 2.78901679849e-05, 3.07993686874e-05, 2.41932029894e-05, 2.60917731794e-05, 3.05736830342e-05, 3.09493625537e-05, 1.86245306395e-05, 2.32217134908e-05, 2.62903795374e-05, 2.04924035643e-05, 1.50757496158e-05, 1.21530465549e-05, 1.1219706721e-05, 1.03251059045e-05, 8.22819765744e-06, 7.2030506999e-06, 6.79006325299e-06, 6.32757564745e-06, 4.43605995315e-06, 3.14157159664e-06, 2.12135410038e-06, 1.94025915334e-06, 1.82536200555e-06, 1.83667930287e-06, 1.45168473864e-06, 8.80888705979e-07, 7.86362079452e-07, 3.71149241118e-07],
        "min": [9.23479782039e-24, 7.95157277422e-24, 4.58755196341e-24, 5.2998424793e-24, 8.53184307888e-24, 4.11759123457e-24, 3.08628300203e-24, 4.08398891545e-24, 4.4032992995e-24, 3.26183078307e-24, 4.21856148614e-24, 6.53772735051e-24, 7.64231168924e-24, 5.71426740041e-24, 1.09825231002e-23, 8.27569599865e-24, 5.62768873278e-24, 6.57867120364e-24, 7.49118566133e-24, 7.05249143446e-24, 6.20393032479e-24, 6.63303042533e-24, 9.62146903713e-24, 8.65968587718e-24, 1.0963065846e-23, 8.57628276912e-24, 8.02312403605e-24, 6.43276270175e-24, 9.8791125865e-24, 1.09202930188e-23, 1.17216628914e-23, 8.87938363929e-24, 9.58770815697e-24, 8.75044669091e-24, 9.36335769325e-24, 8.64835310142e-24, 1.11417641403e-23, 6.92444984321e-24, 9.6858440313e-24, 9.23666347643e-24],
        "var": [1.07557652882e-05, 1.56853329827e-05, 7.33058641345e-07, 1.01723571788e-06, 4.24782626851e-07, 4.34774847236e-07, 2.07155594012e-07, 2.31660507666e-07, 1.81492566753e-07, 1.69550276041e-07, 8.2292437753e-08, 2.75226259561e-08, 2.70143765135e-08, 1.79008914358e-08, 1.21541692266e-08, 5.05670278983e-08, 2.28990959528e-08, 2.48349465437e-08, 1.28634303209e-08, 1.09134008497e-08, 1.25683907726e-08, 5.39083178097e-09, 4.33989688631e-09, 1.65298807975e-09, 5.8362226163e-10, 4.30145447039e-10, 4.24787954811e-10, 4.99198071768e-10, 3.24608173674e-10, 4.23137025418e-10, 4.04231120799e-10, 6.05935246423e-10, 4.54978638098e-10, 2.86566242957e-10, 1.7140834585e-10, 1.69616584667e-10, 1.04572461801e-10, 6.49099940464e-11, 6.77308278907e-11, 3.93343239924e-11]
    },
    "mfcc": {
        "mean": [-635.377197266, 113.53767395, 1.83982503414, 25.9026470184, 10.9098463058, 9.99105167389, 0.950309514999, 3.55679678917, 2.24199533463, 4.14314985275, -1.65396201611, 3.15394806862, -1.12543475628],
        "cov": [[13094.4121094, -1951.65649414, -800.98059082, 706.145935059, 470.711975098, 681.91027832, 301.063079834, 399.223510742, 202.140411377, 422.464660645, 252.693344116, 370.239532471, -29.1762619019], [-1951.65649414, 1721.6192627, -138.767349243, -184.872177124, -115.874938965, -240.545379639, -113.390518188, -138.217391968, -92.5632629395, -118.794723511, -68.2366714478, -93.0672149658, 14.2071056366], [-800.98059082, -138.767349243, 605.037231445, -4.08143997192, -7.36292314529, 20.2250461578, 15.0576171875, -17.9458694458, 20.7742805481, -33.5405693054, 5.83064413071, -3.62229967117, 46.6938476562], [706.145935059, -184.872177124, -4.08143997192, 335.783416748, 179.837081909, 130.908660889, 60.7233543396, 42.0611228943, 48.8582038879, 40.6125946045, -3.21438717842, 33.4811859131, 25.3648929596], [470.711975098, -115.874938965, -7.36292314529, 179.837081909, 263.84463501, 96.3025588989, 36.7876701355, 31.2080459595, 37.9720001221, 37.5813293457, 2.59903168678, 29.5053863525, 28.8431835175], [681.91027832, -240.545379639, 20.2250461578, 130.908660889, 96.3025588989, 227.365982056, 110.832565308, 79.5054397583, 42.7841339111, 43.413394928, 27.1487960815, 27.781835556, 4.42515611649], [301.063079834, -113.390518188, 15.0576171875, 60.7233543396, 36.7876701355, 110.832565308, 160.580856323, 78.6650390625, 27.2017841339, 32.7640113831, 30.0846652985, 28.6766738892, -4.20143175125], [399.223510742, -138.217391968, -17.9458694458, 42.0611228943, 31.2080459595, 79.5054397583, 78.6650390625, 140.043548584, 50.7280311584, 39.086894989, 25.4762954712, 17.9629802704, -4.43842363358], [202.140411377, -92.5632629395, 20.7742805481, 48.8582038879, 37.9720001221, 42.7841339111, 27.2017841339, 50.7280311584, 105.570678711, 38.3260231018, 10.4795188904, 4.62538194656, 6.15910816193], [422.464660645, -118.794723511, -33.5405693054, 40.6125946045, 37.5813293457, 43.413394928, 32.7640113831, 39.086894989, 38.3260231018, 119.023086548, 53.2332496643, 35.3118972778, -10.6296863556], [252.693344116, -68.2366714478, 5.83064413071, -3.21438717842, 2.59903168678, 27.1487960815, 30.0846652985, 25.4762954712, 10.4795188904, 53.2332496643, 116.963394165, 46.4947929382, -7.67165756226], [370.239532471, -93.0672149658, -3.62229967117, 33.4811859131, 29.5053863525, 27.781835556, 28.6766738892, 17.9629802704, 4.62538194656, 35.3118972778, 46.4947929382, 100.564216614, 21.0898418427], [-29.1762619019, 14.2071056366, 46.6938476562, 25.3648929596, 28.8431835175, 4.42515611649, -4.20143175125, -4.43842363358, 6.15910816193, -10.6296863556, -7.67165756226, 21.0898418427, 76.0653381348]],
