{
"lowlevel": {
    "average_loudness": 0.900168061256,
    "barkbands_crest": {
        "dmean": 2.40742874146,
        "dmean2": 4.00560235977,
        "dvar": 5.8877825737,
        "dvar2": 15.6635818481,
        "max": 25.2478351593,
        "mean": 8.85116481781,
        "median": 7.9359869957,
        "min": 2.34658956528,
        "var": 15.5109891891
    },
    "barkbands_flatness_db": {
        "dmean": 0.0174086168408,
        "dmean2": 0.0271503981203,
        "dvar": 0.000285155285383,
        "dvar2": 0.000667501764838,
        "max": 0.500601947308,
        "mean": 0.1177444309,
        "median": 0.09829197824,
        "min": 0.0209322832525,
        "var": 0.00457929959521
    },
    "barkbands_kurtosis": {
        "dmean": 1.70382845402,
        "dmean2": 2.7790491581,
        "dvar": 11.3265285492,
        "dvar2": 28.7681388855,
        "max": 149.253631592,
        "mean": 2.80692982674,
        "median": 0.797278523445,
        "min": -1.88769614697,
        "var": 43.7777404785
    },
    "barkbands_skewness": {
        "dmean": 0.384086459875,
        "dmean2": 0.612030565739,
        "dvar": 0.167045876384,
        "dvar2": 0.403809338808,
        "max": 8.98176956177,
        "mean": 1.3167706728,
        "median": 1.1223859787,
        "min": -1.87585997581,
        "var": 0.95007443428
    },
    "barkbands_spread": {
        "dmean": 4.62443304062,
        "dmean2": 7.26557397842,
        "dvar": 31.6196937561,
        "dvar2": 71.6679458618,
        "max": 106.269805908,
        "mean": 24.296628952,
        "median": 24.2214622498,
        "min": 0.465835630894,
        "var": 139.751495361
    },
    "dissonance": {
        "dmean": 0.0162508785725,
        "dmean2": 0.0275469031185,
        "dvar": 0.000258843501797,
        "dvar2": 0.00071766594192,
        "max": 0.500000059605,
        "mean": 0.465594172478,
        "median": 0.472541958094,
        "min": 0.224368438125,
        "var": 0.000769445730839
    },
    "dynamic_complexity": 2.82723855972,
    "erbbands_crest": {
        "dmean": 2.27911901474,
        "dmean2": 3.65059423447,
        "dvar": 4.61965274811,
        "dvar2": 11.1741189957,
        "max": 30.6543560028,
        "mean": 9.06638145447,
        "median": 7.94980144501,
        "min": 2.23191046715,
        "var": 21.9038906097
    },
    "erbbands_flatness_db": {
        "dmean": 0.0137954764068,
        "dmean2": 0.0198895856738,
        "dvar": 0.000189971164218,
        "dvar2": 0.000358647987014,
        "max": 0.425800740719,
        "mean": 0.151751190424,
        "median": 0.140427261591,
        "min": 0.0300903525203,
        "var": 0.00285964156501
    },
    "erbbands_kurtosis": {
        "dmean": 0.6285572052,
        "dmean2": 0.999902904034,
        "dvar": 0.789085924625,
        "dvar2": 1.92137813568,
        "max": 22.0724601746,
        "mean": 0.268943011761,
        "median": -0.2726521492,
        "min": -1.77231431007,
        "var": 3.073179245
    },
    "erbbands_skewness": {
        "dmean": 0.275938749313,
        "dmean2": 0.432294666767,
        "dvar": 0.0630332604051,
        "dvar2": 0.147446781397,
        "max": 4.09720134735,
        "mean": 0.310327887535,
        "median": 0.257219851017,
        "min": -3.30076217651,
        "var": 0.450002014637
    },
    "erbbands_spread": {
        "dmean": 5.97175979614,
        "dmean2": 9.15037822723,
        "dvar": 42.5516319275,
        "dvar2": 87.9309310913,
        "max": 135.647109985,
        "mean": 37.7086143494,
        "median": 36.5816345215,
        "min": 3.67631411552,
        "var": 244.019241333
    },
    "hfc": {
        "dmean": 6.04921245575,
        "dmean2": 8.89556312561,
        "dvar": 82.4322128296,
        "dvar2": 177.497879028,
        "max": 172.711654663,
        "mean": 27.7315101624,
        "median": 26.4005584717,
        "min": 1.24013511472e-16,
        "var": 346.736694336
    },
    "melbands_crest": {
        "dmean": 3.15708255768,
        "dmean2": 5.22443151474,
        "dvar": 9.10368728638,
        "dvar2": 23.3436660767,
        "max": 34.7694168091,
        "mean": 12.6897153854,
        "median": 11.7246189117,
        "min": 2.89089226723,
        "var": 23.5114631653
    },
    "melbands_flatness_db": {
        "dmean": 0.0204591732472,
        "dmean2": 0.0320446006954,
        "dvar": 0.000462490337668,
        "dvar2": 0.00107283785474,
        "max": 0.614503085613,
        "mean": 0.174453616142,
        "median": 0.150702148676,
        "min": 0.0075989603065,
        "var": 0.0066976454109
    },
    "melbands_kurtosis": {
        "dmean": 4.02158212662,
        "dmean2": 6.54115104675,
        "dvar": 56.0283279419,
        "dvar2": 138.141906738,
        "max": 230.51914978,
        "mean": 9.0354347229,
        "median": 5.08935499191,
        "min": -1.79057574272,
        "var": 171.75151062
    },
    "melbands_skewness": {
        "dmean": 0.52168905735,
        "dmean2": 0.828835606575,
        "dvar": 0.343316257,
        "dvar2": 0.809025585651,
        "max": 11.6310987473,
        "mean": 2.22897720337,
        "median": 1.96955966949,
        "min": -0.860107183456,
        "var": 1.6331319809
    },
    "melbands_spread": {
        "dmean": 5.70994234085,
        "dmean2": 9.11690425873,
        "dvar": 39.4412536621,
        "dvar2": 95.2430343628,
        "max": 150.8387146,
        "mean": 26.2794914246,
        "median": 25.6091804504,
        "min": 0.649564266205,
        "var": 177.416137695
    },
    "pitch_salience": {
        "dmean": 0.0621456317604,
        "dmean2": 0.100873380899,
        "dvar": 0.00332452123985,
        "dvar2": 0.00822478719056,
        "max": 0.843607068062,
        "mean": 0.575444579124,
        "median": 0.586009502411,
        "min": 0.153009310365,
        "var": 0.0108937621117
    },
    "silence_rate_20dB": {
        "dmean": 0,
        "dmean2": 0,
        "dvar": 0,
        "dvar2": 0,
        "max": 1,
        "mean": 1,
        "median": 1,
        "min": 1,
        "var": 0
    },
    "silence_rate_30dB": {
        "dmean": 0.00393499946222,
        "dmean2": 0.00787057261914,
        "dvar": 0.00391932018101,
        "dvar2": 0.0110143916681,
        "max": 1,
        "mean": 0.997668325901,
        "median": 1,
        "min": 0,
        "var": 0.00232646730728
    },
    "silence_rate_60dB": {
        "dmean": 0.00204037013464,
        "dmean2": 0.00408103782684,
        "dvar": 0.00203587044962,
        "dvar2": 0.0053747962229,
        "max": 1,
        "mean": 0.0293646175414,
        "median": 0,
        "min": 0,
        "var": 0.0285022892058
    },
    "spectral_centroid": {
        "dmean": 178.364334106,
        "dmean2": 285.173583984,
        "dvar": 35451.5742188,
        "dvar2": 79533.71875,
        "max": 10826.0615234,
        "mean": 1352.80688477,
        "median": 1404.30297852,
        "min": 173.285446167,
        "var": 261541.25
    },
    "spectral_complexity": {
        "dmean": 3.4709610939,
        "dmean2": 5.52062368393,
        "dvar": 10.7842903137,
        "dvar2": 24.3816356659,
        "max": 57,
        "mean": 26.8098220825,
        "median": 29,
        "min": 0,
        "var": 153.458297729
    },
    "spectral_decrease": {
        "dmean": 2.3318640352e-09,
        "dmean2": 3.68075858681e-09,
        "dvar": 1.20154535244e-17,
        "dvar2": 2.84455468169e-17,
        "max": 7.9521797867e-29,
        "mean": -7.46185513378e-09,
        "median": -6.77090028489e-09,
        "min": -4.56798261439e-08,
        "var": 2.44296709697e-17
    },
    "spectral_energy": {
        "dmean": 0.00918722525239,
        "dmean2": 0.0144269457087,
        "dvar": 0.00018066384655,
        "dvar2": 0.000425561622251,
        "max": 0.176289439201,
        "mean": 0.0306780710816,
        "median": 0.0281909722835,
        "min": 1.09482491638e-20,
        "var": 0.000394645059714
    },
    "spectral_energyband_high": {
        "dmean": 0.000374592462322,
        "dmean2": 0.000526698480826,
        "dvar": 5.17132946243e-07,
        "dvar2": 1.05394144612e-06,
        "max": 0.0178004987538,
        "mean": 0.00120188912842,
        "median": 0.000936854863539,
        "min": 7.51924948269e-21,
        "var": 1.41564169098e-06
    },
    "spectral_energyband_low": {
        "dmean": 0.00511517282575,
        "dmean2": 0.00827827304602,
        "dvar": 0.000133279929287,
        "dvar2": 0.000317573227221,
        "max": 0.151636332273,
        "mean": 0.00772492820397,
        "median": 0.00442908937111,
        "min": 2.22143180423e-22,
        "var": 0.000143938639667
    },
    "spectral_energyband_middle_high": {
        "dmean": 0.00209530559368,
        "dmean2": 0.00324132782407,
        "dvar": 8.49485877552e-06,
        "dvar2": 1.96379023691e-05,
        "max": 0.0621492452919,
        "mean": 0.00794089771807,
        "median": 0.00666225608438,
        "min": 1.55196561548e-21,
        "var": 4.27591221523e-05
    },
    "spectral_energyband_middle_low": {
        "dmean": 0.00490097794682,
        "dmean2": 0.00802707578987,
        "dvar": 4.12671615777e-05,
        "dvar2": 0.000109301734483,
        "max": 0.0972759723663,
        "mean": 0.0154554788023,
        "median": 0.0133099649101,
        "min": 3.57764879312e-22,
        "var": 0.000105957959022
    },
    "spectral_entropy": {
        "dmean": 0.111629240215,
        "dmean2": 0.164918497205,
        "dvar": 0.0158939193934,
        "dvar2": 0.0315757393837,
        "max": 9.79914569855,
        "mean": 7.66124486923,
        "median": 7.83141708374,
        "min": 4.38144683838,
        "var": 0.332502573729
    },
    "spectral_flux": {
        "dmean": 0.0216121263802,
        "dmean2": 0.0333422571421,
        "dvar": 0.000702926889062,
        "dvar2": 0.00146010250319,
        "max": 0.330978900194,
        "mean": 0.0875386074185,
        "median": 0.0803520306945,
        "min": 1.0463388489e-10,
        "var": 0.00213952572085
    },
    "spectral_kurtosis": {
        "dmean": 1.89389705658,
        "dmean2": 3.21213674545,
        "dvar": 24.1150913239,
        "dvar2": 68.8296508789,
        "max": 200.826980591,
        "mean": 5.83053159714,
        "median": 3.14599609375,
        "min": -1.29224526882,
        "var": 141.414413452
    },
    "spectral_rms": {
        "dmean": 0.000738077622373,
        "dmean2": 0.00114001007751,
        "dvar": 7.74788020408e-07,
        "dvar2": 1.74716240053e-06,
        "max": 0.013114484027,
        "mean": 0.00516611756757,
        "median": 0.00524436682463,
        "min": 3.26821339089e-12,
        "var": 3.24104121319e-06
    },
    "spectral_rolloff": {
        "dmean": 414.173126221,
        "dmean2": 690.694213867,
        "dvar": 571924.9375,
        "dvar2": 1256059.625,
        "max": 19509.0820312,
        "mean": 1549.50231934,
        "median": 1442.72460938,
        "min": 64.599609375,
        "var": 1127441.375
    },
    "spectral_skewness": {
        "dmean": 0.200975179672,
        "dmean2": 0.330837339163,
        "dvar": 0.0958581864834,
        "dvar2": 0.261953026056,
        "max": 11.5665912628,
        "mean": 1.59453117847,
        "median": 1.36759805679,
        "min": 0.000105875435111,
        "var": 0.752428412437
    },
    "spectral_spread": {
        "dmean": 448887.5625,
        "dmean2": 633658.4375,
        "dvar": 448380436480,
        "dvar2": 703423184896,
        "max": 41633328,
        "mean": 4517021,
        "median": 4419748,
        "min": 422574.03125,
        "var": 2.32397996032e+12
    },
    "spectral_strongpeak": {
        "dmean": 0.647254288197,
        "dmean2": 1.09339237213,
        "dvar": 0.979421615601,
        "dvar2": 2.4220597744,
        "max": 12.0672426224,
        "mean": 1.26716887951,
        "median": 0.64007806778,
        "min": 0,
        "var": 2.06268239021
    },
    "zerocrossingrate": {
        "dmean": 0.00895145535469,
        "dmean2": 0.0108086932451,
        "dvar": 0.000115556758828,
        "dvar2": 0.000141128330142,
        "max": 0.5029296875,
        "mean": 0.0660502538085,
        "median": 0.06494140625,
        "min": 0.00634765625,
        "var": 0.000839097774588
    },
    "barkbands": {
        "dmean": [0.000268223695457, 0.00393106602132, 0.0012658056803, 0.00145739945583, 0.00191523402464, 0.000708211853635, 0.00112177582923, 0.00132783316076, 0.00102898071054, 0.000788397679571, 0.000532051955815, 0.000515639723744, 0.000538510212209, 0.000435263500549, 0.000423631368903, 0.000373675662559, 0.000277850689599, 0.000153916509589, 0.000152074877406, 0.000108092455775, 9.32362818276e-05, 0.000102917962067, 8.28398260637e-05, 6.19534621364e-05, 6.32008668617e-05, 4.97428627568e-05, 1.36930259487e-06],
        "dmean2": [0.000418814743171, 0.00650548702106, 0.00217942264862, 0.0024912012741, 0.00323953526095, 0.00115261145402, 0.00172705913428, 0.00215808814391, 0.0016411091201, 0.00123385398183, 0.000850252748933, 0.000820565561298, 0.00086655508494, 0.000704706471879, 0.000677176576573, 0.000616542296484, 0.000463771139039, 0.000260612985585, 0.000255786173511, 0.000177850786713, 0.0001525063999, 0.00016026335652, 0.000127254359541, 9.18147416087e-05, 8.98228972801e-05, 7.44955177652e-05, 2.26164752348e-06],
        "dvar": [5.05342882207e-07, 0.000117385177873, 5.65484469917e-06, 3.49792867382e-06, 6.51408208796e-06, 1.27582882214e-06, 3.70607858713e-06, 9.39368601394e-06, 5.53448035134e-06, 2.37461654251e-06, 1.0156082908e-06, 1.38948200856e-06, 1.34024401177e-06, 8.36804247228e-07, 8.32241767057e-07, 4.74945608175e-07, 1.83849493851e-07, 5.28344514805e-08, 4.00934574429e-08, 2.14216573369e-08, 1.5476562254e-08, 3.77031170729e-08, 1.96803497943e-08, 4.13372127639e-08, 5.25964551912e-08, 1.66118621081e-08, 2.42736126338e-11],
        "dvar2": [1.06992251858e-06, 0.000292257493129, 1.54722874868e-05, 9.80973800324e-06, 1.87119803741e-05, 3.40749193128e-06, 8.59199826664e-06, 2.24131381401e-05, 1.38189416248e-05, 5.67002689422e-06, 2.5015481242e-06, 3.30683633365e-06, 3.29721456183e-06, 2.04477464649e-06, 1.90013895462e-06, 1.14503438908e-06, 4.88922978548e-07, 1.39405869959e-07, 1.09610724053e-07, 5.48992531435e-08, 3.86019145537e-08, 8.48181471724e-08, 4.43830785457e-08, 8.87709177277e-08, 1.18734298837e-07, 3.90363226188e-08, 6.26594540143e-11],
        "max": [0.0103182382882, 0.141870096326, 0.0667943879962, 0.0310939326882, 0.0396994911134, 0.0291326530278, 0.0602874681354, 0.0667489022017, 0.0712184682488, 0.0375760085881, 0.0222998857498, 0.0385959036648, 0.0292259678245, 0.0187094788998, 0.0284447353333, 0.0256811156869, 0.0158069394529, 0.0120119620115, 0.00489048939198, 0.00363602908328, 0.00259367376566, 0.00446076830849, 0.00321766827255, 0.00699029117823, 0.0096002202481, 0.00330708338879, 0.000187954283319],
        "mean": [0.000269793265034, 0.00415447121486, 0.00200092117302, 0.00290832179599, 0.00373830622993, 0.00138941325713, 0.00247125164606, 0.00216825259849, 0.00214740284719, 0.00152067502495, 0.000881267420482, 0.000936054857448, 0.000912811898161, 0.000780527712777, 0.000870905874763, 0.000804602808785, 0.000622493564151, 0.00035959793604, 0.000392456451664, 0.000295838544844, 0.000281656946754, 0.000251726363786, 0.000199494796107, 0.000130229120259, 0.000116680486826, 7.16989379725e-05, 1.26272163925e-06],
        "median": [3.7215075281e-05, 0.0015349953901, 0.00120820570737, 0.00198936602101, 0.00274792313576, 0.000947237538639, 0.00105459359474, 0.000536003732122, 0.000541731889825, 0.000618035206571, 0.000395669019781, 0.00041245209286, 0.000386916333809, 0.000331593793817, 0.000365702115232, 0.000522900896613, 0.000490506878123, 0.00029209596687, 0.000336166878697, 0.000253125181189, 0.000249850098044, 0.000173756532604, 0.00012764474377, 8.02279246273e-05, 5.53348800167e-05, 1.91921681107e-05, 1.08218074502e-07],
        "min": [3.04585948155e-23, 8.3975404564e-23, 8.12998218763e-23, 5.70198759713e-23, 5.54590294734e-23, 2.67562591726e-23, 3.09891574168e-23, 8.35569233201e-23, 9.07164229475e-23, 5.61508920417e-23, 9.75918884728e-23, 1.3726159556e-22, 6.06909253908e-23, 7.12975389147e-23, 1.40869479309e-22, 1.38406163314e-22, 2.43127132938e-22, 1.7987529368e-22, 2.42754992539e-22, 3.23827603542e-22, 3.79939241865e-22, 5.69136157763e-22, 5.0401663667e-22, 7.53227717344e-22, 1.20594269724e-21, 1.73747510521e-21, 2.51781863506e-21],
        "var": [5.65287905374e-07, 0.00010038405162, 8.3435261331e-06, 9.11713686946e-06, 1.21552857308e-05, 2.29884676628e-06, 1.42812914419e-05, 2.13014300243e-05, 2.44867151196e-05, 7.99539520813e-06, 2.22513426706e-06, 3.12299926009e-06, 3.29050885739e-06, 1.93280470739e-06, 2.56556290879e-06, 1.33883690978e-06, 5.60856676657e-07, 1.37025139679e-07, 1.21131563446e-07, 7.18338881711e-08, 5.61918973574e-08, 8.43276311002e-08, 5.22158458693e-08, 5.88112705202e-08, 6.90995989316e-08, 2.27049010704e-08, 2.16366109057e-11]
    },
    "erbbands": {
        "dmean": [0.144301101565, 0.802508533001, 1.38765728474, 3.11598134041, 5.58310365677, 7.57196044922, 4.24962997437, 6.41953897476, 14.6067619324, 18.1624069214, 31.230304718, 25.4881038666, 22.0753803253, 22.0133037567, 22.5602016449, 20.199798584, 24.3527908325, 19.0609359741, 21.5122642517, 20.8138008118, 19.0662651062, 13.6397027969, 9.20754528046, 7.29671430588, 6.82016038895, 5.09741640091, 4.04755544662, 3.91399788857, 3.75288939476, 2.76335835457, 2.4808011055, 1.39168512821, 1.10131931305, 0.83019888401, 0.405448645353, 0.363054692745, 0.0465426184237, 0.00576428417116, 0.000158878276125, 1.46373076859e-05],
        "dmean2": [0.237029090524, 1.39015746117, 2.39086604118, 5.39827060699, 9.42540931702, 12.8363580704, 7.09875202179, 10.5293951035, 22.6565036774, 28.8980674744, 51.1147956848, 39.7633323669, 35.7458610535, 33.9421577454, 35.3828811646, 31.9790992737, 39.175075531, 30.7702312469, 34.1719169617, 33.8207893372, 31.5940036774, 22.6955432892, 15.4656391144, 12.2254257202, 11.434012413, 8.3777589798, 6.70453929901, 6.27843284607, 5.90759897232, 4.2687458992, 3.86080121994, 2.08750486374, 1.64526259899, 1.2028632164, 0.583303749561, 0.552899420261, 0.0671740546823, 0.00856370106339, 0.000242398426053, 2.16107382585e-05],
        "dvar": [0.166325807571, 5.09476327896, 8.64054775238, 16.5327968597, 44.9225616455, 129.914016724, 35.5494766235, 119.900146484, 674.192932129, 1447.21435547, 5718.65087891, 3343.04907227, 3001.67260742, 1822.8536377, 1838.59130859, 2091.92724609, 2446.45166016, 1716.20263672, 1764.82800293, 1753.42590332, 1259.89025879, 400.772827148, 168.78125, 95.4255371094, 81.9470901489, 49.7294540405, 28.6952857971, 31.4755039215, 49.2064590454, 21.5884284973, 19.3425292969, 12.2427854538, 16.1906700134, 11.0262727737, 1.39652705193, 1.02682423592, 0.0110530583188, 0.000214585961658, 4.81164818211e-07, 6.96776247811e-10],
        "dvar2": [0.400622695684, 13.4511642456, 23.1482791901, 47.6457290649, 127.806945801, 368.583892822, 95.6047592163, 321.403015137, 1598.27404785, 3513.00512695, 14162.1416016, 7736.74902344, 7639.18261719, 4160.67626953, 4451.35839844, 4903.90087891, 6211.82617188, 4225.62646484, 4070.48657227, 4295.04199219, 3219.06591797, 1074.1328125, 442.422576904, 257.366149902, 215.042282104, 126.75907135, 73.7975006104, 74.1263046265, 112.862937927, 48.148525238, 44.5416908264, 27.0893688202, 35.2208824158, 24.8649044037, 3.15295910835, 2.4687063694, 0.024324528873, 0.000485591473989, 1.25208373447e-06, 1.65519753459e-09],
        "max": [5.17711305618, 28.0368461609, 80.2612228394, 65.4111938477, 113.074142456, 186.127944946, 111.570579529, 319.509765625, 921.626464844, 940.600769043, 1602.66503906, 1906.22351074, 2132.74389648, 1127.33813477, 1079.64257812, 1689.49841309, 1298.59362793, 998.065307617, 1181.0859375, 1180.00756836, 1376.10632324, 588.743225098, 650.188110352, 200.14831543, 183.076248169, 181.36416626, 104.106697083, 112.130157471, 155.926879883, 80.9984588623, 100.386497498, 113.490592957, 130.581695557, 150.23197937, 37.7972488403, 26.0043087006, 2.42992377281, 0.363599210978, 0.0453823767602, 0.0010407025693],
        "mean": [0.147163197398, 0.8369820714, 2.23916435242, 6.21144580841, 11.7204227448, 13.6160650253, 8.52615833282, 12.5742139816, 32.0588226318, 35.9608840942, 52.3276557922, 57.0435371399, 43.6787605286, 40.7880859375, 42.0634536743, 40.4931373596, 44.4001655579, 36.8350563049, 46.3223190308, 46.4800605774, 42.4401817322, 33.5526847839, 22.9272956848, 18.99426651, 18.4043121338, 14.0949840546, 11.8223323822, 11.1937685013, 9.24883174896, 6.7260017395, 5.53169870377, 3.09288644791, 2.15032029152, 1.56127250195, 0.698144972324, 0.513366639614, 0.069997318089, 0.00773155270144, 0.000218003740883, 4.68276630272e-05],
        "median": [0.0422345474362, 0.341901659966, 1.39956092834, 4.42755508423, 9.18153572083, 8.87461471558, 6.02398586273, 8.35257530212, 14.9596252441, 15.1421337128, 14.8744125366, 15.765953064, 14.9870862961, 21.854724884, 21.552520752, 18.7375221252, 20.9074382782, 18.3995685577, 20.6663360596, 23.8260574341, 29.6461982727, 28.1850318909, 19.1235923767, 16.390499115, 15.8471946716, 12.0626773834, 10.5504579544, 9.52147865295, 6.58113098145, 4.37468862534, 3.33093929291, 2.02010750771, 1.2460694313, 0.790709018707, 0.298676550388, 0.129331856966, 0.0209121480584, 0.00178760453127, 6.93628826411e-05, 4.11403598264e-05],
        "min": [3.85620171293e-21, 1.49989396988e-20, 7.95371575968e-20, 1.47875310751e-19, 1.76440868757e-19, 1.57946027913e-19, 3.34031609672e-19, 1.66015097241e-19, 4.29206080374e-19, 6.51495722253e-19, 2.29130456564e-18, 2.01297090402e-18, 1.73241512508e-18, 2.96824539751e-18, 5.28655430822e-18, 4.34338477581e-18, 2.9337033691e-18, 3.26848280175e-18, 6.87899651498e-18, 7.38430502117e-18, 8.70649367333e-18, 1.42506973716e-17, 9.27323647002e-18, 1.32544981173e-17, 1.27670041863e-17, 1.64838285995e-17, 1.61039277052e-17, 1.67772907741e-17, 1.96029943405e-17, 1.78795354101e-17, 1.17334693079e-17, 1.42367329085e-17, 1.27130736648e-17, 1.30065532102e-17, 9.29447764097e-18, 6.05317330581e-18, 3.56020686312e-18, 1.31202735872e-18, 3.25213295656e-19, 3.69824793989e-20],
        "var": [0.149540692568, 3.86289739609, 11.4341516495, 36.0784873962, 97.7808914185, 228.124969482, 76.2433013916, 201.932052612, 2474.75219727, 4317.4765625, 11832.453125, 18211.0898438, 9903.00292969, 3989.06298828, 4322.54101562, 5056.9453125, 6449.19091797, 3682.67993164, 5653.25097656, 6201.09521484, 3223.3762207, 1252.31445312, 511.254394531, 280.617218018, 263.744232178, 163.27986145, 100.437927246, 100.122802734, 108.096191406, 58.3960113525, 45.0767402649, 19.6402988434, 21.4548130035, 13.9979391098, 1.96888208389, 1.32529687881, 0.0177274215966, 0.000293623888865, 4.11441021697e-07, 1.25044075094e-09]
    },
    "gfcc": {
        "mean": [20.1570243835, 93.9937057495, -122.784416199, 32.9547615051, -59.2633552551, 15.7391166687, -43.0505332947, 8.53075313568, -26.7122249603, 0.979821443558, -20.7243919373, -1.94973039627, -12.2579183578],
        "cov": [[13430.4433594, -2842.03857422, -601.527404785, 706.382873535, -1118.5300293, 972.592651367, 71.367980957, 849.949768066, 30.3729400635, 764.799926758, -500.107269287, 399.363098145, -204.148330688], [-2842.03857422, 1583.04711914, -122.781326294, -281.908691406, 383.032928467, -389.250030518, 84.1814956665, -298.773803711, 24.1541404724, -316.092895508, 214.980102539, -225.09425354, 109.744552612], [-601.527404785, -122.781326294, 482.238861084, -3.84295535088, 40.5806617737, 23.9581890106, -51.7284660339, 25.0772380829, -11.8801851273, 38.8254013062, -18.2408237457, 62.9321861267, -15.0111856461], [706.382873535, -281.908691406, -3.84295535088, 322.070831299, -44.5905227661, 67.9129257202, 4.19008111954, 70.7549438477, 51.4884719849, 64.1436386108, -28.2048664093, 51.6326942444, 13.9123983383], [-1118.5300293, 383.032928467, 40.5806617737, -44.5905227661, 270.202087402, -80.143913269, 7.28273248672, -87.7543563843, 11.8178396225, -67.5321960449, 54.7917404175, -50.7290000916, 38.0838432312], [972.592651367, -389.250030518, 23.9581890106, 67.9129257202, -80.143913269, 220.242553711, 33.1112213135, 97.588142395, -14.9476575851, 82.5296401978, -49.345790863, 63.0716629028, -21.913105011], [71.367980957, 84.1814956665, -51.7284660339, 4.19008111954, 7.28273248672, 33.1112213135, 144.582382202, 36.831111908, 5.14355993271, -24.5919532776, 7.12458658218, 10.977022171, 4.9643368721], [849.949768066, -298.773803711, 25.0772380829, 70.7549438477, -87.7543563843, 97.588142395, 36.831111908, 155.716430664, 35.8596382141, 76.5996627808, -49.8023681641, 44.9873809814, -16.4519138336], [30.3729400635, 24.1541404724, -11.8801851273, 51.4884719849, 11.8178396225, -14.9476575851, 5.14355993271, 35.8596382141, 105.103057861, 42.8461723328, 0.467009186745, -18.170879364, 9.8601770401], [764.799926758, -316.092895508, 38.8254013062, 64.1436386108, -67.5321960449, 82.5296401978, -24.5919532776, 76.5996627808, 42.8461723328, 151.940841675, -22.583486557, 49.5521659851, -25.6334953308], [-500.107269287, 214.980102539, -18.2408237457, -28.2048664093, 54.7917404175, -49.345790863, 7.12458658218, -49.8023681641, 0.467009186745, -22.583486557, 99.8585968018, -3.85931611061, 15.3974246979], [399.363098145, -225.09425354, 62.9321861267, 51.6326942444, -50.7290000916, 63.0716629028, 10.977022171, 44.9873809814, -18.170879364, 49.5521659851, -3.85931611061, 113.556274414, 2.68084692955], [-204.148330688, 109.744552612, -15.0111856461, 13.9123983383, 38.0838432312, -21.913105011, 4.9643368721, -16.4519138336, 9.8601770401, -25.6334953308, 15.3974246979, 2.68084692955, 65.9382476807]],
        "icov": [[0.000275756174233, -0.000386913889088, 0.000511444290169, -0.00033025877201, 0.000520480680279, -0.000569046649616, 0.00037271543988, -0.00080675148638, 0.000657924858388, -0.00103036069777, 0.000923158659134, -0.000457948597614, 0.000268872390734], [-0.000386913889088, 0.00533862877637, -0.00113972928375, 0.00209387438372, -0.00231434055604, 0.00366714387201, -0.00403416808695, 0.00367433321662, -0.0033872963395, 0.00489813927561, -0.00601928820834, 0.00468216557056, -0.00338276079856], [0.000511444290169, -0.00113972928375, 0.00366270309314, -0.000434894842329, -0.0001367431978, -0.00119936629198, 0.00231372565031, -0.00253136921674, 0.00143079296686, -0.00207345024683, 0.002741481876, -0.00332027021796, 0.00175538682379], [-0.00033025877201, 0.00209387438372, -0.000434894842329, 0.00504300836474, -0.00114780012518, 0.000870968215168, -0.00112808460835, 0.00142068555579, -0.00386391812935, 0.00249666627496, -0.0020332580898, 8.62135057105e-05, -0.00225904164836], [0.000520480680279, -0.00231434055604, -0.0001367431978, -0.00114780012518, 0.0074751782231, -0.00219772476703, 0.000658330158331, 0.000239167435211, 0.000694558839314, -0.0024389049504, 0.00168706418481, -0.00016699693515, -0.000802467169706], [-0.000569046649616, 0.00366714387201, -0.00119936629198, 0.000870968215168, -0.00219772476703, 0.0116808293387, -0.00496102077886, 0.000291824224405, 0.00145112501923, 9.96357921395e-05, -0.00276019703597, 0.00258411862887, -0.00236330041662], [0.00037271543988, -0.00403416808695, 0.00231372565031, -0.00112808460835, 0.000658330158331, -0.00496102077886, 0.0131052015349, -0.00690984493122, 0.000830494856928, 0.000920333201066, 0.0028718020767, -0.00581485126168, 0.00369276292622], [-0.00080675148638, 0.00367433321662, -0.00253136921674, 0.00142068555579, 0.000239167435211, 0.000291824224405, -0.00690984493122, 0.0189002100378, -0.00812893919647, 0.00227796821855, -0.001152749639, 0.00171564635821, -0.00199383776635], [0.000657924858388, -0.0033872963395, 0.00143079296686, -0.00386391812935, 0.000694558839314, 0.00145112501923, 0.000830494856928, -0.00812893919647, 0.0206640847027, -0.0120393559337, 0.00358694419265, 0.00330794346519, -0.00193645653781], [-0.00103036069777, 0.00489813927561, -0.00207345024683, 0.00249666627496, -0.0024389049504, 9.96357921395e-05, 0.000920333201066, 0.00227796821855, -0.0120393559337, 0.0219995584339, -0.00820608343929, -0.000639523903374, 0.00189460534602], [0.000923158659134, -0.00601928820834, 0.002741481876, -0.0020332580898, 0.00168706418481, -0.00276019703597, 0.0028718020767, -0.001152749639, 0.00358694419265, -0.00820608343929, 0.021779736504, -0.00848458521068, 0.00306658679619], [-0.000457948597614, 0.00468216557056, -0.00332027021796, 8.62135057105e-05, -0.00016699693515, 0.00258411862887, -0.00581485126168, 0.00171564635821, 0.00330794346519, -0.000639523903374, -0.00848458521068, 0.0205745585263, -0.00776211638004], [0.000268872390734, -0.00338276079856, 0.00175538682379, -0.00225904164836, -0.000802467169706, -0.00236330041662, 0.00369276292622, -0.00199383776635, -0.00193645653781, 0.00189460534602, 0.00306658679619, -0.00776211638004, 0.0220327116549]]
    },
    "melbands": {
        "dmean": [0.0011655439157, 0.000806239782833, 0.000571909942664, 0.00050097273197, 0.000166177895153, 0.000143943136209, 0.000227914351854, 0.000212563259993, 0.000257826031884, 0.000147500162711, 0.000109361673822, 9.21345490497e-05, 7.59334579925e-05, 5.91494317632e-05, 6.1242695665e-05, 4.57554269815e-05, 3.87065047107e-05, 3.75753334083e-05, 3.04660225083e-05, 2.74811882264e-05, 2.37246240431e-05, 1.56500318553e-05, 1.44176501635e-05, 6.52156541037e-06, 6.57660621073e-06, 6.83506414134e-06, 4.48925356977e-06, 3.66857329936e-06, 2.95897439173e-06, 2.59703733718e-06, 2.61983086602e-06, 2.5658694085e-06, 1.88720059668e-06, 1.65886990544e-06, 1.47020466557e-06, 1.2429071603e-06, 8.74195109191e-07, 7.91782156284e-07, 8.47889623401e-07, 7.05975651272e-07],
        "dmean2": [0.00190933281556, 0.00136876059696, 0.000976500974502, 0.00084436358884, 0.000278418301605, 0.000234897030168, 0.000351528055035, 0.000339169695508, 0.0004214271612, 0.000230512960115, 0.000177518566488, 0.000141663957038, 0.000120519194752, 9.25899585127e-05, 9.8304299172e-05, 7.3525487096e-05, 6.26386754448e-05, 6.02810068813e-05, 4.861691923e-05, 4.48831888207e-05, 3.96100585931e-05, 2.60762262769e-05, 2.44520069828e-05, 1.10518258225e-05, 1.1082553101e-05, 1.16291130325e-05, 7.43105238143e-06, 6.08269556324e-06, 4.95493577546e-06, 4.33288141721e-06, 4.22796074417e-06, 4.11480868934e-06, 2.99831003758e-06, 2.62008666141e-06, 2.31962849284e-06, 1.92594347936e-06, 1.34404945129e-06, 1.20523509395e-06, 1.27218902435e-06, 1.03878619484e-06],
        "dvar": [1.05262452053e-05, 3.40923406839e-06, 4.87791794512e-07, 4.38935671809e-07, 5.46237970411e-08, 5.96950258114e-08, 1.5844048562e-07, 2.01913181286e-07, 3.61497228596e-07, 1.21657834029e-07, 7.50934319171e-08, 3.20910658047e-08, 1.91554612172e-08, 1.88763351616e-08, 2.06184367357e-08, 9.23959753152e-09, 6.86170897879e-09, 5.62297719497e-09, 5.42683364912e-09, 2.97438274011e-09, 1.79531434163e-09, 5.98221305825e-10, 4.22208767947e-10, 8.93498122712e-11, 7.8357188793e-11, 8.59744636594e-11, 3.84165095568e-11, 2.52189553962e-11, 1.50501399537e-11, 1.16658262911e-11, 1.57642562199e-11, 2.50431394372e-11, 1.05481543639e-11, 7.34867548757e-12, 6.29084241296e-12, 5.37810160989e-12, 6.15104321644e-12, 7.82442079877e-12, 1.1459939768e-11, 7.67530396878e-12],
        "dvar2": [2.5683453714e-05, 9.02610554476e-06, 1.36966104947e-06, 1.26085251395e-06, 1.50389880105e-07, 1.58464459332e-07, 3.71217424799e-07, 4.82007294522e-07, 9.08080210138e-07, 2.91721875101e-07, 1.90960136592e-07, 7.29330693616e-08, 4.68572807222e-08, 4.44455956483e-08, 5.03230985771e-08, 2.26341718701e-08, 1.69073874901e-08, 1.3151474576e-08, 1.19548841937e-08, 7.12514758305e-09, 4.61799531948e-09, 1.60666824289e-09, 1.12905984562e-09, 2.4073135152e-10, 2.14103235141e-10, 2.38972730493e-10, 9.91295309727e-11, 6.61520352385e-11, 3.98733546181e-11, 3.11266359909e-11, 3.79036281528e-11, 5.95118121449e-11, 2.5086595995e-11, 1.74288847243e-11, 1.488012491e-11, 1.23505441985e-11, 1.38758423154e-11, 1.72951965249e-11, 2.63379266313e-11, 1.75355355236e-11],
        "max": [0.0432611480355, 0.0321833379567, 0.0110707459971, 0.0102429678664, 0.00411887839437, 0.00679132808, 0.013961520046, 0.0104449782521, 0.0109663503245, 0.0117531847209, 0.0105005372316, 0.0044906665571, 0.00311964727007, 0.00538372667506, 0.00496227759868, 0.00220446870662, 0.00167666119523, 0.00190452125389, 0.00265819602646, 0.00172572396696, 0.00157774880063, 0.00077268347377, 0.0010076406179, 0.000219413414015, 0.000179665861651, 0.000191947983694, 0.000164799872437, 0.000125059130369, 8.2225582446e-05, 4.98099689139e-05, 8.55415055412e-05, 0.000121820259665, 4.74119005958e-05, 4.31494700024e-05, 5.44024042028e-05, 6.09350063314e-05, 8.36448743939e-05, 0.00011365487444, 0.000110488726932, 0.00013432407286],
        "mean": [0.00121616199613, 0.00113507441711, 0.00124494370539, 0.00100464676507, 0.00033864332363, 0.000275937811239, 0.000504509836901, 0.000401890400099, 0.000440192379756, 0.000325411616359, 0.000206936354516, 0.000162502255989, 0.000133540524985, 0.00010979839135, 0.000112095825898, 7.99040717538e-05, 6.77062489558e-05, 7.48640159145e-05, 6.29907372058e-05, 5.84656409046e-05, 4.77205248899e-05, 3.42172133969e-05, 2.99780258501e-05, 1.47466262206e-05, 1.51901540448e-05, 1.56551777764e-05, 1.07684418253e-05, 8.89450166142e-06, 7.46051864553e-06, 6.75012825013e-06, 6.49585081192e-06, 5.63340927329e-06, 4.08035202781e-06, 3.61244747182e-06, 3.12103270517e-06, 2.54801898336e-06, 1.72338786797e-06, 1.43140300679e-06, 1.5370105757e-06, 1.25015583308e-06],
        "median": [0.000407669926062, 0.000656995805912, 0.00094666541554, 0.000741534284316, 0.000248804630246, 0.000179603957804, 0.000231094367336, 0.000162375014042, 0.000114001093607, 8.5181731265e-05, 6.22900115559e-05, 8.00624984549e-05, 6.4864543674e-05, 5.05349671585e-05, 4.75373672089e-05, 3.67508182535e-05, 3.03318684018e-05, 3.12870579364e-05, 2.78175157291e-05, 3.28218739014e-05, 3.25838118442e-05, 2.66158422164e-05, 2.35378101934e-05, 1.18734078569e-05, 1.26062532217e-05, 1.27943285406e-05, 8.65801939653e-06, 7.35270623409e-06, 6.43599560135e-06, 5.79855986871e-06, 5.22560367244e-06, 3.90709647036e-06, 2.61809645963e-06, 2.30243949773e-06, 1.88723345218e-06, 1.47705702602e-06, 1.07610503619e-06, 8.19906745164e-07, 8.09946300251e-07, 6.0294718196e-07],
        "min": [3.05654507583e-23, 3.3573427877e-23, 2.85451842909e-23, 1.00906827147e-23, 1.17690142673e-23, 3.95332633385e-24, 6.36096097659e-24, 1.04186500583e-23, 1.74804366408e-23, 1.27750375356e-23, 8.51395723558e-24, 1.13565031227e-23, 1.60989061152e-23, 1.63783632464e-23, 8.18687736047e-24, 4.83501131849e-24, 6.32971182955e-24, 1.01292832565e-23, 1.04503733108e-23, 8.39571014133e-24, 1.10703256855e-23, 1.68797869035e-23, 6.84986225576e-24, 9.14720033889e-24, 1.08023236036e-23, 1.00883926515e-23, 9.71412627248e-24, 1.08666149785e-23, 9.09800539512e-24, 8.26895912652e-24, 1.12731221028e-23, 1.24242878891e-23, 8.10876356478e-24, 1.09852225822e-23, 6.21560783277e-24, 7.5565270101e-24, 9.27643784327e-24, 8.72417131188e-24, 8.79289845167e-24, 1.21912820435e-23],
        "var": [9.31502472667e-06, 3.45515400113e-06, 1.18490652312e-06, 8.3421122099e-07, 1.14572721088e-07, 1.0087880753e-07, 6.06340108789e-07, 5.47851641386e-07, 7.69017560742e-07, 6.20402886398e-07, 2.49618182124e-07, 7.14011036962e-08, 4.6863487313e-08, 4.28856630208e-08, 5.23415266684e-08, 2.22393996552e-08, 1.39695597312e-08, 1.70444209857e-08, 1.62564344208e-08, 9.62829282969e-09, 4.32669899908e-09, 1.74971526157e-09, 1.00945241055e-09, 2.07477729441e-10, 1.98456528988e-10, 2.20339191337e-10, 1.08847070246e-10, 6.98622687478e-11, 4.38110034362e-11, 3.48143076867e-11, 3.95139927722e-11, 4.62532720458e-11, 2.33562162666e-11, 1.78367459691e-11, 1.42366786762e-11, 1.0833008969e-11, 8.60801447483e-12, 1.00329805228e-11, 1.36312081414e-11, 9.64151414956e-12]
    },
    "mfcc": {
        "mean": [-614.803405762, 116.602706909, -2.67322468758, 18.5908718109, 5.03643369675, 4.88669776917, -2.8613152504, 1.27983486652, 0.390053808689, -2.30290269852, -2.54278659821, -0.746185898781, -2.21282982826],
        "cov": [[9718.77246094, -1564.86669922, -341.668670654, 30.654127121, -481.799621582, 190.629211426, -54.5715332031, 259.610321045, 372.630218506, 434.255737305, 136.174667358, 141.454528809, 307.719116211], [-1564.86669922, 1263.46557617, -168.828674316, -38.4495697021, 123.556892395, -81.0413513184, 48.4420089722, -67.8919448853, -105.289024353, -127.562324524, -12.8709154129, -5.8744301796, -109.45476532], [-341.668670654, -168.828674316, 390.76373291, 11.6752214432, 25.8930950165, 1.88197898865, -13.375333786, 10.7950897217, 6.74827861786, -17.1096820831, 5.71667480469, -2.26444506645, 22.0572395325], [30.654127121, -38.4495697021, 11.6752214432, 211.119720459, 41.0695228577, 11.0120649338, -31.4849948883, 10.5909957886, 18.6208972931, 18.5192279816, -12.2005338669, 6.95895290375, 29.0541744232], [-481.799621582, 123.556892395, 25.8930950165, 41.0695228577, 192.307891846, 15.7150564194, -10.1943073273, -45.2275886536, -7.01953887939, -0.940291464329, -11.8920478821, -14.5013952255, -11.5447969437], [190.629211426, -81.0413513184, 1.88197898865, 11.0120649338, 15.7150564194, 93.7181854248, 29.2555656433, 16.6327838898, 7.50254583359, 8.81739044189, 3.21790313721, 3.28487300873, 9.77411365509], [-54.5715332031, 48.4420089722, -13.375333786, -31.4849948883, -10.1943073273, 29.2555656433, 107.303085327, 46.2463035583, -4.70511770248, -25.0024986267, 1.76423275471, 8.55700206757, -12.3091106415], [259.610321045, -67.8919448853, 10.7950897217, 10.5909957886, -45.2275886536, 16.6327838898, 46.2463035583, 117.709281921, 33.7789535522, 1.75635778904, 2.902135849, 4.63170146942, 3.56177020073], [372.630218506, -105.289024353, 6.74827861786, 18.6208972931, -7.01953887939, 7.50254583359, -4.70511770248, 33.7789535522, 104.670265198, 59.4201164246, 6.32910680771, 5.12837266922, 15.2296047211], [434.255737305, -127.562324524, -17.1096820831, 18.5192279816, -0.940291464329, 8.81739044189, -25.0024986267, 1.75635778904, 59.4201164246, 112.536628723, 29.9737796783, 3.28143405914, 16.9719638824], [136.174667358, -12.8709154129, 5.71667480469, -12.2005338669, -11.8920478821, 3.21790313721, 1.76423275471, 2.902135849, 6.32910680771, 29.9737796783, 67.0334701538, 26.2176303864, 0.86281311512], [141.454528809, -5.8744301796, -2.26444506645, 6.95895290375, -14.5013952255, 3.28487300873, 8.55700206757, 4.63170146942, 5.12837266922, 3.28143405914, 26.2176303864, 66.720413208, 33.0886802673], [307.719116211, -109.45476532, 22.0572395325, 29.0541744232, -11.5447969437, 9.77411365509, -12.3091106415, 3.56177020073, 15.2296047211, 16.9719638824, 0.86281311512, 33.0886802673, 91.1326065063]],
