{
"lowlevel": {
    "average_loudness": 0.795242547989,
    "barkbands_crest": {
        "dmean": 2.57840490341,
        "dmean2": 4.23698854446,
        "dvar": 6.44807338715,
        "dvar2": 16.6403064728,
        "max": 24.5006809235,
        "mean": 9.5793428421,
        "median": 8.86114692688,
        "min": 2.18847155571,
        "var": 16.5536727905
    },
    "barkbands_flatness_db": {
        "dmean": 0.016542872414,
        "dmean2": 0.025998391211,
        "dvar": 0.000293239427265,
        "dvar2": 0.00072172639193,
        "max": 0.413128435612,
        "mean": 0.10395950079,
        "median": 0.0937565416098,
        "min": 0.0219622198492,
        "var": 0.00210145651363
    },
    "barkbands_kurtosis": {
        "dmean": 1.46612668037,
        "dmean2": 2.3664188385,
        "dvar": 10.2354850769,
        "dvar2": 24.9758110046,
        "max": 188.550643921,
        "mean": 1.86864459515,
        "median": 0.222504377365,
        "min": -1.9245415926,
        "var": 35.7398681641
    },
    "barkbands_skewness": {
        "dmean": 0.383399814367,
        "dmean2": 0.594956040382,
        "dvar": 0.182784631848,
        "dvar2": 0.426112145185,
        "max": 10.8521528244,
        "mean": 1.08366131783,
        "median": 0.893390417099,
        "min": -2.15915989876,
        "var": 0.98715865612
    },
    "barkbands_spread": {
        "dmean": 5.04422807693,
        "dmean2": 7.91674995422,
        "dvar": 32.7315216064,
        "dvar2": 72.567817688,
        "max": 108.402961731,
        "mean": 29.6861019135,
        "median": 28.2863368988,
        "min": 0.772155642509,
        "var": 193.530502319
    },
    "dissonance": {
        "dmean": 0.0138748018071,
        "dmean2": 0.0235182382166,
        "dvar": 0.00019416109717,
        "dvar2": 0.000531481753569,
        "max": 0.500000059605,
        "mean": 0.472911715508,
        "median": 0.478346586227,
        "min": 0.270743399858,
        "var": 0.000475365086459
    },
    "dynamic_complexity": 2.63233971596,
    "erbbands_crest": {
        "dmean": 2.21128773689,
        "dmean2": 3.4888150692,
        "dvar": 4.80705308914,
        "dvar2": 11.2156658173,
        "max": 30.4127216339,
        "mean": 8.86166381836,
        "median": 7.46105289459,
        "min": 2.17908525467,
        "var": 22.7533359528
    },
    "erbbands_flatness_db": {
        "dmean": 0.0132926395163,
        "dmean2": 0.0191706661135,
        "dvar": 0.00017523788847,
        "dvar2": 0.000341224164004,
        "max": 0.312609255314,
        "mean": 0.14046831429,
        "median": 0.133076757193,
        "min": 0.0255177859217,
        "var": 0.00160336005501
    },
    "erbbands_kurtosis": {
        "dmean": 0.637886345387,
        "dmean2": 0.995894193649,
        "dvar": 0.933219790459,
        "dvar2": 2.10750460625,
        "max": 35.005821228,
        "mean": 0.360125154257,
        "median": -0.195466518402,
        "min": -1.64584589005,
        "var": 3.77925205231
    },
    "erbbands_skewness": {
        "dmean": 0.26732596755,
        "dmean2": 0.411358058453,
        "dvar": 0.0614295825362,
        "dvar2": 0.134391739964,
        "max": 4.15597724915,
        "mean": 0.108425758779,
        "median": 0.0477638617158,
        "min": -3.83289647102,
        "var": 0.514384150505
    },
    "erbbands_spread": {
        "dmean": 5.84656238556,
        "dmean2": 8.96817874908,
        "dvar": 39.1646690369,
        "dvar2": 85.7541275024,
        "max": 135.514785767,
        "mean": 37.5357513428,
        "median": 35.9721069336,
        "min": 3.30231547356,
        "var": 233.972885132
    },
    "hfc": {
        "dmean": 5.91416406631,
        "dmean2": 9.12584209442,
        "dvar": 97.6968307495,
        "dvar2": 223.00541687,
        "max": 245.172439575,
        "mean": 26.2314109802,
        "median": 24.839345932,
        "min": 1.1621090866e-16,
        "var": 356.246673584
    },
    "melbands_crest": {
        "dmean": 3.43650484085,
        "dmean2": 5.60718250275,
        "dvar": 11.4628286362,
        "dvar2": 28.2159519196,
        "max": 37.4575271606,
        "mean": 13.6423597336,
        "median": 12.7567911148,
        "min": 1.98577642441,
        "var": 29.9881954193
    },
    "melbands_flatness_db": {
        "dmean": 0.0208701863885,
        "dmean2": 0.0329055041075,
        "dvar": 0.000495811575092,
        "dvar2": 0.00119326054119,
        "max": 0.546172142029,
        "mean": 0.159157767892,
        "median": 0.148152858019,
        "min": 0.00866625271738,
        "var": 0.00341009814292
    },
    "melbands_kurtosis": {
        "dmean": 4.13137865067,
        "dmean2": 6.56057500839,
        "dvar": 73.8728256226,
        "dvar2": 179.240371704,
        "max": 358.906066895,
        "mean": 8.35430145264,
        "median": 4.1204252243,
        "min": -1.79914903641,
        "var": 199.973907471
    },
    "melbands_skewness": {
        "dmean": 0.542707264423,
        "dmean2": 0.839663684368,
        "dvar": 0.395420879126,
        "dvar2": 0.917195141315,
        "max": 13.6260309219,
        "mean": 2.14866876602,
        "median": 1.8762294054,
        "min": -1.38893640041,
        "var": 1.92882406712
    },
    "melbands_spread": {
        "dmean": 7.0569524765,
        "dmean2": 11.0209197998,
        "dvar": 72.8173446655,
        "dvar2": 157.446258545,
        "max": 220.692581177,
        "mean": 32.4531478882,
        "median": 30.4366226196,
        "min": 0.550372183323,
        "var": 323.118041992
    },
    "pitch_salience": {
        "dmean": 0.0678392425179,
        "dmean2": 0.111088894308,
        "dvar": 0.00413317419589,
        "dvar2": 0.0109797148034,
        "max": 0.941936373711,
        "mean": 0.55269831419,
        "median": 0.556966900826,
        "min": 0.0863577723503,
        "var": 0.010591682978
    },
    "silence_rate_20dB": {
        "dmean": 0,
        "dmean2": 0,
        "dvar": 0,
        "dvar2": 0,
        "max": 1,
        "mean": 1,
        "median": 1,
        "min": 1,
        "var": 0
    },
    "silence_rate_30dB": {
        "dmean": 0.000952575355768,
        "dmean2": 0.0019052803982,
        "dvar": 0.000951711495873,
        "dvar2": 0.0025822815951,
        "max": 1,
        "mean": 0.999387681484,
        "median": 1,
        "min": 0,
        "var": 0.000611829804257
    },
    "silence_rate_60dB": {
        "dmean": 0.00408246601,
        "dmean2": 0.00816548708826,
        "dvar": 0.00406523188576,
        "dvar2": 0.00945715606213,
        "max": 1,
        "mean": 0.0289154984057,
        "median": 0,
        "min": 0,
        "var": 0.0280675720423
    },
    "spectral_centroid": {
        "dmean": 190.294708252,
        "dmean2": 300.35256958,
        "dvar": 42928.8164062,
        "dvar2": 87287.28125,
        "max": 11229.2714844,
        "mean": 1668.05883789,
        "median": 1654.24316406,
        "min": 154.901351929,
        "var": 355744.34375
    },
    "spectral_complexity": {
        "dmean": 3.64047074318,
        "dmean2": 5.80171489716,
        "dvar": 12.8585233688,
        "dvar2": 28.9619235992,
        "max": 56,
        "mean": 25.1837673187,
        "median": 26,
        "min": 0,
        "var": 105.43838501
    },
    "spectral_decrease": {
        "dmean": 1.96246219275e-09,
        "dmean2": 3.0310889354e-09,
        "dvar": 6.75173560492e-18,
        "dvar2": 1.56798437857e-17,
        "max": 4.9861698076e-30,
        "mean": -6.53204335066e-09,
        "median": -5.48139889034e-09,
        "min": -4.1900850789e-08,
        "var": 1.77412423922e-17
    },
    "spectral_energy": {
        "dmean": 0.00779170030728,
        "dmean2": 0.0120126018301,
        "dvar": 0.00010585005657,
        "dvar2": 0.000246369512752,
        "max": 0.167637974024,
        "mean": 0.0270327311009,
        "median": 0.0230536423624,
        "min": 1.05218561373e-20,
        "var": 0.000290118419798
    },
    "spectral_energyband_high": {
        "dmean": 0.000346067856299,
        "dmean2": 0.000528675911482,
        "dvar": 5.08173343405e-07,
        "dvar2": 1.03794445749e-06,
        "max": 0.0240567233413,
        "mean": 0.00112361367792,
        "median": 0.000837157713249,
        "min": 7.79363353137e-21,
        "var": 1.55652526246e-06
    },
    "spectral_energyband_low": {
        "dmean": 0.00462720729411,
        "dmean2": 0.00727250427008,
        "dvar": 6.22881707386e-05,
        "dvar2": 0.000142203251016,
        "max": 0.11350363493,
        "mean": 0.00823758821934,
        "median": 0.0052951304242,
        "min": 5.74325259554e-23,
        "var": 8.71257434483e-05
    },
    "spectral_energyband_middle_high": {
        "dmean": 0.00198190915398,
        "dmean2": 0.0030681041535,
        "dvar": 1.12032857942e-05,
        "dvar2": 2.60065826296e-05,
        "max": 0.078033208847,
        "mean": 0.00744070671499,
        "median": 0.00559732783586,
        "min": 1.41569386996e-21,
        "var": 5.5583572248e-05
    },
    "spectral_energyband_middle_low": {
        "dmean": 0.00373671506532,
        "dmean2": 0.0060549271293,
        "dvar": 3.05388275592e-05,
        "dvar2": 7.73272404331e-05,
        "max": 0.10595625639,
        "mean": 0.0109720667824,
        "median": 0.00800213776529,
        "min": 1.80339913821e-22,
        "var": 9.76455412456e-05
    },
    "spectral_entropy": {
        "dmean": 0.102458722889,
        "dmean2": 0.153044164181,
        "dvar": 0.0135304322466,
        "dvar2": 0.0277628228068,
        "max": 9.80824279785,
        "mean": 7.80530500412,
        "median": 7.88061141968,
        "min": 5.32059574127,
        "var": 0.123348094523
    },
    "spectral_flux": {
        "dmean": 0.0218809116632,
        "dmean2": 0.0338191352785,
        "dvar": 0.000568631687202,
        "dvar2": 0.00126256619114,
        "max": 0.38019195199,
        "mean": 0.0827201157808,
        "median": 0.0760938823223,
        "min": 1.02576100391e-10,
        "var": 0.00166748161428
    },
    "spectral_kurtosis": {
        "dmean": 0.946239352226,
        "dmean2": 1.59483635426,
        "dvar": 1.68518745899,
        "dvar2": 4.50436496735,
        "max": 54.5547332764,
        "mean": 3.61710119247,
        "median": 3.15335893631,
        "min": -1.34489309788,
        "var": 5.31383466721
    },
    "spectral_rms": {
        "dmean": 0.000689464854077,
        "dmean2": 0.00104677653871,
        "dvar": 6.01942247158e-07,
        "dvar2": 1.33404546432e-06,
        "max": 0.0127886366099,
        "mean": 0.0048840357922,
        "median": 0.00474250549451,
        "min": 3.20393906718e-12,
        "var": 2.51942765317e-06
    },
    "spectral_rolloff": {
        "dmean": 432.385131836,
        "dmean2": 711.085693359,
        "dvar": 501122,
        "dvar2": 1032923.8125,
        "max": 18604.6875,
        "mean": 1854.56420898,
        "median": 1722.65625,
        "min": 21.533203125,
        "var": 1627117.25
    },
    "spectral_skewness": {
        "dmean": 0.136220380664,
        "dmean2": 0.223223313689,
        "dvar": 0.022351115942,
        "dvar2": 0.0556703321636,
        "max": 5.86934900284,
        "mean": 1.4266051054,
        "median": 1.37657880783,
        "min": -0.209348708391,
        "var": 0.135100767016
    },
    "spectral_spread": {
        "dmean": 417345.28125,
        "dmean2": 609735.8125,
        "dvar": 390446415872,
        "dvar2": 612301012992,
        "max": 40552260,
        "mean": 4809992,
        "median": 4706367.5,
        "min": 1532698.375,
        "var": 1.69991693926e+12
    },
    "spectral_strongpeak": {
        "dmean": 0.62786501646,
        "dmean2": 1.06550562382,
        "dvar": 1.23884522915,
        "dvar2": 2.93690013885,
        "max": 15.5008840561,
        "mean": 1.25464332104,
        "median": 0.404164135456,
        "min": 0,
        "var": 3.05978274345
    },
    "zerocrossingrate": {
        "dmean": 0.00900810305029,
        "dmean2": 0.0109002413228,
        "dvar": 0.000112761408673,
        "dvar2": 0.000130746149807,
        "max": 0.50341796875,
        "mean": 0.0733080282807,
        "median": 0.07080078125,
        "min": 0.00439453125,
        "var": 0.0011164090829
    },
    "barkbands": {
        "dmean": [0.000266843446298, 0.00396669423208, 0.000981480465271, 0.000830773322377, 0.00156739738304, 0.000486617092974, 0.000647726119496, 0.000928275752813, 0.00112255767453, 0.00061362265842, 0.000348750996636, 0.000429142819485, 0.000457839807495, 0.000450532563264, 0.000359341036528, 0.000318534119288, 0.000463343894808, 0.000218747605686, 0.000170147744939, 0.00013296965335, 0.000108964071842, 8.22338479338e-05, 6.3009254518e-05, 6.99800948496e-05, 6.50440488243e-05, 2.35811239691e-05, 2.76174114333e-06],
        "dmean2": [0.000427603954449, 0.00643655098975, 0.00168795476202, 0.00142894068267, 0.00268506910652, 0.000811183475889, 0.00101182120852, 0.00143537332769, 0.00175287551247, 0.000951996189542, 0.000544816022739, 0.000679088640027, 0.000725609075744, 0.000702698132955, 0.000556625891477, 0.000507778546307, 0.000747719255742, 0.000362650956959, 0.000280147680314, 0.000222612346988, 0.000182485804544, 0.000134753048769, 0.000101197692857, 0.000108197629743, 9.49595123529e-05, 3.68667424482e-05, 4.58391241409e-06],
        "dvar": [2.92698047133e-07, 5.62946479477e-05, 2.92969161819e-06, 2.09170275411e-06, 6.77470279697e-06, 8.72446094036e-07, 1.86783415757e-06, 5.56252825845e-06, 8.1610860434e-06, 2.80635117633e-06, 1.03459126422e-06, 1.78681443685e-06, 1.30019543576e-06, 1.2764830899e-06, 7.77746095082e-07, 4.6327576797e-07, 7.2144234764e-07, 1.07341897149e-07, 6.99786895098e-08, 4.46126833253e-08, 2.90126749292e-08, 1.79341732576e-08, 1.88664177614e-08, 6.84631800141e-08, 7.01838089867e-08, 4.43355085977e-09, 7.42686537269e-11],
        "dvar2": [6.76357501561e-07, 0.000136183502036, 7.65685490478e-06, 5.69223630009e-06, 1.88267895282e-05, 2.36368214246e-06, 4.11455266658e-06, 1.31683063955e-05, 1.92968254851e-05, 6.22811694484e-06, 2.31597914535e-06, 4.09119684264e-06, 2.80919766737e-06, 2.9107213777e-06, 1.71899216639e-06, 9.72954921963e-07, 1.6981026647e-06, 2.81436285832e-07, 1.75797495672e-07, 1.1686961443e-07, 7.74349473431e-08, 4.61749642966e-08, 3.88924803474e-08, 1.3230840068e-07, 1.26755082874e-07, 1.01826849175e-08, 1.8418007397e-10],
        "max": [0.0106097245589, 0.105310313404, 0.0358186103404, 0.0291793812066, 0.0372022092342, 0.0259137153625, 0.0403518825769, 0.0586934275925, 0.0810693129897, 0.0542199425399, 0.0349157080054, 0.0566795617342, 0.0561272799969, 0.0378789380193, 0.0339949913323, 0.0276125166565, 0.0285925511271, 0.00842442456633, 0.0077290716581, 0.00489080697298, 0.00286700366996, 0.00229568895884, 0.0102705257013, 0.013608250767, 0.0185628384352, 0.0034744257573, 0.000409051601309],
        "mean": [0.000360880279914, 0.00602997932583, 0.00126351439394, 0.00118022994138, 0.00286633241922, 0.000876780017279, 0.0012485437328, 0.00186739955097, 0.0025383986067, 0.00119756755885, 0.000696150353178, 0.000700253644027, 0.000839639920741, 0.000920268532354, 0.00069042929681, 0.000618757563643, 0.000969499931671, 0.000479620095575, 0.00038480135845, 0.000307204667479, 0.000266326504061, 0.000215730862692, 0.00015600550978, 0.000170929575688, 0.000147054874105, 3.76999378204e-05, 2.75085517387e-06],
        "median": [8.07471587905e-05, 0.00351084582508, 0.000658614444546, 0.000671984744258, 0.00196527433582, 0.000536625448149, 0.000531891186256, 0.000364830513718, 0.000667806714773, 0.000360252102837, 0.000205508069484, 0.000241732224822, 0.000301442370983, 0.000292299722787, 0.000258644693531, 0.000343408610206, 0.000612998497672, 0.000381533231121, 0.000287178438157, 0.000235960338614, 0.00021169471438, 0.000140685995575, 9.89852269413e-05, 0.000105978178908, 8.00680791144e-05, 1.69841368916e-05, 5.34133732799e-07],
        "min": [6.54596021846e-23, 1.96964652527e-23, 6.05704757969e-24, 3.33174456687e-24, 2.51634243649e-23, 2.50122675714e-23, 2.33461838733e-23, 5.38188866772e-23, 1.13909526784e-23, 3.24085800871e-23, 7.25878881637e-23, 5.27154217321e-23, 3.92829569844e-23, 5.76339820979e-23, 4.80339424673e-23, 1.02004826864e-22, 1.79399945031e-22, 3.20180718509e-22, 2.6954279037e-22, 3.2818703823e-22, 3.97648374015e-22, 6.63462868908e-22, 6.19760378655e-22, 8.55582331444e-22, 1.16872421449e-21, 1.53512635079e-21, 2.20313275559e-21],
        "var": [4.04437287216e-07, 6.48867862765e-05, 3.8332323129e-06, 2.58464160652e-06, 9.35173738981e-06, 1.32042623591e-06, 5.20329740539e-06, 2.25962776312e-05, 4.042974615e-05, 8.86497400643e-06, 3.71547184841e-06, 3.74412161364e-06, 4.55893177786e-06, 3.55742372449e-06, 2.02977867048e-06, 1.23202687519e-06, 2.50520542977e-06, 2.22580666787e-07, 1.71750059508e-07, 9.17170694947e-08, 6.23765075147e-08, 5.52409211707e-08, 4.26718536062e-08, 1.41823235822e-07, 1.95457758423e-07, 6.29841068189e-09, 7.54895035371e-11]
    },
    "erbbands": {
        "dmean": [0.161978498101, 0.752219736576, 1.00391077995, 2.11141872406, 3.23188662529, 7.17636585236, 4.56395721436, 3.99069190025, 7.05102872849, 13.1243066788, 22.9037647247, 26.9689617157, 18.938993454, 17.1395206451, 14.0719966888, 16.9874725342, 19.3684692383, 21.7109622955, 18.9513034821, 15.9013500214, 20.306350708, 22.2863941193, 11.3493289948, 10.5168571472, 7.36264276505, 6.18576622009, 4.48826169968, 4.08924341202, 3.05203342438, 2.41211724281, 1.75198435783, 1.56774663925, 1.18845903873, 0.875430643559, 0.400340080261, 0.14473515749, 0.0362980589271, 0.00602710573003, 0.000427874940215, 2.22402559302e-05],
        "dmean2": [0.263739109039, 1.24802601337, 1.68866789341, 3.6658205986, 5.48638343811, 12.3865480423, 7.58190345764, 6.74493217468, 11.3196516037, 20.2504692078, 35.1181030273, 41.3819274902, 29.3081073761, 26.4012928009, 21.9841957092, 26.6032390594, 30.5207233429, 33.8506011963, 29.2247428894, 24.6153469086, 32.3967132568, 36.0210227966, 18.7285022736, 17.3757381439, 12.2033090591, 10.3910398483, 7.56077289581, 6.86065292358, 5.01493453979, 3.92667174339, 2.80413770676, 2.49150013924, 1.81534707546, 1.31886124611, 0.585420846939, 0.221587762237, 0.0572452023625, 0.00944278948009, 0.000723300152458, 3.57721910405e-05],
        "dvar": [0.106114238501, 1.91174995899, 2.68855643272, 13.5365447998, 24.2365589142, 172.453918457, 64.5458526611, 74.5509338379, 196.118988037, 1271.18530273, 3315.30737305, 4904.98535156, 3492.93896484, 1830.63769531, 1760.3572998, 2817.84667969, 2474.64770508, 2967.42163086, 2281.02246094, 1430.43579102, 1389.85180664, 1497.45593262, 292.158569336, 286.275817871, 131.658691406, 96.4084777832, 55.525592804, 41.956993103, 25.0660934448, 15.6963300705, 18.4701824188, 29.8239402771, 19.7684936523, 12.7291259766, 2.69622564316, 0.177998259664, 0.0115253124386, 0.000289782328764, 2.28038425121e-06, 3.49669915245e-09],
        "dvar2": [0.250653415918, 4.8785610199, 6.88897418976, 37.2425842285, 67.7596817017, 475.581115723, 177.401062012, 201.482925415, 441.644012451, 2844.53149414, 7774.64257812, 11007.46875, 7909.72851562, 3981.28344727, 3972.69458008, 6357.21240234, 5413.57324219, 6950.671875, 5077.47949219, 2895.21899414, 3095.19628906, 3555.09936523, 747.11932373, 721.39666748, 335.464416504, 257.721496582, 149.97819519, 111.698974609, 64.8716506958, 39.0810203552, 35.7197532654, 57.1533088684, 38.798828125, 23.4553127289, 5.02669048309, 0.38698297739, 0.0263343174011, 0.000626981491223, 5.96345898884e-06, 9.04955133052e-09],
        "max": [4.60907840729, 18.5299968719, 37.6706733704, 75.7057723999, 115.943443298, 181.438598633, 152.247558594, 253.370315552, 429.122344971, 1632.07617188, 1363.75878906, 2034.4753418, 2080.92993164, 1289.85205078, 2474.24609375, 2279.36791992, 2724.18310547, 2142.63476562, 1505.69702148, 1610.45166016, 1347.59472656, 1162.03381348, 596.91229248, 441.946960449, 246.318206787, 149.479629517, 127.533905029, 127.126327515, 100.976539612, 125.183021545, 343.14932251, 320.190795898, 262.450622559, 225.664154053, 110.82194519, 20.0266609192, 6.66520214081, 1.02165651321, 0.0581550784409, 0.00140815589111],
        "mean": [0.238881349564, 1.09474623203, 1.52805924416, 2.95400047302, 6.3054189682, 11.1188411713, 8.18787765503, 6.76452350616, 13.2776432037, 28.3345432281, 47.3274116516, 62.5883255005, 38.9707527161, 37.8713912964, 28.3890190125, 31.1744670868, 39.2736473083, 47.2884101868, 40.3515396118, 32.9077110291, 43.9296035767, 48.7744598389, 27.3711280823, 24.8416481018, 17.6696300507, 14.1650800705, 10.7230558395, 10.0580606461, 7.86228322983, 6.05136823654, 4.27294874191, 3.67224645615, 2.79704618454, 1.97363984585, 0.842815160751, 0.246934294701, 0.0548599548638, 0.0084295142442, 0.000420047377702, 4.89359517815e-05],
        "median": [0.0889158472419, 0.726632893085, 0.926143169403, 1.80369067192, 4.01328754425, 6.91948509216, 5.20211648941, 3.96492862701, 6.87023925781, 8.48169708252, 11.7486419678, 16.3275604248, 13.7671718597, 12.2262639999, 10.2543106079, 11.6944789886, 15.6476831436, 16.6996307373, 14.3213310242, 15.671423912, 25.9233818054, 33.8614883423, 22.5686397552, 18.7161102295, 14.1350164413, 10.8762931824, 8.46548080444, 7.86718845367, 5.04937314987, 3.73126506805, 2.75118494034, 2.33127403259, 1.68068623543, 1.10784399509, 0.440808266401, 0.114983186126, 0.0237139873207, 0.00288143660873, 9.55390787567e-05, 3.71780552086e-05],
        "min": [1.27467037976e-21, 2.43106160597e-21, 7.34415214912e-21, 1.03541808111e-20, 2.56300216433e-20, 7.5758195893e-20, 2.0190621845e-19, 2.24572298478e-19, 4.10508903398e-19, 6.92262336466e-19, 8.09206391433e-19, 2.27937088264e-19, 1.06642347618e-18, 1.17546056337e-18, 2.59769743441e-18, 2.6001806306e-18, 1.86161587707e-18, 3.32381353331e-18, 1.80110906283e-18, 3.55703627984e-18, 5.84406163337e-18, 9.0404273138e-18, 1.49604778941e-17, 1.28603846057e-17, 1.43001197588e-17, 1.38523569671e-17, 2.37602006128e-17, 1.16667241043e-17, 2.1928632485e-17, 1.88849403574e-17, 2.04638941436e-17, 1.8534468895e-17, 1.40596484286e-17, 1.03333089569e-17, 9.00354002156e-18, 5.59899614201e-18, 3.34284613202e-18, 1.31561339347e-18, 2.91389699463e-19, 3.07290585915e-20],
        "var": [0.133421704173, 1.95238947868, 3.93454003334, 14.2699861526, 51.7494773865, 194.005523682, 94.7021636963, 97.1529464722, 471.96572876, 4303.36523438, 13494.7265625, 27437.6835938, 12025.9736328, 8013.38427734, 4620.25585938, 6932.60058594, 9025.95703125, 8147.80273438, 6778.99609375, 4356.86425781, 4839.72558594, 4285.57910156, 657.933898926, 742.746887207, 284.585601807, 190.19631958, 104.414932251, 92.1705780029, 74.5457382202, 46.9096832275, 38.8606185913, 57.4975471497, 42.7882461548, 33.887462616, 6.89502286911, 0.285111695528, 0.0160498060286, 0.000486426521093, 1.89236766346e-06, 3.39061423382e-09]
    },
    "gfcc": {
        "mean": [28.2115097046, 79.8021392822, -122.304801941, 39.2364807129, -57.0458450317, 19.5673065186, -39.5169448853, 18.0346355438, -22.08294487, 2.4339556694, -18.1958808899, -0.0570863336325, -9.40057754517],
        "cov": [[6144.18066406, -944.85333252, -138.622283936, -58.2680854797, -191.157867432, 393.634063721, -208.560577393, 267.916290283, -131.236236572, 318.562774658, -127.227058411, 132.845993042, -107.665161133], [-944.85333252, 926.91595459, -158.540802002, -45.0643501282, 87.2397232056, -172.925643921, 134.478149414, -96.4284667969, 105.740081787, -109.035514832, 90.5521850586, -88.1132278442, 72.7910995483], [-138.622283936, -158.540802002, 634.095458984, 46.0226669312, 64.8900527954, 83.5304031372, -41.1856956482, 63.3216514587, -12.180727005, 63.6951599121, -17.0597648621, 71.6994171143, -33.1561470032], [-58.2680854797, -45.0643501282, 46.0226669312, 298.309356689, 44.3071174622, 7.1958117485, 24.1890411377, 31.9370689392, 35.5962104797, 3.92328906059, 18.6844863892, 28.6147766113, 27.4611587524], [-191.157867432, 87.2397232056, 64.8900527954, 44.3071174622, 172.789413452, 30.6155090332, 32.6849327087, 9.07988452911, 35.6297912598, 10.7343997955, 10.4838972092, 8.87132358551, 17.0727787018], [393.634063721, -172.925643921, 83.5304031372, 7.1958117485, 30.6155090332, 210.237716675, 27.8614177704, 65.1021347046, -11.8270254135, 64.8251724243, 3.64765167236, 21.598236084, -0.996630311012], [-208.560577393, 134.478149414, -41.1856956482, 24.1890411377, 32.6849327087, 27.8614177704, 153.694046021, 30.7295532227, 35.3061408997, -24.2427749634, 32.4376411438, 5.38189697266, 22.7803287506], [267.916290283, -96.4284667969, 63.3216514587, 31.9370689392, 9.07988452911, 65.1021347046, 30.7295532227, 117.428138733, 40.2565879822, 47.4193687439, -1.83440303802, 16.7567253113, 1.14602828026], [-131.236236572, 105.740081787, -12.180727005, 35.5962104797, 35.6297912598, -11.8270254135, 35.3061408997, 40.2565879822, 118.806938171, 43.9247894287, 24.5913677216, -24.3107624054, 17.0331058502], [318.562774658, -109.035514832, 63.6951599121, 3.92328906059, 10.7343997955, 64.8251724243, -24.2427749634, 47.4193687439, 43.9247894287, 124.225166321, 28.1478061676, 10.1428813934, -11.7242450714], [-127.227058411, 90.5521850586, -17.0597648621, 18.6844863892, 10.4838972092, 3.64765167236, 32.4376411438, -1.83440303802, 24.5913677216, 28.1478061676, 83.4663925171, 21.6703090668, 20.0439033508], [132.845993042, -88.1132278442, 71.6994171143, 28.6147766113, 8.87132358551, 21.598236084, 5.38189697266, 16.7567253113, -24.3107624054, 10.1428813934, 21.6703090668, 95.5226898193, 15.9850530624], [-107.665161133, 72.7910995483, -33.1561470032, 27.4611587524, 17.0727787018, -0.996630311012, 22.7803287506, 1.14602828026, 17.0331058502, -11.7242450714, 20.0439033508, 15.9850530624, 67.6323623657]],
        "icov": [[0.000317571364576, -0.000202006107429, 0.000375081930542, -8.91799791134e-05, 0.00026407931, -0.000394155533286, 0.000361402548151, -0.000640372745693, 0.000565010530408, -0.000994821893983, 0.00090644787997, -0.000741276191548, 0.00035151312477], [-0.000202006107429, 0.00318585475907, -0.000633709132671, 0.00100809917785, -0.00137708045077, 0.00175661151297, -0.00172891630791, 0.00175784016028, -0.00225371541455, 0.00305650033988, -0.00404305849224, 0.0032705059275, -0.00202168570831], [0.000375081930542, -0.000633709132671, 0.00261996919289, -0.000398834759835, -0.000378163415007, -0.00099157425575, 0.00129188830033, -0.00160743563902, 0.000933058501687, -0.00181590637658, 0.00205331481993, -0.00284014665522, 0.00191141071264], [-8.91799791134e-05, 0.00100809917785, -0.000398834759835, 0.0041714203544, -0.00105635973159, 0.000586192938499, -0.000276035891147, -0.000229342607781, -0.00186719151679, 0.00193659157958, -0.00182219618, 9.53250419116e-05, -0.00142060033977], [0.00026407931, -0.00137708045077, -0.000378163415007, -0.00105635973159, 0.00796381477267, -0.00236024707556, -0.000195929547772, 0.00101035030093, -0.00166169810109, -0.00139400851913, 0.00281072873622, -0.00232929480262, 4.41589218099e-05], [-0.000394155533286, 0.00175661151297, -0.00099157425575, 0.000586192938499, -0.00236024707556, 0.00981322396547, -0.00420240359381, -0.00189980538562, 0.00418581813574, -0.00369042321108, -0.00156083889306, 0.00364549900405, -0.00314707960933], [0.000361402548151, -0.00172891630791, 0.00129188830033, -0.000276035891147, -0.000195929547772, -0.00420240359381, 0.012443959713, -0.0046925987117, -0.00258799106814, 0.00530887767673, -0.00277884909883, -0.00284141674638, 0.0021243521478], [-0.000640372745693, 0.00175784016028, -0.00160743563902, -0.000229342607781, 0.00101035030093, -0.00189980538562, -0.0046925987117, 0.0175046976656, -0.00762684084475, -0.000447183847427, 0.00188460177742, -0.000815650215372, -0.00112778553739], [0.000565010530408, -0.00225371541455, 0.000933058501687, -0.00186719151679, -0.00166169810109, 0.00418581813574, -0.00258799106814, -0.00762684084475, 0.021401386708, -0.0122122596949, 0.00219914107583, 0.00446447124705, -0.00319113745354], [-0.000994821893983, 0.00305650033988, -0.00181590637658, 0.00193659157958, -0.00139400851913, -0.00369042321108, 0.00530887767673, -0.000447183847427, -0.0122122596949, 0.0248241648078, -0.0134735610336, 0.00258519430645, 0.00272810971364], [0.00090644787997, -0.00404305849224, 0.00205331481993, -0.00182219618, 0.00281072873622, -0.00156083889306, -0.00277884909883, 0.00188460177742, 0.00219914107583, -0.0134735610336, 0.0260070078075, -0.00988546106964, -0.000548198353499], [-0.000741276191548, 0.0032705059275, -0.00284014665522, 9.53250419116e-05, -0.00232929480262, 0.00364549900405, -0.00284141674638, -0.000815650215372, 0.00446447124705, 0.00258519430645, -0.00988546106964, 0.0206136126071, -0.00713706109673], [0.00035151312477, -0.00202168570831, 0.00191141071264, -0.00142060033977, 4.41589218099e-05, -0.00314707960933, 0.0021243521478, -0.00112778553739, -0.00319113745354, 0.00272810971364, -0.000548198353499, -0.00713706109673, 0.0214071441442]]
    },
    "melbands": {
        "dmean": [0.00124476011842, 0.000615528319031, 0.000367789383745, 0.000369852758013, 0.000191158193047, 9.0079200163e-05, 0.000113491492812, 0.000151130574523, 0.000199036803679, 0.000158966111485, 9.45295250858e-05, 7.22060649423e-05, 5.04459421791e-05, 4.43719727627e-05, 5.10138743266e-05, 4.22950542998e-05, 4.33049062849e-05, 3.32968920702e-05, 2.36558535107e-05, 2.0080115064e-05, 2.8390883017e-05, 2.907632188e-05, 1.52503926074e-05, 1.12252255349e-05, 9.23954394239e-06, 6.69148721499e-06, 5.68562654735e-06, 4.08551750297e-06, 3.05248909171e-06, 3.35887762049e-06, 2.2853248538e-06, 1.87464820556e-06, 1.78594530098e-06, 1.38654229431e-06, 1.15318755434e-06, 1.02388787582e-06, 1.03472029878e-06, 9.03064346858e-07, 8.25314032227e-07, 7.9641836237e-07],
        "dmean2": [0.00201927335002, 0.00101479177829, 0.000630044261925, 0.000635445932858, 0.000320402323268, 0.000151350759552, 0.000180186019861, 0.000234439765336, 0.000304091838188, 0.00024562139879, 0.00014591042418, 0.000111732100777, 7.86118835094e-05, 6.90535307513e-05, 8.08865515864e-05, 6.65624756948e-05, 6.74847906339e-05, 5.1228718803e-05, 3.67528809875e-05, 3.14614117087e-05, 4.55847402918e-05, 4.68281687063e-05, 2.52459376497e-05, 1.87122914213e-05, 1.53110941028e-05, 1.11487279355e-05, 9.4587167041e-06, 6.89508897267e-06, 5.16825275554e-06, 5.5982518461e-06, 3.84633176509e-06, 3.09930601361e-06, 2.96726921079e-06, 2.27574764722e-06, 1.87927912521e-06, 1.65629455751e-06, 1.65014705544e-06, 1.41923828778e-06, 1.24493897147e-06, 1.23130507745e-06],
        "dvar": [5.87591739531e-06, 9.51216748035e-07, 3.61344717703e-07, 3.60397194754e-07, 1.18733211707e-07, 3.46412249996e-08, 5.03013133368e-08, 1.48706149616e-07, 2.37755457988e-07, 1.60628246704e-07, 8.76141186268e-08, 3.34960965631e-08, 2.15124735803e-08, 2.25950760324e-08, 1.97866949492e-08, 1.09886943989e-08, 1.3279096045e-08, 7.77326114587e-09, 4.69876937359e-09, 2.64803290406e-09, 2.77122413905e-09, 3.11631254135e-09, 5.5728893722e-10, 3.03242292388e-10, 2.31200031342e-10, 1.0239405851e-10, 7.91944912426e-11, 4.2444638082e-11, 2.60455025602e-11, 2.49381435641e-11, 1.39936283047e-11, 9.44608540693e-12, 9.02331508124e-12, 5.47488833783e-12, 6.51841601529e-12, 8.68023448258e-12, 1.39211029856e-11, 1.00984576604e-11, 1.1468684509e-11, 1.08835405965e-11],
        "dvar2": [1.40118900163e-05, 2.36717960433e-06, 9.84151711236e-07, 1.01103262296e-06, 3.24773253624e-07, 9.3467370732e-08, 1.11336937891e-07, 3.37247200832e-07, 5.53088455035e-07, 3.62960861366e-07, 1.97540487079e-07, 7.44358814586e-08, 4.72615759861e-08, 4.93666121315e-08, 4.64605705019e-08, 2.47174796186e-08, 3.11454222413e-08, 1.72099969831e-08, 1.05374695636e-08, 5.19262766119e-09, 6.15017059502e-09, 7.28541449391e-09, 1.3973262547e-09, 7.79520836769e-10, 5.76769854099e-10, 2.67180721991e-10, 1.99547919855e-10, 1.15222283104e-10, 7.08429495622e-11, 6.54237566899e-11, 3.7791780122e-11, 2.46014302679e-11, 2.32316145488e-11, 1.3874138817e-11, 1.34344904992e-11, 1.69460192406e-11, 2.75586897053e-11, 2.09699983073e-11, 2.12008778588e-11, 2.22309774756e-11],
        "max": [0.0345223620534, 0.0157194472849, 0.0112358340994, 0.00949267204851, 0.00635776575655, 0.0052676582709, 0.00698421522975, 0.0164326559752, 0.0112439049408, 0.0111907320097, 0.0100683560595, 0.00533433631063, 0.00613780785352, 0.00786016043276, 0.0076346709393, 0.00673267617822, 0.00470085768029, 0.00321146426722, 0.00340362917632, 0.00282533071004, 0.002246015938, 0.00180703157093, 0.000526864721905, 0.000441202020738, 0.000407968327636, 0.000293706223601, 0.00028254033532, 0.000108688684122, 8.83169050212e-05, 0.00012050998339, 6.71174420859e-05, 6.7524772021e-05, 8.11817226349e-05, 9.37236691243e-05, 0.000193696163478, 0.000200044509256, 0.000195501357666, 0.000177873487701, 0.000194453139557, 0.000195125714527],
        "mean": [0.00186663679779, 0.00101727503352, 0.000586593640037, 0.00066751887789, 0.000330567010678, 0.000155479545356, 0.000216788394027, 0.00032795741572, 0.000412505673012, 0.000368024164345, 0.000182894655154, 0.000152472348418, 0.00010154760821, 7.317806012e-05, 9.21439568629e-05, 8.11312347651e-05, 8.88600188773e-05, 6.62276579533e-05, 4.57681708212e-05, 3.93238078686e-05, 5.67420174775e-05, 5.74047371629e-05, 3.02250209643e-05, 2.27709369938e-05, 1.98209290829e-05, 1.40169422593e-05, 1.18690768431e-05, 8.46704915602e-06, 6.32860110272e-06, 7.23439097783e-06, 5.12633232574e-06, 4.39786344941e-06, 4.07696643379e-06, 3.09468623527e-06, 2.50051516559e-06, 2.29100965043e-06, 2.17979277295e-06, 1.97347480935e-06, 1.76150331299e-06, 1.66840266047e-06],
        "median": [0.000935156596825, 0.000691166962497, 0.000385587511119, 0.000430118117947, 0.000222478731303, 9.19795784284e-05, 0.000106616273115, 8.88739959919e-05, 9.82442725217e-05, 9.61708574323e-05, 5.82718712394e-05, 4.53248794656e-05, 3.21533589158e-05, 2.48939250014e-05, 3.39344624081e-05, 3.25896326103e-05, 2.79515734292e-05, 2.05907999771e-05, 1.80259085028e-05, 2.03551935556e-05, 3.09371280309e-05, 3.51678354491e-05, 2.24058894673e-05, 1.71047540789e-05, 1.39895219036e-05, 1.06347042674e-05, 8.93605101737e-06, 6.16670149611e-06, 4.71840030514e-06, 5.56751820113e-06, 3.80161873181e-06, 2.79733876596e-06, 2.40452254729e-06, 1.85542319286e-06, 1.5428373672e-06, 1.47548200857e-06, 1.31561910166e-06, 1.17926492749e-06, 9.65982053458e-07, 9.12350060389e-07],
        "min": [1.16746870134e-23, 3.52875784478e-24, 1.71425470047e-24, 3.84745410062e-24, 6.93064634562e-24, 5.18414103919e-24, 5.96358965052e-24, 9.64248350279e-24, 5.52549101364e-24, 1.40247596592e-24, 5.48251111051e-24, 4.18582060313e-24, 9.70829422381e-24, 5.62443783698e-24, 6.82291003408e-24, 3.54834999423e-24, 6.27553167929e-24, 2.03856330722e-24, 2.97767894349e-24, 6.71116946457e-24, 7.29332830224e-24, 8.24543371661e-24, 1.20191596937e-23, 1.58298666812e-23, 9.78174427383e-24, 1.02933655359e-23, 8.01442684457e-24, 7.79583269887e-24, 1.41116077228e-23, 8.80678477018e-24, 6.46122559207e-24, 1.16558529593e-23, 1.31675510563e-23, 8.74411844873e-24, 9.23566793397e-24, 1.29017183418e-23, 1.03690985494e-23, 9.83917177001e-24, 9.15759673676e-24, 8.42364528371e-24],
        "var": [7.02363558958e-06, 1.24752455122e-06, 4.43601749112e-07, 5.49782384951e-07, 1.44713737882e-07, 4.87753517575e-08, 1.2864278176e-07, 5.5023144796e-07, 9.610653251e-07, 9.11263896342e-07, 2.95535471651e-07, 1.44818670833e-07, 7.47514121713e-08, 4.55089690377e-08, 6.54540031064e-08, 2.97940534466e-08, 3.39708279284e-08, 2.23049418935e-08, 1.06759996399e-08, 7.63174679008e-09, 9.81469661099e-09, 8.88192097648e-09, 1.12317743994e-09, 5.99880090046e-10, 5.78226022618e-10, 2.05045355695e-10, 1.59355875717e-10, 7.56690682335e-11, 4.21243318005e-11, 5.4789131565e-11, 2.59914815365e-11, 2.45012048844e-11, 2.43992135524e-11, 1.33728193449e-11, 1.31402111414e-11, 1.63382397889e-11, 2.55041959774e-11, 2.01734115524e-11, 2.61741184282e-11, 2.6479592824e-11]
    },
    "mfcc": {
        "mean": [-608.877563477, 104.848587036, -3.09338259697, 21.9733104706, 8.32065296173, 2.00820994377, 0.521297812462, 7.04750967026, 5.05068874359, 1.66850960255, 2.37625670433, 2.32330656052, -3.43692088127],
        "cov": [[4370.5, -744.765014648, -65.5730285645, -258.720306396, 5.27582359314, 70.8071746826, 38.9838562012, -19.1380233765, 38.7556190491, 107.376091003, 99.7471694946, 44.7599143982, 9.68651676178], [-744.765014648, 845.12286377, -99.3200302124, 27.8032360077, -25.8595504761, -31.1933670044, -8.50352287292, -3.10890698433, 0.318591296673, -14.4197921753, -5.4416308403, 14.4264535904, -6.03031730652], [-65.5730285645, -99.3200302124, 432.591186523, 28.9151058197, 83.8919448853, 24.7537155151, 17.8474597931, 17.5495738983, -1.21228909492, 22.9223461151, -3.12185955048, 13.0325250626, 36.5993270874], [-258.720306396, 27.8032360077, 28.9151058197, 266.032348633, 35.1600532532, -4.44665193558, -20.4017105103, 39.2523574829, 16.5577201843, -18.3189792633, 4.10526514053, 3.58038115501, 14.4535446167], [5.27582359314, -25.8595504761, 83.8919448853, 35.1600532532, 158.59727478, 42.3284225464, 0.666365802288, -10.2767496109, 21.8733654022, 36.451751709, -2.86575913429, 4.27069425583, 19.9741401672], [70.8071746826, -31.1933670044, 24.7537155151, -4.44665193558, 42.3284225464, 105.200683594, 46.7217178345, 14.8221940994, 9.38511657715, 17.767370224, 10.3502111435, 6.32233524323, 10.1267986298], [38.9838562012, -8.50352287292, 17.8474597931, -20.4017105103, 0.666365802288, 46.7217178345, 103.369194031, 50.5475769043, 5.96537494659, -1.87740516663, 9.5197057724, 9.50849246979, 0.345558166504], [-19.1380233765, -3.10890698433, 17.5495738983, 39.2523574829, -10.2767496109, 14.8221940994, 50.5475769043, 106.61391449, 32.4691619873, -16.5887050629, 5.44566869736, 3.86409425735, -4.14505958557], [38.7556190491, 0.318591296673, -1.21228909492, 16.5577201843, 21.8733654022, 9.38511657715, 5.96537494659, 32.4691619873, 84.3133773804, 47.2860374451, 17.1296615601, 5.7518119812, 3.07475399971], [107.376091003, -14.4197921753, 22.9223461151, -18.3189792633, 36.451751709, 17.767370224, -1.87740516663, -16.5887050629, 47.2860374451, 108.444747925, 41.5282897949, 14.5725440979, 11.6486263275], [99.7471694946, -5.4416308403, -3.12185955048, 4.10526514053, -2.86575913429, 10.3502111435, 9.5197057724, 5.44566869736, 17.1296615601, 41.5282897949, 83.3094940186, 40.7091941833, 4.71125173569], [44.7599143982, 14.4264535904, 13.0325250626, 3.58038115501, 4.27069425583, 6.32233524323, 9.50849246979, 3.86409425735, 5.7518119812, 14.5725440979, 40.7091941833, 75.2265548706, 31.0701808929], [9.68651676178, -6.03031730652, 36.5993270874, 14.4535446167, 19.9741401672, 10.1267986298, 0.345558166504, -4.14505958557, 3.07475399971, 11.6486263275, 4.71125173569, 31.0701808929, 70.7573776245]],
