{
"lowlevel": {
    "average_loudness": 0.929542183876,
    "barkbands_crest": {
        "dmean": 1.95577776432,
        "dmean2": 3.27946662903,
        "dvar": 4.63878917694,
        "dvar2": 12.686545372,
        "max": 26.6112670898,
        "mean": 9.77222633362,
        "median": 8.38652896881,
        "min": 2.99354982376,
        "var": 20.7753887177
    },
    "barkbands_flatness_db": {
        "dmean": 0.0194704942405,
        "dmean2": 0.0297638401389,
        "dvar": 0.000469756749226,
        "dvar2": 0.00106550275814,
        "max": 0.530279397964,
        "mean": 0.205371946096,
        "median": 0.176363870502,
        "min": 0.0262867696583,
        "var": 0.00976849719882
    },
    "barkbands_kurtosis": {
        "dmean": 3.32067036629,
        "dmean2": 5.57097148895,
        "dvar": 87.0696334839,
        "dvar2": 245.859802246,
        "max": 421.466033936,
        "mean": 8.20032119751,
        "median": 3.16447901726,
        "min": -1.81462538242,
        "var": 468.969085693
    },
    "barkbands_skewness": {
        "dmean": 0.424316048622,
        "dmean2": 0.695223808289,
        "dvar": 0.281730920076,
        "dvar2": 0.768820345402,
        "max": 16.6003875732,
        "mean": 1.69359505177,
        "median": 1.55298268795,
        "min": -3.2109978199,
        "var": 1.2104691267
    },
    "barkbands_spread": {
        "dmean": 2.46060872078,
        "dmean2": 3.92245912552,
        "dvar": 13.7207775116,
        "dvar2": 32.3709564209,
        "max": 113.421798706,
        "mean": 11.7597475052,
        "median": 11.6357345581,
        "min": 0.151288330555,
        "var": 52.918384552
    },
    "dissonance": {
        "dmean": 0.0198423657566,
        "dmean2": 0.0337768830359,
        "dvar": 0.000462469091872,
        "dvar2": 0.00129585736431,
        "max": 0.500000119209,
        "mean": 0.449635386467,
        "median": 0.46052312851,
        "min": 0.177761495113,
        "var": 0.00146113871597
    },
    "dynamic_complexity": 1.96770191193,
    "erbbands_crest": {
        "dmean": 2.2290892601,
        "dmean2": 3.636459589,
        "dvar": 5.02155733109,
        "dvar2": 13.1444911957,
        "max": 28.9387569427,
        "mean": 9.46423625946,
        "median": 8.19686794281,
        "min": 2.73087000847,
        "var": 20.1444072723
    },
    "erbbands_flatness_db": {
        "dmean": 0.0177430957556,
        "dmean2": 0.0257078781724,
        "dvar": 0.000463678035885,
        "dvar2": 0.000944622093812,
        "max": 0.482556700706,
        "mean": 0.218902274966,
        "median": 0.199882000685,
        "min": 0.0316768996418,
        "var": 0.00662047741935
    },
    "erbbands_kurtosis": {
        "dmean": 1.31194245815,
        "dmean2": 2.15837693214,
        "dvar": 11.610953331,
        "dvar2": 31.3360023499,
        "max": 252.600708008,
        "mean": 3.51131534576,
        "median": -0.0488102436066,
        "min": -1.55867600441,
        "var": 187.809783936
    },
    "erbbands_skewness": {
        "dmean": 0.287107169628,
        "dmean2": 0.466070502996,
        "dvar": 0.104812167585,
        "dvar2": 0.28651496768,
        "max": 11.8742847443,
        "mean": 0.973894894123,
        "median": 0.608026027679,
        "min": -1.39151322842,
        "var": 1.5995208025
    },
    "erbbands_spread": {
        "dmean": 4.40465116501,
        "dmean2": 6.92891454697,
        "dvar": 29.883846283,
        "dvar2": 68.3023223877,
        "max": 110.489555359,
        "mean": 26.8896827698,
        "median": 27.524105072,
        "min": 0.518530189991,
        "var": 163.767745972
    },
    "hfc": {
        "dmean": 3.48470544815,
        "dmean2": 5.58503389359,
        "dvar": 27.9006023407,
        "dvar2": 67.4381484985,
        "max": 126.503234863,
        "mean": 18.826997757,
        "median": 18.3191490173,
        "min": 1.10798275483e-16,
        "var": 91.9830932617
    },
    "melbands_crest": {
        "dmean": 2.43640398979,
        "dmean2": 4.09577226639,
        "dvar": 6.80433607101,
        "dvar2": 19.0633106232,
        "max": 31.653049469,
        "mean": 12.6009693146,
        "median": 11.7967948914,
        "min": 1.5627758503,
        "var": 17.7064819336
    },
    "melbands_flatness_db": {
        "dmean": 0.0216833502054,
        "dmean2": 0.0334332697093,
        "dvar": 0.000625627115369,
        "dvar2": 0.00144944747444,
        "max": 0.652976810932,
        "mean": 0.286377161741,
        "median": 0.25384324789,
        "min": 0.00379170128144,
        "var": 0.0133256930858
    },
    "melbands_kurtosis": {
        "dmean": 3.90022373199,
        "dmean2": 6.50036668777,
        "dvar": 39.6232948303,
        "dvar2": 113.457275391,
        "max": 352.940856934,
        "mean": 10.5227241516,
        "median": 7.39310932159,
        "min": -1.49081218243,
        "var": 202.895462036
    },
    "melbands_skewness": {
        "dmean": 0.480953961611,
        "dmean2": 0.7858928442,
        "dvar": 0.274732589722,
        "dvar2": 0.7272310853,
        "max": 13.4532423019,
        "mean": 2.17395567894,
        "median": 2.10767817497,
        "min": -1.96771025658,
        "var": 0.977955937386
    },
    "melbands_spread": {
        "dmean": 2.74825191498,
        "dmean2": 4.40249109268,
        "dvar": 12.9100084305,
        "dvar2": 31.447429657,
        "max": 162.667358398,
        "mean": 12.8924427032,
        "median": 12.0617008209,
        "min": 0.364333003759,
        "var": 115.135429382
    },
    "pitch_salience": {
        "dmean": 0.0603804476559,
        "dmean2": 0.0993399098516,
        "dvar": 0.003198700957,
        "dvar2": 0.00880614854395,
        "max": 0.881386220455,
        "mean": 0.619270384312,
        "median": 0.634181976318,
        "min": 0.115863449872,
        "var": 0.0118388524279
    },
    "silence_rate_20dB": {
        "dmean": 0,
        "dmean2": 0,
        "dvar": 0,
        "dvar2": 0,
        "max": 1,
        "mean": 1,
        "median": 1,
        "min": 1,
        "var": 0
    },
    "silence_rate_30dB": {
        "dmean": 0,
        "dmean2": 0,
        "dvar": 0,
        "dvar2": 0,
        "max": 1,
        "mean": 1,
        "median": 1,
        "min": 1,
        "var": 0
    },
    "silence_rate_60dB": {
        "dmean": 0.00319085293449,
        "dmean2": 0.00638213008642,
        "dvar": 0.00318190199323,
        "dvar2": 0.00753552280366,
        "max": 1,
        "mean": 0.0400159545243,
        "median": 0,
        "min": 0,
        "var": 0.038401003927
    },
    "spectral_centroid": {
        "dmean": 108.001235962,
        "dmean2": 171.41343689,
        "dvar": 24683.6308594,
        "dvar2": 49832.4570312,
        "max": 11686.5703125,
        "mean": 772.019287109,
        "median": 726.539550781,
        "min": 191.57208252,
        "var": 558828
    },
    "spectral_complexity": {
        "dmean": 2.5235657692,
        "dmean2": 4.0893497467,
        "dvar": 5.91197633743,
        "dvar2": 14.4857025146,
        "max": 43,
        "mean": 20.2079238892,
        "median": 22,
        "min": 0,
        "var": 74.3623428345
    },
    "spectral_decrease": {
        "dmean": 2.25054086478e-09,
        "dmean2": 3.75153597076e-09,
        "dvar": 9.60748857502e-18,
        "dvar2": 2.65702406871e-17,
        "max": 2.36051025855e-28,
        "mean": -1.05923936289e-08,
        "median": -1.10017541743e-08,
        "min": -3.67214347818e-08,
        "var": 2.48402073252e-17
    },
    "spectral_energy": {
        "dmean": 0.0086959740147,
        "dmean2": 0.0144934160635,
        "dvar": 0.000141268566949,
        "dvar2": 0.000390613859054,
        "max": 0.140579417348,
        "mean": 0.0416859053075,
        "median": 0.0433609560132,
        "min": 1.0234620093e-20,
        "var": 0.000372725742636
    },
    "spectral_energyband_high": {
        "dmean": 0.00010348840442,
        "dmean2": 0.000152611202793,
        "dvar": 1.70335212601e-07,
        "dvar2": 3.92451681819e-07,
        "max": 0.00999627169222,
        "mean": 0.000220592293772,
        "median": 6.97040813975e-05,
        "min": 7.04691723602e-21,
        "var": 2.27298613709e-07
    },
    "spectral_energyband_low": {
        "dmean": 0.00433120178059,
        "dmean2": 0.00722147617489,
        "dvar": 8.33344456623e-05,
        "dvar2": 0.000229273588047,
        "max": 0.126245304942,
        "mean": 0.011088790372,
        "median": 0.00950569659472,
        "min": 1.54123904461e-23,
        "var": 0.000123327728943
    },
    "spectral_energyband_middle_high": {
        "dmean": 0.00121225637849,
        "dmean2": 0.00195431569591,
        "dvar": 2.35183324548e-06,
        "dvar2": 5.98782025918e-06,
        "max": 0.0368709340692,
        "mean": 0.00474986294284,
        "median": 0.00454919878393,
        "min": 1.13586660531e-21,
        "var": 1.11320041469e-05
    },
    "spectral_energyband_middle_low": {
        "dmean": 0.00698783202097,
        "dmean2": 0.0117682404816,
        "dvar": 9.19303129194e-05,
        "dvar2": 0.000259888824075,
        "max": 0.106519564986,
        "mean": 0.0277063827962,
        "median": 0.025971474126,
        "min": 1.79421389426e-22,
        "var": 0.00022037018789
    },
    "spectral_entropy": {
        "dmean": 0.142711013556,
        "dmean2": 0.21830484271,
        "dvar": 0.0275414418429,
        "dvar2": 0.0640241280198,
        "max": 9.82230091095,
        "mean": 6.96823310852,
        "median": 7.18140888214,
        "min": 3.55691194534,
        "var": 0.65676176548
    },
    "spectral_flux": {
        "dmean": 0.023424718529,
        "dmean2": 0.0359302461147,
        "dvar": 0.000700961274561,
        "dvar2": 0.00147804629523,
        "max": 0.343065738678,
        "mean": 0.0835593268275,
        "median": 0.0805367529392,
        "min": 6.28936694391e-11,
        "var": 0.00227358029224
    },
    "spectral_kurtosis": {
        "dmean": 6.22255420685,
        "dmean2": 10.4299049377,
        "dvar": 104.691375732,
        "dvar2": 288.177368164,
        "max": 254.046417236,
        "mean": 14.8983125687,
        "median": 7.59924793243,
        "min": -1.24197924137,
        "var": 371.253967285
    },
    "spectral_rms": {
        "dmean": 0.000635472184513,
        "dmean2": 0.00104825478047,
        "dvar": 5.83360474593e-07,
        "dvar2": 1.58889656632e-06,
        "max": 0.011711133644,
        "mean": 0.00612080004066,
        "median": 0.0065041044727,
        "min": 3.15990419594e-12,
        "var": 3.2048437788e-06
    },
    "spectral_rolloff": {
        "dmean": 182.339096069,
        "dmean2": 309.308074951,
        "dvar": 241998.0625,
        "dvar2": 603846.5625,
        "max": 19659.8144531,
        "mean": 822.474304199,
        "median": 689.0625,
        "min": 150.732421875,
        "var": 1900103.625
    },
    "spectral_skewness": {
        "dmean": 0.440134257078,
        "dmean2": 0.73286896944,
        "dvar": 0.326135575771,
        "dvar2": 0.918340504169,
        "max": 13.3716831207,
        "mean": 2.41970229149,
        "median": 1.97239589691,
        "min": -0.100074835122,
        "var": 1.63698983192
    },
    "spectral_spread": {
        "dmean": 425234.09375,
        "dmean2": 603583.125,
        "dvar": 588157288448,
        "dvar2": 1.03916280218e+12,
        "max": 42248884,
        "mean": 3109904,
        "median": 2625524.5,
        "min": 403734.59375,
        "var": 8.69888792986e+12
    },
    "spectral_strongpeak": {
        "dmean": 0.42374676466,
        "dmean2": 0.734109342098,
        "dvar": 0.350980609655,
        "dvar2": 0.891352832317,
        "max": 7.78381967545,
        "mean": 0.942644238472,
        "median": 0.766485273838,
        "min": 0,
        "var": 0.544120788574
    },
    "zerocrossingrate": {
        "dmean": 0.0047828713432,
        "dmean2": 0.00602924451232,
        "dvar": 5.88947732467e-05,
        "dvar2": 7.92874634499e-05,
        "max": 0.53125,
        "mean": 0.0357507616282,
        "median": 0.03076171875,
        "min": 0.00390625,
        "var": 0.0014522500569
    },
    "barkbands": {
        "dmean": [9.9672601209e-05, 0.00247316295281, 0.00186017586384, 0.00186384667177, 0.00485741114244, 0.00186018878594, 0.00122310058214, 0.00115463812836, 0.00126411940437, 0.000839056854602, 0.000295906560495, 0.000411042536143, 0.000215781183215, 0.00018774435739, 0.000164085096912, 0.000199301328394, 0.000193369487533, 6.97940413374e-05, 6.21701474302e-05, 3.79259472538e-05, 1.9355715267e-05, 1.83441698027e-05, 1.3804309674e-05, 1.63375407283e-05, 2.75413749478e-05, 1.71734955074e-05, 5.28094062702e-07],
        "dmean2": [0.000164646757185, 0.00413708854467, 0.00312684755772, 0.00311894295737, 0.00831240974367, 0.00297048687935, 0.001953240484, 0.00185372587293, 0.00203162105754, 0.00136428349651, 0.00048881478142, 0.000670840090606, 0.000355963711627, 0.000309838040266, 0.000265349633992, 0.000321346800774, 0.000313660944812, 0.000116177106975, 0.000101106976217, 6.07426845818e-05, 3.14030330628e-05, 2.85199421342e-05, 2.06353688554e-05, 2.37932035816e-05, 4.29725114373e-05, 2.70318560069e-05, 8.57949487454e-07],
        "dvar": [8.37562552647e-08, 2.4643026336e-05, 1.76540033863e-05, 9.23032075661e-06, 8.12567086541e-05, 6.2288877416e-06, 3.6839819586e-06, 3.86523424822e-06, 4.44104716735e-06, 1.7699522914e-06, 2.50770284538e-07, 4.61993835188e-07, 1.67643747773e-07, 1.05243046278e-07, 1.11946832249e-07, 9.85122099451e-08, 1.32050246293e-07, 1.35781750288e-08, 1.14361347059e-08, 4.90617724225e-09, 2.20580509414e-09, 1.85663018293e-09, 1.11167164363e-09, 3.51974671631e-09, 3.33380256734e-08, 1.45175489408e-08, 8.6158927215e-12],
        "dvar2": [1.95820078375e-07, 6.86264538672e-05, 4.91343780595e-05, 2.52899699262e-05, 0.000230640711379, 1.58471229952e-05, 8.6871896201e-06, 9.68713902694e-06, 1.04338068923e-05, 4.59765669802e-06, 6.38600852199e-07, 1.2159889593e-06, 4.65210206357e-07, 2.79303577599e-07, 2.63993598537e-07, 2.29313954492e-07, 3.35065692525e-07, 3.63528016578e-08, 2.87805193011e-08, 1.13508074051e-08, 5.67161073661e-09, 4.03784961023e-09, 2.51248222227e-09, 6.79529232883e-09, 8.09792766177e-08, 3.41519097447e-08, 2.08311423666e-11],
        "max": [0.00577998254448, 0.0729047060013, 0.0650481954217, 0.0446384102106, 0.0998968854547, 0.0362726971507, 0.0316789522767, 0.0382315516472, 0.0387030653656, 0.0365799665451, 0.0158745311201, 0.0122954044491, 0.0135459648445, 0.00821534264833, 0.0125347878784, 0.0118853077292, 0.00891461130232, 0.00269536627457, 0.00291016884148, 0.00207129912451, 0.00110520678572, 0.0018849731423, 0.000852486642543, 0.00360480044037, 0.0052423030138, 0.00332324462943, 8.43854577397e-05],
        "mean": [0.000129361927975, 0.00542584154755, 0.00385328917764, 0.00492049846798, 0.010577429086, 0.00466735521331, 0.00225939322263, 0.00208464777097, 0.00239687925205, 0.00151034968439, 0.000520014145877, 0.000780909147579, 0.000418029201683, 0.00035507188295, 0.000318469508784, 0.00045017481898, 0.000418447016273, 0.000163040560437, 0.000152963853907, 9.33392147999e-05, 3.6925481254e-05, 3.84174600185e-05, 2.81386910501e-05, 3.44033469446e-05, 3.38483259839e-05, 1.82050553121e-05, 4.9015619652e-07],
        "median": [5.68501818634e-05, 0.0037145181559, 0.00246398150921, 0.00244565797038, 0.00691226776689, 0.00337390275672, 0.00117749092169, 0.001004292164, 0.00134364224505, 0.000957428768743, 0.000328077905579, 0.000581101630814, 0.000259020278463, 0.000193032901734, 0.000211250677239, 0.000341213832144, 0.000306671310682, 0.000121427830891, 0.000111207089503, 5.8119338064e-05, 1.39313970067e-05, 8.21495905257e-06, 3.82527878173e-06, 3.8314392441e-06, 2.68503572443e-06, 9.18473801903e-07, 8.48962145028e-09],
        "min": [1.30086456765e-24, 1.46478700414e-24, 2.44707650471e-24, 5.57817499059e-25, 8.14007897613e-24, 9.76924635051e-24, 7.15919986025e-24, 6.50577217296e-24, 3.02327218502e-23, 2.49689212424e-23, 1.2836598663e-23, 2.9973041462e-23, 2.07067373259e-23, 2.63396001974e-23, 5.25837640025e-23, 4.53423711468e-23, 6.47180918663e-23, 7.89593094359e-23, 1.36528421924e-22, 1.64287137136e-22, 2.62755961256e-22, 3.25851479837e-22, 4.31723353345e-22, 5.99390500713e-22, 9.29669623308e-22, 1.3506787057e-21, 1.90307177669e-21],
        "var": [8.922269501e-08, 4.02212681365e-05, 2.30115947488e-05, 3.8371726987e-05, 0.000148399034515, 2.09450536204e-05, 9.77426134341e-06, 9.02222654986e-06, 1.0157478755e-05, 3.47921059074e-06, 4.65655602966e-07, 7.96758286015e-07, 4.08952132602e-07, 2.44774753355e-07, 2.22830024654e-07, 2.51351309544e-07, 2.54261635746e-07, 2.93413702224e-08, 3.12967891603e-08, 1.68359122199e-08, 3.49386297671e-09, 5.35568212001e-09, 2.83426704328e-09, 8.16005130133e-09, 3.08192547038e-08, 1.33855202478e-08, 7.86384499185e-12]
    },
    "erbbands": {
        "dmean": [0.051363710314, 0.642169594765, 2.041431427, 3.97479248047, 9.99435997009, 21.2161808014, 14.3528194427, 18.6906967163, 16.6149406433, 20.004152298, 21.4026165009, 30.6445903778, 29.9423770905, 15.4804420471, 13.2046279907, 14.662856102, 9.60804462433, 9.24205493927, 7.72438812256, 6.98685312271, 11.3620071411, 8.73685359955, 3.99551296234, 3.03526234627, 2.8876850605, 1.70346224308, 0.846861839294, 0.742165505886, 0.721826612949, 0.483464747667, 0.405945628881, 0.356676399708, 0.276464730501, 0.253859043121, 0.231047898531, 0.105079948902, 0.024900984019, 0.00295095820911, 6.84635015205e-05, 1.14267440949e-05],
        "dmean2": [0.0856479853392, 1.08095240593, 3.39451766014, 6.78627061844, 16.8863372803, 36.5687828064, 24.0168952942, 29.1744365692, 26.8593063354, 32.0687446594, 34.8389816284, 48.9846801758, 48.5129508972, 25.5359268188, 21.7355613708, 23.8351249695, 15.8899250031, 15.3042068481, 12.5975027084, 11.1943664551, 18.2775630951, 14.23914814, 6.61606502533, 4.95427036285, 4.63862609863, 2.73108816147, 1.38301670551, 1.20052719116, 1.13244247437, 0.74104642868, 0.608504772186, 0.527718901634, 0.412050276995, 0.389570593834, 0.366865843534, 0.167345702648, 0.0388852469623, 0.00463196216151, 0.000107222826045, 1.86651523109e-05],
        "dvar": [0.0155902514234, 1.58870649338, 18.42902565, 65.4245529175, 270.691192627, 1954.4251709, 363.122528076, 682.293334961, 737.885925293, 1091.43273926, 1249.84814453, 2846.33007812, 2525.85839844, 638.502624512, 497.396972656, 505.775054932, 323.219970703, 262.815979004, 199.711120605, 238.482299805, 285.85446167, 245.229751587, 60.5796394348, 23.8343582153, 27.5517730713, 9.06017303467, 3.7598426342, 3.02188777924, 2.99417233467, 1.29250383377, 1.02488923073, 1.40775895119, 1.17114388943, 1.89895343781, 2.9948220253, 0.596565902233, 0.0271691530943, 0.000309190538246, 1.57343890805e-07, 4.53277831935e-10],
        "dvar2": [0.0410889461637, 4.48859786987, 51.3308677673, 180.773117065, 752.519592285, 5629.32958984, 1015.18884277, 1621.6685791, 1796.76599121, 2676.06542969, 3231.16674805, 6569.62890625, 6456.90087891, 1715.9407959, 1284.22058105, 1314.57043457, 890.374816895, 704.961120605, 501.889953613, 538.85949707, 702.679626465, 637.382751465, 157.130569458, 60.5401611328, 67.0571746826, 21.3866577148, 9.64558029175, 7.5471200943, 6.71160173416, 2.82085132599, 2.32682776451, 2.71282935143, 2.40869879723, 4.43795537949, 7.35366916656, 1.43503248692, 0.0624867938459, 0.000709773448762, 3.60780887831e-07, 1.11741738085e-09],
        "max": [2.31015872955, 16.4017868042, 66.6134338379, 115.685516357, 217.789779663, 536.453613281, 289.535125732, 415.330352783, 573.294677734, 627.2109375, 630.017089844, 917.033935547, 1331.53808594, 639.792236328, 632.563720703, 458.720184326, 604.438720703, 465.007598877, 722.228088379, 762.74822998, 474.101104736, 455.191009521, 217.775054932, 99.8591918945, 160.280715942, 74.190246582, 56.7903251648, 37.7850570679, 80.1789627075, 55.8919410706, 31.2701377869, 68.4366989136, 58.2116470337, 35.9278907776, 53.4350662231, 20.2354164124, 4.54434919357, 0.555700004101, 0.0116225508973, 0.000526021642145],
        "mean": [0.0905299261212, 1.42874419689, 4.65668725967, 9.79862499237, 23.155008316, 39.1481819153, 36.9167022705, 48.5869560242, 33.9580497742, 39.4603538513, 41.2301254272, 58.4898033142, 56.171913147, 30.0935955048, 25.5832195282, 30.3706703186, 21.0069198608, 19.081817627, 16.8255748749, 16.8542060852, 28.6086883545, 21.4174308777, 9.86868190765, 7.95337915421, 7.45120429993, 4.37840127945, 1.74991774559, 1.4575715065, 1.45729315281, 0.98348325491, 0.813321590424, 0.741349518299, 0.542153000832, 0.371565878391, 0.249322548509, 0.108160048723, 0.027203226462, 0.00319660711102, 9.22614053707e-05, 5.01209069625e-05],
        "median": [0.0509339533746, 0.998566746712, 3.30503559113, 6.00091743469, 16.0513381958, 22.5051612854, 27.7152309418, 32.1690139771, 20.5059356689, 21.9310626984, 25.0193748474, 32.6999702454, 34.6133155823, 21.1139678955, 18.5003013611, 23.4868049622, 14.5104427338, 10.791097641, 12.5440807343, 12.7971401215, 22.7487506866, 17.2786979675, 7.66562128067, 5.81826353073, 5.07437992096, 2.93921852112, 0.951135158539, 0.480828106403, 0.322197914124, 0.176767170429, 0.102260373533, 0.0818059816957, 0.0604480579495, 0.034884724766, 0.015507273376, 0.00536192022264, 0.00145775498822, 0.000138660921948, 2.75860238617e-05, 5.08123630425e-05],
        "min": [8.40809478423e-23, 4.99742398959e-22, 2.29051683443e-21, 3.73255113605e-21, 1.18900726472e-20, 1.79015035436e-20, 3.52150949291e-20, 9.7717314378e-20, 1.15695593853e-19, 1.37140703598e-19, 2.97226285865e-19, 7.38673269287e-19, 5.23594832892e-19, 7.29428957255e-19, 8.65483676106e-19, 1.33543233076e-18, 1.36977087273e-18, 1.36046746898e-18, 2.10000312576e-18, 3.62879337079e-18, 3.19645005285e-18, 4.38662564233e-18, 5.05805269504e-18, 5.89630181137e-18, 6.02834093023e-18, 7.68336307265e-18, 8.78221709533e-18, 9.48348675658e-18, 9.86682872221e-18, 1.0045616367e-17, 1.14894278662e-17, 1.07982762782e-17, 1.04405405156e-17, 8.69703403584e-18, 6.49405933153e-18, 4.66842126161e-18, 2.60805621722e-18, 9.39940529488e-19, 2.42130732093e-19, 2.8848279292e-20],
        "var": [0.0209497045726, 2.66884803772, 27.3111553192, 124.631439209, 607.89831543, 3053.72900391, 1145.77355957, 2658.33764648, 1978.4732666, 2813.4765625, 2701.62182617, 6433.22509766, 5111.34082031, 1163.90600586, 924.993286133, 988.752868652, 807.116577148, 641.154724121, 407.632843018, 549.985412598, 817.351623535, 528.809509277, 118.004943848, 69.4682846069, 93.8950576782, 31.7469863892, 6.14053201675, 5.80232858658, 7.73825979233, 3.53948783875, 2.60293102264, 3.5312037468, 2.26051664352, 2.11342096329, 2.59310650826, 0.524825751781, 0.0266431216151, 0.000310384697514, 1.57287985303e-07, 7.58813900603e-10]
    },
    "gfcc": {
        "mean": [-36.4160804749, 157.421661377, -122.558448792, 13.3099431992, -44.9291114807, -9.68949127197, -36.7746009827, 2.24150371552, -24.1764354706, -8.028216362, -13.8730316162, -4.5296292305, -4.03048181534],
        "cov": [[18404.9980469, -1947.4251709, -1299.30407715, 816.035766602, -1120.92626953, 1525.93261719, -578.488464355, 1192.13366699, -20.3325366974, 440.312835693, -425.479888916, 157.222579956, -579.990539551], [-1947.4251709, 2978.68505859, -280.661804199, -242.650512695, 1126.66333008, -980.738342285, 506.801574707, -526.405029297, 105.630569458, -374.761993408, 250.869674683, -216.788879395, 354.315063477], [-1299.30407715, -280.661804199, 1028.55871582, 260.004455566, 136.497268677, 168.229110718, -74.0187301636, 29.6172847748, -59.1375389099, 55.9026985168, -33.5909805298, 21.793176651, -42.2204322815], [816.035766602, -242.650512695, 260.004455566, 499.552459717, 87.0699310303, 293.220306396, 9.99069309235, 124.339134216, 53.9430084229, 36.7381668091, -13.6595849991, -4.35239601135, -54.642539978], [-1120.92626953, 1126.66333008, 136.497268677, 87.0699310303, 722.266723633, -303.803924561, 256.582092285, -150.670318604, 57.9895782471, -119.776504517, 103.56098175, -75.3417129517, 139.668502808], [1525.93261719, -980.738342285, 168.229110718, 293.220306396, -303.803924561, 599.397033691, -111.552940369, 313.928192139, 17.8048000336, 157.949920654, -89.4349365234, 86.6978302002, -137.705001831], [-578.488464355, 506.801574707, -74.0187301636, 9.99069309235, 256.582092285, -111.552940369, 209.538619995, -48.5711898804, 62.8416290283, -51.5404396057, 42.9618453979, -39.5689125061, 57.5473365784], [1192.13366699, -526.405029297, 29.6172847748, 124.339134216, -150.670318604, 313.928192139, -48.5711898804, 267.167724609, 31.4947795868, 116.338951111, -49.8341293335, 44.1010475159, -79.6971511841], [-20.3325366974, 105.630569458, -59.1375389099, 53.9430084229, 57.9895782471, 17.8048000336, 62.8416290283, 31.4947795868, 95.1326675415, 2.47894048691, 21.0282974243, -9.04902935028, 8.277967453], [440.312835693, -374.761993408, 55.9026985168, 36.7381668091, -119.776504517, 157.949920654, -51.5404396057, 116.338951111, 2.47894048691, 126.426330566, -13.5992765427, 41.0742301941, -54.2578239441], [-425.479888916, 250.869674683, -33.5909805298, -13.6595849991, 103.56098175, -89.4349365234, 42.9618453979, -49.8341293335, 21.0282974243, -13.5992765427, 86.4951858521, -4.06200218201, 45.969997406], [157.222579956, -216.788879395, 21.793176651, -4.35239601135, -75.3417129517, 86.6978302002, -39.5689125061, 44.1010475159, -9.04902935028, 41.0742301941, -4.06200218201, 82.6914520264, 2.53195714951], [-579.990539551, 354.315063477, -42.2204322815, -54.642539978, 139.668502808, -137.705001831, 57.5473365784, -79.6971511841, 8.277967453, -54.2578239441, 45.969997406, 2.53195714951, 105.363754272]],
        "icov": [[0.000213530525798, -0.000513829407282, 0.000469741527922, -0.000526606512722, 0.000158204420586, -0.000160195704666, 0.000827737094369, -0.000809927703813, 0.000577987811994, -0.000287580798613, 0.000758045294788, -0.000546340830624, 0.000823525479063], [-0.000513829407282, 0.00347065972164, -0.000863656343427, 0.00168255495373, -0.00223076879047, 0.00136542704422, -0.00300120119937, 0.00226773950271, -0.00192581280135, 0.00214814883657, -0.00305406050757, 0.00295742601156, -0.00335796247236], [0.000469741527922, -0.000863656343427, 0.00256942375563, -0.00159597245511, -0.000885382643901, -0.000808838754892, 0.00267541385256, -0.000861614651512, 0.00205355021171, -0.00144836877007, 0.0021907647606, -0.0011426191777, 0.00185996701475], [-0.000526606512722, 0.00168255495373, -0.00159597245511, 0.00624971278012, -0.00257652089931, -0.00354059063829, -0.000997088267468, 0.00333508523181, -0.00361913908273, 0.00212336308323, -0.0030989930965, 0.00371241872199, -0.00145929015707], [0.000158204420586, -0.00223076879047, -0.000885382643901, -0.00257652089931, 0.00645647896454, 0.00183382898103, -0.00275323376991, -0.00257579609752, 0.00168390525505, -0.000671417161357, 0.000204287804081, -0.00149339612108, -0.000456298526842], [-0.000160195704666, 0.00136542704422, -0.000808838754892, -0.00354059063829, 0.00183382898103, 0.0103807738051, -0.00289302552119, -0.00589886819944, 0.000216542350245, 0.000682078883983, 0.000352682109224, -0.0038653165102, 0.000893941847607], [0.000827737094369, -0.00300120119937, 0.00267541385256, -0.000997088267468, -0.00275323376991, -0.00289302552119, 0.0153624750674, -0.00214619096369, -0.00261344620958, -0.0016103067901, 0.00402095355093, -0.00055015826365, 0.00269331107847], [-0.000809927703813, 0.00226773950271, -0.000861614651512, 0.00333508523181, -0.00257579609752, -0.00589886819944, -0.00214619096369, 0.0165747720748, -0.0057053710334, -0.00476386211812, -0.000210598358535, 0.00369120994583, -0.00328741059639], [0.000577987811994, -0.00192581280135, 0.00205355021171, -0.00361913908273, 0.00168390525505, 0.000216542350245, -0.00261344620958, -0.0057053710334, 0.0186050906777, -0.00120132020675, -0.00105490861461, -0.00126581068616, 0.002176706912], [-0.000287580798613, 0.00214814883657, -0.00144836877007, 0.00212336308323, -0.000671417161357, 0.000682078883983, -0.0016103067901, -0.00476386211812, -0.00120132020675, 0.019682103768, -0.00735546788201, -0.00328533374704, 0.00428957259282], [0.000758045294788, -0.00305406050757, 0.0021907647606, -0.0030989930965, 0.000204287804081, 0.000352682109224, 0.00402095355093, -0.000210598358535, -0.00105490861461, -0.00735546788201, 0.022425159812, -0.00363925751299, -0.0018531808164], [-0.000546340830624, 0.00295742601156, -0.0011426191777, 0.00371241872199, -0.00149339612108, -0.0038653165102, -0.00055015826365, 0.00369120994583, -0.00126581068616, -0.00328533374704, -0.00363925751299, 0.0235249735415, -0.0120346620679], [0.000823525479063, -0.00335796247236, 0.00185996701475, -0.00145929015707, -0.000456298526842, 0.000893941847607, 0.00269331107847, -0.00328741059639, 0.002176706912, 0.00428957259282, -0.0018531808164, -0.0120346620679, 0.0262559913099]]
    },
    "melbands": {
        "dmean": [0.000561789725907, 0.000983033562079, 0.000802359485533, 0.00110453565139, 0.000601635954808, 0.000387882289942, 0.000252282829024, 0.000234822626226, 0.000176449961145, 0.000202936877031, 0.00014996821119, 6.67013591737e-05, 3.85737512261e-05, 5.10365498485e-05, 3.0228504329e-05, 1.94596723304e-05, 1.94245949388e-05, 1.29953969008e-05, 1.29218888105e-05, 1.25843153e-05, 1.53821802087e-05, 1.20027125377e-05, 4.84896554553e-06, 3.24183065459e-06, 2.7277924346e-06, 2.77053231912e-06, 1.8455746158e-06, 1.0781528772e-06, 5.84292365602e-07, 5.297144412e-07, 4.31810775581e-07, 4.51492041975e-07, 3.62928403774e-07, 2.64675065864e-07, 2.57196006714e-07, 2.18251685169e-07, 2.4515708219e-07, 2.01407232225e-07, 2.14507494434e-07, 2.28497654575e-07],
        "dmean2": [0.000938630604651, 0.00164728320669, 0.0013554735342, 0.00191109278239, 0.00100577238481, 0.000609049515333, 0.000405138853239, 0.000375814270228, 0.000286917202175, 0.000322971260175, 0.000243405753281, 0.000109988272015, 6.37860648567e-05, 8.37131374283e-05, 4.91893733852e-05, 3.19383616443e-05, 3.21369043377e-05, 2.12788490899e-05, 2.09428581002e-05, 2.01278562599e-05, 2.48767028097e-05, 1.95972679649e-05, 7.96775111667e-06, 5.39435359315e-06, 4.48840046374e-06, 4.55331974081e-06, 2.91863125312e-06, 1.75790478352e-06, 9.71109898273e-07, 8.74891725289e-07, 7.04344017777e-07, 7.18587955362e-07, 5.75222088628e-07, 4.11175932413e-07, 3.94589733332e-07, 3.28142277795e-07, 3.75611477921e-07, 3.04051383182e-07, 3.30740618892e-07, 3.57176844545e-07],
        "dvar": [1.44509374422e-06, 4.01907846026e-06, 1.72259171904e-06, 5.15272859047e-06, 7.35675598662e-07, 2.78726446368e-07, 1.53616355192e-07, 1.53731491537e-07, 8.18319563223e-08, 1.31695344407e-07, 6.35707237961e-08, 1.18915881586e-08, 3.90819954177e-09, 8.10229927595e-09, 2.73990230504e-09, 1.25870824874e-09, 1.21627119487e-09, 5.59401192035e-10, 8.31651914002e-10, 5.72155656187e-10, 5.39748246098e-10, 4.81577555611e-10, 1.69750005719e-10, 2.70934212565e-11, 1.98598897744e-11, 2.79294035815e-11, 1.37446850776e-11, 3.53345261037e-12, 1.65184413457e-12, 2.54510973928e-12, 9.55408603794e-13, 1.20837942517e-12, 7.87763517612e-13, 3.94979079825e-13, 3.88826205391e-13, 4.05242571271e-13, 7.06133231314e-13, 5.49491929822e-13, 9.38192774337e-13, 1.71742665662e-12],
        "dvar2": [3.94613562094e-06, 1.12276884465e-05, 4.73777708976e-06, 1.4600727809e-05, 2.11466226574e-06, 6.76653655773e-07, 3.72083547973e-07, 3.79444770715e-07, 2.12666307675e-07, 3.02781103301e-07, 1.62736697007e-07, 3.18786135267e-08, 1.00072474751e-08, 2.14111306462e-08, 7.29627069873e-09, 3.39033223717e-09, 3.25800075807e-09, 1.41887768201e-09, 1.99727523409e-09, 1.28080179795e-09, 1.36890110358e-09, 1.23731169754e-09, 4.1940181883e-10, 7.36029570625e-11, 5.03385631789e-11, 7.09751216132e-11, 3.11764260241e-11, 8.73286339076e-12, 4.2878491556e-12, 6.82884348027e-12, 2.34979245263e-12, 2.76839618937e-12, 1.76254063428e-12, 9.18039515935e-13, 9.17399077711e-13, 8.37108106357e-13, 1.41769256924e-12, 1.11736260435e-12, 2.20134609326e-12, 4.0613584544e-12],
        "max": [0.0207634866238, 0.0271995123476, 0.0162959396839, 0.0247129928321, 0.0151296947151, 0.00799218658358, 0.00746224960312, 0.00787330232561, 0.00542115187272, 0.00617320183665, 0.00676641659811, 0.00274868845008, 0.00153628317639, 0.00180979887955, 0.00147838424891, 0.000800676294602, 0.000915683165658, 0.0010119691724, 0.000867553520948, 0.000940987374634, 0.000583100365475, 0.000627019675449, 0.000576779653784, 9.90585249383e-05, 9.81702905847e-05, 0.000203927382245, 0.000122133729747, 4.25191174145e-05, 4.3000367441e-05, 4.97401997563e-05, 2.79617634078e-05, 4.48822065664e-05, 4.58800968772e-05, 2.7139651138e-05, 1.65485453181e-05, 2.62683570327e-05, 4.92382678203e-05, 4.29573592555e-05, 5.47973140783e-05, 3.80614437745e-05],
        "mean": [0.00114769430365, 0.00234180293046, 0.00222429144196, 0.00216744141653, 0.00157413154375, 0.000999657204375, 0.000502033275552, 0.000449289975222, 0.000329024594976, 0.000376764684916, 0.00027324288385, 0.000121323035273, 7.16375143384e-05, 9.56947333179e-05, 6.202323857e-05, 3.73927214241e-05, 3.61387974408e-05, 2.58998879872e-05, 2.44489874603e-05, 2.57392021012e-05, 3.55703123205e-05, 2.59455173364e-05, 1.03971306089e-05, 7.3704886745e-06, 6.22501784164e-06, 6.02995578447e-06, 4.56043244412e-06, 2.43377326115e-06, 1.08922017716e-06, 8.96977041975e-07, 8.07169897143e-07, 8.55687972035e-07, 6.81106030243e-07, 4.91693072036e-07, 4.75317818882e-07, 4.30617006941e-07, 4.63627941372e-07, 3.80425831281e-07, 3.46935763673e-07, 3.04187750544e-07],
        "median": [0.000738585251383, 0.00181469274685, 0.00158431567252, 0.00140208390076, 0.0011287862435, 0.000704859616235, 0.000291348493192, 0.000233627855778, 0.000197408313397, 0.000203958057682, 0.000164109515026, 8.01613132353e-05, 4.99085872434e-05, 6.86032435624e-05, 4.32462838944e-05, 2.30727528105e-05, 1.77222609636e-05, 1.83614283742e-05, 1.57374106493e-05, 1.80385122803e-05, 2.69679112535e-05, 1.92921179405e-05, 7.50986100684e-06, 5.34324863111e-06, 4.20310607296e-06, 4.05183573093e-06, 2.36230107475e-06, 1.63267793596e-06, 5.69653025195e-07, 3.45523574197e-07, 2.306856004e-07, 1.85255188967e-07, 1.34424880116e-07, 8.27620567634e-08, 5.82189016995e-08, 4.40649117195e-08, 5.05209669655e-08, 4.04581967928e-08, 3.64547290133e-08, 2.52503529197e-08],
        "min": [9.4267675161e-25, 1.50441582614e-24, 8.6468296138e-25, 1.46159221608e-24, 2.04870431137e-24, 2.12660136753e-24, 2.46809590074e-24, 1.23426439408e-24, 2.08421784325e-24, 4.46817206491e-24, 2.21162637362e-24, 2.59556260961e-24, 2.82718045442e-24, 3.39610457268e-24, 3.36352185628e-24, 2.84654107319e-24, 2.08595629547e-24, 2.51045043439e-24, 4.26598307059e-24, 4.1808996888e-24, 2.82209920412e-24, 3.82585508903e-24, 3.27475666343e-24, 3.07501511008e-24, 4.54616043172e-24, 4.18628287562e-24, 3.45053124198e-24, 3.82709202293e-24, 5.27805690211e-24, 4.49698678719e-24, 5.16657941772e-24, 4.54719107849e-24, 5.97518511697e-24, 5.1380427689e-24, 6.01583078068e-24, 5.94762586681e-24, 5.79172604713e-24, 6.56838761288e-24, 6.69472881445e-24, 6.73143530123e-24],
        "var": [2.16745979742e-06, 6.27987265034e-06, 5.46015598957e-06, 6.72854957884e-06, 2.63821721092e-06, 1.05948356577e-06, 4.10256319583e-07, 3.93099014673e-07, 1.74320760493e-07, 2.94023891456e-07, 1.26888295426e-07, 2.14344257898e-08, 7.38274552603e-09, 1.35182558481e-08, 6.61106502875e-09, 2.88240342705e-09, 2.81767098542e-09, 1.10053910429e-09, 1.55089285858e-09, 1.27782773252e-09, 1.35267674839e-09, 9.28841337178e-10, 2.51178439159e-10, 6.0109972555e-11, 4.93278230762e-11, 6.43837205772e-11, 5.49320380849e-11, 9.760648019e-12, 2.57938267099e-12, 2.76014324244e-12, 1.99897520411e-12, 2.76255689331e-12, 1.98336052443e-12, 8.83982394662e-13, 8.77975264105e-13, 1.06496625754e-12, 1.52917164608e-12, 1.14121136586e-12, 1.22393783476e-12, 1.78584913784e-12]
    },
    "mfcc": {
        "mean": [-671.095214844, 183.227508545, -12.6736822128, 21.6239700317, 6.95313501358, -8.98535633087, -2.58777093887, -0.123178310692, -3.41254281998, -3.79894852638, -7.26912927628, -5.96707487106, -2.05822396278],
        "cov": [[10530.578125, -1367.5670166, -332.798065186, -89.150428772, -200.313339233, 243.252990723, -108.827484131, 440.069610596, 417.864959717, 303.682922363, 287.870574951, 392.400512695, 264.865386963], [-1367.5670166, 2626.25195312, -659.08605957, 454.742462158, 300.119476318, -159.66859436, 196.848892212, -83.6895294189, -38.9293746948, -87.186958313, -157.258148193, -103.1197052, 17.8053245544], [-332.798065186, -659.08605957, 848.645568848, -5.92200183868, 139.836883545, 138.228683472, 5.2029747963, 40.8139915466, -20.3496417999, 52.9127502441, 55.3581352234, -25.646856308, -61.8990020752], [-89.150428772, 454.742462158, -5.92200183868, 411.088623047, 255.806594849, 117.784759521, 127.610603333, 63.5352401733, 43.6516571045, 49.9810447693, 1.87464189529, 1.73953652382, 14.8657989502], [-200.313339233, 300.119476318, 139.836883545, 255.806594849, 324.139007568, 101.710281372, 119.581558228, 59.8021812439, 37.3102035522, 41.4552268982, -2.89584970474, -1.13743948936, 8.88059997559], [243.252990723, -159.66859436, 138.228683472, 117.784759521, 101.710281372, 174.159210205, 66.9513015747, 87.5189590454, 60.6246528625, 48.3211669922, 44.6114425659, 27.3257598877, 16.7364006042], [-108.827484131, 196.848892212, 5.2029747963, 127.610603333, 119.581558228, 66.9513015747, 129.314346313, 49.4123497009, 41.0324707031, 34.716053009, 8.9786233902, 10.2100009918, 19.1988925934], [440.069610596, -83.6895294189, 40.8139915466, 63.5352401733, 59.8021812439, 87.5189590454, 49.4123497009, 125.910919189, 82.2785263062, 50.3753128052, 31.2241191864, 39.2067680359, 25.2729206085], [417.864959717, -38.9293746948, -20.3496417999, 43.6516571045, 37.3102035522, 60.6246528625, 41.0324707031, 82.2785263062, 123.663848877, 52.3272094727, 34.4974746704, 41.1227111816, 36.7353515625], [303.682922363, -87.186958313, 52.9127502441, 49.9810447693, 41.4552268982, 48.3211669922, 34.716053009, 50.3753128052, 52.3272094727, 99.967124939, 54.0906791687, 29.2766132355, 12.1735811234], [287.870574951, -157.258148193, 55.3581352234, 1.87464189529, -2.89584970474, 44.6114425659, 8.9786233902, 31.2241191864, 34.4974746704, 54.0906791687, 86.1747589111, 37.2415008545, 16.5859012604], [392.400512695, -103.1197052, -25.646856308, 1.73953652382, -1.13743948936, 27.3257598877, 10.2100009918, 39.2067680359, 41.1227111816, 29.2766132355, 37.2415008545, 86.4753341675, 48.7529563904], [264.865386963, 17.8053245544, -61.8990020752, 14.8657989502, 8.88059997559, 16.7364006042, 19.1988925934, 25.2729206085, 36.7353515625, 12.1735811234, 16.5859012604, 48.7529563904, 89.265663147]],
