{
"lowlevel": {
    "average_loudness": 0.924823820591,
    "barkbands_crest": {
        "dmean": 2.1906619072,
        "dmean2": 3.60416293144,
        "dvar": 6.76070070267,
        "dvar2": 18.0178413391,
        "max": 24.9843425751,
        "mean": 9.26061630249,
        "median": 8.5838060379,
        "min": 2.35844969749,
        "var": 13.7691297531
    },
    "barkbands_flatness_db": {
        "dmean": 0.0177221335471,
        "dmean2": 0.0278975125402,
        "dvar": 0.000421094009653,
        "dvar2": 0.00106401147787,
        "max": 0.573242068291,
        "mean": 0.124601095915,
        "median": 0.10324781388,
        "min": 0.0248521976173,
        "var": 0.00570540083572
    },
    "barkbands_kurtosis": {
        "dmean": 2.42219924927,
        "dmean2": 3.94314908981,
        "dvar": 32.7577781677,
        "dvar2": 86.5330886841,
        "max": 193.026626587,
        "mean": 4.20582437515,
        "median": 0.77663230896,
        "min": -1.93357098103,
        "var": 115.435661316
    },
    "barkbands_skewness": {
        "dmean": 0.467590034008,
        "dmean2": 0.735152423382,
        "dvar": 0.417568236589,
        "dvar2": 1.03945183754,
        "max": 11.4512042999,
        "mean": 1.32192146778,
        "median": 1.14665913582,
        "min": -4.12071037292,
        "var": 2.03343033791
    },
    "barkbands_spread": {
        "dmean": 6.15898895264,
        "dmean2": 9.42521381378,
        "dvar": 62.2202911377,
        "dvar2": 129.641723633,
        "max": 122.50138855,
        "mean": 31.5187358856,
        "median": 29.0840358734,
        "min": 0.386426568031,
        "var": 403.452758789
    },
    "dissonance": {
        "dmean": 0.0114345196635,
        "dmean2": 0.0190368257463,
        "dvar": 0.000193114654394,
        "dvar2": 0.000496992608532,
        "max": 0.500000178814,
        "mean": 0.473632633686,
        "median": 0.48463010788,
        "min": 0.163281396031,
        "var": 0.00108699651901
    },
    "dynamic_complexity": 2.96936178207,
    "erbbands_crest": {
        "dmean": 2.00566267967,
        "dmean2": 3.23301124573,
        "dvar": 4.1786532402,
        "dvar2": 9.91793823242,
        "max": 34.2213783264,
        "mean": 8.40951728821,
        "median": 7.11366128922,
        "min": 2.47584199905,
        "var": 19.6667327881
    },
    "erbbands_flatness_db": {
        "dmean": 0.0124948695302,
        "dmean2": 0.018517266959,
        "dvar": 0.000172698244569,
        "dvar2": 0.000348122644937,
        "max": 0.434923619032,
        "mean": 0.138724535704,
        "median": 0.12412840873,
        "min": 0.0496432892978,
        "var": 0.00353580433875
    },
    "erbbands_kurtosis": {
        "dmean": 0.882323265076,
        "dmean2": 1.37671077251,
        "dvar": 2.14927792549,
        "dvar2": 5.11170482635,
        "max": 74.1924438477,
        "mean": 1.07280337811,
        "median": 0.140893697739,
        "min": -1.74148201942,
        "var": 10.7026147842
    },
    "erbbands_skewness": {
        "dmean": 0.29967084527,
        "dmean2": 0.449542760849,
        "dvar": 0.0893947854638,
        "dvar2": 0.198028028011,
        "max": 4.94463777542,
        "mean": -0.11501673609,
        "median": -0.238554120064,
        "min": -6.67644691467,
        "var": 1.09305131435
    },
    "erbbands_spread": {
        "dmean": 7.29013204575,
        "dmean2": 11.2050876617,
        "dvar": 69.5190124512,
        "dvar2": 159.310073853,
        "max": 128.39263916,
        "mean": 40.8402137756,
        "median": 40.5864067078,
        "min": 1.57518255711,
        "var": 347.120605469
    },
    "hfc": {
        "dmean": 7.14034223557,
        "dmean2": 10.6181507111,
        "dvar": 182.453643799,
        "dvar2": 381.557952881,
        "max": 326.569732666,
        "mean": 26.5384101868,
        "median": 21.8056640625,
        "min": 1.12826178238e-16,
        "var": 568.998962402
    },
    "melbands_crest": {
        "dmean": 2.58802032471,
        "dmean2": 4.22519731522,
        "dvar": 7.19797754288,
        "dvar2": 18.8198604584,
        "max": 31.7791900635,
        "mean": 14.5055561066,
        "median": 13.9286003113,
        "min": 2.19731068611,
        "var": 28.5216064453
    },
    "melbands_flatness_db": {
        "dmean": 0.0220093224198,
        "dmean2": 0.0340422168374,
        "dvar": 0.000718732946552,
        "dvar2": 0.00171821156982,
        "max": 0.719768285751,
        "mean": 0.189129456878,
        "median": 0.164944350719,
        "min": 0.0061276992783,
        "var": 0.00896844081581
    },
    "melbands_kurtosis": {
        "dmean": 7.42003440857,
        "dmean2": 12.1676969528,
        "dvar": 301.381988525,
        "dvar2": 792.241271973,
        "max": 376.843170166,
        "mean": 15.0940551758,
        "median": 7.21103382111,
        "min": -1.92911565304,
        "var": 599.824768066
    },
    "melbands_skewness": {
        "dmean": 0.706664741039,
        "dmean2": 1.1094815731,
        "dvar": 1.04577720165,
        "dvar2": 2.59924316406,
        "max": 14.9730567932,
        "mean": 2.75472474098,
        "median": 2.51343369484,
        "min": -3.42114377022,
        "var": 3.81015610695
    },
    "melbands_spread": {
        "dmean": 7.69903278351,
        "dmean2": 11.9618558884,
        "dvar": 111.685493469,
        "dvar2": 243.320220947,
        "max": 224.922653198,
        "mean": 29.8039798737,
        "median": 26.4891204834,
        "min": 0.385844796896,
        "var": 481.589660645
    },
    "pitch_salience": {
        "dmean": 0.0637573376298,
        "dmean2": 0.10446254909,
        "dvar": 0.00484340311959,
        "dvar2": 0.0128360614181,
        "max": 0.929886341095,
        "mean": 0.551761806011,
        "median": 0.566896259785,
        "min": 0.10348507762,
        "var": 0.0154969915748
    },
    "silence_rate_20dB": {
        "dmean": 0,
        "dmean2": 0,
        "dvar": 0,
        "dvar2": 0,
        "max": 1,
        "mean": 1,
        "median": 1,
        "min": 1,
        "var": 0
    },
    "silence_rate_30dB": {
        "dmean": 0.00233054952696,
        "dmean2": 0.00466155167669,
        "dvar": 0.00232511293143,
        "dvar2": 0.00677645904943,
        "max": 1,
        "mean": 0.998737752438,
        "median": 1,
        "min": 0,
        "var": 0.00126068200916
    },
    "silence_rate_60dB": {
        "dmean": 0.00543794920668,
        "dmean2": 0.0108769545332,
        "dvar": 0.00540930451825,
        "dvar2": 0.0113449450582,
        "max": 1,
        "mean": 0.0414603352547,
        "median": 0,
        "min": 0,
        "var": 0.0397460907698
    },
    "spectral_centroid": {
        "dmean": 227.193466187,
        "dmean2": 349.419311523,
        "dvar": 75263.1328125,
        "dvar2": 157466.171875,
        "max": 10994.375,
        "mean": 1766.59326172,
        "median": 1777.30981445,
        "min": 139.641937256,
        "var": 655879.625
    },
    "spectral_complexity": {
        "dmean": 4.04777622223,
        "dmean2": 6.24453735352,
        "dvar": 20.5664367676,
        "dvar2": 41.2421760559,
        "max": 64,
        "mean": 23.6733665466,
        "median": 24,
        "min": 0,
        "var": 142.279678345
    },
    "spectral_decrease": {
        "dmean": 2.34888664075e-09,
        "dmean2": 3.87397314228e-09,
        "dvar": 2.46267814923e-17,
        "dvar2": 6.47418449752e-17,
        "max": 6.33058529213e-29,
        "mean": -6.43427711111e-09,
        "median": -5.27451504695e-09,
        "min": -5.05675288309e-08,
        "var": 2.81248621283e-17
    },
    "spectral_energy": {
        "dmean": 0.00925010070205,
        "dmean2": 0.0152174318209,
        "dvar": 0.000363929604646,
        "dvar2": 0.00095426623011,
        "max": 0.193854346871,
        "mean": 0.0266915615648,
        "median": 0.0222839806229,
        "min": 9.99474013874e-21,
        "var": 0.000438613322331
    },
    "spectral_energyband_high": {
        "dmean": 0.000527443364263,
        "dmean2": 0.00077239680104,
        "dvar": 1.66043696481e-06,
        "dvar2": 3.06711081066e-06,
        "max": 0.0381199046969,
        "mean": 0.00144382100552,
        "median": 0.000755576475058,
        "min": 7.51616209568e-21,
        "var": 4.97920746056e-06
    },
    "spectral_energyband_low": {
        "dmean": 0.00629165908322,
        "dmean2": 0.0106725385413,
        "dvar": 0.000323300046148,
        "dvar2": 0.00086524913786,
        "max": 0.185560747981,
        "mean": 0.0108131663874,
        "median": 0.00733502209187,
        "min": 9.26380313147e-23,
        "var": 0.000269174517598
    },
    "spectral_energyband_middle_high": {
        "dmean": 0.0017664526822,
        "dmean2": 0.0027066047769,
        "dvar": 9.10376729735e-06,
        "dvar2": 2.10687703657e-05,
        "max": 0.065838418901,
        "mean": 0.00585902482271,
        "median": 0.00398270739242,
        "min": 1.31189098297e-21,
        "var": 3.89717861253e-05
    },
    "spectral_energyband_middle_low": {
        "dmean": 0.00358629855327,
        "dmean2": 0.00571580044925,
        "dvar": 4.69916521979e-05,
        "dvar2": 0.000118619194836,
        "max": 0.0897234678268,
        "mean": 0.00957760773599,
        "median": 0.00662437174469,
        "min": 2.42403753798e-22,
        "var": 9.50657922658e-05
    },
    "spectral_entropy": {
        "dmean": 0.106215216219,
        "dmean2": 0.158287644386,
        "dvar": 0.0141511559486,
        "dvar2": 0.0275449045002,
        "max": 9.80320453644,
        "mean": 7.71333312988,
        "median": 7.86799287796,
        "min": 3.87863659859,
        "var": 0.368884623051
    },
    "spectral_flux": {
        "dmean": 0.02225779742,
        "dmean2": 0.0344432666898,
        "dvar": 0.00124188011978,
        "dvar2": 0.00240075052716,
        "max": 0.35691806674,
        "mean": 0.0775135308504,
        "median": 0.0664286017418,
        "min": 9.99736959884e-11,
        "var": 0.00292040151544
    },
    "spectral_kurtosis": {
        "dmean": 1.63561725616,
        "dmean2": 2.74829602242,
        "dvar": 14.2682027817,
        "dvar2": 41.4599227905,
        "max": 137.630752563,
        "mean": 6.30299043655,
        "median": 3.97664356232,
        "min": -1.19579565525,
        "var": 147.01651001
    },
    "spectral_rms": {
        "dmean": 0.0007253481308,
        "dmean2": 0.00114821258467,
        "dvar": 1.39085807405e-06,
        "dvar2": 3.44059844792e-06,
        "max": 0.0137523161247,
        "mean": 0.00476600276306,
        "median": 0.00466266740113,
        "min": 3.12265361138e-12,
        "var": 3.32574154527e-06
    },
    "spectral_rolloff": {
        "dmean": 551.053649902,
        "dmean2": 886.304077148,
        "dvar": 880718.1875,
        "dvar2": 1668304.25,
        "max": 19121.484375,
        "mean": 2145.4375,
        "median": 1830.32226562,
        "min": 86.1328125,
        "var": 4761791.5
    },
    "spectral_skewness": {
        "dmean": 0.192739397287,
        "dmean2": 0.314390778542,
        "dvar": 0.0739699304104,
        "dvar2": 0.205604270101,
        "max": 10.074511528,
        "mean": 1.61206805706,
        "median": 1.47109138966,
        "min": -0.0252068061382,
        "var": 0.961164116859
    },
    "spectral_spread": {
        "dmean": 457901.125,
        "dmean2": 667081.5,
        "dvar": 481582579712,
        "dvar2": 706989588480,
        "max": 40865816,
        "mean": 4876816,
        "median": 4743662,
        "min": 700157,
        "var": 3.11266770944e+12
    },
    "spectral_strongpeak": {
        "dmean": 0.432050853968,
        "dmean2": 0.735538184643,
        "dvar": 0.699968755245,
        "dvar2": 1.81213033199,
        "max": 12.0384464264,
        "mean": 0.897310197353,
        "median": 0.402579635382,
        "min": 0,
        "var": 1.42790830135
    },
    "zerocrossingrate": {
        "dmean": 0.0112897381186,
        "dmean2": 0.0131155941635,
        "dvar": 0.000200617680093,
        "dvar2": 0.000224936316954,
        "max": 0.5185546875,
        "mean": 0.0822019726038,
        "median": 0.07470703125,
        "min": 0.00390625,
        "var": 0.00306711019948
    },
    "barkbands": {
        "dmean": [8.10045967228e-05, 0.00463917059824, 0.00188441493083, 0.000957370561082, 0.00163268018514, 0.000445398589363, 0.000773419626057, 0.000833003607113, 0.000628834008239, 0.000366494641639, 0.000359696132364, 0.000404287624406, 0.000348406931153, 0.000252193771303, 0.000238580891164, 0.000327253277646, 0.00035887939157, 0.000230527133681, 0.000277364830254, 0.000208250843571, 0.000138707240694, 9.63210259215e-05, 8.08311306173e-05, 9.61807090789e-05, 9.60913021117e-05, 6.54714967823e-05, 3.18027218782e-06],
        "dmean2": [0.000129889464006, 0.00809049513191, 0.00322215841152, 0.00160011032131, 0.0028130733408, 0.000735602050554, 0.0011651677778, 0.00128946534824, 0.00099233398214, 0.000572606280912, 0.000562964880373, 0.000633699237369, 0.000560884946026, 0.000408109335694, 0.000380536570447, 0.000532814126927, 0.000578743522055, 0.000385703111533, 0.000453831948107, 0.000350681628333, 0.000229707773542, 0.000155183297466, 0.000118523974379, 0.000139678115374, 0.000136419315822, 9.69784814515e-05, 5.1817169151e-06],
        "dvar": [7.90427492348e-08, 0.000236369582126, 2.30490168178e-05, 2.6161101232e-06, 1.95503907889e-05, 1.38627922297e-06, 3.72914064428e-06, 5.7746569837e-06, 2.25844905799e-06, 1.22029609884e-06, 1.08302958779e-06, 1.12002646802e-06, 1.02169235561e-06, 3.84565822742e-07, 4.15250724473e-07, 4.45719621212e-07, 3.0064609291e-07, 1.94780383822e-07, 1.55695573767e-07, 1.75746805553e-07, 6.40776320893e-08, 7.79393758421e-08, 8.08463695989e-08, 1.45825936215e-07, 1.5544905807e-07, 2.61507047128e-08, 4.44604665584e-11],
        "dvar2": [1.87416105746e-07, 0.000644656887744, 6.55331168673e-05, 7.29811381461e-06, 5.35014114575e-05, 3.66604353985e-06, 7.99470672064e-06, 1.31939832499e-05, 5.16901536685e-06, 2.8654428661e-06, 2.63486913354e-06, 2.68146777671e-06, 2.45983096647e-06, 8.90449143753e-07, 9.87112912298e-07, 1.09658572001e-06, 7.42728957448e-07, 5.31109947133e-07, 3.9428476839e-07, 4.49546121217e-07, 1.66238805832e-07, 1.98891882519e-07, 1.38040235242e-07, 2.55069096511e-07, 3.0764647363e-07, 5.54821220078e-08, 1.10934032793e-10],
        "max": [0.00290789967403, 0.140920102596, 0.139578074217, 0.0546608641744, 0.0588822066784, 0.020201889798, 0.0447000972927, 0.0541001483798, 0.0395716316998, 0.0320041142404, 0.0326592214406, 0.0206621456891, 0.0457663983107, 0.011791979894, 0.0197485908866, 0.0197090581059, 0.0136466687545, 0.0124883269891, 0.00634823320433, 0.00921266898513, 0.00474381493405, 0.0179530847818, 0.0156749412417, 0.0104575585574, 0.0142797827721, 0.00512950913981, 0.000213111721678],
        "mean": [7.87827011663e-05, 0.00649063894525, 0.00334880128503, 0.00193120108452, 0.00265047862194, 0.000729709281586, 0.00146252533887, 0.00143106584437, 0.00115434534382, 0.000633015821222, 0.000627319037449, 0.000664758030325, 0.000576871854719, 0.000416424067225, 0.000393857364543, 0.0006175104063, 0.000771734805312, 0.000441984069766, 0.000626647670288, 0.0004047905677, 0.000296306447126, 0.000217692810111, 0.000170545899891, 0.000192198436707, 0.000202506154892, 0.000154731562361, 5.11997905051e-06],
        "median": [1.21705079437e-05, 0.00344135425985, 0.00218149716966, 0.00131055945531, 0.00167213287205, 0.000346584449289, 0.000268726027571, 0.000171425912413, 0.00035553847556, 0.000146944250446, 0.00010263590957, 0.000163128730492, 0.000146031728946, 0.000150356936501, 0.000148343446199, 0.000372503913241, 0.00054639892187, 0.000313869735692, 0.00047883548541, 0.000243028931436, 0.000177825859282, 9.24028790905e-05, 6.49242210784e-05, 7.00797390891e-05, 8.07945543784e-05, 5.55509177502e-05, 1.32270474751e-06],
        "min": [1.86852812563e-23, 2.47359295963e-23, 7.04581214918e-24, 2.8456721429e-23, 5.65294821673e-23, 1.93350076082e-23, 2.5561901674e-23, 2.22764506205e-23, 3.64910425567e-23, 3.4417483802e-23, 4.58377694844e-23, 7.38421959357e-23, 6.6033312322e-23, 5.69322745455e-23, 1.27779045717e-22, 9.94131600437e-23, 7.78047578585e-23, 1.22049946548e-22, 2.42601991388e-22, 2.9941979275e-22, 3.6326643313e-22, 6.01329861606e-22, 5.96014933345e-22, 6.76516156617e-22, 1.15186081696e-21, 1.38030069775e-21, 2.62687844064e-21],
        "var": [7.25895006326e-08, 0.000171201507328, 2.54838996625e-05, 4.71214707431e-06, 1.65950877999e-05, 1.68430301528e-06, 1.35118343678e-05, 1.51835283759e-05, 7.65696859162e-06, 3.09533538712e-06, 3.11556482302e-06, 2.53276402873e-06, 2.03582999347e-06, 8.36451192754e-07, 7.85205827469e-07, 1.05148967577e-06, 8.1047284084e-07, 2.70093408972e-07, 3.98263750867e-07, 3.40866534998e-07, 1.37282611945e-07, 1.47168663034e-07, 2.23601261951e-07, 3.26556801156e-07, 2.98105049978e-07, 6.60976411382e-08, 8.09609462804e-11]
    },
    "erbbands": {
        "dmean": [0.102710992098, 1.1532189846, 2.386064291, 2.50805044174, 3.22323703766, 7.70476150513, 4.23712921143, 4.36179924011, 7.7771487236, 18.4040794373, 13.8285102844, 14.8003492355, 13.4770832062, 10.0797176361, 15.7839279175, 13.3222122192, 14.5857906342, 12.048787117, 12.1307420731, 11.7314281464, 18.66015625, 19.2176246643, 13.4782953262, 12.9575920105, 12.7751731873, 9.38364028931, 6.18774271011, 5.63152694702, 3.43597102165, 2.87899780273, 2.30828475952, 1.80712902546, 1.81719279289, 1.24354553223, 0.644137680531, 0.346761345863, 0.115771330893, 0.0138243725523, 0.000309350667521, 1.84023792826e-05],
        "dmean2": [0.178042948246, 2.0340898037, 4.12949132919, 4.17083454132, 5.4507021904, 13.3981924057, 6.98367071152, 7.22699356079, 12.2996826172, 27.4476451874, 21.2694549561, 23.2118740082, 20.8065299988, 16.0382118225, 24.5632591248, 20.6119003296, 22.9050807953, 19.3198204041, 18.9391555786, 18.7029953003, 30.2336082458, 30.6476211548, 22.386428833, 21.2100391388, 21.2441825867, 15.8695220947, 10.2055749893, 9.412940979, 5.56998205185, 4.4904589653, 3.43377876282, 2.74637150764, 2.59371352196, 1.78302061558, 0.93039983511, 0.517296850681, 0.173626691103, 0.0211888737977, 0.00047104791156, 2.84740362986e-05],
        "dvar": [0.148991137743, 13.8856897354, 37.1995697021, 24.5392017365, 24.9470119476, 578.494873047, 116.909255981, 139.036026001, 483.453643799, 2560.86474609, 1663.78173828, 1574.43505859, 1412.44226074, 802.130554199, 1930.98852539, 1062.29284668, 1537.38317871, 962.389587402, 899.563293457, 1004.72015381, 1320.85253906, 943.77734375, 594.286865234, 354.814056396, 445.416290283, 364.983825684, 144.016799927, 109.586875916, 47.0165100098, 175.549880981, 65.6496505737, 45.7512435913, 56.8094787598, 29.1051425934, 5.49534893036, 0.952922940254, 0.0698109865189, 0.000875032390468, 4.43181363607e-07, 1.11006437375e-09],
        "dvar2": [0.390100389719, 38.8014755249, 106.507926941, 65.3344497681, 70.5030212402, 1593.50744629, 300.177490234, 369.054504395, 1143.76843262, 5373.98193359, 3733.99047852, 3582.8125, 3059.546875, 2105.77172852, 4751.36865234, 2393.42382812, 3607.02661133, 2289.85302734, 2038.76489258, 2410.47167969, 3160.14160156, 2321.875, 1591.09765625, 906.26550293, 1172.7401123, 952.748474121, 372.649780273, 281.959869385, 112.903564453, 400.766418457, 117.930595398, 84.0614013672, 102.564910889, 57.6585044861, 11.4948196411, 2.08024525642, 0.149191498756, 0.00188527733553, 9.56540930019e-07, 2.44192754906e-09],
        "max": [3.61773061752, 36.9101295471, 107.371803284, 148.265228271, 69.340171814, 317.372894287, 274.2421875, 223.537460327, 455.971160889, 1180.73486328, 967.644836426, 1175.8125, 1178.11523438, 826.982666016, 1074.14978027, 745.065917969, 1592.11706543, 646.28515625, 793.240112305, 1002.46350098, 1304.56079102, 745.830383301, 705.843200684, 356.019958496, 322.577148438, 480.085174561, 216.630935669, 226.488830566, 235.381988525, 1033.70031738, 341.975738525, 209.695236206, 206.269851685, 193.243026733, 67.4023971558, 31.2144107819, 7.6039648056, 0.626047372818, 0.0173958744854, 0.000818155822344],
        "mean": [0.114020332694, 1.6846985817, 4.35169029236, 4.98483324051, 7.23860454559, 10.1402511597, 6.75983047485, 7.06896591187, 12.6234827042, 38.2267799377, 24.1475257874, 26.6320095062, 25.1238040924, 19.2983798981, 29.5224266052, 24.6627655029, 26.4784393311, 21.2284126282, 21.2065696716, 22.2195396423, 38.0203361511, 43.5258712769, 29.032327652, 29.5826721191, 27.4872016907, 18.3614959717, 12.9677667618, 11.6518831253, 7.60991430283, 6.38941907883, 4.75984287262, 3.60862851143, 3.46710157394, 2.39594316483, 1.41033828259, 0.773475646973, 0.261382251978, 0.0328089222312, 0.000740056566428, 5.95107339905e-05],
        "median": [0.0392918027937, 0.912756741047, 3.06220555305, 3.46684360504, 5.51156425476, 4.86992406845, 3.40076398849, 3.28538393974, 3.93212914467, 4.79098796844, 5.12508440018, 8.47027015686, 6.83598804474, 4.85709285736, 4.89938879013, 7.22127485275, 7.31126976013, 6.98647546768, 8.526222229, 10.0758781433, 24.5053215027, 31.5216712952, 21.9115257263, 23.3877944946, 19.342622757, 11.2462844849, 7.53796434402, 6.49393558502, 3.33987569809, 2.60195398331, 1.79228329659, 1.43073320389, 1.1775894165, 0.891451597214, 0.570502460003, 0.280758619308, 0.0926665365696, 0.0111256241798, 0.000262071524048, 4.59615475847e-05],
        "min": [7.97536153746e-22, 5.91478041556e-21, 1.38226016261e-20, 3.90667709786e-20, 1.3577146119e-19, 1.78206447e-19, 1.03097116136e-19, 1.16790910231e-19, 2.24754846899e-19, 4.30405543961e-19, 1.00452586114e-18, 8.92332976513e-19, 8.73432209709e-19, 1.28501050254e-18, 2.63828511911e-18, 2.57462964187e-18, 2.60494167542e-18, 3.84388266393e-18, 7.08716685589e-18, 6.29739176422e-18, 4.4428478678e-18, 5.177399141e-18, 6.75999004025e-18, 1.18320518661e-17, 1.14439776002e-17, 1.514420298e-17, 1.34104084278e-17, 1.60726586237e-17, 1.88152752063e-17, 1.69934380313e-17, 1.82381595647e-17, 1.28411683729e-17, 1.15689993324e-17, 1.0023216316e-17, 8.8480772157e-18, 5.20385485853e-18, 2.45147030688e-18, 1.15679895516e-18, 3.99386090045e-19, 3.6359971058e-20],
        "var": [0.108917407691, 9.85894680023, 35.743850708, 35.2305870056, 47.9234580994, 444.123901367, 156.549987793, 166.427749634, 817.658325195, 10985.375, 4261.36035156, 5143.79882812, 3765.41479492, 2182.28491211, 5920.87060547, 2851.14233398, 3728.00610352, 2194.18383789, 1892.12561035, 2125.99316406, 3555.95410156, 2646.84814453, 966.586547852, 845.746398926, 900.457885742, 660.485168457, 286.955932617, 246.369232178, 131.717803955, 330.79788208, 162.849258423, 99.0790176392, 120.326766968, 54.0708084106, 10.4456739426, 1.99518918991, 0.181381240487, 0.00257908157073, 1.2894770407e-06, 2.94850965865e-09]
    },
    "gfcc": {
        "mean": [2.58490347862, 71.2458953857, -105.82800293, 41.7702941895, -44.0414352417, 10.0142097473, -36.7556686401, 19.3996524811, -29.6752090454, 2.96293711662, -23.6709747314, 1.29028964043, -17.1083431244],
        "cov": [[21307.7480469, -1150.74182129, -1016.69665527, 397.03616333, -866.253051758, 819.937683105, -581.546936035, 548.226135254, -446.929992676, 446.049865723, -465.979217529, 319.294311523, -379.134094238], [-1150.74182129, 1931.01477051, 80.8136672974, -170.348464966, 198.395019531, -329.118713379, 136.734146118, -124.998908997, 82.1386184692, -192.559509277, 135.700592041, -148.44744873, 73.8484573364], [-1016.69665527, 80.8136672974, 1386.29040527, 31.3673706055, 18.6197662354, 180.620162964, -60.062664032, 31.6908378601, 14.5234766006, 64.4440689087, -45.2485580444, 95.4392852783, -43.6605873108], [397.03616333, -170.348464966, 31.3673706055, 446.170654297, 61.840965271, 29.809343338, -16.0219402313, 15.4024791718, 5.65471839905, -10.8134994507, -15.8275909424, -7.66867876053, 35.4465904236], [-866.253051758, 198.395019531, 18.6197662354, 61.840965271, 233.75541687, -51.9551849365, 36.1594314575, -22.0450344086, 13.3476734161, -34.8734359741, 12.0278453827, -28.2132091522, 27.1934623718], [819.937683105, -329.118713379, 180.620162964, 29.809343338, -51.9551849365, 317.090148926, 31.8951282501, 70.976020813, -31.9582691193, 59.9188423157, -28.9577522278, 59.6867790222, -33.9185142517], [-581.546936035, 136.734146118, -60.062664032, -16.0219402313, 36.1594314575, 31.8951282501, 176.484344482, 11.8742675781, 20.2548217773, -34.2630653381, 27.3327102661, -16.1303710938, 13.6191596985], [548.226135254, -124.998908997, 31.6908378601, 15.4024791718, -22.0450344086, 70.976020813, 11.8742675781, 128.277542114, 26.0970115662, 36.5817222595, -24.4188804626, 8.519947052, -20.5032310486], [-446.929992676, 82.1386184692, 14.5234766006, 5.65471839905, 13.3476734161, -31.9582691193, 20.2548217773, 26.0970115662, 105.667396545, 25.3301963806, 19.9331188202, -29.6002254486, 5.97121286392], [446.049865723, -192.559509277, 64.4440689087, -10.8134994507, -34.8734359741, 59.9188423157, -34.2630653381, 36.5817222595, 25.3301963806, 110.985725403, 3.34021735191, 27.5734825134, -30.2438392639], [-465.979217529, 135.700592041, -45.2485580444, -15.8275909424, 12.0278453827, -28.9577522278, 27.3327102661, -24.4188804626, 19.9331188202, 3.34021735191, 87.6642150879, 0.880978107452, 19.792470932], [319.294311523, -148.44744873, 95.4392852783, -7.66867876053, -28.2132091522, 59.6867790222, -16.1303710938, 8.519947052, -29.6002254486, 27.5734825134, 0.880978107452, 88.4600601196, 1.82492613792], [-379.134094238, 73.8484573364, -43.6605873108, 35.4465904236, 27.1934623718, -33.9185142517, 13.6191596985, -20.5032310486, 5.97121286392, -30.2438392639, 19.792470932, 1.82492613792, 68.33543396]],
        "icov": [[0.00019718441763, -0.000409638421843, 0.000398886622861, -0.000420805386966, 0.000542245688848, -0.000424273137469, 0.00054605974583, -0.000579276529606, 0.000734998902772, -0.000868904113304, 0.00100860209204, -0.000756646040827, 0.000580113963224], [-0.000409638421843, 0.0019211898325, -0.00117463851348, 0.00132163136732, -0.00150513881817, 0.00148312747478, -0.00145859946497, 0.00122724531684, -0.00178900011815, 0.00314690032974, -0.00347077706829, 0.00270157237537, -0.00130873220041], [0.000398886622861, -0.00117463851348, 0.00182475638576, -0.00100860651582, 0.00087317742873, -0.001572233974, 0.00161638355348, -0.000882179650944, 0.000704980746377, -0.00189648196101, 0.00284225377254, -0.00298674963415, 0.00181243254337], [-0.000420805386966, 0.00132163136732, -0.00100860651582, 0.00366408820264, -0.00200464483351, 0.000551571662072, -0.000646684202366, 0.000867661612574, -0.00181052158587, 0.00253366888501, -0.00228010979481, 0.00261811120436, -0.00297721056268], [0.000542245688848, -0.00150513881817, 0.00087317742873, -0.00200464483351, 0.00680371560156, -0.000618678808678, 0.000451719155535, -0.00123275106307, 0.00227220659144, -0.00263340445235, 0.00315949553624, -0.00127127731685, 0.000513090868481], [-0.000424273137469, 0.00148312747478, -0.001572233974, 0.000551571662072, -0.000618678808678, 0.00675965473056, -0.00377065362409, -0.000603734748438, 0.00085258751642, -3.91969224438e-05, -0.00200014817528, 0.000706640188582, -0.000607022142503], [0.00054605974583, -0.00145859946497, 0.00161638355348, -0.000646684202366, 0.000451719155535, -0.00377065362409, 0.00976201333106, -0.00266808527522, -0.000224927338422, 0.00136009627022, 0.000412014662288, -0.00203246320598, 0.00173319398891], [-0.000579276529606, 0.00122724531684, -0.000882179650944, 0.000867661612574, -0.00123275106307, -0.000603734748438, -0.00266808527522, 0.0128871947527, -0.00600511394441, 0.000935895310249, 0.000475771958008, 0.00116195203736, -0.000194465348613], [0.000734998902772, -0.00178900011815, 0.000704980746377, -0.00181052158587, 0.00227220659144, 0.00085258751642, -0.000224927338422, -0.00600511394441, 0.0186429936439, -0.0100426198915, 0.00151470710989, 0.00349737773649, -0.00144299631938], [-0.000868904113304, 0.00314690032974, -0.00189648196101, 0.00253366888501, -0.00263340445235, -3.91969224438e-05, 0.00136009627022, 0.000935895310249, -0.0100426198915, 0.0222552996129, -0.00922277290374, -0.000254553277045, 0.00369602418505], [0.00100860209204, -0.00347077706829, 0.00284225377254, -0.00228010979481, 0.00315949553624, -0.00200014817528, 0.000412014662288, 0.000475771958008, 0.00151470710989, -0.00922277290374, 0.0222559925169, -0.0071761123836, -0.000312786869472], [-0.000756646040827, 0.00270157237537, -0.00298674963415, 0.00261811120436, -0.00127127731685, 0.000706640188582, -0.00203246320598, 0.00116195203736, 0.00349737773649, -0.000254553277045, -0.0071761123836, 0.0221338421106, -0.00770438788459], [0.000580113963224, -0.00130873220041, 0.00181243254337, -0.00297721056268, 0.000513090868481, -0.000607022142503, 0.00173319398891, -0.000194465348613, -0.00144299631938, 0.00369602418505, -0.000312786869472, -0.00770438788459, 0.023117845878]]
    },
    "melbands": {
        "dmean": [0.00112098781392, 0.00135201495141, 0.000434865214629, 0.000366788968677, 0.00020411152218, 9.6048861451e-05, 0.000125346065033, 0.000205867618206, 0.000104671060399, 9.27669752855e-05, 6.82947793393e-05, 4.17927694798e-05, 5.17263542861e-05, 4.65713565063e-05, 4.07234292652e-05, 2.93949415209e-05, 2.33677728829e-05, 2.13795519812e-05, 1.79279504664e-05, 1.80665738299e-05, 2.42120422627e-05, 1.9755512767e-05, 2.05108772207e-05, 1.04248010757e-05, 1.16712817544e-05, 1.12357711259e-05, 8.60043746798e-06, 6.71389716445e-06, 4.50404695584e-06, 3.58884153684e-06, 3.39731286658e-06, 2.23965321311e-06, 1.90485297935e-06, 1.61900982221e-06, 1.39819985634e-06, 1.293072728e-06, 1.14737110835e-06, 1.35353388941e-06, 1.29542377181e-06, 1.05988453925e-06],
        "dmean2": [0.0019399963785, 0.00235196948051, 0.00072335411096, 0.000635455537122, 0.000342121784342, 0.000158006252605, 0.0001957888162, 0.000311320531182, 0.000162430282217, 0.000145082914969, 0.000105775201519, 6.64808831061e-05, 8.05085583124e-05, 7.2773975262e-05, 6.38813799014e-05, 4.70908198622e-05, 3.77938522433e-05, 3.35377990268e-05, 2.88279970846e-05, 2.91888700303e-05, 3.94782691728e-05, 3.15365105052e-05, 3.36876000802e-05, 1.7618351194e-05, 1.91409217223e-05, 1.86298202607e-05, 1.45343929034e-05, 1.1438666661e-05, 7.50143499317e-06, 6.02118461757e-06, 5.67574716115e-06, 3.68844689547e-06, 3.11710823553e-06, 2.5212464152e-06, 2.09766881198e-06, 2.01577086045e-06, 1.77055937911e-06, 1.96554401555e-06, 1.86329532426e-06, 1.55751411057e-06],
        "dvar": [1.53893997776e-05, 1.37340493893e-05, 6.11410939655e-07, 9.502850844e-07, 3.07828258883e-07, 6.86892605017e-08, 1.09601259624e-07, 3.04777529436e-07, 8.54744257595e-08, 5.80490464586e-08, 3.66106860383e-08, 1.45611114277e-08, 2.32861623317e-08, 1.70926703902e-08, 1.52594470393e-08, 6.44046016518e-09, 3.76652442569e-09, 2.72876232721e-09, 2.56934451492e-09, 1.83144743815e-09, 2.21431495362e-09, 1.1500576047e-09, 8.89540219262e-10, 4.99818630928e-10, 2.70716477013e-10, 2.80224288218e-10, 2.36221292527e-10, 2.32513522325e-10, 7.78247813416e-11, 4.41892772374e-11, 4.29510871314e-11, 1.97904938964e-11, 3.27571615666e-11, 5.84442216844e-11, 2.77020698047e-11, 1.90114417264e-11, 2.01538317285e-11, 2.98791338893e-11, 3.53737421299e-11, 1.91615091849e-11],
        "dvar2": [4.11485889344e-05, 3.87763029721e-05, 1.66685993008e-06, 2.61245713773e-06, 8.22003983103e-07, 1.80398672001e-07, 2.57244238355e-07, 6.66667745008e-07, 1.93199554133e-07, 1.3150335576e-07, 7.99875934376e-08, 3.79585785026e-08, 5.63249713537e-08, 4.1697010289e-08, 3.42483517102e-08, 1.51652290725e-08, 8.97480845197e-09, 6.18641315953e-09, 6.07357186766e-09, 4.41052172562e-09, 5.54517587403e-09, 2.77827916229e-09, 2.27503105243e-09, 1.40133060711e-09, 6.91779467044e-10, 7.35564886778e-10, 6.19800044621e-10, 6.09932548912e-10, 2.01544267386e-10, 1.16405871053e-10, 1.08163637769e-10, 5.02904558275e-11, 8.09452227468e-11, 1.24611654329e-10, 5.24159465831e-11, 3.94315760599e-11, 3.62650395824e-11, 5.55797977086e-11, 7.186689438e-11, 3.93630891771e-11],
        "max": [0.036560870707, 0.0438209064305, 0.0218178443611, 0.0132616795599, 0.00895559228957, 0.00476068910211, 0.00653202831745, 0.0112290820107, 0.00644346373156, 0.0069334176369, 0.0059377187863, 0.00324153457768, 0.00495688384399, 0.00287118204869, 0.00621885806322, 0.00278198905289, 0.0011521903798, 0.00154716277029, 0.00170877249911, 0.00149528891779, 0.0019339309074, 0.000937019241974, 0.000476419721963, 0.000762996613048, 0.000365658226656, 0.000286170368781, 0.000228084318223, 0.000415823626099, 0.000159965173225, 0.000169901119079, 0.000202883544262, 0.000140701886266, 0.00039306859253, 0.00056064123055, 0.000241895599174, 0.000171821491676, 0.000160023482749, 0.000184712669579, 0.000240370020038, 0.000139409748954],
        "mean": [0.00142488139682, 0.00237476825714, 0.000980059034191, 0.00059870025143, 0.000307878071908, 0.000154936336912, 0.000214207320823, 0.000420320226112, 0.000175970475539, 0.000166432422702, 0.000122655983432, 7.53621206968e-05, 9.56941730692e-05, 7.77886889409e-05, 6.80644079694e-05, 5.00823371112e-05, 3.77613469027e-05, 3.45856969943e-05, 2.89101299131e-05, 3.23156746163e-05, 4.61456147605e-05, 4.23646415584e-05, 4.07151310355e-05, 1.89637703443e-05, 2.45987976086e-05, 2.34642811847e-05, 1.54795088747e-05, 1.16960063679e-05, 8.53912843013e-06, 7.01859471519e-06, 6.49473031444e-06, 4.3765890041e-06, 3.88237094739e-06, 3.32774106937e-06, 2.7086728096e-06, 2.43689714807e-06, 2.12541726796e-06, 2.4471571578e-06, 2.26544943871e-06, 1.96642781702e-06],
        "median": [0.000687537132762, 0.00164510146715, 0.000743389478885, 0.000403710902901, 0.000149880710524, 6.98423827998e-05, 5.87221802562e-05, 5.18900378665e-05, 4.1288403736e-05, 5.09950659762e-05, 3.12117117574e-05, 1.79585622391e-05, 1.50197247422e-05, 1.65744113474e-05, 1.90878254216e-05, 1.33402782012e-05, 1.22531801026e-05, 1.3697531358e-05, 1.0613152881e-05, 1.65910605574e-05, 2.96211856039e-05, 2.94329529424e-05, 2.96197740681e-05, 1.29828149511e-05, 1.88603989955e-05, 1.68086589838e-05, 9.55246923695e-06, 6.55676285533e-06, 4.60520050183e-06, 4.18616036768e-06, 3.32258991875e-06, 1.72647310137e-06, 1.7133666006e-06, 1.24523296563e-06, 1.00188981378e-06, 9.34202546432e-07, 8.14150723727e-07, 7.99698682385e-07, 7.45146905956e-07, 7.19683100669e-07],
        "min": [7.93356939064e-24, 1.05001141463e-23, 1.14790700193e-23, 9.63015912887e-24, 4.54890566767e-24, 2.87245949266e-24, 3.99748242859e-24, 4.60463395746e-24, 1.02842597145e-23, 3.587991438e-24, 4.41387319108e-24, 4.98287225113e-24, 6.97510891283e-24, 9.09679054932e-24, 3.36556618932e-24, 6.23894509936e-24, 6.81207818499e-24, 1.07753082731e-23, 1.07508370189e-23, 7.0093375875e-24, 4.28370956399e-24, 4.05577057201e-24, 5.24880988405e-24, 7.1188283257e-24, 9.88665409675e-24, 7.85470775481e-24, 8.77506703976e-24, 9.63602588742e-24, 6.66527274825e-24, 8.95148079286e-24, 1.02856891305e-23, 9.95979254672e-24, 1.24359677636e-23, 7.99787890936e-24, 1.00346057484e-23, 8.27026390246e-24, 6.70654516195e-24, 9.0815505455e-24, 6.8737402865e-24, 8.85757715728e-24],
        "var": [1.11557974378e-05, 1.14139256766e-05, 9.83020299827e-07, 7.76007198056e-07, 3.22229738003e-07, 8.29897786048e-08, 2.26817789439e-07, 1.17318109005e-06, 2.08386381928e-07, 1.90977104353e-07, 9.80213599178e-08, 3.72767736678e-08, 7.03284612769e-08, 3.96845152295e-08, 3.13195123169e-08, 1.50531000997e-08, 7.81859199606e-09, 5.48189094118e-09, 4.56611060073e-09, 3.94545685012e-09, 5.41179412394e-09, 3.1317441973e-09, 1.8826138426e-09, 6.03529504151e-10, 6.34561181379e-10, 6.24234830493e-10, 3.95022181632e-10, 3.75641628914e-10, 1.44491127396e-10, 8.61848092892e-11, 9.28223470309e-11, 4.84102757881e-11, 5.85160461752e-11, 1.2408638006e-10, 6.36971655976e-11, 3.77956346775e-11, 4.16754200594e-11, 6.22072462986e-11, 6.08265729451e-11, 3.43021201721e-11]
    },
    "mfcc": {
        "mean": [-636.413513184, 103.465614319, -0.850989282131, 35.8063850403, 12.9346580505, 0.552846133709, 5.92656993866, 7.97520685196, 4.23050737381, 0.253315925598, 0.828890323639, 1.40644013882, -2.21416020393],
        "cov": [[11044.0234375, -915.115539551, -480.327331543, -273.153778076, -212.683166504, 101.159469604, 8.29565048218, 64.5508346558, 104.763801575, 74.7910003662, 93.026008606, 115.080696106, 161.661422729], [-915.115539551, 1490.70288086, 18.4772644043, 18.7893924713, 5.26001024246, -97.2423324585, 16.839887619, 15.6200065613, -36.7592735291, -28.9700946808, 25.5592288971, 11.5062875748, -14.4693384171], [-480.327331543, 18.4772644043, 1080.11499023, 0.078578799963, 149.401672363, 149.460403442, 2.86993074417, 53.8920478821, 35.3522911072, 34.6910552979, 38.1197090149, -8.12292480469, 55.9205741882], [-273.153778076, 18.7893924713, 0.078578799963, 366.691864014, 110.124214172, 2.56785273552, -5.1727604866, 1.58945333958, 21.4398956299, 3.57355237007, -29.0156040192, -0.138303950429, -20.1102485657], [-212.683166504, 5.26001024246, 149.401672363, 110.124214172, 205.408737183, 37.2814445496, -3.21882820129, -3.46715450287, 15.0625286102, 16.8360748291, 4.33750391006, -13.4944210052, -6.0432600975], [101.159469604, -97.2423324585, 149.460403442, 2.56785273552, 37.2814445496, 165.732345581, 62.2272605896, 37.394367218, 11.3908071518, 7.28506135941, 5.5144405365, -6.80577850342, 11.8457317352], [8.29565048218, 16.839887619, 2.86993074417, -5.1727604866, -3.21882820129, 62.2272605896, 125.136146545, 62.4221954346, 12.1872587204, -6.89287662506, 1.49769234657, 4.79144716263, 2.23934197426], [64.5508346558, 15.6200065613, 53.8920478821, 1.58945333958, -3.46715450287, 37.394367218, 62.4221954346, 108.816200256, 40.2513847351, 6.16389894485, 4.44372034073, -0.0744126960635, 6.19504165649], [104.763801575, -36.7592735291, 35.3522911072, 21.4398956299, 15.0625286102, 11.3908071518, 12.1872587204, 40.2513847351, 85.1062850952, 43.4616470337, 11.9451265335, 1.15242266655, 0.359809547663], [74.7910003662, -28.9700946808, 34.6910552979, 3.57355237007, 16.8360748291, 7.28506135941, -6.89287662506, 6.16389894485, 43.4616470337, 78.3802642822, 40.0438537598, 6.22682189941, -0.645683705807], [93.026008606, 25.5592288971, 38.1197090149, -29.0156040192, 4.33750391006, 5.5144405365, 1.49769234657, 4.44372034073, 11.9451265335, 40.0438537598, 75.6828918457, 29.389623642, 9.64224433899], [115.080696106, 11.5062875748, -8.12292480469, -0.138303950429, -13.4944210052, -6.80577850342, 4.79144716263, -0.0744126960635, 1.15242266655, 6.22682189941, 29.389623642, 61.5787124634, 29.5116252899], [161.661422729, -14.4693384171, 55.9205741882, -20.1102485657, -6.0432600975, 11.8457317352, 2.23934197426, 6.19504165649, 0.359809547663, -0.645683705807, 9.64224433899, 29.5116252899, 66.2202682495]],
