{
"lowlevel": {
    "average_loudness": 0.943187594414,
    "barkbands_crest": {
        "dmean": 2.04457259178,
        "dmean2": 3.36592006683,
        "dvar": 4.17481279373,
        "dvar2": 11.0867738724,
        "max": 26.7613544464,
        "mean": 9.79929828644,
        "median": 9.0603761673,
        "min": 2.47516679764,
        "var": 15.3037652969
    },
    "barkbands_flatness_db": {
        "dmean": 0.0163753405213,
        "dmean2": 0.0248135793954,
        "dvar": 0.000337457895512,
        "dvar2": 0.000783411727753,
        "max": 0.516042649746,
        "mean": 0.116068221629,
        "median": 0.107993029058,
        "min": 0.0321069806814,
        "var": 0.00219368957914
    },
    "barkbands_kurtosis": {
        "dmean": 4.07029914856,
        "dmean2": 6.27147579193,
        "dvar": 1176.47387695,
        "dvar2": 2666.51538086,
        "max": 1961.53979492,
        "mean": 4.83088302612,
        "median": 0.42910027504,
        "min": -1.89493560791,
        "var": 1595.7401123
    },
    "barkbands_skewness": {
        "dmean": 0.470367193222,
        "dmean2": 0.735628783703,
        "dvar": 0.977778255939,
        "dvar2": 2.23806715012,
        "max": 42.3302268982,
        "mean": 1.52507305145,
        "median": 1.24485981464,
        "min": -2.31502127647,
        "var": 3.14096808434
    },
    "barkbands_spread": {
        "dmean": 5.80616760254,
        "dmean2": 8.93896961212,
        "dvar": 46.9352455139,
        "dvar2": 106.175376892,
        "max": 133.047973633,
        "mean": 33.5166702271,
        "median": 33.774307251,
        "min": 0.239322766662,
        "var": 264.120513916
    },
    "dissonance": {
        "dmean": 0.00980775244534,
        "dmean2": 0.0165109392256,
        "dvar": 0.000179849535925,
        "dvar2": 0.000524538336322,
        "max": 0.500000059605,
        "mean": 0.47723993659,
        "median": 0.48444250226,
        "min": 0.216228500009,
        "var": 0.000582198263146
    },
    "dynamic_complexity": 2.60511183739,
    "erbbands_crest": {
        "dmean": 1.89936864376,
        "dmean2": 3.05712985992,
        "dvar": 3.59023022652,
        "dvar2": 8.58950424194,
        "max": 30.9573402405,
        "mean": 7.73040819168,
        "median": 6.76191139221,
        "min": 2.37534594536,
        "var": 12.431014061
    },
    "erbbands_flatness_db": {
        "dmean": 0.0113120330498,
        "dmean2": 0.0169510878623,
        "dvar": 0.000114680689876,
        "dvar2": 0.000235496292589,
        "max": 0.34925583005,
        "mean": 0.133308082819,
        "median": 0.128877088428,
        "min": 0.0268548261374,
        "var": 0.00143107026815
    },
    "erbbands_kurtosis": {
        "dmean": 0.748096048832,
        "dmean2": 1.19297814369,
        "dvar": 0.8603489995,
        "dvar2": 2.12031388283,
        "max": 20.175327301,
        "mean": 0.37155482173,
        "median": -0.083340883255,
        "min": -1.83563327789,
        "var": 3.00983643532
    },
    "erbbands_skewness": {
        "dmean": 0.266967535019,
        "dmean2": 0.411217749119,
        "dvar": 0.0614633709192,
        "dvar2": 0.138308495283,
        "max": 3.62662386894,
        "mean": -0.479359149933,
        "median": -0.599006414413,
        "min": -3.62177157402,
        "var": 0.634159684181
    },
    "erbbands_spread": {
        "dmean": 7.31870794296,
        "dmean2": 11.6646289825,
        "dvar": 54.0160179138,
        "dvar2": 135.235198975,
        "max": 131.793884277,
        "mean": 44.2477760315,
        "median": 42.9369163513,
        "min": 4.33035421371,
        "var": 252.886795044
    },
    "hfc": {
        "dmean": 4.97725296021,
        "dmean2": 7.34653997421,
        "dvar": 48.378578186,
        "dvar2": 96.4861602783,
        "max": 131.64781189,
        "mean": 26.2573833466,
        "median": 25.4117431641,
        "min": 1.1230412801e-16,
        "var": 313.992858887
    },
    "melbands_crest": {
        "dmean": 2.53544354439,
        "dmean2": 4.16671133041,
        "dvar": 5.93996238708,
        "dvar2": 15.6675643921,
        "max": 39.8512458801,
        "mean": 15.0961894989,
        "median": 14.3489732742,
        "min": 1.7670083046,
        "var": 26.6981716156
    },
    "melbands_flatness_db": {
        "dmean": 0.0193778313696,
        "dmean2": 0.0295515526086,
        "dvar": 0.000418297830038,
        "dvar2": 0.000977712101303,
        "max": 0.511286318302,
        "mean": 0.184266030788,
        "median": 0.178939923644,
        "min": 0.00382310082205,
        "var": 0.0031044757925
    },
    "melbands_kurtosis": {
        "dmean": 7.46363306046,
        "dmean2": 11.809425354,
        "dvar": 1556.7097168,
        "dvar2": 3525.49316406,
        "max": 3269.31396484,
        "mean": 16.4754123688,
        "median": 8.25839424133,
        "min": -1.73134505749,
        "var": 3117.75585938
    },
    "melbands_skewness": {
        "dmean": 0.629236876965,
        "dmean2": 0.998458504677,
        "dvar": 0.891943097115,
        "dvar2": 2.07516217232,
        "max": 54.1092681885,
        "mean": 3.16041493416,
        "median": 2.76688075066,
        "min": -1.29012405872,
        "var": 4.37957048416
    },
    "melbands_spread": {
        "dmean": 7.24366426468,
        "dmean2": 11.4789562225,
        "dvar": 81.9291152954,
        "dvar2": 197.017776489,
        "max": 180.354034424,
        "mean": 29.6291751862,
        "median": 25.5275764465,
        "min": 0.262474119663,
        "var": 366.831298828
    },
    "pitch_salience": {
        "dmean": 0.0549812763929,
        "dmean2": 0.0907004922628,
        "dvar": 0.00269126356579,
        "dvar2": 0.00707426667213,
        "max": 0.822385132313,
        "mean": 0.526880800724,
        "median": 0.533680081367,
        "min": 0.00815382506698,
        "var": 0.0111838877201
    },
    "silence_rate_20dB": {
        "dmean": 0,
        "dmean2": 0,
        "dvar": 0,
        "dvar2": 0,
        "max": 1,
        "mean": 1,
        "median": 1,
        "min": 1,
        "var": 0
    },
    "silence_rate_30dB": {
        "dmean": 0,
        "dmean2": 0,
        "dvar": 0,
        "dvar2": 0,
        "max": 1,
        "mean": 1,
        "median": 1,
        "min": 1,
        "var": 0
    },
    "silence_rate_60dB": {
        "dmean": 0.00893582496792,
        "dmean2": 0.0178731009364,
        "dvar": 0.00885603390634,
        "dvar2": 0.019991831854,
        "max": 1,
        "mean": 0.0545041002333,
        "median": 0,
        "min": 0,
        "var": 0.0515312328935
    },
    "spectral_centroid": {
        "dmean": 229.69720459,
        "dmean2": 360.043945312,
        "dvar": 61473.4179688,
        "dvar2": 136799.390625,
        "max": 11582.09375,
        "mean": 1914.20922852,
        "median": 2015.55224609,
        "min": 184.310699463,
        "var": 700338.5
    },
    "spectral_complexity": {
        "dmean": 3.47262382507,
        "dmean2": 5.46819400787,
        "dvar": 12.2199668884,
        "dvar2": 25.8538284302,
        "max": 63,
        "mean": 27.1794338226,
        "median": 27,
        "min": 0,
        "var": 175.701461792
    },
    "spectral_decrease": {
        "dmean": 1.50102441587e-09,
        "dmean2": 2.49896903171e-09,
        "dvar": 4.63901085493e-18,
        "dvar2": 1.30304893356e-17,
        "max": 9.34759306861e-29,
        "mean": -6.9415695414e-09,
        "median": -7.18213533091e-09,
        "min": -2.71257860618e-08,
        "var": 1.30808480913e-17
    },
    "spectral_energy": {
        "dmean": 0.00586468912661,
        "dmean2": 0.00974359549582,
        "dvar": 6.82685567881e-05,
        "dvar2": 0.000190749851754,
        "max": 0.105485327542,
        "mean": 0.0285807121545,
        "median": 0.0298740491271,
        "min": 1.01576309037e-20,
        "var": 0.000211975551792
    },
    "spectral_energyband_high": {
        "dmean": 0.000405416649301,
        "dmean2": 0.000577694794629,
        "dvar": 5.05900686676e-07,
        "dvar2": 9.26979907945e-07,
        "max": 0.0180173255503,
        "mean": 0.00133704999462,
        "median": 0.000984599580988,
        "min": 7.33727540249e-21,
        "var": 1.89783463611e-06
    },
    "spectral_energyband_low": {
        "dmean": 0.00414079427719,
        "dmean2": 0.00707872956991,
        "dvar": 5.62608183827e-05,
        "dvar2": 0.000160569426953,
        "max": 0.0877344980836,
        "mean": 0.0129422405735,
        "median": 0.0119078513235,
        "min": 2.44729486141e-23,
        "var": 0.000105832805275
    },
    "spectral_energyband_middle_high": {
        "dmean": 0.00126445223577,
        "dmean2": 0.00199538236484,
        "dvar": 2.69354677584e-06,
        "dvar2": 6.72563237458e-06,
        "max": 0.0307169668376,
        "mean": 0.00572700053453,
        "median": 0.00500815594569,
        "min": 1.22204555713e-21,
        "var": 1.82465555554e-05
    },
    "spectral_energyband_middle_low": {
        "dmean": 0.00330481235869,
        "dmean2": 0.00522646075115,
        "dvar": 1.6786141714e-05,
        "dvar2": 4.19277530455e-05,
        "max": 0.0571256652474,
        "mean": 0.00962104555219,
        "median": 0.0076799322851,
        "min": 1.8344271202e-22,
        "var": 5.48515999981e-05
    },
    "spectral_entropy": {
        "dmean": 0.100181624293,
        "dmean2": 0.145205631852,
        "dvar": 0.0115043278784,
        "dvar2": 0.021621549502,
        "max": 9.82234191895,
        "mean": 7.75389623642,
        "median": 7.81273889542,
        "min": 5.60753679276,
        "var": 0.155680328608
    },
    "spectral_flux": {
        "dmean": 0.0155135542154,
        "dmean2": 0.0244431421161,
        "dvar": 0.000395400275011,
        "dvar2": 0.000793046143372,
        "max": 0.270221203566,
        "mean": 0.0727629065514,
        "median": 0.0708603188396,
        "min": 6.49363895988e-11,
        "var": 0.00133542041294
    },
    "spectral_kurtosis": {
        "dmean": 1.01063203812,
        "dmean2": 1.71788859367,
        "dvar": 1.57898283005,
        "dvar2": 4.58881807327,
        "max": 55.0273666382,
        "mean": 4.30276107788,
        "median": 3.66681241989,
        "min": -1.2632291317,
        "var": 13.7727861404
    },
    "spectral_rms": {
        "dmean": 0.000509857665747,
        "dmean2": 0.00083544140216,
        "dvar": 3.82628911666e-07,
        "dvar2": 1.04392086087e-06,
        "max": 0.0101445801556,
        "mean": 0.00501545192674,
        "median": 0.00539864925668,
        "min": 3.14799683716e-12,
        "var": 2.72877559837e-06
    },
    "spectral_rolloff": {
        "dmean": 500.768554688,
        "dmean2": 830.301818848,
        "dvar": 763221.375,
        "dvar2": 1792114.25,
        "max": 19315.2832031,
        "mean": 1953.15332031,
        "median": 1937.98828125,
        "min": 21.533203125,
        "var": 2741016.75
    },
    "spectral_skewness": {
        "dmean": 0.144073292613,
        "dmean2": 0.234156385064,
        "dvar": 0.0198472738266,
        "dvar2": 0.0509186461568,
        "max": 6.32266950607,
        "mean": 1.35196912289,
        "median": 1.25727939606,
        "min": -0.0946243703365,
        "var": 0.299416571856
    },
    "spectral_spread": {
        "dmean": 409628.875,
        "dmean2": 591740.625,
        "dvar": 386227142656,
        "dvar2": 738127183872,
        "max": 42513572,
        "mean": 4618029,
        "median": 4343393.5,
        "min": 1534267.375,
        "var": 4.92425392947e+12
    },
    "spectral_strongpeak": {
        "dmean": 0.301159054041,
        "dmean2": 0.520713508129,
        "dvar": 0.462949037552,
        "dvar2": 1.21506285667,
        "max": 11.1711120605,
        "mean": 0.607547521591,
        "median": 0.373811751604,
        "min": 0,
        "var": 0.659584224224
    },
    "zerocrossingrate": {
        "dmean": 0.00966443866491,
        "dmean2": 0.0116004981101,
        "dvar": 0.000142193966894,
        "dvar2": 0.000198692097911,
        "max": 0.52197265625,
        "mean": 0.0718493312597,
        "median": 0.06787109375,
        "min": 0,
        "var": 0.00145078531932
    },
    "barkbands": {
        "dmean": [0.000149147686898, 0.00265144137666, 0.0018772368785, 0.00107101700269, 0.00184499926399, 0.000687229738105, 0.000635066069663, 0.000444737030193, 0.000240799068706, 0.000114021524496, 0.000134456873639, 0.000187918718439, 0.000155369998538, 0.000206407654332, 0.00024490893702, 0.000441379263066, 0.000412378372857, 0.000293198012514, 0.000330042472342, 0.000264382018941, 0.000140677992022, 8.7979460659e-05, 6.64498002152e-05, 6.68570792186e-05, 5.55280057597e-05, 3.36305165547e-05, 2.63833203462e-06],
        "dmean2": [0.000230579491472, 0.00450874818489, 0.0032757401932, 0.00184945832007, 0.00298714754172, 0.00107080524322, 0.000953219190706, 0.000656544056255, 0.000346516462741, 0.000181617899216, 0.000211473088712, 0.000297917722492, 0.000250273267739, 0.000332072086167, 0.0004019656335, 0.00073295889888, 0.000694971182384, 0.000489348371048, 0.000548007781617, 0.000430627871538, 0.00022773949604, 0.000132390254294, 9.83248173725e-05, 9.42545666476e-05, 7.83405048423e-05, 4.71777530038e-05, 4.14173427998e-06],
        "dvar": [1.18312023289e-07, 2.57690171566e-05, 1.18590751299e-05, 2.96980533676e-06, 8.30788849271e-06, 1.83059012215e-06, 2.2699616693e-06, 1.52087204697e-06, 8.46368493512e-07, 8.05392019743e-08, 1.40594991649e-07, 1.85484452686e-07, 1.16353760404e-07, 1.69918749293e-07, 1.8329814111e-07, 5.9260571561e-07, 5.9003542674e-07, 3.28710683561e-07, 2.10653439581e-07, 1.51251285274e-07, 5.30148653866e-08, 2.78620184702e-08, 2.25728111758e-08, 2.95070350376e-08, 1.62839945972e-08, 3.73379904772e-09, 2.27881619824e-11],
        "dvar2": [2.60682583075e-07, 7.39676033845e-05, 3.4640161175e-05, 8.47701085149e-06, 2.01270486286e-05, 4.15213480665e-06, 5.03193405166e-06, 3.32442687068e-06, 1.61532761922e-06, 1.81510159791e-07, 2.95929083904e-07, 4.5365422352e-07, 2.66595804987e-07, 4.03796917681e-07, 4.56319241948e-07, 1.56647911354e-06, 1.71917474745e-06, 8.85211647983e-07, 5.58956912755e-07, 3.75679775289e-07, 1.28119410192e-07, 5.51714016694e-08, 4.56453754794e-08, 5.36072803925e-08, 3.22466888747e-08, 7.25398541235e-09, 5.33529921631e-11],
        "max": [0.00606007408351, 0.063682064414, 0.0416263975203, 0.0212443135679, 0.0557501725852, 0.0393559671938, 0.0371145941317, 0.0271603260189, 0.0372689813375, 0.0170411355793, 0.0157634913921, 0.0198333654553, 0.00951988622546, 0.0146427107975, 0.0160439070314, 0.0175037309527, 0.0197626855224, 0.0263215303421, 0.0129141462967, 0.00754795409739, 0.00514616817236, 0.00503171002492, 0.00699190190062, 0.00481011532247, 0.00283224019222, 0.00133184727747, 7.15296118869e-05],
        "mean": [0.000259646651102, 0.00765652908012, 0.00404372531921, 0.00178491778206, 0.00363983190618, 0.00136155611835, 0.00129833479878, 0.000926668173634, 0.000519283581525, 0.000219811438001, 0.000255654536886, 0.000335593736963, 0.000275977188721, 0.000356726435712, 0.0004636796657, 0.000933273520786, 0.000884397246409, 0.000680991914123, 0.000892424606718, 0.000720070383977, 0.000373597024009, 0.000213163235458, 0.000151653119246, 0.00014648278011, 0.000112369780254, 7.05163911334e-05, 3.86306601285e-06],
        "median": [3.22766027239e-05, 0.00583202484995, 0.00300123705529, 0.00120861560572, 0.00212261034176, 0.000567327544559, 0.000338193494827, 0.000189921309357, 0.000116697054182, 0.000120345379401, 0.000104967140942, 0.000198380832444, 0.000149797284394, 0.000188232486835, 0.000292882643407, 0.00046469370136, 0.000478609959828, 0.000406351085985, 0.000671161396895, 0.000531687343027, 0.000276501436019, 0.000135955560836, 8.46753537189e-05, 6.8567947892e-05, 4.81878632854e-05, 3.64976003766e-05, 1.36324138111e-06],
        "min": [1.184808929e-24, 3.54266309596e-24, 4.15165424846e-24, 3.02684179048e-25, 1.8243078965e-23, 1.12513069433e-23, 1.11839397997e-23, 9.49506117682e-24, 3.03213203962e-23, 1.8971841291e-23, 1.84761984066e-23, 2.87934451287e-23, 5.57645142812e-23, 3.74334662812e-23, 6.1789903295e-23, 4.95792484054e-23, 9.20215144291e-23, 7.72714752648e-23, 1.48508959777e-22, 2.08131142724e-22, 2.17984305731e-22, 3.98795617585e-22, 4.76776373467e-22, 6.73244289749e-22, 9.20612237938e-22, 1.14029906959e-21, 2.09352264064e-21],
        "var": [3.24423439224e-07, 5.52112833248e-05, 1.66387817444e-05, 3.97351686843e-06, 2.20053443627e-05, 5.93197773924e-06, 7.59749946155e-06, 5.15991905559e-06, 4.5367819439e-06, 2.35974866314e-07, 4.67674880156e-07, 3.47730804151e-07, 2.26894798061e-07, 3.52851003527e-07, 3.69064622419e-07, 1.53071061959e-06, 1.59255478138e-06, 6.92714820616e-07, 7.82927827458e-07, 5.39332120297e-07, 1.46066454931e-07, 7.10112857405e-08, 5.73870799769e-08, 9.21310743252e-08, 4.47813164328e-08, 9.76938796526e-09, 4.02266900346e-11]
    },
    "erbbands": {
        "dmean": [0.0729883611202, 0.651931703091, 1.96549510956, 2.91087794304, 5.3771109581, 6.47700595856, 5.2954659462, 5.56649780273, 8.1078453064, 11.6657352448, 7.36969184875, 5.37034654617, 3.65656518936, 4.17430305481, 4.73194980621, 8.49230861664, 6.58577299118, 10.2738027573, 10.2190151215, 15.7167682648, 25.0024681091, 18.3709163666, 15.6941318512, 15.4447460175, 16.3851509094, 12.0148649216, 6.12072038651, 5.35486412048, 3.28864645958, 2.4647808075, 1.88461923599, 1.46715247631, 1.12288403511, 0.720383882523, 0.363237023354, 0.186197459698, 0.0543644018471, 0.0100449500605, 0.000228806122323, 1.10119844976e-05],
        "dmean2": [0.122448645532, 1.11718428135, 3.41814517975, 5.0326833725, 9.00402259827, 10.4170942307, 8.19997787476, 8.77569675446, 12.5594024658, 16.7437705994, 10.8624000549, 7.80155611038, 5.64446687698, 6.63390684128, 7.46308898926, 13.3779640198, 10.5394363403, 16.4054737091, 16.6078281403, 25.8582229614, 41.2845611572, 30.6731033325, 26.0761528015, 25.7623176575, 26.7672481537, 19.6165657043, 9.84186172485, 8.81325912476, 4.97747659683, 3.6702876091, 2.80567312241, 2.13235044479, 1.58860826492, 1.02147829533, 0.524977266788, 0.267366856337, 0.0771169364452, 0.0145235294476, 0.000331637711497, 1.64333850989e-05],
        "dvar": [0.0261564776301, 1.50308775902, 13.1481809616, 25.0790481567, 67.4134063721, 149.749542236, 106.191589355, 153.632568359, 377.864044189, 1066.69445801, 393.758514404, 472.594146729, 110.977882385, 101.045684814, 210.775695801, 371.36239624, 176.082458496, 450.520751953, 317.489562988, 856.844116211, 1971.65161133, 857.809265137, 1135.95690918, 544.370605469, 550.672668457, 325.636322021, 104.185173035, 85.9569015503, 40.4155731201, 25.7671279907, 19.0404033661, 13.4791002274, 8.33665752411, 3.38454985619, 0.604939937592, 0.133960530162, 0.00925052911043, 0.000304738990963, 1.60581663522e-07, 2.19623319531e-10],
        "dvar2": [0.0709545910358, 4.35294914246, 38.453754425, 71.826210022, 178.60269165, 347.122741699, 245.133209229, 357.976043701, 852.464050293, 2250.79663086, 828.01965332, 927.055664062, 213.07170105, 226.886856079, 464.886108398, 920.864746094, 406.737884521, 1054.38916016, 776.953613281, 2251.28466797, 5290.15527344, 2366.67016602, 3061.68457031, 1497.48974609, 1406.05249023, 809.6328125, 241.639221191, 217.308013916, 83.552230835, 52.5407371521, 39.0603866577, 26.2943725586, 15.2314081192, 6.56171035767, 1.28937888145, 0.266541272402, 0.0181563869119, 0.000618226302322, 3.28629795376e-07, 4.6224796213e-10],
        "max": [1.92655992508, 16.0180130005, 44.6445846558, 63.5996284485, 123.770439148, 292.993804932, 352.218139648, 469.991760254, 601.951416016, 782.97454834, 566.217102051, 999.001708984, 754.121032715, 366.392913818, 742.839416504, 1024.58935547, 460.397796631, 755.396118164, 433.322631836, 990.107116699, 1190.88586426, 701.621765137, 1801.11767578, 436.370147705, 776.825805664, 416.549346924, 305.695892334, 188.781555176, 163.685348511, 295.879364014, 194.291595459, 110.748352051, 74.7677536011, 51.7365608215, 17.0205898285, 8.81634616852, 1.70283317566, 0.254725128412, 0.00532514881343, 0.000196106557269],
        "mean": [0.176142498851, 1.86630916595, 4.87402439117, 5.59281635284, 8.98116493225, 12.6045789719, 11.0128450394, 10.9556827545, 16.6109466553, 25.1874485016, 16.1671237946, 11.8775959015, 7.69702529907, 8.15779304504, 9.56615066528, 15.973405838, 13.1666183472, 18.5600128174, 20.3252468109, 33.8258857727, 57.4158821106, 45.9219512939, 38.3562965393, 40.3055305481, 46.3125762939, 33.4329833984, 16.7870559692, 13.3731279373, 7.95878696442, 5.75951719284, 4.25365161896, 3.16176247597, 2.36729645729, 1.42093741894, 0.710162580013, 0.375959992409, 0.110093131661, 0.0191391874105, 0.000445499725174, 4.94285995956e-05],
        "median": [0.0701130032539, 1.51618337631, 4.00595474243, 4.11839818954, 5.75368261337, 5.6292052269, 5.11485385895, 4.49015188217, 5.56978559494, 4.72049617767, 4.5077419281, 3.11438274384, 3.9802172184, 4.24395370483, 4.53389835358, 9.56018066406, 7.90054893494, 9.96765041351, 13.2826986313, 22.3479290009, 28.0239009857, 26.6792049408, 22.8721027374, 29.0962142944, 36.2989616394, 24.4946460724, 12.3927717209, 9.62620830536, 5.07107830048, 3.38672471046, 2.40980887413, 1.56308495998, 1.06720507145, 0.566194176674, 0.327017754316, 0.189138993621, 0.0567259527743, 0.00900416262448, 0.000214857747778, 4.874703518e-05],
        "min": [9.14880046435e-23, 4.75998720697e-22, 4.15006085672e-21, 3.98723067625e-21, 2.05944659603e-20, 5.76505854364e-20, 6.08306296026e-20, 1.23790538424e-19, 1.85559035745e-19, 2.0971171443e-19, 2.01895232458e-19, 8.99210259523e-19, 8.04792503985e-19, 8.69868508835e-19, 1.03051246386e-18, 1.24716316381e-18, 2.58835587695e-18, 2.49400765629e-18, 2.71365388742e-18, 3.5565470025e-18, 3.18865883866e-18, 5.80623466396e-18, 5.91545600563e-18, 7.57569724412e-18, 7.23087873397e-18, 8.74006645285e-18, 9.82795454215e-18, 9.65222250255e-18, 1.43208191265e-17, 9.17863347772e-18, 1.36938443463e-17, 1.20971533263e-17, 1.13291591409e-17, 9.67997854801e-18, 5.83999107758e-18, 3.81735663605e-18, 2.01167615956e-18, 1.07315186668e-18, 2.77747449059e-19, 3.00365727095e-20],
        "var": [0.0510635562241, 3.1353931427, 19.9973468781, 32.1309967041, 108.427383423, 467.295837402, 324.518127441, 471.920043945, 1183.18811035, 3819.46557617, 1404.8572998, 2465.5546875, 469.406311035, 271.918273926, 648.07421875, 716.045227051, 377.027130127, 923.752807617, 675.78717041, 1774.28857422, 5559.06542969, 2967.76708984, 2243.29638672, 1636.16210938, 2214.80029297, 1144.40869141, 316.018066406, 195.958999634, 96.548500061, 67.9969863892, 46.3843765259, 35.7059707642, 26.8187541962, 9.71278572083, 1.37950611115, 0.346634954214, 0.0218793489039, 0.000715005968232, 3.71879110617e-07, 8.7873663901e-10]
    },
    "gfcc": {
        "mean": [10.6060609818, 70.8067932129, -109.137786865, 52.5129547119, -42.1316413879, 9.39876270294, -41.0872154236, 12.3608226776, -29.0475692749, 7.78574562073, -18.5364952087, 2.97012042999, -15.3796424866],
        "cov": [[20814.5234375, -428.853851318, -1052.99377441, 1694.52368164, 227.994247437, -53.5706977844, -537.596008301, 265.283477783, -227.494888306, 238.698867798, -521.565002441, -18.4076309204, -296.581573486], [-428.853851318, 878.190979004, -211.167541504, -295.628723145, -45.354598999, -145.20223999, 36.9870185852, -91.1097717285, -12.9137363434, -55.5697593689, 42.9676475525, -40.4829368591, 23.5562648773], [-1052.99377441, -211.167541504, 458.88079834, -56.0977096558, 19.0580501556, 135.987030029, 30.2051582336, 33.2390632629, 1.13359296322, 15.0073976517, 16.9370765686, 23.2005271912, -21.0110778809], [1694.52368164, -295.628723145, -56.0977096558, 646.981750488, 244.147827148, 43.1595916748, 31.190782547, 70.7395172119, 59.008441925, 19.4424381256, -27.1973571777, 2.77553415298, 13.3893671036], [227.994247437, -45.354598999, 19.0580501556, 244.147827148, 267.35345459, 36.6922302246, 73.445854187, 42.8930435181, 36.7009658813, 11.9498691559, -2.45359325409, 1.73720598221, 22.6764316559], [-53.5706977844, -145.20223999, 135.987030029, 43.1595916748, 36.6922302246, 232.940231323, 67.6679763794, 21.5303573608, -24.2319221497, -12.776137352, 12.1676836014, -8.66133022308, -28.6229667664], [-537.596008301, 36.9870185852, 30.2051582336, 31.190782547, 73.445854187, 67.6679763794, 183.915130615, 51.8446121216, 41.9034881592, 21.0952510834, 25.888338089, -9.12526798248, 1.82631516457], [265.283477783, -91.1097717285, 33.2390632629, 70.7395172119, 42.8930435181, 21.5303573608, 51.8446121216, 119.124298096, 61.1838302612, 38.2204170227, -5.61183738708, -3.68502998352, -2.56981182098], [-227.494888306, -12.9137363434, 1.13359296322, 59.008441925, 36.7009658813, -24.2319221497, 41.9034881592, 61.1838302612, 114.078353882, 40.3080978394, 8.89372730255, -8.52275466919, 8.59323310852], [238.698867798, -55.5697593689, 15.0073976517, 19.4424381256, 11.9498691559, -12.776137352, 21.0952510834, 38.2204170227, 40.3080978394, 91.2675094604, 22.7303791046, 9.68336296082, -8.74492359161], [-521.565002441, 42.9676475525, 16.9370765686, -27.1973571777, -2.45359325409, 12.1676836014, 25.888338089, -5.61183738708, 8.89372730255, 22.7303791046, 83.1476211548, 20.5820236206, 6.29810810089], [-18.4076309204, -40.4829368591, 23.2005271912, 2.77553415298, 1.73720598221, -8.66133022308, -9.12526798248, -3.68502998352, -8.52275466919, 9.68336296082, 20.5820236206, 63.8482093811, 24.0615921021], [-296.581573486, 23.5562648773, -21.0110778809, 13.3893671036, 22.6764316559, -28.6229667664, 1.82631516457, -2.56981182098, 8.59323310852, -8.74492359161, 6.29810810089, 24.0615921021, 71.5650405884]],
        "icov": [[0.000227321957937, -0.000439613999333, 0.000442252639914, -0.000767767953221, 0.000253662612522, -0.000493319530506, 0.000807102478575, -0.000898948055692, 0.00102158519439, -0.00132810312789, 0.00146954890806, -0.000823018432129, 0.000892133801244], [-0.000439613999333, 0.00311269774102, -7.09913656465e-05, 0.00268721091561, -0.0013597223442, 0.00219537643716, -0.00255340291187, 0.00270524341613, -0.00223627593368, 0.00399859249592, -0.0043289354071, 0.00304486555979, -0.00178446713835], [0.000442252639914, -7.09913656465e-05, 0.00413437141106, -0.000350209098542, -0.000432409753557, -0.00249783135951, 0.00179741624743, -0.0019678925164, 0.00125564879272, -0.00234320852906, 0.00252898293547, -0.00279960781336, 0.00243858317845], [-0.000767767953221, 0.00268721091561, -0.000350209098542, 0.00598470214754, -0.00381647935137, 0.00143147702329, -0.00224719638936, 0.0028666194994, -0.00452605448663, 0.00514813419431, -0.00499982247129, 0.00271638692357, -0.00264746299945], [0.000253662612522, -0.0013597223442, -0.000432409753557, -0.00381647935137, 0.00742086721584, -0.000842115725391, -0.00101723405533, -0.00124633789528, 0.00137956615072, -0.00215321755968, 0.00244904262945, -0.00091757014161, -0.000956919859163], [-0.000493319530506, 0.00219537643716, -0.00249783135951, 0.00143147702329, -0.000842115725391, 0.00895903725177, -0.00482698716223, 0.00120616867207, 0.000641880847979, 0.00539849791676, -0.00547383446246, 0.00372146698646, 6.14348973613e-05], [0.000807102478575, -0.00255340291187, 0.00179741624743, -0.00224719638936, -0.00101723405533, -0.00482698716223, 0.0117941964418, -0.00585324782878, 0.00189590372611, -0.00554330740124, 0.00356333446689, -0.002235830063, 0.00254712440073], [-0.000898948055692, 0.00270524341613, -0.0019678925164, 0.0028666194994, -0.00124633789528, 0.00120616867207, -0.00585324782878, 0.0184759218246, -0.0101481834427, 0.00222203019075, -0.00284225703217, 0.00293727451935, -0.00328719080426], [0.00102158519439, -0.00223627593368, 0.00125564879272, -0.00452605448663, 0.00137956615072, 0.000641880847979, 0.00189590372611, -0.0101481834427, 0.0202664546669, -0.00959719251841, 0.00473572220653, 0.000452084612334, 0.00141699891537], [-0.00132810312789, 0.00399859249592, -0.00234320852906, 0.00514813419431, -0.00215321755968, 0.00539849791676, -0.00554330740124, 0.00222203019075, -0.00959719251841, 0.0247921571136, -0.0135318404064, 0.0025666798465, -0.000898777332623], [0.00146954890806, -0.0043289354071, 0.00252898293547, -0.00499982247129, 0.00244904262945, -0.00547383446246, 0.00356333446689, -0.00284225703217, 0.00473572220653, -0.0135318404064, 0.0265022721142, -0.011340143159, 0.00529292877764], [-0.000823018432129, 0.00304486555979, -0.00279960781336, 0.00271638692357, -0.00091757014161, 0.00372146698646, -0.002235830063, 0.00293727451935, 0.000452084612334, 0.0025666798465, -0.011340143159, 0.0262453556061, -0.0113683454692], [0.000892133801244, -0.00178446713835, 0.00243858317845, -0.00264746299945, -0.000956919859163, 6.14348973613e-05, 0.00254712440073, -0.00328719080426, 0.00141699891537, -0.000898777332623, 0.00529292877764, -0.0113683454692, 0.0226903855801]]
    },
    "melbands": {
        "dmean": [0.000676364754327, 0.000933843257371, 0.000527989061084, 0.000438285816927, 0.000200924725505, 0.00013064093946, 0.000123791935039, 0.000124566970044, 5.81329295528e-05, 3.23052627209e-05, 1.82084750122e-05, 1.68251153809e-05, 1.69032591657e-05, 1.90313912753e-05, 1.99545156647e-05, 1.48891776917e-05, 2.15947529796e-05, 1.65890960488e-05, 1.81653776963e-05, 3.01028194372e-05, 3.27315319737e-05, 2.3688246074e-05, 1.87258046935e-05, 1.29566869873e-05, 1.43137494888e-05, 1.3524928363e-05, 1.3215179024e-05, 7.89372279542e-06, 4.55060126114e-06, 3.73406146537e-06, 3.3745991459e-06, 2.09178142541e-06, 1.74573369804e-06, 1.37042616188e-06, 1.18669731819e-06, 1.06390780275e-06, 9.38633490932e-07, 8.7644082214e-07, 7.39916742987e-07, 6.00094779202e-07],
        "dmean2": [0.00114779337309, 0.00161497399677, 0.000909554190002, 0.000720434065443, 0.000312269345159, 0.00020418020722, 0.00018962858303, 0.000179319802555, 8.54539102875e-05, 4.70611812489e-05, 2.81925968011e-05, 2.67561736109e-05, 2.65004819084e-05, 3.005067083e-05, 3.13793607347e-05, 2.42304959102e-05, 3.44967847923e-05, 2.71080407401e-05, 3.00008559861e-05, 5.00973437738e-05, 5.44585527678e-05, 4.00034514314e-05, 3.12472293444e-05, 2.16198095586e-05, 2.40957160713e-05, 2.22824419325e-05, 2.15690924961e-05, 1.30457201521e-05, 7.47544982005e-06, 6.13250676906e-06, 5.64390529689e-06, 3.25458290718e-06, 2.66872370958e-06, 2.08826804737e-06, 1.81813277322e-06, 1.61200341608e-06, 1.3909560721e-06, 1.2809865666e-06, 1.07673270122e-06, 8.71236636613e-07],
        "dvar": [1.89030333786e-06, 2.91994751933e-06, 7.27392261979e-07, 5.39311486136e-07, 1.24531780443e-07, 7.56880709218e-08, 8.29349531273e-08, 1.17663667254e-07, 2.73799543038e-08, 1.6386097812e-08, 2.76296785451e-09, 1.66992053519e-09, 2.60181942657e-09, 2.0063870565e-09, 1.8723242956e-09, 1.18901033463e-09, 2.11347828127e-09, 8.67178440167e-10, 1.14067644219e-09, 3.26429572262e-09, 3.84352283334e-09, 1.64865709973e-09, 1.04632347231e-09, 7.45941752811e-10, 4.57914955954e-10, 3.91349203044e-10, 3.84181492175e-10, 1.42158229632e-10, 6.23955193069e-11, 3.20705684231e-11, 3.77735794033e-11, 1.60441885472e-11, 1.13034191382e-11, 8.98639409413e-12, 7.52105842883e-12, 6.38611125786e-12, 6.50358369589e-12, 4.9069736989e-12, 4.10614034094e-12, 2.23102265828e-12],
        "dvar2": [5.33928960067e-06, 8.50484866532e-06, 2.08576375371e-06, 1.3227670479e-06, 2.85429649693e-07, 1.73586059304e-07, 1.87704941368e-07, 2.52231728837e-07, 5.60365833735e-08, 3.34594290052e-08, 5.20207521504e-09, 3.73385056207e-09, 5.65088731364e-09, 4.90004747888e-09, 4.23129398186e-09, 2.79676770631e-09, 4.9954689274e-09, 2.12194750659e-09, 2.86091195179e-09, 8.87802187322e-09, 1.06776392172e-08, 4.61988403089e-09, 2.83910117638e-09, 1.98163818688e-09, 1.27641397452e-09, 1.01358310634e-09, 9.86664749902e-10, 3.60879937045e-10, 1.45337172852e-10, 8.04663974341e-11, 9.9200474224e-11, 3.54020562865e-11, 2.36262381187e-11, 1.96338934694e-11, 1.58868404543e-11, 1.4063674704e-11, 1.33625463125e-11, 9.36358716258e-12, 8.22919857257e-12, 4.45023011497e-12],
        "max": [0.0165167711675, 0.0203985814005, 0.0103471912444, 0.0150458952412, 0.00942417513579, 0.00926989037544, 0.00877878442407, 0.0076001486741, 0.00447255326435, 0.00550164282322, 0.00375162460841, 0.00150850974023, 0.00232334178872, 0.00191048509441, 0.00235247635283, 0.00105936685577, 0.00173001270741, 0.00063746626256, 0.00134034326766, 0.00137383502442, 0.00160764204338, 0.00101239583455, 0.00108437787276, 0.00125782901887, 0.000393125897972, 0.000763190502767, 0.000445132463938, 0.000280862033833, 0.000296064681606, 9.99557087198e-05, 0.000120280819829, 0.000105858314782, 0.000108489504782, 0.000193450963707, 0.000129273932544, 7.34299173928e-05, 7.33241977287e-05, 6.14451128058e-05, 6.30214271951e-05, 4.42876880697e-05],
        "mean": [0.00187564920634, 0.00261764763854, 0.00106792454608, 0.000797026033979, 0.000437146925833, 0.000260937435087, 0.000255786057096, 0.00026577009703, 0.00012613493891, 6.82249883539e-05, 3.65392224921e-05, 3.14266580972e-05, 3.25448418153e-05, 3.47435852746e-05, 3.80948222301e-05, 2.63498495769e-05, 3.61135498679e-05, 3.05364919768e-05, 3.4344222513e-05, 6.02241161687e-05, 6.95083945175e-05, 5.01787944813e-05, 3.99283453589e-05, 2.92899730994e-05, 3.27883972204e-05, 3.3863754652e-05, 3.29707509081e-05, 1.92010938918e-05, 1.05400895336e-05, 8.91472791409e-06, 7.26091184333e-06, 4.53392749478e-06, 3.71460714632e-06, 2.93711309496e-06, 2.48702076533e-06, 2.11471524381e-06, 1.87715806987e-06, 1.76394462414e-06, 1.38692973906e-06, 1.11913732326e-06],
        "median": [0.0010956741171, 0.00246128044091, 0.000838365289383, 0.000449142564321, 0.000200571303139, 0.000104569924588, 8.09243574622e-05, 4.55055378552e-05, 3.07082336803e-05, 1.71707779373e-05, 1.84572127182e-05, 1.60270446941e-05, 1.35252039399e-05, 1.99092355615e-05, 2.29476172535e-05, 1.42163289638e-05, 1.74782035174e-05, 1.86447432498e-05, 2.17333490582e-05, 3.32215204253e-05, 3.15427023452e-05, 2.6892459573e-05, 2.20827459998e-05, 1.78777645488e-05, 2.28005774261e-05, 2.47402731475e-05, 2.50884349953e-05, 1.322006392e-05, 7.26509097149e-06, 6.39239260636e-06, 4.88253544972e-06, 2.77202593679e-06, 2.22467906497e-06, 1.62282685778e-06, 1.38798623084e-06, 1.10566168132e-06, 8.54359825553e-07, 7.91787158505e-07, 5.34024593435e-07, 4.36603670551e-07],
        "min": [1.14358552328e-24, 1.38664688021e-24, 1.59934261431e-24, 2.8980951055e-24, 2.45734175445e-24, 2.62650843963e-24, 2.46406916025e-24, 2.30824250742e-24, 2.10944127626e-24, 5.03842146949e-24, 2.77219980756e-24, 3.17619125434e-24, 2.32694008859e-24, 2.87412891955e-24, 3.73894312766e-24, 5.50567640543e-24, 3.93254537102e-24, 3.47885568721e-24, 5.83392616125e-24, 4.49443245558e-24, 3.73319509268e-24, 5.79739480159e-24, 4.5443507848e-24, 4.06880452632e-24, 5.42955645567e-24, 4.47518424949e-24, 4.66552258086e-24, 5.10610179085e-24, 4.49421275782e-24, 5.54016579863e-24, 5.84285172797e-24, 7.91637774493e-24, 6.13755596266e-24, 4.1131373259e-24, 7.60699911968e-24, 6.49842472249e-24, 6.25906775777e-24, 6.54442241301e-24, 7.32989042748e-24, 7.06642508463e-24],
        "var": [4.05481250709e-06, 4.49061826657e-06, 9.30276428335e-07, 1.19014896427e-06, 4.51920101341e-07, 2.53994471677e-07, 2.59740090769e-07, 4.15049157709e-07, 1.14939311402e-07, 7.82411788691e-08, 1.16187379717e-08, 4.26879287474e-09, 8.42925640399e-09, 3.90582144405e-09, 4.06205247216e-09, 2.37978459161e-09, 4.15542711352e-09, 1.79765002883e-09, 2.09256589834e-09, 7.53280104959e-09, 9.59630863662e-09, 4.50039472355e-09, 2.41031083981e-09, 1.36781630466e-09, 1.18276655137e-09, 1.37386890753e-09, 1.19641463403e-09, 4.1842179721e-10, 1.59757332363e-10, 8.5091760027e-11, 6.89375986851e-11, 3.41818240379e-11, 2.53378134446e-11, 2.11905302333e-11, 1.73729763214e-11, 1.29165957444e-11, 1.60029940688e-11, 1.44216479037e-11, 1.17396127541e-11, 5.85786193857e-12]
    },
    "mfcc": {
        "mean": [-625.880249023, 97.4580764771, -3.7406578064, 44.4997711182, 17.1182479858, 6.59001111984, 3.62735819817, 1.39903974533, -0.988172233105, 0.239199563861, -2.21126580238, 1.71088755131, 3.3031232357],
        "cov": [[9621.37402344, -274.435150146, -201.19380188, 1163.11486816, 506.771331787, 238.842285156, 47.3736152649, 98.1959762573, 182.086593628, 310.615783691, 40.1978530884, -10.959441185, 14.930606842], [-274.435150146, 1006.09802246, -150.174926758, -103.984962463, -114.654937744, -98.3323287964, -22.205739975, -72.9185333252, -33.829826355, -102.791976929, -26.8471889496, -0.79041492939, 4.17678070068], [-201.19380188, -150.174926758, 359.296234131, -139.326293945, 14.1179504395, 38.3819274902, 21.0658779144, 33.8885269165, -35.9142189026, 5.36725234985, 12.1904907227, 1.19193649292, -8.72217750549], [1163.11486816, -103.984962463, -139.326293945, 461.772003174, 152.068969727, 56.3396720886, 18.2215633392, 37.776725769, 74.1034927368, 66.103767395, 9.10229969025, 18.0883979797, 35.3047103882], [506.771331787, -114.654937744, 14.1179504395, 152.068969727, 199.050827026, 63.7743721008, 30.7526245117, 38.4993400574, 25.9542236328, 30.1668338776, -5.98973035812, -6.25907039642, 1.23624396324], [238.842285156, -98.3323287964, 38.3819274902, 56.3396720886, 63.7743721008, 151.659408569, 83.1013946533, 54.4792556763, 0.30990755558, 31.824760437, 16.7417755127, -13.3965568542, -8.82575416565], [47.3736152649, -22.205739975, 21.0658779144, 18.2215633392, 30.7526245117, 83.1013946533, 141.20930481, 56.6326560974, 8.30254268646, 28.4266529083, 22.5797538757, -2.76271486282, 0.735935032368], [98.1959762573, -72.9185333252, 33.8885269165, 37.776725769, 38.4993400574, 54.4792556763, 56.6326560974, 105.012634277, 29.8100223541, 38.3524284363, 10.23346138, 0.558097600937, 3.09145331383], [182.086593628, -33.829826355, -35.9142189026, 74.1034927368, 25.9542236328, 0.30990755558, 8.30254268646, 29.8100223541, 106.066017151, 50.0519332886, 14.829782486, 7.99870681763, 6.21930027008], [310.615783691, -102.791976929, 5.36725234985, 66.103767395, 30.1668338776, 31.824760437, 28.4266529083, 38.3524284363, 50.0519332886, 129.082687378, 47.7911605835, 14.7291250229, 7.44511842728], [40.1978530884, -26.8471889496, 12.1904907227, 9.10229969025, -5.98973035812, 16.7417755127, 22.5797538757, 10.23346138, 14.829782486, 47.7911605835, 78.2476577759, 28.8798427582, 4.71147680283], [-10.959441185, -0.79041492939, 1.19193649292, 18.0883979797, -6.25907039642, -13.3965568542, -2.76271486282, 0.558097600937, 7.99870681763, 14.7291250229, 28.8798427582, 67.2108612061, 31.9456920624], [14.930606842, 4.17678070068, -8.72217750549, 35.3047103882, 1.23624396324, -8.82575416565, 0.735935032368, 3.09145331383, 6.21930027008, 7.44511842728, 4.71147680283, 31.9456920624, 69.4840087891]],
