{
"lowlevel": {
    "average_loudness": 0.961115121841,
    "barkbands_crest": {
        "dmean": 2.08833050728,
        "dmean2": 3.34386849403,
        "dvar": 4.09531068802,
        "dvar2": 10.7833652496,
        "max": 25.503572464,
        "mean": 8.34216213226,
        "median": 7.57370185852,
        "min": 2.3486866951,
        "var": 12.8149309158
    },
    "barkbands_flatness_db": {
        "dmean": 0.0145121430978,
        "dmean2": 0.0221847295761,
        "dvar": 0.000221475856961,
        "dvar2": 0.000499550718814,
        "max": 0.427219003439,
        "mean": 0.105838380754,
        "median": 0.0916662737727,
        "min": 0.0177871510386,
        "var": 0.00279376725666
    },
    "barkbands_kurtosis": {
        "dmean": 1.31980538368,
        "dmean2": 2.08029603958,
        "dvar": 25.6629943848,
        "dvar2": 56.6593933105,
        "max": 365.031219482,
        "mean": 1.51667618752,
        "median": -0.415380954742,
        "min": -1.8946018219,
        "var": 95.7801132202
    },
    "barkbands_skewness": {
        "dmean": 0.355422198772,
        "dmean2": 0.5550532341,
        "dvar": 0.160907864571,
        "dvar2": 0.385348409414,
        "max": 13.2159910202,
        "mean": 0.955623030663,
        "median": 0.780941009521,
        "min": -1.84098744392,
        "var": 0.968068301678
    },
    "barkbands_spread": {
        "dmean": 5.18561220169,
        "dmean2": 7.75675344467,
        "dvar": 33.8930091858,
        "dvar2": 68.9567489624,
        "max": 98.2621154785,
        "mean": 31.7708816528,
        "median": 32.1316375732,
        "min": 0.302578181028,
        "var": 243.038345337
    },
    "dissonance": {
        "dmean": 0.0126993898302,
        "dmean2": 0.0210136268288,
        "dvar": 0.000190255785128,
        "dvar2": 0.000476001005154,
        "max": 0.500000059605,
        "mean": 0.471530497074,
        "median": 0.4801004529,
        "min": 0.162874609232,
        "var": 0.000722004449926
    },
    "dynamic_complexity": 2.80103349686,
    "erbbands_crest": {
        "dmean": 2.22110915184,
        "dmean2": 3.49246668816,
        "dvar": 4.82614421844,
        "dvar2": 11.4029607773,
        "max": 28.5228385925,
        "mean": 8.51133728027,
        "median": 7.38208866119,
        "min": 2.56678152084,
        "var": 16.8770141602
    },
    "erbbands_flatness_db": {
        "dmean": 0.013296155259,
        "dmean2": 0.0195077825338,
        "dvar": 0.00017662292521,
        "dvar2": 0.000346404471202,
        "max": 0.315362811089,
        "mean": 0.153067439795,
        "median": 0.148745775223,
        "min": 0.0561106614769,
        "var": 0.0014605630422
    },
    "erbbands_kurtosis": {
        "dmean": 0.63738912344,
        "dmean2": 1.00309586525,
        "dvar": 0.894684791565,
        "dvar2": 2.07573866844,
        "max": 31.6861686707,
        "mean": 0.118779584765,
        "median": -0.227326273918,
        "min": -1.70248484612,
        "var": 2.65221333504
    },
    "erbbands_skewness": {
        "dmean": 0.281437814236,
        "dmean2": 0.424573540688,
        "dvar": 0.0677487924695,
        "dvar2": 0.146707162261,
        "max": 5.27597808838,
        "mean": -0.0512132681906,
        "median": -0.13745598495,
        "min": -2.72562170029,
        "var": 0.514528691769
    },
    "erbbands_spread": {
        "dmean": 5.99189186096,
        "dmean2": 9.26517486572,
        "dvar": 44.4952468872,
        "dvar2": 102.853965759,
        "max": 170.770278931,
        "mean": 36.2136497498,
        "median": 34.3851776123,
        "min": 3.84796619415,
        "var": 180.81048584
    },
    "hfc": {
        "dmean": 5.99036693573,
        "dmean2": 9.25367355347,
        "dvar": 62.3891143799,
        "dvar2": 132.01739502,
        "max": 161.329208374,
        "mean": 32.7435874939,
        "median": 33.50157547,
        "min": 1.19334779404e-16,
        "var": 458.878448486
    },
    "melbands_crest": {
        "dmean": 2.92576265335,
        "dmean2": 4.71298456192,
        "dvar": 7.11752128601,
        "dvar2": 19.5628967285,
        "max": 33.8658065796,
        "mean": 13.3791093826,
        "median": 12.7992048264,
        "min": 2.1787583828,
        "var": 22.3672924042
    },
    "melbands_flatness_db": {
        "dmean": 0.0187123920768,
        "dmean2": 0.0288734491915,
        "dvar": 0.000381484540412,
        "dvar2": 0.000868481583893,
        "max": 0.559242904186,
        "mean": 0.160709455609,
        "median": 0.14359781146,
        "min": 0.00664330087602,
        "var": 0.00504106050357
    },
    "melbands_kurtosis": {
        "dmean": 3.40596961975,
        "dmean2": 5.495449543,
        "dvar": 100.609535217,
        "dvar2": 266.366485596,
        "max": 566.567321777,
        "mean": 7.01196479797,
        "median": 3.5101017952,
        "min": -1.71972727776,
        "var": 220.476623535
    },
    "melbands_skewness": {
        "dmean": 0.488026827574,
        "dmean2": 0.770474672318,
        "dvar": 0.347921848297,
        "dvar2": 0.851763725281,
        "max": 19.3772640228,
        "mean": 2.05727148056,
        "median": 1.80773806572,
        "min": -1.08696436882,
        "var": 1.48060238361
    },
    "melbands_spread": {
        "dmean": 7.68953704834,
        "dmean2": 11.8142910004,
        "dvar": 83.3087234497,
        "dvar2": 180.087387085,
        "max": 202.73828125,
        "mean": 36.9868164062,
        "median": 35.5908584595,
        "min": 0.285824298859,
        "var": 453.929290771
    },
    "pitch_salience": {
        "dmean": 0.0577707588673,
        "dmean2": 0.0924773290753,
        "dvar": 0.00264645647258,
        "dvar2": 0.00689945090562,
        "max": 0.937783241272,
        "mean": 0.567738234997,
        "median": 0.571640610695,
        "min": 0.0681859925389,
        "var": 0.0101981237531
    },
    "silence_rate_20dB": {
        "dmean": 0,
        "dmean2": 0,
        "dvar": 0,
        "dvar2": 0,
        "max": 1,
        "mean": 1,
        "median": 1,
        "min": 1,
        "var": 0
    },
    "silence_rate_30dB": {
        "dmean": 0,
        "dmean2": 0,
        "dvar": 0,
        "dvar2": 0,
        "max": 1,
        "mean": 1,
        "median": 1,
        "min": 1,
        "var": 0
    },
    "silence_rate_60dB": {
        "dmean": 0.00597506947815,
        "dmean2": 0.0119513701648,
        "dvar": 0.00593851320446,
        "dvar2": 0.0142829921097,
        "max": 1,
        "mean": 0.0750927105546,
        "median": 0,
        "min": 0,
        "var": 0.0694597885013
    },
    "spectral_centroid": {
        "dmean": 207.220870972,
        "dmean2": 317.972839355,
        "dvar": 49760.796875,
        "dvar2": 95478.28125,
        "max": 11379.8154297,
        "mean": 1832.96765137,
        "median": 1976.88879395,
        "min": 121.857627869,
        "var": 521344.9375
    },
    "spectral_complexity": {
        "dmean": 3.4245390892,
        "dmean2": 5.527302742,
        "dvar": 10.5061674118,
        "dvar2": 25.371131897,
        "max": 60,
        "mean": 30.7488670349,
        "median": 35,
        "min": 0,
        "var": 196.059402466
    },
    "spectral_decrease": {
        "dmean": 1.30763555539e-09,
        "dmean2": 2.1128188088e-09,
        "dvar": 2.62415790823e-18,
        "dvar2": 6.98234983739e-18,
        "max": 9.78490600653e-30,
        "mean": -6.64810961837e-09,
        "median": -7.16528258948e-09,
        "min": -2.13929514103e-08,
        "var": 1.07205849935e-17
    },
    "spectral_energy": {
        "dmean": 0.00516082672402,
        "dmean2": 0.00835285708308,
        "dvar": 3.96558825742e-05,
        "dvar2": 0.000105771985545,
        "max": 0.0822651088238,
        "mean": 0.0280613936484,
        "median": 0.0307035557926,
        "min": 1.07870895005e-20,
        "var": 0.000183357144124
    },
    "spectral_energyband_high": {
        "dmean": 0.000526399060618,
        "dmean2": 0.00079213565914,
        "dvar": 9.11403105874e-07,
        "dvar2": 1.76058313173e-06,
        "max": 0.0178216211498,
        "mean": 0.00159571773838,
        "median": 0.00120837055147,
        "min": 7.54212619651e-21,
        "var": 3.60633544005e-06
    },
    "spectral_energyband_low": {
        "dmean": 0.00372737157159,
        "dmean2": 0.00618523405865,
        "dvar": 3.58522993338e-05,
        "dvar2": 9.73877758952e-05,
        "max": 0.07786334306,
        "mean": 0.00846647191793,
        "median": 0.00652999756858,
        "min": 7.65850905467e-23,
        "var": 6.43057210254e-05
    },
    "spectral_energyband_middle_high": {
        "dmean": 0.00197920319624,
        "dmean2": 0.00305700022727,
        "dvar": 6.13029169472e-06,
        "dvar2": 1.4142829059e-05,
        "max": 0.0547090210021,
        "mean": 0.00871124863625,
        "median": 0.00789073482156,
        "min": 1.55076937418e-21,
        "var": 4.24518621003e-05
    },
    "spectral_energyband_middle_low": {
        "dmean": 0.00302424980327,
        "dmean2": 0.00463217264041,
        "dvar": 1.31675160446e-05,
        "dvar2": 2.95895060844e-05,
        "max": 0.0511641055346,
        "mean": 0.0103614889085,
        "median": 0.00862449686974,
        "min": 4.2038140155e-22,
        "var": 5.82213615417e-05
    },
    "spectral_entropy": {
        "dmean": 0.111052580178,
        "dmean2": 0.163041085005,
        "dvar": 0.0181649550796,
        "dvar2": 0.0351496562362,
        "max": 9.80984115601,
        "mean": 7.6873254776,
        "median": 7.83536243439,
        "min": 5.14618873596,
        "var": 0.250137269497
    },
    "spectral_flux": {
        "dmean": 0.0159731954336,
        "dmean2": 0.0246598757803,
        "dvar": 0.000326403649524,
        "dvar2": 0.000700672157109,
        "max": 0.252466231585,
        "mean": 0.0818948298693,
        "median": 0.08389313519,
        "min": 1.03860912926e-10,
        "var": 0.00146785320248
    },
    "spectral_kurtosis": {
        "dmean": 1.40355825424,
        "dmean2": 2.35105586052,
        "dvar": 4.30576896667,
        "dvar2": 12.1290807724,
        "max": 53.4617271423,
        "mean": 4.72049283981,
        "median": 3.7182135582,
        "min": -1.16602122784,
        "var": 20.0414791107
    },
    "spectral_rms": {
        "dmean": 0.00046782346908,
        "dmean2": 0.000747307611164,
        "dvar": 2.84814660745e-07,
        "dvar2": 7.39089216495e-07,
        "max": 0.00895871873945,
        "mean": 0.00497280340642,
        "median": 0.00547308754176,
        "min": 3.24406994323e-12,
        "var": 2.64812410933e-06
    },
    "spectral_rolloff": {
        "dmean": 491.787536621,
        "dmean2": 785.784240723,
        "dvar": 583058.4375,
        "dvar2": 1080774.25,
        "max": 19250.6835938,
        "mean": 2250.1887207,
        "median": 2239.453125,
        "min": 21.533203125,
        "var": 2372783.5
    },
    "spectral_skewness": {
        "dmean": 0.178775817156,
        "dmean2": 0.289859473705,
        "dvar": 0.0399138815701,
        "dvar2": 0.101244240999,
        "max": 6.01234769821,
        "mean": 1.46390843391,
        "median": 1.34464251995,
        "min": -0.0489852763712,
        "var": 0.318164378405
    },
    "spectral_spread": {
        "dmean": 413965.6875,
        "dmean2": 603431.0625,
        "dvar": 375918886912,
        "dvar2": 606504026112,
        "max": 39866700,
        "mean": 4266349.5,
        "median": 4066649.5,
        "min": 1356505.125,
        "var": 1.64818439373e+12
    },
    "spectral_strongpeak": {
        "dmean": 0.678679645061,
        "dmean2": 1.14865136147,
        "dvar": 1.56205105782,
        "dvar2": 4.02724456787,
        "max": 17.6017227173,
        "mean": 1.16428256035,
        "median": 0.466575443745,
        "min": 0,
        "var": 2.5081577301
    },
    "zerocrossingrate": {
        "dmean": 0.0093149188906,
        "dmean2": 0.0105885993689,
        "dvar": 0.000136113987537,
        "dvar2": 0.000127072402393,
        "max": 0.50830078125,
        "mean": 0.0763697400689,
        "median": 0.07421875,
        "min": 0.00341796875,
        "var": 0.00135190668516
    },
    "barkbands": {
        "dmean": [0.000161141870194, 0.00229644705541, 0.00168799702078, 0.000921360100619, 0.000827214447781, 0.000939895689953, 0.000836004910525, 0.000806025520433, 0.000815119652543, 0.000410900014685, 0.000383921462344, 0.000358960242011, 0.00060348585248, 0.000522437214386, 0.000475706357975, 0.000405891012633, 0.000592624652199, 0.000238561755395, 0.000261610635789, 0.000364565581549, 0.000158027847647, 0.00012535903079, 0.000117272677016, 0.000124615849927, 6.42611048534e-05, 1.82562180271e-05, 2.51480014413e-06],
        "dmean2": [0.000277788116364, 0.00392273021862, 0.002737514209, 0.00159247627016, 0.00135796703398, 0.00149361870717, 0.00128646579105, 0.00117321754806, 0.0011432049796, 0.000646061263978, 0.000595634512138, 0.000569469935726, 0.000965500541497, 0.000823545677122, 0.000751016137656, 0.000662385253236, 0.000993975554593, 0.000392171321437, 0.000432728527812, 0.000606397923548, 0.000264001137111, 0.000200726848561, 0.00017712340923, 0.000183781885426, 9.45877618506e-05, 2.71256685664e-05, 3.9536944314e-06],
        "dvar": [1.03847035859e-07, 2.010827302e-05, 6.52034714221e-06, 1.66176232597e-06, 1.65867447777e-06, 2.93285211228e-06, 4.22418543167e-06, 2.98297891277e-06, 3.96033146899e-06, 1.02577757843e-06, 9.86877353171e-07, 5.90122965605e-07, 1.5078423985e-06, 1.30121895836e-06, 1.1446974213e-06, 5.23542666997e-07, 7.50398044147e-07, 1.6511931733e-07, 1.85896638527e-07, 4.57278758859e-07, 5.32479447202e-08, 6.69424906619e-08, 1.17191106597e-07, 1.37052381888e-07, 3.13724868306e-08, 2.48228460009e-09, 5.29167473728e-11],
        "dvar2": [2.77961419215e-07, 5.48997340957e-05, 1.75834375113e-05, 5.16493901159e-06, 4.22912626163e-06, 7.13857662049e-06, 9.62868398346e-06, 5.65916025153e-06, 7.01095632394e-06, 2.32075262829e-06, 2.21323216465e-06, 1.40159875173e-06, 3.68237760995e-06, 3.1316312743e-06, 2.44701027441e-06, 1.33072148856e-06, 2.02907699531e-06, 4.15472158011e-07, 4.63053765998e-07, 1.22481435483e-06, 1.41922541275e-07, 1.5933531472e-07, 2.13588478459e-07, 2.5158601602e-07, 6.05079435445e-08, 5.60667556826e-09, 1.23438342881e-10],
        "max": [0.00458933413029, 0.0519351661205, 0.0397840514779, 0.0193727184087, 0.026517610997, 0.0365110002458, 0.0437747053802, 0.0386309400201, 0.0486160553992, 0.0282201822847, 0.0260322298855, 0.0245644990355, 0.023071192205, 0.0272829756141, 0.0367185920477, 0.0208085589111, 0.0155877415091, 0.0126251392066, 0.0149413943291, 0.0175302177668, 0.00465365452692, 0.00571619626135, 0.0101408381015, 0.00854823831469, 0.00476228818297, 0.00107287475839, 0.000137412629556],
        "mean": [0.000233659346122, 0.00380377215333, 0.00350365322083, 0.00148259126581, 0.00169931678101, 0.00190323963761, 0.00145935674664, 0.0016895160079, 0.00188432110008, 0.000778222049121, 0.000678101845551, 0.00058237434132, 0.00106669857632, 0.000895890290849, 0.000838858250063, 0.000875357771292, 0.00128309638239, 0.00054073065985, 0.000662750622723, 0.000885953893885, 0.000402447098168, 0.000259445543634, 0.000220366913709, 0.000256280647591, 0.000135941809276, 3.61494894605e-05, 3.30021953232e-06],
        "median": [5.54103171453e-05, 0.0022437828593, 0.00184865808114, 0.000941149017308, 0.00121440924704, 0.00102075724863, 0.000423158315243, 0.000513903389219, 0.000447415950475, 0.000338679004926, 0.000222441914957, 0.000301296851831, 0.000524548464455, 0.000424246914918, 0.000455270055681, 0.000604656408541, 0.00101598585024, 0.000395268725697, 0.000554622325581, 0.000615334138274, 0.000346025917679, 0.00015827282914, 8.85776535142e-05, 0.000103636004496, 6.01096107857e-05, 1.42679909914e-05, 3.82228677154e-07],
        "min": [1.60195198869e-23, 1.96267457259e-23, 1.31119710723e-23, 4.66588569353e-23, 6.9242196536e-23, 6.38275941221e-23, 1.4675813664e-23, 5.19264156765e-23, 9.77127419635e-23, 2.09349194449e-22, 3.38354464489e-23, 1.04088492504e-22, 9.84401663814e-23, 1.78523438524e-22, 1.45446778447e-22, 1.80630138903e-22, 1.17350342416e-22, 1.1000392693e-22, 2.67659798322e-22, 5.13246485966e-22, 4.11734324826e-22, 4.65658407682e-22, 5.32009712991e-22, 7.80134058882e-22, 1.47213390162e-21, 1.50797388465e-21, 2.22732960604e-21],
        "var": [1.64796034596e-07, 2.50909815804e-05, 1.99635032914e-05, 2.89584977509e-06, 3.07785944642e-06, 7.04794592821e-06, 9.45419105847e-06, 1.35502223202e-05, 1.90072023543e-05, 2.73741193269e-06, 2.49398317465e-06, 9.9003136711e-07, 2.90004527415e-06, 2.46481477006e-06, 2.32789011534e-06, 1.36199764711e-06, 1.67377834259e-06, 4.20361715214e-07, 4.81019753806e-07, 1.37566701142e-06, 1.44162825677e-07, 1.35324540906e-07, 3.15749446145e-07, 4.00294283054e-07, 9.30794143983e-08, 4.83184470212e-09, 8.15560327605e-11]
    },
    "erbbands": {
        "dmean": [0.0797637328506, 0.499909996986, 1.65913009644, 2.65606117249, 2.42344522476, 2.92476296425, 5.59547185898, 8.64151191711, 9.64598751068, 15.3388023376, 16.560874939, 21.7092456818, 10.5965528488, 12.8745031357, 16.4203014374, 15.7238512039, 25.0920658112, 24.9931659698, 26.1526851654, 20.6191978455, 24.6045837402, 25.849439621, 12.4632577896, 13.944527626, 14.1637334824, 16.6794071198, 7.59590435028, 5.5337138176, 4.86573696136, 3.36374998093, 3.54927587509, 2.91503500938, 1.95357489586, 0.983808994293, 0.339492052794, 0.122223868966, 0.023241110146, 0.00455171940848, 0.000504576659296, 1.54012650455e-05],
        "dmean2": [0.139210745692, 0.843660771847, 2.70926690102, 4.51617336273, 4.14144611359, 4.78104019165, 8.55722999573, 14.0812931061, 15.1294622421, 23.2162227631, 23.286907196, 30.011100769, 16.171754837, 20.1288127899, 25.4745140076, 24.9885540009, 40.0940170288, 39.5878257751, 41.2482223511, 32.3915977478, 40.6489295959, 42.8590240479, 20.4080200195, 23.2265777588, 23.5689277649, 27.6516513824, 12.6988248825, 9.18111038208, 7.88341617584, 5.15806007385, 5.39848804474, 4.35118293762, 2.89773178101, 1.44923579693, 0.509341001511, 0.184207603335, 0.0341177172959, 0.00657561747357, 0.000810731376987, 2.43714985118e-05],
        "dvar": [0.0251980107278, 0.956430017948, 7.03920650482, 12.3703975677, 11.4865503311, 23.1290569305, 121.431274414, 294.613037109, 687.897766113, 1284.55310059, 1303.92041016, 2859.45800781, 680.898986816, 1191.1661377, 1896.1862793, 1101.85046387, 2609.84619141, 2851.9855957, 3749.61914062, 2204.44921875, 1411.16772461, 1484.9519043, 449.378997803, 566.585144043, 523.639709473, 950.032958984, 124.020553589, 75.2915878296, 98.6109542847, 72.655960083, 127.780891418, 85.7375640869, 31.6287574768, 6.96828079224, 1.2001131773, 0.127103880048, 0.00288612674922, 9.78691168712e-05, 2.81498205368e-06, 1.27194466071e-09],
        "dvar2": [0.069336257875, 2.64737439156, 19.180355072, 36.3426628113, 32.0413093567, 59.4893760681, 269.109069824, 739.789123535, 1615.92114258, 2790.75415039, 2365.59887695, 4934.375, 1421.13269043, 2843.05126953, 4265.16357422, 2622.98388672, 6458.48632812, 6917.11669922, 7875.09326172, 5165.47753906, 3696.43237305, 3922.84814453, 1137.94360352, 1406.69116211, 1370.11413574, 2496.18212891, 331.760894775, 196.50038147, 240.582183838, 149.00289917, 247.069442749, 162.735641479, 59.9096755981, 13.1802101135, 2.56454777718, 0.29162350297, 0.00604860670865, 0.000188924663235, 6.85599434291e-06, 3.05963721026e-09],
        "max": [2.02131080627, 11.5152931213, 38.0628852844, 52.1312065125, 48.3200263977, 108.642333984, 256.066101074, 418.427490234, 775.746887207, 758.317443848, 997.043640137, 1364.83215332, 809.956054688, 919.368286133, 1035.33728027, 1221.41259766, 948.678771973, 1531.1517334, 2755.88256836, 1272.50854492, 707.592468262, 923.345397949, 856.34185791, 740.515075684, 799.390441895, 1006.14471436, 225.807174683, 160.35609436, 220.939254761, 252.996810913, 393.272674561, 250.402740479, 142.995254517, 73.8915176392, 41.3838195801, 7.16674375534, 1.38362765312, 0.169993370771, 0.035744804889, 0.000843407586217],
        "mean": [0.128182291985, 0.827564954758, 3.50756835938, 5.05961561203, 4.25581598282, 5.69675159454, 12.8899526596, 15.6205320358, 16.8910732269, 30.6723136902, 38.690410614, 52.5481872559, 21.9241161346, 24.9686965942, 30.6191577911, 28.9981842041, 46.7473297119, 47.3471298218, 48.7713165283, 43.3905143738, 59.0488586426, 61.6770973206, 31.7549858093, 35.0026931763, 37.4173164368, 41.4989471436, 19.91888237, 13.4528903961, 10.1345052719, 6.55051994324, 6.43570995331, 5.47664546967, 4.12266111374, 2.03845024109, 0.699105322361, 0.228550434113, 0.0498154051602, 0.00894109904766, 0.000621459563263, 5.16815198353e-05],
        "median": [0.0579275935888, 0.509042263031, 1.81587409973, 3.51810359955, 3.04158210754, 3.70753526688, 6.5187997818, 7.8968296051, 6.48745584488, 8.17595767975, 14.6248655319, 13.6555099487, 10.866812706, 10.6563816071, 11.7561321259, 17.0754146576, 23.8344116211, 26.5751419067, 26.81158638, 25.9949893951, 45.4665985107, 51.3204574585, 25.2414951324, 28.1836872101, 31.3508281708, 29.1543903351, 16.952091217, 11.0679473877, 6.28820705414, 3.2313554287, 2.42751479149, 2.0263671875, 1.76811814308, 0.884316444397, 0.297623693943, 0.0934859216213, 0.0207182243466, 0.0024436400272, 8.60094587551e-05, 4.70480517833e-05],
        "min": [1.44534423576e-21, 1.36067131407e-21, 1.0384304241e-20, 1.04342656268e-19, 1.02787252986e-19, 3.16307584838e-19, 3.86802579127e-19, 5.26425393249e-19, 3.52110184797e-19, 3.58215320555e-19, 1.3842356767e-18, 1.8249266946e-18, 6.92658421562e-18, 3.44704359224e-18, 2.15019168904e-18, 5.02636506013e-18, 5.73246338821e-18, 9.38470484783e-18, 9.07072280373e-18, 4.24964577367e-18, 1.09537688625e-17, 7.15628110479e-18, 5.2808207058e-18, 1.16631217327e-17, 1.41405516556e-17, 2.61075721007e-17, 1.75990301926e-17, 1.90970890235e-17, 1.54674949419e-17, 1.65910345156e-17, 1.59221514568e-17, 1.25698547863e-17, 1.68311269971e-17, 1.19318346634e-17, 1.13562575778e-17, 5.44983852037e-18, 2.94879155707e-18, 1.13407289162e-18, 3.30619980784e-19, 3.35952329517e-20],
        "var": [0.0332866124809, 1.1573189497, 19.2995929718, 25.1714134216, 17.8246994019, 40.7065353394, 385.607635498, 579.988952637, 1237.51586914, 4397.33154297, 6762, 14329.0761719, 1911.02185059, 2895.71411133, 4529.74853516, 1952.37390137, 5257.77392578, 5208.35693359, 8121.15185547, 4939.38525391, 4021.10253906, 3696.32299805, 1216.17504883, 1470.28747559, 1480.33483887, 2998.62768555, 353.733428955, 182.523162842, 193.141937256, 167.583450317, 316.383300781, 214.746490479, 95.8943481445, 21.7007751465, 2.74842333794, 0.217225044966, 0.00761083513498, 0.000294282916002, 3.59252408089e-06, 2.16526041541e-09]
    },
    "gfcc": {
        "mean": [23.3212490082, 81.2655639648, -128.526138306, 38.80859375, -52.7118301392, 12.5053081512, -41.7390098572, 11.7567749023, -25.943145752, 5.30082464218, -17.0216903687, -5.44297885895, -11.770357132],
        "cov": [[9537.49609375, -2153.52001953, -801.949829102, 1049.30065918, -448.742401123, 818.918762207, 134.427108765, 763.03137207, 210.913452148, 342.772155762, 125.044219971, 219.99382019, 121.773872375], [-2153.52001953, 1166.43798828, -6.00264263153, -318.811828613, 170.059570312, -326.177947998, 9.22399234772, -218.898269653, -20.2425022125, -85.2592697144, -11.6142015457, -118.75969696, 20.4164714813], [-801.949829102, -6.00264263153, 494.934906006, -7.58569669724, 63.723323822, -9.83482646942, -43.1741485596, -53.80519104, -20.7390842438, -6.76455307007, -16.3492736816, 28.869102478, -41.9427642822], [1049.30065918, -318.811828613, -7.58569669724, 461.841400146, 38.7645263672, 199.424591064, 88.3030395508, 126.453666687, 58.4742279053, 52.2737121582, 31.1903934479, 28.6339359283, 60.7038612366], [-448.742401123, 170.059570312, 63.723323822, 38.7645263672, 286.032440186, -9.23432636261, 67.8624038696, 4.92723608017, -4.79340410233, 11.2954473495, -0.10650189966, 4.37846803665, 10.6292629242], [818.918762207, -326.177947998, -9.83482646942, 199.424591064, -9.23432636261, 284.94934082, 115.961624146, 111.275253296, 22.2929534912, 37.2858695984, 19.8548774719, 17.4419078827, 12.0838727951], [134.427108765, 9.22399234772, -43.1741485596, 88.3030395508, 67.8624038696, 115.961624146, 227.355667114, 81.9320755005, 12.9412603378, 10.9516143799, 1.51736700535, 7.1392416954, 10.304028511], [763.03137207, -218.898269653, -53.80519104, 126.453666687, 4.92723608017, 111.275253296, 81.9320755005, 190.892883301, 60.8286018372, 43.6483802795, 10.4359865189, 11.5747489929, 21.7069950104], [210.913452148, -20.2425022125, -20.7390842438, 58.4742279053, -4.79340410233, 22.2929534912, 12.9412603378, 60.8286018372, 111.583572388, 39.4644546509, 1.05545771122, -17.2101154327, 11.6212692261], [342.772155762, -85.2592697144, -6.76455307007, 52.2737121582, 11.2954473495, 37.2858695984, 10.9516143799, 43.6483802795, 39.4644546509, 94.700378418, 26.5818843842, 7.9292883873, 8.97349262238], [125.044219971, -11.6142015457, -16.3492736816, 31.1903934479, -0.10650189966, 19.8548774719, 1.51736700535, 10.4359865189, 1.05545771122, 26.5818843842, 75.056137085, 35.9584579468, 9.57311820984], [219.99382019, -118.75969696, 28.869102478, 28.6339359283, 4.37846803665, 17.4419078827, 7.1392416954, 11.5747489929, -17.2101154327, 7.9292883873, 35.9584579468, 108.738922119, 3.17292451859], [121.773872375, 20.4164714813, -41.9427642822, 60.7038612366, 10.6292629242, 12.0838727951, 10.304028511, 21.7069950104, 11.6212692261, 8.97349262238, 9.57311820984, 3.17292451859, 77.355255127]],
        "icov": [[0.000348405941622, 0.000172634157934, 0.000525713141542, -0.000414070353145, 0.000325695000356, -0.000299391918816, 0.000379955163226, -0.000704099133145, 0.000231440892094, -0.000648661109153, 0.00034400387085, -0.000497128057759, 0.000183235271834], [0.000172634157934, 0.00310635589994, 0.000106042243715, 0.000912344024982, -0.00121157593094, 0.00244902819395, -0.00221056467853, 0.00220619956963, -0.00152661558241, 0.00143811223097, -0.00272053293884, 0.00295309838839, -0.00201273639686], [0.000525713141542, 0.000106042243715, 0.00323256454431, -0.000881289131939, -0.00016781987506, -0.000966779480223, 0.00137702783104, -0.000502955866978, 0.000334611191647, -0.00121394149028, 0.00162613554858, -0.00189446448348, 0.00168754754122], [-0.000414070353145, 0.000912344024982, -0.000881289131939, 0.00474321842194, -0.00140837288927, -0.000972344481852, -0.00111663492862, 0.00110648374539, -0.00195986498147, 0.00135070865508, -0.00185652705841, 0.00128856953233, -0.00329069374129], [0.000325695000356, -0.00121157593094, -0.00016781987506, -0.00140837288927, 0.00520193576813, -0.000208842961001, -0.000439121649833, -0.00166258006357, 0.00155382987577, -0.00224198773503, 0.00162817118689, -0.00168218649924, 0.000558291678317], [-0.000299391918816, 0.00244902819395, -0.000966779480223, -0.000972344481852, -0.000208842961001, 0.00937827117741, -0.00485827960074, 0.000871256983373, -0.00015921931481, 0.00104917073622, -0.00341327209026, 0.00357361207716, -0.000791837461293], [0.000379955163226, -0.00221056467853, 0.00137702783104, -0.00111663492862, -0.000439121649833, -0.00485827960074, 0.00913360808045, -0.00448441551998, 0.00172720558476, -0.00122773146722, 0.00326546886936, -0.00335770449601, 0.00208578025922], [-0.000704099133145, 0.00220619956963, -0.000502955866978, 0.00110648374539, -0.00166258006357, 0.000871256983373, -0.00448441551998, 0.0129100745544, -0.00548629974946, 0.0012583269272, -0.00214238860644, 0.00235075992532, -0.00270099216141], [0.000231440892094, -0.00152661558241, 0.000334611191647, -0.00195986498147, 0.00155382987577, -0.00015921931481, 0.00172720558476, -0.00548629974946, 0.0141668040305, -0.00563569925725, 0.00243757176213, 0.00054081849521, 0.00108042941429], [-0.000648661109153, 0.00143811223097, -0.00121394149028, 0.00135070865508, -0.00224198773503, 0.00104917073622, -0.00122773146722, 0.0012583269272, -0.00563569925725, 0.0170323140919, -0.00714984256774, 0.00299206958152, -0.00148903240915], [0.00034400387085, -0.00272053293884, 0.00162613554858, -0.00185652705841, 0.00162817118689, -0.00341327209026, 0.00326546886936, -0.00214238860644, 0.00243757176213, -0.00714984256774, 0.0214035511017, -0.00931981299073, 0.00118746061344], [-0.000497128057759, 0.00295309838839, -0.00189446448348, 0.00128856953233, -0.00168218649924, 0.00357361207716, -0.00335770449601, 0.00235075992532, 0.00054081849521, 0.00299206958152, -0.00931981299073, 0.0160782877356, -0.0025091690477], [0.000183235271834, -0.00201273639686, 0.00168754754122, -0.00329069374129, 0.000558291678317, -0.000791837461293, 0.00208578025922, -0.00270099216141, 0.00108042941429, -0.00148903240915, 0.00118746061344, -0.0025091690477, 0.0171609576792]]
    },
    "melbands": {
        "dmean": [0.000653979950584, 0.000749201804865, 0.000422471930506, 0.000185261116712, 0.000174770932063, 0.00018487178022, 0.00015514237748, 0.000166226542206, 0.000138986491947, 0.000130211657961, 5.21300935361e-05, 5.41192748642e-05, 5.4135958635e-05, 4.38217975898e-05, 4.30905311077e-05, 6.23879896011e-05, 4.98657682328e-05, 4.63479918835e-05, 3.01913423755e-05, 3.13087912218e-05, 3.59877813025e-05, 3.49319088855e-05, 1.60018498718e-05, 1.26799441205e-05, 1.28110013975e-05, 9.96368089545e-06, 1.6698075342e-05, 1.02534995676e-05, 5.58729925615e-06, 4.33553350376e-06, 3.27457360072e-06, 3.1874214983e-06, 2.18840318666e-06, 1.97628946808e-06, 2.16122612073e-06, 2.1100727281e-06, 1.8271019826e-06, 1.60271372351e-06, 1.10560552002e-06, 8.326913985e-07],
        "dmean2": [0.00112844910473, 0.00122969935182, 0.000718149938621, 0.00030980547308, 0.000269977434073, 0.000299663981423, 0.00024184443464, 0.000250977987889, 0.000194141684915, 0.000181335693924, 8.04489827715e-05, 8.49662028486e-05, 8.38384003146e-05, 6.86328785378e-05, 6.94324698998e-05, 0.000100197110442, 7.88791439845e-05, 7.34123532311e-05, 4.70619743282e-05, 5.10037789354e-05, 5.98259612161e-05, 5.8378722315e-05, 2.64184109255e-05, 2.11170772673e-05, 2.14755600609e-05, 1.66432710103e-05, 2.78208299278e-05, 1.70577841345e-05, 9.37897402764e-06, 7.33366505301e-06, 5.45353123016e-06, 5.22419259141e-06, 3.5008076793e-06, 3.05161984215e-06, 3.29897875417e-06, 3.21945094583e-06, 2.78667403109e-06, 2.41410270974e-06, 1.67712221355e-06, 1.2585960576e-06],
        "dvar": [1.67958125985e-06, 1.55918360178e-06, 2.94739805895e-07, 8.39791525209e-08, 1.05476637202e-07, 1.28279125988e-07, 1.61713444413e-07, 1.41510767548e-07, 8.83274040575e-08, 1.06484122853e-07, 1.73247940438e-08, 2.18403766183e-08, 2.12835384872e-08, 9.21853260394e-09, 6.97412172457e-09, 1.92552143119e-08, 1.27523529514e-08, 1.28410686528e-08, 4.36832081618e-09, 4.45246639558e-09, 3.20984572255e-09, 2.84765677705e-09, 7.36619432118e-10, 4.49004694536e-10, 5.15927855993e-10, 2.88718909891e-10, 1.16989362642e-09, 3.20918014385e-10, 7.05648386945e-11, 4.09597980533e-11, 3.13225140269e-11, 4.072387913e-11, 2.55708509922e-11, 2.71948037006e-11, 5.25592867839e-11, 4.35220331996e-11, 3.58110034682e-11, 2.2315658002e-11, 9.20394576526e-12, 5.4729779736e-12],
        "dvar2": [4.56274983662e-06, 4.33068544226e-06, 8.74255249528e-07, 2.24674039373e-07, 2.34623428241e-07, 3.19062053222e-07, 3.75089939553e-07, 2.98495024253e-07, 1.59377634645e-07, 1.90710323977e-07, 3.63222483202e-08, 5.1974350157e-08, 4.71980285965e-08, 2.1596331834e-08, 1.68095866115e-08, 4.75074841688e-08, 3.09626564388e-08, 2.80341261316e-08, 9.29482801837e-09, 1.1048570947e-08, 8.61602256208e-09, 7.68765850978e-09, 1.85580306677e-09, 1.16263609851e-09, 1.27999943977e-09, 7.1317740602e-10, 3.17741344347e-09, 8.4203383155e-10, 1.88153617686e-10, 1.12891612725e-10, 8.12526504412e-11, 1.03236454108e-10, 5.87258228157e-11, 5.49794688942e-11, 1.07726549903e-10, 8.87510828718e-11, 7.10100589441e-11, 4.52144398311e-11, 1.83220244532e-11, 1.12600848784e-11],
        "max": [0.0161547288299, 0.0152050936595, 0.00771028641611, 0.00479190191254, 0.00775025924668, 0.00833377894014, 0.0103549398482, 0.0086948312819, 0.00767260184512, 0.00939623918384, 0.00422819284722, 0.00421364698559, 0.00383540638722, 0.0027996301651, 0.00233622360975, 0.00307383970357, 0.00349641381763, 0.00518432352692, 0.00160315074027, 0.00218205549754, 0.00105966371484, 0.00114727846812, 0.000830321630929, 0.000468471174827, 0.000756209832616, 0.000815496256109, 0.000882639316842, 0.000621304498054, 0.000224205970881, 0.000127183971927, 0.000101392994111, 0.000154509354616, 0.000133852328872, 0.000153328539454, 0.000264157541096, 0.000184993317816, 0.000178549045813, 0.000119763644761, 9.76207593339e-05, 6.84220576659e-05],
        "mean": [0.00108617311344, 0.00157999014482, 0.000854557612911, 0.000349796639057, 0.000405777391279, 0.000343972817063, 0.000269420008408, 0.000338695477694, 0.000328432623064, 0.000300919258734, 9.92671921267e-05, 9.92307031993e-05, 9.79195610853e-05, 7.48761813156e-05, 7.84519506851e-05, 0.000110324108391, 8.59001229401e-05, 8.13821898191e-05, 5.47514355276e-05, 6.16659744992e-05, 7.54805150791e-05, 7.51407933421e-05, 3.3397871448e-05, 2.69426473096e-05, 2.84723155346e-05, 2.33022401517e-05, 3.62831960956e-05, 2.40413410211e-05, 1.26253689814e-05, 9.94003949017e-06, 6.95618746249e-06, 6.15304361418e-06, 4.09540234614e-06, 3.50075902134e-06, 3.61496245205e-06, 3.65563710147e-06, 3.24273696606e-06, 3.11265125674e-06, 2.21454638449e-06, 1.57536760526e-06],
        "median": [0.000602854415774, 0.000952657894231, 0.00063126772875, 0.000229905519518, 0.00023311827681, 0.000178458649316, 9.60622928687e-05, 9.10698727239e-05, 0.000108981112135, 7.0960370067e-05, 4.49162253062e-05, 3.93098525819e-05, 3.23425119859e-05, 3.75962263206e-05, 4.53016255051e-05, 5.19559762324e-05, 4.36543596152e-05, 4.02867262892e-05, 3.02666667267e-05, 3.85141393053e-05, 5.62771383557e-05, 5.89192277403e-05, 2.54526003118e-05, 1.88691883523e-05, 2.14425708691e-05, 1.90837508853e-05, 2.3072330805e-05, 1.70431667357e-05, 9.76782393991e-06, 8.44406531542e-06, 5.06453488924e-06, 3.72852719011e-06, 2.19155185732e-06, 1.5092537069e-06, 1.28601061533e-06, 1.3099734133e-06, 1.10267899345e-06, 1.2635823623e-06, 9.16189890177e-07, 6.60369551042e-07],
        "min": [9.95173117713e-24, 3.72099496435e-24, 1.75235068685e-23, 1.30778638822e-23, 1.44549830976e-23, 1.19325577547e-23, 5.42130102629e-24, 4.98538753412e-24, 1.02968783335e-23, 1.3388334291e-23, 3.53155293674e-23, 1.51694780853e-23, 5.72278749262e-24, 1.30051435285e-23, 1.24785599416e-23, 1.12181945068e-23, 1.6772946738e-23, 1.42358880253e-23, 7.94096022846e-24, 8.73606496775e-24, 1.20444844954e-23, 7.25594023964e-24, 5.11626231931e-24, 5.54188590984e-24, 9.75996303538e-24, 1.10337982702e-23, 9.10249953569e-24, 1.98788640935e-23, 1.08964512757e-23, 9.92676688492e-24, 1.11649692726e-23, 8.31726581292e-24, 9.78250631346e-24, 9.21969113405e-24, 9.73020877975e-24, 6.4981762313e-24, 8.76993786616e-24, 1.13457044058e-23, 1.50284565767e-23, 7.26307233108e-24],
        "var": [2.14312331082e-06, 3.34354672304e-06, 6.09338258073e-07, 1.46483742469e-07, 3.1541418366e-07, 2.65573675051e-07, 3.08786439973e-07, 5.05407001583e-07, 4.56184295672e-07, 4.82194991491e-07, 4.78046580099e-08, 5.24526448942e-08, 5.40802780336e-08, 1.63748499205e-08, 1.40444011976e-08, 3.57363276748e-08, 2.1586211929e-08, 2.6499625605e-08, 8.75721006821e-09, 9.69530500328e-09, 7.4253936333e-09, 6.3780656312e-09, 1.49681922412e-09, 1.11011300152e-09, 1.15403897549e-09, 6.66601052135e-10, 2.92902146981e-09, 9.84459069819e-10, 1.73201730735e-10, 9.42095360057e-11, 6.20107715177e-11, 7.22648052509e-11, 4.88812774979e-11, 6.1819778463e-11, 1.16327024402e-10, 9.99326524309e-11, 8.23831211583e-11, 5.84075773857e-11, 2.80138724718e-11, 1.41520866206e-11]
    },
    "mfcc": {
        "mean": [-612.878295898, 105.536308289, -11.5152206421, 25.2279663086, 9.98306465149, 1.77792274952, 1.52174866199, -3.1698179245, 1.65682506561, 1.20787143707, -0.585667788982, 3.10598659515, -1.28662216663],
        "cov": [[9006.05078125, -1992.03649902, -619.536499023, 308.247009277, -161.19493103, 142.506958008, 277.92288208, 320.377319336, 356.323486328, 500.21963501, 137.532485962, 197.423751831, 126.887542725], [-1992.03649902, 1139.8067627, -131.186660767, -89.6739425659, -6.16299104691, -136.81149292, -99.0214691162, -173.062866211, -65.4683380127, -176.476013184, -11.231511116, -51.36378479, -11.1211099625], [-619.536499023, -131.186660767, 455.085357666, -4.11417341232, 45.8333969116, 52.8649749756, -31.9487190247, 9.1219625473, -41.1985855103, -25.1989116669, -11.5330848694, 10.7285146713, 4.30005216599], [308.247009277, -89.6739425659, -4.11417341232, 252.472854614, 75.967918396, 51.4271354675, 45.8337478638, 48.0083808899, 50.395488739, 57.1829109192, -3.15483808517, 26.6434345245, 8.57827663422], [-161.19493103, -6.16299104691, 45.8333969116, 75.967918396, 193.537002563, 26.1075134277, 6.0324010849, -10.1555156708, 8.75769138336, 21.54454422, -14.3218040466, 14.6644992828, -0.0849750488997], [142.506958008, -136.81149292, 52.8649749756, 51.4271354675, 26.1075134277, 174.589370728, 84.55443573, 59.9599075317, 16.247385025, 50.5484809875, 7.53457069397, 13.8125486374, -5.1720700264], [277.92288208, -99.0214691162, -31.9487190247, 45.8337478638, 6.0324010849, 84.55443573, 188.210128784, 93.7227935791, 40.5405349731, 49.3048782349, 13.9063501358, 20.1739730835, 8.64275836945], [320.377319336, -173.062866211, 9.1219625473, 48.0083808899, -10.1555156708, 59.9599075317, 93.7227935791, 166.695892334, 42.1638565063, 48.7971878052, 10.1269006729, 19.3883457184, 0.466998577118], [356.323486328, -65.4683380127, -41.1985855103, 50.395488739, 8.75769138336, 16.247385025, 40.5405349731, 42.1638565063, 127.107536316, 85.5591430664, 22.6057739258, 16.1433124542, -8.61292934418], [500.21963501, -176.476013184, -25.1989116669, 57.1829109192, 21.54454422, 50.5484809875, 49.3048782349, 48.7971878052, 85.5591430664, 160.69342041, 30.458316803, 26.8165988922, -13.7232875824], [137.532485962, -11.231511116, -11.5330848694, -3.15483808517, -14.3218040466, 7.53457069397, 13.9063501358, 10.1269006729, 22.6057739258, 30.458316803, 79.118598938, 21.5824737549, 8.38243293762], [197.423751831, -51.36378479, 10.7285146713, 26.6434345245, 14.6644992828, 13.8125486374, 20.1739730835, 19.3883457184, 16.1433124542, 26.8165988922, 21.5824737549, 81.1523513794, 26.8178882599], [126.887542725, -11.1211099625, 4.30005216599, 8.57827663422, -0.0849750488997, -5.1720700264, 8.64275836945, 0.466998577118, -8.61292934418, -13.7232875824, 8.38243293762, 26.8178882599, 88.2173919678]],
