{
"lowlevel": {
    "average_loudness": 0.955977916718,
    "barkbands_crest": {
        "dmean": 2.68847227097,
        "dmean2": 4.51142644882,
        "dvar": 6.14655351639,
        "dvar2": 16.9992847443,
        "max": 25.66837883,
        "mean": 9.65589046478,
        "median": 9.02247810364,
        "min": 2.51986265182,
        "var": 14.1509370804
    },
    "barkbands_flatness_db": {
        "dmean": 0.025461005047,
        "dmean2": 0.0398840233684,
        "dvar": 0.000590015843045,
        "dvar2": 0.00138861208688,
        "max": 0.466983020306,
        "mean": 0.120692335069,
        "median": 0.108468919992,
        "min": 0.0220905262977,
        "var": 0.00309412158094
    },
    "barkbands_kurtosis": {
        "dmean": 4.67452335358,
        "dmean2": 7.42629098892,
        "dvar": 163.87802124,
        "dvar2": 357.903289795,
        "max": 531.788146973,
        "mean": 7.11440610886,
        "median": 1.31400752068,
        "min": -1.96997630596,
        "var": 692.81463623
    },
    "barkbands_skewness": {
        "dmean": 0.718305051327,
        "dmean2": 1.13600516319,
        "dvar": 0.607346057892,
        "dvar2": 1.45759367943,
        "max": 18.329864502,
        "mean": 1.90074181557,
        "median": 1.55302929878,
        "min": -2.43701958656,
        "var": 3.1007361412
    },
    "barkbands_spread": {
        "dmean": 8.69853210449,
        "dmean2": 13.4553794861,
        "dvar": 87.3934631348,
        "dvar2": 188.526702881,
        "max": 115.863868713,
        "mean": 32.9210510254,
        "median": 31.0456085205,
        "min": 0.239836037159,
        "var": 353.905609131
    },
    "dissonance": {
        "dmean": 0.0107379658148,
        "dmean2": 0.0180670861155,
        "dvar": 0.000158423979883,
        "dvar2": 0.000426764774602,
        "max": 0.500000119209,
        "mean": 0.480740129948,
        "median": 0.485445737839,
        "min": 0.233472183347,
        "var": 0.000287957838736
    },
    "dynamic_complexity": 1.97522985935,
    "erbbands_crest": {
        "dmean": 2.21805381775,
        "dmean2": 3.60736632347,
        "dvar": 5.73955345154,
        "dvar2": 13.7948408127,
        "max": 30.3767051697,
        "mean": 7.15608596802,
        "median": 5.84761714935,
        "min": 2.25731468201,
        "var": 16.0290546417
    },
    "erbbands_flatness_db": {
        "dmean": 0.0148356426507,
        "dmean2": 0.0217094011605,
        "dvar": 0.00025590279256,
        "dvar2": 0.000504942960106,
        "max": 0.331509917974,
        "mean": 0.117511607707,
        "median": 0.111530609429,
        "min": 0.0270212758332,
        "var": 0.00122101197485
    },
    "erbbands_kurtosis": {
        "dmean": 0.9479418993,
        "dmean2": 1.49156367779,
        "dvar": 3.94449710846,
        "dvar2": 8.47545433044,
        "max": 65.3096084595,
        "mean": 0.297947525978,
        "median": -0.324005961418,
        "min": -1.78992772102,
        "var": 7.64149188995
    },
    "erbbands_skewness": {
        "dmean": 0.344903498888,
        "dmean2": 0.522083103657,
        "dvar": 0.132649749517,
        "dvar2": 0.264814764261,
        "max": 6.91676282883,
        "mean": -0.297243595123,
        "median": -0.408863186836,
        "min": -6.08920049667,
        "var": 0.643381237984
    },
    "erbbands_spread": {
        "dmean": 11.1793737411,
        "dmean2": 17.4757575989,
        "dvar": 119.325149536,
        "dvar2": 268.186096191,
        "max": 171.287475586,
        "mean": 54.3536071777,
        "median": 54.0518226624,
        "min": 2.83857369423,
        "var": 476.029052734
    },
    "hfc": {
        "dmean": 10.8418922424,
        "dmean2": 16.5281620026,
        "dvar": 285.366607666,
        "dvar2": 630.980407715,
        "max": 230.881103516,
        "mean": 30.7402439117,
        "median": 24.7375469208,
        "min": 1.04705163829e-16,
        "var": 726.699279785
    },
    "melbands_crest": {
        "dmean": 3.3619658947,
        "dmean2": 5.53482341766,
        "dvar": 8.21458053589,
        "dvar2": 21.8677387238,
        "max": 32.8232574463,
        "mean": 16.0799884796,
        "median": 16.0328292847,
        "min": 1.63974642754,
        "var": 21.2306957245
    },
    "melbands_flatness_db": {
        "dmean": 0.0324068441987,
        "dmean2": 0.0503158867359,
        "dvar": 0.000939976016525,
        "dvar2": 0.00221183104441,
        "max": 0.597020208836,
        "mean": 0.18981590867,
        "median": 0.177717447281,
        "min": 0.0038591416087,
        "var": 0.00520476186648
    },
    "melbands_kurtosis": {
        "dmean": 14.5798406601,
        "dmean2": 23.5914783478,
        "dvar": 650.396911621,
        "dvar2": 1538.85253906,
        "max": 581.902770996,
        "mean": 27.9203548431,
        "median": 13.6244421005,
        "min": -1.76215755939,
        "var": 2508.26782227
    },
    "melbands_skewness": {
        "dmean": 1.13160502911,
        "dmean2": 1.81277394295,
        "dvar": 1.44465529919,
        "dvar2": 3.61697077751,
        "max": 17.5076560974,
        "mean": 3.94702219963,
        "median": 3.51127767563,
        "min": -1.13060927391,
        "var": 5.4025053978
    },
    "melbands_spread": {
        "dmean": 10.0109920502,
        "dmean2": 15.7050991058,
        "dvar": 157.51512146,
        "dvar2": 361.010925293,
        "max": 216.650283813,
        "mean": 26.9010829926,
        "median": 22.1774520874,
        "min": 0.30251583457,
        "var": 484.004241943
    },
    "pitch_salience": {
        "dmean": 0.0884405300021,
        "dmean2": 0.14612019062,
        "dvar": 0.00624679820612,
        "dvar2": 0.016623320058,
        "max": 0.873878955841,
        "mean": 0.529276609421,
        "median": 0.534182548523,
        "min": 0.0538191013038,
        "var": 0.0149118052796
    },
    "silence_rate_20dB": {
        "dmean": 0,
        "dmean2": 0,
        "dvar": 0,
        "dvar2": 0,
        "max": 1,
        "mean": 1,
        "median": 1,
        "min": 1,
        "var": 0
    },
    "silence_rate_30dB": {
        "dmean": 0.00180607289076,
        "dmean2": 0.0036125537008,
        "dvar": 0.001802719431,
        "dvar2": 0.00540539296344,
        "max": 1,
        "mean": 0.999097049236,
        "median": 1,
        "min": 0,
        "var": 0.000902146275621
    },
    "silence_rate_60dB": {
        "dmean": 0.00270910933614,
        "dmean2": 0.00541883055121,
        "dvar": 0.00270184362307,
        "dvar2": 0.00584114389494,
        "max": 1,
        "mean": 0.0224604960531,
        "median": 0,
        "min": 0,
        "var": 0.0219552274793
    },
    "spectral_centroid": {
        "dmean": 312.258453369,
        "dmean2": 474.604370117,
        "dvar": 97930.03125,
        "dvar2": 207843.265625,
        "max": 11658.3115234,
        "mean": 1680.67687988,
        "median": 1703.18432617,
        "min": 105.265563965,
        "var": 711019.8125
    },
    "spectral_complexity": {
        "dmean": 5.45772647858,
        "dmean2": 8.19056224823,
        "dvar": 32.6038780212,
        "dvar2": 65.1862106323,
        "max": 61,
        "mean": 25.5134315491,
        "median": 26,
        "min": 0,
        "var": 157.008895874
    },
    "spectral_decrease": {
        "dmean": 4.59779947448e-09,
        "dmean2": 8.01001487361e-09,
        "dvar": 4.95455842105e-17,
        "dvar2": 1.37906029713e-16,
        "max": 1.70339716526e-28,
        "mean": -8.75312000659e-09,
        "median": -7.19979542652e-09,
        "min": -5.17126537147e-08,
        "var": 4.28983905866e-17
    },
    "spectral_energy": {
        "dmean": 0.017989533022,
        "dmean2": 0.0312351062894,
        "dvar": 0.0007404088974,
        "dvar2": 0.00205831159838,
        "max": 0.198832690716,
        "mean": 0.0358245745301,
        "median": 0.0301259402186,
        "min": 9.98894260431e-21,
        "var": 0.000651445589028
    },
    "spectral_energyband_high": {
        "dmean": 0.000877856917214,
        "dmean2": 0.00130413786974,
        "dvar": 3.06238553094e-06,
        "dvar2": 6.2817507569e-06,
        "max": 0.0265237744898,
        "mean": 0.00201071612537,
        "median": 0.00116508733481,
        "min": 7.03112164061e-21,
        "var": 7.86212422099e-06
    },
    "spectral_energyband_low": {
        "dmean": 0.0141756245866,
        "dmean2": 0.0250435657799,
        "dvar": 0.000623673258815,
        "dvar2": 0.0017563685542,
        "max": 0.188191905618,
        "mean": 0.0198825336993,
        "median": 0.0135602802038,
        "min": 1.5238602811e-23,
        "var": 0.000492485240102
    },
    "spectral_energyband_middle_high": {
        "dmean": 0.00213933736086,
        "dmean2": 0.00329981790856,
        "dvar": 8.57517443364e-06,
        "dvar2": 2.02908504434e-05,
        "max": 0.0411771722138,
        "mean": 0.00553263071924,
        "median": 0.00386806810275,
        "min": 1.18700215953e-21,
        "var": 2.4835451768e-05
    },
    "spectral_energyband_middle_low": {
        "dmean": 0.00578927854076,
        "dmean2": 0.00975190941244,
        "dvar": 9.2844653409e-05,
        "dvar2": 0.000257201638306,
        "max": 0.13531896472,
        "mean": 0.011176854372,
        "median": 0.00876065623015,
        "min": 2.00295317932e-22,
        "var": 9.80383629212e-05
    },
    "spectral_entropy": {
        "dmean": 0.145794764161,
        "dmean2": 0.205570235848,
        "dvar": 0.0302485004067,
        "dvar2": 0.0562918819487,
        "max": 9.81844329834,
        "mean": 7.88121891022,
        "median": 7.93960618973,
        "min": 4.79335451126,
        "var": 0.172475621104
    },
    "spectral_flux": {
        "dmean": 0.0360046066344,
        "dmean2": 0.0582505054772,
        "dvar": 0.00208722590469,
        "dvar2": 0.00390149094164,
        "max": 0.384287029505,
        "mean": 0.104655787349,
        "median": 0.0899090319872,
        "min": 6.37319849672e-11,
        "var": 0.00339671131223
    },
    "spectral_kurtosis": {
        "dmean": 0.997316777706,
        "dmean2": 1.57250702381,
        "dvar": 2.45424556732,
        "dvar2": 6.00483608246,
        "max": 58.5450630188,
        "mean": 2.97933077812,
        "median": 2.63431501389,
        "min": -1.3437846899,
        "var": 5.1102232933
    },
    "spectral_rms": {
        "dmean": 0.0013051268179,
        "dmean2": 0.00218987418339,
        "dvar": 2.67047039415e-06,
        "dvar2": 7.30214696887e-06,
        "max": 0.0139277819544,
        "mean": 0.00559514900669,
        "median": 0.00542136188596,
        "min": 3.12174786889e-12,
        "var": 3.64514198736e-06
    },
    "spectral_rolloff": {
        "dmean": 807.471984863,
        "dmean2": 1319.82104492,
        "dvar": 1447070.625,
        "dvar2": 3051576,
        "max": 19509.0820312,
        "mean": 1944.00634766,
        "median": 1485.79101562,
        "min": 86.1328125,
        "var": 4927871.5
    },
    "spectral_skewness": {
        "dmean": 0.178438782692,
        "dmean2": 0.271636158228,
        "dvar": 0.0505995750427,
        "dvar2": 0.109043858945,
        "max": 6.25787878036,
        "mean": 1.27991950512,
        "median": 1.23500537872,
        "min": -0.160464778543,
        "var": 0.175883129239
    },
    "spectral_spread": {
        "dmean": 614846.375,
        "dmean2": 832051,
        "dvar": 749738983424,
        "dvar2": 1.32487289242e+12,
        "max": 51408448,
        "mean": 5675109.5,
        "median": 5267430,
        "min": 1612644,
        "var": 6.83854423654e+12
    },
    "spectral_strongpeak": {
        "dmean": 0.440257817507,
        "dmean2": 0.784097194672,
        "dvar": 1.09806442261,
        "dvar2": 2.93887209892,
        "max": 14.8340759277,
        "mean": 0.601428210735,
        "median": 0.347832679749,
        "min": 0,
        "var": 1.07538831234
    },
    "zerocrossingrate": {
        "dmean": 0.0144167812541,
        "dmean2": 0.0166276358068,
        "dvar": 0.000275821657851,
        "dvar2": 0.000326795910951,
        "max": 0.51953125,
        "mean": 0.0802376121283,
        "median": 0.07177734375,
        "min": 0.00341796875,
        "var": 0.0027826114092
    },
    "barkbands": {
        "dmean": [9.05201886781e-05, 0.0080026332289, 0.00633109593764, 0.0026950512547, 0.00236894050613, 0.000644989020657, 0.00081379810581, 0.000687806925271, 0.000470094848424, 0.000304222601699, 0.00021924925386, 0.000303751177853, 0.000455634028185, 0.000462334282929, 0.00035598751856, 0.00040461064782, 0.00035872682929, 0.000248362106504, 0.000272019446129, 0.000253247242654, 0.000216490429011, 0.000186278441106, 0.000123003701447, 0.000247086572926, 0.000133047724376, 4.54425025964e-05, 4.10961865782e-06],
        "dmean2": [0.000164508848684, 0.0144639210775, 0.0110201239586, 0.00448051234707, 0.00403508450836, 0.00110227218829, 0.00138311309274, 0.0011562879663, 0.000760790309869, 0.000505292031448, 0.000355183699867, 0.00050207937602, 0.000743840413634, 0.000732755113859, 0.000567409675568, 0.000642052502371, 0.000581227359362, 0.000408331601648, 0.000444207631517, 0.00041559044621, 0.000354404037353, 0.000301876832964, 0.00019434026035, 0.000351701542968, 0.000186644989299, 6.59651195747e-05, 6.80191169522e-06],
        "dvar": [2.81515255551e-08, 0.0002570906654, 0.000112999652629, 1.49154866449e-05, 2.80112399196e-05, 1.5933933355e-06, 4.44252054876e-06, 3.85440625905e-06, 1.92660809262e-06, 4.4715278591e-07, 1.91142362382e-07, 5.50359061435e-07, 1.37664483191e-06, 1.33917546918e-06, 1.09633072043e-06, 5.95717040142e-07, 4.98591248288e-07, 1.50232366991e-07, 1.58023922836e-07, 2.27843031553e-07, 2.15001207948e-07, 1.63440418532e-07, 5.67628966053e-08, 7.76233946453e-07, 1.52310221324e-07, 7.49742667949e-09, 1.03027988918e-10],
        "dvar2": [8.23837282837e-08, 0.000721160904504, 0.000321224448271, 4.05234168284e-05, 7.75492371758e-05, 4.37373546447e-06, 1.2059380424e-05, 1.00944662336e-05, 4.87330180476e-06, 1.09525160497e-06, 4.5692496542e-07, 1.38311736464e-06, 3.38524591825e-06, 3.11037592837e-06, 2.62209323409e-06, 1.35194306949e-06, 1.22204392028e-06, 3.82360440199e-07, 4.06015800536e-07, 5.94736206949e-07, 5.65865036606e-07, 4.10894443803e-07, 1.34667502039e-07, 1.41836960665e-06, 2.60392226892e-07, 1.53596797503e-08, 2.70145988912e-10],
        "max": [0.00251629413106, 0.12710134685, 0.10144533962, 0.0923945307732, 0.0617928691208, 0.02277562581, 0.0335088782012, 0.0373892076313, 0.040246527642, 0.0153610175475, 0.00849478226155, 0.0185356885195, 0.0296957977116, 0.0260134842247, 0.0345029011369, 0.0213066004217, 0.021021829918, 0.0108234966174, 0.0116374464706, 0.00797642301768, 0.00821461249143, 0.00559675320983, 0.00576983299106, 0.0213873237371, 0.01025304012, 0.00190267059952, 0.000261936511379],
        "mean": [7.84204676165e-05, 0.00829682219774, 0.00880074035376, 0.00445302808657, 0.00324451574124, 0.000975304224994, 0.00096765672788, 0.000719195522834, 0.000694372749422, 0.000401052355301, 0.000320594990626, 0.000403707788792, 0.000635626085568, 0.000699984957464, 0.0005415364285, 0.000686734681949, 0.000639490433969, 0.000447217520559, 0.000573701865505, 0.000449681450846, 0.000386299710954, 0.000307050941046, 0.000236297681113, 0.000479723734315, 0.000280192558421, 0.00010084859241, 4.7989160521e-06],
        "median": [1.98113320948e-05, 0.00443062186241, 0.00583615992218, 0.00293322280049, 0.00193543557543, 0.000584114633966, 0.000383351230994, 0.000180225310032, 0.000259878201177, 0.000181418290595, 0.00015308719594, 0.000151462401845, 0.000180861359695, 0.000224829535, 0.000238240303588, 0.000403110694606, 0.000363817147445, 0.000341356091667, 0.000462283293018, 0.000325327448081, 0.000269234704319, 0.000167885358678, 0.000119089381769, 0.000159502218594, 0.000114628375741, 4.69299338874e-05, 8.34849743114e-07],
        "min": [4.18667612278e-25, 4.187352571e-24, 1.78409926173e-24, 4.19876659944e-24, 9.83290979214e-24, 6.80681963819e-24, 1.19826488445e-23, 1.04324985115e-23, 1.35981350042e-23, 2.13679037387e-23, 2.15742003318e-23, 1.24258790215e-23, 5.05871728286e-23, 4.42481011644e-23, 6.28109732963e-23, 4.66051323522e-23, 7.0121012828e-23, 9.81613450722e-23, 1.1106496378e-22, 2.06552663607e-22, 2.64433016432e-22, 3.03609641277e-22, 4.0265399307e-22, 6.70599270688e-22, 8.83986675665e-22, 1.35899191125e-21, 1.95846824003e-21],
        "var": [2.38186306234e-08, 0.000182147792657, 0.000101214951428, 2.47302050411e-05, 2.29272354773e-05, 1.8589831825e-06, 4.08443975175e-06, 3.68472160517e-06, 2.66296319751e-06, 5.81437006986e-07, 3.15564108178e-07, 7.16616341379e-07, 2.27223449656e-06, 2.62056232714e-06, 1.84353177701e-06, 1.12760028514e-06, 1.02192484519e-06, 2.6619682103e-07, 3.60603280569e-07, 2.9418788472e-07, 2.45189482939e-07, 1.97805775315e-07, 1.14399263396e-07, 2.12196164284e-06, 4.13766144902e-07, 2.03726049364e-08, 1.14717471633e-10]
    },
    "erbbands": {
        "dmean": [0.136402726173, 2.1399307251, 6.67277479172, 8.63744544983, 6.33724308014, 10.2612781525, 6.56652116776, 5.58427619934, 9.54264545441, 15.0753364563, 13.1785068512, 11.1150903702, 9.18088340759, 9.56528186798, 8.54298973083, 13.3120927811, 19.1158714294, 21.4710254669, 21.8582286835, 17.944437027, 20.6283378601, 17.9276828766, 13.3894052505, 14.4915685654, 12.3062505722, 12.1205835342, 10.0510778427, 7.97724342346, 6.82368659973, 4.63254976273, 3.663230896, 5.0538983345, 4.03189945221, 2.04314923286, 0.681779742241, 0.239006832242, 0.0705473721027, 0.018449081108, 0.000369893357856, 2.74884969258e-05],
        "dmean2": [0.24477429688, 3.86663222313, 11.7888383865, 14.5056371689, 10.5814123154, 17.4916267395, 11.0209102631, 9.68723011017, 16.5130386353, 25.2785835266, 22.0106163025, 17.9088420868, 15.4293756485, 15.6496868134, 13.8043413162, 21.8854999542, 31.0020751953, 33.8387947083, 34.4893913269, 28.3349304199, 32.8256835938, 28.8395614624, 21.906129837, 23.8310470581, 20.0160770416, 19.9228477478, 16.7830200195, 12.9611558914, 11.0689172745, 7.50270843506, 5.75886058807, 7.36658811569, 5.69946336746, 2.89601516724, 0.990065932274, 0.347855448723, 0.103253595531, 0.0282621569932, 0.000566424219869, 4.48895189038e-05],
        "dvar": [0.0829713791609, 17.8329257965, 140.860412598, 144.678497314, 101.78692627, 601.369812012, 174.063964844, 138.358551025, 729.79864502, 1408.25134277, 1554.87927246, 1384.14624023, 680.289916992, 334.577911377, 272.423919678, 944.475952148, 2368.68505859, 3121.40991211, 3547.85205078, 1790.5838623, 1289.76147461, 1003.28826904, 481.869384766, 358.346160889, 440.088439941, 517.792358398, 411.788024902, 325.559417725, 235.625991821, 83.8132705688, 54.1640510559, 325.351287842, 215.853042603, 45.9285049438, 2.28366041183, 0.193629190326, 0.0190791636705, 0.00202127359807, 7.77038621891e-07, 1.42110867518e-09],
        "dvar2": [0.231122419238, 50.0411605835, 401.258300781, 401.578582764, 279.554168701, 1651.56665039, 474.949768066, 393.413909912, 2023.56262207, 3665.91748047, 4038.90820312, 3484.01147461, 1731.31677246, 832.083984375, 652.327697754, 2330.28198242, 5966.49804688, 7473.26708984, 8412.84179688, 4004.97753906, 3058.4375, 2527.22338867, 1237.68249512, 925.809265137, 1119.37780762, 1355.34082031, 1102.45544434, 846.178588867, 596.358520508, 214.033905029, 123.569892883, 645.364074707, 395.623504639, 79.3504867554, 4.15998506546, 0.374918758869, 0.0394263155758, 0.00466913310811, 1.81095765583e-06, 3.51227802398e-09],
        "max": [2.17123627663, 34.0714492798, 112.287597656, 162.293746948, 280.277069092, 278.035400391, 187.326126099, 174.110809326, 406.658813477, 626.7734375, 813.527770996, 1230.19897461, 636.530639648, 431.119415283, 341.735870361, 779.183410645, 1264.48388672, 1421.6340332, 1620.5333252, 1456.37121582, 1061.07861328, 795.472229004, 701.119384766, 637.130859375, 463.286773682, 388.5284729, 334.210662842, 316.84085083, 240.574081421, 179.108779907, 175.116241455, 550.72253418, 314.222106934, 178.329223633, 40.1705703735, 9.39767742157, 2.97941017151, 1.11694896221, 0.0221336837858, 0.000555101025384],
        "mean": [0.129948109388, 2.28988575935, 8.9981584549, 14.4797010422, 10.5967407227, 12.6104927063, 9.57452487946, 7.92134571075, 11.2372846603, 17.752702713, 15.0963668823, 16.3849487305, 12.2690944672, 14.2972927094, 12.7459754944, 19.2558364868, 28.1876277924, 33.370967865, 35.3760147095, 30.8422622681, 38.0628471375, 33.9249649048, 25.601688385, 30.7905960083, 24.8602352142, 21.803062439, 17.4742565155, 13.7961807251, 11.3469438553, 7.78886651993, 7.11417198181, 9.4397354126, 7.69075536728, 4.04140138626, 1.47054195404, 0.536381602287, 0.154325589538, 0.0311300959438, 0.000652531220112, 6.73041067785e-05],
        "median": [0.0487054288387, 1.28441286087, 5.86884975433, 10.4635620117, 7.00322818756, 6.6277961731, 5.28900146484, 4.81269025803, 4.75983476639, 6.11817979813, 4.47488880157, 6.22487640381, 4.99959182739, 7.44048595428, 6.22529792786, 7.78475952148, 9.14033126831, 10.4797487259, 14.7716474533, 14.1158180237, 24.4751701355, 21.0114517212, 18.8499107361, 26.3844165802, 18.6001682281, 15.8231544495, 12.5307779312, 8.83668327332, 6.32035779953, 4.0192937851, 3.43204045296, 3.09603953362, 2.53090715408, 1.50799870491, 0.672269105911, 0.265569239855, 0.069912597537, 0.00928887072951, 0.000226053845836, 5.39142383786e-05],
        "min": [1.1938417729e-22, 7.55752829547e-22, 4.34733131591e-21, 8.32774583004e-21, 2.63117444838e-20, 2.98370121556e-20, 3.40701283273e-20, 5.08459392236e-20, 1.33393717595e-19, 2.19911523467e-19, 2.99159768848e-19, 4.15705691446e-19, 7.79276101738e-19, 5.20600490773e-19, 1.11093127321e-18, 8.70771169678e-19, 2.36627111737e-18, 2.4298887511e-18, 3.00809358275e-18, 4.43455455498e-18, 4.16233644642e-18, 4.20966027644e-18, 6.05535375391e-18, 6.20029771751e-18, 4.69225192147e-18, 1.09466145774e-17, 9.82733332951e-18, 1.00624925058e-17, 1.09145522297e-17, 8.97031300354e-18, 1.15258957778e-17, 1.35436068403e-17, 1.07609596792e-17, 9.55234292513e-18, 6.70287859563e-18, 4.46743870664e-18, 2.46562047202e-18, 8.7136156984e-19, 2.5442077484e-19, 2.64481565835e-20],
        "var": [0.0618494525552, 12.5727033615, 113.526687622, 198.48928833, 141.160369873, 469.680236816, 190.842346191, 125.917495728, 612.516723633, 1451.22583008, 1635.89367676, 1775.39025879, 877.015808105, 498.513305664, 437.103179932, 1382.97485352, 3971.77099609, 5584.15283203, 6987.90429688, 4259.78222656, 2846.44433594, 2096.8215332, 944.440979004, 834.62512207, 859.148132324, 687.113586426, 456.310089111, 359.450317383, 278.214508057, 111.864440918, 117.627471924, 803.880493164, 558.854248047, 116.87978363, 6.80559110641, 0.594336569309, 0.0497714430094, 0.00339149264619, 1.29983573061e-06, 2.43222997298e-09]
    },
    "gfcc": {
        "mean": [27.711566925, 67.2117156982, -99.0536575317, 52.3571052551, -45.3339042664, 21.7892990112, -41.4396858215, 13.2191152573, -29.8313446045, 3.17454719543, -22.7854652405, -3.83094096184, -16.262424469],
        "cov": [[14877.7285156, -236.045013428, -1106.32202148, 169.042984009, -748.540283203, -7.59763097763, -567.264404297, 200.60786438, -315.039916992, 162.009124756, -207.422470093, 126.011962891, -228.481109619], [-236.045013428, 1027.41296387, -277.512481689, -8.00036334991, 152.008346558, -128.039321899, 122.203872681, -96.0199661255, 40.6765899658, -56.8656082153, 45.2594490051, -75.0824737549, 63.5519523621], [-1106.32202148, -277.512481689, 635.983459473, 26.8124790192, 41.6795349121, 94.8517608643, 13.7927236557, 22.8591976166, -2.41088247299, -20.4918327332, -25.6534385681, 28.781703949, -12.6852903366], [169.042984009, -8.00036334991, 26.8124790192, 305.996246338, 34.6774520874, -57.4921531677, 8.6463432312, -12.0526418686, 11.9350042343, -15.2343893051, 22.2571697235, 13.5438308716, 42.4156455994], [-748.540283203, 152.008346558, 41.6795349121, 34.6774520874, 301.974365234, 39.1376228333, 48.8268890381, 8.97809028625, 37.27368927, -6.37242126465, 1.90662705898, -27.6046772003, 31.9864902496], [-7.59763097763, -128.039321899, 94.8517608643, -57.4921531677, 39.1376228333, 255.276245117, 16.3336658478, 40.8147735596, -5.45552873611, -2.84445858002, -10.3036146164, -23.0692768097, -16.3506717682], [-567.264404297, 122.203872681, 13.7927236557, 8.6463432312, 48.8268890381, 16.3336658478, 161.501266479, 9.10135650635, 15.7548236847, -16.8744297028, 22.3202419281, 12.7292509079, 5.28501701355], [200.60786438, -96.0199661255, 22.8591976166, -12.0526418686, 8.97809028625, 40.8147735596, 9.10135650635, 111.338134766, 13.2489614487, 14.5941886902, 0.666631042957, 3.11678481102, -3.18374156952], [-315.039916992, 40.6765899658, -2.41088247299, 11.9350042343, 37.27368927, -5.45552873611, 15.7548236847, 13.2489614487, 84.4669723511, 22.449640274, 5.14877796173, -13.0868883133, 12.2589235306], [162.009124756, -56.8656082153, -20.4918327332, -15.2343893051, -6.37242126465, -2.84445858002, -16.8744297028, 14.5941886902, 22.449640274, 68.7942810059, 12.7711601257, 2.53051447868, -15.8050832748], [-207.422470093, 45.2594490051, -25.6534385681, 22.2571697235, 1.90662705898, -10.3036146164, 22.3202419281, 0.666631042957, 5.14877796173, 12.7711601257, 66.8581237793, 16.6113052368, 10.9217691422], [126.011962891, -75.0824737549, 28.781703949, 13.5438308716, -27.6046772003, -23.0692768097, 12.7292509079, 3.11678481102, -13.0868883133, 2.53051447868, 16.6113052368, 77.0163345337, 9.61040019989], [-228.481109619, 63.5519523621, -12.6852903366, 42.4156455994, 31.9864902496, -16.3506717682, 5.28501701355, -3.18374156952, 12.2589235306, -15.8050832748, 10.9217691422, 9.61040019989, 66.8271789551]],
        "icov": [[0.000203404735657, -0.000336641649483, 0.00035541143734, -0.000508100434672, 0.000373959454009, -0.00039449572796, 0.000712130160537, -0.000679754361045, 0.00062733591767, -0.000619057973381, 0.0010512911249, -0.000971902685706, 0.000747783516999], [-0.000336641649483, 0.00259208423086, 2.60292872554e-05, 0.00144076813012, -0.00134041963611, 0.00165051349904, -0.00252111116424, 0.00239933026023, -0.00144656014163, 0.00243703927845, -0.00306470389478, 0.00377877289429, -0.00236724875867], [0.00035541143734, 2.60292872554e-05, 0.00265163276345, -0.00104378210381, 0.000152943684952, -0.00113151350524, 0.000944323837757, -0.000921322382055, 0.000601952313446, 2.15089257836e-05, 0.00221397494897, -0.00236200192012, 0.00176010385621], [-0.000508100434672, 0.00144076813012, -0.00104378210381, 0.0053110588342, -0.00143942434806, 0.00213761744089, -0.00204436876811, 0.00216040178202, -0.00195054733194, 0.00262789730914, -0.00414563901722, 0.00303987367079, -0.00398015137762], [0.000373959454009, -0.00134041963611, 0.000152943684952, -0.00143942434806, 0.00507525680587, -0.00159127358347, 0.000576935592107, -0.00167028722353, 0.000349284149706, -0.00200659036636, 0.00264801667072, -0.000816133571789, -0.000301906140521], [-0.00039449572796, 0.00165051349904, -0.00113151350524, 0.00213761744089, -0.00159127358347, 0.00620376737788, -0.00246916664764, 0.000286246126052, -0.000482664152514, 0.00202318490483, -0.00290672993287, 0.00466783158481, -0.00163068051916], [0.000712130160537, -0.00252111116424, 0.000944323837757, -0.00204436876811, 0.000576935592107, -0.00246916664764, 0.0111003872007, -0.00369604141451, 0.000213792358409, 0.000602199870627, 0.00160531396978, -0.00681228050962, 0.00519541976973], [-0.000679754361045, 0.00239933026023, -0.000921322382055, 0.00216040178202, -0.00167028722353, 0.000286246126052, -0.00369604141451, 0.0131642110646, -0.00361143494956, 0.000934610085096, -0.0038534051273, 0.00358758424409, -0.003365568351], [0.00062733591767, -0.00144656014163, 0.000601952313446, -0.00195054733194, 0.000349284149706, -0.000482664152514, 0.000213792358409, -0.00361143494956, 0.0180372912437, -0.00921020656824, 0.00424507865682, 0.000455378263723, -0.00184778450057], [-0.000619057973381, 0.00243703927845, 2.15089257836e-05, 0.00262789730914, -0.00200659036636, 0.00202318490483, 0.000602199870627, 0.000934610085096, -0.00921020656824, 0.0240145288408, -0.00925638433546, 0.00181434315164, 0.00397536996752], [0.0010512911249, -0.00306470389478, 0.00221397494897, -0.00414563901722, 0.00264801667072, -0.00290672993287, 0.00160531396978, -0.0038534051273, 0.00424507865682, -0.00925638433546, 0.0250238329172, -0.00940433703363, 0.00156597583555], [-0.000971902685706, 0.00377877289429, -0.00236200192012, 0.00303987367079, -0.000816133571789, 0.00466783158481, -0.00681228050962, 0.00358758424409, 0.000455378263723, 0.00181434315164, -0.00940433703363, 0.0238113757223, -0.00859365519136], [0.000747783516999, -0.00236724875867, 0.00176010385621, -0.00398015137762, -0.000301906140521, -0.00163068051916, 0.00519541976973, -0.003365568351, -0.00184778450057, 0.00397536996752, 0.00156597583555, -0.00859365519136, 0.024065585807]]
    },
    "melbands": {
        "dmean": [0.00177782832179, 0.0032886043191, 0.00135915528517, 0.000554646831006, 0.000286896014586, 0.000125604579807, 0.000148750856169, 0.000163489952683, 0.000103295344161, 6.74618277117e-05, 4.55493864138e-05, 3.94182243326e-05, 2.96139169222e-05, 2.91472460958e-05, 4.48059945484e-05, 4.38598872279e-05, 4.14687237935e-05, 3.90532477468e-05, 2.3561728085e-05, 2.80145741272e-05, 2.64631980826e-05, 2.03695144592e-05, 1.80204460776e-05, 1.13322403195e-05, 1.29393247335e-05, 1.05635544969e-05, 9.21277660382e-06, 8.31834768178e-06, 6.83618145558e-06, 5.45249304196e-06, 4.89642434331e-06, 4.20907736043e-06, 3.42150110555e-06, 2.38710003941e-06, 2.01502643904e-06, 2.45118599196e-06, 3.71583018932e-06, 3.26015947394e-06, 2.41060820372e-06, 1.62112451108e-06],
        "dmean2": [0.00321251153946, 0.00583530031145, 0.0022780878935, 0.000942405196838, 0.000482280796859, 0.000217206426896, 0.00025651519536, 0.000274013349554, 0.000170861632796, 0.000108609572635, 7.65855220379e-05, 6.4552637923e-05, 4.74312328151e-05, 4.83857074869e-05, 7.29284365661e-05, 7.14139459888e-05, 6.54299801681e-05, 6.20501668891e-05, 3.76479874831e-05, 4.49604958703e-05, 4.26282567787e-05, 3.29684371536e-05, 2.938426951e-05, 1.89874117495e-05, 2.14084557228e-05, 1.73759453901e-05, 1.51924250531e-05, 1.38554451041e-05, 1.16083383546e-05, 8.99872156879e-06, 8.04277169664e-06, 6.90415117788e-06, 5.63006960874e-06, 3.91919002141e-06, 3.21061793329e-06, 3.78514596377e-06, 5.49119431525e-06, 4.72227338832e-06, 3.47769037035e-06, 2.33431796914e-06],
        "dvar": [1.31934311867e-05, 3.5705830669e-05, 3.47654622601e-06, 1.37715778692e-06, 3.78863177275e-07, 6.92851287454e-08, 1.70021010604e-07, 1.71113953229e-07, 8.93832705628e-08, 5.13859994555e-08, 1.64558464633e-08, 5.92941429289e-09, 3.66115737727e-09, 5.06244735021e-09, 1.2383593706e-08, 1.46513130517e-08, 1.15482166052e-08, 1.06995940996e-08, 4.61070337465e-09, 3.73244324336e-09, 2.63507216047e-09, 1.54977231048e-09, 1.37060096606e-09, 3.38822608859e-10, 2.87944501576e-10, 2.83864265427e-10, 2.70469119323e-10, 2.58416621435e-10, 1.87115684058e-10, 1.37049774307e-10, 1.19362533746e-10, 9.10428746281e-11, 5.396748326e-11, 2.01697096525e-11, 1.40942387969e-11, 4.70688869825e-11, 1.95911689649e-10, 1.53603033071e-10, 7.20266138399e-11, 2.55731755217e-11],
        "dvar2": [3.68942564819e-05, 0.000101103934867, 9.65524304775e-06, 3.8086548102e-06, 1.04173739146e-06, 1.96043075107e-07, 4.68368028805e-07, 4.47118566171e-07, 2.27410822617e-07, 1.29243346692e-07, 4.16386249924e-08, 1.46497178832e-08, 8.63666116402e-09, 1.28273196509e-08, 3.13450954081e-08, 3.47127482314e-08, 2.77858198672e-08, 2.52991334548e-08, 1.13199973839e-08, 8.65688765117e-09, 6.41451025629e-09, 3.91587073878e-09, 3.5074882998e-09, 8.89646800672e-10, 7.50799533655e-10, 7.23483328802e-10, 6.82978895661e-10, 6.86300682951e-10, 5.06742148243e-10, 3.60271618094e-10, 3.12828651872e-10, 2.33778357783e-10, 1.38154931939e-10, 5.20431996109e-11, 3.37422555174e-11, 1.0234976755e-10, 3.92055277132e-10, 2.97463137455e-10, 1.30254862452e-10, 4.6970392853e-11],
        "max": [0.0278594642878, 0.0530804134905, 0.0339389331639, 0.0134387584403, 0.00814223382622, 0.00365045876242, 0.0068317069672, 0.00661364383996, 0.00660714646801, 0.00756640126929, 0.00314236059785, 0.00185334321577, 0.00121725862846, 0.00183006504085, 0.00273563712835, 0.00334252137691, 0.00251137488522, 0.00251051853411, 0.00255738780834, 0.00178441824391, 0.00176495173946, 0.00105538859498, 0.00172188307624, 0.000504143943544, 0.000609945214819, 0.000398050440708, 0.000439119146904, 0.000288573559374, 0.000226078671403, 0.000211261300137, 0.000193899395526, 0.000170190905919, 0.000117003568448, 8.30303324619e-05, 8.79028739291e-05, 0.000206668526516, 0.000402379781008, 0.00028954364825, 0.000216822547372, 0.000126545564854],
        "mean": [0.00176521926187, 0.00433346955106, 0.00243820692413, 0.000788189237937, 0.000403557787649, 0.0001805700158, 0.000176714223926, 0.00018707192794, 0.000122553028632, 9.87078383332e-05, 5.87163413002e-05, 5.69470103073e-05, 4.35050787928e-05, 3.99008276872e-05, 6.24130116194e-05, 6.25690954621e-05, 6.13799347775e-05, 6.11007853877e-05, 3.64420193364e-05, 4.40886287834e-05, 4.57947971881e-05, 3.49461806763e-05, 3.08744020003e-05, 1.94899930648e-05, 2.59096468653e-05, 2.00944868993e-05, 1.62347150763e-05, 1.37232755151e-05, 1.09837337732e-05, 9.09597656573e-06, 7.86539476394e-06, 6.68520397085e-06, 5.23389053342e-06, 3.93407754018e-06, 3.7695631363e-06, 4.46577269031e-06, 6.53416418572e-06, 5.81263839194e-06, 4.44973738922e-06, 3.01881937048e-06],
        "median": [0.000853131408803, 0.00285478285514, 0.00181531789713, 0.000497122760862, 0.000226620351896, 0.000109520275146, 7.41795665817e-05, 6.10091810813e-05, 3.64622392226e-05, 3.624639794e-05, 2.26391057367e-05, 2.83038789348e-05, 2.0237017452e-05, 1.61124044098e-05, 2.30303667195e-05, 1.6197849618e-05, 1.80623610504e-05, 2.34562394326e-05, 1.64089324244e-05, 2.19145440497e-05, 2.80623717117e-05, 2.04807965929e-05, 1.90837799892e-05, 1.47582404679e-05, 2.18230961764e-05, 1.46674610733e-05, 1.15050315799e-05, 9.56082840275e-06, 7.59363774705e-06, 6.18411286268e-06, 4.73071213491e-06, 3.65683808923e-06, 2.64467780653e-06, 2.00061981559e-06, 1.92505331142e-06, 1.74575802703e-06, 1.94024164557e-06, 1.79504695552e-06, 1.5079667719e-06, 1.12271914077e-06],
        "min": [1.63382717574e-24, 2.6200514159e-24, 2.37925813269e-24, 2.15270457767e-24, 1.53607074351e-24, 1.07566469795e-24, 1.99956715166e-24, 2.38864183037e-24, 1.85751065757e-24, 2.21372257426e-24, 3.67975647167e-24, 1.6524856097e-24, 4.12896581996e-24, 2.90925393743e-24, 1.77938108466e-24, 4.43597155161e-24, 3.42258387226e-24, 4.12031517128e-24, 4.39619284604e-24, 3.99163065839e-24, 3.96690854648e-24, 4.62681751497e-24, 4.2732662289e-24, 3.0585750516e-24, 4.34747397982e-24, 3.02453333695e-24, 3.86844568931e-24, 6.78101284254e-24, 4.40108733353e-24, 5.84718178547e-24, 5.77921313545e-24, 5.21020224249e-24, 5.34827025584e-24, 4.13534257709e-24, 5.67562583783e-24, 6.52282103484e-24, 7.29502671977e-24, 6.63175325952e-24, 6.42423314321e-24, 6.70165659092e-24],
        "var": [9.46170985117e-06, 2.73251916951e-05, 4.9841623877e-06, 1.17960564694e-06, 3.46251880501e-07, 6.5273432881e-08, 1.46271688095e-07, 1.70604081973e-07, 1.03445493949e-07, 6.50394085255e-08, 2.15586393182e-08, 8.77679262601e-09, 6.15460171716e-09, 6.85704293346e-09, 1.67677320917e-08, 2.5060870712e-08, 2.01762127006e-08, 2.31387762284e-08, 7.33811544862e-09, 6.76778810771e-09, 5.35329425233e-09, 2.76057621207e-09, 2.6613353743e-09, 5.24811416547e-10, 6.36501518159e-10, 5.63081803406e-10, 4.2081632623e-10, 3.10915682089e-10, 1.93319887876e-10, 1.52125687047e-10, 1.26864602157e-10, 1.02106406663e-10, 6.28570459571e-11, 2.8235438293e-11, 2.80885783382e-11, 9.83677306277e-11, 4.71185979123e-10, 3.64445695844e-10, 1.72650574393e-10, 6.10956701896e-11]
    },
    "mfcc": {
        "mean": [-612.996520996, 93.9231491089, 10.7358407974, 34.6009216309, 20.0307807922, 10.6690101624, 7.38606262207, 3.87907147408, 3.62060308456, 2.33669233322, -1.14615893364, -0.0270264334977, -3.65773749352],
        "cov": [[7343.41162109, -175.830749512, -277.949584961, 104.668807983, -158.376037598, -193.755950928, -171.351730347, -98.6838531494, -140.177978516, -55.4954490662, -19.6868743896, 40.2778930664, -20.8972320557], [-175.830749512, 977.670837402, -237.4712677, 79.3840789795, 5.1175994873, 42.4239349365, 43.2231903076, -8.0334815979, 31.9315242767, -18.1740856171, 18.2256813049, -4.28148269653, -7.37905168533], [-277.949584961, -237.4712677, 510.903137207, -38.9485969543, 26.8750228882, 31.9972457886, 12.4065256119, 44.7244682312, -0.778755187988, -3.61108088493, -25.0972652435, -8.07344245911, 5.97831392288], [104.668807983, 79.3840789795, -38.9485969543, 377.60345459, 14.6694908142, -19.0276679993, -23.1378803253, -4.86211967468, -11.6213159561, -11.0026531219, -37.481048584, -26.1869888306, 25.2405261993], [-158.376037598, 5.1175994873, 26.8750228882, 14.6694908142, 236.733261108, 47.0993652344, 30.143289566, 5.87437057495, 44.7960777283, 49.1224327087, -11.0815391541, -17.9472103119, -13.8610916138], [-193.755950928, 42.4239349365, 31.9972457886, -19.0276679993, 47.0993652344, 142.421676636, 42.2039337158, 27.3300819397, 12.533449173, 17.6437492371, 8.2253780365, -14.3920183182, -8.66985416412], [-171.351730347, 43.2231903076, 12.4065256119, -23.1378803253, 30.143289566, 42.2039337158, 126.100479126, 56.0625495911, 18.0090808868, 1.60845422745, 12.2137956619, 18.8314933777, -7.90225934982], [-98.6838531494, -8.0334815979, 44.7244682312, -4.86211967468, 5.87437057495, 27.3300819397, 56.0625495911, 95.1729278564, 30.9368896484, -2.79222750664, -2.84757590294, 11.947016716, 6.87333726883], [-140.177978516, 31.9315242767, -0.778755187988, -11.6213159561, 44.7960777283, 12.533449173, 18.0090808868, 30.9368896484, 82.7440567017, 35.3227386475, 1.5521312952, -3.41697263718, 5.59033250809], [-55.4954490662, -18.1740856171, -3.61108088493, -11.0026531219, 49.1224327087, 17.6437492371, 1.60845422745, -2.79222750664, 35.3227386475, 77.1547927856, 20.7788410187, -7.20732307434, -4.5124669075], [-19.6868743896, 18.2256813049, -25.0972652435, -37.481048584, -11.0815391541, 8.2253780365, 12.2137956619, -2.84757590294, 1.5521312952, 20.7788410187, 70.4402313232, 28.4947910309, -7.0158996582], [40.2778930664, -4.28148269653, -8.07344245911, -26.1869888306, -17.9472103119, -14.3920183182, 18.8314933777, 11.947016716, -3.41697263718, -7.20732307434, 28.4947910309, 75.2300491333, 21.272605896], [-20.8972320557, -7.37905168533, 5.97831392288, 25.2405261993, -13.8610916138, -8.66985416412, -7.90225934982, 6.87333726883, 5.59033250809, -4.5124669075, -7.0158996582, 21.272605896, 63.2332801819]],
