{
"lowlevel": {
    "average_loudness": 0.880587518215,
    "barkbands_crest": {
        "dmean": 2.79640364647,
        "dmean2": 4.50367116928,
        "dvar": 9.74726867676,
        "dvar2": 23.7632598877,
        "max": 24.6280384064,
        "mean": 9.33690357208,
        "median": 7.80705356598,
        "min": 2.56662082672,
        "var": 24.088136673
    },
    "barkbands_flatness_db": {
        "dmean": 0.0189903136343,
        "dmean2": 0.0305439569056,
        "dvar": 0.000474695727462,
        "dvar2": 0.00118902209215,
        "max": 0.487943828106,
        "mean": 0.135744810104,
        "median": 0.117590390146,
        "min": 0.0483919419348,
        "var": 0.00413887575269
    },
    "barkbands_kurtosis": {
        "dmean": 1.52078902721,
        "dmean2": 2.54748082161,
        "dvar": 10.1977949142,
        "dvar2": 27.9489192963,
        "max": 66.9037628174,
        "mean": 1.69667005539,
        "median": 0.110908389091,
        "min": -1.83472442627,
        "var": 33.2663154602
    },
    "barkbands_skewness": {
        "dmean": 0.428361386061,
        "dmean2": 0.683887779713,
        "dvar": 0.305123656988,
        "dvar2": 0.774085283279,
        "max": 7.40755987167,
        "mean": 1.05510640144,
        "median": 0.897085428238,
        "min": -2.08295798302,
        "var": 1.10321652889
    },
    "barkbands_spread": {
        "dmean": 5.16041660309,
        "dmean2": 8.28613948822,
        "dvar": 32.8795852661,
        "dvar2": 82.174621582,
        "max": 97.3668518066,
        "mean": 27.0050907135,
        "median": 26.7400741577,
        "min": 2.84010028839,
        "var": 117.645568848
    },
    "dissonance": {
        "dmean": 0.0138891143724,
        "dmean2": 0.023740042001,
        "dvar": 0.000234692983213,
        "dvar2": 0.000672735739499,
        "max": 0.500000059605,
        "mean": 0.471204966307,
        "median": 0.480369925499,
        "min": 0.249755382538,
        "var": 0.00103243801277
    },
    "dynamic_complexity": 3.83279061317,
    "erbbands_crest": {
        "dmean": 2.25470328331,
        "dmean2": 3.6603884697,
        "dvar": 5.03879928589,
        "dvar2": 12.7821044922,
        "max": 33.7870101929,
        "mean": 9.07552719116,
        "median": 7.33302211761,
        "min": 2.1977622509,
        "var": 29.370218277
    },
    "erbbands_flatness_db": {
        "dmean": 0.0143868895248,
        "dmean2": 0.0206690467894,
        "dvar": 0.000188177175005,
        "dvar2": 0.000372819806216,
        "max": 0.451201975346,
        "mean": 0.172565624118,
        "median": 0.159856170416,
        "min": 0.027850760147,
        "var": 0.00381251145154
    },
    "erbbands_kurtosis": {
        "dmean": 0.652357399464,
        "dmean2": 1.05567085743,
        "dvar": 1.23100244999,
        "dvar2": 3.09533071518,
        "max": 28.6973342896,
        "mean": 0.194068238139,
        "median": -0.354095220566,
        "min": -1.66200864315,
        "var": 3.90575385094
    },
    "erbbands_skewness": {
        "dmean": 0.29522395134,
        "dmean2": 0.460960149765,
        "dvar": 0.075256690383,
        "dvar2": 0.188390746713,
        "max": 3.13458895683,
        "mean": -0.00188011792488,
        "median": -0.0614958740771,
        "min": -5.16201639175,
        "var": 0.779814779758
    },
    "erbbands_spread": {
        "dmean": 5.68182659149,
        "dmean2": 8.87117767334,
        "dvar": 31.0959033966,
        "dvar2": 72.8257064819,
        "max": 118.09185791,
        "mean": 35.3358726501,
        "median": 34.5342025757,
        "min": 3.70330739021,
        "var": 180.802398682
    },
    "hfc": {
        "dmean": 5.14378738403,
        "dmean2": 8.06205940247,
        "dvar": 46.8723754883,
        "dvar2": 114.269248962,
        "max": 136.820602417,
        "mean": 23.9643859863,
        "median": 22.334728241,
        "min": 1.08287153666e-16,
        "var": 250.044967651
    },
    "melbands_crest": {
        "dmean": 3.36724710464,
        "dmean2": 5.32640171051,
        "dvar": 10.9194784164,
        "dvar2": 26.5942955017,
        "max": 32.0976867676,
        "mean": 12.7014827728,
        "median": 11.2974386215,
        "min": 1.67813706398,
        "var": 32.1367454529
    },
    "melbands_flatness_db": {
        "dmean": 0.0233037024736,
        "dmean2": 0.0368160605431,
        "dvar": 0.000773759034928,
        "dvar2": 0.0018640360795,
        "max": 0.530148684978,
        "mean": 0.176847144961,
        "median": 0.158314228058,
        "min": 0.0029723206535,
        "var": 0.0056734867394
    },
    "melbands_kurtosis": {
        "dmean": 4.36565065384,
        "dmean2": 7.29510211945,
        "dvar": 99.3673248291,
        "dvar2": 269.875976562,
        "max": 225.449081421,
        "mean": 8.19133663177,
        "median": 3.94721651077,
        "min": -1.90835261345,
        "var": 297.415222168
    },
    "melbands_skewness": {
        "dmean": 0.604557096958,
        "dmean2": 0.96467769146,
        "dvar": 0.701981544495,
        "dvar2": 1.74334430695,
        "max": 11.6804161072,
        "mean": 2.11696720123,
        "median": 1.80284631252,
        "min": -0.991915881634,
        "var": 2.1916437149
    },
    "melbands_spread": {
        "dmean": 6.98933458328,
        "dmean2": 11.1172485352,
        "dvar": 54.6937217712,
        "dvar2": 133.686035156,
        "max": 157.172897339,
        "mean": 30.8562889099,
        "median": 29.9261245728,
        "min": 1.92808735371,
        "var": 269.01965332
    },
    "pitch_salience": {
        "dmean": 0.0724339857697,
        "dmean2": 0.115415968001,
        "dvar": 0.00576307764277,
        "dvar2": 0.0140005955473,
        "max": 0.930569291115,
        "mean": 0.558628857136,
        "median": 0.58870780468,
        "min": 0.110686302185,
        "var": 0.0172899309546
    },
    "silence_rate_20dB": {
        "dmean": 0,
        "dmean2": 0,
        "dvar": 0,
        "dvar2": 0,
        "max": 1,
        "mean": 1,
        "median": 1,
        "min": 1,
        "var": 0
    },
    "silence_rate_30dB": {
        "dmean": 0.00915815401822,
        "dmean2": 0.0183184593916,
        "dvar": 0.00907430052757,
        "dvar2": 0.024089127779,
        "max": 1,
        "mean": 0.993895292282,
        "median": 1,
        "min": 0,
        "var": 0.00606780778617
    },
    "silence_rate_60dB": {
        "dmean": 0.00680990936235,
        "dmean2": 0.0136214187369,
        "dvar": 0.00676297349855,
        "dvar2": 0.0153124639764,
        "max": 1,
        "mean": 0.107654377818,
        "median": 0,
        "min": 0,
        "var": 0.0960712134838
    },
    "spectral_centroid": {
        "dmean": 209.127197266,
        "dmean2": 338.827758789,
        "dvar": 56674.28125,
        "dvar2": 140057.703125,
        "max": 11704.3701172,
        "mean": 1770.6237793,
        "median": 1699.6036377,
        "min": 377.396392822,
        "var": 893289.625
    },
    "spectral_complexity": {
        "dmean": 3.64142298698,
        "dmean2": 5.99107551575,
        "dvar": 12.3104066849,
        "dvar2": 31.2952976227,
        "max": 56,
        "mean": 26.9963607788,
        "median": 29,
        "min": 0,
        "var": 140.201141357
    },
    "spectral_decrease": {
        "dmean": 2.84917378579e-09,
        "dmean2": 4.65020510987e-09,
        "dvar": 2.63652487877e-17,
        "dvar2": 6.76823794086e-17,
        "max": 2.09014195368e-28,
        "mean": -7.28771887282e-09,
        "median": -6.26740170873e-09,
        "min": -5.71347023026e-08,
        "var": 3.36758197562e-17
    },
    "spectral_energy": {
        "dmean": 0.0110693229362,
        "dmean2": 0.018006131053,
        "dvar": 0.000380801095162,
        "dvar2": 0.000974078895524,
        "max": 0.220985233784,
        "mean": 0.0296791587025,
        "median": 0.0258086659014,
        "min": 9.92293052181e-21,
        "var": 0.000518185901456
    },
    "spectral_energyband_high": {
        "dmean": 0.000283370842226,
        "dmean2": 0.000446011399617,
        "dvar": 2.94786985933e-07,
        "dvar2": 6.92004789471e-07,
        "max": 0.0112892035395,
        "mean": 0.000827932439279,
        "median": 0.000596375495661,
        "min": 6.76819170082e-21,
        "var": 8.04290266387e-07
    },
    "spectral_energyband_low": {
        "dmean": 0.00807467196137,
        "dmean2": 0.0136152952909,
        "dvar": 0.000377676275093,
        "dvar2": 0.000988643150777,
        "max": 0.176256343722,
        "mean": 0.0105812838301,
        "median": 0.00619838666171,
        "min": 1.90336611647e-23,
        "var": 0.000312091753585
    },
    "spectral_energyband_middle_high": {
        "dmean": 0.0017811745638,
        "dmean2": 0.00282118935138,
        "dvar": 5.80595678912e-06,
        "dvar2": 1.42735470945e-05,
        "max": 0.0633475631475,
        "mean": 0.00724853388965,
        "median": 0.00616512540728,
        "min": 1.14053656089e-21,
        "var": 3.3208867535e-05
    },
    "spectral_energyband_middle_low": {
        "dmean": 0.00413291621953,
        "dmean2": 0.00652119982988,
        "dvar": 3.18409183819e-05,
        "dvar2": 7.70667029428e-05,
        "max": 0.0787735879421,
        "mean": 0.011439726688,
        "median": 0.00886846892536,
        "min": 1.67546622044e-22,
        "var": 9.84841535683e-05
    },
    "spectral_entropy": {
        "dmean": 0.0964938625693,
        "dmean2": 0.147448077798,
        "dvar": 0.0107237007469,
        "dvar2": 0.0223850701004,
        "max": 9.82580184937,
        "mean": 7.65841913223,
        "median": 7.79018497467,
        "min": 4.09332275391,
        "var": 0.446012109518
    },
    "spectral_flux": {
        "dmean": 0.0251404773444,
        "dmean2": 0.0398886241019,
        "dvar": 0.00122031953651,
        "dvar2": 0.00254059070721,
        "max": 0.371196180582,
        "mean": 0.0901109948754,
        "median": 0.0834164172411,
        "min": 6.29944360564e-11,
        "var": 0.00286899646744
    },
    "spectral_kurtosis": {
        "dmean": 1.42888772488,
        "dmean2": 2.50525021553,
        "dvar": 3.04769563675,
        "dvar2": 9.36072826385,
        "max": 26.1329307556,
        "mean": 3.75981402397,
        "median": 3.16315531731,
        "min": -1.25600636005,
        "var": 7.27102899551
    },
    "spectral_rms": {
        "dmean": 0.000840655702632,
        "dmean2": 0.00132800347637,
        "dvar": 1.37371500841e-06,
        "dvar2": 3.33803177455e-06,
        "max": 0.0146831655875,
        "mean": 0.00495431572199,
        "median": 0.00501788686961,
        "min": 3.11141585586e-12,
        "var": 4.4101043386e-06
    },
    "spectral_rolloff": {
        "dmean": 442.098327637,
        "dmean2": 734.058654785,
        "dvar": 416642.65625,
        "dvar2": 950137.5625,
        "max": 19638.28125,
        "mean": 1858.66687012,
        "median": 1701.12304688,
        "min": 86.1328125,
        "var": 3383674.5
    },
    "spectral_skewness": {
        "dmean": 0.187786355615,
        "dmean2": 0.317586690187,
        "dvar": 0.0340924821794,
        "dvar2": 0.100699171424,
        "max": 3.6352789402,
        "mean": 1.2311450243,
        "median": 1.2040617466,
        "min": -0.101006194949,
        "var": 0.185593396425
    },
    "spectral_spread": {
        "dmean": 371819.03125,
        "dmean2": 521657.65625,
        "dvar": 394655137792,
        "dvar2": 761944932352,
        "max": 42835460,
        "mean": 4100465.75,
        "median": 3647993,
        "min": 1597912.875,
        "var": 1.15859028705e+13
    },
    "spectral_strongpeak": {
        "dmean": 0.62377768755,
        "dmean2": 1.06667530537,
        "dvar": 0.858297765255,
        "dvar2": 2.15390205383,
        "max": 10.4309425354,
        "mean": 1.0725120306,
        "median": 0.408083081245,
        "min": 0,
        "var": 1.96773445606
    },
    "zerocrossingrate": {
        "dmean": 0.00791557971388,
        "dmean2": 0.00979389250278,
        "dvar": 7.22939221305e-05,
        "dvar2": 9.72363195615e-05,
        "max": 0.52099609375,
        "mean": 0.0671148821712,
        "median": 0.0625,
        "min": 0.00634765625,
        "var": 0.00214483588934
    },
    "barkbands": {
        "dmean": [0.000440556905232, 0.00731599004939, 0.00111610768363, 0.000568292336538, 0.00183987279888, 0.000870802847203, 0.000774138490669, 0.0012762483675, 0.00116669188719, 0.000587459770031, 0.000463558099, 0.000383203965612, 0.000342628307408, 0.000399633252528, 0.000419206218794, 0.000263012130745, 0.000341267936165, 0.000267451832769, 0.000235564977629, 0.000132134562591, 9.37654549489e-05, 8.70472722454e-05, 4.74064145237e-05, 3.71611968148e-05, 3.39800972142e-05, 9.20849834074e-06, 1.15130438516e-09],
        "dmean2": [0.000695063034073, 0.0124884340912, 0.00191116938367, 0.000960554287303, 0.00305136921816, 0.00143512478098, 0.0012596398592, 0.00193751475308, 0.00182993873022, 0.000928085763007, 0.000728921033442, 0.000621413753834, 0.000544568756595, 0.000623412954155, 0.000675048097037, 0.000441228359705, 0.000577717612032, 0.000453472894151, 0.000401751021855, 0.000225727912039, 0.000160507886903, 0.000146361489897, 7.54398060963e-05, 5.4423657275e-05, 4.55202643934e-05, 1.29850131998e-05, 2.14197481974e-09],
        "dvar": [4.36852502617e-07, 0.000340385828167, 3.72485283151e-06, 6.93657170814e-07, 9.77597301244e-06, 2.14540955312e-06, 3.94940843762e-06, 8.78894661582e-06, 6.97715495335e-06, 2.34548701883e-06, 9.9446481272e-07, 5.57902183118e-07, 6.31474847523e-07, 9.02924284674e-07, 6.49938499464e-07, 1.94359216721e-07, 2.18435729948e-07, 1.19292266731e-07, 8.70968221989e-08, 3.16744888096e-08, 2.52444465332e-08, 2.39568791471e-08, 1.27770931613e-08, 1.60707607222e-08, 1.79309740389e-08, 2.01372274411e-09, 4.1068760543e-18],
        "dvar2": [1.02506839994e-06, 0.000899303180631, 1.04916898636e-05, 1.8698265194e-06, 2.49949371209e-05, 5.67962479181e-06, 9.65665549302e-06, 1.97608987946e-05, 1.72231666511e-05, 5.67798861084e-06, 2.31836133935e-06, 1.35615141517e-06, 1.50243749886e-06, 2.1240582555e-06, 1.56871738e-06, 5.1663494105e-07, 6.12218798324e-07, 3.25572727888e-07, 2.44013591555e-07, 8.94346641189e-08, 6.88249954806e-08, 6.17079720655e-08, 3.04164693432e-08, 3.3231419394e-08, 3.61595589027e-08, 4.40555947279e-09, 1.2802322317e-17],
        "max": [0.00976298190653, 0.167043730617, 0.0334046892822, 0.0212633572519, 0.049046035856, 0.0335910022259, 0.0487781316042, 0.0746441781521, 0.0577289387584, 0.0498417951167, 0.0223410651088, 0.0162429511547, 0.0210470408201, 0.0195591747761, 0.0156236682087, 0.0138443727046, 0.0119746625423, 0.00545882899314, 0.00517309363931, 0.00330019858666, 0.00473866192624, 0.00206405180506, 0.00324578792788, 0.00529730459675, 0.00486229592934, 0.00186591187958, 7.20549380162e-08],
        "mean": [0.000704342150129, 0.00780559703708, 0.00176451203879, 0.000838348409161, 0.00288647180423, 0.00153910461813, 0.00109267863445, 0.00275061675347, 0.00205999030732, 0.00103651371319, 0.000850507116411, 0.000695310591254, 0.000640358775854, 0.000732624495868, 0.000801704765763, 0.000523171387613, 0.000769412028603, 0.000608365342487, 0.00058767729206, 0.000333277188474, 0.000220622052439, 0.000199546324438, 8.9425171609e-05, 7.64800061006e-05, 5.95099409111e-05, 1.30143926071e-05, 9.24572474137e-10],
        "median": [0.000398265838157, 0.00357456505299, 0.0013317130506, 0.000597364269197, 0.0019372071838, 0.00100936810486, 0.000463287695311, 0.000512673752382, 0.000967874540947, 0.000364976585843, 0.000266497430857, 0.000314243719913, 0.000210309910472, 0.000276125996606, 0.000408617721405, 0.000330288836267, 0.000594981655013, 0.000447466562036, 0.00048018299276, 0.000266142917098, 0.00016623234842, 0.000135350346682, 4.37178096035e-05, 2.85413698293e-05, 1.72194377228e-05, 2.04532852877e-06, 3.33975624933e-10],
        "min": [2.04750208735e-24, 2.32718522712e-24, 2.79833496656e-24, 2.66941951464e-25, 1.17710700388e-23, 5.76431234181e-24, 7.27772147809e-24, 6.59825033688e-24, 1.89166226054e-23, 1.68641990121e-23, 2.42592714384e-23, 3.56620948958e-23, 3.22418653789e-23, 4.19429644024e-23, 3.52983953086e-23, 6.27753483378e-23, 7.42749965827e-23, 7.20287246214e-23, 1.34809778001e-22, 1.85190688947e-22, 2.73551895087e-22, 3.41861090053e-22, 3.88632716232e-22, 6.2196727068e-22, 9.2229275148e-22, 1.23043681573e-21, 1.92406875488e-21],
        "var": [8.19614797365e-07, 0.000262583431322, 3.77421019948e-06, 8.64007688506e-07, 1.19027090477e-05, 3.86581723433e-06, 5.42794077774e-06, 4.40824624093e-05, 1.23323407024e-05, 4.82434143123e-06, 3.14413864544e-06, 1.32333150304e-06, 1.53383325596e-06, 2.14346664507e-06, 1.58793750415e-06, 4.24261230592e-07, 5.71688303808e-07, 3.28472168576e-07, 2.25293732115e-07, 7.7857855274e-08, 5.73498262213e-08, 4.61800446772e-08, 2.02280716621e-08, 4.17265191288e-08, 3.94336723275e-08, 3.29304827851e-09, 2.92535484198e-18]
    },
    "erbbands": {
        "dmean": [0.239758625627, 1.57842743397, 1.66164517403, 1.33520781994, 4.65006351471, 7.10740470886, 5.6784362793, 8.44464206696, 9.7769317627, 15.9577188492, 28.6921405792, 21.9764022827, 24.5980930328, 19.6716175079, 12.3071451187, 14.0848302841, 14.0183744431, 13.3081846237, 24.6954669952, 14.1482057571, 15.4105634689, 20.0710258484, 16.2838630676, 10.6225442886, 10.7256231308, 5.96126556396, 4.27127313614, 3.64459753036, 3.50930428505, 2.12459301949, 1.21040010452, 0.824207425117, 0.655781745911, 0.467487424612, 0.202112331986, 0.0711809247732, 0.0104830255732, 0.00021872081561, 1.33431258291e-05, 1.29211084641e-05],
        "dmean2": [0.407070100307, 2.73028731346, 2.86167311668, 2.22542357445, 7.73974466324, 11.9000148773, 9.21891403198, 14.133646965, 15.9323205948, 24.9328231812, 43.5620422363, 34.1698684692, 39.2092285156, 30.9019012451, 19.816827774, 22.5566196442, 22.2135448456, 20.5862674713, 40.0362625122, 23.190700531, 25.9230384827, 34.0382766724, 27.6163311005, 17.9969367981, 18.3127384186, 10.1063222885, 7.33745241165, 6.19014930725, 5.95810842514, 3.50485253334, 1.89201176167, 1.25118112564, 0.938886165619, 0.649421155453, 0.275400876999, 0.0993386730552, 0.014791036956, 0.000303298438666, 1.8566946892e-05, 2.06542808883e-05],
        "dvar": [0.271735608578, 18.2106781006, 13.5342712402, 2.9355943203, 62.9909095764, 160.933013916, 77.9384307861, 249.319778442, 618.230102539, 1683.15588379, 4019.92773438, 3003.08520508, 4545.33398438, 2027.44958496, 902.987487793, 702.016174316, 1048.55432129, 723.45703125, 4164.65673828, 619.822509766, 598.262145996, 844.284973145, 471.810516357, 179.279937744, 191.412124634, 72.4419631958, 39.369720459, 42.9750442505, 36.980922699, 24.7226829529, 8.24879837036, 7.6203584671, 5.08901977539, 3.22332215309, 0.742255628109, 0.129464060068, 0.00172259879764, 7.35780929517e-07, 1.57857305005e-09, 4.65720129128e-10],
        "dvar2": [0.719891011715, 48.6699981689, 36.8878974915, 7.99818468094, 152.22215271, 431.888305664, 203.322250366, 666.555114746, 1509.3918457, 4016.44628906, 9123.56738281, 7213.62255859, 11285.4521484, 5036.71142578, 2304.85058594, 1678.87939453, 2533.58837891, 1604.6730957, 11337.2519531, 1621.95263672, 1590.23718262, 2360.02148438, 1300.05212402, 500.46987915, 539.202941895, 203.963180542, 106.973999023, 116.61895752, 97.4526977539, 63.4256324768, 18.7309169769, 16.7124767303, 10.4405117035, 6.74974584579, 1.56020247936, 0.282351970673, 0.00360587006435, 1.52265852194e-06, 3.23055049378e-09, 1.17031329072e-09],
        "max": [4.51119852066, 40.8421592712, 50.2552680969, 32.64087677, 128.226867676, 245.150009155, 240.280639648, 412.609008789, 718.489257812, 817.469238281, 1551.8416748, 1648.65588379, 1480.04138184, 1327.15625, 964.599243164, 630.286804199, 1083.78149414, 761.742492676, 1499.19763184, 545.485961914, 947.96887207, 780.483581543, 382.837982178, 206.487045288, 273.03704834, 124.28175354, 253.784790039, 112.452789307, 90.0601959229, 88.5710601807, 80.3830795288, 137.617446899, 78.9016799927, 75.5186386108, 30.868221283, 15.9251556396, 1.60723185539, 0.030970081687, 0.00137374713086, 0.000246494426392],
        "mean": [0.259578824043, 1.59701490402, 2.24666166306, 2.57920002937, 6.20850849152, 10.323387146, 9.99129962921, 14.2792377472, 15.3807983398, 29.3842372894, 62.2089118958, 40.6379699707, 42.433757782, 40.9164009094, 23.7635345459, 28.0230941772, 28.4464912415, 28.3927745819, 51.3120079041, 31.4290618896, 34.737537384, 47.1613731384, 37.9500427246, 27.3414134979, 26.4257850647, 15.6106882095, 10.9773406982, 8.18692684174, 7.88939428329, 4.03669548035, 2.36315917969, 1.68131685257, 1.24912011623, 0.82144755125, 0.333614975214, 0.106203883886, 0.0143604315817, 0.000318950915243, 3.24214925058e-05, 3.76981661248e-05],
        "median": [0.118879005313, 0.691083312035, 1.44651663303, 2.18739366531, 3.63457298279, 6.25437021255, 6.67586421967, 8.55113792419, 7.95002841949, 9.84717941284, 18.0239505768, 19.9340419769, 17.8215065002, 13.1644363403, 11.7625770569, 13.05950737, 10.9595384598, 11.9785366058, 21.1364135742, 19.5977668762, 24.0494232178, 36.8936843872, 28.1245422363, 22.444316864, 21.4270324707, 12.6470565796, 8.54665279388, 5.81840848923, 5.48398923874, 2.155782938, 1.16110754013, 0.716569662094, 0.413232028484, 0.250831663609, 0.0878109037876, 0.0192527547479, 0.00242760498077, 6.5586376877e-05, 2.14938445424e-05, 3.3221571357e-05],
        "min": [5.52983858386e-23, 2.19642049591e-22, 2.3290958435e-21, 3.8575741542e-21, 1.53502927419e-20, 4.05161852822e-20, 7.28976179267e-20, 5.41369645324e-20, 1.1204590497e-19, 1.66693256096e-19, 2.958317369e-19, 3.31555418659e-19, 5.90216062825e-19, 7.71852000644e-19, 1.42055200752e-18, 1.20512460431e-18, 1.67353858043e-18, 2.50328365967e-18, 2.31472266916e-18, 3.54115110335e-18, 3.67799490081e-18, 4.85039768765e-18, 4.91249661778e-18, 7.47388537279e-18, 6.80811788983e-18, 9.33922149466e-18, 9.03364360559e-18, 1.13937561565e-17, 1.22065223197e-17, 1.35582330479e-17, 1.15342668456e-17, 1.06969135659e-17, 9.42616727603e-18, 8.79708980274e-18, 6.0015737792e-18, 4.16343618304e-18, 2.38201133045e-18, 1.01018470711e-18, 2.52928980454e-19, 2.71279019454e-20],
        "var": [0.228145390749, 13.171833992, 10.8919610977, 4.75969028473, 72.7776565552, 191.277175903, 133.958862305, 430.420410156, 905.745666504, 3433.3918457, 18533.3125, 5576.70947266, 6349.84082031, 5979.73486328, 1478.56872559, 1934.19433594, 2524.0847168, 2031.17419434, 11209.9228516, 1504.70031738, 1511.33374023, 2159.84643555, 1270.30700684, 480.29397583, 463.929229736, 173.087127686, 122.547813416, 81.5031509399, 69.7703323364, 32.885559082, 14.3945503235, 17.2607727051, 12.4753913879, 7.06157016754, 1.46282625198, 0.220893353224, 0.00276783225127, 1.24581151795e-06, 3.19818327377e-09, 7.65791430268e-10]
    },
    "gfcc": {
        "mean": [-17.8511638641, 105.191680908, -143.68447876, 49.8723526001, -59.3656997681, 10.8923358917, -32.8019828796, 16.639503479, -15.3684253693, 1.68691778183, -13.3965063095, -5.20996809006, -2.19113445282],
        "cov": [[30949.390625, 1107.31787109, -1389.32080078, 1298.4798584, -1118.15112305, 1257.39282227, -1094.88525391, 289.517852783, -1309.89453125, -120.58001709, -22.5608062744, 736.49041748, 56.1514434814], [1107.31787109, 720.57019043, -329.580200195, 110.649223328, 66.6480789185, -129.231903076, 38.0563278198, -162.171859741, 53.0223274231, -56.134563446, 110.774848938, -37.9702720642, 94.0977783203], [-1389.32080078, -329.580200195, 933.118896484, 0.305888980627, 106.928855896, 283.025726318, -161.258712769, 110.712753296, -93.9577255249, 92.2122421265, 28.4544219971, 86.9259338379, -40.6111373901], [1298.4798584, 110.649223328, 0.305888980627, 299.087188721, 25.9829349518, 39.5901985168, -44.835975647, -34.9664497375, -49.5105438232, -58.6934165955, 34.0565071106, 49.6765365601, 35.5170707703], [-1118.15112305, 66.6480789185, 106.928855896, 25.9829349518, 219.772018433, -26.6404266357, 57.2944717407, -32.989616394, 43.92603302, 31.206035614, 23.2997169495, -3.80455827713, 34.145614624], [1257.39282227, -129.231903076, 283.025726318, 39.5901985168, -26.6404266357, 327.738922119, -82.5644607544, 82.296836853, -132.443527222, 19.5642757416, 18.3792381287, 72.6626434326, -19.4310951233], [-1094.88525391, 38.0563278198, -161.258712769, -44.835975647, 57.2944717407, -82.5644607544, 274.660766602, 44.8564491272, 105.346969604, -36.1959533691, -6.05940151215, -36.4935874939, -11.5360422134], [289.517852783, -162.171859741, 110.712753296, -34.9664497375, -32.989616394, 82.296836853, 44.8564491272, 243.21887207, 52.9322662354, 58.5600624084, -50.7751350403, -18.5752639771, -50.8960723877], [-1309.89453125, 53.0223274231, -93.9577255249, -49.5105438232, 43.92603302, -132.443527222, 105.346969604, 52.9322662354, 236.671203613, 44.5295257568, -5.28345966339, -128.883621216, -1.65625524521], [-120.58001709, -56.134563446, 92.2122421265, -58.6934165955, 31.206035614, 19.5642757416, -36.1959533691, 58.5600624084, 44.5295257568, 114.167404175, -4.99138259888, -22.8101444244, -17.8776721954], [-22.5608062744, 110.774848938, 28.4544219971, 34.0565071106, 23.2997169495, 18.3792381287, -6.05940151215, -50.7751350403, -5.28345966339, -4.99138259888, 94.802482605, 24.2697124481, 25.8699245453], [736.49041748, -37.9702720642, 86.9259338379, 49.6765365601, -3.80455827713, 72.6626434326, -36.4935874939, -18.5752639771, -128.883621216, -22.8101444244, 24.2697124481, 142.891906738, 15.6201219559], [56.1514434814, 94.0977783203, -40.6111373901, 35.5170707703, 34.145614624, -19.4310951233, -11.5360422134, -50.8960723877, -1.65625524521, -17.8776721954, 25.8699245453, 15.6201219559, 75.854888916]],
        "icov": [[0.000306454254314, -0.000744406774174, 0.000932309601922, -0.00100891001057, 0.000838455511257, -0.0010989382863, 0.000790967780631, -0.000864324974827, 0.0008171829395, -0.00109237548895, 0.000779417110607, -0.000918113451917, 0.00023317564046], [-0.000744406774174, 0.00452079996467, -0.00132760731503, 0.00193383893929, -0.002859656699, 0.00288557470776, -0.00165784126148, 0.00224579614587, -0.00163741456345, 0.00296001927927, -0.00486090779305, 0.00351608614437, -0.00179645454045], [0.000932309601922, -0.00132760731503, 0.00542348762974, -0.002607105067, 9.32865877985e-05, -0.00472512701526, 0.00443839142099, -0.00352215068415, 0.00170265592169, -0.00242565502413, 0.000700208242051, -0.00367256626487, 0.00212339358404], [-0.00100891001057, 0.00193383893929, -0.002607105067, 0.00822372268885, -0.0045765680261, 0.00283383508213, -0.000377815711545, 0.00170162634458, -0.00390285416506, 0.00755237741396, -0.00322260963731, 0.00129015545826, -0.000499971676618], [0.000838455511257, -0.002859656699, 9.32865877985e-05, -0.0045765680261, 0.011466297321, -0.00216726609506, -0.00256307609379, 0.000642396276817, 0.0025772836525, -0.00864475220442, 0.00411952938884, -0.00208183471113, -0.0035132819321], [-0.0010989382863, 0.00288557470776, -0.00472512701526, 0.00283383508213, -0.00216726609506, 0.0107784532011, -0.00338167441078, 0.000192309365957, 0.00224563293159, 0.00281479232945, -0.00555980624631, 0.00555952591822, -0.00180756277405], [0.000790967780631, -0.00165784126148, 0.00443839142099, -0.000377815711545, -0.00256307609379, -0.00338167441078, 0.0108461836353, -0.0052720666863, -0.00222328002565, 0.00418008351699, 0.000337129284162, -0.0052174362354, 0.00431980425492], [-0.000864324974827, 0.00224579614587, -0.00352215068415, 0.00170162634458, 0.000642396276817, 0.000192309365957, -0.0052720666863, 0.011860431172, -0.00603659683838, -0.00138158595655, 0.00273177050985, 0.000523464172147, 0.000590874464251], [0.0008171829395, -0.00163741456345, 0.00170265592169, -0.00390285416506, 0.0025772836525, 0.00224563293159, -0.00222328002565, -0.00603659683838, 0.0188320353627, -0.0080740917474, -0.00235626054928, 0.00972789060324, -0.00349942897446], [-0.00109237548895, 0.00296001927927, -0.00242565502413, 0.00755237741396, -0.00864475220442, 0.00281479232945, 0.00418008351699, -0.00138158595655, -0.0080740917474, 0.0225101113319, -0.00507559487596, 0.00131501955912, 0.00321218068711], [0.000779417110607, -0.00486090779305, 0.000700208242051, -0.00322260963731, 0.00411952938884, -0.00555980624631, 0.000337129284162, 0.00273177050985, -0.00235626054928, -0.00507559487596, 0.0206734091043, -0.00759667763487, -0.000791553815361], [-0.000918113451917, 0.00351608614437, -0.00367256626487, 0.00129015545826, -0.00208183471113, 0.00555952591822, -0.0052174362354, 0.000523464172147, 0.00972789060324, 0.00131501955912, -0.00759667763487, 0.021188126877, -0.00558328581974], [0.00023317564046, -0.00179645454045, 0.00212339358404, -0.000499971676618, -0.0035132819321, -0.00180756277405, 0.00431980425492, 0.000590874464251, -0.00349942897446, 0.00321218068711, -0.000791553815361, -0.00558328581974, 0.020882062614]]
    },
    "melbands": {
        "dmean": [0.0020849655848, 0.00127471191809, 0.00030003930442, 0.000422312266892, 0.000218016415602, 0.000180264585651, 0.000152423395775, 0.000205633870792, 0.00022446726507, 0.000152774024173, 0.000125522128656, 8.17785330582e-05, 4.85142227262e-05, 4.0815466491e-05, 4.28901803389e-05, 3.24562133756e-05, 2.48545184149e-05, 4.56826237496e-05, 3.04630193568e-05, 1.49519864863e-05, 2.08281799132e-05, 2.4136110369e-05, 1.67760226759e-05, 1.19110509331e-05, 9.5762015917e-06, 1.0729189853e-05, 5.9139606492e-06, 4.2350889089e-06, 3.34922219736e-06, 2.30753926189e-06, 2.34339950111e-06, 2.28525755119e-06, 1.55179395733e-06, 1.16138403428e-06, 7.44943520203e-07, 5.98261578943e-07, 5.18982574249e-07, 4.66805744281e-07, 4.67763356937e-07, 3.96949786818e-07],
        "dmean2": [0.003549661953, 0.00219760718755, 0.000497296568938, 0.000707196129952, 0.000356790958904, 0.000299839215586, 0.000248035736149, 0.000316135730827, 0.000344467669493, 0.000238666005316, 0.000200222813874, 0.000128424464492, 7.66462035244e-05, 6.62616002955e-05, 6.83190010022e-05, 5.14515304531e-05, 3.8117144868e-05, 7.38584058126e-05, 5.01516042277e-05, 2.46661529673e-05, 3.50572845491e-05, 4.08028499805e-05, 2.8172185921e-05, 2.02361079573e-05, 1.62257601914e-05, 1.83665724762e-05, 1.01254818219e-05, 7.13825465937e-06, 5.71889950152e-06, 3.98326210416e-06, 3.98275278712e-06, 3.89504202758e-06, 2.58062732428e-06, 1.94392555386e-06, 1.1789046539e-06, 9.33247861212e-07, 8.08589220469e-07, 6.88461398113e-07, 6.65706181735e-07, 5.68109101096e-07],
        "dvar": [2.46547333518e-05, 1.0707311958e-05, 1.68248121213e-07, 6.03946205047e-07, 1.02020003112e-07, 1.08614479188e-07, 1.38066113209e-07, 2.37273312109e-07, 2.26702695727e-07, 1.50973349378e-07, 1.14271351492e-07, 3.55682026054e-08, 1.09777653634e-08, 7.60906093689e-09, 8.70158256561e-09, 6.94868829143e-09, 2.74001354938e-09, 1.70476859296e-08, 3.20293125355e-09, 9.74756608763e-10, 1.10189968261e-09, 1.23576238131e-09, 4.87335449773e-10, 2.50610227015e-10, 1.455728732e-10, 1.85602158642e-10, 6.38174998957e-11, 3.64768493188e-11, 2.10367365888e-11, 1.66676932672e-11, 1.67227291042e-11, 1.48615078577e-11, 8.84807678514e-12, 7.7042972696e-12, 2.85331502349e-12, 2.98008449515e-12, 3.9010955924e-12, 2.74754633107e-12, 3.11015557926e-12, 2.46095093089e-12],
        "dvar2": [6.50561341899e-05, 2.86042086373e-05, 4.35147256894e-07, 1.53598602992e-06, 2.69225495231e-07, 2.87262537313e-07, 3.36888149377e-07, 5.53436166228e-07, 5.29111332526e-07, 3.6473795717e-07, 2.8191476531e-07, 8.76083845469e-08, 2.66062318843e-08, 1.79885475404e-08, 2.1156443708e-08, 1.68053144733e-08, 5.97574167926e-09, 4.65223664037e-08, 8.3523623573e-09, 2.5713973173e-09, 2.99408720039e-09, 3.43424599869e-09, 1.27581978315e-09, 6.89678092414e-10, 4.03967526097e-10, 5.18978915398e-10, 1.80431086738e-10, 1.00955008242e-10, 5.81209420869e-11, 4.59936221053e-11, 4.47359059519e-11, 3.96094337884e-11, 2.23656804882e-11, 1.9888592509e-11, 6.54554188628e-12, 6.99616710051e-12, 9.08919293996e-12, 5.81991746462e-12, 6.63299536824e-12, 5.38516583756e-12],
        "max": [0.0421300157905, 0.0328394398093, 0.00807128567249, 0.0111358314753, 0.00719721056521, 0.0081151118502, 0.00956740882248, 0.0107733421028, 0.0101575646549, 0.0112123209983, 0.00731587782502, 0.00560120493174, 0.00301212957129, 0.00238734669983, 0.00237531773746, 0.00242995540611, 0.00128294655588, 0.00298757432029, 0.0015526363859, 0.000978228403255, 0.00118084996939, 0.000983075471595, 0.000367934262613, 0.000281308806734, 0.000174710614374, 0.000219865411054, 0.000141544936923, 0.000103962396679, 0.00016214812058, 0.000108512322186, 6.61697777105e-05, 7.27665610611e-05, 3.97629446525e-05, 5.10618119733e-05, 3.7488527596e-05, 6.21598010184e-05, 0.000112571600766, 6.73819740769e-05, 9.31517133722e-05, 6.30364957033e-05],
        "mean": [0.00228716665879, 0.0015530778328, 0.000553951424081, 0.000602292479016, 0.000386089988751, 0.000311972602503, 0.000237079118961, 0.000418563868152, 0.000466180354124, 0.000266804301646, 0.000211799473618, 0.000165486257174, 9.04289481696e-05, 7.11157190381e-05, 7.69662219682e-05, 6.16066390648e-05, 4.77834619232e-05, 8.78992359503e-05, 5.73586075916e-05, 2.93991379294e-05, 4.24466015829e-05, 5.07485565322e-05, 3.87780128221e-05, 2.58534892055e-05, 2.15334766835e-05, 2.36522755586e-05, 1.31157203214e-05, 9.74172962742e-06, 7.68353220337e-06, 4.8544643505e-06, 4.73344789498e-06, 4.91707169203e-06, 3.0288540529e-06, 1.91926937987e-06, 1.3648506183e-06, 1.12862267088e-06, 9.87135422292e-07, 8.54114830418e-07, 8.10444703347e-07, 6.6105286578e-07],
        "median": [0.00107458466664, 0.000880362058524, 0.000448184204288, 0.000370603054762, 0.000261781155132, 0.000192502469872, 0.000121604382002, 0.000109554785013, 0.000152569671627, 0.00011486713629, 8.43464949867e-05, 4.95367421536e-05, 3.60023987014e-05, 3.2551575714e-05, 2.93861139653e-05, 1.88958001672e-05, 1.90213413589e-05, 3.04811710521e-05, 3.08885937557e-05, 1.84922755579e-05, 2.81038046523e-05, 3.7488534872e-05, 2.90669158858e-05, 1.92494189832e-05, 1.72181207745e-05, 1.85927910934e-05, 1.0475482668e-05, 7.46660862205e-06, 5.82148823014e-06, 3.45600710716e-06, 3.18088700624e-06, 3.37001438311e-06, 1.83567226486e-06, 9.0094602001e-07, 6.32842215964e-07, 5.33480260856e-07, 3.84424566846e-07, 2.7813541692e-07, 2.49954723586e-07, 1.97595767304e-07],
        "min": [8.99654052777e-25, 8.06605739638e-25, 1.94509236185e-24, 1.78384524852e-24, 2.76280269924e-24, 1.1903032466e-24, 1.59792966582e-24, 1.8389647349e-24, 2.33393767925e-24, 2.28419309665e-24, 2.52152091391e-24, 2.40288629174e-24, 4.0864750106e-24, 4.0586341371e-24, 2.04684851609e-24, 3.73891354538e-24, 3.87260061969e-24, 3.8552149142e-24, 3.35201986986e-24, 4.62698475348e-24, 2.92569932072e-24, 4.60155227233e-24, 4.09965411531e-24, 3.67775749813e-24, 5.3635067098e-24, 4.67588032454e-24, 3.55015293582e-24, 5.29309140767e-24, 4.79037441303e-24, 5.9592801034e-24, 5.78343827446e-24, 5.9062418293e-24, 5.86003548506e-24, 6.12337027143e-24, 5.55598167092e-24, 6.30879991581e-24, 5.99568563974e-24, 6.11470936755e-24, 6.06817959035e-24, 7.15554427882e-24],
        "var": [1.98067482415e-05, 8.03162492957e-06, 2.5077929422e-07, 6.60332148072e-07, 1.81105505703e-07, 1.91925636273e-07, 2.03098679208e-07, 7.96425467797e-07, 8.77620436768e-07, 2.66396142479e-07, 1.65213108971e-07, 1.00526513336e-07, 2.61149271097e-08, 1.54735264601e-08, 2.19295781534e-08, 1.80312014209e-08, 7.10058589704e-09, 4.45977619279e-08, 7.34383132084e-09, 1.69017144724e-09, 2.52039900062e-09, 3.01174707396e-09, 1.35663080769e-09, 5.85793136221e-10, 3.36094901909e-10, 4.1470385459e-10, 1.22761759092e-10, 8.21944109997e-11, 6.06677277859e-11, 3.40600672666e-11, 3.02749110503e-11, 2.84527540417e-11, 1.42392651489e-11, 9.43501266698e-12, 4.87983351644e-12, 4.83952071126e-12, 8.34439808917e-12, 6.32308485085e-12, 6.4099376848e-12, 4.96560691871e-12]
    },
    "mfcc": {
        "mean": [-634.836120605, 113.668754578, -16.5954742432, 33.6939201355, 0.435376137495, -0.19354185462, -0.962016999722, 5.9319934845, 7.0460190773, 3.63753080368, 4.67357110977, -1.39290463924, -1.93145608902],
        "cov": [[16575.59375, 1976.66906738, 43.124420166, 388.29876709, 53.4305686951, 373.511138916, 294.110809326, 314.703186035, -351.30078125, -577.549987793, -374.052764893, 94.9416351318, 198.858230591], [1976.66906738, 860.663757324, -218.510864258, 201.620269775, -13.8406047821, 54.925113678, 9.60786914825, -51.4464607239, -43.4350471497, -86.7903137207, -27.7053279877, 1.56311523914, 32.6571311951], [43.124420166, -218.510864258, 523.568054199, -159.540267944, 161.101928711, 17.7990322113, 11.7872867584, 25.0094451904, -40.4156303406, 57.056427002, -1.38330340385, 39.3821296692, 31.8756122589], [388.29876709, 201.620269775, -159.540267944, 307.820404053, 16.0857372284, 8.65037727356, -19.558177948, -10.8222961426, 16.8254795074, -44.6991577148, -20.8146247864, -12.9186878204, 29.4307498932], [53.4305686951, -13.8406047821, 161.101928711, 16.0857372284, 176.820251465, 29.5562362671, -5.36870098114, -24.7991504669, -1.01952171326, 41.5593986511, -0.793985486031, 11.8116645813, 22.6919708252], [373.511138916, 54.925113678, 17.7990322113, 8.65037727356, 29.5562362671, 115.056304932, 57.3970794678, 21.2890930176, -32.064704895, -34.1002388, -18.6432800293, 0.833459079266, 2.78675150871], [294.110809326, 9.60786914825, 11.7872867584, -19.558177948, -5.36870098114, 57.3970794678, 122.088798523, 66.5982894897, -4.63391017914, -36.8912658691, -4.87655830383, 20.450843811, 3.8063480854], [314.703186035, -51.4464607239, 25.0094451904, -10.8222961426, -24.7991504669, 21.2890930176, 66.5982894897, 136.038604736, 34.9604568481, 5.96791410446, 1.79484713078, 28.6673526764, 9.39123153687], [-351.30078125, -43.4350471497, -40.4156303406, 16.8254795074, -1.01952171326, -32.064704895, -4.63391017914, 34.9604568481, 115.293502808, 89.5416488647, 48.0888214111, 5.84493637085, -10.7328205109], [-577.549987793, -86.7903137207, 57.056427002, -44.6991577148, 41.5593986511, -34.1002388, -36.8912658691, 5.96791410446, 89.5416488647, 176.451034546, 84.316734314, 21.1980056763, -17.9316806793], [-374.052764893, -27.7053279877, -1.38330340385, -20.8146247864, -0.793985486031, -18.6432800293, -4.87655830383, 1.79484713078, 48.0888214111, 84.316734314, 92.6268005371, 31.6923065186, -7.66688537598], [94.9416351318, 1.56311523914, 39.3821296692, -12.9186878204, 11.8116645813, 0.833459079266, 20.450843811, 28.6673526764, 5.84493637085, 21.1980056763, 31.6923065186, 80.8643035889, 39.4017677307], [198.858230591, 32.6571311951, 31.8756122589, 29.4307498932, 22.6919708252, 2.78675150871, 3.8063480854, 9.39123153687, -10.7328205109, -17.9316806793, -7.66688537598, 39.4017677307, 76.5977859497]],
