{
"lowlevel": {
    "average_loudness": 0.950272738934,
    "barkbands_crest": {
        "dmean": 2.61243104935,
        "dmean2": 4.40159845352,
        "dvar": 6.73497343063,
        "dvar2": 19.2856616974,
        "max": 24.4627246857,
        "mean": 8.43021583557,
        "median": 7.65590715408,
        "min": 1.93437719345,
        "var": 11.9492902756
    },
    "barkbands_flatness_db": {
        "dmean": 0.018247384578,
        "dmean2": 0.0291355568916,
        "dvar": 0.000295919453492,
        "dvar2": 0.000754339736886,
        "max": 0.512761235237,
        "mean": 0.0971234589815,
        "median": 0.0873318016529,
        "min": 0.0137367537245,
        "var": 0.00263066054322
    },
    "barkbands_kurtosis": {
        "dmean": 1.62759065628,
        "dmean2": 2.65264129639,
        "dvar": 9.106341362,
        "dvar2": 20.3028945923,
        "max": 158.092895508,
        "mean": 1.47670865059,
        "median": 0.149094820023,
        "min": -1.91788041592,
        "var": 23.0939559937
    },
    "barkbands_skewness": {
        "dmean": 0.467956483364,
        "dmean2": 0.753580987453,
        "dvar": 0.231144428253,
        "dvar2": 0.582306921482,
        "max": 11.7995014191,
        "mean": 1.26519477367,
        "median": 1.13286173344,
        "min": -2.28376984596,
        "var": 0.703820288181
    },
    "barkbands_spread": {
        "dmean": 7.06654310226,
        "dmean2": 11.4904460907,
        "dvar": 57.7333221436,
        "dvar2": 147.731796265,
        "max": 101.484352112,
        "mean": 36.3967437744,
        "median": 35.7097816467,
        "min": 0.577601671219,
        "var": 205.080429077
    },
    "dissonance": {
        "dmean": 0.0101195471361,
        "dmean2": 0.0170564316213,
        "dvar": 0.000119415097288,
        "dvar2": 0.000313833472319,
        "max": 0.500000059605,
        "mean": 0.479303091764,
        "median": 0.484866470098,
        "min": 0.225899577141,
        "var": 0.000444773992058
    },
    "dynamic_complexity": 2.77123951912,
    "erbbands_crest": {
        "dmean": 1.90077090263,
        "dmean2": 3.08410787582,
        "dvar": 3.91496968269,
        "dvar2": 9.66031265259,
        "max": 28.790594101,
        "mean": 6.92358827591,
        "median": 5.65260982513,
        "min": 2.01438617706,
        "var": 13.9677858353
    },
    "erbbands_flatness_db": {
        "dmean": 0.0112573355436,
        "dmean2": 0.0167743116617,
        "dvar": 0.000124515223433,
        "dvar2": 0.000245945091592,
        "max": 0.4103307724,
        "mean": 0.120426565409,
        "median": 0.113216936588,
        "min": 0.0446765869856,
        "var": 0.00159235997126
    },
    "erbbands_kurtosis": {
        "dmean": 0.567212224007,
        "dmean2": 0.911026895046,
        "dvar": 0.460716664791,
        "dvar2": 1.09979295731,
        "max": 14.1345691681,
        "mean": 0.0658075809479,
        "median": -0.267835259438,
        "min": -1.68148994446,
        "var": 1.77279186249
    },
    "erbbands_skewness": {
        "dmean": 0.241093829274,
        "dmean2": 0.377241969109,
        "dvar": 0.0567417442799,
        "dvar2": 0.133382916451,
        "max": 3.37774705887,
        "mean": -0.235764950514,
        "median": -0.300162494183,
        "min": -3.4999165535,
        "var": 0.441500753164
    },
    "erbbands_spread": {
        "dmean": 7.98327541351,
        "dmean2": 12.8013877869,
        "dvar": 56.3779716492,
        "dvar2": 135.685256958,
        "max": 121.133255005,
        "mean": 47.9947090149,
        "median": 46.7801361084,
        "min": 3.37340688705,
        "var": 260.907714844
    },
    "hfc": {
        "dmean": 8.39713859558,
        "dmean2": 12.8404979706,
        "dvar": 203.933258057,
        "dvar2": 491.606842041,
        "max": 195.701858521,
        "mean": 32.0530586243,
        "median": 28.2184486389,
        "min": 1.25222399542e-16,
        "var": 456.261810303
    },
    "melbands_crest": {
        "dmean": 3.36457824707,
        "dmean2": 5.59913063049,
        "dvar": 8.80957889557,
        "dvar2": 24.2367210388,
        "max": 34.157245636,
        "mean": 14.0719280243,
        "median": 13.3047657013,
        "min": 2.69947648048,
        "var": 22.9466381073
    },
    "melbands_flatness_db": {
        "dmean": 0.0246420186013,
        "dmean2": 0.0394834652543,
        "dvar": 0.00054312730208,
        "dvar2": 0.00140389893204,
        "max": 0.637479126453,
        "mean": 0.156707406044,
        "median": 0.147434294224,
        "min": 0.00765999173746,
        "var": 0.00393231678754
    },
    "melbands_kurtosis": {
        "dmean": 6.21698474884,
        "dmean2": 10.0577926636,
        "dvar": 121.803817749,
        "dvar2": 267.065887451,
        "max": 678.975097656,
        "mean": 11.4667663574,
        "median": 7.5744562149,
        "min": -1.65071380138,
        "var": 246.750411987
    },
    "melbands_skewness": {
        "dmean": 0.730136573315,
        "dmean2": 1.17407047749,
        "dvar": 0.580594956875,
        "dvar2": 1.4463133812,
        "max": 21.4192886353,
        "mean": 2.85575461388,
        "median": 2.64402937889,
        "min": -0.64182895422,
        "var": 1.80030858517
    },
    "melbands_spread": {
        "dmean": 9.51666355133,
        "dmean2": 15.6222047806,
        "dvar": 112.578826904,
        "dvar2": 281.075714111,
        "max": 212.149658203,
        "mean": 32.1082954407,
        "median": 30.2442398071,
        "min": 0.666405022144,
        "var": 298.905578613
    },
    "pitch_salience": {
        "dmean": 0.0666129216552,
        "dmean2": 0.11029522866,
        "dvar": 0.00389562686905,
        "dvar2": 0.0107613867149,
        "max": 0.980644822121,
        "mean": 0.580706954002,
        "median": 0.589557290077,
        "min": 0.114116087556,
        "var": 0.00982394907624
    },
    "silence_rate_20dB": {
        "dmean": 0,
        "dmean2": 0,
        "dvar": 0,
        "dvar2": 0,
        "max": 1,
        "mean": 1,
        "median": 1,
        "min": 1,
        "var": 0
    },
    "silence_rate_30dB": {
        "dmean": 0.00177633040585,
        "dmean2": 0.00355292367749,
        "dvar": 0.00177329266444,
        "dvar2": 0.00472437543795,
        "max": 1,
        "mean": 0.998667836189,
        "median": 1,
        "min": 0,
        "var": 0.00133041536901
    },
    "silence_rate_60dB": {
        "dmean": 0.00547701865435,
        "dmean2": 0.0109548484907,
        "dvar": 0.00544745335355,
        "dvar2": 0.0121688749641,
        "max": 1,
        "mean": 0.0240526944399,
        "median": 0,
        "min": 0,
        "var": 0.0234753359109
    },
    "spectral_centroid": {
        "dmean": 277.025085449,
        "dmean2": 449.847808838,
        "dvar": 77689.6953125,
        "dvar2": 189736.515625,
        "max": 11420.2509766,
        "mean": 1874.51757812,
        "median": 1885.04345703,
        "min": 169.574676514,
        "var": 343849.25
    },
    "spectral_complexity": {
        "dmean": 4.48908281326,
        "dmean2": 6.87401914597,
        "dvar": 18.9992828369,
        "dvar2": 38.1701545715,
        "max": 62,
        "mean": 29.3473949432,
        "median": 30,
        "min": 0,
        "var": 136.129592896
    },
    "spectral_decrease": {
        "dmean": 2.73029066022e-09,
        "dmean2": 4.42561542968e-09,
        "dvar": 1.45367182294e-17,
        "dvar2": 3.73007303412e-17,
        "max": 6.31115386269e-29,
        "mean": -7.78779440935e-09,
        "median": -6.78245726249e-09,
        "min": -4.66985277114e-08,
        "var": 2.56475289856e-17
    },
    "spectral_energy": {
        "dmean": 0.0107262395322,
        "dmean2": 0.0173034686595,
        "dvar": 0.000223270850256,
        "dvar2": 0.000567339360714,
        "max": 0.181311845779,
        "mean": 0.0323002710938,
        "median": 0.0284311212599,
        "min": 1.11198422889e-20,
        "var": 0.00041196870734
    },
    "spectral_energyband_high": {
        "dmean": 0.000781204726081,
        "dmean2": 0.00124928262085,
        "dvar": 2.42170017373e-06,
        "dvar2": 6.10375491306e-06,
        "max": 0.0233363304287,
        "mean": 0.00213620206341,
        "median": 0.00163666158915,
        "min": 8.3013818714e-21,
        "var": 3.85120392821e-06
    },
    "spectral_energyband_low": {
        "dmean": 0.00731395697221,
        "dmean2": 0.0120330993086,
        "dvar": 0.000142683507875,
        "dvar2": 0.00038028115523,
        "max": 0.13810801506,
        "mean": 0.0131883258,
        "median": 0.00929042790085,
        "min": 1.27710559969e-22,
        "var": 0.000200665264856
    },
    "spectral_energyband_middle_high": {
        "dmean": 0.00173910241574,
        "dmean2": 0.00268609076738,
        "dvar": 5.29067483512e-06,
        "dvar2": 1.20827880892e-05,
        "max": 0.0382729582489,
        "mean": 0.00668175285682,
        "median": 0.00543970800936,
        "min": 1.48923549727e-21,
        "var": 2.65463640972e-05
    },
    "spectral_energyband_middle_low": {
        "dmean": 0.00528152100742,
        "dmean2": 0.00870602857322,
        "dvar": 6.9924069976e-05,
        "dvar2": 0.000183011507033,
        "max": 0.132397055626,
        "mean": 0.0127024762332,
        "median": 0.0105277588591,
        "min": 2.53641222544e-22,
        "var": 0.000103882804979
    },
    "spectral_entropy": {
        "dmean": 0.0893199443817,
        "dmean2": 0.136712878942,
        "dvar": 0.00839064829051,
        "dvar2": 0.0173018090427,
        "max": 9.80444526672,
        "mean": 7.9659204483,
        "median": 8.01091003418,
        "min": 4.3602976799,
        "var": 0.136690020561
    },
    "spectral_flux": {
        "dmean": 0.0231231767684,
        "dmean2": 0.0358153916895,
        "dvar": 0.000763016345445,
        "dvar2": 0.00162828993052,
        "max": 0.342770397663,
        "mean": 0.0946814641356,
        "median": 0.0866007506847,
        "min": 1.05450662091e-10,
        "var": 0.00219127023593
    },
    "spectral_kurtosis": {
        "dmean": 0.885247051716,
        "dmean2": 1.52468955517,
        "dvar": 6.72242593765,
        "dvar2": 18.9305400848,
        "max": 129.753326416,
        "mean": 3.08401846886,
        "median": 2.50723862648,
        "min": -1.23114955425,
        "var": 32.1807670593
    },
    "spectral_rms": {
        "dmean": 0.000853487756103,
        "dmean2": 0.00135241297539,
        "dvar": 9.92226659946e-07,
        "dvar2": 2.41693396674e-06,
        "max": 0.0132999848574,
        "mean": 0.00533026410267,
        "median": 0.00526665709913,
        "min": 3.29372531853e-12,
        "var": 3.10102291223e-06
    },
    "spectral_rolloff": {
        "dmean": 754.067932129,
        "dmean2": 1268.24890137,
        "dvar": 887558.75,
        "dvar2": 2150350,
        "max": 18927.6855469,
        "mean": 2239.11743164,
        "median": 2002.58789062,
        "min": 86.1328125,
        "var": 2406392
    },
    "spectral_skewness": {
        "dmean": 0.139243155718,
        "dmean2": 0.23141284287,
        "dvar": 0.0356587842107,
        "dvar2": 0.0967922881246,
        "max": 9.63886833191,
        "mean": 1.1980894804,
        "median": 1.17180013657,
        "min": -0.000700527103618,
        "var": 0.251346498728
    },
    "spectral_spread": {
        "dmean": 392887.9375,
        "dmean2": 573493.1875,
        "dvar": 244498644992,
        "dvar2": 371551338496,
        "max": 41456816,
        "mean": 5191535,
        "median": 5112462,
        "min": 567644.3125,
        "var": 1.68396731187e+12
    },
    "spectral_strongpeak": {
        "dmean": 0.450972467661,
        "dmean2": 0.787461042404,
        "dvar": 0.72069633007,
        "dvar2": 1.94644463062,
        "max": 12.3337688446,
        "mean": 0.718258738518,
        "median": 0.377337276936,
        "min": 0,
        "var": 0.964173614979
    },
    "zerocrossingrate": {
        "dmean": 0.0116564817727,
        "dmean2": 0.0141812991351,
        "dvar": 0.000138708972372,
        "dvar2": 0.000186462551937,
        "max": 0.52001953125,
        "mean": 0.0864823386073,
        "median": 0.08251953125,
        "min": 0.00634765625,
        "var": 0.00130354135763
    },
    "barkbands": {
        "dmean": [0.000213031104067, 0.00503887562081, 0.00266483589076, 0.00242157233879, 0.00260316650383, 0.000710429681931, 0.000667120679282, 0.000709392887075, 0.000460200360976, 0.000377984630177, 0.000271145108854, 0.000435733702034, 0.000313069904223, 0.000543384463526, 0.000397212133976, 0.000327734538587, 0.000306271656882, 0.00020565064915, 0.00030495019746, 0.000241880858084, 0.000218058383325, 0.000263274472672, 0.000169688748429, 8.85485278559e-05, 8.80895531736e-05, 6.78426004015e-05, 5.84912095292e-06],
        "dmean2": [0.000360313628335, 0.00846114847809, 0.00455573899671, 0.00406712526456, 0.00448293378577, 0.00116295216139, 0.00106470531318, 0.00108964170795, 0.000729016785044, 0.000598431332037, 0.000436941976659, 0.000678610638715, 0.000506526383106, 0.00088252016576, 0.00063906237483, 0.000536862644367, 0.000509059696924, 0.000346884276951, 0.000525374722201, 0.000407463609008, 0.000373376882635, 0.000453182350611, 0.000287920294795, 0.000140070158523, 0.000129302032292, 9.68867025222e-05, 9.59960198088e-06],
        "dvar": [3.03387139411e-07, 0.000111830180686, 1.75717686943e-05, 1.29332902361e-05, 3.02285770886e-05, 1.70401563082e-06, 2.26201336773e-06, 3.24793950313e-06, 1.9080414404e-06, 1.25603150991e-06, 4.2872008521e-07, 9.68783524513e-07, 7.00323653291e-07, 9.89969180409e-07, 5.79857271532e-07, 2.57376541413e-07, 1.72051684899e-07, 7.72488064626e-08, 2.49216611792e-07, 9.84912915669e-08, 1.3149953304e-07, 3.17178717069e-07, 2.20303462584e-07, 4.87398921223e-08, 2.542489419e-08, 1.75811578629e-08, 2.34522484766e-10],
        "dvar2": [7.92824096152e-07, 0.000315755634801, 4.85782547912e-05, 3.50033733412e-05, 8.35805913084e-05, 4.30291765952e-06, 5.34904938831e-06, 7.63847947383e-06, 4.43163662567e-06, 2.98550276057e-06, 1.05636274839e-06, 2.16033140532e-06, 1.68770600339e-06, 2.52688846558e-06, 1.40274300975e-06, 6.52238497878e-07, 4.61893364445e-07, 2.09682056607e-07, 6.97869097621e-07, 2.65791982201e-07, 3.62627872619e-07, 8.73788280842e-07, 5.63324647374e-07, 1.0849105081e-07, 5.3254026966e-08, 3.80885545326e-08, 6.1204202817e-10],
        "max": [0.00635036174208, 0.111061908305, 0.0769607424736, 0.120457723737, 0.0895803272724, 0.0243235193193, 0.0331915616989, 0.0454780012369, 0.0419567450881, 0.0413236431777, 0.0203279647976, 0.0291768293828, 0.0214367434382, 0.0216636173427, 0.0155003229156, 0.0121062304825, 0.00902981683612, 0.00567720783874, 0.0100059770048, 0.008754869923, 0.00581733649597, 0.0200010351837, 0.0129127502441, 0.0105750281364, 0.00393219059333, 0.00163019809406, 0.000369993824279],
        "mean": [0.000212774524698, 0.00648139044642, 0.0042708190158, 0.00382681866176, 0.00393294496462, 0.00123513489962, 0.00113429292105, 0.0015022342559, 0.000771412916947, 0.000678021810018, 0.000466867379146, 0.00077864312334, 0.000513172359206, 0.000966130814049, 0.00075548881432, 0.000684064114466, 0.00062976469053, 0.00041250497452, 0.000605352339335, 0.000594772340264, 0.000499406713061, 0.000517653417774, 0.000301645311993, 0.000196505119675, 0.000201055489015, 0.000125321021187, 6.12909707343e-06],
        "median": [1.84297641681e-05, 0.00317328539677, 0.00286407652311, 0.00243160780519, 0.00266163330525, 0.000679716817103, 0.00045919205877, 0.000315170909744, 0.00031492774724, 0.000256588158663, 0.000174633969436, 0.00033334598993, 0.000203532428714, 0.000487268203869, 0.000319565326208, 0.00042465806473, 0.000454251887277, 0.000313753407681, 0.000458974274807, 0.000479138107039, 0.000388989050407, 0.000341515260516, 0.000161009811563, 0.000125128950458, 0.000126456143335, 6.46714179311e-05, 1.56875353241e-06],
        "min": [3.36333655286e-23, 7.18788221168e-23, 3.27693104019e-23, 3.23325433622e-23, 7.44017949292e-23, 1.83033921144e-23, 2.76397297439e-23, 1.08172283416e-23, 7.89805392606e-23, 2.4044209023e-23, 3.96406202079e-23, 1.53792283114e-22, 8.66101242568e-23, 8.72770209552e-23, 6.78362318327e-23, 1.31562649811e-22, 1.57377056394e-22, 2.76691233323e-22, 3.4791979424e-22, 3.75211226117e-22, 4.20588272434e-22, 5.20415199489e-22, 5.63581314813e-22, 1.07920857037e-21, 1.18741110502e-21, 1.87482141812e-21, 2.52387365369e-21],
        "var": [3.14127476031e-07, 0.000113872607471, 2.34421968344e-05, 2.04199768632e-05, 2.61996647168e-05, 2.80262111119e-06, 5.05751813762e-06, 1.15117964015e-05, 3.09101415041e-06, 3.35511549565e-06, 1.19085109418e-06, 2.49236654781e-06, 1.30109049223e-06, 2.19135131374e-06, 1.49719369347e-06, 7.38486164664e-07, 3.83667099868e-07, 1.33989715323e-07, 3.15000761475e-07, 2.26609017773e-07, 1.87941026297e-07, 3.72726816522e-07, 2.54197971117e-07, 8.13006977296e-08, 5.80294283736e-08, 3.04028908715e-08, 2.04138664306e-10]
    },
    "erbbands": {
        "dmean": [0.170767769217, 1.06941306591, 2.61447358131, 5.97714996338, 9.30542182922, 8.14689445496, 7.05796146393, 5.3824596405, 8.87900733948, 11.5796928406, 14.8308105469, 10.7208557129, 11.6867485046, 9.83239936829, 11.8951921463, 18.2706623077, 13.7449798584, 24.5619335175, 22.7766952515, 14.1385145187, 18.4139766693, 13.7570886612, 11.3864307404, 15.3553466797, 12.8117589951, 12.1620969772, 8.52148342133, 9.2004032135, 9.66586971283, 7.79327487946, 4.2039308548, 2.46192169189, 1.23746943474, 0.978904366493, 0.668936789036, 0.345001250505, 0.119770720601, 0.0208304971457, 0.000659791461658, 2.60962569882e-05],
        "dmean2": [0.295440465212, 1.79543852806, 4.45104312897, 10.0245990753, 15.9104471207, 14.0915279388, 11.7078609467, 8.85905265808, 14.3016777039, 17.9884986877, 22.7475528717, 16.7728404999, 18.4499473572, 15.6368541718, 18.7579097748, 28.1280479431, 22.0266628265, 39.6430015564, 36.5222969055, 22.4354190826, 30.1839866638, 22.6958751678, 19.1050434113, 26.3073806763, 22.0091762543, 20.5542945862, 14.3470611572, 16.0122394562, 16.8190174103, 13.2837076187, 7.07823944092, 3.99241542816, 1.92263519764, 1.47511696815, 0.996126949787, 0.508133471012, 0.172278508544, 0.0304836649448, 0.00104465079494, 4.00889475713e-05],
        "dvar": [0.185875967145, 4.04821825027, 15.9318933487, 82.0268936157, 310.565460205, 284.378631592, 120.245109558, 124.593803406, 379.877410889, 910.608520508, 1447.02722168, 1072.08947754, 1546.81506348, 454.239532471, 844.689208984, 1684.21765137, 1099.11279297, 2485.69750977, 1543.98168945, 721.640075684, 741.933776855, 291.154937744, 221.960876465, 524.643920898, 441.540557861, 239.901092529, 148.685836792, 325.064331055, 403.944366455, 332.924468994, 150.871627808, 50.7762947083, 6.66639328003, 3.15247440338, 1.52445840836, 0.447942733765, 0.0547953732312, 0.00173327454831, 5.48549087398e-06, 4.46514381025e-09],
        "dvar2": [0.517192661762, 11.4951648712, 43.7283782959, 218.492874146, 845.489929199, 803.937316895, 311.174041748, 320.392547607, 901.663330078, 2147.09350586, 3415.25097656, 2512.33642578, 3768.96875, 1094.49133301, 1963.37841797, 3800.13964844, 2601.75195312, 6340.02294922, 3771.45556641, 1645.69458008, 1922.5390625, 775.91607666, 603.819519043, 1467.77404785, 1230.34448242, 652.441833496, 401.389556885, 916.448120117, 1125.29223633, 869.91204834, 383.450561523, 116.497886658, 14.9226379395, 6.73756837845, 3.31282734871, 0.986073493958, 0.12004391104, 0.00384643301368, 1.49418892761e-05, 1.17191643056e-08],
        "max": [3.67087984085, 23.3489093781, 59.4429626465, 312.497131348, 277.224578857, 251.979568481, 155.401672363, 262.815093994, 441.500183105, 751.901794434, 922.780639648, 912.501525879, 1707.24499512, 622.193481445, 810.536682129, 1227.5703125, 753.395935059, 1258.40710449, 940.233398438, 746.632629395, 774.441589355, 311.669311523, 331.045349121, 296.829620361, 578.482666016, 405.618286133, 195.372406006, 279.25579834, 700.990112305, 448.794769287, 421.912811279, 383.187957764, 71.7975997925, 43.0898742676, 26.8176765442, 10.494726181, 2.84177136421, 0.592942178249, 0.0512684956193, 0.00276889069937],
        "mean": [0.166802167892, 1.53590452671, 4.60218763351, 10.1876411438, 13.2586936951, 12.0156354904, 11.6276369095, 9.27748966217, 15.2115192413, 22.3124542236, 30.8785514832, 19.7646598816, 21.2732334137, 18.4758682251, 23.2695865631, 34.2935180664, 25.7654628754, 45.4676399231, 46.5637893677, 32.7370376587, 40.7385063171, 32.3012771606, 24.9489765167, 29.6658916473, 27.4231929779, 29.2386837006, 20.9835720062, 19.1870288849, 18.5583591461, 14.3207874298, 7.75212192535, 4.90749502182, 2.89716553688, 2.23567843437, 1.40527796745, 0.662996828556, 0.208847880363, 0.0318648405373, 0.000838479667436, 6.72969326843e-05],
        "median": [0.0454067438841, 0.855346679688, 3.16961860657, 7.03636550903, 8.80683612823, 7.7584028244, 6.50046205521, 4.96962928772, 6.83781719208, 6.99268293381, 8.03444862366, 8.17994117737, 8.15628242493, 7.95604133606, 8.59560394287, 15.4232416153, 11.5829162598, 22.5333595276, 25.9985847473, 15.7309741974, 28.5327911377, 25.2533035278, 19.374622345, 22.474861145, 21.6332054138, 23.7175140381, 16.7998924255, 14.152715683, 12.719537735, 7.23275566101, 4.33541965485, 2.87595248222, 1.95711183548, 1.43730413914, 0.862278521061, 0.355340600014, 0.105253458023, 0.0147234294564, 0.000337907462381, 5.38967069588e-05],
        "min": [7.13297320127e-22, 2.04270087383e-20, 4.79550496115e-20, 6.89689236074e-20, 2.70967230524e-19, 1.26081777022e-19, 1.86160589921e-19, 1.84242047888e-19, 1.67666899376e-19, 5.7391279824e-19, 6.61124259679e-19, 1.90517334698e-18, 8.99917705742e-19, 1.47805750031e-18, 1.29268198234e-18, 6.73177821828e-18, 3.783490621e-18, 4.72673542684e-18, 5.34684791666e-18, 4.54153754591e-18, 6.87704354156e-18, 1.01995075297e-17, 1.32929868312e-17, 1.27813508069e-17, 2.18896640064e-17, 1.7671494523e-17, 2.13178605187e-17, 1.29231841578e-17, 2.2266932812e-17, 1.67694077429e-17, 1.62722573055e-17, 1.7456822956e-17, 1.98383867818e-17, 1.25709077872e-17, 9.62397263027e-18, 5.56178169984e-18, 3.66895216235e-18, 1.48015647111e-18, 3.3273466802e-19, 4.07880045864e-20],
        "var": [0.158072546124, 4.57996463776, 22.8748912811, 135.851470947, 285.108337402, 252.711532593, 223.832687378, 201.425109863, 784.870605469, 2550.58032227, 4570.06884766, 1920.95776367, 4407.25146484, 1241.09411621, 2629.56323242, 4956.51367188, 2401.49487305, 5673.48388672, 3970.30273438, 2256.37646484, 1991.76245117, 760.527770996, 447.087158203, 736.230834961, 565.29675293, 536.689086914, 282.774536133, 358.737487793, 426.273040771, 480.261474609, 173.418624878, 73.6863555908, 12.6048555374, 7.0115981102, 3.12656593323, 0.815133750439, 0.0887205377221, 0.00244795973413, 4.13474162997e-06, 4.39812408715e-09]
    },
    "gfcc": {
        "mean": [40.8877372742, 66.0370941162, -111.762786865, 49.333190918, -52.4859886169, 16.1882915497, -39.1395721436, 6.78301763535, -30.2359809875, 7.15900373459, -25.5532054901, -1.29191946983, -16.9214820862],
        "cov": [[10867.2783203, -734.223205566, -281.917297363, -78.3296585083, -125.054328918, 432.816711426, -181.66468811, 249.577438354, -131.297851562, 162.926010132, -233.011947632, 172.469604492, -285.601104736], [-734.223205566, 1401.54003906, -332.566711426, 76.1086349487, 107.198150635, -305.407897949, 240.600357056, -209.057830811, 148.726593018, -110.642234802, 101.009918213, -159.763412476, 143.299789429], [-281.917297363, -332.566711426, 436.021636963, -39.5823669434, 31.708234787, 46.3302726746, -52.8344306946, 65.6951217651, -68.8214874268, 35.6061477661, -20.1209754944, 60.7198982239, -39.2366905212], [-78.3296585083, 76.1086349487, -39.5823669434, 323.188079834, 109.51083374, 28.3631916046, 42.1626777649, 20.4013137817, 49.1485824585, 6.56906986237, 34.8657951355, -18.9055690765, 47.0899963379], [-125.054328918, 107.198150635, 31.708234787, 109.51083374, 231.294647217, 1.37119710445, 67.8161621094, 11.7029628754, 8.75829029083, 29.1934089661, 6.18226480484, -5.49501609802, 23.4125061035], [432.816711426, -305.407897949, 46.3302726746, 28.3631916046, 1.37119710445, 217.313812256, -9.84577655792, 90.7096176147, -17.710111618, 27.5408840179, -5.44455957413, 44.8812866211, -26.3330020905], [-181.66468811, 240.600357056, -52.8344306946, 42.1626777649, 67.8161621094, -9.84577655792, 166.915161133, 9.97866821289, 19.3090763092, -16.4448833466, 27.0875530243, -13.5543165207, 20.203332901], [249.577438354, -209.057830811, 65.6951217651, 20.4013137817, 11.7029628754, 90.7096176147, 9.97866821289, 121.373878479, 17.1945743561, 41.1388130188, -10.4075870514, 29.2879867554, -22.4054088593], [-131.297851562, 148.726593018, -68.8214874268, 49.1485824585, 8.75829029083, -17.710111618, 19.3090763092, 17.1945743561, 123.916290283, 21.7375717163, 21.2111053467, -32.8230438232, 17.2480564117], [162.926010132, -110.642234802, 35.6061477661, 6.56906986237, 29.1934089661, 27.5408840179, -16.4448833466, 41.1388130188, 21.7375717163, 76.5601882935, 13.3285064697, 21.2298908234, -10.8327894211], [-233.011947632, 101.009918213, -20.1209754944, 34.8657951355, 6.18226480484, -5.44455957413, 27.0875530243, -10.4075870514, 21.2111053467, 13.3285064697, 64.4869995117, 12.588971138, 24.4549655914], [172.469604492, -159.763412476, 60.7198982239, -18.9055690765, -5.49501609802, 44.8812866211, -13.5543165207, 29.2879867554, -32.8230438232, 21.2298908234, 12.588971138, 76.8476257324, 4.30863952637], [-285.601104736, 143.299789429, -39.2366905212, 47.0899963379, 23.4125061035, -26.3330020905, 20.203332901, -22.4054088593, 17.2480564117, -10.8327894211, 24.4549655914, 4.30863952637, 76.5426864624]],
        "icov": [[0.000176852423465, -0.000400285673095, 0.000277379760519, -0.000246031908318, 0.000207467150176, -0.000360211648513, 0.00034570650314, -0.000257834093645, 0.000379616423743, -0.000707165221684, 0.00114109914284, -0.00100169691723, 0.00085491273785], [-0.000400285673095, 0.00449123652652, -0.000175776614924, 0.00153753254563, -0.00166447390802, 0.00277695269324, -0.00390548328869, 0.00311203906313, -0.00336411967874, 0.00415410939604, -0.00596617395058, 0.00578795932233, -0.00460527092218], [0.000277379760519, -0.000175776614924, 0.00377576891333, -1.66966128745e-05, -0.000862399232574, 0.000422138080467, 0.00140853563789, -0.00227646413259, 0.00184664619155, -0.000592761673033, 0.000843477901071, -0.00246822810732, 0.00205014576204], [-0.000246031908318, 0.00153753254563, -1.66966128745e-05, 0.00534620089456, -0.00294116768055, 0.000139936571941, -0.000383767765015, -0.000593435193878, -0.00185490038712, 0.00329746166244, -0.00527281034738, 0.00432233745232, -0.00389277352951], [0.000207467150176, -0.00166447390802, -0.000862399232574, -0.00294116768055, 0.00796466041356, -0.00118968542665, -0.00231030932628, 0.000938817043789, 0.00220184354112, -0.00703835347667, 0.00597803294659, -0.00156258384231, -1.7495091015e-05], [-0.000360211648513, 0.00277695269324, 0.000422138080467, 0.000139936571941, -0.00118968542665, 0.00955902971327, -0.00148224818986, -0.00386918243021, -0.000553257879801, 0.00380194582976, -0.0050684963353, 0.00144444371108, -0.00130068697035], [0.00034570650314, -0.00390548328869, 0.00140853563789, -0.000383767765015, -0.00231030932628, -0.00148224818986, 0.0130315208808, -0.00749556580558, 0.00324401492253, 0.00205105007626, -0.000969105632976, -0.00350405951031, 0.00418885890394], [-0.000257834093645, 0.00311203906313, -0.00227646413259, -0.000593435193878, 0.000938817043789, -0.00386918243021, -0.00749556580558, 0.0220173038542, -0.00767885660753, -0.00456537259743, 0.00418460741639, -0.00133529596496, -0.000962664489634], [0.000379616423743, -0.00336411967874, 0.00184664619155, -0.00185490038712, 0.00220184354112, -0.000553257879801, 0.00324401492253, -0.00767885660753, 0.016696838662, -0.00789862312376, 0.00062397995498, 0.00339778023772, 0.000563623500057], [-0.000707165221684, 0.00415410939604, -0.000592761673033, 0.00329746166244, -0.00703835347667, 0.00380194582976, 0.00205105007626, -0.00456537259743, -0.00789862312376, 0.0290349479765, -0.0152293853462, 0.00201025675051, -0.000523532333318], [0.00114109914284, -0.00596617395058, 0.000843477901071, -0.00527281034738, 0.00597803294659, -0.0050684963353, -0.000969105632976, 0.00418460741639, 0.00062397995498, -0.0152293853462, 0.0369886495173, -0.0171083305031, 0.00386148388498], [-0.00100169691723, 0.00578795932233, -0.00246822810732, 0.00432233745232, -0.00156258384231, 0.00144444371108, -0.00350405951031, -0.00133529596496, 0.00339778023772, 0.00201025675051, -0.0171083305031, 0.0337209589779, -0.0139023466036], [0.00085491273785, -0.00460527092218, 0.00205014576204, -0.00389277352951, -1.7495091015e-05, -0.00130068697035, 0.00418885890394, -0.000962664489634, 0.000563623500057, -0.000523532333318, 0.00386148388498, -0.0139023466036, 0.025840299204]]
    },
    "melbands": {
        "dmean": [0.00145095854532, 0.00127751135733, 0.00105147890281, 0.0006508139777, 0.000250931887422, 0.000124858954223, 0.000135466456413, 0.000131262961077, 0.000119836033264, 6.56688353047e-05, 5.88422117289e-05, 4.08223531849e-05, 3.72334143321e-05, 4.70355298603e-05, 3.81178615498e-05, 3.26092158502e-05, 5.27764241269e-05, 4.02877230954e-05, 2.74947087746e-05, 2.09984409594e-05, 2.44194234256e-05, 1.62770484167e-05, 1.67423422681e-05, 8.39094536786e-06, 1.41530545079e-05, 1.15786024253e-05, 9.2706641226e-06, 8.5479568952e-06, 5.83732889936e-06, 6.14713962932e-06, 5.78872823098e-06, 5.8499140323e-06, 5.45853390577e-06, 4.30996715295e-06, 2.62989806288e-06, 1.99301848625e-06, 1.48898686803e-06, 9.46740840391e-07, 8.20707953153e-07, 9.12840278033e-07],
        "dmean2": [0.00246238219552, 0.00214468431659, 0.00176434766036, 0.00112740253098, 0.00041785321082, 0.000204919590033, 0.000217122869799, 0.000204126758035, 0.000183722906513, 0.00010359686712, 9.28738518269e-05, 6.4905929321e-05, 5.934807632e-05, 7.37626032787e-05, 5.99879640504e-05, 5.25483192177e-05, 8.55526159285e-05, 6.49329303997e-05, 4.39220821136e-05, 3.43079336744e-05, 4.04097008868e-05, 2.69511838269e-05, 2.82520304609e-05, 1.4262476725e-05, 2.43139747909e-05, 2.00713784579e-05, 1.56839141709e-05, 1.45053691085e-05, 9.86053146335e-06, 1.0569297956e-05, 1.01048117358e-05, 1.02308376881e-05, 9.3613680292e-06, 7.36570427762e-06, 4.45320483777e-06, 3.33666412189e-06, 2.42626424551e-06, 1.50469304572e-06, 1.28085321194e-06, 1.39786357067e-06],
        "dvar": [1.12258139779e-05, 3.46901583725e-06, 2.26786005442e-06, 2.1194666715e-06, 1.38384322668e-07, 6.23238634034e-08, 8.88154900736e-08, 1.19942683341e-07, 9.95692914785e-08, 4.09922336075e-08, 3.92530985494e-08, 8.08091815685e-09, 8.65689209206e-09, 1.18308474129e-08, 6.58969279144e-09, 8.65129035077e-09, 1.08864934845e-08, 4.92306018174e-09, 3.55319174083e-09, 1.27302945963e-09, 1.23478927083e-09, 4.65024879714e-10, 5.65595847934e-10, 1.48092191288e-10, 4.24927704135e-10, 4.02181676851e-10, 1.48366277597e-10, 1.18603418753e-10, 6.56922363729e-11, 8.95252066924e-11, 1.41727796166e-10, 1.26216259666e-10, 1.7685246323e-10, 1.06539180256e-10, 6.04130148685e-11, 3.58464855021e-11, 1.68252582006e-11, 3.64694082225e-12, 2.38639251589e-12, 2.74187898948e-12],
        "dvar2": [3.15342040267e-05, 9.27460496314e-06, 6.07274614595e-06, 5.90474337514e-06, 3.67007658042e-07, 1.58500014891e-07, 2.11565478025e-07, 2.81603234953e-07, 2.34043739056e-07, 9.54613028625e-08, 9.56400825203e-08, 1.908868974e-08, 2.05463503988e-08, 2.6852568169e-08, 1.50250638598e-08, 2.09256842965e-08, 2.78661715924e-08, 1.20814833693e-08, 8.5881914913e-09, 3.1124891553e-09, 3.24217497294e-09, 1.23325005763e-09, 1.61200519599e-09, 4.00670552292e-10, 1.19224430328e-09, 1.12608677938e-09, 4.05288497207e-10, 3.26440596776e-10, 1.784720427e-10, 2.45046594127e-10, 4.04765998496e-10, 3.55115270523e-10, 4.81580664236e-10, 2.7804078484e-10, 1.54748602821e-10, 9.0803121966e-11, 3.8698443755e-11, 8.50668407243e-12, 5.35065568241e-12, 6.09213113983e-12],
        "max": [0.0322315394878, 0.0251581892371, 0.0439093373716, 0.0233746655285, 0.00521209649742, 0.00557135976851, 0.00647614104673, 0.00974723137915, 0.0072935866192, 0.00670021772385, 0.00836479477584, 0.00279211741872, 0.00330726173706, 0.00401799287647, 0.00177925580647, 0.00243598036468, 0.00246189953759, 0.00158289179672, 0.00128397939261, 0.000960655685049, 0.00103320355993, 0.000480293732835, 0.000439263792941, 0.000311678886646, 0.000262297369773, 0.000416360533563, 0.000278269610135, 0.000242866008193, 0.000125045931782, 0.000159296221682, 0.000183048468898, 0.000247816875344, 0.000648959772661, 0.000216898901272, 0.000267895957222, 0.000203982461244, 0.000237798900343, 5.49347787455e-05, 4.15094436903e-05, 4.31132575613e-05],
        "mean": [0.00165681529325, 0.00233499170281, 0.00185111304745, 0.000926959095523, 0.0004244222946, 0.000217698994675, 0.000235828993027, 0.000258958869381, 0.000243345741183, 0.000114329253847, 0.000103511090856, 7.23264674889e-05, 6.90684100846e-05, 8.65272813826e-05, 6.97809809935e-05, 5.40749424545e-05, 9.1184178018e-05, 7.674171502e-05, 5.29185308551e-05, 4.31315784226e-05, 4.92124127049e-05, 3.33503703587e-05, 3.1375711842e-05, 1.64482589753e-05, 2.5277644454e-05, 2.07815664908e-05, 2.02376431844e-05, 1.87718560483e-05, 1.27593802972e-05, 1.23569907373e-05, 1.0773737813e-05, 1.05177668956e-05, 9.87127805274e-06, 7.14503676136e-06, 4.52559106634e-06, 3.50920618075e-06, 2.81743405139e-06, 2.02373053071e-06, 1.83277029464e-06, 1.91214348888e-06],
        "median": [0.000657527532894, 0.00167753361166, 0.00136202108115, 0.000620866834652, 0.000259497552179, 0.000118368661788, 0.000102807112853, 7.23095508874e-05, 6.35759570287e-05, 4.66132187285e-05, 3.78204422304e-05, 2.96419239021e-05, 2.48320684477e-05, 3.74064038624e-05, 3.17952544719e-05, 2.10535799852e-05, 4.3172374717e-05, 4.3889915105e-05, 2.02490064112e-05, 2.30763180298e-05, 3.45166845364e-05, 2.44327493419e-05, 2.22649468924e-05, 1.25461401694e-05, 1.85613389476e-05, 1.54561348609e-05, 1.61150892382e-05, 1.48226663441e-05, 9.94920446828e-06, 9.56011353992e-06, 7.56638246457e-06, 7.37393020245e-06, 5.25485938851e-06, 3.35620779879e-06, 2.45472097049e-06, 1.94555605049e-06, 1.66145764524e-06, 1.3415410649e-06, 1.22812730297e-06, 1.17868830785e-06],
        "min": [1.52767931451e-23, 2.79373038546e-23, 1.90422187278e-23, 1.48741348733e-23, 6.5070031904e-24, 3.7295726434e-24, 3.49365984539e-24, 4.97424605713e-24, 7.26311650729e-24, 1.17631167431e-23, 4.09729029361e-24, 5.61920729475e-24, 3.88868036596e-24, 1.2655845386e-23, 1.45723419345e-23, 8.99291571191e-24, 8.2784735779e-24, 1.01034101965e-23, 3.96783861349e-24, 7.84379228646e-24, 7.6821483761e-24, 1.06087639588e-23, 8.2588120087e-24, 1.4948199446e-23, 8.28916895405e-24, 1.76704511448e-23, 1.03725277278e-23, 1.24225350401e-23, 1.54051187263e-23, 8.71959986294e-24, 7.35618552803e-24, 1.12151211047e-23, 1.16654100091e-23, 8.80193327561e-24, 8.2412953523e-24, 1.06785568496e-23, 1.05100001511e-23, 1.24171960295e-23, 1.41133037738e-23, 9.70900577634e-24],
        "var": [1.04199652924e-05, 5.39509437658e-06, 3.52498068423e-06, 1.68377300724e-06, 2.44460153453e-07, 1.03175544552e-07, 1.94182874225e-07, 3.75532806629e-07, 2.92207658958e-07, 7.19003878658e-08, 1.10892308669e-07, 2.13406359251e-08, 2.78961600486e-08, 2.88464558906e-08, 1.67212714786e-08, 1.55740380592e-08, 2.40264075302e-08, 1.09812106075e-08, 8.55352588758e-09, 3.82039822e-09, 2.93529534012e-09, 1.03443664745e-09, 9.72349090134e-10, 2.25285456956e-10, 5.86391879498e-10, 4.33404451217e-10, 2.84863632682e-10, 2.40938546892e-10, 1.19590629066e-10, 1.2050010989e-10, 1.44492834364e-10, 1.28938762445e-10, 2.21597490357e-10, 1.41305162016e-10, 6.64208202328e-11, 4.16336930209e-11, 2.44925885129e-11, 6.37705123083e-12, 4.8088915662e-12, 5.54138245706e-12]
    },
    "mfcc": {
        "mean": [-598.217102051, 92.145111084, 1.00198400021, 34.7156219482, 7.53546857834, 13.468298912, 1.70904231071, -0.452616125345, 1.8983271122, 0.0366314388812, 0.192445665598, -2.85108685493, -1.97191047668],
        "cov": [[6831.97216797, -154.496368408, -5.87954187393, -33.5199012756, 103.06803894, 191.055084229, -3.45854854584, 141.659210205, 42.6428833008, 127.590843201, 69.5803604126, 7.87421894073, 30.2283573151], [-154.496368408, 990.292419434, -152.62638855, 179.47177124, -100.639152527, -12.7174320221, 3.49725723267, -70.3140945435, 29.7376613617, -49.2488250732, 3.94985866547, -4.86185503006, 0.781003475189], [-5.87954187393, -152.62638855, 295.329925537, -73.458770752, 29.4163856506, -34.3546409607, -5.01972341537, 16.8779125214, -39.5137329102, -2.658244133, -33.0260238647, 6.6285276413, 8.69912433624], [-33.5199012756, 179.47177124, -73.458770752, 326.565887451, 59.3575363159, 46.4566001892, 43.64478302, -9.9341135025, 48.4528656006, 9.14035224915, 20.3764915466, 11.3544921875, -2.57120275497], [103.06803894, -100.639152527, 29.4163856506, 59.3575363159, 162.266525269, 41.9695625305, 12.7329559326, -1.36203813553, 18.1715564728, 35.6326599121, -1.46456444263, 5.31088447571, -3.01254272461], [191.055084229, -12.7174320221, -34.3546409607, 46.4566001892, 41.9695625305, 92.3298416138, 45.1992835999, 27.6267623901, 13.3206100464, 15.3266201019, 14.913526535, 1.96917617321, 1.51554656029], [-3.45854854584, 3.49725723267, -5.01972341537, 43.64478302, 12.7329559326, 45.1992835999, 137.320281982, 44.7765579224, 18.9906749725, -21.4497737885, 11.2651290894, 19.1215057373, -7.79138040543], [141.659210205, -70.3140945435, 16.8779125214, -9.9341135025, -1.36203813553, 27.6267623901, 44.7765579224, 92.5023574829, 26.1257152557, 16.0299034119, 12.2828521729, 11.5465803146, 11.0193195343], [42.6428833008, 29.7376613617, -39.5137329102, 48.4528656006, 18.1715564728, 13.3206100464, 18.9906749725, 26.1257152557, 73.1538543701, 34.9541893005, 16.9933853149, 6.07720756531, 5.43378305435], [127.590843201, -49.2488250732, -2.658244133, 9.14035224915, 35.6326599121, 15.3266201019, -21.4497737885, 16.0299034119, 34.9541893005, 86.9357910156, 32.0993041992, 7.18815755844, 6.79499864578], [69.5803604126, 3.94985866547, -33.0260238647, 20.3764915466, -1.46456444263, 14.913526535, 11.2651290894, 12.2828521729, 16.9933853149, 32.0993041992, 62.4457931519, 25.6434135437, 5.96116352081], [7.87421894073, -4.86185503006, 6.6285276413, 11.3544921875, 5.31088447571, 1.96917617321, 19.1215057373, 11.5465803146, 6.07720756531, 7.18815755844, 25.6434135437, 59.2970848083, 26.33984375], [30.2283573151, 0.781003475189, 8.69912433624, -2.57120275497, -3.01254272461, 1.51554656029, -7.79138040543, 11.0193195343, 5.43378305435, 6.79499864578, 5.96116352081, 26.33984375, 55.6772766113]],
