{
"lowlevel": {
    "average_loudness": 0.941047132015,
    "barkbands_crest": {
        "dmean": 2.38570761681,
        "dmean2": 3.95941185951,
        "dvar": 5.02986717224,
        "dvar2": 13.0595855713,
        "max": 22.6707725525,
        "mean": 7.47681713104,
        "median": 6.74925518036,
        "min": 1.90092396736,
        "var": 10.5395851135
    },
    "barkbands_flatness_db": {
        "dmean": 0.0150001142174,
        "dmean2": 0.0238927938044,
        "dvar": 0.000181717798114,
        "dvar2": 0.00045879278332,
        "max": 0.309612005949,
        "mean": 0.0773316025734,
        "median": 0.0716559737921,
        "min": 0.0103326700628,
        "var": 0.00104139081668
    },
    "barkbands_kurtosis": {
        "dmean": 1.01660239697,
        "dmean2": 1.70964574814,
        "dvar": 11.7003364563,
        "dvar2": 38.6737861633,
        "max": 143.860397339,
        "mean": 0.336196392775,
        "median": -0.36348092556,
        "min": -1.92381286621,
        "var": 25.4359588623
    },
    "barkbands_skewness": {
        "dmean": 0.367968797684,
        "dmean2": 0.57507199049,
        "dvar": 0.149208068848,
        "dvar2": 0.376455128193,
        "max": 11.4569311142,
        "mean": 0.688977539539,
        "median": 0.606703877449,
        "min": -2.45403623581,
        "var": 0.685898661613
    },
    "barkbands_spread": {
        "dmean": 6.59020709991,
        "dmean2": 10.1941957474,
        "dvar": 41.5123977661,
        "dvar2": 91.8727874756,
        "max": 104.800788879,
        "mean": 35.3870277405,
        "median": 34.9234886169,
        "min": 2.60252594948,
        "var": 167.82635498
    },
    "dissonance": {
        "dmean": 0.0125665748492,
        "dmean2": 0.0215542763472,
        "dvar": 0.000143542070873,
        "dvar2": 0.000406163599109,
        "max": 0.499998539686,
        "mean": 0.479880958796,
        "median": 0.483557999134,
        "min": 0.38922432065,
        "var": 0.000224907707889
    },
    "dynamic_complexity": 3.60891342163,
    "erbbands_crest": {
        "dmean": 2.39438843727,
        "dmean2": 3.93108487129,
        "dvar": 5.10252094269,
        "dvar2": 13.1020421982,
        "max": 27.861410141,
        "mean": 7.5735707283,
        "median": 6.75769805908,
        "min": 2.13955450058,
        "var": 12.2087106705
    },
    "erbbands_flatness_db": {
        "dmean": 0.0161284226924,
        "dmean2": 0.0230042301118,
        "dvar": 0.000202150185942,
        "dvar2": 0.00039028772153,
        "max": 0.36220896244,
        "mean": 0.133620679379,
        "median": 0.129449337721,
        "min": 0.0299452245235,
        "var": 0.00175669975579
    },
    "erbbands_kurtosis": {
        "dmean": 0.632134497166,
        "dmean2": 1.01152694225,
        "dvar": 0.603139162064,
        "dvar2": 1.48678004742,
        "max": 14.2831954956,
        "mean": 0.082158870995,
        "median": -0.269196629524,
        "min": -1.6695227623,
        "var": 1.60110473633
    },
    "erbbands_skewness": {
        "dmean": 0.306229621172,
        "dmean2": 0.483303517103,
        "dvar": 0.0712326839566,
        "dvar2": 0.177309468389,
        "max": 2.39782643318,
        "mean": -0.00661590695381,
        "median": 0.0466478653252,
        "min": -3.33900642395,
        "var": 0.44996792078
    },
    "erbbands_spread": {
        "dmean": 7.1529302597,
        "dmean2": 10.7808847427,
        "dvar": 48.7499885559,
        "dvar2": 108.718437195,
        "max": 127.974845886,
        "mean": 39.2232818604,
        "median": 37.5088005066,
        "min": 5.3272023201,
        "var": 225.017211914
    },
    "hfc": {
        "dmean": 9.52718734741,
        "dmean2": 14.1198005676,
        "dvar": 168.405273438,
        "dvar2": 381.307281494,
        "max": 152.6900177,
        "mean": 33.114730835,
        "median": 29.8422851562,
        "min": 1.13212795839e-16,
        "var": 505.544250488
    },
    "melbands_crest": {
        "dmean": 3.03857946396,
        "dmean2": 5.05449724197,
        "dvar": 7.42418384552,
        "dvar2": 19.1794452667,
        "max": 39.1093292236,
        "mean": 11.6133260727,
        "median": 10.6254463196,
        "min": 1.68424987793,
        "var": 25.2340583801
    },
    "melbands_flatness_db": {
        "dmean": 0.0200099591166,
        "dmean2": 0.0318901911378,
        "dvar": 0.000365066312952,
        "dvar2": 0.000875445897691,
        "max": 0.364743888378,
        "mean": 0.117137268186,
        "median": 0.112342447042,
        "min": 0.00298530375585,
        "var": 0.00168029055931
    },
    "melbands_kurtosis": {
        "dmean": 3.43272209167,
        "dmean2": 5.60517311096,
        "dvar": 100.585906982,
        "dvar2": 321.051147461,
        "max": 417.759246826,
        "mean": 5.65876245499,
        "median": 2.69127869606,
        "min": -1.84602534771,
        "var": 282.481903076
    },
    "melbands_skewness": {
        "dmean": 0.54527258873,
        "dmean2": 0.845146000385,
        "dvar": 0.375129759312,
        "dvar2": 0.945760011673,
        "max": 19.3170089722,
        "mean": 1.79729604721,
        "median": 1.55956506729,
        "min": -0.793008565903,
        "var": 1.81893086433
    },
    "melbands_spread": {
        "dmean": 9.9582452774,
        "dmean2": 15.7117509842,
        "dvar": 116.929779053,
        "dvar2": 254.061843872,
        "max": 232.615936279,
        "mean": 42.6489906311,
        "median": 40.0565032959,
        "min": 1.64658463001,
        "var": 390.102325439
    },
    "pitch_salience": {
        "dmean": 0.0632344186306,
        "dmean2": 0.102602675557,
        "dvar": 0.00302309682593,
        "dvar2": 0.00758977141231,
        "max": 0.932208478451,
        "mean": 0.591507911682,
        "median": 0.595444917679,
        "min": 0.0551474280655,
        "var": 0.0110373478383
    },
    "silence_rate_20dB": {
        "dmean": 0,
        "dmean2": 0,
        "dvar": 0,
        "dvar2": 0,
        "max": 1,
        "mean": 1,
        "median": 1,
        "min": 1,
        "var": 0
    },
    "silence_rate_30dB": {
        "dmean": 0,
        "dmean2": 0,
        "dvar": 0,
        "dvar2": 0,
        "max": 1,
        "mean": 1,
        "median": 1,
        "min": 1,
        "var": 0
    },
    "silence_rate_60dB": {
        "dmean": 0.0104575166479,
        "dmean2": 0.0209171362221,
        "dvar": 0.0103457225487,
        "dvar2": 0.0245068948716,
        "max": 1,
        "mean": 0.091996781528,
        "median": 0,
        "min": 0,
        "var": 0.0835291594267
    },
    "spectral_centroid": {
        "dmean": 255.117904663,
        "dmean2": 404.991333008,
        "dvar": 62570.2148438,
        "dvar2": 149616.046875,
        "max": 11470.5703125,
        "mean": 2153.90112305,
        "median": 2130.19091797,
        "min": 752.682983398,
        "var": 267792.28125
    },
    "spectral_complexity": {
        "dmean": 4.55947732925,
        "dmean2": 7.02152061462,
        "dvar": 22.8139705658,
        "dvar2": 47.3620223999,
        "max": 61,
        "mean": 27.8523025513,
        "median": 29,
        "min": 0,
        "var": 140.686126709
    },
    "spectral_decrease": {
        "dmean": 1.92833482515e-09,
        "dmean2": 3.08170067242e-09,
        "dvar": 6.59549359492e-18,
        "dvar2": 1.63790446682e-17,
        "max": 2.56614448131e-20,
        "mean": -5.47011191898e-09,
        "median": -5.00383290358e-09,
        "min": -2.59065373598e-08,
        "var": 1.41312872327e-17
    },
    "spectral_energy": {
        "dmean": 0.00793594308197,
        "dmean2": 0.0125651806593,
        "dvar": 0.000109131091449,
        "dvar2": 0.000269386306172,
        "max": 0.108867675066,
        "mean": 0.0236490201205,
        "median": 0.0218662116677,
        "min": 1.05241147281e-20,
        "var": 0.000247469957685
    },
    "spectral_energyband_high": {
        "dmean": 0.000791191880126,
        "dmean2": 0.00117024406791,
        "dvar": 1.5700103404e-06,
        "dvar2": 3.51783432961e-06,
        "max": 0.0160469505936,
        "mean": 0.00205989298411,
        "median": 0.00153167219833,
        "min": 7.5703803921e-21,
        "var": 3.70253769688e-06
    },
    "spectral_energyband_low": {
        "dmean": 0.00373608688824,
        "dmean2": 0.00615420239046,
        "dvar": 4.77924149891e-05,
        "dvar2": 0.000121120378026,
        "max": 0.0698431283236,
        "mean": 0.0063375942409,
        "median": 0.00396531075239,
        "min": 1.63404332363e-23,
        "var": 6.59732249915e-05
    },
    "spectral_energyband_middle_high": {
        "dmean": 0.00261710700579,
        "dmean2": 0.00409901561216,
        "dvar": 1.21027060231e-05,
        "dvar2": 3.04463810608e-05,
        "max": 0.0624340735376,
        "mean": 0.00825248192996,
        "median": 0.00646124221385,
        "min": 1.31944799277e-21,
        "var": 4.53255524917e-05
    },
    "spectral_energyband_middle_low": {
        "dmean": 0.00381168304011,
        "dmean2": 0.00617256294936,
        "dvar": 3.58160978067e-05,
        "dvar2": 9.03479667613e-05,
        "max": 0.0762706398964,
        "mean": 0.00799703039229,
        "median": 0.00594271160662,
        "min": 2.09863645355e-22,
        "var": 6.0060290707e-05
    },
    "spectral_entropy": {
        "dmean": 0.101823590696,
        "dmean2": 0.148186266422,
        "dvar": 0.00892702117562,
        "dvar2": 0.0167730599642,
        "max": 9.83541297913,
        "mean": 8.01131057739,
        "median": 8.01762676239,
        "min": 6.70798063278,
        "var": 0.0530923269689
    },
    "spectral_flux": {
        "dmean": 0.0204848293215,
        "dmean2": 0.0312253665179,
        "dvar": 0.000540777400602,
        "dvar2": 0.00113067729399,
        "max": 0.28486841917,
        "mean": 0.0862850770354,
        "median": 0.0839570462704,
        "min": 6.66978902664e-11,
        "var": 0.00175536342431
    },
    "spectral_kurtosis": {
        "dmean": 0.689888596535,
        "dmean2": 1.13512539864,
        "dvar": 0.55758446455,
        "dvar2": 1.56596779823,
        "max": 17.4026527405,
        "mean": 2.85480618477,
        "median": 2.70466160774,
        "min": -1.24775516987,
        "var": 1.63072824478
    },
    "spectral_rms": {
        "dmean": 0.00072958599776,
        "dmean2": 0.00111910060514,
        "dvar": 6.86802479777e-07,
        "dvar2": 1.58540944994e-06,
        "max": 0.0103059383109,
        "mean": 0.004458877258,
        "median": 0.0046187536791,
        "min": 3.20428297611e-12,
        "var": 3.19069772559e-06
    },
    "spectral_rolloff": {
        "dmean": 730.520202637,
        "dmean2": 1180.09509277,
        "dvar": 887710.5,
        "dvar2": 1849737.125,
        "max": 20348.8769531,
        "mean": 2861.83300781,
        "median": 2734.71679688,
        "min": 43.06640625,
        "var": 2486532.5
    },
    "spectral_skewness": {
        "dmean": 0.120915338397,
        "dmean2": 0.194069355726,
        "dvar": 0.0117145096883,
        "dvar2": 0.0293118972331,
        "max": 2.87551927567,
        "mean": 1.24520850182,
        "median": 1.25770187378,
        "min": -0.0519242063165,
        "var": 0.0453121699393
    },
    "spectral_spread": {
        "dmean": 514914.625,
        "dmean2": 729771.6875,
        "dvar": 413182492672,
        "dvar2": 788844576768,
        "max": 42729120,
        "mean": 5170273,
        "median": 5032094,
        "min": 1816616.75,
        "var": 2.53096728986e+12
    },
    "spectral_strongpeak": {
        "dmean": 0.675232112408,
        "dmean2": 1.16091561317,
        "dvar": 0.975254416466,
        "dvar2": 2.46710157394,
        "max": 10.8444280624,
        "mean": 1.06790614128,
        "median": 0.4849832654,
        "min": 0,
        "var": 1.54914140701
    },
    "zerocrossingrate": {
        "dmean": 0.0125265130773,
        "dmean2": 0.0148096429184,
        "dvar": 0.000193218467757,
        "dvar2": 0.000239824221353,
        "max": 0.5126953125,
        "mean": 0.103229314089,
        "median": 0.099609375,
        "min": 0.013671875,
        "var": 0.00130288954824
    },
    "barkbands": {
        "dmean": [5.64228430449e-05, 0.00223506661132, 0.00162723707035, 0.00107235228643, 0.00127185380552, 0.000558467581868, 0.000849514268339, 0.000630311667919, 0.00100469589233, 0.000625047949143, 0.000887984235305, 0.000763224961702, 0.000337913690601, 0.000417857023422, 0.000417450966779, 0.000287437927909, 0.0003502794425, 0.000379953125957, 0.000244067559834, 0.000282731314655, 0.000216600383283, 0.000176476256456, 0.0001317437127, 0.000138225615956, 0.000116162700579, 8.38267151266e-05, 1.94696367544e-05],
        "dmean2": [9.024314204e-05, 0.00363705144264, 0.00276324828155, 0.00185968261212, 0.00210952479392, 0.000918504141737, 0.00136734545231, 0.00105148530565, 0.00162748689763, 0.00100394978654, 0.00144582090434, 0.00127163110301, 0.000553400663193, 0.000671881774906, 0.000678564130794, 0.000466032564873, 0.00056849833345, 0.000604931497946, 0.000399246113375, 0.000467906182166, 0.000358672084985, 0.000286039547063, 0.000200905706151, 0.000202030176297, 0.00016676899395, 0.000124392841826, 3.17165140586e-05],
        "dvar": [1.48331604777e-08, 2.10812540899e-05, 1.17655245049e-05, 4.07995776186e-06, 8.05122908787e-06, 1.19403352983e-06, 3.42472208104e-06, 2.43242607212e-06, 6.38921846985e-06, 2.11360770663e-06, 4.41744850832e-06, 3.55852716893e-06, 3.48816854512e-07, 5.35547542313e-07, 4.86849330628e-07, 2.47095272243e-07, 3.91672301703e-07, 3.89398223888e-07, 1.3535918697e-07, 1.47718125731e-07, 1.52426480327e-07, 7.64488774507e-08, 4.98372578761e-08, 7.4790513338e-08, 4.8454062096e-08, 2.86851360443e-08, 4.18720569328e-09],
        "dvar2": [3.61057459486e-08, 5.26019503013e-05, 3.1351497455e-05, 1.10281707748e-05, 2.09272075153e-05, 2.93627658721e-06, 8.14881059341e-06, 6.15096496404e-06, 1.65351411852e-05, 4.96258826388e-06, 1.13050846267e-05, 9.72909219854e-06, 8.4033189296e-07, 1.24946245705e-06, 1.20732556752e-06, 6.01175713655e-07, 9.21902767459e-07, 9.0150632559e-07, 3.44950194631e-07, 3.83133055948e-07, 3.98400430868e-07, 1.92721955727e-07, 1.05998140043e-07, 1.44341825603e-07, 9.717519589e-08, 6.44170938813e-08, 9.95900339973e-09],
        "max": [0.00150435289834, 0.0490309596062, 0.0442645847797, 0.0355436727405, 0.0545960888267, 0.0324623659253, 0.0470129847527, 0.0434775985777, 0.0572899207473, 0.0475828722119, 0.0410563685, 0.0493580959737, 0.0101795317605, 0.0181144885719, 0.017229296267, 0.0131029225886, 0.0144145637751, 0.0232766605914, 0.00769918225706, 0.00742420274764, 0.00615054229274, 0.00568770384416, 0.0053871111013, 0.00698427017778, 0.00638256501406, 0.00231597269885, 0.00102938245982],
        "mean": [6.15253011347e-05, 0.00287727429532, 0.00251949904487, 0.00147393927909, 0.00166002765764, 0.000816623738501, 0.00114459870383, 0.000816828280222, 0.00184340984561, 0.000896607292816, 0.00128490722273, 0.00118614034727, 0.000557553779799, 0.000712569977622, 0.000737338908948, 0.000557837076485, 0.000743472424801, 0.000806038966402, 0.000558688188903, 0.000638681580313, 0.000423801335273, 0.00039568732609, 0.000304945453536, 0.000297304592095, 0.000204786381801, 0.000110346365545, 1.86183915503e-05],
        "median": [1.62692267622e-05, 0.00112585222814, 0.000967246014625, 0.000715312315151, 0.000881980638951, 0.000436704140157, 0.000357650133083, 0.00026842567604, 0.000811860372778, 0.000314654404065, 0.000342814717442, 0.000335771765094, 0.000286168185994, 0.000378142256523, 0.000413856410887, 0.000336413562763, 0.000392631918658, 0.000510287238285, 0.000414976995671, 0.000499012880027, 0.000325723667629, 0.000264077854808, 0.000198112757062, 0.000188007485121, 0.000111943678348, 3.78067416023e-05, 1.25301312437e-06],
        "min": [2.77606759257e-24, 3.19125593383e-24, 2.24987705562e-24, 7.44112691486e-24, 1.74627756229e-23, 1.36935777074e-23, 2.40493760619e-23, 3.40784976493e-23, 2.26571359607e-23, 1.98831775849e-23, 3.90365357703e-23, 2.28212127181e-23, 4.35217085765e-23, 8.59297979904e-23, 8.1535804883e-23, 9.79464782943e-23, 1.08810172121e-22, 1.09043283674e-22, 1.38920753059e-22, 2.54497206046e-22, 3.93863280552e-22, 3.9152168895e-22, 4.51053146582e-22, 7.78426433768e-22, 1.18659563742e-21, 1.54038639957e-21, 2.1231931003e-21],
        "var": [1.58896096281e-08, 2.59252938122e-05, 1.3689563275e-05, 4.30538966611e-06, 7.85686916061e-06, 1.84468206044e-06, 5.30357283424e-06, 3.38168115377e-06, 1.32486620714e-05, 4.22875746153e-06, 8.2675678641e-06, 6.64809340378e-06, 6.97449138443e-07, 1.09530128611e-06, 9.71217900769e-07, 5.62557886497e-07, 1.19566038848e-06, 9.62236185842e-07, 3.41879342614e-07, 3.18928584875e-07, 1.87771604487e-07, 1.8036307381e-07, 1.42953581417e-07, 1.7779031225e-07, 9.21541243315e-08, 4.00638207054e-08, 4.47970860407e-09]
    },
    "erbbands": {
        "dmean": [0.0576444491744, 0.548238039017, 1.58785748482, 3.01751613617, 4.37082576752, 4.00110435486, 3.99032974243, 4.66008663177, 8.93214416504, 15.3445148468, 14.6014595032, 21.195772171, 21.0449028015, 25.6019325256, 31.2073993683, 25.0945911407, 14.6341514587, 17.4559783936, 19.6007957458, 19.7944526672, 15.1090402603, 19.8800411224, 20.0301589966, 13.8693313599, 12.5325317383, 13.2985448837, 9.25899887085, 8.41611862183, 6.71682929993, 4.49624919891, 3.6219201088, 2.92118883133, 2.46730566025, 1.37492692471, 0.856134593487, 0.46682280302, 0.127233460546, 0.0251582395285, 0.00291532557458, 0.000229086930631],
        "dmean2": [0.0952270179987, 0.888470947742, 2.65895462036, 5.14954280853, 7.35603046417, 6.72409486771, 6.66206359863, 7.61238384247, 14.3355998993, 25.1062297821, 23.8977413177, 34.4588356018, 33.6778259277, 41.5156059265, 50.9309577942, 41.5379753113, 23.6747550964, 27.9305801392, 31.532119751, 31.8351478577, 24.2201652527, 32.0960617065, 32.1272506714, 22.3110141754, 20.5579299927, 22.0591163635, 15.2428894043, 14.0477485657, 10.9325180054, 7.03276062012, 5.51111221313, 4.32221364975, 3.67306613922, 1.98258078098, 1.25019598007, 0.691058516502, 0.188945814967, 0.0384866259992, 0.00474502518773, 0.000383500038879],
        "dvar": [0.0146047016606, 1.32267141342, 11.2178087234, 33.3941726685, 88.4169692993, 78.1370010376, 50.8360366821, 111.168159485, 423.39453125, 1342.5032959, 1184.2434082, 3107.19775391, 3229.84521484, 3197.05859375, 4852.45166016, 3389.36181641, 630.211242676, 1126.17858887, 952.278503418, 1176.40356445, 694.521118164, 1148.09240723, 1223.20678711, 405.633483887, 393.993530273, 334.019073486, 243.092056274, 270.154937744, 116.716087341, 55.8254585266, 34.7896957397, 35.4086647034, 24.2740211487, 6.97088575363, 2.74456644058, 0.822887301445, 0.080200523138, 0.0037411195226, 8.97226564121e-05, 8.50605999858e-07],
        "dvar2": [0.0381310656667, 3.24881649017, 29.3846263885, 89.9349136353, 224.266296387, 209.453216553, 133.415878296, 275.14956665, 981.434020996, 3316.14819336, 2944.66796875, 7750.546875, 7543.09082031, 8191.81005859, 12726.5957031, 8836.90625, 1489.99804688, 2510.06420898, 2329.56201172, 2882.87890625, 1652.90576172, 2695.1262207, 2913.81542969, 942.399230957, 1012.75714111, 871.132446289, 632.195068359, 719.185791016, 294.263885498, 129.660842896, 71.810874939, 68.5420379639, 51.8617553711, 13.9836769104, 5.82958555222, 1.86660611629, 0.180405020714, 0.00872432813048, 0.00020794782904, 2.11971337194e-06],
        "max": [1.12239015102, 13.284696579, 39.9719810486, 81.5836410522, 184.928222656, 166.245864868, 102.533828735, 391.254302979, 525.960144043, 771.714538574, 789.009033203, 1683.15722656, 1554.24169922, 1425.34033203, 1775.58569336, 2105.87475586, 550.763000488, 1049.38330078, 631.554626465, 1142.84399414, 532.075805664, 836.254394531, 1122.66455078, 647.584716797, 530.199401855, 327.915924072, 247.648147583, 307.381011963, 216.2840271, 160.588043213, 150.56048584, 192.830581665, 97.9387664795, 80.9598464966, 44.2031059265, 11.0626182556, 5.06400251389, 0.957701742649, 0.163924410939, 0.0163745395839],
        "mean": [0.0667404979467, 0.721597194672, 2.52081012726, 4.60092830658, 5.44110012054, 5.15021467209, 5.52096319199, 6.98133611679, 12.4278345108, 19.6208686829, 22.5598735809, 38.3546981812, 36.3689155579, 40.062664032, 48.6991195679, 41.4653930664, 27.0242061615, 32.4907112122, 37.8692245483, 37.3780555725, 33.0956306458, 44.789276123, 44.8071479797, 33.0053367615, 30.5479660034, 29.9015464783, 19.2246818542, 16.1556053162, 14.5615539551, 10.9059972763, 8.2635641098, 6.57558059692, 4.74426269531, 2.55476617813, 1.36922848225, 0.632791817188, 0.165294095874, 0.030053794384, 0.00285178236663, 0.000221077745664],
        "median": [0.0246062558144, 0.296199977398, 1.15103518963, 2.9192802906, 2.60896682739, 2.59424948692, 2.99535727501, 3.48019123077, 4.6924123764, 6.14847373962, 9.86943244934, 15.4500770569, 15.357503891, 14.6054363251, 15.9784736633, 14.1548805237, 14.8193893433, 17.8342704773, 22.7746391296, 23.3342399597, 20.115732193, 24.7045974731, 26.4958896637, 25.96251297, 21.67710495, 23.5101737976, 14.8366222382, 11.6390476227, 9.79814147949, 6.86399936676, 5.5198392868, 4.35110712051, 2.87993621826, 1.47340941429, 0.691227436066, 0.248941600323, 0.0509427599609, 0.00682789552957, 0.000195612112293, 4.27220293204e-05],
        "min": [1.34706052259e-22, 7.40820311079e-22, 3.43887414972e-21, 1.69591315684e-20, 4.32739569769e-20, 3.4168410955e-20, 1.32466913417e-19, 1.53748254326e-19, 2.19264125391e-19, 5.42380983483e-19, 4.97424802865e-19, 3.79104112563e-19, 7.82507482801e-19, 6.67033482879e-19, 1.41835832454e-18, 1.21124791219e-18, 2.34203493222e-18, 4.04394291253e-18, 4.79436075064e-18, 5.90749480582e-18, 5.67189391503e-18, 6.29617787668e-18, 6.90276017321e-18, 9.88280985165e-18, 8.77336460841e-18, 1.26870944033e-17, 1.49977738136e-17, 1.43292729123e-17, 1.32712874022e-17, 1.34116103213e-17, 1.23896195755e-17, 1.15672415736e-17, 1.4149969934e-17, 1.06997466595e-17, 7.13837264453e-18, 5.56479635959e-18, 2.79224762614e-18, 1.20134325153e-18, 2.80749959587e-19, 2.98856057854e-20],
        "var": [0.0162167400122, 1.58670055866, 13.6038799286, 35.664516449, 88.8509292603, 76.2189941406, 63.1920509338, 170.516433716, 646.084533691, 1768.4432373, 1929.44921875, 6454.27832031, 6743.80566406, 6169.89160156, 8849.45019531, 7022.42822266, 1430.06677246, 2499.80322266, 2112.48657227, 2268.95166016, 1869.23742676, 3793.87963867, 3275.27490234, 968.157470703, 1146.27563477, 696.920776367, 345.21786499, 311.585083008, 241.429046631, 177.784561157, 96.475112915, 86.7446212769, 47.3773422241, 13.5650625229, 4.58931970596, 1.13931131363, 0.110919438303, 0.00474820379168, 0.000101875964901, 7.73763019879e-07]
    },
    "gfcc": {
        "mean": [25.518737793, 48.1099777222, -128.455352783, 36.2305488586, -60.7043228149, 20.4844055176, -36.0617790222, 15.6792020798, -27.3473529816, 2.84717464447, -20.6570987701, -0.709528625011, -14.0254888535],
        "cov": [[14756.3330078, 234.754318237, 687.106933594, 324.771209717, -11.6300916672, -49.0427818298, -276.2550354, 91.1553421021, -325.77456665, -222.248535156, -349.017364502, 11.1557807922, -162.272613525], [234.754318237, 558.705505371, 18.2968921661, 158.172973633, 71.994354248, 35.1503410339, 31.7350330353, 74.5280456543, 17.1828975677, -27.921628952, -7.75525140762, -51.4258499146, -9.56727027893], [687.106933594, 18.2968921661, 1067.50939941, 179.516143799, 154.978439331, 31.7099132538, -2.78423404694, 104.70993042, -15.2884378433, 7.96477651596, -77.7107391357, 24.7661781311, -51.6855697632], [324.771209717, 158.172973633, 179.516143799, 297.16708374, 90.4374847412, 16.2358150482, -41.5735664368, 61.6388511658, 21.7794532776, -27.7970676422, -21.2652893066, -6.66102170944, -6.0383849144], [-11.6300916672, 71.994354248, 154.978439331, 90.4374847412, 296.921783447, 66.2755050659, 70.0713272095, 18.3908405304, 18.1967926025, -16.7646408081, -2.7663359642, -12.1761732101, -5.30690765381], [-49.0427818298, 35.1503410339, 31.7099132538, 16.2358150482, 66.2755050659, 191.288482666, 87.9017944336, 14.6038913727, -30.9801120758, 8.29605960846, 2.73679351807, 7.4606719017, -5.21345186234], [-276.2550354, 31.7350330353, -2.78423404694, -41.5735664368, 70.0713272095, 87.9017944336, 149.008285522, 16.1827068329, 5.02162218094, 1.79279100895, 11.0894002914, -9.24110126495, 4.93846750259], [91.1553421021, 74.5280456543, 104.70993042, 61.6388511658, 18.3908405304, 14.6038913727, 16.1827068329, 132.512145996, 47.8144683838, -0.794372200966, -24.4153633118, 2.71743035316, -3.4449441433], [-325.77456665, 17.1828975677, -15.2884378433, 21.7794532776, 18.1967926025, -30.9801120758, 5.02162218094, 47.8144683838, 104.565292358, 20.3530693054, 5.5171585083, -10.6603298187, 5.99563217163], [-222.248535156, -27.921628952, 7.96477651596, -27.7970676422, -16.7646408081, 8.29605960846, 1.79279100895, -0.794372200966, 20.3530693054, 76.1981124878, 36.0787124634, 9.41878032684, -6.41324186325], [-349.017364502, -7.75525140762, -77.7107391357, -21.2652893066, -2.7663359642, 2.73679351807, 11.0894002914, -24.4153633118, 5.5171585083, 36.0787124634, 83.9379959106, 22.477016449, 8.01836681366], [11.1557807922, -51.4258499146, 24.7661781311, -6.66102170944, -12.1761732101, 7.4606719017, -9.24110126495, 2.71743035316, -10.6603298187, 9.41878032684, 22.477016449, 62.3884239197, 21.0755462646], [-162.272613525, -9.56727027893, -51.6855697632, -6.0383849144, -5.30690765381, -5.21345186234, 4.93846750259, -3.4449441433, 5.99563217163, -6.41324186325, 8.01836681366, 21.0755462646, 60.5569496155]],
        "icov": [[8.83573738975e-05, -3.91755129385e-05, 1.3180924725e-06, -4.06513572671e-05, -2.23112019739e-05, 5.72632234253e-05, 9.22066683415e-05, -6.90926317475e-05, 0.000283586065052, 2.97966726066e-05, 0.000318975740811, -0.000192427367438, 0.000218988177949], [-3.91755129385e-05, 0.00260829017498, 0.000167843405507, -0.00125098822173, -5.01350987179e-05, -4.49910621683e-05, -0.000510663550813, -0.00148911715951, 0.000720767013263, 0.000432997563621, -0.00134549313225, 0.00265166838653, -0.000495924090501], [1.3180924725e-06, 0.000167843405507, 0.00147285265848, -0.000774443033151, -0.000717509596143, 0.000578656734433, -0.000417251896579, -0.000792761798948, 0.00100147759076, -0.00142634939402, 0.00178539787885, -0.00142641365528, 0.00119559525046], [-4.06513572671e-05, -0.00125098822173, -0.000774443033151, 0.0061126081273, -0.00137304072268, -0.0017418875359, 0.00388395739719, -0.00133690901566, -0.00146077817772, 0.00243778759614, -0.00139803974889, 0.00061466533225, -0.000647136534099], [-2.23112019739e-05, -5.01350987179e-05, -0.000717509596143, -0.00137304072268, 0.00504550896585, -0.000949452805799, -0.00224727974273, 0.00139638467226, -0.00178538856562, 0.00163813948166, -0.000956462696195, 0.000568957300857, 8.49979551276e-05], [5.72632234253e-05, -4.49910621683e-05, 0.000578656734433, -0.0017418875359, -0.000949452805799, 0.00936996936798, -0.00580949196592, -0.00101584556978, 0.0045389146544, -0.00347547559068, 0.00220930599608, -0.00254788040183, 0.00138272694312], [9.22066683415e-05, -0.000510663550813, -0.000417251896579, 0.00388395739719, -0.00224727974273, -0.00580949196592, 0.0133352167904, -0.00215395027772, -0.00130472274031, 0.00252811308019, -0.00312973977998, 0.00373340328224, -0.00219756085426], [-6.90926317475e-05, -0.00148911715951, -0.000792761798948, -0.00133690901566, 0.00139638467226, -0.00101584556978, -0.00215395027772, 0.0134146204218, -0.00721514550969, 4.84205120301e-05, 0.00438431231305, -0.00490966439247, 0.00159101863392], [0.000283586065052, 0.000720767013263, 0.00100147759076, -0.00146077817772, -0.00178538856562, 0.0045389146544, -0.00130472274031, -0.00721514550969, 0.0174365080893, -0.0059076747857, 0.000272484117886, 0.00372643978335, -0.00217184936628], [2.97966726066e-05, 0.000432997563621, -0.00142634939402, 0.00243778759614, 0.00163813948166, -0.00347547559068, 0.00252811308019, 4.84205120301e-05, -0.0059076747857, 0.0215563979, -0.0100198229775, 0.000697185751051, 0.00276678614318], [0.000318975740811, -0.00134549313225, 0.00178539787885, -0.00139803974889, -0.000956462696195, 0.00220930599608, -0.00312973977998, 0.00438431231305, 0.000272484117886, -0.0100198229775, 0.0229077935219, -0.0105641977862, 0.00219293893315], [-0.000192427367438, 0.00265166838653, -0.00142641365528, 0.00061466533225, 0.000568957300857, -0.00254788040183, 0.00373340328224, -0.00490966439247, 0.00372643978335, 0.000697185751051, -0.0105641977862, 0.0279971193522, -0.0106462202966], [0.000218988177949, -0.000495924090501, 0.00119559525046, -0.000647136534099, 8.49979551276e-05, 0.00138272694312, -0.00219756085426, 0.00159101863392, -0.00217184936628, 0.00276678614318, 0.00219293893315, -0.0106462202966, 0.0222968421876]]
    },
    "melbands": {
        "dmean": [0.000567212468013, 0.000769507139921, 0.000532625359483, 0.000312170363031, 0.000136162052513, 0.000107441825094, 0.000144073739648, 0.000161080984981, 0.000126698228996, 0.00013957718329, 0.00010756849224, 0.00010280002607, 0.000116901028377, 9.34511699597e-05, 4.40889125457e-05, 3.70437883248e-05, 3.45353873854e-05, 3.54687072104e-05, 3.38441095664e-05, 2.16383850784e-05, 1.89928177861e-05, 2.28081589739e-05, 2.09366917261e-05, 1.72862091858e-05, 1.20316608445e-05, 9.67955202213e-06, 1.05845147118e-05, 9.54351435212e-06, 6.69180053592e-06, 5.28969576408e-06, 5.19014702149e-06, 4.14471514887e-06, 3.4886109006e-06, 2.61084028352e-06, 2.22123435378e-06, 2.1494208795e-06, 1.80375991476e-06, 1.86220370324e-06, 1.46641059473e-06, 1.16345324841e-06],
        "dmean2": [0.000925742031541, 0.00127032119781, 0.000903813459445, 0.00052319036331, 0.000226062606089, 0.000175008346559, 0.000231547528529, 0.000264657574007, 0.000208121011383, 0.000226359814405, 0.000171832129126, 0.000166682177223, 0.000190542108612, 0.00015493389219, 7.24424535292e-05, 6.02593790973e-05, 5.51607190573e-05, 5.69270814594e-05, 5.49122669327e-05, 3.50309055648e-05, 3.06541332975e-05, 3.71118330804e-05, 3.39665093634e-05, 2.76302926068e-05, 1.96078653971e-05, 1.58860966621e-05, 1.75778513949e-05, 1.58700877364e-05, 1.10556475192e-05, 8.80647075974e-06, 8.71864358487e-06, 6.84754877511e-06, 5.66661083212e-06, 4.14384976466e-06, 3.46887622982e-06, 3.31313776769e-06, 2.72152919933e-06, 2.82514724859e-06, 2.19925527745e-06, 1.70905104824e-06],
        "dvar": [1.34106073801e-06, 2.44562761509e-06, 9.57469978857e-07, 5.12532324137e-07, 5.70946099288e-08, 5.1410090407e-08, 1.01990593748e-07, 1.42773259881e-07, 9.4167326381e-08, 1.31818453042e-07, 8.17632610506e-08, 5.02363413091e-08, 7.30512823566e-08, 6.44589093213e-08, 8.66871285865e-09, 4.5812371674e-09, 4.58747351217e-09, 3.49521833698e-09, 3.72197939136e-09, 1.4760089817e-09, 1.19700160894e-09, 1.56776436278e-09, 1.69034231057e-09, 9.71357883017e-10, 3.20281884347e-10, 2.30621244324e-10, 2.48509213208e-10, 1.7790813267e-10, 1.18151780026e-10, 7.86795975594e-11, 1.12819080467e-10, 4.85659429339e-11, 2.64040594944e-11, 2.49606134373e-11, 1.3119364102e-11, 1.54647180478e-11, 1.5624730676e-11, 1.47922698396e-11, 7.44907000666e-12, 5.82691967593e-12],
        "dvar2": [3.34498099619e-06, 6.19903448751e-06, 2.55013537753e-06, 1.3342961438e-06, 1.50127419829e-07, 1.2566182761e-07, 2.38107404016e-07, 3.56315979388e-07, 2.39990015416e-07, 3.24068423652e-07, 1.89970279507e-07, 1.26401232592e-07, 1.8794240475e-07, 1.75314127659e-07, 2.14928679299e-08, 1.12615001768e-08, 1.00844586015e-08, 8.4891143004e-09, 9.41271149912e-09, 3.56966034509e-09, 2.88181745134e-09, 3.73990127756e-09, 4.18294998639e-09, 2.17774331901e-09, 7.88254517214e-10, 5.90894722041e-10, 6.50830445093e-10, 4.70036065625e-10, 3.0686486685e-10, 2.07750663894e-10, 3.0341090751e-10, 1.23974830402e-10, 6.58025231526e-11, 6.01894714625e-11, 2.90989888435e-11, 3.18375534269e-11, 3.09607339766e-11, 3.21121913782e-11, 1.62661134562e-11, 1.2305724148e-11],
        "max": [0.0104860775173, 0.017673432827, 0.0134510463104, 0.0141867659986, 0.00384253170341, 0.00772844394669, 0.00757483579218, 0.00734547292814, 0.0068760230206, 0.0101689752191, 0.0075471396558, 0.00548845063895, 0.00566358724609, 0.00694331061095, 0.00257131899707, 0.00119052606169, 0.00196631485596, 0.00118396652397, 0.00130304438062, 0.00119985966012, 0.000760187103879, 0.00109139562119, 0.00112289877143, 0.00179806863889, 0.000540093751624, 0.000336228957167, 0.000317896192428, 0.000229356985074, 0.000195052125491, 0.000143676879816, 0.000191996849026, 0.000153863918968, 8.49253556225e-05, 0.000111060187919, 8.23928276077e-05, 0.000138068149681, 0.000133516179631, 9.52634727582e-05, 5.59484615223e-05, 8.64853136591e-05],
        "mean": [0.000712429522537, 0.00123421067838, 0.000823036185466, 0.000392105110222, 0.000196492896066, 0.000161278396263, 0.000201530056074, 0.000205641874345, 0.000197415167349, 0.000253011094173, 0.000178831542144, 0.000155857283971, 0.000173694032128, 0.000142128221341, 7.04651465639e-05, 6.12955918768e-05, 5.93501608819e-05, 6.19049242232e-05, 5.75422782276e-05, 4.00504541176e-05, 3.71258356608e-05, 4.60349947389e-05, 4.41121301265e-05, 3.60969497706e-05, 2.55908162217e-05, 2.14609826799e-05, 2.26863612625e-05, 1.91720610019e-05, 1.27203265947e-05, 9.76858791546e-06, 9.11974620976e-06, 8.23597019917e-06, 7.4119529927e-06, 5.73077522859e-06, 4.64140202894e-06, 4.68504049422e-06, 3.69116855836e-06, 3.40814199262e-06, 2.72003376267e-06, 1.98935504159e-06],
        "median": [0.000291431730147, 0.000661322614178, 0.000557743478566, 0.00020009840955, 0.000110614273581, 8.15127277747e-05, 7.35479989089e-05, 6.29305141047e-05, 7.69438338466e-05, 0.000100705248769, 6.84948608978e-05, 5.32219273737e-05, 5.26603253093e-05, 3.53845462087e-05, 3.2154181099e-05, 3.0124130717e-05, 3.04219720419e-05, 3.36319644703e-05, 3.1179846701e-05, 2.50636112469e-05, 2.11456863326e-05, 2.47844036494e-05, 2.2204254492e-05, 2.30798214034e-05, 1.96939399757e-05, 1.5113315385e-05, 1.55326597451e-05, 1.4356461179e-05, 9.32079456106e-06, 7.08654897608e-06, 6.14946566202e-06, 5.41788358532e-06, 4.91658420287e-06, 3.24896859638e-06, 2.89201375381e-06, 3.29661565956e-06, 2.25286862587e-06, 2.04951857086e-06, 1.60941999638e-06, 1.09753409561e-06],
        "min": [1.88546867691e-24, 1.32748260814e-24, 4.63249770792e-24, 1.9992555516e-24, 4.66528750031e-24, 3.13899823759e-24, 4.02814387425e-24, 6.33940535235e-24, 3.05377779122e-24, 2.81612654099e-24, 3.60592342967e-24, 2.3725179079e-24, 4.81676851563e-24, 2.36795888351e-24, 5.64868071589e-24, 4.3923960585e-24, 7.62742036194e-24, 6.60923088625e-24, 6.09787349811e-24, 5.61826578926e-24, 6.60034989018e-24, 4.46651742916e-24, 5.80849604668e-24, 3.72428885306e-24, 7.54074505883e-24, 5.47476528528e-24, 7.07384353258e-24, 8.76069557179e-24, 9.60459214693e-24, 9.14055181918e-24, 6.67471462442e-24, 8.2201365251e-24, 6.72752097342e-24, 7.0269007867e-24, 6.65847986699e-24, 7.3173088849e-24, 6.53842430912e-24, 8.58933289507e-24, 9.52041358859e-24, 8.76514238072e-24],
        "var": [1.66525398981e-06, 3.04584523292e-06, 1.01795092178e-06, 4.85392149585e-07, 7.27010913693e-08, 8.20882988251e-08, 1.58424697361e-07, 1.83731955872e-07, 1.50419822376e-07, 2.92546673109e-07, 1.72679577304e-07, 9.79560113024e-08, 1.34659927653e-07, 1.18677604632e-07, 1.8252281464e-08, 9.18010734097e-09, 9.91090587377e-09, 7.11216685545e-09, 6.98324686965e-09, 2.82398371354e-09, 2.85707701941e-09, 4.42339453954e-09, 4.6056718439e-09, 2.10156181346e-09, 6.42441544407e-10, 6.21020845859e-10, 6.20660633999e-10, 3.44939105057e-10, 1.70272781985e-10, 1.05449503296e-10, 1.21104209994e-10, 8.63483520797e-11, 6.85050072224e-11, 6.62741458934e-11, 3.33647796891e-11, 3.54497056709e-11, 3.47629355857e-11, 2.78320283487e-11, 1.39223910178e-11, 9.98316099926e-12]
    },
    "mfcc": {
        "mean": [-608.761230469, 77.5061187744, -9.02573394775, 17.406873703, 0.487027466297, 4.00463581085, 3.45732903481, 6.61119890213, 1.996925354, 3.56702589989, -1.28169238567, -1.6583160162, -2.92511677742],
        "cov": [[10036.6777344, 635.125183105, 434.047210693, 404.227966309, 218.661331177, -13.0380373001, 71.1983947754, 153.42237854, 42.9035949707, -81.0030670166, -122.998344421, -89.4417648315, -155.065536499], [635.125183105, 443.948883057, 59.028049469, 96.1735534668, 66.9663925171, 12.0346260071, 66.8860702515, 46.0037231445, 43.5077209473, 29.0778503418, 12.4938526154, 5.77888441086, -16.7057857513], [434.047210693, 59.028049469, 710.677856445, 174.581604004, 144.645690918, -15.7436952591, 26.7461223602, 42.6915740967, 56.4452362061, -10.0914239883, 0.534410655499, 28.5158119202, 5.51240873337], [404.227966309, 96.1735534668, 174.581604004, 277.496368408, 168.377944946, -23.2296619415, -15.5106620789, 41.622756958, 40.1893463135, 6.82604932785, 0.0471895970404, 12.1429986954, -9.11508655548], [218.661331177, 66.9663925171, 144.645690918, 168.377944946, 236.907196045, 34.7717857361, 27.8637886047, 52.4983863831, 45.2551841736, 10.5847740173, 7.08718490601, 14.7256994247, -4.64542722702], [-13.0380373001, 12.0346260071, -15.7436952591, -23.2296619415, 34.7717857361, 156.667068481, 97.2754745483, 16.508649826, 0.478225648403, 3.82996606827, 8.69758701324, -3.81978726387, -1.07532477379], [71.1983947754, 66.8860702515, 26.7461223602, -15.5106620789, 27.8637886047, 97.2754745483, 154.281600952, 46.9158744812, 12.4256458282, 3.00105381012, 5.67298603058, 5.27111959457, 0.642365932465], [153.42237854, 46.0037231445, 42.6915740967, 41.622756958, 52.4983863831, 16.508649826, 46.9158744812, 112.149559021, 56.2309341431, 20.6303157806, 2.54293489456, -3.38650035858, -7.7137799263], [42.9035949707, 43.5077209473, 56.4452362061, 40.1893463135, 45.2551841736, 0.478225648403, 12.4256458282, 56.2309341431, 97.1711730957, 38.6311073303, 5.37221288681, -3.73180651665, -9.26006984711], [-81.0030670166, 29.0778503418, -10.0914239883, 6.82604932785, 10.5847740173, 3.82996606827, 3.00105381012, 20.6303157806, 38.6311073303, 71.8310012817, 30.5102844238, 2.14496803284, -4.38932847977], [-122.998344421, 12.4938526154, 0.534410655499, 0.0471895970404, 7.08718490601, 8.69758701324, 5.67298603058, 2.54293489456, 5.37221288681, 30.5102844238, 62.5495109558, 27.8697299957, 5.0574297905], [-89.4417648315, 5.77888441086, 28.5158119202, 12.1429986954, 14.7256994247, -3.81978726387, 5.27111959457, -3.38650035858, -3.73180651665, 2.14496803284, 27.8697299957, 60.4747848511, 31.4155921936], [-155.065536499, -16.7057857513, 5.51240873337, -9.11508655548, -4.64542722702, -1.07532477379, 0.642365932465, -7.7137799263, -9.26006984711, -4.38932847977, 5.0574297905, 31.4155921936, 64.3407058716]],
