{
"lowlevel": {
    "average_loudness": 0.788007080555,
    "barkbands_crest": {
        "dmean": 1.97765040398,
        "dmean2": 3.26943945885,
        "dvar": 3.71494269371,
        "dvar2": 10.5201063156,
        "max": 25.533208847,
        "mean": 9.37978363037,
        "median": 8.51020812988,
        "min": 2.56482982635,
        "var": 15.0470151901
    },
    "barkbands_flatness_db": {
        "dmean": 0.0147547703236,
        "dmean2": 0.022870130837,
        "dvar": 0.000218154324102,
        "dvar2": 0.000494762323797,
        "max": 0.525705993176,
        "mean": 0.13377559185,
        "median": 0.119093969464,
        "min": 0.0306533966213,
        "var": 0.00468699447811
    },
    "barkbands_kurtosis": {
        "dmean": 1.43289196491,
        "dmean2": 2.22431087494,
        "dvar": 11.0460519791,
        "dvar2": 17.5336399078,
        "max": 344.337036133,
        "mean": 2.72593545914,
        "median": 0.815714120865,
        "min": -1.82712972164,
        "var": 76.4286499023
    },
    "barkbands_skewness": {
        "dmean": 0.333396077156,
        "dmean2": 0.531841218472,
        "dvar": 0.11648311466,
        "dvar2": 0.29874253273,
        "max": 13.430683136,
        "mean": 1.18138563633,
        "median": 1.04585850239,
        "min": -2.30659866333,
        "var": 1.20446276665
    },
    "barkbands_spread": {
        "dmean": 3.35231804848,
        "dmean2": 5.29480838776,
        "dvar": 16.2432956696,
        "dvar2": 37.3302078247,
        "max": 121.904457092,
        "mean": 20.5100669861,
        "median": 19.8432216644,
        "min": 0.438284099102,
        "var": 109.628059387
    },
    "dissonance": {
        "dmean": 0.0164583995938,
        "dmean2": 0.0275843348354,
        "dvar": 0.000295055506285,
        "dvar2": 0.000801945803687,
        "max": 0.500000059605,
        "mean": 0.457687109709,
        "median": 0.466396987438,
        "min": 0.23105314374,
        "var": 0.00116954324767
    },
    "dynamic_complexity": 3.22060108185,
    "erbbands_crest": {
        "dmean": 2.18357300758,
        "dmean2": 3.3790910244,
        "dvar": 4.10009145737,
        "dvar2": 9.75662136078,
        "max": 28.2861175537,
        "mean": 10.4642877579,
        "median": 9.26184463501,
        "min": 2.60576796532,
        "var": 25.4009952545
    },
    "erbbands_flatness_db": {
        "dmean": 0.0131666092202,
        "dmean2": 0.0188386328518,
        "dvar": 0.000184952514246,
        "dvar2": 0.000339610007359,
        "max": 0.384691119194,
        "mean": 0.17999060452,
        "median": 0.177783310413,
        "min": 0.0343968085945,
        "var": 0.00265856529586
    },
    "erbbands_kurtosis": {
        "dmean": 0.687615394592,
        "dmean2": 1.0354808569,
        "dvar": 1.3468183279,
        "dvar2": 2.22559070587,
        "max": 77.5417633057,
        "mean": 0.773242592812,
        "median": 0.0649616718292,
        "min": -1.78566813469,
        "var": 8.28629207611
    },
    "erbbands_skewness": {
        "dmean": 0.258792161942,
        "dmean2": 0.39581143856,
        "dvar": 0.0541710183024,
        "dvar2": 0.11860973388,
        "max": 7.8562836647,
        "mean": 0.268215715885,
        "median": 0.216622009873,
        "min": -2.53312849998,
        "var": 0.721140265465
    },
    "erbbands_spread": {
        "dmean": 4.57126331329,
        "dmean2": 7.0740480423,
        "dvar": 25.364774704,
        "dvar2": 58.0407562256,
        "max": 143.727325439,
        "mean": 30.339756012,
        "median": 29.5295085907,
        "min": 2.26739096642,
        "var": 166.582962036
    },
    "hfc": {
        "dmean": 3.84382772446,
        "dmean2": 5.92320203781,
        "dvar": 30.7909908295,
        "dvar2": 72.6025466919,
        "max": 122.015815735,
        "mean": 21.0672893524,
        "median": 17.2038707733,
        "min": 1.07210667435e-16,
        "var": 280.759033203
    },
    "melbands_crest": {
        "dmean": 2.49455547333,
        "dmean2": 4.13552284241,
        "dvar": 5.27897119522,
        "dvar2": 14.7360038757,
        "max": 30.0918979645,
        "mean": 12.3847007751,
        "median": 11.8482532501,
        "min": 1.52004396915,
        "var": 17.9286594391
    },
    "melbands_flatness_db": {
        "dmean": 0.0182565469295,
        "dmean2": 0.029222369194,
        "dvar": 0.000332508003339,
        "dvar2": 0.000848629395477,
        "max": 0.642109692097,
        "mean": 0.199528366327,
        "median": 0.188147291541,
        "min": 0.00352672534063,
        "var": 0.00616531167179
    },
    "melbands_kurtosis": {
        "dmean": 2.94968676567,
        "dmean2": 4.72229909897,
        "dvar": 25.5202674866,
        "dvar2": 60.435256958,
        "max": 279.351165771,
        "mean": 7.2273015976,
        "median": 4.11727237701,
        "min": -1.80273246765,
        "var": 139.783508301
    },
    "melbands_skewness": {
        "dmean": 0.444006204605,
        "dmean2": 0.715284883976,
        "dvar": 0.219251394272,
        "dvar2": 0.582911133766,
        "max": 12.3592653275,
        "mean": 1.96054339409,
        "median": 1.85939383507,
        "min": -1.04900121689,
        "var": 1.54163980484
    },
    "melbands_spread": {
        "dmean": 4.65368509293,
        "dmean2": 7.53025817871,
        "dvar": 28.733373642,
        "dvar2": 73.5671081543,
        "max": 154.432342529,
        "mean": 25.7887191772,
        "median": 22.69348526,
        "min": 0.476731657982,
        "var": 360.89263916
    },
    "pitch_salience": {
        "dmean": 0.0551521740854,
        "dmean2": 0.0919816568494,
        "dvar": 0.00254741450772,
        "dvar2": 0.00711821345612,
        "max": 0.912113845348,
        "mean": 0.550251483917,
        "median": 0.547206580639,
        "min": 0.159010589123,
        "var": 0.00969677884132
    },
    "silence_rate_20dB": {
        "dmean": 0,
        "dmean2": 0,
        "dvar": 0,
        "dvar2": 0,
        "max": 1,
        "mean": 1,
        "median": 1,
        "min": 1,
        "var": 0
    },
    "silence_rate_30dB": {
        "dmean": 0,
        "dmean2": 0,
        "dvar": 0,
        "dvar2": 0,
        "max": 1,
        "mean": 1,
        "median": 1,
        "min": 1,
        "var": 0
    },
    "silence_rate_60dB": {
        "dmean": 0.00377002824098,
        "dmean2": 0.00754076708108,
        "dvar": 0.00375656620599,
        "dvar2": 0.00917789153755,
        "max": 1,
        "mean": 0.0491942316294,
        "median": 0,
        "min": 0,
        "var": 0.0467727407813
    },
    "spectral_centroid": {
        "dmean": 148.797210693,
        "dmean2": 241.571517944,
        "dvar": 38900.21875,
        "dvar2": 95584.1015625,
        "max": 11800.6396484,
        "mean": 1422.82299805,
        "median": 1252.30517578,
        "min": 129.399658203,
        "var": 1682939.5
    },
    "spectral_complexity": {
        "dmean": 2.4991517067,
        "dmean2": 4.06824398041,
        "dvar": 6.85671043396,
        "dvar2": 15.8172950745,
        "max": 53,
        "mean": 21.4157943726,
        "median": 23,
        "min": 0,
        "var": 108.938179016
    },
    "spectral_decrease": {
        "dmean": 1.40992739706e-09,
        "dmean2": 2.34226038565e-09,
        "dvar": 2.99046119401e-18,
        "dvar2": 8.06810545506e-18,
        "max": 7.28378687182e-23,
        "mean": -6.08701977711e-09,
        "median": -5.56086687808e-09,
        "min": -2.51219614e-08,
        "var": 1.44757302028e-17
    },
    "spectral_energy": {
        "dmean": 0.00557685270905,
        "dmean2": 0.00923147518188,
        "dvar": 4.65652192361e-05,
        "dvar2": 0.000124365265947,
        "max": 0.0998570770025,
        "mean": 0.0248847231269,
        "median": 0.0226363334805,
        "min": 9.98069341641e-21,
        "var": 0.000244958529947
    },
    "spectral_energyband_high": {
        "dmean": 0.000164950208273,
        "dmean2": 0.000258037936874,
        "dvar": 1.44841962424e-07,
        "dvar2": 3.57597770062e-07,
        "max": 0.00731521937996,
        "mean": 0.000483178213472,
        "median": 0.000260913308011,
        "min": 7.08032273119e-21,
        "var": 3.8173996586e-07
    },
    "spectral_energyband_low": {
        "dmean": 0.00317649194039,
        "dmean2": 0.00563642010093,
        "dvar": 2.9647942938e-05,
        "dvar2": 8.57268751133e-05,
        "max": 0.0694987699389,
        "mean": 0.0060653872788,
        "median": 0.00460138265043,
        "min": 7.51378258196e-24,
        "var": 4.8696558224e-05
    },
    "spectral_energyband_middle_high": {
        "dmean": 0.00189171265811,
        "dmean2": 0.00287778698839,
        "dvar": 8.87283567863e-06,
        "dvar2": 2.04543594009e-05,
        "max": 0.0611667409539,
        "mean": 0.00836769957095,
        "median": 0.00523991137743,
        "min": 1.17449165861e-21,
        "var": 8.35315950098e-05
    },
    "spectral_energyband_middle_low": {
        "dmean": 0.00309282774106,
        "dmean2": 0.00497546326369,
        "dvar": 1.30354983412e-05,
        "dvar2": 3.24604443449e-05,
        "max": 0.0598323717713,
        "mean": 0.0115970531479,
        "median": 0.00968515966088,
        "min": 1.57156591859e-22,
        "var": 6.62013408146e-05
    },
    "spectral_entropy": {
        "dmean": 0.106439225376,
        "dmean2": 0.160670876503,
        "dvar": 0.0138344578445,
        "dvar2": 0.0292199086398,
        "max": 9.82439422607,
        "mean": 7.43677043915,
        "median": 7.49350214005,
        "min": 4.48129892349,
        "var": 0.333669126034
    },
    "spectral_flux": {
        "dmean": 0.0161234214902,
        "dmean2": 0.0250183530152,
        "dvar": 0.000322542036884,
        "dvar2": 0.000691559165716,
        "max": 0.240558296442,
        "mean": 0.067433744669,
        "median": 0.0651498883963,
        "min": 6.29219662485e-11,
        "var": 0.00141325069126
    },
    "spectral_kurtosis": {
        "dmean": 1.92990541458,
        "dmean2": 3.32387161255,
        "dvar": 9.00002765656,
        "dvar2": 25.7643985748,
        "max": 104.190498352,
        "mean": 6.06333684921,
        "median": 5.12308311462,
        "min": -1.26856482029,
        "var": 41.6968345642
    },
    "spectral_rms": {
        "dmean": 0.000520817993674,
        "dmean2": 0.000853961275425,
        "dvar": 3.09816101662e-07,
        "dvar2": 8.23157733976e-07,
        "max": 0.00987023487687,
        "mean": 0.00461309123784,
        "median": 0.00469938619062,
        "min": 3.12045853566e-12,
        "var": 2.99723978969e-06
    },
    "spectral_rolloff": {
        "dmean": 279.803192139,
        "dmean2": 483.596374512,
        "dvar": 293532.9375,
        "dvar2": 651532.0625,
        "max": 19530.6152344,
        "mean": 1659.95056152,
        "median": 1356.59179688,
        "min": 21.533203125,
        "var": 5462428.5
    },
    "spectral_skewness": {
        "dmean": 0.205070272088,
        "dmean2": 0.345111340284,
        "dvar": 0.0510459505022,
        "dvar2": 0.144921481609,
        "max": 8.47640895844,
        "mean": 1.64731538296,
        "median": 1.6078594923,
        "min": -0.0692466497421,
        "var": 0.392846256495
    },
    "spectral_spread": {
        "dmean": 333030.75,
        "dmean2": 495272.875,
        "dvar": 385407156224,
        "dvar2": 735029362688,
        "max": 42773292,
        "mean": 4285900,
        "median": 3524288,
        "min": 919316.9375,
        "var": 2.21730706555e+13
    },
    "spectral_strongpeak": {
        "dmean": 0.607382118702,
        "dmean2": 1.02415120602,
        "dvar": 0.956213653088,
        "dvar2": 2.44665002823,
        "max": 14.5515108109,
        "mean": 1.4425457716,
        "median": 0.641781449318,
        "min": 0,
        "var": 2.8247449398
    },
    "zerocrossingrate": {
        "dmean": 0.00597843108699,
        "dmean2": 0.00752709759399,
        "dvar": 6.18181366008e-05,
        "dvar2": 7.63272473705e-05,
        "max": 0.53515625,
        "mean": 0.060411401093,
        "median": 0.05126953125,
        "min": 0,
        "var": 0.0036394810304
    },
    "barkbands": {
        "dmean": [5.84490226174e-05, 0.00121963419951, 0.00172259192914, 0.00108141731471, 0.00124394067097, 0.000646110798698, 0.000664439867251, 0.000609054870438, 0.000541164190508, 0.000805988383945, 0.000633686839137, 0.000396329065552, 0.000323299696902, 0.000320723105688, 0.000392532208934, 0.000371532223653, 0.000307497946778, 9.15061100386e-05, 0.000101453893876, 8.18290864117e-05, 5.62471213925e-05, 3.9640286559e-05, 3.18521997542e-05, 2.09837035072e-05, 1.49124552991e-05, 8.25669121696e-06, 1.57724036853e-06],
        "dmean2": [8.82368985913e-05, 0.00214729271829, 0.00304820016026, 0.00189933180809, 0.00212989654392, 0.00095367943868, 0.000964468403254, 0.00091019802494, 0.000818868400529, 0.00120554352179, 0.000973384536337, 0.000611256808043, 0.000508152879775, 0.000505570846144, 0.000633910880424, 0.000590217357967, 0.000512850761879, 0.00015360834368, 0.000162997646839, 0.000130807340611, 9.30743190111e-05, 6.59587967675e-05, 5.38363674423e-05, 3.29433241859e-05, 2.10031575989e-05, 1.12973320938e-05, 2.5418844416e-06],
        "dvar": [1.54897961124e-08, 1.24829666674e-05, 7.85465181252e-06, 2.07106700145e-06, 3.59003342965e-06, 8.00339137186e-07, 2.30205000662e-06, 2.24001132665e-06, 2.19496700993e-06, 4.41028169007e-06, 3.02759917759e-06, 1.46497950482e-06, 9.87474777503e-07, 4.65403473981e-07, 6.72762610066e-07, 5.44745660136e-07, 2.26199333042e-07, 3.37319470134e-08, 2.81990910622e-08, 2.72133018342e-08, 1.38985880582e-08, 1.07312967401e-08, 7.57501350535e-09, 4.37518332674e-09, 4.30154178943e-09, 3.16248915944e-10, 1.63246933332e-11],
        "dvar2": [3.02935418972e-08, 3.576025847e-05, 2.29968190979e-05, 6.31629018244e-06, 1.06001371023e-05, 1.82361497991e-06, 5.04936906509e-06, 4.70637860417e-06, 4.50329480373e-06, 9.53767721512e-06, 7.10789117875e-06, 3.25766973219e-06, 2.19434355131e-06, 1.1092126897e-06, 1.64747791587e-06, 1.28735177896e-06, 5.93451602526e-07, 9.19997944493e-08, 6.83291574433e-08, 6.16878921278e-08, 3.70135992966e-08, 2.90308577178e-08, 2.06303312211e-08, 9.23226650684e-09, 7.2134560547e-09, 5.32660526797e-10, 4.0348765995e-11],
        "max": [0.00249046762474, 0.040294777602, 0.0449667051435, 0.0173981450498, 0.0246294438839, 0.0225334819406, 0.0345934182405, 0.0392913743854, 0.0431455224752, 0.0563995204866, 0.0397788584232, 0.0328386351466, 0.042352385819, 0.0165851153433, 0.0262532327324, 0.0301370266825, 0.0118318963796, 0.00743213715032, 0.00559609755874, 0.00606341799721, 0.00247128959745, 0.00173858040944, 0.00143929116894, 0.00226349849254, 0.00394584331661, 0.000305956491502, 0.000104029211798],
        "mean": [0.000139469470014, 0.00166393991094, 0.00323084159754, 0.00160216889344, 0.00246563716792, 0.00213496293873, 0.00192022533156, 0.00126845086925, 0.00108331209049, 0.00199213554151, 0.00158686784562, 0.000772935571149, 0.000712776032742, 0.000632731069345, 0.00090529298177, 0.000906537345145, 0.000753417378291, 0.000221818205318, 0.000282364635495, 0.000230375502724, 0.000151597429067, 7.60517214076e-05, 5.27282427356e-05, 4.32527558587e-05, 3.32827767124e-05, 1.94465392269e-05, 2.13309112951e-06],
        "median": [6.66617561365e-05, 0.000461017189082, 0.00176726398058, 0.000891385891009, 0.00178583536763, 0.00112707121298, 0.000725891964976, 0.000633140909486, 0.000317343597999, 0.000445012788987, 0.000172259125975, 0.000228702978347, 0.00029134194483, 0.000306331581669, 0.000374269817257, 0.000487994460855, 0.000490861479193, 0.000147332408233, 0.000163393007824, 0.000126532351715, 8.03328002803e-05, 3.66285821656e-05, 1.74554843397e-05, 1.67018679349e-05, 1.04075179479e-05, 5.67173947275e-06, 4.55743588645e-07],
        "min": [8.13209466839e-26, 1.28380426729e-24, 1.07375220329e-24, 2.24761115128e-25, 4.52809985572e-24, 4.93200807768e-24, 3.73008461413e-24, 6.44618240904e-24, 1.07899897634e-23, 1.63826341393e-23, 7.10443950279e-24, 2.1409121721e-23, 2.0741292589e-23, 2.01921097149e-23, 4.98413868842e-23, 4.24856849279e-23, 7.3193165359e-23, 7.05481967854e-23, 8.80768060062e-23, 1.36309206945e-22, 2.35311553472e-22, 2.78747471848e-22, 3.33536777345e-22, 5.49586139804e-22, 7.39557123888e-22, 1.21983220275e-21, 1.91495320837e-21],
        "var": [3.69261208277e-08, 1.1087445273e-05, 1.80095066753e-05, 3.82228472517e-06, 5.74287287236e-06, 6.67864742354e-06, 1.16850997074e-05, 6.20872287982e-06, 8.40519169287e-06, 2.40996814682e-05, 1.75096192834e-05, 4.9158411457e-06, 4.82755604025e-06, 1.0982847698e-06, 2.06438585337e-06, 2.39777705247e-06, 8.05651154678e-07, 8.72890382198e-08, 1.34730981927e-07, 1.03216414971e-07, 4.40551453096e-08, 1.48534251565e-08, 1.04104369569e-08, 9.45127087704e-09, 1.03622657122e-08, 1.08487185901e-09, 2.09677761265e-11]
    },
    "erbbands": {
        "dmean": [0.0289251990616, 0.313724428415, 1.48382568359, 3.45906543732, 3.16291260719, 4.75711154938, 4.30164813995, 5.4519701004, 9.67018032074, 9.4136428833, 15.445110321, 11.0885038376, 25.1095848083, 21.6177806854, 19.2670841217, 17.0697669983, 13.6552972794, 17.2837657928, 16.8129863739, 21.5871067047, 19.1034259796, 14.9990959167, 5.78693246841, 4.18135499954, 4.99162912369, 3.7016222477, 2.73882389069, 1.7237123251, 1.50048005581, 1.09271907806, 0.911915183067, 0.513286411762, 0.332598716021, 0.21578450501, 0.0801323726773, 0.0411980561912, 0.0142991375178, 0.00382588431239, 0.00019452147535, 1.00977385955e-05],
        "dmean2": [0.04985916242, 0.558108925819, 2.62380838394, 6.17166042328, 5.34321928024, 8.26903247833, 6.95670461655, 8.09240055084, 13.7563076019, 13.8186664581, 22.6302852631, 16.3522777557, 38.0988121033, 31.9078502655, 29.190826416, 26.3056774139, 20.885969162, 27.395734787, 26.7341518402, 35.1110038757, 30.693479538, 25.1130428314, 9.69745826721, 6.82753419876, 7.94769620895, 5.91472959518, 4.45114278793, 2.87790155411, 2.51677536964, 1.82922017574, 1.55456709862, 0.829474389553, 0.509581804276, 0.312586605549, 0.112201787531, 0.0566620603204, 0.0197594221681, 0.00568205770105, 0.000312301621307, 1.64609919011e-05],
        "dvar": [0.00554072624072, 0.860976159573, 7.39073991776, 23.7789993286, 19.489730835, 74.4148864746, 44.1817703247, 70.2280807495, 296.835632324, 871.96105957, 1342.66442871, 1013.84912109, 4837.2578125, 3130.55249023, 2768.45043945, 2524.88793945, 1676.58850098, 1329.72387695, 1406.13134766, 1914.4621582, 1072.8013916, 549.742858887, 128.369155884, 41.2901191711, 83.6524581909, 61.2677497864, 32.7529258728, 19.3761520386, 15.1864118576, 8.92485713959, 6.4762134552, 2.01960396767, 1.30801475048, 1.07481169701, 0.0859275385737, 0.00813943613321, 0.000943880295381, 7.92079154053e-05, 2.94317686667e-07, 3.56794094269e-10],
        "dvar2": [0.0154753057286, 2.46983647346, 21.1773281097, 74.7259368896, 54.9938278198, 223.586456299, 121.669502258, 157.838607788, 611.194335938, 1875.11975098, 2818.79931641, 2041.49304199, 11009.5751953, 6533.75732422, 6577.34667969, 5767.52441406, 3450.21777344, 3235.99243164, 3303.73046875, 4717.86865234, 2602.18334961, 1462.80664062, 353.021453857, 105.374389648, 198.759750366, 137.19241333, 84.2180099487, 52.0500564575, 41.3823127747, 24.0508594513, 17.8243713379, 4.90550088882, 2.51507139206, 1.8511453867, 0.1537232548, 0.0141092119738, 0.00167058513034, 0.00017244220362, 7.29852786208e-07, 9.40512556724e-10],
        "max": [0.961479306221, 10.8143529892, 42.008605957, 60.5268058777, 64.8352966309, 124.170280457, 161.456176758, 195.722610474, 376.710632324, 863.563537598, 1057.7980957, 1246.75219727, 2142.45776367, 2176.9765625, 1242.39916992, 1503.1496582, 2089.30053711, 988.153137207, 1617.36437988, 1447.42529297, 820.467956543, 427.364929199, 507.832611084, 173.298706055, 365.81161499, 273.086120605, 185.792312622, 146.900726318, 71.6243133545, 47.0627593994, 38.5927238464, 44.1453132629, 41.7287483215, 60.3676452637, 17.0742492676, 1.95987582207, 0.513278782368, 0.230000376701, 0.00983427278697, 0.000468390324386],
        "mean": [0.0462910048664, 0.416985183954, 2.81273126602, 5.75493240356, 5.93313407898, 8.76552200317, 9.37161254883, 17.3846187592, 30.5341396332, 23.9871120453, 33.7079658508, 26.1120586395, 64.236869812, 55.7408294678, 49.7004776001, 36.0857391357, 32.3413505554, 38.6858139038, 39.1291656494, 50.9996452332, 50.9161949158, 39.8491325378, 16.5578308105, 11.9857540131, 14.3715353012, 10.8082437515, 8.23246765137, 4.02797842026, 2.9367108345, 1.90885949135, 1.45592343807, 0.991282105446, 0.696577608585, 0.44460195303, 0.184724807739, 0.0946177989244, 0.0325094498694, 0.00719528924674, 0.000266035727691, 3.65720625268e-05],
        "median": [0.00656482670456, 0.162624329329, 1.70952057838, 3.20391941071, 3.93082952499, 4.8506937027, 6.40025234222, 8.18658447266, 13.8083610535, 6.6450881958, 17.233083725, 8.74588298798, 15.5423297882, 14.342083931, 8.29298400879, 12.0339279175, 14.3313980103, 21.2447605133, 17.2890377045, 27.1457138062, 28.8276805878, 26.1601791382, 11.8570766449, 7.62418794632, 7.93801164627, 5.92362737656, 3.98269844055, 2.39286780357, 1.52253568172, 0.639391422272, 0.470437914133, 0.374382287264, 0.266400396824, 0.136474922299, 0.0591602809727, 0.0274619609118, 0.00948139559478, 0.00204200716689, 6.63954997435e-05, 3.2349536923e-05],
        "min": [5.5181110621e-23, 2.08170017789e-22, 2.115477662e-21, 4.57417146251e-21, 1.14973104903e-20, 1.39687605629e-20, 3.29024885757e-20, 4.0607404563e-20, 4.48434449475e-20, 1.49320330657e-19, 1.98304531891e-19, 3.20753163642e-19, 4.83865348071e-19, 6.38971070405e-19, 4.59977405956e-19, 1.11769099318e-18, 1.64729948082e-18, 1.51851862638e-18, 2.92031586448e-18, 3.06324150739e-18, 3.76541961975e-18, 4.28149470879e-18, 4.49956722881e-18, 5.82766195055e-18, 7.77221219661e-18, 6.76228091696e-18, 8.91097272075e-18, 1.07178280005e-17, 9.78655746121e-18, 1.07863797666e-17, 1.0949474968e-17, 1.03525648943e-17, 9.31037936107e-18, 7.21204217706e-18, 5.60153600008e-18, 4.40613717862e-18, 2.04262843091e-18, 9.10170195844e-19, 2.2976973276e-19, 2.73291750217e-20],
        "var": [0.00756259774789, 0.681210160255, 13.4882879257, 47.422542572, 39.0668144226, 122.874855042, 97.3402328491, 518.934387207, 1802.89489746, 4085.01513672, 3986.64355469, 5075.11425781, 29253.4042969, 16525.8886719, 15238.7841797, 9482.86816406, 9288.28710938, 3766.9777832, 4202.29003906, 6835.22070312, 4385.72802734, 2180.49389648, 398.717590332, 169.259643555, 413.512908936, 241.399475098, 163.917938232, 29.7301940918, 19.9772472382, 13.4586296082, 8.16247177124, 3.67872452736, 3.05517172813, 2.37832379341, 0.214710757136, 0.0275683738291, 0.00301286182366, 0.000157303336891, 3.41098967738e-07, 7.28433091624e-10]
    },
    "gfcc": {
        "mean": [-27.7099113464, 103.204460144, -130.028778076, 23.9972000122, -51.7182922363, -3.73485279083, -39.4802436829, 4.31347703934, -24.7364654541, -0.886525034904, -23.1519355774, -4.08332824707, -9.68715572357],
        "cov": [[32045.4160156, -375.618225098, -3565.66601562, 359.422424316, -781.35534668, 1291.98742676, -1165.4642334, 537.948242188, -708.983154297, 310.603118896, -762.016906738, 135.694473267, -371.388793945], [-375.618225098, 1441.90515137, -335.295349121, 67.4334869385, -32.694770813, -471.991271973, 169.376083374, -193.619613647, 50.0744819641, -133.733688354, 115.365371704, -128.935134888, 128.324874878], [-3565.66601562, -335.295349121, 931.118652344, 36.5373687744, 215.404449463, 88.4011306763, 74.5889892578, 58.708366394, 78.9281845093, 47.5137405396, 74.5047302246, 80.7104415894, -18.4824066162], [359.422424316, 67.4334869385, 36.5373687744, 266.884246826, 131.419296265, 38.8107872009, 8.364361763, 35.4286766052, 36.2269897461, 28.4496078491, -0.982942461967, 13.187746048, 14.8358135223], [-781.35534668, -32.694770813, 215.404449463, 131.419296265, 402.787689209, 167.300506592, 98.2402954102, 81.8818817139, 48.0527610779, 86.423034668, 54.3007125854, 70.5673904419, 33.9637565613], [1291.98742676, -471.991271973, 88.4011306763, 38.8107872009, 167.300506592, 536.539855957, 26.6312980652, 138.407196045, -18.1112918854, 90.5676498413, 16.4726104736, 95.4070587158, -45.8083610535], [-1165.4642334, 169.376083374, 74.5889892578, 8.364361763, 98.2402954102, 26.6312980652, 233.664581299, 5.8268866539, 29.9381866455, -30.8800449371, 53.060508728, 24.4330329895, 43.6506919861], [537.948242188, -193.619613647, 58.708366394, 35.4286766052, 81.8818817139, 138.407196045, 5.8268866539, 143.739028931, 20.283662796, 51.6409988403, -28.0375213623, 38.7875289917, -9.66158294678], [-708.983154297, 50.0744819641, 78.9281845093, 36.2269897461, 48.0527610779, -18.1112918854, 29.9381866455, 20.283662796, 127.877601624, 32.772808075, 28.1024436951, -13.829375267, 16.9971446991], [310.603118896, -133.733688354, 47.5137405396, 28.4496078491, 86.423034668, 90.5676498413, -30.8800449371, 51.6409988403, 32.772808075, 116.02872467, 15.3456382751, 23.818977356, -11.8746023178], [-762.016906738, 115.365371704, 74.5047302246, -0.982942461967, 54.3007125854, 16.4726104736, 53.060508728, -28.0375213623, 28.1024436951, 15.3456382751, 133.563034058, 27.6267814636, 31.1420173645], [135.694473267, -128.935134888, 80.7104415894, 13.187746048, 70.5673904419, 95.4070587158, 24.4330329895, 38.7875289917, -13.829375267, 23.818977356, 27.6267814636, 122.847099304, 22.312335968], [-371.388793945, 128.324874878, -18.4824066162, 14.8358135223, 33.9637565613, -45.8083610535, 43.6506919861, -9.66158294678, 16.9971446991, -11.8746023178, 31.1420173645, 22.312335968, 98.4670257568]],
        "icov": [[0.000274883495877, -0.000540097244084, 0.000799275294412, -0.000411400542362, 0.000573382421862, -0.000914800504688, 0.00102009356488, -0.000834065547679, 0.000718018971384, -0.000720682437532, 0.000899002247024, -0.000986616360024, 0.000523642462213], [-0.000540097244084, 0.00291935098357, -0.000840323453303, 0.000166820027516, -0.00165491027292, 0.00309816282243, -0.00302475481294, 0.00213262951002, -0.00152202474419, 0.00225852569565, -0.00341322505847, 0.00310773774981, -0.00155187561177], [0.000799275294412, -0.000840323453303, 0.00403131404892, -0.0012349676108, 0.000727002741769, -0.00194218975957, 0.00256668869406, -0.00248195580207, 0.00120064499788, -0.00129611126613, 0.00143974227831, -0.00329837226309, 0.00244537065737], [-0.000411400542362, 0.000166820027516, -0.0012349676108, 0.00557351857424, -0.00251895235851, 0.000967792468145, -0.000493423896842, 0.000847189396154, -0.00218124664389, 0.0013843763154, -0.000202560360776, 0.00105473666918, -0.000851164513733], [0.000573382421862, -0.00165491027292, 0.000727002741769, -0.00251895235851, 0.00644182879478, -0.00293339323252, 0.000584637804423, -0.00243521900848, 0.0020200770814, -0.00470711942762, 0.00197932147421, -0.00261602690443, -0.000198952358915], [-0.000914800504688, 0.00309816282243, -0.00194218975957, 0.000967792468145, -0.00293339323252, 0.00725346570835, -0.00450864480808, 0.000751115265302, -0.00140880641993, 0.00206352001987, -0.00504774414003, 0.00273499591276, -7.09833693691e-05], [0.00102009356488, -0.00302475481294, 0.00256668869406, -0.000493423896842, 0.000584637804423, -0.00450864480808, 0.0108003560454, -0.00400522165, 0.00125005957671, 0.000918137084227, 0.0025052675046, -0.00442975806072, 0.00097195780836], [-0.000834065547679, 0.00213262951002, -0.00248195580207, 0.000847189396154, -0.00243521900848, 0.000751115265302, -0.00400522165, 0.0153400907293, -0.00448733521625, -0.000573776313104, 0.00179058907088, 0.00106190820225, -0.00215010205284], [0.000718018971384, -0.00152202474419, 0.00120064499788, -0.00218124664389, 0.0020200770814, -0.00140880641993, 0.00125005957671, -0.00448733521625, 0.0132192885503, -0.0056864079088, 0.000450439256383, 0.000713794783223, -0.00037275464274], [-0.000720682437532, 0.00225852569565, -0.00129611126613, 0.0013843763154, -0.00470711942762, 0.00206352001987, 0.000918137084227, -0.000573776313104, -0.0056864079088, 0.0176886059344, -0.00551109062508, 0.00206692679785, 0.000396187359001], [0.000899002247024, -0.00341322505847, 0.00143974227831, -0.000202560360776, 0.00197932147421, -0.00504774414003, 0.0025052675046, 0.00179058907088, 0.000450439256383, -0.00551109062508, 0.0158156380057, -0.00618679262698, -0.000168604688952], [-0.000986616360024, 0.00310773774981, -0.00329837226309, 0.00105473666918, -0.00261602690443, 0.00273499591276, -0.00442975806072, 0.00106190820225, 0.000713794783223, 0.00206692679785, -0.00618679262698, 0.0166292004287, -0.00599211966619], [0.000523642462213, -0.00155187561177, 0.00244537065737, -0.000851164513733, -0.000198952358915, -7.09833693691e-05, 0.00097195780836, -0.00215010205284, -0.00037275464274, 0.000396187359001, -0.000168604688952, -0.00599211966619, 0.0156574044377]]
    },
    "melbands": {
        "dmean": [0.000295111036394, 0.000652798393276, 0.000539273198228, 0.00027584619238, 0.000165721692611, 0.000129902706249, 0.000146152393427, 0.000100156757981, 0.000122730707517, 7.5119700341e-05, 0.000125968057546, 8.78863356775e-05, 8.45903487061e-05, 4.30922882515e-05, 3.91775320168e-05, 3.08312301058e-05, 3.4635704651e-05, 2.78775078186e-05, 2.51683759416e-05, 2.97686074191e-05, 2.33891769312e-05, 1.8771037503e-05, 9.73377154878e-06, 4.29215924669e-06, 3.73116358787e-06, 4.80556718685e-06, 3.32036188411e-06, 2.60267029262e-06, 2.04128104997e-06, 1.52597226588e-06, 9.98689188236e-07, 9.50679520884e-07, 7.38773678677e-07, 6.2224529529e-07, 5.8516587842e-07, 4.03565820761e-07, 3.14448385552e-07, 2.48193742891e-07, 2.42334323275e-07, 1.80184329679e-07],
        "dmean2": [0.000515104969963, 0.00115781882778, 0.000952606322244, 0.000474947388284, 0.000274843943771, 0.00018976170395, 0.000208878365811, 0.000147437662235, 0.000180062474101, 0.000111370376544, 0.000190814447706, 0.000129505089717, 0.000129258172819, 6.51755835861e-05, 5.93139011471e-05, 4.78891925013e-05, 5.49665273866e-05, 4.4212287321e-05, 4.03436606575e-05, 4.72322462883e-05, 3.791801646e-05, 3.14052776957e-05, 1.62504165928e-05, 7.27997075955e-06, 6.12501571595e-06, 7.75942226028e-06, 5.38578433407e-06, 4.16893226429e-06, 3.3419621559e-06, 2.56144471678e-06, 1.68414965174e-06, 1.60393847182e-06, 1.23736879232e-06, 1.05540459572e-06, 1.0123131915e-06, 6.65581296744e-07, 5.14760017722e-07, 3.90351232227e-07, 3.69455904092e-07, 2.63426670699e-07],
        "dvar": [6.73282954722e-07, 1.64597111052e-06, 5.02570344452e-07, 1.80037886821e-07, 7.38018925972e-08, 3.70642041503e-08, 7.37051948363e-08, 8.69889760224e-08, 8.65372555836e-08, 4.15535481579e-08, 1.2114509218e-07, 5.34910640226e-08, 5.50515117936e-08, 1.73111907031e-08, 1.88287749836e-08, 7.25660198597e-09, 5.18262055493e-09, 4.08296241261e-09, 3.53400420039e-09, 3.98306232441e-09, 1.53928458868e-09, 8.8287288591e-10, 2.81241446798e-10, 6.04980440744e-11, 3.30826616102e-11, 7.6547976291e-11, 3.46745791802e-11, 3.71231413665e-11, 2.16734911268e-11, 9.79452196431e-12, 6.76758822593e-12, 5.63340563434e-12, 4.12193846763e-12, 2.93126070292e-12, 2.78964329935e-12, 9.79477783603e-13, 9.63540445348e-13, 6.44769068865e-13, 1.20644217273e-12, 8.22080034255e-13],
        "dvar2": [1.92384754882e-06, 4.69394717584e-06, 1.55896134402e-06, 5.20726132436e-07, 2.18384656137e-07, 8.04861812753e-08, 1.55550267777e-07, 1.86074174735e-07, 1.8413528835e-07, 8.37665083964e-08, 2.74647874221e-07, 1.1217629492e-07, 1.32196021241e-07, 3.72293378348e-08, 4.11638474418e-08, 1.48253294086e-08, 1.25701227205e-08, 9.518160482e-09, 8.35070324001e-09, 9.50167677871e-09, 3.79047637722e-09, 2.31215935287e-09, 7.43544115167e-10, 1.67273181417e-10, 8.56519438708e-11, 1.88787707689e-10, 8.34838101427e-11, 8.24864135329e-11, 5.55473132768e-11, 2.68183617674e-11, 1.82838570673e-11, 1.54534839786e-11, 1.10902832057e-11, 7.98261283463e-12, 7.75459817887e-12, 2.51951801436e-12, 2.37359849657e-12, 1.34066065541e-12, 2.5062840258e-12, 1.5181738245e-12],
        "max": [0.0103384554386, 0.0183515697718, 0.00896988622844, 0.00615295115858, 0.0050274413079, 0.00518573028967, 0.00563028268516, 0.00830036588013, 0.00961166806519, 0.00688423356041, 0.0106954909861, 0.00882563740015, 0.00541444355622, 0.00396806653589, 0.00526084192097, 0.00454758526757, 0.00212771352381, 0.00310613401234, 0.00240675266832, 0.00320580136031, 0.00121220038272, 0.000562055618502, 0.000482175848447, 0.000273734942311, 0.000155394169269, 0.000312306598062, 0.000150144987856, 0.000245419359999, 0.000138743096613, 7.05217171344e-05, 9.08649453777e-05, 4.11166802223e-05, 3.88954686059e-05, 3.12550946546e-05, 2.76191694866e-05, 1.77108540811e-05, 3.87172476621e-05, 3.04445002257e-05, 6.38238343527e-05, 5.85314592172e-05],
        "mean": [0.0004308821226, 0.00119130464736, 0.00098779075779, 0.000514130108058, 0.000349025271134, 0.000428900297265, 0.000465519027784, 0.000242396039539, 0.000263891852228, 0.00016160326777, 0.000316599995131, 0.000212933198782, 0.000216029162402, 8.18161934149e-05, 8.22029760457e-05, 6.85050108586e-05, 7.10392705514e-05, 5.94789198658e-05, 5.70407173655e-05, 7.30515530449e-05, 5.5610522395e-05, 4.4592172344e-05, 2.35881288972e-05, 9.85456972558e-06, 9.2010041044e-06, 1.21560096886e-05, 8.68245570018e-06, 6.61006879454e-06, 5.55398310098e-06, 3.49267111233e-06, 1.9601961867e-06, 1.76257594831e-06, 1.25898156966e-06, 9.89728050627e-07, 8.60396085045e-07, 7.00823022726e-07, 5.74283092192e-07, 4.9131688229e-07, 4.6014184818e-07, 3.44986716527e-07],
        "median": [0.00010117142665, 0.000781328883022, 0.000671804649755, 0.000365020852769, 0.000230791760259, 0.000198680485482, 0.000205974371056, 7.06760474714e-05, 0.00012513792899, 4.90531892865e-05, 7.23725752323e-05, 5.59883665119e-05, 2.57012925431e-05, 2.4940000003e-05, 2.47891330218e-05, 3.18809361488e-05, 3.54603944288e-05, 2.41370398726e-05, 2.4355489586e-05, 4.11604341934e-05, 3.0530973163e-05, 2.79219475487e-05, 1.60837789736e-05, 6.48161039862e-06, 5.66259177504e-06, 6.41206270302e-06, 4.96590018884e-06, 3.30065927301e-06, 2.29080660574e-06, 2.00484464585e-06, 1.05308629372e-06, 9.38774746828e-07, 4.61015048359e-07, 2.88572039153e-07, 2.38377623418e-07, 2.62476419266e-07, 2.03547998012e-07, 1.91777900227e-07, 1.44337064967e-07, 1.012305475e-07],
        "min": [8.51989301946e-25, 1.04197767489e-24, 7.69483473857e-25, 1.25930461415e-24, 9.68686284516e-25, 8.45094953457e-25, 6.97573132408e-25, 1.16001946809e-24, 1.16404561693e-24, 1.89548366054e-24, 2.3543847567e-24, 1.77088643321e-24, 9.45039587237e-25, 2.20838691631e-24, 2.72939562319e-24, 2.13116650559e-24, 1.81191193345e-24, 2.67512297899e-24, 3.46618658107e-24, 2.71924495549e-24, 2.91067881744e-24, 4.08760860372e-24, 4.21749967936e-24, 3.57803404123e-24, 3.83590517697e-24, 3.26413583463e-24, 3.46711349264e-24, 3.69011460978e-24, 4.50300934577e-24, 4.61785842167e-24, 5.6777715395e-24, 4.81753134413e-24, 5.11386418216e-24, 4.66374882711e-24, 4.55788606021e-24, 5.50582471128e-24, 5.99477174438e-24, 6.36127375994e-24, 6.36469386639e-24, 5.44609453012e-24],
        "var": [6.90073761689e-07, 2.41685302171e-06, 1.08600283966e-06, 2.69077247594e-07, 1.45999734968e-07, 3.26521558236e-07, 4.19123296069e-07, 3.69141929468e-07, 2.65383903297e-07, 1.77735174134e-07, 7.35537980745e-07, 2.63237666331e-07, 3.32645925027e-07, 5.41051434766e-08, 7.81620244084e-08, 3.08798249193e-08, 1.3318795844e-08, 1.08745172867e-08, 9.22975740281e-09, 1.76389445272e-08, 5.48593259708e-09, 3.0984053101e-09, 8.77010797318e-10, 1.61749974525e-10, 1.08667075338e-10, 3.3874286709e-10, 1.30842836565e-10, 1.21470819514e-10, 9.67176616573e-11, 2.06602304709e-11, 8.96974595294e-12, 6.99266382645e-12, 5.66560643886e-12, 4.19641578431e-12, 3.26619135384e-12, 1.56838127555e-12, 1.55259746032e-12, 1.38719168531e-12, 2.26093319414e-12, 1.66098319994e-12]
    },
    "mfcc": {
        "mean": [-653.485290527, 131.839370728, -19.7659358978, 26.0739154816, 1.91872346401, -3.85723757744, -6.59134912491, -4.58073234558, 2.37617468834, -1.79144597054, -8.63701152802, -3.50489497185, -2.70894765854],
        "cov": [[11755.7001953, 329.1640625, -965.567504883, -456.063537598, 312.456420898, 450.731842041, 106.948280334, 193.525253296, 165.829879761, 214.268478394, -133.588226318, 95.2298202515, -1.94740867615], [329.1640625, 1132.66162109, -252.527420044, 253.587371826, -175.321029663, -169.756851196, -42.0661125183, -118.352462769, -24.5446929932, -98.9980773926, -43.4320526123, -25.9131450653, -54.8064956665], [-965.567504883, -252.527420044, 486.402130127, -26.923248291, 68.4131088257, 8.93817996979, -5.49083328247, 43.3969764709, -35.5056991577, -1.08185207844, 39.1288337708, 15.7347917557, 16.0749816895], [-456.063537598, 253.587371826, -26.923248291, 355.823364258, 26.8191776276, -74.7693862915, -40.67445755, -53.4425735474, 35.3557434082, -13.7880172729, -4.11249542236, -40.8252067566, -9.15020179749], [312.456420898, -175.321029663, 68.4131088257, 26.8191776276, 317.598693848, 132.185455322, 65.3652954102, 46.7313690186, 45.5466194153, 56.2889862061, 32.3151931763, 72.236869812, 36.1490440369], [450.731842041, -169.756851196, 8.93817996979, -74.7693862915, 132.185455322, 229.803771973, 114.134025574, 95.7019729614, 25.9776687622, 31.9547767639, 33.3660240173, 73.6502609253, 16.5070152283], [106.948280334, -42.0661125183, -5.49083328247, -40.67445755, 65.3652954102, 114.134025574, 189.226455688, 90.8088378906, 23.3963336945, -14.7295560837, 12.9712200165, 65.4097824097, 8.6162109375], [193.525253296, -118.352462769, 43.3969764709, -53.4425735474, 46.7313690186, 95.7019729614, 90.8088378906, 165.732406616, 39.3038215637, 1.98577415943, 16.3813076019, 39.6405181885, 20.5547161102], [165.829879761, -24.5446929932, -35.5056991577, 35.3557434082, 45.5466194153, 25.9776687622, 23.3963336945, 39.3038215637, 119.33429718, 44.0877876282, 12.0404987335, -1.62943565845, -7.41964006424], [214.268478394, -98.9980773926, -1.08185207844, -13.7880172729, 56.2889862061, 31.9547767639, -14.7295560837, 1.98577415943, 44.0877876282, 109.933517456, 29.9771823883, 5.84223651886, 4.46044111252], [-133.588226318, -43.4320526123, 39.1288337708, -4.11249542236, 32.3151931763, 33.3660240173, 12.9712200165, 16.3813076019, 12.0404987335, 29.9771823883, 95.7465896606, 34.1162223816, -0.865200936794], [95.2298202515, -25.9131450653, 15.7347917557, -40.8252067566, 72.236869812, 73.6502609253, 65.4097824097, 39.6405181885, -1.62943565845, 5.84223651886, 34.1162223816, 116.456336975, 33.7003326416], [-1.94740867615, -54.8064956665, 16.0749816895, -9.15020179749, 36.1490440369, 16.5070152283, 8.6162109375, 20.5547161102, -7.41964006424, 4.46044111252, -0.865200936794, 33.7003326416, 89.632019043]],
