{
"lowlevel": {
    "average_loudness": 0.915736317635,
    "barkbands_crest": {
        "dmean": 2.38020253181,
        "dmean2": 3.91032338142,
        "dvar": 5.76851177216,
        "dvar2": 16.0636310577,
        "max": 24.9824047089,
        "mean": 9.44006538391,
        "median": 8.43639659882,
        "min": 2.01297140121,
        "var": 20.1692829132
    },
    "barkbands_flatness_db": {
        "dmean": 0.0173905044794,
        "dmean2": 0.0267389211804,
        "dvar": 0.000277241575532,
        "dvar2": 0.000684302067384,
        "max": 0.334941953421,
        "mean": 0.108824327588,
        "median": 0.100001484156,
        "min": 0.022033162415,
        "var": 0.00190996751189
    },
    "barkbands_kurtosis": {
        "dmean": 1.36621105671,
        "dmean2": 2.20140647888,
        "dvar": 10.2511873245,
        "dvar2": 25.7860870361,
        "max": 112.255805969,
        "mean": 1.16259169579,
        "median": -0.636294364929,
        "min": -1.7974383831,
        "var": 34.1507759094
    },
    "barkbands_skewness": {
        "dmean": 0.423014193773,
        "dmean2": 0.667475640774,
        "dvar": 0.197765901685,
        "dvar2": 0.492753982544,
        "max": 9.28558444977,
        "mean": 0.868141829967,
        "median": 0.592054247856,
        "min": -2.54482698441,
        "var": 1.29381680489
    },
    "barkbands_spread": {
        "dmean": 5.5648727417,
        "dmean2": 8.73902893066,
        "dvar": 31.6463909149,
        "dvar2": 76.441116333,
        "max": 101.907119751,
        "mean": 33.3315849304,
        "median": 34.5689430237,
        "min": 1.21512043476,
        "var": 144.253448486
    },
    "dissonance": {
        "dmean": 0.0110282031819,
        "dmean2": 0.0186889059842,
        "dvar": 0.000131292268634,
        "dvar2": 0.000356860313332,
        "max": 0.500000119209,
        "mean": 0.479996323586,
        "median": 0.484749138355,
        "min": 0.32830965519,
        "var": 0.00029539107345
    },
    "dynamic_complexity": 3.63279151917,
    "erbbands_crest": {
        "dmean": 2.45056867599,
        "dmean2": 4.0130815506,
        "dvar": 5.01675462723,
        "dvar2": 12.4466743469,
        "max": 27.7707443237,
        "mean": 8.56801223755,
        "median": 7.66646671295,
        "min": 2.54793667793,
        "var": 13.8518314362
    },
    "erbbands_flatness_db": {
        "dmean": 0.0147895338014,
        "dmean2": 0.0212402269244,
        "dvar": 0.000180553965038,
        "dvar2": 0.000335431279382,
        "max": 0.327357172966,
        "mean": 0.147542521358,
        "median": 0.146529123187,
        "min": 0.0531799308956,
        "var": 0.000960349629167
    },
    "erbbands_kurtosis": {
        "dmean": 0.809334039688,
        "dmean2": 1.27963590622,
        "dvar": 0.76577091217,
        "dvar2": 1.85443651676,
        "max": 18.87458992,
        "mean": 0.866884768009,
        "median": 0.578551411629,
        "min": -1.62609493732,
        "var": 2.19899201393
    },
    "erbbands_skewness": {
        "dmean": 0.288113385439,
        "dmean2": 0.445568531752,
        "dvar": 0.0664964094758,
        "dvar2": 0.156952872872,
        "max": 3.60144710541,
        "mean": -0.396370142698,
        "median": -0.466629445553,
        "min": -3.14859843254,
        "var": 0.359068959951
    },
    "erbbands_spread": {
        "dmean": 5.83034276962,
        "dmean2": 8.93752002716,
        "dvar": 36.8910179138,
        "dvar2": 80.8065261841,
        "max": 133.971939087,
        "mean": 29.7713661194,
        "median": 27.2420730591,
        "min": 4.16242074966,
        "var": 157.797683716
    },
    "hfc": {
        "dmean": 5.54394674301,
        "dmean2": 8.15782928467,
        "dvar": 55.9966583252,
        "dvar2": 119.100311279,
        "max": 128.080154419,
        "mean": 26.2713356018,
        "median": 23.9578304291,
        "min": 1.14692562397e-16,
        "var": 386.256286621
    },
    "melbands_crest": {
        "dmean": 3.21466302872,
        "dmean2": 5.33501815796,
        "dvar": 9.3367061615,
        "dvar2": 26.5071296692,
        "max": 33.7686653137,
        "mean": 14.7430553436,
        "median": 14.1944913864,
        "min": 2.07496714592,
        "var": 30.7035312653
    },
    "melbands_flatness_db": {
        "dmean": 0.0219914354384,
        "dmean2": 0.0345208756626,
        "dvar": 0.000480866001453,
        "dvar2": 0.0012151330011,
        "max": 0.453801184893,
        "mean": 0.165663838387,
        "median": 0.150812119246,
        "min": 0.0055946460925,
        "var": 0.0039383280091
    },
    "melbands_kurtosis": {
        "dmean": 4.35615205765,
        "dmean2": 6.97939586639,
        "dvar": 87.3218078613,
        "dvar2": 216.256240845,
        "max": 265.483184814,
        "mean": 7.72141933441,
        "median": 2.25822949409,
        "min": -1.79279923439,
        "var": 266.775665283
    },
    "melbands_skewness": {
        "dmean": 0.620311141014,
        "dmean2": 0.975411593914,
        "dvar": 0.473241597414,
        "dvar2": 1.18405890465,
        "max": 13.4322538376,
        "mean": 2.12526154518,
        "median": 1.70087754726,
        "min": -1.09743130207,
        "var": 2.56290102005
    },
    "melbands_spread": {
        "dmean": 8.50776481628,
        "dmean2": 13.6179075241,
        "dvar": 73.3390579224,
        "dvar2": 189.946746826,
        "max": 195.190917969,
        "mean": 39.0233421326,
        "median": 39.615322113,
        "min": 0.897757947445,
        "var": 378.96383667
    },
    "pitch_salience": {
        "dmean": 0.0639577358961,
        "dmean2": 0.105671077967,
        "dvar": 0.00370471994393,
        "dvar2": 0.0107016982511,
        "max": 0.824607014656,
        "mean": 0.514331221581,
        "median": 0.521136760712,
        "min": 0.124681189656,
        "var": 0.011266535148
    },
    "silence_rate_20dB": {
        "dmean": 0,
        "dmean2": 0,
        "dvar": 0,
        "dvar2": 0,
        "max": 1,
        "mean": 1,
        "median": 1,
        "min": 1,
        "var": 0
    },
    "silence_rate_30dB": {
        "dmean": 0.00069294066634,
        "dmean2": 0.00138600135688,
        "dvar": 0.000692457775585,
        "dvar2": 0.00207707029767,
        "max": 1,
        "mean": 0.999566972256,
        "median": 1,
        "min": 0,
        "var": 0.000432864064351
    },
    "silence_rate_60dB": {
        "dmean": 0.00363793852739,
        "dmean2": 0.0072765070945,
        "dvar": 0.00362468976527,
        "dvar2": 0.00843666587025,
        "max": 1,
        "mean": 0.0691148415208,
        "median": 0,
        "min": 0,
        "var": 0.064337849617
    },
    "spectral_centroid": {
        "dmean": 201.147598267,
        "dmean2": 315.281524658,
        "dvar": 47751.515625,
        "dvar2": 100819.257812,
        "max": 11004.8857422,
        "mean": 1964.01477051,
        "median": 2057.76806641,
        "min": 258.868041992,
        "var": 283038.75
    },
    "spectral_complexity": {
        "dmean": 3.32039833069,
        "dmean2": 5.25138616562,
        "dvar": 11.2954978943,
        "dvar2": 24.8732376099,
        "max": 60,
        "mean": 26.3178596497,
        "median": 29,
        "min": 0,
        "var": 162.251556396
    },
    "spectral_decrease": {
        "dmean": 1.79718884219e-09,
        "dmean2": 2.93499868853e-09,
        "dvar": 7.34790659267e-18,
        "dvar2": 2.01736943692e-17,
        "max": 2.01154070874e-18,
        "mean": -6.42359498926e-09,
        "median": -5.73592462416e-09,
        "min": -4.77004462596e-08,
        "var": 1.74769151731e-17
    },
    "spectral_energy": {
        "dmean": 0.00709458999336,
        "dmean2": 0.011528654024,
        "dvar": 0.000109934204374,
        "dvar2": 0.000298109691357,
        "max": 0.183890208602,
        "mean": 0.0266270767897,
        "median": 0.0240117460489,
        "min": 1.06025490601e-20,
        "var": 0.000290530559141
    },
    "spectral_energyband_high": {
        "dmean": 0.000328565220116,
        "dmean2": 0.000472016778076,
        "dvar": 3.77695471343e-07,
        "dvar2": 7.50443803099e-07,
        "max": 0.0137563701719,
        "mean": 0.000922499864828,
        "median": 0.000672825612128,
        "min": 7.34404471258e-21,
        "var": 1.06294362467e-06
    },
    "spectral_energyband_low": {
        "dmean": 0.00532475020736,
        "dmean2": 0.00893561542034,
        "dvar": 9.1794259788e-05,
        "dvar2": 0.000262850051513,
        "max": 0.162921339273,
        "mean": 0.0114466743544,
        "median": 0.00895906798542,
        "min": 3.64672505118e-23,
        "var": 0.000127658771817
    },
    "spectral_energyband_middle_high": {
        "dmean": 0.00223687896505,
        "dmean2": 0.00340737798251,
        "dvar": 9.47413718677e-06,
        "dvar2": 2.25294352276e-05,
        "max": 0.0620504505932,
        "mean": 0.00884168874472,
        "median": 0.00748249515891,
        "min": 1.59848917331e-21,
        "var": 5.53966565349e-05
    },
    "spectral_energyband_middle_low": {
        "dmean": 0.00237048487179,
        "dmean2": 0.00378314801492,
        "dvar": 1.79920989467e-05,
        "dvar2": 4.4545653509e-05,
        "max": 0.0776904970407,
        "mean": 0.00603437656537,
        "median": 0.00427743513137,
        "min": 2.92316712455e-22,
        "var": 4.08162559324e-05
    },
    "spectral_entropy": {
        "dmean": 0.105111420155,
        "dmean2": 0.148799970746,
        "dvar": 0.011924139224,
        "dvar2": 0.0216971132904,
        "max": 9.82396030426,
        "mean": 7.79864168167,
        "median": 7.82638263702,
        "min": 6.28486156464,
        "var": 0.0782244056463
    },
    "spectral_flux": {
        "dmean": 0.0175409112126,
        "dmean2": 0.0276578180492,
        "dvar": 0.00043699084199,
        "dvar2": 0.000973872141913,
        "max": 0.333190351725,
        "mean": 0.0803625658154,
        "median": 0.0775467380881,
        "min": 1.04411347623e-10,
        "var": 0.0018471761141
    },
    "spectral_kurtosis": {
        "dmean": 1.20959460735,
        "dmean2": 1.99759316444,
        "dvar": 1.64936828613,
        "dvar2": 4.51480484009,
        "max": 24.784072876,
        "mean": 4.60275125504,
        "median": 4.2397069931,
        "min": -1.23916292191,
        "var": 4.35397529602
    },
    "spectral_rms": {
        "dmean": 0.000610375136603,
        "dmean2": 0.000974090478849,
        "dvar": 5.51610924049e-07,
        "dvar2": 1.42402188885e-06,
        "max": 0.0133942179382,
        "mean": 0.00477796699852,
        "median": 0.00484005082399,
        "min": 3.21620117691e-12,
        "var": 3.14854469252e-06
    },
    "spectral_rolloff": {
        "dmean": 417.542388916,
        "dmean2": 698.616882324,
        "dvar": 363211.53125,
        "dvar2": 838959,
        "max": 19186.0839844,
        "mean": 2103.3137207,
        "median": 2174.85351562,
        "min": 64.599609375,
        "var": 3356629
    },
    "spectral_skewness": {
        "dmean": 0.161894544959,
        "dmean2": 0.263058573008,
        "dvar": 0.0230341237038,
        "dvar2": 0.0574597083032,
        "max": 3.54591274261,
        "mean": 1.47351372242,
        "median": 1.44039416313,
        "min": -0.00857636798173,
        "var": 0.0946346521378
    },
    "spectral_spread": {
        "dmean": 428020.8125,
        "dmean2": 599022.8125,
        "dvar": 445006643200,
        "dvar2": 601884721152,
        "max": 46248840,
        "mean": 4099282.25,
        "median": 3882335.75,
        "min": 1506746.5,
        "var": 1.68739432038e+12
    },
    "spectral_strongpeak": {
        "dmean": 0.576819598675,
        "dmean2": 1.00800335407,
        "dvar": 1.34613263607,
        "dvar2": 3.51279306412,
        "max": 11.6182699203,
        "mean": 0.826417148113,
        "median": 0.23220333457,
        "min": 0,
        "var": 2.00880622864
    },
    "zerocrossingrate": {
        "dmean": 0.00855568516999,
        "dmean2": 0.0104282135144,
        "dvar": 8.60096333781e-05,
        "dvar2": 0.00011044144776,
        "max": 0.51611328125,
        "mean": 0.0744870826602,
        "median": 0.07177734375,
        "min": 0.00244140625,
        "var": 0.00231036567129
    },
    "barkbands": {
        "dmean": [0.000381788180675, 0.00408443901688, 0.00164395244792, 0.000644955667667, 0.000648101558909, 0.000383856211556, 0.000382589641958, 0.000485840020701, 0.000895115721505, 0.000580110296141, 0.000359072641004, 0.000354732183041, 0.000564316927921, 0.000675952644087, 0.000575316895265, 0.000564360234421, 0.000529339362402, 0.000290665979264, 0.000243469170528, 0.000148969716975, 0.000120589567814, 8.16824904177e-05, 5.85139496252e-05, 4.35728288721e-05, 3.79180055461e-05, 2.61849199887e-05, 7.98318808393e-07],
        "dmean2": [0.000679775432218, 0.00686410488561, 0.00279807625338, 0.00110408198088, 0.00110332027543, 0.00062550813891, 0.000601422856562, 0.000730297644623, 0.00137552304659, 0.000883727043401, 0.000581596337724, 0.000569427560549, 0.000918174744584, 0.00109148479532, 0.000943963648751, 0.000902858853806, 0.000863951514475, 0.000466113619041, 0.000398189440602, 0.000244458031375, 0.000187798883417, 0.000126005223137, 8.93462711247e-05, 6.5601496317e-05, 5.53607205802e-05, 3.72993417841e-05, 1.35682489599e-06],
        "dvar": [1.15470868423e-06, 5.98649894528e-05, 1.11220460894e-05, 1.72453303549e-06, 2.65759445028e-06, 3.86481048054e-07, 8.18567627903e-07, 2.74567150882e-06, 6.84401038598e-06, 3.66487347492e-06, 5.72402825583e-07, 7.1228868137e-07, 2.02386331694e-06, 1.16051626264e-06, 1.67001519458e-06, 6.90462798048e-07, 5.89109788507e-07, 2.18954582465e-07, 1.54623293724e-07, 5.60581732145e-08, 4.43803038763e-08, 2.61280597158e-08, 1.31417481342e-08, 9.81698811131e-09, 7.42036299073e-09, 3.30522076375e-09, 4.52076050206e-12],
        "dvar2": [3.62425703315e-06, 0.000173575535882, 3.12550582748e-05, 4.78019683214e-06, 7.53787662688e-06, 9.88420424619e-07, 2.0290710836e-06, 4.98045255881e-06, 1.60226536536e-05, 8.64679623191e-06, 1.47520381688e-06, 1.73726130015e-06, 5.09112487634e-06, 2.85946566692e-06, 4.06440358347e-06, 1.72404395471e-06, 1.53511678036e-06, 5.18350816492e-07, 3.98579288685e-07, 1.44468316421e-07, 1.02217249776e-07, 5.88164503768e-08, 2.96120070686e-08, 2.14099848961e-08, 1.54113362072e-08, 6.4822831547e-09, 1.19259879749e-11],
        "max": [0.0237945280969, 0.136519908905, 0.058775510639, 0.0224139094353, 0.0340369679034, 0.0174068473279, 0.0242931246758, 0.0726018846035, 0.0575787648559, 0.0586091279984, 0.0145759368315, 0.0210137311369, 0.0397573187947, 0.0187882315367, 0.0534232445061, 0.0187388751656, 0.0129344668239, 0.00994243659079, 0.0127973500639, 0.00678936578333, 0.00310913450085, 0.00606221240014, 0.00229910155758, 0.00164926855359, 0.0028402027674, 0.00123644538689, 3.4617678466e-05],
        "mean": [0.000511897203978, 0.0077807479538, 0.00268971035257, 0.000924670777749, 0.00111442059278, 0.000687359890435, 0.000654350966215, 0.000714454858098, 0.00161168747582, 0.000986602157354, 0.000554736703634, 0.000621083599981, 0.000956210249569, 0.0011391043663, 0.0010080600623, 0.00119014573283, 0.00115205557086, 0.000637590070255, 0.000572554767132, 0.000355023395969, 0.000254240585491, 0.000178261499968, 0.000118563548313, 8.56300684973e-05, 7.5698546425e-05, 5.14428393217e-05, 7.23092625776e-07],
        "median": [0.000200771261007, 0.00574086699635, 0.00171748595312, 0.000516173196957, 0.000731520587578, 0.000441547599621, 0.000339581049047, 0.00019028436509, 0.000344818428857, 0.000233767335885, 0.000243779737502, 0.000303168722894, 0.000466468714876, 0.00068279315019, 0.000598263810389, 0.000759881804697, 0.000752897001803, 0.000384421728086, 0.00044313602848, 0.000261717766989, 0.000172642583493, 0.000109762062493, 7.03309633536e-05, 4.14865062339e-05, 3.5207165638e-05, 1.93794621737e-05, 2.26446168483e-08],
        "min": [1.2031159057e-23, 1.29434230513e-23, 7.35104925468e-24, 3.52249862793e-24, 3.90355954481e-23, 6.98530714884e-23, 5.23006481345e-23, 1.82950238779e-23, 5.93160607398e-23, 3.54112655269e-23, 7.40137700271e-23, 7.78984682232e-23, 8.97290404623e-23, 1.08254372282e-22, 1.47373530188e-22, 1.24322131013e-22, 1.64061674378e-22, 2.38319801959e-22, 3.06673804225e-22, 2.68397692502e-22, 3.17326102262e-22, 4.40510127869e-22, 4.56813724457e-22, 7.71184160544e-22, 1.2211801073e-21, 1.48796584773e-21, 2.3201359992e-21],
        "var": [1.42642454648e-06, 7.5567571912e-05, 1.21412213048e-05, 1.88791591427e-06, 2.48299079431e-06, 6.63359458031e-07, 1.22035794448e-06, 5.71062992094e-06, 1.80484057637e-05, 7.4366107583e-06, 9.50438220571e-07, 1.80356607871e-06, 3.91115054299e-06, 2.14791407416e-06, 2.8467611628e-06, 2.04743651011e-06, 1.70042801528e-06, 6.90859280894e-07, 3.73752442329e-07, 1.4365775769e-07, 9.17850329074e-08, 5.63269217935e-08, 2.54966145974e-08, 1.91602183008e-08, 1.66319882311e-08, 7.88824205955e-09, 4.14547909888e-12]
    },
    "erbbands": {
        "dmean": [0.145232513547, 0.883856892586, 1.94734025002, 1.88118827343, 2.19525241852, 2.235060215, 2.4646396637, 3.38680052757, 4.56386137009, 7.50151729584, 12.0798578262, 19.1103858948, 18.8629837036, 16.2297554016, 12.4659996033, 15.0401268005, 23.1536045074, 36.8165588379, 25.1752681732, 29.9388370514, 33.1127433777, 24.3840999603, 14.7535734177, 13.1346254349, 10.8637180328, 6.91072702408, 5.38789129257, 4.01158046722, 3.06712412834, 2.44467139244, 1.44342887402, 1.02957081795, 0.710768759251, 0.425072282553, 0.288321822882, 0.151578202844, 0.0425873138011, 0.00416682474315, 8.8630389655e-05, 1.03146458059e-05],
        "dmean2": [0.245766162872, 1.49516320229, 3.31871509552, 3.20303845406, 3.79934763908, 3.77137947083, 4.09856462479, 5.48062181473, 7.3369269371, 11.5234184265, 17.9100914001, 28.9540634155, 29.1509380341, 24.8106746674, 20.1772975922, 24.0818939209, 36.9958229065, 59.2031288147, 41.0937767029, 49.3107032776, 52.6579437256, 39.7551269531, 23.586479187, 21.5983409882, 17.8148097992, 11.3794870377, 8.63748645782, 6.16337776184, 4.75084352493, 3.74736785889, 2.23140120506, 1.5908908844, 1.06528699398, 0.637221455574, 0.42574262619, 0.219955071807, 0.0608536489308, 0.00632081320509, 0.000132651985041, 1.58845305123e-05],
        "dvar": [0.0946809798479, 2.85003733635, 15.8749246597, 14.2972011566, 36.247253418, 22.4360618591, 17.2020969391, 38.6833953857, 103.975639343, 387.023742676, 1800.42871094, 4121.90966797, 4255.015625, 2000.12475586, 560.682250977, 1538.88269043, 3452.39599609, 3492.80932617, 3702.23266602, 2872.08862305, 2420.32666016, 1309.56652832, 560.779052734, 414.675628662, 317.791870117, 114.463676453, 83.9904022217, 53.5393638611, 35.1962432861, 23.9084320068, 8.65409564972, 5.41889572144, 2.71089363098, 0.84834253788, 0.501694440842, 0.103205323219, 0.0112392921001, 8.3367289335e-05, 3.84911267304e-08, 2.29381180716e-10],
        "dvar2": [0.283638954163, 8.35805892944, 44.7982673645, 40.317024231, 102.34223175, 63.1213188171, 45.9834823608, 97.3875961304, 273.89831543, 882.047973633, 3249.7734375, 9334.21386719, 10408.9707031, 4841.91259766, 1411.71459961, 3802.1940918, 8505.03125, 8789.29492188, 9069.09277344, 7390.22021484, 5880.40771484, 3484.61669922, 1318.14782715, 1071.09802246, 808.858276367, 299.145996094, 205.513290405, 118.65599823, 77.7868881226, 53.3916053772, 20.4965686798, 12.2436656952, 5.89117431641, 1.82586348057, 1.05626702309, 0.214685901999, 0.0210165679455, 0.00018805131549, 8.59252153873e-08, 5.30651189656e-10],
        "max": [7.11661195755, 26.3577480316, 68.4255523682, 65.1006240845, 151.994827271, 102.965164185, 93.7821578979, 201.311782837, 317.791381836, 557.608398438, 1977.31030273, 1590.34570312, 2214.20068359, 1109.88000488, 571.572387695, 1092.02856445, 1348.1072998, 1170.11425781, 2552.91748047, 1077.76501465, 1163.01245117, 841.063049316, 454.902252197, 565.589355469, 391.723358154, 189.718032837, 135.145736694, 158.175201416, 168.167831421, 109.836746216, 71.2411727905, 49.6168479919, 40.7658157349, 25.6672649384, 27.5699443817, 9.08677196503, 2.53667449951, 0.173830911517, 0.00346233230084, 0.000220600952161],
        "mean": [0.276231974363, 1.53951704502, 3.30578303337, 3.00804042816, 3.41401958466, 3.73641371727, 4.28334569931, 5.91081857681, 7.78333520889, 12.4710626602, 18.7498531342, 33.1596984863, 37.710105896, 29.2894210815, 22.0139923096, 28.2174377441, 43.0107421875, 65.6079940796, 46.8943939209, 58.4173316956, 73.908493042, 58.0899047852, 36.400188446, 32.6991043091, 25.5982475281, 16.738576889, 12.1480751038, 8.50224685669, 6.6107749939, 5.01306676865, 2.96530795097, 2.09067845345, 1.29783797264, 0.83484005928, 0.539927482605, 0.297151356936, 0.0816751495004, 0.00654929783195, 0.000159739531227, 4.00326753152e-05],
        "median": [0.186704814434, 1.11281704903, 2.11644530296, 1.98876702785, 2.11768007278, 2.28008031845, 2.67288041115, 3.51428174973, 4.27590227127, 5.34188556671, 5.11201953888, 7.11040592194, 9.50503253937, 10.7964420319, 11.4893093109, 15.0198879242, 23.7037811279, 39.4508895874, 28.3588867188, 36.4703063965, 49.7197189331, 40.7151184082, 22.9481868744, 25.5241279602, 18.9729652405, 12.1847476959, 8.98894119263, 5.5866112709, 4.14590072632, 2.9290060997, 1.78537869453, 1.1179599762, 0.586164712906, 0.397816300392, 0.230082884431, 0.123880207539, 0.0258688367903, 0.00194197881501, 6.1773127527e-05, 3.46092419932e-05],
        "min": [7.44147713755e-22, 1.48155701552e-21, 7.68161598965e-21, 1.01326103058e-20, 3.81904862107e-20, 1.69964613247e-19, 2.36720092008e-19, 6.25025839254e-19, 8.90943209686e-19, 7.60074344589e-19, 5.43095926026e-19, 1.19042260629e-18, 1.24110406582e-18, 1.48889977019e-18, 4.28151828344e-18, 3.31660982415e-18, 4.40482609735e-18, 5.11164531333e-18, 5.77506153539e-18, 9.88577943005e-18, 6.02214658822e-18, 9.84715671289e-18, 1.22164650307e-17, 1.7432742074e-17, 1.25417107932e-17, 1.18635922629e-17, 1.19357538452e-17, 1.34742444373e-17, 1.6353446737e-17, 1.64534214402e-17, 1.32355713977e-17, 1.94517162414e-17, 1.4857004217e-17, 1.15986214973e-17, 7.86432951116e-18, 4.72670812988e-18, 3.05869511595e-18, 1.15714864577e-18, 3.1356664433e-19, 3.64156991206e-20],
        "var": [0.122853800654, 3.1440653801, 17.6508350372, 14.5756483078, 32.3799247742, 25.5008411407, 27.0064659119, 61.3855781555, 136.052078247, 684.885437012, 3980.45654297, 9389.97167969, 10328.7158203, 4764.30078125, 1126.13537598, 3798.21899414, 6550.16894531, 7086.38134766, 6353.51806641, 6124.16210938, 7249.50146484, 4105.78710938, 2130.83349609, 1162.93249512, 794.887756348, 314.063262939, 183.016738892, 111.374038696, 76.683380127, 48.0896949768, 15.7430553436, 10.3148241043, 5.0441865921, 1.81269526482, 1.04750299454, 0.236500352621, 0.0264459047467, 0.000144801102579, 6.99139874882e-08, 7.87909293365e-10]
    },
    "gfcc": {
        "mean": [6.01683235168, 80.804397583, -130.059158325, 44.5146980286, -37.1449356079, 25.6703395844, -34.3521766663, 17.7376480103, -20.0702877045, 11.1551818848, -17.4420070648, 4.35116529465, -11.5241737366],
        "cov": [[17157.9648438, 519.80682373, -611.275024414, 245.985778809, -335.344451904, 123.181976318, -398.37310791, 310.561035156, -285.658416748, 75.0371856689, -375.617797852, 63.8128318787, -253.163925171], [519.80682373, 1021.06256104, -113.650810242, 58.9341812134, 148.288269043, -75.1480026245, 67.3896560669, -116.841323853, 77.0816726685, -63.0083007812, 99.2132415771, -63.3091278076, 72.5839233398], [-611.275024414, -113.650810242, 421.400299072, 38.0147132874, -3.82241439819, 60.5903167725, -11.4908847809, -17.670129776, -9.91097164154, 30.3968582153, 10.9265794754, 4.47940587997, -1.0508493185], [245.985778809, 58.9341812134, 38.0147132874, 224.015182495, 23.4428730011, 15.2914495468, -15.4339828491, -48.3419342041, 12.2468643188, 19.7933540344, 28.3188591003, -6.89281702042, 33.6467590332], [-335.344451904, 148.288269043, -3.82241439819, 23.4428730011, 167.486114502, 6.84654140472, 17.9775257111, -28.0719013214, 27.0156669617, -15.3621768951, 26.3090648651, 3.43874168396, 20.8412017822], [123.181976318, -75.1480026245, 60.5903167725, 15.2914495468, 6.84654140472, 104.732055664, 18.5456981659, 8.98126792908, -19.7731628418, 2.98655128479, -3.85111784935, 5.60352230072, 1.51208209991], [-398.37310791, 67.3896560669, -11.4908847809, -15.4339828491, 17.9775257111, 18.5456981659, 136.685195923, 5.24808645248, 13.9345331192, -19.2375392914, 14.3850622177, -10.6440153122, 13.7296504974], [310.561035156, -116.841323853, -17.670129776, -48.3419342041, -28.0719013214, 8.98126792908, 5.24808645248, 108.534156799, 9.09060573578, 9.224858284, -31.5368289948, 2.46645998955, -25.1497459412], [-285.658416748, 77.0816726685, -9.91097164154, 12.2468643188, 27.0156669617, -19.7731628418, 13.9345331192, 9.09060573578, 97.0175170898, 18.7631130219, 15.555431366, -13.948600769, 10.9557580948], [75.0371856689, -63.0083007812, 30.3968582153, 19.7933540344, -15.3621768951, 2.98655128479, -19.2375392914, 9.224858284, 18.7631130219, 73.1427154541, 20.9696941376, 2.59797739983, -8.42898750305], [-375.617797852, 99.2132415771, 10.9265794754, 28.3188591003, 26.3090648651, -3.85111784935, 14.3850622177, -31.5368289948, 15.555431366, 20.9696941376, 88.5393218994, 11.7871227264, 21.3733577728], [63.8128318787, -63.3091278076, 4.47940587997, -6.89281702042, 3.43874168396, 5.60352230072, -10.6440153122, 2.46645998955, -13.948600769, 2.59797739983, 11.7871227264, 63.3717193604, 10.6631298065], [-253.163925171, 72.5839233398, -1.0508493185, 33.6467590332, 20.8412017822, 1.51208209991, 13.7296504974, -25.1497459412, 10.9557580948, -8.42898750305, 21.3733577728, 10.6631298065, 78.9476394653]],
        "icov": [[0.000147707760334, -0.000409131753258, 0.000223076465772, -0.000352974398993, 0.000299243663903, -0.000411512504797, 0.000337237725034, -0.000522682385053, 0.000497754372191, -0.000565943948459, 0.000846689799801, -0.000611707102507, 0.000430844869697], [-0.000409131753258, 0.00293489522301, -0.000328477704898, 0.000942979706451, -0.00168884475715, 0.00194031849969, -0.00114027084783, 0.00237756944261, -0.00212599523365, 0.00317994668148, -0.00408921437338, 0.00356970448047, -0.00179271923844], [0.000223076465772, -0.000328477704898, 0.00311304675415, -0.000682040874381, 0.000435831287177, -0.00212711910717, 0.000707247410901, 2.15275922528e-05, 0.000635905365925, -0.00160340790171, 0.00100251904223, -0.000666227424517, 0.000718148774467], [-0.000352974398993, 0.000942979706451, -0.000682040874381, 0.00648583564907, -0.00098426931072, -0.000178800721187, 0.000101773315691, 0.00326117756777, -0.00161942944396, -0.000212921979255, -0.00240648142062, 0.00261303642765, -0.00298712705262], [0.000299243663903, -0.00168884475715, 0.000435831287177, -0.00098426931072, 0.00827487651259, -0.00241097086109, 0.000666984880809, -0.000103739046608, -0.00129716983065, 0.000638560042717, 0.00092629971914, -0.00290512689389, 0.00104006135371], [-0.000411512504797, 0.00194031849969, -0.00212711910717, -0.000178800721187, -0.00241097086109, 0.0135601777583, -0.00334267271683, -5.14560924785e-05, 0.00159977516159, 0.000988003564999, -0.00206986465491, 0.00187631510198, -0.00192353490274], [0.000337237725034, -0.00114027084783, 0.000707247410901, 0.000101773315691, 0.000666984880809, -0.00334267271683, 0.00976774841547, -0.00239981128834, -0.000228811375564, 0.00168508652132, -0.000578459643293, 0.000493805506267, -0.000177835274371], [-0.000522682385053, 0.00237756944261, 2.15275922528e-05, 0.00326117756777, -0.000103739046608, -5.14560924785e-05, -0.00239981128834, 0.0154897980392, -0.00498953135684, 0.000237440151977, 0.000565940863453, 0.000950712827034, 0.000564699526876], [0.000497754372191, -0.00212599523365, 0.000635905365925, -0.00161942944396, -0.00129716983065, 0.00159977516159, -0.000228811375564, -0.00498953135684, 0.0160255450755, -0.00688731484115, 0.00254789274186, 0.000697391922586, -0.000731669075321], [-0.000565943948459, 0.00317994668148, -0.00160340790171, -0.000212921979255, 0.000638560042717, 0.000988003564999, 0.00168508652132, 0.000237440151977, -0.00688731484115, 0.0231083575636, -0.0109586520121, 0.00341996829957, 0.00085391610628], [0.000846689799801, -0.00408921437338, 0.00100251904223, -0.00240648142062, 0.00092629971914, -0.00206986465491, -0.000578459643293, 0.000565940863453, 0.00254789274186, -0.0109586520121, 0.023114701733, -0.00871178135276, 0.000984929851256], [-0.000611707102507, 0.00356970448047, -0.000666227424517, 0.00261303642765, -0.00290512689389, 0.00187631510198, 0.000493805506267, 0.000950712827034, 0.000697391922586, 0.00341996829957, -0.00871178135276, 0.0229560881853, -0.00589179573581], [0.000430844869697, -0.00179271923844, 0.000718148774467, -0.00298712705262, 0.00104006135371, -0.00192353490274, -0.000177835274371, 0.000564699526876, -0.000731669075321, 0.00085391610628, 0.000984929851256, -0.00589179573581, 0.0176740214229]]
    },
    "melbands": {
        "dmean": [0.00117165467236, 0.00101432600059, 0.000320199702401, 0.000157020345796, 8.38053456391e-05, 7.50256222091e-05, 7.08826773916e-05, 8.42439985718e-05, 0.000104180915514, 0.000127009916469, 9.57139927777e-05, 6.880518049e-05, 5.10700956511e-05, 3.37692363246e-05, 5.08394950884e-05, 6.63486353005e-05, 6.70160297886e-05, 4.1683048039e-05, 4.02726145694e-05, 3.67874417861e-05, 4.59526163468e-05, 3.1030493119e-05, 1.9395374693e-05, 1.58507900778e-05, 1.16571418403e-05, 1.00979323179e-05, 6.63474884277e-06, 4.62253819933e-06, 3.75288914256e-06, 3.42400971931e-06, 2.29315764955e-06, 1.85781254913e-06, 1.75212619524e-06, 1.42424789829e-06, 9.29666612137e-07, 7.33547096843e-07, 6.79817958371e-07, 5.39400105026e-07, 4.14054454723e-07, 3.76598279672e-07],
        "dmean2": [0.00197669141926, 0.00172917393502, 0.000542562804185, 0.000270055228611, 0.000138685587444, 0.000121484088595, 0.000113655165478, 0.000129441759782, 0.000156419700943, 0.00019349156355, 0.000147933475091, 0.000105308055936, 8.26697505545e-05, 5.4503136198e-05, 8.15336388769e-05, 0.000106479972601, 0.000107890395157, 6.85088016326e-05, 6.62768579787e-05, 5.98604674451e-05, 7.33258057153e-05, 5.11066864419e-05, 3.15201577905e-05, 2.55779286817e-05, 1.93461837625e-05, 1.66569934663e-05, 1.08841149995e-05, 7.71455688664e-06, 6.17907744527e-06, 5.51394077775e-06, 3.56619102604e-06, 2.93606353807e-06, 2.78158336187e-06, 2.21424420488e-06, 1.47444404774e-06, 1.13925455025e-06, 1.07619950995e-06, 8.25332676868e-07, 6.29105727512e-07, 5.72802605348e-07],
        "dvar": [5.3656167438e-06, 3.96431778427e-06, 4.24259752663e-07, 1.7343468528e-07, 1.83098229911e-08, 1.74577063916e-08, 2.49899958504e-08, 5.02537957914e-08, 1.25181571775e-07, 1.62729364206e-07, 1.08577964397e-07, 3.82883733607e-08, 1.04858930428e-08, 7.15148029684e-09, 1.70381788678e-08, 2.1156512986e-08, 1.18840759455e-08, 8.94761242876e-09, 9.03452868073e-09, 3.37736372202e-09, 4.58691573613e-09, 2.14613549154e-09, 1.41993050651e-09, 6.975298672e-10, 3.47263384715e-10, 2.86575124742e-10, 1.22909571409e-10, 5.10374763285e-11, 3.63883471965e-11, 3.72367379986e-11, 1.82060876791e-11, 1.29010664998e-11, 1.16320555618e-11, 8.20085752778e-12, 4.15169331205e-12, 1.82622601937e-12, 3.03008681514e-12, 1.55810694208e-12, 9.11237665185e-13, 6.18391460001e-13],
        "dvar2": [1.56788082677e-05, 1.13256419354e-05, 1.17693070933e-06, 4.95158303693e-07, 4.92240559424e-08, 4.41998757594e-08, 6.47729265779e-08, 1.07813747263e-07, 2.35370706037e-07, 3.78043836236e-07, 2.65284654688e-07, 9.12240523121e-08, 2.69010893561e-08, 1.74740346637e-08, 4.04210922511e-08, 5.3584827242e-08, 2.93950748187e-08, 2.21491696095e-08, 2.21244853549e-08, 8.65159321961e-09, 1.10872733217e-08, 5.77458036943e-09, 3.5690181921e-09, 1.63246882678e-09, 9.08377595366e-10, 7.39602545874e-10, 3.12257081303e-10, 1.36734512601e-10, 9.27650248284e-11, 9.14531853025e-11, 4.12865124033e-11, 2.90654601082e-11, 2.78185599556e-11, 1.87339085217e-11, 1.04477034663e-11, 3.9662327242e-12, 7.29260055121e-12, 3.50832730922e-12, 2.00306286315e-12, 1.3720455978e-12],
        "max": [0.0495001338422, 0.0315733328462, 0.010796027258, 0.00874890014529, 0.00274853082374, 0.0040970724076, 0.00451194914058, 0.00553785869852, 0.0144842965528, 0.00935502815992, 0.0111515559256, 0.00521939713508, 0.00229501118883, 0.00228853942826, 0.00525750685483, 0.00446346495301, 0.00193053926341, 0.0032801986672, 0.00345737696625, 0.00129371322691, 0.00165240338538, 0.001152691897, 0.000718574097846, 0.000722796656191, 0.00052738195518, 0.000455045170384, 0.000396159739466, 0.000120591845189, 0.000104929749796, 7.91471175035e-05, 0.000114393609692, 0.000104291313619, 9.5323761343e-05, 4.42933487648e-05, 5.09386663907e-05, 3.22331034113e-05, 3.37766869052e-05, 3.38932186423e-05, 2.61224613496e-05, 1.96984565264e-05],
        "mean": [0.00227190880105, 0.00184764084406, 0.000552633719053, 0.000258719141129, 0.000152933309437, 0.00013306135952, 0.000123173027532, 0.000137416544021, 0.000159193077707, 0.000224720948609, 0.000186412667972, 0.0001186232912, 8.15047969809e-05, 5.89509982092e-05, 8.58079656609e-05, 0.000116225739475, 0.000115405950055, 7.00754462741e-05, 7.15370624675e-05, 7.49821556383e-05, 9.30656387936e-05, 6.56153424643e-05, 3.8389393012e-05, 3.20218496199e-05, 2.56047023868e-05, 2.13867151615e-05, 1.41128493851e-05, 1.00986408142e-05, 7.92082209955e-06, 6.26491146249e-06, 4.45071736976e-06, 3.68788050764e-06, 3.44186537404e-06, 2.58670684161e-06, 1.70783232534e-06, 1.48195056227e-06, 1.20684364902e-06, 9.30288877043e-07, 7.2918726346e-07, 7.04268700247e-07],
        "median": [0.00161295477301, 0.00131507054903, 0.000379206816433, 0.000166530429851, 0.000101747631561, 8.25436000014e-05, 6.9005516707e-05, 5.49592587049e-05, 3.73119510186e-05, 4.58846261608e-05, 4.43393764726e-05, 3.79695775337e-05, 3.76320240321e-05, 2.74995400105e-05, 4.46783960797e-05, 6.17602927377e-05, 6.80619996274e-05, 3.86765168514e-05, 4.31709122495e-05, 4.72285719297e-05, 5.84329973208e-05, 4.28748899139e-05, 2.0428075004e-05, 1.80628721864e-05, 1.88109588635e-05, 1.51560889208e-05, 9.31250542635e-06, 7.13265035301e-06, 5.7053148339e-06, 3.93261643694e-06, 2.73368982562e-06, 2.26517386182e-06, 1.95933080249e-06, 1.38279801831e-06, 9.4901565717e-07, 8.90863134373e-07, 5.75914896217e-07, 4.18030168703e-07, 3.16487103191e-07, 3.30202226451e-07],
        "min": [5.27968629431e-24, 3.4441383132e-24, 1.6173176975e-24, 8.14390495152e-24, 7.61129288959e-24, 1.42713457452e-23, 1.19752438071e-23, 7.78213334039e-24, 5.14139503332e-24, 7.98685615593e-24, 5.89440654913e-24, 6.00076077638e-24, 1.28017712429e-23, 9.4073571991e-24, 1.04265228902e-23, 8.01117279333e-24, 9.63128246679e-24, 7.36585380729e-24, 1.12565520794e-23, 1.22779999451e-23, 5.99198745982e-24, 1.11503130259e-23, 8.4572965122e-24, 1.20042336565e-23, 1.46495903498e-23, 1.02995438945e-23, 8.38594562105e-24, 7.39797858993e-24, 7.0461789695e-24, 7.98623768898e-24, 7.3709506376e-24, 7.99743320295e-24, 7.90896718559e-24, 9.85365288965e-24, 7.51710210864e-24, 8.5191021864e-24, 1.0446226269e-23, 9.23928643894e-24, 1.09387957514e-23, 9.5545791544e-24],
        "var": [7.07606523065e-06, 4.42801228928e-06, 4.55029038449e-07, 1.52124357555e-07, 2.9548230529e-08, 2.8275149333e-08, 3.43088579768e-08, 9.18119127391e-08, 2.7729112162e-07, 3.97765091975e-07, 2.62127571204e-07, 9.24767249444e-08, 1.84945836423e-08, 1.84935551317e-08, 2.97497937396e-08, 4.41775007687e-08, 2.30952501568e-08, 1.50525441001e-08, 1.42351410659e-08, 9.01663543829e-09, 1.2515411818e-08, 5.69136027195e-09, 3.45591510964e-09, 1.98815341967e-09, 8.0155793114e-10, 6.20188567169e-10, 2.84812284868e-10, 1.23240043171e-10, 7.88532850127e-11, 6.30218516262e-11, 3.50778815716e-11, 2.60113215689e-11, 2.26220014943e-11, 1.45725688461e-11, 6.06650710569e-12, 4.02406840488e-12, 4.62369639104e-12, 2.75258440173e-12, 1.69115524536e-12, 1.29609604299e-12]
    },
    "mfcc": {
        "mean": [-627.170166016, 107.971122742, -20.9335041046, 28.093788147, 16.539981842, 15.1496162415, 4.32729578018, 8.34554672241, 5.46422243118, 6.7630443573, 4.18067264557, 3.12978935242, 2.21078133583],
        "cov": [[9564.22167969, 96.180480957, -358.747436523, 76.292678833, -39.7359695435, -76.02784729, -47.9545097351, 124.868179321, 75.838218689, 88.2863464355, -10.0621786118, -48.3142700195, -43.843372345], [96.180480957, 905.744934082, -136.688690186, 101.842010498, 59.6066894531, 60.7463417053, 17.7621803284, 27.4886188507, -10.7049922943, 7.66803407669, 15.9949798584, 20.9918766022, 14.4957857132], [-358.747436523, -136.688690186, 381.437469482, 0.928957998753, 18.3262825012, 39.3939971924, 26.716173172, -39.9567222595, -0.0510915629566, -6.57161188126, -1.08961629868, 17.2433700562, -0.00947484653443], [76.292678833, 101.842010498, 0.928957998753, 171.915908813, 37.2633972168, 50.8355979919, -4.33096885681, -19.0212192535, 0.980800867081, -1.49336254597, -8.3554649353, 14.0386695862, 26.7981719971], [-39.7359695435, 59.6066894531, 18.3262825012, 37.2633972168, 150.120803833, 36.7170410156, -12.9750108719, -11.2323074341, -1.77604925632, -8.3353767395, -2.42967271805, 7.72097158432, 15.0321121216], [-76.02784729, 60.7463417053, 39.3939971924, 50.8355979919, 36.7170410156, 122.079063416, 33.4402084351, -6.45646381378, 1.76821267605, -17.2144641876, -3.09158921242, 9.7082233429, 6.30066204071], [-47.9545097351, 17.7621803284, 26.716173172, -4.33096885681, -12.9750108719, 33.4402084351, 104.353996277, 17.5031528473, -0.61911803484, -12.8230981827, -1.18887007236, 5.31850862503, -13.2970304489], [124.868179321, 27.4886188507, -39.9567222595, -19.0212192535, -11.2323074341, -6.45646381378, 17.5031528473, 91.0285644531, 14.8358392715, 3.72217130661, 10.6888742447, -24.5260791779, -6.02915906906], [75.838218689, -10.7049922943, -0.0510915629566, 0.980800867081, -1.77604925632, 1.76821267605, -0.61911803484, 14.8358392715, 79.1059646606, 20.2437286377, -7.31660604477, 0.818305432796, -6.58251810074], [88.2863464355, 7.66803407669, -6.57161188126, -1.49336254597, -8.3353767395, -17.2144641876, -12.8230981827, 3.72217130661, 20.2437286377, 78.2422180176, 24.1507740021, -1.38487923145, -3.29301476479], [-10.0621786118, 15.9949798584, -1.08961629868, -8.3554649353, -2.42967271805, -3.09158921242, -1.18887007236, 10.6888742447, -7.31660604477, 24.1507740021, 75.2701644897, 7.2585682869, -0.865866780281], [-48.3142700195, 20.9918766022, 17.2433700562, 14.0386695862, 7.72097158432, 9.7082233429, 5.31850862503, -24.5260791779, 0.818305432796, -1.38487923145, 7.2585682869, 74.5148010254, 13.3181629181], [-43.843372345, 14.4957857132, -0.00947484653443, 26.7981719971, 15.0321121216, 6.30066204071, -13.2970304489, -6.02915906906, -6.58251810074, -3.29301476479, -0.865866780281, 13.3181629181, 73.2380599976]],
