{
"lowlevel": {
    "average_loudness": 0.836079359055,
    "barkbands_crest": {
        "dmean": 1.97022092342,
        "dmean2": 3.23123860359,
        "dvar": 3.27628588676,
        "dvar2": 8.56740379333,
        "max": 22.5500431061,
        "mean": 8.50747013092,
        "median": 7.87929391861,
        "min": 2.6570494175,
        "var": 11.0660715103
    },
    "barkbands_flatness_db": {
        "dmean": 0.0149573488161,
        "dmean2": 0.02324526757,
        "dvar": 0.000190264821867,
        "dvar2": 0.000440687552327,
        "max": 0.410150825977,
        "mean": 0.126573428512,
        "median": 0.116557434201,
        "min": 0.0381489731371,
        "var": 0.00204238505103
    },
    "barkbands_kurtosis": {
        "dmean": 1.50647115707,
        "dmean2": 2.42330765724,
        "dvar": 8.15905284882,
        "dvar2": 20.9950828552,
        "max": 85.4113540649,
        "mean": 2.55871582031,
        "median": -0.173041820526,
        "min": -1.77412843704,
        "var": 61.5534362793
    },
    "barkbands_skewness": {
        "dmean": 0.397449940443,
        "dmean2": 0.632783949375,
        "dvar": 0.148086100817,
        "dvar2": 0.378395825624,
        "max": 7.37214279175,
        "mean": 1.2068349123,
        "median": 0.963641881943,
        "min": -1.77796661854,
        "var": 1.25779151917
    },
    "barkbands_spread": {
        "dmean": 4.14442634583,
        "dmean2": 6.43531560898,
        "dvar": 17.4936847687,
        "dvar2": 41.6293334961,
        "max": 82.0095977783,
        "mean": 26.5631275177,
        "median": 27.8865623474,
        "min": 1.16379749775,
        "var": 130.111053467
    },
    "dissonance": {
        "dmean": 0.0104193687439,
        "dmean2": 0.0175980180502,
        "dvar": 0.000110056338599,
        "dvar2": 0.000297398306429,
        "max": 0.500000119209,
        "mean": 0.475698262453,
        "median": 0.481249600649,
        "min": 0.298700451851,
        "var": 0.000379839795642
    },
    "dynamic_complexity": 3.49445819855,
    "erbbands_crest": {
        "dmean": 2.1480178833,
        "dmean2": 3.42016601562,
        "dvar": 4.09809160233,
        "dvar2": 10.0016384125,
        "max": 27.8424472809,
        "mean": 8.78441143036,
        "median": 7.88329315186,
        "min": 2.5334777832,
        "var": 13.9121961594
    },
    "erbbands_flatness_db": {
        "dmean": 0.0139595353976,
        "dmean2": 0.0198759995401,
        "dvar": 0.000185354016139,
        "dvar2": 0.000335881108185,
        "max": 0.319745481014,
        "mean": 0.160923734307,
        "median": 0.15924936533,
        "min": 0.0705077275634,
        "var": 0.00106035696808
    },
    "erbbands_kurtosis": {
        "dmean": 0.652867913246,
        "dmean2": 1.02631294727,
        "dvar": 0.577541828156,
        "dvar2": 1.28413152695,
        "max": 20.8344688416,
        "mean": 0.271870553493,
        "median": -0.16065120697,
        "min": -1.71860933304,
        "var": 3.30932116508
    },
    "erbbands_skewness": {
        "dmean": 0.2544875741,
        "dmean2": 0.386880487204,
        "dvar": 0.0540277436376,
        "dvar2": 0.118308663368,
        "max": 3.90644574165,
        "mean": -0.179559975863,
        "median": -0.380050629377,
        "min": -2.74864840508,
        "var": 0.702371537685
    },
    "erbbands_spread": {
        "dmean": 6.83218574524,
        "dmean2": 10.3840103149,
        "dvar": 51.792678833,
        "dvar2": 106.674415588,
        "max": 115.713661194,
        "mean": 38.6394424438,
        "median": 37.0356483459,
        "min": 7.0764374733,
        "var": 200.135253906
    },
    "hfc": {
        "dmean": 4.6070766449,
        "dmean2": 7.04073238373,
        "dvar": 39.0621261597,
        "dvar2": 87.6393203735,
        "max": 111.826316833,
        "mean": 24.1343364716,
        "median": 22.0121994019,
        "min": 1.20575259156e-16,
        "var": 297.19619751
    },
    "melbands_crest": {
        "dmean": 2.91889452934,
        "dmean2": 4.8256278038,
        "dvar": 6.88398265839,
        "dvar2": 18.6464805603,
        "max": 28.7953052521,
        "mean": 12.3221063614,
        "median": 11.7231407166,
        "min": 2.07272672653,
        "var": 17.7718429565
    },
    "melbands_flatness_db": {
        "dmean": 0.0189342740923,
        "dmean2": 0.030208947137,
        "dvar": 0.000340227066772,
        "dvar2": 0.000835110316984,
        "max": 0.531016170979,
        "mean": 0.168902561069,
        "median": 0.158666625619,
        "min": 0.0058818962425,
        "var": 0.00329063390382
    },
    "melbands_kurtosis": {
        "dmean": 4.21107816696,
        "dmean2": 6.88787078857,
        "dvar": 45.1562385559,
        "dvar2": 121.879585266,
        "max": 127.664321899,
        "mean": 9.49479389191,
        "median": 4.50202322006,
        "min": -1.59994697571,
        "var": 195.469100952
    },
    "melbands_skewness": {
        "dmean": 0.564559459686,
        "dmean2": 0.899476885796,
        "dvar": 0.341391324997,
        "dvar2": 0.86361438036,
        "max": 9.26071357727,
        "mean": 2.35875034332,
        "median": 2.14271616936,
        "min": -0.770561099052,
        "var": 1.64410078526
    },
    "melbands_spread": {
        "dmean": 7.02075958252,
        "dmean2": 11.1647281647,
        "dvar": 59.0604057312,
        "dvar2": 142.234008789,
        "max": 149.749664307,
        "mean": 30.8309593201,
        "median": 29.7897624969,
        "min": 1.31486296654,
        "var": 289.330871582
    },
    "pitch_salience": {
        "dmean": 0.0577720887959,
        "dmean2": 0.0952991172671,
        "dvar": 0.00273064081557,
        "dvar2": 0.00752035388723,
        "max": 0.876879632473,
        "mean": 0.589503288269,
        "median": 0.598301172256,
        "min": 0.199433535337,
        "var": 0.00862176623195
    },
    "silence_rate_20dB": {
        "dmean": 0,
        "dmean2": 0,
        "dvar": 0,
        "dvar2": 0,
        "max": 1,
        "mean": 1,
        "median": 1,
        "min": 1,
        "var": 0
    },
    "silence_rate_30dB": {
        "dmean": 0,
        "dmean2": 0,
        "dvar": 0,
        "dvar2": 0,
        "max": 1,
        "mean": 1,
        "median": 1,
        "min": 1,
        "var": 0
    },
    "silence_rate_60dB": {
        "dmean": 0.00177339906804,
        "dmean2": 0.00354714761488,
        "dvar": 0.00177006761078,
        "dvar2": 0.00452049635351,
        "max": 1,
        "mean": 0.0548714399338,
        "median": 0,
        "min": 0,
        "var": 0.0518600158393
    },
    "spectral_centroid": {
        "dmean": 180.909240723,
        "dmean2": 286.459564209,
        "dvar": 41494.7421875,
        "dvar2": 87719.421875,
        "max": 11043.9863281,
        "mean": 1495.44335938,
        "median": 1553.37438965,
        "min": 194.645385742,
        "var": 314277.1875
    },
    "spectral_complexity": {
        "dmean": 3.24926114082,
        "dmean2": 5.17489385605,
        "dvar": 11.3718299866,
        "dvar2": 26.5261039734,
        "max": 55,
        "mean": 24.392868042,
        "median": 27,
        "min": 0,
        "var": 132.850036621
    },
    "spectral_decrease": {
        "dmean": 1.75955339188e-09,
        "dmean2": 2.8370299443e-09,
        "dvar": 6.24745445705e-18,
        "dvar2": 1.56040376456e-17,
        "max": 3.6181672484e-29,
        "mean": -5.87865889301e-09,
        "median": -5.40131361859e-09,
        "min": -2.87699570833e-08,
        "var": 1.58000380917e-17
    },
    "spectral_energy": {
        "dmean": 0.00692958524451,
        "dmean2": 0.011129161343,
        "dvar": 9.55904106377e-05,
        "dvar2": 0.000237814441789,
        "max": 0.115530818701,
        "mean": 0.0243764612824,
        "median": 0.0225541759282,
        "min": 1.07999826936e-20,
        "var": 0.000264136207988
    },
    "spectral_energyband_high": {
        "dmean": 0.000305080873659,
        "dmean2": 0.0004453304864,
        "dvar": 3.09188436631e-07,
        "dvar2": 6.48757918498e-07,
        "max": 0.0132572874427,
        "mean": 0.000921630649827,
        "median": 0.000598910206463,
        "min": 7.58992172628e-21,
        "var": 1.08761105366e-06
    },
    "spectral_energyband_low": {
        "dmean": 0.00377266458236,
        "dmean2": 0.00633941870183,
        "dvar": 3.90023342334e-05,
        "dvar2": 0.000102426318335,
        "max": 0.074357919395,
        "mean": 0.00511533673853,
        "median": 0.00266767805442,
        "min": 5.31200000914e-23,
        "var": 4.35328220192e-05
    },
    "spectral_energyband_middle_high": {
        "dmean": 0.00153738760855,
        "dmean2": 0.00240549631417,
        "dvar": 4.76941977468e-06,
        "dvar2": 1.11566996566e-05,
        "max": 0.0535542853177,
        "mean": 0.00734793534502,
        "median": 0.00594398193061,
        "min": 1.61124817172e-21,
        "var": 4.07881161664e-05
    },
    "spectral_energyband_middle_low": {
        "dmean": 0.00416138535365,
        "dmean2": 0.00673729507253,
        "dvar": 4.26066435466e-05,
        "dvar2": 0.000107369807665,
        "max": 0.0953816920519,
        "mean": 0.0119840605184,
        "median": 0.00954733695835,
        "min": 3.85516501086e-22,
        "var": 8.7302250904e-05
    },
    "spectral_entropy": {
        "dmean": 0.108371675014,
        "dmean2": 0.15564070642,
        "dvar": 0.0145352650434,
        "dvar2": 0.0235326532274,
        "max": 9.80355739594,
        "mean": 7.6253619194,
        "median": 7.70568990707,
        "min": 5.07475376129,
        "var": 0.156541720033
    },
    "spectral_flux": {
        "dmean": 0.0194241609424,
        "dmean2": 0.0295480061322,
        "dvar": 0.000535471190233,
        "dvar2": 0.0010970721487,
        "max": 0.276544094086,
        "mean": 0.0744946226478,
        "median": 0.0730020701885,
        "min": 1.03922967454e-10,
        "var": 0.00187543814536
    },
    "spectral_kurtosis": {
        "dmean": 1.31815624237,
        "dmean2": 2.25952959061,
        "dvar": 2.97936964035,
        "dvar2": 8.74605369568,
        "max": 73.977104187,
        "mean": 3.79575061798,
        "median": 3.30872249603,
        "min": -1.20932328701,
        "var": 8.75521087646
    },
    "spectral_rms": {
        "dmean": 0.000625974324066,
        "dmean2": 0.000987667706795,
        "dvar": 5.77309378968e-07,
        "dvar2": 1.40260306125e-06,
        "max": 0.0106166377664,
        "mean": 0.00454835128039,
        "median": 0.00469085015357,
        "min": 3.24600806303e-12,
        "var": 3.09436359203e-06
    },
    "spectral_rolloff": {
        "dmean": 338.552154541,
        "dmean2": 565.831237793,
        "dvar": 289566.9375,
        "dvar2": 638783.75,
        "max": 19035.3515625,
        "mean": 1831.84594727,
        "median": 2045.65429688,
        "min": 129.19921875,
        "var": 971286.0625
    },
    "spectral_skewness": {
        "dmean": 0.169969603419,
        "dmean2": 0.281095743179,
        "dvar": 0.0298894457519,
        "dvar2": 0.0782180130482,
        "max": 7.06005811691,
        "mean": 1.34735453129,
        "median": 1.2925747633,
        "min": 0.00790786836296,
        "var": 0.149981632829
    },
    "spectral_spread": {
        "dmean": 352915.1875,
        "dmean2": 487217.25,
        "dvar": 273830592512,
        "dvar2": 339238453248,
        "max": 40328472,
        "mean": 4102036.5,
        "median": 3971711.25,
        "min": 1448232.375,
        "var": 935395590144
    },
    "spectral_strongpeak": {
        "dmean": 0.602209627628,
        "dmean2": 1.03735888004,
        "dvar": 1.32492816448,
        "dvar2": 3.36698961258,
        "max": 13.9233837128,
        "mean": 1.04408061504,
        "median": 0.451321095228,
        "min": 0,
        "var": 2.33323717117
    },
    "zerocrossingrate": {
        "dmean": 0.00718798115849,
        "dmean2": 0.00889327190816,
        "dvar": 8.28906340757e-05,
        "dvar2": 8.91191812116e-05,
        "max": 0.5166015625,
        "mean": 0.0661624222994,
        "median": 0.06591796875,
        "min": 0.0068359375,
        "var": 0.00064829736948
    },
    "barkbands": {
        "dmean": [2.25330131798e-05, 0.0018822606653, 0.00182515918277, 0.00169435318094, 0.00203944719397, 0.000933790637646, 0.000624942476861, 0.000271663389867, 0.000574663572479, 0.000231740181334, 0.000350886810338, 0.000219602254219, 0.000250008393778, 0.000413615227444, 0.000464136799565, 0.000592457130551, 0.000510930316523, 0.000186796853086, 0.000132246161229, 0.000119575212011, 0.000112140354759, 0.000116124960186, 6.52542585158e-05, 2.63025704044e-05, 2.14409938053e-05, 6.89452872393e-06, 3.23282677073e-07],
        "dmean2": [3.58792931365e-05, 0.00316190300509, 0.0032078360673, 0.00286352611147, 0.00339328846894, 0.00147402484436, 0.000995754031464, 0.000410352076869, 0.000865708221681, 0.000346306769643, 0.000532475591172, 0.000350213289494, 0.000392515998101, 0.000658020435367, 0.000753412954509, 0.000932715949602, 0.000827658863273, 0.00030250713462, 0.000215053776628, 0.000195715183509, 0.000181592811714, 0.000177264912054, 9.58585951594e-05, 3.7840261939e-05, 3.00596875604e-05, 9.55932500801e-06, 5.10459926772e-07],
        "dvar": [1.52372625628e-09, 9.27153359953e-06, 1.21399316413e-05, 1.0403462511e-05, 1.13992809929e-05, 2.62375419879e-06, 2.30424370784e-06, 1.1554205912e-06, 3.60257149623e-06, 7.10232427537e-07, 5.58674742024e-07, 6.13263523519e-07, 4.26324476166e-07, 8.01875501111e-07, 8.67329902121e-07, 8.55458608839e-07, 5.55677900138e-07, 8.34479934042e-08, 3.32179865836e-08, 3.57053266953e-08, 3.73302917467e-08, 4.27066808584e-08, 3.40835093482e-08, 5.70867042526e-09, 2.03345673633e-09, 7.32166605122e-10, 1.86740987257e-12],
        "dvar2": [3.61330410037e-09, 2.39070777752e-05, 3.27713569277e-05, 2.70271011686e-05, 3.08635535475e-05, 6.57849841446e-06, 5.48016305402e-06, 2.20124070438e-06, 7.90030117059e-06, 1.32941113407e-06, 1.27419991713e-06, 1.42994178987e-06, 9.47767659909e-07, 1.97303506866e-06, 2.25941403187e-06, 1.99323380912e-06, 1.44038665439e-06, 2.02184295972e-07, 8.41672189722e-08, 9.39237381203e-08, 9.80752119517e-08, 9.82066055144e-08, 6.21156743819e-08, 1.10899254224e-08, 4.17930401397e-09, 1.17334852945e-09, 3.73811355134e-12],
        "max": [0.000423838588176, 0.0368771851063, 0.0554350242019, 0.0490219444036, 0.0618046522141, 0.041105825454, 0.0397442951798, 0.0503706224263, 0.0501986145973, 0.0357999205589, 0.0246162749827, 0.028387721628, 0.0232772622257, 0.0247968696058, 0.0347989350557, 0.0247018430382, 0.0152260800824, 0.00725522404537, 0.00530245853588, 0.0034676596988, 0.00274607306346, 0.00493665318936, 0.00898162461817, 0.00276677217335, 0.00134235725272, 0.00142954674084, 8.59316787682e-05],
        "mean": [2.07972207136e-05, 0.00224315444939, 0.0019872051198, 0.00221705413423, 0.00424079876393, 0.00209537055343, 0.00141840358265, 0.00048132109805, 0.00131123967003, 0.00054704467766, 0.000682769343257, 0.000434695190052, 0.000491193379276, 0.000847552262712, 0.000888236623723, 0.00141928507946, 0.00121796107851, 0.000434810091974, 0.000320947234286, 0.000287774571916, 0.000278199207969, 0.00026002098457, 0.000139194686199, 5.59976288059e-05, 4.2445553845e-05, 1.25882825159e-05, 3.77566806264e-07],
        "median": [4.70142686027e-06, 0.00101386313327, 0.000626553024631, 0.00114373187535, 0.0029211062938, 0.00141364347655, 0.000530627556145, 0.000120088487165, 0.00043873777031, 0.000111750698125, 0.000265883427346, 0.00017739199393, 0.000229334473261, 0.000401486991905, 0.000513561652042, 0.00102757581044, 0.00092144968221, 0.000336570490617, 0.000263241759967, 0.000197812332772, 0.000156552283443, 0.000150762745761, 7.03272016835e-05, 2.93736975436e-05, 2.13893199543e-05, 3.86052261092e-06, 1.89045170629e-08],
        "min": [8.66578282535e-23, 5.14376713806e-24, 1.46378252782e-23, 1.46531354907e-23, 4.76565450994e-23, 1.23174079649e-22, 4.69498140807e-23, 4.03204920905e-23, 1.053900562e-22, 2.55301279344e-23, 1.09386040582e-22, 1.56274115253e-22, 1.39807937588e-22, 9.02856607171e-23, 1.85827268143e-22, 9.3697099168e-23, 1.5216452859e-22, 2.64796674998e-22, 3.21267756215e-22, 2.99436529223e-22, 4.12350166446e-22, 3.40490213883e-22, 6.83819317282e-22, 7.84100678705e-22, 1.15813939246e-21, 1.69723951348e-21, 2.47641456994e-21],
        "var": [1.54104962125e-09, 9.77010677161e-06, 1.35179561767e-05, 1.04237915366e-05, 1.95590728254e-05, 6.6641578087e-06, 9.75923194346e-06, 3.47189347849e-06, 1.24328453239e-05, 5.27638485437e-06, 1.91981575881e-06, 1.78473408141e-06, 1.14434305942e-06, 2.29205875257e-06, 1.58648413162e-06, 2.85859209725e-06, 1.67801101725e-06, 2.59698481386e-07, 9.34341883863e-08, 1.04311730809e-07, 1.12441590261e-07, 1.03071677415e-07, 9.15659654765e-08, 1.45308032273e-08, 4.85926987537e-09, 2.72036904114e-09, 4.83053310893e-12]
    },
    "erbbands": {
        "dmean": [0.0401314757764, 0.496259391308, 1.94092154503, 3.48104333878, 7.84033155441, 6.77143383026, 6.97778654099, 7.58857297897, 7.57788276672, 10.1113653183, 5.61273813248, 12.6899080276, 9.79402923584, 6.71522760391, 11.4190378189, 8.52746200562, 10.9839448929, 15.8997678757, 18.0698547363, 30.5996341705, 34.1800880432, 27.5272483826, 11.9061479568, 7.46645402908, 5.66865301132, 5.9677233696, 4.29056835175, 4.813975811, 4.10611009598, 3.2967338562, 1.57166159153, 0.770027756691, 0.356463998556, 0.251705318689, 0.149391919374, 0.0474913492799, 0.0100724427029, 0.00136291189119, 3.93402478949e-05, 9.19286867429e-06],
        "dmean2": [0.0651767626405, 0.849956274033, 3.41239356995, 5.94467687607, 13.199921608, 11.2880954742, 11.5030088425, 12.0196790695, 12.5048208237, 15.5796480179, 8.33405399323, 19.1242523193, 14.7615251541, 10.1469116211, 17.4294967651, 13.4735994339, 17.0992469788, 25.0441665649, 29.3340377808, 49.8219985962, 53.8424530029, 44.8255653381, 19.0549240112, 11.980427742, 9.16999530792, 9.83169937134, 6.96144962311, 7.79231262207, 6.3935379982, 4.91859388351, 2.26956605911, 1.10988974571, 0.510435044765, 0.357422024012, 0.213850349188, 0.066574126482, 0.0139176696539, 0.00196139095351, 5.82799693802e-05, 1.43647102959e-05],
        "dvar": [0.00456723244861, 0.662981688976, 12.0104141235, 39.8281860352, 279.029266357, 92.4264526367, 120.563323975, 221.066696167, 459.465454102, 780.238830566, 520.530151367, 2046.04174805, 1138.07299805, 297.27355957, 698.575073242, 800.84387207, 808.672302246, 1296.81616211, 1649.56762695, 2830.51171875, 3146.32275391, 1707.71472168, 353.448730469, 109.336296082, 65.1662368774, 95.7436523438, 54.7444229126, 73.0953674316, 52.8626365662, 47.2989845276, 31.5945720673, 6.89222145081, 0.518699288368, 0.187859863043, 0.165277257562, 0.033121522516, 0.00160066760145, 2.69209140242e-05, 2.37872885833e-08, 1.83958959177e-10],
        "dvar2": [0.010675878264, 1.7747246027, 32.4904174805, 106.144561768, 723.27746582, 254.912994385, 334.701660156, 548.17779541, 1158.83374023, 1718.05224609, 1046.83581543, 4640.83789062, 2258.12695312, 606.238952637, 1638.81628418, 1851.54614258, 1734.72583008, 3054.92333984, 4191.92431641, 7704.97753906, 7255.05957031, 4490.52587891, 875.877258301, 269.73727417, 167.306030273, 254.467712402, 141.768051147, 191.724868774, 126.971084595, 99.4198760986, 58.0417823792, 13.0279750824, 1.01407933235, 0.37848970294, 0.344673097134, 0.0601829960942, 0.00239677377976, 4.44759316451e-05, 4.22541042155e-08, 4.39680514219e-10],
        "max": [0.615024209023, 9.61919689178, 47.5544548035, 89.5092849731, 251.374298096, 164.34487915, 197.429107666, 500.288970947, 679.149169922, 1070.1940918, 1096.50732422, 1424.90637207, 1077.4486084, 730.834777832, 705.585205078, 1064.45288086, 1256.66430664, 1104.3918457, 973.31854248, 1545.07702637, 1678.48852539, 859.791320801, 473.756256104, 334.00491333, 157.771759033, 218.592102051, 131.447555542, 130.856307983, 157.706878662, 200.323410034, 343.306304932, 103.084083557, 19.4825325012, 7.43223428726, 13.8402462006, 7.69543027878, 2.34836959839, 0.320653110743, 0.0118989255279, 0.000306567642838],
        "mean": [0.0442671068013, 0.591833949089, 2.25323295593, 4.71565771103, 11.3598871231, 14.603805542, 15.9242162704, 16.8604774475, 14.6626367569, 24.8539390564, 12.0624828339, 28.5208969116, 25.1319503784, 16.391582489, 23.6487560272, 18.4814090729, 23.8827762604, 35.0402030945, 38.9404449463, 64.2788848877, 83.8408813477, 68.6850891113, 31.7664203644, 19.7357387543, 14.5751495361, 14.1614961624, 10.6022424698, 11.7151060104, 9.45791149139, 6.69846725464, 3.32700991631, 1.64959156513, 0.752763926983, 0.509819090366, 0.268094569445, 0.0852596983314, 0.0183467697352, 0.00222752452828, 7.13769841241e-05, 3.301300967e-05],
        "median": [0.0167002286762, 0.272241055965, 0.827401578426, 2.73487782478, 6.32038259506, 10.3704061508, 11.2045211792, 11.0645647049, 6.42326641083, 7.02371406555, 3.99545145035, 10.4709100723, 5.77755594254, 7.07810640335, 9.94472312927, 8.83486175537, 11.8054237366, 16.8602027893, 23.0325660706, 40.5574913025, 61.965839386, 53.6764717102, 25.7955665588, 16.8847923279, 11.4776544571, 9.70418739319, 6.55305862427, 6.36933517456, 5.47639751434, 3.59389352798, 1.60976135731, 0.814369559288, 0.411744683981, 0.28335365653, 0.112180173397, 0.0298544056714, 0.00538655882701, 0.000487102661282, 3.07328955387e-05, 3.05284338538e-05],
        "min": [3.71692830749e-22, 1.48601825744e-21, 1.37031628848e-20, 3.55854521237e-20, 1.08403150186e-19, 1.78075364722e-19, 7.84280027456e-19, 7.13200759311e-19, 2.98649501807e-19, 1.30655659295e-18, 1.20072772576e-18, 2.00777869131e-18, 1.36786153308e-18, 1.90983657768e-18, 5.05907012719e-18, 6.89374845403e-18, 6.10356556232e-18, 2.95819473948e-18, 1.0268238794e-17, 6.65532729094e-18, 5.93948767038e-18, 9.0012685836e-18, 1.24557568014e-17, 1.33914560657e-17, 1.61997019852e-17, 1.57074683094e-17, 1.62765851144e-17, 1.60585452681e-17, 1.23879205465e-17, 1.84062956047e-17, 1.7906496535e-17, 1.56648618904e-17, 1.32864123997e-17, 9.74960647607e-18, 8.70673355571e-18, 5.57904537282e-18, 3.59310052736e-18, 1.18629083913e-18, 3.68822774537e-19, 3.77964606646e-20],
        "var": [0.00483043212444, 0.673561811447, 13.7276058197, 39.031288147, 282.036193848, 214.735122681, 262.342193604, 556.31451416, 1444.28149414, 3745.23608398, 1669.60534668, 6385.73486328, 6894.69628906, 1565.04980469, 1990.27526855, 2531.90844727, 2538.6784668, 4108.26611328, 3392.29150391, 6699.52832031, 10530.5869141, 5178.26855469, 1136.12878418, 377.833679199, 208.296356201, 263.46963501, 157.975738525, 211.22303772, 129.372055054, 103.575302124, 78.8048248291, 17.8417663574, 1.33188092709, 0.434884190559, 0.385465115309, 0.0995237156749, 0.00666132662445, 9.82480705716e-05, 6.96798494459e-08, 5.46533818202e-10]
    },
    "gfcc": {
        "mean": [1.10244166851, 98.8224563599, -134.987182617, 51.0023994446, -57.295791626, 9.73308467865, -49.7759971619, -0.800604343414, -21.247838974, -3.32272863388, -22.3976554871, 0.654654085636, -3.57467198372],
        "cov": [[8765.55761719, -1673.26013184, -808.111328125, -77.4867019653, 382.882293701, 176.010177612, -169.537628174, 498.242462158, -140.868865967, 346.410308838, -216.050918579, 418.090148926, -394.387420654], [-1673.26013184, 762.881835938, 23.6777744293, -29.0029563904, 23.7681503296, -130.28553772, 136.544967651, -157.654602051, 53.2475013733, -115.34210968, 47.1905975342, -127.294700623, 133.731674194], [-808.111328125, 23.6777744293, 463.754180908, 64.026763916, -73.3279190063, 68.2597045898, -30.8988552094, -1.16115999222, -1.77541816235, -0.304878145456, 20.867811203, -7.49446439743, -1.72792410851], [-77.4867019653, -29.0029563904, 64.026763916, 196.119857788, 20.5408782959, 18.2418346405, -18.3977909088, -10.1127948761, 4.98089075089, 0.0511819906533, 26.1821327209, 0.388404458761, 11.3143138885], [382.882293701, 23.7681503296, -73.3279190063, 20.5408782959, 188.389221191, 4.37882471085, 46.1349754333, 22.2260551453, -2.39224934578, 22.4797363281, -9.08693027496, 28.5651626587, -10.9398670197], [176.010177612, -130.28553772, 68.2597045898, 18.2418346405, 4.37882471085, 137.321426392, 1.85078334808, 50.8394012451, -12.8208827972, 20.1235923767, 2.94153881073, 13.3133544922, -20.7947559357], [-169.537628174, 136.544967651, -30.8988552094, -18.3977909088, 46.1349754333, 1.85078334808, 135.0131073, -3.45275735855, 11.9979753494, -0.603372871876, -13.8846549988, -17.5962123871, 10.0379295349], [498.242462158, -157.654602051, -1.16115999222, -10.1127948761, 22.2260551453, 50.8394012451, -3.45275735855, 129.797622681, 23.6815299988, 44.3433532715, -10.8363265991, 25.7577972412, -39.9773445129], [-140.868865967, 53.2475013733, -1.77541816235, 4.98089075089, -2.39224934578, -12.8208827972, 11.9979753494, 23.6815299988, 74.6952819824, 22.1652908325, 1.53907752037, -17.832244873, 5.78758907318], [346.410308838, -115.34210968, -0.304878145456, 0.0511819906533, 22.4797363281, 20.1235923767, -0.603372871876, 44.3433532715, 22.1652908325, 96.2414016724, 8.03841781616, 24.5590305328, -31.7850704193], [-216.050918579, 47.1905975342, 20.867811203, 26.1821327209, -9.08693027496, 2.94153881073, -13.8846549988, -10.8363265991, 1.53907752037, 8.03841781616, 67.9633255005, 11.6442775726, 15.5158939362], [418.090148926, -127.294700623, -7.49446439743, 0.388404458761, 28.5651626587, 13.3133544922, -17.5962123871, 25.7577972412, -17.832244873, 24.5590305328, 11.6442775726, 88.9616546631, -2.62364506721], [-394.387420654, 133.731674194, -1.72792410851, 11.3143138885, -10.9398670197, -20.7947559357, 10.0379295349, -39.9773445129, 5.78758907318, -31.7850704193, 15.5158939362, -2.62364506721, 79.1260604858]],
        "icov": [[0.000419547519414, -7.45056386222e-05, 0.000746993813664, -0.000298583763652, -0.000126199505758, -0.000207841629162, 0.000560115615372, -0.000766632496379, 0.000771862571128, -0.000740838004276, 0.00131555774715, -0.0013906119857, 0.00108748953789], [-7.45056386222e-05, 0.00949431955814, -0.00250079622492, 0.00365677662194, -0.00469410885125, 0.00508385384455, -0.00668087136, 0.00419962452725, -0.00545421196148, 0.00649882107973, -0.00952196680009, 0.0100371344015, -0.00812938157469], [0.000746993813664, -0.00250079622492, 0.00458269286901, -0.00221797148697, 0.00201902561821, -0.00302965869196, 0.00278747850098, -0.00195378274657, 0.00243067857809, -0.00288910372183, 0.00440469756722, -0.00494064483792, 0.00414338661358], [-0.000298583763652, 0.00365677662194, -0.00221797148697, 0.00764355063438, -0.00328455585986, 0.00118346314412, -0.00167991092894, 0.00285476073623, -0.00350004667416, 0.00320324278437, -0.00633906992152, 0.00525010935962, -0.0043377596885], [-0.000126199505758, -0.00469410885125, 0.00201902561821, -0.00328455585986, 0.00957395415753, -0.00225246115588, 0.000332201074343, -0.00234012492001, 0.00304321642034, -0.00380448577926, 0.00513360602781, -0.00681664794683, 0.00434201909229], [-0.000207841629162, 0.00508385384455, -0.00302965869196, 0.00118346314412, -0.00225246115588, 0.0131255695596, -0.00490666087717, -0.00217827386223, 0.000723626813851, 0.00273684016429, -0.00631294213235, 0.00648708315566, -0.00470415968448], [0.000560115615372, -0.00668087136, 0.00278747850098, -0.00167991092894, 0.000332201074343, -0.00490666087717, 0.0145951835439, -0.00316521571949, 0.00346728484146, -0.00583877461031, 0.00949088856578, -0.00630619237199, 0.00502074044198], [-0.000766632496379, 0.00419962452725, -0.00195378274657, 0.00285476073623, -0.00234012492001, -0.00217827386223, -0.00316521571949, 0.0169197432697, -0.0100082252175, 0.00277553568594, -0.00448633171618, 0.00278770155273, -0.000496674445458], [0.000771862571128, -0.00545421196148, 0.00243067857809, -0.00350004667416, 0.00304321642034, 0.000723626813851, 0.00346728484146, -0.0100082252175, 0.0244917813689, -0.0109872128814, 0.00711618410423, -0.00167087698355, 0.00107767805457], [-0.000740838004276, 0.00649882107973, -0.00288910372183, 0.00320324278437, -0.00380448577926, 0.00273684016429, -0.00583877461031, 0.00277553568594, -0.0109872128814, 0.0218650940806, -0.011524412781, 0.00462148804218, -0.000861172971781], [0.00131555774715, -0.00952196680009, 0.00440469756722, -0.00633906992152, 0.00513360602781, -0.00631294213235, 0.00949088856578, -0.00448633171618, 0.00711618410423, -0.011524412781, 0.0310505032539, -0.0161726549268, 0.00745807448402], [-0.0013906119857, 0.0100371344015, -0.00494064483792, 0.00525010935962, -0.00681664794683, 0.00648708315566, -0.00630619237199, 0.00278770155273, -0.00167087698355, 0.00462148804218, -0.0161726549268, 0.030908446759, -0.0156080108136], [0.00108748953789, -0.00812938157469, 0.00414338661358, -0.0043377596885, 0.00434201909229, -0.00470415968448, 0.00502074044198, -0.000496674445458, 0.00107767805457, -0.000861172971781, 0.00745807448402, -0.0156080108136, 0.0285801384598]]
    },
    "melbands": {
        "dmean": [0.000436063390225, 0.000881409971043, 0.00075641751755, 0.000504416064359, 0.000243499220232, 0.00017116314848, 0.000115031420137, 9.98545510811e-05, 5.45583752682e-05, 7.93776853243e-05, 4.93625921081e-05, 2.67718805844e-05, 5.01535032527e-05, 1.97499648493e-05, 3.02545395243e-05, 2.43227877945e-05, 3.31220908265e-05, 3.56710515916e-05, 3.23148269672e-05, 3.93214795622e-05, 4.35576366726e-05, 3.30754264724e-05, 2.26113825192e-05, 1.00720699265e-05, 6.58112185192e-06, 4.80476364828e-06, 4.50752713732e-06, 4.17904402639e-06, 2.86364138447e-06, 3.05360708808e-06, 3.13838154398e-06, 2.58015165855e-06, 2.33122455029e-06, 1.8290945718e-06, 1.00440104234e-06, 7.27175290649e-07, 4.209912845e-07, 2.67802334974e-07, 2.39642844235e-07, 2.15042220475e-07],
        "dmean2": [0.000722860859241, 0.00153789808974, 0.00127400748897, 0.000840863096528, 0.000402790639782, 0.000270260497928, 0.000188259466086, 0.000153605928062, 8.12604848761e-05, 0.000119379605167, 7.45746438042e-05, 4.04150996474e-05, 7.61934788898e-05, 3.13125892717e-05, 4.71465573355e-05, 3.85530074709e-05, 5.2079984016e-05, 5.77128193981e-05, 5.23622074979e-05, 6.27824483672e-05, 6.90153683536e-05, 5.43128116988e-05, 3.59402292816e-05, 1.64085795404e-05, 1.06408051579e-05, 7.86239070294e-06, 7.41748635846e-06, 6.9372949838e-06, 4.69150018034e-06, 5.01762406202e-06, 5.09977917318e-06, 4.1365301513e-06, 3.56886926056e-06, 2.77284743788e-06, 1.49804475313e-06, 1.08944493604e-06, 6.18404328634e-07, 3.98582216121e-07, 3.47614388829e-07, 3.11145697651e-07],
        "dvar": [5.0666989182e-07, 2.3147392767e-06, 2.01847456083e-06, 7.673189657e-07, 1.26104467313e-07, 1.06333125416e-07, 9.04822812231e-08, 8.23070465117e-08, 4.71499248533e-08, 7.39531671456e-08, 2.90631572142e-08, 5.44657385859e-09, 1.06492317187e-08, 6.376406958e-09, 8.53260040401e-09, 4.11176692694e-09, 5.97376281775e-09, 6.56129861554e-09, 6.12601080974e-09, 3.76890785247e-09, 4.80709427819e-09, 2.65626143303e-09, 1.44602341212e-09, 3.11954378995e-10, 8.80016406968e-11, 4.41540137786e-11, 5.01269616093e-11, 5.04672970081e-11, 2.27983430745e-11, 2.77495873502e-11, 3.18293030821e-11, 1.95804743947e-11, 2.13510337882e-11, 1.5831429917e-11, 1.5062891906e-11, 5.11483390364e-12, 2.51146087434e-12, 3.41156383742e-13, 1.59387870198e-13, 1.46904637435e-13],
        "dvar2": [1.24088683151e-06, 6.2852609517e-06, 5.20197363585e-06, 2.04063894671e-06, 3.54204757969e-07, 2.65208768724e-07, 2.28488715948e-07, 1.765730957e-07, 9.96398696884e-08, 1.63299986866e-07, 5.76045522394e-08, 1.08519593311e-08, 2.49456828527e-08, 1.52923114172e-08, 1.79300201353e-08, 9.59408108514e-09, 1.39024356471e-08, 1.67351803526e-08, 1.63522386742e-08, 9.45797307139e-09, 1.13882139274e-08, 6.985414025e-09, 3.63248831015e-09, 7.55552898024e-10, 2.21282825397e-10, 1.13677643687e-10, 1.28651311826e-10, 1.34613029057e-10, 5.88223011966e-11, 7.43834854822e-11, 8.25656418235e-11, 4.89236498535e-11, 4.86865374405e-11, 3.39859911047e-11, 2.937431548e-11, 1.01237551328e-11, 5.17978975684e-12, 7.01052985195e-13, 3.26748610807e-13, 3.05230531605e-13],
        "max": [0.00790725462139, 0.0175296664238, 0.0204399097711, 0.0158677473664, 0.00522035034373, 0.00968863535672, 0.0089696990326, 0.00983543507755, 0.00795926805586, 0.00809026323259, 0.00547547033057, 0.00333671993576, 0.00322442897595, 0.00340648298152, 0.00512447673827, 0.00207650940865, 0.00253511220217, 0.00195800466463, 0.0037390049547, 0.0014172156807, 0.00199235836044, 0.00122613692656, 0.00105455692392, 0.000492951250635, 0.000332556170179, 0.000150408799527, 0.000166440251633, 0.000144009143696, 8.67911439855e-05, 8.53497622302e-05, 0.00011636884301, 7.20067982911e-05, 0.000127086444991, 0.000109995555249, 0.000212342274608, 0.000118811243738, 6.52911912766e-05, 1.65470883076e-05, 6.18036483502e-06, 8.35165337776e-06],
        "mean": [0.000513894599862, 0.00105163140688, 0.00104077637661, 0.0009795287624, 0.000589069211856, 0.000388285290683, 0.000232328777201, 0.000236654101172, 0.000115178518172, 0.000178115034942, 0.000123676101794, 6.34709431324e-05, 9.84862344922e-05, 3.91681496694e-05, 6.0362428485e-05, 4.9487738579e-05, 6.8625289714e-05, 6.81939491187e-05, 6.22440275038e-05, 9.09588125069e-05, 9.55757423071e-05, 7.35847279429e-05, 4.75382257719e-05, 2.08251003642e-05, 1.52509974214e-05, 1.11034369183e-05, 1.01962014014e-05, 9.04814987734e-06, 6.3303218667e-06, 6.54975929137e-06, 7.03478372088e-06, 5.65879872738e-06, 4.29711235483e-06, 3.50426807927e-06, 1.93902360479e-06, 1.45746616909e-06, 8.25502752377e-07, 5.31529792624e-07, 4.58295289718e-07, 4.16326656705e-07],
        "median": [0.00022482922941, 0.00044097576756, 0.000611651921645, 0.000639265170321, 0.000443733326392, 0.000253775680903, 9.93365538307e-05, 6.21635481366e-05, 3.6037999962e-05, 6.08974587522e-05, 2.52035752055e-05, 2.5306482712e-05, 3.91775756725e-05, 1.61887019203e-05, 2.69895554084e-05, 2.35498573602e-05, 3.14971439366e-05, 3.56190357707e-05, 3.62117025361e-05, 6.15843891865e-05, 6.73306640238e-05, 5.35140497959e-05, 3.30382172251e-05, 1.49365287143e-05, 1.2294040971e-05, 8.80384959601e-06, 7.0084302024e-06, 6.03411763223e-06, 3.9211308831e-06, 3.67238158105e-06, 3.65999881069e-06, 3.23886115439e-06, 2.22631615543e-06, 1.81610448635e-06, 8.73395492818e-07, 6.98592600656e-07, 3.92795527659e-07, 2.79652283552e-07, 2.5173980589e-07, 2.25865619541e-07],
        "min": [6.3560392734e-24, 5.22821943113e-24, 7.47526723712e-24, 1.1662167002e-23, 2.21212958799e-23, 1.84132899048e-23, 5.5148346861e-24, 1.31996450733e-23, 1.19554662754e-23, 1.26871600085e-23, 6.60749973099e-24, 6.88565524162e-24, 1.76091235203e-23, 1.55170470447e-23, 2.00218151559e-23, 9.75697640799e-24, 4.31038371221e-24, 1.6535037333e-23, 1.38328447893e-23, 6.80710836128e-24, 6.96053312988e-24, 8.59943425896e-24, 1.07693752502e-23, 1.27986875856e-23, 9.55636750207e-24, 1.57651532657e-23, 5.83941387214e-24, 1.1859383806e-23, 7.97442055262e-24, 1.55333985536e-23, 7.04866388135e-24, 7.29377874182e-24, 6.15108689934e-24, 1.25337249847e-23, 9.20639488349e-24, 1.22198395971e-23, 8.3251678326e-24, 8.46542572383e-24, 1.04807042237e-23, 7.02449239435e-24],
        "var": [5.41013548627e-07, 2.52865493167e-06, 1.99290047931e-06, 1.21787343232e-06, 2.89758219196e-07, 2.82190796952e-07, 2.88662306502e-07, 3.52882693733e-07, 1.65131964991e-07, 2.32696493185e-07, 1.81517975761e-07, 2.95305877529e-08, 3.3112947051e-08, 1.62745870114e-08, 2.97709270569e-08, 1.0628285807e-08, 1.85677606623e-08, 1.29740262977e-08, 9.48263245704e-09, 1.15118936606e-08, 1.46774024046e-08, 7.05764957587e-09, 3.25105564691e-09, 8.3683970864e-10, 2.56063892312e-10, 1.1454221599e-10, 1.44364145638e-10, 1.19847728963e-10, 5.83999237858e-11, 6.65519930831e-11, 8.74362457437e-11, 4.74843706022e-11, 3.82607175109e-11, 3.39661979099e-11, 3.27130475486e-11, 1.34539671071e-11, 5.45696777696e-12, 7.94741009114e-13, 3.41757302796e-13, 3.18338644291e-13]
    },
    "mfcc": {
        "mean": [-629.621765137, 113.489875793, -11.332490921, 34.2857437134, 10.5536212921, 10.4336738586, -14.0609807968, -0.449229419231, 1.48667538166, -7.49830389023, -7.31843137741, -5.4396777153, -1.73246347904],
        "cov": [[8534.93066406, -1097.02612305, -1328.31896973, 12.4555692673, 49.4632911682, -8.17959117889, -57.5718955994, 242.771133423, -4.39402961731, 54.0081291199, 141.219223022, 157.234954834, 83.0020217896], [-1097.02612305, 558.38659668, 1.28906559944, 32.7035598755, -45.0638809204, 3.2902867794, 32.511516571, -43.6461715698, 46.6549606323, -12.4512462616, -33.0734825134, -18.9625053406, -20.1642036438], [-1328.31896973, 1.28906559944, 577.481994629, -32.6091499329, 26.2365341187, 7.75938177109, 0.552779972553, -14.1432991028, -33.5321044922, 11.5022029877, -14.3777770996, -38.5009231567, 5.29478788376], [12.4555692673, 32.7035598755, -32.6091499329, 170.778198242, 26.3897228241, 21.9846000671, 5.40758419037, -11.303571701, 13.4951143265, -20.8006534576, -3.74889779091, 18.7753105164, 16.3376808167], [49.4632911682, -45.0638809204, 26.2365341187, 26.3897228241, 121.936271667, 12.9855699539, 8.02579784393, 17.1353645325, -10.9944410324, 4.06054162979, 1.24718081951, 6.43661308289, 14.3795690536], [-8.17959117889, 3.2902867794, 7.75938177109, 21.9846000671, 12.9855699539, 87.6828536987, 38.1986846924, 1.03086125851, 8.58524608612, -2.83740329742, 1.98919606209, -2.17204999924, -0.0421522147954], [-57.5718955994, 32.511516571, 0.552779972553, 5.40758419037, 8.02579784393, 38.1986846924, 94.5483398438, 26.0664710999, 5.38237190247, 2.48426175117, 13.071931839, -4.4412856102, -1.86675572395], [242.771133423, -43.6461715698, -14.1432991028, -11.303571701, 17.1353645325, 1.03086125851, 26.0664710999, 81.7848358154, 12.951215744, 9.25761127472, 1.56053614616, 1.84451448917, 7.44924736023], [-4.39402961731, 46.6549606323, -33.5321044922, 13.4951143265, -10.9944410324, 8.58524608612, 5.38237190247, 12.951215744, 85.1887588501, 27.83385849, 8.48217487335, 2.92351341248, 3.48020553589], [54.0081291199, -12.4512462616, 11.5022029877, -20.8006534576, 4.06054162979, -2.83740329742, 2.48426175117, 9.25761127472, 27.83385849, 77.9104766846, 35.9822692871, -0.939134836197, -5.04808044434], [141.219223022, -33.0734825134, -14.3777770996, -3.74889779091, 1.24718081951, 1.98919606209, 13.071931839, 1.56053614616, 8.48217487335, 35.9822692871, 70.8088684082, 22.314250946, 0.0810429528356], [157.234954834, -18.9625053406, -38.5009231567, 18.7753105164, 6.43661308289, -2.17204999924, -4.4412856102, 1.84451448917, 2.92351341248, -0.939134836197, 22.314250946, 60.1528434753, 26.1059265137], [83.0020217896, -20.1642036438, 5.29478788376, 16.3376808167, 14.3795690536, -0.0421522147954, -1.86675572395, 7.44924736023, 3.48020553589, -5.04808044434, 0.0810429528356, 26.1059265137, 60.841545105]],
