{
"lowlevel": {
    "average_loudness": 0.94350785017,
    "barkbands_crest": {
        "dmean": 1.91958069801,
        "dmean2": 3.16421341896,
        "dvar": 3.73640799522,
        "dvar2": 9.99046993256,
        "max": 25.6416625977,
        "mean": 8.79812717438,
        "median": 8.35731697083,
        "min": 2.41314029694,
        "var": 8.55848121643
    },
    "barkbands_flatness_db": {
        "dmean": 0.0182907078415,
        "dmean2": 0.0290939938277,
        "dvar": 0.000396967254346,
        "dvar2": 0.000906996370759,
        "max": 0.406380683184,
        "mean": 0.147246524692,
        "median": 0.13705419004,
        "min": 0.0458082519472,
        "var": 0.00236017839052
    },
    "barkbands_kurtosis": {
        "dmean": 2.2369658947,
        "dmean2": 3.66918587685,
        "dvar": 15.5652284622,
        "dvar2": 41.2952957153,
        "max": 69.509979248,
        "mean": 3.64409518242,
        "median": 1.93707895279,
        "min": -1.88420128822,
        "var": 33.0532302856
    },
    "barkbands_skewness": {
        "dmean": 0.438185453415,
        "dmean2": 0.703850746155,
        "dvar": 0.270676285028,
        "dvar2": 0.693899512291,
        "max": 7.45919466019,
        "mean": 1.6741027832,
        "median": 1.56344521046,
        "min": -2.05065536499,
        "var": 0.900618076324
    },
    "barkbands_spread": {
        "dmean": 4.78289413452,
        "dmean2": 7.49408817291,
        "dvar": 31.6044387817,
        "dvar2": 69.1484222412,
        "max": 100.63596344,
        "mean": 23.5143260956,
        "median": 21.6851768494,
        "min": 1.51918661594,
        "var": 161.417068481
    },
    "dissonance": {
        "dmean": 0.0144656086341,
        "dmean2": 0.0241001117975,
        "dvar": 0.000191585117136,
        "dvar2": 0.00051867851289,
        "max": 0.5,
        "mean": 0.467565238476,
        "median": 0.47354850173,
        "min": 0.223886713386,
        "var": 0.000603869208135
    },
    "dynamic_complexity": 2.48834848404,
    "erbbands_crest": {
        "dmean": 1.94894707203,
        "dmean2": 3.14389824867,
        "dvar": 3.64113020897,
        "dvar2": 9.16048336029,
        "max": 28.0258407593,
        "mean": 7.56759548187,
        "median": 6.57048606873,
        "min": 2.28174829483,
        "var": 13.0553350449
    },
    "erbbands_flatness_db": {
        "dmean": 0.0131588140503,
        "dmean2": 0.0178959090263,
        "dvar": 0.000173783890205,
        "dvar2": 0.000293897697702,
        "max": 0.414958119392,
        "mean": 0.146309733391,
        "median": 0.138028949499,
        "min": 0.0527410395443,
        "var": 0.00174142012838
    },
    "erbbands_kurtosis": {
        "dmean": 0.471142798662,
        "dmean2": 0.757899641991,
        "dvar": 0.318340390921,
        "dvar2": 0.769967377186,
        "max": 19.0542564392,
        "mean": -0.338526755571,
        "median": -0.652944087982,
        "min": -1.72592270374,
        "var": 1.17312669754
    },
    "erbbands_skewness": {
        "dmean": 0.256396919489,
        "dmean2": 0.399924308062,
        "dvar": 0.0500790402293,
        "dvar2": 0.119632266462,
        "max": 3.20319128036,
        "mean": 0.0725910514593,
        "median": 0.0435309968889,
        "min": -2.7698996067,
        "var": 0.345850199461
    },
    "erbbands_spread": {
        "dmean": 6.87186384201,
        "dmean2": 10.7480211258,
        "dvar": 50.9019203186,
        "dvar2": 120.741600037,
        "max": 126.263671875,
        "mean": 43.2426261902,
        "median": 42.5149612427,
        "min": 4.78795051575,
        "var": 210.579467773
    },
    "hfc": {
        "dmean": 5.86847305298,
        "dmean2": 9.36330890656,
        "dvar": 103.122238159,
        "dvar2": 255.892349243,
        "max": 165.995300293,
        "mean": 23.8364429474,
        "median": 19.8454933167,
        "min": 1.10380397072e-16,
        "var": 322.272003174
    },
    "melbands_crest": {
        "dmean": 2.55945205688,
        "dmean2": 4.21213531494,
        "dvar": 6.66263628006,
        "dvar2": 17.2022190094,
        "max": 32.379737854,
        "mean": 13.1461439133,
        "median": 12.3021669388,
        "min": 1.66246438026,
        "var": 18.2363567352
    },
    "melbands_flatness_db": {
        "dmean": 0.0230381302536,
        "dmean2": 0.0360010005534,
        "dvar": 0.000718906754628,
        "dvar2": 0.00161196931731,
        "max": 0.499093234539,
        "mean": 0.207784488797,
        "median": 0.197998195887,
        "min": 0.00348070403561,
        "var": 0.00425769947469
    },
    "melbands_kurtosis": {
        "dmean": 6.2641954422,
        "dmean2": 10.3023500443,
        "dvar": 138.749023438,
        "dvar2": 373.012939453,
        "max": 217.366699219,
        "mean": 13.3534765244,
        "median": 9.53007221222,
        "min": -1.50306940079,
        "var": 212.505981445
    },
    "melbands_skewness": {
        "dmean": 0.643662273884,
        "dmean2": 1.03212976456,
        "dvar": 0.650283753872,
        "dvar2": 1.67694044113,
        "max": 11.7028875351,
        "mean": 2.92896032333,
        "median": 2.79607963562,
        "min": -0.28334236145,
        "var": 1.73424744606
    },
    "melbands_spread": {
        "dmean": 5.4830365181,
        "dmean2": 8.86440753937,
        "dvar": 44.9376144409,
        "dvar2": 109.510124207,
        "max": 148.538116455,
        "mean": 21.2885951996,
        "median": 18.7615089417,
        "min": 1.13196289539,
        "var": 207.01512146
    },
    "pitch_salience": {
        "dmean": 0.0577552951872,
        "dmean2": 0.0945125967264,
        "dvar": 0.00292404973879,
        "dvar2": 0.00774688553065,
        "max": 0.873012304306,
        "mean": 0.55630004406,
        "median": 0.559419393539,
        "min": 0.120266206563,
        "var": 0.00825088005513
    },
    "silence_rate_20dB": {
        "dmean": 0,
        "dmean2": 0,
        "dvar": 0,
        "dvar2": 0,
        "max": 1,
        "mean": 1,
        "median": 1,
        "min": 1,
        "var": 0
    },
    "silence_rate_30dB": {
        "dmean": 0.013771395199,
        "dmean2": 0.027545498684,
        "dvar": 0.0135814482346,
        "dvar2": 0.0383964218199,
        "max": 1,
        "mean": 0.991934716702,
        "median": 1,
        "min": 0,
        "var": 0.00800071004778
    },
    "silence_rate_60dB": {
        "dmean": 0.00118040526286,
        "dmean2": 0.0023610428907,
        "dvar": 0.00117903470527,
        "dvar2": 0.00294587318785,
        "max": 1,
        "mean": 0.0456378497183,
        "median": 0,
        "min": 0,
        "var": 0.0435476116836
    },
    "spectral_centroid": {
        "dmean": 219.314529419,
        "dmean2": 351.838317871,
        "dvar": 70655.046875,
        "dvar2": 162674.84375,
        "max": 11604.6455078,
        "mean": 1365.83557129,
        "median": 1291.49731445,
        "min": 210.185012817,
        "var": 604589.3125
    },
    "spectral_complexity": {
        "dmean": 3.52232933044,
        "dmean2": 5.6277422905,
        "dvar": 15.3221349716,
        "dvar2": 32.9144554138,
        "max": 58,
        "mean": 23.6995182037,
        "median": 24,
        "min": 0,
        "var": 99.0586242676
    },
    "spectral_decrease": {
        "dmean": 3.11935810515e-09,
        "dmean2": 5.28341725925e-09,
        "dvar": 3.03376993071e-17,
        "dvar2": 8.27811850622e-17,
        "max": 9.24015867778e-29,
        "mean": -9.57173540428e-09,
        "median": -8.71263416968e-09,
        "min": -6.4879735362e-08,
        "var": 3.42304112697e-17
    },
    "spectral_energy": {
        "dmean": 0.0121326604858,
        "dmean2": 0.0205401424319,
        "dvar": 0.000448029924883,
        "dvar2": 0.00122232642025,
        "max": 0.250195890665,
        "mean": 0.0382879339159,
        "median": 0.034914907068,
        "min": 1.0270358496e-20,
        "var": 0.000522970047314
    },
    "spectral_energyband_high": {
        "dmean": 0.000425618898589,
        "dmean2": 0.000648775370792,
        "dvar": 1.03013235275e-06,
        "dvar2": 2.39505561694e-06,
        "max": 0.0176409855485,
        "mean": 0.00103016768117,
        "median": 0.000488823512569,
        "min": 7.06627520106e-21,
        "var": 2.6308134693e-06
    },
    "spectral_energyband_low": {
        "dmean": 0.00956642813981,
        "dmean2": 0.016265919432,
        "dvar": 0.000387607316952,
        "dvar2": 0.00105550291482,
        "max": 0.211728334427,
        "mean": 0.0195426624268,
        "median": 0.0157392881811,
        "min": 1.49614365319e-23,
        "var": 0.000352950301021
    },
    "spectral_energyband_middle_high": {
        "dmean": 0.00146838428918,
        "dmean2": 0.00236025103368,
        "dvar": 4.7006742534e-06,
        "dvar2": 1.20938302643e-05,
        "max": 0.0467784181237,
        "mean": 0.00535199185833,
        "median": 0.00447809649631,
        "min": 1.21833051451e-21,
        "var": 1.8823047867e-05
    },
    "spectral_energyband_middle_low": {
        "dmean": 0.00509067252278,
        "dmean2": 0.00850550085306,
        "dvar": 4.91588543809e-05,
        "dvar2": 0.000135022681206,
        "max": 0.0939777120948,
        "mean": 0.0156225943938,
        "median": 0.0137946764007,
        "min": 1.90893560068e-22,
        "var": 9.40340542002e-05
    },
    "spectral_entropy": {
        "dmean": 0.116513364017,
        "dmean2": 0.171402603388,
        "dvar": 0.0199687350541,
        "dvar2": 0.0371330156922,
        "max": 9.82300662994,
        "mean": 7.59057569504,
        "median": 7.64662647247,
        "min": 5.5384812355,
        "var": 0.171310931444
    },
    "spectral_flux": {
        "dmean": 0.0252944789827,
        "dmean2": 0.0389082469046,
        "dvar": 0.00132531346753,
        "dvar2": 0.00252807699144,
        "max": 0.444624036551,
        "mean": 0.0892587825656,
        "median": 0.0788905397058,
        "min": 6.37919855828e-11,
        "var": 0.00293823704123
    },
    "spectral_kurtosis": {
        "dmean": 1.66063058376,
        "dmean2": 2.84104800224,
        "dvar": 6.14567184448,
        "dvar2": 17.725856781,
        "max": 48.4775543213,
        "mean": 4.75422716141,
        "median": 4.10115289688,
        "min": -1.23934316635,
        "var": 11.6286859512
    },
    "spectral_rms": {
        "dmean": 0.00085864495486,
        "dmean2": 0.00142688828055,
        "dvar": 1.48623325913e-06,
        "dvar2": 3.9880183067e-06,
        "max": 0.0156234931201,
        "mean": 0.00582588231191,
        "median": 0.00583637924865,
        "min": 3.16541649663e-12,
        "var": 3.41316876984e-06
    },
    "spectral_rolloff": {
        "dmean": 422.764648438,
        "dmean2": 711.023925781,
        "dvar": 446244.125,
        "dvar2": 980497.25,
        "max": 19379.8828125,
        "mean": 1295.13146973,
        "median": 882.861328125,
        "min": 86.1328125,
        "var": 2241734
    },
    "spectral_skewness": {
        "dmean": 0.208144873381,
        "dmean2": 0.345456272364,
        "dvar": 0.0560310967267,
        "dvar2": 0.153251349926,
        "max": 5.30749368668,
        "mean": 1.49931442738,
        "median": 1.47125244141,
        "min": -0.0768360123038,
        "var": 0.163989618421
    },
    "spectral_spread": {
        "dmean": 416174.875,
        "dmean2": 570748.375,
        "dvar": 391687372800,
        "dvar2": 680059731968,
        "max": 42326236,
        "mean": 4310957,
        "median": 4106325,
        "min": 1228812,
        "var": 6.01524640154e+12
    },
    "spectral_strongpeak": {
        "dmean": 0.336341887712,
        "dmean2": 0.589349746704,
        "dvar": 0.445639938116,
        "dvar2": 1.13328075409,
        "max": 13.0249080658,
        "mean": 0.630553543568,
        "median": 0.359634518623,
        "min": 0,
        "var": 0.721813261509
    },
    "zerocrossingrate": {
        "dmean": 0.00800366234034,
        "dmean2": 0.00959000736475,
        "dvar": 9.55305004027e-05,
        "dvar2": 0.000133047316922,
        "max": 0.52099609375,
        "mean": 0.0558964125812,
        "median": 0.05029296875,
        "min": 0.00390625,
        "var": 0.0014345390955
    },
    "barkbands": {
        "dmean": [0.00020517440862, 0.00452823797241, 0.00501352362335, 0.00244441628456, 0.00200560432859, 0.00114262045827, 0.000806645897683, 0.000832601101138, 0.000795700296294, 0.000479419890326, 0.00027491626679, 0.000277041981462, 0.000188751029782, 0.000253709498793, 0.000346461398294, 0.000347214372596, 0.000405972532462, 0.000199683199753, 0.000190802733414, 0.00018493742391, 0.000143958081026, 0.000116914256068, 7.12008113624e-05, 5.15314859513e-05, 4.74569606013e-05, 2.78870757029e-05, 1.68623237595e-09],
        "dmean2": [0.000328115973389, 0.00740939192474, 0.00900152046233, 0.00421738857403, 0.00337628135458, 0.00178014673293, 0.00128843763378, 0.00125448033214, 0.00120295106899, 0.000761341885664, 0.000443996832473, 0.000446909514721, 0.000307276844978, 0.000411071407143, 0.00057957082754, 0.000577978789806, 0.000679074961226, 0.000334045907948, 0.000320183811709, 0.000301545340335, 0.000238401757088, 0.00019182926917, 0.00011253253615, 7.81121780165e-05, 6.74426773912e-05, 4.07393890782e-05, 3.14810466584e-09],
        "dvar": [2.68877101917e-07, 6.67076383252e-05, 0.000146488193423, 1.93947944354e-05, 1.45688400153e-05, 3.12709107675e-06, 2.07096059057e-06, 3.41665850101e-06, 3.51769199369e-06, 7.76204331032e-07, 5.17695582403e-07, 4.61216927761e-07, 2.86665510885e-07, 3.23319596873e-07, 3.51608832716e-07, 3.66863105228e-07, 2.87371335617e-07, 9.32687100885e-08, 1.39644498631e-07, 1.55172244831e-07, 1.10607338399e-07, 1.01673151676e-07, 5.08291257972e-08, 3.21307638274e-08, 1.35114088806e-08, 4.54581572384e-09, 5.03504549348e-18],
        "dvar2": [6.15179487795e-07, 0.000169406193891, 0.000436009955592, 5.52789024368e-05, 3.93901427742e-05, 7.61893124945e-06, 5.49927108295e-06, 8.48551280797e-06, 7.9832980191e-06, 1.88748606433e-06, 1.259235205e-06, 1.1584834283e-06, 6.73297108733e-07, 7.27553185698e-07, 9.38996265631e-07, 9.71800545813e-07, 7.86215082371e-07, 2.42618426682e-07, 3.67255466927e-07, 3.60593702453e-07, 2.86845391884e-07, 2.62791161276e-07, 1.23853027389e-07, 7.06901346348e-08, 2.66844359942e-08, 8.09175215721e-09, 1.62731258451e-17],
        "max": [0.00802689790726, 0.131904572248, 0.130553990602, 0.0555954240263, 0.07436273247, 0.0368480160832, 0.0280850175768, 0.0531171001494, 0.068582855165, 0.0230222139508, 0.0243641380221, 0.0203668959439, 0.018091134727, 0.0210510082543, 0.0125912213698, 0.0194371566176, 0.00780656281859, 0.00688753882423, 0.0083240326494, 0.0128240454942, 0.00710044568405, 0.00587635627016, 0.00834303256124, 0.00728189945221, 0.00498840771616, 0.00578401098028, 3.29361711238e-08],
        "mean": [0.000236977168242, 0.00990535505116, 0.00629451638088, 0.00423815473914, 0.00340925087221, 0.00265418947674, 0.00157014559954, 0.00172658031806, 0.0017510370817, 0.000821172783617, 0.000422345648985, 0.000446083256975, 0.000311170966597, 0.000449971994385, 0.000584523368161, 0.000657743483316, 0.000857311068103, 0.000387422769563, 0.000347723020241, 0.000369537243387, 0.000254283921095, 0.000198192225071, 0.000126578452182, 0.000109286658699, 0.000104626771645, 5.37839623576e-05, 1.32090272054e-09],
        "median": [4.20351861976e-05, 0.00847186334431, 0.0035103969276, 0.00296104070731, 0.00233135232702, 0.00177863566205, 0.000943984021433, 0.00082307565026, 0.000618819030933, 0.000468506128527, 0.000145189929754, 0.00022096237808, 0.000129309264594, 0.000200409878744, 0.000371076457668, 0.000410661916249, 0.00063386594411, 0.000276408303762, 0.000212971775909, 0.000204489726457, 0.000136863716762, 7.53087369958e-05, 3.88269145333e-05, 2.25412240979e-05, 3.70259767806e-05, 2.25633939408e-05, 5.49269851824e-10],
        "min": [7.19742589035e-25, 1.60382571083e-24, 1.84758757624e-24, 1.91362351705e-24, 8.55504900013e-24, 8.29241748326e-24, 1.22578082614e-23, 3.40697744254e-24, 1.41622936137e-23, 1.00069048977e-23, 1.55025793357e-23, 3.60628898781e-23, 5.0169319518e-23, 5.01720836866e-23, 6.18591463499e-23, 5.69397718796e-23, 6.88894494936e-23, 7.36428539403e-23, 1.01246889306e-22, 1.56826456726e-22, 2.64886390571e-22, 3.5652885418e-22, 3.55654089478e-22, 5.7261663732e-22, 9.13681470108e-22, 1.25021846849e-21, 2.11970242235e-21],
        "var": [2.72794920875e-07, 7.41999829188e-05, 9.94956499198e-05, 2.15558047785e-05, 1.65899764397e-05, 8.17704039946e-06, 4.07105744671e-06, 9.33442424866e-06, 1.54043245857e-05, 1.62416279181e-06, 1.05477806756e-06, 8.62136403157e-07, 6.36510662844e-07, 9.79069000095e-07, 5.60060129828e-07, 8.33338674511e-07, 6.8010740506e-07, 1.74772324613e-07, 2.38580071255e-07, 3.94372193568e-07, 1.68815944335e-07, 1.52254827412e-07, 8.83920279193e-08, 9.81612373607e-08, 5.60894122259e-08, 1.77136367796e-08, 3.97756994017e-18]
    },
    "erbbands": {
        "dmean": [0.131673634052, 1.12066185474, 4.83974981308, 8.15715694427, 6.25276374817, 6.86601686478, 9.43063735962, 8.5362405777, 10.9433279037, 11.5132255554, 20.1162891388, 17.6703338623, 16.1789321899, 15.0881719589, 10.3012962341, 11.2475681305, 8.66219615936, 11.8990688324, 17.5762844086, 15.7677230835, 19.4698295593, 18.8737163544, 12.0146102905, 8.02197933197, 10.3628034592, 8.35232543945, 6.97000360489, 5.10878801346, 4.38157272339, 2.96920275688, 1.93430924416, 1.31283223629, 0.805576145649, 0.623493731022, 0.316913157701, 0.213901907206, 0.0237450674176, 0.000461415853351, 2.38350585278e-05, 1.45249750858e-05],
        "dmean2": [0.216492161155, 1.87472677231, 8.66031455994, 14.3431072235, 10.6694021225, 11.6682739258, 14.6251163483, 13.5682153702, 17.6611728668, 18.6638183594, 29.6957702637, 26.6715164185, 25.0807418823, 23.8348827362, 16.7326164246, 18.0993919373, 14.035410881, 19.1234531403, 29.3121337891, 26.2133331299, 32.7611503601, 31.5068683624, 20.066192627, 13.4368562698, 17.2614517212, 13.4857969284, 11.533955574, 8.45125007629, 7.2267575264, 4.77397346497, 3.07031989098, 2.05018138885, 1.20025539398, 0.930875241756, 0.453512638807, 0.309021264315, 0.0351683981717, 0.000671675719786, 3.40468868671e-05, 2.40423360083e-05],
        "dvar": [0.0801151767373, 3.99642658234, 132.600570679, 279.096588135, 109.025489807, 202.209182739, 211.527816772, 254.922897339, 355.744689941, 660.59564209, 2144.10888672, 2419.37817383, 835.005004883, 922.193115234, 734.639953613, 717.685119629, 561.216552734, 780.649780273, 894.066101074, 1143.27233887, 851.774536133, 672.4921875, 322.380950928, 200.525924683, 436.794464111, 334.402618408, 231.338684082, 183.50088501, 152.452590942, 64.9564361572, 39.1693649292, 18.8996887207, 8.68236923218, 2.32696294785, 0.780054628849, 0.259609222412, 0.00365709583275, 1.32165166633e-06, 2.67417932243e-09, 5.81425796398e-10],
        "dvar2": [0.192958116531, 10.9429397583, 392.041992188, 817.042053223, 300.909606934, 552.906677246, 545.86529541, 610.604675293, 939.467773438, 1689.22717285, 5317.57275391, 5625.56835938, 1852.28918457, 2203.67504883, 1890.65893555, 1770.03210449, 1330.31970215, 1750.77722168, 2302.82373047, 3143.54736328, 2274.09790039, 1824.5402832, 847.454101562, 532.652954102, 1098.74633789, 740.607910156, 598.18572998, 481.077972412, 400.356231689, 157.948379517, 95.2868270874, 45.6170845032, 17.8618526459, 4.79236459732, 1.72829961777, 0.46031960845, 0.0070094531402, 2.43237718678e-06, 4.59000304431e-09, 1.5389720609e-09],
        "max": [5.33760213852, 26.6179065704, 136.459564209, 193.127044678, 118.746833801, 389.889465332, 265.991851807, 412.653106689, 477.969024658, 702.208557129, 1249.48291016, 2153.2565918, 916.497558594, 874.99230957, 1160.11853027, 939.511413574, 712.03302002, 1149.41162109, 713.478210449, 1117.67883301, 881.194702148, 490.763092041, 429.01171875, 333.96307373, 606.517028809, 601.113342285, 422.260620117, 341.463684082, 234.706039429, 228.868209839, 198.010665894, 153.815124512, 124.800704956, 49.044670105, 43.2170524597, 43.8000221252, 4.72924661636, 0.0920335277915, 0.00412228051573, 0.000462043244625],
        "mean": [0.229224324226, 2.42866253853, 6.96440601349, 13.1566905975, 10.1285028458, 11.0554170609, 21.6348190308, 17.5982894897, 22.5261936188, 21.0082149506, 45.0457038879, 40.3552436829, 31.7326335907, 26.5055885315, 18.0504188538, 18.8544921875, 15.7172422409, 22.825969696, 30.1363239288, 30.9075965881, 39.983001709, 43.2529830933, 25.8000240326, 15.3450193405, 20.1426696777, 17.0716495514, 12.9341526031, 8.6303024292, 7.20940923691, 5.24537467957, 3.43968963623, 2.56163358688, 1.67819678783, 1.26100385189, 0.6883893013, 0.429479897022, 0.0425805263221, 0.000879958504811, 6.48459899821e-05, 5.01160866406e-05],
        "median": [0.168668910861, 2.11054229736, 3.86201143265, 9.41754341125, 7.33666372299, 6.82891368866, 14.207444191, 10.0139513016, 14.6503601074, 10.8913297653, 21.4962902069, 15.304561615, 16.6692733765, 13.5466661453, 8.50185775757, 10.0693721771, 7.31702566147, 10.5814809799, 18.7153015137, 18.311296463, 28.5601387024, 33.5775756836, 19.3689231873, 10.8961553574, 11.5486459732, 9.58424854279, 7.46382379532, 4.00216579437, 2.57487940788, 2.12189006805, 0.959899127483, 0.552678585052, 0.349083513021, 0.386974781752, 0.256869852543, 0.178605392575, 0.0172975230962, 0.00036723370431, 3.977263259e-05, 4.53018619737e-05],
        "min": [8.22517056208e-23, 3.74729882126e-22, 2.62549004544e-21, 1.06221202827e-20, 2.17820776001e-20, 2.31396021543e-20, 7.70884897261e-20, 1.11398817086e-19, 2.69598918695e-19, 3.54815995978e-19, 2.42673905413e-19, 3.78043899663e-19, 4.1122007193e-19, 1.00757598625e-18, 1.01360013585e-18, 1.6949322628e-18, 2.39876938928e-18, 2.346737454e-18, 3.07445187264e-18, 3.53487114814e-18, 4.7564200439e-18, 4.04174798877e-18, 5.08703048625e-18, 5.61192787012e-18, 7.80616878793e-18, 7.98071216899e-18, 1.22901577243e-17, 1.04572446009e-17, 1.35504674763e-17, 1.32159200679e-17, 9.54263596064e-18, 1.12666970785e-17, 9.813898262e-18, 9.02893446637e-18, 6.52880629393e-18, 3.84095940765e-18, 2.21093424976e-18, 9.87676812445e-19, 2.60823126931e-19, 2.83331364096e-20],
        "var": [0.0779630616307, 4.15688037872, 98.0359039307, 232.244049072, 116.529052734, 224.507156372, 568.510925293, 584.734008789, 698.742126465, 1451.81152344, 6347.5, 8886.81347656, 3235.73681641, 2287.48095703, 1291.24938965, 1523.19287109, 1243.8293457, 2823.11645508, 1640.5402832, 2418.73486328, 1740.97375488, 1668.98498535, 673.986938477, 302.611206055, 992.182128906, 904.079467773, 373.830657959, 266.125366211, 218.567810059, 111.40802002, 69.7490997314, 43.8494491577, 28.6357479095, 8.29301261902, 2.81325793266, 1.11551845074, 0.0112326880917, 4.5498450163e-06, 1.14210108038e-08, 9.32002475196e-10]
    },
    "gfcc": {
        "mean": [14.2110290527, 110.995056152, -118.125778198, 47.3335876465, -50.3202133179, 11.7889604568, -38.4596061707, 19.6688919067, -21.5181312561, 5.22048664093, -21.8811092377, -0.921837031841, -5.85470676422],
        "cov": [[12934.1494141, -914.314453125, 242.215026855, 613.813476562, -632.949584961, 670.530639648, -557.221313477, 350.194458008, -345.466491699, 444.940002441, -419.798339844, 294.607818604, -124.076728821], [-914.314453125, 1309.21862793, -255.906112671, -176.976928711, 299.665039062, -315.260253906, 272.102294922, -108.219863892, 175.665176392, -177.509613037, 142.140869141, -119.754005432, 97.5906524658], [242.215026855, -255.906112671, 514.213684082, 110.238098145, 3.47375202179, 126.45211792, -72.9558258057, 44.59167099, -49.1577644348, 46.3019752502, -67.1142501831, 58.7835121155, -17.2855987549], [613.813476562, -176.976928711, 110.238098145, 233.96333313, -14.8793621063, 64.2380447388, -44.2379188538, -0.814193844795, -18.9814968109, 24.3873176575, -32.6335716248, 23.1348648071, 3.58648347855], [-632.949584961, 299.665039062, 3.47375202179, -14.8793621063, 237.195571899, -69.0760116577, 90.5080947876, -26.6773967743, 21.5979537964, -35.5021362305, 18.8346347809, -14.4040384293, 15.4055042267], [670.530639648, -315.260253906, 126.45211792, 64.2380447388, -69.0760116577, 193.881896973, -51.468334198, 42.8374900818, -61.7497177124, 38.0517997742, -50.7915840149, 29.4802131653, -28.6527271271], [-557.221313477, 272.102294922, -72.9558258057, -44.2379188538, 90.5080947876, -51.468334198, 162.632415771, -9.06129455566, 46.14270401, -53.6457748413, 36.9014167786, -36.9188842773, 17.2296123505], [350.194458008, -108.219863892, 44.59167099, -0.814193844795, -26.6773967743, 42.8374900818, -9.06129455566, 94.4265136719, -1.91188645363, 27.8089008331, -30.807477951, 8.64427185059, -17.993314743], [-345.466491699, 175.665176392, -49.1577644348, -18.9814968109, 21.5979537964, -61.7497177124, 46.14270401, -1.91188645363, 106.462783813, -17.8463077545, 32.5511817932, -36.6680603027, 17.5192317963], [444.940002441, -177.509613037, 46.3019752502, 24.3873176575, -35.5021362305, 38.0517997742, -53.6457748413, 27.8089008331, -17.8463077545, 95.3217315674, -18.250875473, 30.5290527344, -23.8567066193], [-419.798339844, 142.140869141, -67.1142501831, -32.6335716248, 18.8346347809, -50.7915840149, 36.9014167786, -30.807477951, 32.5511817932, -18.250875473, 85.5917663574, -11.294549942, 15.5316772461], [294.607818604, -119.754005432, 58.7835121155, 23.1348648071, -14.4040384293, 29.4802131653, -36.9188842773, 8.64427185059, -36.6680603027, 30.5290527344, -11.294549942, 76.9508285522, 7.72309112549], [-124.076728821, 97.5906524658, -17.2855987549, 3.58648347855, 15.4055042267, -28.6527271271, 17.2296123505, -17.993314743, 17.5192317963, -23.8567066193, 15.5316772461, 7.72309112549, 63.0867156982]],
        "icov": [[0.000289566873107, -0.000879747036379, 0.000353674491635, -0.000800861336756, 0.000872111646459, -0.000932321068831, 0.000634231080767, -0.000761794159189, 0.00061692163581, -0.00104889692739, 0.000936373777222, -0.00078374898294, 0.000343400635757], [-0.000879747036379, 0.00528390798718, -0.00109266769141, 0.00316012371331, -0.00429856590927, 0.00455083837733, -0.00323628284968, 0.00288696680218, -0.00305823446251, 0.00457095820457, -0.00360274058767, 0.00350445136428, -0.00252348603681], [0.000353674491635, -0.00109266769141, 0.00322247808799, -0.0016512281727, 0.000140298943734, -0.00249162153341, 0.00160671386402, -0.00146677496377, 0.000259271037066, -0.00112526677549, 0.00195615529083, -0.00231079221703, 0.00064339779783], [-0.000800861336756, 0.00316012371331, -0.0016512281727, 0.00775888934731, -0.00313624134287, 0.00155649671797, -0.00141505990177, 0.00368725135922, -0.0028543358203, 0.00256772292778, -0.00155853980687, 0.00228751264513, -0.00257887993939], [0.000872111646459, -0.00429856590927, 0.000140298943734, -0.00313624134287, 0.00989525765181, -0.00168984406628, -0.000943934952375, -0.00148172257468, 0.00338579644449, -0.00404148921371, 0.00402983278036, -0.00339084328152, 0.00218728883192], [-0.000932321068831, 0.00455083837733, -0.00249162153341, 0.00155649671797, -0.00168984406628, 0.0135201187804, -0.00399747490883, 0.000657461991068, 0.00107256486081, 0.00372968264855, -0.00220070010982, 0.00336493481882, -0.000569752941374], [0.000634231080767, -0.00323628284968, 0.00160671386402, -0.00141505990177, -0.000943934952375, -0.00399747490883, 0.0132329799235, -0.00406926032156, -0.000255372258835, 0.000849331903737, -0.000105264734884, -0.000671774731018, 0.000914872740395], [-0.000761794159189, 0.00288696680218, -0.00146677496377, 0.00368725135922, -0.00148172257468, 0.000657461991068, -0.00406926032156, 0.017020791769, -0.0050037750043, 3.90206150769e-05, 0.00220178789459, 0.000870101561304, 0.000806392112281], [0.00061692163581, -0.00305823446251, 0.000259271037066, -0.0028543358203, 0.00338579644449, 0.00107256486081, -0.000255372258835, -0.0050037750043, 0.0175507850945, -0.00485336454585, -0.00123775214888, 0.00455737672746, -0.00248193833977], [-0.00104889692739, 0.00457095820457, -0.00112526677549, 0.00256772292778, -0.00404148921371, 0.00372968264855, 0.000849331903737, 3.90206150769e-05, -0.00485336454585, 0.0211204905063, -0.00449102511629, -0.00227689067833, 0.00359091535211], [0.000936373777222, -0.00360274058767, 0.00195615529083, -0.00155853980687, 0.00402983278036, -0.00220070010982, -0.000105264734884, 0.00220178789459, -0.00123775214888, -0.00449102511629, 0.0205638762563, -0.00479616597295, 0.000882366148289], [-0.00078374898294, 0.00350445136428, -0.00231079221703, 0.00228751264513, -0.00339084328152, 0.00336493481882, -0.000671774731018, 0.000870101561304, 0.00455737672746, -0.00227689067833, -0.00479616597295, 0.0234327316284, -0.0087522873655], [0.000343400635757, -0.00252348603681, 0.00064339779783, -0.00257887993939, 0.00218728883192, -0.000569752941374, 0.000914872740395, 0.000806392112281, -0.00248193833977, 0.00359091535211, 0.000882366148289, -0.0087522873655, 0.022841764614]]
    },
    "melbands": {
        "dmean": [0.00117672490887, 0.00211846921593, 0.00125068670604, 0.000498102861457, 0.00029245542828, 0.000194051433937, 0.000168991391547, 0.000123784411699, 0.000165886885952, 0.000112091227493, 8.1163008872e-05, 6.37432822259e-05, 3.8050537114e-05, 3.16871883115e-05, 2.16385014937e-05, 2.11823171412e-05, 2.29029501497e-05, 2.75134298136e-05, 2.37665681198e-05, 2.23335991905e-05, 2.72900033451e-05, 2.22905619012e-05, 2.02142546186e-05, 7.83857467468e-06, 7.0499636422e-06, 7.28701070329e-06, 8.03775492386e-06, 5.71462260268e-06, 5.00294709127e-06, 3.71665237253e-06, 3.12857036988e-06, 2.73505770565e-06, 2.23337747229e-06, 1.58169928e-06, 1.21744460557e-06, 9.97009351522e-07, 8.3192941247e-07, 6.05823402111e-07, 5.72303292756e-07, 5.71765781388e-07],
        "dmean2": [0.00192558614071, 0.00372694991529, 0.00219996413216, 0.000845375005156, 0.000462430616608, 0.000308007001877, 0.000270963675575, 0.000200989627047, 0.000244789029239, 0.000169659339008, 0.000125863327412, 0.000101056532003, 6.17297919234e-05, 5.13597842655e-05, 3.50750378857e-05, 3.40059086739e-05, 3.71235546481e-05, 4.5927521569e-05, 3.95119859604e-05, 3.70473244402e-05, 4.60330666101e-05, 3.73462389689e-05, 3.38240060955e-05, 1.31742817757e-05, 1.18688958537e-05, 1.22143901535e-05, 1.32812710945e-05, 9.2798636615e-06, 8.33056310512e-06, 6.23064534011e-06, 5.2098262131e-06, 4.54564997199e-06, 3.67628717868e-06, 2.5700153401e-06, 1.95751749743e-06, 1.60098772994e-06, 1.30351384087e-06, 9.1984526307e-07, 8.7833092266e-07, 8.67785956871e-07],
        "dvar": [5.11335929332e-06, 2.26472257054e-05, 6.19091815679e-06, 9.83211066341e-07, 2.06491677091e-07, 1.15683207014e-07, 8.33025737279e-08, 7.94926293679e-08, 1.464918995e-07, 8.75461765304e-08, 2.16343831738e-08, 1.69601399591e-08, 9.89805393203e-09, 5.87702819743e-09, 3.6290681571e-09, 4.03767064228e-09, 2.62394350692e-09, 2.47044096291e-09, 1.95364169286e-09, 2.2150257184e-09, 1.69900316038e-09, 9.85282522237e-10, 8.29708690642e-10, 1.51381490676e-10, 1.55795834567e-10, 1.88193322037e-10, 3.0583974242e-10, 1.71014424843e-10, 1.17612058981e-10, 6.74517594557e-11, 7.98554555814e-11, 6.13059464305e-11, 3.36806173229e-11, 2.16940319875e-11, 1.64472550163e-11, 1.09158567602e-11, 7.89290681424e-12, 5.51493746503e-12, 3.16846527314e-12, 1.80879920417e-12],
        "dvar2": [1.25920996652e-05, 6.6051070462e-05, 1.8065686163e-05, 2.68395137937e-06, 5.42642567325e-07, 2.78766378869e-07, 2.19701149717e-07, 1.99754126129e-07, 3.59643848924e-07, 2.01365565999e-07, 4.83836295473e-08, 4.11228633368e-08, 2.47097222683e-08, 1.5049412383e-08, 9.13586717388e-09, 9.38433863951e-09, 5.95965721217e-09, 6.13054806919e-09, 5.24160759241e-09, 5.93728932685e-09, 4.57593296588e-09, 2.70052757934e-09, 2.18335971525e-09, 3.97818361586e-10, 4.1601228018e-10, 4.99330188308e-10, 7.38364425157e-10, 3.79233117132e-10, 3.0167382481e-10, 1.76820502684e-10, 2.12923470522e-10, 1.62162852591e-10, 8.76122507876e-11, 5.393900257e-11, 4.10097789061e-11, 2.72527174439e-11, 1.95585370816e-11, 1.17899960628e-11, 6.71921936493e-12, 3.99808745138e-12],
        "max": [0.0417806021869, 0.055902864784, 0.0278887730092, 0.0196977593005, 0.00730862654746, 0.00852547679096, 0.00667881965637, 0.00843432266265, 0.00900984741747, 0.0123395416886, 0.00440175598487, 0.00367023446597, 0.00369928125292, 0.00223435158841, 0.00178730126936, 0.00224862480536, 0.00198072055355, 0.00119355448987, 0.00111736590043, 0.00164338725153, 0.00126364792231, 0.000641283986624, 0.000438912480604, 0.000318728620186, 0.000311100884574, 0.000279743369902, 0.000506107171532, 0.000500422262121, 0.000311416224577, 0.000149777333718, 0.000246227369644, 0.000157509421115, 0.000127537714434, 0.000156762369443, 0.000135053662234, 0.000109519845864, 8.56018450577e-05, 0.000100839963125, 5.61984379601e-05, 4.46743724751e-05],
        "mean": [0.00243350397795, 0.00361270783469, 0.00209499988705, 0.000763129733969, 0.00066622387385, 0.000414623063989, 0.000348217814462, 0.00022933074797, 0.000374657509383, 0.000248031195952, 0.000151444968651, 0.000105963961687, 6.18482808932e-05, 5.1962913858e-05, 3.61469210475e-05, 3.79364464607e-05, 4.09037929785e-05, 4.51736414107e-05, 4.22159828304e-05, 4.06134568038e-05, 5.05521238665e-05, 4.59552829852e-05, 3.75429881387e-05, 1.45848789543e-05, 1.18015341286e-05, 1.31148144646e-05, 1.50497244249e-05, 1.04939126686e-05, 8.62308843352e-06, 6.17711611994e-06, 4.63783999294e-06, 4.16396005676e-06, 3.61852789865e-06, 2.59165608441e-06, 2.01049624593e-06, 1.69391944382e-06, 1.52958841682e-06, 1.16527041882e-06, 1.09719849206e-06, 1.06086861251e-06],
        "median": [0.00204458995722, 0.00253363093361, 0.00159583915956, 0.0004923742963, 0.00045381867676, 0.00025452641421, 0.000221701746341, 0.000118058647786, 0.000177792928298, 8.66332120495e-05, 7.57672169129e-05, 5.16000727657e-05, 2.38311258727e-05, 2.63607253146e-05, 1.86070046766e-05, 1.54059180204e-05, 1.80653205462e-05, 2.61745099124e-05, 2.65243543254e-05, 2.27024465858e-05, 3.49224392266e-05, 3.38496283803e-05, 2.64321461145e-05, 1.03732963908e-05, 7.62405943533e-06, 7.98113796918e-06, 7.73262672737e-06, 5.59129057365e-06, 4.70863369628e-06, 3.35899471793e-06, 1.81807013178e-06, 1.33837818339e-06, 1.38936525218e-06, 9.92153559309e-07, 5.57308112548e-07, 3.62302813528e-07, 3.05675627033e-07, 2.10483847241e-07, 2.5839386808e-07, 3.33882439918e-07],
        "min": [6.46229775265e-25, 8.52025293725e-25, 3.21482256173e-24, 1.81641711808e-24, 2.50817397903e-24, 2.00493258911e-24, 4.06964387432e-24, 3.93061976155e-24, 2.20485952478e-24, 2.04282355054e-24, 1.59485350272e-24, 3.14057931206e-24, 3.22295907032e-24, 3.6750229118e-24, 4.76190521183e-24, 4.62111089518e-24, 3.20521739134e-24, 3.75350707769e-24, 4.80925658766e-24, 4.0772595375e-24, 5.10775879318e-24, 2.56447261526e-24, 5.84224824937e-24, 3.55887418756e-24, 4.168120931e-24, 3.88255091672e-24, 6.67596102465e-24, 4.76342021919e-24, 6.93296559669e-24, 5.29640580677e-24, 5.10131222187e-24, 6.14352763971e-24, 5.27869745717e-24, 7.23462521798e-24, 5.44036542779e-24, 4.3496445306e-24, 6.38916906484e-24, 6.34247914887e-24, 6.67290024434e-24, 7.24507446953e-24],
        "var": [5.33133561476e-06, 1.76033736352e-05, 5.14809516972e-06, 1.02081196474e-06, 4.86121393806e-07, 2.72804385304e-07, 1.71619518596e-07, 1.86779359979e-07, 4.62542772084e-07, 3.48071779399e-07, 8.09936793189e-08, 3.94651493707e-08, 2.01734753347e-08, 9.94751836458e-09, 6.77113787262e-09, 1.03717869848e-08, 8.78699868423e-09, 4.78994266473e-09, 3.2839115871e-09, 5.08842745717e-09, 2.99725155806e-09, 2.15323781028e-09, 1.66459057649e-09, 2.58178700641e-10, 2.1982400622e-10, 3.31223826144e-10, 7.68403674023e-10, 4.23436868902e-10, 1.88393592393e-10, 9.91021847918e-11, 1.02813646485e-10, 8.28150326093e-11, 5.01061275804e-11, 3.34090810572e-11, 2.64602506572e-11, 2.03472880905e-11, 1.73857005181e-11, 1.66385256267e-11, 9.56756982667e-12, 5.54242502587e-12]
    },
    "mfcc": {
        "mean": [-623.057739258, 131.973052979, -4.32959747314, 38.2427787781, 10.0359487534, 2.45459699631, -2.21245598793, 5.52182483673, 9.8506231308, 3.41293334961, -1.29106879234, 0.377063214779, 2.32059383392],
        "cov": [[7689.44580078, -652.726806641, 488.999694824, 128.386184692, 81.5708465576, 218.036376953, -43.2787399292, -30.9462757111, 93.3139648438, -17.5201816559, 63.9050941467, -13.3676347733, -34.7007598877], [-652.726806641, 1383.57006836, -375.833007812, 210.740921021, -21.0037441254, -58.1182060242, 19.5866909027, 70.3330001831, 45.7863121033, 21.0719852448, 9.63795566559, 23.3376979828, 40.5153007507], [488.999694824, -375.833007812, 440.0675354, -18.6258201599, 61.995967865, 49.3041381836, -11.0944213867, -3.34854006767, 7.63662099838, -15.1439676285, -9.13059806824, 11.1513090134, -36.4106063843], [128.386184692, 210.740921021, -18.6258201599, 236.051391602, 45.2453269958, 38.7428588867, -0.405621856451, 10.8366994858, 24.5523357391, 0.744704067707, -11.6191482544, -1.62937772274, 24.7368812561], [81.5708465576, -21.0037441254, 61.995967865, 45.2453269958, 116.657684326, 30.4506816864, 5.76907348633, -5.39366769791, 9.28539085388, -11.5310659409, -6.42275667191, 2.28331875801, 0.716301143169], [218.036376953, -58.1182060242, 49.3041381836, 38.7428588867, 30.4506816864, 107.466949463, 27.4325351715, 4.5410323143, 2.46854019165, -14.2002735138, 0.501637756824, -6.21991682053, -10.7478494644], [-43.2787399292, 19.5866909027, -11.0944213867, -0.405621856451, 5.76907348633, 27.4325351715, 93.2394104004, 27.952999115, 1.11838197708, -7.91855287552, 1.10104811192, -0.743652284145, -6.05166864395], [-30.9462757111, 70.3330001831, -3.34854006767, 10.8366994858, -5.39366769791, 4.5410323143, 27.952999115, 77.2918395996, 23.9307556152, 6.58177375793, -3.29250645638, -3.69703698158, -2.33765149117], [93.3139648438, 45.7863121033, 7.63662099838, 24.5523357391, 9.28539085388, 2.46854019165, 1.11838197708, 23.9307556152, 70.3879928589, 17.9574184418, 2.81020283699, -5.10670852661, -1.39623248577], [-17.5201816559, 21.0719852448, -15.1439676285, 0.744704067707, -11.5310659409, -14.2002735138, -7.91855287552, 6.58177375793, 17.9574184418, 77.4655990601, 17.1168251038, -0.636611640453, -11.0087842941], [63.9050941467, 9.63795566559, -9.13059806824, -11.6191482544, -6.42275667191, 0.501637756824, 1.10104811192, -3.29250645638, 2.81020283699, 17.1168251038, 69.5988082886, 14.1658697128, -9.16555500031], [-13.3676347733, 23.3376979828, 11.1513090134, -1.62937772274, 2.28331875801, -6.21991682053, -0.743652284145, -3.69703698158, -5.10670852661, -0.636611640453, 14.1658697128, 63.0250396729, 15.2042388916], [-34.7007598877, 40.5153007507, -36.4106063843, 24.7368812561, 0.716301143169, -10.7478494644, -6.05166864395, -2.33765149117, -1.39623248577, -11.0087842941, -9.16555500031, 15.2042388916, 67.7072372437]],
