{
"lowlevel": {
    "average_loudness": 0.372271537781,
    "barkbands_crest": {
        "dmean": 2.75723910332,
        "dmean2": 4.19271183014,
        "dvar": 6.11280965805,
        "dvar2": 13.1467695236,
        "max": 25.8789730072,
        "mean": 11.3636322021,
        "median": 10.1708097458,
        "min": 2.4826540947,
        "var": 23.8752117157
    },
    "barkbands_flatness_db": {
        "dmean": 0.0237427279353,
        "dmean2": 0.032419655472,
        "dvar": 0.000454870285466,
        "dvar2": 0.000791308295447,
        "max": 0.370600879192,
        "mean": 0.129649892449,
        "median": 0.116573825479,
        "min": 0.0333472713828,
        "var": 0.00278635253198
    },
    "barkbands_kurtosis": {
        "dmean": 2.68971586227,
        "dmean2": 3.93352818489,
        "dvar": 26.8679237366,
        "dvar2": 53.563999176,
        "max": 222.985137939,
        "mean": 5.28484964371,
        "median": 2.10725164413,
        "min": -1.75804889202,
        "var": 161.234176636
    },
    "barkbands_skewness": {
        "dmean": 0.47096323967,
        "dmean2": 0.681523442268,
        "dvar": 0.212876260281,
        "dvar2": 0.427880227566,
        "max": 12.8567085266,
        "mean": 1.68432378769,
        "median": 1.48962473869,
        "min": -1.82027900219,
        "var": 1.71389567852
    },
    "barkbands_spread": {
        "dmean": 4.42680311203,
        "dmean2": 6.51313972473,
        "dvar": 19.0702667236,
        "dvar2": 42.341506958,
        "max": 54.8036956787,
        "mean": 17.0764770508,
        "median": 16.5875339508,
        "min": 0.45402315259,
        "var": 68.0512466431
    },
    "dissonance": {
        "dmean": 0.0223848968744,
        "dmean2": 0.0365746505558,
        "dvar": 0.000393651105696,
        "dvar2": 0.00100993609522,
        "max": 0.5,
        "mean": 0.451332807541,
        "median": 0.458169490099,
        "min": 0.253973275423,
        "var": 0.00111213489436
    },
    "dynamic_complexity": 4.56223249435,
    "erbbands_crest": {
        "dmean": 2.99927258492,
        "dmean2": 4.56992721558,
        "dvar": 7.71742343903,
        "dvar2": 16.7799282074,
        "max": 32.234336853,
        "mean": 11.2701511383,
        "median": 10.0998268127,
        "min": 2.90516519547,
        "var": 26.4874095917
    },
    "erbbands_flatness_db": {
        "dmean": 0.0227938462049,
        "dmean2": 0.0306766070426,
        "dvar": 0.000441949989181,
        "dvar2": 0.000774990650825,
        "max": 0.378493219614,
        "mean": 0.176089629531,
        "median": 0.16871368885,
        "min": 0.0388070717454,
        "var": 0.00256602955051
    },
    "erbbands_kurtosis": {
        "dmean": 1.06045210361,
        "dmean2": 1.56000053883,
        "dvar": 2.41481304169,
        "dvar2": 4.42359685898,
        "max": 73.8888473511,
        "mean": 0.835377395153,
        "median": -0.0341720581055,
        "min": -1.71539056301,
        "var": 9.49589157104
    },
    "erbbands_skewness": {
        "dmean": 0.375196933746,
        "dmean2": 0.539447844028,
        "dvar": 0.115760885179,
        "dvar2": 0.237098902464,
        "max": 7.47483301163,
        "mean": 0.82731127739,
        "median": 0.779452264309,
        "min": -2.74417042732,
        "var": 0.624260246754
    },
    "erbbands_spread": {
        "dmean": 6.16558027267,
        "dmean2": 8.99491024017,
        "dvar": 31.1001682281,
        "dvar2": 68.3887405396,
        "max": 102.258811951,
        "mean": 31.7910518646,
        "median": 31.1955375671,
        "min": 2.00763893127,
        "var": 148.00038147
    },
    "hfc": {
        "dmean": 4.82375049591,
        "dmean2": 5.72241830826,
        "dvar": 61.7346496582,
        "dvar2": 80.9943389893,
        "max": 252.69178772,
        "mean": 13.9547519684,
        "median": 8.71048545837,
        "min": 1.15757507805e-16,
        "var": 292.569244385
    },
    "melbands_crest": {
        "dmean": 3.16550970078,
        "dmean2": 4.81351995468,
        "dvar": 7.99442720413,
        "dvar2": 17.5598068237,
        "max": 35.3938026428,
        "mean": 14.1619911194,
        "median": 12.8691062927,
        "min": 2.5122423172,
        "var": 35.2292022705
    },
    "melbands_flatness_db": {
        "dmean": 0.0238885488361,
        "dmean2": 0.0329676568508,
        "dvar": 0.000461433111923,
        "dvar2": 0.000824431888759,
        "max": 0.435961186886,
        "mean": 0.175833433867,
        "median": 0.160266011953,
        "min": 0.00612852582708,
        "var": 0.00356153375469
    },
    "melbands_kurtosis": {
        "dmean": 4.79038143158,
        "dmean2": 7.14499521255,
        "dvar": 86.6803207397,
        "dvar2": 197.007675171,
        "max": 472.319824219,
        "mean": 11.3323307037,
        "median": 6.86292171478,
        "min": -1.68903815746,
        "var": 398.807678223
    },
    "melbands_skewness": {
        "dmean": 0.551619529724,
        "dmean2": 0.808641791344,
        "dvar": 0.299466699362,
        "dvar2": 0.651674568653,
        "max": 17.4544467926,
        "mean": 2.31165385246,
        "median": 2.11233139038,
        "min": -1.29120218754,
        "var": 2.00527954102
    },
    "melbands_spread": {
        "dmean": 5.64446640015,
        "dmean2": 8.22627067566,
        "dvar": 35.324508667,
        "dvar2": 73.7561187744,
        "max": 125.41204834,
        "mean": 20.7691936493,
        "median": 18.9683990479,
        "min": 0.620856881142,
        "var": 148.410263062
    },
    "pitch_salience": {
        "dmean": 0.068870216608,
        "dmean2": 0.105754978955,
        "dvar": 0.00352557585575,
        "dvar2": 0.0077452021651,
        "max": 0.833378791809,
        "mean": 0.507754504681,
        "median": 0.51891463995,
        "min": 0.092621691525,
        "var": 0.014171008952
    },
    "silence_rate_20dB": {
        "dmean": 0.000209489895497,
        "dmean2": 0.000419023679569,
        "dvar": 0.000209410616662,
        "dvar2": 0.000418898765929,
        "max": 1,
        "mean": 0.999581038952,
        "median": 1,
        "min": 0,
        "var": 0.000418811105192
    },
    "silence_rate_30dB": {
        "dmean": 0.00712265633047,
        "dmean2": 0.0142468046397,
        "dvar": 0.00707201473415,
        "dvar2": 0.0159289408475,
        "max": 1,
        "mean": 0.98973608017,
        "median": 1,
        "min": 0,
        "var": 0.0101593378931
    },
    "silence_rate_60dB": {
        "dmean": 0.0498585961759,
        "dmean2": 0.0997276380658,
        "dvar": 0.0473673455417,
        "dvar2": 0.110103495419,
        "max": 1,
        "mean": 0.107038125396,
        "median": 0,
        "min": 0,
        "var": 0.0955795049667
    },
    "spectral_centroid": {
        "dmean": 238.179092407,
        "dmean2": 345.684326172,
        "dvar": 62945.5,
        "dvar2": 119289.296875,
        "max": 10921.1748047,
        "mean": 1418.20178223,
        "median": 1350.46826172,
        "min": 311.211700439,
        "var": 328553.4375
    },
    "spectral_complexity": {
        "dmean": 2.15313720703,
        "dmean2": 3.28032684326,
        "dvar": 3.59557199478,
        "dvar2": 7.77875804901,
        "max": 29,
        "mean": 12.6802473068,
        "median": 13,
        "min": 0,
        "var": 22.2503738403
    },
    "spectral_decrease": {
        "dmean": 1.33728816909e-09,
        "dmean2": 1.5841501444e-09,
        "dvar": 6.62594873071e-18,
        "dvar2": 7.77305343929e-18,
        "max": -1.10982158417e-28,
        "mean": -3.55862384005e-09,
        "median": -2.01327154947e-09,
        "min": -1.22327961094e-07,
        "var": 3.23579225171e-17
    },
    "spectral_energy": {
        "dmean": 0.00544364983216,
        "dmean2": 0.006435115356,
        "dvar": 0.000105954517494,
        "dvar2": 0.000124721744214,
        "max": 0.480815589428,
        "mean": 0.0146967992187,
        "median": 0.00845302827656,
        "min": 1.09184205786e-20,
        "var": 0.000517776352353
    },
    "spectral_energyband_high": {
        "dmean": 0.00016100180801,
        "dmean2": 0.000223148221266,
        "dvar": 7.4915078585e-08,
        "dvar2": 1.43660173535e-07,
        "max": 0.00647040829062,
        "mean": 0.000367163302144,
        "median": 0.000244255992584,
        "min": 7.65259439017e-21,
        "var": 2.09621006775e-07
    },
    "spectral_energyband_low": {
        "dmean": 0.000103932601633,
        "dmean2": 0.000167829290149,
        "dvar": 3.21976649786e-08,
        "dvar2": 7.88866501011e-08,
        "max": 0.00446492852643,
        "mean": 0.000187326397281,
        "median": 7.63430725783e-05,
        "min": 5.51670373425e-23,
        "var": 7.97826800181e-08
    },
    "spectral_energyband_middle_high": {
        "dmean": 0.00189371267334,
        "dmean2": 0.00231765466742,
        "dvar": 2.19571920752e-05,
        "dvar2": 2.99093335343e-05,
        "max": 0.174404129386,
        "mean": 0.00440984498709,
        "median": 0.00214912137017,
        "min": 1.79627843792e-21,
        "var": 7.1908281825e-05
    },
    "spectral_energyband_middle_low": {
        "dmean": 0.00401398912072,
        "dmean2": 0.00488350912929,
        "dvar": 7.97323955339e-05,
        "dvar2": 9.27996516111e-05,
        "max": 0.477032184601,
        "mean": 0.00986121688038,
        "median": 0.0047442461364,
        "min": 3.94750237889e-22,
        "var": 0.000398252101149
    },
    "spectral_entropy": {
        "dmean": 0.203333392739,
        "dmean2": 0.276564627886,
        "dvar": 0.0345257669687,
        "dvar2": 0.0616467557847,
        "max": 9.807097435,
        "mean": 7.32984733582,
        "median": 7.40701532364,
        "min": 5.08242416382,
        "var": 0.171779602766
    },
    "spectral_flux": {
        "dmean": 0.01526068151,
        "dmean2": 0.0246319770813,
        "dvar": 0.000336332013831,
        "dvar2": 0.000890024879482,
        "max": 0.283886790276,
        "mean": 0.049162350595,
        "median": 0.0439082309604,
        "min": 1.04491248987e-10,
        "var": 0.000765067699831
    },
    "spectral_kurtosis": {
        "dmean": 1.21107923985,
        "dmean2": 2.07603287697,
        "dvar": 1.93345832825,
        "dvar2": 5.62738656998,
        "max": 30.630355835,
        "mean": 4.88423156738,
        "median": 4.37165164948,
        "min": -1.19712150097,
        "var": 4.77374362946
    },
    "spectral_rms": {
        "dmean": 0.000608447240666,
        "dmean2": 0.00073585275095,
        "dvar": 4.98243991842e-07,
        "dvar2": 6.54341477002e-07,
        "max": 0.0216584485024,
        "mean": 0.00327741121873,
        "median": 0.00287173409015,
        "min": 3.26375818732e-12,
        "var": 3.59703426511e-06
    },
    "spectral_rolloff": {
        "dmean": 442.034210205,
        "dmean2": 734.48223877,
        "dvar": 357454.78125,
        "dvar2": 754142.6875,
        "max": 18733.8867188,
        "mean": 1603.2076416,
        "median": 1248.92578125,
        "min": 64.599609375,
        "var": 933987.125
    },
    "spectral_skewness": {
        "dmean": 0.164157673717,
        "dmean2": 0.269226610661,
        "dvar": 0.0241580549628,
        "dvar2": 0.0636735409498,
        "max": 4.45890474319,
        "mean": 1.61753988266,
        "median": 1.56580162048,
        "min": -0.0160296279937,
        "var": 0.098728440702
    },
    "spectral_spread": {
        "dmean": 464565.0625,
        "dmean2": 696858.125,
        "dvar": 339349274624,
        "dvar2": 605794533376,
        "max": 40861572,
        "mean": 4446638,
        "median": 4395572,
        "min": 1873751,
        "var": 1.03657603072e+12
    },
    "spectral_strongpeak": {
        "dmean": 0.702397406101,
        "dmean2": 1.04396986961,
        "dvar": 1.03010320663,
        "dvar2": 2.22658967972,
        "max": 14.1119670868,
        "mean": 1.58096516132,
        "median": 1.06557893753,
        "min": 0,
        "var": 2.78105306625
    },
    "zerocrossingrate": {
        "dmean": 0.0108189564198,
        "dmean2": 0.0128435464576,
        "dvar": 0.000106011408207,
        "dvar2": 0.000139809126267,
        "max": 0.48046875,
        "mean": 0.0689171552658,
        "median": 0.06884765625,
        "min": 0.00146484375,
        "var": 0.000668373948429
    },
    "barkbands": {
        "dmean": [1.04201694739e-06, 1.75299610419e-05, 5.22138616361e-05, 0.000123146150145, 0.000587287649978, 0.000536100240424, 0.0023796313908, 0.000630121910945, 0.000806573138107, 0.000337527104421, 0.000815961218905, 0.000395885232138, 0.000113890971988, 8.54728059494e-05, 0.000170923769474, 0.000151136395289, 0.000162641896168, 0.000189938029507, 0.000130900298245, 0.00013904744992, 7.72709900048e-05, 2.46985873673e-05, 1.77732545126e-05, 1.08889744297e-05, 8.65576657816e-06, 1.11778508654e-05, 1.02944777609e-05],
        "dmean2": [1.87666705642e-06, 2.94365745503e-05, 8.5577412392e-05, 0.000196142500499, 0.00074418017175, 0.000787555298302, 0.00290853367187, 0.000906921399292, 0.000963845930528, 0.000450353574706, 0.00104510295205, 0.000494340609293, 0.000156643800437, 0.000120952849102, 0.000241083020228, 0.000210137630347, 0.000239510816755, 0.000260161003098, 0.000184446485946, 0.000198835681658, 0.000112290093966, 3.74256196665e-05, 2.7190806577e-05, 1.63230051839e-05, 1.25810038298e-05, 1.6229261746e-05, 1.64000211953e-05],
        "dvar": [1.44527315463e-12, 1.16286635876e-09, 1.07139817018e-08, 6.0618766895e-08, 6.99011116012e-06, 1.30538865051e-06, 6.38872515992e-05, 2.5475055736e-06, 3.80427536584e-06, 1.45794035689e-06, 1.39136136568e-05, 1.66297024862e-06, 7.11599312808e-08, 4.4581778269e-08, 3.87786116107e-07, 4.76185618936e-07, 2.48546427883e-07, 3.43513420376e-07, 1.27526291749e-07, 1.61665866472e-07, 4.16894181399e-08, 1.08998277071e-09, 5.73923242264e-10, 1.82254086822e-10, 1.32362343308e-10, 2.05254577224e-10, 2.58961407873e-10],
        "dvar2": [4.36267818746e-12, 3.02886715708e-09, 2.80599454783e-08, 1.49604431954e-07, 5.77285982217e-06, 2.18062700696e-06, 7.8105564171e-05, 4.40028452431e-06, 4.43612316303e-06, 2.70983605333e-06, 1.9123972379e-05, 2.09522727346e-06, 1.15413399726e-07, 7.6628829504e-08, 7.60130774324e-07, 7.2113442684e-07, 5.16439456533e-07, 5.88350701491e-07, 2.41763899567e-07, 3.13729799473e-07, 8.80003838688e-08, 2.23600515881e-09, 1.17207832329e-09, 3.95716626134e-10, 3.00260871722e-10, 4.74911276971e-10, 6.36428354461e-10],
        "max": [2.09435238503e-05, 0.000755549990572, 0.00201460998505, 0.00555967958644, 0.152281835675, 0.0403355956078, 0.453475385904, 0.0711258649826, 0.0817320793867, 0.047737237066, 0.137294664979, 0.0634157508612, 0.00806547515094, 0.00580529915169, 0.0284510031343, 0.0650879740715, 0.0146313970909, 0.026468668133, 0.0116061493754, 0.0225099530071, 0.00403135782108, 0.000927739660256, 0.00129890721291, 0.00029397525941, 0.000453417858807, 0.000121146957099, 0.000141053606058],
        "mean": [1.14754038805e-06, 2.47073057835e-05, 8.04911105661e-05, 0.00020157158724, 0.0012951598037, 0.00104786467273, 0.00441113533452, 0.00113471026998, 0.00166353967506, 0.000622640131041, 0.00128133920953, 0.000688026833814, 0.000204265728826, 0.000154768291395, 0.000291584612569, 0.000255215185462, 0.000279688101728, 0.000318534352118, 0.000216899206862, 0.000233996674069, 0.000133490975713, 5.36019506399e-05, 3.7278583477e-05, 2.34456747421e-05, 1.58386847033e-05, 1.56034566317e-05, 9.73771875579e-06],
        "median": [7.64442575019e-07, 1.24196903926e-05, 2.31968915614e-05, 6.27861154499e-05, 0.000358777004294, 0.000422752462327, 0.000496062333696, 0.00036753542372, 0.000468577374704, 0.000140369520523, 0.000162563068443, 0.000134220463224, 6.12842195551e-05, 5.47909730813e-05, 7.96329404693e-05, 8.71556112543e-05, 7.71175400587e-05, 9.02929605218e-05, 7.85420706961e-05, 9.1452995548e-05, 5.40504552191e-05, 4.18566705775e-05, 2.94968649541e-05, 1.87761415873e-05, 1.16433629955e-05, 9.30261921894e-06, 2.84316365651e-06],
        "min": [1.86999162038e-23, 3.73376228367e-23, 7.87610324028e-24, 1.61084734203e-23, 3.63810974347e-23, 6.29409901953e-23, 5.60523349156e-23, 8.35902700483e-23, 8.52376829866e-23, 1.56566662742e-22, 1.2556701663e-22, 1.09794708396e-22, 1.35315961645e-22, 2.93590110661e-23, 9.41695574305e-23, 1.14865165507e-22, 2.85045257688e-22, 2.80204100354e-22, 3.87766382875e-22, 2.67619029991e-22, 4.79841899566e-22, 5.93889830419e-22, 6.47952879013e-22, 8.67145088562e-22, 1.25863931253e-21, 1.61969173495e-21, 2.30138367739e-21],
        "var": [1.59585387439e-12, 2.08849648686e-09, 2.10290664882e-08, 1.4804331272e-07, 3.93754489778e-05, 4.91607306685e-06, 0.000284180947347, 7.62528770792e-06, 1.52786433318e-05, 3.44516388395e-06, 3.45674052369e-05, 5.24162578586e-06, 2.11190879895e-07, 1.31192635422e-07, 9.49822151597e-07, 1.28263059196e-06, 5.99935731316e-07, 8.65333788624e-07, 3.0749833968e-07, 3.4942900129e-07, 8.24463555205e-08, 2.66420707717e-09, 1.39795852672e-09, 3.98625632503e-10, 2.36313663082e-10, 2.98726959835e-10, 2.5911894852e-10]
    },
    "erbbands": {
        "dmean": [0.000290440628305, 0.00513753946871, 0.043764013797, 0.232093095779, 0.65108025074, 1.90245568752, 4.81242656708, 5.44722747803, 22.995054245, 32.4189910889, 14.1119279861, 13.22768116, 15.00867939, 27.1146392822, 17.8346118927, 12.5976381302, 5.98798561096, 4.45072364807, 4.00873994827, 8.98697090149, 9.15026283264, 10.8380279541, 9.92336750031, 7.3485250473, 8.18398571014, 4.73667907715, 3.79127860069, 2.1412115097, 0.9260841012, 0.733346879482, 0.48281493783, 0.28481990099, 0.166461318731, 0.109586596489, 0.0582107119262, 0.037652105093, 0.0226816833019, 0.00825938675553, 0.00180780771188, 0.000110624110675],
        "dmean2": [0.000495060288813, 0.00851793307811, 0.0712675899267, 0.371860980988, 1.0425337553, 2.5547118187, 6.01353693008, 7.77499246597, 26.5280170441, 42.9984741211, 18.9725856781, 16.3114452362, 18.4951610565, 34.8708114624, 22.375743866, 15.7900629044, 7.78937196732, 6.13263225555, 5.71860837936, 12.5993404388, 12.6074047089, 15.9489803314, 13.747879982, 10.0650014877, 11.5404787064, 6.7141919136, 5.47416353226, 3.14528512955, 1.40386676788, 1.12316763401, 0.73949187994, 0.429181307554, 0.248596817255, 0.161890253425, 0.0859324783087, 0.0552832558751, 0.0335244834423, 0.0126166874543, 0.0029346155934, 0.000180464601726],
        "dvar": [1.52596712155e-07, 0.000107365005533, 0.00788417551666, 0.187224328518, 1.30984330177, 47.4252090454, 592.558776855, 131.524597168, 8618.44921875, 9470.25585938, 1215.58630371, 836.77520752, 1344.4161377, 15859.7792969, 4121.18505859, 1455.05126953, 247.829452515, 127.647254944, 141.823989868, 895.213439941, 2163.52026367, 1192.94494629, 739.961669922, 441.74786377, 472.779052734, 158.115493774, 108.394035339, 21.0042800903, 1.68474209309, 1.05581200123, 0.464271903038, 0.151258945465, 0.0410105660558, 0.0259937047958, 0.00542490184307, 0.00226261769421, 0.00106724724174, 0.000130417582113, 1.05727986011e-05, 3.05469427531e-08],
        "dvar2": [4.17135396447e-07, 0.000277502957033, 0.0205002352595, 0.451758414507, 3.23622345924, 46.6856460571, 522.422607422, 205.735549927, 7901.66943359, 14952.2060547, 1720.04699707, 1037.59289551, 2034.08630371, 21511.2382812, 5416.27734375, 1844.13635254, 327.804870605, 192.844024658, 291.208618164, 1593.07775879, 3236.63232422, 2477.65698242, 1316.9465332, 783.429870605, 909.144592285, 289.953155518, 228.988769531, 41.6906013489, 3.61886239052, 2.22458052635, 0.940433084965, 0.322664439678, 0.0908145457506, 0.0599746257067, 0.0123685766011, 0.00527182035148, 0.00243278080598, 0.000306435569655, 2.67005634669e-05, 7.65474510445e-08],
        "max": [0.0139440195635, 0.241941362619, 1.76490879059, 12.2139854431, 23.0048408508, 354.245056152, 1498.36889648, 564.60546875, 7985.79931641, 3466.70141602, 1434.1282959, 1217.6505127, 1237.59631348, 4493.72753906, 3110.17504883, 1702.55395508, 706.998046875, 320.925842285, 582.519348145, 1422.3079834, 4483.40234375, 1033.3338623, 1064.5032959, 904.44720459, 899.82409668, 549.102539062, 261.36151123, 98.616973877, 50.6186981201, 31.3717155457, 37.9528198242, 12.5159740448, 4.02621459961, 6.70805311203, 1.31682813168, 0.511882185936, 0.367269515991, 0.104996293783, 0.0398013629019, 0.00147362367716],
        "mean": [0.000430431595305, 0.00753953820094, 0.0714316368103, 0.405348479748, 1.11596560478, 3.96755170822, 10.3776578903, 10.863825798, 45.7159729004, 57.341758728, 27.2517814636, 28.1530361176, 32.2201690674, 44.724822998, 30.5216808319, 22.7183837891, 11.7979440689, 8.65548706055, 7.7945857048, 16.2852878571, 16.1249332428, 19.2199630737, 17.3783416748, 12.8031606674, 13.7028408051, 8.70094966888, 6.5458741188, 3.86578011513, 2.01607656479, 1.5234541893, 1.00636065006, 0.609932601452, 0.34218275547, 0.198613345623, 0.101595684886, 0.0588043369353, 0.03028861247, 0.00928179081529, 0.00166497228201, 0.000112335728772],
        "median": [0.000292644574074, 0.0036596651189, 0.02594255656, 0.156297653913, 0.53946274519, 1.01159691811, 2.11382222176, 4.25750207901, 6.26880931854, 10.1602802277, 10.1140899658, 9.90378189087, 8.87788772583, 7.52899456024, 7.9611697197, 5.41234016418, 3.74576711655, 3.16517972946, 3.49033164978, 5.69683361053, 5.65954303741, 5.70404434204, 5.71881437302, 4.60125637054, 4.64199542999, 4.01217842102, 2.61447191238, 1.80406939983, 1.56983685493, 1.15420603752, 0.787288069725, 0.472367107868, 0.273109316826, 0.145911350846, 0.0741902068257, 0.0398225411773, 0.0168798044324, 0.00403638090938, 0.000459237751784, 4.27271661465e-05],
        "min": [1.00333958882e-21, 8.63178317277e-21, 9.95292228137e-21, 2.90635401217e-20, 7.32865996098e-20, 1.93188122535e-19, 7.55731465427e-20, 7.68398728382e-19, 8.18069579997e-19, 1.27676175408e-18, 1.36939440215e-18, 1.92438689145e-18, 4.04327455059e-18, 7.54626533074e-18, 3.70050827554e-18, 4.93208384109e-18, 5.71045500724e-18, 1.93852134017e-18, 3.636916698e-18, 5.76880101893e-18, 6.9763205179e-18, 1.750739347e-17, 1.68437100686e-17, 2.10015268001e-17, 1.38414671343e-17, 1.30017448093e-17, 1.87815014218e-17, 1.93934595652e-17, 2.15582210067e-17, 1.94545964843e-17, 1.81448668265e-17, 1.87696231083e-17, 1.41748085134e-17, 1.34212213328e-17, 9.52276460078e-18, 6.1600090586e-18, 2.74428666025e-18, 1.37690871763e-18, 2.92691707596e-19, 3.44214797549e-20],
        "var": [3.00591011637e-07, 0.000193408544874, 0.0150181613863, 0.487192481756, 2.84225773811, 269.711914062, 2995.828125, 627.96307373, 52059.109375, 30781.7148438, 3995.43481445, 3318.66821289, 4975.14453125, 40556.8359375, 10998.3789062, 4660.02099609, 838.050231934, 414.646942139, 345.050231934, 2350.13476562, 5831.41650391, 2855.91601562, 1917.05993652, 1059.37365723, 1121.85656738, 384.47442627, 205.802536011, 48.1499938965, 3.94375014305, 2.42180156708, 1.09330964088, 0.341210186481, 0.082479737699, 0.0416622571647, 0.00950157921761, 0.00350747350603, 0.00145414948929, 0.000158020266099, 9.53901508183e-06, 2.86167285424e-08]
    },
    "gfcc": {
        "mean": [-42.1904296875, 54.6451377869, -134.778366089, -1.01132977009, -76.8606185913, -15.3553180695, -38.0976753235, 3.6844086647, -24.5439071655, -2.62547159195, -18.5982532501, 1.59852647781, -12.918053627],
        "cov": [[10126.4072266, -1158.12841797, -1564.21240234, -358.493865967, -556.221252441, -493.072052002, -321.81854248, -108.39151001, -306.384857178, -189.499389648, -300.221435547, -161.695510864, -348.947845459], [-1158.12841797, 684.182739258, 22.6922225952, 61.5351829529, -36.7254257202, 35.262676239, -49.9699363708, -47.1227493286, 17.1580562592, 5.14533376694, 75.5888290405, 17.8694915771, 71.1182937622], [-1564.21240234, 22.6922225952, 898.936828613, 42.3702011108, 100.829452515, 48.644317627, 10.4179706573, -58.7567481995, 35.2442932129, 41.1981658936, 8.41461372375, 53.4179840088, 15.2226285934], [-358.493865967, 61.5351829529, 42.3702011108, 217.289733887, 74.9080505371, 65.9301452637, 0.426549196243, 26.2491512299, -22.4065685272, -12.4273347855, -40.5787506104, -26.0119380951, -0.824221491814], [-556.221252441, -36.7254257202, 100.829452515, 74.9080505371, 189.883346558, 81.4551620483, 66.7612686157, 24.6294136047, 8.9778470993, -12.7099428177, -17.0902481079, -13.5661869049, 2.65935587883], [-493.072052002, 35.262676239, 48.644317627, 65.9301452637, 81.4551620483, 143.307342529, 52.5728797913, 25.509437561, -8.47334766388, -3.66407966614, -20.6508274078, -4.1508898735, 1.27494430542], [-321.81854248, -49.9699363708, 10.4179706573, 0.426549196243, 66.7612686157, 52.5728797913, 131.096282959, 56.7621231079, 7.84711885452, -10.0236768723, 0.791653215885, -9.86338615417, 12.2977075577], [-108.39151001, -47.1227493286, -58.7567481995, 26.2491512299, 24.6294136047, 25.509437561, 56.7621231079, 117.454605103, 35.5974273682, 8.16171646118, -11.9691295624, -12.2317323685, -13.8436307907], [-306.384857178, 17.1580562592, 35.2442932129, -22.4065685272, 8.9778470993, -8.47334766388, 7.84711885452, 35.5974273682, 102.500175476, 52.2758827209, 24.5292301178, -8.01678276062, -7.24336099625], [-189.499389648, 5.14533376694, 41.1981658936, -12.4273347855, -12.7099428177, -3.66407966614, -10.0236768723, 8.16171646118, 52.2758827209, 92.3601226807, 47.6041793823, 5.54742956161, -20.7173213959], [-300.221435547, 75.5888290405, 8.41461372375, -40.5787506104, -17.0902481079, -20.6508274078, 0.791653215885, -11.9691295624, 24.5292301178, 47.6041793823, 114.67514801, 50.6283683777, 13.6964473724], [-161.695510864, 17.8694915771, 53.4179840088, -26.0119380951, -13.5661869049, -4.1508898735, -9.86338615417, -12.2317323685, -8.01678276062, 5.54742956161, 50.6283683777, 93.1254272461, 46.2262382507], [-348.947845459, 71.1182937622, 15.2226285934, -0.824221491814, 2.65935587883, 1.27494430542, 12.2977075577, -13.8436307907, -7.24336099625, -20.7173213959, 13.6964473724, 46.2262382507, 120.649993896]],
        "icov": [[0.000371915317373, 0.000449140934506, 0.000541055458598, 0.000174922475708, 0.000418017443735, 0.000635629752651, 0.000277391780401, 0.000366904685507, 0.000555151840672, 7.04246704117e-05, 0.000819756067358, -0.000347897119354, 0.0008273946587], [0.000449140934506, 0.00284051452763, 0.000531728146598, -0.000739266513847, 0.00166295969393, -0.00093485187972, 0.00160133023746, 0.00097676506266, -0.0005430902238, 0.00186165538616, -0.00206338870339, 0.00146693817805, -0.000566148897633], [0.000541055458598, 0.000531728146598, 0.00227936450392, -0.000134305591928, -9.62561607594e-05, 0.00107048288919, -0.00037860381417, 0.00216371915303, -0.000153036497068, -0.000819731096271, 0.00248598167673, -0.00240418873727, 0.00172957428731], [0.000174922475708, -0.000739266513847, -0.000134305591928, 0.00779272709042, -0.00284732319415, -0.00126708729658, 0.00346271134913, -0.00356331607327, 0.00408194772899, -0.00169996975455, 0.00169815856498, 0.00199208897538, -0.000676675001159], [0.000418017443735, 0.00166295969393, -9.62561607594e-05, -0.00284732319415, 0.0103283757344, -0.00302382558584, -0.00291544687934, 0.00218942412175, -0.00268924538977, 0.00340596586466, -0.0010136802448, 0.000715752772521, 0.000838373205625], [0.000635629752651, -0.00093485187972, 0.00107048288919, -0.00126708729658, -0.00302382558584, 0.0136078679934, -0.00418474152684, 0.000572990393266, 0.00321865151636, -0.00374497077428, 0.00625495892018, -0.00436187069863, 0.00317218573764], [0.000277391780401, 0.00160133023746, -0.00037860381417, 0.00346271134913, -0.00291544687934, -0.00418474152684, 0.016408983618, -0.00786180142313, 0.00281322281808, 0.00300896726549, -0.00536892283708, 0.00623699557036, -0.00363095081411], [0.000366904685507, 0.00097676506266, 0.00216371915303, -0.00356331607327, 0.00218942412175, 0.000572990393266, -0.00786180142313, 0.0169157255441, -0.00731994956732, 0.000328873400576, 0.00431114155799, -0.00499039376155, 0.00391567870975], [0.000555151840672, -0.0005430902238, -0.000153036497068, 0.00408194772899, -0.00268924538977, 0.00321865151636, 0.00281322281808, -0.00731994956732, 0.0203808136284, -0.0100038992241, 0.000904957705643, 0.00383599591441, -0.0011951335473], [7.04246704117e-05, 0.00186165538616, -0.000819731096271, -0.00169996975455, 0.00340596586466, -0.00374497077428, 0.00300896726549, 0.000328873400576, -0.0100038992241, 0.0232130195946, -0.0107940034941, 0.00288495095447, 0.0023990822956], [0.000819756067358, -0.00206338870339, 0.00248598167673, 0.00169815856498, -0.0010136802448, 0.00625495892018, -0.00536892283708, 0.00431114155799, 0.000904957705643, -0.0107940034941, 0.0238689463586, -0.0137653267011, 0.00504859676585], [-0.000347897119354, 0.00146693817805, -0.00240418873727, 0.00199208897538, 0.000715752772521, -0.00436187069863, 0.00623699557036, -0.00499039376155, 0.00383599591441, 0.00288495095447, -0.0137653267011, 0.0241603236645, -0.0097004827112], [0.0008273946587, -0.000566148897633, 0.00172957428731, -0.000676675001159, 0.000838373205625, 0.00317218573764, -0.00363095081411, 0.00391567870975, -0.0011951335473, 0.0023990822956, 0.00504859676585, -0.0097004827112, 0.0150434747338]]
    },
    "melbands": {
        "dmean": [3.54161761607e-06, 1.69839167938e-05, 5.18351807841e-05, 7.35999055905e-05, 0.000161093325005, 0.000126170314616, 0.000396749703214, 0.000311383540975, 0.000113823109132, 9.50122703216e-05, 7.65104196034e-05, 0.000104917831777, 7.72653365857e-05, 4.34327994299e-05, 3.00773517665e-05, 1.07452888187e-05, 7.78505000198e-06, 4.44765964858e-06, 1.72441505129e-05, 8.86854741111e-06, 1.06650104499e-05, 1.24188236441e-05, 7.33029355615e-06, 1.01413925222e-05, 5.81550011702e-06, 5.90506215303e-06, 6.93820675224e-06, 2.70316854767e-06, 2.62633284365e-06, 2.08103256227e-06, 1.03977652088e-06, 5.99646739374e-07, 5.14994326295e-07, 4.04504646667e-07, 3.23107485656e-07, 2.51479036706e-07, 1.74624275928e-07, 1.28301863356e-07, 1.11954641113e-07, 9.02412864434e-08],
        "dmean2": [6.00766816206e-06, 2.76463470072e-05, 8.21399662527e-05, 0.000109563588921, 0.000198263223865, 0.000175625216798, 0.000470633094665, 0.00041800015606, 0.000148456019815, 0.000116029827041, 9.44336352404e-05, 0.000135085632792, 9.83147619991e-05, 5.48848183826e-05, 3.73509210476e-05, 1.49189208969e-05, 1.08346785055e-05, 6.51211439617e-06, 2.43437370955e-05, 1.25152319015e-05, 1.46428074004e-05, 1.8418801119e-05, 1.0412656593e-05, 1.3944038983e-05, 8.09966877569e-06, 8.232223081e-06, 1.00538991319e-05, 3.88148737329e-06, 3.78712843485e-06, 3.11692588184e-06, 1.54248380113e-06, 9.28197607664e-07, 7.89197542872e-07, 6.34293769508e-07, 5.07452455167e-07, 3.85375756196e-07, 2.7080881182e-07, 1.97222476572e-07, 1.68701845382e-07, 1.36648594662e-07],
        "dvar": [3.65683074099e-11, 1.15923393107e-09, 8.66154081791e-09, 2.58541064113e-08, 6.7598006126e-07, 8.68824940881e-08, 2.11508336179e-06, 7.7128487419e-07, 1.07981669828e-07, 4.18934540392e-08, 3.72850550434e-08, 2.19574076255e-07, 9.54047010282e-08, 3.00657454488e-08, 1.34051152401e-08, 6.13004591532e-10, 4.04829308964e-10, 1.51602549958e-10, 4.20437196169e-09, 7.75520592189e-10, 3.20543658283e-09, 1.64758640064e-09, 4.22507917541e-10, 1.15253107058e-09, 3.13906761695e-10, 2.6615987192e-10, 6.13442852071e-10, 5.85198625669e-11, 4.54330115196e-11, 5.14271542018e-11, 6.45879096733e-12, 8.42587338876e-13, 6.38189587981e-13, 3.03803071025e-13, 2.02574014421e-13, 2.03532516904e-13, 6.1492288041e-14, 2.73134515222e-14, 2.18498433729e-14, 2.22509151675e-14],
        "dvar2": [9.73722630304e-11, 3.00887514904e-09, 2.11233537328e-08, 4.27305799633e-08, 5.67697043152e-07, 1.14206820001e-07, 2.21979939852e-06, 1.21343327919e-06, 1.27973279973e-07, 5.41849125568e-08, 5.76024135057e-08, 3.00008679233e-07, 1.32248914042e-07, 3.7988527879e-08, 1.62654121283e-08, 9.79542447155e-10, 6.21408424717e-10, 3.05784397803e-10, 8.54786108562e-09, 1.21267906827e-09, 4.73396166711e-09, 3.43443384843e-09, 7.81846865028e-10, 1.92204963056e-09, 5.66441726857e-10, 4.74810857298e-10, 1.19353926742e-09, 1.00665933922e-10, 8.83540185459e-11, 1.14882277302e-10, 1.22091061219e-11, 1.89885607238e-12, 1.35572390987e-12, 7.06762176995e-13, 4.49118308732e-13, 3.85193152331e-13, 1.38406823437e-13, 6.28735887138e-14, 4.78736719863e-14, 5.35669802243e-14],
        "max": [0.000128483807202, 0.000656647025608, 0.00189026771113, 0.0065936637111, 0.0497625544667, 0.0157543905079, 0.107888907194, 0.0306217521429, 0.0164604820311, 0.00658355094492, 0.00621995469555, 0.016508307308, 0.0108600165695, 0.00944740697742, 0.00561511144042, 0.00078064459376, 0.000613634532783, 0.00032158382237, 0.00313113629818, 0.00149837695062, 0.00548674492165, 0.00121032702737, 0.000918550300412, 0.00155058933888, 0.000681886042003, 0.000492618535645, 0.00148839235771, 0.000347269204212, 0.000247154821409, 0.000142707984196, 8.65098991198e-05, 3.93686059397e-05, 1.95168959181e-05, 1.22987539726e-05, 1.50852547449e-05, 3.14277676807e-05, 7.14166799298e-06, 2.93535526907e-06, 4.26392034569e-06, 6.70890676702e-06],
        "mean": [5.15957572134e-06, 2.75220081676e-05, 9.09970040084e-05, 0.000143037279486, 0.000353602081304, 0.000254522659816, 0.000762263662182, 0.000550186145119, 0.000210343889194, 0.000198931447812, 0.000160348397912, 0.000172369211214, 0.000126649334561, 7.28323138901e-05, 5.27476768184e-05, 2.00381891773e-05, 1.43345032484e-05, 8.06146908872e-06, 2.89316412818e-05, 1.55169491336e-05, 1.73736571014e-05, 2.08456003747e-05, 1.24321777548e-05, 1.68207752722e-05, 9.41903726925e-06, 9.60219585977e-06, 1.05024028016e-05, 4.63798778583e-06, 4.48021864941e-06, 3.09207007376e-06, 1.86314730399e-06, 1.17980471259e-06, 9.5595453331e-07, 7.77683794695e-07, 6.16791794528e-07, 4.63018210439e-07, 3.45092416865e-07, 2.45440844537e-07, 2.06099159072e-07, 1.51792491465e-07],
        "median": [2.99691373584e-06, 1.01172445284e-05, 4.06708713854e-05, 5.77220380364e-05, 7.44788849261e-05, 9.30430542212e-05, 0.000100825054687, 0.000109056316433, 6.29343849141e-05, 6.11393334111e-05, 3.82611906389e-05, 2.55610175373e-05, 2.48395190283e-05, 1.37489751069e-05, 6.43525527266e-06, 6.36326512904e-06, 4.85728560307e-06, 3.77526407647e-06, 7.09100186214e-06, 6.08879872743e-06, 4.88608293381e-06, 4.91568789585e-06, 4.16229477196e-06, 4.49779690825e-06, 3.01432555716e-06, 3.06505876324e-06, 3.14820999847e-06, 2.12093209484e-06, 1.65291328358e-06, 1.08347444439e-06, 9.30055591652e-07, 8.88168358415e-07, 6.20784931016e-07, 5.69035364606e-07, 4.53513251841e-07, 3.21692823491e-07, 2.53940697803e-07, 1.8841292615e-07, 1.55283686354e-07, 1.03913166072e-07],
        "min": [1.0842355928e-23, 7.82516333619e-24, 6.93361798465e-24, 9.15296060122e-24, 3.76813216445e-24, 1.52918067459e-23, 1.36260243926e-23, 1.64517525541e-23, 9.81600292522e-24, 1.37280225299e-23, 1.87118469362e-23, 2.91883962295e-23, 1.21878047446e-23, 1.5865603658e-23, 1.39458806684e-23, 9.27433947326e-24, 2.82553508779e-24, 5.33098552455e-24, 6.05448141516e-24, 9.50935691414e-24, 6.90391184955e-24, 1.97765977435e-23, 1.48643498426e-23, 1.27523420074e-23, 1.8189575263e-23, 1.32345056256e-23, 7.79678090968e-24, 8.7345243224e-24, 1.0648797072e-23, 1.2363281331e-23, 1.10511153448e-23, 1.39867073757e-23, 8.56059074799e-24, 1.09799861235e-23, 1.07188865745e-23, 1.03873654125e-23, 1.18170732513e-23, 9.0054081132e-24, 1.18337923694e-23, 1.08029097273e-23],
        "var": [6.75645719928e-11, 2.22823981488e-09, 2.1046359322e-08, 1.27738118749e-07, 3.56160808224e-06, 4.50229549642e-07, 1.11223789645e-05, 2.51801679951e-06, 3.71447157477e-07, 1.72256918063e-07, 1.3613181693e-07, 5.63744094961e-07, 2.36519355212e-07, 9.11001905024e-08, 4.32566977793e-08, 2.02473304789e-09, 1.27434562902e-09, 3.48792189575e-10, 1.01048547307e-08, 2.06395478486e-09, 8.74764083392e-09, 3.91812449152e-09, 1.01857200452e-09, 2.87627233142e-09, 7.22727488967e-10, 6.61573407168e-10, 1.26043353532e-09, 1.39016687051e-10, 1.02712643946e-10, 7.47146025604e-11, 1.54730655372e-11, 1.63727169843e-12, 1.28313971861e-12, 6.30248457589e-13, 4.09491505374e-13, 4.76869086753e-13, 1.22081191727e-13, 5.00695642445e-14, 3.85119961908e-14, 3.10593835807e-14]
    },
    "mfcc": {
        "mean": [-684.09753418, 98.8278961182, -16.7278461456, 8.1847486496, -23.5988578796, -18.7989635468, -14.8993444443, -4.1021604538, -7.24213409424, -4.4777507782, -8.23893547058, -3.71082949638, -1.10427212715],
        "cov": [[7168.47363281, 238.852203369, -1004.68133545, -249.972976685, -593.616271973, -454.545837402, -267.172149658, -131.247558594, -178.328018188, -138.333938599, -184.908905029, -88.3235321045, -72.1999740601], [238.852203369, 417.306884766, -11.0068817139, -51.9973335266, -55.6651878357, -43.6470680237, -80.9287109375, -64.3618774414, -79.5069122314, -67.0452423096, -43.0510864258, -1.69841110706, 42.6269264221], [-1004.68133545, -11.0068817139, 492.798980713, 63.8777694702, 118.498733521, 86.4876174927, -5.55630397797, -28.3027420044, 0.442211836576, -18.8857097626, 3.74064302444, -18.8670139313, 26.1604251862], [-249.972976685, -51.9973335266, 63.8777694702, 132.986633301, 71.3043441772, 32.5886230469, 29.2792396545, 14.0377311707, 20.2944469452, 17.6731834412, 9.0427274704, -9.90681171417, -32.8317451477], [-593.616271973, -55.6651878357, 118.498733521, 71.3043441772, 161.793319702, 88.9265899658, 35.1017951965, 21.9589424133, 25.657365799, 16.7703533173, 20.2424507141, -0.804890990257, -13.6343660355], [-454.545837402, -43.6470680237, 86.4876174927, 32.5886230469, 88.9265899658, 129.077987671, 55.5808296204, 17.2327423096, 22.6439342499, 4.79949140549, 7.5993719101, -1.3594969511, -15.9104595184], [-267.172149658, -80.9287109375, -5.55630397797, 29.2792396545, 35.1017951965, 55.5808296204, 127.685752869, 63.4258079529, 33.3669700623, 12.6001729965, 9.18550777435, -5.92662191391, -24.5548191071], [-131.247558594, -64.3618774414, -28.3027420044, 14.0377311707, 21.9589424133, 17.2327423096, 63.4258079529, 105.144752502, 50.3226356506, 12.1305084229, 4.13769817352, -14.7111148834, -21.1662044525], [-178.328018188, -79.5069122314, 0.442211836576, 20.2944469452, 25.657365799, 22.6439342499, 33.3669700623, 50.3226356506, 107.427864075, 49.6321182251, 6.61926794052, -15.0596456528, -35.466003418], [-138.333938599, -67.0452423096, -18.8857097626, 17.6731834412, 16.7703533173, 4.79949140549, 12.6001729965, 12.1305084229, 49.6321182251, 99.6038665771, 47.1979370117, 7.22494792938, -22.7951145172], [-184.908905029, -43.0510864258, 3.74064302444, 9.0427274704, 20.2424507141, 7.5993719101, 9.18550777435, 4.13769817352, 6.61926794052, 47.1979370117, 108.962997437, 60.0216178894, -4.27846288681], [-88.3235321045, -1.69841110706, -18.8670139313, -9.90681171417, -0.804890990257, -1.3594969511, -5.92662191391, -14.7111148834, -15.0596456528, 7.22494792938, 60.0216178894, 122.469299316, 53.6884841919], [-72.1999740601, 42.6269264221, 26.1604251862, -32.8317451477, -13.6343660355, -15.9104595184, -24.5548191071, -21.1662044525, -35.466003418, -22.7951145172, -4.27846288681, 53.6884841919, 146.07131958]],
