{
"lowlevel": {
    "average_loudness": 0.124627612531,
    "barkbands_crest": {
        "dmean": 2.10931253433,
        "dmean2": 3.33801960945,
        "dvar": 4.83595657349,
        "dvar2": 11.4938831329,
        "max": 26.7913761139,
        "mean": 15.6357545853,
        "median": 15.1393070221,
        "min": 4.88271284103,
        "var": 22.9928836823
    },
    "barkbands_flatness_db": {
        "dmean": 0.0204849801958,
        "dmean2": 0.0319571979344,
        "dvar": 0.000506912881974,
        "dvar2": 0.00105906277895,
        "max": 0.581045329571,
        "mean": 0.386898219585,
        "median": 0.386431604624,
        "min": 0.0436035916209,
        "var": 0.00340243242681
    },
    "barkbands_kurtosis": {
        "dmean": 4.15666675568,
        "dmean2": 6.44581127167,
        "dvar": 104.511741638,
        "dvar2": 250.980819702,
        "max": 325.100158691,
        "mean": 9.9782705307,
        "median": 5.44670772552,
        "min": -1.30654811859,
        "var": 281.444519043
    },
    "barkbands_skewness": {
        "dmean": 0.523314774036,
        "dmean2": 0.823084235191,
        "dvar": 0.437619388103,
        "dvar2": 1.01998806,
        "max": 12.2246713638,
        "mean": 1.0374584198,
        "median": 0.976304411888,
        "min": -11.7347612381,
        "var": 2.74251079559
    },
    "barkbands_spread": {
        "dmean": 0.5702714324,
        "dmean2": 0.896342754364,
        "dvar": 1.14833331108,
        "dvar2": 2.66934514046,
        "max": 59.4182701111,
        "mean": 2.51448535919,
        "median": 2.24237751961,
        "min": 0.0759710744023,
        "var": 3.01975560188
    },
    "dissonance": {
        "dmean": 0.0528382882476,
        "dmean2": 0.0895546451211,
        "dvar": 0.0025622760877,
        "dvar2": 0.00673528341576,
        "max": 0.499351531267,
        "mean": 0.343491762877,
        "median": 0.352357149124,
        "min": 0.0619448162615,
        "var": 0.00655356887728
    },
    "dynamic_complexity": 6.85345506668,
    "erbbands_crest": {
        "dmean": 2.31367182732,
        "dmean2": 3.61245465279,
        "dvar": 6.50014305115,
        "dvar2": 14.8436584473,
        "max": 33.0569343567,
        "mean": 17.7581195831,
        "median": 17.5697898865,
        "min": 3.57116413116,
        "var": 35.9006462097
    },
    "erbbands_flatness_db": {
        "dmean": 0.0164642669261,
        "dmean2": 0.0247660838068,
        "dvar": 0.00041656405665,
        "dvar2": 0.000775874534156,
        "max": 0.583783984184,
        "mean": 0.413081407547,
        "median": 0.412770330906,
        "min": 0.0678547546268,
        "var": 0.00382598093711
    },
    "erbbands_kurtosis": {
        "dmean": 2.42512154579,
        "dmean2": 3.58969521523,
        "dvar": 17.2717952728,
        "dvar2": 32.5658721924,
        "max": 101.371276855,
        "mean": 6.3962931633,
        "median": 3.68102025986,
        "min": -1.33275473118,
        "var": 77.6127243042
    },
    "erbbands_skewness": {
        "dmean": 0.371525079012,
        "dmean2": 0.553630948067,
        "dvar": 0.175087302923,
        "dvar2": 0.353393375874,
        "max": 7.80418729782,
        "mean": 1.20761168003,
        "median": 1.11307513714,
        "min": -2.6331641674,
        "var": 1.19521093369
    },
    "erbbands_spread": {
        "dmean": 1.26464235783,
        "dmean2": 1.9700255394,
        "dvar": 3.49757409096,
        "dvar2": 7.57280254364,
        "max": 86.2417526245,
        "mean": 6.63190603256,
        "median": 5.58481502533,
        "min": 0.30141249299,
        "var": 34.1310653687
    },
    "hfc": {
        "dmean": 1.86756277084,
        "dmean2": 2.51361584663,
        "dvar": 44.1318435669,
        "dvar2": 84.6007995605,
        "max": 212.982833862,
        "mean": 6.88278722763,
        "median": 2.38424801826,
        "min": 1.22144003879e-16,
        "var": 197.049224854
    },
    "melbands_crest": {
        "dmean": 2.47796010971,
        "dmean2": 3.89337420464,
        "dvar": 6.75016880035,
        "dvar2": 16.0683059692,
        "max": 36.7313270569,
        "mean": 17.2187080383,
        "median": 16.4409217834,
        "min": 1.89991378784,
        "var": 30.9587421417
    },
    "melbands_flatness_db": {
        "dmean": 0.0193651169538,
        "dmean2": 0.0294193141162,
        "dvar": 0.00051290699048,
        "dvar2": 0.00102636835072,
        "max": 0.669596135616,
        "mean": 0.485664397478,
        "median": 0.488227546215,
        "min": 0.0035767282825,
        "var": 0.00370446336456
    },
    "melbands_kurtosis": {
        "dmean": 3.5605430603,
        "dmean2": 5.53822851181,
        "dvar": 167.203353882,
        "dvar2": 464.387115479,
        "max": 766.188720703,
        "mean": 8.51525497437,
        "median": 4.71803092957,
        "min": -1.37900269032,
        "var": 412.66986084
    },
    "melbands_skewness": {
        "dmean": 0.460574746132,
        "dmean2": 0.706272065639,
        "dvar": 0.31685295701,
        "dvar2": 0.72048407793,
        "max": 20.463634491,
        "mean": 0.975822865963,
        "median": 0.867163181305,
        "min": -4.91084337234,
        "var": 2.25574707985
    },
    "melbands_spread": {
        "dmean": 0.86847192049,
        "dmean2": 1.34729349613,
        "dvar": 6.93539094925,
        "dvar2": 11.5019607544,
        "max": 153.88885498,
        "mean": 4.16345357895,
        "median": 3.74814248085,
        "min": 0.339032143354,
        "var": 14.9659023285
    },
    "pitch_salience": {
        "dmean": 0.0605929121375,
        "dmean2": 0.0968216136098,
        "dvar": 0.00427826168016,
        "dvar2": 0.0104644745588,
        "max": 0.836911261082,
        "mean": 0.490078300238,
        "median": 0.501236259937,
        "min": 0.0575267113745,
        "var": 0.0173018295318
    },
    "silence_rate_20dB": {
        "dmean": 0.000350262707798,
        "dmean2": 0.000700648117345,
        "dvar": 0.000350137532223,
        "dvar2": 0.00105047121178,
        "max": 1,
        "mean": 0.999824881554,
        "median": 1,
        "min": 0,
        "var": 0.000175090695848
    },
    "silence_rate_30dB": {
        "dmean": 0.00700525380671,
        "dmean2": 0.0140129616484,
        "dvar": 0.00695645716041,
        "dvar2": 0.0152172520757,
        "max": 1,
        "mean": 0.9844160676,
        "median": 1,
        "min": 0,
        "var": 0.0153419990093
    },
    "silence_rate_60dB": {
        "dmean": 0.0567425563931,
        "dmean2": 0.113504990935,
        "dvar": 0.0535252839327,
        "dvar2": 0.109726242721,
        "max": 1,
        "mean": 0.375941157341,
        "median": 0,
        "min": 0,
        "var": 0.234614267945
    },
    "spectral_centroid": {
        "dmean": 29.217546463,
        "dmean2": 42.271270752,
        "dvar": 30984.1210938,
        "dvar2": 25248.4082031,
        "max": 11433.640625,
        "mean": 467.305206299,
        "median": 457.600646973,
        "min": 237.924468994,
        "var": 50504.1015625
    },
    "spectral_complexity": {
        "dmean": 0.969877421856,
        "dmean2": 1.5838149786,
        "dvar": 1.2813642025,
        "dvar2": 2.58314538002,
        "max": 23,
        "mean": 6.07564353943,
        "median": 5,
        "min": 0,
        "var": 14.9113864899
    },
    "spectral_decrease": {
        "dmean": 8.97967755709e-10,
        "dmean2": 1.21695187261e-09,
        "dvar": 7.75489103458e-18,
        "dvar2": 1.48260842057e-17,
        "max": 1.69874387777e-28,
        "mean": -3.52401663406e-09,
        "median": -1.38725353427e-09,
        "min": -9.38566770969e-08,
        "var": 4.16124423714e-17
    },
    "spectral_energy": {
        "dmean": 0.00355563848279,
        "dmean2": 0.00481840083376,
        "dvar": 0.000123261692352,
        "dvar2": 0.000235685743974,
        "max": 0.373554855585,
        "mean": 0.0139247188345,
        "median": 0.00546888727695,
        "min": 1.09857041282e-20,
        "var": 0.000655251089483
    },
    "spectral_energyband_high": {
        "dmean": 4.77595165194e-07,
        "dmean2": 6.25626569217e-07,
        "dvar": 1.49353290152e-11,
        "dvar2": 2.93595633916e-11,
        "max": 0.000143672164995,
        "mean": 8.61533806074e-07,
        "median": 1.33083126741e-08,
        "min": 8.01019329315e-21,
        "var": 2.97829816365e-11
    },
    "spectral_energyband_low": {
        "dmean": 7.75073858676e-05,
        "dmean2": 0.000134620597237,
        "dvar": 6.59686989479e-08,
        "dvar2": 2.20680888674e-07,
        "max": 0.00715517904609,
        "mean": 0.000149115759996,
        "median": 2.74291796813e-05,
        "min": 4.3734865104e-23,
        "var": 1.37879439421e-07
    },
    "spectral_energyband_middle_high": {
        "dmean": 0.000305242312606,
        "dmean2": 0.000367106811609,
        "dvar": 5.42871885045e-06,
        "dvar2": 8.11040172266e-06,
        "max": 0.109891548753,
        "mean": 0.000855770660564,
        "median": 0.000145904181409,
        "min": 1.20377488223e-21,
        "var": 2.02992105187e-05
    },
    "spectral_energyband_middle_low": {
        "dmean": 0.00333167263307,
        "dmean2": 0.00457327393815,
        "dvar": 0.00010958401981,
        "dvar2": 0.000217860710109,
        "max": 0.366378128529,
        "mean": 0.0130088506266,
        "median": 0.00522341486067,
        "min": 2.701574203e-22,
        "var": 0.000567869807128
    },
    "spectral_entropy": {
        "dmean": 0.151787564158,
        "dmean2": 0.231147825718,
        "dvar": 0.037432461977,
        "dvar2": 0.0789529979229,
        "max": 9.80581188202,
        "mean": 5.32472848892,
        "median": 5.32533168793,
        "min": 3.52625823021,
        "var": 0.266134351492
    },
    "spectral_flux": {
        "dmean": 0.0119279921055,
        "dmean2": 0.0194676686078,
        "dvar": 0.000621314335149,
        "dvar2": 0.0015250381548,
        "max": 0.448628485203,
        "mean": 0.0265621431172,
        "median": 0.0179984681308,
        "min": 1.05008474138e-10,
        "var": 0.000907899113372
    },
    "spectral_kurtosis": {
        "dmean": 33.6894607544,
        "dmean2": 56.3258323669,
        "dvar": 977.014892578,
        "dvar2": 2508.45385742,
        "max": 384.070678711,
        "mean": 127.99105072,
        "median": 125.636108398,
        "min": -1.18132269382,
        "var": 4088.31103516
    },
    "spectral_rms": {
        "dmean": 0.000400556920795,
        "dmean2": 0.00053005159134,
        "dvar": 5.13380712164e-07,
        "dvar2": 8.46719501624e-07,
        "max": 0.019090410322,
        "mean": 0.00286441855133,
        "median": 0.00230986997485,
        "min": 3.27379898364e-12,
        "var": 5.38019276064e-06
    },
    "spectral_rolloff": {
        "dmean": 36.7719993591,
        "dmean2": 63.5616836548,
        "dvar": 127066.875,
        "dvar2": 188799.703125,
        "max": 19315.2832031,
        "mean": 555.326660156,
        "median": 559.86328125,
        "min": 21.533203125,
        "var": 197376.296875
    },
    "spectral_skewness": {
        "dmean": 1.52950382233,
        "dmean2": 2.60941839218,
        "dvar": 1.84214389324,
        "dvar2": 4.87526130676,
        "max": 16.3853282928,
        "mean": 8.39558506012,
        "median": 8.5658454895,
        "min": -0.0407278798521,
        "var": 7.539955616
    },
    "spectral_spread": {
        "dmean": 308019.9375,
        "dmean2": 528063.25,
        "dvar": 460972359680,
        "dvar2": 602545127424,
        "max": 40663616,
        "mean": 947209.9375,
        "median": 831406.5,
        "min": 228739.171875,
        "var": 928143572992
    },
    "spectral_strongpeak": {
        "dmean": 0.280259877443,
        "dmean2": 0.402835488319,
        "dvar": 0.278641670942,
        "dvar2": 0.512987971306,
        "max": 11.9187994003,
        "mean": 1.24786984921,
        "median": 0.829465270042,
        "min": 0,
        "var": 1.84731733799
    },
    "zerocrossingrate": {
        "dmean": 0.00151358637959,
        "dmean2": 0.00195731595159,
        "dvar": 6.62318634568e-05,
        "dvar2": 8.58988059917e-05,
        "max": 0.515625,
        "mean": 0.0223101191223,
        "median": 0.02197265625,
        "min": 0.00244140625,
        "var": 0.000149336570757
    },
    "barkbands": {
        "dmean": [3.51616540684e-06, 6.90098158884e-06, 3.61984530173e-05, 0.000126478786115, 0.000451763044111, 0.00107342179399, 0.000469631690066, 0.00151545612607, 0.000606554094702, 0.000108058899059, 0.000153819128172, 2.97224141832e-05, 3.03654705931e-05, 3.6261324567e-05, 1.31111128212e-05, 7.06969149178e-06, 3.63844469575e-06, 1.45493311265e-06, 1.0196954463e-06, 5.30968918611e-07, 2.07938924746e-07, 1.24381173805e-07, 2.81065553054e-08, 2.63110013776e-08, 2.27106422557e-09, 4.77666850518e-10, 4.93060592355e-10],
        "dmean2": [6.6283673732e-06, 1.10592900455e-05, 6.53182651149e-05, 0.000207485849387, 0.000681465491652, 0.00159756664652, 0.000575263751671, 0.00218006712385, 0.000919725338463, 0.000146840407979, 0.000188246893231, 4.26770602644e-05, 4.56671223219e-05, 4.62035241071e-05, 1.99202113436e-05, 1.0227077837e-05, 5.65139271202e-06, 2.01593911697e-06, 1.30964190248e-06, 8.24409312372e-07, 2.80215829207e-07, 1.7152248688e-07, 3.71560204826e-08, 4.0327101658e-08, 3.99627975156e-09, 8.49870451791e-10, 8.79614214799e-10],
        "dvar": [1.89971233189e-11, 3.56154827852e-10, 2.31163017617e-08, 1.03039873522e-07, 1.02937553947e-06, 8.97289010027e-06, 5.08807079314e-06, 7.03474506736e-05, 1.69532449945e-05, 7.58433486681e-07, 3.89079013985e-06, 1.26424044566e-08, 1.97644656197e-08, 5.80855505916e-08, 3.57987839372e-09, 8.97584728765e-10, 5.89923276895e-10, 1.4044562735e-10, 4.05238620438e-11, 1.5548434068e-11, 3.63135910231e-12, 3.67273485929e-12, 1.14716111502e-13, 2.5022174545e-13, 1.30339947616e-15, 1.50483364693e-18, 1.40531192852e-18],
        "dvar2": [4.97237945263e-11, 7.59151186358e-10, 8.4980662507e-08, 2.8715541589e-07, 2.08554729397e-06, 1.74669075932e-05, 6.19541924607e-06, 0.000141388853081, 4.06743383792e-05, 1.39945825595e-06, 5.78667686568e-06, 2.34897150619e-08, 4.49302923755e-08, 8.04200439575e-08, 8.46617087547e-09, 1.89556881303e-09, 1.43106815287e-09, 2.6505420081e-10, 7.41008573946e-11, 3.64493608906e-11, 8.81448126294e-12, 6.84768431194e-12, 2.39997502123e-13, 6.21491139802e-13, 3.47256720957e-15, 4.35606255947e-18, 4.06154242083e-18],
        "max": [0.000148719613208, 0.000595731660724, 0.00334385922179, 0.00616137450561, 0.0295036621392, 0.087581500411, 0.125834301114, 0.358325123787, 0.143966451287, 0.0495207048953, 0.0999746248126, 0.00486239278689, 0.00595603790134, 0.0107332663611, 0.00254735583439, 0.000728661601897, 0.000991001725197, 0.00046797763207, 0.000226035190281, 0.000136530637974, 8.78108985489e-05, 0.000107429543277, 1.34917690957e-05, 2.11334972846e-05, 1.57881072482e-06, 2.75681451001e-08, 2.94854096694e-08],
        "mean": [3.33584443979e-06, 1.39703060995e-05, 5.08699777129e-05, 0.000254581304034, 0.00145129056182, 0.00378488446586, 0.00135058152955, 0.00463434262201, 0.00149383826647, 0.000254570564721, 0.000345679116435, 7.51064726501e-05, 6.68524880894e-05, 8.08960467111e-05, 3.44999716617e-05, 1.65443689184e-05, 6.57376813251e-06, 2.74036028713e-06, 2.04050752473e-06, 9.41419955325e-07, 3.75000240638e-07, 1.68954272795e-07, 3.75721640467e-08, 2.62553143671e-08, 3.21327742192e-09, 5.55150536652e-10, 6.34383212628e-10],
        "median": [1.98026714315e-06, 3.43455303664e-06, 5.37897949471e-06, 4.98233530379e-05, 0.000453184416983, 0.000572472868953, 0.000249820848694, 0.000385540130083, 9.09040682018e-05, 2.63789297605e-05, 1.84246637218e-05, 1.37515835377e-05, 1.26742279463e-05, 5.6500325627e-06, 3.04960576614e-06, 1.09577899821e-06, 2.30197855444e-07, 9.41895663686e-08, 3.13500656546e-08, 7.52556417183e-09, 2.71836597676e-09, 1.79517622989e-09, 1.56288582076e-09, 1.95117699775e-09, 1.748925893e-09, 2.30615887498e-10, 3.0370914117e-10],
        "min": [2.26869651581e-24, 1.931914046e-23, 1.10212861474e-23, 1.57483663057e-23, 3.44853416171e-23, 6.02646186467e-23, 6.96797366594e-23, 2.1116812468e-23, 4.90983556422e-23, 1.32768714005e-23, 3.86400101031e-23, 4.04519226282e-23, 7.63553742511e-23, 6.21874891913e-23, 7.84003730855e-23, 1.37431408914e-22, 1.12406620542e-22, 1.20178541289e-22, 1.79636780008e-22, 3.04284174149e-22, 3.51764841132e-22, 3.61657030666e-22, 7.31012990356e-22, 6.9629992984e-22, 9.86699849134e-22, 1.54551790821e-21, 2.57359597306e-21],
        "var": [2.8053800602e-11, 1.81884396433e-09, 2.8109649719e-08, 2.82813203967e-07, 7.55519204176e-06, 7.25992940716e-05, 2.67945360974e-05, 0.000270814693067, 3.969950194e-05, 1.80679023742e-06, 1.33713738251e-05, 3.913057256e-08, 5.53282006877e-08, 1.63782033269e-07, 1.5410090981e-08, 2.95589352994e-09, 1.22993359941e-09, 2.98883862104e-10, 1.13922420109e-10, 3.1998469846e-11, 5.35624496145e-12, 6.2681543983e-12, 1.78682128772e-13, 2.2077059961e-13, 9.48797179603e-16, 1.33970606279e-18, 1.23876045635e-18]
    },
    "erbbands": {
        "dmean": [0.000164187586051, 0.00202593719587, 0.0272209849209, 0.226750671864, 1.27880966663, 1.27170801163, 2.71896266937, 12.5714702606, 8.0417509079, 14.4078960419, 32.1233482361, 10.031452179, 6.06794595718, 5.8192987442, 3.08910036087, 1.0009046793, 1.42266464233, 1.91496300697, 0.680717587471, 0.580172896385, 0.382290393114, 0.191335245967, 0.114653639495, 0.0524300336838, 0.0338657982647, 0.01923231408, 0.012003749609, 0.00616135587916, 0.00444302055985, 0.00181706703734, 0.000967058585957, 0.000518965069205, 0.000440350064309, 7.75615772e-05, 1.39265903272e-05, 3.19722198583e-06, 1.5039175878e-06, 4.17854721491e-07, 1.71108263203e-06, 4.01422812502e-06],
        "dmean2": [0.000282333465293, 0.00331764668226, 0.0484790429473, 0.378497630358, 2.01968359947, 1.94283640385, 3.87777853012, 18.6560134888, 9.70724582672, 20.5066719055, 47.7258224487, 15.2998981476, 8.27637290955, 7.04878520966, 3.98523807526, 1.38845360279, 2.09496188164, 2.47770047188, 0.938021302223, 0.868911743164, 0.553392469883, 0.281117141247, 0.156913459301, 0.0665602311492, 0.0458941981196, 0.0293457042426, 0.0165734365582, 0.00825662817806, 0.00594193255529, 0.00265425094403, 0.00129132450093, 0.000780212169047, 0.000690444081556, 0.00012809317559, 2.37132699112e-05, 4.88890100314e-06, 2.19981393457e-06, 6.45472937322e-07, 2.29981901612e-06, 5.43646410733e-06],
        "dvar": [6.23872082883e-08, 3.13499804179e-05, 0.0108669903129, 0.355070799589, 8.25227165222, 9.32475566864, 42.8472480774, 1337.52062988, 1387.49804688, 3959.77197266, 33111.90625, 3743.54882812, 1259.91259766, 4380.03515625, 547.55480957, 12.1349143982, 38.2924537659, 175.072555542, 8.58101844788, 7.84780263901, 2.62966370583, 1.70855009556, 0.737763643265, 0.0951066166162, 0.0455060116947, 0.0203301385045, 0.00960020069033, 0.00237766606733, 0.00515361595899, 0.000526691961568, 0.000136318878504, 5.90143354202e-05, 9.9740922451e-05, 2.55986492448e-06, 4.80040363016e-08, 2.06969122396e-10, 1.55926573736e-11, 1.08077273259e-12, 2.92551885495e-11, 1.59475904704e-10],
        "dvar2": [1.57675856371e-07, 7.38973321859e-05, 0.0393609181046, 1.06568956375, 19.4825363159, 21.8158569336, 79.6369018555, 2668.39282227, 1380.49304199, 7852.71337891, 70323.75, 8933.00292969, 2497.28710938, 5971.14648438, 925.890258789, 22.0741443634, 84.026802063, 247.469985962, 14.3601045609, 18.0453548431, 5.23677873611, 3.24323439598, 1.39244568348, 0.153592839837, 0.0857803598046, 0.0471777953207, 0.0220164246857, 0.00480958400294, 0.00895413942635, 0.00125141569879, 0.000299119914416, 0.000147534738062, 0.000247500604019, 6.56160727885e-06, 1.23292849707e-07, 5.00163521711e-10, 2.96565862146e-11, 2.20556580811e-12, 5.54483889359e-11, 3.04756359037e-10],
        "max": [0.00930910184979, 0.174764350057, 2.37159442902, 16.9464454651, 78.8301315308, 96.0769729614, 171.815734863, 1107.86071777, 2261.36987305, 2131.81152344, 7076.92578125, 2188.55957031, 1098.93115234, 3534.03588867, 1053.80895996, 131.05480957, 250.175369263, 598.024597168, 101.008659363, 124.033363342, 46.7909927368, 69.9117736816, 33.1604804993, 10.8731307983, 6.03152513504, 5.04317760468, 4.0309214592, 1.67999899387, 4.20363521576, 0.866925537586, 0.392223149538, 0.272627621889, 0.443824768066, 0.0724706873298, 0.00936410296708, 0.000624389154837, 0.000125495484099, 3.04791537928e-05, 0.00018215032469, 0.000424036406912],
        "mean": [0.000288520997856, 0.00436769798398, 0.0471494607627, 0.47861301899, 3.00903058052, 4.35078859329, 9.82982635498, 44.1175498962, 25.4004230499, 46.5582046509, 91.6032867432, 24.9448223114, 18.1872577667, 13.1778488159, 7.59883403778, 2.86111783981, 3.33168959618, 4.35134887695, 1.86840689182, 1.62332332134, 0.949616551399, 0.383984953165, 0.219133153558, 0.118079192936, 0.0668941885233, 0.036590822041, 0.0212484560907, 0.0111637851223, 0.00637223571539, 0.00230711675249, 0.00124132889323, 0.000595498655457, 0.000407998071751, 9.22092222027e-05, 2.49400090979e-05, 9.51805486693e-06, 5.25918721905e-06, 1.22183018902e-06, 6.75508044878e-06, 1.56950445671e-05],
        "median": [0.000135363312438, 0.000920125225093, 0.00841408595443, 0.125690206885, 0.851416110992, 1.2735055685, 3.21530628204, 5.14966917038, 7.31343460083, 6.85128927231, 7.53270339966, 3.29881596565, 1.65217530727, 1.04123187065, 0.910812139511, 0.593993961811, 0.661092281342, 0.430634200573, 0.213006064296, 0.154013589025, 0.0668158531189, 0.0204716473818, 0.00968269258738, 0.00327662960626, 0.00137878744863, 0.000389294029446, 0.000165365403518, 9.53558992478e-05, 6.95635026204e-05, 5.76342717977e-05, 4.76528075524e-05, 4.57574387838e-05, 3.59263358405e-05, 3.03153265122e-05, 1.17074587251e-05, 3.99923101213e-06, 2.22807830141e-06, 5.1580411764e-07, 2.6437694487e-06, 6.1340888351e-06],
        "min": [8.62695660621e-22, 3.32843483468e-21, 8.94939144742e-21, 4.62690196474e-20, 6.36593352659e-20, 1.48504872745e-19, 3.00679506428e-19, 4.95402346267e-19, 1.12204103262e-18, 5.78647166476e-19, 6.720330142e-19, 1.22553166701e-18, 1.03601745424e-18, 9.7553648939e-19, 1.61329925572e-18, 2.28892642138e-18, 3.21004745456e-18, 3.44137140799e-18, 5.18263808941e-18, 6.81146590336e-18, 7.69466566854e-18, 7.08925879566e-18, 6.03095937046e-18, 7.53809857656e-18, 1.07897976769e-17, 1.43913081495e-17, 1.45446144955e-17, 1.67696426622e-17, 1.36043839359e-17, 2.0441047415e-17, 1.92501240543e-17, 1.69050802526e-17, 1.17573748276e-17, 9.44663503311e-18, 7.90171476613e-18, 4.81295701158e-18, 2.84595894486e-18, 1.42942258901e-18, 3.26399110762e-19, 3.87381250126e-20],
        "var": [3.16282807944e-07, 0.00015990526299, 0.017114225775, 0.967332363129, 32.5545387268, 87.0580215454, 304.325042725, 10927.7832031, 8268.12890625, 16415.6425781, 107679.164062, 8323.98144531, 5382.3203125, 15952.4511719, 1805.48327637, 46.4836235046, 112.185760498, 477.672210693, 37.0135154724, 34.4507713318, 9.70077037811, 3.50571465492, 1.56597650051, 0.310389131308, 0.120688691735, 0.0439709611237, 0.0157902222127, 0.00471349200234, 0.00939048919827, 0.000645964406431, 0.000186933859368, 5.67732531636e-05, 8.42301160446e-05, 2.03938679988e-06, 3.79412909979e-08, 4.09326517126e-10, 8.48758840988e-11, 4.75941595163e-12, 1.55242887989e-10, 8.40055081053e-10]
    },
    "gfcc": {
        "mean": [-277.359741211, 225.597137451, -112.608833313, -63.5426521301, -54.9864730835, -30.22407341, -42.6983909607, -20.0638713837, -6.22701740265, -11.8049716949, -2.63522577286, -17.2432765961, -0.814827680588],
        "cov": [[9118.23144531, 789.100280762, -2641.48413086, -201.552581787, 744.338256836, -1535.67053223, 105.420379639, -561.074951172, -314.130249023, -259.852630615, -205.852432251, -181.318344116, -70.4372177124], [789.100280762, 558.343017578, 17.4300670624, -170.92074585, 202.639419556, -85.8711700439, -103.458229065, -166.802444458, -121.647583008, -134.439193726, -55.7693138123, -61.4788322449, -18.0922584534], [-2641.48413086, 17.4300670624, 1173.22937012, 53.7882232666, -230.19821167, 473.609619141, -103.796714783, 51.3335800171, 27.1997833252, 14.4903030396, 19.1315517426, 10.2968063354, -16.2582798004], [-201.552581787, -170.92074585, 53.7882232666, 564.847351074, 102.75012207, 89.6453018188, 56.9507369995, -33.3795623779, -102.130371094, -3.12573981285, -5.37179136276, 61.0977287292, 20.3026981354], [744.338256836, 202.639419556, -230.19821167, 102.75012207, 328.121673584, -100.649299622, -39.410572052, -80.9175872803, -107.832687378, -61.7159538269, -13.7368707657, -12.5410919189, -13.8181247711], [-1535.67053223, -85.8711700439, 473.609619141, 89.6453018188, -100.649299622, 425.529724121, 13.9448747635, 57.2567596436, 33.4407157898, 13.7368860245, -3.7112467289, 38.375415802, 47.6879882812], [105.420379639, -103.458229065, -103.796714783, 56.9507369995, -39.410572052, 13.9448747635, 156.961456299, 84.8174514771, 25.7021121979, 32.1096954346, -12.4427165985, -15.338555336, 1.36053025723], [-561.074951172, -166.802444458, 51.3335800171, -33.3795623779, -80.9175872803, 57.2567596436, 84.8174514771, 224.800048828, 117.935638428, 58.9858322144, 39.4196815491, -26.2620372772, -43.921787262], [-314.130249023, -121.647583008, 27.1997833252, -102.130371094, -107.832687378, 33.4407157898, 25.7021121979, 117.935638428, 166.465713501, 85.0593719482, 25.146856308, 0.971457242966, -4.28727960587], [-259.852630615, -134.439193726, 14.4903030396, -3.12573981285, -61.7159538269, 13.7368860245, 32.1096954346, 58.9858322144, 85.0593719482, 117.41884613, 50.4456062317, 15.5801782608, 11.018652916], [-205.852432251, -55.7693138123, 19.1315517426, -5.37179136276, -13.7368707657, -3.7112467289, -12.4427165985, 39.4196815491, 25.146856308, 50.4456062317, 92.0891723633, 37.8777351379, -9.82042217255], [-181.318344116, -61.4788322449, 10.2968063354, 61.0977287292, -12.5410919189, 38.375415802, -15.338555336, -26.2620372772, 0.971457242966, 15.5801782608, 37.8777351379, 116.616386414, 76.4736785889], [-70.4372177124, -18.0922584534, -16.2582798004, 20.3026981354, -13.8181247711, 47.6879882812, 1.36053025723, -43.921787262, -4.28727960587, 11.018652916, -9.82042217255, 76.4736785889, 124.187294006]],
        "icov": [[0.00115358561743, -0.00114211731125, 0.00164948927704, -0.00047050655121, 0.000129726162413, 0.00193717458751, -0.00164901057724, 0.00244262977503, -0.00156011467334, 0.00113504962064, -7.10027670721e-05, 0.000636507058516, 0.000381153542548], [-0.00114211731125, 0.00790354888886, -0.00399491144344, 0.00323713151738, -0.00520710926503, -0.00041089169099, -0.00144705711864, 0.00275198905729, -0.00115459493827, 0.00545136956498, -0.00314546260051, 0.00310177681968, -0.00266335718334], [0.00164948927704, -0.00399491144344, 0.00565322348848, -0.00184640614316, 0.00352309783921, -0.000320220337017, 0.00151872192509, 0.000832154299133, 0.000415634480305, -0.00181392743252, 0.00157884100918, -0.00018028174236, 0.00259933643974], [-0.00047050655121, 0.00323713151738, -0.00184640614316, 0.00438521010801, -0.00315878121182, -0.000751870044041, -0.00183345226105, 0.000521233130712, 0.00262856879272, -0.000585569185205, 0.00135857157875, -0.00255457358435, 0.00121099769603], [0.000129726162413, -0.00520710926503, 0.00352309783921, -0.00315878121182, 0.00926393643022, -0.00151029496919, 0.00494912452996, -0.00433987844735, 0.00460368907079, -0.00453482894227, 0.00205684802495, -0.00136545323767, 0.00187901942991], [0.00193717458751, -0.00041089169099, -0.000320220337017, -0.000751870044041, -0.00151029496919, 0.00931700225919, -0.00535172317177, 0.0046926047653, -0.00490930397063, 0.00501597393304, -0.000892137177289, 0.00175615411717, -0.00267413305119], [-0.00164901057724, -0.00144705711864, 0.00151872192509, -0.00183345226105, 0.00494912452996, -0.00535172317177, 0.0181529577821, -0.0133912200108, 0.0097345970571, -0.0107351932675, 0.00791745260358, -0.00227611581795, 0.000339472346241], [0.00244262977503, 0.00275198905729, 0.000832154299133, 0.000521233130712, -0.00433987844735, 0.0046926047653, -0.0133912200108, 0.0226491410285, -0.0160849802196, 0.0133380740881, -0.0113106155768, 0.00829460658133, -5.85713278269e-05], [-0.00156011467334, -0.00115459493827, 0.000415634480305, 0.00262856879272, 0.00460368907079, -0.00490930397063, 0.0097345970571, -0.0160849802196, 0.0260118413717, -0.019822338596, 0.0126831820235, -0.00939721800387, 0.00461999420077], [0.00113504962064, 0.00545136956498, -0.00181392743252, -0.000585569185205, -0.00453482894227, 0.00501597393304, -0.0107351932675, 0.0133380740881, -0.019822338596, 0.0332054570317, -0.0208862833679, 0.013601812534, -0.00995760783553], [-7.10027670721e-05, -0.00314546260051, 0.00157884100918, 0.00135857157875, 0.00205684802495, -0.000892137177289, 0.00791745260358, -0.0113106155768, 0.0126831820235, -0.0208862833679, 0.0323817133904, -0.0200996045023, 0.0131993880495], [0.000636507058516, 0.00310177681968, -0.00018028174236, -0.00255457358435, -0.00136545323767, 0.00175615411717, -0.00227611581795, 0.00829460658133, -0.00939721800387, 0.013601812534, -0.0200996045023, 0.0302666686475, -0.01841952838], [0.000381153542548, -0.00266335718334, 0.00259933643974, 0.00121099769603, 0.00187901942991, -0.00267413305119, 0.000339472346241, -5.85713278269e-05, 0.00461999420077, -0.00995760783553, 0.0131993880495, -0.01841952838, 0.0226637423038]]
    },
    "melbands": {
        "dmean": [1.6598272623e-06, 1.01443656604e-05, 6.5208725573e-05, 0.000102164456621, 8.53909732541e-05, 0.000255379447481, 0.000114258880785, 0.00021838574321, 0.000247048097663, 5.93449040025e-05, 3.0532679375e-05, 2.34026465478e-05, 1.35989794217e-05, 4.27237409895e-06, 2.106248985e-06, 4.80790640722e-06, 3.23983044836e-06, 1.13872249585e-06, 1.3009283748e-06, 4.83187591271e-07, 4.66947312816e-07, 2.1238773229e-07, 1.24020928638e-07, 7.25441182681e-08, 4.64502427633e-08, 3.41038308704e-08, 2.62030965814e-08, 8.9882448151e-09, 7.92019871909e-09, 6.33093133473e-09, 3.26315685584e-09, 3.25400639767e-09, 1.43306055911e-09, 6.9452199547e-10, 7.41531835935e-10, 1.93407054261e-10, 3.19319320985e-10, 2.54363197172e-10, 2.30772970178e-10, 3.4392148851e-11],
        "dmean2": [2.73259024652e-06, 1.82109033631e-05, 0.000106086801679, 0.000160165291163, 0.000120522025099, 0.000374480383471, 0.000141561569762, 0.000309660768835, 0.000370759778889, 8.98247526493e-05, 4.17532974097e-05, 2.85753849312e-05, 1.72808267962e-05, 5.79776724408e-06, 3.03718593386e-06, 6.95033531883e-06, 4.16512420998e-06, 1.55060865836e-06, 1.97004146685e-06, 7.48792501781e-07, 6.7802079684e-07, 3.21108501566e-07, 1.74893784788e-07, 1.01212684456e-07, 5.98943401542e-08, 4.43955094909e-08, 4.14903311707e-08, 1.33977282601e-08, 1.13174758454e-08, 9.05022989883e-09, 4.34495017743e-09, 4.35576286151e-09, 2.13554174344e-09, 1.01752029025e-09, 9.89621606884e-10, 2.72422640002e-10, 4.83412143648e-10, 3.98107963262e-10, 3.68918423588e-10, 6.16771841933e-11],
        "dvar": [1.22690625021e-11, 1.57138779766e-09, 1.97408454028e-08, 5.84013299942e-08, 4.22107291342e-08, 5.22532388914e-07, 2.48118993795e-07, 1.18897014545e-06, 2.00453837351e-06, 1.18442649466e-07, 3.43252146706e-08, 6.22507130288e-08, 2.32724506333e-08, 2.98729097015e-10, 5.31343094523e-11, 5.96560578714e-10, 5.1963816583e-10, 3.66143851349e-11, 4.29311863837e-11, 5.27314346702e-12, 4.76110557229e-12, 2.08018845205e-12, 5.4626707888e-13, 3.16214448289e-13, 8.00651252654e-14, 7.30570321578e-14, 4.25568563408e-14, 4.09620728721e-15, 3.62970516206e-15, 5.79412887569e-15, 9.08834694547e-16, 3.51717217633e-15, 3.73869755006e-16, 8.11009628624e-17, 8.50715753865e-17, 5.23078827286e-18, 2.17366984588e-17, 3.10792799611e-17, 2.95046854168e-17, 3.98910642138e-19],
        "dvar2": [2.68353134852e-11, 5.7285931554e-09, 5.4345036915e-08, 1.32008494802e-07, 7.47257473677e-08, 1.01926787011e-06, 2.66979640173e-07, 2.34163508139e-06, 4.46184230896e-06, 2.79402144088e-07, 6.78323814896e-08, 8.65445031195e-08, 3.81583014075e-08, 4.96178043097e-10, 1.09115577684e-10, 1.19317511427e-09, 7.27726101601e-10, 5.97826163573e-11, 1.02851109574e-10, 1.30333044704e-11, 9.81200624223e-12, 4.31837031412e-12, 1.03870113465e-12, 5.80124706953e-13, 1.36407906997e-13, 1.38450272839e-13, 1.05134705195e-13, 9.13886970792e-15, 7.74180321087e-15, 1.53577983122e-14, 1.61075543959e-15, 6.43178756036e-15, 8.48894884491e-16, 1.93649466495e-16, 1.83568583282e-16, 1.23021932022e-17, 5.46462644177e-17, 7.67750464868e-17, 7.36635106597e-17, 1.09212087589e-18],
        "max": [0.000131953536766, 0.000898809521459, 0.00270493049175, 0.00670159375295, 0.0057218093425, 0.0213631149381, 0.0291988682002, 0.0436422675848, 0.0462662801147, 0.0114532960579, 0.00591922411695, 0.0130098974332, 0.00719839567319, 0.000754115171731, 0.000211063423194, 0.000806374067906, 0.00102611933835, 0.000227454453125, 0.000270147371339, 7.10656750016e-05, 6.59302677377e-05, 7.25552599761e-05, 2.44960592681e-05, 2.26342326641e-05, 1.09408883873e-05, 8.71844258654e-06, 6.90188699082e-06, 2.34895219364e-06, 1.8789725118e-06, 3.85366683986e-06, 1.40599684073e-06, 3.52610550181e-06, 7.34153900339e-07, 3.78372334353e-07, 3.1785444321e-07, 7.83701636919e-08, 1.56970102694e-07, 2.48571524253e-07, 2.43009964151e-07, 2.86789827442e-08],
        "mean": [3.34245714839e-06, 1.65224428201e-05, 0.000144183213706, 0.000284638459561, 0.000320949533489, 0.000899416976608, 0.000351492431946, 0.000707328668796, 0.000668052060064, 0.000148748295032, 8.98512807908e-05, 5.21094589203e-05, 3.18483871524e-05, 1.07137148007e-05, 6.48364130029e-06, 9.32100010687e-06, 7.5105635915e-06, 2.85312330561e-06, 3.22088135363e-06, 1.21024470445e-06, 1.07112259684e-06, 3.87394123891e-07, 2.18786155415e-07, 1.37403972644e-07, 9.80725261002e-08, 6.36416146449e-08, 4.40346603625e-08, 1.75542069769e-08, 1.32942687969e-08, 1.1067074368e-08, 5.41415712263e-09, 4.45738868038e-09, 1.7833300392e-09, 9.00765184664e-10, 9.26250132149e-10, 2.48633919009e-10, 3.57675444818e-10, 2.358918616e-10, 2.00826341668e-10, 4.50895432103e-11],
        "median": [1.19877836369e-06, 2.28547014558e-06, 4.49893304904e-05, 7.8701566963e-05, 0.000101702520624, 0.000126921848278, 9.91040215013e-05, 7.29370003683e-05, 5.01214381075e-05, 1.18130965348e-05, 6.38906158201e-06, 3.52425513483e-06, 2.57474698628e-06, 1.79616029072e-06, 9.68013409874e-07, 1.2458948504e-06, 5.75184003537e-07, 2.45298281243e-07, 2.40236431637e-07, 9.79097549703e-08, 5.23896410698e-08, 1.39357947404e-08, 9.19175935366e-09, 4.87573803554e-09, 1.92355753548e-09, 8.19216416925e-10, 4.32888502822e-10, 1.57361845776e-10, 9.24421789117e-11, 6.47797718245e-11, 4.79770494166e-11, 3.69940640621e-11, 3.22390586449e-11, 2.83397229295e-11, 2.4824853978e-11, 2.67619103961e-11, 2.53222842e-11, 2.23572098335e-11, 2.1428171737e-11, 2.28994948004e-11],
        "min": [6.56172568254e-24, 4.30360424159e-24, 7.5528627512e-24, 7.55587146669e-24, 1.03277196395e-23, 1.22708930972e-23, 1.70085084929e-23, 5.53177941835e-24, 6.43683243516e-24, 7.13166230377e-24, 5.22276445797e-24, 3.54653048655e-24, 6.67315662413e-24, 3.13732723298e-24, 7.54829997972e-24, 5.3276277381e-24, 6.69155522703e-24, 8.26854812999e-24, 6.84178432009e-24, 1.08190198447e-23, 8.62454212386e-24, 7.52343192855e-24, 5.82836548073e-24, 5.18053042283e-24, 6.13155509775e-24, 6.51196551993e-24, 8.6232034269e-24, 9.69851629289e-24, 9.65748527062e-24, 6.90559212327e-24, 1.10909891081e-23, 7.62431067225e-24, 6.72018772244e-24, 1.28407464936e-23, 1.0706225357e-23, 1.19410316985e-23, 9.45299674677e-24, 8.82684865844e-24, 7.24398584148e-24, 7.9239815752e-24],
        "var": [7.54472734288e-11, 2.36230501827e-09, 6.2953681379e-08, 3.09504969209e-07, 3.42455933833e-07, 4.333261586e-06, 1.4273805391e-06, 4.92557683174e-06, 5.68286804992e-06, 3.0124081718e-07, 1.41296609968e-07, 2.23592508064e-07, 7.52377076196e-08, 1.0080767332e-09, 3.36803113177e-10, 1.47787526661e-09, 1.45082590386e-09, 1.41956973954e-10, 1.6819791393e-10, 1.71414948208e-11, 1.60354056422e-11, 4.22682722157e-12, 1.09303126446e-12, 6.82717825416e-13, 2.4380852697e-13, 1.96045301304e-13, 8.3025837453e-14, 9.05778917311e-15, 6.59334935417e-15, 6.54473305113e-15, 1.97020752916e-15, 6.06271285887e-15, 4.59754713633e-16, 1.04602348588e-16, 1.20368040486e-16, 5.93654456176e-18, 2.07197377983e-17, 2.63893164348e-17, 2.44069168854e-17, 2.7649476157e-19]
    },
    "mfcc": {
        "mean": [-882.687866211, 219.77772522, 20.1389198303, -27.6578140259, -14.6220312119, -17.4042358398, -24.3493347168, -22.1165466309, -12.7831306458, -6.14705705643, -4.72774600983, -3.91918730736, -3.56819105148],
        "cov": [[5655.87060547, 2186.45581055, -2331.75732422, -135.850845337, 302.594421387, -327.765899658, -314.192108154, -270.629150391, -199.481582642, -276.114105225, -358.03918457, -205.134765625, -183.614578247], [2186.45581055, 1280.34790039, -697.892272949, -278.070343018, 153.57585144, -85.5726547241, -179.963150024, -158.919128418, -122.44052124, -139.013824463, -172.128356934, -135.547424316, -101.065681458], [-2331.75732422, -697.892272949, 1241.37915039, 56.9689254761, -153.913543701, 185.646499634, 131.234115601, 77.254776001, 41.0246009827, 76.7197875977, 105.616165161, 45.0489578247, 55.7351531982], [-135.850845337, -278.070343018, 56.9689254761, 368.975616455, 96.4557037354, 21.5848941803, 117.625534058, 49.1987533569, -17.2464847565, -28.4260044098, -13.6712388992, 26.5798168182, 23.2821426392], [302.594421387, 153.57585144, -153.913543701, 96.4557037354, 275.312683105, 96.6744766235, 27.9021339417, 12.0862989426, -51.7311668396, -86.4736557007, -75.5052337646, -42.4446563721, -9.36437225342], [-327.765899658, -85.5726547241, 185.646499634, 21.5848941803, 96.6744766235, 204.277999878, 86.4509887695, 12.5440797806, 3.38752126694, -44.9057655334, -60.6750717163, -40.3394889832, -10.459197998], [-314.192108154, -179.963150024, 131.234115601, 117.625534058, 27.9021339417, 86.4509887695, 159.817596436, 77.1165542603, 15.5263214111, 5.17865419388, -9.8699388504, -2.22511482239, -1.12601554394], [-270.629150391, -158.919128418, 77.254776001, 49.1987533569, 12.0862989426, 12.5440797806, 77.1165542603, 122.138793945, 54.6012496948, 20.3162593842, 29.8655529022, 11.8970336914, -3.75608468056], [-199.481582642, -122.44052124, 41.0246009827, -17.2464847565, -51.7311668396, 3.38752126694, 15.5263214111, 54.6012496948, 110.27835083, 75.2657699585, 32.2365722656, 18.4027442932, -3.9728410244], [-276.114105225, -139.013824463, 76.7197875977, -28.4260044098, -86.4736557007, -44.9057655334, 5.17865419388, 20.3162593842, 75.2657699585, 157.872848511, 110.323059082, 34.9972114563, 14.7327318192], [-358.03918457, -172.128356934, 105.616165161, -13.6712388992, -75.5052337646, -60.6750717163, -9.8699388504, 29.8655529022, 32.2365722656, 110.323059082, 154.738311768, 79.6676025391, 23.8199138641], [-205.134765625, -135.547424316, 45.0489578247, 26.5798168182, -42.4446563721, -40.3394889832, -2.22511482239, 11.8970336914, 18.4027442932, 34.9972114563, 79.6676025391, 104.752342224, 57.3498458862], [-183.614578247, -101.065681458, 55.7351531982, 23.2821426392, -9.36437225342, -10.459197998, -1.12601554394, -3.75608468056, -3.9728410244, 14.7327318192, 23.8199138641, 57.3498458862, 90.0045928955]],
