{
"lowlevel": {
    "average_loudness": 0.0185991097242,
    "barkbands_crest": {
        "dmean": 2.08368325233,
        "dmean2": 3.31930589676,
        "dvar": 3.61397767067,
        "dvar2": 9.26255989075,
        "max": 26.8406829834,
        "mean": 11.6621694565,
        "median": 10.7399482727,
        "min": 3.64554142952,
        "var": 19.8670501709
    },
    "barkbands_flatness_db": {
        "dmean": 0.0169019550085,
        "dmean2": 0.0268490724266,
        "dvar": 0.000223982118769,
        "dvar2": 0.000568255782127,
        "max": 0.57185703516,
        "mean": 0.274576812983,
        "median": 0.264279991388,
        "min": 0.0576682686806,
        "var": 0.00397350592539
    },
    "barkbands_kurtosis": {
        "dmean": 2.72359251976,
        "dmean2": 4.3872423172,
        "dvar": 97.756980896,
        "dvar2": 247.188644409,
        "max": 594.706298828,
        "mean": 5.76698684692,
        "median": 2.46129345894,
        "min": -1.88160777092,
        "var": 362.258728027
    },
    "barkbands_skewness": {
        "dmean": 0.446206063032,
        "dmean2": 0.697788774967,
        "dvar": 0.278588056564,
        "dvar2": 0.703600883484,
        "max": 18.7517967224,
        "mean": 1.11906683445,
        "median": 1.0510853529,
        "min": -4.95953273773,
        "var": 1.79983329773
    },
    "barkbands_spread": {
        "dmean": 1.96540701389,
        "dmean2": 3.0476770401,
        "dvar": 5.39434719086,
        "dvar2": 13.1486291885,
        "max": 66.0900878906,
        "mean": 9.23356342316,
        "median": 7.59119129181,
        "min": 0.133852273226,
        "var": 44.2666397095
    },
    "dissonance": {
        "dmean": 0.0310981534421,
        "dmean2": 0.0527182146907,
        "dvar": 0.000767868594266,
        "dvar2": 0.00212957430631,
        "max": 0.5,
        "mean": 0.404160499573,
        "median": 0.414215356112,
        "min": 0.119278341532,
        "var": 0.00341558875516
    },
    "dynamic_complexity": 6.8728313446,
    "erbbands_crest": {
        "dmean": 2.39756131172,
        "dmean2": 3.7405359745,
        "dvar": 5.11036920547,
        "dvar2": 12.6118888855,
        "max": 32.9183998108,
        "mean": 13.3250389099,
        "median": 12.090221405,
        "min": 2.41283416748,
        "var": 31.008649826
    },
    "erbbands_flatness_db": {
        "dmean": 0.0126490406692,
        "dmean2": 0.0191060360521,
        "dvar": 0.000117451098049,
        "dvar2": 0.000270167773124,
        "max": 0.517339229584,
        "mean": 0.30697530508,
        "median": 0.304705649614,
        "min": 0.0236367341131,
        "var": 0.00263081700541
    },
    "erbbands_kurtosis": {
        "dmean": 1.31009840965,
        "dmean2": 1.98102152348,
        "dvar": 4.52166748047,
        "dvar2": 9.3175611496,
        "max": 107.215301514,
        "mean": 2.43789958954,
        "median": 0.714362859726,
        "min": -1.7813822031,
        "var": 36.6807441711
    },
    "erbbands_skewness": {
        "dmean": 0.328574955463,
        "dmean2": 0.490530371666,
        "dvar": 0.0925363823771,
        "dvar2": 0.213273584843,
        "max": 9.10429763794,
        "mean": 0.855815887451,
        "median": 0.784793019295,
        "min": -3.41259884834,
        "var": 1.03592312336
    },
    "erbbands_spread": {
        "dmean": 3.15387296677,
        "dmean2": 4.83290147781,
        "dvar": 12.114153862,
        "dvar2": 29.3124485016,
        "max": 122.628494263,
        "mean": 18.2844371796,
        "median": 16.6787509918,
        "min": 0.571728050709,
        "var": 119.901763916
    },
    "hfc": {
        "dmean": 1.79240036011,
        "dmean2": 2.61429190636,
        "dvar": 24.5107154846,
        "dvar2": 48.9887809753,
        "max": 201.980987549,
        "mean": 7.91568660736,
        "median": 2.42557024956,
        "min": 1.09813798205e-16,
        "var": 237.982513428
    },
    "melbands_crest": {
        "dmean": 2.58907556534,
        "dmean2": 4.13210105896,
        "dvar": 5.81329870224,
        "dvar2": 15.4580984116,
        "max": 39.9495849609,
        "mean": 15.0525407791,
        "median": 13.9504594803,
        "min": 1.00043153763,
        "var": 34.2018585205
    },
    "melbands_flatness_db": {
        "dmean": 0.0170659273863,
        "dmean2": 0.0259602144361,
        "dvar": 0.00023747990781,
        "dvar2": 0.000568413350265,
        "max": 0.693095743656,
        "mean": 0.3376506567,
        "median": 0.324467003345,
        "min": -4.74574505915e-07,
        "var": 0.008285112679
    },
    "melbands_kurtosis": {
        "dmean": 4.10545635223,
        "dmean2": 6.55935287476,
        "dvar": 441.59085083,
        "dvar2": 1098.68920898,
        "max": 1559.52612305,
        "mean": 9.80812931061,
        "median": 4.56852531433,
        "min": -1.7867821455,
        "var": 1290.57641602
    },
    "melbands_skewness": {
        "dmean": 0.457043528557,
        "dmean2": 0.707640349865,
        "dvar": 0.326671361923,
        "dvar2": 0.773000895977,
        "max": 30.6246376038,
        "mean": 1.65059733391,
        "median": 1.52410840988,
        "min": -4.36730051041,
        "var": 2.3975288868
    },
    "melbands_spread": {
        "dmean": 2.66915559769,
        "dmean2": 4.12450313568,
        "dvar": 15.2316017151,
        "dvar2": 36.1166687012,
        "max": 159.49621582,
        "mean": 12.7128734589,
        "median": 9.62402629852,
        "min": 0.132162377238,
        "var": 147.676086426
    },
    "pitch_salience": {
        "dmean": 0.0546715855598,
        "dmean2": 0.0879413932562,
        "dvar": 0.00229542190209,
        "dvar2": 0.00589386979118,
        "max": 0.99609541893,
        "mean": 0.505335390568,
        "median": 0.511233747005,
        "min": 0.00384479761124,
        "var": 0.0146231641993
    },
    "silence_rate_20dB": {
        "dmean": 0,
        "dmean2": 0,
        "dvar": 0,
        "dvar2": 0,
        "max": 1,
        "mean": 1,
        "median": 1,
        "min": 1,
        "var": 0
    },
    "silence_rate_30dB": {
        "dmean": 0.00325370323844,
        "dmean2": 0.00650796387345,
        "dvar": 0.00324341561645,
        "dvar2": 0.00783678330481,
        "max": 1,
        "mean": 0.992465734482,
        "median": 1,
        "min": 0,
        "var": 0.00747638195753
    },
    "silence_rate_60dB": {
        "dmean": 0.0376744568348,
        "dmean2": 0.0753553658724,
        "dvar": 0.0362621210515,
        "dvar2": 0.0821780487895,
        "max": 1,
        "mean": 0.420034259558,
        "median": 0,
        "min": 0,
        "var": 0.2436119169
    },
    "spectral_centroid": {
        "dmean": 99.1160202026,
        "dmean2": 149.774032593,
        "dvar": 29648.0664062,
        "dvar2": 56915.6523438,
        "max": 11769.1074219,
        "mean": 828.388366699,
        "median": 657.321899414,
        "min": 124.646987915,
        "var": 625383.25
    },
    "spectral_complexity": {
        "dmean": 1.13759744167,
        "dmean2": 1.92258954048,
        "dvar": 1.52754104137,
        "dvar2": 3.88672184944,
        "max": 39,
        "mean": 8.47303104401,
        "median": 7,
        "min": 0,
        "var": 32.2948265076
    },
    "spectral_decrease": {
        "dmean": 6.96616431206e-10,
        "dmean2": 1.0724595656e-09,
        "dvar": 3.03044751842e-18,
        "dvar2": 7.56393804453e-18,
        "max": 9.28474694674e-20,
        "mean": -3.01586955409e-09,
        "median": -1.07615871769e-09,
        "min": -7.75416992838e-08,
        "var": 2.6769981644e-17
    },
    "spectral_energy": {
        "dmean": 0.00277286418714,
        "dmean2": 0.00425497349352,
        "dvar": 4.70212216896e-05,
        "dvar2": 0.000116192371934,
        "max": 0.296979010105,
        "mean": 0.0121005969122,
        "median": 0.00430364906788,
        "min": 1.02568247226e-20,
        "var": 0.000429746985901
    },
    "spectral_energyband_high": {
        "dmean": 2.07300181501e-05,
        "dmean2": 3.15900724672e-05,
        "dvar": 1.55310679872e-08,
        "dvar2": 3.72660728942e-08,
        "max": 0.00557165639475,
        "mean": 4.32308297604e-05,
        "median": 3.43796637026e-06,
        "min": 7.28266613398e-21,
        "var": 3.22065467628e-08
    },
    "spectral_energyband_low": {
        "dmean": 0.000520451751072,
        "dmean2": 0.000835701590404,
        "dvar": 1.64784250956e-05,
        "dvar2": 4.67110694444e-05,
        "max": 0.253796577454,
        "mean": 0.00123675446957,
        "median": 0.000172641564859,
        "min": 2.62770498385e-23,
        "var": 3.29059912474e-05
    },
    "spectral_energyband_middle_high": {
        "dmean": 0.000828833610285,
        "dmean2": 0.00116190651897,
        "dvar": 7.39858160159e-06,
        "dvar2": 1.48157505464e-05,
        "max": 0.0974260047078,
        "mean": 0.00282423035242,
        "median": 0.000562229484785,
        "min": 1.32748664947e-21,
        "var": 5.01902904944e-05
    },
    "spectral_energyband_middle_low": {
        "dmean": 0.002175956266,
        "dmean2": 0.00335480179638,
        "dvar": 2.53255821008e-05,
        "dvar2": 5.9693978983e-05,
        "max": 0.240877434611,
        "mean": 0.00818808563054,
        "median": 0.00270422175527,
        "min": 1.77230691138e-22,
        "var": 0.000236298597883
    },
    "spectral_entropy": {
        "dmean": 0.122815907001,
        "dmean2": 0.185442253947,
        "dvar": 0.0123350955546,
        "dvar2": 0.028483569622,
        "max": 9.81624126434,
        "mean": 6.21314477921,
        "median": 6.28478336334,
        "min": 3.42115998268,
        "var": 0.348001033068
    },
    "spectral_flux": {
        "dmean": 0.00837017130107,
        "dmean2": 0.0139871900901,
        "dvar": 0.000141189491842,
        "dvar2": 0.000389659282519,
        "max": 0.328773826361,
        "mean": 0.0336060449481,
        "median": 0.0224525835365,
        "min": 6.37751934596e-11,
        "var": 0.00101522088517
    },
    "spectral_kurtosis": {
        "dmean": 11.2233695984,
        "dmean2": 19.8787097931,
        "dvar": 146.290908813,
        "dvar2": 430.533905029,
        "max": 247.619110107,
        "mean": 25.875120163,
        "median": 15.8556461334,
        "min": -1.25104725361,
        "var": 801.301940918
    },
    "spectral_rms": {
        "dmean": 0.000307130510919,
        "dmean2": 0.000462385709397,
        "dvar": 1.92689540768e-07,
        "dvar2": 4.67508726842e-07,
        "max": 0.0170216225088,
        "mean": 0.00271009281278,
        "median": 0.00204906868748,
        "min": 3.16333027481e-12,
        "var": 4.46081730843e-06
    },
    "spectral_rolloff": {
        "dmean": 154.73765564,
        "dmean2": 271.437530518,
        "dvar": 146658.984375,
        "dvar2": 328775.78125,
        "max": 19681.3476562,
        "mean": 954.662841797,
        "median": 689.0625,
        "min": 21.533203125,
        "var": 1672500.75
    },
    "spectral_skewness": {
        "dmean": 0.772796213627,
        "dmean2": 1.37000691891,
        "dvar": 0.481850087643,
        "dvar2": 1.44641888142,
        "max": 13.4843568802,
        "mean": 3.09965777397,
        "median": 2.54400801659,
        "min": -0.0807461962104,
        "var": 3.44693446159
    },
    "spectral_spread": {
        "dmean": 244759.578125,
        "dmean2": 419759.8125,
        "dvar": 195417423872,
        "dvar2": 328788967424,
        "max": 42189204,
        "mean": 2019077.125,
        "median": 1844239.625,
        "min": 387999.90625,
        "var": 6.07411398246e+12
    },
    "spectral_strongpeak": {
        "dmean": 0.335674762726,
        "dmean2": 0.543429613113,
        "dvar": 0.550806522369,
        "dvar2": 1.33164680004,
        "max": 23.5540618896,
        "mean": 0.997659146786,
        "median": 0.591269493103,
        "min": 0,
        "var": 1.77808701992
    },
    "zerocrossingrate": {
        "dmean": 0.00333869992755,
        "dmean2": 0.00429514376447,
        "dvar": 4.57747992186e-05,
        "dvar2": 8.14294035081e-05,
        "max": 0.52099609375,
        "mean": 0.0351364351809,
        "median": 0.02978515625,
        "min": 0,
        "var": 0.00119863438886
    },
    "barkbands": {
        "dmean": [6.97333161952e-05, 0.000287428905722, 0.000215931780986, 0.000188563441043, 0.000586366397329, 0.000819360546302, 0.000813742168248, 0.000589954666793, 0.000328260299284, 0.000269576383289, 0.000251682678936, 0.000194909080165, 0.000155370536959, 9.36719152378e-05, 0.000162206328241, 0.000127085688291, 8.83825268829e-05, 3.72160357074e-05, 5.98105798417e-05, 2.78372244793e-05, 9.91827801045e-06, 3.6437147628e-06, 1.74080275883e-06, 5.30125191744e-07, 7.14830932225e-08, 8.81497153049e-10, 5.19712273217e-10],
        "dmean2": [0.000117002302432, 0.00047614792129, 0.000330366368871, 0.000299592647934, 0.000881322077475, 0.00131333782338, 0.00130856398027, 0.000860375585034, 0.000468192796689, 0.000406141771236, 0.000364135456039, 0.000274679245194, 0.000218848203076, 0.000149408049765, 0.000248207768891, 0.000193549174583, 0.000138559189509, 5.83682085562e-05, 8.80438092281e-05, 4.26263432018e-05, 1.5275867554e-05, 5.59041927772e-06, 2.76110608866e-06, 8.34127035887e-07, 1.20223887734e-07, 1.54410928488e-09, 9.60907131642e-10],
        "dvar": [3.86557488241e-08, 9.26096345211e-06, 2.16875673686e-06, 7.99528208972e-07, 3.21372272083e-06, 6.65538073008e-06, 6.08891878073e-06, 5.49505602976e-06, 1.3088824744e-06, 1.4244826616e-06, 1.23315294331e-06, 7.2495134873e-07, 1.11289261895e-06, 3.68235049564e-07, 1.00779448076e-06, 5.01628790062e-07, 1.98299417775e-07, 4.68236649454e-08, 2.54751540751e-07, 3.90762409097e-08, 8.01826516295e-09, 3.44718781298e-10, 1.36317512833e-10, 8.8044216015e-12, 1.0341441245e-12, 2.81593555598e-17, 2.06305069305e-18],
        "dvar2": [9.82926025017e-08, 2.62304893113e-05, 5.56646273253e-06, 2.30955379266e-06, 7.85662359704e-06, 1.7845801267e-05, 1.64396933542e-05, 9.25004042074e-06, 2.58127033703e-06, 3.38110226039e-06, 2.56495400208e-06, 1.44938258018e-06, 1.7838868871e-06, 9.91336150946e-07, 1.92897459783e-06, 1.06671086542e-06, 4.99327654779e-07, 1.20530870618e-07, 4.87542081373e-07, 7.63749241628e-08, 1.99148200153e-08, 7.24341031599e-10, 3.48827355889e-10, 2.10827674763e-11, 2.7680917454e-12, 7.99408321272e-17, 6.70099055588e-18],
        "max": [0.0115985106677, 0.186534255743, 0.0828172639012, 0.0409700125456, 0.0634814426303, 0.140824615955, 0.19589650631, 0.212531447411, 0.0897488296032, 0.0436415709555, 0.0563572645187, 0.0614926815033, 0.0641397237778, 0.0535839870572, 0.0689392313361, 0.0277601610869, 0.0238012280315, 0.00899991672486, 0.0360317379236, 0.0106163090095, 0.00511925760657, 0.000810824218206, 0.000524613365997, 0.000127957813675, 6.09333801549e-05, 3.31784292484e-07, 3.5699610379e-08],
        "mean": [8.33837548271e-05, 0.000563636538573, 0.000477749650599, 0.000351303053321, 0.00138826470356, 0.0020307910163, 0.00210444070399, 0.00135261786636, 0.000806912896223, 0.000572330667637, 0.000515851308592, 0.00046606673277, 0.000308062735712, 0.000170604223968, 0.000290738244075, 0.000223534807446, 0.000155900997925, 5.91202187934e-05, 0.000103722515632, 4.92395738547e-05, 1.61990046763e-05, 6.45677891953e-06, 2.67359246209e-06, 8.80291054273e-07, 7.14263208579e-08, 9.07300290454e-10, 5.05902431058e-10],
        "median": [3.47401146428e-05, 3.53144205292e-05, 2.25424646487e-05, 4.5458884415e-05, 0.000289383082418, 0.000358114077244, 0.000390536093619, 0.000164312164998, 0.000113182919449, 5.94874873059e-05, 5.73400466237e-05, 3.00381034322e-05, 1.6656180378e-05, 1.2876238543e-05, 1.95984648599e-05, 1.21771581689e-05, 1.28729534481e-05, 3.17233889291e-06, 4.61914623884e-06, 3.50515801983e-06, 8.32448904475e-07, 3.29311944824e-07, 9.99037297333e-08, 2.94308097892e-08, 1.47890744095e-09, 1.27793928217e-10, 1.48868584127e-10],
        "min": [4.35387716379e-25, 4.38574714436e-24, 1.02603341549e-24, 1.99095712931e-24, 7.13013349134e-24, 8.34606791343e-24, 1.31503128678e-23, 2.1513197718e-23, 6.25530331353e-24, 1.6592726731e-23, 9.54699977882e-24, 2.28697891949e-23, 3.41231093112e-23, 3.0660306549e-23, 5.46833457007e-23, 4.24876255258e-23, 7.51990051382e-23, 1.3030543272e-22, 1.03547409654e-22, 1.96372987916e-22, 2.41306972083e-22, 3.18378934958e-22, 4.60700170769e-22, 5.76042893735e-22, 9.48146689461e-22, 1.31705046146e-21, 2.00834767525e-21],
        "var": [7.45292041415e-08, 1.38897166835e-05, 5.61021761314e-06, 1.54759402449e-06, 1.36246026159e-05, 2.79493469861e-05, 6.34077514405e-05, 3.01232612401e-05, 6.54129325994e-06, 3.97446001443e-06, 4.15123440689e-06, 3.59250088877e-06, 4.18860690843e-06, 9.21879461657e-07, 2.4114133339e-06, 1.35851291816e-06, 4.19269156282e-07, 7.56699876092e-08, 6.22155198471e-07, 9.49044718368e-08, 1.19808980514e-08, 8.31398005996e-10, 2.31259039696e-10, 1.80697748431e-11, 8.08994201924e-13, 2.46962481201e-17, 1.75213087158e-18]
    },
    "erbbands": {
        "dmean": [0.00682304147631, 0.0731935352087, 0.242347359657, 0.395409971476, 1.14912474155, 2.22296404839, 4.46763467789, 7.47836780548, 11.6837511063, 11.452583313, 11.0318603516, 7.44104290009, 7.49241304398, 8.83926963806, 9.21798229218, 7.79857873917, 6.81062507629, 4.46673870087, 8.47242832184, 6.4760594368, 5.74010229111, 4.42307519913, 2.21655368805, 2.64126229286, 2.67151474953, 1.25660598278, 0.495234042406, 0.324294984341, 0.125656530261, 0.0948511809111, 0.0414571836591, 0.0157555043697, 0.00585177447647, 0.00145782565232, 6.13099546172e-05, 9.19586818782e-06, 1.70214821082e-06, 5.17086789387e-07, 1.38794189297e-06, 3.17319381793e-06],
        "dmean2": [0.0113653978333, 0.121410943568, 0.375407367945, 0.612133562565, 1.82108604908, 3.29664993286, 6.94517993927, 11.904633522, 18.9906234741, 17.6163253784, 16.052230835, 10.534081459, 10.9960718155, 13.0703992844, 13.5093669891, 11.0058145523, 9.56047725677, 6.72126150131, 12.7188072205, 10.0333938599, 8.72640132904, 6.99481725693, 3.48669981956, 3.8516254425, 3.85611104965, 1.93309569359, 0.781913399696, 0.473571062088, 0.188258767128, 0.152424558997, 0.0647639334202, 0.024197248742, 0.00933143123984, 0.0023854188621, 0.000102199082903, 1.53152795974e-05, 2.72915758615e-06, 8.31834881865e-07, 2.10191183214e-06, 4.8477359087e-06],
        "dvar": [0.00390587560833, 0.646818995476, 3.54047894478, 2.45494866371, 27.6468658447, 52.7132415771, 214.277008057, 737.776611328, 1367.37463379, 2005.67663574, 1224.37670898, 750.356201172, 800.972229004, 1099.27038574, 2890.68334961, 1138.67687988, 1909.98254395, 396.443786621, 3860.51538086, 1026.56494141, 940.50982666, 619.613464355, 135.842315674, 667.236999512, 533.479003906, 90.2147216797, 24.5146980286, 6.09034156799, 0.506851613522, 0.42255115509, 0.0593573190272, 0.00827917736024, 0.00122859654948, 0.000302442524116, 1.18435866625e-06, 1.21218324267e-08, 2.73792950117e-11, 1.93848474599e-12, 1.1446056776e-11, 6.03909908192e-11],
        "dvar2": [0.0116595504805, 1.8320941925, 9.58567333221, 6.78840494156, 82.3079071045, 111.777282715, 565.90032959, 1950.34521484, 3685.28173828, 3807.77807617, 2379.54980469, 1337.07019043, 1874.94128418, 2492.32299805, 6295.04101562, 2299.79370117, 3140.04418945, 770.912475586, 7853.40576172, 2275.92529297, 2065.64575195, 1643.22058105, 347.046508789, 1061.35021973, 1038.16174316, 195.353149414, 64.2801437378, 11.9671297073, 1.05996584892, 1.10932385921, 0.125912070274, 0.0181084554642, 0.00311555946246, 0.000806096417364, 2.90973821393e-06, 3.11118881768e-08, 6.99107924329e-11, 4.69200329631e-12, 2.70450016548e-11, 1.46977860438e-10],
        "max": [3.74062371254, 47.2561950684, 94.7233581543, 70.6513137817, 183.663589478, 360.505523682, 489.577667236, 1733.85632324, 3489.71411133, 4307.07519531, 1811.3157959, 2710.72583008, 1084.73620605, 1588.52148438, 2999.58520508, 1614.93127441, 2247.94238281, 1080.91625977, 4336.71630859, 1605.80114746, 1752.66894531, 1109.64086914, 444.333770752, 2588.66967773, 1454.49597168, 594.137329102, 344.189453125, 260.38772583, 52.6171951294, 27.1571598053, 10.6302490234, 4.39456510544, 1.55380809307, 0.840166628361, 0.058919955045, 0.00546711264178, 0.000192632811377, 5.20056892128e-05, 0.000133825073135, 0.000323629355989],
        "mean": [0.0116018150002, 0.147126838565, 0.541221737862, 0.857333004475, 2.31487178802, 5.19466114044, 9.8078622818, 19.6792049408, 32.6761474609, 26.2394695282, 26.3519992828, 18.3667850494, 18.3322620392, 20.6982440948, 20.2661914825, 19.3372077942, 14.628036499, 9.24951267242, 15.7897357941, 12.9480104446, 11.031826973, 8.24269962311, 4.05423927307, 4.79751682281, 4.54736852646, 2.28137302399, 0.828068912029, 0.562031805515, 0.233029618859, 0.152321636677, 0.0682661831379, 0.0274563729763, 0.00965797714889, 0.00192925787997, 8.29578712001e-05, 1.74558153958e-05, 6.00420844421e-06, 1.69455165633e-06, 6.26957762506e-06, 1.39979074447e-05],
        "median": [0.00187404011376, 0.00478972168639, 0.0279292315245, 0.144156694412, 0.408555388451, 0.961649477482, 1.94682025909, 3.28734827042, 5.95324420929, 4.90096664429, 3.93618011475, 3.43465328217, 2.44948911667, 3.14174747467, 2.68479251862, 1.63727807999, 1.18065059185, 0.905158758163, 1.14024019241, 1.27072358131, 0.899991810322, 0.791909813881, 0.365188539028, 0.265012651682, 0.27230900526, 0.180258378386, 0.0615703575313, 0.0293405726552, 0.0133202914149, 0.00590147264302, 0.00268337968737, 0.000982537516393, 0.000357495155185, 6.32023220533e-05, 7.69313828641e-06, 3.68051132682e-06, 1.98004295271e-06, 5.13465352014e-07, 2.20202900891e-06, 4.94732739753e-06],
        "min": [2.13614445456e-22, 7.90143479457e-22, 1.69949083416e-21, 6.8758944132e-21, 1.66017410761e-20, 2.97757523226e-20, 3.22307112896e-20, 8.71260873526e-20, 1.6256857167e-19, 2.58962668487e-19, 4.73555679109e-19, 2.22808154876e-19, 5.21463085056e-19, 8.5703738657e-19, 8.31815925911e-19, 1.33608487286e-18, 1.76720272273e-18, 1.76678313536e-18, 2.44337055432e-18, 3.4647388467e-18, 3.08677045312e-18, 4.54967286723e-18, 8.42558892757e-18, 7.33860660105e-18, 6.62137814424e-18, 1.03520057202e-17, 9.83991391944e-18, 1.27494133634e-17, 1.07856286866e-17, 1.28797307059e-17, 1.2008582135e-17, 1.09631333742e-17, 9.31531597496e-18, 8.17435680475e-18, 6.73086252934e-18, 4.47609887406e-18, 2.5221408961e-18, 9.72802450671e-19, 2.59786643774e-19, 2.57122259479e-20],
        "var": [0.00608948804438, 0.924276530743, 7.65761899948, 6.72061824799, 52.790222168, 300.000854492, 703.823730469, 3349.93310547, 18207.1308594, 9889.79785156, 5292.62207031, 3750.86035156, 2947.41918945, 4156.41601562, 8793.390625, 6152.31152344, 7337.18408203, 1345.86804199, 9403.26269531, 2882.27294922, 2531.24121094, 1285.64282227, 267.49621582, 1951.70239258, 1013.03460693, 197.038299561, 27.0037460327, 17.2790603638, 1.1317460537, 0.64529132843, 0.114802673459, 0.0189725141972, 0.00223890598863, 0.000252325640758, 9.78178832156e-07, 1.05610453716e-08, 1.28051277914e-10, 1.17934386215e-11, 1.15616197172e-10, 5.74712111234e-10]
    },
    "gfcc": {
        "mean": [-198.759613037, 190.813461304, -158.323791504, 9.88176345825, -54.7152519226, -25.5816402435, -16.5385494232, -18.6669807434, 1.83940529823, -15.961230278, 5.25164556503, -10.4893550873, 3.69961977005],
        "cov": [[15978.9394531, -554.34375, -4151.86523438, 65.8420791626, -1260.56591797, -256.548278809, -359.349761963, -139.040817261, 256.916290283, -359.236053467, 283.68862915, -248.23916626, 289.676696777], [-554.34375, 1634.26513672, 977.907531738, -340.553375244, 379.488616943, -249.001876831, 32.5961723328, -157.065048218, -54.1119270325, -14.2078895569, -190.313873291, -64.3308639526, -133.188262939], [-4151.86523438, 977.907531738, 2128.12475586, 0.31587600708, 474.789245605, 12.1175775528, 55.3209877014, -45.7152519226, -145.13722229, 42.2974014282, -212.63470459, -30.7534980774, -200.738479614], [65.8420791626, -340.553375244, 0.31587600708, 600.606262207, 9.45146942139, 94.8836517334, -5.98357343674, 41.8159408569, -34.2052383423, -54.962020874, 36.1396865845, -39.8440933228, -6.94379425049], [-1260.56591797, 379.488616943, 474.789245605, 9.45146942139, 408.039306641, 58.1853866577, 82.734413147, -3.25375533104, -44.2416954041, 15.0062932968, -74.9484024048, 11.1731929779, -52.4477386475], [-256.548278809, -249.001876831, 12.1175775528, 94.8836517334, 58.1853866577, 342.141357422, 104.257820129, 63.3866729736, 7.86742115021, -7.53134965897, 27.0801353455, 6.63848781586, 2.71828579903], [-359.349761963, 32.5961723328, 55.3209877014, -5.98357343674, 82.734413147, 104.257820129, 191.608230591, 86.8055725098, 15.3106040955, 14.4716091156, -11.3156509399, 10.2657318115, -17.3487701416], [-139.040817261, -157.065048218, -45.7152519226, 41.8159408569, -3.25375533104, 63.3866729736, 86.8055725098, 176.672302246, 77.0666656494, 19.4448642731, 19.0143756866, -5.88391065598, -0.952271282673], [256.916290283, -54.1119270325, -145.13722229, -34.2052383423, -44.2416954041, 7.86742115021, 15.3106040955, 77.0666656494, 157.501159668, 65.2205657959, 23.9534282684, 2.9517352581, 2.12844967842], [-359.236053467, -14.2078895569, 42.2974014282, -54.962020874, 15.0062932968, -7.53134965897, 14.4716091156, 19.4448642731, 65.2205657959, 150.379440308, 64.9597625732, 22.4830913544, -10.9760894775], [283.68862915, -190.313873291, -212.63470459, 36.1396865845, -74.9484024048, 27.0801353455, -11.3156509399, 19.0143756866, 23.9534282684, 64.9597625732, 167.215362549, 67.5601348877, 22.342376709], [-248.23916626, -64.3308639526, -30.7534980774, -39.8440933228, 11.1731929779, 6.63848781586, 10.2657318115, -5.88391065598, 2.9517352581, 22.4830913544, 67.5601348877, 139.209442139, 65.5341339111], [289.676696777, -133.188262939, -200.738479614, -6.94379425049, -52.4477386475, 2.71828579903, -17.3487701416, -0.952271282673, 2.12844967842, -10.9760894775, 22.342376709, 65.5341339111, 149.598999023]],
        "icov": [[0.000242945447098, -0.000456055917311, 0.000559847976547, -0.000202935363632, 0.000472170009743, -0.000266765884589, 0.000302766828099, -6.6020176746e-05, -2.02766477742e-05, 0.000229344659601, -7.52107007429e-05, 0.00024082766322, -6.7210630732e-06], [-0.000456055917311, 0.00290297903121, -0.00195345445536, 0.00141864828765, -0.0024128803052, 0.00226903194562, -0.00232278672047, 0.00261907628737, -0.00213155080564, 0.00182744604535, -0.00162117369473, 0.00166649126913, -0.00055113126291], [0.000559847976547, -0.00195345445536, 0.00261955778114, -0.00105738383718, 0.00126041506883, -0.00154807034414, 0.00200705952011, -0.0017783761723, 0.00206869584508, -0.00170042412356, 0.00229592225514, -0.00145683053415, 0.00147528282832], [-0.000202935363632, 0.00141864828765, -0.00105738383718, 0.00277930800803, -0.00148811889812, 0.000703765603248, -0.000692856963724, 0.000681649369653, -0.000827355368529, 0.00214442494325, -0.00239314883947, 0.00216835457832, -0.000667735468596], [0.000472170009743, -0.0024128803052, 0.00126041506883, -0.00148811889812, 0.00610123947263, -0.00231432192959, 0.000777145440225, -0.00176425476093, 0.00243978016078, -0.00255320384167, 0.00334419659339, -0.00282237282954, 0.00133459200151], [-0.000266765884589, 0.00226903194562, -0.00154807034414, 0.000703765603248, -0.00231432192959, 0.00576901296154, -0.00404374906793, 0.00228721811436, -0.00245549855754, 0.00286420923658, -0.00317670078948, 0.00244884006679, -0.0012317483779], [0.000302766828099, -0.00232278672047, 0.00200705952011, -0.000692856963724, 0.000777145440225, -0.00404374906793, 0.0113566527143, -0.00725512439385, 0.00416677910835, -0.00361340329982, 0.00424315826967, -0.00400535436347, 0.00242002075538], [-6.6020176746e-05, 0.00261907628737, -0.0017783761723, 0.000681649369653, -0.00176425476093, 0.00228721811436, -0.00725512439385, 0.0138928024098, -0.00856175739318, 0.00498420745134, -0.00492465822026, 0.00485801743343, -0.00221320893615], [-2.02766477742e-05, -0.00213155080564, 0.00206869584508, -0.000827355368529, 0.00243978016078, -0.00245549855754, 0.00416677910835, -0.00856175739318, 0.0148241594434, -0.00897903926671, 0.00600986834615, -0.00445592729375, 0.00239241193049], [0.000229344659601, 0.00182744604535, -0.00170042412356, 0.00214442494325, -0.00255320384167, 0.00286420923658, -0.00361340329982, 0.00498420745134, -0.00897903926671, 0.0161152984947, -0.0103055490181, 0.00552230095491, -0.0019036437152], [-7.52107007429e-05, -0.00162117369473, 0.00229592225514, -0.00239314883947, 0.00334419659339, -0.00317670078948, 0.00424315826967, -0.00492465822026, 0.00600986834615, -0.0103055490181, 0.0174540355802, -0.010824794881, 0.00465648295358], [0.00024082766322, 0.00166649126913, -0.00145683053415, 0.00216835457832, -0.00282237282954, 0.00244884006679, -0.00400535436347, 0.00485801743343, -0.00445592729375, 0.00552230095491, -0.010824794881, 0.0174499917775, -0.00786340143532], [-6.7210630732e-06, -0.00055113126291, 0.00147528282832, -0.000667735468596, 0.00133459200151, -0.0012317483779, 0.00242002075538, -0.00221320893615, 0.00239241193049, -0.0019036437152, 0.00465648295358, -0.00786340143532, 0.0114878518507]]
    },
    "melbands": {
        "dmean": [7.14139605407e-05, 0.000115928211017, 8.78255959833e-05, 0.000115660062875, 0.000142147997394, 0.000166976329638, 0.000174172135303, 0.000128049679915, 8.37036568555e-05, 4.72130450362e-05, 3.89651759178e-05, 3.74939445464e-05, 3.15221550409e-05, 2.4119295631e-05, 1.60032941494e-05, 1.71077481355e-05, 7.49684249968e-06, 1.39020321512e-05, 1.10273131213e-05, 9.30831083679e-06, 6.76047420711e-06, 4.96774828207e-06, 3.60985313819e-06, 1.28405986288e-06, 2.43291719926e-06, 2.27014425036e-06, 1.60521858561e-06, 7.43266127756e-07, 3.35759636982e-07, 2.43225997565e-07, 2.07382868211e-07, 8.35703986013e-08, 6.57025225337e-08, 5.10838944479e-08, 3.03776737098e-08, 1.4160361772e-08, 9.87220349913e-09, 5.14993869771e-09, 2.96661206711e-09, 8.08205558034e-10],
        "dmean2": [0.000118039948575, 0.000183251439012, 0.000139456387842, 0.000173501277459, 0.000218954941374, 0.000266215007287, 0.000283478904748, 0.00019408033404, 0.000122202021885, 6.66609994369e-05, 5.73593715671e-05, 5.56750528631e-05, 4.61742383777e-05, 3.40740079992e-05, 2.323265835e-05, 2.39434684772e-05, 1.14521799333e-05, 2.08377223316e-05, 1.69948998519e-05, 1.41804630402e-05, 1.02717922346e-05, 7.8304683484e-06, 5.71709415453e-06, 1.97303529603e-06, 3.47576656168e-06, 3.35924778483e-06, 2.30744990404e-06, 1.18545619898e-06, 5.26528026512e-07, 3.75477668513e-07, 2.981303453e-07, 1.27110922676e-07, 1.02623445741e-07, 8.17524821173e-08, 4.78395953962e-08, 2.16119673269e-08, 1.5719624713e-08, 8.25120860526e-09, 4.62702320903e-09, 1.38123290583e-09],
        "dvar": [4.87617796807e-07, 9.9953786048e-07, 1.41821999478e-07, 1.69522635929e-07, 1.82333906196e-07, 3.11941704467e-07, 2.85496327024e-07, 2.73486108426e-07, 6.49916458428e-08, 2.92144228808e-08, 2.30874288576e-08, 2.23543352718e-08, 2.24837162222e-08, 1.30728290415e-08, 8.58841442408e-09, 1.81149371059e-08, 1.05495967517e-09, 1.20370513557e-08, 3.60649243802e-09, 3.10059045106e-09, 1.63524394026e-09, 6.73298583553e-10, 5.62507540547e-10, 4.66739702443e-11, 6.67860100556e-10, 6.04238603596e-10, 1.71819170003e-10, 3.6298259537e-11, 1.04445428001e-11, 4.19109842317e-12, 4.67987671185e-12, 2.74335594389e-13, 1.49801517219e-13, 1.54615117367e-13, 4.39889789904e-14, 1.11974630075e-14, 3.98950654684e-15, 1.28534443949e-15, 6.57593499205e-16, 2.44129268489e-16],
        "dvar2": [1.39631140428e-06, 2.78945708487e-06, 4.13306963765e-07, 4.16237838863e-07, 4.6956222377e-07, 8.29931479984e-07, 7.77571074195e-07, 4.8364330496e-07, 1.32789708118e-07, 5.37415658641e-08, 5.40871027965e-08, 5.16558813501e-08, 4.90416383059e-08, 2.61037840232e-08, 1.87086346415e-08, 2.86536874228e-08, 2.3182924469e-09, 2.59242138867e-08, 7.44139416753e-09, 6.35848040886e-09, 3.6189826691e-09, 1.79227399588e-09, 1.3616083816e-09, 1.06181161086e-10, 1.02446895411e-09, 1.31489596988e-09, 2.74049671845e-10, 8.43479036616e-11, 2.75964112673e-11, 9.24936603003e-12, 9.05738938711e-12, 5.88873188493e-13, 3.4197644716e-13, 4.1600455177e-13, 8.5144497247e-14, 2.39151028218e-14, 9.55594110785e-15, 3.1307288525e-15, 1.67000528837e-15, 6.22345546594e-16],
        "max": [0.0448325164616, 0.0542959570885, 0.0178995765746, 0.0164526775479, 0.0129283387214, 0.033842869103, 0.0454713106155, 0.0524022690952, 0.0122770871967, 0.0147306825966, 0.00595306651667, 0.00587307522073, 0.0077569144778, 0.00871211942285, 0.00854614842683, 0.00854725763202, 0.00138720788527, 0.00681498646736, 0.00293774460442, 0.0021920511499, 0.00253344676457, 0.00112751650158, 0.00140078668483, 0.000303043227177, 0.00261884764768, 0.00202539144084, 0.00094235263532, 0.000365731742932, 0.000234111779719, 0.000130084852572, 0.000240802808548, 2.67117720796e-05, 1.40237398227e-05, 2.00737340492e-05, 9.90271291812e-06, 8.52454377309e-06, 2.74423132396e-06, 1.78356367542e-06, 1.48692834046e-06, 8.40242819322e-07],
        "mean": [0.000137161026942, 0.000257789477473, 0.000188706893823, 0.0002631873067, 0.000323138141539, 0.000437979702838, 0.0004789615341, 0.000287984468741, 0.000197910689167, 0.000113644215162, 9.1241003247e-05, 8.37344196043e-05, 6.67664862704e-05, 5.75764752284e-05, 3.44020190823e-05, 3.38226927852e-05, 1.39326957651e-05, 2.44931052293e-05, 2.07294433494e-05, 1.66733243532e-05, 1.2053043065e-05, 8.73158478498e-06, 5.97520738665e-06, 2.25441067414e-06, 4.08957930631e-06, 3.66768131244e-06, 2.59931493929e-06, 1.23821030229e-06, 5.16381476245e-07, 3.54860105745e-07, 3.27097325226e-07, 1.32238596962e-07, 1.04488684372e-07, 7.20228641171e-08, 4.43727827815e-08, 2.11538253581e-08, 1.4791849523e-08, 7.09641945207e-09, 4.10627354341e-09, 7.22242488038e-10],
        "median": [1.78347672772e-05, 1.12232391984e-05, 3.48070534528e-05, 4.98931221955e-05, 6.44244937575e-05, 7.77931563789e-05, 9.19378217077e-05, 4.83744261146e-05, 2.95434929285e-05, 1.69972026924e-05, 1.0381329048e-05, 1.12824127427e-05, 8.39608401293e-06, 3.91358753404e-06, 2.61933064394e-06, 1.53062910613e-06, 1.28742681227e-06, 1.31868910103e-06, 1.54925862716e-06, 9.76928276941e-07, 7.26445023247e-07, 6.6706945745e-07, 3.59696343821e-07, 1.3551846223e-07, 1.69823877627e-07, 1.41894219041e-07, 1.3623190398e-07, 7.69811450141e-08, 2.62225796632e-08, 1.87214439507e-08, 1.01343511361e-08, 6.75418743157e-09, 3.12810266578e-09, 2.27105201311e-09, 1.25895804892e-09, 7.85564946426e-10, 3.99750649249e-10, 2.37917047174e-10, 1.16489054514e-10, 1.13395057233e-11],
        "min": [1.86353992147e-24, 8.04428434236e-25, 2.16207052598e-24, 1.66082889845e-24, 1.4437752995e-24, 1.86679476156e-24, 3.14018922034e-24, 3.07055311558e-24, 3.58954352184e-24, 1.0180186873e-24, 2.10651775775e-24, 3.20021660485e-24, 2.92007612297e-24, 2.3455098743e-24, 3.50606468312e-24, 3.61165844845e-24, 2.69601398791e-24, 3.38439866571e-24, 4.90830556849e-24, 4.21183092489e-24, 3.5828299211e-24, 3.60400137008e-24, 6.03888011304e-24, 6.69259257912e-24, 5.03908411265e-24, 4.12546879957e-24, 4.54377609963e-24, 5.89767282771e-24, 5.1550439047e-24, 5.41168441743e-24, 6.35614774177e-24, 5.89050563196e-24, 5.94818635249e-24, 7.01814916381e-24, 6.33106117613e-24, 6.832778684e-24, 5.20278655555e-24, 6.39674212953e-24, 6.54725600138e-24, 6.74462268898e-24],
        "var": [7.89257228462e-07, 1.8410858047e-06, 3.39988503129e-07, 6.99340262145e-07, 6.55049007037e-07, 1.4849966874e-06, 3.30182865582e-06, 1.44521459333e-06, 2.71071968427e-07, 1.43265694419e-07, 7.98293982029e-08, 7.6766795587e-08, 7.3257972133e-08, 5.87820565556e-08, 2.83611303331e-08, 6.59875851738e-08, 2.63353139296e-09, 2.87880812522e-08, 9.61242463404e-09, 8.58880699894e-09, 3.87024989834e-09, 1.38786115933e-09, 9.98984450717e-10, 1.11967254912e-10, 1.94840521495e-09, 9.19974763036e-10, 4.27916285739e-10, 7.15024844888e-11, 1.16057085817e-11, 5.57883600427e-12, 1.08404266466e-11, 5.17144541166e-13, 3.43945575146e-13, 2.10625719882e-13, 7.4494026941e-14, 1.80460996217e-14, 7.44986483527e-15, 1.86595725511e-15, 8.29112482947e-16, 1.83887795589e-16]
    },
    "mfcc": {
        "mean": [-810.625244141, 187.463165283, -16.3091659546, 12.8514318466, -9.04393482208, -10.3725986481, -9.6689825058, -5.85751008987, -4.41887807846, -0.488741397858, -6.01094150543, -0.837757825851, 4.93143224716],
        "cov": [[10129.4951172, 782.56451416, -3493.53735352, 149.846542358, -1185.56420898, -231.406890869, -620.571411133, -56.4548873901, -180.004104614, 39.767124176, -192.9296875, 46.993927002, 43.9375991821], [782.56451416, 1536.20703125, 176.197174072, -118.294151306, 96.9283447266, -114.56804657, -37.3567848206, -142.965072632, 18.1699905396, -60.8326225281, -28.7110519409, -51.3254623413, -2.80160570145], [-3493.53735352, 176.197174072, 1958.82324219, 78.8569946289, 497.665008545, 166.985015869, 177.073684692, 21.9778289795, 21.5196151733, -21.2898921967, 61.3771896362, -40.5881500244, -118.297866821], [149.846542358, -118.294151306, 78.8569946289, 456.355072021, 81.4085540771, 4.71556138992, 11.2060832977, -5.2109951973, -11.3276700974, -4.53643941879, -23.706401825, -24.6229743958, -6.99541044235], [-1185.56420898, 96.9283447266, 497.665008545, 81.4085540771, 357.117584229, 93.6815948486, 103.519042969, 7.78896474838, 16.9700584412, -9.33378124237, 5.20546865463, -20.3855171204, -5.30757808685], [-231.406890869, -114.56804657, 166.985015869, 4.71556138992, 93.6815948486, 232.121887207, 95.1294708252, 63.8140258789, 8.81123542786, -3.40248584747, 7.84206485748, -2.35292243958, -24.434337616], [-620.571411133, -37.3567848206, 177.073684692, 11.2060832977, 103.519042969, 95.1294708252, 219.972122192, 88.6198883057, 38.2207794189, 2.95807886124, 4.14917945862, 0.991599023342, 11.8796949387], [-56.4548873901, -142.965072632, 21.9778289795, -5.2109951973, 7.78896474838, 63.8140258789, 88.6198883057, 192.661010742, 66.118309021, 19.0886440277, -4.29945325851, -0.115161240101, 13.381685257], [-180.004104614, 18.1699905396, 21.5196151733, -11.3276700974, 16.9700584412, 8.81123542786, 38.2207794189, 66.118309021, 171.056610107, 59.7641372681, -4.59220981598, -9.04756164551, 1.53142094612], [39.767124176, -60.8326225281, -21.2898921967, -4.53643941879, -9.33378124237, -3.40248584747, 2.95807886124, 19.0886440277, 59.7641372681, 150.436538696, 61.2113037109, 3.67515134811, -6.60729122162], [-192.9296875, -28.7110519409, 61.3771896362, -23.706401825, 5.20546865463, 7.84206485748, 4.14917945862, -4.29945325851, -4.59220981598, 61.2113037109, 175.834274292, 75.1770935059, -16.3952598572], [46.993927002, -51.3254623413, -40.5881500244, -24.6229743958, -20.3855171204, -2.35292243958, 0.991599023342, -0.115161240101, -9.04756164551, 3.67515134811, 75.1770935059, 172.205932617, 56.0647201538], [43.9375991821, -2.80160570145, -118.297866821, -6.99541044235, -5.30757808685, -24.434337616, 11.8796949387, 13.381685257, 1.53142094612, -6.60729122162, -16.3952598572, 56.0647201538, 187.130172729]],
