{
"lowlevel": {
    "average_loudness": 0.00365231605247,
    "barkbands_crest": {
        "dmean": 2.22646093369,
        "dmean2": 3.56620621681,
        "dvar": 4.02554988861,
        "dvar2": 10.3152284622,
        "max": 25.67162323,
        "mean": 10.8272972107,
        "median": 10.0577526093,
        "min": 2.86505889893,
        "var": 16.5835018158
    },
    "barkbands_flatness_db": {
        "dmean": 0.0217003244907,
        "dmean2": 0.0356429629028,
        "dvar": 0.000322154781315,
        "dvar2": 0.000872907810844,
        "max": 0.635818779469,
        "mean": 0.254330307245,
        "median": 0.248348206282,
        "min": 0.0598500780761,
        "var": 0.00305560883135
    },
    "barkbands_kurtosis": {
        "dmean": 2.23644351959,
        "dmean2": 3.57804489136,
        "dvar": 19.7828731537,
        "dvar2": 53.2385902405,
        "max": 192.796615601,
        "mean": 4.28249835968,
        "median": 2.42386841774,
        "min": -1.78845953941,
        "var": 63.5444450378
    },
    "barkbands_skewness": {
        "dmean": 0.417823821306,
        "dmean2": 0.651054680347,
        "dvar": 0.168442666531,
        "dvar2": 0.425636321306,
        "max": 10.0808925629,
        "mean": 1.34589743614,
        "median": 1.27316856384,
        "min": -2.77743554115,
        "var": 0.956238806248
    },
    "barkbands_spread": {
        "dmean": 2.3134329319,
        "dmean2": 3.52417325974,
        "dvar": 6.4768280983,
        "dvar2": 14.5670280457,
        "max": 56.5523529053,
        "mean": 10.6918525696,
        "median": 9.09982585907,
        "min": 0.10177090764,
        "var": 47.170539856
    },
    "dissonance": {
        "dmean": 0.0302212052047,
        "dmean2": 0.0509139299393,
        "dvar": 0.000741435447708,
        "dvar2": 0.0020135177765,
        "max": 0.500000059605,
        "mean": 0.424796819687,
        "median": 0.433223813772,
        "min": 0.121126696467,
        "var": 0.0022338423878
    },
    "dynamic_complexity": 6.52902841568,
    "erbbands_crest": {
        "dmean": 2.54872560501,
        "dmean2": 4.05824995041,
        "dvar": 5.4059047699,
        "dvar2": 13.395201683,
        "max": 32.4384231567,
        "mean": 11.4701070786,
        "median": 10.4169502258,
        "min": 3.07423329353,
        "var": 21.6980018616
    },
    "erbbands_flatness_db": {
        "dmean": 0.0132372491062,
        "dmean2": 0.0200498793274,
        "dvar": 0.000132516332087,
        "dvar2": 0.000299832521705,
        "max": 0.447673261166,
        "mean": 0.284047216177,
        "median": 0.282150566578,
        "min": 0.119692638516,
        "var": 0.00168435357045
    },
    "erbbands_kurtosis": {
        "dmean": 1.08122861385,
        "dmean2": 1.71861863136,
        "dvar": 2.76819825172,
        "dvar2": 6.64117431641,
        "max": 78.0027389526,
        "mean": 1.02060484886,
        "median": 0.148810863495,
        "min": -1.77206146717,
        "var": 9.23738861084
    },
    "erbbands_skewness": {
        "dmean": 0.347432941198,
        "dmean2": 0.535052001476,
        "dvar": 0.0979552716017,
        "dvar2": 0.234880045056,
        "max": 6.42276477814,
        "mean": 0.692517459393,
        "median": 0.653410494328,
        "min": -2.92692661285,
        "var": 0.695846676826
    },
    "erbbands_spread": {
        "dmean": 3.89101672173,
        "dmean2": 5.99978399277,
        "dvar": 14.0700445175,
        "dvar2": 33.1324462891,
        "max": 89.1319885254,
        "mean": 21.5476531982,
        "median": 20.4682922363,
        "min": 0.920973241329,
        "var": 96.2247085571
    },
    "hfc": {
        "dmean": 2.15346884727,
        "dmean2": 3.01587462425,
        "dvar": 25.1488361359,
        "dvar2": 49.9128723145,
        "max": 237.759628296,
        "mean": 9.04892349243,
        "median": 3.03146028519,
        "min": 2.31386965144e-10,
        "var": 262.99017334
    },
    "melbands_crest": {
        "dmean": 2.76825332642,
        "dmean2": 4.42493343353,
        "dvar": 6.16916131973,
        "dvar2": 15.9298877716,
        "max": 35.9675483704,
        "mean": 14.0331001282,
        "median": 13.0853719711,
        "min": 1.0213714838,
        "var": 26.1427326202
    },
    "melbands_flatness_db": {
        "dmean": 0.019032496959,
        "dmean2": 0.0282393377274,
        "dvar": 0.000292725482723,
        "dvar2": 0.000649587134831,
        "max": 0.670127570629,
        "mean": 0.300010681152,
        "median": 0.292115181684,
        "min": 0.00107317161746,
        "var": 0.00627030152828
    },
    "melbands_kurtosis": {
        "dmean": 3.44850301743,
        "dmean2": 5.4743771553,
        "dvar": 56.2471160889,
        "dvar2": 147.136688232,
        "max": 447.121917725,
        "mean": 8.17427062988,
        "median": 4.98346328735,
        "min": -1.69637858868,
        "var": 255.156646729
    },
    "melbands_skewness": {
        "dmean": 0.458640545607,
        "dmean2": 0.71116155386,
        "dvar": 0.208490952849,
        "dvar2": 0.511999189854,
        "max": 11.8854990005,
        "mean": 1.85998404026,
        "median": 1.72674250603,
        "min": -2.52129793167,
        "var": 1.30944108963
    },
    "melbands_spread": {
        "dmean": 3.23287510872,
        "dmean2": 4.90212726593,
        "dvar": 15.8472709656,
        "dvar2": 35.2673225403,
        "max": 153.048416138,
        "mean": 14.0531167984,
        "median": 11.1335144043,
        "min": 0.167497709394,
        "var": 109.872459412
    },
    "pitch_salience": {
        "dmean": 0.0584373697639,
        "dmean2": 0.0937095656991,
        "dvar": 0.00252277427353,
        "dvar2": 0.00653236592188,
        "max": 0.995303153992,
        "mean": 0.526595294476,
        "median": 0.531763315201,
        "min": 0.084915548563,
        "var": 0.0120739415288
    },
    "silence_rate_20dB": {
        "dmean": 0.000364188163076,
        "dmean2": 0.000728420563973,
        "dvar": 0.000364068575436,
        "dvar2": 0.000970698194578,
        "max": 1,
        "mean": 0.999757230282,
        "median": 1,
        "min": 0,
        "var": 0.000242681664531
    },
    "silence_rate_30dB": {
        "dmean": 0.00801213923842,
        "dmean2": 0.0160252526402,
        "dvar": 0.00794598739594,
        "dvar2": 0.0177116394043,
        "max": 1,
        "mean": 0.976389884949,
        "median": 1,
        "min": 0,
        "var": 0.0230561383069
    },
    "silence_rate_60dB": {
        "dmean": 0.0383611544967,
        "dmean2": 0.0767269656062,
        "dvar": 0.0368843600154,
        "dvar2": 0.0845443978906,
        "max": 1,
        "mean": 0.385287702084,
        "median": 0,
        "min": 0,
        "var": 0.236851111054
    },
    "spectral_centroid": {
        "dmean": 122.624595642,
        "dmean2": 183.562545776,
        "dvar": 22003.7285156,
        "dvar2": 46651.8203125,
        "max": 3704.75952148,
        "mean": 861.397277832,
        "median": 724.92956543,
        "min": 113.96207428,
        "var": 239128.5
    },
    "spectral_complexity": {
        "dmean": 1.43575108051,
        "dmean2": 2.37331557274,
        "dvar": 2.090955019,
        "dvar2": 5.04305267334,
        "max": 39,
        "mean": 10.0558385849,
        "median": 9,
        "min": 0,
        "var": 41.7540206909
    },
    "spectral_decrease": {
        "dmean": 1.01270869468e-09,
        "dmean2": 1.52307955137e-09,
        "dvar": 8.10159717089e-18,
        "dvar2": 2.10615370992e-17,
        "max": -6.72037961128e-21,
        "mean": -3.8515497458e-09,
        "median": -1.31597421849e-09,
        "min": -1.08162737433e-07,
        "var": 5.21806673135e-17
    },
    "spectral_energy": {
        "dmean": 0.00398957077414,
        "dmean2": 0.00598105788231,
        "dvar": 0.000120856391732,
        "dvar2": 0.000311801763019,
        "max": 0.413222253323,
        "mean": 0.0153574319556,
        "median": 0.00525940489024,
        "min": 4.63517807849e-14,
        "var": 0.00081070815213
    },
    "spectral_energyband_high": {
        "dmean": 2.65380786004e-05,
        "dmean2": 3.82451107726e-05,
        "dvar": 9.21129927889e-09,
        "dvar2": 1.86861406348e-08,
        "max": 0.00431712530553,
        "mean": 6.5909625846e-05,
        "median": 7.08923380444e-06,
        "min": 2.77886861335e-14,
        "var": 4.0243694599e-08
    },
    "spectral_energyband_low": {
        "dmean": 0.00144607981201,
        "dmean2": 0.00227635493502,
        "dvar": 7.78720859671e-05,
        "dvar2": 0.0002168740466,
        "max": 0.396196991205,
        "mean": 0.00327918212861,
        "median": 0.000167415520991,
        "min": 6.98593281984e-16,
        "var": 0.00020725185459
    },
    "spectral_energyband_middle_high": {
        "dmean": 0.000904806714971,
        "dmean2": 0.00128449080512,
        "dvar": 7.16352496966e-06,
        "dvar2": 1.54048939294e-05,
        "max": 0.141063675284,
        "mean": 0.00296375248581,
        "median": 0.000741022173315,
        "min": 1.49702146702e-14,
        "var": 4.90834572702e-05
    },
    "spectral_energyband_middle_low": {
        "dmean": 0.00273157306947,
        "dmean2": 0.00410255463794,
        "dvar": 3.89387532778e-05,
        "dvar2": 8.84154069354e-05,
        "max": 0.244306772947,
        "mean": 0.00949917547405,
        "median": 0.0034051714465,
        "min": 3.09381028622e-15,
        "var": 0.000299239618471
    },
    "spectral_entropy": {
        "dmean": 0.133229449391,
        "dmean2": 0.201399490237,
        "dvar": 0.0144780874252,
        "dvar2": 0.0326807275414,
        "max": 8.65267848969,
        "mean": 6.46280956268,
        "median": 6.50751590729,
        "min": 4.48490858078,
        "var": 0.220655918121
    },
    "spectral_flux": {
        "dmean": 0.00954557489604,
        "dmean2": 0.0158391091973,
        "dvar": 0.000190882376046,
        "dvar2": 0.000517114414833,
        "max": 0.414169162512,
        "mean": 0.0406136661768,
        "median": 0.0286144763231,
        "min": 1.80372408067e-05,
        "var": 0.00141564093065
    },
    "spectral_kurtosis": {
        "dmean": 8.97925758362,
        "dmean2": 15.691163063,
        "dvar": 95.1742324829,
        "dvar2": 280.310180664,
        "max": 148.869842529,
        "mean": 18.132314682,
        "median": 11.9426488876,
        "min": -0.43211555481,
        "var": 331.509185791
    },
    "spectral_rms": {
        "dmean": 0.000384704384487,
        "dmean2": 0.000566747679841,
        "dvar": 3.23733530649e-07,
        "dvar2": 7.94667130322e-07,
        "max": 0.0200784374028,
        "mean": 0.00301076797768,
        "median": 0.00226519885473,
        "min": 6.72467459495e-09,
        "var": 5.91817661189e-06
    },
    "spectral_rolloff": {
        "dmean": 191.288726807,
        "dmean2": 328.523498535,
        "dvar": 97036.3046875,
        "dvar2": 218385.65625,
        "max": 8484.08203125,
        "mean": 977.866760254,
        "median": 753.662109375,
        "min": 21.533203125,
        "var": 427779.53125
    },
    "spectral_skewness": {
        "dmean": 0.648888766766,
        "dmean2": 1.12927353382,
        "dvar": 0.35341489315,
        "dvar2": 1.04853665829,
        "max": 9.87672328949,
        "mean": 2.59429454803,
        "median": 2.23073196411,
        "min": 0.311422109604,
        "var": 1.83026683331
    },
    "spectral_spread": {
        "dmean": 225365.40625,
        "dmean2": 377428.625,
        "dvar": 36776239104,
        "dvar2": 100662648832,
        "max": 5476226,
        "mean": 2013946.25,
        "median": 2002994.75,
        "min": 493946.25,
        "var": 330546708480
    },
    "spectral_strongpeak": {
        "dmean": 0.365639597178,
        "dmean2": 0.595695316792,
        "dvar": 0.509445846081,
        "dvar2": 1.25765931606,
        "max": 22.5634746552,
        "mean": 0.90945148468,
        "median": 0.537958681583,
        "min": 0,
        "var": 1.43791818619
    },
    "zerocrossingrate": {
        "dmean": 0.0040583210066,
        "dmean2": 0.0049361041747,
        "dvar": 2.13282492041e-05,
        "dvar2": 2.53499456448e-05,
        "max": 0.48095703125,
        "mean": 0.0363423079252,
        "median": 0.03271484375,
        "min": 0,
        "var": 0.000361834390787
    },
    "barkbands": {
        "dmean": [5.48952266399e-05, 0.000807699863799, 0.000689752341714, 0.000365722022252, 0.000755175889935, 0.00100241543259, 0.000853180361446, 0.000853814359289, 0.000415487302234, 0.000268212141236, 0.000260332861217, 0.000227962736972, 0.000176713394467, 0.000164720928296, 0.000168353682966, 0.000114533271699, 0.000105844839709, 4.87881916342e-05, 5.51364246348e-05, 3.90759378206e-05, 1.33661842483e-05, 6.44199371891e-06, 3.44164618582e-06, 1.6785210164e-06, 2.26424390348e-07, 5.52827450484e-10, 5.88351922737e-10],
        "dmean2": [9.22787658055e-05, 0.00132531218696, 0.0010471114656, 0.000595621357206, 0.00118412042502, 0.0015941101592, 0.0013124026591, 0.00127081247047, 0.000594312150497, 0.000388538959669, 0.000396441522753, 0.000349460780853, 0.000266909919446, 0.000242112844717, 0.000259945634753, 0.00017318042228, 0.000162275347975, 7.63865682529e-05, 8.48117269925e-05, 5.86784117331e-05, 1.99129717657e-05, 9.84362395684e-06, 5.13204440722e-06, 2.51299911724e-06, 3.5661395259e-07, 1.01885455628e-09, 1.08418862776e-09],
        "dvar": [4.01550046547e-08, 4.24383797508e-05, 1.82623662113e-05, 5.03650608152e-06, 4.24117115472e-06, 7.51377046981e-06, 7.12684641258e-06, 6.97200312061e-06, 1.96265636987e-06, 8.41034079713e-07, 9.20406876048e-07, 7.24387575701e-07, 1.19330547932e-06, 1.44148589243e-06, 7.14604254881e-07, 1.80854243581e-07, 2.01327566174e-07, 6.8463478442e-08, 5.86154271787e-08, 3.79978288834e-08, 2.9188353956e-09, 7.53101025985e-10, 2.62283306185e-10, 6.68144706228e-11, 1.74456065913e-12, 2.34340226177e-18, 2.65784463188e-18],
        "dvar2": [1.21634201378e-07, 0.000132161585498, 4.13794186898e-05, 1.41791679198e-05, 1.02728172351e-05, 1.9187828002e-05, 1.66505906236e-05, 1.46706215673e-05, 3.75272657038e-06, 1.72663840203e-06, 2.17416800297e-06, 1.7067011413e-06, 3.08872608912e-06, 2.52378708865e-06, 1.72571628809e-06, 3.69058057004e-07, 4.49753116527e-07, 1.65357491255e-07, 1.35434049753e-07, 7.84868632309e-08, 5.92290883006e-09, 1.80716697162e-09, 4.92989926659e-10, 1.38120542781e-10, 4.12352530593e-12, 7.43509391078e-18, 8.43324034824e-18],
        "max": [0.00684358039871, 0.215095028281, 0.28435587883, 0.120782092214, 0.108105421066, 0.107479728758, 0.150049746037, 0.103346832097, 0.0845334902406, 0.060080088675, 0.0378949344158, 0.0300854761153, 0.0581347793341, 0.116179712117, 0.0503265112638, 0.020417291671, 0.0262383576483, 0.0235314983875, 0.0100691905245, 0.0134664271027, 0.00271627586335, 0.00148010172416, 0.000925939995795, 0.000496091262903, 7.19878153177e-05, 4.51340476104e-08, 4.83937512286e-08],
        "mean": [6.49506037007e-05, 0.00138734979555, 0.00145339849405, 0.000679188815411, 0.00166082393844, 0.00237640645355, 0.00190217699856, 0.00179360166658, 0.000936154450756, 0.000547753006686, 0.000495240848977, 0.000438536313595, 0.000321342144161, 0.000313086755341, 0.000295030535199, 0.000201270522666, 0.000198017369257, 8.27293843031e-05, 9.58710515988e-05, 6.82581885485e-05, 2.4653660148e-05, 1.17805484479e-05, 6.3369898271e-06, 3.18412276101e-06, 3.05795936129e-07, 4.37995723024e-10, 4.65221833279e-10],
        "median": [1.76706034836e-05, 2.81875290966e-05, 4.27825943916e-05, 4.31109401688e-05, 0.000451087224064, 0.00055146869272, 0.000325964239892, 0.000258719053818, 0.000180084331078, 7.11283355486e-05, 6.26206601737e-05, 5.62390850973e-05, 3.49975307472e-05, 2.84157249553e-05, 3.69723784388e-05, 3.03511460515e-05, 1.94619569811e-05, 8.23591017252e-06, 8.48216768645e-06, 6.48685363558e-06, 2.1464254587e-06, 8.08590357337e-07, 3.09823121825e-07, 1.31744741338e-07, 6.96723834182e-09, 6.18188972235e-11, 6.53735954259e-11],
        "min": [1.99668323799e-16, 2.99400127061e-16, 1.99609799116e-16, 1.99611175545e-16, 4.98949998597e-16, 4.98989809145e-16, 4.99072447797e-16, 4.98986685711e-16, 6.98612816682e-16, 6.98580682369e-16, 6.98578035391e-16, 8.98229842048e-16, 9.98087614991e-16, 1.09784554393e-15, 1.29731121509e-15, 1.49704433691e-15, 1.69665019203e-15, 2.0957674581e-15, 2.59485536424e-15, 3.1936947407e-15, 4.19166535927e-15, 5.08988789565e-15, 6.08789430136e-15, 8.28135133981e-15, 2.34141590665e-15, 1.34885016399e-21, 2.6243718572e-21],
        "var": [5.40104316826e-08, 7.4275820225e-05, 4.69922924822e-05, 1.24754660646e-05, 1.61283896887e-05, 3.51342932845e-05, 2.94844485325e-05, 2.48322066909e-05, 8.69433279149e-06, 3.40617839356e-06, 2.71796193374e-06, 2.16009311771e-06, 2.90918842438e-06, 5.042561952e-06, 1.51828999151e-06, 4.38009635673e-07, 5.55761289434e-07, 1.27656136328e-07, 1.21482656823e-07, 9.15112039479e-08, 8.89657769676e-09, 1.99856331484e-09, 8.27306501083e-10, 1.98597527312e-10, 3.78279222182e-12, 1.87299684833e-18, 2.12102860936e-18]
    },
    "erbbands": {
        "dmean": [0.0146547099575, 0.219325527549, 0.766948342323, 0.93543690443, 1.44999444485, 2.61856889725, 6.91040277481, 8.5272769928, 10.95353508, 14.7948064804, 17.4858226776, 9.58707332611, 7.77951335907, 9.28081130981, 9.25104236603, 8.73711681366, 7.74929475784, 7.91673088074, 7.80804252625, 7.59617853165, 5.6985578537, 5.27716779709, 2.98655366898, 2.72490692139, 2.53828930855, 1.56528294086, 0.663474440575, 0.415703386068, 0.245755910873, 0.149179756641, 0.0868405029178, 0.0449335798621, 0.0236201658845, 0.00477523775771, 0.000135656111524, 8.20047625893e-06, 2.18523132389e-06, 6.337147056e-07, 1.94887002181e-06, 4.50883453595e-06],
        "dmean2": [0.024593019858, 0.35631403327, 1.18307197094, 1.46358287334, 2.36056780815, 4.07068109512, 10.6681013107, 13.6409645081, 17.3102359772, 22.2595767975, 25.7122840881, 13.5916032791, 11.2819538116, 13.8370456696, 14.0269927979, 13.2486314774, 11.8411130905, 11.7101011276, 11.7139377594, 11.682598114, 8.70384788513, 7.98944854736, 4.71915626526, 4.11763000488, 3.84074354172, 2.36894178391, 0.987973511219, 0.634179413319, 0.372509986162, 0.223249867558, 0.132176876068, 0.0671913102269, 0.0356127694249, 0.00725305359811, 0.000204884883715, 1.20862241602e-05, 3.26782833326e-06, 9.62968442764e-07, 2.87011448563e-06, 6.72548412695e-06],
        "dvar": [0.0191758796573, 2.88415455818, 25.1986351013, 24.7995414734, 39.7023658752, 56.5408668518, 448.850616455, 579.661499023, 1262.1619873, 1946.29150391, 3215.56640625, 1176.95800781, 620.825927734, 1093.62255859, 1158.2376709, 1125.07080078, 2943.98071289, 1617.63122559, 1657.68151855, 1320.52331543, 331.121154785, 559.765014648, 176.979736328, 206.493621826, 128.349411011, 63.5341072083, 7.9335641861, 3.28799533844, 1.12264978886, 0.455960929394, 0.160526454449, 0.0490591824055, 0.0215880554169, 0.000626427005045, 5.2523478189e-07, 1.0184872945e-09, 3.12204949393e-11, 2.41327682664e-12, 2.57951125737e-11, 1.46982287452e-10],
        "dvar2": [0.0621555261314, 8.76991939545, 58.9508323669, 68.0668716431, 108.630775452, 127.650161743, 1089.73828125, 1542.66760254, 3013.48486328, 4282.16210938, 6854.25, 2195.9609375, 1204.25341797, 2640.41333008, 2650.2644043, 2575.37158203, 8257.12304688, 3053.52709961, 3186.16137695, 3150.67626953, 731.642150879, 1174.12866211, 449.083587646, 457.681610107, 268.495605469, 137.935943604, 16.1994667053, 7.24076509476, 2.5800511837, 0.894928395748, 0.339575439692, 0.104125745595, 0.0469982735813, 0.00139364926144, 1.13725207029e-06, 2.09791828354e-09, 6.72294234172e-11, 5.41976359625e-12, 6.41308811611e-11, 3.74852898721e-10],
        "max": [6.93934822083, 58.2293548584, 332.836791992, 233.171859741, 274.758666992, 648.799499512, 1316.9140625, 1153.42529297, 2728.67431641, 2103.73730469, 2352.99951172, 2400.62768555, 1424.91308594, 1458.84155273, 1838.55529785, 1489.41894531, 3271.62109375, 2973.58886719, 3062.8215332, 1957.5411377, 660.394165039, 1790.2791748, 510.828918457, 989.392211914, 610.59362793, 672.169128418, 138.011184692, 81.7158050537, 33.9964485168, 30.1270542145, 23.5603370667, 8.93621635437, 12.5145797729, 1.34183192253, 0.0380610264838, 0.00208114716224, 0.000286095193587, 6.66298874421e-05, 0.000185039665666, 0.000449150189525],
        "mean": [0.0251432396472, 0.375386625528, 1.56496572495, 2.1474032402, 2.75081515312, 5.51319980621, 15.3145771027, 19.9815292358, 24.3787117004, 33.2472572327, 38.2087059021, 22.3918590546, 17.5332050323, 19.5501537323, 18.8971385956, 18.0038509369, 15.4256296158, 16.0245399475, 15.1704292297, 14.3740844727, 11.005361557, 10.4776525497, 5.62593698502, 4.90045022964, 4.62780618668, 2.92233681679, 1.28467953205, 0.790853023529, 0.458511859179, 0.275976717472, 0.161842778325, 0.0845511928201, 0.0425869338214, 0.00833371654153, 0.000251402700087, 2.33073769778e-05, 7.96151653049e-06, 2.11184283216e-06, 7.87722456153e-06, 1.76589328476e-05],
        "median": [0.00119789480232, 0.0058372374624, 0.0464344322681, 0.141209453344, 0.465561807156, 1.45389711857, 2.87782907486, 4.62037086487, 5.28099155426, 5.72281074524, 6.2254858017, 4.7111825943, 3.61039400101, 3.23661279678, 3.15610599518, 2.46652746201, 1.98611807823, 2.01933240891, 1.99570584297, 2.24528074265, 2.02382898331, 1.36408829689, 0.714202225208, 0.474630445242, 0.516790986061, 0.318185150623, 0.130307197571, 0.0634249895811, 0.0329963676631, 0.0159457139671, 0.00826610065997, 0.00371267041191, 0.0017173057422, 0.000331845832989, 1.75085187948e-05, 4.95808217238e-06, 2.39620271714e-06, 6.05587217706e-07, 2.70676764558e-06, 6.07091897109e-06],
        "min": [1.09790945256e-14, 6.0946412576e-14, 2.05437595646e-13, 4.98886413951e-13, 1.00677940377e-12, 1.79103422631e-12, 2.91433131967e-12, 4.43354294249e-12, 6.4098153868e-12, 8.8978113072e-12, 1.19532240009e-11, 1.56322350897e-11, 1.99946968704e-11, 2.50956616599e-11, 3.09933849418e-11, 3.77412476271e-11, 4.5388644232e-11, 5.39803757249e-11, 6.35370644986e-11, 7.4068584599e-11, 8.55386456111e-11, 9.7865944515e-11, 1.10884502968e-10, 1.24347560027e-10, 1.37858391369e-10, 1.50864501447e-10, 1.6261064717e-10, 1.72132044729e-10, 1.78256603922e-10, 1.79660161748e-10, 1.75031988903e-10, 1.63256991259e-10, 1.40522607439e-10, 5.22853045581e-11, 1.81939359412e-12, 6.76003645964e-14, 6.39528382847e-15, 1.09303916135e-15, 3.022549722e-16, 1.64903325552e-16],
        "var": [0.031587690115, 5.03678369522, 61.5490188599, 80.3800201416, 102.994789124, 222.992721558, 1728.87805176, 2689.09643555, 5492.82958984, 8300.08105469, 11012.2119141, 5369.05615234, 2642.01318359, 3869.4597168, 3231.13598633, 3957.93408203, 6770.68652344, 5918.88134766, 5228.39355469, 3040.61669922, 943.941162109, 1622.13427734, 392.590759277, 381.583251953, 277.075378418, 136.563339233, 23.1129283905, 9.32430362701, 2.96194291115, 1.30402898788, 0.474935203791, 0.141374051571, 0.0472930520773, 0.00178420904558, 1.51445442498e-06, 4.47744241683e-09, 2.40463871037e-10, 1.73913921458e-11, 2.01238872788e-10, 1.04262032341e-09]
    },
    "gfcc": {
        "mean": [-163.020477295, 181.830108643, -167.054992676, 16.3759975433, -62.3958854675, -18.911895752, -25.507522583, -18.6056423187, 2.10904979706, -19.4452342987, 7.53821849823, -17.2411193848, 6.12118625641],
        "cov": [[10719.921875, -1502.01062012, -1800.44946289, 383.148986816, -902.127258301, -1.49424886703, -124.526634216, 185.332046509, 63.2253379822, -35.9144515991, 153.270950317, -67.5740661621, 23.9690437317], [-1502.01062012, 1341.64709473, 928.36907959, -292.847900391, 494.690643311, -119.542137146, 113.507301331, -159.859130859, -51.9601593018, -19.1141395569, -141.481338501, -40.9669075012, -108.247489929], [-1800.44946289, 928.36907959, 1273.85998535, 80.3787460327, 404.627105713, 116.652816772, 100.898971558, -57.0288124084, -55.0798187256, -27.4645614624, -108.915985107, -76.4746322632, -114.55960083], [383.148986816, -292.847900391, 80.3787460327, 643.390014648, 46.2652206421, 184.258102417, 90.6732559204, 102.93636322, 10.2353334427, -40.8569869995, 0.774960637093, -75.8234481812, -51.3605270386], [-902.127258301, 494.690643311, 404.627105713, 46.2652206421, 414.928436279, 87.8921813965, 112.825683594, -29.3191242218, -12.7501983643, 5.8921084404, -60.8269767761, -23.698764801, -60.6784591675], [-1.49424886703, -119.542137146, 116.652816772, 184.258102417, 87.8921813965, 329.25604248, 82.9079742432, 41.5666389465, 7.51038646698, 1.22462952137, 16.8824634552, -25.2820568085, -14.2462263107], [-124.526634216, 113.507301331, 100.898971558, 90.6732559204, 112.825683594, 82.9079742432, 182.190795898, 41.5689048767, 12.7406806946, 17.7221031189, -7.3190279007, -6.76373338699, -33.5745658875], [185.332046509, -159.859130859, -57.0288124084, 102.93636322, -29.3191242218, 41.5666389465, 41.5689048767, 156.926757812, 63.2994270325, 7.0455737114, 17.1385211945, -18.8830699921, -1.06942749023], [63.2253379822, -51.9601593018, -55.0798187256, 10.2353334427, -12.7501983643, 7.51038646698, 12.7406806946, 63.2994270325, 129.582809448, 55.2145690918, 9.09768390656, -1.16553163528, -10.6856470108], [-35.9144515991, -19.1141395569, -27.4645614624, -40.8569869995, 5.8921084404, 1.22462952137, 17.7221031189, 7.0455737114, 55.2145690918, 118.41230011, 52.3284263611, 3.4495613575, -1.835678339], [153.270950317, -141.481338501, -108.915985107, 0.774960637093, -60.8269767761, 16.8824634552, -7.3190279007, 17.1385211945, 9.09768390656, 52.3284263611, 121.277786255, 59.2376670837, 15.381020546], [-67.5740661621, -40.9669075012, -76.4746322632, -75.8234481812, -23.698764801, -25.2820568085, -6.76373338699, -18.8830699921, -1.16553163528, 3.4495613575, 59.2376670837, 134.811584473, 67.3407897949], [23.9690437317, -108.247489929, -114.55960083, -51.3605270386, -60.6784591675, -14.2462263107, -33.5745658875, -1.06942749023, -10.6856470108, -1.835678339, 15.381020546, 67.3407897949, 132.355514526]],
        "icov": [[0.000153535467689, -0.000294441153528, 0.000338230922353, -0.000228814664297, 0.00042376446072, -0.000228225748288, 0.000134851419716, -0.000185517696082, 0.000172311236383, -0.000153617555043, 0.000109610897198, -6.4290012233e-05, 0.000169519349583], [-0.000294441153528, 0.00648146122694, -0.00377200567164, 0.00329896924086, -0.00505174091086, 0.00399724300951, -0.00376644218341, 0.00413125706837, -0.00315489224158, 0.00415606424212, -0.0023639430292, 0.00318392645568, -0.000980534823611], [0.000338230922353, -0.00377200567164, 0.00363205559552, -0.00204880256206, 0.00218233605847, -0.00261607044376, 0.00233293347992, -0.00240182271227, 0.00241075758822, -0.0026363322977, 0.00210723280907, -0.00192524353042, 0.00138648878783], [-0.000228814664297, 0.00329896924086, -0.00204880256206, 0.00402141315863, -0.00274858204648, 0.00125992193352, -0.00258958130144, 0.00135046674404, -0.00193913211115, 0.00373108754866, -0.00253765797243, 0.00312375486828, -0.000643003673758], [0.00042376446072, -0.00505174091086, 0.00218233605847, -0.00274858204648, 0.00873001106083, -0.00387115031481, 0.0012659226777, -0.00272277346812, 0.00308673665859, -0.0048172227107, 0.00448112329468, -0.00407461170107, 0.00223347684368], [-0.000228225748288, 0.00399724300951, -0.00261607044376, 0.00125992193352, -0.00387115031481, 0.00677321758121, -0.00373579212464, 0.00285584083758, -0.00278165517375, 0.00380815053359, -0.00393071444705, 0.00376470992342, -0.00206559849903], [0.000134851419716, -0.00376644218341, 0.00233293347992, -0.00258958130144, 0.0012659226777, -0.00373579212464, 0.0110446382314, -0.00570406997576, 0.00414248928428, -0.00607430655509, 0.0047453455627, -0.00549394078553, 0.00333739328198], [-0.000185517696082, 0.00413125706837, -0.00240182271227, 0.00135046674404, -0.00272277346812, 0.00285584083758, -0.00570406997576, 0.0141998538747, -0.00922424998134, 0.00764305796474, -0.0067128832452, 0.00687880255282, -0.00377400871366], [0.000172311236383, -0.00315489224158, 0.00241075758822, -0.00193913211115, 0.00308673665859, -0.00278165517375, 0.00414248928428, -0.00922424998134, 0.0170786138624, -0.0123517019674, 0.00886556506157, -0.00748955179006, 0.004802538082], [-0.000153617555043, 0.00415606424212, -0.0026363322977, 0.00373108754866, -0.0048172227107, 0.00380815053359, -0.00607430655509, 0.00764305796474, -0.0123517019674, 0.0225001294166, -0.0152599411085, 0.0110524082556, -0.00521993171424], [0.000109610897198, -0.0023639430292, 0.00210723280907, -0.00253765797243, 0.00448112329468, -0.00393071444705, 0.0047453455627, -0.0067128832452, 0.00886556506157, -0.0152599411085, 0.0236323121935, -0.0149850910529, 0.00704877823591], [-6.4290012233e-05, 0.00318392645568, -0.00192524353042, 0.00312375486828, -0.00407461170107, 0.00376470992342, -0.00549394078553, 0.00687880255282, -0.00748955179006, 0.0110524082556, -0.0149850910529, 0.0209257919341, -0.00999617110938], [0.000169519349583, -0.000980534823611, 0.00138648878783, -0.000643003673758, 0.00223347684368, -0.00206559849903, 0.00333739328198, -0.00377400871366, 0.004802538082, -0.00521993171424, 0.00704877823591, -0.00999617110938, 0.0138731515035]]
    },
    "melbands": {
        "dmean": [0.000177429479663, 0.000357156735845, 0.000169690159964, 0.000128346728161, 0.000215898922761, 0.000191236802493, 0.000168739075889, 0.000169465347426, 0.00013225938892, 5.78353792662e-05, 3.99391101382e-05, 3.87276159017e-05, 3.29793801939e-05, 2.73092900898e-05, 1.92239185708e-05, 1.86363358807e-05, 1.50738396769e-05, 1.29721365738e-05, 1.32769873744e-05, 8.78525588632e-06, 7.08241441316e-06, 6.25394022791e-06, 4.0110471673e-06, 2.09610129787e-06, 2.45311730396e-06, 2.02826231543e-06, 1.99582541427e-06, 9.12680036436e-07, 4.85210762236e-07, 3.24458568457e-07, 2.44034168873e-07, 1.70568441149e-07, 1.00294961669e-07, 8.92644251849e-08, 5.78593315481e-08, 4.13506775487e-08, 2.84223560243e-08, 2.07565769017e-08, 1.13644080812e-08, 2.03922256858e-09],
        "dmean2": [0.000293172779493, 0.000557544291951, 0.000267532741418, 0.00020376520115, 0.000332104420522, 0.000305936235236, 0.000265659415163, 0.00025391636882, 0.000193866813788, 8.23084628792e-05, 5.80773157708e-05, 5.7417066273e-05, 4.99611523992e-05, 4.23171113653e-05, 2.97084970953e-05, 2.76898608718e-05, 2.23058523261e-05, 1.92745719687e-05, 2.04282659979e-05, 1.33424982778e-05, 1.09072425403e-05, 9.44975909078e-06, 6.23806181466e-06, 3.27659154209e-06, 3.70954171558e-06, 3.14861927109e-06, 2.96739767691e-06, 1.38972882269e-06, 7.3336366313e-07, 4.85475595724e-07, 3.78141635338e-07, 2.6359927574e-07, 1.52324673763e-07, 1.34184617195e-07, 8.9716266416e-08, 6.24724876275e-08, 4.36986802299e-08, 3.18610986483e-08, 1.74013550236e-08, 3.14703862969e-09],
        "dvar": [2.32516777032e-06, 5.37905680176e-06, 7.44491615023e-07, 1.67231817727e-07, 3.86136349562e-07, 2.7608521691e-07, 2.78842890111e-07, 2.36114189534e-07, 1.74425309751e-07, 4.20734096451e-08, 1.70786940146e-08, 1.87614279668e-08, 1.36826763253e-08, 1.14382023852e-08, 9.51980627661e-09, 1.36252351624e-08, 8.26106205665e-09, 7.51790096842e-09, 7.22971948974e-09, 1.44776857169e-09, 6.3549671081e-10, 8.27905743961e-10, 4.20264295586e-10, 1.61772997775e-10, 1.79637860143e-10, 8.63989296773e-11, 1.20105911328e-10, 2.24817872652e-11, 4.72909125054e-12, 2.06321244811e-12, 1.64081671427e-12, 6.19413754229e-13, 2.17295474149e-13, 2.0772660393e-13, 7.87058948831e-14, 4.44138032829e-14, 2.26562119624e-14, 1.71117917877e-14, 3.8697411703e-15, 1.69449139622e-16],
        "dvar2": [7.39018651075e-06, 1.38636469273e-05, 2.02704882213e-06, 4.14298199303e-07, 9.35091122756e-07, 7.25196343865e-07, 6.74894806707e-07, 5.09650988079e-07, 3.75394080265e-07, 8.06673412512e-08, 3.34807879199e-08, 4.40670078206e-08, 3.07792937804e-08, 2.80144085707e-08, 2.44073987687e-08, 3.06772953707e-08, 1.52058152736e-08, 1.3140627253e-08, 1.7552071796e-08, 2.99931013359e-09, 1.41944056509e-09, 1.68315672511e-09, 1.03826691689e-09, 3.97895022486e-10, 3.93956728351e-10, 2.09056466582e-10, 2.28931457125e-10, 4.8657300411e-11, 1.01797615476e-11, 4.09291264075e-12, 3.64988031118e-12, 1.46112147988e-12, 4.63262837379e-13, 3.87879642684e-13, 1.73184640999e-13, 9.82718477449e-14, 4.9491284687e-14, 3.7949468058e-14, 8.94406991774e-15, 3.85222246431e-16],
        "max": [0.0631793737411, 0.13010174036, 0.0416539050639, 0.0228849612176, 0.0353214852512, 0.0236455556005, 0.0349235758185, 0.0199618786573, 0.0163087379187, 0.0127863222733, 0.00724063580856, 0.00612035673112, 0.00471541285515, 0.00379283330403, 0.00544087402523, 0.00782318972051, 0.00777891185135, 0.00794665422291, 0.00565564399585, 0.00191189313773, 0.000901159888599, 0.00193211541045, 0.00116332725156, 0.00116476614494, 0.000803812872618, 0.000335437565809, 0.000701868499164, 0.000349529087543, 0.000121691518871, 8.69110008352e-05, 6.44315077807e-05, 2.62390058197e-05, 2.2913718567e-05, 2.92405311484e-05, 1.33535450004e-05, 1.068309939e-05, 6.57326427245e-06, 1.02172498373e-05, 3.26748022417e-06, 7.57029511078e-07],
        "mean": [0.00031051132828, 0.000727554201148, 0.000391213456169, 0.000264843751211, 0.000487853161758, 0.000450729421573, 0.000379159464501, 0.000376655865693, 0.000288515468128, 0.000130088199512, 8.61160442582e-05, 7.89759869804e-05, 6.46272892482e-05, 5.25552022737e-05, 3.72717840946e-05, 3.44255531672e-05, 2.88981864287e-05, 2.37765252677e-05, 2.31969752349e-05, 1.53981891344e-05, 1.25793521875e-05, 1.16342107503e-05, 7.07285335011e-06, 3.62488481187e-06, 4.03858848586e-06, 3.45641501553e-06, 3.37330743605e-06, 1.5138020899e-06, 8.41576195398e-07, 5.71372140712e-07, 4.10977577303e-07, 2.81782206457e-07, 1.69237267755e-07, 1.46291284864e-07, 9.60105097647e-08, 6.81372611666e-08, 4.65448017906e-08, 3.29909042307e-08, 1.88594508899e-08, 2.58447552248e-09],
        "median": [1.18135230878e-05, 1.95594366232e-05, 3.34372489306e-05, 6.63641258143e-05, 0.000101476660348, 0.000104579841718, 8.14927334432e-05, 6.18755002506e-05, 4.4196312956e-05, 2.51384899457e-05, 1.58258353622e-05, 1.14940667117e-05, 9.34882882575e-06, 6.99468591847e-06, 3.90721652366e-06, 3.82052348868e-06, 2.90557454719e-06, 2.44570537689e-06, 2.85468263428e-06, 1.9822109607e-06, 1.81173231795e-06, 1.10753421723e-06, 6.72900057452e-07, 3.55298084287e-07, 2.79405924175e-07, 3.03130860857e-07, 2.85820760837e-07, 1.25709505028e-07, 5.88292508041e-08, 4.29611688446e-08, 2.22748717249e-08, 1.72605858495e-08, 9.09806985305e-09, 6.05700600786e-09, 4.34303260022e-09, 2.72293121384e-09, 1.58444479759e-09, 1.13941811541e-09, 6.75114075754e-10, 4.82692358306e-11],
        "min": [9.97907183738e-17, 9.98085920925e-17, 9.98124302105e-17, 9.97784033089e-17, 9.98170293347e-17, 9.97957939541e-17, 9.98020275872e-17, 9.98032187272e-17, 9.98024908083e-17, 9.97977461003e-17, 9.98009489436e-17, 9.9799168851e-17, 9.98004526353e-17, 9.98006048365e-17, 9.98105442387e-17, 9.97970711209e-17, 9.98071164023e-17, 9.98017099498e-17, 9.97984740192e-17, 9.98010151181e-17, 9.9799823978e-17, 9.98019746476e-17, 9.97993607569e-17, 9.98006511586e-17, 9.98010680576e-17, 9.98018952383e-17, 9.98024180164e-17, 9.98016636277e-17, 9.98010415879e-17, 9.98037415054e-17, 9.98007173331e-17, 9.98031128481e-17, 9.9801207024e-17, 9.98022327279e-17, 9.98014386346e-17, 9.98020540569e-17, 9.98023849292e-17, 9.97939145997e-17, 9.03773368285e-17, 2.63133663653e-17],
        "var": [4.02154637413e-06, 1.2859069102e-05, 2.32181014326e-06, 5.94128152898e-07, 1.53337236952e-06, 1.30347325467e-06, 1.17255319765e-06, 1.00003228454e-06, 6.02195427746e-07, 1.8076012509e-07, 7.03563571847e-08, 6.83642724653e-08, 4.03464319731e-08, 3.07692289425e-08, 2.35505872581e-08, 3.51192142034e-08, 2.99987696906e-08, 2.36954686983e-08, 1.38514195669e-08, 3.37289707275e-09, 1.62488267286e-09, 2.28895613574e-09, 8.74393502048e-10, 3.10488662558e-10, 3.15458742461e-10, 1.77895864706e-10, 2.91662277663e-10, 4.1321130545e-11, 1.28775115571e-11, 5.28394168697e-12, 3.96582419682e-12, 1.32270062958e-12, 5.65871405723e-13, 5.4012827197e-13, 1.93139273563e-13, 1.08820768965e-13, 5.48224422944e-14, 3.35423793504e-14, 8.60188554771e-15, 3.49413584478e-16]
    },
    "mfcc": {
        "mean": [-779.03894043, 182.420547485, -22.8080272675, 12.3085384369, -8.60926246643, -9.52613544464, -12.9640016556, -7.31298112869, -6.6752576828, 0.457112848759, -6.75784254074, -0.656196296215, 1.7826924324],
        "cov": [[9510.54882812, -478.085998535, -2104.44677734, 399.434265137, -1048.76940918, -73.9759292603, -456.080780029, 144.848770142, -219.196563721, 171.490875244, -101.569366455, 271.823699951, -53.8177680969], [-478.085998535, 1289.71191406, 359.78515625, -77.7219848633, 194.764770508, -14.2432928085, 47.7746696472, -119.481483459, 16.8980903625, -76.0573043823, 1.30142045021, -92.6843643188, -43.1294403076], [-2104.44677734, 359.78515625, 1176.0057373, 55.0070114136, 381.38168335, 178.188339233, 186.220687866, 56.3393745422, 66.2816238403, -8.50405788422, 18.3989429474, -49.8418235779, -22.809223175], [399.434265137, -77.7219848633, 55.0070114136, 394.427001953, 47.5165023804, 54.9898872375, 64.6458358765, 71.0941238403, 42.2132034302, 50.240032196, 6.6522808075, 21.3961811066, 13.082865715], [-1048.76940918, 194.764770508, 381.38168335, 47.5165023804, 336.552886963, 119.840789795, 120.313728333, 32.6176376343, 56.1210975647, 6.66653156281, 25.4419498444, -23.9394607544, -1.61362743378], [-73.9759292603, -14.2432928085, 178.188339233, 54.9898872375, 119.840789795, 269.697998047, 135.024353027, 67.8357467651, 34.9521179199, 23.3684883118, 25.7853507996, 17.7906074524, -4.31209039688], [-456.080780029, 47.7746696472, 186.220687866, 64.6458358765, 120.313728333, 135.024353027, 217.642852783, 70.7727966309, 40.5869789124, 10.3022146225, 16.9820518494, 1.31415712833, 7.20797681808], [144.848770142, -119.481483459, 56.3393745422, 71.0941238403, 32.6176376343, 67.8357467651, 70.7727966309, 165.761947632, 49.4733505249, 20.5509624481, 4.18522977829, 18.4366645813, 15.9312591553], [-219.196563721, 16.8980903625, 66.2816238403, 42.2132034302, 56.1210975647, 34.9521179199, 40.5869789124, 49.4733505249, 137.777709961, 43.8926734924, 4.45895576477, -2.45402479172, 11.4669599533], [171.490875244, -76.0573043823, -8.50405788422, 50.240032196, 6.66653156281, 23.3684883118, 10.3022146225, 20.5509624481, 43.8926734924, 152.73815918, 55.5756874084, 11.9255495071, 1.65639507771], [-101.569366455, 1.30142045021, 18.3989429474, 6.6522808075, 25.4419498444, 25.7853507996, 16.9820518494, 4.18522977829, 4.45895576477, 55.5756874084, 161.290435791, 44.2352828979, -25.9436244965], [271.823699951, -92.6843643188, -49.8418235779, 21.3961811066, -23.9394607544, 17.7906074524, 1.31415712833, 18.4366645813, -2.45402479172, 11.9255495071, 44.2352828979, 152.956130981, 42.618309021], [-53.8177680969, -43.1294403076, -22.809223175, 13.082865715, -1.61362743378, -4.31209039688, 7.20797681808, 15.9312591553, 11.4669599533, 1.65639507771, -25.9436244965, 42.618309021, 167.710083008]],
