{
"lowlevel": {
    "average_loudness": 0.522369801998,
    "barkbands_crest": {
        "dmean": 2.74885845184,
        "dmean2": 4.29986429214,
        "dvar": 6.27556753159,
        "dvar2": 15.3734798431,
        "max": 26.3276557922,
        "mean": 14.3783836365,
        "median": 13.8822498322,
        "min": 3.4050385952,
        "var": 21.7585601807
    },
    "barkbands_flatness_db": {
        "dmean": 0.0277598295361,
        "dmean2": 0.0435599572957,
        "dvar": 0.000580116990022,
        "dvar2": 0.00151947513223,
        "max": 0.536261558533,
        "mean": 0.274405658245,
        "median": 0.272304683924,
        "min": 0.0747585743666,
        "var": 0.00254298187792
    },
    "barkbands_kurtosis": {
        "dmean": 8.56064414978,
        "dmean2": 13.4714097977,
        "dvar": 375.155334473,
        "dvar2": 1071.29003906,
        "max": 721.10559082,
        "mean": 18.2693004608,
        "median": 11.917432785,
        "min": -1.56796121597,
        "var": 598.414794922
    },
    "barkbands_skewness": {
        "dmean": 0.734186708927,
        "dmean2": 1.09467196465,
        "dvar": 0.742259681225,
        "dvar2": 1.94920563698,
        "max": 20.3682899475,
        "mean": 3.034481287,
        "median": 2.73495173454,
        "min": -1.95521867275,
        "var": 2.89572834969
    },
    "barkbands_spread": {
        "dmean": 1.49907100201,
        "dmean2": 2.24558091164,
        "dvar": 3.11634469032,
        "dvar2": 7.27651929855,
        "max": 49.6370925903,
        "mean": 5.12005281448,
        "median": 4.47070455551,
        "min": 0.163547277451,
        "var": 10.0497560501
    },
    "dissonance": {
        "dmean": 0.0331421867013,
        "dmean2": 0.0542739517987,
        "dvar": 0.000811203964986,
        "dvar2": 0.00209930189885,
        "max": 0.500000059605,
        "mean": 0.411333173513,
        "median": 0.417086809874,
        "min": 0.221771225333,
        "var": 0.00242416351102
    },
    "dynamic_complexity": 6.34066772461,
    "erbbands_crest": {
        "dmean": 2.72975969315,
        "dmean2": 4.18804597855,
        "dvar": 6.13572883606,
        "dvar2": 14.3647403717,
        "max": 32.6447677612,
        "mean": 12.3518714905,
        "median": 11.5488376617,
        "min": 2.20269989967,
        "var": 25.092010498
    },
    "erbbands_flatness_db": {
        "dmean": 0.016445890069,
        "dmean2": 0.0229668524116,
        "dvar": 0.000225271171075,
        "dvar2": 0.000429602776421,
        "max": 0.409746110439,
        "mean": 0.258315354586,
        "median": 0.260223507881,
        "min": 0.0897921845317,
        "var": 0.00238009379245
    },
    "erbbands_kurtosis": {
        "dmean": 1.87695622444,
        "dmean2": 2.81557035446,
        "dvar": 5.8324508667,
        "dvar2": 12.5912714005,
        "max": 68.1945953369,
        "mean": 3.50825977325,
        "median": 2.51212978363,
        "min": -1.73751962185,
        "var": 18.2453269958
    },
    "erbbands_skewness": {
        "dmean": 0.398606836796,
        "dmean2": 0.586173593998,
        "dvar": 0.135307118297,
        "dvar2": 0.298233628273,
        "max": 6.97078466415,
        "mean": 1.48183810711,
        "median": 1.42294943333,
        "min": -1.37936270237,
        "var": 0.635017037392
    },
    "erbbands_spread": {
        "dmean": 4.36791419983,
        "dmean2": 6.46149587631,
        "dvar": 18.5130405426,
        "dvar2": 42.9649925232,
        "max": 120.482192993,
        "mean": 21.7584724426,
        "median": 18.5319843292,
        "min": 2.43567228317,
        "var": 218.234375
    },
    "hfc": {
        "dmean": 1.98510992527,
        "dmean2": 2.58051347733,
        "dvar": 9.31789875031,
        "dvar2": 17.9572734833,
        "max": 83.0642547607,
        "mean": 7.26268720627,
        "median": 4.98291826248,
        "min": 1.15079299112e-16,
        "var": 57.3194122314
    },
    "melbands_crest": {
        "dmean": 3.29166817665,
        "dmean2": 5.1212515831,
        "dvar": 9.25767230988,
        "dvar2": 22.6368656158,
        "max": 38.6562652588,
        "mean": 18.7173061371,
        "median": 17.5891494751,
        "min": 1.8605505228,
        "var": 42.381690979
    },
    "melbands_flatness_db": {
        "dmean": 0.0254126880318,
        "dmean2": 0.0362670831382,
        "dvar": 0.000530757999513,
        "dvar2": 0.00119495380204,
        "max": 0.535976648331,
        "mean": 0.312282770872,
        "median": 0.309687197208,
        "min": 0.00577860791236,
        "var": 0.00379314110614
    },
    "melbands_kurtosis": {
        "dmean": 12.1806097031,
        "dmean2": 19.4111709595,
        "dvar": 972.425231934,
        "dvar2": 2850.63720703,
        "max": 727.812927246,
        "mean": 25.7928981781,
        "median": 15.3219928741,
        "min": -1.42018008232,
        "var": 1674.60131836
    },
    "melbands_skewness": {
        "dmean": 0.796931385994,
        "dmean2": 1.20272612572,
        "dvar": 0.961171925068,
        "dvar2": 2.59305524826,
        "max": 22.2599277496,
        "mean": 3.220443964,
        "median": 2.79727315903,
        "min": -1.43863868713,
        "var": 4.28924608231
    },
    "melbands_spread": {
        "dmean": 1.79899823666,
        "dmean2": 2.70732355118,
        "dvar": 7.53636693954,
        "dvar2": 15.7190074921,
        "max": 150.35798645,
        "mean": 6.3012471199,
        "median": 5.38481807709,
        "min": 0.356461256742,
        "var": 22.7481594086
    },
    "pitch_salience": {
        "dmean": 0.0731369107962,
        "dmean2": 0.11383639276,
        "dvar": 0.00428856257349,
        "dvar2": 0.0105210300535,
        "max": 0.834458649158,
        "mean": 0.471735060215,
        "median": 0.480757415295,
        "min": 0.0614914447069,
        "var": 0.0178284309804
    },
    "silence_rate_20dB": {
        "dmean": 0,
        "dmean2": 0,
        "dvar": 0,
        "dvar2": 0,
        "max": 1,
        "mean": 1,
        "median": 1,
        "min": 1,
        "var": 0
    },
    "silence_rate_30dB": {
        "dmean": 0.00761307636276,
        "dmean2": 0.0152278579772,
        "dvar": 0.00755503447726,
        "dvar2": 0.0179059226066,
        "max": 1,
        "mean": 0.987574160099,
        "median": 1,
        "min": 0,
        "var": 0.012270340696
    },
    "silence_rate_60dB": {
        "dmean": 0.0309001337737,
        "dmean2": 0.0618071891367,
        "dvar": 0.029947174713,
        "dvar2": 0.0671693459153,
        "max": 1,
        "mean": 0.128736153245,
        "median": 0,
        "min": 0,
        "var": 0.112166516483
    },
    "spectral_centroid": {
        "dmean": 71.6179733276,
        "dmean2": 106.367996216,
        "dvar": 13007.0869141,
        "dvar2": 21218.6835938,
        "max": 10499.2958984,
        "mean": 499.605773926,
        "median": 454.522888184,
        "min": 183.23336792,
        "var": 54592.0117188
    },
    "spectral_complexity": {
        "dmean": 1.28952085972,
        "dmean2": 2.10816264153,
        "dvar": 1.43015515804,
        "dvar2": 3.39982533455,
        "max": 20,
        "mean": 8.26653957367,
        "median": 8,
        "min": 0,
        "var": 11.6429920197
    },
    "spectral_decrease": {
        "dmean": 1.51527412839e-09,
        "dmean2": 2.02699346197e-09,
        "dvar": 5.74801438372e-18,
        "dvar2": 1.19397276208e-17,
        "max": 9.61587631357e-29,
        "mean": -5.19695042556e-09,
        "median": -3.28086269263e-09,
        "min": -6.85704151238e-08,
        "var": 3.62993752702e-17
    },
    "spectral_energy": {
        "dmean": 0.0058895307593,
        "dmean2": 0.00787130370736,
        "dvar": 8.6547290266e-05,
        "dvar2": 0.000179568625754,
        "max": 0.263968408108,
        "mean": 0.0202731899917,
        "median": 0.0128313815221,
        "min": 1.07095776688e-20,
        "var": 0.000546308408957
    },
    "spectral_energyband_high": {
        "dmean": 7.79578203947e-06,
        "dmean2": 1.06748802864e-05,
        "dvar": 1.31342242637e-10,
        "dvar2": 2.35362035417e-10,
        "max": 0.000252970756264,
        "mean": 2.58888376266e-05,
        "median": 1.85748067452e-05,
        "min": 7.89198239815e-21,
        "var": 6.61609544927e-10
    },
    "spectral_energyband_low": {
        "dmean": 0.00103430170566,
        "dmean2": 0.0012974696001,
        "dvar": 7.0775668064e-06,
        "dvar2": 1.52792144945e-05,
        "max": 0.113466605544,
        "mean": 0.00308902538382,
        "median": 0.000635201344267,
        "min": 4.23204942989e-23,
        "var": 4.14807727793e-05
    },
    "spectral_energyband_middle_high": {
        "dmean": 0.000550331547856,
        "dmean2": 0.000691312481649,
        "dvar": 1.71018768924e-06,
        "dvar2": 2.39483415498e-06,
        "max": 0.0406272448599,
        "mean": 0.0014307909878,
        "median": 0.000630566908512,
        "min": 1.33476486951e-21,
        "var": 7.3316241469e-06
    },
    "spectral_energyband_middle_low": {
        "dmean": 0.00562019320205,
        "dmean2": 0.00759015744552,
        "dvar": 8.17557011032e-05,
        "dvar2": 0.000171252424479,
        "max": 0.247062623501,
        "mean": 0.0182177685201,
        "median": 0.0110204759985,
        "min": 2.8327202459e-22,
        "var": 0.000483341224026
    },
    "spectral_entropy": {
        "dmean": 0.190262421966,
        "dmean2": 0.271082252264,
        "dvar": 0.0280117895454,
        "dvar2": 0.0576596744359,
        "max": 9.81241989136,
        "mean": 6.37030744553,
        "median": 6.34152030945,
        "min": 4.72086381912,
        "var": 0.280015736818
    },
    "spectral_flux": {
        "dmean": 0.0148091055453,
        "dmean2": 0.0245878472924,
        "dvar": 0.000284310692223,
        "dvar2": 0.000819200417027,
        "max": 0.33033451438,
        "mean": 0.0450880527496,
        "median": 0.0408159606159,
        "min": 1.04654666877e-10,
        "var": 0.000763284857385
    },
    "spectral_kurtosis": {
        "dmean": 6.50873565674,
        "dmean2": 11.1997718811,
        "dvar": 44.0575141907,
        "dvar2": 125.565177917,
        "max": 99.9153060913,
        "mean": 14.5849409103,
        "median": 11.5300149918,
        "min": -1.23027145863,
        "var": 130.997467041
    },
    "spectral_rms": {
        "dmean": 0.000605413049925,
        "dmean2": 0.000805821444374,
        "dvar": 4.16677551129e-07,
        "dvar2": 8.56835640661e-07,
        "max": 0.0160477459431,
        "mean": 0.00385406520218,
        "median": 0.00353813800029,
        "min": 3.23239373635e-12,
        "var": 4.92497747473e-06
    },
    "spectral_rolloff": {
        "dmean": 97.2829437256,
        "dmean2": 162.012969971,
        "dvar": 59556.03125,
        "dvar2": 63959.4492188,
        "max": 18949.21875,
        "mean": 513.373291016,
        "median": 473.73046875,
        "min": 21.533203125,
        "var": 153674.65625
    },
    "spectral_skewness": {
        "dmean": 0.514554321766,
        "dmean2": 0.87185883522,
        "dvar": 0.215866833925,
        "dvar2": 0.61497426033,
        "max": 8.17116546631,
        "mean": 2.72194242477,
        "median": 2.57854223251,
        "min": 0.0545217208564,
        "var": 0.886333405972
    },
    "spectral_spread": {
        "dmean": 328347.84375,
        "dmean2": 522553.59375,
        "dvar": 440292081664,
        "dvar2": 555989204992,
        "max": 51156392,
        "mean": 2671056.5,
        "median": 2496057.5,
        "min": 804310.5625,
        "var": 1.36431153971e+12
    },
    "spectral_strongpeak": {
        "dmean": 0.320387810469,
        "dmean2": 0.48579210043,
        "dvar": 0.172540545464,
        "dvar2": 0.384492337704,
        "max": 8.39855766296,
        "mean": 0.929661154747,
        "median": 0.754471898079,
        "min": 0,
        "var": 0.578187286854
    },
    "zerocrossingrate": {
        "dmean": 0.00363187887706,
        "dmean2": 0.00452809641138,
        "dvar": 2.8414746339e-05,
        "dvar2": 2.90773023153e-05,
        "max": 0.5009765625,
        "mean": 0.0237978752702,
        "median": 0.0224609375,
        "min": 0.00048828125,
        "var": 0.000185830140254
    },
    "barkbands": {
        "dmean": [4.16619059251e-06, 1.37395654747e-05, 0.000243063652306, 0.00173178431578, 0.00177717918996, 0.00249424111098, 0.00102947454434, 0.00047306282795, 0.000187065583305, 0.000449014478363, 8.36504696053e-05, 3.22167798004e-05, 2.10088655876e-05, 3.81259742426e-05, 5.31456244062e-05, 2.89569197776e-05, 1.92450825125e-05, 1.6231679183e-05, 5.3666126405e-06, 2.93768221127e-06, 2.96578537018e-06, 3.17428043672e-06, 1.9427720872e-06, 1.49034826791e-06, 3.16202886097e-07, 8.27695301187e-10, 8.83076167746e-10],
        "dmean2": [7.64800461184e-06, 1.97710614884e-05, 0.000347118242644, 0.00209406716749, 0.00255312863737, 0.00364891835488, 0.00138142099604, 0.00061505229678, 0.000267314811936, 0.000557108898647, 0.000117521594802, 4.88960649818e-05, 3.2067331631e-05, 5.9401816543e-05, 7.65531294746e-05, 4.44687975687e-05, 2.95403642667e-05, 2.45544779318e-05, 8.42210465635e-06, 4.55863028037e-06, 4.4306439122e-06, 4.71346720587e-06, 2.91969649879e-06, 2.15889531319e-06, 4.87673673888e-07, 1.54037793632e-09, 1.6433862049e-09],
        "dvar": [5.35493836773e-11, 1.59888047246e-09, 3.27945883782e-07, 1.9225772121e-05, 1.32234308694e-05, 4.82645809825e-05, 4.75131992062e-06, 9.30162400437e-07, 1.02973039873e-07, 1.66855943462e-06, 2.77060738796e-08, 4.86744022865e-09, 1.42490264032e-09, 5.70760239071e-09, 2.22728768762e-08, 3.7369938255e-09, 1.54678347908e-09, 1.36517541716e-09, 8.47466749554e-11, 2.65479686845e-11, 2.07373059696e-11, 3.0326536421e-11, 1.03522286229e-11, 6.01177441162e-12, 4.00675884615e-13, 2.17513614759e-18, 2.47819196297e-18],
        "dvar2": [1.75242695355e-10, 2.76861977788e-09, 7.85478050602e-07, 3.24968605128e-05, 2.60124161287e-05, 0.000109118402179, 7.69670532463e-06, 1.61629441209e-06, 2.10059440064e-07, 2.34085064221e-06, 5.74950789201e-08, 1.11559614879e-08, 2.97089952639e-09, 1.36175826171e-08, 4.07888904874e-08, 8.0711455297e-09, 3.22163318245e-09, 2.74021250135e-09, 1.91916413317e-10, 6.15308429208e-11, 4.43387410121e-11, 6.2123896305e-11, 2.23486697898e-11, 1.20228566686e-11, 9.37572068593e-13, 7.19298476293e-18, 8.19569723737e-18],
        "max": [0.000100871911854, 0.00204128888436, 0.018834726885, 0.199165418744, 0.140541851521, 0.196887046099, 0.063057564199, 0.0356449633837, 0.0065856333822, 0.0388364195824, 0.00327374902554, 0.00238739792258, 0.00152282707859, 0.00261154770851, 0.00640774844214, 0.00156835187227, 0.00133501598611, 0.00142129417509, 0.000439338909928, 0.000176905523404, 9.99117692118e-05, 0.000118127463793, 7.37705122447e-05, 6.53151219012e-05, 1.6858057279e-05, 2.75580731568e-08, 2.94647897192e-08],
        "mean": [4.0772383727e-06, 3.34160722559e-05, 0.000572819437366, 0.00530361523852, 0.00467294082046, 0.00450184009969, 0.00236175186001, 0.000991006498225, 0.000364334526239, 0.000877707672771, 0.000159554518177, 5.90883209952e-05, 4.12713707192e-05, 7.31802283553e-05, 9.62310514296e-05, 5.3228228353e-05, 3.67369830201e-05, 2.9729993912e-05, 1.09740558401e-05, 6.13580778008e-06, 7.24745996195e-06, 7.64437209e-06, 4.82610676045e-06, 3.37905089509e-06, 5.29253441073e-07, 6.59318932783e-10, 7.03023139703e-10],
        "median": [1.66159850323e-06, 4.83880558022e-06, 0.000171265928657, 0.000555792241357, 0.0016137039056, 0.00122864940204, 0.000798969296739, 0.000290420895908, 0.000171628242242, 0.000131602937472, 5.10221834702e-05, 2.64596237685e-05, 2.17108481593e-05, 3.26399458572e-05, 3.48431894963e-05, 2.38149877987e-05, 1.61116222444e-05, 1.28579413285e-05, 6.62584443489e-06, 3.9717956497e-06, 4.62683601654e-06, 4.49283152193e-06, 3.16391378874e-06, 1.8139637632e-06, 2.09354823255e-07, 1.86872725627e-10, 1.98621646907e-10],
        "min": [1.0302416926e-23, 2.02569067497e-23, 4.08839154817e-24, 2.42745871729e-24, 3.10932681236e-23, 3.06882511577e-23, 8.7083718479e-23, 5.7539558603e-23, 4.31475991808e-23, 8.0907612856e-23, 9.26599174716e-23, 3.60662346484e-23, 6.56955031497e-23, 5.96673941435e-23, 9.79794526801e-23, 7.84269166773e-23, 1.67226609574e-22, 1.50571673272e-22, 2.18588535319e-22, 2.60153124166e-22, 5.13804974243e-22, 5.62935029472e-22, 7.5422150538e-22, 6.76526758908e-22, 1.27305630724e-21, 1.48769614566e-21, 2.24402669907e-21],
        "var": [5.29531418714e-11, 1.96800939989e-08, 1.32807974751e-06, 0.000158600392751, 7.7186843555e-05, 0.000110653505544, 2.25075327762e-05, 3.90757213609e-06, 3.00453109503e-07, 6.39758536636e-06, 9.04185810668e-08, 1.20801200154e-08, 4.01854594045e-09, 1.52895545114e-08, 5.22718295315e-08, 8.69160299288e-09, 4.21250678784e-09, 3.50515727554e-09, 2.14614478966e-10, 5.77762108989e-11, 7.01076766085e-11, 9.35827734749e-11, 3.08394733362e-11, 1.87741783925e-11, 7.56624743328e-13, 1.76434584769e-18, 2.00959704109e-18]
    },
    "erbbands": {
        "dmean": [0.000188931953744, 0.00665725907311, 0.20489475131, 3.16724395752, 4.54616975784, 6.24202203751, 17.1123161316, 19.6351642609, 12.5801324844, 14.4543523788, 9.29258918762, 4.13211536407, 8.68780612946, 9.50437259674, 2.83444452286, 1.06331717968, 0.975672066212, 1.28060853481, 2.70852518082, 1.89763474464, 1.57656216621, 1.09217834473, 0.744562625885, 0.495253682137, 0.233658790588, 0.132768049836, 0.10699788481, 0.129899427295, 0.0968731567264, 0.0958289727569, 0.0518815517426, 0.036147583276, 0.0234930887818, 0.00613353168592, 0.000169578532223, 9.52762002271e-06, 2.69125348495e-06, 6.8991516855e-07, 2.72653596767e-06, 6.51597520118e-06],
        "dmean2": [0.000286796450382, 0.00928424485028, 0.28099912405, 3.86658573151, 6.16251659393, 9.11711406708, 24.4777355194, 28.2741756439, 18.0928764343, 17.530424118, 12.2762756348, 5.88669538498, 10.9408149719, 12.1727895737, 3.95669269562, 1.61099994183, 1.47383964062, 1.96194243431, 4.07208156586, 2.75860548019, 2.38938212395, 1.67130100727, 1.13163352013, 0.745033740997, 0.365708112717, 0.205514296889, 0.163439050317, 0.193379297853, 0.14586442709, 0.141529232264, 0.076553106308, 0.0535642392933, 0.0341279059649, 0.00907836575061, 0.000250060926192, 1.42789431266e-05, 4.09142330682e-06, 1.14838951504e-06, 3.62418563782e-06, 8.6959444161e-06],
        "dvar": [8.49732941788e-08, 0.000226929216296, 0.190046370029, 65.5378646851, 94.0716629028, 175.318740845, 1662.15917969, 3352.34301758, 710.240966797, 1332.65197754, 382.132141113, 52.3444519043, 552.268249512, 553.308654785, 26.5218849182, 4.2620382309, 3.15850400925, 6.96292638779, 33.5014152527, 25.0043029785, 12.8608055115, 5.74731302261, 2.48257398605, 1.02450180054, 0.136992871761, 0.0453606918454, 0.0296134389937, 0.0462311096489, 0.0356977321208, 0.0257848892361, 0.00891293957829, 0.00447547715157, 0.00165769283194, 0.000122683937661, 9.81486465435e-08, 1.84612783394e-10, 1.46481715646e-11, 1.08604748458e-12, 1.8343078792e-11, 1.05444118714e-10],
        "dvar2": [1.95692919647e-07, 0.0004350260715, 0.448628515005, 123.329948425, 202.144515991, 361.22164917, 3618.30078125, 7234.2265625, 1393.84240723, 1738.80603027, 685.567871094, 109.84702301, 780.02520752, 811.705871582, 54.1755104065, 9.63556194305, 6.40939426422, 14.1717758179, 69.3054351807, 46.7733764648, 26.4170722961, 11.9024953842, 5.2503361702, 2.12587475777, 0.321661561728, 0.104789875448, 0.066827327013, 0.0974772945046, 0.0774007588625, 0.0510844178498, 0.0191954802722, 0.00946841575205, 0.00341440620832, 0.000271918775979, 2.18320892031e-07, 4.09669020929e-10, 3.58831991898e-11, 3.27206512753e-12, 3.75461779722e-11, 2.18338583324e-10],
        "max": [0.0100721865892, 0.69294834137, 15.5644826889, 354.708343506, 350.120513916, 365.109466553, 1165.88684082, 1689.99450684, 911.012512207, 1316.47583008, 775.550048828, 202.872573853, 689.817504883, 686.552124023, 128.919830322, 50.3331375122, 71.6878051758, 146.756896973, 178.998031616, 223.104187012, 93.2952728271, 68.9587860107, 51.6360702515, 36.263168335, 9.46954631805, 6.19885206223, 4.11157369614, 4.46194791794, 4.49457216263, 3.31672620773, 1.82050406933, 2.40340876579, 0.763191998005, 0.29754191637, 0.0095732640475, 0.000347983383108, 0.000113670233986, 2.50041084655e-05, 0.000120760952996, 0.000289008195978],
        "mean": [0.000499788613524, 0.0186578650028, 0.560609221458, 9.73858261108, 13.1185331345, 15.5878429413, 36.4239349365, 35.7837562561, 27.3796272278, 35.2738800049, 19.9647312164, 8.79791927338, 17.5328235626, 19.4879360199, 6.02762699127, 2.24990129471, 2.08583402634, 2.79090690613, 5.28212308884, 3.78110957146, 3.00017571449, 2.17045497894, 1.50621902943, 1.02134466171, 0.520290911198, 0.293609619141, 0.258485049009, 0.306479156017, 0.2216540277, 0.250590145588, 0.123522721231, 0.0796061232686, 0.0513751506805, 0.0122353127226, 0.000356451550033, 2.83393237623e-05, 9.01431758393e-06, 1.77661877387e-06, 9.67110008787e-06, 2.25898384087e-05],
        "median": [0.000263391411863, 0.00625699432567, 0.193253725767, 1.41935765743, 3.52372217178, 4.85234498978, 8.51042938232, 10.0127248764, 11.4438524246, 10.0371875763, 7.10878753662, 4.73562669754, 3.78300499916, 5.15047836304, 2.79698467255, 1.21404635906, 1.12703633308, 1.42986989021, 2.43731164932, 1.63050532341, 1.33342218399, 1.00227320194, 0.747765243053, 0.523721694946, 0.325643599033, 0.197576954961, 0.169645339251, 0.188087761402, 0.138011798263, 0.144532218575, 0.076939843595, 0.0478095151484, 0.0246762894094, 0.0057573961094, 0.000180595103302, 2.09838781302e-05, 6.64731123834e-06, 1.32495836169e-06, 6.24809490546e-06, 1.43956058309e-05],
        "min": [2.40209508791e-22, 1.88630299198e-21, 3.25276901321e-21, 9.73590692402e-21, 6.91757446099e-20, 7.41303949204e-20, 1.26292733928e-19, 2.11847068257e-19, 7.19534843153e-19, 2.00509221548e-18, 8.17538478345e-19, 1.26471335147e-18, 1.73003139735e-18, 2.65310405979e-18, 3.14844111048e-18, 2.05683277638e-18, 3.05060653033e-18, 3.99112329451e-18, 4.7260459718e-18, 6.1487325189e-18, 4.28827345391e-18, 9.75552991643e-18, 7.10027353269e-18, 1.20409546755e-17, 9.14048142633e-18, 1.43294631639e-17, 1.89267626092e-17, 1.96267360784e-17, 1.65253679555e-17, 2.01930719023e-17, 2.09697581015e-17, 1.1805510949e-17, 1.20627211061e-17, 1.21265157565e-17, 9.50312816022e-18, 6.42207228436e-18, 2.52267111887e-18, 1.30810590223e-18, 3.27647429704e-19, 3.04716664805e-20],
        "var": [6.12558153534e-07, 0.00240726722404, 0.931750953197, 476.442962646, 694.093017578, 840.669555664, 6144.39990234, 8001.87353516, 2461.73339844, 7636.81738281, 1484.02722168, 160.551361084, 2107.44824219, 2117.43505859, 91.950881958, 11.5380983353, 9.68641757965, 25.6704540253, 83.9294433594, 65.5606918335, 30.4399108887, 15.3643093109, 6.59251403809, 2.76976132393, 0.370669901371, 0.108873181045, 0.0815140977502, 0.158519625664, 0.0797078087926, 0.102376013994, 0.0230550728738, 0.010770259425, 0.00508507667109, 0.000298690603813, 2.36472061488e-07, 7.31120552988e-10, 7.65327107244e-11, 2.95021819474e-12, 1.182536985e-10, 6.66906918578e-10]
    },
    "gfcc": {
        "mean": [-151.408706665, 161.525100708, -140.184677124, 23.7098178864, -86.0320968628, -12.8234643936, -45.7129592896, -26.4020347595, -3.48617768288, -35.1833610535, -2.33697628975, -24.9161109924, 3.17312479019],
        "cov": [[22694.4667969, 1684.11218262, -2415.78955078, -998.659118652, -1402.50598145, -1181.16894531, -1136.51184082, -659.821350098, -370.39932251, -679.879516602, -541.001037598, -391.410827637, -132.997360229], [1684.11218262, 684.047180176, 60.3069458008, -146.479095459, 111.548858643, -206.133010864, 9.06457996368, -134.019241333, -34.97914505, -122.637077332, -115.081520081, -27.7871513367, -36.8429222107], [-2415.78955078, 60.3069458008, 745.367858887, 258.697814941, 280.549835205, 149.288330078, 178.11668396, 6.162088871, -7.40848827362, 3.94529676437, -25.2511291504, 0.720354259014, -28.3161392212], [-998.659118652, -146.479095459, 258.697814941, 311.350585938, 79.8117523193, 163.096054077, 51.2465171814, 30.5799312592, -0.762670218945, 17.203742981, 2.22438716888, -24.6686820984, -26.2553100586], [-1402.50598145, 111.548858643, 280.549835205, 79.8117523193, 310.122467041, 64.6965560913, 116.698013306, 15.4755601883, 7.77016639709, 0.755522727966, -13.0582447052, 3.45629119873, -22.9663887024], [-1181.16894531, -206.133010864, 149.288330078, 163.096054077, 64.6965560913, 220.730773926, 82.2598953247, 67.3369216919, 6.44528102875, 29.4021816254, 14.4586458206, -10.8374032974, -3.78193092346], [-1136.51184082, 9.06457996368, 178.11668396, 51.2465171814, 116.698013306, 82.2598953247, 156.886764526, 43.9364852905, 12.4721603394, 1.16634213924, -1.40378046036, 20.9699840546, -3.5414481163], [-659.821350098, -134.019241333, 6.162088871, 30.5799312592, 15.4755601883, 67.3369216919, 43.9364852905, 120.216819763, 32.1889381409, 35.2903556824, 34.1347160339, 6.60287237167, 10.7897348404], [-370.39932251, -34.97914505, -7.40848827362, -0.762670218945, 7.77016639709, 6.44528102875, 12.4721603394, 32.1889381409, 79.1486053467, 49.8600616455, 18.9834461212, 3.16919255257, -12.1407060623], [-679.879516602, -122.637077332, 3.94529676437, 17.203742981, 0.755522727966, 29.4021816254, 1.16634213924, 35.2903556824, 49.8600616455, 104.321907043, 63.5612945557, 10.3218803406, 2.06247329712], [-541.001037598, -115.081520081, -25.2511291504, 2.22438716888, -13.0582447052, 14.4586458206, -1.40378046036, 34.1347160339, 18.9834461212, 63.5612945557, 106.218238831, 57.9028434753, 23.4077205658], [-391.410827637, -27.7871513367, 0.720354259014, -24.6686820984, 3.45629119873, -10.8374032974, 20.9699840546, 6.60287237167, 3.16919255257, 10.3218803406, 57.9028434753, 100.621582031, 65.6533966064], [-132.997360229, -36.8429222107, -28.3161392212, -26.2553100586, -22.9663887024, -3.78193092346, -3.5414481163, 10.7897348404, -12.1407060623, 2.06247329712, 23.4077205658, 65.6533966064, 109.070472717]],
        "icov": [[0.000256972532952, -0.000719857867807, 0.000535548548214, -0.000233141268836, 0.000709069659933, -6.93578185746e-05, 0.000855743070133, -9.37108197832e-05, 0.000427581631811, 0.00047148775775, 0.000308040325763, 0.000155924921273, 0.000215766995098], [-0.000719857867807, 0.00606464128941, -0.00186934287194, 0.00140895461664, -0.00357447820716, 0.00361141841859, -0.00387429539114, 0.00268035545014, -0.00245949276723, 0.00177118950523, -0.000434907095041, 0.00108390452806, -0.000860091822688], [0.000535548548214, -0.00186934287194, 0.00433679670095, -0.00278034666553, 2.86015674646e-05, 6.52147500659e-05, -0.000287771370495, 0.000536309671588, 0.00191092817113, -0.000542264198884, 0.00173389841802, -0.000488375837449, 0.00056889874395], [-0.000233141268836, 0.00140895461664, -0.00278034666553, 0.00753537984565, -0.000667847634759, -0.00410222401842, 0.00136214564554, 0.000618663092609, -0.00106866413262, 0.00112153275404, -0.00126766238827, 0.000866503221914, 0.000594212207943], [0.000709069659933, -0.00357447820716, 2.86015674646e-05, -0.000667847634759, 0.00814247597009, -0.00139485381078, 0.000527322932612, -0.00117315654643, 0.00150704674888, -9.29949383135e-05, 0.00106147362385, -0.000521476904396, 0.00155878602527], [-6.93578185746e-05, 0.00361141841859, 6.52147500659e-05, -0.00410222401842, -0.00139485381078, 0.0134596610442, -0.00583371985704, -0.000894201220945, 0.000931686139666, 0.000353511306457, -0.000129680367536, 0.00373223773204, -0.00188489991706], [0.000855743070133, -0.00387429539114, -0.000287771370495, 0.00136214564554, 0.000527322932612, -0.00583371985704, 0.0178943648934, -0.00536528415978, 0.0011851103045, 0.00101102329791, 0.00514962291345, -0.00748234335333, 0.00452000694349], [-9.37108197832e-05, 0.00268035545014, 0.000536309671588, 0.000618663092609, -0.00117315654643, -0.000894201220945, -0.00536528415978, 0.0157221313566, -0.00647571450099, 0.00404188642278, -0.00682507874444, 0.0073131644167, -0.00466281874105], [0.000427581631811, -0.00245949276723, 0.00191092817113, -0.00106866413262, 0.00150704674888, 0.000931686139666, 0.0011851103045, -0.00647571450099, 0.0245449114591, -0.0152164967731, 0.0100161414593, -0.00861925072968, 0.00701667228714], [0.00047148775775, 0.00177118950523, -0.000542264198884, 0.00112153275404, -9.29949383135e-05, 0.000353511306457, 0.00101102329791, 0.00404188642278, -0.0152164967731, 0.0310769230127, -0.0197704099119, 0.014738926664, -0.00598228024319], [0.000308040325763, -0.000434907095041, 0.00173389841802, -0.00126766238827, 0.00106147362385, -0.000129680367536, 0.00514962291345, -0.00682507874444, 0.0100161414593, -0.0197704099119, 0.0347605161369, -0.0251156147569, 0.0105818314478], [0.000155924921273, 0.00108390452806, -0.000488375837449, 0.000866503221914, -0.000521476904396, 0.00373223773204, -0.00748234335333, 0.0073131644167, -0.00861925072968, 0.014738926664, -0.0251156147569, 0.0383105687797, -0.0192172601819], [0.000215766995098, -0.000860091822688, 0.00056889874395, 0.000594212207943, 0.00155878602527, -0.00188489991706, 0.00452000694349, -0.00466281874105, 0.00701667228714, -0.00598228024319, 0.0105818314478, -0.0192172601819, 0.0204933099449]]
    },
    "melbands": {
        "dmean": [2.35176298702e-06, 6.22010193183e-05, 0.000606932851952, 0.000332994648488, 0.000549644697458, 0.0004434621369, 0.000193896412384, 0.000147635611938, 6.55012700008e-05, 2.43043923547e-05, 5.037127994e-05, 4.81397146359e-05, 1.2304424672e-05, 3.57663202522e-06, 3.00425381283e-06, 2.01792863663e-06, 2.58709974332e-06, 4.49638446298e-06, 4.00199769501e-06, 1.94924109564e-06, 1.7911499981e-06, 1.31434308059e-06, 6.68630320888e-07, 1.01608156911e-06, 3.57789588179e-07, 2.25333195658e-07, 1.40796132087e-07, 8.41703453602e-08, 7.76933148927e-08, 8.29096151733e-08, 7.31760252393e-08, 6.35009769212e-08, 6.76693971968e-08, 5.1874117446e-08, 3.5619056149e-08, 2.53165168829e-08, 2.34299140089e-08, 1.99062952788e-08, 1.30250281671e-08, 2.7105138134e-09],
        "dmean2": [3.53966470357e-06, 8.90894953045e-05, 0.000750763632823, 0.000483205192722, 0.000783354451414, 0.000642379163764, 0.000272852223134, 0.000178866670467, 8.81361411302e-05, 3.49379406543e-05, 6.29594505881e-05, 6.09589951637e-05, 1.72128711711e-05, 5.35719982508e-06, 4.59229886474e-06, 3.0548394534e-06, 3.99682539864e-06, 6.91025252308e-06, 5.70556267121e-06, 2.97573092212e-06, 2.73046543953e-06, 2.0116642645e-06, 1.0582214145e-06, 1.52926224928e-06, 5.48053662897e-07, 3.52471460019e-07, 2.23419704071e-07, 1.33085165999e-07, 1.21874577985e-07, 1.26063795847e-07, 1.09348867738e-07, 9.71995959276e-08, 1.01883927073e-07, 7.80620013074e-08, 5.37782263166e-08, 3.81070535127e-08, 3.53845628354e-08, 2.9518954392e-08, 1.93742959453e-08, 4.17477252768e-09],
        "dvar": [3.40861922021e-11, 1.89036430953e-08, 2.17390697799e-06, 3.42507377127e-07, 1.63441404766e-06, 1.66483323483e-06, 1.7060253299e-07, 1.15960425262e-07, 1.85185378143e-08, 1.75788750223e-09, 1.97864000739e-08, 1.59322297577e-08, 5.85097581496e-10, 8.14594433574e-11, 3.56865648143e-11, 1.20526540137e-11, 2.83125536904e-11, 8.27063695308e-11, 2.06387462676e-10, 1.56133474205e-11, 1.62131870429e-11, 9.43027600453e-12, 2.07528330458e-12, 6.32551172899e-12, 5.21970704506e-13, 1.39870211767e-13, 8.21277995697e-14, 1.77601108055e-14, 1.87496587402e-14, 1.87934655902e-14, 1.49797878366e-14, 2.0951890193e-14, 1.86795278003e-14, 6.85645981045e-15, 4.75230842024e-15, 1.75191655074e-15, 1.94780308419e-15, 1.30739080128e-15, 4.9928346488e-16, 3.28851442785e-17],
        "dvar2": [6.26306922991e-11, 4.509638174e-08, 3.89012575397e-06, 7.52408141125e-07, 3.44161344401e-06, 3.66104359273e-06, 3.13287131348e-07, 1.54749784542e-07, 3.3797988408e-08, 3.69146779811e-09, 2.77957248329e-08, 2.2912518105e-08, 1.2000593852e-09, 1.88455126504e-10, 8.30085444825e-11, 2.53006209733e-11, 6.11788536498e-11, 1.87498919169e-10, 3.70847907938e-10, 3.52228940459e-11, 3.31328124659e-11, 1.91859514387e-11, 4.99760389322e-12, 1.22831328442e-11, 1.15231923396e-12, 3.16758744885e-13, 1.93387203495e-13, 4.17425256416e-14, 4.35676444737e-14, 4.22726801751e-14, 3.13424789323e-14, 4.61496075729e-14, 3.76483275165e-14, 1.47730592814e-14, 1.04246750392e-14, 3.89587171321e-15, 4.200142465e-15, 2.81640021973e-15, 1.07776006341e-15, 7.90388214477e-17],
        "max": [0.000291704345727, 0.00429842993617, 0.0663075372577, 0.0170762762427, 0.0410055592656, 0.037202578038, 0.0142846414819, 0.0119325341657, 0.00506207766011, 0.00113120418973, 0.00416758889332, 0.0037548141554, 0.00051950593479, 0.000323184474837, 0.00015409529442, 0.000106434730696, 0.000266248360276, 0.00025221137912, 0.00068574573379, 0.000127827253891, 0.00010714650125, 9.39359597396e-05, 4.9230431614e-05, 0.000100545759778, 2.11104670598e-05, 1.6739266357e-05, 1.09349457489e-05, 3.86908277505e-06, 3.50117034031e-06, 3.49374317921e-06, 2.83853660221e-06, 3.08621906697e-06, 3.30575335283e-06, 2.24711698138e-06, 1.32040202061e-06, 1.01075818293e-06, 1.63379627338e-06, 6.52005724078e-07, 5.18757246937e-07, 1.91305048247e-07],
        "mean": [5.47882746105e-06, 0.000150763895363, 0.00186376739293, 0.000917295285035, 0.00122617871966, 0.000799437286332, 0.000427652616054, 0.000354410731234, 0.000137600451126, 4.74598673463e-05, 9.91676424746e-05, 9.64911887422e-05, 2.40012741415e-05, 6.57663213133e-06, 5.46983028471e-06, 4.15479917137e-06, 5.21087667948e-06, 8.40949087433e-06, 6.99966676621e-06, 3.75366676053e-06, 3.14366639032e-06, 2.38726738644e-06, 1.21242078421e-06, 1.7556039893e-06, 6.95867299783e-07, 4.45318733e-07, 2.74190739447e-07, 1.65815706055e-07, 1.57938615075e-07, 1.7956617171e-07, 1.63068420989e-07, 1.21971126532e-07, 1.50823566969e-07, 1.3020682843e-07, 7.55493942961e-08, 5.28662802424e-08, 4.58065798625e-08, 3.94926935599e-08, 2.54816328038e-08, 4.3909236247e-09],
        "median": [1.39855274028e-06, 4.72654901387e-05, 0.000297845021123, 0.000393278955016, 0.000316751218634, 0.000226751581067, 0.000165053468663, 0.000104612940049, 4.80401613459e-05, 2.31628619076e-05, 1.77093388629e-05, 2.14573155972e-05, 8.63479817781e-06, 2.72142392532e-06, 2.42871601586e-06, 2.00127738026e-06, 2.45778551289e-06, 3.65705523109e-06, 2.29435931942e-06, 1.67262180639e-06, 1.23553502362e-06, 9.44197665831e-07, 6.14678810962e-07, 6.36944434973e-07, 3.50238252622e-07, 2.58870585412e-07, 1.61210735428e-07, 1.05325170807e-07, 9.28395493816e-08, 1.11449423912e-07, 9.80555086016e-08, 7.15478236657e-08, 7.00176983059e-08, 7.75305579737e-08, 4.19780725736e-08, 3.07030667557e-08, 2.43165185765e-08, 1.71905796265e-08, 1.18896954504e-08, 1.52796775232e-09],
        "min": [5.05958542428e-24, 1.7559432383e-24, 3.01553065909e-24, 6.36874190613e-24, 4.1745505418e-24, 5.63779088553e-24, 1.25548546241e-23, 2.04812808792e-23, 4.87109105529e-24, 7.29680165681e-24, 8.84874901489e-24, 1.06708772887e-23, 1.220798144e-23, 3.9479388083e-24, 8.26444920873e-24, 5.99304690002e-24, 6.47848310767e-24, 5.90103061416e-24, 1.18584979152e-23, 5.84421172417e-24, 4.55251352302e-24, 1.1311878839e-23, 4.93357593873e-24, 7.99846424415e-24, 9.9576862881e-24, 6.15374969932e-24, 7.68926863463e-24, 9.01842037383e-24, 1.37338143467e-23, 9.9703017517e-24, 1.13435839477e-23, 8.72475743553e-24, 1.26733091888e-23, 9.1489192668e-24, 9.87431394561e-24, 1.00128284542e-23, 6.31676070564e-24, 8.891964393e-24, 6.98422972261e-24, 9.68456134347e-24],
        "var": [3.91926546772e-10, 8.30666593288e-08, 1.73495864146e-05, 2.05245419238e-06, 6.78003834764e-06, 3.88341095459e-06, 6.400221082e-07, 6.5890623091e-07, 7.11039263024e-08, 5.13278530789e-09, 7.52863940079e-08, 6.09363510762e-08, 1.92709714852e-09, 1.9484697189e-10, 8.64651752974e-11, 4.54351070656e-11, 9.18944642603e-11, 2.01657870957e-10, 4.55056797799e-10, 4.23429208363e-11, 3.78100259435e-11, 2.44621215645e-11, 4.3038875415e-12, 1.65548408315e-11, 1.23446814836e-12, 3.67313330359e-13, 1.53412981103e-13, 3.86693850768e-14, 4.06449505129e-14, 5.041291752e-14, 4.70990908492e-14, 3.58004946489e-14, 5.86983397001e-14, 2.41278334524e-14, 1.05730455654e-14, 4.41745257927e-15, 4.21977584169e-15, 3.46669875356e-15, 1.29192059154e-15, 5.59336155311e-17]
    },
    "mfcc": {
        "mean": [-762.964904785, 159.211914062, 1.50140988827, 10.9434051514, -12.1934566498, -10.0861778259, -29.5541496277, -7.96294355392, -13.8777284622, -8.8837594986, -14.9495477676, -12.6194591522, -13.1108932495],
        "cov": [[9727.734375, 2673.26879883, -437.822937012, -62.285533905, -502.839447021, -427.042785645, -845.227355957, -224.60987854, -460.059692383, -268.324523926, -464.508850098, -362.109313965, -417.367706299], [2673.26879883, 1736.40527344, -71.2894287109, 77.3916931152, -104.157089233, -128.741088867, -256.46395874, -88.7216796875, -110.156921387, -150.886291504, -207.014480591, -194.053115845, -163.660522461], [-437.822937012, -71.2894287109, 346.829711914, 117.199859619, 55.7681427002, 101.110519409, 58.7195739746, 26.5130958557, 26.8857803345, -4.06597185135, -5.42720985413, -8.48089790344, -8.50907325745], [-62.285533905, 77.3916931152, 117.199859619, 151.901168823, 59.474899292, 53.5862197876, 25.0256729126, 18.3161029816, 6.9390130043, -12.746088028, -16.0797805786, -13.831700325, -19.1879062653], [-502.839447021, -104.157089233, 55.7681427002, 59.474899292, 145.376068115, 61.6452865601, 71.33543396, 20.0299396515, 32.4782485962, 12.5040569305, 19.5732822418, 16.0746212006, 14.8910608292], [-427.042785645, -128.741088867, 101.110519409, 53.5862197876, 61.6452865601, 140.907012939, 67.8655776978, 31.6944160461, 26.2889270782, 14.2119836807, 10.7680883408, 2.9409058094, 4.41920900345], [-845.227355957, -256.46395874, 58.7195739746, 25.0256729126, 71.33543396, 67.8655776978, 168.458633423, 59.4490394592, 57.3607292175, 18.2180366516, 33.1796951294, 26.685749054, 27.6646690369], [-224.60987854, -88.7216796875, 26.5130958557, 18.3161029816, 20.0299396515, 31.6944160461, 59.4490394592, 97.0033035278, 40.8020896912, 7.45169830322, -0.390223026276, 2.92335534096, 4.57265901566], [-460.059692383, -110.156921387, 26.8857803345, 6.9390130043, 32.4782485962, 26.2889270782, 57.3607292175, 40.8020896912, 109.871917725, 31.2516937256, 10.922039032, 13.9132480621, 16.1203212738], [-268.324523926, -150.886291504, -4.06597185135, -12.746088028, 12.5040569305, 14.2119836807, 18.2180366516, 7.45169830322, 31.2516937256, 89.7413406372, 51.2472915649, 27.9746646881, 27.5014381409], [-464.508850098, -207.014480591, -5.42720985413, -16.0797805786, 19.5732822418, 10.7680883408, 33.1796951294, -0.390223026276, 10.922039032, 51.2472915649, 112.435745239, 55.4935836792, 41.784828186], [-362.109313965, -194.053115845, -8.48089790344, -13.831700325, 16.0746212006, 2.9409058094, 26.685749054, 2.92335534096, 13.9132480621, 27.9746646881, 55.4935836792, 105.500923157, 52.2037277222], [-417.367706299, -163.660522461, -8.50907325745, -19.1879062653, 14.8910608292, 4.41920900345, 27.6646690369, 4.57265901566, 16.1203212738, 27.5014381409, 41.784828186, 52.2037277222, 93.9850311279]],
