{
"lowlevel": {
    "average_loudness": 0.069823987782,
    "barkbands_crest": {
        "dmean": 1.99433302879,
        "dmean2": 3.04885530472,
        "dvar": 3.28675460815,
        "dvar2": 8.03634262085,
        "max": 24.9611225128,
        "mean": 11.0422878265,
        "median": 10.4319763184,
        "min": 3.04030036926,
        "var": 14.9590559006
    },
    "barkbands_flatness_db": {
        "dmean": 0.0191034320742,
        "dmean2": 0.031117927283,
        "dvar": 0.000256296771113,
        "dvar2": 0.000699520809576,
        "max": 0.454589396715,
        "mean": 0.237822070718,
        "median": 0.235708430409,
        "min": 0.0621586926281,
        "var": 0.00195615296252
    },
    "barkbands_kurtosis": {
        "dmean": 1.89723014832,
        "dmean2": 3.05893754959,
        "dvar": 28.0143508911,
        "dvar2": 92.7758865356,
        "max": 207.830612183,
        "mean": 3.70747280121,
        "median": 2.18236112595,
        "min": -1.73259067535,
        "var": 56.7597503662
    },
    "barkbands_skewness": {
        "dmean": 0.38136395812,
        "dmean2": 0.611333787441,
        "dvar": 0.157031938434,
        "dvar2": 0.455357193947,
        "max": 12.4231672287,
        "mean": 1.09871351719,
        "median": 1.05401551723,
        "min": -3.63907384872,
        "var": 1.1703119278
    },
    "barkbands_spread": {
        "dmean": 2.3248193264,
        "dmean2": 3.59075164795,
        "dvar": 5.63036251068,
        "dvar2": 13.503027916,
        "max": 69.7438049316,
        "mean": 11.6337862015,
        "median": 9.95536613464,
        "min": 0.716933131218,
        "var": 48.1874465942
    },
    "dissonance": {
        "dmean": 0.0291189718992,
        "dmean2": 0.0486178696156,
        "dvar": 0.000688842381351,
        "dvar2": 0.00187818112317,
        "max": 0.499838262796,
        "mean": 0.411417394876,
        "median": 0.420728087425,
        "min": 0.112956881523,
        "var": 0.00268850056455
    },
    "dynamic_complexity": 5.27810192108,
    "erbbands_crest": {
        "dmean": 2.46432518959,
        "dmean2": 3.74397087097,
        "dvar": 5.40025854111,
        "dvar2": 12.5580921173,
        "max": 34.5688819885,
        "mean": 12.1613073349,
        "median": 10.932220459,
        "min": 2.11400222778,
        "var": 27.4371051788
    },
    "erbbands_flatness_db": {
        "dmean": 0.0115661481395,
        "dmean2": 0.0167824700475,
        "dvar": 0.000104159880721,
        "dvar2": 0.000218746368773,
        "max": 0.49396494031,
        "mean": 0.277160316706,
        "median": 0.273104190826,
        "min": 0.0866829156876,
        "var": 0.00189642736223
    },
    "erbbands_kurtosis": {
        "dmean": 0.903551459312,
        "dmean2": 1.34698665142,
        "dvar": 2.68974328041,
        "dvar2": 4.68973731995,
        "max": 173.37953186,
        "mean": 0.938073813915,
        "median": 0.176306605339,
        "min": -1.76291680336,
        "var": 11.65026474
    },
    "erbbands_skewness": {
        "dmean": 0.306184142828,
        "dmean2": 0.446857899427,
        "dvar": 0.0784947648644,
        "dvar2": 0.166309043765,
        "max": 4.86590337753,
        "mean": 0.660969555378,
        "median": 0.674046516418,
        "min": -2.69460988045,
        "var": 0.56511515379
    },
    "erbbands_spread": {
        "dmean": 3.49455857277,
        "dmean2": 5.21472883224,
        "dvar": 11.9147510529,
        "dvar2": 27.1232757568,
        "max": 114.28401947,
        "mean": 22.4400787354,
        "median": 21.6169090271,
        "min": 0.529579877853,
        "var": 125.624382019
    },
    "hfc": {
        "dmean": 2.07483267784,
        "dmean2": 2.79768013954,
        "dvar": 26.752571106,
        "dvar2": 42.301158905,
        "max": 427.294281006,
        "mean": 9.9584941864,
        "median": 5.1681804657,
        "min": 1.0891695575e-16,
        "var": 255.154769897
    },
    "melbands_crest": {
        "dmean": 2.6145503521,
        "dmean2": 3.93312430382,
        "dvar": 6.05642843246,
        "dvar2": 14.838435173,
        "max": 37.8247528076,
        "mean": 15.0219888687,
        "median": 14.1516113281,
        "min": 1.54231619835,
        "var": 29.1491794586
    },
    "melbands_flatness_db": {
        "dmean": 0.015480093658,
        "dmean2": 0.0222755055875,
        "dvar": 0.000201168644708,
        "dvar2": 0.000453844346339,
        "max": 0.518845319748,
        "mean": 0.270758897066,
        "median": 0.269989550114,
        "min": 0.00261790421791,
        "var": 0.00349178747274
    },
    "melbands_kurtosis": {
        "dmean": 3.31446051598,
        "dmean2": 5.22006416321,
        "dvar": 178.003356934,
        "dvar2": 560.374328613,
        "max": 670.382080078,
        "mean": 7.60412883759,
        "median": 4.87828159332,
        "min": -1.77104306221,
        "var": 321.748931885
    },
    "melbands_skewness": {
        "dmean": 0.421534091234,
        "dmean2": 0.636529684067,
        "dvar": 0.257840037346,
        "dvar2": 0.689846694469,
        "max": 21.7383613586,
        "mean": 1.77717208862,
        "median": 1.70019459724,
        "min": -3.77699565887,
        "var": 1.69318246841
    },
    "melbands_spread": {
        "dmean": 3.07282090187,
        "dmean2": 4.56934309006,
        "dvar": 14.9748573303,
        "dvar2": 34.1940460205,
        "max": 187.001205444,
        "mean": 15.1160793304,
        "median": 12.1064758301,
        "min": 0.775034487247,
        "var": 152.435256958
    },
    "pitch_salience": {
        "dmean": 0.0533880405128,
        "dmean2": 0.0839436501265,
        "dvar": 0.00217971554957,
        "dvar2": 0.00552904885262,
        "max": 0.931849420071,
        "mean": 0.52881193161,
        "median": 0.529024302959,
        "min": 0.104270368814,
        "var": 0.0112768439576
    },
    "silence_rate_20dB": {
        "dmean": 0,
        "dmean2": 0,
        "dvar": 0,
        "dvar2": 0,
        "max": 1,
        "mean": 1,
        "median": 1,
        "min": 1,
        "var": 0
    },
    "silence_rate_30dB": {
        "dmean": 0.00180771609303,
        "dmean2": 0.0036156042479,
        "dvar": 0.00180466508027,
        "dvar2": 0.0043645366095,
        "max": 1,
        "mean": 0.997383713722,
        "median": 1,
        "min": 0,
        "var": 0.00260977819562
    },
    "silence_rate_60dB": {
        "dmean": 0.034061178565,
        "dmean2": 0.0681255981326,
        "dvar": 0.0329007431865,
        "dvar2": 0.0729977935553,
        "max": 1,
        "mean": 0.274997621775,
        "median": 0,
        "min": 0,
        "var": 0.199404031038
    },
    "spectral_centroid": {
        "dmean": 113.08417511,
        "dmean2": 165.462432861,
        "dvar": 21038.3046875,
        "dvar2": 42713.9765625,
        "max": 11791.3720703,
        "mean": 973.190002441,
        "median": 799.574584961,
        "min": 251.932540894,
        "var": 613703.6875
    },
    "spectral_complexity": {
        "dmean": 1.30364871025,
        "dmean2": 2.17373919487,
        "dvar": 1.71114969254,
        "dvar2": 4.21670103073,
        "max": 43,
        "mean": 10.4946250916,
        "median": 10,
        "min": 0,
        "var": 31.3196201324
    },
    "spectral_decrease": {
        "dmean": 7.45615513775e-10,
        "dmean2": 1.00066610553e-09,
        "dvar": 1.65542177405e-18,
        "dvar2": 2.84208753279e-18,
        "max": 1.89123515903e-28,
        "mean": -3.57370244508e-09,
        "median": -1.86137605329e-09,
        "min": -4.70614160974e-08,
        "var": 1.97827307614e-17
    },
    "spectral_energy": {
        "dmean": 0.00298087578267,
        "dmean2": 0.00399590097368,
        "dvar": 2.68858093477e-05,
        "dvar2": 4.57963251392e-05,
        "max": 0.197437927127,
        "mean": 0.0143911251798,
        "median": 0.00756710488349,
        "min": 1.01436140697e-20,
        "var": 0.000322913314449
    },
    "spectral_energyband_high": {
        "dmean": 5.22060799995e-05,
        "dmean2": 7.84874500823e-05,
        "dvar": 1.6051728835e-07,
        "dvar2": 3.37264481232e-07,
        "max": 0.0391083918512,
        "mean": 0.000127336126752,
        "median": 2.15546097024e-05,
        "min": 7.08943868159e-21,
        "var": 4.62823805947e-07
    },
    "spectral_energyband_low": {
        "dmean": 0.00026344312937,
        "dmean2": 0.000407092447858,
        "dvar": 5.21729020875e-07,
        "dvar2": 1.17660727028e-06,
        "max": 0.0493704080582,
        "mean": 0.000832062389236,
        "median": 0.00018835789524,
        "min": 1.05084942157e-23,
        "var": 4.19611205871e-06
    },
    "spectral_energyband_middle_high": {
        "dmean": 0.0010054797167,
        "dmean2": 0.001435065642,
        "dvar": 7.26060761735e-06,
        "dvar2": 1.2401422282e-05,
        "max": 0.190972864628,
        "mean": 0.00356390792876,
        "median": 0.00152168993372,
        "min": 1.25367915711e-21,
        "var": 4.88403093186e-05
    },
    "spectral_energyband_middle_low": {
        "dmean": 0.00249576638453,
        "dmean2": 0.00334827927873,
        "dvar": 1.99047935894e-05,
        "dvar2": 3.55808806489e-05,
        "max": 0.153823971748,
        "mean": 0.0100659318268,
        "median": 0.00440070126206,
        "min": 1.20123005482e-22,
        "var": 0.000184046977665
    },
    "spectral_entropy": {
        "dmean": 0.118721924722,
        "dmean2": 0.170660927892,
        "dvar": 0.0123186325654,
        "dvar2": 0.0250385776162,
        "max": 9.81718063354,
        "mean": 6.50377941132,
        "median": 6.51136493683,
        "min": 4.38785219193,
        "var": 0.222138375044
    },
    "spectral_flux": {
        "dmean": 0.00982681848109,
        "dmean2": 0.0165875703096,
        "dvar": 0.000154273249791,
        "dvar2": 0.000444203760708,
        "max": 0.309129953384,
        "mean": 0.0381082333624,
        "median": 0.0299213826656,
        "min": 6.28051430307e-11,
        "var": 0.000829867611174
    },
    "spectral_kurtosis": {
        "dmean": 5.86760997772,
        "dmean2": 10.3350038528,
        "dvar": 30.4836807251,
        "dvar2": 91.4149398804,
        "max": 112.42490387,
        "mean": 11.7027482986,
        "median": 9.14586448669,
        "min": -1.28569233418,
        "var": 95.3816299438
    },
    "spectral_rms": {
        "dmean": 0.000335843855282,
        "dmean2": 0.000451838015579,
        "dvar": 1.58345557111e-07,
        "dvar2": 2.80862877844e-07,
        "max": 0.0138788456097,
        "mean": 0.00318390806206,
        "median": 0.00271708308719,
        "min": 3.14582409601e-12,
        "var": 3.90289778807e-06
    },
    "spectral_rolloff": {
        "dmean": 190.475234985,
        "dmean2": 326.729003906,
        "dvar": 112231.929688,
        "dvar2": 243042.1875,
        "max": 19616.7480469,
        "mean": 1117.44799805,
        "median": 882.861328125,
        "min": 21.533203125,
        "var": 1569274.75
    },
    "spectral_skewness": {
        "dmean": 0.474977076054,
        "dmean2": 0.828196167946,
        "dvar": 0.158235326409,
        "dvar2": 0.472942024469,
        "max": 8.71025085449,
        "mean": 2.1709280014,
        "median": 1.96952259541,
        "min": -0.107433825731,
        "var": 0.940750896931
    },
    "spectral_spread": {
        "dmean": 209019.828125,
        "dmean2": 352339.28125,
        "dvar": 167936131072,
        "dvar2": 373982560256,
        "max": 45886632,
        "mean": 2438865.25,
        "median": 2275109.75,
        "min": 706027.1875,
        "var": 5.36834998272e+12
    },
    "spectral_strongpeak": {
        "dmean": 0.410717129707,
        "dmean2": 0.663075745106,
        "dvar": 0.703353822231,
        "dvar2": 1.7440662384,
        "max": 35.9975624084,
        "mean": 1.15983772278,
        "median": 0.793924808502,
        "min": 0,
        "var": 1.80784106255
    },
    "zerocrossingrate": {
        "dmean": 0.00406891759485,
        "dmean2": 0.0050293202512,
        "dvar": 2.01542152354e-05,
        "dvar2": 2.61709592451e-05,
        "max": 0.525390625,
        "mean": 0.0408658087254,
        "median": 0.03515625,
        "min": 0.0029296875,
        "var": 0.00111400941387
    },
    "barkbands": {
        "dmean": [0.000118385512906, 0.000121032149764, 0.000100625016785, 0.00017562341236, 0.00069583451841, 0.000925508851651, 0.00106068269815, 0.000650278059766, 0.000246710900683, 0.000421092554461, 0.000317111058393, 0.000202107097721, 0.000151031432324, 0.000121681216115, 0.000120407850773, 0.000198286972591, 8.11589197838e-05, 0.000132066663355, 5.1890303439e-05, 4.86223179905e-05, 1.86170200323e-05, 8.85363351699e-06, 2.74208150586e-06, 9.87968292065e-07, 1.56075074642e-07, 4.61537336127e-10, 4.90392004782e-10],
        "dmean2": [0.00022791189258, 0.000181379742571, 0.000156681577209, 0.000247938733082, 0.000962872582022, 0.00124921975657, 0.00141584605444, 0.000914321804885, 0.000355482741725, 0.000629130750895, 0.000458649417851, 0.000293195393169, 0.000226575983106, 0.000191041763173, 0.000187929195818, 0.000289678428089, 0.000125849546748, 0.000203968724236, 7.93769140728e-05, 7.12852197466e-05, 2.82790642814e-05, 1.36934650072e-05, 4.16887678512e-06, 1.5283611674e-06, 2.50811837077e-07, 8.49324666152e-10, 9.02388719304e-10],
        "dvar": [1.06329753891e-08, 1.60454376896e-07, 1.70092462781e-07, 4.56581290109e-07, 2.65256585408e-06, 4.79139498566e-06, 7.3698961387e-06, 3.62461582881e-06, 3.97168150812e-07, 1.90029606983e-06, 1.00440536244e-06, 7.2943549867e-07, 7.21813250948e-07, 3.83284543659e-07, 1.31472233988e-07, 1.51985841512e-06, 1.00443912743e-07, 3.47916937926e-07, 5.81085792817e-08, 1.29356465095e-07, 2.39116690892e-08, 1.8592066775e-09, 1.89362997505e-10, 3.32951131943e-11, 5.02739939522e-13, 1.09183725633e-18, 1.22980064275e-18],
        "dvar2": [3.69752299889e-08, 3.18662330301e-07, 3.61061040621e-07, 9.57681891123e-07, 4.96356733493e-06, 8.6578702394e-06, 1.21048515211e-05, 7.28771465219e-06, 9.05673516627e-07, 3.55745623892e-06, 1.94368840312e-06, 1.42065027831e-06, 1.61267303156e-06, 8.87118858373e-07, 3.27356502794e-07, 2.19980029215e-06, 2.16154191435e-07, 8.19407375729e-07, 1.19391515341e-07, 2.23422929935e-07, 5.33804573877e-08, 4.81113415773e-09, 4.25874280285e-10, 8.10492922776e-11, 1.3007520408e-12, 3.46900668507e-18, 3.90728688507e-18],
        "max": [0.0017675308045, 0.0350381396711, 0.0438756942749, 0.0368764176965, 0.0593517459929, 0.08932621032, 0.127546399832, 0.0607898235321, 0.0192898474634, 0.128329768777, 0.0627264380455, 0.0693870931864, 0.0421326979995, 0.0292157214135, 0.0107492851093, 0.155121386051, 0.0261421240866, 0.0312143526971, 0.0135401654989, 0.0480091460049, 0.0174883827567, 0.00190426164772, 0.00109778437763, 0.000521564856172, 3.49162182829e-05, 2.59505252842e-08, 2.7270592895e-08],
        "mean": [0.000165519813891, 0.000351918686647, 0.00022514956072, 0.000544263573829, 0.00244834343903, 0.0025586518459, 0.00242775585502, 0.00136650784407, 0.00053026288515, 0.000870062562171, 0.000598492042627, 0.000450674298918, 0.000307745998725, 0.000232352802414, 0.000216249027289, 0.000412120687542, 0.000155323403305, 0.000247568066698, 0.0001096901251, 0.000106882078398, 3.84445229429e-05, 1.88423691725e-05, 6.04152410233e-06, 2.09739550883e-06, 2.32667815681e-07, 3.69195479744e-10, 3.91166404823e-10],
        "median": [0.000143427227158, 4.55678746221e-05, 2.42387031903e-05, 2.35989245994e-05, 0.000489403610118, 0.000634638301563, 0.000646516447887, 0.000304372282699, 0.000168912811205, 0.000232400576351, 0.000119081327284, 7.40904943086e-05, 3.63143626601e-05, 3.20914114127e-05, 4.06151302741e-05, 7.04970079823e-05, 2.6753919883e-05, 3.34193355229e-05, 1.79009330168e-05, 1.35985064844e-05, 4.63972173748e-06, 2.07162565857e-06, 8.0382676515e-07, 3.79016796614e-07, 2.77266529736e-08, 7.55202983482e-11, 7.88671489227e-11],
        "min": [5.92998131634e-25, 1.51104639926e-24, 1.5619363093e-24, 5.43048888926e-25, 7.78956993214e-24, 1.10109654801e-23, 9.715643252e-24, 5.60756489108e-24, 1.56825453295e-23, 1.19412454798e-23, 1.14714054467e-23, 3.74458103767e-23, 1.97080583526e-23, 3.95664136403e-23, 3.49499238923e-23, 6.01169691288e-23, 5.43527688052e-23, 9.07695858617e-23, 1.38686846335e-22, 2.07817491628e-22, 2.36049472896e-22, 3.03171993869e-22, 3.90021060938e-22, 5.30362672395e-22, 8.44688629349e-22, 1.26406707946e-21, 1.86901378627e-21],
        "var": [1.23020234e-08, 1.90815421774e-06, 6.48100410672e-07, 4.22580387749e-06, 2.85107398668e-05, 2.91226333502e-05, 3.10355972033e-05, 1.16198889373e-05, 1.13932821932e-06, 6.96854613125e-06, 3.28721580445e-06, 2.64513801085e-06, 1.96344194592e-06, 8.06455375368e-07, 3.18242030062e-07, 4.92100343763e-06, 2.42393866756e-07, 7.68735390011e-07, 1.62585550356e-07, 5.68100404053e-07, 5.8467332309e-08, 5.07721731324e-09, 4.79183803748e-10, 5.72486190398e-11, 8.85615853655e-13, 8.72839638197e-19, 9.81222942511e-19]
    },
    "erbbands": {
        "dmean": [0.00369266979396, 0.0285103227943, 0.103019572794, 0.341504991055, 1.16786539555, 2.61979389191, 6.56467103958, 6.85296869278, 12.9628553391, 17.4850387573, 10.1506261826, 5.9407954216, 8.18098449707, 16.8838634491, 11.8189020157, 7.53786563873, 7.85182237625, 6.2976641655, 5.55480623245, 5.57733345032, 10.6964673996, 4.78929185867, 6.81563615799, 3.10496354103, 2.14267373085, 2.58649778366, 1.27443754673, 0.348685085773, 0.321391254663, 0.116654865444, 0.0682761147618, 0.029936676845, 0.012956908904, 0.00281314598396, 7.893244765e-05, 5.17598255101e-06, 1.69892109625e-06, 5.62412310501e-07, 1.52336372139e-06, 3.43549163517e-06],
        "dmean2": [0.00620567379519, 0.0408773683012, 0.156395331025, 0.501235067844, 1.58894562721, 3.57297801971, 8.9476518631, 9.3362197876, 16.9791641235, 24.6644878387, 13.9572076797, 8.50683689117, 12.1734819412, 24.6053466797, 17.1717834473, 11.0470371246, 11.7882823944, 9.87562274933, 8.45427322388, 8.84702205658, 15.3935928345, 7.29806232452, 10.4654979706, 4.69897174835, 3.32488322258, 3.77731132507, 1.93695163727, 0.515950143337, 0.48758649826, 0.1803034693, 0.103963397443, 0.0445996671915, 0.0202662777156, 0.00447714654729, 0.00012494569819, 7.96545373305e-06, 2.53850453191e-06, 8.59616875459e-07, 2.02560522666e-06, 4.59412058262e-06],
        "dvar": [0.000148912760778, 0.0093627916649, 0.17120860517, 1.38935101032, 11.1780433655, 42.595489502, 327.108947754, 286.256164551, 1281.04516602, 2362.70141602, 863.07208252, 277.944641113, 618.476806641, 3576.53198242, 2045.20617676, 773.252258301, 2096.13061523, 1114.03771973, 336.210906982, 307.473358154, 5880.94726562, 289.490905762, 1025.7755127, 182.962173462, 68.471031189, 541.74822998, 79.5768890381, 4.54030370712, 2.39904904366, 0.346622377634, 0.097728304565, 0.0399703793228, 0.00380805949681, 0.000124513913761, 9.24625283005e-08, 2.22180107645e-10, 1.4513367938e-11, 2.21146538582e-12, 7.86476179321e-12, 3.69617496332e-11],
        "dvar2": [0.000394244823838, 0.0168730057776, 0.356202065945, 3.43763971329, 19.1023406982, 79.4932174683, 605.293457031, 511.267456055, 1961.91174316, 4815.09033203, 1661.68579102, 654.510986328, 1287.54443359, 6266.97607422, 3548.54833984, 1751.71765137, 4750.75244141, 2594.82641602, 761.57611084, 759.346862793, 8749.43945312, 569.508483887, 2324.40844727, 343.065185547, 163.481292725, 923.430236816, 177.024230957, 9.06979560852, 5.47954511642, 0.855830729008, 0.232821181417, 0.0956046134233, 0.00960635393858, 0.000319654296618, 2.33575065067e-07, 5.12871023428e-10, 2.81810876718e-11, 4.01278446235e-12, 1.28359068166e-11, 6.20767673376e-11],
        "max": [1.07727575302, 7.72858142853, 40.840045929, 53.6788444519, 154.822647095, 259.419799805, 755.241699219, 886.434631348, 1654.47937012, 1327.38342285, 1191.22009277, 599.447692871, 2153.4284668, 6976.30419922, 3910.46948242, 1223.16491699, 2358.05810547, 1628.95263672, 550.444152832, 835.871948242, 9708.7265625, 1400.23217773, 1679.88110352, 780.798156738, 422.019165039, 3154.30957031, 913.92010498, 231.327926636, 63.7814292908, 36.0193099976, 20.4975070953, 18.6020126343, 4.37118768692, 0.482516527176, 0.011653742753, 0.000688894186169, 0.000242215741309, 0.000111518762424, 0.000152837805217, 0.000273676472716],
        "mean": [0.00823572371155, 0.0883747562766, 0.266039788723, 1.03731572628, 3.92174911499, 9.72194099426, 18.5072021484, 18.2734260559, 30.9799785614, 36.5364303589, 23.9908466339, 13.4701547623, 16.918132782, 35.301071167, 24.6131782532, 18.2167186737, 16.9713134766, 12.5862045288, 11.9378156662, 11.9179735184, 22.81640625, 11.2010955811, 13.3343877792, 6.97636032104, 4.86633729935, 5.69161176682, 2.70163273811, 0.851139843464, 0.674615442753, 0.278328239918, 0.153041303158, 0.0687099173665, 0.0278847888112, 0.00557573279366, 0.0001759736042, 1.98066827579e-05, 7.63684420235e-06, 2.2571257432e-06, 7.6154205999e-06, 1.678321496e-05],
        "median": [0.00203240057454, 0.00874466635287, 0.0344066880643, 0.116949893534, 0.473462492228, 1.45985591412, 3.57709693909, 4.9998550415, 8.01403999329, 9.18469715118, 6.6573767662, 4.66621589661, 5.5765953064, 7.97979736328, 5.53878974915, 4.01138114929, 2.74766397476, 2.37889671326, 2.32474708557, 3.3512597084, 4.01631784439, 2.69836711884, 2.13082885742, 1.34187197685, 0.918397426605, 0.742366790771, 0.38424706459, 0.142519801855, 0.0875608175993, 0.0355741903186, 0.0212271250784, 0.0117779895663, 0.00484493467957, 0.000941427540965, 3.88519183616e-05, 8.78842092789e-06, 3.98556221626e-06, 1.06567460989e-06, 4.11917881138e-06, 8.95745324669e-06],
        "min": [5.37654082187e-23, 6.02207074933e-22, 2.83781292996e-21, 3.97510165584e-21, 9.67624490675e-21, 2.50419511577e-20, 3.93441996012e-20, 6.86413536225e-20, 1.22757700032e-19, 2.0179783194e-19, 1.48351404892e-19, 4.21918464081e-19, 5.85467322326e-19, 7.21365135355e-19, 1.13567183174e-18, 1.09242476136e-18, 1.36186571441e-18, 1.83498045456e-18, 1.56100334643e-18, 2.61172662439e-18, 3.37064270933e-18, 3.44107196861e-18, 4.70117347797e-18, 7.36256836903e-18, 8.52662573067e-18, 1.02484931656e-17, 1.0243549107e-17, 1.01326547926e-17, 1.05289818395e-17, 1.12941123256e-17, 1.1849491315e-17, 1.06910960046e-17, 1.04356700761e-17, 7.01373803291e-18, 6.48166692519e-18, 4.49860521776e-18, 2.1670589357e-18, 8.69805332915e-19, 2.62137361828e-19, 2.51995839944e-20],
        "var": [0.00130595627706, 0.111984908581, 0.827879428864, 10.0839443207, 127.887901306, 448.424835205, 2021.25256348, 1549.4564209, 5723.00878906, 6646.48388672, 3386.84985352, 760.526428223, 1794.6138916, 16353.3574219, 5893.11279297, 3031.61572266, 5709.59472656, 2267.12060547, 1157.45861816, 897.05871582, 18651.6015625, 1175.49609375, 2291.28881836, 608.940795898, 201.105453491, 2413.20581055, 222.433944702, 13.2056922913, 6.68110132217, 1.0943903923, 0.253561288118, 0.0712732821703, 0.00846954714507, 0.0003161074128, 2.60919875927e-07, 1.42300116135e-09, 1.42559131167e-10, 1.86443135236e-11, 9.69195834699e-11, 4.48006215459e-10]
    },
    "gfcc": {
        "mean": [-140.081039429, 167.642501831, -172.427200317, 20.1345462799, -70.9143371582, -15.7368755341, -25.8805332184, -13.7804994583, 2.25130558014, -21.5089664459, 12.8641405106, -12.2787771225, 11.7594013214],
        "cov": [[11595.0175781, 166.356964111, -2302.53271484, 392.485015869, -187.776016235, -781.601806641, -184.587982178, -272.064331055, -88.6325073242, -122.039100647, -85.7789230347, -7.24348545074, -97.9388809204], [166.356964111, 1119.67553711, 569.052856445, -185.532501221, 185.918563843, -67.3699417114, -56.2736473083, -144.579818726, -111.201881409, -144.879669189, -125.507339478, -164.096328735, -61.3103752136], [-2302.53271484, 569.052856445, 1138.07006836, 15.1280517578, 125.694450378, 197.240646362, -22.4643001556, -41.6125411987, -67.1758728027, -89.1852874756, -103.84651947, -120.006088257, -12.5386800766], [392.485015869, -185.532501221, 15.1280517578, 483.043731689, 32.6992340088, 33.4677238464, -10.0164794922, 19.2472610474, -1.69665658474, -21.3763122559, -35.1406021118, -7.04236316681, 8.53594589233], [-187.776016235, 185.918563843, 125.694450378, 32.6992340088, 220.668838501, -0.921352386475, -5.39178466797, -17.7179374695, -25.8388137817, -21.0858821869, -45.7805137634, -44.1728363037, -38.8298301697], [-781.601806641, -67.3699417114, 197.240646362, 33.4677238464, -0.921352386475, 279.640411377, 58.4485626221, 59.09217453, 41.8473434448, 26.5139064789, 29.9976444244, 0.0432855859399, 9.92330265045], [-184.587982178, -56.2736473083, -22.4643001556, -10.0164794922, -5.39178466797, 58.4485626221, 156.468780518, 54.7238731384, -5.49228620529, 17.2511425018, 14.4697980881, 21.518529892, -8.88833522797], [-272.064331055, -144.579818726, -41.6125411987, 19.2472610474, -17.7179374695, 59.09217453, 54.7238731384, 148.679718018, 75.7814025879, 36.5589637756, 42.682308197, 20.4688930511, 12.3786172867], [-88.6325073242, -111.201881409, -67.1758728027, -1.69665658474, -25.8388137817, 41.8473434448, -5.49228620529, 75.7814025879, 143.709640503, 77.364151001, 33.4492149353, 23.6245040894, 6.95039463043], [-122.039100647, -144.879669189, -89.1852874756, -21.3763122559, -21.0858821869, 26.5139064789, 17.2511425018, 36.5589637756, 77.364151001, 139.234008789, 78.9639053345, 16.0596733093, 1.85501921177], [-85.7789230347, -125.507339478, -103.84651947, -35.1406021118, -45.7805137634, 29.9976444244, 14.4697980881, 42.682308197, 33.4492149353, 78.9639053345, 134.506896973, 63.0300827026, 4.51598119736], [-7.24348545074, -164.096328735, -120.006088257, -7.04236316681, -44.1728363037, 0.0432855859399, 21.518529892, 20.4688930511, 23.6245040894, 16.0596733093, 63.0300827026, 121.584228516, 49.6980323792], [-97.9388809204, -61.3103752136, -12.5386800766, 8.53594589233, -38.8298301697, 9.92330265045, -8.88833522797, 12.3786172867, 6.95039463043, 1.85501921177, 4.51598119736, 49.6980323792, 101.851371765]],
        "icov": [[0.000332740950398, -0.000693287409376, 0.00100040412508, -0.000577002239879, 0.000527443480678, -3.71616515622e-05, 0.00033810842433, 5.9232388594e-06, 0.000302661705064, -0.000293607881758, 0.000568711082451, -0.000318663602229, 0.000422600831371], [-0.000693287409376, 0.00410011596978, -0.0031393521931, 0.00212828209624, -0.00276700267568, 0.00153689307626, -0.00243582599796, 0.00300194858573, -0.0035326865036, 0.0048484345898, -0.00466843741015, 0.00497038383037, -0.0026109633036], [0.00100040412508, -0.0031393521931, 0.00475265784189, -0.0019672261551, 0.00174316030461, -0.00185727840289, 0.00203088973649, -0.000994374742731, 0.00237846537493, -0.00205262750387, 0.00332529866137, -0.00169481325429, 0.00152038456872], [-0.000577002239879, 0.00212828209624, -0.0019672261551, 0.00355875608511, -0.00174754986074, 3.89031920349e-05, -0.000480912276544, 0.000154596127686, -0.000824322574772, 0.00157592596952, -0.000928333844058, 0.00144224241376, -0.00117994030006], [0.000527443480678, -0.00276700267568, 0.00174316030461, -0.00174754986074, 0.0075114313513, -0.00096653343644, 0.00231281830929, -0.0028138589114, 0.00388908642344, -0.0047484850511, 0.00565761560574, -0.00409863004461, 0.00427441252396], [-3.71616515622e-05, 0.00153689307626, -0.00185727840289, 3.89031920349e-05, -0.00096653343644, 0.00641634548083, -0.00367565499619, 0.00193408527412, -0.0043202904053, 0.00373589457013, -0.00496891094372, 0.00414262060076, -0.00246622506529], [0.00033810842433, -0.00243582599796, 0.00203088973649, -0.000480912276544, 0.00231281830929, -0.00367565499619, 0.0128376800567, -0.0088371867314, 0.00982741452754, -0.00908271130174, 0.00951413623989, -0.00943411048502, 0.00625967280939], [5.9232388594e-06, 0.00300194858573, -0.000994374742731, 0.000154596127686, -0.0028138589114, 0.00193408527412, -0.0088371867314, 0.0184747483581, -0.0141753759235, 0.0117464093491, -0.0124683082104, 0.0108746150509, -0.00660036923364], [0.000302661705064, -0.0035326865036, 0.00237846537493, -0.000824322574772, 0.00388908642344, -0.0043202904053, 0.00982741452754, -0.0141753759235, 0.023518556729, -0.0183800477535, 0.0153095414862, -0.0136167109013, 0.00770568381995], [-0.000293607881758, 0.0048484345898, -0.00205262750387, 0.00157592596952, -0.0047484850511, 0.00373589457013, -0.00908271130174, 0.0117464093491, -0.0183800477535, 0.0282311141491, -0.0218404382467, 0.0172846615314, -0.00886859651655], [0.000568711082451, -0.00466843741015, 0.00332529866137, -0.000928333844058, 0.00565761560574, -0.00496891094372, 0.00951413623989, -0.0124683082104, 0.0153095414862, -0.0218404382467, 0.0302044339478, -0.021003793925, 0.0114730270579], [-0.000318663602229, 0.00497038383037, -0.00169481325429, 0.00144224241376, -0.00409863004461, 0.00414262060076, -0.00943411048502, 0.0108746150509, -0.0136167109013, 0.0172846615314, -0.021003793925, 0.0287427287549, -0.0142343202606], [0.000422600831371, -0.0026109633036, 0.00152038456872, -0.00117994030006, 0.00427441252396, -0.00246622506529, 0.00625967280939, -0.00660036923364, 0.00770568381995, -0.00886859651655, 0.0114730270579, -0.0142343202606, 0.018229842186]]
    },
    "melbands": {
        "dmean": [3.44972249877e-05, 4.64923905383e-05, 7.50257968321e-05, 0.000137964176247, 0.000198833819013, 0.000159756513312, 0.000206417025765, 0.000182196905371, 7.64712967793e-05, 3.57746903319e-05, 4.06584513257e-05, 6.88092186465e-05, 4.12632507505e-05, 2.48895485129e-05, 1.6018298993e-05, 1.60214603966e-05, 1.1509122487e-05, 8.51400727697e-06, 8.78196169651e-06, 8.35185073811e-06, 1.49431180034e-05, 4.46287458544e-06, 9.16421413422e-06, 4.06498429584e-06, 2.76950027001e-06, 1.58349030244e-06, 1.83113161256e-06, 1.91251228898e-06, 8.69969426276e-07, 4.63210511725e-07, 2.03912108532e-07, 2.48871856456e-07, 9.50989260673e-08, 6.76813485256e-08, 4.49369998989e-08, 3.35037242394e-08, 1.58334874101e-08, 1.10060351943e-08, 6.27243057494e-09, 1.32143940235e-09],
        "dmean2": [5.50855183974e-05, 6.91463865223e-05, 0.000106569212221, 0.000183899392141, 0.000273484445643, 0.000217245309614, 0.000271519762464, 0.000258008862147, 0.000104130696855, 5.17865955771e-05, 6.05318673479e-05, 0.000100514116639, 6.0723585193e-05, 3.61539023288e-05, 2.38012999034e-05, 2.43013219006e-05, 1.80954921234e-05, 1.28467927425e-05, 1.39696057886e-05, 1.30145845105e-05, 2.13794282899e-05, 6.94289064995e-06, 1.45656995301e-05, 6.04519982517e-06, 4.18388663093e-06, 2.46184572461e-06, 2.73730142908e-06, 2.86893032353e-06, 1.33081925924e-06, 6.88891930167e-07, 3.0644622484e-07, 3.80132945565e-07, 1.47558026242e-07, 1.04590526462e-07, 7.00432281064e-08, 5.03099784055e-08, 2.42548718887e-08, 1.73821099736e-08, 9.99242111277e-09, 2.08930450718e-09],
        "dvar": [1.11584235185e-08, 2.91418018605e-08, 5.77459466911e-08, 1.44378930145e-07, 2.55564401641e-07, 1.45706906096e-07, 3.14188440598e-07, 2.69087195193e-07, 5.21998586578e-08, 9.72666214238e-09, 1.61297482038e-08, 6.08705619243e-08, 1.92229041573e-08, 1.08050288716e-08, 4.86091611407e-09, 6.75803235595e-09, 3.83885456756e-09, 8.95233553955e-10, 6.75002276296e-10, 9.4846075438e-10, 1.41151250688e-08, 3.09447939495e-10, 2.0953230262e-09, 2.61773214216e-10, 1.70914130071e-10, 6.5777119862e-11, 1.28995036874e-10, 2.89562651634e-10, 2.43841613567e-11, 2.74318241733e-11, 1.24734825333e-12, 1.68091387164e-12, 1.85260810056e-13, 1.5507456159e-13, 5.92529700977e-14, 2.44360721301e-14, 1.14532567932e-14, 3.27729159864e-15, 6.9919674002e-16, 3.13529940258e-17],
        "dvar2": [2.4518604036e-08, 5.84714214824e-08, 1.21406358744e-07, 2.3205512889e-07, 4.90070704018e-07, 2.61274209379e-07, 4.84077304463e-07, 5.50023628421e-07, 9.86700072758e-08, 2.30922410083e-08, 3.32681580062e-08, 1.07826330975e-07, 3.75194986191e-08, 2.02213410461e-08, 1.0494346725e-08, 1.57822253044e-08, 8.92991902646e-09, 1.90656690435e-09, 1.77273584701e-09, 2.12534034816e-09, 2.03379624253e-08, 7.14175607541e-10, 5.11213960053e-09, 5.12390685437e-10, 3.1668537237e-10, 1.56891000191e-10, 2.27828311772e-10, 5.20078313748e-10, 5.36532172857e-11, 5.95493099276e-11, 2.46228623428e-12, 3.95856221067e-12, 4.23603860322e-13, 3.60159656005e-13, 1.46748498769e-13, 4.93734048058e-14, 2.81375569817e-14, 8.38616658484e-15, 1.84490467472e-15, 7.67685878606e-17],
        "max": [0.0102001875639, 0.0147778671235, 0.0123851280659, 0.0167102478445, 0.019565442577, 0.0179225113243, 0.0272307228297, 0.014261411503, 0.00981086865067, 0.0034633318428, 0.0110055347905, 0.0283266454935, 0.00935247913003, 0.00833066552877, 0.00334512372501, 0.00405397359282, 0.00289736222476, 0.00108156132046, 0.00078473018948, 0.00146022986155, 0.0152300735936, 0.00126282975543, 0.00235777511261, 0.000837681815028, 0.000756432127673, 0.000495379557833, 0.00120860093739, 0.00217153062113, 0.000333991309162, 0.000685071980115, 9.88476967905e-05, 5.64007532375e-05, 2.25985077122e-05, 2.63265646936e-05, 1.82365383807e-05, 1.23220424939e-05, 9.57052725425e-06, 3.92769925384e-06, 1.40070130783e-06, 2.04510286039e-07],
        "mean": [9.41143080126e-05, 0.000130726970383, 0.000236493215198, 0.00051840528613, 0.000587176065892, 0.000428979110438, 0.000488938181661, 0.000376143987523, 0.000179562615813, 7.66848024796e-05, 7.99910121714e-05, 0.000140760355862, 8.3169026766e-05, 5.56218910788e-05, 3.70692723664e-05, 3.28710048052e-05, 2.12393824768e-05, 1.79614271474e-05, 1.63413405971e-05, 1.72198269865e-05, 3.01837480947e-05, 8.827453712e-06, 1.71950414369e-05, 7.47154990677e-06, 5.6675075939e-06, 3.18274078381e-06, 3.72836689166e-06, 3.84410350307e-06, 1.65904191363e-06, 9.12672192044e-07, 4.12882116052e-07, 4.74077523904e-07, 1.93164822804e-07, 1.35379551125e-07, 8.58303579321e-08, 7.15362773462e-08, 2.99334033116e-08, 1.99424903258e-08, 1.22802834568e-08, 1.90641813447e-09],
        "median": [2.21129994316e-05, 1.47831096911e-05, 2.62417997874e-05, 6.21593790129e-05, 0.00013414726709, 0.000116929368232, 0.000127231352963, 9.41806210903e-05, 4.64600889245e-05, 2.44672919507e-05, 2.25813964789e-05, 2.77770413959e-05, 1.74245142261e-05, 1.04420478237e-05, 5.90640001974e-06, 4.77231060358e-06, 3.27272937284e-06, 2.75300590147e-06, 3.54083340426e-06, 3.61715729014e-06, 4.17913270212e-06, 1.71477540789e-06, 2.00050362764e-06, 1.02996148144e-06, 8.83144025465e-07, 4.90603895287e-07, 4.92939648211e-07, 3.79923392302e-07, 1.81787754627e-07, 1.06504309372e-07, 4.77104080687e-08, 4.6866080794e-08, 2.37482282728e-08, 1.36955318197e-08, 9.92274706846e-09, 9.22460685615e-09, 5.01392971586e-09, 2.94565705161e-09, 2.02361571944e-09, 2.1460347388e-10],
        "min": [7.32233363304e-25, 1.57997075428e-24, 1.27189286205e-24, 1.82761401255e-24, 1.76819720639e-24, 2.0860020494e-24, 2.05924585965e-24, 2.31916093399e-24, 7.90591173009e-25, 2.59351078239e-24, 2.71203949999e-24, 2.60851136694e-24, 2.19500093283e-24, 2.99254877434e-24, 1.821552997e-24, 2.21587399516e-24, 3.37154141625e-24, 2.35745973651e-24, 2.96733125778e-24, 3.2732564472e-24, 3.57203041531e-24, 3.14933783748e-24, 3.68777248175e-24, 3.68410270082e-24, 5.40068335768e-24, 5.07671987758e-24, 5.23789086583e-24, 5.87961264615e-24, 6.22356625602e-24, 5.20313247106e-24, 5.08701135695e-24, 5.24774294968e-24, 4.6672651746e-24, 5.02005718205e-24, 5.49014176205e-24, 5.9930622828e-24, 5.55069906387e-24, 6.68237840812e-24, 6.03250414477e-24, 5.54596392629e-24],
        "var": [1.33042405537e-07, 1.83263097142e-07, 5.16311445153e-07, 1.86884335562e-06, 1.57994736583e-06, 8.05394222425e-07, 1.40689564887e-06, 7.5020756185e-07, 2.11163595054e-07, 2.54301681935e-08, 4.71217056486e-08, 2.72952689784e-07, 5.58082327018e-08, 4.00407387247e-08, 1.64288049831e-08, 1.77886665398e-08, 7.76126540813e-09, 3.45469097773e-09, 1.66144076275e-09, 2.97685787132e-09, 4.47260184444e-08, 8.43896008629e-10, 4.52505677373e-09, 7.07215008777e-10, 5.2690474206e-10, 1.56942833729e-10, 3.33757854687e-10, 1.31465482944e-09, 7.14149780978e-11, 5.52349728455e-11, 3.26835520453e-12, 4.13741393576e-12, 5.40509477454e-13, 3.94393556442e-13, 1.08728882831e-13, 6.9856914578e-14, 1.65339018654e-14, 5.64710852001e-15, 1.61458127565e-15, 5.57504578912e-17]
    },
    "mfcc": {
        "mean": [-756.897827148, 173.800949097, -29.8456439972, 16.2013015747, -15.0811414719, -11.7500944138, -13.3711767197, -2.66451931, -6.53498125076, -2.7331507206, -8.56154155731, 2.89356017113, 3.70448851585],
        "cov": [[8610.66894531, -310.819946289, -1962.03894043, 791.723266602, -477.367431641, -52.4190864563, -488.315307617, -19.9105148315, -333.361083984, -17.3415412903, -247.211959839, 109.330253601, -109.160957336], [-310.819946289, 1295.15966797, 306.868896484, -66.9961929321, 162.039459229, -46.021774292, 92.8680801392, -121.346176147, -6.45126771927, -84.3409881592, -42.7148094177, -108.043823242, -97.7705841064], [-1962.03894043, 306.868896484, 894.316711426, -81.2953338623, 192.718475342, 97.1341781616, 131.717163086, 18.7967510223, 92.8488769531, -22.375541687, 17.946805954, -68.481010437, -15.800699234], [791.723266602, -66.9961929321, -81.2953338623, 373.29788208, 52.610824585, 24.2825469971, -30.766872406, 4.81374120712, -10.8624668121, -31.3564147949, -74.3608322144, -17.8983325958, -24.0337734222], [-477.367431641, 162.039459229, 192.718475342, 52.610824585, 243.704299927, 51.2053794861, 26.6305656433, -11.3092107773, 27.454870224, -3.88739800453, 0.310357570648, -20.9035148621, -21.4467258453], [-52.4190864563, -46.021774292, 97.1341781616, 24.2825469971, 51.2053794861, 150.40196228, 34.895942688, 11.3945531845, 20.1637363434, -3.0861685276, 7.85894680023, -7.95334434509, -5.48262882233], [-488.315307617, 92.8680801392, 131.717163086, -30.766872406, 26.6305656433, 34.895942688, 169.853103638, 29.2598896027, 13.6155109406, -5.70668888092, 20.0690612793, -10.8132696152, -4.99916601181], [-19.9105148315, -121.346176147, 18.7967510223, 4.81374120712, -11.3092107773, 11.3945531845, 29.2598896027, 138.846389771, 34.590675354, -4.92462253571, -5.34228467941, -1.7000387907, 26.2840633392], [-333.361083984, -6.45126771927, 92.8488769531, -10.8624668121, 27.454870224, 20.1637363434, 13.6155109406, 34.590675354, 137.811279297, 27.0667819977, 3.93143510818, -15.9807243347, 5.07669878006], [-17.3415412903, -84.3409881592, -22.375541687, -31.3564147949, -3.88739800453, -3.0861685276, -5.70668888092, -4.92462253571, 27.0667819977, 130.584655762, 56.5131530762, 15.02348423, -3.92108488083], [-247.211959839, -42.7148094177, 17.946805954, -74.3608322144, 0.310357570648, 7.85894680023, 20.0690612793, -5.34228467941, 3.93143510818, 56.5131530762, 166.06741333, 49.5290641785, -1.17798447609], [109.330253601, -108.043823242, -68.481010437, -17.8983325958, -20.9035148621, -7.95334434509, -10.8132696152, -1.7000387907, -15.9807243347, 15.02348423, 49.5290641785, 143.939804077, 44.6790962219], [-109.160957336, -97.7705841064, -15.800699234, -24.0337734222, -21.4467258453, -5.48262882233, -4.99916601181, 26.2840633392, 5.07669878006, -3.92108488083, -1.17798447609, 44.6790962219, 139.91758728]],
