{
"lowlevel": {
    "average_loudness": 0.0162484217435,
    "barkbands_crest": {
        "dmean": 2.26185631752,
        "dmean2": 3.54481482506,
        "dvar": 4.46951723099,
        "dvar2": 11.2787723541,
        "max": 26.2511634827,
        "mean": 13.3029766083,
        "median": 12.7348842621,
        "min": 2.97559595108,
        "var": 17.5975532532
    },
    "barkbands_flatness_db": {
        "dmean": 0.0277041327208,
        "dmean2": 0.0433615073562,
        "dvar": 0.000582439242862,
        "dvar2": 0.00138929788955,
        "max": 0.644521296024,
        "mean": 0.37185972929,
        "median": 0.362044930458,
        "min": 0.0323690548539,
        "var": 0.00784299150109
    },
    "barkbands_kurtosis": {
        "dmean": 3.25773215294,
        "dmean2": 4.95192146301,
        "dvar": 41.7643241882,
        "dvar2": 87.3731384277,
        "max": 298.935180664,
        "mean": 6.56875419617,
        "median": 3.98447704315,
        "min": -1.74648606777,
        "var": 116.915771484
    },
    "barkbands_skewness": {
        "dmean": 0.45993065834,
        "dmean2": 0.686446011066,
        "dvar": 0.253423750401,
        "dvar2": 0.585742652416,
        "max": 15.4420480728,
        "mean": 1.35149776936,
        "median": 1.2863509655,
        "min": -2.29649972916,
        "var": 1.34238386154
    },
    "barkbands_spread": {
        "dmean": 1.01122677326,
        "dmean2": 1.45350182056,
        "dvar": 2.30593037605,
        "dvar2": 4.20497846603,
        "max": 59.9111709595,
        "mean": 4.4517159462,
        "median": 3.1748816967,
        "min": 0.140086606145,
        "var": 15.8338003159
    },
    "dissonance": {
        "dmean": 0.0381135679781,
        "dmean2": 0.0626848712564,
        "dvar": 0.00137265038211,
        "dvar2": 0.00377710489556,
        "max": 0.500000119209,
        "mean": 0.35996478796,
        "median": 0.370320737362,
        "min": 0.11782348156,
        "var": 0.004803173244
    },
    "dynamic_complexity": 8.31306171417,
    "erbbands_crest": {
        "dmean": 2.51857805252,
        "dmean2": 3.90726137161,
        "dvar": 5.9851808548,
        "dvar2": 14.0419511795,
        "max": 32.2764625549,
        "mean": 14.1758375168,
        "median": 13.1969623566,
        "min": 3.65412354469,
        "var": 30.3295974731
    },
    "erbbands_flatness_db": {
        "dmean": 0.0175415407866,
        "dmean2": 0.025226239115,
        "dvar": 0.000292832584819,
        "dvar2": 0.000632407725789,
        "max": 0.539336264133,
        "mean": 0.344834566116,
        "median": 0.33835324645,
        "min": 0.107386216521,
        "var": 0.00337448343635
    },
    "erbbands_kurtosis": {
        "dmean": 2.20755982399,
        "dmean2": 3.43725204468,
        "dvar": 17.0810661316,
        "dvar2": 40.2363166809,
        "max": 111.822494507,
        "mean": 4.73643112183,
        "median": 1.55112886429,
        "min": -1.82731759548,
        "var": 87.6531906128
    },
    "erbbands_skewness": {
        "dmean": 0.39496165514,
        "dmean2": 0.589375197887,
        "dvar": 0.167738333344,
        "dvar2": 0.398536652327,
        "max": 9.1482591629,
        "mean": 1.19357085228,
        "median": 0.992964863777,
        "min": -1.6503392458,
        "var": 1.30149757862
    },
    "erbbands_spread": {
        "dmean": 2.40923094749,
        "dmean2": 3.56605863571,
        "dvar": 8.85962867737,
        "dvar2": 19.9886207581,
        "max": 64.2791137695,
        "mean": 12.3894033432,
        "median": 11.1549730301,
        "min": 0.681939661503,
        "var": 64.1884384155
    },
    "hfc": {
        "dmean": 1.9353300333,
        "dmean2": 2.18921470642,
        "dvar": 35.7084159851,
        "dvar2": 49.3557624817,
        "max": 234.10975647,
        "mean": 6.44116067886,
        "median": 1.14198303223,
        "min": 5.37394750921e-09,
        "var": 285.593566895
    },
    "melbands_crest": {
        "dmean": 2.77918863297,
        "dmean2": 4.32310009003,
        "dvar": 7.59668731689,
        "dvar2": 18.4586162567,
        "max": 37.1513519287,
        "mean": 18.8029727936,
        "median": 17.6351737976,
        "min": 4.57649278641,
        "var": 39.8951148987
    },
    "melbands_flatness_db": {
        "dmean": 0.0254908241332,
        "dmean2": 0.0357987619936,
        "dvar": 0.000611503142864,
        "dvar2": 0.00122851168271,
        "max": 0.781592726707,
        "mean": 0.458838880062,
        "median": 0.454187810421,
        "min": 0.0517112873495,
        "var": 0.0143212880939
    },
    "melbands_kurtosis": {
        "dmean": 4.1519408226,
        "dmean2": 6.27493906021,
        "dvar": 49.7453231812,
        "dvar2": 109.958534241,
        "max": 208.78175354,
        "mean": 9.79228305817,
        "median": 6.23065471649,
        "min": -1.68313932419,
        "var": 172.549209595
    },
    "melbands_skewness": {
        "dmean": 0.483847022057,
        "dmean2": 0.722396433353,
        "dvar": 0.248566940427,
        "dvar2": 0.583249807358,
        "max": 8.88731765747,
        "mean": 1.88421332836,
        "median": 1.74772500992,
        "min": -1.52659416199,
        "var": 1.39935529232
    },
    "melbands_spread": {
        "dmean": 1.4433991909,
        "dmean2": 2.09457755089,
        "dvar": 5.88091945648,
        "dvar2": 12.0011577606,
        "max": 74.9049835205,
        "mean": 5.83261680603,
        "median": 3.88854122162,
        "min": 0.228981524706,
        "var": 34.6393623352
    },
    "pitch_salience": {
        "dmean": 0.0633253082633,
        "dmean2": 0.0988553613424,
        "dvar": 0.0034842567984,
        "dvar2": 0.00847478024662,
        "max": 0.890910506248,
        "mean": 0.508189439774,
        "median": 0.523922204971,
        "min": 0.0518235862255,
        "var": 0.0192840788513
    },
    "silence_rate_20dB": {
        "dmean": 0.000897263351362,
        "dmean2": 0.00179492926691,
        "dvar": 0.000896401994396,
        "dvar2": 0.00179178011604,
        "max": 1,
        "mean": 0.998430132866,
        "median": 1,
        "min": 0,
        "var": 0.00156734418124
    },
    "silence_rate_30dB": {
        "dmean": 0.00942126475275,
        "dmean2": 0.01884675771,
        "dvar": 0.0093326671049,
        "dvar2": 0.0202867928892,
        "max": 1,
        "mean": 0.9811617136,
        "median": 1,
        "min": 0,
        "var": 0.0184855312109
    },
    "silence_rate_60dB": {
        "dmean": 0.0556303262711,
        "dmean2": 0.111285619438,
        "dvar": 0.0525371879339,
        "dvar2": 0.111020870507,
        "max": 1,
        "mean": 0.442700147629,
        "median": 0,
        "min": 0,
        "var": 0.246717840433
    },
    "spectral_centroid": {
        "dmean": 49.7103881836,
        "dmean2": 71.1206207275,
        "dvar": 7729.62744141,
        "dvar2": 15098.3994141,
        "max": 3003.55371094,
        "mean": 425.582183838,
        "median": 335.559783936,
        "min": 101.937583923,
        "var": 77252.984375
    },
    "spectral_complexity": {
        "dmean": 0.90847915411,
        "dmean2": 1.48261165619,
        "dvar": 1.3397359848,
        "dvar2": 2.75684285164,
        "max": 24,
        "mean": 5.84054708481,
        "median": 5,
        "min": 0,
        "var": 18.6856327057
    },
    "spectral_decrease": {
        "dmean": 1.12483633519e-09,
        "dmean2": 1.32996069713e-09,
        "dvar": 9.63386653758e-18,
        "dvar2": 1.39628434815e-17,
        "max": -3.99430551003e-19,
        "mean": -3.64097951788e-09,
        "median": -1.0647476234e-09,
        "min": -1.32695674893e-07,
        "var": 6.78245221251e-17
    },
    "spectral_energy": {
        "dmean": 0.00441226596013,
        "dmean2": 0.00520258489996,
        "dvar": 0.000148821229232,
        "dvar2": 0.000214903382584,
        "max": 0.521637499332,
        "mean": 0.0143261319026,
        "median": 0.00416096393019,
        "min": 1.99497623282e-12,
        "var": 0.00105638778768
    },
    "spectral_energyband_high": {
        "dmean": 3.55606903213e-06,
        "dmean2": 4.9942896112e-06,
        "dvar": 3.6891903421e-10,
        "dvar2": 7.85431886197e-10,
        "max": 0.000694488291629,
        "mean": 8.57025406731e-06,
        "median": 8.78369021962e-08,
        "min": 5.88843643984e-13,
        "var": 1.51924006708e-09
    },
    "spectral_energyband_low": {
        "dmean": 0.000473532243632,
        "dmean2": 0.000634095282294,
        "dvar": 1.96585369849e-06,
        "dvar2": 2.99021917272e-06,
        "max": 0.0763220861554,
        "mean": 0.00184489146341,
        "median": 0.000222036687774,
        "min": 2.06064061214e-13,
        "var": 3.04083041556e-05
    },
    "spectral_energyband_middle_high": {
        "dmean": 0.000583029119298,
        "dmean2": 0.000686123443302,
        "dvar": 5.58486271984e-06,
        "dvar2": 8.56931910675e-06,
        "max": 0.0787536203861,
        "mean": 0.00170478061773,
        "median": 5.85877751291e-05,
        "min": 4.5873651015e-13,
        "var": 3.17199192068e-05
    },
    "spectral_energyband_middle_low": {
        "dmean": 0.00388562632725,
        "dmean2": 0.00471779704094,
        "dvar": 0.000128965228214,
        "dvar2": 0.000199407644686,
        "max": 0.473758786917,
        "mean": 0.0109449056908,
        "median": 0.00246850820258,
        "min": 7.37723358964e-13,
        "var": 0.000789418059867
    },
    "spectral_entropy": {
        "dmean": 0.19078579545,
        "dmean2": 0.270583987236,
        "dvar": 0.0375268422067,
        "dvar2": 0.0773711502552,
        "max": 8.70888996124,
        "mean": 5.59511756897,
        "median": 5.67952108383,
        "min": 3.90486931801,
        "var": 0.45968657732
    },
    "spectral_flux": {
        "dmean": 0.0108762094751,
        "dmean2": 0.017822066322,
        "dvar": 0.000297233753372,
        "dvar2": 0.000797441462055,
        "max": 0.309003949165,
        "mean": 0.0298631004989,
        "median": 0.0194156616926,
        "min": 2.33725895669e-05,
        "var": 0.00102041987702
    },
    "spectral_kurtosis": {
        "dmean": 25.8611354828,
        "dmean2": 43.3041114807,
        "dvar": 961.108581543,
        "dvar2": 2619.85473633,
        "max": 549.034057617,
        "mean": 76.585975647,
        "median": 51.2002258301,
        "min": 2.09108161926,
        "var": 5371.3984375
    },
    "spectral_rms": {
        "dmean": 0.000446035614004,
        "dmean2": 0.000537400599569,
        "dvar": 4.19284162945e-07,
        "dvar2": 6.1802035134e-07,
        "max": 0.0225591361523,
        "mean": 0.0027633595746,
        "median": 0.00201481441036,
        "min": 4.41170975307e-08,
        "var": 6.34053776594e-06
    },
    "spectral_rolloff": {
        "dmean": 89.2766265869,
        "dmean2": 148.399490356,
        "dvar": 37086.640625,
        "dvar2": 71842.4765625,
        "max": 6653.75976562,
        "mean": 522.870422363,
        "median": 387.59765625,
        "min": 43.06640625,
        "var": 190323.59375
    },
    "spectral_skewness": {
        "dmean": 1.2668299675,
        "dmean2": 2.14752340317,
        "dvar": 1.3649930954,
        "dvar2": 3.50814938545,
        "max": 19.0220813751,
        "mean": 5.95899057388,
        "median": 5.08131694794,
        "min": 1.17198240757,
        "var": 11.1939582825
    },
    "spectral_spread": {
        "dmean": 314819.5625,
        "dmean2": 535286.4375,
        "dvar": 81964924928,
        "dvar2": 220629975040,
        "max": 12243505,
        "mean": 1359630.625,
        "median": 1293182.125,
        "min": 159815.1875,
        "var": 360312045568
    },
    "spectral_strongpeak": {
        "dmean": 0.244860649109,
        "dmean2": 0.355675756931,
        "dvar": 0.254474908113,
        "dvar2": 0.563119769096,
        "max": 9.90980148315,
        "mean": 0.746233582497,
        "median": 0.355984091759,
        "min": 0,
        "var": 1.22042584419
    },
    "zerocrossingrate": {
        "dmean": 0.00232037645765,
        "dmean2": 0.0028460980393,
        "dvar": 4.19816096837e-05,
        "dvar2": 4.6404904424e-05,
        "max": 0.46533203125,
        "mean": 0.0185613669455,
        "median": 0.0146484375,
        "min": 0.00146484375,
        "var": 0.000200620721444
    },
    "barkbands": {
        "dmean": [4.337338396e-06, 0.000172377200215, 0.000287019560346, 0.000174992688699, 0.0016866417136, 0.00128288031556, 0.000908343878109, 0.000364117673598, 0.000454967404949, 0.000108324980829, 0.000188001999049, 0.000231706551858, 5.88145339862e-05, 2.86812282866e-05, 4.21763070335e-05, 9.83110949164e-05, 6.42813902232e-05, 1.40465454024e-05, 5.98585438638e-06, 3.64670063391e-06, 1.62644357715e-06, 8.67447113251e-07, 4.21428666186e-07, 3.87069576391e-07, 5.73369618451e-08, 6.07451089429e-10, 6.47937759002e-10],
        "dmean2": [7.79386118666e-06, 0.000219055174966, 0.00040793698281, 0.000236204636167, 0.00214534066617, 0.00161186116748, 0.00114609522279, 0.000430949497968, 0.000601871055551, 0.000123424382764, 0.000218335102545, 0.000327538669808, 7.6484058809e-05, 4.27073573519e-05, 6.64570106892e-05, 0.000145321624586, 9.3644594017e-05, 1.97523040697e-05, 8.99702627066e-06, 5.11200460096e-06, 2.37550239035e-06, 1.252840093e-06, 6.49898424854e-07, 5.32328272129e-07, 8.41609164581e-08, 1.11942510816e-09, 1.19416110334e-09],
        "dvar": [6.35960034634e-11, 2.9501205745e-07, 9.0406081199e-07, 3.57699462938e-07, 2.47842817771e-05, 5.38309432159e-05, 2.88432165689e-05, 6.517593647e-06, 7.50013259676e-06, 2.00211189849e-07, 1.71712247266e-06, 1.57223212227e-06, 1.05695377783e-07, 2.39775879152e-08, 5.50323910886e-08, 3.04262783857e-07, 1.55507933641e-07, 6.07361716476e-09, 9.98060523116e-10, 4.04458938563e-10, 8.01703842201e-11, 4.23819868089e-11, 6.6289044566e-12, 5.35275556518e-12, 1.13494032694e-13, 3.78348896664e-18, 4.30352501004e-18],
        "dvar2": [1.944607253e-10, 3.45609947772e-07, 1.7441897171e-06, 5.67494453207e-07, 3.64627085219e-05, 8.86704292498e-05, 3.96527539124e-05, 8.13990027382e-06, 1.56163441716e-05, 2.08515800182e-07, 2.70167492999e-06, 3.22640380546e-06, 1.44548792491e-07, 5.76223975202e-08, 1.55125050583e-07, 6.22650247806e-07, 3.18218866369e-07, 1.19858611924e-08, 2.06373229616e-09, 7.24920734552e-10, 1.71481551181e-10, 8.20687337533e-11, 1.61181103187e-11, 1.14654648622e-11, 2.44345532306e-13, 1.24056668794e-17, 1.41131901753e-17],
        "max": [0.000157876274898, 0.0354588665068, 0.0412271432579, 0.043605864048, 0.22750787437, 0.452721685171, 0.248806342483, 0.184697777033, 0.108398139477, 0.0272074807435, 0.0577473156154, 0.0387908630073, 0.0133877871558, 0.00534253660589, 0.00603863829747, 0.0177229773253, 0.0146606862545, 0.00249950704165, 0.000933383009396, 0.000817058375105, 0.000388382759411, 0.000265431532171, 0.000112710156827, 8.15412131487e-05, 9.24076721276e-06, 5.60464599175e-08, 5.95189533215e-08],
        "mean": [4.75356864627e-06, 0.000698588497471, 0.000988329993561, 0.00040786867612, 0.00385000952519, 0.00306454626843, 0.00188748084474, 0.000669384666253, 0.00102076807525, 0.000249761680607, 0.000413995730923, 0.000450039107818, 0.000118646610645, 5.70931297261e-05, 8.13593069324e-05, 0.000193221974769, 0.000117299692647, 2.75871061604e-05, 1.17252384371e-05, 7.72392832005e-06, 2.99914813695e-06, 1.33985520279e-06, 7.68553661601e-07, 7.74719467245e-07, 7.75265789343e-08, 4.90609719517e-10, 5.23054988211e-10],
        "median": [2.27777400141e-06, 3.98963420594e-05, 9.44190687733e-05, 5.29003627889e-05, 0.000687547377311, 0.000241509857005, 0.000131120134029, 2.29990764637e-05, 3.35594959324e-05, 1.06754014269e-05, 4.54157361673e-06, 8.15088424133e-06, 3.85786961488e-06, 1.10706309897e-06, 1.70728287685e-06, 1.58022101004e-06, 8.59596639202e-07, 2.71108376637e-07, 7.7403953469e-08, 5.31852393237e-08, 2.04570511642e-08, 1.41617073623e-08, 8.38736369246e-09, 9.5404431022e-09, 8.91524687407e-10, 6.54278922707e-11, 6.9653824375e-11],
        "min": [1.0459773374e-13, 1.00905022456e-13, 3.59140919315e-14, 3.8811429114e-14, 7.56631628011e-14, 1.09151796217e-13, 1.57330881179e-13, 7.63589698741e-14, 2.1980481942e-13, 1.30406780209e-13, 5.62140394997e-14, 4.26871367843e-14, 5.15200463332e-15, 2.77796804792e-14, 3.85602093062e-14, 2.0456765554e-14, 1.93788686947e-14, 4.57845024913e-14, 4.86932204085e-14, 1.39935846656e-13, 3.66194569243e-14, 1.37876038711e-13, 1.29401006512e-13, 1.11691776975e-13, 8.1313584067e-14, 3.75085445809e-17, 1.43666283888e-17],
        "var": [7.73844877067e-11, 5.85813950238e-06, 9.27638120629e-06, 2.76245259556e-06, 0.000111664834549, 0.000254112994298, 0.000123178120703, 2.22195867536e-05, 3.1386702176e-05, 1.25119538552e-06, 7.28501527192e-06, 4.45118030257e-06, 3.63391905012e-07, 7.19514758885e-08, 1.04345886598e-07, 8.69804694048e-07, 3.43951342074e-07, 1.76172161304e-08, 2.83231060827e-09, 1.61593005643e-09, 2.34368274787e-10, 8.82814515935e-11, 1.37110444526e-11, 1.54051875423e-11, 1.86357724499e-13, 2.88511229838e-18, 3.28140873959e-18]
    },
    "erbbands": {
        "dmean": [0.00139365857467, 0.0519219562411, 0.304978966713, 0.453648418188, 4.25016212463, 4.82631969452, 8.17961883545, 10.4909496307, 12.9211454391, 11.494389534, 5.31851005554, 13.5197000504, 3.47564673424, 6.14874267578, 6.35662698746, 9.89150428772, 3.21147990227, 0.959620177746, 2.30547356606, 4.03072595596, 3.98481869698, 2.70228171349, 1.02469027042, 0.410797119141, 0.177846074104, 0.179366469383, 0.100468233228, 0.0258447416127, 0.0190422255546, 0.0387265309691, 0.00880993064493, 0.0114090600982, 0.00447262777016, 0.0011168824276, 3.46795895894e-05, 4.37043809143e-06, 1.95046641238e-06, 5.42457541997e-07, 2.10117764254e-06, 4.94017376695e-06],
        "dmean2": [0.00197995454073, 0.065474294126, 0.408058166504, 0.620580375195, 5.32795000076, 6.14474010468, 10.8587093353, 13.3075275421, 16.2732601166, 13.8916225433, 6.78071641922, 17.6460399628, 4.45858335495, 6.01499176025, 8.26727676392, 14.0938243866, 4.23544645309, 1.31452715397, 3.6672399044, 6.23670387268, 5.62218809128, 3.91703009605, 1.51259839535, 0.584025859833, 0.257115334272, 0.251461923122, 0.145360484719, 0.0373561531305, 0.0290210321546, 0.0564653761685, 0.0128174657002, 0.0158303976059, 0.00664999801666, 0.00161493907217, 5.06706819579e-05, 6.24703125141e-06, 2.73024397757e-06, 8.39879533032e-07, 2.44455509346e-06, 5.80082223678e-06],
        "dvar": [9.70931705524e-06, 0.0285961404443, 1.06935298443, 1.81143343449, 239.067993164, 194.101959229, 887.520935059, 7112.69628906, 7153.57080078, 3304.27880859, 697.356323242, 7351.62695312, 173.713165283, 1452.63110352, 2779.7590332, 3251.63061523, 228.056838989, 19.579996109, 148.046295166, 754.493652344, 309.831237793, 255.712982178, 23.2783432007, 4.34765338898, 0.801548540592, 1.06185376644, 0.337088763714, 0.0305145960301, 0.0156788975, 0.0772088393569, 0.00210947101004, 0.00520605733618, 0.000684242229909, 4.12937733927e-05, 3.75075401848e-08, 1.64367477962e-10, 2.99365532364e-11, 2.58876687448e-12, 3.40108670394e-11, 1.87268409113e-10],
        "dvar2": [1.57236827363e-05, 0.0317859426141, 1.56518018246, 3.30051040649, 341.550689697, 301.511932373, 1625.40405273, 11767.8134766, 9690.43847656, 4167.44189453, 1014.01324463, 14471.1298828, 340.966308594, 973.321655273, 5461.66992188, 6444.53222656, 328.31262207, 34.8404502869, 410.602294922, 1814.94140625, 602.48236084, 519.156066895, 51.5915603638, 9.16583156586, 1.58978939056, 1.8084820509, 0.760788798332, 0.0625692531466, 0.0344732664526, 0.167132258415, 0.00485335849226, 0.0105805657804, 0.00167034822516, 8.40740904096e-05, 7.79988909017e-08, 3.40987849068e-10, 6.06430600181e-11, 6.50800247026e-12, 4.80074244247e-11, 2.6894259042e-10],
        "max": [0.159850403666, 11.0914363861, 55.2345237732, 87.8837814331, 677.014221191, 558.83996582, 1277.68566895, 5690.75732422, 4558.01123047, 3273.35449219, 1381.71679688, 3410.26928711, 411.237213135, 2720.89599609, 2223.12573242, 1952.80053711, 624.659973145, 255.475189209, 381.63394165, 856.109802246, 532.188781738, 596.765869141, 126.108833313, 65.6448516846, 33.1527328491, 55.8664855957, 25.8245220184, 9.50978279114, 4.07773065567, 11.7462749481, 1.63141870499, 2.94249534607, 0.923392415047, 0.167785421014, 0.00503789773211, 0.0005056092632, 0.000226597403525, 6.66387641104e-05, 0.000248962198384, 0.000584810215514],
        "mean": [0.00402002735063, 0.219877436757, 1.22987651825, 1.19343090057, 9.12589836121, 11.2794914246, 18.9769134521, 25.7918872833, 27.8127536774, 23.1381645203, 11.0555591583, 29.5982666016, 7.80484008789, 15.3554954529, 13.3729600906, 19.5247497559, 7.08623790741, 2.45114207268, 4.6718506813, 8.0287103653, 8.95795345306, 5.19004821777, 2.27765083313, 0.8638920784, 0.408373475075, 0.377064615488, 0.190837830305, 0.0476493127644, 0.0320647917688, 0.0600914917886, 0.0189254302531, 0.0197109710425, 0.00924827158451, 0.00189093186054, 6.68598950142e-05, 1.18449879665e-05, 5.67629103898e-06, 1.28784995468e-06, 6.94910340826e-06, 1.61217394634e-05],
        "median": [0.000843035522848, 0.0119915222749, 0.0992101952434, 0.267640054226, 0.962616026402, 1.96882808208, 2.16275763512, 1.71475303173, 2.02117872238, 1.57655751705, 0.874046087265, 1.04247760773, 0.584427237511, 0.387853085995, 0.323761880398, 0.400165379047, 0.248527228832, 0.0814784765244, 0.0941797345877, 0.0964106023312, 0.0791999325156, 0.0483120232821, 0.0223035868257, 0.00695771630853, 0.00302609079517, 0.00258169299923, 0.0013517558109, 0.000432778382674, 0.000477408408187, 0.000425737147452, 0.000241343834205, 0.000200683018193, 0.000132634115289, 2.91339583782e-05, 4.96087204738e-06, 2.58311752077e-06, 1.46438719639e-06, 2.46971268325e-07, 1.97907070287e-06, 4.63000878881e-06],
        "min": [4.53079934681e-12, 1.74449569373e-11, 3.97284184717e-11, 9.2848569111e-11, 2.02684813377e-10, 2.59904570088e-10, 3.3488947726e-10, 1.12996634272e-09, 2.19755547093e-09, 1.97781147016e-09, 1.97473637442e-09, 4.77672301713e-09, 5.60113910808e-09, 2.80813128306e-09, 2.44893261225e-09, 1.3465428772e-09, 3.14600762108e-10, 7.4855177612e-10, 2.05533590147e-09, 1.82785131475e-09, 1.14963916165e-09, 1.02518482592e-09, 1.94874694159e-09, 2.91726576229e-09, 2.70842681616e-09, 6.9700663019e-09, 2.65186073101e-09, 1.87232362947e-09, 4.12254941295e-09, 5.00285768368e-09, 3.64003582831e-09, 1.12212494852e-09, 2.99291103012e-09, 1.55054025175e-09, 6.94708734983e-11, 1.12150341097e-11, 3.9334781092e-12, 1.25360128094e-12, 2.72475347406e-13, 3.02243378437e-14],
        "var": [0.00012170321861, 0.580076575279, 15.9609880447, 13.6709136963, 966.45135498, 989.020202637, 3556.60742188, 35624.1132812, 32908.1289062, 12210.3945312, 2300.7121582, 29130.0605469, 619.960021973, 10688.9257812, 7011.02294922, 9155.96972656, 994.428588867, 97.8374252319, 373.848907471, 1721.36291504, 1371.17114258, 540.627929688, 84.793510437, 14.2335710526, 3.08403420448, 4.48319101334, 0.94295835495, 0.0777534767985, 0.0375560708344, 0.164201885462, 0.00677095819265, 0.0123603139073, 0.0018769010203, 8.61008229549e-05, 8.25161308171e-08, 8.93732310381e-10, 1.76736486557e-10, 1.10558055766e-11, 2.51675569274e-10, 1.34656941153e-09]
    },
    "gfcc": {
        "mean": [-267.566802979, 215.221939087, -104.188270569, -2.77778458595, -45.0205116272, -18.9402351379, -32.6333656311, -20.0464057922, -1.48151493073, -26.5283432007, 2.51997303963, -13.7396087646, 1.7276083231],
        "cov": [[15693.7763672, -1853.86193848, -5760.54736328, -1704.44165039, -802.177978516, -232.016830444, -641.676696777, 308.466705322, -150.710418701, -610.552246094, 229.730422974, -93.9931030273, 213.989517212], [-1853.86193848, 1749.26074219, 1919.63256836, -165.666137695, 447.050323486, -147.840911865, 39.811214447, -193.9818573, -210.852615356, -49.1230812073, -176.597335815, 61.8867683411, -97.4227142334], [-5760.54736328, 1919.63256836, 4384.23144531, 670.268920898, 591.406555176, -52.8266220093, 251.526779175, -225.019699097, -155.842102051, 210.014434814, -232.930923462, 69.1930389404, -173.786636353], [-1704.44165039, -165.666137695, 670.268920898, 792.389709473, 79.1944961548, 210.49609375, 98.1116409302, -17.1541309357, 63.1740837097, 39.6668319702, 2.8733189106, -56.6952209473, -17.6790599823], [-802.177978516, 447.050323486, 591.406555176, 79.1944961548, 417.731109619, 88.3050689697, 91.9386444092, 13.116900444, -14.9493274689, 14.8236351013, -54.9368209839, 3.4172976017, -76.1521987915], [-232.016830444, -147.840911865, -52.8266220093, 210.49609375, 88.3050689697, 281.211547852, 110.725502014, 66.6361541748, 72.6978149414, -9.48332977295, 15.7715587616, -42.6239356995, -26.7944030762], [-641.676696777, 39.811214447, 251.526779175, 98.1116409302, 91.9386444092, 110.725502014, 171.350494385, 77.9014053345, 65.8949356079, 57.8835258484, -11.9886188507, -5.29450368881, -40.3047943115], [308.466705322, -193.9818573, -225.019699097, -17.1541309357, 13.116900444, 66.6361541748, 77.9014053345, 171.831222534, 112.902366638, 38.3661460876, 14.6431436539, -34.2052955627, -14.3202075958], [-150.710418701, -210.852615356, -155.842102051, 63.1740837097, -14.9493274689, 72.6978149414, 65.8949356079, 112.902366638, 164.678741455, 83.6352310181, 24.5425815582, -16.7949714661, -12.8709573746], [-610.552246094, -49.1230812073, 210.014434814, 39.6668319702, 14.8236351013, -9.48332977295, 57.8835258484, 38.3661460876, 83.6352310181, 159.217071533, 48.356678009, 25.8280563354, -3.76737880707], [229.730422974, -176.597335815, -232.930923462, 2.8733189106, -54.9368209839, 15.7715587616, -11.9886188507, 14.6431436539, 24.5425815582, 48.356678009, 128.646957397, 56.8004226685, 30.9506816864], [-93.9931030273, 61.8867683411, 69.1930389404, -56.6952209473, 3.4172976017, -42.6239356995, -5.29450368881, -34.2052955627, -16.7949714661, 25.8280563354, 56.8004226685, 116.216552734, 39.2825431824], [213.989517212, -97.4227142334, -173.786636353, -17.6790599823, -76.1521987915, -26.7944030762, -40.3047943115, -14.3202075958, -12.8709573746, -3.76737880707, 30.9506816864, 39.2825431824, 92.7681655884]],
        "icov": [[0.000182946081623, -7.05149386704e-06, 0.000158339986228, 0.000158841910888, 6.8427696533e-05, -8.59010251588e-05, 0.000442345044576, -0.00061634008307, 0.000434479967225, 0.000237549698795, -8.39995846036e-05, -5.91048883507e-05, 0.000148871535202], [-7.05149386704e-06, 0.00304979109205, -0.001580119133, 0.00220086518675, -0.00218736589886, 0.0011841309024, -0.00145744986366, 0.00300880358554, -0.00230127456598, 0.00396624673158, -0.00181200774387, 0.00179985945579, -0.00125974335242], [0.000158339986228, -0.001580119133, 0.00159323948901, -0.00163658719976, 0.000891620700713, -0.000463763572043, 0.000839816406369, -0.00204053637572, 0.00285346060991, -0.00336810573936, 0.00249410117976, -0.00214569596574, 0.00163159682415], [0.000158841910888, 0.00220086518675, -0.00163658719976, 0.00427766842768, -0.00153325067367, -0.000408958323533, -0.00136731087696, 0.00370508246124, -0.00366279250011, 0.00440603960305, -0.00361148337834, 0.00405869539827, -0.00254764524288], [6.8427696533e-05, -0.00218736589886, 0.000891620700713, -0.00153325067367, 0.00576317822561, -0.0030589599628, 0.00208179815672, -0.00444286782295, 0.00424232752994, -0.00420250790194, 0.00372303742915, -0.00416310783476, 0.00392785668373], [-8.59010251588e-05, 0.0011841309024, -0.000463763572043, -0.000408958323533, -0.0030589599628, 0.00988533627242, -0.00739732105285, 0.00418381253257, -0.0058383741416, 0.00730978744105, -0.00613990565762, 0.00535033317283, -0.00245924014598], [0.000442345044576, -0.00145744986366, 0.000839816406369, -0.00136731087696, 0.00208179815672, -0.00739732105285, 0.0181138534099, -0.0111012458801, 0.00635224208236, -0.00822706520557, 0.00758245587349, -0.00823552906513, 0.00599510828033], [-0.00061634008307, 0.00300880358554, -0.00204053637572, 0.00370508246124, -0.00444286782295, 0.00418381253257, -0.0111012458801, 0.0225540604442, -0.0158862024546, 0.00851022172719, -0.00788642466068, 0.0103960055858, -0.00594477774575], [0.000434479967225, -0.00230127456598, 0.00285346060991, -0.00366279250011, 0.00424232752994, -0.0058383741416, 0.00635224208236, -0.0158862024546, 0.0251942314208, -0.0157199092209, 0.00940597057343, -0.00823368132114, 0.00653776759282], [0.000237549698795, 0.00396624673158, -0.00336810573936, 0.00440603960305, -0.00420250790194, 0.00730978744105, -0.00822706520557, 0.00851022172719, -0.0157199092209, 0.0246407650411, -0.0141809359193, 0.00816318113357, -0.00535764265805], [-8.39995846036e-05, -0.00181200774387, 0.00249410117976, -0.00361148337834, 0.00372303742915, -0.00613990565762, 0.00758245587349, -0.00788642466068, 0.00940597057343, -0.0141809359193, 0.0229651741683, -0.0151263754815, 0.00510701257735], [-5.91048883507e-05, 0.00179985945579, -0.00214569596574, 0.00405869539827, -0.00416310783476, 0.00535033317283, -0.00823552906513, 0.0103960055858, -0.00823368132114, 0.00816318113357, -0.0151263754815, 0.0236843135208, -0.0108582889661], [0.000148871535202, -0.00125974335242, 0.00163159682415, -0.00254764524288, 0.00392785668373, -0.00245924014598, 0.00599510828033, -0.00594477774575, 0.00653776759282, -0.00535764265805, 0.00510701257735, -0.0108582889661, 0.0194688141346]]
    },
    "melbands": {
        "dmean": [2.84182224277e-05, 0.000127703766339, 0.000151395739522, 0.000391888461309, 0.00024895358365, 0.000232950624195, 0.000194222520804, 0.000119238808111, 4.50464540336e-05, 8.09796038084e-05, 1.43027937156e-05, 2.41697471211e-05, 1.95901793631e-05, 2.52390163951e-05, 2.10405396501e-05, 3.0545086247e-06, 1.81388020337e-06, 4.04093043471e-06, 2.9588511552e-06, 8.24163453217e-06, 4.27933082392e-06, 3.50760069523e-06, 1.6291371594e-06, 6.27933218311e-07, 3.49599162064e-07, 1.72748485738e-07, 1.43335796565e-07, 1.20955320426e-07, 6.98513034081e-08, 4.61141560493e-08, 8.30483681824e-09, 7.40890149231e-09, 2.5457286057e-08, 1.84930701863e-08, 6.12304251746e-09, 4.33867253236e-09, 8.34159497032e-09, 3.87730203499e-09, 2.15168571849e-09, 5.73783409674e-10],
        "dmean2": [3.76350508304e-05, 0.000168895261595, 0.000196322405827, 0.000491458806209, 0.000331396149704, 0.000295043428196, 0.000245940696914, 0.000142842356581, 6.02548316238e-05, 0.000105059290945, 1.89624133782e-05, 2.37036856561e-05, 2.40136923821e-05, 3.54321418854e-05, 2.82708660961e-05, 4.335277481e-06, 2.4704813768e-06, 6.4343912527e-06, 4.5748552111e-06, 1.22491401271e-05, 6.16724037172e-06, 5.08930816068e-06, 2.51774281423e-06, 8.8950520194e-07, 5.1186697192e-07, 2.61363084064e-07, 2.06373201195e-07, 1.75856172291e-07, 1.04308782056e-07, 6.89427750444e-08, 1.25772050552e-08, 1.20110223989e-08, 3.74977453532e-08, 2.79232086342e-08, 9.34725985502e-09, 6.54244391995e-09, 1.22244765421e-08, 5.97880589481e-09, 3.11278025578e-09, 8.69086469457e-10],
        "dvar": [6.57288534711e-09, 1.79673463663e-07, 2.36329057657e-07, 1.66608174368e-06, 7.31543991606e-07, 2.76644163932e-06, 1.37658071253e-06, 4.15799803477e-07, 4.58903066658e-08, 2.60691336962e-07, 3.00441937995e-09, 2.10163992875e-08, 2.0925119415e-08, 2.09241335369e-08, 1.44288820891e-08, 2.85944212752e-10, 9.02550048587e-11, 5.08349806694e-10, 3.39728051246e-10, 2.63665489442e-09, 4.32470087519e-10, 5.83646464491e-10, 7.42702427337e-11, 1.41686844549e-11, 3.34988352162e-12, 8.9702664784e-13, 6.83710629345e-13, 5.35867411642e-13, 1.59741130371e-13, 8.29500652736e-14, 2.77691810823e-15, 2.44451358061e-15, 3.62565947859e-14, 1.54866777632e-14, 1.21900174857e-15, 5.84647021788e-16, 3.06365400747e-15, 5.68794906059e-16, 1.2207477217e-16, 1.46516533212e-17],
        "dvar2": [8.58000070991e-09, 2.41137087187e-07, 3.72372738866e-07, 2.36316395785e-06, 1.36628977998e-06, 4.58207659904e-06, 1.94916037799e-06, 5.15218971486e-07, 8.96444234399e-08, 5.0145467867e-07, 6.0679603564e-09, 1.41795482023e-08, 3.95215344895e-08, 4.55365842811e-08, 2.0662488609e-08, 5.35143873659e-10, 1.64228922128e-10, 1.37568312297e-09, 9.21434650802e-10, 5.37865840755e-09, 9.09847197583e-10, 1.14974707532e-09, 1.84408446846e-10, 3.0147169483e-11, 7.01210834189e-12, 2.05799179781e-12, 1.22815234545e-12, 1.01724900205e-12, 3.83188272779e-13, 1.84775507612e-13, 6.00954036561e-15, 6.24936800374e-15, 7.06949486473e-14, 3.59317610388e-14, 2.92967287698e-15, 1.37138636391e-15, 6.06391649269e-15, 1.46802022358e-15, 2.53735177976e-16, 3.23497962948e-17],
        "max": [0.00512659596279, 0.0244481693953, 0.0163486935198, 0.0612304322422, 0.0340149402618, 0.109970293939, 0.0595266409218, 0.0418481677771, 0.00781041476876, 0.0198588073254, 0.00170826120302, 0.010162496008, 0.00582990376279, 0.00466273818165, 0.00413628853858, 0.000650586211123, 0.000574784877244, 0.000650273635983, 0.000550354714505, 0.00167905061971, 0.000561829365324, 0.000940546626225, 0.000275275524473, 0.000160650888574, 5.88763286942e-05, 3.84387021768e-05, 2.82475739368e-05, 3.58026736649e-05, 1.40726879181e-05, 1.12787838589e-05, 2.5963254302e-06, 1.51827975969e-06, 8.62618981046e-06, 4.59600323666e-06, 1.17451679671e-06, 8.02970589575e-07, 2.30664159062e-06, 8.46682326028e-07, 2.6508234896e-07, 1.03840903876e-07],
        "mean": [0.00010526512051, 0.000527759024408, 0.000380197598133, 0.000857708917465, 0.000587268848903, 0.000580085674301, 0.000412825349486, 0.000234245046158, 9.53564012889e-05, 0.000173822423676, 3.03918059217e-05, 5.9545320255e-05, 4.29812789662e-05, 4.80099588458e-05, 4.25330836151e-05, 6.28999214314e-06, 4.20436481363e-06, 7.6611422628e-06, 5.86993155594e-06, 1.56109945237e-05, 9.4838305813e-06, 6.13155452811e-06, 3.20442200064e-06, 1.19856940728e-06, 6.46422506634e-07, 3.51350905703e-07, 2.85615612938e-07, 2.25349253924e-07, 1.23115370343e-07, 7.31731759629e-08, 1.29520900671e-08, 1.12969411603e-08, 3.73087090111e-08, 2.92377535516e-08, 1.12792184481e-08, 7.41459560416e-09, 1.31921504831e-08, 6.94093049702e-09, 3.69142783008e-09, 7.25692506087e-10],
        "median": [9.70576911641e-06, 3.75210438506e-05, 6.55579569866e-05, 0.000109330670966, 7.85354641266e-05, 4.05659666285e-05, 2.94270594168e-05, 1.27131879708e-05, 6.06742469245e-06, 5.60301941732e-06, 1.98749353331e-06, 1.19075434668e-06, 8.25812264793e-07, 9.05801812223e-07, 8.74872398526e-07, 2.66868426024e-07, 1.02140297997e-07, 1.2470879085e-07, 1.22802674696e-07, 1.20013481819e-07, 7.78655646627e-08, 5.03025923138e-08, 2.74702216529e-08, 1.18448504338e-08, 4.52549597796e-09, 2.35216535138e-09, 1.80939063732e-09, 1.53101531453e-09, 8.84720074978e-10, 4.48904913242e-10, 1.26520321997e-10, 1.77351300312e-10, 3.1472408013e-10, 1.83321927083e-10, 1.41126874076e-10, 9.08747521677e-11, 1.05660084848e-10, 8.28608570647e-11, 5.30140410737e-11, 7.27040302961e-12],
        "min": [3.91126137012e-14, 2.1727499628e-14, 1.92456761519e-14, 1.74526158228e-14, 1.15044523116e-14, 2.53093630987e-14, 3.35647376321e-14, 2.01511882539e-14, 1.71321510716e-14, 3.24313533385e-14, 2.76575654333e-14, 1.1335530225e-14, 7.96623136651e-15, 6.27713416727e-15, 1.01529879508e-15, 3.71053582215e-16, 1.62390414378e-15, 3.49083834552e-15, 3.01493267235e-15, 1.64868938661e-15, 1.46300197688e-15, 9.2041321142e-16, 1.69726418504e-15, 2.03580684279e-15, 2.48738848258e-15, 1.50422728218e-15, 3.05724789729e-15, 5.21317735278e-15, 1.90441572729e-15, 9.86722444542e-16, 1.10924396042e-15, 2.00694694797e-15, 3.52181095227e-15, 2.62257261162e-15, 2.75730251924e-15, 6.35479957112e-16, 6.09180272314e-16, 2.00590319162e-15, 2.47079934231e-15, 8.14994137783e-16],
        "var": [1.21498999306e-07, 3.01810996461e-06, 1.13436692573e-06, 7.49665923649e-06, 2.91767150884e-06, 1.41889713632e-05, 6.07843230682e-06, 1.50825064793e-06, 1.57199878004e-07, 1.00208274034e-06, 1.07213926626e-08, 1.54064778712e-07, 6.41419788394e-08, 5.35645874322e-08, 5.32310622248e-08, 8.15505496465e-10, 4.26018026412e-10, 1.23819254849e-09, 6.59878485187e-10, 7.22215087734e-09, 1.81067583149e-09, 1.11885190002e-09, 2.1782614601e-10, 3.87658585788e-11, 9.15129430568e-12, 2.62176630232e-12, 2.2093824166e-12, 1.77538365953e-12, 3.84371245769e-13, 1.84230343654e-13, 6.22696737042e-15, 4.55999255418e-15, 7.5656244236e-14, 3.31595306226e-14, 2.80197630743e-15, 1.39623079317e-15, 6.25509140537e-15, 1.25380114429e-15, 2.84129472981e-16, 2.03111320824e-17]
    },
    "mfcc": {
        "mean": [-877.808349609, 198.471481323, 27.2915096283, 9.01694107056, 10.7236452103, -7.3247423172, -13.0052623749, -3.49406385422, -5.97318029404, -8.3947353363, -9.52872657776, 1.20614409447, 1.33453273773],
        "cov": [[10555.5058594, 1344.35668945, -5007.05175781, -1642.10473633, -802.679504395, -971.077697754, -580.88482666, 126.039352417, -369.886810303, -131.663192749, -605.495788574, 124.920829773, 165.748809814], [1344.35668945, 2166.37329102, 212.574707031, -412.2996521, 34.3336601257, -69.7521133423, -27.5696964264, 8.68050289154, -62.9434776306, -272.091339111, -184.031524658, -154.156829834, -97.9680404663], [-5007.05175781, 212.574707031, 3560.11401367, 1098.8729248, 431.966125488, 564.843383789, 321.111541748, -63.242401123, 142.861862183, -33.6394615173, 234.026229858, -144.588699341, -173.94102478], [-1642.10473633, -412.2996521, 1098.8729248, 679.284362793, 231.208816528, 213.516357422, 140.645736694, -0.0303613580763, 45.5791053772, 61.51537323, 100.600250244, -5.47625827789, -22.4072303772], [-802.679504395, 34.3336601257, 431.966125488, 231.208816528, 302.647460938, 213.54876709, 112.726028442, 55.8707084656, 66.9803695679, 10.3946552277, 54.6242027283, 0.427291333675, -8.30528068542], [-971.077697754, -69.7521133423, 564.843383789, 213.516357422, 213.54876709, 275.012176514, 151.960205078, 54.9732093811, 68.9033126831, 17.7736358643, 72.4265289307, 8.02596855164, -12.7587356567], [-580.88482666, -27.5696964264, 321.111541748, 140.645736694, 112.726028442, 151.960205078, 160.61151123, 71.0018768311, 42.5124664307, 10.861117363, 40.9650840759, 8.90326309204, -5.64765119553], [126.039352417, 8.68050289154, -63.242401123, -0.0303613580763, 55.8707084656, 54.9732093811, 71.0018768311, 130.691055298, 73.6014328003, 27.3673381805, 23.1935443878, 40.5948944092, 12.9501571655], [-369.886810303, -62.9434776306, 142.861862183, 45.5791053772, 66.9803695679, 68.9033126831, 42.5124664307, 73.6014328003, 145.435913086, 88.037109375, 68.8776321411, 37.3292427063, 7.50826358795], [-131.663192749, -272.091339111, -33.6394615173, 61.51537323, 10.3946552277, 17.7736358643, 10.861117363, 27.3673381805, 88.037109375, 168.722183228, 98.900428772, 47.0620803833, 12.8500900269], [-605.495788574, -184.031524658, 234.026229858, 100.600250244, 54.6242027283, 72.4265289307, 40.9650840759, 23.1935443878, 68.8776321411, 98.900428772, 159.97064209, 70.7606887817, 14.224937439], [124.920829773, -154.156829834, -144.588699341, -5.47625827789, 0.427291333675, 8.02596855164, 8.90326309204, 40.5948944092, 37.3292427063, 47.0620803833, 70.7606887817, 151.198928833, 85.2088928223], [165.748809814, -97.9680404663, -173.94102478, -22.4072303772, -8.30528068542, -12.7587356567, -5.64765119553, 12.9501571655, 7.50826358795, 12.8500900269, 14.224937439, 85.2088928223, 113.20199585]],
