{
"lowlevel": {
    "average_loudness": 0.0258097499609,
    "barkbands_crest": {
        "dmean": 3.35924720764,
        "dmean2": 5.66522836685,
        "dvar": 7.60509634018,
        "dvar2": 20.450340271,
        "max": 26.0836772919,
        "mean": 12.1483888626,
        "median": 11.3692789078,
        "min": 2.73685002327,
        "var": 23.8026866913
    },
    "barkbands_flatness_db": {
        "dmean": 0.024203594774,
        "dmean2": 0.0396488457918,
        "dvar": 0.00045334774768,
        "dvar2": 0.00116909586359,
        "max": 0.459830760956,
        "mean": 0.211874485016,
        "median": 0.205679982901,
        "min": 0.052432756871,
        "var": 0.0026477270294
    },
    "barkbands_kurtosis": {
        "dmean": 2.96248221397,
        "dmean2": 4.91297483444,
        "dvar": 21.4338665009,
        "dvar2": 55.5006904602,
        "max": 105.546203613,
        "mean": 4.22005558014,
        "median": 1.57362484932,
        "min": -1.82090759277,
        "var": 59.2086639404
    },
    "barkbands_skewness": {
        "dmean": 0.570308148861,
        "dmean2": 0.934238612652,
        "dvar": 0.279409766197,
        "dvar2": 0.743154764175,
        "max": 8.22159576416,
        "mean": 1.11468720436,
        "median": 0.941887974739,
        "min": -2.90124750137,
        "var": 1.3087208271
    },
    "barkbands_spread": {
        "dmean": 3.48056387901,
        "dmean2": 5.73954391479,
        "dvar": 16.7312107086,
        "dvar2": 43.3161239624,
        "max": 98.597038269,
        "mean": 12.1750621796,
        "median": 10.6849479675,
        "min": 0.425103545189,
        "var": 65.4132156372
    },
    "dissonance": {
        "dmean": 0.0320704765618,
        "dmean2": 0.0553316771984,
        "dvar": 0.000987378763966,
        "dvar2": 0.00281168729998,
        "max": 0.499999970198,
        "mean": 0.442821264267,
        "median": 0.45850867033,
        "min": 0.192045092583,
        "var": 0.00265884166583
    },
    "dynamic_complexity": 11.1810646057,
    "erbbands_crest": {
        "dmean": 4.18751716614,
        "dmean2": 7.06070375443,
        "dvar": 12.473359108,
        "dvar2": 33.1494789124,
        "max": 31.3818473816,
        "mean": 13.6925001144,
        "median": 12.4307126999,
        "min": 2.58623671532,
        "var": 36.7787246704
    },
    "erbbands_flatness_db": {
        "dmean": 0.0214569251984,
        "dmean2": 0.0345757715404,
        "dvar": 0.000359600206139,
        "dvar2": 0.000866451184265,
        "max": 0.476048827171,
        "mean": 0.276138424873,
        "median": 0.283660173416,
        "min": 0.040810868144,
        "var": 0.00407587038353
    },
    "erbbands_kurtosis": {
        "dmean": 2.20106649399,
        "dmean2": 3.62501478195,
        "dvar": 13.7226753235,
        "dvar2": 33.0917129517,
        "max": 86.0110321045,
        "mean": 2.00074338913,
        "median": 0.0343979597092,
        "min": -1.87935340405,
        "var": 36.1516151428
    },
    "erbbands_skewness": {
        "dmean": 0.577321350574,
        "dmean2": 0.948296129704,
        "dvar": 0.271222859621,
        "dvar2": 0.714990913868,
        "max": 7.03211450577,
        "mean": 0.890889823437,
        "median": 0.733206391335,
        "min": -2.36791706085,
        "var": 1.34409320354
    },
    "erbbands_spread": {
        "dmean": 5.5902504921,
        "dmean2": 9.07787227631,
        "dvar": 37.5763626099,
        "dvar2": 88.0800018311,
        "max": 137.09727478,
        "mean": 22.1466560364,
        "median": 18.5855731964,
        "min": 1.0979142189,
        "var": 263.931518555
    },
    "hfc": {
        "dmean": 3.57959294319,
        "dmean2": 5.9172706604,
        "dvar": 66.7417907715,
        "dvar2": 186.186843872,
        "max": 164.859664917,
        "mean": 11.73939991,
        "median": 2.19623088837,
        "min": 1.13421761514e-16,
        "var": 357.083770752
    },
    "melbands_crest": {
        "dmean": 4.26938819885,
        "dmean2": 7.23053884506,
        "dvar": 12.0441093445,
        "dvar2": 33.1988716125,
        "max": 33.5153388977,
        "mean": 15.4028615952,
        "median": 14.608757019,
        "min": 1.83882451057,
        "var": 32.2773170471
    },
    "melbands_flatness_db": {
        "dmean": 0.0276950057596,
        "dmean2": 0.0453815124929,
        "dvar": 0.000558566127438,
        "dvar2": 0.00143694609869,
        "max": 0.526374101639,
        "mean": 0.249286472797,
        "median": 0.240723818541,
        "min": 0.00406260648742,
        "var": 0.00384518364444
    },
    "melbands_kurtosis": {
        "dmean": 5.87937402725,
        "dmean2": 9.71451950073,
        "dvar": 109.021186829,
        "dvar2": 281.232177734,
        "max": 331.899810791,
        "mean": 9.62653064728,
        "median": 4.40175247192,
        "min": -1.59965825081,
        "var": 281.197601318
    },
    "melbands_skewness": {
        "dmean": 0.7365899086,
        "dmean2": 1.20959174633,
        "dvar": 0.530361533165,
        "dvar2": 1.38545012474,
        "max": 14.4291620255,
        "mean": 1.90284228325,
        "median": 1.63787078857,
        "min": -2.46907329559,
        "var": 2.14437294006
    },
    "melbands_spread": {
        "dmean": 5.38222169876,
        "dmean2": 8.98326206207,
        "dvar": 43.902797699,
        "dvar2": 115.834335327,
        "max": 171.012680054,
        "mean": 16.2623443604,
        "median": 13.8321762085,
        "min": 0.64191955328,
        "var": 148.443191528
    },
    "pitch_salience": {
        "dmean": 0.082818903029,
        "dmean2": 0.138778820634,
        "dvar": 0.00446545053273,
        "dvar2": 0.0124106267467,
        "max": 0.988843679428,
        "mean": 0.515950202942,
        "median": 0.530647516251,
        "min": 0.0936407074332,
        "var": 0.0165207628161
    },
    "silence_rate_20dB": {
        "dmean": 0,
        "dmean2": 0,
        "dvar": 0,
        "dvar2": 0,
        "max": 1,
        "mean": 1,
        "median": 1,
        "min": 1,
        "var": 0
    },
    "silence_rate_30dB": {
        "dmean": 0.00238710967824,
        "dmean2": 0.0047751693055,
        "dvar": 0.0023814260494,
        "dvar2": 0.00554828206077,
        "max": 1,
        "mean": 0.997812271118,
        "median": 1,
        "min": 0,
        "var": 0.00218295142986
    },
    "silence_rate_60dB": {
        "dmean": 0.0314302779734,
        "dmean2": 0.0628730580211,
        "dvar": 0.0304422676563,
        "dvar2": 0.069669097662,
        "max": 1,
        "mean": 0.524065256119,
        "median": 1,
        "min": 0,
        "var": 0.2494340837
    },
    "spectral_centroid": {
        "dmean": 205.704483032,
        "dmean2": 337.855743408,
        "dvar": 60799.9570312,
        "dvar2": 137364.328125,
        "max": 11440.7207031,
        "mean": 1239.17126465,
        "median": 1206.48461914,
        "min": 253.263519287,
        "var": 401738.46875
    },
    "spectral_complexity": {
        "dmean": 1.62323451042,
        "dmean2": 2.7262237072,
        "dvar": 3.58113956451,
        "dvar2": 9.45924472809,
        "max": 38,
        "mean": 10.2271280289,
        "median": 6,
        "min": 0,
        "var": 103.763908386
    },
    "spectral_decrease": {
        "dmean": 1.00247765644e-09,
        "dmean2": 1.6731135366e-09,
        "dvar": 5.52572489694e-18,
        "dvar2": 1.56737292666e-17,
        "max": 9.96549627453e-28,
        "mean": -2.58583932045e-09,
        "median": -6.30695717874e-10,
        "min": -4.74569255005e-08,
        "var": 1.90439707933e-17
    },
    "spectral_energy": {
        "dmean": 0.00409208517522,
        "dmean2": 0.00681872107089,
        "dvar": 9.18202131288e-05,
        "dvar2": 0.000260276923655,
        "max": 0.192659884691,
        "mean": 0.0108243459836,
        "median": 0.00258292630315,
        "min": 1.07166991769e-20,
        "var": 0.000329511880409
    },
    "spectral_energyband_high": {
        "dmean": 5.19646164321e-06,
        "dmean2": 7.85098745837e-06,
        "dvar": 1.28626914675e-10,
        "dvar2": 2.83412709967e-10,
        "max": 0.000290776137263,
        "mean": 2.08290675801e-05,
        "median": 5.48112984688e-06,
        "min": 7.31198500149e-21,
        "var": 9.78659930873e-10
    },
    "spectral_energyband_low": {
        "dmean": 5.92276956013e-06,
        "dmean2": 9.92912282527e-06,
        "dvar": 1.15051149163e-10,
        "dvar2": 3.0575511567e-10,
        "max": 0.000234069069847,
        "mean": 1.74658762262e-05,
        "median": 1.51742542585e-05,
        "min": 2.6577222457e-23,
        "var": 2.47999842884e-10
    },
    "spectral_energyband_middle_high": {
        "dmean": 0.00218598707579,
        "dmean2": 0.00369112379849,
        "dvar": 3.93326990888e-05,
        "dvar2": 0.000113572699775,
        "max": 0.154998749495,
        "mean": 0.0055993408896,
        "median": 0.000610126066022,
        "min": 1.36956865534e-21,
        "var": 0.000135405251058
    },
    "spectral_energyband_middle_low": {
        "dmean": 0.00310564646497,
        "dmean2": 0.00523078627884,
        "dvar": 6.66315245326e-05,
        "dvar2": 0.000185832046554,
        "max": 0.188892602921,
        "mean": 0.00554873421788,
        "median": 0.00150279165246,
        "min": 2.40568446814e-22,
        "var": 0.000119709337014
    },
    "spectral_entropy": {
        "dmean": 0.169411092997,
        "dmean2": 0.27110183239,
        "dvar": 0.0280623100698,
        "dvar2": 0.0663964673877,
        "max": 9.81599807739,
        "mean": 7.02352619171,
        "median": 7.09840297699,
        "min": 4.21866893768,
        "var": 0.274820268154
    },
    "spectral_flux": {
        "dmean": 0.0107932472602,
        "dmean2": 0.0180618520826,
        "dvar": 0.000273878627922,
        "dvar2": 0.000716737355106,
        "max": 0.319349884987,
        "mean": 0.0469157621264,
        "median": 0.0306045934558,
        "min": 6.64670402051e-11,
        "var": 0.00220160908066
    },
    "spectral_kurtosis": {
        "dmean": 3.97715806961,
        "dmean2": 6.98761987686,
        "dvar": 13.3517971039,
        "dvar2": 41.396396637,
        "max": 49.7098617554,
        "mean": 10.1309013367,
        "median": 9.33720779419,
        "min": -1.22982656956,
        "var": 33.624420166
    },
    "spectral_rms": {
        "dmean": 0.000440897361841,
        "dmean2": 0.000720960320905,
        "dvar": 4.32808462847e-07,
        "dvar2": 1.18920274872e-06,
        "max": 0.0137098822743,
        "mean": 0.00235284306109,
        "median": 0.00158742815256,
        "min": 3.23346818071e-12,
        "var": 5.02445664097e-06
    },
    "spectral_rolloff": {
        "dmean": 352.152679443,
        "dmean2": 629.088195801,
        "dvar": 407777.09375,
        "dvar2": 942534.9375,
        "max": 19013.8183594,
        "mean": 1391.17114258,
        "median": 1227.39257812,
        "min": 21.533203125,
        "var": 1453467.5
    },
    "spectral_skewness": {
        "dmean": 0.35214355588,
        "dmean2": 0.605856657028,
        "dvar": 0.0895793586969,
        "dvar2": 0.271079212427,
        "max": 5.64452648163,
        "mean": 1.97856998444,
        "median": 1.88288164139,
        "min": -0.046034000814,
        "var": 0.461512416601
    },
    "spectral_spread": {
        "dmean": 274637.34375,
        "dmean2": 411234.0625,
        "dvar": 489143336960,
        "dvar2": 722451890176,
        "max": 42045552,
        "mean": 2851031.75,
        "median": 2236316,
        "min": 1432041.625,
        "var": 4.36371456e+12
    },
    "spectral_strongpeak": {
        "dmean": 0.561502277851,
        "dmean2": 0.925918698311,
        "dvar": 0.791452825069,
        "dvar2": 2.14836931229,
        "max": 10.2899560928,
        "mean": 1.06028699875,
        "median": 0.517856478691,
        "min": 0,
        "var": 1.96233129501
    },
    "zerocrossingrate": {
        "dmean": 0.00574709055945,
        "dmean2": 0.00758856674656,
        "dvar": 0.000106730578409,
        "dvar2": 0.000205117350561,
        "max": 0.5146484375,
        "mean": 0.0508861318231,
        "median": 0.04931640625,
        "min": 0.0048828125,
        "var": 0.000863856228534
    },
    "barkbands": {
        "dmean": [1.95046663976e-06, 1.58128329986e-06, 2.62759704128e-06, 9.58222153713e-06, 5.65550253668e-05, 8.21093854029e-05, 0.00041694988613, 0.000688715779688, 0.00204320810735, 0.00142253236845, 0.000294483877951, 0.000561495311558, 0.000421713892138, 0.000339697842719, 0.000287530914648, 6.87254869263e-05, 0.000118973643112, 0.00016793202667, 8.77292841324e-05, 9.07795310923e-06, 1.90376067621e-06, 1.34364370297e-06, 1.589766498e-06, 7.94054869857e-07, 2.46217382482e-07, 3.78077977814e-08, 2.91255086715e-09],
        "dmean2": [3.25946029989e-06, 2.71591079581e-06, 4.35812762589e-06, 1.58483908308e-05, 9.18496516533e-05, 0.000139429394039, 0.000726618338376, 0.00118199293502, 0.00349964434281, 0.0024961065501, 0.000502949929796, 0.000953247013967, 0.000699132680893, 0.000560988439247, 0.000468171405373, 0.000115362097858, 0.000200072579901, 0.000284477893729, 0.000145976693602, 1.5365649233e-05, 3.1219281027e-06, 2.20139122575e-06, 2.49554022957e-06, 1.16531782623e-06, 3.57789872396e-07, 5.18317904152e-08, 4.70193217694e-09],
        "dvar": [4.28462690674e-12, 8.84939170553e-12, 2.91635292304e-11, 5.12282494203e-10, 9.40930089399e-09, 2.837072266e-08, 1.06475249595e-06, 2.38763709604e-06, 4.62536772829e-05, 3.59905679943e-05, 1.09276413696e-06, 5.83700784773e-06, 2.78242941931e-06, 1.97742338059e-06, 1.02161129689e-06, 2.55096956892e-08, 5.71270604155e-08, 1.14812138463e-07, 3.05737835049e-08, 4.87411333516e-10, 2.26019637034e-11, 9.6321102136e-12, 1.79633252717e-11, 5.70064698571e-12, 1.91546192969e-12, 3.53200202917e-14, 2.17713354889e-16],
        "dvar2": [1.23064180374e-11, 2.45152821654e-11, 7.73926756015e-11, 1.32437583122e-09, 2.4686299227e-08, 7.84320874914e-08, 3.22118489748e-06, 6.64830986352e-06, 0.000132652960019, 0.000107814012154, 3.08178550767e-06, 1.54322824528e-05, 7.15995611245e-06, 5.29195494892e-06, 2.67873565463e-06, 6.54685905488e-08, 1.61532241805e-07, 3.28017051743e-07, 8.32941395856e-08, 1.39228040208e-09, 5.90043569559e-11, 2.52786905991e-11, 3.84177897828e-11, 1.14544857974e-11, 3.50454517836e-12, 4.84500067561e-14, 5.00320656724e-16],
        "max": [9.17408178793e-05, 5.78967374167e-05, 0.000128108062199, 0.000520710018463, 0.00198080693372, 0.00283470703289, 0.016521666199, 0.0281507838517, 0.163238376379, 0.125763073564, 0.022488867864, 0.054549779743, 0.0566551163793, 0.036811798811, 0.02251310274, 0.00323192938231, 0.00457007717341, 0.00464241905138, 0.00286542647518, 0.000589649716858, 9.22876934055e-05, 5.92892829445e-05, 0.00017125820159, 0.000106666127976, 6.16298348177e-05, 1.15084985737e-05, 8.0354294596e-07],
        "mean": [3.53811410605e-05, 2.15528075387e-06, 3.45664489032e-06, 1.28420333567e-05, 9.04987318791e-05, 0.000112796216854, 0.000550147786271, 0.000958261371125, 0.00291734584607, 0.00206674775109, 0.000455275730928, 0.000891465460882, 0.000644421728794, 0.000551622069906, 0.000487601791974, 0.000135833193781, 0.00027244433295, 0.000386322877603, 0.000213837658521, 2.0377272449e-05, 4.43487215307e-06, 3.47355171471e-06, 4.49979734185e-06, 2.35774336943e-06, 6.17864827746e-07, 1.14212994617e-07, 4.61977966992e-09],
        "median": [3.13847085636e-05, 1.11197653041e-06, 1.12279235509e-06, 2.18254263018e-06, 4.81186289107e-05, 4.85396958538e-05, 0.000138799485285, 0.000196874403628, 0.000104365026345, 1.33394441946e-05, 1.08673457362e-05, 2.54592559941e-05, 2.51826240856e-05, 2.28817261814e-05, 2.74731501122e-05, 2.50438606599e-05, 4.00251155952e-05, 5.43077694601e-05, 2.81432894553e-05, 2.49741970038e-06, 6.21572382897e-07, 1.00000420389e-06, 1.32791046781e-06, 6.54416055568e-07, 1.33882295472e-07, 3.45557644721e-08, 1.06342967765e-09],
        "min": [5.3995982795e-24, 1.99458162963e-23, 5.10734779665e-24, 2.93532835415e-24, 1.92299597347e-23, 1.90385915454e-23, 4.32458660061e-23, 3.2616312407e-23, 4.51375071251e-23, 7.22753288513e-23, 3.88897823983e-23, 4.02652907598e-23, 4.39795255806e-23, 7.48261516091e-23, 4.16415406505e-23, 7.43754154205e-23, 1.13197955315e-22, 1.15352075701e-22, 2.27906737036e-22, 1.79642333589e-22, 3.37027076643e-22, 4.04883124662e-22, 4.3948857193e-22, 6.87791490686e-22, 1.05511441067e-21, 1.57273843095e-21, 2.19777163163e-21],
        "var": [6.13740946953e-10, 1.2159110524e-11, 4.74130422423e-11, 8.1918577477e-10, 1.76816730146e-08, 4.07286613324e-08, 1.45125989093e-06, 3.76161369786e-06, 6.66828054818e-05, 6.5949265263e-05, 2.06436698136e-06, 1.08161193566e-05, 4.87921988679e-06, 3.36297875947e-06, 2.41693851422e-06, 6.41851443106e-08, 1.97643828415e-07, 3.67564496173e-07, 1.16836005759e-07, 1.28577992697e-09, 7.03765240528e-11, 3.31895864958e-11, 5.36039025667e-11, 2.1318476498e-11, 6.44258474694e-12, 1.43825950498e-13, 4.47438695761e-16]
    },
    "erbbands": {
        "dmean": [4.07315965276e-05, 0.000418898940552, 0.00237671053037, 0.0155390417203, 0.105279438198, 0.240151792765, 0.313529908657, 0.794136345387, 3.38608121872, 10.2146863937, 19.2707805634, 36.2273254395, 60.6481513977, 19.2569580078, 11.8431997299, 26.1621990204, 17.3243980408, 15.8132238388, 15.8434810638, 8.86418533325, 3.41542935371, 6.72314739227, 8.72543811798, 6.63827419281, 2.31096792221, 0.334973484278, 0.110561706126, 0.0543134994805, 0.0450624786317, 0.0519965551794, 0.0423522591591, 0.0251652412117, 0.00920891668648, 0.00395283242688, 0.00106699543539, 0.000265757902525, 5.51146986254e-05, 8.65338188305e-06, 2.21978098125e-06, 4.7891212489e-06],
        "dmean2": [7.0888454502e-05, 0.000718207389582, 0.00396425556391, 0.025622151792, 0.170938402414, 0.394484847784, 0.52391397953, 1.35140943527, 5.87305641174, 17.601978302, 33.0872421265, 61.7593955994, 102.327819824, 32.8758163452, 20.0825519562, 44.1556358337, 28.62758255, 26.0747871399, 26.0547428131, 14.5322446823, 5.76959562302, 11.3403921127, 14.8612041473, 10.9892416, 3.92381644249, 0.557400107384, 0.181539863348, 0.0868790224195, 0.0738602280617, 0.0832237526774, 0.0659685954452, 0.0378767363727, 0.0131403114647, 0.00560961384326, 0.0015607556561, 0.000389469380025, 7.54763823352e-05, 1.22917999761e-05, 3.62661648978e-06, 7.96688345872e-06],
        "dvar": [4.24590362869e-09, 6.04124068104e-07, 1.90169594134e-05, 0.00116014201194, 0.0418731197715, 0.194891497493, 0.357109457254, 2.77776622772, 46.8706207275, 620.531311035, 1830.16674805, 9773.83398438, 56645.7148438, 7893.48095703, 1739.86633301, 13239.1298828, 3736.87890625, 2908.46240234, 3361.99487305, 959.988586426, 47.8586883545, 187.717956543, 358.045959473, 164.677352905, 26.1857433319, 0.584853231907, 0.0739812105894, 0.0258466470987, 0.0095849018544, 0.0179595630616, 0.0129495793954, 0.00464322743937, 0.000861648179125, 0.000493039318826, 3.98987394874e-05, 1.66271354374e-06, 1.03738720725e-07, 2.21425233704e-09, 2.56525460596e-11, 1.24992974304e-10],
        "dvar2": [1.1476910089e-08, 1.6741531681e-06, 5.04110066686e-05, 0.00300811044872, 0.102966718376, 0.510884344578, 0.978673279285, 7.59187078476, 134.551544189, 1861.21728516, 5130.15332031, 27535.8789062, 159178.0625, 22967.1542969, 4829.17041016, 34569.0390625, 9649.62304688, 7610.39892578, 9057.61523438, 2404.72558594, 133.182693481, 529.452819824, 1040.24853516, 448.948364258, 72.9392547607, 1.65556585789, 0.192342177033, 0.0627924129367, 0.0251828655601, 0.0423483252525, 0.0277760606259, 0.00977596733719, 0.0015374738723, 0.000956117874011, 6.72043679515e-05, 2.58033878708e-06, 1.5563476552e-07, 4.38898251076e-09, 7.094603377e-11, 3.53826995481e-10],
        "max": [0.00149193534162, 0.0144207309932, 0.092205055058, 0.747441649437, 5.01386070251, 8.9867143631, 9.65909004211, 31.5341434479, 90.8288345337, 368.606872559, 780.515930176, 1711.87890625, 4690.66748047, 2075.61523438, 982.120849609, 2646.42919922, 2124.09765625, 1090.57727051, 1379.34997559, 1371.46643066, 162.044342041, 279.294372559, 317.292419434, 206.517593384, 113.742851257, 15.2473840714, 6.2774271965, 4.0400056839, 1.91822898388, 4.75310897827, 5.0107717514, 2.58993411064, 1.1782181263, 0.943078994751, 0.33447009325, 0.0724738761783, 0.0174198150635, 0.00288978870958, 9.93071953417e-05, 0.000223815266509],
        "mean": [0.000122092984384, 0.000576339371037, 0.00343943480402, 0.0237066335976, 0.157145991921, 0.350614517927, 0.467223733664, 1.1403285265, 4.73752355576, 13.9759149551, 27.8607788086, 56.1568832397, 91.879196167, 30.9140625, 20.9953212738, 41.7750930786, 29.5428161621, 28.6979999542, 28.0004653931, 16.3856868744, 8.52596092224, 16.1945705414, 20.4919872284, 17.2636394501, 6.09749507904, 1.00610435009, 0.28666228056, 0.144241303205, 0.122047953308, 0.133201733232, 0.119378171861, 0.0759509578347, 0.0268941614777, 0.00983165483922, 0.00289660203271, 0.000779267807957, 0.000168996702996, 2.36747837334e-05, 6.77177149555e-06, 1.3205301002e-05],
        "median": [0.000114579845103, 0.000294903700706, 0.00145935453475, 0.00685894116759, 0.0549842119217, 0.165147870779, 0.218697041273, 0.507215619087, 1.38350510597, 3.91355395317, 6.61002159119, 2.86793828011, 0.753654956818, 0.556003093719, 0.704071879387, 1.41892647743, 1.70201921463, 1.69470489025, 1.61551845074, 1.56145572662, 1.82805621624, 2.5293970108, 2.85090112686, 2.41375160217, 0.750214576721, 0.137247174978, 0.0354503765702, 0.0271667987108, 0.0326390229166, 0.0422623604536, 0.0354843586683, 0.0191117748618, 0.00755232572556, 0.00206450652331, 0.000735792156775, 0.000215987762203, 5.1859744417e-05, 7.69817324908e-06, 1.75888453668e-06, 3.08547487293e-06],
        "min": [3.60122904464e-22, 3.38437352945e-21, 6.16110131182e-21, 6.9594606577e-21, 3.63114646699e-20, 7.23782648243e-20, 9.17371669031e-20, 2.28392296095e-19, 5.38089932356e-19, 6.27498385502e-19, 7.64579273602e-19, 1.00948656667e-18, 1.97069556407e-18, 1.23033241649e-18, 2.3503342421e-18, 1.87450335102e-18, 2.35127660761e-18, 3.98461421027e-18, 2.88248289801e-18, 3.50834057077e-18, 5.40166558944e-18, 6.94375855309e-18, 8.14794989087e-18, 1.07125472795e-17, 9.97855021729e-18, 9.04736735914e-18, 1.20230553142e-17, 1.20470824295e-17, 1.52177310646e-17, 1.63071113878e-17, 1.48736553627e-17, 1.46860623803e-17, 1.1941010578e-17, 9.48557704199e-18, 7.21089239601e-18, 5.81914405819e-18, 2.69140252215e-18, 1.18637262662e-18, 2.89330976165e-19, 3.27173164408e-20],
        "var": [7.9462179059e-09, 8.66555296852e-07, 3.29862705257e-05, 0.00206639524549, 0.0798766314983, 0.317273616791, 0.577269077301, 4.02269458771, 72.2881546021, 884.176513672, 2860.9597168, 17978.1933594, 97901.921875, 14295.3505859, 3701.81811523, 24224.2421875, 7706.68798828, 6442.43017578, 8133.67773438, 2133.84643555, 177.96585083, 673.084716797, 1065.68859863, 697.359863281, 102.403518677, 2.74497818947, 0.266266226768, 0.0803137049079, 0.0411233194172, 0.0482108332217, 0.0388326533139, 0.0178768411279, 0.00367690087296, 0.00150777515955, 0.000141095952131, 6.51944083074e-06, 3.63479898624e-07, 7.0147092579e-09, 1.1433067687e-10, 4.7800546854e-10]
    },
    "gfcc": {
        "mean": [-200.133255005, 104.565559387, -173.91003418, -1.03546214104, -69.375, -10.3579320908, -48.0219306946, 13.061665535, -6.15868902206, -9.42833423615, -0.542213737965, -9.01019859314, -14.2702894211],
        "cov": [[19422.3710938, -1217.65209961, -6116.04492188, -2316.71289062, -558.914916992, -1447.33874512, 289.557067871, -12.9847173691, -210.708023071, -1060.14538574, 604.413391113, -218.67906189, -649.435119629], [-1217.65209961, 1010.28942871, 516.972473145, 118.48110199, 137.075759888, -191.392166138, -202.38482666, -127.834083557, -52.7648620605, -63.1252784729, 75.8568649292, 47.2287635803, 85.7777328491], [-6116.04492188, 516.972473145, 2453.87939453, 993.56652832, 91.4755783081, 418.442749023, -273.107452393, -97.6597824097, -53.1026344299, 288.318908691, -240.317779541, 120.552688599, 202.650283813], [-2316.71289062, 118.48110199, 993.56652832, 717.823547363, 142.714447021, 94.3208312988, -269.365142822, -105.243385315, -36.8625068665, 123.040817261, -130.675613403, 19.4542598724, 49.7389526367], [-558.914916992, 137.075759888, 91.4755783081, 142.714447021, 262.167419434, -23.0739021301, -105.924484253, -27.7060337067, 39.6470947266, 22.9958019257, -59.1284980774, -76.9608764648, -11.0454130173], [-1447.33874512, -191.392166138, 418.442749023, 94.3208312988, -23.0739021301, 454.892089844, 189.606033325, 75.3974151611, -19.5062065125, 85.5676498413, -140.187652588, -9.08920383453, 36.6900100708], [289.557067871, -202.38482666, -273.107452393, -269.365142822, -105.924484253, 189.606033325, 432.198364258, 159.215576172, -40.8260154724, -105.753707886, -17.448135376, 15.0907068253, 18.4282722473], [-12.9847173691, -127.834083557, -97.6597824097, -105.243385315, -27.7060337067, 75.3974151611, 159.215576172, 161.088104248, 62.9988136292, -0.799667000771, -25.4643707275, -13.23458004, 8.45858383179], [-210.708023071, -52.7648620605, -53.1026344299, -36.8625068665, 39.6470947266, -19.5062065125, -40.8260154724, 62.9988136292, 229.553436279, 137.050445557, -34.6734046936, -95.8508911133, -12.489315033], [-1060.14538574, -63.1252784729, 288.318908691, 123.040817261, 22.9958019257, 85.5676498413, -105.753707886, -0.799667000771, 137.050445557, 262.946594238, -4.92398166656, -31.3209972382, -4.37443685532], [604.413391113, 75.8568649292, -240.317779541, -130.675613403, -59.1284980774, -140.187652588, -17.448135376, -25.4643707275, -34.6734046936, -4.92398166656, 211.072158813, 94.2601852417, -30.814786911], [-218.67906189, 47.2287635803, 120.552688599, 19.4542598724, -76.9608764648, -9.08920383453, 15.0907068253, -13.23458004, -95.8508911133, -31.3209972382, 94.2601852417, 164.384796143, 49.7100334167], [-649.435119629, 85.7777328491, 202.650283813, 49.7389526367, -11.0454130173, 36.6900100708, 18.4282722473, 8.45858383179, -12.489315033, -4.37443685532, -30.814786911, 49.7100334167, 136.758117676]],
        "icov": [[0.000576351885684, 2.88110149995e-05, 0.00133759784512, 7.64423111832e-06, 0.0011813264573, 0.00039470748743, 0.000851860793773, -0.00011717727466, 0.000668546475936, 0.000665138475597, 0.000698600197211, 0.000135983136715, 0.000806336465757], [2.88110149995e-05, 0.00250668660738, -0.00152156047989, 0.00150943326298, -0.00144008698408, 0.000824220885988, 0.000427606282756, 0.000960229139309, -0.000334571901476, 0.00201354641467, -0.00240404414944, 0.00161907274742, -0.00128053769004], [0.00133759784512, -0.00152156047989, 0.0055395392701, -0.00243256869726, 0.00391184119508, -0.000330061593559, 0.00200143456459, -0.000846869428642, 0.00185680633876, -0.000410050299251, 0.00377322710119, -0.00169820804149, 0.00179358350579], [7.64423111832e-06, 0.00150943326298, -0.00243256869726, 0.00574205443263, -0.00226752879098, 0.000934134528507, 0.00185133109335, 0.000430218613474, 0.00122338859364, 0.000372891605366, 0.000736966787372, -0.00017831241712, 0.000250474462518], [0.0011813264573, -0.00144008698408, 0.00391184119508, -0.00226752879098, 0.00880637019873, 0.000110396824311, 0.00244736624882, -0.00118775491137, 0.00136538688093, 0.00100495689549, 0.00223268475384, 0.00236686249264, 0.00176609889604], [0.00039470748743, 0.000824220885988, -0.000330061593559, 0.000934134528507, 0.000110396824311, 0.00712417857721, -0.00302880560048, 1.21248194773e-05, 0.00332134193741, -0.00350040313788, 0.0040573021397, -0.0002812090097, 0.00121952837799], [0.000851860793773, 0.000427606282756, 0.00200143456459, 0.00185133109335, 0.00244736624882, -0.00302880560048, 0.00943749397993, -0.00548759847879, 0.0022560111247, 0.00400842446834, -0.000560899090488, 0.00142269372009, -9.33120245463e-05], [-0.00011717727466, 0.000960229139309, -0.000846869428642, 0.000430218613474, -0.00118775491137, 1.21248194773e-05, -0.00548759847879, 0.014431970194, -0.00676993047819, 0.00164307933301, 0.000401191005949, -0.00267112627625, 0.000182975330972], [0.000668546475936, -0.000334571901476, 0.00185680633876, 0.00122338859364, 0.00136538688093, 0.00332134193741, 0.0022560111247, -0.00676993047819, 0.0148821827024, -0.00737454928458, 0.00277165020816, 0.00544774904847, -0.000710278691258], [0.000665138475597, 0.00201354641467, -0.000410050299251, 0.000372891605366, 0.00100495689549, -0.00350040313788, 0.00400842446834, 0.00164307933301, -0.00737454928458, 0.0139463776723, -0.0064020245336, 0.00259184162132, 0.000134155648993], [0.000698600197211, -0.00240404414944, 0.00377322710119, 0.000736966787372, 0.00223268475384, 0.0040573021397, -0.000560899090488, 0.000401191005949, 0.00277165020816, -0.0064020245336, 0.0183047316968, -0.0119884144515, 0.00663917092606], [0.000135983136715, 0.00161907274742, -0.00169820804149, -0.00017831241712, 0.00236686249264, -0.0002812090097, 0.00142269372009, -0.00267112627625, 0.00544774904847, 0.00259184162132, -0.0119884144515, 0.0205116625875, -0.00712498417124], [0.000806336465757, -0.00128053769004, 0.00179358350579, 0.000250474462518, 0.00176609889604, 0.00121952837799, -9.33120245463e-05, 0.000182975330972, -0.000710278691258, 0.000134155648993, 0.00663917092606, -0.00712498417124, 0.0130375791341]]
    },
    "melbands": {
        "dmean": [4.42888079988e-07, 9.52375501129e-07, 4.89250260216e-06, 1.21411221699e-05, 1.08890726551e-05, 1.86626621144e-05, 6.06052381045e-05, 0.000113036148832, 0.000182001414942, 0.000261445151409, 0.000309118069708, 9.16711360333e-05, 3.97151852667e-05, 5.26991134393e-05, 6.85327249812e-05, 3.25248947775e-05, 3.24321918015e-05, 2.81198899756e-05, 2.18870482058e-05, 6.29559690424e-06, 4.44935449195e-06, 7.87542194303e-06, 7.7816994235e-06, 8.74032411957e-06, 6.00370367465e-06, 2.63598508354e-06, 8.13118049336e-07, 1.68181827576e-07, 9.42468432186e-08, 4.28810515984e-08, 3.53993776514e-08, 2.82362329074e-08, 3.04440845866e-08, 3.37902434921e-08, 2.81231606891e-08, 2.58348258342e-08, 1.46452343586e-08, 7.61933804938e-09, 5.13605158403e-09, 3.08958658657e-09],
        "dmean2": [7.62787351505e-07, 1.5898658603e-06, 8.02434351499e-06, 1.9794826585e-05, 1.80317965714e-05, 3.18070342473e-05, 0.00010544941324, 0.000194691616343, 0.000313499884214, 0.000444778066594, 0.000522168294992, 0.000157779475558, 6.75982955727e-05, 8.92712560017e-05, 0.000114673632197, 5.44255090063e-05, 5.31342084287e-05, 4.64019576611e-05, 3.61568272638e-05, 1.04237833511e-05, 7.62707304602e-06, 1.3270441741e-05, 1.3229506294e-05, 1.49522729771e-05, 1.0047021533e-05, 4.49051594842e-06, 1.36985033805e-06, 2.81364975763e-07, 1.55388548251e-07, 7.02109659301e-08, 5.75055381091e-08, 4.66191920623e-08, 5.0055444234e-08, 5.49920997628e-08, 4.49881980558e-08, 4.10422096309e-08, 2.25494165562e-08, 1.14961489217e-08, 7.69711938631e-09, 4.53265025513e-09],
        "dvar": [5.04429993869e-13, 2.94869402333e-12, 1.05579919807e-10, 4.49886933263e-10, 3.94422439154e-10, 1.56806745366e-09, 1.70029483826e-08, 6.67462103365e-08, 1.64898878552e-07, 6.66912910674e-07, 1.45089870784e-06, 2.12129435795e-07, 2.13981241615e-08, 4.83194888545e-08, 8.28575181799e-08, 1.35646613941e-08, 1.43428842136e-08, 1.2824074247e-08, 5.51052092845e-09, 4.50887077674e-10, 8.0380334333e-11, 2.65375804664e-10, 2.7503166411e-10, 3.28924498749e-10, 1.4135551063e-10, 3.18780800368e-11, 4.00680703894e-12, 1.60318861051e-13, 5.74804689523e-14, 1.70395110782e-14, 9.07776898627e-15, 3.77638712808e-15, 6.04759586186e-15, 7.14944765987e-15, 6.36347223559e-15, 3.91607937823e-15, 1.94956279514e-15, 5.61995507894e-16, 4.76095673251e-16, 3.49755574031e-16],
        "dvar2": [1.39048549151e-12, 7.79147493052e-12, 2.67391025988e-10, 1.182227094e-09, 1.05728525934e-09, 4.42456959959e-09, 4.99145329513e-08, 1.97582536998e-07, 4.64170739178e-07, 1.88864134998e-06, 4.10654411098e-06, 6.26385428859e-07, 5.94239466523e-08, 1.27703131625e-07, 2.19929546574e-07, 3.74000599379e-08, 3.77406408347e-08, 3.46713804333e-08, 1.47897951663e-08, 1.15539655621e-09, 2.28932400814e-10, 7.44363626293e-10, 7.77183151168e-10, 9.625551467e-10, 3.84061338288e-10, 9.04979077787e-11, 1.13643382899e-11, 4.50878050173e-13, 1.49796868703e-13, 4.27989790147e-14, 2.21157710607e-14, 1.01551737194e-14, 1.58895181626e-14, 1.63754575763e-14, 1.36856045024e-14, 9.51333026841e-15, 4.37392059149e-15, 1.0663870579e-15, 1.0729441517e-15, 6.78973934283e-16],
        "max": [1.62924588949e-05, 3.46504930349e-05, 0.000193663145183, 0.000378544908017, 0.000402444595238, 0.000636471435428, 0.00211028242484, 0.00429287180305, 0.00612923037261, 0.0176387093961, 0.0231720115989, 0.0107853543013, 0.00354280904867, 0.00501672597602, 0.00770482281223, 0.00280859344639, 0.00274249678478, 0.00224236771464, 0.00192303350195, 0.000758096342906, 0.000173794716829, 0.000304684508592, 0.000310552830342, 0.00027857979876, 0.000170471044839, 9.7763404483e-05, 6.09219932812e-05, 9.63608363236e-06, 6.30456224826e-06, 3.37479582413e-06, 2.44400666816e-06, 1.07100845526e-06, 1.64792083979e-06, 2.86305703412e-06, 3.54966982741e-06, 1.70719840753e-06, 1.67118662375e-06, 1.06868787952e-06, 9.68881863628e-07, 7.59632200698e-07],
        "mean": [2.05661126529e-06, 1.37599715799e-06, 7.37942946216e-06, 1.87412333617e-05, 1.67305006471e-05, 2.60381693806e-05, 8.32761652418e-05, 0.000155480447575, 0.000253833597526, 0.000392792600906, 0.000464216485852, 0.000134418543894, 6.51189329801e-05, 8.67076159921e-05, 0.000104376929812, 5.40959917998e-05, 5.41277513548e-05, 4.5698689064e-05, 3.54648836947e-05, 1.13466212497e-05, 9.52370555751e-06, 1.65920755535e-05, 1.74619726749e-05, 1.87551140698e-05, 1.40075362651e-05, 6.03238913754e-06, 1.78500340553e-06, 3.80298075697e-07, 1.97478939867e-07, 9.41165225754e-08, 7.89882363961e-08, 6.75290721119e-08, 6.75261517813e-08, 7.84762690387e-08, 6.87629295726e-08, 6.58407230958e-08, 3.90038330522e-08, 1.97842737748e-08, 1.19409628851e-08, 6.85152912183e-09],
        "median": [2.01234524866e-06, 5.7994685676e-07, 1.95549614546e-06, 9.36836113397e-06, 8.44970418257e-06, 1.03104393929e-05, 2.31630674534e-05, 4.30481450167e-05, 4.23956662416e-05, 1.23261324916e-05, 2.70448936135e-06, 1.60975662311e-06, 1.59690421242e-06, 2.37646554524e-06, 3.17229387292e-06, 2.35215748035e-06, 2.23779898079e-06, 2.02140836336e-06, 2.10155667446e-06, 1.48746585182e-06, 1.9771348434e-06, 2.32143202084e-06, 2.60015735876e-06, 2.58312365986e-06, 1.90043863313e-06, 7.77034699695e-07, 1.78913325044e-07, 4.96275553985e-08, 1.97133722679e-08, 1.32432749211e-08, 1.56855346489e-08, 1.64268421088e-08, 1.8427323667e-08, 2.43600624117e-08, 2.05369730111e-08, 1.40004079441e-08, 9.87683446141e-09, 5.42536326975e-09, 2.71563260767e-09, 1.25608989876e-09],
        "min": [6.12224614464e-24, 3.64443128033e-24, 1.60854457816e-24, 5.02867982617e-24, 3.23306102586e-24, 4.76116565473e-24, 1.0190769442e-23, 6.55867160754e-24, 6.32635364868e-24, 6.82675967529e-24, 1.04802253851e-23, 5.11908723021e-24, 7.97454124834e-24, 5.35825289617e-24, 4.36212864886e-24, 5.38735160838e-24, 7.91286494732e-24, 3.59270922065e-24, 3.69201852558e-24, 4.82840539727e-24, 6.87904774267e-24, 7.12911191646e-24, 6.592286154e-24, 5.86379914044e-24, 7.73022392624e-24, 7.10477240209e-24, 6.4440513013e-24, 5.73430249525e-24, 6.07865093001e-24, 6.78859616242e-24, 6.90701917265e-24, 7.41455097983e-24, 8.62368068775e-24, 7.94248509659e-24, 8.70355995415e-24, 7.79864419914e-24, 8.68557865868e-24, 7.61460137223e-24, 8.11820070779e-24, 7.74132951007e-24],
        "var": [1.69722113967e-12, 5.21831623052e-12, 1.9021287323e-10, 8.19152745635e-10, 6.78721412406e-10, 2.20940532536e-09, 2.55766572366e-08, 9.96449074364e-08, 2.55712649277e-07, 1.11999042929e-06, 2.54565588875e-06, 3.59257626315e-07, 4.27780975087e-08, 9.6316739473e-08, 1.45965415754e-07, 2.79591443331e-08, 2.77151581685e-08, 2.56139038868e-08, 1.18183622888e-08, 7.89247500688e-10, 2.31488148095e-10, 7.69278196699e-10, 8.19271761543e-10, 8.9672425041e-10, 4.93605045726e-10, 1.00653742285e-10, 1.11383385154e-11, 4.686728978e-13, 1.53334959205e-13, 4.38465046606e-14, 2.48953029009e-14, 1.36831210018e-14, 1.43770374973e-14, 1.75053639526e-14, 1.47827764434e-14, 1.29600835136e-14, 5.79526601742e-15, 2.02366144912e-15, 1.34846078192e-15, 9.95654830487e-16]
    },
    "mfcc": {
        "mean": [-819.308227539, 127.967895508, -41.2049980164, -0.17530746758, -2.33274626732, -26.2934875488, -21.2596817017, 5.17422199249, -14.5142126083, 7.88244485855, 10.4349374771, 1.2605779171, -3.13424301147],
        "cov": [[17942.8222656, 753.368469238, -5986.79980469, -1263.8416748, -1742.85058594, -1594.22167969, -398.316619873, 854.937133789, -1262.53466797, 106.377174377, 94.4193878174, 101.786270142, -445.378845215], [753.368469238, 944.881347656, -263.934631348, -27.5838165283, 29.3352527618, -241.732299805, -122.44152832, -53.3260955811, -242.55607605, -157.441085815, -50.3582077026, -41.5972175598, 70.8168792725], [-5986.79980469, -263.934631348, 2483.06542969, 522.973937988, 530.343078613, 551.134277344, 148.55645752, -273.67086792, 363.547210693, -191.285095215, -164.432800293, -62.1563606262, 140.745452881], [-1263.8416748, -27.5838165283, 522.973937988, 514.202331543, 383.758392334, 75.9466629028, -118.979743958, -175.562805176, -25.8165550232, -76.2570037842, -85.8079833984, -75.5663757324, 36.8480606079], [-1742.85058594, 29.3352527618, 530.343078613, 383.758392334, 590.533630371, 179.975524902, -185.984848022, -285.188049316, 34.5183105469, 28.4487304688, 3.0459985733, -83.7804031372, 16.624540329], [-1594.22167969, -241.732299805, 551.134277344, 75.9466629028, 179.975524902, 319.455505371, 76.3599090576, -88.5754318237, 161.608825684, 42.535369873, 7.63371610641, -43.8447952271, -39.727973938], [-398.316619873, -122.44152832, 148.55645752, -118.979743958, -185.984848022, 76.3599090576, 312.535644531, 196.513702393, 87.4327163696, -66.6220932007, -57.7736740112, 11.0180110931, -10.3781995773], [854.937133789, -53.3260955811, -273.67086792, -175.562805176, -285.188049316, -88.5754318237, 196.513702393, 315.676544189, 26.5261688232, -41.2904548645, -42.4607391357, 19.0455055237, -46.8429450989], [-1262.53466797, -242.55607605, 363.547210693, -25.8165550232, 34.5183105469, 161.608825684, 87.4327163696, 26.5261688232, 322.784729004, 134.111434937, 37.9767227173, -32.5643043518, -79.597076416], [106.377174377, -157.441085815, -191.285095215, -76.2570037842, 28.4487304688, 42.535369873, -66.6220932007, -41.2904548645, 134.111434937, 241.446762085, 133.400268555, -7.58069801331, -85.2835769653], [94.4193878174, -50.3582077026, -164.432800293, -85.8079833984, 3.0459985733, 7.63371610641, -57.7736740112, -42.4607391357, 37.9767227173, 133.400268555, 165.742446899, 69.4068756104, -3.52993798256], [101.786270142, -41.5972175598, -62.1563606262, -75.5663757324, -83.7804031372, -43.8447952271, 11.0180110931, 19.0455055237, -32.5643043518, -7.58069801331, 69.4068756104, 160.505096436, 104.07938385], [-445.378845215, 70.8168792725, 140.745452881, 36.8480606079, 16.624540329, -39.727973938, -10.3781995773, -46.8429450989, -79.597076416, -85.2835769653, -3.52993798256, 104.07938385, 205.35383606]],
