{
"lowlevel": {
    "average_loudness": 0.529391527176,
    "barkbands_crest": {
        "dmean": 2.67247152328,
        "dmean2": 4.31382846832,
        "dvar": 6.16303825378,
        "dvar2": 15.5502347946,
        "max": 26.2844371796,
        "mean": 15.1834468842,
        "median": 14.8203010559,
        "min": 2.96529698372,
        "var": 24.9089889526
    },
    "barkbands_flatness_db": {
        "dmean": 0.0287199988961,
        "dmean2": 0.0448491089046,
        "dvar": 0.000753739499487,
        "dvar2": 0.00179095112253,
        "max": 0.493764281273,
        "mean": 0.285681009293,
        "median": 0.294681727886,
        "min": 0.0287076793611,
        "var": 0.00647363252938
    },
    "barkbands_kurtosis": {
        "dmean": 10.0718355179,
        "dmean2": 15.4898900986,
        "dvar": 315.346130371,
        "dvar2": 717.361572266,
        "max": 288.092803955,
        "mean": 20.0878582001,
        "median": 11.8198547363,
        "min": -1.82831215858,
        "var": 672.864196777
    },
    "barkbands_skewness": {
        "dmean": 0.811319053173,
        "dmean2": 1.21927750111,
        "dvar": 0.856840074062,
        "dvar2": 1.87470757961,
        "max": 13.1823997498,
        "mean": 2.91666841507,
        "median": 2.63457608223,
        "min": -2.07249522209,
        "var": 3.7696659565
    },
    "barkbands_spread": {
        "dmean": 1.4221316576,
        "dmean2": 2.31629776955,
        "dvar": 8.2797088623,
        "dvar2": 21.5741291046,
        "max": 116.418197632,
        "mean": 8.23227500916,
        "median": 3.21139621735,
        "min": 0.19952699542,
        "var": 421.39743042
    },
    "dissonance": {
        "dmean": 0.041892811656,
        "dmean2": 0.0708679258823,
        "dvar": 0.00143532641232,
        "dvar2": 0.00385584752075,
        "max": 0.500000059605,
        "mean": 0.373622119427,
        "median": 0.37826448679,
        "min": 0.103795394301,
        "var": 0.00483747338876
    },
    "dynamic_complexity": 4.5506772995,
    "erbbands_crest": {
        "dmean": 2.75719451904,
        "dmean2": 4.38099765778,
        "dvar": 7.37438631058,
        "dvar2": 18.144739151,
        "max": 30.6253376007,
        "mean": 14.056593895,
        "median": 13.6158666611,
        "min": 2.55976319313,
        "var": 27.9115695953
    },
    "erbbands_flatness_db": {
        "dmean": 0.0244983062148,
        "dmean2": 0.0366239473224,
        "dvar": 0.000618398829829,
        "dvar2": 0.00139453960583,
        "max": 0.444924205542,
        "mean": 0.276735216379,
        "median": 0.285543888807,
        "min": 0.047908462584,
        "var": 0.00539693562314
    },
    "erbbands_kurtosis": {
        "dmean": 3.26285862923,
        "dmean2": 5.0198135376,
        "dvar": 35.0763244629,
        "dvar2": 81.6603622437,
        "max": 110.425018311,
        "mean": 6.07590723038,
        "median": 3.62086439133,
        "min": -1.6475417614,
        "var": 66.3459320068
    },
    "erbbands_skewness": {
        "dmean": 0.512585222721,
        "dmean2": 0.761370182037,
        "dvar": 0.347984880209,
        "dvar2": 0.752397119999,
        "max": 9.26590919495,
        "mean": 1.59230005741,
        "median": 1.50337028503,
        "min": -1.63988018036,
        "var": 1.63600075245
    },
    "erbbands_spread": {
        "dmean": 3.31201052666,
        "dmean2": 5.1246714592,
        "dvar": 20.4988651276,
        "dvar2": 47.3406028748,
        "max": 118.567810059,
        "mean": 15.3557109833,
        "median": 11.7450485229,
        "min": 1.56251597404,
        "var": 147.094467163
    },
    "hfc": {
        "dmean": 3.23603487015,
        "dmean2": 4.717461586,
        "dvar": 53.2599945068,
        "dvar2": 116.359664917,
        "max": 154.282073975,
        "mean": 6.42006635666,
        "median": 3.49243688583,
        "min": 1.06274709263e-16,
        "var": 88.2280349731
    },
    "melbands_crest": {
        "dmean": 2.9796090126,
        "dmean2": 4.77466201782,
        "dvar": 8.194439888,
        "dvar2": 20.1079559326,
        "max": 32.7042160034,
        "mean": 17.1953754425,
        "median": 17.0413837433,
        "min": 1.54769444466,
        "var": 27.4532699585
    },
    "melbands_flatness_db": {
        "dmean": 0.0301411058754,
        "dmean2": 0.0462636426091,
        "dvar": 0.000868715753313,
        "dvar2": 0.00201886193827,
        "max": 0.602668642998,
        "mean": 0.344973415136,
        "median": 0.35517975688,
        "min": 0.00269105611369,
        "var": 0.00871371012181
    },
    "melbands_kurtosis": {
        "dmean": 10.8757867813,
        "dmean2": 16.6379470825,
        "dvar": 416.225952148,
        "dvar2": 930.940551758,
        "max": 366.679138184,
        "mean": 20.7952537537,
        "median": 11.2839107513,
        "min": -1.60185265541,
        "var": 832.092895508
    },
    "melbands_skewness": {
        "dmean": 0.747750222683,
        "dmean2": 1.13729870319,
        "dvar": 0.767716288567,
        "dvar2": 1.69032013416,
        "max": 12.7891130447,
        "mean": 2.73729038239,
        "median": 2.43442678452,
        "min": -0.778975844383,
        "var": 2.95474982262
    },
    "melbands_spread": {
        "dmean": 2.24152112007,
        "dmean2": 3.55369019508,
        "dvar": 26.7417259216,
        "dvar2": 70.5847473145,
        "max": 155.452346802,
        "mean": 9.51506614685,
        "median": 4.43767738342,
        "min": 0.332461684942,
        "var": 412.503814697
    },
    "pitch_salience": {
        "dmean": 0.0719432383776,
        "dmean2": 0.117186829448,
        "dvar": 0.00512053817511,
        "dvar2": 0.0127235446125,
        "max": 0.860601186752,
        "mean": 0.477399140596,
        "median": 0.484283000231,
        "min": 0.0470178090036,
        "var": 0.0165986474603
    },
    "silence_rate_20dB": {
        "dmean": 0.00031416901038,
        "dmean2": 0.000628436740953,
        "dvar": 0.000314076867653,
        "dvar2": 0.000942286278587,
        "max": 1,
        "mean": 0.999842941761,
        "median": 1,
        "min": 0,
        "var": 0.000157027316163
    },
    "silence_rate_30dB": {
        "dmean": 0.0122525915504,
        "dmean2": 0.0245090331882,
        "dvar": 0.012102689594,
        "dvar2": 0.0270491875708,
        "max": 1,
        "mean": 0.986806988716,
        "median": 1,
        "min": 0,
        "var": 0.0130198569968
    },
    "silence_rate_60dB": {
        "dmean": 0.0647188201547,
        "dmean2": 0.129457980394,
        "dvar": 0.0605252310634,
        "dvar2": 0.131558641791,
        "max": 1,
        "mean": 0.220826134086,
        "median": 0,
        "min": 0,
        "var": 0.172063872218
    },
    "spectral_centroid": {
        "dmean": 64.115737915,
        "dmean2": 101.99710083,
        "dvar": 30341.4140625,
        "dvar2": 52241.1875,
        "max": 11723.2910156,
        "mean": 678.396728516,
        "median": 412.665374756,
        "min": 224.868896484,
        "var": 1505890.5
    },
    "spectral_complexity": {
        "dmean": 1.17373549938,
        "dmean2": 1.82529461384,
        "dvar": 1.87434542179,
        "dvar2": 3.65126800537,
        "max": 25,
        "mean": 6.46474027634,
        "median": 6,
        "min": 0,
        "var": 11.7501916885
    },
    "spectral_decrease": {
        "dmean": 2.36805508536e-09,
        "dmean2": 3.55678464459e-09,
        "dvar": 3.26058715601e-17,
        "dvar2": 7.33542311374e-17,
        "max": 2.156023443e-28,
        "mean": -4.333040593e-09,
        "median": -2.22695573093e-09,
        "min": -1.37835257874e-07,
        "var": 4.75480092057e-17
    },
    "spectral_energy": {
        "dmean": 0.00922710262239,
        "dmean2": 0.0138444127515,
        "dvar": 0.000492729945108,
        "dvar2": 0.00110757292714,
        "max": 0.534215986729,
        "mean": 0.0169361885637,
        "median": 0.00872421357781,
        "min": 1.01604913007e-20,
        "var": 0.000721206655726
    },
    "spectral_energyband_high": {
        "dmean": 2.66412989731e-05,
        "dmean2": 3.74526061933e-05,
        "dvar": 9.16554210306e-09,
        "dvar2": 1.94708587031e-08,
        "max": 0.0035544084385,
        "mean": 3.44737309206e-05,
        "median": 4.45864907306e-06,
        "min": 7.1786417096e-21,
        "var": 1.37897266939e-08
    },
    "spectral_energyband_low": {
        "dmean": 0.000180965012987,
        "dmean2": 0.000297194637824,
        "dvar": 1.99780700427e-07,
        "dvar2": 4.8445383527e-07,
        "max": 0.00828052591532,
        "mean": 0.000349762762198,
        "median": 7.45653669583e-05,
        "min": 2.13719600615e-23,
        "var": 5.3304023595e-07
    },
    "spectral_energyband_middle_high": {
        "dmean": 0.000200166439754,
        "dmean2": 0.000272182631306,
        "dvar": 2.17833203919e-07,
        "dvar2": 4.03584209607e-07,
        "max": 0.0113162193447,
        "mean": 0.000512530154083,
        "median": 0.000209568243008,
        "min": 1.22493594349e-21,
        "var": 7.56667702717e-07
    },
    "spectral_energyband_middle_low": {
        "dmean": 0.0090650934726,
        "dmean2": 0.0136555563658,
        "dvar": 0.000481640308863,
        "dvar2": 0.00108490884304,
        "max": 0.530742108822,
        "mean": 0.0162677057087,
        "median": 0.00822983589023,
        "min": 1.81615697542e-22,
        "var": 0.000693931535352
    },
    "spectral_entropy": {
        "dmean": 0.26964828372,
        "dmean2": 0.428196042776,
        "dvar": 0.0867912843823,
        "dvar2": 0.208940207958,
        "max": 9.82692432404,
        "mean": 6.08026170731,
        "median": 5.93245172501,
        "min": 4.13841485977,
        "var": 0.795213699341
    },
    "spectral_flux": {
        "dmean": 0.0274248793721,
        "dmean2": 0.0446813069284,
        "dvar": 0.00178592186421,
        "dvar2": 0.00440732482821,
        "max": 0.644787430763,
        "mean": 0.048725232482,
        "median": 0.0319348461926,
        "min": 6.31827298814e-11,
        "var": 0.00264982343651
    },
    "spectral_kurtosis": {
        "dmean": 10.3365278244,
        "dmean2": 17.3463668823,
        "dvar": 137.943603516,
        "dvar2": 351.874023438,
        "max": 172.912399292,
        "mean": 24.8281230927,
        "median": 18.4016075134,
        "min": -1.26518285275,
        "var": 481.496459961
    },
    "spectral_rms": {
        "dmean": 0.000876291072927,
        "dmean2": 0.00126610451844,
        "dvar": 1.83220151939e-06,
        "dvar2": 3.65915161638e-06,
        "max": 0.0228295065463,
        "mean": 0.00333812157623,
        "median": 0.00291743525304,
        "min": 3.14844005901e-12,
        "var": 5.38018412044e-06
    },
    "spectral_rolloff": {
        "dmean": 140.52986145,
        "dmean2": 239.221343994,
        "dvar": 202962.71875,
        "dvar2": 412787,
        "max": 19724.4140625,
        "mean": 1152.55187988,
        "median": 473.73046875,
        "min": 236.865234375,
        "var": 7490098.5
    },
    "spectral_skewness": {
        "dmean": 0.71439486742,
        "dmean2": 1.19936907291,
        "dvar": 0.502628862858,
        "dvar2": 1.30291593075,
        "max": 10.9479837418,
        "mean": 3.61588835716,
        "median": 3.41049027443,
        "min": -0.0680472925305,
        "var": 2.50500011444
    },
    "spectral_spread": {
        "dmean": 618076.875,
        "dmean2": 983862.75,
        "dvar": 678018940928,
        "dvar2": 1.30538484531e+12,
        "max": 42493468,
        "mean": 3314231,
        "median": 2466507.5,
        "min": 591807.5625,
        "var": 1.75646294671e+13
    },
    "spectral_strongpeak": {
        "dmean": 0.350186139345,
        "dmean2": 0.544754087925,
        "dvar": 0.230881080031,
        "dvar2": 0.511282920837,
        "max": 5.84813404083,
        "mean": 0.89124494791,
        "median": 0.732370793819,
        "min": 0,
        "var": 0.544384717941
    },
    "zerocrossingrate": {
        "dmean": 0.00395779358223,
        "dmean2": 0.00530581036583,
        "dvar": 6.81098390487e-05,
        "dvar2": 0.000107830026536,
        "max": 0.52587890625,
        "mean": 0.0398866049945,
        "median": 0.02099609375,
        "min": 0.00830078125,
        "var": 0.00572975631803
    },
    "barkbands": {
        "dmean": [2.93132870866e-07, 4.07988636653e-06, 8.22143338155e-05, 0.000209208883462, 0.00466867396608, 0.0039850412868, 0.000998176401481, 8.50399010233e-05, 0.000457058078609, 0.000159484508913, 7.81013732194e-05, 4.17779374402e-05, 2.28268218052e-05, 1.38152663567e-05, 7.30315559849e-06, 1.89280362974e-05, 9.86255690805e-06, 9.95767732093e-06, 5.52581786906e-06, 5.56814256925e-06, 7.94884181232e-06, 4.63198784928e-06, 4.05314358431e-06, 3.90869990952e-06, 4.03830790674e-06, 1.63274614806e-06, 8.01350208413e-10],
        "dmean2": [5.00450312302e-07, 6.99820930095e-06, 0.000133254594402, 0.000344553904142, 0.00754359038547, 0.00602018460631, 0.0015921673039, 0.000119403805002, 0.000650220375974, 0.000276456354186, 0.000104925049527, 6.17928453721e-05, 3.35107470164e-05, 2.02249157155e-05, 1.02643825812e-05, 2.66105380433e-05, 1.47137088788e-05, 1.44495661516e-05, 8.05823765404e-06, 7.92708306108e-06, 1.17093968584e-05, 6.74068814988e-06, 6.02010095463e-06, 6.03625494477e-06, 6.40496682536e-06, 2.76768105323e-06, 1.50520229614e-09],
        "dvar": [5.73311472081e-13, 1.52501469786e-10, 4.26166444356e-08, 2.65640210273e-07, 0.000203904593945, 0.000144467368955, 1.32290551846e-05, 5.59262467448e-08, 1.50137009314e-06, 2.59536506064e-07, 7.50526893967e-08, 1.36014106644e-08, 6.85104151188e-09, 2.26902563405e-09, 4.16670392633e-10, 5.75815306547e-09, 1.2693560647e-09, 1.42816725113e-09, 3.80239784104e-10, 3.67520791578e-10, 8.40090996768e-10, 2.74247485832e-10, 3.06742131695e-10, 2.69749417248e-10, 5.01756247662e-10, 5.1934494899e-11, 2.75224868724e-18],
        "dvar2": [1.43900711659e-12, 3.87701898363e-10, 9.78539915764e-08, 6.61621868403e-07, 0.000504084047861, 0.000304987857817, 3.15257930197e-05, 1.03369792726e-07, 3.19188325193e-06, 7.08206414402e-07, 1.30510514396e-07, 3.00244131779e-08, 1.31322552832e-08, 4.93198948348e-09, 8.67076743738e-10, 9.86754500332e-09, 3.00956326527e-09, 2.66389443837e-09, 8.11635147979e-10, 7.09812653099e-10, 1.8313187633e-09, 5.68176061755e-10, 7.10825065475e-10, 6.0659138823e-10, 1.20741083798e-09, 1.29535868143e-10, 9.13085635272e-18],
        "max": [2.17861779674e-05, 0.000214287079871, 0.00440749898553, 0.0111626684666, 0.427190840244, 0.316805005074, 0.0795089825988, 0.00637713773176, 0.0519013926387, 0.0124456845224, 0.00892796833068, 0.0047112070024, 0.00354452687316, 0.00172806927003, 0.000527376774698, 0.0027572857216, 0.00103336235043, 0.00177284970414, 0.000781838374678, 0.000710894702934, 0.000986220315099, 0.000426483427873, 0.000613918236922, 0.000488779740408, 0.00105888524558, 0.000223592942348, 4.93275287283e-08],
        "mean": [2.82531090079e-07, 3.82840380553e-06, 0.000148668870679, 0.000376771291485, 0.00689114117995, 0.0059702694416, 0.00147324288264, 0.000210227663047, 0.00120218086522, 0.00018730488955, 0.000182800606126, 9.02827596292e-05, 4.56014277006e-05, 2.45426399488e-05, 1.36571188705e-05, 3.33936623065e-05, 1.67884936673e-05, 1.66868012457e-05, 9.32338116399e-06, 8.88096474227e-06, 1.10971186587e-05, 5.68131872569e-06, 4.64944878331e-06, 3.9804485823e-06, 3.58929764843e-06, 1.32061688873e-06, 6.79192257991e-10],
        "median": [1.04748131946e-07, 1.25824851693e-06, 2.49249987974e-05, 0.000120098535263, 0.00206415168941, 0.00164825492539, 0.000312279968057, 7.38118906156e-05, 0.00051827786956, 4.26892984251e-05, 2.76536975434e-05, 2.84876023215e-05, 9.57919655775e-06, 5.60050648346e-06, 2.97253995996e-06, 6.29287706033e-06, 3.43688725479e-06, 2.95561767416e-06, 1.71051010511e-06, 1.45425042319e-06, 1.42695444083e-06, 6.23998005267e-07, 3.30941986704e-07, 2.11863593336e-07, 1.3501335161e-07, 3.95259007746e-08, 2.02360309065e-10],
        "min": [1.15872948329e-24, 4.7201519874e-24, 2.56882456366e-24, 7.24551386506e-25, 1.46378615658e-23, 1.28889127628e-23, 6.16382069207e-24, 9.88800147118e-24, 1.84766527904e-23, 1.49842314567e-23, 1.70070948541e-23, 1.6847298456e-23, 3.45188208739e-23, 4.38542323807e-23, 6.5792703435e-23, 7.01254052055e-23, 7.66068883512e-23, 6.701829667e-23, 1.33044547109e-22, 1.23274763544e-22, 2.65156824711e-22, 2.73471241948e-22, 4.52724976343e-22, 5.37155004603e-22, 9.12550761063e-22, 1.30477351385e-21, 1.79522426731e-21],
        "var": [5.30210966278e-13, 1.29263086346e-10, 1.17717981141e-07, 5.51677658223e-07, 0.000238407694269, 0.000213536302908, 1.80330662261e-05, 1.92483966543e-07, 4.28905514127e-06, 2.63174541715e-07, 3.30894181388e-07, 3.97869897029e-08, 1.87802289275e-08, 4.51045334415e-09, 9.68806146417e-10, 1.37341240602e-08, 2.33571251229e-09, 2.95319924071e-09, 7.69861063787e-10, 7.53468731851e-10, 1.32960320531e-09, 4.18489021214e-10, 3.82638837282e-10, 3.16244391785e-10, 4.58414722848e-10, 4.50004235264e-11, 2.19767743967e-18]
    },
    "erbbands": {
        "dmean": [0.000132279252284, 0.00161527295131, 0.0541098825634, 0.447490364313, 2.09981989861, 19.5681972504, 41.3439407349, 23.955078125, 16.8353443146, 8.8434343338, 2.07117581367, 6.6378903389, 12.8737449646, 2.01128530502, 2.59514379501, 1.3981359005, 1.10780310631, 0.54412406683, 0.618652224541, 0.477100789547, 1.12635648251, 0.588001847267, 0.562528550625, 0.372429251671, 0.235983774066, 0.27887403965, 0.264947503805, 0.327102810144, 0.168234407902, 0.117819666862, 0.126673176885, 0.0892378762364, 0.0654235109687, 0.0546390451491, 0.0234680455178, 0.0123425880447, 0.00150370004121, 3.2062343962e-05, 5.43221631233e-06, 1.03604616015e-05],
        "dmean2": [0.000224184797844, 0.00267233210616, 0.0872641429305, 0.73911935091, 3.44814896584, 31.6178302765, 64.3007736206, 35.5948982239, 26.1842384338, 13.7618312836, 2.94872164726, 9.30189990997, 20.7062950134, 2.93504691124, 3.48178601265, 2.06530189514, 1.61093890667, 0.765731334686, 0.905394554138, 0.646412968636, 1.59503054619, 0.857545077801, 0.801241934299, 0.538562655449, 0.341672509909, 0.403571665287, 0.380673378706, 0.486288547516, 0.243495047092, 0.173100605607, 0.189073890448, 0.136613056064, 0.0998377799988, 0.0857769325376, 0.0377387367189, 0.020735733211, 0.00253248750232, 5.3528292483e-05, 8.08147251519e-06, 1.54868303071e-05],
        "dvar": [1.17332035643e-07, 1.69331815414e-05, 0.0174166560173, 1.14017546177, 18.5782375336, 2874.40063477, 18713.2402344, 3839.3840332, 3032.62084961, 913.412414551, 32.5447120667, 262.266235352, 1782.34301758, 25.0133056641, 85.5463027954, 13.3488798141, 15.1873207092, 2.90575122833, 4.16685056686, 3.89949417114, 20.1080436707, 3.80949544907, 5.02517080307, 1.82723987103, 0.561967849731, 1.01338267326, 1.06766784191, 1.6558624506, 0.366817653179, 0.199902415276, 0.32094553113, 0.153400987387, 0.0895122587681, 0.0981040149927, 0.012254871428, 0.00287447241135, 4.62881107524e-05, 1.98719423139e-08, 1.80556194995e-10, 6.14251260966e-10],
        "dvar2": [2.94600567941e-07, 4.13740453951e-05, 0.0403991043568, 2.79776406288, 45.8562812805, 7189.04394531, 43300.453125, 7864.47802734, 6716.20996094, 2306.96777344, 67.6489944458, 531.712402344, 4428.10839844, 50.1108512878, 147.474624634, 30.3532428741, 29.6593799591, 5.75690174103, 9.41397190094, 6.86679124832, 34.3927078247, 8.2836265564, 8.35474300385, 3.89552402496, 1.15904116631, 2.05360484123, 2.14963555336, 3.8609058857, 0.759232163429, 0.457474887371, 0.747030436993, 0.356692880392, 0.204308867455, 0.230389654636, 0.0288903303444, 0.0070325024426, 0.0001169692041, 4.95242815646e-08, 4.05760092193e-10, 1.37739375461e-09],
        "max": [0.00582015234977, 0.0750419944525, 2.85501003265, 21.1136550903, 68.5149230957, 1552.27844238, 2870.6484375, 1237.41174316, 1036.99523926, 799.649658203, 175.402801514, 513.51751709, 1575.64733887, 137.588302612, 332.051971436, 127.238525391, 135.629714966, 63.4529457092, 72.2851104736, 106.484130859, 188.062393188, 62.0718612671, 127.358352661, 57.6359977722, 28.771364212, 43.3700637817, 33.7861633301, 51.3921852112, 21.0094680786, 12.6131238937, 20.0338840485, 12.6117582321, 13.1624059677, 16.0820617676, 3.47109913826, 1.59011495113, 0.210229501128, 0.00432433187962, 0.000380233454052, 0.000590553449001],
        "mean": [0.00016752348165, 0.00249500456266, 0.100960306823, 0.912661075592, 4.25754785538, 31.8454265594, 51.9785118103, 40.1732330322, 24.7970275879, 16.090265274, 5.46504116058, 18.0311145782, 25.9088153839, 4.56086730957, 6.38791275024, 3.16124129295, 2.36308383942, 1.11144530773, 1.09884035587, 0.951421976089, 1.95768630505, 1.07615506649, 0.994496464729, 0.63522285223, 0.420152276754, 0.44015583396, 0.381966680288, 0.427281677723, 0.211912631989, 0.141399040818, 0.141166388988, 0.0937870293856, 0.0640187785029, 0.0496970713139, 0.0202361792326, 0.0101347919554, 0.0011965042213, 2.683391358e-05, 9.27073051571e-06, 1.90395530808e-05],
        "median": [7.98281398602e-05, 0.000816751911771, 0.0222587436438, 0.300548315048, 1.81875741482, 8.28092098236, 11.2597818375, 13.8438911438, 6.55124855042, 4.21057891846, 2.51889157295, 8.06716251373, 7.02209949493, 1.62850260735, 1.42381155491, 1.19193232059, 0.650458335876, 0.326160848141, 0.274960517883, 0.239291667938, 0.40389624238, 0.258388131857, 0.189669564366, 0.12031326443, 0.0877039507031, 0.0739604383707, 0.054439201951, 0.0492521226406, 0.023685740307, 0.0144333606586, 0.00907999742776, 0.00589048583061, 0.00288225430995, 0.00173972290941, 0.00079303025268, 0.000360293692211, 3.0033321309e-05, 1.7780367898e-06, 4.45072009825e-06, 9.814241821e-06],
        "min": [7.20168538425e-23, 6.56253412297e-22, 3.15520027307e-21, 9.55134951999e-21, 9.65936606017e-21, 3.62135633208e-20, 5.56566536452e-20, 1.22513009667e-19, 1.31231958612e-19, 1.6349590576e-19, 2.43507444976e-19, 3.79988678831e-19, 6.52654137002e-19, 7.91280715474e-19, 8.22400594287e-19, 1.18823047427e-18, 2.09503239066e-18, 2.05264414056e-18, 3.58369589739e-18, 3.65261203653e-18, 4.04047454422e-18, 4.97820040101e-18, 3.72067245733e-18, 5.96144931564e-18, 6.06844181915e-18, 6.25911191343e-18, 9.63499233039e-18, 1.12711754344e-17, 1.20897211085e-17, 1.17704078854e-17, 1.35620893639e-17, 9.76880202936e-18, 9.56136002099e-18, 8.64802937482e-18, 6.72104637701e-18, 4.02320756252e-18, 2.54280738332e-18, 9.17062264708e-19, 2.56068622017e-19, 2.72151921182e-20],
        "var": [1.16220839175e-07, 2.51663823292e-05, 0.0465042889118, 2.89281916618, 43.0056495667, 4129.98291016, 21658.7207031, 6300.39599609, 4719.62304688, 1442.71386719, 83.5291671753, 795.024169922, 3363.97143555, 68.9517211914, 403.041687012, 35.8750419617, 41.4122428894, 7.20004272461, 7.6038274765, 9.24185085297, 48.8287696838, 8.34979915619, 11.5017137527, 3.47759437561, 1.25281441212, 1.91310751438, 1.7393296957, 2.23391628265, 0.570930361748, 0.254566282034, 0.390618056059, 0.175405561924, 0.0985511317849, 0.0930096134543, 0.0118438918144, 0.00259879790246, 3.8966525608e-05, 1.7354031101e-08, 2.54492982243e-10, 9.06523578426e-10]
    },
    "gfcc": {
        "mean": [-197.028640747, 140.012481689, -114.307403564, -5.30653047562, -88.0957565308, -23.820356369, -50.7446289062, -15.227057457, -33.0950317383, -18.3106269836, -16.0972194672, -6.59302186966, 2.43150663376],
        "cov": [[36233.9570312, 5418.02832031, -3564.26171875, -1001.89044189, -2756.97680664, -1404.23254395, -1615.82568359, -905.008178711, -902.497009277, -974.700378418, -490.377685547, -409.630645752, 262.357727051], [5418.02832031, 2431.26855469, -692.741699219, -629.370666504, -283.201873779, -586.685058594, -48.008682251, -381.286987305, -39.8404846191, -394.706970215, -15.2642812729, -284.101379395, 73.8963546753], [-3564.26171875, -692.741699219, 925.409118652, 186.985488892, 203.309265137, 254.514175415, 51.7154769897, 138.804962158, 15.5078048706, 152.622512817, -1.03164577484, 104.586196899, -72.6978530884], [-1001.89044189, -629.370666504, 186.985488892, 449.000549316, 83.7652435303, 171.324752808, -1.47043573856, 95.9347915649, -4.2785782814, 77.1696548462, -28.7553977966, 44.2127609253, -43.3900909424], [-2756.97680664, -283.201873779, 203.309265137, 83.7652435303, 370.492340088, 82.8831100464, 140.241027832, 42.0393333435, 82.507522583, 49.8504257202, 39.2289505005, -12.8704919815, -30.4783191681], [-1404.23254395, -586.685058594, 254.514175415, 171.324752808, 82.8831100464, 307.029968262, 23.8265075684, 124.281555176, -15.6920871735, 121.194374084, -8.62780952454, 66.1407546997, -48.2184906006], [-1615.82568359, -48.008682251, 51.7154769897, -1.47043573856, 140.241027832, 23.8265075684, 202.163070679, 28.1205101013, 56.114692688, -8.60256767273, 22.217168808, -16.4400691986, 0.597577095032], [-905.008178711, -381.286987305, 138.804962158, 95.9347915649, 42.0393333435, 124.281555176, 28.1205101013, 172.94720459, 6.96606492996, 72.6899261475, -22.0734710693, 45.1042442322, -29.5017623901], [-902.497009277, -39.8404846191, 15.5078048706, -4.2785782814, 82.507522583, -15.6920871735, 56.114692688, 6.96606492996, 127.567771912, 19.9639129639, 14.6482048035, -32.1531448364, -9.15766525269], [-974.700378418, -394.706970215, 152.622512817, 77.1696548462, 49.8504257202, 121.194374084, -8.60256767273, 72.6899261475, 19.9639129639, 166.121520996, 21.4124183655, 45.0347633362, -42.564414978], [-490.377685547, -15.2642812729, -1.03164577484, -28.7553977966, 39.2289505005, -8.62780952454, 22.217168808, -22.0734710693, 14.6482048035, 21.4124183655, 109.512535095, 33.7016906738, 5.88271808624], [-409.630645752, -284.101379395, 104.586196899, 44.2127609253, -12.8704919815, 66.1407546997, -16.4400691986, 45.1042442322, -32.1531448364, 45.0347633362, 33.7016906738, 134.046096802, 19.2259731293], [262.357727051, 73.8963546753, -72.6978530884, -43.3900909424, -30.4783191681, -48.2184906006, 0.597577095032, -29.5017623901, -9.15766525269, -42.564414978, 5.88271808624, 19.2259731293, 92.0226593018]],
        "icov": [[0.000258848507656, -0.000416683702497, 0.000559426145628, -0.000270694028586, 0.000831786834169, -0.000113501082524, 0.00105611898471, -4.4235628593e-05, 0.000517108594067, 1.92055849766e-05, 0.000480449583847, -0.00018729644944, 0.000174676577444], [-0.000416683702497, 0.00235144048929, -0.000870093470439, 0.00165546278004, -0.000866105721798, 0.00123422045726, -0.00182328163646, 0.00108249136247, -0.000142683522427, 0.0016552869929, -0.00111887219828, 0.00218562199734, 0.000477977737319], [0.000559426145628, -0.000870093470439, 0.00290296575986, -0.000578757200856, 0.00103918928653, -0.000846581009682, 0.00227373791859, -8.11019563116e-05, 0.00107892043889, -0.000339870690368, 0.001696230378, -0.00160500011407, 0.00116110267118], [-0.000270694028586, 0.00165546278004, -0.000578757200856, 0.00422069756314, -0.00116526067723, -0.000286646944005, -0.000657804543152, 0.000355726369889, -0.000104658553028, 0.00125569896773, 0.000146828358993, 0.000954332703259, 0.000919086160138], [0.000831786834169, -0.000866105721798, 0.00103918928653, -0.00116526067723, 0.00768452649936, -0.000556012091693, 0.000880200241227, 0.000342534738593, 0.000328498892486, 0.000288479612209, -0.000105025181256, 0.00116629782133, 0.00088266376406], [-0.000113501082524, 0.00123422045726, -0.000846581009682, -0.000286646944005, -0.000556012091693, 0.00774514488876, -0.00141029828228, -0.00137450639158, 0.00209856708534, -0.00183122977614, 0.000317430240102, 0.000298064027447, 0.00125046737958], [0.00105611898471, -0.00182328163646, 0.00227373791859, -0.000657804543152, 0.000880200241227, -0.00141029828228, 0.0121849542484, -0.00202133296989, 0.000162198863109, 0.00222965469584, 0.000592431868427, -6.7821907578e-05, -0.000211633363506], [-4.4235628593e-05, 0.00108249136247, -8.11019563116e-05, 0.000355726369889, 0.000342534738593, -0.00137450639158, -0.00202133296989, 0.0106960032135, -0.000583137036301, -0.00100734306034, 0.00313629372977, -0.00188840401825, 0.00186599569861], [0.000517108594067, -0.000142683522427, 0.00107892043889, -0.000104658553028, 0.000328498892486, 0.00209856708534, 0.000162198863109, -0.000583137036301, 0.012511045672, -0.00198909966275, -0.000153299130034, 0.00337717868388, 9.2924128694e-05], [1.92055849766e-05, 0.0016552869929, -0.000339870690368, 0.00125569896773, 0.000288479612209, -0.00183122977614, 0.00222965469584, -0.00100734306034, -0.00198909966275, 0.0130841005594, -0.00283415336162, 0.000268103089184, 0.0037173521705], [0.000480449583847, -0.00111887219828, 0.001696230378, 0.000146828358993, -0.000105025181256, 0.000317430240102, 0.000592431868427, 0.00313629372977, -0.000153299130034, -0.00283415336162, 0.0141896475106, -0.00624027941376, 0.0011416223133], [-0.00018729644944, 0.00218562199734, -0.00160500011407, 0.000954332703259, 0.00116629782133, 0.000298064027447, -6.7821907578e-05, -0.00188840401825, 0.00337717868388, 0.000268103089184, -0.00624027941376, 0.015996016562, -0.0045845718123], [0.000174676577444, 0.000477977737319, 0.00116110267118, 0.000919086160138, 0.00088266376406, 0.00125046737958, -0.000211633363506, 0.00186599569861, 9.2924128694e-05, 0.0037173521705, 0.0011416223133, -0.0045845718123, 0.0154963964596]]
    },
    "melbands": {
        "dmean": [1.07527807813e-06, 2.00785234483e-05, 9.49768073042e-05, 0.000643007922918, 0.00139061117079, 0.000587807735428, 0.000251063756878, 7.5927528087e-05, 1.75781133294e-05, 5.47713498236e-05, 6.30696522421e-05, 6.28255111224e-06, 1.07645328171e-05, 5.25262476003e-06, 2.79498999589e-06, 2.2228969101e-06, 9.41885105021e-07, 1.22712117445e-06, 5.4113729675e-07, 8.59151953136e-07, 1.46465640682e-06, 6.44927808935e-07, 5.02657542256e-07, 4.84814677293e-07, 3.07158217083e-07, 1.95095140043e-07, 1.84263910796e-07, 1.85376080708e-07, 1.55753610898e-07, 1.86529476309e-07, 2.09044856092e-07, 9.9459782632e-08, 8.41605611868e-08, 5.71181288933e-08, 7.28080209456e-08, 7.33625995508e-08, 5.10750055582e-08, 4.59787017348e-08, 4.73239119003e-08, 4.70129783992e-08],
        "dmean2": [1.84082068699e-06, 3.24005013681e-05, 0.000156947920914, 0.00104626803659, 0.00217350618914, 0.000874276389368, 0.000394793256419, 0.000118333206046, 2.46928229899e-05, 7.76960005169e-05, 0.000101237426861, 9.07096000446e-06, 1.43243223647e-05, 7.80139544077e-06, 4.06794015362e-06, 3.23536892211e-06, 1.34185222578e-06, 1.83141435173e-06, 7.51858692638e-07, 1.19876540339e-06, 2.1020357508e-06, 9.63047000369e-07, 7.28548684492e-07, 7.14549059921e-07, 4.49915859235e-07, 2.86497254365e-07, 2.65848314029e-07, 2.73388451433e-07, 2.2568953284e-07, 2.77531768234e-07, 3.1861392813e-07, 1.46536706325e-07, 1.2958582829e-07, 8.54641157844e-08, 1.09534163073e-07, 1.11557838522e-07, 7.94719881014e-08, 7.13958598908e-08, 7.30975315832e-08, 7.55427365107e-08],
        "dvar": [9.76051097584e-12, 2.48161868832e-09, 4.24418473699e-08, 2.6159218578e-06, 1.94747153728e-05, 2.49976687883e-06, 6.46601108656e-07, 7.11909322604e-08, 3.33611538395e-09, 1.97567118221e-08, 4.27958433136e-08, 2.9971058968e-10, 1.69719815979e-09, 2.67986188796e-10, 7.53269252529e-11, 7.95047014335e-11, 1.0262027339e-11, 1.926159926e-11, 3.03761464766e-12, 1.74418257615e-11, 3.77201221646e-11, 4.90211603948e-12, 3.53450753908e-12, 3.66047340009e-12, 1.36487143202e-12, 4.45134136799e-13, 4.3157789625e-13, 4.6771473413e-13, 4.06551040662e-13, 5.75501343629e-13, 8.50637377377e-13, 1.37795238544e-13, 1.10091935026e-13, 5.50961152515e-14, 1.12031952183e-13, 1.18254391739e-13, 4.94327377697e-14, 3.70714641981e-14, 9.9475020777e-14, 7.0330006196e-14],
        "dvar2": [2.46837793261e-11, 5.69792435456e-09, 1.05559472274e-07, 6.54794666843e-06, 4.57872956758e-05, 5.1361766964e-06, 1.49707125274e-06, 1.7891724724e-07, 6.94896362674e-09, 4.1564032216e-08, 1.05871492906e-07, 5.94562010736e-10, 2.92331536755e-09, 5.87074666658e-10, 1.56354942882e-10, 1.44629364041e-10, 2.11616731083e-11, 4.37114025531e-11, 5.8591443329e-12, 3.1044253973e-11, 6.62924992678e-11, 1.0676744211e-11, 7.0920504712e-12, 7.38182431848e-12, 2.90052790813e-12, 9.75894387002e-13, 8.2782207738e-13, 9.81887531351e-13, 8.20846537443e-13, 1.29043704975e-12, 2.08071363958e-12, 2.77978649214e-13, 2.61713746378e-13, 1.30638772369e-13, 2.66291166635e-13, 2.80786868366e-13, 1.15015541037e-13, 8.57055922e-14, 2.4286291294e-13, 1.66376528982e-13],
        "max": [5.19240493304e-05, 0.0010750524234, 0.00428140768781, 0.0424825884402, 0.107526317239, 0.0360872223973, 0.01425797306, 0.00704149063677, 0.00197511306033, 0.00543860672042, 0.00775417126715, 0.000507787801325, 0.00144935853314, 0.000701600802131, 0.000236289211898, 0.000486222706968, 9.02879110072e-05, 0.000165596080478, 7.17805960448e-05, 0.000130430198624, 0.00026041737874, 8.54159879964e-05, 8.05887539173e-05, 7.96522072051e-05, 4.74077532999e-05, 1.62728101714e-05, 3.47476052411e-05, 3.06508263748e-05, 1.87829773495e-05, 2.17557135329e-05, 4.35103756899e-05, 1.12166708277e-05, 1.02801741377e-05, 8.14285704109e-06, 1.19644419101e-05, 1.10753080662e-05, 5.98308224653e-06, 6.28084399068e-06, 1.78169975698e-05, 1.22382061818e-05],
        "mean": [1.05476738099e-06, 3.58347169822e-05, 0.000191355415154, 0.00115684862249, 0.00183750293218, 0.000958997057751, 0.000364760257071, 0.000140608899528, 4.47590828117e-05, 0.00014518504031, 0.000127159975818, 1.34663578137e-05, 2.60117449216e-05, 1.12359784907e-05, 5.75204285269e-06, 4.39216364612e-06, 1.76898674908e-06, 2.02560772777e-06, 1.02886508557e-06, 1.53872463216e-06, 2.42095461545e-06, 1.05349010937e-06, 9.0386777174e-07, 7.79013817009e-07, 4.96606389788e-07, 3.30629234213e-07, 2.96198976457e-07, 2.75349748335e-07, 2.19118703626e-07, 2.49222580351e-07, 2.54997701177e-07, 1.23157761323e-07, 9.52070280391e-08, 6.80315892509e-08, 8.09061972973e-08, 7.5810326905e-08, 5.18593950005e-08, 4.40109069189e-08, 4.50874999558e-08, 4.11403142664e-08],
        "median": [3.81948041195e-07, 6.27001372777e-06, 7.31078325771e-05, 0.000352507515345, 0.000490609789267, 0.000314238393912, 9.86455852399e-05, 3.33370735461e-05, 1.31893102662e-05, 6.07015754213e-05, 3.30275834131e-05, 3.53895143235e-06, 4.5177780521e-06, 3.00135343423e-06, 1.81165091817e-06, 8.19628667159e-07, 4.4583148906e-07, 4.02223321316e-07, 2.26880672471e-07, 2.85069944539e-07, 4.5203131549e-07, 2.21217931085e-07, 1.63720784485e-07, 1.2667902638e-07, 8.25443962071e-08, 6.13684889572e-08, 5.0022872955e-08, 4.02271354005e-08, 2.8997067858e-08, 2.73231375303e-08, 2.56326710968e-08, 1.3155277756e-08, 8.88493456586e-09, 6.28717256035e-09, 4.82974948923e-09, 4.2118744048e-09, 3.08916736635e-09, 2.03353467398e-09, 1.34575406374e-09, 1.37695976843e-09],
        "min": [1.47543800686e-24, 1.648212646e-24, 1.56097449064e-24, 1.77565845005e-24, 2.03602711941e-24, 3.03321948438e-24, 1.99464880113e-24, 1.85219097406e-24, 2.15436946861e-24, 2.70153108387e-24, 2.95866147922e-24, 2.77396646155e-24, 2.7726368365e-24, 1.7207065966e-24, 2.39207258645e-24, 3.21786539545e-24, 3.00217346903e-24, 4.7414027169e-24, 4.03539468926e-24, 3.75658402966e-24, 4.49584293888e-24, 4.67872732355e-24, 3.69616004533e-24, 3.17820561066e-24, 4.28607890772e-24, 4.5606174911e-24, 4.39662869169e-24, 3.10629107839e-24, 5.75094785479e-24, 5.43493648704e-24, 5.61143938142e-24, 5.66809221619e-24, 5.07041411793e-24, 5.83428864284e-24, 6.8548920329e-24, 6.90728501878e-24, 5.08001810502e-24, 5.79212521075e-24, 6.78107989572e-24, 6.75797810411e-24],
        "var": [8.45068806599e-12, 6.65896404684e-09, 1.02240974797e-07, 4.46349213234e-06, 2.21728896577e-05, 4.01874649469e-06, 9.17751606266e-07, 1.17640126973e-07, 8.44738856642e-09, 5.82404346972e-08, 8.24167756264e-08, 7.64870888847e-10, 7.94581378472e-09, 7.96941401759e-10, 1.67243940918e-10, 2.33098956803e-10, 2.24405979909e-11, 3.42411966836e-11, 7.77402101027e-12, 3.63778521195e-11, 8.78875305865e-11, 9.57060819484e-12, 8.13383735365e-12, 6.92417867834e-12, 2.55769190549e-12, 8.4925138753e-13, 9.37358589186e-13, 8.22837295262e-13, 6.28904372156e-13, 8.27671861169e-13, 9.78290799064e-13, 2.20038221042e-13, 1.2620977939e-13, 6.64135968984e-14, 1.3469763228e-13, 1.29689905733e-13, 5.51430002192e-14, 4.10992413876e-14, 8.98829757368e-14, 6.4753134495e-14]
    },
    "mfcc": {
        "mean": [-819.338317871, 167.392318726, 9.88271141052, 4.39272022247, -22.9052257538, -22.9883289337, -21.0281581879, -15.3559322357, -16.212146759, -21.9002990723, -19.9440479279, -12.3093957901, -12.8630962372],
        "cov": [[12145.9365234, 2381.25683594, -328.128662109, 242.543991089, -613.256103516, -437.815765381, -661.20690918, -351.608612061, -329.552154541, -501.42855835, -504.549987793, -303.224517822, -399.768310547], [2381.25683594, 2590.73486328, -17.965681076, -112.114837646, -281.084625244, -336.738464355, -228.417312622, -195.993911743, -171.333999634, -216.249084473, -198.210479736, -145.639968872, -132.762435913], [-328.128662109, -17.965681076, 526.049926758, -4.03109359741, 52.3396720886, 28.4661216736, 17.2689609528, 15.4905729294, -2.17964887619, -23.259098053, -3.60460758209, 19.726020813, 39.399230957], [242.543991089, -112.114837646, -4.03109359741, 216.002044678, 25.9425296783, 18.194021225, 1.14438211918, 9.94302940369, 6.38385248184, -10.6533622742, -4.48528051376, -13.4475622177, -19.7065792084], [-613.256103516, -281.084625244, 52.3396720886, 25.9425296783, 191.142196655, 72.5668792725, 52.6240692139, 22.1062011719, 21.420507431, 46.3462715149, 43.2609634399, 24.9243488312, 20.8368797302], [-437.815765381, -336.738464355, 28.4661216736, 18.194021225, 72.5668792725, 168.368881226, 63.1775588989, 17.6003646851, 20.8383598328, 35.7684364319, 37.1501617432, 33.959690094, 20.4560928345], [-661.20690918, -228.417312622, 17.2689609528, 1.14438211918, 52.6240692139, 63.1775588989, 153.873580933, 59.7162857056, 27.4479389191, 28.8674106598, 22.3485069275, 35.5359611511, 30.4282016754], [-351.608612061, -195.993911743, 15.4905729294, 9.94302940369, 22.1062011719, 17.6003646851, 59.7162857056, 119.631271362, 42.4563140869, 3.94527220726, 7.348133564, 15.1959753036, 14.6506080627], [-329.552154541, -171.333999634, -2.17964887619, 6.38385248184, 21.420507431, 20.8383598328, 27.4479389191, 42.4563140869, 112.508216858, 51.301158905, 9.94065761566, -2.82022881508, 15.2278146744], [-501.42855835, -216.249084473, -23.259098053, -10.6533622742, 46.3462715149, 35.7684364319, 28.8674106598, 3.94527220726, 51.301158905, 144.771240234, 53.0908546448, -9.35282897949, 19.8587303162], [-504.549987793, -198.210479736, -3.60460758209, -4.48528051376, 43.2609634399, 37.1501617432, 22.3485069275, 7.348133564, 9.94065761566, 53.0908546448, 124.861488342, 45.6431427002, 5.97412967682], [-303.224517822, -145.639968872, 19.726020813, -13.4475622177, 24.9243488312, 33.959690094, 35.5359611511, 15.1959753036, -2.82022881508, -9.35282897949, 45.6431427002, 121.597923279, 41.189414978], [-399.768310547, -132.762435913, 39.399230957, -19.7065792084, 20.8368797302, 20.4560928345, 30.4282016754, 14.6506080627, 15.2278146744, 19.8587303162, 5.97412967682, 41.189414978, 122.332221985]],
