{
"lowlevel": {
    "average_loudness": 0.190608948469,
    "barkbands_crest": {
        "dmean": 2.35439538956,
        "dmean2": 3.78343296051,
        "dvar": 4.74885416031,
        "dvar2": 12.1418390274,
        "max": 26.7816257477,
        "mean": 12.1295051575,
        "median": 11.232506752,
        "min": 3.32152342796,
        "var": 20.8160190582
    },
    "barkbands_flatness_db": {
        "dmean": 0.0204142723233,
        "dmean2": 0.0308252945542,
        "dvar": 0.000375983858248,
        "dvar2": 0.000944673432969,
        "max": 0.580524802208,
        "mean": 0.244123607874,
        "median": 0.23839661479,
        "min": 0.0616718754172,
        "var": 0.00456493813545
    },
    "barkbands_kurtosis": {
        "dmean": 3.96626234055,
        "dmean2": 6.56945562363,
        "dvar": 227.690826416,
        "dvar2": 687.561889648,
        "max": 453.414489746,
        "mean": 6.89025306702,
        "median": 3.40606832504,
        "min": -1.7333394289,
        "var": 311.037017822
    },
    "barkbands_skewness": {
        "dmean": 0.540944039822,
        "dmean2": 0.856341063976,
        "dvar": 0.544901967049,
        "dvar2": 1.54364573956,
        "max": 17.748758316,
        "mean": 1.28487503529,
        "median": 1.15781068802,
        "min": -9.49427700043,
        "var": 2.27697181702
    },
    "barkbands_spread": {
        "dmean": 1.99440646172,
        "dmean2": 3.12512230873,
        "dvar": 9.61030769348,
        "dvar2": 26.2653980255,
        "max": 131.124633789,
        "mean": 7.8768286705,
        "median": 6.66527318954,
        "min": 0.0966592505574,
        "var": 38.06016922
    },
    "dissonance": {
        "dmean": 0.0336731150746,
        "dmean2": 0.0567454770207,
        "dvar": 0.00102344970219,
        "dvar2": 0.00282619590871,
        "max": 0.499999970198,
        "mean": 0.413400769234,
        "median": 0.423973560333,
        "min": 0.0979671925306,
        "var": 0.00303837284446
    },
    "dynamic_complexity": 6.38772964478,
    "erbbands_crest": {
        "dmean": 2.70115923882,
        "dmean2": 4.21592473984,
        "dvar": 6.96884536743,
        "dvar2": 16.1222839355,
        "max": 33.3544960022,
        "mean": 13.5938053131,
        "median": 12.3187208176,
        "min": 2.04333591461,
        "var": 37.8196792603
    },
    "erbbands_flatness_db": {
        "dmean": 0.0160237047821,
        "dmean2": 0.0234007798135,
        "dvar": 0.000224195187911,
        "dvar2": 0.000474670290714,
        "max": 0.582471847534,
        "mean": 0.279777437449,
        "median": 0.275199055672,
        "min": 0.0252305027097,
        "var": 0.00471284240484
    },
    "erbbands_kurtosis": {
        "dmean": 1.49597644806,
        "dmean2": 2.28581404686,
        "dvar": 6.81880760193,
        "dvar2": 14.7077436447,
        "max": 93.7484436035,
        "mean": 2.63409328461,
        "median": 1.05431699753,
        "min": -1.64292800426,
        "var": 32.7453346252
    },
    "erbbands_skewness": {
        "dmean": 0.342058867216,
        "dmean2": 0.521479487419,
        "dvar": 0.112836137414,
        "dvar2": 0.250060647726,
        "max": 7.60643100739,
        "mean": 0.931649744511,
        "median": 0.869428157806,
        "min": -4.6008849144,
        "var": 0.770512700081
    },
    "erbbands_spread": {
        "dmean": 3.38695526123,
        "dmean2": 5.14901542664,
        "dvar": 14.0819311142,
        "dvar2": 33.3070373535,
        "max": 126.644126892,
        "mean": 17.8299598694,
        "median": 15.8094120026,
        "min": 0.329886823893,
        "var": 165.420120239
    },
    "hfc": {
        "dmean": 2.00782179832,
        "dmean2": 2.8589925766,
        "dvar": 17.6625595093,
        "dvar2": 35.5057907104,
        "max": 155.057647705,
        "mean": 8.21822452545,
        "median": 4.30399179459,
        "min": 1.09408923074e-16,
        "var": 121.834495544
    },
    "melbands_crest": {
        "dmean": 2.88180661201,
        "dmean2": 4.59104251862,
        "dvar": 7.43427610397,
        "dvar2": 18.4587154388,
        "max": 39.2589607239,
        "mean": 15.1442403793,
        "median": 14.0026874542,
        "min": 1.53830683231,
        "var": 34.674446106
    },
    "melbands_flatness_db": {
        "dmean": 0.0220949631184,
        "dmean2": 0.0325606055558,
        "dvar": 0.000428684725193,
        "dvar2": 0.000968284555711,
        "max": 0.687416493893,
        "mean": 0.323251992464,
        "median": 0.316810399294,
        "min": 0.0033883517608,
        "var": 0.00675800954923
    },
    "melbands_kurtosis": {
        "dmean": 5.76183128357,
        "dmean2": 9.47766399384,
        "dvar": 798.50213623,
        "dvar2": 2286.61816406,
        "max": 1093.70178223,
        "mean": 10.6292943954,
        "median": 4.8955116272,
        "min": -1.77867782116,
        "var": 1242.34802246
    },
    "melbands_skewness": {
        "dmean": 0.567005217075,
        "dmean2": 0.880148589611,
        "dvar": 0.739907860756,
        "dvar2": 1.98236560822,
        "max": 28.0552387238,
        "mean": 1.69126451015,
        "median": 1.46266913414,
        "min": -4.37812042236,
        "var": 3.64126229286
    },
    "melbands_spread": {
        "dmean": 2.45045852661,
        "dmean2": 3.79886293411,
        "dvar": 12.0808048248,
        "dvar2": 29.719083786,
        "max": 159.748596191,
        "mean": 10.4379529953,
        "median": 8.63883876801,
        "min": 0.266629606485,
        "var": 97.536567688
    },
    "pitch_salience": {
        "dmean": 0.0625784769654,
        "dmean2": 0.100052468479,
        "dvar": 0.00323100108653,
        "dvar2": 0.00807645916939,
        "max": 0.854127764702,
        "mean": 0.531280040741,
        "median": 0.544686734676,
        "min": 0.0373407863081,
        "var": 0.0155784981325
    },
    "silence_rate_20dB": {
        "dmean": 0,
        "dmean2": 0,
        "dvar": 0,
        "dvar2": 0,
        "max": 1,
        "mean": 1,
        "median": 1,
        "min": 1,
        "var": 0
    },
    "silence_rate_30dB": {
        "dmean": 0.0043557677418,
        "dmean2": 0.00871214736253,
        "dvar": 0.00433688191697,
        "dvar2": 0.00990123022348,
        "max": 1,
        "mean": 0.99213206768,
        "median": 1,
        "min": 0,
        "var": 0.00780549924821
    },
    "silence_rate_60dB": {
        "dmean": 0.0314739346504,
        "dmean2": 0.0629522949457,
        "dvar": 0.0304781775922,
        "dvar2": 0.0678453445435,
        "max": 1,
        "mean": 0.291113466024,
        "median": 0,
        "min": 0,
        "var": 0.206345617771
    },
    "spectral_centroid": {
        "dmean": 88.161857605,
        "dmean2": 133.251098633,
        "dvar": 23743.0410156,
        "dvar2": 47218.265625,
        "max": 11589.8847656,
        "mean": 687.114196777,
        "median": 586.250854492,
        "min": 191.864883423,
        "var": 490382.8125
    },
    "spectral_complexity": {
        "dmean": 1.46002531052,
        "dmean2": 2.36492657661,
        "dvar": 2.16249299049,
        "dvar2": 4.94291496277,
        "max": 36,
        "mean": 10.0642080307,
        "median": 9,
        "min": 0,
        "var": 36.8980979919
    },
    "spectral_decrease": {
        "dmean": 1.11398146263e-09,
        "dmean2": 1.62348912092e-09,
        "dvar": 4.55440558111e-18,
        "dvar2": 9.66167883131e-18,
        "max": 1.04612024755e-28,
        "mean": -4.26021617983e-09,
        "median": -2.23587681702e-09,
        "min": -6.45118305442e-08,
        "var": 3.03942155952e-17
    },
    "spectral_energy": {
        "dmean": 0.00437196111307,
        "dmean2": 0.00636644521728,
        "dvar": 6.99384327163e-05,
        "dvar2": 0.000148279825225,
        "max": 0.257546663284,
        "mean": 0.0168244540691,
        "median": 0.00887585151941,
        "min": 1.00850958882e-20,
        "var": 0.000472196232295
    },
    "spectral_energyband_high": {
        "dmean": 1.12848365461e-05,
        "dmean2": 1.6230980691e-05,
        "dvar": 2.04775174595e-09,
        "dvar2": 3.86804455133e-09,
        "max": 0.00318702915683,
        "mean": 2.35500883718e-05,
        "median": 4.64304685011e-06,
        "min": 7.12789127096e-21,
        "var": 3.93062915549e-09
    },
    "spectral_energyband_low": {
        "dmean": 0.000644528307021,
        "dmean2": 0.000957342970651,
        "dvar": 8.8023580247e-06,
        "dvar2": 1.6965355826e-05,
        "max": 0.184564322233,
        "mean": 0.00144741637632,
        "median": 0.000372409791453,
        "min": 1.46915561722e-23,
        "var": 1.78363625309e-05
    },
    "spectral_energyband_middle_high": {
        "dmean": 0.000694543647114,
        "dmean2": 0.00096136238426,
        "dvar": 3.58959437108e-06,
        "dvar2": 6.31838884146e-06,
        "max": 0.10457957536,
        "mean": 0.00212569185533,
        "median": 0.000866368121933,
        "min": 1.3336770745e-21,
        "var": 1.5969893866e-05
    },
    "spectral_energyband_middle_low": {
        "dmean": 0.00394106516615,
        "dmean2": 0.0058015640825,
        "dvar": 5.58944193472e-05,
        "dvar2": 0.000125143196783,
        "max": 0.243686199188,
        "mean": 0.0139126293361,
        "median": 0.00691810389981,
        "min": 1.44014800267e-22,
        "var": 0.000359206955181
    },
    "spectral_entropy": {
        "dmean": 0.156839087605,
        "dmean2": 0.235662594438,
        "dvar": 0.0214619450271,
        "dvar2": 0.0466874912381,
        "max": 9.81993865967,
        "mean": 6.3655295372,
        "median": 6.40217256546,
        "min": 3.30161547661,
        "var": 0.385612875223
    },
    "spectral_flux": {
        "dmean": 0.0127082234249,
        "dmean2": 0.0208386015147,
        "dvar": 0.000288082694169,
        "dvar2": 0.000763058545999,
        "max": 0.328477203846,
        "mean": 0.041952457279,
        "median": 0.0348970107734,
        "min": 6.39657077306e-11,
        "var": 0.00100039085373
    },
    "spectral_kurtosis": {
        "dmean": 11.1775932312,
        "dmean2": 19.338640213,
        "dvar": 176.818862915,
        "dvar2": 496.090454102,
        "max": 243.462310791,
        "mean": 28.7114219666,
        "median": 18.0063037872,
        "min": -1.30291843414,
        "var": 907.24041748
    },
    "spectral_rms": {
        "dmean": 0.000451050029369,
        "dmean2": 0.000651576614473,
        "dvar": 3.19322992937e-07,
        "dvar2": 6.66949233619e-07,
        "max": 0.015851341188,
        "mean": 0.00336281047203,
        "median": 0.00294268038124,
        "min": 3.13673696392e-12,
        "var": 5.10549989485e-06
    },
    "spectral_rolloff": {
        "dmean": 120.967422485,
        "dmean2": 207.363098145,
        "dvar": 198356.890625,
        "dvar2": 518936.96875,
        "max": 19444.4824219,
        "mean": 781.098571777,
        "median": 645.99609375,
        "min": 21.533203125,
        "var": 1541458.625
    },
    "spectral_skewness": {
        "dmean": 0.731203854084,
        "dmean2": 1.26370155811,
        "dvar": 0.52686715126,
        "dvar2": 1.49508476257,
        "max": 13.7771577835,
        "mean": 3.43413901329,
        "median": 2.89776754379,
        "min": -0.0595153309405,
        "var": 3.20430111885
    },
    "spectral_spread": {
        "dmean": 258364.859375,
        "dmean2": 426062.78125,
        "dvar": 236269010944,
        "dvar2": 473722486784,
        "max": 49683808,
        "mean": 2135393.75,
        "median": 1901478.875,
        "min": 334643.375,
        "var": 6.67314395546e+12
    },
    "spectral_strongpeak": {
        "dmean": 0.36419609189,
        "dmean2": 0.584091484547,
        "dvar": 0.336994469166,
        "dvar2": 0.795683503151,
        "max": 13.1432580948,
        "mean": 1.03632760048,
        "median": 0.695394575596,
        "min": 0,
        "var": 1.14353704453
    },
    "zerocrossingrate": {
        "dmean": 0.00334860640578,
        "dmean2": 0.00427919346839,
        "dvar": 3.58551114914e-05,
        "dvar2": 5.51253506273e-05,
        "max": 0.5224609375,
        "mean": 0.0306126791984,
        "median": 0.02685546875,
        "min": 0.0009765625,
        "var": 0.0011030100286
    },
    "barkbands": {
        "dmean": [0.000183442476555, 0.00025472076959, 0.000190864360775, 0.000629576214124, 0.00154672702774, 0.00101292005274, 0.0010221642442, 0.000979222124442, 0.00042905646842, 0.000483591604279, 0.000165122386534, 0.000161560528795, 9.48434826569e-05, 4.98849221913e-05, 5.49505493836e-05, 7.59998947615e-05, 4.09883650718e-05, 2.32977126871e-05, 1.49923143908e-05, 9.06753393792e-06, 4.54405926575e-06, 1.80946869932e-06, 6.55650978842e-07, 3.68042663013e-07, 2.22937373451e-07, 4.80122537283e-08, 4.00196542572e-09],
        "dmean2": [0.000281418557279, 0.000397521856939, 0.000293503166176, 0.000893917342182, 0.00229271082208, 0.00159109965898, 0.00166178843938, 0.00144701066893, 0.000599555205554, 0.000699332857039, 0.000240607885644, 0.000218116183532, 0.000136158036184, 7.76796368882e-05, 8.55275284266e-05, 0.000112947047455, 6.4273532189e-05, 3.57089447789e-05, 2.27262153203e-05, 1.33201965582e-05, 6.81971232552e-06, 2.78048673863e-06, 1.01269972674e-06, 5.53266374936e-07, 3.34655197776e-07, 7.28105362668e-08, 6.60960397525e-09],
        "dvar": [1.50631228735e-06, 3.20492222272e-06, 2.86825752482e-07, 4.23373467129e-06, 1.19432597785e-05, 4.61037052446e-06, 1.15431757877e-05, 1.00467150332e-05, 2.14968599721e-06, 2.16213811655e-06, 4.13328621107e-07, 8.01660405614e-07, 3.60337622851e-07, 2.6394355146e-08, 3.01838447569e-08, 1.04132482193e-07, 1.18209788624e-08, 3.50913786917e-09, 1.36339239898e-09, 7.51290307743e-10, 8.45566283658e-10, 1.08709333202e-10, 9.05907033416e-12, 2.49858814194e-12, 1.181576538e-12, 9.91143677006e-14, 6.76829140981e-16],
        "dvar2": [2.87806460619e-06, 6.02496493229e-06, 7.1650214295e-07, 7.57439875088e-06, 2.66032711806e-05, 1.18500420285e-05, 3.06555157294e-05, 2.32866732404e-05, 3.70905013369e-06, 4.60405090053e-06, 8.65034678554e-07, 1.1499134871e-06, 6.38218693894e-07, 6.41554294134e-08, 7.70386492377e-08, 1.76177991307e-07, 2.94650757127e-08, 7.82457298953e-09, 3.11642889272e-09, 1.60845647912e-09, 1.57723112348e-09, 2.70372862987e-10, 2.14459491832e-11, 5.54194710956e-12, 2.45832889635e-12, 2.58597857754e-13, 1.96351575712e-15],
        "max": [0.0869757384062, 0.113716758788, 0.0165923982859, 0.0935410857201, 0.107323378325, 0.0515580400825, 0.131938144565, 0.17911863327, 0.0524863228202, 0.0473617464304, 0.0299296434969, 0.0737707167864, 0.0408266484737, 0.0101794647053, 0.00707801710814, 0.0269465632737, 0.00346263917163, 0.00165055145044, 0.000962744059507, 0.00104590528645, 0.00282102846541, 0.000639504287392, 0.000123882564367, 8.96709316294e-05, 7.2700837336e-05, 1.81473660632e-05, 2.08744245356e-06],
        "mean": [0.000239470929955, 0.000407703249948, 0.000422028766479, 0.00127306755167, 0.00367991859093, 0.00228167837486, 0.00265438621864, 0.00242535956204, 0.00102994882036, 0.000992619316094, 0.000345064152498, 0.000365285697626, 0.00018711888697, 9.39411329455e-05, 0.000108519176138, 0.000138393283123, 7.67198507674e-05, 4.3043113692e-05, 3.08069356834e-05, 1.63710010384e-05, 7.88321449363e-06, 2.90639013656e-06, 1.04621574337e-06, 6.69712107992e-07, 4.17428339006e-07, 8.5171684816e-08, 5.12134779029e-09],
        "median": [6.65742263664e-05, 9.0162291599e-05, 6.64856561343e-05, 0.000132813234814, 0.00112089538015, 0.000828820862807, 0.000444754376076, 0.000471642502816, 0.000196037595742, 0.000221643218538, 7.11549073458e-05, 6.47374035907e-05, 3.57473618351e-05, 2.38012253249e-05, 3.48736066371e-05, 3.52878632839e-05, 2.64466398221e-05, 1.22175815704e-05, 9.03445652511e-06, 3.03736305796e-06, 1.35470963869e-06, 4.79263746911e-07, 1.43439052636e-07, 8.47397672032e-08, 6.6166222723e-08, 1.35464626183e-08, 7.14766856813e-10],
        "min": [3.53269539469e-25, 4.30405980877e-24, 2.1392410886e-24, 1.16556437139e-24, 1.32026774546e-23, 8.92240022445e-24, 9.76572014226e-24, 9.83353378112e-24, 1.6249812051e-23, 1.92155425128e-23, 1.60403710583e-23, 2.58141904355e-23, 3.61886406173e-23, 4.09898374131e-23, 3.29280418378e-23, 4.76478865621e-23, 6.23966761707e-23, 9.84840459804e-23, 1.40773377118e-22, 2.42939447151e-22, 2.44240196742e-22, 3.66094291216e-22, 3.80152246931e-22, 6.40309687744e-22, 9.57842635645e-22, 1.30379840605e-21, 1.98011932905e-21],
        "var": [2.29757847592e-06, 5.09918254465e-06, 1.04262392142e-06, 1.73678436113e-05, 4.90927668579e-05, 1.57175381901e-05, 4.65174962301e-05, 4.00251883548e-05, 8.42901135911e-06, 6.52842209092e-06, 1.19534740861e-06, 3.13642567562e-06, 9.23758932458e-07, 5.29657278037e-08, 5.44568194982e-08, 2.14011436128e-07, 2.59523726953e-08, 7.64886376459e-09, 3.5063976167e-09, 1.51302781415e-09, 1.23376731054e-09, 1.10058982761e-10, 1.11674445732e-11, 3.70256473051e-12, 1.67900903684e-12, 8.82072667403e-14, 4.58905986619e-16]
    },
    "erbbands": {
        "dmean": [0.0151159381494, 0.0335083119571, 0.156670466065, 1.11115396023, 4.95776796341, 4.22918319702, 7.87839698792, 7.80308532715, 8.54442977905, 23.4249591827, 19.9909057617, 9.70471096039, 15.5763111115, 9.64819526672, 5.68483972549, 6.75358963013, 4.5437335968, 2.60119867325, 2.50196838379, 4.1357383728, 2.87687110901, 1.78206002712, 1.35167360306, 0.823498427868, 0.657446086407, 0.486461818218, 0.255467414856, 0.118471689522, 0.0618503652513, 0.0469115562737, 0.0146656846628, 0.00929663330317, 0.00579699827358, 0.00347737804987, 0.00102803995833, 0.00031515682349, 7.59703616495e-05, 1.29915397338e-05, 2.25574444812e-06, 4.90074444315e-06],
        "dmean2": [0.0232593975961, 0.0534577481449, 0.238542407751, 1.60536766052, 7.11300373077, 6.42186021805, 12.0777463913, 12.2767486572, 14.164683342, 36.8503036499, 28.8814411163, 13.4536457062, 22.4899425507, 13.7956504822, 8.24259281158, 8.83076286316, 6.53404712677, 3.98715949059, 3.88000273705, 6.25220537186, 4.27627801895, 2.76514983177, 2.07137870789, 1.25515854359, 1.00134658813, 0.72102367878, 0.37820032239, 0.176606580615, 0.0937821343541, 0.0722782611847, 0.0223127156496, 0.0140789728612, 0.00872652884573, 0.00524401897565, 0.00153047905769, 0.000483170588268, 0.000115394468594, 1.95638167497e-05, 3.30404327542e-06, 7.12606015441e-06],
        "dvar": [0.0167672745883, 0.0175947062671, 0.168496593833, 11.1329870224, 213.581878662, 82.822227478, 383.76739502, 327.248504639, 378.410491943, 6531.10058594, 6293.71044922, 930.230834961, 2599.92724609, 1173.02905273, 588.596801758, 1744.74816895, 618.469116211, 125.741767883, 51.1054153442, 293.930053711, 300.665649414, 20.6479930878, 11.682551384, 4.9615483284, 3.40136504173, 2.38660740852, 3.41777968407, 0.190792366862, 0.16932541132, 0.0231011789292, 0.00404103007168, 0.00196002935991, 0.000520775967743, 0.000214450090425, 1.6505820895e-05, 4.1101802708e-06, 1.84193339692e-07, 1.89122428829e-09, 6.30866886508e-11, 8.76481595635e-11],
        "dvar2": [0.0312171112746, 0.0404480434954, 0.393003374338, 23.5891704559, 445.880554199, 195.434677124, 960.65826416, 779.304382324, 1055.24853516, 16886.84375, 14269.4833984, 1580.85375977, 5767.99853516, 2157.20092773, 1168.21398926, 2292.61914062, 1111.57543945, 262.724365234, 127.406517029, 664.409240723, 422.865905762, 46.6671676636, 25.2212429047, 11.5666818619, 7.97631311417, 5.24735069275, 6.30610704422, 0.380128920078, 0.420626044273, 0.055315811187, 0.0092384442687, 0.00435665994883, 0.00112936680671, 0.000456048728665, 3.80495657737e-05, 1.07958167064e-05, 4.59806642539e-07, 4.51373960431e-09, 1.72783246044e-10, 1.85466086933e-10],
        "max": [8.24862957001, 6.81024646759, 11.6960678101, 118.092720032, 390.115753174, 337.93560791, 739.365661621, 575.512084961, 662.85168457, 3110.26879883, 4895.88232422, 1224.70422363, 1429.60742188, 1997.65661621, 1921.7833252, 3832.35083008, 1432.07617188, 665.403137207, 311.481109619, 1243.49230957, 1803.86462402, 201.924133301, 147.720855713, 79.4516677856, 50.5352096558, 70.7140655518, 186.779098511, 24.7841262817, 25.6111335754, 5.31854534149, 3.48388671875, 2.90848207474, 0.997563540936, 0.918487787247, 0.174645617604, 0.121910572052, 0.0203733425587, 0.00198355340399, 0.000607083609793, 0.000295140285743],
        "mean": [0.0213275421411, 0.061181858182, 0.376165777445, 2.46711802483, 10.6656446457, 9.7665977478, 17.9791069031, 16.561258316, 20.8212833405, 61.5829811096, 51.4593696594, 27.1559200287, 32.1484565735, 21.5977401733, 12.696434021, 15.9093475342, 9.61861133575, 5.30634069443, 5.18275594711, 8.27760124207, 5.75621986389, 3.7063229084, 2.74529194832, 1.73266363144, 1.25477766991, 0.874227166176, 0.476265758276, 0.211222216487, 0.101254284382, 0.074799567461, 0.0256660804152, 0.0157100241631, 0.0105599360541, 0.00629510730505, 0.00197276310064, 0.000548598531168, 0.000138143252116, 2.47087300522e-05, 8.79715389601e-06, 1.90307455341e-05],
        "median": [0.00427088001743, 0.0138707756996, 0.0730170309544, 0.387174636126, 1.46992492676, 3.38317894936, 5.48643875122, 5.76822423935, 7.01101541519, 10.2749404907, 10.5197114944, 5.91430330276, 7.1915397644, 5.89795875549, 3.70022249222, 2.94083070755, 2.12426805496, 1.48657286167, 1.84765195847, 2.53276205063, 1.89341068268, 1.46243834496, 0.912131071091, 0.560944676399, 0.325158149004, 0.169523239136, 0.0906581357121, 0.0374151840806, 0.0159238725901, 0.0118950884789, 0.00390320504084, 0.00211697164923, 0.00124985433649, 0.00101783534046, 0.00031800812576, 0.000107927946374, 2.06023614737e-05, 3.51768562723e-06, 4.80532207803e-06, 1.00550378193e-05],
        "min": [7.69788583561e-23, 1.18882312818e-21, 3.46680684347e-21, 4.45114854123e-21, 1.08157984838e-20, 4.97977107482e-20, 6.54763085672e-20, 9.135267009e-20, 1.40589142024e-19, 1.60400389113e-19, 3.27936141588e-19, 4.63103269792e-19, 5.61354645578e-19, 6.55270716075e-19, 1.19518923457e-18, 1.43742566484e-18, 1.87845644717e-18, 2.26086990256e-18, 2.69634823503e-18, 2.9541787776e-18, 4.03573645367e-18, 3.7177471331e-18, 5.04380285462e-18, 6.33837897717e-18, 7.81805950924e-18, 1.00248715044e-17, 8.54474512199e-18, 1.15056712118e-17, 1.15400083063e-17, 1.17365985322e-17, 1.25516824555e-17, 1.206593553e-17, 1.04537629977e-17, 8.46741117934e-18, 6.63497368478e-18, 4.13408946927e-18, 2.48452403056e-18, 9.59684400131e-19, 2.58278409174e-19, 2.72585221652e-20],
        "var": [0.0256499424577, 0.0326057523489, 0.679251194, 42.8720359802, 805.108703613, 307.937683105, 1441.0748291, 1041.70361328, 1471.74243164, 25906.9238281, 24676.7617188, 4922.39794922, 7403.82958984, 3687.51196289, 1478.20922852, 6815.15527344, 1748.45214844, 265.950134277, 99.0119934082, 495.297088623, 617.888671875, 50.698009491, 29.0220413208, 11.5139656067, 7.12071752548, 4.52071332932, 4.89093255997, 0.361294537783, 0.167050048709, 0.0362003110349, 0.00576531887054, 0.00264653586783, 0.000832535675727, 0.000315338838845, 2.72233501164e-05, 3.68436440112e-06, 1.89756548252e-07, 3.18499027152e-09, 1.48304868386e-10, 6.00592686695e-10]
    },
    "gfcc": {
        "mean": [-160.833496094, 180.301559448, -137.068618774, -2.29347968102, -52.29712677, -18.7913360596, -32.473323822, -2.63587427139, -12.8956537247, -10.2715902328, -6.06524801254, -8.73646259308, 3.83475756645],
        "cov": [[20505.1152344, 559.644165039, -2536.83984375, 355.473510742, -863.349853516, -552.276611328, -443.726196289, -45.7143478394, -539.750427246, -23.4679641724, -490.251312256, -179.534805298, -239.755661011], [559.644165039, 1624.33190918, 56.6355895996, -532.494995117, 168.329223633, -295.291717529, 73.1151809692, -173.382003784, 120.286804199, -158.972015381, 70.8685913086, -176.066360474, 29.3219242096], [-2536.83984375, 56.6355895996, 721.782287598, -39.2993125916, 145.154251099, 88.5826568604, 19.5051879883, -33.0847053528, 26.2758636475, -36.3244934082, -23.0041542053, -35.9227027893, -24.5545063019], [355.473510742, -532.494995117, -39.2993125916, 466.99621582, -6.07224941254, 134.086227417, -43.4196891785, 20.5335159302, -94.8078460693, 20.0817127228, -64.1477203369, 55.7479820251, 8.12340354919], [-863.349853516, 168.329223633, 145.154251099, -6.07224941254, 210.266174316, 14.7150812149, 30.796295166, -38.8654174805, 6.11493968964, -30.7523002625, 8.17001724243, -15.7540826797, -2.76240944862], [-552.276611328, -295.291717529, 88.5826568604, 134.086227417, 14.7150812149, 218.830825806, 25.9046859741, 49.4137191772, -31.4696617126, 18.4158630371, -9.19257831573, 38.6452255249, 6.95330238342], [-443.726196289, 73.1151809692, 19.5051879883, -43.4196891785, 30.796295166, 25.9046859741, 172.860610962, 29.207775116, 55.9319190979, 9.37389469147, 19.9636230469, -12.2595510483, -10.2697620392], [-45.7143478394, -173.382003784, -33.0847053528, 20.5335159302, -38.8654174805, 49.4137191772, 29.207775116, 139.711883545, 36.073677063, 37.1193618774, 9.68362808228, 22.5235080719, 3.21334528923], [-539.750427246, 120.286804199, 26.2758636475, -94.8078460693, 6.11493968964, -31.4696617126, 55.9319190979, 36.073677063, 153.621368408, 56.1730728149, 63.1827545166, -3.55831885338, 1.65430569649], [-23.4679641724, -158.972015381, -36.3244934082, 20.0817127228, -30.7523002625, 18.4158630371, 9.37389469147, 37.1193618774, 56.1730728149, 125.823310852, 59.3692131042, 34.8695907593, -11.2446222305], [-490.251312256, 70.8685913086, -23.0041542053, -64.1477203369, 8.17001724243, -9.19257831573, 19.9636230469, 9.68362808228, 63.1827545166, 59.3692131042, 144.19190979, 50.4022293091, 23.4199447632], [-179.534805298, -176.066360474, -35.9227027893, 55.7479820251, -15.7540826797, 38.6452255249, -12.2595510483, 22.5235080719, -3.55831885338, 34.8695907593, 50.4022293091, 111.838600159, 42.1178092957], [-239.755661011, 29.3219242096, -24.5545063019, 8.12340354919, -2.76240944862, 6.95330238342, -10.2697620392, 3.21334528923, 1.65430569649, -11.2446222305, 23.4199447632, 42.1178092957, 114.521766663]],
        "icov": [[0.000230669087614, -0.000555251608603, 0.000647144683171, -0.000366756314179, 0.000631798058748, 4.55022491224e-05, 0.000301803956972, -0.000306598405587, 0.000740967923775, -0.000828207586892, 0.000974392460193, -0.000357824319508, 0.00067830196349], [-0.000555251608603, 0.00338530633599, -0.00133116182406, 0.0021354155615, -0.00252555496991, 0.000877360638697, -0.00104362994898, 0.00204101554118, -0.00272264285013, 0.00405951403081, -0.00373544590548, 0.00309783522971, -0.00266860262491], [0.000647144683171, -0.00133116182406, 0.00371926254593, -0.000532484147698, 0.00057878420921, -0.00102356623393, 0.00124164100271, -0.000198262525373, 0.00103413686156, -0.00169143744279, 0.00306392065249, -0.000612501869909, 0.00214154529385], [-0.000366756314179, 0.0021354155615, -0.000532484147698, 0.00480295717716, -0.00215500243939, -0.0011216319399, -0.000180574585102, 0.00137447600719, -0.000519377354067, 0.00105302233715, -0.000343808438629, 0.000485232070787, -0.00180531281512], [0.000631798058748, -0.00252555496991, 0.00057878420921, -0.00215500243939, 0.0085407178849, -0.000603059888817, -0.000126492130221, 8.80193110788e-05, 0.00206036609598, -0.00156473414972, 0.00189500895794, -0.00155479519162, 0.00247597997077], [4.55022491224e-05, 0.000877360638697, -0.00102356623393, -0.0011216319399, -0.000603059888817, 0.00804782938212, -0.0018454369856, -0.00197397754528, 0.00209772516973, -0.00023195920221, -0.000604959321208, -0.000311694835545, -0.000697288836818], [0.000301803956972, -0.00104362994898, 0.00124164100271, -0.000180574585102, -0.000126492130221, -0.0018454369856, 0.00790669489652, -0.00147975969594, -0.00170277047437, -0.000425527774496, 0.00118736817967, -1.29128766275e-05, 0.00178237108048], [-0.000306598405587, 0.00204101554118, -0.000198262525373, 0.00137447600719, 8.80193110788e-05, -0.00197397754528, -0.00147975969594, 0.0111437179148, -0.00447745155543, 0.00143170903903, -0.000720743264537, 0.000552972371224, -0.00147857982665], [0.000740967923775, -0.00272264285013, 0.00103413686156, -0.000519377354067, 0.00206036609598, 0.00209772516973, -0.00170277047437, -0.00447745155543, 0.0155439237133, -0.00854116585106, 0.000819078704808, 0.000141613782034, 0.00111942377407], [-0.000828207586892, 0.00405951403081, -0.00169143744279, 0.00105302233715, -0.00156473414972, -0.00023195920221, -0.000425527774496, 0.00143170903903, -0.00854116585106, 0.0193611048162, -0.00929776486009, 0.00135685887653, 0.0001141814937], [0.000974392460193, -0.00373544590548, 0.00306392065249, -0.000343808438629, 0.00189500895794, -0.000604959321208, 0.00118736817967, -0.000720743264537, 0.000819078704808, -0.00929776486009, 0.0182480383664, -0.00861135218292, 0.00239729229361], [-0.000357824319508, 0.00309783522971, -0.000612501869909, 0.000485232070787, -0.00155479519162, -0.000311694835545, -1.29128766275e-05, 0.000552972371224, 0.000141613782034, 0.00135685887653, -0.00861135218292, 0.0185577273369, -0.00667605642229], [0.00067830196349, -0.00266860262491, 0.00214154529385, -0.00180531281512, 0.00247597997077, -0.000697288836818, 0.00178237108048, -0.00147857982665, 0.00111942377407, 0.0001141814937, 0.00239729229361, -0.00667605642229, 0.0136859351769]]
    },
    "melbands": {
        "dmean": [0.000102418554889, 6.42943487037e-05, 0.000306458678097, 0.000335037999321, 0.000246474228334, 0.000175798777491, 0.00015483678726, 0.000241795365582, 0.000158480717801, 5.60207699891e-05, 7.7571181464e-05, 3.93572008761e-05, 2.06886197702e-05, 1.8216747776e-05, 1.45414114741e-05, 8.80374955159e-06, 4.60441970063e-06, 4.09270296586e-06, 4.32021170127e-06, 6.45442787572e-06, 3.44885324921e-06, 2.1618975552e-06, 1.72707757429e-06, 9.85207520898e-07, 7.34032312266e-07, 5.85083853366e-07, 3.05816854507e-07, 3.6260078673e-07, 1.76645329475e-07, 1.49132702632e-07, 5.03141173169e-08, 3.90679417706e-08, 3.54834064353e-08, 2.33571544328e-08, 9.72026814594e-09, 6.59593402119e-09, 5.37245448129e-09, 4.72702010867e-09, 3.62106455931e-09, 2.90199086983e-09],
        "dmean2": [0.000156407593749, 9.86252125585e-05, 0.000435298250522, 0.000491780752782, 0.000376481591957, 0.000277796556475, 0.000254757760558, 0.000376077834517, 0.000227783195442, 7.77859604568e-05, 0.000112280955364, 5.63190114917e-05, 3.02447115246e-05, 2.45687351708e-05, 1.98525503947e-05, 1.2694875295e-05, 7.21359810996e-06, 6.38022902422e-06, 6.66919868308e-06, 9.66988773143e-06, 5.1646979955e-06, 3.40986321135e-06, 2.69556562671e-06, 1.50850121372e-06, 1.13409282676e-06, 8.97937411537e-07, 4.57492689065e-07, 5.44757483567e-07, 2.61981341509e-07, 2.30105271726e-07, 7.5791007248e-08, 6.05731784731e-08, 5.51025465256e-08, 3.64993475443e-08, 1.50906984686e-08, 9.99795179979e-09, 8.32178947974e-09, 7.22292270439e-09, 5.57562707115e-09, 4.4030894486e-09],
        "dvar": [6.83174334881e-07, 2.70951083792e-08, 8.09001392099e-07, 6.66156324769e-07, 3.31762151973e-07, 1.46947442659e-07, 1.64136508829e-07, 6.07117897289e-07, 4.32480504742e-07, 2.82726233536e-08, 6.48951044013e-08, 2.04827799166e-08, 5.90569149139e-09, 9.66836122274e-09, 9.51859302489e-09, 4.56109416902e-09, 2.75405587224e-10, 1.48982090553e-10, 2.48694093097e-10, 4.92096752236e-10, 6.43732178673e-10, 3.48689584151e-11, 2.22424821616e-11, 7.12628307059e-12, 4.39362522059e-12, 2.47327375594e-12, 1.03755231403e-12, 1.41517071499e-12, 1.42781804175e-12, 4.75740703342e-13, 4.55062420038e-14, 1.20316612034e-13, 1.48032458416e-14, 8.85754550218e-15, 1.88738295351e-15, 1.15325685115e-15, 5.45467353994e-16, 3.3832573791e-16, 5.18848443654e-16, 1.06185658307e-16],
        "dvar2": [1.25686619867e-06, 6.29878584846e-08, 1.57677095558e-06, 1.43401280184e-06, 8.24950348033e-07, 3.60189147841e-07, 4.37669257281e-07, 1.55227007781e-06, 9.85260840025e-07, 4.66868534943e-08, 1.44142717318e-07, 3.73926454245e-08, 1.24911352373e-08, 1.40811717841e-08, 1.58989053034e-08, 8.1253368478e-09, 6.44828357377e-10, 3.63487739907e-10, 6.05289707245e-10, 1.09196640619e-09, 8.9238838541e-10, 8.91235488187e-11, 4.95024264635e-11, 1.49638496039e-11, 1.04623453998e-11, 5.81960347967e-12, 2.24589032267e-12, 3.18627177594e-12, 2.65271593754e-12, 9.61840091081e-13, 9.82612835499e-14, 3.04799696767e-13, 3.60910947124e-14, 2.15583031028e-14, 4.46119928989e-15, 2.54010146047e-15, 1.22815055143e-15, 7.65403482155e-16, 1.02601852643e-15, 2.50569895262e-16],
        "max": [0.0543989725411, 0.0045316987671, 0.0346423983574, 0.027176309377, 0.0208057388663, 0.0111098140478, 0.0157226193696, 0.0294121783227, 0.0393002294004, 0.00668216543272, 0.00718091987073, 0.00855903606862, 0.00472688255832, 0.00727613596246, 0.00751554593444, 0.00540301622823, 0.00103938556276, 0.000418791780248, 0.000903640349861, 0.00141548656393, 0.00265127257444, 0.000201308474061, 0.000329011236317, 9.61673358688e-05, 7.56054796511e-05, 4.18938143412e-05, 5.77961727686e-05, 5.66228300158e-05, 0.00012090546079, 4.55965673609e-05, 8.87463556865e-06, 2.35522238654e-05, 3.45983153238e-06, 3.60211265615e-06, 2.74461581284e-06, 2.1967948669e-06, 1.40116731018e-06, 9.42070585097e-07, 1.89461775335e-06, 5.5160512602e-07],
        "mean": [0.0001594118512, 0.000151482250658, 0.000681979814544, 0.000766337499954, 0.000570612610318, 0.000380098616006, 0.000390259432606, 0.000634874100797, 0.000395355426008, 0.00014721576008, 0.000156119567691, 8.56206534081e-05, 4.38416136603e-05, 4.13936650148e-05, 3.17513404298e-05, 1.69700815604e-05, 8.77125148691e-06, 7.84305029811e-06, 8.78686387296e-06, 1.18916213978e-05, 6.14236068941e-06, 4.0478075789e-06, 3.14093608722e-06, 1.83416170785e-06, 1.38573500408e-06, 1.07525306703e-06, 5.56815450636e-07, 5.99917314048e-07, 3.01570253214e-07, 2.33864369648e-07, 8.17865029035e-08, 5.6298041784e-08, 5.34800719265e-08, 3.49428539437e-08, 1.51073233923e-08, 1.06670947631e-08, 8.51113934885e-09, 7.81714870612e-09, 6.10718497995e-09, 4.98275731786e-09],
        "median": [3.60938647646e-05, 3.00210522255e-05, 9.89806576399e-05, 0.000182661911822, 0.00019033276476, 0.000137972921948, 0.00010617730004, 0.000117431831313, 6.89158769092e-05, 3.14158969559e-05, 3.24632674165e-05, 2.1465073587e-05, 1.10266219053e-05, 7.47047397454e-06, 5.39070197192e-06, 3.24865095536e-06, 2.12956479118e-06, 2.4695814318e-06, 2.80552558252e-06, 2.98307577395e-06, 1.70765702023e-06, 1.36175879106e-06, 1.00357203792e-06, 4.89038313845e-07, 3.915419029e-07, 2.63791292809e-07, 1.22606039099e-07, 1.02309066108e-07, 5.35317390415e-08, 3.49047084569e-08, 1.34047120071e-08, 7.49066675354e-09, 7.90998377909e-09, 4.9092290233e-09, 2.1117834148e-09, 1.37180022897e-09, 1.07571729302e-09, 7.93798304866e-10, 8.02749700046e-10, 8.05030042628e-10],
        "min": [1.3912396284e-24, 2.04066167723e-24, 1.27362953933e-24, 2.67829735527e-24, 2.2350515982e-24, 2.3689418042e-24, 2.14630494358e-24, 1.46367411861e-24, 2.57920715646e-24, 2.81649927776e-24, 2.15655619104e-24, 2.6573966828e-24, 2.97631224197e-24, 2.55227761452e-24, 3.71959000307e-24, 2.65475892915e-24, 3.76475465648e-24, 3.06116606524e-24, 2.79169729369e-24, 4.54008699161e-24, 4.86653065039e-24, 3.39684255206e-24, 4.77322615468e-24, 4.57941367989e-24, 4.53063288809e-24, 4.94051988685e-24, 5.4287719335e-24, 5.24556332699e-24, 5.94841512215e-24, 3.67156375673e-24, 5.96450472917e-24, 5.44948742087e-24, 6.33422135291e-24, 5.58183422051e-24, 6.1193119765e-24, 5.2265391574e-24, 6.83988000987e-24, 6.69841595032e-24, 6.41341431033e-24, 7.28778182122e-24],
        "var": [1.09110078483e-06, 1.09583446317e-07, 3.20628373629e-06, 2.68214103016e-06, 1.24341465835e-06, 4.71858811579e-07, 6.75531850902e-07, 2.40575104726e-06, 1.57481156293e-06, 1.48585371562e-07, 1.83419487598e-07, 6.36220747197e-08, 1.52023265088e-08, 3.89978218607e-08, 2.74179559057e-08, 1.06895150509e-08, 5.4733562127e-10, 2.73484485058e-10, 4.61401111762e-10, 9.24474663488e-10, 1.27561017305e-09, 7.1174614813e-11, 4.65143791539e-11, 1.7498884286e-11, 9.00491920613e-12, 5.21225900982e-12, 1.94254963677e-12, 2.46910066178e-12, 2.04761771774e-12, 7.14328390276e-13, 7.0555059462e-14, 1.03019860438e-13, 2.14488647519e-14, 1.12236634307e-14, 2.43432546832e-15, 1.54806843698e-15, 7.31031838067e-16, 4.96336637256e-16, 6.61660210264e-16, 1.57424196681e-16]
    },
    "mfcc": {
        "mean": [-783.987915039, 197.370101929, -15.5297689438, 11.134552002, -3.6977930069, -14.9497203827, -10.7917222977, -5.02262830734, -1.64296555519, -3.74725961685, -6.1052236557, -3.22612094879, 0.95977461338],
        "cov": [[11043.7216797, 1504.71704102, -2003.70300293, 868.254089355, -547.672973633, -170.42288208, -113.065429688, -195.586273193, -85.132484436, -91.4832611084, -176.316238403, -151.086746216, -40.7750816345], [1504.71704102, 1664.7109375, -63.3143539429, -56.8843650818, -2.05736875534, -129.659698486, -82.4834747314, -76.7855911255, -30.3886489868, -61.9272689819, -34.2837409973, -30.4775085449, -39.8777885437], [-2003.70300293, -63.3143539429, 743.221740723, -201.68132019, 94.1813278198, 61.1717910767, -15.822054863, 20.451215744, 16.2246417999, 23.4360332489, 35.2447319031, 23.5550632477, -16.1829223633], [868.254089355, -56.8843650818, -201.68132019, 284.149810791, 13.4547138214, 27.2865409851, 21.2776622772, -13.0804224014, -2.54537677765, -19.879032135, -45.2998046875, -47.3037834167, -9.10321521759], [-547.672973633, -2.05736875534, 94.1813278198, 13.4547138214, 193.558578491, 37.1246795654, 14.031293869, 13.1830453873, -10.2594890594, -27.796251297, -32.8385848999, -21.5411148071, -8.10232639313], [-170.42288208, -129.659698486, 61.1717910767, 27.2865409851, 37.1246795654, 142.877700806, 50.0602378845, 10.1403474808, 2.5534350872, -7.18288755417, -1.74472475052, -13.0419282913, -9.94237232208], [-113.065429688, -82.4834747314, -15.822054863, 21.2776622772, 14.031293869, 50.0602378845, 111.193275452, 45.6096763611, 9.59717845917, 0.0124875530601, -5.41034555435, -8.48935985565, -14.6453199387], [-195.586273193, -76.7855911255, 20.451215744, -13.0804224014, 13.1830453873, 10.1403474808, 45.6096763611, 104.562850952, 38.5902328491, -1.33586788177, 5.20337295532, -7.29319763184, -8.09733772278], [-85.132484436, -30.3886489868, 16.2246417999, -2.54537677765, -10.2594890594, 2.5534350872, 9.59717845917, 38.5902328491, 97.0850067139, 33.9336585999, -0.438990801573, -3.67598247528, -10.8214073181], [-91.4832611084, -61.9272689819, 23.4360332489, -19.879032135, -27.796251297, -7.18288755417, 0.0124875530601, -1.33586788177, 33.9336585999, 110.28099823, 49.4986839294, 17.2051429749, 9.76416492462], [-176.316238403, -34.2837409973, 35.2447319031, -45.2998046875, -32.8385848999, -1.74472475052, -5.41034555435, 5.20337295532, -0.438990801573, 49.4986839294, 121.916183472, 63.6591453552, 13.8766212463], [-151.086746216, -30.4775085449, 23.5550632477, -47.3037834167, -21.5411148071, -13.0419282913, -8.48935985565, -7.29319763184, -3.67598247528, 17.2051429749, 63.6591453552, 123.21836853, 46.498626709], [-40.7750816345, -39.8777885437, -16.1829223633, -9.10321521759, -8.10232639313, -9.94237232208, -14.6453199387, -8.09733772278, -10.8214073181, 9.76416492462, 13.8766212463, 46.498626709, 102.912689209]],
