{
"lowlevel": {
    "average_loudness": 0.426679491997,
    "barkbands_crest": {
        "dmean": 1.38030469418,
        "dmean2": 2.04750871658,
        "dvar": 2.9117846489,
        "dvar2": 7.88004207611,
        "max": 25.5206680298,
        "mean": 12.0060300827,
        "median": 10.8783998489,
        "min": 3.78009200096,
        "var": 21.4322319031
    },
    "barkbands_flatness_db": {
        "dmean": 0.0132793243974,
        "dmean2": 0.0205227974802,
        "dvar": 0.000219688430661,
        "dvar2": 0.000549776479602,
        "max": 0.397706329823,
        "mean": 0.202698677778,
        "median": 0.19407787919,
        "min": 0.061087269336,
        "var": 0.00239892769605
    },
    "barkbands_kurtosis": {
        "dmean": 2.54360604286,
        "dmean2": 3.7311873436,
        "dvar": 52.0330848694,
        "dvar2": 135.408828735,
        "max": 180.33430481,
        "mean": 7.3528881073,
        "median": 3.11504220963,
        "min": -1.73479390144,
        "var": 218.666152954
    },
    "barkbands_skewness": {
        "dmean": 0.331529200077,
        "dmean2": 0.480506658554,
        "dvar": 0.219708651304,
        "dvar2": 0.526604413986,
        "max": 10.5606708527,
        "mean": 2.03499317169,
        "median": 1.80528903008,
        "min": -1.84884047508,
        "var": 1.92748093605
    },
    "barkbands_spread": {
        "dmean": 1.83697497845,
        "dmean2": 2.64671754837,
        "dvar": 5.9108915329,
        "dvar2": 14.3428077698,
        "max": 63.6005859375,
        "mean": 13.5172357559,
        "median": 12.8837108612,
        "min": 0.663909554482,
        "var": 51.9380874634
    },
    "dissonance": {
        "dmean": 0.0182008165866,
        "dmean2": 0.0304976273328,
        "dvar": 0.000305571884383,
        "dvar2": 0.000786688993685,
        "max": 0.49860098958,
        "mean": 0.435736298561,
        "median": 0.442751526833,
        "min": 0.216729313135,
        "var": 0.00127890054137
    },
    "dynamic_complexity": 4.25169277191,
    "erbbands_crest": {
        "dmean": 1.5095654726,
        "dmean2": 2.19368863106,
        "dvar": 2.44823503494,
        "dvar2": 6.00232076645,
        "max": 29.5949306488,
        "mean": 10.0168218613,
        "median": 8.9180393219,
        "min": 3.10621523857,
        "var": 18.5912647247
    },
    "erbbands_flatness_db": {
        "dmean": 0.0076159555465,
        "dmean2": 0.0105172712356,
        "dvar": 5.75198355364e-05,
        "dvar2": 0.000107264764665,
        "max": 0.358428865671,
        "mean": 0.203756019473,
        "median": 0.203059703112,
        "min": 0.085381641984,
        "var": 0.00104110362008
    },
    "erbbands_kurtosis": {
        "dmean": 0.467951238155,
        "dmean2": 0.641740560532,
        "dvar": 0.85105240345,
        "dvar2": 1.49808073044,
        "max": 41.643283844,
        "mean": 0.00555690843612,
        "median": -0.610211491585,
        "min": -1.69797754288,
        "var": 5.27605009079
    },
    "erbbands_skewness": {
        "dmean": 0.203094124794,
        "dmean2": 0.284345775843,
        "dvar": 0.0438521914184,
        "dvar2": 0.0898269712925,
        "max": 5.73732233047,
        "mean": 0.372988730669,
        "median": 0.347634792328,
        "min": -3.18591690063,
        "var": 0.61586946249
    },
    "erbbands_spread": {
        "dmean": 3.4981367588,
        "dmean2": 4.94434642792,
        "dvar": 13.0675506592,
        "dvar2": 31.1049880981,
        "max": 75.3787994385,
        "mean": 34.8242874146,
        "median": 34.6493415833,
        "min": 3.08738684654,
        "var": 118.21648407
    },
    "hfc": {
        "dmean": 1.2478852272,
        "dmean2": 1.56867098808,
        "dvar": 3.74798750877,
        "dvar2": 4.85546159744,
        "max": 71.9839248657,
        "mean": 10.0899076462,
        "median": 7.66862010956,
        "min": 1.14980884472e-16,
        "var": 83.7080383301
    },
    "melbands_crest": {
        "dmean": 1.89819777012,
        "dmean2": 2.81147217751,
        "dvar": 6.16979026794,
        "dvar2": 16.8100833893,
        "max": 35.6041412354,
        "mean": 17.0327224731,
        "median": 16.2065849304,
        "min": 2.95726180077,
        "var": 39.6843223572
    },
    "melbands_flatness_db": {
        "dmean": 0.0139807239175,
        "dmean2": 0.0202171821147,
        "dvar": 0.000332680850988,
        "dvar2": 0.000701261975337,
        "max": 0.511456906796,
        "mean": 0.261404931545,
        "median": 0.251889586449,
        "min": 0.00711509073153,
        "var": 0.00451265089214
    },
    "melbands_kurtosis": {
        "dmean": 4.26481771469,
        "dmean2": 6.21147918701,
        "dvar": 105.218994141,
        "dvar2": 273.323669434,
        "max": 300.81338501,
        "mean": 15.4987192154,
        "median": 8.46942710876,
        "min": -1.82965826988,
        "var": 552.512512207
    },
    "melbands_skewness": {
        "dmean": 0.399108111858,
        "dmean2": 0.572602272034,
        "dvar": 0.282997012138,
        "dvar2": 0.70655053854,
        "max": 11.9219779968,
        "mean": 2.87882375717,
        "median": 2.50005888939,
        "min": -0.226725533605,
        "var": 2.62828683853
    },
    "melbands_spread": {
        "dmean": 2.58100271225,
        "dmean2": 3.79842472076,
        "dvar": 25.4584026337,
        "dvar2": 46.7342605591,
        "max": 140.540161133,
        "mean": 15.8974876404,
        "median": 13.5026512146,
        "min": 0.538701355457,
        "var": 133.811477661
    },
    "pitch_salience": {
        "dmean": 0.0387372411788,
        "dmean2": 0.0598510093987,
        "dvar": 0.00208758516237,
        "dvar2": 0.00590248638764,
        "max": 0.809026181698,
        "mean": 0.436864584684,
        "median": 0.444904983044,
        "min": 0.0926921144128,
        "var": 0.0152765223756
    },
    "silence_rate_20dB": {
        "dmean": 0.000715563481208,
        "dmean2": 0.00143163918983,
        "dvar": 0.000715045141988,
        "dvar2": 0.00214538350701,
        "max": 1,
        "mean": 0.999642372131,
        "median": 1,
        "min": 0,
        "var": 0.000357524317224
    },
    "silence_rate_30dB": {
        "dmean": 0.00644007138908,
        "dmean2": 0.0128847528249,
        "dvar": 0.00639843381941,
        "dvar2": 0.0162984132767,
        "max": 1,
        "mean": 0.971030056477,
        "median": 1,
        "min": 0,
        "var": 0.0281306710094
    },
    "silence_rate_60dB": {
        "dmean": 0.0114490156993,
        "dmean2": 0.0229062270373,
        "dvar": 0.0113179497421,
        "dvar2": 0.024529600516,
        "max": 1,
        "mean": 0.0940629467368,
        "median": 0,
        "min": 0,
        "var": 0.0852168947458
    },
    "spectral_centroid": {
        "dmean": 108.679916382,
        "dmean2": 157.713378906,
        "dvar": 58017.34375,
        "dvar2": 76300.734375,
        "max": 11424.5888672,
        "mean": 935.700622559,
        "median": 860.180175781,
        "min": 160.396286011,
        "var": 247808.78125
    },
    "spectral_complexity": {
        "dmean": 1.05831837654,
        "dmean2": 1.72440946102,
        "dvar": 1.0352460146,
        "dvar2": 2.32851529121,
        "max": 25,
        "mean": 12.543633461,
        "median": 13,
        "min": 0,
        "var": 21.5342712402
    },
    "spectral_decrease": {
        "dmean": 7.71252339771e-10,
        "dmean2": 9.36104971316e-10,
        "dvar": 3.00936371858e-18,
        "dvar2": 3.32863785744e-18,
        "max": -2.89917908156e-29,
        "mean": -5.46220402242e-09,
        "median": -3.39152705919e-09,
        "min": -9.340374163e-08,
        "var": 6.76275207904e-17
    },
    "spectral_energy": {
        "dmean": 0.00300065753981,
        "dmean2": 0.00364459515549,
        "dvar": 4.44394026999e-05,
        "dvar2": 4.91183018312e-05,
        "max": 0.358355939388,
        "mean": 0.0215307902545,
        "median": 0.0135529600084,
        "min": 1.05625745877e-20,
        "var": 0.00100367132109
    },
    "spectral_energyband_high": {
        "dmean": 1.75231871253e-05,
        "dmean2": 2.33608534472e-05,
        "dvar": 1.26572174963e-09,
        "dvar2": 2.16327489255e-09,
        "max": 0.00117312849034,
        "mean": 9.30997775868e-05,
        "median": 5.00048045069e-05,
        "min": 7.61041706466e-21,
        "var": 1.46468552842e-08
    },
    "spectral_energyband_low": {
        "dmean": 0.000765866599977,
        "dmean2": 0.000915396609344,
        "dvar": 4.78552829009e-06,
        "dvar2": 5.50908998775e-06,
        "max": 0.118830136955,
        "mean": 0.00471145613119,
        "median": 0.000859500374645,
        "min": 5.83191172605e-23,
        "var": 0.000112378831545
    },
    "spectral_energyband_middle_high": {
        "dmean": 0.000456485926406,
        "dmean2": 0.00058386370074,
        "dvar": 4.95675863021e-07,
        "dvar2": 7.75674777742e-07,
        "max": 0.0245024394244,
        "mean": 0.00277581135742,
        "median": 0.00202481774613,
        "min": 1.60605920877e-21,
        "var": 7.16245040167e-06
    },
    "spectral_energyband_middle_low": {
        "dmean": 0.00269634532742,
        "dmean2": 0.00327788852155,
        "dvar": 4.24134886998e-05,
        "dvar2": 4.67971076432e-05,
        "max": 0.35209441185,
        "mean": 0.0167997218668,
        "median": 0.00912126526237,
        "min": 4.02497457823e-22,
        "var": 0.000930555746891
    },
    "spectral_entropy": {
        "dmean": 0.0925918743014,
        "dmean2": 0.135442510247,
        "dvar": 0.0137423165143,
        "dvar2": 0.0246664471924,
        "max": 9.78116130829,
        "mean": 6.50957155228,
        "median": 6.5371761322,
        "min": 4.90317678452,
        "var": 0.149614289403
    },
    "spectral_flux": {
        "dmean": 0.00720583833754,
        "dmean2": 0.011646868661,
        "dvar": 9.19380399864e-05,
        "dvar2": 0.000232486549066,
        "max": 0.203465521336,
        "mean": 0.0257082302123,
        "median": 0.022038154304,
        "min": 1.02774386224e-10,
        "var": 0.000301810679957
    },
    "spectral_kurtosis": {
        "dmean": 3.15348863602,
        "dmean2": 5.48865890503,
        "dvar": 9.02345371246,
        "dvar2": 26.6539402008,
        "max": 58.2218856812,
        "mean": 10.0160923004,
        "median": 8.56610488892,
        "min": -1.21468293667,
        "var": 36.4522743225
    },
    "spectral_rms": {
        "dmean": 0.000301457737805,
        "dmean2": 0.000386195431929,
        "dvar": 1.76981757249e-07,
        "dvar2": 3.49113122411e-07,
        "max": 0.018698008731,
        "mean": 0.00396566232666,
        "median": 0.00363626168109,
        "min": 3.21013246367e-12,
        "var": 5.27910196979e-06
    },
    "spectral_rolloff": {
        "dmean": 178.42817688,
        "dmean2": 293.551330566,
        "dvar": 332527,
        "dvar2": 451569.5625,
        "max": 18841.5527344,
        "mean": 985.337890625,
        "median": 753.662109375,
        "min": 43.06640625,
        "var": 718477
    },
    "spectral_skewness": {
        "dmean": 0.28501355648,
        "dmean2": 0.489828526974,
        "dvar": 0.0589784607291,
        "dvar2": 0.166685983539,
        "max": 5.78331851959,
        "mean": 2.2150785923,
        "median": 2.10169458389,
        "min": -0.0498963706195,
        "var": 0.381003767252
    },
    "spectral_spread": {
        "dmean": 223607.0625,
        "dmean2": 351931.1875,
        "dvar": 999137869824,
        "dvar2": 981736882176,
        "max": 43412856,
        "mean": 3104068,
        "median": 3029801.75,
        "min": 1179754,
        "var": 1.49339321139e+12
    },
    "spectral_strongpeak": {
        "dmean": 0.210771456361,
        "dmean2": 0.333078950644,
        "dvar": 0.365016490221,
        "dvar2": 0.779941856861,
        "max": 10.6378746033,
        "mean": 0.950673997402,
        "median": 0.66664814949,
        "min": 0,
        "var": 1.13304364681
    },
    "zerocrossingrate": {
        "dmean": 0.00430089328438,
        "dmean2": 0.00531674316153,
        "dvar": 0.00015959412849,
        "dvar2": 0.000158715629368,
        "max": 0.4970703125,
        "mean": 0.0387946106493,
        "median": 0.0361328125,
        "min": 0.00146484375,
        "var": 0.000506531796418
    },
    "barkbands": {
        "dmean": [1.04333848867e-05, 3.8235077227e-05, 0.00022913129942, 0.00134394189809, 0.00111445121001, 0.00027815811336, 0.000356753269443, 0.000120390410302, 0.00014214325347, 4.09994536312e-05, 0.000190123202628, 5.87829126744e-05, 3.11755866278e-05, 4.67099052912e-05, 7.46978330426e-05, 0.000123612509924, 0.000113230817078, 6.73170143273e-05, 2.93986558972e-05, 2.61540080828e-05, 1.3388043044e-05, 4.6021232265e-06, 2.86177828457e-06, 1.79607945938e-06, 1.12596069357e-06, 5.6437022522e-07, 9.394177658e-10],
        "dmean2": [1.81335144589e-05, 5.37765263289e-05, 0.000283405737719, 0.00162303249817, 0.00141884956975, 0.000333558622515, 0.000454273831565, 0.000142784629134, 0.000155135319801, 5.0287504564e-05, 0.000229811877944, 7.12333712727e-05, 4.25395955972e-05, 6.40634752926e-05, 0.000100027762528, 0.000146632199176, 0.000172831307282, 9.12687246455e-05, 3.94836752093e-05, 3.93291957153e-05, 1.83166448551e-05, 6.26293785899e-06, 4.18387935497e-06, 2.65502808361e-06, 1.59097965025e-06, 8.0554610804e-07, 1.70671565769e-09],
        "dvar": [1.53085280563e-10, 1.54414845355e-08, 4.89142507831e-07, 2.37085605477e-05, 1.02598869489e-05, 3.86124327179e-07, 6.58597173242e-07, 7.45739896502e-08, 6.74803430911e-08, 5.99117200295e-09, 1.16633479763e-07, 2.82617218517e-08, 3.90683485563e-09, 8.06455702218e-09, 2.09875121726e-08, 1.76041965005e-07, 5.06769275432e-08, 4.13347684969e-08, 4.4567292079e-09, 4.54132065286e-09, 8.1805362484e-10, 1.17536119726e-10, 3.58908146258e-11, 1.17234590091e-11, 3.96228666197e-12, 1.12782699846e-12, 2.46357754271e-18],
        "dvar2": [4.28251045737e-10, 2.57360639466e-08, 7.4497688729e-07, 2.37557360379e-05, 1.22304190882e-05, 3.40954073863e-07, 1.37739596084e-06, 1.09329540976e-07, 7.66037828726e-08, 1.09045634744e-08, 1.92511464547e-07, 4.74784407345e-08, 7.62286944678e-09, 1.7997077606e-08, 4.06089668559e-08, 2.24967251938e-07, 1.49135615857e-07, 8.31309279192e-08, 8.00867816508e-09, 1.06422337609e-08, 1.58142154927e-09, 1.89546114915e-10, 6.89418244715e-11, 2.46653027863e-11, 7.73594382997e-12, 2.05823704434e-12, 7.59829168255e-18],
        "max": [0.000134453657665, 0.00841383635998, 0.0459362789989, 0.312679886818, 0.230830937624, 0.0282216351479, 0.0244615785778, 0.0145425219089, 0.0100223571062, 0.0026822835207, 0.00894004292786, 0.00620960816741, 0.00207699276507, 0.003916407004, 0.00476952362806, 0.0153805268928, 0.0052697872743, 0.0065025575459, 0.00186842284165, 0.00235542701557, 0.000872786797117, 0.000413298985222, 0.000178283531568, 8.56747647049e-05, 6.34877505945e-05, 3.00696337945e-05, 2.14558824041e-08],
        "mean": [1.12237057692e-05, 0.000235971980146, 0.00162484764587, 0.00677232304588, 0.00568267703056, 0.0015527427895, 0.0014973214129, 0.00055008684285, 0.0007182174013, 0.000150078776642, 0.000717763323337, 0.000213580948184, 0.000145098441863, 0.000162463999004, 0.000236343053984, 0.000456348410808, 0.000330029026372, 0.000211862337892, 0.000104566737718, 7.41822150303e-05, 4.57888236269e-05, 1.48711633301e-05, 9.51273068495e-06, 6.51438676869e-06, 4.53882285001e-06, 1.86116403711e-06, 8.04740274418e-10],
        "median": [6.53066399536e-06, 1.34544334287e-05, 0.000118578187539, 0.0010349014774, 0.00178645481355, 0.00057483225828, 0.00080786657054, 0.000198900394025, 0.000344149768353, 8.51278018672e-05, 0.000369339366443, 5.87230242672e-05, 3.78088661819e-05, 6.1983926571e-05, 8.51725562825e-05, 5.78023100388e-05, 0.00015984509082, 7.21500982763e-05, 4.00549433834e-05, 3.29834911099e-05, 1.89510046766e-05, 6.00863768341e-06, 4.32380602433e-06, 3.45226953868e-06, 2.43859949478e-06, 1.0137849813e-06, 2.66076966016e-10],
        "min": [1.31202525341e-23, 4.25586040746e-23, 3.90550953008e-24, 9.1317639087e-24, 3.06162155353e-23, 7.20112497746e-23, 1.98024850029e-23, 4.01875816497e-23, 3.13242718402e-23, 7.14883927667e-23, 4.60263482615e-23, 3.68619649544e-23, 7.47089836765e-23, 1.30587630354e-22, 6.39855177644e-23, 1.53098085517e-22, 1.88026271559e-22, 1.71434355777e-22, 3.01854280613e-22, 1.25990325703e-22, 3.7249595426e-22, 4.61735206763e-22, 5.82171825476e-22, 7.84830065809e-22, 1.20994844457e-21, 1.75446219613e-21, 2.36662048001e-21],
        "var": [1.90225793451e-10, 1.06475852135e-06, 1.76927333086e-05, 0.00045941217104, 0.000296589976642, 7.01353428667e-06, 5.13480608788e-06, 1.13433191018e-06, 1.29285297135e-06, 5.56386900996e-08, 1.06176014469e-06, 2.3793639059e-07, 7.35519307682e-08, 1.03763149184e-07, 1.97601337959e-07, 1.81752932349e-06, 2.45458863901e-07, 2.45862992188e-07, 3.36192087502e-08, 1.90803373101e-08, 5.56709789379e-09, 7.61697760421e-10, 2.41622666319e-10, 7.6867200105e-11, 3.98845401151e-11, 8.06953462384e-12, 2.29554903616e-18]
    },
    "erbbands": {
        "dmean": [0.000610493239947, 0.0126390503719, 0.195652544498, 2.38375735283, 5.73364877701, 2.44700264931, 1.97717475891, 2.25367498398, 3.36728143692, 5.51034736633, 3.0450117588, 2.62782669067, 2.15538287163, 4.89603281021, 4.48705148697, 1.78571021557, 1.47201120853, 1.66377997398, 2.28542256355, 4.18528461456, 8.63064193726, 7.59802961349, 3.31864547729, 2.50079083443, 1.39477837086, 0.840074896812, 0.678753495216, 0.368619054556, 0.169469639659, 0.099509909749, 0.0681632757187, 0.0446203425527, 0.0291342809796, 0.0158944018185, 0.00889020692557, 0.00398806948215, 0.000677372736391, 1.29513564389e-05, 1.62250091762e-06, 3.34746118824e-06],
        "dmean2": [0.00101830088533, 0.016946638003, 0.238806203008, 2.85547685623, 7.25332307816, 3.03219676018, 2.44386100769, 2.73571538925, 3.63369441032, 7.74535989761, 3.44377779961, 2.96704435349, 2.47644281387, 5.84148311615, 5.64991569519, 2.14012479782, 1.80063724518, 2.38753724098, 3.07910585403, 5.50503063202, 10.3724822998, 11.5860357285, 4.55308103561, 3.37246870995, 2.0171687603, 1.22500801086, 0.90387660265, 0.509166836739, 0.234670057893, 0.140720650554, 0.100554458797, 0.0659419670701, 0.0438239313662, 0.0227383635938, 0.0126858074218, 0.00571784796193, 0.000976972281933, 1.86923462024e-05, 2.02746332434e-06, 4.06773824579e-06],
        "dvar": [1.04793389255e-06, 0.00137077935506, 0.237016588449, 60.6035995483, 287.797454834, 27.8815097809, 22.5544528961, 25.1857566833, 48.8214607239, 189.661834717, 36.8511810303, 22.7984867096, 30.3652248383, 111.376075745, 56.4838104248, 16.9643688202, 6.84649085999, 8.85650730133, 16.796913147, 62.0435638428, 834.864868164, 242.281173706, 70.5030822754, 29.0275936127, 10.462884903, 3.1542930603, 2.73237514496, 0.678370952606, 0.176443859935, 0.0487540140748, 0.0156667642295, 0.00646547833458, 0.00498676858842, 0.000890246126801, 0.000285089306999, 5.35027866135e-05, 1.83377414942e-06, 6.08552763737e-10, 9.76289101645e-12, 5.3143878187e-11],
        "dvar2": [2.70242912848e-06, 0.00220440817066, 0.355523914099, 60.4270858765, 354.256469727, 40.1992874146, 16.7897987366, 23.7556419373, 54.7906837463, 461.799224854, 54.1907272339, 29.0711479187, 38.9823303223, 178.965301514, 99.4735336304, 28.4506988525, 9.80333137512, 25.1961688995, 36.4234809875, 110.713859558, 1060.0916748, 710.857543945, 143.161621094, 55.8260154724, 23.7827072144, 7.36058568954, 5.20896053314, 1.22229814529, 0.266721993685, 0.0804198682308, 0.0302622038871, 0.0128627726808, 0.010860866867, 0.00172321172431, 0.000553995603696, 9.62099948083e-05, 3.66221865988e-06, 1.23113019779e-09, 1.09766796347e-11, 5.86373935518e-11],
        "max": [0.0491532385349, 2.45259475708, 27.5713424683, 488.105438232, 984.282470703, 314.195831299, 249.2293396, 169.947875977, 448.56817627, 382.361175537, 293.741149902, 251.640396118, 186.207489014, 324.944854736, 170.322341919, 131.915557861, 91.4533309937, 60.920211792, 161.961593628, 203.230285645, 1067.23461914, 370.659820557, 241.423355103, 156.823745728, 105.917068481, 44.026550293, 54.4944038391, 29.9759311676, 19.5338172913, 7.58158111572, 3.90337443352, 1.87359333038, 2.01105117798, 0.811221659184, 0.491568118334, 0.224757328629, 0.0473686791956, 0.000878628809005, 0.000162326890859, 0.000390932575101],
        "mean": [0.00218883552589, 0.0892574563622, 1.37218403816, 12.959569931, 28.3133182526, 12.7174949646, 9.12080097198, 13.3934698105, 18.318649292, 19.8843288422, 15.436085701, 12.5602426529, 9.45900917053, 19.3694934845, 16.8326587677, 7.36970376968, 7.57920503616, 5.93723058701, 8.55429458618, 14.4612522125, 32.6045913696, 22.7998466492, 11.109120369, 8.78421401978, 4.79205179214, 2.6307861805, 2.11045122147, 1.25865995884, 0.580763161182, 0.350391805172, 0.225462049246, 0.154267206788, 0.0940505564213, 0.0550582669675, 0.0332155227661, 0.0147118987516, 0.00200889771804, 4.3656626076e-05, 1.26210179587e-05, 2.46603049163e-05],
        "median": [0.000727413222194, 0.00748593267053, 0.206195861101, 2.67358708382, 5.54385852814, 6.52568912506, 4.86472129822, 5.2878742218, 9.71591472626, 11.2519340515, 7.5843629837, 6.67594909668, 4.07837295532, 8.44721031189, 9.33435153961, 2.94626450539, 2.60279798508, 3.62748384476, 3.70866060257, 7.31119823456, 6.16090011597, 10.9300737381, 5.11845207214, 4.35382175446, 2.48896026611, 1.35074698925, 0.911685407162, 0.496894180775, 0.244002282619, 0.171930119395, 0.111467063427, 0.0851709246635, 0.0427232608199, 0.0269137173891, 0.0161573905498, 0.0079114921391, 0.00114291789941, 2.62629473582e-05, 8.75551631907e-06, 1.60508479894e-05],
        "min": [1.92791344836e-21, 4.82086232823e-21, 4.91582411658e-21, 1.49984162486e-20, 7.92635482221e-20, 9.14808443108e-20, 4.52616222288e-19, 6.08273880886e-19, 5.55638982642e-19, 5.37325152181e-19, 6.21101901223e-19, 7.04871929422e-19, 2.60083079457e-18, 1.59063068122e-18, 1.76367148869e-18, 1.70650576034e-18, 3.51337975506e-18, 4.10210570371e-18, 5.55574369496e-18, 6.5572530352e-18, 9.30607471316e-18, 1.09165755135e-17, 1.12566898475e-17, 1.24188761266e-17, 1.06156256999e-17, 7.07914154958e-18, 1.38051853383e-17, 1.1902727832e-17, 1.88242071025e-17, 1.69309461903e-17, 1.68545262823e-17, 1.36220516866e-17, 1.42654956327e-17, 1.03549016796e-17, 9.7252600691e-18, 5.57159454345e-18, 3.55052554123e-18, 1.43449868624e-18, 3.09054580883e-19, 3.04304496216e-20],
        "var": [3.11971598421e-05, 0.0927856191993, 7.99543857574, 1232.05517578, 7062.02001953, 616.138427734, 390.24230957, 430.300689697, 943.519104004, 823.508239746, 562.547851562, 407.267486572, 372.955169678, 1149.91015625, 388.524902344, 183.23928833, 162.979263306, 54.734703064, 231.577850342, 434.865264893, 8655.2578125, 1231.01660156, 434.186035156, 192.922821045, 51.8520202637, 15.0700597763, 11.3402709961, 6.83270454407, 1.20094585419, 0.345951527357, 0.110539570451, 0.0405644960701, 0.0223325304687, 0.006731252186, 0.00245741731487, 0.000474188942462, 9.33614956011e-06, 3.63066932074e-09, 2.35918007352e-10, 1.21346399595e-09]
    },
    "gfcc": {
        "mean": [-76.466545105, 122.766494751, -136.292678833, 22.4109668732, -64.1760864258, -10.6938066483, -53.0939674377, 3.63207554817, -32.8509712219, -13.6476659775, -23.103105545, -7.6595916748, -8.4147901535],
        "cov": [[10946.6425781, -758.924621582, -1904.74487305, -261.607452393, -488.423339844, -536.120117188, -593.060974121, -228.417556763, -495.736328125, -257.01852417, -382.223114014, -272.630554199, -271.250305176], [-758.924621582, 725.860351562, 385.193237305, -27.7516155243, 187.792861938, -19.8011932373, 123.72127533, -46.8310050964, 128.613677979, -36.5126647949, 113.802947998, -17.0644378662, 28.905462265], [-1904.74487305, 385.193237305, 745.835571289, 194.580368042, 199.715560913, 145.09576416, 180.317153931, 43.7822952271, 115.998435974, 23.6398639679, 62.5066680908, 6.54457616806, 24.7751312256], [-261.607452393, -27.7516155243, 194.580368042, 239.494338989, 76.1649093628, 81.3854064941, 67.2171401978, 45.4161911011, 17.2463092804, 16.4346885681, 0.692883729935, 11.2435178757, -1.1142873764], [-488.423339844, 187.792861938, 199.715560913, 76.1649093628, 203.869995117, 66.1927032471, 50.6314620972, -1.58426463604, 47.0936050415, 4.44689655304, 16.1679115295, 2.56844091415, 7.83107185364], [-536.120117188, -19.8011932373, 145.09576416, 81.3854064941, 66.1927032471, 165.868331909, 70.6552429199, 28.9435844421, 26.3673362732, 41.5107345581, 3.48503565788, 23.1645431519, 11.931438446], [-593.060974121, 123.72127533, 180.317153931, 67.2171401978, 50.6314620972, 70.6552429199, 133.153671265, 39.5645523071, 31.9094696045, 10.1688070297, 23.0669898987, 12.7947711945, 12.5311288834], [-228.417556763, -46.8310050964, 43.7822952271, 45.4161911011, -1.58426463604, 28.9435844421, 39.5645523071, 107.017028809, 25.5033454895, 5.65430402756, 1.52063846588, 16.9028167725, 11.2795667648], [-495.736328125, 128.613677979, 115.998435974, 17.2463092804, 47.0936050415, 26.3673362732, 31.9094696045, 25.5033454895, 109.801856995, 22.0509986877, 31.4962692261, 24.5484409332, 22.3933677673], [-257.01852417, -36.5126647949, 23.6398639679, 16.4346885681, 4.44689655304, 41.5107345581, 10.1688070297, 5.65430402756, 22.0509986877, 101.66342926, 44.5600700378, 29.9756374359, -0.824914038181], [-382.223114014, 113.802947998, 62.5066680908, 0.692883729935, 16.1679115295, 3.48503565788, 23.0669898987, 1.52063846588, 31.4962692261, 44.5600700378, 141.192901611, 52.0262451172, 1.23580241203], [-272.630554199, -17.0644378662, 6.54457616806, 11.2435178757, 2.56844091415, 23.1645431519, 12.7947711945, 16.9028167725, 24.5484409332, 29.9756374359, 52.0262451172, 106.071838379, 37.0462608337], [-271.250305176, 28.905462265, 24.7751312256, -1.1142873764, 7.83107185364, 11.931438446, 12.5311288834, 11.2795667648, 22.3933677673, -0.824914038181, 1.23580241203, 37.0462608337, 108.302452087]],
        "icov": [[0.000291001953883, -0.000690313056111, 0.000850753160194, -0.000775499618612, 0.000380664248951, -0.00012250902364, 0.000825079216156, -0.000196803201106, 0.000752574182115, -6.20947976131e-05, 0.000654850213323, -2.4725943149e-05, 0.000466386147309], [-0.000690313056111, 0.00793112721294, -0.00370069895871, 0.00461682118475, -0.00462802732363, 0.00388200976886, -0.0071447044611, 0.00426894472912, -0.00627660471946, 0.00335583812557, -0.00575926247984, 0.00279411533847, -0.00222929893062], [0.000850753160194, -0.00370069895871, 0.00590500980616, -0.00425971113145, 0.0009012579103, -0.00187762780115, 0.00146882119589, -0.0010210982291, 0.00165621843189, -0.000591974821873, 0.00208048918284, 0.000358798861271, 0.00130846723914], [-0.000775499618612, 0.00461682118475, -0.00425971113145, 0.00970396678895, -0.00382917444222, 0.0007786033093, -0.00484345015138, 0.000112327361421, -0.00242370599881, 0.00102896231692, -0.00269598304294, 0.000399567943532, -0.000957332085818], [0.000380664248951, -0.00462802732363, 0.0009012579103, -0.00382917444222, 0.0102720977738, -0.00413177534938, 0.0043465369381, -0.000613491050899, 0.00157455040608, -0.00069919321686, 0.00291408668272, -0.00122947420459, 0.00127286405768], [-0.00012250902364, 0.00388200976886, -0.00187762780115, 0.0007786033093, -0.00413177534938, 0.012693782337, -0.00685314042494, 0.00169933016878, -0.00218628509901, -0.00247061974369, 1.73118360181e-06, -0.000268127419986, -0.000864187197294], [0.000825079216156, -0.0071447044611, 0.00146882119589, -0.00484345015138, 0.0043465369381, -0.00685314042494, 0.0203395243734, -0.00681617576629, 0.00609207805246, -0.00138004031032, 0.0035725783091, -0.00196368084289, 0.00174552178942], [-0.000196803201106, 0.00426894472912, -0.0010210982291, 0.000112327361421, -0.000613491050899, 0.00169933016878, -0.00681617576629, 0.0146157583222, -0.00617140065879, 0.00257765012793, -0.00215691956691, 0.000522105954587, -0.00113223376684], [0.000752574182115, -0.00627660471946, 0.00165621843189, -0.00242370599881, 0.00157455040608, -0.00218628509901, 0.00609207805246, -0.00617140065879, 0.0184460002929, -0.00449860375375, 0.00382233620621, -0.00326057616621, 0.000444542936748], [-6.20947976131e-05, 0.00335583812557, -0.000591974821873, 0.00102896231692, -0.00069919321686, -0.00247061974369, -0.00138004031032, 0.00257765012793, -0.00449860375375, 0.0155508182943, -0.00626356713474, 0.000214412226342, 0.000355523166945], [0.000654850213323, -0.00575926247984, 0.00208048918284, -0.00269598304294, 0.00291408668272, 1.73118360181e-06, 0.0035725783091, -0.00215691956691, 0.00382233620621, -0.00626356713474, 0.015456398949, -0.0072452542372, 0.003737867577], [-2.4725943149e-05, 0.00279411533847, 0.000358798861271, 0.000399567943532, -0.00122947420459, -0.000268127419986, -0.00196368084289, 0.000522105954587, -0.00326057616621, 0.000214412226342, -0.0072452542372, 0.0161054618657, -0.00534495944157], [0.000466386147309, -0.00222929893062, 0.00130846723914, -0.000957332085818, 0.00127286405768, -0.000864187197294, 0.00174552178942, -0.00113223376684, 0.000444542936748, 0.000355523166945, 0.003737867577, -0.00534495944157, 0.012302887626]]
    },
    "melbands": {
        "dmean": [7.86522741691e-06, 6.48478089715e-05, 0.00054673262639, 0.000301589898299, 6.79298609612e-05, 5.2327872254e-05, 5.80421619816e-05, 5.28548298462e-05, 2.47535590461e-05, 1.74787674041e-05, 1.08096764961e-05, 1.81189188879e-05, 2.14250903809e-05, 5.83389237363e-06, 5.03467254021e-06, 3.67216898667e-06, 3.1071920148e-06, 3.37770461556e-06, 7.51431025492e-06, 4.54520886706e-06, 1.05725357571e-05, 9.56287294684e-06, 2.08786400435e-06, 4.04423280997e-06, 1.95143456949e-06, 1.19479420846e-06, 1.34518552386e-06, 3.96426997895e-07, 5.23938979313e-07, 2.33840268038e-07, 2.35372439761e-07, 1.00302194994e-07, 1.07959593265e-07, 6.72533033708e-08, 4.39319869372e-08, 3.92455596909e-08, 3.22089661609e-08, 2.36167352341e-08, 1.64000226732e-08, 1.55172710237e-08],
        "dmean2": [1.20688728202e-05, 8.06028547231e-05, 0.000670915062074, 0.000377453718102, 8.51624427014e-05, 6.29087880952e-05, 6.69734436087e-05, 7.29187595425e-05, 2.73052410193e-05, 1.97166955331e-05, 1.23792997329e-05, 2.17144042836e-05, 2.67558061751e-05, 7.17633247405e-06, 5.87889689996e-06, 4.99555062561e-06, 4.48111950391e-06, 4.57351279692e-06, 1.01041296148e-05, 5.79654761168e-06, 1.2459359823e-05, 1.47904847836e-05, 2.98446047964e-06, 5.45555349163e-06, 2.64131540462e-06, 1.61237790053e-06, 2.06703498407e-06, 5.64751417187e-07, 7.01215753907e-07, 3.22707137457e-07, 3.20943087218e-07, 1.39590028425e-07, 1.53448880269e-07, 9.82564927199e-08, 6.53171028375e-08, 5.85113610896e-08, 4.72919552408e-08, 3.62676217947e-08, 2.38003963204e-08, 2.2643684261e-08],
        "dvar": [4.38651115431e-10, 3.18398249988e-08, 2.83221788777e-06, 7.02250872564e-07, 2.02537115968e-08, 1.19878080795e-08, 1.35655886524e-08, 1.4761961431e-08, 2.05674499654e-09, 1.20162169104e-09, 7.58089313546e-10, 1.51381052138e-09, 1.3144291211e-09, 4.91384877233e-10, 1.12517786754e-10, 5.63693258737e-11, 2.97540256322e-11, 6.74970218606e-11, 2.2415792833e-10, 1.0715971166e-10, 1.3473373528e-09, 4.12786166359e-10, 1.61011187022e-11, 2.04804909143e-10, 1.41518723823e-11, 6.38815216003e-12, 1.62039704571e-11, 8.9358799223e-13, 1.93497691828e-12, 2.02165053361e-13, 3.79919511649e-13, 4.17123611042e-14, 1.16532976845e-13, 2.47711753047e-14, 6.91634631037e-15, 6.65824435991e-15, 4.0564124088e-15, 3.6262535028e-15, 8.9254529806e-16, 9.55127374456e-16],
        "dvar2": [8.72991456902e-10, 4.911137097e-08, 3.02807302432e-06, 8.76562978647e-07, 1.80161219276e-08, 1.15400746736e-08, 2.0741962814e-08, 3.52568072515e-08, 2.87483814532e-09, 1.41055078728e-09, 9.70820313029e-10, 2.4718282976e-09, 2.3336317323e-09, 8.07375610812e-10, 1.64784269563e-10, 1.12307795008e-10, 8.17817966126e-11, 1.48939111044e-10, 4.44658726506e-10, 1.69556702012e-10, 1.67679592433e-09, 1.22295162885e-09, 3.44397288465e-11, 4.120575825e-10, 2.65529542798e-11, 1.14940583093e-11, 3.80711087655e-11, 2.04657579946e-12, 3.76719575673e-12, 3.580660074e-13, 6.12416042357e-13, 7.09985862419e-14, 1.85191244935e-13, 4.89368440248e-14, 1.3903963667e-14, 1.28255408003e-14, 8.07757130633e-15, 7.940946586e-15, 1.79866514613e-15, 1.83436271442e-15],
        "max": [0.00132709532045, 0.0107557997108, 0.102682210505, 0.0560541413724, 0.00647767586634, 0.00339507055469, 0.00575436465442, 0.00342715252191, 0.0019075376913, 0.00179015239701, 0.000908417394385, 0.00119862449355, 0.000733086606488, 0.000841618923005, 0.000559005595278, 0.000289673655061, 0.000146243459312, 0.000369180401322, 0.000523381342646, 0.000273670215392, 0.00137510988861, 0.000454770313809, 0.000128190789837, 0.000468635407742, 8.5109983047e-05, 6.74076800351e-05, 0.000140728487168, 2.9142920539e-05, 4.77834073536e-05, 1.09501361294e-05, 2.69414031209e-05, 7.07867729943e-06, 1.5038035599e-05, 5.0023404583e-06, 2.171844244e-06, 2.72392912848e-06, 1.59472665473e-06, 1.8384971554e-06, 1.07109815417e-06, 6.52946141599e-07],
        "mean": [3.89999295294e-05, 0.000481645489344, 0.00285166944377, 0.00154051417485, 0.000319308281178, 0.000308873946778, 0.000292870099656, 0.000196446591872, 0.00012660662469, 8.13330916571e-05, 4.47069833172e-05, 7.09751548129e-05, 7.90935009718e-05, 2.03505751415e-05, 2.09815279959e-05, 1.60427098308e-05, 1.02386557046e-05, 1.20779359349e-05, 2.37992753682e-05, 1.55730758706e-05, 3.94521375711e-05, 2.63417095994e-05, 6.72460419082e-06, 1.2501574929e-05, 6.50679521641e-06, 4.31407715951e-06, 3.50665504811e-06, 1.08463552806e-06, 1.49213394707e-06, 7.30593228582e-07, 7.28588133825e-07, 3.05084313368e-07, 2.88242432589e-07, 1.84487205956e-07, 1.30959108446e-07, 1.05851846399e-07, 9.44871771935e-08, 6.63524630795e-08, 5.20461576059e-08, 4.49022543592e-08],
        "median": [4.71483008369e-06, 3.26160152326e-05, 0.000716320122592, 0.000443009135779, 0.000184310978511, 0.000126845319755, 0.000171774096088, 0.000106401756057, 6.29140995443e-05, 3.89201559301e-05, 1.60278013936e-05, 3.12110423693e-05, 4.36449845438e-05, 5.8105770222e-06, 4.3112968342e-06, 4.47260845249e-06, 5.24955976289e-06, 2.53134840023e-06, 8.35734317661e-06, 5.42868292541e-06, 3.98340716856e-06, 9.9713124655e-06, 3.22881032844e-06, 3.62703417522e-06, 3.14724184136e-06, 1.7555037175e-06, 1.23860991152e-06, 4.07608126807e-07, 5.83036126045e-07, 2.74933938726e-07, 2.12522195397e-07, 1.16388797267e-07, 9.64381570157e-08, 7.28692555185e-08, 5.98991789502e-08, 4.97781869058e-08, 4.69469902953e-08, 2.71330868884e-08, 2.25023875089e-08, 1.9705542087e-08],
        "min": [1.51128583827e-23, 4.96118646484e-24, 5.20009535657e-24, 5.11992578936e-24, 1.67228903581e-23, 1.41059216134e-23, 8.49865885604e-24, 7.53117854264e-24, 4.46830893227e-24, 4.98418885998e-24, 1.24478858742e-23, 6.30914464803e-24, 8.6926728848e-24, 2.71445735866e-24, 5.53256867368e-24, 8.74649844208e-24, 7.816197932e-24, 1.13742674814e-23, 4.58432749446e-24, 9.37274040486e-24, 1.13156432833e-23, 1.05617099835e-23, 1.50926256782e-23, 5.15606469071e-24, 1.02905185369e-23, 7.96977889505e-24, 5.72188543018e-24, 4.07831463896e-24, 8.24850317439e-24, 7.17339541224e-24, 7.09875812655e-24, 1.08915571826e-23, 9.50101865438e-24, 8.51300429161e-24, 8.94347622125e-24, 6.90630367581e-24, 9.04407728591e-24, 1.00880132094e-23, 8.72694731341e-24, 8.1921311741e-24],
        "var": [2.53048568766e-08, 1.24300004245e-06, 5.58593055757e-05, 1.86767047126e-05, 3.18247685982e-07, 2.11339113321e-07, 1.89725540167e-07, 7.8721747343e-08, 3.34055911821e-08, 2.26202789833e-08, 9.20913301172e-09, 1.56124695394e-08, 9.39814182033e-09, 3.75725628388e-09, 2.3340986921e-09, 9.86014936366e-10, 2.14782913677e-10, 9.14733899737e-10, 2.20519913441e-09, 8.77144634703e-10, 1.40639224711e-08, 1.89510163118e-09, 1.20069093557e-10, 1.18217080569e-09, 9.71570393582e-11, 4.86169264569e-11, 6.36030186851e-11, 4.10623661809e-12, 7.34907881078e-12, 1.50103041975e-12, 3.35749288614e-12, 3.08844340076e-13, 5.08659249703e-13, 1.32979903673e-13, 4.30788827462e-14, 3.02681091183e-14, 2.07935204428e-14, 1.24333137237e-14, 8.242767295e-15, 5.26865292862e-15]
    },
    "mfcc": {
        "mean": [-716.707458496, 147.023330688, -13.8738288879, 24.3821277618, -3.37323093414, -17.6961898804, -13.6397018433, -2.97730755806, -8.11911392212, -11.7222948074, -14.4086990356, -9.77459049225, -7.38327217102],
        "cov": [[8249.08789062, 204.314575195, -1562.34851074, -286.879699707, -492.98248291, -546.190734863, -410.510467529, -292.366516113, -344.481262207, -252.488525391, -298.505218506, -240.486801147, -302.962432861], [204.314575195, 834.733093262, -17.9213275909, 13.5438117981, 41.8423271179, -23.245464325, -45.6306266785, -7.83021306992, -30.1945209503, -39.3280258179, -40.0476837158, 16.820941925, 45.3860702515], [-1562.34851074, -17.9213275909, 594.329711914, 168.526138306, 136.951248169, 148.56729126, 114.164489746, 99.7388534546, 102.897514343, 87.4650726318, 64.5211181641, 21.8629665375, 62.5604705811], [-286.879699707, 13.5438117981, 168.526138306, 201.422988892, 75.9287643433, 61.5872535706, 62.1868057251, 52.6438102722, 37.7362098694, 24.4994525909, 32.5120315552, 4.06472826004, 23.102897644], [-492.98248291, 41.8423271179, 136.951248169, 75.9287643433, 174.709594727, 89.2384643555, 41.1484718323, 35.3548583984, 48.043296814, 26.3896350861, 17.9134635925, 19.2643623352, 33.7643737793], [-546.190734863, -23.245464325, 148.56729126, 61.5872535706, 89.2384643555, 197.13734436, 69.0668640137, 26.1612815857, 48.3609161377, 25.1770038605, 35.0631523132, 21.0784091949, 41.8260192871], [-410.510467529, -45.6306266785, 114.164489746, 62.1868057251, 41.1484718323, 69.0668640137, 137.78616333, 33.9627342224, 19.8610706329, 30.4851303101, 30.2019615173, 15.7580499649, 16.8602981567], [-292.366516113, -7.83021306992, 99.7388534546, 52.6438102722, 35.3548583984, 26.1612815857, 33.9627342224, 120.082839966, 53.9092521667, 11.8690195084, 25.2517433167, 10.5264520645, 26.1781368256], [-344.481262207, -30.1945209503, 102.897514343, 37.7362098694, 48.043296814, 48.3609161377, 19.8610706329, 53.9092521667, 157.626296997, 37.2319030762, -8.86527729034, -17.4057235718, 4.77012443542], [-252.488525391, -39.3280258179, 87.4650726318, 24.4994525909, 26.3896350861, 25.1770038605, 30.4851303101, 11.8690195084, 37.2319030762, 110.105789185, 16.2420806885, -19.2475185394, 7.35734224319], [-298.505218506, -40.0476837158, 64.5211181641, 32.5120315552, 17.9134635925, 35.0631523132, 30.2019615173, 25.2517433167, -8.86527729034, 16.2420806885, 110.238883972, 34.4024009705, 10.0649738312], [-240.486801147, 16.820941925, 21.8629665375, 4.06472826004, 19.2643623352, 21.0784091949, 15.7580499649, 10.5264520645, -17.4057235718, -19.2475185394, 34.4024009705, 138.920791626, 52.5923957825], [-302.962432861, 45.3860702515, 62.5604705811, 23.102897644, 33.7643737793, 41.8260192871, 16.8602981567, 26.1781368256, 4.77012443542, 7.35734224319, 10.0649738312, 52.5923957825, 134.669296265]],
