{
"lowlevel": {
    "average_loudness": 0.0272230245173,
    "barkbands_crest": {
        "dmean": 2.56091547012,
        "dmean2": 4.01578807831,
        "dvar": 5.05134725571,
        "dvar2": 11.9539442062,
        "max": 25.9772548676,
        "mean": 10.7809762955,
        "median": 9.89014148712,
        "min": 2.89443683624,
        "var": 17.0231170654
    },
    "barkbands_flatness_db": {
        "dmean": 0.0221584066749,
        "dmean2": 0.0319265350699,
        "dvar": 0.000420538301114,
        "dvar2": 0.000848598952871,
        "max": 0.505977749825,
        "mean": 0.205129504204,
        "median": 0.1990198493,
        "min": 0.0267867781222,
        "var": 0.00274368934333
    },
    "barkbands_kurtosis": {
        "dmean": 2.412535429,
        "dmean2": 3.69712042809,
        "dvar": 12.7562141418,
        "dvar2": 27.6452465057,
        "max": 93.1733016968,
        "mean": 3.9771938324,
        "median": 2.45289087296,
        "min": -1.88047015667,
        "var": 35.6967887878
    },
    "barkbands_skewness": {
        "dmean": 0.480492979288,
        "dmean2": 0.720217704773,
        "dvar": 0.202626407146,
        "dvar2": 0.440864354372,
        "max": 8.88304328918,
        "mean": 1.26192867756,
        "median": 1.23036062717,
        "min": -5.94007492065,
        "var": 0.975038707256
    },
    "barkbands_spread": {
        "dmean": 3.15080595016,
        "dmean2": 4.67682027817,
        "dvar": 13.1116161346,
        "dvar2": 28.6639156342,
        "max": 110.82800293,
        "mean": 11.7162179947,
        "median": 9.876121521,
        "min": 0.46845588088,
        "var": 62.547328949
    },
    "dissonance": {
        "dmean": 0.0324926488101,
        "dmean2": 0.0542085394263,
        "dvar": 0.000798645545729,
        "dvar2": 0.00214526592754,
        "max": 0.499999970198,
        "mean": 0.424594163895,
        "median": 0.431630313396,
        "min": 0.125466883183,
        "var": 0.00203718757257
    },
    "dynamic_complexity": 6.09875869751,
    "erbbands_crest": {
        "dmean": 3.30141353607,
        "dmean2": 5.16798114777,
        "dvar": 8.76542758942,
        "dvar2": 20.1864013672,
        "max": 33.3101577759,
        "mean": 12.7523040771,
        "median": 11.6393232346,
        "min": 2.13747859001,
        "var": 28.790895462
    },
    "erbbands_flatness_db": {
        "dmean": 0.0208075921983,
        "dmean2": 0.0297262053937,
        "dvar": 0.000373691087589,
        "dvar2": 0.000736255256925,
        "max": 0.501219630241,
        "mean": 0.240693420172,
        "median": 0.236342296004,
        "min": 0.0352502577007,
        "var": 0.00257797539234
    },
    "erbbands_kurtosis": {
        "dmean": 1.55822658539,
        "dmean2": 2.40192079544,
        "dvar": 6.00194120407,
        "dvar2": 13.148223877,
        "max": 67.4883270264,
        "mean": 1.69077455997,
        "median": 0.560578584671,
        "min": -1.84879410267,
        "var": 15.1473226547
    },
    "erbbands_skewness": {
        "dmean": 0.445742726326,
        "dmean2": 0.663351356983,
        "dvar": 0.167165115476,
        "dvar2": 0.355435281992,
        "max": 7.46611595154,
        "mean": 0.797667622566,
        "median": 0.756765723228,
        "min": -3.4413664341,
        "var": 0.808956921101
    },
    "erbbands_spread": {
        "dmean": 4.92377996445,
        "dmean2": 7.44662618637,
        "dvar": 22.9146347046,
        "dvar2": 51.1478271484,
        "max": 125.608779907,
        "mean": 21.2447433472,
        "median": 19.8875961304,
        "min": 0.648265361786,
        "var": 113.941986084
    },
    "hfc": {
        "dmean": 2.45533895493,
        "dmean2": 3.18826818466,
        "dvar": 19.8097324371,
        "dvar2": 34.0042610168,
        "max": 132.073608398,
        "mean": 8.05467605591,
        "median": 3.48839020729,
        "min": 1.07032406704e-16,
        "var": 144.331954956
    },
    "melbands_crest": {
        "dmean": 3.13136458397,
        "dmean2": 4.89738988876,
        "dvar": 7.88626432419,
        "dvar2": 18.5988082886,
        "max": 34.2367935181,
        "mean": 13.5074396133,
        "median": 12.4278125763,
        "min": 1.62965250015,
        "var": 26.5449028015
    },
    "melbands_flatness_db": {
        "dmean": 0.0248322971165,
        "dmean2": 0.0347520112991,
        "dvar": 0.000541792949662,
        "dvar2": 0.00102382281329,
        "max": 0.591532468796,
        "mean": 0.258514195681,
        "median": 0.252955168486,
        "min": 0.00434773648158,
        "var": 0.0045650745742
    },
    "melbands_kurtosis": {
        "dmean": 3.45532655716,
        "dmean2": 5.29660415649,
        "dvar": 30.6008758545,
        "dvar2": 65.8669967651,
        "max": 185.488235474,
        "mean": 6.60599088669,
        "median": 4.44864654541,
        "min": -1.74640715122,
        "var": 81.3983917236
    },
    "melbands_skewness": {
        "dmean": 0.529009878635,
        "dmean2": 0.795705258846,
        "dvar": 0.256081610918,
        "dvar2": 0.560256898403,
        "max": 9.92837905884,
        "mean": 1.62153625488,
        "median": 1.53371500969,
        "min": -4.04845428467,
        "var": 1.17409539223
    },
    "melbands_spread": {
        "dmean": 4.70034408569,
        "dmean2": 6.97121572495,
        "dvar": 36.5771598816,
        "dvar2": 78.1320114136,
        "max": 164.130477905,
        "mean": 16.4494476318,
        "median": 12.7573308945,
        "min": 0.629564404488,
        "var": 175.172912598
    },
    "pitch_salience": {
        "dmean": 0.0668471604586,
        "dmean2": 0.105321519077,
        "dvar": 0.00316817802377,
        "dvar2": 0.00762583361939,
        "max": 0.984137296677,
        "mean": 0.528388917446,
        "median": 0.53420227766,
        "min": 0.068972684443,
        "var": 0.0129397399724
    },
    "silence_rate_20dB": {
        "dmean": 0,
        "dmean2": 0,
        "dvar": 0,
        "dvar2": 0,
        "max": 1,
        "mean": 1,
        "median": 1,
        "min": 1,
        "var": 0
    },
    "silence_rate_30dB": {
        "dmean": 0.00815999973565,
        "dmean2": 0.0163206532598,
        "dvar": 0.00809137988836,
        "dvar2": 0.0186194740236,
        "max": 1,
        "mean": 0.987640500069,
        "median": 1,
        "min": 0,
        "var": 0.0122065832838
    },
    "silence_rate_60dB": {
        "dmean": 0.060720000416,
        "dmean2": 0.121444858611,
        "dvar": 0.0570185482502,
        "dvar2": 0.12355773896,
        "max": 1,
        "mean": 0.377864897251,
        "median": 0,
        "min": 0,
        "var": 0.235066756606
    },
    "spectral_centroid": {
        "dmean": 175.681015015,
        "dmean2": 252.386077881,
        "dvar": 49641.6523438,
        "dvar2": 95087.828125,
        "max": 11542.6777344,
        "mean": 1002.89678955,
        "median": 800.846435547,
        "min": 185.126068115,
        "var": 439196.5
    },
    "spectral_complexity": {
        "dmean": 1.61096000671,
        "dmean2": 2.53570151329,
        "dvar": 2.45365476608,
        "dvar2": 5.3244342804,
        "max": 45,
        "mean": 9.47066116333,
        "median": 9,
        "min": 0,
        "var": 36.8189506531
    },
    "spectral_decrease": {
        "dmean": 1.02139985358e-09,
        "dmean2": 1.42895895117e-09,
        "dvar": 5.17857952773e-18,
        "dvar2": 1.10547080583e-17,
        "max": 1.1342613337e-19,
        "mean": -3.39796124571e-09,
        "median": -1.2600197552e-09,
        "min": -6.49722693424e-08,
        "var": 3.18578091187e-17
    },
    "spectral_energy": {
        "dmean": 0.00404844759032,
        "dmean2": 0.00563405547291,
        "dvar": 7.87071112427e-05,
        "dvar2": 0.000166142257513,
        "max": 0.253095924854,
        "mean": 0.013555300422,
        "median": 0.00510564725846,
        "min": 9.9702849963e-21,
        "var": 0.000497381086461
    },
    "spectral_energyband_high": {
        "dmean": 3.78627846658e-05,
        "dmean2": 5.16479558428e-05,
        "dvar": 1.1427468749e-08,
        "dvar2": 2.26629630617e-08,
        "max": 0.00472709583119,
        "mean": 7.67820092733e-05,
        "median": 1.45606481965e-05,
        "min": 7.2365290044e-21,
        "var": 3.22102522432e-08
    },
    "spectral_energyband_low": {
        "dmean": 0.00112921267282,
        "dmean2": 0.0018071270315,
        "dvar": 1.93967916857e-05,
        "dvar2": 5.05792813783e-05,
        "max": 0.146359845996,
        "mean": 0.00197486346588,
        "median": 0.000281425978756,
        "min": 2.81106071291e-23,
        "var": 3.76643220079e-05
    },
    "spectral_energyband_middle_high": {
        "dmean": 0.00102997699287,
        "dmean2": 0.00144338305108,
        "dvar": 5.07697814101e-06,
        "dvar2": 1.03637894426e-05,
        "max": 0.0609741136432,
        "mean": 0.00241698557511,
        "median": 0.000810194993392,
        "min": 1.19067156181e-21,
        "var": 1.82660751307e-05
    },
    "spectral_energyband_middle_low": {
        "dmean": 0.00324470037594,
        "dmean2": 0.00466294120997,
        "dvar": 5.38904969289e-05,
        "dvar2": 0.000119664960948,
        "max": 0.23562566936,
        "mean": 0.00962766818702,
        "median": 0.00313587090932,
        "min": 1.58055502016e-22,
        "var": 0.000284405687125
    },
    "spectral_entropy": {
        "dmean": 0.198636874557,
        "dmean2": 0.28609380126,
        "dvar": 0.041531343013,
        "dvar2": 0.0848455876112,
        "max": 9.82051086426,
        "mean": 6.63539505005,
        "median": 6.65243196487,
        "min": 4.18700933456,
        "var": 0.197543427348
    },
    "spectral_flux": {
        "dmean": 0.0120374374092,
        "dmean2": 0.0197867825627,
        "dvar": 0.000254819984548,
        "dvar2": 0.000654949166346,
        "max": 0.376661032438,
        "mean": 0.0443765856326,
        "median": 0.033074747771,
        "min": 6.37921798718e-11,
        "var": 0.00147290132008
    },
    "spectral_kurtosis": {
        "dmean": 5.3211388588,
        "dmean2": 9.00513935089,
        "dvar": 45.8171844482,
        "dvar2": 128.114486694,
        "max": 235.714019775,
        "mean": 13.3402767181,
        "median": 9.81318759918,
        "min": -1.28100728989,
        "var": 145.642150879
    },
    "spectral_rms": {
        "dmean": 0.000452350504929,
        "dmean2": 0.000604698841926,
        "dvar": 3.44633804161e-07,
        "dvar2": 6.38900019112e-07,
        "max": 0.0157137792557,
        "mean": 0.00287334644236,
        "median": 0.00223184213974,
        "min": 3.11883093136e-12,
        "var": 4.96857956023e-06
    },
    "spectral_rolloff": {
        "dmean": 271.49041748,
        "dmean2": 463.010772705,
        "dvar": 220034.03125,
        "dvar2": 470947.34375,
        "max": 19229.1503906,
        "mean": 1162.07971191,
        "median": 839.794921875,
        "min": 86.1328125,
        "var": 1130852.25
    },
    "spectral_skewness": {
        "dmean": 0.433980196714,
        "dmean2": 0.716920733452,
        "dvar": 0.18804359436,
        "dvar2": 0.508976280689,
        "max": 12.431230545,
        "mean": 2.5113568306,
        "median": 2.28533840179,
        "min": -0.0790395736694,
        "var": 0.860557615757
    },
    "spectral_spread": {
        "dmean": 360996.15625,
        "dmean2": 547524.5625,
        "dvar": 260999774208,
        "dvar2": 582941736960,
        "max": 51894428,
        "mean": 2818475.5,
        "median": 2707872.75,
        "min": 333153.21875,
        "var": 2.4008041431e+12
    },
    "spectral_strongpeak": {
        "dmean": 0.468582332134,
        "dmean2": 0.740491569042,
        "dvar": 0.55409091711,
        "dvar2": 1.29931676388,
        "max": 12.2583799362,
        "mean": 0.978511035442,
        "median": 0.646767377853,
        "min": 0,
        "var": 1.15450501442
    },
    "zerocrossingrate": {
        "dmean": 0.00633839843795,
        "dmean2": 0.007322343532,
        "dvar": 5.67829374631e-05,
        "dvar2": 6.96136048646e-05,
        "max": 0.52001953125,
        "mean": 0.0444795675576,
        "median": 0.037109375,
        "min": 0.00732421875,
        "var": 0.000947145803366
    },
    "barkbands": {
        "dmean": [1.24515163407e-05, 0.000159402537975, 0.000702380842995, 0.000781253213063, 0.00104294368066, 0.000907053938136, 0.0012826732127, 0.000822024827357, 0.000476424669614, 0.000323923042743, 0.000239092943957, 0.000157008689712, 0.000264523667283, 0.000154218010721, 0.00015367094602, 9.9641016277e-05, 7.60843540775e-05, 6.84968108544e-05, 4.72838437418e-05, 2.92502336379e-05, 1.10998889795e-05, 1.13750566015e-05, 6.20913669991e-06, 3.81447125619e-06, 3.02589569401e-06, 1.73196315245e-06, 5.45884115688e-10],
        "dmean2": [1.79341532203e-05, 0.000247549964115, 0.00109726109076, 0.00130103575066, 0.00166598474607, 0.00134891737252, 0.00188038754277, 0.00120100169443, 0.000684803002514, 0.000489041616675, 0.000362915394362, 0.000247412535828, 0.000408030842664, 0.000240658322582, 0.000235068830079, 0.000151708227349, 0.000114791633678, 0.000104433129309, 7.12414985173e-05, 4.36509799329e-05, 1.64491248142e-05, 1.70526127476e-05, 9.14413431019e-06, 5.69501526115e-06, 4.57385840491e-06, 2.7336795938e-06, 1.00877584064e-09],
        "dvar": [3.59220431179e-09, 1.72175248281e-07, 8.50960532262e-06, 1.35143263833e-05, 8.00203179097e-06, 5.35067556484e-06, 1.3235431652e-05, 3.99342980018e-06, 1.9978765522e-06, 1.17341289751e-06, 6.99014492511e-07, 3.42660172237e-07, 1.28639703689e-06, 7.52642620228e-07, 3.63725121133e-07, 8.1483378267e-08, 6.58435439505e-08, 1.01498713434e-07, 4.51606574359e-08, 1.30147475019e-08, 1.33325828156e-09, 2.20400520057e-09, 6.27365104311e-10, 3.47442907778e-10, 1.2249395942e-10, 9.64072918719e-11, 1.9966605567e-18],
        "dvar2": [7.28918925219e-09, 4.39318284862e-07, 1.97681019927e-05, 3.64304396498e-05, 2.16225762415e-05, 1.14124395623e-05, 2.65472917818e-05, 8.25091501611e-06, 4.16673447035e-06, 2.64555228568e-06, 1.57496913289e-06, 8.69408552262e-07, 2.84400402961e-06, 1.71561521256e-06, 8.09581933936e-07, 1.82734822829e-07, 1.38779839176e-07, 2.18959470999e-07, 1.05163728392e-07, 2.95085769153e-08, 2.85306800407e-09, 5.35521094136e-09, 1.36978972609e-09, 7.34957150694e-10, 2.74918532384e-10, 2.53429749408e-10, 6.46761478094e-18],
        "max": [0.00353926513344, 0.0150291677564, 0.123373523355, 0.116310656071, 0.0784098505974, 0.0687111392617, 0.18705829978, 0.0838970541954, 0.0745124444366, 0.0471606589854, 0.0235025044531, 0.0266643855721, 0.0351485349238, 0.0402592532337, 0.0337050817907, 0.0118275880814, 0.0110468929633, 0.0201959367841, 0.0133220283315, 0.00713561568409, 0.00229260697961, 0.00329402834177, 0.0016336706467, 0.0018806430744, 0.000447880796855, 0.000533808895852, 3.0523107597e-08],
        "mean": [1.6438525563e-05, 0.000303642213112, 0.00115754117724, 0.00111471069977, 0.001870224718, 0.0018194236327, 0.00237430632114, 0.00144557817839, 0.000915395736229, 0.000529651530087, 0.000357976008672, 0.000236268242588, 0.000403599115089, 0.000237217798713, 0.000229151715757, 0.000152180073201, 0.000114775662951, 0.000101363475551, 7.07799190423e-05, 4.6156172175e-05, 1.89483580471e-05, 1.77288493433e-05, 9.61977821134e-06, 5.86404212299e-06, 4.52106041848e-06, 2.21411346502e-06, 4.70511685169e-10],
        "median": [1.70347834683e-06, 6.41089936835e-05, 8.1905607658e-05, 5.0515296607e-05, 0.000338116486091, 0.000331453949912, 0.000473323219921, 0.000354083284037, 0.000166738624102, 8.50754513522e-05, 4.34944668086e-05, 3.79958473786e-05, 4.00907883886e-05, 1.89761394722e-05, 3.12034680974e-05, 2.4767308787e-05, 1.76322973857e-05, 1.28967039927e-05, 1.05433346107e-05, 6.99277097738e-06, 2.68678786597e-06, 2.11940778172e-06, 1.11686745186e-06, 6.84962515152e-07, 5.23328708368e-07, 1.8479734365e-07, 1.11127322622e-10],
        "min": [1.73792881067e-24, 6.67427207345e-24, 4.2060193866e-24, 7.91891955338e-25, 4.68389870121e-24, 6.01242053499e-24, 1.58045789561e-23, 9.35669339632e-24, 1.32926675513e-23, 1.51758836359e-23, 1.53181231457e-23, 3.54376639682e-23, 3.4318087328e-23, 4.15381998719e-23, 5.97672386905e-23, 4.17177856347e-23, 7.60925699736e-23, 9.99129696915e-23, 1.60202049337e-22, 2.53668182654e-22, 3.04615899626e-22, 3.54292553421e-22, 3.62647133143e-22, 6.24676004459e-22, 9.71977710402e-22, 1.33386680501e-21, 2.04690911481e-21],
        "var": [4.88929341458e-09, 5.01970077948e-07, 2.04374191526e-05, 2.09160734812e-05, 1.98232828552e-05, 1.88237754628e-05, 3.79058037652e-05, 9.96991548163e-06, 6.09673315921e-06, 2.39222617893e-06, 1.29208251565e-06, 5.39160510016e-07, 2.43243675868e-06, 1.49108245751e-06, 6.98979079061e-07, 1.6504881728e-07, 1.26343891793e-07, 1.65948435438e-07, 7.08424607865e-08, 2.28579093431e-08, 3.20608162241e-09, 3.3912941344e-09, 1.13613596309e-09, 5.00047836471e-10, 2.02287409046e-10, 1.09197359488e-10, 1.51513235575e-18]
    },
    "erbbands": {
        "dmean": [0.0018849162152, 0.0531907603145, 0.602950632572, 1.79731416702, 2.62560725212, 3.94405961037, 5.7363243103, 8.45039463043, 15.9796962738, 20.6323032379, 15.2998771667, 12.1525774002, 7.52785491943, 10.6217985153, 9.48955059052, 5.92365455627, 13.5978574753, 8.17572307587, 7.06027269363, 7.34335374832, 4.84074401855, 3.56272721291, 3.62754559517, 2.44435501099, 2.47849607468, 1.55109345913, 0.595970273018, 0.39708173275, 0.383345425129, 0.250108271837, 0.151559606194, 0.0853462815285, 0.0608034022152, 0.0307726897299, 0.0253732129931, 0.0119773410261, 0.00175675342325, 3.55529264198e-05, 3.10703921969e-06, 4.67215613753e-06],
        "dmean2": [0.00291982106864, 0.0809221863747, 0.925068199635, 3.00403141975, 4.26686429977, 6.33648777008, 8.72842121124, 12.6202821732, 24.0653781891, 29.0125980377, 22.3148670197, 17.3483409882, 11.258398056, 15.8444709778, 14.4171009064, 9.17960453033, 20.9484558105, 12.572306633, 10.9577083588, 11.0197458267, 7.28854846954, 5.33204746246, 5.43243932724, 3.61724877357, 3.74385690689, 2.28098988533, 0.870086193085, 0.58904337883, 0.575909495354, 0.365395367146, 0.226101323962, 0.127128079534, 0.0927361100912, 0.0459087155759, 0.0391156971455, 0.0186893381178, 0.00281895580702, 5.63613175473e-05, 4.37210337623e-06, 6.44033434583e-06],
        "dvar": [1.64490047609e-05, 0.0240990892053, 6.25190925598, 68.1834487915, 76.7022323608, 133.917617798, 258.799194336, 508.422363281, 2226.6081543, 4850.22412109, 1392.74865723, 1575.01062012, 460.04699707, 1188.32043457, 1018.38885498, 407.739959717, 3681.31713867, 2304.09301758, 905.273925781, 929.598327637, 225.568283081, 119.239143372, 169.29107666, 167.213867188, 171.233200073, 31.5922603607, 4.38530540466, 1.91342031956, 3.28205657005, 0.831822574139, 0.463045656681, 0.152509495616, 0.0791724324226, 0.0136352200061, 0.0118463626131, 0.00395970512182, 0.000131049338961, 4.65946818906e-08, 7.12898351463e-11, 9.81713113579e-11],
        "dvar2": [3.68195323972e-05, 0.0562775060534, 13.6599225998, 193.388290405, 201.036941528, 356.847229004, 615.184204102, 1092.59094238, 5297.34716797, 7572.49853516, 3034.86157227, 3274.21826172, 1008.03063965, 2678.95410156, 2274.64575195, 1048.83935547, 8133.68896484, 5078.72363281, 2158.05908203, 1925.83105469, 515.63458252, 248.028137207, 358.985473633, 354.967803955, 413.429290771, 63.2195243835, 9.96290969849, 4.12698698044, 8.19666576385, 1.78163504601, 1.09925270081, 0.320964872837, 0.182399556041, 0.0296049974859, 0.0279098618776, 0.010214346461, 0.000362627906725, 1.2724299836e-07, 1.70428129942e-10, 2.0319738947e-10],
        "max": [0.202270358801, 5.43030691147, 104.236190796, 256.000701904, 249.102783203, 438.648254395, 604.923400879, 676.111450195, 2021.20007324, 5081.79638672, 1211.9296875, 2256.64770508, 940.583190918, 1305.84887695, 1056.18847656, 783.579223633, 1961.71496582, 2423.83105469, 2188.93383789, 2303.60498047, 620.080688477, 437.814422607, 583.573364258, 1025.61584473, 871.056945801, 363.161560059, 153.136734009, 59.685459137, 155.148284912, 58.4183692932, 39.7862892151, 38.5174293518, 20.2775592804, 7.52370977402, 4.7520403862, 3.6695189476, 0.933110177517, 0.017024051398, 0.000574387202505, 0.000283941568341],
        "mean": [0.00403590686619, 0.105572938919, 1.07827544212, 2.680311203, 4.2387638092, 6.72022914886, 10.9187879562, 16.6753082275, 28.4595012665, 38.3280181885, 28.954492569, 23.5335083008, 14.237909317, 17.8339538574, 14.9558601379, 10.0742349625, 21.0763149261, 13.5027894974, 11.1016349792, 11.6405668259, 7.85132360458, 5.87643623352, 5.84740304947, 3.85491108894, 3.84321522713, 2.55749964714, 1.03895807266, 0.672955989838, 0.598373532295, 0.401165992022, 0.238921746612, 0.134702846408, 0.087973639369, 0.0460095591843, 0.0360035635531, 0.0165668260306, 0.00218598521315, 4.74849257444e-05, 8.96661003935e-06, 1.58167313202e-05],
        "median": [0.00108374643605, 0.0214259289205, 0.102272614837, 0.195035934448, 0.432798713446, 1.13659787178, 2.01818823814, 3.01955485344, 6.11470603943, 8.16911792755, 7.77624416351, 4.8280582428, 3.16235303879, 3.42755031586, 2.68352103233, 2.01310634613, 2.2029774189, 1.40523338318, 1.68080341816, 1.75925993919, 1.5334675312, 1.26151812077, 1.04606986046, 0.753997206688, 0.654616653919, 0.425229012966, 0.177113726735, 0.0941593572497, 0.0789718478918, 0.0511827766895, 0.0299016684294, 0.0170507021248, 0.00952699314803, 0.00568285537884, 0.00367963616736, 0.00153552531265, 0.000197481247596, 5.37649384569e-06, 3.68116843674e-06, 6.24886888545e-06],
        "min": [2.17080712896e-22, 1.05199693335e-21, 6.66147934335e-21, 7.84742935175e-21, 1.15749337975e-20, 1.89659767476e-20, 6.39406736094e-20, 4.80865228613e-20, 1.65065739467e-19, 2.05440166671e-19, 3.78026063581e-19, 3.09873437991e-19, 3.18744071181e-19, 6.44801918242e-19, 1.02263542969e-18, 1.25947957294e-18, 2.1071904981e-18, 2.2183732918e-18, 2.90181989919e-18, 4.76754810468e-18, 2.86150559767e-18, 4.57047894118e-18, 5.62312996356e-18, 5.74713591791e-18, 7.27342228724e-18, 1.01089841922e-17, 1.05703284624e-17, 1.01749038696e-17, 1.17894206317e-17, 1.45550832934e-17, 1.03662919566e-17, 1.22455296759e-17, 1.03294708388e-17, 1.03009554416e-17, 6.84954392209e-18, 4.7671589162e-18, 2.08647727518e-18, 1.01280997157e-18, 2.54182469275e-19, 2.67589907013e-20],
        "var": [8.75430632732e-05, 0.0725261047482, 17.0454101562, 94.2002792358, 155.894241333, 320.621856689, 756.841186523, 1687.8013916, 5245.76367188, 14458.1689453, 3647.40869141, 4744.89160156, 1053.52746582, 2398.18701172, 1894.90185547, 750.051818848, 6896.79443359, 4798.50195312, 1643.59008789, 1885.70275879, 469.605499268, 247.316390991, 331.718200684, 248.665969849, 266.328033447, 72.9889526367, 10.0560102463, 3.97123861313, 4.25321578979, 1.59280061722, 0.702330172062, 0.230873212218, 0.115924917161, 0.0215438641608, 0.0169100258499, 0.00467620696872, 0.000130739892484, 4.9948063463e-08, 2.15069170806e-10, 6.46905362611e-10]
    },
    "gfcc": {
        "mean": [-127.04133606, 132.822555542, -142.20664978, 9.8559961319, -68.1001586914, -4.91630983353, -41.2639350891, 7.37575006485, -19.0951404572, -0.0500429607928, -9.70469760895, -6.28665781021, -5.88336849213],
        "cov": [[11641.9697266, -235.437286377, -333.035644531, 345.277832031, -409.853485107, 112.245666504, -359.456329346, -115.869720459, -391.483276367, 27.1508407593, -349.542236328, -113.601318359, -388.062805176], [-235.437286377, 2496.06738281, 533.70098877, -275.046630859, 209.503753662, -426.980133057, 146.464767456, -508.563842773, 226.223266602, -177.942993164, 179.229217529, -391.986053467, 63.6808509827], [-333.035644531, 533.70098877, 708.118469238, 116.282157898, 89.6303100586, -10.5249252319, -9.38640594482, -70.531463623, -17.2562847137, -33.5328559875, -27.3399028778, -67.6358718872, -49.2104949951], [345.277832031, -275.046630859, 116.282157898, 432.205718994, 110.441047668, 153.797973633, 18.087020874, 73.4697570801, -67.1731948853, -35.6444587708, -60.4935112, 51.127658844, -35.7999534607], [-409.853485107, 209.503753662, 89.6303100586, 110.441047668, 255.839996338, 81.6167449951, 84.0479202271, -19.2506084442, 8.95983505249, -34.287311554, 15.3840503693, -19.1859855652, 7.43830680847], [112.245666504, -426.980133057, -10.5249252319, 153.797973633, 81.6167449951, 299.130432129, 53.177066803, 114.579971313, -65.000541687, 13.2312202454, -49.2093811035, 73.5399475098, -23.8495979309], [-359.456329346, 146.464767456, -9.38640594482, 18.087020874, 84.0479202271, 53.177066803, 186.011627197, 24.8041133881, 38.9305114746, -24.2753448486, 34.0275421143, -15.5175647736, 23.8589572906], [-115.869720459, -508.563842773, -70.531463623, 73.4697570801, -19.2506084442, 114.579971313, 24.8041133881, 266.692352295, 13.8613824844, 50.2314987183, -36.5205116272, 90.3746414185, 0.796192526817], [-391.483276367, 226.223266602, -17.2562847137, -67.1731948853, 8.95983505249, -65.000541687, 38.9305114746, 13.8613824844, 184.687515259, 30.7479553223, 42.7490234375, -42.1597862244, 27.4663295746], [27.1508407593, -177.942993164, -33.5328559875, -35.6444587708, -34.287311554, 13.2312202454, -24.2753448486, 50.2314987183, 30.7479553223, 152.362625122, 34.6532440186, 10.4705314636, -21.0182952881], [-349.542236328, 179.229217529, -27.3399028778, -60.4935112, 15.3840503693, -49.2093811035, 34.0275421143, -36.5205116272, 42.7490234375, 34.6532440186, 149.026977539, 5.17841768265, 17.3162918091], [-113.601318359, -391.986053467, -67.6358718872, 51.127658844, -19.1859855652, 73.5399475098, -15.5175647736, 90.3746414185, -42.1597862244, 10.4705314636, 5.17841768265, 185.269805908, 40.0848960876], [-388.062805176, 63.6808509827, -49.2104949951, -35.7999534607, 7.43830680847, -23.8495979309, 23.8589572906, 0.796192526817, 27.4663295746, -21.0182952881, 17.3162918091, 40.0848960876, 141.8175354]],
        "icov": [[0.000155955858645, -0.000312608317472, 0.000314347766107, -0.000280227715848, 0.000400581135182, -0.000224919902394, 0.000233395840041, -0.000113264897664, 0.000361145241186, -0.000308171380311, 0.000417714123614, -0.0001640975388, 0.00038775606663], [-0.000312608317472, 0.00289099058136, -0.0019601767417, 0.00126384547912, -0.00187484570779, 0.00175748986658, -0.00150995142758, 0.00229962263256, -0.0021349939052, 0.00226347381249, -0.00219290424138, 0.00250823539682, -0.0015719254734], [0.000314347766107, -0.0019601767417, 0.00306956889108, -0.00141853827517, 0.000934031617362, -0.000962935446296, 0.00126324559096, -0.00114764494356, 0.00157467194367, -0.00156011269428, 0.00186427310109, -0.00125421630219, 0.00162106927019], [-0.000280227715848, 0.00126384547912, -0.00141853827517, 0.00424817297608, -0.00231017079204, -7.55000146455e-05, -0.000461738847662, 0.000171712497831, -0.000624761043582, 0.00177238578908, -0.000572074204683, 0.000297056481941, -0.000199390982743], [0.000400581135182, -0.00187484570779, 0.000934031617362, -0.00231017079204, 0.00762906251475, -0.00294984434731, -0.000597393838689, -0.000233163242228, 0.000867607654072, -0.00081829901319, 0.000628012174275, -0.000643361243419, 0.000700382108334], [-0.000224919902394, 0.00175748986658, -0.000962935446296, -7.55000146455e-05, -0.00294984434731, 0.00750786578283, -0.00288684573025, -4.78149049741e-05, 0.000525202718563, -9.48976667132e-05, 0.000457292422652, -0.000145397090819, 1.49159495777e-05], [0.000233395840041, -0.00150995142758, 0.00126324559096, -0.000461738847662, -0.000597393838689, -0.00288684573025, 0.00903889350593, -0.00254709855653, -9.44926432567e-05, 0.00103245303035, -0.00138824200258, 0.000612954376265, -0.000154497116455], [-0.000113264897664, 0.00229962263256, -0.00114764494356, 0.000171712497831, -0.000233163242228, -4.78149049741e-05, -0.00254709855653, 0.00852462463081, -0.00338523625396, -0.00026290785172, 0.000630062073469, -0.000695593713317, -0.000576235179324], [0.000361145241186, -0.0021349939052, 0.00157467194367, -0.000624761043582, 0.000867607654072, 0.000525202718563, -9.44926432567e-05, -0.00338523625396, 0.00960127357394, -0.00325008761138, 0.000728742219508, 0.000349553039996, -0.000115659750008], [-0.000308171380311, 0.00226347381249, -0.00156011269428, 0.00177238578908, -0.00081829901319, -9.48976667132e-05, 0.00103245303035, -0.00026290785172, -0.00325008761138, 0.0110399164259, -0.00498847244307, 0.00246796710417, 7.83332070569e-05], [0.000417714123614, -0.00219290424138, 0.00186427310109, -0.000572074204683, 0.000628012174275, 0.000457292422652, -0.00138824200258, 0.000630062073469, 0.000728742219508, -0.00498847244307, 0.0118873557076, -0.00436012074351, 0.00180462270509], [-0.0001640975388, 0.00250823539682, -0.00125421630219, 0.000297056481941, -0.000643361243419, -0.000145397090819, 0.000612954376265, -0.000695593713317, 0.000349553039996, 0.00246796710417, -0.00436012074351, 0.0114673878998, -0.00443627731875], [0.00038775606663, -0.0015719254734, 0.00162106927019, -0.000199390982743, 0.000700382108334, 1.49159495777e-05, -0.000154497116455, -0.000576235179324, -0.000115659750008, 7.83332070569e-05, 0.00180462270509, -0.00443627731875, 0.010392954573]]
    },
    "melbands": {
        "dmean": [2.93732373393e-05, 0.000229181387112, 0.00032553265919, 0.000209626508877, 0.000199928399525, 0.000187885205378, 0.000243473376031, 0.000216412794543, 0.000114505106467, 7.09950836608e-05, 3.89748383895e-05, 4.55894005427e-05, 3.50548179995e-05, 2.04291991395e-05, 2.15690306504e-05, 2.61613986368e-05, 1.42227318065e-05, 1.13194428195e-05, 9.73403075477e-06, 7.74949785409e-06, 5.88662078371e-06, 3.11326562041e-06, 5.60987928111e-06, 2.68167991635e-06, 1.97722397388e-06, 2.08278675018e-06, 1.35400568979e-06, 9.85662154562e-07, 4.18807559299e-07, 2.38715074374e-07, 2.79020810012e-07, 2.48332952424e-07, 1.89915610349e-07, 1.50158626866e-07, 1.08049128755e-07, 5.70256020183e-08, 5.38826903096e-08, 4.97979222303e-08, 3.17591606347e-08, 2.81080030362e-08],
        "dmean2": [4.53239008493e-05, 0.000352449860657, 0.000536294130143, 0.000338017969625, 0.000308575836243, 0.000280866981484, 0.000363561935956, 0.000305704161292, 0.000168063968886, 0.000101814082882, 5.85413363297e-05, 6.82711033733e-05, 5.33577513124e-05, 3.20804829244e-05, 3.33953430527e-05, 4.02270634368e-05, 2.20028377953e-05, 1.77861566044e-05, 1.47725868374e-05, 1.17044974104e-05, 8.9291961558e-06, 4.75702427138e-06, 8.41714336275e-06, 4.03251988246e-06, 2.9446669032e-06, 3.13011469188e-06, 2.03975150725e-06, 1.45697879361e-06, 6.24732876986e-07, 3.58823541546e-07, 4.19165786525e-07, 3.78787632371e-07, 2.87897421458e-07, 2.21056893679e-07, 1.63722546631e-07, 8.66977245551e-08, 8.19452381506e-08, 7.71021930746e-08, 4.91631837463e-08, 4.2699550562e-08],
        "dvar": [4.89912688195e-09, 8.41738369672e-07, 1.91876893041e-06, 3.48912323034e-07, 3.19842428098e-07, 2.40934184603e-07, 4.67904015977e-07, 4.5609016297e-07, 7.66919541206e-08, 4.98496710577e-08, 1.34797373263e-08, 2.32175363379e-08, 1.46856597993e-08, 6.34933261523e-09, 6.97081858902e-09, 1.16912843851e-08, 8.7870288823e-09, 2.63412602841e-09, 1.40634848211e-09, 8.20546408598e-10, 4.07112954459e-10, 1.0155180169e-10, 6.13106954095e-10, 1.50769605134e-10, 1.28042479397e-10, 1.30103899876e-10, 3.90808566064e-11, 1.55723628437e-11, 2.7277568225e-12, 9.6563252186e-13, 1.32046055947e-12, 2.12986702927e-12, 5.6331989854e-13, 4.24083673994e-13, 2.73161023965e-13, 6.61061171623e-14, 1.30052774648e-13, 7.43551813003e-14, 1.78527135295e-14, 1.49569552165e-14],
        "dvar2": [1.20821228577e-08, 1.8582525172e-06, 5.18344631928e-06, 9.27994733502e-07, 8.00749205609e-07, 5.22925517998e-07, 1.06867480554e-06, 7.3282745916e-07, 1.69687069729e-07, 1.03743687419e-07, 2.97192350729e-08, 5.23677101683e-08, 3.43011201664e-08, 1.59902633357e-08, 1.60656927761e-08, 2.55496122037e-08, 1.90532372102e-08, 6.38877084569e-09, 3.00045099877e-09, 1.75411785097e-09, 9.37975142001e-10, 2.28152191584e-10, 1.23111321138e-09, 3.09422043543e-10, 2.72695976911e-10, 3.06882796952e-10, 9.42984440533e-11, 3.04510444638e-11, 5.98625966505e-12, 2.02705864247e-12, 2.9412546617e-12, 5.38465409414e-12, 1.38146178524e-12, 8.67853315253e-13, 6.41132221098e-13, 1.67555083848e-13, 2.72512400016e-13, 1.63756242724e-13, 4.3541223822e-14, 3.31484717605e-14],
        "max": [0.00304878223687, 0.0378507822752, 0.042214628309, 0.0158798582852, 0.0192632433027, 0.0139030255377, 0.0284152440727, 0.0488416776061, 0.00933446828276, 0.0124973524362, 0.00547453574836, 0.00549228768796, 0.00376145378686, 0.00381179619581, 0.00222474569455, 0.00366312498227, 0.00501882564276, 0.00372451962903, 0.00201580068097, 0.00209881737828, 0.000805290474091, 0.000377994874725, 0.00133965851273, 0.000810181372799, 0.000870532996487, 0.000826061586849, 0.000456078065326, 0.00026377584436, 0.000111540815851, 5.82228603889e-05, 4.50295192422e-05, 0.000138846793561, 2.40153913182e-05, 3.25372529915e-05, 3.80640376534e-05, 2.20119509322e-05, 4.10641259805e-05, 2.29227953241e-05, 7.73555439082e-06, 7.15077067071e-06],
        "mean": [6.00746097916e-05, 0.000415079208324, 0.000528959615622, 0.000372921524104, 0.000385208637454, 0.000371559232008, 0.000447021913715, 0.000402266887249, 0.000217941720621, 0.000134632107802, 6.94108894095e-05, 7.44954959373e-05, 5.33882302989e-05, 3.046126767e-05, 3.4071803384e-05, 4.03873818868e-05, 2.2372307285e-05, 1.68169499375e-05, 1.51015965457e-05, 1.20074773804e-05, 8.96495112102e-06, 4.83281155539e-06, 8.21548565e-06, 4.22509447162e-06, 2.84487919089e-06, 3.07162190438e-06, 2.0685911295e-06, 1.52877180426e-06, 6.63668402012e-07, 3.85517637369e-07, 4.25685271921e-07, 3.58179306659e-07, 2.84537662765e-07, 2.16922657614e-07, 1.57704448611e-07, 8.47608561116e-08, 7.63534657722e-08, 6.65423698365e-08, 4.30698925413e-08, 3.79527378414e-08],
        "median": [1.39800631587e-05, 5.14839230163e-05, 4.07768202422e-05, 5.61569759157e-05, 7.20340540283e-05, 6.71794114169e-05, 9.80721306405e-05, 9.05610795598e-05, 5.54483958695e-05, 2.38949396589e-05, 1.34055226226e-05, 1.2479869838e-05, 7.55766041038e-06, 4.84614611196e-06, 3.92557603845e-06, 4.01105853598e-06, 1.73655939761e-06, 2.00602994482e-06, 2.13424459616e-06, 1.835755711e-06, 1.17522245091e-06, 8.49448213103e-07, 8.44882436013e-07, 4.9193323548e-07, 3.92893326762e-07, 3.80698168101e-07, 2.98650348896e-07, 1.84399951308e-07, 8.85100277515e-08, 4.08264213547e-08, 4.20236929699e-08, 4.0280422553e-08, 2.49323814927e-08, 2.10015400626e-08, 1.56538124685e-08, 1.04739932283e-08, 7.60869323102e-09, 6.17502005085e-09, 4.61760274462e-09, 4.13519440912e-09],
        "min": [2.31881876557e-24, 3.18900077772e-24, 1.9811093842e-24, 7.06609681989e-25, 2.5785691652e-24, 1.42387283189e-24, 2.93770479762e-24, 2.08192699118e-24, 3.96371247653e-24, 1.64374108656e-24, 1.47548780371e-24, 2.41759243395e-24, 2.71627607748e-24, 4.20141914424e-24, 3.32481876255e-24, 2.66743059909e-24, 3.74736421783e-24, 3.50234559839e-24, 5.01739950966e-24, 5.63426349399e-24, 2.68642676412e-24, 4.03348801245e-24, 5.45169425925e-24, 4.28994314287e-24, 3.78433260643e-24, 6.13512153791e-24, 5.04070167194e-24, 6.49321390178e-24, 5.7885071002e-24, 5.37095631775e-24, 4.43226863853e-24, 6.69407563762e-24, 7.03102889581e-24, 6.38402490287e-24, 5.15214089657e-24, 6.70243204119e-24, 7.42330181385e-24, 7.74717970254e-24, 6.52999848579e-24, 9.29725114939e-24],
        "var": [1.86490449749e-08, 2.27025066124e-06, 3.21345282828e-06, 8.7835502427e-07, 9.1765423349e-07, 8.19727461021e-07, 1.21373295769e-06, 1.34459719447e-06, 2.06970639738e-07, 1.4986241581e-07, 2.93667490325e-08, 4.67750922439e-08, 2.6169711731e-08, 9.78761782733e-09, 1.32204958092e-08, 2.18263789264e-08, 1.78527379546e-08, 4.40023129045e-09, 2.84121060012e-09, 1.6310123252e-09, 8.29676494174e-10, 1.97928909373e-10, 1.19477550076e-09, 3.07941755429e-10, 1.8410679925e-10, 1.84695064798e-10, 6.04617328426e-11, 3.44864865831e-11, 5.66811788477e-12, 1.95363235138e-12, 2.44237247614e-12, 2.38041942928e-12, 9.7151670389e-13, 8.00483811181e-13, 3.79497919634e-13, 8.80368911452e-14, 1.61812064941e-13, 1.04275454645e-13, 2.32618540722e-14, 2.04057758646e-14]
    },
    "mfcc": {
        "mean": [-765.522949219, 161.196075439, -14.2407464981, 9.82656669617, -9.25209712982, -12.8173151016, -11.3523387909, -4.47146940231, -5.57964324951, 0.798948645592, -1.23099541664, -2.02949810028, 3.66304779053],
        "cov": [[8953.53320312, 388.844207764, -358.579925537, 297.311950684, -243.733184814, 241.690963745, -135.296585083, -133.605560303, -209.765563965, -10.2468423843, 14.5299949646, -106.02671814, -261.982513428], [388.844207764, 2026.40454102, 252.812820435, 81.9700241089, 16.6573467255, 0.440441846848, -78.2274475098, -274.129180908, -121.799339294, 1.28910470009, 34.2303581238, 1.14611232281, -125.15196991], [-358.579925537, 252.812820435, 568.018554688, 102.50730896, 116.542579651, 44.4462509155, 21.3265800476, 5.19745016098, 4.67954921722, -11.0225973129, -11.8316364288, -4.34296226501, -25.1789283752], [297.311950684, 81.9700241089, 102.50730896, 283.960571289, 91.0352096558, 67.7674713135, 35.7309989929, 37.2114028931, 15.1902551651, -11.6887540817, -15.0198822021, -2.71934938431, -6.97505569458], [-243.733184814, 16.6573467255, 116.542579651, 91.0352096558, 204.216156006, 82.5655441284, 59.0781745911, 43.7409057617, 18.5761985779, -2.49754667282, -6.86205244064, 5.91696548462, 1.04943776131], [241.690963745, 0.440441846848, 44.4462509155, 67.7674713135, 82.5655441284, 207.644607544, 91.3637313843, 48.5574264526, 5.98089265823, -11.5299348831, -0.280189186335, -12.2402715683, -15.3141403198], [-135.296585083, -78.2274475098, 21.3265800476, 35.7309989929, 59.0781745911, 91.3637313843, 189.629821777, 80.5688476562, 16.4326915741, 0.733815848827, -0.504683077335, 0.541893541813, 5.91805696487], [-133.605560303, -274.129180908, 5.19745016098, 37.2114028931, 43.7409057617, 48.5574264526, 80.5688476562, 220.926101685, 75.2739486694, -9.64375400543, -28.6446342468, -14.7060041428, 37.1822433472], [-209.765563965, -121.799339294, 4.67954921722, 15.1902551651, 18.5761985779, 5.98089265823, 16.4326915741, 75.2739486694, 162.076522827, 41.8456077576, -14.7555999756, -13.7767963409, 27.1662197113], [-10.2468423843, 1.28910470009, -11.0225973129, -11.6887540817, -2.49754667282, -11.5299348831, 0.733815848827, -9.64375400543, 41.8456077576, 154.697875977, 50.3396987915, -10.4911813736, -3.82706403732], [14.5299949646, 34.2303581238, -11.8316364288, -15.0198822021, -6.86205244064, -0.280189186335, -0.504683077335, -28.6446342468, -14.7555999756, 50.3396987915, 166.777893066, 53.3143844604, -47.5333633423], [-106.02671814, 1.14611232281, -4.34296226501, -2.71934938431, 5.91696548462, -12.2402715683, 0.541893541813, -14.7060041428, -13.7767963409, -10.4911813736, 53.3143844604, 176.056442261, 38.7206764221], [-261.982513428, -125.15196991, -25.1789283752, -6.97505569458, 1.04943776131, -15.3141403198, 5.91805696487, 37.1822433472, 27.1662197113, -3.82706403732, -47.5333633423, 38.7206764221, 196.667953491]],
