{
"lowlevel": {
    "average_loudness": 0.0918613448739,
    "barkbands_crest": {
        "dmean": 1.98624157906,
        "dmean2": 3.13853907585,
        "dvar": 3.55405449867,
        "dvar2": 9.08805942535,
        "max": 26.0739555359,
        "mean": 13.4770612717,
        "median": 13.0169811249,
        "min": 3.63949179649,
        "var": 16.4092082977
    },
    "barkbands_flatness_db": {
        "dmean": 0.0189354009926,
        "dmean2": 0.0291678160429,
        "dvar": 0.000319811253576,
        "dvar2": 0.000749179976992,
        "max": 0.497228175402,
        "mean": 0.327306419611,
        "median": 0.334431052208,
        "min": 0.0409832783043,
        "var": 0.0039149960503
    },
    "barkbands_kurtosis": {
        "dmean": 4.72229003906,
        "dmean2": 7.27741861343,
        "dvar": 156.436035156,
        "dvar2": 413.096343994,
        "max": 374.01348877,
        "mean": 11.6444482803,
        "median": 5.88417482376,
        "min": -1.88150691986,
        "var": 477.28717041
    },
    "barkbands_skewness": {
        "dmean": 0.497905164957,
        "dmean2": 0.75395655632,
        "dvar": 0.397182494402,
        "dvar2": 0.996279299259,
        "max": 17.6485919952,
        "mean": 1.93181025982,
        "median": 1.61971950531,
        "min": -4.87412977219,
        "var": 3.4727537632
    },
    "barkbands_spread": {
        "dmean": 0.842148721218,
        "dmean2": 1.29084348679,
        "dvar": 1.74711370468,
        "dvar2": 4.12904548645,
        "max": 33.7544593811,
        "mean": 3.69438362122,
        "median": 2.92592835426,
        "min": 0.298100054264,
        "var": 7.68154907227
    },
    "dissonance": {
        "dmean": 0.0384450554848,
        "dmean2": 0.0644992291927,
        "dvar": 0.001289810054,
        "dvar2": 0.00350545276888,
        "max": 0.499996006489,
        "mean": 0.374289304018,
        "median": 0.379772126675,
        "min": 0.109929047525,
        "var": 0.0041755726561
    },
    "dynamic_complexity": 5.43693637848,
    "erbbands_crest": {
        "dmean": 2.22042012215,
        "dmean2": 3.39669728279,
        "dvar": 4.75812864304,
        "dvar2": 11.0024423599,
        "max": 33.1747398376,
        "mean": 14.0833978653,
        "median": 13.2912368774,
        "min": 3.45360970497,
        "var": 26.5288009644
    },
    "erbbands_flatness_db": {
        "dmean": 0.0135905174538,
        "dmean2": 0.0199640300125,
        "dvar": 0.000186099568964,
        "dvar2": 0.000358092103852,
        "max": 0.529091954231,
        "mean": 0.333032608032,
        "median": 0.340829402208,
        "min": 0.041591823101,
        "var": 0.00527857616544
    },
    "erbbands_kurtosis": {
        "dmean": 1.5433549881,
        "dmean2": 2.30723428726,
        "dvar": 6.3040137291,
        "dvar2": 14.0965957642,
        "max": 70.5753555298,
        "mean": 3.43048644066,
        "median": 1.98368620872,
        "min": -1.77395057678,
        "var": 24.8936729431
    },
    "erbbands_skewness": {
        "dmean": 0.325307011604,
        "dmean2": 0.479863852262,
        "dvar": 0.112368799746,
        "dvar2": 0.241326913238,
        "max": 6.82897424698,
        "mean": 1.07768380642,
        "median": 1.0276902914,
        "min": -4.82550144196,
        "var": 1.10570323467
    },
    "erbbands_spread": {
        "dmean": 2.24775409698,
        "dmean2": 3.42210936546,
        "dvar": 17.7157325745,
        "dvar2": 41.871711731,
        "max": 160.053207397,
        "mean": 13.452047348,
        "median": 8.9543170929,
        "min": 0.459933161736,
        "var": 407.0546875
    },
    "hfc": {
        "dmean": 1.81801211834,
        "dmean2": 2.49356889725,
        "dvar": 18.9297733307,
        "dvar2": 37.4314880371,
        "max": 148.715896606,
        "mean": 7.81509780884,
        "median": 4.49852561951,
        "min": 2.26781116908e-06,
        "var": 116.616012573
    },
    "melbands_crest": {
        "dmean": 2.53735494614,
        "dmean2": 3.96953034401,
        "dvar": 5.9281873703,
        "dvar2": 15.2059984207,
        "max": 38.226940155,
        "mean": 16.6172866821,
        "median": 15.6908626556,
        "min": 4.97782850266,
        "var": 33.0925064087
    },
    "melbands_flatness_db": {
        "dmean": 0.0188282206655,
        "dmean2": 0.0280973669142,
        "dvar": 0.000337626377586,
        "dvar2": 0.000788562349044,
        "max": 0.620176911354,
        "mean": 0.413557052612,
        "median": 0.420501947403,
        "min": 0.0498948171735,
        "var": 0.00517751462758
    },
    "melbands_kurtosis": {
        "dmean": 10.5090360641,
        "dmean2": 16.9815807343,
        "dvar": 3050.06958008,
        "dvar2": 8384.37890625,
        "max": 1438.33947754,
        "mean": 21.8961791992,
        "median": 5.87575006485,
        "min": -1.91495597363,
        "var": 8128.86816406
    },
    "melbands_skewness": {
        "dmean": 0.562760174274,
        "dmean2": 0.866968214512,
        "dvar": 1.12452125549,
        "dvar2": 3.00091075897,
        "max": 33.3034133911,
        "mean": 2.1896750927,
        "median": 1.64149391651,
        "min": -4.23845005035,
        "var": 9.1645565033
    },
    "melbands_spread": {
        "dmean": 1.15229034424,
        "dmean2": 1.74195837975,
        "dvar": 3.0711414814,
        "dvar2": 6.70522069931,
        "max": 65.0174560547,
        "mean": 5.38010931015,
        "median": 4.38946962357,
        "min": 0.365800410509,
        "var": 15.6862211227
    },
    "pitch_salience": {
        "dmean": 0.0551063492894,
        "dmean2": 0.0868285596371,
        "dvar": 0.00279142451473,
        "dvar2": 0.00711617618799,
        "max": 0.851245880127,
        "mean": 0.528484463692,
        "median": 0.541740059853,
        "min": 0.0514446645975,
        "var": 0.0161931607872
    },
    "silence_rate_20dB": {
        "dmean": 0.00039932114305,
        "dmean2": 0.000798722030595,
        "dvar": 0.000399210199248,
        "dvar2": 0.00099798804149,
        "max": 1,
        "mean": 0.999700546265,
        "median": 1,
        "min": 0,
        "var": 0.000299314240692
    },
    "silence_rate_30dB": {
        "dmean": 0.00598981743678,
        "dmean2": 0.0119808306918,
        "dvar": 0.00595352938399,
        "dvar2": 0.0132352355868,
        "max": 1,
        "mean": 0.983829081059,
        "median": 1,
        "min": 0,
        "var": 0.0159080252051
    },
    "silence_rate_60dB": {
        "dmean": 0.0195667371154,
        "dmean2": 0.039137378335,
        "dvar": 0.0191828347743,
        "dvar2": 0.0417957752943,
        "max": 1,
        "mean": 0.165102809668,
        "median": 0,
        "min": 0,
        "var": 0.137852326035
    },
    "spectral_centroid": {
        "dmean": 45.732509613,
        "dmean2": 69.1011428833,
        "dvar": 16047.5048828,
        "dvar2": 24387.3457031,
        "max": 11764.9658203,
        "mean": 453.838195801,
        "median": 409.596496582,
        "min": 180.730529785,
        "var": 43149.8671875
    },
    "spectral_complexity": {
        "dmean": 1.05500650406,
        "dmean2": 1.75898563862,
        "dvar": 1.11918497086,
        "dvar2": 2.69092845917,
        "max": 24,
        "mean": 8.36414432526,
        "median": 8,
        "min": 0,
        "var": 14.8118600845
    },
    "spectral_decrease": {
        "dmean": 1.21313614709e-09,
        "dmean2": 1.71398850668e-09,
        "dvar": 7.74207635253e-18,
        "dvar2": 1.7957900847e-17,
        "max": -1.11766288558e-16,
        "mean": -4.75932582233e-09,
        "median": -2.90714319284e-09,
        "min": -1.03468849488e-07,
        "var": 4.15657860761e-17
    },
    "spectral_energy": {
        "dmean": 0.0047361231409,
        "dmean2": 0.00668518710881,
        "dvar": 0.00011772968719,
        "dvar2": 0.000271944300039,
        "max": 0.403412103653,
        "mean": 0.0186716262251,
        "median": 0.0114142969251,
        "min": 6.27529694874e-10,
        "var": 0.000637555960566
    },
    "spectral_energyband_high": {
        "dmean": 1.44828277371e-06,
        "dmean2": 2.03853005587e-06,
        "dvar": 4.58390443658e-11,
        "dvar2": 1.05261625805e-10,
        "max": 0.000301755469991,
        "mean": 4.49198159913e-06,
        "median": 3.9116997641e-07,
        "min": 1.94254445862e-10,
        "var": 2.32107014164e-10
    },
    "spectral_energyband_low": {
        "dmean": 0.000191772836843,
        "dmean2": 0.000273282668786,
        "dvar": 3.76651485112e-07,
        "dvar2": 7.06762023128e-07,
        "max": 0.0796311050653,
        "mean": 0.000734276894946,
        "median": 0.000161282951012,
        "min": 1.20038215479e-11,
        "var": 7.04919284544e-06
    },
    "spectral_energyband_middle_high": {
        "dmean": 0.000440105708549,
        "dmean2": 0.000607394787949,
        "dvar": 4.34494904766e-06,
        "dvar2": 7.67175788496e-06,
        "max": 0.11219920218,
        "mean": 0.0012943202164,
        "median": 0.000390258734114,
        "min": 3.38204297901e-10,
        "var": 1.28602687255e-05
    },
    "spectral_energyband_middle_low": {
        "dmean": 0.00454115401953,
        "dmean2": 0.00646197889,
        "dvar": 0.000113979767775,
        "dvar2": 0.000266320625087,
        "max": 0.397005975246,
        "mean": 0.0170956198126,
        "median": 0.0101122530177,
        "min": 8.50021442123e-11,
        "var": 0.00058510620147
    },
    "spectral_entropy": {
        "dmean": 0.131458431482,
        "dmean2": 0.199254721403,
        "dvar": 0.0171347800642,
        "dvar2": 0.0380843542516,
        "max": 9.80076789856,
        "mean": 5.72402429581,
        "median": 5.64089012146,
        "min": 4.25273609161,
        "var": 0.33631592989
    },
    "spectral_flux": {
        "dmean": 0.012497429736,
        "dmean2": 0.0205170325935,
        "dvar": 0.000289273128146,
        "dvar2": 0.00072962109698,
        "max": 0.397612601519,
        "mean": 0.0368204452097,
        "median": 0.0303584448993,
        "min": 2.5050543627e-05,
        "var": 0.000850408163387
    },
    "spectral_kurtosis": {
        "dmean": 20.1549568176,
        "dmean2": 34.3352088928,
        "dvar": 442.529602051,
        "dvar2": 1247.63769531,
        "max": 345.758026123,
        "mean": 69.3343200684,
        "median": 56.5511741638,
        "min": -1.13247060776,
        "var": 2597.23266602
    },
    "spectral_rms": {
        "dmean": 0.000455406756373,
        "dmean2": 0.00064277643105,
        "dvar": 3.72791760128e-07,
        "dvar2": 7.9891100313e-07,
        "max": 0.019838668406,
        "mean": 0.00365415401757,
        "median": 0.00333704962395,
        "min": 7.82447500569e-07,
        "var": 4.86341104988e-06
    },
    "spectral_rolloff": {
        "dmean": 62.2643203735,
        "dmean2": 107.753242493,
        "dvar": 23290.5058594,
        "dvar2": 47730.5195312,
        "max": 7192.08984375,
        "mean": 544.034790039,
        "median": 495.263671875,
        "min": 21.533203125,
        "var": 68440.9140625
    },
    "spectral_skewness": {
        "dmean": 1.07840526104,
        "dmean2": 1.85715866089,
        "dvar": 0.986911118031,
        "dvar2": 2.80941176414,
        "max": 15.0201530457,
        "mean": 5.92861890793,
        "median": 5.55997276306,
        "min": -0.032782908529,
        "var": 5.9733247757
    },
    "spectral_spread": {
        "dmean": 278244.25,
        "dmean2": 472335.90625,
        "dvar": 172293701632,
        "dvar2": 293482004480,
        "max": 39423236,
        "mean": 1526652.625,
        "median": 1241939,
        "min": 272602.78125,
        "var": 1.8496037847e+12
    },
    "spectral_strongpeak": {
        "dmean": 0.318218261003,
        "dmean2": 0.501991569996,
        "dvar": 0.292341768742,
        "dvar2": 0.632293224335,
        "max": 16.5422172546,
        "mean": 1.08567726612,
        "median": 0.802456319332,
        "min": 0,
        "var": 1.08888137341
    },
    "zerocrossingrate": {
        "dmean": 0.002239942085,
        "dmean2": 0.00286499597132,
        "dvar": 1.10646196845e-05,
        "dvar2": 1.88959202205e-05,
        "max": 0.1435546875,
        "mean": 0.0214415807277,
        "median": 0.01953125,
        "min": 0.0068359375,
        "var": 6.63310347591e-05
    },
    "barkbands": {
        "dmean": [1.98579141397e-06, 5.18790802744e-05, 7.46513251215e-05, 0.000326220673742, 0.00209439732134, 0.00202424498275, 0.000692062079906, 0.000503784918692, 0.000380185636459, 0.00025551111321, 0.000132836692501, 0.000101144185464, 6.98533694958e-05, 4.97918772453e-05, 2.14784395212e-05, 1.5086354324e-05, 3.65935702575e-05, 6.84979522703e-06, 1.73361308953e-06, 1.37542690481e-06, 3.42481541793e-07, 3.44401826169e-07, 1.08632228546e-07, 1.07319408471e-07, 1.33495916543e-07, 8.1423856102e-08, 3.61599994392e-09],
        "dmean2": [3.39890721079e-06, 7.8856748587e-05, 0.000113848356705, 0.00047668494517, 0.00315922033042, 0.00290692714043, 0.00100590579677, 0.000630239665043, 0.000508196768351, 0.000378510070732, 0.00018510982045, 0.00014091306366, 9.84380749287e-05, 7.86690288805e-05, 3.27237175952e-05, 2.25059393415e-05, 5.66362177779e-05, 1.02613130366e-05, 2.64102118308e-06, 2.1194839519e-06, 5.06575702275e-07, 4.67016462835e-07, 1.60529324944e-07, 1.57581069971e-07, 1.896738695e-07, 1.18749809985e-07, 6.13410078287e-09],
        "dvar": [5.43087493379e-12, 4.8633594929e-08, 5.44089324706e-08, 1.34976232857e-06, 1.98023662961e-05, 5.12220685778e-05, 4.05942091675e-06, 1.85689543741e-06, 4.2424530875e-06, 1.22852463846e-06, 8.63759055392e-07, 8.12516702808e-07, 5.45637988125e-07, 5.41066498272e-08, 5.59443291692e-09, 3.45645068123e-09, 3.53663338615e-08, 8.28180579671e-10, 4.82290943293e-11, 4.35376422414e-11, 1.92842226562e-12, 2.46230097943e-12, 2.75192710416e-13, 2.4558027595e-13, 3.09550887527e-13, 1.92120584307e-13, 5.00859793195e-16],
        "dvar2": [1.43919693871e-11, 9.9231534989e-08, 1.41364424167e-07, 2.67302493739e-06, 4.75456727145e-05, 0.000132876302814, 7.1985023169e-06, 2.8358142572e-06, 6.61867579765e-06, 2.59587250184e-06, 1.40980762353e-06, 1.3099008811e-06, 9.17396789646e-07, 1.42056592267e-07, 1.2800911442e-08, 7.0267685004e-09, 8.13180207615e-08, 1.67298885856e-09, 1.16553433571e-10, 1.10754336258e-10, 3.90291401628e-12, 4.55044986067e-12, 5.36870732332e-13, 5.62887085033e-13, 6.37266172991e-13, 4.04215343922e-13, 1.29342778079e-15],
        "max": [5.11948092026e-05, 0.0198295898736, 0.0114884711802, 0.113929666579, 0.13676173985, 0.263156235218, 0.083136357367, 0.0502844378352, 0.118853762746, 0.0645508170128, 0.0487055853009, 0.0705150067806, 0.0441694036126, 0.00920123327523, 0.00182512344327, 0.00228250678629, 0.0075485855341, 0.00142951600719, 0.000275258964393, 0.000275533966487, 6.70384397381e-05, 7.37641239539e-05, 3.14696590067e-05, 1.99188634724e-05, 2.14846222661e-05, 2.13218281715e-05, 1.35868231155e-06],
        "mean": [2.21434697778e-06, 0.000128934538225, 0.000258206942817, 0.000864127476234, 0.00514496769756, 0.00585909467191, 0.00204924819991, 0.001539086923, 0.00139236066025, 0.000549476128072, 0.000296251382679, 0.000201779635972, 0.000133650944917, 9.46629152168e-05, 4.18925301346e-05, 2.87544389721e-05, 6.36345430394e-05, 1.41676146086e-05, 3.61615275324e-06, 2.86473959932e-06, 8.348179108e-07, 7.79147853791e-07, 2.59361883082e-07, 2.44539535288e-07, 3.50494246959e-07, 1.94035706613e-07, 4.55434623348e-09],
        "median": [1.42461612995e-06, 1.79219932761e-05, 4.22186749347e-05, 0.000167465914274, 0.002311876975, 0.00213775131851, 0.000584033317864, 0.000390549073927, 0.000124304089695, 0.000135435402626, 4.13764937548e-05, 3.45380904037e-05, 1.87245459529e-05, 1.46903676068e-05, 6.69443488732e-06, 2.69722295343e-06, 3.8044925077e-06, 1.77825404535e-06, 4.28875182479e-07, 2.2140407907e-07, 7.21921509239e-08, 5.76001717434e-08, 3.83874763088e-08, 2.227757534e-08, 2.49640379479e-08, 3.03173464111e-09, 4.95303964509e-10],
        "min": [3.07592005252e-13, 5.83645935401e-12, 4.93789557854e-12, 1.29907792423e-12, 3.47142258515e-12, 9.93214364919e-12, 1.86420098108e-11, 2.58580969137e-11, 1.43813311954e-11, 2.70080867393e-11, 2.77894703776e-11, 3.52477595722e-12, 8.41784350558e-11, 7.71361793883e-11, 2.50908772925e-11, 2.06825320759e-11, 4.03296319951e-11, 3.49838630287e-11, 2.45239288946e-12, 6.70257946367e-12, 3.03946902369e-11, 4.64396091027e-11, 4.2785122667e-11, 3.62731303327e-11, 6.78810393312e-12, 1.24061993317e-11, 1.48558925578e-11],
        "var": [6.24842321981e-12, 4.12651246506e-07, 4.37571884504e-07, 1.3310454051e-05, 7.42403208278e-05, 0.000181009410881, 2.24987361435e-05, 1.15250368253e-05, 2.88362462015e-05, 3.18174193126e-06, 2.5452227419e-06, 1.96019777832e-06, 1.10582186608e-06, 1.0628065894e-07, 1.40219720279e-08, 8.82813733227e-09, 8.68387957098e-08, 2.81547540837e-09, 1.82270629145e-10, 1.14239159799e-10, 8.75256204319e-12, 9.82324291354e-12, 9.41208157419e-13, 7.60152086676e-13, 1.56857242039e-12, 8.85204832612e-13, 7.58608425033e-16]
    },
    "erbbands": {
        "dmean": [0.000675522140227, 0.0149816861376, 0.0765142515302, 0.531435549259, 3.18992590904, 7.66760396957, 19.3909626007, 12.4854850769, 10.1897630692, 8.14570808411, 14.2620420456, 8.12534141541, 7.8597407341, 6.62035322189, 3.70013093948, 4.39696598053, 3.27024674416, 2.91185188293, 1.09815144539, 1.13724267483, 1.50151455402, 1.08635044098, 0.372265577316, 0.186242580414, 0.040382463485, 0.0709227696061, 0.0258719567209, 0.0112954275683, 0.0141053441912, 0.0069642434828, 0.00323052797467, 0.00279859104194, 0.00161642476451, 0.00202147033997, 0.00074458529707, 0.000518327113241, 0.000119549091323, 1.32250597744e-05, 2.32664388022e-06, 5.26538678969e-06],
        "dmean2": [0.00107607943937, 0.022721093148, 0.117227695882, 0.754872858524, 4.79334831238, 11.8961868286, 27.8149986267, 17.5303077698, 15.1238985062, 11.5262737274, 17.1734867096, 10.983631134, 11.6647415161, 9.46907234192, 5.04897642136, 6.09183216095, 4.51942825317, 4.54529905319, 1.65567708015, 1.71252071857, 2.27337408066, 1.66279447079, 0.542262136936, 0.275904327631, 0.0591750517488, 0.110142290592, 0.0388241149485, 0.0165907666087, 0.019690355286, 0.00987545866519, 0.0046921079047, 0.00412112940103, 0.00238699978217, 0.00295983231626, 0.00107725744601, 0.000748590799049, 0.000181189127034, 2.12229879253e-05, 3.28270311911e-06, 7.42141446608e-06],
        "dvar": [6.77151638229e-06, 0.00389633304439, 0.0627680718899, 3.19444918633, 87.6135253906, 277.184326172, 6482.19287109, 1237.01159668, 599.156005859, 992.187988281, 1795.90075684, 2064.42651367, 844.785644531, 1697.88305664, 882.803405762, 1434.23681641, 1222.59008789, 193.970443726, 11.3506736755, 29.348897934, 43.4532623291, 27.3348712921, 2.35063242912, 0.528279781342, 0.018144402653, 0.138192906976, 0.0121104177088, 0.0020874007605, 0.00427661137655, 0.00135847053025, 0.000295628269669, 0.000244241411565, 4.05574901379e-05, 7.75850348873e-05, 1.23610097944e-05, 8.26157793199e-06, 4.12506693692e-07, 5.72739144999e-09, 2.83338109919e-11, 1.45103373761e-10],
        "dvar2": [1.2622011127e-05, 0.00824160315096, 0.171015486121, 5.68347120285, 195.453674316, 700.037719727, 16573.765625, 2169.02441406, 1389.97485352, 1459.75134277, 2452.48193359, 3464.26147461, 1871.64611816, 3120.96972656, 1365.01074219, 2313.33959961, 2028.10498047, 458.572235107, 25.9187011719, 63.526058197, 93.117401123, 62.5262527466, 4.26960992813, 1.10099625587, 0.0397594347596, 0.34196600318, 0.0296788346022, 0.00434142351151, 0.00851820223033, 0.0023686371278, 0.000520694011357, 0.000564903952181, 9.19134618016e-05, 0.000164927885635, 2.48981905315e-05, 1.69931026903e-05, 9.15965813419e-07, 1.39580933478e-08, 6.35086774836e-11, 3.33295169241e-10],
        "max": [0.255667030811, 5.39630651474, 9.53456878662, 234.623214722, 460.620391846, 461.736999512, 3260.95800781, 2194.5, 743.28918457, 2113.43652344, 1761.3605957, 3023.42529297, 1302.25427246, 2461.32446289, 2196.14624023, 2905.80126953, 2198.81860352, 573.060913086, 110.425300598, 213.315612793, 304.876281738, 232.479492188, 105.228736877, 32.3365592957, 4.63870811462, 15.3496351242, 3.76283168793, 2.31602692604, 2.43411326408, 2.68535447121, 1.2907115221, 0.714793026447, 0.241771802306, 0.303183108568, 0.172557607293, 0.155298069119, 0.0331786163151, 0.00490746973082, 0.000201685092179, 0.000448780396255],
        "mean": [0.00161102681886, 0.0399145446718, 0.265019446611, 1.69565296173, 7.24500894547, 18.2067546844, 46.9156532288, 40.1329574585, 32.1874847412, 25.919500351, 46.6050186157, 29.889377594, 18.5082988739, 16.1504306793, 8.77451705933, 8.92733669281, 6.63491868973, 5.88959789276, 2.45636892319, 2.13860011101, 3.10734963417, 2.06556749344, 0.847183048725, 0.414023309946, 0.103339061141, 0.142526999116, 0.0632029622793, 0.0272776037455, 0.0304831825197, 0.0160377249122, 0.0077526778914, 0.00561511097476, 0.00416128104553, 0.00476208655164, 0.0018525646301, 0.00124550575856, 0.00026291309041, 2.56682742474e-05, 9.49518380366e-06, 2.09179052035e-05],
        "median": [0.000418472103775, 0.00596903264523, 0.0507452264428, 0.430516958237, 2.32655549049, 7.78420305252, 13.5427207947, 14.4385070801, 12.525806427, 6.90501880646, 10.7071933746, 4.76434612274, 4.10314369202, 3.59574127197, 1.96772348881, 1.76378393173, 1.1266207695, 1.08455252647, 0.563010513783, 0.279706835747, 0.250585615635, 0.177952736616, 0.119918048382, 0.0558512881398, 0.0144160753116, 0.0112094786018, 0.0051458994858, 0.00225984305143, 0.00219843909144, 0.00131350243464, 0.00125940260477, 0.0005820983788, 0.000392311776523, 0.00039158744039, 9.22615799936e-05, 2.48332798947e-05, 8.48309173307e-06, 1.71919293734e-06, 5.60954958928e-06, 1.27849980345e-05],
        "min": [1.20001952819e-10, 1.50395318421e-09, 5.40681810435e-09, 5.69062708067e-09, 4.10986800148e-09, 1.92578877289e-08, 2.04637675694e-08, 1.09160339434e-07, 2.69192923952e-07, 2.40001895691e-07, 6.75620981383e-07, 2.81121202761e-07, 7.41401720461e-07, 1.15726322747e-06, 7.06363096015e-07, 3.87247212075e-07, 3.42936709785e-06, 5.31852401764e-06, 1.01600505786e-06, 1.97763847609e-06, 6.82726636114e-07, 2.36607570514e-06, 2.72303168458e-06, 2.78813899968e-07, 1.10028516076e-07, 2.23402707888e-07, 1.07971413854e-06, 1.60356125889e-06, 1.38889583923e-06, 8.33365561448e-07, 1.87169405308e-06, 9.25249310058e-07, 5.05242212512e-07, 7.66563346133e-08, 5.61532829124e-08, 3.58342795437e-08, 2.54895820007e-08, 7.84785392227e-09, 2.24595231302e-09, 2.32941499423e-10],
        "var": [6.30656941212e-05, 0.0313303917646, 0.420357942581, 50.4105148315, 344.035675049, 897.434448242, 21841.1308594, 7642.13916016, 3067.50610352, 5901.48779297, 11037.9609375, 12634.1884766, 2461.66577148, 5171.02441406, 2667.38818359, 3425.43457031, 2601.9375, 390.556640625, 35.2624435425, 58.4064445496, 140.518005371, 69.7929840088, 11.4787883759, 2.027333498, 0.0797607600689, 0.314498960972, 0.0474359467626, 0.00859217904508, 0.0147410854697, 0.00481702387333, 0.000932650757022, 0.000547015224583, 0.000187225610716, 0.00029151738272, 5.45512848475e-05, 3.82057587558e-05, 1.44413115777e-06, 1.61379603014e-08, 1.70974137625e-10, 7.96858412588e-10]
    },
    "gfcc": {
        "mean": [-191.409057617, 196.793838501, -109.591796875, -29.0116729736, -62.3925628662, -20.8252906799, -46.2583084106, -16.6140003204, -16.7810916901, -18.8079490662, -4.36293649673, -10.8908138275, -1.20445847511],
        "cov": [[9247.73925781, 352.276977539, -2289.08862305, -696.780090332, -93.6779327393, -932.59588623, -679.911987305, -64.3505477905, -407.559082031, 32.697933197, -324.091705322, -29.8012886047, 192.809158325], [352.276977539, 1894.10217285, 138.825698853, -694.49206543, 8.71028137207, -235.361984253, 124.565223694, -319.681213379, 177.170700073, -390.724853516, 182.244522095, -288.892547607, 60.3091812134], [-2289.08862305, 138.825698853, 1084.41882324, 207.044616699, 44.9421920776, 258.484771729, 222.285919189, -8.63872623444, 79.4405975342, -15.8671836853, 56.9128303528, -21.1599941254, -107.066711426], [-696.780090332, -694.49206543, 207.044616699, 664.433532715, 96.9841079712, 154.729904175, 40.7781867981, 143.714004517, -89.4865264893, 104.715522766, -46.0589828491, 77.357383728, -43.3407936096], [-93.6779327393, 8.71028137207, 44.9421920776, 96.9841079712, 235.393798828, 97.1578445435, 48.0336380005, 39.4700202942, 17.4452972412, -20.4190921783, -23.0409946442, 13.5469837189, -24.7840366364], [-932.59588623, -235.361984253, 258.484771729, 154.729904175, 97.1578445435, 303.298065186, 109.612419128, 58.726852417, 29.7631835938, 45.6600837708, -25.1100902557, 40.1837120056, -43.8819122314], [-679.911987305, 124.565223694, 222.285919189, 40.7781867981, 48.0336380005, 109.612419128, 191.570983887, 30.1074352264, 44.5841026306, -28.7543487549, 21.9866924286, -24.8793182373, -25.7158679962], [-64.3505477905, -319.681213379, -8.63872623444, 143.714004517, 39.4700202942, 58.726852417, 30.1074352264, 174.95552063, 16.37225914, 75.5259475708, -49.9895629883, 42.4843635559, -32.2583389282], [-407.559082031, 177.170700073, 79.4405975342, -89.4865264893, 17.4452972412, 29.7631835938, 44.5841026306, 16.37225914, 159.935012817, 2.98177623749, 39.4547386169, -26.9655208588, -12.5130367279], [32.697933197, -390.724853516, -15.8671836853, 104.715522766, -20.4190921783, 45.6600837708, -28.7543487549, 75.5259475708, 2.98177623749, 189.385726929, -6.03241109848, 66.1667251587, -34.0735397339], [-324.091705322, 182.244522095, 56.9128303528, -46.0589828491, -23.0409946442, -25.1100902557, 21.9866924286, -49.9895629883, 39.4547386169, -6.03241109848, 148.960906982, 8.68893146515, 7.65339326859], [-29.8012886047, -288.892547607, -21.1599941254, 77.357383728, 13.5469837189, 40.1837120056, -24.8793182373, 42.4843635559, -26.9655208588, 66.1667251587, 8.68893146515, 130.587799072, 15.545750618], [192.809158325, 60.3091812134, -107.066711426, -43.3407936096, -24.7840366364, -43.8819122314, -25.7158679962, -32.2583389282, -12.5130367279, -34.0735397339, 7.65339326859, 15.545750618, 98.7581253052]],
        "icov": [[0.000552928715479, -0.000946968619246, 0.000868720468134, -0.00010140757513, -0.000141025520861, 0.000520685804076, 0.000673157454003, -0.000542800989933, 0.0013326392509, -0.0014066437725, 0.00140188937075, -0.000747681304347, 0.000282626919216], [-0.000946968619246, 0.00525170611218, -0.00218024640344, 0.00239253044128, -0.00165773625486, 0.00104549876414, -0.00274471519515, 0.00284113013186, -0.00355132250115, 0.00539768207818, -0.0046961591579, 0.00504872296005, -0.00142857455648], [0.000868720468134, -0.00218024640344, 0.00320799672045, -0.00125135690905, 0.000773350766394, -0.00037761288695, 9.88916217466e-05, -5.03566661791e-05, 0.0015114096459, -0.00223420164548, 0.00249898969196, -0.00227494584396, 0.00218479917385], [-0.00010140757513, 0.00239253044128, -0.00125135690905, 0.0041301837191, -0.002026632661, 0.000527348660398, -0.000673317699693, -0.000905979948584, 0.00132993911393, 0.00118182122242, -0.00222594290972, 0.00280698714778, -0.00124577293172], [-0.000141025520861, -0.00165773625486, 0.000773350766394, -0.002026632661, 0.00685903476551, -0.00266146799549, 0.000160484225489, -0.000872542557772, -0.000974807946477, 0.00105034711305, 0.00146314431913, -0.00303688086569, 0.00213572592475], [0.000520685804076, 0.00104549876414, -0.00037761288695, 0.000527348660398, -0.00266146799549, 0.00796203222126, -0.00300106429495, 0.00149598543067, -0.000502795563079, -0.00106581952423, 0.00216515688226, -0.00091651052935, 0.000289185001748], [0.000673157454003, -0.00274471519515, 9.88916217466e-05, -0.000673317699693, 0.000160484225489, -0.00300106429495, 0.0111896749586, -0.00488206138834, 0.00225876807235, -0.00106390693691, 0.000153301050887, 0.000108068168629, 8.96757628652e-05], [-0.000542800989933, 0.00284113013186, -5.03566661791e-05, -0.000905979948584, -0.000872542557772, 0.00149598543067, -0.00488206138834, 0.0132735073566, -0.00565331568941, 0.000740812858567, 0.00185170501936, -0.000821346591692, 0.00190777599346], [0.0013326392509, -0.00355132250115, 0.0015114096459, 0.00132993911393, -0.000974807946477, -0.000502795563079, 0.00225876807235, -0.00565331568941, 0.0136577486992, -0.00587758468464, 0.000760556780733, 0.000216902102693, -0.000327791611198], [-0.0014066437725, 0.00539768207818, -0.00223420164548, 0.00118182122242, 0.00105034711305, -0.00106581952423, -0.00106390693691, 0.000740812858567, -0.00587758468464, 0.0155338244513, -0.0060634734109, 0.00139429606497, 0.00216663605534], [0.00140188937075, -0.0046961591579, 0.00249898969196, -0.00222594290972, 0.00146314431913, 0.00216515688226, 0.000153301050887, 0.00185170501936, 0.000760556780733, -0.0060634734109, 0.0149620240554, -0.00772910984233, 0.00189873331692], [-0.000747681304347, 0.00504872296005, -0.00227494584396, 0.00280698714778, -0.00303688086569, -0.00091651052935, 0.000108068168629, -0.000821346591692, 0.000216902102693, 0.00139429606497, -0.00772910984233, 0.0180770270526, -0.00600541383028], [0.000282626919216, -0.00142857455648, 0.00218479917385, -0.00124577293172, 0.00213572592475, 0.000289185001748, 8.96757628652e-05, 0.00190777599346, -0.000327791611198, 0.00216663605534, 0.00189873331692, -0.00600541383028, 0.0150834117085]]
    },
    "melbands": {
        "dmean": [1.01549612737e-05, 3.16975929309e-05, 0.000159068891662, 0.000375340809114, 0.000585605273955, 0.000299900770187, 0.000158159644343, 8.55084799696e-05, 0.000119316609926, 4.83469120809e-05, 3.92311994801e-05, 2.77530125459e-05, 1.36707449201e-05, 1.02409421743e-05, 1.10780274554e-05, 6.89595299264e-06, 5.53927338842e-06, 1.95055645236e-06, 1.70238797637e-06, 1.16188471111e-06, 2.48411902248e-06, 1.69494967395e-06, 3.7839222955e-07, 3.46327283296e-07, 1.43259384799e-07, 4.23332195965e-08, 2.97026154783e-08, 5.65292630483e-08, 2.40227198134e-08, 9.56572510091e-09, 6.46340758692e-09, 8.88784690289e-09, 8.31385804645e-09, 2.93968671627e-09, 2.20163443032e-09, 1.77149939162e-09, 1.66135005752e-09, 1.01422814591e-09, 2.10995376726e-09, 1.68392100264e-09],
        "dmean2": [1.55723046191e-05, 4.85249693156e-05, 0.000231442973018, 0.000579083920456, 0.000848915427923, 0.000426793005317, 0.000232992722886, 0.000119351505418, 0.000144164907397, 6.64840190439e-05, 5.83543223911e-05, 3.97585827159e-05, 1.91768867808e-05, 1.46307484101e-05, 1.4350714082e-05, 9.89855016087e-06, 8.8307833721e-06, 2.94963933811e-06, 2.56553880718e-06, 1.75887612386e-06, 3.79293328479e-06, 2.62458411271e-06, 5.55223607535e-07, 5.00075543641e-07, 2.18276269948e-07, 6.35396730786e-08, 4.57395614717e-08, 8.80011086224e-08, 3.67144288305e-08, 1.45129925855e-08, 9.89935688978e-09, 1.27450920928e-08, 1.176032427e-08, 4.44300418678e-09, 3.23476490038e-09, 2.71282685205e-09, 2.49517118078e-09, 1.54311263767e-09, 3.15259551797e-09, 2.50889065079e-09],
        "dvar": [1.85335080616e-09, 1.19415357602e-08, 2.68733685971e-07, 7.23947891856e-07, 4.72266856377e-06, 7.23205175746e-07, 1.49833269347e-07, 9.11248605462e-08, 1.54414095732e-07, 8.82061854668e-08, 2.21084928143e-08, 2.91031856392e-08, 8.37157365652e-09, 3.10029046879e-09, 3.42011716725e-08, 6.55527188087e-09, 7.25966176063e-10, 4.66179803094e-11, 4.40964209591e-11, 3.13296888432e-11, 1.3616183181e-10, 7.34983671147e-11, 5.57883383587e-12, 3.02937796376e-12, 3.41225013739e-13, 2.81893598226e-14, 1.50282720025e-14, 1.09986035579e-13, 1.15363058326e-14, 2.07625690119e-15, 6.82298962117e-16, 2.08073452911e-15, 1.89416260522e-15, 2.59590399103e-16, 1.58985331343e-16, 5.75001301752e-17, 9.28923166153e-17, 1.77021878868e-17, 8.05509803993e-17, 5.46727705932e-17],
        "dvar2": [3.53799078923e-09, 3.07843528446e-08, 5.55086671739e-07, 1.84752605037e-06, 1.18772040878e-05, 1.52777136009e-06, 3.14326797479e-07, 1.39241208785e-07, 2.09154322306e-07, 1.495618136e-07, 4.90109037798e-08, 5.45853282574e-08, 1.35043425331e-08, 5.07916908532e-09, 5.69614257984e-08, 1.06877955375e-08, 1.93082039246e-09, 1.04863936978e-10, 9.64280530424e-11, 6.47260647857e-11, 2.98719243785e-10, 1.69899705416e-10, 7.99207314911e-12, 5.18493147722e-12, 7.71815337336e-13, 6.0885920871e-14, 3.82447437434e-14, 2.66608946291e-13, 2.91579741851e-14, 4.28127763344e-15, 1.53722757993e-15, 4.44533648037e-15, 3.35452533332e-15, 5.17047333971e-16, 2.81769533311e-16, 1.3284237411e-16, 2.1752040343e-16, 4.05394302982e-17, 1.77814291425e-16, 1.19768592622e-16],
        "max": [0.00418239692226, 0.00591304432601, 0.0374274812639, 0.0211274772882, 0.0890246108174, 0.0419479049742, 0.0126000540331, 0.0191209353507, 0.0195886995643, 0.0204705037177, 0.00723932078108, 0.0109106162563, 0.00573825091124, 0.00283637153916, 0.0157100968063, 0.00615495629609, 0.00100390531588, 0.000266468065092, 0.000169438324519, 0.000230677804211, 0.000528108910657, 0.000377034040866, 0.000272479548585, 0.000115328373795, 2.37791027757e-05, 7.13297458788e-06, 3.52943970938e-06, 1.46393585965e-05, 3.27966267832e-06, 2.37578001361e-06, 8.40871507535e-07, 1.79896971986e-06, 2.48193259722e-06, 1.15278805879e-06, 9.18593855204e-07, 2.46204109544e-07, 4.39187658685e-07, 1.87873339996e-07, 2.80894425941e-07, 2.42110957061e-07],
        "mean": [2.5599334549e-05, 0.000103988648334, 0.000421121221734, 0.000868329312652, 0.00144598179031, 0.000944160623476, 0.000497165892739, 0.000267498282483, 0.000395317358198, 0.000172966421815, 8.77793645486e-05, 6.47420529276e-05, 3.14577882818e-05, 2.20050114876e-05, 2.0529365429e-05, 1.38234418046e-05, 1.06220832095e-05, 3.89206115869e-06, 3.24487541548e-06, 2.06765662369e-06, 4.72131887364e-06, 2.93157040687e-06, 8.20410207325e-07, 6.84645556248e-07, 2.95153256502e-07, 8.58501394418e-08, 5.89625770431e-08, 1.07109336511e-07, 4.91822014226e-08, 1.98278193864e-08, 1.29845094676e-08, 1.68060800831e-08, 1.64031597194e-08, 5.95146154581e-09, 4.49414239156e-09, 3.80974851666e-09, 3.00301050693e-09, 2.21131513101e-09, 4.65696059493e-09, 3.65221364262e-09],
        "median": [4.34154208051e-06, 1.7256141291e-05, 0.000110050939838, 0.000352073868271, 0.00050796114374, 0.000348293804564, 0.000181419585715, 7.22274999134e-05, 7.80793488957e-05, 2.17590277316e-05, 1.7482905605e-05, 1.34099373099e-05, 5.68745053897e-06, 4.73320233141e-06, 2.57964029515e-06, 2.0886159291e-06, 1.65128858498e-06, 8.04081992101e-07, 4.43406293016e-07, 2.46758986577e-07, 2.82558659137e-07, 1.83204903692e-07, 9.1513150835e-08, 8.25137504989e-08, 3.45385657852e-08, 9.9507939666e-09, 6.11192252364e-09, 7.18290849022e-09, 3.50375883862e-09, 1.55522261736e-09, 9.75371117207e-10, 1.14615472668e-09, 1.08038888946e-09, 5.16184095467e-10, 6.22504048309e-10, 6.45841380376e-10, 2.61586585726e-10, 2.12131090471e-10, 3.47910894538e-10, 3.01633384936e-10],
        "min": [1.36671706938e-12, 2.63310206972e-12, 8.78568051643e-13, 8.60221941422e-13, 7.57134372559e-13, 2.41296305853e-12, 4.1331287351e-12, 3.12006431975e-12, 5.41230992315e-12, 1.65861064032e-12, 3.57363184184e-12, 4.42168393913e-12, 3.08503071179e-12, 6.14039038799e-13, 3.17702569981e-12, 9.72190036808e-12, 9.77611307879e-12, 1.12994433688e-12, 2.7426277395e-12, 2.3220609463e-12, 4.14461162872e-13, 2.37622400055e-12, 2.95174193247e-12, 1.4046265236e-12, 1.13053168986e-13, 6.21540443895e-14, 7.43200463736e-14, 1.45102219086e-13, 7.13385893327e-13, 5.35709334965e-13, 1.19590893178e-12, 3.02167497837e-13, 7.31369229501e-13, 2.2096162248e-13, 1.11265749218e-12, 5.5536949822e-13, 2.19846547651e-13, 3.34853591253e-13, 6.92473828929e-14, 5.43067957411e-14],
        "var": [1.77466468188e-08, 7.25123072698e-08, 2.00248291549e-06, 2.34187996284e-06, 1.66635963978e-05, 3.79019320462e-06, 8.21362277748e-07, 5.59113345844e-07, 9.71781332737e-07, 5.17482703799e-07, 6.01270926381e-08, 8.86197781824e-08, 2.52632990083e-08, 8.93896423548e-09, 7.37830490039e-08, 1.34132172036e-08, 1.37035993664e-09, 1.21871734926e-10, 1.09390989322e-10, 5.88382606526e-11, 4.02603617111e-10, 1.69795649763e-10, 3.68581692944e-11, 1.05421817109e-11, 1.15258356245e-12, 9.16236419959e-14, 3.62566252791e-14, 2.28199918814e-13, 3.4509945086e-14, 6.4652123275e-15, 1.94012642459e-15, 5.15003655227e-15, 6.05904520621e-15, 6.942341328e-16, 4.04781428323e-16, 1.83711665676e-16, 1.79183652533e-16, 5.88911766503e-17, 2.87862161891e-16, 1.78925903054e-16]
    },
    "mfcc": {
        "mean": [-830.433349609, 223.87789917, 9.52218818665, -9.82173061371, -4.60653734207, -17.5185852051, -18.3482971191, -13.1712779999, -13.1459903717, -14.1693048477, -7.54947948456, -6.66654491425, -7.39119195938],
        "cov": [[7085.62402344, 1451.14831543, -2163.23168945, -234.548294067, -188.074234009, -596.912475586, -580.492126465, -370.659301758, -146.678009033, -364.582580566, -212.212463379, -142.160110474, -40.4560928345], [1451.14831543, 1907.45153809, -53.9035377502, -473.387786865, -125.093078613, -213.224487305, -206.828903198, -111.842895508, -140.323120117, -111.929756165, -87.353263855, -64.7630615234, -115.827880859], [-2163.23168945, -53.9035377502, 1131.49230957, 66.1682128906, -16.1432952881, 199.873504639, 191.28565979, 81.9299163818, 14.7815980911, 109.087753296, 61.6270446777, 38.2950439453, -18.1681041718], [-234.548294067, -473.387786865, 66.1682128906, 404.503570557, 113.087890625, 38.1321678162, 104.642181396, 65.3734970093, 27.6586608887, 8.7954826355, 25.3590602875, 31.4601554871, 13.9441242218], [-188.074234009, -125.093078613, -16.1432952881, 113.087890625, 190.542251587, 81.353225708, 41.3194847107, 73.1748962402, 43.1891365051, 11.5854682922, 2.83973526955, 15.9382038116, 8.85231781006], [-596.912475586, -213.224487305, 199.873504639, 38.1321678162, 81.353225708, 214.435302734, 127.545768738, 59.2217407227, 54.2490501404, 47.250869751, 18.1322059631, 8.29571723938, 21.2469043732], [-580.492126465, -206.828903198, 191.28565979, 104.642181396, 41.3194847107, 127.545768738, 189.68006897, 95.4855651855, 30.055141449, 37.4413909912, 20.3185138702, 21.1127243042, 14.5217990875], [-370.659301758, -111.842895508, 81.9299163818, 65.3734970093, 73.1748962402, 59.2217407227, 95.4855651855, 152.509185791, 77.015083313, 19.6853160858, 12.4086236954, 21.040561676, 4.41993665695], [-146.678009033, -140.323120117, 14.7815980911, 27.6586608887, 43.1891365051, 54.2490501404, 30.055141449, 77.015083313, 148.743041992, 68.4397277832, -2.50932765007, 5.20476675034, 9.45421504974], [-364.582580566, -111.929756165, 109.087753296, 8.7954826355, 11.5854682922, 47.250869751, 37.4413909912, 19.6853160858, 68.4397277832, 130.232955933, 60.8911094666, 8.34178161621, -1.58455741405], [-212.212463379, -87.353263855, 61.6270446777, 25.3590602875, 2.83973526955, 18.1322059631, 20.3185138702, 12.4086236954, -2.50932765007, 60.8911094666, 125.63495636, 47.5637588501, -5.4965057373], [-142.160110474, -64.7630615234, 38.2950439453, 31.4601554871, 15.9382038116, 8.29571723938, 21.1127243042, 21.040561676, 5.20476675034, 8.34178161621, 47.5637588501, 105.219352722, 46.2480545044], [-40.4560928345, -115.827880859, -18.1681041718, 13.9441242218, 8.85231781006, 21.2469043732, 14.5217990875, 4.41993665695, 9.45421504974, -1.58455741405, -5.4965057373, 46.2480545044, 104.481163025]],
