{
"lowlevel": {
    "average_loudness": 0.418039768934,
    "barkbands_crest": {
        "dmean": 2.6789393425,
        "dmean2": 4.2769536972,
        "dvar": 5.22003173828,
        "dvar2": 13.4919281006,
        "max": 25.9279079437,
        "mean": 12.9707736969,
        "median": 12.5069675446,
        "min": 3.61597037315,
        "var": 18.7953109741
    },
    "barkbands_flatness_db": {
        "dmean": 0.0220594126731,
        "dmean2": 0.033772431314,
        "dvar": 0.000384002720239,
        "dvar2": 0.000965309678577,
        "max": 0.532893419266,
        "mean": 0.312059283257,
        "median": 0.30837816,
        "min": 0.0450738482177,
        "var": 0.00372678530402
    },
    "barkbands_kurtosis": {
        "dmean": 4.9711265564,
        "dmean2": 7.97113466263,
        "dvar": 211.378936768,
        "dvar2": 611.801940918,
        "max": 405.665893555,
        "mean": 10.6525831223,
        "median": 3.91017198563,
        "min": -1.90179729462,
        "var": 633.257568359
    },
    "barkbands_skewness": {
        "dmean": 0.578939318657,
        "dmean2": 0.893315911293,
        "dvar": 0.400320589542,
        "dvar2": 1.05638325214,
        "max": 16.4083003998,
        "mean": 2.12165403366,
        "median": 1.7484998703,
        "min": -2.12874245644,
        "var": 3.12820935249
    },
    "barkbands_spread": {
        "dmean": 2.67657518387,
        "dmean2": 4.12617683411,
        "dvar": 9.21583271027,
        "dvar2": 21.0768260956,
        "max": 76.7309265137,
        "mean": 10.8737678528,
        "median": 8.81275844574,
        "min": 0.408599436283,
        "var": 62.5009803772
    },
    "dissonance": {
        "dmean": 0.0266244709492,
        "dmean2": 0.0441013164818,
        "dvar": 0.000638858648017,
        "dvar2": 0.00175761966966,
        "max": 0.499999672174,
        "mean": 0.426392436028,
        "median": 0.436237156391,
        "min": 0.155142650008,
        "var": 0.00222464604303
    },
    "dynamic_complexity": 5.46584272385,
    "erbbands_crest": {
        "dmean": 2.73756790161,
        "dmean2": 4.30398273468,
        "dvar": 5.54682922363,
        "dvar2": 13.6725606918,
        "max": 30.1114234924,
        "mean": 12.1697912216,
        "median": 11.3839855194,
        "min": 2.87333869934,
        "var": 21.1275138855
    },
    "erbbands_flatness_db": {
        "dmean": 0.0149944042787,
        "dmean2": 0.0215444490314,
        "dvar": 0.000179034483153,
        "dvar2": 0.000349135720171,
        "max": 0.502688646317,
        "mean": 0.33231768012,
        "median": 0.338200986385,
        "min": 0.0515971779823,
        "var": 0.00438887020573
    },
    "erbbands_kurtosis": {
        "dmean": 1.44831573963,
        "dmean2": 2.25377225876,
        "dvar": 4.60856437683,
        "dvar2": 11.0876789093,
        "max": 58.0825691223,
        "mean": 1.98582386971,
        "median": 0.217153072357,
        "min": -1.91102027893,
        "var": 24.5639228821
    },
    "erbbands_skewness": {
        "dmean": 0.405804008245,
        "dmean2": 0.609590649605,
        "dvar": 0.122804112732,
        "dvar2": 0.282459527254,
        "max": 6.87662601471,
        "mean": 0.914387285709,
        "median": 0.931123137474,
        "min": -3.83663916588,
        "var": 1.35450720787
    },
    "erbbands_spread": {
        "dmean": 4.93714904785,
        "dmean2": 7.64778518677,
        "dvar": 22.0743961334,
        "dvar2": 51.6714897156,
        "max": 129.366638184,
        "mean": 26.0816326141,
        "median": 24.2591934204,
        "min": 2.13787603378,
        "var": 202.360992432
    },
    "hfc": {
        "dmean": 3.15079045296,
        "dmean2": 4.41835832596,
        "dvar": 24.3865413666,
        "dvar2": 47.6389083862,
        "max": 141.511962891,
        "mean": 12.2451400757,
        "median": 7.02320194244,
        "min": 1.19675577817e-16,
        "var": 187.1146698
    },
    "melbands_crest": {
        "dmean": 3.10724329948,
        "dmean2": 4.95246505737,
        "dvar": 7.81747961044,
        "dvar2": 20.5341835022,
        "max": 38.5605773926,
        "mean": 16.088306427,
        "median": 15.0811500549,
        "min": 2.14729595184,
        "var": 33.8692512512
    },
    "melbands_flatness_db": {
        "dmean": 0.022432455793,
        "dmean2": 0.0336865000427,
        "dvar": 0.000420784723246,
        "dvar2": 0.000993435969576,
        "max": 0.614808320999,
        "mean": 0.361670583487,
        "median": 0.355697989464,
        "min": 0.00502839917317,
        "var": 0.00557891326025
    },
    "melbands_kurtosis": {
        "dmean": 8.65445327759,
        "dmean2": 13.9008054733,
        "dvar": 1032.72119141,
        "dvar2": 3058.86914062,
        "max": 1318.71240234,
        "mean": 19.0772171021,
        "median": 7.93597888947,
        "min": -1.86135339737,
        "var": 2389.97314453
    },
    "melbands_skewness": {
        "dmean": 0.684634566307,
        "dmean2": 1.06256270409,
        "dvar": 0.707768023014,
        "dvar2": 1.89788663387,
        "max": 26.6530971527,
        "mean": 2.72881197929,
        "median": 2.22365093231,
        "min": -1.64527177811,
        "var": 4.41960954666
    },
    "melbands_spread": {
        "dmean": 4.02552318573,
        "dmean2": 6.18828248978,
        "dvar": 33.564163208,
        "dvar2": 73.8745193481,
        "max": 214.53225708,
        "mean": 14.1266403198,
        "median": 10.3705368042,
        "min": 0.24740113318,
        "var": 155.73097229
    },
    "pitch_salience": {
        "dmean": 0.0687049180269,
        "dmean2": 0.10944069922,
        "dvar": 0.00372017477639,
        "dvar2": 0.00956663209945,
        "max": 0.845825970173,
        "mean": 0.52464568615,
        "median": 0.537426650524,
        "min": 0.0725112184882,
        "var": 0.0133169144392
    },
    "silence_rate_20dB": {
        "dmean": 0,
        "dmean2": 0,
        "dvar": 0,
        "dvar2": 0,
        "max": 1,
        "mean": 1,
        "median": 1,
        "min": 1,
        "var": 0
    },
    "silence_rate_30dB": {
        "dmean": 0.00156915490516,
        "dmean2": 0.00313866161741,
        "dvar": 0.00156693952158,
        "dvar2": 0.00357693620026,
        "max": 1,
        "mean": 0.997310340405,
        "median": 1,
        "min": 0,
        "var": 0.00268272473477
    },
    "silence_rate_60dB": {
        "dmean": 0.01995068416,
        "dmean2": 0.0399058386683,
        "dvar": 0.0195517484099,
        "dvar2": 0.0454850792885,
        "max": 1,
        "mean": 0.137397736311,
        "median": 0,
        "min": 0,
        "var": 0.118516609073
    },
    "spectral_centroid": {
        "dmean": 162.94972229,
        "dmean2": 251.369827271,
        "dvar": 43705.1289062,
        "dvar2": 83629.6953125,
        "max": 11336.6660156,
        "mean": 1024.66040039,
        "median": 942.073059082,
        "min": 180.289550781,
        "var": 265095.21875
    },
    "spectral_complexity": {
        "dmean": 1.38332211971,
        "dmean2": 2.32260966301,
        "dvar": 1.80705928802,
        "dvar2": 4.59169101715,
        "max": 32,
        "mean": 10.1982517242,
        "median": 10,
        "min": 0,
        "var": 28.2950954437
    },
    "spectral_decrease": {
        "dmean": 1.09222020317e-09,
        "dmean2": 1.57131840872e-09,
        "dvar": 2.50251913799e-18,
        "dvar2": 5.05555130086e-18,
        "max": -2.17791681275e-29,
        "mean": -3.81135034644e-09,
        "median": -2.68187383412e-09,
        "min": -3.89598682204e-08,
        "var": 1.45759580233e-17
    },
    "spectral_energy": {
        "dmean": 0.00437615066767,
        "dmean2": 0.0062805893831,
        "dvar": 4.03876219934e-05,
        "dvar2": 8.12490470707e-05,
        "max": 0.159878879786,
        "mean": 0.0154955647886,
        "median": 0.0108189899474,
        "min": 1.09371290776e-20,
        "var": 0.000242079448071
    },
    "spectral_energyband_high": {
        "dmean": 3.70644920622e-06,
        "dmean2": 4.95581070936e-06,
        "dvar": 3.62904789553e-10,
        "dvar2": 6.22848994603e-10,
        "max": 0.000598380225711,
        "mean": 7.21286824046e-06,
        "median": 1.33906769406e-06,
        "min": 8.07692269633e-21,
        "var": 9.83713777103e-10
    },
    "spectral_energyband_low": {
        "dmean": 1.63129170687e-05,
        "dmean2": 2.48084197665e-05,
        "dvar": 1.98477789759e-09,
        "dvar2": 4.74936889816e-09,
        "max": 0.00158875482157,
        "mean": 4.14472779084e-05,
        "median": 7.46582963984e-06,
        "min": 1.11722962127e-22,
        "var": 1.16070681955e-08
    },
    "spectral_energyband_middle_high": {
        "dmean": 0.00154754018877,
        "dmean2": 0.00223201257177,
        "dvar": 9.34723811952e-06,
        "dvar2": 2.07343964576e-05,
        "max": 0.118253953755,
        "mean": 0.00461650360376,
        "median": 0.00186064839363,
        "min": 1.60589674129e-21,
        "var": 5.08451885253e-05
    },
    "spectral_energyband_middle_low": {
        "dmean": 0.00375856924802,
        "dmean2": 0.00549163483083,
        "dvar": 3.02894204651e-05,
        "dvar2": 6.22115330771e-05,
        "max": 0.143304869533,
        "mean": 0.011015699245,
        "median": 0.00810058601201,
        "min": 2.81675748772e-22,
        "var": 0.000122682627989
    },
    "spectral_entropy": {
        "dmean": 0.13798378408,
        "dmean2": 0.20276376605,
        "dvar": 0.0164666995406,
        "dvar2": 0.0328385345638,
        "max": 9.78248119354,
        "mean": 6.21727228165,
        "median": 6.23180341721,
        "min": 4.41164207458,
        "var": 0.321142852306
    },
    "spectral_flux": {
        "dmean": 0.0129755586386,
        "dmean2": 0.0220655631274,
        "dvar": 0.000189340193174,
        "dvar2": 0.00054865994025,
        "max": 0.244163274765,
        "mean": 0.0461080223322,
        "median": 0.0416619814932,
        "min": 1.04580732962e-10,
        "var": 0.000823150097858
    },
    "spectral_kurtosis": {
        "dmean": 9.25178909302,
        "dmean2": 16.3303661346,
        "dvar": 73.4938583374,
        "dvar2": 233.154556274,
        "max": 132.961349487,
        "mean": 17.339307785,
        "median": 14.3381614685,
        "min": -1.20335316658,
        "var": 187.749786377
    },
    "spectral_rms": {
        "dmean": 0.000496965891216,
        "dmean2": 0.000710379274096,
        "dvar": 2.74803227285e-07,
        "dvar2": 5.58932185868e-07,
        "max": 0.0124891707674,
        "mean": 0.00344870472327,
        "median": 0.00324886338785,
        "min": 3.26655326052e-12,
        "var": 3.22408936881e-06
    },
    "spectral_rolloff": {
        "dmean": 256.00177002,
        "dmean2": 453.072692871,
        "dvar": 288989.34375,
        "dvar2": 621511.4375,
        "max": 18561.6210938,
        "mean": 1107.9967041,
        "median": 839.794921875,
        "min": 21.533203125,
        "var": 773821.8125
    },
    "spectral_skewness": {
        "dmean": 0.727092266083,
        "dmean2": 1.27856397629,
        "dvar": 0.375128567219,
        "dvar2": 1.19776928425,
        "max": 9.24563980103,
        "mean": 2.25170469284,
        "median": 2.02649998665,
        "min": -0.0179249346256,
        "var": 1.32964527607
    },
    "spectral_spread": {
        "dmean": 255706.78125,
        "dmean2": 400231.1875,
        "dvar": 271022211072,
        "dvar2": 325391482880,
        "max": 40967652,
        "mean": 2076283.625,
        "median": 1770434.75,
        "min": 685838,
        "var": 1.53687241523e+12
    },
    "spectral_strongpeak": {
        "dmean": 0.525908589363,
        "dmean2": 0.839994132519,
        "dvar": 0.590320944786,
        "dvar2": 1.46673250198,
        "max": 13.2180013657,
        "mean": 1.37160015106,
        "median": 0.975093364716,
        "min": 0,
        "var": 1.70967674255
    },
    "zerocrossingrate": {
        "dmean": 0.00507195154205,
        "dmean2": 0.00626446073875,
        "dvar": 5.9532434534e-05,
        "dvar2": 6.71195884934e-05,
        "max": 0.5,
        "mean": 0.0402141734958,
        "median": 0.0380859375,
        "min": 0.00146484375,
        "var": 0.000407392857596
    },
    "barkbands": {
        "dmean": [2.49031904787e-06, 1.99445821636e-06, 4.331801847e-06, 3.58842626156e-05, 0.0013138219947, 0.000536922365427, 0.00054160959553, 0.00228373124264, 0.000363677099813, 0.000687023450155, 0.000420518597821, 0.000344787229551, 4.91161554237e-05, 8.03113289294e-05, 0.000129480045871, 8.22820220492e-05, 0.000184743097634, 0.000335378979798, 0.000115967493912, 2.62172670773e-06, 5.79745915275e-07, 5.95974597672e-07, 4.31023948977e-07, 8.18276134851e-07, 1.41654550134e-06, 8.43715639576e-08, 5.92841831182e-10],
        "dmean2": [4.40857684225e-06, 3.5342566207e-06, 5.81676931688e-06, 5.59869877179e-05, 0.00200630002655, 0.000758675916586, 0.000821177382022, 0.00326030538417, 0.000542983761989, 0.00101899972651, 0.000617116165813, 0.000560616201255, 7.95085870777e-05, 0.000119322365208, 0.000202825613087, 0.000126317085233, 0.000294769677566, 0.000506243493874, 0.000182327712537, 4.33393370258e-06, 8.69726477504e-07, 8.42149347591e-07, 6.0872918084e-07, 1.09157542738e-06, 2.09523773265e-06, 1.1631661323e-07, 1.09507991564e-09],
        "dvar": [6.88193946274e-12, 4.45206545241e-12, 3.85159903971e-10, 5.75725733754e-09, 4.2065848902e-06, 1.38554355544e-06, 2.12004874811e-06, 2.50959783443e-05, 9.6626456525e-07, 2.91595438284e-06, 3.55122256224e-06, 1.23300139876e-06, 3.33077281311e-08, 2.3155550366e-07, 2.12478084904e-07, 7.9521626617e-08, 1.6478993814e-07, 5.40374117008e-07, 5.56392549811e-08, 7.60190729809e-11, 1.62239978396e-11, 1.25396290573e-11, 4.2857362624e-12, 3.21112997304e-11, 1.41773537354e-10, 2.95362828162e-13, 1.02722535151e-18],
        "dvar2": [1.84268173636e-11, 1.32362324226e-11, 6.68369803947e-10, 1.52392871655e-08, 1.0462512364e-05, 3.0497321859e-06, 4.94203459311e-06, 4.78254078189e-05, 2.29404804486e-06, 6.57426608086e-06, 8.08727054391e-06, 3.31360342898e-06, 8.34602857935e-08, 4.27656914326e-07, 4.92829315135e-07, 1.75240558065e-07, 4.01112856707e-07, 1.15108741738e-06, 1.26434500203e-07, 2.0428882197e-10, 3.2974893649e-11, 2.204425531e-11, 8.00891297725e-12, 5.60654959958e-11, 3.04642255866e-10, 5.3689968053e-13, 3.27385016995e-18],
        "max": [3.49447363988e-05, 3.0786563002e-05, 0.000862160697579, 0.00225979904644, 0.0389600917697, 0.0614868588746, 0.0430084764957, 0.134299710393, 0.0257597640157, 0.0448608919978, 0.10655734688, 0.0349738225341, 0.00621300935745, 0.0378399454057, 0.0120011186227, 0.0098639735952, 0.0144386170432, 0.017673926428, 0.00554719567299, 0.000334051495884, 0.000186741410289, 0.000145799698657, 0.000107111016405, 0.000293363525998, 0.000393003894715, 1.79650505743e-05, 1.35483437802e-08],
        "mean": [2.5841122806e-06, 2.5213923891e-06, 1.30147354866e-05, 7.92974169599e-05, 0.00303264777176, 0.00150011922233, 0.00117455562577, 0.00428105192259, 0.000758536043577, 0.00127410143614, 0.000895544828381, 0.000508008524776, 7.79000329203e-05, 0.000134089423227, 0.000240042616497, 0.000159243951202, 0.000359344383469, 0.00076097989222, 0.000231017533224, 4.60201772512e-06, 9.89888803815e-07, 1.0846654277e-06, 9.01340115433e-07, 1.34641027216e-06, 1.91421895579e-06, 1.26138530732e-07, 4.96921226389e-10],
        "median": [1.72373211171e-06, 1.87918828942e-06, 2.06376370215e-07, 2.40292501985e-05, 0.00180230778642, 0.000677719537634, 0.000178099231562, 0.00099507055711, 7.25133213564e-05, 0.000164211975061, 2.18522072828e-05, 5.3765696066e-05, 1.22139226733e-05, 1.46180746015e-05, 9.70230030362e-06, 1.36228482006e-05, 9.64911450865e-05, 0.000186527569895, 9.5408562629e-05, 8.20140257929e-07, 1.50540046207e-07, 1.84267165082e-07, 2.90068015829e-07, 1.34499359206e-07, 2.0165337844e-08, 1.00521413415e-08, 1.66637315058e-10],
        "min": [7.20908269073e-24, 6.36876565084e-23, 3.88405259234e-23, 2.1224903767e-23, 3.83737095941e-23, 3.07983761401e-23, 6.50394043794e-23, 3.48852057436e-23, 7.61976399353e-23, 8.9598992009e-23, 3.88637941647e-23, 1.04722522102e-22, 3.31165196407e-23, 7.64478539927e-23, 2.2062255952e-22, 1.31971506951e-22, 2.38915827394e-22, 3.39873589712e-22, 1.27845575091e-22, 5.04683571234e-22, 4.03709148174e-22, 5.58291024256e-22, 5.76306234438e-22, 7.4158922958e-22, 1.40047079825e-21, 1.79677805824e-21, 2.57847847933e-21],
        "var": [7.21210200935e-12, 5.03430457044e-12, 3.06384206894e-09, 2.24784812985e-08, 1.33152989292e-05, 8.30921089801e-06, 9.11827191885e-06, 7.95500454842e-05, 3.07625168716e-06, 8.10465735412e-06, 1.63867080119e-05, 2.17756087295e-06, 5.8294634897e-08, 5.60734008559e-07, 6.35610206245e-07, 2.56782158203e-07, 4.68262726372e-07, 2.09779955185e-06, 1.42075720078e-07, 1.54056864488e-10, 3.49108068842e-11, 3.18549561729e-11, 9.24892974707e-12, 7.44635117456e-11, 2.64172933528e-10, 6.35338515739e-13, 8.09147713308e-19]
    },
    "erbbands": {
        "dmean": [0.000125791761093, 0.000270765420282, 0.00337884714827, 0.0592321902514, 0.533950805664, 5.27419376373, 8.92684173584, 3.57537913322, 4.74274921417, 24.6721572876, 40.4698410034, 8.24724960327, 16.6488208771, 24.2587909698, 14.4114170074, 7.20773696899, 2.56014347076, 3.2239844799, 3.37216258049, 6.18965387344, 5.51695775986, 12.7011709213, 16.5420036316, 8.99120998383, 2.64424371719, 0.158233180642, 0.027494687587, 0.023078225553, 0.0214745663106, 0.0180490501225, 0.0120173152536, 0.0136134270579, 0.0167874731123, 0.0234549120069, 0.00521779479459, 0.000825131952297, 6.38763885945e-05, 2.20099150283e-06, 2.29466832025e-06, 5.04193621964e-06],
        "dmean2": [0.000220512694796, 0.000467008037958, 0.00474133109674, 0.0916839316487, 0.844746887684, 8.28613090515, 12.9927654266, 4.89316654205, 6.8603014946, 37.0491485596, 56.0986785889, 12.2027978897, 25.5322685242, 34.8037185669, 22.8058261871, 11.5873174667, 4.10392332077, 4.61453151703, 5.20869255066, 9.64669513702, 8.35629463196, 19.9719028473, 25.1814002991, 13.8614025116, 4.04992294312, 0.243978857994, 0.0408528707922, 0.0337702892721, 0.0301298294216, 0.0264462977648, 0.0167507249862, 0.0183481294662, 0.0225330814719, 0.0353836379945, 0.00772125087678, 0.0011392183369, 8.92715834198e-05, 3.14219687425e-06, 3.2662387639e-06, 7.2175052992e-06],
        "dvar": [1.75680181513e-08, 9.86212214116e-08, 0.000150688341819, 0.016142103821, 0.796105980873, 74.9523925781, 295.219390869, 44.7517623901, 157.707565308, 2223.20385742, 8305.09375, 429.294494629, 1746.71594238, 6677.26123047, 1567.00231934, 480.779266357, 90.2588729858, 713.90057373, 115.426818848, 461.824554443, 323.393554688, 710.803161621, 1374.21435547, 303.232025146, 35.471282959, 0.179642364383, 0.0176567025483, 0.0353873558342, 0.0212234798819, 0.00673530856147, 0.00406521279365, 0.00672211591154, 0.0167479198426, 0.042553640902, 0.00182245008182, 3.08498856612e-05, 1.51151567707e-07, 1.17645268527e-10, 1.08656078926e-11, 5.37446823157e-11],
        "dvar2": [5.14913054417e-08, 2.50167829563e-07, 0.000273168145213, 0.0427545085549, 2.18638134003, 205.33757019, 695.87890625, 87.7746505737, 329.844665527, 5158.12402344, 14387.5117188, 1020.12799072, 4273.63916016, 14190.7871094, 3973.30932617, 1251.81689453, 227.338912964, 1258.32678223, 259.467498779, 1082.80651855, 694.133361816, 1705.65942383, 2991.55322266, 710.331848145, 75.456451416, 0.403500109911, 0.0410633198917, 0.0690887644887, 0.0393879264593, 0.0134592149407, 0.00754273543134, 0.0109622124583, 0.031990531832, 0.0929786488414, 0.00383672118187, 5.71084638068e-05, 2.77843554386e-07, 2.11374834302e-10, 2.1565582653e-11, 1.07480704892e-10],
        "max": [0.00190111366101, 0.00902094785124, 0.534601509571, 3.36424446106, 22.1288604736, 151.817733765, 726.717712402, 189.342834473, 482.102111816, 1094.84082031, 2717.65673828, 658.762329102, 1128.74121094, 3025.6862793, 1512.36425781, 548.276855469, 336.369293213, 2269.84741211, 331.587677002, 587.286193848, 636.152526855, 979.512573242, 875.654418945, 446.917938232, 176.223983765, 15.1870832443, 5.0857167244, 9.57307243347, 6.26316690445, 2.53311061859, 3.78675341606, 5.27302265167, 6.94538497925, 7.68825960159, 1.20152032375, 0.173493370414, 0.0134375784546, 0.000339026853908, 8.43336019898e-05, 0.000188424921362],
        "mean": [0.000158797047334, 0.000486534438096, 0.0101719843224, 0.153223991394, 1.33032274246, 11.195432663, 22.1764163971, 10.1577634811, 11.7280855179, 48.5769691467, 78.0614700317, 18.0503482819, 30.7691364288, 52.8651046753, 26.4949989319, 11.6145553589, 4.45465040207, 5.88977718353, 6.83212327957, 12.099773407, 12.4521312714, 27.2021827698, 37.6949119568, 20.5044517517, 5.75972747803, 0.395068138838, 0.057948473841, 0.0409362018108, 0.0388714931905, 0.0338734462857, 0.025273764506, 0.0259896814823, 0.0248860828578, 0.0310059040785, 0.00724572315812, 0.00126072927378, 0.000105123617686, 5.02937882629e-06, 8.49030857353e-06, 1.826722837e-05],
        "median": [0.000113785492431, 0.000313488591928, 0.00153312121984, 0.0556469261646, 0.815725147724, 6.60719347, 11.0018949509, 4.26322126389, 3.98271989822, 14.8234224319, 18.6798782349, 4.77742242813, 6.41283273697, 4.0330080986, 3.15752220154, 1.79596567154, 0.978631913662, 0.842184007168, 0.642659604549, 0.64278948307, 2.1112408638, 8.59128665924, 10.161857605, 8.17138290405, 2.11647105217, 0.132257461548, 0.016739634797, 0.00721894670278, 0.00576728116721, 0.00902281142771, 0.00799041055143, 0.00430317176506, 0.00119730620645, 0.000316248449963, 0.00014425261179, 0.000102814061393, 1.16019127745e-05, 1.78885227342e-06, 5.85551833865e-06, 1.26408176584e-05],
        "min": [1.80526857447e-21, 1.43587762217e-20, 4.65531949619e-20, 4.33548235753e-20, 1.37008858763e-19, 1.203303256e-19, 1.37972730972e-19, 3.05513937669e-19, 5.6631018123e-19, 1.28228349486e-18, 1.22061935154e-18, 1.27538315419e-18, 2.40053728104e-18, 1.97565885454e-18, 2.18223728635e-18, 4.13128739495e-18, 1.95484843789e-18, 3.76662399472e-18, 6.2921706002e-18, 1.17777176804e-17, 7.54960465888e-18, 1.27553070253e-17, 2.05364858597e-17, 1.01919760502e-17, 1.10736835816e-17, 2.04521895379e-17, 1.9803956216e-17, 1.68023460749e-17, 1.94780983398e-17, 1.97970045901e-17, 1.49338426784e-17, 1.46096805225e-17, 1.41451540885e-17, 1.35633466785e-17, 1.11154404861e-17, 7.36563886347e-18, 2.82700017201e-18, 1.3938357281e-18, 3.46185710454e-19, 3.87940695639e-20],
        "var": [2.07407691022e-08, 3.73837536927e-07, 0.00114982400555, 0.0753498226404, 2.72512364388, 184.355911255, 1156.26647949, 268.575744629, 794.850891113, 6544.63037109, 28683.25, 1322.38452148, 4212.265625, 28704.2578125, 4930.35888672, 948.509155273, 164.292648315, 1764.99462891, 362.107055664, 1374.25939941, 1203.49169922, 2214.89819336, 4921.35449219, 954.735290527, 108.704521179, 0.599794149399, 0.0374786518514, 0.0759870186448, 0.0512364730239, 0.014142411761, 0.0086159221828, 0.0159574337304, 0.0358275510371, 0.0752493515611, 0.0034136606846, 6.86149360263e-05, 3.4276231986e-07, 2.89172297219e-10, 7.03032770888e-11, 3.35635685911e-10]
    },
    "gfcc": {
        "mean": [-177.076721191, 153.330718994, -165.86328125, -11.2235813141, -65.4343795776, -55.44115448, -52.9411239624, 7.59073972702, -21.8925094604, -39.620174408, 7.25300216675, -0.375817805529, -8.944024086],
        "cov": [[12468.34375, -312.995452881, -4179.63378906, -1694.2409668, -506.329071045, -1063.92529297, -525.674987793, -28.4567909241, -66.3363647461, -942.245788574, 327.079956055, -37.1995124817, -156.507827759], [-312.995452881, 1115.08483887, 363.449493408, -125.536216736, -18.943561554, -500.333343506, 138.083389282, -141.134384155, 35.9920539856, -334.162628174, 14.2501907349, -50.6041564941, -83.2025375366], [-4179.63378906, 363.449493408, 2079.08618164, 675.26776123, -116.792419434, 206.614837646, 133.261047363, 18.5872020721, -51.0846138, 166.905654907, -202.847229004, 20.8293914795, 32.1602287292], [-1694.2409668, -125.536216736, 675.26776123, 722.541503906, 322.051879883, 244.866226196, -304.246643066, -261.035400391, 69.1610946655, 281.833251953, -123.193733215, -106.501144409, 73.4654312134], [-506.329071045, -18.943561554, -116.792419434, 322.051879883, 642.279907227, 131.209640503, -362.896759033, -293.44909668, 116.622360229, 229.047683716, -6.88597249985, -131.063476562, 39.4429550171], [-1063.92529297, -500.333343506, 206.614837646, 244.866226196, 131.209640503, 629.363830566, -13.7371168137, -0.0251325704157, -29.9295005798, 319.554077148, -61.4209403992, -10.0848484039, 50.6070480347], [-525.674987793, 138.083389282, 133.261047363, -304.246643066, -362.896759033, -13.7371168137, 610.223449707, 348.603240967, -86.0471343994, -161.35949707, 31.4141559601, 152.222640991, -75.2979049683], [-28.4567909241, -141.134384155, 18.5872020721, -261.035400391, -293.44909668, -0.0251325704157, 348.603240967, 421.852294922, -59.2370948792, -112.282745361, 15.6067256927, 117.483131409, -29.8666248322], [-66.3363647461, 35.9920539856, -51.0846138, 69.1610946655, 116.622360229, -29.9295005798, -86.0471343994, -59.2370948792, 139.967941284, 49.9034461975, -14.4116640091, -46.2214164734, 5.63109731674], [-942.245788574, -334.162628174, 166.905654907, 281.833251953, 229.047683716, 319.554077148, -161.35949707, -112.282745361, 49.9034461975, 385.948242188, -22.1467342377, -65.9084854126, 34.6816978455], [327.079956055, 14.2501907349, -202.847229004, -123.193733215, -6.88597249985, -61.4209403992, 31.4141559601, 15.6067256927, -14.4116640091, -22.1467342377, 128.623626709, 29.0110473633, -16.1714458466], [-37.1995124817, -50.6041564941, 20.8293914795, -106.501144409, -131.063476562, -10.0848484039, 152.222640991, 117.483131409, -46.2214164734, -65.9084854126, 29.0110473633, 141.245361328, 10.5773553848], [-156.507827759, -83.2025375366, 32.1602287292, 73.4654312134, 39.4429550171, 50.6070480347, -75.2979049683, -29.8666248322, 5.63109731674, 34.6816978455, -16.1714458466, 10.5773553848, 110.003952026]],
        "icov": [[0.000779487425461, -0.000303078151774, 0.00160208484158, -2.55519244092e-05, 0.00131149764638, -3.90875220546e-06, 0.00171852950007, -0.000266324146651, 0.000596439058427, 0.000660362653434, 0.000591737800278, -0.000261128647253, 0.000937410979532], [-0.000303078151774, 0.0057673775591, -0.00329754129052, 0.00300897657871, -0.00292122457176, 0.0024457545951, -0.00404252437875, 0.00490227201954, -0.00195622770116, 0.00379897560924, -0.00126301404089, 0.00389810092747, -0.000286401598714], [0.00160208484158, -0.00329754129052, 0.00567907467484, -0.00300289993174, 0.00428879773244, -0.000801358430181, 0.00448630889878, -0.00294037186541, 0.00257605453953, -0.000873621320352, 0.0024400902912, -0.00254221260548, 0.00198055198416], [-2.55519244092e-05, 0.00300897657871, -0.00300289993174, 0.00668441969901, -0.00239383103326, 0.000681001052726, -0.000788882200141, 0.0036998402793, -0.00160063931253, 0.00124085601419, 0.00080822192831, 0.00209826719947, -0.000729366089217], [0.00131149764638, -0.00292122457176, 0.00428879773244, -0.00239383103326, 0.00667265662923, -0.00136266078334, 0.00486746616662, -0.00165211851709, 0.000453822460258, -0.00115399132483, 0.00059381761821, -0.00155482371338, 0.00169625610579], [-3.90875220546e-06, 0.0024457545951, -0.000801358430181, 0.000681001052726, -0.00136266078334, 0.00479944655672, -0.00237321411259, 0.00158169167116, 0.00125736941118, -0.00153064180631, 0.00120591628365, 0.0013384136837, -0.000823826936539], [0.00171852950007, -0.00404252437875, 0.00448630889878, -0.000788882200141, 0.00486746616662, -0.00237321411259, 0.0104243271053, -0.0053533911705, 0.00192575540859, -0.000149048457388, 0.0014200512087, -0.00473553827032, 0.00424371287227], [-0.000266324146651, 0.00490227201954, -0.00294037186541, 0.0036998402793, -0.00165211851709, 0.00158169167116, -0.0053533911705, 0.00956769287586, -0.00222128466703, 0.00306205218658, -0.000425142177846, 0.00213529216126, -0.000603816937655], [0.000596439058427, -0.00195622770116, 0.00257605453953, -0.00160063931253, 0.000453822460258, 0.00125736941118, 0.00192575540859, -0.00222128466703, 0.0109739294276, -0.00264106574468, 0.00246937782504, -1.80192218977e-05, 0.000294407771435], [0.000660362653434, 0.00379897560924, -0.000873621320352, 0.00124085601419, -0.00115399132483, -0.00153064180631, -0.000149048457388, 0.00306205218658, -0.00264106574468, 0.0104210386053, -0.00254516629502, 0.00346219679341, 0.00122953101527], [0.000591737800278, -0.00126301404089, 0.0024400902912, 0.00080822192831, 0.00059381761821, 0.00120591628365, 0.0014200512087, -0.000425142177846, 0.00246937782504, -0.00254516629502, 0.0121841356158, -0.00358376163058, 0.0015341459075], [-0.000261128647253, 0.00389810092747, -0.00254221260548, 0.00209826719947, -0.00155482371338, 0.0013384136837, -0.00473553827032, 0.00213529216126, -1.80192218977e-05, 0.00346219679341, -0.00358376163058, 0.0149797620252, -0.00385905662552], [0.000937410979532, -0.000286401598714, 0.00198055198416, -0.000729366089217, 0.00169625610579, -0.000823826936539, 0.00424371287227, -0.000603816937655, 0.000294407771435, 0.00122953101527, 0.0015341459075, -0.00385905662552, 0.0128213008866]]
    },
    "melbands": {
        "dmean": [8.59244551066e-07, 1.11043129891e-06, 1.81934410648e-05, 0.00017103771097, 0.000326611014316, 8.1321966718e-05, 8.36265753605e-05, 0.000366953638149, 0.000284445210127, 4.66610399599e-05, 8.77052516444e-05, 0.000102427045931, 5.14011298947e-05, 4.37209382653e-05, 4.59951115772e-06, 5.89011006014e-06, 6.80345692672e-06, 4.80859034724e-06, 1.30187463583e-05, 4.92374283567e-06, 5.97892358201e-06, 1.39588400998e-05, 2.07501216209e-05, 1.16789433378e-05, 7.86967848398e-06, 3.76724688067e-06, 4.26224261219e-07, 4.16703542783e-08, 1.84264408176e-08, 1.23459305001e-08, 1.50047085867e-08, 1.34301041399e-08, 1.23682291076e-08, 9.93415927297e-09, 7.45712647188e-09, 7.58044205185e-09, 9.27108256832e-09, 1.06122426402e-08, 2.00791543392e-08, 2.03919263697e-08],
        "dmean2": [1.49068989685e-06, 1.52941629494e-06, 2.87520124402e-05, 0.000272060511634, 0.000483920215629, 0.000111757610284, 0.000122767785797, 0.000540813140105, 0.000393117254134, 7.04815611243e-05, 0.000134880057885, 0.000147462837049, 7.86952950875e-05, 7.13659610483e-05, 7.10613085175e-06, 9.3788958111e-06, 9.74874001258e-06, 7.64515152696e-06, 2.03248982871e-05, 7.48811226003e-06, 9.18654041016e-06, 2.22270628001e-05, 3.27104535245e-05, 1.77933434315e-05, 1.2263581084e-05, 5.87320573686e-06, 6.77302296026e-07, 6.68604442922e-08, 2.83874861395e-08, 1.80660464366e-08, 2.22662706051e-08, 1.93493718825e-08, 1.86499917731e-08, 1.49018131168e-08, 1.07370148328e-08, 1.07505666591e-08, 1.25535430939e-08, 1.49048187126e-08, 2.93278095143e-08, 3.10015941807e-08],
        "dvar": [7.89543452319e-13, 2.1527026689e-11, 1.34776967364e-09, 7.23293993588e-08, 3.22791578355e-07, 2.33144508144e-08, 5.23739949188e-08, 5.38625272384e-07, 3.87803396507e-07, 1.8886467501e-08, 5.09095805512e-08, 1.02420933956e-07, 3.11937533581e-08, 2.02285868056e-08, 3.18576748315e-10, 4.69728589358e-10, 3.07817105138e-09, 3.24476473468e-10, 2.28096497246e-09, 2.62742494428e-10, 3.47611828211e-10, 1.20059251429e-09, 2.24857021891e-09, 5.80959336194e-10, 2.35169467233e-10, 7.09736575066e-11, 1.68468646151e-12, 2.28976536218e-14, 8.00820608421e-15, 6.7142556841e-15, 1.96961011682e-14, 1.06234965418e-14, 4.44603528256e-15, 1.81684670834e-15, 1.10926397157e-15, 2.56588726096e-15, 3.07883347316e-15, 6.61134414562e-15, 3.54979683614e-14, 3.31605470622e-14],
        "dvar2": [2.26540921439e-12, 3.66651049799e-11, 3.73531694464e-09, 2.00329196787e-07, 7.65250376844e-07, 4.63518148308e-08, 1.13852621553e-07, 1.15007833301e-06, 6.8201711656e-07, 4.57738771331e-08, 1.23937368812e-07, 2.16587878299e-07, 7.07881468998e-08, 5.39682076806e-08, 6.67484956196e-10, 1.14192022505e-09, 5.38270139572e-09, 7.3662675959e-10, 5.23693488574e-09, 6.04562733209e-10, 7.57507390148e-10, 2.89892665428e-09, 5.40354072598e-09, 1.26531307654e-09, 5.57554558078e-10, 1.54304000133e-10, 3.77184871878e-12, 5.8173490981e-14, 1.98787434945e-14, 1.48058072692e-14, 4.05717058799e-14, 2.14325864727e-14, 9.5922534103e-15, 3.82674874251e-15, 2.12987196917e-15, 4.8001128422e-15, 5.10558299265e-15, 1.31882996006e-14, 8.03227452541e-14, 7.47400188614e-14],
        "max": [1.27860985231e-05, 0.000205330827157, 0.00117293035146, 0.00514388270676, 0.0200292784721, 0.00595171190798, 0.00851566623896, 0.0181401502341, 0.0177473891526, 0.00469524785876, 0.00610009906814, 0.0113634373993, 0.00997974537313, 0.00416551809758, 0.00142515380867, 0.000700611330103, 0.00478779617697, 0.000555396836717, 0.00120384257752, 0.00049905560445, 0.000646887463517, 0.00134961889125, 0.00125926977489, 0.000534867634997, 0.000377840042347, 0.000237243046286, 4.39288523921e-05, 6.24894892098e-06, 2.6209115731e-06, 3.18716615766e-06, 7.33215347282e-06, 4.72718329547e-06, 2.33836544794e-06, 1.84177383744e-06, 1.85456167401e-06, 3.48258390659e-06, 2.92973254545e-06, 3.62593527825e-06, 8.35052196635e-06, 7.47649528421e-06],
        "mean": [1.13053681616e-06, 3.21672382597e-06, 4.33067107224e-05, 0.000363673694665, 0.000793099403381, 0.000229999976, 0.000197953195311, 0.000701497017872, 0.00055297795916, 9.61651894613e-05, 0.000154037261382, 0.000217215492739, 0.000103189224319, 6.43224775558e-05, 7.90963258623e-06, 9.55570067163e-06, 1.15421535156e-05, 8.30494536785e-06, 2.38165303017e-05, 1.02078020063e-05, 1.28509991555e-05, 2.61030872934e-05, 4.1973326006e-05, 2.55297236436e-05, 1.63765689649e-05, 7.24439269106e-06, 8.33597084693e-07, 7.37641698834e-08, 2.95111792781e-08, 2.02850412023e-08, 2.37680772841e-08, 2.2105425046e-08, 2.03852330571e-08, 1.78801897732e-08, 1.44965612847e-08, 1.4403080506e-08, 1.64030833361e-08, 1.52942352116e-08, 2.56109462526e-08, 2.57463419473e-08],
        "median": [8.38479479626e-07, 2.29057945944e-07, 1.87176028703e-05, 0.000217476917896, 0.000416183087509, 9.79657197604e-05, 5.17335065524e-05, 0.000193538027816, 0.000130492349854, 1.00519619082e-05, 2.96880025417e-05, 1.7426260456e-05, 8.44291298563e-06, 6.43749945084e-06, 1.23472102587e-06, 1.47195680711e-06, 1.27452403831e-06, 8.19464901269e-07, 8.35804769395e-07, 7.71879854256e-07, 1.69675922734e-06, 6.25059919912e-06, 9.44041403272e-06, 7.30917872716e-06, 6.42753457214e-06, 2.51374945037e-06, 1.58151962637e-07, 1.37616398277e-08, 3.47749939955e-09, 2.64414001805e-09, 2.24397123105e-09, 2.37801822678e-09, 3.61981467023e-09, 5.04772534882e-09, 4.14948697625e-09, 3.47717921123e-09, 1.849969955e-09, 6.51930787132e-10, 3.38103600672e-10, 1.58599564037e-10],
        "min": [1.69569785208e-23, 2.31071858403e-23, 1.24483063371e-23, 8.46229079059e-24, 5.64584357765e-24, 6.46871819295e-24, 1.01611287824e-23, 1.25420703443e-23, 1.230335709e-23, 7.54878039602e-24, 1.27383594479e-23, 9.01132772543e-24, 6.51105990761e-24, 1.22026526846e-23, 7.05145723782e-24, 2.97639605844e-24, 7.78967800609e-24, 6.99571553739e-24, 1.96953813578e-23, 1.14856073096e-23, 8.40257638665e-24, 1.08323563272e-23, 2.01877978012e-23, 1.49717043455e-23, 7.54711905495e-24, 5.90692537727e-24, 1.16469861627e-23, 1.46298214955e-23, 1.40599073568e-23, 9.26180684006e-24, 1.00662587922e-23, 9.93627581428e-24, 1.22698021026e-23, 1.07167085296e-23, 8.03753494706e-24, 9.53870017324e-24, 8.65677813589e-24, 9.79028369313e-24, 1.03230345946e-23, 1.15578369918e-23],
        "var": [9.81120458314e-13, 1.70056746462e-10, 4.82322493056e-09, 1.83929657283e-07, 1.20730226172e-06, 1.50590778958e-07, 2.58409755816e-07, 1.58712180109e-06, 1.38184918796e-06, 5.48179421855e-08, 1.20063972986e-07, 4.33157538282e-07, 1.41771067774e-07, 3.49688065171e-08, 1.46178880112e-09, 9.49748835133e-10, 7.31873983639e-09, 7.34347027631e-10, 6.73521949324e-09, 8.85695961017e-10, 1.27855659393e-09, 3.30996541287e-09, 7.23333837271e-09, 1.99233363141e-09, 6.52071285856e-10, 1.86138868208e-10, 4.54619371662e-12, 4.01803868226e-14, 1.49770163448e-14, 1.35008276531e-14, 3.80503158007e-14, 2.25105798937e-14, 8.0093368732e-15, 3.45326777563e-15, 2.38198010273e-15, 4.70520491804e-15, 7.26883441269e-15, 1.26083073425e-14, 5.89393646193e-14, 5.35428363972e-14]
    },
    "mfcc": {
        "mean": [-806.430480957, 176.208831787, -43.4963188171, 9.91996192932, -1.97615838051, -63.0000915527, -25.7082767487, 14.8285751343, -35.510559082, -19.4976406097, -2.51599502563, -16.1831264496, -10.5668983459],
        "cov": [[8340.98242188, 1691.50524902, -3484.78295898, -978.893310547, -417.796600342, -1238.46777344, -623.860412598, 391.052703857, -842.703063965, -276.51953125, -206.371307373, -291.385284424, 28.8386802673], [1691.50524902, 1597.00732422, -438.925720215, -167.922683716, -345.696746826, -716.361022949, -240.155487061, 211.392227173, -287.734161377, -260.969207764, 14.8891716003, -160.658401489, -188.565826416], [-3484.78295898, -438.925720215, 2494.36816406, 510.091583252, -252.892318726, 268.45880127, 200.796325684, -91.5901947021, 415.564239502, -98.992225647, 87.9391174316, 91.5395355225, -191.895263672], [-978.893310547, -167.922683716, 510.091583252, 425.822418213, 283.509613037, 204.651397705, -120.935203552, -203.876907349, 38.3901329041, 65.8988418579, -34.4082298279, -59.1990814209, -33.2940254211], [-417.796600342, -345.696746826, -252.892318726, 283.509613037, 981.198059082, 563.260864258, -260.964233398, -490.664215088, -85.9018859863, 221.045715332, -81.9028701782, -122.281578064, 77.9835357666], [-1238.46777344, -716.361022949, 268.45880127, 204.651397705, 563.260864258, 826.775756836, 14.5110368729, -407.1796875, 121.965270996, 192.282287598, -1.39005410671, 41.0889587402, 83.1113891602], [-623.860412598, -240.155487061, 200.796325684, -120.935203552, -260.964233398, 14.5110368729, 384.835784912, 195.926559448, 123.938926697, -9.71202373505, 77.4677276611, 131.995605469, 40.8370513916], [391.052703857, 211.392227173, -91.5901947021, -203.876907349, -490.664215088, -407.1796875, 195.926559448, 522.511962891, 56.1017379761, -115.519355774, 38.5602302551, 55.4319877625, -2.39716982841], [-842.703063965, -287.734161377, 415.564239502, 38.3901329041, -85.9018859863, 121.965270996, 123.938926697, 56.1017379761, 273.36819458, 43.6201553345, 11.4886932373, 78.5301513672, -3.61476206779], [-276.51953125, -260.969207764, -98.992225647, 65.8988418579, 221.045715332, 192.282287598, -9.71202373505, -115.519355774, 43.6201553345, 200.809509277, -4.56096553802, -3.05850982666, 65.2027053833], [-206.371307373, 14.8891716003, 87.9391174316, -34.4082298279, -81.9028701782, -1.39005410671, 77.4677276611, 38.5602302551, 11.4886932373, -4.56096553802, 152.390319824, 70.8286361694, -32.6248016357], [-291.385284424, -160.658401489, 91.5395355225, -59.1990814209, -122.281578064, 41.0889587402, 131.995605469, 55.4319877625, 78.5301513672, -3.05850982666, 70.8286361694, 172.740371704, 22.0414543152], [28.8386802673, -188.565826416, -191.895263672, -33.2940254211, 77.9835357666, 83.1113891602, 40.8370513916, -2.39716982841, -3.61476206779, 65.2027053833, -32.6248016357, 22.0414543152, 151.147171021]],
