{
"lowlevel": {
    "average_loudness": 0.00107825151645,
    "barkbands_crest": {
        "dmean": 2.25525689125,
        "dmean2": 3.59942293167,
        "dvar": 4.67980337143,
        "dvar2": 12.4568796158,
        "max": 26.844499588,
        "mean": 11.2800235748,
        "median": 10.206445694,
        "min": 3.26522397995,
        "var": 21.3926315308
    },
    "barkbands_flatness_db": {
        "dmean": 0.0176062379032,
        "dmean2": 0.0273601561785,
        "dvar": 0.000353826326318,
        "dvar2": 0.000927490589675,
        "max": 0.620091021061,
        "mean": 0.254711210728,
        "median": 0.241299703717,
        "min": 0.0697103217244,
        "var": 0.00560305360705
    },
    "barkbands_kurtosis": {
        "dmean": 6.84342813492,
        "dmean2": 11.6683197021,
        "dvar": 6432.18310547,
        "dvar2": 17867.4804688,
        "max": 7507.25439453,
        "mean": 8.66593170166,
        "median": 1.86254072189,
        "min": -1.93093705177,
        "var": 6613.70898438
    },
    "barkbands_skewness": {
        "dmean": 0.528920829296,
        "dmean2": 0.848938643932,
        "dvar": 1.1340482235,
        "dvar2": 3.1128821373,
        "max": 63.2977752686,
        "mean": 1.01690948009,
        "median": 0.881810307503,
        "min": -8.84987449646,
        "var": 3.58005785942
    },
    "barkbands_spread": {
        "dmean": 1.8301769495,
        "dmean2": 2.89446926117,
        "dvar": 4.10515356064,
        "dvar2": 10.6371822357,
        "max": 41.2752990723,
        "mean": 8.3871383667,
        "median": 7.55401802063,
        "min": 0.0221522822976,
        "var": 25.6181049347
    },
    "dissonance": {
        "dmean": 0.0373850241303,
        "dmean2": 0.0631221830845,
        "dvar": 0.00118395162281,
        "dvar2": 0.00329463975504,
        "max": 0.500000059605,
        "mean": 0.396288633347,
        "median": 0.412362635136,
        "min": 0.061744812876,
        "var": 0.00496633909643
    },
    "dynamic_complexity": 8.74741268158,
    "erbbands_crest": {
        "dmean": 2.59875392914,
        "dmean2": 4.05188703537,
        "dvar": 6.08744907379,
        "dvar2": 15.1974849701,
        "max": 34.5997390747,
        "mean": 12.8540706635,
        "median": 11.5742025375,
        "min": 2.24804449081,
        "var": 31.1100215912
    },
    "erbbands_flatness_db": {
        "dmean": 0.0139934355393,
        "dmean2": 0.0207102466375,
        "dvar": 0.000159005721798,
        "dvar2": 0.000358955410775,
        "max": 0.548908889294,
        "mean": 0.285480290651,
        "median": 0.276511877775,
        "min": 0.0447344183922,
        "var": 0.00458391569555
    },
    "erbbands_kurtosis": {
        "dmean": 1.42693543434,
        "dmean2": 2.16643953323,
        "dvar": 5.87131166458,
        "dvar2": 13.2138366699,
        "max": 146.361465454,
        "mean": 2.49369287491,
        "median": 0.888795733452,
        "min": -1.64560031891,
        "var": 36.5916290283
    },
    "erbbands_skewness": {
        "dmean": 0.349210858345,
        "dmean2": 0.525137484074,
        "dvar": 0.101038552821,
        "dvar2": 0.242064714432,
        "max": 6.00803756714,
        "mean": 0.73845744133,
        "median": 0.720698952675,
        "min": -5.38410568237,
        "var": 0.967975974083
    },
    "erbbands_spread": {
        "dmean": 2.93074798584,
        "dmean2": 4.52383041382,
        "dvar": 10.1515426636,
        "dvar2": 25.9930591583,
        "max": 116.149467468,
        "mean": 15.381102562,
        "median": 14.0089483261,
        "min": 0.235222548246,
        "var": 89.2665481567
    },
    "hfc": {
        "dmean": 1.51302647591,
        "dmean2": 2.30488038063,
        "dvar": 18.6771087646,
        "dvar2": 46.2693901062,
        "max": 219.702331543,
        "mean": 7.25512123108,
        "median": 1.55921339989,
        "min": 1.15189744268e-16,
        "var": 224.21282959
    },
    "melbands_crest": {
        "dmean": 2.69545269012,
        "dmean2": 4.26136302948,
        "dvar": 6.87332057953,
        "dvar2": 17.8693523407,
        "max": 39.6026878357,
        "mean": 14.1928071976,
        "median": 12.8032646179,
        "min": 1.87338387966,
        "var": 35.4098587036
    },
    "melbands_flatness_db": {
        "dmean": 0.0174581520259,
        "dmean2": 0.0260771289468,
        "dvar": 0.000301992113236,
        "dvar2": 0.000725985213649,
        "max": 0.691624581814,
        "mean": 0.330741018057,
        "median": 0.318656742573,
        "min": 0.00420271558687,
        "var": 0.00828036107123
    },
    "melbands_kurtosis": {
        "dmean": 7.297976017,
        "dmean2": 12.1461982727,
        "dvar": 4928.57666016,
        "dvar2": 13981.8496094,
        "max": 3529.65112305,
        "mean": 11.1947650909,
        "median": 3.18332409859,
        "min": -1.93921709061,
        "var": 7565.31445312
    },
    "melbands_skewness": {
        "dmean": 0.494645148516,
        "dmean2": 0.768510639668,
        "dvar": 0.894860684872,
        "dvar2": 2.49300742149,
        "max": 42.0652503967,
        "mean": 1.42546641827,
        "median": 1.25101196766,
        "min": -8.32555389404,
        "var": 3.91610527039
    },
    "melbands_spread": {
        "dmean": 2.30765390396,
        "dmean2": 3.53176236153,
        "dvar": 6.82119846344,
        "dvar2": 16.1654949188,
        "max": 132.681274414,
        "mean": 11.2279558182,
        "median": 10.0456256866,
        "min": 0.067718937993,
        "var": 48.0764503479
    },
    "pitch_salience": {
        "dmean": 0.0605022087693,
        "dmean2": 0.097003929317,
        "dvar": 0.002937305253,
        "dvar2": 0.0076630464755,
        "max": 0.863859295845,
        "mean": 0.53287345171,
        "median": 0.545616149902,
        "min": 0.0172394253314,
        "var": 0.0144296009094
    },
    "silence_rate_20dB": {
        "dmean": 0,
        "dmean2": 0,
        "dvar": 0,
        "dvar2": 0,
        "max": 1,
        "mean": 1,
        "median": 1,
        "min": 1,
        "var": 0
    },
    "silence_rate_30dB": {
        "dmean": 0.00480192061514,
        "dmean2": 0.00960419047624,
        "dvar": 0.00477900495753,
        "dvar2": 0.0114031974226,
        "max": 1,
        "mean": 0.984939992428,
        "median": 1,
        "min": 0,
        "var": 0.0148331737146
    },
    "silence_rate_60dB": {
        "dmean": 0.0307031907141,
        "dmean2": 0.0614086128771,
        "dvar": 0.0297531671822,
        "dvar2": 0.0668171495199,
        "max": 1,
        "mean": 0.492833763361,
        "median": 0,
        "min": 0,
        "var": 0.249953195453
    },
    "spectral_centroid": {
        "dmean": 71.1240158081,
        "dmean2": 109.24822998,
        "dvar": 11415.7294922,
        "dvar2": 22489.9316406,
        "max": 11021.8867188,
        "mean": 659.89465332,
        "median": 603.662109375,
        "min": 142.40234375,
        "var": 84298.5078125
    },
    "spectral_complexity": {
        "dmean": 1.1312161684,
        "dmean2": 1.92345750332,
        "dvar": 1.49476206303,
        "dvar2": 3.93743681908,
        "max": 37,
        "mean": 8.16995239258,
        "median": 6,
        "min": 0,
        "var": 47.8701019287
    },
    "spectral_decrease": {
        "dmean": 6.19851614481e-10,
        "dmean2": 9.38182198595e-10,
        "dvar": 2.75523770438e-18,
        "dvar2": 7.0197119313e-18,
        "max": -1.08810452728e-30,
        "mean": -2.97008662109e-09,
        "median": -8.43106917614e-10,
        "min": -8.33609590245e-08,
        "var": 3.43448302008e-17
    },
    "spectral_energy": {
        "dmean": 0.00246172817424,
        "dmean2": 0.00372435990721,
        "dvar": 4.33055065514e-05,
        "dvar2": 0.000110056549602,
        "max": 0.331410348415,
        "mean": 0.0118678901345,
        "median": 0.00333341467194,
        "min": 1.04521475915e-20,
        "var": 0.000548590382095
    },
    "spectral_energyband_high": {
        "dmean": 7.47692229197e-06,
        "dmean2": 1.24341995615e-05,
        "dvar": 8.72226568749e-10,
        "dvar2": 2.3904549451e-09,
        "max": 0.00124907551799,
        "mean": 2.38694010477e-05,
        "median": 8.03784587333e-07,
        "min": 7.59841082887e-21,
        "var": 5.50589485115e-09
    },
    "spectral_energyband_low": {
        "dmean": 0.000415670801885,
        "dmean2": 0.000622839957941,
        "dvar": 2.26960673899e-06,
        "dvar2": 5.64780566492e-06,
        "max": 0.0752528458834,
        "mean": 0.00109118537512,
        "median": 0.000212652390474,
        "min": 1.13422080165e-22,
        "var": 9.25813765207e-06
    },
    "spectral_energyband_middle_high": {
        "dmean": 0.000900196959265,
        "dmean2": 0.00138927658554,
        "dvar": 9.29704401642e-06,
        "dvar2": 2.35893494391e-05,
        "max": 0.110796585679,
        "mean": 0.00267289252952,
        "median": 0.000381119258236,
        "min": 1.68434551257e-21,
        "var": 4.15910762968e-05
    },
    "spectral_energyband_middle_low": {
        "dmean": 0.00205872394145,
        "dmean2": 0.0031143031083,
        "dvar": 3.27031084453e-05,
        "dvar2": 8.40357752168e-05,
        "max": 0.262948453426,
        "mean": 0.00835608877242,
        "median": 0.00229374505579,
        "min": 2.13367992688e-22,
        "var": 0.000291116768494
    },
    "spectral_entropy": {
        "dmean": 0.125995874405,
        "dmean2": 0.187732115388,
        "dvar": 0.0146874375641,
        "dvar2": 0.0323677212,
        "max": 9.80731105804,
        "mean": 6.31569910049,
        "median": 6.45822763443,
        "min": 3.20155096054,
        "var": 0.468991279602
    },
    "spectral_flux": {
        "dmean": 0.00700849387795,
        "dmean2": 0.0118190646172,
        "dvar": 9.50865578488e-05,
        "dvar2": 0.000269678217592,
        "max": 0.350852787495,
        "mean": 0.0312517136335,
        "median": 0.0194779075682,
        "min": 1.02235747645e-10,
        "var": 0.00106716714799
    },
    "spectral_kurtosis": {
        "dmean": 9.95184707642,
        "dmean2": 17.1991920471,
        "dvar": 141.188262939,
        "dvar2": 406.826751709,
        "max": 283.371917725,
        "mean": 30.4185276031,
        "median": 18.6371498108,
        "min": -1.23208093643,
        "var": 1005.98913574
    },
    "spectral_rms": {
        "dmean": 0.000269765179837,
        "dmean2": 0.000397860043449,
        "dvar": 1.40792622005e-07,
        "dvar2": 3.40676848509e-07,
        "max": 0.0179813001305,
        "mean": 0.00251492881216,
        "median": 0.00180336134508,
        "min": 3.1933080312e-12,
        "var": 5.25349878444e-06
    },
    "spectral_rolloff": {
        "dmean": 119.037277222,
        "dmean2": 207.858047485,
        "dvar": 47483.5234375,
        "dvar2": 98977.53125,
        "max": 18733.8867188,
        "mean": 778.693054199,
        "median": 732.12890625,
        "min": 21.533203125,
        "var": 154589.28125
    },
    "spectral_skewness": {
        "dmean": 0.631110191345,
        "dmean2": 1.08920276165,
        "dvar": 0.375052154064,
        "dvar2": 1.08151400089,
        "max": 13.7869176865,
        "mean": 3.67232584953,
        "median": 3.05805540085,
        "min": -0.0142656741664,
        "var": 3.95159912109
    },
    "spectral_spread": {
        "dmean": 230023.890625,
        "dmean2": 391736.46875,
        "dvar": 83318882304,
        "dvar2": 168005222400,
        "max": 40474788,
        "mean": 2009860,
        "median": 1915510.875,
        "min": 373739.5,
        "var": 790278045696
    },
    "spectral_strongpeak": {
        "dmean": 0.318054109812,
        "dmean2": 0.525469660759,
        "dvar": 0.43334326148,
        "dvar2": 1.11141693592,
        "max": 13.3110275269,
        "mean": 0.826603293419,
        "median": 0.461681872606,
        "min": 0,
        "var": 1.18890714645
    },
    "zerocrossingrate": {
        "dmean": 0.00280048092827,
        "dmean2": 0.00360221113078,
        "dvar": 1.47167511386e-05,
        "dvar2": 1.81736068043e-05,
        "max": 0.50732421875,
        "mean": 0.0291040856391,
        "median": 0.02783203125,
        "min": 0,
        "var": 0.000147357757669
    },
    "barkbands": {
        "dmean": [4.93496117997e-05, 0.000124849728309, 0.000261641951511, 0.000266534130787, 0.000684440659825, 0.000815257197246, 0.000745418365113, 0.000500407477375, 0.000411305227317, 0.000311027513817, 0.000274927297141, 0.000331169227138, 0.000200209833565, 0.00012268795399, 0.000119863558211, 5.46021256014e-05, 5.51488592464e-05, 2.88219071081e-05, 2.1675537937e-05, 1.03366110125e-05, 4.26852420787e-06, 1.60666843385e-06, 5.69491646729e-07, 2.59637147337e-07, 1.43657871376e-07, 4.48815811183e-08, 5.17549003654e-10],
        "dmean2": [8.59574283822e-05, 0.000182603107532, 0.00038893945748, 0.000429765030276, 0.00109761592466, 0.00124561937992, 0.00111322582234, 0.000728370680008, 0.000555887876544, 0.000463702715933, 0.000423779332777, 0.000520893081557, 0.000303895241814, 0.000194597363588, 0.000194969150471, 9.21578539419e-05, 9.12734685699e-05, 4.79638292745e-05, 3.65709674952e-05, 1.737320963e-05, 7.11676602805e-06, 2.66643041869e-06, 9.29662064664e-07, 4.20633398335e-07, 2.29910966709e-07, 7.28541778017e-08, 9.64760049627e-10],
        "dvar": [5.99621063913e-09, 1.01626795868e-07, 1.39541361932e-06, 1.40705253671e-06, 7.69349662733e-06, 6.07859192314e-06, 8.72905548022e-06, 3.10574660034e-06, 1.83095721695e-06, 1.77081471975e-06, 3.00781130136e-06, 2.64158893515e-06, 1.0273714679e-06, 4.79687685129e-07, 2.9559697623e-07, 5.81520964715e-08, 8.89792772796e-08, 1.79151626867e-08, 7.79619124813e-09, 1.83268689113e-09, 3.99619837221e-10, 7.24078089154e-11, 8.65752955437e-12, 1.55314628346e-12, 3.75664831274e-13, 3.59688475293e-14, 2.70320514872e-18],
        "dvar2": [1.57749582286e-08, 2.31988025234e-07, 3.33285629495e-06, 4.02848627346e-06, 2.28631015489e-05, 1.55275138241e-05, 2.03954823519e-05, 6.74371267451e-06, 3.44584145751e-06, 4.02597424909e-06, 7.86793316365e-06, 6.67274025545e-06, 2.62570461018e-06, 1.24041150684e-06, 7.56819815706e-07, 1.62397711279e-07, 2.26709204298e-07, 4.92235514571e-08, 2.17747988529e-08, 4.86080997675e-09, 1.10099318551e-09, 1.9544814378e-10, 2.16869577851e-11, 3.94015852931e-12, 9.47420419027e-13, 9.12732414063e-14, 8.99699205983e-18],
        "max": [0.00562636740506, 0.0183241330087, 0.0574341639876, 0.0671454146504, 0.102342218161, 0.151733711362, 0.226910024881, 0.0980839952826, 0.0689770504832, 0.0652000904083, 0.092491582036, 0.0683818385005, 0.0474388338625, 0.0341183170676, 0.0248708426952, 0.00967410765588, 0.0194692667574, 0.00548546155915, 0.00290810829028, 0.0022852611728, 0.000943038321566, 0.000491285754833, 0.000234124599956, 8.47209012136e-05, 4.24231802754e-05, 8.6383352027e-06, 3.55552458586e-08],
        "mean": [4.71090170322e-05, 0.000322430481901, 0.000558560132049, 0.00049159664195, 0.00141639413778, 0.00224232650362, 0.00182125600986, 0.00108251965139, 0.00110872706864, 0.000625836837571, 0.000471884413855, 0.000559051637538, 0.00036748527782, 0.000222355913138, 0.000205239120987, 9.51343463385e-05, 9.6522126114e-05, 5.28652490175e-05, 4.27396917075e-05, 2.17490542127e-05, 9.37253480515e-06, 3.74086721422e-06, 1.55414056735e-06, 7.82343306582e-07, 4.88596128889e-07, 1.29736093868e-07, 4.98711738572e-10],
        "median": [2.21425943892e-05, 5.90245326748e-05, 5.14805651619e-05, 4.01963552576e-05, 0.000283394008875, 0.000349862209987, 0.000197322602617, 9.44009952946e-05, 0.000122245866805, 6.10063289059e-05, 3.44546460838e-05, 3.9986189222e-05, 1.69346822076e-05, 8.6822474259e-06, 7.53007770982e-06, 4.59336115455e-06, 3.1955319173e-06, 1.46574461724e-06, 1.10526536901e-06, 6.19252489287e-07, 2.47683090038e-07, 1.07496390456e-07, 4.46596786219e-08, 2.85014252199e-08, 2.59551384829e-08, 5.9130953467e-09, 1.39769765206e-10],
        "min": [3.0725987108e-23, 3.26227589783e-23, 2.49772453027e-23, 3.99961661288e-23, 2.66170536218e-23, 3.97864174804e-23, 2.22432774417e-23, 2.77922070905e-23, 4.44431738445e-23, 8.22189458051e-23, 6.66031728181e-23, 9.77175003725e-23, 6.84766038721e-23, 1.38522170043e-22, 1.15007337175e-22, 1.26341892609e-22, 2.92019292961e-22, 2.99735210895e-22, 2.76643851182e-22, 2.86221657557e-22, 2.8859036073e-22, 5.79927270076e-22, 5.94173618396e-22, 9.91118177023e-22, 1.21319193769e-21, 1.59059834282e-21, 2.41344241658e-21],
        "var": [7.26449123079e-09, 6.5708297825e-07, 4.91096125188e-06, 3.53267637365e-06, 1.70073726622e-05, 3.64934639947e-05, 3.75112213078e-05, 1.00970646599e-05, 9.85590122582e-06, 4.89830699735e-06, 5.21311176271e-06, 5.16278078067e-06, 2.47045727519e-06, 1.16843330034e-06, 6.42885424895e-07, 1.22059532259e-07, 2.26806093906e-07, 4.15200034354e-08, 2.01732675009e-08, 5.63059643355e-09, 1.25477406243e-09, 2.36404923415e-10, 3.58968479941e-11, 8.10620928021e-12, 2.54794687952e-12, 1.81987576593e-13, 2.00009190868e-18]
    },
    "erbbands": {
        "dmean": [0.00190059281886, 0.0365807451308, 0.245745033026, 0.542714118958, 1.71529209614, 2.42528367043, 4.44920969009, 7.72826814651, 9.97153759003, 9.59954929352, 11.5525856018, 8.69887638092, 9.10015678406, 12.5462188721, 6.91183137894, 14.9706163406, 8.78609371185, 6.44566249847, 6.18015146255, 3.94917917252, 3.5108628273, 2.20575737953, 1.74400126934, 1.04527199268, 1.01747739315, 0.40726813674, 0.242483586073, 0.0885205790401, 0.0633059889078, 0.0282255541533, 0.0150400083512, 0.00751943560317, 0.00393111491576, 0.00195707147941, 0.00106862816028, 0.00033169722883, 4.95584972668e-05, 1.16586693366e-06, 1.21132529785e-06, 2.79776600109e-06],
        "dmean2": [0.00283101992682, 0.0538073405623, 0.366517156363, 0.852462887764, 2.92591333389, 3.85875916481, 6.59520339966, 11.8526220322, 14.9435081482, 14.1055383682, 16.4566841125, 12.0010595322, 13.0540180206, 19.1598167419, 10.6985731125, 23.4799785614, 13.3416423798, 10.1609945297, 9.95661830902, 6.50511598587, 5.87179136276, 3.67848706245, 2.9141125679, 1.74049460888, 1.71829211712, 0.679175913334, 0.402896881104, 0.148081213236, 0.104329891503, 0.0469265542924, 0.0245107505471, 0.0122033627704, 0.00638348888606, 0.00315879657865, 0.00173751427792, 0.000537107349373, 8.05182862678e-05, 1.90461400962e-06, 1.82512394531e-06, 4.22929315391e-06],
        "dvar": [1.75323275471e-05, 0.0100691113621, 1.09751439095, 4.85334634781, 110.419219971, 68.9074325562, 175.409835815, 585.887573242, 1536.98596191, 1443.63867188, 1382.87854004, 908.525634766, 1572.95483398, 3888.24072266, 911.495727539, 6392.03710938, 1572.89160156, 1111.3560791, 769.856872559, 331.216339111, 242.789627075, 101.100593567, 74.5321960449, 19.8406448364, 18.6137886047, 2.43959355354, 1.18545985222, 0.160884261131, 0.109585374594, 0.0272309519351, 0.00754361227155, 0.00132895028219, 0.000378145457944, 9.95224545477e-05, 1.89175807463e-05, 1.88362162135e-06, 5.69136844319e-08, 2.25533758336e-11, 1.03132198961e-11, 5.57512126742e-11],
        "dvar2": [3.81461177312e-05, 0.0236913990229, 2.62013554573, 13.5459299088, 351.436218262, 200.306762695, 401.403991699, 1530.50219727, 3534.3671875, 3224.92407227, 3010.76074219, 1802.46801758, 3192.82910156, 10134.8955078, 2308.30761719, 16197.6962891, 3971.36303711, 2874.77294922, 1922.7512207, 899.147705078, 662.249145508, 260.657501221, 209.266876221, 55.8903808594, 51.006439209, 6.54280376434, 3.27558112144, 0.440467059612, 0.287198126316, 0.0722936093807, 0.0191505439579, 0.00334539520554, 0.000985638005659, 0.000240796012804, 5.07221011503e-05, 4.85351938551e-06, 1.47725074839e-07, 5.87763865356e-11, 2.59035778938e-11, 1.41279654642e-10],
        "max": [0.263429373503, 5.02805757523, 49.281047821, 142.051193237, 415.901489258, 231.408187866, 573.695373535, 1362.96203613, 3463.39111328, 2604.03735352, 1765.39196777, 1817.5838623, 1936.42553711, 2866.28637695, 1357.00622559, 3521.10229492, 1742.22253418, 1919.43713379, 1468.78027344, 859.368347168, 671.745483398, 576.24621582, 387.011779785, 207.794723511, 193.520507812, 66.5120773315, 50.0498275757, 18.1297836304, 15.9870586395, 12.8952140808, 9.62306213379, 2.96084499359, 1.29999530315, 0.868252038956, 0.213218837976, 0.0612968467176, 0.0134596964344, 0.000281160493614, 0.00016614193737, 0.000377888267394],
        "mean": [0.00523111410439, 0.0944355651736, 0.548825502396, 1.17599594593, 2.84027981758, 4.90430784225, 11.1910429001, 20.1350345612, 25.3000526428, 23.018699646, 28.2373504639, 23.3459129333, 20.4416294098, 25.2883872986, 14.0047473907, 25.2086277008, 17.0583305359, 12.5175971985, 11.5670223236, 7.36616849899, 6.64839076996, 4.3521065712, 3.34093427658, 2.20339870453, 2.10060572624, 0.942134916782, 0.551646947861, 0.221142157912, 0.144935458899, 0.0720427781343, 0.0398241393268, 0.021060436964, 0.0114203719422, 0.00599287590012, 0.00330908433534, 0.00107518583536, 0.000136998860398, 4.24061772719e-06, 6.15130329606e-06, 1.36363760248e-05],
        "median": [0.00121281901374, 0.0172939840704, 0.0648592859507, 0.138520941138, 0.308666706085, 0.98860514164, 2.10662436485, 3.19732117653, 3.33168983459, 2.84385967255, 2.60583353043, 2.96030902863, 2.8460483551, 2.57458758354, 1.6731505394, 1.67457866669, 1.04184794426, 0.648253381252, 0.569605946541, 0.433041036129, 0.308671295643, 0.193133354187, 0.102505944669, 0.064727909863, 0.0514110773802, 0.0278895460069, 0.0149259008467, 0.00679512228817, 0.00407215114683, 0.00217819912359, 0.00125356193166, 0.000716437934898, 0.000444310193416, 0.000290668045636, 0.000186707591638, 6.28018315183e-05, 4.64452114102e-06, 4.5470901e-07, 1.64747200415e-06, 3.77197147827e-06],
        "min": [2.07188811138e-21, 3.69887139497e-21, 1.86149985207e-20, 1.0822804639e-19, 7.30326810111e-20, 1.08102004744e-19, 1.99265547742e-19, 3.59413776015e-19, 3.39343918662e-19, 3.36426581889e-19, 7.49582592494e-19, 1.09874369746e-18, 1.3211205552e-18, 4.22938853405e-18, 2.25738126833e-18, 4.15299550935e-18, 4.19288960312e-18, 6.47261922365e-18, 5.87331735727e-18, 6.3098768148e-18, 7.97534790271e-18, 1.7505438015e-17, 1.6427672962e-17, 1.60146269406e-17, 1.18756633096e-17, 1.56929909943e-17, 1.32572633821e-17, 1.17538642731e-17, 1.92172684403e-17, 1.68853023641e-17, 1.77225133688e-17, 1.43991911808e-17, 2.088459324e-17, 1.15978116875e-17, 1.03093976469e-17, 5.085112668e-18, 2.99207771173e-18, 1.23593418699e-18, 3.34239309554e-19, 3.73412851455e-20],
        "var": [0.000167375357705, 0.0571680702269, 3.9218211174, 15.3069925308, 171.693328857, 165.033477783, 805.428283691, 3021.43847656, 6034.40625, 5578.49804688, 5693.63232422, 4067.34716797, 4719.81689453, 8348.72265625, 2131.71777344, 11537.9365234, 4010.86767578, 2699.91870117, 1997.85119629, 661.610351562, 596.039306641, 276.335418701, 167.720550537, 54.215297699, 51.2785682678, 8.40054416656, 3.78280425072, 0.581120371819, 0.346762835979, 0.0870551839471, 0.0248685646802, 0.00623693596572, 0.00176142889541, 0.000512333121151, 0.000104842227302, 1.10735054477e-05, 2.38957795773e-07, 1.44286249615e-10, 1.48198814331e-10, 7.2593181466e-10]
    },
    "gfcc": {
        "mean": [-201.848144531, 178.567474365, -133.154846191, -6.6092209816, -58.0819625854, -7.35525941849, -31.1773014069, -1.80285644531, -15.5115804672, -4.34160089493, -1.38445281982, -7.49496984482, 5.21163702011],
        "cov": [[16582.4511719, -555.047607422, -3101.09008789, 384.909637451, -215.48298645, -443.779754639, -525.374206543, -123.076576233, -405.636657715, -70.1958847046, -288.89541626, -414.134490967, -437.339050293], [-555.047607422, 1166.55065918, 480.915130615, -257.316986084, 319.770721436, -107.735794067, 96.0191802979, -216.007919312, 89.3367462158, -129.521057129, 20.358165741, -142.962005615, 26.6530723572], [-3101.09008789, 480.915130615, 1353.40588379, 147.504837036, 173.571731567, 83.5233078003, 85.0450286865, -49.7457542419, 9.22109889984, -68.4721984863, -38.1535644531, 8.95490837097, 21.0151863098], [384.909637451, -257.316986084, 147.504837036, 867.579162598, 112.09702301, 59.702293396, 6.64136743546, 48.901348114, -126.839874268, -90.5569152832, -117.334831238, -62.234916687, -97.8916320801], [-215.48298645, 319.770721436, 173.571731567, 112.09702301, 310.848083496, 71.1657104492, 67.1591033936, -54.7628059387, 7.20170974731, -47.4216423035, -28.593706131, -51.5944862366, -17.9473056793], [-443.779754639, -107.735794067, 83.5233078003, 59.702293396, 71.1657104492, 208.485610962, 90.6831588745, 42.947052002, -33.6419334412, -2.9280154705, -24.9170761108, 27.1090393066, -2.8924946785], [-525.374206543, 96.0191802979, 85.0450286865, 6.64136743546, 67.1591033936, 90.6831588745, 181.474975586, 46.0239067078, 23.085111618, -21.6657466888, 10.5158166885, 12.7997055054, 18.5875606537], [-123.076576233, -216.007919312, -49.7457542419, 48.901348114, -54.7628059387, 42.947052002, 46.0239067078, 148.020050049, 37.7127723694, 42.8829841614, -0.371586501598, 34.6390724182, -1.18532407284], [-405.636657715, 89.3367462158, 9.22109889984, -126.839874268, 7.20170974731, -33.6419334412, 23.085111618, 37.7127723694, 154.273712158, 72.518737793, 58.3741493225, 5.21208524704, 15.9577875137], [-70.1958847046, -129.521057129, -68.4721984863, -90.5569152832, -47.4216423035, -2.9280154705, -21.6657466888, 42.8829841614, 72.518737793, 137.500274658, 70.8267974854, 35.3118858337, -4.38113641739], [-288.89541626, 20.358165741, -38.1535644531, -117.334831238, -28.593706131, -24.9170761108, 10.5158166885, -0.371586501598, 58.3741493225, 70.8267974854, 130.128509521, 56.6879615784, 25.5952453613], [-414.134490967, -142.962005615, 8.95490837097, -62.234916687, -51.5944862366, 27.1090393066, 12.7997055054, 34.6390724182, 5.21208524704, 35.3118858337, 56.6879615784, 124.570022583, 64.6422424316], [-437.339050293, 26.6530723572, 21.0151863098, -97.8916320801, -17.9473056793, -2.8924946785, 18.5875606537, -1.18532407284, 15.9577875137, -4.38113641739, 25.5952453613, 64.6422424316, 111.686431885]],
        "icov": [[0.000187390876818, -0.000406555103837, 0.000526171294041, -0.000167419872014, 0.000148475635797, 8.31897268654e-05, 0.000286137743387, -0.000192470892216, 0.000532332924195, -0.000439812545665, 0.000542080320884, -0.000314833974699, 0.000526084331796], [-0.000406555103837, 0.00614248309284, -0.00254306290299, 0.00227305991575, -0.00414341408759, 0.0031137347687, -0.00322672934271, 0.0035021926742, -0.002780912444, 0.0048093101941, -0.00403687451035, 0.00585496006534, -0.00247564446181], [0.000526171294041, -0.00254306290299, 0.00272287544794, -0.00116799201351, 0.00123082159553, -0.00086186255794, 0.00124327209778, -0.000712943729013, 0.00129429216031, -0.00199263705872, 0.00270015839487, -0.00286978832446, 0.0018712580204], [-0.000167419872014, 0.00227305991575, -0.00116799201351, 0.00265070958994, -0.0023985079024, 0.00149118469562, -0.000872680451721, -0.000436561182141, 0.000493989267852, 0.00227990397252, -0.00130130024627, 0.00217703240924, 0.000195897038793], [0.000148475635797, -0.00414341408759, 0.00123082159553, -0.0023985079024, 0.00834823213518, -0.00453273067251, 0.000789670331869, 0.00100890442263, -0.000954026763793, -0.00236318539828, 0.00269842660055, -0.00266145565547, 0.00130535638891], [8.31897268654e-05, 0.0031137347687, -0.00086186255794, 0.00149118469562, -0.00453273067251, 0.0111212544143, -0.00567611446604, 0.000262474291958, 0.00298245041631, -0.00108852179255, 0.00149717915338, -2.22260277951e-05, 0.000759860617109], [0.000286137743387, -0.00322672934271, 0.00124327209778, -0.000872680451721, 0.000789670331869, -0.00567611446604, 0.0120658492669, -0.00600890349597, -0.000142499251524, 0.00245138886385, -0.00199464755133, -0.00105745380279, -1.46267138916e-05], [-0.000192470892216, 0.0035021926742, -0.000712943729013, -0.000436561182141, 0.00100890442263, 0.000262474291958, -0.00600890349597, 0.0160922557116, -0.00676682498306, -0.00071678776294, 0.00321960798465, -0.00158449064475, 0.000619780039415], [0.000532332924195, -0.002780912444, 0.00129429216031, 0.000493989267852, -0.000954026763793, 0.00298245041631, -0.000142499251524, -0.00676682498306, 0.0164483357221, -0.00841809529811, -0.000731442705728, 0.00208532204852, -0.000906273955479], [-0.000439812545665, 0.0048093101941, -0.00199263705872, 0.00227990397252, -0.00236318539828, -0.00108852179255, 0.00245138886385, -0.00071678776294, -0.00841809529811, 0.0209098607302, -0.0103539936244, 0.00298100174405, 0.00135030061938], [0.000542080320884, -0.00403687451035, 0.00270015839487, -0.00130130024627, 0.00269842660055, 0.00149717915338, -0.00199464755133, 0.00321960798465, -0.000731442705728, -0.0103539936244, 0.0206343140453, -0.0122467083856, 0.00433368282393], [-0.000314833974699, 0.00585496006534, -0.00286978832446, 0.00217703240924, -0.00266145565547, -2.22260277951e-05, -0.00105745380279, -0.00158449064475, 0.00208532204852, 0.00298100174405, -0.0122467083856, 0.025667546317, -0.0126813929528], [0.000526084331796, -0.00247564446181, 0.0018712580204, 0.000195897038793, 0.00130535638891, 0.000759860617109, -1.46267138916e-05, 0.000619780039415, -0.000906273955479, 0.00135030061938, 0.00433368282393, -0.0126813929528, 0.0181915983558]]
    },
    "melbands": {
        "dmean": [2.62884805124e-05, 9.9729244539e-05, 0.00012364788563, 0.00014365275274, 0.00014099238615, 0.000167992184288, 0.000155108049512, 0.000102139987575, 9.38846205827e-05, 5.70024858462e-05, 4.6114455472e-05, 5.09649689775e-05, 2.74773265119e-05, 3.34788055625e-05, 3.17836675094e-05, 2.06181412068e-05, 1.11032031782e-05, 9.72906036623e-06, 9.53577182372e-06, 3.5473490243e-06, 4.75763181385e-06, 2.93721109301e-06, 1.57978706739e-06, 1.50017774558e-06, 9.12539576348e-07, 8.36926858483e-07, 6.03791988851e-07, 2.5562539463e-07, 1.86402033364e-07, 1.17162564095e-07, 4.60173552597e-08, 4.42105907439e-08, 2.56409844468e-08, 1.59814526057e-08, 1.02277173397e-08, 7.84310838498e-09, 4.7780699397e-09, 3.51323481418e-09, 2.62070409818e-09, 1.77404080315e-09],
        "dmean2": [3.83160077035e-05, 0.000148292238009, 0.000200443857466, 0.000234722261666, 0.00021164289501, 0.000256759260083, 0.000232871359913, 0.000150244726683, 0.000132158937049, 7.81609414844e-05, 6.61349113216e-05, 7.77368695708e-05, 4.24715653935e-05, 5.26464827999e-05, 4.87696779601e-05, 3.14818607876e-05, 1.76944740815e-05, 1.56757560035e-05, 1.5562020053e-05, 5.93587856201e-06, 7.95975574874e-06, 4.88214072902e-06, 2.66418192041e-06, 2.50199536822e-06, 1.52324321334e-06, 1.40845406804e-06, 1.02392584722e-06, 4.26341188131e-07, 3.1047696325e-07, 1.94146252852e-07, 7.71854047343e-08, 7.30294615892e-08, 4.20302725956e-08, 2.67807589438e-08, 1.68584612936e-08, 1.2864062704e-08, 7.87970666494e-09, 5.79605030637e-09, 4.32840874254e-09, 2.91048629641e-09],
        "dvar": [3.58218432694e-09, 1.55567121851e-07, 3.28802059357e-07, 4.42012577651e-07, 1.64378349155e-07, 2.70424152404e-07, 3.65899438748e-07, 1.58645050874e-07, 9.49787093418e-08, 4.15864249703e-08, 4.06098692451e-08, 5.90291620028e-08, 2.30980994331e-08, 2.8335149338e-08, 2.60869246205e-08, 1.43416096776e-08, 4.18815293557e-09, 2.41561060044e-09, 2.31210761648e-09, 2.24807172877e-10, 5.14321696343e-10, 2.2306273495e-10, 6.45582198811e-11, 5.23566051625e-11, 1.76684378933e-11, 1.30595595102e-11, 7.45554833148e-12, 1.12495581427e-12, 8.024547281e-13, 3.66565800066e-13, 5.56086548879e-14, 5.43449732101e-14, 3.09968183391e-14, 9.36319113741e-15, 3.38676764246e-15, 1.40444055413e-15, 6.19555261247e-16, 3.46208438276e-16, 1.68641864283e-16, 7.83132715539e-17],
        "dvar2": [7.93382071151e-09, 3.73143620891e-07, 9.84616235655e-07, 1.32333366309e-06, 3.79693119612e-07, 6.96846200299e-07, 8.60343504883e-07, 3.5116414665e-07, 2.04826875461e-07, 8.1622708592e-08, 8.25557080475e-08, 1.53138870473e-07, 6.03469203497e-08, 7.10089125278e-08, 6.51688836228e-08, 3.75137609865e-08, 1.09327533693e-08, 6.15686790439e-09, 6.13003114935e-09, 6.25919649444e-10, 1.38404920857e-09, 5.6603877141e-10, 1.83033768697e-10, 1.38685091189e-10, 5.07080141765e-11, 3.59960915242e-11, 1.98563075704e-11, 3.06967407222e-12, 2.25574788883e-12, 9.71764010406e-13, 1.55915346823e-13, 1.44920628774e-13, 8.11513332119e-14, 2.50649009198e-14, 8.81259346367e-15, 3.66847851873e-15, 1.58511067007e-15, 9.20576265262e-16, 4.59209859689e-16, 1.95627500185e-16],
        "max": [0.00380062195472, 0.0186204425991, 0.0300674531609, 0.0237129684538, 0.0171635951847, 0.0301248654723, 0.0482826977968, 0.0230030417442, 0.0180487297475, 0.0127842472866, 0.00981483981013, 0.0114844832569, 0.00800201203674, 0.0063614952378, 0.00589101202786, 0.00636855373159, 0.00354233360849, 0.00308672455139, 0.00217119464651, 0.000686711166054, 0.00105228356551, 0.000953493698034, 0.000427121442044, 0.00032410401036, 0.000203674295335, 0.000127382896608, 0.000144314108184, 4.42429227405e-05, 4.76507739222e-05, 2.73733676295e-05, 1.14973354357e-05, 1.27267621792e-05, 1.85119861271e-05, 6.42108579996e-06, 5.91340449319e-06, 1.97746840058e-06, 2.09513541449e-06, 1.14053932521e-06, 9.65812546383e-07, 6.71827649512e-07],
        "mean": [7.12481632945e-05, 0.000234951148741, 0.000257663370576, 0.000270157615887, 0.000358742952812, 0.000450066028861, 0.000394627481, 0.000239761793637, 0.000230355173699, 0.000146859150846, 0.000100039214885, 0.000101503057522, 5.09818964929e-05, 5.84121517022e-05, 5.33837555849e-05, 3.78824006475e-05, 2.03834115382e-05, 1.75727436726e-05, 1.59268238349e-05, 6.2976719164e-06, 8.36748404254e-06, 5.17922262588e-06, 2.85895157504e-06, 2.67700966106e-06, 1.68249493981e-06, 1.57840383963e-06, 1.19105175145e-06, 4.99819861943e-07, 3.7594216451e-07, 2.37221584598e-07, 9.21440843626e-08, 9.05393875428e-08, 5.43548885901e-08, 3.43880870446e-08, 2.3151294215e-08, 1.77927539369e-08, 1.11014450965e-08, 8.38570723971e-09, 6.58405863163e-09, 4.47429782113e-09],
        "median": [1.6343592506e-05, 3.40984261129e-05, 2.90845764539e-05, 4.38190836576e-05, 7.45030702092e-05, 7.09870146238e-05, 5.11050893692e-05, 2.53823145613e-05, 1.81638279173e-05, 1.74083706952e-05, 1.30215903482e-05, 9.58179953159e-06, 4.98657118442e-06, 4.31268108514e-06, 2.28654698731e-06, 1.45460023759e-06, 8.77550633049e-07, 6.74235252518e-07, 5.69693156649e-07, 3.9665985696e-07, 2.94037647564e-07, 1.91587460563e-07, 8.93000446922e-08, 6.79392542224e-08, 4.72333496759e-08, 3.39171535302e-08, 2.89147941146e-08, 1.38392355353e-08, 1.01432346966e-08, 5.11734432607e-09, 3.11147574372e-09, 2.34381847264e-09, 1.49441925501e-09, 9.47259715112e-10, 6.85136392065e-10, 5.36459432432e-10, 3.4618596878e-10, 3.01377617307e-10, 2.64719163257e-10, 2.25482243987e-10],
        "min": [1.61341997521e-23, 8.08178215524e-24, 1.64044713869e-23, 7.27975910581e-24, 6.19786713988e-24, 7.57417225083e-24, 5.09124438456e-24, 4.28704684005e-24, 6.02116860799e-24, 6.89157564271e-24, 5.76255239313e-24, 1.68551286894e-23, 7.64503404823e-24, 1.07644148928e-23, 8.8026558722e-24, 9.12373567126e-24, 1.23955591526e-23, 9.20752768775e-24, 9.18404566519e-24, 8.61114332138e-24, 9.21409258821e-24, 1.86245831428e-23, 1.4882348493e-23, 1.38431425795e-23, 1.30921485755e-23, 1.02380648088e-23, 7.70567615259e-24, 1.10045275863e-23, 7.78468688314e-24, 6.96667520089e-24, 6.75998812169e-24, 9.82080077725e-24, 1.33180909605e-23, 8.2922210569e-24, 1.02888003979e-23, 9.57006212738e-24, 7.90325346605e-24, 1.56601527238e-23, 1.02346821732e-23, 1.0148143343e-23],
        "var": [2.87673707078e-08, 5.81306835556e-07, 9.37625202369e-07, 8.51126173984e-07, 7.77071079483e-07, 1.50192374804e-06, 1.49951983985e-06, 5.66678409086e-07, 4.23275565709e-07, 1.7293157839e-07, 1.1931219035e-07, 1.31764181788e-07, 4.36085976219e-08, 5.9306817235e-08, 5.03909518557e-08, 3.43765336197e-08, 9.78523218009e-09, 6.16797235509e-09, 4.33930535948e-09, 4.67967387063e-10, 1.19841536694e-09, 5.77016212588e-10, 1.41062064807e-10, 1.2155390583e-10, 4.01725597232e-11, 3.20522740294e-11, 2.10509266269e-11, 2.84888952706e-12, 2.10879035588e-12, 1.05901236131e-12, 1.29638948231e-13, 1.49670491387e-13, 8.77947210374e-14, 2.23919732582e-14, 9.30164995863e-15, 4.85825657183e-15, 1.99253192952e-15, 1.11558739016e-15, 6.52959911346e-16, 2.98266399931e-16]
    },
    "mfcc": {
        "mean": [-827.99798584, 191.314483643, -4.31178283691, 1.22205328941, -6.8170838356, -9.4436416626, -4.7484126091, -4.74756622314, -4.15758991241, -1.7174346447, -4.22770833969, -0.908073544502, 2.98105192184],
        "cov": [[13450.2695312, 1364.94885254, -3268.68017578, 641.400268555, -458.35836792, -254.273406982, -285.043151855, -283.807739258, -325.585510254, -1.03687012196, -123.416755676, -146.783798218, -251.222839355], [1364.94885254, 1340.75634766, -242.818313599, -204.992904663, -6.02362346649, -72.1385955811, -80.7506942749, -139.112594604, -66.5651855469, -22.0301876068, -35.7456245422, -49.1701278687, -48.7494316101], [-3268.68017578, -242.818313599, 1391.36279297, 77.0408172607, 185.241119385, 154.686279297, 98.441368103, 91.4064178467, 75.9951095581, -15.7529535294, -11.1142215729, -26.5834064484, -10.1529922485], [641.400268555, -204.992904663, 77.0408172607, 646.508544922, 187.092895508, 64.3270797729, 77.9420013428, 30.9164581299, -7.65854215622, 12.4999055862, -31.519859314, -57.3222579956, -86.1817703247], [-458.35836792, -6.02362346649, 185.241119385, 187.092895508, 262.227996826, 125.51663208, 64.4106140137, 24.1594009399, 17.7693347931, 2.76960921288, -22.1673698425, -30.3687858582, -31.6532535553], [-254.273406982, -72.1385955811, 154.686279297, 64.3270797729, 125.51663208, 188.462295532, 103.804000854, 47.6936950684, 25.1349105835, -0.95284819603, -17.8556842804, -19.4174003601, -17.6770305634], [-285.043151855, -80.7506942749, 98.441368103, 77.9420013428, 64.4106140137, 103.804000854, 165.113739014, 95.5714645386, 27.4163780212, -7.5867638588, -25.6519031525, -14.4434690475, -7.00766181946], [-283.807739258, -139.112594604, 91.4064178467, 30.9164581299, 24.1594009399, 47.6936950684, 95.5714645386, 137.214309692, 67.8650131226, -2.47106218338, -21.1412181854, -9.74391937256, 2.22398328781], [-325.585510254, -66.5651855469, 75.9951095581, -7.65854215622, 17.7693347931, 25.1349105835, 27.4163780212, 67.8650131226, 106.880943298, 41.6562767029, -5.84718370438, -1.08251941204, 6.54774808884], [-1.03687012196, -22.0301876068, -15.7529535294, 12.4999055862, 2.76960921288, -0.95284819603, -7.5867638588, -2.47106218338, 41.6562767029, 94.7073669434, 54.5566215515, 13.1048202515, 3.65679764748], [-123.416755676, -35.7456245422, -11.1142215729, -31.519859314, -22.1673698425, -17.8556842804, -25.6519031525, -21.1412181854, -5.84718370438, 54.5566215515, 118.31867981, 67.326713562, 19.4894065857], [-146.783798218, -49.1701278687, -26.5834064484, -57.3222579956, -30.3687858582, -19.4174003601, -14.4434690475, -9.74391937256, -1.08251941204, 13.1048202515, 67.326713562, 111.049308777, 69.0505447388], [-251.222839355, -48.7494316101, -10.1529922485, -86.1817703247, -31.6532535553, -17.6770305634, -7.00766181946, 2.22398328781, 6.54774808884, 3.65679764748, 19.4894065857, 69.0505447388, 116.881126404]],
