{
"lowlevel": {
    "average_loudness": 0.110575035214,
    "barkbands_crest": {
        "dmean": 2.2300825119,
        "dmean2": 3.52241134644,
        "dvar": 4.43874835968,
        "dvar2": 11.3259410858,
        "max": 26.2887248993,
        "mean": 12.7444953918,
        "median": 12.014210701,
        "min": 3.24881005287,
        "var": 22.1037731171
    },
    "barkbands_flatness_db": {
        "dmean": 0.0177908670157,
        "dmean2": 0.027092339471,
        "dvar": 0.000283454835881,
        "dvar2": 0.000649725610856,
        "max": 0.508135676384,
        "mean": 0.252052992582,
        "median": 0.245740324259,
        "min": 0.0547553487122,
        "var": 0.00401818798855
    },
    "barkbands_kurtosis": {
        "dmean": 2.83090353012,
        "dmean2": 4.36666584015,
        "dvar": 29.3600997925,
        "dvar2": 71.5609741211,
        "max": 220.18951416,
        "mean": 6.48271989822,
        "median": 3.61092734337,
        "min": -1.97502505779,
        "var": 101.588432312
    },
    "barkbands_skewness": {
        "dmean": 0.437680631876,
        "dmean2": 0.669227719307,
        "dvar": 0.21459980309,
        "dvar2": 0.504096031189,
        "max": 9.34581661224,
        "mean": 1.58424735069,
        "median": 1.50626623631,
        "min": -8.80580043793,
        "var": 1.60011720657
    },
    "barkbands_spread": {
        "dmean": 1.74333453178,
        "dmean2": 2.62971973419,
        "dvar": 8.24065113068,
        "dvar2": 19.6512680054,
        "max": 155.337173462,
        "mean": 7.92037677765,
        "median": 6.30926895142,
        "min": 0.148965850472,
        "var": 45.4301719666
    },
    "dissonance": {
        "dmean": 0.0316219739616,
        "dmean2": 0.0529301129282,
        "dvar": 0.000924085441511,
        "dvar2": 0.0025135811884,
        "max": 0.500000238419,
        "mean": 0.409494310617,
        "median": 0.421594470739,
        "min": 0.0741971060634,
        "var": 0.00361643196084
    },
    "dynamic_complexity": 7.20904541016,
    "erbbands_crest": {
        "dmean": 2.4152302742,
        "dmean2": 3.73110723495,
        "dvar": 6.23617839813,
        "dvar2": 14.5298118591,
        "max": 32.5002670288,
        "mean": 12.9325056076,
        "median": 11.5749740601,
        "min": 1.84972727299,
        "var": 34.0413475037
    },
    "erbbands_flatness_db": {
        "dmean": 0.0141311474144,
        "dmean2": 0.0208710040897,
        "dvar": 0.000208594909054,
        "dvar2": 0.000446615624242,
        "max": 0.508211791515,
        "mean": 0.288027584553,
        "median": 0.284426152706,
        "min": 0.010688809678,
        "var": 0.00373941916041
    },
    "erbbands_kurtosis": {
        "dmean": 1.34875166416,
        "dmean2": 2.06270170212,
        "dvar": 6.98068094254,
        "dvar2": 15.8182973862,
        "max": 138.223098755,
        "mean": 2.17364883423,
        "median": 0.555324077606,
        "min": -1.74742281437,
        "var": 29.7556972504
    },
    "erbbands_skewness": {
        "dmean": 0.335614770651,
        "dmean2": 0.500105857849,
        "dvar": 0.118293337524,
        "dvar2": 0.266451984644,
        "max": 6.2829875946,
        "mean": 0.866108775139,
        "median": 0.827240824699,
        "min": -4.3207988739,
        "var": 0.90297216177
    },
    "erbbands_spread": {
        "dmean": 2.9885468483,
        "dmean2": 4.46744203568,
        "dvar": 10.5480852127,
        "dvar2": 25.0371494293,
        "max": 128.022674561,
        "mean": 18.1387863159,
        "median": 16.9348449707,
        "min": 0.441013902426,
        "var": 157.250183105
    },
    "hfc": {
        "dmean": 2.05529022217,
        "dmean2": 2.81785535812,
        "dvar": 27.3256206512,
        "dvar2": 48.0362815857,
        "max": 208.227905273,
        "mean": 8.57524776459,
        "median": 2.92793512344,
        "min": 1.09810654919e-16,
        "var": 164.416229248
    },
    "melbands_crest": {
        "dmean": 2.67485809326,
        "dmean2": 4.28354978561,
        "dvar": 6.86428165436,
        "dvar2": 17.9035301208,
        "max": 38.2478523254,
        "mean": 15.387348175,
        "median": 14.3260593414,
        "min": 1.64490973949,
        "var": 33.9516792297
    },
    "melbands_flatness_db": {
        "dmean": 0.0197425689548,
        "dmean2": 0.0291757751256,
        "dvar": 0.000365697924281,
        "dvar2": 0.000811089063063,
        "max": 0.609286606312,
        "mean": 0.321058183908,
        "median": 0.31293284893,
        "min": 0.00372339738533,
        "var": 0.00731288362294
    },
    "melbands_kurtosis": {
        "dmean": 3.98639535904,
        "dmean2": 6.29925298691,
        "dvar": 142.328903198,
        "dvar2": 377.354736328,
        "max": 481.858581543,
        "mean": 9.54011917114,
        "median": 5.59466838837,
        "min": -1.85429811478,
        "var": 362.836853027
    },
    "melbands_skewness": {
        "dmean": 0.470729142427,
        "dmean2": 0.725079536438,
        "dvar": 0.321595400572,
        "dvar2": 0.796764910221,
        "max": 19.2390804291,
        "mean": 1.87961065769,
        "median": 1.74987876415,
        "min": -5.51433181763,
        "var": 2.2806084156
    },
    "melbands_spread": {
        "dmean": 2.46030640602,
        "dmean2": 3.71189808846,
        "dvar": 12.8328876495,
        "dvar2": 29.595582962,
        "max": 166.922897339,
        "mean": 11.1777906418,
        "median": 8.40744781494,
        "min": 0.397319436073,
        "var": 140.285751343
    },
    "pitch_salience": {
        "dmean": 0.0587230846286,
        "dmean2": 0.0937120467424,
        "dvar": 0.00314635038376,
        "dvar2": 0.0079153329134,
        "max": 0.894053518772,
        "mean": 0.516204237938,
        "median": 0.521644473076,
        "min": 0.0765325725079,
        "var": 0.014438082464
    },
    "silence_rate_20dB": {
        "dmean": 0,
        "dmean2": 0,
        "dvar": 0,
        "dvar2": 0,
        "max": 1,
        "mean": 1,
        "median": 1,
        "min": 1,
        "var": 0
    },
    "silence_rate_30dB": {
        "dmean": 0.0025588250719,
        "dmean2": 0.00511793512851,
        "dvar": 0.00255211349577,
        "dvar2": 0.00653712078929,
        "max": 1,
        "mean": 0.997218847275,
        "median": 1,
        "min": 0,
        "var": 0.0027733806055
    },
    "silence_rate_60dB": {
        "dmean": 0.0333759821951,
        "dmean2": 0.0667556747794,
        "dvar": 0.0322658903897,
        "dvar2": 0.0722171217203,
        "max": 1,
        "mean": 0.397708296776,
        "median": 0,
        "min": 0,
        "var": 0.239559993148
    },
    "spectral_centroid": {
        "dmean": 87.6782150269,
        "dmean2": 131.568862915,
        "dvar": 20989.6972656,
        "dvar2": 41193.9609375,
        "max": 11848.5019531,
        "mean": 753.97253418,
        "median": 618.77923584,
        "min": 223.301361084,
        "var": 626522.75
    },
    "spectral_complexity": {
        "dmean": 1.3503922224,
        "dmean2": 2.18413448334,
        "dvar": 2.48834443092,
        "dvar2": 5.50380754471,
        "max": 43,
        "mean": 9.68033123016,
        "median": 8,
        "min": 0,
        "var": 46.6722297668
    },
    "spectral_decrease": {
        "dmean": 8.31518576216e-10,
        "dmean2": 1.19597465265e-09,
        "dvar": 2.74512831652e-18,
        "dvar2": 5.52748058779e-18,
        "max": 3.35981706578e-16,
        "mean": -3.48585671439e-09,
        "median": -1.34188316014e-09,
        "min": -4.66946410427e-08,
        "var": 2.2605041233e-17
    },
    "spectral_energy": {
        "dmean": 0.00330801215023,
        "dmean2": 0.00474444311112,
        "dvar": 4.4000804337e-05,
        "dvar2": 8.76415506355e-05,
        "max": 0.184799149632,
        "mean": 0.0139342434704,
        "median": 0.0053671784699,
        "min": 1.02051065472e-20,
        "var": 0.000360864476534
    },
    "spectral_energyband_high": {
        "dmean": 9.63987713476e-06,
        "dmean2": 1.42579674502e-05,
        "dvar": 1.46310408233e-09,
        "dvar2": 2.96941893296e-09,
        "max": 0.00335297361016,
        "mean": 2.32201145991e-05,
        "median": 2.39189012063e-06,
        "min": 7.14873315279e-21,
        "var": 3.87434395677e-09
    },
    "spectral_energyband_low": {
        "dmean": 0.000225032417802,
        "dmean2": 0.000370929570636,
        "dvar": 4.04844286095e-07,
        "dvar2": 1.07398182081e-06,
        "max": 0.0203973464668,
        "mean": 0.00050117156934,
        "median": 8.81461746758e-05,
        "min": 1.76416624549e-23,
        "var": 1.33394826207e-06
    },
    "spectral_energyband_middle_high": {
        "dmean": 0.000913987285458,
        "dmean2": 0.0012549625244,
        "dvar": 1.02020258055e-05,
        "dvar2": 1.81842005986e-05,
        "max": 0.149271398783,
        "mean": 0.00268345186487,
        "median": 0.000571388634853,
        "min": 1.22214168456e-21,
        "var": 3.47236600646e-05
    },
    "spectral_energyband_middle_low": {
        "dmean": 0.00285236071795,
        "dmean2": 0.0041979746893,
        "dvar": 3.23034983012e-05,
        "dvar2": 7.00716555002e-05,
        "max": 0.18207795918,
        "mean": 0.0109319286421,
        "median": 0.00415686424822,
        "min": 1.57030260518e-22,
        "var": 0.000241634756094
    },
    "spectral_entropy": {
        "dmean": 0.147441461682,
        "dmean2": 0.22323961556,
        "dvar": 0.0228872224689,
        "dvar2": 0.0508692860603,
        "max": 9.82761573792,
        "mean": 6.28686857224,
        "median": 6.32360887527,
        "min": 3.79348230362,
        "var": 0.40788975358
    },
    "spectral_flux": {
        "dmean": 0.0111737670377,
        "dmean2": 0.0176967084408,
        "dvar": 0.00026590275229,
        "dvar2": 0.000647712440696,
        "max": 0.284312486649,
        "mean": 0.0360771119595,
        "median": 0.0255300868303,
        "min": 6.35247965342e-11,
        "var": 0.00108646228909
    },
    "spectral_kurtosis": {
        "dmean": 10.6671419144,
        "dmean2": 18.5002098083,
        "dvar": 124.588668823,
        "dvar2": 347.227233887,
        "max": 233.821853638,
        "mean": 29.7949085236,
        "median": 19.647064209,
        "min": -1.25497531891,
        "var": 883.186645508
    },
    "spectral_rms": {
        "dmean": 0.000364734616596,
        "dmean2": 0.000521038658917,
        "dvar": 2.59583600837e-07,
        "dvar2": 5.0502819704e-07,
        "max": 0.0134272798896,
        "mean": 0.00295545603149,
        "median": 0.00228829006664,
        "min": 3.15534490897e-12,
        "var": 4.85963346364e-06
    },
    "spectral_rolloff": {
        "dmean": 147.524154663,
        "dmean2": 250.874160767,
        "dvar": 161584.765625,
        "dvar2": 375292.75,
        "max": 19724.4140625,
        "mean": 946.225036621,
        "median": 667.529296875,
        "min": 43.06640625,
        "var": 2075515.5
    },
    "spectral_skewness": {
        "dmean": 0.708753585815,
        "dmean2": 1.22824323177,
        "dvar": 0.422215670347,
        "dvar2": 1.20933294296,
        "max": 13.0419597626,
        "mean": 3.51228356361,
        "median": 2.93313360214,
        "min": -0.0777309462428,
        "var": 3.64657330513
    },
    "spectral_spread": {
        "dmean": 235181.625,
        "dmean2": 399430.1875,
        "dvar": 150602973184,
        "dvar2": 280958009344,
        "max": 42124504,
        "mean": 2132903.25,
        "median": 1839147.5,
        "min": 437408.4375,
        "var": 8.27965938074e+12
    },
    "spectral_strongpeak": {
        "dmean": 0.35866484046,
        "dmean2": 0.561316072941,
        "dvar": 0.52871131897,
        "dvar2": 1.15871477127,
        "max": 16.886423111,
        "mean": 1.04986691475,
        "median": 0.655446171761,
        "min": 0,
        "var": 1.57022106647
    },
    "zerocrossingrate": {
        "dmean": 0.00350885093212,
        "dmean2": 0.00433670124039,
        "dvar": 3.87287182093e-05,
        "dvar2": 5.7079239923e-05,
        "max": 0.75341796875,
        "mean": 0.035230640322,
        "median": 0.029541015625,
        "min": 0.00732421875,
        "var": 0.00152074010111
    },
    "barkbands": {
        "dmean": [6.58780948015e-07, 7.99441986601e-05, 0.000116607094242, 0.000210745245568, 0.000873680226505, 0.00106471963227, 0.00123365095351, 0.000422464887379, 0.000499842863064, 0.00024339191441, 0.000157770045917, 0.000315708253765, 0.000179370152182, 0.000175321270945, 0.000109522879939, 0.000149334111484, 6.2202961999e-05, 2.77077488136e-05, 2.78359166259e-05, 9.98088580673e-06, 4.48986611445e-06, 2.51148981079e-06, 8.09104790278e-07, 5.243178407e-07, 1.34158327114e-07, 3.84285847588e-08, 3.45096839993e-09],
        "dmean2": [1.10958103505e-06, 0.000126722312416, 0.000196933644474, 0.000347313529346, 0.00132545141969, 0.00166498008184, 0.00190401694272, 0.000588996103033, 0.000664062506985, 0.00035124112037, 0.000230941266636, 0.000468470068881, 0.000254128797678, 0.000250624172622, 0.000166639511008, 0.00021737087809, 9.40266836551e-05, 4.28052917414e-05, 4.26427031925e-05, 1.51337835632e-05, 6.84964379616e-06, 3.74022511096e-06, 1.24698090076e-06, 7.97964730737e-07, 2.08915992062e-07, 6.01702367931e-08, 5.83999737458e-09],
        "dvar": [3.4246847979e-12, 8.9194081454e-08, 1.27543344774e-07, 3.78797551548e-07, 5.07749564349e-06, 1.07492896859e-05, 1.1425019693e-05, 1.53360520017e-06, 3.18660704579e-06, 7.68812299157e-07, 2.71925586048e-07, 3.18425509249e-06, 1.24673863411e-06, 1.857105417e-06, 1.53752651499e-07, 2.58058690861e-07, 6.78090472661e-08, 7.81103981495e-09, 1.6809643455e-08, 9.90770132603e-10, 7.85683407223e-10, 8.03360919455e-11, 1.28953427797e-11, 4.90348907312e-12, 3.0438474549e-13, 2.27842697915e-14, 1.90411127188e-16],
        "dvar2": [9.00257472736e-12, 2.13031569274e-07, 3.57999454081e-07, 9.73995383902e-07, 1.08434451249e-05, 2.73904897767e-05, 2.78521893051e-05, 2.58571753875e-06, 4.81773622596e-06, 1.39540134114e-06, 5.59480497486e-07, 6.19690308667e-06, 2.43292538471e-06, 3.13405098495e-06, 3.53293899025e-07, 5.07626680246e-07, 1.42609664522e-07, 1.85593087565e-08, 4.54421353879e-08, 2.23740670435e-09, 1.49381518266e-09, 2.00374591919e-10, 3.31534938391e-11, 1.16502658215e-11, 7.41489768891e-13, 5.61110945034e-14, 5.42483680437e-16],
        "max": [6.30277791061e-05, 0.0118617136031, 0.0127008315176, 0.025433152914, 0.110585175455, 0.149273753166, 0.161551326513, 0.0821550861001, 0.0613646060228, 0.0352562069893, 0.0185711774975, 0.0767562612891, 0.0871222913265, 0.0703809857368, 0.0282227341086, 0.0206749886274, 0.0121825896204, 0.00337719032541, 0.00965705048293, 0.00108309928328, 0.00307593308389, 0.000412392109865, 0.000199373665964, 9.6318188298e-05, 2.73192381428e-05, 6.07947322351e-06, 1.02284036529e-06],
        "mean": [8.15230634998e-07, 0.000163405085914, 0.000186532430234, 0.00038542348193, 0.00207168562338, 0.00277008395642, 0.00321682705544, 0.00100484921131, 0.00135796761606, 0.000528536445927, 0.000295425619697, 0.000556816637982, 0.000330402719555, 0.000305848981952, 0.000208210389246, 0.00030013002106, 0.00010929886048, 5.22161935805e-05, 5.54297948838e-05, 1.86995675904e-05, 8.38635787659e-06, 4.55345070804e-06, 1.43986028434e-06, 9.32907767037e-07, 2.5742122034e-07, 8.7937074511e-08, 7.61363772028e-09],
        "median": [2.46886514788e-07, 1.31858560053e-05, 2.67238756351e-05, 5.17313092132e-05, 0.00050041009672, 0.000534470775165, 0.000658597738948, 0.000188418693142, 0.000173454172909, 6.01058272878e-05, 3.39180987794e-05, 6.52043454465e-05, 3.25625369442e-05, 3.14997269015e-05, 2.35499301198e-05, 3.33500938723e-05, 1.18236421258e-05, 7.60548300605e-06, 5.48467050976e-06, 2.16360058403e-06, 6.51042626032e-07, 3.46172669197e-07, 8.33239113263e-08, 4.16737506725e-08, 1.04357607e-08, 6.46736442178e-09, 6.42866693212e-09],
        "min": [5.04479457813e-25, 3.33894844466e-24, 1.57333791318e-24, 1.94890374331e-24, 5.41846783235e-24, 1.05990073271e-23, 6.03698763573e-24, 5.97713123682e-24, 1.13139708981e-23, 1.20729631629e-23, 1.36393040771e-23, 3.53779819076e-23, 3.12688401622e-23, 5.37907338092e-23, 4.18628256007e-23, 4.41593700898e-23, 4.3593488608e-23, 7.66009813607e-23, 1.32730429008e-22, 1.68754424888e-22, 2.10413462473e-22, 3.09518348297e-22, 3.99161623801e-22, 6.408095605e-22, 8.67356427553e-22, 1.2408442261e-21, 2.00466090541e-21],
        "var": [5.03922207781e-12, 2.96714546266e-07, 2.3266997573e-07, 1.14401643714e-06, 2.35397237702e-05, 4.60477058368e-05, 4.547003482e-05, 6.81462097418e-06, 1.67715315911e-05, 2.66158258455e-06, 7.15447640687e-07, 6.81252140566e-06, 2.616465963e-06, 3.76121829504e-06, 4.39092332272e-07, 6.79724507791e-07, 1.33262602731e-07, 1.60662825266e-08, 2.80527050478e-08, 2.37681230253e-09, 1.53666679381e-09, 1.53373758138e-10, 1.75155757953e-11, 8.22098899372e-12, 5.88055754265e-13, 5.20232186323e-14, 1.66729290358e-16]
    },
    "erbbands": {
        "dmean": [0.000917558849324, 0.0231758542359, 0.11495770514, 0.398709774017, 1.64480721951, 2.98540353775, 6.29677963257, 9.88224411011, 16.7346496582, 13.8849229813, 8.72457695007, 11.7250518799, 6.69473648071, 7.29238939285, 7.1047539711, 11.7739973068, 9.2785692215, 6.78983688354, 8.66570568085, 6.41561174393, 6.55708265305, 2.44519424438, 1.40374052525, 1.41411244869, 1.1627651453, 0.501065135002, 0.226945832372, 0.134066358209, 0.0990690216422, 0.038856819272, 0.0244341827929, 0.0177820846438, 0.00423784181476, 0.0022508292459, 0.000471027567983, 0.000234363775235, 5.94725097471e-05, 9.77514810074e-06, 1.86659860901e-06, 3.77218384529e-06],
        "dmean2": [0.00145249825437, 0.0369637459517, 0.194100230932, 0.648992776871, 2.39445328712, 4.62514257431, 10.1896629333, 15.5717115402, 26.707857132, 19.4315338135, 12.1283636093, 15.2752017975, 9.54308223724, 10.1221227646, 10.6695642471, 17.3797645569, 12.940612793, 9.70142459869, 12.7789268494, 9.41358661652, 9.61476612091, 3.67810153961, 2.13952755928, 2.13034486771, 1.80227005482, 0.752785027027, 0.347780942917, 0.201347842813, 0.146929949522, 0.0580428801477, 0.0376743339002, 0.0266895666718, 0.00669141765684, 0.00354960677214, 0.00073737592902, 0.000367438478861, 9.32022958295e-05, 1.52439806698e-05, 2.72599436357e-06, 5.38933954886e-06],
        "dvar": [1.14521999421e-05, 0.00722964666784, 0.133060410619, 1.13178098202, 41.0574645996, 54.7155761719, 263.933532715, 1037.0645752, 2415.0546875, 2086.52832031, 543.241394043, 2196.99609375, 424.376251221, 853.596862793, 579.069885254, 4431.41503906, 2744.13842773, 2683.0168457, 2817.40185547, 550.734130859, 542.010437012, 70.3854751587, 22.8512763977, 20.5029678345, 65.5608520508, 2.72486662865, 0.751407384872, 1.03811705112, 0.116580173373, 0.0159264951944, 0.0147262923419, 0.00495553109795, 0.000314016477205, 8.99979131646e-05, 3.1767949622e-06, 8.27319126984e-07, 5.29009334116e-08, 1.40239619917e-09, 2.14532107357e-11, 5.82945774985e-11],
        "dvar2": [2.614899131e-05, 0.0175930913538, 0.370305716991, 2.97261977196, 74.9232330322, 133.447402954, 732.99987793, 2668.66162109, 6324.77685547, 3709.72167969, 1023.37548828, 3091.18652344, 855.841918945, 1370.67785645, 1316.34228516, 8531.73535156, 4990.20703125, 5107.38818359, 4677.15478516, 1283.78344727, 982.443725586, 144.761276245, 49.151927948, 46.8942070007, 186.256591797, 6.06873464584, 1.68051731586, 1.92547702789, 0.277403444052, 0.0363232158124, 0.0382166914642, 0.0115859573707, 0.00081214675447, 0.000228061617236, 7.82121333032e-06, 2.04623438549e-06, 1.30682778376e-07, 3.5183558289e-09, 5.14486162007e-11, 1.14443676758e-10],
        "max": [0.141486361623, 3.36242556572, 10.8946676254, 39.4488945007, 364.741607666, 243.249710083, 534.969604492, 1471.88708496, 1812.06591797, 3650.47094727, 948.351501465, 1741.87915039, 808.762878418, 1292.66052246, 653.041870117, 2880.73999023, 3290.18798828, 3471.1550293, 2650.09057617, 1329.80822754, 1144.22827148, 384.955596924, 235.299377441, 220.070037842, 688.550354004, 57.2921829224, 55.4237747192, 119.59337616, 10.7840442657, 4.41257333755, 7.0275478363, 2.6455347538, 0.823796510696, 0.42753893137, 0.07010307163, 0.0380252115428, 0.00875766109675, 0.00173560227267, 0.000302238360746, 0.00020882600802],
        "mean": [0.00186009053141, 0.0476511195302, 0.20333006978, 0.798522114754, 3.5320827961, 7.01032161713, 14.729139328, 25.5830535889, 44.5637321472, 35.8968086243, 23.4015979767, 32.055103302, 17.0297470093, 16.298532486, 14.2334251404, 21.561548233, 18.110666275, 13.2987565994, 15.6111726761, 13.4467096329, 14.0741615295, 5.19092226028, 2.95161795616, 2.96021723747, 2.30221533775, 0.995875358582, 0.449055165052, 0.255079597235, 0.180597141385, 0.0755526423454, 0.043394677341, 0.0310489926487, 0.00860672164708, 0.00412539485842, 0.000993084860966, 0.000512452621479, 0.000136410497362, 2.33896153077e-05, 8.36817253003e-06, 1.60476702149e-05],
        "median": [0.00020254284027, 0.00448921322823, 0.0330711454153, 0.142586708069, 0.518362879753, 1.71596002579, 3.71591091156, 5.19208240509, 9.04139137268, 8.0518283844, 5.12544441223, 4.23484182358, 2.83694982529, 2.31641960144, 2.65031719208, 2.8686580658, 2.15760755539, 1.68725299835, 1.90705037117, 1.86444759369, 1.90245831013, 0.823276400566, 0.486857950687, 0.382059931755, 0.203633487225, 0.117258489132, 0.0431832969189, 0.0197247602046, 0.0138031961396, 0.00550114735961, 0.00240331375971, 0.0014879333321, 0.00040442624595, 0.00017159251729, 5.98237966187e-05, 3.64372463082e-05, 1.32602854137e-05, 5.14815019415e-06, 3.7117777083e-06, 6.19021375314e-06],
        "min": [8.61542383842e-23, 2.88548506926e-22, 2.16027304646e-21, 8.85267028468e-21, 1.6535489079e-20, 2.10032531261e-20, 4.32433512942e-20, 8.47623735157e-20, 7.96822308591e-20, 2.59990724741e-19, 3.08713032838e-19, 3.00435281352e-19, 5.27029545289e-19, 6.52705990887e-19, 9.88855751614e-19, 1.52158105581e-18, 1.72752834882e-18, 2.06578990165e-18, 2.08515089106e-18, 3.44718545372e-18, 3.82745940646e-18, 3.82792014606e-18, 5.17758939254e-18, 6.16866839884e-18, 7.29374694207e-18, 7.57709104345e-18, 8.32244943135e-18, 1.00117127152e-17, 8.87414084962e-18, 1.18510422786e-17, 1.17456569871e-17, 1.15973625284e-17, 1.03311955104e-17, 7.28739502214e-18, 6.66338692524e-18, 4.37348132881e-18, 2.45839318822e-18, 9.45012284016e-19, 2.62482554638e-19, 2.87277564918e-20],
        "var": [3.5883851524e-05, 0.0233875606209, 0.261935651302, 3.57366681099, 177.333572388, 212.043045044, 915.746887207, 4234.71826172, 9371.94140625, 8333.16796875, 2737.87329102, 11206.6337891, 1726.93273926, 2996.16601562, 1298.2088623, 9773.05664062, 6525.02539062, 5790.41357422, 5847.26367188, 1366.82202148, 1491.94714355, 180.106216431, 54.9163017273, 47.9707641602, 79.1933746338, 6.80556297302, 1.63772630692, 2.01657414436, 0.237367078662, 0.0368667840958, 0.0185876693577, 0.00887946318835, 0.000549431249965, 0.000155077927047, 6.92713047101e-06, 1.80254426141e-06, 1.2025989804e-07, 3.06268899131e-09, 1.01325885182e-10, 4.75488759477e-10]
    },
    "gfcc": {
        "mean": [-176.649963379, 166.744750977, -145.227294922, -15.189458847, -53.7884407043, -28.6451683044, -39.1200256348, -13.4401187897, -13.8156547546, -7.79137611389, -7.12555265427, -5.69272565842, -5.92010879517],
        "cov": [[19366.5878906, 773.059326172, -4083.87915039, 1396.91662598, -976.62689209, 118.376060486, -320.174499512, -165.049682617, 152.948974609, -130.667770386, 208.022720337, -267.520507812, 178.180725098], [773.059326172, 1362.73388672, 198.886489868, -371.908630371, 103.008010864, -248.03729248, 34.0775680542, -147.351760864, 12.5406923294, -109.27230835, -33.0576667786, -113.148040771, -35.2769355774], [-4083.87915039, 198.886489868, 1549.61254883, -339.504455566, 232.725509644, 24.9103393555, 40.2083244324, 45.5561790466, -64.5954971313, 16.6882076263, -98.4121398926, 14.9181699753, -100.374816895], [1396.91662598, -371.908630371, -339.504455566, 569.889953613, 11.7867202759, 135.782150269, -5.95744276047, 15.2560319901, 0.990989923477, -6.80268955231, 29.5249214172, -8.84710979462, 20.804391861], [-976.62689209, 103.008010864, 232.725509644, 11.7867202759, 263.023925781, 33.252872467, 51.9221763611, 8.16114521027, -21.6962585449, -15.3955574036, -27.4272613525, -0.940488874912, -19.3553256989], [118.376060486, -248.03729248, 24.9103393555, 135.782150269, 33.252872467, 249.659729004, 75.3550796509, 70.3976287842, 13.9204826355, 22.3710651398, 2.29387116432, 11.3377494812, 1.27188837528], [-320.174499512, 34.0775680542, 40.2083244324, -5.95744276047, 51.9221763611, 75.3550796509, 186.356689453, 55.9315757751, 42.7480697632, 14.9615936279, 13.1325845718, -12.8467769623, -5.02848482132], [-165.049682617, -147.351760864, 45.5561790466, 15.2560319901, 8.16114521027, 70.3976287842, 55.9315757751, 143.393386841, 39.9057807922, 31.9228630066, -1.15319395065, 7.47683572769, -4.69603395462], [152.948974609, 12.5406923294, -64.5954971313, 0.990989923477, -21.6962585449, 13.9204826355, 42.7480697632, 39.9057807922, 132.363693237, 51.9575157166, 32.9632720947, -0.206734344363, 6.03000164032], [-130.667770386, -109.27230835, 16.6882076263, -6.80268955231, -15.3955574036, 22.3710651398, 14.9615936279, 31.9228630066, 51.9575157166, 118.21761322, 55.7236366272, 23.9955654144, -9.71884536743], [208.022720337, -33.0576667786, -98.4121398926, 29.5249214172, -27.4272613525, 2.29387116432, 13.1325845718, -1.15319395065, 32.9632720947, 55.7236366272, 112.109207153, 33.5466194153, 2.86010169983], [-267.520507812, -113.148040771, 14.9181699753, -8.84710979462, -0.940488874912, 11.3377494812, -12.8467769623, 7.47683572769, -0.206734344363, 23.9955654144, 33.5466194153, 106.595169067, 28.9677276611], [178.180725098, -35.2769355774, -100.374816895, 20.804391861, -19.3553256989, 1.27188837528, -5.02848482132, -4.69603395462, 6.03000164032, -9.71884536743, 2.86010169983, 28.9677276611, 90.5791320801]],
        "icov": [[0.000420870725065, -0.00104950193781, 0.000924949534237, -0.000951383262873, 0.00122581562027, -0.00103289133403, 0.000890622322913, -0.000673144299071, 0.000436395464931, -0.000604826374911, 0.000355013005901, -1.97515928448e-05, 0.000198992725927], [-0.00104950193781, 0.004162711557, -0.00237751728855, 0.00319238053635, -0.00375616061501, 0.00344415684231, -0.00271808588877, 0.00286753755063, -0.00206558220088, 0.00301537057385, -0.00170399865601, 0.00143824343104, -0.000480479386169], [0.000924949534237, -0.00237751728855, 0.00307386415079, -0.00150991708506, 0.00195669941604, -0.00258400267921, 0.0020432008896, -0.00171645276714, 0.00140583189204, -0.00191172235645, 0.00161510973703, -0.00052924384363, 0.00130603241269], [-0.000951383262873, 0.00319238053635, -0.00150991708506, 0.00519860768691, -0.00382060487755, 0.00110672879964, -0.00138770986814, 0.00202578981407, -0.00135095231235, 0.00255641713738, -0.00204061996192, 0.00140380277298, -0.000576672318857], [0.00122581562027, -0.00375616061501, 0.00195669941604, -0.00382060487755, 0.0088696219027, -0.00329496990889, 0.00117416726425, -0.00203775847331, 0.00217988854274, -0.00206329743378, 0.00216307654046, -0.00128556846175, 0.00104905059561], [-0.00103289133403, 0.00344415684231, -0.00258400267921, 0.00110672879964, -0.00329496990889, 0.00922501366585, -0.00464889407158, 0.000475480163004, -0.000954868795816, 0.00134749780409, -0.000414766662288, -0.000110623521323, -0.000554881175049], [0.000890622322913, -0.00271808588877, 0.0020432008896, -0.00138770986814, 0.00117416726425, -0.00464889407158, 0.00993779301643, -0.00367868691683, -0.000685479375534, -0.000624462903943, -0.00101020082366, 0.00135976052843, 2.51653218584e-05], [-0.000673144299071, 0.00286753755063, -0.00171645276714, 0.00202578981407, -0.00203775847331, 0.000475480163004, -0.00367868691683, 0.011700367555, -0.00343985459767, 0.000303129025269, 0.00095706875436, -1.9679981051e-05, 0.000271446100669], [0.000436395464931, -0.00206558220088, 0.00140583189204, -0.00135095231235, 0.00217988854274, -0.000954868795816, -0.000685479375534, -0.00343985459767, 0.0119308074936, -0.00562418904155, -5.80232517677e-05, 0.000474031316116, -0.00107940472662], [-0.000604826374911, 0.00301537057385, -0.00191172235645, 0.00255641713738, -0.00206329743378, 0.00134749780409, -0.000624462903943, 0.000303129025269, -0.00562418904155, 0.0165531914681, -0.00743628293276, 9.00963204913e-05, 0.0015362490667], [0.000355013005901, -0.00170399865601, 0.00161510973703, -0.00204061996192, 0.00216307654046, -0.000414766662288, -0.00101020082366, 0.00095706875436, -5.80232517677e-05, -0.00743628293276, 0.0155860977247, -0.00513600418344, 0.00171440653503], [-1.97515928448e-05, 0.00143824343104, -0.00052924384363, 0.00140380277298, -0.00128556846175, -0.000110623521323, 0.00135976052843, -1.9679981051e-05, 0.000474031316116, 9.00963204913e-05, -0.00513600418344, 0.0141406692564, -0.00489058531821], [0.000198992725927, -0.000480479386169, 0.00130603241269, -0.000576672318857, 0.00104905059561, -0.000554881175049, 2.51653218584e-05, 0.000271446100669, -0.00107940472662, 0.0015362490667, 0.00171440653503, -0.00489058531821, 0.014035246335]]
    },
    "melbands": {
        "dmean": [1.51757467393e-05, 4.94469568366e-05, 0.000100394128822, 0.000158882758114, 0.000206500379136, 0.000222392802243, 0.000250212207902, 0.000136291622766, 7.53076528781e-05, 7.01426906744e-05, 3.38423524227e-05, 3.13845630444e-05, 2.31704107136e-05, 2.92092045129e-05, 3.43729880115e-05, 1.64268949447e-05, 1.2287604477e-05, 1.59463870659e-05, 6.92584217177e-06, 1.14972972369e-05, 7.83782070357e-06, 3.1603633488e-06, 1.57169233717e-06, 1.36270750772e-06, 1.23105871808e-06, 1.17079207484e-06, 5.29847739017e-07, 3.26682140894e-07, 1.6518049506e-07, 1.29028379092e-07, 6.88292232098e-08, 5.91902704628e-08, 5.34399120511e-08, 1.46877559004e-08, 1.5631533401e-08, 1.58975783648e-08, 9.40019440065e-09, 3.19864068565e-09, 3.29998317561e-09, 1.49548040618e-09],
        "dmean2": [2.38067350438e-05, 8.25211391202e-05, 0.000158036098583, 0.000232351158047, 0.000333674805006, 0.00034669006709, 0.00039683887735, 0.000189316662727, 0.000104898157588, 9.13783005672e-05, 4.89564808959e-05, 4.3764761358e-05, 3.40321130352e-05, 4.59253496956e-05, 4.71692837891e-05, 2.33500468312e-05, 1.77502861334e-05, 2.34614199144e-05, 1.03180082078e-05, 1.6766387489e-05, 1.15537468446e-05, 4.80995549879e-06, 2.40438316723e-06, 2.11319320442e-06, 1.86393310742e-06, 1.80403810646e-06, 8.22130573397e-07, 4.95588778904e-07, 2.55736722465e-07, 1.98677128083e-07, 1.0504007264e-07, 8.98697507523e-08, 8.00986867944e-08, 2.28330243601e-08, 2.45926994324e-08, 2.44796325433e-08, 1.42995251196e-08, 5.11128916969e-09, 5.28125276844e-09, 2.39004349645e-09],
        "dvar": [3.22378523876e-09, 2.47467681902e-08, 8.70721734714e-08, 2.35483753386e-07, 2.67282075583e-07, 4.73920209743e-07, 4.84063548356e-07, 1.89762019431e-07, 4.70346961379e-08, 6.91401709219e-08, 1.08527391518e-08, 1.66488494102e-08, 6.05701178102e-09, 2.7818275683e-08, 6.81542076109e-08, 1.89756566016e-08, 1.03315489497e-08, 1.29857786746e-08, 5.47006995255e-10, 1.77081094233e-09, 9.49792022809e-10, 1.55370022403e-10, 4.9868647406e-11, 1.98180378358e-11, 1.70460815602e-11, 3.58893227637e-11, 1.09087600064e-11, 1.16305283546e-12, 3.4350847904e-13, 1.37139041442e-12, 1.19370781163e-13, 4.41074213015e-14, 3.9543462092e-14, 2.21418562874e-15, 5.82007476542e-15, 5.18755291205e-15, 1.71128745075e-15, 1.78243790069e-16, 2.81000797971e-16, 3.71521256898e-17],
        "dvar2": [7.43060102337e-09, 6.72114097711e-08, 2.0289320446e-07, 4.16122787783e-07, 7.4187090604e-07, 1.19801563869e-06, 1.27523526317e-06, 3.26932166672e-07, 8.5819166884e-08, 9.84246142366e-08, 2.21959002289e-08, 2.70345204001e-08, 1.25519736827e-08, 7.03251927803e-08, 1.01314022061e-07, 3.82146225775e-08, 2.01952943257e-08, 2.07420267628e-08, 1.25653731864e-09, 3.61681440353e-09, 1.73372260992e-09, 3.26668581074e-10, 9.97785881696e-11, 4.75718700543e-11, 3.87755626219e-11, 9.6067785671e-11, 3.02517420836e-11, 2.52594126171e-12, 8.27518663402e-13, 2.5261036752e-12, 2.38841498662e-13, 1.08713019598e-13, 9.35745079512e-14, 5.30800269122e-15, 1.47637707181e-14, 1.29148485661e-14, 4.28429476479e-15, 4.66417686554e-16, 7.46667430999e-16, 9.43999823218e-17],
        "max": [0.00212697591633, 0.00448204157874, 0.0129377655685, 0.0288729704916, 0.0160274710506, 0.031016856432, 0.0253351982683, 0.0325190611184, 0.00899332948029, 0.00940527021885, 0.00389630720019, 0.0057147401385, 0.00289384252392, 0.00588075071573, 0.0145414005965, 0.0119007145986, 0.00795121397823, 0.00592833850533, 0.00125389255118, 0.00208576070145, 0.00159089779481, 0.00063309102552, 0.000395803566789, 0.000200866503292, 0.000214796411456, 0.000434466055594, 0.000272461242275, 3.5539662349e-05, 2.11425103771e-05, 0.000136176429805, 3.42627754435e-05, 8.54362588143e-06, 6.69911241857e-06, 1.67269740814e-06, 5.22159871252e-06, 3.09321649183e-06, 2.42614373747e-06, 7.60817954415e-07, 9.04375610844e-07, 2.65828816737e-07],
        "mean": [3.15945871989e-05, 9.28571171244e-05, 0.000204175492399, 0.000381513353204, 0.000493321043905, 0.00058236339828, 0.000670356850605, 0.000350550981238, 0.000198043198907, 0.000191165483557, 8.12486687209e-05, 6.76794152241e-05, 4.5040203986e-05, 5.10891441081e-05, 6.33479576209e-05, 3.0621267797e-05, 2.27464170166e-05, 2.68590447376e-05, 1.39365538416e-05, 2.2002554033e-05, 1.55111083586e-05, 5.71172904529e-06, 2.93590483125e-06, 2.52461654782e-06, 2.36689766098e-06, 2.22000085159e-06, 9.37434663228e-07, 5.79657523758e-07, 2.92069387342e-07, 2.12876301475e-07, 1.20606074461e-07, 1.00329160091e-07, 8.52640340554e-08, 2.61657380207e-08, 2.46146161231e-08, 2.53456402532e-08, 1.54812660469e-08, 5.51962608952e-09, 5.52359580297e-09, 2.55847565356e-09],
        "median": [2.71531644103e-06, 1.32345176098e-05, 3.43786559824e-05, 7.65897202655e-05, 0.000128423853312, 0.000113406058517, 0.00013752481027, 7.34765053494e-05, 3.56001946784e-05, 2.36282321566e-05, 1.16567334771e-05, 8.31547004054e-06, 6.69808650855e-06, 7.39247388992e-06, 5.04201852891e-06, 3.21703055306e-06, 2.39545056502e-06, 2.60857450485e-06, 1.67834991771e-06, 2.30304476645e-06, 1.90487094187e-06, 7.17697616892e-07, 3.96289465243e-07, 3.54597347041e-07, 2.72043735094e-07, 1.83173384016e-07, 8.37345837112e-08, 6.36124752873e-08, 2.63358046482e-08, 1.35582736149e-08, 9.05405528329e-09, 7.27967197633e-09, 5.4186855003e-09, 1.67802571838e-09, 1.16803433592e-09, 1.20350751587e-09, 6.8052208313e-10, 2.33047442455e-10, 1.97500044097e-10, 1.00884217646e-10],
        "min": [1.26559459658e-24, 1.79365078957e-24, 1.79166088794e-24, 1.16387472994e-24, 1.58776824989e-24, 2.16361629893e-24, 1.16840673584e-24, 2.79435102177e-24, 2.43672822736e-24, 1.52262451077e-24, 1.96874990597e-24, 2.2979762716e-24, 2.35980423112e-24, 2.49226009078e-24, 3.67874751857e-24, 3.58108772179e-24, 3.2166044013e-24, 2.72325493269e-24, 3.58766208858e-24, 3.23403309971e-24, 3.90572725569e-24, 3.0494449727e-24, 5.82798840522e-24, 3.27414273243e-24, 3.41450830317e-24, 4.56838777101e-24, 3.30847159244e-24, 3.72335760276e-24, 4.57821816118e-24, 4.31764754343e-24, 5.50874428549e-24, 3.88601993255e-24, 5.68833438702e-24, 6.16881930919e-24, 5.25913291786e-24, 6.77449527374e-24, 6.20186942568e-24, 5.62695785315e-24, 6.52527873099e-24, 5.48615525346e-24],
        "var": [1.09101803147e-08, 5.78017420594e-08, 2.81702142502e-07, 1.28301485347e-06, 9.35968500926e-07, 2.03285117095e-06, 1.94602853298e-06, 7.92150331108e-07, 2.45574540259e-07, 3.74656622171e-07, 4.21948733731e-08, 5.75359138111e-08, 1.58568820297e-08, 3.5577947699e-08, 1.85545673048e-07, 3.59912988301e-08, 2.07040393718e-08, 2.54966678881e-08, 1.48819634394e-09, 4.56183713027e-09, 2.37875430464e-09, 3.23567589389e-10, 1.11247962231e-10, 4.22993237659e-11, 3.53040131851e-11, 6.05734420955e-11, 1.26451019794e-11, 2.72354643178e-12, 7.05772517252e-13, 2.56712576543e-12, 2.37195381609e-13, 8.13867677136e-14, 6.78983236822e-14, 4.50425228054e-15, 7.17523981311e-15, 7.22105582523e-15, 2.49929353065e-15, 2.71477288908e-16, 3.4520031025e-16, 6.2243858787e-17]
    },
    "mfcc": {
        "mean": [-799.05682373, 187.131500244, -23.3703079224, 3.60201120377, -7.5240240097, -16.9249649048, -19.1136455536, -12.7593288422, -12.2767009735, -6.62898349762, -6.98424005508, -3.92283582687, 1.09250676632],
        "cov": [[12654.9658203, 1169.0657959, -2875.42871094, 867.527770996, -487.591796875, 242.9740448, -201.783157349, 32.6713905334, -100.821807861, 173.258239746, -79.139213562, 67.7163848877, 63.2899131775], [1169.0657959, 1443.78479004, -37.9282341003, -73.9181518555, 13.9810333252, -82.1185455322, -44.3048324585, -76.5375900269, -30.4108963013, -50.3173980713, -7.66599225998, -37.3347702026, -58.6469650269], [-2875.42871094, -37.9282341003, 1212.71105957, -165.24446106, 98.529510498, -14.0806217194, 41.7979278564, 6.18850469589, 20.9623279572, -30.390089035, 30.289773941, -11.6579465866, -60.9834289551], [867.527770996, -73.9181518555, -165.24446106, 285.593078613, 32.0714378357, 54.6450462341, 16.165933609, 12.3273448944, -8.23458957672, 5.7283782959, -5.04463338852, 10.2197370529, 12.4256954193], [-487.591796875, 13.9810333252, 98.529510498, 32.0714378357, 214.969482422, 34.7936248779, 27.0371837616, 17.7087211609, 3.1848897934, -20.717874527, -22.1774692535, -15.1454324722, 0.924219667912], [242.9740448, -82.1185455322, -14.0806217194, 54.6450462341, 34.7936248779, 163.78213501, 62.4168815613, 40.8231468201, 29.1554164886, 16.0938129425, 11.5817298889, 9.17901992798, 0.97730499506], [-201.783157349, -44.3048324585, 41.7979278564, 16.165933609, 27.0371837616, 62.4168815613, 155.506408691, 63.5190315247, 24.3325309753, 31.7924880981, 18.140203476, 4.64329433441, -11.0283498764], [32.6713905334, -76.5375900269, 6.18850469589, 12.3273448944, 17.7087211609, 40.8231468201, 63.5190315247, 127.539634705, 54.6931838989, 24.4766654968, 11.0147018433, -0.194762215018, 1.61405181885], [-100.821807861, -30.4108963013, 20.9623279572, -8.23458957672, 3.1848897934, 29.1554164886, 24.3325309753, 54.6931838989, 120.711868286, 49.9093513489, 8.21907520294, 2.97386574745, -1.19772791862], [173.258239746, -50.3173980713, -30.390089035, 5.7283782959, -20.717874527, 16.0938129425, 31.7924880981, 24.4766654968, 49.9093513489, 131.384552002, 49.4150466919, 14.0802783966, 1.55975329876], [-79.139213562, -7.66599225998, 30.289773941, -5.04463338852, -22.1774692535, 11.5817298889, 18.140203476, 11.0147018433, 8.21907520294, 49.4150466919, 133.274337769, 55.7254371643, 2.3294699192], [67.7163848877, -37.3347702026, -11.6579465866, 10.2197370529, -15.1454324722, 9.17901992798, 4.64329433441, -0.194762215018, 2.97386574745, 14.0802783966, 55.7254371643, 128.745864868, 56.1183357239], [63.2899131775, -58.6469650269, -60.9834289551, 12.4256954193, 0.924219667912, 0.97730499506, -11.0283498764, 1.61405181885, -1.19772791862, 1.55975329876, 2.3294699192, 56.1183357239, 131.046005249]],
