{
"lowlevel": {
    "average_loudness": 0.16076490283,
    "barkbands_crest": {
        "dmean": 2.35395216942,
        "dmean2": 3.75452756882,
        "dvar": 5.15405273438,
        "dvar2": 13.0653934479,
        "max": 25.8581581116,
        "mean": 10.0496778488,
        "median": 9.03732585907,
        "min": 2.65267133713,
        "var": 16.9996738434
    },
    "barkbands_flatness_db": {
        "dmean": 0.0161960031837,
        "dmean2": 0.0245767980814,
        "dvar": 0.000252836558502,
        "dvar2": 0.000590845826082,
        "max": 0.392970234156,
        "mean": 0.198596268892,
        "median": 0.193869441748,
        "min": 0.0606036409736,
        "var": 0.00240734615363
    },
    "barkbands_kurtosis": {
        "dmean": 1.3987005949,
        "dmean2": 2.17227602005,
        "dvar": 12.3802547455,
        "dvar2": 26.6528549194,
        "max": 261.391174316,
        "mean": 2.02465796471,
        "median": 0.23894405365,
        "min": -1.86636221409,
        "var": 48.2045478821
    },
    "barkbands_skewness": {
        "dmean": 0.36071395874,
        "dmean2": 0.544286906719,
        "dvar": 0.147836372256,
        "dvar2": 0.326759815216,
        "max": 12.4844913483,
        "mean": 0.439268797636,
        "median": 0.385177254677,
        "min": -3.89968204498,
        "var": 1.01133215427
    },
    "barkbands_spread": {
        "dmean": 3.14607071877,
        "dmean2": 4.87676858902,
        "dvar": 11.8190889359,
        "dvar2": 28.0356197357,
        "max": 127.06477356,
        "mean": 15.8553543091,
        "median": 14.8694934845,
        "min": 0.573337852955,
        "var": 77.5612487793
    },
    "dissonance": {
        "dmean": 0.0278863515705,
        "dmean2": 0.0477752685547,
        "dvar": 0.000694507616572,
        "dvar2": 0.00191528396681,
        "max": 0.499997437,
        "mean": 0.438999503851,
        "median": 0.45022124052,
        "min": 0.206546127796,
        "var": 0.00202556001022
    },
    "dynamic_complexity": 6.34953260422,
    "erbbands_crest": {
        "dmean": 2.95642924309,
        "dmean2": 4.83627986908,
        "dvar": 8.16857814789,
        "dvar2": 21.0884189606,
        "max": 32.4687309265,
        "mean": 12.0868425369,
        "median": 11.1019449234,
        "min": 2.11128926277,
        "var": 27.5274753571
    },
    "erbbands_flatness_db": {
        "dmean": 0.0159830637276,
        "dmean2": 0.0240379236639,
        "dvar": 0.000246751966188,
        "dvar2": 0.000542310881428,
        "max": 0.436025321484,
        "mean": 0.260738968849,
        "median": 0.259594917297,
        "min": 0.0519139356911,
        "var": 0.00239882525057
    },
    "erbbands_kurtosis": {
        "dmean": 1.51113450527,
        "dmean2": 2.37587356567,
        "dvar": 11.4043989182,
        "dvar2": 26.0848255157,
        "max": 155.988830566,
        "mean": 2.34105563164,
        "median": -0.143763303757,
        "min": -1.88998043537,
        "var": 92.532913208
    },
    "erbbands_skewness": {
        "dmean": 0.402402579784,
        "dmean2": 0.624325454235,
        "dvar": 0.154536694288,
        "dvar2": 0.37860840559,
        "max": 9.85628223419,
        "mean": 0.305069595575,
        "median": 0.113665834069,
        "min": -4.34977865219,
        "var": 1.8550876379
    },
    "erbbands_spread": {
        "dmean": 4.27465438843,
        "dmean2": 6.59913539886,
        "dvar": 19.557926178,
        "dvar2": 45.8187866211,
        "max": 134.1615448,
        "mean": 21.4796047211,
        "median": 20.1102638245,
        "min": 1.56021916866,
        "var": 122.995864868
    },
    "hfc": {
        "dmean": 2.97406625748,
        "dmean2": 4.46521997452,
        "dvar": 41.4557647705,
        "dvar2": 98.0674438477,
        "max": 207.52432251,
        "mean": 11.2637653351,
        "median": 4.77189016342,
        "min": 1.07862049006e-16,
        "var": 358.961120605
    },
    "melbands_crest": {
        "dmean": 2.82899165154,
        "dmean2": 4.49488925934,
        "dvar": 7.64187002182,
        "dvar2": 18.8885536194,
        "max": 33.1131782532,
        "mean": 12.6560869217,
        "median": 11.5878582001,
        "min": 1.57364940643,
        "var": 26.6502037048
    },
    "melbands_flatness_db": {
        "dmean": 0.0170788615942,
        "dmean2": 0.025613354519,
        "dvar": 0.000275797880022,
        "dvar2": 0.000632787356153,
        "max": 0.492796063423,
        "mean": 0.251627475023,
        "median": 0.244466125965,
        "min": 0.00251633045264,
        "var": 0.00439860206097
    },
    "melbands_kurtosis": {
        "dmean": 2.74363493919,
        "dmean2": 4.23295545578,
        "dvar": 68.8673171997,
        "dvar2": 151.135620117,
        "max": 491.788360596,
        "mean": 5.09290885925,
        "median": 1.28490138054,
        "min": -1.86716747284,
        "var": 259.765106201
    },
    "melbands_skewness": {
        "dmean": 0.437523454428,
        "dmean2": 0.656543552876,
        "dvar": 0.239291906357,
        "dvar2": 0.533729374409,
        "max": 14.6228504181,
        "mean": 1.1587151289,
        "median": 0.985218882561,
        "min": -2.98486733437,
        "var": 1.48533928394
    },
    "melbands_spread": {
        "dmean": 5.56867027283,
        "dmean2": 8.69051361084,
        "dvar": 44.6190185547,
        "dvar2": 110.067176819,
        "max": 206.80015564,
        "mean": 25.4182052612,
        "median": 22.0691108704,
        "min": 0.475100517273,
        "var": 396.691253662
    },
    "pitch_salience": {
        "dmean": 0.0586361512542,
        "dmean2": 0.0934952646494,
        "dvar": 0.00260727014393,
        "dvar2": 0.00673421425745,
        "max": 0.888396918774,
        "mean": 0.537395238876,
        "median": 0.538125514984,
        "min": 0.152021661401,
        "var": 0.0113047948107
    },
    "silence_rate_20dB": {
        "dmean": 0,
        "dmean2": 0,
        "dvar": 0,
        "dvar2": 0,
        "max": 1,
        "mean": 1,
        "median": 1,
        "min": 1,
        "var": 0
    },
    "silence_rate_30dB": {
        "dmean": 0.00325389998034,
        "dmean2": 0.00650842254981,
        "dvar": 0.00324359955266,
        "dvar2": 0.00799823459238,
        "max": 1,
        "mean": 0.995311021805,
        "median": 1,
        "min": 0,
        "var": 0.00466742832214
    },
    "silence_rate_60dB": {
        "dmean": 0.0562733262777,
        "dmean2": 0.112557426095,
        "dvar": 0.053110383451,
        "dvar2": 0.119997113943,
        "max": 1,
        "mean": 0.378181815147,
        "median": 0,
        "min": 0,
        "var": 0.235189348459
    },
    "spectral_centroid": {
        "dmean": 170.942153931,
        "dmean2": 262.79083252,
        "dvar": 48216.0390625,
        "dvar2": 100072.664062,
        "max": 11691.2451172,
        "mean": 1448.99267578,
        "median": 1285.32739258,
        "min": 187.773117065,
        "var": 1649922.125
    },
    "spectral_complexity": {
        "dmean": 1.49736821651,
        "dmean2": 2.49425721169,
        "dvar": 2.39682078362,
        "dvar2": 5.92036247253,
        "max": 46,
        "mean": 10.433013916,
        "median": 9,
        "min": 0,
        "var": 61.9000053406
    },
    "spectral_decrease": {
        "dmean": 6.43545550183e-10,
        "dmean2": 9.52949386068e-10,
        "dvar": 1.78440497754e-18,
        "dvar2": 4.45407270871e-18,
        "max": 2.10293831372e-28,
        "mean": -2.77630407552e-09,
        "median": -1.15123011124e-09,
        "min": -4.87849085573e-08,
        "var": 1.7888286981e-17
    },
    "spectral_energy": {
        "dmean": 0.00266760447994,
        "dmean2": 0.00395532744005,
        "dvar": 3.0458868423e-05,
        "dvar2": 7.5742660556e-05,
        "max": 0.201928958297,
        "mean": 0.0115000633523,
        "median": 0.00480695487931,
        "min": 1.01795188782e-20,
        "var": 0.000309306313284
    },
    "spectral_energyband_high": {
        "dmean": 9.16979206522e-06,
        "dmean2": 1.42314574987e-05,
        "dvar": 4.27261753755e-10,
        "dvar2": 9.82946279926e-10,
        "max": 0.000754352542572,
        "mean": 3.12123520416e-05,
        "median": 8.49917705636e-06,
        "min": 7.07042079764e-21,
        "var": 3.52946982751e-09
    },
    "spectral_energyband_low": {
        "dmean": 0.000175199282239,
        "dmean2": 0.000213888124563,
        "dvar": 2.64430553898e-07,
        "dvar2": 4.32814033502e-07,
        "max": 0.0255605746061,
        "mean": 0.00077484222129,
        "median": 0.000131780805532,
        "min": 1.91480523069e-23,
        "var": 3.34075184583e-06
    },
    "spectral_energyband_middle_high": {
        "dmean": 0.00184776168317,
        "dmean2": 0.00283457152545,
        "dvar": 1.98510333576e-05,
        "dvar2": 4.94787054777e-05,
        "max": 0.155454263091,
        "mean": 0.00525738671422,
        "median": 0.00204916554503,
        "min": 1.13042954876e-21,
        "var": 9.9877230241e-05
    },
    "spectral_energyband_middle_low": {
        "dmean": 0.00168786768336,
        "dmean2": 0.00247553433292,
        "dvar": 1.77538549906e-05,
        "dvar2": 4.56146772194e-05,
        "max": 0.122718624771,
        "mean": 0.00581043493003,
        "median": 0.00195332383737,
        "min": 1.68347435769e-22,
        "var": 8.46852781251e-05
    },
    "spectral_entropy": {
        "dmean": 0.132093951106,
        "dmean2": 0.200961589813,
        "dvar": 0.0172759369016,
        "dvar2": 0.0394043698907,
        "max": 9.82433319092,
        "mean": 6.75327920914,
        "median": 6.73097801208,
        "min": 4.86826610565,
        "var": 0.325968265533
    },
    "spectral_flux": {
        "dmean": 0.0115791894495,
        "dmean2": 0.0192472171038,
        "dvar": 0.000266278191702,
        "dvar2": 0.000751475279685,
        "max": 0.302502214909,
        "mean": 0.0436123721302,
        "median": 0.0338792949915,
        "min": 6.38462616109e-11,
        "var": 0.00151105667464
    },
    "spectral_kurtosis": {
        "dmean": 4.75607967377,
        "dmean2": 8.37798023224,
        "dvar": 19.398935318,
        "dvar2": 60.0567169189,
        "max": 58.8022193909,
        "mean": 11.6518297195,
        "median": 10.2715015411,
        "min": -1.26708173752,
        "var": 48.434967041
    },
    "spectral_rms": {
        "dmean": 0.000334661308443,
        "dmean2": 0.000482180766994,
        "dvar": 1.92370237073e-07,
        "dvar2": 4.41525344286e-07,
        "max": 0.0140358060598,
        "mean": 0.00270509230904,
        "median": 0.0021655743476,
        "min": 3.15138670368e-12,
        "var": 3.9020424083e-06
    },
    "spectral_rolloff": {
        "dmean": 286.030181885,
        "dmean2": 500.325653076,
        "dvar": 220339.140625,
        "dvar2": 486649.25,
        "max": 19552.1484375,
        "mean": 1801.14733887,
        "median": 1442.72460938,
        "min": 21.533203125,
        "var": 4718761.5
    },
    "spectral_skewness": {
        "dmean": 0.407771110535,
        "dmean2": 0.71074539423,
        "dvar": 0.124160543084,
        "dvar2": 0.381173491478,
        "max": 5.92920160294,
        "mean": 2.07764863968,
        "median": 1.95850527287,
        "min": -0.0938295945525,
        "var": 0.568028509617
    },
    "spectral_spread": {
        "dmean": 240644.96875,
        "dmean2": 392501.84375,
        "dvar": 261548097536,
        "dvar2": 438169894912,
        "max": 43342188,
        "mean": 2923657,
        "median": 2261599.5,
        "min": 1087492,
        "var": 1.99333500682e+13
    },
    "spectral_strongpeak": {
        "dmean": 0.595852673054,
        "dmean2": 0.976658761501,
        "dvar": 0.922279596329,
        "dvar2": 2.29134249687,
        "max": 17.1107654572,
        "mean": 1.18499875069,
        "median": 0.727213919163,
        "min": 0,
        "var": 2.02909517288
    },
    "zerocrossingrate": {
        "dmean": 0.00539048667997,
        "dmean2": 0.0067100818269,
        "dvar": 4.26262340625e-05,
        "dvar2": 5.3660638514e-05,
        "max": 0.5234375,
        "mean": 0.0586495883763,
        "median": 0.05224609375,
        "min": 0.005859375,
        "var": 0.00321088288911
    },
    "barkbands": {
        "dmean": [1.26802933664e-05, 7.20582975191e-05, 6.73205940984e-05, 0.00018290252774, 0.000324417982483, 0.000355789670721, 0.000512610713486, 0.000469254271593, 0.000744745775592, 0.000422663695645, 0.00059248902835, 0.00046438863501, 0.000506845419295, 0.000280822365312, 0.000196226697881, 0.000117638453958, 0.000279254745692, 0.000313217722578, 0.000125017380924, 1.34399015224e-05, 3.81131144422e-06, 1.96083647097e-06, 1.58422403729e-06, 8.09393043255e-07, 2.43522435994e-07, 3.12461843066e-08, 5.28372412489e-09],
        "dmean2": [2.12440154428e-05, 9.69111497398e-05, 9.56337971729e-05, 0.000201735689188, 0.000447126833024, 0.000446881895186, 0.000822441070341, 0.000736285059247, 0.00112867297139, 0.000660108285956, 0.000980189768597, 0.000749360595364, 0.000754616456106, 0.000448584818514, 0.000317262107274, 0.000195377040654, 0.000473586318549, 0.000523707189132, 0.000211240520002, 2.20540678129e-05, 6.20152241027e-06, 3.11843177769e-06, 2.41493057729e-06, 1.2345859659e-06, 3.77285402919e-07, 4.78977284502e-08, 8.79610517757e-09],
        "dvar": [1.56376564475e-10, 4.84835709358e-08, 4.47341150789e-08, 3.91720618609e-07, 7.81898393143e-07, 6.91822265253e-07, 5.08809853272e-06, 2.34844628721e-06, 7.33874912839e-06, 3.23749009112e-06, 7.43775171941e-06, 2.93868788503e-06, 2.7642220175e-06, 1.2937067595e-06, 1.14621286684e-06, 7.31533134513e-07, 9.21465641568e-07, 8.39865549551e-07, 1.28703177893e-07, 1.50652046393e-09, 1.26564536629e-10, 2.44073615485e-11, 2.05148068672e-11, 8.13289886825e-12, 8.19459463394e-13, 7.03612354537e-15, 3.93985437545e-16],
        "dvar2": [4.56996884779e-10, 1.02736407825e-07, 1.01169341349e-07, 5.55572910343e-07, 1.50610208038e-06, 1.13568660254e-06, 1.3866788322e-05, 6.17748628429e-06, 1.89637958101e-05, 7.53198492021e-06, 2.11474944081e-05, 7.82755432738e-06, 6.06867979513e-06, 3.35894469572e-06, 3.08003495775e-06, 1.46282047808e-06, 2.53743723988e-06, 2.09767017623e-06, 3.47698573933e-07, 3.99407440455e-09, 3.09303083146e-10, 5.96487303994e-11, 4.07874567454e-11, 1.8175292868e-11, 1.90793604873e-12, 1.62841304839e-14, 1.07410670442e-15],
        "max": [0.000212391081732, 0.0106728430837, 0.01291224733, 0.0285998098552, 0.0440611317754, 0.0349056571722, 0.0725982114673, 0.0397385880351, 0.10458881408, 0.0794723331928, 0.124053113163, 0.0660039186478, 0.0438504070044, 0.0370513238013, 0.0424554273486, 0.0678403675556, 0.0293038059026, 0.0287593230605, 0.00720008835196, 0.00125416461378, 0.000495727581438, 0.000221237758524, 0.000203767383937, 9.30560054258e-05, 2.88735664071e-05, 2.76353080153e-06, 7.70260157879e-07],
        "mean": [8.44066598802e-05, 0.000309604714857, 0.000194569773157, 0.000593575416133, 0.000900548649952, 0.000965930288658, 0.000861039152369, 0.000765595876146, 0.00138762453571, 0.00070142938057, 0.000974124821369, 0.000714130583219, 0.000881831685547, 0.000444484467153, 0.000284954439849, 0.000175458466401, 0.000487382756546, 0.000529371376615, 0.000191123152035, 3.21794977935e-05, 9.5991872513e-06, 5.06826427227e-06, 3.71881583305e-06, 1.73836576778e-06, 4.80197172692e-07, 9.1112802636e-08, 7.62297247547e-09],
        "median": [8.78816717886e-05, 2.94906021736e-05, 3.53023424395e-05, 3.66748463421e-05, 0.000205456832191, 0.000243029178819, 7.80056434451e-05, 0.000113426598546, 0.000141333352076, 6.0875514464e-05, 7.20164753147e-05, 9.24802006921e-05, 8.3635415649e-05, 3.98681222578e-05, 2.75135753327e-05, 2.03193012567e-05, 7.92994833319e-05, 0.000102962381789, 4.87239158247e-05, 1.20274489745e-06, 8.23321556709e-07, 1.25926931105e-06, 1.42623423471e-06, 5.46401906831e-07, 1.70344932826e-07, 5.21938403608e-08, 3.19428750117e-09],
        "min": [2.24563727338e-25, 1.79720066364e-24, 1.24791287103e-24, 1.76620336045e-24, 6.18182565337e-24, 7.37409503716e-24, 7.25129542663e-24, 8.30923284232e-24, 6.87780370903e-24, 1.42451886953e-23, 1.22108805038e-23, 1.73407451517e-23, 2.27315334326e-23, 2.98093307361e-23, 3.21926057485e-23, 3.80553821308e-23, 6.30243065286e-23, 1.00498026804e-22, 1.1203175384e-22, 1.67559811798e-22, 2.52194161343e-22, 3.05969837375e-22, 3.77461410829e-22, 5.79365954521e-22, 8.37764121919e-22, 1.17561853064e-21, 1.97566475143e-21],
        "var": [1.14198561718e-09, 7.24134793018e-07, 2.63634063913e-07, 3.263539611e-06, 3.87339832741e-06, 4.54646442449e-06, 8.8336855697e-06, 4.03728427045e-06, 1.42874514495e-05, 7.09625101081e-06, 1.6546320694e-05, 4.22637867814e-06, 7.01583394402e-06, 1.88448859717e-06, 1.43474971992e-06, 9.4478190249e-07, 2.29532611229e-06, 1.59242972586e-06, 1.91692521412e-07, 6.45201758687e-09, 5.37937416834e-10, 1.21361656835e-10, 7.94227045242e-11, 1.77083018388e-11, 1.29484465684e-12, 2.11316068674e-14, 4.34812557951e-16]
    },
    "erbbands": {
        "dmean": [0.00101144914515, 0.0200469661504, 0.0746213644743, 0.327390015125, 0.871667683125, 1.23623275757, 1.93058264256, 3.01965117455, 4.58824300766, 10.7381954193, 10.2319602966, 16.2479972839, 14.6331825256, 18.3033638, 16.5239238739, 18.2182044983, 19.9505653381, 16.2587509155, 9.83868408203, 8.20396137238, 6.78799247742, 14.4693632126, 16.8378887177, 10.0940322876, 2.38351464272, 0.541013598442, 0.220491483808, 0.118583232164, 0.0835397094488, 0.0583385936916, 0.0454183481634, 0.0194412712008, 0.0131297959015, 0.00446066772565, 0.0007315800176, 0.000170004568645, 5.73036850255e-05, 1.37327124321e-05, 1.84286557214e-06, 3.21591414831e-06],
        "dmean2": [0.00152830046136, 0.0267249979079, 0.102184034884, 0.362157464027, 1.08082640171, 1.77910673618, 2.68222737312, 3.65520191193, 6.99879550934, 17.4366817474, 15.8570899963, 24.4397640228, 22.5161685944, 30.2546920776, 27.2152767181, 28.9895591736, 29.7322540283, 24.3137149811, 15.8542528152, 12.9224243164, 11.1477775574, 24.1016731262, 27.6759815216, 16.378238678, 3.97327136993, 0.884273529053, 0.365975499153, 0.192828461528, 0.135716974735, 0.0913646891713, 0.070100300014, 0.0297912899405, 0.020193407312, 0.00684906309471, 0.00112571381032, 0.000265819282504, 8.69725990924e-05, 2.16114112845e-05, 2.79334312836e-06, 4.77247613162e-06],
        "dvar": [8.91352283361e-06, 0.00375424721278, 0.0522699132562, 1.31188094616, 5.11198425293, 16.6167373657, 26.4388961792, 69.8737564087, 309.286071777, 2711.61523438, 996.286560059, 3325.64526367, 3476.08544922, 8716.90722656, 3346.35766602, 5017.20703125, 3967.99169922, 2206.89038086, 2706.74926758, 3581.10131836, 644.063049316, 2335.77636719, 2414.31958008, 696.645324707, 40.4136695862, 2.14400219917, 0.385530173779, 0.127360031009, 0.0514318086207, 0.0261768978089, 0.0181114617735, 0.00391086330637, 0.00320099946111, 0.000319812068483, 5.77935952606e-06, 2.46641775448e-07, 2.12022985835e-08, 1.16625986646e-09, 2.41551431635e-11, 4.38233720146e-11],
        "dvar2": [1.98402685783e-05, 0.0079270163551, 0.115034818649, 1.75240921974, 8.28586387634, 33.5769271851, 55.5283622742, 99.6034317017, 797.030883789, 7761.39746094, 2488.14916992, 8323.48046875, 9258.52050781, 24893.0742188, 9410.015625, 13359.9765625, 8653.69335938, 5104.13037109, 6834.72070312, 7733.32519531, 1681.92651367, 6224.20166016, 5836.46630859, 1813.07385254, 109.935203552, 5.56008195877, 1.00838291645, 0.316718369722, 0.125320523977, 0.0613849125803, 0.0370996557176, 0.00855148490518, 0.00739283207804, 0.000765730103012, 1.2589646758e-05, 5.76215313686e-07, 4.71559609139e-08, 2.78175393831e-09, 6.42197753309e-11, 1.08188985548e-10],
        "max": [0.167475581169, 2.89082932472, 14.2093009949, 58.3784675598, 121.736434937, 137.691436768, 181.312850952, 451.338531494, 541.056518555, 1767.54663086, 946.004516602, 2219.18017578, 1889.48864746, 3687.98876953, 1712.51708984, 2956.34545898, 1689.51464844, 1544.68701172, 1644.12695312, 5227.04980469, 838.438659668, 1908.00720215, 1494.2331543, 439.253173828, 133.672546387, 40.7815666199, 24.0706882477, 18.5920658112, 11.8006944656, 6.62511348724, 6.53901386261, 2.12803173065, 2.50939106941, 0.631427645683, 0.0815717428923, 0.0182870216668, 0.00502553535625, 0.00111173291225, 0.000220569578232, 0.000242308829911],
        "mean": [0.0038642748259, 0.0866027399898, 0.259946465492, 1.11727261543, 2.74859070778, 3.07608103752, 5.06798315048, 8.08538150787, 8.73848724365, 17.8988571167, 19.3146457672, 31.3962593079, 27.4757900238, 31.5676765442, 29.3985080719, 29.8737163544, 36.0302696228, 30.185256958, 16.0467834473, 13.3277330399, 13.1537380219, 27.8068962097, 30.2714920044, 18.0605869293, 4.81701564789, 1.41606879234, 0.566497921944, 0.311053097248, 0.203566744924, 0.141659855843, 0.103679656982, 0.0467453077435, 0.0249912850559, 0.00862184539437, 0.00185994361527, 0.000490230508149, 0.000162455937243, 3.30996335833e-05, 7.40466157367e-06, 1.39103321999e-05],
        "median": [0.000644928892143, 0.00872016698122, 0.044140085578, 0.121863394976, 0.39755281806, 0.627428889275, 1.50064182281, 1.55249857903, 1.30926394463, 1.91397881508, 4.04873561859, 3.94754552841, 3.07794237137, 3.35511636734, 4.28487491608, 4.79507064819, 4.93379402161, 4.77213191986, 2.6833486557, 1.83420753479, 2.1155500412, 5.68806552887, 6.46011686325, 4.55160188675, 1.35349071026, 0.157556533813, 0.0468228980899, 0.0316212698817, 0.0441858433187, 0.0527446717024, 0.0394522771239, 0.0151272388175, 0.00724425725639, 0.00269374856725, 0.000815607607365, 0.000266985356575, 9.45973297348e-05, 1.80134084076e-05, 3.48279263562e-06, 5.90810077483e-06],
        "min": [5.88087916233e-23, 3.55719015886e-22, 1.663076106e-21, 4.89643060863e-21, 1.16613660936e-20, 1.88808126874e-20, 3.639156548e-20, 6.2033660406e-20, 1.04982280139e-19, 1.09206025906e-19, 2.94092460415e-19, 2.36695767728e-19, 4.46707929666e-19, 6.29050538223e-19, 7.01602859943e-19, 1.4001077217e-18, 1.49134781121e-18, 2.25293765408e-18, 2.15070805654e-18, 3.28981744411e-18, 3.15922030784e-18, 4.39707500142e-18, 4.52249543462e-18, 5.94976166717e-18, 7.36462143131e-18, 7.87668345361e-18, 9.16638624157e-18, 1.0120946051e-17, 1.09802816555e-17, 1.14511103786e-17, 1.00962067333e-17, 9.83543721797e-18, 1.0266379292e-17, 7.54817198206e-18, 6.06220156861e-18, 4.04693771993e-18, 2.3281308533e-18, 9.11453463167e-19, 2.43550199874e-19, 2.58375163457e-20],
        "var": [0.000123663339764, 0.055427223444, 0.407840073109, 11.3859062195, 41.2254714966, 61.3098068237, 144.162231445, 452.636138916, 636.581298828, 4005.37451172, 2084.79199219, 7214.49853516, 8125.42480469, 18688.6035156, 7932.58642578, 7557.36181641, 9494.24609375, 4761.88769531, 3705.58764648, 5772.37744141, 1727.3359375, 6160.50195312, 5169.16992188, 1488.59655762, 104.088615417, 11.1682682037, 1.46892797947, 0.620660960674, 0.21731877327, 0.0989606380463, 0.0629262924194, 0.012499297969, 0.00542730372399, 0.00049694464542, 1.37001306939e-05, 6.49050150514e-07, 7.05124065803e-08, 3.18896731244e-09, 1.24302609872e-10, 4.55858184534e-10]
    },
    "gfcc": {
        "mean": [-151.602279663, 134.266082764, -154.865127563, 11.1321048737, -48.5553665161, -4.83276557922, -39.2411079407, 4.18754339218, -18.4168930054, -17.4737148285, 0.917221784592, -0.944484889507, -13.2347011566],
        "cov": [[24220.8496094, 2037.19921875, -5142.59326172, -276.825897217, -395.413604736, -500.252471924, 56.3181877136, 16.8381519318, 3.2886967659, -424.590454102, -79.8050918579, -435.898132324, -560.984924316], [2037.19921875, 1512.48425293, 117.190589905, -48.8128929138, -19.829864502, -66.1939315796, 55.3219223022, -194.691543579, 8.0822095871, 35.2233390808, -165.186065674, -267.032196045, 115.343032837], [-5142.59326172, 117.190589905, 1829.53869629, 315.943359375, -48.9267578125, 111.46105957, -93.5867462158, -115.147476196, -91.8306503296, 56.7689743042, -105.91683197, 44.168636322, 203.771957397], [-276.825897217, -48.8128929138, 315.943359375, 338.858001709, -14.1786489487, -2.57708239555, -80.4551010132, -52.9585418701, -14.5182676315, 21.0094490051, -66.0183181763, -2.813144207, 48.2699966431], [-395.413604736, -19.829864502, -48.9267578125, -14.1786489487, 287.517547607, 32.4874954224, -16.3301639557, 3.39567136765, 13.8055582047, -15.4224443436, 30.8796272278, -9.4164981842, -42.0673789978], [-500.252471924, -66.1939315796, 111.46105957, -2.57708239555, 32.4874954224, 171.631866455, 23.1319332123, 0.393149912357, -22.499464035, 12.0706033707, 0.730027258396, 16.5169677734, -2.54423046112], [56.3181877136, 55.3219223022, -93.5867462158, -80.4551010132, -16.3301639557, 23.1319332123, 309.582244873, 20.5006713867, 24.0674858093, 17.5382118225, -55.7268867493, -46.957195282, 0.593479454517], [16.8381519318, -194.691543579, -115.147476196, -52.9585418701, 3.39567136765, 0.393149912357, 20.5006713867, 220.939941406, 8.46796894073, -112.021720886, 69.9735336304, 80.6314926147, -62.5774230957], [3.2886967659, 8.0822095871, -91.8306503296, -14.5182676315, 13.8055582047, -22.499464035, 24.0674858093, 8.46796894073, 171.049835205, 136.259216309, -34.0953788757, -88.9903869629, 27.2205886841], [-424.590454102, 35.2233390808, 56.7689743042, 21.0094490051, -15.4224443436, 12.0706033707, 17.5382118225, -112.021720886, 136.259216309, 346.601409912, -40.4381446838, -126.616348267, 87.4477615356], [-79.8050918579, -165.186065674, -105.91683197, -66.0183181763, 30.8796272278, 0.730027258396, -55.7268867493, 69.9735336304, -34.0953788757, -40.4381446838, 190.100631714, 142.341064453, -57.792098999], [-435.898132324, -267.032196045, 44.168636322, -2.813144207, -9.4164981842, 16.5169677734, -46.957195282, 80.6314926147, -88.9903869629, -126.616348267, 142.341064453, 270.174316406, -23.8058319092], [-560.984924316, 115.343032837, 203.771957397, 48.2699966431, -42.0673789978, -2.54423046112, 0.593479454517, -62.5774230957, 27.2205886841, 87.4477615356, -57.792098999, -23.8058319092, 175.435913086]],
        "icov": [[0.000401518278522, -0.000736008340027, 0.00135146651883, -0.00097024650313, 0.000744780933019, -0.000113507463539, 0.000267884228379, -9.95782247628e-05, 0.000394368020352, 7.1217182267e-05, 0.00032304803608, -0.000156085952767, 0.000594091427047], [-0.000736008340027, 0.00235004723072, -0.00256359530613, 0.0021008590702, -0.0013359276345, 0.00050485227257, -0.000598551239818, 0.000909591908567, -0.000628925161436, 0.000523615686689, -0.000904153159354, 0.00148409977555, -0.00174537894782], [0.00135146651883, -0.00256359530613, 0.00536365201697, -0.00382806104608, 0.00249305739999, -0.000869732990395, 0.00104992778506, -0.000454718043329, 0.00183429615572, 1.96086275537e-05, 0.00143121334258, -0.000836742925458, 0.00131328497082], [-0.00097024650313, 0.0021008590702, -0.00382806104608, 0.00661806669086, -0.00193854630925, 0.000817507039756, 0.000452548119938, 0.000583774759434, -0.000706628081389, -0.000461976247607, 0.00142436777242, -0.000325063505443, -0.00133957946673], [0.000744780933019, -0.0013359276345, 0.00249305739999, -0.00193854630925, 0.00533649511635, -0.00124142796267, 0.00061191705754, 0.000531858124305, -0.000443813245511, 0.00103100179695, -0.000759987451602, 0.000552499433979, 0.00172636145726], [-0.000113507463539, 0.00050485227257, -0.000869732990395, 0.000817507039756, -0.00124142796267, 0.00693696597591, -0.000652935821563, -0.000447611091658, 0.00161179015413, -0.00129041809123, 0.00077932147542, -0.000436377275037, 0.000326514331391], [0.000267884228379, -0.000598551239818, 0.00104992778506, 0.000452548119938, 0.00061191705754, -0.000652935821563, 0.0042090578936, -0.000976947019808, 0.000480262271594, -0.000549155636691, 0.00239180703647, -0.000548979791347, 0.000593283039052], [-9.95782247628e-05, 0.000909591908567, -0.000454718043329, 0.000583774759434, 0.000531858124305, -0.000447611091658, -0.000976947019808, 0.00842003710568, -0.00432940060273, 0.00391788454726, -0.00256668380462, -1.60356466949e-05, 0.000449992890935], [0.000394368020352, -0.000628925161436, 0.00183429615572, -0.000706628081389, -0.000443813245511, 0.00161179015413, 0.000480262271594, -0.00432940060273, 0.0126823103055, -0.00531950732693, 0.00211328314617, 0.0015130371321, -0.000305298628518], [7.1217182267e-05, 0.000523615686689, 1.96086275537e-05, -0.000461976247607, 0.00103100179695, -0.00129041809123, -0.000549155636691, 0.00391788454726, -0.00531950732693, 0.00766521552578, -0.00373145425692, 0.00308760418557, -0.00219000596553], [0.00032304803608, -0.000904153159354, 0.00143121334258, 0.00142436777242, -0.000759987451602, 0.00077932147542, 0.00239180703647, -0.00256668380462, 0.00211328314617, -0.00373145425692, 0.0140619557351, -0.00762727484107, 0.00360799836926], [-0.000156085952767, 0.00148409977555, -0.000836742925458, -0.000325063505443, 0.000552499433979, -0.000436377275037, -0.000548979791347, -1.60356466949e-05, 0.0015130371321, 0.00308760418557, -0.00762727484107, 0.0106933303177, -0.00312658329494], [0.000594091427047, -0.00174537894782, 0.00131328497082, -0.00133957946673, 0.00172636145726, 0.000326514331391, 0.000593283039052, 0.000449992890935, -0.000305298628518, -0.00219000596553, 0.00360799836926, -0.00312658329494, 0.0100709730759]]
    },
    "melbands": {
        "dmean": [1.48066619658e-05, 3.35341937898e-05, 7.25953068468e-05, 7.59685499361e-05, 6.2336686824e-05, 6.84918704792e-05, 8.11787103885e-05, 0.000113710259029, 9.05177585082e-05, 0.000106578532723, 7.33659617254e-05, 7.12225664756e-05, 6.64551989757e-05, 4.20695832872e-05, 5.72765457036e-05, 4.85762720928e-05, 3.03735323541e-05, 1.72520103661e-05, 1.5867588445e-05, 8.34068487165e-06, 9.16852968658e-06, 1.63490003615e-05, 2.03194886126e-05, 1.29826175908e-05, 9.38305129239e-06, 3.00828196487e-06, 8.3477368662e-07, 3.0372115134e-07, 1.9441257848e-07, 1.02583477712e-07, 6.28862864005e-08, 5.90129189959e-08, 3.26734337364e-08, 3.57348568514e-08, 3.25128546308e-08, 1.78070660439e-08, 1.15113394372e-08, 1.069403055e-08, 7.49006723311e-09, 3.02455505086e-09],
        "dmean2": [2.07635221159e-05, 4.57091082353e-05, 8.18262706161e-05, 0.000102504360257, 8.65913025336e-05, 8.42594454298e-05, 0.000126175043988, 0.000183491312782, 0.000140262724017, 0.000159597126185, 0.000113414462248, 0.000117848619993, 0.00011076037481, 6.69912042213e-05, 8.85235567694e-05, 7.10184394848e-05, 4.66561505164e-05, 2.81724369415e-05, 2.52606459981e-05, 1.31336446429e-05, 1.5298184735e-05, 2.73860041489e-05, 3.38828976965e-05, 2.15331656364e-05, 1.54039826157e-05, 5.15235478815e-06, 1.3732694697e-06, 5.04145077684e-07, 3.27253872001e-07, 1.65769705518e-07, 1.04001955492e-07, 9.70072449036e-08, 5.23046068679e-08, 5.6654911873e-08, 5.08376238884e-08, 2.81125878132e-08, 1.8022898729e-08, 1.67209730506e-08, 1.16022889074e-08, 4.74414996177e-09],
        "dvar": [1.93489024802e-09, 1.02111892275e-08, 4.75507171416e-08, 4.36126370573e-08, 2.57448764529e-08, 3.08500069934e-08, 1.03068337864e-07, 2.6683758847e-07, 1.00399631719e-07, 1.46495324316e-07, 9.20146732142e-08, 1.31104883394e-07, 7.6150620032e-08, 1.77450942829e-08, 6.05547043619e-08, 2.91306587741e-08, 9.84821202366e-09, 9.71195479593e-09, 8.14797740389e-09, 5.79858117078e-09, 1.54145174402e-09, 3.19429993567e-09, 4.67678473726e-09, 1.22932630742e-09, 6.36276697996e-10, 9.70362470931e-11, 6.50637790173e-12, 7.4467347436e-13, 3.2273524673e-13, 1.02916420774e-13, 3.61806091543e-14, 2.94409848334e-14, 6.64101232163e-15, 1.10476423609e-14, 1.01026763113e-14, 2.91372854053e-15, 1.85147023886e-15, 2.32184669271e-15, 1.23634114827e-15, 1.3755386253e-16],
        "dvar2": [4.15001188969e-09, 2.24277965089e-08, 6.78400979837e-08, 8.12099756331e-08, 5.41352811467e-08, 4.69024676875e-08, 2.71013050224e-07, 7.59675060635e-07, 2.55332565757e-07, 3.62204161775e-07, 2.48341251563e-07, 3.68274811535e-07, 2.21644526732e-07, 4.53401689526e-08, 1.39514185094e-07, 6.11958554941e-08, 2.43319835391e-08, 2.41668125511e-08, 2.14477413607e-08, 1.03126112094e-08, 4.26933599584e-09, 8.7247746805e-09, 1.05829940367e-08, 3.32911942458e-09, 1.65913005556e-09, 2.69043981538e-10, 1.73825103617e-11, 1.96946799147e-12, 8.74081406213e-13, 2.42791057441e-13, 9.53920780257e-14, 7.40229614258e-14, 1.66697269866e-14, 2.57330659196e-14, 2.05227714434e-14, 6.81861141375e-15, 4.17249700367e-15, 5.3778939208e-15, 3.23485080106e-15, 3.20851554088e-16],
        "max": [0.0022453723941, 0.00535291619599, 0.0095257749781, 0.0120729282498, 0.00469896523282, 0.0086580356583, 0.00901586003602, 0.016846915707, 0.0129124093801, 0.013462590985, 0.00925164856017, 0.0137047898024, 0.0109071647748, 0.0040406184271, 0.00809616968036, 0.00574327539653, 0.00307303876616, 0.00314582651481, 0.00353729864582, 0.00694563705474, 0.00139304308686, 0.00201336760074, 0.00251017650589, 0.00116464181338, 0.00042955452227, 0.000232901933487, 7.55705477786e-05, 2.39315559156e-05, 1.77520814759e-05, 1.75946443051e-05, 9.30699661694e-06, 8.00909674581e-06, 3.45815965375e-06, 4.31798889622e-06, 5.36052084499e-06, 1.98957809516e-06, 1.49013828832e-06, 2.34523713516e-06, 1.58236537118e-06, 4.1072962631e-07],
        "mean": [6.42870727461e-05, 0.000130608183099, 0.000247924763244, 0.000214240077185, 0.000164825833053, 0.000183142881724, 0.000149227795191, 0.000190132283024, 0.000169201972312, 0.000201245726203, 0.000132972199935, 0.000119336255011, 0.000113475813123, 6.85799095663e-05, 8.48787312862e-05, 9.04482585611e-05, 5.1759841881e-05, 2.59007902059e-05, 2.37305521296e-05, 1.25726719489e-05, 1.62633205036e-05, 2.83991375909e-05, 3.13400742016e-05, 2.26129286602e-05, 1.44336827361e-05, 4.5284641601e-06, 1.77823858394e-06, 6.9369434641e-07, 4.11123380673e-07, 2.27708994771e-07, 1.4396286474e-07, 1.24215517872e-07, 7.9162397526e-08, 7.53383559982e-08, 6.56370104934e-08, 3.98190422857e-08, 2.36341506366e-08, 1.8670336388e-08, 1.23423165022e-08, 5.45517631068e-09],
        "median": [1.00371344161e-05, 1.88396315934e-05, 2.98802551697e-05, 4.30981272075e-05, 5.20453977515e-05, 3.8878981286e-05, 2.02660812647e-05, 2.00242429855e-05, 2.95627723972e-05, 2.07521079574e-05, 1.11441677291e-05, 1.02779249573e-05, 1.16144819913e-05, 8.9237382781e-06, 8.07898413768e-06, 5.81460972171e-06, 6.71586076351e-06, 2.91477272185e-06, 2.02589535547e-06, 1.66651193467e-06, 1.86684360415e-06, 4.23868732469e-06, 5.84987174079e-06, 4.68086000183e-06, 2.99662110592e-06, 9.19061903915e-07, 1.14851125943e-07, 2.44434730234e-08, 2.10526245326e-08, 2.00971044251e-08, 1.38942439776e-08, 2.1214656698e-08, 2.5564293793e-08, 2.64482480361e-08, 2.29475194402e-08, 1.31935973258e-08, 5.88980908489e-09, 4.54424764484e-09, 3.16979198445e-09, 1.5867511749e-09],
        "min": [8.56777589033e-25, 1.00290618312e-24, 1.29764256389e-24, 1.02279533869e-24, 1.38922892056e-24, 1.51361502898e-24, 1.7355498034e-24, 7.89932523457e-25, 2.65481198005e-24, 1.25856900136e-24, 2.14919809095e-24, 2.39760210696e-24, 2.1489383585e-24, 3.1430938062e-24, 2.10524512789e-24, 2.35545149386e-24, 3.46063023929e-24, 3.0716802006e-24, 2.41607683493e-24, 3.26531597055e-24, 3.43635501708e-24, 2.79583920787e-24, 3.07905033082e-24, 4.59158619808e-24, 3.4938957148e-24, 4.12979925151e-24, 4.1419224659e-24, 4.66772823595e-24, 4.76760197085e-24, 5.14397500291e-24, 5.38297382478e-24, 4.55052362138e-24, 5.01494654667e-24, 5.1581070516e-24, 5.03696247124e-24, 5.27319554678e-24, 5.86006151747e-24, 6.42158651488e-24, 5.66223492397e-24, 5.72470955222e-24],
        "var": [2.82264451812e-08, 1.03053281464e-07, 4.12428050822e-07, 2.32069382378e-07, 1.28665703869e-07, 1.92153393641e-07, 2.00156037522e-07, 4.07465137187e-07, 1.93118452785e-07, 3.25096891629e-07, 2.09712638366e-07, 2.762403426e-07, 1.68625348351e-07, 3.33601164471e-08, 9.37237345511e-08, 9.8724960651e-08, 1.6857377716e-08, 1.30519399733e-08, 1.13365672405e-08, 8.86432705016e-09, 3.75337938507e-09, 7.7348030203e-09, 8.410982133e-09, 2.59005039638e-09, 1.09481301802e-09, 1.37172259662e-10, 2.27162750416e-11, 2.81049467553e-12, 8.66241757144e-13, 3.23317436192e-13, 1.42612457217e-13, 9.76650536702e-14, 2.63393534685e-14, 3.30258518829e-14, 2.94384640634e-14, 9.77178881974e-15, 3.89600173276e-15, 3.53239399367e-15, 1.57526666492e-15, 2.13669606364e-16]
    },
    "mfcc": {
        "mean": [-777.802856445, 159.973876953, -34.0788650513, 13.2007894516, 7.75741481781, -11.8550024033, -7.96523237228, 14.2281999588, -17.6562786102, -8.0801410675, 5.7146487236, -1.26130914688, -6.78147125244],
        "cov": [[12603.8818359, 1380.80810547, -3279.99511719, 116.733360291, -885.836608887, -59.1905822754, -186.335449219, 183.788574219, 54.9324455261, 366.338104248, 75.943145752, 216.651687622, -83.206993103], [1380.80810547, 1509.27661133, -19.9835891724, 4.17245817184, -54.7564468384, 33.7240447998, 33.8189582825, -116.315002441, 107.649284363, 64.8205566406, -110.698249817, -20.065612793, -49.1574401855], [-3279.99511719, -19.9835891724, 1509.56518555, 166.974685669, 149.990447998, 94.9083175659, 58.1946182251, -159.564498901, 68.4857940674, -68.0367355347, -197.400482178, -112.991973877, -21.1420555115], [116.733360291, 4.17245817184, 166.974685669, 303.429534912, -10.2364768982, 71.4231491089, -41.9749488831, -111.985954285, 59.6842803955, 52.2772445679, -86.7313613892, -38.2824058533, 10.8290843964], [-885.836608887, -54.7564468384, 149.990447998, -10.2364768982, 458.425384521, -58.0492401123, -45.8557243347, 85.0802078247, -145.884292603, -121.152420044, 74.3739318848, -73.8492202759, -24.897228241], [-59.1905822754, 33.7240447998, 94.9083175659, 71.4231491089, -58.0492401123, 272.939483643, 21.1405105591, -200.884628296, 102.267059326, 96.6311340332, -79.2788848877, -2.95580124855, 7.33064079285], [-186.335449219, 33.8189582825, 58.1946182251, -41.9749488831, -45.8557243347, 21.1405105591, 159.295440674, 72.7479934692, 2.55976390839, -49.9128074646, -2.63319897652, 8.9564332962, -1.1223512888], [183.788574219, -116.315002441, -159.564498901, -111.985954285, 85.0802078247, -200.884628296, 72.7479934692, 525.012756348, -204.750747681, -223.118164062, 86.0993041992, -44.7892341614, -66.885383606], [54.9324455261, 107.649284363, 68.4857940674, 59.6842803955, -145.884292603, 102.267059326, 2.55976390839, -204.750747681, 309.259185791, 188.625198364, -94.9850540161, 10.0509262085, 10.8496742249], [366.338104248, 64.8205566406, -68.0367355347, 52.2772445679, -121.152420044, 96.6311340332, -49.9128074646, -223.118164062, 188.625198364, 302.203552246, -39.4324264526, 20.9903945923, -15.4072875977], [75.943145752, -110.698249817, -197.400482178, -86.7313613892, 74.3739318848, -79.2788848877, -2.63319897652, 86.0993041992, -94.9850540161, -39.4324264526, 212.583450317, 60.497253418, 16.675031662], [216.651687622, -20.065612793, -112.991973877, -38.2824058533, -73.8492202759, -2.95580124855, 8.9564332962, -44.7892341614, 10.0509262085, 20.9903945923, 60.497253418, 165.440292358, 81.7768936157], [-83.206993103, -49.1574401855, -21.1420555115, 10.8290843964, -24.897228241, 7.33064079285, -1.1223512888, -66.885383606, 10.8496742249, -15.4072875977, 16.675031662, 81.7768936157, 185.830596924]],
