{
"lowlevel": {
    "average_loudness": 0.00268922769465,
    "barkbands_crest": {
        "dmean": 2.04202389717,
        "dmean2": 3.28855490685,
        "dvar": 4.49068212509,
        "dvar2": 12.3343982697,
        "max": 26.9474391937,
        "mean": 11.1634569168,
        "median": 10.1106615067,
        "min": 3.45398521423,
        "var": 20.6195659637
    },
    "barkbands_flatness_db": {
        "dmean": 0.0167076960206,
        "dmean2": 0.0260258819908,
        "dvar": 0.000473233289085,
        "dvar2": 0.00130022119265,
        "max": 0.679226100445,
        "mean": 0.252304553986,
        "median": 0.242313712835,
        "min": 0.0508264042437,
        "var": 0.0076908506453
    },
    "barkbands_kurtosis": {
        "dmean": 25.6704101562,
        "dmean2": 46.4964485168,
        "dvar": 62601.984375,
        "dvar2": 200128.65625,
        "max": 7444.1796875,
        "mean": 25.2747249603,
        "median": 2.00099229813,
        "min": -1.86021649837,
        "var": 53312.7070312
    },
    "barkbands_skewness": {
        "dmean": 0.732690095901,
        "dmean2": 1.24251258373,
        "dvar": 6.02130889893,
        "dvar2": 18.7929954529,
        "max": 76.9469528198,
        "mean": 1.16923081875,
        "median": 0.825308263302,
        "min": -8.58088111877,
        "var": 12.7515325546
    },
    "barkbands_spread": {
        "dmean": 2.39956068993,
        "dmean2": 3.91397213936,
        "dvar": 19.4186534882,
        "dvar2": 53.4596977234,
        "max": 128.860183716,
        "mean": 9.83368301392,
        "median": 8.40679550171,
        "min": 0.0230261236429,
        "var": 57.2561340332
    },
    "dissonance": {
        "dmean": 0.0319626219571,
        "dmean2": 0.0534799657762,
        "dvar": 0.000920850900002,
        "dvar2": 0.00250240811147,
        "max": 0.499912649393,
        "mean": 0.397867023945,
        "median": 0.411117851734,
        "min": 0.0381218641996,
        "var": 0.00429714331403
    },
    "dynamic_complexity": 8.83542251587,
    "erbbands_crest": {
        "dmean": 2.30762219429,
        "dmean2": 3.4736828804,
        "dvar": 5.00756168365,
        "dvar2": 11.4757595062,
        "max": 32.6495666504,
        "mean": 12.7202377319,
        "median": 11.5438346863,
        "min": 2.31732392311,
        "var": 32.3810691833
    },
    "erbbands_flatness_db": {
        "dmean": 0.0122086321935,
        "dmean2": 0.0176486335695,
        "dvar": 0.000127572973724,
        "dvar2": 0.000261771143414,
        "max": 0.563725829124,
        "mean": 0.277471780777,
        "median": 0.26713731885,
        "min": 0.021353457123,
        "var": 0.00635667983443
    },
    "erbbands_kurtosis": {
        "dmean": 1.28535187244,
        "dmean2": 1.91904079914,
        "dvar": 7.1437869072,
        "dvar2": 15.8713541031,
        "max": 186.103866577,
        "mean": 2.45633721352,
        "median": 0.82495880127,
        "min": -1.78579545021,
        "var": 36.0199279785
    },
    "erbbands_skewness": {
        "dmean": 0.31072551012,
        "dmean2": 0.450473755598,
        "dvar": 0.0905911102891,
        "dvar2": 0.188822105527,
        "max": 5.82054138184,
        "mean": 0.814359664917,
        "median": 0.777898967266,
        "min": -5.42130327225,
        "var": 0.878281652927
    },
    "erbbands_spread": {
        "dmean": 3.13842821121,
        "dmean2": 4.79756355286,
        "dvar": 18.4381885529,
        "dvar2": 47.8285636902,
        "max": 153.427902222,
        "mean": 17.8674812317,
        "median": 15.9042406082,
        "min": 0.275651007891,
        "var": 197.716018677
    },
    "hfc": {
        "dmean": 1.34256005287,
        "dmean2": 2.01734900475,
        "dvar": 12.707572937,
        "dvar2": 31.1806697845,
        "max": 132.482711792,
        "mean": 7.11422920227,
        "median": 1.23481023312,
        "min": 1.07396935274e-16,
        "var": 196.623306274
    },
    "melbands_crest": {
        "dmean": 2.17946243286,
        "dmean2": 3.26349830627,
        "dvar": 5.15046596527,
        "dvar2": 12.5740222931,
        "max": 39.8993759155,
        "mean": 14.5918312073,
        "median": 13.3145570755,
        "min": 1.524315238,
        "var": 39.9307594299
    },
    "melbands_flatness_db": {
        "dmean": 0.0148024437949,
        "dmean2": 0.0215848106891,
        "dvar": 0.000295455887681,
        "dvar2": 0.000706356542651,
        "max": 0.710962474346,
        "mean": 0.329400211573,
        "median": 0.322453826666,
        "min": 0.0030096671544,
        "var": 0.0112939532846
    },
    "melbands_kurtosis": {
        "dmean": 32.8398513794,
        "dmean2": 57.1928329468,
        "dvar": 145991.25,
        "dvar2": 406436.21875,
        "max": 20540.0742188,
        "mean": 43.943572998,
        "median": 3.89717245102,
        "min": -1.91395401955,
        "var": 188410.453125
    },
    "melbands_skewness": {
        "dmean": 0.667251110077,
        "dmean2": 1.06066262722,
        "dvar": 5.59573078156,
        "dvar2": 14.7769813538,
        "max": 106.763710022,
        "mean": 1.86276090145,
        "median": 1.32652032375,
        "min": -8.12992477417,
        "var": 20.8483219147
    },
    "melbands_spread": {
        "dmean": 2.34841251373,
        "dmean2": 3.61865186691,
        "dvar": 23.1761188507,
        "dvar2": 62.2595062256,
        "max": 163.415252686,
        "mean": 12.6379528046,
        "median": 9.73430156708,
        "min": 0.0152760325,
        "var": 217.948364258
    },
    "pitch_salience": {
        "dmean": 0.0559112355113,
        "dmean2": 0.0903526470065,
        "dvar": 0.00277014868334,
        "dvar2": 0.00728809693828,
        "max": 0.821603417397,
        "mean": 0.526764690876,
        "median": 0.538501024246,
        "min": 0.0165675133467,
        "var": 0.0151784401387
    },
    "silence_rate_20dB": {
        "dmean": 0.000179953218321,
        "dmean2": 0.000359938800102,
        "dvar": 0.000179895490874,
        "dvar2": 0.000359894445864,
        "max": 1,
        "mean": 0.999640107155,
        "median": 1,
        "min": 0,
        "var": 0.000359829806257
    },
    "silence_rate_30dB": {
        "dmean": 0.00197948538698,
        "dmean2": 0.00395932700485,
        "dvar": 0.00197548535652,
        "dvar2": 0.00484317075461,
        "max": 1,
        "mean": 0.994152069092,
        "median": 1,
        "min": 0,
        "var": 0.00581157766283
    },
    "silence_rate_60dB": {
        "dmean": 0.0305920466781,
        "dmean2": 0.0611895993352,
        "dvar": 0.0296580884606,
        "dvar2": 0.0664384961128,
        "max": 1,
        "mean": 0.543769657612,
        "median": 1,
        "min": 0,
        "var": 0.248101741076
    },
    "spectral_centroid": {
        "dmean": 77.3596038818,
        "dmean2": 117.614448547,
        "dvar": 30856.6660156,
        "dvar2": 56026.46875,
        "max": 11903.2705078,
        "mean": 815.863952637,
        "median": 596.16607666,
        "min": 137.403564453,
        "var": 1243485.375
    },
    "spectral_complexity": {
        "dmean": 1.04948711395,
        "dmean2": 1.76855933666,
        "dvar": 1.40635442734,
        "dvar2": 3.67417669296,
        "max": 32,
        "mean": 8.1516866684,
        "median": 6,
        "min": 0,
        "var": 45.5901489258
    },
    "spectral_decrease": {
        "dmean": 5.32641819539e-10,
        "dmean2": 7.76620157072e-10,
        "dvar": 2.55869400737e-18,
        "dvar2": 6.38932130878e-18,
        "max": 1.60121334094e-28,
        "mean": -2.97009727923e-09,
        "median": -7.04069413882e-10,
        "min": -1.42871073194e-07,
        "var": 3.43388513393e-17
    },
    "spectral_energy": {
        "dmean": 0.00211145239882,
        "dmean2": 0.00308487564325,
        "dvar": 3.91287248931e-05,
        "dvar2": 9.75952207227e-05,
        "max": 0.549776494503,
        "mean": 0.0118550993502,
        "median": 0.00277561903931,
        "min": 1.00086794245e-20,
        "var": 0.000538059975952
    },
    "spectral_energyband_high": {
        "dmean": 1.82371677511e-05,
        "dmean2": 3.028430001e-05,
        "dvar": 4.43080105939e-09,
        "dvar2": 1.26302239778e-08,
        "max": 0.0018108402146,
        "mean": 5.67926035728e-05,
        "median": 8.54192421684e-07,
        "min": 7.13875932561e-21,
        "var": 2.60411550101e-08
    },
    "spectral_energyband_low": {
        "dmean": 0.00060161028523,
        "dmean2": 0.000801497837529,
        "dvar": 7.42751944927e-06,
        "dvar2": 1.76374869625e-05,
        "max": 0.225506201386,
        "mean": 0.0022642351687,
        "median": 0.000237018422922,
        "min": 2.07180022597e-23,
        "var": 6.61223530187e-05
    },
    "spectral_energyband_middle_high": {
        "dmean": 0.000815399631392,
        "dmean2": 0.00128277856857,
        "dvar": 5.77806258661e-06,
        "dvar2": 1.45203521242e-05,
        "max": 0.0784655287862,
        "mean": 0.00254208478145,
        "median": 0.00025854082196,
        "min": 1.15500111445e-21,
        "var": 3.66086387658e-05
    },
    "spectral_energyband_middle_low": {
        "dmean": 0.00152457458898,
        "dmean2": 0.00218056305312,
        "dvar": 3.1066203519e-05,
        "dvar2": 8.3357685071e-05,
        "max": 0.546135246754,
        "mean": 0.00705280527472,
        "median": 0.00186874775682,
        "min": 1.62534275583e-22,
        "var": 0.000234838240431
    },
    "spectral_entropy": {
        "dmean": 0.0992700308561,
        "dmean2": 0.144398137927,
        "dvar": 0.00909318681806,
        "dvar2": 0.018106944859,
        "max": 9.82852363586,
        "mean": 6.36266517639,
        "median": 6.42817401886,
        "min": 3.34114527702,
        "var": 0.594650030136
    },
    "spectral_flux": {
        "dmean": 0.0070065758191,
        "dmean2": 0.0118460999802,
        "dvar": 8.28228294267e-05,
        "dvar2": 0.000241580928559,
        "max": 0.380261838436,
        "mean": 0.0291705708951,
        "median": 0.0181565079838,
        "min": 6.44550038342e-11,
        "var": 0.000841741450131
    },
    "spectral_kurtosis": {
        "dmean": 10.0571069717,
        "dmean2": 17.4837303162,
        "dvar": 233.944793701,
        "dvar2": 700.202697754,
        "max": 327.465881348,
        "mean": 32.8303070068,
        "median": 15.767873764,
        "min": -1.26402854919,
        "var": 2251.39746094
    },
    "spectral_rms": {
        "dmean": 0.000240881068748,
        "dmean2": 0.000347901921486,
        "dvar": 1.06418404755e-07,
        "dvar2": 2.39700000293e-07,
        "max": 0.0231596045196,
        "mean": 0.00252675567754,
        "median": 0.00164557620883,
        "min": 3.1248304725e-12,
        "var": 5.18143997397e-06
    },
    "spectral_rolloff": {
        "dmean": 147.600784302,
        "dmean2": 258.938659668,
        "dvar": 463239.65625,
        "dvar2": 1172531.625,
        "max": 19379.8828125,
        "mean": 962.508300781,
        "median": 645.99609375,
        "min": 21.533203125,
        "var": 3902224
    },
    "spectral_skewness": {
        "dmean": 0.588234186172,
        "dmean2": 1.02271687984,
        "dvar": 0.419566839933,
        "dvar2": 1.22964763641,
        "max": 14.7158937454,
        "mean": 3.64376711845,
        "median": 2.76633858681,
        "min": -0.067026719451,
        "var": 6.54562950134
    },
    "spectral_spread": {
        "dmean": 242192.5625,
        "dmean2": 414687.65625,
        "dvar": 380433989632,
        "dvar2": 809749905408,
        "max": 42718460,
        "mean": 2592829.25,
        "median": 2021962.5,
        "min": 261384.234375,
        "var": 1.70319968993e+13
    },
    "spectral_strongpeak": {
        "dmean": 0.26496297121,
        "dmean2": 0.439515382051,
        "dvar": 0.340727806091,
        "dvar2": 0.861738264561,
        "max": 13.9845590591,
        "mean": 0.706719338894,
        "median": 0.44474247098,
        "min": 0,
        "var": 0.995265960693
    },
    "zerocrossingrate": {
        "dmean": 0.00356870586984,
        "dmean2": 0.00494929030538,
        "dvar": 0.000181224488188,
        "dvar2": 0.000358398712706,
        "max": 0.52587890625,
        "mean": 0.0344886481762,
        "median": 0.0263671875,
        "min": 0,
        "var": 0.00267445715144
    },
    "barkbands": {
        "dmean": [0.00023209961364, 0.000202446957701, 0.000340916623827, 0.000182492905878, 0.000559277192224, 0.000517929671332, 0.000528944190592, 0.00038625812158, 0.000349934387486, 0.000341401959304, 0.000222097398364, 0.000226869247854, 0.000227944270591, 0.000118336211017, 7.26328871679e-05, 9.07151916181e-05, 8.75163750607e-05, 4.31276785093e-05, 4.68815378554e-05, 2.36168034462e-05, 9.00089617062e-06, 3.54370763489e-06, 1.93132177628e-06, 5.64769550238e-07, 2.27759926474e-07, 9.81482983775e-08, 1.25204797641e-08],
        "dmean2": [0.000416463677539, 0.000251584860962, 0.000437423790572, 0.000301888096146, 0.000866774760652, 0.000666171254124, 0.000756825553253, 0.000503565825056, 0.000508526281919, 0.0005238938611, 0.000358950725058, 0.000355107535142, 0.00035213722731, 0.000190939841559, 0.000116064184112, 0.000154555440531, 0.00014710353571, 6.81027304381e-05, 7.77806562837e-05, 3.88595908589e-05, 1.54867939273e-05, 5.96532663621e-06, 3.1865672554e-06, 9.37920049182e-07, 3.63735438214e-07, 1.58666694006e-07, 2.09838546539e-08],
        "dvar": [1.44965085269e-07, 5.33476452347e-07, 3.16327123073e-06, 6.53449387755e-06, 1.43908036989e-05, 2.30200089391e-06, 1.93560094885e-06, 1.08166284463e-06, 1.36139453843e-06, 1.47976720655e-06, 1.23501911276e-06, 6.72239139021e-07, 1.55857708251e-06, 3.24083345049e-07, 1.10529434494e-07, 1.72696417167e-07, 1.61508026508e-07, 4.29049542561e-08, 3.60730219029e-08, 1.08276534405e-08, 1.40976330609e-09, 2.09496142656e-10, 6.72570749094e-11, 4.84139291157e-12, 6.63613749455e-13, 1.35667911909e-13, 3.92222121413e-15],
        "dvar2": [4.40868774376e-07, 9.98147470455e-07, 6.21953404334e-06, 1.65492292581e-05, 4.31141961599e-05, 4.07076095144e-06, 4.68070720672e-06, 1.79869778094e-06, 2.8927497624e-06, 3.5947057313e-06, 3.48600315192e-06, 1.6212097762e-06, 3.50603045263e-06, 8.28000224828e-07, 2.42120023586e-07, 4.79664663544e-07, 4.38640114453e-07, 9.61234150054e-08, 9.82966952279e-08, 2.98374231988e-08, 4.20537116241e-09, 5.96616478443e-10, 1.8468156171e-10, 1.3861272373e-11, 1.77433848864e-12, 3.59787259664e-13, 1.11795143794e-14],
        "max": [0.00872392207384, 0.0301579404622, 0.182185202837, 0.286276429892, 0.234813004732, 0.0576694384217, 0.0393071882427, 0.0297749452293, 0.0489142946899, 0.033986736089, 0.0406638942659, 0.0281779486686, 0.0587661527097, 0.0213170982897, 0.0159424263984, 0.0173439551145, 0.0136539582163, 0.0152846444398, 0.00572313927114, 0.00472983112559, 0.00121891195886, 0.000634821306448, 0.000252434780123, 7.41136536817e-05, 2.68635612883e-05, 1.34976726258e-05, 2.91358674076e-06],
        "mean": [0.000215199834201, 0.000787037191913, 0.00122974568512, 0.000390410539694, 0.00126690638717, 0.001941092778, 0.00151055387687, 0.00106653012335, 0.000821491703391, 0.000587188231293, 0.000338922545779, 0.000378352764528, 0.000440996926045, 0.000198925976292, 0.000122487181216, 0.000152741209604, 0.000146708000102, 8.74196193763e-05, 8.83796092239e-05, 4.6715944336e-05, 2.00771446544e-05, 8.83241591509e-06, 5.05661000716e-06, 1.92474931282e-06, 9.55072550823e-07, 4.16988797269e-07, 2.01107130948e-08],
        "median": [8.60916479724e-05, 4.05528553529e-05, 3.79388839065e-05, 2.02416449611e-05, 0.000175036650035, 0.000295742036542, 0.000379081553547, 0.000172790561919, 0.000108366883069, 3.68443543266e-05, 2.49782024184e-05, 1.50914293044e-05, 1.42351991599e-05, 8.42358804221e-06, 4.32002525486e-06, 5.15323381478e-06, 4.06344179282e-06, 1.89469119505e-06, 1.44423086113e-06, 7.56264284973e-07, 2.91728724733e-07, 9.62122115311e-08, 4.04899367368e-08, 3.34163345883e-08, 2.49944260844e-08, 4.90001461628e-09, 4.09538070123e-10],
        "min": [7.09523290438e-25, 1.25296217247e-24, 8.19529105507e-25, 8.95639145199e-25, 8.8565760928e-24, 5.8270827929e-24, 1.35540282132e-23, 9.69268424421e-24, 1.99721910718e-23, 1.108749051e-23, 1.07423906852e-23, 2.64338517206e-23, 2.51679413825e-23, 2.78350201496e-23, 4.50411051671e-23, 5.74665100832e-23, 5.98408173249e-23, 1.04619238121e-22, 1.40237305112e-22, 1.42182497265e-22, 2.16976027898e-22, 3.04646696756e-22, 3.70238928547e-22, 5.49951918829e-22, 8.06769486652e-22, 1.34335484533e-21, 1.86547948747e-21],
        "var": [1.43813508657e-07, 5.42520274394e-06, 3.48559697159e-05, 2.50380289799e-05, 3.6873461795e-05, 1.80504448508e-05, 9.75624243438e-06, 5.74960949962e-06, 4.57068381365e-06, 3.11542385134e-06, 1.83072768323e-06, 1.76299590748e-06, 5.51236325919e-06, 7.27606504825e-07, 3.04710880528e-07, 3.47167457448e-07, 3.47552457924e-07, 2.00531687256e-07, 8.93460310181e-08, 3.32876020082e-08, 4.29540314428e-09, 7.77366282456e-10, 2.90817897541e-10, 3.27735061312e-11, 7.25608592309e-12, 1.57666588119e-12, 6.72544117768e-15]
    },
    "erbbands": {
        "dmean": [0.00333514879458, 0.0589693896472, 0.35177859664, 0.468069940805, 1.32689583302, 1.9089332819, 3.23649644852, 4.89635515213, 7.34970188141, 7.89779281616, 7.0689496994, 7.88932609558, 6.34231376648, 10.3252210617, 11.0717344284, 7.6845202446, 10.2744760513, 5.51346921921, 6.21074676514, 2.93993997574, 4.50557994843, 5.03058004379, 2.60072994232, 2.31567573547, 1.88844048977, 1.02520000935, 0.543021142483, 0.212310671806, 0.109940715134, 0.0885250717402, 0.0447022393346, 0.0152415325865, 0.0101849446073, 0.00338226533495, 0.00171430036426, 0.000593082222622, 0.000181438939762, 3.19848513755e-05, 1.56121143391e-06, 2.39861674345e-06],
        "dmean2": [0.00502981664613, 0.0713324695826, 0.434703052044, 0.740134656429, 2.29772377014, 2.88420438766, 4.21824932098, 6.31352710724, 10.5416440964, 10.5443878174, 9.43986606598, 11.4656038284, 9.52430438995, 15.9135713577, 18.000453949, 11.7519054413, 15.7746906281, 8.77301025391, 9.75989532471, 4.8907084465, 7.60690546036, 8.5212802887, 4.11068725586, 3.78193020821, 3.13414335251, 1.70609641075, 0.922881066799, 0.359936535358, 0.184388786554, 0.14637324214, 0.0733439996839, 0.0256552956998, 0.0169366151094, 0.00545911863446, 0.00274330517277, 0.000976827810518, 0.00029208662454, 5.248922389e-05, 2.41007137447e-06, 3.51433345713e-06],
        "dvar": [0.000124854996102, 0.0448008142412, 2.31671619415, 21.6021080017, 148.845169067, 241.331115723, 153.90057373, 223.231033325, 467.886230469, 393.210174561, 392.098419189, 848.829223633, 382.727813721, 1650.53430176, 2341.18212891, 794.884399414, 2918.91601562, 707.645935059, 789.151000977, 128.845504761, 497.532562256, 589.829345703, 169.811950684, 75.9269104004, 56.4078063965, 22.8002872467, 5.4500246048, 0.778620839119, 0.201806768775, 0.147754594684, 0.0313694812357, 0.003964219708, 0.00156727153808, 0.000157692862558, 3.78617660317e-05, 5.08210314365e-06, 4.91030789362e-07, 1.47350061042e-08, 6.02985092413e-11, 4.89220261524e-11],
        "dvar2": [0.000295750098303, 0.0788544043899, 4.03342819214, 59.5430679321, 441.295074463, 661.238647461, 333.342224121, 392.118560791, 1114.1418457, 830.534606934, 711.921325684, 1779.13415527, 894.350219727, 4092.83569336, 6441.52880859, 1707.99853516, 6664.58740234, 1824.37536621, 1706.08312988, 338.862182617, 1415.33056641, 1663.18847656, 367.972717285, 201.076782227, 158.037536621, 66.0935897827, 16.0862026215, 2.21216058731, 0.575219631195, 0.404006540775, 0.0835832059383, 0.0111100664362, 0.00442756991833, 0.000420661846874, 0.000101013625681, 1.40070014822e-05, 1.33020557769e-06, 3.99733721679e-08, 1.73506944923e-10, 1.21720786228e-10],
        "max": [0.886573374271, 10.4798021317, 124.431877136, 406.575134277, 979.745788574, 1173.51818848, 765.760437012, 561.296813965, 699.385803223, 649.619140625, 538.675170898, 1197.20288086, 669.823669434, 1427.6550293, 1259.8795166, 1084.55529785, 2370.99829102, 1165.09436035, 946.615356445, 448.748352051, 1125.8170166, 829.082336426, 1074.30932617, 231.309295654, 202.298980713, 157.304901123, 80.6842651367, 25.0132465363, 14.3095588684, 15.0610256195, 5.42259788513, 2.05031323433, 1.3134752512, 0.385275661945, 0.220660507679, 0.0813936144114, 0.0239864271134, 0.00373508920893, 0.000558918982279, 0.000601385254413],
        "mean": [0.0094157224521, 0.236896336079, 1.35307776928, 1.28628158569, 2.29488229752, 4.26794099808, 11.0495519638, 17.5794029236, 20.911529541, 24.1676330566, 20.1745662689, 18.9694080353, 13.8124380112, 17.991651535, 17.3301143646, 14.6430664062, 20.8572025299, 10.5925664902, 10.8734588623, 5.65240859985, 8.01890850067, 8.61357021332, 5.78332328796, 4.60124969482, 3.74684262276, 2.15367531776, 1.22449195385, 0.526245653629, 0.296067178249, 0.231380984187, 0.121783077717, 0.0491634532809, 0.0309544671327, 0.0126296151429, 0.00626594992355, 0.00227396003902, 0.000691537745297, 0.000102352925751, 8.49279695103e-06, 1.37320666909e-05],
        "median": [0.00190576200839, 0.00994956120849, 0.0468855649233, 0.097628377378, 0.20370580256, 0.609842717648, 1.40851151943, 2.8153219223, 4.45181369781, 5.86365509033, 3.3046002388, 2.42220759392, 1.73340773582, 1.47108507156, 1.28247094154, 0.806090772152, 0.81005179882, 0.471191436052, 0.335194081068, 0.333826124668, 0.266585737467, 0.257118374109, 0.137808054686, 0.107042312622, 0.0580039583147, 0.0368467606604, 0.0169658530504, 0.00800076685846, 0.00370823754929, 0.0018264784012, 0.00111003068741, 0.000769967213273, 0.000505816948134, 0.000277677929262, 0.000179586320883, 5.36192201253e-05, 3.71049463865e-06, 4.8896458793e-07, 1.40063968956e-06, 3.12010593007e-06],
        "min": [7.94612647853e-23, 4.98707060042e-22, 3.26596694646e-21, 4.0031470368e-21, 8.31891260739e-21, 2.11656729474e-20, 4.30081088828e-20, 5.37331032918e-20, 1.26363251075e-19, 1.54558619907e-19, 2.88735199329e-19, 3.37368456263e-19, 2.20328396646e-19, 6.71131180537e-19, 7.67845964938e-19, 1.53235518668e-18, 1.33909901562e-18, 2.0670161969e-18, 2.11473479888e-18, 3.45812222898e-18, 3.98198584387e-18, 3.63957732444e-18, 5.22942507921e-18, 4.48668885385e-18, 7.34158362407e-18, 6.93470464769e-18, 7.92356556919e-18, 1.02791708129e-17, 1.05298470704e-17, 1.10496531576e-17, 1.02463102359e-17, 1.01926129793e-17, 9.85007914199e-18, 8.36396479912e-18, 5.76974028251e-18, 4.46818854586e-18, 2.05168502464e-18, 9.14584858774e-19, 2.27379904573e-19, 2.77810482807e-20],
        "var": [0.000686177401803, 0.510160148144, 28.5599498749, 109.502815247, 311.834655762, 579.30255127, 744.011352539, 1620.95800781, 2301.85107422, 2341.36499023, 1994.39245605, 2710.53662109, 1151.75463867, 3186.44311523, 3589.99047852, 2796.52368164, 9940.01269531, 1910.03234863, 2096.66162109, 312.359832764, 925.393432617, 1168.55334473, 896.605224609, 198.713653564, 147.557495117, 64.9888458252, 16.8876171112, 2.79486393929, 0.877894699574, 0.585475206375, 0.141860380769, 0.0219109673053, 0.00907483510673, 0.00135696784128, 0.000319719751133, 4.32498600276e-05, 4.56951192973e-06, 1.04766058939e-07, 3.25631105413e-10, 7.08827829765e-10]
    },
    "gfcc": {
        "mean": [-211.989028931, 170.878601074, -127.9139328, -4.854159832, -58.4300231934, -12.8130483627, -29.0596961975, 1.30218017101, -9.81072616577, -1.5023226738, 2.94501876831, -5.18330001831, 2.22529196739],
        "cov": [[31878.8984375, 915.577575684, -5049.63623047, 997.153564453, -1142.01025391, -174.86882019, -966.123291016, 286.911468506, -777.953186035, 71.4594268799, -370.715606689, -68.8141708374, -496.106140137], [915.577575684, 2207.42236328, 239.099014282, -489.145812988, 16.7415370941, -213.870635986, 54.4036636353, -212.500183105, 129.573867798, -207.867752075, 77.6891708374, -283.202423096, 57.0195465088], [-5049.63623047, 239.099014282, 1632.67712402, -122.205177307, 292.183807373, 140.010757446, 302.977874756, -68.8315658569, 122.206787109, -41.5521316528, -38.6717796326, -32.3076705933, -28.8182048798], [997.153564453, -489.145812988, -122.205177307, 833.173217773, 273.778594971, 92.5371551514, 23.2095279694, 64.6795730591, -63.3979263306, -46.8145713806, -134.968063354, -92.09815979, -123.672149658], [-1142.01025391, 16.7415370941, 292.183807373, 273.778594971, 393.637481689, 132.998687744, 95.9836120605, -1.27949225903, 1.47376930714, -57.1513137817, -64.5750045776, -96.2600326538, -70.6173629761], [-174.86882019, -213.870635986, 140.010757446, 92.5371551514, 132.998687744, 230.293823242, 71.2887878418, 48.0192985535, -52.0194702148, 20.4123477936, -37.7650375366, 19.2175102234, -54.5325431824], [-966.123291016, 54.4036636353, 302.977874756, 23.2095279694, 95.9836120605, 71.2887878418, 171.258514404, 25.2297267914, 25.7516078949, -23.768453598, -8.02240180969, -5.67419672012, -13.4145374298], [286.911468506, -212.500183105, -68.8315658569, 64.6795730591, -1.27949225903, 48.0192985535, 25.2297267914, 147.333099365, 19.1126289368, 31.8333129883, -28.8112411499, 34.9773521423, 2.99784898758], [-777.953186035, 129.573867798, 122.206787109, -63.3979263306, 1.47376930714, -52.0194702148, 25.7516078949, 19.1126289368, 166.722427368, 34.8942337036, 29.1438617706, -27.4840831757, 34.2364959717], [71.4594268799, -207.867752075, -41.5521316528, -46.8145713806, -57.1513137817, 20.4123477936, -23.768453598, 31.8333129883, 34.8942337036, 131.226654053, 39.9513320923, 41.7700271606, -12.9103088379], [-370.715606689, 77.6891708374, -38.6717796326, -134.968063354, -64.5750045776, -37.7650375366, -8.02240180969, -28.8112411499, 29.1438617706, 39.9513320923, 125.959907532, 43.7343788147, 34.1149749756], [-68.8141708374, -283.202423096, -32.3076705933, -92.09815979, -96.2600326538, 19.2175102234, -5.67419672012, 34.9773521423, -27.4840831757, 41.7700271606, 43.7343788147, 178.815658569, 64.2832717896], [-496.106140137, 57.0195465088, -28.8182048798, -123.672149658, -70.6173629761, -54.5325431824, -13.4145374298, 2.99784898758, 34.2364959717, -12.9103088379, 34.1149749756, 64.2832717896, 143.586273193]],
        "icov": [[0.000218629676965, -0.000591833842918, 0.000559798441827, -0.000500003458001, 0.000645105727017, -0.000310578529024, 0.000245396600803, -0.00022757682018, 0.000367324246326, -0.000647122215014, 0.00104649562854, -0.00096106127603, 0.000934958516154], [-0.000591833842918, 0.00273244548589, -0.00144776888192, 0.00211597140878, -0.00182806502562, 0.00107083155308, -0.00107656093314, 0.00107486813795, -0.00139851321001, 0.00330316298641, -0.00357465608977, 0.00445255031809, -0.00272701936774], [0.000559798441827, -0.00144776888192, 0.00271289958619, -0.000788223464042, 0.000931024784222, -0.000902197731193, -0.00128133629914, 0.000750831735786, -7.11536122253e-05, -0.0017665544292, 0.0037360386923, -0.00306423311122, 0.00269685592502], [-0.000500003458001, 0.00211597140878, -0.000788223464042, 0.00382679328322, -0.00318385614082, 0.00147148617543, -0.0010792540852, 0.000227935801377, -0.00080633664038, 0.0024229104165, -0.00147474126425, 0.00313314166851, -0.00118477758951], [0.000645105727017, -0.00182806502562, 0.000931024784222, -0.00318385614082, 0.00788842886686, -0.00412443093956, 0.000589143834077, -0.000133642141009, 3.71195674234e-05, -5.89614683122e-05, 0.00232328940183, -0.000864286441356, 0.00259125558659], [-0.000310578529024, 0.00107083155308, -0.000902197731193, 0.00147148617543, -0.00412443093956, 0.00948396045715, -0.00286129908636, -0.00156642717775, 0.00306433998048, -0.00212346762419, -0.000171984022018, 0.000166723300936, -2.85009318759e-05], [0.000245396600803, -0.00107656093314, -0.00128133629914, -0.0010792540852, 0.000589143834077, -0.00286129908636, 0.0118609610945, -0.00353369442746, -0.000816193583887, 0.00245750020258, -0.00127601926215, -0.00181367562618, 0.00200431421399], [-0.00022757682018, 0.00107486813795, 0.000750831735786, 0.000227935801377, -0.000133642141009, -0.00156642717775, -0.00353369442746, 0.0116771785542, -0.00383313908242, -0.000857304723468, 0.00296775507741, -0.000999882933684, -0.00152128597256], [0.000367324246326, -0.00139851321001, -7.11536122253e-05, -0.00080633664038, 3.71195674234e-05, 0.00306433998048, -0.000816193583887, -0.00383313908242, 0.012186108157, -0.00657115271315, 0.000205808813917, 0.0020470819436, -0.00216028443538], [-0.000647122215014, 0.00330316298641, -0.0017665544292, 0.0024229104165, -5.89614683122e-05, -0.00212346762419, 0.00245750020258, -0.000857304723468, -0.00657115271315, 0.0180234611034, -0.00810081884265, 0.00255124247633, 0.00156661681831], [0.00104649562854, -0.00357465608977, 0.0037360386923, -0.00147474126425, 0.00232328940183, -0.000171984022018, -0.00127601926215, 0.00296775507741, 0.000205808813917, -0.00810081884265, 0.01902946271, -0.00889779627323, 0.00409587146714], [-0.00096106127603, 0.00445255031809, -0.00306423311122, 0.00313314166851, -0.000864286441356, 0.000166723300936, -0.00181367562618, -0.000999882933684, 0.0020470819436, 0.00255124247633, -0.00889779627323, 0.0184504278004, -0.00992031674832], [0.000934958516154, -0.00272701936774, 0.00269685592502, -0.00118477758951, 0.00259125558659, -2.85009318759e-05, 0.00200431421399, -0.00152128597256, -0.00216028443538, 0.00156661681831, 0.00409587146714, -0.00992031674832, 0.0164052825421]]
    },
    "melbands": {
        "dmean": [4.64430704596e-05, 0.000147535422002, 9.64415521594e-05, 0.000107872059743, 0.000112174988317, 0.000106287836388, 0.00010700601706, 9.0162808192e-05, 5.90346026001e-05, 4.75694178022e-05, 3.41649865732e-05, 4.62751886516e-05, 3.4025117202e-05, 2.86473787128e-05, 2.12130235013e-05, 2.35198967857e-05, 8.5922974904e-06, 1.14639324238e-05, 4.11777818954e-06, 6.07245237916e-06, 5.23501057614e-06, 5.63824914934e-06, 3.38306472258e-06, 2.22954986384e-06, 2.04602815757e-06, 1.94754238692e-06, 1.04351363461e-06, 6.78906246776e-07, 4.84226916342e-07, 1.400760965e-07, 1.39453049997e-07, 7.96086681021e-08, 5.39919469134e-08, 5.68532705358e-08, 3.5284905664e-08, 1.57625166253e-08, 8.87166073937e-09, 9.31598354015e-09, 4.18332879448e-09, 3.15736525813e-09],
        "dmean2": [6.46694097668e-05, 0.000180925955647, 0.00015394896036, 0.00017878167273, 0.000150063424371, 0.000136805843795, 0.000154526802362, 0.000118758027384, 8.07450196589e-05, 6.88387153787e-05, 5.14187049703e-05, 7.12130859029e-05, 5.53613426746e-05, 4.49288818345e-05, 3.25149303535e-05, 3.62801147276e-05, 1.38542263812e-05, 1.80515162356e-05, 6.71369434713e-06, 1.02681233329e-05, 8.84853125172e-06, 9.49738750933e-06, 5.61205888516e-06, 3.54440339834e-06, 3.36058860739e-06, 3.22925825458e-06, 1.72182615188e-06, 1.12978716515e-06, 8.18998159957e-07, 2.36457879055e-07, 2.3561932494e-07, 1.33434241434e-07, 8.8730686798e-08, 9.33482766641e-08, 5.81053782867e-08, 2.67284043787e-08, 1.47758232316e-08, 1.56321302569e-08, 6.96687330048e-09, 5.19045784131e-09],
        "dvar": [2.01756584772e-08, 3.64397038766e-07, 9.61889213613e-07, 6.90562728778e-07, 2.86218039491e-07, 9.55299199745e-08, 9.10542965471e-08, 4.88729163806e-08, 2.89539165976e-08, 2.97837292607e-08, 1.15734550832e-08, 3.20008339827e-08, 2.78667258158e-08, 1.25597257039e-08, 8.92865248403e-09, 2.28381331624e-08, 1.78133918727e-09, 2.90925150637e-09, 2.60211518999e-10, 7.45470574159e-10, 9.61416168899e-10, 7.78703324045e-10, 2.14900527928e-10, 1.18157386653e-10, 6.43715220017e-11, 7.06898983793e-11, 2.88407804583e-11, 1.06812978601e-11, 4.15896874231e-12, 3.04484302355e-13, 3.34076950131e-13, 1.34677289937e-13, 5.01673152347e-14, 6.72913398722e-14, 2.3014659365e-14, 5.14032743711e-15, 1.26366039604e-15, 1.45913177747e-15, 2.88288272403e-16, 1.54764658811e-16],
        "dvar2": [4.30672173479e-08, 6.33830779861e-07, 2.46329932452e-06, 2.07689663512e-06, 7.15622036296e-07, 1.69652125237e-07, 2.20827530484e-07, 9.47696889853e-08, 5.67012286012e-08, 6.15732673737e-08, 2.73831766151e-08, 7.86589708923e-08, 7.91854546378e-08, 3.13809742636e-08, 2.21409965917e-08, 4.94780039162e-08, 4.85362461333e-09, 6.40350483749e-09, 6.11227901626e-10, 1.94133775722e-09, 2.77030864915e-09, 2.16742623849e-09, 5.51460932474e-10, 2.84623408175e-10, 1.71727257414e-10, 1.92796653642e-10, 7.73894143213e-11, 3.1251022603e-11, 1.22768878397e-11, 8.4432585706e-13, 9.56666820415e-13, 3.83635451965e-13, 1.39253422704e-13, 1.85157241644e-13, 6.07174087484e-14, 1.4213678723e-14, 3.47941250634e-15, 4.14220159976e-15, 7.94061730195e-16, 4.18242793558e-16],
        "max": [0.00820324663073, 0.0478852987289, 0.103121362627, 0.0566682219505, 0.0415479913354, 0.0107515892014, 0.00908718351275, 0.0068639726378, 0.0046155070886, 0.00652228295803, 0.00329308840446, 0.0061181015335, 0.00589612592012, 0.00401018792763, 0.00281482073478, 0.00808594189584, 0.00208981800824, 0.00197000871412, 0.000687960884534, 0.000822196656372, 0.00165731192101, 0.000883360567968, 0.000763570773415, 0.000605563400313, 0.000209674515645, 0.000242969181272, 0.000312551448587, 0.000115920454846, 5.99627383053e-05, 1.33626190291e-05, 1.99349979084e-05, 1.30361959236e-05, 8.98701546248e-06, 8.48361924e-06, 4.78074753119e-06, 2.92268646263e-06, 1.26604902562e-06, 1.33905518851e-06, 9.42588087582e-07, 3.78669739121e-07],
        "mean": [0.00015577719023, 0.000584392400924, 0.000263418711256, 0.000220418543904, 0.000365089566913, 0.000394381990191, 0.000304651533952, 0.000266268121777, 0.000160132971359, 0.000111564513645, 6.98234507581e-05, 7.78709363658e-05, 5.26496260136e-05, 4.63167671114e-05, 3.83583828807e-05, 4.73992258776e-05, 1.48478093251e-05, 1.89688544197e-05, 7.11327993486e-06, 1.02285730463e-05, 8.59338615555e-06, 8.90436240297e-06, 6.55292751617e-06, 4.31347098129e-06, 3.64674588127e-06, 3.51025619238e-06, 1.96356518245e-06, 1.2585511513e-06, 9.70290670921e-07, 2.95698583841e-07, 3.00278230725e-07, 1.81980709613e-07, 1.26631391595e-07, 1.3104462937e-07, 8.14354592649e-08, 4.17987173762e-08, 2.29093757298e-08, 2.43547795264e-08, 1.31566277872e-08, 9.73008962291e-09],
        "median": [2.6392581276e-05, 2.44903312705e-05, 2.21327645704e-05, 2.76468817901e-05, 5.01757422171e-05, 6.54631730868e-05, 7.11183747626e-05, 6.05702662142e-05, 2.41489742621e-05, 1.34413558044e-05, 8.10003803053e-06, 5.83189694225e-06, 4.16034026784e-06, 1.67566190612e-06, 1.82445262453e-06, 1.18615878364e-06, 6.96057611549e-07, 4.69927414315e-07, 3.27450720761e-07, 3.93427939116e-07, 2.14913157492e-07, 2.49413290021e-07, 1.51296191575e-07, 9.29018852958e-08, 7.61565175367e-08, 4.48228121286e-08, 2.82150427466e-08, 1.81701551583e-08, 1.10811839704e-08, 5.50857581771e-09, 3.71841912816e-09, 2.0370571896e-09, 1.24296706261e-09, 8.48897119266e-10, 5.88664006429e-10, 5.02916430722e-10, 4.06611994075e-10, 3.71567082658e-10, 2.46756920452e-10, 2.15188977748e-10],
        "min": [8.51815062294e-25, 1.37375847074e-24, 1.03514594224e-24, 7.3365533439e-25, 1.50016790877e-24, 9.25133076724e-25, 2.30859256444e-24, 1.30649151249e-24, 2.1927585957e-24, 2.62809247233e-24, 8.88137472421e-25, 1.87846595866e-24, 2.27178194802e-24, 2.81154759786e-24, 2.32473009477e-24, 2.92985997035e-24, 3.2365095313e-24, 3.11298554924e-24, 3.26475982361e-24, 4.23960356192e-24, 4.00671328447e-24, 3.28966810669e-24, 4.25045434367e-24, 4.40088854058e-24, 2.88331323264e-24, 5.09291558639e-24, 4.52032484264e-24, 3.45186757235e-24, 3.80042536889e-24, 4.52895103664e-24, 5.06992344645e-24, 5.00758647443e-24, 5.43568038287e-24, 5.7771518419e-24, 5.16315102823e-24, 6.54070293384e-24, 5.94947692893e-24, 6.00617315105e-24, 5.90690486689e-24, 6.3643365124e-24],
        "var": [1.61970817203e-07, 4.54401970273e-06, 4.44074203187e-06, 1.77348113084e-06, 1.02298940874e-06, 7.42523013741e-07, 4.38007219827e-07, 2.87041814317e-07, 1.29384460479e-07, 9.77662253376e-08, 3.17264507999e-08, 6.22631759484e-08, 4.02066717697e-08, 2.86329040478e-08, 1.94156974942e-08, 9.01781334051e-08, 3.80868048211e-09, 7.2270585072e-09, 6.98549440514e-10, 1.77662096146e-09, 1.53705193018e-09, 1.49630630109e-09, 8.25251034176e-10, 4.36265662485e-10, 1.46229389708e-10, 1.69838906827e-10, 8.72824520992e-11, 2.69530318203e-11, 1.16918783682e-11, 9.02667534903e-13, 1.07606675306e-12, 4.62221135932e-13, 1.85487516731e-13, 2.40715433697e-13, 7.74759556098e-14, 2.26899018508e-14, 5.07364010966e-15, 6.32807896388e-15, 1.69539023052e-15, 8.91760310276e-16]
    },
    "mfcc": {
        "mean": [-826.09362793, 184.226119995, -0.900613248348, 5.47588300705, -8.34001636505, -14.219414711, -7.07802248001, -3.66891026497, -4.89850139618, 0.0133086787537, 1.5287835598, 4.0180978775, 3.86837053299],
        "cov": [[16409.3398438, 1222.51953125, -2849.11376953, 945.004394531, -431.842132568, -4.06997585297, -189.51612854, -15.2680273056, -302.875793457, 9.43667984009, -134.967773438, -104.722557068, -84.7759246826], [1222.51953125, 1979.57409668, 167.584976196, -194.763427734, -43.6829986572, -142.376541138, -58.0646858215, -99.8985061646, -60.8578147888, -42.5282249451, -12.7501726151, -6.09453582764, -52.9791603088], [-2849.11376953, 167.584976196, 1210.97290039, -174.45211792, 20.2909317017, 60.7383995056, 60.4818649292, 46.0732307434, 77.0156021118, 9.70911502838, 25.356420517, -1.28475856781, -6.8614563942], [945.004394531, -194.763427734, -174.45211792, 472.200866699, 183.947463989, 78.4099807739, 67.1191711426, 42.3853569031, 43.0414047241, 64.6638336182, -13.4783630371, -37.6163101196, -52.0922355652], [-431.842132568, -43.6829986572, 20.2909317017, 183.947463989, 311.213592529, 132.39956665, 84.7056274414, 49.2841529846, 61.7845611572, 49.8424797058, 13.8967151642, -7.36457109451, -45.0358734131], [-4.06997585297, -142.376541138, 60.7383995056, 78.4099807739, 132.39956665, 199.655166626, 113.949913025, 52.5984306335, 25.2800865173, 21.2705211639, 15.4666128159, 4.42557477951, -20.9211082458], [-189.51612854, -58.0646858215, 60.4818649292, 67.1191711426, 84.7056274414, 113.949913025, 164.189971924, 83.1088790894, 17.9939231873, -5.83459854126, -2.73560976982, 3.28831887245, -8.59979057312], [-15.2680273056, -99.8985061646, 46.0732307434, 42.3853569031, 49.2841529846, 52.5984306335, 83.1088790894, 134.654541016, 64.1548080444, -2.30783414841, -15.4387187958, -17.5120582581, 3.98388528824], [-302.875793457, -60.8578147888, 77.0156021118, 43.0414047241, 61.7845611572, 25.2800865173, 17.9939231873, 64.1548080444, 120.48740387, 63.9874725342, -1.48533558846, -23.0828151703, -7.70874357224], [9.43667984009, -42.5282249451, 9.70911502838, 64.6638336182, 49.8424797058, 21.2705211639, -5.83459854126, -2.30783414841, 63.9874725342, 125.301139832, 52.2584571838, -13.0859136581, -18.6886367798], [-134.967773438, -12.7501726151, 25.356420517, -13.4783630371, 13.8967151642, 15.4666128159, -2.73560976982, -15.4387187958, -1.48533558846, 52.2584571838, 101.203178406, 52.5402984619, -8.79880714417], [-104.722557068, -6.09453582764, -1.28475856781, -37.6163101196, -7.36457109451, 4.42557477951, 3.28831887245, -17.5120582581, -23.0828151703, -13.0859136581, 52.5402984619, 102.082901001, 42.1709823608], [-84.7759246826, -52.9791603088, -6.8614563942, -52.0922355652, -45.0358734131, -20.9211082458, -8.59979057312, 3.98388528824, -7.70874357224, -18.6886367798, -8.79880714417, 42.1709823608, 111.288589478]],
