{
"lowlevel": {
    "average_loudness": 0.612415552139,
    "barkbands_crest": {
        "dmean": 2.92298102379,
        "dmean2": 4.61937332153,
        "dvar": 7.73250055313,
        "dvar2": 16.9652729034,
        "max": 26.4097080231,
        "mean": 13.0674209595,
        "median": 12.211309433,
        "min": 3.66803336143,
        "var": 21.8811798096
    },
    "barkbands_flatness_db": {
        "dmean": 0.0249520763755,
        "dmean2": 0.0361086763442,
        "dvar": 0.000561958004255,
        "dvar2": 0.0010495929746,
        "max": 0.388736069202,
        "mean": 0.208016127348,
        "median": 0.203737512231,
        "min": 0.0723483040929,
        "var": 0.00286744069308
    },
    "barkbands_kurtosis": {
        "dmean": 5.47305965424,
        "dmean2": 8.79998207092,
        "dvar": 71.3955307007,
        "dvar2": 202.87121582,
        "max": 126.594467163,
        "mean": 10.5116653442,
        "median": 4.86730194092,
        "min": -1.61766326427,
        "var": 224.48449707
    },
    "barkbands_skewness": {
        "dmean": 0.777015388012,
        "dmean2": 1.16121542454,
        "dvar": 0.632401883602,
        "dvar2": 1.36942601204,
        "max": 9.10085582733,
        "mean": 1.88148272038,
        "median": 1.92746388912,
        "min": -4.089158535,
        "var": 2.86737322807
    },
    "barkbands_spread": {
        "dmean": 2.94867873192,
        "dmean2": 4.42828989029,
        "dvar": 10.7244310379,
        "dvar2": 23.7856712341,
        "max": 39.3428955078,
        "mean": 10.5495262146,
        "median": 9.52968215942,
        "min": 0.707821786404,
        "var": 42.7289962769
    },
    "dissonance": {
        "dmean": 0.031999334693,
        "dmean2": 0.0543323531747,
        "dvar": 0.00120750733186,
        "dvar2": 0.00332354870625,
        "max": 0.500000059605,
        "mean": 0.435034096241,
        "median": 0.444727808237,
        "min": 0.160152852535,
        "var": 0.00190506933723
    },
    "dynamic_complexity": 8.65051174164,
    "erbbands_crest": {
        "dmean": 3.6244134903,
        "dmean2": 5.7230591774,
        "dvar": 14.0708179474,
        "dvar2": 28.005197525,
        "max": 33.7384262085,
        "mean": 13.6420764923,
        "median": 11.8132925034,
        "min": 3.23602747917,
        "var": 42.872428894
    },
    "erbbands_flatness_db": {
        "dmean": 0.0234890226275,
        "dmean2": 0.0338864251971,
        "dvar": 0.000720160547644,
        "dvar2": 0.00124603265431,
        "max": 0.420045644045,
        "mean": 0.212807416916,
        "median": 0.204934835434,
        "min": 0.0935073420405,
        "var": 0.00303464010358
    },
    "erbbands_kurtosis": {
        "dmean": 3.14756393433,
        "dmean2": 4.83442592621,
        "dvar": 35.9691009521,
        "dvar2": 72.4164810181,
        "max": 77.2966308594,
        "mean": 4.31955528259,
        "median": 1.20589494705,
        "min": -1.60721576214,
        "var": 72.8951797485
    },
    "erbbands_skewness": {
        "dmean": 0.52780008316,
        "dmean2": 0.812935352325,
        "dvar": 0.319561123848,
        "dvar2": 0.734546005726,
        "max": 5.6450548172,
        "mean": 0.836190998554,
        "median": 0.766885280609,
        "min": -4.9260764122,
        "var": 1.50384318829
    },
    "erbbands_spread": {
        "dmean": 6.53343296051,
        "dmean2": 9.77908420563,
        "dvar": 46.7717704773,
        "dvar2": 97.8496170044,
        "max": 93.1677017212,
        "mean": 26.6420555115,
        "median": 26.4779968262,
        "min": 1.13931524754,
        "var": 185.097503662
    },
    "hfc": {
        "dmean": 3.82106757164,
        "dmean2": 5.01743984222,
        "dvar": 40.4342002869,
        "dvar2": 63.2115592957,
        "max": 92.053894043,
        "mean": 10.6863050461,
        "median": 5.20852422714,
        "min": 1.16791708564e-16,
        "var": 175.81942749
    },
    "melbands_crest": {
        "dmean": 3.49273443222,
        "dmean2": 5.44249916077,
        "dvar": 9.70292472839,
        "dvar2": 22.6067867279,
        "max": 33.7748413086,
        "mean": 16.7539749146,
        "median": 15.7755413055,
        "min": 1.82262074947,
        "var": 31.679069519
    },
    "melbands_flatness_db": {
        "dmean": 0.0255997497588,
        "dmean2": 0.0358682349324,
        "dvar": 0.000574267469347,
        "dvar2": 0.00109818507917,
        "max": 0.51435571909,
        "mean": 0.255786418915,
        "median": 0.245655104518,
        "min": 0.00485442392528,
        "var": 0.00527510885149
    },
    "melbands_kurtosis": {
        "dmean": 8.45133304596,
        "dmean2": 13.4882879257,
        "dvar": 151.650436401,
        "dvar2": 408.873413086,
        "max": 197.971313477,
        "mean": 18.1291179657,
        "median": 9.9009809494,
        "min": -1.67324531078,
        "var": 533.963623047
    },
    "melbands_skewness": {
        "dmean": 0.847577750683,
        "dmean2": 1.26266944408,
        "dvar": 0.698549509048,
        "dvar2": 1.40374648571,
        "max": 10.1287260056,
        "mean": 2.47703289986,
        "median": 2.58422446251,
        "min": -3.24418020248,
        "var": 3.44316339493
    },
    "melbands_spread": {
        "dmean": 4.09066677094,
        "dmean2": 6.25710487366,
        "dvar": 30.7927265167,
        "dvar2": 58.5646057129,
        "max": 131.089187622,
        "mean": 13.3809452057,
        "median": 11.6449985504,
        "min": 0.471017807722,
        "var": 95.3517074585
    },
    "pitch_salience": {
        "dmean": 0.0771599784493,
        "dmean2": 0.12157612294,
        "dvar": 0.00472500314936,
        "dvar2": 0.0108751822263,
        "max": 0.843467414379,
        "mean": 0.479733586311,
        "median": 0.482767403126,
        "min": 0.0827559158206,
        "var": 0.0142348464578
    },
    "silence_rate_20dB": {
        "dmean": 0,
        "dmean2": 0,
        "dvar": 0,
        "dvar2": 0,
        "max": 1,
        "mean": 1,
        "median": 1,
        "min": 1,
        "var": 0
    },
    "silence_rate_30dB": {
        "dmean": 0.00426569161937,
        "dmean2": 0.00853398349136,
        "dvar": 0.0042474498041,
        "dvar2": 0.00846098829061,
        "max": 1,
        "mean": 0.992689609528,
        "median": 1,
        "min": 0,
        "var": 0.00725692603737
    },
    "silence_rate_60dB": {
        "dmean": 0.0688604488969,
        "dmean2": 0.137762874365,
        "dvar": 0.0641213878989,
        "dvar2": 0.13646376133,
        "max": 1,
        "mean": 0.300335049629,
        "median": 0,
        "min": 0,
        "var": 0.210133016109
    },
    "spectral_centroid": {
        "dmean": 144.651184082,
        "dmean2": 208.325241089,
        "dvar": 62192.5546875,
        "dvar2": 87126.2578125,
        "max": 11438.3115234,
        "mean": 775.583251953,
        "median": 730.557189941,
        "min": 151.814361572,
        "var": 178535.9375
    },
    "spectral_complexity": {
        "dmean": 1.58439970016,
        "dmean2": 2.42791843414,
        "dvar": 3.08695149422,
        "dvar2": 6.62520599365,
        "max": 34,
        "mean": 9.14194297791,
        "median": 8,
        "min": 0,
        "var": 40.1862068176
    },
    "spectral_decrease": {
        "dmean": 1.37109346099e-09,
        "dmean2": 1.7519878881e-09,
        "dvar": 4.61087678794e-18,
        "dvar2": 7.10123719811e-18,
        "max": -1.71548854465e-29,
        "mean": -3.96214794307e-09,
        "median": -2.04234762435e-09,
        "min": -5.26889927244e-08,
        "var": 2.80358773467e-17
    },
    "spectral_energy": {
        "dmean": 0.00549258245155,
        "dmean2": 0.00702564278618,
        "dvar": 7.30016472517e-05,
        "dvar2": 0.000112298832391,
        "max": 0.204820051789,
        "mean": 0.0159233473241,
        "median": 0.00821291934699,
        "min": 1.0850882574e-20,
        "var": 0.000440429808805
    },
    "spectral_energyband_high": {
        "dmean": 5.86752466916e-05,
        "dmean2": 7.8640972788e-05,
        "dvar": 1.92934805909e-08,
        "dvar2": 3.84862559599e-08,
        "max": 0.00366183626465,
        "mean": 0.000162313197507,
        "median": 5.65017508052e-05,
        "min": 7.81120546483e-21,
        "var": 8.55541699707e-08
    },
    "spectral_energyband_low": {
        "dmean": 0.00027610710822,
        "dmean2": 0.000395285722334,
        "dvar": 3.00831885625e-07,
        "dvar2": 4.82903942611e-07,
        "max": 0.0255076363683,
        "mean": 0.000574732839596,
        "median": 0.000188801452168,
        "min": 4.22222243182e-23,
        "var": 2.14108627006e-06
    },
    "spectral_energyband_middle_high": {
        "dmean": 0.00205665337853,
        "dmean2": 0.00287652388215,
        "dvar": 2.06533659366e-05,
        "dvar2": 3.20817925967e-05,
        "max": 0.053963765502,
        "mean": 0.00408752635121,
        "median": 0.00137048156466,
        "min": 1.62967697221e-21,
        "var": 5.1049173635e-05
    },
    "spectral_energyband_middle_low": {
        "dmean": 0.00392654910684,
        "dmean2": 0.00496825901791,
        "dvar": 5.57972452953e-05,
        "dvar2": 8.83300890564e-05,
        "max": 0.199466496706,
        "mean": 0.011408562772,
        "median": 0.00416950229555,
        "min": 2.62872460235e-22,
        "var": 0.000354696152499
    },
    "spectral_entropy": {
        "dmean": 0.226634025574,
        "dmean2": 0.316435903311,
        "dvar": 0.0487042665482,
        "dvar2": 0.0908756256104,
        "max": 9.78416538239,
        "mean": 6.88918638229,
        "median": 6.91459226608,
        "min": 5.15706396103,
        "var": 0.215899586678
    },
    "spectral_flux": {
        "dmean": 0.0195890571922,
        "dmean2": 0.0336071141064,
        "dvar": 0.000623122730758,
        "dvar2": 0.00184058491141,
        "max": 0.223312854767,
        "mean": 0.046523861587,
        "median": 0.0390618592501,
        "min": 1.04535949341e-10,
        "var": 0.00132295396179
    },
    "spectral_kurtosis": {
        "dmean": 2.37009239197,
        "dmean2": 4.06300973892,
        "dvar": 6.5547041893,
        "dvar2": 18.8605613708,
        "max": 26.3785877228,
        "mean": 6.76800298691,
        "median": 5.69289207458,
        "min": -1.16201364994,
        "var": 15.3111352921
    },
    "spectral_rms": {
        "dmean": 0.000621977902483,
        "dmean2": 0.000791348516941,
        "dvar": 5.55516010081e-07,
        "dvar2": 8.38068899611e-07,
        "max": 0.0141359269619,
        "mean": 0.00318692228757,
        "median": 0.00283065438271,
        "min": 3.2536482189e-12,
        "var": 5.37849973625e-06
    },
    "spectral_rolloff": {
        "dmean": 209.895294189,
        "dmean2": 355.414215088,
        "dvar": 303667.375,
        "dvar2": 425078.90625,
        "max": 18927.6855469,
        "mean": 886.892578125,
        "median": 839.794921875,
        "min": 107.666015625,
        "var": 486955.1875
    },
    "spectral_skewness": {
        "dmean": 0.263432055712,
        "dmean2": 0.429088652134,
        "dvar": 0.0616111606359,
        "dvar2": 0.158541545272,
        "max": 3.99305129051,
        "mean": 2.05018925667,
        "median": 1.97790884972,
        "min": -0.0706967413425,
        "var": 0.25406101346
    },
    "spectral_spread": {
        "dmean": 446510.84375,
        "dmean2": 667048.0625,
        "dvar": 1.19801433293e+12,
        "dvar2": 1.40563605094e+12,
        "max": 53184036,
        "mean": 4090315.25,
        "median": 3980044.75,
        "min": 1975627.875,
        "var": 2.0538565591e+12
    },
    "spectral_strongpeak": {
        "dmean": 0.715276777744,
        "dmean2": 1.10125470161,
        "dvar": 1.63604080677,
        "dvar2": 3.12531113625,
        "max": 10.9936628342,
        "mean": 1.35551130772,
        "median": 0.715318739414,
        "min": 0,
        "var": 3.38647699356
    },
    "zerocrossingrate": {
        "dmean": 0.00657602678984,
        "dmean2": 0.00765549391508,
        "dvar": 0.000155521309352,
        "dvar2": 0.000165917677805,
        "max": 0.494140625,
        "mean": 0.0396883562207,
        "median": 0.0380859375,
        "min": 0.00439453125,
        "var": 0.00045990178478
    },
    "barkbands": {
        "dmean": [1.94222411665e-06, 1.15868651847e-05, 0.000153901608428, 0.000352725648554, 0.00218468904495, 0.00103777181357, 0.00130711554084, 0.000253058387898, 0.000189067402971, 0.0001588913874, 0.00031333998777, 0.000878503604326, 0.000454788969364, 0.000356792123057, 0.000122585435747, 0.000134968329803, 5.76401871513e-05, 5.5427535699e-05, 3.65289961337e-05, 3.22872947436e-05, 2.3211554435e-05, 1.24170937852e-05, 1.00046236184e-05, 1.08109170469e-05, 4.71913699585e-06, 1.27268481265e-06, 5.59736257344e-10],
        "dmean2": [3.52528604708e-06, 1.8492261006e-05, 0.00024861926795, 0.000413818692323, 0.00294665805995, 0.00147072772961, 0.00172479555476, 0.000337533681886, 0.000253277161391, 0.000222450529691, 0.000425317091867, 0.00123840512242, 0.00068524479866, 0.000555765815079, 0.000170653482201, 0.00018779754464, 8.28449847177e-05, 7.72446292103e-05, 5.27485681232e-05, 4.65568882646e-05, 3.49297697539e-05, 1.82893854799e-05, 1.42751669046e-05, 1.48369990711e-05, 6.48881041343e-06, 1.74807667008e-06, 1.02528807666e-09],
        "dvar": [7.33945976911e-12, 6.51125209306e-10, 8.39041973677e-08, 1.34179208544e-06, 2.8231577744e-05, 4.63830838271e-06, 1.50502537508e-05, 4.1528028305e-07, 1.70965904545e-07, 1.08264899268e-07, 1.03303477772e-06, 1.47347054735e-05, 5.37189816896e-06, 2.6391035135e-06, 1.21398272768e-07, 1.61083278272e-07, 4.58316691265e-08, 9.96085063321e-08, 1.16288161323e-08, 1.21621201998e-08, 5.33558708327e-09, 6.51716181022e-10, 4.96333973921e-10, 6.31398322515e-10, 9.95394253134e-11, 1.05611309628e-11, 1.03064026327e-18],
        "dvar2": [2.16523205615e-11, 1.42975986606e-09, 2.20779398319e-07, 1.02538592728e-06, 4.97853252455e-05, 8.85039298737e-06, 2.18340428546e-05, 7.21964227068e-07, 2.99335027876e-07, 1.79575110337e-07, 1.47723972077e-06, 2.20274723688e-05, 9.48186243477e-06, 4.90671300213e-06, 2.07633746641e-07, 2.6713021839e-07, 7.65469962971e-08, 2.16378850837e-07, 2.21633058572e-08, 2.33269528138e-08, 1.20590613051e-08, 1.4256915648e-09, 9.79557435166e-10, 1.16656795335e-09, 1.89982682364e-10, 2.58325843355e-11, 3.18602633636e-18],
        "max": [3.74085138901e-05, 0.000946001207922, 0.00652064755559, 0.063464730978, 0.157977163792, 0.045738119632, 0.100573562086, 0.0233465824276, 0.00761849340051, 0.0049319146201, 0.0183114223182, 0.0536229759455, 0.0385990440845, 0.0268751606345, 0.00642762798816, 0.00956022553146, 0.00719371670857, 0.0149888480082, 0.00280804652721, 0.00434770714492, 0.0016112922458, 0.000640122452751, 0.000574802048504, 0.000830516859423, 0.000217974113184, 8.80511142896e-05, 1.38113049886e-08],
        "mean": [1.79714459136e-06, 1.80238803296e-05, 0.000256533356151, 0.000807967211585, 0.00481338053942, 0.00218749791384, 0.00264059239998, 0.000560660206247, 0.000367079861462, 0.000286333553959, 0.000507719640154, 0.00131430511829, 0.000704908918124, 0.000541440560482, 0.000215447333176, 0.000222810223931, 0.00010916528845, 9.81085395324e-05, 7.23954362911e-05, 6.52209637337e-05, 4.52313724963e-05, 2.71367844107e-05, 2.26611009566e-05, 2.42399928538e-05, 1.03190477603e-05, 2.35989023167e-06, 4.92516583073e-10],
        "median": [1.01362059013e-06, 6.36956747257e-06, 8.4432445874e-05, 0.000123921156046, 0.000813416030724, 0.000571789685637, 0.000280142878182, 9.13128315005e-05, 8.750824054e-05, 7.9796242062e-05, 4.08741216233e-05, 5.59024992981e-05, 3.8898378989e-05, 5.48839234398e-05, 1.45239719131e-05, 3.11368130497e-05, 1.69532904692e-05, 1.66717909451e-05, 1.39697667692e-05, 1.1862318388e-05, 1.13684236567e-05, 1.09185984911e-05, 8.21447702037e-06, 6.82296558807e-06, 2.95669769912e-06, 4.90657612318e-07, 1.35455216488e-10],
        "min": [1.73061788446e-23, 8.71983178804e-24, 6.77537012048e-24, 3.05227607615e-23, 3.40143285478e-23, 3.02584734256e-23, 2.24818352903e-23, 4.88575732058e-23, 6.89110074845e-23, 7.22677747192e-23, 5.53590460868e-23, 5.33473308716e-23, 5.52650832867e-23, 1.0120559086e-22, 1.37645650914e-22, 1.56131072682e-22, 1.31483385067e-22, 2.13775095402e-22, 2.45942419736e-22, 4.5780564447e-22, 3.69641338012e-22, 5.43901847935e-22, 6.88817539977e-22, 7.85834809545e-22, 1.07109165866e-21, 1.61176929955e-21, 2.44604334936e-21],
        "var": [6.48908357603e-12, 1.50533385757e-09, 1.94152633526e-07, 1.32603063321e-05, 0.000141198455822, 1.82067415153e-05, 5.39101602044e-05, 1.72911711616e-06, 5.2089262681e-07, 2.88656906378e-07, 2.63362244368e-06, 3.25452929246e-05, 1.04420532807e-05, 4.93487141284e-06, 3.38679654988e-07, 4.14951728089e-07, 1.44308557992e-07, 1.62158443118e-07, 3.36547998359e-08, 3.05550429403e-08, 1.21583640933e-08, 1.99038185933e-09, 1.56945001439e-09, 2.33167574137e-09, 3.49880818762e-10, 2.28830097232e-11, 9.79164710352e-19]
    },
    "erbbands": {
        "dmean": [0.000127614621306, 0.00522459158674, 0.1188326478, 0.672541975975, 2.63182854652, 8.77246379852, 10.5246582031, 10.2886209488, 19.7811088562, 10.8111066818, 5.21120643616, 3.17200374603, 4.45943307877, 9.64785671234, 22.0312690735, 26.375202179, 22.3610858917, 20.7877388, 4.88894557953, 5.35981607437, 7.87263727188, 4.00996398926, 3.40683555603, 1.74741220474, 1.79001963139, 1.32563626766, 1.27823698521, 0.591797709465, 0.44012722373, 0.377890378237, 0.257121413946, 0.223306640983, 0.188398599625, 0.0662172064185, 0.0289750341326, 0.00935119669884, 0.00155369588174, 3.21057304973e-05, 3.6526034819e-06, 6.3946595219e-06],
        "dmean2": [0.00020920544921, 0.00816967338324, 0.184697315097, 0.849417150021, 3.46654129028, 12.5265321732, 12.6234483719, 15.0233659744, 25.3108234406, 15.6904029846, 6.6973285675, 4.22171354294, 6.17017364502, 13.1062221527, 30.7232437134, 37.4081840515, 33.6772842407, 31.5611362457, 6.9137506485, 7.28706121445, 11.110669136, 5.57826185226, 4.76909971237, 2.48016738892, 2.49834132195, 1.87894499302, 1.92609930038, 0.885524094105, 0.657509326935, 0.542906343937, 0.373631477356, 0.313351392746, 0.269821792841, 0.0931663140655, 0.039999332279, 0.0127376290038, 0.00214314647019, 4.34133544331e-05, 4.64606637252e-06, 8.16696410766e-06],
        "dvar": [3.04165581611e-08, 0.000117846095236, 0.0470079481602, 3.25875711441, 41.5424957275, 521.303283691, 1234.31164551, 417.896453857, 4002.49658203, 782.50604248, 180.732040405, 54.0843467712, 63.6066055298, 508.842468262, 5707.07666016, 11367.7880859, 13356.8779297, 7176.08349609, 150.468780518, 244.876815796, 555.265625, 224.096542358, 480.469085693, 19.2601966858, 29.662858963, 18.7727909088, 17.6143093109, 4.17468309402, 0.796570539474, 0.92554885149, 0.293353766203, 0.244518250227, 0.166461020708, 0.0178493503481, 0.00411905627698, 0.000540567329153, 1.2737875295e-05, 5.06704145309e-09, 2.94345763041e-11, 9.63470900284e-11],
        "dvar2": [7.47105417531e-08, 0.000248119380558, 0.111377730966, 2.78599214554, 94.4129867554, 1099.83874512, 1278.37841797, 885.184631348, 5520.32910156, 1556.20788574, 301.364776611, 89.8517532349, 131.279251099, 839.039611816, 8851.90332031, 17355.7070312, 23471.7285156, 13075.0136719, 245.038986206, 401.970550537, 975.032836914, 359.131439209, 1053.20483398, 38.4828643799, 50.359375, 37.8626174927, 39.6935844421, 9.25868320465, 1.89064252377, 1.83486568928, 0.633719801903, 0.474609315395, 0.323412805796, 0.0339559614658, 0.00844287313521, 0.0012676337501, 2.62407902483e-05, 1.0337817713e-08, 4.89658487368e-11, 1.48415085777e-10],
        "max": [0.00506965210661, 0.42519235611, 6.27093505859, 100.972114563, 131.150390625, 459.751373291, 1412.5345459, 357.589477539, 1703.75061035, 606.622680664, 459.929626465, 210.281723022, 206.707778931, 610.996398926, 923.029174805, 1619.43762207, 2092.01855469, 1541.5892334, 279.932861328, 468.028778076, 475.280639648, 501.421447754, 1056.02734375, 92.9734802246, 161.98777771, 157.88420105, 94.4578475952, 66.6601028442, 23.2897014618, 27.6815757751, 10.4662952423, 14.8189935684, 11.3801603317, 3.04753470421, 1.86324000359, 0.616298377514, 0.0967007577419, 0.00193757726811, 0.000118097130326, 0.000226915173698],
        "mean": [0.000240486682742, 0.00936403870583, 0.215009987354, 1.56468009949, 5.76144742966, 17.5873088837, 23.7911491394, 20.9919586182, 39.1872825623, 22.7241325378, 12.5772686005, 6.60671520233, 8.89186191559, 17.1547966003, 33.866733551, 39.591342926, 35.0689468384, 36.2282600403, 9.38704395294, 10.3554973602, 13.3619365692, 7.60075235367, 6.04570007324, 3.70226097107, 3.78039622307, 2.86065459251, 2.48366260529, 1.23682188988, 0.957041740417, 0.83898127079, 0.588146209717, 0.508699536324, 0.388825535774, 0.14834831655, 0.059410341084, 0.018218446523, 0.0027906447649, 6.16614197497e-05, 1.13074711408e-05, 1.89224774658e-05],
        "median": [0.000160687966854, 0.00427809869871, 0.0852434933186, 0.452726393938, 1.32170009613, 2.35259389877, 2.58755278587, 6.16644144058, 6.99215555191, 3.11743712425, 2.3824737072, 1.91538536549, 3.70422911644, 3.52637243271, 3.69380187988, 2.55099582672, 2.81650304794, 3.75274658203, 1.48458635807, 1.08897662163, 1.87918448448, 1.20737636089, 1.00247240067, 0.903481960297, 0.718693673611, 0.599684119225, 0.583144724369, 0.376639217138, 0.357784688473, 0.293096661568, 0.208096444607, 0.151478737593, 0.101632200181, 0.0429823584855, 0.0158872827888, 0.00434447685257, 0.000537923944648, 1.44751684275e-05, 6.15771159573e-06, 9.78311072686e-06],
        "min": [3.43885849872e-22, 2.12470407817e-21, 1.041756918e-20, 5.32955344413e-20, 1.29219014592e-19, 1.15331169095e-19, 8.79535716955e-20, 3.45656573356e-19, 2.24285551149e-19, 3.91291223022e-19, 9.71138887061e-19, 1.74556409149e-18, 1.1091608999e-18, 2.84208877357e-18, 1.51036521048e-18, 1.99561727515e-18, 2.57126115562e-18, 5.75189510157e-18, 6.52330182055e-18, 7.21168318068e-18, 8.20527350732e-18, 8.40803036471e-18, 8.74045357338e-18, 1.08514209782e-17, 1.68189740595e-17, 1.95363831401e-17, 1.38394157264e-17, 1.75030325738e-17, 1.91506026461e-17, 2.02769993016e-17, 2.04367775087e-17, 1.8203459338e-17, 1.3615582307e-17, 1.21886237856e-17, 7.65661949627e-18, 5.34354912037e-18, 2.8832000636e-18, 1.11399225507e-18, 3.19527204426e-19, 3.79806569849e-20],
        "var": [7.53884421556e-08, 0.000297045975458, 0.131870880723, 32.1119689941, 158.728729248, 1692.8536377, 8269.80371094, 1376.42431641, 13094.0253906, 2897.26049805, 784.511962891, 169.686935425, 190.36529541, 1521.31347656, 12092.7880859, 24631.1894531, 25427.7617188, 17169.3730469, 427.788696289, 805.30871582, 1388.97607422, 642.943054199, 737.723632812, 58.645652771, 106.174438477, 46.4807395935, 41.8385734558, 8.10006427765, 2.47365307808, 2.6116642952, 0.918840765953, 0.916390419006, 0.547193050385, 0.0657146424055, 0.0125727178529, 0.00131953356322, 2.95144745905e-05, 1.30060566761e-08, 1.89483262414e-10, 5.8879762177e-10]
    },
    "gfcc": {
        "mean": [-135.269546509, 109.534736633, -125.669372559, 20.0779628754, -81.6679229736, 4.25324964523, -55.3636474609, -8.89150333405, -33.8810005188, -8.94595336914, -13.3398733139, -8.83081150055, -7.49743509293],
        "cov": [[29243.9335938, -2038.73974609, -5705.03369141, -1426.7833252, -2041.4921875, -1286.65722656, -1752.31286621, -693.462463379, -349.02947998, -173.181762695, -2.60165953636, -172.356124878, 103.514793396], [-2038.73974609, 744.957275391, 279.972351074, 42.1209068298, 181.132904053, 40.6484718323, 285.337860107, -59.2008476257, 46.568447113, -180.052993774, 35.8475456238, -57.1979751587, 82.7296676636], [-5705.03369141, 279.972351074, 1494.72851562, 387.178649902, 386.058105469, 269.559631348, 265.264984131, 205.347427368, 20.6708564758, 74.9456253052, -71.5658950806, 57.7101478577, -61.7774658203], [-1426.7833252, 42.1209068298, 387.178649902, 226.117019653, 121.447784424, 42.2664108276, 34.1338844299, 78.1311721802, 33.1427078247, 34.4716339111, -65.0844116211, -29.8917789459, -37.6652679443], [-2041.4921875, 181.132904053, 386.058105469, 121.447784424, 278.112365723, 166.805114746, 140.551849365, -8.29376983643, 19.1741352081, 24.4648857117, 18.6068286896, -17.0447502136, -49.3902244568], [-1286.65722656, 40.6484718323, 269.559631348, 42.2664108276, 166.805114746, 299.211547852, 169.737701416, -10.7363433838, -60.5850028992, 15.9809083939, 57.8101577759, 41.4610099792, -65.3124694824], [-1752.31286621, 285.337860107, 265.264984131, 34.1338844299, 140.551849365, 169.737701416, 297.192687988, 26.3918075562, -31.8434505463, -96.8872528076, 58.3026542664, 46.9566116333, 17.9647026062], [-693.462463379, -59.2008476257, 205.347427368, 78.1311721802, -8.29376983643, -10.7363433838, 26.3918075562, 160.460662842, 34.0959091187, 20.1602458954, -59.9720001221, 31.8441944122, 11.3120956421], [-349.02947998, 46.568447113, 20.6708564758, 33.1427078247, 19.1741352081, -60.5850028992, -31.8434505463, 34.0959091187, 125.064002991, 63.6990394592, -31.2195262909, -52.881275177, 5.81371116638], [-173.181762695, -180.052993774, 74.9456253052, 34.4716339111, 24.4648857117, 15.9809083939, -96.8872528076, 20.1602458954, 63.6990394592, 195.470504761, 1.44543743134, -30.9593791962, -74.0635070801], [-2.60165953636, 35.8475456238, -71.5658950806, -65.0844116211, 18.6068286896, 57.8101577759, 58.3026542664, -59.9720001221, -31.2195262909, 1.44543743134, 137.566268921, 48.2995185852, -18.9606113434], [-172.356124878, -57.1979751587, 57.7101478577, -29.8917789459, -17.0447502136, 41.4610099792, 46.9566116333, 31.8441944122, -52.881275177, -30.9593791962, 48.2995185852, 135.328430176, 38.7306632996], [103.514793396, 82.7296676636, -61.7774658203, -37.6652679443, -49.3902244568, -65.3124694824, 17.9647026062, 11.3120956421, 5.81371116638, -74.0635070801, -18.9606113434, 38.7306632996, 128.107467651]],
        "icov": [[0.000305166613543, -0.000169573962921, 0.000949732901063, -9.79618926067e-05, 0.000708618725184, -0.000268338742899, 0.000995456124656, -9.29048255784e-05, 0.000775545835495, 7.55200380809e-05, 0.000348988047335, -0.000184132659342, 0.000412901776144], [-0.000169573962921, 0.0064791617915, -0.00236232159659, 0.000871991214808, -0.00120300869457, 0.00224740663543, -0.00532605452463, 0.00404833350331, -0.0049485550262, 0.00486289756373, -0.00238582422026, 0.00453725270927, -0.00254740868695], [0.000949732901063, -0.00236232159659, 0.00553333619609, -0.00255632284097, 0.000811784935649, -0.00132613256574, 0.00337388645858, -0.00241930130869, 0.00456426152959, -0.00239328830503, 0.00262651406229, -0.00301132234745, 0.00176064309198], [-9.79618926067e-05, 0.000871991214808, -0.00255632284097, 0.0114677399397, -0.00355874677189, 0.00119982403703, 0.000465158052975, -0.00272896769457, -0.000661329249851, 0.00174050848, 0.00155880919192, 0.00267807161435, 0.00152769254055], [0.000708618725184, -0.00120300869457, 0.000811784935649, -0.00355874677189, 0.0129407141358, -0.00429189903662, 0.000411385321058, 0.00450342101976, -0.00195915414952, -0.000369413901353, 0.00106767506804, -0.000852669822052, 0.00218625576235], [-0.000268338742899, 0.00224740663543, -0.00132613256574, 0.00119982403703, -0.00429189903662, 0.0109787918627, -0.00799177028239, 0.00284718978219, 0.00267122383229, -0.00274235405959, 0.00112287409138, -0.000927968532778, 0.0020306839142], [0.000995456124656, -0.00532605452463, 0.00337388645858, 0.000465158052975, 0.000411385321058, -0.00799177028239, 0.0191835276783, -0.00872643850744, 0.00379063445143, 0.00453067896888, -0.00415220158175, -0.000586443871725, 0.00057356688194], [-9.29048255784e-05, 0.00404833350331, -0.00241930130869, -0.00272896769457, 0.00450342101976, 0.00284718978219, -0.00872643850744, 0.0189634021372, -0.00830338709056, 0.000304445769871, 0.0069212471135, -0.00581023283303, 0.00156255695038], [0.000775545835495, -0.0049485550262, 0.00456426152959, -0.000661329249851, -0.00195915414952, 0.00267122383229, 0.00379063445143, -0.00830338709056, 0.0238640327007, -0.0111093521118, 0.00111600232776, 0.00363722257316, -0.00305637647398], [7.55200380809e-05, 0.00486289756373, -0.00239328830503, 0.00174050848, -0.000369413901353, -0.00274235405959, 0.00453067896888, 0.000304445769871, -0.0111093521118, 0.0181267037988, -0.00591167388484, 0.00378729053773, 0.00291732535698], [0.000348988047335, -0.00238582422026, 0.00262651406229, 0.00155880919192, 0.00106767506804, 0.00112287409138, -0.00415220158175, 0.0069212471135, 0.00111600232776, -0.00591167388484, 0.0194834861904, -0.011568095535, 0.00685148546472], [-0.000184132659342, 0.00453725270927, -0.00301132234745, 0.00267807161435, -0.000852669822052, -0.000927968532778, -0.000586443871725, -0.00581023283303, 0.00363722257316, 0.00378729053773, -0.011568095535, 0.0219692643732, -0.00998220406473], [0.000412901776144, -0.00254740868695, 0.00176064309198, 0.00152769254055, 0.00218625576235, 0.0020306839142, 0.00057356688194, 0.00156255695038, -0.00305637647398, 0.00291732535698, 0.00685148546472, -0.00998220406473, 0.0179326366633]]
    },
    "melbands": {
        "dmean": [1.83852705504e-06, 4.34369394497e-05, 0.000165731617017, 0.000374427501811, 0.000407991406973, 0.000223754759645, 0.000288055307465, 0.000102363301266, 3.77875476261e-05, 2.30835739785e-05, 2.29389916058e-05, 3.7776226236e-05, 5.86848400417e-05, 0.000121767479868, 2.78958777926e-05, 5.79114202992e-05, 3.61475322279e-05, 5.75351396037e-06, 1.06259385575e-05, 5.97111829848e-06, 1.02049716588e-05, 4.31721537097e-06, 2.69085330729e-06, 2.97028532259e-06, 1.38129212246e-06, 1.65685503362e-06, 1.2957140143e-06, 8.96046685739e-07, 9.68957692749e-07, 4.53862298855e-07, 3.57602175427e-07, 2.92604170227e-07, 2.46618270694e-07, 2.25432046363e-07, 1.71471185695e-07, 1.54013335418e-07, 1.56957227659e-07, 1.54508455807e-07, 9.62517248126e-08, 5.28245962528e-08],
        "dmean2": [2.97002884508e-06, 6.94352129358e-05, 0.000208478915738, 0.000530631397851, 0.000512111000717, 0.000323950051097, 0.00037145317765, 0.000146660546307, 4.85550081066e-05, 3.09111237584e-05, 3.17028352583e-05, 5.14493440278e-05, 8.19353590487e-05, 0.000170456900378, 4.49760591437e-05, 8.55504040373e-05, 5.50956756342e-05, 8.23375739856e-06, 1.47834616655e-05, 8.17058844405e-06, 1.45577214425e-05, 6.09948574493e-06, 3.80210781259e-06, 4.17304909206e-06, 2.04217030841e-06, 2.37437870965e-06, 1.9246588181e-06, 1.32239483719e-06, 1.48379820075e-06, 6.86134569605e-07, 5.48644834453e-07, 4.46452474989e-07, 3.67257058542e-07, 3.33073131742e-07, 2.55817042216e-07, 2.36929167841e-07, 2.20959918806e-07, 2.22815401685e-07, 1.43857974422e-07, 7.81159741337e-08],
        "dvar": [1.28037242267e-11, 6.67695188028e-09, 1.87251657735e-07, 6.83997768647e-07, 1.59841204095e-06, 1.96546665165e-07, 7.53008123411e-07, 6.40604511659e-08, 9.59561763381e-09, 2.7008584258e-09, 1.69606184652e-09, 7.40066052884e-09, 2.98328224346e-08, 2.9282685432e-07, 2.08813446534e-08, 5.99219021069e-08, 2.51107543647e-08, 2.60952037756e-10, 1.04111297361e-09, 4.97399732513e-10, 1.03738906354e-09, 3.04368003023e-10, 2.33470048849e-10, 1.99184391203e-10, 1.2998634287e-11, 2.71709738042e-11, 1.94779175428e-11, 1.11901841959e-11, 1.15237853981e-11, 1.6225384751e-12, 1.90271409739e-12, 3.83619947874e-13, 3.93858285829e-13, 3.51961678118e-13, 1.48745382331e-13, 1.14841960269e-13, 1.76224174684e-13, 1.43768420021e-13, 4.06386180946e-14, 1.22845103637e-14],
        "dvar2": [2.83265477047e-11, 1.64034101857e-08, 2.17535642832e-07, 1.52069333126e-06, 1.94769063455e-06, 4.0516243871e-07, 1.06049026272e-06, 1.27344279122e-07, 1.5834164202e-08, 4.76644412828e-09, 3.48049522536e-09, 1.22472174624e-08, 4.58652671398e-08, 4.33201506667e-07, 3.9883783387e-08, 1.08371018825e-07, 4.56020572415e-08, 4.28895197135e-10, 1.81835568824e-09, 7.08391512116e-10, 1.81713466496e-09, 4.81199247115e-10, 5.00260721736e-10, 4.23648505166e-10, 2.66764856732e-11, 5.09772640767e-11, 3.64463563496e-11, 2.33841036812e-11, 2.7306303052e-11, 3.66516799549e-12, 3.9945304009e-12, 9.19856530356e-13, 9.02739634347e-13, 6.91092799307e-13, 3.29034542668e-13, 2.84289573219e-13, 3.27237314936e-13, 2.83177859417e-13, 8.67339579607e-14, 2.61006595839e-14],
        "max": [0.000128536121338, 0.00232768268324, 0.0208992101252, 0.012177400291, 0.0484024919569, 0.00712004769593, 0.0228427201509, 0.00539330951869, 0.00300044193864, 0.00144728331361, 0.00101462146267, 0.00225775362924, 0.00178205047268, 0.0082082124427, 0.00285392743535, 0.00461343023926, 0.00280410144478, 0.000400362536311, 0.000716789159924, 0.00070350151509, 0.000710253079887, 0.000641873630229, 0.000734390108846, 0.000605137785897, 8.10045166872e-05, 0.000135710230097, 0.00012689664436, 0.000109430351586, 8.73243479873e-05, 2.48392443609e-05, 5.26089461346e-05, 1.32954983201e-05, 1.64791727002e-05, 1.51062904479e-05, 8.67335984367e-06, 7.76786964707e-06, 1.52729135152e-05, 1.04858190753e-05, 3.44869818036e-06, 2.77836852547e-06],
        "mean": [3.02943726638e-06, 7.4077383033e-05, 0.000379046716262, 0.000772203493398, 0.00090473680757, 0.000461719668237, 0.000584292749409, 0.000214772910113, 8.65166293806e-05, 4.47086749773e-05, 4.45198056696e-05, 6.67711356073e-05, 9.08287038328e-05, 0.00018148322124, 3.76508505724e-05, 9.94749498204e-05, 5.69585936319e-05, 1.05075268948e-05, 1.83134852705e-05, 1.0837170521e-05, 1.61586685863e-05, 7.82501683716e-06, 4.41272050011e-06, 5.29977251063e-06, 2.67747191174e-06, 3.18610000249e-06, 2.41325710704e-06, 1.75185061835e-06, 1.78077539204e-06, 8.46047555569e-07, 6.82129041252e-07, 5.70098279695e-07, 4.7819514748e-07, 4.59350246729e-07, 3.48575952103e-07, 3.0947771279e-07, 3.17705854513e-07, 2.95835832276e-07, 1.84195286579e-07, 1.0744908252e-07],
        "median": [1.36325434141e-06, 2.7666479582e-05, 0.000100217897852, 0.000159422284923, 9.94946676656e-05, 0.00013594191114, 0.000103168131318, 2.72248908004e-05, 1.43314109664e-05, 1.1315582924e-05, 1.812629489e-05, 1.21833418234e-05, 9.7021656984e-06, 7.32731223252e-06, 2.8881347589e-06, 6.74970488035e-06, 5.43130408914e-06, 1.41718135183e-06, 9.82982669484e-07, 1.44144496517e-06, 1.96508995032e-06, 9.29800592075e-07, 7.69371922615e-07, 8.43852433263e-07, 5.90177990034e-07, 5.4866973187e-07, 3.48394763705e-07, 3.59741846978e-07, 3.99249955763e-07, 2.21875168904e-07, 1.83954938393e-07, 1.93758609157e-07, 1.49167988184e-07, 1.53637969902e-07, 1.16008422424e-07, 9.12993698421e-08, 7.29460154503e-08, 6.86277203954e-08, 4.80913762146e-08, 3.06349647872e-08],
        "min": [4.8055994285e-24, 4.10973063008e-24, 1.29153159373e-23, 7.81084708848e-24, 4.03765162031e-24, 7.8538968058e-24, 3.72471799339e-24, 6.25554864927e-24, 7.54060543045e-24, 1.15152400806e-23, 4.72642698147e-24, 1.08073021048e-23, 5.80687888183e-24, 3.18275359099e-24, 6.26973394606e-24, 5.08069179223e-24, 1.13077830732e-23, 8.56314271302e-24, 1.12743779693e-23, 9.45351739497e-24, 9.39540043436e-24, 7.58346582116e-24, 6.2478166291e-24, 7.3330458711e-24, 8.76199640343e-24, 1.03614836751e-23, 1.46015360989e-23, 1.10503051846e-23, 8.85529734927e-24, 9.8887193346e-24, 9.17758331665e-24, 1.25744846389e-23, 7.79497126276e-24, 1.21629343269e-23, 1.07266663208e-23, 1.26595711761e-23, 9.46204340363e-24, 9.54983573377e-24, 9.4115381619e-24, 1.06860257847e-23],
        "var": [3.03499864129e-11, 1.63554965127e-08, 1.55954126058e-06, 2.0152954221e-06, 1.01018886198e-05, 6.6790926212e-07, 2.56560269918e-06, 2.3946120109e-07, 3.93182020275e-08, 8.02941446665e-09, 5.01298780264e-09, 2.21054321514e-08, 6.40017816522e-08, 6.48572267892e-07, 3.49666535726e-08, 1.39796966891e-07, 5.12802564856e-08, 7.29211413475e-10, 2.86723444987e-09, 1.39135636346e-09, 2.40188025025e-09, 9.18069398281e-10, 3.35405508922e-10, 3.90093235492e-10, 3.47897474717e-11, 7.77200803714e-11, 5.03610729508e-11, 2.49543892494e-11, 2.5680133367e-11, 3.44414687742e-12, 3.3293832101e-12, 9.61227733694e-13, 8.28759207528e-13, 8.83344558524e-13, 3.70325758991e-13, 2.73558438272e-13, 5.3926524704e-13, 4.09481286769e-13, 1.0505584304e-13, 3.84034099551e-14]
    },
    "mfcc": {
        "mean": [-759.386169434, 122.325057983, 5.20169258118, 9.62823677063, -7.28003168106, -4.67258644104, -11.28145504, -10.2494106293, -15.9786109924, -11.8024682999, -13.1169528961, -7.19627809525, -6.56622838974],
        "cov": [[20142.8671875, 1306.45581055, -2521.03857422, -1368.44104004, -1530.08862305, -1482.57080078, -1478.85522461, -1053.9666748, -864.437866211, -408.984466553, -543.140075684, -218.125396729, -243.128997803], [1306.45581055, 1004.21246338, -301.489746094, -203.525024414, -292.671630859, -62.5807991028, -38.8681602478, 18.8024864197, -74.6047592163, -105.130233765, -133.829452515, -76.9882888794, -29.0854663849], [-2521.03857422, -301.489746094, 566.256408691, 233.231124878, 239.827957153, 171.713973999, 203.257766724, 151.166946411, 133.688323975, 42.8854980469, 67.115020752, 31.5899524689, 14.1718254089], [-1368.44104004, -203.525024414, 233.231124878, 264.186096191, 168.714324951, 43.7438163757, 31.5211715698, 41.8309822083, 104.721870422, 77.626701355, 37.5666427612, -3.20922160149, -10.0769844055], [-1530.08862305, -292.671630859, 239.827957153, 168.714324951, 268.117370605, 151.827957153, 82.3429489136, 23.0475978851, 68.3137054443, 74.4416656494, 88.9155426025, 28.8821277618, -3.10638999939], [-1482.57080078, -62.5807991028, 171.713973999, 43.7438163757, 151.827957153, 275.990112305, 197.51663208, 81.2269287109, 13.128698349, 3.02726316452, 91.4082946777, 50.0121459961, 17.1020908356], [-1478.85522461, -38.8681602478, 203.257766724, 31.5211715698, 82.3429489136, 197.51663208, 281.674621582, 175.663879395, 17.9051303864, -53.9424591064, 35.9001197815, 49.2850494385, 60.3807945251], [-1053.9666748, 18.8024864197, 151.166946411, 41.8309822083, 23.0475978851, 81.2269287109, 175.663879395, 213.524047852, 62.8059310913, -56.5767021179, -31.4389305115, 5.6541929245, 55.7182540894], [-864.437866211, -74.6047592163, 133.688323975, 104.721870422, 68.3137054443, 13.128698349, 17.9051303864, 62.8059310913, 162.991790771, 75.5123672485, -15.6509971619, -28.576341629, -0.849962353706], [-408.984466553, -105.130233765, 42.8854980469, 77.626701355, 74.4416656494, 3.02726316452, -53.9424591064, -56.5767021179, 75.5123672485, 153.749481201, 62.3429946899, -13.746711731, -34.9612197876], [-543.140075684, -133.829452515, 67.115020752, 37.5666427612, 88.9155426025, 91.4082946777, 35.9001197815, -31.4389305115, -15.6509971619, 62.3429946899, 160.357330322, 65.4199295044, -25.5696315765], [-218.125396729, -76.9882888794, 31.5899524689, -3.20922160149, 28.8821277618, 50.0121459961, 49.2850494385, 5.6541929245, -28.576341629, -13.746711731, 65.4199295044, 109.304771423, 38.8106994629], [-243.128997803, -29.0854663849, 14.1718254089, -10.0769844055, -3.10638999939, 17.1020908356, 60.3807945251, 55.7182540894, -0.849962353706, -34.9612197876, -25.5696315765, 38.8106994629, 132.146743774]],
