{
"lowlevel": {
    "average_loudness": 0.0308875609189,
    "barkbands_crest": {
        "dmean": 2.43661022186,
        "dmean2": 3.74312090874,
        "dvar": 5.18540334702,
        "dvar2": 12.3974084854,
        "max": 26.7970333099,
        "mean": 13.3789834976,
        "median": 12.6381120682,
        "min": 3.60459780693,
        "var": 25.3398838043
    },
    "barkbands_flatness_db": {
        "dmean": 0.0217487178743,
        "dmean2": 0.0308386217803,
        "dvar": 0.00042606308125,
        "dvar2": 0.000879468396306,
        "max": 0.495957195759,
        "mean": 0.237041562796,
        "median": 0.234200716019,
        "min": 0.0547669418156,
        "var": 0.004105867818
    },
    "barkbands_kurtosis": {
        "dmean": 4.16329908371,
        "dmean2": 6.38577699661,
        "dvar": 115.177612305,
        "dvar2": 289.957489014,
        "max": 442.75970459,
        "mean": 7.8058681488,
        "median": 3.83014273643,
        "min": -1.80072176456,
        "var": 282.732177734
    },
    "barkbands_skewness": {
        "dmean": 0.578939735889,
        "dmean2": 0.896573185921,
        "dvar": 0.412832975388,
        "dvar2": 1.02662360668,
        "max": 17.7779941559,
        "mean": 1.53890120983,
        "median": 1.42151355743,
        "min": -5.0133600235,
        "var": 2.38316512108
    },
    "barkbands_spread": {
        "dmean": 2.22655344009,
        "dmean2": 3.44134306908,
        "dvar": 6.70754432678,
        "dvar2": 17.0877323151,
        "max": 73.6189498901,
        "mean": 8.33562278748,
        "median": 6.85562896729,
        "min": 0.201358392835,
        "var": 37.1827659607
    },
    "dissonance": {
        "dmean": 0.0342453829944,
        "dmean2": 0.0563113838434,
        "dvar": 0.000891602190677,
        "dvar2": 0.0023520544637,
        "max": 0.500000059605,
        "mean": 0.400980174541,
        "median": 0.405514061451,
        "min": 0.17684315145,
        "var": 0.0028028790839
    },
    "dynamic_complexity": 7.11465740204,
    "erbbands_crest": {
        "dmean": 2.889513731,
        "dmean2": 4.46184968948,
        "dvar": 7.31084728241,
        "dvar2": 17.1782417297,
        "max": 32.8731956482,
        "mean": 13.5786352158,
        "median": 12.7552165985,
        "min": 2.10789632797,
        "var": 30.9818935394
    },
    "erbbands_flatness_db": {
        "dmean": 0.0177189353853,
        "dmean2": 0.024979731068,
        "dvar": 0.000275423371932,
        "dvar2": 0.000535510887858,
        "max": 0.487014591694,
        "mean": 0.267617434263,
        "median": 0.268607378006,
        "min": 0.0322244316339,
        "var": 0.00320878089406
    },
    "erbbands_kurtosis": {
        "dmean": 1.58534312248,
        "dmean2": 2.40886259079,
        "dvar": 7.32643222809,
        "dvar2": 15.1867227554,
        "max": 69.1602401733,
        "mean": 1.78592276573,
        "median": 0.572821617126,
        "min": -1.79474139214,
        "var": 17.6700553894
    },
    "erbbands_skewness": {
        "dmean": 0.425937175751,
        "dmean2": 0.6289716959,
        "dvar": 0.170429855585,
        "dvar2": 0.359716713428,
        "max": 7.11740684509,
        "mean": 0.968460798264,
        "median": 0.891515910625,
        "min": -3.80228710175,
        "var": 0.902954697609
    },
    "erbbands_spread": {
        "dmean": 3.69802546501,
        "dmean2": 5.60219287872,
        "dvar": 12.2931289673,
        "dvar2": 28.1770133972,
        "max": 138.41746521,
        "mean": 18.2643527985,
        "median": 17.160774231,
        "min": 0.994594335556,
        "var": 89.8952941895
    },
    "hfc": {
        "dmean": 1.47134757042,
        "dmean2": 2.00227928162,
        "dvar": 7.29686069489,
        "dvar2": 14.6484003067,
        "max": 82.4842224121,
        "mean": 6.35185956955,
        "median": 2.16120147705,
        "min": 1.0313868889e-16,
        "var": 96.8078994751
    },
    "melbands_crest": {
        "dmean": 2.99743056297,
        "dmean2": 4.59075450897,
        "dvar": 8.04766750336,
        "dvar2": 19.4589767456,
        "max": 38.9051895142,
        "mean": 16.7298698425,
        "median": 16.3522872925,
        "min": 1.46614420414,
        "var": 39.4299430847
    },
    "melbands_flatness_db": {
        "dmean": 0.0234605744481,
        "dmean2": 0.0324407219887,
        "dvar": 0.000502320297528,
        "dvar2": 0.000996464747004,
        "max": 0.64545404911,
        "mean": 0.308704644442,
        "median": 0.309624791145,
        "min": 0.00263793370686,
        "var": 0.00772488582879
    },
    "melbands_kurtosis": {
        "dmean": 5.66195297241,
        "dmean2": 8.62701511383,
        "dvar": 402.831634521,
        "dvar2": 1084.41223145,
        "max": 1490.11962891,
        "mean": 11.4936571121,
        "median": 6.43654346466,
        "min": -1.7670481205,
        "var": 753.482971191
    },
    "melbands_skewness": {
        "dmean": 0.617416620255,
        "dmean2": 0.927171766758,
        "dvar": 0.463898837566,
        "dvar2": 1.12505209446,
        "max": 33.082359314,
        "mean": 2.07363176346,
        "median": 1.89365589619,
        "min": -3.25337839127,
        "var": 2.51592373848
    },
    "melbands_spread": {
        "dmean": 3.12903618813,
        "dmean2": 4.77729177475,
        "dvar": 18.1836929321,
        "dvar2": 43.2707138062,
        "max": 169.673049927,
        "mean": 13.7338352203,
        "median": 8.42994594574,
        "min": 0.344955980778,
        "var": 502.20501709
    },
    "pitch_salience": {
        "dmean": 0.0663034170866,
        "dmean2": 0.10341437906,
        "dvar": 0.0036498371046,
        "dvar2": 0.00874570105225,
        "max": 0.857335627079,
        "mean": 0.49816262722,
        "median": 0.498579919338,
        "min": 0.0564505904913,
        "var": 0.0178354680538
    },
    "silence_rate_20dB": {
        "dmean": 0,
        "dmean2": 0,
        "dvar": 0,
        "dvar2": 0,
        "max": 1,
        "mean": 1,
        "median": 1,
        "min": 1,
        "var": 0
    },
    "silence_rate_30dB": {
        "dmean": 0.00379867036827,
        "dmean2": 0.00759782176465,
        "dvar": 0.00378458341584,
        "dvar2": 0.00868009775877,
        "max": 1,
        "mean": 0.99404913187,
        "median": 1,
        "min": 0,
        "var": 0.00591580150649
    },
    "silence_rate_60dB": {
        "dmean": 0.0567268133163,
        "dmean2": 0.113460808992,
        "dvar": 0.0535127259791,
        "dvar2": 0.115764774382,
        "max": 1,
        "mean": 0.439415037632,
        "median": 0,
        "min": 0,
        "var": 0.246331438422
    },
    "spectral_centroid": {
        "dmean": 98.8479232788,
        "dmean2": 147.742202759,
        "dvar": 22927.0332031,
        "dvar2": 45414.0742188,
        "max": 11987.0390625,
        "mean": 969.67401123,
        "median": 581.389892578,
        "min": 157.964874268,
        "var": 3402980.5
    },
    "spectral_complexity": {
        "dmean": 1.18239951134,
        "dmean2": 1.93554508686,
        "dvar": 1.55669522285,
        "dvar2": 3.73934936523,
        "max": 28,
        "mean": 7.28038740158,
        "median": 6,
        "min": 0,
        "var": 30.672832489
    },
    "spectral_decrease": {
        "dmean": 8.21651746641e-10,
        "dmean2": 1.09633502277e-09,
        "dvar": 2.33129998903e-18,
        "dvar2": 4.51655048756e-18,
        "max": 2.84927275983e-28,
        "mean": -3.37684902263e-09,
        "median": -1.07104014546e-09,
        "min": -4.81677346897e-08,
        "var": 2.76037681209e-17
    },
    "spectral_energy": {
        "dmean": 0.00321904034354,
        "dmean2": 0.00429461384192,
        "dvar": 3.55623560608e-05,
        "dvar2": 6.88362633809e-05,
        "max": 0.185388684273,
        "mean": 0.0133210783824,
        "median": 0.00425546336919,
        "min": 9.69822416192e-21,
        "var": 0.000427517312346
    },
    "spectral_energyband_high": {
        "dmean": 6.37198218101e-06,
        "dmean2": 9.28811641643e-06,
        "dvar": 4.75639028163e-10,
        "dvar2": 9.5577845638e-10,
        "max": 0.000948262691963,
        "mean": 1.77101992449e-05,
        "median": 1.65949779785e-06,
        "min": 6.91741581034e-21,
        "var": 2.31846786214e-09
    },
    "spectral_energyband_low": {
        "dmean": 0.00038921542,
        "dmean2": 0.000518771528732,
        "dvar": 1.24732071072e-06,
        "dvar2": 2.13499470192e-06,
        "max": 0.0481608733535,
        "mean": 0.00109523371793,
        "median": 8.40345601318e-05,
        "min": 1.00267502715e-23,
        "var": 9.5817467809e-06
    },
    "spectral_energyband_middle_high": {
        "dmean": 0.000557802442927,
        "dmean2": 0.000849607691634,
        "dvar": 2.09400650419e-06,
        "dvar2": 5.08047241965e-06,
        "max": 0.0683320984244,
        "mean": 0.00153104390483,
        "median": 0.000364546693163,
        "min": 1.07876529365e-21,
        "var": 8.44207534101e-06
    },
    "spectral_energyband_middle_low": {
        "dmean": 0.00303346686997,
        "dmean2": 0.00408249814063,
        "dvar": 3.31512710545e-05,
        "dvar2": 6.50269939797e-05,
        "max": 0.18432970345,
        "mean": 0.011219968088,
        "median": 0.00337722711265,
        "min": 1.19933161372e-22,
        "var": 0.000326630135532
    },
    "spectral_entropy": {
        "dmean": 0.181174069643,
        "dmean2": 0.251461386681,
        "dvar": 0.0332390107214,
        "dvar2": 0.0634396895766,
        "max": 9.8333940506,
        "mean": 6.40493917465,
        "median": 6.36758422852,
        "min": 3.9128882885,
        "var": 0.623093545437
    },
    "spectral_flux": {
        "dmean": 0.00955228041857,
        "dmean2": 0.0159307569265,
        "dvar": 0.000144068006193,
        "dvar2": 0.000392036599806,
        "max": 0.215433701873,
        "mean": 0.0334179922938,
        "median": 0.0244957935065,
        "min": 6.25621221495e-11,
        "var": 0.000767388206441
    },
    "spectral_kurtosis": {
        "dmean": 8.12297153473,
        "dmean2": 13.9020423889,
        "dvar": 74.6941986084,
        "dvar2": 205.302719116,
        "max": 127.18006897,
        "mean": 20.9642486572,
        "median": 16.5067672729,
        "min": -1.27233171463,
        "var": 260.332397461
    },
    "spectral_rms": {
        "dmean": 0.000388399523217,
        "dmean2": 0.000509427452926,
        "dvar": 2.32263658972e-07,
        "dvar2": 4.27598877195e-07,
        "max": 0.013448680751,
        "mean": 0.00276890443638,
        "median": 0.00203756522387,
        "min": 3.07598477939e-12,
        "var": 5.32934200237e-06
    },
    "spectral_rolloff": {
        "dmean": 168.523590088,
        "dmean2": 289.724884033,
        "dvar": 84833.078125,
        "dvar2": 162247.421875,
        "max": 19982.8125,
        "mean": 1315.82983398,
        "median": 667.529296875,
        "min": 21.533203125,
        "var": 10102161
    },
    "spectral_skewness": {
        "dmean": 0.588966608047,
        "dmean2": 1.00195384026,
        "dvar": 0.310094594955,
        "dvar2": 0.859473884106,
        "max": 9.65639305115,
        "mean": 3.07783269882,
        "median": 2.8740530014,
        "min": -0.104469783604,
        "var": 1.61868178844
    },
    "spectral_spread": {
        "dmean": 294769.125,
        "dmean2": 487732,
        "dvar": 236561350656,
        "dvar2": 503508762624,
        "max": 48351460,
        "mean": 3431236.75,
        "median": 2179254.25,
        "min": 606615.125,
        "var": 4.55622839501e+13
    },
    "spectral_strongpeak": {
        "dmean": 0.272057086229,
        "dmean2": 0.411977142096,
        "dvar": 0.166079416871,
        "dvar2": 0.38629090786,
        "max": 8.85880947113,
        "mean": 0.862711369991,
        "median": 0.568046927452,
        "min": 0,
        "var": 0.754016757011
    },
    "zerocrossingrate": {
        "dmean": 0.00386052881368,
        "dmean2": 0.00492362119257,
        "dvar": 3.36650737154e-05,
        "dvar2": 6.1697413912e-05,
        "max": 0.525390625,
        "mean": 0.0438782349229,
        "median": 0.02734375,
        "min": 0.0009765625,
        "var": 0.00694808270782
    },
    "barkbands": {
        "dmean": [2.67746272584e-05, 9.23240804696e-05, 0.000150779640535, 0.000447158672614, 0.000906046770979, 0.00162039685529, 0.000607246067375, 0.000416218681494, 0.000326074950863, 0.000295884703519, 8.86730776983e-05, 0.000105805505882, 0.000161248914083, 0.000117911869893, 9.76175651886e-05, 5.55377991986e-05, 5.57791427127e-05, 2.09381105378e-05, 1.74478336703e-05, 6.57691589367e-06, 3.15239685733e-06, 2.01461011784e-06, 6.70302426897e-07, 3.46452736721e-07, 2.4349725436e-07, 1.08608254834e-07, 5.5266360377e-09],
        "dmean2": [5.0533835747e-05, 0.0001371888211, 0.000202236420591, 0.000595968798734, 0.00130646245088, 0.00214977166615, 0.000813832331914, 0.000579993589781, 0.000470265746117, 0.000454256951343, 0.000137664290378, 0.000171020263224, 0.000251142890193, 0.000190025370102, 0.000160553317983, 9.22515318962e-05, 9.23431362025e-05, 3.4133434383e-05, 2.84714278678e-05, 1.06135894384e-05, 4.9779478104e-06, 3.11848566525e-06, 1.02958051684e-06, 5.14127123097e-07, 3.55753172698e-07, 1.55401608026e-07, 8.92786822249e-09],
        "dvar": [5.73976755014e-10, 7.46982351529e-08, 2.63775689291e-07, 2.64983782472e-06, 7.00288228472e-06, 1.61932439369e-05, 3.67742427443e-06, 1.87213333902e-06, 7.91330535321e-07, 9.86483541965e-07, 4.89725493935e-07, 1.61712236491e-07, 3.79609588208e-07, 1.3934986498e-07, 9.10859796477e-08, 3.95813088971e-08, 4.33515197074e-08, 5.76690650789e-09, 6.27482199533e-09, 5.80094194902e-10, 1.43015890797e-10, 9.31696733653e-11, 8.73468398305e-12, 2.14612680925e-12, 1.60861146452e-12, 5.63446208093e-13, 1.90892490718e-15],
        "dvar2": [1.97643124089e-09, 1.53245451884e-07, 4.55408212474e-07, 4.53174743598e-06, 1.77167821676e-05, 2.90704538202e-05, 6.9226521191e-06, 3.56072018803e-06, 1.7416339233e-06, 2.1871478566e-06, 1.2106019085e-06, 4.51508924471e-07, 9.13687983939e-07, 3.59278516271e-07, 2.42392218297e-07, 1.09147869409e-07, 1.15856614968e-07, 1.49248933212e-08, 1.6151608051e-08, 1.51299872631e-09, 3.35421690423e-10, 2.04472105914e-10, 1.95482050686e-11, 4.55908271205e-12, 3.29241668651e-12, 1.3848529528e-12, 5.21249591477e-15],
        "max": [0.000286325084744, 0.0137930670753, 0.0322577059269, 0.0688902363181, 0.15385530889, 0.160203590989, 0.110966160893, 0.0680145546794, 0.0222241394222, 0.0645438432693, 0.0564417876303, 0.0149895707145, 0.0257288627326, 0.0118224052712, 0.0107233664021, 0.00554853538051, 0.00934283062816, 0.00355344521813, 0.00443455344066, 0.000905966735445, 0.000508204451762, 0.00038420438068, 0.00014998333063, 6.28100096947e-05, 7.16072609066e-05, 4.61167146568e-05, 2.92376739708e-06],
        "mean": [3.23142521665e-05, 0.000207638920983, 0.00038776936708, 0.00110489176586, 0.00212435913272, 0.00500039150938, 0.00150212936569, 0.000726132828277, 0.00058116595028, 0.000470930419397, 0.000130348693347, 0.000171061212313, 0.000284362351522, 0.000177098074346, 0.000154473280418, 8.6916712462e-05, 8.73201206559e-05, 3.64718944184e-05, 2.98195609503e-05, 1.17626104839e-05, 6.59027909933e-06, 4.07556672144e-06, 1.46149830016e-06, 7.86284317655e-07, 5.44029660432e-07, 2.53979493436e-07, 9.1980423278e-09],
        "median": [2.74552858173e-05, 2.15393047256e-05, 1.00952274806e-05, 1.92129427887e-05, 0.000313725147862, 0.000636927434243, 0.000211987207877, 7.33672786737e-05, 0.000101856319816, 8.83955071913e-05, 1.30775360958e-05, 1.56600872288e-05, 2.53857579082e-05, 1.66444151546e-05, 1.9817307475e-05, 1.11166355055e-05, 8.03698640084e-06, 3.71967462343e-06, 2.20564925257e-06, 8.03509180969e-07, 5.63968001188e-07, 2.93571702059e-07, 8.96768241887e-08, 6.45034816671e-08, 4.51238975074e-08, 2.39922055556e-08, 1.44648959477e-09],
        "min": [6.1650755479e-26, 1.94640423754e-24, 2.48422357031e-25, 3.98713991978e-25, 5.28114371483e-24, 6.20760326117e-24, 5.18874719802e-24, 5.02577445146e-24, 8.57292301052e-24, 9.05882346282e-24, 9.04419167075e-24, 2.03283317938e-23, 1.90110681884e-23, 1.93538850497e-23, 2.52816320161e-23, 4.60492662485e-23, 6.66943398952e-23, 7.06451383243e-23, 1.13817495116e-22, 1.67753593902e-22, 2.08998283874e-22, 2.76786780156e-22, 2.80781319345e-22, 4.75529039225e-22, 7.11832235032e-22, 1.16697352388e-21, 1.72969726485e-21],
        "var": [5.96736438041e-10, 4.974561989e-07, 1.91124581761e-06, 1.75640234374e-05, 2.59675198322e-05, 0.000124101978145, 2.4766968636e-05, 5.38928679816e-06, 1.82291535111e-06, 2.16698936129e-06, 6.35609922028e-07, 3.03075267993e-07, 1.1005010947e-06, 2.45644372399e-07, 1.72187142766e-07, 7.42322256997e-08, 7.39034149433e-08, 1.15602887263e-08, 1.08080628891e-08, 1.21384036156e-09, 4.42201497641e-10, 2.24429280715e-10, 2.63346740248e-11, 6.83543109267e-12, 4.24608091742e-12, 9.49389330172e-13, 1.66794413957e-15]
    },
    "erbbands": {
        "dmean": [0.00156533124391, 0.0256384201348, 0.142123132944, 0.845264136791, 2.00092768669, 2.62953901291, 9.28250026703, 14.4657697678, 11.2138242722, 5.49791193008, 8.93818283081, 6.16544246674, 9.97593402863, 8.36299133301, 2.92181682587, 4.77784013748, 7.0959944725, 6.82737731934, 6.03782653809, 2.63340210915, 3.46429300308, 2.09737110138, 1.29384064674, 0.852906107903, 0.765770792961, 0.29610696435, 0.168829083443, 0.0780212506652, 0.0685138404369, 0.0467025861144, 0.0183726735413, 0.00804321933538, 0.00598737504333, 0.00348480138928, 0.00107904267497, 0.000604598259088, 0.000192506180611, 2.20892961806e-05, 1.9938497644e-06, 3.60572926184e-06],
        "dmean2": [0.00240511470474, 0.0375849120319, 0.192172855139, 1.11555969715, 2.76020741463, 3.84508991241, 12.8218288422, 18.9129562378, 15.3418445587, 7.26714515686, 12.7686700821, 8.89870357513, 14.5761795044, 13.151807785, 4.56431102753, 7.62230730057, 10.9802703857, 10.9742164612, 9.88381767273, 4.30970954895, 5.77943372726, 3.42206501961, 2.10794591904, 1.38207757473, 1.2601454258, 0.477324754, 0.269291907549, 0.121052615345, 0.10639950633, 0.0734614506364, 0.0279962159693, 0.0122017022222, 0.0088818743825, 0.00514537421986, 0.00158592150547, 0.000875949976034, 0.000280589738395, 3.21677252941e-05, 2.78687411992e-06, 4.8097290346e-06],
        "dvar": [1.30572761918e-05, 0.00646959757432, 0.245933040977, 8.14333534241, 56.8508338928, 73.3302536011, 648.312011719, 1507.80334473, 1007.68994141, 344.953887939, 735.297241211, 267.329925537, 1076.27392578, 1344.40905762, 147.103897095, 346.334442139, 760.69744873, 499.596801758, 342.101898193, 84.5301055908, 131.631896973, 58.2388458252, 19.4646759033, 12.2513799667, 16.6614990234, 1.0627964735, 0.361607670784, 0.0843599438667, 0.0930003896356, 0.0720532089472, 0.00708778575063, 0.000886636378709, 0.00077317195246, 0.000280356325675, 2.05722590181e-05, 1.42524404509e-05, 1.8065235281e-06, 1.80978467768e-08, 8.56146681327e-11, 4.42916259225e-11],
        "dvar2": [2.7114931072e-05, 0.0130912614986, 0.427058875561, 13.8917636871, 110.947631836, 209.661254883, 1386.29943848, 2596.74682617, 1969.38525391, 556.692871094, 1610.8927002, 571.666564941, 2129.47973633, 3464.11889648, 362.5128479, 970.0625, 1789.7442627, 1292.58605957, 906.558349609, 221.588272095, 364.093231201, 151.58631897, 51.4217185974, 33.102519989, 42.0543022156, 2.72115135193, 0.8838326931, 0.194959774613, 0.206328168511, 0.173941448331, 0.0159804150462, 0.00196096417494, 0.00167941057589, 0.000606558285654, 4.15433969465e-05, 3.34408359777e-05, 4.56349516753e-06, 4.57915838581e-08, 2.34976954561e-10, 8.57483598016e-11],
        "max": [0.19565692544, 4.41900491714, 33.69688797, 114.141777039, 617.98260498, 266.741821289, 1080.47546387, 1844.35302734, 1771.92871094, 1155.44799805, 700.394042969, 590.959106445, 2615.04077148, 2082.37207031, 741.673706055, 723.967956543, 1250.9107666, 927.762878418, 698.502075195, 368.703491211, 343.032653809, 347.719970703, 174.149353027, 146.352554321, 243.143585205, 41.720703125, 27.6121807098, 12.5178012848, 14.9710826874, 15.0749168396, 4.48229122162, 1.08973896503, 1.08003032207, 0.780350744724, 0.196639165282, 0.187976762652, 0.0930932462215, 0.00932534970343, 0.000625608954579, 0.000206852855626],
        "mean": [0.00322362966835, 0.0608436912298, 0.383568048477, 2.20199370384, 4.91718006134, 6.03858947754, 24.6214694977, 43.9889755249, 30.4554615021, 12.9860668182, 15.9076070786, 11.9249353409, 17.2970104218, 12.9587316513, 5.12741994858, 8.23238182068, 13.2302284241, 11.0731487274, 9.64097499847, 4.72736501694, 5.77935171127, 3.68645071983, 2.48010325432, 1.6139446497, 1.37859630585, 0.577581226826, 0.3550747931, 0.17135874927, 0.139069631696, 0.0930382162333, 0.040057156235, 0.0180526115, 0.0128610478714, 0.00748281134292, 0.0026995439548, 0.00136074714828, 0.000438283692347, 5.40677719982e-05, 7.825558896e-06, 1.50923460751e-05],
        "median": [0.000800960930064, 0.0053526442498, 0.0156357549131, 0.060084246099, 0.212019473314, 1.10494494438, 3.88716840744, 5.08110523224, 4.685754776, 2.39458560944, 2.16936016083, 2.63110303879, 2.61751890182, 2.49288702011, 1.08103632927, 0.971158385277, 1.46300911903, 1.21202504635, 1.39976525307, 0.800217747688, 0.733582258224, 0.425441116095, 0.275530636311, 0.169561862946, 0.0964825600386, 0.0400382354856, 0.0315391719341, 0.0163841247559, 0.0104721160606, 0.00508572580293, 0.00254303542897, 0.00174740655348, 0.000859549152665, 0.000585625064559, 0.000269842916168, 0.000120537602925, 4.51079504273e-05, 6.89623448125e-06, 2.484309789e-06, 4.84635529574e-06],
        "min": [3.32694955474e-23, 2.98956750331e-22, 5.2787360798e-22, 3.54870539815e-21, 7.40198774513e-21, 2.05727670095e-20, 3.93780009152e-20, 6.07603580246e-20, 7.96507786087e-20, 1.31803165599e-19, 1.37744933186e-19, 2.91835368867e-19, 4.25626663069e-19, 5.53413763396e-19, 5.44320360127e-19, 9.27803411757e-19, 1.22333560588e-18, 1.72663333939e-18, 1.69713277003e-18, 2.33736280933e-18, 3.06386644234e-18, 4.46346244943e-18, 4.02464478883e-18, 5.29847356725e-18, 5.79323427986e-18, 7.49765854359e-18, 6.92285445824e-18, 9.35619441365e-18, 1.00188206782e-17, 9.11745106372e-18, 8.4510379663e-18, 8.99020007982e-18, 6.71254709622e-18, 7.38774857406e-18, 5.31816253379e-18, 3.43428784681e-18, 2.10441923625e-18, 8.35336820188e-19, 2.27752420192e-19, 2.51949230255e-20],
        "var": [8.01387723186e-05, 0.0444018319249, 1.87339425087, 54.1221809387, 322.75302124, 206.764221191, 3716.31738281, 11715.7558594, 6733.22509766, 1484.0904541, 1902.79150391, 651.788452148, 2803.49438477, 2038.3927002, 240.158401489, 661.984985352, 2370.7878418, 923.760803223, 633.969543457, 173.158065796, 268.103729248, 111.790977478, 47.1944389343, 24.8863048553, 29.0271930695, 2.54283738136, 1.1147094965, 0.254403024912, 0.230528846383, 0.142723590136, 0.020711671561, 0.00290398416109, 0.00216219085269, 0.000729857361875, 7.13199187885e-05, 2.74596714007e-05, 2.75519050774e-06, 3.08303036434e-08, 1.93293173134e-10, 5.45860356915e-10]
    },
    "gfcc": {
        "mean": [-201.440139771, 149.809524536, -133.499893188, -8.01298332214, -51.9555702209, -15.2172260284, -39.4722442627, -4.86478185654, -14.236079216, 0.804551184177, -6.8278427124, 1.21360063553, 0.00269943964668],
        "cov": [[40185.75, 4636.84130859, -5052.96582031, 66.6730957031, -2052.91381836, -840.730285645, -1650.7298584, -616.979553223, -876.405639648, -301.846069336, -463.077331543, -343.101593018, -308.397949219], [4636.84130859, 1811.13781738, -215.071914673, -225.077163696, -86.5262374878, -291.685394287, -230.427154541, -244.674987793, -127.268760681, -176.708312988, -88.5723571777, -123.695838928, 16.7974529266], [-5052.96582031, -215.071914673, 1282.57727051, 119.435310364, 395.98626709, 62.506855011, 148.514282227, -52.5332260132, 2.56408143044, -112.645545959, -78.4092330933, -80.5616836548, -24.7413425446], [66.6730957031, -225.077163696, 119.435310364, 326.633758545, 87.266418457, 117.447769165, 23.7948417664, 51.4366989136, -36.6819610596, -17.6618804932, -78.5463790894, -50.6608505249, -83.7434997559], [-2052.91381836, -86.5262374878, 395.98626709, 87.266418457, 278.935394287, 106.281555176, 108.215370178, 12.7107620239, 18.079416275, -28.040643692, -21.8011360168, -45.4356384277, -34.9891624451], [-840.730285645, -291.685394287, 62.506855011, 117.447769165, 106.281555176, 242.151626587, 121.862319946, 120.987953186, 35.9188995361, 45.8983612061, -21.0072574615, 2.08588552475, -44.114238739], [-1650.7298584, -230.427154541, 148.514282227, 23.7948417664, 108.215370178, 121.862319946, 203.723251343, 117.652259827, 74.4066314697, 33.3978996277, 21.0160274506, 2.56095194817, -6.53403234482], [-616.979553223, -244.674987793, -52.5332260132, 51.4366989136, 12.7107620239, 120.987953186, 117.652259827, 219.924987793, 105.307044983, 72.8620147705, 3.32595515251, 28.3469543457, -10.8714942932], [-876.405639648, -127.268760681, 2.56408143044, -36.6819610596, 18.079416275, 35.9188995361, 74.4066314697, 105.307044983, 152.603881836, 95.5231933594, 55.3931503296, 37.7781028748, 19.2756080627], [-301.846069336, -176.708312988, -112.645545959, -17.6618804932, -28.040643692, 45.8983612061, 33.3978996277, 72.8620147705, 95.5231933594, 158.323196411, 101.369644165, 61.753364563, -1.36202013493], [-463.077331543, -88.5723571777, -78.4092330933, -78.5463790894, -21.8011360168, -21.0072574615, 21.0160274506, 3.32595515251, 55.3931503296, 101.369644165, 165.080673218, 96.0267486572, 35.570224762], [-343.101593018, -123.695838928, -80.5616836548, -50.6608505249, -45.4356384277, 2.08588552475, 2.56095194817, 28.3469543457, 37.7781028748, 61.753364563, 96.0267486572, 140.107513428, 78.4269866943], [-308.397949219, 16.7974529266, -24.7413425446, -83.7434997559, -34.9891624451, -44.114238739, -6.53403234482, -10.8714942932, 19.2756080627, -1.36202013493, 35.570224762, 78.4269866943, 144.889480591]],
        "icov": [[0.000218900240725, -0.000462360912934, 0.0005729139084, -0.000582304201089, 0.000813285005279, -0.000313240539981, 0.000517865817528, 5.46481642232e-05, 0.000261504872469, 7.04653430148e-05, 4.74014486826e-05, 0.000225339594181, 0.000241546280449], [-0.000462360912934, 0.00188082363456, -0.000926501466893, 0.0017720782198, -0.00225921184756, 0.00120143278036, -0.000547207950149, 6.23623272986e-05, -0.000682056415826, 0.00041795897414, 3.24048924085e-05, 0.000160798532306, -0.000536267121788], [0.0005729139084, -0.000926501466893, 0.00321364123374, -0.00163508555852, -0.000235445520957, 0.000214537794818, 0.000583301007282, 0.00106349796988, 0.000113509355288, 0.000633371178992, 0.00116476544645, 1.19373917187e-05, 0.00074358144775], [-0.000582304201089, 0.0017720782198, -0.00163508555852, 0.00694394810125, -0.00356348324567, -0.000138871284435, 9.1486137535e-05, -0.00164672965184, 0.00146423291881, -0.00106453476474, 0.00183425587602, -0.000915640790481, 0.00110764766578], [0.000813285005279, -0.00225921184756, -0.000235445520957, -0.00356348324567, 0.0130487987772, -0.00545855192468, 9.57673037192e-05, 0.00210621533915, -0.00147762917913, 0.00304578221403, -0.0032144417055, 0.00327795883641, 0.000784731702879], [-0.000313240539981, 0.00120143278036, 0.000214537794818, -0.000138871284435, -0.00545855192468, 0.0118135977536, -0.00495365960523, -0.00219571962953, 0.00305070402101, -0.00519043253735, 0.00556265981868, -0.00424041971564, 0.00151590595488], [0.000517865817528, -0.000547207950149, 0.000583301007282, 9.1486137535e-05, 9.57673037192e-05, -0.00495365960523, 0.0143372118473, -0.00540216825902, -0.00118724326603, 0.00407048920169, -0.00571531057358, 0.00515864556655, -0.00111868511885], [5.46481642232e-05, 6.23623272986e-05, 0.00106349796988, -0.00164672965184, 0.00210621533915, -0.00219571962953, -0.00540216825902, 0.0135753061622, -0.00714590447024, -0.000737663882319, 0.00509701855481, -0.00397515529767, 0.00179811357521], [0.000261504872469, -0.000682056415826, 0.000113509355288, 0.00146423291881, -0.00147762917913, 0.00305070402101, -0.00118724326603, -0.00714590447024, 0.0187201090157, -0.0103352842852, 0.0013309327187, 0.00139481690712, -0.00218569440767], [7.04653430148e-05, 0.00041795897414, 0.000633371178992, -0.00106453476474, 0.00304578221403, -0.00519043253735, 0.00407048920169, -0.000737663882319, -0.0103352842852, 0.0222406648099, -0.0121898967773, 0.00152899848763, 0.00262684118934], [4.74014486826e-05, 3.24048924085e-05, 0.00116476544645, 0.00183425587602, -0.0032144417055, 0.00556265981868, -0.00571531057358, 0.00509701855481, 0.0013309327187, -0.0121898967773, 0.0222733262926, -0.0128327189013, 0.00358477327973], [0.000225339594181, 0.000160798532306, 1.19373917187e-05, -0.000915640790481, 0.00327795883641, -0.00424041971564, 0.00515864556655, -0.00397515529767, 0.00139481690712, 0.00152899848763, -0.0128327189013, 0.0226311143488, -0.00990203116089], [0.000241546280449, -0.000536267121788, 0.00074358144775, 0.00110764766578, 0.000784731702879, 0.00151590595488, -0.00111868511885, 0.00179811357521, -0.00218569440767, 0.00262684118934, 0.00358477327973, -0.00990203116089, 0.0137760741636]]
    },
    "melbands": {
        "dmean": [2.00805552595e-05, 5.77830323891e-05, 0.000179614522494, 0.000157767979545, 0.000282586872345, 0.000315002456773, 0.000164788769325, 6.39112986391e-05, 6.61602680339e-05, 4.35906586063e-05, 5.0217127864e-05, 3.54450421582e-05, 1.05706485556e-05, 1.26636487039e-05, 1.17326690088e-05, 1.76392732101e-05, 1.20874865388e-05, 9.86184568319e-06, 5.00315172758e-06, 3.49370043295e-06, 4.60426599602e-06, 2.53091661762e-06, 1.84962630101e-06, 1.10385269636e-06, 7.04072533608e-07, 6.94387438216e-07, 3.69635955622e-07, 1.77164622528e-07, 1.22818633486e-07, 8.53123793831e-08, 4.76068109379e-08, 4.28009307996e-08, 4.43749534895e-08, 2.18735518587e-08, 1.28454127335e-08, 6.75893696567e-09, 5.03181185607e-09, 4.46850068059e-09, 5.43178613199e-09, 2.45578424263e-09],
        "dmean2": [3.03025080939e-05, 7.97270258772e-05, 0.000237962012761, 0.000226770207519, 0.000391419802327, 0.000414179230575, 0.000224788498599, 8.59814463183e-05, 9.47428488871e-05, 6.30137001281e-05, 7.36098227208e-05, 5.59153122595e-05, 1.63578279171e-05, 2.05543401535e-05, 1.8141394321e-05, 2.78730240098e-05, 1.95010907191e-05, 1.61492334882e-05, 8.10256278783e-06, 5.81739050176e-06, 7.65470940678e-06, 4.15622298533e-06, 3.00147871712e-06, 1.82051905995e-06, 1.13922635592e-06, 1.1433240843e-06, 6.03700470947e-07, 2.87010465172e-07, 1.97676556013e-07, 1.32810882292e-07, 7.5727960791e-08, 6.74787230537e-08, 6.95762878422e-08, 3.51190614367e-08, 1.99395255862e-08, 1.06707505054e-08, 7.69442287663e-09, 6.85965106939e-09, 8.10509526161e-09, 3.73539243981e-09],
        "dvar": [2.6597817282e-09, 3.90400494155e-08, 3.66134941032e-07, 3.48150877016e-07, 5.73311808694e-07, 6.76319984905e-07, 2.23118789222e-07, 5.16038447529e-08, 3.80284035373e-08, 1.41128868592e-08, 2.66395012716e-08, 2.26270593373e-08, 3.71636299512e-09, 2.18996665247e-09, 1.65100488836e-09, 5.24427568038e-09, 1.61900060025e-09, 9.49894274349e-10, 2.59830573723e-10, 2.14429099477e-10, 2.43886272289e-10, 1.15414261481e-10, 5.91297982799e-11, 1.53789706664e-11, 1.07315397888e-11, 1.27892193363e-11, 3.23690423423e-12, 4.0234785989e-13, 2.16267121941e-13, 2.08066108288e-13, 2.91015279095e-14, 3.20081011392e-14, 8.39607924201e-14, 1.37319075585e-14, 3.97045592883e-15, 5.50890005983e-16, 4.94824365808e-16, 4.47140646043e-16, 1.0829197646e-15, 1.16889262937e-16],
        "dvar2": [5.47435163867e-09, 7.0270935737e-08, 6.35015112493e-07, 9.44161627103e-07, 1.24230757592e-06, 1.18741968436e-06, 4.31417333857e-07, 8.25456609732e-08, 8.34638598235e-08, 3.05749026097e-08, 5.29340660194e-08, 5.8262386915e-08, 8.98388563542e-09, 6.02262284488e-09, 3.73193387304e-09, 1.33099362642e-08, 4.22517087983e-09, 2.50223775033e-09, 6.8949324028e-10, 5.84575943208e-10, 6.69488686711e-10, 3.03342240215e-10, 1.49099982361e-10, 4.21037822662e-11, 2.90084033183e-11, 3.24207258262e-11, 8.39397388402e-12, 1.0266384097e-12, 5.47042933955e-13, 4.42223867117e-13, 7.20536165997e-14, 7.63820498279e-14, 1.83741138081e-13, 3.39503714042e-14, 9.44848057893e-15, 1.32889093271e-15, 1.09931535785e-15, 1.02743868304e-15, 2.27567047983e-15, 2.78254081882e-16],
        "max": [0.00241018249653, 0.0123751545325, 0.0252823829651, 0.0382089838386, 0.0295870844275, 0.0375688783824, 0.0262507554144, 0.0150271700695, 0.004782916978, 0.00403571873903, 0.0128385638818, 0.00773094128817, 0.00415958603844, 0.00202070525847, 0.00201683421619, 0.00334710767493, 0.00154845928773, 0.00110522366595, 0.000709872343577, 0.000493761908729, 0.000509481702466, 0.000550388998818, 0.000363597384421, 0.000109643537144, 0.000133628214826, 0.000206492040888, 9.33348492254e-05, 2.46475156018e-05, 2.24864797929e-05, 2.54383594438e-05, 6.57643795421e-06, 8.24249400466e-06, 1.40497522807e-05, 5.99309214522e-06, 3.46946194441e-06, 9.54244228524e-07, 9.10350820504e-07, 1.09201937448e-06, 1.76056471446e-06, 4.00332112349e-07],
        "mean": [4.45476653113e-05, 0.000155239613377, 0.000470228784252, 0.000367173401173, 0.000737239664886, 0.000956601696089, 0.000445819314336, 0.000138735500514, 0.000119083255413, 7.9131750681e-05, 8.5542400484e-05, 5.31525911356e-05, 1.67138241522e-05, 2.07261291507e-05, 2.1634341465e-05, 3.01930740534e-05, 1.85457683983e-05, 1.51646245286e-05, 8.23501613922e-06, 5.57556768399e-06, 7.32089711164e-06, 3.98807105739e-06, 3.12317911266e-06, 1.87024807019e-06, 1.18341347388e-06, 1.17106753805e-06, 6.29513294825e-07, 3.1219479979e-07, 2.32510416254e-07, 1.53480144149e-07, 8.93580960337e-08, 8.00356545483e-08, 7.58279838919e-08, 4.03608169108e-08, 2.50223202158e-08, 1.32016086951e-08, 9.87690107479e-09, 8.61345039738e-09, 9.70888613949e-09, 5.08842168401e-09],
        "median": [8.06711796031e-06, 8.48164017953e-06, 1.2870215869e-05, 3.00743740809e-05, 0.000132685643621, 0.000114803086035, 6.20408609393e-05, 2.22891158046e-05, 1.68959049915e-05, 1.52047432493e-05, 1.1909532077e-05, 8.55844700709e-06, 2.72509942079e-06, 2.0704196686e-06, 2.57643182522e-06, 2.71918406725e-06, 1.54648421358e-06, 1.88001081369e-06, 1.29743216348e-06, 7.08345510247e-07, 7.94654852143e-07, 3.62331093129e-07, 2.97311459008e-07, 1.68474272755e-07, 1.11000197478e-07, 7.73381572117e-08, 3.74725317442e-08, 1.96648244355e-08, 2.08002859381e-08, 1.16245981729e-08, 7.61198748478e-09, 5.93839288854e-09, 4.18111012479e-09, 1.98549177099e-09, 1.34346389569e-09, 1.27637189706e-09, 8.89235685086e-10, 5.46163336779e-10, 5.72707326008e-10, 4.33167945957e-10],
        "min": [6.64551612131e-25, 2.75803620443e-25, 1.04682788756e-24, 9.43078084596e-25, 1.59368431225e-24, 1.11454952551e-24, 1.21827832505e-24, 1.24840778265e-24, 1.01542944859e-24, 1.53764343633e-24, 1.8804404775e-24, 1.81364269428e-24, 1.67782707602e-24, 2.11020883792e-24, 1.95871421475e-24, 2.21557797511e-24, 2.05077645175e-24, 2.34615003493e-24, 2.52851239089e-24, 2.80359706323e-24, 2.60417854842e-24, 3.31934525116e-24, 2.91438449154e-24, 2.60667075723e-24, 3.33295941266e-24, 4.46912934761e-24, 3.06944397715e-24, 4.41758872594e-24, 4.163209483e-24, 3.11914536962e-24, 4.11130559088e-24, 4.4936167734e-24, 4.58091291004e-24, 4.27604499144e-24, 4.76331332854e-24, 4.37703378123e-24, 4.7816894489e-24, 4.09495210988e-24, 5.66144961294e-24, 5.58038074429e-24],
        "var": [1.78275829654e-08, 2.9461369877e-07, 2.49179129241e-06, 1.17569663871e-06, 3.0649882774e-06, 5.18505476066e-06, 1.54285817189e-06, 1.93724602582e-07, 1.00282022686e-07, 3.22960751475e-08, 6.89283794486e-08, 3.50889521883e-08, 5.27844479237e-09, 4.14122958148e-09, 5.63698421274e-09, 1.25818164776e-08, 2.89828960831e-09, 1.72038561175e-09, 5.00336772014e-10, 4.08343803215e-10, 4.93651897138e-10, 1.88637785947e-10, 1.30791821817e-10, 3.14617984443e-11, 1.96855275136e-11, 2.18068046259e-11, 5.71633495747e-12, 8.62560186037e-13, 5.80325067515e-13, 4.87850265827e-13, 7.19196905264e-14, 7.4069859946e-14, 1.49746385539e-13, 2.79692278181e-14, 9.747886397e-15, 1.43821281653e-15, 1.23412531008e-15, 1.07082074598e-15, 2.15459389628e-15, 2.87646777294e-16]
    },
    "mfcc": {
        "mean": [-818.985656738, 176.896270752, -18.4838752747, 4.68569135666, -1.39598679543, -10.7370595932, -15.3569927216, -10.1322021484, -6.11676692963, -4.21165895462, -2.08002328873, -3.14177584648, -1.35863983631],
        "cov": [[12824.9736328, 2683.07275391, -1416.01013184, 703.425109863, -545.741821289, -110.028533936, -389.187530518, -381.368865967, -475.707305908, -262.558349609, -158.235046387, -317.305053711, -260.274353027], [2683.07275391, 2335.98925781, 18.958694458, 16.7761249542, 31.191192627, -131.248062134, -151.156021118, -197.198150635, -170.893508911, -158.125701904, -129.898010254, -120.648857117, -138.594238281], [-1416.01013184, 18.958694458, 589.753295898, 10.959980011, 180.100280762, 66.3608932495, 48.6035804749, 56.8072929382, 60.8967170715, 4.17582511902, -38.2881889343, -18.979888916, -21.0492591858], [703.425109863, 16.7761249542, 10.959980011, 240.215682983, 40.729839325, 50.429523468, 16.3990898132, 9.2199010849, 1.42955994606, -6.74626111984, -24.7708454132, -37.9024658203, -27.5931720734], [-545.741821289, 31.191192627, 180.100280762, 40.729839325, 190.875366211, 71.4425125122, 38.294506073, 35.4189720154, 32.9053764343, 11.5339670181, -15.6981010437, -11.5067834854, -8.97926616669], [-110.028533936, -131.248062134, 66.3608932495, 50.429523468, 71.4425125122, 141.897354126, 67.4048843384, 31.3670024872, 19.4136676788, 13.0557994843, 11.7554321289, -1.36542975903, -4.2809510231], [-389.187530518, -151.156021118, 48.6035804749, 16.3990898132, 38.294506073, 67.4048843384, 128.718307495, 69.9855117798, 32.1750297546, 29.1807441711, 17.4255046844, 10.9638166428, -3.03340768814], [-381.368865967, -197.198150635, 56.8072929382, 9.2199010849, 35.4189720154, 31.3670024872, 69.9855117798, 133.853668213, 91.4061355591, 45.1754684448, 14.8730611801, 5.23212957382, 12.0427913666], [-475.707305908, -170.893508911, 60.8967170715, 1.42955994606, 32.9053764343, 19.4136676788, 32.1750297546, 91.4061355591, 158.240966797, 86.6159515381, 11.8713293076, 4.7294960022, 12.4833059311], [-262.558349609, -158.125701904, 4.17582511902, -6.74626111984, 11.5339670181, 13.0557994843, 29.1807441711, 45.1754684448, 86.6159515381, 135.113128662, 67.9179000854, 12.1642513275, 10.6606235504], [-158.235046387, -129.898010254, -38.2881889343, -24.7708454132, -15.6981010437, 11.7554321289, 17.4255046844, 14.8730611801, 11.8713293076, 67.9179000854, 147.560256958, 88.6670684814, 26.5625495911], [-317.305053711, -120.648857117, -18.979888916, -37.9024658203, -11.5067834854, -1.36542975903, 10.9638166428, 5.23212957382, 4.7294960022, 12.1642513275, 88.6670684814, 161.069061279, 87.0724945068], [-260.274353027, -138.594238281, -21.0492591858, -27.5931720734, -8.97926616669, -4.2809510231, -3.03340768814, 12.0427913666, 12.4833059311, 10.6606235504, 26.5625495911, 87.0724945068, 155.792358398]],
