{
"lowlevel": {
    "average_loudness": 0.0523085556924,
    "barkbands_crest": {
        "dmean": 2.71986269951,
        "dmean2": 4.34541702271,
        "dvar": 4.92645692825,
        "dvar2": 12.3920841217,
        "max": 25.8955020905,
        "mean": 12.2679433823,
        "median": 11.6995248795,
        "min": 3.6568236351,
        "var": 15.6954231262
    },
    "barkbands_flatness_db": {
        "dmean": 0.020413370803,
        "dmean2": 0.0308550819755,
        "dvar": 0.000282085879007,
        "dvar2": 0.000655030133203,
        "max": 0.503349125385,
        "mean": 0.301208913326,
        "median": 0.305596530437,
        "min": 0.0405793711543,
        "var": 0.0056686764583
    },
    "barkbands_kurtosis": {
        "dmean": 6.63490533829,
        "dmean2": 9.98503875732,
        "dvar": 143.435974121,
        "dvar2": 283.243896484,
        "max": 403.360748291,
        "mean": 14.998216629,
        "median": 8.57830905914,
        "min": -1.74875879288,
        "var": 565.781555176
    },
    "barkbands_skewness": {
        "dmean": 0.635745167732,
        "dmean2": 0.97244977951,
        "dvar": 0.381459981203,
        "dvar2": 0.910251140594,
        "max": 10.1188192368,
        "mean": 1.93611884117,
        "median": 1.71164274216,
        "min": -2.20180392265,
        "var": 2.35802173615
    },
    "barkbands_spread": {
        "dmean": 1.51731050014,
        "dmean2": 2.33879828453,
        "dvar": 11.1386032104,
        "dvar2": 29.0017089844,
        "max": 105.052268982,
        "mean": 5.90850257874,
        "median": 3.04016137123,
        "min": 0.12036088109,
        "var": 66.5308685303
    },
    "dissonance": {
        "dmean": 0.0393431521952,
        "dmean2": 0.0663601532578,
        "dvar": 0.00125780538656,
        "dvar2": 0.00344363227487,
        "max": 0.500000059605,
        "mean": 0.393735438585,
        "median": 0.398374080658,
        "min": 0.115504093468,
        "var": 0.00365195376799
    },
    "dynamic_complexity": 8.73144054413,
    "erbbands_crest": {
        "dmean": 3.41008591652,
        "dmean2": 5.60028123856,
        "dvar": 9.02822399139,
        "dvar2": 22.8235263824,
        "max": 30.4768714905,
        "mean": 13.0698289871,
        "median": 12.4083795547,
        "min": 2.06592011452,
        "var": 23.5316295624
    },
    "erbbands_flatness_db": {
        "dmean": 0.0184859801084,
        "dmean2": 0.0279061961919,
        "dvar": 0.000242550726398,
        "dvar2": 0.000547232280951,
        "max": 0.466985851526,
        "mean": 0.302155375481,
        "median": 0.313322097063,
        "min": 0.0288704056293,
        "var": 0.00487860059366
    },
    "erbbands_kurtosis": {
        "dmean": 3.5219848156,
        "dmean2": 5.34324598312,
        "dvar": 24.8396453857,
        "dvar2": 54.5781173706,
        "max": 125.787765503,
        "mean": 9.04575538635,
        "median": 4.53851461411,
        "min": -1.76794183254,
        "var": 195.106079102
    },
    "erbbands_skewness": {
        "dmean": 0.485232979059,
        "dmean2": 0.745983660221,
        "dvar": 0.186843052506,
        "dvar2": 0.427406221628,
        "max": 8.45368289948,
        "mean": 1.64204263687,
        "median": 1.47482895851,
        "min": -2.83024048805,
        "var": 2.15407633781
    },
    "erbbands_spread": {
        "dmean": 3.60873961449,
        "dmean2": 5.4638710022,
        "dvar": 26.3275966644,
        "dvar2": 51.8025627136,
        "max": 128.383010864,
        "mean": 14.6330528259,
        "median": 9.4392747879,
        "min": 1.10758900642,
        "var": 205.304718018
    },
    "hfc": {
        "dmean": 1.64617919922,
        "dmean2": 2.56982660294,
        "dvar": 17.098443985,
        "dvar2": 45.2246665955,
        "max": 104.764717102,
        "mean": 5.64955234528,
        "median": 1.13358902931,
        "min": 1.07657973623e-16,
        "var": 116.750541687
    },
    "melbands_crest": {
        "dmean": 3.08135056496,
        "dmean2": 4.90646696091,
        "dvar": 6.91636371613,
        "dvar2": 17.717414856,
        "max": 32.0000915527,
        "mean": 14.3733253479,
        "median": 13.8481721878,
        "min": 1.60508835316,
        "var": 23.7717971802
    },
    "melbands_flatness_db": {
        "dmean": 0.020182300359,
        "dmean2": 0.0293644759804,
        "dvar": 0.000299648207147,
        "dvar2": 0.000633864372503,
        "max": 0.611410439014,
        "mean": 0.365021318197,
        "median": 0.372606158257,
        "min": 0.0033568192739,
        "var": 0.011097997427
    },
    "melbands_kurtosis": {
        "dmean": 6.05459547043,
        "dmean2": 9.13613891602,
        "dvar": 73.9684371948,
        "dvar2": 161.350875854,
        "max": 153.712799072,
        "mean": 14.1588497162,
        "median": 7.69431114197,
        "min": -1.77632367611,
        "var": 339.580230713
    },
    "melbands_skewness": {
        "dmean": 0.605094373226,
        "dmean2": 0.910615563393,
        "dvar": 0.312359988689,
        "dvar2": 0.725800931454,
        "max": 8.93153476715,
        "mean": 1.88836705685,
        "median": 1.55341088772,
        "min": -1.21954655647,
        "var": 2.08639240265
    },
    "melbands_spread": {
        "dmean": 2.19611883163,
        "dmean2": 3.39538526535,
        "dvar": 18.4688282013,
        "dvar2": 43.7347145081,
        "max": 156.426559448,
        "mean": 10.4178533554,
        "median": 4.47188186646,
        "min": 0.30103173852,
        "var": 485.844787598
    },
    "pitch_salience": {
        "dmean": 0.0722417160869,
        "dmean2": 0.117085382342,
        "dvar": 0.0037120655179,
        "dvar2": 0.00956555176526,
        "max": 0.93624985218,
        "mean": 0.60252982378,
        "median": 0.611584544182,
        "min": 0.206574708223,
        "var": 0.00986608397216
    },
    "silence_rate_20dB": {
        "dmean": 0,
        "dmean2": 0,
        "dvar": 0,
        "dvar2": 0,
        "max": 1,
        "mean": 1,
        "median": 1,
        "min": 1,
        "var": 0
    },
    "silence_rate_30dB": {
        "dmean": 0.00289184506983,
        "dmean2": 0.00578536326066,
        "dvar": 0.00288356118836,
        "dvar2": 0.00690923864022,
        "max": 1,
        "mean": 0.997398078442,
        "median": 1,
        "min": 0,
        "var": 0.0025950812269
    },
    "silence_rate_60dB": {
        "dmean": 0.0566801615059,
        "dmean2": 0.113393113017,
        "dvar": 0.0534686818719,
        "dvar2": 0.118467055261,
        "max": 1,
        "mean": 0.534836649895,
        "median": 1,
        "min": 0,
        "var": 0.248787164688
    },
    "spectral_centroid": {
        "dmean": 75.0490036011,
        "dmean2": 116.298965454,
        "dvar": 50585.8554688,
        "dvar2": 99762.8125,
        "max": 11693.1435547,
        "mean": 832.052734375,
        "median": 430.234985352,
        "min": 173.485198975,
        "var": 2937025.5
    },
    "spectral_complexity": {
        "dmean": 1.09080398083,
        "dmean2": 1.83338153362,
        "dvar": 1.46431279182,
        "dvar2": 3.74831843376,
        "max": 39,
        "mean": 6.85024595261,
        "median": 6,
        "min": 0,
        "var": 30.8481941223
    },
    "spectral_decrease": {
        "dmean": 8.33824675972e-10,
        "dmean2": 1.27400934247e-09,
        "dvar": 3.62682302658e-18,
        "dvar2": 8.93242068686e-18,
        "max": 5.39009547171e-22,
        "mean": -2.67921174135e-09,
        "median": -7.30269289484e-10,
        "min": -4.73717847171e-08,
        "var": 2.1513453992e-17
    },
    "spectral_energy": {
        "dmean": 0.00329098780639,
        "dmean2": 0.0050320867449,
        "dvar": 5.69385883864e-05,
        "dvar2": 0.000140806849231,
        "max": 0.188294395804,
        "mean": 0.0106243882328,
        "median": 0.00285281171091,
        "min": 9.8521112598e-21,
        "var": 0.000340986414813
    },
    "spectral_energyband_high": {
        "dmean": 2.26959105021e-06,
        "dmean2": 2.82569953924e-06,
        "dvar": 8.89832305062e-11,
        "dvar2": 1.08323801318e-10,
        "max": 0.000447178521426,
        "mean": 8.50098786032e-06,
        "median": 6.72605153795e-07,
        "min": 6.95426896845e-21,
        "var": 5.87979609445e-10
    },
    "spectral_energyband_low": {
        "dmean": 6.34204552625e-05,
        "dmean2": 9.07536959858e-05,
        "dvar": 1.33517890077e-08,
        "dvar2": 3.17415604911e-08,
        "max": 0.00215990515426,
        "mean": 0.000138063784107,
        "median": 5.98765836912e-05,
        "min": 1.44828314653e-23,
        "var": 4.26490380789e-08
    },
    "spectral_energyband_middle_high": {
        "dmean": 0.00055470969528,
        "dmean2": 0.000918444071431,
        "dvar": 3.48516073245e-06,
        "dvar2": 9.37178811e-06,
        "max": 0.0403045043349,
        "mean": 0.00135530764237,
        "median": 8.32723817439e-05,
        "min": 1.06235426052e-21,
        "var": 1.21005477922e-05
    },
    "spectral_energyband_middle_low": {
        "dmean": 0.00316977174953,
        "dmean2": 0.00483662169427,
        "dvar": 5.25931827724e-05,
        "dvar2": 0.000126387254568,
        "max": 0.182867616415,
        "mean": 0.00931584928185,
        "median": 0.00267840409651,
        "min": 1.09044987613e-22,
        "var": 0.000260603206698
    },
    "spectral_entropy": {
        "dmean": 0.1567055583,
        "dmean2": 0.229862719774,
        "dvar": 0.0199136640877,
        "dvar2": 0.0398407652974,
        "max": 9.82225036621,
        "mean": 6.17709779739,
        "median": 6.09849071503,
        "min": 4.10626029968,
        "var": 0.825082540512
    },
    "spectral_flux": {
        "dmean": 0.00953724421561,
        "dmean2": 0.0163648799062,
        "dvar": 0.000179052934982,
        "dvar2": 0.000512091210112,
        "max": 0.284129470587,
        "mean": 0.0355120450258,
        "median": 0.0229187663645,
        "min": 6.4211198858e-11,
        "var": 0.00118351646233
    },
    "spectral_kurtosis": {
        "dmean": 8.95525932312,
        "dmean2": 15.2026042938,
        "dvar": 91.2254180908,
        "dvar2": 262.615234375,
        "max": 132.168289185,
        "mean": 26.1901340485,
        "median": 19.7818145752,
        "min": -1.26201438904,
        "var": 481.179779053
    },
    "spectral_rms": {
        "dmean": 0.000372374022845,
        "dmean2": 0.000555774196982,
        "dvar": 2.72664522072e-07,
        "dvar2": 6.45805073418e-07,
        "max": 0.0135536659509,
        "mean": 0.00240031653084,
        "median": 0.00166830176022,
        "min": 3.10029280894e-12,
        "var": 4.60373985334e-06
    },
    "spectral_rolloff": {
        "dmean": 136.545776367,
        "dmean2": 242.833618164,
        "dvar": 314495.21875,
        "dvar2": 727857.25,
        "max": 19875.1464844,
        "mean": 1122.25415039,
        "median": 495.263671875,
        "min": 43.06640625,
        "var": 8666277
    },
    "spectral_skewness": {
        "dmean": 0.594952404499,
        "dmean2": 0.992980182171,
        "dvar": 0.291909754276,
        "dvar2": 0.847606480122,
        "max": 9.73075199127,
        "mean": 3.5993347168,
        "median": 3.3599960804,
        "min": -0.0936713218689,
        "var": 3.19633841515
    },
    "spectral_spread": {
        "dmean": 353313.09375,
        "dmean2": 555659.3125,
        "dvar": 684184371200,
        "dvar2": 1.38040180736e+12,
        "max": 43369320,
        "mean": 3344136.75,
        "median": 1973908.875,
        "min": 694198.75,
        "var": 3.84588736102e+13
    },
    "spectral_strongpeak": {
        "dmean": 0.288539528847,
        "dmean2": 0.464634984732,
        "dvar": 0.198487833142,
        "dvar2": 0.507601320744,
        "max": 7.18143892288,
        "mean": 0.706013679504,
        "median": 0.349678784609,
        "min": 0,
        "var": 0.822990477085
    },
    "zerocrossingrate": {
        "dmean": 0.00377902574837,
        "dmean2": 0.00493281288072,
        "dvar": 8.66573973326e-05,
        "dvar2": 0.000152939275722,
        "max": 0.5224609375,
        "mean": 0.0391404218972,
        "median": 0.02099609375,
        "min": 0.0068359375,
        "var": 0.00621264660731
    },
    "barkbands": {
        "dmean": [1.61014440891e-06, 2.34925528275e-06, 2.30495479627e-05, 0.000135615598992, 0.000616912613623, 0.00126947287936, 0.00137523992453, 0.00127003644593, 0.000361453567166, 0.000370041350834, 0.000299026578432, 6.45557229291e-05, 3.1357340049e-05, 2.13727944356e-05, 1.44890918818e-05, 1.43218785524e-05, 3.38486242981e-05, 2.50766970566e-05, 1.42749568113e-05, 7.36531376333e-07, 6.98719702541e-07, 6.30335591723e-07, 6.8584103019e-07, 6.5657303594e-07, 3.23203835251e-07, 6.08084462783e-08, 3.93965832179e-10],
        "dmean2": [2.79811547443e-06, 3.50696041096e-06, 3.41519371432e-05, 0.000186665332876, 0.000871967582498, 0.00178749358747, 0.00205552740954, 0.00213369657286, 0.00058390997583, 0.000607467547525, 0.000506735465024, 0.000102259378764, 5.29467142769e-05, 3.68089386029e-05, 2.44530583586e-05, 2.380686783e-05, 5.58415486012e-05, 4.17708506575e-05, 2.37257063418e-05, 1.17547835998e-06, 1.0689515193e-06, 9.4068548151e-07, 9.70862970462e-07, 8.82452809492e-07, 4.22343873652e-07, 8.47982803975e-08, 7.24009463493e-10],
        "dvar": [2.08857486861e-10, 2.33240544933e-11, 2.66480615352e-09, 6.03685350598e-08, 1.12839518351e-06, 1.02610047179e-05, 1.01916484709e-05, 2.00832782866e-05, 1.77825404535e-06, 1.8381456357e-06, 1.91383060155e-06, 1.00855068297e-07, 3.44207720104e-08, 1.34440822919e-08, 3.64804786379e-09, 3.13207926261e-09, 1.24427206316e-08, 5.83590820113e-09, 2.19778351074e-09, 6.59144874099e-12, 4.02726029608e-12, 3.00336253263e-12, 7.09314508171e-12, 1.8613810146e-11, 6.52387605743e-12, 3.38005448283e-13, 1.00842105464e-18],
        "dvar2": [6.46767694956e-10, 4.86237473896e-11, 6.25313312241e-09, 1.42428774552e-07, 2.32387674259e-06, 1.99427340704e-05, 2.18543573283e-05, 5.5486925703e-05, 4.139541943e-06, 4.9201762522e-06, 4.88104296892e-06, 2.35425233086e-07, 9.96640139306e-08, 3.9717019007e-08, 1.02459845053e-08, 8.73756444975e-09, 3.32566507666e-08, 1.53959902605e-08, 6.48991793639e-09, 1.54791995194e-11, 8.97213466716e-12, 6.50854890816e-12, 1.36802383657e-11, 2.95236786407e-11, 8.9678629106e-12, 5.83886346391e-13, 3.06302933556e-18],
        "max": [0.000567229115404, 0.000122104029288, 0.000995187554508, 0.00459342962131, 0.0244410149753, 0.0711770057678, 0.0650736838579, 0.0882738232613, 0.0468646138906, 0.0258324146271, 0.0358658693731, 0.0127541199327, 0.00686403689906, 0.00260663731024, 0.00152160017751, 0.00132647971623, 0.00266365078278, 0.00199758540839, 0.00115014356561, 8.08365730336e-05, 6.15985190962e-05, 4.62545831397e-05, 8.97852587514e-05, 0.000191869563423, 0.000115532886412, 3.05035664496e-05, 1.67929741224e-08],
        "mean": [1.53173959916e-06, 4.60843148176e-06, 4.23562269134e-05, 0.000295358913718, 0.0015207096003, 0.00236878870055, 0.00242251087911, 0.00193624210078, 0.00057858414948, 0.000597091857344, 0.000420762575231, 9.87145976978e-05, 5.16512518516e-05, 3.57520693797e-05, 2.49677887041e-05, 2.98106369883e-05, 8.34627935546e-05, 6.59173892927e-05, 3.58480574505e-05, 1.78142420282e-06, 1.91353433365e-06, 1.79079609097e-06, 1.99150554181e-06, 1.48276205891e-06, 6.72857481732e-07, 9.29941208483e-08, 3.41809719417e-10],
        "median": [3.59573505193e-07, 1.18652997116e-06, 1.10188593681e-05, 0.000143195007695, 0.000657365308143, 0.000472280022223, 0.000386602827348, 0.000110429180495, 3.70703528461e-05, 1.92635816347e-05, 9.10237577045e-06, 2.70999817076e-06, 1.04128082512e-06, 6.25766688245e-07, 3.67079991292e-07, 7.01836427197e-07, 1.99187388716e-06, 1.53961423166e-06, 8.06390460184e-07, 1.23581912703e-07, 1.51577737029e-07, 1.62766525591e-07, 1.53341360942e-07, 7.33545348908e-08, 2.17753353127e-08, 3.07025427304e-09, 7.56403412128e-11],
        "min": [4.32651355114e-25, 3.4742925213e-24, 1.4429037068e-24, 5.52126015539e-25, 5.94481357769e-24, 6.21049443639e-24, 5.4790255286e-24, 5.65913312289e-24, 1.1765907733e-23, 1.51899222045e-23, 1.13716705513e-23, 3.14489781276e-23, 1.3627417521e-23, 3.04358251343e-23, 4.80855686804e-23, 5.56775944312e-23, 7.20043393531e-23, 5.3577621458e-23, 1.0198488446e-22, 1.78042056667e-22, 2.21098880046e-22, 2.3288759217e-22, 4.09304986647e-22, 5.50658940148e-22, 8.39378143953e-22, 1.28317220511e-21, 1.91297371023e-21],
        "var": [2.03959710232e-10, 7.09907965746e-11, 7.28325710853e-09, 1.77773927135e-07, 5.03470937474e-06, 3.45594125974e-05, 2.8668629966e-05, 3.57002791134e-05, 3.61270576832e-06, 3.871194167e-06, 2.99537055071e-06, 2.32590210203e-07, 6.94473669682e-08, 2.87916730457e-08, 9.62823598627e-09, 1.03556203612e-08, 5.27752810342e-08, 2.93216668723e-08, 9.98983207268e-09, 2.84517617799e-11, 1.97794610551e-11, 1.5481498028e-11, 3.64775432082e-11, 6.42893724367e-11, 2.34900501828e-11, 8.24536077436e-13, 7.90858956759e-19]
    },
    "erbbands": {
        "dmean": [3.08091803163e-05, 0.000978750409558, 0.0195793621242, 0.232599109411, 1.57673609257, 2.17525172234, 3.24939370155, 12.235086441, 23.9258079529, 15.9722776413, 30.8966903687, 8.48413658142, 9.85625267029, 9.07968711853, 10.9334526062, 2.97250103951, 1.62032413483, 1.25853180885, 0.604188323021, 0.681230127811, 0.97746104002, 1.900370121, 1.41182422638, 1.12076950073, 0.275977909565, 0.0332181528211, 0.0169345214963, 0.0362592898309, 0.022634640336, 0.0169671289623, 0.021009132266, 0.01638873294, 0.00939523242414, 0.00517705269158, 0.00198529404588, 0.000542081717867, 4.31566622865e-05, 1.24138648516e-06, 1.60029185281e-06, 3.70400948668e-06],
        "dmean2": [4.87071883981e-05, 0.00138859753497, 0.0277062747627, 0.320083111525, 2.1699719429, 3.18919372559, 4.752866745, 17.3887615204, 34.6768188477, 25.9465255737, 51.5620346069, 13.7626371384, 16.0448455811, 15.0429725647, 18.4787044525, 4.66402769089, 2.71612119675, 2.14077377319, 1.028465271, 1.1487801075, 1.57720470428, 3.1722035408, 2.29138040543, 1.87932133675, 0.459502130747, 0.0520211458206, 0.0260833725333, 0.0564279854298, 0.0346256867051, 0.02466619201, 0.0299064032733, 0.023651137948, 0.0124525818974, 0.00718323932961, 0.00239332159981, 0.000717905350029, 5.49831820535e-05, 1.61631260198e-06, 2.43330850935e-06, 5.66573135075e-06],
        "dvar": [4.54792514759e-09, 3.67404186363e-06, 0.00144749844912, 0.144888550043, 8.78343963623, 13.744228363, 37.2123260498, 937.533752441, 3439.90112305, 4266.43505859, 12849.3935547, 820.145690918, 1299.92602539, 1203.64575195, 3106.02392578, 200.950820923, 101.955085754, 50.3569908142, 7.81659889221, 8.90803337097, 11.0075540543, 44.1648445129, 22.393327713, 12.3853578568, 0.989104509354, 0.012915244326, 0.00220014643855, 0.01068453677, 0.00446297042072, 0.00271715573035, 0.00713114347309, 0.00868423376232, 0.00497059430927, 0.00155190564692, 0.000301164924167, 2.55407667282e-05, 1.28425455159e-07, 7.14738407348e-11, 1.32868594599e-11, 7.26520232863e-11],
        "dvar2": [7.81668418881e-09, 7.49846731196e-06, 0.00330739165656, 0.343703001738, 17.941576004, 29.1532917023, 75.899887085, 1880.38293457, 6708.9921875, 12603.4365234, 35078.0234375, 1983.18237305, 3509.25073242, 3283.56689453, 7838.69677734, 460.163299561, 299.881347656, 147.895019531, 21.1047382355, 25.3817768097, 29.2032985687, 121.777633667, 58.8261489868, 35.1316566467, 2.686866045, 0.0311672203243, 0.00509444763884, 0.0238760132343, 0.0101392725483, 0.00553365098312, 0.0140142198652, 0.0182192157954, 0.0065219164826, 0.00293837347999, 0.000432757282397, 4.0056740545e-05, 1.66658068679e-07, 8.80070460951e-11, 3.28610819111e-11, 1.80503750835e-10],
        "max": [0.00356640922837, 0.0485686957836, 0.685013651848, 6.3771739006, 60.8572502136, 102.674491882, 141.335830688, 630.517028809, 1160.06945801, 2665.88110352, 2211.23999023, 935.084472656, 818.737304688, 859.192443848, 1480.20483398, 634.491760254, 381.238067627, 163.905685425, 85.442817688, 78.0216064453, 89.0286560059, 160.75617981, 138.908905029, 85.5507507324, 27.9719295502, 4.25231599808, 1.32202363014, 3.42003035545, 2.0445933342, 1.40549004078, 3.01545715332, 4.02149105072, 2.98585367203, 1.79352390766, 0.885482132435, 0.248264700174, 0.0178141444921, 0.000432304223068, 9.21829268918e-05, 0.000213876774069],
        "mean": [6.70507215546e-05, 0.00220575812273, 0.0436252392828, 0.534486830235, 3.68166875839, 4.77589893341, 6.3515920639, 22.3089237213, 42.8063926697, 25.790719986, 47.4727134705, 14.8159294128, 16.1083011627, 15.4556322098, 15.4031171799, 4.910779953, 2.79811096191, 2.21289658546, 1.20913684368, 1.32463812828, 2.36667561531, 4.68922519684, 3.78850769997, 2.99677395821, 0.861770570278, 0.108980685472, 0.0489799976349, 0.101393088698, 0.0665208026767, 0.0499745979905, 0.0579508654773, 0.0400447845459, 0.0200202930719, 0.0100927529857, 0.00350898061879, 0.000895686622243, 7.30940737412e-05, 2.74767739938e-06, 5.35190838491e-06, 1.20769464047e-05],
        "median": [4.77074900118e-05, 0.000810622121207, 0.0195951331407, 0.315666377544, 1.43639576435, 2.44908380508, 2.89890885353, 4.21189975739, 4.33366346359, 5.7350320816, 1.70136809349, 0.890470087528, 0.735733151436, 0.518010258675, 0.36350813508, 0.137908041477, 0.0661416202784, 0.042283218354, 0.0259945448488, 0.0239401496947, 0.0651936009526, 0.116903938353, 0.0907200947404, 0.0624031946063, 0.0232975408435, 0.00634388020262, 0.0046909423545, 0.00807802565396, 0.00579378940165, 0.00432726321742, 0.00436083832756, 0.00234341737814, 0.000860353524331, 0.000346877553966, 0.000115228416689, 3.58361394319e-05, 3.36460584549e-06, 3.45802078527e-07, 1.40014913086e-06, 3.18193269777e-06],
        "min": [8.14703294278e-23, 4.87830725508e-22, 2.13425805464e-21, 6.44839188222e-21, 1.19762246389e-20, 2.34588244005e-20, 6.12373310453e-20, 6.52138273568e-20, 9.60889641058e-20, 1.28640169109e-19, 1.65989958705e-19, 3.39495396112e-19, 6.31341931917e-19, 4.30470529338e-19, 8.54267365494e-19, 1.61405757354e-18, 1.79570157637e-18, 1.58431619122e-18, 2.40715555312e-18, 3.12669329141e-18, 4.1841566438e-18, 3.5500536347e-18, 4.28353164105e-18, 5.79990176919e-18, 6.47113567522e-18, 8.97553499474e-18, 8.77780325958e-18, 9.71145028877e-18, 8.70215345666e-18, 9.60743067238e-18, 1.04537869859e-17, 9.17324439603e-18, 7.89915629649e-18, 8.00556315613e-18, 6.35429393215e-18, 4.05359032001e-18, 2.14950823106e-18, 8.31088782453e-19, 2.35869285049e-19, 2.71492050773e-20],
        "var": [1.30569919321e-08, 1.30810612973e-05, 0.00475259078667, 0.467497348785, 38.4758796692, 46.9318580627, 107.324440002, 2882.2668457, 10641.8789062, 4660.39941406, 23970.2753906, 1854.73815918, 2639.28613281, 2644.98681641, 4488.85107422, 535.964599609, 201.023635864, 108.104393005, 25.3269481659, 21.9716033936, 46.4155197144, 168.908279419, 111.298797607, 60.9913635254, 6.42734003067, 0.0974234268069, 0.0105100981891, 0.0603770427406, 0.0220929589123, 0.0157406236976, 0.0328543074429, 0.0299426596612, 0.0164312534034, 0.00460627721623, 0.00088588782819, 6.84729893692e-05, 3.92908702906e-07, 2.38476349779e-10, 8.53901394038e-11, 4.43000275352e-10]
    },
    "gfcc": {
        "mean": [-260.01663208, 155.991378784, -105.4453125, 4.7345790863, -86.2217407227, -31.1590976715, -53.0870018005, -8.42523384094, -20.156703949, -32.7195396423, -6.12187480927, -6.56790065765, -7.64124059677],
        "cov": [[38259.3085938, 4083.50512695, -7472.78564453, -1485.65368652, -3614.27587891, -1837.43432617, -1206.51574707, -119.331748962, -182.556900024, -1778.78149414, 382.727722168, -115.928977966, -500.655731201], [4083.50512695, 2232.38378906, 79.9074401855, -403.832794189, -343.676971436, -465.828735352, 25.2392368317, -149.403198242, 97.3457183838, -395.139129639, -60.252243042, -57.156162262, -24.0472431183], [-7472.78564453, 79.9074401855, 2689.65258789, 451.509429932, 548.641296387, 357.487243652, 185.386947632, -34.5401878357, -36.2103042603, 337.963348389, -265.776794434, 0.626559972763, 159.680084229], [-1485.65368652, -403.832794189, 451.509429932, 581.329284668, 296.723175049, 228.673233032, -267.820007324, -108.208427429, -48.5771789551, 226.849227905, -58.3748245239, -78.1830596924, 32.9187049866], [-3614.27587891, -343.676971436, 548.641296387, 296.723175049, 747.328674316, 196.376068115, -133.505126953, -159.811904907, 118.2318573, 237.607452393, -24.5064506531, -67.7830123901, 10.6046304703], [-1837.43432617, -465.828735352, 357.487243652, 228.673233032, 196.376068115, 368.078643799, -4.20324993134, -14.8324975967, -78.4782104492, 224.623947144, -33.4439239502, -17.620344162, 12.4282121658], [-1206.51574707, 25.2392368317, 185.386947632, -267.820007324, -133.505126953, -4.20324993134, 510.070404053, 180.614089966, -30.7887306213, -95.8232269287, 25.745388031, 94.2171630859, 14.3206558228], [-119.331748962, -149.403198242, -34.5401878357, -108.208427429, -159.811904907, -14.8324975967, 180.614089966, 237.788589478, -28.2011241913, -82.727142334, -8.43527603149, 67.2977752686, 8.27729701996], [-182.556900024, 97.3457183838, -36.2103042603, -48.5771789551, 118.2318573, -78.4782104492, -30.7887306213, -28.2011241913, 149.185379028, -5.90359306335, -2.24275112152, -20.7887458801, -10.9871444702], [-1778.78149414, -395.139129639, 337.963348389, 226.849227905, 237.607452393, 224.623947144, -95.8232269287, -82.727142334, -5.90359306335, 280.622161865, -7.7472910881, -37.2265472412, 3.2127263546], [382.727722168, -60.252243042, -265.776794434, -58.3748245239, -24.5064506531, -33.4439239502, 25.745388031, -8.43527603149, -2.24275112152, -7.7472910881, 120.158500671, 5.51868581772, -19.1123371124], [-115.928977966, -57.156162262, 0.626559972763, -78.1830596924, -67.7830123901, -17.620344162, 94.2171630859, 67.2977752686, -20.7887458801, -37.2265472412, 5.51868581772, 88.3772964478, 23.1846389771], [-500.655731201, -24.0472431183, 159.680084229, 32.9187049866, 10.6046304703, 12.4282121658, 14.3206558228, 8.27729701996, -10.9871444702, 3.2127263546, -19.1123371124, 23.1846389771, 68.3210906982]],
        "icov": [[0.000432803382864, -0.00067127723014, 0.000926433887798, -0.000462280062493, 0.00138979707845, -0.000299280596664, 0.000883852306288, 0.000222908798605, 2.99124403682e-05, 0.000427682592999, 0.000318299309583, -0.000441439711722, 0.000842774112243], [-0.00067127723014, 0.00219781510532, -0.00194528792053, 0.00126179947983, -0.00159071141388, 0.000768019526731, -0.00122222222853, 0.00109304557554, -0.000495970482007, 0.000999464187771, -0.000358210789273, 0.00159672216978, -0.000744822260458], [0.000926433887798, -0.00194528792053, 0.00312427035533, -0.00161082670093, 0.00226990762167, -0.000249348609941, 0.0008570732316, 2.66422539426e-05, 0.00075875793118, -0.000819821027108, 0.00247960165143, -0.00114095967729, 0.000329845293891], [-0.000462280062493, 0.00126179947983, -0.00161082670093, 0.00538518978283, -0.00219853641465, -0.000253131205682, 0.00138458563015, -0.000558742089197, 0.00197367859073, -0.000737737689633, -0.000213607243495, 0.00297475955449, -0.00232571782544], [0.00138979707845, -0.00159071141388, 0.00226990762167, -0.00219853641465, 0.00792703405023, -0.00234718085267, 0.00287489080802, 0.00265639740974, -0.00371278263628, 0.00223041255958, -4.91211576445e-05, -0.00147454708349, 0.00343540892936], [-0.000299280596664, 0.000768019526731, -0.000249348609941, -0.000253131205682, -0.00234718085267, 0.00884894281626, -0.00221726577729, -0.00103655387647, 0.0048228725791, -0.00608036154881, 0.0025765481405, 0.00157557381317, -0.000625475251582], [0.000883852306288, -0.00122222222853, 0.0008570732316, 0.00138458563015, 0.00287489080802, -0.00221726577729, 0.0066870986484, -0.00153184705414, 0.000146148129716, 0.00257160421461, -0.00182755850255, -0.00194949063007, 0.00217029592022], [0.000222908798605, 0.00109304557554, 2.66422539426e-05, -0.000558742089197, 0.00265639740974, -0.00103655387647, -0.00153184705414, 0.00951299443841, -0.00183660420589, 0.00385347497649, 0.00153928820509, -0.00271707889624, 0.00204602116719], [2.99124403682e-05, -0.000495970482007, 0.00075875793118, 0.00197367859073, -0.00371278263628, 0.0048228725791, 0.000146148129716, -0.00183660420589, 0.0132451104, -0.00354720070027, 0.00252692215145, 0.00244035478681, -0.000613271957263], [0.000427682592999, 0.000999464187771, -0.000819821027108, -0.000737737689633, 0.00223041255958, -0.00608036154881, 0.00257160421461, 0.00385347497649, -0.00354720070027, 0.0140215791762, -0.00314542814158, -0.000264645786956, 0.00349146360531], [0.000318299309583, -0.000358210789273, 0.00247960165143, -0.000213607243495, -4.91211576445e-05, 0.0025765481405, -0.00182755850255, 0.00153928820509, 0.00252692215145, -0.00314542814158, 0.0137204099447, -0.000575406651478, 0.000837245432194], [-0.000441439711722, 0.00159672216978, -0.00114095967729, 0.00297475955449, -0.00147454708349, 0.00157557381317, -0.00194949063007, -0.00271707889624, 0.00244035478681, -0.000264645786956, -0.000575406651478, 0.020168107003, -0.00735952239484], [0.000842774112243, -0.000744822260458, 0.000329845293891, -0.00232571782544, 0.00343540892936, -0.000625475251582, 0.00217029592022, 0.00204602116719, -0.000613271957263, 0.00349146360531, 0.000837245432194, -0.00735952239484, 0.0222467128187]]
    },
    "melbands": {
        "dmean": [4.41573035914e-07, 6.63260607325e-06, 7.22055119695e-05, 0.000143059893162, 0.000104413469671, 0.000301110034343, 0.000331194838509, 0.000176949994056, 0.000240745488554, 4.22673620051e-05, 5.12718143e-05, 3.99615528295e-05, 4.37636845163e-05, 1.01195682873e-05, 4.56506631963e-06, 2.90991010843e-06, 2.56496355178e-06, 9.64854621088e-07, 1.02839601368e-06, 9.02442025108e-07, 1.44459056628e-06, 2.25836788559e-06, 1.75606214725e-06, 1.29034788188e-06, 1.02903709376e-06, 3.66569821608e-07, 6.56252794329e-08, 1.73558056815e-08, 1.07402975402e-08, 1.73859042718e-08, 2.58357921723e-08, 1.63686486587e-08, 9.70483693408e-09, 1.12361897564e-08, 1.32232331751e-08, 1.2237165059e-08, 1.04386108646e-08, 6.82949341524e-09, 6.37243191548e-09, 4.01719901788e-09],
        "dmean2": [6.83912446675e-07, 9.56191252044e-06, 9.83194477158e-05, 0.000200749476789, 0.000153264336404, 0.000426304584835, 0.000482151808683, 0.000289615185466, 0.000401382509153, 6.77472708048e-05, 8.34480306366e-05, 6.5483392973e-05, 7.40285395295e-05, 1.61593288794e-05, 7.40535188015e-06, 4.91649780088e-06, 4.43716317022e-06, 1.64737718933e-06, 1.71912290625e-06, 1.53524206326e-06, 2.33876085076e-06, 3.78260097023e-06, 2.89863601211e-06, 2.13779503611e-06, 1.7232105165e-06, 6.15418628058e-07, 1.0893307234e-07, 2.74880740392e-08, 1.69341483058e-08, 2.73365117209e-08, 4.12129459448e-08, 2.57762273748e-08, 1.41997364977e-08, 1.65560471999e-08, 1.96774045946e-08, 1.77410495183e-08, 1.57179336213e-08, 9.47762135439e-09, 8.81675532582e-09, 6.07165473454e-09],
        "dvar": [1.19494171502e-12, 2.02511035718e-10, 1.52417740651e-08, 6.658017071e-08, 3.57565674847e-08, 5.46267926893e-07, 6.11146219853e-07, 5.12473150138e-07, 7.71873828853e-07, 2.17432418737e-08, 3.45155193315e-08, 2.2793114951e-08, 4.84901825359e-08, 1.80088244317e-09, 5.35281041714e-10, 3.0895777603e-10, 2.16581211299e-10, 2.23742430833e-11, 1.78357606462e-11, 1.288287272e-11, 2.65684314826e-11, 5.79215217456e-11, 4.36973929263e-11, 1.56371218057e-11, 1.10964111164e-11, 1.62757123317e-12, 7.82586750394e-14, 3.84937383957e-15, 9.37389128111e-16, 3.18267018338e-15, 5.17328633612e-15, 2.40025653263e-15, 7.42688599608e-16, 1.33851058001e-15, 2.93798756414e-15, 2.85138246869e-15, 4.49480532208e-15, 2.434902086e-15, 2.5286902326e-15, 9.88743253396e-16],
        "dvar2": [2.42740875143e-12, 4.56741450217e-10, 3.50638558189e-08, 1.34773799232e-07, 7.31061788883e-08, 1.07822620521e-06, 1.20321794839e-06, 1.50454150116e-06, 2.08967117032e-06, 5.07588175935e-08, 9.3156224068e-08, 6.15743687149e-08, 1.23602134749e-07, 4.17329859559e-09, 1.29304977836e-09, 8.917143135e-10, 6.34762908902e-10, 6.04228195256e-11, 4.94787093241e-11, 3.73908577711e-11, 7.10397157766e-11, 1.61837807044e-10, 1.21978441237e-10, 4.16897280586e-11, 3.1775873599e-11, 4.67859345016e-12, 2.14919838111e-13, 9.58883478533e-15, 2.31674818964e-15, 7.16510167577e-15, 1.25310342208e-14, 5.95680621189e-15, 1.54238706937e-15, 2.883551933e-15, 6.51449270437e-15, 5.35794756544e-15, 1.04339610614e-14, 3.73207587e-15, 3.80392543975e-15, 2.20258254791e-15],
        "max": [4.84100746689e-05, 0.000258980435319, 0.00268063391559, 0.00646728323773, 0.0045450781472, 0.0156745519489, 0.015113116242, 0.0288201868534, 0.015636311844, 0.00525055266917, 0.00425840402022, 0.00374858966097, 0.00590254412964, 0.00161802722141, 0.000757566769607, 0.000602020416409, 0.000335631455528, 0.000135171037982, 8.08780241641e-05, 7.88203760749e-05, 0.000136971342727, 0.000181917625014, 0.000197461311473, 0.000117097602924, 7.50103354221e-05, 3.21242150676e-05, 7.72380462877e-06, 2.37251720137e-06, 8.52378377658e-07, 2.15074146581e-06, 2.49711069955e-06, 1.37518452448e-06, 6.86686917106e-07, 1.13053204132e-06, 1.74442925527e-06, 1.9841820631e-06, 2.80110543827e-06, 2.0695524654e-06, 1.84018426808e-06, 1.4269702433e-06],
        "mean": [8.54739653278e-07, 1.31956367113e-05, 0.000171313193277, 0.000339517573593, 0.000212709739571, 0.000551767705474, 0.000598651356995, 0.000278219842585, 0.000367072847439, 7.15709829819e-05, 8.08086115285e-05, 6.3498140662e-05, 5.99918166699e-05, 1.56408023031e-05, 7.85860720498e-06, 4.85778173243e-06, 4.0746213017e-06, 1.76946264219e-06, 1.76464789092e-06, 1.60324395893e-06, 3.09948927679e-06, 5.08978382641e-06, 3.90924105886e-06, 3.07726077153e-06, 2.45603041549e-06, 9.40476809319e-07, 1.77467910589e-07, 4.10853324695e-08, 2.4026620693e-08, 4.16724503793e-08, 6.65814354761e-08, 4.16357082145e-08, 2.51239384852e-08, 2.86051928811e-08, 3.35941869878e-08, 3.16876835882e-08, 2.17484039666e-08, 1.38770444025e-08, 1.1726155158e-08, 7.43459471764e-09],
        "median": [3.42961243405e-07, 3.66650647265e-06, 9.33260016609e-05, 0.000148778752191, 0.000106443614641, 9.98609466478e-05, 6.89125736244e-05, 5.3652391216e-05, 9.47653461481e-06, 5.25617861058e-06, 3.47125205735e-06, 2.06341042031e-06, 1.23128847918e-06, 4.28275569675e-07, 1.65665881013e-07, 1.06310622527e-07, 6.78895375472e-08, 3.78158482306e-08, 2.84762204927e-08, 3.14468060481e-08, 8.18516951995e-08, 1.18813382244e-07, 9.20002918292e-08, 6.62043504462e-08, 4.94700636011e-08, 2.10796446964e-08, 6.27450580382e-09, 3.16351722596e-09, 2.07682626652e-09, 2.90900281641e-09, 4.99215424554e-09, 3.27238369735e-09, 2.51888332414e-09, 2.38565101007e-09, 2.48236298184e-09, 2.00920236004e-09, 1.12660070162e-09, 6.13083528389e-10, 3.59861584975e-10, 2.28948263126e-10],
        "min": [1.21822103403e-24, 1.39229088416e-24, 1.26782017041e-24, 1.74985520427e-24, 2.20274774413e-24, 1.65590068716e-24, 1.3137009123e-24, 1.91591042481e-24, 1.58352871417e-24, 2.1137768558e-24, 2.89967124958e-24, 1.50121038846e-24, 2.67886750449e-24, 3.32575750703e-24, 3.00526974808e-24, 2.09787302552e-24, 2.12055987629e-24, 2.59603513729e-24, 2.82483379044e-24, 3.58475710829e-24, 4.42783247923e-24, 4.22399200461e-24, 2.01547788447e-24, 2.26694682232e-24, 4.17088352189e-24, 3.87184410209e-24, 4.79842671072e-24, 5.23790624862e-24, 5.03456670068e-24, 4.79994447911e-24, 3.6665028196e-24, 5.04380150086e-24, 3.77735473729e-24, 5.31497046488e-24, 5.57575210293e-24, 6.38423237329e-24, 4.29294712519e-24, 5.23807624814e-24, 5.7882207437e-24, 5.64123308009e-24],
        "var": [3.0614105001e-12, 6.21241058596e-10, 5.47896448211e-08, 2.78014482546e-07, 1.08334383242e-07, 1.74821150267e-06, 1.93201390175e-06, 5.90806848777e-07, 1.43760303217e-06, 4.76962824791e-08, 6.85682977064e-08, 4.6074081439e-08, 7.060941698e-08, 4.39029435029e-09, 1.35088584763e-09, 5.67573488208e-10, 4.10458583788e-10, 6.08890715625e-11, 4.2824851304e-11, 2.95067026368e-11, 9.04200672669e-11, 1.95653257484e-10, 1.51052045871e-10, 6.57011736682e-11, 4.38073952114e-11, 7.7947101898e-12, 4.07606050691e-13, 1.54045392843e-14, 2.98355687791e-15, 9.6916408682e-15, 2.76353409828e-14, 9.27378257466e-15, 3.63028368556e-15, 6.20984968159e-15, 1.10300452515e-14, 1.24823713309e-14, 1.18817216333e-14, 7.66686705306e-15, 6.9024079597e-15, 2.64270933763e-15]
    },
    "mfcc": {
        "mean": [-871.1953125, 164.878570557, 23.1918563843, 13.360912323, -13.4657249451, -34.2207641602, -27.5022449493, 0.125446856022, -20.9915828705, -23.765455246, -11.1588048935, -7.55128192902, -10.3942489624],
        "cov": [[14542.7080078, 2901.05200195, -3738.67456055, -1142.23059082, -1678.07775879, -1591.42175293, -1186.2479248, 673.858459473, -946.94708252, -724.253967285, 93.17918396, 146.284393311, -374.052093506], [2901.05200195, 2921.09448242, 216.402862549, -222.423660278, -535.460693359, -640.548522949, -346.013305664, 170.208831787, -44.3855133057, -424.361236572, -36.2862281799, 82.2921676636, -145.960266113], [-3738.67456055, 216.402862549, 2232.6730957, 469.299621582, 227.359909058, 297.194366455, 324.169616699, -191.510482788, 394.934234619, 43.3662910461, -158.800018311, -2.37665486336, 56.6698226929], [-1142.23059082, -222.423660278, 469.299621582, 391.749847412, 318.783935547, 218.160583496, 28.168554306, -144.42489624, 45.7623596191, 77.0018081665, -31.1317386627, -50.9731559753, 7.45233631134], [-1678.07775879, -535.460693359, 227.359909058, 318.783935547, 835.865600586, 501.330352783, -47.9752120972, -349.867736816, -6.61324644089, 195.301391602, 21.7572002411, -91.2013778687, 56.9500389099], [-1591.42175293, -640.548522949, 297.194366455, 218.160583496, 501.330352783, 589.184631348, 126.493728638, -296.52520752, 31.8794441223, 175.485443115, 28.5898933411, -13.7731275558, 58.0509643555], [-1186.2479248, -346.013305664, 324.169616699, 28.168554306, -47.9752120972, 126.493728638, 328.668273926, 68.9992599487, 89.3114852905, 78.145149231, -0.683165490627, 9.7429485321, 63.2916183472], [673.858459473, 170.208831787, -191.510482788, -144.42489624, -349.867736816, -296.52520752, 68.9992599487, 323.063995361, 54.7317237854, -79.1741867065, -12.3441781998, 28.4335803986, 5.69200944901], [-946.94708252, -44.3855133057, 394.934234619, 45.7623596191, -6.61324644089, 31.8794441223, 89.3114852905, 54.7317237854, 204.26864624, 21.4952411652, -26.569480896, 20.2974300385, 23.2536945343], [-724.253967285, -424.361236572, 43.3662910461, 77.0018081665, 195.301391602, 175.485443115, 78.145149231, -79.1741867065, 21.4952411652, 178.077468872, 41.3741188049, -32.1532058716, 44.4031562805], [93.17918396, -36.2862281799, -158.800018311, -31.1317386627, 21.7572002411, 28.5898933411, -0.683165490627, -12.3441781998, -26.569480896, 41.3741188049, 88.5181121826, 24.8205795288, 0.98220539093], [146.284393311, 82.2921676636, -2.37665486336, -50.9731559753, -91.2013778687, -13.7731275558, 9.7429485321, 28.4335803986, 20.2974300385, -32.1532058716, 24.8205795288, 86.3887023926, 13.2515192032], [-374.052093506, -145.960266113, 56.6698226929, 7.45233631134, 56.9500389099, 58.0509643555, 63.2916183472, 5.69200944901, 23.2536945343, 44.4031562805, 0.98220539093, 13.2515192032, 83.0954666138]],
