{
"lowlevel": {
    "average_loudness": 0.0195759832859,
    "barkbands_crest": {
        "dmean": 2.15560817719,
        "dmean2": 3.36522507668,
        "dvar": 5.28635311127,
        "dvar2": 13.2435789108,
        "max": 26.6682529449,
        "mean": 13.8593091965,
        "median": 13.044506073,
        "min": 3.57425999641,
        "var": 24.3930435181
    },
    "barkbands_flatness_db": {
        "dmean": 0.0253472588956,
        "dmean2": 0.0393888577819,
        "dvar": 0.000547635136172,
        "dvar2": 0.0012885943288,
        "max": 0.582335352898,
        "mean": 0.30118060112,
        "median": 0.2988897264,
        "min": 0.0556338429451,
        "var": 0.0057674581185
    },
    "barkbands_kurtosis": {
        "dmean": 4.13855075836,
        "dmean2": 6.45438146591,
        "dvar": 91.7434997559,
        "dvar2": 259.447814941,
        "max": 496.691802979,
        "mean": 10.335059166,
        "median": 5.69060134888,
        "min": -1.77462172508,
        "var": 322.896240234
    },
    "barkbands_skewness": {
        "dmean": 0.528243303299,
        "dmean2": 0.794753134251,
        "dvar": 0.378623485565,
        "dvar2": 0.943056404591,
        "max": 16.946805954,
        "mean": 1.85610044003,
        "median": 1.84473347664,
        "min": -7.16895866394,
        "var": 2.95056319237
    },
    "barkbands_spread": {
        "dmean": 1.82585930824,
        "dmean2": 2.79033613205,
        "dvar": 6.17524147034,
        "dvar2": 14.9864740372,
        "max": 67.2605667114,
        "mean": 7.53500986099,
        "median": 5.87368679047,
        "min": 0.244820386171,
        "var": 37.6110191345
    },
    "dissonance": {
        "dmean": 0.0261698756367,
        "dmean2": 0.043626986444,
        "dvar": 0.000674587499816,
        "dvar2": 0.00184346514288,
        "max": 0.500000238419,
        "mean": 0.42182841897,
        "median": 0.429388344288,
        "min": 0.170282185078,
        "var": 0.00253396737389
    },
    "dynamic_complexity": 7.81072711945,
    "erbbands_crest": {
        "dmean": 2.46780800819,
        "dmean2": 3.82233476639,
        "dvar": 6.63661575317,
        "dvar2": 16.3608207703,
        "max": 34.3501663208,
        "mean": 13.5626487732,
        "median": 12.6420402527,
        "min": 2.54068851471,
        "var": 31.0250530243
    },
    "erbbands_flatness_db": {
        "dmean": 0.0144487824291,
        "dmean2": 0.0208136513829,
        "dvar": 0.000224413684919,
        "dvar2": 0.000459388218587,
        "max": 0.554733932018,
        "mean": 0.296409904957,
        "median": 0.294730961323,
        "min": 0.0814036950469,
        "var": 0.00340155907907
    },
    "erbbands_kurtosis": {
        "dmean": 1.53045380116,
        "dmean2": 2.35058021545,
        "dvar": 10.5597639084,
        "dvar2": 24.9475860596,
        "max": 160.676376343,
        "mean": 2.76268434525,
        "median": 0.374539971352,
        "min": -1.8379342556,
        "var": 66.2226257324
    },
    "erbbands_skewness": {
        "dmean": 0.382175087929,
        "dmean2": 0.57116740942,
        "dvar": 0.165824428201,
        "dvar2": 0.398354113102,
        "max": 9.43225288391,
        "mean": 0.975665807724,
        "median": 0.858534216881,
        "min": -3.80713510513,
        "var": 1.43446433544
    },
    "erbbands_spread": {
        "dmean": 3.471398592,
        "dmean2": 5.21610736847,
        "dvar": 14.5450143814,
        "dvar2": 33.3516464233,
        "max": 140.103713989,
        "mean": 20.553237915,
        "median": 19.2762126923,
        "min": 0.545989513397,
        "var": 142.581481934
    },
    "hfc": {
        "dmean": 2.16337800026,
        "dmean2": 2.60051393509,
        "dvar": 27.1958827972,
        "dvar2": 39.3896522522,
        "max": 367.189239502,
        "mean": 7.38525342941,
        "median": 2.83849477768,
        "min": 1.05695682834e-16,
        "var": 219.056304932
    },
    "melbands_crest": {
        "dmean": 2.59024190903,
        "dmean2": 4.06058549881,
        "dvar": 7.92263555527,
        "dvar2": 19.6531124115,
        "max": 38.7837791443,
        "mean": 17.7817344666,
        "median": 17.0882034302,
        "min": 1.58442294598,
        "var": 38.0344963074
    },
    "melbands_flatness_db": {
        "dmean": 0.0219186227769,
        "dmean2": 0.0308544468135,
        "dvar": 0.000518314249348,
        "dvar2": 0.00106633279938,
        "max": 0.707699179649,
        "mean": 0.337088137865,
        "median": 0.336879730225,
        "min": 0.00233198655769,
        "var": 0.0112218223512
    },
    "melbands_kurtosis": {
        "dmean": 6.27717447281,
        "dmean2": 9.64767074585,
        "dvar": 156.122970581,
        "dvar2": 384.542602539,
        "max": 639.863769531,
        "mean": 18.5062007904,
        "median": 10.2126102448,
        "min": -1.71281397343,
        "var": 1371.0994873
    },
    "melbands_skewness": {
        "dmean": 0.584983050823,
        "dmean2": 0.875264704227,
        "dvar": 0.440760910511,
        "dvar2": 1.04036724567,
        "max": 20.8543109894,
        "mean": 2.57709383965,
        "median": 2.45973777771,
        "min": -5.84375810623,
        "var": 3.90868926048
    },
    "melbands_spread": {
        "dmean": 2.90484833717,
        "dmean2": 4.47009992599,
        "dvar": 20.6491661072,
        "dvar2": 50.8231735229,
        "max": 173.706954956,
        "mean": 11.9206323624,
        "median": 6.87200737,
        "min": 0.257922708988,
        "var": 300.08303833
    },
    "pitch_salience": {
        "dmean": 0.0628112852573,
        "dmean2": 0.0981312394142,
        "dvar": 0.00410744035617,
        "dvar2": 0.0100691262633,
        "max": 0.96926099062,
        "mean": 0.5146920681,
        "median": 0.531757831573,
        "min": 0.0391265377402,
        "var": 0.0278072431684
    },
    "silence_rate_20dB": {
        "dmean": 0.000768676458392,
        "dmean2": 0.0015374267241,
        "dvar": 0.000768229598179,
        "dvar2": 0.00163134315517,
        "max": 1,
        "mean": 0.998318612576,
        "median": 1,
        "min": 0,
        "var": 0.00167870079167
    },
    "silence_rate_30dB": {
        "dmean": 0.0101849623024,
        "dmean2": 0.0203709043562,
        "dvar": 0.0100831734017,
        "dvar2": 0.0218829251826,
        "max": 1,
        "mean": 0.975355505943,
        "median": 1,
        "min": 0,
        "var": 0.0240399502218
    },
    "silence_rate_60dB": {
        "dmean": 0.0479461923242,
        "dmean2": 0.0958969891071,
        "dvar": 0.0456540435553,
        "dvar2": 0.102271214128,
        "max": 1,
        "mean": 0.382350116968,
        "median": 0,
        "min": 0,
        "var": 0.236168339849
    },
    "spectral_centroid": {
        "dmean": 105.471343994,
        "dmean2": 159.020065308,
        "dvar": 27828.2382812,
        "dvar2": 62945.203125,
        "max": 11934.90625,
        "mean": 927.885742188,
        "median": 539.109008789,
        "min": 110.445541382,
        "var": 1825375.25
    },
    "spectral_complexity": {
        "dmean": 1.08575546741,
        "dmean2": 1.70327663422,
        "dvar": 2.06707882881,
        "dvar2": 4.06614542007,
        "max": 38,
        "mean": 6.47107982635,
        "median": 6,
        "min": 0,
        "var": 21.2296104431
    },
    "spectral_decrease": {
        "dmean": 1.11284403914e-09,
        "dmean2": 1.32493405136e-09,
        "dvar": 7.61360031415e-18,
        "dvar2": 1.00604402707e-17,
        "max": 2.55168384262e-28,
        "mean": -4.06086764215e-09,
        "median": -1.31091526523e-09,
        "min": -1.94483945393e-07,
        "var": 7.44714345076e-17
    },
    "spectral_energy": {
        "dmean": 0.00438669277355,
        "dmean2": 0.00522008445114,
        "dvar": 0.000116511720989,
        "dvar2": 0.000153512024553,
        "max": 0.767331838608,
        "mean": 0.0159965287894,
        "median": 0.0053052152507,
        "min": 9.72543468822e-21,
        "var": 0.0011360545177
    },
    "spectral_energyband_high": {
        "dmean": 9.22484923649e-06,
        "dmean2": 1.2475069525e-05,
        "dvar": 8.73717431737e-10,
        "dvar2": 1.69095348834e-09,
        "max": 0.00116099882871,
        "mean": 2.2102964067e-05,
        "median": 2.29453326028e-06,
        "min": 6.99471519234e-21,
        "var": 2.71193645318e-09
    },
    "spectral_energyband_low": {
        "dmean": 0.000458530703327,
        "dmean2": 0.000586873444263,
        "dvar": 1.64560583471e-06,
        "dvar2": 2.68604026132e-06,
        "max": 0.0737346932292,
        "mean": 0.00199083634652,
        "median": 6.87947685947e-05,
        "min": 5.97771459946e-24,
        "var": 3.06049369101e-05
    },
    "spectral_energyband_middle_high": {
        "dmean": 0.000790340011008,
        "dmean2": 0.00104795128573,
        "dvar": 4.89048989039e-06,
        "dvar2": 9.87493694993e-06,
        "max": 0.0898848101497,
        "mean": 0.00208536954597,
        "median": 0.000512731436174,
        "min": 1.08527580688e-21,
        "var": 2.04493953788e-05
    },
    "spectral_energyband_middle_low": {
        "dmean": 0.00374066713266,
        "dmean2": 0.00446046050638,
        "dvar": 0.000107687810669,
        "dvar2": 0.000144399018609,
        "max": 0.742555260658,
        "mean": 0.0124743543565,
        "median": 0.00267449812964,
        "min": 1.4103407987e-22,
        "var": 0.000970563211013
    },
    "spectral_entropy": {
        "dmean": 0.177366748452,
        "dmean2": 0.242617294192,
        "dvar": 0.0355552434921,
        "dvar2": 0.0636678487062,
        "max": 9.82404136658,
        "mean": 6.17805099487,
        "median": 6.14331007004,
        "min": 3.63567495346,
        "var": 0.603340566158
    },
    "spectral_flux": {
        "dmean": 0.0108126150444,
        "dmean2": 0.0175803396851,
        "dvar": 0.000257589912508,
        "dvar2": 0.000674041744787,
        "max": 0.450123339891,
        "mean": 0.0310054142028,
        "median": 0.0227943994105,
        "min": 6.36507652141e-11,
        "var": 0.0008990195347
    },
    "spectral_kurtosis": {
        "dmean": 9.36728382111,
        "dmean2": 16.2082557678,
        "dvar": 105.456497192,
        "dvar2": 294.117828369,
        "max": 231.701171875,
        "mean": 21.8200645447,
        "median": 14.495388031,
        "min": -1.26682674885,
        "var": 465.407989502
    },
    "spectral_rms": {
        "dmean": 0.00044325646013,
        "dmean2": 0.000546683324501,
        "dvar": 4.09750782637e-07,
        "dvar2": 6.53898155178e-07,
        "max": 0.0273608546704,
        "mean": 0.00295829796232,
        "median": 0.00227504270151,
        "min": 3.08029686827e-12,
        "var": 6.85480972606e-06
    },
    "spectral_rolloff": {
        "dmean": 166.014083862,
        "dmean2": 289.069885254,
        "dvar": 105170.664062,
        "dvar2": 244599.421875,
        "max": 19595.2148438,
        "mean": 1114.68164062,
        "median": 473.73046875,
        "min": 21.533203125,
        "var": 4939463
    },
    "spectral_skewness": {
        "dmean": 0.674848377705,
        "dmean2": 1.16250193119,
        "dvar": 0.386835098267,
        "dvar2": 1.10536158085,
        "max": 12.3200798035,
        "mean": 2.94138455391,
        "median": 2.53096723557,
        "min": -0.103678837419,
        "var": 2.50367546082
    },
    "spectral_spread": {
        "dmean": 278763.5625,
        "dmean2": 464570.40625,
        "dvar": 179017400320,
        "dvar2": 402020335616,
        "max": 42788184,
        "mean": 2670089,
        "median": 2078404.875,
        "min": 357941.21875,
        "var": 2.07187796296e+13
    },
    "spectral_strongpeak": {
        "dmean": 0.350303500891,
        "dmean2": 0.515426039696,
        "dvar": 0.437269598246,
        "dvar2": 0.936406612396,
        "max": 20.8804950714,
        "mean": 1.0861748457,
        "median": 0.590309143066,
        "min": 0,
        "var": 2.14255237579
    },
    "zerocrossingrate": {
        "dmean": 0.00410167966038,
        "dmean2": 0.0051031652838,
        "dvar": 2.90423613478e-05,
        "dvar2": 4.06326871598e-05,
        "max": 0.5361328125,
        "mean": 0.0392465889454,
        "median": 0.024169921875,
        "min": 0.00048828125,
        "var": 0.00359786208719
    },
    "barkbands": {
        "dmean": [2.67849009106e-06, 0.000133166497108, 0.00022291217465, 0.000805303105153, 0.00125936639961, 0.000939928286243, 0.00120831909589, 4.47072234238e-05, 0.000123264355352, 6.84195474605e-05, 0.000295143196126, 0.00013830496755, 8.70649819262e-05, 0.000103277925518, 0.000225617390242, 0.000109164029709, 8.96181954886e-05, 6.3110703195e-05, 1.58035691129e-05, 8.98209691513e-06, 4.62746629637e-06, 3.13489999826e-06, 1.12269674446e-06, 8.0041303363e-07, 3.74371040834e-07, 5.59691348823e-10, 5.96335425485e-10],
        "dmean2": [4.67381778435e-06, 0.000139375857543, 0.000314956647344, 0.0010411767289, 0.00165231479332, 0.00121210049838, 0.001377896755, 6.20105492999e-05, 0.00015095731942, 9.25580898183e-05, 0.00040634998004, 0.000196559631149, 0.000126884246129, 0.000153437955305, 0.000316354446113, 0.000169124919921, 0.000130985456053, 9.53085327637e-05, 2.36339656112e-05, 1.33634266604e-05, 6.7802166086e-06, 4.57975329482e-06, 1.67661880823e-06, 1.19987032576e-06, 5.73783324853e-07, 1.02845354455e-09, 1.09582065644e-09],
        "dvar": [2.65659542975e-11, 2.49984196898e-07, 4.32529731142e-07, 1.25086844491e-05, 1.61084371939e-05, 1.17688396131e-05, 4.96255706821e-05, 3.15202619561e-08, 3.69422423319e-07, 6.50212825803e-08, 1.85207022696e-06, 5.29209444267e-07, 1.8206014829e-07, 1.84295714689e-07, 1.39047028824e-06, 3.3314574921e-07, 1.61175165658e-07, 5.95210920551e-08, 4.02388256049e-09, 1.08183173531e-09, 3.01509373024e-10, 9.65639651573e-11, 1.37872890188e-11, 1.0173036892e-11, 2.61305105158e-12, 3.33981741021e-18, 3.79103202665e-18],
        "dvar2": [7.55973339484e-11, 2.14911253238e-07, 8.80862899066e-07, 1.66464433278e-05, 2.88685532723e-05, 2.01848160941e-05, 5.692972627e-05, 5.40123288317e-08, 3.87655120448e-07, 1.19945525512e-07, 3.81504287361e-06, 1.23105917282e-06, 4.0324275119e-07, 3.93109132801e-07, 2.97313181363e-06, 7.28648274162e-07, 3.3313062886e-07, 1.43658979823e-07, 8.69711858087e-09, 2.44137710048e-09, 6.32871421935e-10, 2.00593264221e-10, 3.05029820846e-11, 2.53411371748e-11, 6.12283270959e-12, 1.15324205785e-17, 1.3093226022e-17],
        "max": [0.000128259533085, 0.0419378057122, 0.0252977758646, 0.327109098434, 0.264685332775, 0.209455296397, 0.742317378521, 0.0152374468744, 0.0819806307554, 0.0119243329391, 0.0523246638477, 0.0397383272648, 0.0221238844097, 0.0212377104908, 0.0810027047992, 0.0309224389493, 0.0194874536246, 0.010366147384, 0.00287244748324, 0.000962630379945, 0.00072624447057, 0.000370961497538, 0.000135355323437, 0.000171917068656, 7.67476667534e-05, 7.1553564851e-08, 7.61732223964e-08],
        "mean": [2.87294324153e-06, 0.000690574117471, 0.000749712402467, 0.00246288371272, 0.00385786220431, 0.00250857695937, 0.00320971221663, 9.69819884631e-05, 0.000278475316009, 0.000144815188833, 0.000524846487679, 0.000227918877499, 0.000159334318596, 0.00018105408526, 0.000404709775466, 0.000170868399437, 0.000157010334078, 0.000107945350464, 2.62432640739e-05, 1.5706556951e-05, 8.18364969746e-06, 5.98573478783e-06, 2.03280865207e-06, 1.49691402385e-06, 5.28255384324e-07, 4.53291654212e-10, 4.82357653819e-10],
        "median": [1.03076467894e-06, 7.14816951586e-06, 2.25193125516e-05, 2.50020930253e-05, 0.000251410121564, 0.000302713044221, 0.000130082364194, 1.15637476483e-05, 2.81224856735e-05, 1.48875478772e-05, 3.30955917889e-05, 2.09066984098e-05, 1.28617211885e-05, 1.32685272547e-05, 2.21511436393e-05, 1.36364906211e-05, 1.49503721332e-05, 7.86912823969e-06, 2.92940876534e-06, 9.77709987637e-07, 7.18690216672e-07, 4.78977653984e-07, 1.97808077473e-07, 1.68783685695e-07, 2.41543229862e-08, 6.05411276666e-11, 6.40951874908e-11],
        "min": [4.81062713488e-25, 7.91901964011e-25, 4.66101029648e-25, 4.24406969794e-25, 4.78899232873e-24, 4.15707253959e-24, 6.4093650873e-24, 5.95248248898e-24, 6.87029611979e-24, 7.89640457568e-24, 6.8832744594e-24, 1.12158949772e-23, 3.04490401322e-23, 2.00447568087e-23, 3.4475774312e-23, 2.99144070087e-23, 5.13062163882e-23, 6.67258312226e-23, 1.26324499804e-22, 1.50862062437e-22, 1.78234425132e-22, 2.6745628483e-22, 3.73223372367e-22, 5.52452342841e-22, 8.59200337856e-22, 1.24271083508e-21, 1.86121231795e-21],
        "var": [3.31133974407e-11, 7.45688021198e-06, 4.89783951707e-06, 0.000136530376039, 0.000114821748866, 5.62809109397e-05, 0.00044908435666, 1.28081723005e-07, 2.42658325078e-06, 2.36161270095e-07, 4.77008279631e-06, 9.16267481443e-07, 5.15110571087e-07, 4.89492435918e-07, 4.92705021315e-06, 6.78106971463e-07, 4.13467262206e-07, 1.33969038529e-07, 8.30141555497e-09, 2.36906450013e-09, 6.08847416927e-10, 2.57651983082e-10, 2.98273072907e-11, 1.73125888625e-11, 4.02981641112e-12, 2.80571557408e-18, 3.18090360683e-18]
    },
    "erbbands": {
        "dmean": [0.000855916878209, 0.0409222692251, 0.248497828841, 1.16789841652, 5.24473190308, 3.24276518822, 5.28459978104, 7.80214929581, 16.5259132385, 8.93835067749, 1.47194993496, 3.13999438286, 2.17257428169, 3.92209601402, 12.273194313, 4.27498817444, 3.75839042664, 5.08354759216, 12.8951072693, 6.43434476852, 5.35961437225, 4.49316549301, 3.25362873077, 1.69346868992, 0.758130788803, 0.333879649639, 0.205838620663, 0.150304228067, 0.0996607095003, 0.0854177623987, 0.0282748471946, 0.0177679732442, 0.0137490816414, 0.00604316731915, 0.000163852077094, 8.77869570104e-06, 2.25912435781e-06, 6.14401244547e-07, 2.13209978028e-06, 4.9526456678e-06],
        "dmean2": [0.0010447712848, 0.0435842089355, 0.327251285315, 1.53553700447, 6.73032951355, 4.31835412979, 7.34699964523, 9.79417800903, 18.5468902588, 10.7223005295, 1.8853096962, 3.79999637604, 2.81949782372, 5.45739555359, 16.9907360077, 5.99679470062, 5.38738489151, 7.51766967773, 17.8720340729, 9.61888885498, 8.18438339233, 6.67848730087, 4.8808426857, 2.53030347824, 1.11179697514, 0.489440977573, 0.300054520369, 0.223782643676, 0.145224288106, 0.123997680843, 0.0420819781721, 0.0270807947963, 0.0205146018416, 0.00907830800861, 0.000247649179073, 1.27621970023e-05, 3.13745908898e-06, 9.23269453779e-07, 2.52172412729e-06, 5.88754028286e-06],
        "dvar": [8.11349036667e-06, 0.0227500163019, 0.568078458309, 21.2559757233, 419.781036377, 99.0724105835, 560.398010254, 1070.05505371, 8996.34960938, 2460.55566406, 22.066110611, 308.347290039, 56.9668464661, 188.301147461, 2898.12402344, 412.344024658, 364.349060059, 357.632141113, 5156.22070312, 794.382202148, 608.053039551, 338.673309326, 164.667877197, 35.0968818665, 7.2894487381, 1.21407544613, 0.866739928722, 0.308153510094, 0.101331375539, 0.081320643425, 0.00946275517344, 0.00624060630798, 0.00291330949403, 0.00063760910416, 5.03785315686e-07, 7.57206353175e-10, 2.86161216251e-11, 2.26446400693e-12, 2.60976344701e-11, 1.45189693601e-10],
        "dvar2": [1.01993673525e-05, 0.0205194801092, 0.955857992172, 30.4197120667, 669.341430664, 192.281570435, 1166.59838867, 1603.6986084, 9361.18652344, 3213.25683594, 34.0832748413, 321.479492188, 89.7316131592, 408.746520996, 5776.77539062, 940.171630859, 735.357421875, 815.112548828, 10957.3105469, 1815.37890625, 1474.20251465, 736.161376953, 405.307006836, 78.904876709, 15.4407310486, 2.62546229362, 1.8219306469, 0.699477434158, 0.217958435416, 0.166378855705, 0.0210947059095, 0.0161483436823, 0.00677209161222, 0.00150193553418, 1.22963626836e-06, 1.75418291004e-09, 5.96750426851e-11, 5.82901608925e-12, 3.35618546843e-11, 1.90598897776e-10],
        "max": [0.22451736033, 12.3372573853, 39.5019073486, 417.371520996, 1233.34240723, 410.669464111, 1588.0604248, 2596.39135742, 11244.1542969, 3942.09765625, 353.129821777, 2356.46337891, 454.141906738, 660.704223633, 2180.20898438, 1627.97814941, 1016.75268555, 919.478515625, 4939.50488281, 2158.18383789, 1571.18041992, 772.070861816, 706.407714844, 246.951431274, 119.372703552, 48.8228492737, 49.1226730347, 22.9720401764, 9.90150642395, 11.8501386642, 3.27166438103, 5.03008031845, 2.36675572395, 1.50182378292, 0.0487257614732, 0.00164334848523, 0.000345517590176, 8.79662620719e-05, 0.000367635802832, 0.000863204186317],
        "mean": [0.00389325921424, 0.211009860039, 0.988237261772, 3.78874158859, 15.6899528503, 10.0157184601, 13.6617975235, 21.0584697723, 46.1474838257, 22.6313171387, 3.56004023552, 7.07200717926, 4.99912500381, 7.86153078079, 21.8000946045, 7.73978853226, 7.33935213089, 9.68850803375, 24.1740970612, 11.5179376602, 9.45213508606, 8.06313419342, 5.86247444153, 3.05991458893, 1.34538388252, 0.642963409424, 0.358011215925, 0.270903170109, 0.191681653261, 0.161652937531, 0.053838070482, 0.0329959988594, 0.0247351154685, 0.0100088650361, 0.000286507216515, 2.18095301534e-05, 7.21727110431e-06, 1.64223456522e-06, 7.85783413448e-06, 1.8073578758e-05],
        "median": [0.000163582706591, 0.00332573149353, 0.0300633385777, 0.104876086116, 0.327641516924, 0.958039522171, 1.90662932396, 2.62400579453, 2.38445901871, 1.477891922, 0.650008559227, 0.792364239693, 0.844622850418, 1.42509675026, 2.23667907715, 1.3933826685, 0.964997768402, 1.15142703056, 1.40246200562, 1.38127672672, 1.02784049511, 1.05674791336, 0.565849363804, 0.287953555584, 0.15256485343, 0.0519423335791, 0.0295257046819, 0.0269353892654, 0.0178293269128, 0.0105585670099, 0.00549796130508, 0.00365050043911, 0.00254060141742, 0.000648763030767, 3.09118695441e-05, 6.80171524436e-06, 2.8331064641e-06, 6.06436856287e-07, 2.83000463241e-06, 6.23699725111e-06],
        "min": [2.516801238e-23, 1.98830598869e-22, 1.20349770806e-21, 3.4272992757e-21, 6.86206256395e-21, 1.42407236543e-20, 3.49895880458e-20, 4.45079004245e-20, 1.14812513926e-19, 1.56233079036e-19, 2.28285124507e-19, 1.88125492842e-19, 3.89141484008e-19, 5.56464819086e-19, 8.01955222785e-19, 6.25950730576e-19, 1.53960583834e-18, 1.66622299509e-18, 1.97696931542e-18, 2.59901368556e-18, 1.87530840455e-18, 3.90355795487e-18, 4.3540988327e-18, 5.85925652763e-18, 6.4609009695e-18, 8.2329046485e-18, 7.24775818155e-18, 8.17398209193e-18, 1.04299062816e-17, 1.03136650717e-17, 1.18985795213e-17, 9.49212831244e-18, 9.19527138857e-18, 7.50967334199e-18, 5.40622500898e-18, 4.42829403851e-18, 2.19189462001e-18, 9.03763992193e-19, 2.16084947179e-19, 2.62800725137e-20],
        "var": [0.000195967950276, 0.667183339596, 9.88504981995, 229.590454102, 3371.39282227, 633.226623535, 2070.45043945, 5380.00097656, 91252.703125, 17686.6679688, 114.287757874, 1996.92431641, 244.292114258, 548.466552734, 6958.13525391, 764.968994141, 1054.8248291, 864.645385742, 18763.5039062, 2078.70166016, 1390.02832031, 785.390441895, 348.864776611, 83.0979003906, 15.8757820129, 3.11342573166, 1.60437190533, 0.595631122589, 0.245871186256, 0.211936250329, 0.0219957064837, 0.00920466054231, 0.00527336774394, 0.00108357868157, 8.34803472571e-07, 2.05269712339e-09, 1.8187990003e-10, 1.01165976638e-11, 2.56308141378e-10, 1.4119009295e-09]
    },
    "gfcc": {
        "mean": [-218.091445923, 158.132400513, -155.020706177, 18.9308071136, -54.1711654663, -9.05225276947, -39.5996665955, -21.0887889862, -4.58089733124, -26.8225498199, 8.52371406555, -13.1598844528, 6.40365123749],
        "cov": [[26740.9980469, 1560.8314209, -4736.95166016, -784.642028809, -988.668151855, -800.940734863, -885.541992188, -499.892333984, -38.1526260376, -336.329223633, -50.8003921509, -180.418167114, -29.8117103577], [1560.8314209, 3941.93261719, 2218.08154297, -316.81829834, 452.239044189, -575.28704834, -63.7164497375, -541.537841797, -375.891723633, -453.294158936, -236.573944092, -85.0015029907, -97.0369873047], [-4736.95166016, 2218.08154297, 3277.2019043, 184.349151611, 726.00201416, -114.158660889, 214.107849121, -234.66065979, -281.426208496, -230.398513794, -229.423202515, -67.0382614136, -98.9733276367], [-784.642028809, -316.81829834, 184.349151611, 552.26751709, 83.3207931519, 281.123840332, 59.8050804138, 93.0382995605, 14.722413063, 10.6878204346, 13.6057348251, -65.1280136108, -16.1513690948], [-988.668151855, 452.239044189, 726.00201416, 83.3207931519, 500.824127197, 109.190689087, 157.190490723, -13.0812110901, -78.411857605, -117.994262695, -153.11479187, -29.8269309998, -60.2461738586], [-800.940734863, -575.28704834, -114.158660889, 281.123840332, 109.190689087, 406.692199707, 155.918991089, 157.777618408, 31.1906013489, -4.14878511429, -16.6825523376, -30.2205944061, -1.75480401516], [-885.541992188, -63.7164497375, 214.107849121, 59.8050804138, 157.190490723, 155.918991089, 206.34046936, 102.851837158, 5.35541152954, -22.3145580292, -42.41639328, 6.52386140823, -13.9737272263], [-499.892333984, -541.537841797, -234.66065979, 93.0382995605, -13.0812110901, 157.777618408, 102.851837158, 242.775375366, 128.129241943, 79.6746292114, 22.5034713745, -12.4301433563, -7.85908889771], [-38.1526260376, -375.891723633, -281.426208496, 14.722413063, -78.411857605, 31.1906013489, 5.35541152954, 128.129241943, 216.933731079, 163.59866333, 50.8643951416, -23.3118648529, -33.9668998718], [-336.329223633, -453.294158936, -230.398513794, 10.6878204346, -117.994262695, -4.14878511429, -22.3145580292, 79.6746292114, 163.59866333, 251.645111084, 127.586380005, 1.19861114025, -20.1691379547], [-50.8003921509, -236.573944092, -229.423202515, 13.6057348251, -153.11479187, -16.6825523376, -42.41639328, 22.5034713745, 50.8643951416, 127.586380005, 188.959945679, 80.3857345581, 28.5046691895], [-180.418167114, -85.0015029907, -67.0382614136, -65.1280136108, -29.8269309998, -30.2205944061, 6.52386140823, -12.4301433563, -23.3118648529, 1.19861114025, 80.3857345581, 158.935546875, 95.9012908936], [-29.8117103577, -97.0369873047, -98.9733276367, -16.1513690948, -60.2461738586, -1.75480401516, -13.9737272263, -7.85908889771, -33.9668998718, -20.1691379547, 28.5046691895, 95.9012908936, 157.340484619]],
        "icov": [[0.00010507596744, -0.000210127080209, 0.000314961915137, -0.000114122740342, -2.33749542531e-05, 3.69474219042e-05, 0.000140793432365, -3.25058535964e-05, 0.000114849506645, -0.000124698955915, 0.000246425624937, -7.21832257113e-05, 8.72293530847e-05], [-0.000210127080209, 0.00139302201569, -0.00109571462963, 0.000541696266737, -0.000359295750968, 0.00096295500407, -0.000846287526656, 0.00130328058731, -0.00140386819839, 0.00256429356523, -0.00226429477334, 0.00181294570211, -0.000620392675046], [0.000314961915137, -0.00109571462963, 0.00180547276977, -0.000992999295704, -0.000605769630056, 0.000500902766362, -0.000224474759307, -0.000239891960518, 0.00130325637292, -0.00165918795392, 0.00151456007734, -0.000690014800057, 0.000374259223463], [-0.000114122740342, 0.000541696266737, -0.000992999295704, 0.00393178453669, -0.000367302534869, -0.00270549952984, 0.00138672685716, -0.000106153733213, -0.000664255057927, 0.0014598260168, -0.0028301323764, 0.00263812975027, -0.00101305393036], [-2.33749542531e-05, -0.000359295750968, -0.000605769630056, -0.000367302534869, 0.00523464987054, -0.00158709543757, -0.00125094398391, 9.6348921943e-05, 0.000855744990986, -0.00164649705403, 0.00470774946734, -0.00370664778166, 0.00261565344408], [3.69474219042e-05, 0.00096295500407, 0.000500902766362, -0.00270549952984, -0.00158709543757, 0.00839697755873, -0.00481058517471, -3.13201999234e-05, -0.000600713829044, 0.0028665822465, -0.00253784842789, 0.00330601190217, -0.00162212084979], [0.000140793432365, -0.000846287526656, -0.000224474759307, 0.00138672685716, -0.00125094398391, -0.00481058517471, 0.0132270110771, -0.00584573345259, 0.00229167821817, -0.00224550580606, 0.00339843449183, -0.00474677840248, 0.00234040920623], [-3.25058535964e-05, 0.00130328058731, -0.000239891960518, -0.000106153733213, 9.6348921943e-05, -3.13201999234e-05, -0.00584573345259, 0.0121803358197, -0.00714147090912, 0.00385211082175, -0.00316172884777, 0.00327395671047, -0.00170905306004], [0.000114849506645, -0.00140386819839, 0.00130325637292, -0.000664255057927, 0.000855744990986, -0.000600713829044, 0.00229167821817, -0.00714147090912, 0.01584389247, -0.0117412395775, 0.0067224833183, -0.00380098656751, 0.00308953784406], [-0.000124698955915, 0.00256429356523, -0.00165918795392, 0.0014598260168, -0.00164649705403, 0.0028665822465, -0.00224550580606, 0.00385211082175, -0.0117412395775, 0.0192029178143, -0.0140615077689, 0.00865906756371, -0.00274498015642], [0.000246425624937, -0.00226429477334, 0.00151456007734, -0.0028301323764, 0.00470774946734, -0.00253784842789, 0.00339843449183, -0.00316172884777, 0.0067224833183, -0.0140615077689, 0.0226711388677, -0.0156033225358, 0.00628259405494], [-7.21832257113e-05, 0.00181294570211, -0.000690014800057, 0.00263812975027, -0.00370664778166, 0.00330601190217, -0.00474677840248, 0.00327395671047, -0.00380098656751, 0.00865906756371, -0.0156033225358, 0.0224035717547, -0.0112383551896], [8.72293530847e-05, -0.000620392675046, 0.000374259223463, -0.00101305393036, 0.00261565344408, -0.00162212084979, 0.00234040920623, -0.00170905306004, 0.00308953784406, -0.00274498015642, 0.00628259405494, -0.0112383551896, 0.0132537772879]]
    },
    "melbands": {
        "dmean": [2.11858150578e-05, 0.000101622281363, 0.000359425146598, 0.000307923881337, 0.000161471980391, 0.000172263811692, 0.000264859147137, 7.7184093243e-05, 1.24509278976e-05, 1.89181464521e-05, 1.05752278614e-05, 1.35127147587e-05, 4.73265063192e-05, 1.84338241525e-05, 5.78641993343e-06, 1.02257126855e-05, 9.1064357548e-06, 2.03277668334e-05, 1.19071755762e-05, 7.02404577169e-06, 7.13839062882e-06, 5.4404176808e-06, 2.66992833531e-06, 3.84309532819e-06, 1.18115258374e-06, 6.65989261961e-07, 4.67848622066e-07, 1.85947271802e-07, 1.29720746145e-07, 1.09789226599e-07, 9.99744997898e-08, 5.72124783105e-08, 8.14410867633e-08, 3.71823780654e-08, 2.02572998376e-08, 1.35475373142e-08, 1.02765165266e-08, 1.16128431316e-08, 1.13779243804e-08, 2.85704571112e-09],
        "dmean2": [2.3168111511e-05, 0.000126398692373, 0.000461587216705, 0.000400320015615, 0.00022237720259, 0.000218259257963, 0.000299060135148, 9.40750032896e-05, 1.60887702805e-05, 2.30508157983e-05, 1.38559826155e-05, 1.90118644241e-05, 6.54899922665e-05, 2.59551088675e-05, 8.12561847852e-06, 1.49646948557e-05, 1.35577101901e-05, 2.84360667138e-05, 1.69035120052e-05, 1.08107915366e-05, 1.080515176e-05, 8.0580557551e-06, 4.00747148888e-06, 5.80667892791e-06, 1.78164327735e-06, 9.94591800918e-07, 6.92998014529e-07, 2.77206396504e-07, 1.91650272541e-07, 1.63829511735e-07, 1.53628988642e-07, 8.50542321018e-08, 1.21870272096e-07, 5.49914851433e-08, 3.10206083043e-08, 2.09082813285e-08, 1.60687800843e-08, 1.80968768859e-08, 1.69807208295e-08, 4.4467940441e-09],
        "dvar": [5.96074700709e-09, 1.04094070252e-07, 2.08144319913e-06, 1.07035225483e-06, 4.27288199489e-07, 4.62435025383e-07, 2.31879744206e-06, 1.81443709835e-07, 2.47011899823e-09, 1.00096153588e-08, 1.44413925263e-09, 2.19472373608e-09, 4.76625743318e-08, 8.96274343631e-09, 5.03891206538e-10, 2.65362953833e-09, 1.42178913087e-09, 1.23305508026e-08, 2.5813304827e-09, 1.65559421728e-09, 1.3862038184e-09, 5.83563752876e-10, 1.44866715845e-10, 2.49654380502e-10, 1.87575874971e-11, 9.63565425366e-12, 3.26902610884e-12, 5.41669248517e-13, 4.35094126526e-13, 1.69053302173e-13, 1.8940725995e-13, 3.87155348199e-14, 9.75113951173e-14, 1.52651972822e-14, 5.61012324988e-15, 3.15690873508e-15, 2.10643287345e-15, 2.95115977351e-15, 1.74240892354e-15, 2.00944193646e-16],
        "dvar2": [5.62230262346e-09, 1.4839496032e-07, 2.98326744996e-06, 1.92434572455e-06, 8.64517915034e-07, 7.03893135778e-07, 2.51688879871e-06, 2.47130572006e-07, 3.11410075504e-09, 1.1021366042e-08, 2.29528751561e-09, 4.69983207907e-09, 9.69213687085e-08, 2.11664321625e-08, 1.01346109282e-09, 5.88467852225e-09, 3.09836756252e-09, 2.64196522437e-08, 5.52086243388e-09, 3.47870465767e-09, 3.32214611376e-09, 1.2068051003e-09, 3.50033169116e-10, 5.9421889631e-10, 4.15322325142e-11, 2.01474635586e-11, 7.17201688663e-12, 1.24114477376e-12, 9.72099896239e-13, 3.5580528324e-13, 4.45296116603e-13, 8.26160903469e-14, 2.10253350646e-13, 3.31835931346e-14, 1.28961841951e-14, 7.86717425146e-15, 5.31845084262e-15, 7.32101672444e-15, 3.88757163736e-15, 5.06156925489e-16],
        "max": [0.00645397463813, 0.0202630907297, 0.118925340474, 0.0637680888176, 0.0440540611744, 0.0503809154034, 0.172384038568, 0.0348595827818, 0.00606525689363, 0.0127457324415, 0.00227596447803, 0.00235882541165, 0.008738797158, 0.00577736552805, 0.00117121357471, 0.00302401650697, 0.00198125862516, 0.00727297319099, 0.00310258683749, 0.00285976543091, 0.00249100662768, 0.00122444482986, 0.000649292371236, 0.000748983235098, 0.000193947838852, 0.000174547341885, 6.74643233651e-05, 2.73221030511e-05, 3.72524373233e-05, 1.53659457283e-05, 2.0052821128e-05, 8.93574178917e-06, 1.14448093882e-05, 4.39167115474e-06, 2.77526714854e-06, 3.39254461323e-06, 2.60764454652e-06, 2.72534703072e-06, 1.67503196735e-06, 1.04042931071e-06],
        "mean": [0.00010604619456, 0.000434262125054, 0.00113319314551, 0.00095050066011, 0.000441972981207, 0.000467541220132, 0.000727798964363, 0.000189034428331, 2.76070277323e-05, 4.24696372647e-05, 2.35291772697e-05, 2.64685477305e-05, 8.31968427519e-05, 3.10827017529e-05, 1.09394868559e-05, 1.90260689124e-05, 1.60908530233e-05, 3.73342591047e-05, 2.15614581975e-05, 1.14020222099e-05, 1.17912222777e-05, 9.30792157305e-06, 4.49668505098e-06, 6.37955690763e-06, 1.97111580746e-06, 1.04322396055e-06, 8.04161061296e-07, 3.19209078725e-07, 2.06575606398e-07, 1.82316114206e-07, 1.593130321e-07, 9.73846141505e-08, 1.37232504471e-07, 6.53789058447e-08, 3.30824434513e-08, 2.22499281222e-08, 1.73775234202e-08, 1.73636554024e-08, 1.87273467844e-08, 4.04882838367e-09],
        "median": [1.78347636393e-06, 9.92902096186e-06, 2.41994384851e-05, 3.93058435293e-05, 6.26608452876e-05, 5.8860903664e-05, 3.50351401721e-05, 9.77645140665e-06, 3.15468696499e-06, 3.95422557631e-06, 2.82088785752e-06, 4.18497575083e-06, 6.7582786869e-06, 2.98838585877e-06, 1.41413192978e-06, 1.43164879773e-06, 1.35439358928e-06, 1.46234333442e-06, 1.54463577928e-06, 1.03314459921e-06, 7.95282176114e-07, 9.79986907623e-07, 4.15202094928e-07, 3.83007488836e-07, 1.63303482736e-07, 1.035627335e-07, 5.26586205751e-08, 2.2707268954e-08, 1.43026976929e-08, 1.51515422431e-08, 1.4067794929e-08, 9.51990664078e-09, 7.43221573174e-09, 4.52162840503e-09, 2.98944402566e-09, 2.11523731863e-09, 2.02058103582e-09, 1.72473590965e-09, 1.32720812118e-09, 1.71318556563e-10],
        "min": [2.20922024925e-25, 8.27210983698e-25, 1.16395154527e-24, 8.54717281564e-25, 1.3137539632e-24, 8.18077157707e-25, 1.82249469971e-24, 1.58268019566e-24, 1.75260556781e-24, 8.98910551373e-25, 1.2835868375e-24, 1.7715701784e-24, 1.45685934647e-24, 2.61329442782e-24, 1.28902593483e-24, 1.92544262556e-24, 1.84430768982e-24, 2.36498330018e-24, 2.78223175169e-24, 1.98055363169e-24, 1.71382930723e-24, 2.96757619909e-24, 3.31724806445e-24, 2.92486095879e-24, 3.34319054417e-24, 4.62837275425e-24, 4.1830718173e-24, 4.72022811248e-24, 4.82512018603e-24, 3.82392790184e-24, 4.4043587397e-24, 5.25194994488e-24, 4.73541447377e-24, 4.90442279511e-24, 6.26744230513e-24, 5.54105839475e-24, 4.93458725841e-24, 5.6123134393e-24, 6.07241853442e-24, 5.67341939388e-24],
        "var": [1.70373610331e-07, 2.22216726797e-06, 2.06650638575e-05, 7.72689327277e-06, 1.74036199496e-06, 2.39543055613e-06, 2.24071372941e-05, 1.21537436826e-06, 1.47193954803e-08, 6.18219573312e-08, 6.05035843648e-09, 6.46626840961e-09, 1.16714176102e-07, 1.61601647619e-08, 1.35636613052e-09, 7.9712698664e-09, 3.39578054565e-09, 4.41520313643e-08, 8.5705558206e-09, 4.01664568273e-09, 3.01274760695e-09, 1.43058720425e-09, 2.76792311293e-10, 5.61884261341e-10, 3.95963227484e-11, 1.82159339696e-11, 7.73706793078e-12, 1.07131816439e-12, 6.78727094059e-13, 3.58155047503e-13, 3.03235897763e-13, 8.2532667766e-14, 2.10742217405e-13, 3.27834107246e-14, 1.12107554956e-14, 4.44908333062e-15, 2.90006653437e-15, 4.02450340712e-15, 3.22048342821e-15, 2.73343964235e-16]
    },
    "mfcc": {
        "mean": [-829.000671387, 154.776763916, -17.4213485718, 12.3625602722, 8.79437351227, -3.89491295815, -13.6878499985, -3.37335801125, -11.1721916199, -13.2557411194, -7.7732925415, -5.33818244934, -0.528204917908],
        "cov": [[12055.6367188, 1938.00146484, -2770.89477539, -111.935241699, -606.435913086, -358.906616211, -755.676818848, -293.036010742, -389.896697998, -215.810791016, -13.428524971, -28.7035217285, -150.437713623], [1938.00146484, 4522.5859375, 1110.60668945, 143.469085693, 389.648895264, -42.0307579041, 51.9186172485, -139.531082153, -182.959182739, -413.379089355, -356.873718262, -236.695175171, -329.502197266], [-2770.89477539, 1110.60668945, 1836.95544434, 334.031982422, 419.733886719, 213.976669312, 315.820404053, 85.2425918579, 86.3637619019, -43.5357933044, -145.837524414, -87.7545852661, -105.878791809], [-111.935241699, 143.469085693, 334.031982422, 300.386993408, 151.308288574, 98.8402328491, 78.4900283813, 29.1567611694, 36.5954170227, 34.4798240662, 23.9469871521, 8.91180038452, -41.0260543823], [-606.435913086, 389.648895264, 419.733886719, 151.308288574, 293.61807251, 126.809883118, 120.274200439, 74.6079940796, 60.875617981, 8.87454319, -11.4618186951, -19.661649704, -47.2421073914], [-358.906616211, -42.0307579041, 213.976669312, 98.8402328491, 126.809883118, 208.108810425, 132.680999756, 74.3370132446, 59.1800804138, 27.0155906677, -5.52657413483, -2.01509928703, -4.66951465607], [-755.676818848, 51.9186172485, 315.820404053, 78.4900283813, 120.274200439, 132.680999756, 242.08152771, 133.23475647, 65.3924179077, -7.94628715515, -44.2122192383, -20.9835681915, 5.83415842056], [-293.036010742, -139.531082153, 85.2425918579, 29.1567611694, 74.6079940796, 74.3370132446, 133.23475647, 223.770690918, 124.703147888, 23.1928043365, -29.8191051483, -19.8660392761, 16.8356513977], [-389.896697998, -182.959182739, 86.3637619019, 36.5954170227, 60.875617981, 59.1800804138, 65.3924179077, 124.703147888, 213.606246948, 95.5983581543, 4.61936664581, -2.07852435112, 2.00955796242], [-215.810791016, -413.379089355, -43.5357933044, 34.4798240662, 8.87454319, 27.0155906677, -7.94628715515, 23.1928043365, 95.5983581543, 224.9090271, 148.877365112, 45.5451965332, -7.12561416626], [-13.428524971, -356.873718262, -145.837524414, 23.9469871521, -11.4618186951, -5.52657413483, -44.2122192383, -29.8191051483, 4.61936664581, 148.877365112, 266.678344727, 136.833450317, -8.9208316803], [-28.7035217285, -236.695175171, -87.7545852661, 8.91180038452, -19.661649704, -2.01509928703, -20.9835681915, -19.8660392761, -2.07852435112, 45.5451965332, 136.833450317, 247.401443481, 108.82510376], [-150.437713623, -329.502197266, -105.878791809, -41.0260543823, -47.2421073914, -4.66951465607, 5.83415842056, 16.8356513977, 2.00955796242, -7.12561416626, -8.9208316803, 108.82510376, 249.905410767]],
