{
"lowlevel": {
    "average_loudness": 0.814706027508,
    "barkbands_crest": {
        "dmean": 2.0487241745,
        "dmean2": 3.47033643723,
        "dvar": 3.49279117584,
        "dvar2": 9.98676586151,
        "max": 22.8392677307,
        "mean": 10.0181331635,
        "median": 9.38120937347,
        "min": 3.20575332642,
        "var": 10.3332042694
    },
    "barkbands_flatness_db": {
        "dmean": 0.0178741626441,
        "dmean2": 0.029708461836,
        "dvar": 0.000265043054242,
        "dvar2": 0.000681134697516,
        "max": 0.395261853933,
        "mean": 0.294738262892,
        "median": 0.295815289021,
        "min": 0.0424487479031,
        "var": 0.00107046030462
    },
    "barkbands_kurtosis": {
        "dmean": 1.32558751106,
        "dmean2": 2.16308093071,
        "dvar": 1.87544560432,
        "dvar2": 4.96250629425,
        "max": 15.5554447174,
        "mean": 2.49327421188,
        "median": 2.09239268303,
        "min": -1.6302472353,
        "var": 6.7915520668
    },
    "barkbands_skewness": {
        "dmean": 0.337634772062,
        "dmean2": 0.536422014236,
        "dvar": 0.0972117185593,
        "dvar2": 0.228738367558,
        "max": 3.4798476696,
        "mean": 1.04786372185,
        "median": 1.08213663101,
        "min": -1.84787881374,
        "var": 0.439432382584
    },
    "barkbands_spread": {
        "dmean": 1.42234385014,
        "dmean2": 2.26208901405,
        "dvar": 2.72901844978,
        "dvar2": 5.71577501297,
        "max": 42.271736145,
        "mean": 6.99881792068,
        "median": 6.17821931839,
        "min": 1.40940439701,
        "var": 11.9358673096
    },
    "dissonance": {
        "dmean": 0.0339409783483,
        "dmean2": 0.057615570724,
        "dvar": 0.000880679290276,
        "dvar2": 0.00240656593814,
        "max": 0.500000059605,
        "mean": 0.417170733213,
        "median": 0.424448519945,
        "min": 0.235158056021,
        "var": 0.00218211463653
    },
    "dynamic_complexity": 3.35646438599,
    "erbbands_crest": {
        "dmean": 2.51021313667,
        "dmean2": 4.06919240952,
        "dvar": 5.9619436264,
        "dvar2": 14.1610784531,
        "max": 29.749382019,
        "mean": 11.8101434708,
        "median": 11.1106815338,
        "min": 3.14457249641,
        "var": 20.3253765106
    },
    "erbbands_flatness_db": {
        "dmean": 0.0132067855448,
        "dmean2": 0.0210644230247,
        "dvar": 0.000182105359272,
        "dvar2": 0.000408854219131,
        "max": 0.438656717539,
        "mean": 0.337486803532,
        "median": 0.336984813213,
        "min": 0.100833155215,
        "var": 0.00104363169521
    },
    "erbbands_kurtosis": {
        "dmean": 0.822397589684,
        "dmean2": 1.34879696369,
        "dvar": 0.991833865643,
        "dvar2": 2.62543225288,
        "max": 11.9453687668,
        "mean": 0.585253417492,
        "median": 0.242859363556,
        "min": -1.57262766361,
        "var": 2.29274296761
    },
    "erbbands_skewness": {
        "dmean": 0.311082273722,
        "dmean2": 0.5001719594,
        "dvar": 0.0793075636029,
        "dvar2": 0.186380162835,
        "max": 3.00885868073,
        "mean": 0.480415672064,
        "median": 0.541210055351,
        "min": -2.48873734474,
        "var": 0.531737744808
    },
    "erbbands_spread": {
        "dmean": 2.35933804512,
        "dmean2": 3.71284818649,
        "dvar": 5.49446296692,
        "dvar2": 12.5083732605,
        "max": 51.1563796997,
        "mean": 14.3461685181,
        "median": 13.5477199554,
        "min": 2.29045820236,
        "var": 26.676902771
    },
    "hfc": {
        "dmean": 3.21646261215,
        "dmean2": 4.57346343994,
        "dvar": 22.2064208984,
        "dvar2": 45.8935890198,
        "max": 61.0318527222,
        "mean": 11.0777139664,
        "median": 8.6225528717,
        "min": 2.59032817418e-09,
        "var": 89.9242095947
    },
    "melbands_crest": {
        "dmean": 2.67325425148,
        "dmean2": 4.56678819656,
        "dvar": 5.70445346832,
        "dvar2": 16.3514137268,
        "max": 28.1641178131,
        "mean": 12.6103887558,
        "median": 11.9200935364,
        "min": 3.85059452057,
        "var": 15.4823732376
    },
    "melbands_flatness_db": {
        "dmean": 0.0195907428861,
        "dmean2": 0.0311300121248,
        "dvar": 0.000402967329137,
        "dvar2": 0.000905146589503,
        "max": 0.501269698143,
        "mean": 0.38924202323,
        "median": 0.392034649849,
        "min": 0.0158127956092,
        "var": 0.00182468804996
    },
    "melbands_kurtosis": {
        "dmean": 1.69571423531,
        "dmean2": 2.73789525032,
        "dvar": 3.37391281128,
        "dvar2": 8.36687278748,
        "max": 29.2829627991,
        "mean": 3.81145334244,
        "median": 3.36749124527,
        "min": -1.69389617443,
        "var": 11.2788677216
    },
    "melbands_skewness": {
        "dmean": 0.357884913683,
        "dmean2": 0.567481517792,
        "dvar": 0.113382183015,
        "dvar2": 0.266955137253,
        "max": 4.20737123489,
        "mean": 1.38621938229,
        "median": 1.37928390503,
        "min": -1.01751899719,
        "var": 0.475762873888
    },
    "melbands_spread": {
        "dmean": 2.19567203522,
        "dmean2": 3.46010494232,
        "dvar": 12.9964437485,
        "dvar2": 20.8185386658,
        "max": 145.391647339,
        "mean": 9.94003677368,
        "median": 8.42056274414,
        "min": 2.05405879021,
        "var": 34.8104896545
    },
    "pitch_salience": {
        "dmean": 0.0604472048581,
        "dmean2": 0.102115675807,
        "dvar": 0.00291875842959,
        "dvar2": 0.00767608452588,
        "max": 0.901624441147,
        "mean": 0.610674858093,
        "median": 0.620541632175,
        "min": 0.220984786749,
        "var": 0.00903848279268
    },
    "silence_rate_20dB": {
        "dmean": 0,
        "dmean2": 0,
        "dvar": 0,
        "dvar2": 0,
        "max": 1,
        "mean": 1,
        "median": 1,
        "min": 1,
        "var": 0
    },
    "silence_rate_30dB": {
        "dmean": 0.00310438498855,
        "dmean2": 0.00621118023992,
        "dvar": 0.00309469318017,
        "dvar2": 0.00927795562893,
        "max": 1,
        "mean": 0.998060524464,
        "median": 1,
        "min": 0,
        "var": 0.00193575536832
    },
    "silence_rate_60dB": {
        "dmean": 0.0263872724026,
        "dmean2": 0.0527950301766,
        "dvar": 0.0256919432431,
        "dvar2": 0.0577710010111,
        "max": 1,
        "mean": 0.0865011662245,
        "median": 0,
        "min": 0,
        "var": 0.0790148004889
    },
    "spectral_centroid": {
        "dmean": 61.1589546204,
        "dmean2": 93.8718185425,
        "dvar": 11482.6367188,
        "dvar2": 18736.0722656,
        "max": 3824.44750977,
        "mean": 523.276123047,
        "median": 488.767089844,
        "min": 269.373565674,
        "var": 26062.7207031
    },
    "spectral_complexity": {
        "dmean": 1.83313930035,
        "dmean2": 2.86102485657,
        "dvar": 3.21702003479,
        "dvar2": 6.49470615387,
        "max": 26,
        "mean": 13.2858800888,
        "median": 14,
        "min": 0,
        "var": 22.9497241974
    },
    "spectral_decrease": {
        "dmean": 1.72507652607e-09,
        "dmean2": 2.66545807648e-09,
        "dvar": 5.20134974204e-18,
        "dvar2": 1.21049949985e-17,
        "max": -7.25381821012e-21,
        "mean": -6.1593330436e-09,
        "median": -4.97101959596e-09,
        "min": -3.29713465419e-08,
        "var": 2.59415999652e-17
    },
    "spectral_energy": {
        "dmean": 0.00677678873762,
        "dmean2": 0.0104358717799,
        "dvar": 8.04369483376e-05,
        "dvar2": 0.000185872413567,
        "max": 0.129652321339,
        "mean": 0.0242515299469,
        "median": 0.0196252949536,
        "min": 2.62327892698e-13,
        "var": 0.00040105136577
    },
    "spectral_energyband_high": {
        "dmean": 1.99328496819e-06,
        "dmean2": 2.95078211821e-06,
        "dvar": 3.11098369288e-11,
        "dvar2": 7.20791620834e-11,
        "max": 7.67231103964e-05,
        "mean": 3.35779168381e-06,
        "median": 1.185935389e-06,
        "min": 1.95344811832e-13,
        "var": 4.64731447769e-11
    },
    "spectral_energyband_low": {
        "dmean": 0.00160746648908,
        "dmean2": 0.00268659763969,
        "dvar": 1.00659908639e-05,
        "dvar2": 2.821441376e-05,
        "max": 0.0637533888221,
        "mean": 0.00338279712014,
        "median": 0.00155801256187,
        "min": 2.38699623184e-15,
        "var": 2.31200665439e-05
    },
    "spectral_energyband_middle_high": {
        "dmean": 0.00133370840922,
        "dmean2": 0.00182112620678,
        "dvar": 8.9823433882e-06,
        "dvar2": 1.84642722161e-05,
        "max": 0.0456759147346,
        "mean": 0.00333239487372,
        "median": 0.00191509351134,
        "min": 4.66356825119e-14,
        "var": 1.98916950467e-05
    },
    "spectral_energyband_middle_low": {
        "dmean": 0.00578546850011,
        "dmean2": 0.00903699267656,
        "dvar": 5.97008802288e-05,
        "dvar2": 0.000151078158524,
        "max": 0.122044295073,
        "mean": 0.0192060973495,
        "median": 0.0148615473881,
        "min": 7.59544608198e-15,
        "var": 0.000294581375783
    },
    "spectral_entropy": {
        "dmean": 0.135979145765,
        "dmean2": 0.220656827092,
        "dvar": 0.0194748584181,
        "dvar2": 0.0477524027228,
        "max": 8.92551040649,
        "mean": 6.21071863174,
        "median": 6.21741724014,
        "min": 5.23080682755,
        "var": 0.0808029919863
    },
    "spectral_flux": {
        "dmean": 0.0182248316705,
        "dmean2": 0.0287068467587,
        "dvar": 0.000453498360002,
        "dvar2": 0.00105006794911,
        "max": 0.223322659731,
        "mean": 0.0591953061521,
        "median": 0.0507935546339,
        "min": 0.000144363992149,
        "var": 0.00138025905471
    },
    "spectral_kurtosis": {
        "dmean": 22.1480789185,
        "dmean2": 38.5234603882,
        "dvar": 332.673492432,
        "dvar2": 967.988952637,
        "max": 195.046157837,
        "mean": 50.8049736023,
        "median": 46.5688858032,
        "min": 1.83462047577,
        "var": 886.802490234
    },
    "spectral_rms": {
        "dmean": 0.000649384048302,
        "dmean2": 0.00096943078097,
        "dvar": 4.95869244332e-07,
        "dvar2": 1.00370186829e-06,
        "max": 0.0112467799336,
        "mean": 0.00443078810349,
        "median": 0.0043756859377,
        "min": 1.59978021941e-08,
        "var": 4.02813248002e-06
    },
    "spectral_rolloff": {
        "dmean": 112.294624329,
        "dmean2": 186.876449585,
        "dvar": 131488.90625,
        "dvar2": 159525.546875,
        "max": 16257.5683594,
        "mean": 719.925598145,
        "median": 645.99609375,
        "min": 43.06640625,
        "var": 190753.609375
    },
    "spectral_skewness": {
        "dmean": 1.296615839,
        "dmean2": 2.27114033699,
        "dvar": 1.03804504871,
        "dvar2": 3.09757804871,
        "max": 10.8199520111,
        "mean": 4.57222938538,
        "median": 4.38061618805,
        "min": 1.21300113201,
        "var": 2.6729927063
    },
    "spectral_spread": {
        "dmean": 229023.265625,
        "dmean2": 397164.34375,
        "dvar": 89155633152,
        "dvar2": 147028017152,
        "max": 14810783,
        "mean": 1133914.375,
        "median": 1093878.75,
        "min": 370050.03125,
        "var": 171138334720
    },
    "spectral_strongpeak": {
        "dmean": 0.492805153131,
        "dmean2": 0.829610705376,
        "dvar": 0.502098858356,
        "dvar2": 1.25197792053,
        "max": 7.52557754517,
        "mean": 1.09559309483,
        "median": 0.793041288853,
        "min": 0,
        "var": 0.917720139027
    },
    "zerocrossingrate": {
        "dmean": 0.00291471881792,
        "dmean2": 0.0036080875434,
        "dvar": 6.60670993966e-05,
        "dvar2": 6.62268794258e-05,
        "max": 0.498046875,
        "mean": 0.0258626174182,
        "median": 0.0244140625,
        "min": 0.0048828125,
        "var": 0.00014225472114
    },
    "barkbands": {
        "dmean": [2.40282406594e-05, 0.000296673446428, 0.000825109425932, 0.00143976719119, 0.0018279934302, 0.00236738892272, 0.00200146646239, 0.000738299626391, 0.000478127913084, 0.000443503522547, 0.000523888622411, 0.000292106502457, 0.000202643044759, 0.000145756363054, 9.94112851913e-05, 2.97067635984e-05, 4.2762952944e-05, 6.14750160821e-06, 4.61839454147e-06, 2.50756443165e-06, 8.7990628117e-07, 1.95343190512e-07, 1.00882530774e-07, 2.70316053985e-08, 4.5985726338e-09, 1.98602267965e-09, 1.07344677591e-09],
        "dmean2": [4.15875547333e-05, 0.000492116145324, 0.00139727583155, 0.0023693095427, 0.00298141897656, 0.00404627481475, 0.00342893740162, 0.00113966688514, 0.000638662953861, 0.000622793857474, 0.000753283500671, 0.000432658445789, 0.000284233130515, 0.000225473864703, 0.000152263848577, 4.56787020084e-05, 6.85785707901e-05, 9.87544444797e-06, 6.5129761424e-06, 3.56526152245e-06, 1.41622956562e-06, 2.76989766235e-07, 1.68539784795e-07, 4.31086526476e-08, 7.29511206998e-09, 3.42297012956e-09, 1.96591365409e-09],
        "dvar": [3.83673898208e-10, 6.26010091764e-07, 2.61315744865e-06, 7.95286632638e-06, 8.81875348568e-06, 1.79337548616e-05, 1.38552422868e-05, 2.1603998448e-06, 1.21495293115e-06, 1.80633560376e-06, 3.60437343261e-06, 5.6242924984e-07, 4.72379269922e-07, 2.11853119936e-07, 5.49133893912e-08, 9.28586718629e-09, 1.05299285735e-07, 2.08514233657e-10, 1.03176286959e-10, 4.84126107259e-11, 1.31324066205e-11, 4.66676231079e-13, 2.63979403657e-13, 1.97447665992e-14, 4.25899653764e-16, 2.16011983335e-16, 4.500275709e-18],
        "dvar2": [1.13387743639e-09, 1.81145094302e-06, 8.04091723694e-06, 2.15593736357e-05, 2.40968747676e-05, 5.3891853895e-05, 4.29587707913e-05, 5.03034561916e-06, 2.23327765525e-06, 3.29509907715e-06, 7.60030798119e-06, 1.32298521294e-06, 8.05576576113e-07, 5.17973148817e-07, 1.15116890242e-07, 1.85275013109e-08, 2.7430519367e-07, 5.37875077811e-10, 2.02137778738e-10, 1.06504152719e-10, 3.39419672923e-11, 1.02237879621e-12, 6.91157363546e-13, 4.51641762184e-14, 1.02909823234e-15, 5.37388565501e-16, 1.30086873362e-17],
        "max": [0.000188691104995, 0.0175490677357, 0.0271729640663, 0.0386127382517, 0.0396339222789, 0.0777432695031, 0.0564730316401, 0.0231253597885, 0.0232939124107, 0.0415632911026, 0.0347664728761, 0.01716469042, 0.0183873437345, 0.0122906463221, 0.00682678166777, 0.00305924541317, 0.00822593457997, 0.000227829514188, 0.000208054465475, 0.000162791446201, 6.56438278384e-05, 1.61848365678e-05, 8.52931316331e-06, 3.65434084415e-06, 4.61265528884e-07, 5.11474183895e-07, 5.0246889316e-08],
        "mean": [7.57957168389e-05, 0.000482087401906, 0.00137117959093, 0.00252100429498, 0.00394294224679, 0.0053497236222, 0.00412251893431, 0.00155958475079, 0.00128796626814, 0.000961228448432, 0.000940504600294, 0.000677891075611, 0.000394955452066, 0.000257509294897, 0.000177111141966, 5.07594195369e-05, 5.06557116751e-05, 1.17817544378e-05, 1.02680460259e-05, 4.38621054855e-06, 1.24080395381e-06, 3.05177906057e-07, 1.07674082983e-07, 3.07795318122e-08, 5.97793103907e-09, 2.00257477267e-09, 9.06575203796e-10],
        "median": [7.47994490666e-05, 0.000160480325576, 0.000562279834412, 0.00101818144321, 0.00232705194503, 0.00257406500168, 0.00200211349875, 0.000610524206422, 0.000489521829877, 0.000257503939793, 0.000237552711042, 0.000290589930955, 0.000155710498802, 0.000116279974463, 7.09235173417e-05, 2.28625249292e-05, 1.39239391501e-05, 5.77750506636e-06, 4.39597079094e-06, 1.43688612297e-06, 3.36245818744e-07, 7.66437366906e-08, 1.73050942465e-08, 6.1847638122e-09, 2.34660380016e-09, 8.62548255043e-10, 3.01336650077e-10],
        "min": [6.52625015695e-16, 1.04681286764e-15, 7.00210056122e-16, 5.81353757689e-16, 1.08488329285e-15, 2.8959385193e-15, 2.10344750583e-15, 3.61199650893e-16, 4.54937637262e-16, 1.01049220075e-15, 7.14297590464e-16, 3.65109697914e-15, 2.80515903373e-15, 5.66201291175e-15, 7.38235546234e-15, 3.66601111176e-15, 5.24652207529e-15, 3.59864785201e-15, 8.69290432009e-15, 8.46756645107e-15, 6.51469980392e-15, 7.71918743118e-15, 1.23530175414e-14, 1.50112872978e-14, 7.5779518023e-14, 3.69563964663e-14, 3.98766340315e-14],
        "var": [6.00970384568e-10, 8.21478920443e-07, 4.28042949352e-06, 1.48189637912e-05, 2.16065836867e-05, 5.88900365983e-05, 3.22432097164e-05, 5.99403620072e-06, 4.815927241e-06, 5.99085933572e-06, 6.94656955602e-06, 1.48071285366e-06, 9.62116928349e-07, 2.95178637089e-07, 1.18454927645e-07, 1.32131408037e-08, 8.39047302748e-08, 3.39142824934e-10, 2.83832429782e-10, 8.92052196e-11, 1.35874141799e-11, 7.05448178172e-13, 2.10599387322e-13, 2.02795544029e-14, 3.52713916008e-16, 1.16610668506e-16, 3.3338701884e-18]
    },
    "erbbands": {
        "dmean": [0.00360059645027, 0.0860314443707, 0.628926455975, 3.34114742279, 4.2676281929, 6.14135456085, 16.6161689758, 21.2068824768, 25.9241790771, 22.8791160583, 14.369386673, 12.1025753021, 11.0913715363, 23.3030471802, 11.9072008133, 12.2182312012, 9.68181419373, 8.12798976898, 5.92537164688, 3.01607012749, 2.37198090553, 1.37267327309, 0.472808152437, 0.213691964746, 0.214313834906, 0.104218311608, 0.0636584460735, 0.0136995278299, 0.00667006708682, 0.0027546773199, 0.00336344540119, 0.00121441250667, 0.000220954330871, 7.81058624852e-05, 2.32524344028e-05, 1.11759482024e-05, 4.51686446468e-06, 1.09411485028e-06, 3.21714696838e-06, 7.59662452765e-06],
        "dmean2": [0.00582677591592, 0.144127473235, 1.07951068878, 5.49219703674, 6.71363687515, 10.1812124252, 27.6496295929, 36.9055786133, 45.5135269165, 37.430557251, 21.1774101257, 16.15483284, 14.351770401, 33.3790283203, 17.3142375946, 17.6374511719, 13.3773670197, 12.3142471313, 8.83535766602, 4.74911117554, 3.6727206707, 2.16938495636, 0.756814837456, 0.305284827948, 0.306885033846, 0.148834839463, 0.0975916683674, 0.0206190049648, 0.00970541499555, 0.00411172909662, 0.0056339004077, 0.00198150915094, 0.000345530163031, 0.000120956356113, 3.71372407244e-05, 1.79799444595e-05, 7.30607007426e-06, 1.79669461886e-06, 4.88739397042e-06, 1.16430501294e-05],
        "dvar": [7.87636527093e-05, 0.0490169599652, 1.54354500771, 44.4146003723, 56.2717666626, 103.955497742, 1021.53179932, 1782.59387207, 2059.359375, 2624.25024414, 790.638671875, 807.411132812, 1845.28991699, 6719.23388672, 788.217712402, 976.345275879, 922.46295166, 710.931640625, 187.656600952, 83.8174743652, 142.114578247, 80.1256790161, 1.19156610966, 0.166538506746, 0.335594207048, 0.0635528713465, 0.0524273402989, 0.00192233780399, 0.00043034623377, 9.8434931715e-05, 0.000338899699273, 3.10979339702e-05, 7.27900442143e-07, 1.23866868762e-07, 1.22214753873e-08, 3.5858449543e-09, 7.73739627924e-10, 3.58699146774e-11, 1.82131219828e-11, 1.01350976223e-10],
        "dvar2": [0.000208635508898, 0.143399313092, 4.86770963669, 121.597267151, 141.553527832, 276.541412354, 2853.0234375, 5440.64160156, 6612.86083984, 7128.94238281, 1553.66577148, 1530.10534668, 3122.92041016, 14448.0996094, 1592.53234863, 2116.02636719, 1579.64147949, 1711.46948242, 390.510223389, 204.63293457, 344.069091797, 207.788726807, 3.13077116013, 0.311462551355, 0.72924721241, 0.139164045453, 0.132802844048, 0.00450816377997, 0.000980186858214, 0.000234257458942, 0.000896733487025, 7.48684324208e-05, 1.87089983683e-06, 2.96219440088e-07, 3.05223935015e-08, 8.89377105295e-09, 1.92850313496e-09, 8.86660606048e-11, 4.08114132766e-11, 2.32080160645e-10],
        "max": [0.236900642514, 5.04571485519, 23.0660915375, 107.850906372, 112.464324951, 136.772171021, 486.029022217, 910.526794434, 518.947753906, 958.125732422, 628.555175781, 607.392578125, 1561.04418945, 1521.89611816, 562.544128418, 877.137145996, 789.018920898, 710.538513184, 428.383728027, 246.892791748, 263.915039062, 224.512527466, 16.4241752625, 9.71318912506, 13.4219865799, 4.35743379593, 4.02144670486, 0.678773403168, 0.424037098885, 0.19402243197, 0.342335015535, 0.101184040308, 0.0145270694047, 0.00601592892781, 0.00335055589676, 0.00202534836717, 0.000962797086686, 0.000211277874769, 6.16557590547e-05, 0.000145406433148],
        "mean": [0.00728609599173, 0.147597074509, 1.1395791769, 6.19431400299, 8.66056728363, 12.453417778, 30.7616119385, 49.8227386475, 57.3607826233, 47.6868591309, 33.0041732788, 34.2439727783, 28.8048095703, 44.2438316345, 22.9619293213, 31.6700057983, 20.2271709442, 14.4109077454, 12.1611938477, 5.51015901566, 3.56845855713, 1.89538741112, 0.863792717457, 0.52047932148, 0.418813854456, 0.192507877946, 0.0976596027613, 0.022118717432, 0.0108876088634, 0.00436353497207, 0.00340829626657, 0.00126897962764, 0.000291344273137, 0.00011261246982, 4.33567765867e-05, 2.38605807681e-05, 1.01789873952e-05, 2.17624983634e-06, 1.16979490485e-05, 2.72629658866e-05],
        "median": [0.0023817778565, 0.0578125789762, 0.549042403698, 2.51474809647, 4.41097307205, 7.29355144501, 14.0264215469, 20.3329772949, 30.2331218719, 21.955783844, 16.3825111389, 13.1926574707, 9.03961372375, 10.7716741562, 12.2109947205, 13.0712680817, 9.42437171936, 7.15944766998, 5.62265491486, 2.3430044651, 1.40173840523, 0.689031600952, 0.415969669819, 0.274853825569, 0.175613284111, 0.0761069133878, 0.0294947586954, 0.00765629205853, 0.00312437536195, 0.00122975395061, 0.00047547055874, 0.000211555787246, 9.44628991419e-05, 4.49472136097e-05, 2.70123728114e-05, 1.65349119925e-05, 7.34996410756e-06, 1.46425577441e-06, 9.40815698414e-06, 2.20182719204e-05],
        "min": [3.74544891087e-14, 2.16001926089e-13, 7.24617685733e-13, 1.54489799859e-12, 2.32385963771e-12, 3.69411012197e-12, 1.08310279148e-11, 2.78110121738e-11, 3.52225644484e-11, 1.64401547931e-11, 9.28949191875e-12, 1.06579727682e-11, 1.61488895173e-11, 4.57008562937e-11, 5.38146957552e-11, 1.41825967637e-10, 1.16795684235e-10, 2.89666790554e-10, 3.33748334524e-10, 3.04013869634e-10, 2.86600743138e-10, 2.56538457144e-10, 1.60048863052e-10, 4.02023608848e-10, 3.71144670552e-10, 4.3568221253e-10, 4.04297623158e-10, 1.5397767783e-10, 3.09930581199e-10, 3.05641234544e-10, 3.26411647711e-10, 1.75465253438e-10, 3.62543606247e-10, 9.23699616795e-10, 4.63531241168e-10, 2.67708660795e-10, 3.29557041379e-11, 1.99444783605e-11, 5.43892535176e-12, 5.39348784818e-13],
        "var": [0.000178016271093, 0.0649001449347, 2.51872158051, 88.3899688721, 139.328323364, 238.854492188, 2148.94946289, 6837.89355469, 5263.19335938, 5823.01220703, 2339.0703125, 3420.54345703, 7322.99462891, 12480.3173828, 1458.58178711, 3506.90307617, 1914.82043457, 932.981689453, 483.328582764, 134.224945068, 137.674819946, 65.1626586914, 1.76548981667, 0.553297400475, 0.658418953419, 0.123056299984, 0.061448097229, 0.00248418981209, 0.000657044060063, 0.000141926808283, 0.000260441243881, 2.90356492769e-05, 6.76842432767e-07, 1.17396766086e-07, 8.13754308382e-09, 2.25803198362e-09, 4.61763488557e-10, 2.16762163774e-11, 9.25041640509e-11, 5.05252784055e-10]
    },
    "gfcc": {
        "mean": [-150.070144653, 238.324691772, -145.087097168, -26.1993484497, -31.32787323, -29.5135879517, -22.3992500305, -24.3528194427, -14.4730157852, -11.4687957764, -0.532619714737, -17.3176631927, -3.7328979969],
        "cov": [[5554.37841797, 94.4634857178, -803.664123535, 412.472290039, 0.407492220402, -416.97454834, 251.78817749, -223.975570679, -10.1487903595, -116.027427673, -102.469139099, 57.5596618652, -96.7995758057], [94.4634857178, 339.299102783, 141.728149414, -79.8939666748, 130.919204712, -78.5473327637, 23.5089950562, -6.42404270172, -38.5159301758, 1.0625180006, -12.2876758575, -33.4061317444, -19.9802284241], [-803.664123535, 141.728149414, 348.060546875, -46.3014678955, 60.0136833191, 52.2472648621, -36.3888893127, 28.989522934, -26.1605968475, 26.7485561371, 15.204788208, -29.3654956818, -11.0904273987], [412.472290039, -79.8939666748, -46.3014678955, 282.84576416, 57.3223342896, 74.8488845825, 61.1154251099, -17.4948043823, 16.8290882111, -13.0382547379, -3.40967345238, 5.11150503159, -13.1499214172], [0.407492220402, 130.919204712, 60.0136833191, 57.3223342896, 169.003189087, 37.2299003601, 25.145406723, -3.28746342659, -31.4127159119, -8.3505153656, -13.1978149414, -8.33142852783, -8.52887439728], [-416.97454834, -78.5473327637, 52.2472648621, 74.8488845825, 37.2299003601, 213.840179443, 23.0396118164, 13.9615182877, 1.70060157776, -18.3368835449, 5.04318571091, -6.0040063858, 12.3332777023], [251.78817749, 23.5089950562, -36.3888893127, 61.1154251099, 25.145406723, 23.0396118164, 107.256278992, 14.7650547028, -6.40431499481, -8.04883384705, -6.01653337479, 1.41303098202, -13.9473848343], [-223.975570679, -6.42404270172, 28.989522934, -17.4948043823, -3.28746342659, 13.9615182877, 14.7650547028, 77.2159118652, 32.3167457581, 7.88827466965, 11.1001377106, -0.411331057549, -2.5339474678], [-10.1487903595, -38.5159301758, -26.1605968475, 16.8290882111, -31.4127159119, 1.70060157776, -6.40431499481, 32.3167457581, 88.1717681885, 30.434928894, 1.88072109222, 2.85196495056, -5.766726017], [-116.027427673, 1.0625180006, 26.7485561371, -13.0382547379, -8.3505153656, -18.3368835449, -8.04883384705, 7.88827466965, 30.434928894, 63.139831543, 17.7680091858, -4.64747858047, -7.62084436417], [-102.469139099, -12.2876758575, 15.204788208, -3.40967345238, -13.1978149414, 5.04318571091, -6.01653337479, 11.1001377106, 1.88072109222, 17.7680091858, 62.9247741699, 23.813495636, -9.57172966003], [57.5596618652, -33.4061317444, -29.3654956818, 5.11150503159, -8.33142852783, -6.0040063858, 1.41303098202, -0.411331057549, 2.85196495056, -4.64747858047, 23.813495636, 57.5883789062, 16.4149188995], [-96.7995758057, -19.9802284241, -11.0904273987, -13.1499214172, -8.52887439728, 12.3332777023, -13.9473848343, -2.5339474678, -5.766726017, -7.62084436417, -9.57172966003, 16.4149188995, 58.9735221863]],
        "icov": [[0.000598412880208, -0.00100487971213, 0.00123075989541, -0.0010724455351, 0.00072056800127, 0.000672505586408, -0.000377518241294, 0.000786188349593, 8.32156219985e-05, 0.000337191973813, 0.000689514272381, -0.000795322179329, 0.000927165790927], [-0.00100487971213, 0.0159147884697, -0.0081783356145, 0.00826634652913, -0.0141015267, 0.00758690899238, -0.00922812335193, 0.00722238514572, -0.00903819222003, 0.00825985986739, -0.00882032420486, 0.0107442997396, -0.00568908127025], [0.00123075989541, -0.0081783356145, 0.00956060551107, -0.0046073012054, 0.00575600052252, -0.00372672011144, 0.00578756537288, -0.00480146100745, 0.00703716790304, -0.00606376258656, 0.00469648605213, -0.00454971008003, 0.00472744787112], [-0.0010724455351, 0.00826634652913, -0.0046073012054, 0.0102872187272, -0.00896290782839, 0.00133515521884, -0.00658354396001, 0.00573826720938, -0.00763510353863, 0.00501265749335, -0.00592678273097, 0.0057618371211, -0.00308276014403], [0.00072056800127, -0.0141015267, 0.00575600052252, -0.00896290782839, 0.0206560790539, -0.00782056245953, 0.00806819368154, -0.00810978841037, 0.0121486810967, -0.00923987850547, 0.011138709262, -0.0110745355487, 0.00655594840646], [0.000672505586408, 0.00758690899238, -0.00372672011144, 0.00133515521884, -0.00782056245953, 0.0125215649605, -0.00783725082874, 0.00623478693888, -0.0074679586105, 0.00929830409586, -0.0068964897655, 0.00745768845081, -0.00478797592223], [-0.000377518241294, -0.00922812335193, 0.00578756537288, -0.00658354396001, 0.00806819368154, -0.00783725082874, 0.0210846289992, -0.0130058526993, 0.012028764002, -0.00943248998374, 0.00918145477772, -0.0088548604399, 0.0070200660266], [0.000786188349593, 0.00722238514572, -0.00480146100745, 0.00573826720938, -0.00810978841037, 0.00623478693888, -0.0130058526993, 0.0275803562254, -0.0177067555487, 0.0117429215461, -0.0105870394036, 0.00789053551853, -0.00438223592937], [8.32156219985e-05, -0.00903819222003, 0.00703716790304, -0.00763510353863, 0.0121486810967, -0.0074679586105, 0.012028764002, -0.0177067555487, 0.0300591215491, -0.0193335134536, 0.013823886402, -0.01154729072, 0.00799691863358], [0.000337191973813, 0.00825985986739, -0.00606376258656, 0.00501265749335, -0.00923987850547, 0.00929830409586, -0.00943248998374, 0.0117429215461, -0.0193335134536, 0.0328517891467, -0.0160876940936, 0.0126841990277, -0.00546476664022], [0.000689514272381, -0.00882032420486, 0.00469648605213, -0.00592678273097, 0.011138709262, -0.0068964897655, 0.00918145477772, -0.0105870394036, 0.013823886402, -0.0160876940936, 0.0340423621237, -0.0221864134073, 0.0134483799338], [-0.000795322179329, 0.0107442997396, -0.00454971008003, 0.0057618371211, -0.0110745355487, 0.00745768845081, -0.0088548604399, 0.00789053551853, -0.01154729072, 0.0126841990277, -0.0221864134073, 0.0361416004598, -0.0153033481911], [0.000927165790927, -0.00568908127025, 0.00472744787112, -0.00308276014403, 0.00655594840646, -0.00478797592223, 0.0070200660266, -0.00438223592937, 0.00799691863358, -0.00546476664022, 0.0134483799338, -0.0153033481911, 0.0266923587769]]
    },
    "melbands": {
        "dmean": [5.84344197705e-05, 0.000251776335062, 0.000570674543269, 0.000318233651342, 0.00051730114501, 0.000458504044218, 0.000410358101362, 0.000230795267271, 0.000108449690742, 7.37765658414e-05, 5.35669278179e-05, 9.1347596026e-05, 4.99492780364e-05, 3.44237923855e-05, 2.33947321249e-05, 2.28311928367e-05, 1.43785337059e-05, 9.72318048298e-06, 5.94528410147e-06, 2.77700723927e-06, 3.41175041285e-06, 1.99741634788e-06, 5.55959161375e-07, 2.87564489554e-07, 1.78130932227e-07, 1.82932978987e-07, 1.34283837383e-07, 5.94209303983e-08, 4.63205829249e-08, 2.22633147473e-08, 4.80162531957e-09, 4.5251322689e-09, 2.68269784165e-09, 1.03556330178e-09, 1.80950165962e-09, 1.91024995821e-09, 4.27716612128e-10, 1.63764404815e-10, 8.16588879848e-11, 5.50483165995e-11],
        "dmean2": [9.57032098086e-05, 0.000434003712144, 0.000933239294682, 0.000505849951878, 0.000864477828145, 0.000797945773229, 0.000714454858098, 0.000375823263312, 0.000156799025717, 9.73095666268e-05, 6.96801216691e-05, 0.000131194057758, 7.17384828022e-05, 5.11602556799e-05, 3.35738441208e-05, 3.23247477354e-05, 2.23320585064e-05, 1.45099193105e-05, 9.22006711335e-06, 4.33331160821e-06, 5.33628281119e-06, 3.17739386446e-06, 9.07076469048e-07, 4.55140110489e-07, 2.58432862665e-07, 2.59717808149e-07, 1.95451519858e-07, 8.64380211851e-08, 7.0584377454e-08, 3.52627580469e-08, 7.16032477754e-09, 6.66086785728e-09, 3.9785024164e-09, 1.62791524705e-09, 3.01042102357e-09, 3.25973781301e-09, 6.87405243838e-10, 2.63467997419e-10, 1.2804936278e-10, 8.66119953535e-11],
        "dvar": [2.38458479629e-08, 2.53030066233e-07, 1.12463555979e-06, 2.3845845476e-07, 9.56108578976e-07, 7.71785266807e-07, 5.15457657002e-07, 2.4375347607e-07, 4.29097006815e-08, 2.81336856034e-08, 4.62097595744e-08, 9.75048592977e-08, 2.22475282641e-08, 8.11238276555e-09, 2.94984148219e-09, 9.01300367673e-09, 2.14784345864e-09, 5.09013553529e-10, 1.86918383549e-10, 6.92614993136e-11, 4.11139733369e-10, 2.220711115e-10, 1.68791901029e-12, 4.49921702542e-13, 1.2598642019e-13, 2.08345846001e-13, 1.57361713178e-13, 2.47550173042e-14, 2.59001736616e-14, 8.41358334727e-15, 3.09373781196e-16, 2.52889733216e-16, 1.61408494081e-16, 1.13703155123e-17, 8.97684392534e-17, 1.29445824931e-16, 4.2771127195e-18, 4.44160471873e-19, 1.4326893579e-19, 7.92966354466e-20],
        "dvar2": [6.68953816785e-08, 7.92754519807e-07, 2.99442172036e-06, 6.16614272531e-07, 2.68859002972e-06, 2.36647747442e-06, 1.63902723216e-06, 6.58103203932e-07, 8.19670660235e-08, 5.24230721055e-08, 7.83022073847e-08, 2.09336221246e-07, 4.50297044097e-08, 2.03640926344e-08, 5.73625502653e-09, 1.58456003874e-08, 5.28745847106e-09, 1.0847995835e-09, 4.41706948795e-10, 1.61097829521e-10, 1.02944486269e-09, 5.76997893909e-10, 4.58063318179e-12, 1.14950291039e-12, 2.41175867255e-13, 4.32172933508e-13, 3.5749739757e-13, 5.61311251385e-14, 6.36928118754e-14, 2.10652706351e-14, 6.73381663947e-16, 5.81457783923e-16, 4.38012913124e-16, 2.63167478797e-17, 2.33214666628e-16, 3.34812668762e-16, 1.0536119581e-17, 1.18645575827e-18, 3.59273362106e-19, 1.89557781923e-19],
        "max": [0.00367998378351, 0.0109072439373, 0.0154533293098, 0.00625009974465, 0.014702539891, 0.0178823247552, 0.0078086592257, 0.00846367422491, 0.0046972236596, 0.00329629192129, 0.00779684213921, 0.00572070619091, 0.00243426207453, 0.00186675530858, 0.00121333706193, 0.0025400633458, 0.00122771691531, 0.000661434372887, 0.000240328445216, 0.000213423190871, 0.00048199360026, 0.000374939787434, 2.3689788577e-05, 1.10317050712e-05, 8.49795833346e-06, 1.25938468045e-05, 9.76388218987e-06, 2.73240766546e-06, 2.98906570606e-06, 1.71851854702e-06, 5.13052384576e-07, 3.54580635076e-07, 3.20682460142e-07, 5.80625396651e-08, 1.65821063547e-07, 1.99979325544e-07, 4.50673383057e-08, 1.38000650907e-08, 9.71687086349e-09, 5.94830007472e-09],
        "mean": [0.000105621824332, 0.000463510747068, 0.00111998477951, 0.000696889765095, 0.00100182916503, 0.00106282939669, 0.000899216684047, 0.000484405463794, 0.000249930948485, 0.000204976095119, 0.000134929985506, 0.000170831626747, 8.98547659745e-05, 7.78115354478e-05, 5.81318054174e-05, 4.12587651226e-05, 2.44283128268e-05, 1.99230107683e-05, 1.04548653326e-05, 4.69180531582e-06, 4.49375147582e-06, 2.4534494969e-06, 9.03594752799e-07, 5.48415300727e-07, 4.13106278074e-07, 3.75812732045e-07, 2.2815788725e-07, 1.0224235325e-07, 6.92477044595e-08, 3.09207415228e-08, 7.60473284345e-09, 6.96988067261e-09, 3.98548216651e-09, 1.61739022175e-09, 1.8717194461e-09, 1.71014069572e-09, 4.77351047579e-10, 2.02519209735e-10, 1.07579452291e-10, 6.79479250643e-11],
        "median": [3.61206730304e-05, 0.000223565861234, 0.000549317803234, 0.000403239682782, 0.000473362306366, 0.000469893158879, 0.0004704532912, 0.000216132029891, 0.000117370989756, 7.45049037505e-05, 3.63904764527e-05, 4.07412444474e-05, 3.30285110977e-05, 3.4810804209e-05, 2.75172296824e-05, 1.54254285007e-05, 1.17124272947e-05, 9.02930514712e-06, 4.28201155955e-06, 1.76094022208e-06, 1.42676390169e-06, 6.95825065122e-07, 4.05324698249e-07, 2.55192901477e-07, 1.94581701862e-07, 1.46636750742e-07, 6.57384262581e-08, 3.80152975765e-08, 1.7632103777e-08, 8.60858762053e-09, 2.09325934364e-09, 1.73210412679e-09, 9.88216175557e-10, 4.25270541005e-10, 2.49193443658e-10, 1.6045237361e-10, 9.47028705456e-11, 5.87394438645e-11, 3.44176943889e-11, 2.32058539051e-11],
        "min": [3.42640444334e-16, 3.53717676521e-16, 2.91166040371e-16, 2.03140086857e-16, 3.37241932785e-16, 6.21913083335e-16, 5.14632548917e-16, 1.45650597533e-16, 7.76335276137e-17, 6.31617910389e-17, 8.19206988495e-17, 1.87563693587e-16, 1.17087839223e-16, 4.29305335017e-16, 1.81788027383e-16, 3.8960355082e-16, 5.44277008005e-16, 5.02225263245e-16, 5.59610633691e-16, 2.53214226244e-16, 3.75454183074e-16, 3.37818259296e-16, 1.01249322344e-16, 1.8066668811e-16, 3.3592016434e-16, 3.56416005853e-16, 2.07397539148e-16, 2.85593040035e-16, 3.28410899625e-16, 8.42858729186e-17, 7.28611785528e-17, 1.46485480851e-16, 1.88616198199e-16, 1.78940659956e-16, 1.89314695978e-16, 1.96072298361e-16, 6.11955694879e-17, 1.70233650949e-16, 3.13537265769e-16, 1.09799282178e-15],
        "var": [3.76962070447e-08, 4.25112460789e-07, 2.43328804572e-06, 6.7781894586e-07, 2.06799609259e-06, 2.78445713775e-06, 1.31542833515e-06, 5.65361688132e-07, 1.33009905312e-07, 1.234872542e-07, 1.81878974104e-07, 1.81267381549e-07, 4.1968910125e-08, 1.84740791553e-08, 8.0054300966e-09, 1.62749689281e-08, 2.84172152476e-09, 1.35686972769e-09, 3.42342321158e-10, 1.13715314942e-10, 3.6379599333e-10, 1.77919706745e-10, 2.22117333207e-12, 7.55365767765e-13, 4.01572194551e-13, 4.59204614438e-13, 2.82199475376e-13, 4.06936752362e-14, 3.31595882209e-14, 8.5980290067e-15, 4.35465752703e-16, 3.54526910623e-16, 1.62526921679e-16, 1.73884068476e-17, 7.35183437709e-17, 1.00441246295e-16, 4.00605225021e-18, 3.80771088293e-19, 1.36346455114e-19, 7.23039542785e-20]
    },
    "mfcc": {
        "mean": [-772.841125488, 251.628448486, -24.1071567535, -4.8578877449, 2.44067335129, -8.9831161499, -2.26065897942, -14.8857879639, -12.8954753876, -2.84837555885, -5.39440155029, -3.01970529556, -0.534615695477],
        "cov": [[3626.18383789, 892.610717773, -1210.12536621, 583.42175293, -149.324432373, -171.930419922, 74.3109893799, -74.1100921631, -28.0515823364, -29.1477909088, -111.606910706, -49.9711952209, -5.05961275101], [892.610717773, 546.926574707, -200.740097046, 73.6883544922, 42.3872947693, -109.768768311, 26.1957187653, -39.0071487427, -34.6447715759, -18.8446235657, -24.3391094208, -25.6226234436, -24.0010242462], [-1210.12536621, -200.740097046, 547.078430176, -165.481277466, 55.0201950073, 79.4302825928, -17.8052139282, 22.5094547272, -0.933640956879, 12.9799337387, 50.4495582581, 17.7931156158, -15.470246315], [583.42175293, 73.6883544922, -165.481277466, 239.591308594, 8.94914150238, 0.795373976231, 48.2637138367, -9.72857570648, 5.60185337067, 10.7481822968, -0.449179142714, 3.40058040619, 15.4001808167], [-149.324432373, 42.3872947693, 55.0201950073, 8.94914150238, 155.366287231, 50.0609550476, 30.2314491272, 26.7740192413, 1.732619524, 7.23532152176, -9.66282081604, 0.909476578236, 18.9296150208], [-171.930419922, -109.768768311, 79.4302825928, 0.795373976231, 50.0609550476, 159.376098633, 57.26978302, 31.8640594482, 26.2135257721, -0.940203368664, -11.0803337097, 12.9628000259, 5.41823291779], [74.3109893799, 26.1957187653, -17.8052139282, 48.2637138367, 30.2314491272, 57.26978302, 116.939552307, 44.3366699219, 0.0822827965021, -3.36971139908, -12.0676355362, 7.97887039185, 9.15583705902], [-74.1100921631, -39.0071487427, 22.5094547272, -9.72857570648, 26.7740192413, 31.8640594482, 44.3366699219, 90.80859375, 19.8511962891, -0.746931731701, 4.82848501205, -8.55619812012, 12.3666658401], [-28.0515823364, -34.6447715759, -0.933640956879, 5.60185337067, 1.732619524, 26.2135257721, 0.0822827965021, 19.8511962891, 73.1622924805, 28.2850189209, -4.76023006439, 2.29371500015, -10.0392274857], [-29.1477909088, -18.8446235657, 12.9799337387, 10.7481822968, 7.23532152176, -0.940203368664, -3.36971139908, -0.746931731701, 28.2850189209, 71.5569458008, 28.6538619995, -17.282705307, -0.466181367636], [-111.606910706, -24.3391094208, 50.4495582581, -0.449179142714, -9.66282081604, -11.0803337097, -12.0676355362, 4.82848501205, -4.76023006439, 28.6538619995, 90.0404815674, 14.4636716843, -2.33121919632], [-49.9711952209, -25.6226234436, 17.7931156158, 3.40058040619, 0.909476578236, 12.9628000259, 7.97887039185, -8.55619812012, 2.29371500015, -17.282705307, 14.4636716843, 97.1734924316, 23.9025726318], [-5.05961275101, -24.0010242462, -15.470246315, 15.4001808167, 18.9296150208, 5.41823291779, 9.15583705902, 12.3666658401, -10.0392274857, -0.466181367636, -2.33121919632, 23.9025726318, 81.2710189819]],
