{
"lowlevel": {
    "average_loudness": 0.434775769711,
    "barkbands_crest": {
        "dmean": 3.11597847939,
        "dmean2": 5.08631801605,
        "dvar": 7.47773790359,
        "dvar2": 19.7528209686,
        "max": 26.6147422791,
        "mean": 16.1347885132,
        "median": 15.7153081894,
        "min": 3.85104846954,
        "var": 25.1926956177
    },
    "barkbands_flatness_db": {
        "dmean": 0.0333854518831,
        "dmean2": 0.0521972328424,
        "dvar": 0.00103627087083,
        "dvar2": 0.00260384217836,
        "max": 0.500513195992,
        "mean": 0.295530825853,
        "median": 0.299121916294,
        "min": 0.070102699101,
        "var": 0.00469665089622
    },
    "barkbands_kurtosis": {
        "dmean": 24.2516269684,
        "dmean2": 40.5318717957,
        "dvar": 3830.54003906,
        "dvar2": 10508.4042969,
        "max": 1442.33117676,
        "mean": 35.8606452942,
        "median": 13.0950212479,
        "min": -1.83646321297,
        "var": 5077.46728516
    },
    "barkbands_skewness": {
        "dmean": 1.35926830769,
        "dmean2": 2.16624689102,
        "dvar": 3.66363811493,
        "dvar2": 9.86583328247,
        "max": 32.1570129395,
        "mean": 3.89456295967,
        "median": 3.00516748428,
        "min": -2.07676339149,
        "var": 12.1178741455
    },
    "barkbands_spread": {
        "dmean": 2.50144910812,
        "dmean2": 3.8796274662,
        "dvar": 15.001914978,
        "dvar2": 35.1000022888,
        "max": 71.0888214111,
        "mean": 5.99928474426,
        "median": 4.07209682465,
        "min": 0.224396169186,
        "var": 40.8505134583
    },
    "dissonance": {
        "dmean": 0.0365669392049,
        "dmean2": 0.0613644570112,
        "dvar": 0.00128839700483,
        "dvar2": 0.00361681450158,
        "max": 0.500000059605,
        "mean": 0.397702664137,
        "median": 0.406591922045,
        "min": 0.129454493523,
        "var": 0.00508348550647
    },
    "dynamic_complexity": 11.4691381454,
    "erbbands_crest": {
        "dmean": 3.17762875557,
        "dmean2": 5.11507415771,
        "dvar": 8.96506118774,
        "dvar2": 23.4126472473,
        "max": 31.6000061035,
        "mean": 14.2686443329,
        "median": 13.900226593,
        "min": 1.98603975773,
        "var": 42.6437835693
    },
    "erbbands_flatness_db": {
        "dmean": 0.0202430542558,
        "dmean2": 0.0302293132991,
        "dvar": 0.000458186375909,
        "dvar2": 0.000971001922153,
        "max": 0.460413873196,
        "mean": 0.274352490902,
        "median": 0.300654023886,
        "min": 0.0480951890349,
        "var": 0.00968335755169
    },
    "erbbands_kurtosis": {
        "dmean": 3.41334867477,
        "dmean2": 5.37837123871,
        "dvar": 38.5127220154,
        "dvar2": 91.0107727051,
        "max": 95.3824081421,
        "mean": 5.03295373917,
        "median": 1.6630616188,
        "min": -1.88284003735,
        "var": 90.4022598267
    },
    "erbbands_skewness": {
        "dmean": 0.575722098351,
        "dmean2": 0.878149688244,
        "dvar": 0.366587787867,
        "dvar2": 0.856010913849,
        "max": 7.3956618309,
        "mean": 1.41933953762,
        "median": 1.18202447891,
        "min": -1.96715521812,
        "var": 2.20088076591
    },
    "erbbands_spread": {
        "dmean": 6.59742307663,
        "dmean2": 10.3073663712,
        "dvar": 74.7650909424,
        "dvar2": 184.283187866,
        "max": 149.810546875,
        "mean": 28.4022274017,
        "median": 16.7619514465,
        "min": 1.10214972496,
        "var": 848.309692383
    },
    "hfc": {
        "dmean": 2.18499803543,
        "dmean2": 3.17525696754,
        "dvar": 16.9615764618,
        "dvar2": 38.2694625854,
        "max": 92.2609863281,
        "mean": 7.17089319229,
        "median": 3.1009516716,
        "min": 1.18639855046e-16,
        "var": 118.544418335
    },
    "melbands_crest": {
        "dmean": 3.71990847588,
        "dmean2": 6.0814166069,
        "dvar": 11.1241149902,
        "dvar2": 28.9089241028,
        "max": 39.5910453796,
        "mean": 20.2763175964,
        "median": 19.0630989075,
        "min": 2.41561841965,
        "var": 52.4096107483
    },
    "melbands_flatness_db": {
        "dmean": 0.0320256128907,
        "dmean2": 0.0483867637813,
        "dvar": 0.000923892832361,
        "dvar2": 0.00209809537046,
        "max": 0.569332003593,
        "mean": 0.363029003143,
        "median": 0.364171087742,
        "min": 0.00725907972082,
        "var": 0.00572995422408
    },
    "melbands_kurtosis": {
        "dmean": 37.1748809814,
        "dmean2": 60.0739746094,
        "dvar": 14823.6601562,
        "dvar2": 39159.2070312,
        "max": 4107.48193359,
        "mean": 65.5017700195,
        "median": 20.9609527588,
        "min": -1.68540024757,
        "var": 23198.4824219
    },
    "melbands_skewness": {
        "dmean": 1.41121339798,
        "dmean2": 2.22058486938,
        "dvar": 4.68445539474,
        "dvar2": 11.7695522308,
        "max": 58.4357528687,
        "mean": 4.77794456482,
        "median": 3.3564863205,
        "min": -0.784804344177,
        "var": 23.8928337097
    },
    "melbands_spread": {
        "dmean": 2.58877110481,
        "dmean2": 3.93456959724,
        "dvar": 26.1593379974,
        "dvar2": 50.712146759,
        "max": 167.371246338,
        "mean": 6.62352800369,
        "median": 4.39663267136,
        "min": 0.177129879594,
        "var": 63.5707435608
    },
    "pitch_salience": {
        "dmean": 0.0842979624867,
        "dmean2": 0.137975901365,
        "dvar": 0.00579748302698,
        "dvar2": 0.0143833905458,
        "max": 0.912055432796,
        "mean": 0.434817016125,
        "median": 0.457330495119,
        "min": 0.0246025417,
        "var": 0.0260456446558
    },
    "silence_rate_20dB": {
        "dmean": 0,
        "dmean2": 0,
        "dvar": 0,
        "dvar2": 0,
        "max": 1,
        "mean": 1,
        "median": 1,
        "min": 1,
        "var": 0
    },
    "silence_rate_30dB": {
        "dmean": 0.0037094282452,
        "dmean2": 0.0074211503379,
        "dvar": 0.00369546888396,
        "dvar2": 0.00736624607816,
        "max": 1,
        "mean": 0.994746625423,
        "median": 1,
        "min": 0,
        "var": 0.00522533757612
    },
    "silence_rate_60dB": {
        "dmean": 0.0457496121526,
        "dmean2": 0.0915275216103,
        "dvar": 0.0436555892229,
        "dvar2": 0.0967587307096,
        "max": 1,
        "mean": 0.307478368282,
        "median": 0,
        "min": 0,
        "var": 0.212938576937
    },
    "spectral_centroid": {
        "dmean": 145.420181274,
        "dmean2": 225.385665894,
        "dvar": 96266.703125,
        "dvar2": 164989.578125,
        "max": 11245.4970703,
        "mean": 742.074401855,
        "median": 510.346252441,
        "min": 252.267822266,
        "var": 360158.40625
    },
    "spectral_complexity": {
        "dmean": 1.02132916451,
        "dmean2": 1.68831169605,
        "dvar": 1.33711385727,
        "dvar2": 3.28876781464,
        "max": 19,
        "mean": 5.7617430687,
        "median": 6,
        "min": 0,
        "var": 15.1014003754
    },
    "spectral_decrease": {
        "dmean": 1.34828326281e-09,
        "dmean2": 2.01827554669e-09,
        "dvar": 5.57468447663e-18,
        "dvar2": 1.29797277429e-17,
        "max": 1.11725386819e-28,
        "mean": -3.70601838107e-09,
        "median": -1.79505366127e-09,
        "min": -4.90520086771e-08,
        "var": 2.43467990529e-17
    },
    "spectral_energy": {
        "dmean": 0.00527601502836,
        "dmean2": 0.00788912829012,
        "dvar": 8.5249535914e-05,
        "dvar2": 0.000198424619157,
        "max": 0.193313524127,
        "mean": 0.0146377691999,
        "median": 0.0070433546789,
        "min": 1.0339541976e-20,
        "var": 0.000380209618015
    },
    "spectral_energyband_high": {
        "dmean": 1.22469127746e-05,
        "dmean2": 1.6443675122e-05,
        "dvar": 3.24528737217e-09,
        "dvar2": 5.05525399319e-09,
        "max": 0.00218693655916,
        "mean": 2.10463767871e-05,
        "median": 2.1385681066e-06,
        "min": 7.13960023872e-21,
        "var": 7.91230903019e-09
    },
    "spectral_energyband_low": {
        "dmean": 6.00962812314e-05,
        "dmean2": 9.48662418523e-05,
        "dvar": 2.2611994055e-08,
        "dvar2": 5.91333737532e-08,
        "max": 0.00300893746316,
        "mean": 0.000119427670143,
        "median": 3.92116417061e-05,
        "min": 9.73115273071e-23,
        "var": 5.87062807256e-08
    },
    "spectral_energyband_middle_high": {
        "dmean": 0.000643024104647,
        "dmean2": 0.000922383391298,
        "dvar": 6.7820710683e-06,
        "dvar2": 1.5302473912e-05,
        "max": 0.0835080444813,
        "mean": 0.00170848926064,
        "median": 0.000285622896627,
        "min": 1.58775571726e-21,
        "var": 3.34298529197e-05
    },
    "spectral_energyband_middle_low": {
        "dmean": 0.00501252571121,
        "dmean2": 0.00754479551688,
        "dvar": 7.99711997388e-05,
        "dvar2": 0.000187989120604,
        "max": 0.188278317451,
        "mean": 0.0128729268909,
        "median": 0.00607691099867,
        "min": 2.03974451598e-22,
        "var": 0.000318168255035
    },
    "spectral_entropy": {
        "dmean": 0.217577576637,
        "dmean2": 0.328216522932,
        "dvar": 0.0539418570697,
        "dvar2": 0.114402502775,
        "max": 9.79839038849,
        "mean": 6.29748058319,
        "median": 6.08715629578,
        "min": 4.37464475632,
        "var": 0.957332074642
    },
    "spectral_flux": {
        "dmean": 0.0170280635357,
        "dmean2": 0.0282928217202,
        "dvar": 0.000541635556147,
        "dvar2": 0.00143572606612,
        "max": 0.249967992306,
        "mean": 0.042045224458,
        "median": 0.0346614420414,
        "min": 1.01683536591e-10,
        "var": 0.00132100749761
    },
    "spectral_kurtosis": {
        "dmean": 7.80952167511,
        "dmean2": 13.216501236,
        "dvar": 81.3352508545,
        "dvar2": 226.643188477,
        "max": 107.390266418,
        "mean": 18.912021637,
        "median": 14.1420507431,
        "min": -1.19402110577,
        "var": 310.349243164
    },
    "spectral_rms": {
        "dmean": 0.000596518395469,
        "dmean2": 0.000888223235961,
        "dvar": 6.39674794911e-07,
        "dvar2": 1.41580380841e-06,
        "max": 0.0137331187725,
        "mean": 0.00298603554256,
        "median": 0.00262136710808,
        "min": 3.17606010936e-12,
        "var": 5.36438756171e-06
    },
    "spectral_rolloff": {
        "dmean": 156.768920898,
        "dmean2": 273.648193359,
        "dvar": 369553.40625,
        "dvar2": 666074.6875,
        "max": 19143.0175781,
        "mean": 579.304260254,
        "median": 409.130859375,
        "min": 21.533203125,
        "var": 665816.8125
    },
    "spectral_skewness": {
        "dmean": 0.591084837914,
        "dmean2": 0.982372879982,
        "dvar": 0.351666837931,
        "dvar2": 0.965320765972,
        "max": 8.42763137817,
        "mean": 2.82150411606,
        "median": 2.54719853401,
        "min": -0.0102459322661,
        "var": 2.24606180191
    },
    "spectral_spread": {
        "dmean": 389615.375,
        "dmean2": 605678.6875,
        "dvar": 743524532224,
        "dvar2": 882332336128,
        "max": 40505548,
        "mean": 3205769.75,
        "median": 2280383.25,
        "min": 857565.5,
        "var": 5.81156470784e+12
    },
    "spectral_strongpeak": {
        "dmean": 0.343779325485,
        "dmean2": 0.540880322456,
        "dvar": 0.266119599342,
        "dvar2": 0.600777745247,
        "max": 9.68063354492,
        "mean": 1.01716554165,
        "median": 0.602327108383,
        "min": 0,
        "var": 1.433588624
    },
    "zerocrossingrate": {
        "dmean": 0.00532656721771,
        "dmean2": 0.00657564168796,
        "dvar": 0.000178938484169,
        "dvar2": 0.000258596090134,
        "max": 0.51318359375,
        "mean": 0.0271142460406,
        "median": 0.0224609375,
        "min": 0,
        "var": 0.000496222055517
    },
    "barkbands": {
        "dmean": [6.30212252872e-06, 3.32516674462e-06, 3.53046270902e-05, 6.34389871266e-05, 0.00238437950611, 0.00235939328559, 0.0009550836985, 0.000199948248337, 0.000298697617836, 0.000291041651508, 0.000256031431491, 9.66511361185e-05, 0.000109349217382, 6.33055460639e-05, 8.06287789601e-05, 1.37608685691e-05, 1.15684879347e-05, 3.67072461813e-05, 3.12132979161e-05, 2.65573326033e-05, 1.21040068279e-06, 1.62827029726e-06, 1.30874764181e-06, 7.85408360571e-07, 1.27456291921e-06, 2.10540406442e-07, 5.88060544704e-10],
        "dmean2": [1.10397086246e-05, 5.57421799385e-06, 5.37391169928e-05, 0.000106503757706, 0.00382516905665, 0.0033756212797, 0.00137840339448, 0.000308953167405, 0.000437824055552, 0.000407847575843, 0.000405326223699, 0.000129947744426, 0.000170335086295, 9.51028996496e-05, 0.000130237851408, 2.20156525756e-05, 1.85380085895e-05, 5.81540443818e-05, 4.83775838802e-05, 3.84946397389e-05, 1.82680935268e-06, 2.30460113926e-06, 1.70475993855e-06, 1.00447982732e-06, 1.60781189606e-06, 2.92775325761e-07, 1.07917708103e-09],
        "dvar": [6.26338772514e-11, 1.61676661642e-11, 7.10407821458e-09, 1.91146138917e-08, 3.31907285727e-05, 2.46808067459e-05, 1.83656338777e-05, 2.11071949252e-07, 1.80449706022e-06, 2.4530590963e-06, 2.2626320515e-06, 3.2955745155e-07, 5.25736936652e-07, 9.86122685731e-08, 1.62085541433e-07, 2.59371524258e-09, 1.26513977072e-09, 1.6116970869e-08, 1.42419986915e-08, 8.50179748824e-09, 8.77160913348e-11, 1.97104166322e-10, 1.31304564444e-10, 2.36960225747e-11, 1.20785381696e-10, 2.57796757032e-12, 1.72569097388e-18],
        "dvar2": [1.76225325998e-10, 4.38865957464e-11, 1.82683628225e-08, 4.65523690707e-08, 7.55333749112e-05, 4.9363799917e-05, 5.11695470777e-05, 4.88476871396e-07, 3.94540802517e-06, 4.10270013163e-06, 5.47034460396e-06, 5.36883476343e-07, 1.23346740111e-06, 1.99228011866e-07, 4.47414748805e-07, 5.91524029758e-09, 3.13279557851e-09, 3.64717713808e-08, 3.20067314874e-08, 1.58664867911e-08, 1.68105057652e-10, 3.61502994206e-10, 1.78613207558e-10, 3.65532569491e-11, 1.59514040865e-10, 4.93187522072e-12, 5.62734651674e-18],
        "max": [0.00010712358926, 5.56771083211e-05, 0.00212571630254, 0.00255841389298, 0.0914855003357, 0.118907675147, 0.167679235339, 0.00791089050472, 0.0378452427685, 0.0555202402174, 0.0533772185445, 0.022180756554, 0.0307538546622, 0.012647042051, 0.0124142309651, 0.00171105377376, 0.000883613131009, 0.00453387247398, 0.00476069329306, 0.00242796330713, 0.000608473608736, 0.000492305553053, 0.000630273600109, 0.000176193847437, 0.000395337701775, 8.4971805336e-05, 2.67609614468e-08],
        "mean": [6.49782850815e-06, 8.82430140337e-06, 6.37136035948e-05, 0.000119393225759, 0.00337482243776, 0.00631572538987, 0.00190843315795, 0.000379331118893, 0.000657552678604, 0.000505508563947, 0.000444024277385, 0.000189676167793, 0.000203550909646, 9.05554188648e-05, 0.000119406751764, 2.38438497036e-05, 2.03144518309e-05, 6.84061815264e-05, 7.20555908629e-05, 5.58337451366e-05, 2.17704814531e-06, 2.37182121055e-06, 1.97965891857e-06, 1.40468091558e-06, 2.0775394205e-06, 3.38583504345e-07, 4.92293816823e-10],
        "median": [3.57151475328e-06, 5.10745621796e-06, 1.42379321915e-05, 4.8073445214e-05, 0.00112631509546, 0.00108007458039, 8.07330216048e-05, 5.35443759873e-05, 1.69513750734e-05, 2.83397639578e-05, 7.5698026194e-06, 9.24989399209e-06, 3.97591793444e-06, 4.87303532282e-06, 8.2715496319e-06, 2.33033551922e-06, 4.10499569625e-06, 7.6191381595e-06, 4.20987362304e-06, 3.76546404368e-06, 2.19977607685e-07, 7.76504265332e-08, 1.244091834e-07, 1.26763836761e-07, 5.04707244886e-08, 1.75949246284e-08, 1.02939781699e-10],
        "min": [1.15519402565e-23, 6.5847330475e-23, 1.20591509973e-23, 6.20413582306e-24, 3.04759623772e-23, 1.4737013493e-23, 1.80804126909e-23, 1.77828622461e-23, 3.32218041726e-23, 4.05491639342e-23, 6.20788472674e-23, 4.83564919142e-23, 1.16933268499e-22, 1.15253449155e-22, 9.2352463667e-23, 1.7436746684e-22, 1.72118544306e-22, 1.84511208339e-22, 2.85699848156e-22, 2.41327570819e-22, 2.72571814298e-22, 4.28844124637e-22, 5.45284184676e-22, 7.77369031989e-22, 1.13741090466e-21, 1.53964030124e-21, 2.44982139987e-21],
        "var": [7.07206793127e-11, 8.61693633114e-11, 2.03543244481e-08, 4.3919531123e-08, 5.06726282765e-05, 0.000167980018887, 4.32646775153e-05, 7.19897172985e-07, 7.17246757631e-06, 7.24974188415e-06, 5.85719317314e-06, 1.18307514185e-06, 1.79206767825e-06, 1.99982167715e-07, 2.46158037953e-07, 7.9246351703e-09, 2.7903499511e-09, 4.7222677324e-08, 8.46380956432e-08, 2.73605031964e-08, 3.54926643631e-10, 3.5621042227e-10, 2.99512997737e-10, 5.94646970553e-11, 3.25425797421e-10, 6.11270365922e-12, 1.27604489868e-18]
    },
    "erbbands": {
        "dmean": [0.000127317674924, 0.00115078897215, 0.0258485898376, 0.138944596052, 1.21604335308, 10.2884149551, 16.966468811, 21.3382778168, 16.8670406342, 7.32476234436, 4.17283344269, 7.51372623444, 6.53546714783, 14.1186676025, 6.40584611893, 3.5010933876, 5.24650812149, 3.62079429626, 4.01426792145, 2.12691783905, 0.71421444416, 0.610338151455, 2.04080653191, 1.51595890522, 1.79446554184, 1.25975191593, 0.107089616358, 0.0525360926986, 0.0615171864629, 0.0444608293474, 0.0370324142277, 0.0121281845495, 0.0184057727456, 0.0166755318642, 0.00778422271833, 0.00185702054296, 0.000187787110917, 4.42050622951e-06, 2.60778574557e-06, 5.89476621826e-06],
        "dmean2": [0.000221118549234, 0.0018296627095, 0.0394913256168, 0.226344898343, 1.99227869511, 16.1521015167, 27.6192646027, 29.1789989471, 24.1463832855, 11.0996894836, 6.41363859177, 11.5968122482, 9.10661029816, 20.5188350677, 10.2066993713, 4.45287179947, 7.99866771698, 5.40009069443, 6.47045850754, 3.36917877197, 1.10913014412, 0.965774714947, 3.27390837669, 2.38175415993, 2.68387436867, 1.8281583786, 0.155603200197, 0.0735754296184, 0.0857869535685, 0.056693021208, 0.0505800247192, 0.0164502970874, 0.0230230614543, 0.0223497748375, 0.0101763345301, 0.00237807747908, 0.000261467852397, 5.92447941017e-06, 3.83160841011e-06, 8.7973621703e-06],
        "dvar": [2.71381743744e-08, 2.86721797238e-06, 0.00318058440462, 0.102953962982, 7.36388969421, 694.59375, 1409.17871094, 3255.11425781, 3740.15185547, 815.132324219, 92.3686599731, 1408.15429688, 513.082458496, 8616.74609375, 1316.92321777, 483.034851074, 1263.18554688, 220.626373291, 557.261535645, 81.6824951172, 7.01625776291, 3.02711558342, 63.3079032898, 42.556892395, 46.1513977051, 23.3281059265, 0.149737149477, 0.205383017659, 0.308429479599, 0.135644778609, 0.0967474207282, 0.00435587856919, 0.0163336582482, 0.0247478652745, 0.00439722416922, 0.000237400323385, 1.11127599212e-06, 6.32897900754e-10, 2.06261310115e-11, 1.05741401746e-10],
        "dvar2": [7.70996351207e-08, 7.07020126356e-06, 0.00792637746781, 0.260817408562, 19.8734455109, 1496.44384766, 3613.51464844, 5923.74560547, 9685.93554688, 2291.00366211, 222.034240723, 3394.41967773, 1044.52746582, 19570.2753906, 3555.02319336, 647.0859375, 3009.56152344, 402.830078125, 1511.98828125, 183.250991821, 16.5040435791, 7.33462572098, 146.074737549, 106.536903381, 103.698165894, 42.0958938599, 0.323158383369, 0.334396928549, 0.620197832584, 0.189833655953, 0.135528802872, 0.00679917726666, 0.0243538152426, 0.0364804416895, 0.00645373901352, 0.000358329620212, 2.04819048122e-06, 1.00516184265e-09, 4.52343024149e-11, 2.45865966475e-10],
        "max": [0.00301005761139, 0.0288559701294, 1.37479007244, 6.0562376976, 46.0582313538, 393.854797363, 426.399505615, 1545.01831055, 2298.19824219, 974.282287598, 207.353210449, 1118.61645508, 737.868164062, 3049.24414062, 1090.36132812, 1046.52734375, 1573.29138184, 755.799865723, 787.259033203, 320.559234619, 115.647445679, 50.0768165588, 320.933044434, 221.945175171, 266.145721436, 156.930984497, 11.3390455246, 29.1231803894, 19.7987213135, 18.1842842102, 16.0060977936, 2.6201748848, 4.35168170929, 6.21253633499, 2.78126621246, 0.849382102489, 0.0506243370473, 0.00127527699806, 9.66780135059e-05, 0.000217486274778],
        "mean": [0.000204312615097, 0.00313466880471, 0.0509148649871, 0.284252405167, 2.22958636284, 14.6445503235, 25.415725708, 63.1544837952, 42.5922851562, 13.7853145599, 7.7910194397, 16.5167350769, 12.7856826782, 26.5016326904, 12.6850423813, 8.35624027252, 9.92027664185, 6.2009806633, 6.12696218491, 3.63887953758, 1.43461155891, 1.29774665833, 3.66439819336, 3.23686552048, 4.07787370682, 2.75723218918, 0.237192973495, 0.0987460911274, 0.0907534584403, 0.0688851028681, 0.0562315173447, 0.0235013663769, 0.029894951731, 0.0265133082867, 0.0127060823143, 0.00311777344905, 0.000323157117236, 8.69311679708e-06, 7.57803718443e-06, 1.66111331055e-05],
        "median": [0.000156095105922, 0.0016774116084, 0.0184839814901, 0.121943160892, 0.889392256737, 3.95975637436, 10.0929641724, 6.46677207947, 2.65048217773, 2.02821207047, 2.46137952805, 1.0006005764, 1.23042988777, 1.12385118008, 0.656795501709, 0.601327300072, 0.336009979248, 0.452251374722, 0.525040745735, 0.289318829775, 0.206375733018, 0.268824875355, 0.426200091839, 0.241226121783, 0.276629626751, 0.171407550573, 0.0298378318548, 0.00713292509317, 0.00284110475332, 0.00330156320706, 0.0037980650086, 0.00273306039162, 0.00189293315634, 0.000794031016994, 0.000271343858913, 0.000141136231832, 2.33372866205e-05, 1.48035144321e-06, 3.7698646338e-06, 7.99364352133e-06],
        "min": [1.00998884059e-21, 1.0115810623e-20, 1.25559013415e-20, 3.39531953618e-20, 7.94042593991e-20, 7.20562718462e-20, 1.87115388992e-19, 9.51934958563e-20, 1.57609274931e-19, 5.00463088954e-19, 4.95320455386e-19, 6.97771049152e-19, 1.33655026535e-18, 1.69176860715e-18, 2.36050298017e-18, 2.01333217515e-18, 4.89925097463e-18, 5.85326112255e-18, 7.08394333304e-18, 5.99140772947e-18, 9.5839081373e-18, 9.72801127182e-18, 1.07603012434e-17, 1.27419257245e-17, 1.62999728191e-17, 1.03196009197e-17, 8.63158419706e-18, 1.47938010007e-17, 1.37969995589e-17, 1.75644275732e-17, 1.4332298739e-17, 1.56397155998e-17, 1.21453729929e-17, 1.05931660919e-17, 8.90266948176e-18, 4.96124030332e-18, 3.01008708802e-18, 1.31078803537e-18, 3.86494325102e-19, 3.57273782222e-20],
        "var": [3.64264529651e-08, 1.26651120809e-05, 0.00933537818491, 0.250916332006, 15.0175218582, 1193.48925781, 1823.8894043, 23227.65625, 14534.5302734, 1467.22106934, 263.823516846, 4705.35839844, 1857.61315918, 25926.3359375, 3162.73291016, 2284.75024414, 4137.56347656, 648.437011719, 828.670898438, 192.322311401, 25.8941516876, 9.48922634125, 169.586425781, 156.564529419, 203.856460571, 79.9690322876, 0.449805080891, 0.939227819443, 0.542899429798, 0.328993797302, 0.225231647491, 0.0126444734633, 0.037794239819, 0.0552878081799, 0.0124339926988, 0.000652443850413, 3.35066147272e-06, 2.04680872251e-09, 1.00131257452e-10, 4.87031415197e-10]
    },
    "gfcc": {
        "mean": [-228.184967041, 142.136581421, -120.381965637, 6.77189254761, -63.9325523376, -24.4017372131, -49.233997345, -4.11222600937, -34.7144584656, -11.8166666031, 2.61321687698, -12.0238904953, -0.77685123682],
        "cov": [[27008.890625, 4806.78808594, -5217.296875, -3428.95776367, -1408.86181641, -4358.01074219, -1563.04663086, -1447.25158691, -792.152770996, -1410.92138672, 1059.29748535, -1243.47729492, 529.058654785], [4806.78808594, 2511.08666992, -802.950378418, -1343.34594727, -297.318206787, -1126.00268555, -68.5686645508, -484.156219482, -232.526809692, -628.898010254, 386.835693359, -395.72442627, 63.1431808472], [-5217.296875, -802.950378418, 1580.10144043, 760.120422363, 112.630470276, 783.250793457, 168.414871216, 192.606170654, 164.223114014, 232.985473633, -377.608642578, 304.513305664, -107.605934143], [-3428.95776367, -1343.34594727, 760.120422363, 1136.60876465, 278.981872559, 638.556396484, -7.4796500206, 263.239837646, 186.234710693, 332.433807373, -323.864837646, 186.657897949, -37.0656280518], [-1408.86181641, -297.318206787, 112.630470276, 278.981872559, 361.663604736, 226.445999146, 54.082118988, 97.5952987671, 40.2149620056, 89.4825744629, -59.6391372681, 0.257922708988, -2.7440726757], [-4358.01074219, -1126.00268555, 783.250793457, 638.556396484, 226.445999146, 1089.62573242, 274.386932373, 266.356384277, 80.7686309814, 295.233612061, -223.336975098, 222.367965698, -131.538604736], [-1563.04663086, -68.5686645508, 168.414871216, -7.4796500206, 54.082118988, 274.386932373, 319.884063721, 105.401229858, -14.550406456, 5.82766962051, 63.743850708, 50.5845336914, -71.9766540527], [-1447.25158691, -484.156219482, 192.606170654, 263.239837646, 97.5952987671, 266.356384277, 105.401229858, 231.440536499, 61.9439430237, 115.870727539, -68.1445083618, 63.1730957031, -35.2358703613], [-792.152770996, -232.526809692, 164.223114014, 186.234710693, 40.2149620056, 80.7686309814, -14.550406456, 61.9439430237, 161.86038208, 88.844581604, -71.4641342163, 54.0292015076, 6.19548177719], [-1410.92138672, -628.898010254, 232.985473633, 332.433807373, 89.4825744629, 295.233612061, 5.82766962051, 115.870727539, 88.844581604, 269.71270752, -107.288322449, 107.680000305, -21.1961135864], [1059.29748535, 386.835693359, -377.608642578, -323.864837646, -59.6391372681, -223.336975098, 63.743850708, -68.1445083618, -71.4641342163, -107.288322449, 283.414337158, -78.5431976318, 12.0686235428], [-1243.47729492, -395.72442627, 304.513305664, 186.657897949, 0.257922708988, 222.367965698, 50.5845336914, 63.1730957031, 54.0292015076, 107.680000305, -78.5431976318, 193.508956909, -13.2690420151], [529.058654785, 63.1431808472, -107.605934143, -37.0656280518, -2.7440726757, -131.538604736, -71.9766540527, -35.2358703613, 6.19548177719, -21.1961135864, 12.0686235428, -13.2690420151, 115.841964722]],
        "icov": [[0.000486937176902, -2.11982187466e-05, 0.00107035634574, 2.82910150418e-05, 0.000834698206745, 0.000549744581804, 0.00101189559791, 0.000389138760511, 0.000625134562142, 0.000411999615608, 0.000491576560307, 0.000158454437042, 0.000190973863937], [-2.11982187466e-05, 0.00354333710857, -0.00127748155501, 0.00255027227104, -0.00083611725131, 0.00165370292962, -0.00122765894048, 0.00264528952539, -0.000820847984869, 0.00259098107927, 9.9368764495e-05, 0.00308414641768, 0.000555470352992], [0.00107035634574, -0.00127748155501, 0.00443912483752, -0.00143427029252, 0.00240122014657, 0.000218867557123, 0.00181305722799, 0.000582937442232, 0.00110267638229, 0.000624322565272, 0.00238939118572, -0.0018948885845, 0.00067104678601], [2.82910150418e-05, 0.00255027227104, -0.00143427029252, 0.00447780219838, -0.00151654961519, 0.000699875177816, 0.000539166678209, 0.000600175408181, -0.00109556678217, 0.00102302839514, 0.00057953997748, 0.00218770466745, 0.000293478486128], [0.000834698206745, -0.00083611725131, 0.00240122014657, -0.00151654961519, 0.00567118544132, 3.03839733533e-05, 0.00112820696086, -9.72294365056e-05, 0.00108500290662, -0.0001830940746, 0.000994001282379, 0.00117783050518, -0.000831034441944], [0.000549744581804, 0.00165370292962, 0.000218867557123, 0.000699875177816, 3.03839733533e-05, 0.00439039571211, -0.00136150885373, 0.00143590173684, 0.00136437162291, 0.000151245767483, 0.00150785292499, 0.000986814964563, 0.00150259095244], [0.00101189559791, -0.00122765894048, 0.00181305722799, 0.000539166678209, 0.00112820696086, -0.00136150885373, 0.0101445857435, -0.0031743880827, 0.00171151256654, 0.00179360993207, -0.00241582095623, -0.00175248354208, 0.00201039505191], [0.000389138760511, 0.00264528952539, 0.000582937442232, 0.000600175408181, -9.72294365056e-05, 0.00143590173684, -0.0031743880827, 0.010698158294, -0.00143257051241, 0.00097898603417, 0.00149509729818, 0.00261987140402, 0.000824369315524], [0.000625134562142, -0.000820847984869, 0.00110267638229, -0.00109556678217, 0.00108500290662, 0.00136437162291, 0.00171151256654, -0.00143257051241, 0.00990023650229, -0.00194592482876, 0.00103131041396, -0.00119714788161, -0.000661362893879], [0.000411999615608, 0.00259098107927, 0.000624322565272, 0.00102302839514, -0.0001830940746, 0.000151245767483, 0.00179360993207, 0.00097898603417, -0.00194592482876, 0.0103768706322, 0.000210947546293, -5.05509160575e-05, 0.00116796721704], [0.000491576560307, 9.9368764495e-05, 0.00238939118572, 0.00057953997748, 0.000994001282379, 0.00150785292499, -0.00241582095623, 0.00149509729818, 0.00103131041396, 0.000210947546293, 0.00813921634108, 0.00034862710163, -2.94207511615e-05], [0.000158454437042, 0.00308414641768, -0.0018948885845, 0.00218770466745, 0.00117783050518, 0.000986814964563, -0.00175248354208, 0.00261987140402, -0.00119714788161, -5.05509160575e-05, 0.00034862710163, 0.0122544234619, -0.00118638190906], [0.000190973863937, 0.000555470352992, 0.00067104678601, 0.000293478486128, -0.000831034441944, 0.00150259095244, 0.00201039505191, 0.000824369315524, -0.000661362893879, 0.00116796721704, -2.94207511615e-05, -0.00118638190906, 0.0114773605019]]
    },
    "melbands": {
        "dmean": [1.09261418402e-06, 9.65009712672e-06, 3.9156715502e-05, 0.000354051269824, 0.000605841632932, 0.000454952882137, 0.000252714875387, 6.95579001331e-05, 3.07361187879e-05, 5.10578902322e-05, 3.1625640986e-05, 5.58790634386e-05, 2.30460391322e-05, 1.33186267703e-05, 7.62080981076e-06, 1.24168345792e-05, 6.20565697318e-06, 6.44995952825e-06, 4.94104961035e-06, 1.56342196078e-06, 8.48909280649e-07, 6.59728812025e-07, 1.7389667164e-06, 1.48312597048e-06, 1.3571262798e-06, 1.36367964387e-06, 1.3325202417e-06, 7.27629355879e-07, 6.05254655284e-08, 3.77722244593e-08, 2.89586346014e-08, 3.48066713229e-08, 3.29695843959e-08, 2.43669315836e-08, 2.59333639008e-08, 1.22614167708e-08, 6.61889254516e-09, 1.08537330235e-08, 1.7810148023e-08, 1.35220927788e-08],
        "dmean2": [1.85097678695e-06, 1.47713199112e-05, 6.47806446068e-05, 0.000554108410142, 0.000980727258138, 0.000629932095762, 0.000362720573321, 0.000105927822005, 4.7378904128e-05, 7.77222085162e-05, 4.34077010141e-05, 8.03599250503e-05, 3.71156857e-05, 1.83073643711e-05, 1.04937917058e-05, 1.91613580682e-05, 9.28660301724e-06, 1.03160191429e-05, 7.96713993623e-06, 2.47291404776e-06, 1.33888204346e-06, 1.04844127691e-06, 2.84266002382e-06, 2.35582729147e-06, 2.13811335925e-06, 2.15099680645e-06, 1.95265738512e-06, 1.04980335891e-06, 9.13451145834e-08, 6.2082989416e-08, 3.81956333229e-08, 4.92676477393e-08, 4.8612562864e-08, 3.35548868691e-08, 3.51551463496e-08, 1.75483290121e-08, 9.75156488892e-09, 1.43379716988e-08, 2.21645759524e-08, 1.90515567766e-08],
        "dvar": [1.67033975627e-12, 4.58833748773e-10, 6.01593219685e-09, 7.56458064188e-07, 1.81457937742e-06, 1.28665624288e-06, 9.2443332278e-07, 6.34134877942e-08, 5.27135757267e-09, 6.50583089623e-08, 1.29203057142e-08, 1.36280064567e-07, 1.52137928922e-08, 5.88259885248e-09, 2.64360133784e-09, 5.94424864886e-09, 9.05814756536e-10, 1.5532505282e-09, 4.64147692503e-10, 4.79635359207e-11, 1.03067016727e-11, 4.63101518938e-12, 4.65381448655e-11, 2.41903753972e-11, 3.9788859707e-11, 1.92451471426e-11, 2.46206787596e-11, 9.76765196503e-12, 5.45385642843e-14, 1.70500251287e-13, 5.97408678516e-14, 1.01013178399e-13, 7.81297430723e-14, 5.1534436576e-14, 5.24206973131e-14, 7.12720626874e-15, 1.23933858612e-15, 4.54577298858e-15, 2.64185459668e-14, 1.62358953457e-14],
        "dvar2": [4.70643489459e-12, 1.14991105526e-09, 1.50771377605e-08, 1.62369281043e-06, 4.46755166195e-06, 2.39567566496e-06, 2.49201912084e-06, 1.78402686402e-07, 1.29207293753e-08, 1.52424235011e-07, 2.48720137819e-08, 2.99129084169e-07, 3.97981914091e-08, 1.07033120145e-08, 5.00870411813e-09, 1.44422829251e-08, 1.59826907264e-09, 4.00933153344e-09, 1.19703758017e-09, 9.99244645361e-11, 2.47923279129e-11, 1.14952509317e-11, 1.12829343091e-10, 5.54328735691e-11, 1.02437447413e-10, 4.66116416298e-11, 5.74087374861e-11, 1.76964744941e-11, 1.33883938549e-13, 4.49340759913e-13, 7.93008372727e-14, 2.05925445966e-13, 1.45870227247e-13, 7.48541108112e-14, 7.34534639059e-14, 1.34567124831e-14, 2.91990764588e-15, 7.25736389251e-15, 4.14436280433e-14, 2.51888675797e-14],
        "max": [2.25688309001e-05, 0.000538392632734, 0.00140126456972, 0.0140171442181, 0.0183597095311, 0.0296793058515, 0.0369635000825, 0.00801529362798, 0.00154342968017, 0.00745216477662, 0.00365428603254, 0.0121379233897, 0.00328056234866, 0.00292847887613, 0.00271747610532, 0.00308018783107, 0.00164189713541, 0.00126414478291, 0.00057775474852, 0.000270167714916, 0.000141398370033, 7.06574937794e-05, 0.000230839883443, 0.000177127818461, 0.000221095207962, 0.000123173071188, 0.00016562116798, 0.000121686513012, 6.83807320456e-06, 2.1072653908e-05, 1.53840537678e-05, 1.11496010504e-05, 9.2148575277e-06, 1.14191670946e-05, 1.25506021504e-05, 3.54338749275e-06, 1.07665744054e-06, 2.74160493063e-06, 6.99893689671e-06, 4.73239242638e-06],
        "mean": [2.27670170716e-06, 1.89359980141e-05, 8.03271032055e-05, 0.000535196450073, 0.000910650240257, 0.00134845729917, 0.000610117102042, 0.000126503437059, 5.36558181921e-05, 0.000112756497401, 5.82990942348e-05, 0.000103849495645, 4.44097095169e-05, 2.82691071334e-05, 1.472191434e-05, 2.27210057346e-05, 9.7456813819e-06, 8.99809037946e-06, 7.5954994827e-06, 2.67860696113e-06, 1.50949233557e-06, 1.13727935513e-06, 3.04648619931e-06, 2.6403135962e-06, 2.58816362475e-06, 2.70305258709e-06, 3.11350459015e-06, 1.42987892104e-06, 1.07970130614e-07, 5.62801183435e-08, 5.14193949641e-08, 5.0330694279e-08, 4.51520563161e-08, 3.65204897435e-08, 3.68290322683e-08, 1.93328215659e-08, 1.20651337809e-08, 1.79662134059e-08, 2.6265160713e-08, 2.11706101538e-08],
        "median": [1.77753440767e-06, 6.67591120873e-06, 3.77666510758e-05, 0.00016345269978, 0.000357912387699, 0.000158586539328, 3.27027482854e-05, 1.41007221828e-05, 1.16705623441e-05, 2.97909127767e-06, 5.01427302879e-06, 2.47793582275e-06, 1.28859301185e-06, 1.40994825415e-06, 7.16676481716e-07, 5.14791793194e-07, 5.63837829759e-07, 6.24592075837e-07, 4.70498605409e-07, 1.8817235059e-07, 2.02687772344e-07, 2.31601489986e-07, 3.18239926855e-07, 3.49157176061e-07, 1.43096173133e-07, 1.65334114399e-07, 1.96971299715e-07, 8.58288728978e-08, 1.34736417579e-08, 4.77375294849e-09, 1.19564580459e-09, 9.13013609161e-10, 1.57344970386e-09, 1.61784696751e-09, 2.19074047791e-09, 1.6449831497e-09, 1.44795220258e-09, 1.34042932309e-09, 8.2235473986e-10, 4.84213447116e-10],
        "min": [1.76798496336e-23, 8.66710353628e-24, 7.55675814635e-24, 5.21727753595e-24, 5.85764918083e-24, 2.21274379509e-24, 2.58580597793e-24, 5.03699481454e-24, 4.90563606319e-24, 4.42792240937e-24, 6.72546125759e-24, 6.63511222926e-24, 8.15131314428e-24, 5.88166447336e-24, 6.04287372137e-24, 1.24623851376e-23, 1.05982563315e-23, 1.28382592152e-23, 5.27327679946e-24, 8.57952893174e-24, 1.12882272114e-23, 9.03479870395e-24, 7.0371370458e-24, 1.08950699803e-23, 1.04186563692e-23, 9.06426739192e-24, 1.0940941453e-23, 4.70102289931e-24, 5.4818232238e-24, 5.29528917416e-24, 9.87794112806e-24, 6.43128358755e-24, 7.62640588681e-24, 1.03643922053e-23, 8.59162926917e-24, 7.12328854526e-24, 9.78978513304e-24, 7.31293859549e-24, 9.43345902873e-24, 8.92055428993e-24],
        "var": [3.67474670485e-12, 1.34838706867e-09, 1.49397205718e-08, 1.41800205711e-06, 2.46348554356e-06, 9.51283163886e-06, 3.09812253363e-06, 1.13821549519e-07, 1.40235041357e-08, 2.24302795004e-07, 4.55300188662e-08, 4.16382960111e-07, 4.10418365959e-08, 2.11151576224e-08, 9.8332701981e-09, 1.94573992474e-08, 2.56233456675e-09, 2.29209562441e-09, 9.0024182553e-10, 1.19079135441e-10, 3.30833242745e-11, 1.00190663058e-11, 1.34299335541e-10, 5.76237321748e-11, 1.2997464216e-10, 7.28696408769e-11, 1.09540682081e-10, 2.87029879031e-11, 1.30840867654e-13, 3.30094052136e-13, 2.85814178314e-13, 1.7403244644e-13, 1.31280891106e-13, 1.16602894332e-13, 1.14925809754e-13, 1.44985494557e-14, 2.62163706373e-15, 1.05352585786e-14, 5.23519656716e-14, 3.63218603686e-14]
    },
    "mfcc": {
        "mean": [-854.81072998, 162.79901123, -3.54482316971, 19.430688858, 1.47969210148, -26.2461662292, -2.81536412239, -12.6133823395, -26.7942028046, -3.11060905457, -12.6991357803, -12.4872531891, -2.95859146118],
        "cov": [[15974.6474609, 5564.11083984, -3127.11157227, 14.7293348312, -663.438720703, -2604.8605957, -909.854187012, -1433.43798828, -2072.25097656, -253.74710083, -1227.00915527, -1047.84008789, -287.497558594], [5564.11083984, 3875.03466797, -828.434387207, -325.349182129, -554.105895996, -1141.61340332, -307.915344238, -558.764770508, -933.01953125, -315.374481201, -488.380462646, -426.186431885, -205.015014648], [-3127.11157227, -828.434387207, 1293.13720703, -13.2286815643, -20.2594070435, 554.998474121, 3.55916333199, 269.351867676, 441.552124023, -158.427932739, 207.921142578, 189.377532959, 22.9428691864], [14.7293348312, -325.349182129, -13.2286815643, 422.623077393, 194.875061035, -40.5943717957, -136.196624756, -51.2390441895, 61.332660675, 80.0774002075, -74.8528671265, -19.8748493195, 48.1064033508], [-663.438720703, -554.105895996, -20.2594070435, 194.875061035, 352.35559082, 165.595825195, 1.4820497036, 24.6927204132, 149.744400024, 112.027450562, 15.280752182, 17.5530433655, 2.2223200798], [-2604.8605957, -1141.61340332, 554.998474121, -40.5943717957, 165.595825195, 668.514892578, 150.635604858, 231.621902466, 383.144287109, 34.3008270264, 236.383575439, 155.00982666, 0.598703205585], [-909.854187012, -307.915344238, 3.55916333199, -136.196624756, 1.4820497036, 150.635604858, 357.934844971, 155.393859863, 22.6801490784, 60.2516365051, 105.193885803, 72.4940185547, 6.26008701324], [-1433.43798828, -558.764770508, 269.351867676, -51.2390441895, 24.6927204132, 231.621902466, 155.393859863, 265.927215576, 181.966217041, 34.3366584778, 117.092636108, 91.349822998, 38.3145828247], [-2072.25097656, -933.01953125, 441.552124023, 61.332660675, 149.744400024, 383.144287109, 22.6801490784, 181.966217041, 448.491973877, 46.50390625, 158.121047974, 129.394332886, 38.4371070862], [-253.74710083, -315.374481201, -158.427932739, 80.0774002075, 112.027450562, 34.3008270264, 60.2516365051, 34.3366584778, 46.50390625, 194.097869873, 37.8974914551, 3.13879752159, 17.6583652496], [-1227.00915527, -488.380462646, 207.921142578, -74.8528671265, 15.280752182, 236.383575439, 105.193885803, 117.092636108, 158.121047974, 37.8974914551, 215.295135498, 102.528343201, 0.307237029076], [-1047.84008789, -426.186431885, 189.377532959, -19.8748493195, 17.5530433655, 155.00982666, 72.4940185547, 91.349822998, 129.394332886, 3.13879752159, 102.528343201, 163.181549072, 52.4880599976], [-287.497558594, -205.015014648, 22.9428691864, 48.1064033508, 2.2223200798, 0.598703205585, 6.26008701324, 38.3145828247, 38.4371070862, 17.6583652496, 0.307237029076, 52.4880599976, 115.28678894]],
