{
"lowlevel": {
    "average_loudness": 0.000513388367835,
    "barkbands_crest": {
        "dmean": 2.95544552803,
        "dmean2": 4.83328199387,
        "dvar": 7.06000852585,
        "dvar2": 18.6055145264,
        "max": 26.8971424103,
        "mean": 11.0244121552,
        "median": 9.83413028717,
        "min": 2.81305217743,
        "var": 23.7213954926
    },
    "barkbands_flatness_db": {
        "dmean": 0.0263582933694,
        "dmean2": 0.0403735600412,
        "dvar": 0.000738904811442,
        "dvar2": 0.00195549754426,
        "max": 0.718805611134,
        "mean": 0.190068900585,
        "median": 0.171899169683,
        "min": 0.0426542945206,
        "var": 0.00735831866041
    },
    "barkbands_kurtosis": {
        "dmean": 62.0120697021,
        "dmean2": 114.031105042,
        "dvar": 305300.40625,
        "dvar2": 953664.0625,
        "max": 21561.2207031,
        "mean": 58.0529594421,
        "median": 0.830468773842,
        "min": -1.84742987156,
        "var": 235744.453125
    },
    "barkbands_skewness": {
        "dmean": 1.03536641598,
        "dmean2": 1.74246537685,
        "dvar": 15.124376297,
        "dvar2": 46.272731781,
        "max": 112.95274353,
        "mean": 1.61199092865,
        "median": 0.780596017838,
        "min": -3.54990696907,
        "var": 24.5733394623
    },
    "barkbands_spread": {
        "dmean": 5.20998382568,
        "dmean2": 8.30484199524,
        "dvar": 30.8600406647,
        "dvar2": 79.7691802979,
        "max": 78.3374099731,
        "mean": 17.5165634155,
        "median": 15.8036651611,
        "min": 0.0121517498046,
        "var": 104.421470642
    },
    "dissonance": {
        "dmean": 0.0274314265698,
        "dmean2": 0.0455463416874,
        "dvar": 0.00059244473232,
        "dvar2": 0.00153396348469,
        "max": 0.5,
        "mean": 0.441372811794,
        "median": 0.446827292442,
        "min": 0,
        "var": 0.00129916646983
    },
    "dynamic_complexity": 7.59766387939,
    "erbbands_crest": {
        "dmean": 3.668364048,
        "dmean2": 5.85109853745,
        "dvar": 10.6548519135,
        "dvar2": 24.8403892517,
        "max": 33.0895881653,
        "mean": 12.690073967,
        "median": 11.4345798492,
        "min": 2.23664140701,
        "var": 30.6505680084
    },
    "erbbands_flatness_db": {
        "dmean": 0.020796444267,
        "dmean2": 0.0304362848401,
        "dvar": 0.000330212846166,
        "dvar2": 0.000704964448232,
        "max": 0.429313778877,
        "mean": 0.225942268968,
        "median": 0.225130870938,
        "min": 0.042634062469,
        "var": 0.00239671068266
    },
    "erbbands_kurtosis": {
        "dmean": 1.24216008186,
        "dmean2": 1.97616481781,
        "dvar": 3.69625854492,
        "dvar2": 8.91588783264,
        "max": 38.2117271423,
        "mean": 0.60522466898,
        "median": -0.143797039986,
        "min": -1.89707434177,
        "var": 6.57178926468
    },
    "erbbands_skewness": {
        "dmean": 0.454024344683,
        "dmean2": 0.685984253883,
        "dvar": 0.162140905857,
        "dvar2": 0.368244171143,
        "max": 5.75457143784,
        "mean": 0.481205046177,
        "median": 0.43310123682,
        "min": -4.00291156769,
        "var": 0.748771846294
    },
    "erbbands_spread": {
        "dmean": 5.64751291275,
        "dmean2": 8.77481269836,
        "dvar": 31.3355464935,
        "dvar2": 76.6158218384,
        "max": 101.226493835,
        "mean": 24.6739196777,
        "median": 23.4167404175,
        "min": 1.45044744015,
        "var": 125.010345459
    },
    "hfc": {
        "dmean": 2.53848314285,
        "dmean2": 3.5647251606,
        "dvar": 29.3202419281,
        "dvar2": 59.5314712524,
        "max": 278.436279297,
        "mean": 8.1157989502,
        "median": 2.86810112,
        "min": 8.69875491083e-11,
        "var": 280.059295654
    },
    "melbands_crest": {
        "dmean": 3.42266273499,
        "dmean2": 5.45223712921,
        "dvar": 10.4526252747,
        "dvar2": 25.4198589325,
        "max": 39.9739151001,
        "mean": 15.1598262787,
        "median": 13.166053772,
        "min": 4.16320180893,
        "var": 56.3842697144
    },
    "melbands_flatness_db": {
        "dmean": 0.0262645315379,
        "dmean2": 0.0383536331356,
        "dvar": 0.000618325255346,
        "dvar2": 0.00139344134368,
        "max": 0.773621797562,
        "mean": 0.251860290766,
        "median": 0.234456300735,
        "min": 0.0299250315875,
        "var": 0.00852901954204
    },
    "melbands_kurtosis": {
        "dmean": 210.142425537,
        "dmean2": 365.954376221,
        "dvar": 3179097,
        "dvar2": 9193785,
        "max": 56298.6679688,
        "mean": 250.843536377,
        "median": 3.03424549103,
        "min": -1.79776275158,
        "var": 3786207.75
    },
    "melbands_skewness": {
        "dmean": 1.43390905857,
        "dmean2": 2.37102842331,
        "dvar": 42.4631576538,
        "dvar2": 121.42792511,
        "max": 185.678237915,
        "mean": 3.25673294067,
        "median": 1.374599576,
        "min": -3.34176492691,
        "var": 120.844963074
    },
    "melbands_spread": {
        "dmean": 6.47652339935,
        "dmean2": 9.88119792938,
        "dvar": 54.8181381226,
        "dvar2": 125.337127686,
        "max": 145.437820435,
        "mean": 22.4002609253,
        "median": 18.9719848633,
        "min": 0.00663858884946,
        "var": 234.764648438
    },
    "pitch_salience": {
        "dmean": 0.0708189457655,
        "dmean2": 0.115569651127,
        "dvar": 0.00368299451657,
        "dvar2": 0.00947360694408,
        "max": 0.976303398609,
        "mean": 0.487678319216,
        "median": 0.502679228783,
        "min": 0.00769600784406,
        "var": 0.0185455624014
    },
    "silence_rate_20dB": {
        "dmean": 0.00101516395807,
        "dmean2": 0.00203045690432,
        "dvar": 0.00101412972435,
        "dvar2": 0.00228012818843,
        "max": 1,
        "mean": 0.998477339745,
        "median": 1,
        "min": 0,
        "var": 0.00152031437028
    },
    "silence_rate_30dB": {
        "dmean": 0.00735993916169,
        "dmean2": 0.0147208124399,
        "dvar": 0.00730525888503,
        "dvar2": 0.0171670373529,
        "max": 1,
        "mean": 0.976208627224,
        "median": 1,
        "min": 0,
        "var": 0.0232249516994
    },
    "silence_rate_60dB": {
        "dmean": 0.0782945230603,
        "dmean2": 0.156598985195,
        "dvar": 0.0721506327391,
        "dvar2": 0.155151218176,
        "max": 1,
        "mean": 0.457112044096,
        "median": 0,
        "min": 0,
        "var": 0.248161613941
    },
    "spectral_centroid": {
        "dmean": 228.00201416,
        "dmean2": 340.142425537,
        "dvar": 52088.2539062,
        "dvar2": 107425.265625,
        "max": 4116.37353516,
        "mean": 1262.33178711,
        "median": 1117.86035156,
        "min": 105.282936096,
        "var": 392061.5
    },
    "spectral_complexity": {
        "dmean": 1.57071256638,
        "dmean2": 2.48248720169,
        "dvar": 2.45317578316,
        "dvar2": 5.53956127167,
        "max": 41,
        "mean": 8.70225906372,
        "median": 8,
        "min": 0,
        "var": 43.9309654236
    },
    "spectral_decrease": {
        "dmean": 9.35897026544e-10,
        "dmean2": 1.34611333191e-09,
        "dvar": 7.57105841524e-18,
        "dvar2": 1.68258892895e-17,
        "max": -1.76679299453e-23,
        "mean": -3.22080984105e-09,
        "median": -9.10777120389e-10,
        "min": -1.72576250179e-07,
        "var": 6.65883569479e-17
    },
    "spectral_energy": {
        "dmean": 0.00372772314586,
        "dmean2": 0.00534670753404,
        "dvar": 0.00011484384595,
        "dvar2": 0.000253267411608,
        "max": 0.668904066086,
        "mean": 0.0128921866417,
        "median": 0.00373270176351,
        "min": 7.95670986915e-15,
        "var": 0.00103705876973
    },
    "spectral_energyband_high": {
        "dmean": 3.99565615226e-05,
        "dmean2": 5.95825913479e-05,
        "dvar": 1.849780773e-08,
        "dvar2": 3.65829144755e-08,
        "max": 0.0116762639955,
        "mean": 7.48076054151e-05,
        "median": 1.60160998348e-05,
        "min": 5.48064071136e-15,
        "var": 5.67831612841e-08
    },
    "spectral_energyband_low": {
        "dmean": 0.000989209278487,
        "dmean2": 0.00153854559176,
        "dvar": 1.77350048034e-05,
        "dvar2": 4.86753269797e-05,
        "max": 0.131350204349,
        "mean": 0.00208480563015,
        "median": 0.000277400016785,
        "min": 1.06959634662e-16,
        "var": 4.49465333077e-05
    },
    "spectral_energyband_middle_high": {
        "dmean": 0.00125909119379,
        "dmean2": 0.00187635922339,
        "dvar": 9.61382102105e-06,
        "dvar2": 2.24336909014e-05,
        "max": 0.112333662808,
        "mean": 0.00308702909388,
        "median": 0.000908639514819,
        "min": 8.0390690002e-16,
        "var": 4.53124084743e-05
    },
    "spectral_energyband_middle_low": {
        "dmean": 0.0027611728292,
        "dmean2": 0.00400891387835,
        "dvar": 9.39656238188e-05,
        "dvar2": 0.000216228538193,
        "max": 0.644626915455,
        "mean": 0.00801737233996,
        "median": 0.00154622108676,
        "min": 2.97923536876e-16,
        "var": 0.000633498653769
    },
    "spectral_entropy": {
        "dmean": 0.217605888844,
        "dmean2": 0.322178512812,
        "dvar": 0.039906874299,
        "dvar2": 0.0863658487797,
        "max": 8.73436450958,
        "mean": 6.85939264297,
        "median": 6.8884601593,
        "min": 4.73928976059,
        "var": 0.153347581625
    },
    "spectral_flux": {
        "dmean": 0.0113411145285,
        "dmean2": 0.0188746638596,
        "dvar": 0.000176387940883,
        "dvar2": 0.000473988533486,
        "max": 0.424037009478,
        "mean": 0.0427873469889,
        "median": 0.0324272587895,
        "min": 0.000100635450508,
        "var": 0.00141052016988
    },
    "spectral_kurtosis": {
        "dmean": 3.89145755768,
        "dmean2": 6.76210308075,
        "dvar": 18.9447383881,
        "dvar2": 53.1252326965,
        "max": 144.366531372,
        "mean": 9.65685462952,
        "median": 8.07514667511,
        "min": 1.94239807129,
        "var": 40.0961723328
    },
    "spectral_rms": {
        "dmean": 0.000435466325143,
        "dmean2": 0.000612472358625,
        "dvar": 2.69216116067e-07,
        "dvar2": 5.33434899808e-07,
        "max": 0.0255458280444,
        "mean": 0.00260249967687,
        "median": 0.001908313483,
        "min": 2.7861519758e-09,
        "var": 5.80475489187e-06
    },
    "spectral_rolloff": {
        "dmean": 352.01852417,
        "dmean2": 606.178588867,
        "dvar": 253086.375,
        "dvar2": 541909.0625,
        "max": 20241.2109375,
        "mean": 1271.36523438,
        "median": 1012.06054688,
        "min": 0,
        "var": 730999.875
    },
    "spectral_skewness": {
        "dmean": 0.363931119442,
        "dmean2": 0.61811286211,
        "dvar": 0.117638245225,
        "dvar2": 0.325747638941,
        "max": 9.85105133057,
        "mean": 2.01667785645,
        "median": 1.91546833515,
        "min": 0.654421925545,
        "var": 0.323694646358
    },
    "spectral_spread": {
        "dmean": 287047.3125,
        "dmean2": 445136.375,
        "dvar": 72555708416,
        "dvar2": 158788337664,
        "max": 15064799,
        "mean": 2900205.75,
        "median": 2703017.5,
        "min": 622928.3125,
        "var": 1.22416188621e+12
    },
    "spectral_strongpeak": {
        "dmean": 0.528728723526,
        "dmean2": 0.861067593098,
        "dvar": 0.738446235657,
        "dvar2": 1.83004653454,
        "max": 13.3760643005,
        "mean": 0.867541730404,
        "median": 0.52707028389,
        "min": 0,
        "var": 1.28560721874
    },
    "zerocrossingrate": {
        "dmean": 0.00675625586882,
        "dmean2": 0.00830301176757,
        "dvar": 5.44369249837e-05,
        "dvar2": 7.31172112864e-05,
        "max": 0.5107421875,
        "mean": 0.0467352867126,
        "median": 0.04296875,
        "min": 0,
        "var": 0.000565693480894
    },
    "barkbands": {
        "dmean": [0.00033573168912, 0.000282172346488, 0.000367415021174, 0.000849990232382, 0.00103337178007, 0.000796255713794, 0.000780580099672, 0.00048219479504, 0.000383240432711, 0.00030386360595, 0.000422666838858, 0.00020241033053, 0.000378867669497, 0.000182618576218, 0.000113039415737, 0.000207646604395, 0.000111486158858, 6.76782583469e-05, 5.8927002101e-05, 5.39544198546e-05, 1.50450650835e-05, 1.03107977338e-05, 3.80391816179e-06, 2.50912262345e-06, 1.04326568362e-06, 5.66260780488e-07, 1.41869904269e-07],
        "dmean2": [0.000605616951361, 0.000380157929612, 0.00055540271569, 0.00143204431515, 0.00164039211813, 0.00109641451854, 0.00116175448056, 0.000704252393916, 0.000556824845262, 0.000476980669191, 0.000651342328638, 0.000327179848682, 0.000600162311457, 0.000291353469947, 0.000181107927347, 0.000320873223245, 0.000175642489921, 0.000105091792648, 9.35281423153e-05, 8.33746817079e-05, 2.37830718106e-05, 1.60479139595e-05, 5.98058159085e-06, 3.94819562644e-06, 1.62707738127e-06, 8.72000896379e-07, 2.26103225032e-07],
        "dvar": [1.69756347645e-07, 9.8307089047e-07, 2.25762823902e-06, 4.22630037065e-05, 2.5572047889e-05, 1.00358465716e-05, 5.73848728891e-06, 2.0627462618e-06, 1.35805169066e-06, 1.03032948573e-06, 2.66425968221e-06, 1.3238302472e-06, 3.18233742291e-06, 5.40668736448e-07, 1.87595375678e-07, 4.39281109266e-07, 1.56643707783e-07, 5.17656104648e-08, 3.78289968239e-08, 5.23779775108e-08, 3.00242231077e-09, 8.47282244365e-09, 1.79860973337e-10, 7.33790667118e-11, 9.38594080929e-12, 2.7425392686e-12, 1.96060602107e-13],
        "dvar2": [4.80563699057e-07, 1.93980599761e-06, 5.40040946362e-06, 0.000114807233331, 6.18716949248e-05, 1.80096485565e-05, 1.30377384266e-05, 4.5472279453e-06, 2.90652178592e-06, 2.52298355008e-06, 6.3801194301e-06, 3.67415373148e-06, 8.18100306788e-06, 1.426421818e-06, 4.52365867432e-07, 1.00729778296e-06, 3.9279936459e-07, 1.22849996842e-07, 9.52328846893e-08, 1.22589639773e-07, 7.24203053082e-09, 1.66224243259e-08, 4.29608543184e-10, 1.77788533895e-10, 2.31971560016e-11, 6.5036491817e-12, 4.79676357228e-13],
        "max": [0.00785321556032, 0.0474638491869, 0.0537285916507, 0.316179156303, 0.353069633245, 0.142346009612, 0.0956851765513, 0.0743155404925, 0.0692577436566, 0.0381749495864, 0.0566979460418, 0.0776713788509, 0.0710332915187, 0.026805203408, 0.0167402084917, 0.0226030871272, 0.0121271414682, 0.0102738225833, 0.00563472928479, 0.0156437680125, 0.00266650761478, 0.0107939084992, 0.000648152490612, 0.000276540697087, 0.000141890137456, 4.80945964227e-05, 1.23569261632e-05],
        "mean": [0.000309096474666, 0.00076265638927, 0.000672782538459, 0.00128794531338, 0.00215095398016, 0.00151408230886, 0.00143782724626, 0.000806622090749, 0.000752591527998, 0.0004871970159, 0.000627906876616, 0.000278975145193, 0.000581564207096, 0.000287084578304, 0.000173338106833, 0.000290604133625, 0.000160833616974, 0.000100719189504, 8.34084421513e-05, 7.60195689509e-05, 2.30973655562e-05, 1.45156582221e-05, 5.64058518648e-06, 3.76391835744e-06, 1.76591072432e-06, 9.61205842032e-07, 2.06694522831e-07],
        "median": [0.000166505677043, 6.50512301945e-05, 1.15890970847e-05, 7.67807887314e-06, 8.91194140422e-05, 0.000133966590511, 0.000229031720664, 0.000146332429722, 0.000135734822834, 7.30331958039e-05, 4.99922753079e-05, 2.94871351798e-05, 3.78104195988e-05, 2.89333765977e-05, 2.48552787525e-05, 4.91310056532e-05, 2.81911961793e-05, 1.99547357624e-05, 1.53055498231e-05, 1.44273035403e-05, 4.23340497946e-06, 1.96416635845e-06, 9.6475355349e-07, 5.91040247855e-07, 3.36132416123e-07, 1.53625393295e-07, 2.31575771892e-08],
        "min": [3.21832484415e-17, 4.70274942247e-17, 2.96802991696e-17, 2.78426744254e-17, 6.1535679686e-17, 5.40637373605e-17, 5.18131278063e-17, 4.81833864865e-17, 4.70210719944e-17, 1.81373146675e-17, 1.83959211055e-17, 6.27021631684e-17, 7.06963145408e-17, 6.83715135031e-17, 2.15889110618e-16, 2.1804827701e-16, 7.19016688945e-17, 1.48135590368e-17, 2.68387153898e-17, 3.39192490843e-17, 1.15266509275e-15, 5.38710148657e-16, 2.51651556335e-16, 4.15299830522e-16, 1.08047967444e-15, 5.87855476713e-16, 1.74248706233e-15],
        "var": [1.62601267562e-07, 6.48045306662e-06, 6.61740932628e-06, 8.38919004309e-05, 0.000105069200799, 3.67980719602e-05, 1.64922130352e-05, 5.00931355418e-06, 5.46419323655e-06, 2.05195601666e-06, 4.9309901442e-06, 1.82724863862e-06, 6.49528965369e-06, 1.08198219095e-06, 4.10330784462e-07, 7.16685065072e-07, 2.67383256869e-07, 9.05548276364e-08, 6.2315542948e-08, 7.40803969279e-08, 4.99779950758e-09, 1.61915210128e-08, 3.07406794464e-10, 1.19178250602e-10, 2.08548612407e-11, 5.92702146043e-12, 3.29713659803e-13]
    },
    "erbbands": {
        "dmean": [0.00654049310833, 0.0730523914099, 0.347085773945, 1.67902743816, 2.76105713844, 3.98290252686, 6.08760643005, 6.69826364517, 8.69951438904, 14.9030246735, 8.93643283844, 8.86411857605, 7.16810131073, 10.0033893585, 16.4507312775, 9.05282878876, 19.7297992706, 7.22301387787, 7.80330562592, 7.56337690353, 10.647851944, 7.11341142654, 3.20477938652, 2.87269878387, 3.4359126091, 2.19823622704, 0.831077337265, 0.501015543938, 0.321592360735, 0.127867043018, 0.0963119268417, 0.0666023120284, 0.0357894711196, 0.0135075282305, 0.00794126279652, 0.00281689921394, 0.00105122674722, 0.000190867373021, 2.92241311399e-05, 4.9910463531e-06],
        "dmean2": [0.00937733612955, 0.0982189029455, 0.509537220001, 2.82885217667, 4.69176435471, 6.05844068527, 8.99358177185, 9.32315158844, 13.0032281876, 21.786190033, 12.9533081055, 12.8931617737, 10.7874383926, 15.5888214111, 25.3171253204, 14.540099144, 31.3396720886, 11.3900623322, 12.5410919189, 12.1805915833, 16.1710128784, 11.1723213196, 4.98322153091, 4.48894309998, 5.35134410858, 3.39796113968, 1.29678046703, 0.786896824837, 0.502220988274, 0.200160607696, 0.151154905558, 0.1059403494, 0.0563026070595, 0.0212024319917, 0.0125597100705, 0.00440524565056, 0.00163045246154, 0.000299335137242, 4.65856064693e-05, 7.17775174053e-06],
        "dvar": [0.00022900395561, 0.0770740136504, 1.87674570084, 143.070922852, 225.655029297, 395.307556152, 914.743591309, 637.12310791, 811.762023926, 2740.01513672, 769.545288086, 927.442810059, 371.838409424, 970.872192383, 3793.2824707, 2880.52880859, 9212.39550781, 807.492431641, 1304.1315918, 768.469787598, 1554.70776367, 563.373046875, 84.8860473633, 80.2491455078, 157.393737793, 59.9293823242, 11.3222589493, 8.61961841583, 4.75705337524, 0.157538726926, 0.156919375062, 0.0598307922482, 0.0175259187818, 0.00171605870128, 0.000540533277672, 6.57592900097e-05, 1.10779710667e-05, 4.26342722903e-07, 9.1995442375e-09, 1.54121909679e-10],
        "dvar2": [0.000440422503743, 0.1514582932, 4.32042789459, 401.712280273, 637.055969238, 858.306152344, 1967.00268555, 1167.8347168, 1906.22497559, 5822.22802734, 1606.51086426, 1991.20666504, 869.247802734, 2421.24902344, 9104.59765625, 8153.06445312, 23833.6230469, 2068.4050293, 3350.16918945, 2037.49304199, 3398.41845703, 1412.12670898, 208.242675781, 193.201599121, 362.633514404, 141.694152832, 26.9846057892, 16.3801269531, 10.3357801437, 0.384398370981, 0.356498599052, 0.144623428583, 0.0415392629802, 0.00431478954852, 0.0013523644302, 0.000161049290909, 2.6369069019e-05, 1.04822981939e-06, 2.31580870036e-08, 3.35892563763e-10],
        "max": [0.79276818037, 13.8775491714, 72.5839157104, 503.286682129, 618.876037598, 1643.828125, 1540.95227051, 1212.07568359, 1003.28112793, 2191.27832031, 1623.70544434, 1945.98986816, 625.435119629, 1467.18579102, 2208.33251953, 4033.68994141, 3815.67993164, 867.989746094, 1888.4786377, 1264.2520752, 1547.52062988, 790.776733398, 248.830932617, 366.820556641, 760.683227539, 399.198699951, 179.716247559, 320.079620361, 240.11038208, 15.5834951401, 30.3534488678, 9.82748222351, 6.89233255386, 1.44623303413, 1.04426920414, 0.266120195389, 0.090773999691, 0.0234820321202, 0.00322404317558, 0.000739774666727],
        "mean": [0.0169213041663, 0.196544080973, 0.727461159229, 2.55790233612, 4.70382595062, 8.28593921661, 11.3890399933, 12.9995927811, 16.0866317749, 25.3892631531, 16.5854187012, 17.2240123749, 13.9598770142, 17.3109397888, 24.9486064911, 14.4374923706, 30.9893684387, 12.8092136383, 12.0810956955, 12.0884819031, 15.1950922012, 10.5933742523, 5.31710290909, 4.5538687706, 4.90783214569, 3.39593100548, 1.31341135502, 0.789215743542, 0.47005879879, 0.207622885704, 0.147575452924, 0.0981413722038, 0.0529560148716, 0.0222073495388, 0.012581076473, 0.0047460636124, 0.00169306749012, 0.000313299155096, 4.52987078461e-05, 1.65261044458e-05],
        "median": [0.00387338805012, 0.0099657997489, 0.0189532712102, 0.0303296037018, 0.0922797322273, 0.327108681202, 0.640420198441, 1.38587844372, 2.42375230789, 4.85869932175, 3.31754374504, 3.20241808891, 2.95392131805, 2.83902359009, 2.68781161308, 1.98777937889, 2.22631120682, 1.57511210442, 1.51906847954, 2.34907007217, 2.69767856598, 2.47679948807, 1.41049838066, 1.14241695404, 1.1279156208, 0.754991233349, 0.267836689949, 0.128918468952, 0.0747601091862, 0.0424238815904, 0.0258179605007, 0.0157993137836, 0.00807930715382, 0.00390686979517, 0.00238034082577, 0.00086105579976, 0.00023173201771, 4.77650974062e-05, 7.86448617873e-06, 5.32690683031e-06],
        "min": [1.7479551894e-15, 9.47370437307e-15, 3.08167594633e-14, 7.07674004574e-14, 1.33079921323e-13, 2.18733207545e-13, 3.29823164223e-13, 4.75713815128e-13, 6.69516796604e-13, 9.04115703745e-13, 1.09887131946e-12, 1.08171902425e-12, 7.59985227961e-13, 5.1245065049e-13, 1.1918676766e-12, 2.76487123127e-12, 3.29282673177e-12, 3.10683748693e-12, 7.6286641934e-12, 1.34801388801e-11, 9.96789109586e-12, 3.98560654966e-12, 9.39243257822e-13, 8.8663646737e-13, 2.15550624225e-12, 1.95021776506e-12, 2.67076864097e-11, 4.60194278518e-11, 1.12682484871e-11, 2.8503747973e-11, 4.68000855083e-12, 6.67758730255e-12, 7.55262085511e-12, 8.10742618873e-12, 1.08446064628e-11, 3.55726515952e-12, 7.95706274308e-13, 1.05777680452e-12, 2.59749172041e-13, 1.74294816589e-14],
        "var": [0.00224218540825, 0.489125072956, 7.78918123245, 251.78843689, 524.017333984, 2048.59472656, 2667.04443359, 2494.57470703, 2217.49780273, 6397.76513672, 2171.61230469, 3660.37475586, 1137.58239746, 2136.25195312, 7019.71533203, 4119.58447266, 18519.2304688, 1935.58605957, 2162.69238281, 1547.9552002, 2490.203125, 940.668395996, 178.979660034, 143.970230103, 219.586547852, 129.854614258, 18.5593452454, 18.7060070038, 8.32051849365, 0.308910757303, 0.27758038044, 0.0939170569181, 0.0274212565273, 0.00351824029349, 0.0010266994359, 0.000139059673529, 2.14189913095e-05, 7.74566842665e-07, 1.3622162065e-08, 1.4338336074e-09]
    },
    "gfcc": {
        "mean": [-140.487167358, 112.564544678, -147.404556274, 9.702709198, -49.6049423218, -5.89032411575, -25.8130340576, 13.8678798676, -10.8324918747, 6.08116102219, -3.91529726982, 2.69835615158, -1.91460859776],
        "cov": [[15764.1484375, 757.829650879, -2149.94555664, -305.459442139, -1303.19189453, -456.894805908, -928.463989258, -671.649536133, -892.881591797, -307.893310547, -396.30670166, -155.343032837, -324.792785645], [757.829650879, 2330.95556641, 371.378112793, -83.9715576172, 161.546279907, -339.399871826, -169.942062378, -448.089599609, -101.220870972, -209.4012146, 0.271681457758, -278.595397949, -63.5596504211], [-2149.94555664, 371.378112793, 1310.76965332, 325.518188477, 411.372711182, 171.802856445, 80.4933242798, -113.375389099, -21.1274032593, -86.8352279663, -53.6331634521, -68.1689529419, -56.4527435303], [-305.459442139, -83.9715576172, 325.518188477, 369.591156006, 194.449981689, 112.057067871, 61.3775978088, 29.3437423706, -23.9363231659, -49.1871032715, -76.9762573242, -49.5994300842, -33.3830337524], [-1303.19189453, 161.546279907, 411.372711182, 194.449981689, 401.132080078, 161.875274658, 139.863296509, 22.37707901, 37.7014312744, -43.9113960266, -34.8389892578, -64.8790740967, -12.3217916489], [-456.894805908, -339.399871826, 171.802856445, 112.057067871, 161.875274658, 307.221313477, 159.310348511, 88.7612686157, 5.26487207413, -11.6645374298, -42.0825195312, 9.89503765106, -29.0441513062], [-928.463989258, -169.942062378, 80.4933242798, 61.3775978088, 139.863296509, 159.310348511, 246.193603516, 151.372161865, 74.7306442261, 12.4103145599, -0.376000672579, 1.77282595634, 16.79155159], [-671.649536133, -448.089599609, -113.375389099, 29.3437423706, 22.37707901, 88.7612686157, 151.372161865, 289.408660889, 141.730499268, 70.0918655396, 10.056303978, 43.2493629456, 31.2000980377], [-892.881591797, -101.220870972, -21.1274032593, -23.9363231659, 37.7014312744, 5.26487207413, 74.7306442261, 141.730499268, 218.689056396, 102.04108429, 53.0975074768, 12.4514827728, 16.4356250763], [-307.893310547, -209.4012146, -86.8352279663, -49.1871032715, -43.9113960266, -11.6645374298, 12.4103145599, 70.0918655396, 102.04108429, 170.026168823, 85.1446685791, 38.8745651245, 3.29841804504], [-396.30670166, 0.271681457758, -53.6331634521, -76.9762573242, -34.8389892578, -42.0825195312, -0.376000672579, 10.056303978, 53.0975074768, 85.1446685791, 156.957275391, 68.3988418579, 21.1057453156], [-155.343032837, -278.595397949, -68.1689529419, -49.5994300842, -64.8790740967, 9.89503765106, 1.77282595634, 43.2493629456, 12.4514827728, 38.8745651245, 68.3988418579, 158.190917969, 64.1958694458], [-324.792785645, -63.5596504211, -56.4527435303, -33.3830337524, -12.3217916489, -29.0441513062, 16.79155159, 31.2000980377, 16.4356250763, 3.29841804504, 21.1057453156, 64.1958694458, 138.146743774]],
        "icov": [[0.000228336488362, -0.000251520745223, 0.000395748909796, -0.000319830112858, 0.000547201896552, -0.000452971260529, 0.000472609797725, -6.91119203111e-05, 0.000592273834627, -0.000270416028798, 0.000571454758756, -0.000267808762146, 0.000390420114854], [-0.000251520745223, 0.00155099015683, -0.000609564187471, 0.000847058428917, -0.00121591042262, 0.00186578638386, -0.00106008525472, 0.00156601204071, -0.00127095519565, 0.00177332130261, -0.0016532682348, 0.00201208516955, -0.000436720409198], [0.000395748909796, -0.000609564187471, 0.00207794969901, -0.00135426828638, 2.35370698647e-05, -0.00112098886166, 0.000797306071036, 0.000679937715176, 0.000636371609289, -0.000472345011076, 0.00111704121809, -0.00114595214836, 0.000985235208645], [-0.000319830112858, 0.000847058428917, -0.00135426828638, 0.00527134817094, -0.00260151945986, 0.00107115565334, -0.000245442410232, -0.000944230123423, 0.000263433408691, 0.00060182454763, 0.00017515066429, 0.00113092979882, -3.57559588338e-06], [0.000547201896552, -0.00121591042262, 2.35370698647e-05, -0.00260151945986, 0.00770557625219, -0.00354275805876, -0.000339001446264, 0.000261997483904, -5.11688776896e-05, -2.93562425213e-05, 0.000584434426855, 0.000842126552016, -0.000441295298515], [-0.000452971260529, 0.00186578638386, -0.00112098886166, 0.00107115565334, -0.00354275805876, 0.00939164310694, -0.005216287449, 0.00114712736104, -0.000158329552505, 0.000958843855187, 0.000220833069761, -0.000697055715136, 0.00191381655168], [0.000472609797725, -0.00106008525472, 0.000797306071036, -0.000245442410232, -0.000339001446264, -0.005216287449, 0.0112992469221, -0.00510381255299, 0.00122792099137, 3.67837237718e-05, -0.0004176980583, 0.000756927882321, -0.00089262239635], [-6.91119203111e-05, 0.00156601204071, 0.000679937715176, -0.000944230123423, 0.000261997483904, 0.00114712736104, -0.00510381255299, 0.0109316902235, -0.00557657098398, 0.000898010912351, 0.000769647653215, -0.000172456799191, -0.000371724978322], [0.000592273834627, -0.00127095519565, 0.000636371609289, 0.000263433408691, -5.11688776896e-05, -0.000158329552505, 0.00122792099137, -0.00557657098398, 0.0120148537681, -0.00565342931077, 0.00111790618394, -0.000172013606061, 0.000818476139102], [-0.000270416028798, 0.00177332130261, -0.000472345011076, 0.00060182454763, -2.93562425213e-05, 0.000958843855187, 3.67837237718e-05, 0.000898010912351, -0.00565342931077, 0.0134562039748, -0.00687976088375, 0.00248709437437, 0.000370867986931], [0.000571454758756, -0.0016532682348, 0.00111704121809, 0.00017515066429, 0.000584434426855, 0.000220833069761, -0.0004176980583, 0.000769647653215, 0.00111790618394, -0.00687976088375, 0.0147354481742, -0.00750635843724, 0.00232535111718], [-0.000267808762146, 0.00201208516955, -0.00114595214836, 0.00113092979882, 0.000842126552016, -0.000697055715136, 0.000756927882321, -0.000172456799191, -0.000172013606061, 0.00248709437437, -0.00750635843724, 0.0149100292474, -0.00584409525618], [0.000390420114854, -0.000436720409198, 0.000985235208645, -3.57559588338e-06, -0.000441295298515, 0.00191381655168, -0.00089262239635, -0.000371724978322, 0.000818476139102, 0.000370867986931, 0.00232535111718, -0.00584409525618, 0.011167072691]]
    },
    "melbands": {
        "dmean": [7.75504886406e-05, 0.00014664210903, 0.000319797574775, 0.000202137889573, 0.000217809239984, 0.000149147308548, 0.000134924572194, 0.000152507724124, 7.10540844011e-05, 5.23364033143e-05, 3.8090704038e-05, 4.14088499383e-05, 6.73732938594e-05, 2.33134924201e-05, 3.84022860089e-05, 3.08182934532e-05, 1.25094702526e-05, 1.46475740621e-05, 8.33380909171e-06, 1.00121415016e-05, 1.40401316457e-05, 7.50019580664e-06, 4.51314508609e-06, 3.35466438628e-06, 2.339943876e-06, 2.80658127849e-06, 2.76767582363e-06, 1.2076660596e-06, 5.84145141147e-07, 2.85542910206e-07, 3.49529670984e-07, 2.37943112325e-07, 1.18233103308e-07, 7.37081506941e-08, 6.60238086425e-08, 5.38361035751e-08, 3.74134572212e-08, 2.85676193812e-08, 1.72346332761e-08, 1.11228688482e-08],
        "dmean2": [0.00011061035184, 0.000208821045817, 0.000535428582225, 0.000318548263749, 0.000324943539454, 0.000206560420338, 0.00020164513262, 0.00022260476544, 0.000103947306343, 7.60979601182e-05, 5.76592683501e-05, 6.46840198897e-05, 0.000103868616861, 3.74052360712e-05, 6.10108763794e-05, 4.89102530992e-05, 1.98765537789e-05, 2.36749328906e-05, 1.32998493427e-05, 1.58671045938e-05, 2.13339935726e-05, 1.18306606964e-05, 7.09275536792e-06, 5.24390497958e-06, 3.68010705643e-06, 4.42823193225e-06, 4.24286008638e-06, 1.87853174793e-06, 9.2056518497e-07, 4.51753237485e-07, 5.46594264961e-07, 3.72926393766e-07, 1.87580596389e-07, 1.17633497609e-07, 1.0439745779e-07, 8.55828190538e-08, 5.9934073704e-08, 4.56802276005e-08, 2.72273883439e-08, 1.78980315013e-08],
        "dvar": [3.97600317115e-08, 3.14398363344e-07, 4.76642344438e-06, 9.21279479371e-07, 1.1896011074e-06, 3.14844754712e-07, 1.74649827045e-07, 2.59416793824e-07, 4.46392007802e-08, 3.00046778534e-08, 1.13960281212e-08, 1.85654958074e-08, 6.9224668664e-08, 1.74901728656e-08, 2.46986875396e-08, 2.05294838906e-08, 2.6135502651e-09, 5.23410337294e-09, 8.62327487194e-10, 1.27047750098e-09, 3.02395464225e-09, 8.10604083856e-10, 2.66222432987e-10, 1.76361175663e-10, 5.60783641745e-11, 9.42065592202e-11, 1.76148928777e-10, 2.46534702375e-11, 6.3602881642e-12, 9.32118206405e-13, 7.92317513681e-12, 4.26236476669e-12, 2.00601281463e-13, 7.80936323637e-14, 7.75933069424e-14, 5.31879566974e-14, 1.92630335511e-14, 1.47286086864e-14, 4.9968413264e-15, 1.39601924669e-15],
        "dvar2": [8.24892865126e-08, 6.69324890623e-07, 1.30535736389e-05, 2.3430152396e-06, 2.60020465248e-06, 5.66622816223e-07, 4.1401867179e-07, 5.56784016226e-07, 9.31331172183e-08, 6.48228706268e-08, 2.68008228943e-08, 4.62329659001e-08, 1.6553097737e-07, 4.73180392646e-08, 6.38079953319e-08, 5.34986845935e-08, 6.70812205783e-09, 1.36175559717e-08, 2.11054063115e-09, 3.24305449162e-09, 6.59596555153e-09, 2.04636929624e-09, 6.88857804132e-10, 4.26305768464e-10, 1.34485492187e-10, 2.34627234308e-10, 3.91110255293e-10, 5.85211323845e-11, 1.51385935038e-11, 2.27372569557e-12, 1.45525275858e-11, 9.334153242e-12, 5.30224464595e-13, 1.93511466616e-13, 1.79625262689e-13, 1.29505279656e-13, 4.80169628559e-14, 3.50527373512e-14, 1.11964389447e-14, 3.69210565577e-15],
        "max": [0.00809781439602, 0.0314953997731, 0.102571561933, 0.0584063902497, 0.0717245042324, 0.0269080027938, 0.0133067518473, 0.0206065420061, 0.0107059646398, 0.0107452720404, 0.00382878258824, 0.00641733547673, 0.0092840641737, 0.00754275918007, 0.00638940744102, 0.00520561588928, 0.00158541835845, 0.00398032879457, 0.00114966777619, 0.00137710967101, 0.00205148546956, 0.000955517985858, 0.000659900309984, 0.000584719062317, 0.000280988722807, 0.000331227813149, 0.00093666795874, 0.000290982425213, 0.00012622581562, 3.44897744071e-05, 0.00032730345265, 0.000228863384109, 2.24714040087e-05, 1.44334680954e-05, 2.05898031709e-05, 1.05772078314e-05, 5.67705865251e-06, 8.02682006906e-06, 5.96810787101e-06, 1.51289839323e-06],
        "mean": [0.000200350579689, 0.000341425999068, 0.000536119623575, 0.000428596540587, 0.000432835280662, 0.000291827542242, 0.000250617973506, 0.000257345847785, 0.000130657994305, 0.000101581819763, 6.97801442584e-05, 6.8716086389e-05, 9.89027466858e-05, 3.29446702381e-05, 6.06860521657e-05, 4.89800186187e-05, 2.05859723792e-05, 2.09706631722e-05, 1.31001943373e-05, 1.49489123942e-05, 1.87592831935e-05, 1.01975010693e-05, 6.82108566252e-06, 4.87041825181e-06, 3.42987618751e-06, 3.90907416659e-06, 3.60760623153e-06, 1.80760639523e-06, 8.42065844608e-07, 4.22398017008e-07, 5.02821933424e-07, 3.1071954254e-07, 1.67090604464e-07, 1.02955738157e-07, 9.35665056545e-08, 7.1012756564e-08, 5.1879229801e-08, 3.86810441455e-08, 2.48402685088e-08, 1.66914944089e-08],
        "median": [4.70525337732e-05, 1.30919906951e-05, 6.61432113702e-06, 1.49499210238e-05, 2.32521306316e-05, 2.94094570563e-05, 4.14445275965e-05, 5.14654057042e-05, 2.48959913733e-05, 1.76780285983e-05, 1.31827073346e-05, 1.00552970252e-05, 8.37414154375e-06, 3.58035163117e-06, 4.9388872867e-06, 3.62613127436e-06, 2.25348503591e-06, 1.73712714968e-06, 2.21312416215e-06, 2.63051128968e-06, 2.18740115088e-06, 1.69414477114e-06, 1.13010821678e-06, 7.89775413068e-07, 7.22392258012e-07, 6.60401894947e-07, 6.04821821071e-07, 2.51265362294e-07, 1.30338705162e-07, 7.62652518915e-08, 5.6299406026e-08, 3.61361429668e-08, 2.61901860199e-08, 1.68620637453e-08, 1.39499958252e-08, 1.08259463616e-08, 7.42730188463e-09, 5.24780885414e-09, 3.93938659471e-09, 2.67336552895e-09],
        "min": [1.58254689325e-17, 1.51324669415e-17, 1.39535856761e-17, 1.26361086447e-17, 1.14297294142e-17, 1.07148799288e-17, 1.04095543298e-17, 1.00728976108e-17, 8.97557469941e-18, 6.61366427143e-18, 3.65690055442e-18, 1.94241219097e-18, 3.09745783343e-18, 6.32199914668e-18, 8.10353939096e-18, 6.48632229767e-18, 5.43676079488e-18, 1.047960412e-17, 1.77956642591e-17, 1.74826789676e-17, 1.02843597169e-17, 4.56843373712e-18, 1.3665465227e-18, 6.40183200196e-19, 6.62761095015e-19, 1.09191232298e-18, 1.81009803455e-18, 5.24211082448e-19, 8.58347040955e-18, 3.57185720574e-17, 2.15217621941e-17, 2.01154360387e-18, 1.6687900674e-17, 1.35848343493e-17, 2.09085430139e-18, 2.10204109199e-18, 4.43905938059e-18, 3.97381619455e-18, 6.68812996531e-18, 5.96947420835e-18],
        "var": [2.94492508601e-07, 1.59194837579e-06, 1.00124416349e-05, 3.82811231248e-06, 4.25185771746e-06, 1.24452708405e-06, 4.79676202758e-07, 5.95657297708e-07, 1.32445833856e-07, 1.17898139251e-07, 3.12810009007e-08, 3.84002873943e-08, 1.24658072309e-07, 2.5403180004e-08, 5.2969507891e-08, 4.09183549266e-08, 5.81786396836e-09, 7.7581141511e-09, 1.78863235334e-09, 2.42886910584e-09, 4.77141437472e-09, 1.17943654843e-09, 5.13724451867e-10, 2.97164765017e-10, 9.17020001601e-11, 1.5012197041e-10, 2.23531262944e-10, 5.89388399197e-11, 9.67106776606e-12, 1.5757451767e-12, 1.65074516556e-11, 7.0189019527e-12, 2.93219495993e-13, 1.13594660208e-13, 1.3159629907e-13, 6.65416005174e-14, 3.02970335994e-14, 1.93914844035e-14, 7.76151282052e-15, 2.38995470617e-15]
    },
    "mfcc": {
        "mean": [-775.846984863, 145.189804077, -30.7446918488, 16.1891231537, -6.00118303299, -9.35189628601, -2.76702284813, 2.74712157249, 1.44279360771, 6.94315052032, 2.5672545433, 6.26754665375, 8.41864299774],
        "cov": [[11870.9208984, 1998.4987793, -1073.29455566, -167.893447876, -794.128601074, -285.651550293, -573.268493652, -570.639160156, -711.709350586, -530.575927734, -540.015014648, -382.041564941, -420.977416992], [1998.4987793, 2144.37207031, -20.3054084778, 51.985912323, -8.72793197632, -132.140350342, -181.614074707, -327.258209229, -289.356018066, -208.674179077, -160.374526978, -123.422271729, -146.513580322], [-1073.29455566, -20.3054084778, 682.668151855, 204.788650513, 266.795684814, 200.49105835, 110.284294128, 52.9392471313, 23.5240879059, -17.8775062561, -10.2059526443, -17.3931045532, -50.50182724], [-167.893447876, 51.985912323, 204.788650513, 296.871917725, 151.394500732, 80.4261932373, 47.6297416687, 12.4077739716, 23.3966617584, 18.8214817047, -19.5819988251, -31.8525695801, -32.6254920959], [-794.128601074, -8.72793197632, 266.795684814, 151.394500732, 304.241210938, 161.576675415, 110.557533264, 59.228767395, 47.5529518127, 23.261932373, 4.99183416367, -6.62651014328, -17.0516490936], [-285.651550293, -132.140350342, 200.49105835, 80.4261932373, 161.576675415, 266.207946777, 138.423797607, 71.7645111084, 37.9519424438, -3.82011604309, 8.64605903625, -25.9324550629, -46.0815505981], [-573.268493652, -181.614074707, 110.284294128, 47.6297416687, 110.557533264, 138.423797607, 222.290161133, 127.837532043, 80.2242965698, 28.0908908844, 12.8580722809, -15.9403896332, -14.5424766541], [-570.639160156, -327.258209229, 52.9392471313, 12.4077739716, 59.228767395, 71.7645111084, 127.837532043, 233.118759155, 134.701034546, 57.8647842407, 22.2620849609, -1.87823188305, 20.5043201447], [-711.709350586, -289.356018066, 23.5240879059, 23.3966617584, 47.5529518127, 37.9519424438, 80.2242965698, 134.701034546, 221.57333374, 112.560028076, 40.2158279419, 4.9351606369, 24.201593399], [-530.575927734, -208.674179077, -17.8775062561, 18.8214817047, 23.261932373, -3.82011604309, 28.0908908844, 57.8647842407, 112.560028076, 187.244064331, 89.5380859375, 21.086145401, 22.2721538544], [-540.015014648, -160.374526978, -10.2059526443, -19.5819988251, 4.99183416367, 8.64605903625, 12.8580722809, 22.2620849609, 40.2158279419, 89.5380859375, 193.249969482, 88.9990081787, 15.3188428879], [-382.041564941, -123.422271729, -17.3931045532, -31.8525695801, -6.62651014328, -25.9324550629, -15.9403896332, -1.87823188305, 4.9351606369, 21.086145401, 88.9990081787, 179.789001465, 87.0541610718], [-420.977416992, -146.513580322, -50.50182724, -32.6254920959, -17.0516490936, -46.0815505981, -14.5424766541, 20.5043201447, 24.201593399, 22.2721538544, 15.3188428879, 87.0541610718, 189.237289429]],
