{
"lowlevel": {
    "average_loudness": 0.175371229649,
    "barkbands_crest": {
        "dmean": 2.29247713089,
        "dmean2": 3.70007300377,
        "dvar": 4.5835609436,
        "dvar2": 12.1557645798,
        "max": 26.406627655,
        "mean": 16.2777729034,
        "median": 15.9453763962,
        "min": 4.56871700287,
        "var": 22.0201435089
    },
    "barkbands_flatness_db": {
        "dmean": 0.0218424219638,
        "dmean2": 0.0355242826045,
        "dvar": 0.000417039613239,
        "dvar2": 0.00114062253851,
        "max": 0.542225778103,
        "mean": 0.393901467323,
        "median": 0.406363338232,
        "min": 0.0462272576988,
        "var": 0.00534378830343
    },
    "barkbands_kurtosis": {
        "dmean": 5.80662918091,
        "dmean2": 9.29562282562,
        "dvar": 165.598190308,
        "dvar2": 426.675872803,
        "max": 545.133850098,
        "mean": 13.6626777649,
        "median": 7.59069633484,
        "min": -1.85095667839,
        "var": 629.788146973
    },
    "barkbands_skewness": {
        "dmean": 0.605509638786,
        "dmean2": 0.958816468716,
        "dvar": 0.470750361681,
        "dvar2": 1.21737802029,
        "max": 15.6516389847,
        "mean": 1.72534382343,
        "median": 1.66977000237,
        "min": -9.94670295715,
        "var": 3.10677909851
    },
    "barkbands_spread": {
        "dmean": 0.660145580769,
        "dmean2": 1.07978153229,
        "dvar": 2.48535203934,
        "dvar2": 7.28446006775,
        "max": 41.6265258789,
        "mean": 2.60517311096,
        "median": 1.8189291954,
        "min": 0.204445511103,
        "var": 8.54013633728
    },
    "dissonance": {
        "dmean": 0.0541398823261,
        "dmean2": 0.0931719020009,
        "dvar": 0.00259419670328,
        "dvar2": 0.00695267412812,
        "max": 0.499959170818,
        "mean": 0.355448663235,
        "median": 0.364335983992,
        "min": 0.102801330388,
        "var": 0.00676059443504
    },
    "dynamic_complexity": 8.58923053741,
    "erbbands_crest": {
        "dmean": 2.56791257858,
        "dmean2": 4.11621046066,
        "dvar": 6.7386174202,
        "dvar2": 16.8028907776,
        "max": 33.3099212646,
        "mean": 16.8202857971,
        "median": 16.0233440399,
        "min": 1.78464615345,
        "var": 38.7722244263
    },
    "erbbands_flatness_db": {
        "dmean": 0.0160969067365,
        "dmean2": 0.025475859642,
        "dvar": 0.000269800249953,
        "dvar2": 0.00064903445309,
        "max": 0.560832858086,
        "mean": 0.403062582016,
        "median": 0.418382197618,
        "min": 0.0429625026882,
        "var": 0.00761808874086
    },
    "erbbands_kurtosis": {
        "dmean": 2.84240722656,
        "dmean2": 4.39314079285,
        "dvar": 24.5864543915,
        "dvar2": 55.9994087219,
        "max": 162.18598938,
        "mean": 6.93352746964,
        "median": 3.40670013428,
        "min": -1.89556288719,
        "var": 138.336288452
    },
    "erbbands_skewness": {
        "dmean": 0.415049403906,
        "dmean2": 0.6389939785,
        "dvar": 0.192294955254,
        "dvar2": 0.455539673567,
        "max": 9.92367172241,
        "mean": 1.36875736713,
        "median": 1.26618516445,
        "min": -6.77186441422,
        "var": 2.03861355782
    },
    "erbbands_spread": {
        "dmean": 1.53803420067,
        "dmean2": 2.44846105576,
        "dvar": 6.84543466568,
        "dvar2": 16.3468475342,
        "max": 108.095283508,
        "mean": 8.53477478027,
        "median": 5.40564727783,
        "min": 0.42026874423,
        "var": 163.562942505
    },
    "hfc": {
        "dmean": 2.31176161766,
        "dmean2": 3.45140075684,
        "dvar": 49.6631584167,
        "dvar2": 105.548080444,
        "max": 221.368774414,
        "mean": 7.41986846924,
        "median": 2.54817223549,
        "min": 1.2406539224e-16,
        "var": 187.737243652
    },
    "melbands_crest": {
        "dmean": 2.80884885788,
        "dmean2": 4.52876472473,
        "dvar": 7.37054395676,
        "dvar2": 18.773191452,
        "max": 34.2131958008,
        "mean": 18.7691841125,
        "median": 18.1765556335,
        "min": 1.96873617172,
        "var": 30.6806221008
    },
    "melbands_flatness_db": {
        "dmean": 0.021392390132,
        "dmean2": 0.0343345925212,
        "dvar": 0.000427459686762,
        "dvar2": 0.00113291235175,
        "max": 0.640680968761,
        "mean": 0.493550866842,
        "median": 0.509624421597,
        "min": 0.00862901750952,
        "var": 0.00608457252383
    },
    "melbands_kurtosis": {
        "dmean": 5.29868125916,
        "dmean2": 8.51875019073,
        "dvar": 108.680953979,
        "dvar2": 304.452941895,
        "max": 222.355072021,
        "mean": 12.8099069595,
        "median": 6.97442340851,
        "min": -1.88011348248,
        "var": 375.894897461
    },
    "melbands_skewness": {
        "dmean": 0.543442666531,
        "dmean2": 0.863754689693,
        "dvar": 0.365606218576,
        "dvar2": 0.952370166779,
        "max": 13.1281137466,
        "mean": 1.58631443977,
        "median": 1.43451607227,
        "min": -6.5240111351,
        "var": 2.91902422905
    },
    "melbands_spread": {
        "dmean": 0.918775320053,
        "dmean2": 1.44899761677,
        "dvar": 6.73219251633,
        "dvar2": 9.4727602005,
        "max": 156.436004639,
        "mean": 3.87590885162,
        "median": 2.96666812897,
        "min": 0.285018980503,
        "var": 24.0382671356
    },
    "pitch_salience": {
        "dmean": 0.0643913075328,
        "dmean2": 0.104869425297,
        "dvar": 0.00352351577021,
        "dvar2": 0.00932173710316,
        "max": 0.974742293358,
        "mean": 0.479880481958,
        "median": 0.486968398094,
        "min": 0.0790505930781,
        "var": 0.0172601416707
    },
    "silence_rate_20dB": {
        "dmean": 0,
        "dmean2": 0,
        "dvar": 0,
        "dvar2": 0,
        "max": 1,
        "mean": 1,
        "median": 1,
        "min": 1,
        "var": 0
    },
    "silence_rate_30dB": {
        "dmean": 0.00610454007983,
        "dmean2": 0.0122114103287,
        "dvar": 0.00606769882143,
        "dvar2": 0.0151167241856,
        "max": 1,
        "mean": 0.993896603584,
        "median": 1,
        "min": 0,
        "var": 0.00606656866148
    },
    "silence_rate_60dB": {
        "dmean": 0.0362457074225,
        "dmean2": 0.0725052505732,
        "dvar": 0.0349307395518,
        "dvar2": 0.0794596523046,
        "max": 1,
        "mean": 0.348083168268,
        "median": 0,
        "min": 0,
        "var": 0.226919725537
    },
    "spectral_centroid": {
        "dmean": 34.2080383301,
        "dmean2": 51.6382064819,
        "dvar": 37541.4804688,
        "dvar2": 37815.4257812,
        "max": 11195.8554688,
        "mean": 458.73336792,
        "median": 399.895141602,
        "min": 231.437210083,
        "var": 88228.703125
    },
    "spectral_complexity": {
        "dmean": 0.90957647562,
        "dmean2": 1.50314819813,
        "dvar": 1.13943839073,
        "dvar2": 2.66176915169,
        "max": 23,
        "mean": 5.99847412109,
        "median": 6,
        "min": 0,
        "var": 15.2769212723
    },
    "spectral_decrease": {
        "dmean": 1.09129860704e-09,
        "dmean2": 1.70681335732e-09,
        "dvar": 5.31829446909e-18,
        "dvar2": 1.35881190835e-17,
        "max": 3.66489869868e-27,
        "mean": -3.57806517748e-09,
        "median": -1.65849034506e-09,
        "min": -4.89553180216e-08,
        "var": 2.50238976695e-17
    },
    "spectral_energy": {
        "dmean": 0.00432532466948,
        "dmean2": 0.00675012590364,
        "dvar": 8.52596349432e-05,
        "dvar2": 0.000215616077185,
        "max": 0.192901358008,
        "mean": 0.0141774201766,
        "median": 0.00649436982349,
        "min": 1.09200886723e-20,
        "var": 0.000398337317165
    },
    "spectral_energyband_high": {
        "dmean": 1.42201585618e-07,
        "dmean2": 1.96625904891e-07,
        "dvar": 6.95970570671e-13,
        "dvar2": 1.35365113216e-12,
        "max": 3.8890480937e-05,
        "mean": 3.73085953242e-07,
        "median": 2.06833661309e-08,
        "min": 8.12624495594e-21,
        "var": 2.66306898408e-12
    },
    "spectral_energyband_low": {
        "dmean": 4.57107344118e-05,
        "dmean2": 7.1876347647e-05,
        "dvar": 2.88664452341e-08,
        "dvar2": 7.20925399378e-08,
        "max": 0.00903083197773,
        "mean": 9.75231814664e-05,
        "median": 3.32402996719e-05,
        "min": 6.99286632957e-23,
        "var": 8.03591930776e-08
    },
    "spectral_energyband_middle_high": {
        "dmean": 0.000728624523617,
        "dmean2": 0.00106591859367,
        "dvar": 2.43198210228e-05,
        "dvar2": 5.24812821823e-05,
        "max": 0.156289100647,
        "mean": 0.00156245101243,
        "median": 0.000109939006506,
        "min": 1.37766708877e-21,
        "var": 5.01747636008e-05
    },
    "spectral_energyband_middle_low": {
        "dmean": 0.00382779119536,
        "dmean2": 0.0060290847905,
        "dvar": 6.34250754956e-05,
        "dvar2": 0.000169976628968,
        "max": 0.189819380641,
        "mean": 0.0126161575317,
        "median": 0.00566984852776,
        "min": 2.27798341237e-22,
        "var": 0.000327060202835
    },
    "spectral_entropy": {
        "dmean": 0.159406080842,
        "dmean2": 0.251948416233,
        "dvar": 0.0256983041763,
        "dvar2": 0.0644626840949,
        "max": 9.80273342133,
        "mean": 5.32178974152,
        "median": 5.20076704025,
        "min": 3.8909766674,
        "var": 0.480042666197
    },
    "spectral_flux": {
        "dmean": 0.0127917919308,
        "dmean2": 0.0211171898991,
        "dvar": 0.000385364255635,
        "dvar2": 0.00102355878334,
        "max": 0.34543505311,
        "mean": 0.0326279588044,
        "median": 0.0237199515104,
        "min": 1.04499228715e-10,
        "var": 0.00101860659197
    },
    "spectral_kurtosis": {
        "dmean": 31.9658851624,
        "dmean2": 54.7956504822,
        "dvar": 984.368164062,
        "dvar2": 2808.38208008,
        "max": 373.772827148,
        "mean": 128.41734314,
        "median": 131.188964844,
        "min": -1.20281028748,
        "var": 4738.68408203
    },
    "spectral_rms": {
        "dmean": 0.000452502717962,
        "dmean2": 0.00069768546382,
        "dvar": 4.13207402516e-07,
        "dvar2": 1.04113053112e-06,
        "max": 0.0137184709311,
        "mean": 0.00296865636483,
        "median": 0.00251713534817,
        "min": 3.26400755382e-12,
        "var": 5.01877411807e-06
    },
    "spectral_rolloff": {
        "dmean": 48.833316803,
        "dmean2": 85.9016189575,
        "dvar": 151143.609375,
        "dvar2": 245743.390625,
        "max": 20068.9453125,
        "mean": 533.783996582,
        "median": 473.73046875,
        "min": 43.06640625,
        "var": 269688.9375
    },
    "spectral_skewness": {
        "dmean": 1.39497864246,
        "dmean2": 2.43630361557,
        "dvar": 1.83964502811,
        "dvar2": 5.18918275833,
        "max": 16.120218277,
        "mean": 8.43750667572,
        "median": 8.93905735016,
        "min": -0.00160479999613,
        "var": 9.36655235291
    },
    "spectral_spread": {
        "dmean": 321294.34375,
        "dmean2": 555253.3125,
        "dvar": 390207799296,
        "dvar2": 472811077632,
        "max": 40840144,
        "mean": 1326601.625,
        "median": 879830.25,
        "min": 200842.71875,
        "var": 3.01901964902e+12
    },
    "spectral_strongpeak": {
        "dmean": 0.340958505869,
        "dmean2": 0.530048787594,
        "dvar": 0.449427038431,
        "dvar2": 0.921740591526,
        "max": 22.3775615692,
        "mean": 1.1970385313,
        "median": 0.687524557114,
        "min": 0,
        "var": 2.46018409729
    },
    "zerocrossingrate": {
        "dmean": 0.00194772239774,
        "dmean2": 0.00260025379248,
        "dvar": 9.52790505835e-05,
        "dvar2": 0.000161473144544,
        "max": 0.51123046875,
        "mean": 0.022180987522,
        "median": 0.01953125,
        "min": 0.009765625,
        "var": 0.000242780501139
    },
    "barkbands": {
        "dmean": [8.58920088831e-07, 8.12376219983e-06, 2.83144127025e-05, 3.6512297811e-05, 0.00120699743275, 0.000926772481762, 0.00147995015141, 0.000820393615868, 0.0005110859056, 0.000177832524059, 0.000112799258204, 0.000265994924121, 0.000129331165226, 8.41036962811e-05, 0.000110366592708, 6.02907584835e-06, 2.26515157919e-06, 1.3493923916e-06, 9.40909046676e-07, 1.39583931968e-07, 5.01860348834e-08, 2.67970250434e-08, 6.89844004143e-09, 2.33761210389e-09, 2.43673037303e-09, 1.52376067319e-09, 6.53684717467e-10],
        "dmean2": [1.46159607084e-06, 1.29633217512e-05, 4.52508102171e-05, 5.76426900807e-05, 0.0019581601955, 0.00153378129471, 0.0024103585165, 0.00116979354061, 0.000602859770879, 0.000258798419964, 0.000163648728631, 0.000419485731982, 0.00020249413501, 0.000105791579699, 0.000132507164381, 7.97881148173e-06, 3.46056799572e-06, 1.89758475244e-06, 1.43872762237e-06, 1.94376454488e-07, 7.04585971789e-08, 3.74802517911e-08, 1.01094812521e-08, 3.93276211597e-09, 4.10915479421e-09, 2.71239364302e-09, 1.21630794325e-09],
        "dvar": [1.4593320042e-12, 4.2553285895e-10, 1.62920006375e-08, 1.29665087556e-08, 1.47429454955e-05, 7.21497644918e-06, 2.29893284995e-05, 1.33908733915e-05, 4.98894041812e-06, 1.30931471176e-06, 6.12563496816e-07, 1.55255038408e-05, 2.77110848401e-06, 1.2360663959e-06, 3.63675258086e-06, 8.05866373632e-10, 1.60477076072e-10, 6.39819724979e-11, 4.8538006947e-11, 6.2096649437e-13, 1.30287843231e-13, 3.40420305335e-14, 2.67061229698e-15, 9.60217393959e-17, 2.0477601188e-16, 7.67630093545e-17, 1.9896162866e-18],
        "dvar2": [3.81136051539e-12, 9.66374535949e-10, 4.12784260106e-08, 3.28851363918e-08, 4.1456285544e-05, 2.15142281377e-05, 6.84254409862e-05, 2.9528813684e-05, 6.00623252467e-06, 2.33580158238e-06, 1.21757284433e-06, 3.43487081409e-05, 7.39925098969e-06, 2.05526657737e-06, 4.51215373687e-06, 1.35817879166e-09, 3.09901160289e-10, 1.39011954725e-10, 1.04926636824e-10, 1.27912838741e-12, 2.75884946398e-13, 6.98305210314e-14, 5.50070141617e-15, 2.44406301202e-16, 5.09648607055e-16, 2.00378349167e-16, 6.76837806525e-18],
        "max": [1.54621684487e-05, 0.00102822831832, 0.00577132496983, 0.00340074975975, 0.106883049011, 0.0629125237465, 0.184058830142, 0.154577493668, 0.117479108274, 0.0771259441972, 0.038353625685, 0.154634401202, 0.0767753198743, 0.090061172843, 0.11828558892, 0.00155754107982, 0.000564144458622, 0.000406382139772, 0.000297090096865, 2.9385311791e-05, 1.27299827e-05, 9.36515516514e-06, 2.43215322371e-06, 3.11973451517e-07, 7.02845909473e-07, 3.13819299436e-07, 2.17322995155e-08],
        "mean": [9.44121438806e-07, 1.46939446495e-05, 5.12100814376e-05, 7.36309375498e-05, 0.00283706653863, 0.00208582170308, 0.00355759053491, 0.00190714071505, 0.00202868483029, 0.000414182402892, 0.000212168248254, 0.000346189335687, 0.000218716595555, 0.000180581162567, 0.000220803747652, 1.68327878782e-05, 5.4007136896e-06, 3.49962851942e-06, 1.82863379905e-06, 3.38384467113e-07, 9.51336431854e-08, 5.88887054676e-08, 1.31000543746e-08, 4.71540495539e-09, 3.779747626e-09, 2.17568674188e-09, 7.50681961037e-10],
        "median": [4.77141156807e-07, 3.84945133192e-06, 1.09423854155e-05, 2.18266795855e-05, 0.000788464443758, 0.00045194249833, 0.000345704203937, 0.000131920736749, 5.13898776262e-05, 3.88076950912e-05, 1.11686067612e-05, 6.56420706946e-06, 9.85342285276e-06, 2.03948320632e-06, 1.85010787845e-06, 3.90361890368e-07, 1.58376749937e-07, 5.68154270297e-08, 1.87364452842e-08, 6.09262151841e-09, 4.72466554768e-09, 3.42669248532e-09, 2.86408297079e-09, 2.47846321244e-09, 2.11492467983e-09, 1.29086108469e-09, 3.31060234782e-10],
        "min": [2.09894966288e-23, 1.16029874457e-23, 5.76477737531e-24, 2.51178471373e-23, 1.06129244112e-23, 1.85829865073e-23, 1.15189879588e-23, 2.02596835401e-23, 4.83342618139e-23, 8.12025079951e-23, 2.68720260882e-23, 5.90896197947e-23, 2.93371753962e-23, 3.39612445198e-23, 9.57049710529e-23, 8.33614309661e-23, 1.85004214851e-22, 1.44325712438e-22, 2.35075475803e-22, 2.74336666537e-22, 3.0914408744e-22, 4.80136037399e-22, 8.28266034672e-22, 7.38574644962e-22, 1.18238784073e-21, 1.71719463992e-21, 2.23709421468e-21],
        "var": [1.76946218094e-12, 1.45510403726e-09, 4.01098887437e-08, 3.28091402935e-08, 4.0915037971e-05, 2.04228890652e-05, 8.84050750756e-05, 4.04707170674e-05, 5.72463213757e-05, 5.16155978403e-06, 2.35790207626e-06, 1.76651847141e-05, 3.6059066133e-06, 4.84036127091e-06, 1.18154430311e-05, 5.63798296938e-09, 6.31671548401e-10, 2.53623622104e-10, 1.06986711157e-10, 2.51406989844e-12, 2.66310058858e-13, 1.14797480875e-13, 6.00751383928e-15, 1.34428774176e-16, 2.19800020554e-16, 8.07716324821e-17, 1.5235479879e-18]
    },
    "erbbands": {
        "dmean": [9.65779327089e-05, 0.00259709940292, 0.0251587070525, 0.0925626903772, 1.33245956898, 4.40019512177, 7.71195459366, 8.20845127106, 19.034740448, 17.928817749, 16.0669994354, 14.6237688065, 4.45338439941, 6.73841381073, 6.38647222519, 8.54730987549, 6.49257946014, 4.32254457474, 7.12080621719, 1.25596320629, 0.339209645987, 0.103933990002, 0.0785963758826, 0.0482895076275, 0.0385481007397, 0.00803521461785, 0.00310050765984, 0.00169827288482, 0.00111255049706, 0.000390131492168, 0.000161969976034, 6.56023112242e-05, 3.97829680878e-05, 2.9810504202e-05, 1.84684322448e-05, 1.1095429727e-05, 2.57942679127e-06, 5.45408113339e-07, 2.09045197153e-06, 4.89415970151e-06],
        "dmean2": [0.000162477357662, 0.00409773504362, 0.0395253747702, 0.14726549387, 2.12816858292, 7.15194368362, 12.3030405045, 13.9262399673, 30.6846790314, 28.1468029022, 23.6856040955, 16.9337825775, 5.71830701828, 10.0293521881, 9.8551530838, 13.5071048737, 10.1268024445, 5.9796500206, 8.56355285645, 1.66158854961, 0.412491083145, 0.156342163682, 0.11236936599, 0.0700328797102, 0.060651011765, 0.0116149382666, 0.00453659147024, 0.00234433892183, 0.00154696579557, 0.00054584722966, 0.00024057594419, 0.00010640147957, 6.58244025544e-05, 5.056869486e-05, 3.16823861795e-05, 1.90099272004e-05, 4.2693427531e-06, 9.01793043795e-07, 3.22773507833e-06, 7.61610908739e-06],
        "dvar": [2.24753051725e-08, 5.37796113349e-05, 0.0111498543993, 0.0885956659913, 38.6334381104, 221.163467407, 619.970092773, 672.435424805, 3234.88061523, 3144.66479492, 6548.98583984, 4228.78222656, 1279.52526855, 1274.13012695, 4927.35986328, 11716.8310547, 6713.09423828, 3754.30493164, 11452.0585938, 297.135192871, 2.82880544662, 0.23309366405, 0.270768612623, 0.0942216813564, 0.152497887611, 0.00296909222379, 0.000372580281692, 0.000161284653586, 5.62469613214e-05, 6.77660591464e-06, 1.53944210979e-06, 1.07110999181e-07, 2.19530242873e-08, 4.45924221992e-08, 1.05829425223e-08, 4.69018424099e-09, 1.03414714292e-10, 1.79843813453e-12, 2.12061999905e-11, 1.12299246291e-10],
        "dvar2": [5.70135156863e-08, 0.000114870614198, 0.0263126473874, 0.227768063545, 110.7421875, 631.407958984, 1644.11901855, 2161.77709961, 9135.45605469, 7817.74316406, 15515.0302734, 4987.72949219, 1325.7565918, 3201.68334961, 11016.9414062, 26451.3671875, 17942.4941406, 6018.66113281, 14296.6376953, 393.111694336, 3.87918353081, 0.468729645014, 0.601378142834, 0.204005807638, 0.313310921192, 0.00600872933865, 0.000804774928838, 0.000325814442476, 0.000109276057628, 1.25337301142e-05, 3.78681647817e-06, 2.78806396636e-07, 5.5020933587e-08, 1.1550033463e-07, 2.75060134669e-08, 1.23253247608e-08, 2.59752330756e-10, 4.24605576393e-12, 5.16522727367e-11, 2.80159756505e-10],
        "max": [0.00490822037682, 0.415557771921, 4.79937648773, 14.3921108246, 176.846466064, 382.979705811, 655.289123535, 676.384155273, 2135.81787109, 1602.66381836, 3793.3815918, 3464.61621094, 2928.17529297, 1508.14367676, 2657.03173828, 4109.19335938, 3913.32543945, 4559.98583984, 6836.20751953, 1035.57434082, 107.476776123, 19.3370380402, 29.6733417511, 14.0694942474, 20.7855224609, 1.98538661003, 0.789614379406, 0.470618546009, 0.362483650446, 0.145679160953, 0.0644312128425, 0.0125053785741, 0.0058773374185, 0.0118288751692, 0.00358113273978, 0.00273117446341, 0.000430766900536, 4.64566001028e-05, 9.24095656956e-05, 0.000216542190174],
        "mean": [0.000179481357918, 0.0049742362462, 0.0481757000089, 0.214826270938, 2.90033888817, 10.7029695511, 16.6669616699, 18.1257743835, 48.5976753235, 43.3291091919, 40.6663284302, 57.9058456421, 14.1172981262, 15.5108013153, 9.74972820282, 11.8660163879, 11.3712663651, 9.4474773407, 15.1356344223, 2.73999261856, 1.04533588886, 0.305153638124, 0.205961227417, 0.116939015687, 0.0707008838654, 0.0186662059277, 0.00700294831768, 0.00345244281925, 0.0023890004959, 0.000928075285628, 0.000332562165568, 0.000136531409225, 8.27890689834e-05, 5.34480059287e-05, 3.53999603249e-05, 2.16997232201e-05, 7.01893986843e-06, 1.41428768075e-06, 6.95390917826e-06, 1.60441959451e-05],
        "median": [8.85567278601e-05, 0.00138125696685, 0.013139853254, 0.0681076943874, 0.339328318834, 2.90500497818, 4.93243837357, 4.16887950897, 6.66543197632, 5.77416944504, 3.66176986694, 1.78278470039, 1.49249708652, 1.10209071636, 0.532372236252, 0.446265757084, 0.551170527935, 0.189903348684, 0.173143446445, 0.0688312128186, 0.0216801632196, 0.0100828148425, 0.00461202161387, 0.00189262232743, 0.000667245825753, 0.000307929032715, 0.000230046498473, 0.000173031468876, 0.00013164273696, 0.000102297221019, 8.39849672047e-05, 5.97902508161e-05, 4.30740692536e-05, 2.87439561362e-05, 1.89953680092e-05, 1.15155562526e-05, 3.44670661434e-06, 5.78454091738e-07, 3.10261111736e-06, 7.22371214579e-06],
        "min": [8.89580141245e-22, 1.06257317257e-21, 8.01079429156e-21, 7.83814441094e-20, 6.00269977881e-20, 1.43775477286e-20, 1.02299636478e-19, 1.29050476542e-19, 1.52202731975e-19, 4.72636733147e-19, 8.26631261229e-19, 1.03887422588e-18, 1.67475732766e-18, 2.15129266643e-18, 1.53425263561e-18, 2.76405875843e-18, 1.88038088286e-18, 2.04133327286e-18, 4.53431791352e-18, 3.77429113182e-18, 4.81527766679e-18, 1.04920234097e-17, 7.05166260964e-18, 8.66293599663e-18, 1.62910640839e-17, 1.2561806319e-17, 1.70355183634e-17, 1.28380457661e-17, 1.94294253782e-17, 1.77853228471e-17, 2.34814142766e-17, 1.41160869618e-17, 1.17682324003e-17, 1.26890382777e-17, 8.22116447407e-18, 5.54573191442e-18, 3.14850707814e-18, 1.18719629171e-18, 3.0540549946e-19, 3.51734838669e-20],
        "var": [8.20961645331e-08, 0.000206162090763, 0.0348369404674, 0.248014673591, 96.9524459839, 593.504516602, 1470.14624023, 1570.06469727, 16534.0917969, 11483.6513672, 17078.953125, 47637.9921875, 6405.26513672, 5304.63574219, 5835.55517578, 13741.7080078, 8744.76855469, 11827.6591797, 39708.03125, 973.118164062, 24.3291873932, 1.1967240572, 0.841862559319, 0.280185073614, 0.312403321266, 0.00912840571254, 0.00106461648829, 0.000394421716919, 0.000195886255824, 3.1216579373e-05, 2.68856069852e-06, 1.59141521294e-07, 3.53576332657e-08, 4.01612467726e-08, 1.28532366972e-08, 5.3745323747e-09, 1.64801741698e-10, 5.90589209482e-12, 9.89678755614e-11, 5.19792986431e-10]
    },
    "gfcc": {
        "mean": [-287.281982422, 212.039001465, -98.5312347412, -55.921787262, -59.1972808838, -29.3682231903, -43.0791549683, -22.2540340424, -13.371544838, -10.4069709778, -5.01107215881, -10.7493314743, -2.36728668213],
        "cov": [[11559.6669922, 2946.53881836, -3845.04956055, -2523.0168457, 817.081054688, -1472.23620605, 331.395233154, -628.25579834, 701.424987793, -316.426757812, 249.652832031, -547.922912598, -179.596633911], [2946.53881836, 1850.62329102, -336.895294189, -1108.87548828, 57.9461860657, -479.785949707, -17.0064487457, -406.561340332, 137.123504639, -282.913635254, 71.3224105835, -213.766174316, -25.8544368744], [-3845.04956055, -336.895294189, 2060.45166016, 758.134277344, -480.08770752, 467.467956543, -177.339523315, 44.7219390869, -320.420196533, -12.6412734985, -104.017845154, 126.98991394, 76.0317687988], [-2523.0168457, -1108.87548828, 758.134277344, 1108.19836426, -83.8905181885, 374.681976318, -48.5393562317, 214.302703857, -213.832809448, 137.300445557, -76.0863723755, 140.144485474, 6.30396556854], [817.081054688, 57.9461860657, -480.08770752, -83.8905181885, 299.709838867, -59.173740387, 10.4830951691, -35.1467056274, 70.8423614502, 7.3902463913, 27.2964363098, -25.4064998627, -45.9063987732], [-1472.23620605, -479.785949707, 467.467956543, 374.681976318, -59.173740387, 394.343414307, 43.5806922913, 98.4600830078, -117.907966614, 50.0482521057, -68.0840148926, 50.1637802124, 26.4838676453], [331.395233154, -17.0064487457, -177.339523315, -48.5393562317, 10.4830951691, 43.5806922913, 194.077209473, 97.7751922607, 24.5051307678, -4.24384689331, -16.8384170532, -47.0189704895, -17.7043895721], [-628.25579834, -406.561340332, 44.7219390869, 214.302703857, -35.1467056274, 98.4600830078, 97.7751922607, 242.938186646, 44.583480835, 80.1098709106, -16.6438369751, 29.6087856293, -17.1480236053], [701.424987793, 137.123504639, -320.420196533, -213.832809448, 70.8423614502, -117.907966614, 24.5051307678, 44.583480835, 204.595458984, 53.5743675232, 38.5122795105, -12.3518457413, -21.2070808411], [-316.426757812, -282.913635254, -12.6412734985, 137.300445557, 7.3902463913, 50.0482521057, -4.24384689331, 80.1098709106, 53.5743675232, 126.998878479, 26.1676311493, 27.9588928223, -10.5210599899], [249.652832031, 71.3224105835, -104.017845154, -76.0863723755, 27.2964363098, -68.0840148926, -16.8384170532, -16.6438369751, 38.5122795105, 26.1676311493, 80.4729156494, 21.6419010162, -17.476940155], [-547.922912598, -213.766174316, 126.98991394, 140.144485474, -25.4064998627, 50.1637802124, -47.0189704895, 29.6087856293, -12.3518457413, 27.9588928223, 21.6419010162, 127.169639587, 47.933467865], [-179.596633911, -25.8544368744, 76.0317687988, 6.30396556854, -45.9063987732, 26.4838676453, -17.7043895721, -17.1480236053, -21.2070808411, -10.5210599899, -17.476940155, 47.933467865, 93.7922897339]],
        "icov": [[0.000928780355025, -0.00121283857152, 0.00152421602979, -0.000617442303337, 0.000360887032002, 0.000599363527726, -0.000972328241915, 0.00102725892793, -0.00041311129462, -0.000467687263153, 0.000201993898372, 0.000407322251704, -5.46845076315e-05], [-0.00121283857152, 0.00640082871541, -0.00414461176842, 0.00315032107756, -0.00194994430058, 0.00157814950217, -0.0010941370856, 0.00284263025969, -0.00309556233697, 0.00631114561111, -0.00360749219544, 0.00338364113122, -0.000890165567398], [0.00152421602979, -0.00414461176842, 0.00522753689438, -0.00287078367546, 0.00368718220852, -0.00189117901027, 0.00128726987168, -9.4379975053e-05, 0.000469898135634, -0.00138703768607, 0.000908285786863, -0.000540346372873, 0.000691907538567], [-0.000617442303337, 0.00315032107756, -0.00287078367546, 0.00509084016085, -0.00262860907242, 0.00126364280004, -0.000120536846225, -0.00088136002887, 0.00274522439577, -0.00123990909196, 0.00165447441395, -0.00117971841246, 0.00123666820582], [0.000360887032002, -0.00194994430058, 0.00368718220852, -0.00262860907242, 0.00821495708078, -0.00311533710919, 0.00190107093658, 0.00121328548994, -0.00197555823252, 0.00110946211498, -0.000562696775887, -0.000570235890336, 0.00268669356592], [0.000599363527726, 0.00157814950217, -0.00189117901027, 0.00126364280004, -0.00311533710919, 0.00880217831582, -0.0056008673273, 0.0026826467365, 0.00146984041203, -0.00298544764519, 0.00373033597134, -0.000709430372808, -0.00049104943173], [-0.000972328241915, -0.0010941370856, 0.00128726987168, -0.000120536846225, 0.00190107093658, -0.0056008673273, 0.0140321617946, -0.00937773473561, 0.00218074047007, 0.00257745571434, -0.00173357338645, 0.00303877796978, -0.000846504117362], [0.00102725892793, 0.00284263025969, -9.4379975053e-05, -0.00088136002887, 0.00121328548994, 0.0026826467365, -0.00937773473561, 0.0163246765733, -0.0080485297367, 0.00157133780885, 0.000423238088842, 0.000114535534522, 0.00231395894662], [-0.00041311129462, -0.00309556233697, 0.000469898135634, 0.00274522439577, -0.00197555823252, 0.00146984041203, 0.00218074047007, -0.0080485297367, 0.017162097618, -0.0131709845737, 0.00602164724842, -0.00595730217174, 0.00191799853928], [-0.000467687263153, 0.00631114561111, -0.00138703768607, -0.00123990909196, 0.00110946211498, -0.00298544764519, 0.00257745571434, 0.00157133780885, -0.0131709845737, 0.028500687331, -0.0154592934996, 0.00970175862312, -0.00340810767375], [0.000201993898372, -0.00360749219544, 0.000908285786863, 0.00165447441395, -0.000562696775887, 0.00373033597134, -0.00173357338645, 0.000423238088842, 0.00602164724842, -0.0154592934996, 0.0290122441947, -0.0148071227595, 0.00956705026329], [0.000407322251704, 0.00338364113122, -0.000540346372873, -0.00117971841246, -0.000570235890336, -0.000709430372808, 0.00303877796978, 0.000114535534522, -0.00595730217174, 0.00970175862312, -0.0148071227595, 0.0226904209703, -0.0118682133034], [-5.46845076315e-05, -0.000890165567398, 0.000691907538567, 0.00123666820582, 0.00268669356592, -0.00049104943173, -0.000846504117362, 0.00231395894662, 0.00191799853928, -0.00340810767375, 0.00956705026329, -0.0118682133034, 0.0192841142416]]
    },
    "melbands": {
        "dmean": [1.43928525631e-06, 9.80167351372e-06, 3.16537007166e-05, 0.000210751954, 0.000262389454292, 0.000179292896064, 0.000302466592984, 0.000195385888219, 0.000124978381791, 8.18684857222e-05, 2.07666962524e-05, 2.7699941711e-05, 1.64679477166e-05, 3.76396528736e-05, 1.1608861314e-05, 1.30780317704e-05, 7.83263294579e-06, 1.09058073576e-05, 5.36861534783e-06, 4.20894281206e-07, 3.92742379063e-07, 1.24042855987e-07, 8.99520813391e-08, 6.1636768578e-08, 4.1504101489e-08, 2.99609403953e-08, 1.55249750833e-08, 4.72799399631e-09, 2.30466001838e-09, 1.40588163333e-09, 8.92862228596e-10, 8.26197943393e-10, 3.82504972141e-10, 1.93291979644e-10, 1.00969767269e-10, 7.31489868677e-11, 3.46460291012e-11, 3.03661679135e-11, 2.68048170465e-11, 2.5370846049e-11],
        "dmean2": [2.33062928601e-06, 1.5457493646e-05, 5.02936563862e-05, 0.00034481525654, 0.0004210275074, 0.000300421292195, 0.000489892961923, 0.000298614962958, 0.000180325514521, 9.50274406932e-05, 2.70927357633e-05, 4.17411283706e-05, 2.44544826273e-05, 5.94636185269e-05, 1.81516788871e-05, 2.03866129596e-05, 1.073648491e-05, 1.3263323126e-05, 6.70719782647e-06, 6.43853809379e-07, 4.75369091646e-07, 1.89986224086e-07, 1.36110045901e-07, 8.4983440729e-08, 6.04873306997e-08, 4.63823752739e-08, 2.43360496199e-08, 6.69714905754e-09, 3.42641492956e-09, 2.07143191489e-09, 1.23248300454e-09, 1.15804565937e-09, 5.72699332402e-10, 2.71842964805e-10, 1.50172957403e-10, 1.21381529827e-10, 5.76406422592e-11, 5.06713143666e-11, 4.58358975775e-11, 4.35037110502e-11],
        "dvar": [9.76386419632e-12, 1.54962698229e-09, 1.14561586884e-08, 8.29934549529e-07, 6.37728476249e-07, 2.90198272523e-07, 9.11560391614e-07, 3.77217588721e-07, 3.55501128979e-07, 1.34317332368e-07, 3.17712895992e-08, 2.14502513529e-08, 1.45353107328e-08, 3.33686102749e-07, 1.80423711527e-08, 2.23373231023e-08, 1.29655388648e-08, 2.20876827939e-08, 8.44724823423e-09, 5.44461264268e-12, 4.14527049838e-12, 4.99037551734e-13, 2.36538707458e-13, 1.62747528128e-13, 8.99885024895e-14, 7.3589849763e-14, 2.32234563746e-14, 1.15508474825e-15, 2.34258555327e-16, 1.94469182629e-16, 4.64134615124e-17, 3.87344758795e-17, 9.04976701009e-18, 2.16796035578e-18, 5.43701990921e-19, 4.1615691847e-19, 2.48448479118e-20, 9.73359017207e-21, 2.05847788999e-20, 3.20190047515e-20],
        "dvar2": [2.24853833469e-11, 3.68781405413e-09, 2.99891738109e-08, 2.41757561525e-06, 1.6904975837e-06, 9.1138042535e-07, 2.66585379904e-06, 8.6056309101e-07, 8.30975693589e-07, 1.6533645919e-07, 3.31962937139e-08, 5.63138584653e-08, 3.23047757433e-08, 7.37814445984e-07, 4.88050240222e-08, 5.4435517427e-08, 2.18325979517e-08, 2.83113799071e-08, 1.07918003422e-08, 1.40999616496e-11, 5.64631241068e-12, 9.80807557567e-13, 5.26476973996e-13, 3.45301044702e-13, 1.93893769855e-13, 1.54515818001e-13, 4.74580159784e-14, 2.2890317893e-15, 5.26370360923e-16, 4.66621821494e-16, 8.40016801299e-17, 7.87995214052e-17, 2.06162310339e-17, 3.60976284003e-18, 1.26212758487e-18, 1.11527376463e-18, 6.48728479986e-20, 2.54302769124e-20, 5.19420020029e-20, 8.57382786175e-20],
        "max": [0.000139305659104, 0.00177712575532, 0.00306693324819, 0.0225329790264, 0.020220041275, 0.0137447817251, 0.0364301353693, 0.0195337384939, 0.0273138694465, 0.0187902748585, 0.014653980732, 0.00573722459376, 0.00375698809512, 0.0227698683739, 0.0067872912623, 0.00530748674646, 0.00797078758478, 0.00958048459142, 0.0055827642791, 8.92405150807e-05, 0.000137014561915, 3.11271724058e-05, 2.24947489187e-05, 1.93564192159e-05, 1.47528398884e-05, 1.39731428135e-05, 7.61017645345e-06, 1.35719426453e-06, 7.11609118298e-07, 6.83074290464e-07, 3.32957625915e-07, 3.3359017948e-07, 1.63595018421e-07, 8.99584406966e-08, 3.12554533366e-08, 3.50785107628e-08, 6.1987366351e-09, 3.52661633229e-09, 6.94650292843e-09, 9.83600489946e-09],
        "mean": [2.74086823993e-06, 1.84072669072e-05, 6.95965645718e-05, 0.000503559655044, 0.000600014638621, 0.000393507711124, 0.000759436981753, 0.000465772667667, 0.000348783418303, 0.000319825776387, 5.70476768189e-05, 6.25364045845e-05, 2.80696531263e-05, 4.79895134049e-05, 1.86278539331e-05, 2.36885043705e-05, 1.60923154908e-05, 2.30557379837e-05, 1.10249220597e-05, 9.50719083903e-07, 1.20057325148e-06, 2.89271611109e-07, 2.10530842537e-07, 1.55857662776e-07, 9.17349112228e-08, 5.25913250726e-08, 2.83203718254e-08, 1.0125554617e-08, 4.96653473903e-09, 2.3011506034e-09, 1.7983931011e-09, 1.55670143442e-09, 8.00840116444e-10, 3.78232750675e-10, 1.89986512633e-10, 1.19661419662e-10, 6.23050500081e-11, 5.43452470525e-11, 4.0204391899e-11, 3.55464095658e-11],
        "median": [9.3572765536e-07, 5.01528120367e-06, 1.54531571752e-05, 0.000101750774775, 0.000195823260583, 8.8463537395e-05, 9.0668509074e-05, 6.16377001279e-05, 2.16052394535e-05, 8.35236369312e-06, 5.19526747667e-06, 3.70807310901e-06, 1.66398979218e-06, 8.49066623232e-07, 1.22557366922e-06, 8.59191686686e-07, 2.02281313477e-07, 2.21943054157e-07, 1.27830119823e-07, 2.95604056788e-08, 1.51720804809e-08, 8.18541501246e-09, 4.88239404461e-09, 1.97083860343e-09, 1.21463172853e-09, 4.30885549463e-10, 2.69375494133e-10, 1.71905614743e-10, 1.45480488767e-10, 1.09044058505e-10, 9.07445993348e-11, 7.43069286657e-11, 5.92336249494e-11, 5.2538973172e-11, 4.75214555207e-11, 3.89790803801e-11, 3.2502625591e-11, 2.8616680206e-11, 2.18507417021e-11, 1.9702080245e-11],
        "min": [6.39935325912e-24, 6.07404398232e-24, 1.25097530796e-23, 2.33773880552e-24, 2.77514482253e-24, 3.35336684985e-24, 2.29324034515e-24, 4.47823990221e-24, 6.78513464077e-24, 6.21604288956e-24, 8.96486381812e-24, 9.39653481634e-24, 4.02696176618e-24, 5.09694508789e-24, 6.11777251445e-24, 4.0393598986e-24, 3.20346335912e-24, 6.43504882065e-24, 6.56430683542e-24, 5.50488833338e-24, 4.82541127571e-24, 9.93007221212e-24, 1.18670199796e-23, 4.15985682415e-24, 5.88695773004e-24, 1.00791093364e-23, 1.24944815213e-23, 6.85034424978e-24, 1.06295512325e-23, 9.06116953515e-24, 6.46559982579e-24, 1.16410665505e-23, 8.69291743168e-24, 1.07045616494e-23, 1.35974707833e-23, 1.1930520127e-23, 7.36099915728e-24, 7.88108726348e-24, 8.96070573229e-24, 1.07031858759e-23],
        "var": [3.60010667111e-11, 4.74290828834e-09, 3.67238151e-08, 2.0623895125e-06, 1.67342273016e-06, 7.46994317069e-07, 4.13319457948e-06, 1.43942759223e-06, 1.15218949759e-06, 1.45394778883e-06, 1.56110885996e-07, 8.50651957762e-08, 2.70466085084e-08, 3.74116780222e-07, 1.99362002462e-08, 4.22230748143e-08, 3.86527609919e-08, 7.9870666525e-08, 2.74272480283e-08, 1.47404692619e-11, 3.78241361843e-11, 1.87322054569e-12, 8.37003155587e-13, 6.98573740087e-13, 2.18239082405e-13, 1.61804353553e-13, 4.44009419346e-14, 3.70980483271e-15, 7.07651293503e-16, 2.31952825765e-16, 1.31815770178e-16, 1.05248535465e-16, 3.1533812399e-17, 6.98381229271e-18, 9.84681591447e-19, 5.05284207756e-19, 2.82210082002e-20, 1.51878745362e-20, 2.21588438288e-20, 2.5100658363e-20]
    },
    "mfcc": {
        "mean": [-899.397888184, 212.916885376, 29.0337467194, -22.6952114105, -13.5417385101, -15.9548568726, -21.8844928741, -21.3282718658, -16.4599113464, -9.32034778595, -5.20767593384, -6.82575416565, -6.21173381805],
        "cov": [[7644.63085938, 4086.30639648, -2908.3659668, -1556.1427002, -230.296066284, -598.053283691, -587.565673828, -372.633453369, -178.561294556, 82.3411483765, 215.811859131, 0.318250924349, -28.2405090332], [4086.30639648, 2954.20996094, -795.574523926, -1068.6706543, -320.524169922, -334.195617676, -407.05670166, -299.701049805, -184.662643433, -59.0965576172, 19.8954582214, -35.8580932617, -87.1621932983], [-2908.3659668, -795.574523926, 2048.93139648, 556.25567627, -149.836791992, 203.150726318, 167.060180664, 42.59582901, -32.6771850586, -152.18661499, -183.84072876, -48.1476745605, -72.3501281738], [-1556.1427002, -1068.6706543, 556.25567627, 682.933288574, 158.281936646, 91.0378875732, 169.15524292, 107.783958435, 28.3573989868, -16.9176940918, -21.0857849121, 4.13618850708, 16.8005180359], [-230.296066284, -320.524169922, -149.836791992, 158.281936646, 240.37588501, 86.8390426636, 7.13275146484, 17.110086441, -4.30584621429, -4.01016950607, 20.364944458, 11.6217184067, 13.8921976089], [-598.053283691, -334.195617676, 203.150726318, 91.0378875732, 86.8390426636, 212.772369385, 115.776397705, 17.1487541199, 5.25651741028, -13.3078861237, -21.0954799652, -22.7208442688, -33.3735694885], [-587.565673828, -407.05670166, 167.060180664, 169.15524292, 7.13275146484, 115.776397705, 221.117156982, 109.111381531, 29.5204753876, 25.3963832855, -9.70626544952, -20.2455883026, -26.8272285461], [-372.633453369, -299.701049805, 42.59582901, 107.783958435, 17.110086441, 17.1487541199, 109.111381531, 143.53565979, 84.9666900635, 24.827255249, 1.55314147472, 15.1030244827, 20.215379715], [-178.561294556, -184.662643433, -32.6771850586, 28.3573989868, -4.30584621429, 5.25651741028, 29.5204753876, 84.9666900635, 133.617767334, 75.4603424072, 10.984082222, 19.9405441284, 30.7855873108], [82.3411483765, -59.0965576172, -152.18661499, -16.9176940918, -4.01016950607, -13.3078861237, 25.3963832855, 24.827255249, 75.4603424072, 134.039428711, 79.5478439331, 15.8575935364, 13.3529844284], [215.811859131, 19.8954582214, -183.84072876, -21.0857849121, 20.364944458, -21.0954799652, -9.70626544952, 1.55314147472, 10.984082222, 79.5478439331, 135.421081543, 78.3863830566, 11.1640062332], [0.318250924349, -35.8580932617, -48.1476745605, 4.13618850708, 11.6217184067, -22.7208442688, -20.2455883026, 15.1030244827, 19.9405441284, 15.8575935364, 78.3863830566, 126.106948853, 60.9378509521], [-28.2405090332, -87.1621932983, -72.3501281738, 16.8005180359, 13.8921976089, -33.3735694885, -26.8272285461, 20.215379715, 30.7855873108, 13.3529844284, 11.1640062332, 60.9378509521, 115.071205139]],
