{
"lowlevel": {
    "average_loudness": 0.290720552206,
    "barkbands_crest": {
        "dmean": 2.70504784584,
        "dmean2": 4.44911623001,
        "dvar": 5.55009746552,
        "dvar2": 14.5725507736,
        "max": 26.6215991974,
        "mean": 10.1059608459,
        "median": 9.10518836975,
        "min": 3.04151821136,
        "var": 18.3506984711
    },
    "barkbands_flatness_db": {
        "dmean": 0.0185177158564,
        "dmean2": 0.0288326740265,
        "dvar": 0.000249782315223,
        "dvar2": 0.000618517864496,
        "max": 0.399026185274,
        "mean": 0.193543151021,
        "median": 0.188634723425,
        "min": 0.069963298738,
        "var": 0.00224468810484
    },
    "barkbands_kurtosis": {
        "dmean": 2.9762032032,
        "dmean2": 4.88557052612,
        "dvar": 143.109130859,
        "dvar2": 393.078430176,
        "max": 413.586151123,
        "mean": 5.72668838501,
        "median": 1.33438491821,
        "min": -1.74032866955,
        "var": 789.749511719
    },
    "barkbands_skewness": {
        "dmean": 0.447335064411,
        "dmean2": 0.713756561279,
        "dvar": 0.279462039471,
        "dvar2": 0.704692423344,
        "max": 18.7930812836,
        "mean": 1.15597701073,
        "median": 0.899556159973,
        "min": -2.47603416443,
        "var": 2.83124542236
    },
    "barkbands_spread": {
        "dmean": 2.33574843407,
        "dmean2": 3.71513175964,
        "dvar": 4.38128805161,
        "dvar2": 10.8559837341,
        "max": 31.9000797272,
        "mean": 10.092622757,
        "median": 9.2878704071,
        "min": 0.662600815296,
        "var": 24.8060970306
    },
    "dissonance": {
        "dmean": 0.0323915928602,
        "dmean2": 0.0550122968853,
        "dvar": 0.000811442325357,
        "dvar2": 0.00229355320334,
        "max": 0.500000119209,
        "mean": 0.431558549404,
        "median": 0.439801812172,
        "min": 0.189521491528,
        "var": 0.00197242526338
    },
    "dynamic_complexity": 9.58291530609,
    "erbbands_crest": {
        "dmean": 3.37248420715,
        "dmean2": 5.61131906509,
        "dvar": 8.96690177917,
        "dvar2": 24.3533668518,
        "max": 32.3687858582,
        "mean": 11.3889083862,
        "median": 10.4264621735,
        "min": 2.40791630745,
        "var": 22.2077732086
    },
    "erbbands_flatness_db": {
        "dmean": 0.016513844952,
        "dmean2": 0.0258449744433,
        "dvar": 0.000194757449208,
        "dvar2": 0.000488211720949,
        "max": 0.470326751471,
        "mean": 0.257332652807,
        "median": 0.258143603802,
        "min": 0.0549419000745,
        "var": 0.00266472436488
    },
    "erbbands_kurtosis": {
        "dmean": 1.20258975029,
        "dmean2": 1.98554766178,
        "dvar": 3.89098882675,
        "dvar2": 10.6646728516,
        "max": 43.8118400574,
        "mean": 1.05625653267,
        "median": 0.363820672035,
        "min": -1.63779330254,
        "var": 7.55241727829
    },
    "erbbands_skewness": {
        "dmean": 0.401335865259,
        "dmean2": 0.647944748402,
        "dvar": 0.121706008911,
        "dvar2": 0.324355065823,
        "max": 4.91302394867,
        "mean": 0.688275933266,
        "median": 0.609549403191,
        "min": -1.4604113102,
        "var": 0.430537462234
    },
    "erbbands_spread": {
        "dmean": 3.70082187653,
        "dmean2": 5.95658779144,
        "dvar": 11.5859298706,
        "dvar2": 29.4367542267,
        "max": 92.0268936157,
        "mean": 18.2007579803,
        "median": 16.6998596191,
        "min": 1.08512532711,
        "var": 91.8522644043
    },
    "hfc": {
        "dmean": 3.56303954124,
        "dmean2": 5.7643866539,
        "dvar": 44.8652458191,
        "dvar2": 118.594284058,
        "max": 165.357391357,
        "mean": 13.1436014175,
        "median": 6.45888900757,
        "min": 1.24138382658e-16,
        "var": 291.227478027
    },
    "melbands_crest": {
        "dmean": 3.36204743385,
        "dmean2": 5.5011639595,
        "dvar": 8.93643188477,
        "dvar2": 23.8032245636,
        "max": 38.75340271,
        "mean": 12.9897823334,
        "median": 11.67786026,
        "min": 1.94079148769,
        "var": 31.6772499084
    },
    "melbands_flatness_db": {
        "dmean": 0.019154490903,
        "dmean2": 0.0292369611561,
        "dvar": 0.000277850456769,
        "dvar2": 0.000640660873614,
        "max": 0.480780273676,
        "mean": 0.243925631046,
        "median": 0.237113639712,
        "min": 0.0058443848975,
        "var": 0.00305815902539
    },
    "melbands_kurtosis": {
        "dmean": 3.48710656166,
        "dmean2": 5.62074232101,
        "dvar": 134.914978027,
        "dvar2": 361.597473145,
        "max": 467.639099121,
        "mean": 6.42416954041,
        "median": 2.59365105629,
        "min": -1.39794027805,
        "var": 490.455230713
    },
    "melbands_skewness": {
        "dmean": 0.466195255518,
        "dmean2": 0.741955339909,
        "dvar": 0.272149950266,
        "dvar2": 0.667920649052,
        "max": 18.7093086243,
        "mean": 1.35436105728,
        "median": 1.13085412979,
        "min": -1.81154417992,
        "var": 2.02656364441
    },
    "melbands_spread": {
        "dmean": 3.79782700539,
        "dmean2": 6.03993940353,
        "dvar": 17.6274185181,
        "dvar2": 35.3311195374,
        "max": 164.652572632,
        "mean": 15.1647119522,
        "median": 14.2943325043,
        "min": 0.673555254936,
        "var": 61.1516036987
    },
    "pitch_salience": {
        "dmean": 0.0633716583252,
        "dmean2": 0.103871993721,
        "dvar": 0.00283639738336,
        "dvar2": 0.00751469656825,
        "max": 0.944414079189,
        "mean": 0.556410372257,
        "median": 0.570097923279,
        "min": 0.0342602357268,
        "var": 0.012303202413
    },
    "silence_rate_20dB": {
        "dmean": 0,
        "dmean2": 0,
        "dvar": 0,
        "dvar2": 0,
        "max": 1,
        "mean": 1,
        "median": 1,
        "min": 1,
        "var": 0
    },
    "silence_rate_30dB": {
        "dmean": 0.00296491524205,
        "dmean2": 0.00593080744147,
        "dvar": 0.0029562599957,
        "dvar2": 0.00688339164481,
        "max": 1,
        "mean": 0.997035562992,
        "median": 1,
        "min": 0,
        "var": 0.00295580178499
    },
    "silence_rate_60dB": {
        "dmean": 0.019436666742,
        "dmean2": 0.038879737258,
        "dvar": 0.0190619211644,
        "dvar2": 0.0433062501252,
        "max": 1,
        "mean": 0.396739125252,
        "median": 0,
        "min": 0,
        "var": 0.239337325096
    },
    "spectral_centroid": {
        "dmean": 132.507415771,
        "dmean2": 205.850158691,
        "dvar": 32386.3847656,
        "dvar2": 53520.1835938,
        "max": 10600.0947266,
        "mean": 1006.88275146,
        "median": 973.11340332,
        "min": 274.406738281,
        "var": 126897.875
    },
    "spectral_complexity": {
        "dmean": 1.74534678459,
        "dmean2": 2.88566732407,
        "dvar": 3.44494223595,
        "dvar2": 9.03179931641,
        "max": 42,
        "mean": 13.0561590195,
        "median": 13,
        "min": 0,
        "var": 107.284988403
    },
    "spectral_decrease": {
        "dmean": 1.15864395855e-09,
        "dmean2": 1.87461335344e-09,
        "dvar": 4.61525257338e-18,
        "dvar2": 1.25738095368e-17,
        "max": 1.86004159395e-28,
        "mean": -3.79955134022e-09,
        "median": -2.02261229987e-09,
        "min": -4.65500811231e-08,
        "var": 2.33548258643e-17
    },
    "spectral_energy": {
        "dmean": 0.00467795226723,
        "dmean2": 0.00756773911417,
        "dvar": 7.53037384129e-05,
        "dvar2": 0.00020463616238,
        "max": 0.190689012408,
        "mean": 0.0155325401574,
        "median": 0.008240647614,
        "min": 1.0557685821e-20,
        "var": 0.000390002620406
    },
    "spectral_energyband_high": {
        "dmean": 1.13460901048e-05,
        "dmean2": 1.71029369085e-05,
        "dvar": 6.003841313e-10,
        "dvar2": 1.40750744393e-09,
        "max": 0.000610637129284,
        "mean": 3.93421832996e-05,
        "median": 1.84556047316e-05,
        "min": 7.79311169673e-21,
        "var": 3.36506578158e-09
    },
    "spectral_energyband_low": {
        "dmean": 0.000249958422501,
        "dmean2": 0.000401898432756,
        "dvar": 7.61483136102e-07,
        "dvar2": 2.14394026443e-06,
        "max": 0.0241821371019,
        "mean": 0.000503298128024,
        "median": 8.7676649855e-05,
        "min": 1.94917542701e-23,
        "var": 1.82265932835e-06
    },
    "spectral_energyband_middle_high": {
        "dmean": 0.00195999420248,
        "dmean2": 0.00322386738844,
        "dvar": 1.61262541951e-05,
        "dvar2": 4.51908927062e-05,
        "max": 0.0977380499244,
        "mean": 0.00576733984053,
        "median": 0.00249705743045,
        "min": 1.4073736972e-21,
        "var": 6.88108993927e-05
    },
    "spectral_energyband_middle_low": {
        "dmean": 0.00406033033505,
        "dmean2": 0.00665426440537,
        "dvar": 6.12128642388e-05,
        "dvar2": 0.000168846716406,
        "max": 0.162412181497,
        "mean": 0.00988455116749,
        "median": 0.004866048228,
        "min": 2.25537857158e-22,
        "var": 0.000182293399121
    },
    "spectral_entropy": {
        "dmean": 0.124978847802,
        "dmean2": 0.191384717822,
        "dvar": 0.0118792187423,
        "dvar2": 0.0271619837731,
        "max": 9.80307865143,
        "mean": 6.9528298378,
        "median": 7.04602050781,
        "min": 4.91649866104,
        "var": 0.172414392233
    },
    "spectral_flux": {
        "dmean": 0.0110061047599,
        "dmean2": 0.0182075798512,
        "dvar": 0.000212231869227,
        "dvar2": 0.000568149669562,
        "max": 0.286757469177,
        "mean": 0.0530586801469,
        "median": 0.0409165024757,
        "min": 1.02750599695e-10,
        "var": 0.00213600741699
    },
    "spectral_kurtosis": {
        "dmean": 4.97486305237,
        "dmean2": 8.76245689392,
        "dvar": 26.0237579346,
        "dvar2": 80.0680007935,
        "max": 81.1466064453,
        "mean": 12.7072162628,
        "median": 10.2249794006,
        "min": -1.16071796417,
        "var": 80.5269775391
    },
    "spectral_rms": {
        "dmean": 0.000455134024378,
        "dmean2": 0.000714097113814,
        "dvar": 3.56122740186e-07,
        "dvar2": 9.48392653299e-07,
        "max": 0.0136395767331,
        "mean": 0.0030531254597,
        "median": 0.00283542857505,
        "min": 3.20938956834e-12,
        "var": 5.83211931371e-06
    },
    "spectral_rolloff": {
        "dmean": 212.098953247,
        "dmean2": 358.566131592,
        "dvar": 167899.984375,
        "dvar2": 255672.359375,
        "max": 19229.1503906,
        "mean": 1157.69360352,
        "median": 1141.25976562,
        "min": 21.533203125,
        "var": 314204.71875
    },
    "spectral_skewness": {
        "dmean": 0.393512994051,
        "dmean2": 0.685372054577,
        "dvar": 0.129163935781,
        "dvar2": 0.392967939377,
        "max": 7.34745550156,
        "mean": 2.30623245239,
        "median": 2.12681531906,
        "min": 0.0251974388957,
        "var": 0.58381742239
    },
    "spectral_spread": {
        "dmean": 198795.8125,
        "dmean2": 317540.125,
        "dvar": 230015221760,
        "dvar2": 269737476096,
        "max": 40441784,
        "mean": 2394822.25,
        "median": 2203718.5,
        "min": 723685.1875,
        "var": 929522778112
    },
    "spectral_strongpeak": {
        "dmean": 0.535483121872,
        "dmean2": 0.888376176357,
        "dvar": 0.591642320156,
        "dvar2": 1.57122135162,
        "max": 9.13635540009,
        "mean": 1.1203918457,
        "median": 0.706192731857,
        "min": 0,
        "var": 1.45729196072
    },
    "zerocrossingrate": {
        "dmean": 0.0040245600976,
        "dmean2": 0.00508962804452,
        "dvar": 7.03340920154e-05,
        "dvar2": 6.42936720396e-05,
        "max": 0.5126953125,
        "mean": 0.0426493398845,
        "median": 0.04248046875,
        "min": 0,
        "var": 0.000244706636295
    },
    "barkbands": {
        "dmean": [1.78910499926e-06, 3.52969182131e-05, 0.000132281842525, 0.000271360215265, 0.000366609863704, 0.000400772260036, 0.00089224340627, 0.00129752478097, 0.00236023822799, 0.00116914184764, 0.000565601279959, 0.000744800781831, 0.000478655041661, 0.000323903921526, 0.000141009863, 8.57626000652e-05, 0.000144916863064, 8.05008021416e-05, 5.22727241332e-05, 1.38587865877e-05, 4.75845627079e-06, 2.6574880394e-06, 1.22669791836e-06, 8.1855029066e-07, 3.60949314882e-07, 1.17516052001e-07, 1.6133443026e-08],
        "dmean2": [3.25375253851e-06, 5.28620985278e-05, 0.000202006282052, 0.000473874300951, 0.000581466651056, 0.000598855025601, 0.00144657841884, 0.00214776257053, 0.00399866793305, 0.00199771416374, 0.000934856128879, 0.00124735780992, 0.000801869144198, 0.000558038009331, 0.000238798500504, 0.000144969439134, 0.000246117007919, 0.0001355560089, 8.78039427334e-05, 2.21921891352e-05, 7.72933071858e-06, 4.21128925154e-06, 1.91726189769e-06, 1.1641330957e-06, 4.87517468173e-07, 1.60828165008e-07, 2.64410928708e-08],
        "dvar": [4.87115035808e-12, 8.30176638544e-09, 2.80592018953e-07, 1.50077175931e-06, 1.12569853172e-06, 5.10137397214e-07, 2.75802335636e-06, 9.45864121604e-06, 3.27313719026e-05, 1.6339650756e-05, 1.77223921582e-06, 2.91942342301e-06, 1.58058355737e-06, 2.14686633626e-06, 8.10115992067e-08, 3.88252736627e-08, 8.9333809683e-08, 2.32190959792e-08, 8.71182592732e-09, 1.19463705595e-09, 1.52824419786e-10, 3.88791325523e-11, 7.43363964134e-12, 4.81480003436e-12, 1.42048959401e-12, 1.27101088443e-13, 2.21320878799e-15],
        "dvar2": [1.43609967668e-11, 1.92829450185e-08, 6.05200511927e-07, 5.10184463565e-06, 3.49285141965e-06, 1.14236911486e-06, 7.30471174393e-06, 2.68403691734e-05, 8.8400702225e-05, 4.76790810353e-05, 4.74219314128e-06, 7.91299680714e-06, 4.37596736447e-06, 6.04376691626e-06, 2.28143207437e-07, 1.07531739957e-07, 2.56631949469e-07, 6.51196927492e-08, 2.44581830344e-08, 2.92549784398e-09, 4.2491662966e-10, 9.65938648512e-11, 1.88172064736e-11, 8.78922368913e-12, 2.71113058219e-12, 2.12912207396e-13, 5.56743998912e-15],
        "max": [3.72618269466e-05, 0.0018950891681, 0.0164302866906, 0.0382396429777, 0.0244896709919, 0.0144411874935, 0.0318638123572, 0.0632472485304, 0.0950731635094, 0.113731078804, 0.0251552276313, 0.035704292357, 0.0240852460265, 0.0511932037771, 0.00503792054951, 0.00510797183961, 0.00602052081376, 0.0033114021644, 0.00158747925889, 0.00109522545245, 0.000332424096996, 0.000204238924198, 8.93411997822e-05, 0.000112769776024, 8.15846433397e-05, 2.2953539883e-05, 9.63871798376e-07],
        "mean": [1.94424637812e-06, 7.87959652371e-05, 0.000209571604501, 0.000543947622646, 0.000761977396905, 0.000842013629153, 0.00152996031102, 0.00183818058576, 0.00346483802423, 0.00171806861181, 0.000897429534234, 0.0012388365576, 0.000799475703388, 0.000540316163097, 0.000244608905632, 0.000164586948813, 0.000289422430797, 0.000185401484487, 0.000125763850519, 3.07560512738e-05, 1.06630568553e-05, 7.51067864257e-06, 4.07512607126e-06, 2.70906707556e-06, 1.24707082705e-06, 4.29238411925e-07, 2.74781193355e-08],
        "median": [1.20689094274e-06, 9.65140861808e-06, 2.23403294513e-05, 3.61661986972e-05, 0.000251961115282, 0.000306516594719, 0.000537735701073, 0.000374734372599, 0.000363206432667, 0.00034186890116, 0.000182116491487, 0.000211498569115, 0.000107086860226, 7.36246729502e-05, 8.78139544511e-05, 6.54136092635e-05, 9.36994911171e-05, 5.28411037521e-05, 4.39272553194e-05, 1.18788539112e-05, 3.81109839509e-06, 2.66657912107e-06, 1.68616020346e-06, 9.21164769352e-07, 3.51304947799e-07, 1.23448955947e-07, 9.04984176486e-09],
        "min": [3.34851653858e-24, 6.79238269477e-24, 9.61457123738e-24, 6.15900942941e-24, 4.48779497992e-23, 3.88695938701e-23, 2.72964048562e-23, 4.08419859468e-23, 5.12695091126e-23, 6.78317195484e-23, 4.34756580323e-23, 4.34779804388e-23, 8.0710940366e-23, 3.83125949621e-23, 1.03507272411e-22, 1.57709375094e-22, 2.52473455968e-22, 1.84955545288e-22, 2.73505598418e-22, 2.83075049178e-22, 4.99073041015e-22, 3.11242735127e-22, 5.10202568345e-22, 9.35685564923e-22, 1.22913899439e-21, 1.80649278562e-21, 2.7237791355e-21],
        "var": [5.55800631213e-12, 3.04890725999e-08, 5.7386125718e-07, 3.34398055202e-06, 2.20741003432e-06, 1.73255841673e-06, 5.61859178561e-06, 1.28995916384e-05, 5.28027521796e-05, 2.56948460446e-05, 3.39236544278e-06, 6.29726719126e-06, 3.11656526719e-06, 3.7943893858e-06, 1.5904136319e-07, 7.30630844714e-08, 2.16914216367e-07, 7.6794130166e-08, 3.12062304886e-08, 3.51547591038e-09, 4.08939604402e-10, 1.63885419124e-10, 3.9240985461e-11, 4.1704448922e-11, 1.03749561026e-11, 1.23088670333e-12, 4.37253781021e-15]
    },
    "erbbands": {
        "dmean": [0.000456009060144, 0.0113049307838, 0.114208295941, 0.531889617443, 1.18930733204, 1.30802464485, 1.67483997345, 3.92707872391, 10.1868124008, 13.9142980576, 35.8884544373, 57.9029655457, 43.6082344055, 25.6510219574, 22.2622890472, 30.724445343, 20.5450057983, 20.1877555847, 7.9351439476, 4.9973988533, 5.57846164703, 6.73930883408, 4.48988485336, 3.2698366642, 1.67491471767, 0.664002895355, 0.284629434347, 0.104631721973, 0.0960254892707, 0.0580320842564, 0.0367325171828, 0.0224478952587, 0.0115943821147, 0.00524984486401, 0.00212700595148, 0.000693817448337, 0.000214413899812, 4.15806352976e-05, 3.15336592394e-06, 5.41168083146e-06],
        "dmean2": [0.000642072118353, 0.0169193018228, 0.169798895717, 0.922530412674, 2.03724718094, 1.98539340496, 2.52429437637, 5.88527011871, 16.1412754059, 22.9798774719, 60.0887298584, 97.2668838501, 74.4410247803, 42.4789581299, 36.8062591553, 51.7625312805, 34.4320526123, 34.41822052, 13.4970111847, 8.38963413239, 9.40571498871, 11.388045311, 7.55903577805, 5.47077655792, 2.77904343605, 1.04626739025, 0.457080751657, 0.166928574443, 0.151786014438, 0.0933025255799, 0.0571033619344, 0.0331285819411, 0.0161746628582, 0.00709180952981, 0.00296242069453, 0.000982780125923, 0.000304424349451, 6.26171167823e-05, 5.0239536904e-06, 8.74665784067e-06],
        "dvar": [1.55136092417e-06, 0.00111540220678, 0.220146402717, 4.74122571945, 29.7127666473, 9.53358745575, 10.554063797, 60.0420951843, 381.543243408, 657.699035645, 7666.58935547, 22676.7324219, 27025.9414062, 3138.41308594, 3416.54858398, 6103.29980469, 2697.32348633, 6093.49414062, 399.890106201, 102.18144989, 145.925262451, 183.118850708, 70.3592300415, 39.0667419434, 11.9745006561, 2.88949203491, 0.553092062473, 0.055599603802, 0.0564144439995, 0.0164256393909, 0.00794418808073, 0.00322508462705, 0.00138639251236, 0.000259943568381, 5.008014341e-05, 4.82249515699e-06, 4.30944083973e-07, 1.26565016245e-08, 5.15977399695e-11, 1.00585088869e-10],
        "dvar2": [2.31221997637e-06, 0.00245769042522, 0.4277356565, 16.0115413666, 101.079673767, 25.2443313599, 23.9847488403, 132.177886963, 987.786987305, 1778.74865723, 21872.8867188, 60528.0898438, 77324.75, 8503.28710938, 8961.81347656, 17054.1210938, 7608.37548828, 17331.4707031, 1106.76904297, 287.926818848, 408.524108887, 524.796386719, 195.470535278, 109.411369324, 33.3642425537, 6.78097438812, 1.53615581989, 0.13820913434, 0.145083114505, 0.04272666201, 0.0201052203774, 0.00630652811378, 0.00276412302628, 0.000471246079542, 0.000101740879472, 8.64839785208e-06, 8.71035183536e-07, 2.85240027154e-08, 1.26103599785e-10, 2.72421391001e-10],
        "max": [0.0562345907092, 0.858746469021, 15.1317214966, 60.8222541809, 145.301574707, 62.2918510437, 79.1985015869, 181.865982056, 420.193847656, 476.187408447, 1814.20446777, 2790.66918945, 5182.34375, 1230.6472168, 1170.63378906, 1523.70837402, 1227.85070801, 2762.64501953, 506.991577148, 214.54888916, 314.178253174, 269.144989014, 201.284454346, 117.605369568, 76.5763397217, 50.8524169922, 21.9035511017, 6.85552358627, 6.3271946907, 3.88694381714, 3.52534723282, 2.60328578949, 2.09480595589, 1.01422226429, 0.457891583443, 0.125076666474, 0.0407625772059, 0.00533295422792, 0.000203355710255, 0.000224411254749],
        "mean": [0.00118240201846, 0.0247687418014, 0.207847520709, 1.02867949009, 2.19467973709, 2.84516906738, 3.53237891197, 7.97057580948, 18.7676315308, 24.0348911285, 53.8909378052, 85.2781143188, 66.2937011719, 42.8831825256, 38.9992179871, 51.7055091858, 37.6820678711, 36.0766334534, 15.1415319443, 10.1156682968, 11.8722295761, 14.8892736435, 11.0887861252, 8.29256534576, 4.11757659912, 1.57945716381, 0.671015262604, 0.290952950716, 0.254982769489, 0.175454720855, 0.118362285197, 0.0729948580265, 0.0365884155035, 0.0172427613288, 0.00686646439135, 0.00238207029179, 0.000723196426407, 0.000120837066788, 1.12971456474e-05, 1.84309192264e-05],
        "median": [0.000190203631064, 0.00320755690336, 0.0249629989266, 0.117741271853, 0.340433716774, 0.782082796097, 1.42589783669, 2.60557794571, 6.88111782074, 9.2860622406, 11.9299964905, 9.93313503265, 10.5838985443, 13.5056190491, 8.61029243469, 9.43169021606, 6.79588985443, 5.70865154266, 4.95072937012, 4.56998634338, 5.24241447449, 5.14846420288, 3.53457689285, 2.31415605545, 1.66064500809, 0.665560483932, 0.255736202002, 0.125962898135, 0.0934774875641, 0.0688769444823, 0.0471700131893, 0.0274744965136, 0.0113359196112, 0.0048806630075, 0.00201152916998, 0.000699892174453, 0.000207284057979, 3.85346720577e-05, 6.9721941145e-06, 9.91870547296e-06],
        "min": [2.08458551554e-22, 1.64742692318e-21, 1.08249992526e-20, 1.34703923218e-20, 1.20255026314e-19, 1.58836759261e-19, 1.39364604524e-19, 3.31235609955e-19, 3.57957602095e-19, 4.32424329945e-19, 1.16317382935e-18, 1.37504228798e-18, 1.66899704867e-18, 1.56744863436e-18, 1.75014584491e-18, 2.17664140951e-18, 3.08505694848e-18, 2.77900384415e-18, 4.42034111051e-18, 7.88384518335e-18, 8.01312606847e-18, 1.50400956825e-17, 1.18190899459e-17, 1.43878356453e-17, 1.3109260091e-17, 1.28564191018e-17, 2.4746598604e-17, 1.27830763056e-17, 1.15862352948e-17, 1.34341534745e-17, 1.478142307e-17, 1.38657531571e-17, 1.84407840732e-17, 1.27601898725e-17, 1.04902664781e-17, 6.25111224972e-18, 3.35918356951e-18, 1.46176131846e-18, 3.54633912846e-19, 4.12947044103e-20],
        "var": [1.17353383757e-05, 0.00328075746074, 0.523592829704, 9.8621635437, 45.0170402527, 30.9824981689, 35.8058204651, 195.654891968, 825.22845459, 1370.26269531, 10685.0986328, 34944, 43209.9257812, 6183.77587891, 6978.08056641, 11554.2382812, 5787.54541016, 11333.9580078, 848.487731934, 240.778015137, 322.189605713, 522.160827637, 260.090545654, 149.372467041, 36.6755256653, 9.13035297394, 1.52416670322, 0.223069518805, 0.201582729816, 0.0740331038833, 0.0357729829848, 0.0242056716233, 0.00868146773428, 0.00201696320437, 0.000326673471136, 3.88498956454e-05, 3.35845652444e-06, 7.91735175198e-08, 2.06786768264e-10, 5.42806910531e-10]
    },
    "gfcc": {
        "mean": [-149.678970337, 137.625396729, -166.54864502, -9.40246105194, -63.0731964111, -11.5153665543, -35.6953163147, 3.53664207458, -18.1528263092, -10.2780427933, -7.58458185196, -7.38347530365, -10.1873607635],
        "cov": [[25153.5683594, -1460.65429688, -2663.69433594, -747.450805664, -753.665405273, -99.6418457031, -489.625183105, 138.454162598, -785.352661133, -608.109558105, -743.26361084, -145.395782471, -1258.5255127], [-1460.65429688, 1050.65332031, 198.539657593, -38.1809768677, 211.083877563, -106.072570801, 129.837387085, -69.5747451782, 109.074440002, -58.8572158813, 135.941589355, -83.4002151489, 94.2166671753], [-2663.69433594, 198.539657593, 787.080383301, 289.30090332, 180.963043213, 142.227264404, 37.9818458557, 7.09047222137, 58.53881073, 82.1290435791, 24.2132015228, 24.3818206787, 108.803123474], [-747.450805664, -38.1809768677, 289.30090332, 398.711608887, 164.821182251, 89.5295028687, 6.77011919022, 4.42332220078, -28.789226532, 53.2858505249, -35.2037391663, 32.8665542603, 70.6492156982], [-753.665405273, 211.083877563, 180.963043213, 164.821182251, 219.925628662, 47.9910964966, 52.2218322754, -10.2566461563, 21.6789035797, 20.3951263428, 14.4532403946, -1.25007402897, 36.9623680115], [-99.6418457031, -106.072570801, 142.227264404, 89.5295028687, 47.9910964966, 180.024978638, 37.5150566101, 39.2095870972, -13.3393507004, 5.62282562256, -8.6230134964, 7.3983707428, -17.6810321808], [-489.625183105, 129.837387085, 37.9818458557, 6.77011919022, 52.2218322754, 37.5150566101, 150.265655518, 39.0003433228, 31.6859302521, -5.08443880081, 38.3175430298, -1.86146903038, 19.8539619446], [138.454162598, -69.5747451782, 7.09047222137, 4.42332220078, -10.2566461563, 39.2095870972, 39.0003433228, 93.4568405151, 36.3553466797, 24.1131820679, 0.88975250721, 4.27894449234, -10.0322818756], [-785.352661133, 109.074440002, 58.53881073, -28.789226532, 21.6789035797, -13.3393507004, 31.6859302521, 36.3553466797, 126.726287842, 55.5251922607, 52.9946975708, -11.0664892197, 27.1506595612], [-608.109558105, -58.8572158813, 82.1290435791, 53.2858505249, 20.3951263428, 5.62282562256, -5.08443880081, 24.1131820679, 55.5251922607, 124.549125671, 37.02734375, 29.1345329285, 46.8466567993], [-743.26361084, 135.941589355, 24.2132015228, -35.2037391663, 14.4532403946, -8.6230134964, 38.3175430298, 0.88975250721, 52.9946975708, 37.02734375, 126.894950867, 37.466293335, 40.401309967], [-145.395782471, -83.4002151489, 24.3818206787, 32.8665542603, -1.25007402897, 7.3983707428, -1.86146903038, 4.27894449234, -11.0664892197, 29.1345329285, 37.466293335, 98.7027435303, 44.8593521118], [-1258.5255127, 94.2166671753, 108.803123474, 70.6492156982, 36.9623680115, -17.6810321808, 19.8539619446, -10.0322818756, 27.1506595612, 46.8466567993, 40.401309967, 44.8593521118, 152.766067505]],
        "icov": [[0.00019144032558, -0.000431923603173, 0.00058673415333, -0.000158909533639, 0.000325242552208, -0.000300048413919, 0.000425069447374, -0.000658874982037, 0.000653882976621, -0.000326314300764, 0.000918075558729, -0.000874709687196, 0.00128510128707], [-0.000431923603173, 0.00428349711001, -0.00227525131777, 0.00132717995439, -0.00384825607762, 0.00319921667688, -0.00199454557151, 0.00216367817484, -0.00207059155218, 0.003786675632, -0.00551050063223, 0.00543515337631, -0.00442259386182], [0.00058673415333, -0.00227525131777, 0.004342535045, -0.00182590819895, 0.00146923435386, -0.00323624908924, 0.00180273188744, -0.00131687708199, 0.000736362824682, -0.00199775584042, 0.00383586785756, -0.00351681886241, 0.00343766389415], [-0.000158909533639, 0.00132717995439, -0.00182590819895, 0.00641422718763, -0.00485088909045, 0.000199507732759, 0.000147520258906, -0.000608165399171, 0.00214427057654, -0.000888656941243, 0.000388275278965, 0.000939052377362, -0.00314292265102], [0.000325242552208, -0.00384825607762, 0.00146923435386, -0.00485088909045, 0.0122271664441, -0.00340662151575, -0.00119888503104, 0.00170050060842, -0.000797775690444, -0.00290017481893, 0.00411204015836, -0.00393891101703, 0.00426484690979], [-0.000300048413919, 0.00319921667688, -0.00323624908924, 0.000199507732759, -0.00340662151575, 0.0112868472934, -0.0028253516648, -0.00227465596981, 0.0012827378232, 0.00272522401065, -0.0046342802234, 0.00360346515663, -0.000780132366344], [0.000425069447374, -0.00199454557151, 0.00180273188744, 0.000147520258906, -0.00119888503104, -0.0028253516648, 0.0117981722578, -0.00690698716789, 0.0016693972284, 0.00125522096641, -0.000252320343861, -0.00145339639857, 0.00116782914847], [-0.000658874982037, 0.00216367817484, -0.00131687708199, -0.000608165399171, 0.00170050060842, -0.00227465596981, -0.00690698716789, 0.021074604243, -0.00958694051951, -0.000691986642778, 0.000243846254307, 0.000597695470788, -0.0022602470126], [0.000653882976621, -0.00207059155218, 0.000736362824682, 0.00214427057654, -0.000797775690444, 0.0012827378232, 0.0016693972284, -0.00958694051951, 0.0198364574462, -0.00725509924814, -0.00156419887207, 0.00220526987687, 0.00310815614648], [-0.000326314300764, 0.003786675632, -0.00199775584042, -0.000888656941243, -0.00290017481893, 0.00272522401065, 0.00125522096641, -0.000691986642778, -0.00725509924814, 0.0171039514244, -0.00668017985299, 0.00239080027677, -0.00527226366103], [0.000918075558729, -0.00551050063223, 0.00383586785756, 0.000388275278965, 0.00411204015836, -0.0046342802234, -0.000252320343861, 0.000243846254307, -0.00156419887207, -0.00668017985299, 0.0222731027752, -0.013871120289, 0.00707711558789], [-0.000874709687196, 0.00543515337631, -0.00351681886241, 0.000939052377362, -0.00393891101703, 0.00360346515663, -0.00145339639857, 0.000597695470788, 0.00220526987687, 0.00239080027677, -0.013871120289, 0.0235422048718, -0.0112592065707], [0.00128510128707, -0.00442259386182, 0.00343766389415, -0.00314292265102, 0.00426484690979, -0.000780132366344, 0.00116782914847, -0.0022602470126, 0.00310815614648, -0.00527226366103, 0.00707711558789, -0.0112592065707, 0.0199422091246]]
    },
    "melbands": {
        "dmean": [6.6563047767e-06, 4.40646836068e-05, 0.000110223343654, 8.73727476574e-05, 5.49023861822e-05, 8.76072299434e-05, 0.000169985069078, 0.000159768780577, 0.000331766786985, 0.000362429302186, 0.000213468505535, 0.000103735583252, 7.45297729736e-05, 8.43960733619e-05, 5.64785368624e-05, 5.08954071847e-05, 3.89722554246e-05, 1.37309416459e-05, 1.04394575828e-05, 5.72670614929e-06, 8.04984392744e-06, 8.82181393536e-06, 5.84906274526e-06, 3.35843765242e-06, 3.0784815408e-06, 1.55797329171e-06, 8.64404853473e-07, 4.16374405177e-07, 2.26102059742e-07, 1.15738536977e-07, 6.38804777964e-08, 7.27047790861e-08, 4.09290663583e-08, 3.08596419529e-08, 2.47484379656e-08, 1.89150970442e-08, 1.44134055802e-08, 9.91189263999e-09, 6.36108632435e-09, 4.31533297984e-09],
        "dmean2": [9.77798299573e-06, 6.60483710817e-05, 0.000191471583094, 0.000139570023748, 8.29244236229e-05, 0.00013078484335, 0.000271678611171, 0.000263485824689, 0.000558864092454, 0.000608750327956, 0.000365230633179, 0.000172041531187, 0.000123096106108, 0.000140709045809, 9.43560080486e-05, 8.56651095091e-05, 6.70538356644e-05, 2.33534046856e-05, 1.75593559106e-05, 9.64522405411e-06, 1.3636506992e-05, 1.49529723785e-05, 9.90268836176e-06, 5.61182196179e-06, 5.18247952641e-06, 2.6205125323e-06, 1.40604947774e-06, 6.56692179746e-07, 3.63318292784e-07, 1.90339036976e-07, 1.0323369537e-07, 1.16545130879e-07, 6.60457430968e-08, 5.0831076237e-08, 3.91217476192e-08, 2.96820044099e-08, 2.16349533844e-08, 1.47949634766e-08, 9.07578101561e-09, 6.2417742086e-09],
        "dvar": [2.68369909628e-10, 3.0277760743e-08, 2.30076310004e-07, 7.4202752387e-08, 1.11099716094e-08, 2.68358846256e-08, 1.04953024049e-07, 9.68317692696e-08, 6.24886524747e-07, 8.95523101008e-07, 6.68635664169e-07, 5.27960892782e-08, 3.79018452179e-08, 3.65697623295e-08, 1.82559283246e-08, 2.07531805074e-08, 2.95894011515e-08, 1.51753720701e-09, 4.53258319766e-10, 1.30041713509e-10, 3.29672344979e-10, 3.70039165976e-10, 1.28368662922e-10, 4.13545968303e-11, 3.66557721676e-11, 9.09551774175e-12, 4.50416657097e-12, 1.34053770688e-12, 3.83085951199e-13, 1.01604095688e-13, 2.44469039874e-14, 3.71844279001e-14, 9.33926245665e-15, 4.5124884054e-15, 3.20522730604e-15, 2.18430400042e-15, 1.47969096116e-15, 1.32397231826e-15, 4.52949597995e-16, 1.89745226943e-16],
        "dvar2": [5.42114630964e-10, 6.08714501027e-08, 7.79310994403e-07, 2.34633589002e-07, 2.52939766909e-08, 5.91913362769e-08, 2.74320456128e-07, 2.61332132823e-07, 1.77336585239e-06, 2.39482869802e-06, 1.92713650904e-06, 1.43389499385e-07, 1.00897082689e-07, 9.6620787815e-08, 5.11677562542e-08, 5.65046107681e-08, 8.40545197889e-08, 4.07159728155e-09, 1.28086941054e-09, 3.63800128911e-10, 9.25906962213e-10, 1.06523290189e-09, 3.65617536247e-10, 1.1505863623e-10, 1.03334826806e-10, 2.6175436818e-11, 1.13511040845e-11, 3.12659793889e-12, 1.03694711238e-12, 2.79120991728e-13, 6.25043839928e-14, 9.27619323043e-14, 2.36468474874e-14, 1.18935716243e-14, 8.22501771959e-15, 5.22780899991e-15, 3.17775993338e-15, 2.9232398735e-15, 9.97254346329e-16, 3.82872444686e-16],
        "max": [0.000508400611579, 0.00556870549917, 0.0150573384017, 0.0066988132894, 0.00316212908365, 0.00350623205304, 0.00678320182487, 0.00691989809275, 0.014706928283, 0.0177841298282, 0.0250351484865, 0.00485995411873, 0.00399785023183, 0.00366995716467, 0.00274182180874, 0.0029505090788, 0.00628348998725, 0.00115588109475, 0.000421024626121, 0.000248092896072, 0.000456424371805, 0.000397073570639, 0.000203395495191, 0.000126794795506, 0.000119887845358, 5.14627790835e-05, 6.10845600022e-05, 3.35302283929e-05, 1.80123752216e-05, 8.21463163447e-06, 4.77535240861e-06, 5.35736944585e-06, 4.79345271742e-06, 1.71765054802e-06, 2.04253092306e-06, 1.63370089012e-06, 1.92751190298e-06, 2.31094213632e-06, 1.16310707199e-06, 7.43045291074e-07],
        "mean": [1.59270111908e-05, 7.93340077507e-05, 0.000221602153033, 0.000184040967724, 0.000121375524031, 0.000180190079845, 0.00030622901977, 0.000268470030278, 0.000485791213578, 0.000527715310454, 0.000313562573865, 0.000165542063769, 0.000124386424432, 0.000140530115459, 9.46592554101e-05, 8.52114171721e-05, 6.55532057863e-05, 2.34631515923e-05, 1.80279057531e-05, 1.07948153527e-05, 1.53498385771e-05, 1.69476970768e-05, 1.23554382299e-05, 7.688660844e-06, 6.88793534209e-06, 3.52532219949e-06, 1.79184121407e-06, 8.5453069687e-07, 4.62000429025e-07, 2.43585759563e-07, 1.47896088265e-07, 1.6372102607e-07, 1.09213324606e-07, 8.58603428355e-08, 6.97089248547e-08, 5.39995603788e-08, 4.05740046006e-08, 2.75232814317e-08, 1.84410708925e-08, 1.29495365542e-08],
        "median": [2.2238668862e-06, 9.9763419712e-06, 2.67239211098e-05, 4.2042323912e-05, 5.13904960826e-05, 5.81045387662e-05, 0.000111424611532, 9.6943374956e-05, 9.42466649576e-05, 4.9308197049e-05, 4.33617824456e-05, 4.74962580483e-05, 2.58539857896e-05, 2.37619824475e-05, 1.75312598003e-05, 1.07304795165e-05, 9.00187387742e-06, 6.2927711042e-06, 6.50226411381e-06, 4.67034806206e-06, 5.83584278502e-06, 4.8657248044e-06, 3.67579968952e-06, 2.02444562092e-06, 1.56989904099e-06, 1.08547294531e-06, 7.44096837479e-07, 2.88025773898e-07, 1.55993390649e-07, 8.24762480534e-08, 5.66371411992e-08, 5.26204146922e-08, 4.08155500509e-08, 3.28864189214e-08, 2.73384372917e-08, 2.05948911258e-08, 1.39882327943e-08, 8.07104427736e-09, 5.17655518451e-09, 3.53546769638e-09],
        "min": [2.01868460405e-24, 4.39079940403e-24, 4.82083193815e-24, 1.22279151662e-23, 4.57248708671e-24, 7.35811271522e-24, 6.09271434779e-24, 5.84371198078e-24, 9.46273917895e-24, 8.14699728627e-24, 8.73061946092e-24, 7.00033905116e-24, 6.14243506736e-24, 5.72805471689e-24, 3.37128424759e-24, 1.00594288345e-23, 3.67629652773e-24, 6.71989663277e-24, 7.61637946471e-24, 1.16058021014e-23, 9.14816906008e-24, 1.62165552529e-23, 1.18887515198e-23, 8.846434497e-24, 1.27528460895e-23, 7.73881698808e-24, 1.15238954625e-23, 7.11033071603e-24, 1.46287470669e-23, 1.18074988465e-23, 6.29727268584e-24, 6.01109879854e-24, 6.59673020191e-24, 8.17383354541e-24, 8.23784014153e-24, 8.77209303415e-24, 7.44270305895e-24, 1.27347827525e-23, 1.23547718884e-23, 1.03569114373e-23],
        "var": [1.41496958594e-09, 6.70508768508e-08, 4.99160535128e-07, 1.54746771841e-07, 4.06027389488e-08, 9.12413966603e-08, 2.19276103053e-07, 1.91403700001e-07, 8.79781282492e-07, 1.39037115332e-06, 1.05738024558e-06, 9.91156952068e-08, 7.14121100032e-08, 8.07679896297e-08, 3.68462629297e-08, 3.94622858835e-08, 5.13579117012e-08, 2.7884463627e-09, 9.04767427645e-10, 2.67693589517e-10, 6.34774954822e-10, 8.35927937981e-10, 3.62297886136e-10, 1.35278149793e-10, 1.15238048271e-10, 2.71105429772e-11, 1.09512841504e-11, 3.72107900048e-12, 9.74249001785e-13, 2.83515019187e-13, 7.28250942081e-14, 1.02669290441e-13, 3.4035823476e-14, 1.82641513133e-14, 1.24029264168e-14, 1.05155396516e-14, 9.10525605244e-15, 5.48802683866e-15, 2.45441603104e-15, 1.16998109317e-15]
    },
    "mfcc": {
        "mean": [-767.711303711, 158.86366272, -37.9310340881, -5.25805616379, -12.6799278259, -18.8551692963, -11.1104850769, 0.942158520222, -9.25203704834, -2.219789505, -2.5129327774, -0.383430808783, -0.994904339314],
        "cov": [[18630.9199219, 1784.5958252, -3314.67602539, 6.55285358429, -926.190429688, -350.985168457, -313.920410156, 495.999511719, -737.542419434, -105.311035156, 46.623374939, -334.132110596, -638.809875488], [1784.5958252, 1137.46118164, -293.043823242, -34.6372451782, -62.8413391113, -119.049919128, -23.0706939697, 49.2882537842, -92.8910598755, -30.5018177032, 0.937714159489, -1.73027348518, -43.6924247742], [-3314.67602539, -293.043823242, 951.02734375, 64.0492019653, 239.245346069, 139.437454224, 91.1030960083, -74.850692749, 162.224090576, 18.6646385193, -23.1102275848, 61.676902771, 124.035812378], [6.55285358429, -34.6372451782, 64.0492019653, 309.831268311, 137.238021851, 101.969497681, 58.0712661743, -7.61271381378, 53.7761192322, 3.84891152382, -57.5912628174, -18.4921340942, 36.8707580566], [-926.190429688, -62.8413391113, 239.245346069, 137.238021851, 230.375656128, 111.30506897, 45.0690460205, -25.2075176239, 59.1847000122, 20.9267177582, -20.8456363678, 1.39840221405, 42.1480827332], [-350.985168457, -119.049919128, 139.437454224, 101.969497681, 111.30506897, 155.388046265, 71.4067459106, 10.8850040436, 34.1290359497, 8.63424682617, -9.40180397034, -8.47749710083, 11.7306661606], [-313.920410156, -23.0706939697, 91.1030960083, 58.0712661743, 45.0690460205, 71.4067459106, 135.283889771, 58.8496017456, 35.2949562073, -2.08335661888, -8.54467773438, 11.3236932755, 21.8652038574], [495.999511719, 49.2882537842, -74.850692749, -7.61271381378, -25.2075176239, 10.8850040436, 58.8496017456, 131.654724121, -7.10002613068, -6.48014497757, 24.3436050415, 1.46805691719, -21.2647037506], [-737.542419434, -92.8910598755, 162.224090576, 53.7761192322, 59.1847000122, 34.1290359497, 35.2949562073, -7.10002613068, 127.961395264, 43.0158233643, -14.3273954391, 13.0629377365, 33.0224990845], [-105.311035156, -30.5018177032, 18.6646385193, 3.84891152382, 20.9267177582, 8.63424682617, -2.08335661888, -6.48014497757, 43.0158233643, 96.8094024658, 47.7960700989, -1.83204543591, -9.77582645416], [46.623374939, 0.937714159489, -23.1102275848, -57.5912628174, -20.8456363678, -9.40180397034, -8.54467773438, 24.3436050415, -14.3273954391, 47.7960700989, 110.219795227, 38.7989349365, -17.6310577393], [-334.132110596, -1.73027348518, 61.676902771, -18.4921340942, 1.39840221405, -8.47749710083, 11.3236932755, 1.46805691719, 13.0629377365, -1.83204543591, 38.7989349365, 102.712112427, 67.6565322876], [-638.809875488, -43.6924247742, 124.035812378, 36.8707580566, 42.1480827332, 11.7306661606, 21.8652038574, -21.2647037506, 33.0224990845, -9.77582645416, -17.6310577393, 67.6565322876, 128.967834473]],
