{
"lowlevel": {
    "average_loudness": 0.266894221306,
    "barkbands_crest": {
        "dmean": 2.79635858536,
        "dmean2": 4.43782329559,
        "dvar": 6.59958028793,
        "dvar2": 15.537103653,
        "max": 26.6871299744,
        "mean": 15.0445480347,
        "median": 14.4880723953,
        "min": 3.69842648506,
        "var": 24.5464191437
    },
    "barkbands_flatness_db": {
        "dmean": 0.0288905352354,
        "dmean2": 0.0469607971609,
        "dvar": 0.000756983761676,
        "dvar2": 0.00200136634521,
        "max": 0.634889423847,
        "mean": 0.356683492661,
        "median": 0.352048367262,
        "min": 0.0646395981312,
        "var": 0.00344615289941
    },
    "barkbands_kurtosis": {
        "dmean": 20.1098461151,
        "dmean2": 35.1541175842,
        "dvar": 20205.3144531,
        "dvar2": 66076.75,
        "max": 5607.02050781,
        "mean": 27.7006607056,
        "median": 4.41509532928,
        "min": -1.89420330524,
        "var": 23575.8515625
    },
    "barkbands_skewness": {
        "dmean": 0.875406146049,
        "dmean2": 1.4058021307,
        "dvar": 3.59794998169,
        "dvar2": 11.0728054047,
        "max": 66.012878418,
        "mean": 1.40388929844,
        "median": 0.945566117764,
        "min": -12.0233793259,
        "var": 14.0700263977
    },
    "barkbands_spread": {
        "dmean": 1.14211118221,
        "dmean2": 1.79348778725,
        "dvar": 3.06418132782,
        "dvar2": 7.78385066986,
        "max": 75.4491195679,
        "mean": 4.04542541504,
        "median": 3.48375868797,
        "min": 0.0456535518169,
        "var": 9.23334503174
    },
    "dissonance": {
        "dmean": 0.0532664358616,
        "dmean2": 0.0907624810934,
        "dvar": 0.00258702691644,
        "dvar2": 0.00705544138327,
        "max": 0.5,
        "mean": 0.37349781394,
        "median": 0.383066147566,
        "min": 0.0623660236597,
        "var": 0.00610414054245
    },
    "dynamic_complexity": 7.83651351929,
    "erbbands_crest": {
        "dmean": 3.2635102272,
        "dmean2": 5.08767700195,
        "dvar": 9.87410163879,
        "dvar2": 22.1130561829,
        "max": 34.2552146912,
        "mean": 17.1138000488,
        "median": 16.3915748596,
        "min": 2.23330283165,
        "var": 44.8442420959
    },
    "erbbands_flatness_db": {
        "dmean": 0.019812816754,
        "dmean2": 0.0303726233542,
        "dvar": 0.000367879430996,
        "dvar2": 0.000805509858765,
        "max": 0.632815778255,
        "mean": 0.390470564365,
        "median": 0.400017946959,
        "min": 0.0288014635444,
        "var": 0.00783235672861
    },
    "erbbands_kurtosis": {
        "dmean": 2.59081792831,
        "dmean2": 3.85156989098,
        "dvar": 19.0993938446,
        "dvar2": 37.1756286621,
        "max": 98.9705352783,
        "mean": 4.68788385391,
        "median": 2.05593442917,
        "min": -1.67689430714,
        "var": 64.1494979858
    },
    "erbbands_skewness": {
        "dmean": 0.481618583202,
        "dmean2": 0.720396399498,
        "dvar": 0.266584813595,
        "dvar2": 0.55916929245,
        "max": 6.35626316071,
        "mean": 0.745501160622,
        "median": 0.768885195255,
        "min": -5.98758935928,
        "var": 1.39048397541
    },
    "erbbands_spread": {
        "dmean": 2.4150352478,
        "dmean2": 3.74748110771,
        "dvar": 18.665102005,
        "dvar2": 51.6697654724,
        "max": 160.473510742,
        "mean": 12.1071300507,
        "median": 7.40246009827,
        "min": 0.223531991243,
        "var": 409.040649414
    },
    "hfc": {
        "dmean": 2.85704708099,
        "dmean2": 3.97544717789,
        "dvar": 29.3908405304,
        "dvar2": 52.065536499,
        "max": 112.080177307,
        "mean": 9.21552085876,
        "median": 4.37368869781,
        "min": 1.09135331432e-16,
        "var": 169.409408569
    },
    "melbands_crest": {
        "dmean": 3.30655241013,
        "dmean2": 5.27616453171,
        "dvar": 10.0409297943,
        "dvar2": 24.1402378082,
        "max": 39.9096565247,
        "mean": 18.1994190216,
        "median": 17.0327968597,
        "min": 2.18757629395,
        "var": 45.9117774963
    },
    "melbands_flatness_db": {
        "dmean": 0.028264503926,
        "dmean2": 0.0445381104946,
        "dvar": 0.000756338762585,
        "dvar2": 0.00187247805297,
        "max": 0.710511207581,
        "mean": 0.437811017036,
        "median": 0.433596789837,
        "min": 0.00512688886374,
        "var": 0.00476056104526
    },
    "melbands_kurtosis": {
        "dmean": 48.9230499268,
        "dmean2": 86.1575775146,
        "dvar": 170487.09375,
        "dvar2": 480071.75,
        "max": 26372.9433594,
        "mean": 65.6656951904,
        "median": 4.4013710022,
        "min": -1.7605278492,
        "var": 258203.734375
    },
    "melbands_skewness": {
        "dmean": 1.02812087536,
        "dmean2": 1.66415631771,
        "dvar": 9.2240562439,
        "dvar2": 27.2224159241,
        "max": 136.055923462,
        "mean": 1.86044669151,
        "median": 0.954655051231,
        "min": -7.51944303513,
        "var": 36.7014541626
    },
    "melbands_spread": {
        "dmean": 1.69582915306,
        "dmean2": 2.62216234207,
        "dvar": 5.72319412231,
        "dvar2": 10.6730308533,
        "max": 137.000976562,
        "mean": 6.61136293411,
        "median": 5.78124284744,
        "min": 0.0194380115718,
        "var": 21.6974754333
    },
    "pitch_salience": {
        "dmean": 0.0746976658702,
        "dmean2": 0.119943514466,
        "dvar": 0.00536808371544,
        "dvar2": 0.0129823703319,
        "max": 0.868484675884,
        "mean": 0.463018596172,
        "median": 0.474707663059,
        "min": 0.0119579210877,
        "var": 0.0205851513892
    },
    "silence_rate_20dB": {
        "dmean": 0,
        "dmean2": 0,
        "dvar": 0,
        "dvar2": 0,
        "max": 1,
        "mean": 1,
        "median": 1,
        "min": 1,
        "var": 0
    },
    "silence_rate_30dB": {
        "dmean": 0.0049108765088,
        "dmean2": 0.00982264708728,
        "dvar": 0.00488692428917,
        "dvar2": 0.0113634411246,
        "max": 1,
        "mean": 0.993270874023,
        "median": 1,
        "min": 0,
        "var": 0.00668389210477
    },
    "silence_rate_60dB": {
        "dmean": 0.0516551472247,
        "dmean2": 0.103319689631,
        "dvar": 0.0489837378263,
        "dvar2": 0.103188753128,
        "max": 1,
        "mean": 0.318541407585,
        "median": 0,
        "min": 0,
        "var": 0.217059642076
    },
    "spectral_centroid": {
        "dmean": 61.0899009705,
        "dmean2": 92.1266555786,
        "dvar": 19001.1894531,
        "dvar2": 29710.8847656,
        "max": 11704.2802734,
        "mean": 625.673156738,
        "median": 595.198730469,
        "min": 245.139450073,
        "var": 63374.4960938
    },
    "spectral_complexity": {
        "dmean": 1.26173150539,
        "dmean2": 2.03383350372,
        "dvar": 1.97795331478,
        "dvar2": 4.44334316254,
        "max": 25,
        "mean": 7.66790962219,
        "median": 7,
        "min": 0,
        "var": 27.1805267334
    },
    "spectral_decrease": {
        "dmean": 1.22030030525e-09,
        "dmean2": 1.75052494722e-09,
        "dvar": 4.66265953505e-18,
        "dvar2": 9.21276377698e-18,
        "max": -9.95175849587e-29,
        "mean": -3.9320036116e-09,
        "median": -1.88373650012e-09,
        "min": -4.77894701589e-08,
        "var": 2.75659047555e-17
    },
    "spectral_energy": {
        "dmean": 0.0048581440933,
        "dmean2": 0.00695592816919,
        "dvar": 7.38624730729e-05,
        "dvar2": 0.000144916994032,
        "max": 0.18768966198,
        "mean": 0.0156761817634,
        "median": 0.00750270020217,
        "min": 1.02744927835e-20,
        "var": 0.000438374525402
    },
    "spectral_energyband_high": {
        "dmean": 2.10360190067e-06,
        "dmean2": 3.00069564219e-06,
        "dvar": 6.72395125689e-11,
        "dvar2": 1.40307196417e-10,
        "max": 0.000250483804848,
        "mean": 3.12506858791e-06,
        "median": 1.90381612697e-07,
        "min": 7.48024113134e-21,
        "var": 1.10105917439e-10
    },
    "spectral_energyband_low": {
        "dmean": 0.000258113403106,
        "dmean2": 0.000422284763772,
        "dvar": 1.40484723943e-06,
        "dvar2": 3.8717444113e-06,
        "max": 0.0432962328196,
        "mean": 0.000446633202955,
        "median": 3.58754768968e-05,
        "min": 8.19839220534e-23,
        "var": 3.33078855874e-06
    },
    "spectral_energyband_middle_high": {
        "dmean": 0.00102688022889,
        "dmean2": 0.00145035202149,
        "dvar": 6.55384474157e-06,
        "dvar2": 1.2045224139e-05,
        "max": 0.0773208290339,
        "mean": 0.00279778987169,
        "median": 0.000916672346648,
        "min": 1.58990545789e-21,
        "var": 2.64006048383e-05
    },
    "spectral_energyband_middle_low": {
        "dmean": 0.00429107807577,
        "dmean2": 0.00615171110258,
        "dvar": 6.62339734845e-05,
        "dvar2": 0.000130817425088,
        "max": 0.183036506176,
        "mean": 0.0130636645481,
        "median": 0.00548305548728,
        "min": 4.13387196682e-22,
        "var": 0.000366256717825
    },
    "spectral_entropy": {
        "dmean": 0.215383917093,
        "dmean2": 0.340838372707,
        "dvar": 0.0484272018075,
        "dvar2": 0.115655355155,
        "max": 9.8069562912,
        "mean": 5.78174781799,
        "median": 5.758852005,
        "min": 3.19625163078,
        "var": 0.477243453264
    },
    "spectral_flux": {
        "dmean": 0.0188484303653,
        "dmean2": 0.0309936031699,
        "dvar": 0.000616428209469,
        "dvar2": 0.00155358342454,
        "max": 0.340972781181,
        "mean": 0.0407043509185,
        "median": 0.0326215066016,
        "min": 1.01363174798e-10,
        "var": 0.00124381575733
    },
    "spectral_kurtosis": {
        "dmean": 29.1607971191,
        "dmean2": 50.1751747131,
        "dvar": 767.305847168,
        "dvar2": 2085.04785156,
        "max": 347.154968262,
        "mean": 80.7547607422,
        "median": 68.5664215088,
        "min": -1.15297353268,
        "var": 3197.28149414
    },
    "spectral_rms": {
        "dmean": 0.000546356837731,
        "dmean2": 0.000765705481172,
        "dvar": 4.79011760035e-07,
        "dvar2": 9.02584247342e-07,
        "max": 0.0135318832472,
        "mean": 0.0031538172625,
        "median": 0.00270549580455,
        "min": 3.16605357382e-12,
        "var": 5.34730543222e-06
    },
    "spectral_rolloff": {
        "dmean": 71.4360198975,
        "dmean2": 125.1823349,
        "dvar": 50790.34375,
        "dvar2": 75586.53125,
        "max": 18540.0878906,
        "mean": 714.834533691,
        "median": 710.595703125,
        "min": 21.533203125,
        "var": 104032.164062
    },
    "spectral_skewness": {
        "dmean": 1.5681027174,
        "dmean2": 2.74581027031,
        "dvar": 1.88724482059,
        "dvar2": 5.3400812149,
        "max": 15.5612745285,
        "mean": 5.9950838089,
        "median": 5.60894060135,
        "min": -0.0431457273662,
        "var": 7.56848812103
    },
    "spectral_spread": {
        "dmean": 304792.9375,
        "dmean2": 537254.6875,
        "dvar": 173140312064,
        "dvar2": 346125402112,
        "max": 38836228,
        "mean": 1374412.875,
        "median": 1031653.1875,
        "min": 235044.03125,
        "var": 2.67269491917e+12
    },
    "spectral_strongpeak": {
        "dmean": 0.506506562233,
        "dmean2": 0.770734012127,
        "dvar": 0.56724178791,
        "dvar2": 1.14324533939,
        "max": 10.3180036545,
        "mean": 1.48435604572,
        "median": 0.965161681175,
        "min": 0,
        "var": 2.55474305153
    },
    "zerocrossingrate": {
        "dmean": 0.00258323689923,
        "dmean2": 0.00325130019337,
        "dvar": 3.78660479328e-05,
        "dvar2": 4.70078011858e-05,
        "max": 0.4873046875,
        "mean": 0.0283057037741,
        "median": 0.02783203125,
        "min": 0,
        "var": 0.000127062245156
    },
    "barkbands": {
        "dmean": [7.92720220488e-06, 0.000100901255792, 0.000122547251522, 0.000167577716638, 0.00101152760908, 0.00125472783111, 0.000609741662629, 0.0011602943996, 0.00130472902674, 0.00065657455707, 0.000285128626274, 0.000267298921244, 0.000166426645592, 4.63457981823e-05, 3.77368887712e-05, 1.67700127349e-05, 2.72032757493e-05, 1.02174881249e-05, 3.48821322405e-06, 1.62348203503e-06, 8.0067189856e-07, 1.66301006743e-07, 5.17458467186e-08, 1.1304107872e-08, 3.04570457743e-09, 8.59071425108e-10, 6.64552135543e-10],
        "dmean2": [1.45543390317e-05, 0.000171976498677, 0.000202676194021, 0.000271965400316, 0.00161748053506, 0.00189787871204, 0.000907678157091, 0.00177622644696, 0.00168092653621, 0.000908047310077, 0.000409218482673, 0.000402447622037, 0.000227905300562, 6.81510282448e-05, 5.25764698978e-05, 2.54062433669e-05, 3.81508943974e-05, 1.48973704199e-05, 5.15537294632e-06, 2.41835437009e-06, 1.11209021725e-06, 2.68196487241e-07, 8.6008341782e-08, 1.75827885585e-08, 4.79264850028e-09, 1.52055967817e-09, 1.2301067942e-09],
        "dvar": [2.96770025221e-10, 4.60057691498e-07, 3.060475251e-07, 4.07404257885e-07, 7.95274081611e-06, 1.25464339362e-05, 2.03494755624e-06, 1.27668554342e-05, 2.01896145882e-05, 3.4195606986e-06, 1.84565135442e-06, 7.790605423e-07, 1.9592314402e-06, 1.28361179463e-08, 1.15247367205e-08, 1.94708271728e-09, 2.00529246541e-08, 7.68348273894e-10, 1.98542932095e-10, 3.35955083197e-11, 1.62174874224e-11, 5.57123954175e-13, 8.91786576768e-14, 2.37411349599e-15, 3.9699690437e-16, 1.02878843335e-17, 2.01693185838e-18],
        "dvar2": [1.00917263435e-09, 1.37056122185e-06, 8.28463328162e-07, 1.02311264527e-06, 1.94424574147e-05, 2.72999295703e-05, 4.33582636106e-06, 3.20424187521e-05, 2.74387421086e-05, 5.67689403397e-06, 2.83277927338e-06, 1.94561107492e-06, 3.44357567883e-06, 2.79916569923e-08, 2.11518020876e-08, 4.23868762311e-09, 3.65811416714e-08, 1.64668390035e-09, 4.29199398244e-10, 7.29232368935e-11, 3.22263084274e-11, 1.43892048884e-12, 2.32987430347e-13, 5.27080058066e-15, 8.95809233643e-16, 2.59996465375e-17, 6.50083104562e-18],
        "max": [0.000785349518992, 0.025552790612, 0.0137824593112, 0.0210878923535, 0.0703292936087, 0.124334946275, 0.0339912325144, 0.0863827839494, 0.107558406889, 0.0562109611928, 0.0534408167005, 0.0183898787946, 0.0657137855887, 0.00295323762111, 0.00240444298834, 0.00117057003081, 0.00394939305261, 0.000636000826489, 0.000417402887251, 0.000161070012837, 0.000179373804713, 2.73586683761e-05, 9.8604532468e-06, 1.32722766466e-06, 1.53173994022e-06, 1.60384843184e-07, 2.82275287589e-08],
        "mean": [7.84389521868e-06, 0.000131323118694, 0.000183269439731, 0.000267248193268, 0.00209589884616, 0.00296878698282, 0.00143191218376, 0.00199424801394, 0.00329326209612, 0.00174139486626, 0.000513209961355, 0.000464168086182, 0.000309295806801, 9.699693328e-05, 7.81652197475e-05, 3.25608125422e-05, 3.9266407839e-05, 1.74374472408e-05, 6.17675914327e-06, 2.25694702749e-06, 1.22909193578e-06, 1.99886173391e-07, 5.9527383911e-08, 1.41352547445e-08, 3.67556873826e-09, 7.68927699291e-10, 5.65658186957e-10],
        "median": [3.63936715075e-06, 8.77246475284e-06, 9.02965439309e-06, 1.40731990541e-05, 0.000203238159884, 0.000466959783807, 0.000246408773819, 0.000387108826544, 0.00032378276228, 0.000195828193682, 4.08636624343e-05, 7.75343651185e-05, 2.28311073442e-05, 1.9709174012e-05, 1.18702600957e-05, 6.05255081609e-06, 3.37778169524e-06, 1.89991146726e-06, 4.42509957566e-07, 1.38411493822e-07, 4.01451956122e-08, 8.96838425746e-09, 3.64141405917e-09, 1.55255208689e-09, 2.96312308024e-10, 1.37432329406e-10, 1.32242897188e-10],
        "min": [1.05358558562e-23, 5.19866152299e-23, 2.28855159259e-23, 1.11982229152e-23, 9.82871336767e-23, 5.35273804846e-23, 8.51798878812e-23, 4.72776962273e-23, 5.97299476578e-23, 1.08279060472e-22, 1.14635045314e-22, 1.72532071503e-22, 2.50858525167e-23, 2.31578890861e-22, 9.985719407e-23, 1.58597367416e-22, 1.51096461411e-22, 1.63888591985e-22, 2.89932004871e-22, 2.77367356539e-22, 4.07113417457e-22, 4.08375569662e-22, 8.13502547007e-22, 9.41627593428e-22, 1.21802617829e-21, 1.20485490223e-21, 2.45710911148e-21],
        "var": [2.9746241581e-10, 7.85840200024e-07, 6.57845816932e-07, 8.51206209518e-07, 2.30240457313e-05, 4.75993474538e-05, 9.88469400909e-06, 1.97190220206e-05, 0.000107162763015, 1.78242989932e-05, 4.53083703178e-06, 1.32295065214e-06, 4.66355004392e-06, 3.69911177245e-08, 3.40651773456e-08, 4.83118522965e-09, 3.16130304157e-08, 1.7214865089e-09, 3.48058665223e-10, 5.21550545807e-11, 2.73683818663e-11, 5.71227906556e-13, 8.39437839985e-14, 3.23353917054e-15, 5.31171026031e-16, 1.07282628839e-17, 1.61050255806e-18]
    },
    "erbbands": {
        "dmean": [0.001031465712, 0.0290041379631, 0.125027626753, 0.354245901108, 1.18483304977, 3.59182929993, 10.2259473801, 9.12413597107, 8.7041349411, 10.3150911331, 29.0916385651, 18.6165332794, 39.5477409363, 13.5485982895, 11.669131279, 11.3197813034, 9.03881454468, 2.51921606064, 2.43038249016, 1.02784371376, 1.15478515625, 1.21207308769, 0.497170984745, 0.261068433523, 0.125539198518, 0.0989195853472, 0.0518550276756, 0.0152995781973, 0.00656032655388, 0.00370878214017, 0.00144394510426, 0.000558172992896, 0.000141157725011, 5.35992003279e-05, 1.52334059749e-05, 6.01771944275e-06, 2.16785451812e-06, 6.01355225172e-07, 2.37479707721e-06, 5.52447454538e-06],
        "dmean2": [0.00180877838284, 0.0490666031837, 0.206219270825, 0.574634313583, 1.88783788681, 5.69703626633, 16.0739536285, 13.6123332977, 13.087521553, 14.4895381927, 45.222278595, 25.0960350037, 50.4972763062, 17.7724876404, 16.6131820679, 17.0615444183, 12.3905086517, 3.67685413361, 3.39903092384, 1.53248739243, 1.68863558769, 1.71215224266, 0.727719306946, 0.379351943731, 0.18661378324, 0.145144149661, 0.0717548206449, 0.0219523757696, 0.0105389170349, 0.0059466524981, 0.00238047959283, 0.000921920931432, 0.00022568948043, 8.28580086818e-05, 2.36457835854e-05, 9.34342642722e-06, 3.25807832269e-06, 9.39483413731e-07, 3.3680926208e-06, 7.89075056673e-06],
        "dvar": [3.03822234855e-05, 0.0377146080136, 0.399130254984, 1.74225199223, 10.5697479248, 129.787963867, 1064.78466797, 645.023986816, 486.274841309, 814.997375488, 9557.91796875, 2432.81201172, 16785.765625, 1438.63745117, 2514.37573242, 1602.52368164, 5731.95117188, 86.3518600464, 35.8156051636, 6.872631073, 13.1598730087, 30.6678676605, 1.87514352798, 1.06523048878, 0.203506037593, 0.142051562667, 0.0628223195672, 0.00333337159827, 0.00110612588469, 0.000304298009723, 5.81968342885e-05, 1.54813806148e-05, 4.88032810608e-07, 1.08363110485e-07, 1.02887369735e-08, 5.91570126218e-10, 1.77950588293e-11, 1.17433710325e-12, 1.76125624501e-11, 9.55289666815e-11],
        "dvar2": [9.56566000241e-05, 0.11154204607, 1.09977042675, 4.44413614273, 25.7900333405, 306.320068359, 2596.66967773, 1358.67028809, 1028.84790039, 1624.20300293, 24067.7089844, 3840.68505859, 23379.7539062, 2173.52685547, 3945.1706543, 4131.43408203, 10146.3017578, 177.008636475, 66.1816635132, 16.1402606964, 25.2196655273, 56.3547935486, 4.07956790924, 2.25098133087, 0.452061444521, 0.3051905334, 0.125877201557, 0.00666989339516, 0.0028955640737, 0.000752674299292, 0.000150998675963, 4.33099448856e-05, 1.22551068671e-06, 2.54612615436e-07, 2.2312187653e-08, 1.35220901143e-09, 3.62838613321e-11, 2.84596369908e-12, 3.35247593575e-11, 1.85832516042e-10],
        "max": [0.182602107525, 7.40973472595, 21.4192466736, 42.2816619873, 80.088508606, 391.639678955, 990.089355469, 654.916137695, 627.256103516, 929.922668457, 2403.34936523, 1092.77038574, 2945.16918945, 1505.3059082, 1926.0559082, 978.785095215, 3592.11303711, 577.815795898, 126.338539124, 64.7940139771, 83.7089538574, 153.491897583, 39.2032318115, 29.3867778778, 17.0251216888, 11.4132156372, 11.0339441299, 1.68718409538, 1.27132642269, 0.435123383999, 0.260665386915, 0.165521115065, 0.0299425218254, 0.0224493332207, 0.0082012405619, 0.00126406364143, 0.000211529724766, 2.3883774702e-05, 8.91587333172e-05, 0.00021009723423],
        "mean": [0.00133839284535, 0.0388419218361, 0.193004369736, 0.620522499084, 2.22279596329, 7.83508872986, 19.1686382294, 24.108297348, 21.8891525269, 23.0704212189, 48.9590110779, 46.7250442505, 108.104782104, 34.9364395142, 23.6093444824, 20.4347496033, 17.4754772186, 5.64040994644, 5.33295249939, 2.26715135574, 2.04710102081, 1.91848027706, 0.867711007595, 0.478032976389, 0.229355305433, 0.138825163245, 0.0796816200018, 0.0239255875349, 0.00825883820653, 0.00424192007631, 0.0016577570932, 0.000649349589366, 0.000184825737961, 7.51337138354e-05, 2.58076834143e-05, 1.27430948851e-05, 6.1666428337e-06, 1.53601774855e-06, 7.76567867433e-06, 1.78640675585e-05],
        "median": [0.000266915973043, 0.00207178620622, 0.0106978416443, 0.0456554368138, 0.179950922728, 0.617583811283, 2.33539009094, 3.58384728432, 4.28088331223, 5.42172718048, 10.0070867538, 10.1375894547, 7.08932209015, 6.22708463669, 4.08169126511, 4.1069560051, 2.07437443733, 1.18486118317, 1.15916383266, 0.535183608532, 0.357951581478, 0.239597767591, 0.11238977313, 0.0451797880232, 0.0182742942125, 0.00954009126872, 0.00347885326482, 0.000975071277935, 0.000387940497603, 0.000200049616979, 0.000105618972157, 5.51975463168e-05, 2.69728625426e-05, 1.15101138363e-05, 7.70032056607e-06, 5.23197422808e-06, 2.9439033824e-06, 7.27835299585e-07, 3.76419529857e-06, 8.59333977132e-06],
        "min": [1.07190116879e-21, 1.30995447965e-20, 2.97234622294e-20, 3.13449462564e-20, 5.93952967564e-20, 3.92334659666e-19, 6.82859309154e-19, 3.76277739808e-19, 5.80622370381e-19, 1.71271002853e-18, 1.22396074763e-18, 1.73650253468e-18, 3.17517806942e-18, 2.97987369576e-18, 5.73610132854e-18, 7.0035967986e-18, 1.79831650108e-18, 9.51190785524e-18, 8.28925301901e-18, 5.06919233634e-18, 9.73995245114e-18, 8.81978515721e-18, 8.52578366081e-18, 1.39258006793e-17, 1.19610225585e-17, 1.15301450046e-17, 1.89328854001e-17, 1.57632517155e-17, 1.71686547373e-17, 1.96313666355e-17, 2.10162175278e-17, 2.04399786977e-17, 1.64014662259e-17, 1.08770089832e-17, 9.15320677287e-18, 4.6886751925e-18, 2.34867202266e-18, 1.15243237211e-18, 3.51451361288e-19, 3.60483469181e-20],
        "var": [4.09895910707e-05, 0.0666769519448, 0.862037539482, 3.90301036835, 30.088432312, 403.11026001, 2248.55786133, 3242.55639648, 2525.17504883, 3097.62768555, 13374.1650391, 12207.8369141, 96158.234375, 7313.5, 6489.14453125, 2678.67138672, 13302.5292969, 240.083816528, 112.25, 18.804523468, 25.7640323639, 50.3129730225, 3.89130163193, 1.96929192543, 0.403200119734, 0.21650005877, 0.106152899563, 0.00606362055987, 0.00112353265285, 0.00031383469468, 5.51581506443e-05, 1.2962665096e-05, 5.40420728612e-07, 1.36845571319e-07, 1.4439464735e-08, 9.24552323589e-10, 7.70510807935e-11, 4.68959419908e-12, 1.07474452948e-10, 5.69628622049e-10]
    },
    "gfcc": {
        "mean": [-256.953887939, 212.779754639, -149.64251709, -48.7909202576, -41.2127571106, -30.2277545929, -18.0182228088, -13.3517951965, -6.27396297455, -13.759180069, -3.3339817524, -9.37777233124, 0.50811457634],
        "cov": [[23567.0019531, 3594.32983398, -4735.89501953, -956.662902832, -675.664855957, -2259.5612793, 93.1715927124, -1347.609375, -351.123199463, -859.360656738, 21.834280014, -422.614685059, 94.167137146], [3594.32983398, 1754.73657227, -624.030029297, -845.987426758, -42.2900772095, -605.393310547, -192.996551514, -329.434661865, 8.30852031708, -154.97076416, 46.3078613281, -96.9691925049, -6.85181617737], [-4735.89501953, -624.030029297, 1404.31945801, 304.126953125, 129.618728638, 472.121032715, -154.358505249, 173.583602905, 4.80626535416, 143.379745483, -33.9872207642, 75.1485900879, 0.791585087776], [-956.662902832, -845.987426758, 304.126953125, 996.234191895, 124.782989502, 267.608306885, 64.9747238159, 18.6302528381, -83.3300628662, 49.1707000732, -40.4145965576, 11.3516769409, -82.5352478027], [-675.664855957, -42.2900772095, 129.618728638, 124.782989502, 231.376434326, 73.9295501709, -1.44061851501, 20.6165714264, -40.6324806213, 17.7974243164, -9.4218082428, 13.205327034, -40.8821563721], [-2259.5612793, -605.393310547, 472.121032715, 267.608306885, 73.9295501709, 512.983703613, 133.207321167, 170.534820557, -10.3064889908, 15.0777254105, -49.9769897461, 33.4584922791, 8.05782318115], [93.1715927124, -192.996551514, -154.358505249, 64.9747238159, -1.44061851501, 133.207321167, 312.043762207, 147.630966187, 10.4517974854, -18.4508399963, -67.7825317383, -45.507900238, -11.6729822159], [-1347.609375, -329.434661865, 173.583602905, 18.6302528381, 20.6165714264, 170.534820557, 147.630966187, 289.639526367, 106.547172546, 69.3155670166, -14.2391910553, -7.1256480217, -25.5984134674], [-351.123199463, 8.30852031708, 4.80626535416, -83.3300628662, -40.6324806213, -10.3064889908, 10.4517974854, 106.547172546, 150.602539062, 75.5785598755, 32.032535553, -2.05285668373, -29.3451404572], [-859.360656738, -154.97076416, 143.379745483, 49.1707000732, 17.7974243164, 15.0777254105, -18.4508399963, 69.3155670166, 75.5785598755, 162.996185303, 67.9183807373, 21.2001743317, -34.1037750244], [21.834280014, 46.3078613281, -33.9872207642, -40.4145965576, -9.4218082428, -49.9769897461, -67.7825317383, -14.2391910553, 32.032535553, 67.9183807373, 121.447250366, 56.6810417175, -15.5935230255], [-422.614685059, -96.9691925049, 75.1485900879, 11.3516769409, 13.205327034, 33.4584922791, -45.507900238, -7.1256480217, -2.05285668373, 21.2001743317, 56.6810417175, 131.408874512, 65.3227615356], [94.167137146, -6.85181617737, 0.791585087776, -82.5352478027, -40.8821563721, 8.05782318115, -11.6729822159, -25.5984134674, -29.3451404572, -34.1037750244, -15.5935230255, 65.3227615356, 156.108840942]],
        "icov": [[0.00031493458664, -0.000329014699673, 0.000677120522596, -0.000405055645388, 0.00041395824519, 0.000395915703848, -0.00018772338808, 0.000298487168038, 0.000169835824636, 0.000589396920986, -0.000412404973758, 0.000506737502292, -0.000391670531826], [-0.000329014699673, 0.0031576519832, -0.00141948449891, 0.00221519893967, -0.00249298405834, 0.00159452587832, -0.00119561899919, 0.00309909763746, -0.0031711847987, 0.00268748239614, -0.00213584187441, 0.00182266440243, 0.000214016647078], [0.000677120522596, -0.00141948449891, 0.00379850482568, -0.00124865327962, 0.00161597470287, -0.00155569962226, 0.00278382492252, -0.00165004760493, 0.00255945161916, -0.00198953668587, 0.00252850120887, -0.000444133154815, -0.000224197923671], [-0.000405055645388, 0.00221519893967, -0.00124865327962, 0.00317300762981, -0.00185022456571, 3.74590126739e-05, -0.000711926550139, 0.00215119449422, -0.000979569740593, 8.59018982737e-05, 0.000170499712112, -0.00015713571338, 0.0017559255939], [0.00041395824519, -0.00249298405834, 0.00161597470287, -0.00185022456571, 0.0079898443073, -0.00134272675496, 0.00172859360464, -0.00339659210294, 0.00572340097278, -0.00335142225958, 0.00372100574896, -0.00358944921754, 0.00260584545322], [0.000395915703848, 0.00159452587832, -0.00155569962226, 3.74590126739e-05, -0.00134272675496, 0.00693084625527, -0.00399331655353, 0.00191453099251, -0.00211391365156, 0.00524778245017, -0.00369193847291, 0.0017252775142, -0.00117683201097], [-0.00018772338808, -0.00119561899919, 0.00278382492252, -0.000711926550139, 0.00172859360464, -0.00399331655353, 0.00976508017629, -0.00683972984552, 0.00460046390072, -0.00450897496194, 0.006437712349, -0.0017285438953, 0.00118377699982], [0.000298487168038, 0.00309909763746, -0.00165004760493, 0.00215119449422, -0.00339659210294, 0.00191453099251, -0.00683972984552, 0.014256852679, -0.010093126446, 0.00446364097297, -0.00429743854329, 0.00372009444982, -0.00096835102886], [0.000169835824636, -0.0031711847987, 0.00255945161916, -0.000979569740593, 0.00572340097278, -0.00211391365156, 0.00460046390072, -0.010093126446, 0.0190274436027, -0.00942726992071, 0.00518856057897, -0.00424153357744, 0.00333478441462], [0.000589396920986, 0.00268748239614, -0.00198953668587, 8.59018982737e-05, -0.00335142225958, 0.00524778245017, -0.00450897496194, 0.00446364097297, -0.00942726992071, 0.0196752976626, -0.0136056244373, 0.00646757986397, -0.00247503863648], [-0.000412404973758, -0.00213584187441, 0.00252850120887, 0.000170499712112, 0.00372100574896, -0.00369193847291, 0.006437712349, -0.00429743854329, 0.00518856057897, -0.0136056244373, 0.0257767718285, -0.0145377395675, 0.00783513952047], [0.000506737502292, 0.00182266440243, -0.000444133154815, -0.00015713571338, -0.00358944921754, 0.0017252775142, -0.0017285438953, 0.00372009444982, -0.00424153357744, 0.00646757986397, -0.0145377395675, 0.020679846406, -0.0103447120637], [-0.000391670531826, 0.000214016647078, -0.000224197923671, 0.0017559255939, 0.00260584545322, -0.00117683201097, 0.00118377699982, -0.00096835102886, 0.00333478441462, -0.00247503863648, 0.00783513952047, -0.0103447120637, 0.0134513303638]]
    },
    "melbands": {
        "dmean": [1.85689550563e-05, 5.666159268e-05, 7.36659858376e-05, 0.000159551927936, 0.000317547412124, 0.000210985803278, 0.000130946820718, 0.000128369574668, 0.000227535754675, 0.00014656248095, 0.000196597102331, 5.38668136869e-05, 4.34992580267e-05, 3.37088786182e-05, 2.18129425775e-05, 1.40717484101e-05, 4.22929406341e-06, 3.86065585189e-06, 2.50544462688e-06, 9.01957946553e-07, 1.81452571724e-06, 1.66473807894e-06, 7.1698264037e-07, 3.35057023904e-07, 2.21728100769e-07, 9.08490278562e-08, 6.41193338424e-08, 7.36162988346e-08, 2.88438464224e-08, 2.3384275849e-08, 5.01268004882e-09, 4.27254454038e-09, 2.44766962254e-09, 1.72631375861e-09, 8.43792979932e-10, 7.41121164438e-10, 2.00851904553e-10, 1.13701624505e-10, 6.41638756016e-11, 3.7814244791e-11],
        "dmean2": [3.21071202052e-05, 9.34754571063e-05, 0.000118151358038, 0.000250689132372, 0.000499433139339, 0.00031530612614, 0.000196318156668, 0.000182924617548, 0.000355302676326, 0.000190329563338, 0.000251451885561, 7.10644162609e-05, 6.17202313151e-05, 5.0731592637e-05, 3.134893268e-05, 1.93535124708e-05, 6.29982559985e-06, 5.47670879314e-06, 3.53324594471e-06, 1.37329834615e-06, 2.63971833192e-06, 2.32055799643e-06, 1.07343998934e-06, 4.85609859879e-07, 3.24606645563e-07, 1.36719265242e-07, 9.62365618307e-08, 1.08278257471e-07, 4.11152143442e-08, 3.29548335287e-08, 7.44064587721e-09, 6.93697943532e-09, 3.99582011923e-09, 2.77100253854e-09, 1.38104883085e-09, 1.27678778661e-09, 3.20604015558e-10, 1.87744805813e-10, 1.02030002502e-10, 5.97298321914e-11],
        "dvar": [1.41202924908e-08, 9.36540942575e-08, 5.83679806709e-08, 2.26806221804e-07, 9.42256292547e-07, 3.36156688263e-07, 9.85620403071e-08, 1.04466671758e-07, 6.15976773588e-07, 2.18482767878e-07, 4.14516250657e-07, 2.47080933491e-08, 4.54843807063e-08, 1.12538574015e-08, 1.28635022634e-08, 1.35853390759e-08, 1.95894037103e-10, 8.18117726342e-11, 4.7479152554e-11, 6.70272474676e-12, 4.12253009507e-11, 7.68995353506e-11, 5.41791091158e-12, 1.35082038871e-12, 1.0019252138e-12, 8.25184850463e-14, 4.90201378567e-14, 9.10608462007e-14, 1.76835661321e-14, 1.36529903458e-14, 4.41446705283e-16, 4.61023198411e-16, 1.87488453239e-16, 6.84730383427e-17, 2.09695364171e-17, 4.64762147424e-17, 9.23500211416e-19, 3.28990176483e-19, 2.53001668951e-19, 5.35507390473e-20],
        "dvar2": [4.32541433781e-08, 2.62362817693e-07, 1.47101332004e-07, 5.44920681023e-07, 2.31386457017e-06, 7.08625861989e-07, 2.12564273738e-07, 2.20155271791e-07, 1.54434985689e-06, 3.01284103443e-07, 5.783982715e-07, 3.65922048218e-08, 6.89638213203e-08, 2.71180837785e-08, 2.43431301783e-08, 2.4230685014e-08, 4.51865989071e-10, 1.56480384206e-10, 9.2703567045e-11, 1.6185859944e-11, 7.7547641919e-11, 1.40036676699e-10, 1.20385637223e-11, 2.66353475734e-12, 2.13213366233e-12, 1.88292794984e-13, 1.09510640031e-13, 1.93446550011e-13, 3.62553411772e-14, 2.69541570867e-14, 9.42986215948e-16, 1.1653009185e-15, 5.03689730272e-16, 1.67458241619e-16, 5.14320523155e-17, 1.34524793301e-16, 2.13215315463e-18, 8.37149276308e-19, 6.25206785013e-19, 1.23646841642e-19],
        "max": [0.00429021101445, 0.0112892352045, 0.00758277392015, 0.0142283877358, 0.0264831110835, 0.0161056574434, 0.00830477755517, 0.0100787272677, 0.0189562104642, 0.011277188547, 0.0145892696455, 0.00608611293137, 0.00860578473657, 0.00219324859791, 0.00486115319654, 0.0052955057472, 0.000722023076378, 0.000167402686202, 0.000149963743752, 7.48430829844e-05, 0.000160985044204, 0.000244145630859, 6.31932998658e-05, 2.91442484013e-05, 3.10046598315e-05, 1.03562306322e-05, 6.91258856023e-06, 9.14508109418e-06, 5.09347910338e-06, 5.29844328412e-06, 6.63957848701e-07, 5.65959680898e-07, 7.57044460897e-07, 2.0989010352e-07, 2.14972857293e-07, 2.86290855911e-07, 3.12132080182e-08, 2.67668234244e-08, 3.61603191834e-08, 1.5144632215e-08],
        "mean": [2.41416182689e-05, 8.61941516632e-05, 0.000132660905365, 0.000342608895153, 0.000627098721452, 0.000550052151084, 0.000320431223372, 0.000274658756098, 0.000378699187422, 0.000373760820366, 0.000533684622496, 0.000129651889438, 8.15744351712e-05, 5.87139293202e-05, 4.15897375206e-05, 2.69572028628e-05, 8.8473670985e-06, 8.08197091828e-06, 5.27409110873e-06, 1.79064136319e-06, 2.89707486445e-06, 2.37840049522e-06, 1.13986538963e-06, 5.73528950554e-07, 3.80815833978e-07, 1.65675089647e-07, 1.05782611115e-07, 9.507827059e-08, 4.37239506823e-08, 3.53332190173e-08, 7.23379667278e-09, 5.07425701457e-09, 2.74993028349e-09, 1.92031213153e-09, 9.34159416488e-10, 7.45533912383e-10, 2.36396791031e-10, 1.295373947e-10, 7.55800630414e-11, 4.37824117239e-11],
        "median": [2.86543627226e-06, 4.52543463325e-06, 9.96103062789e-06, 1.85346962098e-05, 7.55027867854e-05, 8.20716450107e-05, 6.3530409534e-05, 6.17697514826e-05, 7.64521173551e-05, 5.14505627507e-05, 2.95801983157e-05, 1.91490908037e-05, 9.17244142329e-06, 9.87085331872e-06, 6.22168545306e-06, 2.64162781605e-06, 1.58906595971e-06, 1.62109245139e-06, 9.09112543468e-07, 2.99612565868e-07, 3.78337716711e-07, 1.85367611039e-07, 1.00372893996e-07, 4.06047924173e-08, 2.90616934961e-08, 1.32361845928e-08, 6.21537932233e-09, 4.67694061257e-09, 1.59332147476e-09, 1.04902764253e-09, 2.56027227197e-10, 2.09802647477e-10, 1.1371369818e-10, 8.86729439875e-11, 5.1716967514e-11, 3.89488927222e-11, 2.24733426313e-11, 1.57981978194e-11, 4.80586187165e-12, 2.79597048639e-12],
        "min": [1.24544444638e-23, 1.68425021817e-23, 5.80992546264e-24, 1.38049680226e-23, 2.51634101654e-23, 8.73131918054e-24, 1.10505662976e-23, 1.60514261551e-23, 1.04691150682e-23, 9.7561851805e-24, 1.55600778294e-23, 1.07134221351e-23, 1.70596550785e-23, 2.51736385359e-23, 5.43259593674e-24, 6.03413156482e-24, 1.93351511809e-23, 1.55084027069e-23, 5.36011658005e-24, 9.56380093838e-24, 1.01992717849e-23, 9.5055703818e-24, 7.15466864321e-24, 9.03588654314e-24, 1.18714904543e-23, 9.46295532684e-24, 7.04123438934e-24, 7.9518173211e-24, 1.17693235007e-23, 1.1078592159e-23, 8.19114430911e-24, 1.10220978852e-23, 6.66453279672e-24, 1.26077895574e-23, 1.06665432869e-23, 1.43757372865e-23, 1.10548908331e-23, 1.3260149127e-23, 8.21205464513e-24, 9.30141239067e-24],
        "var": [2.18363194193e-08, 2.00571861342e-07, 1.43590497714e-07, 7.39112635983e-07, 2.15469094655e-06, 1.65423728049e-06, 4.98212273214e-07, 3.66106689853e-07, 8.64003879997e-07, 1.16616740797e-06, 2.36984942603e-06, 1.23062903867e-07, 1.10306835666e-07, 2.01699297264e-08, 2.9294341175e-08, 3.35826477738e-08, 4.77218098371e-10, 2.48158299465e-10, 1.39591671555e-10, 1.75055456242e-11, 7.32690227934e-11, 1.22058113616e-10, 1.07465225954e-11, 2.94172737385e-12, 1.69184707476e-12, 1.72682845128e-13, 9.45089208173e-14, 1.34719926187e-13, 2.95623172209e-14, 2.36192748709e-14, 6.80580491086e-16, 4.96673491672e-16, 1.7303073903e-16, 7.05468132256e-17, 2.12900325085e-17, 3.35589325182e-17, 1.17442576043e-18, 3.37123119663e-19, 2.52462890029e-19, 6.88646730008e-20]
    },
    "mfcc": {
        "mean": [-851.770874023, 209.092910767, -15.889705658, -25.3083972931, -14.2708339691, -17.7045898438, -11.148396492, -7.7973985672, -3.69792532921, -2.57148742676, -3.22519254684, -1.42614853382, -2.41031622887],
        "cov": [[10718.296875, 4748.88818359, -2901.93164062, 475.493133545, -176.342987061, -708.10559082, -108.760307312, -406.371459961, -480.513458252, -470.628265381, -449.713134766, -272.970458984, -296.419799805], [4748.88818359, 2867.24755859, -883.436889648, -191.225311279, -78.7784881592, -385.390380859, -218.871002197, -279.048217773, -286.644042969, -261.45980835, -253.910308838, -188.751220703, -171.112564087], [-2901.93164062, -883.436889648, 1217.95031738, -220.025619507, -5.77205085754, 206.015304565, -91.3402862549, 10.072221756, 76.0200805664, 106.147659302, 101.623275757, 26.1798286438, 33.836681366], [475.493133545, -191.225311279, -220.025619507, 481.918914795, 112.540229797, 25.8479766846, 73.002532959, -47.1559066772, -42.1442642212, -7.81464862823, 19.5472335815, 31.9237613678, -2.37960028648], [-176.342987061, -78.7784881592, -5.77205085754, 112.540229797, 236.864105225, 70.2523269653, 5.33604001999, -22.5081043243, -60.9357833862, -47.7825584412, -16.3534202576, 2.56347250938, 19.6983852386], [-708.10559082, -385.390380859, 206.015304565, 25.8479766846, 70.2523269653, 218.349243164, 98.8743972778, 46.2450866699, 28.5432491302, -10.1316661835, -14.3334531784, -3.40385985374, 9.6089515686], [-108.760307312, -218.871002197, -91.3402862549, 73.002532959, 5.33604001999, 98.8743972778, 217.649185181, 137.223068237, 68.754524231, 30.2360744476, -10.2878932953, -7.35783910751, -6.18535089493], [-406.371459961, -279.048217773, 10.072221756, -47.1559066772, -22.5081043243, 46.2450866699, 137.223068237, 217.988250732, 134.471099854, 65.5669708252, 25.0075969696, -17.9316635132, -2.73488354683], [-480.513458252, -286.644042969, 76.0200805664, -42.1442642212, -60.9357833862, 28.5432491302, 68.754524231, 134.471099854, 171.655822754, 109.519714355, 30.4892654419, -10.8634138107, -23.5831680298], [-470.628265381, -261.45980835, 106.147659302, -7.81464862823, -47.7825584412, -10.1316661835, 30.2360744476, 65.5669708252, 109.519714355, 168.466827393, 99.6580200195, 2.7047021389, -22.9197883606], [-449.713134766, -253.910308838, 101.623275757, 19.5472335815, -16.3534202576, -14.3334531784, -10.2878932953, 25.0075969696, 30.4892654419, 99.6580200195, 180.070922852, 111.679962158, 15.6859140396], [-272.970458984, -188.751220703, 26.1798286438, 31.9237613678, 2.56347250938, -3.40385985374, -7.35783910751, -17.9316635132, -10.8634138107, 2.7047021389, 111.679962158, 200.389511108, 108.717544556], [-296.419799805, -171.112564087, 33.836681366, -2.37960028648, 19.6983852386, 9.6089515686, -6.18535089493, -2.73488354683, -23.5831680298, -22.9197883606, 15.6859140396, 108.717544556, 190.20690918]],
