{
"lowlevel": {
    "average_loudness": 0.294804781675,
    "barkbands_crest": {
        "dmean": 2.73699712753,
        "dmean2": 4.25973892212,
        "dvar": 6.11464309692,
        "dvar2": 13.9171600342,
        "max": 26.4646492004,
        "mean": 13.232790947,
        "median": 12.3896951675,
        "min": 3.48796606064,
        "var": 22.3561878204
    },
    "barkbands_flatness_db": {
        "dmean": 0.0260699447244,
        "dmean2": 0.0382182076573,
        "dvar": 0.000556541141123,
        "dvar2": 0.00110570911784,
        "max": 0.491980433464,
        "mean": 0.276834160089,
        "median": 0.277133673429,
        "min": 0.0526647754014,
        "var": 0.00368116935715
    },
    "barkbands_kurtosis": {
        "dmean": 3.29303598404,
        "dmean2": 5.05284261703,
        "dvar": 37.3934173584,
        "dvar2": 92.457572937,
        "max": 262.854095459,
        "mean": 5.8565568924,
        "median": 3.60318040848,
        "min": -1.76237738132,
        "var": 102.210197449
    },
    "barkbands_skewness": {
        "dmean": 0.574989318848,
        "dmean2": 0.862498164177,
        "dvar": 0.327995955944,
        "dvar2": 0.742139101028,
        "max": 14.0524377823,
        "mean": 1.18506407738,
        "median": 1.24182844162,
        "min": -6.02838230133,
        "var": 1.78205823898
    },
    "barkbands_spread": {
        "dmean": 2.37750315666,
        "dmean2": 3.50854372978,
        "dvar": 10.1134166718,
        "dvar2": 20.6432971954,
        "max": 115.412315369,
        "mean": 8.17220687866,
        "median": 5.52573108673,
        "min": 0.468077361584,
        "var": 74.6411056519
    },
    "dissonance": {
        "dmean": 0.0412426106632,
        "dmean2": 0.0684207230806,
        "dvar": 0.00148707162589,
        "dvar2": 0.00389799429104,
        "max": 0.499999821186,
        "mean": 0.405689299107,
        "median": 0.415438324213,
        "min": 0.119237691164,
        "var": 0.00351968617178
    },
    "dynamic_complexity": 3.9056725502,
    "erbbands_crest": {
        "dmean": 3.2840385437,
        "dmean2": 5.06976652145,
        "dvar": 9.65669822693,
        "dvar2": 21.0751667023,
        "max": 33.7772979736,
        "mean": 15.0745019913,
        "median": 13.9271812439,
        "min": 2.25517725945,
        "var": 41.1879463196
    },
    "erbbands_flatness_db": {
        "dmean": 0.021950295195,
        "dmean2": 0.0313834287226,
        "dvar": 0.000424319092417,
        "dvar2": 0.000806622905657,
        "max": 0.534350037575,
        "mean": 0.319062501192,
        "median": 0.318249166012,
        "min": 0.0417363084853,
        "var": 0.00432003382593
    },
    "erbbands_kurtosis": {
        "dmean": 2.31156826019,
        "dmean2": 3.46117091179,
        "dvar": 16.9871749878,
        "dvar2": 34.8526039124,
        "max": 88.2994232178,
        "mean": 3.33361315727,
        "median": 1.25528812408,
        "min": -1.76297318935,
        "var": 45.9079704285
    },
    "erbbands_skewness": {
        "dmean": 0.476621985435,
        "dmean2": 0.705429494381,
        "dvar": 0.236551299691,
        "dvar2": 0.492014884949,
        "max": 6.25036668777,
        "mean": 0.868949830532,
        "median": 0.897585570812,
        "min": -5.12252855301,
        "var": 1.11575603485
    },
    "erbbands_spread": {
        "dmean": 4.22586917877,
        "dmean2": 6.26348495483,
        "dvar": 23.2432994843,
        "dvar2": 49.4092178345,
        "max": 116.850334167,
        "mean": 15.9739904404,
        "median": 13.1492395401,
        "min": 0.323572486639,
        "var": 133.975463867
    },
    "hfc": {
        "dmean": 3.74105811119,
        "dmean2": 4.75431346893,
        "dvar": 57.1812362671,
        "dvar2": 92.8976516724,
        "max": 299.3125,
        "mean": 10.756652832,
        "median": 6.28406715393,
        "min": 1.19490024662e-16,
        "var": 225.751327515
    },
    "melbands_crest": {
        "dmean": 3.32569527626,
        "dmean2": 5.24041986465,
        "dvar": 9.31087684631,
        "dvar2": 21.6912593842,
        "max": 35.8485870361,
        "mean": 16.2511959076,
        "median": 15.2955589294,
        "min": 1.96213889122,
        "var": 31.8865795135
    },
    "melbands_flatness_db": {
        "dmean": 0.029704593122,
        "dmean2": 0.0420552529395,
        "dvar": 0.000782096118201,
        "dvar2": 0.00141774187796,
        "max": 0.595017492771,
        "mean": 0.351301074028,
        "median": 0.35461050272,
        "min": 0.0085892342031,
        "var": 0.00640374375507
    },
    "melbands_kurtosis": {
        "dmean": 4.22517490387,
        "dmean2": 6.59956121445,
        "dvar": 179.238891602,
        "dvar2": 467.381500244,
        "max": 863.496643066,
        "mean": 7.89181613922,
        "median": 4.84586524963,
        "min": -1.85706794262,
        "var": 440.948364258
    },
    "melbands_skewness": {
        "dmean": 0.603394031525,
        "dmean2": 0.909158587456,
        "dvar": 0.39362308383,
        "dvar2": 0.895447552204,
        "max": 20.0824432373,
        "mean": 1.39837896824,
        "median": 1.4333562851,
        "min": -6.00536632538,
        "var": 2.24269223213
    },
    "melbands_spread": {
        "dmean": 3.50663304329,
        "dmean2": 5.18400001526,
        "dvar": 23.016910553,
        "dvar2": 46.6421546936,
        "max": 121.764816284,
        "mean": 11.8884019852,
        "median": 8.09066486359,
        "min": 0.360304147005,
        "var": 153.990951538
    },
    "pitch_salience": {
        "dmean": 0.0718148872256,
        "dmean2": 0.112073294818,
        "dvar": 0.00431680399925,
        "dvar2": 0.0101280156523,
        "max": 0.865912735462,
        "mean": 0.488062113523,
        "median": 0.489974439144,
        "min": 0.0857492536306,
        "var": 0.016109790653
    },
    "silence_rate_20dB": {
        "dmean": 0.000196502252948,
        "dmean2": 0.000393043126678,
        "dvar": 0.000196446795599,
        "dvar2": 0.000392925343476,
        "max": 1,
        "mean": 0.999803543091,
        "median": 1,
        "min": 0,
        "var": 0.000196427485207
    },
    "silence_rate_30dB": {
        "dmean": 0.00648457463831,
        "dmean2": 0.0129704233259,
        "dvar": 0.00644254824147,
        "dvar2": 0.0145705584437,
        "max": 1,
        "mean": 0.991060018539,
        "median": 1,
        "min": 0,
        "var": 0.00885873567313
    },
    "silence_rate_60dB": {
        "dmean": 0.0550206340849,
        "dmean2": 0.110052078962,
        "dvar": 0.0519901104271,
        "dvar2": 0.113648429513,
        "max": 1,
        "mean": 0.146674528718,
        "median": 0,
        "min": 0,
        "var": 0.125147819519
    },
    "spectral_centroid": {
        "dmean": 138.233825684,
        "dmean2": 196.153213501,
        "dvar": 46788.3046875,
        "dvar2": 80685.28125,
        "max": 11679.4355469,
        "mean": 801.094238281,
        "median": 624.70135498,
        "min": 232.132568359,
        "var": 295900.53125
    },
    "spectral_complexity": {
        "dmean": 1.66673219204,
        "dmean2": 2.60784125328,
        "dvar": 2.49142575264,
        "dvar2": 5.33724069595,
        "max": 29,
        "mean": 9.29413509369,
        "median": 9,
        "min": 0,
        "var": 17.5100975037
    },
    "spectral_decrease": {
        "dmean": 1.42339495746e-09,
        "dmean2": 1.89596538469e-09,
        "dvar": 5.58408538429e-18,
        "dvar2": 9.2443653851e-18,
        "max": -5.14781393538e-29,
        "mean": -4.49464820917e-09,
        "median": -2.92161517201e-09,
        "min": -9.50617362605e-08,
        "var": 2.85977414322e-17
    },
    "spectral_energy": {
        "dmean": 0.00568852480501,
        "dmean2": 0.00755588617176,
        "dvar": 9.05540800886e-05,
        "dvar2": 0.000149382321979,
        "max": 0.382607728243,
        "mean": 0.0179395209998,
        "median": 0.0116227604449,
        "min": 1.10323978275e-20,
        "var": 0.00045771963778
    },
    "spectral_energyband_high": {
        "dmean": 2.58287309407e-05,
        "dmean2": 3.68901783077e-05,
        "dvar": 6.19919804379e-09,
        "dvar2": 1.2528484028e-08,
        "max": 0.00224405550398,
        "mean": 3.63544604625e-05,
        "median": 4.35769607066e-06,
        "min": 7.9727165184e-21,
        "var": 1.09998037345e-08
    },
    "spectral_energyband_low": {
        "dmean": 0.00038498052163,
        "dmean2": 0.000616223260295,
        "dvar": 6.44908425329e-07,
        "dvar2": 1.6744243112e-06,
        "max": 0.0203826036304,
        "mean": 0.000739170412999,
        "median": 0.000203112489544,
        "min": 2.00508436595e-23,
        "var": 1.80733309207e-06
    },
    "spectral_energyband_middle_high": {
        "dmean": 0.00172574794851,
        "dmean2": 0.00220014690422,
        "dvar": 3.79579105356e-05,
        "dvar2": 6.53126990073e-05,
        "max": 0.279229223728,
        "mean": 0.0038450746797,
        "median": 0.00110569538083,
        "min": 1.75673775061e-21,
        "var": 0.000116581824841
    },
    "spectral_energyband_middle_low": {
        "dmean": 0.00458275713027,
        "dmean2": 0.00624601682648,
        "dvar": 5.45812581549e-05,
        "dvar2": 9.46136351558e-05,
        "max": 0.278184980154,
        "mean": 0.0138403512537,
        "median": 0.00886606331915,
        "min": 3.77720359154e-22,
        "var": 0.000289854651783
    },
    "spectral_entropy": {
        "dmean": 0.246113494039,
        "dmean2": 0.363975673914,
        "dvar": 0.0567745678127,
        "dvar2": 0.11768296361,
        "max": 9.80218315125,
        "mean": 6.14330720901,
        "median": 6.11446046829,
        "min": 4.22018527985,
        "var": 0.315092146397
    },
    "spectral_flux": {
        "dmean": 0.0189929790795,
        "dmean2": 0.0311485752463,
        "dvar": 0.000494170351885,
        "dvar2": 0.00130400829948,
        "max": 0.415174633265,
        "mean": 0.0507484376431,
        "median": 0.0444222912192,
        "min": 1.05035223574e-10,
        "var": 0.00104650447611
    },
    "spectral_kurtosis": {
        "dmean": 16.4497451782,
        "dmean2": 27.4061336517,
        "dvar": 306.587615967,
        "dvar2": 769.149108887,
        "max": 191.444992065,
        "mean": 35.5671195984,
        "median": 23.6862545013,
        "min": -1.15750324726,
        "var": 1098.79638672
    },
    "spectral_rms": {
        "dmean": 0.000622178427875,
        "dmean2": 0.000823491427582,
        "dvar": 4.79393008845e-07,
        "dvar2": 7.97336838332e-07,
        "max": 0.0193203482777,
        "mean": 0.00365642202087,
        "median": 0.00336738466285,
        "min": 3.28074915325e-12,
        "var": 4.13236421082e-06
    },
    "spectral_rolloff": {
        "dmean": 196.513000488,
        "dmean2": 330.728057861,
        "dvar": 192043.046875,
        "dvar2": 354037,
        "max": 18884.6191406,
        "mean": 872.060424805,
        "median": 667.529296875,
        "min": 21.533203125,
        "var": 371624.1875
    },
    "spectral_skewness": {
        "dmean": 1.08394002914,
        "dmean2": 1.79649710655,
        "dvar": 1.017578125,
        "dvar2": 2.54468727112,
        "max": 11.6290903091,
        "mean": 3.71483540535,
        "median": 3.2126762867,
        "min": -0.0693654492497,
        "var": 4.29366350174
    },
    "spectral_spread": {
        "dmean": 316118.8125,
        "dmean2": 513299.59375,
        "dvar": 169540321280,
        "dvar2": 266115792896,
        "max": 39938964,
        "mean": 1820547.25,
        "median": 1673658.875,
        "min": 481830.09375,
        "var": 1.15951678259e+12
    },
    "spectral_strongpeak": {
        "dmean": 0.601054668427,
        "dmean2": 0.911346018314,
        "dvar": 0.829959630966,
        "dvar2": 1.7977232933,
        "max": 19.9901943207,
        "mean": 1.5002900362,
        "median": 1.0507338047,
        "min": 0,
        "var": 2.34564256668
    },
    "zerocrossingrate": {
        "dmean": 0.0046012038365,
        "dmean2": 0.00535276578739,
        "dvar": 4.6935681894e-05,
        "dvar2": 4.97827386425e-05,
        "max": 0.5048828125,
        "mean": 0.0341061986983,
        "median": 0.029296875,
        "min": 0.00244140625,
        "var": 0.000372661452275
    },
    "barkbands": {
        "dmean": [8.01410078566e-06, 0.000127491017338, 0.000179687864147, 0.000397716008592, 0.00128303281963, 0.00149818463251, 0.00110514147673, 0.00146220729221, 0.000559325504582, 0.000446273159469, 0.000869972223882, 0.000239708955633, 0.000199743793928, 7.45954821468e-05, 0.000130671454826, 0.000135017879074, 5.01606882608e-05, 5.2410770877e-05, 7.18511000741e-05, 3.61850397894e-05, 5.47138824913e-06, 2.52705558523e-06, 4.93248364819e-07, 2.2670407418e-07, 3.46699486897e-08, 1.97313365646e-08, 2.76830181001e-09],
        "dmean2": [1.30761136461e-05, 0.000206227428862, 0.000292534939945, 0.000622584135272, 0.00186839571688, 0.00224719638936, 0.00157437322196, 0.00188537978102, 0.000772533996496, 0.000569637515582, 0.00113019009586, 0.000321416562656, 0.000285266403807, 0.00011088730389, 0.000190996550373, 0.000184343356523, 7.28070226614e-05, 7.91419879533e-05, 0.000103602011222, 5.14336607012e-05, 7.90495414549e-06, 3.75888748749e-06, 7.63899095091e-07, 3.27675962808e-07, 5.28485699647e-08, 3.00549025667e-08, 4.63092275638e-09],
        "dvar": [7.70652638926e-11, 1.22517008094e-07, 1.78437730369e-07, 1.08941776489e-06, 7.737497981e-06, 1.10452829176e-05, 7.67414803704e-06, 1.91541457752e-05, 1.80344659384e-06, 2.76476430372e-06, 2.30756741075e-05, 2.17519482248e-06, 4.7495416311e-07, 8.56009663153e-08, 3.10047767016e-07, 3.36080091756e-07, 6.3307375342e-08, 9.1719101647e-08, 7.63184004882e-08, 2.05167491885e-08, 8.44649017395e-10, 1.25213200919e-10, 1.20686793892e-11, 2.39284156725e-12, 2.34756451881e-14, 8.04119039421e-15, 1.70190491974e-16],
        "dvar2": [1.84486814714e-10, 3.15603273293e-07, 4.732956711e-07, 2.58288719124e-06, 1.45291960507e-05, 2.61334480456e-05, 1.66945428646e-05, 2.94150831905e-05, 3.46005208485e-06, 3.98553356717e-06, 4.05204518756e-05, 3.91888943341e-06, 9.28942995415e-07, 1.9221671721e-07, 6.30810347957e-07, 5.0365451898e-07, 1.12666924679e-07, 2.21670973133e-07, 1.49946885131e-07, 3.7383060203e-08, 1.69255154336e-09, 2.61834998128e-10, 2.83797430001e-11, 4.98821513609e-12, 5.21111203234e-14, 1.86423007023e-14, 4.1032435899e-16],
        "max": [0.000134649046231, 0.0134018491954, 0.00727929966524, 0.0283573828638, 0.0987223684788, 0.0895853564143, 0.0919395387173, 0.201609194279, 0.0289958789945, 0.0595797635615, 0.209958001971, 0.066444568336, 0.0286395326257, 0.00980472750962, 0.0230771750212, 0.0241066981107, 0.0142597220838, 0.0119958063588, 0.00857527833432, 0.00519313896075, 0.00112504826393, 0.000456883775769, 0.000143233482959, 0.000115664988698, 6.29786654827e-06, 3.38449694937e-06, 5.57911619126e-07],
        "mean": [1.02234071164e-05, 0.000207494405913, 0.000274166552117, 0.000846985727549, 0.00276305549778, 0.00302746193483, 0.00240689073689, 0.00312534044497, 0.00117310218047, 0.00082152284449, 0.0017093969509, 0.000441590265837, 0.000327734887833, 0.000107035077235, 0.000200151713216, 0.000196570152184, 6.64277686155e-05, 7.31083709979e-05, 0.000100697485323, 4.95968779433e-05, 6.79327740727e-06, 3.24275401908e-06, 5.8978952211e-07, 2.91343752679e-07, 5.77833780824e-08, 3.47141408952e-08, 3.43995099072e-09],
        "median": [6.64734989186e-06, 4.9664726248e-05, 5.37715532118e-05, 8.96405545063e-05, 0.00096301472513, 0.000965320039541, 0.000497285160236, 0.000475362670841, 0.000340345286531, 0.000119601660117, 8.14482336864e-05, 4.60036681034e-05, 6.35324395262e-05, 2.16599291889e-05, 2.57756455539e-05, 2.10341986531e-05, 9.04647640709e-06, 7.44320914237e-06, 8.3484701463e-06, 4.8527817853e-06, 4.92639344429e-07, 1.43261956964e-07, 3.45933415247e-08, 2.06767118982e-08, 1.76110006578e-08, 8.92737972435e-09, 9.71927205384e-10],
        "min": [3.05530971965e-23, 3.12604435267e-24, 1.82354861788e-24, 1.54000637056e-23, 4.94905015536e-23, 2.67629771121e-23, 1.01398741875e-22, 9.07379115186e-23, 8.6376949595e-23, 5.40191121967e-23, 6.70872052478e-23, 1.38522725401e-22, 7.7870832848e-23, 1.21377546756e-22, 1.70810865361e-22, 2.42996876225e-22, 1.97867696315e-22, 2.3830273732e-22, 3.14115501486e-22, 2.65136958038e-22, 5.11252498033e-22, 4.30725425367e-22, 7.94971409171e-22, 8.92654805509e-22, 1.14826007714e-21, 1.75853044648e-21, 2.55338295854e-21],
        "var": [1.33238503564e-10, 2.62923975924e-07, 3.58334915518e-07, 3.85308248951e-06, 2.6682517273e-05, 3.45120606653e-05, 3.61164275091e-05, 6.46140106255e-05, 5.79479956286e-06, 8.06271691545e-06, 6.96915449225e-05, 5.06131345901e-06, 9.75982743512e-07, 1.36819366503e-07, 7.36509889521e-07, 7.20301954971e-07, 1.01976787903e-07, 1.64309753359e-07, 1.49288183593e-07, 3.76065116825e-08, 1.54847290545e-09, 1.88106655252e-10, 1.36149806707e-11, 3.7431060855e-12, 3.93848263735e-14, 1.19571668579e-14, 1.69679479644e-16]
    },
    "erbbands": {
        "dmean": [0.00186712376308, 0.0361557044089, 0.179152354598, 0.708827674389, 2.21161174774, 4.67337465286, 9.61515045166, 13.6077537537, 11.9126558304, 30.218996048, 19.7800865173, 15.8918333054, 14.0305986404, 16.5828609467, 34.5219421387, 8.8120803833, 9.8905210495, 5.19957733154, 5.16072940826, 6.67430830002, 5.34427881241, 2.41902637482, 3.03332781792, 2.45715141296, 3.35175466537, 1.87342453003, 0.523980081081, 0.0926782339811, 0.0959277004004, 0.0372344590724, 0.0142800360918, 0.00633674440905, 0.00256512896158, 0.000453786167782, 0.000253521138802, 0.000125516860862, 2.80782096524e-05, 6.31492184766e-06, 3.05927119371e-06, 6.5257049755e-06],
        "dmean2": [0.00314077292569, 0.0583503842354, 0.292026460171, 1.11938309669, 3.47691726685, 6.7955698967, 13.5285415649, 20.8875846863, 16.9078121185, 39.6425857544, 26.426448822, 22.1869049072, 17.5066795349, 22.1724243164, 43.7491912842, 11.5626220703, 14.0259990692, 7.57396602631, 7.40798568726, 9.12382125854, 7.4271478653, 3.42692708969, 4.45695114136, 3.4670791626, 4.82148456573, 2.62172174454, 0.742877364159, 0.135626599193, 0.144535705447, 0.0547396056354, 0.0220655202866, 0.0093041555956, 0.0037332684733, 0.00066432391759, 0.000388682237826, 0.000194330132217, 4.20093929279e-05, 9.62943613558e-06, 4.07553034165e-06, 8.63197237777e-06],
        "dvar": [1.21148123071e-05, 0.00998844299465, 0.176027730107, 2.94915938377, 28.4076805115, 127.183853149, 419.351196289, 1196.43237305, 732.040039062, 8771.54296875, 2111.83203125, 1500.10546875, 3650.21777344, 4542.08496094, 61177.7695312, 2107.91723633, 1300.31994629, 267.778411865, 322.288482666, 623.309143066, 541.799499512, 96.2637023926, 192.90725708, 145.91998291, 198.618118286, 56.2988243103, 3.96540331841, 0.106444627047, 0.184840857983, 0.0385580956936, 0.0100885052234, 0.00154489476699, 0.000478978530737, 5.07140975969e-06, 1.09845677798e-06, 4.12227223023e-07, 1.27447714604e-08, 4.66861715953e-10, 3.39931624516e-11, 1.20827112204e-10],
        "dvar2": [3.26513436448e-05, 0.0256821475923, 0.459523797035, 7.52557754517, 69.0518341064, 249.227005005, 772.336120605, 2860.70483398, 1670.88293457, 15305.1630859, 3569.23925781, 3020.91137695, 5078.91552734, 7099.15136719, 108069.242188, 3632.56274414, 2528.04492188, 595.22479248, 633.019348145, 1040.27282715, 899.676208496, 159.695617676, 399.386260986, 284.710113525, 374.322601318, 98.8872451782, 7.88236284256, 0.212020844221, 0.388682305813, 0.0829326584935, 0.0236147642136, 0.00332483579405, 0.000977364135906, 1.00115057649e-05, 2.49342338066e-06, 9.91143451756e-07, 2.89233792472e-08, 9.41100863905e-10, 6.68474442467e-11, 1.98264349383e-10],
        "max": [0.0914026647806, 3.79691791534, 8.33327579498, 36.4416999817, 129.697250366, 402.200622559, 842.160400391, 1124.5645752, 765.385437012, 3828.79199219, 1509.2064209, 764.457885742, 2302.21411133, 2633.87353516, 11864.4599609, 2322.01977539, 1598.33691406, 546.903259277, 610.502197266, 1113.58947754, 930.699035645, 510.092346191, 635.478515625, 615.317993164, 552.11517334, 317.306640625, 77.6730194092, 12.0294303894, 15.3728914261, 7.74210119247, 6.11624288559, 2.53467273712, 1.71100068092, 0.102947868407, 0.0339714102447, 0.0271654203534, 0.00366094405763, 0.000724271172658, 0.000193115905859, 0.000440718082245],
        "mean": [0.00283386092633, 0.0592058040202, 0.295058190823, 1.46283650398, 4.96828603745, 9.60150909424, 20.8059711456, 25.6340999603, 26.3404102325, 63.6603851318, 48.8064041138, 35.0893440247, 27.2773303986, 35.2142410278, 66.5409240723, 17.4254989624, 16.3619422913, 8.50920200348, 8.17055702209, 10.4636116028, 7.93047857285, 3.65605115891, 4.83389568329, 3.52709436417, 5.01990461349, 2.66816425323, 0.741827309132, 0.131585136056, 0.123877875507, 0.0469932556152, 0.0179977025837, 0.00812468677759, 0.00345047865994, 0.000735057343263, 0.000423964404035, 0.000215885534999, 5.44376962353e-05, 1.19601454571e-05, 9.36043943511e-06, 2.05503401958e-05],
        "median": [0.00138322554994, 0.0126327555627, 0.0709564834833, 0.267178624868, 1.05414426327, 2.80328083038, 5.69542503357, 7.73618888855, 7.69156885147, 11.2295656204, 11.3370361328, 11.8487663269, 5.32818937302, 4.52083969116, 3.90901756287, 2.94733667374, 3.83784770966, 2.68284296989, 1.77177536488, 1.98212862015, 1.2944188118, 0.731697261333, 0.599205374718, 0.43169349432, 0.36174684763, 0.289157152176, 0.0862284228206, 0.0150259034708, 0.00592374196276, 0.00216053100303, 0.00097947800532, 0.000531812547706, 0.000318880862324, 0.000204565876629, 0.000137423587148, 7.48416787246e-05, 1.60340241564e-05, 3.25363475895e-06, 6.09885910308e-06, 1.32830909934e-05],
        "min": [1.71208085225e-22, 7.04190507889e-22, 2.77564756043e-21, 3.12739121213e-20, 8.40010959336e-20, 2.16150152276e-19, 2.85070789215e-19, 1.67583793574e-19, 1.44052604117e-18, 9.89884040512e-19, 2.53331010912e-18, 1.89215993478e-18, 1.33987584161e-18, 3.44529575961e-18, 3.06555968106e-18, 4.93437389062e-18, 3.32328020861e-18, 5.18379986458e-18, 1.13695313451e-17, 1.04669772079e-17, 1.04850180171e-17, 1.10564550638e-17, 9.62533086084e-18, 1.79131354866e-17, 1.55071731415e-17, 1.16515577478e-17, 1.7376290306e-17, 2.09082539143e-17, 1.4982158298e-17, 1.85846671776e-17, 1.87880957057e-17, 1.80047490482e-17, 1.75336332934e-17, 1.36243586933e-17, 8.15686937942e-18, 6.20512142126e-18, 3.71690258169e-18, 1.21305892074e-18, 3.04110677458e-19, 4.13029245177e-20],
        "var": [2.45583250944e-05, 0.0219963733107, 0.39426741004, 8.82675075531, 107.024917603, 407.773803711, 1800.52990723, 3328.45751953, 2827.59545898, 28013.1933594, 9250.51757812, 4691.34570312, 10328.8134766, 17708.4121094, 165851.328125, 5487.52636719, 2533.10253906, 449.231567383, 734.210083008, 1498.96154785, 1119.45019531, 226.196426392, 555.939697266, 298.801147461, 453.014099121, 106.097724915, 7.78607320786, 0.200201258063, 0.277750521898, 0.0549222938716, 0.0126269198954, 0.00242260145023, 0.000762197654694, 9.19853300729e-06, 1.65954509157e-06, 5.61918682251e-07, 1.99336476214e-08, 8.07367173117e-10, 1.26408286616e-10, 6.02464633737e-10]
    },
    "gfcc": {
        "mean": [-160.12701416, 185.068664551, -148.880569458, -13.8228502274, -45.5966300964, -29.9368495941, -26.3051929474, -6.11268043518, -17.3877429962, -4.87528514862, -4.15423345566, -13.4013576508, -2.38719987869],
        "cov": [[14233.0927734, 2375.5222168, -1878.45825195, 450.87310791, -244.624191284, -970.060302734, -33.3837242126, -567.830505371, -294.68157959, -393.921264648, -130.67755127, -357.712677002, -7.53872156143], [2375.5222168, 2175.62597656, 374.895111084, -676.790405273, 265.578063965, -248.558609009, -146.245758057, -176.52784729, -51.3940658569, -175.572418213, 53.0130500793, -202.375015259, 85.0293807983], [-1878.45825195, 374.895111084, 894.450195312, -316.245025635, 124.751953125, 131.548202515, -144.856872559, 33.6018867493, 0.549159884453, -27.0904769897, -1.53243052959, 21.1082935333, -16.4487476349], [450.87310791, -676.790405273, -316.245025635, 806.194213867, -109.097061157, -54.3649215698, 29.7264499664, -63.488407135, -50.7324409485, 14.8917837143, -78.5426254272, -19.0198726654, -45.1488990784], [-244.624191284, 265.578063965, 124.751953125, -109.097061157, 192.029144287, 42.9926605225, -7.80907440186, -3.49773359299, -19.4880409241, -21.7236213684, 8.52708435059, -15.7706861496, 8.33599948883], [-970.060302734, -248.558609009, 131.548202515, -54.3649215698, 42.9926605225, 267.773864746, 58.020160675, 76.0310134888, -6.23767662048, -5.24163770676, -11.8786563873, 56.6100921631, 1.55166852474], [-33.3837242126, -146.245758057, -144.856872559, 29.7264499664, -7.80907440186, 58.020160675, 203.407821655, 58.6883583069, -1.36603689194, -6.59657764435, -23.9280052185, 1.59525489807, 15.9329175949], [-567.830505371, -176.52784729, 33.6018867493, -63.488407135, -3.49773359299, 76.0310134888, 58.6883583069, 205.062362671, 75.2564468384, 29.1163539886, -9.62436008453, 0.783282220364, -24.9260177612], [-294.68157959, -51.3940658569, 0.549159884453, -50.7324409485, -19.4880409241, -6.23767662048, -1.36603689194, 75.2564468384, 176.114013672, 87.5323028564, 7.85082244873, -23.905921936, -24.5229434967], [-393.921264648, -175.572418213, -27.0904769897, 14.8917837143, -21.7236213684, -5.24163770676, -6.59657764435, 29.1163539886, 87.5323028564, 174.961181641, 59.7052726746, 17.5513706207, -16.9601860046], [-130.67755127, 53.0130500793, -1.53243052959, -78.5426254272, 8.52708435059, -11.8786563873, -23.9280052185, -9.62436008453, 7.85082244873, 59.7052726746, 141.82043457, 62.2144012451, 11.4196872711], [-357.712677002, -202.375015259, 21.1082935333, -19.0198726654, -15.7706861496, 56.6100921631, 1.59525489807, 0.783282220364, -23.905921936, 17.5513706207, 62.2144012451, 160.922439575, 50.0807151794], [-7.53872156143, 85.0293807983, -16.4487476349, -45.1488990784, 8.33599948883, 1.55166852474, 15.9329175949, -24.9260177612, -24.5229434967, -16.9601860046, 11.4196872711, 50.0807151794, 134.323989868]],
        "icov": [[0.000354062649421, -0.000863993074745, 0.000963350525126, -0.000337720732205, 0.000713968009222, 1.97166264115e-05, 0.000252721860306, -6.63440077915e-05, 0.000328515627189, -5.2409224736e-05, 0.000809757912066, -0.000915663491469, 0.000810330675449], [-0.000863993074745, 0.00373964640312, -0.00276629254222, 0.00185369362589, -0.00299931922927, 0.00130718783475, -0.000637958815787, 0.00110991136171, -0.00101893371902, 0.00155438424554, -0.00326908449642, 0.00451057497412, -0.00307230558246], [0.000963350525126, -0.00276629254222, 0.00453369040042, -0.000610392598901, 0.00161166908219, -0.00113680935465, 0.00223753903992, -0.000669576984365, 0.00111064082012, -0.000523724709637, 0.00317105534486, -0.00333748012781, 0.00279002194293], [-0.000337720732205, 0.00185369362589, -0.000610392598901, 0.00277756061405, -0.000952355854679, 0.000837554573081, -0.00012350846373, 0.00108709861524, 0.000355498574208, 0.000100188597571, -0.000134144560434, 0.00190496246796, -0.000689002627041], [0.000713968009222, -0.00299931922927, 0.00161166908219, -0.000952355854679, 0.00893618259579, -0.00212944159284, 0.000356611039024, -0.000470732222311, 0.00154215958901, -0.000852451485116, 0.00145126227289, -0.00169664470013, 0.00183942122385], [1.97166264115e-05, 0.00130718783475, -0.00113680935465, 0.000837554573081, -0.00212944159284, 0.00688314950094, -0.00174155633431, -0.000728555372916, 0.000394911709009, 0.0008718353929, 0.000311750656692, -0.000797002401669, -0.000107212159492], [0.000252721860306, -0.000637958815787, 0.00223753903992, -0.00012350846373, 0.000356611039024, -0.00174155633431, 0.00744104664773, -0.00207382580265, 0.00102391245309, -0.000153434113599, 0.00152355898172, -0.000230864083278, -0.000494855456054], [-6.63440077915e-05, 0.00110991136171, -0.000669576984365, 0.00108709861524, -0.000470732222311, -0.000728555372916, -0.00207382580265, 0.00804074387997, -0.00326216686517, 0.00100928044412, -0.000480461254483, 0.00108518346678, 0.000520921894349], [0.000328515627189, -0.00101893371902, 0.00111064082012, 0.000355498574208, 0.00154215958901, 0.000394911709009, 0.00102391245309, -0.00326216686517, 0.0102694099769, -0.0051690065302, 0.00218178657815, 0.000291576434392, 0.00101985607762], [-5.2409224736e-05, 0.00155438424554, -0.000523724709637, 0.000100188597571, -0.000852451485116, 0.0008718353929, -0.000153434113599, 0.00100928044412, -0.0051690065302, 0.0110569326207, -0.00555734615773, 0.00186815357301, -0.000540680368431], [0.000809757912066, -0.00326908449642, 0.00317105534486, -0.000134144560434, 0.00145126227289, 0.000311750656692, 0.00152355898172, -0.000480461254483, 0.00218178657815, -0.00555734615773, 0.0148838050663, -0.00872294791043, 0.00377800920978], [-0.000915663491469, 0.00451057497412, -0.00333748012781, 0.00190496246796, -0.00169664470013, -0.000797002401669, -0.000230864083278, 0.00108518346678, 0.000291576434392, 0.00186815357301, -0.00872294791043, 0.0161115545779, -0.00730805797502], [0.000810330675449, -0.00307230558246, 0.00279002194293, -0.000689002627041, 0.00183942122385, -0.000107212159492, -0.000494855456054, 0.000520921894349, 0.00101985607762, -0.000540680368431, 0.00377800920978, -0.00730805797502, 0.0121089359745]]
    },
    "melbands": {
        "dmean": [2.52460486081e-05, 7.72182975197e-05, 0.000169319435372, 0.000224238057854, 0.000323965825373, 0.000292347744107, 0.000196518114535, 0.000343707215507, 0.000144768680912, 9.41982798395e-05, 6.75754563417e-05, 5.9500507632e-05, 0.000110786379082, 5.04060444655e-05, 1.33548401209e-05, 2.27589080168e-05, 8.50420565257e-06, 6.59485294818e-06, 1.11594490591e-05, 1.06110310298e-05, 5.08296761836e-06, 2.14442002289e-06, 4.1560047066e-06, 1.76174773969e-06, 2.10780990528e-06, 2.69879592452e-06, 1.811090101e-06, 1.23561630971e-06, 4.34305377439e-07, 9.96365088213e-08, 4.46401102749e-08, 6.4451455728e-08, 4.04447604296e-08, 1.3341580285e-08, 9.12735753644e-09, 4.49525705548e-09, 3.96853572227e-09, 2.54446685943e-09, 5.03150299203e-10, 3.39258066084e-10],
        "dmean2": [4.12205226894e-05, 0.000125565973576, 0.000266403687419, 0.000336482160492, 0.000454961118521, 0.000444775447249, 0.000279358180705, 0.000445824087365, 0.000192539358977, 0.000131961802253, 8.37942643557e-05, 8.02559879958e-05, 0.000143605866469, 6.43426101306e-05, 1.82543553819e-05, 3.26040753862e-05, 1.24430289361e-05, 9.54559982347e-06, 1.62872693181e-05, 1.41940990943e-05, 7.19365834811e-06, 3.1265412872e-06, 6.14353848505e-06, 2.53419057117e-06, 3.0268320188e-06, 3.87242562283e-06, 2.55750182987e-06, 1.75445177319e-06, 6.22995116828e-07, 1.4780638935e-07, 6.89782950758e-08, 9.90432766912e-08, 5.99124660994e-08, 2.02306473795e-08, 1.44213911923e-08, 6.9575878392e-09, 5.92509152852e-09, 3.76232378585e-09, 7.9424211652e-10, 5.18426856999e-10],
        "dvar": [3.98022903525e-09, 3.29954730205e-08, 1.69627256241e-07, 2.09291869169e-07, 4.8172859124e-07, 5.0077949254e-07, 2.16517335616e-07, 1.18444086183e-06, 1.02528588286e-07, 5.63060353898e-08, 9.07682675688e-08, 6.17142887904e-08, 4.57187383063e-07, 1.38796124816e-07, 2.71444822175e-09, 5.182103191e-09, 9.46649980627e-10, 4.91360507837e-10, 2.96595636939e-09, 2.17052376073e-09, 5.40550437744e-10, 5.90601526018e-11, 7.42466199632e-10, 5.83265449827e-11, 1.47133777384e-10, 1.09353054389e-10, 8.03754909851e-11, 2.50307465727e-11, 2.96301763507e-12, 2.8434497595e-13, 3.71768825306e-14, 9.24811713755e-14, 7.59419518373e-14, 7.64926062622e-15, 3.93704471422e-15, 9.8754173716e-16, 6.83818750983e-16, 5.88575772355e-16, 6.14374999648e-18, 3.54155766262e-18],
        "dvar2": [1.03796899964e-08, 8.56827213624e-08, 4.04810606369e-07, 4.59514666318e-07, 8.71658926371e-07, 1.19555795663e-06, 5.02356272136e-07, 1.97180884243e-06, 1.76373788463e-07, 1.14505688487e-07, 1.25691315134e-07, 9.6321727483e-08, 8.18285514015e-07, 2.40246180283e-07, 4.60182247863e-09, 1.04954063218e-08, 2.03469596727e-09, 9.67221081005e-10, 6.05108807505e-09, 2.99720692709e-09, 9.68876534557e-10, 1.12361557558e-10, 1.43310197043e-09, 1.04202022011e-10, 2.91119545137e-10, 2.1446000531e-10, 1.41907152695e-10, 4.48712664247e-11, 5.99439942128e-12, 5.1157727143e-13, 9.02000777672e-14, 1.97249226501e-13, 1.53469874612e-13, 1.76608436263e-14, 9.16266201638e-15, 2.30435122718e-15, 1.54792814715e-15, 1.21857960852e-15, 1.47971543909e-17, 7.48242104953e-18],
        "max": [0.0022326852195, 0.00501228449866, 0.0106167532504, 0.011163270101, 0.0246979445219, 0.021662671119, 0.0136228371412, 0.0477060824633, 0.00872082728893, 0.00461611803621, 0.0114409001544, 0.00966716464609, 0.0315231345594, 0.0172522254288, 0.00271957460791, 0.00266434275545, 0.00106509460602, 0.000734639063012, 0.00230811862275, 0.00214238744229, 0.00117331917863, 0.000295738369459, 0.00150879111607, 0.000246466806857, 0.000601626059506, 0.000479492213344, 0.000311192154186, 0.000206423428608, 5.94591656409e-05, 2.56488892774e-05, 6.67679478283e-06, 1.06886654976e-05, 1.71831179614e-05, 4.65453831566e-06, 3.34774381372e-06, 2.08608571484e-06, 1.36916355586e-06, 1.88470710327e-06, 7.8241093604e-08, 8.16597278686e-08],
        "mean": [4.15212089138e-05, 0.000128067636979, 0.000377359916456, 0.000481893308461, 0.000706140010152, 0.000560571148526, 0.000437261187471, 0.000721427961253, 0.000362717633834, 0.000197074710741, 0.000125810242025, 0.000124484315165, 0.000216408981942, 9.37430449994e-05, 2.29171891988e-05, 3.73454058717e-05, 1.2642423826e-05, 9.85593396763e-06, 1.70640068973e-05, 1.55019661179e-05, 7.25837026039e-06, 2.94166488857e-06, 6.16486840954e-06, 2.52258359978e-06, 2.80110953099e-06, 3.87754244002e-06, 2.5091610496e-06, 1.66976462879e-06, 5.77208368213e-07, 1.29143771233e-07, 5.18877811828e-08, 8.09199391938e-08, 4.76596362375e-08, 1.56334927226e-08, 1.10911830831e-08, 5.28592636329e-09, 4.78960071604e-09, 3.18052673087e-09, 7.02599367575e-10, 5.03598274193e-10],
        "median": [1.39173434945e-05, 2.75200891338e-05, 6.59158831695e-05, 0.000145610436448, 0.000215662890696, 0.000176229747012, 0.000105803090264, 0.000127671999508, 8.63198656589e-05, 5.71815253352e-05, 1.78073842108e-05, 1.44092909977e-05, 1.13680107461e-05, 7.33013348508e-06, 5.09921665071e-06, 7.57843963584e-06, 2.87423745249e-06, 1.82563940143e-06, 2.20845640797e-06, 1.55469797392e-06, 8.94805111784e-07, 4.48020017529e-07, 5.73578688545e-07, 2.75455192877e-07, 2.25880583571e-07, 2.32805717815e-07, 1.52268995635e-07, 1.46580390492e-07, 4.83841766652e-08, 9.16696496489e-09, 4.61259119788e-09, 3.08933079118e-09, 1.79517622989e-09, 7.40669692245e-10, 5.25793131256e-10, 3.73128611342e-10, 2.82331713564e-10, 2.17041246087e-10, 1.67933333906e-10, 1.53836873795e-10],
        "min": [2.12591663627e-24, 9.22661181077e-25, 5.47174473688e-24, 1.25916289529e-23, 8.83701628665e-24, 4.25027369453e-24, 2.13981833757e-23, 1.07902769087e-23, 2.03940754616e-23, 1.17297676484e-23, 6.08952971632e-24, 1.3394096131e-23, 8.84476842277e-24, 1.6107567808e-23, 9.02435576328e-24, 7.59664689802e-24, 9.74756845283e-24, 1.80236651928e-23, 1.22470166442e-23, 1.72739617652e-23, 1.16579276635e-23, 1.2865171205e-23, 5.76952907898e-24, 1.39552476028e-23, 1.47801468296e-23, 1.01527668568e-23, 1.09063088816e-23, 6.96926266466e-24, 8.61804112114e-24, 1.64273988402e-23, 1.04114706352e-23, 7.7997123168e-24, 8.92152064454e-24, 1.12418634894e-23, 8.94802873754e-24, 1.4767922641e-23, 9.8133136984e-24, 1.16811698723e-23, 1.27073651029e-23, 1.09667166943e-23],
        "var": [8.37234370721e-09, 7.71064136984e-08, 6.22548952833e-07, 7.48771242343e-07, 1.90898322217e-06, 1.43163799748e-06, 9.61351929618e-07, 3.78777076548e-06, 4.8221659199e-07, 1.64006223713e-07, 2.56130419984e-07, 2.4267208687e-07, 1.32516402118e-06, 3.40650842645e-07, 5.87983617351e-09, 1.11360867194e-08, 1.62422320038e-09, 1.01762753779e-09, 7.06804437201e-09, 4.90740603709e-09, 1.10230391481e-09, 1.03255209938e-10, 1.88688531466e-09, 1.2125711546e-10, 2.90254043023e-10, 2.29414542918e-10, 1.72216366168e-10, 4.55200391269e-11, 5.35393300874e-12, 5.64229110482e-13, 4.42061988957e-14, 1.34452317986e-13, 1.08704522163e-13, 9.4437211008e-15, 5.06608499929e-15, 1.1249842678e-15, 9.97247993582e-16, 8.96894812244e-16, 8.61520602093e-18, 5.13307425428e-18]
    },
    "mfcc": {
        "mean": [-788.886169434, 210.039413452, -28.9561729431, 9.37083339691, -8.9827413559, -18.4747600555, -6.02420377731, -11.570775032, -9.32587146759, 2.00254678726, -5.06997919083, -3.53402256966, 1.69484758377],
        "cov": [[6367.70703125, 1268.55480957, -1325.84521484, 984.533630371, -572.549926758, -76.823059082, -78.3023223877, -218.058044434, -182.733169556, -29.2683944702, -218.126617432, -99.2410125732, 17.0985393524], [1268.55480957, 2110.34692383, 221.205718994, -376.19619751, 215.963745117, -151.789154053, -59.1301231384, -110.30065155, -64.3043746948, -117.049331665, -28.7584152222, 10.459523201, -25.6276473999], [-1325.84521484, 221.205718994, 721.860351562, -291.11026001, 217.824615479, 38.6766433716, -63.8326034546, 51.3312492371, -0.501819193363, -44.2444610596, 35.6990089417, -19.914018631, -76.3400039673], [984.533630371, -376.19619751, -291.11026001, 608.461120605, -115.737960815, 21.7765617371, 15.383067131, -81.4020767212, -42.8129806519, 27.2174320221, -55.0075950623, -46.8698539734, -16.8426475525], [-572.549926758, 215.963745117, 217.824615479, -115.737960815, 256.305480957, 12.1095151901, -10.2185583115, -0.406489491463, -19.1064777374, -18.5154647827, 18.7348098755, 12.0271930695, -21.8334293365], [-76.823059082, -151.789154053, 38.6766433716, 21.7765617371, 12.1095151901, 157.071350098, 33.3602676392, 9.95293903351, 4.96426486969, -30.7403030396, -21.3441181183, -24.2486610413, -7.46594285965], [-78.3023223877, -59.1301231384, -63.8326034546, 15.383067131, -10.2185583115, 33.3602676392, 174.066558838, 58.3342323303, 6.53273677826, -7.61205482483, -45.6884918213, -34.2014350891, 1.92708420753], [-218.058044434, -110.30065155, 51.3312492371, -81.4020767212, -0.406489491463, 9.95293903351, 58.3342323303, 187.91343689, 54.4165840149, -1.90978515148, -1.11447274685, -41.6998443604, -14.5177946091], [-182.733169556, -64.3043746948, -0.501819193363, -42.8129806519, -19.1064777374, 4.96426486969, 6.53273677826, 54.4165840149, 166.640014648, 68.7503356934, 7.20759153366, -1.21169650555, -25.1487789154], [-29.2683944702, -117.049331665, -44.2444610596, 27.2174320221, -18.5154647827, -30.7403030396, -7.61205482483, -1.90978515148, 68.7503356934, 163.733444214, 66.8773880005, -1.31792271137, -25.1078300476], [-218.126617432, -28.7584152222, 35.6990089417, -55.0075950623, 18.7348098755, -21.3441181183, -45.6884918213, -1.11447274685, 7.20759153366, 66.8773880005, 160.612869263, 76.6110229492, -6.55738544464], [-99.2410125732, 10.459523201, -19.914018631, -46.8698539734, 12.0271930695, -24.2486610413, -34.2014350891, -41.6998443604, -1.21169650555, -1.31792271137, 76.6110229492, 184.261886597, 85.3952713013], [17.0985393524, -25.6276473999, -76.3400039673, -16.8426475525, -21.8334293365, -7.46594285965, 1.92708420753, -14.5177946091, -25.1487789154, -25.1078300476, -6.55738544464, 85.3952713013, 191.581924438]],
