{
"lowlevel": {
    "average_loudness": 0.151345342398,
    "barkbands_crest": {
        "dmean": 2.41296172142,
        "dmean2": 3.86546635628,
        "dvar": 4.86117076874,
        "dvar2": 11.6509895325,
        "max": 25.157907486,
        "mean": 9.78320598602,
        "median": 8.89912700653,
        "min": 2.83639764786,
        "var": 15.2150754929
    },
    "barkbands_flatness_db": {
        "dmean": 0.0156453344971,
        "dmean2": 0.0231492649764,
        "dvar": 0.000214099840377,
        "dvar2": 0.000446532707429,
        "max": 0.42470741272,
        "mean": 0.190014824271,
        "median": 0.189779132605,
        "min": 0.0473673790693,
        "var": 0.00245428085327
    },
    "barkbands_kurtosis": {
        "dmean": 1.01094305515,
        "dmean2": 1.60867488384,
        "dvar": 3.8635392189,
        "dvar2": 9.75374698639,
        "max": 60.0676612854,
        "mean": 0.750663101673,
        "median": -0.181709289551,
        "min": -1.85802924633,
        "var": 13.1711397171
    },
    "barkbands_skewness": {
        "dmean": 0.367541074753,
        "dmean2": 0.561027526855,
        "dvar": 0.119600571692,
        "dvar2": 0.271646857262,
        "max": 7.54451656342,
        "mean": 0.400911480188,
        "median": 0.426516503096,
        "min": -3.54018831253,
        "var": 0.864388167858
    },
    "barkbands_spread": {
        "dmean": 2.75324583054,
        "dmean2": 4.2642583847,
        "dvar": 10.8506803513,
        "dvar2": 27.4793014526,
        "max": 134.72819519,
        "mean": 16.0810489655,
        "median": 15.4809303284,
        "min": 1.02971160412,
        "var": 60.7435493469
    },
    "dissonance": {
        "dmean": 0.0267640147358,
        "dmean2": 0.0449809096754,
        "dvar": 0.000651991169434,
        "dvar2": 0.00182753789704,
        "max": 0.499834388494,
        "mean": 0.440508425236,
        "median": 0.449831038713,
        "min": 0.167360410094,
        "var": 0.00179487874266
    },
    "dynamic_complexity": 5.99399757385,
    "erbbands_crest": {
        "dmean": 2.96376729012,
        "dmean2": 4.82071065903,
        "dvar": 7.44698619843,
        "dvar2": 18.6100311279,
        "max": 34.0079078674,
        "mean": 12.022810936,
        "median": 11.1569690704,
        "min": 2.33119320869,
        "var": 23.3803215027
    },
    "erbbands_flatness_db": {
        "dmean": 0.0150316692889,
        "dmean2": 0.0219675302505,
        "dvar": 0.000204221243621,
        "dvar2": 0.00039686189848,
        "max": 0.44481793046,
        "mean": 0.274843722582,
        "median": 0.278435409069,
        "min": 0.0539319328964,
        "var": 0.00302390661091
    },
    "erbbands_kurtosis": {
        "dmean": 0.966082930565,
        "dmean2": 1.53862392902,
        "dvar": 2.85923433304,
        "dvar2": 6.66167783737,
        "max": 46.8038864136,
        "mean": 0.367755711079,
        "median": -0.381672143936,
        "min": -1.93775975704,
        "var": 7.30410814285
    },
    "erbbands_skewness": {
        "dmean": 0.361090064049,
        "dmean2": 0.552672147751,
        "dvar": 0.107878655195,
        "dvar2": 0.238524749875,
        "max": 5.5683889389,
        "mean": -0.087901391089,
        "median": -0.036831703037,
        "min": -4.63040113449,
        "var": 0.868934035301
    },
    "erbbands_spread": {
        "dmean": 3.89869856834,
        "dmean2": 6.11167144775,
        "dvar": 14.3054361343,
        "dvar2": 32.8710975647,
        "max": 104.381706238,
        "mean": 21.3350887299,
        "median": 20.6123199463,
        "min": 1.40270209312,
        "var": 89.7827529907
    },
    "hfc": {
        "dmean": 2.70790338516,
        "dmean2": 3.91927313805,
        "dvar": 25.6441459656,
        "dvar2": 53.8623657227,
        "max": 148.985366821,
        "mean": 11.7707366943,
        "median": 4.51388597488,
        "min": 1.08824615924e-16,
        "var": 297.811767578
    },
    "melbands_crest": {
        "dmean": 3.23109221458,
        "dmean2": 5.1003279686,
        "dvar": 8.87096309662,
        "dvar2": 21.0027675629,
        "max": 34.993221283,
        "mean": 12.4362506866,
        "median": 11.2157459259,
        "min": 1.65935707092,
        "var": 29.6991577148
    },
    "melbands_flatness_db": {
        "dmean": 0.0169498175383,
        "dmean2": 0.0249909497797,
        "dvar": 0.000263104302576,
        "dvar2": 0.000539429835044,
        "max": 0.479757845402,
        "mean": 0.23345528543,
        "median": 0.234507784247,
        "min": 0.00291939126328,
        "var": 0.0037830141373
    },
    "melbands_kurtosis": {
        "dmean": 1.80789351463,
        "dmean2": 2.81994962692,
        "dvar": 21.0453605652,
        "dvar2": 52.6685714722,
        "max": 182.230484009,
        "mean": 2.57712888718,
        "median": 0.946269989014,
        "min": -1.91537427902,
        "var": 63.1012802124
    },
    "melbands_skewness": {
        "dmean": 0.421967297792,
        "dmean2": 0.644734621048,
        "dvar": 0.1801802665,
        "dvar2": 0.416748166084,
        "max": 12.6253423691,
        "mean": 1.09736287594,
        "median": 1.03966057301,
        "min": -2.50515127182,
        "var": 1.00033581257
    },
    "melbands_spread": {
        "dmean": 5.22047233582,
        "dmean2": 8.04557228088,
        "dvar": 31.0669326782,
        "dvar2": 70.2230911255,
        "max": 170.877120972,
        "mean": 27.0356616974,
        "median": 23.9172840118,
        "min": 1.01776516438,
        "var": 329.230621338
    },
    "pitch_salience": {
        "dmean": 0.0628466382623,
        "dmean2": 0.0995032191277,
        "dvar": 0.00288007385097,
        "dvar2": 0.00715914648026,
        "max": 0.875750362873,
        "mean": 0.578073441982,
        "median": 0.58226454258,
        "min": 0.137299329042,
        "var": 0.011516790837
    },
    "silence_rate_20dB": {
        "dmean": 0,
        "dmean2": 0,
        "dvar": 0,
        "dvar2": 0,
        "max": 1,
        "mean": 1,
        "median": 1,
        "min": 1,
        "var": 0
    },
    "silence_rate_30dB": {
        "dmean": 0,
        "dmean2": 0,
        "dvar": 0,
        "dvar2": 0,
        "max": 1,
        "mean": 1,
        "median": 1,
        "min": 1,
        "var": 0
    },
    "silence_rate_60dB": {
        "dmean": 0.0584869682789,
        "dmean2": 0.116986326873,
        "dvar": 0.0550640001893,
        "dvar2": 0.121517382562,
        "max": 1,
        "mean": 0.376628875732,
        "median": 0,
        "min": 0,
        "var": 0.234773740172
    },
    "spectral_centroid": {
        "dmean": 163.830291748,
        "dmean2": 248.636138916,
        "dvar": 43062.171875,
        "dvar2": 78151.2890625,
        "max": 11829.1738281,
        "mean": 1527.21166992,
        "median": 1392.70239258,
        "min": 218.357574463,
        "var": 1432423.625
    },
    "spectral_complexity": {
        "dmean": 1.85505402088,
        "dmean2": 2.99268841743,
        "dvar": 3.82535743713,
        "dvar2": 9.19060897827,
        "max": 35,
        "mean": 11.0015888214,
        "median": 11,
        "min": 0,
        "var": 46.5077323914
    },
    "spectral_decrease": {
        "dmean": 5.57289159264e-10,
        "dmean2": 8.25406076821e-10,
        "dvar": 9.53653012695e-19,
        "dvar2": 2.07428525333e-18,
        "max": 1.62457968599e-28,
        "mean": -2.21422702396e-09,
        "median": -1.15557297065e-09,
        "min": -2.70302553673e-08,
        "var": 7.9287147685e-18
    },
    "spectral_energy": {
        "dmean": 0.0023171894718,
        "dmean2": 0.00342364935204,
        "dvar": 1.64384382515e-05,
        "dvar2": 3.55299125658e-05,
        "max": 0.113749064505,
        "mean": 0.00942461006343,
        "median": 0.00478515494615,
        "min": 1.00652144729e-20,
        "var": 0.00014664788614
    },
    "spectral_energyband_high": {
        "dmean": 1.40345491673e-05,
        "dmean2": 2.03733779927e-05,
        "dvar": 2.95768409764e-09,
        "dvar2": 5.51217205214e-09,
        "max": 0.00299603655003,
        "mean": 3.69399313058e-05,
        "median": 6.51193931844e-06,
        "min": 7.09912008749e-21,
        "var": 1.06119699694e-08
    },
    "spectral_energyband_low": {
        "dmean": 4.08636260545e-05,
        "dmean2": 5.43781206943e-05,
        "dvar": 7.0808567898e-09,
        "dvar2": 1.04806234802e-08,
        "max": 0.00573622947559,
        "mean": 0.000170411265572,
        "median": 6.7322900577e-05,
        "min": 1.59657763712e-23,
        "var": 1.06390210419e-07
    },
    "spectral_energyband_middle_high": {
        "dmean": 0.00140082545113,
        "dmean2": 0.00206654472277,
        "dvar": 6.87089959683e-06,
        "dvar2": 1.56023033924e-05,
        "max": 0.0710850805044,
        "mean": 0.00500437337905,
        "median": 0.00186942203436,
        "min": 1.16498211079e-21,
        "var": 5.63012072234e-05
    },
    "spectral_energyband_middle_low": {
        "dmean": 0.00162480678409,
        "dmean2": 0.00246817502193,
        "dvar": 1.07787736852e-05,
        "dvar2": 2.40812496486e-05,
        "max": 0.0758814886212,
        "mean": 0.00427463464439,
        "median": 0.00232725590467,
        "min": 1.27771977523e-22,
        "var": 3.7180911022e-05
    },
    "spectral_entropy": {
        "dmean": 0.122023813426,
        "dmean2": 0.178616434336,
        "dvar": 0.0133442096412,
        "dvar2": 0.0258384011686,
        "max": 9.82717418671,
        "mean": 6.88833141327,
        "median": 6.86527347565,
        "min": 5.03726005554,
        "var": 0.285952985287
    },
    "spectral_flux": {
        "dmean": 0.0144414855167,
        "dmean2": 0.0239046160132,
        "dvar": 0.00037480177707,
        "dvar2": 0.00103160028812,
        "max": 0.29947027564,
        "mean": 0.0489386953413,
        "median": 0.0362347364426,
        "min": 6.368046368e-11,
        "var": 0.00175838428549
    },
    "spectral_kurtosis": {
        "dmean": 6.09724712372,
        "dmean2": 10.7922515869,
        "dvar": 33.6121902466,
        "dvar2": 104.840690613,
        "max": 78.7629776001,
        "mean": 13.9018564224,
        "median": 11.9413118362,
        "min": -1.2758295536,
        "var": 79.2510757446
    },
    "spectral_rms": {
        "dmean": 0.000326246430632,
        "dmean2": 0.000467323465273,
        "dvar": 1.59298494395e-07,
        "dvar2": 3.14592710993e-07,
        "max": 0.0105344532058,
        "mean": 0.00253057153895,
        "median": 0.00216065812856,
        "min": 3.13364351828e-12,
        "var": 2.7909882192e-06
    },
    "spectral_rolloff": {
        "dmean": 250.318344116,
        "dmean2": 425.621948242,
        "dvar": 195471.421875,
        "dvar2": 430296.34375,
        "max": 19530.6152344,
        "mean": 2025.52392578,
        "median": 1937.98828125,
        "min": 21.533203125,
        "var": 4424304.5
    },
    "spectral_skewness": {
        "dmean": 0.479356706142,
        "dmean2": 0.842467308044,
        "dvar": 0.182574823499,
        "dvar2": 0.56765049696,
        "max": 6.67909431458,
        "mean": 2.14754891396,
        "median": 2.05037307739,
        "min": -0.0820020213723,
        "var": 0.59063410759
    },
    "spectral_spread": {
        "dmean": 234342.609375,
        "dmean2": 367399.875,
        "dvar": 301149356032,
        "dvar2": 492975620096,
        "max": 42917864,
        "mean": 2635539.75,
        "median": 1957063,
        "min": 937206.25,
        "var": 1.977383859e+13
    },
    "spectral_strongpeak": {
        "dmean": 0.611793100834,
        "dmean2": 1.03105461597,
        "dvar": 1.15455114841,
        "dvar2": 3.11069941521,
        "max": 17.0297050476,
        "mean": 1.2293856144,
        "median": 0.832359015942,
        "min": 0,
        "var": 1.94152438641
    },
    "zerocrossingrate": {
        "dmean": 0.00542800314724,
        "dmean2": 0.00659787654877,
        "dvar": 5.4449064919e-05,
        "dvar2": 9.03188556549e-05,
        "max": 0.525390625,
        "mean": 0.0626027360559,
        "median": 0.05517578125,
        "min": 0.0078125,
        "var": 0.00294787832536
    },
    "barkbands": {
        "dmean": [6.54327959637e-06, 1.52529128172e-05, 1.72187010321e-05, 3.08142771246e-05, 0.000106816791231, 0.000222372516873, 0.000587794580497, 0.00102177809458, 0.000404381542467, 0.000311260344461, 0.000256061408436, 0.000380033918191, 0.000255817489233, 0.000217189983232, 0.000104432321677, 0.000338408048265, 0.000592340074945, 0.000181330178748, 3.38730533258e-05, 9.68328913586e-06, 5.35952813152e-06, 3.64499692296e-06, 3.35396157425e-06, 1.36131768613e-06, 2.6316814683e-07, 8.29978930028e-08, 7.05562364089e-09],
        "dmean2": [1.00732258943e-05, 2.22429334826e-05, 2.11577862501e-05, 4.43330682174e-05, 0.000159710078151, 0.000346768210875, 0.000905684370082, 0.00152406306006, 0.000616662204266, 0.000494504172821, 0.000396746880142, 0.000601668667514, 0.000411843357142, 0.000358825665899, 0.000169998093043, 0.000562832457945, 0.000925243075471, 0.000285668473225, 5.46076553292e-05, 1.56566020451e-05, 8.43746056489e-06, 5.7039337662e-06, 4.87615943712e-06, 1.92593256543e-06, 3.65947869341e-07, 1.17981358017e-07, 1.13772804511e-08],
        "dvar": [3.71466850335e-11, 1.49728041077e-09, 2.5306372553e-09, 3.43326900243e-09, 3.89187633232e-08, 1.70838319491e-07, 2.02039518626e-06, 1.03612392195e-05, 1.63519575835e-06, 7.15618227787e-07, 7.23837842997e-07, 1.37506845022e-06, 6.91430841471e-07, 1.07815560568e-06, 9.05459671685e-08, 1.04307287074e-06, 2.2698320663e-06, 2.55190855114e-07, 1.58235859971e-08, 8.10296774123e-10, 4.68771743645e-10, 4.99128016695e-10, 5.58805224316e-10, 4.52235332515e-11, 1.68508468897e-12, 1.6921389962e-13, 1.62641432592e-15],
        "dvar2": [8.07591632457e-11, 3.06551339868e-09, 2.8664490781e-09, 6.67561383949e-09, 8.1217805814e-08, 4.24751050332e-07, 4.76241439173e-06, 2.24336272368e-05, 3.32733839059e-06, 1.84595182873e-06, 1.72301520251e-06, 3.39009261552e-06, 1.81755444828e-06, 2.77506228485e-06, 2.259091616e-07, 2.89594913738e-06, 5.66755170439e-06, 6.20164598786e-07, 3.97809536423e-08, 1.99638128251e-09, 1.17675791333e-09, 9.59554546931e-10, 1.0327473321e-09, 9.12974348899e-11, 3.05571215033e-12, 3.76637170887e-13, 4.57563767623e-15],
        "max": [8.40694265207e-05, 0.0029612716753, 0.00508679077029, 0.00248092925176, 0.00713491160423, 0.0157685223967, 0.0286186747253, 0.0696250796318, 0.0497892051935, 0.0192138347775, 0.0230341460556, 0.0344986915588, 0.0161205343902, 0.0358107462525, 0.00920039415359, 0.0303704012185, 0.0490751340985, 0.0114585589617, 0.00377668766305, 0.000998225295916, 0.000712140346877, 0.00165464845486, 0.00110074994154, 0.000402983772801, 9.23661573324e-05, 1.63949334819e-05, 2.28142243941e-06],
        "mean": [3.94579583372e-05, 5.97123107582e-05, 5.4300922784e-05, 7.17308575986e-05, 0.000239098575548, 0.000449182611192, 0.00105236843228, 0.00164031470194, 0.000723802950233, 0.000507949560415, 0.000378321041353, 0.000617701967712, 0.000417552306317, 0.000340159283951, 0.000187932164408, 0.000660276622511, 0.00155528099276, 0.000321140425513, 6.03146800131e-05, 1.86990018847e-05, 1.03289858089e-05, 8.03435705166e-06, 6.98661051501e-06, 3.19083255818e-06, 6.1364744397e-07, 1.89036356346e-07, 1.09054054676e-08],
        "median": [4.01264951506e-05, 1.23825211631e-05, 1.56366713782e-05, 2.28605658776e-05, 0.000124146667076, 0.00018210336566, 0.000263323163381, 0.000177319016075, 0.000191857907339, 0.00013927576947, 4.03577068937e-05, 0.000115759561595, 3.93342052121e-05, 5.35923354619e-05, 4.48590180895e-05, 0.000107283391117, 0.00022851160611, 5.7255198044e-05, 1.0054489394e-05, 4.15734984927e-06, 1.62330718467e-06, 1.06105994746e-06, 5.51143557459e-07, 3.33890255888e-07, 7.60716929449e-08, 2.89932682307e-08, 1.68526148592e-09],
        "min": [1.49551017817e-25, 2.43338424598e-24, 3.11754501736e-25, 2.95289396923e-25, 1.11944261277e-23, 9.55621840736e-24, 9.62913676513e-24, 8.39842382284e-24, 1.21473890339e-23, 1.82216329924e-23, 1.30430411953e-23, 1.28062748498e-23, 2.47172967018e-23, 2.64176895384e-23, 5.2983905808e-23, 6.90284909613e-23, 6.71009566711e-23, 8.83213781304e-23, 1.3691804348e-22, 1.65706935304e-22, 2.66784453018e-22, 2.94818726811e-22, 4.030434253e-22, 5.75639905719e-22, 8.06463231916e-22, 1.32242188478e-21, 1.9503161893e-21],
        "var": [1.69237901471e-10, 2.79137122305e-08, 2.65948028044e-08, 2.27286331977e-08, 1.4609386767e-07, 5.79179754823e-07, 4.83274834551e-06, 2.35543120652e-05, 3.51781341124e-06, 1.23336974411e-06, 1.39506641972e-06, 2.86310864794e-06, 1.35923096423e-06, 2.03533772947e-06, 2.08008742675e-07, 2.84436941911e-06, 1.05303024611e-05, 5.70564111513e-07, 3.48136275363e-08, 1.87290627451e-09, 9.22273868387e-10, 1.18281628936e-09, 1.32791100338e-09, 1.24626517439e-10, 5.06475980946e-12, 3.89595175782e-13, 1.880852753e-15]
    },
    "erbbands": {
        "dmean": [0.000287662056508, 0.00413035601377, 0.0167497303337, 0.0673142820597, 0.16201479733, 0.36423638463, 1.29790854454, 1.9443615675, 7.47198724747, 10.6024885178, 23.6666889191, 8.69519519806, 5.56670093536, 13.3724527359, 9.35688495636, 16.2819309235, 12.4477920532, 12.2997140884, 4.70499563217, 5.74699831009, 21.409702301, 30.9090442657, 10.3838558197, 1.8832514286, 1.87180352211, 0.519913136959, 0.256583094597, 0.136192947626, 0.111208088696, 0.126462593675, 0.0974539294839, 0.0452745109797, 0.0135540394112, 0.00378690194339, 0.00156500004232, 0.000553965510335, 0.000115680210001, 1.96079727175e-05, 1.71045041952e-06, 2.81845086647e-06],
        "dmean2": [0.000437206268543, 0.00586862955242, 0.0212862472981, 0.0912081897259, 0.249074175954, 0.529636740685, 1.87660050392, 3.09160876274, 11.5356817245, 15.6710996628, 35.3963775635, 13.3708524704, 8.43044376373, 21.267457962, 14.4398641586, 25.902425766, 19.8172950745, 20.146856308, 7.73459529877, 8.9263715744, 34.4466438293, 47.2729644775, 15.0874996185, 2.96436905861, 2.97504162788, 0.829613924026, 0.405541062355, 0.212094783783, 0.172088772058, 0.189418360591, 0.140961870551, 0.0641413554549, 0.0193253941834, 0.00546795222908, 0.00220338790677, 0.000797246117145, 0.000163169912412, 2.87599650619e-05, 2.53180223808e-06, 4.14438136431e-06],
        "dvar": [2.93697524967e-07, 0.000116148963571, 0.00260577932931, 0.0168743394315, 0.0779736787081, 0.529611766338, 10.2004938126, 14.9719781876, 384.499786377, 921.735656738, 6456.19726562, 692.799560547, 154.947387695, 1568.16638184, 967.539001465, 2569.33691406, 1515.80212402, 3491.21850586, 222.321807861, 240.297973633, 3457.54150391, 6956.84667969, 757.388549805, 26.2178630829, 66.280670166, 2.87541723251, 1.03774809837, 0.284203797579, 0.541927933693, 0.685522377491, 0.445372104645, 0.0640673264861, 0.00336862588301, 0.000353114795871, 7.14956913725e-05, 8.58370731294e-06, 3.52537284698e-07, 5.96620042259e-09, 3.97714257361e-11, 2.41936696371e-11],
        "dvar2": [5.10537972787e-07, 0.000239410932409, 0.00318865897134, 0.0267818775028, 0.171185672283, 1.07267963886, 19.8652744293, 40.2714118958, 920.069091797, 1949.34643555, 14159.2988281, 1542.79724121, 343.100799561, 3981.58569336, 2457.28466797, 6406.67675781, 3950.58081055, 9043.89746094, 597.117126465, 572.76171875, 9216.51367188, 16049.8037109, 1577.31445312, 66.045173645, 163.088088989, 7.30027770996, 2.49238634109, 0.713675916195, 1.13909351826, 1.3388428688, 0.7964823246, 0.124873451889, 0.00655808206648, 0.000728816550691, 0.000122621859191, 1.91919880308e-05, 7.5583659509e-07, 1.38236977421e-08, 1.09621166311e-10, 5.18003244465e-11],
        "max": [0.0436611436307, 0.788670182228, 5.03051567078, 6.33951807022, 10.6586093903, 30.6353721619, 199.861404419, 99.1753463745, 476.867889404, 865.89263916, 1954.44348145, 833.576599121, 378.965698242, 876.570739746, 1046.84362793, 1165.30700684, 849.010986328, 2077.03222656, 482.6378479, 536.480712891, 1934.80664062, 2319.92895508, 783.418151855, 177.543838501, 268.681793213, 68.2429275513, 41.3587684631, 21.3652687073, 56.9969711304, 59.0939445496, 33.8718643188, 17.5839385986, 2.55573105812, 1.24256312847, 0.570892512798, 0.142165571451, 0.0286318399012, 0.00266897585243, 0.000395132752601, 0.000140137039125],
        "mean": [0.00102827011142, 0.016647271812, 0.0580480545759, 0.18625959754, 0.345943897963, 0.84343624115, 2.69772624969, 3.74526643753, 13.2086400986, 18.5003490448, 39.5344200134, 17.7036323547, 11.4097118378, 22.8730545044, 15.5710992813, 27.5494041443, 22.6642189026, 20.4701423645, 9.72952651978, 14.9174451828, 52.2333297729, 85.8455734253, 26.3321495056, 4.22311782837, 3.35661625862, 1.07640421391, 0.51686578989, 0.294209986925, 0.247536346316, 0.256256222725, 0.199958473444, 0.107258863747, 0.0313494428992, 0.00857973378152, 0.00358765013516, 0.00120427249931, 0.000272865465377, 4.62551433884e-05, 6.92081812304e-06, 1.18307834782e-05],
        "median": [0.000334957119776, 0.00372933666222, 0.017900576815, 0.0646316334605, 0.191279709339, 0.390094250441, 0.924198508263, 1.64899110794, 4.13918828964, 4.36010980606, 5.65197277069, 5.14063596725, 4.26355218887, 4.70933866501, 3.0988240242, 6.08996534348, 3.69187712669, 3.36432027817, 2.81440544128, 2.93278598785, 9.80959224701, 12.4886598587, 4.27827739716, 1.2881155014, 0.518860042095, 0.235112130642, 0.0869751125574, 0.0517264381051, 0.0358966737986, 0.0246084984392, 0.0147724347189, 0.00922092609107, 0.00411215284839, 0.00117934762966, 0.000439851253759, 0.000178374655661, 4.32371962233e-05, 8.02191061666e-06, 3.12372412736e-06, 5.83879091209e-06],
        "min": [6.42113654862e-23, 4.18459382975e-22, 1.40891587609e-21, 5.70760115658e-21, 7.66539387924e-21, 1.86212233779e-20, 3.57132289101e-20, 9.0578177005e-20, 1.23031535589e-19, 1.64895030068e-19, 2.77553501055e-19, 3.02578609717e-19, 3.11976441301e-19, 4.97491752796e-19, 8.12399670489e-19, 1.07783515652e-18, 1.5139739927e-18, 1.33594042645e-18, 2.44053601315e-18, 3.16196096401e-18, 3.65161983339e-18, 4.36210966334e-18, 4.23544887281e-18, 6.28745442994e-18, 6.19332375777e-18, 9.0710569847e-18, 7.67214733072e-18, 8.31805213922e-18, 8.73523985398e-18, 1.04887734171e-17, 1.02959964938e-17, 1.02694415146e-17, 9.37922312191e-18, 8.08599654453e-18, 6.1967441496e-18, 4.24101000807e-18, 2.31764178955e-18, 9.77652314e-19, 2.66917250847e-19, 2.7275114245e-20],
        "var": [6.84450105837e-06, 0.00201225304045, 0.0273729357868, 0.151228919625, 0.260387867689, 2.06198644638, 49.4226226807, 36.5404281616, 802.689453125, 2219.06323242, 14410.8457031, 1851.37133789, 415.534210205, 3451.62329102, 1741.41235352, 5009.11621094, 3321.00195312, 7113.09423828, 515.324951172, 1210.66760254, 12778.5566406, 32435.484375, 3155.95361328, 67.1368942261, 137.726928711, 6.28466081619, 2.1901216507, 0.663735687733, 1.10703206062, 1.81067335606, 1.03412532806, 0.178103998303, 0.00899992510676, 0.00083770341007, 0.000224035815336, 1.97624849534e-05, 7.8202054965e-07, 1.72268315168e-08, 1.09039902108e-10, 2.37807412651e-10]
    },
    "gfcc": {
        "mean": [-153.993240356, 132.82069397, -173.469482422, -2.14771318436, -52.2014503479, -12.386806488, -43.300983429, 6.25400495529, -7.01104307175, -14.0803661346, -5.68625164032, 1.01313519478, -7.77700662613],
        "cov": [[21970.1425781, 905.247802734, -3969.12353516, -114.413925171, -772.901062012, -412.794494629, -643.925842285, 282.684906006, 224.57572937, -393.657012939, -73.1118011475, 104.012649536, -310.675567627], [905.247802734, 1278.02490234, -122.737838745, -193.264724731, 126.143280029, -140.688247681, -34.0990982056, -86.7948379517, -26.0492153168, -72.0671234131, 46.0484542847, -96.5693435669, 43.2614555359], [-3969.12353516, -122.737838745, 1067.77624512, 189.855133057, 90.1317443848, 170.990890503, 131.745437622, -52.6260566711, -113.245071411, 109.529243469, -24.171005249, -34.3503303528, 34.8095741272], [-114.413925171, -193.264724731, 189.855133057, 413.9765625, 31.0178756714, 93.4053344727, 3.07380247116, -44.9969100952, -113.051689148, 137.593292236, -20.3015575409, -80.5899124146, -13.7716846466], [-772.901062012, 126.143280029, 90.1317443848, 31.0178756714, 336.916168213, 47.5937728882, -84.6857681274, -87.8193817139, 7.96512031555, 59.8461456299, 32.3519477844, -73.8910293579, -11.7184057236], [-412.794494629, -140.688247681, 170.990890503, 93.4053344727, 47.5937728882, 218.445648193, 19.8604984283, -30.9585781097, -68.1453475952, 54.2986946106, -7.97009277344, -25.5678787231, -25.7039260864], [-643.925842285, -34.0990982056, 131.745437622, 3.07380247116, -84.6857681274, 19.8604984283, 306.585876465, 90.2042312622, -70.4039077759, -14.6178312302, -18.0524425507, 26.3140888214, 19.3526191711], [282.684906006, -86.7948379517, -52.6260566711, -44.9969100952, -87.8193817139, -30.9585781097, 90.2042312622, 210.741439819, 99.7283859253, -105.703575134, -36.1412658691, 74.9356689453, 14.4234809875], [224.57572937, -26.0492153168, -113.245071411, -113.051689148, 7.96512031555, -68.1453475952, -70.4039077759, 99.7283859253, 230.505462646, -89.8389129639, -0.00957999564707, 60.1309127808, -0.95431804657], [-393.657012939, -72.0671234131, 109.529243469, 137.593292236, 59.8461456299, 54.2986946106, -14.6178312302, -105.703575134, -89.8389129639, 227.254959106, 40.8183326721, -89.8743057251, -16.6040096283], [-73.1118011475, 46.0484542847, -24.171005249, -20.3015575409, 32.3519477844, -7.97009277344, -18.0524425507, -36.1412658691, -0.00957999564707, 40.8183326721, 92.7838363647, -1.26759052277, -5.40377950668], [104.012649536, -96.5693435669, -34.3503303528, -80.5899124146, -73.8910293579, -25.5678787231, 26.3140888214, 74.9356689453, 60.1309127808, -89.8743057251, -1.26759052277, 147.382202148, 24.1208820343], [-310.675567627, 43.2614555359, 34.8095741272, -13.7716846466, -11.7184057236, -25.7039260864, 19.3526191711, 14.4234809875, -0.95431804657, -16.6040096283, -5.40377950668, 24.1208820343, 93.9254684448]],
        "icov": [[0.000297830876661, -0.000374607974663, 0.00110505567864, -0.00054757023463, 0.000556897954084, -0.000392459856812, 0.000463341624709, -0.00039948525955, 0.000186971592484, -0.000127860315843, 0.000386937550502, -0.000432878849097, 0.000708524079528], [-0.000374607974663, 0.00165281782392, -0.00139221386053, 0.00117853784468, -0.00107400049455, 0.00115239038132, -0.000642571190838, 0.000768885191064, 0.000222968155867, 0.00106284592766, -0.00109987671021, 0.00183942902368, -0.00146140402649], [0.00110505567864, -0.00139221386053, 0.00538622681051, -0.00239308387972, 0.00173658237327, -0.00219641299918, 0.00101466523483, -0.00100294360891, 0.000478706933791, -0.000760465685744, 0.00187755550724, -0.00189293839503, 0.00197446229868], [-0.00054757023463, 0.00117853784468, -0.00239308387972, 0.00498846778646, -0.00116500793956, 0.000459481583675, -6.61045269226e-05, -0.000572228862438, 0.00128531130031, -0.00135074194986, 0.00020284987113, 0.00200706254691, -0.00138328771573], [0.000556897954084, -0.00107400049455, 0.00173658237327, -0.00116500793956, 0.00526992464438, -0.00180387648288, 0.00136119243689, 0.00039560435107, -0.00112217210699, -0.000246510811849, -0.000222371818381, 0.000681177829392, 0.00110222632065], [-0.000392459856812, 0.00115239038132, -0.00219641299918, 0.000459481583675, -0.00180387648288, 0.00714885443449, -0.000497150642332, 0.000163163116667, 0.00156036228873, 0.000153684683028, -0.000158831549925, 0.000440761796199, 0.0007818552549], [0.000463341624709, -0.000642571190838, 0.00101466523483, -6.61045269226e-05, 0.00136119243689, -0.000497150642332, 0.0063418885693, -0.00471245823428, 0.00366061110981, -0.00068390724482, 0.000164808530826, -0.00076306797564, 0.00101528887171], [-0.00039948525955, 0.000768885191064, -0.00100294360891, -0.000572228862438, 0.00039560435107, 0.000163163116667, -0.00471245823428, 0.0120077757165, -0.00570293003693, 0.00270523014478, 0.00126617401838, -0.000560547632631, -0.00152961013373], [0.000186971592484, 0.000222968155867, 0.000478706933791, 0.00128531130031, -0.00112217210699, 0.00156036228873, 0.00366061110981, -0.00570293003693, 0.00960723869503, 0.000491188897286, -0.00069208239438, -0.00106495036744, 0.00135343172587], [-0.000127860315843, 0.00106284592766, -0.000760465685744, -0.00135074194986, -0.000246510811849, 0.000153684683028, -0.00068390724482, 0.00270523014478, 0.000491188897286, 0.00951370503753, -0.00427248049527, 0.0042044497095, -0.000730620580725], [0.000386937550502, -0.00109987671021, 0.00187755550724, 0.00020284987113, -0.000222371818381, -0.000158831549925, 0.000164808530826, 0.00126617401838, -0.00069208239438, -0.00427248049527, 0.0146881770343, -0.00376005936414, 0.00186911271885], [-0.000432878849097, 0.00183942902368, -0.00189293839503, 0.00200706254691, 0.000681177829392, 0.000440761796199, -0.00076306797564, -0.000560547632631, -0.00106495036744, 0.0042044497095, -0.00376005936414, 0.0133714703843, -0.00375212379731], [0.000708524079528, -0.00146140402649, 0.00197446229868, -0.00138328771573, 0.00110222632065, 0.0007818552549, 0.00101528887171, -0.00152961013373, 0.00135343172587, -0.000730620580725, 0.00186911271885, -0.00375212379731, 0.0140617368743]]
    },
    "melbands": {
        "dmean": [3.55467136615e-06, 7.44985845813e-06, 1.2576248082e-05, 1.86353117897e-05, 3.74908231606e-05, 4.52461754321e-05, 0.000116040995636, 0.000134909685585, 0.000178454181878, 5.12402366439e-05, 2.80090353044e-05, 5.44765171071e-05, 3.22593405144e-05, 4.10061402363e-05, 3.51355593011e-05, 2.56687271758e-05, 2.29637535085e-05, 7.71105078456e-06, 7.61498222346e-06, 1.18063408081e-05, 3.38348363584e-05, 4.09977874369e-05, 1.88271060324e-05, 5.85465431868e-06, 1.30336547954e-06, 1.32832178679e-06, 9.1548315595e-07, 2.94278578394e-07, 1.57082908459e-07, 1.65770600802e-07, 6.62512604777e-08, 5.79474885853e-08, 9.67771640603e-08, 6.75723370591e-08, 6.42281108298e-08, 4.17560173105e-08, 2.50453684458e-08, 1.07392175153e-08, 6.13284312223e-09, 2.5277873128e-09],
        "dmean2": [5.14454040967e-06, 9.82882920653e-06, 1.78653244802e-05, 2.73121149803e-05, 5.46551018488e-05, 7.18413939467e-05, 0.000179244423634, 0.000197558372747, 0.000269171810942, 7.72544808569e-05, 4.25433863711e-05, 8.65842375788e-05, 4.9282614782e-05, 6.46140906611e-05, 5.58981046197e-05, 4.13737725466e-05, 3.76573407266e-05, 1.26575841932e-05, 1.2090448763e-05, 1.87933328561e-05, 5.59073705517e-05, 6.39839563519e-05, 2.89155377686e-05, 8.88730301085e-06, 2.13808198168e-06, 2.11988435694e-06, 1.4504084902e-06, 4.75884064599e-07, 2.49188133239e-07, 2.62245293925e-07, 1.05554647689e-07, 9.10536499532e-08, 1.5416233623e-07, 1.03077070435e-07, 9.49540677198e-08, 6.05050374247e-08, 3.54312561512e-08, 1.55747628128e-08, 9.13838960059e-09, 3.74177355766e-09],
        "dvar": [6.22600443423e-11, 4.26980006907e-10, 4.75181616277e-10, 1.25850241339e-09, 7.76279573955e-09, 7.91601628691e-09, 8.66403340183e-08, 1.36691269859e-07, 3.56184813199e-07, 2.36226558314e-08, 3.99839139575e-09, 2.6100721584e-08, 1.16638130265e-08, 1.86662436619e-08, 1.00097183875e-08, 7.11118453012e-09, 1.24437340432e-08, 6.91057155944e-10, 5.78116943206e-10, 1.76905068372e-09, 8.82152928483e-09, 1.3239709773e-08, 2.45210740601e-09, 3.05930170086e-10, 1.70671515115e-11, 3.15043720278e-11, 1.20778031673e-11, 1.28753203845e-12, 5.68441398553e-13, 6.36920420918e-13, 5.05847635643e-14, 9.81573492192e-14, 4.52747268929e-13, 2.4129575291e-13, 1.9510176081e-13, 1.02147070912e-13, 1.23167653783e-14, 2.22915841839e-15, 6.69049672756e-16, 1.99807157793e-16],
        "dvar2": [1.09855749497e-10, 6.37030317385e-10, 8.82843798067e-10, 2.37192687713e-09, 1.53329917651e-08, 2.08119814715e-08, 2.06443331763e-07, 2.80125220797e-07, 7.90886815594e-07, 5.12382456463e-08, 8.89995988018e-09, 6.70470114983e-08, 2.97461379972e-08, 4.51825989956e-08, 2.56792542785e-08, 1.8154747039e-08, 3.2085800683e-08, 1.89184135024e-09, 1.274987671e-09, 4.82472994889e-09, 2.33846169095e-08, 3.08562384532e-08, 6.3969687325e-09, 6.69788946528e-10, 4.62153579295e-11, 7.70785102411e-11, 2.9572583965e-11, 3.34717995508e-12, 1.31107884965e-12, 1.675408293e-12, 1.20711234519e-13, 2.10474514336e-13, 8.99259399584e-13, 5.2484714708e-13, 3.57733780749e-13, 2.08356444077e-13, 2.40038617103e-14, 4.47323223994e-15, 1.53121375188e-15, 4.06669120655e-16],
        "max": [0.000664722872898, 0.00181805633474, 0.000904386804905, 0.00193116581067, 0.00530195934698, 0.00204409658909, 0.00670772232115, 0.0103258620948, 0.0154466666281, 0.00457880552858, 0.00182677642442, 0.00360631546937, 0.00358536653221, 0.00515273865312, 0.00224062963389, 0.00258442480117, 0.00379948806949, 0.000861553126015, 0.000906008528545, 0.00162139406893, 0.00303474394605, 0.00334279192612, 0.00113297591452, 0.000486701494083, 0.000149688115926, 0.000170701503521, 0.00010437254241, 4.93680017826e-05, 4.06490435125e-05, 3.30024049617e-05, 8.8779042926e-06, 2.24535433517e-05, 4.79281552543e-05, 2.59831449512e-05, 2.09294612432e-05, 2.37872591242e-05, 5.6472513279e-06, 2.07713037526e-06, 1.11340989406e-06, 1.04178207039e-06],
        "mean": [1.5056832126e-05, 2.78933039226e-05, 3.26198205585e-05, 4.2194587877e-05, 7.86464515841e-05, 8.5281651991e-05, 0.000209836565773, 0.000227218682994, 0.000306899455609, 9.6610361652e-05, 5.23867820448e-05, 9.09663576749e-05, 5.00388268847e-05, 6.85630948283e-05, 5.72565222683e-05, 4.48849168606e-05, 3.61100501323e-05, 1.38222249007e-05, 1.51555896082e-05, 2.66496954282e-05, 7.12936671334e-05, 0.000100869263406, 4.41922638856e-05, 1.04400833152e-05, 2.35797961068e-06, 2.26836823458e-06, 1.63855338542e-06, 5.24771166965e-07, 2.86534174165e-07, 2.88689932404e-07, 1.36070099188e-07, 1.24158034964e-07, 1.81339274263e-07, 1.27549114382e-07, 1.23512322148e-07, 8.53691375369e-08, 5.74030813993e-08, 2.23603358052e-08, 1.2106650793e-08, 5.35421706971e-09],
        "median": [4.73838917969e-06, 8.94340428204e-06, 1.48567132783e-05, 1.98771813302e-05, 2.97695987683e-05, 3.58651668648e-05, 6.33629242657e-05, 4.59238981421e-05, 4.24358513555e-05, 2.70288292086e-05, 1.67123962456e-05, 1.62983105838e-05, 7.1679978646e-06, 1.32428676807e-05, 1.20785825857e-05, 5.91379421166e-06, 4.78242600366e-06, 3.82573580282e-06, 3.46767455994e-06, 3.58425404556e-06, 1.28349838633e-05, 1.40457095767e-05, 6.23499227004e-06, 1.92739571503e-06, 6.83223277065e-07, 3.03638245214e-07, 2.32853480497e-07, 9.79052643402e-08, 4.37696421329e-08, 3.44995996215e-08, 2.66675677096e-08, 2.08395967149e-08, 1.54475561231e-08, 1.12931344276e-08, 8.39325853264e-09, 6.59908305778e-09, 4.8392210239e-09, 2.86422885409e-09, 1.64087599064e-09, 6.44056974419e-10],
        "min": [1.19283992744e-24, 6.92490501596e-25, 1.53983962509e-24, 9.88869882422e-25, 1.37880698332e-24, 2.0648639298e-24, 2.07656668133e-24, 1.84954513458e-24, 1.67994497034e-24, 1.40427663954e-24, 1.05409083131e-24, 1.93820935324e-24, 2.08611978689e-24, 2.21674470039e-24, 2.14364963777e-24, 2.76062090719e-24, 1.87492397319e-24, 3.484114234e-24, 4.00105517963e-24, 3.40442705523e-24, 3.21139436945e-24, 3.58907691061e-24, 4.10358934794e-24, 3.78245472304e-24, 4.65272291824e-24, 4.33097022083e-24, 4.69186501306e-24, 5.71006868825e-24, 4.07581947192e-24, 4.17709225164e-24, 3.90101893937e-24, 3.97215328821e-24, 3.8731654441e-24, 5.56544090204e-24, 4.84792812696e-24, 5.54647550258e-24, 5.71635788181e-24, 5.44802368946e-24, 6.29000057158e-24, 5.58564323539e-24],
        "var": [1.46079526253e-09, 4.73201300366e-09, 3.35449867883e-09, 5.66018831805e-09, 3.63565533235e-08, 1.94371310158e-08, 1.94605803472e-07, 3.50725514409e-07, 8.45665056204e-07, 5.9131924246e-08, 1.01048671652e-08, 5.63524480413e-08, 2.06771133549e-08, 4.03073805444e-08, 1.81855224213e-08, 1.61157327483e-08, 2.47468729953e-08, 1.26433408187e-09, 1.50895940187e-09, 5.25107068938e-09, 2.52948062496e-08, 4.85313975673e-08, 9.03528984963e-09, 6.78726741477e-10, 3.00654015573e-11, 6.83947343205e-11, 2.53413522805e-11, 2.19299665233e-12, 1.00425342955e-12, 1.1288445222e-12, 1.27273856059e-13, 2.10902570907e-13, 9.31489369145e-13, 5.5886832705e-13, 4.34880484488e-13, 1.8903540571e-13, 4.26711481904e-14, 5.1138881507e-15, 1.28696227242e-15, 4.62629755214e-16]
    },
    "mfcc": {
        "mean": [-771.417114258, 161.414215088, -51.7328186035, 1.55798780918, 1.87640476227, -18.3571777344, -21.7493915558, 8.5112361908, -4.51629066467, -8.4887304306, -1.57330048084, 10.845498085, 1.08554446697],
        "cov": [[9470.00976562, 464.004821777, -1958.91223145, 137.801422119, -287.147857666, -287.837615967, -540.559936523, 342.473510742, -122.45110321, 23.4764118195, -51.2786636353, 350.250854492, -26.9804191589], [464.004821777, 1391.50244141, -219.852005005, -124.572257996, 117.070220947, -171.158996582, -56.0413742065, -22.525346756, 6.81036281586, -108.547439575, -4.30215263367, 34.9881668091, 5.25274610519], [-1958.91223145, -219.852005005, 850.674255371, 52.3876876831, -36.7356758118, 116.681617737, 182.327941895, -29.0748577118, 18.9712772369, 23.8004837036, -14.3762397766, -119.668716431, 9.00474643707], [137.801422119, -124.572257996, 52.3876876831, 324.049346924, -22.1488246918, 70.2227172852, 101.412307739, -115.313812256, -36.5289344788, 85.2905044556, 1.85291588306, -94.773109436, 10.4952821732], [-287.147857666, 117.070220947, -36.7356758118, -22.1488246918, 425.348999023, 110.108032227, -106.526138306, -132.133758545, -44.3311538696, 17.3167629242, -1.70842540264, 25.8645477295, -6.06877613068], [-287.837615967, -171.158996582, 116.681617737, 70.2227172852, 110.108032227, 279.875396729, 127.573348999, -182.840393066, -83.7930603027, 66.9544525146, 7.03102731705, -49.2166595459, 7.95367956161], [-540.559936523, -56.0413742065, 182.327941895, 101.412307739, -106.526138306, 127.573348999, 329.461334229, -94.845123291, -40.9853096008, 50.9959983826, 17.6418190002, -94.0315246582, 9.43628025055], [342.473510742, -22.525346756, -29.0748577118, -115.313812256, -132.133758545, -182.840393066, -94.845123291, 392.192932129, 136.182495117, -106.713088989, -20.0045604706, 84.5475845337, -13.2813072205], [-122.45110321, 6.81036281586, 18.9712772369, -36.5289344788, -44.3311538696, -83.7930603027, -40.9853096008, 136.182495117, 154.711166382, -17.8824481964, -22.5571136475, 11.2607688904, -5.5484752655], [23.4764118195, -108.547439575, 23.8004837036, 85.2905044556, 17.3167629242, 66.9544525146, 50.9959983826, -106.713088989, -17.8824481964, 141.384338379, 20.7768306732, -52.2954101562, -4.20021390915], [-51.2786636353, -4.30215263367, -14.3762397766, 1.85291588306, -1.70842540264, 7.03102731705, 17.6418190002, -20.0045604706, -22.5571136475, 20.7768306732, 95.4116363525, 26.1701183319, -12.200802803], [350.250854492, 34.9881668091, -119.668716431, -94.773109436, 25.8645477295, -49.2166595459, -94.0315246582, 84.5475845337, 11.2607688904, -52.2954101562, 26.1701183319, 157.30015564, 28.1353397369], [-26.9804191589, 5.25274610519, 9.00474643707, 10.4952821732, -6.06877613068, 7.95367956161, 9.43628025055, -13.2813072205, -5.5484752655, -4.20021390915, -12.200802803, 28.1353397369, 92.6576766968]],
