{
"lowlevel": {
    "average_loudness": 0.588755130768,
    "barkbands_crest": {
        "dmean": 2.43094801903,
        "dmean2": 3.71637201309,
        "dvar": 5.01957798004,
        "dvar2": 11.5940771103,
        "max": 25.2620544434,
        "mean": 10.7424268723,
        "median": 9.9074010849,
        "min": 3.27967405319,
        "var": 16.6572933197
    },
    "barkbands_flatness_db": {
        "dmean": 0.0189475528896,
        "dmean2": 0.0276122894138,
        "dvar": 0.000291413482046,
        "dvar2": 0.000601929903496,
        "max": 0.415792971849,
        "mean": 0.159793958068,
        "median": 0.154980868101,
        "min": 0.056270852685,
        "var": 0.00205763964914
    },
    "barkbands_kurtosis": {
        "dmean": 2.26008629799,
        "dmean2": 3.43830394745,
        "dvar": 135.786895752,
        "dvar2": 334.900756836,
        "max": 665.737243652,
        "mean": 3.52832365036,
        "median": 1.29366350174,
        "min": -1.71085488796,
        "var": 243.167419434
    },
    "barkbands_skewness": {
        "dmean": 0.404838740826,
        "dmean2": 0.590007960796,
        "dvar": 0.225572749972,
        "dvar2": 0.50895178318,
        "max": 21.492225647,
        "mean": 1.06117546558,
        "median": 0.995673775673,
        "min": -2.50335407257,
        "var": 1.6259008646
    },
    "barkbands_spread": {
        "dmean": 4.00829076767,
        "dmean2": 5.9534201622,
        "dvar": 15.6686954498,
        "dvar2": 33.8574028015,
        "max": 63.1035804749,
        "mean": 17.5958690643,
        "median": 16.7298240662,
        "min": 0.35664460063,
        "var": 69.2304611206
    },
    "dissonance": {
        "dmean": 0.0226140804589,
        "dmean2": 0.0369395576417,
        "dvar": 0.0004232104111,
        "dvar2": 0.00109561986756,
        "max": 0.5,
        "mean": 0.447303444147,
        "median": 0.453038603067,
        "min": 0.251489281654,
        "var": 0.00131536531262
    },
    "dynamic_complexity": 4.00434112549,
    "erbbands_crest": {
        "dmean": 2.97357058525,
        "dmean2": 4.51812124252,
        "dvar": 8.01598262787,
        "dvar2": 17.1877803802,
        "max": 33.0028533936,
        "mean": 11.761803627,
        "median": 10.7452297211,
        "min": 2.51081562042,
        "var": 29.0670394897
    },
    "erbbands_flatness_db": {
        "dmean": 0.0179846156389,
        "dmean2": 0.0248991809785,
        "dvar": 0.000254876707913,
        "dvar2": 0.000490053207614,
        "max": 0.374644249678,
        "mean": 0.194987654686,
        "median": 0.19513784349,
        "min": 0.026251938194,
        "var": 0.00193243415561
    },
    "erbbands_kurtosis": {
        "dmean": 0.950229585171,
        "dmean2": 1.44620728493,
        "dvar": 2.46604943275,
        "dvar2": 5.43382120132,
        "max": 68.7287445068,
        "mean": 0.444263994694,
        "median": -0.0980110168457,
        "min": -1.7306637764,
        "var": 5.87662553787
    },
    "erbbands_skewness": {
        "dmean": 0.397761672735,
        "dmean2": 0.57156008482,
        "dvar": 0.135916426778,
        "dvar2": 0.284356385469,
        "max": 6.52953863144,
        "mean": 0.455878674984,
        "median": 0.415274113417,
        "min": -1.910795331,
        "var": 0.609618246555
    },
    "erbbands_spread": {
        "dmean": 5.30850982666,
        "dmean2": 7.82248783112,
        "dvar": 25.1855564117,
        "dvar2": 56.3086357117,
        "max": 113.681716919,
        "mean": 28.9877033234,
        "median": 28.213344574,
        "min": 1.72859704494,
        "var": 112.677207947
    },
    "hfc": {
        "dmean": 5.14039611816,
        "dmean2": 6.46641874313,
        "dvar": 83.8391342163,
        "dvar2": 139.905410767,
        "max": 243.016555786,
        "mean": 14.9094524384,
        "median": 9.31594944,
        "min": 1.05667545458e-16,
        "var": 346.349578857
    },
    "melbands_crest": {
        "dmean": 2.94300484657,
        "dmean2": 4.52691745758,
        "dvar": 7.96817350388,
        "dvar2": 17.4526901245,
        "max": 36.9432525635,
        "mean": 13.7362108231,
        "median": 12.9511985779,
        "min": 1.26893413067,
        "var": 34.1241798401
    },
    "melbands_flatness_db": {
        "dmean": 0.0197398532182,
        "dmean2": 0.0284401662648,
        "dvar": 0.00035877598566,
        "dvar2": 0.000748746679164,
        "max": 0.51663428545,
        "mean": 0.194835498929,
        "median": 0.193787887692,
        "min": 0.000356216070941,
        "var": 0.00465458631516
    },
    "melbands_kurtosis": {
        "dmean": 4.08383512497,
        "dmean2": 6.4009642601,
        "dvar": 501.723388672,
        "dvar2": 1556.04199219,
        "max": 1176.06677246,
        "mean": 7.73047780991,
        "median": 3.72587442398,
        "min": -1.65656495094,
        "var": 866.80657959
    },
    "melbands_skewness": {
        "dmean": 0.468257188797,
        "dmean2": 0.694987177849,
        "dvar": 0.35568344593,
        "dvar2": 0.937960267067,
        "max": 26.0730991364,
        "mean": 1.7090293169,
        "median": 1.55204916,
        "min": -1.94098865986,
        "var": 1.83644390106
    },
    "melbands_spread": {
        "dmean": 6.29377794266,
        "dmean2": 9.42300033569,
        "dvar": 52.0212593079,
        "dvar2": 114.82724762,
        "max": 160.143325806,
        "mean": 28.0449542999,
        "median": 21.5426311493,
        "min": 0.31121891737,
        "var": 702.959838867
    },
    "pitch_salience": {
        "dmean": 0.0590282827616,
        "dmean2": 0.0917025282979,
        "dvar": 0.00301180011593,
        "dvar2": 0.00710434885696,
        "max": 0.989305436611,
        "mean": 0.494105666876,
        "median": 0.483045607805,
        "min": 0.0763533040881,
        "var": 0.0142404949293
    },
    "silence_rate_20dB": {
        "dmean": 0,
        "dmean2": 0,
        "dvar": 0,
        "dvar2": 0,
        "max": 1,
        "mean": 1,
        "median": 1,
        "min": 1,
        "var": 0
    },
    "silence_rate_30dB": {
        "dmean": 0.00350877200253,
        "dmean2": 0.00701891211793,
        "dvar": 0.00349638541229,
        "dvar2": 0.00891950726509,
        "max": 1,
        "mean": 0.994348108768,
        "median": 1,
        "min": 0,
        "var": 0.00561994826421
    },
    "silence_rate_60dB": {
        "dmean": 0.0261208582669,
        "dmean2": 0.0522519014776,
        "dvar": 0.0254374481738,
        "dvar2": 0.0557586960495,
        "max": 1,
        "mean": 0.123952448368,
        "median": 0,
        "min": 0,
        "var": 0.108587406576
    },
    "spectral_centroid": {
        "dmean": 211.34487915,
        "dmean2": 310.720855713,
        "dvar": 61537.5898438,
        "dvar2": 116635.140625,
        "max": 11748.1298828,
        "mean": 1744.92456055,
        "median": 1307.43518066,
        "min": 152.455062866,
        "var": 4432835.5
    },
    "spectral_complexity": {
        "dmean": 1.65419101715,
        "dmean2": 2.68239426613,
        "dvar": 2.27683806419,
        "dvar2": 5.46330785751,
        "max": 28,
        "mean": 12.0044822693,
        "median": 12,
        "min": 0,
        "var": 26.1819038391
    },
    "spectral_decrease": {
        "dmean": 1.31171384865e-09,
        "dmean2": 1.66780356192e-09,
        "dvar": 5.09348208144e-18,
        "dvar2": 8.38036365476e-18,
        "max": 2.98577184094e-28,
        "mean": -4.01878796907e-09,
        "median": -2.67173039248e-09,
        "min": -7.54987041773e-08,
        "var": 2.44679264187e-17
    },
    "spectral_energy": {
        "dmean": 0.00537909474224,
        "dmean2": 0.00682084588334,
        "dvar": 8.53252859088e-05,
        "dvar2": 0.000141030075611,
        "max": 0.292634904385,
        "mean": 0.0165201630443,
        "median": 0.0110229030252,
        "min": 9.94591871114e-21,
        "var": 0.000402433332056
    },
    "spectral_energyband_high": {
        "dmean": 0.000176972142071,
        "dmean2": 0.000241422836552,
        "dvar": 2.09404433349e-07,
        "dvar2": 3.65909556876e-07,
        "max": 0.0168622992933,
        "mean": 0.000366144551663,
        "median": 0.000133390232804,
        "min": 6.91165462662e-21,
        "var": 4.91202911235e-07
    },
    "spectral_energyband_low": {
        "dmean": 0.000700898934156,
        "dmean2": 0.00107789365575,
        "dvar": 1.45357353176e-06,
        "dvar2": 3.57816520591e-06,
        "max": 0.0271011386067,
        "mean": 0.0018318843795,
        "median": 0.00101773277856,
        "min": 1.50381390555e-23,
        "var": 5.8314863054e-06
    },
    "spectral_energyband_middle_high": {
        "dmean": 0.00230936869048,
        "dmean2": 0.00313221965916,
        "dvar": 4.07941515732e-05,
        "dvar2": 8.29199343571e-05,
        "max": 0.24352055788,
        "mean": 0.00549258291721,
        "median": 0.00253878440708,
        "min": 1.04944592127e-21,
        "var": 0.00011067269952
    },
    "spectral_energyband_middle_low": {
        "dmean": 0.00345740560442,
        "dmean2": 0.00426157470793,
        "dvar": 4.3060106691e-05,
        "dvar2": 5.76697493671e-05,
        "max": 0.289800226688,
        "mean": 0.00943836290389,
        "median": 0.00503438943997,
        "min": 1.5015790626e-22,
        "var": 0.000240917608608
    },
    "spectral_entropy": {
        "dmean": 0.176268413663,
        "dmean2": 0.24616484344,
        "dvar": 0.0292441565543,
        "dvar2": 0.0558077022433,
        "max": 9.82680702209,
        "mean": 7.12796163559,
        "median": 7.04900836945,
        "min": 4.88212347031,
        "var": 0.489541679621
    },
    "spectral_flux": {
        "dmean": 0.0148319238797,
        "dmean2": 0.0249836798757,
        "dvar": 0.0003203151864,
        "dvar2": 0.000944616273046,
        "max": 0.305599182844,
        "mean": 0.0485684685409,
        "median": 0.0440698824823,
        "min": 6.36233635221e-11,
        "var": 0.000947629800066
    },
    "spectral_kurtosis": {
        "dmean": 1.80491018295,
        "dmean2": 3.13946771622,
        "dvar": 4.12269067764,
        "dvar2": 11.8996620178,
        "max": 46.5792579651,
        "mean": 5.56630563736,
        "median": 4.96260595322,
        "min": -1.31465792656,
        "var": 14.2961187363
    },
    "spectral_rms": {
        "dmean": 0.000566880567931,
        "dmean2": 0.000728920975234,
        "dvar": 4.40634806864e-07,
        "dvar2": 7.35192941193e-07,
        "max": 0.0168966706842,
        "mean": 0.00350902043283,
        "median": 0.00327933719382,
        "min": 3.11501779232e-12,
        "var": 3.80402229894e-06
    },
    "spectral_rolloff": {
        "dmean": 341.278808594,
        "dmean2": 580.094970703,
        "dvar": 333456.78125,
        "dvar2": 684956.125,
        "max": 19896.6796875,
        "mean": 2246.28198242,
        "median": 1507.32421875,
        "min": 43.06640625,
        "var": 13938261
    },
    "spectral_skewness": {
        "dmean": 0.20809827745,
        "dmean2": 0.349501103163,
        "dvar": 0.0381145887077,
        "dvar2": 0.106670506299,
        "max": 5.36979055405,
        "mean": 1.67612874508,
        "median": 1.67212533951,
        "min": -0.0929555669427,
        "var": 0.308399766684
    },
    "spectral_spread": {
        "dmean": 371569.90625,
        "dmean2": 579529.4375,
        "dvar": 651247747072,
        "dvar2": 1.52188131738e+12,
        "max": 49599040,
        "mean": 5493085,
        "median": 3815483.5,
        "min": 1356116.5,
        "var": 6.02773955543e+13
    },
    "spectral_strongpeak": {
        "dmean": 0.737338662148,
        "dmean2": 1.14644348621,
        "dvar": 1.29830312729,
        "dvar2": 3.06276702881,
        "max": 17.6831111908,
        "mean": 1.50396895409,
        "median": 0.986362814903,
        "min": 0,
        "var": 2.89370465279
    },
    "zerocrossingrate": {
        "dmean": 0.00761385634542,
        "dmean2": 0.0094505129382,
        "dvar": 9.75299335551e-05,
        "dvar2": 0.000166185345734,
        "max": 0.54052734375,
        "mean": 0.0756176486611,
        "median": 0.0546875,
        "min": 0.00341796875,
        "var": 0.00932506565005
    },
    "barkbands": {
        "dmean": [4.55487752333e-05, 0.000182685544132, 0.00046161931823, 0.00033617822919, 0.000398714910261, 0.00046550433035, 0.000869043637067, 0.000615602824837, 0.00165239220951, 0.00138380227145, 2.55765771726e-05, 3.18172860716e-05, 0.000270486489171, 0.000466886092909, 0.000370974448742, 0.000290998345008, 0.000291236268822, 0.000100524848676, 8.66187256179e-05, 0.000125780847156, 7.39283641451e-05, 1.49702946146e-05, 2.13044968405e-05, 1.87136502063e-05, 8.95021457836e-06, 3.08514995595e-06, 6.10380634924e-10],
        "dmean2": [8.22027577669e-05, 0.00029238127172, 0.000739945506211, 0.000399465934606, 0.000445149518782, 0.000620325445198, 0.0011006022105, 0.000845615053549, 0.00212301849388, 0.00201856717467, 3.64683255611e-05, 4.80766575492e-05, 0.000353406154318, 0.000673712231219, 0.000507368240505, 0.000425923615694, 0.00041081343079, 0.000143123688758, 0.000131618973683, 0.000181328694453, 0.000107036590634, 2.31706326304e-05, 3.12608244712e-05, 2.7785099519e-05, 1.33592684506e-05, 4.66319079351e-06, 1.12104869832e-09],
        "dvar": [8.89718254626e-09, 1.14596552692e-07, 9.95460254671e-07, 7.81551364071e-07, 6.47685237709e-06, 1.2737527868e-06, 8.16437750473e-06, 2.65679204858e-06, 1.77095080289e-05, 3.20912295138e-05, 2.09113437677e-09, 4.46598313886e-09, 5.40463247489e-07, 2.43889803642e-06, 1.52810059717e-06, 7.75621799676e-07, 4.23971385999e-07, 8.27490396205e-08, 3.90108532144e-08, 1.07081035594e-07, 3.73013726573e-08, 2.38745490044e-09, 1.01979766853e-08, 2.68346012078e-09, 4.69092931166e-10, 5.8809256076e-11, 1.07168899777e-18],
        "dvar2": [2.90817663284e-08, 2.62372623183e-07, 2.63623360297e-06, 7.95740447757e-07, 2.34960430134e-06, 2.87265538645e-06, 1.24018015413e-05, 5.36353491043e-06, 2.56893526966e-05, 7.0479218266e-05, 4.2295842384e-09, 1.04609103602e-08, 7.35982268907e-07, 4.25948110205e-06, 2.31125773098e-06, 1.38975508435e-06, 7.63653929425e-07, 1.40237574442e-07, 7.33557570243e-08, 1.89972311659e-07, 6.49612701409e-08, 5.30547472621e-09, 2.22998473021e-08, 5.54001289288e-09, 9.90808768364e-10, 1.34248626105e-10, 3.35866161854e-18],
        "max": [0.00155838555656, 0.00702718645334, 0.0207173619419, 0.0418304428458, 0.245704472065, 0.0403012186289, 0.0878062099218, 0.0552469454706, 0.13009122014, 0.221583589911, 0.00137154350523, 0.00188768049702, 0.0331556349993, 0.0649020671844, 0.0567265972495, 0.0251500811428, 0.0136345773935, 0.00902594253421, 0.00579804787412, 0.00969039835036, 0.00542149879038, 0.00235206843354, 0.00538326427341, 0.00136120221578, 0.000742797448765, 0.000147686980199, 1.69944200934e-08],
        "mean": [4.40580915892e-05, 0.000311156938551, 0.000942236802075, 0.00132768554613, 0.00120158749633, 0.00123406667262, 0.00159191573039, 0.00104916177224, 0.00295490841381, 0.00223139440641, 5.47734161955e-05, 6.09026683378e-05, 0.000464603683213, 0.000747163197957, 0.000607199792285, 0.000459873757791, 0.000469518097816, 0.000166578131029, 0.000146627819049, 0.000211120772292, 0.000124884783872, 2.74997073575e-05, 3.59815567208e-05, 3.36271805281e-05, 1.69118429767e-05, 4.73663840239e-06, 5.59102319997e-10],
        "median": [1.95659486053e-05, 0.000133765875944, 0.000234606108279, 0.000193213054445, 0.00040931996773, 0.000417240196839, 0.000223954295507, 0.000170833271113, 0.000500017427839, 0.000178877307917, 2.39309501922e-05, 2.76951268461e-05, 7.96996755525e-05, 0.000126899321913, 0.00012169258116, 9.9114018667e-05, 0.000109256150608, 4.7449975682e-05, 5.21815491084e-05, 6.83266625856e-05, 3.99766504415e-05, 1.120460729e-05, 1.12805400931e-05, 1.16536930364e-05, 6.52209382679e-06, 1.81860866633e-06, 2.15587325769e-10],
        "min": [7.88271416584e-26, 1.2008399631e-24, 6.46922296532e-25, 3.17584356389e-25, 3.02940751127e-24, 5.69095932168e-24, 7.78896803127e-24, 4.82353773106e-24, 8.51774455679e-24, 9.690842254e-24, 1.2768762936e-23, 1.6436014779e-23, 2.06330750723e-23, 2.84129428042e-23, 1.65448728508e-23, 3.76907043561e-23, 6.15013253541e-23, 9.09831904621e-23, 8.66626813258e-23, 1.54122670683e-22, 2.35135732154e-22, 2.37194873687e-22, 3.43465923435e-22, 5.35697694521e-22, 8.73735977248e-22, 1.23363174026e-21, 1.94214980023e-21],
        "var": [8.32555979713e-09, 2.54625291518e-07, 3.0993510336e-06, 1.26303448269e-05, 8.65320471348e-05, 7.37120944905e-06, 2.07074244827e-05, 5.94865286985e-06, 5.67106544622e-05, 5.90644558542e-05, 9.81947056999e-09, 1.01420631893e-08, 1.95183588403e-06, 6.74094007991e-06, 3.82259258913e-06, 1.58206512424e-06, 9.95682171379e-07, 1.95915205836e-07, 9.14419189257e-08, 2.19152056502e-07, 8.32676221307e-08, 3.77580811062e-09, 1.38187674636e-08, 4.84368190001e-09, 9.87166237643e-10, 9.30713769942e-11, 8.88027398027e-19]
    },
    "erbbands": {
        "dmean": [0.00357816438191, 0.0545005388558, 0.44806599617, 0.792036056519, 0.918451428413, 1.33476865292, 3.89154052734, 3.41241693497, 4.60268354416, 22.2618141174, 22.5628662109, 36.4364318848, 26.5167579651, 28.2850780487, 1.63413262367, 2.36462497711, 13.692276001, 8.4668340683, 27.4966564178, 17.4912319183, 16.3707580566, 16.1830673218, 6.1981678009, 6.8265953064, 3.59468650818, 4.97206020355, 5.6266541481, 1.58114981651, 0.588891148567, 0.565288126469, 0.479746460915, 0.49369302392, 0.246940076351, 0.110244855285, 0.0650686770678, 0.0280348118395, 0.00251321890391, 5.57878920517e-05, 4.9082204896e-06, 6.56475367578e-06],
        "dmean2": [0.00585545133799, 0.0867724716663, 0.719047188759, 1.06491923332, 1.20066666603, 1.65880441666, 4.35359048843, 4.50079774857, 6.58029270172, 27.9804000854, 29.6144981384, 46.5865020752, 39.555065155, 40.0346755981, 2.30196285248, 3.28276371956, 17.7776412964, 12.320432663, 38.0417900085, 24.7294769287, 23.7829551697, 23.2335186005, 8.65455532074, 9.86876583099, 5.43332672119, 7.2493391037, 7.87781476974, 2.36268663406, 0.90303850174, 0.85688906908, 0.696670174599, 0.739264190197, 0.3688788414, 0.164683431387, 0.0978509485722, 0.0413708649576, 0.00378631614149, 8.23499794933e-05, 6.33016952634e-06, 8.25150254968e-06],
        "dvar": [4.15267677454e-05, 0.0103681832552, 0.938322365284, 2.28420758247, 3.90825533867, 43.8803291321, 465.637390137, 54.7059326172, 131.963272095, 7058.35400391, 3768.29980469, 9309.03222656, 8580.66992188, 17278.5, 25.4169101715, 22.9225769043, 1455.9387207, 482.474182129, 8282.96386719, 1676.2175293, 3100.89526367, 1322.73474121, 170.234436035, 318.679016113, 56.1510848999, 150.80418396, 255.170806885, 18.2647590637, 2.41934990883, 3.26608633995, 7.23202753067, 2.75142931938, 0.356461524963, 0.068191818893, 0.0280417911708, 0.00632505491376, 3.38018653565e-05, 1.71345959643e-08, 7.76439190719e-11, 1.23933516227e-10],
        "dvar2": [9.33111077757e-05, 0.0242113508284, 2.45290350914, 3.12017345428, 5.10519742966, 20.133769989, 243.012527466, 116.735801697, 286.038909912, 11156.7353516, 6028.80761719, 12485.2509766, 20057.2167969, 34802.6953125, 47.6941604614, 38.639125824, 1960.98181152, 927.554992676, 13324.2265625, 3056.02563477, 5357.46240234, 2518.38696289, 283.554931641, 531.033081055, 110.168891907, 268.922485352, 424.863189697, 39.1420669556, 5.26853561401, 7.39728832245, 15.4853668213, 5.85231542587, 0.760684669018, 0.147522956133, 0.0629646256566, 0.0143003799021, 7.481535431e-05, 3.69405377398e-08, 1.47381523652e-10, 2.04637945478e-10],
        "max": [0.18840713799, 2.46155714989, 22.5736312866, 69.1279144287, 81.9624557495, 633.24798584, 1997.28662109, 221.194152832, 224.353607178, 3069.79150391, 1365.4107666, 3778.16625977, 3661.99682617, 6087.45947266, 259.989715576, 187.114929199, 1732.5300293, 691.815917969, 3535.94482422, 1411.92712402, 1662.36804199, 694.372131348, 269.199554443, 607.066101074, 224.155792236, 261.781616211, 470.355194092, 121.667221069, 41.3188476562, 86.5152435303, 148.658218384, 51.2432823181, 9.62053966522, 5.38656282425, 5.61246681213, 2.46430373192, 0.144554361701, 0.00355267128907, 0.000248560769251, 0.000322587962728],
        "mean": [0.00525604560971, 0.0999188125134, 0.924078583717, 2.74440336227, 3.18466711044, 3.76886320114, 11.1063365936, 9.31189537048, 9.53418159485, 38.9985427856, 38.9710350037, 67.3850402832, 45.9032402039, 46.2407646179, 3.5391459465, 4.97247505188, 23.8422832489, 15.8635787964, 46.1539344788, 31.9167308807, 26.0401229858, 27.1785259247, 11.1284894943, 12.0604858398, 6.69140481949, 8.62756633759, 9.1535692215, 2.83973026276, 1.15452027321, 1.00181984901, 0.839427769184, 0.831428766251, 0.450994968414, 0.20566187799, 0.115332879126, 0.0454564541578, 0.00396576710045, 9.527587099e-05, 1.44372024806e-05, 2.05842752621e-05],
        "median": [0.00291364337318, 0.0457399487495, 0.318577945232, 0.96338135004, 0.945791244507, 1.45212364197, 2.69251847267, 3.434009552, 2.47617292404, 5.05901670456, 8.82863712311, 11.6985826492, 9.27042102814, 4.4988822937, 1.6063221693, 2.24641132355, 4.49703359604, 5.53429937363, 9.58362197876, 10.7065992355, 6.38953065872, 7.9487361908, 4.43072986603, 4.38002538681, 3.14498114586, 3.23380875587, 2.44455432892, 0.998820126057, 0.480641752481, 0.367057830095, 0.290662407875, 0.279651194811, 0.153194740415, 0.0802131965756, 0.0422982349992, 0.0161768458784, 0.00152536237147, 3.86713290936e-05, 9.34870968194e-06, 1.38829464049e-05],
        "min": [6.77819708242e-23, 2.11667675582e-22, 1.34592160939e-21, 2.25599961337e-21, 6.68814420509e-21, 1.60726136716e-20, 2.79149675294e-20, 5.84281093628e-20, 1.18728903934e-19, 1.50432074325e-19, 1.93435630484e-19, 2.43062370108e-19, 3.16485557916e-19, 6.58242776016e-19, 7.62092044898e-19, 8.62735471919e-19, 1.49720569751e-18, 1.49751247812e-18, 1.89137349282e-18, 2.44784311989e-18, 3.09856356711e-18, 4.13865922857e-18, 4.60830756496e-18, 5.18361292176e-18, 6.45595360225e-18, 7.19195740461e-18, 8.90418735819e-18, 7.66450749059e-18, 8.0074416833e-18, 1.22006551276e-17, 1.04003172039e-17, 1.00052342367e-17, 9.22001236069e-18, 7.86807994806e-18, 6.14493451912e-18, 3.79154736017e-18, 2.10485205851e-18, 9.19075208729e-19, 2.35545805731e-19, 2.66000395455e-20],
        "var": [6.72199894325e-05, 0.0265618637204, 2.7792840004, 32.5855751038, 49.0979919434, 579.272521973, 5717.59570312, 313.759429932, 389.193145752, 15908.6894531, 8796.7265625, 34308.3476562, 15476.8720703, 34405.9179688, 63.3672180176, 82.8497772217, 5241.71240234, 1360.8828125, 23652.3476562, 5378.78369141, 6096.95068359, 3001.21655273, 415.885742188, 815.388061523, 128.551315308, 318.521850586, 534.291137695, 34.560710907, 4.99389982224, 5.36350727081, 9.41283130646, 4.16397476196, 0.739178538322, 0.137720942497, 0.0514949560165, 0.00996765680611, 5.80421110499e-05, 3.16362971375e-08, 2.80810319442e-10, 5.82877135447e-10]
    },
    "gfcc": {
        "mean": [-98.7800521851, 98.0550231934, -134.833648682, 30.6957321167, -64.2586288452, 6.36502885818, -44.4718132019, 14.0765142441, -18.9290752411, 0.449918478727, -21.1286811829, -16.3553142548, -5.50371837616],
        "cov": [[59880.9960938, 3983.61254883, -7918.85058594, 1465.64379883, -3577.73754883, 257.594604492, -2492.71606445, 1053.15368652, -1113.80834961, 116.537658691, -1445.80749512, -962.479125977, -300.978759766], [3983.61254883, 1480.72839355, -383.87979126, 68.7085800171, -231.084228516, -100.819068909, -206.010299683, -210.657363892, -38.0936660767, -80.9472503662, 105.52318573, -86.9794692993, -3.76522874832], [-7918.85058594, -383.87979126, 1362.67358398, -119.603469849, 447.443725586, -12.8689451218, 280.976470947, -148.399795532, 119.41859436, 0.852328121662, 204.028366089, 153.910339355, 23.6245059967], [1465.64379883, 68.7085800171, -119.603469849, 215.712814331, -62.8286781311, 58.677066803, -53.1432914734, 51.9349250793, -29.8674526215, 10.7642498016, -52.0216560364, -30.9877166748, -23.5885505676], [-3577.73754883, -231.084228516, 447.443725586, -62.8286781311, 341.809906006, 23.2604885101, 155.169494629, -62.7237091064, 67.5220794678, -6.90129613876, 77.3463287354, 64.8042678833, 30.3820018768], [257.594604492, -100.819068909, -12.8689451218, 58.677066803, 23.2604885101, 166.064224243, 33.7676582336, 34.3462257385, -37.4354438782, -18.4970283508, -40.4494590759, 4.48965787888, 24.1925201416], [-2492.71606445, -206.010299683, 280.976470947, -53.1432914734, 155.169494629, 33.7676582336, 211.404159546, -14.219209671, 45.0937843323, -31.103302002, 42.9362220764, 21.7091808319, 19.6301422119], [1053.15368652, -210.657363892, -148.399795532, 51.9349250793, -62.7237091064, 34.3462257385, -14.219209671, 176.980804443, 12.3403596878, 47.4398536682, -64.3981704712, -3.29834318161, -25.6809825897], [-1113.80834961, -38.0936660767, 119.41859436, -29.8674526215, 67.5220794678, -37.4354438782, 45.0937843323, 12.3403596878, 129.893859863, 50.7420082092, 53.6908035278, -4.55222129822, -28.8715286255], [116.537658691, -80.9472503662, 0.852328121662, 10.7642498016, -6.90129613876, -18.4970283508, -31.103302002, 47.4398536682, 50.7420082092, 138.20765686, 30.7957839966, 5.05291557312, -46.6173629761], [-1445.80749512, 105.52318573, 204.028366089, -52.0216560364, 77.3463287354, -40.4494590759, 42.9362220764, -64.3981704712, 53.6908035278, 30.7957839966, 151.690383911, 43.9779472351, -6.15616941452], [-962.479125977, -86.9794692993, 153.910339355, -30.9877166748, 64.8042678833, 4.48965787888, 21.7091808319, -3.29834318161, -4.55222129822, 5.05291557312, 43.9779472351, 115.281578064, 51.2419967651], [-300.978759766, -3.76522874832, 23.6245059967, -23.5885505676, 30.3820018768, 24.1925201416, 19.6301422119, -25.6809825897, -28.8715286255, -46.6173629761, -6.15616941452, 51.2419967651, 127.68421936]],
        "icov": [[0.000417560251663, -0.000737235008273, 0.00123278005049, -0.000464335724246, 0.00102201127447, -0.000627281144261, 0.00120978569612, -0.0011386560509, 0.000994177884422, -0.000652262533549, 0.00095085153589, -1.11232866402e-05, 0.0001462908549], [-0.000737235008273, 0.00285907718353, -0.00179678038694, -1.16703813546e-06, -0.00107690109871, 0.00123023125343, -0.00108129333239, 0.00367321562953, -0.00238192663528, 0.00241973763332, -0.00373521377333, 0.000721795484424, -0.000518009706866], [0.00123278005049, -0.00179678038694, 0.00544725963846, -0.00182753056288, 0.00200647464953, -0.00162379583344, 0.00260980357416, -0.00197379780002, 0.00244093500078, -0.00172048097011, 0.00199837121181, -0.00155660859309, 0.00118429737631], [-0.000464335724246, -1.16703813546e-06, -0.00182753056288, 0.00724137108773, -0.00134202383924, -0.00168175296858, -0.000203730494832, -0.000817410124, -0.000211825972656, -1.31750493892e-05, 0.000301926309476, 0.000918722478673, 0.000679383520037], [0.00102201127447, -0.00107690109871, 0.00200647464953, -0.00134202383924, 0.00955616496503, -0.0027399987448, 0.000964574981481, -0.000129418214783, -0.00021107646171, -0.00138204044197, 0.00220970367081, -0.00156583276112, 1.17696381494e-05], [-0.000627281144261, 0.00123023125343, -0.00162379583344, -0.00168175296858, -0.0027399987448, 0.00972389243543, -0.00390075519681, 0.000396796007408, 0.00133031397127, 0.000669928267598, -0.000727861130144, 0.000317887286656, -0.00158079678658], [0.00120978569612, -0.00108129333239, 0.00260980357416, -0.000203730494832, 0.000964574981481, -0.00390075519681, 0.0139747736976, -0.00486662890762, 0.000942611019127, 0.00217009079643, -0.000501045899, 0.00294898706488, -0.000520610483363], [-0.0011386560509, 0.00367321562953, -0.00197379780002, -0.000817410124, -0.000129418214783, 0.000396796007408, -0.00486662890762, 0.0160164013505, -0.00679968670011, -0.000392631569412, 0.00111730373465, -0.00430497480556, 0.00166428333614], [0.000994177884422, -0.00238192663528, 0.00244093500078, -0.000211825972656, -0.00021107646171, 0.00133031397127, 0.000942611019127, -0.00679968670011, 0.0167634431273, -0.00557221192867, -0.000886865367647, 0.00405889004469, 0.000152544322191], [-0.000652262533549, 0.00241973763332, -0.00172048097011, -1.31750493892e-05, -0.00138204044197, 0.000669928267598, 0.00217009079643, -0.000392631569412, -0.00557221192867, 0.0141256963834, -0.00610552588478, -0.000611279159784, 0.00248729996383], [0.00095085153589, -0.00373521377333, 0.00199837121181, 0.000301926309476, 0.00220970367081, -0.000727861130144, -0.000501045899, 0.00111730373465, -0.000886865367647, -0.00610552588478, 0.0185738001019, -0.0066873957403, 0.00288075208664], [-1.11232866402e-05, 0.000721795484424, -0.00155660859309, 0.000918722478673, -0.00156583276112, 0.000317887286656, 0.00294898706488, -0.00430497480556, 0.00405889004469, -0.000611279159784, -0.0066873957403, 0.0175990499556, -0.0072447177954], [0.0001462908549, -0.000518009706866, 0.00118429737631, 0.000679383520037, 1.17696381494e-05, -0.00158079678658, -0.000520610483363, 0.00166428333614, 0.000152544322191, 0.00248729996383, 0.00288075208664, -0.0072447177954, 0.0127681950107]]
    },
    "melbands": {
        "dmean": [4.09723907069e-05, 0.000171709005372, 0.000148357547005, 6.61804806441e-05, 0.00012594461441, 7.93989238446e-05, 9.21520550037e-05, 0.000217201275518, 0.00024615964503, 0.000199679881916, 0.000149062514538, 0.00014441634994, 4.03013245887e-06, 2.32987508753e-06, 2.45830087806e-05, 1.99260102818e-05, 1.87583591469e-05, 5.28173950443e-05, 2.71081898973e-05, 1.72062773345e-05, 1.99407550099e-05, 1.66456411534e-05, 1.31387732836e-05, 4.5590195441e-06, 5.96137897446e-06, 3.46133970197e-06, 2.93857715405e-06, 3.59077898793e-06, 4.85426289742e-06, 1.41657562835e-06, 8.88357760687e-07, 3.78811961355e-07, 2.71759262205e-07, 4.67594873044e-07, 3.19710210306e-07, 2.62806764795e-07, 3.51467036808e-07, 1.69419706708e-07, 1.61298359558e-07, 8.32230497849e-08],
        "dmean2": [6.55693656881e-05, 0.000275730824796, 0.000191406623344, 9.05501146917e-05, 0.000136674774694, 0.000106114457594, 0.000124027705169, 0.00027490220964, 0.000320332677802, 0.000256053986959, 0.000223129856749, 0.000206095079193, 5.60078296985e-06, 3.47845661963e-06, 3.2370648114e-05, 2.61586683337e-05, 2.7852893254e-05, 7.4308954936e-05, 3.63794606528e-05, 2.52457975876e-05, 2.88668761641e-05, 2.40765148192e-05, 1.79533708433e-05, 6.47767683404e-06, 8.65655692905e-06, 5.31382511326e-06, 4.42440614279e-06, 5.25618179381e-06, 6.7444866545e-06, 2.09809672924e-06, 1.35737661822e-06, 5.84130077641e-07, 4.32754944768e-07, 7.16861904948e-07, 4.66834848112e-07, 3.98561496695e-07, 5.28532893895e-07, 2.56998788473e-07, 2.42667482553e-07, 1.27889478563e-07],
        "dvar": [5.34594102319e-09, 1.30026492684e-07, 8.94317508937e-08, 2.13364881319e-08, 5.68246946386e-07, 3.07705327884e-08, 5.92496860463e-08, 6.31122247796e-07, 4.74392265915e-07, 2.7334684205e-07, 3.08094172397e-07, 4.22243942921e-07, 6.39192726526e-11, 2.57515900964e-11, 3.99011224061e-09, 2.68134225934e-09, 2.95911184445e-09, 3.16146895329e-08, 6.55218013179e-09, 1.58591972887e-09, 6.19877260633e-09, 1.69839886599e-09, 1.29989063957e-09, 1.66082772535e-10, 2.54862270177e-10, 6.61907056942e-11, 4.05175198948e-11, 8.50032960686e-11, 2.33191271848e-10, 2.14214444794e-11, 1.07414676112e-11, 1.44418732615e-12, 4.12018970374e-13, 2.90619568341e-12, 4.7918695921e-12, 1.08033157073e-12, 1.3614155376e-12, 1.51326488233e-13, 2.14879031452e-13, 4.23271884393e-14],
        "dvar2": [1.1868581673e-08, 3.32909280587e-07, 1.06780518649e-07, 2.0480740659e-08, 2.57504211731e-07, 7.03520868228e-08, 1.04803760337e-07, 1.02879585029e-06, 7.34580567041e-07, 3.70363181901e-07, 7.18229500762e-07, 8.72416649145e-07, 1.12019227227e-10, 5.47423564812e-11, 5.62659829839e-09, 3.68697494757e-09, 5.93198690169e-09, 5.22750127629e-08, 9.57878221186e-09, 3.0857969513e-09, 1.0516867377e-08, 3.33494987181e-09, 2.05943884168e-09, 2.87374679608e-10, 4.23528129234e-10, 1.29774219149e-10, 7.96864935149e-11, 1.54492071913e-10, 3.83019033157e-10, 3.73023348321e-11, 2.32264641548e-11, 3.15457837803e-12, 1.01361139534e-12, 6.56314759484e-12, 9.93423832779e-12, 2.50528178931e-12, 2.89585521361e-12, 3.36945315399e-13, 4.64721089301e-13, 1.00947014962e-13],
        "max": [0.00169034558348, 0.00861317198724, 0.0137172741815, 0.0117766354233, 0.0710552632809, 0.00532287731767, 0.00607451656833, 0.0300690438598, 0.0153407966718, 0.0205516237766, 0.0223301779479, 0.0277215056121, 0.000246943585807, 0.000162728276337, 0.00280970428139, 0.00232984847389, 0.00175441219471, 0.00716272788122, 0.00246239732951, 0.00122707441915, 0.00247602397576, 0.000879472238012, 0.000853761215694, 0.000411603337852, 0.000539682980161, 0.000213040490053, 0.000135533482535, 0.00018058065325, 0.000501933274791, 0.000177418405656, 0.000111166307761, 3.72419963242e-05, 1.25811329781e-05, 8.3454484411e-05, 0.000133502268, 4.61709605588e-05, 3.76544048777e-05, 7.9594719864e-06, 1.17108329505e-05, 4.67695554107e-06],
        "mean": [6.75746923662e-05, 0.000354110146873, 0.000533352605999, 0.000202552735573, 0.000372719718143, 0.000214577783481, 0.00018074682157, 0.000378553377232, 0.00041815158329, 0.000367839325918, 0.000244473776547, 0.000232083781157, 8.82913718669e-06, 4.6173595365e-06, 4.3880809244e-05, 3.48855865013e-05, 3.18578167935e-05, 8.60124855535e-05, 4.57482092315e-05, 3.02232292597e-05, 2.85649621219e-05, 2.65450580628e-05, 2.02108021767e-05, 7.41058465792e-06, 1.00470551843e-05, 5.81365111429e-06, 4.78284346173e-06, 5.67484858038e-06, 7.43604596209e-06, 2.24913719649e-06, 1.40586212183e-06, 6.57944610793e-07, 4.49649689926e-07, 7.07205003891e-07, 5.02016575865e-07, 4.4379476094e-07, 5.44339172848e-07, 2.9748608199e-07, 2.62934776174e-07, 1.44327572116e-07],
        "median": [3.45559092239e-05, 0.000120669530588, 0.000190006932826, 0.000103617428977, 9.75546136033e-05, 7.95211526565e-05, 3.67840912077e-05, 4.33352215623e-05, 7.64795186114e-05, 5.9590638557e-05, 3.06974325213e-05, 1.93844280147e-05, 3.78008485313e-06, 2.08830851989e-06, 9.47600710788e-06, 7.8458497228e-06, 8.11627069197e-06, 1.18586767712e-05, 8.93231026566e-06, 9.43825398281e-06, 2.51265510087e-06, 5.87109843764e-06, 3.69284930457e-06, 2.02610453925e-06, 3.13104078487e-06, 2.1249090878e-06, 1.56681903718e-06, 1.65758740422e-06, 1.65352423664e-06, 6.44263877803e-07, 4.34703252949e-07, 2.56790343656e-07, 1.78005151952e-07, 2.03715131875e-07, 1.54806585329e-07, 1.60411190109e-07, 1.63678123499e-07, 1.03992995548e-07, 8.23785555326e-08, 5.78498458026e-08],
        "min": [1.08561095207e-24, 7.75527726112e-25, 8.91043438781e-25, 3.17860827485e-25, 1.11555344962e-24, 1.23452915552e-24, 1.75586928259e-24, 1.52497511905e-24, 1.25023665805e-24, 1.19567943227e-24, 1.23727981489e-24, 2.25042768053e-24, 2.40502607694e-24, 1.62349270345e-24, 2.97358219159e-24, 2.61432862447e-24, 2.36207279787e-24, 2.95248765656e-24, 1.73845517811e-24, 2.31196395874e-24, 3.29372324618e-24, 3.2395947663e-24, 2.5436044833e-24, 3.98783978731e-24, 3.54231678602e-24, 3.651281354e-24, 4.09661660639e-24, 4.25259531217e-24, 4.49724316698e-24, 4.97408197406e-24, 3.30892203202e-24, 3.21619695464e-24, 4.94444880858e-24, 5.30965748668e-24, 4.90095969574e-24, 5.39355915484e-24, 5.33972689224e-24, 6.36346324338e-24, 5.40526663953e-24, 5.204318129e-24],
        "var": [1.04202166895e-08, 4.01292680863e-07, 1.3224465647e-06, 2.51497539239e-07, 7.21894048183e-06, 1.67168039411e-07, 1.69252160731e-07, 1.40818201544e-06, 1.14522379135e-06, 1.00659053714e-06, 5.34033745225e-07, 8.12939333628e-07, 2.58050830704e-10, 7.05713959492e-11, 1.46646703669e-08, 9.55678824965e-09, 7.46237827087e-09, 9.28012724444e-08, 1.76195129598e-08, 4.6325352443e-09, 1.17122693766e-08, 3.64096064409e-09, 2.95535373951e-09, 3.61222080025e-10, 6.45906550467e-10, 1.45182893485e-10, 8.83662518159e-11, 1.71629641055e-10, 4.60405158442e-10, 4.32340899192e-11, 1.62479526361e-11, 2.61327439723e-12, 7.03442349943e-13, 4.285113063e-12, 6.10292155354e-12, 1.31628009273e-12, 2.03665448222e-12, 3.12324276684e-13, 3.62191369561e-13, 7.09731955823e-14]
    },
    "mfcc": {
        "mean": [-704.768310547, 117.531486511, -10.1726751328, 20.5586414337, -0.604715526104, -7.64486694336, -8.90027999878, -5.85156536102, 2.6950211525, 11.8070402145, -2.92876243591, -3.21807956696, -12.6226892471],
        "cov": [[14264.0683594, 1897.8125, -825.233337402, 333.59387207, -188.797683716, -427.829956055, -329.938690186, -185.75440979, 204.959915161, 464.816375732, -117.223060608, -131.659408569, -491.425292969], [1897.8125, 1633.98999023, 34.575088501, 151.948074341, 29.8971271515, -6.36509943008, -113.460380554, -121.218917847, -151.04850769, -75.4496307373, -39.0096549988, -17.8592987061, 30.8272304535], [-825.233337402, 34.575088501, 357.122741699, 21.2829666138, 29.5204429626, 49.5726165771, 47.833240509, 21.8035449982, -35.2194709778, -55.4622688293, 7.00935268402, 8.33340263367, 9.82806968689], [333.59387207, 151.948074341, 21.2829666138, 148.412750244, 26.9874668121, 0.630263149738, -8.16892147064, -6.16617965698, -1.44850921631, 12.5200414658, 14.9199028015, 31.1084156036, 20.3260726929], [-188.797683716, 29.8971271515, 29.5204429626, 26.9874668121, 131.56439209, 43.6353721619, 12.6312551498, 9.612408638, 0.882326126099, -5.28272771835, -0.957465291023, 8.98849868774, 42.4171829224], [-427.829956055, -6.36509943008, 49.5726165771, 0.630263149738, 43.6353721619, 131.80178833, 54.0171890259, 21.3470726013, -1.07061207294, -10.202507019, -5.10645198822, -16.7230091095, -12.1345186234], [-329.938690186, -113.460380554, 47.833240509, -8.16892147064, 12.6312551498, 54.0171890259, 116.168144226, 51.519077301, 17.7699928284, -1.7908000946, -4.9030456543, -25.5112380981, -35.7633743286], [-185.75440979, -121.218917847, 21.8035449982, -6.16617965698, 9.612408638, 21.3470726013, 51.519077301, 113.342140198, 40.9940261841, 6.01534700394, -8.01827144623, -34.4993400574, -32.3079299927], [204.959915161, -151.04850769, -35.2194709778, -1.44850921631, 0.882326126099, -1.07061207294, 17.7699928284, 40.9940261841, 122.451843262, 48.4411888123, -14.8772201538, -18.0313587189, -30.3395709991], [464.816375732, -75.4496307373, -55.4622688293, 12.5200414658, -5.28272771835, -10.202507019, -1.7908000946, 6.01534700394, 48.4411888123, 126.598052979, 32.9788284302, 13.2710189819, -8.29463863373], [-117.223060608, -39.0096549988, 7.00935268402, 14.9199028015, -0.957465291023, -5.10645198822, -4.9030456543, -8.01827144623, -14.8772201538, 32.9788284302, 121.581672668, 78.1256027222, 39.5373153687], [-131.659408569, -17.8592987061, 8.33340263367, 31.1084156036, 8.98849868774, -16.7230091095, -25.5112380981, -34.4993400574, -18.0313587189, 13.2710189819, 78.1256027222, 167.928405762, 91.5974731445], [-491.425292969, 30.8272304535, 9.82806968689, 20.3260726929, 42.4171829224, -12.1345186234, -35.7633743286, -32.3079299927, -30.3395709991, -8.29463863373, 39.5373153687, 91.5974731445, 193.352981567]],
