{
"lowlevel": {
    "average_loudness": 0.00238126632757,
    "barkbands_crest": {
        "dmean": 2.30786514282,
        "dmean2": 3.69276762009,
        "dvar": 4.61390638351,
        "dvar2": 11.6691169739,
        "max": 26.5452404022,
        "mean": 10.7609157562,
        "median": 9.61033058167,
        "min": 2.52028012276,
        "var": 22.8396911621
    },
    "barkbands_flatness_db": {
        "dmean": 0.0183581802994,
        "dmean2": 0.0270316302776,
        "dvar": 0.000317022204399,
        "dvar2": 0.000708608480636,
        "max": 0.628757119179,
        "mean": 0.215882137418,
        "median": 0.206462204456,
        "min": 0.0268478002399,
        "var": 0.0083325561136
    },
    "barkbands_kurtosis": {
        "dmean": 3.15277600288,
        "dmean2": 5.2540769577,
        "dvar": 879.743103027,
        "dvar2": 2619.97753906,
        "max": 2112.91308594,
        "mean": 4.77700138092,
        "median": 1.25239610672,
        "min": -1.87839567661,
        "var": 1213.04077148
    },
    "barkbands_skewness": {
        "dmean": 0.454456180334,
        "dmean2": 0.714154839516,
        "dvar": 0.432189315557,
        "dvar2": 1.16106569767,
        "max": 32.7166366577,
        "mean": 0.76349145174,
        "median": 0.770412623882,
        "min": -6.34588527679,
        "var": 1.9946526289
    },
    "barkbands_spread": {
        "dmean": 2.4853758812,
        "dmean2": 3.85114884377,
        "dvar": 7.39547729492,
        "dvar2": 17.7062015533,
        "max": 119.07321167,
        "mean": 11.6205282211,
        "median": 10.7377471924,
        "min": 0.0834704190493,
        "var": 48.6957359314
    },
    "dissonance": {
        "dmean": 0.0330963842571,
        "dmean2": 0.0564691163599,
        "dvar": 0.00101543578785,
        "dvar2": 0.00282086967491,
        "max": 0.5,
        "mean": 0.419228047132,
        "median": 0.435990035534,
        "min": 0.10018697381,
        "var": 0.00376081396826
    },
    "dynamic_complexity": 10.4096660614,
    "erbbands_crest": {
        "dmean": 2.78184270859,
        "dmean2": 4.39938592911,
        "dvar": 7.69484949112,
        "dvar2": 18.8307971954,
        "max": 34.5341110229,
        "mean": 12.937795639,
        "median": 11.2366847992,
        "min": 2.44325828552,
        "var": 43.5379295349
    },
    "erbbands_flatness_db": {
        "dmean": 0.0161824021488,
        "dmean2": 0.0233965031803,
        "dvar": 0.0002268509852,
        "dvar2": 0.000467587029561,
        "max": 0.520668923855,
        "mean": 0.258635520935,
        "median": 0.251480937004,
        "min": 0.0300798658282,
        "var": 0.00675211893395
    },
    "erbbands_kurtosis": {
        "dmean": 1.3107585907,
        "dmean2": 1.9978300333,
        "dvar": 6.34827041626,
        "dvar2": 13.6039924622,
        "max": 89.2476730347,
        "mean": 2.1418170929,
        "median": 0.530207276344,
        "min": -1.77345097065,
        "var": 35.9834442139
    },
    "erbbands_skewness": {
        "dmean": 0.35109513998,
        "dmean2": 0.532763242722,
        "dvar": 0.113602250814,
        "dvar2": 0.255604684353,
        "max": 6.076587677,
        "mean": 0.441736608744,
        "median": 0.486620128155,
        "min": -7.44142436981,
        "var": 0.861835122108
    },
    "erbbands_spread": {
        "dmean": 3.54395413399,
        "dmean2": 5.47903299332,
        "dvar": 14.5172481537,
        "dvar2": 34.7888336182,
        "max": 110.439170837,
        "mean": 17.9494190216,
        "median": 16.6554489136,
        "min": 0.471538752317,
        "var": 111.779762268
    },
    "hfc": {
        "dmean": 2.26395320892,
        "dmean2": 3.10232758522,
        "dvar": 25.190536499,
        "dvar2": 46.3209724426,
        "max": 198.91633606,
        "mean": 9.34806156158,
        "median": 1.4946975708,
        "min": 1.06714412007e-16,
        "var": 295.167053223
    },
    "melbands_crest": {
        "dmean": 2.90369749069,
        "dmean2": 4.64065933228,
        "dvar": 7.58931589127,
        "dvar2": 19.4936752319,
        "max": 39.7972831726,
        "mean": 13.5107975006,
        "median": 12.1665897369,
        "min": 1.71986103058,
        "var": 35.5829963684
    },
    "melbands_flatness_db": {
        "dmean": 0.020014628768,
        "dmean2": 0.0289946384728,
        "dvar": 0.000371468631784,
        "dvar2": 0.000789604207966,
        "max": 0.746387243271,
        "mean": 0.286491036415,
        "median": 0.27513229847,
        "min": 0.00321064237505,
        "var": 0.0122722089291
    },
    "melbands_kurtosis": {
        "dmean": 8.69502067566,
        "dmean2": 14.8822746277,
        "dvar": 16706.234375,
        "dvar2": 47592.3164062,
        "max": 8001.15136719,
        "mean": 11.406167984,
        "median": 2.48378157616,
        "min": -1.94443523884,
        "var": 19401.8652344
    },
    "melbands_skewness": {
        "dmean": 0.512440741062,
        "dmean2": 0.801475465298,
        "dvar": 1.46653950214,
        "dvar2": 4.07064151764,
        "max": 64.6539077759,
        "mean": 1.27722704411,
        "median": 1.16980838776,
        "min": -5.50691556931,
        "var": 4.91015720367
    },
    "melbands_spread": {
        "dmean": 3.537525177,
        "dmean2": 5.45934104919,
        "dvar": 16.3084716797,
        "dvar2": 37.9639282227,
        "max": 175.757797241,
        "mean": 16.2272014618,
        "median": 14.9589500427,
        "min": 0.025341078639,
        "var": 120.079849243
    },
    "pitch_salience": {
        "dmean": 0.0605172887444,
        "dmean2": 0.0970026031137,
        "dvar": 0.00282982364297,
        "dvar2": 0.00731819914654,
        "max": 0.880803525448,
        "mean": 0.535092711449,
        "median": 0.547030925751,
        "min": 0.020261535421,
        "var": 0.0165052097291
    },
    "silence_rate_20dB": {
        "dmean": 0,
        "dmean2": 0,
        "dvar": 0,
        "dvar2": 0,
        "max": 1,
        "mean": 1,
        "median": 1,
        "min": 1,
        "var": 0
    },
    "silence_rate_30dB": {
        "dmean": 0.00455657206476,
        "dmean2": 0.009113448672,
        "dvar": 0.00453386083245,
        "dvar2": 0.0106412572786,
        "max": 1,
        "mean": 0.990753173828,
        "median": 1,
        "min": 0,
        "var": 0.00916421879083
    },
    "silence_rate_60dB": {
        "dmean": 0.0287466067821,
        "dmean2": 0.0574951432645,
        "dvar": 0.0279378406703,
        "dvar2": 0.0616861470044,
        "max": 1,
        "mean": 0.520034849644,
        "median": 1,
        "min": 0,
        "var": 0.2496599406
    },
    "spectral_centroid": {
        "dmean": 114.32711792,
        "dmean2": 170.951705933,
        "dvar": 21955.5195312,
        "dvar2": 44256.0234375,
        "max": 11717.7705078,
        "mean": 896.522460938,
        "median": 805.629516602,
        "min": 150.411529541,
        "var": 423488.0625
    },
    "spectral_complexity": {
        "dmean": 1.48329818249,
        "dmean2": 2.3215842247,
        "dvar": 3.73814058304,
        "dvar2": 8.03750514984,
        "max": 55,
        "mean": 9.96267795563,
        "median": 6,
        "min": 0,
        "var": 105.869743347
    },
    "spectral_decrease": {
        "dmean": 8.190734202e-10,
        "dmean2": 1.22703791572e-09,
        "dvar": 3.48092987322e-18,
        "dvar2": 8.54166470139e-18,
        "max": 1.64782421597e-28,
        "mean": -3.14592374373e-09,
        "median": -6.28216756393e-10,
        "min": -8.27288815231e-08,
        "var": 3.04046347622e-17
    },
    "spectral_energy": {
        "dmean": 0.00325922877528,
        "dmean2": 0.00485395640135,
        "dvar": 5.37407577212e-05,
        "dvar2": 0.000129855499836,
        "max": 0.324457615614,
        "mean": 0.0127213867381,
        "median": 0.00252049649134,
        "min": 9.86898687521e-21,
        "var": 0.000494134554174
    },
    "spectral_energyband_high": {
        "dmean": 4.95565545862e-05,
        "dmean2": 6.48266432108e-05,
        "dvar": 3.08454559672e-08,
        "dvar2": 5.05519857086e-08,
        "max": 0.00709172338247,
        "mean": 0.000174795539351,
        "median": 1.53023393068e-06,
        "min": 6.94369656624e-21,
        "var": 2.51859404443e-07
    },
    "spectral_energyband_low": {
        "dmean": 0.00134774309117,
        "dmean2": 0.00219864631072,
        "dvar": 2.31835274462e-05,
        "dvar2": 6.50353322271e-05,
        "max": 0.265282511711,
        "mean": 0.00244352174923,
        "median": 0.000171313644387,
        "min": 1.83623626225e-23,
        "var": 5.13494487677e-05
    },
    "spectral_energyband_middle_high": {
        "dmean": 0.00125540315639,
        "dmean2": 0.00185841787606,
        "dvar": 7.99900317361e-06,
        "dvar2": 1.78106256499e-05,
        "max": 0.140385240316,
        "mean": 0.00359719991684,
        "median": 0.0006092247786,
        "min": 1.22431798141e-21,
        "var": 4.66677884106e-05
    },
    "spectral_energyband_middle_low": {
        "dmean": 0.00212436867878,
        "dmean2": 0.00319022568874,
        "dvar": 2.39490818785e-05,
        "dvar2": 5.76963320782e-05,
        "max": 0.209251537919,
        "mean": 0.00707407016307,
        "median": 0.00118402740918,
        "min": 1.64762233349e-22,
        "var": 0.000177075140527
    },
    "spectral_entropy": {
        "dmean": 0.127984493971,
        "dmean2": 0.187051221728,
        "dvar": 0.0150392930955,
        "dvar2": 0.0314588993788,
        "max": 9.8269071579,
        "mean": 6.64323329926,
        "median": 6.73501634598,
        "min": 3.47520589828,
        "var": 0.660619258881
    },
    "spectral_flux": {
        "dmean": 0.00859030988067,
        "dmean2": 0.0141671421006,
        "dvar": 0.00015128859377,
        "dvar2": 0.000398729549488,
        "max": 0.401553839445,
        "mean": 0.0397493168712,
        "median": 0.0247151851654,
        "min": 6.38058772484e-11,
        "var": 0.00181068049278
    },
    "spectral_kurtosis": {
        "dmean": 8.71732330322,
        "dmean2": 14.9955615997,
        "dvar": 183.710189819,
        "dvar2": 508.985656738,
        "max": 382.335723877,
        "mean": 26.396654129,
        "median": 12.6754398346,
        "min": -1.25879859924,
        "var": 1404.21020508
    },
    "spectral_rms": {
        "dmean": 0.000341383856721,
        "dmean2": 0.000491555256303,
        "dvar": 2.40152644437e-07,
        "dvar2": 5.26732264916e-07,
        "max": 0.0177916847169,
        "mean": 0.00251655327156,
        "median": 0.0015681264922,
        "min": 3.10294693585e-12,
        "var": 6.07815445619e-06
    },
    "spectral_rolloff": {
        "dmean": 179.096710205,
        "dmean2": 304.663543701,
        "dvar": 90313.90625,
        "dvar2": 198838.96875,
        "max": 19530.6152344,
        "mean": 1050.5098877,
        "median": 904.39453125,
        "min": 21.533203125,
        "var": 1061813.5
    },
    "spectral_skewness": {
        "dmean": 0.553003430367,
        "dmean2": 0.94729411602,
        "dvar": 0.42150592804,
        "dvar2": 1.19846999645,
        "max": 16.2231082916,
        "mean": 3.245855093,
        "median": 2.54113435745,
        "min": -0.0951714590192,
        "var": 4.6421456337
    },
    "spectral_spread": {
        "dmean": 271013.75,
        "dmean2": 419571,
        "dvar": 144512892928,
        "dvar2": 254026285056,
        "max": 43516220,
        "mean": 2534745.25,
        "median": 2220715.5,
        "min": 246882.03125,
        "var": 4.83502954906e+12
    },
    "spectral_strongpeak": {
        "dmean": 0.380516052246,
        "dmean2": 0.630073964596,
        "dvar": 0.605248987675,
        "dvar2": 1.49022746086,
        "max": 20.546049118,
        "mean": 0.755505025387,
        "median": 0.359480649233,
        "min": 0,
        "var": 1.14117443562
    },
    "zerocrossingrate": {
        "dmean": 0.00427019922063,
        "dmean2": 0.00525030773133,
        "dvar": 3.47988825524e-05,
        "dvar2": 5.41409717698e-05,
        "max": 0.52197265625,
        "mean": 0.039933629334,
        "median": 0.03662109375,
        "min": 0.00048828125,
        "var": 0.000882060499862
    },
    "barkbands": {
        "dmean": [4.09646236221e-05, 0.00071851501707, 0.000589169561863, 0.000525495212059, 0.000766160606872, 0.000755064305849, 0.000792054925114, 0.000414947018726, 0.000473947351566, 0.000625697604846, 0.000274563441053, 0.000229445358855, 0.000328283873387, 0.000154508743435, 0.000195968183107, 9.62256963248e-05, 8.74310862855e-05, 8.04396040621e-05, 6.11913928878e-05, 2.68864969257e-05, 1.79637772817e-05, 1.2832718312e-05, 9.77564468485e-06, 7.99621648184e-06, 4.16016882809e-06, 3.44407817465e-06, 3.83612041333e-06],
        "dmean2": [6.91213062964e-05, 0.00123836449347, 0.000947556283791, 0.000865876092575, 0.00125510548241, 0.00114626868162, 0.00121551414486, 0.000644742860459, 0.000717991031706, 0.000983351375908, 0.000439170835307, 0.000363339873729, 0.000517988286447, 0.000244584894972, 0.000313032680424, 0.00015246962721, 0.000138911855174, 0.000121933429909, 9.50520479819e-05, 4.13112175011e-05, 2.70264299616e-05, 1.87723144336e-05, 1.4217241187e-05, 1.1075864677e-05, 5.43652686247e-06, 4.31012449553e-06, 5.7306870076e-06],
        "dvar": [3.64310182022e-08, 1.06108791442e-05, 4.54174823972e-06, 4.6052136895e-06, 5.37064852324e-06, 5.13850864081e-06, 5.57473595109e-06, 1.21350979043e-06, 1.77250353772e-06, 3.74387445845e-06, 7.05645902599e-07, 4.70560166832e-07, 1.28914336983e-06, 4.17144320863e-07, 6.58100475448e-07, 9.30859158643e-08, 8.0143621517e-08, 1.37158949087e-07, 8.85883437718e-08, 9.87881243475e-09, 3.38636807484e-09, 1.77729042594e-09, 1.23477728042e-09, 9.20508391733e-10, 3.09057363035e-10, 6.32945973411e-10, 2.37406738712e-09],
        "dvar2": [1.00220454158e-07, 3.24987595377e-05, 1.20005133795e-05, 1.25124342958e-05, 1.46055072037e-05, 1.13237074402e-05, 1.32583118102e-05, 2.8730462418e-06, 3.92660740545e-06, 9.068464351e-06, 1.79512915111e-06, 1.17362685614e-06, 3.05478351947e-06, 9.65669755715e-07, 1.46264392242e-06, 2.15845417983e-07, 1.86353688036e-07, 2.62599229472e-07, 1.63612583037e-07, 2.20569322806e-08, 7.55788853724e-09, 3.76850639583e-09, 2.52757437202e-09, 1.65457869628e-09, 5.04403963042e-10, 1.19775678264e-09, 5.53940404657e-09],
        "max": [0.00750298704952, 0.180033162236, 0.134520530701, 0.0959444493055, 0.0747592896223, 0.155026972294, 0.147413268685, 0.0349545739591, 0.0591925308108, 0.123178869486, 0.0237819254398, 0.0190289001912, 0.0407243594527, 0.0324677489698, 0.0524498969316, 0.0116801904514, 0.00938283279538, 0.0278818290681, 0.0298577789217, 0.00733800744638, 0.00213845027611, 0.00178552477155, 0.00146495632362, 0.00131379603408, 0.00097792816814, 0.00145544204861, 0.00381848798133],
        "mean": [0.000100214201666, 0.000917746277992, 0.000934424460866, 0.000816496147308, 0.00134965765756, 0.00150271644816, 0.00161073543131, 0.000738983042538, 0.00090631574858, 0.00108595623169, 0.00044931267621, 0.000395439128624, 0.000524489441887, 0.000251401012065, 0.000327466172166, 0.000170086001162, 0.000156384820002, 0.0001508948626, 0.000122346202261, 6.05878885835e-05, 4.52426684205e-05, 3.3591146348e-05, 2.5945406378e-05, 2.18950681301e-05, 1.16655392048e-05, 7.48350566937e-06, 3.63217259292e-06],
        "median": [5.43456553714e-06, 5.99500781391e-05, 3.30699513142e-05, 3.2498192013e-05, 0.000162327807629, 0.00018596710288, 0.000134560832521, 7.09098749212e-05, 8.04179362603e-05, 9.58889067988e-05, 3.54318835889e-05, 2.78457227978e-05, 3.26078661601e-05, 1.7318454411e-05, 1.56136156875e-05, 6.74817556501e-06, 5.59315049031e-06, 3.79537732442e-06, 2.58779323303e-06, 1.19160085887e-06, 4.83314579469e-07, 2.03928053111e-07, 1.0972506459e-07, 6.54108021081e-08, 3.64905616834e-08, 7.00513158591e-09, 2.12945425182e-10],
        "min": [3.68546323936e-26, 2.88010000496e-24, 2.94174415989e-25, 1.36539664375e-24, 5.83136039116e-24, 7.28362767969e-24, 1.04752003412e-23, 9.68197072426e-24, 1.66454825929e-23, 1.15001152505e-23, 1.82287895386e-23, 2.48331330371e-23, 2.2991399992e-23, 4.05803081628e-23, 3.87853214373e-23, 5.13808773398e-23, 5.00873821135e-23, 6.45701394259e-23, 1.30054196299e-22, 1.86600541157e-22, 1.84531377935e-22, 2.56426848172e-22, 3.51135443725e-22, 5.7020300063e-22, 8.68935361054e-22, 1.15884348553e-21, 2.01886151242e-21],
        "var": [2.31580031596e-07, 1.28566516651e-05, 1.0682838365e-05, 9.46037198446e-06, 1.13489968498e-05, 2.07637876883e-05, 2.17585475184e-05, 3.13986197398e-06, 5.85430325373e-06, 8.79567596712e-06, 1.39798055443e-06, 1.09983704988e-06, 2.31006038121e-06, 7.33035903977e-07, 1.35064021833e-06, 2.21523379196e-07, 1.88609533325e-07, 4.22433544145e-07, 2.59994294538e-07, 3.55014009301e-08, 1.71027814133e-08, 9.84516024261e-09, 6.84802703432e-09, 5.48764678143e-09, 1.86090953758e-09, 1.62584357088e-09, 2.34981123448e-09]
    },
    "erbbands": {
        "dmean": [0.0211565159261, 0.164939790964, 0.586838364601, 1.27131462097, 1.72429442406, 3.1872549057, 4.09493684769, 7.36787605286, 10.8899021149, 9.06253051758, 8.78184890747, 11.7394008636, 9.75619029999, 22.6704845428, 8.84247779846, 9.58352184296, 16.0826263428, 7.06659650803, 11.1413640976, 6.42985963821, 5.02274703979, 4.06335449219, 4.2100982666, 3.10012459755, 3.07226014137, 1.31068515778, 0.861847877502, 0.601806163788, 0.500525891781, 0.348626792431, 0.274156808853, 0.20899617672, 0.11974555999, 0.0544213503599, 0.0281909983605, 0.0132824601606, 0.00676868623123, 0.00283707329072, 0.000628087262157, 4.3723564886e-05],
        "dmean2": [0.0386009216309, 0.274323284626, 0.93351817131, 2.05475401878, 2.85636425018, 5.28677272797, 6.3898639679, 11.1544322968, 16.691652298, 13.963262558, 13.6376752853, 17.8088378906, 15.0340414047, 35.7947998047, 13.9783716202, 15.1715707779, 25.2738075256, 11.0549201965, 17.8650779724, 10.168384552, 7.91524600983, 6.34402370453, 6.47051000595, 4.6901345253, 4.71885871887, 2.01661086082, 1.30499064922, 0.907829761505, 0.740606188774, 0.514379799366, 0.396228522062, 0.298992156982, 0.166006326675, 0.0746119990945, 0.037873852998, 0.017146974802, 0.00864191167057, 0.00391430361196, 0.000947786204051, 6.78772557876e-05],
        "dvar": [0.0117609268054, 0.591572344303, 5.5795583725, 24.8301811218, 28.5552864075, 118.267906189, 116.810455322, 611.307189941, 994.743713379, 738.583251953, 542.097595215, 1182.01696777, 795.115844727, 4732.82226562, 609.851379395, 817.745178223, 3461.92749023, 678.712646484, 1664.42126465, 589.404296875, 246.784698486, 161.117050171, 261.701660156, 224.982177734, 356.880371094, 20.3040943146, 7.59106588364, 4.10692977905, 2.94070887566, 1.4810577631, 1.00779891014, 0.635674834251, 0.213344991207, 0.0498015359044, 0.0170103851706, 0.00510515179485, 0.00294376327656, 0.000770182348788, 6.99986630934e-05, 3.46119747974e-07],
        "dvar2": [0.0424677431583, 1.64216923714, 15.052740097, 64.2801971436, 80.7437515259, 326.078216553, 289.91809082, 1299.83666992, 2273.97412109, 1863.28527832, 1308.37390137, 2600.28833008, 1836.66479492, 11714.5390625, 1571.20227051, 2031.3515625, 8177.17871094, 1596.1262207, 3945.52246094, 1344.12365723, 566.919494629, 364.905975342, 557.535949707, 420.612030029, 606.913574219, 44.3915863037, 17.394159317, 9.44026184082, 6.4920334816, 3.32864141464, 2.03359293938, 1.2345649004, 0.400501132011, 0.0895919203758, 0.0289785657078, 0.00845441408455, 0.00588800385594, 0.00165372842457, 0.000162687021657, 8.40618554321e-07],
        "max": [2.30101680756, 51.2397499084, 133.075881958, 240.704269409, 201.727584839, 434.240600586, 313.533172607, 1977.46191406, 1682.93383789, 1313.54223633, 786.46496582, 1618.70910645, 950.491821289, 4348.88818359, 1164.89916992, 949.93762207, 2277.09448242, 1249.88232422, 2060.65966797, 1108.11437988, 676.051269531, 495.530487061, 1046.10754395, 1388.94641113, 2039.46179199, 249.904891968, 112.541091919, 67.395904541, 61.3165626526, 51.8068313599, 38.9329071045, 33.2640151978, 19.6144237518, 12.5697851181, 6.38727712631, 3.75992274284, 3.58660054207, 1.54375314713, 0.716107785702, 0.0518120490015],
        "mean": [0.0260941050947, 0.215085208416, 0.959222793579, 2.21113824844, 2.83641695976, 5.19752407074, 7.6307425499, 14.6658315659, 22.3009433746, 18.9174404144, 17.1345691681, 22.5766773224, 20.3995418549, 38.2154922485, 16.9035873413, 17.4469356537, 25.8836517334, 13.32903862, 18.8066368103, 12.1588859558, 9.48998641968, 8.0740070343, 8.26202869415, 6.48318910599, 6.18336200714, 3.02533078194, 2.09014725685, 1.52723348141, 1.26617181301, 0.900021672249, 0.715766608715, 0.549231469631, 0.316934615374, 0.148075670004, 0.0749063268304, 0.0337732844055, 0.0134578924626, 0.00385218206793, 0.000592581054661, 4.97221662954e-05],
        "median": [0.00110746384598, 0.0173872336745, 0.0432633534074, 0.115886963904, 0.277600288391, 0.52228808403, 0.867115736008, 1.64596438408, 2.10937047005, 1.99321746826, 2.06565761566, 2.09170055389, 2.907725811, 3.41390705109, 2.10159945488, 1.73597240448, 1.94328165054, 1.44515705109, 1.11704957485, 0.610533237457, 0.433759450912, 0.3187507689, 0.244397640228, 0.164126396179, 0.118308857083, 0.0617233589292, 0.030280418694, 0.0117904329672, 0.00742442160845, 0.00457448884845, 0.00304311607033, 0.00172702758573, 0.000950622954406, 0.000445846118964, 0.000237566215219, 7.2777227615e-05, 5.16500585945e-06, 5.87773115512e-07, 1.52511688611e-06, 2.97111819236e-06],
        "min": [9.86106423785e-23, 5.80682607548e-22, 3.80209368033e-21, 6.41360748343e-21, 1.29460228213e-20, 2.98839223436e-20, 7.52808028197e-20, 4.45541223724e-20, 1.32352762493e-19, 1.00356408273e-19, 2.72485804882e-19, 3.66225375715e-19, 5.58212341527e-19, 6.55751152914e-19, 1.08105475025e-18, 9.91406983418e-19, 1.28682533681e-18, 2.21966224599e-18, 2.16025599555e-18, 3.46954704081e-18, 3.73891923447e-18, 3.97010256719e-18, 4.16047487645e-18, 7.19245123143e-18, 6.66061256146e-18, 1.00380956409e-17, 9.19915252e-18, 9.21774505863e-18, 9.51144959718e-18, 9.97802413042e-18, 1.10811794923e-17, 1.11477708403e-17, 9.12993404634e-18, 7.72276582113e-18, 6.45366603427e-18, 4.12008985099e-18, 2.25906106536e-18, 8.73714485093e-19, 2.70101999603e-19, 2.72524572511e-20],
        "var": [0.0134338354692, 0.703309118748, 11.5910615921, 60.5015144348, 50.9440574646, 230.862014771, 320.170959473, 2664.80004883, 3975.79663086, 2553.8828125, 1512.49584961, 3859.13745117, 2779.21191406, 9765.6328125, 1497.56762695, 1932.87854004, 5988.59228516, 1339.5098877, 3159.92651367, 1578.77722168, 591.103637695, 437.631958008, 758.7734375, 733.258972168, 998.42590332, 78.6340942383, 33.4300613403, 20.377571106, 14.7260742188, 7.49694013596, 5.25084590912, 3.4192173481, 1.19523739815, 0.279429227114, 0.0863095670938, 0.0214892029762, 0.00639395974576, 0.00108630151954, 6.89026346663e-05, 3.09286605216e-07]
    },
    "gfcc": {
        "mean": [-191.827880859, 155.579803467, -133.824951172, -1.53809952736, -55.6025123596, 1.06593585014, -29.7576751709, -1.80101120472, -15.6411151886, -4.67884349823, -4.05516338348, -6.39152765274, -2.74908781052],
        "cov": [[34313.0507812, -5542.44189453, -2538.6003418, 2090.85180664, -1229.0411377, 347.288513184, -1329.63342285, 926.990966797, -1174.65942383, 486.625915527, -1132.65759277, 467.773925781, -1015.74719238], [-5542.44189453, 2756.76879883, 796.113830566, -523.679321289, 388.157562256, -288.51385498, 217.280090332, -438.254089355, 227.683670044, -264.240936279, 250.09916687, -284.939971924, 190.649536133], [-2538.6003418, 796.113830566, 1359.4119873, -25.3053073883, 127.900917053, -57.5543785095, 81.5003051758, -143.849807739, 36.7116584778, -69.4919967651, -13.2953281403, -29.9721870422, -12.4883146286], [2090.85180664, -523.679321289, -25.3053073883, 525.859863281, -18.0773277283, 91.4177322388, -37.7330474854, 153.165969849, -81.7925491333, 37.6928443909, -79.2498321533, 77.7390060425, -62.353553772], [-1229.0411377, 388.157562256, 127.900917053, -18.0773277283, 344.026824951, 68.8315887451, 136.303848267, -4.87444353104, 66.8805236816, -35.3188552856, 28.0689258575, -50.0910568237, 24.7212848663], [347.288513184, -288.51385498, -57.5543785095, 91.4177322388, 68.8315887451, 251.447341919, 84.3420181274, 97.5482025146, -12.6961917877, 56.4093132019, -10.1701726913, 16.2868080139, -21.1641349792], [-1329.63342285, 217.280090332, 81.5003051758, -37.7330474854, 136.303848267, 84.3420181274, 225.547805786, 40.0007896423, 69.5878448486, -13.8235006332, 58.7711982727, -13.5773801804, 49.3855400085], [926.990966797, -438.254089355, -143.849807739, 153.165969849, -4.87444353104, 97.5482025146, 40.0007896423, 210.463729858, 14.689702034, 50.4981651306, -41.1790924072, 56.8332366943, -12.5537824631], [-1174.65942383, 227.683670044, 36.7116584778, -81.7925491333, 66.8805236816, -12.6961917877, 69.5878448486, 14.689702034, 162.474914551, 34.5182914734, 52.97813797, -35.4945259094, 35.2949256897], [486.625915527, -264.240936279, -69.4919967651, 37.6928443909, -35.3188552856, 56.4093132019, -13.8235006332, 50.4981651306, 34.5182914734, 143.521453857, 21.7784957886, 9.27813816071, -44.543056488], [-1132.65759277, 250.09916687, -13.2953281403, -79.2498321533, 28.0689258575, -10.1701726913, 58.7711982727, -41.1790924072, 52.97813797, 21.7784957886, 150.735977173, 9.5925321579, 52.1967315674], [467.773925781, -284.939971924, -29.9721870422, 77.7390060425, -50.0910568237, 16.2868080139, -13.5773801804, 56.8332366943, -35.4945259094, 9.27813816071, 9.5925321579, 145.122344971, 38.8256340027], [-1015.74719238, 190.649536133, -12.4883146286, -62.353553772, 24.7212848663, -21.1641349792, 49.3855400085, -12.5537824631, 35.2949256897, -44.543056488, 52.1967315674, 38.8256340027, 159.619445801]],
        "icov": [[0.000107196312456, -0.000128686137032, 0.000191822226043, -0.000185102850082, 0.000115329923574, -2.55089908023e-05, 0.000236561565544, -0.000234961917158, 0.000446492660558, -0.00037708383752, 0.000553118181415, -0.000300534680719, 0.0003539090103], [-0.000128686137032, 0.00187485688366, -0.000829078664538, 0.000327182875481, -0.000975301896688, 0.000837176223285, -0.000462545867776, 0.00152547785547, -0.00146571686491, 0.00246996665373, -0.00273578264751, 0.00266655883752, -0.00121077510994], [0.000191822226043, -0.000829078664538, 0.00148582167458, -0.000607644615229, 0.000339726655511, -0.000171118881553, -0.000180462724529, 0.000313253636705, 0.000605902809184, -0.00124837155454, 0.00234527769499, -0.00189336249605, 0.00130623974837], [-0.000185102850082, 0.000327182875481, -0.000607644615229, 0.00335088348947, -0.000719899020623, -7.48044330976e-05, 0.000254812184721, -0.00172443524934, 0.000565666530747, 0.000511264661327, -0.000903238193132, -3.02927528537e-05, -9.98132454697e-05], [0.000115329923574, -0.000975301896688, 0.000339726655511, -0.000719899020623, 0.00505282357335, -0.00172178156208, -0.00140822096728, -0.000121470293379, -0.00069492025068, 0.00024444484734, 0.0015222679358, -0.000506599608343, 0.000906762317754], [-2.55089908023e-05, 0.000837176223285, -0.000171118881553, -7.48044330976e-05, -0.00172178156208, 0.00741682760417, -0.00302948965691, -0.00116058206186, 0.00237994710915, -0.00243628863245, -0.000334918673616, 0.00137983390596, -0.000540984445252], [0.000236561565544, -0.000462545867776, -0.000180462724529, 0.000254812184721, -0.00140822096728, -0.00302948965691, 0.00993505492806, -0.00372110400349, -0.000591628951952, 0.0016978837084, -0.00216745235957, 0.000332916388288, -0.000174421918928], [-0.000234961917158, 0.00152547785547, 0.000313253636705, -0.00172443524934, -0.000121470293379, -0.00116058206186, -0.00372110400349, 0.01265803352, -0.00532913068309, 0.000710410589818, 0.00181799358688, -0.00174487719778, -0.000748049991671], [0.000446492660558, -0.00146571686491, 0.000605902809184, 0.000565666530747, -0.00069492025068, 0.00237994710915, -0.000591628951952, -0.00532913068309, 0.0143448309973, -0.00740697514266, 0.0014902248513, 0.00117115292232, -0.000963659374975], [-0.00037708383752, 0.00246996665373, -0.00124837155454, 0.000511264661327, 0.00024444484734, -0.00243628863245, 0.0016978837084, 0.000710410589818, -0.00740697514266, 0.0164760425687, -0.00814563035965, 0.00287774531171, 0.00212128716521], [0.000553118181415, -0.00273578264751, 0.00234527769499, -0.000903238193132, 0.0015222679358, -0.000334918673616, -0.00216745235957, 0.00181799358688, 0.0014902248513, -0.00814563035965, 0.016951309517, -0.00696006650105, 0.000698615447618], [-0.000300534680719, 0.00266655883752, -0.00189336249605, -3.02927528537e-05, -0.000506599608343, 0.00137983390596, 0.000332916388288, -0.00174487719778, 0.00117115292232, 0.00287774531171, -0.00696006650105, 0.0153102958575, -0.00614016596228], [0.0003539090103, -0.00121077510994, 0.00130623974837, -9.98132454697e-05, 0.000906762317754, -0.000540984445252, -0.000174421918928, -0.000748049991671, -0.000963659374975, 0.00212128716521, 0.000698615447618, -0.00614016596228, 0.0118794636801]]
    },
    "melbands": {
        "dmean": [0.000186033750651, 0.000270017888397, 0.00021562819893, 0.000176796558662, 0.000137487266329, 0.000156215086463, 0.000167918580701, 9.58848686423e-05, 7.39950482966e-05, 7.14280395187e-05, 5.16460495419e-05, 9.82380734058e-05, 3.24783432006e-05, 2.76963583019e-05, 3.0332692404e-05, 3.05981739075e-05, 1.28398378365e-05, 1.87280038517e-05, 1.24449643408e-05, 7.30494502932e-06, 6.2796561906e-06, 4.72058763989e-06, 4.93222432851e-06, 3.61148863703e-06, 2.64179675469e-06, 2.62561343334e-06, 1.59089040608e-06, 8.09655546163e-07, 6.18577928435e-07, 4.84866347961e-07, 3.82390282994e-07, 3.35945088636e-07, 2.45101318797e-07, 2.05426189837e-07, 1.73388954749e-07, 1.72389093223e-07, 1.30696506062e-07, 1.00848176032e-07, 6.76552147638e-08, 4.42762839725e-08],
        "dmean2": [0.000329153845087, 0.000432737753727, 0.000351537601091, 0.000290049763862, 0.000216440836084, 0.000236452440731, 0.000256953469943, 0.00014857534552, 0.00011369393178, 0.000108801941678, 7.98538749223e-05, 0.000155146990437, 5.16296640853e-05, 4.40579860879e-05, 4.78000110888e-05, 4.8220717872e-05, 2.01660332095e-05, 3.00541432807e-05, 1.97349017981e-05, 1.1652377907e-05, 9.92861168925e-06, 7.41139319871e-06, 7.84745134297e-06, 5.48034358872e-06, 4.05889295507e-06, 4.11307519244e-06, 2.43602039518e-06, 1.27688031171e-06, 9.64062223829e-07, 7.4713699405e-07, 5.91042521592e-07, 5.11333894337e-07, 3.69338863493e-07, 3.12639855338e-07, 2.58803254383e-07, 2.56806174548e-07, 1.9109111804e-07, 1.45857072198e-07, 9.87914532402e-08, 6.24936973281e-08],
        "dvar": [7.37454968203e-07, 1.26455211102e-06, 6.34713103409e-07, 3.12687802762e-07, 1.36408090157e-07, 2.51724401323e-07, 2.41751251906e-07, 7.48965902631e-08, 3.71316879466e-08, 4.26540260889e-08, 2.31335697265e-08, 9.11077933097e-08, 8.50591241885e-09, 6.7189436237e-09, 9.41218303296e-09, 1.12157465537e-08, 3.01810554326e-09, 4.44441772274e-09, 3.6952441107e-09, 5.87774717786e-10, 4.53434872982e-10, 2.84402917883e-10, 3.59948737483e-10, 3.0456218103e-10, 1.75379474832e-10, 1.35324168538e-10, 1.15093580499e-10, 6.30371189275e-12, 3.73410330434e-12, 3.10632400878e-12, 1.80224108207e-12, 1.38683042914e-12, 7.22950291212e-13, 5.69142660518e-13, 4.07971074458e-13, 4.78437873087e-13, 2.52394513709e-13, 1.57128460633e-13, 7.8885520078e-14, 3.44808511984e-14],
        "dvar2": [2.47804041464e-06, 3.39847110808e-06, 1.69825227658e-06, 8.51106335631e-07, 3.4731928622e-07, 5.42319355645e-07, 5.58058047773e-07, 1.86000008284e-07, 8.79389645547e-08, 9.48667704392e-08, 5.33819104476e-08, 2.24948365712e-07, 2.16536211184e-08, 1.70676379696e-08, 2.28079066744e-08, 2.63401656042e-08, 6.90738799491e-09, 1.0633124603e-08, 7.75340947001e-09, 1.43513001483e-09, 1.01375086103e-09, 6.32112640009e-10, 7.82224007789e-10, 6.07564887289e-10, 3.3660993437e-10, 2.7537813696e-10, 1.88542320645e-10, 1.57816121282e-11, 9.11528318104e-12, 7.18922404247e-12, 4.3416403285e-12, 3.24323272231e-12, 1.67484873626e-12, 1.36688186811e-12, 8.95628298088e-13, 1.07617322172e-12, 5.24703761343e-13, 3.24803796055e-13, 1.72581458673e-13, 6.56294002433e-14],
        "max": [0.0313079506159, 0.0738634765148, 0.035541433841, 0.018891043961, 0.0118291955441, 0.0380011759698, 0.0288687068969, 0.0117708714679, 0.00594717683271, 0.00881016906351, 0.00543374568224, 0.0196013245732, 0.00309785665013, 0.00273157423362, 0.00369192822836, 0.00398394512013, 0.00300614186563, 0.00263620517217, 0.00413751089945, 0.00105999072548, 0.00107816327363, 0.000698621326592, 0.00131976546254, 0.00112444988918, 0.00117470126133, 0.00103338609915, 0.00111744599417, 0.000101731122413, 6.97488212609e-05, 7.2815673775e-05, 4.51536870969e-05, 4.24259487772e-05, 3.73405928258e-05, 3.25584696839e-05, 2.51024521276e-05, 2.61822206085e-05, 2.00288632186e-05, 1.63306885952e-05, 1.2066432646e-05, 1.19414798974e-05],
        "mean": [0.000245822564466, 0.0004302985908, 0.000384848506656, 0.000294972502161, 0.00026352374698, 0.000312468706397, 0.00034556290484, 0.000195664921193, 0.000143514887895, 0.000134407615406, 0.000102468606201, 0.00016321822477, 5.72257631575e-05, 4.73212785437e-05, 4.99800516991e-05, 4.87809847982e-05, 2.18908862735e-05, 3.0051698559e-05, 2.14545652852e-05, 1.28379142552e-05, 1.08242402348e-05, 8.32793830341e-06, 8.61056560097e-06, 6.71988209433e-06, 4.96075244882e-06, 4.90551383336e-06, 3.17303420161e-06, 1.71565056917e-06, 1.36039352583e-06, 1.03422803477e-06, 8.491675203e-07, 7.65427273564e-07, 5.62538616578e-07, 4.72265980989e-07, 4.0877534957e-07, 3.95338105363e-07, 3.11408143716e-07, 2.40889818315e-07, 1.60862967391e-07, 1.10982227852e-07],
        "median": [1.44871028169e-05, 2.74970097962e-05, 2.5298086257e-05, 3.04450550175e-05, 2.87674192805e-05, 3.57242897735e-05, 3.20428807754e-05, 2.01123220904e-05, 1.56745118147e-05, 1.16987448564e-05, 1.26112136059e-05, 1.32733730425e-05, 6.03016997047e-06, 3.45397120327e-06, 3.28867236021e-06, 3.43634633282e-06, 1.76276626007e-06, 1.51648805513e-06, 1.03130184925e-06, 4.8897970828e-07, 4.37230539774e-07, 2.9675484825e-07, 2.21111577048e-07, 1.60902885682e-07, 1.09678865101e-07, 8.86821212021e-08, 5.96495937089e-08, 3.03924458933e-08, 1.98945500074e-08, 9.41100264384e-09, 5.43546629928e-09, 4.37546354703e-09, 3.01938030134e-09, 2.19470530638e-09, 1.76858794276e-09, 1.42189526819e-09, 8.60910676082e-10, 6.76558919999e-10, 4.77334838322e-10, 3.29873350857e-10],
        "min": [1.33539005125e-24, 1.76011335426e-24, 2.02528796148e-24, 1.24646491684e-24, 2.97506327794e-24, 1.04330937071e-24, 1.92858170032e-24, 1.15682458142e-24, 2.30293722061e-24, 2.34765281495e-24, 2.91071510504e-24, 2.03452217002e-24, 2.8303366869e-24, 3.2302392704e-24, 2.44154087052e-24, 2.59517449004e-24, 3.57965436153e-24, 2.46650969868e-24, 3.42843485359e-24, 4.35164942059e-24, 3.6131083748e-24, 3.55398798312e-24, 3.66096501604e-24, 3.03924618448e-24, 4.84433092123e-24, 4.54571630303e-24, 3.19070471727e-24, 6.25227645423e-24, 4.90103897626e-24, 3.72119454616e-24, 5.12892827001e-24, 4.50878893519e-24, 5.75742637497e-24, 4.11894649761e-24, 5.67660678637e-24, 5.87858160495e-24, 5.36988898895e-24, 6.4870177938e-24, 4.7072864549e-24, 5.77881278854e-24],
        "var": [9.41589405556e-07, 2.19982962335e-06, 1.47421008023e-06, 6.26658106739e-07, 3.74823969196e-07, 1.07191397092e-06, 9.66714537753e-07, 2.48688991178e-07, 1.1285074919e-07, 1.32724309765e-07, 7.62321974435e-08, 1.88083021158e-07, 1.87814066521e-08, 1.50368304475e-08, 1.89608613255e-08, 1.96816163367e-08, 5.39025890589e-09, 7.94761501055e-09, 8.06424438338e-09, 1.44148637471e-09, 9.92464777028e-10, 6.1898125514e-10, 8.46247183439e-10, 9.24844423267e-10, 5.20443799168e-10, 3.77444075994e-10, 3.21685122984e-10, 2.12207369732e-11, 1.40755046507e-11, 1.04793474245e-11, 6.81015790635e-12, 5.65923913634e-12, 3.03946407973e-12, 2.22272894534e-12, 1.76009705942e-12, 1.85352406167e-12, 1.17939306325e-12, 7.26842739641e-13, 3.26440155289e-13, 1.69132232091e-13]
    },
    "mfcc": {
        "mean": [-807.23248291, 160.232849121, -2.30377531052, -0.229144588113, -5.18711519241, -2.9114716053, -3.40547561646, -1.66719639301, -4.79888772964, 1.4155870676, -1.16451632977, -1.88367521763, -1.5723927021],
        "cov": [[24370.0898438, -640.128051758, -3337.45703125, 1211.31640625, -452.267028809, -143.532623291, -352.45904541, 134.542068481, -337.654327393, -34.691318512, -386.554534912, -47.9003143311, 11.529841423], [-640.128051758, 1629.97485352, 128.346389771, 36.8842468262, 101.727638245, -8.66159439087, 15.2504377365, -104.183425903, -92.541557312, -60.5643615723, -30.9183082581, -32.5571060181, -0.280128717422], [-3337.45703125, 128.346389771, 1299.1574707, 31.8706188202, 116.214767456, 64.5370635986, 41.0403213501, -46.3464660645, 33.4397392273, -43.4382743835, 20.6368083954, -2.63721489906, -20.8932914734], [1211.31640625, 36.8842468262, 31.8706188202, 428.309265137, 71.3278503418, -12.2982110977, -4.8981757164, 46.1872787476, 0.539638876915, -19.4186153412, -61.7572212219, -13.9638843536, 21.268781662], [-452.267028809, 101.727638245, 116.214767456, 71.3278503418, 169.695480347, 63.7140159607, 46.7322502136, 39.9613227844, 38.0747718811, 9.18005180359, 4.40933847427, -1.18808090687, 6.66325235367], [-143.532623291, -8.66159439087, 64.5370635986, -12.2982110977, 63.7140159607, 152.867660522, 88.5641326904, 22.606710434, 23.9268569946, 34.3440361023, 32.6029968262, 15.7309961319, -1.64829587936], [-352.45904541, 15.2504377365, 41.0403213501, -4.8981757164, 46.7322502136, 88.5641326904, 157.523864746, 84.4770889282, 33.4691543579, 22.4161548615, 22.9383087158, 8.3118429184, 10.0374975204], [134.542068481, -104.183425903, -46.3464660645, 46.1872787476, 39.9613227844, 22.606710434, 84.4770889282, 155.842956543, 82.6835861206, 8.81879234314, -13.0223121643, -7.36708259583, 11.584485054], [-337.654327393, -92.541557312, 33.4397392273, 0.539638876915, 38.0747718811, 23.9268569946, 33.4691543579, 82.6835861206, 129.149703979, 62.2785339355, 10.6043996811, -7.30483055115, -4.66133785248], [-34.691318512, -60.5643615723, -43.4382743835, -19.4186153412, 9.18005180359, 34.3440361023, 22.4161548615, 8.81879234314, 62.2785339355, 124.503433228, 76.5832824707, 7.31644439697, -24.7855567932], [-386.554534912, -30.9183082581, 20.6368083954, -61.7572212219, 4.40933847427, 32.6029968262, 22.9383087158, -13.0223121643, 10.6043996811, 76.5832824707, 135.544189453, 64.3932113647, -19.1347560883], [-47.9003143311, -32.5571060181, -2.63721489906, -13.9638843536, -1.18808090687, 15.7309961319, 8.3118429184, -7.36708259583, -7.30483055115, 7.31644439697, 64.3932113647, 111.218406677, 50.94972229], [11.529841423, -0.280128717422, -20.8932914734, 21.268781662, 6.66325235367, -1.64829587936, 10.0374975204, 11.584485054, -4.66133785248, -24.7855567932, -19.1347560883, 50.94972229, 117.545875549]],
