{
"lowlevel": {
    "average_loudness": 0.37302005291,
    "barkbands_crest": {
        "dmean": 3.02267384529,
        "dmean2": 4.95581436157,
        "dvar": 7.01192569733,
        "dvar2": 18.2578887939,
        "max": 25.6544723511,
        "mean": 12.5991830826,
        "median": 11.8251266479,
        "min": 3.64985823631,
        "var": 23.980506897
    },
    "barkbands_flatness_db": {
        "dmean": 0.0260786060244,
        "dmean2": 0.0385760851204,
        "dvar": 0.000648546090815,
        "dvar2": 0.00145936734043,
        "max": 0.505485475063,
        "mean": 0.243871867657,
        "median": 0.244176656008,
        "min": 0.0360773019493,
        "var": 0.00439603906125
    },
    "barkbands_kurtosis": {
        "dmean": 3.09762167931,
        "dmean2": 4.95312738419,
        "dvar": 35.644657135,
        "dvar2": 90.4776306152,
        "max": 120.606742859,
        "mean": 4.73680686951,
        "median": 1.66529655457,
        "min": -1.93104112148,
        "var": 110.050643921
    },
    "barkbands_skewness": {
        "dmean": 0.586646258831,
        "dmean2": 0.91362208128,
        "dvar": 0.363680869341,
        "dvar2": 0.85531526804,
        "max": 9.21419715881,
        "mean": 0.898431479931,
        "median": 0.678854703903,
        "min": -2.81043887138,
        "var": 2.22229146957
    },
    "barkbands_spread": {
        "dmean": 3.84683942795,
        "dmean2": 5.89312505722,
        "dvar": 29.3258171082,
        "dvar2": 56.3046302795,
        "max": 97.9746017456,
        "mean": 13.6158390045,
        "median": 10.7519664764,
        "min": 0.407553255558,
        "var": 128.922668457
    },
    "dissonance": {
        "dmean": 0.0386358909309,
        "dmean2": 0.064520418644,
        "dvar": 0.00156416906975,
        "dvar2": 0.00447205081582,
        "max": 0.499999970198,
        "mean": 0.428704917431,
        "median": 0.44250112772,
        "min": 0.104514300823,
        "var": 0.00302225584164
    },
    "dynamic_complexity": 8.27529335022,
    "erbbands_crest": {
        "dmean": 3.47255206108,
        "dmean2": 5.59156703949,
        "dvar": 10.1995000839,
        "dvar2": 25.5724697113,
        "max": 31.5278434753,
        "mean": 13.2860088348,
        "median": 12.2181119919,
        "min": 2.76507806778,
        "var": 32.2659225464
    },
    "erbbands_flatness_db": {
        "dmean": 0.0247212350368,
        "dmean2": 0.0361519418657,
        "dvar": 0.000643533072434,
        "dvar2": 0.00129304511938,
        "max": 0.516035854816,
        "mean": 0.287396788597,
        "median": 0.297170996666,
        "min": 0.0515940599144,
        "var": 0.00628765486181
    },
    "erbbands_kurtosis": {
        "dmean": 2.28203129768,
        "dmean2": 3.71858739853,
        "dvar": 25.9188652039,
        "dvar2": 69.2975845337,
        "max": 116.040153503,
        "mean": 2.27976512909,
        "median": 0.513235569,
        "min": -1.93148958683,
        "var": 42.8142204285
    },
    "erbbands_skewness": {
        "dmean": 0.552185714245,
        "dmean2": 0.85321944952,
        "dvar": 0.3025842309,
        "dvar2": 0.724163889885,
        "max": 8.52771186829,
        "mean": 0.377394258976,
        "median": 0.36955884099,
        "min": -6.53384494781,
        "var": 1.66728830338
    },
    "erbbands_spread": {
        "dmean": 5.63466882706,
        "dmean2": 8.63416862488,
        "dvar": 50.0338668823,
        "dvar2": 107.534698486,
        "max": 127.71031189,
        "mean": 21.9333534241,
        "median": 17.8745441437,
        "min": 1.10660660267,
        "var": 234.050125122
    },
    "hfc": {
        "dmean": 4.02215528488,
        "dmean2": 5.61164999008,
        "dvar": 125.15322113,
        "dvar2": 245.289703369,
        "max": 262.544433594,
        "mean": 10.0112724304,
        "median": 1.50321245193,
        "min": 1.11246448556e-16,
        "var": 571.900512695
    },
    "melbands_crest": {
        "dmean": 3.87486386299,
        "dmean2": 6.42117500305,
        "dvar": 11.638915062,
        "dvar2": 29.4710559845,
        "max": 35.852355957,
        "mean": 16.6015453339,
        "median": 15.5358428955,
        "min": 1.00124204159,
        "var": 44.9318618774
    },
    "melbands_flatness_db": {
        "dmean": 0.0291593130678,
        "dmean2": 0.0428947433829,
        "dvar": 0.000842977897264,
        "dvar2": 0.00182444381062,
        "max": 0.539541959763,
        "mean": 0.30525881052,
        "median": 0.305824607611,
        "min": 1.63944648079e-07,
        "var": 0.00594386644661
    },
    "melbands_kurtosis": {
        "dmean": 5.86504983902,
        "dmean2": 9.17480754852,
        "dvar": 187.746917725,
        "dvar2": 451.088562012,
        "max": 387.376434326,
        "mean": 10.2264585495,
        "median": 3.44708967209,
        "min": -1.93402493,
        "var": 449.913665771
    },
    "melbands_skewness": {
        "dmean": 0.728642165661,
        "dmean2": 1.13016974926,
        "dvar": 0.638283729553,
        "dvar2": 1.39016926289,
        "max": 15.1684560776,
        "mean": 1.7340221405,
        "median": 1.38135552406,
        "min": -2.129956007,
        "var": 3.64976787567
    },
    "melbands_spread": {
        "dmean": 5.82995080948,
        "dmean2": 8.95804977417,
        "dvar": 84.7254486084,
        "dvar2": 166.43119812,
        "max": 219.1459198,
        "mean": 18.7837409973,
        "median": 13.840801239,
        "min": 0.382022589445,
        "var": 392.654724121
    },
    "pitch_salience": {
        "dmean": 0.0766604468226,
        "dmean2": 0.12363947928,
        "dvar": 0.00469768466428,
        "dvar2": 0.0118919415399,
        "max": 0.996081829071,
        "mean": 0.537898540497,
        "median": 0.549802958965,
        "min": 0.097595334053,
        "var": 0.0176787674427
    },
    "silence_rate_20dB": {
        "dmean": 0,
        "dmean2": 0,
        "dvar": 0,
        "dvar2": 0,
        "max": 1,
        "mean": 1,
        "median": 1,
        "min": 1,
        "var": 0
    },
    "silence_rate_30dB": {
        "dmean": 0.00955531094223,
        "dmean2": 0.019117647782,
        "dvar": 0.00946409441531,
        "dvar2": 0.0261053144932,
        "max": 1,
        "mean": 0.991182982922,
        "median": 1,
        "min": 0,
        "var": 0.00873948819935
    },
    "silence_rate_60dB": {
        "dmean": 0.074972435832,
        "dmean2": 0.15000000596,
        "dvar": 0.0693501904607,
        "dvar2": 0.142939925194,
        "max": 1,
        "mean": 0.553269684315,
        "median": 1,
        "min": 0,
        "var": 0.247162073851
    },
    "spectral_centroid": {
        "dmean": 184.507049561,
        "dmean2": 275.570892334,
        "dvar": 79520.15625,
        "dvar2": 147668.328125,
        "max": 11591.7412109,
        "mean": 1052.98144531,
        "median": 908.144042969,
        "min": 175.402236938,
        "var": 642331.6875
    },
    "spectral_complexity": {
        "dmean": 1.44505691528,
        "dmean2": 2.27132344246,
        "dvar": 3.22016954422,
        "dvar2": 6.47636938095,
        "max": 32,
        "mean": 6.6087436676,
        "median": 4,
        "min": 0,
        "var": 39.8796844482
    },
    "spectral_decrease": {
        "dmean": 8.7616275346e-10,
        "dmean2": 1.23395371698e-09,
        "dvar": 4.86586141561e-18,
        "dvar2": 1.02462672225e-17,
        "max": 2.4707681333e-20,
        "mean": -2.23739338168e-09,
        "median": -6.00699934239e-10,
        "min": -4.7839932904e-08,
        "var": 2.08108236186e-17
    },
    "spectral_energy": {
        "dmean": 0.00365666742437,
        "dmean2": 0.00513885356486,
        "dvar": 8.58931307448e-05,
        "dvar2": 0.000179724389454,
        "max": 0.203070610762,
        "mean": 0.00935249309987,
        "median": 0.00242327805609,
        "min": 1.02425203141e-20,
        "var": 0.000371815171093
    },
    "spectral_energyband_high": {
        "dmean": 1.93700088857e-05,
        "dmean2": 2.15354230022e-05,
        "dvar": 2.32398118527e-08,
        "dvar2": 1.86314732531e-08,
        "max": 0.011101802811,
        "mean": 4.13038942497e-05,
        "median": 1.93096411749e-06,
        "min": 7.31392693723e-21,
        "var": 1.65855325918e-07
    },
    "spectral_energyband_low": {
        "dmean": 0.000143102981383,
        "dmean2": 0.000179613780347,
        "dvar": 1.89666309325e-07,
        "dvar2": 2.3836417995e-07,
        "max": 0.0270700119436,
        "mean": 0.000556693354156,
        "median": 7.50358158257e-05,
        "min": 1.41218802695e-23,
        "var": 2.74830790659e-06
    },
    "spectral_energyband_middle_high": {
        "dmean": 0.00244780536741,
        "dmean2": 0.00347844674252,
        "dvar": 6.33437157376e-05,
        "dvar2": 0.00012974490528,
        "max": 0.193351939321,
        "mean": 0.00528415897861,
        "median": 0.000440143281594,
        "min": 1.33338192693e-21,
        "var": 0.000237916276092
    },
    "spectral_energyband_middle_low": {
        "dmean": 0.00171838141978,
        "dmean2": 0.00251832534559,
        "dvar": 2.0171266442e-05,
        "dvar2": 4.28003295383e-05,
        "max": 0.128515765071,
        "mean": 0.00375811825506,
        "median": 0.00130229699425,
        "min": 1.81656453252e-22,
        "var": 6.32200899418e-05
    },
    "spectral_entropy": {
        "dmean": 0.225880548358,
        "dmean2": 0.334263682365,
        "dvar": 0.0588976480067,
        "dvar2": 0.124583005905,
        "max": 9.8167514801,
        "mean": 6.57123804092,
        "median": 6.58166980743,
        "min": 4.47531795502,
        "var": 0.398755282164
    },
    "spectral_flux": {
        "dmean": 0.0138134490699,
        "dmean2": 0.0216788072139,
        "dvar": 0.000443438795628,
        "dvar2": 0.00112593371887,
        "max": 0.4033408463,
        "mean": 0.0420756526291,
        "median": 0.0261034276336,
        "min": 6.44225020552e-11,
        "var": 0.00213892618194
    },
    "spectral_kurtosis": {
        "dmean": 8.43127346039,
        "dmean2": 14.5589828491,
        "dvar": 81.4132766724,
        "dvar2": 234.033798218,
        "max": 97.5810241699,
        "mean": 19.1763477325,
        "median": 15.7491044998,
        "min": -1.21755588055,
        "var": 210.963760376
    },
    "spectral_rms": {
        "dmean": 0.000457208108855,
        "dmean2": 0.000624031410553,
        "dvar": 4.25880273269e-07,
        "dvar2": 7.78746368724e-07,
        "max": 0.0140754282475,
        "mean": 0.00222129002213,
        "median": 0.001537587028,
        "min": 3.16112370655e-12,
        "var": 4.19023672293e-06
    },
    "spectral_rolloff": {
        "dmean": 303.065155029,
        "dmean2": 517.811157227,
        "dvar": 541839.1875,
        "dvar2": 1069781.875,
        "max": 19336.8164062,
        "mean": 1296.06542969,
        "median": 1033.59375,
        "min": 21.533203125,
        "var": 2324169
    },
    "spectral_skewness": {
        "dmean": 0.632217109203,
        "dmean2": 1.07089650631,
        "dvar": 0.359870195389,
        "dvar2": 1.03663372993,
        "max": 8.27536010742,
        "mean": 2.72728633881,
        "median": 2.57498288155,
        "min": -0.0260924380273,
        "var": 1.26708066463
    },
    "spectral_spread": {
        "dmean": 423670.3125,
        "dmean2": 645119.9375,
        "dvar": 750398799872,
        "dvar2": 1.32613354291e+12,
        "max": 41083424,
        "mean": 2551711,
        "median": 2015587.75,
        "min": 786460.875,
        "var": 6.42222601011e+12
    },
    "spectral_strongpeak": {
        "dmean": 0.591253221035,
        "dmean2": 0.916215360165,
        "dvar": 1.61281573772,
        "dvar2": 3.96164727211,
        "max": 25.4291820526,
        "mean": 1.07053029537,
        "median": 0.404329657555,
        "min": 0,
        "var": 3.8443980217
    },
    "zerocrossingrate": {
        "dmean": 0.00653302716091,
        "dmean2": 0.00758900353685,
        "dvar": 0.000206540804356,
        "dvar2": 0.000276181293884,
        "max": 0.52099609375,
        "mean": 0.0449234880507,
        "median": 0.03955078125,
        "min": 0.0029296875,
        "var": 0.0016120945802
    },
    "barkbands": {
        "dmean": [2.15742238652e-05, 1.23555219034e-05, 5.77348364459e-05, 0.00015847402392, 0.000218565124669, 0.000270774791716, 0.00049002643209, 0.00064561702311, 0.000433229288319, 0.000210911093745, 0.000618369143922, 0.0013696544338, 0.000420155236498, 0.000189947983017, 4.9787464377e-05, 0.00015855122183, 0.000408679072279, 0.000129032341647, 1.02069288914e-05, 6.98040139469e-06, 3.54928533852e-06, 3.20952540278e-06, 3.46531919604e-06, 6.44568262942e-06, 2.23006964006e-06, 1.46772151766e-07, 4.85861306743e-09],
        "dmean2": [4.0122995415e-05, 2.0429786673e-05, 7.44258795748e-05, 0.000198457593797, 0.000344547210261, 0.000427781691542, 0.000759537622798, 0.00087329884991, 0.000731728272513, 0.000338089012075, 0.000938038341701, 0.0019829752855, 0.000606001296546, 0.000302893255139, 8.00833367975e-05, 0.000236971332924, 0.000564147951081, 0.000192895400687, 1.50038367792e-05, 1.02144495031e-05, 5.15324973094e-06, 4.49560184279e-06, 4.27535678682e-06, 7.30236251911e-06, 2.36020673583e-06, 2.02388591219e-07, 8.17976086864e-09],
        "dvar": [3.19682030847e-10, 6.69958699628e-10, 4.33470752625e-08, 2.48782100698e-07, 3.81147970074e-07, 4.98723522924e-07, 4.79553909827e-06, 1.08205895231e-05, 3.80197980121e-06, 6.94662958267e-07, 9.52057962422e-06, 4.80221642647e-05, 6.35646802039e-06, 1.39519988807e-06, 3.46134179097e-08, 3.68001622064e-07, 2.43110025622e-06, 3.72895726741e-07, 2.2525257215e-09, 2.34984187664e-09, 5.16728659861e-10, 7.24389714879e-10, 8.52662052075e-10, 7.56304796568e-09, 1.10514886131e-09, 1.33548250583e-12, 2.17230599048e-15],
        "dvar2": [1.10480713467e-09, 1.72704517354e-09, 7.63832943562e-08, 3.01314770468e-07, 8.14104168967e-07, 1.13881083053e-06, 1.12931602416e-05, 1.76656794793e-05, 1.13415253509e-05, 1.72456100245e-06, 2.06219319807e-05, 0.00010421222396, 1.27142802739e-05, 3.32014201376e-06, 8.90361206984e-08, 7.49437504055e-07, 5.03458659296e-06, 8.12803477857e-07, 5.05137087714e-09, 5.08261521759e-09, 1.16515386228e-09, 1.56728996448e-09, 1.00574282236e-09, 9.84470904797e-09, 1.60141067074e-09, 1.99105185464e-12, 5.58905584642e-15],
        "max": [0.000259708496742, 0.000783665047493, 0.0100916260853, 0.024187002331, 0.0181259252131, 0.014692151919, 0.0821622684598, 0.128479510546, 0.0493375733495, 0.0188647974283, 0.0997299104929, 0.177057027817, 0.0891461521387, 0.0341886468232, 0.00361942010932, 0.0209962483495, 0.0610428713262, 0.0205895677209, 0.0012113560224, 0.00181422068272, 0.000651795824524, 0.00149512838107, 0.0016827811487, 0.00598249118775, 0.00217788154259, 6.63774480927e-05, 2.3079883249e-06],
        "mean": [8.1120080722e-05, 2.32643142226e-05, 0.000212540238863, 0.000526390620507, 0.000412646943005, 0.000457777641714, 0.0006745030405, 0.000953135138843, 0.000612999196164, 0.000289718620479, 0.000792079605162, 0.00200053933077, 0.000555314181838, 0.000275165511994, 7.6018681284e-05, 0.000246065843385, 0.000897315039765, 0.000202733150218, 1.55454072228e-05, 1.20382701425e-05, 5.50133017896e-06, 5.61775323149e-06, 7.50965000407e-06, 1.32182922243e-05, 3.49863444171e-06, 2.41587258643e-07, 5.70372282738e-09],
        "median": [7.49431783333e-05, 7.18124647392e-06, 9.79311698757e-06, 4.90091952088e-05, 7.36648507882e-05, 5.52803248866e-05, 8.22424917715e-05, 3.54000221705e-05, 3.09165370709e-05, 1.89798502106e-05, 1.60740710271e-05, 2.10991674976e-05, 8.20459717943e-06, 9.08751735551e-06, 8.83658321982e-06, 1.61323332577e-05, 1.56036840053e-05, 6.10390361544e-06, 8.99524593478e-07, 3.13019626219e-07, 2.962532335e-07, 2.32821847135e-07, 1.81255700227e-07, 1.19600940707e-07, 5.08285715739e-08, 7.80919329202e-09, 1.77556525038e-10],
        "min": [5.48464655698e-24, 4.10549247487e-24, 2.72939010117e-24, 4.47262439585e-24, 2.40105467504e-23, 8.66047079378e-24, 1.44659277538e-23, 9.19356169429e-24, 4.17759972586e-23, 4.22847872989e-23, 2.75342748181e-23, 7.09928114133e-23, 4.2095975019e-23, 5.63439862586e-23, 9.93034578908e-23, 6.14755012035e-23, 8.99267794923e-23, 1.2442112359e-22, 1.40392628669e-22, 2.62827375256e-22, 3.56322740603e-22, 3.01603006326e-22, 5.47852917732e-22, 6.74213137158e-22, 9.60067400103e-22, 1.37128087478e-21, 2.10572092935e-21],
        "var": [1.92747462435e-09, 3.65292307514e-09, 6.29185080925e-07, 3.48356752511e-06, 1.78915206561e-06, 1.1189425777e-06, 7.95670166553e-06, 3.36578450515e-05, 5.6903040786e-06, 1.16258081562e-06, 1.89718684851e-05, 0.00010340870358, 1.07068144644e-05, 2.04425691663e-06, 6.31713490407e-08, 7.54178302032e-07, 9.79996912065e-06, 7.92713649389e-07, 4.18168877303e-09, 5.78628078785e-09, 1.15890730346e-09, 2.45078135563e-09, 5.85417359034e-09, 4.10337932522e-08, 3.39982841879e-09, 5.76264340066e-12, 4.16015700418e-15]
    },
    "erbbands": {
        "dmean": [0.000405342696467, 0.00336216948926, 0.0460828058422, 0.328589111567, 0.54623234272, 0.840451896191, 1.17696332932, 2.57861590385, 5.32980251312, 10.6810007095, 12.2570543289, 8.22559165955, 9.72548961639, 7.60584211349, 35.1218147278, 52.8270683289, 20.0644989014, 9.44640922546, 5.13893079758, 3.48859882355, 10.1873559952, 23.155828476, 8.74538421631, 1.08555567265, 0.378530114889, 0.38677239418, 0.20527471602, 0.0812374576926, 0.104317866266, 0.0892101302743, 0.113365352154, 0.143543049693, 0.0953893363476, 0.0401950217783, 0.006444348488, 0.0012849298073, 0.000153802859131, 1.82069325092e-05, 2.58673139797e-06, 4.47123738923e-06],
        "dmean2": [0.000698267074768, 0.00514087406918, 0.0582298487425, 0.406604617834, 0.814925312996, 1.31905674934, 1.72315490246, 4.12504005432, 8.34681034088, 14.8869400024, 17.0275039673, 13.4988355637, 16.4827613831, 12.1581401825, 51.505771637, 78.0350189209, 27.4896202087, 13.5036430359, 7.79831600189, 5.04972934723, 14.7742376328, 32.1591377258, 12.4246482849, 1.54876887798, 0.53797107935, 0.57849085331, 0.298459380865, 0.109553463757, 0.147747054696, 0.112342528999, 0.139982447028, 0.187079787254, 0.0940856635571, 0.0372374691069, 0.00742714898661, 0.00161978660617, 0.000205947595532, 2.8145055694e-05, 3.47833633896e-06, 6.24504946245e-06],
        "dvar": [3.23117092194e-07, 8.24629387353e-05, 0.026725102216, 1.1029471159, 1.66161572933, 6.8455581665, 15.4481725693, 54.0551795959, 506.324737549, 2444.76098633, 4231.63818359, 1008.09222412, 2108.56567383, 844.490356445, 28660.2636719, 83003.25, 12447.0449219, 3181.71777344, 1025.7512207, 397.291809082, 794.357055664, 8505.81542969, 2075.5222168, 21.1446495056, 3.52607393265, 9.67614555359, 1.54575073719, 0.242000356317, 0.589190602303, 0.734361290932, 0.981502830982, 2.69258284569, 2.19950771332, 0.347155302763, 0.00483827944845, 0.00011308187095, 1.20978211271e-06, 3.05483816021e-08, 6.3571571618e-11, 1.28073773809e-10],
        "dvar2": [9.06127411326e-07, 0.000173644599272, 0.0456494688988, 1.27756083012, 3.62388134003, 16.8445453644, 24.8719272614, 122.842208862, 1251.72729492, 4389.984375, 7998.62939453, 2858.22900391, 6585.91894531, 1963.85314941, 56319.96875, 182964.703125, 21777.6757812, 6177.02441406, 2834.70263672, 610.029052734, 1755.93432617, 17253.1445312, 4538.02880859, 46.6524543762, 7.74795341492, 22.2700557709, 3.49823999405, 0.404680848122, 1.19937574863, 1.36878585815, 1.26043570042, 4.39865875244, 1.88559639454, 0.356229126453, 0.0052935006097, 0.000122514044051, 1.48851597714e-06, 5.602085551e-08, 9.486576108e-11, 2.64321231569e-10],
        "max": [0.00790524668992, 0.438293009996, 9.12049770355, 57.7718811035, 46.1450920105, 58.7344055176, 171.732208252, 149.186904907, 679.161376953, 2080.17382812, 2285.7043457, 670.84954834, 1252.484375, 807.517578125, 4952.08984375, 8831.59960938, 4714.68945312, 2145.14697266, 852.22845459, 894.60357666, 599.067749023, 4307.71484375, 1499.55078125, 132.824707031, 50.8076057434, 118.216064453, 47.5621261597, 19.6094684601, 39.5280723572, 56.2883644104, 54.5441894531, 103.737213135, 100.180221558, 41.117225647, 4.75708198547, 0.65550750494, 0.0609563961625, 0.00909089762717, 0.000424237485277, 0.000249136908678],
        "mean": [0.000716036534868, 0.00911121256649, 0.178279668093, 1.18076813221, 1.2145717144, 1.41815066338, 2.58268070221, 4.23650979996, 7.29440689087, 16.467130661, 18.1458721161, 12.461730957, 14.0607795715, 12.7940654755, 53.1468772888, 76.107749939, 31.2369270325, 15.150806427, 7.75567150116, 6.41453409195, 21.3090305328, 51.396686554, 17.0233879089, 1.98818492889, 0.66241568327, 0.667411327362, 0.337979257107, 0.146078616381, 0.195631787181, 0.162761226296, 0.237931773067, 0.298142850399, 0.195248931646, 0.0664664134383, 0.0117867924273, 0.00228378735483, 0.000274754565908, 3.11220501317e-05, 6.45596310278e-06, 1.15117791211e-05],
        "median": [0.000468209618703, 0.00178640708327, 0.011353963986, 0.138804018497, 0.26021361351, 0.202069491148, 0.312367200851, 0.597197473049, 1.22263932228, 1.39870595932, 0.993745684624, 0.804633140564, 0.895103216171, 0.90082192421, 1.02369189262, 1.047965765, 0.696290075779, 0.538889050484, 0.507421731949, 0.697784781456, 1.05757904053, 1.01310145855, 0.456050217152, 0.141688883305, 0.0419465601444, 0.0205188170075, 0.0143119459972, 0.0117728067562, 0.00947164092213, 0.00688566453755, 0.00530390720814, 0.00277693057433, 0.00173173844814, 0.00076595984865, 0.000251327408478, 7.42559786886e-05, 8.67616836331e-06, 1.24388975564e-06, 1.60271792993e-06, 2.88620390165e-06],
        "min": [2.74553407648e-22, 4.59414062436e-22, 2.88610585862e-21, 1.33079805784e-20, 5.28687189387e-20, 8.20479480239e-20, 6.48659462104e-20, 5.33037416239e-20, 1.96543425593e-19, 1.89486734863e-19, 2.9905600938e-19, 7.60163163107e-19, 1.02941117628e-18, 9.49045409888e-19, 1.08132089562e-18, 2.6638636116e-18, 1.98067425739e-18, 2.93536993124e-18, 4.56615361376e-18, 5.63285760757e-18, 3.39939778217e-18, 4.7655632848e-18, 6.62975789743e-18, 5.60801489223e-18, 9.15064251298e-18, 1.24830297733e-17, 1.12874708924e-17, 1.4591537143e-17, 1.22026329165e-17, 1.58763835536e-17, 1.63972161719e-17, 1.24672364139e-17, 1.25399224287e-17, 8.91605160971e-18, 6.30365228069e-18, 4.31215663974e-18, 2.38398208826e-18, 1.14239008928e-18, 2.7526386512e-19, 3.04238354078e-20],
        "var": [6.04938747983e-07, 0.000929963774979, 0.426445245743, 15.4850721359, 10.2642564774, 17.413444519, 130.337493896, 104.545944214, 593.448791504, 7848.97558594, 11433.3574219, 1837.18554688, 3191.82739258, 1950.21081543, 66475.9609375, 155293.984375, 26359.8007812, 6252.61328125, 1349.13525391, 1060.38000488, 3163.87939453, 38597.6171875, 4964.58837891, 44.9879646301, 8.36070728302, 20.7010383606, 3.8725399971, 0.820625722408, 2.57628774643, 2.84080910683, 6.07494688034, 15.3236618042, 11.5170440674, 1.35427820683, 0.0242376942188, 0.000639721693005, 6.1114469645e-06, 9.94505242602e-08, 3.12035230987e-10, 5.69457092592e-10]
    },
    "gfcc": {
        "mean": [-207.376586914, 143.567306519, -147.482086182, -2.42157530785, -50.1823501587, 1.19088494778, -43.3988037109, 3.35871911049, -9.14890289307, -16.5168628693, -5.38013505936, -1.68267893791, -5.12809038162],
        "cov": [[12791.3056641, -541.516052246, -2738.20556641, -511.814575195, -60.0845985413, -360.556793213, -767.202636719, 22.5825176239, 3.56593060493, -594.770507812, -148.2525177, 63.9470596313, -501.297088623], [-541.516052246, 1870.0057373, 131.403869629, -483.046722412, 388.106201172, -252.177368164, -130.219711304, -349.191497803, 94.0708465576, -484.48336792, -183.868530273, 77.0253982544, 88.4450378418], [-2738.20556641, 131.403869629, 1690.24682617, 697.135131836, -247.04901123, 153.449691772, -46.1285476685, -199.588638306, -213.370819092, 47.5167045593, -278.472106934, -18.3307971954, 95.3862609863], [-511.814575195, -483.046722412, 697.135131836, 1122.24536133, -151.889877319, 34.2275276184, -112.400016785, -154.26802063, -96.7677764893, 157.195602417, -160.680938721, -153.256408691, 33.4375343323], [-60.0845985413, 388.106201172, -247.04901123, -151.889877319, 535.288085938, -61.622833252, -196.419830322, -108.563591003, 89.5406341553, -110.765319824, -42.7690429688, 16.6574954987, -22.6835517883], [-360.556793213, -252.177368164, 153.449691772, 34.2275276184, -61.622833252, 373.235351562, 163.58883667, 37.1186332703, -127.730369568, 93.7261734009, -13.59491539, -42.6996231079, -42.3353271484], [-767.202636719, -130.219711304, -46.1285476685, -112.400016785, -196.419830322, 163.58883667, 646.098266602, 206.744812012, -122.0184021, 103.997001648, 134.322647095, -81.7099609375, 9.46639156342], [22.5825176239, -349.191497803, -199.588638306, -154.26802063, -108.563591003, 37.1186332703, 206.744812012, 360.782562256, 35.2440490723, 117.968460083, 149.747879028, -3.10212016106, -11.920624733], [3.56593060493, 94.0708465576, -213.370819092, -96.7677764893, 89.5406341553, -127.730369568, -122.0184021, 35.2440490723, 268.951690674, 29.3609600067, 52.4684104919, 21.5359687805, -3.44484734535], [-594.770507812, -484.48336792, 47.5167045593, 157.195602417, -110.765319824, 93.7261734009, 103.997001648, 117.968460083, 29.3609600067, 456.965301514, 232.069442749, -89.8134231567, 5.10697031021], [-148.2525177, -183.868530273, -278.472106934, -160.680938721, -42.7690429688, -13.59491539, 134.322647095, 149.747879028, 52.4684104919, 232.069442749, 380.851043701, -3.0738325119, 6.89514732361], [63.9470596313, 77.0253982544, -18.3307971954, -153.256408691, 16.6574954987, -42.6996231079, -81.7099609375, -3.10212016106, 21.5359687805, -89.8134231567, -3.0738325119, 220.850219727, 46.8142585754], [-501.297088623, 88.4450378418, 95.3862609863, 33.4375343323, -22.6835517883, -42.3353271484, 9.46639156342, -11.920624733, -3.44484734535, 5.10697031021, 6.89514732361, 46.8142585754, 156.77746582]],
        "icov": [[0.000292044394882, -0.000158710376127, 0.000739712966606, -0.000244080918492, 0.000554145604838, 3.12822303385e-05, 0.000573022989556, -0.00020573263464, 0.000628022651654, 4.39131654275e-05, 0.00028973078588, -0.000153500193846, 0.000709196436219], [-0.000158710376127, 0.00180788862053, -0.00114162359387, 0.00115863897372, -0.00109522463754, 0.000682593497913, -0.000913743395358, 0.00162745709531, -0.00118359050248, 0.00140105478931, -0.000612256291788, 0.000956238538492, -0.00120539451018], [0.000739712966606, -0.00114162359387, 0.00324698560871, -0.00147999334149, 0.00206370465457, -0.000455765577499, 0.00172342138831, -0.000872968521435, 0.00231649680063, -0.000840205058921, 0.00159081618767, -0.00109560554847, 0.00168994057458], [-0.000244080918492, 0.00115863897372, -0.00147999334149, 0.00244758557528, -0.000657686963677, 0.000699472788256, -0.000488195131766, 0.00135744910222, -0.000717492948752, -1.87644909602e-05, 0.000151820582687, 0.00161240878515, -0.0013325427426], [0.000554145604838, -0.00109522463754, 0.00206370465457, -0.000657686963677, 0.00398410111666, -0.00056279276032, 0.00196653557941, -0.000402039644541, 0.0010446269298, -0.000221587324631, 0.000769624079112, -0.000277479295619, 0.00162876502145], [3.12822303385e-05, 0.000682593497913, -0.000455765577499, 0.000699472788256, -0.00056279276032, 0.00445015402511, -0.000974760798272, 0.000461370334961, 0.00138376816176, -0.000943635299336, 0.000926681503188, 1.5913763491e-05, 0.00107289711013], [0.000573022989556, -0.000913743395358, 0.00172342138831, -0.000488195131766, 0.00196653557941, -0.000974760798272, 0.00412431266159, -0.00206482526846, 0.00247831689194, -1.66725185409e-05, 3.79600460292e-05, 0.00068540032953, 0.000867237569764], [-0.00020573263464, 0.00162745709531, -0.000872968521435, 0.00135744910222, -0.000402039644541, 0.000461370334961, -0.00206482526846, 0.00588384922594, -0.00203039008193, 0.000581070722546, -0.00102997594513, 0.000396129355067, -0.000832393940073], [0.000628022651654, -0.00118359050248, 0.00231649680063, -0.000717492948752, 0.0010446269298, 0.00138376816176, 0.00247831689194, -0.00203039008193, 0.00746584730223, -0.00176148489118, 0.00115546153393, -0.000864360656124, 0.00206894311123], [4.39131654275e-05, 0.00140105478931, -0.000840205058921, -1.87644909602e-05, -0.000221587324631, -0.000943635299336, -1.66725185409e-05, 0.000581070722546, -0.00176148489118, 0.00627320306376, -0.00375251052901, 0.0021555966232, -0.0010981549276], [0.00028973078588, -0.000612256291788, 0.00159081618767, 0.000151820582687, 0.000769624079112, 0.000926681503188, 3.79600460292e-05, -0.00102997594513, 0.00115546153393, -0.00375251052901, 0.00628434494138, -0.00123127596453, 0.000791438447777], [-0.000153500193846, 0.000956238538492, -0.00109560554847, 0.00161240878515, -0.000277479295619, 1.5913763491e-05, 0.00068540032953, 0.000396129355067, -0.000864360656124, 0.0021555966232, -0.00123127596453, 0.00711131840944, -0.00291321892291], [0.000709196436219, -0.00120539451018, 0.00168994057458, -0.0013325427426, 0.00162876502145, 0.00107289711013, 0.000867237569764, -0.000832393940073, 0.00206894311123, -0.0010981549276, 0.000791438447777, -0.00291321892291, 0.00990820303559]]
    },
    "melbands": {
        "dmean": [3.98789870815e-06, 1.65312612808e-05, 6.10229108133e-05, 5.01683425682e-05, 3.9844388084e-05, 5.94932389504e-05, 8.46983966767e-05, 0.000128405707073, 9.01386956684e-05, 5.83428482059e-05, 4.93013940286e-05, 2.84879752144e-05, 9.92147979559e-05, 0.000169319260749, 8.77187194419e-05, 3.32583695126e-05, 1.79155122169e-05, 1.02905059975e-05, 3.1424883673e-06, 6.91381774232e-06, 1.44397863551e-05, 2.78754505416e-05, 1.52336187966e-05, 3.60191734217e-06, 6.58307101276e-07, 3.86112475326e-07, 2.38990907064e-07, 2.70956519444e-07, 1.45072235114e-07, 8.55642738884e-08, 4.40384901879e-08, 6.27427283462e-08, 7.11769700956e-08, 4.30808242413e-08, 6.20887448122e-08, 8.064271384e-08, 9.42940800996e-08, 7.21336661513e-08, 6.05357115546e-08, 2.49896512372e-08],
        "dmean2": [6.8723552431e-06, 2.13941384573e-05, 7.86117961979e-05, 7.95994201326e-05, 5.82659122301e-05, 9.38329612836e-05, 0.000132341650897, 0.000175075794687, 0.000128886109451, 9.6801755717e-05, 8.37800616864e-05, 4.55468616565e-05, 0.000143380253576, 0.000240465800744, 0.000129849649966, 4.83251169499e-05, 2.71411481663e-05, 1.57561244123e-05, 4.91041009809e-06, 9.92506193143e-06, 2.15330128412e-05, 3.90346540371e-05, 2.22129492613e-05, 5.44105841982e-06, 9.80400500339e-07, 5.42480506738e-07, 3.57759716962e-07, 4.14952864958e-07, 2.15649450297e-07, 1.27681815343e-07, 6.40730348778e-08, 9.29310530751e-08, 9.76203651248e-08, 5.32445163515e-08, 8.12690075236e-08, 1.04810354173e-07, 1.31572249984e-07, 6.62245938088e-08, 6.2336674489e-08, 2.59145185311e-08],
        "dvar": [3.17665407867e-11, 3.58491636376e-09, 3.07439513847e-08, 1.91150277828e-08, 1.64630886701e-08, 2.75110139114e-08, 1.26580545157e-07, 3.46708731058e-07, 2.22068280209e-07, 6.24099527613e-08, 5.33230988253e-08, 1.27938086791e-08, 2.07207179415e-07, 8.3923356442e-07, 1.69510968817e-07, 6.58783108065e-08, 1.51927324055e-08, 4.90546536724e-09, 1.56652690819e-10, 2.16005835441e-09, 1.65741409486e-09, 1.20200187581e-08, 5.48148459956e-09, 3.92029159135e-10, 7.51947983046e-12, 5.00565951536e-12, 2.44717787701e-12, 4.25494795647e-12, 6.90893956629e-13, 4.83728183377e-13, 9.54356222955e-14, 2.04229089694e-13, 7.05538709053e-13, 1.18856950649e-13, 2.98882175519e-13, 6.7642202603e-13, 1.49838886958e-12, 1.10924973633e-12, 9.67603276149e-13, 1.18898814405e-13],
        "dvar2": [8.87952905648e-11, 6.31603613854e-09, 3.84570988388e-08, 4.73616807994e-08, 2.58534171849e-08, 6.12732975469e-08, 3.06241929593e-07, 5.62876891763e-07, 4.20377062937e-07, 1.85274217301e-07, 1.65751558256e-07, 2.88188566344e-08, 4.15539517462e-07, 1.92773791241e-06, 3.48117794147e-07, 1.49331683019e-07, 3.2844273079e-08, 1.36459128441e-08, 3.24703847143e-10, 3.5875713511e-09, 3.8862206786e-09, 2.247904618e-08, 1.25087797898e-08, 8.69103511381e-10, 1.63018921279e-11, 1.14498714329e-11, 4.57165468676e-12, 1.00063594563e-11, 1.61140794718e-12, 1.1329765251e-12, 2.05872835056e-13, 4.97114827601e-13, 1.45971873911e-12, 1.8409582127e-13, 4.22326155167e-13, 9.67774146411e-13, 2.8462625052e-12, 1.00358621153e-12, 8.29232515986e-13, 1.38736353135e-13],
        "max": [0.000116000155685, 0.00330949993804, 0.00791254732758, 0.0030678184703, 0.00554239423946, 0.00358481658623, 0.0107583301142, 0.0218289345503, 0.0149526046589, 0.00607434241101, 0.00622801156715, 0.00325543712825, 0.0133403148502, 0.0263149440289, 0.00921155605465, 0.0108102057129, 0.00413275556639, 0.00191209721379, 0.000347340479493, 0.00220634136349, 0.000844837457407, 0.00541176041588, 0.0023858405184, 0.000655140902381, 5.62740751775e-05, 5.94760422246e-05, 6.30864669802e-05, 7.45189390727e-05, 2.53579328273e-05, 2.47637908615e-05, 1.30825492306e-05, 1.53564869834e-05, 5.14246021339e-05, 2.27545515372e-05, 3.00624524243e-05, 3.5450913856e-05, 7.62982599554e-05, 7.58672176744e-05, 6.55201365589e-05, 2.39689870796e-05],
        "mean": [8.81641244632e-06, 6.2010534748e-05, 0.00020478850638, 8.81923551788e-05, 8.71277588885e-05, 9.63235943345e-05, 0.000117443516501, 0.000196005450562, 0.000131009845063, 8.43800662551e-05, 6.93678375683e-05, 4.25771650043e-05, 0.000138493589475, 0.000245444360189, 0.000121474957268, 4.51723171864e-05, 2.62364537775e-05, 1.41646542033e-05, 5.75713283979e-06, 1.0733999261e-05, 2.80495369225e-05, 5.93898039369e-05, 2.87784459942e-05, 6.12787334831e-06, 9.80130948847e-07, 5.77743662689e-07, 3.75778427042e-07, 4.32579412291e-07, 2.29561067044e-07, 1.19416455391e-07, 7.19291648466e-08, 1.03650627636e-07, 1.23748336023e-07, 7.73908297447e-08, 1.21961761579e-07, 1.73594742137e-07, 1.88695523207e-07, 1.42986152696e-07, 1.00740827236e-07, 4.15354826089e-08],
        "median": [6.12076928519e-06, 3.70757470591e-06, 3.27125417243e-05, 1.72037471202e-05, 1.04547816591e-05, 1.19226351671e-05, 1.83158772415e-05, 1.25525048134e-05, 6.53210463497e-06, 4.00093767894e-06, 3.78697950509e-06, 2.98952681987e-06, 2.69973293143e-06, 2.80610129266e-06, 1.67645600868e-06, 8.75234945852e-07, 7.93500817053e-07, 6.26637529422e-07, 6.70139456815e-07, 8.51274364777e-07, 1.16208616419e-06, 1.06196614524e-06, 4.92811295771e-07, 2.18003947339e-07, 6.05221543992e-08, 2.441323943e-08, 1.06246389464e-08, 8.81375150641e-09, 7.59968443731e-09, 6.19677242852e-09, 4.7540877901e-09, 4.31918500965e-09, 3.77822750863e-09, 2.81552825498e-09, 2.74353206819e-09, 2.04200212295e-09, 1.21131915609e-09, 1.17263376787e-09, 8.59863180658e-10, 4.5908238322e-10],
        "min": [2.08119058952e-24, 1.0400945653e-24, 2.38259047837e-24, 3.83479091094e-24, 2.85249125378e-24, 1.1894756329e-24, 3.44086572374e-24, 1.83900141694e-24, 2.1164735768e-24, 5.05843684281e-24, 4.91645095177e-24, 3.76536799583e-24, 3.10403552784e-24, 6.78262764081e-24, 4.08722797833e-24, 3.22028838172e-24, 5.35880983197e-24, 7.37196037955e-24, 7.72737061635e-24, 6.13885955531e-24, 3.34998934189e-24, 4.9888778492e-24, 4.64649486139e-24, 6.67560051522e-24, 4.05907392705e-24, 5.91896852228e-24, 6.68035103559e-24, 8.56963898257e-24, 7.15912097416e-24, 7.36783227044e-24, 7.20972403465e-24, 6.50832413799e-24, 6.67978542232e-24, 7.76946344539e-24, 8.38406497665e-24, 8.24770484715e-24, 6.84582249907e-24, 9.25287456803e-24, 7.00767309099e-24, 6.32235727933e-24],
        "var": [1.03018295283e-10, 5.56384627259e-08, 4.22744307116e-07, 4.06045224111e-08, 1.45213064684e-07, 5.37157234248e-08, 1.62110652013e-07, 1.14153942832e-06, 5.66880032693e-07, 1.06221108354e-07, 7.94724073216e-08, 2.52353782315e-08, 4.61885917957e-07, 1.73453042862e-06, 2.97902801094e-07, 8.6851152048e-08, 2.32190693339e-08, 5.92432103375e-09, 4.59107141193e-10, 4.11839584658e-09, 5.82544235073e-09, 5.12541404873e-08, 1.23867032187e-08, 9.20831244589e-10, 1.3035706195e-11, 8.81459488733e-12, 6.19522272025e-12, 8.2935689566e-12, 1.80346623052e-12, 7.99397549024e-13, 2.11959261449e-13, 5.59353507523e-13, 2.10686437914e-12, 5.8026809269e-13, 1.56692670991e-12, 3.75794968061e-12, 7.37195634398e-12, 6.11944089152e-12, 3.61862362991e-12, 4.79480062425e-13]
    },
    "mfcc": {
        "mean": [-836.138977051, 165.035217285, -21.0024242401, -5.40774488449, 11.0582447052, -8.11702346802, -14.4657344818, 8.85425281525, -0.783484399319, -13.2245759964, -2.40726089478, 10.5032310486, 2.30386209488],
        "cov": [[8374.92871094, 747.529052734, -2554.06469727, -483.523468018, 184.901855469, -431.303100586, -716.745483398, 378.047485352, -197.24508667, -628.709411621, 134.535385132, 276.624725342, -389.557647705], [747.529052734, 2028.52868652, -507.284820557, -587.519104004, 307.331756592, -89.7970046997, -442.515930176, 244.119766235, 86.9463729858, -661.361877441, -24.0201835632, -30.7970752716, -269.77822876], [-2554.06469727, -507.284820557, 1875.39672852, 529.310058594, -195.913803101, 304.677154541, 200.009628296, -182.91418457, 58.1610336304, 192.234985352, -219.31072998, -381.962890625, -39.7162513733], [-483.523468018, -587.519104004, 529.310058594, 793.779418945, 47.3439750671, 100.230323792, 51.0187721252, -215.058578491, -40.8396339417, 227.917404175, -109.511047363, -189.836975098, -13.7663154602], [184.901855469, 307.331756592, -195.913803101, 47.3439750671, 650.742248535, 93.8232192993, -400.498260498, -104.424507141, -2.49361205101, -184.423416138, -26.5439758301, -9.93623352051, -121.537666321], [-431.303100586, -89.7970046997, 304.677154541, 100.230323792, 93.8232192993, 376.636810303, 33.886264801, -104.765640259, 3.3822619915, -1.86889588833, -63.0425453186, -119.785583496, -77.6130447388], [-716.745483398, -442.515930176, 200.009628296, 51.0187721252, -400.498260498, 33.886264801, 664.77923584, 9.89822101593, -48.7156333923, 319.255981445, 32.1686058044, 2.79623961449, 130.410171509], [378.047485352, 244.119766235, -182.91418457, -215.058578491, -104.424507141, -104.765640259, 9.89822101593, 362.840911865, 86.0225372314, -196.503997803, 32.8063697815, 10.2406892776, -75.5480880737], [-197.24508667, 86.9463729858, 58.1610336304, -40.8396339417, -2.49361205101, 3.3822619915, -48.7156333923, 86.0225372314, 173.739700317, -44.9551315308, -45.1798286438, -28.4932327271, -41.7750778198], [-628.709411621, -661.361877441, 192.234985352, 227.917404175, -184.423416138, -1.86889588833, 319.255981445, -196.503997803, -44.9551315308, 545.126586914, 65.8145065308, 29.3568248749, 167.848510742], [134.535385132, -24.0201835632, -219.31072998, -109.511047363, -26.5439758301, -63.0425453186, 32.1686058044, 32.8063697815, -45.1798286438, 65.8145065308, 219.701278687, 128.256622314, 45.0566444397], [276.624725342, -30.7970752716, -381.962890625, -189.836975098, -9.93623352051, -119.785583496, 2.79623961449, 10.2406892776, -28.4932327271, 29.3568248749, 128.256622314, 310.036529541, 160.11555481], [-389.557647705, -269.77822876, -39.7162513733, -13.7663154602, -121.537666321, -77.6130447388, 130.410171509, -75.5480880737, -41.7750778198, 167.848510742, 45.0566444397, 160.11555481, 290.238739014]],
