{
"lowlevel": {
    "average_loudness": 0.127517536283,
    "barkbands_crest": {
        "dmean": 2.08589553833,
        "dmean2": 3.24608564377,
        "dvar": 3.90099787712,
        "dvar2": 10.0577783585,
        "max": 25.4367465973,
        "mean": 10.962395668,
        "median": 10.2603740692,
        "min": 3.39567351341,
        "var": 15.1962823868
    },
    "barkbands_flatness_db": {
        "dmean": 0.0187296550721,
        "dmean2": 0.0281048379838,
        "dvar": 0.000299538049148,
        "dvar2": 0.00071354949614,
        "max": 0.494212120771,
        "mean": 0.242037981749,
        "median": 0.243986919522,
        "min": 0.0597450919449,
        "var": 0.00252228300087
    },
    "barkbands_kurtosis": {
        "dmean": 1.94046783447,
        "dmean2": 3.07402539253,
        "dvar": 16.8942928314,
        "dvar2": 49.9956703186,
        "max": 90.0821914673,
        "mean": 3.17490911484,
        "median": 1.54186868668,
        "min": -1.81578826904,
        "var": 39.607460022
    },
    "barkbands_skewness": {
        "dmean": 0.41632181406,
        "dmean2": 0.632647573948,
        "dvar": 0.209659904242,
        "dvar2": 0.574084222317,
        "max": 9.05949020386,
        "mean": 1.10613465309,
        "median": 0.900148868561,
        "min": -2.18800592422,
        "var": 1.2054913044
    },
    "barkbands_spread": {
        "dmean": 1.82512056828,
        "dmean2": 2.83191204071,
        "dvar": 8.04262161255,
        "dvar2": 23.3007621765,
        "max": 51.1565093994,
        "mean": 8.57370567322,
        "median": 7.27849006653,
        "min": 0.515766382217,
        "var": 24.9363594055
    },
    "dissonance": {
        "dmean": 0.0285251922905,
        "dmean2": 0.0478526577353,
        "dvar": 0.000632764422335,
        "dvar2": 0.00171026610769,
        "max": 0.499999940395,
        "mean": 0.42983981967,
        "median": 0.436130344868,
        "min": 0.201037064195,
        "var": 0.00173582485877
    },
    "dynamic_complexity": 6.50176000595,
    "erbbands_crest": {
        "dmean": 2.61907792091,
        "dmean2": 4.03882408142,
        "dvar": 5.93267726898,
        "dvar2": 13.837934494,
        "max": 30.1810626984,
        "mean": 12.415968895,
        "median": 11.4347381592,
        "min": 2.34104537964,
        "var": 22.3681030273
    },
    "erbbands_flatness_db": {
        "dmean": 0.014826213941,
        "dmean2": 0.0213405005634,
        "dvar": 0.000182202798896,
        "dvar2": 0.000358440855052,
        "max": 0.44076231122,
        "mean": 0.289849162102,
        "median": 0.296260774136,
        "min": 0.0527311526239,
        "var": 0.00370041187853
    },
    "erbbands_kurtosis": {
        "dmean": 0.933518350124,
        "dmean2": 1.40968823433,
        "dvar": 1.36232733727,
        "dvar2": 2.88536715508,
        "max": 42.3682174683,
        "mean": 1.35727477074,
        "median": 0.852155566216,
        "min": -1.77302062511,
        "var": 5.81320095062
    },
    "erbbands_skewness": {
        "dmean": 0.287478655577,
        "dmean2": 0.427683949471,
        "dvar": 0.0720205232501,
        "dvar2": 0.154134646058,
        "max": 5.64405918121,
        "mean": 0.569594442844,
        "median": 0.558311343193,
        "min": -2.97246837616,
        "var": 0.41215249896
    },
    "erbbands_spread": {
        "dmean": 3.11540293694,
        "dmean2": 4.74112701416,
        "dvar": 11.9196748734,
        "dvar2": 30.4523925781,
        "max": 115.162361145,
        "mean": 17.877746582,
        "median": 14.2771892548,
        "min": 1.8756275177,
        "var": 223.882110596
    },
    "hfc": {
        "dmean": 2.39820241928,
        "dmean2": 3.13969707489,
        "dvar": 18.6899871826,
        "dvar2": 30.7246665955,
        "max": 140.9896698,
        "mean": 8.78095626831,
        "median": 5.052526474,
        "min": 1.21142069781e-16,
        "var": 145.190979004
    },
    "melbands_crest": {
        "dmean": 2.41222000122,
        "dmean2": 3.8062684536,
        "dvar": 5.36959648132,
        "dvar2": 14.0894460678,
        "max": 32.2808456421,
        "mean": 13.2062768936,
        "median": 12.0299005508,
        "min": 2.14476680756,
        "var": 24.8117713928
    },
    "melbands_flatness_db": {
        "dmean": 0.0195901226252,
        "dmean2": 0.0282735992223,
        "dvar": 0.000391810754081,
        "dvar2": 0.000918542209547,
        "max": 0.579129040241,
        "mean": 0.281955718994,
        "median": 0.281844139099,
        "min": 0.00681069912389,
        "var": 0.00336473691277
    },
    "melbands_kurtosis": {
        "dmean": 3.97311854362,
        "dmean2": 6.52931308746,
        "dvar": 167.65411377,
        "dvar2": 526.925537109,
        "max": 294.75491333,
        "mean": 7.09822797775,
        "median": 2.33649611473,
        "min": -1.66095423698,
        "var": 392.902282715
    },
    "melbands_skewness": {
        "dmean": 0.494604885578,
        "dmean2": 0.761607050896,
        "dvar": 0.397489070892,
        "dvar2": 1.1430157423,
        "max": 13.7584514618,
        "mean": 1.47441470623,
        "median": 1.13047528267,
        "min": -1.71439301968,
        "var": 2.54381036758
    },
    "melbands_spread": {
        "dmean": 2.55868172646,
        "dmean2": 3.89745092392,
        "dvar": 9.77441501617,
        "dvar2": 21.7976264954,
        "max": 127.087310791,
        "mean": 12.6445713043,
        "median": 11.1833171844,
        "min": 0.63937330246,
        "var": 48.513217926
    },
    "pitch_salience": {
        "dmean": 0.0560148730874,
        "dmean2": 0.0888879150152,
        "dvar": 0.00263452902436,
        "dvar2": 0.00695788022131,
        "max": 0.842651247978,
        "mean": 0.52058660984,
        "median": 0.529147863388,
        "min": 0.0910693407059,
        "var": 0.0120093347505
    },
    "silence_rate_20dB": {
        "dmean": 0,
        "dmean2": 0,
        "dvar": 0,
        "dvar2": 0,
        "max": 1,
        "mean": 1,
        "median": 1,
        "min": 1,
        "var": 0
    },
    "silence_rate_30dB": {
        "dmean": 0.00574889639392,
        "dmean2": 0.0114989737049,
        "dvar": 0.00571621814743,
        "dvar2": 0.0125984344631,
        "max": 1,
        "mean": 0.989940464497,
        "median": 1,
        "min": 0,
        "var": 0.00995802972466
    },
    "silence_rate_60dB": {
        "dmean": 0.0503028444946,
        "dmean2": 0.100616015494,
        "dvar": 0.0477745905519,
        "dvar2": 0.104666665196,
        "max": 1,
        "mean": 0.267398893833,
        "median": 0,
        "min": 0,
        "var": 0.195908948779
    },
    "spectral_centroid": {
        "dmean": 103.407188416,
        "dmean2": 154.270477295,
        "dvar": 24922.375,
        "dvar2": 45477.109375,
        "max": 10924.0732422,
        "mean": 870.583129883,
        "median": 815.381958008,
        "min": 193.123474121,
        "var": 120619.109375
    },
    "spectral_complexity": {
        "dmean": 1.51442360878,
        "dmean2": 2.40903496742,
        "dvar": 2.37703204155,
        "dvar2": 5.03714847565,
        "max": 35,
        "mean": 10.3425378799,
        "median": 10,
        "min": 0,
        "var": 27.670589447
    },
    "spectral_decrease": {
        "dmean": 9.81890568852e-10,
        "dmean2": 1.27878563294e-09,
        "dvar": 3.88465605069e-18,
        "dvar2": 6.60754644362e-18,
        "max": 5.64340987685e-29,
        "mean": -3.43611739062e-09,
        "median": -1.73253744684e-09,
        "min": -6.76691058743e-08,
        "var": 2.93994382644e-17
    },
    "spectral_energy": {
        "dmean": 0.00390721997246,
        "dmean2": 0.00508566386998,
        "dvar": 6.01965075475e-05,
        "dvar2": 0.000101455130789,
        "max": 0.266457498074,
        "mean": 0.0137651478872,
        "median": 0.0070222960785,
        "min": 1.07749515943e-20,
        "var": 0.000461139599793
    },
    "spectral_energyband_high": {
        "dmean": 1.27297689687e-05,
        "dmean2": 1.78322643478e-05,
        "dvar": 1.57849944227e-09,
        "dvar2": 3.25942584034e-09,
        "max": 0.00139527954161,
        "mean": 3.1721949199e-05,
        "median": 7.80770096753e-06,
        "min": 7.86678166224e-21,
        "var": 6.31354213354e-09
    },
    "spectral_energyband_low": {
        "dmean": 0.000249326316407,
        "dmean2": 0.000393157009967,
        "dvar": 1.07033804397e-06,
        "dvar2": 3.11431813316e-06,
        "max": 0.0304051097482,
        "mean": 0.000483978859847,
        "median": 4.42528253188e-05,
        "min": 7.44284773604e-23,
        "var": 2.37058975472e-06
    },
    "spectral_energyband_middle_high": {
        "dmean": 0.00142121792305,
        "dmean2": 0.00208195555024,
        "dvar": 6.84739734425e-06,
        "dvar2": 1.46165975821e-05,
        "max": 0.0659342855215,
        "mean": 0.00394285470247,
        "median": 0.00245874142274,
        "min": 1.60381202804e-21,
        "var": 2.42502210313e-05
    },
    "spectral_energyband_middle_low": {
        "dmean": 0.00312843732536,
        "dmean2": 0.00398670695722,
        "dvar": 5.06035030412e-05,
        "dvar2": 8.69045325089e-05,
        "max": 0.258202075958,
        "mean": 0.00982662942261,
        "median": 0.00374697009102,
        "min": 2.03574063668e-22,
        "var": 0.000350222981069
    },
    "spectral_entropy": {
        "dmean": 0.139232695103,
        "dmean2": 0.202074363828,
        "dvar": 0.0172891207039,
        "dvar2": 0.035465311259,
        "max": 9.80294132233,
        "mean": 6.64215135574,
        "median": 6.60313510895,
        "min": 4.70554971695,
        "var": 0.224334388971
    },
    "spectral_flux": {
        "dmean": 0.011548012495,
        "dmean2": 0.0189536679536,
        "dvar": 0.000200041758944,
        "dvar2": 0.000512978062034,
        "max": 0.288061112165,
        "mean": 0.0367094166577,
        "median": 0.0295939333737,
        "min": 1.03802466622e-10,
        "var": 0.000831091951113
    },
    "spectral_kurtosis": {
        "dmean": 8.00974559784,
        "dmean2": 14.1279821396,
        "dvar": 58.9367752075,
        "dvar2": 176.972488403,
        "max": 100.294708252,
        "mean": 16.3918571472,
        "median": 13.4553546906,
        "min": -1.13448011875,
        "var": 142.839355469
    },
    "spectral_rms": {
        "dmean": 0.000435483612819,
        "dmean2": 0.000572028860915,
        "dvar": 3.0880084978e-07,
        "dvar2": 5.58136605378e-07,
        "max": 0.0161232296377,
        "mean": 0.00300409877673,
        "median": 0.00261744530872,
        "min": 3.24224436361e-12,
        "var": 4.40476514996e-06
    },
    "spectral_rolloff": {
        "dmean": 138.249572754,
        "dmean2": 235.897872925,
        "dvar": 84487.5625,
        "dvar2": 148935.359375,
        "max": 18906.1523438,
        "mean": 1016.34790039,
        "median": 947.4609375,
        "min": 64.599609375,
        "var": 233801.421875
    },
    "spectral_skewness": {
        "dmean": 0.592792630196,
        "dmean2": 1.0396296978,
        "dvar": 0.268639415503,
        "dvar2": 0.809408307076,
        "max": 7.623960495,
        "mean": 2.58305859566,
        "median": 2.43412399292,
        "min": 0.0333746634424,
        "var": 0.845601856709
    },
    "spectral_spread": {
        "dmean": 226906.40625,
        "dmean2": 371451.25,
        "dvar": 127973244928,
        "dvar2": 187032043520,
        "max": 38336724,
        "mean": 2249856.5,
        "median": 1948418.625,
        "min": 724989.9375,
        "var": 2.02035639091e+12
    },
    "spectral_strongpeak": {
        "dmean": 0.438814103603,
        "dmean2": 0.690868616104,
        "dvar": 0.464319080114,
        "dvar2": 1.1132133007,
        "max": 14.9227561951,
        "mean": 1.20725762844,
        "median": 0.947100400925,
        "min": 0,
        "var": 1.24907159805
    },
    "zerocrossingrate": {
        "dmean": 0.0038314613048,
        "dmean2": 0.0046244347468,
        "dvar": 3.86938190786e-05,
        "dvar2": 5.26195435668e-05,
        "max": 0.515625,
        "mean": 0.03916464746,
        "median": 0.0380859375,
        "min": 0.0029296875,
        "var": 0.000200441209017
    },
    "barkbands": {
        "dmean": [1.43527600471e-07, 1.18376347018e-05, 4.51865380455e-05, 0.000712759268936, 0.000587371643633, 0.000709515064955, 0.00153635325842, 0.000393158494262, 0.00016855787544, 0.000504977593664, 0.00082250701962, 0.000151020925841, 0.000120374032122, 0.000158907670993, 0.00010093547462, 6.24856693321e-05, 5.76463389734e-05, 2.79703526758e-05, 5.60764383408e-05, 1.72914315044e-05, 6.10189090366e-06, 2.72788724942e-06, 8.7257734549e-07, 4.72994315714e-07, 1.46015707969e-07, 4.56765896217e-08, 5.92599080917e-10],
        "dmean2": [2.32602431538e-07, 1.89877628145e-05, 6.99851298123e-05, 0.00115480076056, 0.000925801345147, 0.00083471252583, 0.00186171347741, 0.000533928279765, 0.000230944380746, 0.000755407032557, 0.00123963842634, 0.000218378743739, 0.000189437778317, 0.000218357425183, 0.000156718102517, 9.45682186284e-05, 8.76839185366e-05, 4.38319075329e-05, 8.74881952768e-05, 2.53072503256e-05, 8.92125535756e-06, 3.93645268559e-06, 1.26510872178e-06, 6.95538062701e-07, 2.15207151655e-07, 7.03653810774e-08, 1.10081366245e-09],
        "dvar": [4.10550567609e-14, 7.37228389447e-10, 2.2404330835e-08, 9.3461940196e-06, 3.33453249368e-06, 3.92392212234e-06, 1.97039662453e-05, 1.73382352386e-06, 1.31211749022e-07, 1.13651947231e-06, 3.35463664669e-06, 1.88143658875e-07, 1.02078260511e-07, 2.84365142988e-07, 9.09256954174e-08, 1.01886804771e-07, 4.50489103798e-08, 5.97845462025e-09, 1.56851200472e-07, 7.02417857212e-09, 3.24831161969e-10, 1.26064506056e-10, 1.1771519523e-11, 3.07619966826e-12, 3.97600572258e-13, 3.42508207668e-14, 1.75613421895e-18],
        "dvar2": [1.00500465968e-13, 1.1549748935e-09, 5.29655359571e-08, 2.6593937946e-05, 9.49147943174e-06, 5.16900126968e-06, 2.66269798885e-05, 2.37571907746e-06, 2.27526882668e-07, 2.55666691373e-06, 7.76245360612e-06, 3.38549853041e-07, 2.45650682018e-07, 6.17058617536e-07, 2.29593538847e-07, 2.51897120052e-07, 1.09154463246e-07, 1.36071358625e-08, 4.1552502239e-07, 1.24003323165e-08, 7.17623571678e-10, 2.86481949274e-10, 2.52127693723e-11, 6.53066186199e-12, 9.49613434761e-13, 8.12186215092e-14, 5.66761449614e-18],
        "max": [3.87703266824e-06, 0.00309202983044, 0.00776448426768, 0.114980682731, 0.0490319691598, 0.0923543721437, 0.216868758202, 0.0790900960565, 0.0114818625152, 0.0333704948425, 0.0524816922843, 0.0205826256424, 0.00953806657344, 0.0314288660884, 0.00960910320282, 0.0212346725166, 0.0106573076919, 0.0031028217636, 0.0152939306572, 0.00611272267997, 0.000603998778388, 0.000623697356787, 0.000192476029042, 8.20342393126e-05, 2.60231590801e-05, 8.21874891699e-06, 2.32101218245e-08],
        "mean": [2.03441516078e-07, 3.05859211949e-05, 0.000101759105746, 0.00133675453253, 0.00115512136836, 0.00188138033263, 0.00397140858695, 0.000754206441343, 0.000389272550819, 0.00104805326555, 0.00171046133619, 0.000280289998045, 0.000216933403863, 0.000290041672997, 0.000168194557773, 0.000116817893286, 0.000110795903311, 5.28760574525e-05, 9.70996406977e-05, 3.19013197441e-05, 1.27326120491e-05, 5.41841109225e-06, 1.67905295712e-06, 8.65059291755e-07, 2.46148630367e-07, 7.217013831e-08, 5.09984277031e-10],
        "median": [1.05859456312e-07, 6.58209273752e-06, 1.12148281914e-05, 2.54698970821e-05, 0.000148373568663, 0.000450148363598, 0.000949498382397, 0.000215403895709, 0.000172062020283, 0.000498163455632, 0.000687020714395, 8.75811892911e-05, 6.72055175528e-05, 5.55893275305e-05, 3.63912331522e-05, 2.36897813011e-05, 2.83403624053e-05, 2.0065530407e-05, 1.12881480163e-05, 5.16069030709e-06, 3.33479465553e-06, 1.2220195913e-06, 2.49701628263e-07, 1.20877530208e-07, 2.53508432024e-08, 2.72672151524e-09, 1.37283087676e-10],
        "min": [2.78712856631e-23, 3.86113933849e-23, 1.10986765576e-23, 1.38580236517e-23, 2.22377396381e-23, 1.69131651862e-23, 3.93372053711e-23, 4.87106652171e-23, 3.46692692703e-23, 7.97682074081e-23, 8.42885823434e-23, 6.78613744075e-23, 8.18143674458e-23, 8.29894041631e-23, 8.30572588228e-23, 1.92813016423e-22, 3.19823396074e-22, 1.72959646736e-22, 2.5792581011e-22, 3.1679204974e-22, 5.59678409707e-22, 4.41484882269e-22, 4.90042565269e-22, 1.03482061679e-21, 1.28217013719e-21, 1.58708646029e-21, 2.56299125912e-21],
        "var": [7.39726476687e-14, 3.05489251673e-08, 2.21715595217e-07, 2.80277909042e-05, 1.0601818758e-05, 2.46840863838e-05, 0.000117962816148, 6.34436992186e-06, 4.84629197217e-07, 2.68348367172e-06, 7.71302802605e-06, 5.99266115842e-07, 2.17233733224e-07, 7.29268379018e-07, 2.04891151157e-07, 2.16171372358e-07, 1.15655183208e-07, 1.40648310776e-08, 3.33975549438e-07, 1.72810104004e-08, 1.028281571e-09, 2.71380612427e-10, 3.19724316467e-11, 7.0785352406e-12, 6.92996116221e-13, 6.70836473936e-14, 1.39351064612e-18]
    },
    "erbbands": {
        "dmean": [0.000192465260625, 0.00391127029434, 0.0524092316628, 1.05645191669, 3.29210543633, 1.14832603931, 2.3714928627, 6.19632387161, 22.7278862, 13.3349285126, 7.36819982529, 3.54898715019, 12.8111562729, 29.6113262177, 17.5337791443, 5.83327960968, 5.47536945343, 4.59394788742, 7.0886387825, 4.57833766937, 2.82918739319, 3.49874520302, 1.82135629654, 1.37816894054, 3.32581090927, 0.575802445412, 0.367703288794, 0.153995215893, 0.104304522276, 0.0516974180937, 0.0259045399725, 0.0127195706591, 0.0064290612936, 0.00221481965855, 0.000849297910463, 0.000333226489602, 5.20565699844e-05, 1.39359974582e-06, 1.94809945242e-06, 4.45795149062e-06],
        "dmean2": [0.000332756491844, 0.00607822742313, 0.0808129310608, 1.70024204254, 5.40377902985, 1.66904318333, 2.81627297401, 7.52060747147, 28.8158588409, 15.8947782516, 9.68386936188, 4.84443998337, 18.7463245392, 45.8382263184, 25.4656848907, 8.10587787628, 8.47389030457, 6.69859933853, 9.96943950653, 6.99486875534, 4.19666576385, 5.37689256668, 2.83934164047, 2.11845469475, 5.10708808899, 0.837815105915, 0.539378523827, 0.22635230422, 0.151931330562, 0.0747868344188, 0.0385207980871, 0.0188931170851, 0.00950506236404, 0.0031900506001, 0.00129037059378, 0.000506225042045, 8.05919698905e-05, 2.107321734e-06, 2.51028518505e-06, 5.7959600781e-06],
        "dvar": [7.49096358277e-08, 9.79408505373e-05, 0.0278002973646, 20.288274765, 148.620483398, 8.27031230927, 71.2810897827, 303.894592285, 3905.67993164, 1869.3536377, 512.667358398, 52.9630393982, 751.828979492, 4981.30517578, 2257.88549805, 307.556793213, 194.772476196, 124.53024292, 503.020385742, 203.837661743, 124.722434998, 195.493682861, 27.4350013733, 30.1486587524, 627.536804199, 5.51325559616, 1.29700934887, 0.227195978165, 0.209690734744, 0.0447712764144, 0.0146058993414, 0.00241449661553, 0.0005514335935, 9.84413782135e-05, 1.02256590253e-05, 1.85336773484e-06, 4.85738311795e-08, 2.00823749991e-11, 1.40079666616e-11, 7.62613514005e-11],
        "dvar2": [2.083799302e-07, 0.000152080843691, 0.0682573392987, 58.7517204285, 446.468475342, 16.0653095245, 103.502082825, 467.370483398, 7210.04833984, 1868.54187012, 610.198852539, 92.7900161743, 1604.61047363, 11580.2148438, 5325.10205078, 500.042236328, 453.050476074, 253.62928772, 1165.45898438, 518.998596191, 282.74029541, 492.315704346, 61.1423492432, 75.6160964966, 1625.20654297, 10.3808813095, 2.86461424828, 0.49109557271, 0.507890701294, 0.0934559330344, 0.0361731685698, 0.00538538070396, 0.00121322891209, 0.000214705767576, 2.47308780672e-05, 4.48549963039e-06, 1.11633326583e-07, 4.43866228494e-11, 2.3001075003e-11, 1.27319016441e-10],
        "max": [0.0131452716887, 1.0960444212, 9.15868091583, 158.67137146, 354.64276123, 99.1474227905, 361.441955566, 817.139770508, 2080.84545898, 2523.72045898, 1373.16174316, 263.850372314, 719.340148926, 2154.39428711, 1427.67663574, 826.835205078, 411.771514893, 473.139587402, 1310.9786377, 538.424621582, 671.795898438, 753.546875, 220.401260376, 231.079177856, 1011.48754883, 145.475982666, 35.190536499, 19.0326786041, 30.0367183685, 9.38811302185, 7.30001497269, 2.04289698601, 0.941241919994, 0.397706508636, 0.11817830801, 0.0695982277393, 0.00664811348543, 0.000149510349729, 0.000129137348267, 0.000299512554193],
        "mean": [0.000344983505784, 0.010983238928, 0.129978373647, 1.97548866272, 5.97559690475, 2.63114929199, 6.17338037491, 16.1524410248, 56.5793609619, 35.0430641174, 16.5389022827, 8.81746864319, 27.3635807037, 60.0839729309, 37.3284111023, 11.9024858475, 10.3614406586, 9.15755081177, 14.2322864532, 8.55139064789, 6.08367061615, 6.77707576752, 3.67591834068, 2.7621011734, 5.64095878601, 1.22161138058, 0.775457680225, 0.326918244362, 0.206346109509, 0.102076634765, 0.0483832582831, 0.0240855310112, 0.0107788760215, 0.00369765050709, 0.00142061919905, 0.000567950308323, 8.31890502013e-05, 3.3108228763e-06, 7.09918640496e-06, 1.58595903486e-05],
        "median": [0.000169731443748, 0.00242783920839, 0.0140244383365, 0.0746699869633, 0.30257499218, 0.451426208019, 1.28369903564, 3.97047519684, 13.851858139, 8.93951225281, 6.55410432816, 4.22619533539, 12.672624588, 25.3321456909, 15.6488380432, 4.33400058746, 3.79911231995, 3.36234998703, 3.60925960541, 2.46753382683, 1.5943570137, 1.89405882359, 1.48952770233, 0.710504412651, 0.511546850204, 0.221585348248, 0.180588871241, 0.090545207262, 0.0519919916987, 0.0183799639344, 0.00645946338773, 0.0032450214494, 0.00147352495696, 0.00041839297046, 0.000147324986756, 3.74133305741e-05, 5.0484923122e-06, 1.01070827441e-06, 3.67845132132e-06, 8.19932665763e-06],
        "min": [1.86093706229e-21, 6.01067884055e-21, 1.47083327319e-20, 2.93823083879e-20, 6.60719432318e-20, 5.45312421101e-20, 1.44478519415e-19, 1.34251038601e-19, 3.94146392003e-19, 1.21247038174e-18, 6.38462457726e-19, 7.83684405716e-19, 1.98281458722e-18, 4.20923303766e-18, 1.50738105303e-18, 3.46660248462e-18, 3.89678582719e-18, 2.99809751863e-18, 4.85477223232e-18, 5.58945792237e-18, 1.55891897536e-17, 1.5998141231e-17, 9.78851870644e-18, 1.07954018255e-17, 1.51476324708e-17, 1.53992012561e-17, 1.97074440908e-17, 2.16151723919e-17, 2.00071266637e-17, 1.43448569951e-17, 1.38558931642e-17, 1.75391820209e-17, 1.92258347228e-17, 1.33726964365e-17, 9.62991675015e-18, 6.01178325591e-18, 2.98143706712e-18, 1.39126598813e-18, 3.50995584771e-19, 3.67366355048e-20],
        "var": [6.27917586371e-07, 0.00386108085513, 0.308914244175, 52.655872345, 429.72833252, 41.4399032593, 438.348297119, 1717.66711426, 20005.6523438, 11958.7529297, 2175.6574707, 213.938018799, 1982.1628418, 10209.7939453, 5290.50341797, 976.192138672, 463.845397949, 338.069152832, 1298.76977539, 464.807678223, 342.892944336, 458.007171631, 65.9992370605, 73.3769989014, 1304.66796875, 17.0062522888, 4.08886146545, 0.715796709061, 0.37329107523, 0.124428264797, 0.0261912979186, 0.00557164289057, 0.00109900068492, 0.000180188522791, 1.99694550247e-05, 3.65005689673e-06, 1.02950721725e-07, 6.29728491575e-11, 1.14873721646e-10, 5.94819526967e-10]
    },
    "gfcc": {
        "mean": [-162.023635864, 159.359725952, -176.7368927, -7.47196960449, -69.6080780029, -18.3712215424, -27.205783844, -10.6281328201, -15.0106019974, -15.7310228348, -4.24647712708, -8.96812152863, 2.77187132835],
        "cov": [[14805.5039062, 836.981445312, -2785.42651367, -557.438476562, -652.872924805, -1037.11987305, -382.71673584, -897.298095703, -48.079372406, -361.135070801, 139.424942017, -535.014404297, -184.837875366], [836.981445312, 1204.1192627, -224.794815063, -354.799224854, 140.377471924, -371.692016602, 157.150802612, -281.606109619, 65.113319397, -252.371810913, 107.170372009, -89.6856918335, 96.0394668579], [-2785.42651367, -224.794815063, 1085.57409668, 327.500030518, 152.777954102, 266.413452148, -59.0582771301, 163.52456665, -123.694099426, 59.8860549927, -165.02986145, 27.8133850098, -36.7419471741], [-557.438476562, -354.799224854, 327.500030518, 399.892456055, 54.2015266418, 193.834915161, -57.4440193176, 96.5295028687, -52.8622779846, 52.0223121643, -114.840751648, -41.5759620667, -67.9874725342], [-652.872924805, 140.377471924, 152.777954102, 54.2015266418, 178.320297241, 40.9852142334, 37.2674255371, 16.9896602631, -1.71527278423, -8.27423191071, -19.468542099, -25.1560916901, -6.45456123352], [-1037.11987305, -371.692016602, 266.413452148, 193.834915161, 40.9852142334, 317.447814941, 13.8677625656, 159.308074951, -20.0555992126, 84.2762069702, -60.6515312195, 34.7942008972, -22.4869308472], [-382.71673584, 157.150802612, -59.0582771301, -57.4440193176, 37.2674255371, 13.8677625656, 213.529006958, 41.973400116, 64.435546875, -9.00228404999, 61.09532547, 52.3383979797, 26.5361709595], [-897.298095703, -281.606109619, 163.52456665, 96.5295028687, 16.9896602631, 159.308074951, 41.973400116, 198.965148926, 24.865896225, 83.5908279419, -16.0962963104, 62.0751914978, -11.409444809], [-48.079372406, 65.113319397, -123.694099426, -52.8622779846, -1.71527278423, -20.0555992126, 64.435546875, 24.865896225, 140.787475586, 47.6706161499, 72.561164856, 38.5358009338, 29.1435680389], [-361.135070801, -252.371810913, 59.8860549927, 52.0223121643, -8.27423191071, 84.2762069702, -9.00228404999, 83.5908279419, 47.6706161499, 163.758285522, 30.5533828735, 43.8950424194, -14.3180198669], [139.424942017, 107.170372009, -165.02986145, -114.840751648, -19.468542099, -60.6515312195, 61.09532547, -16.0962963104, 72.561164856, 30.5533828735, 144.95098877, 62.3995285034, 43.7457962036], [-535.014404297, -89.6856918335, 27.8133850098, -41.5759620667, -25.1560916901, 34.7942008972, 52.3383979797, 62.0751914978, 38.5358009338, 43.8950424194, 62.3995285034, 148.351272583, 54.2888946533], [-184.837875366, 96.0394668579, -36.7419471741, -67.9874725342, -6.45456123352, -22.4869308472, 26.5361709595, -11.409444809, 29.1435680389, -14.3180198669, 43.7457962036, 54.2888946533, 98.0401000977]],
        "icov": [[0.000275059021078, -0.000469830614747, 0.000759975868277, -0.000469998572953, 0.000789167708717, -3.39931887083e-07, 0.000465720280772, 0.000137203911436, 0.000501847476698, -0.000386514584534, 0.000127932798932, 6.32104492979e-05, 0.000581779924687], [-0.000469830614747, 0.00652943272144, -0.00286449631676, 0.00337201496586, -0.00521131511778, 0.00268260017037, -0.00388074619696, 0.00359657546505, -0.00404376676306, 0.00566131062806, -0.00224652537145, 0.00358948810026, -0.00323236198165], [0.000759975868277, -0.00286449631676, 0.00433706212789, -0.00267890398391, 0.00186643644702, -0.000903499603737, 0.0023989926558, -0.00114070042036, 0.00343343266286, -0.0028976064641, 0.00213275640272, -0.00200611096807, 0.00185549014714], [-0.000469998572953, 0.00337201496586, -0.00267890398391, 0.00690925773233, -0.00335751194507, -0.00074834167026, -0.00152629322838, 0.00125503202435, -0.00271883769892, 0.00245255348273, 0.000372120499378, 0.00244028563611, -0.000586392474361], [0.000789167708717, -0.00521131511778, 0.00186643644702, -0.00335751194507, 0.0124979363754, -0.00221685366705, 0.00152018258814, -0.00193124194629, 0.00272396951914, -0.00391872040927, 0.000952679547481, 0.000413144240156, 0.00260620517656], [-3.39931887083e-07, 0.00268260017037, -0.000903499603737, -0.00074834167026, -0.00221685366705, 0.00853688921779, -0.00238886475563, -0.00190999975894, 1.29986610773e-05, 0.000419022311689, 0.000446793594165, 0.00130184763111, -0.00211254460737], [0.000465720280772, -0.00388074619696, 0.0023989926558, -0.00152629322838, 0.00152018258814, -0.00238886475563, 0.00987733714283, -0.00363443326205, 0.000142382676131, -0.000318988662912, -0.000914746022318, -0.00341347465292, 0.00318538956344], [0.000137203911436, 0.00359657546505, -0.00114070042036, 0.00125503202435, -0.00193124194629, -0.00190999975894, -0.00363443326205, 0.0142719782889, -0.00386500987224, 0.000565621710848, 0.00109455315396, -0.00120213627815, 0.000666517473292], [0.000501847476698, -0.00404376676306, 0.00343343266286, -0.00271883769892, 0.00272396951914, 1.29986610773e-05, 0.000142382676131, -0.00386500987224, 0.0154037438333, -0.00737040676177, -0.00142007868271, -0.00108465750236, -0.000418381736381], [-0.000386514584534, 0.00566131062806, -0.0028976064641, 0.00245255348273, -0.00391872040927, 0.000419022311689, -0.000318988662912, 0.000565621710848, -0.00737040676177, 0.016402957961, -0.00603383500129, 0.00173374428414, 0.000649368739687], [0.000127932798932, -0.00224652537145, 0.00213275640272, 0.000372120499378, 0.000952679547481, 0.000446793594165, -0.000914746022318, 0.00109455315396, -0.00142007868271, -0.00603383500129, 0.0166914556175, -0.00592218805104, -0.000588097143918], [6.32104492979e-05, 0.00358948810026, -0.00200611096807, 0.00244028563611, 0.000413144240156, 0.00130184763111, -0.00341347465292, -0.00120213627815, -0.00108465750236, 0.00173374428414, -0.00592218805104, 0.0166119839996, -0.00732744252309], [0.000581779924687, -0.00323236198165, 0.00185549014714, -0.000586392474361, 0.00260620517656, -0.00211254460737, 0.00318538956344, 0.000666517473292, -0.000418381736381, 0.000649368739687, -0.000588097143918, -0.00732744252309, 0.0181934367865]]
    },
    "melbands": {
        "dmean": [2.35224661083e-06, 1.41301770782e-05, 0.000280807144009, 0.000157464353833, 6.78902069922e-05, 0.000171503183083, 0.000332769617671, 0.000132257511723, 5.83834807912e-05, 2.08672445297e-05, 6.68347856845e-05, 0.000115345981612, 7.05244747223e-05, 2.44892526098e-05, 1.22848214232e-05, 1.48056660692e-05, 9.22326034924e-06, 1.38148361657e-05, 1.0503977137e-05, 5.20637286172e-06, 2.83310009763e-06, 4.19473326474e-06, 1.76566652499e-06, 1.31872968723e-06, 9.5900281849e-07, 3.08183166453e-06, 1.27308032916e-06, 2.85843185566e-07, 2.78154971056e-07, 1.72372182305e-07, 7.38188603577e-08, 7.29325222437e-08, 4.65618192891e-08, 2.31415793195e-08, 1.80772694591e-08, 1.03180477495e-08, 7.98901478305e-09, 5.21237630835e-09, 3.19210280431e-09, 1.66993774364e-09],
        "dmean2": [3.89515298593e-06, 2.13194689422e-05, 0.000459082279122, 0.000250435841735, 8.19263441372e-05, 0.000214366154978, 0.000406669394579, 0.000160510695423, 7.72339626565e-05, 2.84361431113e-05, 9.83230784186e-05, 0.000178501926712, 0.000104985636426, 3.51239323209e-05, 1.74302676896e-05, 2.33305654547e-05, 1.31267406687e-05, 1.90069931705e-05, 1.6314761524e-05, 7.98497057986e-06, 4.18524132328e-06, 6.4757355176e-06, 2.72609463536e-06, 2.02857518161e-06, 1.48810840983e-06, 4.82011364511e-06, 1.89921797755e-06, 4.23212441092e-07, 4.14343844568e-07, 2.55740701505e-07, 1.10809772025e-07, 1.11487835852e-07, 6.61361170273e-08, 3.44927784113e-08, 2.77045124619e-08, 1.5864111802e-08, 1.21288188382e-08, 7.97802268693e-09, 4.79703343714e-09, 2.47264408948e-09],
        "dvar": [1.87005601976e-11, 2.36486963345e-09, 1.2597845398e-06, 2.47078787652e-07, 5.19409759647e-08, 2.30019125524e-07, 8.49819457471e-07, 1.72315367308e-07, 2.70208584396e-08, 1.99943661627e-09, 2.13661408566e-08, 7.11992171887e-08, 2.50911682542e-08, 4.87417528561e-09, 1.78554737662e-09, 1.85220716542e-09, 6.44865327804e-10, 2.53367060665e-09, 1.06530040345e-09, 8.5666540528e-10, 1.00192430741e-10, 2.7972046901e-10, 3.09717355929e-11, 1.14809889026e-11, 1.79286897828e-11, 6.54990117699e-10, 4.21614236579e-11, 1.12948333412e-12, 8.73022465951e-13, 2.94303237379e-13, 5.36748786693e-14, 1.4306176415e-13, 5.17017459119e-14, 8.87726781733e-15, 9.45513910493e-15, 1.30298368886e-15, 1.08567770388e-15, 3.54608464014e-16, 2.07886753614e-16, 5.35452407002e-17],
        "dvar2": [3.66209423897e-11, 5.02588681783e-09, 3.65926234736e-06, 7.12227802069e-07, 7.36522025591e-08, 3.94288178995e-07, 1.34781407723e-06, 1.87674558561e-07, 3.35337837498e-08, 3.55033535904e-09, 4.67218299605e-08, 1.65464740576e-07, 5.78067691492e-08, 1.15413190116e-08, 3.15253601002e-09, 4.49373072087e-09, 1.26424826163e-09, 5.77818770608e-09, 2.7014099846e-09, 2.20070406343e-09, 2.08378259092e-10, 7.28700766395e-10, 6.19477594221e-11, 2.45191089654e-11, 4.14895132139e-11, 1.76059944401e-09, 8.30771770821e-11, 2.51901407719e-12, 1.92476698642e-12, 6.2989430295e-13, 1.22612708289e-13, 3.71605903601e-13, 9.37506162654e-14, 1.78742400248e-14, 2.45517869951e-14, 3.0814014653e-15, 2.53989732553e-15, 8.1925683109e-16, 4.62044878964e-16, 1.20042673955e-16],
        "max": [0.000425925682066, 0.00358369271271, 0.0404424406588, 0.0120746940374, 0.0110353222117, 0.0216435790062, 0.0388647355139, 0.0222626924515, 0.00898991711438, 0.00175598647911, 0.00411411793903, 0.00799859128892, 0.00378540717065, 0.00203571980819, 0.00285373162478, 0.00132565177046, 0.00120067794342, 0.00302244490013, 0.0010692588985, 0.00194267288316, 0.000432123197243, 0.00088947097538, 0.000329506350681, 0.000134212692501, 0.000234183913562, 0.000934686046094, 0.000382368132705, 4.07934239774e-05, 2.81291886495e-05, 1.6823214537e-05, 8.01248643256e-06, 2.68072162726e-05, 1.84133441508e-05, 6.46963644613e-06, 6.286239568e-06, 9.67704067989e-07, 1.26845077375e-06, 6.26910207302e-07, 6.3921788751e-07, 2.76855189441e-07],
        "mean": [5.26865778738e-06, 3.81360114261e-05, 0.000528703036252, 0.000305014720652, 0.000175078646862, 0.000433796376456, 0.000861367327161, 0.000329167232849, 0.000125777922221, 5.03102783114e-05, 0.000136428352562, 0.000233164973906, 0.000151617452502, 4.75775268569e-05, 2.18941568164e-05, 2.58994732576e-05, 1.70143175637e-05, 2.61853256234e-05, 1.67419311765e-05, 9.31832619244e-06, 5.81355243412e-06, 7.72657676862e-06, 3.5744080833e-06, 2.47506568485e-06, 1.77219999387e-06, 5.13833811056e-06, 2.07592324841e-06, 5.34613150194e-07, 5.54471455416e-07, 3.1703027048e-07, 1.39471751481e-07, 1.28558767187e-07, 8.34929849702e-08, 4.21570014453e-08, 3.0009310592e-08, 1.78951413687e-08, 1.34412072583e-08, 7.95762122863e-09, 4.8811927833e-09, 2.51667109374e-09],
        "median": [1.55710563376e-06, 5.09407072968e-06, 1.74172455445e-05, 3.05828434648e-05, 3.6799479858e-05, 0.000102238409454, 0.000221283378778, 7.68970639911e-05, 4.82534815092e-05, 2.19735084102e-05, 5.80133273616e-05, 9.94303700281e-05, 6.50532310829e-05, 1.48988456203e-05, 5.1291726777e-06, 6.31170678389e-06, 4.78510992252e-06, 5.00220176036e-06, 3.20798903886e-06, 1.99297574e-06, 1.3004723769e-06, 1.82418489203e-06, 1.34039896693e-06, 9.39147639656e-07, 3.99597468004e-07, 3.33789614615e-07, 3.00441286072e-07, 8.77856649595e-08, 1.09330422049e-07, 7.72371180346e-08, 3.53380258389e-08, 3.0331513301e-08, 1.38441631492e-08, 6.72412303615e-09, 3.53174645085e-09, 2.02494310209e-09, 1.78045578281e-09, 1.02415254055e-09, 5.24560728188e-10, 2.40652830996e-10],
        "min": [1.48528908491e-23, 7.63257714567e-24, 6.14110623116e-24, 4.70827450318e-24, 4.15109534051e-24, 3.0541842518e-24, 6.33595684691e-24, 1.35333395471e-23, 4.78825592707e-24, 4.90021027788e-24, 9.56194711525e-24, 1.62541286978e-23, 7.52400858587e-24, 4.30404048167e-24, 1.31446654125e-23, 6.10423763347e-24, 5.62626996644e-24, 8.65042307243e-24, 5.36062973407e-24, 9.47639436122e-24, 2.05124755949e-23, 1.86651716141e-23, 1.05523051838e-23, 7.46152133585e-24, 8.88943924925e-24, 8.80064348803e-24, 1.37274229956e-23, 8.5884990691e-24, 1.45999883538e-23, 9.43070195987e-24, 1.26854765794e-23, 1.20923028769e-23, 7.04602040846e-24, 8.83634181058e-24, 7.6773599904e-24, 7.06143080624e-24, 1.26144893531e-23, 1.45746028099e-23, 1.13708832682e-23, 1.12668901016e-23],
        "var": [5.83097958806e-10, 4.32974935904e-08, 3.78723552785e-06, 7.46533885376e-07, 3.46501110471e-07, 1.21593166114e-06, 4.87430406793e-06, 1.04359503439e-06, 1.10999032188e-07, 8.17322654001e-09, 5.2912120907e-08, 1.47063786926e-07, 6.16749034066e-08, 1.13119398293e-08, 5.96934723873e-09, 3.7295486699e-09, 1.70578506875e-09, 6.26976470741e-09, 2.35546249172e-09, 1.54554669063e-09, 3.19796050752e-10, 6.35781649549e-10, 8.1459859691e-11, 2.67765930956e-11, 3.97997364232e-11, 1.37099720465e-09, 8.79119416153e-11, 2.87060197661e-12, 2.65094001438e-12, 7.23312794208e-13, 1.39836669262e-13, 1.79443103172e-13, 1.37535436599e-13, 2.58716659207e-14, 1.28912527693e-14, 3.0240581818e-15, 2.06061495551e-15, 6.21091461376e-16, 3.47389625721e-16, 9.27536480574e-17]
    },
    "mfcc": {
        "mean": [-777.906433105, 175.912826538, -44.3452911377, -2.02404069901, -25.3357944489, -16.6055316925, -11.436044693, -5.8749127388, -6.75717496872, -10.0547065735, -10.0351524353, -6.39110851288, -2.30708026886],
        "cov": [[10279.2011719, 1843.0982666, -1865.48913574, 183.06111145, -1026.23583984, -310.056640625, -667.824645996, -492.587890625, -524.358032227, -207.838760376, -350.162261963, -143.821792603, -101.052230835], [1843.0982666, 1587.59667969, -313.349487305, -156.656188965, -213.173812866, -274.615478516, -110.642745972, -125.287750244, -93.3496704102, -186.142303467, -128.540176392, -108.71131134, -59.2032699585], [-1865.48913574, -313.349487305, 659.512634277, 49.3843536377, 255.147781372, 97.0896682739, 112.395393372, 72.2491760254, 61.02866745, 41.5522499084, -23.5276508331, -54.5557060242, -20.6596736908], [183.06111145, -156.656188965, 49.3843536377, 238.928787231, 46.8401794434, 75.9557418823, 2.23806166649, -23.0468540192, -4.06375169754, 43.3280601501, -17.6039180756, -31.8819293976, -10.5503578186], [-1026.23583984, -213.173812866, 255.147781372, 46.8401794434, 260.538116455, 79.6241989136, 67.4982452393, 27.4865684509, 34.5225524902, 58.2354660034, 0.866312801838, -24.3502407074, -14.3768625259], [-310.056640625, -274.615478516, 97.0896682739, 75.9557418823, 79.6241989136, 174.35559082, 54.6482276917, 28.3936386108, 37.7184143066, 52.0208854675, 29.6049690247, 7.99737119675, 2.95545387268], [-667.824645996, -110.642745972, 112.395393372, 2.23806166649, 67.4982452393, 54.6482276917, 155.510543823, 77.1293487549, 55.9910888672, 22.7350749969, 36.1604728699, 24.202041626, 12.7087974548], [-492.587890625, -125.287750244, 72.2491760254, -23.0468540192, 27.4865684509, 28.3936386108, 77.1293487549, 147.235107422, 77.677696228, -1.31936717033, 49.5632133484, 45.9932746887, 9.97448158264], [-524.358032227, -93.3496704102, 61.02866745, -4.06375169754, 34.5225524902, 37.7184143066, 55.9910888672, 77.677696228, 133.592254639, 25.6657314301, 58.0650863647, 40.5713310242, 4.89524364471], [-207.838760376, -186.142303467, 41.5522499084, 43.3280601501, 58.2354660034, 52.0208854675, 22.7350749969, -1.31936717033, 25.6657314301, 121.065467834, 40.4440422058, 2.16112852097, 14.0073060989], [-350.162261963, -128.540176392, -23.5276508331, -17.6039180756, 0.866312801838, 29.6049690247, 36.1604728699, 49.5632133484, 58.0650863647, 40.4440422058, 151.77204895, 84.0393600464, 33.5167732239], [-143.821792603, -108.71131134, -54.5557060242, -31.8819293976, -24.3502407074, 7.99737119675, 24.202041626, 45.9932746887, 40.5713310242, 2.16112852097, 84.0393600464, 132.902114868, 50.214630127], [-101.052230835, -59.2032699585, -20.6596736908, -10.5503578186, -14.3768625259, 2.95545387268, 12.7087974548, 9.97448158264, 4.89524364471, 14.0073060989, 33.5167732239, 50.214630127, 102.621818542]],
