{
"lowlevel": {
    "average_loudness": 0.61611533165,
    "barkbands_crest": {
        "dmean": 2.31489133835,
        "dmean2": 3.65725708008,
        "dvar": 5.41440963745,
        "dvar2": 13.2117090225,
        "max": 26.5189437866,
        "mean": 13.6444740295,
        "median": 12.7328805923,
        "min": 3.33071947098,
        "var": 24.7142848969
    },
    "barkbands_flatness_db": {
        "dmean": 0.0229850150645,
        "dmean2": 0.0362198390067,
        "dvar": 0.000658353383187,
        "dvar2": 0.00154542340897,
        "max": 0.541237652302,
        "mean": 0.302263706923,
        "median": 0.307860374451,
        "min": 0.0270012039691,
        "var": 0.00466117169708
    },
    "barkbands_kurtosis": {
        "dmean": 10.2274160385,
        "dmean2": 16.5723934174,
        "dvar": 1213.4041748,
        "dvar2": 2884.10644531,
        "max": 1227.37158203,
        "mean": 18.2820091248,
        "median": 6.43159294128,
        "min": -1.90253329277,
        "var": 1596.38415527
    },
    "barkbands_skewness": {
        "dmean": 0.734084546566,
        "dmean2": 1.14502441883,
        "dvar": 1.30008625984,
        "dvar2": 3.07327651978,
        "max": 26.2842082977,
        "mean": 2.37591648102,
        "median": 2.00171232224,
        "min": -2.18239283562,
        "var": 4.6659693718
    },
    "barkbands_spread": {
        "dmean": 1.9301211834,
        "dmean2": 2.91173768044,
        "dvar": 16.627117157,
        "dvar2": 39.317325592,
        "max": 125.873321533,
        "mean": 8.14029693604,
        "median": 5.34885597229,
        "min": 0.0894484966993,
        "var": 80.4656524658
    },
    "dissonance": {
        "dmean": 0.0324645675719,
        "dmean2": 0.0549332909286,
        "dvar": 0.0010371839162,
        "dvar2": 0.00289334030822,
        "max": 0.499999821186,
        "mean": 0.390545099974,
        "median": 0.401907891035,
        "min": 0.0994831547141,
        "var": 0.00426136795431
    },
    "dynamic_complexity": 5.56523656845,
    "erbbands_crest": {
        "dmean": 2.54791426659,
        "dmean2": 3.99431180954,
        "dvar": 6.39724445343,
        "dvar2": 15.7441034317,
        "max": 31.9733810425,
        "mean": 14.1139669418,
        "median": 13.2976379395,
        "min": 2.37174057961,
        "var": 30.8736820221
    },
    "erbbands_flatness_db": {
        "dmean": 0.0173665229231,
        "dmean2": 0.0265309307724,
        "dvar": 0.000405682483688,
        "dvar2": 0.000905328837689,
        "max": 0.473043382168,
        "mean": 0.305172741413,
        "median": 0.316362529993,
        "min": 0.031317025423,
        "var": 0.00507451966405
    },
    "erbbands_kurtosis": {
        "dmean": 3.13678073883,
        "dmean2": 4.97663164139,
        "dvar": 71.8416290283,
        "dvar2": 167.841827393,
        "max": 210.498153687,
        "mean": 5.35150051117,
        "median": 1.89965391159,
        "min": -1.90454423428,
        "var": 145.582260132
    },
    "erbbands_skewness": {
        "dmean": 0.472058385611,
        "dmean2": 0.717363536358,
        "dvar": 0.360280305147,
        "dvar2": 0.766189754009,
        "max": 11.2469234467,
        "mean": 1.3228136301,
        "median": 1.06289076805,
        "min": -2.31510400772,
        "var": 2.20297718048
    },
    "erbbands_spread": {
        "dmean": 4.35307502747,
        "dmean2": 6.67791128159,
        "dvar": 41.4707832336,
        "dvar2": 88.6813049316,
        "max": 128.432922363,
        "mean": 23.1455726624,
        "median": 16.8175506592,
        "min": 0.77323538065,
        "var": 330.46697998
    },
    "hfc": {
        "dmean": 2.38769745827,
        "dmean2": 3.50240373611,
        "dvar": 30.6502799988,
        "dvar2": 73.2107315063,
        "max": 93.6038894653,
        "mean": 9.24883556366,
        "median": 4.61229324341,
        "min": 1.082075061e-16,
        "var": 143.511764526
    },
    "melbands_crest": {
        "dmean": 2.91713118553,
        "dmean2": 4.65769290924,
        "dvar": 8.45198631287,
        "dvar2": 21.6715488434,
        "max": 35.2465057373,
        "mean": 17.039182663,
        "median": 16.2379589081,
        "min": 1.66521787643,
        "var": 38.7053222656
    },
    "melbands_flatness_db": {
        "dmean": 0.0228416360915,
        "dmean2": 0.0344114080071,
        "dvar": 0.000707502476871,
        "dvar2": 0.00153141247574,
        "max": 0.621420264244,
        "mean": 0.370286077261,
        "median": 0.3766669631,
        "min": 0.00279735517688,
        "var": 0.00845641735941
    },
    "melbands_kurtosis": {
        "dmean": 9.64194202423,
        "dmean2": 15.3646459579,
        "dvar": 395.348602295,
        "dvar2": 999.231445312,
        "max": 406.241516113,
        "mean": 22.4617729187,
        "median": 11.0866241455,
        "min": -1.56130850315,
        "var": 1072.35681152
    },
    "melbands_skewness": {
        "dmean": 0.655653297901,
        "dmean2": 1.0143802166,
        "dvar": 0.646153271198,
        "dvar2": 1.57980465889,
        "max": 15.1319713593,
        "mean": 2.71393036842,
        "median": 2.4101858139,
        "min": -1.1625084877,
        "var": 4.16404724121
    },
    "melbands_spread": {
        "dmean": 2.56510353088,
        "dmean2": 3.82648563385,
        "dvar": 24.4784393311,
        "dvar2": 50.5108757019,
        "max": 161.993438721,
        "mean": 12.4289674759,
        "median": 6.80276298523,
        "min": 0.210487410426,
        "var": 451.62902832
    },
    "pitch_salience": {
        "dmean": 0.0687693655491,
        "dmean2": 0.109126985073,
        "dvar": 0.00487878266722,
        "dvar2": 0.0124050797895,
        "max": 0.936766386032,
        "mean": 0.529992520809,
        "median": 0.541426301003,
        "min": 0.0679177567363,
        "var": 0.0192126967013
    },
    "silence_rate_20dB": {
        "dmean": 0,
        "dmean2": 0,
        "dvar": 0,
        "dvar2": 0,
        "max": 1,
        "mean": 1,
        "median": 1,
        "min": 1,
        "var": 0
    },
    "silence_rate_30dB": {
        "dmean": 0.0117746004835,
        "dmean2": 0.0235541537404,
        "dvar": 0.0116356341168,
        "dvar2": 0.0263647977263,
        "max": 1,
        "mean": 0.989278972149,
        "median": 1,
        "min": 0,
        "var": 0.0106057105586
    },
    "silence_rate_60dB": {
        "dmean": 0.0340622365475,
        "dmean2": 0.0681388005614,
        "dvar": 0.032901506871,
        "dvar2": 0.0723263770342,
        "max": 1,
        "mean": 0.190666392446,
        "median": 0,
        "min": 0,
        "var": 0.15430906415
    },
    "spectral_centroid": {
        "dmean": 107.681228638,
        "dmean2": 160.911148071,
        "dvar": 64036.359375,
        "dvar2": 109201.242188,
        "max": 11995.5205078,
        "mean": 932.124267578,
        "median": 533.124511719,
        "min": 165.299942017,
        "var": 2717859
    },
    "spectral_complexity": {
        "dmean": 0.918418824673,
        "dmean2": 1.53606724739,
        "dvar": 0.982401549816,
        "dvar2": 2.25080513954,
        "max": 21,
        "mean": 7.42926216125,
        "median": 7,
        "min": 0,
        "var": 17.0750694275
    },
    "spectral_decrease": {
        "dmean": 1.63882507564e-09,
        "dmean2": 2.54423637713e-09,
        "dvar": 2.41293994443e-17,
        "dvar2": 5.94013684172e-17,
        "max": 1.8320826282e-28,
        "mean": -4.34984093189e-09,
        "median": -2.81587486661e-09,
        "min": -9.05193786593e-08,
        "var": 3.42351659039e-17
    },
    "spectral_energy": {
        "dmean": 0.00638618553057,
        "dmean2": 0.00989707093686,
        "dvar": 0.000361689453712,
        "dvar2": 0.00089033099357,
        "max": 0.350130468607,
        "mean": 0.0172562208027,
        "median": 0.0111294751987,
        "min": 1.00688616609e-20,
        "var": 0.00052685738774
    },
    "spectral_energyband_high": {
        "dmean": 3.37276742357e-06,
        "dmean2": 4.37924609287e-06,
        "dvar": 3.24599264134e-10,
        "dvar2": 5.2922699556e-10,
        "max": 0.000821549270768,
        "mean": 7.22485265214e-06,
        "median": 1.31493993649e-06,
        "min": 7.11682126792e-21,
        "var": 1.39582145842e-09
    },
    "spectral_energyband_low": {
        "dmean": 0.000196411710931,
        "dmean2": 0.000286616239464,
        "dvar": 2.91283356546e-07,
        "dvar2": 5.00909152379e-07,
        "max": 0.0275340899825,
        "mean": 0.000568381219637,
        "median": 0.000107737891085,
        "min": 1.70587920647e-23,
        "var": 2.0589484393e-06
    },
    "spectral_energyband_middle_high": {
        "dmean": 0.00064302975079,
        "dmean2": 0.000807585427538,
        "dvar": 2.90973912342e-06,
        "dvar2": 5.53350082555e-06,
        "max": 0.058502998203,
        "mean": 0.00298290210776,
        "median": 0.00048323039664,
        "min": 1.16907610956e-21,
        "var": 4.12865229009e-05
    },
    "spectral_energyband_middle_low": {
        "dmean": 0.00612587668002,
        "dmean2": 0.00960908550769,
        "dvar": 0.000359423167538,
        "dvar2": 0.000884577864781,
        "max": 0.349412739277,
        "mean": 0.0141871562228,
        "median": 0.00925973057747,
        "min": 1.76566394525e-22,
        "var": 0.000451374595286
    },
    "spectral_entropy": {
        "dmean": 0.175665423274,
        "dmean2": 0.270701348782,
        "dvar": 0.0521947816014,
        "dvar2": 0.114532783628,
        "max": 9.82103252411,
        "mean": 6.00188589096,
        "median": 5.88938140869,
        "min": 3.63890790939,
        "var": 0.698308169842
    },
    "spectral_flux": {
        "dmean": 0.018720863387,
        "dmean2": 0.030884610489,
        "dvar": 0.00120352662634,
        "dvar2": 0.00312249897979,
        "max": 0.424735099077,
        "mean": 0.041225168854,
        "median": 0.030160151422,
        "min": 6.42816841423e-11,
        "var": 0.00181666796561
    },
    "spectral_kurtosis": {
        "dmean": 10.0275144577,
        "dmean2": 17.0261211395,
        "dvar": 106.917579651,
        "dvar2": 304.393005371,
        "max": 142.265258789,
        "mean": 22.8596401215,
        "median": 17.7029266357,
        "min": -1.27221870422,
        "var": 385.348052979
    },
    "spectral_rms": {
        "dmean": 0.000589903793298,
        "dmean2": 0.000873824814335,
        "dvar": 1.15955867841e-06,
        "dvar2": 2.56593716585e-06,
        "max": 0.0184821728617,
        "mean": 0.00350130465813,
        "median": 0.00329515174963,
        "min": 3.13421120654e-12,
        "var": 4.57623445982e-06
    },
    "spectral_rolloff": {
        "dmean": 160.758529663,
        "dmean2": 278.257995605,
        "dvar": 374283.6875,
        "dvar2": 721504.75,
        "max": 19487.5488281,
        "mean": 1202.86950684,
        "median": 473.73046875,
        "min": 21.533203125,
        "var": 8428496
    },
    "spectral_skewness": {
        "dmean": 0.710682809353,
        "dmean2": 1.19712817669,
        "dvar": 0.401198983192,
        "dvar2": 1.14671885967,
        "max": 10.0146741867,
        "mean": 3.0501563549,
        "median": 2.76891565323,
        "min": -0.103269293904,
        "var": 2.40484642982
    },
    "spectral_spread": {
        "dmean": 363861.59375,
        "dmean2": 593750.5,
        "dvar": 938253942784,
        "dvar2": 1.82118501581e+12,
        "max": 49425280,
        "mean": 3150029.75,
        "median": 1905958.375,
        "min": 633644.8125,
        "var": 3.65041937285e+13
    },
    "spectral_strongpeak": {
        "dmean": 0.376204103231,
        "dmean2": 0.599891126156,
        "dvar": 0.384420245886,
        "dvar2": 0.93797904253,
        "max": 10.4056787491,
        "mean": 1.17597925663,
        "median": 0.734405517578,
        "min": 0,
        "var": 1.65560269356
    },
    "zerocrossingrate": {
        "dmean": 0.00417544133961,
        "dmean2": 0.00518974661827,
        "dvar": 0.000110962908366,
        "dvar2": 0.000151993590407,
        "max": 0.52099609375,
        "mean": 0.0411712341011,
        "median": 0.0244140625,
        "min": 0.00048828125,
        "var": 0.00586489355192
    },
    "barkbands": {
        "dmean": [2.14244882955e-05, 1.80499664566e-05, 5.12148435519e-05, 0.000300992658595, 0.00457269325852, 0.00129811291117, 0.000420424534241, 0.000279421801679, 0.000447646336397, 0.000280721636955, 0.000323058775393, 6.83714752086e-05, 5.1970644563e-05, 9.4001297839e-06, 2.21913142013e-05, 3.72019349015e-05, 7.88947509136e-05, 8.87664136826e-05, 3.81697864213e-05, 1.12377483674e-06, 6.14501857399e-07, 5.24197560026e-07, 8.5130949401e-07, 1.17116701404e-06, 4.72214765068e-07, 6.01584559945e-08, 6.66089794432e-10],
        "dmean2": [3.92629663111e-05, 3.18186976074e-05, 7.51879852032e-05, 0.000445566867711, 0.00747885461897, 0.00196601776406, 0.000593386066612, 0.000360809412086, 0.000575832847971, 0.000358339457307, 0.000401554687414, 9.50916219153e-05, 6.79192235111e-05, 1.39042031151e-05, 3.53242467099e-05, 5.77453793085e-05, 0.000117892610433, 0.000126331375213, 5.81694766879e-05, 1.71567739926e-06, 8.8732332415e-07, 7.78336072926e-07, 1.13822522962e-06, 1.64942343872e-06, 7.12514577117e-07, 1.0278419893e-07, 1.23457122303e-09],
        "dvar": [9.83239933916e-10, 7.65333518782e-10, 1.73564558281e-08, 5.84997849273e-07, 0.000275368103758, 2.03987674467e-05, 1.43575528e-06, 5.97170583205e-07, 1.54672397912e-06, 1.08846131752e-06, 1.68634517195e-06, 8.8189096914e-08, 7.49284509993e-08, 2.24627005885e-09, 6.96132751443e-09, 3.56755904818e-08, 7.28574960362e-08, 5.48923075883e-08, 1.58771378267e-08, 1.55535254814e-11, 7.38733726968e-12, 1.76906145982e-11, 4.45380329839e-11, 5.73769816381e-11, 1.52105775891e-11, 8.01286527364e-14, 2.05867015132e-18],
        "dvar2": [2.92068436103e-09, 2.30981456184e-09, 3.32078506915e-08, 1.14653039418e-06, 0.00068144092802, 4.68511825602e-05, 2.7329808745e-06, 1.1246527265e-06, 2.75027241514e-06, 1.7510969883e-06, 3.22539221997e-06, 1.75642810518e-07, 1.13425421944e-07, 5.31019317407e-09, 1.84370936296e-08, 9.04905306243e-08, 1.67815315422e-07, 1.15657030619e-07, 4.07665190494e-08, 3.67782332367e-11, 1.31089574959e-11, 3.97643168393e-11, 9.27501825343e-11, 9.90591705885e-11, 3.24083641867e-11, 2.04496142242e-13, 6.7250532399e-18],
        "max": [0.000548163428903, 0.000578589504585, 0.00399277219549, 0.0368916019797, 0.336510419846, 0.101464368403, 0.0473015643656, 0.0192424766719, 0.049783360213, 0.0531276464462, 0.0358476638794, 0.0147644765675, 0.0113071734086, 0.00201862351969, 0.00174148811493, 0.006100687664, 0.00955830328166, 0.00744197238237, 0.00435784552246, 0.000118155578093, 0.000156879934366, 0.000237409738475, 0.000275526806945, 0.000392601301428, 0.00025875880965, 1.02516587503e-05, 2.03593870651e-08],
        "mean": [2.02413339139e-05, 2.54464230238e-05, 0.000144513818668, 0.000852316094097, 0.00716492533684, 0.00231290236115, 0.00124656374101, 0.000791889149696, 0.00143261160702, 0.00105297507253, 0.00101000536233, 0.000214004758163, 0.000152553519001, 1.75714449142e-05, 4.29194806202e-05, 8.82760650711e-05, 0.000227465483476, 0.000324303517118, 0.000125878112158, 2.2144417926e-06, 1.11026849936e-06, 9.03606178326e-07, 1.43134741393e-06, 2.45197952609e-06, 6.8851488777e-07, 5.77627901066e-08, 5.54974066702e-10],
        "median": [1.05738108687e-05, 1.49419101945e-05, 1.5711717424e-05, 0.000243783622864, 0.00314103555866, 0.000730498461053, 0.000416946422774, 8.7465334218e-05, 0.00012517835421, 6.2065977545e-05, 1.96664113901e-05, 7.05460934114e-06, 3.18919251185e-06, 1.62488186106e-06, 2.34742310568e-06, 7.702307812e-06, 1.79073176696e-05, 2.49730474025e-05, 1.15928705782e-05, 5.54384712359e-07, 2.00483242452e-07, 1.796215372e-07, 1.31924792868e-07, 1.87088957659e-07, 2.87928720866e-08, 5.0611350666e-09, 1.57555093971e-10],
        "min": [4.45826269004e-25, 2.43476475256e-24, 1.31894220276e-24, 8.1969442117e-25, 8.34488935523e-24, 7.16879162e-24, 4.63589690956e-24, 1.77958697735e-24, 9.66610199829e-24, 1.42623700858e-23, 7.06737171772e-24, 1.31413529856e-23, 2.5459102054e-23, 2.86974123575e-23, 5.09352340372e-23, 4.57679868487e-23, 7.78812836772e-23, 9.84399455004e-23, 1.28893523161e-22, 1.56849920604e-22, 2.18161086304e-22, 3.15433593396e-22, 3.99331058502e-22, 5.84356503177e-22, 8.63376428649e-22, 1.27207039519e-21, 2.01055476923e-21],
        "var": [1.09806630455e-09, 1.28132637833e-09, 1.27468481992e-07, 3.46597494172e-06, 0.000289065705147, 3.06217225443e-05, 9.58552936936e-06, 3.02481112158e-06, 1.42428507388e-05, 1.43526685861e-05, 1.10853707156e-05, 8.09038908756e-07, 6.63198193251e-07, 5.7223497052e-09, 1.93977403029e-08, 1.45357546444e-07, 4.47490663191e-07, 6.04732917964e-07, 1.45529625684e-07, 3.47405298973e-11, 2.87187391923e-11, 2.60867438762e-11, 9.97334020925e-11, 2.3357518697e-10, 5.10800672593e-11, 8.99960783522e-14, 1.50463781192e-18]
    },
    "erbbands": {
        "dmean": [0.000699298630934, 0.00426400173455, 0.0416964329779, 0.578233897686, 3.00647640228, 18.8726997375, 26.5755367279, 6.25180387497, 6.92854976654, 3.96623635292, 7.00932455063, 12.1699924469, 7.19520568848, 15.0009050369, 5.85147714615, 2.68958067894, 2.38712048531, 0.623192548752, 0.529530465603, 1.71789014339, 2.21574568748, 3.60236167908, 5.11995458603, 3.26506638527, 0.532109200954, 0.0557266063988, 0.0267128795385, 0.0233084838837, 0.0173594132066, 0.0224624574184, 0.0241893250495, 0.0289059057832, 0.0158185530454, 0.00852370634675, 0.00136437884066, 0.000426146143582, 8.02359281806e-05, 2.07897755899e-06, 3.02928697238e-06, 7.09691539669e-06],
        "dmean2": [0.00123422953766, 0.00749090127647, 0.0625094547868, 0.846178293228, 4.69078636169, 30.1484947205, 43.3811302185, 9.51617336273, 9.93387985229, 5.42186975479, 9.11015987396, 15.8194732666, 9.20962333679, 19.3348884583, 7.31160640717, 3.86376261711, 3.1033847332, 0.902603447437, 0.831647515297, 2.67934775352, 3.38495111465, 5.36937618256, 7.31121921539, 4.75585651398, 0.755306243896, 0.0827142000198, 0.038590669632, 0.0343935154378, 0.0259928293526, 0.0336739420891, 0.0322177149355, 0.0388006344438, 0.0226595643908, 0.0125722410157, 0.00218853820115, 0.000711145228706, 0.000138079121825, 3.42623525285e-06, 4.63384594696e-06, 1.09716775114e-05],
        "dvar": [1.43059116908e-06, 3.7586880353e-05, 0.00881804525852, 2.34270429611, 28.1236953735, 4729.88671875, 11262.9326172, 270.211639404, 429.404754639, 71.9261932373, 387.435119629, 1172.30554199, 706.543518066, 3317.91772461, 431.808868408, 121.68875885, 148.820129395, 7.75612068176, 4.62716388702, 53.8912849426, 98.8282089233, 121.62109375, 192.586517334, 103.198051453, 2.20165586472, 0.0284894257784, 0.016884740442, 0.00903011765331, 0.0126473456621, 0.0867087543011, 0.030386896804, 0.0328501276672, 0.0125129790977, 0.00628463504836, 6.82070531184e-05, 4.54191876997e-06, 1.59610081596e-07, 7.05041650062e-11, 7.48478085066e-11, 4.38076158682e-10],
        "dvar2": [4.07750849263e-06, 0.000114325157483, 0.0164007209241, 4.2715382576, 77.5373458862, 11435.1425781, 28329.296875, 663.067626953, 869.809448242, 134.231933594, 743.789306641, 2212.0715332, 1366.21618652, 6650.79052734, 763.213745117, 283.505401611, 227.208724976, 17.9143180847, 10.7442770004, 129.767028809, 236.476364136, 279.47833252, 403.780700684, 238.098083496, 4.52799797058, 0.0649275109172, 0.0260028988123, 0.0192511696368, 0.0230455677956, 0.22752571106, 0.0559497922659, 0.0536843240261, 0.0237508863211, 0.0133925545961, 0.000162459720741, 1.14206777653e-05, 4.11471631878e-07, 1.75336786756e-10, 1.8248784428e-10, 1.07779640768e-09],
        "max": [0.0299216303974, 0.113526716828, 3.7195827961, 78.290802002, 105.155097961, 1415.23815918, 1887.95507812, 278.626281738, 806.263305664, 260.633605957, 507.337341309, 1470.77160645, 1079.64685059, 2211.24145508, 879.667236328, 425.119537354, 535.183410645, 116.363243103, 77.9989318848, 236.929290771, 402.373474121, 382.366485596, 457.126983643, 385.461669922, 56.8333358765, 5.90489673615, 9.66299819946, 3.25181126595, 5.76517677307, 16.2670440674, 6.28036260605, 9.38336277008, 4.99394416809, 5.66527271271, 0.474571585655, 0.0804953873158, 0.0146316839382, 0.000312504445901, 0.000159753501066, 0.000385008635931],
        "mean": [0.000949481094722, 0.00703764241189, 0.119560070336, 1.73411226273, 8.10418319702, 30.5860729218, 31.2527523041, 14.0190525055, 21.180109024, 11.7562770844, 20.1190395355, 40.4876441956, 29.1462345123, 53.9323310852, 21.4290142059, 9.21155166626, 7.19256877899, 1.44401419163, 1.1158066988, 3.58333802223, 6.4725985527, 11.2730913162, 18.6276626587, 13.6861248016, 1.92521119118, 0.154962643981, 0.0530510321259, 0.0409428291023, 0.0315405987203, 0.0336217172444, 0.0433774068952, 0.062910579145, 0.0292116180062, 0.0129497619346, 0.00180771120358, 0.000462617434096, 7.60140756029e-05, 3.41526470038e-06, 8.69872474141e-06, 1.96719993255e-05],
        "median": [0.000568652001675, 0.00458891317248, 0.0297166090459, 0.504063546658, 6.00129508972, 10.2700443268, 7.18809938431, 4.99810409546, 6.77861452103, 4.53815078735, 5.0227856636, 4.84125423431, 2.61283254623, 2.06360077858, 0.809131264687, 0.468131244183, 0.211068272591, 0.141924902797, 0.135664150119, 0.265867471695, 0.564320385456, 1.24328374863, 1.62840604782, 1.17638587952, 0.31440538168, 0.0472918339074, 0.0131798619404, 0.00841020327061, 0.00651232525706, 0.00437435088679, 0.00370991206728, 0.00514363916591, 0.00186147971544, 0.000512319500558, 0.000154664478032, 5.64361253055e-05, 8.46948569233e-06, 1.19764035844e-06, 5.5356804296e-06, 1.25871010823e-05],
        "min": [6.73998529126e-23, 5.88268445474e-22, 2.05130674299e-21, 4.09575653028e-21, 3.98760064571e-21, 2.10733631453e-20, 4.07531822213e-20, 6.37084491148e-20, 6.71660446882e-20, 1.98910105648e-19, 1.48234720727e-19, 3.05820847525e-19, 5.26049026071e-19, 7.49121180809e-19, 9.36890817967e-19, 9.06796126126e-19, 1.65077126125e-18, 1.88324892484e-18, 2.79950427486e-18, 3.46701504095e-18, 3.71484042043e-18, 4.45130992546e-18, 5.54402047773e-18, 6.27949198936e-18, 6.91519062986e-18, 7.38199470572e-18, 7.92271936342e-18, 8.90759782385e-18, 9.39368554774e-18, 1.00770070441e-17, 1.09665686553e-17, 1.18933749009e-17, 9.73738074661e-18, 8.12626369675e-18, 6.26488770205e-18, 4.15225394193e-18, 2.34772696881e-18, 9.55667197486e-19, 2.55655471151e-19, 2.49689750869e-20],
        "var": [2.24245673053e-06, 6.35578326182e-05, 0.0633011981845, 15.1598024368, 75.6067199707, 5686.30517578, 11055.8066406, 551.230895996, 2788.61669922, 506.113830566, 1757.43066406, 11249.0576172, 7096.29833984, 32997.109375, 4421.90136719, 914.647338867, 1297.53552246, 24.4286842346, 12.5407361984, 173.79901123, 522.787658691, 872.597961426, 1877.14123535, 1513.56347656, 21.1007213593, 0.0940995812416, 0.0724909082055, 0.0241354219615, 0.0264636855572, 0.0807783901691, 0.0880760326982, 0.139226138592, 0.0451458916068, 0.0202415399253, 0.000171900304849, 5.9958924794e-06, 1.58050298182e-07, 9.56991846879e-11, 1.22594170926e-10, 6.63648469512e-10]
    },
    "gfcc": {
        "mean": [-202.438522339, 168.358596802, -118.303909302, 7.24206924438, -61.9785652161, -35.6207046509, -47.1194648743, 3.74484920502, -22.4198131561, -40.1418075562, -1.09144544601, -9.07843017578, -2.85499191284],
        "cov": [[34112.2304688, 4864.87792969, -6061.96240234, -939.469604492, -2079.20678711, -2194.78637695, -1466.25109863, 241.506225586, -668.291320801, -2192.71020508, 484.033691406, -240.382995605, -164.169235229], [4864.87792969, 1822.18774414, -610.815246582, -425.715301514, -190.638824463, -536.116821289, 14.8541221619, -10.0353765488, -106.707939148, -469.794616699, 74.9988861084, -96.6339797974, -31.4511737823], [-6061.96240234, -610.815246582, 2023.16699219, 453.052032471, 142.987121582, 498.224517822, 164.939743042, -196.716995239, 56.9583625793, 567.138671875, -283.603240967, -10.3702573776, 111.537345886], [-939.469604492, -425.715301514, 453.052032471, 677.965698242, 111.971549988, 154.00692749, -365.587463379, -91.8402099609, 182.667572021, 232.841247559, -129.857315063, -51.5577545166, 64.6821060181], [-2079.20678711, -190.638824463, 142.987121582, 111.971549988, 497.952178955, 5.98788022995, -111.407394409, 18.1433086395, 161.889465332, 79.9962768555, -4.90448999405, -11.8204650879, -16.6716785431], [-2194.78637695, -536.116821289, 498.224517822, 154.00692749, 5.98788022995, 518.292419434, 157.081192017, 1.67310941219, -34.2305450439, 280.31439209, -62.6739692688, 13.5273284912, -3.68968439102], [-1466.25109863, 14.8541221619, 164.939743042, -365.587463379, -111.407394409, 157.081192017, 674.333740234, 73.9929885864, -232.955841064, -43.263381958, 69.4755554199, 109.663391113, -52.1566848755], [241.506225586, -10.0353765488, -196.716995239, -91.8402099609, 18.1433086395, 1.67310941219, 73.9929885864, 208.85168457, -23.4985961914, -99.3048629761, 34.7667007446, 24.8986339569, -55.2462348938], [-668.291320801, -106.707939148, 56.9583625793, 182.667572021, 161.889465332, -34.2305450439, -232.955841064, -23.4985961914, 275.27053833, 80.0129318237, -38.8647422791, -67.0328216553, 40.1289901733], [-2192.71020508, -469.794616699, 567.138671875, 232.841247559, 79.9962768555, 280.31439209, -43.263381958, -99.3048629761, 80.0129318237, 419.487609863, -82.7394332886, 11.0156478882, 47.088054657], [484.033691406, 74.9988861084, -283.603240967, -129.857315063, -4.90448999405, -62.6739692688, 69.4755554199, 34.7667007446, -38.8647422791, -82.7394332886, 165.295684814, 37.688129425, -47.7238502502], [-240.382995605, -96.6339797974, -10.3702573776, -51.5577545166, -11.8204650879, 13.5273284912, 109.663391113, 24.8986339569, -67.0328216553, 11.0156478882, 37.688129425, 118.646514893, 7.47684431076], [-164.169235229, -31.4511737823, 111.537345886, 64.6821060181, -16.6716785431, -3.68968439102, -52.1566848755, -55.2462348938, 40.1289901733, 47.088054657, -47.7238502502, 7.47684431076, 130.229995728]],
        "icov": [[0.000527713040356, -0.000942443497479, 0.00119413016364, -0.000499547808431, 0.00153588666581, -4.57839159935e-05, 0.00129842886236, -0.00019123981474, 0.00111951783765, 6.70737281325e-05, 0.000471369159641, -0.000343925697962, 0.000120493605209], [-0.000942443497479, 0.00274569122121, -0.00222060945816, 0.00125573959667, -0.00257470388897, 0.000863850058522, -0.00234315590933, 0.000611375027802, -0.00170957657974, 0.000416163151385, -0.000844452588353, 0.00164089119062, -0.000258330139332], [0.00119413016364, -0.00222060945816, 0.00400508381426, -0.00182063796092, 0.0031170824077, -0.000172435407876, 0.00192739802878, 5.10234094691e-05, 0.00269669713452, -0.000945197360124, 0.00244267378002, -0.000460888200905, 6.32175142528e-05], [-0.000499547808431, 0.00125573959667, -0.00182063796092, 0.00411473680288, -0.00128709501587, -0.000895402801689, 0.000983981532045, 0.000564069021493, -0.00179278024007, 0.000397236319259, -5.22379696122e-06, -0.000466684636194, 6.60592704662e-05], [0.00153588666581, -0.00257470388897, 0.0031170824077, -0.00128709501587, 0.00726537080482, 9.55652067205e-05, 0.00401153182611, -0.000933080853429, 0.00147688132711, 0.000191232684301, 0.000981145189144, -0.00165172771085, 0.00135767133906], [-4.57839159935e-05, 0.000863850058522, -0.000172435407876, -0.000895402801689, 9.55652067205e-05, 0.00512635800987, -0.00173541612457, -0.00134659081232, 0.00124645908363, -0.0027848163154, 8.68631032063e-05, 0.00244411337189, 0.000148861159687], [0.00129842886236, -0.00234315590933, 0.00192739802878, 0.000983981532045, 0.00401153182611, -0.00173541612457, 0.00743627548218, -0.000794393301476, 0.00366781209596, 0.0013345987536, 0.000247560354182, -0.00296421488747, 0.000685192004312], [-0.00019123981474, 0.000611375027802, 5.10234094691e-05, 0.000564069021493, -0.000933080853429, -0.00134659081232, -0.000794393301476, 0.00732583459467, -0.00164253776893, 0.00232754228637, 0.000978730618954, -0.00198569661006, 0.0023519420065], [0.00111951783765, -0.00170957657974, 0.00269669713452, -0.00179278024007, 0.00147688132711, 0.00124645908363, 0.00366781209596, -0.00164253776893, 0.0101480744779, -0.0015654907329, 0.00031618407229, 0.00319979945198, -0.00205307803117], [6.70737281325e-05, 0.000416163151385, -0.000945197360124, 0.000397236319259, 0.000191232684301, -0.0027848163154, 0.0013345987536, 0.00232754228637, -0.0015654907329, 0.00710198748857, 3.22892701661e-05, -0.00239540287293, 0.00032860369538], [0.000471369159641, -0.000844452588353, 0.00244267378002, -5.22379696122e-06, 0.000981145189144, 8.68631032063e-05, 0.000247560354182, 0.000978730618954, 0.00031618407229, 3.22892701661e-05, 0.0106740863994, -0.00326774036512, 0.0029333261773], [-0.000343925697962, 0.00164089119062, -0.000460888200905, -0.000466684636194, -0.00165172771085, 0.00244411337189, -0.00296421488747, -0.00198569661006, 0.00319979945198, -0.00239540287293, -0.00326774036512, 0.0148429004475, -0.00375200575218], [0.000120493605209, -0.000258330139332, 6.32175142528e-05, 6.60592704662e-05, 0.00135767133906, 0.000148861159687, 0.000685192004312, 0.0023519420065, -0.00205307803117, 0.00032860369538, 0.0029333261773, -0.00375200575218, 0.0109356315807]]
    },
    "melbands": {
        "dmean": [5.82387838222e-06, 1.45168314702e-05, 0.000132064829813, 0.000704200821929, 0.000998873030767, 0.00015562515182, 0.000103569378552, 4.28855964856e-05, 5.39574066352e-05, 7.98639375716e-05, 3.35159493261e-05, 5.90424606344e-05, 2.91798787657e-05, 1.02699368654e-05, 5.96253266849e-06, 3.57874205292e-06, 1.06728487026e-06, 7.33214108095e-07, 1.68344661233e-06, 2.703476639e-06, 2.69409338216e-06, 3.29294357471e-06, 5.53464360564e-06, 4.57882606497e-06, 2.89329545922e-06, 8.31591080441e-07, 6.05856698144e-08, 2.76145879496e-08, 1.792309412e-08, 1.40251659175e-08, 1.46871625972e-08, 1.09809947801e-08, 1.03093702464e-08, 1.42967611083e-08, 1.45057565959e-08, 1.77056751482e-08, 1.98940792728e-08, 1.32062361047e-08, 9.01893226768e-09, 6.62184129752e-09],
        "dmean2": [1.02802368929e-05, 2.22246399062e-05, 0.000198549852939, 0.00110804231372, 0.00163780956063, 0.000234637205722, 0.00014844215184, 5.78421713726e-05, 7.0029120252e-05, 0.000103274476714, 4.2941304855e-05, 7.64325086493e-05, 3.56594682671e-05, 1.40563888635e-05, 8.00860743766e-06, 4.65508219349e-06, 1.5875432382e-06, 1.14876741009e-06, 2.61232207777e-06, 4.28364865002e-06, 4.06064145864e-06, 4.88696514367e-06, 8.13433598523e-06, 6.54659106658e-06, 4.308327334e-06, 1.17015633805e-06, 9.13798317015e-08, 4.25528305925e-08, 2.70453206497e-08, 2.14294058054e-08, 2.18449756062e-08, 1.64133844294e-08, 1.56017510022e-08, 2.17361222354e-08, 2.0720801075e-08, 2.35237944679e-08, 2.82933214635e-08, 1.93016145289e-08, 1.40377371949e-08, 1.00309289763e-08],
        "dvar": [8.5291891605e-11, 9.36491217907e-10, 7.54390043767e-08, 4.28419980381e-06, 1.59089340741e-05, 1.82553833383e-07, 8.65897433755e-08, 8.57513171582e-09, 2.06529353619e-08, 5.29073993505e-08, 1.64435398631e-08, 5.14026226028e-08, 1.08248228159e-08, 1.72216974015e-09, 9.0438723177e-10, 2.4172924773e-10, 3.0088896652e-11, 1.03871095752e-11, 4.34486439882e-11, 2.00553643137e-10, 1.27529875549e-10, 8.98232183077e-11, 3.63384627944e-10, 1.572866698e-10, 9.27169313547e-11, 7.07498339428e-12, 4.04611308108e-14, 1.08211914906e-14, 8.60233701627e-15, 5.87574642939e-15, 3.30425837482e-15, 3.08610525101e-15, 1.646836015e-14, 3.34224327088e-14, 1.14774819355e-14, 1.60364885433e-14, 1.79868801602e-14, 9.23293017561e-15, 5.30293955178e-15, 4.95005757914e-15],
        "dvar2": [2.48920078993e-10, 1.8759214182e-09, 1.55499563448e-07, 1.0346048839e-05, 3.97669864469e-05, 4.35643954688e-07, 1.72451962044e-07, 1.57949511248e-08, 3.90097945058e-08, 9.68288276226e-08, 3.19685362626e-08, 1.01227243476e-07, 1.96076985759e-08, 3.43787420753e-09, 1.44494693988e-09, 3.71815495059e-10, 6.77507702718e-11, 2.40820488551e-11, 1.06579918502e-10, 5.46070633156e-10, 2.93437468768e-10, 2.02224903489e-10, 8.14145695305e-10, 3.4459254894e-10, 2.21632240338e-10, 1.27185701207e-11, 9.65766231093e-14, 2.48918300658e-14, 1.53319383963e-14, 1.19944812004e-14, 7.47220194112e-15, 5.59200606217e-15, 4.04277306076e-14, 8.79540309941e-14, 2.36641032426e-14, 2.78184999992e-14, 3.11414576851e-14, 1.76395170307e-14, 1.14565974912e-14, 1.0958433698e-14],
        "max": [0.000218958040932, 0.000886096968316, 0.0123723521829, 0.0414054207504, 0.0685869678855, 0.00828158389777, 0.0114077273756, 0.00320638576522, 0.00351192173548, 0.00987892132252, 0.00517574837431, 0.00947161763906, 0.00301284878515, 0.00172676180955, 0.00125944823958, 0.000628537556622, 0.000264160858933, 0.000113262263767, 0.000165036530234, 0.000478751520859, 0.000468414626084, 0.000298164231936, 0.000756477355026, 0.000448370585218, 0.000357771350536, 9.72143607214e-05, 6.02103409619e-06, 3.85420526072e-06, 6.29092164672e-06, 4.1160942601e-06, 1.93295863937e-06, 2.75604134004e-06, 7.42475185689e-06, 9.88543251879e-06, 3.85520024793e-06, 7.59746899348e-06, 7.77945570007e-06, 3.92229412682e-06, 3.94380867874e-06, 5.06571541337e-06],
        "mean": [8.55649068399e-06, 3.81472818844e-05, 0.000393964670366, 0.00139629398473, 0.00120354094543, 0.000340513361152, 0.000311891926685, 0.000124578175019, 0.00014993971854, 0.000263874477241, 0.000130386964884, 0.000209849982639, 9.64450737229e-05, 3.16028344969e-05, 1.91282942978e-05, 9.64690480032e-06, 2.02843148145e-06, 1.36307710363e-06, 3.17372519021e-06, 6.16555689703e-06, 7.74116051616e-06, 1.0147262401e-05, 1.67817852343e-05, 1.6234595023e-05, 1.12610159704e-05, 2.49361710303e-06, 1.39153343071e-07, 5.19064720095e-08, 2.97680493588e-08, 2.49766287652e-08, 2.36381225704e-08, 1.83541306598e-08, 1.59403512612e-08, 1.96357010651e-08, 2.23505960406e-08, 3.31726006664e-08, 4.16734522446e-08, 2.29748593483e-08, 1.40210536514e-08, 9.30776788977e-09],
        "median": [5.26437452208e-06, 8.92844582268e-06, 0.000191562037799, 0.00069067417644, 0.000318998703733, 0.000117554227472, 0.000107277148345, 4.32446613559e-05, 3.53573195753e-05, 2.26000302064e-05, 9.8125938166e-06, 7.71191207605e-06, 2.82060295831e-06, 1.09560812689e-06, 5.04994886796e-07, 3.11115712748e-07, 1.7615261072e-07, 1.47314878518e-07, 1.67422797404e-07, 5.51505991098e-07, 5.26183896454e-07, 9.52785910613e-07, 1.36855851451e-06, 1.15708451176e-06, 8.64668095346e-07, 3.19201546972e-07, 3.69714001636e-08, 1.24732606466e-08, 5.89595172684e-09, 3.8601064567e-09, 4.70523664475e-09, 3.54798657121e-09, 2.23497909069e-09, 2.18234519345e-09, 1.50091095108e-09, 2.47117326602e-09, 3.03211034058e-09, 1.24296595239e-09, 5.39703948199e-10, 2.61974414384e-10],
        "min": [8.65039920939e-25, 1.19585327749e-24, 9.79976264577e-25, 3.83242728645e-25, 1.33263377124e-24, 1.3829152723e-24, 7.46995465335e-25, 1.4820402796e-24, 1.22689544715e-24, 1.88468021044e-24, 2.12647909409e-24, 2.45557746704e-24, 2.66838748737e-24, 1.83651591344e-24, 3.49564974702e-24, 3.54453900719e-24, 2.80100486629e-24, 3.70419380479e-24, 4.33756036483e-24, 3.85091798885e-24, 3.92666165196e-24, 4.05565066516e-24, 3.18229151572e-24, 2.75235147553e-24, 4.1491835361e-24, 3.63968825414e-24, 4.20554725335e-24, 3.79416851862e-24, 3.79176801489e-24, 4.39764513897e-24, 4.03329395267e-24, 3.68810577549e-24, 6.1950982381e-24, 4.92001226432e-24, 5.04186642506e-24, 5.82082081503e-24, 6.0939228827e-24, 6.16538934198e-24, 5.35491640897e-24, 6.45068088835e-24],
        "var": [1.51796214487e-10, 6.54906484598e-09, 4.32540787187e-07, 6.39144673187e-06, 1.52038019223e-05, 3.71251047682e-07, 5.61473768812e-07, 6.01906435804e-08, 9.42557747408e-08, 5.17880607731e-07, 1.61962375955e-07, 5.45341038105e-07, 8.46617069783e-08, 1.39635618623e-08, 8.15781397989e-09, 1.80929204951e-09, 8.46171951951e-11, 2.61718060418e-11, 1.18068305133e-10, 6.15920925373e-10, 7.11319503299e-10, 6.94155288805e-10, 2.22757856605e-09, 1.68380276389e-09, 1.15998910477e-09, 4.31098004516e-11, 1.02798798391e-13, 2.63572241696e-14, 2.78269804931e-14, 2.00358985994e-14, 7.11513096704e-15, 7.74726403228e-15, 1.66584614484e-14, 3.07833795889e-14, 2.56787711076e-14, 5.07401263475e-14, 6.67520035015e-14, 2.8809694566e-14, 1.67855621302e-14, 1.31291877123e-14]
    },
    "mfcc": {
        "mean": [-823.080200195, 188.028457642, -0.243649825454, 22.2809715271, 4.1874666214, -43.3409690857, -16.5874977112, 13.0657758713, -18.8668785095, -17.9683170319, -9.97006511688, -10.8932571411, -13.31112957],
        "cov": [[9983.70800781, 3168.3112793, -2330.69750977, -356.744232178, -432.247741699, -1714.57006836, -544.582763672, 606.853271484, -849.573669434, -652.165039062, -129.464477539, -189.033599854, -477.021087646], [3168.3112793, 2715.18945312, -437.664611816, -145.838165283, -302.426239014, -818.520324707, -57.2294998169, 307.961700439, -280.408660889, -362.341461182, -11.9045476913, -227.025390625, -168.691146851], [-2330.69750977, -437.664611816, 1512.5871582, 265.245788574, -72.9114303589, 561.882385254, 122.030830383, -334.107666016, 268.794921875, 191.949890137, -128.61517334, -41.6233787537, 142.023223877], [-356.744232178, -145.838165283, 265.245788574, 440.421875, 332.864440918, 81.2478713989, -223.691329956, -172.994598389, 68.6301193237, 61.9814376831, -125.095169067, 42.968044281, 48.6801528931], [-432.247741699, -302.426239014, -72.9114303589, 332.864440918, 790.315734863, 80.2660675049, -397.136993408, -200.015319824, 88.6535415649, 145.198638916, -83.0968780518, 144.486114502, 6.25975751877], [-1714.57006836, -818.520324707, 561.882385254, 81.2478713989, 80.2660675049, 599.646240234, 103.456443787, -269.678924561, 170.214569092, 175.684677124, 2.4080862999, 71.9258804321, 99.3786010742], [-544.582763672, -57.2294998169, 122.030830383, -223.691329956, -397.136993408, 103.456443787, 470.48928833, 188.574935913, -25.0536746979, -79.4418334961, 127.909362793, -43.1475601196, 15.3470058441], [606.853271484, 307.961700439, -334.107666016, -172.994598389, -200.015319824, -269.678924561, 188.574935913, 411.849304199, -92.60521698, -123.399154663, 90.4238204956, -60.296421051, -51.6387290955], [-849.573669434, -280.408660889, 268.794921875, 68.6301193237, 88.6535415649, 170.214569092, -25.0536746979, -92.60521698, 217.265533447, 102.208953857, -41.4351234436, -3.73154878616, 53.6223335266], [-652.165039062, -362.341461182, 191.949890137, 61.9814376831, 145.198638916, 175.684677124, -79.4418334961, -123.399154663, 102.208953857, 232.653366089, -33.7472190857, 36.2125473022, 33.9301147461], [-129.464477539, -11.9045476913, -128.61517334, -125.095169067, -83.0968780518, 2.4080862999, 127.909362793, 90.4238204956, -41.4351234436, -33.7472190857, 186.461013794, 32.3769264221, -28.5018997192], [-189.033599854, -227.025390625, -41.6233787537, 42.968044281, 144.486114502, 71.9258804321, -43.1475601196, -60.296421051, -3.73154878616, 36.2125473022, 32.3769264221, 150.023223877, 16.0127182007], [-477.021087646, -168.691146851, 142.023223877, 48.6801528931, 6.25975751877, 99.3786010742, 15.3470058441, -51.6387290955, 53.6223335266, 33.9301147461, -28.5018997192, 16.0127182007, 122.985359192]],
