{
"lowlevel": {
    "average_loudness": 0.210967630148,
    "barkbands_crest": {
        "dmean": 2.27777910233,
        "dmean2": 3.62961530685,
        "dvar": 4.97704362869,
        "dvar2": 12.631155014,
        "max": 26.7489376068,
        "mean": 12.755604744,
        "median": 12.1154613495,
        "min": 3.42485642433,
        "var": 21.0292053223
    },
    "barkbands_flatness_db": {
        "dmean": 0.0248876642436,
        "dmean2": 0.0405700169504,
        "dvar": 0.000530159566551,
        "dvar2": 0.00142927200068,
        "max": 0.614492952824,
        "mean": 0.324074804783,
        "median": 0.31874704361,
        "min": 0.0583189949393,
        "var": 0.00598498200998
    },
    "barkbands_kurtosis": {
        "dmean": 3.97121405602,
        "dmean2": 6.70466709137,
        "dvar": 380.080230713,
        "dvar2": 1300.09411621,
        "max": 978.666687012,
        "mean": 7.36913156509,
        "median": 3.30097222328,
        "min": -1.91355013847,
        "var": 587.33581543
    },
    "barkbands_skewness": {
        "dmean": 0.46386513114,
        "dmean2": 0.717580258846,
        "dvar": 0.483382791281,
        "dvar2": 1.42066431046,
        "max": 30.1477890015,
        "mean": 1.20988702774,
        "median": 1.03015816212,
        "min": -5.66807842255,
        "var": 2.44690752029
    },
    "barkbands_spread": {
        "dmean": 1.38725578785,
        "dmean2": 2.14374780655,
        "dvar": 4.75308084488,
        "dvar2": 11.7578172684,
        "max": 102.008415222,
        "mean": 6.04432249069,
        "median": 4.93253087997,
        "min": 0.161763414741,
        "var": 23.4843654633
    },
    "dissonance": {
        "dmean": 0.0398685224354,
        "dmean2": 0.0675563067198,
        "dvar": 0.00132389343344,
        "dvar2": 0.00364540633745,
        "max": 0.500000059605,
        "mean": 0.391545057297,
        "median": 0.397998571396,
        "min": 0.0980044752359,
        "var": 0.00365640153177
    },
    "dynamic_complexity": 6.96022462845,
    "erbbands_crest": {
        "dmean": 2.73638963699,
        "dmean2": 4.36193275452,
        "dvar": 7.31736135483,
        "dvar2": 17.6352214813,
        "max": 33.7299156189,
        "mean": 13.4554691315,
        "median": 12.3551473618,
        "min": 2.22925901413,
        "var": 30.9200210571
    },
    "erbbands_flatness_db": {
        "dmean": 0.0164471566677,
        "dmean2": 0.0249720681459,
        "dvar": 0.000295572448522,
        "dvar2": 0.000639908830635,
        "max": 0.528383910656,
        "mean": 0.322139829397,
        "median": 0.322151660919,
        "min": 0.0804515257478,
        "var": 0.00330015760846
    },
    "erbbands_kurtosis": {
        "dmean": 1.76610672474,
        "dmean2": 2.74976921082,
        "dvar": 10.4683179855,
        "dvar2": 24.187795639,
        "max": 82.2696228027,
        "mean": 2.8912563324,
        "median": 1.22574353218,
        "min": -1.7662242651,
        "var": 32.7423477173
    },
    "erbbands_skewness": {
        "dmean": 0.376137554646,
        "dmean2": 0.574505090714,
        "dvar": 0.167045846581,
        "dvar2": 0.377280116081,
        "max": 7.82406997681,
        "mean": 1.05067527294,
        "median": 0.986992120743,
        "min": -6.19412851334,
        "var": 1.00727927685
    },
    "erbbands_spread": {
        "dmean": 2.76556706429,
        "dmean2": 4.33482265472,
        "dvar": 9.70784759521,
        "dvar2": 23.3869838715,
        "max": 136.422286987,
        "mean": 14.2600603104,
        "median": 12.7626934052,
        "min": 0.62245619297,
        "var": 93.1507034302
    },
    "hfc": {
        "dmean": 2.1011095047,
        "dmean2": 2.82961273193,
        "dvar": 17.6512393951,
        "dvar2": 30.3003463745,
        "max": 138.131362915,
        "mean": 7.12199068069,
        "median": 3.72533726692,
        "min": 1.0466449963e-16,
        "var": 107.052078247
    },
    "melbands_crest": {
        "dmean": 2.89946603775,
        "dmean2": 4.61213827133,
        "dvar": 7.88105010986,
        "dvar2": 19.2249660492,
        "max": 38.9507217407,
        "mean": 16.5026378632,
        "median": 15.6270599365,
        "min": 1.48602116108,
        "var": 36.2370147705
    },
    "melbands_flatness_db": {
        "dmean": 0.0231943037361,
        "dmean2": 0.034402590245,
        "dvar": 0.000546170631424,
        "dvar2": 0.00122885126621,
        "max": 0.730960607529,
        "mean": 0.401836574078,
        "median": 0.399263083935,
        "min": 0.00319664925337,
        "var": 0.00991923175752
    },
    "melbands_kurtosis": {
        "dmean": 5.40310525894,
        "dmean2": 8.77114582062,
        "dvar": 491.112243652,
        "dvar2": 1545.40405273,
        "max": 1013.45062256,
        "mean": 11.9139328003,
        "median": 6.35427761078,
        "min": -1.8090467453,
        "var": 1033.45678711
    },
    "melbands_skewness": {
        "dmean": 0.549122035503,
        "dmean2": 0.844751834869,
        "dvar": 0.504076182842,
        "dvar2": 1.35321426392,
        "max": 28.269525528,
        "mean": 1.98835194111,
        "median": 1.75597834587,
        "min": -5.15377855301,
        "var": 2.89850473404
    },
    "melbands_spread": {
        "dmean": 1.75390172005,
        "dmean2": 2.71241879463,
        "dvar": 10.1236553192,
        "dvar2": 23.9745235443,
        "max": 218.003143311,
        "mean": 7.91826486588,
        "median": 5.55917358398,
        "min": 0.276460021734,
        "var": 178.724838257
    },
    "pitch_salience": {
        "dmean": 0.0635044127703,
        "dmean2": 0.101779267192,
        "dvar": 0.00367959355935,
        "dvar2": 0.00935166887939,
        "max": 0.862149357796,
        "mean": 0.524016499519,
        "median": 0.532616257668,
        "min": 0.0355530418456,
        "var": 0.0164936929941
    },
    "silence_rate_20dB": {
        "dmean": 0.000156311056344,
        "dmean2": 0.000312646559905,
        "dvar": 0.000156284164404,
        "dvar2": 0.000468862184789,
        "max": 1,
        "mean": 0.999921858311,
        "median": 1,
        "min": 0,
        "var": 7.81426933827e-05
    },
    "silence_rate_30dB": {
        "dmean": 0.00969128590077,
        "dmean2": 0.019384086132,
        "dvar": 0.00959569960833,
        "dvar2": 0.0215120874345,
        "max": 1,
        "mean": 0.982025623322,
        "median": 1,
        "min": 0,
        "var": 0.0176492333412
    },
    "silence_rate_60dB": {
        "dmean": 0.0436107851565,
        "dmean2": 0.0872283875942,
        "dvar": 0.0417030788958,
        "dvar2": 0.0872872024775,
        "max": 1,
        "mean": 0.289231002331,
        "median": 0,
        "min": 0,
        "var": 0.205572113395
    },
    "spectral_centroid": {
        "dmean": 55.4631881714,
        "dmean2": 84.6898651123,
        "dvar": 20830.9316406,
        "dvar2": 45897.1445312,
        "max": 11821.4287109,
        "mean": 547.159484863,
        "median": 415.235351562,
        "min": 125.417442322,
        "var": 999231.0625
    },
    "spectral_complexity": {
        "dmean": 1.31676435471,
        "dmean2": 2.09942150116,
        "dvar": 2.10198116302,
        "dvar2": 4.36444473267,
        "max": 34,
        "mean": 8.07338237762,
        "median": 8,
        "min": 0,
        "var": 23.6959228516
    },
    "spectral_decrease": {
        "dmean": 1.4382282032e-09,
        "dmean2": 1.97234895083e-09,
        "dvar": 9.15004363421e-18,
        "dvar2": 1.7606368939e-17,
        "max": 2.05978039033e-28,
        "mean": -4.6773713791e-09,
        "median": -2.47398213027e-09,
        "min": -1.05572553366e-07,
        "var": 4.50378403014e-17
    },
    "spectral_energy": {
        "dmean": 0.00561054842547,
        "dmean2": 0.00768726877868,
        "dvar": 0.000137929950142,
        "dvar2": 0.000264369562501,
        "max": 0.406084030867,
        "mean": 0.0182995069772,
        "median": 0.00970411952585,
        "min": 9.8632240759e-21,
        "var": 0.00068611180177
    },
    "spectral_energyband_high": {
        "dmean": 2.75277989203e-06,
        "dmean2": 4.02226396545e-06,
        "dvar": 1.40409406324e-10,
        "dvar2": 3.01111746648e-10,
        "max": 0.000776585831773,
        "mean": 6.21169965598e-06,
        "median": 6.8090730565e-07,
        "min": 7.07722645845e-21,
        "var": 3.247972169e-10
    },
    "spectral_energyband_low": {
        "dmean": 0.000753136293497,
        "dmean2": 0.00108709593769,
        "dvar": 6.83587722961e-06,
        "dvar2": 1.51450767589e-05,
        "max": 0.122154660523,
        "mean": 0.00188371690456,
        "median": 0.00043298501987,
        "min": 6.6704595087e-24,
        "var": 2.25090498134e-05
    },
    "spectral_energyband_middle_high": {
        "dmean": 0.000433757959399,
        "dmean2": 0.000567559036426,
        "dvar": 2.49852291745e-06,
        "dvar2": 3.91544654121e-06,
        "max": 0.0882797017694,
        "mean": 0.00123775925022,
        "median": 0.000409573607612,
        "min": 1.20310915936e-21,
        "var": 1.02762951428e-05
    },
    "spectral_energyband_middle_low": {
        "dmean": 0.00522761698812,
        "dmean2": 0.00730774831027,
        "dvar": 0.000124506856082,
        "dvar2": 0.000245040137088,
        "max": 0.377871483564,
        "mean": 0.0157733485103,
        "median": 0.00757825886831,
        "min": 1.63597496e-22,
        "var": 0.000571140670218
    },
    "spectral_entropy": {
        "dmean": 0.175692290068,
        "dmean2": 0.264955073595,
        "dvar": 0.0361005552113,
        "dvar2": 0.0823995396495,
        "max": 9.82409572601,
        "mean": 5.91176939011,
        "median": 5.89809417725,
        "min": 3.50253772736,
        "var": 0.455245912075
    },
    "spectral_flux": {
        "dmean": 0.0152982901782,
        "dmean2": 0.0250294283032,
        "dvar": 0.000537433952559,
        "dvar2": 0.00132402719464,
        "max": 0.455118507147,
        "mean": 0.0410060025752,
        "median": 0.0336386263371,
        "min": 6.35790378678e-11,
        "var": 0.00128451851197
    },
    "spectral_kurtosis": {
        "dmean": 21.1386356354,
        "dmean2": 35.9907188416,
        "dvar": 517.231079102,
        "dvar2": 1399.44787598,
        "max": 434.017883301,
        "mean": 56.9999465942,
        "median": 42.8105125427,
        "min": -1.28306031227,
        "var": 2420.15844727
    },
    "spectral_rms": {
        "dmean": 0.000556808081456,
        "dmean2": 0.000751624407712,
        "dvar": 6.16298450495e-07,
        "dvar2": 1.09348729893e-06,
        "max": 0.0199042595923,
        "mean": 0.00343754841015,
        "median": 0.00307691958733,
        "min": 3.10204097652e-12,
        "var": 6.03637545282e-06
    },
    "spectral_rolloff": {
        "dmean": 83.767791748,
        "dmean2": 144.001800537,
        "dvar": 46901.3476562,
        "dvar2": 79739.390625,
        "max": 19681.3476562,
        "mean": 679.582519531,
        "median": 495.263671875,
        "min": 21.533203125,
        "var": 2952818.75
    },
    "spectral_skewness": {
        "dmean": 1.1838299036,
        "dmean2": 2.04685783386,
        "dvar": 1.14776992798,
        "dvar2": 3.20443487167,
        "max": 16.5926914215,
        "mean": 5.06278324127,
        "median": 4.5714635849,
        "min": -0.0671207606792,
        "var": 6.10634660721
    },
    "spectral_spread": {
        "dmean": 310234.46875,
        "dmean2": 532511.875,
        "dvar": 251395063808,
        "dvar2": 450046328832,
        "max": 42512204,
        "mean": 1755198.25,
        "median": 1326851.375,
        "min": 189870.984375,
        "var": 1.35423904973e+13
    },
    "spectral_strongpeak": {
        "dmean": 0.316848307848,
        "dmean2": 0.492452144623,
        "dvar": 0.25807505846,
        "dvar2": 0.551053404808,
        "max": 9.22035884857,
        "mean": 0.924434542656,
        "median": 0.615888595581,
        "min": 0,
        "var": 1.09149634838
    },
    "zerocrossingrate": {
        "dmean": 0.00251784455031,
        "dmean2": 0.00321836653166,
        "dvar": 1.85944300028e-05,
        "dvar2": 2.41168509092e-05,
        "max": 0.53515625,
        "mean": 0.0245413612574,
        "median": 0.01904296875,
        "min": 0,
        "var": 0.00210701068863
    },
    "barkbands": {
        "dmean": [5.1958963013e-05, 0.000202397844987, 0.000317045778502, 0.00126212695614, 0.00175133557059, 0.00169679347891, 0.000844118418172, 0.000867123890202, 0.000500514637679, 0.000213372622966, 8.94898039405e-05, 8.39281638036e-05, 9.34170602704e-05, 4.43435492343e-05, 4.93410734634e-05, 3.78052682208e-05, 1.9573903046e-05, 6.60249315843e-06, 4.44303350378e-06, 2.71768658422e-06, 9.18189584809e-07, 5.77910270749e-07, 3.61241347946e-07, 2.18361904558e-07, 6.16868334191e-08, 7.10627057199e-10, 7.58043128268e-10],
        "dmean2": [9.03951076907e-05, 0.000324303429807, 0.000452275649877, 0.00178357411642, 0.00261547369882, 0.00249089463614, 0.00115761009511, 0.00131167459767, 0.000742526026443, 0.000282288237941, 0.000129228050355, 0.000129205465782, 0.000130217318656, 6.70012595947e-05, 7.56337612984e-05, 5.8911376982e-05, 2.88246246782e-05, 1.00511224446e-05, 6.84185351929e-06, 4.03325702791e-06, 1.42764292832e-06, 8.81642051809e-07, 5.53719132768e-07, 3.33646937634e-07, 9.64223687561e-08, 1.31838129303e-09, 1.40635381118e-09],
        "dvar": [3.09537195875e-09, 9.2100412985e-07, 1.04196124084e-06, 2.88608189294e-05, 1.71017727553e-05, 2.10343478102e-05, 1.32053055495e-05, 8.40641769173e-06, 3.03212027575e-06, 1.76264359197e-06, 3.14689344805e-07, 2.59505725353e-07, 9.32252248731e-08, 2.20688196606e-08, 6.44454729581e-08, 1.30768942341e-08, 8.9784455426e-09, 5.16549358842e-10, 4.7769055378e-10, 1.50886719785e-10, 1.80647649617e-11, 4.38046387358e-12, 1.97159671401e-12, 8.60589214908e-13, 5.751984582e-14, 2.43023802812e-18, 2.76485429939e-18],
        "dvar2": [8.769499793e-09, 2.83936719825e-06, 1.90301898328e-06, 6.33062809356e-05, 3.97988296754e-05, 4.33649511251e-05, 1.91151248146e-05, 1.7055132048e-05, 6.30447948424e-06, 2.6377604172e-06, 5.14740634117e-07, 6.31003445051e-07, 1.77332495355e-07, 4.61040663424e-08, 1.54236289518e-07, 2.96226065899e-08, 1.39349669581e-08, 1.05602482314e-09, 1.06949038514e-09, 3.34799576951e-10, 4.19804295493e-11, 1.04259066658e-11, 4.65849667869e-12, 2.13614369249e-12, 1.39487176692e-13, 8.02934129002e-18, 9.134530689e-18],
        "max": [0.00107347825542, 0.0385133512318, 0.0499271042645, 0.244196295738, 0.101959221065, 0.164099782705, 0.293137699366, 0.13326190412, 0.0539388284087, 0.080143019557, 0.0350022539496, 0.0277793165296, 0.0105615695938, 0.00827059522271, 0.022350339219, 0.00454158056527, 0.00842405855656, 0.00100430438761, 0.00109434209298, 0.00073606526712, 0.000190468359506, 8.06355310488e-05, 5.5476964917e-05, 4.59794864582e-05, 6.20370428805e-06, 2.85280261636e-08, 3.0390229e-08],
        "mean": [0.000318334437907, 0.000372600712581, 0.000687990861479, 0.00271963467821, 0.00373250921257, 0.00407852884382, 0.0023161880672, 0.00172483175993, 0.00103126710746, 0.000463665142888, 0.000173089545569, 0.000160893396242, 0.000210172162042, 8.53482924867e-05, 9.27766159293e-05, 6.68575812597e-05, 3.5355995351e-05, 1.30851676658e-05, 7.92884293332e-06, 4.66036954094e-06, 1.51331835241e-06, 1.07214202671e-06, 6.54323400795e-07, 3.97198476776e-07, 8.51891144293e-08, 5.71083291767e-10, 6.08911254751e-10],
        "median": [0.000328302907292, 4.37533453805e-05, 0.000110395689262, 0.000169935970916, 0.00120893400162, 0.000852054450661, 0.000265327689704, 0.000278411491308, 0.000210402416997, 5.83626060688e-05, 3.31418559654e-05, 3.18739366776e-05, 3.55407901225e-05, 1.7957550881e-05, 1.72406344063e-05, 1.20916574815e-05, 4.40680651081e-06, 2.00398699235e-06, 9.19516423892e-07, 4.79595655634e-07, 1.43239191175e-07, 9.23562737398e-08, 4.0060289308e-08, 2.53690117802e-08, 4.20204404605e-09, 9.73199576482e-11, 1.03584009425e-10],
        "min": [7.65607701622e-25, 1.64394648622e-24, 1.14882000982e-24, 5.6663671746e-25, 7.86436656773e-24, 2.62596452003e-24, 5.06651517291e-24, 6.32445328276e-24, 1.68408992164e-23, 1.40990948111e-23, 1.42906207726e-23, 2.26353791769e-23, 2.5003014233e-23, 3.26395806483e-23, 3.56817217551e-23, 3.89839376805e-23, 5.31712066305e-23, 8.07181663319e-23, 1.22017786267e-22, 1.90353032576e-22, 2.30698648308e-22, 2.25046289529e-22, 3.71379356358e-22, 5.50410341678e-22, 8.36502701777e-22, 1.29066469239e-21, 1.88222504811e-21],
        "var": [2.45753071226e-08, 1.764635158e-06, 4.14386704506e-06, 7.56161316531e-05, 4.31801599916e-05, 8.99224178283e-05, 0.000109654938569, 2.89567269647e-05, 9.43645773077e-06, 6.32419869362e-06, 9.91409478956e-07, 3.90882149759e-07, 3.83858775876e-07, 6.03790866194e-08, 1.46454098626e-07, 2.94068556173e-08, 2.47819791355e-08, 1.34721800382e-09, 8.54753878787e-10, 2.68225747169e-10, 2.47407025422e-11, 9.78706438809e-12, 4.18929431076e-12, 1.43808771315e-12, 8.39223439006e-14, 2.0164913847e-18, 2.29392135151e-18]
    },
    "erbbands": {
        "dmean": [0.00176856247708, 0.0604371502995, 0.336196422577, 1.93977153301, 6.33922672272, 4.85064411163, 12.5272493362, 13.1741132736, 13.8320350647, 10.4914197922, 18.093126297, 11.8062992096, 7.91829586029, 4.3268661499, 4.06736755371, 3.37186908722, 4.46991300583, 2.06998586655, 2.64606618881, 2.25207448006, 1.76402521133, 0.830679655075, 0.413484662771, 0.290306925774, 0.150326043367, 0.121624045074, 0.0592676848173, 0.0271229501814, 0.0249393898994, 0.0128309195861, 0.00945896655321, 0.00638945680112, 0.00282036862336, 0.00117179309018, 3.54376425094e-05, 4.86820999868e-06, 2.27729492508e-06, 5.88440343563e-07, 2.62427511188e-06, 6.23568712399e-06],
        "dmean2": [0.00292883859947, 0.0950518324971, 0.471253871918, 2.74413752556, 9.32851600647, 7.32594299316, 18.336101532, 19.2247276306, 18.621011734, 15.8352775574, 27.1464767456, 17.5520648956, 10.7627000809, 5.87416648865, 5.84403896332, 5.0769610405, 6.16688537598, 3.08557152748, 3.91554021835, 3.44084572792, 2.65890288353, 1.22320640087, 0.620012760162, 0.443894296885, 0.225892707705, 0.183538749814, 0.0900115445256, 0.0426498316228, 0.0381974317133, 0.0196672212332, 0.014506906271, 0.00975627359003, 0.00435455469415, 0.00180620211177, 5.41889712622e-05, 7.42386509955e-06, 3.37965298058e-06, 9.61058617577e-07, 3.56614737029e-06, 8.53126402944e-06],
        "dvar": [3.96134782932e-05, 0.0785840898752, 1.32086575031, 64.0465545654, 491.655609131, 122.015579224, 1455.86242676, 1554.92053223, 4036.6640625, 1100.04406738, 3303, 1439.62060547, 2112.68676758, 423.461395264, 739.975402832, 272.568359375, 230.003051758, 48.6190910339, 62.1376419067, 139.292373657, 35.013458252, 12.3847732544, 1.62514102459, 1.96621501446, 0.368389099836, 0.456950128078, 0.0653995200992, 0.0161984749138, 0.00903660990298, 0.00219388585538, 0.00137474806979, 0.000643034290988, 0.000183799886145, 2.26461761486e-05, 1.64360756116e-08, 9.01568403266e-11, 1.87164519994e-11, 1.32864032276e-12, 2.9321833156e-11, 1.68529301625e-10],
        "dvar2": [0.000124274782138, 0.233096852899, 2.48775005341, 140.995727539, 1144.02001953, 280.922973633, 2799.58007812, 2893.99121094, 5731.20166016, 2326.38452148, 6880.67236328, 3137.46264648, 3449.74365234, 589.716369629, 1330.8215332, 607.664306641, 426.534637451, 110.499488831, 130.846572876, 323.279296875, 72.1361923218, 20.6736679077, 3.21524071693, 4.16600084305, 0.873852312565, 1.01680481434, 0.141605719924, 0.0394359715283, 0.0212561134249, 0.00491025857627, 0.00327680050395, 0.00154746964108, 0.000472092651762, 5.48868774786e-05, 3.92179160258e-08, 2.08904768484e-10, 4.02521765919e-11, 3.6406763021e-12, 5.48721450222e-11, 3.21305565487e-10],
        "max": [0.25129082799, 11.6359157562, 54.8510818481, 362.676452637, 838.233947754, 305.853088379, 1867.40319824, 2038.85668945, 5246.05761719, 2275.64233398, 2483.96069336, 1185.98352051, 2778.44067383, 1450.54272461, 1400.14221191, 802.60546875, 497.674468994, 458.46685791, 406.046447754, 974.087158203, 243.243179321, 285.274963379, 43.6299324036, 83.2260131836, 26.7111358643, 52.0253868103, 11.778673172, 4.74532222748, 3.45200109482, 1.40988123417, 1.32195353508, 0.905307292938, 0.805012762547, 0.176814779639, 0.004302195739, 0.000260315253399, 0.000140612144605, 3.31904229824e-05, 0.000184979158803, 0.000444269768195],
        "mean": [0.00394384004176, 0.11700296402, 0.781737685204, 4.32923173904, 12.4543151855, 11.0290985107, 28.1459121704, 32.972114563, 40.292514801, 21.5182476044, 38.8748435974, 24.2041244507, 17.410905838, 9.89923763275, 7.97866773605, 7.13047122955, 10.6219997406, 4.33451604843, 5.48278903961, 4.39689826965, 3.46736526489, 1.65376269817, 0.865780413151, 0.548500657082, 0.282346576452, 0.214301049709, 0.104079321027, 0.0469281822443, 0.0452950149775, 0.0235627088696, 0.0176022816449, 0.0117700304836, 0.00512247765437, 0.0018522683531, 6.50734946248e-05, 1.32210416268e-05, 6.68563734507e-06, 1.35748950925e-06, 8.69690029504e-06, 2.04239677259e-05],
        "median": [0.00165342912078, 0.0141107328236, 0.14812490344, 0.495700418949, 1.79444611073, 3.54688978195, 5.70056247711, 7.25057888031, 4.71929550171, 6.07555484772, 6.69429111481, 6.44033145905, 3.09799909592, 2.03620815277, 1.87365877628, 1.62855482101, 1.99747228622, 1.32512307167, 1.20460748672, 1.0011472702, 0.622690498829, 0.283929795027, 0.151357620955, 0.0750156790018, 0.0377430208027, 0.0239790808409, 0.0102161262184, 0.00503932032734, 0.00415180297568, 0.00165031850338, 0.00113528268412, 0.000723637756892, 0.000324425694998, 0.000114339673019, 1.49231855175e-05, 6.89433363732e-06, 3.63131402992e-06, 6.98510746133e-07, 4.65845096187e-06, 1.08734457172e-05],
        "min": [5.84932220177e-23, 4.0543002615e-22, 1.25539945448e-21, 3.00275367307e-21, 9.39294120151e-21, 2.8945586105e-20, 4.34503920166e-20, 2.91280537471e-20, 1.04108421983e-19, 1.7781563001e-19, 3.11404420058e-19, 3.58495476288e-19, 6.90172206154e-19, 7.54825883602e-19, 7.95823229507e-19, 1.25578321297e-18, 1.51492411303e-18, 1.97496319564e-18, 2.02726706654e-18, 3.3215398206e-18, 3.32700789804e-18, 4.09465528793e-18, 3.88893381523e-18, 6.02300602887e-18, 6.69832083046e-18, 8.84407531589e-18, 7.74590289004e-18, 9.0355204784e-18, 9.17148167415e-18, 6.84611567204e-18, 1.17633867763e-17, 1.04594291849e-17, 7.83423337175e-18, 7.69162743415e-18, 6.48477919224e-18, 4.19752098737e-18, 2.34074680521e-18, 9.64745814902e-19, 2.49427860963e-19, 2.65842520281e-20],
        "var": [7.72210696596e-05, 0.171030297875, 5.61120319366, 166.623809814, 1096.95361328, 395.270385742, 5708.76464844, 7199.83496094, 34481.296875, 2680.65356445, 12411.1044922, 3534.98291016, 6857.99707031, 1916.70532227, 2110.44677734, 572.420776367, 1024.15368652, 111.632514954, 192.369903564, 318.871490479, 94.0331878662, 34.8526191711, 5.17261981964, 3.89697766304, 0.647001862526, 0.803777694702, 0.109315149486, 0.0221312083304, 0.0191414859146, 0.0049157384783, 0.00295859854668, 0.00136833882425, 0.000266322487732, 3.52801725967e-05, 2.83746270924e-08, 3.59668184124e-10, 9.07538835748e-11, 4.14279157854e-12, 1.52785797902e-10, 8.49456727181e-10]
    },
    "gfcc": {
        "mean": [-222.057632446, 213.249588013, -121.033065796, -7.02027654648, -49.7062950134, -17.7263298035, -31.178030014, -22.8323669434, -0.550782561302, -21.2947559357, 0.563852608204, -20.0577354431, 0.850018680096],
        "cov": [[26154.0058594, 1114.98925781, -5132.99267578, -426.347839355, -969.759033203, -823.13067627, -1091.27441406, -272.786468506, -128.889648438, -288.286315918, 97.2565002441, -379.530700684, 236.078521729], [1114.98925781, 1372.53369141, 401.537719727, -474.664093018, 242.463623047, -143.873062134, 34.7028961182, -116.058624268, -126.066337585, -45.8965873718, -118.805831909, -43.8246269226, -120.733879089], [-5132.99267578, 401.537719727, 1884.68041992, 44.3856582642, 284.636047363, 204.754653931, 225.058670044, -10.0992650986, -64.5549621582, -56.9833717346, -170.895385742, -10.6979436874, -128.172332764], [-426.347839355, -474.664093018, 44.3856582642, 593.101013184, -117.72808075, 177.138122559, 7.92908191681, 44.8355979919, 80.7424545288, -64.0186233521, 7.27712631226, -59.3179702759, 34.5480003357], [-969.759033203, 242.463623047, 284.636047363, -117.72808075, 309.063079834, -17.7517948151, 79.9239196777, -11.0258817673, -60.7624359131, 33.5993766785, -49.2196426392, 9.09679698944, -71.6388549805], [-823.13067627, -143.873062134, 204.754653931, 177.138122559, -17.7517948151, 271.467651367, 53.1194572449, 49.5728416443, 35.8814811707, -61.9901123047, -11.0417861938, -25.4721031189, 17.7345981598], [-1091.27441406, 34.7028961182, 225.058670044, 7.92908191681, 79.9239196777, 53.1194572449, 228.069458008, 65.3406524658, 5.37695121765, 40.7369689941, -9.68251800537, 13.4231100082, -62.6990814209], [-272.786468506, -116.058624268, -10.0992650986, 44.8355979919, -11.0258817673, 49.5728416443, 65.3406524658, 125.673065186, 56.7532081604, 13.7130947113, 15.040772438, -11.6248464584, -2.37893295288], [-128.889648438, -126.066337585, -64.5549621582, 80.7424545288, -60.7624359131, 35.8814811707, 5.37695121765, 56.7532081604, 121.765579224, 43.8520889282, 31.7784347534, 11.8944911957, 8.48878383636], [-288.286315918, -45.8965873718, -56.9833717346, -64.0186233521, 33.5993766785, -61.9901123047, 40.7369689941, 13.7130947113, 43.8520889282, 150.287857056, 79.2992858887, 47.4062423706, -16.5516109467], [97.2565002441, -118.805831909, -170.895385742, 7.27712631226, -49.2196426392, -11.0417861938, -9.68251800537, 15.040772438, 31.7784347534, 79.2992858887, 132.102752686, 61.5721321106, 14.1593837738], [-379.530700684, -43.8246269226, -10.6979436874, -59.3179702759, 9.09679698944, -25.4721031189, 13.4231100082, -11.6248464584, 11.8944911957, 47.4062423706, 61.5721321106, 120.189147949, 39.1076850891], [236.078521729, -120.733879089, -128.172332764, 34.5480003357, -71.6388549805, 17.7345981598, -62.6990814209, -2.37893295288, 8.48878383636, -16.5516109467, 14.1593837738, 39.1076850891, 119.945297241]],
        "icov": [[0.000191560960957, -0.00042849133024, 0.000568105431739, -0.000255448219832, 0.000452263368061, -5.69704279769e-05, 0.000519569090102, -0.000331084476784, 0.000554742058739, -0.000251760910032, 0.000476017041365, -6.22106454102e-05, 0.000305966997985], [-0.00042849133024, 0.00253356108442, -0.00158471462782, 0.0019799314905, -0.00196518702433, 0.000916725140996, -0.00214390037581, 0.00259532523341, -0.00280938390642, 0.00271629053168, -0.00247399904765, 0.0020572305657, -0.00105363840703], [0.000568105431739, -0.00158471462782, 0.00263182306662, -0.00122326530982, 0.00132810906507, -0.00118969462346, 0.00164296361618, -0.00131573260296, 0.00251227873378, -0.0017567378236, 0.00333816488273, -0.00173487327993, 0.00200462015346], [-0.000255448219832, 0.0019799314905, -0.00122326530982, 0.00434261094779, -0.00146874785423, 0.000160665003932, -0.00266493461095, 0.00332857505418, -0.00466566719115, 0.0042418166995, -0.00418879184872, 0.00440244656056, -0.00231563835405], [0.000452263368061, -0.00196518702433, 0.00132810906507, -0.00146874785423, 0.00792723149061, -0.0020066620782, 0.00299543794245, -0.00396885862574, 0.00704636285082, -0.00669790897518, 0.00729659106582, -0.00500735454261, 0.00484074046835], [-5.69704279769e-05, 0.000916725140996, -0.00118969462346, 0.000160665003932, -0.0020066620782, 0.00768984947354, -0.00351507193409, 0.0016766465269, -0.00485059805214, 0.00686961086467, -0.00587878189981, 0.00451863138005, -0.00391041859984], [0.000519569090102, -0.00214390037581, 0.00164296361618, -0.00266493461095, 0.00299543794245, -0.00351507193409, 0.0122195463628, -0.00882504601032, 0.00806622300297, -0.00835230294615, 0.00862871110439, -0.00793246179819, 0.00770822167397], [-0.000331084476784, 0.00259532523341, -0.00131573260296, 0.00332857505418, -0.00396885862574, 0.0016766465269, -0.00882504601032, 0.0184414703399, -0.0123033029959, 0.00808613095433, -0.00905919354409, 0.00947263371199, -0.00599892251194], [0.000554742058739, -0.00280938390642, 0.00251227873378, -0.00466566719115, 0.00704636285082, -0.00485059805214, 0.00806622300297, -0.0123033029959, 0.0232730228454, -0.0145430313423, 0.0117812026292, -0.00995129998773, 0.00720681808889], [-0.000251760910032, 0.00271629053168, -0.0017567378236, 0.0042418166995, -0.00669790897518, 0.00686961086467, -0.00835230294615, 0.00808613095433, -0.0145430313423, 0.0243923179805, -0.0178785007447, 0.00853417627513, -0.00536788068712], [0.000476017041365, -0.00247399904765, 0.00333816488273, -0.00418879184872, 0.00729659106582, -0.00587878189981, 0.00862871110439, -0.00905919354409, 0.0117812026292, -0.0178785007447, 0.0279273521155, -0.0163659490645, 0.00964284967631], [-6.22106454102e-05, 0.0020572305657, -0.00173487327993, 0.00440244656056, -0.00500735454261, 0.00451863138005, -0.00793246179819, 0.00947263371199, -0.00995129998773, 0.00853417627513, -0.0163659490645, 0.0241340938956, -0.0126011027023], [0.000305966997985, -0.00105363840703, 0.00200462015346, -0.00231563835405, 0.00484074046835, -0.00391041859984, 0.00770822167397, -0.00599892251194, 0.00720681808889, -0.00536788068712, 0.00964284967631, -0.0126011027023, 0.0185826085508]]
    },
    "melbands": {
        "dmean": [3.50914851879e-05, 0.000139321899042, 0.000510039913934, 0.000383511011023, 0.000376417825464, 0.000300922023598, 0.000192999883438, 0.000132075045258, 0.000141152762808, 7.04053600202e-05, 3.95937386202e-05, 1.87572586583e-05, 1.26276581796e-05, 1.04321179606e-05, 9.81880384643e-06, 8.51664117363e-06, 3.71205533156e-06, 4.52513177152e-06, 3.42336147696e-06, 3.04372224491e-06, 2.03428862733e-06, 1.0340559129e-06, 5.91574291775e-07, 2.95925758564e-07, 2.63418883151e-07, 1.18050323294e-07, 1.11483167586e-07, 8.21215095925e-08, 4.74627270819e-08, 2.29585825906e-08, 1.47758161262e-08, 1.54098849237e-08, 1.133573857e-08, 7.5662036636e-09, 6.08536820934e-09, 6.24537710436e-09, 3.39409611527e-09, 2.06026840033e-09, 2.31869901057e-09, 5.41491740336e-10],
        "dmean2": [5.72266726522e-05, 0.000201939546969, 0.00072952080518, 0.000570043979678, 0.000554404803552, 0.000437368493294, 0.000262355228188, 0.000199891001103, 0.00021095018019, 0.000104921011371, 5.36968218512e-05, 2.55110044236e-05, 1.83545180334e-05, 1.55701200129e-05, 1.41204427564e-05, 1.19791984616e-05, 5.65806476516e-06, 6.66421465212e-06, 5.24502866028e-06, 4.71749672215e-06, 3.06588367494e-06, 1.52937707298e-06, 9.03214868231e-07, 4.55100860108e-07, 4.07541733694e-07, 1.8249160405e-07, 1.66453460793e-07, 1.25996024281e-07, 7.30325737663e-08, 3.63747183485e-08, 2.3731089982e-08, 2.38588899748e-08, 1.73835292827e-08, 1.19239311758e-08, 9.45362010896e-09, 9.67317426159e-09, 5.26932986133e-09, 3.2365874425e-09, 3.62518415287e-09, 8.45358949508e-10],
        "dvar": [2.39851960515e-08, 2.59847865891e-07, 4.07493871535e-06, 1.10092230443e-06, 1.14051192668e-06, 7.02047202594e-07, 7.18004230293e-07, 2.05507262763e-07, 1.82280714967e-07, 5.21465075565e-08, 5.56153842979e-08, 1.00987644913e-08, 7.78726505501e-09, 5.33810640135e-09, 1.27959243201e-09, 8.16756939859e-10, 1.76745285074e-10, 1.64986552198e-10, 6.5791366799e-10, 8.95470642082e-11, 5.53228227118e-11, 2.70924636891e-11, 3.88879423455e-12, 1.3706384118e-12, 1.93845633989e-12, 3.43185278372e-13, 2.27887343328e-13, 2.47591714925e-13, 3.5060933242e-14, 1.50644403093e-14, 4.74981517876e-15, 3.46051096612e-15, 2.27749710638e-15, 9.70581808216e-16, 6.54248407278e-16, 6.71409453608e-16, 1.88410528011e-16, 8.34597378623e-17, 1.21998367151e-16, 4.28852284886e-18],
        "dvar2": [7.57229798865e-08, 5.67939821394e-07, 9.01602106751e-06, 2.57252077063e-06, 2.21103846343e-06, 1.35214997954e-06, 1.04559683223e-06, 4.22551522661e-07, 3.81243751235e-07, 1.12737595259e-07, 8.9741156728e-08, 1.40226603662e-08, 1.35037119264e-08, 1.2590893661e-08, 2.70583155881e-09, 1.61097513107e-09, 4.13195366811e-10, 3.06845437947e-10, 1.58715451892e-09, 1.98053670686e-10, 1.10966201505e-10, 4.27194078723e-11, 8.4677143769e-12, 2.88101118483e-12, 4.12292162216e-12, 8.21724903833e-13, 5.15646390604e-13, 5.43530118916e-13, 7.63505673073e-14, 3.67397830366e-14, 1.20547382772e-14, 8.24998232164e-15, 5.6983743421e-15, 2.3173563593e-15, 1.58325249155e-15, 1.61483919718e-15, 4.66571634792e-16, 2.14648961739e-16, 3.0818679687e-16, 1.01740601453e-17],
        "max": [0.00609744247049, 0.0242110732943, 0.091017767787, 0.0320956595242, 0.0513909645379, 0.0389472767711, 0.0682795718312, 0.0294420029968, 0.0162077154964, 0.00635771779343, 0.0140539007261, 0.00737672951072, 0.00569614488631, 0.00404446665198, 0.00171559804585, 0.00143640697934, 0.000797347398475, 0.000886646157596, 0.00244674319401, 0.000402916164603, 0.000405652419431, 0.00045836775098, 8.36231120047e-05, 6.37260673102e-05, 8.55100370245e-05, 3.41164632118e-05, 1.86314136954e-05, 4.000575791e-05, 6.24035328656e-06, 5.13433815286e-06, 3.01290651805e-06, 2.31776675719e-06, 2.55727718468e-06, 1.17857314308e-06, 1.11287397431e-06, 1.0421603065e-06, 5.1380578725e-07, 4.30892384884e-07, 5.97773180289e-07, 6.8973676548e-08],
        "mean": [7.64712458476e-05, 0.000308221089654, 0.00111140985973, 0.000804657873232, 0.00086958729662, 0.000763463263866, 0.000548085023183, 0.000258629472228, 0.000303694570903, 0.000140191361425, 8.53011224535e-05, 4.2055897211e-05, 2.45400624408e-05, 1.98080651899e-05, 2.21672726184e-05, 1.85760818567e-05, 6.92977710059e-06, 9.04871649254e-06, 6.50125639368e-06, 5.34648916073e-06, 3.82829193768e-06, 1.84938528491e-06, 1.09013217298e-06, 5.61274646316e-07, 4.53205359463e-07, 2.1297613273e-07, 1.76551992581e-07, 1.36879776846e-07, 7.69992851701e-08, 3.42949171284e-08, 2.31048478128e-08, 2.64149520035e-08, 1.8712251304e-08, 1.16586367227e-08, 9.87125581275e-09, 1.06922950494e-08, 5.52778756102e-09, 3.26886984148e-09, 3.68921648786e-09, 7.21816439953e-10],
        "median": [2.60067099589e-05, 4.6289889724e-05, 0.000125282924273, 0.000203891337151, 0.000215014297282, 0.000164193887031, 6.61136000417e-05, 6.52948219795e-05, 5.184447582e-05, 3.16510268021e-05, 1.17602248793e-05, 7.02269699104e-06, 5.14244084115e-06, 3.99432974518e-06, 3.61885804523e-06, 3.65482355846e-06, 1.75820662207e-06, 1.74120361862e-06, 1.27814723783e-06, 1.03182048861e-06, 5.67540041629e-07, 2.36319209534e-07, 1.7095635485e-07, 7.57689733177e-08, 5.35722044503e-08, 2.43510847042e-08, 1.8549400238e-08, 1.29307666796e-08, 6.11617201329e-09, 3.03146396874e-09, 2.14749507066e-09, 2.2691737378e-09, 1.2881928857e-09, 6.55374920999e-10, 5.67762281634e-10, 5.35698374549e-10, 3.31284083499e-10, 1.59641994069e-10, 1.97533683854e-10, 3.33335650748e-11],
        "min": [6.35318448439e-25, 6.76974593666e-25, 1.11531708717e-24, 1.51577946609e-24, 1.67222123322e-24, 5.55989363215e-25, 1.75289961571e-24, 2.12825462278e-24, 2.38971172297e-24, 2.0113878379e-24, 3.22707968526e-24, 2.71126365529e-24, 2.52788051331e-24, 3.00449725604e-24, 3.31617403032e-24, 2.75997976049e-24, 3.48897953364e-24, 2.63326996366e-24, 3.46852515923e-24, 3.05756905673e-24, 3.65254077043e-24, 3.03310904385e-24, 3.79187687769e-24, 4.49928473901e-24, 3.55548169124e-24, 4.48089086928e-24, 4.57398671129e-24, 5.62064026059e-24, 4.94349744233e-24, 4.71559671011e-24, 3.75781386381e-24, 4.55405811267e-24, 4.3406361335e-24, 2.89074055528e-24, 4.6712804766e-24, 5.79713921066e-24, 5.86616690645e-24, 5.13319127434e-24, 6.01518667575e-24, 4.93448825636e-24],
        "var": [4.40150316194e-08, 9.6355313417e-07, 1.03894026324e-05, 2.56632847595e-06, 4.46867761639e-06, 3.30860075337e-06, 5.93115692027e-06, 5.5071194538e-07, 6.70267866099e-07, 1.35375501031e-07, 1.8444735872e-07, 4.60739784103e-08, 2.36672761389e-08, 8.27413160209e-09, 4.10666878281e-09, 2.85874945938e-09, 3.67374242138e-10, 5.69731706257e-10, 1.46351220032e-09, 2.05968492262e-10, 1.46974030169e-10, 7.31820229416e-11, 1.02417952591e-11, 2.96309873339e-12, 3.61575331308e-12, 5.94817652164e-13, 3.48054077963e-13, 4.38275690696e-13, 6.20428594568e-14, 1.72040082647e-14, 6.14301200579e-15, 6.95283945435e-15, 3.92352056267e-15, 1.56350931822e-15, 1.09497007883e-15, 1.47403542805e-15, 3.13346630417e-16, 1.21737917755e-16, 1.60357604126e-16, 6.4494238385e-18]
    },
    "mfcc": {
        "mean": [-829.41784668, 210.052825928, 8.54245376587, 3.59743928909, 4.03860902786, -5.33950424194, -13.6363601685, -9.14002323151, -6.16688251495, -1.77423214912, -4.16654109955, -2.37999582291, -3.17198133469],
        "cov": [[11892.3349609, 2945.69189453, -3501.81420898, -278.63949585, -392.515838623, -475.855163574, -760.163513184, -344.201812744, -369.438842773, -47.7445373535, -310.720062256, -73.0720291138, -70.9296035767], [2945.69189453, 2241.14599609, -507.367797852, -356.715270996, -0.0910008177161, -147.486373901, -129.393539429, -172.341964722, -122.608985901, -107.924690247, -90.1792526245, -115.925758362, -86.9983520508], [-3501.81420898, -507.367797852, 1633.57189941, 185.554199219, 138.387527466, 218.176940918, 251.02104187, 145.375488281, 134.306228638, -5.43504858017, 53.8518676758, -7.69103336334, -20.26820755], [-278.63949585, -356.715270996, 185.554199219, 370.047515869, 56.8920516968, 31.3218784332, 45.3920822144, 36.3754920959, 33.5336494446, 27.6920261383, 5.74523925781, 5.5017914772, -6.29062700272], [-392.515838623, -0.0910008177161, 138.387527466, 56.8920516968, 177.95375061, 53.1652679443, 18.61328125, 12.2517623901, 20.497926712, -10.7583189011, -11.5733680725, -35.9269866943, -28.1955375671], [-475.855163574, -147.486373901, 218.176940918, 31.3218784332, 53.1652679443, 141.026504517, 68.7655334473, 38.8409156799, 26.0518093109, 0.0996368974447, 3.92060399055, -11.8433103561, -9.36222457886], [-760.163513184, -129.393539429, 251.02104187, 45.3920822144, 18.61328125, 68.7655334473, 178.652679443, 68.0618286133, 31.4439201355, 13.6182126999, 30.7207012177, 9.93327331543, -0.886374533176], [-344.201812744, -172.341964722, 145.375488281, 36.3754920959, 12.2517623901, 38.8409156799, 68.0618286133, 135.146682739, 70.4356307983, 16.2740955353, 2.08362078667, 3.59303045273, -2.59184670448], [-369.438842773, -122.608985901, 134.306228638, 33.5336494446, 20.497926712, 26.0518093109, 31.4439201355, 70.4356307983, 124.911369324, 32.8193778992, -1.256254673, 3.13168907166, -7.21249341965], [-47.7445373535, -107.924690247, -5.43504858017, 27.6920261383, -10.7583189011, 0.0996368974447, 13.6182126999, 16.2740955353, 32.8193778992, 101.312484741, 42.5944328308, 15.1000461578, 8.76549530029], [-310.720062256, -90.1792526245, 53.8518676758, 5.74523925781, -11.5733680725, 3.92060399055, 30.7207012177, 2.08362078667, -1.256254673, 42.5944328308, 129.119613647, 63.3165397644, 11.2918205261], [-73.0720291138, -115.925758362, -7.69103336334, 5.5017914772, -35.9269866943, -11.8433103561, 9.93327331543, 3.59303045273, 3.13168907166, 15.1000461578, 63.3165397644, 141.44871521, 58.5683021545], [-70.9296035767, -86.9983520508, -20.26820755, -6.29062700272, -28.1955375671, -9.36222457886, -0.886374533176, -2.59184670448, -7.21249341965, 8.76549530029, 11.2918205261, 58.5683021545, 118.743232727]],
