{
"lowlevel": {
    "average_loudness": 0.348153173923,
    "barkbands_crest": {
        "dmean": 2.21046924591,
        "dmean2": 3.51655483246,
        "dvar": 4.02722406387,
        "dvar2": 9.99298858643,
        "max": 26.3697185516,
        "mean": 11.8524560928,
        "median": 11.1594724655,
        "min": 3.28602647781,
        "var": 16.8614139557
    },
    "barkbands_flatness_db": {
        "dmean": 0.0243110787123,
        "dmean2": 0.038161765784,
        "dvar": 0.000464404030936,
        "dvar2": 0.00108089135028,
        "max": 0.660890042782,
        "mean": 0.310496330261,
        "median": 0.300722002983,
        "min": 0.0555315800011,
        "var": 0.00582556892186
    },
    "barkbands_kurtosis": {
        "dmean": 2.57636547089,
        "dmean2": 4.02031326294,
        "dvar": 28.5245819092,
        "dvar2": 73.8190536499,
        "max": 251.380371094,
        "mean": 5.65864133835,
        "median": 3.51445865631,
        "min": -1.85863339901,
        "var": 91.148399353
    },
    "barkbands_skewness": {
        "dmean": 0.434510529041,
        "dmean2": 0.670249164104,
        "dvar": 0.213751360774,
        "dvar2": 0.525199472904,
        "max": 10.3706970215,
        "mean": 1.494607687,
        "median": 1.4340569973,
        "min": -4.07379817963,
        "var": 1.06431531906
    },
    "barkbands_spread": {
        "dmean": 1.40097296238,
        "dmean2": 2.15206289291,
        "dvar": 3.66183757782,
        "dvar2": 8.15276527405,
        "max": 74.8301773071,
        "mean": 6.10852336884,
        "median": 5.1999797821,
        "min": 0.0828890278935,
        "var": 16.7415065765
    },
    "dissonance": {
        "dmean": 0.0372587703168,
        "dmean2": 0.0623794831336,
        "dvar": 0.00111878430471,
        "dvar2": 0.00302841188386,
        "max": 0.500000059605,
        "mean": 0.39924031496,
        "median": 0.408585101366,
        "min": 0.098169863224,
        "var": 0.00341399107128
    },
    "dynamic_complexity": 4.58004188538,
    "erbbands_crest": {
        "dmean": 2.57683706284,
        "dmean2": 4.05484199524,
        "dvar": 5.86435079575,
        "dvar2": 13.7950925827,
        "max": 33.5160179138,
        "mean": 12.4486093521,
        "median": 11.4192657471,
        "min": 2.05085062981,
        "var": 25.7792205811
    },
    "erbbands_flatness_db": {
        "dmean": 0.0149142071605,
        "dmean2": 0.021763311699,
        "dvar": 0.000220133908442,
        "dvar2": 0.000444562203484,
        "max": 0.484349876642,
        "mean": 0.316334813833,
        "median": 0.31252899766,
        "min": 0.0928966328502,
        "var": 0.00204799463972
    },
    "erbbands_kurtosis": {
        "dmean": 1.32802689075,
        "dmean2": 2.01723194122,
        "dvar": 5.16001367569,
        "dvar2": 11.4495649338,
        "max": 75.4130325317,
        "mean": 2.04015398026,
        "median": 0.71289563179,
        "min": -1.80625748634,
        "var": 22.5563316345
    },
    "erbbands_skewness": {
        "dmean": 0.340887486935,
        "dmean2": 0.516472697258,
        "dvar": 0.115444451571,
        "dvar2": 0.249588027596,
        "max": 6.53233575821,
        "mean": 0.849188148975,
        "median": 0.782346606255,
        "min": -6.32035064697,
        "var": 0.821507692337
    },
    "erbbands_spread": {
        "dmean": 2.92268800735,
        "dmean2": 4.42867040634,
        "dvar": 10.2036514282,
        "dvar2": 22.8590049744,
        "max": 112.171340942,
        "mean": 15.6382875443,
        "median": 14.5458459854,
        "min": 0.671223580837,
        "var": 80.2618331909
    },
    "hfc": {
        "dmean": 2.62491321564,
        "dmean2": 3.31038999557,
        "dvar": 25.7550354004,
        "dvar2": 38.807800293,
        "max": 156.555664062,
        "mean": 9.17336559296,
        "median": 5.99557685852,
        "min": 1.26959386184e-16,
        "var": 139.04864502
    },
    "melbands_crest": {
        "dmean": 2.80632686615,
        "dmean2": 4.46365261078,
        "dvar": 6.55597066879,
        "dvar2": 16.5195121765,
        "max": 33.7004585266,
        "mean": 15.2740736008,
        "median": 14.5510902405,
        "min": 1.88738179207,
        "var": 25.1549911499
    },
    "melbands_flatness_db": {
        "dmean": 0.0221534278244,
        "dmean2": 0.0313889421523,
        "dvar": 0.000490357459057,
        "dvar2": 0.000940724159591,
        "max": 0.785951435566,
        "mean": 0.382103949785,
        "median": 0.374196738005,
        "min": 0.00460579525679,
        "var": 0.00991012807935
    },
    "melbands_kurtosis": {
        "dmean": 3.45342135429,
        "dmean2": 5.37249851227,
        "dvar": 50.7011413574,
        "dvar2": 121.746543884,
        "max": 346.056243896,
        "mean": 8.33106422424,
        "median": 5.72224521637,
        "min": -1.88235366344,
        "var": 155.848175049
    },
    "melbands_skewness": {
        "dmean": 0.472627609968,
        "dmean2": 0.725051939487,
        "dvar": 0.241275504231,
        "dvar2": 0.557386100292,
        "max": 16.2412605286,
        "mean": 1.8542368412,
        "median": 1.79518830776,
        "min": -2.79420685768,
        "var": 1.35758733749
    },
    "melbands_spread": {
        "dmean": 1.93610060215,
        "dmean2": 2.97342586517,
        "dvar": 7.99236154556,
        "dvar2": 17.6047782898,
        "max": 138.289794922,
        "mean": 8.25466537476,
        "median": 6.95110225677,
        "min": 0.292366564274,
        "var": 36.7385673523
    },
    "pitch_salience": {
        "dmean": 0.0629002973437,
        "dmean2": 0.100567013025,
        "dvar": 0.00328448507935,
        "dvar2": 0.00814746692777,
        "max": 0.841226816177,
        "mean": 0.534611940384,
        "median": 0.54394441843,
        "min": 0.0464465916157,
        "var": 0.0142999198288
    },
    "silence_rate_20dB": {
        "dmean": 0.000465910852654,
        "dmean2": 0.00093189405743,
        "dvar": 0.000465691235149,
        "dvar2": 0.00124172726646,
        "max": 1,
        "mean": 0.999301195145,
        "median": 1,
        "min": 0,
        "var": 0.000698354444467
    },
    "silence_rate_30dB": {
        "dmean": 0.0124242892489,
        "dmean2": 0.0248505081981,
        "dvar": 0.0122684873641,
        "dvar2": 0.0265571903437,
        "max": 1,
        "mean": 0.981132090092,
        "median": 1,
        "min": 0,
        "var": 0.0185081940144
    },
    "silence_rate_60dB": {
        "dmean": 0.0335455797613,
        "dmean2": 0.067096374929,
        "dvar": 0.0324227884412,
        "dvar2": 0.068196952343,
        "max": 1,
        "mean": 0.14442114532,
        "median": 0,
        "min": 0,
        "var": 0.123573198915
    },
    "spectral_centroid": {
        "dmean": 64.4370117188,
        "dmean2": 95.1926040649,
        "dvar": 13158.0546875,
        "dvar2": 20646.4804688,
        "max": 11399.9072266,
        "mean": 519.062988281,
        "median": 466.311248779,
        "min": 114.359298706,
        "var": 73081.7421875
    },
    "spectral_complexity": {
        "dmean": 1.54371798038,
        "dmean2": 2.43053507805,
        "dvar": 2.64544057846,
        "dvar2": 5.29983043671,
        "max": 38,
        "mean": 10.2611227036,
        "median": 10,
        "min": 0,
        "var": 25.7629795074
    },
    "spectral_decrease": {
        "dmean": 1.68574243453e-09,
        "dmean2": 2.2124371224e-09,
        "dvar": 1.06318144517e-17,
        "dvar2": 1.71856069768e-17,
        "max": 1.60124560027e-28,
        "mean": -5.58938584305e-09,
        "median": -3.62858743053e-09,
        "min": -1.56913401383e-07,
        "var": 5.4780409952e-17
    },
    "spectral_energy": {
        "dmean": 0.0065849092789,
        "dmean2": 0.00862630270422,
        "dvar": 0.000160648414749,
        "dvar2": 0.000259172258666,
        "max": 0.60394769907,
        "mean": 0.0219276305288,
        "median": 0.014313204214,
        "min": 1.0911234447e-20,
        "var": 0.000830621283967
    },
    "spectral_energyband_high": {
        "dmean": 3.05894877783e-06,
        "dmean2": 4.2494993977e-06,
        "dvar": 1.23143453767e-10,
        "dvar2": 2.26282020899e-10,
        "max": 0.000445996643975,
        "mean": 7.35041521693e-06,
        "median": 1.50956327616e-06,
        "min": 8.03599745085e-21,
        "var": 3.9746050895e-10
    },
    "spectral_energyband_low": {
        "dmean": 0.00170271517709,
        "dmean2": 0.00243948935531,
        "dvar": 2.29128181672e-05,
        "dvar2": 4.37646085629e-05,
        "max": 0.181388214231,
        "mean": 0.00414187274873,
        "median": 0.000866644957568,
        "min": 6.33368090431e-23,
        "var": 9.32873008423e-05
    },
    "spectral_energyband_middle_high": {
        "dmean": 0.000746253877878,
        "dmean2": 0.000931289745495,
        "dvar": 5.47245736016e-06,
        "dvar2": 8.03439343144e-06,
        "max": 0.107491962612,
        "mean": 0.00212388765067,
        "median": 0.000919072539546,
        "min": 1.367273007e-21,
        "var": 2.46297222475e-05
    },
    "spectral_energyband_middle_low": {
        "dmean": 0.00555150816217,
        "dmean2": 0.00754431588575,
        "dvar": 0.000128306142869,
        "dvar2": 0.000218713932554,
        "max": 0.600612282753,
        "mean": 0.0168975759298,
        "median": 0.0104275820777,
        "min": 2.85282395587e-22,
        "var": 0.000605864624958
    },
    "spectral_entropy": {
        "dmean": 0.161607846618,
        "dmean2": 0.232857882977,
        "dvar": 0.0273179486394,
        "dvar2": 0.0539928749204,
        "max": 9.79689121246,
        "mean": 6.02812337875,
        "median": 6.10551166534,
        "min": 3.66247677803,
        "var": 0.335287898779
    },
    "spectral_flux": {
        "dmean": 0.0159009620547,
        "dmean2": 0.025828268379,
        "dvar": 0.000469322549179,
        "dvar2": 0.00114869093522,
        "max": 0.489714533091,
        "mean": 0.049368545413,
        "median": 0.042278368026,
        "min": 1.0445685289e-10,
        "var": 0.00126273860224
    },
    "spectral_kurtosis": {
        "dmean": 18.4022216797,
        "dmean2": 31.3472270966,
        "dvar": 325.215179443,
        "dvar2": 851.849365234,
        "max": 403.226806641,
        "mean": 46.369682312,
        "median": 35.1115112305,
        "min": -1.21610236168,
        "var": 1544.5045166
    },
    "spectral_rms": {
        "dmean": 0.000622894847766,
        "dmean2": 0.000816986139398,
        "dvar": 6.01692761393e-07,
        "dvar2": 9.68102312982e-07,
        "max": 0.0242737978697,
        "mean": 0.00401249201968,
        "median": 0.00373685709201,
        "min": 3.26268395981e-12,
        "var": 5.29273711436e-06
    },
    "spectral_rolloff": {
        "dmean": 110.393882751,
        "dmean2": 188.048461914,
        "dvar": 53744.5898438,
        "dvar2": 98009.75,
        "max": 18733.8867188,
        "mean": 633.276000977,
        "median": 581.396484375,
        "min": 43.06640625,
        "var": 165680.875
    },
    "spectral_skewness": {
        "dmean": 1.07427930832,
        "dmean2": 1.83717644215,
        "dvar": 0.819262862206,
        "dvar2": 2.22599220276,
        "max": 16.831413269,
        "mean": 4.45492076874,
        "median": 3.95700860023,
        "min": 0.0014878557995,
        "var": 4.69644069672
    },
    "spectral_spread": {
        "dmean": 251592.65625,
        "dmean2": 421134.0625,
        "dvar": 150814375936,
        "dvar2": 248179113984,
        "max": 40000960,
        "mean": 1399451.25,
        "median": 1329990.625,
        "min": 229434.203125,
        "var": 425092579328
    },
    "spectral_strongpeak": {
        "dmean": 0.367713332176,
        "dmean2": 0.557029545307,
        "dvar": 0.324676722288,
        "dvar2": 0.636107206345,
        "max": 16.9974689484,
        "mean": 1.04335296154,
        "median": 0.711262047291,
        "min": 0,
        "var": 1.273442626
    },
    "zerocrossingrate": {
        "dmean": 0.00274446816184,
        "dmean2": 0.00335589563474,
        "dvar": 1.63870681718e-05,
        "dvar2": 1.39033982123e-05,
        "max": 0.5107421875,
        "mean": 0.0239065587521,
        "median": 0.0224609375,
        "min": 0.00341796875,
        "var": 0.000170436949702
    },
    "barkbands": {
        "dmean": [2.74629492196e-05, 0.000465985620394, 0.000827273586765, 0.00153516919818, 0.0018376079388, 0.00186867685989, 0.000840952270664, 0.000763818912674, 0.000925850996282, 0.000304359564325, 0.00023010536097, 0.000153143366333, 0.000117254654469, 7.33832202968e-05, 0.000116888353659, 5.37421874469e-05, 6.34197785985e-05, 2.42547048401e-05, 7.9018964243e-06, 2.81827965409e-06, 1.44189573348e-06, 6.20374009941e-07, 3.47004828427e-07, 3.07369219854e-07, 7.99135335683e-08, 7.78181574734e-10, 8.29942226055e-10],
        "dmean2": [4.82089235447e-05, 0.000695029855706, 0.00117832422256, 0.00218784436584, 0.00264383619651, 0.00286807515658, 0.00121012644377, 0.00104508572258, 0.0012790315086, 0.000445597310318, 0.000277048005955, 0.000195263753994, 0.000170216109836, 0.000106759827759, 0.000172836924321, 7.97097527538e-05, 9.58655145951e-05, 3.6077140976e-05, 1.20482745842e-05, 4.09080894315e-06, 2.17037290895e-06, 9.32603654746e-07, 5.2785378557e-07, 4.56309550145e-07, 1.24230496112e-07, 1.4181095187e-09, 1.51244361479e-09],
        "dvar": [1.07750590672e-08, 1.98249790628e-06, 7.0680830504e-06, 2.64836980932e-05, 1.9716724637e-05, 2.12589675357e-05, 5.16899081049e-06, 4.97639575769e-06, 7.95890264271e-06, 9.51020922457e-07, 2.2604899641e-06, 1.09183656605e-06, 1.47063261124e-07, 8.70660201713e-08, 1.94369775386e-07, 4.45112888769e-08, 1.63671259656e-07, 1.46112606458e-08, 1.0121552485e-09, 8.88190632153e-11, 3.66390320861e-11, 6.92326578011e-12, 2.10667421008e-12, 2.24863313733e-12, 1.63448342859e-13, 2.60395443535e-18, 2.9650499988e-18],
        "dvar2": [3.08433030227e-08, 4.48307946499e-06, 1.31638280436e-05, 5.19757995789e-05, 3.09674869641e-05, 4.76532295579e-05, 1.01025634649e-05, 8.56296446727e-06, 1.3895898519e-05, 1.99493888431e-06, 2.99416683447e-06, 1.67728785527e-06, 2.65921670461e-07, 1.56115916639e-07, 2.79123241853e-07, 7.26118187799e-08, 3.90314284004e-07, 3.28960219065e-08, 2.18560436416e-09, 1.9231531645e-10, 7.20003986987e-11, 1.55691397274e-11, 4.69003004835e-12, 5.36355161673e-12, 3.74833329523e-13, 7.66707175049e-18, 8.73139429131e-18],
        "max": [0.0061951065436, 0.0342265032232, 0.0951600819826, 0.196331441402, 0.51523566246, 0.187495321035, 0.0793837383389, 0.0844260752201, 0.109343573451, 0.0324901081622, 0.0911734178662, 0.104592427611, 0.0195509400219, 0.0195551346987, 0.0470129474998, 0.015876064077, 0.0211138278246, 0.00736341997981, 0.0020595532842, 0.000494351319503, 0.000379131612135, 0.000126658997033, 4.96648790431e-05, 7.40629839129e-05, 1.96862638404e-05, 4.54336799294e-08, 4.84965454461e-08],
        "mean": [2.86294653051e-05, 0.00102409173269, 0.00192968919873, 0.0030353765469, 0.00431900378317, 0.00379769341089, 0.00192827580031, 0.00176295998972, 0.00188314227853, 0.000537222484127, 0.000506719748955, 0.000316833204124, 0.000228413235163, 0.000133933717734, 0.000230804420426, 9.45546707953e-05, 0.000100207726064, 4.57287023892e-05, 1.40789015859e-05, 5.15852207172e-06, 2.73941759588e-06, 1.13119904199e-06, 6.09528456152e-07, 5.47037416254e-07, 1.01507325212e-07, 6.33462449162e-10, 6.75075051415e-10],
        "median": [7.83123869041e-06, 8.80980151123e-05, 0.000241336572799, 0.00051992002409, 0.00170943432022, 0.00162711297162, 0.000405037833843, 0.000333862466505, 0.000417653296608, 0.000140835589264, 8.38072737679e-05, 6.16971083218e-05, 5.77508762944e-05, 3.38531899615e-05, 5.57207713427e-05, 2.40771860263e-05, 1.98600337171e-05, 7.55048995416e-06, 2.65442622549e-06, 1.03595994005e-06, 4.35578385805e-07, 1.98745098601e-07, 8.57954987055e-08, 5.86611612619e-08, 6.63968968695e-09, 1.50388451692e-10, 1.59931914934e-10],
        "min": [1.07357216551e-23, 3.71856030293e-23, 1.40847485867e-23, 3.51926232607e-24, 7.28527245468e-23, 3.75062118784e-23, 4.90564671281e-23, 3.55621840844e-23, 7.65776689433e-23, 6.01994271815e-23, 6.84785160709e-23, 1.35568712679e-22, 1.04085993393e-22, 1.08388604853e-22, 1.27812594394e-22, 5.22440647195e-23, 2.48653526408e-22, 1.22592417794e-22, 2.33101733196e-22, 2.17569680439e-22, 3.61460610611e-22, 3.79996999105e-22, 7.6486166127e-22, 8.30436929396e-22, 1.35350234812e-21, 1.78157699889e-21, 2.75024548197e-21],
        "var": [1.11005657999e-08, 8.63124023454e-06, 2.9291584724e-05, 6.99101146893e-05, 0.000149874904309, 4.77299727208e-05, 2.41747784457e-05, 2.18886270886e-05, 2.40440567723e-05, 2.08015671888e-06, 9.58188957156e-06, 4.46058857051e-06, 4.1991023636e-07, 2.60676216612e-07, 8.26149744171e-07, 1.10929725849e-07, 2.01224509055e-07, 2.56996681713e-08, 1.94933869047e-09, 2.05039027423e-10, 9.58169585341e-11, 1.2802144761e-11, 4.06836803829e-12, 3.68624141628e-12, 2.24177420334e-13, 2.33184778939e-18, 2.65348601043e-18]
    },
    "erbbands": {
        "dmean": [0.00418177852407, 0.140349760652, 0.818065464497, 2.97181582451, 6.32123279572, 4.98167037964, 12.1475515366, 16.8628749847, 11.830663681, 14.7522115707, 13.8117990494, 24.0163440704, 11.282242775, 8.83109664917, 9.10527992249, 5.67315244675, 5.0373415947, 3.77176046371, 4.97963953018, 5.45779180527, 2.14433336258, 3.42314887047, 1.22712004185, 0.830470860004, 0.276056975126, 0.125443309546, 0.0625701099634, 0.052506107837, 0.0246916301548, 0.0137037625536, 0.00956080947071, 0.00768256513402, 0.00434902776033, 0.00159598409664, 4.45674959337e-05, 5.8456653278e-06, 2.65976495939e-06, 6.95791413818e-07, 3.09509778162e-06, 7.33389742891e-06],
        "dmean2": [0.00665676034987, 0.206354081631, 1.15444815159, 4.26585292816, 8.78734397888, 7.42819452286, 18.6144294739, 25.6377182007, 16.7956352234, 20.960899353, 19.0683307648, 33.5965766907, 15.5741319656, 12.337395668, 10.4907674789, 7.31832790375, 7.11606740952, 5.63431024551, 7.35557460785, 7.77660608292, 3.1389977932, 5.15997648239, 1.79761946201, 1.20246374607, 0.409647792578, 0.182153120637, 0.0920503661036, 0.07962423563, 0.036979265511, 0.0204588212073, 0.014359747991, 0.0116385221481, 0.00635198270902, 0.00238474342041, 6.60286168568e-05, 8.64163939696e-06, 3.83719316233e-06, 1.09173618057e-06, 4.0194236135e-06, 9.5828281701e-06],
        "dvar": [0.000144774356158, 0.182234972715, 6.5364985466, 90.1669616699, 458.061279297, 116.756607056, 698.707580566, 2334.15161133, 1321.23327637, 1541.14990234, 1409.64819336, 5415.421875, 1829.66821289, 1341.26757812, 3725.55688477, 774.637939453, 286.395721436, 186.892272949, 262.765869141, 593.88079834, 82.599067688, 447.810791016, 36.4632987976, 11.984044075, 1.01862061024, 0.201992154121, 0.0521914176643, 0.0495293810964, 0.0127116385847, 0.00287795555778, 0.00169847870711, 0.00136510073207, 0.00043367195758, 6.02471154707e-05, 3.71456359005e-08, 1.51991627617e-10, 2.44883922168e-11, 1.74015999093e-12, 3.48506605519e-11, 1.9719557931e-10],
        "dvar2": [0.000370731897419, 0.395461440086, 11.8118190765, 187.622634888, 703.706970215, 246.609710693, 1508.67285156, 5317.88085938, 2558.44995117, 2853.64038086, 2507.22119141, 9884.62792969, 3358.08276367, 2000.62121582, 4832.17578125, 1327.78686523, 476.75177002, 397.947143555, 490.197479248, 891.382629395, 188.032562256, 1030.13024902, 80.1937332153, 26.2752628326, 2.17674779892, 0.428622156382, 0.108353286982, 0.0982893407345, 0.0290109422058, 0.00627795187756, 0.00358727644198, 0.00324697722681, 0.000924575608224, 0.000136289076181, 8.16394134517e-08, 3.14929859968e-10, 4.67289713868e-11, 4.0200555558e-12, 5.54308959844e-11, 3.17098985958e-10],
        "max": [0.555187404156, 9.9193239212, 95.1358795166, 337.311126709, 1997.77746582, 794.072021484, 1260.20422363, 2273.6862793, 1383.61901855, 1683.19030762, 1375.51208496, 3297.28076172, 1993.93835449, 3305.67016602, 4624.5234375, 2361.79321289, 966.026855469, 505.458770752, 846.287963867, 1807.66052246, 572.553283691, 1127.0871582, 400.913391113, 196.891769409, 53.2429122925, 21.6830425262, 7.61283683777, 14.1741762161, 5.21873760223, 2.40520000458, 1.50613355637, 1.72583210468, 0.968632936478, 0.335022687912, 0.00846322346479, 0.000416180992033, 0.000231442696531, 4.47896200058e-05, 0.000272234086879, 0.000660593388602],
        "mean": [0.0082275075838, 0.320428431034, 2.02577877045, 6.14437818527, 13.3174877167, 11.5336093903, 26.0023097992, 33.9846954346, 27.9902629852, 33.3285064697, 34.0668754578, 47.9453697205, 23.4064254761, 18.166305542, 20.7790489197, 12.1643762589, 10.8901481628, 7.33426046371, 10.3883390427, 10.4296350479, 4.32450914383, 5.52594280243, 2.43603134155, 1.63918042183, 0.534013807774, 0.240473896265, 0.12261197716, 0.0989235118032, 0.0453235208988, 0.0247635673732, 0.0171762350947, 0.0130893327296, 0.00775637570769, 0.00246025947854, 8.09264383861e-05, 1.62106862263e-05, 8.12594589661e-06, 1.7292505845e-06, 1.05110566437e-05, 2.45710052695e-05],
        "median": [0.00195184582844, 0.0324422679842, 0.304517269135, 1.26638388634, 2.80539155006, 4.82508516312, 10.4845275879, 12.6882972717, 7.00526428223, 8.60716724396, 9.38938808441, 11.7446651459, 6.38616609573, 5.40746974945, 3.98046946526, 3.30168581009, 3.18630719185, 2.26798343658, 2.98862552643, 2.73945260048, 1.32277977467, 1.12599861622, 0.528742730618, 0.28573679924, 0.109113097191, 0.0520116537809, 0.0235673841089, 0.0160424280912, 0.00860704667866, 0.00373511202633, 0.00231221457943, 0.00150292972103, 0.000801460526418, 0.000208459983696, 2.2130783691e-05, 1.00205925264e-05, 5.36374409421e-06, 1.08887468286e-06, 6.92194089424e-06, 1.61013085744e-05],
        "min": [9.58958299535e-22, 8.20083015156e-21, 1.91453505403e-20, 1.67580055105e-20, 4.62196311487e-20, 3.91621397333e-19, 2.42926764186e-19, 4.39835919932e-19, 5.73675449103e-19, 7.82133028478e-19, 1.13744034389e-18, 1.50912619732e-18, 1.56107810287e-18, 2.54422661845e-18, 2.19339223051e-18, 6.67442482333e-18, 5.63553436403e-18, 5.5092023778e-18, 6.62333525357e-18, 6.39028125188e-18, 2.87236999463e-18, 1.35097437204e-17, 9.55409654803e-18, 1.24029330474e-17, 8.88191221147e-18, 9.36990906821e-18, 1.71046508102e-17, 1.25267710841e-17, 1.43356455118e-17, 1.2600400912e-17, 2.11571790304e-17, 1.82897607457e-17, 1.58786202499e-17, 1.2405298784e-17, 1.09003760083e-17, 6.02803280546e-18, 3.81519604029e-18, 1.4320385477e-18, 4.28384069641e-19, 3.5481663575e-20],
        "var": [0.000358917401172, 0.852226555347, 32.7586784363, 232.710357666, 2529.3347168, 597.580566406, 2273.14892578, 4721.95361328, 5210.86376953, 5673.83935547, 6525.89599609, 14971.4492188, 5361.54101562, 4952.01806641, 15498.9130859, 2825.89477539, 959.15838623, 426.464782715, 918.600891113, 2075.63671875, 149.431015015, 592.54888916, 63.2641296387, 31.1507072449, 2.40125083923, 0.486234456301, 0.125104784966, 0.128600344062, 0.0225848350674, 0.00610818061978, 0.00340179889463, 0.00212197145447, 0.000844143272843, 9.63071579463e-05, 6.47690256983e-08, 5.2359161451e-10, 1.10853035085e-10, 5.57532188819e-12, 1.84089007926e-10, 1.02506136912e-09]
    },
    "gfcc": {
        "mean": [-164.856048584, 213.590713501, -133.834960938, -3.6188044548, -48.3906784058, -18.3699893951, -32.0483474731, -19.9037971497, -2.06220340729, -26.5353927612, 0.211304038763, -20.265630722, 2.02268886566],
        "cov": [[9794.90332031, -660.583862305, -2890.60498047, -197.047439575, -247.68649292, -569.255065918, -351.615936279, 107.730255127, 38.003036499, -67.7461547852, 6.56866168976, 6.00659322739, 70.6918716431], [-660.583862305, 794.561645508, 751.853027344, -224.626419067, 317.399200439, -15.3973798752, 162.706588745, -55.1142997742, -69.171585083, -19.522321701, -112.497421265, -5.5583524704, -81.6872634888], [-2890.60498047, 751.853027344, 2041.93286133, 116.986595154, 345.52722168, 247.189163208, 221.256271362, -49.8017463684, -87.2616958618, -54.3030052185, -160.187698364, -67.6497497559, -103.804092407], [-197.047439575, -224.626419067, 116.986595154, 415.899902344, 2.22694420815, 143.727874756, -10.2402276993, 32.9896125793, 28.9055099487, -29.090511322, 10.3903532028, -37.9649353027, 26.2827472687], [-247.68649292, 317.399200439, 345.52722168, 2.22694420815, 272.402496338, 54.5365066528, 70.916229248, -10.5499572754, -42.8056602478, -11.4366941452, -52.6586685181, -2.63042616844, -35.8183670044], [-569.255065918, -15.3973798752, 247.189163208, 143.727874756, 54.5365066528, 256.44821167, 64.7666778564, 38.8082504272, 7.96142816544, -24.7462368011, 13.6290540695, -19.1568431854, 11.4528188705], [-351.615936279, 162.706588745, 221.256271362, -10.2402276993, 70.916229248, 64.7666778564, 210.129226685, 35.7192649841, -5.54623699188, 31.3213272095, -20.5437164307, 5.01130723953, -43.3915939331], [107.730255127, -55.1142997742, -49.8017463684, 32.9896125793, -10.5499572754, 38.8082504272, 35.7192649841, 124.49786377, 58.475933075, 2.47425746918, 11.2749443054, -17.0287857056, 4.35271930695], [38.003036499, -69.171585083, -87.2616958618, 28.9055099487, -42.8056602478, 7.96142816544, -5.54623699188, 58.475933075, 102.318534851, 39.7883224487, 21.4053878784, 0.303353816271, 4.53605175018], [-67.7461547852, -19.522321701, -54.3030052185, -29.090511322, -11.4366941452, -24.7462368011, 31.3213272095, 2.47425746918, 39.7883224487, 126.541870117, 72.1422195435, 23.1474819183, -11.1975259781], [6.56866168976, -112.497421265, -160.187698364, 10.3903532028, -52.6586685181, 13.6290540695, -20.5437164307, 11.2749443054, 21.4053878784, 72.1422195435, 125.631065369, 42.74426651, 8.15533924103], [6.00659322739, -5.5583524704, -67.6497497559, -37.9649353027, -2.63042616844, -19.1568431854, 5.01130723953, -17.0287857056, 0.303353816271, 23.1474819183, 42.74426651, 80.5206375122, 28.6277332306], [70.6918716431, -81.6872634888, -103.804092407, 26.2827472687, -35.8183670044, 11.4528188705, -43.3915939331, 4.35271930695, 4.53605175018, -11.1975259781, 8.15533924103, 28.6277332306, 91.9613494873]],
        "icov": [[0.000220354093472, -0.000252994301263, 0.00041339994641, -0.000230241945246, 4.06651452067e-05, 0.000108712985821, 0.00029510454624, -0.000459000642877, 0.00040945969522, -0.000181263094419, 0.000482830539113, -0.000186775505426, 0.000274648773484], [-0.000252994301263, 0.00759280985221, -0.00237669446506, 0.00459055928513, -0.0070959860459, 0.00312123144977, -0.00515713030472, 0.00494887027889, -0.00546208536252, 0.00560984713957, -0.00487244408578, 0.00462556071579, -0.00293126935139], [0.00041339994641, -0.00237669446506, 0.00208740751259, -0.00169016013388, 0.00141618552152, -0.00139986875001, 0.00160224654246, -0.00167310459074, 0.00237156706862, -0.00220587407239, 0.00311697344296, -0.00165676453616, 0.0018252216978], [-0.000230241945246, 0.00459055928513, -0.00169016013388, 0.00619432609528, -0.00447417283431, 0.000543081958313, -0.0033062316943, 0.00384622323327, -0.00502107804641, 0.00481136795133, -0.00483343424276, 0.00522617995739, -0.00334062823094], [4.06651452067e-05, -0.0070959860459, 0.00141618552152, -0.00447417283431, 0.0128346765414, -0.00487256282941, 0.00589542509988, -0.00658372603357, 0.00867887306958, -0.00857875682414, 0.00920714158565, -0.00833870191127, 0.00554869929329], [0.000108712985821, 0.00312123144977, -0.00139986875001, 0.000543081958313, -0.00487256282941, 0.00965767726302, -0.00610540760681, 0.00317015568726, -0.00522960396484, 0.00811573956162, -0.00919427443296, 0.00691717723384, -0.00526966853067], [0.00029510454624, -0.00515713030472, 0.00160224654246, -0.0033062316943, 0.00589542509988, -0.00610540760681, 0.0144407935441, -0.010239424184, 0.0100661348552, -0.0123458439484, 0.0127349989489, -0.0112476479262, 0.00867302715778], [-0.000459000642877, 0.00494887027889, -0.00167310459074, 0.00384622323327, -0.00658372603357, 0.00317015568726, -0.010239424184, 0.0207865349948, -0.0162668526173, 0.0122231533751, -0.0125580113381, 0.012203774415, -0.00740812066942], [0.00040945969522, -0.00546208536252, 0.00237156706862, -0.00502107804641, 0.00867887306958, -0.00522960396484, 0.0100661348552, -0.0162668526173, 0.0265634022653, -0.0170604195446, 0.0144770117477, -0.0113014159724, 0.00734337652102], [-0.000181263094419, 0.00560984713957, -0.00220587407239, 0.00481136795133, -0.00857875682414, 0.00811573956162, -0.0123458439484, 0.0122231533751, -0.0170604195446, 0.0277973283082, -0.0225881971419, 0.0124212447554, -0.00713595701382], [0.000482830539113, -0.00487244408578, 0.00311697344296, -0.00483343424276, 0.00920714158565, -0.00919427443296, 0.0127349989489, -0.0125580113381, 0.0144770117477, -0.0225881971419, 0.0327038578689, -0.0203836932778, 0.0115157915279], [-0.000186775505426, 0.00462556071579, -0.00165676453616, 0.00522617995739, -0.00833870191127, 0.00691717723384, -0.0112476479262, 0.012203774415, -0.0113014159724, 0.0124212447554, -0.0203836932778, 0.0310685466975, -0.0148996552452], [0.000274648773484, -0.00293126935139, 0.0018252216978, -0.00334062823094, 0.00554869929329, -0.00526966853067, 0.00867302715778, -0.00740812066942, 0.00734337652102, -0.00713595701382, 0.0115157915279, -0.0148996552452, 0.0207206234336]]
    },
    "melbands": {
        "dmean": [7.9938028648e-05, 0.000347513065208, 0.000631477916613, 0.000361580372555, 0.000394323811634, 0.000365010142559, 0.000176200788701, 0.000169960578205, 0.000111356552225, 0.000151814820128, 5.41413210158e-05, 3.69717163267e-05, 2.88898681902e-05, 2.21268164751e-05, 1.28683632283e-05, 1.01898085632e-05, 6.97310179021e-06, 7.80346272222e-06, 8.69353880262e-06, 5.77057471673e-06, 2.30119917433e-06, 4.57741452919e-06, 1.18139689675e-06, 1.3934427443e-06, 6.36146012312e-07, 2.84498554493e-07, 1.3069397653e-07, 8.20348873276e-08, 4.32278675078e-08, 4.89281362093e-08, 2.52556002778e-08, 1.65625504422e-08, 1.02385078193e-08, 7.49072004425e-09, 5.94151927658e-09, 7.17311454679e-09, 4.06220435067e-09, 2.89612978044e-09, 3.96079569143e-09, 5.67899893777e-10],
        "dmean2": [0.000121577169921, 0.000492515857331, 0.000875840720255, 0.000510131998453, 0.000600069528446, 0.000555534381419, 0.000251569290413, 0.000237802363699, 0.000155284986249, 0.000211435282836, 7.47775266063e-05, 5.23193266417e-05, 3.41715967807e-05, 2.6289071684e-05, 1.81381055882e-05, 1.50514388224e-05, 1.04056625787e-05, 1.16688415801e-05, 1.2381765373e-05, 8.51078402775e-06, 3.43423084814e-06, 6.90915521773e-06, 1.79752362328e-06, 2.10747521123e-06, 9.28887175178e-07, 4.40859878381e-07, 1.91009291939e-07, 1.24267586443e-07, 6.46213536015e-08, 7.48464756839e-08, 3.89038845583e-08, 2.55298289176e-08, 1.56928070538e-08, 1.15110303511e-08, 9.12075925896e-09, 1.12793445695e-08, 6.26963947425e-09, 4.27427515604e-09, 6.09050543332e-09, 8.71953176329e-10],
        "dvar": [5.27685273255e-08, 1.10554776711e-06, 3.91590765503e-06, 1.10415533072e-06, 6.74408795476e-07, 9.73852252173e-07, 2.52696338521e-07, 2.17100961208e-07, 8.34021065543e-08, 2.25379920948e-07, 4.58705393669e-08, 2.03239789442e-08, 3.37374039816e-08, 2.43233380104e-08, 2.89195578596e-09, 1.00910246825e-09, 6.56206700089e-10, 7.25100646193e-10, 1.72738534587e-09, 5.71538372185e-10, 1.87801454943e-10, 8.76241856851e-10, 2.30333304513e-11, 7.92464080468e-11, 6.9736954926e-12, 1.19017057494e-12, 2.04841609712e-13, 1.02502817974e-13, 2.46899075756e-14, 6.48697472149e-14, 9.59907456663e-15, 6.63826666433e-15, 1.39831883526e-15, 9.34762267184e-16, 6.76476087061e-16, 1.16062307317e-15, 4.11591970265e-16, 1.89458770988e-16, 4.46292554304e-16, 7.41415548793e-18],
        "dvar2": [1.23481314063e-07, 2.05583091883e-06, 7.1226786531e-06, 1.59089347562e-06, 1.47288483276e-06, 2.21067330131e-06, 5.05237096604e-07, 3.86646689776e-07, 1.52697808176e-07, 4.03098908919e-07, 8.41966354415e-08, 3.20517266061e-08, 4.58490028166e-08, 3.59369209946e-08, 5.00664176784e-09, 2.01895034024e-09, 1.33730748697e-09, 1.37516986687e-09, 1.9023607134e-09, 9.76009162379e-10, 4.57746951454e-10, 2.01484495754e-09, 5.6207108412e-11, 1.84576506856e-10, 1.56297960685e-11, 2.81738282877e-12, 4.21156490758e-13, 2.37145454099e-13, 5.42620114152e-14, 1.30972828611e-13, 2.17403609763e-14, 1.55644895979e-14, 3.19933958002e-15, 2.22821164731e-15, 1.51313626884e-15, 2.68636287463e-15, 9.89214944868e-16, 3.88859802953e-16, 1.09647218588e-15, 1.59003866806e-17],
        "max": [0.00571944750845, 0.0365860685706, 0.0742438882589, 0.124045781791, 0.0337000079453, 0.0448554120958, 0.0178438741714, 0.0206033177674, 0.00898934341967, 0.020186221227, 0.0101951202378, 0.0121564110741, 0.0133444741368, 0.014585272409, 0.00396673800424, 0.00120515585877, 0.00132056593429, 0.0014271553373, 0.0052908603102, 0.00178281147964, 0.00104217883199, 0.0015706269769, 0.000290767115075, 0.00058888446074, 0.000173537569935, 4.13748020947e-05, 2.8474827559e-05, 1.50298292283e-05, 6.08556456427e-06, 1.76465582626e-05, 3.7359561702e-06, 4.67041172669e-06, 1.53865551056e-06, 1.22057724639e-06, 1.04063792605e-06, 1.53357666477e-06, 8.67586663844e-07, 8.71021029525e-07, 9.76025717137e-07, 1.50397411858e-07],
        "mean": [0.000171292209416, 0.000850102340337, 0.00137497903779, 0.000833720085211, 0.000869330775458, 0.000742528180126, 0.000416848459281, 0.000384612998459, 0.000265612557996, 0.000299337873003, 0.000108894069854, 7.21306787455e-05, 6.51631344226e-05, 4.75438500871e-05, 2.59410444414e-05, 1.99365986191e-05, 1.2653840713e-05, 1.53981873154e-05, 1.69252507476e-05, 1.01399446066e-05, 4.07998913943e-06, 6.92563526172e-06, 2.15808108806e-06, 2.43367821895e-06, 1.19452897707e-06, 4.82253255996e-07, 2.26509470735e-07, 1.4166525375e-07, 7.40013348377e-08, 8.29185324847e-08, 4.44558843071e-08, 2.67365916073e-08, 1.7068979119e-08, 1.20283925042e-08, 9.63211110871e-09, 1.07346318501e-08, 6.49204157099e-09, 4.82172879401e-09, 5.90595350403e-09, 7.2421518782e-10],
        "median": [2.15059699258e-05, 0.000109176653496, 0.000299978884868, 0.000291849544737, 0.000370316120097, 0.000288882438326, 9.96894814307e-05, 9.13242038223e-05, 6.95132184774e-05, 6.43798484816e-05, 2.48144315265e-05, 1.87287987501e-05, 1.16799101306e-05, 8.32869318401e-06, 6.64026129016e-06, 5.29040198671e-06, 3.17875242217e-06, 3.98454994865e-06, 3.84504119211e-06, 2.58947079601e-06, 1.06670358946e-06, 1.15806801659e-06, 5.34842627076e-07, 3.61562854323e-07, 1.89186039279e-07, 8.0726195506e-08, 4.42670931022e-08, 2.66366058099e-08, 1.34008235619e-08, 1.08957047829e-08, 7.1461685458e-09, 4.70990713097e-09, 2.44556774831e-09, 1.58043322873e-09, 1.16164367014e-09, 1.08329445414e-09, 6.87786660958e-10, 4.55298937441e-10, 4.48650949725e-10, 4.39119886286e-11],
        "min": [9.90431748128e-24, 1.14157891752e-23, 3.04727856343e-24, 1.44782986705e-23, 1.18913184732e-23, 9.05626676462e-24, 8.8179084978e-24, 7.71001567643e-24, 1.08551962169e-23, 9.5841945705e-24, 8.0713810242e-24, 1.03497454248e-23, 8.36091269794e-24, 1.03162827341e-23, 1.79407148909e-23, 9.93341619349e-24, 1.03329979078e-23, 1.15323733506e-23, 7.89304087278e-24, 5.95440454857e-24, 2.8442007201e-24, 1.22678615047e-23, 1.58025231845e-23, 4.74437277821e-24, 1.09937454354e-23, 7.3537668805e-24, 6.10447823604e-24, 5.79618705555e-24, 1.05217565452e-23, 9.58982861509e-24, 6.57266954987e-24, 9.18437777563e-24, 5.94571406241e-24, 7.00873647549e-24, 1.05642895586e-23, 1.47582606726e-23, 1.05551229949e-23, 1.19462113592e-23, 9.08133755305e-24, 1.11430839046e-23],
        "var": [2.05432158396e-07, 5.57852445127e-06, 1.2570932995e-05, 8.07642754808e-06, 2.24528184845e-06, 2.04454704544e-06, 1.07085713807e-06, 8.32868408907e-07, 3.54629463573e-07, 6.4273370981e-07, 1.34439659405e-07, 7.1226374132e-08, 1.50351709749e-07, 1.01453117907e-07, 6.99939306514e-09, 2.47600606684e-09, 1.68187974658e-09, 2.22656693083e-09, 8.14217937517e-09, 1.58833646235e-09, 2.35391484082e-10, 1.1129309696e-09, 4.08632329363e-11, 1.09304718054e-10, 1.86815025255e-11, 2.19786125064e-12, 4.85867693734e-13, 1.94472788025e-13, 4.75339372356e-14, 1.51275720466e-13, 2.05240318284e-14, 9.51938485992e-15, 2.80644906491e-15, 1.68399149639e-15, 1.23040387083e-15, 1.70342814967e-15, 5.95461938458e-16, 3.70912127713e-16, 6.08811389465e-16, 1.08314826167e-17]
    },
    "mfcc": {
        "mean": [-790.127807617, 221.869903564, -6.98287534714, 5.15412807465, 4.8320350647, -9.56225585938, -13.5723581314, -5.90534067154, -5.84323549271, -5.24620866776, -6.01567268372, -5.29247522354, -7.63073968887],
        "cov": [[8038.06884766, 560.906311035, -3125.54492188, 14.3481445312, -412.180725098, -529.698303223, -541.78527832, -95.1035842896, -181.726776123, -28.2997016907, -103.501930237, 4.2149181366, -127.188102722], [560.906311035, 1163.40039062, 10.957865715, -97.1893157959, 94.4440155029, -16.1578216553, 51.9413642883, 1.57459437847, 43.2824935913, -41.9760055542, -35.5313415527, -46.2347335815, -5.03938388824], [-3125.54492188, 10.957865715, 1786.60974121, 173.164718628, 238.961990356, 340.263702393, 293.002655029, 116.241798401, 122.003501892, 39.8522567749, 38.2149581909, -7.05911159515, 16.7242889404], [14.3481445312, -97.1893157959, 173.164718628, 284.856384277, 71.6168670654, 53.9623451233, 42.2797584534, 34.563873291, 34.3820037842, 27.2663402557, 3.90914797783, -10.9785995483, -25.1492786407], [-412.180725098, 94.4440155029, 238.961990356, 71.6168670654, 235.736541748, 96.4957580566, 50.0656509399, 44.5215187073, 34.8995780945, 3.56331968307, -5.94226884842, -23.5576591492, -24.6822338104], [-529.698303223, -16.1578216553, 340.263702393, 53.9623451233, 96.4957580566, 200.828094482, 124.419685364, 49.0656967163, 35.3513450623, 9.62397575378, 14.5436201096, 5.43681144714, 0.792789697647], [-541.78527832, 51.9413642883, 293.002655029, 42.2797584534, 50.0656509399, 124.419685364, 193.042709351, 72.0167312622, 39.9532661438, 16.2477054596, 23.721818924, 20.3912010193, 21.4915504456], [-95.1035842896, 1.57459437847, 116.241798401, 34.563873291, 44.5215187073, 49.0656967163, 72.0167312622, 137.055664062, 68.7989578247, 17.7050800323, 6.80562543869, -0.74923479557, -10.2584142685], [-181.726776123, 43.2824935913, 122.003501892, 34.3820037842, 34.8995780945, 35.3513450623, 39.9532661438, 68.7989578247, 123.054466248, 39.4110641479, -0.866039693356, -2.35601449013, -11.7396125793], [-28.2997016907, -41.9760055542, 39.8522567749, 27.2663402557, 3.56331968307, 9.62397575378, 16.2477054596, 17.7050800323, 39.4110641479, 100.599021912, 47.2506752014, 20.2403850555, 5.95602607727], [-103.501930237, -35.5313415527, 38.2149581909, 3.90914797783, -5.94226884842, 14.5436201096, 23.721818924, 6.80562543869, -0.866039693356, 47.2506752014, 114.339675903, 51.5707359314, 12.1363945007], [4.2149181366, -46.2347335815, -7.05911159515, -10.9785995483, -23.5576591492, 5.43681144714, 20.3912010193, -0.74923479557, -2.35601449013, 20.2403850555, 51.5707359314, 114.109413147, 63.317565918], [-127.188102722, -5.03938388824, 16.7242889404, -25.1492786407, -24.6822338104, 0.792789697647, 21.4915504456, -10.2584142685, -11.7396125793, 5.95602607727, 12.1363945007, 63.317565918, 131.25958252]],
