{
"lowlevel": {
    "average_loudness": 0.483656197786,
    "barkbands_crest": {
        "dmean": 2.30949616432,
        "dmean2": 3.61446595192,
        "dvar": 4.37581157684,
        "dvar2": 10.6572122574,
        "max": 25.8361301422,
        "mean": 10.5395975113,
        "median": 9.74359512329,
        "min": 3.27593374252,
        "var": 14.9690570831
    },
    "barkbands_flatness_db": {
        "dmean": 0.022994576022,
        "dmean2": 0.036345526576,
        "dvar": 0.000460862385808,
        "dvar2": 0.00116663996596,
        "max": 0.491305708885,
        "mean": 0.265889883041,
        "median": 0.264307320118,
        "min": 0.0543577931821,
        "var": 0.00324022211134
    },
    "barkbands_kurtosis": {
        "dmean": 3.52224135399,
        "dmean2": 5.50855064392,
        "dvar": 417.177215576,
        "dvar2": 990.700927734,
        "max": 794.287719727,
        "mean": 6.202729702,
        "median": 1.64389896393,
        "min": -1.83172011375,
        "var": 1158.05786133
    },
    "barkbands_skewness": {
        "dmean": 0.423028707504,
        "dmean2": 0.650197446346,
        "dvar": 0.445285320282,
        "dvar2": 1.10447049141,
        "max": 22.5674057007,
        "mean": 0.959492743015,
        "median": 0.833089530468,
        "min": -2.82650232315,
        "var": 3.09087824821
    },
    "barkbands_spread": {
        "dmean": 1.92563056946,
        "dmean2": 2.98399376869,
        "dvar": 9.66419696808,
        "dvar2": 25.7171134949,
        "max": 106.41986084,
        "mean": 8.51271247864,
        "median": 7.51475524902,
        "min": 0.253160208464,
        "var": 33.8741455078
    },
    "dissonance": {
        "dmean": 0.0337128564715,
        "dmean2": 0.056643422693,
        "dvar": 0.000935502583161,
        "dvar2": 0.00265676388517,
        "max": 0.5,
        "mean": 0.418028086424,
        "median": 0.424579620361,
        "min": 0.142258927226,
        "var": 0.00249552936293
    },
    "dynamic_complexity": 6.03013467789,
    "erbbands_crest": {
        "dmean": 2.72217297554,
        "dmean2": 4.27700424194,
        "dvar": 6.35481595993,
        "dvar2": 14.3646001816,
        "max": 29.7144317627,
        "mean": 11.962597847,
        "median": 11.1683616638,
        "min": 2.07686138153,
        "var": 25.8152675629
    },
    "erbbands_flatness_db": {
        "dmean": 0.0149997211993,
        "dmean2": 0.0219155233353,
        "dvar": 0.000214535582927,
        "dvar2": 0.000437846058048,
        "max": 0.512659370899,
        "mean": 0.305284768343,
        "median": 0.307162642479,
        "min": 0.084615573287,
        "var": 0.00430256640539
    },
    "erbbands_kurtosis": {
        "dmean": 0.975566923618,
        "dmean2": 1.48639905453,
        "dvar": 1.59182906151,
        "dvar2": 3.40291571617,
        "max": 41.0581207275,
        "mean": 1.05815351009,
        "median": 0.478870391846,
        "min": -1.7242269516,
        "var": 4.5958032608
    },
    "erbbands_skewness": {
        "dmean": 0.329075217247,
        "dmean2": 0.497308760881,
        "dvar": 0.0851868242025,
        "dvar2": 0.182470172644,
        "max": 4.81268453598,
        "mean": 0.432384282351,
        "median": 0.448199808598,
        "min": -2.30990982056,
        "var": 0.491128832102
    },
    "erbbands_spread": {
        "dmean": 2.9536178112,
        "dmean2": 4.47101736069,
        "dvar": 11.7224025726,
        "dvar2": 28.0925712585,
        "max": 124.822120667,
        "mean": 16.3442668915,
        "median": 14.0225667953,
        "min": 1.27862477303,
        "var": 155.196838379
    },
    "hfc": {
        "dmean": 2.7644879818,
        "dmean2": 3.73384380341,
        "dvar": 29.2878341675,
        "dvar2": 49.647895813,
        "max": 113.995079041,
        "mean": 10.1433420181,
        "median": 5.87775325775,
        "min": 1.05868365059e-16,
        "var": 139.72718811
    },
    "melbands_crest": {
        "dmean": 2.68035984039,
        "dmean2": 4.25998926163,
        "dvar": 5.88360977173,
        "dvar2": 14.7643060684,
        "max": 39.3113479614,
        "mean": 12.6548566818,
        "median": 11.4313764572,
        "min": 1.56207847595,
        "var": 30.8801441193
    },
    "melbands_flatness_db": {
        "dmean": 0.0201341733336,
        "dmean2": 0.0290332306176,
        "dvar": 0.00047577888472,
        "dvar2": 0.00105171790347,
        "max": 0.541004598141,
        "mean": 0.312442541122,
        "median": 0.312989145517,
        "min": 0.00310077192262,
        "var": 0.00541702564806
    },
    "melbands_kurtosis": {
        "dmean": 8.35300350189,
        "dmean2": 14.1450471878,
        "dvar": 5482.37841797,
        "dvar2": 15538.2773438,
        "max": 2718.91040039,
        "mean": 12.7556438446,
        "median": 2.36322259903,
        "min": -1.61515152454,
        "var": 7929.42822266
    },
    "melbands_skewness": {
        "dmean": 0.500709116459,
        "dmean2": 0.771042108536,
        "dvar": 1.33218824863,
        "dvar2": 3.66668605804,
        "max": 43.0722312927,
        "mean": 1.34353542328,
        "median": 1.05235552788,
        "min": -2.30616521835,
        "var": 6.47248029709
    },
    "melbands_spread": {
        "dmean": 2.7685341835,
        "dmean2": 4.35350894928,
        "dvar": 16.2596149445,
        "dvar2": 42.6220283508,
        "max": 173.067779541,
        "mean": 13.8535547256,
        "median": 11.3230581284,
        "min": 0.167296290398,
        "var": 251.185897827
    },
    "pitch_salience": {
        "dmean": 0.0568272024393,
        "dmean2": 0.0904688313603,
        "dvar": 0.00255477218889,
        "dvar2": 0.00634944112971,
        "max": 0.858985960484,
        "mean": 0.572226941586,
        "median": 0.580331146717,
        "min": 0.0398870967329,
        "var": 0.0140717234462
    },
    "silence_rate_20dB": {
        "dmean": 0,
        "dmean2": 0,
        "dvar": 0,
        "dvar2": 0,
        "max": 1,
        "mean": 1,
        "median": 1,
        "min": 1,
        "var": 0
    },
    "silence_rate_30dB": {
        "dmean": 0.00535475229844,
        "dmean2": 0.0107112973928,
        "dvar": 0.00532604102045,
        "dvar2": 0.0126048093662,
        "max": 1,
        "mean": 0.993474960327,
        "median": 1,
        "min": 0,
        "var": 0.00648235389963
    },
    "silence_rate_60dB": {
        "dmean": 0.0348058901727,
        "dmean2": 0.0696234330535,
        "dvar": 0.0335934385657,
        "dvar2": 0.0704686716199,
        "max": 1,
        "mean": 0.207796558738,
        "median": 0,
        "min": 0,
        "var": 0.164603695273
    },
    "spectral_centroid": {
        "dmean": 88.7021179199,
        "dmean2": 135.536346436,
        "dvar": 39981.6679688,
        "dvar2": 75133.328125,
        "max": 11723.2519531,
        "mean": 856.747619629,
        "median": 691.171508789,
        "min": 310.375274658,
        "var": 1335563.125
    },
    "spectral_complexity": {
        "dmean": 1.6623159647,
        "dmean2": 2.66410040855,
        "dvar": 3.26483774185,
        "dvar2": 7.15485239029,
        "max": 35,
        "mean": 11.8132839203,
        "median": 11,
        "min": 0,
        "var": 41.8782043457
    },
    "spectral_decrease": {
        "dmean": 1.21454968305e-09,
        "dmean2": 1.66358349318e-09,
        "dvar": 5.01431097065e-18,
        "dvar2": 8.89604128352e-18,
        "max": 1.94313969326e-28,
        "mean": -4.41361924786e-09,
        "median": -2.48621834231e-09,
        "min": -5.36611111102e-08,
        "var": 2.74537076316e-17
    },
    "spectral_energy": {
        "dmean": 0.00481877755374,
        "dmean2": 0.0065915887244,
        "dvar": 7.90530320955e-05,
        "dvar2": 0.000139439012855,
        "max": 0.211061283946,
        "mean": 0.017578035593,
        "median": 0.00996906589717,
        "min": 9.72714317161e-21,
        "var": 0.000432083004853
    },
    "spectral_energyband_high": {
        "dmean": 1.42569206218e-05,
        "dmean2": 2.12773811654e-05,
        "dvar": 2.90955592952e-09,
        "dvar2": 6.97670365923e-09,
        "max": 0.00140544096939,
        "mean": 2.83712870441e-05,
        "median": 5.31907608092e-06,
        "min": 7.1471999606e-21,
        "var": 4.6800630038e-09
    },
    "spectral_energyband_low": {
        "dmean": 0.000777027511504,
        "dmean2": 0.00126579264179,
        "dvar": 3.73005309484e-06,
        "dvar2": 9.49061541178e-06,
        "max": 0.0415057055652,
        "mean": 0.00140547135379,
        "median": 0.000444587145466,
        "min": 2.19937638928e-23,
        "var": 8.64119465405e-06
    },
    "spectral_energyband_middle_high": {
        "dmean": 0.00133486895356,
        "dmean2": 0.00184022355825,
        "dvar": 8.98057896848e-06,
        "dvar2": 1.69010436366e-05,
        "max": 0.072152338922,
        "mean": 0.00384168699384,
        "median": 0.00211621122435,
        "min": 1.29185881323e-21,
        "var": 3.01329273498e-05
    },
    "spectral_energyband_middle_low": {
        "dmean": 0.00390662252903,
        "dmean2": 0.0054668863304,
        "dvar": 5.69499752601e-05,
        "dvar2": 0.000104076381831,
        "max": 0.203353196383,
        "mean": 0.0127000492066,
        "median": 0.00609250692651,
        "min": 1.80714414491e-22,
        "var": 0.000282134424197
    },
    "spectral_entropy": {
        "dmean": 0.143295273185,
        "dmean2": 0.213183015585,
        "dvar": 0.0252159461379,
        "dvar2": 0.0535254329443,
        "max": 9.81874847412,
        "mean": 6.56426143646,
        "median": 6.54366111755,
        "min": 4.45679044724,
        "var": 0.368632048368
    },
    "spectral_flux": {
        "dmean": 0.0136180315167,
        "dmean2": 0.0220881793648,
        "dvar": 0.000399790762458,
        "dvar2": 0.000971609551925,
        "max": 0.276364922523,
        "mean": 0.0477105751634,
        "median": 0.0387986190617,
        "min": 6.39927486001e-11,
        "var": 0.00129494641442
    },
    "spectral_kurtosis": {
        "dmean": 13.8716392517,
        "dmean2": 23.7024288177,
        "dvar": 230.934921265,
        "dvar2": 637.195678711,
        "max": 257.913757324,
        "mean": 29.8410549164,
        "median": 19.0079517365,
        "min": -1.26245379448,
        "var": 1062.09777832
    },
    "spectral_rms": {
        "dmean": 0.000490580161568,
        "dmean2": 0.000659680517856,
        "dvar": 4.41678224661e-07,
        "dvar2": 7.45513261791e-07,
        "max": 0.0143496841192,
        "mean": 0.00351007445715,
        "median": 0.00311864051037,
        "min": 3.08056748513e-12,
        "var": 4.82869245388e-06
    },
    "spectral_rolloff": {
        "dmean": 139.361846924,
        "dmean2": 240.932723999,
        "dvar": 133058.671875,
        "dvar2": 290555.0625,
        "max": 19724.4140625,
        "mean": 1102.58276367,
        "median": 882.861328125,
        "min": 21.533203125,
        "var": 3940479.5
    },
    "spectral_skewness": {
        "dmean": 0.886027991772,
        "dmean2": 1.52459454536,
        "dvar": 0.70607405901,
        "dvar2": 2.00543808937,
        "max": 12.2581605911,
        "mean": 3.26360559464,
        "median": 2.79744529724,
        "min": -0.062605842948,
        "var": 3.30299687386
    },
    "spectral_spread": {
        "dmean": 254970.171875,
        "dmean2": 416867.34375,
        "dvar": 679444611072,
        "dvar2": 1.14600719155e+12,
        "max": 42300032,
        "mean": 2160187.5,
        "median": 1590647.25,
        "min": 342202.15625,
        "var": 1.84421554586e+13
    },
    "spectral_strongpeak": {
        "dmean": 0.460335403681,
        "dmean2": 0.704109966755,
        "dvar": 0.383054584265,
        "dvar2": 0.842670977116,
        "max": 9.30226421356,
        "mean": 1.21540462971,
        "median": 0.90287476778,
        "min": 0,
        "var": 1.23295629025
    },
    "zerocrossingrate": {
        "dmean": 0.00356373400427,
        "dmean2": 0.00451376195997,
        "dvar": 4.57333298982e-05,
        "dvar2": 6.0654241679e-05,
        "max": 0.52294921875,
        "mean": 0.0391344726086,
        "median": 0.03271484375,
        "min": 0.00048828125,
        "var": 0.00288766669109
    },
    "barkbands": {
        "dmean": [1.39175735967e-05, 0.000438186572865, 0.000357227341738, 0.000329490023432, 0.000982746714726, 0.00167361181229, 0.000982679310255, 0.000978666590527, 0.000999300857075, 0.000867931346875, 0.000263612600975, 0.000251559627941, 0.00026018920471, 0.000101413002994, 9.26821594476e-05, 7.76017259341e-05, 4.91126920679e-05, 1.96003857127e-05, 1.9515196982e-05, 1.45674757732e-05, 4.66828214485e-06, 2.97364135804e-06, 1.06609786599e-06, 6.11338009548e-07, 7.4669422645e-08, 6.36820651767e-10, 6.78516298702e-10],
        "dmean2": [2.25211806537e-05, 0.000714865571354, 0.000594129203819, 0.000559098727535, 0.00154549151193, 0.00247534341179, 0.00141252623871, 0.00141861278098, 0.00150393287186, 0.001201557694, 0.000413807254517, 0.000387300591683, 0.000393390102545, 0.000158329086844, 0.00014495952928, 0.000123078134493, 7.89858240751e-05, 3.07067930407e-05, 3.07844566123e-05, 2.28495009651e-05, 7.13067220204e-06, 4.71990642836e-06, 1.55088810061e-06, 8.90038279522e-07, 1.16090461688e-07, 1.15997389472e-09, 1.2359584467e-09],
        "dvar": [7.59417195795e-10, 1.27292992147e-06, 1.00284000837e-06, 9.07180947252e-07, 5.2442960623e-06, 1.60261370183e-05, 5.95463416175e-06, 4.4420416998e-06, 1.1478486158e-05, 5.85530051467e-06, 7.40229324947e-07, 2.59195530816e-07, 8.32003877349e-07, 7.80903519626e-08, 3.59540095474e-08, 7.14701045013e-08, 1.63516808982e-08, 3.10168046802e-09, 9.07300812258e-09, 3.34376548672e-09, 2.10564510272e-10, 3.49662659938e-10, 2.07924771151e-11, 8.35110626485e-12, 1.45169873301e-13, 1.38384442027e-18, 1.57213295817e-18],
        "dvar2": [1.69977409925e-09, 3.16853243021e-06, 2.62235903392e-06, 2.58812792708e-06, 1.36042954182e-05, 3.2922533137e-05, 1.04790187834e-05, 7.96037693362e-06, 2.4735718398e-05, 1.11088011181e-05, 1.79852247584e-06, 5.76482989345e-07, 1.51223923694e-06, 1.62946605542e-07, 8.72762555559e-08, 1.4989733188e-07, 3.81178644204e-08, 7.4372592529e-09, 2.27960246235e-08, 8.82741257868e-09, 5.18275034e-10, 9.44982980755e-10, 4.50123757711e-11, 1.84378345924e-11, 3.57181027377e-13, 4.26943152033e-18, 4.85114339097e-18],
        "max": [0.000754377746489, 0.037194494158, 0.0224599950016, 0.0191678833216, 0.0632724836469, 0.113749757409, 0.0942710414529, 0.0750861689448, 0.0706913396716, 0.0677649229765, 0.0338683091104, 0.0106755904853, 0.028906095773, 0.00773137388751, 0.00486488034949, 0.0106053184718, 0.00416023889557, 0.00189356261399, 0.00441721826792, 0.00157152826432, 0.0004090264556, 0.000617943704128, 0.0001531970629, 9.51076217461e-05, 1.3591798961e-05, 1.60445932096e-08, 1.71633853796e-08],
        "mean": [1.71433221112e-05, 0.000667889486067, 0.000494995503686, 0.000461051560706, 0.00226534181274, 0.00349393719807, 0.00226703169756, 0.00208899029531, 0.00172034616116, 0.00187680183444, 0.000495453132316, 0.000539083965123, 0.000481545226648, 0.000197070214199, 0.000182751609827, 0.000135031616082, 8.38752821437e-05, 3.54967633029e-05, 3.37798446708e-05, 2.41098568949e-05, 8.86518228072e-06, 4.6528321036e-06, 1.74582282852e-06, 9.68125618783e-07, 1.03656489614e-07, 5.06315933624e-10, 5.38848077269e-10],
        "median": [7.16019349056e-06, 0.00018195186567, 8.32655496197e-05, 8.22854344733e-05, 0.000653232797049, 0.00124278047588, 0.000643724459223, 0.000697402632795, 0.000332887691911, 0.000554871745408, 0.000132079803734, 0.000197496003238, 9.80728655122e-05, 6.39977151877e-05, 8.00201378297e-05, 4.26605547545e-05, 2.63385736616e-05, 1.05569115476e-05, 7.35677531338e-06, 4.99675525134e-06, 1.48911340148e-06, 6.16871091097e-07, 1.4945972282e-07, 7.37197183298e-08, 5.66384850131e-09, 1.13463273499e-10, 1.2007120298e-10],
        "min": [1.16254320669e-25, 3.14816992891e-24, 1.99581690692e-24, 1.0392060121e-24, 9.12711436252e-24, 7.18753968827e-24, 1.17787843096e-23, 8.35447480409e-24, 1.49620991751e-23, 2.14640848157e-23, 1.33724829199e-23, 2.01858871801e-23, 2.42637048367e-23, 2.48069270778e-23, 4.82315742122e-23, 6.53221510605e-23, 7.81170268702e-23, 1.11294717941e-22, 1.26648349294e-22, 1.5057592681e-22, 2.47041170448e-22, 2.40066302138e-22, 4.09093092297e-22, 5.82867133788e-22, 8.90376120831e-22, 1.17400072207e-21, 2.10032426247e-21],
        "var": [1.30814559185e-09, 2.41992847805e-06, 1.79717551418e-06, 1.22500455291e-06, 2.02714563784e-05, 4.54718465335e-05, 2.49207478191e-05, 1.62929882208e-05, 2.15290001506e-05, 1.66385270859e-05, 1.68468341144e-06, 8.48838681122e-07, 2.52557538261e-06, 1.78610960688e-07, 9.10619846195e-08, 1.15301837411e-07, 3.109585478e-08, 5.54555112942e-09, 1.05241921844e-08, 4.67383332037e-09, 4.21385759619e-10, 3.35821037645e-10, 3.88150553365e-11, 1.31552711433e-11, 2.15159514554e-13, 1.15665378497e-18, 1.31275279612e-18]
    },
    "erbbands": {
        "dmean": [0.0065884469077, 0.118791930377, 0.370322197676, 0.772600114346, 1.99029040337, 3.83135533333, 8.75745391846, 13.8591136932, 11.8577136993, 22.1698493958, 17.7253551483, 26.8188610077, 12.6697883606, 28.7927799225, 12.2071590424, 11.570555687, 12.6268444061, 5.52945613861, 4.38843250275, 5.22229480743, 3.37530112267, 2.02908730507, 1.39691710472, 1.11063742638, 0.741575777531, 0.826692163944, 0.284267157316, 0.142670542002, 0.0935097411275, 0.0591360293329, 0.0279208756983, 0.0152106964961, 0.00870658457279, 0.00155949941836, 4.50952938991e-05, 5.31946852789e-06, 2.21324717131e-06, 6.44479428047e-07, 2.35794459513e-06, 5.46790624867e-06],
        "dmean2": [0.0106933219358, 0.194324478507, 0.613987624645, 1.2875020504, 3.23104572296, 6.06607198715, 13.2375612259, 20.7779750824, 17.2523174286, 31.9384384155, 26.4244098663, 40.0539245605, 17.974615097, 40.0472335815, 18.8608093262, 17.2294082642, 19.0266437531, 8.54034137726, 6.72229862213, 8.3093328476, 5.31951379776, 3.21359777451, 2.20935630798, 1.73428726196, 1.15885055065, 1.29627585411, 0.44236972928, 0.219237089157, 0.1448777318, 0.0903619304299, 0.040301412344, 0.0225567221642, 0.0125183816999, 0.00229804264382, 6.58984063193e-05, 7.77949117037e-06, 3.24173333865e-06, 9.89491240944e-07, 3.1960855722e-06, 7.46238174543e-06],
        "dvar": [0.000215388310608, 0.0975864902139, 0.992907822132, 5.32489347458, 32.9259414673, 81.4282989502, 448.460296631, 1032.27941895, 978.951660156, 3363.51342773, 1119.87597656, 8662.81347656, 638.781188965, 7807.85253906, 1337.26245117, 482.515258789, 2065.17700195, 258.296234131, 95.8834686279, 155.146530151, 111.337226868, 25.8977108002, 14.4729385376, 35.7655525208, 11.601442337, 10.8095607758, 0.947540402412, 0.338192492723, 0.201352834702, 0.252612471581, 0.0132258441299, 0.00580748589709, 0.00129950419068, 4.56002562714e-05, 3.25806368551e-08, 1.29415783645e-10, 1.53948676723e-11, 1.32499350033e-12, 1.9020660047e-11, 1.02065238206e-10],
        "dvar2": [0.000533617450856, 0.24321013689, 2.59291291237, 13.9981632233, 90.6282424927, 210.417617798, 1005.95648193, 2182.68457031, 1771.47998047, 6579.30126953, 2244.84741211, 18462.6894531, 1159.57519531, 15216.8417969, 3112.28881836, 931.25390625, 3764.52124023, 529.291320801, 218.658584595, 374.746948242, 252.394973755, 62.8918838501, 35.1078414917, 92.1899261475, 27.6682796478, 28.0471019745, 2.39424681664, 0.871218919754, 0.507960796356, 0.655037462711, 0.0280450806022, 0.0133692417294, 0.00273960572667, 0.000102873753349, 7.27410167656e-08, 2.5233090617e-10, 2.92952676006e-11, 2.87120457618e-12, 3.26901353209e-11, 1.78603618006e-10],
        "max": [0.463523715734, 10.0195713043, 21.1425857544, 67.58568573, 141.323822021, 243.785812378, 542.77130127, 846.744995117, 1412.05615234, 1934.57751465, 820.873168945, 1840.52148438, 836.509277344, 2527.09179688, 1168.98010254, 545.17388916, 1476.04699707, 514.909423828, 286.244049072, 291.233062744, 330.717437744, 139.504379272, 125.842597961, 317.454071045, 154.513198853, 90.479637146, 25.5365047455, 19.9952983856, 15.4729309082, 29.6751976013, 3.52005648613, 2.82524061203, 1.23105454445, 0.226999983191, 0.00602945173159, 0.000318561535096, 9.33594274102e-05, 2.54746300925e-05, 0.000100629338704, 0.000236710271565],
        "mean": [0.0108681470156, 0.179994732141, 0.558593094349, 1.18564200401, 3.90979456902, 8.53394126892, 17.4423980713, 29.060956955, 30.6557788849, 46.3914222717, 39.057636261, 47.1697235107, 31.4024848938, 57.5202445984, 25.0870056152, 27.0230255127, 24.6664562225, 11.283911705, 9.42811393738, 9.62841510773, 6.28051805496, 3.8641295433, 2.52413749695, 1.99913132191, 1.38477706909, 1.33019375801, 0.525808215141, 0.270018190145, 0.162111595273, 0.0917553678155, 0.0452567301691, 0.0241166930646, 0.0135871320963, 0.00258245458826, 8.61539447214e-05, 1.53744822455e-05, 7.27758697394e-06, 1.85706016964e-06, 8.77036836755e-06, 2.00623635465e-05],
        "median": [0.00332248513587, 0.0472630187869, 0.114975653589, 0.261426001787, 0.810495555401, 2.103079319, 5.91237592697, 10.466966629, 10.7561645508, 11.5022659302, 16.2791137695, 10.470158577, 14.1020307541, 14.6624755859, 10.1582355499, 11.1620483398, 6.394780159, 3.97909545898, 4.11374855042, 3.79108524323, 2.1689696312, 1.30945301056, 0.768242239952, 0.46782413125, 0.339049190283, 0.259425610304, 0.100303560495, 0.0453424490988, 0.0245503988117, 0.00953164044768, 0.00375210749917, 0.00201398739591, 0.000992620247416, 0.000198787136469, 1.66322242876e-05, 7.25284371583e-06, 3.8997241063e-06, 1.00791953628e-06, 5.04982335769e-06, 1.1445607015e-05],
        "min": [1.19290056718e-22, 8.84927149325e-22, 2.16945846711e-21, 1.1640417583e-20, 1.21730443493e-20, 2.21186173248e-20, 4.67865762169e-20, 7.75454359287e-20, 1.48932421724e-19, 2.3473987332e-19, 2.69205956205e-19, 2.96692599273e-19, 5.00139557936e-19, 5.37320706085e-19, 1.45033754061e-18, 1.00371842946e-18, 1.32152452953e-18, 1.54002883783e-18, 2.8915328743e-18, 2.9118161701e-18, 4.43279514181e-18, 5.80039352806e-18, 6.42061065622e-18, 6.7334329931e-18, 6.89588878386e-18, 7.76277820172e-18, 9.77816240517e-18, 9.8297015476e-18, 8.48289600041e-18, 1.153370519e-17, 1.16074011923e-17, 1.18605250772e-17, 9.32681874856e-18, 7.73219071703e-18, 5.63330014919e-18, 3.77864458338e-18, 2.21175894883e-18, 1.02169813065e-18, 2.32511086859e-19, 3.06427733139e-20],
        "var": [0.000474934437079, 0.185388416052, 1.959456563, 8.62796401978, 84.2381820679, 313.548156738, 1207.45605469, 2987.94750977, 4676.01074219, 9638.31738281, 4044.24804688, 16243.9033203, 2799.5546875, 19430.6523438, 2973.97949219, 1980.09533691, 6236.69677734, 579.275512695, 269.804199219, 294.276824951, 201.477600098, 53.6141929626, 27.0613155365, 40.2023468018, 15.6773042679, 15.5347747803, 1.55320644379, 0.478170871735, 0.256301999092, 0.234338089824, 0.0250247661024, 0.00842366740108, 0.00239679869264, 8.92582029337e-05, 6.80566856204e-08, 4.97895225049e-10, 7.73498556872e-11, 5.18629193411e-12, 1.05616425328e-10, 5.57946300273e-10]
    },
    "gfcc": {
        "mean": [-173.369430542, 199.833633423, -162.273681641, -5.13008928299, -53.1907119751, -14.7754306793, -15.8622846603, -17.2525348663, 0.879783451557, -16.2537326813, 6.91730594635, -13.3461418152, 7.21063232422],
        "cov": [[32672.1015625, 3568.70043945, -4090.53491211, 492.979156494, -1645.38549805, -1316.32897949, -718.580932617, -657.33770752, -344.325073242, -436.780670166, 55.0523796082, -396.150390625, 86.8643035889], [3568.70043945, 1643.31555176, -326.00982666, -546.127685547, 173.741500854, -243.271377563, 18.6381702423, -89.8903656006, -70.0559616089, 1.17970836163, -90.7665786743, -10.8562450409, -34.3577270508], [-4090.53491211, -326.00982666, 880.665405273, 128.056060791, 304.575958252, 193.96987915, 95.0731964111, 94.6683731079, 40.313243866, 51.9965553284, -31.3356552124, 15.9994287491, -38.7485466003], [492.979156494, -546.127685547, 128.056060791, 964.360534668, -92.1591644287, 104.983283997, -107.902389526, -34.7601318359, 37.120349884, -59.9427871704, 50.0243682861, -86.8826065063, -6.66720533371], [-1645.38549805, 173.741500854, 304.575958252, -92.1591644287, 362.386260986, 32.1334838867, 70.7342300415, 24.2339038849, -13.7617511749, 58.6621208191, -49.5723114014, 31.5800476074, -38.1266975403], [-1316.32897949, -243.271377563, 193.96987915, 104.983283997, 32.1334838867, 279.013366699, 65.3742599487, 78.4384078979, 39.2591896057, -11.4516420364, 38.272644043, -14.4318618774, 8.15444374084], [-718.580932617, 18.6381702423, 95.0731964111, -107.902389526, 70.7342300415, 65.3742599487, 164.626037598, 64.746963501, 12.8574180603, 32.7730712891, -9.12607765198, 26.4026966095, -8.10921478271], [-657.33770752, -89.8903656006, 94.6683731079, -34.7601318359, 24.2339038849, 78.4384078979, 64.746963501, 126.907569885, 47.1927909851, 13.817322731, 12.9040708542, -6.54371929169, 7.77125644684], [-344.325073242, -70.0559616089, 40.313243866, 37.120349884, -13.7617511749, 39.2591896057, 12.8574180603, 47.1927909851, 95.1019515991, 37.0371398926, 8.87329959869, -3.07984113693, 4.54216527939], [-436.780670166, 1.17970836163, 51.9965553284, -59.9427871704, 58.6621208191, -11.4516420364, 32.7730712891, 13.817322731, 37.0371398926, 86.4150314331, 12.9704198837, 12.8231105804, -5.91567373276], [55.0523796082, -90.7665786743, -31.3356552124, 50.0243682861, -49.5723114014, 38.272644043, -9.12607765198, 12.9040708542, 8.87329959869, 12.9704198837, 78.2159500122, 16.9667072296, 2.63655734062], [-396.150390625, -10.8562450409, 15.9994287491, -86.8826065063, 31.5800476074, -14.4318618774, 26.4026966095, -6.54371929169, -3.07984113693, 12.8231105804, 16.9667072296, 80.7042999268, 18.7558574677], [86.8643035889, -34.3577270508, -38.7485466003, -6.66720533371, -38.1266975403, 8.15444374084, -8.10921478271, 7.77125644684, 4.54216527939, -5.91567373276, 2.63655734062, 18.7558574677, 77.1993865967]],
        "icov": [[0.000207050907193, -0.000523449794855, 0.000612078118138, -0.000494589621667, 0.000666560954414, 0.000142331045936, 0.000149641375174, -0.000408997468185, 0.000640604412183, -0.000384261016734, 0.000236527659581, -1.22155406643e-05, 9.7375967016e-05], [-0.000523449794855, 0.00256466236897, -0.00112006033305, 0.00202964479104, -0.00331754097715, 0.000766215962358, -0.00139401725028, 0.00256936997175, -0.00311038503423, 0.00312097207643, -0.00210276595317, 0.00230662478134, -0.000847393705044], [0.000612078118138, -0.00112006033305, 0.00419502565637, -0.00178765528835, 0.000310350384098, -0.000712562643457, 0.000770717859268, -0.00217263051309, 0.00206481665373, -0.00191809097305, 0.00233982293867, -0.000961502548307, 0.00117744947784], [-0.000494589621667, 0.00202964479104, -0.00178765528835, 0.00337100122124, -0.00292080268264, 0.000581542321015, -0.00111743598245, 0.00376583426259, -0.00444306759164, 0.00460140034556, -0.0041443654336, 0.00403595576063, -0.00137172918767], [0.000666560954414, -0.00331754097715, 0.000310350384098, -0.00292080268264, 0.0108895935118, -0.0028197565116, 0.00332600320689, -0.00576902320608, 0.00895081553608, -0.0107265096158, 0.00957959424704, -0.00771091226488, 0.00448069814593], [0.000142331045936, 0.000766215962358, -0.000712562643457, 0.000581542321015, -0.0028197565116, 0.00896598212421, -0.00502379937097, 0.00215290603228, -0.00540230609477, 0.00856790784746, -0.00925797317177, 0.00733297551051, -0.00370166101493], [0.000149641375174, -0.00139401725028, 0.000770717859268, -0.00111743598245, 0.00332600320689, -0.00502379937097, 0.0134060494602, -0.00879568140954, 0.00714144390076, -0.00984566658735, 0.00958095677197, -0.00938828475773, 0.00474751600996], [-0.000408997468185, 0.00256936997175, -0.00217263051309, 0.00376583426259, -0.00576902320608, 0.00215290603228, -0.00879568140954, 0.0204285420477, -0.013552678749, 0.0115536125377, -0.0117894802243, 0.0115024140105, -0.00592767447233], [0.000640604412183, -0.00311038503423, 0.00206481665373, -0.00444306759164, 0.00895081553608, -0.00540230609477, 0.00714144390076, -0.013552678749, 0.0267028659582, -0.0200226902962, 0.0133058251813, -0.0100193526596, 0.00452760700136], [-0.000384261016734, 0.00312097207643, -0.00191809097305, 0.00460140034556, -0.0107265096158, 0.00856790784746, -0.00984566658735, 0.0115536125377, -0.0200226902962, 0.0334218107164, -0.0198039971292, 0.0132245859131, -0.00594125827774], [0.000236527659581, -0.00210276595317, 0.00233982293867, -0.0041443654336, 0.00957959424704, -0.00925797317177, 0.00958095677197, -0.0117894802243, 0.0133058251813, -0.0198039971292, 0.0329999625683, -0.0188391003758, 0.0086662909016], [-1.22155406643e-05, 0.00230662478134, -0.000961502548307, 0.00403595576063, -0.00771091226488, 0.00733297551051, -0.00938828475773, 0.0115024140105, -0.0100193526596, 0.0132245859131, -0.0188391003758, 0.0294817537069, -0.0107369758189], [9.7375967016e-05, -0.000847393705044, 0.00117744947784, -0.00137172918767, 0.00448069814593, -0.00370166101493, 0.00474751600996, -0.00592767447233, 0.00452760700136, -0.00594125827774, 0.0086662909016, -0.0107369758189, 0.0182295423001]]
    },
    "melbands": {
        "dmean": [9.28499066504e-05, 0.000179339578608, 0.00014996335085, 0.000211118880543, 0.000272357254289, 0.000312740332447, 0.000184082848136, 0.000239651068114, 0.00016058231995, 0.000148769686348, 6.33818563074e-05, 0.000126361584989, 3.87088221032e-05, 3.40069527738e-05, 2.95284844469e-05, 2.00292433874e-05, 1.05718063423e-05, 7.38200287742e-06, 5.92598507865e-06, 7.37095979275e-06, 3.65253458767e-06, 1.98497332349e-06, 2.84995280708e-06, 9.11884512789e-07, 9.92342620521e-07, 6.05980744695e-07, 5.04399167767e-07, 5.74318391955e-07, 2.10829682601e-07, 1.25769986425e-07, 8.78252564007e-08, 6.75265354744e-08, 4.02981861214e-08, 3.07047649528e-08, 1.82011117289e-08, 1.21580470136e-08, 9.59907531239e-09, 8.03191113619e-09, 3.60490370888e-09, 5.49022882712e-10],
        "dmean2": [0.000150892170495, 0.000294128112728, 0.000248429831117, 0.000331262795953, 0.000410834007198, 0.000466215889901, 0.000267083436484, 0.000344708329067, 0.000240893321461, 0.000223540235311, 8.97290301509e-05, 0.000175419845618, 6.07273505011e-05, 5.28123346157e-05, 4.42293166998e-05, 3.00631345453e-05, 1.65668770933e-05, 1.14046706585e-05, 9.28913232201e-06, 1.17171230158e-05, 5.79913239562e-06, 3.17684430229e-06, 4.57790474684e-06, 1.45055901157e-06, 1.57124338784e-06, 9.64859736996e-07, 7.88279976405e-07, 9.1605011221e-07, 3.39282024697e-07, 1.97041998717e-07, 1.40343729527e-07, 1.0613359791e-07, 6.34362820051e-08, 4.67418566075e-08, 2.71024944709e-08, 1.76191914392e-08, 1.47897152303e-08, 1.20642207335e-08, 5.33704724859e-09, 8.59396942499e-10],
        "dvar": [5.1312277094e-08, 2.17017216642e-07, 1.66892718312e-07, 3.19739910992e-07, 3.93864212356e-07, 5.28843543179e-07, 2.25866216397e-07, 3.80044525627e-07, 1.18295275797e-07, 2.63450431248e-07, 1.64686788651e-08, 1.53828935368e-07, 1.59187596438e-08, 4.89209828203e-09, 6.60202337244e-09, 4.9158797033e-09, 9.61859258908e-10, 2.51624304726e-10, 1.28740129668e-10, 6.05854977298e-10, 1.23235421867e-10, 2.87287416079e-11, 8.32051372246e-11, 8.48310657831e-12, 3.53322891777e-11, 5.45302258209e-12, 4.39373494185e-12, 5.24813525971e-12, 7.38364664549e-13, 2.29228149049e-13, 2.12672503848e-13, 1.43764855706e-13, 7.98821525962e-14, 5.19742973974e-14, 6.56146195184e-15, 5.52211356204e-15, 3.51239385172e-15, 1.335643797e-15, 2.30801893278e-16, 9.02503679132e-18],
        "dvar2": [1.26670258283e-07, 5.5834215118e-07, 4.60811122593e-07, 7.89956516201e-07, 8.85183283117e-07, 1.10204427983e-06, 3.98908099442e-07, 7.32421824523e-07, 2.50751014619e-07, 5.67486438285e-07, 2.96560411783e-08, 2.98018704825e-07, 3.95595520786e-08, 1.10599831515e-08, 1.23458132606e-08, 8.66430927005e-09, 1.98963712172e-09, 5.77376313426e-10, 3.24514720651e-10, 1.26051424854e-09, 2.86443452291e-10, 6.89271625887e-11, 2.04321976005e-10, 2.09549703978e-11, 9.17210404849e-11, 1.32290983723e-11, 1.08592536005e-11, 1.36674898829e-11, 1.92135803795e-12, 5.86379306656e-13, 5.75398344423e-13, 3.75559473928e-13, 2.12965766983e-13, 1.28376096645e-13, 1.41271695541e-14, 1.19928565912e-14, 8.33609592623e-15, 2.97432443055e-15, 4.75081404236e-16, 2.29202284792e-17],
        "max": [0.00786862615496, 0.00910108070821, 0.0096544874832, 0.01797458902, 0.015440415591, 0.0198810175061, 0.0215699113905, 0.0219411365688, 0.0066025853157, 0.0100501785055, 0.00419362494722, 0.0111962929368, 0.00508510740474, 0.00154128286522, 0.0025977846235, 0.00304919132032, 0.000860216096044, 0.000412144057918, 0.00021373789059, 0.000993927009404, 0.000323517073411, 0.000205499032745, 0.00031419066363, 0.000122292593005, 0.000322100706398, 7.98975306679e-05, 8.16650644992e-05, 5.80483210797e-05, 2.95717072731e-05, 2.01001894311e-05, 1.625090772e-05, 1.42712706293e-05, 1.55034304044e-05, 1.28627152662e-05, 2.3128122848e-06, 5.15647661814e-06, 2.32238062381e-06, 1.28080068862e-06, 6.03419266554e-07, 1.30128199771e-07],
        "mean": [0.000146060148836, 0.000285315327346, 0.000249507429544, 0.000486777629703, 0.000577950035222, 0.000660122139379, 0.00046464294428, 0.000503932591528, 0.000331854389515, 0.000258373329416, 0.000153211134602, 0.000247372605372, 7.43883792893e-05, 7.2398375778e-05, 6.15825338173e-05, 3.77187752747e-05, 1.99908463401e-05, 1.46930970004e-05, 1.17560648505e-05, 1.25955202748e-05, 6.33032550468e-06, 3.67257530343e-06, 4.14469423049e-06, 1.56732266987e-06, 1.63792867625e-06, 1.0851283605e-06, 8.50980939049e-07, 8.69240409429e-07, 3.47975571913e-07, 2.11697823715e-07, 1.42311478157e-07, 1.05646911663e-07, 5.96158358235e-08, 4.53092106056e-08, 2.71949591735e-08, 1.84126669467e-08, 1.36461366651e-08, 1.12622258186e-08, 5.78069681012e-09, 7.3140948853e-10],
        "median": [4.27381855843e-05, 7.19748277334e-05, 6.53660972603e-05, 0.000106765648525, 0.000199877875275, 0.000243676331593, 0.000157711911015, 0.000134785208502, 0.000128554005641, 5.40958099009e-05, 6.47472916171e-05, 5.38738822797e-05, 2.28419776249e-05, 3.09581810143e-05, 2.28082481044e-05, 9.03202544578e-06, 6.28124416835e-06, 5.87432714383e-06, 5.39423717782e-06, 4.13795123677e-06, 1.94165545508e-06, 1.29015916173e-06, 9.64648279478e-07, 4.28429018484e-07, 3.44347199643e-07, 2.50980718874e-07, 1.87693714793e-07, 1.59245246323e-07, 5.87420245779e-08, 3.57920661997e-08, 2.02364454083e-08, 1.44051606199e-08, 6.92250301526e-09, 3.78199960238e-09, 2.02840566565e-09, 1.17331411253e-09, 1.00277786075e-09, 7.05982550198e-10, 3.74460851216e-10, 4.04192339321e-11],
        "min": [1.49007315159e-24, 1.76853621936e-24, 1.9283042185e-24, 5.78543981179e-25, 1.44981146593e-24, 1.46750117869e-24, 2.38224476008e-24, 2.54062258908e-24, 2.26940156024e-24, 2.06396798103e-24, 2.47726581712e-24, 1.95669630855e-24, 2.80781944122e-24, 2.9154421568e-24, 2.510727719e-24, 3.46416551943e-24, 2.46842031979e-24, 3.04975598111e-24, 3.43343859831e-24, 3.23052306311e-24, 4.00796244571e-24, 4.96876071282e-24, 5.37038163258e-24, 4.42615575537e-24, 4.52421984336e-24, 4.25012104994e-24, 4.22221036225e-24, 4.74901877451e-24, 4.52215539437e-24, 4.75079607813e-24, 4.81375309482e-24, 4.36311669714e-24, 5.02147082079e-24, 5.41735277746e-24, 5.52002381314e-24, 5.91325006958e-24, 6.34777358884e-24, 5.50630236655e-24, 7.33785476718e-24, 6.28859718803e-24],
        "var": [1.01170563482e-07, 4.49479642839e-07, 2.9250779221e-07, 1.34331139634e-06, 1.14429610676e-06, 1.53582368512e-06, 1.08250321773e-06, 1.13771397992e-06, 3.22995560964e-07, 4.90789091145e-07, 7.16816757063e-08, 3.82331876381e-07, 3.49814399669e-08, 1.38243301251e-08, 2.08157810988e-08, 1.35468285478e-08, 2.05121541974e-09, 6.77407241412e-10, 3.15225179293e-10, 9.6389229931e-10, 2.42114689408e-10, 5.59810253709e-11, 1.29444496788e-10, 1.36359430691e-11, 3.64328671398e-11, 8.33855120369e-12, 6.41402252491e-12, 6.89038799975e-12, 9.76342162499e-13, 3.02626765878e-13, 2.24206910633e-13, 1.54187833291e-13, 7.31258451145e-14, 5.62441125574e-14, 1.10631151118e-14, 8.96615884294e-15, 4.01738451872e-15, 2.04197006627e-15, 4.77125665315e-16, 1.15704717139e-17]
    },
    "mfcc": {
        "mean": [-772.27746582, 202.355697632, -28.7612113953, -0.425994157791, -11.8652896881, -6.7952132225, -7.68243026733, -5.35503196716, -2.90201282501, -0.683767616749, -4.78824806213, 1.13529980183, 1.88432788849],
        "cov": [[13245.5703125, 3076.19750977, -1833.79882812, 1299.75292969, -714.946228027, -138.071060181, -523.97845459, -322.003082275, -474.329650879, -92.2181549072, -341.455993652, -62.0840644836, -183.007263184], [3076.19750977, 2449.2253418, -373.359405518, -160.082595825, -47.1450767517, -142.09046936, -57.2317237854, -139.811203003, -14.5042047501, -85.2250900269, -62.3840408325, -49.5454597473, 6.42791891098], [-1833.79882812, -373.359405518, 521.457397461, -148.2605896, 152.618545532, 70.1942749023, 79.2682571411, 86.0779953003, 77.7091293335, 34.9071273804, 60.164150238, 23.0499401093, 15.0626516342], [1299.75292969, -160.082595825, -148.2605896, 620.981384277, 56.8407325745, 66.2429199219, -14.0109176636, -34.3334770203, -64.1473617554, 1.17034649849, -13.8874387741, -4.74584197998, -46.9211578369], [-714.946228027, -47.1450767517, 152.618545532, 56.8407325745, 266.863922119, 70.2688064575, 58.7588157654, 10.2126760483, 23.973903656, 1.26209700108, 28.4732780457, 5.15585231781, -3.20160293579], [-138.071060181, -142.09046936, 70.1942749023, 66.2429199219, 70.2688064575, 128.962844849, 47.7540359497, 22.4875011444, 11.1389093399, 2.0347135067, 20.5606803894, 12.8793363571, -5.1967420578], [-523.97845459, -57.2317237854, 79.2682571411, -14.0109176636, 58.7588157654, 47.7540359497, 142.111984253, 57.4031143188, 34.2240982056, 8.31909751892, 26.8415145874, 7.21024513245, 13.9439506531], [-322.003082275, -139.811203003, 86.0779953003, -34.3334770203, 10.2126760483, 22.4875011444, 57.4031143188, 107.027557373, 42.7093963623, 15.3740978241, 19.0394878387, 12.115688324, 5.01921701431], [-474.329650879, -14.5042047501, 77.7091293335, -64.1473617554, 23.973903656, 11.1389093399, 34.2240982056, 42.7093963623, 115.790611267, 41.5163040161, 13.5518913269, 1.65873336792, 20.6213779449], [-92.2181549072, -85.2250900269, 34.9071273804, 1.17034649849, 1.26209700108, 2.0347135067, 8.31909751892, 15.3740978241, 41.5163040161, 99.8162460327, 23.1346759796, -1.95109784603, 13.7386789322], [-341.455993652, -62.3840408325, 60.164150238, -13.8874387741, 28.4732780457, 20.5606803894, 26.8415145874, 19.0394878387, 13.5518913269, 23.1346759796, 109.998672485, 33.8568611145, -13.7601251602], [-62.0840644836, -49.5454597473, 23.0499401093, -4.74584197998, 5.15585231781, 12.8793363571, 7.21024513245, 12.115688324, 1.65873336792, -1.95109784603, 33.8568611145, 87.4855194092, 20.1392688751], [-183.007263184, 6.42791891098, 15.0626516342, -46.9211578369, -3.20160293579, -5.1967420578, 13.9439506531, 5.01921701431, 20.6213779449, 13.7386789322, -13.7601251602, 20.1392688751, 90.41456604]],
