{
"lowlevel": {
    "average_loudness": 0.577731370926,
    "barkbands_crest": {
        "dmean": 2.16361904144,
        "dmean2": 3.27709150314,
        "dvar": 3.82094240189,
        "dvar2": 8.9094991684,
        "max": 26.0729236603,
        "mean": 11.738319397,
        "median": 11.0237474442,
        "min": 3.18996596336,
        "var": 16.180896759
    },
    "barkbands_flatness_db": {
        "dmean": 0.0205685440451,
        "dmean2": 0.0331129059196,
        "dvar": 0.000318551086821,
        "dvar2": 0.000816412211861,
        "max": 0.534440159798,
        "mean": 0.282355070114,
        "median": 0.27703717351,
        "min": 0.0873746201396,
        "var": 0.00264300918207
    },
    "barkbands_kurtosis": {
        "dmean": 3.59943556786,
        "dmean2": 5.58327817917,
        "dvar": 760.722412109,
        "dvar2": 1961.42211914,
        "max": 1347.23510742,
        "mean": 6.42648696899,
        "median": 1.77590870857,
        "min": -1.57875001431,
        "var": 1770.10754395
    },
    "barkbands_skewness": {
        "dmean": 0.442146003246,
        "dmean2": 0.674602806568,
        "dvar": 0.445946186781,
        "dvar2": 1.10204863548,
        "max": 30.9886474609,
        "mean": 0.76664185524,
        "median": 0.630640864372,
        "min": -3.87124824524,
        "var": 2.86332392693
    },
    "barkbands_spread": {
        "dmean": 1.61685490608,
        "dmean2": 2.41699886322,
        "dvar": 3.54683852196,
        "dvar2": 8.11022377014,
        "max": 54.423866272,
        "mean": 7.33835840225,
        "median": 6.43307495117,
        "min": 0.187078684568,
        "var": 17.5254268646
    },
    "dissonance": {
        "dmean": 0.0430245622993,
        "dmean2": 0.072098210454,
        "dvar": 0.00144142261706,
        "dvar2": 0.00399093236774,
        "max": 0.499760985374,
        "mean": 0.383341997862,
        "median": 0.39045214653,
        "min": 0.165928572416,
        "var": 0.00355379213579
    },
    "dynamic_complexity": 4.167491436,
    "erbbands_crest": {
        "dmean": 2.68486189842,
        "dmean2": 4.13564443588,
        "dvar": 6.17591714859,
        "dvar2": 13.8340597153,
        "max": 32.4003257751,
        "mean": 13.7897052765,
        "median": 12.8655128479,
        "min": 2.5856962204,
        "var": 24.8652858734
    },
    "erbbands_flatness_db": {
        "dmean": 0.0133541934192,
        "dmean2": 0.0195668172091,
        "dvar": 0.000140862131957,
        "dvar2": 0.000295046309475,
        "max": 0.522360980511,
        "mean": 0.325104981661,
        "median": 0.324350655079,
        "min": 0.0961641147733,
        "var": 0.00271717039868
    },
    "erbbands_kurtosis": {
        "dmean": 1.15838527679,
        "dmean2": 1.7331328392,
        "dvar": 2.92347049713,
        "dvar2": 6.28334474564,
        "max": 51.0225753784,
        "mean": 1.41370773315,
        "median": 0.648404598236,
        "min": -1.75821554661,
        "var": 9.23065662384
    },
    "erbbands_skewness": {
        "dmean": 0.340503931046,
        "dmean2": 0.497753977776,
        "dvar": 0.0942821726203,
        "dvar2": 0.200986355543,
        "max": 5.22862195969,
        "mean": 0.603794932365,
        "median": 0.58295917511,
        "min": -2.72656011581,
        "var": 0.544929981232
    },
    "erbbands_spread": {
        "dmean": 2.39873170853,
        "dmean2": 3.49956083298,
        "dvar": 8.15652084351,
        "dvar2": 17.4093208313,
        "max": 131.35736084,
        "mean": 13.5995330811,
        "median": 11.5516319275,
        "min": 0.869966447353,
        "var": 126.309394836
    },
    "hfc": {
        "dmean": 3.27364706993,
        "dmean2": 4.63608169556,
        "dvar": 26.7529220581,
        "dvar2": 54.6177787781,
        "max": 162.452178955,
        "mean": 13.2679653168,
        "median": 9.70844459534,
        "min": 1.20577892899e-16,
        "var": 170.383270264
    },
    "melbands_crest": {
        "dmean": 2.46599292755,
        "dmean2": 3.74728679657,
        "dvar": 5.37317895889,
        "dvar2": 12.661362648,
        "max": 39.5204620361,
        "mean": 13.9874486923,
        "median": 12.9723243713,
        "min": 2.047342062,
        "var": 25.6878051758
    },
    "melbands_flatness_db": {
        "dmean": 0.015979135409,
        "dmean2": 0.0235270224512,
        "dvar": 0.000241351342993,
        "dvar2": 0.000521660607774,
        "max": 0.584846556187,
        "mean": 0.328966200352,
        "median": 0.320048511028,
        "min": 0.00836264807731,
        "var": 0.00461551221088
    },
    "melbands_kurtosis": {
        "dmean": 8.93223571777,
        "dmean2": 14.9752645493,
        "dvar": 8534.06445312,
        "dvar2": 25232.0664062,
        "max": 4264.07275391,
        "mean": 13.3517942429,
        "median": 2.27262353897,
        "min": -1.59116363525,
        "var": 13896.8417969
    },
    "melbands_skewness": {
        "dmean": 0.479240894318,
        "dmean2": 0.735077142715,
        "dvar": 1.47417199612,
        "dvar2": 4.22968578339,
        "max": 58.0018806458,
        "mean": 1.17211973667,
        "median": 0.919095337391,
        "min": -3.33520174026,
        "var": 6.82434511185
    },
    "melbands_spread": {
        "dmean": 2.39195871353,
        "dmean2": 3.54607748985,
        "dvar": 10.1657686234,
        "dvar2": 20.887386322,
        "max": 125.26889801,
        "mean": 11.0636529922,
        "median": 9.8692073822,
        "min": 0.133505836129,
        "var": 42.2114448547
    },
    "pitch_salience": {
        "dmean": 0.0529861971736,
        "dmean2": 0.0825344920158,
        "dvar": 0.00219238502905,
        "dvar2": 0.00537711614743,
        "max": 0.913261055946,
        "mean": 0.522314190865,
        "median": 0.521268069744,
        "min": 0.0311076901853,
        "var": 0.010467428714
    },
    "silence_rate_20dB": {
        "dmean": 0,
        "dmean2": 0,
        "dvar": 0,
        "dvar2": 0,
        "max": 1,
        "mean": 1,
        "median": 1,
        "min": 1,
        "var": 0
    },
    "silence_rate_30dB": {
        "dmean": 0.00552571006119,
        "dmean2": 0.0110531160608,
        "dvar": 0.00549516314641,
        "dvar2": 0.0127730332315,
        "max": 1,
        "mean": 0.993247389793,
        "median": 1,
        "min": 0,
        "var": 0.00670716259629
    },
    "silence_rate_60dB": {
        "dmean": 0.0156561788172,
        "dmean2": 0.0313171632588,
        "dvar": 0.0154109029099,
        "dvar2": 0.033099129796,
        "max": 1,
        "mean": 0.110650703311,
        "median": 0,
        "min": 0,
        "var": 0.0984047055244
    },
    "spectral_centroid": {
        "dmean": 70.6903839111,
        "dmean2": 103.657188416,
        "dvar": 15807.7314453,
        "dvar2": 20576.4257812,
        "max": 10477.1699219,
        "mean": 710.214294434,
        "median": 684.699951172,
        "min": 259.846984863,
        "var": 63547.3359375
    },
    "spectral_complexity": {
        "dmean": 1.39953947067,
        "dmean2": 2.34694504738,
        "dvar": 1.82818341255,
        "dvar2": 4.60395288467,
        "max": 25,
        "mean": 10.7193059921,
        "median": 11,
        "min": 0,
        "var": 13.5585670471
    },
    "spectral_decrease": {
        "dmean": 1.18721443787e-09,
        "dmean2": 1.67521330141e-09,
        "dvar": 3.30738221082e-18,
        "dvar2": 7.33482224974e-18,
        "max": 5.44499034248e-29,
        "mean": -5.10739583959e-09,
        "median": -3.90984311593e-09,
        "min": -5.08103887853e-08,
        "var": 2.26148664843e-17
    },
    "spectral_energy": {
        "dmean": 0.00475980900228,
        "dmean2": 0.00671370886266,
        "dvar": 5.30731667823e-05,
        "dvar2": 0.000116930401418,
        "max": 0.199088811874,
        "mean": 0.0204799380153,
        "median": 0.0156513303518,
        "min": 1.0731251578e-20,
        "var": 0.000363942148397
    },
    "spectral_energyband_high": {
        "dmean": 5.23013841303e-06,
        "dmean2": 8.57920986164e-06,
        "dvar": 1.2385445447e-10,
        "dvar2": 3.03281649794e-10,
        "max": 0.000391773559386,
        "mean": 1.75004533958e-05,
        "median": 7.90131707618e-06,
        "min": 8.08875283312e-21,
        "var": 6.50220155496e-10
    },
    "spectral_energyband_low": {
        "dmean": 0.000253726670053,
        "dmean2": 0.000424388999818,
        "dvar": 2.02575790809e-07,
        "dvar2": 5.44990598428e-07,
        "max": 0.0153459459543,
        "mean": 0.000529664859641,
        "median": 0.000294144032523,
        "min": 1.39360672387e-23,
        "var": 7.38564665426e-07
    },
    "spectral_energyband_middle_high": {
        "dmean": 0.00190637062769,
        "dmean2": 0.00274518295191,
        "dvar": 1.74611832335e-05,
        "dvar2": 3.66563763237e-05,
        "max": 0.169767379761,
        "mean": 0.00521737430245,
        "median": 0.00265240296721,
        "min": 1.41343113921e-21,
        "var": 6.46527914796e-05
    },
    "spectral_energyband_middle_low": {
        "dmean": 0.00378551706672,
        "dmean2": 0.00536643061787,
        "dvar": 3.79379744118e-05,
        "dvar2": 8.82843087311e-05,
        "max": 0.196060344577,
        "mean": 0.0148419076577,
        "median": 0.0109775522724,
        "min": 2.65745958657e-22,
        "var": 0.00020720352768
    },
    "spectral_entropy": {
        "dmean": 0.130882918835,
        "dmean2": 0.195109367371,
        "dvar": 0.0141129344702,
        "dvar2": 0.0310063604265,
        "max": 9.79568195343,
        "mean": 6.1216583252,
        "median": 6.12366104126,
        "min": 4.65058469772,
        "var": 0.15841922164
    },
    "spectral_flux": {
        "dmean": 0.0141213387251,
        "dmean2": 0.0235186945647,
        "dvar": 0.000292293261737,
        "dvar2": 0.000775084481575,
        "max": 0.296479254961,
        "mean": 0.0460745543242,
        "median": 0.0422919616103,
        "min": 1.03591753231e-10,
        "var": 0.000788976845797
    },
    "spectral_kurtosis": {
        "dmean": 15.1930541992,
        "dmean2": 26.3162994385,
        "dvar": 276.521331787,
        "dvar2": 806.442993164,
        "max": 244.81048584,
        "mean": 40.5974807739,
        "median": 28.0898799896,
        "min": -1.23897230625,
        "var": 1286.65063477
    },
    "spectral_rms": {
        "dmean": 0.000464291253593,
        "dmean2": 0.000643605133519,
        "dvar": 2.63579636339e-07,
        "dvar2": 5.5591817727e-07,
        "max": 0.0139367496595,
        "mean": 0.0040366705507,
        "median": 0.0039076320827,
        "min": 3.23566282275e-12,
        "var": 3.68563360098e-06
    },
    "spectral_rolloff": {
        "dmean": 137.464309692,
        "dmean2": 234.10609436,
        "dvar": 79720.296875,
        "dvar2": 126022.367188,
        "max": 18690.8203125,
        "mean": 930.644287109,
        "median": 882.861328125,
        "min": 21.533203125,
        "var": 205513.453125
    },
    "spectral_skewness": {
        "dmean": 0.929913520813,
        "dmean2": 1.61759710312,
        "dvar": 0.771349787712,
        "dvar2": 2.29200768471,
        "max": 12.4450626373,
        "mean": 4.23788070679,
        "median": 3.74468255043,
        "min": 0.0787233635783,
        "var": 3.84764313698
    },
    "spectral_spread": {
        "dmean": 243817.34375,
        "dmean2": 415987.6875,
        "dvar": 243832127488,
        "dvar2": 308817920000,
        "max": 42076236,
        "mean": 1638089.125,
        "median": 1559170.5,
        "min": 344525.40625,
        "var": 772126998528
    },
    "spectral_strongpeak": {
        "dmean": 0.52473539114,
        "dmean2": 0.82469946146,
        "dvar": 0.544700920582,
        "dvar2": 1.26048600674,
        "max": 14.7743644714,
        "mean": 1.72068727016,
        "median": 1.42798256874,
        "min": 0,
        "var": 1.76507735252
    },
    "zerocrossingrate": {
        "dmean": 0.00307808304206,
        "dmean2": 0.00377409765497,
        "dvar": 3.55840093107e-05,
        "dvar2": 2.70503333013e-05,
        "max": 0.49462890625,
        "mean": 0.0335917435586,
        "median": 0.033203125,
        "min": 0.00048828125,
        "var": 0.00017845693219
    },
    "barkbands": {
        "dmean": [0.00012176400196, 0.000165106001077, 5.59115505894e-05, 9.20492748264e-05, 0.000619200000074, 0.00112572067883, 0.00140051182825, 0.000996428192593, 0.00147172878496, 0.000906150322407, 0.000707999337465, 0.000300515268464, 0.00033153151162, 0.000149848186993, 0.000144372650539, 9.13132826099e-05, 6.13774172962e-05, 8.00531324785e-06, 4.18218769482e-06, 5.67425240661e-06, 1.87999592072e-06, 1.5103679516e-06, 9.88781152955e-07, 7.14202315066e-07, 1.14620775093e-07, 8.1686452047e-10, 8.70538252595e-10],
        "dmean2": [0.000197612986085, 0.000280685373582, 9.57871015999e-05, 0.000143538331031, 0.000966552295722, 0.00161756598391, 0.00200088764541, 0.00148428371176, 0.00196225545369, 0.00124154542573, 0.00105158647057, 0.000482066330733, 0.000497907749377, 0.000203440577025, 0.000221262758714, 0.000145021011122, 9.75645380095e-05, 1.34360525408e-05, 7.06266200723e-06, 9.46014642977e-06, 3.1591782772e-06, 2.52175482274e-06, 1.6424360183e-06, 1.17783815767e-06, 1.86088996657e-07, 1.50776058305e-09, 1.60691449036e-09],
        "dvar": [4.55613431427e-08, 1.10849910584e-07, 1.76149956843e-08, 6.54490932561e-08, 7.37364507586e-06, 4.96714665132e-06, 7.73836927692e-06, 7.98209021013e-06, 1.23219533634e-05, 1.09037437142e-05, 5.3235780797e-06, 7.034934697e-07, 9.28155429847e-07, 2.96507465691e-07, 1.01569774813e-07, 9.83841061952e-08, 6.7227752254e-08, 1.15991660721e-09, 1.07422598594e-10, 1.69251293536e-10, 1.73441296047e-11, 1.08537640681e-11, 4.83245171309e-12, 2.06307301971e-12, 1.17070320994e-13, 2.40904772877e-18, 2.73245549595e-18],
        "dvar2": [1.16143738182e-07, 2.86379474801e-07, 5.29348263001e-08, 1.46163429804e-07, 1.99255155167e-05, 1.39409639814e-05, 1.77713500307e-05, 1.84647342394e-05, 2.18532477447e-05, 2.25520034292e-05, 1.09587290353e-05, 1.78108177806e-06, 2.07436823985e-06, 4.90620777782e-07, 2.41821453528e-07, 2.07762795412e-07, 1.56256490413e-07, 2.9993056927e-09, 2.98035790491e-10, 4.35596558823e-10, 4.6257248032e-11, 2.70878423858e-11, 1.26157920916e-11, 5.72234230486e-12, 3.06394829213e-13, 8.00636386696e-18, 9.07982509919e-18],
        "max": [0.00537604885176, 0.0109577383846, 0.00385431619361, 0.0129862613976, 0.0875945687294, 0.0605709813535, 0.0647315457463, 0.0942308530211, 0.10590621829, 0.16646514833, 0.0694209560752, 0.0195530373603, 0.0461890101433, 0.0249285064638, 0.00693504326046, 0.0121412547305, 0.0133507447317, 0.00162670004647, 0.000350133661414, 0.000378795521101, 9.71002882579e-05, 8.46054463182e-05, 5.38544227311e-05, 4.18421332142e-05, 1.01071218523e-05, 3.05879552798e-08, 3.25871667428e-08],
        "mean": [0.000150340885739, 0.000248975411523, 8.72245218488e-05, 0.000260686763795, 0.00142673158552, 0.00318491109647, 0.00358241423965, 0.00240232353099, 0.0037982808426, 0.00196107872762, 0.00133376580197, 0.000543359899893, 0.000624264124781, 0.00029266285128, 0.000281515793176, 0.000159299612278, 9.9026641692e-05, 1.23225163406e-05, 7.4533309089e-06, 1.18291227409e-05, 3.69004146705e-06, 3.21730203723e-06, 2.34351000472e-06, 1.98662519324e-06, 1.75480522557e-07, 6.60230481397e-10, 7.02802593899e-10],
        "median": [8.04079754744e-05, 0.000118001764349, 2.73044643109e-05, 2.21509326366e-05, 0.000528908276465, 0.00158702081535, 0.00130780320615, 0.000706269522198, 0.00124963000417, 0.000316290359478, 0.000216879954678, 0.000140094998642, 0.000196178327315, 3.88353291783e-05, 7.1670874604e-05, 3.43683495885e-05, 1.57813992701e-05, 4.33787863585e-06, 2.06631420951e-06, 3.50662776327e-06, 1.15914860999e-06, 1.28201622829e-06, 7.85355155131e-07, 6.35736569166e-07, 1.65738001101e-08, 2.0607859863e-10, 2.19779347499e-10],
        "min": [2.26224797234e-24, 2.40126399928e-24, 1.86735366952e-24, 1.42492450181e-23, 4.8598905715e-23, 3.89213589227e-23, 6.53940068226e-23, 3.1098562958e-23, 5.6907119349e-23, 7.00864354768e-23, 3.98039585915e-23, 8.41888450814e-23, 1.0322139553e-22, 1.60636983064e-22, 8.35034385508e-23, 1.90993802201e-22, 1.57903851396e-22, 1.79821916196e-22, 2.39115276674e-22, 2.35898516473e-22, 3.08687608344e-22, 6.30277497487e-22, 6.33804829071e-22, 1.34609185188e-21, 1.20210335539e-21, 1.60377355687e-21, 2.51315463695e-21],
        "var": [6.06894445809e-08, 3.28489591084e-07, 3.0992172384e-08, 8.2612280039e-07, 1.34459096444e-05, 2.16192893276e-05, 3.58461438736e-05, 2.67972955044e-05, 4.57084024674e-05, 3.43390893249e-05, 1.33799312607e-05, 1.49867742039e-06, 2.02424462259e-06, 1.04174466742e-06, 2.85069063466e-07, 2.30273030866e-07, 9.23632015315e-08, 1.55595236695e-09, 1.81645642972e-10, 5.04255692757e-10, 4.07581052242e-11, 2.87357672379e-11, 1.56659130113e-11, 9.73406771854e-12, 1.94269811826e-13, 1.80656535295e-18, 2.04854297908e-18]
    },
    "erbbands": {
        "dmean": [0.0055290479213, 0.0374908298254, 0.0735731348395, 0.175913974643, 0.98365432024, 2.62811779976, 5.39328432083, 10.0179920197, 17.0690994263, 19.6433010101, 25.5881748199, 37.1883621216, 13.6562976837, 32.6239967346, 30.9294204712, 13.2342386246, 15.9220380783, 7.93014574051, 7.58273458481, 7.11114549637, 3.59730482101, 2.99808430672, 1.19492304325, 0.274572104216, 0.180517300963, 0.316826879978, 0.0895703211427, 0.079055160284, 0.041531637311, 0.0442996770144, 0.0251457747072, 0.0197821203619, 0.009576395154, 0.00243698223494, 6.74679249641e-05, 5.90285890212e-06, 2.41349289354e-06, 7.55383155138e-07, 2.37616586674e-06, 5.45979310118e-06],
        "dmean2": [0.00949029438198, 0.0637152120471, 0.126452103257, 0.275227159262, 1.57505059242, 4.14958286285, 7.74512815475, 14.5308456421, 25.088312149, 27.3743362427, 37.2131538391, 49.2044067383, 18.1930065155, 45.718585968, 46.3957481384, 20.9040584564, 23.4230175018, 10.7857503891, 11.5068778992, 11.2049627304, 5.74415922165, 4.81574010849, 1.89402413368, 0.463228166103, 0.306418538094, 0.528150498867, 0.149479851127, 0.133666783571, 0.0687191709876, 0.0734811350703, 0.0420949980617, 0.0328344367445, 0.0158643871546, 0.00402846280485, 0.00011139857088, 9.64295031736e-06, 3.82982079827e-06, 1.23910672301e-06, 3.33757407134e-06, 7.69728103478e-06],
        "dvar": [5.81796557526e-05, 0.00789886061102, 0.0359075963497, 0.219566360116, 15.0387458801, 179.236419678, 125.439697266, 450.728637695, 1419.24902344, 1775.79174805, 4789.77978516, 8216.83105469, 1630.16052246, 14308.0634766, 11575.9912109, 1317.4942627, 1724.17248535, 951.922729492, 360.615356445, 267.143096924, 319.705963135, 131.600036621, 45.3076705933, 0.369994997978, 0.30921831727, 0.539193332195, 0.0450988523662, 0.0334922112525, 0.0089557506144, 0.00956164859235, 0.00354858743958, 0.00167785829399, 0.000459315691842, 3.44078798662e-05, 2.70450275508e-08, 8.81101511196e-11, 1.43652494414e-11, 1.52930250928e-12, 1.31961698513e-11, 6.96747451401e-11],
        "dvar2": [0.000156857495313, 0.0204888321459, 0.108091600239, 0.517819404602, 40.0816764832, 488.301269531, 314.542877197, 1299.65795898, 3512.7043457, 3573.86401367, 11421.9677734, 14386.6259766, 2858.97631836, 30556.6074219, 24313.0292969, 3231.41137695, 3638.86035156, 1551.85632324, 849.434387207, 645.560852051, 645.890563965, 304.44342041, 106.969467163, 1.01493895054, 0.860164105892, 1.39672994614, 0.11580054462, 0.0903713479638, 0.0218159426004, 0.024588117376, 0.00947530660778, 0.00462727993727, 0.00127013400197, 9.16176577448e-05, 6.97226809621e-08, 2.39918085398e-10, 3.8070258751e-11, 4.27620786003e-12, 2.84650306798e-11, 1.52340820514e-10],
        "max": [0.126091346145, 3.07870936394, 6.65404081345, 21.2132644653, 147.432373047, 383.649658203, 318.639526367, 630.289855957, 994.399108887, 1194.8416748, 2219.69213867, 3105.55810547, 1458.75341797, 6117.47412109, 3433.20263672, 832.219970703, 1841.43591309, 1525.48864746, 423.856140137, 465.516204834, 831.445495605, 448.368804932, 385.003540039, 11.090306282, 24.1233158112, 21.0447025299, 5.68787050247, 5.09527444839, 2.52868652344, 2.41511034966, 1.76985359192, 0.793956458569, 0.541864335537, 0.21050131321, 0.00610644137487, 0.000262421759544, 8.84366600076e-05, 2.93095872621e-05, 9.99334151857e-05, 0.000225397190661],
        "mean": [0.00737266102806, 0.055923063308, 0.122633673251, 0.505234837532, 2.20019125938, 5.55320930481, 16.0106620789, 27.6320304871, 44.3626060486, 53.1793861389, 63.6891021729, 98.9749526978, 35.6875038147, 70.9415893555, 58.8406524658, 27.1824111938, 31.5822372437, 16.5314846039, 15.1488046646, 13.5783157349, 6.65200376511, 5.26604604721, 1.79057061672, 0.549502789974, 0.356425791979, 0.650348424911, 0.195190489292, 0.159612253308, 0.0922006219625, 0.106923609972, 0.062087289989, 0.0500296354294, 0.0241761188954, 0.00523477094248, 0.000162685348187, 2.12064933294e-05, 9.01041039469e-06, 2.38782649831e-06, 1.03601651062e-05, 2.35336101468e-05],
        "median": [0.00433269375935, 0.0222037825733, 0.0445225946605, 0.0956466421485, 0.637249231339, 1.86888122559, 6.68653774261, 13.309545517, 18.8360271454, 19.1228561401, 25.8275604248, 33.7902984619, 12.9206504822, 14.8636894226, 13.2270679474, 9.16102218628, 11.2083740234, 3.62338399887, 4.4279050827, 3.61264753342, 1.86304593086, 0.934261381626, 0.536819577217, 0.176101222634, 0.12618497014, 0.197895422578, 0.0605030655861, 0.0591962113976, 0.0374963060021, 0.036595582962, 0.0208781138062, 0.0154888834804, 0.00699784327298, 0.00138821732253, 5.66595190321e-05, 1.39454805321e-05, 6.73748672853e-06, 1.74348360815e-06, 7.9159035522e-06, 1.80057213583e-05],
        "min": [1.75118891562e-22, 2.11811096805e-22, 2.97681582553e-21, 2.99023852733e-20, 1.18258057219e-19, 1.61655041157e-19, 1.2234560899e-19, 4.88197292939e-19, 8.77778630237e-19, 6.69300371348e-19, 8.30639364887e-19, 1.12985509767e-18, 1.7625318406e-18, 2.63214640499e-18, 1.82396302918e-18, 3.54915407578e-18, 5.61894318889e-18, 6.15177158047e-18, 5.9990864471e-18, 7.188629657e-18, 1.12029313795e-17, 8.54773041682e-18, 7.35847630654e-18, 1.24719761588e-17, 1.18496724676e-17, 1.22682597719e-17, 1.04942319819e-17, 1.46508195231e-17, 2.32610914117e-17, 2.00683711162e-17, 1.84915150601e-17, 2.52459030197e-17, 2.31416895446e-17, 1.05210003737e-17, 9.80729570635e-18, 5.83653511698e-18, 3.11593704831e-18, 1.14621642e-18, 3.72902300071e-19, 3.65344867802e-20],
        "var": [0.000100425502751, 0.0240854714066, 0.0712229907513, 2.30146551132, 34.9047355652, 273.007995605, 653.842590332, 1746.97753906, 5941.1796875, 9748.91015625, 14415.9746094, 32022.9394531, 5571.10449219, 44049.5976562, 27590.6933594, 3069.38671875, 4416.75195312, 3427.11132812, 938.179504395, 668.280090332, 722.397583008, 243.495666504, 48.5526580811, 0.797803163528, 0.457584530115, 1.55693936348, 0.121537014842, 0.0750262737274, 0.0240167211741, 0.0354644693434, 0.0114393616095, 0.00633350061253, 0.00166685483418, 8.82815511432e-05, 7.17642620884e-08, 4.50899734217e-10, 7.0356630244e-11, 5.4828207946e-12, 9.24453846807e-11, 4.80045059259e-10]
    },
    "gfcc": {
        "mean": [-134.820053101, 188.510818481, -156.485244751, -15.6829366684, -71.7675933838, -1.99441254139, -25.9501304626, -16.5586338043, 8.67018890381, -15.983707428, 12.5375900269, -13.4762210846, 10.2075109482],
        "cov": [[7117.08105469, -547.434387207, -1584.42419434, -334.695831299, -605.194580078, -254.183944702, -387.469696045, 113.767211914, 8.62139797211, -88.9291992188, 23.1688632965, -109.04863739, 111.967750549], [-547.434387207, 1082.42382812, 572.186584473, -579.370849609, 397.62789917, -135.537612915, 121.384399414, -96.6816940308, -127.628479004, 7.00826120377, -109.33000946, -39.8104782104, -179.175582886], [-1584.42419434, 572.186584473, 779.212341309, -90.2179489136, 194.606872559, -23.1845855713, 101.471977234, -76.0230407715, -101.088035583, 2.06151723862, -23.8073635101, -4.9734172821, -101.996116638], [-334.695831299, -579.370849609, -90.2179489136, 740.730529785, -127.213699341, 106.050018311, -120.855834961, 12.6518936157, 69.7066650391, -53.2442092896, 36.5968132019, 10.6794023514, 115.063690186], [-605.194580078, 397.62789917, 194.606872559, -127.213699341, 401.26550293, -1.51987087727, 45.3317489624, -9.00237751007, -13.4527072906, -2.10701441765, -110.563850403, -25.6698551178, -67.8961486816], [-254.183944702, -135.537612915, -23.1845855713, 106.050018311, -1.51987087727, 164.385421753, 51.3631744385, 5.91248512268, 8.57634162903, 17.0486431122, 28.5793056488, -11.6878271103, 20.814956665], [-387.469696045, 121.384399414, 101.471977234, -120.855834961, 45.3317489624, 51.3631744385, 183.384002686, 41.7019615173, -31.3762130737, 9.23149013519, -0.633277177811, -4.97291231155, -49.544921875], [113.767211914, -96.6816940308, -76.0230407715, 12.6518936157, -9.00237751007, 5.91248512268, 41.7019615173, 133.882553101, 48.3477592468, -29.4976329803, -15.2649106979, -0.200794294477, 3.80223083496], [8.62139797211, -127.628479004, -101.088035583, 69.7066650391, -13.4527072906, 8.57634162903, -31.3762130737, 48.3477592468, 140.783660889, 49.0243682861, -3.99918460846, 9.76697444916, 28.9518013], [-88.9291992188, 7.00826120377, 2.06151723862, -53.2442092896, -2.10701441765, 17.0486431122, 9.23149013519, -29.4976329803, 49.0243682861, 134.876937866, 66.1224746704, -6.09093427658, -7.88117647171], [23.1688632965, -109.33000946, -23.8073635101, 36.5968132019, -110.563850403, 28.5793056488, -0.633277177811, -15.2649106979, -3.99918460846, 66.1224746704, 142.7840271, 44.8395233154, 3.92302942276], [-109.04863739, -39.8104782104, -4.9734172821, 10.6794023514, -25.6698551178, -11.6878271103, -4.97291231155, -0.200794294477, 9.76697444916, -6.09093427658, 44.8395233154, 98.7107849121, 38.0627326965], [111.967750549, -179.175582886, -101.996116638, 115.063690186, -67.8961486816, 20.814956665, -49.544921875, 3.80223083496, 28.9518013, -7.88117647171, 3.92302942276, 38.0627326965, 125.416481018]],
        "icov": [[0.00055812264327, -0.00105013872962, 0.00151308393106, -0.000135671434691, 0.0010788156651, -4.90052989335e-05, 0.00116150069516, -0.00107804290019, 0.001012422028, -0.000406535255024, 0.000228969074669, 0.000361020123819, 6.41574079054e-05], [-0.00105013872962, 0.00873756222427, -0.00597621919587, 0.00430313451216, -0.00638982560486, 0.00335870450363, -0.00363964121789, 0.00616285763681, -0.00410413183272, 0.00499291392043, -0.00345378159545, 0.00262091169134, -0.000455268891528], [0.00151308393106, -0.00597621919587, 0.00747613795102, -0.0027020201087, 0.00422823801637, -0.000929913192522, 0.00258836755529, -0.00379228591919, 0.00462074857205, -0.00344355567358, 0.00222393544391, -0.00111432175618, 0.00123668264132], [-0.000135671434691, 0.00430313451216, -0.0027020201087, 0.0049834176898, -0.00290198996663, 0.00041911486187, 9.39891324379e-05, 0.00327734951861, -0.00396378803998, 0.00594096723944, -0.00435922667384, 0.00368748349138, -0.00189795263577], [0.0010788156651, -0.00638982560486, 0.00422823801637, -0.00290198996663, 0.0099188471213, -0.0043236115016, 0.00474795326591, -0.00636541564018, 0.0058171749115, -0.00815875735134, 0.00984607357532, -0.00553575810045, 0.00368159427308], [-4.90052989335e-05, 0.00335870450363, -0.000929913192522, 0.00041911486187, -0.0043236115016, 0.0123521080241, -0.0069739879109, 0.00502143753693, -0.00385972904041, 0.00507740676403, -0.00752630783245, 0.00696374475956, -0.00426452932879], [0.00116150069516, -0.00363964121789, 0.00258836755529, 9.39891324379e-05, 0.00474795326591, -0.0069739879109, 0.0150961531326, -0.0104082608595, 0.00856691412628, -0.00780688039958, 0.00679769646376, -0.00513260858133, 0.00466593494639], [-0.00107804290019, 0.00616285763681, -0.00379228591919, 0.00327734951861, -0.00636541564018, 0.00502143753693, -0.0104082608595, 0.020393487066, -0.0143049359322, 0.0149488216266, -0.00987162441015, 0.00716804526746, -0.00295837502927], [0.001012422028, -0.00410413183272, 0.00462074857205, -0.00396378803998, 0.0058171749115, -0.00385972904041, 0.00856691412628, -0.0143049359322, 0.0236159469932, -0.0203670114279, 0.0156185030937, -0.0107550248504, 0.00427904585376], [-0.000406535255024, 0.00499291392043, -0.00344355567358, 0.00594096723944, -0.00815875735134, 0.00507740676403, -0.00780688039958, 0.0149488216266, -0.0203670114279, 0.032040014863, -0.0244385972619, 0.0167134217918, -0.00714472820982], [0.000228969074669, -0.00345378159545, 0.00222393544391, -0.00435922667384, 0.00984607357532, -0.00752630783245, 0.00679769646376, -0.00987162441015, 0.0156185030937, -0.0244385972619, 0.0316416546702, -0.0199022293091, 0.0101426877081], [0.000361020123819, 0.00262091169134, -0.00111432175618, 0.00368748349138, -0.00553575810045, 0.00696374475956, -0.00513260858133, 0.00716804526746, -0.0107550248504, 0.0167134217918, -0.0199022293091, 0.0256036166102, -0.0108797103167], [6.41574079054e-05, -0.000455268891528, 0.00123668264132, -0.00189795263577, 0.00368159427308, -0.00426452932879, 0.00466593494639, -0.00295837502927, 0.00427904585376, -0.00714472820982, 0.0101426877081, -0.0108797103167, 0.0161944106221]]
    },
    "melbands": {
        "dmean": [5.02514485561e-05, 4.16783841501e-05, 4.01423094445e-05, 0.000145777725265, 0.000166092955624, 0.000219084933633, 0.000269013806246, 0.000211917489651, 0.000234394276049, 0.000215300853597, 6.78561264067e-05, 0.000140729680425, 9.9357101135e-05, 4.96040083817e-05, 3.49636211467e-05, 3.17261765304e-05, 1.29759755509e-05, 1.26578333948e-05, 9.70401015365e-06, 8.81725463842e-06, 3.51519474862e-06, 2.92917638944e-06, 2.78205061477e-06, 3.62837482726e-07, 2.18722533418e-07, 1.38803315508e-07, 1.61925740372e-07, 2.2490459628e-07, 7.28982456621e-08, 4.02625026652e-08, 5.6734460685e-08, 2.72425157988e-08, 2.66819579764e-08, 2.7627109489e-08, 1.83923294372e-08, 1.18062546406e-08, 1.3064503257e-08, 7.82321585291e-09, 6.2903149356e-09, 8.64797677913e-10],
        "dmean2": [8.51867516758e-05, 7.12565451977e-05, 6.31374350633e-05, 0.000230511490372, 0.000239947126829, 0.000317425030516, 0.000391042820411, 0.000299207371427, 0.000335419957992, 0.000285280577373, 9.09405571292e-05, 0.000196089677047, 0.000148302380694, 7.83426949056e-05, 5.26451403857e-05, 4.62290518044e-05, 1.77952279046e-05, 1.93856576516e-05, 1.49586157931e-05, 1.39394269354e-05, 5.63324056202e-06, 4.72306192023e-06, 4.36703840023e-06, 6.13482143308e-07, 3.6942694237e-07, 2.36047966951e-07, 2.72755755759e-07, 3.73098345108e-07, 1.21731076774e-07, 6.76629881013e-08, 9.58415284913e-08, 4.48862778057e-08, 4.43046523912e-08, 4.60422491244e-08, 3.09413898947e-08, 1.92104288033e-08, 2.16065707548e-08, 1.27508643644e-08, 1.04052126915e-08, 1.42333300701e-09],
        "dvar": [6.14678929978e-09, 1.1414734935e-08, 8.90853080193e-09, 5.78793219574e-07, 1.11799813851e-07, 2.01956495971e-07, 3.27000009293e-07, 2.09092974046e-07, 3.15089835112e-07, 2.67185328084e-07, 4.67713476837e-08, 2.83025826775e-07, 1.01023609034e-07, 2.15884288224e-08, 6.17211703968e-09, 1.42681022552e-08, 2.5714879115e-09, 1.2391448978e-09, 5.05844421905e-10, 4.75674666323e-10, 5.37576538839e-10, 1.19874124516e-10, 3.23128523938e-10, 2.17467255141e-12, 2.78857259549e-13, 1.80647312972e-13, 2.01047566182e-13, 3.03490603959e-13, 3.26674315853e-14, 1.16758011476e-14, 1.93773389532e-14, 5.03842937356e-15, 4.09378985518e-15, 3.897049089e-15, 2.17937638625e-15, 6.89185657616e-16, 7.96582712004e-16, 3.37780804558e-16, 2.80012760508e-16, 7.23460435545e-18],
        "dvar2": [1.59094142305e-08, 3.25457065742e-08, 2.10526209798e-08, 1.56731107381e-06, 2.84294486619e-07, 5.80143080242e-07, 7.89518708189e-07, 4.34862471366e-07, 7.0937704777e-07, 4.68306637913e-07, 8.15589658032e-08, 6.00064424816e-07, 2.08716969041e-07, 5.13388940249e-08, 1.27709940401e-08, 3.07648413411e-08, 4.0363445919e-09, 2.91702462185e-09, 1.19802179288e-09, 1.10096265438e-09, 1.07479003475e-09, 2.82932871576e-10, 7.52727769004e-10, 5.75558307611e-12, 7.76802071018e-13, 5.07636413374e-13, 5.25259848637e-13, 7.63730712786e-13, 8.34505058914e-14, 3.24473351562e-14, 5.11312793863e-14, 1.19582239551e-14, 1.03496922946e-14, 1.02432964861e-14, 5.86455797119e-15, 1.7668710233e-15, 2.17196145983e-15, 9.23149551356e-16, 7.53827082865e-16, 1.84268063752e-17],
        "max": [0.00216102483682, 0.00395913142711, 0.00423615658656, 0.0247964467853, 0.00883046071976, 0.0130596803501, 0.0151178603992, 0.0120084797964, 0.0170646663755, 0.0180572196841, 0.00737425964326, 0.0272719375789, 0.00941014662385, 0.00383691047318, 0.00316508649848, 0.00611602049321, 0.00258464412764, 0.000635975389741, 0.000417832605308, 0.000688006577548, 0.00113986711949, 0.000275899481494, 0.0010698317783, 7.15398855391e-05, 9.70210112428e-06, 1.62280175573e-05, 1.52487946252e-05, 2.00139256776e-05, 4.27031181971e-06, 2.03632134799e-06, 4.6794834816e-06, 2.18192326429e-06, 2.12656527765e-06, 1.34164974952e-06, 1.58194325195e-06, 1.14852900879e-06, 6.19689956238e-07, 4.10269819895e-07, 6.93914785188e-07, 9.7485560957e-08],
        "mean": [7.80432892498e-05, 6.76663548802e-05, 0.000111842295155, 0.000303233828163, 0.000493479485158, 0.000610958784819, 0.000696357979905, 0.000557640509214, 0.000578617386054, 0.000563936657272, 0.000166080397321, 0.000300002953736, 0.000188283942407, 8.88273061719e-05, 6.86308194418e-05, 6.17096520728e-05, 2.54768838204e-05, 2.34687868215e-05, 1.86568195204e-05, 1.58402490342e-05, 5.99670966039e-06, 5.28128521182e-06, 3.83562201023e-06, 5.7840708223e-07, 4.03685987749e-07, 2.348443644e-07, 3.10441578222e-07, 4.47122090463e-07, 1.36295113862e-07, 7.09392367071e-08, 1.05202694556e-07, 5.22073761999e-08, 5.29085752987e-08, 6.14755464312e-08, 3.87219891707e-08, 2.74602900419e-08, 2.94561832703e-08, 1.69077942758e-08, 1.31516566526e-08, 1.38230049629e-09],
        "median": [4.54600012745e-05, 2.63422771241e-05, 2.5692548661e-05, 7.80990230851e-05, 0.000223306386033, 0.000298838305753, 0.000283023371594, 0.000203297691769, 0.000236089254031, 0.000176430155989, 4.03559606639e-05, 4.98976805829e-05, 3.44889704138e-05, 2.13337971218e-05, 2.53314901784e-05, 1.53323580889e-05, 3.87839736504e-06, 5.25051109435e-06, 4.47196362074e-06, 3.43798819813e-06, 8.79740468918e-07, 6.17091700406e-07, 4.78965318962e-07, 1.55024281412e-07, 1.00190248986e-07, 5.54518599927e-08, 1.00201546616e-07, 1.12952577069e-07, 2.48670062319e-08, 1.12339737512e-08, 3.06649532433e-08, 1.84303949879e-08, 9.83312453684e-09, 1.55587045469e-08, 1.16154019736e-08, 7.93236587526e-09, 7.59343699031e-09, 2.83281931246e-09, 3.321370734e-09, 1.10662187747e-10],
        "min": [1.10926504492e-24, 7.7557717783e-25, 7.0608888588e-24, 1.09556339874e-23, 5.45118504954e-24, 1.01511236595e-23, 1.31819280463e-23, 6.72094660663e-24, 6.88536020764e-24, 7.46654322437e-24, 9.05638036059e-24, 1.10145689968e-23, 5.3526295012e-24, 9.63843743521e-24, 8.88817233863e-24, 1.26193305925e-23, 1.18218576927e-23, 1.13331062971e-23, 6.98919954631e-24, 1.0559789896e-23, 1.44202795287e-23, 1.03675082058e-23, 4.32380933596e-24, 9.10959060637e-24, 1.01689195727e-23, 9.33794059488e-24, 8.06107692306e-24, 8.1852302189e-24, 5.63767216196e-24, 8.27126654467e-24, 8.16535171295e-24, 1.42121638224e-23, 1.01198413803e-23, 1.12445408833e-23, 9.78566096822e-24, 1.34410443989e-23, 1.46132270175e-23, 1.91498729978e-23, 1.00799770834e-23, 8.41423811741e-24],
        "var": [1.55117501066e-08, 2.88749504307e-08, 9.30375207986e-08, 9.89354589365e-07, 5.45179034361e-07, 8.1954055986e-07, 1.41560906286e-06, 1.04157254555e-06, 9.76705109679e-07, 1.05576646092e-06, 1.56391209316e-07, 8.7299849838e-07, 2.55483342926e-07, 4.46568115819e-08, 1.86731909935e-08, 2.96101525521e-08, 9.63365032192e-09, 2.83440804161e-09, 1.37370426145e-09, 1.22292365123e-09, 1.2338368105e-09, 2.71236200167e-10, 3.37952832385e-10, 3.02540566384e-12, 5.88219197743e-13, 2.83692801238e-13, 4.52149765112e-13, 8.93620409875e-13, 8.07919066392e-14, 2.52756071417e-14, 3.95694456747e-14, 1.12179976273e-14, 9.76879964046e-15, 1.33805015407e-14, 5.55982219831e-15, 2.40837280233e-15, 2.61685958615e-15, 1.04462424039e-15, 7.04104131279e-16, 1.37512936942e-17]
    },
    "mfcc": {
        "mean": [-762.604431152, 206.669021606, -14.8373374939, -20.2920742035, -15.3647346497, -4.93130683899, -16.1931037903, -5.34971666336, -6.29543733597, 2.93641352654, -4.42897748947, 4.82440519333, 4.34813261032],
        "cov": [[6037.23974609, -198.545928955, -1345.24523926, -119.913619995, -535.025085449, -249.070037842, -563.714904785, -49.730884552, -211.74710083, 81.5634384155, -258.146362305, 95.039680481, 5.24213552475], [-198.545928955, 1657.84802246, 68.3092269897, -372.055358887, 24.4359722137, -118.196891785, 183.67741394, -124.232002258, -12.3957977295, -59.0086021423, 167.56703186, -154.638519287, -87.085975647], [-1345.24523926, 68.3092269897, 656.482666016, 86.4160308838, 63.7835350037, 27.6225185394, 125.587310791, 0.260304689407, -43.4121589661, -63.3544769287, 30.9007606506, -38.0305023193, 5.36655712128], [-119.913619995, -372.055358887, 86.4160308838, 305.438812256, 106.869560242, 35.5327911377, -43.4109344482, 26.086397171, 15.0277519226, -25.4304676056, -52.8005867004, 11.5549163818, -7.8245472908], [-535.025085449, 24.4359722137, 63.7835350037, 106.869560242, 277.149383545, 71.8287811279, 6.24219369888, -8.18997097015, 64.1242904663, -0.945641875267, -8.54851150513, -20.4153423309, -13.5168790817], [-249.070037842, -118.196891785, 27.6225185394, 35.5327911377, 71.8287811279, 151.608947754, 37.3006668091, -28.4639320374, 10.11465168, 22.0393772125, 1.90629720688, -10.6129140854, -6.1854300499], [-563.714904785, 183.67741394, 125.587310791, -43.4109344482, 6.24219369888, 37.3006668091, 228.013626099, 38.7388381958, -0.0673467665911, -12.7934885025, 57.5969543457, -48.5718574524, -21.4851741791], [-49.730884552, -124.232002258, 0.260304689407, 26.086397171, -8.18997097015, -28.4639320374, 38.7388381958, 155.887115479, 44.3513832092, -25.0730285645, -29.2981071472, 21.0524158478, 12.0734109879], [-211.74710083, -12.3957977295, -43.4121589661, 15.0277519226, 64.1242904663, 10.11465168, -0.0673467665911, 44.3513832092, 156.061813354, 39.3226776123, -16.5701713562, -22.1423130035, -16.284538269], [81.5634384155, -59.0086021423, -63.3544769287, -25.4304676056, -0.945641875267, 22.0393772125, -12.7934885025, -25.0730285645, 39.3226776123, 140.810317993, 33.9412155151, -23.7265872955, -8.64569187164], [-258.146362305, 167.56703186, 30.9007606506, -52.8005867004, -8.54851150513, 1.90629720688, 57.5969543457, -29.2981071472, -16.5701713562, 33.9412155151, 156.155532837, 9.01312732697, -36.5258026123], [95.039680481, -154.638519287, -38.0305023193, 11.5549163818, -20.4153423309, -10.6129140854, -48.5718574524, 21.0524158478, -22.1423130035, -23.7265872955, 9.01312732697, 167.470428467, 57.6353263855], [5.24213552475, -87.085975647, 5.36655712128, -7.8245472908, -13.5168790817, -6.1854300499, -21.4851741791, 12.0734109879, -16.284538269, -8.64569187164, -36.5258026123, 57.6353263855, 138.367706299]],
