{
"lowlevel": {
    "average_loudness": 0.249529272318,
    "barkbands_crest": {
        "dmean": 2.06531715393,
        "dmean2": 3.21311831474,
        "dvar": 4.10259866714,
        "dvar2": 9.98949050903,
        "max": 25.2469215393,
        "mean": 10.7947750092,
        "median": 9.8554353714,
        "min": 3.27225232124,
        "var": 18.1530857086
    },
    "barkbands_flatness_db": {
        "dmean": 0.0148486914113,
        "dmean2": 0.0221421662718,
        "dvar": 0.00021046596521,
        "dvar2": 0.000472469924716,
        "max": 0.388176321983,
        "mean": 0.196444824338,
        "median": 0.192152604461,
        "min": 0.0589497834444,
        "var": 0.00181937601883
    },
    "barkbands_kurtosis": {
        "dmean": 1.40128910542,
        "dmean2": 2.17212939262,
        "dvar": 8.9213886261,
        "dvar2": 20.9735183716,
        "max": 65.7361221313,
        "mean": 2.02352070808,
        "median": 0.462276935577,
        "min": -1.70119440556,
        "var": 26.3932762146
    },
    "barkbands_skewness": {
        "dmean": 0.350065201521,
        "dmean2": 0.524105966091,
        "dvar": 0.151084288955,
        "dvar2": 0.348434001207,
        "max": 6.9325761795,
        "mean": 0.447173416615,
        "median": 0.335719227791,
        "min": -4.48197555542,
        "var": 1.14937317371
    },
    "barkbands_spread": {
        "dmean": 2.41426539421,
        "dmean2": 3.65809488297,
        "dvar": 7.09998035431,
        "dvar2": 16.9822044373,
        "max": 48.352306366,
        "mean": 13.632938385,
        "median": 12.5436229706,
        "min": 0.825780689716,
        "var": 51.0940704346
    },
    "dissonance": {
        "dmean": 0.0270190704614,
        "dmean2": 0.0461737960577,
        "dvar": 0.00065225630533,
        "dvar2": 0.00179056508932,
        "max": 0.499999821186,
        "mean": 0.439068377018,
        "median": 0.446102976799,
        "min": 0.269981563091,
        "var": 0.00165705627296
    },
    "dynamic_complexity": 4.49802303314,
    "erbbands_crest": {
        "dmean": 2.47170495987,
        "dmean2": 3.86632013321,
        "dvar": 5.81457328796,
        "dvar2": 13.8411655426,
        "max": 33.3498039246,
        "mean": 13.2177696228,
        "median": 12.096121788,
        "min": 2.73575186729,
        "var": 29.4263534546
    },
    "erbbands_flatness_db": {
        "dmean": 0.0129727842286,
        "dmean2": 0.0192430950701,
        "dvar": 0.000152840308147,
        "dvar2": 0.000300305400742,
        "max": 0.445077568293,
        "mean": 0.264173984528,
        "median": 0.260740220547,
        "min": 0.0839330404997,
        "var": 0.00198403722607
    },
    "erbbands_kurtosis": {
        "dmean": 0.961612164974,
        "dmean2": 1.49147093296,
        "dvar": 2.74772596359,
        "dvar2": 6.00469207764,
        "max": 49.0916366577,
        "mean": 1.01111996174,
        "median": 0.128890752792,
        "min": -1.66725981236,
        "var": 11.3479528427
    },
    "erbbands_skewness": {
        "dmean": 0.309791386127,
        "dmean2": 0.469552069902,
        "dvar": 0.0929263532162,
        "dvar2": 0.217471688986,
        "max": 5.65564775467,
        "mean": 0.238195642829,
        "median": 0.166188284755,
        "min": -2.87681269646,
        "var": 0.712880194187
    },
    "erbbands_spread": {
        "dmean": 3.11263585091,
        "dmean2": 4.73691606522,
        "dvar": 10.7705135345,
        "dvar2": 26.1104717255,
        "max": 63.7204704285,
        "mean": 18.2212505341,
        "median": 17.2889900208,
        "min": 1.17158472538,
        "var": 70.349647522
    },
    "hfc": {
        "dmean": 2.20411419868,
        "dmean2": 3.24026226997,
        "dvar": 19.6952476501,
        "dvar2": 47.7136726379,
        "max": 125.783439636,
        "mean": 11.1679172516,
        "median": 4.83357095718,
        "min": 1.09459559762e-16,
        "var": 302.617736816
    },
    "melbands_crest": {
        "dmean": 2.65865826607,
        "dmean2": 4.1296620369,
        "dvar": 6.40478467941,
        "dvar2": 16.0446739197,
        "max": 31.4668312073,
        "mean": 13.4819564819,
        "median": 12.5297079086,
        "min": 1.69186532497,
        "var": 27.8328170776
    },
    "melbands_flatness_db": {
        "dmean": 0.0165932811797,
        "dmean2": 0.024450737983,
        "dvar": 0.000274216785328,
        "dvar2": 0.000588539871387,
        "max": 0.470765560865,
        "mean": 0.256190419197,
        "median": 0.252634078264,
        "min": 0.00502865342423,
        "var": 0.00347215216607
    },
    "melbands_kurtosis": {
        "dmean": 2.06821775436,
        "dmean2": 3.19210839272,
        "dvar": 20.6875305176,
        "dvar2": 46.8863601685,
        "max": 99.5151062012,
        "mean": 3.64505958557,
        "median": 1.15607213974,
        "min": -1.73563122749,
        "var": 66.3705749512
    },
    "melbands_skewness": {
        "dmean": 0.404476463795,
        "dmean2": 0.60629171133,
        "dvar": 0.198189496994,
        "dvar2": 0.45274668932,
        "max": 7.51588058472,
        "mean": 1.03638744354,
        "median": 0.863226890564,
        "min": -3.35019183159,
        "var": 1.45455181599
    },
    "melbands_spread": {
        "dmean": 4.19240760803,
        "dmean2": 6.40501403809,
        "dvar": 31.2011737823,
        "dvar2": 70.2089920044,
        "max": 159.147857666,
        "mean": 21.9837970734,
        "median": 19.1554088593,
        "min": 1.03624129295,
        "var": 252.937026978
    },
    "pitch_salience": {
        "dmean": 0.0521293319762,
        "dmean2": 0.0819862708449,
        "dvar": 0.002342563821,
        "dvar2": 0.00576960807666,
        "max": 0.892010867596,
        "mean": 0.490616828203,
        "median": 0.490380734205,
        "min": 0.17901186645,
        "var": 0.00875587109476
    },
    "silence_rate_20dB": {
        "dmean": 0,
        "dmean2": 0,
        "dvar": 0,
        "dvar2": 0,
        "max": 1,
        "mean": 1,
        "median": 1,
        "min": 1,
        "var": 0
    },
    "silence_rate_30dB": {
        "dmean": 0,
        "dmean2": 0,
        "dvar": 0,
        "dvar2": 0,
        "max": 1,
        "mean": 1,
        "median": 1,
        "min": 1,
        "var": 0
    },
    "silence_rate_60dB": {
        "dmean": 0.0443318560719,
        "dmean2": 0.0886917933822,
        "dvar": 0.042368479073,
        "dvar2": 0.0916002765298,
        "max": 1,
        "mean": 0.257993042469,
        "median": 0,
        "min": 0,
        "var": 0.191437780857
    },
    "spectral_centroid": {
        "dmean": 129.252914429,
        "dmean2": 191.002792358,
        "dvar": 65955.609375,
        "dvar2": 98939.375,
        "max": 11459.6474609,
        "mean": 1244.13696289,
        "median": 1110.40991211,
        "min": 248.700836182,
        "var": 924954.6875
    },
    "spectral_complexity": {
        "dmean": 1.40658640862,
        "dmean2": 2.29965162277,
        "dvar": 1.74603068829,
        "dvar2": 4.31125307083,
        "max": 33,
        "mean": 10.4846467972,
        "median": 10,
        "min": 0,
        "var": 34.2333221436
    },
    "spectral_decrease": {
        "dmean": 5.49710221787e-10,
        "dmean2": 8.14357581369e-10,
        "dvar": 1.05316346077e-18,
        "dvar2": 2.58702411617e-18,
        "max": 1.07458777917e-28,
        "mean": -2.53036214204e-09,
        "median": -1.5703252032e-09,
        "min": -2.38808581798e-08,
        "var": 8.73090708193e-18
    },
    "spectral_energy": {
        "dmean": 0.00225352705456,
        "dmean2": 0.00333684659563,
        "dvar": 1.70778221218e-05,
        "dvar2": 4.18575036747e-05,
        "max": 0.0928041562438,
        "mean": 0.0105631342158,
        "median": 0.00637621618807,
        "min": 1.03533746331e-20,
        "var": 0.000156846057507
    },
    "spectral_energyband_high": {
        "dmean": 3.81635254598e-05,
        "dmean2": 5.63302492083e-05,
        "dvar": 2.13229203183e-08,
        "dvar2": 4.58872122522e-08,
        "max": 0.00496626785025,
        "mean": 0.000118394535093,
        "median": 8.91675426828e-06,
        "min": 7.26678975921e-21,
        "var": 1.35988088346e-07
    },
    "spectral_energyband_low": {
        "dmean": 0.000236436302657,
        "dmean2": 0.00029476772761,
        "dvar": 4.33637524111e-07,
        "dvar2": 4.54524240467e-07,
        "max": 0.0362677164376,
        "mean": 0.000702355173416,
        "median": 0.000143706653034,
        "min": 2.32201664991e-23,
        "var": 5.24213010067e-06
    },
    "spectral_energyband_middle_high": {
        "dmean": 0.00121601345018,
        "dmean2": 0.00177797337528,
        "dvar": 6.02152067586e-06,
        "dvar2": 1.33075382109e-05,
        "max": 0.0835479572415,
        "mean": 0.00551839079708,
        "median": 0.00223992974497,
        "min": 1.19525690102e-21,
        "var": 9.37380900723e-05
    },
    "spectral_energyband_middle_low": {
        "dmean": 0.00145060475916,
        "dmean2": 0.00221775867976,
        "dvar": 1.17268054964e-05,
        "dvar2": 3.00493084069e-05,
        "max": 0.089731529355,
        "mean": 0.00445384392515,
        "median": 0.00301347277127,
        "min": 1.59110997907e-22,
        "var": 3.43721076206e-05
    },
    "spectral_entropy": {
        "dmean": 0.130660384893,
        "dmean2": 0.193277746439,
        "dvar": 0.0184329207987,
        "dvar2": 0.035220451653,
        "max": 9.81914424896,
        "mean": 6.62538719177,
        "median": 6.65106630325,
        "min": 4.77869462967,
        "var": 0.205040082335
    },
    "spectral_flux": {
        "dmean": 0.0090736169368,
        "dmean2": 0.0151748983189,
        "dvar": 0.000149433952174,
        "dvar2": 0.00040759309195,
        "max": 0.223953545094,
        "mean": 0.0349758565426,
        "median": 0.029275201261,
        "min": 6.45549308453e-11,
        "var": 0.000619100930635
    },
    "spectral_kurtosis": {
        "dmean": 5.241710186,
        "dmean2": 9.26475524902,
        "dvar": 20.9113235474,
        "dvar2": 66.2062988281,
        "max": 51.1183738708,
        "mean": 13.4226865768,
        "median": 12.2251586914,
        "min": -1.22232425213,
        "var": 57.7816848755
    },
    "spectral_rms": {
        "dmean": 0.000310063012876,
        "dmean2": 0.000449807237601,
        "dvar": 1.56284755803e-07,
        "dvar2": 3.78446031846e-07,
        "max": 0.00951528456062,
        "mean": 0.0027950075455,
        "median": 0.00249413284473,
        "min": 3.17818406141e-12,
        "var": 2.49342792813e-06
    },
    "spectral_rolloff": {
        "dmean": 195.98046875,
        "dmean2": 340.692382812,
        "dvar": 275277.25,
        "dvar2": 470543.03125,
        "max": 19422.9492188,
        "mean": 1546.82617188,
        "median": 1356.59179688,
        "min": 193.798828125,
        "var": 2420770.75
    },
    "spectral_skewness": {
        "dmean": 0.425123631954,
        "dmean2": 0.740882098675,
        "dvar": 0.127751320601,
        "dvar2": 0.39232224226,
        "max": 5.39022636414,
        "mean": 2.3514611721,
        "median": 2.3306992054,
        "min": -0.0762226060033,
        "var": 0.680175423622
    },
    "spectral_spread": {
        "dmean": 222876.09375,
        "dmean2": 360514.75,
        "dvar": 703146885120,
        "dvar2": 851155353600,
        "max": 41906972,
        "mean": 2540192.25,
        "median": 2233559.75,
        "min": 1191807.625,
        "var": 8.97627088486e+12
    },
    "spectral_strongpeak": {
        "dmean": 0.557401716709,
        "dmean2": 0.927720308304,
        "dvar": 0.983891129494,
        "dvar2": 2.64279794693,
        "max": 17.4948368073,
        "mean": 1.5927759409,
        "median": 0.910017073154,
        "min": 0,
        "var": 4.49562168121
    },
    "zerocrossingrate": {
        "dmean": 0.00437041092664,
        "dmean2": 0.00533845927566,
        "dvar": 0.000116241550131,
        "dvar2": 0.000181843337486,
        "max": 0.5224609375,
        "mean": 0.052239138633,
        "median": 0.04736328125,
        "min": 0.00634765625,
        "var": 0.00176738970913
    },
    "barkbands": {
        "dmean": [3.4552966099e-05, 7.56663284847e-05, 9.79364558589e-05, 0.000263845315203, 0.000654547242448, 0.000412395980675, 0.000233170911088, 0.000227995216846, 0.000258926913375, 0.000278443447314, 0.000244091424975, 0.000493955332786, 0.00018725785776, 0.000191548970179, 0.000125700113131, 0.000217675667955, 0.000218894099817, 7.49014870962e-05, 9.12536852411e-05, 5.2039129514e-05, 1.78967475222e-05, 6.91379500495e-06, 1.9826272819e-06, 5.07839047259e-07, 8.59786410956e-08, 2.9352882791e-08, 6.19137718871e-09],
        "dmean2": [5.1617364079e-05, 0.000103319696791, 0.000117148287245, 0.000356220552931, 0.00103558285628, 0.000659392448142, 0.000350825546775, 0.000332191470079, 0.000376345618861, 0.000412272667745, 0.000363063038094, 0.000671739806421, 0.000276675826171, 0.000296973768855, 0.00019351838273, 0.000354284595232, 0.000344275380485, 0.000115991977509, 0.00013824859343, 7.95531886979e-05, 2.84348407149e-05, 1.09577249532e-05, 3.0614228308e-06, 8.00464817985e-07, 1.33321691465e-07, 4.62276545932e-08, 1.06051141202e-08],
        "dvar": [1.33643573985e-09, 5.8562626748e-08, 1.34509392069e-07, 7.43532439174e-07, 7.38357721275e-06, 1.04084153918e-06, 3.69562258129e-07, 5.8845841977e-07, 5.82719906106e-07, 5.97883229148e-07, 6.87848455527e-07, 2.70766440735e-06, 3.55415750164e-07, 3.34422395554e-07, 1.74599762204e-07, 8.16368810774e-07, 6.82707025135e-07, 8.78723369624e-08, 1.37063040029e-07, 3.94644992241e-08, 1.02995221241e-08, 8.96542340367e-10, 9.19291032186e-11, 3.49624929702e-12, 7.77069177776e-14, 6.21536937179e-15, 8.35291416244e-17],
        "dvar2": [2.76966516388e-09, 5.88635700183e-08, 1.38676455208e-07, 1.52081418037e-06, 1.93951327674e-05, 2.74900639852e-06, 8.96686856322e-07, 1.47346804624e-06, 1.27810642425e-06, 1.57300644332e-06, 1.83748989002e-06, 4.41907468485e-06, 7.62659965403e-07, 8.8748709004e-07, 4.53056571814e-07, 2.45760770667e-06, 1.67964037701e-06, 2.15482657495e-07, 3.17856347465e-07, 9.70589084659e-08, 2.47198581604e-08, 2.46484721522e-09, 2.23875099015e-10, 9.35836304283e-12, 1.84367888252e-13, 1.12813811027e-14, 2.31376499254e-16],
        "max": [0.000675762072206, 0.0156469345093, 0.0205452833325, 0.034080222249, 0.0819189995527, 0.0204243734479, 0.0121944602579, 0.0188906826079, 0.0260417461395, 0.0272355098277, 0.0240949988365, 0.0729146897793, 0.0207817703485, 0.0102367699146, 0.0104610975832, 0.0188850648701, 0.0294669177383, 0.0118603855371, 0.0125611079857, 0.00436315545812, 0.00447220401838, 0.000864566885866, 0.000329191942001, 6.28012130619e-05, 1.33113462653e-05, 3.35516233463e-06, 2.02716364583e-07],
        "mean": [9.24027772271e-05, 0.000202150666155, 0.000303399458062, 0.000502269540448, 0.00129392754752, 0.000837675179355, 0.000496352789924, 0.000484139105538, 0.000593068369199, 0.000728324695956, 0.000518792017829, 0.00178055861033, 0.000385162071325, 0.000406221020967, 0.000273932819255, 0.000459804257844, 0.00060435209889, 0.000163224671269, 0.000244043316343, 0.000133230671054, 3.79534030799e-05, 1.59240116773e-05, 4.5018050514e-06, 1.3378054291e-06, 2.54011240486e-07, 1.36131205863e-07, 1.24545680436e-08],
        "median": [8.31206270959e-05, 3.45663829648e-05, 1.8842289137e-05, 5.71982818656e-05, 0.0003030016087, 0.00023476590286, 0.000112950074254, 0.000102395883005, 0.000160436713486, 0.000195854518097, 6.98389048921e-05, 0.000108200096292, 6.7978813604e-05, 8.35746395751e-05, 4.34219327872e-05, 4.55895533378e-05, 4.32507513324e-05, 1.93198120542e-05, 1.51071544678e-05, 6.38945402898e-06, 2.99901353173e-06, 1.20605295706e-06, 3.4652055092e-07, 1.7784932993e-07, 9.11432422868e-08, 9.91430795239e-08, 1.0741745271e-08],
        "min": [2.40069582222e-24, 2.52709125797e-24, 2.83879367024e-24, 2.84063881589e-24, 1.57567313867e-23, 1.5922617791e-23, 1.31353631647e-23, 1.15886144e-23, 2.61247002873e-23, 1.00206823534e-23, 8.49654628654e-24, 1.2028612614e-23, 3.87356011121e-23, 3.29923592451e-23, 3.53718161707e-23, 3.75119674076e-23, 7.18155049851e-23, 9.53168514875e-23, 1.56319629371e-22, 2.10334500652e-22, 2.73122931459e-22, 3.60164177667e-22, 4.68481848147e-22, 6.71816514619e-22, 1.04507999899e-21, 1.45549900869e-21, 2.08566220339e-21],
        "var": [2.90980617379e-09, 7.37294897135e-07, 1.79128767286e-06, 2.94752544505e-06, 1.38223103932e-05, 2.67945256383e-06, 1.13812131985e-06, 1.17461638638e-06, 1.73415935478e-06, 2.069599077e-06, 1.66594804796e-06, 4.53325119452e-05, 1.11456529339e-06, 7.58492376463e-07, 5.17169041814e-07, 1.91701337826e-06, 4.43496992375e-06, 3.69683277768e-07, 8.61810008246e-07, 2.14621834971e-07, 2.45520990205e-08, 2.73572875464e-09, 3.25959231828e-10, 1.91393914606e-11, 3.77254298764e-13, 3.60330797318e-14, 1.1978266131e-16]
    },
    "erbbands": {
        "dmean": [0.00175711896736, 0.019962200895, 0.110012583435, 0.43737924099, 1.36476540565, 2.13746285439, 4.19654750824, 3.1669421196, 2.93680906296, 4.01405096054, 4.64920759201, 4.9698843956, 8.67701339722, 8.46033859253, 10.7531032562, 20.4686870575, 9.24109840393, 9.01829719543, 7.37490081787, 6.24362802505, 13.133687973, 11.4131603241, 4.74779939651, 4.20269346237, 4.57273864746, 2.21372580528, 1.0848236084, 0.51329022646, 0.254706054926, 0.120455153286, 0.0403404682875, 0.0175288002938, 0.00503460597247, 0.00137058901601, 0.000462815369247, 0.000163925971719, 6.1122533225e-05, 1.42294638863e-05, 1.37416930102e-06, 2.69143606602e-06],
        "dmean2": [0.00285851629451, 0.0253572892398, 0.125348553061, 0.585131585598, 2.02161574364, 3.42036914825, 6.78806829453, 5.02828216553, 4.44891357422, 5.99332809448, 6.7148900032, 7.20321655273, 12.5147724152, 12.4594221115, 15.7041664124, 26.8867340088, 13.1623735428, 13.701426506, 11.5281791687, 10.1728172302, 21.1875095367, 18.1060314178, 7.38320493698, 6.42803955078, 6.97544956207, 3.48299074173, 1.63373720646, 0.812226474285, 0.403099030256, 0.185721412301, 0.0615829415619, 0.0280833244324, 0.00782742537558, 0.00208293064497, 0.000729404680897, 0.000254881888395, 9.8213313322e-05, 2.36647574638e-05, 2.04821390071e-06, 3.98118118028e-06],
        "dvar": [1.16793144116e-05, 0.00563816959038, 0.189022675157, 1.75642073154, 18.1612243652, 73.3752288818, 314.824737549, 57.8114509583, 59.8329925537, 136.733291626, 177.161911011, 152.910568237, 554.127990723, 464.643127441, 1059.01660156, 6806.97265625, 707.247375488, 659.565612793, 791.269958496, 519.94519043, 2664.12695312, 2355.72094727, 378.873535156, 255.491867065, 380.424560547, 89.520111084, 41.3786621094, 4.89135122299, 1.40429413319, 0.252775281668, 0.0266596004367, 0.00406051287428, 0.000344392668922, 1.96549499378e-05, 2.75325055554e-06, 2.6883094506e-07, 2.08061585738e-08, 4.17342577164e-10, 5.4725789872e-12, 2.35638748097e-11],
        "dvar2": [2.89549861918e-05, 0.00495860911906, 0.155269041657, 3.21036863327, 45.4962921143, 186.096908569, 815.023132324, 151.339981079, 146.371917725, 327.309814453, 437.622161865, 320.664123535, 1252.7331543, 1184.64868164, 2774.42700195, 10677.7207031, 1502.83276367, 1619.16943359, 2156.74682617, 1467.22485352, 8080.66210938, 5246.91308594, 947.362182617, 658.555175781, 862.681335449, 236.526931763, 95.0002365112, 12.937166214, 4.08775854111, 0.638625204563, 0.0649492442608, 0.011119928211, 0.000863455818035, 4.92424187541e-05, 6.52039989291e-06, 5.62453806197e-07, 4.25111181812e-08, 9.70752811469e-10, 1.30245458516e-11, 5.7631434347e-11],
        "max": [0.0891048014164, 4.97503900528, 27.2935657501, 55.1733016968, 144.062957764, 265.424835205, 499.446594238, 134.16986084, 159.277160645, 265.616821289, 344.3125, 325.277160645, 689.832641602, 556.631347656, 868.973388672, 3752.07226562, 654.039916992, 557.273498535, 862.200256348, 681.182617188, 1130.26293945, 2054.3605957, 835.553588867, 471.283905029, 632.096801758, 246.226379395, 299.179473877, 65.1954650879, 39.0590019226, 14.7121248245, 5.53928422928, 1.92987680435, 0.775646328926, 0.180522039533, 0.0868619978428, 0.0223235767335, 0.00591225223616, 0.000628310546745, 5.65978698432e-05, 0.000112961468403],
        "mean": [0.00323264207691, 0.0583591870964, 0.355712026358, 0.927626490593, 2.75391173363, 4.07934713364, 7.6372127533, 6.54602098465, 6.34399938583, 8.77220726013, 10.9833621979, 12.1079626083, 22.3858985901, 22.0318813324, 26.1295528412, 78.4674530029, 25.6630706787, 20.4297580719, 17.3698368073, 14.6442451477, 31.5023841858, 32.9239463806, 11.5106220245, 10.628411293, 11.7496471405, 5.68479633331, 2.64418029785, 1.21008872986, 0.601960062981, 0.29631459713, 0.0979645103216, 0.0438011139631, 0.0127368150279, 0.00391610059887, 0.00145730294753, 0.000638258061372, 0.000250604673056, 5.33086422365e-05, 7.38331800676e-06, 1.29592071971e-05],
        "median": [0.00138001120649, 0.00614500697702, 0.027707548812, 0.159971311688, 0.702919960022, 0.873205840588, 1.23259150982, 2.05396270752, 2.25195813179, 2.38216137886, 3.25895929337, 4.30885887146, 5.98302507401, 6.96384000778, 5.58612155914, 5.12398719788, 4.39791154861, 5.45023488998, 4.62841558456, 3.66490364075, 4.20448970795, 3.19072937965, 2.04770565033, 1.16873753071, 0.668792068958, 0.326040893793, 0.156830832362, 0.100254334509, 0.0490043051541, 0.0224752668291, 0.00959187932312, 0.00493416190147, 0.00239920825697, 0.00108356925193, 0.000634260766674, 0.000371055415599, 0.000193573447177, 4.66865531052e-05, 4.44917986897e-06, 7.46644946048e-06],
        "min": [1.93538755834e-22, 9.11932798984e-22, 3.27983494446e-21, 8.96543745883e-21, 1.20123911725e-20, 5.08947299551e-20, 4.78909721946e-20, 1.60939025863e-19, 9.67948787481e-20, 1.91827216557e-19, 2.17835041636e-19, 3.64220005567e-19, 6.69813326725e-19, 9.1717993115e-19, 1.28306104463e-18, 7.41717035447e-19, 2.17858838588e-18, 2.24299721786e-18, 3.00562072631e-18, 2.12963501005e-18, 3.53461182702e-18, 5.55944201948e-18, 5.15260895163e-18, 7.19436284583e-18, 9.16588993321e-18, 9.30479092885e-18, 1.16665975457e-17, 1.17741947182e-17, 1.26034548628e-17, 1.35061818807e-17, 1.36339556427e-17, 1.13861221066e-17, 1.07329571339e-17, 9.7799276086e-18, 7.74653816475e-18, 4.09206828056e-18, 2.86653775093e-18, 9.69177021443e-19, 2.68986753342e-19, 2.92555268031e-20],
        "var": [4.83149233332e-05, 0.0756902992725, 2.76090049744, 8.1190776825, 43.6388702393, 146.625442505, 567.136230469, 153.015960693, 183.036880493, 337.417175293, 449.37286377, 496.6640625, 2012.69091797, 1687.49829102, 3172.55053711, 112068.023438, 4019.80151367, 1809.72424316, 1873.25134277, 1230.31787109, 7244.046875, 18735.4550781, 1586.3782959, 983.100097656, 2057.91870117, 383.392913818, 111.395469666, 19.2084007263, 4.3095703125, 0.87978386879, 0.103384308517, 0.0198735836893, 0.00143626669887, 0.000101297831861, 1.0608608136e-05, 1.55498435106e-06, 9.04800927515e-08, 1.45383405314e-09, 6.75870887035e-11, 2.47966536193e-10]
    },
    "gfcc": {
        "mean": [-127.096107483, 132.314651489, -160.278198242, 1.51187038422, -44.4790611267, -7.34952735901, -29.4311313629, -3.31732368469, -20.006187439, -5.59506988525, -13.8609142303, 1.31756401062, -7.06469631195],
        "cov": [[11358.4316406, 657.996032715, -2592.35913086, 773.231323242, -398.361724854, -298.185333252, 4.09769868851, -372.470184326, -237.405426025, -474.215362549, -15.955945015, -181.862121582, 32.6398239136], [657.996032715, 968.053100586, 431.848754883, -262.113006592, -56.0108299255, -175.85874939, -166.418197632, -87.075958252, -84.4351272583, -102.620368958, -150.831512451, -76.8562011719, -14.622209549], [-2592.35913086, 431.848754883, 1401.02563477, -93.1687698364, 7.11109733582, 1.88134860992, -166.133270264, -18.291229248, -58.611076355, 61.6757621765, -102.981056213, -3.39917707443, -40.2558364868], [773.231323242, -262.113006592, -93.1687698364, 585.050048828, 75.0812606812, 18.1166553497, 44.907043457, -83.7961425781, -84.8928222656, -93.8967285156, 7.24600887299, -26.4017086029, -8.42088222504], [-398.361724854, -56.0108299255, 7.11109733582, 75.0812606812, 254.409454346, 72.6302261353, 67.7709274292, 37.609462738, -15.3413333893, -24.7905426025, -9.44935131073, 9.27738857269, -14.545958519], [-298.185333252, -175.85874939, 1.88134860992, 18.1166553497, 72.6302261353, 203.907928467, 97.484085083, 46.7677841187, 6.79563331604, 31.5962963104, 28.2673969269, 29.0834293365, -17.2470378876], [4.09769868851, -166.418197632, -166.133270264, 44.907043457, 67.7709274292, 97.484085083, 190.554504395, 71.429359436, 13.9146366119, -0.0797401443124, 42.4826583862, 20.7280712128, -12.2855358124], [-372.470184326, -87.075958252, -18.291229248, -83.7961425781, 37.609462738, 46.7677841187, 71.429359436, 194.552856445, 111.839019775, 71.0044631958, 8.45439529419, 10.9553146362, -24.3514862061], [-237.405426025, -84.4351272583, -58.611076355, -84.8928222656, -15.3413333893, 6.79563331604, 13.9146366119, 111.839019775, 189.040603638, 133.681503296, 30.5402107239, -21.2623176575, -41.9979705811], [-474.215362549, -102.620368958, 61.6757621765, -93.8967285156, -24.7905426025, 31.5962963104, -0.0797401443124, 71.0044631958, 133.681503296, 239.590896606, 104.752044678, 12.2875967026, -56.6054573059], [-15.955945015, -150.831512451, -102.981056213, 7.24600887299, -9.44935131073, 28.2673969269, 42.4826583862, 8.45439529419, 30.5402107239, 104.752044678, 170.848999023, 68.4523162842, -12.4213132858], [-181.862121582, -76.8562011719, -3.39917707443, -26.4017086029, 9.27738857269, 29.0834293365, 20.7280712128, 10.9553146362, -21.2623176575, 12.2875967026, 68.4523162842, 140.878219604, 62.686340332], [32.6398239136, -14.622209549, -40.2558364868, -8.42088222504, -14.545958519, -17.2470378876, -12.2855358124, -24.3514862061, -41.9979705811, -56.6054573059, -12.4213132858, 62.686340332, 130.614883423]],
        "icov": [[0.000963953323662, -0.0024589120876, 0.00252834171988, -0.00229361280799, 0.00184163532685, -0.00131734274328, 0.000772972707637, -0.00044430163689, 0.000615197233856, -0.00046702142572, 7.55256260163e-05, -0.000456867885077, 0.000358090270311], [-0.0024589120876, 0.00842623692006, -0.00696068583056, 0.00700482167304, -0.00492335436866, 0.00479759275913, -0.00181589869317, 0.00165780598763, -0.00105212663766, 0.00196420494467, 0.000355048716301, 0.00159538956359, -0.000131410110043], [0.00252834171988, -0.00696068583056, 0.00777178118005, -0.00627828249708, 0.00478059705347, -0.0040296241641, 0.00291157513857, -0.00162680575158, 0.00259635527618, -0.00252236798406, 0.00127079326194, -0.00190317956731, 0.00132626690902], [-0.00229361280799, 0.00700482167304, -0.00627828249708, 0.00822075735778, -0.00508353905752, 0.00383458449505, -0.00222609052435, 0.00221485155635, -0.00108951551374, 0.00236644246615, -0.000739883747883, 0.00206621084362, -0.000290650670649], [0.00184163532685, -0.00492335436866, 0.00478059705347, -0.00508353905752, 0.00848941784352, -0.00375773292035, 0.000602110056207, -0.00186890223995, 0.00162383774295, -0.000587112212088, 0.000747963087633, -0.0015514815459, 0.00137513608206], [-0.00131734274328, 0.00479759275913, -0.0040296241641, 0.00383458449505, -0.00375773292035, 0.0102099301293, -0.0046521644108, 0.000953714072239, 0.00040014294791, -0.000617514131591, 0.00135051889811, -0.000623122905381, 0.000830014236271], [0.000772972707637, -0.00181589869317, 0.00291157513857, -0.00222609052435, 0.000602110056207, -0.0046521644108, 0.0110138617456, -0.00435511721298, 0.00158706970979, 0.00158483942505, -0.00275798933581, 0.000393387192162, 0.000780204718467], [-0.00044430163689, 0.00165780598763, -0.00162680575158, 0.00221485155635, -0.00186890223995, 0.000953714072239, -0.00435511721298, 0.0113934651017, -0.00664080772549, 0.000337158940965, 0.00258213095367, -0.00231622275896, 0.000938373093959], [0.000615197233856, -0.00105212663766, 0.00259635527618, -0.00108951551374, 0.00162383774295, 0.00040014294791, 0.00158706970979, -0.00664080772549, 0.0151791144162, -0.00750415539369, 0.0017866481794, 0.00206700828858, 0.000409759173635], [-0.00046702142572, 0.00196420494467, -0.00252236798406, 0.00236644246615, -0.000587112212088, -0.000617514131591, 0.00158483942505, 0.000337158940965, -0.00750415539369, 0.0134542537853, -0.00756871188059, 0.00130760471802, 0.00184730184264], [7.55256260163e-05, 0.000355048716301, 0.00127079326194, -0.000739883747883, 0.000747963087633, 0.00135051889811, -0.00275798933581, 0.00258213095367, 0.0017866481794, -0.00756871188059, 0.0150270536542, -0.00778333144262, 0.00330735649914], [-0.000456867885077, 0.00159538956359, -0.00190317956731, 0.00206621084362, -0.0015514815459, -0.000623122905381, 0.000393387192162, -0.00231622275896, 0.00206700828858, 0.00130760471802, -0.00778333144262, 0.0155067164451, -0.0077615249902], [0.000358090270311, -0.000131410110043, 0.00132626690902, -0.000290650670649, 0.00137513608206, 0.000830014236271, 0.000780204718467, 0.000938373093959, 0.000409759173635, 0.00184730184264, 0.00330735649914, -0.0077615249902, 0.0134248612449]]
    },
    "melbands": {
        "dmean": [1.78318550752e-05, 4.48274149676e-05, 0.000107412270154, 0.000109886786959, 0.000145775600686, 7.14576526661e-05, 4.61540148535e-05, 4.6886580094e-05, 3.58718461939e-05, 3.56168275175e-05, 4.47749771411e-05, 3.55869015038e-05, 3.35935001203e-05, 5.27946576767e-05, 3.99710661441e-05, 1.73666703631e-05, 1.78389836947e-05, 1.28054989545e-05, 9.186909665e-06, 1.12401276056e-05, 1.71227220562e-05, 1.33858984555e-05, 6.88467571308e-06, 3.40301517099e-06, 3.74703176931e-06, 4.44906754637e-06, 2.30207388086e-06, 1.42965859595e-06, 8.28087252103e-07, 4.37774275497e-07, 3.01063977304e-07, 1.77231584075e-07, 8.99364849261e-08, 7.00171796097e-08, 2.83546146562e-08, 1.66765339316e-08, 9.48143252799e-09, 4.24730117743e-09, 2.4532069709e-09, 1.04347508412e-09],
        "dmean2": [2.64238751697e-05, 5.20788562426e-05, 0.000148771883687, 0.00017026522255, 0.000235183819314, 0.000113735281047, 6.95339840604e-05, 6.93318870617e-05, 5.19271925441e-05, 5.15633837495e-05, 6.48478453513e-05, 5.27533338754e-05, 4.97560031363e-05, 7.36964502721e-05, 5.31562072865e-05, 2.54356782534e-05, 2.72288143606e-05, 2.03123145184e-05, 1.4195606127e-05, 1.82565181603e-05, 2.76594837487e-05, 2.05861633731e-05, 1.1508618627e-05, 5.10981135449e-06, 5.65819618714e-06, 6.63169748805e-06, 3.56771215593e-06, 2.1845264655e-06, 1.26107261167e-06, 6.90172669238e-07, 4.70396230412e-07, 2.82186618961e-07, 1.40443617624e-07, 1.08484130124e-07, 4.43484609036e-08, 2.60128683038e-08, 1.5644028295e-08, 6.68672539561e-09, 3.88764087589e-09, 1.60826818529e-09],
        "dvar": [1.65608660119e-09, 3.330970344e-08, 1.01936045382e-07, 9.68056426132e-08, 4.42639588982e-07, 2.88240951107e-08, 1.3867499149e-08, 2.00261904837e-08, 8.76586003784e-09, 9.69983293686e-09, 1.51816710314e-08, 9.10671360543e-09, 1.43316869483e-08, 3.58524587796e-08, 1.58121906679e-08, 3.54679285941e-09, 2.78840706081e-09, 2.96482771667e-09, 1.20508947266e-09, 2.3799762161e-09, 5.37174704718e-09, 3.59984486664e-09, 1.34872202295e-09, 2.02146646644e-10, 2.56621085493e-10, 5.0277454422e-10, 8.74177744081e-11, 4.31185261107e-11, 1.81997177745e-11, 7.04075166225e-12, 2.42669361168e-12, 7.88169063435e-13, 1.19263621331e-13, 1.24765947357e-13, 1.49882124263e-14, 3.38819510473e-15, 1.39777387544e-15, 2.79991134698e-16, 8.88244210337e-17, 1.23262467872e-17],
        "dvar2": [2.52530907296e-09, 2.67493938111e-08, 2.13533709825e-07, 2.45210429739e-07, 1.15860837013e-06, 7.67005161606e-08, 3.35606955559e-08, 4.87669247207e-08, 2.11940793804e-08, 2.05602930237e-08, 3.50810545058e-08, 2.39422117687e-08, 3.93961734346e-08, 6.0882229036e-08, 2.91388904117e-08, 7.30607085941e-09, 6.95498414416e-09, 8.29038082628e-09, 3.26682880747e-09, 6.54545395662e-09, 1.65842308775e-08, 7.53273710075e-09, 4.17848688983e-09, 4.78746431387e-10, 6.69050481683e-10, 1.12464393354e-09, 2.09838729726e-10, 1.08890792216e-10, 4.02357973328e-11, 1.78316701682e-11, 5.8893848999e-12, 2.33879300475e-12, 2.81103834871e-13, 3.14988513788e-13, 3.67780621496e-14, 7.91314103544e-15, 3.87072542258e-15, 6.93618233968e-16, 2.37567568944e-16, 2.99397460231e-17],
        "max": [0.00221468065865, 0.0117619000375, 0.0112191140652, 0.0076692388393, 0.0199264977127, 0.00282881688327, 0.0024743413087, 0.00338073377497, 0.00229349732399, 0.0027428183239, 0.00344226881862, 0.00290654669516, 0.00383281521499, 0.00833953171968, 0.00472807511687, 0.00250413105823, 0.000948846223764, 0.00151444936637, 0.000954627408646, 0.00164895912167, 0.0017017761711, 0.00264631700702, 0.00101535150316, 0.000538241001777, 0.000446015474154, 0.000832826190162, 0.000271284778137, 0.000175095832674, 0.000174065120518, 9.44311686908e-05, 5.32764461241e-05, 2.97128808597e-05, 1.28662231873e-05, 1.14606964416e-05, 3.83498627343e-06, 1.7445015601e-06, 1.27970122321e-06, 6.74796240219e-07, 2.84446997512e-07, 1.24719406358e-07],
        "mean": [4.34735702584e-05, 0.000145791418618, 0.000228419259656, 0.000229959623539, 0.000266547460342, 0.000147736165673, 9.97088063741e-05, 0.000100159413705, 8.71459778864e-05, 8.10631099739e-05, 0.00011339536286, 8.94035692909e-05, 7.21700853319e-05, 0.0001721347071, 0.000148602906847, 3.5211971408e-05, 3.78661061404e-05, 2.81671200355e-05, 1.95984539459e-05, 2.5059989639e-05, 3.8582344132e-05, 3.91934081563e-05, 1.37667339004e-05, 8.16148804006e-06, 8.15548173705e-06, 1.09575403258e-05, 5.2042223615e-06, 3.47479044649e-06, 2.07002176467e-06, 8.02579336323e-07, 6.80571758949e-07, 3.74753199139e-07, 2.00280155127e-07, 1.50872381255e-07, 6.08149761661e-08, 3.38639196684e-08, 2.13492050705e-08, 8.96293794739e-09, 5.33037880501e-09, 2.56528820408e-09],
        "median": [1.43880542964e-05, 1.03443690023e-05, 4.77049616165e-05, 6.78380165482e-05, 4.41257907369e-05, 4.63987817056e-05, 3.16974983434e-05, 2.56037419604e-05, 2.3934573619e-05, 2.52497284237e-05, 2.72571960522e-05, 2.46893614531e-05, 1.36381713673e-05, 1.22843193822e-05, 7.25332438378e-06, 7.1475533332e-06, 7.58399528422e-06, 5.5865698414e-06, 3.15119950756e-06, 3.26353392666e-06, 3.3832632198e-06, 2.22635890168e-06, 1.40940562687e-06, 9.69129700934e-07, 6.39255404167e-07, 3.97147857711e-07, 2.24522551662e-07, 1.67503955595e-07, 9.40682909345e-08, 5.78830743336e-08, 4.50732642321e-08, 2.69452709034e-08, 1.73963670136e-08, 8.21936652073e-09, 5.42194777964e-09, 3.43797346147e-09, 2.48339637743e-09, 1.76660930329e-09, 1.09476150367e-09, 7.99627808412e-10],
        "min": [2.0470157546e-24, 1.4907596578e-24, 1.54093052111e-24, 1.34037298976e-24, 1.71929157735e-24, 3.94584359373e-24, 1.58762043708e-24, 2.13127852384e-24, 1.12741772042e-24, 3.28780501445e-24, 3.28716682598e-24, 2.26558248738e-24, 2.79385818092e-24, 1.27278348601e-24, 3.97611415882e-24, 3.37446059603e-24, 3.52502140511e-24, 4.68093968396e-24, 2.03894491868e-24, 3.82558569303e-24, 4.20326665648e-24, 4.21345952823e-24, 6.41618557869e-24, 3.56220396944e-24, 5.21958100979e-24, 5.74123934362e-24, 5.08355614618e-24, 4.47656436165e-24, 6.07347876348e-24, 7.00271825565e-24, 4.62575728591e-24, 6.83411501437e-24, 7.13630711678e-24, 6.82297156523e-24, 6.91306342491e-24, 6.35505122512e-24, 6.68405079323e-24, 7.4715690572e-24, 6.3401015221e-24, 7.35884635587e-24],
        "var": [1.67589835343e-08, 4.83131600504e-07, 3.89495710351e-07, 2.39128524981e-07, 7.60184832416e-07, 7.47936610423e-08, 4.46934045328e-08, 4.46581047697e-08, 2.74946483358e-08, 2.8012010489e-08, 5.41375761998e-08, 3.10256886848e-08, 3.02162881383e-08, 4.9399972113e-07, 2.75298049246e-07, 1.10350697469e-08, 7.13411196784e-09, 6.32287067148e-09, 3.32428151673e-09, 6.23471985151e-09, 1.2688642137e-08, 3.0019027264e-08, 2.60608601366e-09, 1.01116093276e-09, 7.46741779523e-10, 2.503500518e-09, 3.94438620654e-10, 1.89994076027e-10, 7.15373107973e-11, 1.34722207348e-11, 9.64191053388e-12, 2.1672611622e-12, 4.47892753701e-13, 3.68807306743e-13, 5.02070512443e-14, 1.0449247465e-14, 6.06484865245e-15, 7.59052111479e-16, 3.01691959988e-16, 4.61671933004e-17]
    },
    "mfcc": {
        "mean": [-764.147583008, 169.227630615, -45.8962478638, 13.2577867508, -7.71769094467, -0.705796539783, -6.46169757843, 1.33931326866, -3.18910741806, -4.92165660858, -5.24071025848, -2.32831168175, -2.50960302353],
        "cov": [[6975.26367188, -345.314117432, -1576.62780762, 586.067199707, -560.546386719, 172.325698853, -81.3407440186, 177.846298218, -254.729766846, -119.76865387, -262.780639648, -90.2066955566, -149.01991272], [-345.314117432, 1321.48181152, 327.56262207, -154.774597168, 63.8918190002, -184.289718628, -112.230567932, -121.108085632, 34.8706321716, -71.4119644165, -29.7593135834, -145.127410889, -142.61265564], [-1576.62780762, 327.56262207, 933.232849121, 38.2223930359, 178.674514771, -9.66983985901, -23.6677684784, -110.687606812, -12.9684457779, -19.3214035034, -20.7935180664, -59.4997634888, -45.9342689514], [586.067199707, -154.774597168, 38.2223930359, 369.102325439, 46.3888778687, 65.8886184692, 30.2969932556, 14.1657171249, -48.3518676758, -49.5171012878, -59.1208190918, -34.2682571411, -31.9839267731], [-560.546386719, 63.8918190002, 178.674514771, 46.3888778687, 190.123672485, 33.9255332947, 28.2661571503, -6.95843839645, 16.6046237946, -4.73087692261, -6.61275625229, -15.7715549469, -5.76585483551], [172.325698853, -184.289718628, -9.66983985901, 65.8886184692, 33.9255332947, 178.02116394, 94.7794570923, 35.3048782349, -21.2961673737, -34.1800804138, -28.676399231, 21.3801288605, 36.0434265137], [-81.3407440186, -112.230567932, -23.6677684784, 30.2969932556, 28.2661571503, 94.7794570923, 178.96534729, 89.0637664795, -2.60027050972, -37.0212516785, -28.4299488068, 24.6729640961, 45.7457389832], [177.846298218, -121.108085632, -110.687606812, 14.1657171249, -6.95843839645, 35.3048782349, 89.0637664795, 180.899078369, 55.1548118591, -21.0693569183, -20.1429920197, 4.62365436554, 14.160241127], [-254.729766846, 34.8706321716, -12.9684457779, -48.3518676758, 16.6046237946, -21.2961673737, -2.60027050972, 55.1548118591, 144.694793701, 56.2948417664, 14.7415533066, -19.7741985321, -6.8268866539], [-119.76865387, -71.4119644165, -19.3214035034, -49.5171012878, -4.73087692261, -34.1800804138, -37.0212516785, -21.0693569183, 56.2948417664, 195.963287354, 121.711532593, 7.08435916901, -7.378054142], [-262.780639648, -29.7593135834, -20.7935180664, -59.1208190918, -6.61275625229, -28.676399231, -28.4299488068, -20.1429920197, 14.7415533066, 121.711532593, 248.976287842, 106.478019714, 7.41499567032], [-90.2066955566, -145.127410889, -59.4997634888, -34.2682571411, -15.7715549469, 21.3801288605, 24.6729640961, 4.62365436554, -19.7741985321, 7.08435916901, 106.478019714, 214.452880859, 109.031044006], [-149.01991272, -142.61265564, -45.9342689514, -31.9839267731, -5.76585483551, 36.0434265137, 45.7457389832, 14.160241127, -6.8268866539, -7.378054142, 7.41499567032, 109.031044006, 217.871292114]],
