{
"lowlevel": {
    "average_loudness": 0.00712555693462,
    "barkbands_crest": {
        "dmean": 1.99550664425,
        "dmean2": 2.99898648262,
        "dvar": 4.02504682541,
        "dvar2": 9.36791038513,
        "max": 26.7710781097,
        "mean": 14.5327501297,
        "median": 13.356218338,
        "min": 3.49550318718,
        "var": 32.7808036804
    },
    "barkbands_flatness_db": {
        "dmean": 0.0215346384794,
        "dmean2": 0.0340175703168,
        "dvar": 0.000335435994202,
        "dvar2": 0.000830672797747,
        "max": 0.497077256441,
        "mean": 0.295507669449,
        "median": 0.292141348124,
        "min": 0.0565443560481,
        "var": 0.00304092746228
    },
    "barkbands_kurtosis": {
        "dmean": 4.26266956329,
        "dmean2": 6.18200874329,
        "dvar": 81.9742736816,
        "dvar2": 184.496734619,
        "max": 381.400634766,
        "mean": 10.7774877548,
        "median": 4.66274642944,
        "min": -1.81250047684,
        "var": 364.658416748
    },
    "barkbands_skewness": {
        "dmean": 0.530230224133,
        "dmean2": 0.752501904964,
        "dvar": 0.329718738794,
        "dvar2": 0.685570597649,
        "max": 16.6745929718,
        "mean": 2.17600941658,
        "median": 1.80899608135,
        "min": -2.88157105446,
        "var": 3.28048276901
    },
    "barkbands_spread": {
        "dmean": 1.35304665565,
        "dmean2": 1.94261729717,
        "dvar": 2.98394966125,
        "dvar2": 6.08639526367,
        "max": 59.9667625427,
        "mean": 6.37002897263,
        "median": 5.60634469986,
        "min": 0.253334850073,
        "var": 17.7024250031
    },
    "dissonance": {
        "dmean": 0.0325734317303,
        "dmean2": 0.0544404610991,
        "dvar": 0.000785350042861,
        "dvar2": 0.00212341384031,
        "max": 0.500000059605,
        "mean": 0.386716008186,
        "median": 0.392336308956,
        "min": 0.183469504118,
        "var": 0.00281582213938
    },
    "dynamic_complexity": 6.59013843536,
    "erbbands_crest": {
        "dmean": 2.43910717964,
        "dmean2": 3.62134218216,
        "dvar": 5.75811195374,
        "dvar2": 13.0778570175,
        "max": 32.8673057556,
        "mean": 15.0829648972,
        "median": 13.3727521896,
        "min": 3.27075886726,
        "var": 47.5005149841
    },
    "erbbands_flatness_db": {
        "dmean": 0.0123644117266,
        "dmean2": 0.0174687933177,
        "dvar": 0.000128248371766,
        "dvar2": 0.000256079307292,
        "max": 0.453126162291,
        "mean": 0.306678593159,
        "median": 0.304025232792,
        "min": 0.0993910729885,
        "var": 0.00199516233988
    },
    "erbbands_kurtosis": {
        "dmean": 1.51947128773,
        "dmean2": 2.22723245621,
        "dvar": 6.30160903931,
        "dvar2": 13.5042123795,
        "max": 74.9607543945,
        "mean": 2.75118637085,
        "median": 0.874054670334,
        "min": -1.72332429886,
        "var": 31.3937911987
    },
    "erbbands_skewness": {
        "dmean": 0.358152985573,
        "dmean2": 0.506418287754,
        "dvar": 0.12310988456,
        "dvar2": 0.248513311148,
        "max": 7.3666973114,
        "mean": 1.03387081623,
        "median": 0.83673709631,
        "min": -3.62534761429,
        "var": 1.43347775936
    },
    "erbbands_spread": {
        "dmean": 3.02427172661,
        "dmean2": 4.41712617874,
        "dvar": 10.0672569275,
        "dvar2": 21.704782486,
        "max": 109.46975708,
        "mean": 16.4452152252,
        "median": 15.3765287399,
        "min": 1.37715184689,
        "var": 71.0540390015
    },
    "hfc": {
        "dmean": 1.49500703812,
        "dmean2": 1.97955608368,
        "dvar": 14.4129495621,
        "dvar2": 25.7779808044,
        "max": 150.374526978,
        "mean": 6.63527584076,
        "median": 2.33299350739,
        "min": 1.1570533587e-16,
        "var": 143.827880859
    },
    "melbands_crest": {
        "dmean": 2.41703796387,
        "dmean2": 3.5919687748,
        "dvar": 5.83675670624,
        "dvar2": 13.7864456177,
        "max": 33.6708183289,
        "mean": 18.1957988739,
        "median": 17.1268768311,
        "min": 1.79724991322,
        "var": 47.1475296021
    },
    "melbands_flatness_db": {
        "dmean": 0.0179439708591,
        "dmean2": 0.0250130984932,
        "dvar": 0.000303101027384,
        "dvar2": 0.000634686264675,
        "max": 0.564424276352,
        "mean": 0.333081811666,
        "median": 0.32958394289,
        "min": 0.00513973692432,
        "var": 0.0042161042802
    },
    "melbands_kurtosis": {
        "dmean": 5.58673238754,
        "dmean2": 8.02907466888,
        "dvar": 90.8376617432,
        "dvar2": 191.758453369,
        "max": 375.567932129,
        "mean": 14.8729696274,
        "median": 7.3302822113,
        "min": -1.79308986664,
        "var": 464.27444458
    },
    "melbands_skewness": {
        "dmean": 0.567908942699,
        "dmean2": 0.804448962212,
        "dvar": 0.342411577702,
        "dvar2": 0.708856880665,
        "max": 11.6908063889,
        "mean": 2.48342752457,
        "median": 2.08827424049,
        "min": -2.05196976662,
        "var": 3.29905438423
    },
    "melbands_spread": {
        "dmean": 2.00917339325,
        "dmean2": 2.89606595039,
        "dvar": 8.30076885223,
        "dvar2": 16.5315341949,
        "max": 133.205947876,
        "mean": 8.92385482788,
        "median": 7.37344026566,
        "min": 0.413984894753,
        "var": 45.4573974609
    },
    "pitch_salience": {
        "dmean": 0.0546680688858,
        "dmean2": 0.0817866995931,
        "dvar": 0.00281372875907,
        "dvar2": 0.00643193116412,
        "max": 0.877904176712,
        "mean": 0.457570463419,
        "median": 0.472401469946,
        "min": 0.0553235709667,
        "var": 0.0202537551522
    },
    "silence_rate_20dB": {
        "dmean": 0.000461467454443,
        "dmean2": 0.000923005922232,
        "dvar": 0.00046124952496,
        "dvar2": 0.000922226929106,
        "max": 1,
        "mean": 0.999461650848,
        "median": 1,
        "min": 0,
        "var": 0.00053803389892
    },
    "silence_rate_30dB": {
        "dmean": 0.00676818937063,
        "dmean2": 0.0135374199599,
        "dvar": 0.00672236457467,
        "dvar2": 0.0150462342426,
        "max": 1,
        "mean": 0.981465816498,
        "median": 1,
        "min": 0,
        "var": 0.0181911680847
    },
    "silence_rate_60dB": {
        "dmean": 0.0461467467248,
        "dmean2": 0.092300593853,
        "dvar": 0.0440229028463,
        "dvar2": 0.0981019809842,
        "max": 1,
        "mean": 0.393140047789,
        "median": 0,
        "min": 0,
        "var": 0.238560274243
    },
    "spectral_centroid": {
        "dmean": 64.7700195312,
        "dmean2": 93.8832702637,
        "dvar": 12255.0996094,
        "dvar2": 19065.9511719,
        "max": 11039.5097656,
        "mean": 573.779724121,
        "median": 511.583251953,
        "min": 168.563751221,
        "var": 65232.3789062
    },
    "spectral_complexity": {
        "dmean": 1.02845716476,
        "dmean2": 1.74186599255,
        "dvar": 1.21764039993,
        "dvar2": 2.98925852776,
        "max": 34,
        "mean": 7.27247571945,
        "median": 6,
        "min": 0,
        "var": 24.9257602692
    },
    "spectral_decrease": {
        "dmean": 9.12616926474e-10,
        "dmean2": 1.17734089145e-09,
        "dvar": 6.50524115905e-18,
        "dvar2": 1.05746769509e-17,
        "max": -2.31596581607e-29,
        "mean": -3.64204000292e-09,
        "median": -1.23544885433e-09,
        "min": -1.16482318901e-07,
        "var": 5.79189879676e-17
    },
    "spectral_energy": {
        "dmean": 0.00356949283741,
        "dmean2": 0.00460986513644,
        "dvar": 9.87764215097e-05,
        "dvar2": 0.00016098251217,
        "max": 0.453261256218,
        "mean": 0.0143477302045,
        "median": 0.00489784451202,
        "min": 1.05822298207e-20,
        "var": 0.000883755041286
    },
    "spectral_energyband_high": {
        "dmean": 4.16781813328e-06,
        "dmean2": 6.2957060436e-06,
        "dvar": 2.3119207937e-10,
        "dvar2": 5.32898336569e-10,
        "max": 0.00101488269866,
        "mean": 1.4580383322e-05,
        "median": 1.40074882893e-06,
        "min": 7.57927500706e-21,
        "var": 1.88383242339e-09
    },
    "spectral_energyband_low": {
        "dmean": 0.000376939162379,
        "dmean2": 0.000453149550594,
        "dvar": 5.68061250306e-06,
        "dvar2": 6.4486807787e-06,
        "max": 0.249651908875,
        "mean": 0.00163145654369,
        "median": 3.83333863283e-05,
        "min": 6.95554689787e-23,
        "var": 0.00013013316493
    },
    "spectral_energyband_middle_high": {
        "dmean": 0.000557208317332,
        "dmean2": 0.000812504207715,
        "dvar": 2.23318511416e-06,
        "dvar2": 4.85628288516e-06,
        "max": 0.0497121550143,
        "mean": 0.00191888748668,
        "median": 0.000421257514972,
        "min": 1.83770693879e-21,
        "var": 1.56999140017e-05
    },
    "spectral_energyband_middle_low": {
        "dmean": 0.00328417425044,
        "dmean2": 0.00424216501415,
        "dvar": 9.1796828201e-05,
        "dvar2": 0.000151345186168,
        "max": 0.441983580589,
        "mean": 0.0111533896998,
        "median": 0.0038206113968,
        "min": 2.53583111894e-22,
        "var": 0.000569609634113
    },
    "spectral_entropy": {
        "dmean": 0.142319887877,
        "dmean2": 0.200931534171,
        "dvar": 0.019331689924,
        "dvar2": 0.0385273881257,
        "max": 9.80008602142,
        "mean": 6.13312625885,
        "median": 6.16833496094,
        "min": 4.14767360687,
        "var": 0.266341239214
    },
    "spectral_flux": {
        "dmean": 0.00907001830637,
        "dmean2": 0.015163817443,
        "dvar": 0.00018322285905,
        "dvar2": 0.000499840592965,
        "max": 0.27075651288,
        "mean": 0.029107388109,
        "median": 0.0191917084157,
        "min": 1.02869962548e-10,
        "var": 0.00087490567239
    },
    "spectral_kurtosis": {
        "dmean": 9.71700000763,
        "dmean2": 17.0730934143,
        "dvar": 74.6510696411,
        "dvar2": 219.354095459,
        "max": 108.258468628,
        "mean": 22.3631973267,
        "median": 19.1345767975,
        "min": -1.20182335377,
        "var": 202.788619995
    },
    "spectral_rms": {
        "dmean": 0.00036014203215,
        "dmean2": 0.000464560842374,
        "dvar": 2.91482990633e-07,
        "dvar2": 5.05620675995e-07,
        "max": 0.0210286974907,
        "mean": 0.00287990504876,
        "median": 0.00218595168553,
        "min": 3.21311792277e-12,
        "var": 5.70391330257e-06
    },
    "spectral_rolloff": {
        "dmean": 113.679290771,
        "dmean2": 192.815795898,
        "dvar": 54315.0351562,
        "dvar2": 91672.890625,
        "max": 18303.2226562,
        "mean": 709.067687988,
        "median": 602.9296875,
        "min": 86.1328125,
        "var": 187172.1875
    },
    "spectral_skewness": {
        "dmean": 0.706157565117,
        "dmean2": 1.23766696453,
        "dvar": 0.337820768356,
        "dvar2": 1.00040102005,
        "max": 8.32765388489,
        "mean": 3.19589710236,
        "median": 3.02520990372,
        "min": -0.000915152544621,
        "var": 1.17550206184
    },
    "spectral_spread": {
        "dmean": 258401.59375,
        "dmean2": 441581.96875,
        "dvar": 146558910464,
        "dvar2": 234640998400,
        "max": 41222552,
        "mean": 1995973.75,
        "median": 1944881.875,
        "min": 711002,
        "var": 419132964864
    },
    "spectral_strongpeak": {
        "dmean": 0.274566054344,
        "dmean2": 0.418563574553,
        "dvar": 0.249741539359,
        "dvar2": 0.59798759222,
        "max": 8.28806686401,
        "mean": 0.976653814316,
        "median": 0.649638235569,
        "min": 0,
        "var": 1.00190997124
    },
    "zerocrossingrate": {
        "dmean": 0.00300227990374,
        "dmean2": 0.00368289719336,
        "dvar": 2.23736424232e-05,
        "dvar2": 1.99725600396e-05,
        "max": 0.50537109375,
        "mean": 0.0268959123641,
        "median": 0.0244140625,
        "min": 0.0048828125,
        "var": 0.00016553158639
    },
    "barkbands": {
        "dmean": [7.39053518828e-07, 7.19912422937e-05, 0.000267660012469, 0.000164880781085, 0.000971555768047, 0.0022078291513, 0.000264405825874, 0.000445808196673, 0.000245620816713, 0.00033352675382, 0.000101172241557, 0.000155730172992, 0.000104199418274, 9.09822119866e-05, 5.58897045266e-05, 5.88094990235e-05, 3.89046908822e-05, 1.70015046024e-05, 8.06693515187e-06, 4.54670134786e-06, 1.67460325429e-06, 1.37247684506e-06, 4.55639877828e-07, 4.38406289049e-07, 8.20402519253e-08, 5.64481683618e-10, 6.01625693708e-10],
        "dmean2": [1.19686046673e-06, 9.4883289421e-05, 0.000302157190163, 0.000240972090978, 0.00133337825537, 0.00279129412957, 0.000379056116799, 0.000591655494645, 0.000332475494361, 0.000489455938805, 0.000153817265527, 0.00023055379279, 0.000158301365445, 0.000139296113048, 8.3739105321e-05, 9.28109438973e-05, 6.21195795247e-05, 2.65573253273e-05, 1.30714997795e-05, 7.20543857824e-06, 2.66024949269e-06, 2.03279068955e-06, 7.12296525762e-07, 6.53360416436e-07, 1.28846735947e-07, 1.04024089342e-09, 1.10860165492e-09],
        "dvar": [2.20049065774e-11, 1.38984290743e-07, 4.15128943132e-06, 4.37483436144e-07, 9.09246500669e-06, 6.66704363539e-05, 7.84109545293e-07, 3.59082628165e-06, 1.31611898269e-06, 1.14722149647e-06, 2.77306895669e-07, 5.35764854703e-07, 1.72361168893e-07, 1.05611853485e-07, 3.60735654681e-08, 4.67033984819e-08, 2.10011918966e-08, 4.19097112569e-09, 1.2318510656e-09, 4.31711971727e-10, 4.77486522543e-11, 3.9242459976e-11, 3.85065677261e-12, 4.19729702383e-12, 2.22399938635e-13, 2.5618071016e-18, 2.91205129618e-18],
        "dvar2": [5.20029228013e-11, 2.67491287786e-07, 4.29952979175e-06, 7.31415923383e-07, 1.49088700709e-05, 0.000110855020466, 1.66681866176e-06, 6.47184288027e-06, 2.46597164733e-06, 2.53892540059e-06, 6.3176042886e-07, 1.28227895857e-06, 4.21350563329e-07, 2.40097421056e-07, 6.92325841101e-08, 1.00630799693e-07, 5.41800915244e-08, 1.07303188557e-08, 3.32474558995e-09, 1.29348121103e-09, 1.17721443704e-10, 8.36496080736e-11, 8.61179703937e-12, 8.65502548103e-12, 4.97072001615e-13, 8.33234251148e-18, 9.47169116104e-18],
        "max": [0.000453326210845, 0.0321245156229, 0.219163775444, 0.0611339733005, 0.167500942945, 0.301028221846, 0.0533040426672, 0.101669192314, 0.0870719850063, 0.0388849377632, 0.02984973602, 0.0257812868804, 0.0159593746066, 0.00992898084223, 0.013303199783, 0.00597912957892, 0.00629673385993, 0.00221036793664, 0.00108897755854, 0.00105155596975, 0.000561768771149, 0.000436281727161, 0.000100601115264, 0.000122417986859, 3.30800248776e-05, 4.27740296516e-08, 4.55745770012e-08],
        "mean": [9.63026195677e-07, 0.000255031045526, 0.00115448283032, 0.000484119285829, 0.00261038914323, 0.00567203341052, 0.000604727189057, 0.000948898785282, 0.000604109256528, 0.000744314282201, 0.000201892878977, 0.000312209216645, 0.00022230236209, 0.000170801009517, 0.000113301444799, 0.000107167463284, 6.99722586432e-05, 3.34333635692e-05, 1.78379214049e-05, 1.04901928353e-05, 3.75463559976e-06, 3.19579885399e-06, 1.13912017241e-06, 1.03040349586e-06, 1.3104695995e-07, 4.56545717897e-10, 4.86323925575e-10],
        "median": [1.88901140064e-07, 4.40247640654e-06, 8.34341972222e-06, 3.49848924088e-05, 0.000481010472868, 0.000682011072058, 9.78134121397e-05, 7.60862094467e-05, 9.71782719716e-05, 9.64320788626e-05, 1.66476565937e-05, 2.91530723189e-05, 3.20701255987e-05, 1.65030833159e-05, 2.02603114303e-05, 1.16719547805e-05, 8.93653214007e-06, 4.53653501609e-06, 1.93182108887e-06, 1.00412785287e-06, 3.7200203451e-07, 2.14078724525e-07, 9.52120373654e-08, 9.04241019839e-08, 1.40793856573e-08, 7.06410832607e-11, 7.48414108465e-11],
        "min": [1.36352177776e-23, 6.02631418991e-23, 4.30020937869e-24, 9.42066054941e-24, 1.91169916976e-23, 4.4065331559e-23, 6.21449538113e-23, 2.64580003307e-23, 5.93607923086e-23, 1.08927049753e-22, 6.6700398347e-23, 5.18274294101e-23, 9.59222359679e-23, 1.60218811054e-22, 2.18069830875e-22, 1.99813784614e-22, 2.52657027056e-22, 2.30888883693e-22, 3.34754879557e-22, 2.39152460422e-22, 3.09286511543e-22, 5.7832354741e-22, 6.23565540739e-22, 8.03994109904e-22, 1.08990769519e-21, 1.71032940434e-21, 2.53785938761e-21],
        "var": [3.63473452725e-11, 1.85001522368e-06, 9.87762250588e-05, 2.64116988546e-06, 5.24145907548e-05, 0.000291264906991, 4.04682668886e-06, 1.25665228552e-05, 4.87515262648e-06, 4.74578291687e-06, 8.56796475546e-07, 1.60659180892e-06, 5.27204292666e-07, 2.73908995041e-07, 1.84000228387e-07, 1.12315824197e-07, 4.39109797412e-08, 9.858742267e-09, 3.91811738609e-09, 1.29023014495e-09, 1.88637300225e-10, 1.58924096105e-10, 1.65041001698e-11, 1.34113319408e-11, 3.01175208904e-13, 2.0977784235e-18, 2.38251239511e-18]
    },
    "erbbands": {
        "dmean": [0.000738153175917, 0.0248507726938, 0.258880764246, 0.411798715591, 1.14307200909, 3.46176242828, 12.7515573502, 19.052947998, 5.89410543442, 4.73926830292, 9.33548259735, 6.85821390152, 9.0071849823, 6.06805419922, 4.67594146729, 7.06539154053, 5.09478902817, 3.40223264694, 4.80757474899, 2.68297934532, 2.34638166428, 1.55117893219, 0.937856853008, 0.518053710461, 0.326098531485, 0.190811902285, 0.107884570956, 0.0403798818588, 0.0365666039288, 0.0419270768762, 0.0142295416445, 0.0133656645194, 0.00442931335419, 0.00154246308375, 4.98411282024e-05, 3.98203292207e-06, 1.62595665643e-06, 4.53921813914e-07, 1.6822350517e-06, 3.97932581109e-06],
        "dmean2": [0.000946692773141, 0.0309599786997, 0.288565576077, 0.579935193062, 1.59763526917, 4.7991065979, 17.3725509644, 23.104850769, 7.67029619217, 6.73011922836, 11.9614496231, 9.22982406616, 13.1484165192, 8.91291236877, 7.08823299408, 10.364815712, 7.83111858368, 5.28648042679, 7.07182025909, 4.15420198441, 3.70304870605, 2.47330307961, 1.47254359722, 0.839026510715, 0.519332587719, 0.305089116096, 0.165446177125, 0.0625669211149, 0.0547350421548, 0.0627693012357, 0.0216115154326, 0.0195718314499, 0.00683589745313, 0.00241702306084, 7.85162919783e-05, 6.22225616098e-06, 2.48787432611e-06, 7.6017425954e-07, 2.171586857e-06, 5.1444071687e-06],
        "dvar": [7.6929172792e-06, 0.021628562361, 3.98653030396, 2.92898178101, 11.0694856644, 107.370254517, 3524.27539062, 6222.14501953, 378.148132324, 471.73236084, 1727.86279297, 1128.63696289, 881.190124512, 401.341674805, 530.171386719, 1299.9173584, 404.410003662, 146.238632202, 247.402877808, 83.0774917603, 82.8704605103, 24.0921421051, 10.7280607224, 5.30811548233, 1.99144876003, 0.555748820305, 0.175191402435, 0.0355009585619, 0.0267537441105, 0.0477094240487, 0.00411321688443, 0.00458933645859, 0.000362916383892, 8.45364556881e-05, 1.07377445602e-07, 1.75396142055e-10, 1.8320206463e-11, 1.4141684785e-12, 2.14675013877e-11, 1.21599813552e-10],
        "dvar2": [1.21841785585e-05, 0.0332483239472, 4.01734304428, 5.00519704819, 22.201051712, 180.587890625, 5530.12353516, 9879.30566406, 656.394287109, 952.312438965, 2814.17114258, 2124.453125, 2112.36962891, 857.325439453, 1227.91894531, 3071.60961914, 1031.72387695, 346.109710693, 489.903839111, 177.000869751, 177.426269531, 61.7750701904, 26.2015972137, 14.7606868744, 5.15663146973, 1.53964519501, 0.421198517084, 0.082654632628, 0.0628383085132, 0.093289732933, 0.00869979336858, 0.00927226617932, 0.000861081352923, 0.000186243545613, 2.34914963926e-07, 3.92982812958e-10, 4.08014143305e-11, 3.9413125541e-12, 3.48596811139e-11, 1.98696781251e-10],
        "max": [0.192775592208, 14.7019681931, 218.38130188, 129.516983032, 179.173812866, 495.984130859, 3932.66894531, 3786.4453125, 894.49017334, 1436.36340332, 2890.74072266, 2621.38598633, 923.562927246, 879.420471191, 1326.12548828, 1322.00695801, 759.019897461, 466.047973633, 813.17779541, 305.07333374, 367.773620605, 146.617172241, 94.1052093506, 70.790397644, 54.9870491028, 26.3037471771, 24.9273223877, 14.9097614288, 10.9118871689, 9.61698722839, 3.64000439644, 4.26141500473, 1.29142320156, 0.640389978886, 0.0234062392265, 0.000743463635445, 0.00017423753161, 4.54577711935e-05, 0.000209776830161, 0.000502027571201],
        "mean": [0.00268907798454, 0.097834892571, 1.15256595612, 1.46695363522, 3.38335871696, 9.08417129517, 29.8776683807, 52.6320953369, 14.8901348114, 11.0468416214, 20.6631088257, 17.2034912109, 19.6913318634, 14.1355772018, 10.2789173126, 14.7256650925, 10.9190740585, 7.92756414413, 9.81253528595, 5.84594726562, 4.90653038025, 3.22583961487, 2.05061173439, 1.14965617657, 0.746582865715, 0.468232005835, 0.274323046207, 0.105296701193, 0.0924294069409, 0.0878661572933, 0.036063939333, 0.0294293090701, 0.0113578252494, 0.00300529971719, 0.000103412996395, 1.32523518914e-05, 5.81037920711e-06, 1.31879608034e-06, 6.98049916537e-06, 1.61688785738e-05],
        "median": [0.000140759075293, 0.00157216587104, 0.0124221695587, 0.0929077118635, 0.507651150227, 1.87428045273, 3.48487472534, 5.90142536163, 3.54528999329, 2.01404333115, 1.84470510483, 3.04860591888, 3.02801203728, 2.1925971508, 1.26007521152, 1.42204451561, 1.78128647804, 1.45315301418, 1.38970398903, 0.91402810812, 0.711316049099, 0.489795058966, 0.320832073689, 0.147159442306, 0.0843446701765, 0.0494324304163, 0.0254660733044, 0.00954080093652, 0.00722304685041, 0.00502084055915, 0.00289499224164, 0.00241174246185, 0.00115604687016, 0.000340327824233, 1.51413078129e-05, 3.93208711102e-06, 1.94032827494e-06, 4.25326703635e-07, 2.39351447817e-06, 5.54117195861e-06],
        "min": [2.36697510139e-21, 1.06815730814e-20, 7.60890083613e-21, 1.56090742579e-20, 3.9725982228e-20, 5.6323826508e-20, 3.51423599039e-19, 3.10409476877e-19, 5.53399184338e-19, 1.08511258815e-18, 7.69966597534e-19, 9.67302319983e-19, 2.30292066298e-18, 3.90838786246e-18, 2.97037993708e-18, 2.34007285981e-18, 4.97903543984e-18, 7.12425267147e-18, 9.88342113812e-18, 1.28750629257e-17, 9.29020525311e-18, 1.43590927734e-17, 1.33241690587e-17, 1.27243919771e-17, 1.69515016286e-17, 1.29029347764e-17, 1.01628898983e-17, 1.66126040772e-17, 2.30158472493e-17, 1.65458803803e-17, 1.68748170227e-17, 1.34228202729e-17, 1.56305769084e-17, 1.32978324552e-17, 7.08991971297e-18, 4.919578111e-18, 3.6981975465e-18, 1.49866515431e-18, 3.84421591432e-19, 3.28111045051e-20],
        "var": [0.00010623576236, 0.403072237968, 98.6823425293, 35.1831626892, 77.2292556763, 712.250427246, 15226.1972656, 28432.7988281, 1768.94726562, 1828.11767578, 6437.34326172, 4120.45751953, 3013.70727539, 1542.74841309, 1648.49194336, 4024.3918457, 1064.59912109, 446.627380371, 1098.15454102, 290.570648193, 207.858627319, 64.2214126587, 30.0855064392, 14.9934329987, 6.70696783066, 2.08157467842, 0.750226438046, 0.18907238543, 0.123200044036, 0.131382405758, 0.0162790622562, 0.0123174395412, 0.0014767012326, 0.000136315837153, 1.59512396181e-07, 7.5711403813e-10, 1.30160479617e-10, 6.33483977081e-12, 1.99701047365e-10, 1.0992508015e-09]
    },
    "gfcc": {
        "mean": [-191.498168945, 179.811950684, -160.030303955, 0.228447586298, -66.2506866455, -17.2606639862, -42.4203872681, -26.1561050415, -5.45801687241, -28.6555747986, 7.01402282715, -18.4577903748, 8.75531864166],
        "cov": [[8634.23144531, -194.302383423, -1007.87963867, 115.631126404, 116.881736755, -213.28793335, 92.6812591553, -71.5569076538, 36.7896995544, 26.4251194, -67.9901351929, -54.7637062073, -118.103973389], [-194.302383423, 673.749206543, 486.815643311, -11.8114566803, 273.336090088, 57.9599952698, 178.918243408, 59.8198204041, -22.7594089508, -82.1927337646, -113.211013794, -90.1989440918, -101.557655334], [-1007.87963867, 486.815643311, 833.151916504, 219.33531189, 199.431564331, 63.5701141357, 56.656337738, 36.2938766479, -16.5858688354, -47.311542511, -37.5461387634, -20.5837421417, -27.3217105865], [115.631126404, -11.8114566803, 219.33531189, 489.515808105, 89.2715606689, 148.857131958, 9.78158092499, 36.4518280029, 25.2933425903, -14.379907608, 10.7964344025, -7.89959478378, 18.0237903595], [116.881736755, 273.336090088, 199.431564331, 89.2715606689, 262.338745117, 97.6434173584, 94.7670516968, 37.7140960693, -0.742201328278, -15.5944480896, -39.9945755005, -30.7812595367, -36.5626449585], [-213.28793335, 57.9599952698, 63.5701141357, 148.857131958, 97.6434173584, 268.215209961, 127.907829285, 88.3267211914, 31.4199409485, -6.48026371002, -18.3672847748, -42.3043937683, -22.6354446411], [92.6812591553, 178.918243408, 56.656337738, 9.78158092499, 94.7670516968, 127.907829285, 197.248947144, 93.0998306274, 24.2281646729, 1.12927889824, -28.9423866272, -33.9509048462, -47.0917549133], [-71.5569076538, 59.8198204041, 36.2938766479, 36.4518280029, 37.7140960693, 88.3267211914, 93.0998306274, 127.098937988, 57.2606010437, 12.5525951385, -5.72615098953, -23.253610611, -11.4100980759], [36.7896995544, -22.7594089508, -16.5858688354, 25.2933425903, -0.742201328278, 31.4199409485, 24.2281646729, 57.2606010437, 123.807815552, 87.9455947876, 46.5225410461, 22.7599945068, 3.5316119194], [26.4251194, -82.1927337646, -47.311542511, -14.379907608, -15.5944480896, -6.48026371002, 1.12927889824, 12.5525951385, 87.9455947876, 166.00340271, 120.866004944, 52.3328475952, 12.6202096939], [-67.9901351929, -113.211013794, -37.5461387634, 10.7964344025, -39.9945755005, -18.3672847748, -28.9423866272, -5.72615098953, 46.5225410461, 120.866004944, 164.699417114, 90.1691741943, 25.9724445343], [-54.7637062073, -90.1989440918, -20.5837421417, -7.89959478378, -30.7812595367, -42.3043937683, -33.9509048462, -23.253610611, 22.7599945068, 52.3328475952, 90.1691741943, 118.056587219, 62.1971130371], [-118.103973389, -101.557655334, -27.3217105865, 18.0237903595, -36.5626449585, -22.6354446411, -47.0917549133, -11.4100980759, 3.5316119194, 12.6202096939, 25.9724445343, 62.1971130371, 112.283935547]],
        "icov": [[0.000190626218682, -0.000100246608781, 0.000420742842834, -0.000350407673977, -0.000232294711168, 0.000472611543955, -0.000305852125166, 0.000160982977832, -9.24222040339e-05, -5.71030977881e-05, 0.000140537536936, -4.31067674072e-05, 0.000176875153556], [-0.000100246608781, 0.00869267899543, -0.00429996335879, 0.00265379413031, -0.00527511071414, 0.00278249615803, -0.00614977255464, 0.00228648399934, -0.00353216007352, 0.00489716790617, -0.00219427747652, 0.0042522889562, 0.000493684201501], [0.000420742842834, -0.00429996335879, 0.00450863782316, -0.0026273932308, 0.000933105475269, 0.000114428716188, 0.00228844629601, -0.00125324330293, 0.00181484292261, -0.00220577511936, 0.0014031548053, -0.00247504306026, 0.000468775397167], [-0.000350407673977, 0.00265379413031, -0.0026273932308, 0.004554416053, -0.00163385062478, -0.0019809436053, -9.06155889879e-07, 0.000743957061786, -0.00217947503552, 0.00310762203299, -0.00257997191511, 0.00236016791314, -0.00118614349049], [-0.000232294711168, -0.00527511071414, 0.000933105475269, -0.00163385062478, 0.00973986182362, -0.00352563825436, 0.00255063269287, -0.00131026899908, 0.00339744170196, -0.00482997344807, 0.00362327229232, -0.00396509468555, 0.000665479106829], [0.000472611543955, 0.00278249615803, 0.000114428716188, -0.0019809436053, -0.00352563825436, 0.00999442487955, -0.00712872529402, 0.000274519639788, -0.00257164845243, 0.0031996506732, -0.00264384760521, 0.00445360364392, -0.000869679322932], [-0.000305852125166, -0.00614977255464, 0.00228844629601, -9.06155889879e-07, 0.00255063269287, -0.00712872529402, 0.0180031172931, -0.00992034561932, 0.00652369437739, -0.00753070879728, 0.00620971620083, -0.0080091394484, 0.00425018789247], [0.000160982977832, 0.00228648399934, -0.00125324330293, 0.000743957061786, -0.00131026899908, 0.000274519639788, -0.00992034561932, 0.0199892930686, -0.0120060462505, 0.00797547679394, -0.00648503983393, 0.00857374537736, -0.00445556268096], [-9.24222040339e-05, -0.00353216007352, 0.00181484292261, -0.00217947503552, 0.00339744170196, -0.00257164845243, 0.00652369437739, -0.0120060462505, 0.0232031326741, -0.0172602720559, 0.0101871043444, -0.00972274132073, 0.00384285580367], [-5.71030977881e-05, 0.00489716790617, -0.00220577511936, 0.00310762203299, -0.00482997344807, 0.0031996506732, -0.00753070879728, 0.00797547679394, -0.0172602720559, 0.0280612502247, -0.0207414291799, 0.0118314018473, -0.0043090400286], [0.000140537536936, -0.00219427747652, 0.0014031548053, -0.00257997191511, 0.00362327229232, -0.00264384760521, 0.00620971620083, -0.00648503983393, 0.0101871043444, -0.0207414291799, 0.028417609632, -0.0196284204721, 0.00782118737698], [-4.31067674072e-05, 0.0042522889562, -0.00247504306026, 0.00236016791314, -0.00396509468555, 0.00445360364392, -0.0080091394484, 0.00857374537736, -0.00972274132073, 0.0118314018473, -0.0196284204721, 0.0299007296562, -0.0131080299616], [0.000176875153556, 0.000493684201501, 0.000468775397167, -0.00118614349049, 0.000665479106829, -0.000869679322932, 0.00425018789247, -0.00445556268096, 0.00384285580367, -0.0043090400286, 0.00782118737698, -0.0131080299616, 0.0170293804258]]
    },
    "melbands": {
        "dmean": [1.24397847685e-05, 9.77015370154e-05, 8.27155890875e-05, 0.000153306580614, 0.000382667203667, 0.000411797256675, 8.18145417725e-05, 5.83848632232e-05, 7.65379954828e-05, 3.92095753341e-05, 4.65991106466e-05, 2.74149133475e-05, 1.54720219143e-05, 1.6291760403e-05, 1.43510997077e-05, 1.07759688035e-05, 6.48524564895e-06, 9.06416607904e-06, 3.21154266203e-06, 4.77025423606e-06, 3.01002910419e-06, 2.02255864679e-06, 1.29887212097e-06, 7.2719575428e-07, 4.49358083188e-07, 2.88147134597e-07, 1.94039088797e-07, 1.32220137061e-07, 9.2515691108e-08, 4.90510316808e-08, 2.29259100593e-08, 2.35122783465e-08, 2.72926907741e-08, 1.9704661014e-08, 9.2314822453e-09, 8.44302050496e-09, 8.54328074951e-09, 3.72920361258e-09, 2.38726816093e-09, 9.48554235158e-10],
        "dmean2": [1.62269752764e-05, 0.000110692104499, 0.000113107867946, 0.00021287582058, 0.000522189191543, 0.000505484116729, 0.000107777872472, 8.27578187454e-05, 9.6503921668e-05, 5.36353036296e-05, 6.83298057993e-05, 4.00455683121e-05, 2.34083727264e-05, 2.39530472754e-05, 2.18125333049e-05, 1.62323358381e-05, 1.02095609691e-05, 1.33260173243e-05, 4.93181823913e-06, 7.43997998143e-06, 4.71333032692e-06, 3.26259737449e-06, 2.04635716727e-06, 1.16931516914e-06, 7.31676834675e-07, 4.53442964954e-07, 3.16981925153e-07, 2.12832404145e-07, 1.41659569408e-07, 7.88075524838e-08, 3.61358907242e-08, 3.59069574074e-08, 4.02885298456e-08, 3.00987217372e-08, 1.42642848644e-08, 1.2584457032e-08, 1.2742136235e-08, 5.85995119096e-09, 3.69521679922e-09, 1.52492929395e-09],
        "dvar": [3.08735503829e-09, 5.38046890597e-07, 9.14765294624e-08, 2.03280890787e-07, 2.67293899014e-06, 2.5700066999e-06, 7.26015869645e-08, 7.83111531177e-08, 1.14797082063e-07, 3.59976297659e-08, 2.44587727849e-08, 9.168837245e-09, 6.99292934669e-09, 4.34282121375e-09, 4.22429602409e-09, 1.78487613578e-09, 6.49744980041e-10, 9.4555074881e-10, 1.13609593955e-10, 3.41714934127e-10, 1.72868219739e-10, 4.92740535873e-11, 1.99368733328e-11, 1.16293736793e-11, 4.35292817416e-12, 1.44902915621e-12, 1.13702829704e-12, 2.61686966584e-13, 1.25402658635e-13, 5.83094973672e-14, 1.32730164479e-14, 1.19589668029e-14, 1.53659010293e-14, 1.11373185861e-14, 1.76857059491e-15, 1.37843621913e-15, 1.81658349286e-15, 2.50130152813e-16, 1.49718843839e-16, 3.85981929105e-17],
        "dvar2": [5.90554583013e-09, 5.6895845546e-07, 1.44733064644e-07, 3.77938476959e-07, 4.17805813413e-06, 4.14619262301e-06, 1.28041847347e-07, 1.5877782289e-07, 1.75179067696e-07, 6.90840664674e-08, 5.75126399838e-08, 1.90820230728e-08, 1.61461723991e-08, 9.9145429644e-09, 1.06260031885e-08, 4.1740428891e-09, 1.57729140859e-09, 1.92266713661e-09, 2.51142467933e-10, 7.2751193958e-10, 3.58469282036e-10, 1.29780658442e-10, 4.79028414158e-11, 3.1357826058e-11, 1.21695622329e-11, 3.33326552124e-12, 3.41234744454e-12, 7.09466665104e-13, 3.06678402291e-13, 1.44384504353e-13, 3.21436738446e-14, 2.79720314972e-14, 3.14594474061e-14, 2.27464040306e-14, 4.00958122769e-15, 2.84348642756e-15, 3.71485060798e-15, 6.3803233208e-16, 3.26071394625e-16, 8.58732589838e-17],
        "max": [0.00447018723935, 0.0788989365101, 0.0211456026882, 0.0277341380715, 0.108420915902, 0.0732731744647, 0.0123263755813, 0.018238671124, 0.0243483576924, 0.0145127121359, 0.00459740683436, 0.00411458080634, 0.0047645107843, 0.00231107557192, 0.00226114783436, 0.0021528727375, 0.00107635767199, 0.00121151073836, 0.000635709729977, 0.000619775906671, 0.000550562050194, 0.000234579725657, 0.000118780939374, 0.000146848600707, 7.03989790054e-05, 6.07960828347e-05, 5.29156677658e-05, 1.66278532561e-05, 1.26437716972e-05, 2.10119778785e-05, 9.53665312409e-06, 7.93513754616e-06, 5.49398237126e-06, 5.36497373105e-06, 2.14661758946e-06, 1.87426644516e-06, 2.35357902056e-06, 8.96767801351e-07, 7.08152867901e-07, 4.3202857114e-07],
        "mean": [4.41603260697e-05, 0.000431259919424, 0.000299727835227, 0.000420721044065, 0.00093185401056, 0.00110940367449, 0.000199081827304, 0.000130918691866, 0.000169729770278, 9.68710592133e-05, 0.000101159232145, 6.37515840936e-05, 3.1548912375e-05, 3.42206840287e-05, 2.69698030024e-05, 2.47527041211e-05, 1.32797295009e-05, 1.74377928488e-05, 7.18425189916e-06, 8.57346367411e-06, 5.52434494239e-06, 3.70569000552e-06, 2.43406634581e-06, 1.40219935929e-06, 8.84131395651e-07, 5.8569560224e-07, 4.07658973245e-07, 2.91774199468e-07, 2.05952673582e-07, 9.88598287677e-08, 4.81821693654e-08, 5.16933127415e-08, 6.00981451271e-08, 3.80317359827e-08, 2.00560883457e-08, 1.84151556226e-08, 1.70408789302e-08, 8.21452150745e-09, 5.19037257618e-09, 1.37097666553e-09],
        "median": [1.13439500637e-06, 4.43230737801e-06, 2.48858414125e-05, 8.4836356109e-05, 0.000136088288855, 0.000134259462357, 4.62571515527e-05, 1.81878731382e-05, 1.28740248329e-05, 1.6892401618e-05, 1.35727423185e-05, 7.28660825189e-06, 2.86082945422e-06, 4.02142677558e-06, 2.53185794463e-06, 3.42257317243e-06, 2.08391770684e-06, 2.01859802473e-06, 1.36205540002e-06, 9.42009251048e-07, 6.81412529957e-07, 4.63486571789e-07, 3.51890065531e-07, 1.99300629333e-07, 9.10546589239e-08, 6.48567493045e-08, 3.89470038442e-08, 2.82215442127e-08, 1.84556281368e-08, 7.20966397694e-09, 4.36132152615e-09, 3.92021348716e-09, 3.55836649035e-09, 2.16314921531e-09, 1.46938783363e-09, 1.61233859597e-09, 1.29375210545e-09, 7.78603459484e-10, 6.32588537108e-10, 1.26999577521e-10],
        "min": [1.83784853617e-23, 7.70673322621e-24, 4.00636145251e-24, 2.58625799523e-24, 1.00318076588e-23, 7.04416027444e-24, 9.7748701399e-24, 1.03187313583e-23, 7.26519357806e-24, 6.75893420352e-24, 1.09671497789e-23, 1.53740454953e-23, 1.04846264401e-23, 5.10712494345e-24, 9.79575523237e-24, 9.4377898751e-24, 1.37173097988e-23, 1.51016739128e-23, 1.75806030431e-23, 1.63508919542e-23, 9.8085616003e-24, 1.33806444749e-23, 1.87411483856e-23, 8.10600334047e-24, 9.63085727077e-24, 1.46566206782e-23, 9.59170137088e-24, 8.13903531316e-24, 5.01946277535e-24, 8.44718489312e-24, 1.00667321088e-23, 1.27751968855e-23, 1.10338195694e-23, 9.38631354559e-24, 1.07657906662e-23, 7.71766210519e-24, 8.46863717657e-24, 1.11526362213e-23, 1.06129212557e-23, 1.18178368687e-23],
        "var": [3.92074888111e-08, 1.29834697873e-05, 1.13246255751e-06, 1.38642280945e-06, 1.19935493785e-05, 1.15369184641e-05, 3.35608348223e-07, 2.84726439759e-07, 4.48110739626e-07, 1.30824687972e-07, 8.69226823852e-08, 3.78444795501e-08, 2.14995701242e-08, 1.46861722783e-08, 1.06983737425e-08, 7.15571379928e-09, 1.68082381347e-09, 3.44493433779e-09, 5.57171697668e-10, 8.08070499403e-10, 3.73116343377e-10, 1.07212579092e-10, 4.84163126258e-11, 2.27276947262e-11, 1.07971860619e-11, 4.10439173967e-12, 2.84873166723e-12, 8.14346636999e-13, 4.12457828308e-13, 2.00794106819e-13, 4.90531687535e-14, 4.74386494171e-14, 5.55996458455e-14, 2.66206005942e-14, 6.13774430789e-15, 4.07047357924e-15, 4.63933116574e-15, 8.43021187458e-16, 3.54901325655e-16, 4.74303675789e-17]
    },
    "mfcc": {
        "mean": [-813.252563477, 187.008209229, -22.1482276917, -1.67455780506, -1.5690433979, -12.9641065598, -18.8599395752, -12.5101318359, -14.5129823685, -9.85879993439, -13.2502403259, -9.13094711304, -8.25382041931],
        "cov": [[7862.66113281, 319.969024658, -1506.14794922, 491.145751953, -395.946044922, 117.87802124, -200.441894531, 83.7370529175, -128.7447052, 220.839752197, -81.2269439697, 178.49307251, -79.9807815552], [319.969024658, 924.656982422, 98.7794876099, -8.50294017792, 75.8628082275, -10.2007608414, 143.81578064, 69.7297058105, 85.818901062, 28.1228103638, 64.7783737183, -15.6019630432, -66.6858444214], [-1506.14794922, 98.7794876099, 768.980834961, 134.341079712, 220.092605591, 85.1894607544, 108.46962738, 78.7619094849, 79.1156387329, -1.47248589993, 51.4384231567, -0.43506076932, 20.5689411163], [491.145751953, -8.50294017792, 134.341079712, 337.382965088, 126.149353027, 89.9313659668, 25.446308136, 43.8889007568, 7.16607427597, 25.6176185608, -8.16837596893, 23.0561962128, 10.7270030975], [-395.946044922, 75.8628082275, 220.092605591, 126.149353027, 241.790924072, 96.9908370972, 66.0947494507, 48.0028419495, 45.5122451782, 15.3267450333, 6.16399478912, -4.13017606735, 4.35033416748], [117.87802124, -10.2007608414, 85.1894607544, 89.9313659668, 96.9908370972, 179.342544556, 90.8192138672, 68.1308135986, 50.6562461853, 44.3103790283, 31.6089038849, 30.0268592834, 28.2419433594], [-200.441894531, 143.81578064, 108.46962738, 25.446308136, 66.0947494507, 90.8192138672, 192.700271606, 102.076217651, 70.1861572266, 42.6601791382, 43.7548408508, 13.2803382874, 4.05534076691], [83.7370529175, 69.7297058105, 78.7619094849, 43.8889007568, 48.0028419495, 68.1308135986, 102.076217651, 170.54864502, 99.8596115112, 42.5468597412, 26.2416000366, 3.52874016762, -14.1097555161], [-128.7447052, 85.818901062, 79.1156387329, 7.16607427597, 45.5122451782, 50.6562461853, 70.1861572266, 99.8596115112, 158.589019775, 66.9574127197, 29.0476818085, -4.94905376434, -15.0829105377], [220.839752197, 28.1228103638, -1.47248589993, 25.6176185608, 15.3267450333, 44.3103790283, 42.6601791382, 42.5468597412, 66.9574127197, 142.343063354, 66.1655044556, 32.7720909119, 15.4884586334], [-81.2269439697, 64.7783737183, 51.4384231567, -8.16837596893, 6.16399478912, 31.6089038849, 43.7548408508, 26.2416000366, 29.0476818085, 66.1655044556, 146.299835205, 68.5202789307, 33.2653999329], [178.49307251, -15.6019630432, -0.43506076932, 23.0561962128, -4.13017606735, 30.0268592834, 13.2803382874, 3.52874016762, -4.94905376434, 32.7720909119, 68.5202789307, 140.296554565, 68.5699539185], [-79.9807815552, -66.6858444214, 20.5689411163, 10.7270030975, 4.35033416748, 28.2419433594, 4.05534076691, -14.1097555161, -15.0829105377, 15.4884586334, 33.2653999329, 68.5699539185, 137.180419922]],
