{
"lowlevel": {
    "average_loudness": 0.418913632631,
    "barkbands_crest": {
        "dmean": 1.83159506321,
        "dmean2": 2.96587967873,
        "dvar": 3.73909282684,
        "dvar2": 9.31294345856,
        "max": 25.4564704895,
        "mean": 14.3741092682,
        "median": 13.8682575226,
        "min": 5.0985789299,
        "var": 18.8354091644
    },
    "barkbands_flatness_db": {
        "dmean": 0.0178632605821,
        "dmean2": 0.0294450875372,
        "dvar": 0.000313366239425,
        "dvar2": 0.000775970693212,
        "max": 0.551786065102,
        "mean": 0.437480449677,
        "median": 0.439118742943,
        "min": 0.0584781393409,
        "var": 0.00208339188248
    },
    "barkbands_kurtosis": {
        "dmean": 2.97938799858,
        "dmean2": 4.88366127014,
        "dvar": 170.564315796,
        "dvar2": 482.473144531,
        "max": 381.122619629,
        "mean": 6.1507525444,
        "median": 2.33355760574,
        "min": -1.79918825626,
        "var": 409.259033203
    },
    "barkbands_skewness": {
        "dmean": 0.424384236336,
        "dmean2": 0.652953982353,
        "dvar": 0.343113332987,
        "dvar2": 0.751611351967,
        "max": 16.0701026917,
        "mean": 0.207618668675,
        "median": 0.167414575815,
        "min": -6.05956506729,
        "var": 2.55860733986
    },
    "barkbands_spread": {
        "dmean": 0.413895517588,
        "dmean2": 0.645037651062,
        "dvar": 0.547455370426,
        "dvar2": 0.854427039623,
        "max": 33.2892036438,
        "mean": 2.18440437317,
        "median": 1.9687871933,
        "min": 0.292586624622,
        "var": 1.75649893284
    },
    "dissonance": {
        "dmean": 0.0606739223003,
        "dmean2": 0.105259627104,
        "dvar": 0.00336988060735,
        "dvar2": 0.00911070778966,
        "max": 0.500000059605,
        "mean": 0.322961449623,
        "median": 0.329980254173,
        "min": 0.0651520714164,
        "var": 0.00871225539595
    },
    "dynamic_complexity": 4.74278783798,
    "erbbands_crest": {
        "dmean": 2.04578185081,
        "dmean2": 3.06796574593,
        "dvar": 4.98577880859,
        "dvar2": 10.4763498306,
        "max": 33.3930969238,
        "mean": 18.7615776062,
        "median": 18.0402374268,
        "min": 2.34891867638,
        "var": 43.9609107971
    },
    "erbbands_flatness_db": {
        "dmean": 0.014845021069,
        "dmean2": 0.0230617094785,
        "dvar": 0.000253153935773,
        "dvar2": 0.000550164026208,
        "max": 0.589701235294,
        "mean": 0.449796885252,
        "median": 0.451234936714,
        "min": 0.0483661331236,
        "var": 0.00433148490265
    },
    "erbbands_kurtosis": {
        "dmean": 2.03338766098,
        "dmean2": 3.08244276047,
        "dvar": 9.63073635101,
        "dvar2": 20.9027194977,
        "max": 74.5918960571,
        "mean": 5.7362408638,
        "median": 3.2991232872,
        "min": -1.50524902344,
        "var": 72.766456604
    },
    "erbbands_skewness": {
        "dmean": 0.333817631006,
        "dmean2": 0.496922045946,
        "dvar": 0.155453011394,
        "dvar2": 0.310065478086,
        "max": 6.78968238831,
        "mean": 0.246277064085,
        "median": 0.304362267256,
        "min": -4.2301068306,
        "var": 1.45706272125
    },
    "erbbands_spread": {
        "dmean": 0.957926630974,
        "dmean2": 1.48434436321,
        "dvar": 6.81535577774,
        "dvar2": 14.5357542038,
        "max": 133.506942749,
        "mean": 5.3547501564,
        "median": 3.74343013763,
        "min": 0.382398962975,
        "var": 136.732711792
    },
    "hfc": {
        "dmean": 2.17582798004,
        "dmean2": 3.02621412277,
        "dvar": 33.31798172,
        "dvar2": 57.8846473694,
        "max": 158.927764893,
        "mean": 7.64243555069,
        "median": 3.9555375576,
        "min": 1.12568997859e-16,
        "var": 134.7865448
    },
    "melbands_crest": {
        "dmean": 2.10563611984,
        "dmean2": 3.40266489983,
        "dvar": 5.02395105362,
        "dvar2": 12.2506389618,
        "max": 39.1291503906,
        "mean": 16.5652427673,
        "median": 15.6119117737,
        "min": 3.48231339455,
        "var": 31.2789459229
    },
    "melbands_flatness_db": {
        "dmean": 0.0167631171644,
        "dmean2": 0.0273257419467,
        "dvar": 0.0003130484547,
        "dvar2": 0.000761102710385,
        "max": 0.677146077156,
        "mean": 0.556633293629,
        "median": 0.559364438057,
        "min": 0.00800030864775,
        "var": 0.00236447225325
    },
    "melbands_kurtosis": {
        "dmean": 6.15493822098,
        "dmean2": 10.2463178635,
        "dvar": 3615.07861328,
        "dvar2": 10653.9101562,
        "max": 2056.63989258,
        "mean": 9.06062793732,
        "median": 1.24961471558,
        "min": -1.83199560642,
        "var": 5361.08007812
    },
    "melbands_skewness": {
        "dmean": 0.439743310213,
        "dmean2": 0.686526119709,
        "dvar": 1.05539858341,
        "dvar2": 2.76814055443,
        "max": 37.4703140259,
        "mean": 0.324549466372,
        "median": 0.2157317698,
        "min": -4.09854316711,
        "var": 5.03540277481
    },
    "melbands_spread": {
        "dmean": 0.712223351002,
        "dmean2": 1.09760403633,
        "dvar": 5.01826238632,
        "dvar2": 5.39317178726,
        "max": 150.52645874,
        "mean": 4.03669023514,
        "median": 3.62530374527,
        "min": 0.258166193962,
        "var": 9.08322620392
    },
    "pitch_salience": {
        "dmean": 0.0514560230076,
        "dmean2": 0.082282230258,
        "dvar": 0.00312430597842,
        "dvar2": 0.00742821674794,
        "max": 0.85605943203,
        "mean": 0.497851163149,
        "median": 0.500292658806,
        "min": 0.0422699898481,
        "var": 0.0174474604428
    },
    "silence_rate_20dB": {
        "dmean": 0,
        "dmean2": 0,
        "dvar": 0,
        "dvar2": 0,
        "max": 1,
        "mean": 1,
        "median": 1,
        "min": 1,
        "var": 0
    },
    "silence_rate_30dB": {
        "dmean": 0.00852696690708,
        "dmean2": 0.0170575696975,
        "dvar": 0.0084540406242,
        "dvar2": 0.0193246100098,
        "max": 1,
        "mean": 0.987851679325,
        "median": 1,
        "min": 0,
        "var": 0.0120013915002
    },
    "silence_rate_60dB": {
        "dmean": 0.0170539338142,
        "dmean2": 0.034115139395,
        "dvar": 0.0167622808367,
        "dvar2": 0.0350837334991,
        "max": 1,
        "mean": 0.128516629338,
        "median": 0,
        "min": 0,
        "var": 0.111998043954
    },
    "spectral_centroid": {
        "dmean": 27.2290668488,
        "dmean2": 40.7563934326,
        "dvar": 22568.375,
        "dvar2": 25878.0664062,
        "max": 10845.8046875,
        "mean": 442.050231934,
        "median": 427.205627441,
        "min": 208.237823486,
        "var": 35690.25
    },
    "spectral_complexity": {
        "dmean": 0.833510994911,
        "dmean2": 1.42558634281,
        "dvar": 0.838011026382,
        "dvar2": 1.95575606823,
        "max": 14,
        "mean": 6.49552440643,
        "median": 7,
        "min": 0,
        "var": 4.7290854454
    },
    "spectral_decrease": {
        "dmean": 1.04884401164e-09,
        "dmean2": 1.50176937552e-09,
        "dvar": 5.57491567361e-18,
        "dvar2": 9.95172061412e-18,
        "max": -1.70105403074e-28,
        "mean": -4.13627665452e-09,
        "median": -2.46227882528e-09,
        "min": -5.4115449899e-08,
        "var": 2.78656336505e-17
    },
    "spectral_energy": {
        "dmean": 0.00415310543031,
        "dmean2": 0.0059363390319,
        "dvar": 8.86877387529e-05,
        "dvar2": 0.000158102004207,
        "max": 0.218659445643,
        "mean": 0.0163044277579,
        "median": 0.0096845831722,
        "min": 1.08523551817e-20,
        "var": 0.000438303744886
    },
    "spectral_energyband_high": {
        "dmean": 1.16022729202e-08,
        "dmean2": 1.88141591195e-08,
        "dvar": 3.69627263435e-15,
        "dvar2": 8.27082356731e-15,
        "max": 2.58410864262e-06,
        "mean": 3.38209460438e-08,
        "median": 2.23884644157e-08,
        "min": 7.64655451767e-21,
        "var": 6.44949859577e-15
    },
    "spectral_energyband_low": {
        "dmean": 0.000193886677152,
        "dmean2": 0.000326203851728,
        "dvar": 1.29853034991e-07,
        "dvar2": 3.8926259549e-07,
        "max": 0.00922944024205,
        "mean": 0.000587314891163,
        "median": 0.000343706575222,
        "min": 1.97410043394e-22,
        "var": 5.70617885387e-07
    },
    "spectral_energyband_middle_high": {
        "dmean": 0.000130560205434,
        "dmean2": 0.000178328948095,
        "dvar": 4.37227100747e-07,
        "dvar2": 6.86365410729e-07,
        "max": 0.0374221391976,
        "mean": 0.000494390435051,
        "median": 0.000117005838547,
        "min": 1.63122349299e-21,
        "var": 4.78111496705e-06
    },
    "spectral_energyband_middle_low": {
        "dmean": 0.00409403070807,
        "dmean2": 0.00589120993391,
        "dvar": 8.77260754351e-05,
        "dvar2": 0.000156877664267,
        "max": 0.217211440206,
        "mean": 0.0155276069418,
        "median": 0.0089711304754,
        "min": 3.6768996119e-22,
        "var": 0.000424586847657
    },
    "spectral_entropy": {
        "dmean": 0.115999743342,
        "dmean2": 0.184929206967,
        "dvar": 0.019108152017,
        "dvar2": 0.0451703108847,
        "max": 9.80252933502,
        "mean": 4.98916530609,
        "median": 4.97396373749,
        "min": 3.97698616982,
        "var": 0.221155509353
    },
    "spectral_flux": {
        "dmean": 0.0126042589545,
        "dmean2": 0.0208700858057,
        "dvar": 0.000577073544264,
        "dvar2": 0.00146959663834,
        "max": 0.325427889824,
        "mean": 0.0309898592532,
        "median": 0.0240654684603,
        "min": 1.04174641136e-10,
        "var": 0.000793216109741
    },
    "spectral_kurtosis": {
        "dmean": 49.3063850403,
        "dmean2": 85.4219818115,
        "dvar": 1951.25341797,
        "dvar2": 5905.96972656,
        "max": 516.980712891,
        "mean": 222.117599487,
        "median": 219.830718994,
        "min": -1.17384648323,
        "var": 6434.15039062
    },
    "spectral_rms": {
        "dmean": 0.000427067134297,
        "dmean2": 0.000613563577645,
        "dvar": 4.30829715015e-07,
        "dvar2": 7.50132414851e-07,
        "max": 0.0146056935191,
        "mean": 0.00347013631836,
        "median": 0.00307382084429,
        "min": 3.25386896247e-12,
        "var": 3.86485362469e-06
    },
    "spectral_rolloff": {
        "dmean": 25.9442176819,
        "dmean2": 43.3918571472,
        "dvar": 73786.296875,
        "dvar2": 75344.8125,
        "max": 18497.0214844,
        "mean": 538.728027344,
        "median": 516.796875,
        "min": 21.533203125,
        "var": 87351.2109375
    },
    "spectral_skewness": {
        "dmean": 1.45408308506,
        "dmean2": 2.52120828629,
        "dvar": 1.75517570972,
        "dvar2": 5.02648544312,
        "max": 18.8891563416,
        "mean": 12.041258812,
        "median": 12.362408638,
        "min": 0.0212568510324,
        "var": 6.84745264053
    },
    "spectral_spread": {
        "dmean": 311352.65625,
        "dmean2": 549643.4375,
        "dvar": 347398471680,
        "dvar2": 467627114496,
        "max": 39383812,
        "mean": 826837.6875,
        "median": 638246,
        "min": 182275.03125,
        "var": 1.61301200896e+12
    },
    "spectral_strongpeak": {
        "dmean": 0.356663048267,
        "dmean2": 0.530754387379,
        "dvar": 0.374110519886,
        "dvar2": 0.709501087666,
        "max": 13.2315826416,
        "mean": 1.41512167454,
        "median": 1.03173315525,
        "min": 0,
        "var": 1.83762192726
    },
    "zerocrossingrate": {
        "dmean": 0.00138656888157,
        "dmean2": 0.0016956581967,
        "dvar": 3.97847652494e-05,
        "dvar2": 3.55853590008e-05,
        "max": 0.48193359375,
        "mean": 0.020791914314,
        "median": 0.0205078125,
        "min": 0.0009765625,
        "var": 7.50740218791e-05
    },
    "barkbands": {
        "dmean": [7.16443992133e-06, 4.30484433309e-05, 6.75623377902e-05, 0.000333903211867, 0.000641707330942, 0.000730765576009, 0.00136732670944, 0.000871792319231, 0.00126733270008, 0.000134968286147, 2.40832032432e-05, 1.33411276693e-05, 4.11723476645e-06, 6.69402015774e-06, 1.16419516871e-06, 5.63097160011e-07, 1.30394212761e-07, 6.84442369447e-08, 2.30857875039e-08, 7.79409425888e-09, 3.51989570824e-09, 1.63641866724e-09, 1.09389741709e-09, 1.00354791144e-09, 1.10178988155e-09, 9.26260734779e-10, 6.00567096054e-10],
        "dmean2": [1.24412008518e-05, 6.39398713247e-05, 0.000104656835902, 0.00061283580726, 0.00093352899421, 0.00124871137086, 0.00201613083482, 0.00123879662715, 0.00168854580261, 0.000181423019967, 3.62853170373e-05, 1.81803916348e-05, 5.7495785768e-06, 8.96087931324e-06, 1.63381810125e-06, 7.92698074292e-07, 2.02987550324e-07, 1.03294908627e-07, 3.50179973907e-08, 1.20939249726e-08, 5.61063018267e-09, 2.49137199759e-09, 1.90919768883e-09, 1.76873238278e-09, 1.92264981713e-09, 1.63883229209e-09, 1.11390885404e-09],
        "dvar": [9.06501332332e-11, 1.00786134993e-08, 1.50888759265e-08, 4.14908157609e-07, 3.96898576582e-06, 2.40100052906e-06, 2.71930857707e-05, 4.34527191828e-06, 4.26739316026e-05, 4.77128082821e-07, 6.87750256745e-09, 8.69518945734e-09, 1.74648920326e-10, 6.20473727952e-10, 7.66139582331e-11, 7.34005304454e-12, 2.26384368066e-13, 8.99222983943e-14, 1.06455278688e-14, 2.24230161687e-15, 6.9013999905e-16, 3.2425063113e-17, 2.73687843068e-18, 1.89486895129e-18, 1.4530644449e-18, 1.29750248076e-18, 1.27918890879e-18],
        "dvar2": [2.39969932814e-10, 2.09386179506e-08, 3.38820242973e-08, 1.49046275055e-06, 4.98203962707e-06, 7.68339577917e-06, 5.28933887836e-05, 9.40998597798e-06, 7.34009445296e-05, 7.64121750763e-07, 1.424167273e-08, 1.78273147355e-08, 3.01583952256e-10, 1.25915522453e-09, 1.21879367709e-10, 1.56593626954e-11, 5.13237618637e-13, 1.95540632297e-13, 2.01490503427e-14, 5.2475736667e-15, 1.57981194959e-15, 3.19717052716e-17, 8.23448704501e-18, 6.03349012955e-18, 4.6301802883e-18, 4.23117028109e-18, 4.21790271766e-18],
        "max": [0.000154935682076, 0.00433667609468, 0.0039624273777, 0.00972240976989, 0.129441261292, 0.0348617173731, 0.143183201551, 0.0422197803855, 0.20498073101, 0.0370611101389, 0.00273804622702, 0.00541389733553, 0.000643101811875, 0.0008448928711, 0.000639116158709, 0.000109928463644, 1.78429654625e-05, 9.57733846008e-06, 3.5837458654e-06, 2.06771437661e-06, 1.19647745578e-06, 4.43278850071e-07, 3.82291602818e-08, 3.32266090197e-08, 2.1695987229e-08, 1.79780830223e-08, 1.76273449171e-08],
        "mean": [7.52932601245e-06, 0.00011027733126, 0.000185409953701, 0.000789080222603, 0.00217217998579, 0.00228137546219, 0.00512958364561, 0.00238840538077, 0.00267370487563, 0.000438609684352, 6.30694194115e-05, 3.11316580337e-05, 1.22255742099e-05, 1.71901901922e-05, 2.82969631371e-06, 1.27742634959e-06, 3.02551086406e-07, 1.57694387326e-07, 4.96535612626e-08, 1.51963668316e-08, 6.559110588e-09, 4.25326707187e-09, 3.19926729553e-09, 3.59203800038e-09, 4.95038543491e-09, 2.58576782208e-09, 5.02394403856e-10],
        "median": [4.25786402047e-06, 1.60987328854e-05, 5.41372100997e-05, 0.000306092726532, 0.000901000690646, 0.00125687476248, 0.000853816396557, 0.000549074145965, 0.000139650510391, 4.30545078416e-05, 1.53504388436e-05, 6.84648966853e-06, 2.15569139073e-06, 2.5507031296e-06, 3.98867030071e-07, 1.74135010411e-07, 4.45934560389e-08, 2.68658997271e-08, 6.80936285136e-09, 4.31804325629e-09, 3.39684103068e-09, 2.7780955314e-09, 2.77944245397e-09, 3.24426707721e-09, 4.69832794892e-09, 2.38491626448e-09, 1.68112496146e-10],
        "min": [1.82213142926e-23, 3.10853164057e-23, 9.44122110449e-23, 8.83767624768e-23, 6.74028127188e-23, 5.41509844965e-23, 4.21443258816e-23, 4.28201461745e-23, 7.0638720152e-23, 3.25310744085e-23, 5.21331855861e-23, 4.8691224529e-23, 1.63833094042e-22, 1.57891936441e-22, 1.77732318321e-22, 2.67463554972e-22, 2.19884412905e-22, 1.82212783206e-22, 2.24575093444e-22, 2.93988012101e-22, 6.04404172461e-22, 4.63202664752e-22, 7.27365095582e-22, 1.04011267439e-21, 1.26275300127e-21, 1.74219726445e-21, 1.90200124827e-21],
        "var": [1.00556875327e-10, 8.12702154462e-08, 9.48157818925e-08, 1.14892998226e-06, 2.87659386231e-05, 9.32659804675e-06, 0.000166091951542, 2.08943347388e-05, 0.000119281052321, 4.77632102047e-06, 3.05599883177e-08, 1.70578910996e-08, 1.41753064842e-09, 1.93278126837e-09, 3.60683788392e-10, 1.72007772609e-11, 1.28805191339e-12, 2.57916761949e-13, 3.24350464022e-14, 3.93345160046e-15, 9.0251476997e-16, 1.51534816304e-16, 3.14149817001e-18, 2.13633351865e-18, 1.92940725738e-18, 1.26854112975e-18, 9.82508794773e-19]
    },
    "erbbands": {
        "dmean": [0.000597895123065, 0.0121939014643, 0.0657769367099, 0.53479886055, 1.46674358845, 2.21984028816, 4.23251676559, 6.15979576111, 9.49373435974, 31.3191890717, 19.6742191315, 19.9046707153, 20.7271595001, 2.40154695511, 0.621152281761, 0.544212162495, 0.239995881915, 0.31182295084, 0.113172322512, 0.0672702863812, 0.0189195424318, 0.0070163756609, 0.00369895319454, 0.0017877042992, 0.000843271438498, 0.00036610107054, 0.000190727005247, 0.000112955058285, 5.7893950725e-05, 3.93169211748e-05, 3.20361868944e-05, 2.38128341152e-05, 1.75197128556e-05, 1.36708304126e-05, 9.66775132838e-06, 6.28872976449e-06, 1.90747778106e-06, 4.96409654716e-07, 1.99545524993e-06, 4.6867517085e-06],
        "dmean2": [0.00100166746415, 0.0178920030594, 0.100598827004, 0.959249854088, 2.57533788681, 3.34264802933, 5.98087501526, 10.6012325287, 14.9407262802, 46.210647583, 26.5773429871, 27.8135318756, 24.9625034332, 3.14917492867, 0.92438262701, 0.7378667593, 0.315144956112, 0.402888029814, 0.169158518314, 0.0921813473105, 0.0275394823402, 0.0107451444492, 0.00571404304355, 0.00263064610772, 0.00124454661272, 0.000566024973523, 0.000302117958199, 0.000175356486579, 9.04073167476e-05, 6.7135784775e-05, 5.55198312213e-05, 4.13747075072e-05, 3.00355659419e-05, 2.32010170294e-05, 1.63158874784e-05, 1.05016060843e-05, 2.99776752399e-06, 8.05667525583e-07, 2.82259406958e-06, 6.68477287036e-06],
        "dvar": [7.89466753304e-07, 0.000858935061842, 0.0159418731928, 1.0658853054, 6.84475231171, 40.7901420593, 294.590820312, 153.976928711, 418.988708496, 18656.6484375, 2643.32348633, 7583.32128906, 17004.7617188, 114.708587646, 4.91812562943, 9.29684734344, 0.532228827477, 1.45393574238, 0.338216483593, 0.197537899017, 0.004127219785, 0.000556343817152, 0.00032799897599, 3.90767672798e-05, 1.31621754917e-05, 5.07168397235e-06, 1.58227601332e-06, 5.41688052635e-07, 2.77475837862e-08, 3.74609188114e-09, 2.79744050147e-09, 1.47502265957e-09, 4.57479276683e-10, 2.28015051285e-10, 1.13481071762e-10, 5.27988174015e-11, 1.25476322041e-11, 9.59543534039e-13, 2.11907852377e-11, 1.14821679942e-10],
        "dvar2": [2.18298077925e-06, 0.00173322600313, 0.033290270716, 3.66891646385, 21.0255088806, 76.803527832, 379.708648682, 513.807861328, 910.432495117, 36501.9765625, 5045.44824219, 14331.4375, 26364.7832031, 174.334365845, 10.3528461456, 16.7130088806, 0.856197237968, 2.53850150108, 0.884283304214, 0.347171932459, 0.00842297170311, 0.00127902335953, 0.000758798734751, 7.41938056308e-05, 2.35027728195e-05, 1.20866588986e-05, 3.47259083355e-06, 1.22539267977e-06, 3.46239907856e-08, 1.02879287311e-08, 8.18391221458e-09, 4.44025483048e-09, 1.35288880099e-09, 6.39755970422e-10, 2.95368146608e-10, 1.3027406931e-10, 2.53847186327e-11, 2.185688696e-12, 3.7415587989e-11, 2.04291972228e-10],
        "max": [0.028739662841, 1.28393781185, 4.99392127991, 17.6743297577, 56.1489715576, 333.902709961, 1106.40625, 270.877593994, 472.062988281, 3891.73901367, 1647.31774902, 2519.26586914, 4282.98632812, 551.4609375, 92.8148956299, 146.773742676, 34.4939422607, 44.9837913513, 21.8058013916, 27.2268218994, 1.62393069267, 0.651386737823, 0.564476728439, 0.256915777922, 0.143554225564, 0.0972012355924, 0.0507245473564, 0.0326185636222, 0.0119778569788, 0.00155201635789, 0.00158600730356, 0.00128048029728, 0.00044458071352, 0.000343655439792, 0.000234875988099, 0.000167480058735, 8.19519409561e-05, 2.25749154197e-05, 0.000110467342893, 0.00025239988463],
        "mean": [0.00109543802682, 0.0330193899572, 0.196854233742, 1.39970839024, 3.61406517029, 6.97603750229, 15.5191402435, 19.7683582306, 35.8927459717, 108.864074707, 51.8793869019, 46.8875160217, 45.6570701599, 8.30110168457, 1.52638339996, 1.34125983715, 0.783079683781, 0.811394572258, 0.29993507266, 0.170520320535, 0.0485946908593, 0.0164435598999, 0.00883198622614, 0.00432932237163, 0.00208231108263, 0.000763728283346, 0.000370268302504, 0.000233298473177, 0.000153417233378, 0.000115357812319, 9.96460657916e-05, 8.33641679492e-05, 7.11527682142e-05, 6.15754761384e-05, 4.66324527224e-05, 2.85141632048e-05, 6.92485491527e-06, 1.25335759549e-06, 7.82297047408e-06, 1.83163538168e-05],
        "median": [0.000517365639098, 0.0054450975731, 0.0772450640798, 0.689923644066, 1.90557312965, 3.00383377075, 4.95674705505, 10.8540382385, 13.2326183319, 12.3101005554, 15.1361160278, 4.7449669838, 3.22833991051, 1.52482151985, 0.53283572197, 0.331330776215, 0.171574920416, 0.131019309163, 0.068519949913, 0.0242821220309, 0.0106675736606, 0.00393048068509, 0.00184394535609, 0.000940551166423, 0.000382035213988, 0.00022977028857, 0.00015973355039, 0.000129315420054, 0.000106179941213, 9.48601591517e-05, 8.58854618855e-05, 7.37395239412e-05, 6.33204326732e-05, 5.60403350391e-05, 4.24437021138e-05, 2.54180195043e-05, 4.59428156319e-06, 7.03684861492e-07, 4.6280110837e-06, 1.08207877929e-05],
        "min": [9.11660976449e-22, 8.11450206086e-21, 6.66257277272e-20, 2.8284127897e-19, 1.24065963719e-19, 2.18331866991e-19, 6.11749176832e-19, 3.66624800553e-19, 3.44841231766e-19, 1.11304027358e-18, 1.23004414404e-18, 1.18310826173e-18, 7.93179767064e-19, 1.69203289136e-18, 2.27451941665e-18, 2.47815784177e-18, 5.82946603146e-18, 7.36546267399e-18, 9.49790616902e-18, 1.16099282291e-17, 1.65114514688e-17, 1.1385221307e-17, 1.06124551166e-17, 7.87559984701e-18, 1.35813428199e-17, 1.32992626505e-17, 2.02779174721e-17, 2.60252957539e-17, 2.08153714576e-17, 1.35302718617e-17, 2.20594990754e-17, 2.25530678207e-17, 1.80746970951e-17, 1.41051235099e-17, 8.60082796752e-18, 6.85011384953e-18, 3.51806573323e-18, 8.17221151183e-19, 2.61314834107e-19, 3.10466959467e-20],
        "var": [3.25965834236e-06, 0.00707423500717, 0.113560341299, 3.08708190918, 27.8726024628, 217.036056519, 2132.04174805, 651.198242188, 3350.55419922, 110220.710938, 10802.4140625, 23464.5292969, 50849.078125, 1114.33776855, 11.4953794479, 24.0258674622, 5.09808492661, 5.05255365372, 0.777608394623, 0.802857398987, 0.0142334643751, 0.00200971751474, 0.000869679031894, 0.000132348272018, 5.76700294914e-05, 1.02963522295e-05, 2.43200429395e-06, 7.694195574e-07, 1.16858366539e-07, 6.88127732573e-09, 3.46364492643e-09, 1.83823556377e-09, 8.95396257139e-10, 5.65712365841e-10, 3.22344012593e-10, 1.61372706864e-10, 5.13944962977e-11, 3.04127101107e-12, 1.02937304514e-10, 5.60577029241e-10]
    },
    "gfcc": {
        "mean": [-271.754089355, 239.297561646, -61.1034889221, -67.377746582, -65.5321350098, -22.0886611938, -37.9706001282, -12.3363170624, -9.58153057098, -11.2663650513, -7.81011915207, -17.9213657379, -2.87439131737],
        "cov": [[3806.25756836, 1196.34362793, -975.114685059, -1160.43762207, 387.26776123, -492.304138184, 35.3877182007, -148.068145752, 221.230163574, -239.014099121, -19.6202411652, -250.715698242, -69.8415374756], [1196.34362793, 728.951293945, 23.5608978271, -348.626800537, 87.9716949463, -125.412628174, -14.3936424255, -139.852157593, 28.7835025787, -130.864883423, 0.659368753433, -90.1242904663, -24.3582191467], [-975.114685059, 23.5608978271, 880.198425293, 446.014709473, -170.970230103, 150.333770752, -21.8495941162, -70.2239532471, -105.406730652, 14.9899177551, 5.57386112213, 67.8230819702, -26.3113613129], [-1160.43762207, -348.626800537, 446.014709473, 638.208190918, -12.0790786743, 199.891281128, -4.97355747223, 58.5104141235, -117.125396729, 60.0940246582, -8.84894561768, 69.9969863892, -22.0856399536], [387.26776123, 87.9716949463, -170.970230103, -12.0790786743, 214.368423462, 0.777198910713, -17.5535392761, 7.92443037033, 40.197845459, -9.44550609589, -1.01302063465, -28.2393112183, -30.9146442413], [-492.304138184, -125.412628174, 150.333770752, 199.891281128, 0.777198910713, 174.553665161, 44.6530647278, 25.1615104675, -44.898765564, 29.0825977325, -15.7691926956, 32.5124359131, 15.9456825256], [35.3877182007, -14.3936424255, -21.8495941162, -4.97355747223, -17.5535392761, 44.6530647278, 145.321990967, 75.6987686157, -14.9435024261, -14.7020425797, -23.354631424, -29.4779338837, -6.44254589081], [-148.068145752, -139.852157593, -70.2239532471, 58.5104141235, 7.92443037033, 25.1615104675, 75.6987686157, 135.188186646, 41.4102325439, 24.1296920776, -11.6688308716, -13.9034042358, -27.332857132], [221.230163574, 28.7835025787, -105.406730652, -117.125396729, 40.197845459, -44.898765564, -14.9435024261, 41.4102325439, 130.939590454, 50.111240387, 10.3336315155, -21.8982086182, -19.9389209747], [-239.014099121, -130.864883423, 14.9899177551, 60.0940246582, -9.44550609589, 29.0825977325, -14.7020425797, 24.1296920776, 50.111240387, 103.747688293, 40.6050758362, 12.0334997177, -12.311753273], [-19.6202411652, 0.659368753433, 5.57386112213, -8.84894561768, -1.01302063465, -15.7691926956, -23.354631424, -11.6688308716, 10.3336315155, 40.6050758362, 65.3656234741, 27.627204895, -9.3330411911], [-250.715698242, -90.1242904663, 67.8230819702, 69.9969863892, -28.2393112183, 32.5124359131, -29.4779338837, -13.9034042358, -21.8982086182, 12.0334997177, 27.627204895, 98.8008422852, 62.6296615601], [-69.8415374756, -24.3582191467, -26.3113613129, -22.0856399536, -30.9146442413, 15.9456825256, -6.44254589081, -27.332857132, -19.9389209747, -12.311753273, -9.3330411911, 62.6296615601, 117.788719177]],
        "icov": [[0.00291267130524, -0.00373471993953, 0.00227011973038, 0.00044984035776, -0.00241061579436, 0.0047312118113, -0.00440260022879, 0.00319809326902, -0.000826902745757, -0.0020017051138, 0.00435689231381, -0.00399445043877, 0.0028942048084], [-0.00373471993953, 0.0123429279774, -0.00645667267963, 0.00212346436456, -0.000743240234442, -0.00692528113723, 0.00382231012918, 0.000888255075552, -0.00488234870136, 0.0150418588892, -0.0165428854525, 0.0148203959689, -0.00799368787557], [0.00227011973038, -0.00645667267963, 0.00854992773384, -0.00682141724974, 0.00541951274499, 0.00191040046047, -0.00602144841105, 0.00895157642663, -0.00684079295024, 0.00014239353186, 0.00447332020849, -0.00802309066057, 0.00703061418608], [0.00044984035776, 0.00212346436456, -0.00682141724974, 0.0132162570953, -0.00902907736599, 0.000390673521906, 0.00605590036139, -0.0121154673398, 0.0157324932516, -0.0104071879759, 0.00671692471951, -0.000925670668948, -0.000642872473691], [-0.00241061579436, -0.000743240234442, 0.00541951274499, -0.00902907736599, 0.0160998422652, -0.00833282619715, 0.00251447525807, 0.00415965588763, -0.010606803, 0.00900419894606, -0.00686325598508, 0.00171225634404, 0.00208238372579], [0.0047312118113, -0.00692528113723, 0.00191040046047, 0.000390673521906, -0.00833282619715, 0.0228406284004, -0.0124144749716, 0.0043225013651, 0.00625564204529, -0.0164873860776, 0.0191250238568, -0.0142274852842, 0.00533404387534], [-0.00440260022879, 0.00382231012918, -0.00602144841105, 0.00605590036139, 0.00251447525807, -0.0124144749716, 0.0272301416844, -0.0247657950968, 0.015095802024, -0.00242533860728, -0.0047472268343, 0.0118419360369, -0.00831734668463], [0.00319809326902, 0.000888255075552, 0.00895157642663, -0.0121154673398, 0.00415965588763, 0.0043225013651, -0.0247657950968, 0.0415403433144, -0.0310245323926, 0.0189535170794, -0.00595450308174, -0.00343767669983, 0.008684694767], [-0.000826902745757, -0.00488234870136, -0.00684079295024, 0.0157324932516, -0.010606803, 0.00625564204529, 0.015095802024, -0.0310245323926, 0.0479218699038, -0.041781399399, 0.0268074478954, -0.0106628909707, 0.00145617278758], [-0.0020017051138, 0.0150418588892, 0.00014239353186, -0.0104071879759, 0.00900419894606, -0.0164873860776, -0.00242533860728, 0.0189535170794, -0.041781399399, 0.0666447356343, -0.0529856979847, 0.0307831093669, -0.011807882227], [0.00435689231381, -0.0165428854525, 0.00447332020849, 0.00671692471951, -0.00686325598508, 0.0191250238568, -0.0047472268343, -0.00595450308174, 0.0268074478954, -0.0529856979847, 0.0698794126511, -0.0444544516504, 0.0235627684742], [-0.00399445043877, 0.0148203959689, -0.00802309066057, -0.000925670668948, 0.00171225634404, -0.0142274852842, 0.0118419360369, -0.00343767669983, -0.0106628909707, 0.0307831093669, -0.0444544516504, 0.0526999086142, -0.0291749183089], [0.0028942048084, -0.00799368787557, 0.00703061418608, -0.000642872473691, 0.00208238372579, 0.00533404387534, -0.00831734668463, 0.008684694767, 0.00145617278758, -0.011807882227, 0.0235627684742, -0.0291749183089, 0.0277794916183]]
    },
    "melbands": {
        "dmean": [8.51962431625e-06, 2.68236362899e-05, 0.000126868733787, 0.000117594019684, 0.000140309086419, 0.000143145342008, 0.000181802519364, 0.000309900176944, 0.000155922301929, 0.000145919329952, 0.000105285718746, 9.48927481659e-06, 2.78195579995e-06, 1.41611303661e-06, 1.01215209725e-06, 5.06689104895e-07, 5.63460673675e-07, 2.1097449121e-07, 1.10476946702e-07, 4.87737281674e-08, 2.09579607002e-08, 7.36229255338e-09, 4.31337188189e-09, 3.11882164539e-09, 1.37332711869e-09, 9.81347447748e-10, 3.11410786047e-10, 2.59538335268e-10, 1.20619764177e-10, 1.26195498495e-10, 5.21036512546e-11, 3.93486458694e-11, 2.52669499906e-11, 2.2300501723e-11, 2.01836412167e-11, 1.71711690006e-11, 1.49123161736e-11, 1.32803603184e-11, 1.25816813565e-11, 1.22693209759e-11],
        "dmean2": [1.32598679556e-05, 3.98098600272e-05, 0.000230245801504, 0.000191162413103, 0.000197153436602, 0.000246690877248, 0.000281296874164, 0.000454761640867, 0.000213579536648, 0.000196133551071, 0.000127159146359, 1.28744886752e-05, 4.28284693044e-06, 1.98874840862e-06, 1.31578985929e-06, 6.43334317374e-07, 7.41085443678e-07, 3.24791443518e-07, 1.51727178377e-07, 6.82149732256e-08, 3.11401038289e-08, 1.14005738183e-08, 6.99212865385e-09, 4.44300463087e-09, 2.05770644968e-09, 1.45196188406e-09, 4.78092787581e-10, 4.10421696628e-10, 1.94581753488e-10, 1.96774874173e-10, 8.02090754926e-11, 5.94861729319e-11, 4.37225984584e-11, 3.84984856494e-11, 3.53376182483e-11, 3.02787447892e-11, 2.6495890551e-11, 2.32141979251e-11, 2.20827158642e-11, 2.14890535921e-11],
        "dvar": [2.96426772017e-10, 3.02294123067e-09, 5.59253443555e-08, 6.20138536078e-08, 3.33617379056e-07, 8.46492369533e-08, 2.26490442401e-07, 1.58674151862e-06, 2.51669234785e-07, 5.48546722712e-07, 4.40765433041e-07, 3.07064396132e-09, 8.09139977243e-11, 1.72845959767e-10, 1.45792197759e-11, 2.54318224466e-12, 4.63341648035e-12, 1.63247930798e-12, 9.58044516115e-13, 9.3465701487e-14, 5.74364062984e-15, 6.88996451631e-16, 9.81810182843e-16, 1.47506512895e-16, 2.51581970593e-17, 2.48524049305e-17, 1.36049704069e-18, 3.74813650803e-18, 1.03002215256e-18, 1.9535553478e-18, 5.39020581631e-20, 2.10999104731e-20, 2.01420316887e-21, 9.29002385821e-22, 9.78307580793e-22, 7.04877081933e-22, 4.76120596552e-22, 2.31105851997e-22, 1.72687117381e-22, 1.45455878747e-22],
        "dvar2": [6.9823097304e-10, 5.86175463724e-09, 1.97169327976e-07, 1.56168056265e-07, 3.90809191231e-07, 2.82495392412e-07, 4.58596730368e-07, 3.12745419251e-06, 4.75137539979e-07, 9.68182803263e-07, 6.91064428793e-07, 4.68799932207e-09, 1.71809885763e-10, 3.69811625767e-10, 1.998299963e-11, 4.00183748986e-12, 8.51655551637e-12, 4.41081763128e-12, 1.51160106567e-12, 1.95019524076e-13, 1.16552614456e-14, 1.54078098902e-15, 2.49677932511e-15, 2.27849242303e-16, 5.26368177166e-17, 4.53864340638e-17, 2.97859797646e-18, 8.82143786407e-18, 2.16555098545e-18, 4.45582591802e-18, 1.07716040978e-19, 2.11063485878e-20, 5.74127120414e-21, 2.63647442237e-21, 2.8658290284e-21, 2.17702931037e-21, 1.4751489911e-21, 7.30187778741e-22, 5.49487689963e-22, 4.5345153617e-22],
        "max": [0.000702178687789, 0.00240489351563, 0.00418325234205, 0.00618031760678, 0.0387945026159, 0.00570846255869, 0.0112715112045, 0.0361740961671, 0.0185067169368, 0.0239597260952, 0.0218204148114, 0.003097088309, 0.000236339270486, 0.000807951961178, 0.0002153586247, 5.04510317114e-05, 7.77794411988e-05, 4.9790549383e-05, 7.22591721569e-05, 1.26854356495e-05, 2.29285137721e-06, 8.72661587437e-07, 1.37653591992e-06, 6.53559368402e-07, 1.61961594358e-07, 1.80009422479e-07, 3.55404843333e-08, 8.52682902064e-08, 5.73388874159e-08, 6.48804245884e-08, 1.12296794086e-08, 1.13854152772e-08, 1.71388547798e-09, 5.41882316796e-10, 8.33964619584e-10, 8.16152700978e-10, 6.88950230199e-10, 2.83709528093e-10, 2.06019062921e-10, 2.1315120502e-10],
        "mean": [1.97473946173e-05, 8.03029324743e-05, 0.00032246884075, 0.000336798431817, 0.000526247487869, 0.000455655303085, 0.000681644945871, 0.00105150800664, 0.000380958634196, 0.000322171108564, 0.000229176803259, 3.59656296496e-05, 6.34225125395e-06, 2.89251624963e-06, 3.16653768095e-06, 1.41494012951e-06, 1.40300585372e-06, 5.22177629136e-07, 2.86900387891e-07, 1.07893058043e-07, 5.16078415558e-08, 1.6426504601e-08, 8.11728551042e-09, 7.8478405996e-09, 3.05600589279e-09, 2.09492023728e-09, 7.01327440567e-10, 4.65628674506e-10, 2.15017864624e-10, 2.02042341191e-10, 1.11951184434e-10, 9.16482376101e-11, 6.23197188299e-11, 5.75130325309e-11, 5.28117410914e-11, 4.80090342481e-11, 4.40563661941e-11, 4.20629295284e-11, 4.27746067733e-11, 4.38125299929e-11],
        "median": [5.05689058627e-06, 1.87496661965e-05, 0.000168322992977, 0.00018119935703, 0.000181372422958, 0.000250592827797, 0.000213948165765, 0.00015161500778, 8.22476868052e-05, 1.83843094419e-05, 1.25906517496e-05, 5.17822081747e-06, 1.74368153694e-06, 7.12910377842e-07, 4.81028905597e-07, 2.06535673897e-07, 1.76141554675e-07, 6.50634461863e-08, 3.09794998543e-08, 1.17956329149e-08, 8.64595861572e-09, 2.55011523009e-09, 1.01795416541e-09, 1.2634799873e-09, 5.87160764454e-10, 2.38998931756e-10, 1.76000630736e-10, 1.1967579705e-10, 9.04032057547e-11, 8.23200813072e-11, 6.59675231107e-11, 5.62704743912e-11, 5.16267792405e-11, 4.80580159001e-11, 4.56596323251e-11, 4.28332334879e-11, 3.95786979579e-11, 3.81673026517e-11, 3.99364569192e-11, 4.12386652604e-11],
        "min": [9.45333832354e-24, 2.82985895274e-23, 4.30427248567e-23, 8.68455866153e-24, 2.12862992335e-23, 8.337381766e-24, 6.47678745115e-24, 1.20080406993e-23, 1.26670905982e-23, 6.6595511401e-24, 3.92889886149e-24, 6.71794972405e-24, 8.02623767004e-24, 5.56294336841e-24, 1.26585440792e-23, 1.30825347276e-23, 1.31311916683e-23, 1.49774614524e-23, 1.59238626135e-23, 1.35941086581e-23, 2.16309730734e-23, 1.14618957285e-23, 1.05790207472e-23, 7.95404664202e-24, 5.59273943366e-24, 1.0567049783e-23, 8.13386827423e-24, 9.1971431228e-24, 1.32595133051e-23, 1.12474502023e-23, 1.69081953625e-23, 1.30558538741e-23, 6.26685499819e-24, 7.76980817761e-24, 1.14365338504e-23, 1.36088288026e-23, 1.44999718351e-23, 1.2058999536e-23, 1.43216056512e-23, 1.03469000035e-23],
        "var": [2.02865835242e-09, 2.54445460257e-08, 1.63333879755e-07, 2.69578720236e-07, 2.51737810686e-06, 3.49555847379e-07, 1.57333795414e-06, 9.40446716413e-06, 8.79731828718e-07, 1.55848204031e-06, 1.31707895434e-06, 3.35143290897e-08, 2.42737330236e-10, 2.55331839005e-10, 1.51358481304e-10, 1.18071654884e-11, 1.5392730493e-11, 3.43490362022e-12, 4.58784833041e-12, 2.12154390735e-13, 2.1317984609e-14, 3.25977580432e-15, 1.78312653847e-15, 6.71313738885e-16, 7.00737056199e-17, 7.69523013659e-17, 4.53509298176e-18, 7.35561343444e-18, 1.57504535771e-18, 2.51841237949e-18, 1.22741518311e-19, 9.47506957346e-20, 2.57334111419e-21, 1.43752782326e-21, 1.05681198885e-21, 6.61824815015e-22, 4.78128569411e-22, 2.93059579614e-22, 2.25331238709e-22, 2.03666253109e-22]
    },
    "mfcc": {
        "mean": [-897.095275879, 242.214141846, 65.1371612549, -22.7274856567, -24.1100769043, -16.9302520752, -18.9761924744, -16.1950912476, -8.83061885834, -3.1240773201, -2.65532112122, -5.54387760162, -5.61672973633],
        "cov": [[2080.5949707, 1463.25170898, -585.885498047, -683.159729004, -75.5367965698, -100.37159729, -226.800811768, -114.518302917, -0.896408617496, 65.5139083862, 50.6951446533, -64.6643676758, -121.1068573], [1463.25170898, 1192.99450684, -147.209228516, -422.644470215, -110.763114929, -59.1947364807, -137.825897217, -98.6769714355, -29.6755752563, 2.64096736908, -6.83445072174, -48.5318984985, -63.1268463135], [-585.885498047, -147.209228516, 633.083679199, 364.908630371, -36.1284408569, 44.2411651611, 115.805557251, 20.6474246979, -52.4324150085, -97.1301651001, -83.2235870361, 15.670249939, 77.051071167], [-683.159729004, -422.644470215, 364.908630371, 424.177978516, 127.572868347, 59.1708106995, 103.985832214, 59.5204048157, -20.0510540009, -61.543132782, -36.7381820679, 34.9468917847, 76.0281524658], [-75.5367965698, -110.763114929, -36.1284408569, 127.572868347, 183.664825439, 85.400718689, 8.67993927002, 11.8611116409, 8.76206684113, -10.1627731323, -0.424323767424, 24.5419616699, 32.0342750549], [-100.37159729, -59.1947364807, 44.2411651611, 59.1708106995, 85.400718689, 113.59538269, 67.7544784546, 12.9255971909, 0.886959195137, -7.50921487808, -12.3516044617, 2.8064084053, 10.3590040207], [-226.800811768, -137.825897217, 115.805557251, 103.985832214, 8.67993927002, 67.7544784546, 139.640029907, 82.1236114502, 6.24381065369, -4.45573568344, -1.22490215302, -11.1447629929, -13.8083438873], [-114.518302917, -98.6769714355, 20.6474246979, 59.5204048157, 11.8611116409, 12.9255971909, 82.1236114502, 102.834640503, 53.8150215149, 14.8680448532, 6.87665271759, -5.28797483444, -21.7562007904], [-0.896408617496, -29.6755752563, -52.4324150085, -20.0510540009, 8.76206684113, 0.886959195137, 6.24381065369, 53.8150215149, 87.5143432617, 61.3338432312, 19.700750351, 0.968099534512, -17.2761116028], [65.5139083862, 2.64096736908, -97.1301651001, -61.543132782, -10.1627731323, -7.50921487808, -4.45573568344, 14.8680448532, 61.3338432312, 109.997291565, 88.9181518555, 15.1547927856, -28.272649765], [50.6951446533, -6.83445072174, -83.2235870361, -36.7381820679, -0.424323767424, -12.3516044617, -1.22490215302, 6.87665271759, 19.700750351, 88.9181518555, 126.151062012, 58.6566085815, -11.4873590469], [-64.6643676758, -48.5318984985, 15.670249939, 34.9468917847, 24.5419616699, 2.8064084053, -11.1447629929, -5.28797483444, 0.968099534512, 15.1547927856, 58.6566085815, 89.6811676025, 62.3995399475], [-121.1068573, -63.1268463135, 77.051071167, 76.0281524658, 32.0342750549, 10.3590040207, -13.8083438873, -21.7562007904, -17.2761116028, -28.272649765, -11.4873590469, 62.3995399475, 108.801895142]],
