{
"lowlevel": {
    "average_loudness": 0.0106338793412,
    "barkbands_crest": {
        "dmean": 2.87753486633,
        "dmean2": 4.64217233658,
        "dvar": 6.32981300354,
        "dvar2": 15.493888855,
        "max": 26.9320430756,
        "mean": 10.2879533768,
        "median": 9.22361564636,
        "min": 2.84537696838,
        "var": 20.0901565552
    },
    "barkbands_flatness_db": {
        "dmean": 0.0273028947413,
        "dmean2": 0.0394929610193,
        "dvar": 0.000681522651576,
        "dvar2": 0.00149345700629,
        "max": 0.708788692951,
        "mean": 0.174921989441,
        "median": 0.165932700038,
        "min": 0.0407814793289,
        "var": 0.00469416286796
    },
    "barkbands_kurtosis": {
        "dmean": 36.5700645447,
        "dmean2": 68.0766143799,
        "dvar": 327915.0625,
        "dvar2": 1050914.25,
        "max": 30107.3457031,
        "mean": 31.7255306244,
        "median": 0.85805606842,
        "min": -1.81232059002,
        "var": 211325.109375
    },
    "barkbands_skewness": {
        "dmean": 0.811160027981,
        "dmean2": 1.34004747868,
        "dvar": 12.6705951691,
        "dvar2": 41.3694343567,
        "max": 149.980957031,
        "mean": 1.22571265697,
        "median": 0.795870244503,
        "min": -3.65304207802,
        "var": 17.274269104
    },
    "barkbands_spread": {
        "dmean": 5.36626672745,
        "dmean2": 8.34474945068,
        "dvar": 31.7246341705,
        "dvar2": 75.5055999756,
        "max": 107.55934906,
        "mean": 17.515417099,
        "median": 15.6431903839,
        "min": 0.0134450811893,
        "var": 109.874351501
    },
    "dissonance": {
        "dmean": 0.0255949869752,
        "dmean2": 0.0421527326107,
        "dvar": 0.000529641285539,
        "dvar2": 0.00137731793802,
        "max": 0.499999821186,
        "mean": 0.448938190937,
        "median": 0.456116378307,
        "min": 0.233464419842,
        "var": 0.0012209508568
    },
    "dynamic_complexity": 5.23401594162,
    "erbbands_crest": {
        "dmean": 3.59852051735,
        "dmean2": 5.74770021439,
        "dvar": 10.2420597076,
        "dvar2": 24.3038158417,
        "max": 33.2583389282,
        "mean": 12.0882349014,
        "median": 10.9858283997,
        "min": 2.0431470871,
        "var": 27.9761447906
    },
    "erbbands_flatness_db": {
        "dmean": 0.0232730787247,
        "dmean2": 0.0337198786438,
        "dvar": 0.000416500319261,
        "dvar2": 0.000852755329106,
        "max": 0.419243901968,
        "mean": 0.224636673927,
        "median": 0.224763900042,
        "min": 0.0234324429184,
        "var": 0.0024399086833
    },
    "erbbands_kurtosis": {
        "dmean": 1.23094594479,
        "dmean2": 1.9544813633,
        "dvar": 2.85334467888,
        "dvar2": 6.58492565155,
        "max": 32.1146812439,
        "mean": 0.632817685604,
        "median": -0.0424535274506,
        "min": -1.88489663601,
        "var": 5.38457775116
    },
    "erbbands_skewness": {
        "dmean": 0.457324057817,
        "dmean2": 0.693318486214,
        "dvar": 0.160615280271,
        "dvar2": 0.361415535212,
        "max": 4.67877721786,
        "mean": 0.397254616022,
        "median": 0.364476978779,
        "min": -3.83419537544,
        "var": 0.723883926868
    },
    "erbbands_spread": {
        "dmean": 6.53011894226,
        "dmean2": 10.0710229874,
        "dvar": 41.0610809326,
        "dvar2": 100.446784973,
        "max": 160.111022949,
        "mean": 25.9168167114,
        "median": 24.0586166382,
        "min": 2.23872375488,
        "var": 186.929275513
    },
    "hfc": {
        "dmean": 5.09642410278,
        "dmean2": 7.13143253326,
        "dvar": 82.9551315308,
        "dvar2": 179.637832642,
        "max": 301.887084961,
        "mean": 12.5674619675,
        "median": 6.11410284042,
        "min": 1.09677399431e-16,
        "var": 305.812316895
    },
    "melbands_crest": {
        "dmean": 3.56899261475,
        "dmean2": 5.71279382706,
        "dvar": 9.96864509583,
        "dvar2": 23.8440208435,
        "max": 39.937915802,
        "mean": 13.921877861,
        "median": 12.4771080017,
        "min": 1.59687459469,
        "var": 39.688835144
    },
    "melbands_flatness_db": {
        "dmean": 0.0306844320148,
        "dmean2": 0.0431473627687,
        "dvar": 0.000851249147672,
        "dvar2": 0.00160233140923,
        "max": 0.737179458141,
        "mean": 0.235139608383,
        "median": 0.222805708647,
        "min": 0.00234165135771,
        "var": 0.00668447511271
    },
    "melbands_kurtosis": {
        "dmean": 104.91696167,
        "dmean2": 188.337310791,
        "dvar": 1589455.5,
        "dvar2": 4763234.5,
        "max": 45483.9882812,
        "mean": 125.924446106,
        "median": 3.23046731949,
        "min": -1.78229618073,
        "var": 1981495.625
    },
    "melbands_skewness": {
        "dmean": 1.007558465,
        "dmean2": 1.65112793446,
        "dvar": 21.9337921143,
        "dvar2": 64.6392211914,
        "max": 164.300323486,
        "mean": 2.41231226921,
        "median": 1.46988451481,
        "min": -2.57881450653,
        "var": 67.9244689941
    },
    "melbands_spread": {
        "dmean": 7.2186050415,
        "dmean2": 10.8971595764,
        "dvar": 70.112197876,
        "dvar2": 153.030853271,
        "max": 154.069107056,
        "mean": 23.4754257202,
        "median": 19.4189128876,
        "min": 0.00935732573271,
        "var": 290.372344971
    },
    "pitch_salience": {
        "dmean": 0.0741913095117,
        "dmean2": 0.118925631046,
        "dvar": 0.00371042522602,
        "dvar2": 0.00927806366235,
        "max": 0.911533176899,
        "mean": 0.523813307285,
        "median": 0.530698478222,
        "min": 0.00845605880022,
        "var": 0.0154417520389
    },
    "silence_rate_20dB": {
        "dmean": 0.000336134457029,
        "dmean2": 0.000672325433698,
        "dvar": 0.000336018681992,
        "dvar2": 0.000671874033287,
        "max": 1,
        "mean": 0.999495863914,
        "median": 1,
        "min": 0,
        "var": 0.000503910763655
    },
    "silence_rate_30dB": {
        "dmean": 0.00504201697186,
        "dmean2": 0.0100848814473,
        "dvar": 0.00501607637852,
        "dvar2": 0.0125056505203,
        "max": 1,
        "mean": 0.991177201271,
        "median": 1,
        "min": 0,
        "var": 0.00874347891659
    },
    "silence_rate_60dB": {
        "dmean": 0.082521006465,
        "dmean2": 0.165055885911,
        "dvar": 0.0757255107164,
        "dvar2": 0.160154953599,
        "max": 1,
        "mean": 0.241240233183,
        "median": 0,
        "min": 0,
        "var": 0.183050394058
    },
    "spectral_centroid": {
        "dmean": 274.465118408,
        "dmean2": 401.66696167,
        "dvar": 87652.6171875,
        "dvar2": 171762.796875,
        "max": 11478.0712891,
        "mean": 1328.30456543,
        "median": 1181.63317871,
        "min": 136.096084595,
        "var": 612695.6875
    },
    "spectral_complexity": {
        "dmean": 2.27731084824,
        "dmean2": 3.47541809082,
        "dvar": 5.13841962814,
        "dvar2": 11.017870903,
        "max": 44,
        "mean": 11.7745571136,
        "median": 10,
        "min": 0,
        "var": 50.2337036133
    },
    "spectral_decrease": {
        "dmean": 1.34419497755e-09,
        "dmean2": 1.90947346823e-09,
        "dvar": 1.04173678779e-17,
        "dvar2": 1.88709031025e-17,
        "max": 1.17997659166e-28,
        "mean": -3.81665010707e-09,
        "median": -1.88958715341e-09,
        "min": -2.07704474064e-07,
        "var": 4.32000401949e-17
    },
    "spectral_energy": {
        "dmean": 0.0054723196663,
        "dmean2": 0.00776037015021,
        "dvar": 0.000160991403391,
        "dvar2": 0.000293061399134,
        "max": 0.802489578724,
        "mean": 0.0155448317528,
        "median": 0.00770865194499,
        "min": 1.03105534961e-20,
        "var": 0.000675588555168
    },
    "spectral_energyband_high": {
        "dmean": 0.000143239813042,
        "dmean2": 0.000216598200495,
        "dvar": 2.00504047143e-07,
        "dvar2": 5.04480908603e-07,
        "max": 0.0158038958907,
        "mean": 0.000221504567889,
        "median": 4.75452907267e-05,
        "min": 7.24984386577e-21,
        "var": 3.33740786118e-07
    },
    "spectral_energyband_low": {
        "dmean": 0.00129638973158,
        "dmean2": 0.00198241579346,
        "dvar": 2.01240927709e-05,
        "dvar2": 4.86750541313e-05,
        "max": 0.203618973494,
        "mean": 0.00229323701933,
        "median": 0.000584915396757,
        "min": 3.21599626842e-23,
        "var": 3.99753189413e-05
    },
    "spectral_energyband_middle_high": {
        "dmean": 0.0022961536888,
        "dmean2": 0.00332601717673,
        "dvar": 2.14243664232e-05,
        "dvar2": 4.69832739327e-05,
        "max": 0.127703770995,
        "mean": 0.00492485612631,
        "median": 0.0018428581534,
        "min": 1.33103912363e-21,
        "var": 6.72769965604e-05
    },
    "spectral_energyband_middle_low": {
        "dmean": 0.00360477971844,
        "dmean2": 0.00521918619052,
        "dvar": 0.000127473802422,
        "dvar2": 0.00023232451349,
        "max": 0.77914172411,
        "mean": 0.00871504377574,
        "median": 0.00364701938815,
        "min": 1.8584588526e-22,
        "var": 0.00043887164793
    },
    "spectral_entropy": {
        "dmean": 0.24016238749,
        "dmean2": 0.343865275383,
        "dvar": 0.0500658191741,
        "dvar2": 0.100436247885,
        "max": 9.82176303864,
        "mean": 6.96466636658,
        "median": 6.96756362915,
        "min": 5.07312011719,
        "var": 0.194840684533
    },
    "spectral_flux": {
        "dmean": 0.015189582482,
        "dmean2": 0.0246053244919,
        "dvar": 0.000279976171441,
        "dvar2": 0.000699606607668,
        "max": 0.484288603067,
        "mean": 0.057492017746,
        "median": 0.0480283610523,
        "min": 6.60724669421e-11,
        "var": 0.00141931511462
    },
    "spectral_kurtosis": {
        "dmean": 4.08731269836,
        "dmean2": 6.92640924454,
        "dvar": 23.3243312836,
        "dvar2": 60.5146179199,
        "max": 71.7096633911,
        "mean": 9.22432422638,
        "median": 6.73372554779,
        "min": -1.21538841724,
        "var": 55.9233398438
    },
    "spectral_rms": {
        "dmean": 0.000605994777288,
        "dmean2": 0.000832343939692,
        "dvar": 4.46496073891e-07,
        "dvar2": 8.61896751303e-07,
        "max": 0.0279806479812,
        "mean": 0.00327151082456,
        "median": 0.00274237780832,
        "min": 3.17160468895e-12,
        "var": 4.46290277978e-06
    },
    "spectral_rolloff": {
        "dmean": 408.408416748,
        "dmean2": 688.670166016,
        "dvar": 354562.375,
        "dvar2": 799067.3125,
        "max": 19509.0820312,
        "mean": 1464.72937012,
        "median": 1291.9921875,
        "min": 21.533203125,
        "var": 1384375.5
    },
    "spectral_skewness": {
        "dmean": 0.393142729998,
        "dmean2": 0.641418039799,
        "dvar": 0.154302343726,
        "dvar2": 0.372433066368,
        "max": 6.54514741898,
        "mean": 1.92428505421,
        "median": 1.71984219551,
        "min": -0.0526418313384,
        "var": 0.572247922421
    },
    "spectral_spread": {
        "dmean": 349665.09375,
        "dmean2": 526023.375,
        "dvar": 170894508032,
        "dvar2": 292008689664,
        "max": 41596912,
        "mean": 3003673,
        "median": 2845220,
        "min": 979169.375,
        "var": 3.02086278349e+12
    },
    "spectral_strongpeak": {
        "dmean": 0.810356378555,
        "dmean2": 1.31538641453,
        "dvar": 1.71323347092,
        "dvar2": 4.23664236069,
        "max": 26.9272212982,
        "mean": 1.33506000042,
        "median": 0.751499891281,
        "min": 0,
        "var": 3.08402395248
    },
    "zerocrossingrate": {
        "dmean": 0.00832289736718,
        "dmean2": 0.00975191872567,
        "dvar": 7.21977266949e-05,
        "dvar2": 9.18720616028e-05,
        "max": 0.5185546875,
        "mean": 0.0524424575269,
        "median": 0.0478515625,
        "min": 0,
        "var": 0.0010139553342
    },
    "barkbands": {
        "dmean": [0.00030015950324, 0.000309789989842, 0.000650465430226, 0.00105335470289, 0.00107410154305, 0.000814579310827, 0.00116907258052, 0.000584168068599, 0.000540343520697, 0.000599029590376, 0.000337305915309, 0.000233670463786, 0.000748785794713, 0.000227522890782, 0.00034873871482, 0.000289926334517, 0.000190668812138, 0.000200990965823, 0.000149252286064, 0.000149427054566, 5.29956778337e-05, 4.6669774747e-05, 1.8031365471e-05, 6.90392016622e-06, 2.73134992312e-06, 1.1945710412e-06, 2.06391234769e-07],
        "dmean2": [0.000541001732927, 0.000484104151838, 0.000975806731731, 0.00168786861468, 0.00164230877999, 0.00121657806449, 0.00172505748924, 0.000880282255821, 0.000804162060376, 0.000853043980896, 0.000516278902069, 0.000364728824934, 0.00119075062685, 0.000363050494343, 0.000552005600184, 0.000445599172963, 0.000298677681712, 0.000307558977511, 0.00022738307598, 0.000234949940932, 8.25087408884e-05, 7.47458543628e-05, 2.91334126814e-05, 1.07373625724e-05, 4.2209012463e-06, 1.80650408765e-06, 3.30017343231e-07],
        "dvar": [1.32700733957e-07, 4.3689561835e-07, 5.48595562577e-06, 3.51943053829e-05, 5.55967999389e-05, 5.96779500484e-06, 8.42073313834e-06, 2.54146789302e-06, 3.25072619489e-06, 4.73996033179e-06, 1.6335897044e-06, 7.89752220953e-07, 6.9226607593e-06, 1.36422340802e-06, 2.29291867981e-06, 8.72898965554e-07, 6.078476531e-07, 9.06559705527e-07, 3.16777573062e-07, 3.77417109121e-07, 6.16714643797e-08, 6.22031421926e-08, 6.47816600363e-09, 5.07718478371e-10, 6.19307799488e-11, 1.32636549313e-11, 4.45471892881e-13],
        "dvar2": [3.81678347594e-07, 1.02323122064e-06, 1.146613522e-05, 8.46677721711e-05, 0.000118936317449, 1.28092551677e-05, 1.94369640667e-05, 5.50454251425e-06, 7.15114856575e-06, 7.64271680964e-06, 3.55361044058e-06, 1.95945108317e-06, 1.82790245162e-05, 3.21003062709e-06, 5.53316658625e-06, 2.07665175367e-06, 1.4365550669e-06, 2.14191709347e-06, 6.88762611389e-07, 9.21397599996e-07, 1.60785944558e-07, 1.56638137128e-07, 1.67221170244e-08, 1.25114418825e-09, 1.54205814784e-10, 2.99763790179e-11, 1.10355930123e-12],
        "max": [0.00428018020466, 0.0141185112298, 0.100182503462, 0.39865526557, 0.562475442886, 0.112326622009, 0.0680617764592, 0.0359257645905, 0.0791071355343, 0.111961431801, 0.0493309311569, 0.0362717993557, 0.0628605112433, 0.0407266095281, 0.0729952305555, 0.0228949207813, 0.0430643036962, 0.0536084473133, 0.0293251369148, 0.0221268497407, 0.0113374795765, 0.0154233286157, 0.00253775087185, 0.000936734140851, 0.000265097129159, 0.000101986333902, 2.01879011001e-05],
        "mean": [0.000278951134533, 0.000505980162416, 0.00100634258706, 0.00146139378194, 0.00185318721924, 0.00147017638665, 0.00195908965543, 0.000904339132831, 0.000882934778929, 0.00103665946517, 0.000495861168019, 0.000352930452209, 0.00104974431451, 0.000330862763803, 0.000488257763209, 0.00039189029485, 0.000245943665504, 0.000278879393591, 0.000195874396013, 0.000189924845472, 7.40498362575e-05, 5.53941790713e-05, 2.16755815927e-05, 8.9377626864e-06, 3.66844437849e-06, 1.62944024851e-06, 2.56264399923e-07],
        "median": [0.000153361237608, 0.000128485960886, 0.000143435419886, 9.34370837058e-05, 0.000326801207848, 0.000343085208442, 0.000457347457996, 0.000204943673452, 0.000187271885807, 0.000179557289812, 8.98061043699e-05, 4.92356339237e-05, 0.000100392251625, 3.5977402149e-05, 8.02643044153e-05, 7.3342511314e-05, 5.18972847203e-05, 3.83589358535e-05, 4.11850924138e-05, 3.39747057296e-05, 1.15043349069e-05, 6.29194209978e-06, 2.57432452599e-06, 1.49120319293e-06, 7.981244039e-07, 3.12383775736e-07, 3.13642765093e-08],
        "min": [1.55345467406e-24, 5.31324640937e-24, 7.96879755209e-24, 2.63553360003e-24, 2.37402246286e-23, 8.43758997793e-24, 1.10508676425e-23, 1.82388964245e-23, 2.36812446542e-23, 2.1832831535e-23, 1.88750953896e-23, 3.18091152189e-23, 5.74229460286e-23, 4.28206605118e-23, 6.66385642738e-23, 9.87825761905e-23, 6.03985482957e-23, 1.38812811644e-22, 1.19025946087e-22, 1.62830521252e-22, 2.51544190444e-22, 3.77481757129e-22, 3.32520573038e-22, 6.14745141808e-22, 9.39824194289e-22, 1.2815944833e-21, 2.14237658193e-21],
        "var": [1.24140967728e-07, 1.06966945168e-06, 1.21711918837e-05, 6.36246186332e-05, 0.00010654500511, 1.61923453561e-05, 1.92345378309e-05, 4.70251598017e-06, 6.232810847e-06, 1.35746686283e-05, 2.91574997391e-06, 1.470376219e-06, 1.10880064312e-05, 2.26017414207e-06, 3.40063411386e-06, 1.313898224e-06, 7.91871400452e-07, 1.53724386109e-06, 4.11681895685e-07, 4.71999214824e-07, 9.45676035258e-08, 9.07280437445e-08, 7.79813191798e-09, 6.55831722263e-10, 8.2310609717e-11, 1.9316553565e-11, 5.63476891015e-13]
    },
    "erbbands": {
        "dmean": [0.00497889844701, 0.0909104570746, 0.635742902756, 2.12277603149, 2.77403616905, 4.47940778732, 5.92130470276, 7.3078494072, 15.3983049393, 15.8234901428, 10.3943500519, 12.6988458633, 10.8397674561, 22.7499809265, 11.8208112717, 11.2669286728, 35.1145591736, 15.250459671, 16.4717979431, 11.9631147385, 16.2495155334, 11.2662706375, 9.87790775299, 6.99611473083, 9.27344894409, 6.30026912689, 2.66720271111, 2.0430533886, 1.59676170349, 0.644403994083, 0.502567946911, 0.221164003015, 0.0912002772093, 0.0365814603865, 0.0171619411558, 0.0063759717159, 0.00211336882785, 0.00032423203811, 3.72129288735e-05, 7.77095283411e-06],
        "dmean2": [0.00808531977236, 0.140323802829, 0.936658620834, 3.40844941139, 4.51266336441, 6.69223403931, 9.02944946289, 11.0282297134, 22.7254676819, 23.3908843994, 15.887172699, 18.7073078156, 15.8465929031, 32.624584198, 18.0459671021, 17.4192485809, 55.7187156677, 24.0120773315, 26.3233470917, 18.4916858673, 24.984079361, 17.0904026031, 14.9992485046, 10.6244449615, 14.2882566452, 9.86061763763, 4.12470340729, 3.16658139229, 2.61572599411, 1.02602982521, 0.809779703617, 0.347752183676, 0.141683131456, 0.0565163493156, 0.026658250019, 0.00970893818885, 0.00325642037205, 0.000489417638164, 5.92938777118e-05, 1.11369308797e-05],
        "dvar": [6.4760184614e-05, 0.0422796495259, 4.38728475571, 129.000656128, 170.143692017, 1158.91943359, 721.349182129, 656.844055176, 1611.12121582, 1958.50524902, 519.328796387, 1782.92907715, 1420.12304688, 6815.64306641, 2145.30786133, 1724.49475098, 15989.7548828, 5110.75097656, 5858.20703125, 1320.16223145, 2974.2565918, 2106.17456055, 1370.06298828, 1543.2376709, 1172.76025391, 666.384033203, 180.24760437, 69.2524032593, 88.3265457153, 5.67186641693, 6.59113073349, 0.822654366493, 0.0882880836725, 0.0108454385772, 0.00256014126353, 0.000394877133658, 4.66238452645e-05, 8.5212718659e-07, 1.70112421927e-08, 2.60998583856e-10],
        "dvar2": [0.000145775193232, 0.0950266867876, 8.5901517868, 323.927032471, 410.579376221, 2445.81665039, 1666.49584961, 1384.60388184, 3773.09619141, 4216.02441406, 1213.52331543, 3822.76147461, 2963.25561523, 10866.8105469, 4816.91992188, 4371.88916016, 42292.9296875, 12066.6835938, 14548.125, 3108.48339844, 6997.04638672, 4763.19335938, 2995.01367188, 3972.72875977, 2618.53662109, 1705.78149414, 464.371429443, 157.287445068, 260.04888916, 15.1182279587, 16.8834533691, 2.07923650742, 0.215912416577, 0.0270671136677, 0.00616322550923, 0.000879570376128, 0.000111539353384, 1.85304122624e-06, 4.46621442052e-08, 5.1962323333e-10],
        "max": [0.307608127594, 4.40050268173, 88.548866272, 702.813720703, 834.509887695, 2539.21704102, 1641.59619141, 1440.22937012, 1078.89440918, 1428.58947754, 540.642822266, 1370.64025879, 2080.59326172, 4210.44238281, 1755.76501465, 1774.05114746, 3393.8815918, 2449.03979492, 4056.37133789, 1141.64697266, 1435.44555664, 2574.56811523, 1072.06091309, 2898.94238281, 2017.78210449, 978.003112793, 795.56072998, 454.319610596, 348.447998047, 76.6138153076, 92.577331543, 47.7756767273, 8.71252822876, 3.45914244652, 1.87492239475, 0.849712431431, 0.215529307723, 0.0211403742433, 0.00570231676102, 0.000885238696355],
        "mean": [0.00852108839899, 0.151765868068, 1.05625939369, 3.08158755302, 4.34355020523, 7.39241600037, 10.4836759567, 12.8842754364, 25.2983055115, 26.5432529449, 17.4933242798, 21.3551769257, 19.3178062439, 38.6358833313, 18.9098033905, 18.3536014557, 50.0692024231, 23.7904014587, 24.5519104004, 17.3998641968, 22.428653717, 15.832652092, 14.6507301331, 9.97747325897, 12.0623493195, 8.44893455505, 3.75672531128, 2.89742851257, 1.87441587448, 0.81149148941, 0.613014996052, 0.275953322649, 0.116468332708, 0.0480926111341, 0.0229091979563, 0.0086413109675, 0.00277104624547, 0.000452565669548, 5.04495037603e-05, 2.06256954698e-05],
        "median": [0.00421505142003, 0.0333419218659, 0.173081487417, 0.332396239042, 0.612901806831, 1.09579825401, 1.93088448048, 3.25571370125, 6.10358428955, 6.93748950958, 5.60110664368, 5.20494937897, 4.98850536346, 6.91977930069, 4.1896739006, 3.17926716805, 5.11559152603, 3.04403042793, 4.33841753006, 4.67056369781, 4.67951154709, 3.86806082726, 2.94236445427, 2.34935617447, 2.76151514053, 1.84305310249, 0.786471366882, 0.393230259418, 0.232682585716, 0.11918348074, 0.0720888897777, 0.0421878993511, 0.0208931416273, 0.00957066100091, 0.00533943763003, 0.00178940792102, 0.000497295230161, 9.16867866181e-05, 1.31964216052e-05, 1.07955702333e-05],
        "min": [1.02741850141e-22, 7.71032093405e-22, 7.06142197731e-21, 1.63031724959e-20, 3.67670085429e-20, 6.0219640398e-20, 6.49841490275e-20, 1.13313404162e-19, 1.26011259875e-19, 2.84656526825e-19, 4.57825237099e-19, 4.42154248695e-19, 6.15737686649e-19, 1.07649636469e-18, 1.22540366081e-18, 1.39058242675e-18, 3.04587588441e-18, 3.23813127033e-18, 3.58241459462e-18, 3.881545438e-18, 5.88016020889e-18, 4.40091518741e-18, 7.55789714452e-18, 7.90039872177e-18, 1.01652539805e-17, 7.72478993209e-18, 1.12799154247e-17, 1.11813295578e-17, 1.23192107889e-17, 9.74940298964e-18, 1.004011148e-17, 1.08607416493e-17, 9.59150744559e-18, 9.73720455714e-18, 6.44123599121e-18, 4.48972832901e-18, 2.67792237329e-18, 1.16028221272e-18, 2.69805920643e-19, 3.00384274035e-20],
        "var": [0.000225700074225, 0.108172573149, 11.4022455215, 208.587051392, 371.639099121, 2173.1953125, 1305.02612305, 1694.79064941, 3220.28759766, 4129.69287109, 1022.76940918, 3633.10913086, 2978.19287109, 19045.1660156, 3834.14941406, 3250.11254883, 25677.0917969, 9189.29589844, 8977.99023438, 1956.97485352, 4485.85498047, 3057.61767578, 2672.25146484, 2074.51416016, 1453.90356445, 889.767822266, 265.852905273, 137.902740479, 87.4368591309, 6.76551198959, 8.00261497498, 0.891366779804, 0.109117984772, 0.014530188404, 0.00326776364818, 0.000551026314497, 6.07507972745e-05, 1.40455006203e-06, 1.74510290663e-08, 1.00890495958e-09]
    },
    "gfcc": {
        "mean": [-95.1503448486, 115.370269775, -148.747283936, 15.5488033295, -55.8083190918, -6.48544788361, -29.5886039734, 6.83462381363, -14.8317317963, 3.24721837044, -7.08072805405, -1.304723382, -4.75129747391],
        "cov": [[14586.7900391, -146.69329834, -1794.42297363, 321.660552979, -903.613220215, -43.193321228, -582.17980957, -424.283874512, -633.308166504, -161.322677612, -400.53024292, -140.010360718, -339.941589355], [-146.69329834, 2701.52099609, 703.616699219, -100.432868958, 375.456481934, -306.434967041, -85.0281982422, -452.708435059, -151.210830688, -337.727752686, -88.9538269043, -364.308288574, -5.64742326736], [-1794.42297363, 703.616699219, 1238.65966797, 321.414825439, 350.832489014, 51.1116142273, -35.2418518066, -182.734436035, -116.430679321, -214.741485596, -147.444717407, -122.49281311, -80.5805130005], [321.660552979, -100.432868958, 321.414825439, 520.166320801, 98.0255279541, 90.9774932861, -18.7621974945, -56.7846183777, -84.5996856689, -121.515083313, -113.563179016, -48.748966217, -63.4366264343], [-903.613220215, 375.456481934, 350.832489014, 98.0255279541, 310.879730225, 62.4061927795, 34.1370697021, -62.7628326416, -37.045841217, -71.7479705811, -33.3370018005, -62.0290298462, -23.4828701019], [-43.193321228, -306.434967041, 51.1116142273, 90.9774932861, 62.4061927795, 232.860671997, 67.3350448608, 13.531504631, -26.7852916718, 2.68041872978, -30.9801998138, 15.1955842972, -37.042049408], [-582.17980957, -85.0281982422, -35.2418518066, -18.7621974945, 34.1370697021, 67.3350448608, 173.830337524, 71.8742752075, 52.7771072388, 23.9924640656, 28.6906871796, 4.64328813553, 24.7352333069], [-424.283874512, -452.708435059, -182.734436035, -56.7846183777, -62.7628326416, 13.531504631, 71.8742752075, 248.958343506, 131.773483276, 98.9336471558, 54.1208000183, 73.5839691162, 30.9084682465], [-633.308166504, -151.210830688, -116.430679321, -84.5996856689, -37.045841217, -26.7852916718, 52.7771072388, 131.773483276, 195.499328613, 99.5259552002, 63.0167121887, 33.680770874, 35.2860298157], [-161.322677612, -337.727752686, -214.741485596, -121.515083313, -71.7479705811, 2.68041872978, 23.9924640656, 98.9336471558, 99.5259552002, 191.145690918, 86.2576217651, 49.8465232849, 10.8014526367], [-400.53024292, -88.9538269043, -147.444717407, -113.563179016, -33.3370018005, -30.9801998138, 28.6906871796, 54.1208000183, 63.0167121887, 86.2576217651, 158.817153931, 66.3512573242, 19.082075119], [-140.010360718, -364.308288574, -122.49281311, -48.748966217, -62.0290298462, 15.1955842972, 4.64328813553, 73.5839691162, 33.680770874, 49.8465232849, 66.3512573242, 172.292510986, 57.0683021545], [-339.941589355, -5.64742326736, -80.5805130005, -63.4366264343, -23.4828701019, -37.042049408, 24.7352333069, 30.9084682465, 35.2860298157, 10.8014526367, 19.082075119, 57.0683021545, 150.15057373]],
        "icov": [[0.000252331054071, -0.000296011741739, 0.000568488438148, -0.000388459389796, 0.00062835396966, -0.000328683992848, 0.000468073354568, -8.22202127893e-05, 0.000635485223029, -0.000287510658382, 0.000715401081834, -0.000355446420144, 0.000573635159526], [-0.000296011741739, 0.00188947014976, -0.000916738936212, 0.00131361256354, -0.00189313851297, 0.00199439027347, -0.00077646470163, 0.00181858800352, -0.00138151436113, 0.00217748689465, -0.0016337283887, 0.00251741777174, -0.00116777210496], [0.000568488438148, -0.000916738936212, 0.00284470804036, -0.00144421332516, 0.000196728302399, -0.000765741162468, 0.00124104262795, -2.91751166515e-06, 0.00112972210627, -0.000285424786853, 0.00225560879335, -0.00135663361289, 0.00179109652527], [-0.000388459389796, 0.00131361256354, -0.00144421332516, 0.00389763782732, -0.00159470795188, 0.000568278948776, -0.000558150291909, 0.000649826368317, -0.00116582226474, 0.00248242728412, -0.000622848747298, 0.00157786661293, -0.000534611346666], [0.00062835396966, -0.00189313851297, 0.000196728302399, -0.00159470795188, 0.00791752804071, -0.00335152586922, 0.000529230863322, -0.00115837831981, 0.00198223651387, -0.0014015258057, 0.00111706764437, -0.000992189743556, 0.00121607049368], [-0.000328683992848, 0.00199439027347, -0.000765741162468, 0.000568278948776, -0.00335152586922, 0.00905489455909, -0.0042385593988, 0.00205484451726, -1.78785285243e-05, 0.000435337977251, 0.00073724478716, 5.96889440203e-05, 0.00100144697353], [0.000468073354568, -0.00077646470163, 0.00124104262795, -0.000558150291909, 0.000529230863322, -0.0042385593988, 0.00994906947017, -0.00263997120783, -1.64549182955e-05, 0.000523816910572, -0.00085876067169, 0.00142099009827, -0.00106244557537], [-8.22202127893e-05, 0.00181858800352, -2.91751166515e-06, 0.000649826368317, -0.00115837831981, 0.00205484451726, -0.00263997120783, 0.0100213037804, -0.00498638674617, 0.000832873629406, 7.90821941337e-05, -0.00014696206199, 1.07232053779e-05], [0.000635485223029, -0.00138151436113, 0.00112972210627, -0.00116582226474, 0.00198223651387, -1.78785285243e-05, -1.64549182955e-05, -0.00498638674617, 0.0120706846938, -0.00470329867676, 0.00115309038665, -0.000677496718708, 0.000447915110271], [-0.000287510658382, 0.00217748689465, -0.000285424786853, 0.00248242728412, -0.0014015258057, 0.000435337977251, 0.000523816910572, 0.000832873629406, -0.00470329867676, 0.0129825752228, -0.00505834119394, 0.00321836676449, -0.000451953936135], [0.000715401081834, -0.0016337283887, 0.00225560879335, -0.000622848747298, 0.00111706764437, 0.00073724478716, -0.00085876067169, 7.90821941337e-05, 0.00115309038665, -0.00505834119394, 0.013883702457, -0.00647943560034, 0.00377849536017], [-0.000355446420144, 0.00251741777174, -0.00135663361289, 0.00157786661293, -0.000992189743556, 5.96889440203e-05, 0.00142099009827, -0.00014696206199, -0.000677496718708, 0.00321836676449, -0.00647943560034, 0.0134989740327, -0.00549522880465], [0.000573635159526, -0.00116777210496, 0.00179109652527, -0.000534611346666, 0.00121607049368, 0.00100144697353, -0.00106244557537, 1.07232053779e-05, 0.000447915110271, -0.000451953936135, 0.00377849536017, -0.00549522880465, 0.0107958326116]]
    },
    "melbands": {
        "dmean": [6.97844807291e-05, 0.000251847406616, 0.000386218132917, 0.000219534224016, 0.000217266308027, 0.000159826915478, 0.000238846245338, 0.000165300414665, 8.73142125783e-05, 7.69034013501e-05, 5.46072806173e-05, 9.52609116212e-05, 4.37197413703e-05, 2.69263982773e-05, 5.68110845052e-05, 6.83065591147e-05, 2.52789704973e-05, 2.35716379393e-05, 2.4484927053e-05, 1.48514054672e-05, 1.99660516955e-05, 1.12033139885e-05, 1.45423109643e-05, 6.9599886956e-06, 5.84857070862e-06, 6.25625671091e-06, 8.15323892311e-06, 3.22828054777e-06, 1.78321818112e-06, 1.31894216793e-06, 1.31557840177e-06, 1.25079407098e-06, 3.83921616276e-07, 3.46459302136e-07, 3.39899429491e-07, 2.05311394552e-07, 1.16271252182e-07, 7.06846989829e-08, 4.86520228549e-08, 2.71618851855e-08],
        "dmean2": [0.000111387191282, 0.000373342831153, 0.000613362353761, 0.000336464028805, 0.000326910812873, 0.000240533365286, 0.000352024333552, 0.000244209746597, 0.000134080299176, 0.000113294219773, 8.02001304692e-05, 0.000136436676257, 6.72008318361e-05, 4.13711677538e-05, 8.83809916559e-05, 0.000109678454464, 3.99654491048e-05, 3.77275173378e-05, 3.8459435018e-05, 2.31765061471e-05, 3.08160779241e-05, 1.72884283529e-05, 2.23787046707e-05, 1.04103337435e-05, 8.96844994713e-06, 9.57605698204e-06, 1.2787475498e-05, 5.10476456839e-06, 2.7646435683e-06, 2.08573169402e-06, 2.02126670956e-06, 2.08104324884e-06, 6.13440136021e-07, 5.55447343231e-07, 5.54469636427e-07, 3.31242574703e-07, 1.84288325045e-07, 1.11897527688e-07, 7.69980701421e-08, 4.24885051586e-08],
        "dvar": [1.42624712041e-08, 6.03262151344e-07, 4.07754168918e-06, 1.61519471931e-06, 1.65615938386e-06, 2.75949673778e-07, 3.75914311235e-07, 2.16623902816e-07, 4.09909759469e-08, 6.56334577798e-08, 3.62999088566e-08, 1.28948627776e-07, 3.41118528979e-08, 9.60416901563e-09, 3.87479310859e-08, 6.51110525496e-08, 1.78570935816e-08, 1.24532242296e-08, 9.96798821262e-09, 2.38649322526e-09, 5.40262279358e-09, 3.63628704925e-09, 4.29451496586e-09, 1.03045627586e-09, 1.23440691002e-09, 5.71014735495e-10, 1.34208322233e-09, 2.49203102598e-10, 1.01093917959e-10, 5.82011487615e-11, 3.64289258481e-11, 7.0690640841e-11, 2.97618201785e-12, 2.00187848069e-12, 4.27810564751e-12, 1.27228989063e-12, 2.62371992622e-13, 6.51188426641e-14, 3.11442224007e-14, 7.01881654468e-15],
        "dvar2": [3.32584271234e-08, 1.20155232253e-06, 9.76569572231e-06, 3.23053359352e-06, 3.65373398381e-06, 5.8756558019e-07, 8.80470054199e-07, 4.64911863673e-07, 9.86008501513e-08, 1.40761244438e-07, 7.54570876893e-08, 2.04451424679e-07, 7.58171054827e-08, 2.26172254258e-08, 9.90270763168e-08, 1.78657174388e-07, 4.15362713113e-08, 3.08854204434e-08, 2.33033947694e-08, 5.81040637826e-09, 1.26040200499e-08, 8.40726777085e-09, 9.47159684017e-09, 2.28966645643e-09, 3.18885517991e-09, 1.20308518703e-09, 3.15902304315e-09, 6.58211707361e-10, 2.56931309561e-10, 1.61809815546e-10, 7.05789038324e-11, 2.07115977147e-10, 7.91231663522e-12, 5.34539773556e-12, 1.10390871791e-11, 3.30443745283e-12, 6.67624809603e-13, 1.60118066809e-13, 7.71737952406e-14, 1.78938945773e-14],
        "max": [0.00329753290862, 0.0317568182945, 0.135163024068, 0.0977233201265, 0.0884281620383, 0.0275956168771, 0.0154224848375, 0.0132932337001, 0.00461700372398, 0.00840600579977, 0.010340705514, 0.0186354462057, 0.00786505825818, 0.0036078535486, 0.00580784678459, 0.00642369035631, 0.00480570504442, 0.00570114701986, 0.00361318467185, 0.00143671047408, 0.00226276321337, 0.00379992905073, 0.00185838527977, 0.00196844618767, 0.00249166344292, 0.000979954143986, 0.00143473502249, 0.000672326306812, 0.000631747883745, 0.000453410437331, 0.00047017793986, 0.000327896850649, 7.1748123446e-05, 4.43392746092e-05, 7.49409664422e-05, 4.84815318487e-05, 2.83596036752e-05, 7.91696220404e-06, 5.90140598433e-06, 2.27754276239e-06],
        "mean": [0.000120906894153, 0.000424462632509, 0.000596925325226, 0.000392084300984, 0.000387221632991, 0.000283674744423, 0.000394843082177, 0.000272164354101, 0.000144354387885, 0.0001265478204, 9.42554761423e-05, 0.000160906929523, 6.65422267048e-05, 4.09198291891e-05, 8.31723664305e-05, 9.56607836997e-05, 3.69936788047e-05, 3.43520878232e-05, 3.37909805239e-05, 2.04255793506e-05, 2.64726440946e-05, 1.39067515192e-05, 1.97026711248e-05, 9.49036893871e-06, 7.76692286308e-06, 7.9926712715e-06, 9.71060671873e-06, 4.33037166658e-06, 2.38030065702e-06, 1.7121469682e-06, 1.75592504092e-06, 1.36112066684e-06, 4.78157801354e-07, 4.04351027328e-07, 3.94699071649e-07, 2.32245113807e-07, 1.39230451168e-07, 8.45170617936e-08, 5.79458010463e-08, 3.40291954615e-08],
        "median": [5.48394673388e-05, 8.05628296803e-05, 7.14496636647e-05, 6.3663967012e-05, 6.87746796757e-05, 7.07754661562e-05, 9.48641609284e-05, 6.91459572408e-05, 4.16232905991e-05, 2.79256692011e-05, 2.06368895306e-05, 2.59934640781e-05, 1.31782771859e-05, 5.89982755628e-06, 9.42484530242e-06, 8.92460502655e-06, 3.52317692887e-06, 4.82515406475e-06, 6.12807343714e-06, 4.54575047115e-06, 4.32295610153e-06, 2.6691623134e-06, 2.61365221377e-06, 1.48819378865e-06, 1.32307025069e-06, 1.42096246236e-06, 1.58645184456e-06, 7.4308280773e-07, 4.01316981424e-07, 2.24130104698e-07, 1.57741794737e-07, 1.2076982614e-07, 6.78248355257e-08, 4.7201112352e-08, 3.60529419652e-08, 3.14332773144e-08, 1.94216358551e-08, 1.34134570118e-08, 9.20186948861e-09, 6.53624221414e-09],
        "min": [1.38014400394e-24, 2.59189992843e-24, 3.97485158694e-24, 3.40708512205e-24, 2.89050764409e-24, 3.10510758981e-24, 1.88132479058e-24, 3.99015982723e-24, 3.30525343438e-24, 3.05516263654e-24, 3.08153879255e-24, 4.40842728982e-24, 3.86100120894e-24, 3.30035874968e-24, 4.13824676851e-24, 4.76955479602e-24, 4.29760140453e-24, 4.24402788831e-24, 4.38551166938e-24, 4.44806715587e-24, 6.03200755683e-24, 3.25250743325e-24, 5.51593278048e-24, 6.76669028394e-24, 5.30603977057e-24, 4.5344332255e-24, 6.21635330633e-24, 4.74950471283e-24, 6.52512924185e-24, 5.23199294727e-24, 6.00919093844e-24, 5.70890551284e-24, 6.80053241678e-24, 4.56271822769e-24, 5.54968340545e-24, 5.95658338239e-24, 6.49369431807e-24, 5.19336518976e-24, 6.7042921752e-24, 7.357376708e-24],
        "var": [4.15793941499e-08, 1.55557017933e-06, 7.83697123552e-06, 3.82810685551e-06, 3.0277087717e-06, 7.23005541658e-07, 7.85265910963e-07, 4.36015881178e-07, 7.74414488092e-08, 1.30842551016e-07, 7.89822607317e-08, 3.62553919331e-07, 5.77367167409e-08, 1.82884356548e-08, 7.08392704496e-08, 9.63353983252e-08, 3.09261380949e-08, 1.93729743359e-08, 1.49188377208e-08, 3.60022989199e-09, 7.77888953252e-09, 4.37138991671e-09, 7.7670083698e-09, 1.78675407803e-09, 1.55898116638e-09, 7.81210318657e-10, 1.55721169293e-09, 3.27577576176e-10, 1.48169795877e-10, 7.34573513128e-11, 8.16135284354e-11, 7.02807465003e-11, 3.52164890131e-12, 2.32466086311e-12, 5.16811810361e-12, 1.05095825705e-12, 2.86606079581e-13, 7.81647966838e-14, 3.62079954235e-14, 8.37105890519e-15]
    },
    "mfcc": {
        "mean": [-728.573730469, 145.725616455, -29.5992031097, 19.7526435852, -8.9701423645, -6.7995390892, -5.55425548553, -0.835506260395, -1.52475309372, 5.11160182953, -1.61971879005, 3.00505542755, 5.28472423553],
        "cov": [[8943.36914062, 16.6761455536, -610.125061035, 166.118270874, -443.711730957, 205.239639282, -205.196716309, -202.257400513, -330.998809814, -217.931213379, -239.811828613, -195.687316895, -326.412109375], [16.6761455536, 2442.07104492, 320.34765625, 175.732757568, 254.972122192, -0.807840645313, 23.2141513824, -240.265838623, -144.994033813, -178.956741333, -134.752182007, -164.288711548, -221.471405029], [-610.125061035, 320.34765625, 732.006530762, 265.995727539, 272.676422119, 143.769470215, 50.0081253052, 35.9243202209, -18.5078392029, -99.4128189087, -99.2986373901, -119.285552979, -92.6235733032], [166.118270874, 175.732757568, 265.995727539, 375.715789795, 159.314468384, 87.9375228882, 23.363571167, 6.51105260849, -8.07006263733, -44.2285308838, -80.566116333, -84.7127304077, -58.5990486145], [-443.711730957, 254.972122192, 272.676422119, 159.314468384, 282.265869141, 100.219230652, 52.889831543, 14.0105657578, -12.327091217, -53.2692070007, -45.8047180176, -44.7478675842, -44.5699882507], [205.239639282, -0.807840645313, 143.769470215, 87.9375228882, 100.219230652, 241.658355713, 84.501625061, 15.9482545853, -12.5349502563, -48.3068313599, -26.1172199249, -51.2984657288, -81.3647994995], [-205.196716309, 23.2141513824, 50.0081253052, 23.363571167, 52.889831543, 84.501625061, 149.221405029, 38.2756958008, 4.15351200104, -10.7155294418, -4.01350164413, -7.34577274323, -27.2940502167], [-202.257400513, -240.265838623, 35.9243202209, 6.51105260849, 14.0105657578, 15.9482545853, 38.2756958008, 158.846908569, 51.8831634521, 1.33240950108, 0.796338796616, 14.510430336, 37.4386825562], [-330.998809814, -144.994033813, -18.5078392029, -8.07006263733, -12.327091217, -12.5349502563, 4.15351200104, 51.8831634521, 158.963684082, 64.1627120972, 5.35344648361, -6.93223762512, 24.1617488861], [-217.931213379, -178.956741333, -99.4128189087, -44.2285308838, -53.2692070007, -48.3068313599, -10.7155294418, 1.33240950108, 64.1627120972, 181.561233521, 67.8618545532, 13.7478055954, 33.7022781372], [-239.811828613, -134.752182007, -99.2986373901, -80.566116333, -45.8047180176, -26.1172199249, -4.01350164413, 0.796338796616, 5.35344648361, 67.8618545532, 180.450424194, 87.2034912109, -7.170399189], [-195.687316895, -164.288711548, -119.285552979, -84.7127304077, -44.7478675842, -51.2984657288, -7.34577274323, 14.510430336, -6.93223762512, 13.7478055954, 87.2034912109, 198.938217163, 86.5182495117], [-326.412109375, -221.471405029, -92.6235733032, -58.5990486145, -44.5699882507, -81.3647994995, -27.2940502167, 37.4386825562, 24.1617488861, 33.7022781372, -7.170399189, 86.5182495117, 234.485061646]],
