{
"lowlevel": {
    "average_loudness": 0.178632155061,
    "barkbands_crest": {
        "dmean": 2.85137701035,
        "dmean2": 4.69839859009,
        "dvar": 5.91500043869,
        "dvar2": 15.5314846039,
        "max": 26.0364875793,
        "mean": 10.0881662369,
        "median": 9.39737319946,
        "min": 2.93857860565,
        "var": 14.5653848648
    },
    "barkbands_flatness_db": {
        "dmean": 0.0233824029565,
        "dmean2": 0.0345506183803,
        "dvar": 0.000430436717579,
        "dvar2": 0.000875477620866,
        "max": 0.390027880669,
        "mean": 0.199733674526,
        "median": 0.203949734569,
        "min": 0.0492951869965,
        "var": 0.0032332832925
    },
    "barkbands_kurtosis": {
        "dmean": 3.16013240814,
        "dmean2": 5.01194477081,
        "dvar": 20.3074016571,
        "dvar2": 45.5397529602,
        "max": 146.532821655,
        "mean": 6.15149831772,
        "median": 4.71460151672,
        "min": -1.75691735744,
        "var": 62.1214370728
    },
    "barkbands_skewness": {
        "dmean": 0.523458600044,
        "dmean2": 0.826539337635,
        "dvar": 0.238803476095,
        "dvar2": 0.54244351387,
        "max": 10.2131357193,
        "mean": 1.59624540806,
        "median": 1.72114932537,
        "min": -5.67288160324,
        "var": 1.41490125656
    },
    "barkbands_spread": {
        "dmean": 3.09350299835,
        "dmean2": 4.7258515358,
        "dvar": 15.7565231323,
        "dvar2": 33.7840042114,
        "max": 75.2162780762,
        "mean": 11.4595756531,
        "median": 7.49882268906,
        "min": 0.603849947453,
        "var": 100.666145325
    },
    "dissonance": {
        "dmean": 0.0259088464081,
        "dmean2": 0.0438934490085,
        "dvar": 0.000598761951551,
        "dvar2": 0.00168228358962,
        "max": 0.5,
        "mean": 0.450248152018,
        "median": 0.460358947515,
        "min": 0.262171983719,
        "var": 0.00142379826866
    },
    "dynamic_complexity": 4.45089483261,
    "erbbands_crest": {
        "dmean": 2.85638046265,
        "dmean2": 4.67221689224,
        "dvar": 7.26815748215,
        "dvar2": 17.7442054749,
        "max": 33.2251625061,
        "mean": 9.41618919373,
        "median": 8.60955905914,
        "min": 2.73551392555,
        "var": 15.7609376907
    },
    "erbbands_flatness_db": {
        "dmean": 0.0170995090157,
        "dmean2": 0.0258469432592,
        "dvar": 0.000258776475675,
        "dvar2": 0.000542753317859,
        "max": 0.407026618719,
        "mean": 0.215028896928,
        "median": 0.216913029552,
        "min": 0.0821548178792,
        "var": 0.00148708489724
    },
    "erbbands_kurtosis": {
        "dmean": 1.44732677937,
        "dmean2": 2.30914473534,
        "dvar": 10.3468961716,
        "dvar2": 22.9160289764,
        "max": 85.5709838867,
        "mean": 1.34928679466,
        "median": 0.775296211243,
        "min": -1.62662577629,
        "var": 12.7415275574
    },
    "erbbands_skewness": {
        "dmean": 0.403121501207,
        "dmean2": 0.62054425478,
        "dvar": 0.142365887761,
        "dvar2": 0.338777124882,
        "max": 5.12393379211,
        "mean": 0.697969377041,
        "median": 0.810974955559,
        "min": -4.83038425446,
        "var": 0.708549618721
    },
    "erbbands_spread": {
        "dmean": 5.53804206848,
        "dmean2": 8.48253631592,
        "dvar": 25.439081192,
        "dvar2": 54.8372802734,
        "max": 86.2535552979,
        "mean": 25.7890262604,
        "median": 24.1980724335,
        "min": 0.860673487186,
        "var": 152.495040894
    },
    "hfc": {
        "dmean": 3.46162939072,
        "dmean2": 4.48728370667,
        "dvar": 75.3194274902,
        "dvar2": 132.72114563,
        "max": 290.028198242,
        "mean": 10.5078382492,
        "median": 3.9586956501,
        "min": 1.13796494183e-16,
        "var": 441.393371582
    },
    "melbands_crest": {
        "dmean": 3.6955678463,
        "dmean2": 6.26360273361,
        "dvar": 9.09734916687,
        "dvar2": 25.0314350128,
        "max": 30.2396602631,
        "mean": 13.4740438461,
        "median": 12.8529529572,
        "min": 1.79950940609,
        "var": 21.7771282196
    },
    "melbands_flatness_db": {
        "dmean": 0.0290605779737,
        "dmean2": 0.0418216362596,
        "dvar": 0.000655498355627,
        "dvar2": 0.00122191163246,
        "max": 0.521845757961,
        "mean": 0.277967482805,
        "median": 0.288022339344,
        "min": 0.00426329998299,
        "var": 0.007021041587
    },
    "melbands_kurtosis": {
        "dmean": 5.1834025383,
        "dmean2": 8.39188861847,
        "dvar": 43.5161247253,
        "dvar2": 104.823417664,
        "max": 193.18309021,
        "mean": 11.4128141403,
        "median": 9.57332324982,
        "min": -1.85142433643,
        "var": 140.557235718
    },
    "melbands_skewness": {
        "dmean": 0.634343862534,
        "dmean2": 1.01212310791,
        "dvar": 0.310563147068,
        "dvar2": 0.767234563828,
        "max": 10.1191797256,
        "mean": 2.30037164688,
        "median": 2.38049435616,
        "min": -3.85029411316,
        "var": 1.57971978188
    },
    "melbands_spread": {
        "dmean": 4.31686258316,
        "dmean2": 6.6539516449,
        "dvar": 51.2603034973,
        "dvar2": 109.303672791,
        "max": 153.192077637,
        "mean": 14.6654491425,
        "median": 8.22249412537,
        "min": 0.567059934139,
        "var": 309.107513428
    },
    "pitch_salience": {
        "dmean": 0.08042524755,
        "dmean2": 0.133796691895,
        "dvar": 0.00440104445443,
        "dvar2": 0.0118991732597,
        "max": 0.988046586514,
        "mean": 0.610660552979,
        "median": 0.629172801971,
        "min": 0.116374790668,
        "var": 0.0140150832012
    },
    "silence_rate_20dB": {
        "dmean": 0,
        "dmean2": 0,
        "dvar": 0,
        "dvar2": 0,
        "max": 1,
        "mean": 1,
        "median": 1,
        "min": 1,
        "var": 0
    },
    "silence_rate_30dB": {
        "dmean": 0.00500834733248,
        "dmean2": 0.0100194821134,
        "dvar": 0.00498331617564,
        "dvar2": 0.0121455462649,
        "max": 1,
        "mean": 0.992211401463,
        "median": 1,
        "min": 0,
        "var": 0.00772790936753
    },
    "silence_rate_60dB": {
        "dmean": 0.0623260997236,
        "dmean2": 0.12468688935,
        "dvar": 0.0584426485002,
        "dvar2": 0.121384195983,
        "max": 1,
        "mean": 0.201112657785,
        "median": 0,
        "min": 0,
        "var": 0.160666808486
    },
    "spectral_centroid": {
        "dmean": 163.001968384,
        "dmean2": 234.486846924,
        "dvar": 77073.828125,
        "dvar2": 107976.445312,
        "max": 11291.0800781,
        "mean": 818.666992188,
        "median": 525.027282715,
        "min": 153.344238281,
        "var": 636155.9375
    },
    "spectral_complexity": {
        "dmean": 2.45297718048,
        "dmean2": 3.50737547874,
        "dvar": 6.91284608841,
        "dvar2": 10.7892522812,
        "max": 43,
        "mean": 12.0723228455,
        "median": 10,
        "min": 0,
        "var": 62.59400177
    },
    "spectral_decrease": {
        "dmean": 1.46856549144e-09,
        "dmean2": 2.07348649361e-09,
        "dvar": 7.43611796038e-18,
        "dvar2": 1.83715738713e-17,
        "max": 1.36099607121e-28,
        "mean": -4.21924539751e-09,
        "median": -2.57523113945e-09,
        "min": -1.01344632242e-07,
        "var": 2.87941637404e-17
    },
    "spectral_energy": {
        "dmean": 0.00579142430797,
        "dmean2": 0.00813643354923,
        "dvar": 0.000111974790343,
        "dvar2": 0.000272562814644,
        "max": 0.389753848314,
        "mean": 0.0168775040656,
        "median": 0.0102415885776,
        "min": 1.00319810378e-20,
        "var": 0.000451186264399
    },
    "spectral_energyband_high": {
        "dmean": 0.000159162795171,
        "dmean2": 0.000227143726079,
        "dvar": 8.98438543118e-07,
        "dvar2": 1.90162791114e-06,
        "max": 0.0307735837996,
        "mean": 0.000360721285688,
        "median": 1.06797924673e-05,
        "min": 7.28763810338e-21,
        "var": 2.94100664178e-06
    },
    "spectral_energyband_low": {
        "dmean": 0.00309517304413,
        "dmean2": 0.00504577811807,
        "dvar": 5.86016358284e-05,
        "dvar2": 0.000171999592567,
        "max": 0.193721055984,
        "mean": 0.00486967153847,
        "median": 0.00187243032269,
        "min": 3.48620447875e-23,
        "var": 9.48044544202e-05
    },
    "spectral_energyband_middle_high": {
        "dmean": 0.00103018514346,
        "dmean2": 0.00143566343468,
        "dvar": 7.25427662474e-06,
        "dvar2": 1.47821010614e-05,
        "max": 0.0640975907445,
        "mean": 0.00257854582742,
        "median": 0.000635505886748,
        "min": 1.30836789231e-21,
        "var": 2.70086929959e-05
    },
    "spectral_energyband_middle_low": {
        "dmean": 0.00378786539659,
        "dmean2": 0.00530734285712,
        "dvar": 5.61879533052e-05,
        "dvar2": 0.000122725599795,
        "max": 0.30533862114,
        "mean": 0.00984905473888,
        "median": 0.00532376486808,
        "min": 2.44604536884e-22,
        "var": 0.00020205747569
    },
    "spectral_entropy": {
        "dmean": 0.188796088099,
        "dmean2": 0.27405077219,
        "dvar": 0.0297761764377,
        "dvar2": 0.0563254989684,
        "max": 9.81283569336,
        "mean": 6.92198371887,
        "median": 6.90172719955,
        "min": 5.37838745117,
        "var": 0.24031637609
    },
    "spectral_flux": {
        "dmean": 0.0158172715455,
        "dmean2": 0.0253603234887,
        "dvar": 0.000303438253468,
        "dvar2": 0.000762894924264,
        "max": 0.378705620766,
        "mean": 0.0618196204305,
        "median": 0.0542474091053,
        "min": 6.59377066836e-11,
        "var": 0.00148449663538
    },
    "spectral_kurtosis": {
        "dmean": 4.71989345551,
        "dmean2": 8.0225315094,
        "dvar": 26.2896232605,
        "dvar2": 74.5469207764,
        "max": 101.186630249,
        "mean": 12.0331697464,
        "median": 8.66975307465,
        "min": -1.24774050713,
        "var": 120.183250427
    },
    "spectral_rms": {
        "dmean": 0.000640865880996,
        "dmean2": 0.000886178808287,
        "dvar": 4.33645880094e-07,
        "dvar2": 8.44870726269e-07,
        "max": 0.0194999407977,
        "mean": 0.00351090170443,
        "median": 0.00316097983159,
        "min": 3.12846580239e-12,
        "var": 4.13938460042e-06
    },
    "spectral_rolloff": {
        "dmean": 225.052246094,
        "dmean2": 370.489654541,
        "dvar": 316300.65625,
        "dvar2": 632972.6875,
        "max": 19315.2832031,
        "mean": 915.957275391,
        "median": 538.330078125,
        "min": 107.666015625,
        "var": 1806515.875
    },
    "spectral_skewness": {
        "dmean": 0.416724681854,
        "dmean2": 0.668426811695,
        "dvar": 0.150111436844,
        "dvar2": 0.372732132673,
        "max": 8.1261177063,
        "mean": 2.32879328728,
        "median": 2.08540868759,
        "min": -0.0437055081129,
        "var": 1.2120102644
    },
    "spectral_spread": {
        "dmean": 298075.84375,
        "dmean2": 458132.875,
        "dvar": 625552588800,
        "dvar2": 1.05291907072e+12,
        "max": 41713984,
        "mean": 2771634.5,
        "median": 2493228.75,
        "min": 871324.5625,
        "var": 3.91603840614e+12
    },
    "spectral_strongpeak": {
        "dmean": 0.502578616142,
        "dmean2": 0.831119120121,
        "dvar": 1.80930447578,
        "dvar2": 4.11921072006,
        "max": 28.416097641,
        "mean": 0.767476320267,
        "median": 0.335083186626,
        "min": 0,
        "var": 2.77473139763
    },
    "zerocrossingrate": {
        "dmean": 0.00587309664115,
        "dmean2": 0.00690103275701,
        "dvar": 0.000156000998686,
        "dvar2": 0.000271814293228,
        "max": 0.52783203125,
        "mean": 0.0352331250906,
        "median": 0.0244140625,
        "min": 0.00439453125,
        "var": 0.0013714171946
    },
    "barkbands": {
        "dmean": [2.8911870686e-05, 0.000672410184052, 0.0023858260829, 0.00107256392948, 0.00209149089642, 0.00129906192888, 0.000527483643964, 0.000656997726765, 0.000268656061962, 0.000219248002395, 0.000196630731807, 0.000113402151328, 0.000156615511514, 0.000192178122234, 0.000255782855675, 0.000123329489725, 0.000143654484418, 7.87829922047e-05, 0.000162920521689, 6.95640192134e-05, 6.33543895674e-05, 5.39930515515e-05, 2.93772100122e-05, 1.52136417455e-05, 7.85902011557e-06, 2.12600434679e-06, 1.91227904622e-08],
        "dmean2": [4.46407902928e-05, 0.00117348693311, 0.00388551247306, 0.00170552020427, 0.00328760803677, 0.00205996911973, 0.000832158490084, 0.00103493826464, 0.000403918966185, 0.00034171534935, 0.000322905427311, 0.000178206129931, 0.00024210686388, 0.000298639381072, 0.000394744769437, 0.000198198613361, 0.000226546122576, 0.000117897805467, 0.000249019736657, 0.000109826840344, 0.000104499871668, 7.98576511443e-05, 4.44752549811e-05, 2.21754617087e-05, 1.17021090773e-05, 2.936741339e-06, 3.15099129011e-08],
        "dvar": [8.07446554063e-09, 3.07209370476e-06, 2.8457148801e-05, 1.77078127308e-05, 1.98969519261e-05, 7.2639895734e-06, 1.05803178485e-06, 2.16138778342e-06, 3.42702605849e-07, 4.54536177585e-07, 2.60105821326e-07, 7.96646517642e-08, 1.33911697731e-07, 1.03028878584e-06, 2.29348415814e-06, 7.87429485172e-07, 4.55673927036e-07, 5.22587072282e-07, 1.5145216139e-06, 3.09455373326e-07, 1.35450349603e-07, 1.47238708337e-07, 2.74780216358e-08, 8.42440162074e-09, 3.37128347461e-09, 2.94354512986e-10, 2.94051993855e-14],
        "dvar2": [1.44074405739e-08, 9.27703331399e-06, 7.77042878326e-05, 4.7256340622e-05, 4.92066246807e-05, 1.82971416507e-05, 2.48886476584e-06, 5.60554735785e-06, 6.96445056292e-07, 8.55610608141e-07, 6.6626574835e-07, 1.90813068457e-07, 3.14852684369e-07, 2.02052319764e-06, 4.93211791763e-06, 2.09963445741e-06, 1.1457995015e-06, 9.31404940729e-07, 2.76002765531e-06, 6.79054380726e-07, 3.74078041432e-07, 3.18423872159e-07, 6.41504911414e-08, 1.9124939854e-08, 7.38503525e-09, 5.7102028661e-10, 7.28733276522e-14],
        "max": [0.00601181574166, 0.0632729753852, 0.12357828021, 0.156115621328, 0.129229143262, 0.0541498251259, 0.0184511113912, 0.0320461206138, 0.0138712991029, 0.0257442928851, 0.0116040064022, 0.00701143452898, 0.00586324185133, 0.0283875986934, 0.0431877523661, 0.0324949137866, 0.0155857456848, 0.0379488617182, 0.0542669333518, 0.0253653880209, 0.0103197665885, 0.0133329788223, 0.00493843713775, 0.00276020797901, 0.00160124036483, 0.000451058120234, 4.29818146586e-06],
        "mean": [0.00011309653928, 0.000875973259099, 0.00319400429726, 0.00154240836855, 0.0037916735746, 0.00215092673898, 0.000789126497693, 0.000954424671363, 0.000473191495985, 0.000355298805516, 0.00027520491858, 0.000183166266652, 0.000305229332298, 0.000269561191089, 0.000368124427041, 0.000171531151864, 0.000224572446314, 0.000130603395519, 0.000289551448077, 0.000113406378659, 9.88486572169e-05, 9.49819441303e-05, 6.20091377641e-05, 3.31287701556e-05, 1.44136956806e-05, 3.03675369651e-06, 1.86757187493e-08],
        "median": [8.47298579174e-05, 0.000317339727189, 0.000945592415519, 0.000453639484476, 0.00141590333078, 0.000807445438113, 0.000313470722176, 0.000362917489838, 0.000155145695317, 8.7515283667e-05, 8.77826314536e-05, 4.83875883219e-05, 4.36376540165e-05, 4.13197958551e-05, 3.66285312339e-05, 2.19062785618e-05, 2.21731061174e-05, 1.70232633536e-05, 1.70432103914e-05, 9.34669606067e-06, 4.0077511585e-06, 1.41771522522e-06, 5.99189490913e-07, 2.75610148037e-07, 1.03590053868e-07, 3.60935992205e-08, 1.30123944952e-09],
        "min": [1.20343285029e-24, 1.63050338921e-23, 5.49859558994e-24, 1.1474015393e-24, 1.68989183582e-23, 1.8808692234e-23, 1.94399734403e-23, 1.54820957734e-23, 2.97708469457e-23, 3.13109716454e-23, 1.75654679578e-23, 3.16243766167e-23, 3.56036087482e-23, 6.7130232877e-23, 7.11418998135e-23, 1.30097892882e-22, 9.62892203719e-23, 1.58742580932e-22, 1.58083635951e-22, 1.80301038755e-22, 2.24050885906e-22, 3.76722128254e-22, 4.85172024444e-22, 5.6890987459e-22, 8.94387017839e-22, 1.56987510568e-21, 2.38936067672e-21],
        "var": [6.37447712393e-08, 5.1014071687e-06, 4.26042352046e-05, 2.30020668823e-05, 4.41486808995e-05, 1.7780734197e-05, 1.92721358871e-06, 3.32258832714e-06, 1.07635219138e-06, 1.27381792936e-06, 4.2196808181e-07, 1.65502768823e-07, 4.15071241378e-07, 1.50961886902e-06, 3.34457627105e-06, 7.83316011166e-07, 9.57902557275e-07, 9.40962365803e-07, 3.12557949655e-06, 3.62380944807e-07, 2.36618760141e-07, 3.67520016198e-07, 1.04187670047e-07, 3.1710392534e-08, 8.77364758622e-09, 5.30337884719e-10, 2.97511073123e-14]
    },
    "erbbands": {
        "dmean": [0.00707146478817, 0.218283638358, 2.23330926895, 2.97291064262, 4.15170621872, 8.78986263275, 12.3354082108, 9.16495895386, 7.60121965408, 8.88208293915, 14.1411790848, 6.16844749451, 6.09344816208, 7.27772378922, 5.12279462814, 4.37750053406, 6.85420036316, 7.41220569611, 10.4902915955, 11.535235405, 8.51665401459, 6.87559366226, 4.96042490005, 8.30581474304, 6.41721630096, 2.53245186806, 3.12075805664, 1.8620634079, 2.02999401093, 1.20003223419, 1.0914734602, 0.42008036375, 0.237418279052, 0.104221977293, 0.0390121303499, 0.0128163844347, 0.00261290208437, 0.000165438934346, 6.81940582581e-06, 6.89621992933e-06],
        "dmean2": [0.0123810898513, 0.375639677048, 3.70584821701, 4.67942285538, 6.78190612793, 13.9828329086, 18.67329216, 14.8994159698, 11.9839715958, 14.1238136292, 21.8939914703, 9.34644508362, 9.40972232819, 11.4192876816, 8.08347415924, 6.82094907761, 10.5144510269, 11.3403396606, 15.6895017624, 17.9961185455, 13.7737951279, 10.7898168564, 7.41128730774, 13.1607456207, 9.51172065735, 3.83820295334, 4.87807273865, 3.0072991848, 3.02344560623, 1.66314733028, 1.73320651054, 0.630280852318, 0.337854772806, 0.151456594467, 0.0575660467148, 0.0174515731633, 0.00378677574918, 0.000243805581704, 9.72120778897e-06, 9.59115641308e-06],
        "dvar": [0.00111913029104, 0.303926646709, 25.0392036438, 107.371620178, 156.82321167, 337.723907471, 712.364929199, 341.019073486, 221.279037476, 300.51763916, 1033.76049805, 146.176116943, 498.804382324, 307.715057373, 162.960571289, 114.63394165, 235.606292725, 822.913879395, 2899.11425781, 5520.31445312, 3626.12792969, 801.933654785, 2048.7956543, 5025.46728516, 1379.73815918, 138.951248169, 920.631896973, 109.752876282, 193.59173584, 53.3723487854, 48.1229324341, 6.52704381943, 2.75624465942, 0.60695463419, 0.113537631929, 0.00980716757476, 0.000444008619525, 1.81133509614e-06, 1.17619847195e-09, 1.55432194893e-10],
        "dvar2": [0.00337985018268, 0.926081180573, 71.8276138306, 306.746459961, 386.872802734, 876.225585938, 1604.89501953, 897.438049316, 516.278198242, 771.553527832, 2683.32324219, 327.956207275, 840.509155273, 798.688293457, 394.572509766, 271.478149414, 561.461608887, 1594.06958008, 5661.77783203, 12351.1982422, 9781.59960938, 1987.06335449, 3802.29345703, 8991.36523438, 2577.77514648, 304.549377441, 2166.36791992, 300.856842041, 444.472351074, 93.7933502197, 122.867271423, 16.118938446, 5.70873451233, 1.42915272713, 0.262960702181, 0.0193356983364, 0.00088759616483, 3.50651771441e-06, 2.25054352931e-09, 3.57239238191e-10],
        "max": [0.925373971462, 19.7495861053, 139.399612427, 279.669403076, 611.499084473, 394.7394104, 635.538513184, 403.758026123, 301.553985596, 266.82510376, 670.370239258, 242.289016724, 961.674072266, 346.115356445, 355.613525391, 327.533691406, 291.915496826, 683.510070801, 1257.25036621, 2373.79467773, 2213.60571289, 658.544067383, 2369.04980469, 3342.83129883, 2170.33764648, 460.35824585, 1405.11987305, 327.324829102, 461.680755615, 231.209274292, 209.928619385, 75.2785339355, 69.6983795166, 25.9474201202, 11.7721261978, 2.731798172, 0.555393159389, 0.0309779681265, 0.00084245990729, 0.000426499143941],
        "mean": [0.0127567043528, 0.292701989412, 2.95624113083, 4.78178548813, 6.4411034584, 14.7976284027, 21.904083252, 14.43039608, 11.1923761368, 13.9335174561, 21.9626750946, 11.013543129, 10.8625450134, 11.1167583466, 8.72515773773, 8.09757041931, 14.1223154068, 12.162815094, 15.4754333496, 16.5156936646, 12.4372940063, 11.2135562897, 8.4893321991, 13.2487869263, 12.2345199585, 4.78713274002, 4.61932039261, 3.09940838814, 3.42008590698, 2.45791006088, 2.10315942764, 0.94197255373, 0.492835760117, 0.191722124815, 0.06597879529, 0.0197804439813, 0.00375870638527, 0.000245848757913, 1.57949198183e-05, 2.03824747587e-05],
        "median": [0.0039660311304, 0.118874110281, 0.958364129066, 1.74664783478, 2.47238111496, 4.88843393326, 6.91506958008, 6.02413988113, 4.67552185059, 5.92521905899, 8.23748397827, 4.30770683289, 2.929926157, 3.57137203217, 2.65107584, 2.22589731216, 2.12918257713, 2.14186000824, 2.15651607513, 2.08902716637, 1.53389179707, 1.38886058331, 1.08325660229, 0.950975954533, 0.726370215416, 0.434818595648, 0.229952692986, 0.114719070494, 0.0579465068877, 0.0276502147317, 0.0162921287119, 0.00807187333703, 0.0035838552285, 0.00141874596011, 0.000624373729806, 0.000239206696278, 5.49560572836e-05, 7.53534186515e-06, 5.36643074156e-06, 1.1717356756e-05],
        "min": [3.12896111853e-22, 3.72714093864e-21, 1.18164891156e-20, 6.567671892e-21, 3.61727148157e-20, 5.03567846759e-20, 1.19101794369e-19, 1.65691243106e-19, 2.86096208831e-19, 2.8712367055e-19, 4.60906536579e-19, 6.20579329871e-19, 9.49175380641e-19, 1.31615964287e-18, 8.88618728767e-19, 1.33285266462e-18, 1.82953491779e-18, 3.39553608948e-18, 4.92813033135e-18, 4.48775633043e-18, 7.38226602096e-18, 6.2609561126e-18, 8.15242741953e-18, 6.60172970956e-18, 9.45560332531e-18, 9.68400360887e-18, 8.7825810548e-18, 9.92595641958e-18, 1.26363874045e-17, 1.48120039373e-17, 1.3562813147e-17, 1.33265620922e-17, 1.0779969944e-17, 8.93613141908e-18, 6.44872693883e-18, 5.14779103815e-18, 3.10581545954e-18, 1.21882798853e-18, 2.61143762816e-19, 3.25457087754e-20],
        "var": [0.00254684081301, 0.440693050623, 36.7693138123, 138.880142212, 242.081726074, 714.659484863, 1909.02819824, 619.986206055, 375.288208008, 527.110534668, 1742.6998291, 407.278961182, 1591.80236816, 488.389801025, 415.568756104, 277.575195312, 871.111572266, 1633.70458984, 4948.54833984, 6205.5703125, 3708.15161133, 1819.50439453, 3653.35302734, 8264.38867188, 4929.78564453, 293.565185547, 971.356811523, 217.582946777, 462.459655762, 195.544952393, 147.703811646, 24.4076538086, 9.64304065704, 1.47485482693, 0.228705957532, 0.0204662811011, 0.00080604798859, 3.45847888639e-06, 2.92923907352e-09, 7.03839986294e-10]
    },
    "gfcc": {
        "mean": [-104.130577087, 159.717483521, -124.647880554, 25.8635425568, -56.1812896729, -5.38872385025, -35.0374641418, -5.05079317093, -19.7032852173, -8.29027080536, -10.212436676, -12.4835987091, -7.53637933731],
        "cov": [[11193.1201172, -1697.16760254, -2118.91381836, 1296.05200195, -687.889648438, -2.0018658638, -366.122680664, -110.964027405, -148.160476685, -167.475753784, -113.806785583, -30.6262073517, -63.4686813354], [-1697.16760254, 1414.59240723, 579.673950195, -392.005401611, 311.671844482, -180.876876831, 143.522399902, -59.0831451416, 73.3902359009, -53.0167236328, 60.6523399353, -66.1648864746, 80.5155792236], [-2118.91381836, 579.673950195, 933.558898926, -249.608337402, 111.063789368, 34.7258262634, 15.1415138245, 32.9155273438, 24.0210990906, -29.0240936279, -7.61169624329, 5.39136695862, 34.4071006775], [1296.05200195, -392.005401611, -249.608337402, 449.751800537, -9.57705020905, -13.3583269119, -38.1241073608, -34.982875824, -29.7795066833, -52.2708015442, -31.0087890625, 2.24555110931, -4.50978755951], [-687.889648438, 311.671844482, 111.063789368, -9.57705020905, 283.438934326, -40.1348686218, 84.0486297607, -17.8402824402, 15.4881830215, -2.78010892868, -1.93256044388, -25.2142353058, 13.9927492142], [-2.0018658638, -180.876876831, 34.7258262634, -13.3583269119, -40.1348686218, 173.156021118, 3.4122197628, 46.0482063293, 4.99964427948, 34.3341217041, -1.78147256374, 9.53996658325, -29.2787971497], [-366.122680664, 143.522399902, 15.1415138245, -38.1241073608, 84.0486297607, 3.4122197628, 118.130973816, 13.2482233047, 14.9300165176, 10.8549032211, 18.9755802155, -7.25569963455, -13.816450119], [-110.964027405, -59.0831451416, 32.9155273438, -34.982875824, -17.8402824402, 46.0482063293, 13.2482233047, 79.2756576538, 19.3059062958, 30.0387954712, -4.30679368973, 9.91750431061, -13.0343618393], [-148.160476685, 73.3902359009, 24.0210990906, -29.7795066833, 15.4881830215, 4.99964427948, 14.9300165176, 19.3059062958, 68.1848754883, 21.9196281433, 17.3823070526, -7.09781980515, 11.1106987], [-167.475753784, -53.0167236328, -29.0240936279, -52.2708015442, -2.78010892868, 34.3341217041, 10.8549032211, 30.0387954712, 21.9196281433, 85.5583190918, 26.7697277069, 9.01802444458, -22.7111854553], [-113.806785583, 60.6523399353, -7.61169624329, -31.0087890625, -1.93256044388, -1.78147256374, 18.9755802155, -4.30679368973, 17.3823070526, 26.7697277069, 71.3098373413, 16.5268554688, -6.21580934525], [-30.6262073517, -66.1648864746, 5.39136695862, 2.24555110931, -25.2142353058, 9.53996658325, -7.25569963455, 9.91750431061, -7.09781980515, 9.01802444458, 16.5268554688, 51.7842903137, 9.54788780212], [-63.4686813354, 80.5155792236, 34.4071006775, -4.50978755951, 13.9927492142, -29.2787971497, -13.816450119, -13.0343618393, 11.1106987, -22.7111854553, -6.21580934525, 9.54788780212, 72.5547332764]],
        "icov": [[0.00033170756069, -0.000479431822896, 0.000757938367315, -0.000851015909575, 0.000674710492603, -0.00048887624871, 0.00073773949407, -0.000360888661817, 0.000220435962547, 0.000250153971137, 0.000314144475851, -2.38476368395e-05, 0.000232722042711], [-0.000479431822896, 0.0036331708543, -0.00222328328528, 0.00309176486917, -0.00251205591485, 0.00278190057725, -0.00258017517626, 0.00151920795906, -0.00148541026283, 0.00161197071429, -0.00302578648552, 0.00286641903222, -0.00172040821053], [0.000757938367315, -0.00222328328528, 0.00371266133152, -0.00166076712776, 0.00119854102377, -0.0024907591287, 0.00300785223953, -0.00186328939162, 0.000542454712559, 0.00146444386337, 0.00165199674666, -0.00178210600279, 0.00101954024285], [-0.000851015909575, 0.00309176486917, -0.00166076712776, 0.00657408311963, -0.00350009999238, 0.00207291333936, -0.00167405605316, 0.00204769033007, -0.00174594926648, 0.00306047755294, -0.00164124497678, 0.000445943558589, -0.000392567628296], [0.000674710492603, -0.00251205591485, 0.00119854102377, -0.00350009999238, 0.00790014956146, -0.000961249810643, -0.00221596146002, 0.000568115327042, 0.00095514417626, -0.0026615774259, 0.00326122273691, 0.000447886763141, -0.000398406758904], [-0.00048887624871, 0.00278190057725, -0.0024907591287, 0.00207291333936, -0.000961249810643, 0.0098799886182, -0.00273386226036, -0.00159379048273, -0.00096488854615, -0.00125515891705, -0.00123041728511, 0.00143315631431, 0.000621526676696], [0.00073773949407, -0.00258017517626, 0.00300785223953, -0.00167405605316, -0.00221596146002, -0.00273386226036, 0.0156124457717, -0.00454868609086, 0.000106999264972, 0.00225385092199, -0.00183095142711, -0.00117536284961, 0.0041451365687], [-0.000360888661817, 0.00151920795906, -0.00186328939162, 0.00204769033007, 0.000568115327042, -0.00159379048273, -0.00454868609086, 0.0213240329176, -0.00680454866961, -0.00447578728199, 0.00590404961258, -0.00472243642434, 0.00198946753517], [0.000220435962547, -0.00148541026283, 0.000542454712559, -0.00174594926648, 0.00095514417626, -0.00096488854615, 0.000106999264972, -0.00680454866961, 0.0224064216018, -0.00521265901625, -0.00526657374576, 0.0071171130985, -0.00675083789974], [0.000250153971137, 0.00161197071429, 0.00146444386337, 0.00306047755294, -0.0026615774259, -0.00125515891705, 0.00225385092199, -0.00447578728199, -0.00521265901625, 0.0221276115626, -0.0067748548463, -0.00127289234661, 0.00486943079159], [0.000314144475851, -0.00302578648552, 0.00165199674666, -0.00164124497678, 0.00326122273691, -0.00123041728511, -0.00183095142711, 0.00590404961258, -0.00526657374576, -0.0067748548463, 0.0243630930781, -0.0115236453712, 0.00462315836921], [-2.38476368395e-05, 0.00286641903222, -0.00178210600279, 0.000445943558589, 0.000447886763141, 0.00143315631431, -0.00117536284961, -0.00472243642434, 0.0071171130985, -0.00127289234661, -0.0115236453712, 0.0304251685739, -0.00938858091831], [0.000232722042711, -0.00172040821053, 0.00101954024285, -0.000392567628296, -0.000398406758904, 0.000621526676696, 0.0041451365687, 0.00198946753517, -0.00675083789974, 0.00486943079159, 0.00462315836921, -0.00938858091831, 0.0210515577346]]
    },
    "melbands": {
        "dmean": [0.000114428177767, 0.000844172609504, 0.000522719230503, 0.000456243404187, 0.000409050524468, 0.000214991814573, 0.000111161512905, 0.000109791653813, 0.000105660277768, 3.55852425855e-05, 3.14856260957e-05, 2.97062833852e-05, 2.16340085899e-05, 1.28320380099e-05, 1.48068966155e-05, 1.43884963109e-05, 1.61349908012e-05, 1.74493161467e-05, 2.13784860534e-05, 9.5517061709e-06, 1.11149438453e-05, 8.9649020083e-06, 3.94419112126e-06, 4.47016236649e-06, 7.80539903644e-06, 4.75985689263e-06, 3.63591379937e-06, 1.56224575676e-06, 2.01540751732e-06, 2.49294566856e-06, 6.58024305267e-07, 1.00894408206e-06, 1.48301228364e-06, 4.76322128407e-07, 6.97778261838e-07, 3.84751729143e-07, 2.63506791498e-07, 1.98878623792e-07, 1.48641646547e-07, 7.48136059769e-08],
        "dmean2": [0.000199075235287, 0.00140351091977, 0.000813375343569, 0.000744105665945, 0.000616870704107, 0.00034789997153, 0.000173913955223, 0.000173837615876, 0.000161399540957, 5.44587637705e-05, 4.87317156512e-05, 4.66194615001e-05, 3.49862166331e-05, 2.04464140552e-05, 2.29396064242e-05, 2.21367463382e-05, 2.49684617302e-05, 2.68950643658e-05, 3.27852940245e-05, 1.52638258442e-05, 1.79299349838e-05, 1.42898970807e-05, 6.19573029326e-06, 6.83765119902e-06, 1.25506667246e-05, 7.17489547242e-06, 5.47455601918e-06, 2.43596969085e-06, 3.11235339723e-06, 4.20208971263e-06, 1.03137199403e-06, 1.59493447427e-06, 2.17759816223e-06, 6.64605181555e-07, 1.10406892873e-06, 6.08475204444e-07, 4.03177779162e-07, 3.02061721413e-07, 2.11998212762e-07, 1.13113586053e-07],
        "dvar": [1.18031202589e-07, 3.6889096009e-06, 2.81070447272e-06, 1.06321238036e-06, 7.57036161758e-07, 1.88055054196e-07, 4.51219790421e-08, 5.05355082225e-08, 5.43819673737e-08, 4.75658845644e-09, 1.2778833991e-08, 5.04215558195e-09, 3.19197179799e-09, 9.2808055685e-10, 1.3594827486e-09, 1.35623801079e-09, 5.12821607401e-09, 8.65504201641e-09, 1.72605680859e-08, 1.93011384653e-09, 5.47072254165e-09, 1.82986559238e-09, 2.32802346845e-10, 2.64457344912e-09, 4.75744421635e-09, 1.03584307798e-09, 2.24091675771e-10, 8.41186009737e-11, 9.54974210821e-10, 2.90923340973e-10, 8.90968635675e-12, 3.36145764002e-11, 1.77121858846e-10, 7.83397478832e-12, 2.11235577641e-11, 5.96578819331e-12, 2.90866961593e-12, 2.26145794799e-12, 9.89452443589e-13, 4.61638756735e-13],
        "dvar2": [3.52764260469e-07, 1.0618219676e-05, 7.66445464251e-06, 2.84710472442e-06, 1.65683366049e-06, 4.89020294481e-07, 1.040606179e-07, 1.28864854787e-07, 1.38898357704e-07, 1.06162856284e-08, 2.16810676079e-08, 1.30058452896e-08, 7.63724372632e-09, 2.38499309191e-09, 3.330435705e-09, 3.13661963069e-09, 9.76058611712e-09, 1.71694498619e-08, 3.80520113197e-08, 4.74217332069e-09, 1.4630162859e-08, 4.63996441269e-09, 5.51030443496e-10, 4.54570070474e-09, 8.48453929336e-09, 1.96375382622e-09, 4.54133758376e-10, 1.89967278019e-10, 2.20722640165e-09, 8.22029611047e-10, 2.39233442084e-11, 8.85250692195e-11, 3.71846997638e-10, 1.28212917713e-11, 5.48297934833e-11, 1.49311344538e-11, 7.62066191401e-12, 4.92982434389e-12, 2.21233383176e-12, 1.17965619911e-12],
        "max": [0.0117028346285, 0.0565843358636, 0.0596479997039, 0.0382877252996, 0.0234829764813, 0.00952549744397, 0.00401159096509, 0.00382584938779, 0.00439623184502, 0.00131275202148, 0.00484378449619, 0.00137633038685, 0.00166570290457, 0.000670748937409, 0.000768748810515, 0.000698459509294, 0.00179353170097, 0.00204181205481, 0.00423090765253, 0.000944572500885, 0.00269743520766, 0.000955773692112, 0.000617558020167, 0.00268460577354, 0.00328420591541, 0.00147879228462, 0.000798526452854, 0.000379622186301, 0.00150263600517, 0.00052774825599, 8.74435136211e-05, 0.000169581355294, 0.000439889903646, 0.000125099628349, 0.000148603445268, 9.44291823544e-05, 5.41080917174e-05, 6.29502392258e-05, 3.31917290168e-05, 2.50330504059e-05],
        "mean": [0.000174257453182, 0.00116143131163, 0.000890197348781, 0.000732898770366, 0.000772815663368, 0.000346498243744, 0.00016667690943, 0.000169456368894, 0.000169528648257, 6.11799987382e-05, 5.38382701052e-05, 4.4840213377e-05, 3.32202507707e-05, 2.04354018933e-05, 2.97392853099e-05, 2.54262977251e-05, 2.41726138484e-05, 2.36442228925e-05, 3.03227716358e-05, 1.38882551255e-05, 1.51701360664e-05, 1.36798289532e-05, 6.28155203231e-06, 7.31929048925e-06, 1.15645361802e-05, 8.38499818201e-06, 6.53226743452e-06, 2.5780609576e-06, 2.60156753029e-06, 3.67346956409e-06, 1.0498474694e-06, 1.68490009855e-06, 2.31195394917e-06, 9.48607066675e-07, 1.27594182686e-06, 7.63272169024e-07, 5.27392614913e-07, 3.81063330224e-07, 2.61138296764e-07, 1.23373936844e-07],
        "median": [6.29875721643e-05, 0.000408649095334, 0.000347942841472, 0.000269883719739, 0.000268670904916, 0.000142502656672, 6.68765496812e-05, 7.07637664163e-05, 6.34402240394e-05, 2.27681357501e-05, 1.36038433993e-05, 1.419423279e-05, 1.04579085018e-05, 5.54573443878e-06, 4.75126944366e-06, 4.19878369939e-06, 3.71206488126e-06, 3.2108873711e-06, 2.99104203805e-06, 1.90690263935e-06, 1.56899614012e-06, 1.36875246426e-06, 1.09460313524e-06, 7.9289588939e-07, 7.43842406337e-07, 5.41481426808e-07, 4.22602198569e-07, 2.35255996017e-07, 1.51822135308e-07, 8.88046614023e-08, 5.29948351868e-08, 3.50102951074e-08, 1.96236840111e-08, 1.32172894851e-08, 9.93315563136e-09, 6.4510943254e-09, 4.179582902e-09, 2.71877631519e-09, 1.66492686304e-09, 1.02530395285e-09],
        "min": [3.7939894472e-24, 6.05317230049e-24, 2.44107031499e-24, 4.33659203807e-24, 5.56709277677e-24, 3.9683075913e-24, 4.50789910009e-24, 2.88976650927e-24, 3.10809895037e-24, 3.96002139635e-24, 4.64691808527e-24, 5.45384903281e-24, 2.68426646853e-24, 2.89364592999e-24, 4.20102076948e-24, 4.49191441157e-24, 5.06113869141e-24, 7.03652725632e-24, 5.98672891303e-24, 5.19348864649e-24, 7.30320168533e-24, 4.79773172427e-24, 9.15682523079e-24, 7.82538579496e-24, 4.41671742907e-24, 6.06872311551e-24, 7.10398590777e-24, 5.04600873367e-24, 5.47981360065e-24, 4.75144531065e-24, 4.8726959928e-24, 6.84050320998e-24, 7.98682539035e-24, 8.04967867184e-24, 6.64687098991e-24, 7.82427271222e-24, 5.83613852166e-24, 6.72155797383e-24, 7.20970194654e-24, 6.60396760629e-24],
        "var": [2.39984558448e-07, 5.4797710618e-06, 4.34155208495e-06, 1.83515498975e-06, 2.11432165997e-06, 3.75571829636e-07, 8.1733389834e-08, 8.51206465313e-08, 1.0582659371e-07, 1.2947116268e-08, 4.04376798713e-08, 7.9430817479e-09, 6.60512489148e-09, 1.88576354532e-09, 4.3559276186e-09, 3.10374548285e-09, 9.22807164017e-09, 1.26251071819e-08, 2.2732736582e-08, 2.43116593523e-09, 5.84040504847e-09, 3.78200226692e-09, 4.17795936736e-10, 4.5948107541e-09, 7.76725794793e-09, 2.70966671323e-09, 8.23046242271e-10, 1.22659993274e-10, 8.64930960187e-10, 4.71189476325e-10, 1.83506126961e-11, 8.66942767574e-11, 3.51529666487e-10, 2.7490230578e-11, 6.15646492119e-11, 2.03138113969e-11, 8.20099110149e-12, 6.779458505e-12, 2.6248905393e-12, 8.30891616361e-13]
    },
    "mfcc": {
        "mean": [-739.346374512, 181.092788696, -6.63192272186, 28.6488380432, -1.79564321041, -0.0351881943643, -4.88997650146, -3.12962412834, -6.7962937355, 0.149954944849, -4.23274087906, -3.05017185211, -3.96851730347],
        "cov": [[9861.7109375, -2738.45092773, -1321.46887207, 658.375976562, -397.821289062, 125.438522339, -360.230529785, 91.9746780396, -276.994506836, 16.636926651, -188.423675537, -98.701133728, -146.112930298], [-2738.45092773, 1850.22766113, 341.310302734, -82.0326843262, 156.140563965, -67.1566390991, 113.518928528, -52.2798233032, 92.8856506348, -1.611333251, 29.9579582214, 3.66551804543, 28.7598571777], [-1321.46887207, 341.310302734, 670.508544922, -160.772857666, 100.756370544, -35.9978561401, 13.5253152847, 20.8816051483, 45.4365119934, -26.8037700653, -37.1301956177, 39.5885772705, 40.7303276062], [658.375976562, -82.0326843262, -160.772857666, 365.493225098, 47.3520698547, 34.4743080139, -9.92946243286, 14.1514110565, -11.0360956192, -22.381734848, -41.0439414978, -41.0088272095, -35.4221305847], [-397.821289062, 156.140563965, 100.756370544, 47.3520698547, 141.333343506, 27.0663375854, 21.9538860321, 8.47075557709, 27.9605731964, 5.43739414215, -10.8436670303, -22.8362426758, -2.23228931427], [125.438522339, -67.1566390991, -35.9978561401, 34.4743080139, 27.0663375854, 91.3423843384, 32.4708023071, 17.9603328705, 1.91472887993, 9.94236850739, 13.8527622223, -3.53602933884, -2.45404243469], [-360.230529785, 113.518928528, 13.5253152847, -9.92946243286, 21.9538860321, 32.4708023071, 89.1444320679, 20.4536113739, 13.9557113647, 4.41933727264, 27.1095714569, 8.63871574402, 4.99016046524], [91.9746780396, -52.2798233032, 20.8816051483, 14.1514110565, 8.47075557709, 17.9603328705, 20.4536113739, 61.102848053, 16.1957035065, -3.28658986092, -0.911749958992, 3.56700706482, 0.228283688426], [-276.994506836, 92.8856506348, 45.4365119934, -11.0360956192, 27.9605731964, 1.91472887993, 13.9557113647, 16.1957035065, 75.6675186157, 22.7553348541, -13.3446512222, -7.36347913742, 10.7816543579], [16.636926651, -1.611333251, -26.8037700653, -22.381734848, 5.43739414215, 9.94236850739, 4.41933727264, -3.28658986092, 22.7553348541, 66.7494506836, 29.3052902222, -5.03679132462, 5.20526170731], [-188.423675537, 29.9579582214, -37.1301956177, -41.0439414978, -10.8436670303, 13.8527622223, 27.1095714569, -0.911749958992, -13.3446512222, 29.3052902222, 100.422981262, 31.9907207489, 1.31290841103], [-98.701133728, 3.66551804543, 39.5885772705, -41.0088272095, -22.8362426758, -3.53602933884, 8.63871574402, 3.56700706482, -7.36347913742, -5.03679132462, 31.9907207489, 68.2768173218, 21.8199539185], [-146.112930298, 28.7598571777, 40.7303276062, -35.4221305847, -2.23228931427, -2.45404243469, 4.99016046524, 0.228283688426, 10.7816543579, 5.20526170731, 1.31290841103, 21.8199539185, 53.5852813721]],
