{
"lowlevel": {
    "average_loudness": 0.895244717598,
    "barkbands_crest": {
        "dmean": 2.41914081573,
        "dmean2": 3.71166729927,
        "dvar": 5.09709644318,
        "dvar2": 11.2591934204,
        "max": 26.913942337,
        "mean": 10.567615509,
        "median": 9.18342590332,
        "min": 3.01037621498,
        "var": 24.9354038239
    },
    "barkbands_flatness_db": {
        "dmean": 0.0202636905015,
        "dmean2": 0.030328983441,
        "dvar": 0.000351038470399,
        "dvar2": 0.000699848809745,
        "max": 0.703152656555,
        "mean": 0.202359721065,
        "median": 0.188794150949,
        "min": 0.0851474031806,
        "var": 0.00508623383939
    },
    "barkbands_kurtosis": {
        "dmean": 6.466588974,
        "dmean2": 9.95228862762,
        "dvar": 11227.3535156,
        "dvar2": 15377.7675781,
        "max": 8682.21484375,
        "mean": 123.620201111,
        "median": 0.56845664978,
        "min": -1.86093854904,
        "var": 986951.9375
    },
    "barkbands_skewness": {
        "dmean": 0.483188331127,
        "dmean2": 0.710660994053,
        "dvar": 1.27349841595,
        "dvar2": 1.96186137199,
        "max": 90.3311309814,
        "mean": 2.38682031631,
        "median": 0.983520150185,
        "min": -2.86230707169,
        "var": 111.164360046
    },
    "barkbands_spread": {
        "dmean": 3.92590785027,
        "dmean2": 5.8520989418,
        "dvar": 13.431016922,
        "dvar2": 29.3657207489,
        "max": 52.3493728638,
        "mean": 17.2277297974,
        "median": 16.8678283691,
        "min": 0.0622863061726,
        "var": 56.024230957
    },
    "dissonance": {
        "dmean": 0.0228950567544,
        "dmean2": 0.0375681146979,
        "dvar": 0.000409516651416,
        "dvar2": 0.00109997589607,
        "max": 0.500000059605,
        "mean": 0.446290612221,
        "median": 0.450853466988,
        "min": 0.272216111422,
        "var": 0.000970227352809
    },
    "dynamic_complexity": 2.67372965813,
    "erbbands_crest": {
        "dmean": 2.93217945099,
        "dmean2": 4.59506845474,
        "dvar": 6.99854230881,
        "dvar2": 15.8235168457,
        "max": 32.0855751038,
        "mean": 10.9125146866,
        "median": 9.89218902588,
        "min": 2.17578029633,
        "var": 21.1878757477
    },
    "erbbands_flatness_db": {
        "dmean": 0.0156232398003,
        "dmean2": 0.0219620522112,
        "dvar": 0.000192320192582,
        "dvar2": 0.000362230319297,
        "max": 0.420325249434,
        "mean": 0.241352334619,
        "median": 0.240297138691,
        "min": 0.0463541075587,
        "var": 0.00199914490804
    },
    "erbbands_kurtosis": {
        "dmean": 0.803272843361,
        "dmean2": 1.23857808113,
        "dvar": 2.12884116173,
        "dvar2": 4.43316602707,
        "max": 65.9259872437,
        "mean": -0.142135456204,
        "median": -0.556307435036,
        "min": -1.8587577343,
        "var": 4.05836105347
    },
    "erbbands_skewness": {
        "dmean": 0.397192776203,
        "dmean2": 0.586529970169,
        "dvar": 0.144752755761,
        "dvar2": 0.304076611996,
        "max": 7.06977796555,
        "mean": 0.16964751482,
        "median": 0.151812851429,
        "min": -3.07566261292,
        "var": 0.541746199131
    },
    "erbbands_spread": {
        "dmean": 5.43989515305,
        "dmean2": 8.20100975037,
        "dvar": 23.5479183197,
        "dvar2": 51.2356071472,
        "max": 189.552490234,
        "mean": 31.2386703491,
        "median": 29.0948925018,
        "min": 2.14911079407,
        "var": 426.908447266
    },
    "hfc": {
        "dmean": 6.1570892334,
        "dmean2": 7.72317790985,
        "dvar": 48.8546981812,
        "dvar2": 78.9471664429,
        "max": 145.972091675,
        "mean": 17.3607082367,
        "median": 14.226228714,
        "min": 1.12154191356e-06,
        "var": 175.596130371
    },
    "melbands_crest": {
        "dmean": 3.03540420532,
        "dmean2": 4.59873008728,
        "dvar": 7.39306640625,
        "dvar2": 16.6138744354,
        "max": 39.9966468811,
        "mean": 14.4580192566,
        "median": 13.0573091507,
        "min": 3.99699616432,
        "var": 40.5022468567
    },
    "melbands_flatness_db": {
        "dmean": 0.0226253736764,
        "dmean2": 0.0312328822911,
        "dvar": 0.000446949736215,
        "dvar2": 0.000839452608489,
        "max": 0.673730492592,
        "mean": 0.218768313527,
        "median": 0.207285642624,
        "min": 0.0858783721924,
        "var": 0.00525490054861
    },
    "melbands_kurtosis": {
        "dmean": 15.0495796204,
        "dmean2": 21.6906738281,
        "dvar": 43673.109375,
        "dvar2": 54859.1757812,
        "max": 17416.5898438,
        "mean": 241.430999756,
        "median": 3.5306789875,
        "min": -1.8770608902,
        "var": 3785019.5
    },
    "melbands_skewness": {
        "dmean": 0.602680623531,
        "dmean2": 0.887269198895,
        "dvar": 2.40243625641,
        "dvar2": 3.30086708069,
        "max": 128.02243042,
        "mean": 3.67972636223,
        "median": 1.73375701904,
        "min": -1.63912773132,
        "var": 213.155944824
    },
    "melbands_spread": {
        "dmean": 6.26629400253,
        "dmean2": 9.28953838348,
        "dvar": 41.7853088379,
        "dvar2": 88.3823471069,
        "max": 81.4116744995,
        "mean": 22.9868927002,
        "median": 20.4929389954,
        "min": 0.0518517419696,
        "var": 170.341079712
    },
    "pitch_salience": {
        "dmean": 0.0634221583605,
        "dmean2": 0.0972055271268,
        "dvar": 0.00302539998665,
        "dvar2": 0.006936035119,
        "max": 0.817016124725,
        "mean": 0.49833804369,
        "median": 0.511692881584,
        "min": 0.00107449362986,
        "var": 0.0151302749291
    },
    "silence_rate_20dB": {
        "dmean": 0,
        "dmean2": 0,
        "dvar": 0,
        "dvar2": 0,
        "max": 1,
        "mean": 1,
        "median": 1,
        "min": 1,
        "var": 0
    },
    "silence_rate_30dB": {
        "dmean": 0.00136855070014,
        "dmean2": 0.00273747602478,
        "dvar": 0.00136670481879,
        "dvar2": 0.00300383497961,
        "max": 1,
        "mean": 0.998494803905,
        "median": 1,
        "min": 0,
        "var": 0.00150286243297
    },
    "silence_rate_60dB": {
        "dmean": 0.015327767469,
        "dmean2": 0.030522858724,
        "dvar": 0.0150936320424,
        "dvar2": 0.0369844846427,
        "max": 1,
        "mean": 0.0525451563299,
        "median": 0,
        "min": 0,
        "var": 0.0497848689556
    },
    "spectral_centroid": {
        "dmean": 242.958465576,
        "dmean2": 355.571166992,
        "dvar": 52309.6640625,
        "dvar2": 106727.929688,
        "max": 4067.75048828,
        "mean": 1373.84265137,
        "median": 1270.89099121,
        "min": 282.159851074,
        "var": 368235.40625
    },
    "spectral_complexity": {
        "dmean": 2.26399350166,
        "dmean2": 3.47235155106,
        "dvar": 4.28675603867,
        "dvar2": 9.05415058136,
        "max": 34,
        "mean": 15.1565408707,
        "median": 15,
        "min": 0,
        "var": 29.8991165161
    },
    "spectral_decrease": {
        "dmean": 1.7122283591e-09,
        "dmean2": 2.20215645719e-09,
        "dvar": 3.78726421896e-18,
        "dvar2": 6.17717098836e-18,
        "max": -1.67846219237e-14,
        "mean": -5.27796562011e-09,
        "median": -4.31815561086e-09,
        "min": -4.35006342059e-08,
        "var": 1.62838345253e-17
    },
    "spectral_energy": {
        "dmean": 0.00694894464687,
        "dmean2": 0.00890459492803,
        "dvar": 6.07952606515e-05,
        "dvar2": 9.83898717095e-05,
        "max": 0.170263648033,
        "mean": 0.0214948877692,
        "median": 0.0176832471043,
        "min": 6.43441140369e-08,
        "var": 0.000261182023678
    },
    "spectral_energyband_high": {
        "dmean": 8.16256360849e-05,
        "dmean2": 0.000113141330075,
        "dvar": 1.99855207939e-08,
        "dvar2": 3.93697590084e-08,
        "max": 0.00371533143334,
        "mean": 0.00017124543956,
        "median": 8.66728805704e-05,
        "min": 1.49407396177e-11,
        "var": 5.33120356749e-08
    },
    "spectral_energyband_low": {
        "dmean": 0.000885146553628,
        "dmean2": 0.00120825087652,
        "dvar": 6.27844701739e-06,
        "dvar2": 9.92068453343e-06,
        "max": 0.12010204792,
        "mean": 0.00231067813002,
        "median": 0.00041510417941,
        "min": 1.68007971979e-08,
        "var": 2.7870579288e-05
    },
    "spectral_energyband_middle_high": {
        "dmean": 0.00262780790217,
        "dmean2": 0.00346593861468,
        "dvar": 1.26944651129e-05,
        "dvar2": 2.21746304305e-05,
        "max": 0.105282060802,
        "mean": 0.00637110183015,
        "median": 0.00469441665336,
        "min": 2.6906771082e-12,
        "var": 4.02365549235e-05
    },
    "spectral_energyband_middle_low": {
        "dmean": 0.00511417351663,
        "dmean2": 0.00676587689668,
        "dvar": 4.14421519963e-05,
        "dvar2": 7.24897545297e-05,
        "max": 0.117486052215,
        "mean": 0.0131020303816,
        "median": 0.00964241847396,
        "min": 1.6104539848e-13,
        "var": 0.000146501144627
    },
    "spectral_entropy": {
        "dmean": 0.180242449045,
        "dmean2": 0.241034269333,
        "dvar": 0.0293262563646,
        "dvar2": 0.0494263060391,
        "max": 8.80840969086,
        "mean": 6.98891067505,
        "median": 7.00071239471,
        "min": 5.05700397491,
        "var": 0.179366797209
    },
    "spectral_flux": {
        "dmean": 0.0176709946245,
        "dmean2": 0.029153265059,
        "dvar": 0.000301610212773,
        "dvar2": 0.000801993475761,
        "max": 0.216627955437,
        "mean": 0.0624874643981,
        "median": 0.0599163845181,
        "min": 2.65572634817e-06,
        "var": 0.000812521495391
    },
    "spectral_kurtosis": {
        "dmean": 3.26536035538,
        "dmean2": 5.78536272049,
        "dvar": 8.92367362976,
        "dvar2": 26.919090271,
        "max": 34.5872917175,
        "mean": 6.67034482956,
        "median": 5.82162618637,
        "min": 0.95200419426,
        "var": 14.9319086075
    },
    "spectral_rms": {
        "dmean": 0.000717049872037,
        "dmean2": 0.000909782713279,
        "dvar": 4.48798459729e-07,
        "dvar2": 7.13748704584e-07,
        "max": 0.0128884008154,
        "mean": 0.00424021389335,
        "median": 0.00415354641154,
        "min": 7.92305127106e-06,
        "var": 2.99129260384e-06
    },
    "spectral_rolloff": {
        "dmean": 376.79598999,
        "dmean2": 621.22668457,
        "dvar": 201342.640625,
        "dvar2": 422138.53125,
        "max": 4048.2421875,
        "mean": 1487.92272949,
        "median": 1335.05859375,
        "min": 21.533203125,
        "var": 649812.375
    },
    "spectral_skewness": {
        "dmean": 0.332176834345,
        "dmean2": 0.57301223278,
        "dvar": 0.085213765502,
        "dvar2": 0.247887313366,
        "max": 4.40959835052,
        "mean": 1.59355354309,
        "median": 1.51975417137,
        "min": 0.530563116074,
        "var": 0.187959715724
    },
    "spectral_spread": {
        "dmean": 221946.03125,
        "dmean2": 358944.03125,
        "dvar": 36686323712,
        "dvar2": 91176878080,
        "max": 10309933,
        "mean": 2922771,
        "median": 2790010,
        "min": 1454971.375,
        "var": 962840952832
    },
    "spectral_strongpeak": {
        "dmean": 0.82301646471,
        "dmean2": 1.28108501434,
        "dvar": 1.50337505341,
        "dvar2": 3.31725096703,
        "max": 14.17374897,
        "mean": 1.62980258465,
        "median": 1.12618100643,
        "min": 0,
        "var": 2.75280570984
    },
    "zerocrossingrate": {
        "dmean": 0.00695421546698,
        "dmean2": 0.00797964911908,
        "dvar": 3.87418876926e-05,
        "dvar2": 4.81304596178e-05,
        "max": 0.13134765625,
        "mean": 0.0510274618864,
        "median": 0.04931640625,
        "min": 0,
        "var": 0.000413924106397
    },
    "barkbands": {
        "dmean": [4.76651875942e-05, 0.000351942988345, 0.000484090793179, 0.000388224405469, 0.00136244506575, 0.00226633111015, 0.00127717130817, 0.000973845541012, 0.000522852060385, 0.000457219051896, 0.000860141881276, 0.000390262488509, 0.000264255242655, 0.000330052193021, 0.00031354976818, 0.000391834881157, 0.000516531872563, 0.000288651121082, 0.000269988755463, 7.65319637139e-05, 3.67865177395e-05, 1.87937657756e-05, 8.27059102448e-06, 3.76886123377e-06, 1.46060563111e-06, 8.59795512564e-10, 9.11278774662e-10],
        "dmean2": [7.99956469564e-05, 0.000462683703518, 0.000695709197316, 0.000595086778048, 0.00193872861564, 0.00301457336172, 0.00174980831798, 0.00135790661443, 0.000706875114702, 0.000662693171762, 0.0012220175704, 0.000561269524042, 0.000360326725058, 0.000497824745253, 0.000465727527626, 0.000592499098275, 0.000751097570173, 0.000423276884248, 0.000406640407164, 0.000117878975288, 5.57709790883e-05, 2.76279879472e-05, 1.21359789773e-05, 5.39212715012e-06, 2.17620481635e-06, 1.60473445643e-09, 1.70091463136e-09],
        "dvar": [3.16420556423e-09, 1.2406761698e-06, 2.4114651751e-06, 7.76656804646e-07, 8.90860246727e-06, 2.05920187e-05, 4.1778580453e-06, 6.95981452736e-06, 1.61464731718e-06, 1.00055706298e-06, 5.62982631891e-06, 6.06665935265e-07, 4.24981408287e-07, 3.71820249256e-07, 3.47627576502e-07, 7.25454867734e-07, 9.74826662059e-07, 3.48789768623e-07, 2.67385644293e-07, 3.25290976377e-08, 7.66527197271e-09, 1.44498468746e-09, 4.24527912823e-10, 5.38947740603e-11, 9.30634215524e-12, 1.6586410576e-18, 1.86436480505e-18],
        "dvar2": [9.32598087644e-09, 1.79720586857e-06, 4.59599914393e-06, 1.89688216778e-06, 1.79572689376e-05, 3.34263895638e-05, 7.34484137865e-06, 1.25034121083e-05, 2.87789725917e-06, 2.05708897738e-06, 1.06323495856e-05, 1.21551011034e-06, 6.30793977052e-07, 7.71871100369e-07, 6.53110987514e-07, 1.55565453497e-06, 1.86966155979e-06, 6.9705987471e-07, 5.75606236453e-07, 8.10329296996e-08, 1.62602908915e-08, 3.16003490042e-09, 9.31112464908e-10, 1.09454389996e-10, 2.02169999491e-11, 5.36666923209e-18, 6.03128073013e-18],
        "max": [0.00113907607738, 0.0452835261822, 0.0725500583649, 0.0288449376822, 0.0807651951909, 0.08728017658, 0.034545481205, 0.0597230456769, 0.0329563841224, 0.0282728280872, 0.0729632228613, 0.0206627137959, 0.0192626509815, 0.0136977862567, 0.0140278423205, 0.0173355787992, 0.0186435077339, 0.0173088219017, 0.00963727384806, 0.00741204293445, 0.00269410642795, 0.000956113741267, 0.000658025033772, 0.000160122843226, 7.86092859926e-05, 1.67116951388e-08, 1.78389800709e-08],
        "mean": [0.000253788428381, 0.000748390564695, 0.00101732485928, 0.000816504471004, 0.00290808174759, 0.00411655940115, 0.00246205693111, 0.00157908059191, 0.000901224848349, 0.000752538559027, 0.00134133745451, 0.000630163645837, 0.000432625791291, 0.00051317474572, 0.000498312292621, 0.000598147045821, 0.000822257599793, 0.000455113768112, 0.000406555918744, 0.000121810197015, 6.13342344877e-05, 3.32492418238e-05, 1.48700910358e-05, 7.55959354137e-06, 2.86307590613e-06, 6.98052782244e-10, 7.47234274456e-10],
        "median": [0.000214752231841, 1.92442566913e-05, 0.000130241794977, 0.000129867636133, 0.00103145022877, 0.00146345980465, 0.000998276169412, 0.000332323252223, 0.000253079080721, 0.000282475288259, 0.000182618401595, 0.000223850103794, 0.000112095163786, 0.000205592397833, 0.000212879647734, 0.000205584190553, 0.000320613355143, 0.000197580870008, 0.000181854033144, 5.15203646501e-05, 2.56973798969e-05, 1.52148159032e-05, 7.3031287684e-06, 3.9300998651e-06, 1.54958922849e-06, 2.71447753164e-10, 2.94406443668e-10],
        "min": [1.19977929813e-08, 1.46551243363e-10, 2.24251258102e-16, 2.43674279447e-16, 3.69683125258e-15, 2.0259786348e-14, 4.76559921422e-15, 3.48439835402e-15, 1.32732781811e-14, 2.84588874005e-14, 5.2686601284e-14, 4.29018528602e-14, 5.18133103154e-14, 8.98873193217e-14, 1.23117973607e-13, 7.79453812692e-14, 2.22960308527e-13, 1.84324872531e-13, 2.30313408319e-13, 2.94982137675e-13, 6.05151942012e-13, 6.36229458874e-13, 1.0139222361e-12, 1.2098141499e-12, 1.80070682757e-12, 2.88183994897e-12, 4.21929375119e-12],
        "var": [2.23482974349e-08, 5.16933732797e-06, 8.16495048639e-06, 3.11164080813e-06, 3.26193439832e-05, 6.17877958575e-05, 1.37909946716e-05, 1.73543867277e-05, 4.3894715418e-06, 2.01602074412e-06, 1.39061121445e-05, 1.39336691518e-06, 1.19955882383e-06, 8.37202549064e-07, 7.83405596394e-07, 1.43305214806e-06, 2.11006590689e-06, 6.43775649678e-07, 4.54891846857e-07, 4.9101977595e-08, 1.28868657967e-08, 2.96902857855e-09, 7.28779536718e-10, 1.27227228752e-10, 1.83488155225e-11, 1.34079742421e-18, 1.50694026916e-18]
    },
    "erbbands": {
        "dmean": [0.00379436812364, 0.102673999965, 0.495392233133, 0.950241982937, 1.64685976505, 5.9188952446, 7.7860121727, 21.8156471252, 23.5505409241, 23.4798679352, 13.0833272934, 11.7496004105, 13.8429288864, 14.446893692, 39.664100647, 16.2817649841, 13.7288408279, 15.7246627808, 14.3017730713, 17.691078186, 22.4753780365, 21.2982692719, 18.2841873169, 15.6436166763, 10.3547868729, 4.00521755219, 2.05410075188, 0.946285545826, 0.585626840591, 0.373920351267, 0.257936775684, 0.107451915741, 0.0593618005514, 0.0252897404134, 0.00511832069606, 0.000130725165945, 8.57164195622e-06, 1.94759468286e-06, 3.8412408685e-06, 8.22469792183e-06],
        "dmean2": [0.00529147172347, 0.134339794517, 0.688233673573, 1.42091083527, 2.46447134018, 8.55527973175, 10.4933605194, 28.7898521423, 32.6111869812, 32.1437911987, 18.2384719849, 15.8969573975, 19.254032135, 21.523311615, 55.4691429138, 23.6956634521, 18.6471729279, 23.9503231049, 20.7858333588, 27.055639267, 33.2040863037, 30.9102287292, 25.7084255219, 23.012802124, 15.6378965378, 6.08472824097, 3.08630990982, 1.40681958199, 0.871210932732, 0.550215363503, 0.383404493332, 0.156243234873, 0.0873491615057, 0.0371669121087, 0.00775842648, 0.000193668776774, 1.14879439934e-05, 2.56432576862e-06, 4.81845609102e-06, 1.04719993033e-05],
        "dvar": [0.000107340543764, 0.112687848508, 3.15377855301, 4.09248352051, 12.7421579361, 228.917892456, 213.368896484, 2309.96826172, 1578.18347168, 3130.64160156, 988.398742676, 917.733398438, 871.02722168, 1302.84228516, 12395.4785156, 980.897094727, 1144.79467773, 805.924804688, 648.640808105, 1065.42089844, 2443.50830078, 1476.08410645, 1294.72509766, 992.242980957, 544.432067871, 72.5673751831, 24.6812210083, 3.55343317986, 1.30204021931, 0.71882045269, 0.435841739178, 0.0500214472413, 0.0171835962683, 0.00292003690265, 0.00010524346726, 6.59766499211e-08, 1.63635910377e-10, 5.7522237841e-12, 1.72955452044e-11, 8.22777401766e-11],
        "dvar2": [0.000201766786631, 0.155121907592, 4.98062467575, 10.0749015808, 27.9905662537, 468.387634277, 378.271850586, 3607.34838867, 2998.96923828, 5885.28857422, 1816.74865723, 1604.84985352, 1658.21264648, 2839.04418945, 21942.2460938, 2228.45751953, 1675.94946289, 1801.67871094, 1235.86486816, 2327.8581543, 5009.19921875, 2901.21972656, 2416.50195312, 2100.90893555, 1167.75183105, 175.334823608, 53.6400680542, 8.06549453735, 2.87192678452, 1.53092503548, 0.968829393387, 0.105852514505, 0.0373041220009, 0.00628357660025, 0.000240650188061, 1.44477809272e-07, 3.11509457118e-10, 9.94011036676e-12, 2.70541106878e-11, 1.31558625105e-10],
        "max": [0.327903151512, 14.6341867447, 88.4136962891, 54.3362426758, 81.3664779663, 467.663818359, 412.187133789, 934.512451172, 675.583557129, 1142.41186523, 916.109741211, 1027.95141602, 844.172546387, 1129.35754395, 3762.49243164, 528.778381348, 1003.25067139, 574.035888672, 571.664672852, 600.591125488, 1167.8248291, 853.515197754, 1121.22949219, 733.370361328, 600.52520752, 186.325546265, 159.260910034, 53.1490325928, 31.6014900208, 23.8076763153, 25.9134273529, 5.52284669876, 4.23386144638, 1.34339010715, 0.255090087652, 0.00621266337112, 0.000302174914395, 4.17363480665e-05, 8.55759353726e-05, 0.000192335850443],
        "mean": [0.00950199179351, 0.21968075633, 1.07771670818, 2.22714591026, 3.40028858185, 11.845243454, 16.8619976044, 38.655292511, 43.8822822571, 42.4073219299, 22.7011795044, 21.3871822357, 24.3800621033, 23.826581955, 65.8778381348, 28.2084636688, 23.7474899292, 25.2224388123, 25.1665077209, 28.0353813171, 36.4013404846, 35.5646934509, 31.2579669952, 24.6450443268, 16.2036476135, 6.73495101929, 3.43135380745, 1.70435011387, 1.0576583147, 0.681174755096, 0.44595387578, 0.205024272203, 0.113239943981, 0.0510857701302, 0.00916602090001, 0.000254817481618, 2.33029259107e-05, 5.3274320635e-06, 1.2089001757e-05, 2.55713148363e-05],
        "median": [0.00085642747581, 0.00977602601051, 0.131918951869, 0.461379170418, 1.19573402405, 3.14935302734, 7.09277534485, 11.2142677307, 18.0302276611, 11.122959137, 7.81934738159, 6.81813097, 9.49200057983, 9.2976398468, 12.9137229919, 12.7361707687, 7.84103679657, 12.1932487488, 12.1923475266, 14.1326656342, 14.7191505432, 16.2077331543, 13.9552879333, 11.4194307327, 7.49921035767, 2.9430680275, 1.54460453987, 0.790468633175, 0.511703073978, 0.305795282125, 0.210381448269, 0.105006083846, 0.0587220750749, 0.0280267689377, 0.00487635377795, 0.00014363185619, 1.73274856934e-05, 4.11278415413e-06, 1.02000904008e-05, 2.13465518755e-05],
        "min": [1.47610165868e-07, 2.95889339696e-08, 4.61179316957e-09, 1.64459734719e-09, 8.77409311872e-10, 5.58981583243e-10, 4.72249295225e-10, 4.64714544623e-10, 3.59549029438e-10, 3.94518029356e-10, 3.83736209475e-10, 4.53987236693e-10, 6.54604648265e-10, 1.77248937749e-09, 2.33844588138e-09, 2.33884978051e-09, 3.36079986063e-09, 3.98690636061e-09, 9.26151688674e-09, 3.89076060259e-09, 6.81981360273e-09, 1.16364198277e-08, 1.02937356417e-08, 1.43085410187e-08, 1.62749014265e-08, 1.60765996071e-08, 1.95786267199e-08, 2.66269353233e-08, 2.2479220263e-08, 3.05782315024e-08, 2.5802467718e-08, 2.50482852238e-08, 2.02284038409e-08, 1.79136918632e-08, 1.24350947317e-08, 9.11803077486e-09, 5.00673458248e-09, 2.18436690957e-09, 5.8631627331e-10, 2.46000192439e-10],
        "var": [0.00060908641899, 0.472276985645, 11.7946920395, 18.4249629974, 40.5092773438, 734.142456055, 822.229858398, 6929.84960938, 4470.42871094, 8482.6796875, 2307.35131836, 2625.3671875, 2089.80493164, 2348.56518555, 34031.890625, 2092.44189453, 3208.66577148, 1556.06896973, 1722.05407715, 1969.16296387, 5132.05126953, 3101.57763672, 2812.76708984, 1741.24645996, 889.226806641, 127.298553467, 39.0431137085, 6.89208269119, 2.61781191826, 1.50268316269, 0.720987379551, 0.106180600822, 0.0321776866913, 0.00577114056796, 0.000188619625987, 1.30474418825e-07, 5.00969321582e-10, 2.11827933666e-11, 7.60390084231e-11, 3.54515250489e-10]
    },
    "gfcc": {
        "mean": [-74.4481201172, 130.393920898, -180.021728516, 31.0866584778, -70.7280044556, -9.65513420105, -44.3842658997, -6.62519264221, -12.2900047302, -18.2868900299, 9.17814064026, -13.8285140991, 7.21657991409],
        "cov": [[21856.0566406, 2988.54541016, -3012.83813477, 191.502639771, -1281.84326172, -727.689147949, -875.38494873, -374.346557617, -278.881713867, -610.422058105, -23.2444725037, -649.156616211, 3.09265804291], [2988.54541016, 1165.13378906, -59.1004142761, 47.1290359497, 12.3325843811, -74.3494415283, -17.9645500183, -106.213478088, -33.8201828003, -120.778617859, -49.1023406982, -193.498809814, 3.76826000214], [-3012.83813477, -59.1004142761, 1018.20245361, 251.463531494, 346.580383301, 299.872192383, 268.863220215, 117.568214417, 53.3579711914, 101.258399963, -92.3102493286, -9.17928028107, -16.6642990112], [191.502639771, 47.1290359497, 251.463531494, 366.811126709, 145.530532837, 140.742935181, 115.80267334, 84.7591171265, 36.1911430359, 21.8185100555, -73.7810134888, -58.478805542, -38.1559791565], [-1281.84326172, 12.3325843811, 346.580383301, 145.530532837, 321.363433838, 126.404052734, 147.026657104, 41.6093597412, 38.4905395508, 38.405834198, -31.3174819946, 7.80931758881, -17.5302181244], [-727.689147949, -74.3494415283, 299.872192383, 140.742935181, 126.404052734, 266.549560547, 153.764801025, 69.7819976807, 14.7000160217, 34.9202804565, -61.6092185974, -27.3370361328, -30.199098587], [-875.38494873, -17.9645500183, 268.863220215, 115.80267334, 147.026657104, 153.764801025, 226.51550293, 90.4870758057, 44.9236106873, 45.8545570374, -38.4611663818, -12.5252523422, -24.3355121613], [-374.346557617, -106.213478088, 117.568214417, 84.7591171265, 41.6093597412, 69.7819976807, 90.4870758057, 127.151504517, 55.1188430786, 36.6544151306, -21.3257389069, -1.06744158268, -17.7615299225], [-278.881713867, -33.8201828003, 53.3579711914, 36.1911430359, 38.4905395508, 14.7000160217, 44.9236106873, 55.1188430786, 106.77167511, 63.9000968933, 1.47969102859, 0.193115517497, -10.8596363068], [-610.422058105, -120.778617859, 101.258399963, 21.8185100555, 38.405834198, 34.9202804565, 45.8545570374, 36.6544151306, 63.9000968933, 123.621482849, 34.7536506653, 10.9448881149, -8.95150852203], [-23.2444725037, -49.1023406982, -92.3102493286, -73.7810134888, -31.3174819946, -61.6092185974, -38.4611663818, -21.3257389069, 1.47969102859, 34.7536506653, 110.414627075, 68.2138900757, 9.73184680939], [-649.156616211, -193.498809814, -9.17928028107, -58.478805542, 7.80931758881, -27.3370361328, -12.5252523422, -1.06744158268, 0.193115517497, 10.9448881149, 68.2138900757, 134.784576416, 46.3424110413], [3.09265804291, 3.76826000214, -16.6642990112, -38.1559791565, -17.5302181244, -30.199098587, -24.3355121613, -17.7615299225, -10.8596363068, -8.95150852203, 9.73184680939, 46.3424110413, 86.8611602783]],
        "icov": [[0.000423603487434, -0.00104178965557, 0.00122149987146, -0.00118395022582, 0.000875982164871, -0.00059383106418, 0.000681897567119, -0.000622176448815, 0.000387781794416, -7.45187571738e-05, -0.00018630217528, 0.000191107421415, -0.0002617550781], [-0.00104178965557, 0.0045616729185, -0.00330629362725, 0.00258539337665, -0.00248271366581, 0.00197985954583, -0.00263373623602, 0.00315981078893, -0.00258011673577, 0.00342274736613, -0.00277200480923, 0.00442719925195, -0.00158517400268], [0.00122149987146, -0.00330629362725, 0.00575036928058, -0.003545536194, 0.00115350529086, -0.00271636852995, 0.00160266784951, -0.00234995642677, 0.00225044018589, -0.0023117440287, 0.00135219772346, -0.00071384041803, -0.000824959308375], [-0.00118395022582, 0.00258539337665, -0.003545536194, 0.00782515946776, -0.00377156725153, 0.000673462520353, -0.00128298148047, -0.0005765366368, -0.000845609116368, -0.000154513909365, 0.00184877973516, 8.4811126726e-06, 0.00134951027576], [0.000875982164871, -0.00248271366581, 0.00115350529086, -0.00377156725153, 0.00816648174077, -0.0011830709409, -0.00103315117303, 0.00108394597191, -0.000586007081438, -5.23565031472e-05, 0.000302778615151, -0.00214037764817, 0.000839441956487], [-0.00059383106418, 0.00197985954583, -0.00271636852995, 0.000673462520353, -0.0011830709409, 0.00914378184825, -0.00454270094633, 0.000791183090769, 0.00164522859268, -0.00110869959462, 0.0025164836552, -6.48630812066e-05, 0.0013833824778], [0.000681897567119, -0.00263373623602, 0.00160266784951, -0.00128298148047, -0.00103315117303, -0.00454270094633, 0.0122524565086, -0.00626490591094, 0.00089178129565, -0.00196361285634, 0.00105218193494, -0.00133164075669, 0.000699359632563], [-0.000622176448815, 0.00315981078893, -0.00234995642677, -0.0005765366368, 0.00108394597191, 0.000791183090769, -0.00626490591094, 0.0175185780972, -0.00767850270495, 0.00263563822955, -0.000202440758585, 0.000484596850583, 0.000577591883484], [0.000387781794416, -0.00258011673577, 0.00225044018589, -0.000845609116368, -0.000586007081438, 0.00164522859268, 0.00089178129565, -0.00767850270495, 0.0195214021951, -0.0118133127689, 0.00584159139544, -0.00445464346558, 0.00223724427633], [-7.45187571738e-05, 0.00342274736613, -0.0023117440287, -0.000154513909365, -5.23565031472e-05, -0.00110869959462, -0.00196361285634, 0.00263563822955, -0.0118133127689, 0.0221671499312, -0.014636779204, 0.0111393267289, -0.00456012692302], [-0.00018630217528, -0.00277200480923, 0.00135219772346, 0.00184877973516, 0.000302778615151, 0.0025164836552, 0.00105218193494, -0.000202440758585, 0.00584159139544, -0.014636779204, 0.0275730527937, -0.0191771425307, 0.00875195302069], [0.000191107421415, 0.00442719925195, -0.00071384041803, 8.4811126726e-06, -0.00214037764817, -6.48630812066e-05, -0.00133164075669, 0.000484596850583, -0.00445464346558, 0.0111393267289, -0.0191771425307, 0.0280094780028, -0.0132646709681], [-0.0002617550781, -0.00158517400268, -0.000824959308375, 0.00134951027576, 0.000839441956487, 0.0013833824778, 0.000699359632563, 0.000577591883484, 0.00223724427633, -0.00456012692302, 0.00875195302069, -0.0132646709681, 0.0188958775252]]
    },
    "melbands": {
        "dmean": [6.55607800581e-05, 0.000214538333239, 0.000173020671355, 0.000245934672421, 0.000287257018499, 0.000486823235406, 0.000346661603544, 0.000255764927715, 9.51691399678e-05, 7.54251232138e-05, 6.8460140028e-05, 5.48461030121e-05, 0.000128308442072, 6.52067974443e-05, 3.12103111355e-05, 2.40350436798e-05, 3.25607325067e-05, 2.27370037464e-05, 2.27124201047e-05, 2.66532078967e-05, 2.86984268314e-05, 2.1289812139e-05, 2.78717343463e-05, 1.556819916e-05, 1.31398010126e-05, 9.13845360628e-06, 4.28182693213e-06, 2.4715161544e-06, 1.53062171648e-06, 8.56421479511e-07, 5.71998441501e-07, 3.87697213e-07, 3.12908525757e-07, 1.8162718618e-07, 1.78923954763e-07, 1.05725987964e-07, 5.70945317691e-08, 4.89987357355e-08, 3.13728385493e-08, 2.03734522586e-08],
        "dmean2": [8.8196778961e-05, 0.000290985277388, 0.00025880720932, 0.000358963035978, 0.000391804904211, 0.000646666390821, 0.000476578832604, 0.000351732247509, 0.00013128426508, 0.000102367586805, 9.53056078288e-05, 8.26904870337e-05, 0.000183337397175, 9.0145978902e-05, 4.41546726506e-05, 3.39570397045e-05, 4.96730317536e-05, 3.30107177433e-05, 3.37144956575e-05, 4.07311526942e-05, 4.27903141826e-05, 3.14973331115e-05, 3.94336639147e-05, 2.2783935492e-05, 1.96078326553e-05, 1.39977983054e-05, 6.49444837109e-06, 3.85773228118e-06, 2.34877688854e-06, 1.32704042244e-06, 8.72236796567e-07, 5.91151774643e-07, 4.80987637275e-07, 2.75228586588e-07, 2.74474302842e-07, 1.57659073352e-07, 8.55433412994e-08, 7.46858290768e-08, 4.7585132279e-08, 3.05571994375e-08],
        "dvar": [3.57544962526e-08, 5.62022592021e-07, 1.27561960994e-07, 3.14866269946e-07, 3.22230192751e-07, 1.06473862616e-06, 3.14688691105e-07, 4.17770479544e-07, 4.83121951333e-08, 3.7046898882e-08, 2.17804938529e-08, 2.31510579596e-08, 1.17920770037e-07, 2.25629648298e-08, 3.95373067619e-09, 2.46788101066e-09, 3.80957487778e-09, 1.86587389983e-09, 2.4023882883e-09, 2.98893620965e-09, 4.43930803229e-09, 1.68333413875e-09, 4.84616924368e-09, 1.25715626798e-09, 8.45315761833e-10, 4.15208201154e-10, 1.25947322016e-10, 2.95149772678e-11, 1.50307804397e-11, 3.63530559822e-12, 1.74513983993e-12, 6.34377153672e-13, 5.36743121737e-13, 1.99611716587e-13, 2.13269126751e-13, 7.4586116363e-14, 1.66853666029e-14, 1.24723543193e-14, 4.12891165282e-15, 2.29106784474e-15],
        "dvar2": [5.8842665851e-08, 8.11800475731e-07, 3.07451188064e-07, 6.55827534501e-07, 6.11030316122e-07, 1.71797751136e-06, 5.89538103668e-07, 7.78216133313e-07, 8.87679263428e-08, 6.77318965359e-08, 4.12806961947e-08, 4.99313550506e-08, 2.28505484756e-07, 3.81835789653e-08, 6.93725343837e-09, 3.97979738054e-09, 8.50442294364e-09, 3.43734574137e-09, 4.23514556758e-09, 6.82719125678e-09, 9.24198051422e-09, 3.58392249211e-09, 8.65060290067e-09, 2.565357482e-09, 1.78889714153e-09, 9.03594699064e-10, 3.02561531385e-10, 7.06992520083e-11, 3.33120579732e-11, 8.24354993989e-12, 4.08215301839e-12, 1.4248859254e-12, 1.25472624912e-12, 4.32674187277e-13, 4.95465810307e-13, 1.58599885612e-13, 3.76314139626e-14, 2.88343398366e-14, 8.76151737695e-15, 5.46541614117e-15],
        "max": [0.00658534141257, 0.0375133268535, 0.00976952444762, 0.0163165405393, 0.0136481784284, 0.0197354722768, 0.00882615055889, 0.0142258638516, 0.00601778225973, 0.00584695022553, 0.00418740045279, 0.00489752320573, 0.0098924478516, 0.0048014940694, 0.00166074861772, 0.0013475860469, 0.00130760273896, 0.00129549880512, 0.00157674727961, 0.00129654316697, 0.00166963448282, 0.00114451779518, 0.00153090176173, 0.00124212808441, 0.000678589101881, 0.00043432431994, 0.000481221883092, 0.00011689823441, 0.000119689633721, 4.62721145595e-05, 4.01383185817e-05, 1.81109207915e-05, 2.43680860876e-05, 1.40337133416e-05, 1.33276189445e-05, 1.03557986222e-05, 2.99990392705e-06, 3.03839260596e-06, 1.83426209333e-06, 1.69268241734e-06],
        "mean": [0.000154485038365, 0.000481897732243, 0.000402196485084, 0.000497378001455, 0.000618281948846, 0.000864535977598, 0.000654391478747, 0.00044910350698, 0.000163640550454, 0.000132537592435, 0.000117847499496, 8.51449658512e-05, 0.000202632683795, 0.00011183564493, 5.27309384779e-05, 3.93779082515e-05, 4.98205627082e-05, 3.85743041988e-05, 3.57798016921e-05, 4.01704855904e-05, 4.39573050244e-05, 3.32558556693e-05, 4.43299650215e-05, 2.33219689108e-05, 1.93625019165e-05, 1.35369036798e-05, 6.57932105241e-06, 3.83632459489e-06, 2.30031878345e-06, 1.38272150707e-06, 9.01461305602e-07, 6.367606602e-07, 5.08657137743e-07, 3.06257447846e-07, 2.81970216065e-07, 1.75170285388e-07, 1.01195482216e-07, 8.40608365138e-08, 5.94712759039e-08, 3.76585163053e-08],
        "median": [1.42384742503e-05, 5.43113128515e-05, 0.000102653313661, 0.000151419895701, 0.000240727735218, 0.000259629392531, 0.00027864909498, 0.000101823869045, 5.51775156055e-05, 3.85738130717e-05, 4.13279813074e-05, 2.61698478425e-05, 3.35306904162e-05, 3.32069175784e-05, 1.96620567294e-05, 1.40383517646e-05, 2.04148345802e-05, 1.61497227964e-05, 1.50460919031e-05, 1.52477650772e-05, 1.38215946208e-05, 1.2946179595e-05, 1.23402260215e-05, 9.50805861066e-06, 7.55826613386e-06, 5.31217483513e-06, 2.84045108856e-06, 1.35823916025e-06, 9.56189069257e-07, 5.28131295141e-07, 3.84454494906e-07, 2.86633451196e-07, 2.07265372865e-07, 1.35420179959e-07, 1.22211048392e-07, 8.51098320709e-08, 4.90972489331e-08, 4.12582181752e-08, 3.00463938174e-08, 2.04130117254e-08],
        "min": [2.39044006811e-09, 1.85803757646e-16, 1.208244986e-16, 3.81111516128e-16, 2.82988900766e-15, 3.94687029641e-15, 1.81199088022e-15, 2.16728795555e-15, 1.62028890129e-15, 1.76281246494e-15, 2.20445851413e-15, 5.22603785401e-15, 6.94768271777e-15, 7.01387918963e-15, 3.86473605261e-15, 4.24308534136e-15, 5.45980158328e-15, 1.52576027848e-14, 6.71540807242e-15, 3.03307484753e-15, 6.53789791877e-15, 1.23880423538e-14, 6.3543357147e-15, 8.58273159168e-15, 9.5114481612e-15, 1.09442611427e-14, 8.87899661157e-15, 7.75486361189e-15, 8.09402915649e-15, 1.5651595078e-14, 1.23630531878e-14, 8.73418955298e-15, 1.46054958357e-14, 1.41508881707e-14, 1.14383964472e-14, 1.39611959892e-14, 1.37272226192e-14, 1.45375451586e-14, 1.18623381314e-14, 1.36136914052e-14],
        "var": [1.55639327204e-07, 2.26067732001e-06, 5.27087934188e-07, 9.68297513282e-07, 1.27217708723e-06, 3.16923365062e-06, 9.1669954827e-07, 1.09737914045e-06, 1.14277526109e-07, 1.02016954884e-07, 5.23874845726e-08, 4.02347843931e-08, 2.87788481046e-07, 6.47487681249e-08, 1.03478283719e-08, 6.58037579981e-09, 7.41602512733e-09, 5.30594279624e-09, 5.38701661057e-09, 5.30825516876e-09, 9.07322483812e-09, 3.17112625048e-09, 1.11931690583e-08, 2.20439688725e-09, 1.45971512655e-09, 6.95007162932e-10, 1.72008976507e-10, 5.16185566513e-11, 2.17494251775e-11, 6.53047581289e-12, 2.70235851925e-12, 1.14566906309e-12, 9.12790893218e-13, 3.6062383006e-13, 3.22971738329e-13, 1.23734179912e-13, 2.9957617333e-14, 2.03058886573e-14, 8.42328272155e-15, 3.52191894897e-15]
    },
    "mfcc": {
        "mean": [-679.530883789, 136.915344238, -39.2689323425, 21.2746047974, -5.23114347458, -12.7734174728, -13.0885896683, -4.11102485657, -13.4185199738, -6.67169761658, -4.6600985527, -1.29291939735, 1.11871135235],
        "cov": [[8268.24023438, 1402.26196289, -490.881744385, 400.475341797, -116.475402832, -108.367324829, -135.021987915, -22.5910644531, -53.9348983765, -27.3794174194, -129.883285522, -52.3462295532, 63.0460662842], [1402.26196289, 1123.35314941, -16.6645545959, 130.043045044, 66.6606216431, 22.4809474945, 21.4433193207, -38.8365821838, -16.4360122681, 0.497495859861, -56.8264083862, -69.750831604, -26.9507789612], [-490.881744385, -16.6645545959, 461.990234375, 79.4877929688, 76.5610198975, 140.480499268, 116.485099792, 52.3433494568, 130.5990448, 90.5822219849, -14.531080246, -31.789024353, 12.555270195], [400.475341797, 130.043045044, 79.4877929688, 254.613723755, 85.0297546387, 59.9142303467, 46.3804626465, 35.4397850037, 73.3825302124, 42.4037666321, -6.91178321838, 0.864154994488, 24.4451847076], [-116.475402832, 66.6606216431, 76.5610198975, 85.0297546387, 152.716995239, 70.6842956543, 35.8481483459, 21.8558864594, 30.8666038513, 12.7334413528, -6.48878335953, -13.2810287476, -6.74351739883], [-108.367324829, 22.4809474945, 140.480499268, 59.9142303467, 70.6842956543, 180.822021484, 97.6711120605, 34.607334137, 84.563621521, 48.8366928101, -11.1646575928, 10.649014473, 29.5407943726], [-135.021987915, 21.4433193207, 116.485099792, 46.3804626465, 35.8481483459, 97.6711120605, 140.986907959, 51.5261878967, 59.0845680237, 35.9974861145, -9.83052635193, -0.399848341942, 21.1769809723], [-22.5910644531, -38.8365821838, 52.3433494568, 35.4397850037, 21.8558864594, 34.607334137, 51.5261878967, 111.168144226, 60.5687789917, 3.46228551865, -11.9521770477, 6.72179603577, 15.5471315384], [-53.9348983765, -16.4360122681, 130.5990448, 73.3825302124, 30.8666038513, 84.563621521, 59.0845680237, 60.5687789917, 176.874237061, 78.4319992065, -12.4113903046, 11.2262306213, 29.0586452484], [-27.3794174194, 0.497495859861, 90.5822219849, 42.4037666321, 12.7334413528, 48.8366928101, 35.9974861145, 3.46228551865, 78.4319992065, 133.67225647, 34.0217285156, -12.8547945023, 4.38136386871], [-129.883285522, -56.8264083862, -14.531080246, -6.91178321838, -6.48878335953, -11.1646575928, -9.83052635193, -11.9521770477, -12.4113903046, 34.0217285156, 106.588356018, 36.4037475586, -22.8058643341], [-52.3462295532, -69.750831604, -31.789024353, 0.864154994488, -13.2810287476, 10.649014473, -0.399848341942, 6.72179603577, 11.2262306213, -12.8547945023, 36.4037475586, 129.725219727, 49.3108291626], [63.0460662842, -26.9507789612, 12.555270195, 24.4451847076, -6.74351739883, 29.5407943726, 21.1769809723, 15.5471315384, 29.0586452484, 4.38136386871, -22.8058643341, 49.3108291626, 133.563323975]],
