{
"lowlevel": {
    "average_loudness": 0.0215620044619,
    "barkbands_crest": {
        "dmean": 2.29490208626,
        "dmean2": 3.60043096542,
        "dvar": 4.24141073227,
        "dvar2": 10.810300827,
        "max": 26.4403781891,
        "mean": 11.1647434235,
        "median": 10.3649349213,
        "min": 2.34435081482,
        "var": 18.0607357025
    },
    "barkbands_flatness_db": {
        "dmean": 0.0215899907053,
        "dmean2": 0.0349036417902,
        "dvar": 0.000316605874104,
        "dvar2": 0.000817386433482,
        "max": 0.515612542629,
        "mean": 0.268788158894,
        "median": 0.268815070391,
        "min": 0.0752763599157,
        "var": 0.00343478354625
    },
    "barkbands_kurtosis": {
        "dmean": 1.44542276859,
        "dmean2": 2.25763082504,
        "dvar": 5.4900097847,
        "dvar2": 13.1801595688,
        "max": 80.9726867676,
        "mean": 2.16697907448,
        "median": 1.23004627228,
        "min": -1.81603825092,
        "var": 13.1514511108
    },
    "barkbands_skewness": {
        "dmean": 0.374993622303,
        "dmean2": 0.571862637997,
        "dvar": 0.124860167503,
        "dvar2": 0.304247260094,
        "max": 6.47951602936,
        "mean": 0.442025214434,
        "median": 0.421669781208,
        "min": -5.89375448227,
        "var": 0.995214998722
    },
    "barkbands_spread": {
        "dmean": 2.04982829094,
        "dmean2": 3.16646313667,
        "dvar": 8.03693675995,
        "dvar2": 21.13555336,
        "max": 92.8508605957,
        "mean": 10.094080925,
        "median": 8.35648536682,
        "min": 0.508343279362,
        "var": 53.339302063
    },
    "dissonance": {
        "dmean": 0.0333432070911,
        "dmean2": 0.0563696287572,
        "dvar": 0.00105697789695,
        "dvar2": 0.00291336956434,
        "max": 0.500000059605,
        "mean": 0.424547195435,
        "median": 0.440063655376,
        "min": 0.0869940295815,
        "var": 0.00353444763459
    },
    "dynamic_complexity": 6.75974273682,
    "erbbands_crest": {
        "dmean": 2.64194059372,
        "dmean2": 4.08926296234,
        "dvar": 6.21398925781,
        "dvar2": 14.8667106628,
        "max": 33.9475059509,
        "mean": 12.7637195587,
        "median": 11.7445068359,
        "min": 2.11883759499,
        "var": 29.8586273193
    },
    "erbbands_flatness_db": {
        "dmean": 0.0143582429737,
        "dmean2": 0.0207618735731,
        "dvar": 0.000168819024111,
        "dvar2": 0.00036385684507,
        "max": 0.535756528378,
        "mean": 0.324476122856,
        "median": 0.328583359718,
        "min": 0.0989745408297,
        "var": 0.00326136033982
    },
    "erbbands_kurtosis": {
        "dmean": 1.20353662968,
        "dmean2": 1.81656110287,
        "dvar": 6.20201730728,
        "dvar2": 11.767329216,
        "max": 240.629302979,
        "mean": 1.49821329117,
        "median": 0.340153574944,
        "min": -1.8348647356,
        "var": 36.7402381897
    },
    "erbbands_skewness": {
        "dmean": 0.357627421618,
        "dmean2": 0.532547295094,
        "dvar": 0.125216946006,
        "dvar2": 0.275209456682,
        "max": 11.6089048386,
        "mean": 0.378133416176,
        "median": 0.367264389992,
        "min": -4.88233947754,
        "var": 0.920048892498
    },
    "erbbands_spread": {
        "dmean": 2.88061523438,
        "dmean2": 4.37496566772,
        "dvar": 10.5948734283,
        "dvar2": 25.8689994812,
        "max": 98.5778656006,
        "mean": 15.292183876,
        "median": 13.172328949,
        "min": 0.472764074802,
        "var": 113.622276306
    },
    "hfc": {
        "dmean": 2.45807337761,
        "dmean2": 3.42130208015,
        "dvar": 22.8830757141,
        "dvar2": 42.7830047607,
        "max": 281.941223145,
        "mean": 10.6407728195,
        "median": 4.96083164215,
        "min": 1.24292688238e-16,
        "var": 286.813201904
    },
    "melbands_crest": {
        "dmean": 2.78968238831,
        "dmean2": 4.39834260941,
        "dvar": 6.66215515137,
        "dvar2": 17.1425895691,
        "max": 33.8176078796,
        "mean": 13.5427312851,
        "median": 12.6189022064,
        "min": 2.51514148712,
        "var": 25.5114345551
    },
    "melbands_flatness_db": {
        "dmean": 0.0191975459456,
        "dmean2": 0.0280025564134,
        "dvar": 0.000298499217024,
        "dvar2": 0.000668303575367,
        "max": 0.606393873692,
        "mean": 0.295005381107,
        "median": 0.300667077303,
        "min": 0.00697198603302,
        "var": 0.00769458524883
    },
    "melbands_kurtosis": {
        "dmean": 2.0933508873,
        "dmean2": 3.27556657791,
        "dvar": 15.6036968231,
        "dvar2": 38.1028900146,
        "max": 145.628616333,
        "mean": 3.66122865677,
        "median": 1.76498222351,
        "min": -1.83572924137,
        "var": 50.4340400696
    },
    "melbands_skewness": {
        "dmean": 0.42091101408,
        "dmean2": 0.638301968575,
        "dvar": 0.169984430075,
        "dvar2": 0.41536539793,
        "max": 9.80035972595,
        "mean": 1.0394474268,
        "median": 0.935467600822,
        "min": -3.9716835022,
        "var": 1.14431929588
    },
    "melbands_spread": {
        "dmean": 3.2679297924,
        "dmean2": 4.98299789429,
        "dvar": 18.0084171295,
        "dvar2": 41.5521697998,
        "max": 175.965744019,
        "mean": 15.2436647415,
        "median": 12.130610466,
        "min": 0.371855914593,
        "var": 135.709182739
    },
    "pitch_salience": {
        "dmean": 0.0622917115688,
        "dmean2": 0.0981374233961,
        "dvar": 0.00294331996702,
        "dvar2": 0.00753338076174,
        "max": 0.89325517416,
        "mean": 0.561563432217,
        "median": 0.565689682961,
        "min": 0.10015424341,
        "var": 0.0136306043714
    },
    "silence_rate_20dB": {
        "dmean": 0,
        "dmean2": 0,
        "dvar": 0,
        "dvar2": 0,
        "max": 1,
        "mean": 1,
        "median": 1,
        "min": 1,
        "var": 0
    },
    "silence_rate_30dB": {
        "dmean": 0.00396386766806,
        "dmean2": 0.00792803801596,
        "dvar": 0.00394777301699,
        "dvar2": 0.00954074878246,
        "max": 1,
        "mean": 0.993406534195,
        "median": 1,
        "min": 0,
        "var": 0.00655155582353
    },
    "silence_rate_60dB": {
        "dmean": 0.0340740159154,
        "dmean2": 0.0681506320834,
        "dvar": 0.0329113081098,
        "dvar2": 0.0753915607929,
        "max": 1,
        "mean": 0.338821560144,
        "median": 0,
        "min": 0,
        "var": 0.223995909095
    },
    "spectral_centroid": {
        "dmean": 118.15737915,
        "dmean2": 176.876281738,
        "dvar": 27901.4414062,
        "dvar2": 57365.9609375,
        "max": 11275.9013672,
        "mean": 1051.64648438,
        "median": 798.536743164,
        "min": 196.380020142,
        "var": 425638.125
    },
    "spectral_complexity": {
        "dmean": 1.55322635174,
        "dmean2": 2.48017978668,
        "dvar": 2.77174735069,
        "dvar2": 6.29464530945,
        "max": 51,
        "mean": 10.1501636505,
        "median": 9,
        "min": 0,
        "var": 50.9716186523
    },
    "spectral_decrease": {
        "dmean": 8.27230395295e-10,
        "dmean2": 1.21581622547e-09,
        "dvar": 2.82133584597e-18,
        "dvar2": 6.67396573809e-18,
        "max": 3.71075994159e-29,
        "mean": -3.26644045145e-09,
        "median": -1.54551083043e-09,
        "min": -6.2006009216e-08,
        "var": 2.36375595064e-17
    },
    "spectral_energy": {
        "dmean": 0.0033263117075,
        "dmean2": 0.00486840726808,
        "dvar": 4.44469733338e-05,
        "dvar2": 0.000103767670225,
        "max": 0.242552340031,
        "mean": 0.0132934851572,
        "median": 0.00640241382644,
        "min": 1.11336604057e-20,
        "var": 0.000386374304071
    },
    "spectral_energyband_high": {
        "dmean": 3.67685424862e-05,
        "dmean2": 5.29573590029e-05,
        "dvar": 3.52980862317e-08,
        "dvar2": 6.47701412504e-08,
        "max": 0.0226735286415,
        "mean": 0.000116156152217,
        "median": 4.19316802436e-06,
        "min": 8.25301603937e-21,
        "var": 3.60629115903e-07
    },
    "spectral_energyband_low": {
        "dmean": 0.000284016830847,
        "dmean2": 0.000463594536996,
        "dvar": 2.07899665838e-06,
        "dvar2": 5.49165588382e-06,
        "max": 0.0799906551838,
        "mean": 0.000580050458666,
        "median": 2.46727468038e-05,
        "min": 5.23763062062e-23,
        "var": 5.41450435776e-06
    },
    "spectral_energyband_middle_high": {
        "dmean": 0.00120625761338,
        "dmean2": 0.00168884266168,
        "dvar": 6.4249834395e-06,
        "dvar2": 1.28665105876e-05,
        "max": 0.105646319687,
        "mean": 0.00424451986328,
        "median": 0.00175021332689,
        "min": 1.41477237945e-21,
        "var": 5.08454613737e-05
    },
    "spectral_energyband_middle_low": {
        "dmean": 0.00261691166088,
        "dmean2": 0.00394619302824,
        "dvar": 3.47170243913e-05,
        "dvar2": 8.66817135829e-05,
        "max": 0.210844427347,
        "mean": 0.00873149838299,
        "median": 0.00271158106625,
        "min": 2.29217760752e-22,
        "var": 0.000224915493163
    },
    "spectral_entropy": {
        "dmean": 0.146759927273,
        "dmean2": 0.212106868625,
        "dvar": 0.0191850047559,
        "dvar2": 0.0406551510096,
        "max": 9.79341888428,
        "mean": 6.40569543839,
        "median": 6.4152173996,
        "min": 3.99636459351,
        "var": 0.401255816221
    },
    "spectral_flux": {
        "dmean": 0.00993684586138,
        "dmean2": 0.0163628291339,
        "dvar": 0.000177445195732,
        "dvar2": 0.00045840954408,
        "max": 0.354786753654,
        "mean": 0.0393841788173,
        "median": 0.0312643051147,
        "min": 1.08942153909e-10,
        "var": 0.00108505086973
    },
    "spectral_kurtosis": {
        "dmean": 12.1049766541,
        "dmean2": 21.1176643372,
        "dvar": 193.036224365,
        "dvar2": 566.944213867,
        "max": 240.234283447,
        "mean": 28.305311203,
        "median": 18.006565094,
        "min": -1.25314939022,
        "var": 864.543579102
    },
    "spectral_rms": {
        "dmean": 0.000379864359275,
        "dmean2": 0.00054510665359,
        "dvar": 2.40380217065e-07,
        "dvar2": 5.38731569577e-07,
        "max": 0.0153829921037,
        "mean": 0.00290890340693,
        "median": 0.0024992513936,
        "min": 3.29577120803e-12,
        "var": 4.50750121672e-06
    },
    "spectral_rolloff": {
        "dmean": 188.428970337,
        "dmean2": 325.396972656,
        "dvar": 128084.40625,
        "dvar2": 308780.4375,
        "max": 18970.7519531,
        "mean": 1289.78991699,
        "median": 1033.59375,
        "min": 64.599609375,
        "var": 722801.625
    },
    "spectral_skewness": {
        "dmean": 0.78896600008,
        "dmean2": 1.37721276283,
        "dvar": 0.572536587715,
        "dvar2": 1.72209715843,
        "max": 12.463385582,
        "mean": 3.23343229294,
        "median": 2.7751493454,
        "min": -0.0211284123361,
        "var": 3.87995624542
    },
    "spectral_spread": {
        "dmean": 234400.34375,
        "dmean2": 392068.5,
        "dvar": 138709630976,
        "dvar2": 212946567168,
        "max": 42378220,
        "mean": 1841201,
        "median": 1709674.25,
        "min": 368405.25,
        "var": 836472406016
    },
    "spectral_strongpeak": {
        "dmean": 0.462856560946,
        "dmean2": 0.740082800388,
        "dvar": 0.482205957174,
        "dvar2": 1.1450227499,
        "max": 18.7951335907,
        "mean": 1.32672476768,
        "median": 0.885937154293,
        "min": 0,
        "var": 1.78852593899
    },
    "zerocrossingrate": {
        "dmean": 0.00412723002955,
        "dmean2": 0.00497784093022,
        "dvar": 2.6853143936e-05,
        "dvar2": 3.44701147696e-05,
        "max": 0.50634765625,
        "mean": 0.0455517955124,
        "median": 0.0380859375,
        "min": 0.00634765625,
        "var": 0.000646163825877
    },
    "barkbands": {
        "dmean": [2.12558516068e-05, 7.04611738911e-05, 0.000159643168445, 0.000228834833251, 0.000712882203516, 0.00110686419066, 0.000718293013051, 0.000567374809179, 0.000587989517953, 0.000481227762066, 0.000334043841576, 0.000234981649555, 0.000291925331112, 0.000213994004298, 0.000151835993165, 0.000135443464387, 8.62647866597e-05, 7.47622834751e-05, 5.72090830246e-05, 3.12008596666e-05, 1.52809843712e-05, 1.09542597784e-05, 6.95082735547e-06, 3.34306218974e-06, 7.37458549338e-07, 4.95293694946e-10, 5.260989977e-10],
        "dmean2": [3.55352240149e-05, 0.000114727008622, 0.000260054308455, 0.000387806881918, 0.00114395772107, 0.00178138178308, 0.00116105691995, 0.000800009584054, 0.000801435322501, 0.000698681280483, 0.000494953477755, 0.000362396123819, 0.000414801615989, 0.000317616038956, 0.000224247865845, 0.000202868759516, 0.0001347703801, 0.00011330430425, 8.88430440682e-05, 4.91321188747e-05, 2.38654647546e-05, 1.71502470039e-05, 1.02812591649e-05, 4.93096558785e-06, 1.24576297367e-06, 9.18434217567e-10, 9.75611369469e-10],
        "dvar": [2.36073027793e-09, 1.19573499546e-07, 1.07600658339e-06, 1.22126471069e-06, 6.08781920164e-06, 1.11303243102e-05, 3.87089357901e-06, 3.25312339555e-06, 3.77965034204e-06, 2.01621719498e-06, 9.15176030958e-07, 8.73610247254e-07, 7.20743287275e-07, 6.86478415446e-07, 3.42243595242e-07, 1.99662181899e-07, 1.17478840878e-07, 6.40007229435e-08, 6.05743508686e-08, 1.9084707148e-08, 5.34539035257e-09, 4.50122028539e-09, 2.02385508352e-09, 1.1211173101e-09, 2.01684571821e-10, 1.46318334533e-18, 1.65706600231e-18],
        "dvar2": [5.23467269531e-09, 3.15058343858e-07, 2.71893281933e-06, 3.72100680579e-06, 1.67248144862e-05, 3.18319689541e-05, 1.03463135019e-05, 5.87839258515e-06, 6.49979483569e-06, 3.99247574023e-06, 2.14182205127e-06, 2.0997140382e-06, 1.39959183798e-06, 1.48508877373e-06, 6.83001019297e-07, 4.81086544823e-07, 2.90669021297e-07, 1.53318609364e-07, 1.43439919498e-07, 4.93645018196e-08, 1.31873001408e-08, 1.0973138842e-08, 4.20246060173e-09, 1.97753058373e-09, 4.88699691825e-10, 4.80622293422e-18, 5.4456045964e-18],
        "max": [0.00333976955153, 0.0182437486947, 0.0611109435558, 0.0545874014497, 0.101355336607, 0.134168297052, 0.078649699688, 0.155991435051, 0.110795944929, 0.0552243813872, 0.0367255322635, 0.0849176570773, 0.039723098278, 0.0461333356798, 0.039806522429, 0.0154058299959, 0.0346547588706, 0.0103621780872, 0.0216241106391, 0.0126547114924, 0.00363199552521, 0.00610307278112, 0.00421691546217, 0.00318767898716, 0.00122278789058, 2.84857684107e-08, 3.0389546879e-08],
        "mean": [5.36988009117e-05, 0.000128583735204, 0.000256727624219, 0.000354102900019, 0.00139121874236, 0.0023019912187, 0.00147841288708, 0.00130233715754, 0.00149090238847, 0.000996118760668, 0.000791665341239, 0.000431473541539, 0.000651702575851, 0.000445870158728, 0.000317130994517, 0.000298418628518, 0.000169747479958, 0.000159768547746, 0.000117402778415, 7.15002825018e-05, 3.24924076267e-05, 2.52389600064e-05, 1.72965865204e-05, 8.50480500958e-06, 1.09449172214e-06, 3.99170668741e-10, 4.22568952052e-10],
        "median": [4.28646526416e-05, 2.88363435175e-06, 3.19816217598e-06, 9.56087023951e-06, 0.00015092837566, 0.000313308410114, 0.00025416520657, 0.000163473581779, 0.00020883907564, 0.000160456285812, 0.000130613785586, 7.67963938415e-05, 8.73270910233e-05, 3.9949954953e-05, 3.52728093276e-05, 2.3136537493e-05, 1.47752416524e-05, 1.12045781862e-05, 7.27860560801e-06, 3.2627544897e-06, 1.31138278903e-06, 5.65873961023e-07, 2.15861447828e-07, 9.97061135877e-08, 5.90221915786e-09, 6.28067320374e-11, 6.5658284365e-11],
        "min": [5.81917051802e-24, 3.03776904244e-24, 7.76295613178e-24, 1.18673820667e-23, 2.31895176752e-23, 3.65270935001e-23, 5.79033055219e-23, 1.33359460383e-23, 1.71396345303e-23, 5.7168825532e-23, 8.99061618237e-23, 2.78037591696e-23, 1.06824867969e-22, 1.20167030231e-22, 1.38394740608e-22, 6.01944983785e-23, 1.44981855384e-22, 1.80091201755e-22, 2.04100871292e-22, 2.28319519549e-22, 3.55584568744e-22, 4.60597177089e-22, 6.78271492038e-22, 9.37109805956e-22, 1.2744706528e-21, 1.87124713353e-21, 2.44002730677e-21],
        "var": [5.56555734832e-09, 2.71614254643e-07, 1.9987764972e-06, 1.95902953237e-06, 1.45874237205e-05, 3.14315293508e-05, 1.19773831102e-05, 2.38033735513e-05, 2.32799502555e-05, 6.97553014106e-06, 3.88801754525e-06, 1.48191293192e-06, 2.61498530563e-06, 2.81199390884e-06, 1.65239009675e-06, 8.37459822378e-07, 3.86749746895e-07, 2.12555264056e-07, 2.42597479883e-07, 8.70145981935e-08, 2.03079650873e-08, 2.31115180327e-08, 1.25515287053e-08, 7.04995128942e-09, 4.31524038724e-10, 1.16084076643e-18, 1.31112097557e-18]
    },
    "erbbands": {
        "dmean": [0.0013650143519, 0.0198103711009, 0.142388761044, 0.486656755209, 1.30604100227, 2.58325409889, 5.97361087799, 10.3230514526, 10.622587204, 10.8901805878, 10.9969825745, 13.4838218689, 15.8789958954, 13.0140657425, 12.1068286896, 9.32743167877, 12.9469842911, 11.3521823883, 8.54837608337, 6.88846492767, 6.70550632477, 3.80866861343, 4.62458562851, 2.89396882057, 2.62000966072, 1.21162343025, 0.751848936081, 0.557646751404, 0.431252449751, 0.303148508072, 0.175956919789, 0.0968746989965, 0.0457758270204, 0.0129663245752, 0.000366272433894, 1.77634265128e-05, 3.12338943331e-06, 8.44372891606e-07, 1.76169658062e-06, 3.87015143133e-06],
        "dmean2": [0.00230081821792, 0.0320750288665, 0.23270149529, 0.811519443989, 2.18562340736, 4.200507164, 9.36452960968, 16.7568588257, 17.3129081726, 16.3906345367, 15.3849229813, 18.1182880402, 22.6478900909, 19.0515327454, 18.1929702759, 14.1827793121, 18.5957775116, 16.5109291077, 12.5780763626, 10.1526470184, 10.0875110626, 5.88259458542, 6.89110088348, 4.54571819305, 4.03331565857, 1.87763464451, 1.17607343197, 0.878118038177, 0.682918906212, 0.456971138716, 0.262882232666, 0.143522143364, 0.0698737353086, 0.0207818094641, 0.000578342820518, 2.71465632977e-05, 4.63514561488e-06, 1.2496062709e-06, 2.52743598139e-06, 5.62770719625e-06],
        "dvar": [0.000173940337845, 0.00740802101791, 0.750947058201, 5.87116718292, 40.3990707397, 78.3876190186, 354.414764404, 1241.43847656, 794.343200684, 1220.13842773, 1175.23400879, 2090.1706543, 2886.10253906, 1376.97570801, 1522.53112793, 982.686340332, 1592.47387695, 1394.39282227, 1216.90478516, 441.344177246, 426.85067749, 294.425689697, 226.187164307, 128.05557251, 126.214401245, 20.8266029358, 14.5295543671, 9.92486476898, 6.44393253326, 4.18583393097, 1.65163123608, 0.772206246853, 0.265201687813, 0.0516718029976, 4.03728372476e-05, 6.08936332469e-08, 5.72892788764e-10, 1.8243602809e-11, 1.23814482972e-11, 5.81835378488e-11],
        "dvar2": [0.000486559903948, 0.0194037910551, 1.9894503355, 17.109210968, 119.11289978, 216.84803772, 899.27746582, 3548.37695312, 2272.22509766, 2636.74707031, 1946.47229004, 3315.13867188, 5674.57617188, 3134.97509766, 3504.93579102, 2285.76953125, 3064.97241211, 3025.48022461, 2580.00341797, 872.431518555, 1020.06677246, 716.608337402, 524.423339844, 325.879882812, 299.569915771, 51.2849235535, 34.6823501587, 24.3214206696, 16.3690605164, 9.52068710327, 3.58525800705, 1.42493903637, 0.544943928719, 0.110259287059, 8.9517190645e-05, 1.25466442569e-07, 1.08473618976e-09, 3.21252018043e-11, 2.63295166919e-11, 1.32825139776e-10],
        "max": [0.866606414318, 3.80726671219, 45.3714485168, 113.210227966, 401.080078125, 289.979400635, 846.256774902, 1505.25805664, 1128.09387207, 1925.18933105, 4293.41552734, 3319.10180664, 2605.68652344, 2143.68115234, 1781.82629395, 2198.50927734, 2157.48901367, 1932.65673828, 1867.06555176, 1860.18273926, 660.045837402, 2156.59130859, 635.496276855, 588.788330078, 999.297973633, 285.547454834, 473.486083984, 237.3540802, 164.901916504, 167.719146729, 137.027816772, 95.6684036255, 49.4796524048, 21.0592632294, 0.545455515385, 0.0227085873485, 0.00231431331486, 0.000416874565417, 0.000131201610202, 0.000281145272311],
        "mean": [0.00232520024292, 0.0366960912943, 0.245643004775, 0.841847956181, 2.1738858223, 4.91012907028, 11.7921743393, 20.9709815979, 22.2321662903, 23.834985733, 27.5856609344, 36.479183197, 34.8988571167, 31.4714050293, 26.8992614746, 19.0694904327, 29.4244632721, 26.0770378113, 18.5109806061, 16.2527885437, 15.339343071, 8.09862136841, 10.6609716415, 5.9803147316, 5.7145819664, 2.89487028122, 1.72500646114, 1.21782124043, 0.949968695641, 0.74622386694, 0.42459833622, 0.246633857489, 0.108723647892, 0.024984780699, 0.000719740113709, 4.61709860247e-05, 1.06698935269e-05, 2.97154065265e-06, 7.37863092581e-06, 1.5746389181e-05],
        "median": [0.000209082470974, 0.000635039061308, 0.00382629851811, 0.0276796482503, 0.156832113862, 0.485511898994, 1.50813281536, 2.64466142654, 3.89380216599, 4.31351613998, 4.6582403183, 5.14728069305, 7.09636259079, 6.68872642517, 5.55343151093, 4.52613735199, 5.39813280106, 4.87446880341, 3.01782226562, 2.47984933853, 1.76405191422, 1.13516354561, 0.773934185505, 0.558494985104, 0.298482477665, 0.164910376072, 0.0767759084702, 0.0389188155532, 0.0226474460214, 0.0113836042583, 0.00566477980465, 0.00297426828183, 0.00125488324556, 0.000248726370046, 1.8577071387e-05, 6.81581241224e-06, 3.39621533385e-06, 9.36350772918e-07, 3.59070463674e-06, 7.73252395447e-06],
        "min": [2.39629109114e-22, 3.35591602231e-22, 9.56079262678e-21, 1.68477158329e-20, 4.22962811916e-20, 1.25292840588e-19, 1.25059136216e-19, 3.49997875705e-19, 7.03574031342e-19, 8.84470831586e-19, 3.86437999272e-19, 3.77634729603e-19, 1.52357145915e-18, 3.12534788214e-18, 3.83812052379e-18, 1.7986570927e-18, 5.12932836688e-18, 5.7834834748e-18, 7.01149968217e-18, 5.37223036734e-18, 4.09649617838e-18, 7.35218146208e-18, 8.28475067494e-18, 1.19760011451e-17, 9.01756321449e-18, 1.08064711565e-17, 1.27183452868e-17, 1.54844521444e-17, 1.5446977554e-17, 1.73376857868e-17, 2.00634063782e-17, 1.83350803171e-17, 1.6478642177e-17, 1.33142710155e-17, 9.4366087769e-18, 5.6449133514e-18, 3.68195089209e-18, 1.50305748336e-18, 3.28938529394e-19, 3.81601034791e-20],
        "var": [0.000205657968763, 0.0196757093072, 1.44052290916, 12.2841444016, 62.1445846558, 180.868972778, 1022.32781982, 3341.31567383, 2675.93798828, 4154.84375, 12851.9492188, 16556.5292969, 8729.05175781, 5450.93994141, 4217.17529297, 2210.69604492, 5538.38134766, 6045.93408203, 5058.21777344, 2448.5871582, 1801.61474609, 932.901794434, 969.360839844, 326.873535156, 518.761352539, 111.778373718, 62.7814331055, 36.974861145, 27.6202335358, 23.054391861, 8.00090122223, 4.98608016968, 1.31178379059, 0.153251886368, 0.000116621115012, 2.21921922616e-07, 2.82880319169e-09, 1.22826276927e-10, 1.23753354786e-10, 5.34917832251e-10]
    },
    "gfcc": {
        "mean": [-183.499893188, 159.486099243, -186.925094604, -8.96841335297, -71.5856628418, -12.6352024078, -26.381067276, -18.7172374725, 1.60567080975, -19.6386146545, 11.2378053665, -13.7307014465, 6.5339641571],
        "cov": [[14839.7431641, -811.676818848, -2633.12475586, 570.197265625, -225.345062256, -838.17199707, -26.7921676636, -316.537353516, -253.403411865, -206.908584595, -198.45413208, 38.8290710449, -82.963432312], [-811.676818848, 3643.65917969, 2386.56201172, -865.65802002, 534.392089844, -406.461456299, -191.910110474, -439.547180176, -312.306091309, -195.57963562, -296.712219238, -285.349121094, -265.20980835], [-2633.12475586, 2386.56201172, 2542.984375, -215.879592896, 246.085739136, 7.30471086502, -188.221923828, -238.801696777, -260.765930176, -167.003005981, -208.529998779, -252.874603271, -175.339675903], [570.197265625, -865.65802002, -215.879592896, 896.508666992, -82.241645813, 200.248275757, 15.6082630157, 69.2501449585, -30.1335773468, -56.0904541016, 4.40703678131, -19.9909763336, 5.80299091339], [-225.345062256, 534.392089844, 246.085739136, -82.241645813, 352.50579834, -0.916876494884, 53.7481231689, -19.4346103668, -34.5198020935, -12.491350174, -63.7229537964, -41.4054756165, -63.8297119141], [-838.17199707, -406.461456299, 7.30471086502, 200.248275757, -0.916876494884, 338.696685791, 79.9834594727, 93.9569854736, 35.469707489, 12.2412004471, 32.9559020996, -24.9556808472, -2.38624882698], [-26.7921676636, -191.910110474, -188.221923828, 15.6082630157, 53.7481231689, 79.9834594727, 191.977798462, 106.789337158, 40.3135108948, 12.3448314667, -5.70285224915, 18.8983440399, -2.36271739006], [-316.537353516, -439.547180176, -238.801696777, 69.2501449585, -19.4346103668, 93.9569854736, 106.789337158, 221.370941162, 110.785354614, 24.1885051727, 33.9925956726, 38.2075805664, 49.0230484009], [-253.403411865, -312.306091309, -260.765930176, -30.1335773468, -34.5198020935, 35.469707489, 40.3135108948, 110.785354614, 171.634674072, 92.7183303833, 51.432762146, 35.1989517212, 26.6586875916], [-206.908584595, -195.57963562, -167.003005981, -56.0904541016, -12.491350174, 12.2412004471, 12.3448314667, 24.1885051727, 92.7183303833, 153.920516968, 96.6819915771, 36.5048484802, 11.5086116791], [-198.45413208, -296.712219238, -208.529998779, 4.40703678131, -63.7229537964, 32.9559020996, -5.70285224915, 33.9925956726, 51.432762146, 96.6819915771, 159.331329346, 95.0660247803, 40.4656448364], [38.8290710449, -285.349121094, -252.874603271, -19.9909763336, -41.4054756165, -24.9556808472, 18.8983440399, 38.2075805664, 35.1989517212, 36.5048484802, 95.0660247803, 158.822418213, 95.3374938965], [-82.963432312, -265.20980835, -175.339675903, 5.80299091339, -63.8297119141, -2.38624882698, -2.36271739006, 49.0230484009, 26.6586875916, 11.5086116791, 40.4656448364, 95.3374938965, 147.952087402]],
        "icov": [[0.000173319116584, -0.00042265446973, 0.000556438462809, -0.000358446734026, 0.000394494127249, 2.9387534596e-05, 0.000162811658811, -0.000251308141742, 0.000541128392797, -0.000411978369812, 0.000598618120421, -0.000359050143743, 0.000271783821518], [-0.00042265446973, 0.00465794932097, -0.00405140034854, 0.00271247187629, -0.00396131072193, 0.00332297151908, -0.00235734321177, 0.00421698670834, -0.00345603679307, 0.00491950381547, -0.0045314845629, 0.00409195525572, -0.00104285439011], [0.000556438462809, -0.00405140034854, 0.00442781299353, -0.00227849162184, 0.00319743040018, -0.00280335801654, 0.00273444480263, -0.00363933248445, 0.00408176891506, -0.00426128460094, 0.00456112110987, -0.00318840052933, 0.00137336330954], [-0.000358446734026, 0.00271247187629, -0.00227849162184, 0.00316863949411, -0.00209717662074, 0.000683614984155, -0.000712616485544, 0.00169579859357, -0.00130068161525, 0.00309490063228, -0.00258839060552, 0.0023692320101, -0.000455475295894], [0.000394494127249, -0.00396131072193, 0.00319743040018, -0.00209717662074, 0.00721261184663, -0.00292828772217, 0.000997298629954, -0.00389489717782, 0.00412220554426, -0.00589096453041, 0.00630800472572, -0.00504750898108, 0.00260562356561], [2.9387534596e-05, 0.00332297151908, -0.00280335801654, 0.000683614984155, -0.00292828772217, 0.0080214785412, -0.00418216502294, 0.0030136576388, -0.00303214788437, 0.00495161348954, -0.00640164641663, 0.00622694659978, -0.001675829757], [0.000162811658811, -0.00235734321177, 0.00273444480263, -0.000712616485544, 0.000997298629954, -0.00418216502294, 0.0117164244875, -0.00784254539758, 0.00499511789531, -0.00594637636095, 0.00774965249002, -0.00673526059836, 0.00406573479995], [-0.000251308141742, 0.00421698670834, -0.00363933248445, 0.00169579859357, -0.00389489717782, 0.0030136576388, -0.00784254539758, 0.016070175916, -0.011497400701, 0.0102354185656, -0.00844321027398, 0.00669724307954, -0.00477390410379], [0.000541128392797, -0.00345603679307, 0.00408176891506, -0.00130068161525, 0.00412220554426, -0.00303214788437, 0.00499511789531, -0.011497400701, 0.0196402482688, -0.0145091153681, 0.00982688553631, -0.00627373624593, 0.00356030045077], [-0.000411978369812, 0.00491950381547, -0.00426128460094, 0.00309490063228, -0.00589096453041, 0.00495161348954, -0.00594637636095, 0.0102354185656, -0.0145091153681, 0.024974219501, -0.0189448222518, 0.0111762927845, -0.00388074456714], [0.000598618120421, -0.0045314845629, 0.00456112110987, -0.00258839060552, 0.00630800472572, -0.00640164641663, 0.00774965249002, -0.00844321027398, 0.00982688553631, -0.0189448222518, 0.0281503070146, -0.0186461936682, 0.00727828312665], [-0.000359050143743, 0.00409195525572, -0.00318840052933, 0.0023692320101, -0.00504750898108, 0.00622694659978, -0.00673526059836, 0.00669724307954, -0.00627373624593, 0.0111762927845, -0.0186461936682, 0.0248867571354, -0.0118173575029], [0.000271783821518, -0.00104285439011, 0.00137336330954, -0.000455475295894, 0.00260562356561, -0.001675829757, 0.00406573479995, -0.00477390410379, 0.00356030045077, -0.00388074456714, 0.00727828312665, -0.0118173575029, 0.0147158568725]]
    },
    "melbands": {
        "dmean": [1.56248224812e-05, 5.68098548683e-05, 9.85879159998e-05, 0.000131887340103, 0.000189517188119, 0.000227339813136, 0.000156906462507, 0.000121143755678, 8.89949515113e-05, 8.79332583281e-05, 8.08484182926e-05, 5.43001842743e-05, 4.18331837864e-05, 3.0092369343e-05, 2.29882462008e-05, 3.09798342641e-05, 2.15889904212e-05, 1.44800042108e-05, 1.09200354927e-05, 1.00849183582e-05, 7.88840497989e-06, 4.30047657574e-06, 4.74319222121e-06, 3.62884793503e-06, 2.4809326078e-06, 2.04889875022e-06, 1.70410328337e-06, 7.51022810164e-07, 5.7387421748e-07, 4.412369492e-07, 3.21954246374e-07, 2.72876036433e-07, 2.2032119773e-07, 1.78314664367e-07, 1.17961398871e-07, 8.50856451962e-08, 5.83547681288e-08, 3.84964202738e-08, 2.77792846504e-08, 5.73839864515e-09],
        "dmean2": [2.57078154391e-05, 9.21404862311e-05, 0.000164365279488, 0.000218140354264, 0.000298179860692, 0.000368172855815, 0.000255006365478, 0.00017913535703, 0.000123526711832, 0.00011906142754, 0.00011552216165, 7.95844607637e-05, 6.24196327408e-05, 4.62177631562e-05, 3.43309693562e-05, 4.37697199231e-05, 3.18382190017e-05, 2.1401399863e-05, 1.58618331625e-05, 1.51321073645e-05, 1.20811737361e-05, 6.6948255153e-06, 7.34584955353e-06, 5.43900796401e-06, 3.96141240344e-06, 3.15204238177e-06, 2.71313615485e-06, 1.18057016607e-06, 9.05790102479e-07, 7.05793354427e-07, 5.1500239806e-07, 4.36441524698e-07, 3.46329471768e-07, 2.75434103969e-07, 1.78966786279e-07, 1.31328533826e-07, 8.73360193054e-08, 6.04864851539e-08, 4.46699601753e-08, 9.24359078169e-09],
        "dvar": [9.66134461322e-09, 1.05617154134e-07, 2.25619643857e-07, 2.56181522218e-07, 3.49236358943e-07, 5.26244662069e-07, 1.62911533153e-07, 1.47309009435e-07, 6.98973252611e-08, 8.91088518529e-08, 7.29528153443e-08, 2.49373801608e-08, 1.46099257137e-08, 1.72883680705e-08, 5.24211873909e-09, 7.39431404995e-09, 6.19143980529e-09, 3.59059870725e-09, 1.46992551464e-09, 1.18082299494e-09, 5.92317084269e-10, 3.27393612221e-10, 4.09075578967e-10, 1.55052401474e-10, 1.15373245679e-10, 1.38953334949e-10, 6.10253167443e-11, 9.88214111236e-12, 1.21089093613e-11, 5.51182320271e-12, 3.72550991792e-12, 2.404732663e-12, 3.7686247352e-12, 1.45830905945e-12, 7.58748099072e-13, 5.37786070016e-13, 3.15643236375e-13, 1.65853631827e-13, 1.83887925503e-13, 1.20898884504e-14],
        "dvar2": [2.60162575927e-08, 2.75096624591e-07, 6.6764573603e-07, 7.25875850094e-07, 8.96059702882e-07, 1.51420601924e-06, 4.57477455029e-07, 3.06737433675e-07, 1.1417122181e-07, 1.48069872807e-07, 1.43063772384e-07, 5.56079342573e-08, 3.43212107623e-08, 4.18738501651e-08, 1.09621787203e-08, 1.44085401388e-08, 1.35823592373e-08, 7.68076358071e-09, 2.48035281203e-09, 2.92760460319e-09, 1.43664891095e-09, 7.86333997915e-10, 1.03042230304e-09, 3.60583896075e-10, 2.95453411736e-10, 3.05070024798e-10, 1.6603192432e-10, 2.45333562493e-11, 2.85723562865e-11, 1.41939142731e-11, 9.14731138058e-12, 6.36922589323e-12, 8.56898059454e-12, 3.50370015119e-12, 1.77366682539e-12, 1.21177200219e-12, 5.8510867592e-13, 3.84395260847e-13, 3.81197542065e-13, 2.91852723629e-14],
        "max": [0.005896972958, 0.0173176117241, 0.0261017270386, 0.0260055642575, 0.0259119290859, 0.0299919880927, 0.0147078456357, 0.0173922311515, 0.0334761925042, 0.0185040701181, 0.012762574479, 0.00915024615824, 0.00465460820124, 0.0124366478994, 0.00422083819285, 0.00315264286473, 0.00439074262977, 0.00307820364833, 0.00437154946849, 0.00150201062206, 0.000811372883618, 0.00194642378483, 0.00138289213646, 0.000511811929755, 0.000610614486504, 0.00145031569991, 0.000354022165993, 0.000263781490503, 0.000526392599568, 0.000122314348118, 0.000157528673299, 8.64966932568e-05, 0.000274905120023, 9.2807218607e-05, 8.78727951203e-05, 5.63303583476e-05, 6.01478677709e-05, 3.71812966478e-05, 4.07363040722e-05, 1.03677639345e-05],
        "mean": [2.95762238238e-05, 0.000101968376839, 0.000175858629518, 0.000243220012635, 0.000381509307772, 0.000467891193694, 0.000330366165144, 0.000263621448539, 0.000224158502533, 0.000228009463171, 0.00017120836128, 0.000125078076962, 9.6748030046e-05, 5.60071530344e-05, 4.71296334581e-05, 7.11922693881e-05, 4.63499927719e-05, 2.98983468383e-05, 2.40023437073e-05, 2.27484433708e-05, 1.64454722835e-05, 8.34669117467e-06, 9.10830112844e-06, 8.04641877039e-06, 4.56457155451e-06, 4.20648393629e-06, 3.45019748238e-06, 1.61858395131e-06, 1.23065399293e-06, 8.36982565033e-07, 6.33815830042e-07, 5.19104276009e-07, 4.99342377225e-07, 3.88872649637e-07, 2.50519690326e-07, 1.93568467921e-07, 1.32241808615e-07, 7.82462592497e-08, 5.47089662462e-08, 8.2643030197e-09],
        "median": [3.16590967486e-06, 1.42519627389e-06, 6.83290727466e-06, 2.10559119296e-05, 4.97894470755e-05, 6.12791991443e-05, 5.97708967689e-05, 4.36063564848e-05, 3.37272358593e-05, 2.96866273857e-05, 3.17418416671e-05, 2.29575780395e-05, 1.80769275175e-05, 9.1101446742e-06, 8.63755303726e-06, 8.36648359837e-06, 6.74848115523e-06, 2.83821668745e-06, 2.55799295701e-06, 2.14953843169e-06, 1.58600801115e-06, 8.270244507e-07, 7.42267161513e-07, 5.0098947213e-07, 3.02536562913e-07, 1.95618639509e-07, 1.50233660179e-07, 8.31947986057e-08, 4.20950705404e-08, 2.82784782257e-08, 1.54392498786e-08, 1.28816139977e-08, 7.48894102287e-09, 5.05371744453e-09, 3.17272297323e-09, 1.99886729391e-09, 1.42018352633e-09, 8.3907708559e-10, 5.16933162942e-10, 4.24661070197e-11],
        "min": [1.63867640234e-24, 4.40788100364e-24, 5.39647557361e-24, 5.34943737555e-24, 5.10712376015e-24, 8.40518514966e-24, 1.1453811482e-23, 7.69052529005e-24, 3.05513680134e-24, 2.27239193472e-24, 7.52391865573e-24, 1.06259161614e-23, 1.4087780968e-23, 3.12727418682e-24, 9.26498910495e-24, 9.81983363378e-24, 9.89351403119e-24, 1.11065415008e-23, 1.12384209004e-23, 4.75693538812e-24, 5.20118792892e-24, 8.37904229926e-24, 6.2892898079e-24, 8.9460802511e-24, 9.69227324768e-24, 6.58862741713e-24, 6.48017442545e-24, 7.24462087451e-24, 6.99627010661e-24, 9.1046625923e-24, 9.22678062701e-24, 8.07439683944e-24, 9.97717194132e-24, 8.94861643891e-24, 1.10399229863e-23, 1.02405820639e-23, 1.22154298647e-23, 1.26460422116e-23, 8.8084429558e-24, 1.25122237919e-23],
        "var": [1.66069167307e-08, 2.21606782702e-07, 4.45266749693e-07, 5.13944883096e-07, 1.01431999155e-06, 1.45258729844e-06, 5.45245654848e-07, 5.50022548396e-07, 8.22605954909e-07, 6.08365780863e-07, 2.16772889416e-07, 9.31599259957e-08, 5.10931172926e-08, 2.75489568935e-08, 1.54246286854e-08, 3.06607539358e-08, 2.52999896588e-08, 1.40434242013e-08, 9.44959044347e-09, 4.73384531574e-09, 1.99990934924e-09, 1.00684727222e-09, 1.10445963486e-09, 6.27497609429e-10, 2.5302285267e-10, 7.0614225578e-10, 1.74907338613e-10, 4.91075444198e-11, 5.31433681783e-11, 1.45338081847e-11, 1.31290785535e-11, 6.28783049933e-12, 2.21635071407e-11, 6.2695621264e-12, 2.70555951774e-12, 2.57005961651e-12, 1.7573115272e-12, 6.2718461067e-13, 6.14922988831e-13, 2.47653544942e-14]
    },
    "mfcc": {
        "mean": [-792.367492676, 166.771575928, -38.573223114, -11.4442682266, -20.3078651428, -11.3547868729, -14.1988039017, -4.97566223145, -9.41709423065, -1.23305487633, -3.13856124878, 0.386911123991, -0.339680790901],
        "cov": [[12646.7060547, -288.901275635, -3072.31445312, 1073.61193848, -804.305541992, -9.51554489136, -533.611206055, 94.4055557251, -473.614440918, 58.4160766602, -438.694549561, -163.592636108, -240.636032104], [-288.901275635, 4132.0859375, 1386.16345215, -239.923416138, 476.008239746, -155.392669678, 44.352935791, -442.625823975, -126.712425232, -306.236114502, -135.054611206, -294.538879395, -159.861953735], [-3072.31445312, 1386.16345215, 2166.56030273, -98.1945266724, 414.106872559, 92.6655807495, 155.417480469, -172.093963623, 3.44239640236, -149.570831299, -29.3011016846, -108.161102295, -92.4269638062], [1073.61193848, -239.923416138, -98.1945266724, 504.511413574, 38.9403839111, 77.221321106, 10.1289291382, 49.0794029236, -45.6770858765, -7.34233283997, -75.5844955444, -49.2652931213, -52.8265342712], [-804.305541992, 476.008239746, 414.106872559, 38.9403839111, 313.965515137, 65.4247741699, 90.5045623779, -31.2906341553, 14.1756105423, -43.2290763855, 1.94685482979, -38.6368331909, -25.3676662445], [-9.51554489136, -155.392669678, 92.6655807495, 77.221321106, 65.4247741699, 192.206069946, 83.5376358032, 27.2472076416, -4.80604457855, 8.97924613953, 15.7939958572, 7.27081632614, -31.2038936615], [-533.611206055, 44.352935791, 155.417480469, 10.1289291382, 90.5045623779, 83.5376358032, 190.467056274, 69.0602416992, 41.6049842834, -5.11872959137, 15.7870340347, -2.48356890678, -6.89369487762], [94.4055557251, -442.625823975, -172.093963623, 49.0794029236, -31.2906341553, 27.2472076416, 69.0602416992, 202.626235962, 85.0977401733, 40.9273223877, -1.38441836834, 13.7730293274, 12.797077179], [-473.614440918, -126.712425232, 3.44239640236, -45.6770858765, 14.1756105423, -4.80604457855, 41.6049842834, 85.0977401733, 163.470596313, 64.4761810303, 20.6306934357, 1.83023893833, 4.3716545105], [58.4160766602, -306.236114502, -149.570831299, -7.34233283997, -43.2290763855, 8.97924613953, -5.11872959137, 40.9273223877, 64.4761810303, 144.280532837, 62.2843360901, 21.5323848724, -5.52968358994], [-438.694549561, -135.054611206, -29.3011016846, -75.5844955444, 1.94685482979, 15.7939958572, 15.7870340347, -1.38441836834, 20.6306934357, 62.2843360901, 165.287719727, 78.4894256592, 6.33980464935], [-163.592636108, -294.538879395, -108.161102295, -49.2652931213, -38.6368331909, 7.27081632614, -2.48356890678, 13.7730293274, 1.83023893833, 21.5323848724, 78.4894256592, 170.139663696, 68.5678405762], [-240.636032104, -159.861953735, -92.4269638062, -52.8265342712, -25.3676662445, -31.2038936615, -6.89369487762, 12.797077179, 4.3716545105, -5.52968358994, 6.33980464935, 68.5678405762, 173.291503906]],
