{
"lowlevel": {
    "average_loudness": 0.772310733795,
    "barkbands_crest": {
        "dmean": 2.25620937347,
        "dmean2": 3.73311471939,
        "dvar": 4.71301794052,
        "dvar2": 12.8203201294,
        "max": 25.237154007,
        "mean": 8.23871898651,
        "median": 7.21384525299,
        "min": 2.48989295959,
        "var": 14.2607717514
    },
    "barkbands_flatness_db": {
        "dmean": 0.0153798060492,
        "dmean2": 0.0239721368998,
        "dvar": 0.000204166048206,
        "dvar2": 0.000521456939168,
        "max": 0.370719462633,
        "mean": 0.171407178044,
        "median": 0.165770635009,
        "min": 0.0393991842866,
        "var": 0.0019369617803
    },
    "barkbands_kurtosis": {
        "dmean": 1.19718968868,
        "dmean2": 1.9513528347,
        "dvar": 8.21325683594,
        "dvar2": 19.5658531189,
        "max": 151.538513184,
        "mean": 1.22224259377,
        "median": -0.0890045166016,
        "min": -1.83273947239,
        "var": 62.6768836975
    },
    "barkbands_skewness": {
        "dmean": 0.363664895296,
        "dmean2": 0.57545363903,
        "dvar": 0.128476709127,
        "dvar2": 0.319556772709,
        "max": 10.7621555328,
        "mean": 0.578683197498,
        "median": 0.526266038418,
        "min": -3.40565896034,
        "var": 1.02443706989
    },
    "barkbands_spread": {
        "dmean": 3.08110642433,
        "dmean2": 4.92099952698,
        "dvar": 7.2164645195,
        "dvar2": 18.625164032,
        "max": 54.9581489563,
        "mean": 16.7932300568,
        "median": 16.5886535645,
        "min": 0.907552957535,
        "var": 41.90001297
    },
    "dissonance": {
        "dmean": 0.0213018208742,
        "dmean2": 0.0366431921721,
        "dvar": 0.000434381625382,
        "dvar2": 0.00122248893604,
        "max": 0.499975293875,
        "mean": 0.462033599615,
        "median": 0.468455016613,
        "min": 0.263430118561,
        "var": 0.000801856047474
    },
    "dynamic_complexity": 3.67273640633,
    "erbbands_crest": {
        "dmean": 2.95838284492,
        "dmean2": 4.92748880386,
        "dvar": 7.40248298645,
        "dvar2": 19.8081684113,
        "max": 33.8254432678,
        "mean": 10.0106744766,
        "median": 8.89536380768,
        "min": 2.52799677849,
        "var": 21.918056488
    },
    "erbbands_flatness_db": {
        "dmean": 0.0147297168151,
        "dmean2": 0.0226739365608,
        "dvar": 0.00018283315876,
        "dvar2": 0.000432708504377,
        "max": 0.452970832586,
        "mean": 0.247859656811,
        "median": 0.244760602713,
        "min": 0.0496090613306,
        "var": 0.0025943168439
    },
    "erbbands_kurtosis": {
        "dmean": 0.910008192062,
        "dmean2": 1.53163361549,
        "dvar": 4.45192241669,
        "dvar2": 12.1802129745,
        "max": 50.6813850403,
        "mean": 0.358112156391,
        "median": -0.156101226807,
        "min": -1.81263172626,
        "var": 7.85381746292
    },
    "erbbands_skewness": {
        "dmean": 0.353334724903,
        "dmean2": 0.564400553703,
        "dvar": 0.120410218835,
        "dvar2": 0.307124316692,
        "max": 6.06263208389,
        "mean": 0.0661911070347,
        "median": 0.0685995146632,
        "min": -3.99671196938,
        "var": 0.540075182915
    },
    "erbbands_spread": {
        "dmean": 4.10501098633,
        "dmean2": 6.68104410172,
        "dvar": 12.4541912079,
        "dvar2": 32.31665802,
        "max": 111.507072449,
        "mean": 22.205499649,
        "median": 21.6570796967,
        "min": 1.57033467293,
        "var": 70.7258224487
    },
    "hfc": {
        "dmean": 4.0708732605,
        "dmean2": 6.31082677841,
        "dvar": 40.9758415222,
        "dvar2": 106.152542114,
        "max": 162.346008301,
        "mean": 18.8978023529,
        "median": 15.2768993378,
        "min": 1.06168711031e-16,
        "var": 273.960479736
    },
    "melbands_crest": {
        "dmean": 3.06648826599,
        "dmean2": 5.02521848679,
        "dvar": 8.09634876251,
        "dvar2": 21.5213909149,
        "max": 36.049243927,
        "mean": 11.4308919907,
        "median": 10.2444629669,
        "min": 1.55466973782,
        "var": 27.7620258331
    },
    "melbands_flatness_db": {
        "dmean": 0.0171439219266,
        "dmean2": 0.0262925866991,
        "dvar": 0.000263463240117,
        "dvar2": 0.000646781292744,
        "max": 0.425263851881,
        "mean": 0.210266396403,
        "median": 0.206733986735,
        "min": 0.00352915329859,
        "var": 0.00341763789766
    },
    "melbands_kurtosis": {
        "dmean": 2.13852334023,
        "dmean2": 3.49085569382,
        "dvar": 61.8246879578,
        "dvar2": 151.434692383,
        "max": 452.094940186,
        "mean": 3.30402374268,
        "median": 1.20253324509,
        "min": -1.87752723694,
        "var": 271.400634766
    },
    "melbands_skewness": {
        "dmean": 0.419648826122,
        "dmean2": 0.669083714485,
        "dvar": 0.191247224808,
        "dvar2": 0.493012011051,
        "max": 17.6150436401,
        "mean": 1.16525685787,
        "median": 1.02574372292,
        "min": -2.6669075489,
        "var": 1.33409225941
    },
    "melbands_spread": {
        "dmean": 5.38993740082,
        "dmean2": 8.65671634674,
        "dvar": 28.5412139893,
        "dvar2": 72.8187713623,
        "max": 160.941314697,
        "mean": 27.5129013062,
        "median": 24.9797325134,
        "min": 1.01377475262,
        "var": 342.952789307
    },
    "pitch_salience": {
        "dmean": 0.0601998046041,
        "dmean2": 0.0995947420597,
        "dvar": 0.00279378681444,
        "dvar2": 0.00729452865198,
        "max": 0.814160048962,
        "mean": 0.574487030506,
        "median": 0.58547949791,
        "min": 0.0876531079412,
        "var": 0.010824621655
    },
    "silence_rate_20dB": {
        "dmean": 0,
        "dmean2": 0,
        "dvar": 0,
        "dvar2": 0,
        "max": 1,
        "mean": 1,
        "median": 1,
        "min": 1,
        "var": 0
    },
    "silence_rate_30dB": {
        "dmean": 0.000633312214632,
        "dmean2": 0.00126682501286,
        "dvar": 0.000632925250102,
        "dvar2": 0.00189868838061,
        "max": 1,
        "mean": 0.999683380127,
        "median": 1,
        "min": 0,
        "var": 0.000316524412483
    },
    "silence_rate_60dB": {
        "dmean": 0.0227992404252,
        "dmean2": 0.045447345823,
        "dvar": 0.0222786702216,
        "dvar2": 0.0506699420512,
        "max": 1,
        "mean": 0.0951400995255,
        "median": 0,
        "min": 0,
        "var": 0.0860959887505
    },
    "spectral_centroid": {
        "dmean": 169.912918091,
        "dmean2": 270.580932617,
        "dvar": 30313.8730469,
        "dvar2": 67001.515625,
        "max": 11929.7666016,
        "mean": 1528.24536133,
        "median": 1365.77539062,
        "min": 289.855834961,
        "var": 1917736.875
    },
    "spectral_complexity": {
        "dmean": 2.4436352253,
        "dmean2": 4.02834510803,
        "dvar": 4.57701969147,
        "dvar2": 11.8716812134,
        "max": 58,
        "mean": 19.8975772858,
        "median": 20,
        "min": 0,
        "var": 88.1401748657
    },
    "spectral_decrease": {
        "dmean": 1.13551779091e-09,
        "dmean2": 1.81175896508e-09,
        "dvar": 2.74743387569e-18,
        "dvar2": 7.60601754947e-18,
        "max": 1.72787766078e-28,
        "mean": -4.92765828142e-09,
        "median": -3.89527121669e-09,
        "min": -3.47765514164e-08,
        "var": 1.6407443433e-17
    },
    "spectral_energy": {
        "dmean": 0.00458818953484,
        "dmean2": 0.00730154989287,
        "dvar": 4.53106549685e-05,
        "dvar2": 0.00012513108959,
        "max": 0.143284350634,
        "mean": 0.0203121677041,
        "median": 0.016092563048,
        "min": 9.94700034673e-21,
        "var": 0.000277142244158
    },
    "spectral_energyband_high": {
        "dmean": 4.34736757597e-05,
        "dmean2": 6.34131938568e-05,
        "dvar": 2.39465318685e-08,
        "dvar2": 4.43188561405e-08,
        "max": 0.0168157424778,
        "mean": 0.000160516952747,
        "median": 4.86829267174e-05,
        "min": 7.01610314262e-21,
        "var": 3.72040801722e-07
    },
    "spectral_energyband_low": {
        "dmean": 0.00126177270431,
        "dmean2": 0.00195775437169,
        "dvar": 6.19451884631e-06,
        "dvar2": 1.46372631207e-05,
        "max": 0.0547985471785,
        "mean": 0.00269195670262,
        "median": 0.000830351025797,
        "min": 1.49466911439e-23,
        "var": 2.16129483306e-05
    },
    "spectral_energyband_middle_high": {
        "dmean": 0.00278910622001,
        "dmean2": 0.00446596788242,
        "dvar": 3.29970825987e-05,
        "dvar2": 9.09304581e-05,
        "max": 0.136389970779,
        "mean": 0.00898289401084,
        "median": 0.00653221737593,
        "min": 1.1885444394e-21,
        "var": 9.481273446e-05
    },
    "spectral_energyband_middle_low": {
        "dmean": 0.00313854427077,
        "dmean2": 0.0050744721666,
        "dvar": 2.16355256271e-05,
        "dvar2": 5.83077453484e-05,
        "max": 0.107036054134,
        "mean": 0.00951766222715,
        "median": 0.00718758441508,
        "min": 9.87610181997e-23,
        "var": 8.07086908026e-05
    },
    "spectral_entropy": {
        "dmean": 0.0974289178848,
        "dmean2": 0.153386101127,
        "dvar": 0.00918546505272,
        "dvar2": 0.0224157162011,
        "max": 9.82225227356,
        "mean": 7.22673130035,
        "median": 7.24966430664,
        "min": 5.49103307724,
        "var": 0.244214758277
    },
    "spectral_flux": {
        "dmean": 0.0146463364363,
        "dmean2": 0.024007955566,
        "dvar": 0.000271212134976,
        "dvar2": 0.000736238260288,
        "max": 0.321325063705,
        "mean": 0.0722240805626,
        "median": 0.0695648640394,
        "min": 6.33722380128e-11,
        "var": 0.00140617985744
    },
    "spectral_kurtosis": {
        "dmean": 4.51443338394,
        "dmean2": 8.06881713867,
        "dvar": 22.3477993011,
        "dvar2": 70.8515014648,
        "max": 53.8175430298,
        "mean": 9.07548427582,
        "median": 7.04519557953,
        "min": -1.26334893703,
        "var": 52.4874000549
    },
    "spectral_rms": {
        "dmean": 0.000469447608339,
        "dmean2": 0.0007312092348,
        "dvar": 2.55104396274e-07,
        "dvar2": 6.71999600854e-07,
        "max": 0.0118232658133,
        "mean": 0.00404775701463,
        "median": 0.00396233052015,
        "min": 3.1151871447e-12,
        "var": 3.43242481904e-06
    },
    "spectral_rolloff": {
        "dmean": 266.275054932,
        "dmean2": 456.932250977,
        "dvar": 139312.5,
        "dvar2": 314470.21875,
        "max": 19530.6152344,
        "mean": 1913.57373047,
        "median": 1571.92382812,
        "min": 43.06640625,
        "var": 5846313
    },
    "spectral_skewness": {
        "dmean": 0.376089006662,
        "dmean2": 0.666469752789,
        "dvar": 0.129411816597,
        "dvar2": 0.408529549837,
        "max": 4.94531822205,
        "mean": 1.69485580921,
        "median": 1.5789835453,
        "min": -0.0881504192948,
        "var": 0.381829053164
    },
    "spectral_spread": {
        "dmean": 200113.671875,
        "dmean2": 322673.21875,
        "dvar": 209849925632,
        "dvar2": 441232982016,
        "max": 42715136,
        "mean": 3010511.25,
        "median": 2222934.5,
        "min": 1036885.75,
        "var": 2.76670174986e+13
    },
    "spectral_strongpeak": {
        "dmean": 0.771791994572,
        "dmean2": 1.31489288807,
        "dvar": 1.13592207432,
        "dvar2": 2.9959397316,
        "max": 16.3407211304,
        "mean": 1.39026045799,
        "median": 0.887005984783,
        "min": 0,
        "var": 2.10454034805
    },
    "zerocrossingrate": {
        "dmean": 0.00493074394763,
        "dmean2": 0.006316031795,
        "dvar": 4.15715840063e-05,
        "dvar2": 7.30397441657e-05,
        "max": 0.53271484375,
        "mean": 0.061718609184,
        "median": 0.0537109375,
        "min": 0.00390625,
        "var": 0.00398374255747
    },
    "barkbands": {
        "dmean": [6.18512194706e-06, 0.000367655447917, 0.000751028361265, 0.000842683773953, 0.000692644098308, 0.000658427015878, 0.000715073838364, 0.000833258964121, 0.00118031795137, 0.00159833987709, 0.000701717159245, 0.000634944764897, 0.000728795537725, 0.000530071905814, 0.000519352557603, 0.00029846621328, 0.000356743286829, 0.000220481262659, 0.000105842809717, 4.30924228567e-05, 2.12029317481e-05, 1.13597279778e-05, 5.06982405568e-06, 2.18790182771e-06, 7.59653630666e-07, 1.03138788177e-07, 4.16932577352e-09],
        "dmean2": [1.03023076008e-05, 0.00052010366926, 0.00117837265134, 0.00144539866596, 0.00114440335892, 0.0010582015384, 0.00109748181421, 0.00132998439949, 0.00190331961494, 0.00262753874995, 0.00114668044262, 0.00105985102709, 0.00116584287025, 0.000882105145138, 0.000865927548148, 0.00049249373842, 0.000588762864936, 0.000364463980077, 0.000173783220816, 6.91445384291e-05, 3.41806735378e-05, 1.74637898454e-05, 7.65558525018e-06, 3.19435798701e-06, 1.05644267023e-06, 1.34910706606e-07, 7.16457781991e-09],
        "dvar": [3.43509214129e-11, 5.94299592649e-07, 2.88479441224e-06, 3.82805137633e-06, 1.26616521356e-06, 9.96803464659e-07, 1.49356435486e-06, 2.11860560739e-06, 1.19254273159e-05, 2.53359467024e-05, 2.95657901006e-06, 1.94143785848e-06, 7.88301167631e-06, 1.72870682036e-06, 1.75615230091e-06, 3.21065527942e-07, 4.31700414083e-07, 1.68147892055e-07, 3.27985780757e-08, 1.35615856323e-08, 6.18916917716e-09, 2.15061324305e-09, 7.21370907453e-10, 1.20094031941e-10, 9.36451437228e-12, 8.91614473225e-13, 1.36652344188e-15],
        "dvar2": [9.55709816841e-11, 1.12328916657e-06, 7.13813597031e-06, 1.12510288091e-05, 3.39779285241e-06, 2.5945703328e-06, 3.37900974046e-06, 5.06789729116e-06, 3.14293174597e-05, 7.03124387655e-05, 7.67122310208e-06, 5.10980180479e-06, 1.84106647794e-05, 4.5911297093e-06, 4.4710950533e-06, 8.26575103474e-07, 1.08689198441e-06, 4.36461476738e-07, 8.68738752047e-08, 3.1901379316e-08, 1.7717496803e-08, 4.53007586998e-09, 1.46284850899e-09, 2.38059738589e-10, 1.59360025176e-11, 1.00242036893e-12, 3.23668886255e-15],
        "max": [8.11342906673e-05, 0.0192513205111, 0.046758249402, 0.0366106927395, 0.0303411819041, 0.0165800023824, 0.0362090580165, 0.0242492072284, 0.0743428096175, 0.127788066864, 0.046252541244, 0.0335426554084, 0.114877149463, 0.0410239733756, 0.0259227119386, 0.014405480586, 0.0129714123905, 0.00866863504052, 0.0038519622758, 0.00820628274232, 0.00516416365281, 0.00462585501373, 0.00229663122445, 0.0010835013818, 0.000245548930252, 8.45769391162e-05, 2.42581245402e-06],
        "mean": [3.62986902473e-05, 0.000746123725548, 0.00138063775375, 0.00116062816232, 0.00125328113791, 0.00128849293105, 0.00147767993622, 0.00138485757634, 0.00196678331122, 0.00244421628304, 0.00106520531699, 0.00103730882984, 0.00119521829765, 0.000847320770845, 0.000846564478707, 0.00054025958525, 0.00072361266939, 0.000472080748295, 0.00023760991462, 9.50257308432e-05, 5.70410229557e-05, 3.3158052247e-05, 1.46263564602e-05, 5.88895636611e-06, 2.02200953936e-06, 2.56261955656e-07, 4.40212533093e-09],
        "median": [3.63139479305e-05, 0.000122450728668, 0.000332980882376, 0.000299955165247, 0.000646198459435, 0.00071331980871, 0.000732756394427, 0.00065001368057, 0.000712277775165, 0.000704069097992, 0.000422142329626, 0.000325425644405, 0.000436822912889, 0.000308333634166, 0.000264883419732, 0.000248221884249, 0.000417731411289, 0.000196562876226, 0.000113538946607, 3.23878412019e-05, 1.54924800881e-05, 8.69996983965e-06, 3.25907558363e-06, 1.23745417113e-06, 2.80067013136e-07, 4.96086798307e-08, 7.51771811469e-10],
        "min": [3.44990961958e-25, 3.7307358188e-24, 8.96276544811e-25, 6.84447374414e-25, 6.30776729689e-24, 6.02321925192e-24, 1.21560136502e-23, 3.73273597563e-24, 8.95707223896e-24, 8.23257291727e-24, 8.60745381893e-24, 2.35887428244e-23, 3.06520329758e-23, 4.19472179404e-23, 5.27424007751e-23, 5.71966628556e-23, 6.7609267084e-23, 8.32067511198e-23, 1.39923060793e-22, 1.98291295689e-22, 2.53397975706e-22, 2.62027079023e-22, 3.7293339972e-22, 5.22020234819e-22, 8.70393529417e-22, 1.27494452471e-21, 1.85452903787e-21],
        "var": [9.52419740297e-11, 2.84315865429e-06, 7.58665964895e-06, 6.42167651677e-06, 3.55339557245e-06, 2.68207372756e-06, 5.27603788214e-06, 4.79879145132e-06, 2.19808280235e-05, 3.78335207643e-05, 4.40662552137e-06, 3.50801133209e-06, 1.10148266685e-05, 2.77360754808e-06, 3.16981459036e-06, 7.02361717231e-07, 1.0960312693e-06, 4.72984368116e-07, 9.99239020416e-08, 6.17490698573e-08, 3.68170063325e-08, 2.09861674705e-08, 5.29211874323e-09, 9.2070256974e-10, 6.72092867471e-11, 4.45960239223e-12, 2.21157316737e-15]
    },
    "erbbands": {
        "dmean": [0.00233437679708, 0.113679632545, 0.74599814415, 1.79485797882, 2.49243164062, 2.33310937881, 3.93212175369, 6.21843576431, 9.51572227478, 13.1681270599, 17.682641983, 24.1455230713, 46.2016372681, 37.1138954163, 27.2687644958, 29.0263881683, 34.1564674377, 26.7135105133, 29.6660518646, 15.7206087112, 15.1960248947, 17.3433818817, 12.7702713013, 7.47949695587, 3.41026234627, 2.20611977577, 1.12070202827, 0.704554438591, 0.415020883083, 0.273016631603, 0.153488695621, 0.062017839402, 0.0270135011524, 0.0112815806642, 0.00327564775944, 0.00080672709737, 0.000155080953846, 2.09064619412e-05, 2.65156677415e-06, 5.34914488526e-06],
        "dmean2": [0.00353947188705, 0.160283446312, 1.13282036781, 3.03254199028, 4.20504426956, 3.88803386688, 6.42552709579, 10.0091333389, 14.576417923, 20.8441486359, 27.9716148376, 38.9594192505, 74.8899612427, 61.4809036255, 44.3606033325, 48.4209861755, 54.9078598022, 44.2697257996, 49.2627067566, 25.7003498077, 24.6932945251, 28.2657737732, 21.2551498413, 12.3971309662, 5.53216743469, 3.55859470367, 1.75839984417, 1.14777576923, 0.638661026955, 0.413911253214, 0.233196675777, 0.0928177386522, 0.0394865646958, 0.0162382740527, 0.00447219703346, 0.00108081416693, 0.000205301854294, 3.1745123124e-05, 4.13042653236e-06, 8.47187402542e-06],
        "dvar": [2.01236907742e-05, 0.0550025999546, 2.31064653397, 15.508887291, 31.495267868, 16.9240131378, 37.4712905884, 105.029060364, 290.150543213, 560.114196777, 1257.25292969, 3698.43798828, 15455.9492188, 26237.9550781, 3158.49609375, 4579.46484375, 21478.125, 4988.73925781, 6175.07958984, 1055.49560547, 800.429443359, 1135.8347168, 526.63104248, 170.516845703, 41.6121940613, 43.9417266846, 15.601433754, 16.2287311554, 2.91401743889, 1.30427420139, 0.671153485775, 0.102659858763, 0.014804742299, 0.0024807844311, 0.000241882051341, 3.06035399262e-05, 2.96440452985e-06, 8.04583777381e-08, 4.58212981447e-11, 6.18657139406e-11],
        "dvar2": [4.46426274721e-05, 0.103578157723, 5.3331694603, 43.5167427063, 87.6853561401, 44.1645355225, 97.7126464844, 277.893768311, 681.905639648, 1334.23974609, 2925.7956543, 10254.2128906, 40114.4882812, 77241.0234375, 8046.40429688, 12266.53125, 50472.3867188, 13247.7255859, 15886.4882812, 2662.76367188, 1966.35974121, 2773.31201172, 1372.52905273, 464.457336426, 106.185829163, 106.157806396, 40.3957633972, 47.398273468, 6.53971672058, 2.69453930855, 1.43308401108, 0.195177271962, 0.0356551446021, 0.0053060115315, 0.00036230465048, 4.19132775278e-05, 4.80991775476e-06, 1.58125757821e-07, 9.40726455068e-11, 1.69412206485e-10],
        "max": [0.0937453210354, 6.09898281097, 32.7880477905, 72.5618896484, 145.444946289, 125.884864807, 108.343696594, 187.509384155, 522.108581543, 761.543151855, 824.124755859, 1216.78198242, 3985.07739258, 5148.14501953, 1538.66442871, 1561.95751953, 5954.46337891, 2295.27954102, 1393.57788086, 938.99230957, 891.162780762, 721.749816895, 369.314666748, 376.389343262, 167.523635864, 463.558166504, 285.223937988, 245.548294067, 172.674377441, 90.3451919556, 68.0063323975, 33.1314506531, 10.5449790955, 3.8068048954, 1.2174038887, 0.557482719421, 0.153451874852, 0.0220599919558, 0.000515307765454, 0.000169907521922],
        "mean": [0.00469233375043, 0.237537831068, 1.49405610561, 2.80112624168, 3.8051071167, 4.08643817902, 7.01268148422, 11.9647760391, 19.8483066559, 25.1924514771, 31.7003688812, 43.1277809143, 74.778968811, 59.7062110901, 45.537021637, 50.1667518616, 59.0501976013, 46.8299636841, 51.1774139404, 31.0903320312, 32.9456291199, 37.8258781433, 29.2155265808, 17.3962192535, 8.22257804871, 4.94257879257, 3.04656863213, 1.79978919029, 1.20233798027, 0.743307471275, 0.431792080402, 0.16935390234, 0.0739303678274, 0.0289990715683, 0.00849900580943, 0.00208540004678, 0.000351298047462, 3.96963914682e-05, 1.23574891404e-05, 2.44717175519e-05],
        "median": [0.00140808196738, 0.0448126420379, 0.362313300371, 0.866511583328, 1.22203230858, 1.96129477024, 3.85360598564, 6.14602422714, 9.01669406891, 13.807050705, 15.2544794083, 19.1030597687, 22.4733829498, 19.011680603, 22.013130188, 18.1162815094, 24.6259422302, 21.0857791901, 16.2406368256, 15.4864988327, 17.7368412018, 22.7322044373, 14.5786008835, 8.7702999115, 3.9571454525, 1.78450238705, 0.858472526073, 0.49124276638, 0.305102616549, 0.184552520514, 0.0856348723173, 0.0367790609598, 0.015458012931, 0.00466523878276, 0.00138744327705, 0.000398340722313, 7.76184388087e-05, 1.02950843939e-05, 9.71303688857e-06, 1.96346154553e-05],
        "min": [7.0123196395e-23, 7.28400737422e-22, 1.55138137879e-21, 6.12493841332e-21, 1.49727655717e-20, 2.62537998357e-20, 5.22921288154e-20, 5.01074446512e-20, 1.55003177788e-19, 2.05111853516e-19, 1.96252426039e-19, 2.20439574891e-19, 4.89310574646e-19, 6.46823547659e-19, 8.4882379328e-19, 1.42348932588e-18, 1.66734775393e-18, 1.96987748244e-18, 3.16208628187e-18, 2.71086814991e-18, 3.2392800174e-18, 4.58433008054e-18, 4.69386244212e-18, 5.96104854663e-18, 7.56486448682e-18, 8.34376091266e-18, 8.23411150502e-18, 1.04251284864e-17, 9.85561711619e-18, 1.11901919708e-17, 1.14133454478e-17, 1.01832939625e-17, 9.21236011284e-18, 8.62957166663e-18, 6.2289144444e-18, 4.26016378874e-18, 2.2430811767e-18, 9.27076526794e-19, 2.27168585776e-19, 2.58173667429e-20],
        "var": [7.69653852331e-05, 0.271112829447, 8.22645282745, 29.5544567108, 65.4989624023, 46.0371170044, 89.6469421387, 258.810882568, 977.664245605, 1515.92736816, 2841.64599609, 6854.05224609, 30175.4941406, 39712.5351562, 5543.39404297, 7887.84375, 28150.9492188, 7739.75048828, 11579.1503906, 2017.4576416, 2214.17138672, 2937.78735352, 1581.14038086, 519.824707031, 133.378173828, 174.132110596, 107.212539673, 46.0840187073, 26.6520271301, 9.80859279633, 4.31587076187, 0.825279891491, 0.102851040661, 0.0150909041986, 0.00147234438919, 0.000174792163307, 9.54764163907e-06, 1.71262229287e-07, 2.02965852458e-10, 4.03425570727e-10]
    },
    "gfcc": {
        "mean": [-81.2146224976, 144.031585693, -177.42326355, 14.6043958664, -52.9142875671, -6.42930841446, -32.1622161865, -2.39792275429, -11.6653985977, -15.2762298584, -6.74555397034, -10.5800180435, -7.53304243088],
        "cov": [[28687.0390625, 2524.20019531, -4056.30957031, 637.628417969, -1452.41162109, 165.609481812, -483.864044189, -148.078964233, -551.01550293, -287.966156006, -301.493438721, -271.214233398, -325.987945557], [2524.20019531, 1331.10668945, -294.036804199, 16.0053462982, 109.100952148, -256.874420166, 17.3487529755, -98.1413497925, 14.7073640823, -173.086410522, -19.3520622253, -136.133605957, -59.896232605], [-4056.30957031, -294.036804199, 1052.22741699, 151.384277344, 262.270782471, 113.443130493, 159.563278198, 10.1029148102, -4.87113571167, 79.7775726318, -20.0353221893, -11.209608078, -4.73626613617], [637.628417969, 16.0053462982, 151.384277344, 352.717224121, 40.9367866516, 117.778587341, 61.0199928284, -15.2907838821, -54.4485321045, 59.3367195129, -20.7601089478, -32.3664855957, -48.2533798218], [-1452.41162109, 109.100952148, 262.270782471, 40.9367866516, 314.772827148, -12.2244691849, 32.154258728, 21.3583641052, 55.9454956055, -6.2839512825, 22.0178184509, -19.9608364105, -16.09882164], [165.609481812, -256.874420166, 113.443130493, 117.778587341, -12.2244691849, 249.448043823, 53.6958847046, 25.3250999451, -39.7873077393, 78.3139343262, -13.1223220825, 20.8702411652, 4.50379991531], [-483.864044189, 17.3487529755, 159.563278198, 61.0199928284, 32.154258728, 53.6958847046, 257.225524902, 5.22585201263, -27.0207614899, 10.3876104355, -7.50761079788, -2.53317165375, -7.36489248276], [-148.078964233, -98.1413497925, 10.1029148102, -15.2907838821, 21.3583641052, 25.3250999451, 5.22585201263, 167.546768188, 28.7709789276, -34.3840332031, 19.8573074341, 20.2084941864, -2.58238339424], [-551.01550293, 14.7073640823, -4.87113571167, -54.4485321045, 55.9454956055, -39.7873077393, -27.0207614899, 28.7709789276, 107.849403381, 6.81556081772, 22.3167533875, 5.99933624268, 12.6551742554], [-287.966156006, -173.086410522, 79.7775726318, 59.3367195129, -6.2839512825, 78.3139343262, 10.3876104355, -34.3840332031, 6.81556081772, 147.267471313, 21.3290176392, 16.4310836792, 4.7271232605], [-301.493438721, -19.3520622253, -20.0353221893, -20.7601089478, 22.0178184509, -13.1223220825, -7.50761079788, 19.8573074341, 22.3167533875, 21.3290176392, 84.3840332031, 32.4508781433, 5.22657060623], [-271.214233398, -136.133605957, -11.209608078, -32.3664855957, -19.9608364105, 20.8702411652, -2.53317165375, 20.2084941864, 5.99933624268, 16.4310836792, 32.4508781433, 89.386505127, 37.9880867004], [-325.987945557, -59.896232605, -4.73626613617, -48.2533798218, -16.09882164, 4.50379991531, -7.36489248276, -2.58238339424, 12.6551742554, 4.7271232605, 5.22657060623, 37.9880867004, 94.4992370605]],
        "icov": [[0.000340993778082, -0.000684413942508, 0.00112063018605, -0.000657286029309, 0.000715257425327, -0.000838294276036, 0.000389520166209, -0.000492322840728, 0.000884125358425, -0.000311614887323, 0.0008824178949, -0.000190671620658, 0.000566783477552], [-0.000684413942508, 0.00289858854376, -0.00169609265868, 0.000745020864997, -0.00213589286432, 0.00264677801169, -0.00130127300508, 0.00193071563262, -0.00196854490787, 0.00197102944367, -0.00225032423623, 0.00194934720639, -0.00126116198953], [0.00112063018605, -0.00169609265868, 0.00537301925942, -0.00250107981265, 0.000758784241043, -0.00251430459321, 0.000496826891322, -0.00152370682918, 0.00333228241652, -0.00142145249993, 0.00355081516318, -0.000205736258067, 0.00154026958626], [-0.000657286029309, 0.000745020864997, -0.00250107981265, 0.00574396504089, -0.00179001095239, -0.000126408718643, -0.000823313137516, 0.000616504461505, 5.99155209784e-05, -0.00111007934902, -0.00120794633403, 0.000820678018499, 0.000450627296232], [0.000715257425327, -0.00213589286432, 0.000758784241043, -0.00179001095239, 0.00698160612956, -0.00222009676509, 0.000985700637102, -0.00114990200382, -0.00104963243939, 0.000321085011819, 9.45189094637e-05, -1.76947924047e-05, 0.00170457817148], [-0.000838294276036, 0.00264677801169, -0.00251430459321, -0.000126408718643, -0.00222009676509, 0.00957080535591, -0.00185599992983, -0.0006056727143, 1.72863292391e-05, -0.00219413894229, -0.000255614140769, -6.78801297909e-05, -0.00225146044977], [0.000389520166209, -0.00130127300508, 0.000496826891322, -0.000823313137516, 0.000985700637102, -0.00185599992983, 0.00513920420781, -0.000957949785516, 0.00189400801901, -0.000434725050582, 0.000998038332909, -0.000757517293096, 0.000771570950747], [-0.000492322840728, 0.00193071563262, -0.00152370682918, 0.000616504461505, -0.00114990200382, -0.0006056727143, -0.000957949785516, 0.00939291156828, -0.0045184683986, 0.00517295347527, -0.00363932177424, -0.000304431188852, 0.000448833627161], [0.000884125358425, -0.00196854490787, 0.00333228241652, 5.99155209784e-05, -0.00104963243939, 1.72863292391e-05, 0.00189400801901, -0.0045184683986, 0.0164149962366, -0.00469039846212, 0.0018115210114, 0.000189375321497, -0.000295664358418], [-0.000311614887323, 0.00197102944367, -0.00142145249993, -0.00111007934902, 0.000321085011819, -0.00219413894229, -0.000434725050582, 0.00517295347527, -0.00469039846212, 0.0130354389548, -0.00531321391463, 0.000837998755742, -0.000263932510279], [0.0008824178949, -0.00225032423623, 0.00355081516318, -0.00120794633403, 9.45189094637e-05, -0.000255614140769, 0.000998038332909, -0.00363932177424, 0.0018115210114, -0.00531321391463, 0.019395487383, -0.00730143953115, 0.00307107111439], [-0.000190671620658, 0.00194934720639, -0.000205736258067, 0.000820678018499, -1.76947924047e-05, -6.78801297909e-05, -0.000757517293096, -0.000304431188852, 0.000189375321497, 0.000837998755742, -0.00730143953115, 0.0191259887069, -0.00643256539479], [0.000566783477552, -0.00126116198953, 0.00154026958626, 0.000450627296232, 0.00170457817148, -0.00225146044977, 0.000771570950747, 0.000448833627161, -0.000295664358418, -0.000263932510279, 0.00307107111439, -0.00643256539479, 0.0149841168895]]
    },
    "melbands": {
        "dmean": [5.78394719923e-05, 0.0003079988237, 0.000333429750754, 0.000151531639858, 0.000132850545924, 0.000134827278089, 0.000145677200635, 0.000148067832924, 0.000146969789057, 0.000167547463207, 0.000237283937167, 0.0001586888975, 8.96596757229e-05, 7.58875903557e-05, 7.79781476012e-05, 6.58055287204e-05, 5.50802142243e-05, 4.9617341574e-05, 2.78782135865e-05, 2.30090990954e-05, 2.02566534426e-05, 2.02250721486e-05, 1.76392204594e-05, 9.20923412195e-06, 6.75995079291e-06, 3.41741974808e-06, 1.76101684701e-06, 1.59955197887e-06, 8.45634531288e-07, 5.97956159254e-07, 4.46167092605e-07, 2.93433572551e-07, 2.09774896121e-07, 1.43899754335e-07, 1.1477892059e-07, 5.07717707876e-08, 3.90557453045e-08, 2.33403625316e-08, 1.63855329305e-08, 7.24556947773e-09],
        "dmean2": [8.36258550407e-05, 0.000458378752228, 0.000562398403417, 0.000254124053754, 0.000216209809878, 0.000216366563109, 0.000221453883569, 0.000235399056692, 0.000230673103943, 0.000271897064522, 0.000384503160603, 0.000263391673798, 0.000146301084897, 0.000125714112073, 0.000128780215164, 0.000104038648715, 9.18276200537e-05, 8.20028071757e-05, 4.59655857412e-05, 3.79721568606e-05, 3.2896106859e-05, 3.27459711116e-05, 2.95396203001e-05, 1.51783960973e-05, 1.13042333396e-05, 5.54407870368e-06, 2.87436182589e-06, 2.58086697613e-06, 1.35624577524e-06, 9.54887354965e-07, 7.39427662211e-07, 4.56691253703e-07, 3.32715075047e-07, 2.20103245852e-07, 1.78778975624e-07, 7.88167966448e-08, 5.90522724053e-08, 3.47870390272e-08, 2.39169999361e-08, 1.06742286121e-08],
        "dvar": [1.41487754846e-08, 3.82831558454e-07, 5.2924940519e-07, 7.29442959368e-08, 4.15336778303e-08, 4.61272406937e-08, 6.56635776863e-08, 6.78986893377e-08, 9.33157195959e-08, 2.20286523245e-07, 4.08853679801e-07, 4.87310558128e-07, 3.51094762152e-08, 2.47620377536e-08, 5.73038931861e-08, 6.11406605344e-08, 2.23626042128e-08, 1.55927288858e-08, 4.11358191954e-09, 2.00723127008e-09, 1.69700498098e-09, 1.53701928962e-09, 1.08043274327e-09, 3.20261123177e-10, 1.47682283069e-10, 4.42306156978e-11, 1.36004133303e-11, 3.12332174013e-11, 9.8098985532e-12, 4.04976833318e-12, 9.23388622509e-12, 1.60851637999e-12, 1.0525877045e-12, 3.77400449217e-13, 4.27257106647e-13, 6.39356867145e-14, 5.55772875638e-14, 1.11890248653e-14, 4.22210306471e-15, 1.18786354688e-15],
        "dvar2": [2.78820060373e-08, 8.46155160161e-07, 1.49878917455e-06, 2.03046553793e-07, 1.05269108985e-07, 1.20432929407e-07, 1.50979900582e-07, 1.62752485267e-07, 2.11729471289e-07, 6.04302442753e-07, 1.07581604425e-06, 1.43925149132e-06, 9.09233435209e-08, 6.6674758159e-08, 1.41066578863e-07, 1.41746241411e-07, 6.06881087606e-08, 4.06571629696e-08, 1.04302690929e-08, 5.3964566149e-09, 4.12868494948e-09, 3.68980668242e-09, 2.94903901299e-09, 8.12684364249e-10, 4.05369349199e-10, 1.08168342339e-10, 3.27829950686e-11, 7.45246919731e-11, 2.50880705099e-11, 1.1588608545e-11, 2.65967317614e-11, 3.6835591001e-12, 2.70719167569e-12, 7.82469629455e-13, 9.98145468188e-13, 1.51681794837e-13, 1.46312066737e-13, 3.01588588087e-14, 8.9303429018e-15, 2.63155814888e-15],
        "max": [0.00280541926622, 0.0140027217567, 0.0130694974214, 0.00579214189202, 0.00538736116141, 0.00365265388973, 0.00799611117691, 0.00735518150032, 0.00965297780931, 0.00924480054528, 0.0198128726333, 0.0214516706765, 0.00431931624189, 0.00325468485244, 0.0096685057506, 0.0094129294157, 0.0050934208557, 0.00220248266123, 0.00131065468304, 0.00106733187567, 0.00141730275936, 0.000869883981068, 0.000674571259879, 0.00042039170512, 0.00030589918606, 0.000170002138475, 9.75407674559e-05, 0.000405616505304, 0.000219937894144, 0.00011471498874, 0.000187617581105, 0.000116388415336, 5.86711757933e-05, 4.79480404465e-05, 4.95530366607e-05, 2.31830381381e-05, 2.05675332836e-05, 8.21797584649e-06, 4.21798631578e-06, 2.72457964456e-06],
        "mean": [0.000116985152999, 0.000632490206044, 0.000542511115782, 0.000263056630502, 0.000244782509981, 0.000261987152044, 0.000306609261315, 0.000276452221442, 0.000262096960796, 0.00028286781162, 0.000375187897589, 0.000245824252488, 0.000142449745908, 0.000126335507957, 0.000133379668114, 0.000107970394311, 8.67247290444e-05, 8.25602328405e-05, 4.75349152111e-05, 4.06405706599e-05, 3.91034227505e-05, 4.04629390687e-05, 3.43457104464e-05, 1.99966179935e-05, 1.37291735882e-05, 7.12604514774e-06, 3.66426093024e-06, 3.16910745823e-06, 1.99354212782e-06, 1.4222836171e-06, 9.46628745169e-07, 7.41211636068e-07, 5.06866797423e-07, 3.53429186362e-07, 2.82402311313e-07, 1.30303135393e-07, 9.1639627442e-08, 5.70886307116e-08, 4.01604012268e-08, 1.71691141304e-08],
        "median": [2.34162653214e-05, 0.000154266133904, 0.000170489453012, 0.000119607633678, 0.000136322109029, 0.000134675603476, 0.000144244113471, 0.000150033534737, 0.000120881988551, 0.000109305146907, 0.000107727668365, 6.64468607283e-05, 6.2573744799e-05, 4.72042302135e-05, 4.71237435704e-05, 4.07115730923e-05, 3.19451573887e-05, 2.42515088758e-05, 1.77330402948e-05, 1.96302698896e-05, 1.81492305273e-05, 2.18959012273e-05, 1.77699421329e-05, 8.0300414993e-06, 5.99244640398e-06, 3.14195926876e-06, 1.44692887716e-06, 8.95009236501e-07, 4.94045252708e-07, 3.28025862473e-07, 2.2393112431e-07, 1.55809942726e-07, 1.25228609704e-07, 7.98130983526e-08, 4.93272480639e-08, 2.93930835227e-08, 1.72968199763e-08, 1.121314952e-08, 6.00536287365e-09, 2.89177748414e-09],
        "min": [9.94658543745e-25, 9.92483259798e-25, 1.76380305393e-24, 1.16256068489e-24, 2.13175677076e-24, 1.21420839443e-24, 2.68976463182e-24, 2.08533250371e-24, 1.5414095569e-24, 1.15868580012e-24, 2.38527635253e-24, 1.68896165049e-24, 2.28019554401e-24, 2.94451917534e-24, 2.74986695811e-24, 3.37611365405e-24, 3.19470207269e-24, 3.50472283072e-24, 3.94177149374e-24, 3.47890262443e-24, 3.24989768416e-24, 3.78696109096e-24, 4.06916148588e-24, 4.25088506173e-24, 4.24692852986e-24, 4.71081108542e-24, 4.39971471555e-24, 5.4012225441e-24, 5.19798870352e-24, 5.63844406236e-24, 4.39632103594e-24, 5.48763002893e-24, 5.25998883194e-24, 5.41778862311e-24, 5.61302341412e-24, 5.73750645382e-24, 5.81428313028e-24, 5.76897450976e-24, 6.05677305609e-24, 6.33843110913e-24],
        "var": [6.35719104025e-08, 1.50382675201e-06, 1.08206461391e-06, 1.73411891069e-07, 1.17456757209e-07, 1.20733858466e-07, 2.31194661637e-07, 1.83463114922e-07, 2.33760914625e-07, 3.88760355463e-07, 7.76674369263e-07, 7.46817363506e-07, 5.79485615049e-08, 4.46290613354e-08, 7.91346650431e-08, 8.89273721327e-08, 3.30950342686e-08, 2.91838233579e-08, 7.38732630623e-09, 3.87520460166e-09, 4.03061894971e-09, 4.00617405916e-09, 2.48385889634e-09, 9.28946253254e-10, 3.76994047091e-10, 1.14523418526e-10, 3.72070464716e-11, 1.12393455654e-10, 5.46211305352e-11, 1.76254219553e-11, 1.9234799517e-11, 1.07161050866e-11, 4.77363851573e-12, 2.60646755915e-12, 2.03305774993e-12, 4.25803625215e-13, 2.66477405463e-13, 5.97301681314e-14, 2.81127880442e-14, 5.73943680532e-15]
    },
    "mfcc": {
        "mean": [-689.83380127, 163.766906738, -54.5429458618, 14.8360738754, -6.15955018997, -5.43033981323, -11.4351825714, 5.26862859726, -5.48545265198, -2.49255013466, -0.976669728756, 0.0730456113815, -4.72831058502],
        "cov": [[10133.2373047, 1048.92285156, -734.64630127, 303.089599609, -569.125610352, 392.064056396, 70.4245376587, 151.649475098, -189.375488281, 80.0404663086, -90.8619003296, -99.3401947021, -139.3724823], [1048.92285156, 1524.49584961, -257.321960449, 168.647003174, 69.6830368042, -155.460830688, -52.8283615112, 25.9245586395, -9.8977432251, -79.2053146362, -4.10861110687, -35.8744621277, -42.8289260864], [-734.64630127, -257.321960449, 451.978851318, 90.8769073486, 17.8808994293, 125.386253357, 116.973739624, -19.4178447723, 32.2071533203, 55.9575119019, -6.45264530182, -35.7818107605, 14.0023450851], [303.089599609, 168.647003174, 90.8769073486, 299.815704346, 35.6082382202, 80.2525100708, 81.1712646484, 21.637752533, -19.0457134247, 57.576877594, 18.2992267609, -54.1569023132, -7.14743041992], [-569.125610352, 69.6830368042, 17.8808994293, 35.6082382202, 305.349609375, -38.5948448181, -36.4704971313, 6.41417884827, 13.1005325317, 5.2734079361, 21.4797554016, 24.387512207, 13.8819799423], [392.064056396, -155.460830688, 125.386253357, 80.2525100708, -38.5948448181, 283.742980957, 93.765625, -47.7382507324, 2.89153051376, 69.7503738403, -13.0722608566, -18.8626785278, 9.19899940491], [70.4245376587, -52.8283615112, 116.973739624, 81.1712646484, -36.4704971313, 93.765625, 185.689697266, 49.9312515259, 14.9656448364, 32.3737869263, 16.7069702148, -14.2061262131, 7.35569190979], [151.649475098, 25.9245586395, -19.4178447723, 21.637752533, 6.41417884827, -47.7382507324, 49.9312515259, 162.784561157, 27.9856300354, -8.40186786652, 14.1204996109, 14.3363237381, -3.89585113525], [-189.375488281, -9.8977432251, 32.2071533203, -19.0457134247, 13.1005325317, 2.89153051376, 14.9656448364, 27.9856300354, 93.0669326782, 12.7466211319, -7.00547456741, 1.54525148869, 4.40469503403], [80.0404663086, -79.2053146362, 55.9575119019, 57.576877594, 5.2734079361, 69.7503738403, 32.3737869263, -8.40186786652, 12.7466211319, 111.037017822, 24.2875747681, -29.7348155975, -12.3138875961], [-90.8619003296, -4.10861110687, -6.45264530182, 18.2992267609, 21.4797554016, -13.0722608566, 16.7069702148, 14.1204996109, -7.00547456741, 24.2875747681, 92.5705337524, 26.8234500885, -6.01196432114], [-99.3401947021, -35.8744621277, -35.7818107605, -54.1569023132, 24.387512207, -18.8626785278, -14.2061262131, 14.3363237381, 1.54525148869, -29.7348155975, 26.8234500885, 116.677528381, 39.4889640808], [-139.3724823, -42.8289260864, 14.0023450851, -7.14743041992, 13.8819799423, 9.19899940491, 7.35569190979, -3.89585113525, 4.40469503403, -12.3138875961, -6.01196432114, 39.4889640808, 85.5859146118]],
