{
"lowlevel": {
    "average_loudness": 0.785058200359,
    "barkbands_crest": {
        "dmean": 2.83378720284,
        "dmean2": 4.70395374298,
        "dvar": 7.8713760376,
        "dvar2": 20.0042877197,
        "max": 26.9281997681,
        "mean": 9.00578022003,
        "median": 8.02319049835,
        "min": 2.49788141251,
        "var": 16.1873016357
    },
    "barkbands_flatness_db": {
        "dmean": 0.020952899009,
        "dmean2": 0.0318637564778,
        "dvar": 0.000388988031773,
        "dvar2": 0.000852500845212,
        "max": 0.528158843517,
        "mean": 0.142106175423,
        "median": 0.136344179511,
        "min": 0.0280644204468,
        "var": 0.00172570848372
    },
    "barkbands_kurtosis": {
        "dmean": 2.98291563988,
        "dmean2": 4.63002300262,
        "dvar": 321.773468018,
        "dvar2": 668.504150391,
        "max": 1962.26184082,
        "mean": 4.88078832626,
        "median": 0.331753015518,
        "min": -1.83546972275,
        "var": 3285.35571289
    },
    "barkbands_skewness": {
        "dmean": 0.605687975883,
        "dmean2": 0.895084559917,
        "dvar": 0.527441799641,
        "dvar2": 1.03485786915,
        "max": 43.4406318665,
        "mean": 1.06494903564,
        "median": 0.850459098816,
        "min": -5.34191942215,
        "var": 3.83645248413
    },
    "barkbands_spread": {
        "dmean": 5.19537782669,
        "dmean2": 8.14559078217,
        "dvar": 31.141626358,
        "dvar2": 69.7743225098,
        "max": 109.899330139,
        "mean": 21.6897106171,
        "median": 21.0565872192,
        "min": 0.284244060516,
        "var": 95.2881317139
    },
    "dissonance": {
        "dmean": 0.016581280157,
        "dmean2": 0.0278413183987,
        "dvar": 0.000287787319394,
        "dvar2": 0.000752956839278,
        "max": 0.500000119209,
        "mean": 0.467929899693,
        "median": 0.474367141724,
        "min": 0.24940828979,
        "var": 0.000656379153952
    },
    "dynamic_complexity": 3.40684509277,
    "erbbands_crest": {
        "dmean": 2.09352993965,
        "dmean2": 3.32130908966,
        "dvar": 4.70693302155,
        "dvar2": 10.3619432449,
        "max": 30.9723510742,
        "mean": 8.55211544037,
        "median": 7.5736579895,
        "min": 2.38676738739,
        "var": 15.9634389877
    },
    "erbbands_flatness_db": {
        "dmean": 0.0197556670755,
        "dmean2": 0.0274075884372,
        "dvar": 0.000438290735474,
        "dvar2": 0.000751739600673,
        "max": 0.419533759356,
        "mean": 0.179562434554,
        "median": 0.176795080304,
        "min": 0.030734186992,
        "var": 0.00233940244652
    },
    "erbbands_kurtosis": {
        "dmean": 0.815090239048,
        "dmean2": 1.2537702322,
        "dvar": 3.83836698532,
        "dvar2": 7.06176567078,
        "max": 112.021141052,
        "mean": 0.460426807404,
        "median": -0.0342400074005,
        "min": -1.76887261868,
        "var": 8.23780345917
    },
    "erbbands_skewness": {
        "dmean": 0.325555235147,
        "dmean2": 0.499532490969,
        "dvar": 0.111966609955,
        "dvar2": 0.246816292405,
        "max": 4.66476249695,
        "mean": -0.0871660709381,
        "median": -0.111563578248,
        "min": -7.77441835403,
        "var": 0.49745079875
    },
    "erbbands_spread": {
        "dmean": 7.34997177124,
        "dmean2": 11.1534957886,
        "dvar": 77.4265899658,
        "dvar2": 164.959182739,
        "max": 141.880386353,
        "mean": 31.7836647034,
        "median": 27.8610095978,
        "min": 0.581098556519,
        "var": 290.449707031
    },
    "hfc": {
        "dmean": 5.23476362228,
        "dmean2": 7.17002010345,
        "dvar": 92.9818496704,
        "dvar2": 181.141052246,
        "max": 407.193084717,
        "mean": 17.2754592896,
        "median": 10.7825126648,
        "min": 1.19136547225e-16,
        "var": 364.904052734
    },
    "melbands_crest": {
        "dmean": 3.75850391388,
        "dmean2": 6.12507915497,
        "dvar": 11.817278862,
        "dvar2": 29.9792900085,
        "max": 39.9296226501,
        "mean": 12.6264562607,
        "median": 11.527094841,
        "min": 1.96988070011,
        "var": 28.4125995636
    },
    "melbands_flatness_db": {
        "dmean": 0.0257409531623,
        "dmean2": 0.0391539745033,
        "dvar": 0.000617911398876,
        "dvar2": 0.00131769035943,
        "max": 0.509509503841,
        "mean": 0.193600803614,
        "median": 0.184741035104,
        "min": 0.00125406112056,
        "var": 0.00289270281792
    },
    "melbands_kurtosis": {
        "dmean": 7.51958656311,
        "dmean2": 11.6502695084,
        "dvar": 1430.29699707,
        "dvar2": 3205.14526367,
        "max": 3069.19311523,
        "mean": 12.2021284103,
        "median": 2.94248199463,
        "min": -1.91981565952,
        "var": 7163.31152344
    },
    "melbands_skewness": {
        "dmean": 0.811953544617,
        "dmean2": 1.21036827564,
        "dvar": 1.06110465527,
        "dvar2": 2.19951820374,
        "max": 51.0982780457,
        "mean": 2.04623627663,
        "median": 1.66008985043,
        "min": -4.21731424332,
        "var": 5.59991121292
    },
    "melbands_spread": {
        "dmean": 7.96108436584,
        "dmean2": 12.2995815277,
        "dvar": 78.5656509399,
        "dvar2": 166.840148926,
        "max": 139.043182373,
        "mean": 28.9579200745,
        "median": 26.3011569977,
        "min": 0.262493222952,
        "var": 303.399169922
    },
    "pitch_salience": {
        "dmean": 0.0824272111058,
        "dmean2": 0.133363798261,
        "dvar": 0.00534659484401,
        "dvar2": 0.0137971965596,
        "max": 0.987248957157,
        "mean": 0.572055220604,
        "median": 0.577446222305,
        "min": 0.0073489388451,
        "var": 0.0133636994287
    },
    "silence_rate_20dB": {
        "dmean": 0,
        "dmean2": 0,
        "dvar": 0,
        "dvar2": 0,
        "max": 1,
        "mean": 1,
        "median": 1,
        "min": 1,
        "var": 0
    },
    "silence_rate_30dB": {
        "dmean": 0.00310366228223,
        "dmean2": 0.00620759977028,
        "dvar": 0.0030944654718,
        "dvar2": 0.00785601325333,
        "max": 1,
        "mean": 0.997650206089,
        "median": 1,
        "min": 0,
        "var": 0.00234386557713
    },
    "silence_rate_60dB": {
        "dmean": 0.0348496958613,
        "dmean2": 0.069702476263,
        "dvar": 0.0336398333311,
        "dvar2": 0.0793150067329,
        "max": 1,
        "mean": 0.0682332068682,
        "median": 0,
        "min": 0,
        "var": 0.0635722205043
    },
    "spectral_centroid": {
        "dmean": 248.027694702,
        "dmean2": 386.658569336,
        "dvar": 72710.2890625,
        "dvar2": 161707.578125,
        "max": 11147.8378906,
        "mean": 1487.83508301,
        "median": 1488.50939941,
        "min": 279.472747803,
        "var": 330738.875
    },
    "spectral_complexity": {
        "dmean": 2.9157576561,
        "dmean2": 4.35099554062,
        "dvar": 8.48571586609,
        "dvar2": 16.5446205139,
        "max": 49,
        "mean": 16.0043010712,
        "median": 15,
        "min": 0,
        "var": 62.3458251953
    },
    "spectral_decrease": {
        "dmean": 1.97098959376e-09,
        "dmean2": 2.85282841794e-09,
        "dvar": 8.19847656423e-18,
        "dvar2": 1.6701795654e-17,
        "max": -1.6801496862e-29,
        "mean": -4.98977970054e-09,
        "median": -3.74185304963e-09,
        "min": -7.30324316578e-08,
        "var": 2.03275896679e-17
    },
    "spectral_energy": {
        "dmean": 0.00780767202377,
        "dmean2": 0.0112574137747,
        "dvar": 0.000127387960674,
        "dvar2": 0.000258887739619,
        "max": 0.312574863434,
        "mean": 0.0203996952623,
        "median": 0.0153431659564,
        "min": 1.08694618261e-20,
        "var": 0.000333306466928
    },
    "spectral_energyband_high": {
        "dmean": 9.37258373597e-05,
        "dmean2": 0.000133744833875,
        "dvar": 2.89042905166e-08,
        "dvar2": 6.04013337124e-08,
        "max": 0.00380201684311,
        "mean": 0.000246119743679,
        "median": 0.000145372541738,
        "min": 8.09516590625e-21,
        "var": 9.03327759261e-08
    },
    "spectral_energyband_low": {
        "dmean": 0.00427496340126,
        "dmean2": 0.00624363822863,
        "dvar": 6.76384297549e-05,
        "dvar2": 0.000140505013405,
        "max": 0.139543622732,
        "mean": 0.00625635124743,
        "median": 0.00283969077282,
        "min": 6.54164357159e-23,
        "var": 0.000107578554889
    },
    "spectral_energyband_middle_high": {
        "dmean": 0.00249335123226,
        "dmean2": 0.00347491400316,
        "dvar": 3.6536494008e-05,
        "dvar2": 7.51363768359e-05,
        "max": 0.310443073511,
        "mean": 0.00708865141496,
        "median": 0.00335761974566,
        "min": 1.54356910623e-21,
        "var": 0.000100952369394
    },
    "spectral_energyband_middle_low": {
        "dmean": 0.00367968529463,
        "dmean2": 0.0059704775922,
        "dvar": 3.44450163539e-05,
        "dvar2": 8.72304444783e-05,
        "max": 0.0769547596574,
        "mean": 0.00744101544842,
        "median": 0.00510542141274,
        "min": 3.14385859896e-22,
        "var": 5.77420578338e-05
    },
    "spectral_entropy": {
        "dmean": 0.168757259846,
        "dmean2": 0.243964239955,
        "dvar": 0.0274126660079,
        "dvar2": 0.0533477142453,
        "max": 9.80060482025,
        "mean": 7.38653755188,
        "median": 7.43309307098,
        "min": 5.58675527573,
        "var": 0.128742799163
    },
    "spectral_flux": {
        "dmean": 0.0258203409612,
        "dmean2": 0.0416376851499,
        "dvar": 0.000797766435426,
        "dvar2": 0.00185840961058,
        "max": 0.43167373538,
        "mean": 0.0729548037052,
        "median": 0.0633632391691,
        "min": 1.04256714373e-10,
        "var": 0.00184640497901
    },
    "spectral_kurtosis": {
        "dmean": 2.06976079941,
        "dmean2": 3.58607053757,
        "dvar": 4.97183465958,
        "dvar2": 14.6253328323,
        "max": 33.7446174622,
        "mean": 5.36368179321,
        "median": 4.6948223114,
        "min": -1.21342468262,
        "var": 9.75391578674
    },
    "spectral_rms": {
        "dmean": 0.000811711826827,
        "dmean2": 0.00115826947149,
        "dvar": 8.15651617359e-07,
        "dvar2": 1.52119764607e-06,
        "max": 0.017462849617,
        "mean": 0.00406453432515,
        "median": 0.00386897171848,
        "min": 3.25643245008e-12,
        "var": 3.38159679814e-06
    },
    "spectral_rolloff": {
        "dmean": 373.214202881,
        "dmean2": 612.572021484,
        "dvar": 272877.03125,
        "dvar2": 564262.1875,
        "max": 18669.2871094,
        "mean": 1515.15002441,
        "median": 1550.390625,
        "min": 21.533203125,
        "var": 823386.1875
    },
    "spectral_skewness": {
        "dmean": 0.234189003706,
        "dmean2": 0.391596138477,
        "dvar": 0.0477194860578,
        "dvar2": 0.134145259857,
        "max": 3.73864746094,
        "mean": 1.53440034389,
        "median": 1.49669075012,
        "min": 0.00238026469015,
        "var": 0.14965185523
    },
    "spectral_spread": {
        "dmean": 423375.5,
        "dmean2": 615684.5,
        "dvar": 291067822080,
        "dvar2": 534370549760,
        "max": 40793564,
        "mean": 3551474,
        "median": 3351182.25,
        "min": 1256611.375,
        "var": 1.11960024678e+12
    },
    "spectral_strongpeak": {
        "dmean": 0.80100363493,
        "dmean2": 1.34118628502,
        "dvar": 1.95072209835,
        "dvar2": 4.36088275909,
        "max": 25.7330436707,
        "mean": 1.27969884872,
        "median": 0.383467853069,
        "min": 0,
        "var": 4.10153675079
    },
    "zerocrossingrate": {
        "dmean": 0.00749429687858,
        "dmean2": 0.00917281582952,
        "dvar": 5.68625073356e-05,
        "dvar2": 8.61491935211e-05,
        "max": 0.50146484375,
        "mean": 0.0542599409819,
        "median": 0.0537109375,
        "min": 0,
        "var": 0.000419563933974
    },
    "barkbands": {
        "dmean": [0.000166678422829, 0.00369836366735, 0.000938648066949, 0.00125990051311, 0.00183128134813, 0.000556572049391, 0.000423606456025, 0.000352825445589, 0.000528865493834, 0.000248788826866, 0.000393335300032, 0.000548497017007, 0.000543977308553, 0.00040230556624, 0.000413648842368, 0.000444905017503, 0.000318594888085, 0.00026059692027, 0.000140476244269, 5.97817343078e-05, 2.97449187201e-05, 1.81919294846e-05, 1.72911950358e-05, 1.53702512762e-05, 6.51236132398e-06, 2.66389019998e-06, 1.32640565198e-07],
        "dmean2": [0.000258748448687, 0.00575298909098, 0.00163363676984, 0.00218697846867, 0.00310362293385, 0.0009025123436, 0.000695390976034, 0.0005268183304, 0.000746922043618, 0.000362405495252, 0.000578508421313, 0.000800496898592, 0.00079561304301, 0.000596943835262, 0.00060392281739, 0.000659822078887, 0.00047320369049, 0.000389888475183, 0.000213279388845, 8.98986545508e-05, 4.57032583654e-05, 2.74795747828e-05, 2.61096392933e-05, 2.2477697712e-05, 9.40127392823e-06, 3.95202323489e-06, 2.30194274309e-07],
        "dvar": [1.12468867997e-07, 6.78397918819e-05, 2.29565443988e-06, 5.0218245633e-06, 1.13297137432e-05, 1.10535052045e-06, 6.01723570526e-07, 4.15894419348e-07, 1.25230224057e-06, 6.57345538002e-07, 1.35042034799e-06, 9.97177721729e-06, 7.08343441147e-06, 1.89519755622e-06, 1.31495005462e-06, 1.2322262819e-06, 4.9048225037e-07, 3.25205434137e-07, 7.69633103914e-08, 1.43820555465e-08, 2.90434498673e-09, 1.1687874002e-09, 1.25840360354e-09, 1.36367528381e-09, 2.79469863917e-10, 4.96756732971e-11, 4.20057543436e-13],
        "dvar2": [2.72022163017e-07, 0.000155386369443, 6.70930694469e-06, 1.3427169506e-05, 2.98478134937e-05, 2.68260964731e-06, 1.57074168783e-06, 8.58105067891e-07, 2.48142350756e-06, 1.25167412079e-06, 2.8180766094e-06, 2.22712187679e-05, 1.45371022882e-05, 3.63595563613e-06, 2.61129366663e-06, 2.5108868158e-06, 9.69573989096e-07, 6.70829422234e-07, 1.61427550438e-07, 3.08270884375e-08, 6.6881002958e-09, 2.65460631255e-09, 2.86180634745e-09, 2.94139224088e-09, 6.29238272598e-10, 1.15489069696e-10, 1.1958715268e-12],
        "max": [0.00403522280976, 0.128439351916, 0.0311444476247, 0.0291831754148, 0.0512600056827, 0.033653229475, 0.0154275847599, 0.0173736512661, 0.033550105989, 0.031997885555, 0.0458282679319, 0.221566021442, 0.21774160862, 0.102380186319, 0.0485751964152, 0.0306987240911, 0.0225457511842, 0.0177182145417, 0.0109116556123, 0.00529068801552, 0.00113829376642, 0.000950551300775, 0.000792663486209, 0.000754532346036, 0.00042649358511, 0.000170760249603, 2.36918840528e-05],
        "mean": [0.000181186449481, 0.004250257276, 0.00129768147599, 0.00136818317696, 0.00239231041633, 0.000974584603682, 0.000677150441334, 0.000682713289279, 0.00115311250556, 0.000435720750829, 0.000746272329707, 0.00091805489501, 0.000950576213654, 0.000739210518077, 0.000819558161311, 0.000919117766898, 0.000670628331136, 0.000564309943002, 0.000335371325491, 0.000139302574098, 6.95228445693e-05, 4.10920838476e-05, 3.36066295858e-05, 2.67486666417e-05, 9.95486243482e-06, 3.31636692863e-06, 1.08562026924e-07],
        "median": [3.9860700781e-05, 0.00125495716929, 0.000704482081346, 0.000508210388944, 0.00109524768777, 0.000496048596688, 0.000360546720913, 0.000290975120151, 0.000431857595686, 9.80745462584e-05, 0.00012966421491, 0.000206265816814, 0.000187838013517, 0.000127502324176, 0.000137398586958, 0.000169144695974, 0.000194388034288, 0.000196727312868, 0.000164926488651, 6.74138282193e-05, 3.88151929656e-05, 2.14328792936e-05, 1.58707043738e-05, 1.05547542262e-05, 3.28831652041e-06, 8.13619863038e-07, 9.11966147044e-09],
        "min": [1.40994340213e-23, 1.10367785867e-23, 2.15654408203e-23, 3.24489792318e-23, 8.97973495059e-23, 5.14794975747e-23, 2.04839125192e-23, 1.2195583702e-23, 9.20864723915e-23, 6.67219374051e-23, 1.93089325999e-23, 1.75995271852e-22, 4.65852309693e-23, 3.0914515398e-23, 1.96439908564e-22, 1.71807064155e-22, 2.39966514389e-22, 1.66063487811e-22, 3.25937838018e-22, 2.34490052658e-22, 3.40375810119e-22, 4.98354660098e-22, 7.54271740042e-22, 9.31523307595e-22, 1.32220499221e-21, 1.96845216462e-21, 2.30344213735e-21],
        "var": [1.28491777218e-07, 8.27642797958e-05, 2.95794916383e-06, 5.1593842727e-06, 1.31595361381e-05, 2.41275824919e-06, 9.39339201977e-07, 1.27360408442e-06, 3.9216456571e-06, 1.8091501488e-06, 3.62231071449e-06, 1.30352545966e-05, 1.28851788759e-05, 4.89115882374e-06, 4.80132075609e-06, 4.51185042039e-06, 1.60609351951e-06, 1.04863897832e-06, 2.70186632179e-07, 4.3388190818e-08, 8.26197243953e-09, 3.19810156135e-09, 2.54933207877e-09, 2.36700170575e-09, 4.03064914778e-10, 5.91762125413e-11, 2.66782201799e-13]
    },
    "erbbands": {
        "dmean": [0.143209069967, 0.711873888969, 0.955638825893, 2.45290541649, 7.62192821503, 4.73782873154, 3.53325462341, 5.48210144043, 6.20391273499, 6.04859495163, 7.88138103485, 13.0978384018, 8.75608444214, 7.89944076538, 16.6450119019, 22.271604538, 24.7433719635, 18.6067447662, 21.912979126, 21.724319458, 18.235578537, 16.9165248871, 15.2234096527, 8.76501750946, 5.43314552307, 2.51077818871, 1.36048185825, 1.15109586716, 0.67603379488, 0.561362445354, 0.488758265972, 0.404460251331, 0.202073559165, 0.0897299423814, 0.040925975889, 0.0171403102577, 0.00350131629966, 0.000466103636427, 2.31835529121e-05, 9.58973851084e-06],
        "dmean2": [0.225814372301, 1.11758494377, 1.64145743847, 4.23802709579, 13.2033491135, 7.93208217621, 5.67023038864, 8.98739242554, 10.3533182144, 9.41411972046, 11.4911260605, 18.5662326813, 12.2864198685, 11.5831785202, 24.4314289093, 32.3787994385, 36.1292266846, 27.4501399994, 32.0837783813, 31.7114219666, 26.7913417816, 24.9988231659, 22.4846916199, 13.2416095734, 8.25274562836, 3.77217316628, 2.05191111565, 1.79270017147, 1.02859926224, 0.846849322319, 0.735738098621, 0.603336274624, 0.294605970383, 0.130499720573, 0.0591817945242, 0.0253180582076, 0.00521182548255, 0.000724762270693, 3.84811464755e-05, 1.39279445648e-05],
        "dvar": [0.111404016614, 2.35968494415, 2.47038125992, 16.5251312256, 242.379486084, 58.7886962891, 44.3214912415, 123.345405579, 133.116775513, 116.559936523, 231.263641357, 818.955993652, 862.425537109, 463.888580322, 2675.74584961, 15657.3115234, 14916.2880859, 2599.40063477, 4613.3046875, 2950.99291992, 1696.9720459, 1343.85522461, 1231.37585449, 312.857421875, 116.24180603, 23.7193260193, 5.78282690048, 4.52160215378, 1.59609925747, 1.17520570755, 1.06081235409, 0.994520187378, 0.229822337627, 0.0528555139899, 0.011262265034, 0.00213479646482, 8.14647210063e-05, 1.4252963183e-06, 1.74872205605e-08, 2.24360169332e-10],
        "dvar2": [0.267563730478, 5.28349494934, 7.00354576111, 44.4025230408, 648.966247559, 154.222869873, 107.286094666, 302.961090088, 363.845794678, 270.569366455, 444.994049072, 1656.91796875, 1572.02185059, 880.011779785, 5675.59277344, 34871.0703125, 31205.0800781, 5154.65478516, 9234.69726562, 5653.58642578, 3303.06323242, 2625.15576172, 2505.08447266, 651.296264648, 245.012008667, 47.9132194519, 12.6528091431, 10.6675214767, 3.68261909485, 2.72100090981, 2.39312171936, 2.22413706779, 0.495833724737, 0.11889051646, 0.0252630319446, 0.00491681043059, 0.000190490201931, 3.46150113728e-06, 5.0483350833e-08, 4.91740870245e-10],
        "max": [4.72212696075, 27.6980190277, 34.8487319946, 52.0310287476, 186.197067261, 113.20639801, 159.110214233, 397.482696533, 268.577606201, 389.573638916, 471.379180908, 918.409484863, 1232.34399414, 764.984191895, 2459.28979492, 8553.23242188, 8470.01855469, 3041.79736328, 4662.55224609, 2112.24804688, 1838.2019043, 1323.73168945, 1076.64123535, 794.435180664, 527.724853516, 133.703369141, 66.9175338745, 70.5970611572, 33.5889511108, 30.6066894531, 27.8214550018, 22.2394065857, 11.4923200607, 7.09796285629, 2.50557494164, 1.33957624435, 0.175543636084, 0.0225797817111, 0.00670838635415, 0.000389209773857],
        "mean": [0.155217021704, 0.832528054714, 1.45725619793, 3.10828518867, 8.23637104034, 6.68674373627, 5.68435096741, 9.32271099091, 9.74793815613, 11.607796669, 17.1680107117, 28.3367099762, 17.5072784424, 15.7145910263, 33.2608833313, 38.9851112366, 44.5369529724, 37.5690994263, 43.9051818848, 47.6110115051, 42.4568786621, 37.8556098938, 34.8104515076, 21.3462677002, 13.304394722, 6.21728134155, 3.30219745636, 2.58159947395, 1.54572820663, 1.16936945915, 0.949618041515, 0.716524302959, 0.335234642029, 0.140772759914, 0.0594808384776, 0.021829649806, 0.00442803325132, 0.000527500524186, 2.93797802442e-05, 2.53696853179e-05],
        "median": [0.0321906022727, 0.277860820293, 0.846232175827, 1.6337518692, 2.88792467117, 3.23753356934, 3.01711702347, 4.51936149597, 5.62324094772, 6.43338108063, 7.69286441803, 10.0172548294, 5.58356571198, 4.70599794388, 7.25403833389, 10.5833187103, 11.9676113129, 11.6608552933, 13.036895752, 12.1560564041, 11.6309289932, 13.330578804, 11.1969566345, 10.0454244614, 7.24512243271, 3.16055679321, 1.85330688953, 1.38026487827, 0.782466471195, 0.616566479206, 0.442629486322, 0.292389273643, 0.129372641444, 0.0495117902756, 0.0177586749196, 0.00546130584553, 0.00113020604476, 0.000112717629236, 1.36749831654e-05, 1.89047259482e-05],
        "min": [5.49754918173e-22, 1.84079917256e-21, 1.91085846239e-20, 9.6590384191e-20, 1.29192725758e-19, 3.44754351953e-19, 3.05427910885e-19, 4.94064795217e-19, 4.59582375515e-19, 1.6741180463e-19, 6.38079473103e-19, 1.63834566428e-18, 2.25271245416e-18, 1.64447848474e-18, 4.12549506271e-18, 4.63747229899e-18, 1.61057183444e-18, 2.70901092264e-18, 5.191333412e-18, 1.10510204871e-17, 1.19730563821e-17, 1.46336770321e-17, 9.60590369697e-18, 1.48816293838e-17, 1.33713696388e-17, 1.14088133252e-17, 1.49416165218e-17, 1.31256986513e-17, 1.68657660124e-17, 2.63318389627e-17, 1.75186298914e-17, 1.86819419633e-17, 1.64148334646e-17, 1.55772601548e-17, 9.64706254989e-18, 7.59581675816e-18, 3.97320490808e-18, 1.42536020163e-18, 3.57919887829e-19, 2.87581941534e-20],
        "var": [0.124300830066, 2.97558784485, 3.55273985863, 18.551738739, 229.835662842, 83.4438858032, 72.2975997925, 274.648803711, 183.180923462, 254.321563721, 815.870361328, 2506.99291992, 2499.75976562, 1468.61975098, 7615.24169922, 21182.3632812, 24668.875, 6948.41650391, 11619.5566406, 10826.8144531, 7570.28271484, 4623.81152344, 4235.40234375, 1106.30981445, 386.474029541, 83.2664031982, 18.5426864624, 12.1472873688, 4.54850673676, 2.64971542358, 2.07675361633, 1.66382038593, 0.382267445326, 0.0778458565474, 0.0157261695713, 0.00259543722495, 9.81209959718e-05, 1.5374415625e-06, 1.05042179399e-08, 5.27143217965e-10]
    },
    "gfcc": {
        "mean": [-30.7141571045, 112.157745361, -141.591659546, 41.5847816467, -49.2248840332, 12.0953207016, -38.2867851257, 9.46933746338, -17.9157905579, -2.5148293972, -8.75907325745, -4.38566827774, -11.4323682785],
        "cov": [[7068.27197266, 60.6303138733, -309.658416748, -35.9782333374, 11.3907690048, 144.036819458, -235.096343994, 4.6903553009, -154.885498047, -4.61573457718, -144.431472778, -15.8568687439, -65.4291152954], [60.6303138733, 778.245117188, 67.3458404541, -89.2570877075, 60.0848808289, -92.8350982666, 92.4328155518, -41.8981246948, 66.5914306641, -66.1308059692, 48.2012901306, -77.6351394653, 34.1578788757], [-309.658416748, 67.3458404541, 1106.25744629, 193.03868103, -166.253326416, 90.9083099365, -6.47467327118, 90.3811798096, -55.1745986938, 43.2166366577, -68.2616043091, 42.131401062, -90.3843460083], [-35.9782333374, -89.2570877075, 193.03868103, 322.850799561, 24.4565296173, 26.3264007568, 19.1099967957, 30.775724411, 16.6409511566, 1.87605965137, 7.35343456268, 6.8923034668, -5.82824993134], [11.3907690048, 60.0848808289, -166.253326416, 24.4565296173, 289.307556152, 43.6059913635, 51.863193512, 22.7466411591, 49.7238311768, 19.181098938, 42.7087135315, 7.02889537811, 32.3351974487], [144.036819458, -92.8350982666, 90.9083099365, 26.3264007568, 43.6059913635, 146.302902222, 33.1491737366, 12.8992958069, -1.88581621647, 32.9843864441, -7.11715364456, 22.5287971497, -1.11850452423], [-235.096343994, 92.4328155518, -6.47467327118, 19.1099967957, 51.863193512, 33.1491737366, 128.127960205, 28.5275001526, 48.2740478516, 9.36058139801, 25.1369132996, -6.81885719299, 23.6316776276], [4.6903553009, -41.8981246948, 90.3811798096, 30.775724411, 22.7466411591, 12.8992958069, 28.5275001526, 117.616485596, 33.5813827515, 22.4812583923, -0.303940474987, 15.7854633331, -3.28529644012], [-154.885498047, 66.5914306641, -55.1745986938, 16.6409511566, 49.7238311768, -1.88581621647, 48.2740478516, 33.5813827515, 93.8948287964, 22.1735610962, 26.4291610718, -11.4096546173, 20.6440410614], [-4.61573457718, -66.1308059692, 43.2166366577, 1.87605965137, 19.181098938, 32.9843864441, 9.36058139801, 22.4812583923, 22.1735610962, 78.1949234009, 23.4279956818, 20.6182632446, -9.40604114532], [-144.431472778, 48.2012901306, -68.2616043091, 7.35343456268, 42.7087135315, -7.11715364456, 25.1369132996, -0.303940474987, 26.4291610718, 23.4279956818, 85.3495635986, 22.8888950348, 12.8970718384], [-15.8568687439, -77.6351394653, 42.131401062, 6.8923034668, 7.02889537811, 22.5287971497, -6.81885719299, 15.7854633331, -11.4096546173, 20.6182632446, 22.8888950348, 73.8603210449, 19.8845596313], [-65.4291152954, 34.1578788757, -90.3843460083, -5.82824993134, 32.3351974487, -1.11850452423, 23.6316776276, -3.28529644012, 20.6440410614, -9.40604114532, 12.8970718384, 19.8845596313, 75.4147491455]],
        "icov": [[0.000225038835197, -0.000474633969134, 0.0004085774126, -0.000327716523316, 0.000186695542652, -0.000655915529933, 0.000651095877402, -0.000531911267899, 0.000573663797695, -0.000536002509762, 0.000679293705616, -0.000352846633177, 0.000310576026095], [-0.000474633969134, 0.00433616619557, -0.00260769948363, 0.0025528492406, -0.00172836193815, 0.0033736336045, -0.00292079872452, 0.00296991458163, -0.00309817842208, 0.00432800129056, -0.00455889012665, 0.0043189348653, -0.00243931612931], [0.0004085774126, -0.00260769948363, 0.00321595394053, -0.00241505983286, 0.00189426634461, -0.00275682518259, 0.00147283053957, -0.00275736162439, 0.00257777073421, -0.00318953301758, 0.00391955813393, -0.0035947272554, 0.00294260377996], [-0.000327716523316, 0.0025528492406, -0.00241505983286, 0.00525355571881, -0.00157307111658, 0.00170429376885, -0.00158932106569, 0.00156441458967, -0.00276171206497, 0.00372713664547, -0.00364392530173, 0.00272524356842, -0.00153764057904], [0.000186695542652, -0.00172836193815, 0.00189426634461, -0.00157307111658, 0.00553525891155, -0.00316819408908, 0.000756303430535, -0.00214945757762, 0.00038583931746, -0.00176911207382, 0.000368315959349, -0.00138820044231, 0.000319334852975], [-0.000655915529933, 0.0033736336045, -0.00275682518259, 0.00170429376885, -0.00316819408908, 0.0131629602984, -0.00629099225625, 0.00401539262384, -0.00116328697186, -0.000706252700184, -7.8397730249e-05, 6.9974368671e-05, -0.00134424446151], [0.000651095877402, -0.00292079872452, 0.00147283053957, -0.00158932106569, 0.000756303430535, -0.00629099225625, 0.0148110352457, -0.00447909114882, -0.00120593223255, -0.00129509309772, -0.000585045316257, 0.00139684369788, -0.00182333472185], [-0.000531911267899, 0.00296991458163, -0.00275736162439, 0.00156441458967, -0.00214945757762, 0.00401539262384, -0.00447909114882, 0.0143803339452, -0.0073704496026, 0.00189396645874, 3.3102434827e-05, -0.00196190131828, 0.000786168209743], [0.000573663797695, -0.00309817842208, 0.00257777073421, -0.00276171206497, 0.00038583931746, -0.00116328697186, -0.00120593223255, -0.0073704496026, 0.0224034711719, -0.00930377095938, 4.51209525636e-05, 0.004513672553, -0.0038398548495], [-0.000536002509762, 0.00432800129056, -0.00318953301758, 0.00372713664547, -0.00176911207382, -0.000706252700184, -0.00129509309772, 0.00189396645874, -0.00930377095938, 0.0241504777223, -0.0090560298413, -0.000268219038844, 0.00245486362837], [0.000679293705616, -0.00455889012665, 0.00391955813393, -0.00364392530173, 0.000368315959349, -7.8397730249e-05, -0.000585045316257, 3.3102434827e-05, 4.51209525636e-05, -0.0090560298413, 0.0240179691464, -0.0129375886172, 0.00525782536715], [-0.000352846633177, 0.0043189348653, -0.0035947272554, 0.00272524356842, -0.00138820044231, 6.9974368671e-05, 0.00139684369788, -0.00196190131828, 0.004513672553, -0.000268219038844, -0.0129375886172, 0.0287165939808, -0.0129150869325], [0.000310576026095, -0.00243931612931, 0.00294260377996, -0.00153764057904, 0.000319334852975, -0.00134424446151, -0.00182333472185, 0.000786168209743, -0.0038398548495, 0.00245486362837, 0.00525782536715, -0.0129150869325, 0.0223543681204]]
    },
    "melbands": {
        "dmean": [0.00115136802197, 0.000532692414708, 0.000588063790929, 0.000468225975055, 0.000129518841277, 0.000117991985462, 9.25931235543e-05, 6.93102920195e-05, 6.73601753078e-05, 8.45939503051e-05, 4.32590240962e-05, 3.10188879666e-05, 5.07804834342e-05, 4.78231304442e-05, 7.34666027711e-05, 5.50741060579e-05, 3.54562544089e-05, 3.7509809772e-05, 3.20377548633e-05, 3.90821805922e-05, 1.83965021279e-05, 2.00367358048e-05, 1.59193732543e-05, 1.14193753689e-05, 7.52790538172e-06, 5.35957542525e-06, 2.80717154055e-06, 1.67687858266e-06, 9.39414746881e-07, 8.00794452971e-07, 6.73276531415e-07, 4.32643929571e-07, 3.43555655036e-07, 3.30818039629e-07, 2.76449867442e-07, 3.03757246911e-07, 2.49762990734e-07, 1.58535996775e-07, 9.53861771791e-08, 7.3210138396e-08],
        "dmean2": [0.00181035068817, 0.000839495391119, 0.00101779343095, 0.000799769535661, 0.000207817764021, 0.000193059022422, 0.000153500513989, 0.00010653102072, 9.79690012173e-05, 0.000119501688459, 6.10584756942e-05, 4.59146103822e-05, 7.50453255023e-05, 6.95781272952e-05, 0.000107289713924, 7.9663550423e-05, 5.27878801222e-05, 5.50096519873e-05, 4.63004653284e-05, 5.79183579248e-05, 2.69273605227e-05, 2.98629147437e-05, 2.37719123106e-05, 1.69161739905e-05, 1.15175525934e-05, 8.25158440421e-06, 4.2757042138e-06, 2.56245493802e-06, 1.43102431593e-06, 1.24835764836e-06, 1.06374386633e-06, 6.75130308991e-07, 5.28839450453e-07, 5.10049233071e-07, 4.18937730728e-07, 4.70119772444e-07, 3.76550332248e-07, 2.36336816783e-07, 1.43154323951e-07, 1.08395347809e-07],
        "dvar": [6.98560961609e-06, 8.41236158067e-07, 1.05383651317e-06, 7.79279559993e-07, 4.79749573401e-08, 5.21478753512e-08, 2.88415602512e-08, 1.43770808592e-08, 1.76508141436e-08, 3.49189406279e-08, 2.16120650265e-08, 7.29024307589e-09, 2.29168595212e-08, 2.01107823727e-08, 3.63065197462e-07, 1.0046590404e-07, 9.01082142235e-09, 1.88501072529e-08, 1.1555149726e-08, 1.06343520656e-08, 2.02365213475e-09, 2.17085482923e-09, 1.37055955474e-09, 6.37932762171e-10, 2.69276295706e-10, 1.1854132953e-10, 3.96210876608e-11, 1.23367444732e-11, 2.67839353127e-12, 2.64053362509e-12, 1.47315807556e-12, 6.88328029557e-13, 4.6052804582e-13, 4.28080341357e-13, 3.12701172464e-13, 5.21105728013e-13, 4.15394254367e-13, 1.38561173169e-13, 5.56860838637e-14, 3.98148446721e-14],
        "dvar2": [1.6509584384e-05, 1.76254366124e-06, 2.8192478112e-06, 2.07184257306e-06, 1.18559192686e-07, 1.28836092017e-07, 7.79927589178e-08, 3.29464526772e-08, 3.38740981931e-08, 6.92043968797e-08, 3.963568318e-08, 1.39803031374e-08, 4.84728417405e-08, 4.00738535689e-08, 8.2741451024e-07, 1.9824329911e-07, 1.7825385612e-08, 3.66709507205e-08, 2.12786748222e-08, 2.22324700871e-08, 3.83009002292e-09, 4.3037369224e-09, 2.80200374014e-09, 1.26368882025e-09, 5.6587673436e-10, 2.4747673355e-10, 9.00629432143e-11, 2.55764107809e-11, 5.71205235889e-12, 6.11502341819e-12, 3.48047502277e-12, 1.65293744404e-12, 1.05172619745e-12, 1.04692762706e-12, 7.03281888021e-13, 1.23234723207e-12, 9.46277127836e-13, 3.04013297826e-13, 1.27507799783e-13, 9.09045787863e-14],
        "max": [0.0384178459644, 0.0189433712512, 0.0118529833853, 0.0134596768767, 0.0053670629859, 0.00785197876394, 0.00387300853617, 0.00367912603542, 0.00375798461027, 0.00621417211369, 0.00613683275878, 0.00282163079828, 0.00643192185089, 0.0049686152488, 0.0430206768215, 0.0296566095203, 0.0029749777168, 0.010585415177, 0.00541028147563, 0.00289270933717, 0.00197137636133, 0.00184565433301, 0.00109678821173, 0.00068893248681, 0.000834911072161, 0.000420956494054, 0.000339205522323, 0.000104213111626, 4.25173748226e-05, 4.0292427002e-05, 4.01088182116e-05, 2.18123805098e-05, 2.15947111428e-05, 2.20434485527e-05, 1.31966935442e-05, 2.09384779737e-05, 1.82100102393e-05, 9.06122204469e-06, 5.50239246877e-06, 6.16537363385e-06],
        "mean": [0.00127371086273, 0.000877265119925, 0.000717368500773, 0.000569811614696, 0.000213069535675, 0.000202727562282, 0.000148669016198, 0.000131947672344, 0.000144423684105, 0.000180813949555, 8.28297706903e-05, 5.81000349484e-05, 9.86921731965e-05, 9.1847134172e-05, 0.000113307578431, 9.83379432e-05, 6.63670798531e-05, 6.89312582836e-05, 6.46975022391e-05, 7.77139794081e-05, 4.02387522627e-05, 4.10256980103e-05, 3.42937128153e-05, 2.47761927312e-05, 1.66856279975e-05, 1.19963415273e-05, 6.1623431975e-06, 3.70167413166e-06, 2.13897078538e-06, 1.66120446465e-06, 1.41057955716e-06, 9.04565069959e-07, 6.94900677445e-07, 6.24864696874e-07, 5.19776676811e-07, 5.31955947736e-07, 4.14331054799e-07, 2.5362507472e-07, 1.48676079448e-07, 1.09675745819e-07],
        "median": [0.000325013097608, 0.000468773243483, 0.000356000033207, 0.000250948884059, 0.000121355667943, 0.000101873498352, 8.57383492985e-05, 7.12687760824e-05, 5.92693068029e-05, 5.96512036282e-05, 2.3696486096e-05, 1.4096306586e-05, 1.88334943232e-05, 2.27828950301e-05, 2.08556957659e-05, 1.59108803928e-05, 1.37785345942e-05, 1.56836613314e-05, 1.01387404357e-05, 1.40134070534e-05, 9.45640658756e-06, 1.23206009448e-05, 1.06410980152e-05, 8.52105677041e-06, 7.25374866306e-06, 6.26575365459e-06, 2.86035674435e-06, 1.66871382135e-06, 1.15500097309e-06, 8.31359841413e-07, 7.27640781406e-07, 4.28124820928e-07, 3.62509297247e-07, 3.14618233688e-07, 2.45595117576e-07, 2.26966818673e-07, 1.56895623604e-07, 9.67295363807e-08, 5.44530074365e-08, 3.57753933145e-08],
        "min": [4.0259413746e-24, 7.21985300867e-24, 1.52882805376e-23, 1.67805355799e-23, 1.35022347616e-23, 1.05774690578e-23, 6.85914083773e-24, 1.72980433221e-24, 7.16484179344e-24, 1.11037339449e-23, 1.16565921219e-23, 6.99249935148e-24, 8.48514803532e-24, 2.21459935371e-23, 4.17429218986e-24, 4.34538231513e-24, 4.77333186204e-24, 5.76116320908e-24, 1.61886563981e-23, 1.13657817047e-23, 1.43139773663e-23, 1.67724229343e-23, 8.85965738349e-24, 7.46099279904e-24, 1.30777376645e-23, 1.07684988257e-23, 7.73659318919e-24, 7.37002057059e-24, 9.57718790794e-24, 7.01716229882e-24, 8.26277919019e-24, 8.80963255805e-24, 1.14325098709e-23, 1.65769794896e-23, 1.08891803447e-23, 8.66500358855e-24, 1.1882540029e-23, 1.2722546731e-23, 9.57564252943e-24, 1.367023058e-23],
        "var": [8.00772249931e-06, 1.53738642439e-06, 1.08139511212e-06, 8.12135681372e-07, 8.23495227564e-08, 1.1424055657e-07, 4.11035365744e-08, 3.30190097486e-08, 6.15728765752e-08, 1.09716964403e-07, 6.19805646807e-08, 2.24931717696e-08, 6.30480840869e-08, 5.55277281933e-08, 4.08861438927e-07, 1.95128578184e-07, 2.60347103875e-08, 4.44521539578e-08, 4.48330226277e-08, 3.38290284674e-08, 8.1436475341e-09, 7.06347780266e-09, 4.305527046e-09, 2.19630025278e-09, 8.50866210822e-10, 3.69947406043e-10, 1.0184558058e-10, 3.78615507002e-11, 8.15579288133e-12, 6.58183707189e-12, 3.8177867985e-12, 1.76928133602e-12, 9.93620333581e-13, 8.57224935567e-13, 6.09566433787e-13, 8.36717414104e-13, 6.447263513e-13, 2.22483395097e-13, 8.28303151437e-14, 5.45539192976e-14]
    },
    "mfcc": {
        "mean": [-662.894775391, 129.24369812, -19.5820713043, 30.168056488, 9.64043712616, 2.95297908783, -2.14441823959, 7.71715402603, -5.48868274689, 3.72742462158, 1.27728629112, 3.59347486496, -2.67479038239],
        "cov": [[5330.74072266, 240.254638672, -499.113647461, -59.3492507935, 80.3656539917, 49.3332939148, -51.3586387634, -26.0843811035, -34.2700424194, 4.87334823608, -86.0148391724, -25.4280052185, -60.7922210693], [240.254638672, 891.617431641, 13.4384698868, -27.7970256805, -24.4698619843, -38.6607322693, 8.51817131042, 5.44816637039, 3.10923576355, 22.4822807312, 11.4363613129, -10.9878120422, -3.27587532997], [-499.113647461, 13.4384698868, 976.997314453, 93.2464447021, -26.1027946472, 30.1399059296, 23.1668224335, 40.6750068665, -0.6731595397, 9.68430805206, 48.1550064087, -18.1051692963, -53.8913841248], [-59.3492507935, -27.7970256805, 93.2464447021, 249.785507202, 63.7092628479, 9.55341243744, 16.6977615356, 38.0206375122, 14.9602632523, 18.6379032135, 23.1020469666, 20.8922843933, 9.41079711914], [80.3656539917, -24.4698619843, -26.1027946472, 63.7092628479, 164.880477905, 33.7496109009, 31.0293579102, 24.8700294495, 15.4776525497, 12.6939840317, 10.556892395, 15.8697214127, 25.9761924744], [49.3332939148, -38.6607322693, 30.1399059296, 9.55341243744, 33.7496109009, 136.701782227, 43.3019752502, 5.24838829041, 14.6181926727, 5.68210315704, 3.94082283974, 10.4866447449, 7.31349849701], [-51.3586387634, 8.51817131042, 23.1668224335, 16.6977615356, 31.0293579102, 43.3019752502, 83.8080673218, 32.2361564636, 15.022644043, 12.3752317429, 12.1682434082, 11.1292963028, 14.783416748], [-26.0843811035, 5.44816637039, 40.6750068665, 38.0206375122, 24.8700294495, 5.24838829041, 32.2361564636, 77.5641098022, 33.279712677, 14.2024698257, 11.1310863495, 4.24591064453, 8.85510540009], [-34.2700424194, 3.10923576355, -0.6731595397, 14.9602632523, 15.4776525497, 14.6181926727, 15.022644043, 33.279712677, 86.1715240479, 39.2232131958, 6.21715736389, 0.0955714657903, -1.37131512165], [4.87334823608, 22.4822807312, 9.68430805206, 18.6379032135, 12.6939840317, 5.68210315704, 12.3752317429, 14.2024698257, 39.2232131958, 78.0256195068, 37.9489212036, 3.54191017151, -10.064663887], [-86.0148391724, 11.4363613129, 48.1550064087, 23.1020469666, 10.556892395, 3.94082283974, 12.1682434082, 11.1310863495, 6.21715736389, 37.9489212036, 81.109413147, 35.8632545471, -0.991669297218], [-25.4280052185, -10.9878120422, -18.1051692963, 20.8922843933, 15.8697214127, 10.4866447449, 11.1292963028, 4.24591064453, 0.0955714657903, 3.54191017151, 35.8632545471, 76.5781707764, 40.7184104919], [-60.7922210693, -3.27587532997, -53.8913841248, 9.41079711914, 25.9761924744, 7.31349849701, 14.783416748, 8.85510540009, -1.37131512165, -10.064663887, -0.991669297218, 40.7184104919, 86.1103210449]],
