{
"lowlevel": {
    "average_loudness": 0.56905066967,
    "barkbands_crest": {
        "dmean": 2.41612410545,
        "dmean2": 3.96881961823,
        "dvar": 5.53556203842,
        "dvar2": 13.581946373,
        "max": 26.9171943665,
        "mean": 13.0795679092,
        "median": 12.3045444489,
        "min": 3.13019895554,
        "var": 19.5759487152
    },
    "barkbands_flatness_db": {
        "dmean": 0.0265229549259,
        "dmean2": 0.0395146980882,
        "dvar": 0.000709437066689,
        "dvar2": 0.00144431192894,
        "max": 0.580310881138,
        "mean": 0.251181811094,
        "median": 0.250564396381,
        "min": 0.0323813967407,
        "var": 0.00350418849848
    },
    "barkbands_kurtosis": {
        "dmean": 6.34866571426,
        "dmean2": 10.0725402832,
        "dvar": 299.58807373,
        "dvar2": 719.774475098,
        "max": 1847.98803711,
        "mean": 15.6398677826,
        "median": 8.64795398712,
        "min": -1.90272891521,
        "var": 2628.14794922
    },
    "barkbands_skewness": {
        "dmean": 0.664661645889,
        "dmean2": 1.02867758274,
        "dvar": 0.626196265221,
        "dvar2": 1.32948935032,
        "max": 42.5837936401,
        "mean": 2.19039535522,
        "median": 1.9005150795,
        "min": -4.21059179306,
        "var": 4.57505512238
    },
    "barkbands_spread": {
        "dmean": 1.97506570816,
        "dmean2": 3.17547273636,
        "dvar": 13.1753463745,
        "dvar2": 32.895236969,
        "max": 107.831184387,
        "mean": 6.43208456039,
        "median": 5.18265676498,
        "min": 0.276171296835,
        "var": 24.9092483521
    },
    "dissonance": {
        "dmean": 0.0376819446683,
        "dmean2": 0.0636823102832,
        "dvar": 0.00114280264825,
        "dvar2": 0.00310086156242,
        "max": 0.499999821186,
        "mean": 0.402315407991,
        "median": 0.410006523132,
        "min": 0.15881447494,
        "var": 0.00304565066472
    },
    "dynamic_complexity": 4.31540298462,
    "erbbands_crest": {
        "dmean": 2.57515835762,
        "dmean2": 4.12583303452,
        "dvar": 7.22975206375,
        "dvar2": 16.2198848724,
        "max": 34.1023216248,
        "mean": 13.6966400146,
        "median": 12.5654201508,
        "min": 2.13667988777,
        "var": 32.780456543
    },
    "erbbands_flatness_db": {
        "dmean": 0.0248641651124,
        "dmean2": 0.0358893945813,
        "dvar": 0.000766286568251,
        "dvar2": 0.00139493017923,
        "max": 0.45508942008,
        "mean": 0.229816526175,
        "median": 0.228024840355,
        "min": 0.026340758428,
        "var": 0.00419327523559
    },
    "erbbands_kurtosis": {
        "dmean": 2.55427575111,
        "dmean2": 3.99663805962,
        "dvar": 16.1173992157,
        "dvar2": 33.7894973755,
        "max": 142.029052734,
        "mean": 6.35511159897,
        "median": 4.28768062592,
        "min": -1.8124332428,
        "var": 64.6300430298
    },
    "erbbands_skewness": {
        "dmean": 0.418180793524,
        "dmean2": 0.651246786118,
        "dvar": 0.201573729515,
        "dvar2": 0.436540573835,
        "max": 7.91017150879,
        "mean": 1.55934083462,
        "median": 1.54287290573,
        "min": -6.03000116348,
        "var": 1.16111207008
    },
    "erbbands_spread": {
        "dmean": 4.82550621033,
        "dmean2": 7.7125954628,
        "dvar": 60.2248001099,
        "dvar2": 146.284118652,
        "max": 123.970932007,
        "mean": 17.8472671509,
        "median": 14.9758787155,
        "min": 0.723048985004,
        "var": 156.504623413
    },
    "hfc": {
        "dmean": 2.52446651459,
        "dmean2": 3.57620930672,
        "dvar": 24.0069313049,
        "dvar2": 43.5915336609,
        "max": 98.0795440674,
        "mean": 8.45245933533,
        "median": 4.69220256805,
        "min": 1.16887767394e-16,
        "var": 108.784416199
    },
    "melbands_crest": {
        "dmean": 3.04049372673,
        "dmean2": 4.9917845726,
        "dvar": 9.13099956512,
        "dvar2": 22.3590240479,
        "max": 39.983745575,
        "mean": 16.4061031342,
        "median": 15.4709587097,
        "min": 1.85173118114,
        "var": 32.2500114441
    },
    "melbands_flatness_db": {
        "dmean": 0.0255309306085,
        "dmean2": 0.0395645052195,
        "dvar": 0.00070269551361,
        "dvar2": 0.0015380209079,
        "max": 0.580907702446,
        "mean": 0.329697996378,
        "median": 0.329234272242,
        "min": 0.00483080139384,
        "var": 0.00364983803593
    },
    "melbands_kurtosis": {
        "dmean": 8.93498897552,
        "dmean2": 14.5773983002,
        "dvar": 1305.09094238,
        "dvar2": 3400.56030273,
        "max": 3872.94091797,
        "mean": 19.7517757416,
        "median": 9.01864337921,
        "min": -1.93485879898,
        "var": 7573.43359375
    },
    "melbands_skewness": {
        "dmean": 0.681590080261,
        "dmean2": 1.08011293411,
        "dvar": 0.810940563679,
        "dvar2": 1.82347881794,
        "max": 60.5396270752,
        "mean": 2.21851801872,
        "median": 1.8568584919,
        "min": -3.37852334976,
        "var": 5.97908210754
    },
    "melbands_spread": {
        "dmean": 1.83883368969,
        "dmean2": 2.88173484802,
        "dvar": 8.64409542084,
        "dvar2": 17.0613918304,
        "max": 133.320785522,
        "mean": 7.26775836945,
        "median": 5.94120407104,
        "min": 0.248085722327,
        "var": 32.644153595
    },
    "pitch_salience": {
        "dmean": 0.0699368342757,
        "dmean2": 0.11474788934,
        "dvar": 0.00486237369478,
        "dvar2": 0.0119276400656,
        "max": 0.895119249821,
        "mean": 0.501534581184,
        "median": 0.504780054092,
        "min": 0.0030551943928,
        "var": 0.0176214650273
    },
    "silence_rate_20dB": {
        "dmean": 0,
        "dmean2": 0,
        "dvar": 0,
        "dvar2": 0,
        "max": 1,
        "mean": 1,
        "median": 1,
        "min": 1,
        "var": 0
    },
    "silence_rate_30dB": {
        "dmean": 0.00539559032768,
        "dmean2": 0.0107917403802,
        "dvar": 0.00536737544462,
        "dvar2": 0.0124413101003,
        "max": 1,
        "mean": 0.993722736835,
        "median": 1,
        "min": 0,
        "var": 0.00623704260215
    },
    "silence_rate_60dB": {
        "dmean": 0.0368352793157,
        "dmean2": 0.0736743807793,
        "dvar": 0.0354690998793,
        "dvar2": 0.0815118029714,
        "max": 1,
        "mean": 0.109306909144,
        "median": 0,
        "min": 0,
        "var": 0.0973715335131
    },
    "spectral_centroid": {
        "dmean": 65.9794235229,
        "dmean2": 102.942848206,
        "dvar": 14939.0859375,
        "dvar2": 26367.6621094,
        "max": 10968.0214844,
        "mean": 495.803741455,
        "median": 436.9609375,
        "min": 130.344436646,
        "var": 80428.1484375
    },
    "spectral_complexity": {
        "dmean": 1.3382101059,
        "dmean2": 2.15492367744,
        "dvar": 1.81280636787,
        "dvar2": 4.03155136108,
        "max": 31,
        "mean": 8.38477897644,
        "median": 8,
        "min": 0,
        "var": 9.72374725342
    },
    "spectral_decrease": {
        "dmean": 1.72779435204e-09,
        "dmean2": 2.51651743888e-09,
        "dvar": 6.78166961693e-18,
        "dvar2": 1.30632845653e-17,
        "max": 7.39678583224e-24,
        "mean": -5.54926460339e-09,
        "median": -3.69189767646e-09,
        "min": -4.68714702606e-08,
        "var": 3.10751076621e-17
    },
    "spectral_energy": {
        "dmean": 0.00672793528065,
        "dmean2": 0.00978547893465,
        "dvar": 0.000103397171188,
        "dvar2": 0.000198549110792,
        "max": 0.178989052773,
        "mean": 0.0217108540237,
        "median": 0.0143678085878,
        "min": 1.05989309527e-20,
        "var": 0.000477071822388
    },
    "spectral_energyband_high": {
        "dmean": 2.59612297668e-05,
        "dmean2": 4.13069537899e-05,
        "dvar": 6.08629102672e-09,
        "dvar2": 1.62027724571e-08,
        "max": 0.00258105038665,
        "mean": 3.77466203645e-05,
        "median": 1.40434603964e-05,
        "min": 7.58860663835e-21,
        "var": 7.04924341122e-09
    },
    "spectral_energyband_low": {
        "dmean": 0.00286517641507,
        "dmean2": 0.00422574440017,
        "dvar": 3.65848900401e-05,
        "dvar2": 7.47017475078e-05,
        "max": 0.16538131237,
        "mean": 0.00586671801284,
        "median": 0.00223976653069,
        "min": 2.9284801343e-23,
        "var": 9.6354247944e-05
    },
    "spectral_energyband_middle_high": {
        "dmean": 0.000616585137323,
        "dmean2": 0.000777444569394,
        "dvar": 4.23017536377e-06,
        "dvar2": 6.78333481119e-06,
        "max": 0.064506791532,
        "mean": 0.00160148891155,
        "median": 0.000387842650525,
        "min": 1.61714466086e-21,
        "var": 1.53726341523e-05
    },
    "spectral_energyband_middle_low": {
        "dmean": 0.0047615878284,
        "dmean2": 0.00721519207582,
        "dvar": 6.69143701089e-05,
        "dvar2": 0.000131449705805,
        "max": 0.166755780578,
        "mean": 0.0146471727639,
        "median": 0.0079339351505,
        "min": 2.79123222074e-22,
        "var": 0.000317913596518
    },
    "spectral_entropy": {
        "dmean": 0.23944349587,
        "dmean2": 0.366394281387,
        "dvar": 0.0660892501473,
        "dvar2": 0.138080969453,
        "max": 9.79999637604,
        "mean": 6.43095207214,
        "median": 6.42892789841,
        "min": 4.52415990829,
        "var": 0.342332839966
    },
    "spectral_flux": {
        "dmean": 0.0223365947604,
        "dmean2": 0.0358610786498,
        "dvar": 0.000815777981188,
        "dvar2": 0.00203051790595,
        "max": 0.29692286253,
        "mean": 0.0512704513967,
        "median": 0.0404675453901,
        "min": 1.0350782037e-10,
        "var": 0.00145611423068
    },
    "spectral_kurtosis": {
        "dmean": 5.30773019791,
        "dmean2": 8.76639652252,
        "dvar": 42.1250114441,
        "dvar2": 108.009109497,
        "max": 123.0026474,
        "mean": 15.6239528656,
        "median": 11.8775177002,
        "min": -1.27028858662,
        "var": 153.009811401
    },
    "spectral_rms": {
        "dmean": 0.000686596729793,
        "dmean2": 0.00098849798087,
        "dvar": 6.98964015555e-07,
        "dvar2": 1.29206716792e-06,
        "max": 0.0132145173848,
        "mean": 0.00407811580226,
        "median": 0.00374397821724,
        "min": 3.21565235377e-12,
        "var": 4.5502820285e-06
    },
    "spectral_rolloff": {
        "dmean": 88.9621734619,
        "dmean2": 154.211257935,
        "dvar": 105240.335938,
        "dvar2": 234524.109375,
        "max": 19143.0175781,
        "mean": 528.160949707,
        "median": 452.197265625,
        "min": 21.533203125,
        "var": 197148.75
    },
    "spectral_skewness": {
        "dmean": 0.449421912432,
        "dmean2": 0.735715448856,
        "dvar": 0.208523318172,
        "dvar2": 0.524502754211,
        "max": 8.74027252197,
        "mean": 3.11274433136,
        "median": 2.93190956116,
        "min": 0.0302030146122,
        "var": 1.05466485023
    },
    "spectral_spread": {
        "dmean": 759735.6875,
        "dmean2": 1175171.25,
        "dvar": 1.21377443021e+12,
        "dvar2": 2.38616497357e+12,
        "max": 47607328,
        "mean": 3675722.25,
        "median": 3253414,
        "min": 676206.9375,
        "var": 3.27305710797e+12
    },
    "spectral_strongpeak": {
        "dmean": 0.361667513847,
        "dmean2": 0.570453226566,
        "dvar": 0.427141696215,
        "dvar2": 0.836256206036,
        "max": 11.8626174927,
        "mean": 1.05469453335,
        "median": 0.569447934628,
        "min": 0,
        "var": 1.47385525703
    },
    "zerocrossingrate": {
        "dmean": 0.00507964473218,
        "dmean2": 0.00666830455884,
        "dvar": 7.75092703407e-05,
        "dvar2": 0.000116101560707,
        "max": 0.5107421875,
        "mean": 0.0255990736187,
        "median": 0.0224609375,
        "min": 0,
        "var": 0.000245441508014
    },
    "barkbands": {
        "dmean": [1.75793502422e-06, 0.00132417085115, 0.00164895667695, 0.000571814773139, 0.00191263342276, 0.00148125481792, 0.00119556556456, 0.000670711626299, 0.000429376232205, 0.000232382648392, 0.000209367703064, 7.63231219025e-05, 7.37880764063e-05, 6.28269117442e-05, 6.13559459453e-05, 3.8551454054e-05, 3.93183072447e-05, 1.0355061022e-05, 4.59660805063e-06, 3.45227863363e-06, 2.15211298382e-06, 3.02393095808e-06, 3.14372368848e-06, 3.22867390423e-06, 4.48868195235e-06, 8.77285947354e-06, 2.04119055525e-06],
        "dmean2": [3.01742829834e-06, 0.00206810771488, 0.00236584153026, 0.000945751206018, 0.00310737988912, 0.00230124802329, 0.00185243727174, 0.00101360271219, 0.000622448744252, 0.000308007118292, 0.000246986281127, 9.88174870145e-05, 0.000100582139567, 9.09676746232e-05, 9.09096124815e-05, 5.33506645297e-05, 5.71286072955e-05, 1.51449548866e-05, 7.02836996425e-06, 5.61473416383e-06, 3.5178836697e-06, 5.25036557519e-06, 5.29933413418e-06, 5.14710700372e-06, 6.765901162e-06, 1.47805849338e-05, 3.61565503226e-06],
        "dvar": [1.77552954977e-11, 8.2195883806e-06, 1.8039601855e-05, 2.018659643e-06, 1.59880073625e-05, 1.23693707792e-05, 1.57060894708e-05, 6.5876406552e-06, 4.85223472424e-06, 1.47876835399e-06, 1.61784635111e-06, 1.35905679599e-07, 7.6379865277e-07, 2.27881585602e-07, 1.30549409505e-07, 9.30247665565e-08, 6.20050428779e-08, 4.90648544016e-09, 2.788300979e-10, 9.86696002681e-11, 4.51524373446e-11, 1.7795719065e-10, 1.05878805723e-10, 7.11449441027e-11, 1.52056200964e-10, 1.0688345764e-09, 8.59379581386e-11],
        "dvar2": [4.3754576351e-11, 2.05490159715e-05, 3.20946855936e-05, 5.11100279255e-06, 3.86138854083e-05, 2.4753922844e-05, 2.8307107641e-05, 1.22731844385e-05, 9.1901210908e-06, 2.16271769204e-06, 2.20989932131e-06, 1.92539218347e-07, 1.6431901031e-06, 4.33788017062e-07, 2.6624402949e-07, 1.59464789817e-07, 1.18787319536e-07, 7.80485276408e-09, 6.85604073514e-10, 2.46924203307e-10, 1.18426810025e-10, 5.1644799548e-10, 2.93839230725e-10, 1.76096887072e-10, 3.65611901865e-10, 2.89040014145e-09, 2.32876051776e-10],
        "max": [0.000312542106258, 0.0483143478632, 0.141770377755, 0.0508366972208, 0.10390368104, 0.0912765562534, 0.150797218084, 0.076553620398, 0.0798600539565, 0.0792477652431, 0.0616522245109, 0.0231497883797, 0.0581402145326, 0.0303290523589, 0.0215858444571, 0.0189149212092, 0.0127492425963, 0.00770650943741, 0.000997084076516, 0.000423993129516, 0.000268949894235, 0.000924298772588, 0.000387512642192, 0.000413071451476, 0.000390489236452, 0.00120964308735, 0.000398308649892],
        "mean": [2.41022212322e-06, 0.00249724835157, 0.00308496132493, 0.000941721606068, 0.00367490202188, 0.00366251543164, 0.00312691391446, 0.00179377489258, 0.00115016533528, 0.000550396856852, 0.000471206847578, 0.000167779944604, 0.000110481989395, 0.000115431874292, 0.000125822654809, 8.08847617009e-05, 8.50460928632e-05, 1.86127581401e-05, 9.58654527494e-06, 6.40221423964e-06, 3.91080129702e-06, 4.18336503571e-06, 4.98937970406e-06, 6.17351361143e-06, 7.13201143299e-06, 6.77852494846e-06, 1.39002486321e-06],
        "median": [1.50288724399e-06, 0.000682915444486, 0.000512459140737, 0.000322293548379, 0.00143848953303, 0.00105411442928, 0.000601683917921, 0.000298280559946, 0.00014978411491, 7.60399489081e-05, 4.11041328334e-05, 2.40638000832e-05, 1.3287537513e-05, 1.06863071778e-05, 9.78068965196e-06, 4.10333723266e-06, 1.06985362436e-05, 4.49263461633e-06, 3.79061475542e-06, 2.88288447337e-06, 1.50216612838e-06, 1.48855747284e-06, 2.14461442738e-06, 2.74224339591e-06, 1.87235184512e-06, 1.64071792597e-07, 1.85040738288e-09],
        "min": [5.03107401902e-24, 8.94621435746e-24, 5.95787474769e-24, 1.16430110926e-23, 4.29890286726e-23, 4.73071775371e-23, 2.10001778055e-23, 2.49269633086e-23, 5.8541336222e-23, 7.51156446286e-23, 4.43332508105e-23, 3.62007859198e-23, 7.20183621446e-23, 1.24671325026e-22, 1.06039553782e-22, 1.11119830634e-22, 1.27875892593e-22, 1.8854637702e-22, 2.48710652559e-22, 4.00023590024e-22, 4.82483031121e-22, 5.0107116889e-22, 6.14770637792e-22, 6.77037082494e-22, 1.08910505131e-21, 1.37167608779e-21, 2.33028774291e-21],
        "var": [1.86312597295e-11, 1.73742737388e-05, 5.33854326932e-05, 4.98403915117e-06, 4.58458671346e-05, 5.36308907613e-05, 9.18004952837e-05, 2.98697686958e-05, 1.86968409253e-05, 6.06071353104e-06, 6.03534772381e-06, 6.22102788839e-07, 1.00320312413e-06, 6.02820932727e-07, 3.55694595555e-07, 3.37008174256e-07, 1.77587352823e-07, 1.13300950844e-08, 4.78348971544e-10, 1.48250425824e-10, 7.88389006856e-11, 1.49167622698e-10, 1.13042394889e-10, 1.41104850027e-10, 2.38314479262e-10, 7.89230347742e-10, 6.32689803326e-11]
    },
    "erbbands": {
        "dmean": [0.0132697764784, 0.392932713032, 1.90029847622, 1.41934120655, 4.59475660324, 6.76321315765, 9.65234184265, 12.4396085739, 17.9263801575, 14.2241392136, 12.6602668762, 9.49159145355, 8.63321971893, 8.97944355011, 3.90074491501, 3.3466360569, 3.23885154724, 3.55770134926, 3.53869533539, 2.01339840889, 2.22252464294, 1.85909247398, 0.780117988586, 0.296133965254, 0.189158588648, 0.15243755281, 0.102485641837, 0.0974746197462, 0.116008833051, 0.0867483988404, 0.0927418917418, 0.0657305568457, 0.0568131394684, 0.0436012595892, 0.0374832563102, 0.0339742302895, 0.0165010206401, 0.00414256658405, 0.000340820261044, 1.523510673e-05],
        "dmean2": [0.0191743373871, 0.610255897045, 2.76776981354, 2.20154094696, 7.62607240677, 11.000462532, 15.0076284409, 19.4051876068, 27.3193283081, 22.2074356079, 18.4780845642, 13.8509616852, 11.5085058212, 10.8267011642, 4.93799686432, 4.20490694046, 4.37449216843, 4.99106693268, 5.13816452026, 2.86729717255, 3.09661078453, 2.71246695518, 1.12047815323, 0.45048481226, 0.293362617493, 0.248994588852, 0.168249085546, 0.161092117429, 0.203384637833, 0.145739212632, 0.157866463065, 0.106145687401, 0.0914480760694, 0.0676341280341, 0.0569145455956, 0.0547334253788, 0.0285860002041, 0.00733478786424, 0.000602559710387, 2.48756023211e-05],
        "dvar": [0.000897076097317, 0.701715886593, 21.670797348, 9.12107181549, 101.899536133, 237.423187256, 870.014038086, 956.317321777, 3551.47875977, 2101.22314453, 2453.43139648, 2719.25195312, 2152.3112793, 2100.83569336, 287.505615234, 295.957458496, 1162.03588867, 656.242797852, 425.838653564, 192.656173706, 224.905212402, 139.029953003, 27.1357250214, 1.44273734093, 0.29881131649, 0.181547358632, 0.130030408502, 0.0816365852952, 0.314950227737, 0.0992596149445, 0.0930656641722, 0.0323587432504, 0.0227547176182, 0.0132223591208, 0.0116602825001, 0.0143509386107, 0.00426547462121, 0.000305163994199, 2.35376433011e-06, 2.02377492542e-09],
        "dvar2": [0.00178077095188, 1.7292650938, 40.2062721252, 21.1772842407, 257.797210693, 588.212524414, 1760.4798584, 1965.32617188, 6070.45117188, 4111.67919922, 4317.63671875, 5428.16748047, 3263.39697266, 2932.37817383, 453.373657227, 385.428649902, 2508.91137695, 1281.98327637, 836.850341797, 347.789855957, 378.988647461, 259.817840576, 43.3156356812, 3.41815805435, 0.670319497585, 0.46526864171, 0.349712997675, 0.217502370477, 0.918449878693, 0.280079215765, 0.256325274706, 0.0820585489273, 0.0570476427674, 0.0318610966206, 0.0284639317542, 0.0378095954657, 0.0117041375488, 0.000837792176753, 6.34079560768e-06, 5.49919443316e-09],
        "max": [0.585951983929, 14.0954189301, 146.62953186, 94.0397872925, 291.235931396, 386.255310059, 1321.68066406, 797.451477051, 2289.88525391, 1408.78503418, 1727.32409668, 2316.41943359, 3022.54931641, 2115.37207031, 669.606506348, 1183.48718262, 2287.56689453, 1528.01159668, 1336.73388672, 1376.08117676, 1248.66064453, 579.378540039, 552.13671875, 71.2301254272, 24.9916191101, 18.102809906, 16.7574386597, 12.3628416061, 39.2349510193, 18.5659561157, 9.61434364319, 8.87731838226, 6.03707408905, 3.96609520912, 2.91554784775, 3.98708248138, 2.42629241943, 0.633393704891, 0.0610263310373, 0.0018920757575],
        "mean": [0.0301626455039, 0.747791349888, 3.54856467247, 2.82290744781, 7.88253307343, 12.1057634354, 21.3169307709, 31.8686199188, 50.7643890381, 36.6652488708, 37.2400550842, 25.6069488525, 20.5191173553, 21.9541053772, 8.74795818329, 7.77446365356, 5.33666229248, 6.54784154892, 7.23874473572, 4.2588133812, 5.08134460449, 4.04099464417, 1.52682816982, 0.613312005997, 0.401607364416, 0.292519837618, 0.18475972116, 0.165911540389, 0.147631555796, 0.139919832349, 0.145786881447, 0.120224580169, 0.104922920465, 0.0787314176559, 0.0509391464293, 0.0303277000785, 0.0118767060339, 0.00284227333032, 0.00024250993738, 3.04477362079e-05],
        "median": [0.00659169815481, 0.235838726163, 0.870663166046, 1.15852832794, 2.86932849884, 4.26946640015, 5.76649951935, 9.1695022583, 10.552740097, 8.90622234344, 6.53461456299, 4.37368822098, 3.92279624939, 2.48562335968, 1.80573129654, 1.21005439758, 0.9028621912, 0.889326334, 0.710962533951, 0.489743709564, 0.389680087566, 0.623291432858, 0.341815680265, 0.224228322506, 0.183187007904, 0.13550645113, 0.0683692917228, 0.0696690157056, 0.0480886101723, 0.0597112476826, 0.0618637688458, 0.0540296249092, 0.0430938974023, 0.0265173390508, 0.00994307268411, 0.00177697394975, 0.000175560548087, 1.51712774823e-05, 1.10975870484e-05, 1.82360181498e-05],
        "min": [4.94416262563e-22, 6.68985046706e-22, 7.70593623057e-21, 2.66191874843e-20, 8.4057525161e-20, 1.14117475416e-19, 2.05022362914e-19, 3.04295526476e-19, 1.84793118197e-19, 2.85921828818e-19, 6.11252454874e-19, 1.42829007536e-18, 2.67343698642e-18, 1.51504208967e-18, 1.77336707945e-18, 1.73006148604e-18, 3.57932590221e-18, 5.23983514722e-18, 5.56412799765e-18, 4.94070058153e-18, 7.45737567494e-18, 7.26045871268e-18, 8.41331439446e-18, 1.22295212495e-17, 1.48031994268e-17, 1.80587788314e-17, 1.45170693811e-17, 2.08141124887e-17, 1.66960699098e-17, 1.66955752558e-17, 1.77167810071e-17, 2.00788713469e-17, 1.00463194705e-17, 1.00116630844e-17, 8.62758395161e-18, 4.93349542481e-18, 2.7831531889e-18, 9.79081371905e-19, 3.10589595456e-19, 3.77487911506e-20],
        "var": [0.00335088511929, 1.45423102379, 60.3752403259, 24.1155853271, 294.939147949, 571.540222168, 2877.2487793, 4307.30029297, 22052.6054688, 8930.74707031, 12378.3886719, 8911.81542969, 8466.10253906, 8066.13671875, 935.912719727, 1481.17895508, 1543.70324707, 1555.97302246, 1153.14086914, 507.231018066, 977.761352539, 388.737121582, 63.7683639526, 2.38741779327, 0.65207952261, 0.288872331381, 0.188557058573, 0.118901208043, 0.238000422716, 0.103555358946, 0.0992342978716, 0.0594609007239, 0.04236741364, 0.024334942922, 0.015291409567, 0.0117924334481, 0.00294836214744, 0.000215770342038, 1.75846867023e-06, 1.99473459972e-09]
    },
    "gfcc": {
        "mean": [-106.407943726, 145.33152771, -86.8348083496, 10.4418668747, -69.7045440674, 4.98910236359, -46.9442100525, 6.67678689957, -16.4420013428, -7.55833292007, -6.80342054367, -8.63430213928, -4.79909944534],
        "cov": [[8121.03808594, -42.130279541, -153.935180664, -301.9402771, 146.594940186, 9.63681030273, -208.260681152, 89.2570266724, -164.685089111, 168.506469727, -333.618408203, 104.874816895, -195.582321167], [-42.130279541, 1381.94775391, -384.25881958, -12.5220184326, 58.4555244446, -111.342414856, 48.0331535339, -143.60760498, 233.583633423, -232.055648804, 252.518463135, -218.102096558, 215.21723938], [-153.935180664, -384.25881958, 963.319458008, 182.900314331, -5.30452919006, 175.505386353, 53.0495376587, 45.6731529236, -144.369171143, 104.73866272, -80.3106613159, 110.781959534, -113.949234009], [-301.9402771, -12.5220184326, 182.900314331, 434.057128906, 31.2733097076, 126.332321167, 99.7657012939, 56.0016860962, 1.06694638729, 12.053194046, 55.4701538086, -22.3569965363, -4.85223960876], [146.594940186, 58.4555244446, -5.30452919006, 31.2733097076, 315.768676758, 47.0276756287, 91.1483917236, 30.447101593, 81.8408660889, 53.4878883362, -13.6682291031, 27.8360404968, -22.6341152191], [9.63681030273, -111.342414856, 175.505386353, 126.332321167, 47.0276756287, 284.416229248, 85.5967559814, 85.4369354248, -43.272895813, 38.9499549866, 6.00681495667, 14.9871578217, -6.55721902847], [-208.260681152, 48.0331535339, 53.0495376587, 99.7657012939, 91.1483917236, 85.5967559814, 231.872573853, 60.9131202698, 39.0367622375, 12.1334228516, 32.9275512695, 24.3822288513, 6.59028196335], [89.2570266724, -143.60760498, 45.6731529236, 56.0016860962, 30.447101593, 85.4369354248, 60.9131202698, 178.584960938, 42.6270294189, 56.4157066345, -17.2340087891, 28.0965461731, -9.7323513031], [-164.685089111, 233.583633423, -144.369171143, 1.06694638729, 81.8408660889, -43.272895813, 39.0367622375, 42.6270294189, 196.113021851, 13.255812645, 62.4868278503, -39.0361366272, 47.3554573059], [168.506469727, -232.055648804, 104.73866272, 12.053194046, 53.4878883362, 38.9499549866, 12.1334228516, 56.4157066345, 13.255812645, 164.045562744, -7.76540470123, 64.6101989746, -63.8327445984], [-333.618408203, 252.518463135, -80.3106613159, 55.4701538086, -13.6682291031, 6.00681495667, 32.9275512695, -17.2340087891, 62.4868278503, -7.76540470123, 177.071640015, -18.7905273438, 60.7171859741], [104.874816895, -218.102096558, 110.781959534, -22.3569965363, 27.8360404968, 14.9871578217, 24.3822288513, 28.0965461731, -39.0361366272, 64.6101989746, -18.7905273438, 146.87310791, -10.7649354935], [-195.582321167, 215.21723938, -113.949234009, -4.85223960876, -22.6341152191, -6.55721902847, 6.59028196335, -9.7323513031, 47.3554573059, -63.8327445984, 60.7171859741, -10.7649354935, 135.582199097]],
        "icov": [[0.000177096138941, -0.000296525249723, 0.000119346674182, 4.55752660855e-06, -8.21096818981e-06, -6.80241428199e-05, 0.000200508191483, -0.000246993848123, 0.000340180355124, -0.000378787663067, 0.000495172920637, -0.000294772937195, 0.000252182740951], [-0.000296525249723, 0.00288283522241, -0.00043900651508, 0.000437810114818, -0.000861404114403, 0.000346534099663, -0.000725961348508, 0.00149971828796, -0.0019860023167, 0.00263695372269, -0.00308464560658, 0.00263640005141, -0.00181537144817], [0.000119346674182, -0.00043900651508, 0.00171496230178, -0.000669475004543, 0.000422220589826, -0.00078168977052, 7.98008186393e-05, 0.000119685108075, 0.000648549990728, -0.000790992460679, 0.0010949872667, -0.00142637791578, 0.00112124474254], [4.55752660855e-06, 0.000437810114818, -0.000669475004543, 0.00332900718786, -0.000415350747062, -0.000488812278491, -0.000864074507263, -0.00055930489907, 0.000205563002964, 0.000490779755637, -0.00168679596391, 0.0016475423472, -0.000177565030754], [-8.21096818981e-06, -0.000861404114403, 0.000422220589826, -0.000415350747062, 0.00516413152218, -0.00142199068796, -0.00121202529408, 0.00127199152485, -0.00273246946745, -0.00122325436678, 0.00239402521402, -0.00228327768855, 0.00176412228029], [-6.80241428199e-05, 0.000346534099663, -0.00078168977052, -0.000488812278491, -0.00142199068796, 0.00631784135476, -0.00129767309409, -0.00277560716495, 0.00335515965708, -0.00108234502841, -0.00136968470179, 0.00247641210444, -0.00226210197434], [0.000200508191483, -0.000725961348508, 7.98008186393e-05, -0.000864074507263, -0.00121202529408, -0.00129767309409, 0.00665190350264, -0.001682835049, -0.000416786817368, 0.00102052569855, -0.00023659953149, -0.00232668966055, 0.00131578312721], [-0.000246993848123, 0.00149971828796, 0.000119685108075, -0.00055930489907, 0.00127199152485, -0.00277560716495, -0.001682835049, 0.0102908276021, -0.00522432615981, -0.000407027371693, 0.00113263761159, -0.000533087702934, -0.000674165319651], [0.000340180355124, -0.0019860023167, 0.000648549990728, 0.000205563002964, -0.00273246946745, 0.00335515965708, -0.000416786817368, -0.00522432615981, 0.0131815215573, -0.00511301448569, -0.000590517243836, 0.00305449380539, -0.00295723997988], [-0.000378787663067, 0.00263695372269, -0.000790992460679, 0.000490779755637, -0.00122325436678, -0.00108234502841, 0.00102052569855, -0.000407027371693, -0.00511301448569, 0.0146592333913, -0.00481919618323, -0.00295698805712, 0.00489606661722], [0.000495172920637, -0.00308464560658, 0.0010949872667, -0.00168679596391, 0.00239402521402, -0.00136968470179, -0.00023659953149, 0.00113263761159, -0.000590517243836, -0.00481919618323, 0.0123933525756, -0.00302970665507, -0.000956397096161], [-0.000294772937195, 0.00263640005141, -0.00142637791578, 0.0016475423472, -0.00228327768855, 0.00247641210444, -0.00232668966055, -0.000533087702934, 0.00305449380539, -0.00295698805712, -0.00302970665507, 0.0142208524048, -0.00590966641903], [0.000252182740951, -0.00181537144817, 0.00112124474254, -0.000177565030754, 0.00176412228029, -0.00226210197434, 0.00131578312721, -0.000674165319651, -0.00295723997988, 0.00489606661722, -0.000956397096161, -0.00590966641903, 0.0149268275127]]
    },
    "melbands": {
        "dmean": [0.000242154361331, 0.000824663322419, 0.000330416078214, 0.000422562385211, 0.000317940488458, 0.000280480919173, 0.000271544937277, 0.00015621217608, 0.000100197386928, 5.98371007072e-05, 4.22105731559e-05, 3.47579916706e-05, 1.76506673597e-05, 9.47215175984e-06, 5.31647719981e-06, 9.77109812084e-06, 6.36890854366e-06, 5.54057805857e-06, 4.20806918555e-06, 2.78220227301e-06, 2.54626320384e-06, 2.30725527217e-06, 9.64401465353e-07, 4.89775572987e-07, 2.45230836526e-07, 1.38619910217e-07, 1.44018329706e-07, 1.05192931699e-07, 7.4267894945e-08, 5.12881257464e-08, 6.60265726538e-08, 7.57842215648e-08, 4.77051251835e-08, 5.31712167628e-08, 6.04868759524e-08, 4.22306776215e-08, 4.32654054805e-08, 4.16836236639e-08, 4.29742357255e-08, 3.63082968136e-08],
        "dmean2": [0.000369720946765, 0.00122010626364, 0.000518222805113, 0.000697704381309, 0.000494858715683, 0.000437060371041, 0.000414425943745, 0.000243196976953, 0.000145176745718, 8.76167832757e-05, 5.63665416848e-05, 4.23505116487e-05, 2.15591917367e-05, 1.21976254377e-05, 7.1804943218e-06, 1.32202412715e-05, 9.15702548809e-06, 8.09373705124e-06, 6.22856259724e-06, 3.80616233997e-06, 3.60626859219e-06, 3.37697815667e-06, 1.4051938706e-06, 7.16554040991e-07, 3.78486475938e-07, 2.17290789806e-07, 2.28840463024e-07, 1.7408960673e-07, 1.2303817698e-07, 8.33696987002e-08, 1.11227770105e-07, 1.33899334287e-07, 8.15743277371e-08, 8.98897596358e-08, 1.04480193386e-07, 7.00164264344e-08, 7.0671383412e-08, 6.86759875634e-08, 6.85369982989e-08, 5.6945907545e-08],
        "dvar": [2.7823367077e-07, 3.48874073097e-06, 4.5293828066e-07, 8.27905637379e-07, 7.89088403508e-07, 4.55155145573e-07, 8.08269930985e-07, 2.81586210349e-07, 1.80001748618e-07, 1.13737158358e-07, 5.31433741457e-08, 2.95006330475e-08, 8.58388116143e-09, 2.00469596479e-09, 5.81078851702e-10, 1.40897702394e-08, 2.60096144622e-09, 1.16395371119e-09, 6.2492516717e-10, 6.16493023298e-10, 3.17582821152e-10, 2.3582655273e-10, 4.96629751212e-11, 9.79890300845e-12, 1.11032201228e-12, 1.88282196908e-13, 1.66163591675e-13, 8.40828735848e-14, 8.00079674821e-14, 3.8281186489e-14, 3.59569856799e-14, 1.26943987548e-13, 5.12947736858e-14, 3.38932237853e-14, 4.06363006124e-14, 1.62993736889e-14, 1.35566039256e-14, 1.35789783009e-14, 1.09700312731e-14, 9.76192512106e-15],
        "dvar2": [6.54942255096e-07, 6.94595519235e-06, 1.07409459815e-06, 2.15122827285e-06, 1.60100830726e-06, 9.24305595618e-07, 1.39202813898e-06, 5.40956932582e-07, 3.06741924305e-07, 2.32376649478e-07, 7.97802854891e-08, 4.16123846492e-08, 1.18579865926e-08, 2.97439761709e-09, 9.48325418193e-10, 3.01602050001e-08, 4.97897589824e-09, 2.24648544211e-09, 1.28452870563e-09, 1.06664832522e-09, 5.55186896456e-10, 4.36049252261e-10, 9.52395592946e-11, 1.54422637871e-11, 2.77580866279e-12, 4.40804565158e-13, 3.89704056785e-13, 2.17736744433e-13, 2.1501657605e-13, 9.64352634748e-14, 9.78796240564e-14, 3.68765700485e-13, 1.48959878178e-13, 9.54511467153e-14, 1.13299221892e-13, 4.33967267774e-14, 3.48456005261e-14, 3.55270554728e-14, 2.67294375517e-14, 2.38007923374e-14],
        "max": [0.00918915122747, 0.0534965768456, 0.020399203524, 0.0230586789548, 0.0366412401199, 0.0179168023169, 0.0350591875613, 0.017546094954, 0.01659238711, 0.0156969428062, 0.0151069946587, 0.00777779566124, 0.00442593824118, 0.00259404163808, 0.00128833658528, 0.00770100811496, 0.00351821188815, 0.00202116766013, 0.00115521124098, 0.00161868846044, 0.00135938054882, 0.000761703471653, 0.000520598026924, 0.000340277911164, 7.35628709663e-05, 2.64602404059e-05, 1.53023211169e-05, 1.15221009764e-05, 1.40969477798e-05, 1.29486606966e-05, 8.34446291265e-06, 2.32347720157e-05, 1.57875492732e-05, 9.47642729443e-06, 6.91273589837e-06, 4.4604021241e-06, 5.39762504559e-06, 4.41786278316e-06, 3.37955043506e-06, 3.21176275975e-06],
        "mean": [0.000492078950629, 0.00157688790932, 0.00066728470847, 0.000731139909476, 0.000703948666342, 0.000710934575181, 0.000760736875236, 0.000396337156417, 0.000296694866847, 0.000152961685671, 9.76110895863e-05, 8.44769383548e-05, 3.9461425331e-05, 2.06582390092e-05, 1.16983183034e-05, 1.4214238945e-05, 1.18837670016e-05, 1.084746782e-05, 8.58154089656e-06, 5.78167646381e-06, 5.72911494601e-06, 4.91193532071e-06, 1.88638318832e-06, 8.68398899456e-07, 4.66897432716e-07, 2.78767686268e-07, 2.67480686489e-07, 1.81898585083e-07, 1.20824523719e-07, 8.95474911999e-08, 1.03618987168e-07, 9.0026482269e-08, 6.63459616135e-08, 8.34483984136e-08, 8.99313903346e-08, 6.92992259133e-08, 7.60916520903e-08, 6.97507545055e-08, 7.9298700939e-08, 6.15174684526e-08],
        "median": [0.00012088486983, 0.000504170893691, 0.000287887029117, 0.000268153788056, 0.000208785946597, 0.000205407530302, 0.000152679538587, 8.85702320375e-05, 4.08563719247e-05, 2.337531987e-05, 1.56341411639e-05, 8.5295032477e-06, 5.16788531968e-06, 3.36016591973e-06, 1.73792273017e-06, 1.38893949497e-06, 1.22942810776e-06, 9.09550408323e-07, 7.2324382927e-07, 3.32977009521e-07, 3.76902164589e-07, 6.38090796201e-07, 3.24893505876e-07, 2.18044988287e-07, 1.57356026875e-07, 1.14284055996e-07, 1.1627097507e-07, 8.02155213364e-08, 4.23130117611e-08, 3.06130765182e-08, 4.41840199983e-08, 2.79559344563e-08, 2.21156639668e-08, 3.67355852404e-08, 3.76273767699e-08, 2.94034769865e-08, 3.35360326176e-08, 2.714525138e-08, 3.15554871122e-08, 1.87095956505e-08],
        "min": [4.44919325482e-24, 2.40523078635e-24, 5.63238718833e-24, 7.23437988224e-24, 7.26786939425e-24, 7.30686436652e-24, 3.47312816261e-24, 2.89677258019e-24, 4.43698760446e-24, 9.81025528467e-24, 1.30293126489e-23, 5.81943439199e-24, 6.24700568009e-24, 4.08801999468e-24, 6.91880238799e-24, 7.25434121859e-24, 9.72151316599e-24, 9.14300359887e-24, 8.80428329225e-24, 5.68955593813e-24, 9.75337210251e-24, 7.70143760295e-24, 6.49793247328e-24, 8.28533272347e-24, 8.98127843583e-24, 8.47565409433e-24, 1.18418829268e-23, 1.14025386786e-23, 8.27349113242e-24, 1.25558470111e-23, 1.13600080317e-23, 6.11174956144e-24, 8.06424735504e-24, 8.45715293952e-24, 8.41387681912e-24, 1.26934227753e-23, 1.12774419051e-23, 6.01042708348e-24, 7.74203869602e-24, 9.00427136464e-24],
        "var": [7.39364338642e-07, 9.02677948034e-06, 1.30231853745e-06, 1.91401659322e-06, 2.71311023425e-06, 2.10951020563e-06, 5.03126238982e-06, 1.19017693123e-06, 9.36883054692e-07, 3.49294538182e-07, 2.10673348988e-07, 1.13924890854e-07, 3.18906572261e-08, 8.57520454645e-09, 2.29619190328e-09, 1.85862933932e-08, 6.95529367434e-09, 3.15205617163e-09, 1.78600412237e-09, 1.87352822145e-09, 1.36726774347e-09, 6.71388222795e-10, 1.13977008387e-10, 2.31053717825e-11, 1.59546052585e-12, 4.19757111014e-13, 2.96131419083e-13, 1.20081719633e-13, 9.43799143113e-14, 6.03543026645e-14, 4.47873515889e-14, 9.33057884428e-14, 4.4450157937e-14, 3.38728441726e-14, 3.90893711171e-14, 2.32178337699e-14, 2.32108914879e-14, 2.18419930715e-14, 2.12185954571e-14, 1.66746855175e-14]
    },
    "mfcc": {
        "mean": [-758.484741211, 175.69392395, 34.8210334778, 9.1735906601, 4.68936777115, -10.7420730591, -9.07286930084, -0.506673693657, -5.31102800369, -0.977483928204, -2.66835546494, 0.244153574109, -1.76219332218],
        "cov": [[4749.61279297, 412.772125244, -525.04675293, 24.8394165039, 85.1013946533, 30.1614398956, -26.931224823, -21.55052948, 104.114997864, 25.0568504333, -1.70289969444, -3.22701406479, 10.230260849], [412.772125244, 1148.61694336, -187.868103027, -55.5198173523, 57.4326591492, -51.6660079956, -93.4041900635, -13.3693981171, -25.9337921143, 15.2886590958, -36.4893531799, -24.3300056458, -13.9220733643], [-525.04675293, -187.868103027, 718.057678223, 73.1344985962, 30.7231864929, 104.004013062, 140.908630371, 45.7133483887, -23.873008728, 4.05353736877, 33.3918533325, -15.2465772629, -23.2026252747], [24.8394165039, -55.5198173523, 73.1344985962, 274.47076416, 47.1703681946, 62.6202316284, 50.6019248962, 44.3340988159, 19.9236831665, 32.6719703674, 40.2978515625, 31.4609336853, 8.61269760132], [85.1013946533, 57.4326591492, 30.7231864929, 47.1703681946, 185.523742676, 61.1627998352, 13.7707862854, 17.7492828369, 32.9679908752, 26.475025177, 26.8770370483, 19.2589607239, 21.0647964478], [30.1614398956, -51.6660079956, 104.004013062, 62.6202316284, 61.1627998352, 179.601745605, 110.488807678, 42.6287651062, 24.0025844574, 20.1462860107, 24.1673259735, 15.8654470444, 14.7155447006], [-26.931224823, -93.4041900635, 140.908630371, 50.6019248962, 13.7707862854, 110.488807678, 198.945755005, 87.6184082031, 23.46251297, 21.4527778625, 28.3798599243, 18.2799720764, 18.4885063171], [-21.55052948, -13.3693981171, 45.7133483887, 44.3340988159, 17.7492828369, 42.6287651062, 87.6184082031, 131.295639038, 72.0267715454, 22.7818984985, 8.4516658783, 19.6804676056, 26.4179325104], [104.114997864, -25.9337921143, -23.873008728, 19.9236831665, 32.9679908752, 24.0025844574, 23.46251297, 72.0267715454, 135.305389404, 59.239200592, 9.02442550659, 16.259475708, 26.4700202942], [25.0568504333, 15.2886590958, 4.05353736877, 32.6719703674, 26.475025177, 20.1462860107, 21.4527778625, 22.7818984985, 59.239200592, 104.994880676, 59.3244438171, 16.111284256, 2.33155417442], [-1.70289969444, -36.4893531799, 33.3918533325, 40.2978515625, 26.8770370483, 24.1673259735, 28.3798599243, 8.4516658783, 9.02442550659, 59.3244438171, 118.768829346, 59.3937606812, 0.49762275815], [-3.22701406479, -24.3300056458, -15.2465772629, 31.4609336853, 19.2589607239, 15.8654470444, 18.2799720764, 19.6804676056, 16.259475708, 16.111284256, 59.3937606812, 113.318382263, 63.8405838013], [10.230260849, -13.9220733643, -23.2026252747, 8.61269760132, 21.0647964478, 14.7155447006, 18.4885063171, 26.4179325104, 26.4700202942, 2.33155417442, 0.49762275815, 63.8405838013, 120.112892151]],
