{
"lowlevel": {
    "average_loudness": 0.923385977745,
    "barkbands_crest": {
        "dmean": 2.65078854561,
        "dmean2": 4.1712808609,
        "dvar": 6.26741027832,
        "dvar2": 14.8679828644,
        "max": 26.3707313538,
        "mean": 12.2858695984,
        "median": 11.6637449265,
        "min": 2.41752552986,
        "var": 17.3767299652
    },
    "barkbands_flatness_db": {
        "dmean": 0.0376216359437,
        "dmean2": 0.05200342834,
        "dvar": 0.00121259246953,
        "dvar2": 0.00224579707719,
        "max": 0.493012726307,
        "mean": 0.227637335658,
        "median": 0.234547063708,
        "min": 0.040632031858,
        "var": 0.00462855910882
    },
    "barkbands_kurtosis": {
        "dmean": 6.34186220169,
        "dmean2": 9.61087608337,
        "dvar": 214.126480103,
        "dvar2": 433.305725098,
        "max": 486.673583984,
        "mean": 9.86595249176,
        "median": 3.96208620071,
        "min": -1.89274263382,
        "var": 482.91607666
    },
    "barkbands_skewness": {
        "dmean": 0.746964931488,
        "dmean2": 1.11293315887,
        "dvar": 0.759211778641,
        "dvar2": 1.57664883137,
        "max": 16.4102573395,
        "mean": 1.79418182373,
        "median": 1.48965346813,
        "min": -6.48275613785,
        "var": 3.03265833855
    },
    "barkbands_spread": {
        "dmean": 4.8878068924,
        "dmean2": 7.59738826752,
        "dvar": 59.0745239258,
        "dvar2": 131.084030151,
        "max": 104.245773315,
        "mean": 10.8223686218,
        "median": 7.88713550568,
        "min": 0.263364285231,
        "var": 95.9635925293
    },
    "dissonance": {
        "dmean": 0.0354264900088,
        "dmean2": 0.0563143901527,
        "dvar": 0.00108119880315,
        "dvar2": 0.0026111616753,
        "max": 0.499999910593,
        "mean": 0.417808264494,
        "median": 0.425529181957,
        "min": 0.182980626822,
        "var": 0.00286130444147
    },
    "dynamic_complexity": 3.45929718018,
    "erbbands_crest": {
        "dmean": 3.00609731674,
        "dmean2": 4.60583877563,
        "dvar": 9.21730995178,
        "dvar2": 19.3962535858,
        "max": 33.1438941956,
        "mean": 12.958656311,
        "median": 12.2287101746,
        "min": 2.68652844429,
        "var": 32.5627861023
    },
    "erbbands_flatness_db": {
        "dmean": 0.0313904024661,
        "dmean2": 0.0421418845654,
        "dvar": 0.000903969747014,
        "dvar2": 0.00150980777107,
        "max": 0.470267802477,
        "mean": 0.221205532551,
        "median": 0.226221233606,
        "min": 0.0430791191757,
        "var": 0.00456900149584
    },
    "erbbands_kurtosis": {
        "dmean": 2.24974250793,
        "dmean2": 3.45264792442,
        "dvar": 18.3732814789,
        "dvar2": 39.9269104004,
        "max": 144.043197632,
        "mean": 2.50175976753,
        "median": 0.88737154007,
        "min": -1.75755608082,
        "var": 40.5087852478
    },
    "erbbands_skewness": {
        "dmean": 0.534119963646,
        "dmean2": 0.800396203995,
        "dvar": 0.318135201931,
        "dvar2": 0.661953449249,
        "max": 6.128677845,
        "mean": 0.888856291771,
        "median": 0.882067978382,
        "min": -8.16763114929,
        "var": 0.965688943863
    },
    "erbbands_spread": {
        "dmean": 10.0780010223,
        "dmean2": 15.1428079605,
        "dvar": 173.230453491,
        "dvar2": 356.995147705,
        "max": 123.436035156,
        "mean": 27.2360992432,
        "median": 20.1258430481,
        "min": 0.488459855318,
        "var": 413.378509521
    },
    "hfc": {
        "dmean": 5.45953226089,
        "dmean2": 7.30192899704,
        "dvar": 97.7576599121,
        "dvar2": 182.473052979,
        "max": 274.841430664,
        "mean": 13.1969661713,
        "median": 7.98643112183,
        "min": 1.03244217284e-16,
        "var": 273.282745361
    },
    "melbands_crest": {
        "dmean": 3.42398166656,
        "dmean2": 5.38635015488,
        "dvar": 11.0437574387,
        "dvar2": 25.0240955353,
        "max": 34.8183059692,
        "mean": 16.8598651886,
        "median": 15.9988594055,
        "min": 1.61667978764,
        "var": 38.3200111389
    },
    "melbands_flatness_db": {
        "dmean": 0.0456284955144,
        "dmean2": 0.0620265044272,
        "dvar": 0.00190391228534,
        "dvar2": 0.00360103370622,
        "max": 0.615877091885,
        "mean": 0.286725908518,
        "median": 0.297247827053,
        "min": 0.00220366357826,
        "var": 0.0076554203406
    },
    "melbands_kurtosis": {
        "dmean": 12.7007045746,
        "dmean2": 19.5296783447,
        "dvar": 927.741516113,
        "dvar2": 1985.23339844,
        "max": 764.794921875,
        "mean": 20.9675350189,
        "median": 6.51240444183,
        "min": -1.90831553936,
        "var": 2314.56420898
    },
    "melbands_skewness": {
        "dmean": 0.954084157944,
        "dmean2": 1.41335856915,
        "dvar": 1.49691021442,
        "dvar2": 3.1842508316,
        "max": 21.2416667938,
        "mean": 2.4933784008,
        "median": 1.86678051949,
        "min": -3.95458459854,
        "var": 5.56444501877
    },
    "melbands_spread": {
        "dmean": 5.10711574554,
        "dmean2": 8.10306739807,
        "dvar": 71.7827148438,
        "dvar2": 176.521270752,
        "max": 162.804153442,
        "mean": 14.257358551,
        "median": 9.4499835968,
        "min": 0.269929051399,
        "var": 384.345550537
    },
    "pitch_salience": {
        "dmean": 0.0734344571829,
        "dmean2": 0.11531213671,
        "dvar": 0.00512339733541,
        "dvar2": 0.011952502653,
        "max": 0.879996597767,
        "mean": 0.480287134647,
        "median": 0.473957628012,
        "min": 0.0521887503564,
        "var": 0.0163674522191
    },
    "silence_rate_20dB": {
        "dmean": 0,
        "dmean2": 0,
        "dvar": 0,
        "dvar2": 0,
        "max": 1,
        "mean": 1,
        "median": 1,
        "min": 1,
        "var": 0
    },
    "silence_rate_30dB": {
        "dmean": 0.00144529552199,
        "dmean2": 0.00289100897498,
        "dvar": 0.00144316907972,
        "dvar2": 0.00317161506973,
        "max": 1,
        "mean": 0.998699426651,
        "median": 1,
        "min": 0,
        "var": 0.00129894539714
    },
    "silence_rate_60dB": {
        "dmean": 0.0280387345701,
        "dmean2": 0.056085575372,
        "dvar": 0.0272556692362,
        "dvar2": 0.0639239698648,
        "max": 1,
        "mean": 0.0686416178942,
        "median": 0,
        "min": 0,
        "var": 0.0639303699136
    },
    "spectral_centroid": {
        "dmean": 245.910644531,
        "dmean2": 374.387084961,
        "dvar": 150871.21875,
        "dvar2": 317535.53125,
        "max": 11728.8876953,
        "mean": 957.539428711,
        "median": 617.906738281,
        "min": 125.679107666,
        "var": 2271622.5
    },
    "spectral_complexity": {
        "dmean": 2.90677833557,
        "dmean2": 4.55594110489,
        "dvar": 20.7879390717,
        "dvar2": 51.0215034485,
        "max": 50,
        "mean": 9.50332355499,
        "median": 9,
        "min": 0,
        "var": 33.0158615112
    },
    "spectral_decrease": {
        "dmean": 2.0069466089e-09,
        "dmean2": 2.59126453628e-09,
        "dvar": 5.74281307203e-18,
        "dvar2": 1.00955954468e-17,
        "max": 2.27686976922e-28,
        "mean": -5.96771920769e-09,
        "median": -4.9019277526e-09,
        "min": -4.02311393088e-08,
        "var": 2.10938434652e-17
    },
    "spectral_energy": {
        "dmean": 0.00797020737082,
        "dmean2": 0.0102694109082,
        "dvar": 9.35743228183e-05,
        "dvar2": 0.000164779296028,
        "max": 0.176770225167,
        "mean": 0.0237205028534,
        "median": 0.0194161515683,
        "min": 9.62080522646e-21,
        "var": 0.000341967272107
    },
    "spectral_energyband_high": {
        "dmean": 0.000204884592677,
        "dmean2": 0.000323347601807,
        "dvar": 2.3379939762e-07,
        "dvar2": 5.66738265206e-07,
        "max": 0.00666184956208,
        "mean": 0.00018659455236,
        "median": 2.81200973404e-05,
        "min": 6.75825583994e-21,
        "var": 2.20542474949e-07
    },
    "spectral_energyband_low": {
        "dmean": 0.00332777947187,
        "dmean2": 0.00449616136029,
        "dvar": 3.14141725539e-05,
        "dvar2": 5.23461239936e-05,
        "max": 0.0674314498901,
        "mean": 0.00625026412308,
        "median": 0.0025932029821,
        "min": 1.21398846001e-23,
        "var": 9.06588902581e-05
    },
    "spectral_energyband_middle_high": {
        "dmean": 0.0018312149914,
        "dmean2": 0.00246637128294,
        "dvar": 2.78912630165e-05,
        "dvar2": 5.14462881256e-05,
        "max": 0.173284605145,
        "mean": 0.00364258512855,
        "median": 0.00111588323489,
        "min": 1.17088082137e-21,
        "var": 6.92652611178e-05
    },
    "spectral_energyband_middle_low": {
        "dmean": 0.00471566664055,
        "dmean2": 0.00631084758788,
        "dvar": 4.07614315918e-05,
        "dvar2": 7.26946018403e-05,
        "max": 0.0889968201518,
        "mean": 0.0140743143857,
        "median": 0.0102250911295,
        "min": 1.62824803588e-22,
        "var": 0.000174610322574
    },
    "spectral_entropy": {
        "dmean": 0.405801147223,
        "dmean2": 0.545360088348,
        "dvar": 0.143287852407,
        "dvar2": 0.253699809313,
        "max": 9.82423973083,
        "mean": 6.81965017319,
        "median": 6.66487789154,
        "min": 4.70590257645,
        "var": 0.655553638935
    },
    "spectral_flux": {
        "dmean": 0.0288371928036,
        "dmean2": 0.0453104451299,
        "dvar": 0.000898408121429,
        "dvar2": 0.00209848023951,
        "max": 0.374005526304,
        "mean": 0.0609386116266,
        "median": 0.0520712696016,
        "min": 6.46830297657e-11,
        "var": 0.00149511476047
    },
    "spectral_kurtosis": {
        "dmean": 5.01793670654,
        "dmean2": 7.98999404907,
        "dvar": 30.1402568817,
        "dvar2": 73.8150177002,
        "max": 81.8421401978,
        "mean": 9.36704540253,
        "median": 7.02569723129,
        "min": -1.26123392582,
        "var": 72.3778839111
    },
    "spectral_rms": {
        "dmean": 0.000817808613647,
        "dmean2": 0.0010414699791,
        "dvar": 6.96591143878e-07,
        "dvar2": 1.16653791338e-06,
        "max": 0.0131323551759,
        "mean": 0.0044030402787,
        "median": 0.00435230787843,
        "min": 3.06368277102e-12,
        "var": 3.75520653506e-06
    },
    "spectral_rolloff": {
        "dmean": 325.70715332,
        "dmean2": 582.906921387,
        "dvar": 561162.5,
        "dvar2": 1335773.375,
        "max": 19982.8125,
        "mean": 1152.27380371,
        "median": 602.9296875,
        "min": 21.533203125,
        "var": 6831631
    },
    "spectral_skewness": {
        "dmean": 0.555478155613,
        "dmean2": 0.825878024101,
        "dvar": 0.253825098276,
        "dvar2": 0.558541238308,
        "max": 7.07685518265,
        "mean": 2.1633439064,
        "median": 2.11778950691,
        "min": -0.0918573662639,
        "var": 0.915176093578
    },
    "spectral_spread": {
        "dmean": 726247.5625,
        "dmean2": 1025572.125,
        "dvar": 679241908224,
        "dvar2": 1.18445296845e+12,
        "max": 42693328,
        "mean": 4332292,
        "median": 3414868.75,
        "min": 1154183.125,
        "var": 2.78550963814e+13
    },
    "spectral_strongpeak": {
        "dmean": 0.55341053009,
        "dmean2": 0.847659945488,
        "dvar": 1.00447177887,
        "dvar2": 2.04844808578,
        "max": 23.0061626434,
        "mean": 1.37826621532,
        "median": 0.800408244133,
        "min": 0,
        "var": 2.70972967148
    },
    "zerocrossingrate": {
        "dmean": 0.00881263334304,
        "dmean2": 0.010965930298,
        "dvar": 0.000138494942803,
        "dvar2": 0.000204193536774,
        "max": 0.52685546875,
        "mean": 0.0431807860732,
        "median": 0.02978515625,
        "min": 0.00439453125,
        "var": 0.00461274199188
    },
    "barkbands": {
        "dmean": [6.11608311374e-06, 0.00100238982122, 0.00240126159042, 0.000362054735888, 0.00159762718249, 0.000915746379178, 0.00123581208754, 0.00100146967452, 0.0011975140078, 0.000387504231185, 0.000249380187597, 0.000328845897457, 0.000383782607969, 0.00040750822518, 0.00015926877677, 0.000124930054881, 8.5699641204e-05, 0.00012314945343, 5.57964413019e-05, 5.68806863157e-05, 7.8874596511e-05, 3.94446433347e-05, 2.38754073507e-05, 2.25436742767e-05, 1.43739507621e-05, 1.65983169609e-06, 5.50617373918e-09],
        "dmean2": [9.69050506683e-06, 0.00147624663077, 0.00321753253229, 0.000580396852456, 0.00234245415777, 0.00128610548563, 0.00162902334705, 0.00134626950603, 0.00156936235726, 0.000547909934539, 0.000328177411575, 0.000455077650258, 0.000549834279809, 0.000523979368154, 0.000225270661758, 0.000187632613233, 0.000129880587338, 0.000187719269888, 8.92866373761e-05, 9.06936547835e-05, 0.0001253929222, 6.29420974292e-05, 3.83963488275e-05, 3.54227013304e-05, 2.28965654969e-05, 2.62506637227e-06, 9.93161020091e-09],
        "dvar": [4.89253498825e-11, 2.48757100962e-06, 2.01809161808e-05, 3.81273650873e-07, 6.61823469272e-06, 3.5943066905e-06, 7.28409895601e-06, 7.03406567482e-06, 1.47017335621e-05, 5.38470476386e-06, 2.50639936894e-06, 1.84478074061e-06, 5.35933304491e-06, 7.64822198107e-06, 5.49185585896e-07, 7.61689193496e-07, 6.63083170593e-08, 3.09236696694e-07, 2.74461147143e-08, 2.11943902428e-08, 3.6349486976e-08, 9.19280385148e-09, 3.30806271265e-09, 2.90342971887e-09, 1.3305803126e-09, 1.96919234391e-11, 5.77999507218e-16],
        "dvar2": [1.26265234379e-10, 5.21941637999e-06, 3.34917203872e-05, 9.37279594382e-07, 1.3860530089e-05, 7.58973828852e-06, 1.19425831144e-05, 1.14476761155e-05, 2.40025383391e-05, 1.02980839074e-05, 3.98970905735e-06, 3.11903272632e-06, 1.22753444884e-05, 1.27991743284e-05, 1.0492178717e-06, 1.71785097791e-06, 1.42431616723e-07, 6.01929116328e-07, 5.8615025722e-08, 5.32217221405e-08, 8.96756731095e-08, 2.25954881472e-08, 7.98706345506e-09, 6.84736622958e-09, 3.16564974234e-09, 4.58471142994e-11, 1.53380037875e-15],
        "max": [9.4688628451e-05, 0.021841224283, 0.0536180362105, 0.0172560643405, 0.0398723520339, 0.0602706596255, 0.0582223571837, 0.0582667849958, 0.0700758695602, 0.0845867246389, 0.0603034496307, 0.0626100003719, 0.112724468112, 0.172650769353, 0.0299438182265, 0.0474815815687, 0.00777545338497, 0.0230841860175, 0.00779397040606, 0.00278777815402, 0.00236748252064, 0.00134343898389, 0.000668901542667, 0.000575088546611, 0.000419464660808, 9.71512054093e-05, 5.73338581944e-07],
        "mean": [9.23601783143e-06, 0.00194211304188, 0.00403395341709, 0.000586074253079, 0.00340887857601, 0.00179131922778, 0.00275371712632, 0.0023454555776, 0.0028115354944, 0.000817705295049, 0.00042259786278, 0.000544255715795, 0.000586406094953, 0.00066724413773, 0.000279866158962, 0.000159911942319, 0.000124020778458, 0.000164127603057, 5.69441108382e-05, 5.39792745258e-05, 7.19430972822e-05, 3.4908640373e-05, 2.09339323192e-05, 1.97916269826e-05, 1.21307302834e-05, 1.50198559368e-06, 4.07573708117e-09],
        "median": [5.9885887822e-06, 0.000687580904923, 0.00117151089944, 0.000261430512182, 0.00145760318264, 0.000477840134408, 0.000406069506425, 0.000259146210738, 0.000206900484045, 6.15645403741e-05, 5.02333896293e-05, 7.11594184395e-05, 7.48946040403e-05, 4.86306307721e-05, 2.398882134e-05, 1.62625474331e-05, 1.6936848624e-05, 1.47863147504e-05, 9.50570574787e-06, 8.43841189635e-06, 1.07408777694e-05, 4.85476630274e-06, 2.43397198574e-06, 1.6705332655e-06, 6.43525879696e-07, 1.94265282971e-07, 4.83202033941e-10],
        "min": [3.25720914285e-25, 2.45410367765e-24, 9.33178817008e-26, 1.52818213446e-24, 5.38420365894e-24, 4.65480353888e-24, 4.28211290952e-24, 8.66777801235e-24, 1.75126016554e-23, 1.44873973922e-23, 1.31570923384e-23, 2.32543478421e-23, 3.07500946972e-23, 3.56740161618e-23, 3.13688393259e-23, 4.04776174056e-23, 6.26091195679e-23, 9.09077122507e-23, 1.10484172827e-22, 1.43173319184e-22, 2.55889816911e-22, 2.20843793984e-22, 4.11582964506e-22, 5.1351189664e-22, 8.04696991282e-22, 1.30097799481e-21, 1.64900373622e-21],
        "var": [9.59560417235e-11, 7.4856639003e-06, 5.34341124876e-05, 9.23290315313e-07, 2.28463304666e-05, 1.06246170617e-05, 2.80153926724e-05, 2.8351736546e-05, 5.52957972104e-05, 1.58432922035e-05, 6.35201604382e-06, 4.40902704213e-06, 7.20290427125e-06, 1.50951736941e-05, 1.40653401104e-06, 9.63954562394e-07, 1.72353409766e-07, 5.3341631201e-07, 3.80222076046e-08, 2.00380974036e-08, 3.34917658051e-08, 8.36618951894e-09, 3.08622638556e-09, 2.88905455115e-09, 1.28401989041e-09, 1.98701645415e-11, 4.57878800352e-16]
    },
    "erbbands": {
        "dmean": [0.00808031018823, 0.330263644457, 2.61450743675, 1.54418003559, 3.43345594406, 6.68230247498, 5.34256601334, 8.15334606171, 13.610657692, 18.4457740784, 27.9261112213, 24.285364151, 14.3964548111, 9.89342308044, 8.15456581116, 13.0424509048, 18.3752746582, 23.993850708, 9.37926959991, 6.26644420624, 7.50405740738, 4.42001771927, 6.55299282074, 4.28212738037, 2.59419608116, 2.58136510849, 3.32027125359, 2.61258745193, 1.46473777294, 0.967700302601, 0.654493331909, 0.46555891633, 0.399774253368, 0.209794431925, 0.0722709819674, 0.014708395116, 0.00188268581405, 9.19023514143e-05, 6.75502815284e-06, 9.30920305109e-06],
        "dmean2": [0.0127720255405, 0.469708919525, 3.45880794525, 2.23377776146, 5.10528230667, 9.73760890961, 7.77979898453, 11.3954391479, 18.0182380676, 25.4321174622, 36.0394210815, 31.8057384491, 19.9629878998, 13.3981990814, 11.3966569901, 17.8251304626, 25.5252685547, 31.0390605927, 12.9772729874, 8.95412063599, 11.1403055191, 6.7241063118, 9.82727718353, 6.43697452545, 4.17691850662, 4.13453960419, 5.32535552979, 4.16286897659, 2.3419687748, 1.54886364937, 1.04694759846, 0.736238598824, 0.628117084503, 0.333361834288, 0.115060806274, 0.0233772452921, 0.00296282675117, 0.000142447679536, 9.35890420806e-06, 1.19962132885e-05],
        "dvar": [0.00012094489648, 0.273846238852, 22.704492569, 5.48514842987, 29.2495937347, 175.947189331, 100.822113037, 390.182098389, 814.212341309, 1624.36938477, 6367.75585938, 7258.43896484, 5318.03857422, 3391.52026367, 3483.09716797, 2345.01318359, 6853.66894531, 26347.5800781, 1345.5736084, 553.447875977, 3031.52099609, 130.540512085, 918.326477051, 313.545715332, 44.7055130005, 43.8136024475, 67.7509460449, 40.0871162415, 12.9445552826, 5.63561105728, 2.49210095406, 1.27998292446, 0.935592055321, 0.275684684515, 0.034523177892, 0.00150709156878, 2.41602447204e-05, 6.5555184392e-08, 1.08570472057e-10, 1.30072771998e-10],
        "dvar2": [0.000303711654851, 0.526252269745, 36.503528595, 11.3504905701, 64.8281707764, 349.951843262, 202.217636108, 811.198242188, 1374.38928223, 3085.58398438, 9896.19628906, 11413.7978516, 9140.64355469, 5587.75097656, 7056.92529297, 3679.92504883, 14425.1494141, 44727.328125, 2480.35693359, 981.590148926, 7305.99121094, 288.250823975, 1915.41931152, 657.923950195, 111.769538879, 111.378135681, 170.416381836, 99.397277832, 31.8212165833, 13.8391237259, 6.02790784836, 3.08615851402, 2.19723892212, 0.653984248638, 0.0824877992272, 0.00354712898843, 5.50736804144e-05, 1.47252251281e-07, 2.37309644158e-10, 2.31849303645e-10],
        "max": [0.138653710485, 6.47168540955, 58.2076721191, 27.3652191162, 87.3671188354, 211.104095459, 231.842178345, 642.333312988, 694.670043945, 742.564331055, 1588.19567871, 1976.59350586, 2294.33740234, 2177.23876953, 2863.44140625, 2222.35571289, 3351.24682617, 8912.38867188, 1665.50463867, 770.436767578, 3168.91479492, 348.056854248, 1232.2322998, 720.326843262, 112.382865906, 117.992736816, 118.511947632, 75.3792724609, 51.3549385071, 30.884929657, 20.0301036835, 15.4556713104, 13.9640102386, 6.62789058685, 2.69486832619, 0.752066969872, 0.106395788491, 0.00704774400219, 0.00023497561051, 0.000225940355449],
        "mean": [0.0144791705534, 0.642013549805, 4.59333467484, 2.69216275215, 6.40733528137, 14.5059747696, 10.9443950653, 15.7791109085, 30.1669540405, 43.6249313354, 68.6206054688, 56.8640480042, 32.6481399536, 22.3456630707, 13.1036052704, 22.6007995605, 29.9022960663, 40.3745803833, 17.0529079437, 10.2882900238, 10.0162467957, 6.39901781082, 8.99490070343, 5.24139261246, 2.6346886158, 2.40065670013, 2.9983022213, 2.38355970383, 1.30835652351, 0.84839785099, 0.571093916893, 0.410399764776, 0.346516788006, 0.178964287043, 0.0604648478329, 0.0124983387068, 0.0019595627673, 9.1240479378e-05, 1.51010226546e-05, 2.75418769888e-05],
        "median": [0.00763951987028, 0.226601287723, 1.36770558357, 1.48876488209, 2.8770608902, 4.22514915466, 4.37855863571, 4.12008571625, 6.15579223633, 9.54149627686, 8.91722106934, 6.63719940186, 3.13139820099, 2.92460584641, 3.03003549576, 3.91866922379, 5.01289367676, 4.86727190018, 2.39833259583, 1.62397348881, 1.31682419777, 1.07939279079, 0.885292649269, 0.650039076805, 0.432044029236, 0.393997848034, 0.444631457329, 0.374712646008, 0.193566769361, 0.108162537217, 0.0644547045231, 0.0412043184042, 0.0250598099083, 0.0103233829141, 0.00312441959977, 0.000818655127659, 0.000521294772625, 1.68881815625e-05, 1.09889952e-05, 2.24648174481e-05],
        "min": [1.0692118473e-22, 5.96496731721e-22, 1.08106710142e-21, 3.36702394116e-21, 8.9787515124e-21, 2.18186690331e-20, 4.36172498558e-20, 3.48390250184e-20, 1.03021080143e-19, 1.62662172326e-19, 1.63850869641e-19, 3.81160974705e-19, 5.52267859754e-19, 5.36384802921e-19, 9.57957143615e-19, 1.15474558269e-18, 1.37636298522e-18, 2.02563876151e-18, 1.94309502857e-18, 2.44148851163e-18, 3.9724662358e-18, 3.70321315614e-18, 5.41799827064e-18, 6.4321055716e-18, 6.61264394415e-18, 7.39082899466e-18, 8.05065111696e-18, 1.17074164273e-17, 7.60492318952e-18, 9.82950798734e-18, 1.25712105354e-17, 1.1200621064e-17, 8.88398347173e-18, 7.77816293393e-18, 6.11160865301e-18, 4.11788417389e-18, 2.30766288943e-18, 9.28621079793e-19, 2.45498830602e-19, 2.54408961667e-20],
        "var": [0.000273431185633, 0.864295780659, 65.4166259766, 11.9002370834, 74.5830459595, 651.731445312, 365.229827881, 1038.89001465, 2991.47924805, 6192.59619141, 26075.7988281, 26253.1972656, 17898.4921875, 13632.8945312, 5083.89208984, 6178.79492188, 11792.7998047, 51976.8085938, 3514.15209961, 1302.87719727, 3447.25732422, 316.438415527, 1514.84912109, 598.12109375, 50.3235702515, 38.5681419373, 59.8738479614, 36.2222976685, 11.7209634781, 5.09014081955, 2.33475804329, 1.21979403496, 0.942294955254, 0.267458289862, 0.03329609707, 0.00147680670489, 2.61584755208e-05, 7.7241580243e-08, 2.107713587e-10, 4.70380623341e-10]
    },
    "gfcc": {
        "mean": [-96.3721008301, 132.884262085, -113.096305847, 26.7075843811, -61.8782844543, 9.01570892334, -33.8332443237, -3.03559064865, -17.2743530273, -0.401547580957, -12.0746250153, -12.887087822, -11.0142021179],
        "cov": [[28233.171875, 2611.68383789, -3353.54736328, 503.464019775, -1662.90332031, 134.989944458, -1062.49047852, -2.19055867195, -470.535308838, -5.31154441833, -260.375274658, -376.979431152, -218.268157959], [2611.68383789, 1681.56347656, -152.045440674, -483.870452881, 41.3397140503, -162.770523071, 10.2579603195, -279.291564941, 140.8956604, -41.6269874573, 102.495910645, -85.2990341187, -28.6271591187], [-3353.54736328, -152.045440674, 1196.65527344, 398.226989746, 108.176795959, 118.827774048, 175.850418091, -42.0554580688, -38.0730552673, -9.44100856781, 53.4754486084, 73.3496017456, 62.2218170166], [503.464019775, -483.870452881, 398.226989746, 819.174682617, -15.82335186, 215.608078003, 30.0568008423, 140.169372559, -148.625106812, -26.403711319, -59.1830024719, 38.2423362732, 6.84581422806], [-1662.90332031, 41.3397140503, 108.176795959, -15.82335186, 462.039215088, 47.6435089111, 171.155410767, 7.88847351074, 93.7966308594, -57.1004257202, -0.39445361495, -22.1312675476, -16.3275547028], [134.989944458, -162.770523071, 118.827774048, 215.608078003, 47.6435089111, 226.936309814, 86.4031829834, 65.8791656494, -58.6465568542, -20.1281089783, -36.9118270874, 0.605297148228, 12.666437149], [-1062.49047852, 10.2579603195, 175.850418091, 30.0568008423, 171.155410767, 86.4031829834, 223.24597168, 71.5778961182, 48.6127815247, -54.6532745361, -30.3982639313, -26.2654399872, 4.38689136505], [-2.19055867195, -279.291564941, -42.0554580688, 140.169372559, 7.88847351074, 65.8791656494, 71.5778961182, 201.401748657, 37.5678939819, -7.59977436066, -71.2137374878, -17.0502243042, -14.8351774216], [-470.535308838, 140.8956604, -38.0730552673, -148.625106812, 93.7966308594, -58.6465568542, 48.6127815247, 37.5678939819, 168.000137329, 57.7941665649, 16.1162395477, -55.2733459473, -47.8669166565], [-5.31154441833, -41.6269874573, -9.44100856781, -26.403711319, -57.1004257202, -20.1281089783, -54.6532745361, -7.59977436066, 57.7941665649, 155.103500366, 65.6802902222, -4.49932765961, -54.4626541138], [-260.375274658, 102.495910645, 53.4754486084, -59.1830024719, -0.39445361495, -36.9118270874, -30.3982639313, -71.2137374878, 16.1162395477, 65.6802902222, 126.164573669, 61.3658447266, -6.1171836853], [-376.979431152, -85.2990341187, 73.3496017456, 38.2423362732, -22.1312675476, 0.605297148228, -26.2654399872, -17.0502243042, -55.2733459473, -4.49932765961, 61.3658447266, 138.596832275, 60.470867157], [-218.268157959, -28.6271591187, 62.2218170166, 6.84581422806, -16.3275547028, 12.666437149, 4.38689136505, -14.8351774216, -47.8669166565, -54.4626541138, -6.1171836853, 60.470867157, 104.994346619]],
        "icov": [[0.00038657974801, -0.0010497336043, 0.00109884387348, -0.000969752436504, 0.000755905814003, -0.000720282027032, 0.000959181052167, -0.000835087732412, 0.000868330709636, -0.000207118690014, -9.65380240814e-05, 0.000753061496653, -0.000175075110747], [-0.0010497336043, 0.0041269371286, -0.00268350937404, 0.00248054717667, -0.00123517983593, 0.00155348714907, -0.00324805476703, 0.00482379551977, -0.00485688867047, 0.00248551531695, -0.000591143267229, -0.00178276537918, 0.000876707665157], [0.00109884387348, -0.00268350937404, 0.00479779485613, -0.00402092980221, 0.00267306761816, -0.00186293583829, 0.000503316347022, 0.00012124949717, 0.000982647878118, -0.000756618625019, -0.000342056853697, 0.00150540680625, -0.00122334423941], [-0.000969752436504, 0.00248054717667, -0.00402092980221, 0.0056008300744, -0.00273102615029, 0.000594218028709, -0.000407363491831, -0.00151744065806, 0.00136732752435, 0.000169458333403, -4.10189313698e-05, -0.0012882121373, 0.00143510114867], [0.000755905814003, -0.00123517983593, 0.00267306761816, -0.00273102615029, 0.00615513371304, -0.00270925206132, -0.00100195896812, 0.00257498188876, -0.0040646023117, 0.00328465318307, -0.000432586326497, -0.000204134557862, 0.00146144093014], [-0.000720282027032, 0.00155348714907, -0.00186293583829, 0.000594218028709, -0.00270925206132, 0.0103084137663, -0.00554988440126, -0.000744011369534, 0.00453322380781, -0.00384435663, 0.000830096309073, 0.000181106239324, -0.00153007020708], [0.000959181052167, -0.00324805476703, 0.000503316347022, -0.000407363491831, -0.00100195896812, -0.00554988440126, 0.0150828612968, -0.00839335191995, 0.00165141560137, 0.00332378852181, -0.00260267686099, 0.00434548035264, -0.000643119623419], [-0.000835087732412, 0.00482379551977, 0.00012124949717, -0.00151744065806, 0.00257498188876, -0.000744011369534, -0.00839335191995, 0.0211964175105, -0.0154445050284, 0.00334843574092, 0.00793238822371, -0.00863982643932, 0.00357608078048], [0.000868330709636, -0.00485688867047, 0.000982647878118, 0.00136732752435, -0.0040646023117, 0.00453322380781, 0.00165141560137, -0.0154445050284, 0.0272948164493, -0.0115854358301, -0.00316999247298, 0.00932991784066, -0.00274489470758], [-0.000207118690014, 0.00248551531695, -0.000756618625019, 0.000169458333403, 0.00328465318307, -0.00384435663, 0.00332378852181, 0.00334843574092, -0.0115854358301, 0.0193626098335, -0.00883734319359, 0.000135557085741, 0.00616228627041], [-9.65380240814e-05, -0.000591143267229, -0.000342056853697, -4.10189313698e-05, -0.000432586326497, 0.000830096309073, -0.00260267686099, 0.00793238822371, -0.00316999247298, -0.00883734319359, 0.0247622653842, -0.0146025447175, 0.00472930073738], [0.000753061496653, -0.00178276537918, 0.00150540680625, -0.0012882121373, -0.000204134557862, 0.000181106239324, 0.00434548035264, -0.00863982643932, 0.00932991784066, 0.000135557085741, -0.0146025447175, 0.0222309362143, -0.0105153592303], [-0.000175075110747, 0.000876707665157, -0.00122334423941, 0.00143510114867, 0.00146144093014, -0.00153007020708, -0.000643119623419, 0.00357608078048, -0.00274489470758, 0.00616228627041, 0.00472930073738, -0.0105153592303, 0.0192517191172]]
    },
    "melbands": {
        "dmean": [0.000162840253324, 0.0010265018791, 0.000305535591906, 0.000394934235374, 0.000194216816453, 0.000183195850695, 0.000224410541705, 0.000198730980628, 0.000249158765655, 0.000151456959429, 7.06404825905e-05, 4.06733779528e-05, 2.69374559139e-05, 2.40303525061e-05, 4.29402207374e-05, 4.76946115668e-05, 4.65136763523e-05, 1.40144438774e-05, 1.34070887725e-05, 7.27481483409e-06, 9.42156657402e-06, 4.70418308396e-06, 5.80940104555e-06, 5.14748990099e-06, 3.44914451489e-06, 1.87161504073e-06, 2.00383510673e-06, 1.63962056376e-06, 1.9650710783e-06, 2.15496584133e-06, 1.32847048917e-06, 8.3311471144e-07, 6.97776556535e-07, 4.75511342302e-07, 3.72192374698e-07, 3.50651703229e-07, 2.61392216316e-07, 2.90955199489e-07, 2.4124886977e-07, 1.62568085216e-07],
        "dmean2": [0.000246212439379, 0.00136917852797, 0.000437844195403, 0.000580557854846, 0.000281722721411, 0.000255269696936, 0.000293582386803, 0.000273076555459, 0.000319292186759, 0.000199721223908, 9.94579750113e-05, 5.63556495763e-05, 3.67861684936e-05, 3.4688400774e-05, 5.82045613555e-05, 6.6726206569e-05, 5.92599535594e-05, 1.97582940018e-05, 1.88805988728e-05, 1.07971081889e-05, 1.42336230056e-05, 7.15457190381e-06, 8.89266357262e-06, 7.94707375462e-06, 5.23355947735e-06, 3.06914012072e-06, 3.19087371281e-06, 2.68068833975e-06, 3.20984531754e-06, 3.42910038853e-06, 2.14267129195e-06, 1.34420213271e-06, 1.12083694148e-06, 7.73260467213e-07, 5.98797953444e-07, 5.56724273792e-07, 4.15782125174e-07, 4.61067315882e-07, 3.81576370501e-07, 2.60688523213e-07],
        "dvar": [5.98057283696e-08, 3.24981374433e-06, 1.75057195406e-07, 4.37481304516e-07, 1.07083288015e-07, 1.65696704357e-07, 2.20364967163e-07, 1.76609390223e-07, 5.42454927199e-07, 3.23456845308e-07, 1.38743047273e-07, 6.17028632632e-08, 3.15562189712e-08, 9.46502609622e-09, 4.04588327285e-08, 9.51457508336e-08, 1.05839760067e-07, 4.5650008218e-09, 4.92705787281e-09, 1.50936663168e-09, 6.22559026553e-09, 1.85337217795e-10, 6.44445219411e-10, 7.41437744534e-10, 2.30539018431e-10, 2.47014648319e-11, 2.90843269607e-11, 1.94269756532e-11, 2.49470912678e-11, 2.8977226868e-11, 1.04670204795e-11, 4.23959261794e-12, 3.14599236419e-12, 1.42695848627e-12, 8.43860571698e-13, 7.62915555383e-13, 4.16143925959e-13, 5.12273220805e-13, 3.70181912467e-13, 1.75262378937e-13],
        "dvar2": [1.33721556494e-07, 5.29648377778e-06, 3.54454471108e-07, 9.07176456622e-07, 2.23748671146e-07, 3.49360533392e-07, 3.59227385616e-07, 3.34252035827e-07, 8.39828999233e-07, 5.13511679401e-07, 2.4484234018e-07, 1.11573456252e-07, 6.0721816908e-08, 2.03967847057e-08, 6.33316901144e-08, 2.0568145942e-07, 1.73647549673e-07, 8.48689385435e-09, 8.92516638373e-09, 2.81057466189e-09, 1.53276040749e-08, 4.1302053444e-10, 1.37316191751e-09, 1.40579403674e-09, 4.86244822184e-10, 6.3689949148e-11, 7.01251556823e-11, 5.0764000642e-11, 6.44078540502e-11, 7.14822437353e-11, 2.61853715794e-11, 1.05204256765e-11, 7.76859913204e-12, 3.54347670997e-12, 2.07541817933e-12, 1.86253117963e-12, 1.01456516799e-12, 1.21241840352e-12, 8.85933904363e-13, 4.214993968e-13],
        "max": [0.0035098977387, 0.0220920648426, 0.00605032639578, 0.010792311281, 0.00598276639357, 0.0130478460342, 0.00948169734329, 0.00840880628675, 0.0124193597585, 0.0135221630335, 0.0113714057952, 0.00805959757417, 0.00854721199721, 0.00432895403355, 0.00985768344253, 0.0139365382493, 0.0205058027059, 0.00341882184148, 0.00284720724449, 0.0014516148949, 0.00467366166413, 0.000375938951038, 0.000712315842975, 0.00144153018482, 0.00062912836438, 9.52632908593e-05, 0.000106004721601, 8.7584288849e-05, 8.45291506266e-05, 6.25891698292e-05, 4.30893414887e-05, 2.95012105198e-05, 2.30684563576e-05, 1.50909436343e-05, 1.10539986053e-05, 1.26822478705e-05, 8.43295856612e-06, 1.09424154289e-05, 7.7542690633e-06, 4.73512955068e-06],
        "mean": [0.000312070042128, 0.00186458951794, 0.000565951399039, 0.000818109663669, 0.000424673722591, 0.000360639649443, 0.000503877061419, 0.000470543018309, 0.000604679808021, 0.000345166015904, 0.000154530935106, 8.92076568562e-05, 4.37895942014e-05, 3.96437098971e-05, 7.36013971618e-05, 7.12692490197e-05, 7.67157180235e-05, 2.44083166763e-05, 2.29669622058e-05, 9.6706316981e-06, 1.19445658129e-05, 6.45245063424e-06, 8.34973889141e-06, 6.71241332384e-06, 4.07737024943e-06, 1.8172519276e-06, 1.94442122847e-06, 1.46167656112e-06, 1.74008664544e-06, 1.94597760128e-06, 1.19805861232e-06, 7.38207006634e-07, 6.10755364505e-07, 4.1078632762e-07, 3.18856592685e-07, 3.10301572881e-07, 2.26286573479e-07, 2.51213975844e-07, 2.06875299114e-07, 1.36275218665e-07],
        "median": [0.00012733580661, 0.000620683305897, 0.000321312225424, 0.000314770295518, 0.000177011781489, 9.15275886655e-05, 9.09049849724e-05, 7.19116942491e-05, 4.71998719149e-05, 3.23972853948e-05, 1.00980169009e-05, 8.74994748301e-06, 6.95408380125e-06, 8.83726079337e-06, 7.6966598499e-06, 7.71125723986e-06, 6.07705351285e-06, 2.71338285529e-06, 1.84155487659e-06, 1.19319747682e-06, 1.16097999125e-06, 9.90242824628e-07, 7.38707910841e-07, 6.35731453258e-07, 4.46638011908e-07, 2.70677418257e-07, 2.64475602307e-07, 2.30750899277e-07, 2.62069761447e-07, 2.46279455496e-07, 1.92576123936e-07, 1.07495097268e-07, 7.55271543085e-08, 5.10134796627e-08, 3.6030435524e-08, 3.27490923269e-08, 2.14941202614e-08, 1.84232895606e-08, 1.29247776925e-08, 7.32902760703e-09],
        "min": [1.323514835e-24, 9.83645749685e-25, 5.42354937848e-25, 1.36500724229e-24, 1.34324907801e-24, 9.49807758371e-25, 1.48551215505e-24, 2.23521055367e-24, 8.83260635698e-25, 2.30801709041e-24, 2.66499794927e-24, 1.78438719596e-24, 3.09733612661e-24, 2.76019393622e-24, 2.39623639152e-24, 2.80794625061e-24, 3.24638902806e-24, 2.57481970932e-24, 2.82597724433e-24, 4.11722993628e-24, 3.99962931354e-24, 3.74642389563e-24, 3.29412240979e-24, 3.73629452717e-24, 4.49805174941e-24, 4.23919729856e-24, 3.90090573783e-24, 4.77014999158e-24, 3.84707268637e-24, 4.96271527728e-24, 4.57932098873e-24, 4.12374434963e-24, 4.64979269441e-24, 4.87306912401e-24, 6.01743492933e-24, 5.62288969746e-24, 5.7557701615e-24, 6.3614196992e-24, 5.23655453546e-24, 7.03188796534e-24],
        "var": [1.65644920003e-07, 9.62511512625e-06, 4.46296638756e-07, 1.51141080096e-06, 3.84759459848e-07, 4.63816263618e-07, 8.4799120259e-07, 7.30652971015e-07, 2.25554231292e-06, 1.12101758987e-06, 4.48601610969e-07, 2.32888297091e-07, 5.55278170111e-08, 1.51865116038e-08, 1.06100721098e-07, 1.37560490998e-07, 2.12055880411e-07, 1.06332667116e-08, 1.17979848113e-08, 2.64858823762e-09, 6.41860786743e-09, 3.56992019279e-10, 1.31179178631e-09, 1.18408483019e-09, 4.34347169342e-10, 2.74483630269e-11, 3.22031394606e-11, 1.56050034006e-11, 2.05996261715e-11, 2.68682142507e-11, 9.22325410491e-12, 3.77264625789e-12, 2.80344454248e-12, 1.24559986891e-12, 7.58299347793e-13, 7.16540487968e-13, 3.85799194241e-13, 5.05988263441e-13, 3.58092489038e-13, 1.64252400743e-13]
    },
    "mfcc": {
        "mean": [-727.048461914, 152.637771606, 8.85762214661, 22.3609523773, -2.59064936638, 8.82724189758, -3.41414356232, -4.29064750671, -2.52005076408, -0.316440790892, 3.03491568565, 4.78355741501, -7.86358880997],
        "cov": [[8797.16699219, 721.929443359, -443.136749268, 3.46751904488, -192.49671936, -236.37437439, -219.120117188, -198.072891235, -73.3941421509, -112.327911377, -13.4496192932, 106.431762695, -89.1479644775], [721.929443359, 2303.41699219, -146.461471558, -235.485076904, -70.8368988037, 67.960067749, -166.981658936, -127.146942139, -121.748001099, -39.5486221313, 65.5836486816, 77.9441299438, -20.8039360046], [-443.136749268, -146.461471558, 809.93359375, 286.750915527, 33.5814285278, 153.07598877, 144.811645508, 43.3214454651, 2.492882967, -2.76454687119, -81.8394470215, -60.1886367798, 106.729629517], [3.46751904488, -235.485076904, 286.750915527, 409.389862061, 147.474502563, 99.3185348511, 120.603981018, 108.254714966, 64.4661636353, 12.9644422531, -8.44941139221, 8.81684303284, 30.383890152], [-192.49671936, -70.8368988037, 33.5814285278, 147.474502563, 190.497161865, 100.285827637, 71.0456161499, 70.2380828857, 36.6034545898, 11.5726222992, 13.4097290039, 4.027115345, 0.970670878887], [-236.37437439, 67.960067749, 153.07598877, 99.3185348511, 100.285827637, 188.241348267, 123.86164093, 51.0037117004, 11.3101568222, 10.136639595, -5.93037748337, -12.5567140579, 10.1992444992], [-219.120117188, -166.981658936, 144.811645508, 120.603981018, 71.0456161499, 123.86164093, 182.919815063, 124.641036987, 57.2121887207, 16.4440994263, -24.3740253448, -33.5942001343, -4.5665435791], [-198.072891235, -127.146942139, 43.3214454651, 108.254714966, 70.2380828857, 51.0037117004, 124.641036987, 198.036056519, 117.57006073, 26.0046386719, -16.6530475616, -31.9966602325, -30.0795211792], [-73.3941421509, -121.748001099, 2.492882967, 64.4661636353, 36.6034545898, 11.3101568222, 57.2121887207, 117.57006073, 159.35647583, 92.8675231934, 17.8258342743, -25.3134708405, -44.5673599243], [-112.327911377, -39.5486221313, -2.76454687119, 12.9644422531, 11.5726222992, 10.136639595, 16.4440994263, 26.0046386719, 92.8675231934, 154.182754517, 87.1985397339, -8.51949501038, -46.3746261597], [-13.4496192932, 65.5836486816, -81.8394470215, -8.44941139221, 13.4097290039, -5.93037748337, -24.3740253448, -16.6530475616, 17.8258342743, 87.1985397339, 153.510742188, 88.326965332, -15.3674097061], [106.431762695, 77.9441299438, -60.1886367798, 8.81684303284, 4.027115345, -12.5567140579, -33.5942001343, -31.9966602325, -25.3134708405, -8.51949501038, 88.326965332, 164.083145142, 73.5933151245], [-89.1479644775, -20.8039360046, 106.729629517, 30.383890152, 0.970670878887, 10.1992444992, -4.5665435791, -30.0795211792, -44.5673599243, -46.3746261597, -15.3674097061, 73.5933151245, 149.805053711]],
