{
"lowlevel": {
    "average_loudness": 0.886700093746,
    "barkbands_crest": {
        "dmean": 2.22281765938,
        "dmean2": 3.55259871483,
        "dvar": 4.77497243881,
        "dvar2": 11.6253757477,
        "max": 25.5651187897,
        "mean": 8.71478652954,
        "median": 8.13386440277,
        "min": 2.29207110405,
        "var": 11.0249919891
    },
    "barkbands_flatness_db": {
        "dmean": 0.0194690413773,
        "dmean2": 0.0279249288142,
        "dvar": 0.00033064748277,
        "dvar2": 0.00064124155324,
        "max": 0.301321685314,
        "mean": 0.111794471741,
        "median": 0.108129411936,
        "min": 0.0201015602797,
        "var": 0.00160509138368
    },
    "barkbands_kurtosis": {
        "dmean": 1.43942058086,
        "dmean2": 2.27267718315,
        "dvar": 3.55768966675,
        "dvar2": 8.4700345993,
        "max": 50.7984390259,
        "mean": 2.09053373337,
        "median": 1.37717914581,
        "min": -1.84677040577,
        "var": 8.20983982086
    },
    "barkbands_skewness": {
        "dmean": 0.385566055775,
        "dmean2": 0.599668741226,
        "dvar": 0.151407048106,
        "dvar2": 0.356834411621,
        "max": 4.44364213943,
        "mean": 1.10146009922,
        "median": 1.0772767067,
        "min": -2.19183254242,
        "var": 0.656614601612
    },
    "barkbands_spread": {
        "dmean": 6.7242603302,
        "dmean2": 10.1424503326,
        "dvar": 74.7572479248,
        "dvar2": 155.595123291,
        "max": 124.778160095,
        "mean": 23.9531021118,
        "median": 18.5258560181,
        "min": 2.60306739807,
        "var": 246.483901978
    },
    "dissonance": {
        "dmean": 0.026696966961,
        "dmean2": 0.0446873530746,
        "dvar": 0.000633266346995,
        "dvar2": 0.00163935811725,
        "max": 0.499992460012,
        "mean": 0.44755205512,
        "median": 0.454946905375,
        "min": 0.244062006474,
        "var": 0.00125990819652
    },
    "dynamic_complexity": 5.49189519882,
    "erbbands_crest": {
        "dmean": 2.40406274796,
        "dmean2": 3.74585485458,
        "dvar": 5.55131244659,
        "dvar2": 12.6295413971,
        "max": 33.8810462952,
        "mean": 9.27887153625,
        "median": 8.69578170776,
        "min": 1.90127515793,
        "var": 18.75299263
    },
    "erbbands_flatness_db": {
        "dmean": 0.0215307269245,
        "dmean2": 0.0290622469038,
        "dvar": 0.000484559161123,
        "dvar2": 0.000796490756329,
        "max": 0.329107016325,
        "mean": 0.151365473866,
        "median": 0.150250017643,
        "min": 0.039381429553,
        "var": 0.00327993649989
    },
    "erbbands_kurtosis": {
        "dmean": 0.995182514191,
        "dmean2": 1.53144192696,
        "dvar": 2.76621556282,
        "dvar2": 5.28864479065,
        "max": 84.1086578369,
        "mean": 1.08310580254,
        "median": 0.553448677063,
        "min": -1.78922760487,
        "var": 8.50391101837
    },
    "erbbands_skewness": {
        "dmean": 0.32537740469,
        "dmean2": 0.501704156399,
        "dvar": 0.109469421208,
        "dvar2": 0.24097661674,
        "max": 8.41815471649,
        "mean": 0.616759300232,
        "median": 0.577884495258,
        "min": -1.51257014275,
        "var": 0.441997379065
    },
    "erbbands_spread": {
        "dmean": 9.41062736511,
        "dmean2": 13.8270425797,
        "dvar": 140.178955078,
        "dvar2": 267.340606689,
        "max": 135.817367554,
        "mean": 37.5312805176,
        "median": 26.3611297607,
        "min": 3.15707230568,
        "var": 706.803466797
    },
    "hfc": {
        "dmean": 6.11564064026,
        "dmean2": 7.85877037048,
        "dvar": 68.6073608398,
        "dvar2": 110.440437317,
        "max": 118.532852173,
        "mean": 17.5487251282,
        "median": 9.43377971649,
        "min": 1.09469512399e-16,
        "var": 351.551940918
    },
    "melbands_crest": {
        "dmean": 2.89972138405,
        "dmean2": 4.61234045029,
        "dvar": 8.17524433136,
        "dvar2": 20.2301177979,
        "max": 33.9494628906,
        "mean": 11.7737808228,
        "median": 11.0044345856,
        "min": 1.49087333679,
        "var": 19.7763233185
    },
    "melbands_flatness_db": {
        "dmean": 0.020253829658,
        "dmean2": 0.0302077233791,
        "dvar": 0.000375286559574,
        "dvar2": 0.000822086003609,
        "max": 0.31942614913,
        "mean": 0.157351315022,
        "median": 0.157952070236,
        "min": 0.00362175819464,
        "var": 0.00172327505425
    },
    "melbands_kurtosis": {
        "dmean": 3.90516781807,
        "dmean2": 6.24433326721,
        "dvar": 45.4530677795,
        "dvar2": 107.910774231,
        "max": 117.827850342,
        "mean": 8.04033851624,
        "median": 4.02912712097,
        "min": -1.38914513588,
        "var": 121.586204529
    },
    "melbands_skewness": {
        "dmean": 0.576560497284,
        "dmean2": 0.873006045818,
        "dvar": 0.430084764957,
        "dvar2": 0.921205222607,
        "max": 10.0246353149,
        "mean": 1.84772706032,
        "median": 1.4469422102,
        "min": -1.43351650238,
        "var": 2.07167720795
    },
    "melbands_spread": {
        "dmean": 6.35541391373,
        "dmean2": 10.0011310577,
        "dvar": 69.7725524902,
        "dvar2": 170.752258301,
        "max": 156.893264771,
        "mean": 25.700170517,
        "median": 22.0274677277,
        "min": 3.32317376137,
        "var": 280.289459229
    },
    "pitch_salience": {
        "dmean": 0.0645043477416,
        "dmean2": 0.101584985852,
        "dvar": 0.00339819979854,
        "dvar2": 0.00830168835819,
        "max": 0.924220025539,
        "mean": 0.640297889709,
        "median": 0.644658744335,
        "min": 0.115244887769,
        "var": 0.0111626023427
    },
    "silence_rate_20dB": {
        "dmean": 0,
        "dmean2": 0,
        "dvar": 0,
        "dvar2": 0,
        "max": 1,
        "mean": 1,
        "median": 1,
        "min": 1,
        "var": 0
    },
    "silence_rate_30dB": {
        "dmean": 0,
        "dmean2": 0,
        "dvar": 0,
        "dvar2": 0,
        "max": 1,
        "mean": 1,
        "median": 1,
        "min": 1,
        "var": 0
    },
    "silence_rate_60dB": {
        "dmean": 0.0879676416516,
        "dmean2": 0.175964936614,
        "dvar": 0.0802344381809,
        "dvar2": 0.162861689925,
        "max": 1,
        "mean": 0.233024433255,
        "median": 0,
        "min": 0,
        "var": 0.178730890155
    },
    "spectral_centroid": {
        "dmean": 219.428634644,
        "dmean2": 343.44418335,
        "dvar": 81259.9375,
        "dvar2": 182991.28125,
        "max": 11550.1044922,
        "mean": 1386.09912109,
        "median": 1190.38391113,
        "min": 417.815093994,
        "var": 1321128.625
    },
    "spectral_complexity": {
        "dmean": 2.59555101395,
        "dmean2": 3.64537334442,
        "dvar": 7.34924793243,
        "dvar2": 12.9009866714,
        "max": 49,
        "mean": 12.4690818787,
        "median": 12,
        "min": 0,
        "var": 54.4381599426
    },
    "spectral_decrease": {
        "dmean": 1.30162391976e-09,
        "dmean2": 1.69412894824e-09,
        "dvar": 3.52297835889e-18,
        "dvar2": 5.59820204862e-18,
        "max": 1.99386315094e-28,
        "mean": -3.92815291406e-09,
        "median": -2.19527973577e-09,
        "min": -2.49668463681e-08,
        "var": 1.68421334623e-17
    },
    "spectral_energy": {
        "dmean": 0.00539002148435,
        "dmean2": 0.00697545567527,
        "dvar": 5.9016256273e-05,
        "dvar2": 9.21204918995e-05,
        "max": 0.102148972452,
        "mean": 0.0164174754173,
        "median": 0.00935733318329,
        "min": 9.95283180849e-21,
        "var": 0.000290994823445
    },
    "spectral_energyband_high": {
        "dmean": 0.000276073697023,
        "dmean2": 0.000392192421714,
        "dvar": 3.20837642676e-07,
        "dvar2": 6.99606687249e-07,
        "max": 0.00538234692067,
        "mean": 0.000446941878181,
        "median": 0.000216400439967,
        "min": 7.09384600329e-21,
        "var": 4.47355859023e-07
    },
    "spectral_energyband_low": {
        "dmean": 0.000374634750187,
        "dmean2": 0.000592764758039,
        "dvar": 2.57272688486e-07,
        "dvar2": 6.42628720016e-07,
        "max": 0.00866512022913,
        "mean": 0.000755879213102,
        "median": 0.000557349529117,
        "min": 1.2161231965e-23,
        "var": 5.7989382185e-07
    },
    "spectral_energyband_middle_high": {
        "dmean": 0.00259698508307,
        "dmean2": 0.00334285176359,
        "dvar": 1.69123177329e-05,
        "dvar2": 2.56352068391e-05,
        "max": 0.0560144297779,
        "mean": 0.00694361561909,
        "median": 0.00235163304023,
        "min": 1.18420678989e-21,
        "var": 8.59534411575e-05
    },
    "spectral_energyband_middle_low": {
        "dmean": 0.00332537130453,
        "dmean2": 0.00451703416184,
        "dvar": 2.7755044357e-05,
        "dvar2": 5.18923443451e-05,
        "max": 0.0793957412243,
        "mean": 0.00861204601824,
        "median": 0.00504865497351,
        "min": 1.52662609054e-22,
        "var": 9.75716975518e-05
    },
    "spectral_entropy": {
        "dmean": 0.202367097139,
        "dmean2": 0.274670660496,
        "dvar": 0.0390937924385,
        "dvar2": 0.0693632289767,
        "max": 9.82065868378,
        "mean": 7.68786716461,
        "median": 7.68246459961,
        "min": 6.04534387589,
        "var": 0.268559634686
    },
    "spectral_flux": {
        "dmean": 0.0219312980771,
        "dmean2": 0.0334456861019,
        "dvar": 0.000596169498749,
        "dvar2": 0.0013980709482,
        "max": 0.259179085493,
        "mean": 0.0548444800079,
        "median": 0.0468730404973,
        "min": 6.28681481873e-11,
        "var": 0.00137211591937
    },
    "spectral_kurtosis": {
        "dmean": 1.27889430523,
        "dmean2": 1.98335492611,
        "dvar": 2.14305973053,
        "dvar2": 5.27574110031,
        "max": 28.1919708252,
        "mean": 4.03286838531,
        "median": 3.54683542252,
        "min": -1.26228761673,
        "var": 9.77034378052
    },
    "spectral_rms": {
        "dmean": 0.000664513965603,
        "dmean2": 0.000849660020322,
        "dvar": 6.1868541934e-07,
        "dvar2": 9.11260997327e-07,
        "max": 0.00998286157846,
        "mean": 0.00343209668063,
        "median": 0.00302144093439,
        "min": 3.11610025977e-12,
        "var": 4.23771280111e-06
    },
    "spectral_rolloff": {
        "dmean": 699.682189941,
        "dmean2": 1174.515625,
        "dvar": 1814151.25,
        "dvar2": 4231810,
        "max": 19681.3476562,
        "mean": 2091.59838867,
        "median": 1421.19140625,
        "min": 129.19921875,
        "var": 6121501.5
    },
    "spectral_skewness": {
        "dmean": 0.20759613812,
        "dmean2": 0.314184963703,
        "dvar": 0.0430007614195,
        "dvar2": 0.0917301848531,
        "max": 4.3738527298,
        "mean": 1.65764963627,
        "median": 1.68967998028,
        "min": -0.0651173815131,
        "var": 0.267477154732
    },
    "spectral_spread": {
        "dmean": 720464.75,
        "dmean2": 1042525.3125,
        "dvar": 870090211328,
        "dvar2": 1.57792809779e+12,
        "max": 42536084,
        "mean": 6394171.5,
        "median": 5840050,
        "min": 1841357,
        "var": 1.85732463329e+13
    },
    "spectral_strongpeak": {
        "dmean": 0.611411750317,
        "dmean2": 0.920568645,
        "dvar": 0.761157333851,
        "dvar2": 1.52540922165,
        "max": 12.4978122711,
        "mean": 1.38823091984,
        "median": 0.797136604786,
        "min": 0,
        "var": 2.55747103691
    },
    "zerocrossingrate": {
        "dmean": 0.0137708643451,
        "dmean2": 0.016367174685,
        "dvar": 0.000233977523749,
        "dvar2": 0.000323193555232,
        "max": 0.525390625,
        "mean": 0.0893474891782,
        "median": 0.0751953125,
        "min": 0.02587890625,
        "var": 0.00344770378433
    },
    "barkbands": {
        "dmean": [1.04245862076e-06, 0.000202001843718, 0.000159707124112, 0.000221794791287, 0.00119537080172, 0.000727840757463, 0.00033052964136, 0.00109524920117, 0.000901420309674, 0.000562299916055, 0.000628444366157, 0.000948032247834, 0.000340620317729, 0.000280343578197, 0.000385894527426, 0.000297833728837, 0.000173910899321, 9.08100046217e-05, 5.78849503654e-05, 5.01324793731e-05, 4.17571354774e-05, 4.13087727793e-05, 5.52643687115e-05, 6.80302327964e-05, 4.26334918302e-05, 1.90043137991e-05, 9.25954191189e-06],
        "dmean2": [1.77887443442e-06, 0.000319899088936, 0.00026169422199, 0.000362886261428, 0.00188891380094, 0.00105817557778, 0.000484067946672, 0.00142692180816, 0.00120086211246, 0.000778952031396, 0.000822419999167, 0.00131907092873, 0.000507956603542, 0.000403118639952, 0.000554466270842, 0.000428273429861, 0.000255621329416, 0.000133187451866, 8.58661005623e-05, 7.42164047551e-05, 6.31828661426e-05, 6.21499566478e-05, 8.35046812426e-05, 0.000101390192867, 6.24419699307e-05, 2.80882140942e-05, 1.48550898302e-05],
        "dvar": [4.97095940799e-12, 6.41494821707e-08, 8.08905866734e-08, 1.64142321069e-07, 1.27068296933e-05, 1.50957953338e-06, 8.95007758572e-07, 6.29971327726e-06, 5.02795728607e-06, 1.7151018028e-06, 2.22870426114e-06, 4.20140031565e-06, 9.88369720289e-07, 4.78201400256e-07, 6.47998888326e-07, 5.29803287463e-07, 1.45394963624e-07, 3.1324301375e-08, 1.08070077331e-08, 9.45188904922e-09, 6.33637142755e-09, 7.25646964739e-09, 1.57896415942e-08, 2.1925723459e-08, 8.06459876657e-09, 2.08447126226e-09, 9.56935530816e-10],
        "dvar2": [1.30918782759e-11, 1.63883953519e-07, 2.01878734174e-07, 4.49890620757e-07, 3.02081352856e-05, 3.06247625304e-06, 1.79018991275e-06, 9.50115463638e-06, 7.39573397368e-06, 3.26612575918e-06, 3.50901223101e-06, 7.6739488577e-06, 2.29248530559e-06, 1.00113220469e-06, 1.34046024414e-06, 1.04719970295e-06, 3.14321539463e-07, 6.18146103193e-08, 2.35440467122e-08, 1.92951254974e-08, 1.4239049051e-08, 1.62129190073e-08, 3.63278225279e-08, 4.87676139471e-08, 1.7485898951e-08, 4.6202046633e-09, 2.34709807145e-09],
        "max": [6.21692161076e-05, 0.00257425243035, 0.00660989247262, 0.00651278439909, 0.0718852803111, 0.0182731766254, 0.029590504244, 0.0447902232409, 0.0459647960961, 0.0336992517114, 0.0270686931908, 0.034833855927, 0.0218567363918, 0.0171599145979, 0.0276605822146, 0.0218893345445, 0.0128270396963, 0.00328044593334, 0.00204347493127, 0.00258381664753, 0.00101707375143, 0.00130527711008, 0.00135203730315, 0.0019765230827, 0.000969899760094, 0.000422052980866, 0.00049149710685],
        "mean": [1.26474651552e-06, 0.000356644421117, 0.000229385666898, 0.000302414555335, 0.00148825743236, 0.00176637526602, 0.00059991539456, 0.00218929676339, 0.00192736915778, 0.00108941656072, 0.00123268307652, 0.00173611112405, 0.000621731567662, 0.000517820764799, 0.000683561433107, 0.000535026250873, 0.000334484037012, 0.000187652476598, 0.000114919159387, 9.95972150122e-05, 6.33422241663e-05, 6.27284971415e-05, 7.43788550608e-05, 0.000101508339867, 6.68488501105e-05, 2.67417162831e-05, 8.00129600975e-06],
        "median": [5.02223542753e-07, 0.000240350229433, 0.000114742426376, 0.000126224666019, 0.00045628900989, 0.000589294242673, 0.000134876740049, 0.000242008609348, 0.000266460818239, 0.00021178512543, 0.000160890078405, 0.000290188967483, 0.000112361747597, 0.000107419589767, 0.000133813548018, 8.90917872312e-05, 7.05790662323e-05, 4.51460909972e-05, 4.29781539424e-05, 2.9760212783e-05, 2.47226307692e-05, 2.48511969403e-05, 3.07580085064e-05, 4.83802832605e-05, 3.49048023054e-05, 1.19807009469e-05, 8.90769854323e-07],
        "min": [1.97216656116e-25, 1.91430509287e-24, 2.61538944517e-25, 1.1200890054e-24, 1.08016538607e-23, 9.43614510011e-24, 7.15455031407e-24, 6.6817512637e-24, 1.9983260368e-23, 2.16428217642e-23, 8.23212168883e-24, 1.5877717406e-23, 3.92247232724e-23, 4.27358200992e-23, 4.84835048309e-23, 6.82071416086e-23, 5.85717420767e-23, 6.91951804261e-23, 1.04040687534e-22, 1.8672404522e-22, 2.43816483773e-22, 3.05120139517e-22, 4.29147501608e-22, 5.21068300588e-22, 8.92855138314e-22, 1.30553102227e-21, 1.91296017969e-21],
        "var": [5.31286256308e-12, 1.40567806284e-07, 1.34912625072e-07, 2.02505418656e-07, 1.42206299643e-05, 6.71455791235e-06, 2.37698350247e-06, 2.22512189794e-05, 2.05860596907e-05, 4.99550696986e-06, 7.58166243031e-06, 1.27462562887e-05, 2.59690227722e-06, 1.39466658311e-06, 1.71017268258e-06, 1.65354038018e-06, 4.50563817367e-07, 1.10660828057e-07, 2.91922557238e-08, 3.07168797065e-08, 9.72800950905e-09, 1.10569109424e-08, 1.80761468016e-08, 2.73720477395e-08, 1.04685096147e-08, 2.37842923134e-09, 8.13418943313e-10]
    },
    "erbbands": {
        "dmean": [0.00390337524004, 0.0523885972798, 0.142488017678, 0.528427362442, 2.58622121811, 4.4669470787, 4.29493093491, 6.24017953873, 4.71564388275, 7.55843067169, 28.9678936005, 21.8530445099, 14.9816598892, 21.0235652924, 25.1909236908, 45.0645942688, 16.3439903259, 14.5848474503, 18.9695167542, 17.3996639252, 11.7942342758, 7.78792285919, 4.97937297821, 4.08275032043, 2.64393377304, 2.35322523117, 1.94527888298, 1.4875677824, 1.34142971039, 1.66915714741, 1.51974523067, 1.55544137955, 1.04765081406, 0.579364717007, 0.262942075729, 0.0991777703166, 0.0314129255712, 0.00869829114527, 0.00163390883245, 0.000106541199784],
        "dmean2": [0.00589610310271, 0.0835536643863, 0.231514587998, 0.850279271603, 4.0968413353, 7.16810894012, 6.47943305969, 8.88927555084, 6.80434131622, 10.5549087524, 37.1182975769, 28.7319049835, 20.1597900391, 28.2455615997, 33.1871147156, 62.6054649353, 23.713300705, 20.6346416473, 26.5092010498, 24.9488296509, 16.8611335754, 11.1262903214, 7.33124256134, 6.06070518494, 3.82812666893, 3.44307899475, 2.9112329483, 2.3000330925, 1.99260902405, 2.5479581356, 2.30217003822, 2.35202264786, 1.55068361759, 0.854485869408, 0.389279574156, 0.147544085979, 0.0465042665601, 0.0130453705788, 0.00265811639838, 0.000175907916855],
        "dvar": [2.67661034741e-05, 0.00422919774428, 0.0501702539623, 0.873373568058, 67.8305969238, 178.630691528, 51.865020752, 169.491165161, 142.890335083, 310.956054688, 4638.45507812, 2840.11157227, 1498.49255371, 2046.91333008, 4397.0078125, 9857.29785156, 2129.74755859, 957.391784668, 1592.0111084, 1415.31213379, 716.759765625, 333.551727295, 87.5277404785, 63.2018814087, 21.6249828339, 23.6760215759, 13.7281274796, 8.46388435364, 7.69994831085, 12.2181520462, 12.3950233459, 11.5612602234, 5.14429330826, 1.57841610909, 0.287112534046, 0.0511590130627, 0.00599511479959, 0.000532572972588, 3.18724196404e-05, 1.59995295235e-07],
        "dvar2": [6.08450900472e-05, 0.011108902283, 0.12688036263, 2.30941987038, 157.835586548, 438.561401367, 117.408782959, 312.687957764, 282.281402588, 582.342224121, 6667.99609375, 4152.92822266, 2575.6159668, 3760.18334961, 6968.31201172, 17968.0449219, 4929.62402344, 1867.55969238, 3131.27197266, 3074.58618164, 1452.95800781, 661.388549805, 179.387512207, 139.825500488, 44.5989379883, 46.8075790405, 30.6374015808, 19.4267158508, 16.9384994507, 28.9091472626, 28.6275997162, 26.1940555573, 11.3963565826, 3.48158407211, 0.620088398457, 0.113688685, 0.01339475438, 0.00119918677956, 7.94825682533e-05, 4.05584501095e-07],
        "max": [0.0657505169511, 0.723343849182, 4.52044916153, 13.7664175034, 154.361114502, 266.739532471, 135.498245239, 218.108673096, 327.077758789, 435.991149902, 1241.65136719, 1058.79980469, 1500.45703125, 1044.09521484, 1352.16210938, 1731.0045166, 975.474243164, 804.430297852, 794.836608887, 795.519897461, 785.56842041, 904.746032715, 179.68031311, 144.627380371, 96.4796447754, 183.319259644, 41.7747573853, 37.4618606567, 44.9565315247, 47.0473365784, 39.914680481, 36.1028862, 28.6885204315, 15.2148342133, 5.3125333786, 2.21381497383, 0.780819714069, 0.263307064772, 0.0896581858397, 0.00702088046819],
        "mean": [0.00712026329711, 0.092292368412, 0.236509039998, 0.788262486458, 2.78544449806, 5.55492401123, 9.32087612152, 15.1471147537, 9.86502170563, 14.179227829, 60.5583763123, 49.0785713196, 31.1346111298, 42.4271812439, 52.3489532471, 84.0904769897, 33.4339294434, 28.5264129639, 36.3257408142, 32.2006721497, 24.6478996277, 15.8320007324, 10.9133462906, 8.33466434479, 5.2953453064, 4.77278661728, 3.19778585434, 2.16574645042, 2.0333533287, 2.3908059597, 2.01828408241, 2.21132922173, 1.55547094345, 0.877551317215, 0.421585738659, 0.144890710711, 0.0427046008408, 0.0104980114847, 0.00135252275504, 9.81935227173e-05],
        "median": [0.00369614455849, 0.0644225999713, 0.150694951415, 0.372328937054, 0.666448354721, 1.57173848152, 3.27538561821, 3.71800327301, 3.02364826202, 4.14270162582, 8.14493274689, 9.06463432312, 9.14706611633, 12.6784830093, 11.8731298447, 16.2853221893, 8.42258644104, 8.34262943268, 8.14366340637, 6.30016708374, 5.01968479156, 3.81071567535, 2.77055883408, 2.23453760147, 2.02699065208, 1.44693863392, 1.0654771328, 0.865828931332, 0.775209188461, 1.06184053421, 0.813600242138, 0.995021879673, 0.757219791412, 0.440296828747, 0.228254318237, 0.0703559666872, 0.0179486963898, 0.00348133919761, 0.000110427652544, 2.24684008572e-05],
        "min": [4.55428806562e-23, 5.28305928999e-22, 1.94530100294e-21, 5.87112038495e-21, 7.84823876091e-21, 2.97791967544e-20, 3.11525072105e-20, 8.87356321906e-20, 1.51707186164e-19, 1.51627040118e-19, 1.66453141074e-19, 5.41581358324e-19, 5.46522056424e-19, 4.33481130726e-19, 1.05588074908e-18, 7.38537198076e-19, 1.79975910407e-18, 1.93353943813e-18, 2.52000428858e-18, 3.6207717868e-18, 3.93672169358e-18, 4.02082817749e-18, 4.87537606061e-18, 4.19999673894e-18, 6.35455242609e-18, 9.67875349352e-18, 8.08051150989e-18, 1.02200927464e-17, 9.22970609029e-18, 1.08004203303e-17, 1.21607544164e-17, 9.63179941323e-18, 1.03350940126e-17, 8.45779768626e-18, 7.05111418889e-18, 4.5434537098e-18, 2.36214638125e-18, 9.74217136313e-19, 2.50822177284e-19, 2.79226286436e-20],
        "var": [7.46762452764e-05, 0.008883042261, 0.0902742370963, 1.22815942764, 71.7350082397, 198.044540405, 199.055007935, 783.698242188, 472.303039551, 734.748352051, 17312.671875, 12021.3535156, 4544.00878906, 6233.55078125, 14678.8808594, 30271.4550781, 6083.77441406, 2776.67749023, 4901.10644531, 3781.34057617, 2841.77758789, 1011.41491699, 332.717254639, 196.599960327, 65.6428375244, 79.9835128784, 24.2124347687, 12.2697172165, 12.1507558823, 15.0266456604, 13.967040062, 13.8613491058, 6.46664237976, 1.98540556431, 0.378065526485, 0.0597344711423, 0.00670418795198, 0.000565474329051, 2.62103112618e-05, 1.24837185922e-07]
    },
    "gfcc": {
        "mean": [-41.1441993713, 61.9966049194, -117.161994934, 4.04793691635, -66.834274292, 18.8886222839, -45.8382644653, 10.1527843475, -28.0000572205, 2.03814768791, -15.8837814331, 1.91918599606, -10.7568130493],
        "cov": [[26098.2734375, 1125.23657227, -2967.14599609, -406.676818848, -817.14465332, 92.7553787231, -766.438842773, 25.7646160126, -395.878845215, -62.5745582581, -177.390518188, 46.7674751282, -15.4278755188], [1125.23657227, 725.155395508, -526.440002441, -244.944488525, -19.7267360687, 13.6416931152, -52.4203109741, 45.5315513611, -14.8933954239, -6.94315671921, -21.8734912872, -6.69593381882, 14.1576557159], [-2967.14599609, -526.440002441, 1605.68945312, 559.270751953, 1.31772279739, 191.478256226, 153.01449585, 40.9894828796, 34.4174041748, 12.5990428925, -6.10090303421, -34.6475410461, -83.2616729736], [-406.676818848, -244.944488525, 559.270751953, 487.884185791, 59.5898208618, 89.1080322266, 27.3215656281, 23.8098278046, -16.3993968964, 18.809211731, -6.39070463181, -2.97383975983, -42.1987800598], [-817.14465332, -19.7267360687, 1.31772279739, 59.5898208618, 227.284988403, 15.9649505615, 51.8887748718, 0.765160441399, 36.4857635498, 3.81226992607, 32.7578926086, 14.4788990021, 22.3260231018], [92.7553787231, 13.6416931152, 191.478256226, 89.1080322266, 15.9649505615, 166.628677368, 41.0635566711, 57.6860427856, 5.76469945908, 29.3047866821, -1.17136478424, 12.7855205536, -22.9755859375], [-766.438842773, -52.4203109741, 153.01449585, 27.3215656281, 51.8887748718, 41.0635566711, 115.596763611, 34.165599823, 31.6841850281, 8.34888553619, 13.3549766541, -2.89838552475, 7.68127441406], [25.7646160126, 45.5315513611, 40.9894828796, 23.8098278046, 0.765160441399, 57.6860427856, 34.165599823, 93.9490203857, 28.7561912537, 34.1955604553, 10.1572294235, 10.0414657593, -7.06524848938], [-395.878845215, -14.8933954239, 34.4174041748, -16.3993968964, 36.4857635498, 5.76469945908, 31.6841850281, 28.7561912537, 77.6045150757, 41.1823806763, 29.6126270294, 6.57079362869, 9.67861652374], [-62.5745582581, -6.94315671921, 12.5990428925, 18.809211731, 3.81226992607, 29.3047866821, 8.34888553619, 34.1955604553, 41.1823806763, 75.121055603, 40.1131973267, 20.101228714, -2.24477934837], [-177.390518188, -21.8734912872, -6.10090303421, -6.39070463181, 32.7578926086, -1.17136478424, 13.3549766541, 10.1572294235, 29.6126270294, 40.1131973267, 70.5198440552, 38.1321640015, 17.1143474579], [46.7674751282, -6.69593381882, -34.6475410461, -2.97383975983, 14.4788990021, 12.7855205536, -2.89838552475, 10.0414657593, 6.57079362869, 20.101228714, 38.1321640015, 62.2602233887, 31.3603210449], [-15.4278755188, 14.1576557159, -83.2616729736, -42.1987800598, 22.3260231018, -22.9755859375, 7.68127441406, -7.06524848938, 9.67861652374, -2.24477934837, 17.1143474579, 31.3603210449, 60.4660263062]],
        "icov": [[8.11450081528e-05, 2.33131377172e-05, 0.000244109498453, -0.00021209847182, 0.000339239632012, -0.000390149711166, 0.000313758326229, -7.06252394593e-05, -3.2502659451e-05, 0.00029497401556, -0.00023944771965, 0.000225557771046, -0.000151311003719], [2.33131377172e-05, 0.00226483098231, 0.000617391255219, 0.000653252762277, -0.000151360727614, -0.00126886740327, 0.0011753749568, -0.00173258187715, 0.000520606932696, 0.000503956573084, -0.000189842816326, 0.00153366453014, -0.000802622234914], [0.000244109498453, 0.000617391255219, 0.00247576809488, -0.00229215412401, 0.00224399706349, -0.00258488208055, -0.000516254222021, 0.000562443106901, -0.0020749871619, 0.00287972111255, -0.00178551522549, 0.0012569623068, 0.000340238620993], [-0.00021209847182, 0.000653252762277, -0.00229215412401, 0.00543831009418, -0.00339755881578, 0.00121034902986, 0.000998796080239, -0.00157055293676, 0.00405104318634, -0.00408070953563, 0.00259203859605, -0.00107581610791, 0.000860365689732], [0.000339239632012, -0.000151360727614, 0.00224399706349, -0.00339755881578, 0.00854728650302, -0.00328992004506, -0.00159909320064, 0.0020859837532, -0.00500418432057, 0.00576372072101, -0.00499465502799, 0.00157843274064, -0.00150826759636], [-0.000390149711166, -0.00126886740327, -0.00258488208055, 0.00121034902986, -0.00328992004506, 0.0137034067884, -0.00431472947821, -0.00337373581715, 0.00371454888955, -0.00692654540762, 0.00702475151047, -0.00812397245318, 0.00543190492317], [0.000313758326229, 0.0011753749568, -0.000516254222021, 0.000998796080239, -0.00159909320064, -0.00431472947821, 0.017006078735, -0.00593062862754, -0.00155308865942, 0.00387176591903, -0.00461084395647, 0.00759518705308, -0.00635316828266], [-7.06252394593e-05, -0.00173258187715, 0.000562443106901, -0.00157055293676, 0.0020859837532, -0.00337373581715, -0.00593062862754, 0.0195467527956, -0.00591080682352, -0.00386461731978, 0.00288834818639, -0.00478603318334, 0.00351865310222], [-3.2502659451e-05, 0.000520606932696, -0.0020749871619, 0.00405104318634, -0.00500418432057, 0.00371454888955, -0.00155308865942, -0.00591080682352, 0.0283630471677, -0.0156560577452, -0.00103308283724, 0.00570555124432, -0.00518242781982], [0.00029497401556, 0.000503956573084, 0.00287972111255, -0.00408070953563, 0.00576372072101, -0.00692654540762, 0.00387176591903, -0.00386461731978, -0.0156560577452, 0.0354818105698, -0.0172615014017, 0.00113620655611, 0.00349094858393], [-0.00023944771965, -0.000189842816326, -0.00178551522549, 0.00259203859605, -0.00499465502799, 0.00702475151047, -0.00461084395647, 0.00288834818639, -0.00103308283724, -0.0172615014017, 0.0369576178491, -0.0210074260831, 0.00472970958799], [0.000225557771046, 0.00153366453014, 0.0012569623068, -0.00107581610791, 0.00157843274064, -0.00812397245318, 0.00759518705308, -0.00478603318334, 0.00570555124432, 0.00113620655611, -0.0210074260831, 0.0416202843189, -0.0210265405476], [-0.000151311003719, -0.000802622234914, 0.000340238620993, 0.000860365689732, -0.00150826759636, 0.00543190492317, -0.00635316828266, 0.00351865310222, -0.00518242781982, 0.00349094858393, 0.00472970958799, -0.0210265405476, 0.0321213081479]]
    },
    "melbands": {
        "dmean": [4.8239082389e-05, 6.97258292348e-05, 0.00012001698633, 0.000299916573567, 0.000138645773404, 0.000137644368806, 7.20330062904e-05, 0.000101206227555, 0.000237504485995, 0.000133061810629, 7.36078436603e-05, 8.50765791256e-05, 7.63870921219e-05, 0.00011324739171, 7.25896752556e-05, 3.05395951727e-05, 2.89589952445e-05, 3.01892487187e-05, 2.40064327954e-05, 2.84033430944e-05, 1.22161309264e-05, 9.39473284234e-06, 6.86912198944e-06, 3.98411611968e-06, 3.50812069883e-06, 2.07336938729e-06, 1.93575351659e-06, 1.5332283283e-06, 1.38791358495e-06, 9.10036135338e-07, 9.28084830321e-07, 7.55390942686e-07, 8.97569805147e-07, 9.72799966803e-07, 8.186613627e-07, 1.06747472728e-06, 9.47334456214e-07, 7.70689496221e-07, 6.4697144353e-07, 4.61816910047e-07],
        "dmean2": [7.50419058022e-05, 0.000112421403173, 0.000188588557648, 0.000479685637401, 0.000210106401937, 0.000197026209207, 0.000103745245724, 0.000141251759487, 0.000301926251268, 0.000176367640961, 0.000100083976577, 0.000115085014841, 0.000100748191471, 0.000156840513228, 0.000102190439065, 4.42517266492e-05, 4.15087706642e-05, 4.24459649366e-05, 3.44611471519e-05, 4.09866843256e-05, 1.78701120603e-05, 1.35472091642e-05, 1.02587709989e-05, 5.81658696319e-06, 5.28964619662e-06, 3.07131699628e-06, 2.94129904432e-06, 2.2829608497e-06, 2.09365271076e-06, 1.39278608913e-06, 1.46477123053e-06, 1.13615385544e-06, 1.3828922647e-06, 1.51942401772e-06, 1.26210670714e-06, 1.61920388564e-06, 1.44943601299e-06, 1.1622190641e-06, 9.6738119737e-07, 6.91900595484e-07],
        "dvar": [3.79199871503e-09, 9.01410324161e-09, 5.78479628643e-08, 9.59340923146e-07, 4.8213927073e-08, 7.02936944208e-08, 3.59621452617e-08, 4.99257808428e-08, 3.01352059751e-07, 1.20366934198e-07, 3.74180189056e-08, 3.65440939731e-08, 3.7425557764e-08, 5.29468060506e-08, 2.93641093663e-08, 5.29508659142e-09, 4.64369076525e-09, 4.27769775158e-09, 2.96941826683e-09, 4.74802908101e-09, 8.51087644804e-10, 5.32099975192e-10, 2.53359749847e-10, 6.64804669648e-11, 4.8959919452e-11, 1.28042255618e-11, 1.37874989203e-11, 1.16371729961e-11, 6.54195838126e-12, 3.21637161349e-12, 3.59227122874e-12, 2.47159736254e-12, 3.67091990486e-12, 4.40237820157e-12, 3.69128902791e-12, 6.09734918805e-12, 4.20122487146e-12, 2.91417801349e-12, 1.87971209778e-12, 1.00101524292e-12],
        "dvar2": [9.2429441878e-09, 2.31799273109e-08, 1.3925043163e-07, 2.3121006052e-06, 1.0886555657e-07, 1.32556380095e-07, 7.13241021799e-08, 9.32543500198e-08, 4.18295371674e-07, 1.75193378027e-07, 6.41397193135e-08, 6.89373038654e-08, 6.03543313105e-08, 9.64842641338e-08, 5.59604060868e-08, 1.14742748636e-08, 9.23384924079e-09, 8.45128678151e-09, 5.82749892786e-09, 9.2609671043e-09, 1.84404647108e-09, 1.07389874771e-09, 5.29883081857e-10, 1.32817867815e-10, 1.1314376519e-10, 2.81823765713e-11, 2.96456088844e-11, 2.2489397497e-11, 1.47713317272e-11, 7.48636742876e-12, 8.4772354067e-12, 5.42309209692e-12, 8.56599513543e-12, 1.0648153366e-11, 8.78679681099e-12, 1.40937071041e-11, 9.71643859121e-12, 6.6382667592e-12, 4.17294887881e-12, 2.22665570877e-12],
        "max": [0.000687574967742, 0.00178849021904, 0.00450043287128, 0.0199174191803, 0.00403675343841, 0.00423793727532, 0.00552273495123, 0.00539459474385, 0.00978774297982, 0.00715156504884, 0.00739317992702, 0.00455684866756, 0.0036080959253, 0.00365633331239, 0.00380797521211, 0.00129364919849, 0.00171118148137, 0.00151347566862, 0.00270501477644, 0.00189659360331, 0.00103902956471, 0.00101863243617, 0.0005314531154, 0.000228371893172, 0.000124549871543, 6.81342135067e-05, 8.72186064953e-05, 0.000138977688039, 3.43798928952e-05, 3.61487545888e-05, 2.6678748327e-05, 2.76598530036e-05, 3.30464317813e-05, 2.48776013905e-05, 2.58909440163e-05, 3.08307789965e-05, 2.58867949015e-05, 2.37363838096e-05, 1.65975689015e-05, 1.21371103887e-05],
        "mean": [8.58574494487e-05, 0.00012781858095, 0.000166609679582, 0.000331206509145, 0.000298033613944, 0.000335635006195, 0.000144707228174, 0.000188513236935, 0.000499157933518, 0.000291606876999, 0.000147290746099, 0.000166409503436, 0.000154221022967, 0.000210739322938, 0.000138608418638, 5.66302842344e-05, 5.26839467057e-05, 5.64761576243e-05, 4.2379644583e-05, 4.96610300615e-05, 2.3928914743e-05, 1.73854186869e-05, 1.3240491171e-05, 8.04432875157e-06, 6.64005847284e-06, 3.85545718018e-06, 3.6154422105e-06, 2.97930159832e-06, 2.21378172682e-06, 1.32439436129e-06, 1.26379541143e-06, 1.11043755169e-06, 1.29139914407e-06, 1.32224602112e-06, 1.03204115476e-06, 1.40734573506e-06, 1.32414868403e-06, 1.09118582259e-06, 9.54731035563e-07, 6.83866687723e-07],
        "median": [5.14691855642e-05, 9.37879813137e-05, 7.67117307987e-05, 7.24941346562e-05, 0.000124857688206, 9.45395513554e-05, 4.05896316806e-05, 4.06460130762e-05, 5.80586711294e-05, 4.45215191576e-05, 3.42372404702e-05, 3.62064747605e-05, 2.3351802156e-05, 3.87991312891e-05, 2.40061726799e-05, 1.12746647574e-05, 1.16326646094e-05, 1.15874154289e-05, 8.96590154298e-06, 7.36940774004e-06, 5.01759632243e-06, 3.9562864913e-06, 3.07499158225e-06, 1.96653195417e-06, 1.70731766502e-06, 1.59872070071e-06, 1.2168268313e-06, 8.54993004396e-07, 6.87999829552e-07, 5.52500353024e-07, 4.58296256056e-07, 3.87017308867e-07, 5.54169105271e-07, 5.78620415581e-07, 3.88089915759e-07, 5.9324332824e-07, 5.96463394231e-07, 5.12161193456e-07, 4.79297682432e-07, 3.39750187095e-07],
        "min": [4.36438429801e-25, 1.26742652882e-24, 1.34947930423e-24, 1.24714314001e-24, 9.06609735201e-25, 2.19312581046e-24, 2.17631459292e-24, 1.38031903246e-24, 1.26851663598e-24, 3.42416001635e-24, 2.66356163078e-24, 1.47110844239e-24, 2.44603441945e-24, 2.37900411948e-24, 1.99283619599e-24, 3.00324631986e-24, 2.87886977637e-24, 3.86921206768e-24, 4.73384227398e-24, 5.04834652297e-24, 3.3376097477e-24, 3.32579024476e-24, 3.54588795934e-24, 2.57142228262e-24, 3.16490521858e-24, 4.3667608401e-24, 4.76880813918e-24, 4.53626496052e-24, 4.38291434485e-24, 4.78215408797e-24, 5.81641384359e-24, 3.65050353715e-24, 5.0627045803e-24, 4.77205351294e-24, 6.81258542255e-24, 5.33834993553e-24, 6.06804627286e-24, 6.5042780704e-24, 5.84872282525e-24, 6.47097394071e-24],
        "var": [9.1295078164e-09, 1.78684480545e-08, 7.27241626919e-08, 9.90043076854e-07, 1.75193918039e-07, 3.23909517874e-07, 1.10963796374e-07, 1.24493553244e-07, 1.17818797207e-06, 5.00592648223e-07, 1.13031923377e-07, 1.08716250224e-07, 1.26567044845e-07, 1.62689843819e-07, 9.09078750055e-08, 1.46074574658e-08, 1.2776897762e-08, 1.33498128108e-08, 7.33623295446e-09, 1.33190800611e-08, 2.92965030013e-09, 1.34501865201e-09, 8.48401238152e-10, 2.15920128999e-10, 1.3392426057e-10, 3.19401310955e-11, 3.85679994885e-11, 3.66690774967e-11, 1.18582192676e-11, 4.4840312019e-12, 4.92985253314e-12, 3.96711266268e-12, 4.83632665166e-12, 4.96501624536e-12, 3.98380980982e-12, 6.76035919953e-12, 4.95561187572e-12, 3.47292962617e-12, 2.35697724359e-12, 1.23708248506e-12]
    },
    "mfcc": {
        "mean": [-676.827941895, 102.200965881, -1.08557629585, -7.62364196777, 1.07894825935, -2.8795633316, -2.61777830124, -0.440913408995, -4.61396455765, -0.518675506115, -5.56771421432, -1.92663407326, -0.214581653476],
        "cov": [[10928.59375, 1456.01501465, -1267.41223145, -368.590545654, -52.1644592285, -135.760513306, -172.411026001, -99.7587509155, -92.3052825928, -131.512756348, -158.12197876, -84.7445449829, -48.5966529846], [1456.01501465, 870.39831543, -437.790222168, -261.377471924, -53.6507797241, -81.010093689, -35.0905418396, -5.8408074379, 1.76726078987, -12.0943164825, -12.4221963882, -9.60173988342, -13.632683754], [-1267.41223145, -437.790222168, 1323.58886719, 311.305236816, 97.7587661743, 170.392211914, 133.102020264, 99.9424743652, 25.0438919067, 111.896362305, 31.4363651276, 12.3657274246, -29.0340175629], [-368.590545654, -261.377471924, 311.305236816, 305.00189209, 111.141555786, 68.9005661011, 50.0554046631, 22.6752681732, 9.09666919708, 12.8391551971, 4.59637069702, 6.56352472305, 12.1173048019], [-52.1644592285, -53.6507797241, 97.7587661743, 111.141555786, 153.302764893, 67.1901321411, 34.7118186951, 29.0608139038, 9.29953956604, 13.0092658997, 8.69028377533, 15.4178581238, 18.9525508881], [-135.760513306, -81.010093689, 170.392211914, 68.9005661011, 67.1901321411, 106.772827148, 53.342212677, 31.0144481659, 19.1186523438, 16.5258464813, 9.27039527893, 9.07821655273, 8.70909023285], [-172.411026001, -35.0905418396, 133.102020264, 50.0554046631, 34.7118186951, 53.342212677, 92.7047958374, 51.9382743835, 22.0970363617, 22.7419643402, 9.57833766937, 6.63339948654, 5.5171122551], [-99.7587509155, -5.8408074379, 99.9424743652, 22.6752681732, 29.0608139038, 31.0144481659, 51.9382743835, 70.9170227051, 30.482831955, 17.9521694183, 4.96580791473, 2.6000187397, 2.6256942749], [-92.3052825928, 1.76726078987, 25.0438919067, 9.09666919708, 9.29953956604, 19.1186523438, 22.0970363617, 30.482831955, 57.6886062622, 32.3609237671, 12.2403879166, 4.82109928131, 7.1394405365], [-131.512756348, -12.0943164825, 111.896362305, 12.8391551971, 13.0092658997, 16.5258464813, 22.7419643402, 17.9521694183, 32.3609237671, 72.9067611694, 36.1354866028, 16.0800037384, 7.95751190186], [-158.12197876, -12.4221963882, 31.4363651276, 4.59637069702, 8.69028377533, 9.27039527893, 9.57833766937, 4.96580791473, 12.2403879166, 36.1354866028, 57.358707428, 31.3500823975, 16.7917308807], [-84.7445449829, -9.60173988342, 12.3657274246, 6.56352472305, 15.4178581238, 9.07821655273, 6.63339948654, 2.6000187397, 4.82109928131, 16.0800037384, 31.3500823975, 55.1285705566, 34.8040618896], [-48.5966529846, -13.632683754, -29.0340175629, 12.1173048019, 18.9525508881, 8.70909023285, 5.5171122551, 2.6256942749, 7.1394405365, 7.95751190186, 16.7917308807, 34.8040618896, 73.1163482666]],
