{
"lowlevel": {
    "average_loudness": 0.528057336807,
    "barkbands_crest": {
        "dmean": 2.5346133709,
        "dmean2": 4.07464838028,
        "dvar": 6.11794948578,
        "dvar2": 14.7237491608,
        "max": 26.6342792511,
        "mean": 13.8797569275,
        "median": 13.1050195694,
        "min": 2.92568635941,
        "var": 25.5838451385
    },
    "barkbands_flatness_db": {
        "dmean": 0.0276548210531,
        "dmean2": 0.0405842661858,
        "dvar": 0.000862269778736,
        "dvar2": 0.00174120534211,
        "max": 0.542377710342,
        "mean": 0.246890977025,
        "median": 0.238110542297,
        "min": 0.0291308388114,
        "var": 0.00784558616579
    },
    "barkbands_kurtosis": {
        "dmean": 8.39852523804,
        "dmean2": 13.06021595,
        "dvar": 270.896209717,
        "dvar2": 650.418579102,
        "max": 437.894378662,
        "mean": 16.4121265411,
        "median": 8.34803962708,
        "min": -1.8927500248,
        "var": 676.840576172
    },
    "barkbands_skewness": {
        "dmean": 0.79445296526,
        "dmean2": 1.2054400444,
        "dvar": 0.830889999866,
        "dvar2": 1.80586874485,
        "max": 16.2955417633,
        "mean": 2.33498620987,
        "median": 2.10547661781,
        "min": -4.2177772522,
        "var": 4.12562513351
    },
    "barkbands_spread": {
        "dmean": 3.05430221558,
        "dmean2": 4.72343349457,
        "dvar": 30.5272006989,
        "dvar2": 69.0550537109,
        "max": 126.716682434,
        "mean": 8.56233024597,
        "median": 5.43295955658,
        "min": 0.208757415414,
        "var": 91.1368408203
    },
    "dissonance": {
        "dmean": 0.03696019575,
        "dmean2": 0.0614811368287,
        "dvar": 0.00134763633832,
        "dvar2": 0.00359690794721,
        "max": 0.499991983175,
        "mean": 0.403763949871,
        "median": 0.419416069984,
        "min": 0.0806620568037,
        "var": 0.00476525863633
    },
    "dynamic_complexity": 6.89232254028,
    "erbbands_crest": {
        "dmean": 2.83490896225,
        "dmean2": 4.47755098343,
        "dvar": 8.16036891937,
        "dvar2": 18.6392230988,
        "max": 33.9962425232,
        "mean": 12.6521892548,
        "median": 11.4385185242,
        "min": 2.24593615532,
        "var": 33.8230895996
    },
    "erbbands_flatness_db": {
        "dmean": 0.0220021251589,
        "dmean2": 0.0314764194191,
        "dvar": 0.000597058446147,
        "dvar2": 0.00108780595474,
        "max": 0.505405724049,
        "mean": 0.220508694649,
        "median": 0.206262305379,
        "min": 0.0257461685687,
        "var": 0.00741605041549
    },
    "erbbands_kurtosis": {
        "dmean": 2.28183913231,
        "dmean2": 3.50461268425,
        "dvar": 14.784072876,
        "dvar2": 31.4420623779,
        "max": 112.17098999,
        "mean": 4.0994811058,
        "median": 1.94765520096,
        "min": -1.86746191978,
        "var": 45.6805839539
    },
    "erbbands_skewness": {
        "dmean": 0.475934237242,
        "dmean2": 0.706934034824,
        "dvar": 0.262333869934,
        "dvar2": 0.560372114182,
        "max": 7.58902311325,
        "mean": 1.10170030594,
        "median": 1.06221187115,
        "min": -5.50213813782,
        "var": 1.47118377686
    },
    "erbbands_spread": {
        "dmean": 7.33952999115,
        "dmean2": 11.3053894043,
        "dvar": 126.898353577,
        "dvar2": 288.043273926,
        "max": 171.57673645,
        "mean": 25.6466770172,
        "median": 20.312833786,
        "min": 0.858392179012,
        "var": 428.257354736
    },
    "hfc": {
        "dmean": 3.81581926346,
        "dmean2": 4.87375593185,
        "dvar": 194.009979248,
        "dvar2": 322.278015137,
        "max": 666.374267578,
        "mean": 8.60493659973,
        "median": 2.31875300407,
        "min": 1.0837654873e-16,
        "var": 544.202209473
    },
    "melbands_crest": {
        "dmean": 2.83663868904,
        "dmean2": 4.4845662117,
        "dvar": 7.8649930954,
        "dvar2": 18.1338825226,
        "max": 37.3177337646,
        "mean": 16.8519859314,
        "median": 16.4932155609,
        "min": 1.477643013,
        "var": 35.4886322021
    },
    "melbands_flatness_db": {
        "dmean": 0.0309242736548,
        "dmean2": 0.045106485486,
        "dvar": 0.00116478698328,
        "dvar2": 0.00231686513871,
        "max": 0.64142614603,
        "mean": 0.337087094784,
        "median": 0.334455668926,
        "min": 0.00222179014236,
        "var": 0.0119864437729
    },
    "melbands_kurtosis": {
        "dmean": 12.3653812408,
        "dmean2": 18.861366272,
        "dvar": 498.855621338,
        "dvar2": 1059.69958496,
        "max": 459.9090271,
        "mean": 25.7586307526,
        "median": 12.3291530609,
        "min": -1.92333090305,
        "var": 1484.30529785
    },
    "melbands_skewness": {
        "dmean": 0.858350336552,
        "dmean2": 1.30203950405,
        "dvar": 1.01165342331,
        "dvar2": 2.10439324379,
        "max": 18.9875183105,
        "mean": 2.89943647385,
        "median": 2.47703671455,
        "min": -2.69817662239,
        "var": 5.08078193665
    },
    "melbands_spread": {
        "dmean": 3.26960754395,
        "dmean2": 5.01595020294,
        "dvar": 35.7108421326,
        "dvar2": 83.4994735718,
        "max": 176.29574585,
        "mean": 11.1620531082,
        "median": 5.55886793137,
        "min": 0.371677190065,
        "var": 404.428588867
    },
    "pitch_salience": {
        "dmean": 0.0747444927692,
        "dmean2": 0.119957603514,
        "dvar": 0.00501311058179,
        "dvar2": 0.0119570866227,
        "max": 0.980091750622,
        "mean": 0.490282654762,
        "median": 0.492976009846,
        "min": 0.0825842171907,
        "var": 0.0214796941727
    },
    "silence_rate_20dB": {
        "dmean": 0.000462748721475,
        "dmean2": 0.000925604545046,
        "dvar": 0.000462537573185,
        "dvar2": 0.000924759893678,
        "max": 1,
        "mean": 0.999537289143,
        "median": 1,
        "min": 0,
        "var": 0.000462484138552
    },
    "silence_rate_30dB": {
        "dmean": 0.0150393340737,
        "dmean2": 0.0300821475685,
        "dvar": 0.0148132480681,
        "dvar2": 0.0319548733532,
        "max": 1,
        "mean": 0.979294419289,
        "median": 1,
        "min": 0,
        "var": 0.020275996998
    },
    "silence_rate_60dB": {
        "dmean": 0.0555298477411,
        "dmean2": 0.111072547734,
        "dvar": 0.0524454824626,
        "dvar2": 0.113773360848,
        "max": 1,
        "mean": 0.281550019979,
        "median": 0,
        "min": 0,
        "var": 0.202255800366
    },
    "spectral_centroid": {
        "dmean": 137.688522339,
        "dmean2": 209.483642578,
        "dvar": 65605.65625,
        "dvar2": 138114.078125,
        "max": 11708.6435547,
        "mean": 801.527770996,
        "median": 451.608459473,
        "min": 115.654418945,
        "var": 2345826.25
    },
    "spectral_complexity": {
        "dmean": 1.55714941025,
        "dmean2": 2.32673835754,
        "dvar": 5.58399772644,
        "dvar2": 11.046330452,
        "max": 49,
        "mean": 6.87403106689,
        "median": 6,
        "min": 0,
        "var": 30.5251846313
    },
    "spectral_decrease": {
        "dmean": 1.83685755495e-09,
        "dmean2": 2.51004705909e-09,
        "dvar": 1.55252023701e-17,
        "dvar2": 2.81710949071e-17,
        "max": 2.95048215914e-19,
        "mean": -4.54062965005e-09,
        "median": -2.15576423379e-09,
        "min": -1.32114493567e-07,
        "var": 4.9427499215e-17
    },
    "spectral_energy": {
        "dmean": 0.00724514992908,
        "dmean2": 0.00986110884696,
        "dvar": 0.000252937781624,
        "dvar2": 0.000452998181572,
        "max": 0.559071183205,
        "mean": 0.0179178956896,
        "median": 0.00835375953466,
        "min": 1.01164237383e-20,
        "var": 0.000804875628091
    },
    "spectral_energyband_high": {
        "dmean": 5.09019300807e-05,
        "dmean2": 7.67787059885e-05,
        "dvar": 5.22148475568e-08,
        "dvar2": 1.3242096486e-07,
        "max": 0.00792840216309,
        "mean": 7.68233512645e-05,
        "median": 8.65413767315e-06,
        "min": 7.01014243389e-21,
        "var": 7.26437647813e-08
    },
    "spectral_energyband_low": {
        "dmean": 0.00313552515581,
        "dmean2": 0.00464545562863,
        "dvar": 4.29695792263e-05,
        "dvar2": 9.58781747613e-05,
        "max": 0.124986410141,
        "mean": 0.00616731727496,
        "median": 0.00181094603613,
        "min": 1.22626495007e-23,
        "var": 0.000101444864413
    },
    "spectral_energyband_middle_high": {
        "dmean": 0.00144502753392,
        "dmean2": 0.00189766846597,
        "dvar": 5.25733157701e-05,
        "dvar2": 9.06843415578e-05,
        "max": 0.27730602026,
        "mean": 0.0026533564087,
        "median": 0.000174690969288,
        "min": 1.14536383428e-21,
        "var": 0.000129937674501
    },
    "spectral_energyband_middle_low": {
        "dmean": 0.00410777144134,
        "dmean2": 0.00579174887389,
        "dvar": 0.000115920207463,
        "dvar2": 0.000226852993364,
        "max": 0.340766340494,
        "mean": 0.00947089772671,
        "median": 0.00354807148688,
        "min": 1.50892480914e-22,
        "var": 0.00032657122938
    },
    "spectral_entropy": {
        "dmean": 0.248404100537,
        "dmean2": 0.363883703947,
        "dvar": 0.0804366841912,
        "dvar2": 0.162343725562,
        "max": 9.8245382309,
        "mean": 6.5639705658,
        "median": 6.60413885117,
        "min": 3.4266166687,
        "var": 0.875551819801
    },
    "spectral_flux": {
        "dmean": 0.0212769582868,
        "dmean2": 0.0332581885159,
        "dvar": 0.00100997264963,
        "dvar2": 0.00234392215498,
        "max": 0.650435090065,
        "mean": 0.0513254143298,
        "median": 0.034989207983,
        "min": 6.35691360662e-11,
        "var": 0.00282236258499
    },
    "spectral_kurtosis": {
        "dmean": 6.12592220306,
        "dmean2": 9.98294067383,
        "dvar": 138.637893677,
        "dvar2": 351.552490234,
        "max": 343.260620117,
        "mean": 21.8266296387,
        "median": 9.18290424347,
        "min": -1.26495110989,
        "var": 1371.11645508
    },
    "spectral_rms": {
        "dmean": 0.000705484184437,
        "dmean2": 0.000946118729189,
        "dvar": 1.01912075934e-06,
        "dvar2": 1.73529906533e-06,
        "max": 0.0233545564115,
        "mean": 0.00333884567954,
        "median": 0.00285482220352,
        "min": 3.14160503168e-12,
        "var": 6.33296212982e-06
    },
    "spectral_rolloff": {
        "dmean": 179.907501221,
        "dmean2": 308.724578857,
        "dvar": 281608.21875,
        "dvar2": 693644,
        "max": 19745.9472656,
        "mean": 963.529785156,
        "median": 409.130859375,
        "min": 21.533203125,
        "var": 7391259
    },
    "spectral_skewness": {
        "dmean": 0.484670549631,
        "dmean2": 0.762378454208,
        "dvar": 0.353623270988,
        "dvar2": 0.834323167801,
        "max": 15.3156518936,
        "mean": 3.13353300095,
        "median": 2.50054740906,
        "min": -0.0823654606938,
        "var": 5.0056643486
    },
    "spectral_spread": {
        "dmean": 582750.75,
        "dmean2": 877000.625,
        "dvar": 707142418432,
        "dvar2": 1.29681378509e+12,
        "max": 42705760,
        "mean": 4323004.5,
        "median": 3416747.5,
        "min": 288383.34375,
        "var": 3.03482368164e+13
    },
    "spectral_strongpeak": {
        "dmean": 0.336705625057,
        "dmean2": 0.511216521263,
        "dvar": 0.652492344379,
        "dvar2": 1.25959420204,
        "max": 18.4409618378,
        "mean": 0.746745705605,
        "median": 0.355844974518,
        "min": 0,
        "var": 1.86407876015
    },
    "zerocrossingrate": {
        "dmean": 0.0056936959736,
        "dmean2": 0.00699920626357,
        "dvar": 7.83194191172e-05,
        "dvar2": 0.00011868965521,
        "max": 0.52587890625,
        "mean": 0.0359406620264,
        "median": 0.02099609375,
        "min": 0,
        "var": 0.00514708459377
    },
    "barkbands": {
        "dmean": [3.69120716641e-05, 0.00206176168285, 0.00126450671814, 0.000528272357769, 0.00162386870943, 0.000692605739459, 0.000708040548488, 0.00100860837847, 0.000743213342503, 0.000417516945163, 0.000196581080672, 0.00023800523195, 0.000249916745815, 0.000357531534974, 0.000283744739136, 9.92376590148e-05, 6.11430004938e-05, 6.06964276813e-05, 3.06585679937e-05, 2.31479752983e-05, 1.66016834555e-05, 1.17826994028e-05, 6.2260460254e-06, 5.47187028133e-06, 2.79286405203e-06, 1.74694025645e-06, 2.47767047767e-07],
        "dmean2": [6.65721672704e-05, 0.00318766967393, 0.00185336358845, 0.000846188864671, 0.0025506184902, 0.00106501765549, 0.00102344760671, 0.0014178045094, 0.00102396833245, 0.000581699190661, 0.000288777315291, 0.00034626366687, 0.000363187980838, 0.000510130310431, 0.000417290604673, 0.000138946954394, 8.63252498675e-05, 8.71712472872e-05, 4.48325554316e-05, 3.48189278156e-05, 2.57293231698e-05, 1.89713591681e-05, 9.78533262241e-06, 8.37650350149e-06, 4.340770829e-06, 2.63100469056e-06, 4.14947237459e-07],
        "dvar": [2.11272013217e-08, 2.20490128413e-05, 1.07511277747e-05, 2.3679970127e-06, 1.36611415655e-05, 7.30967985874e-06, 9.77353465714e-06, 3.47912427969e-05, 2.25136900553e-05, 8.97290283319e-06, 2.51240862781e-06, 4.42377950094e-06, 4.45705973107e-06, 9.72473389993e-06, 9.89586078504e-06, 1.02436160887e-06, 8.68930030151e-08, 5.92124358434e-08, 2.54391920862e-08, 1.29772121937e-08, 7.23359327992e-09, 5.27766808034e-09, 4.90010587662e-10, 9.25186982581e-10, 1.09101040702e-10, 3.77842201971e-11, 1.77496082068e-12],
        "dvar2": [6.2483884733e-08, 5.40411892871e-05, 2.12328395719e-05, 5.95267692916e-06, 3.2903830288e-05, 1.69468803506e-05, 1.73772823473e-05, 7.12112741894e-05, 4.18823510699e-05, 1.70622806763e-05, 4.97320070281e-06, 9.4244887805e-06, 8.68239749252e-06, 2.00127033168e-05, 2.27200489462e-05, 1.55263478518e-06, 1.48433443314e-07, 1.22616043541e-07, 6.14536759258e-08, 3.02830329701e-08, 1.6898242805e-08, 1.4853775987e-08, 1.26791088739e-09, 2.04375361079e-09, 2.39265302016e-10, 8.57243998009e-11, 4.83721829952e-12],
        "max": [0.00744229229167, 0.110764846206, 0.0714346244931, 0.0335651822388, 0.0640932023525, 0.144442528486, 0.11041020602, 0.227272421122, 0.181664586067, 0.128148466349, 0.107215993106, 0.147818312049, 0.142321050167, 0.155113562942, 0.221788823605, 0.0889469310641, 0.0164556130767, 0.00631980178878, 0.00485496269539, 0.00397916138172, 0.00253806589171, 0.00340046081692, 0.000680895231199, 0.00219427840784, 0.000553037039936, 0.000218003158807, 3.56483105861e-05],
        "mean": [3.84647792089e-05, 0.00374750071205, 0.0020715224091, 0.000789698853623, 0.00309092155658, 0.00127252726816, 0.00121768005192, 0.00158297666349, 0.00123127840925, 0.000623616855592, 0.000270191900199, 0.000352525676135, 0.000353900337359, 0.000420708820457, 0.000378483819077, 0.000145530488226, 0.000101155026641, 9.02145111468e-05, 4.53579013993e-05, 3.17156664096e-05, 2.27635700867e-05, 1.53416476678e-05, 8.57041231939e-06, 8.20739296614e-06, 4.27187706009e-06, 2.51299024967e-06, 2.41730390371e-07],
        "median": [1.15639741125e-05, 0.000613309151959, 0.00028939844924, 0.000147634855239, 0.00113243609667, 0.000277896935586, 0.000163267031894, 7.10681488272e-05, 4.60495139123e-05, 2.54842998402e-05, 1.11152030513e-05, 1.08646718218e-05, 7.05158390701e-06, 6.44925466986e-06, 5.27380780113e-06, 3.90979903386e-06, 3.14583030558e-06, 2.90794650937e-06, 2.20830679609e-06, 1.38745804179e-06, 1.58883290169e-06, 1.76660637408e-06, 1.27578732645e-06, 1.06413108369e-06, 7.32158696337e-07, 3.90829569596e-07, 2.09286756814e-08],
        "min": [2.14494460225e-25, 1.60005071558e-24, 1.07853526418e-24, 5.28687035197e-25, 4.5172999555e-24, 3.25232974233e-24, 2.66360383484e-24, 4.06606086809e-24, 1.21656172428e-23, 1.59660351175e-23, 1.54392085615e-23, 2.55729173277e-23, 1.64645746992e-23, 2.58923207973e-23, 3.32217315973e-23, 2.5304488472e-23, 6.36908308847e-23, 6.17491160308e-23, 1.15068880947e-22, 1.5109474485e-22, 2.25399800188e-22, 2.85165921852e-22, 3.96744503501e-22, 5.28610113764e-22, 6.7657300509e-22, 1.27390398562e-21, 1.9731690732e-21],
        "var": [2.42372006909e-08, 4.88234036311e-05, 2.41345442191e-05, 3.35014419761e-06, 3.08733979182e-05, 1.57713311637e-05, 2.79392988887e-05, 6.76287454553e-05, 5.38318599865e-05, 1.86938741535e-05, 3.66974882127e-06, 6.94884784025e-06, 1.01907899079e-05, 1.30023254314e-05, 1.45596359289e-05, 1.8368837118e-06, 2.24235506607e-07, 1.12340792668e-07, 4.25408117621e-08, 1.90894535734e-08, 1.1397789379e-08, 4.35229141615e-09, 6.57338850019e-10, 1.87799598095e-09, 2.51723336619e-10, 6.6413347044e-11, 1.37559581781e-12]
    },
    "erbbands": {
        "dmean": [0.0315795764327, 0.558501303196, 1.50426638126, 1.35974025726, 4.31971597672, 5.5360045433, 5.69979286194, 5.75489234924, 9.03044128418, 13.8181114197, 23.7071533203, 16.2410984039, 14.0113544464, 9.64468383789, 6.95277023315, 10.8005018234, 10.4975070953, 15.3360481262, 16.8310928345, 9.19316387177, 4.1903128624, 3.43140435219, 3.28682637215, 2.13472867012, 1.26807701588, 1.02434778214, 0.780562877655, 0.592947244644, 0.451591908932, 0.283594846725, 0.154746979475, 0.115484662354, 0.0930628105998, 0.0435518398881, 0.0145737733692, 0.00807671155781, 0.00326018943451, 0.000644783722237, 3.4586963011e-05, 8.9847981144e-06],
        "dmean2": [0.0459656640887, 0.865711152554, 2.23868250847, 2.08815073967, 6.75727128983, 8.84616470337, 8.80996227264, 9.02362537384, 13.0956735611, 19.9285774231, 32.5332107544, 21.9444942474, 18.7862586975, 13.4336452484, 9.9441280365, 15.3473243713, 14.7670192719, 21.589466095, 23.9185237885, 12.3555984497, 5.6039814949, 4.60092735291, 4.56029462814, 3.12739658356, 1.75114047527, 1.49671113491, 1.19463229179, 0.942034840584, 0.732459664345, 0.450770735741, 0.239256799221, 0.177105158567, 0.142585590482, 0.0689245313406, 0.0221312344074, 0.0123081039637, 0.00499436119571, 0.000989383435808, 5.80801715842e-05, 1.25344167827e-05],
        "dvar": [0.00539503293112, 1.59387123585, 13.8686246872, 10.7721500397, 152.59286499, 167.566864014, 237.986862183, 638.593261719, 1960.78833008, 5334.60302734, 21194.2734375, 11063.6210938, 10938.2119141, 7202.80224609, 1513.77770996, 10518.4804688, 6720.68945312, 18743.5214844, 38228.4960938, 5267.56738281, 763.671813965, 350.038421631, 178.876403809, 111.004364014, 32.510055542, 23.4019927979, 16.691942215, 11.2614994049, 10.0253419876, 1.49223017693, 0.270559132099, 0.494087010622, 0.191222131252, 0.0301374401897, 0.00291339657269, 0.000923739280552, 0.000132618326461, 5.77216360398e-06, 5.27428873909e-08, 4.3509590375e-10],
        "dvar2": [0.0117165287957, 3.92943716049, 27.5406169891, 25.7278594971, 340.84954834, 421.295227051, 562.402099609, 1527.40710449, 3851.89770508, 10453.5244141, 39401.34375, 20001.4667969, 20310.1230469, 12680.3759766, 3098.38793945, 22776.9121094, 12151.2597656, 37731.21875, 96380.625, 7681.140625, 1314.47363281, 613.070617676, 346.385467529, 264.468078613, 64.3996429443, 51.114818573, 38.4755477905, 29.575176239, 28.5800819397, 4.01100349426, 0.668922901154, 1.17114460468, 0.378702968359, 0.0661654472351, 0.00634319474921, 0.00219639483839, 0.000307512993459, 1.36530479722e-05, 1.48307449876e-07, 8.67033611573e-10],
        "max": [1.5777541399, 29.6397571564, 69.382522583, 72.192489624, 243.250061035, 345.480010986, 464.169342041, 1354.01818848, 1889.04016113, 3001.88305664, 6559.23144531, 4733.33789062, 5098.61914062, 5823.97753906, 1528.13452148, 7323.90820312, 5221.26416016, 8959.00195312, 12738.4707031, 3785.58813477, 2103.08886719, 1220.88598633, 467.37878418, 370.137817383, 256.416656494, 141.494186401, 109.419769287, 113.108184814, 159.99407959, 49.2548751831, 13.5377349854, 52.4793434143, 28.7201576233, 10.0959568024, 3.17542624474, 1.41435146332, 0.298028886318, 0.0743240863085, 0.00688658934087, 0.000688805128448],
        "mean": [0.0608564987779, 1.01343727112, 2.63428235054, 2.33459186554, 6.51184511185, 10.636007309, 11.074763298, 10.5071964264, 17.0747852325, 22.7550678253, 38.6607170105, 27.3038482666, 21.9886302948, 14.5759067535, 10.5831108093, 16.6301898956, 16.1688804626, 19.3202209473, 22.5232181549, 13.6956920624, 6.73806142807, 5.83363819122, 5.21518564224, 3.34797763824, 1.98922467232, 1.46087145805, 1.09478533268, 0.770544052124, 0.56788867712, 0.382854640484, 0.216953188181, 0.165139943361, 0.13867688179, 0.064529158175, 0.0228637326509, 0.0116717917845, 0.00450763199478, 0.000860518950503, 3.90164532291e-05, 2.13484127016e-05],
        "median": [0.00978121254593, 0.17499884963, 0.477833688259, 0.617652833462, 1.64191710949, 3.32683897018, 2.56509828568, 2.57716798782, 2.60760712624, 2.4639518261, 1.90762090683, 1.31980383396, 1.05543279648, 0.774463474751, 0.562917292118, 0.523202955723, 0.428742617369, 0.415405392647, 0.359425634146, 0.285736382008, 0.209513142705, 0.1956820786, 0.175875306129, 0.141747131944, 0.0970239043236, 0.0656294226646, 0.0691149309278, 0.0603312961757, 0.0596512556076, 0.0520095080137, 0.0335027500987, 0.0211902689189, 0.0185328591615, 0.0102500896901, 0.00393601134419, 0.00180844846182, 0.000665672589093, 0.000118034644402, 9.15201781027e-06, 1.00372144516e-05],
        "min": [7.68948667578e-23, 6.09785440768e-22, 1.94660902267e-21, 3.16484936723e-21, 6.11218658407e-21, 1.33573941187e-20, 2.13862862173e-20, 5.55963987074e-20, 6.31856128065e-20, 1.36923827181e-19, 2.62782252513e-19, 3.64263458398e-19, 6.03840864887e-19, 7.86169721566e-19, 1.02418866808e-18, 1.04388528603e-18, 1.41764064196e-18, 1.56986937842e-18, 1.96310183925e-18, 2.12901876049e-18, 2.26428243618e-18, 3.88974941531e-18, 4.41193860985e-18, 4.99959956346e-18, 7.32381247579e-18, 7.03907540225e-18, 8.12871876881e-18, 1.03272721927e-17, 9.37160892437e-18, 1.16200338946e-17, 1.07804778329e-17, 9.72255767004e-18, 8.61904579333e-18, 7.24321944153e-18, 5.88233652108e-18, 4.24643010903e-18, 2.20875380166e-18, 9.96232651714e-19, 2.48598405604e-19, 2.67093259372e-20],
        "var": [0.0152294430882, 3.44644379616, 32.5036849976, 18.7763671875, 275.04574585, 428.193878174, 577.254821777, 1353.98498535, 5897.29492188, 10455.1445312, 45553.484375, 25075.8613281, 22031.1191406, 12435.6542969, 2810.08422852, 16180.9658203, 16381.7832031, 26439.2792969, 43822.8710938, 11247.3623047, 1553.07971191, 850.474975586, 384.622344971, 177.387496948, 78.7485351562, 38.88306427, 26.0068092346, 12.4539241791, 7.51177978516, 1.65634858608, 0.409555256367, 0.706279933453, 0.468386769295, 0.0702033638954, 0.00699145765975, 0.00166866299696, 0.000203725634492, 8.33900048747e-06, 3.52888562816e-08, 1.1837045788e-09]
    },
    "gfcc": {
        "mean": [-172.234939575, 137.78742981, -80.0491714478, 16.1501712799, -55.9698677063, 4.86088943481, -39.2377815247, 1.49704957008, -17.20586586, -2.21081733704, -11.4141378403, -3.64682626724, -6.64392614365],
        "cov": [[40218.1679688, 514.604797363, -3897.60522461, 2000.0411377, -889.368835449, 684.04296875, -382.30480957, 507.59475708, -554.243896484, 395.403076172, -757.963439941, 274.566864014, -1018.78887939], [514.604797363, 2187.50927734, -138.084564209, -827.027893066, -165.038116455, -240.266921997, -139.848007202, -161.216812134, 115.605827332, -228.854949951, 199.496078491, -220.303619385, 243.860046387], [-3897.60522461, -138.084564209, 1362.45068359, 256.767822266, 23.389383316, 100.649642944, 127.710578918, -59.684879303, 13.4220066071, 27.7536907196, 24.7812767029, 51.4372596741, 71.76121521], [2000.0411377, -827.027893066, 256.767822266, 1146.53430176, 113.558418274, 225.317687988, 136.703979492, 116.872512817, -7.80033588409, 146.126525879, -109.789955139, 125.572738647, -136.857513428], [-889.368835449, -165.038116455, 23.389383316, 113.558418274, 411.857452393, 108.228187561, 92.0293121338, 77.3286132812, 98.9477310181, 28.4514045715, 13.1712942123, -1.29622578621, -19.640203476], [684.04296875, -240.266921997, 100.649642944, 225.317687988, 108.228187561, 314.626922607, 141.34362793, 53.5763893127, -5.56595659256, 61.6477966309, -25.0749969482, 38.8594055176, -57.2480659485], [-382.30480957, -139.848007202, 127.710578918, 136.703979492, 92.0293121338, 141.34362793, 274.089660645, 69.7302246094, 26.5647602081, 24.6678600311, 29.9595718384, 29.0954971313, -23.1480751038], [507.59475708, -161.216812134, -59.684879303, 116.872512817, 77.3286132812, 53.5763893127, 69.7302246094, 185.522125244, 58.1422920227, 26.0060253143, -15.094209671, 16.9506168365, -47.0578689575], [-554.243896484, 115.605827332, 13.4220066071, -7.80033588409, 98.9477310181, -5.56595659256, 26.5647602081, 58.1422920227, 180.418624878, 39.0800743103, 34.3528442383, -30.2898464203, 43.3492889404], [395.403076172, -228.854949951, 27.7536907196, 146.126525879, 28.4514045715, 61.6477966309, 24.6678600311, 26.0060253143, 39.0800743103, 149.203186035, 4.46017456055, 28.5875301361, -43.055770874], [-757.963439941, 199.496078491, 24.7812767029, -109.789955139, 13.1712942123, -25.0749969482, 29.9595718384, -15.094209671, 34.3528442383, 4.46017456055, 155.900894165, -2.98866796494, 41.7826156616], [274.566864014, -220.303619385, 51.4372596741, 125.572738647, -1.29622578621, 38.8594055176, 29.0954971313, 16.9506168365, -30.2898464203, 28.5875301361, -2.98866796494, 145.871688843, 4.91686344147], [-1018.78887939, 243.860046387, 71.76121521, -136.857513428, -19.640203476, -57.2480659485, -23.1480751038, -47.0578689575, 43.3492889404, -43.055770874, 41.7826156616, 4.91686344147, 171.076370239]],
        "icov": [[0.000124123936985, -0.000329423026415, 0.000360190955689, -0.000306262139929, 0.00024676125031, -0.000280402164208, 0.000149281404447, -0.000257815932855, 0.000310292176437, -0.000416316150222, 0.000458425172837, -0.00037590941065, 0.000411879154854], [-0.000329423026415, 0.00184527656529, -0.000905592925847, 0.00108003360219, -0.000263958238065, 0.000524974486325, -0.000220552494284, 0.0010635801591, -0.00164702488109, 0.00220814719796, -0.00206592469476, 0.00180866592564, -0.00151448696852], [0.000360190955689, -0.000905592925847, 0.00192178518046, -0.00111101684161, 0.000776397413574, -0.000943146180362, 5.47349882254e-05, -0.000224673873163, 0.000769377860706, -0.00116460642312, 0.00122644752264, -0.00110416952521, 0.000704219564795], [-0.000306262139929, 0.00108003360219, -0.00111101684161, 0.00222312565893, -0.000635387201328, 0.000320102029946, -0.000497052271385, 0.000398072850658, -0.000982850440778, 0.000553859164938, -0.000539759057574, 0.000341801409377, -0.000532024132553], [0.00024676125031, -0.000263958238065, 0.000776397413574, -0.000635387201328, 0.00393031723797, -0.00159354414791, 7.49439932406e-05, -0.000588960188907, -0.00169326073956, 0.000302754953736, 0.000335304328473, -0.000522048329003, 0.00121625338215], [-0.000280402164208, 0.000524974486325, -0.000943146180362, 0.000320102029946, -0.00159354414791, 0.00587118417025, -0.00252356403507, 0.000351012829924, 0.000612481846474, -0.000798024935648, -1.8992573132e-06, 0.000565805472434, -0.000601459003519], [0.000149281404447, -0.000220552494284, 5.47349882254e-05, -0.000497052271385, 7.49439932406e-05, -0.00252356403507, 0.0059091290459, -0.00171923835296, -6.75039586895e-07, 0.0004664749722, -0.00128464854788, -0.000653687107842, 0.000723681412637], [-0.000257815932855, 0.0010635801591, -0.000224673873163, 0.000398072850658, -0.000588960188907, 0.000351012829924, -0.00171923835296, 0.00900969002396, -0.00465125450864, 0.00242543779314, -0.000464732380351, -0.000478365458548, 0.00157305272296], [0.000310292176437, -0.00164702488109, 0.000769377860706, -0.000982850440778, -0.00169326073956, 0.000612481846474, -6.75039586895e-07, -0.00465125450864, 0.012025937438, -0.00601920764893, 0.00095837545814, 0.00166414421983, -0.00302640139125], [-0.000416316150222, 0.00220814719796, -0.00116460642312, 0.000553859164938, 0.000302754953736, -0.000798024935648, 0.0004664749722, 0.00242543779314, -0.00601920764893, 0.0127369211987, -0.00370631203987, 2.23232291319e-05, 0.00143811129965], [0.000458425172837, -0.00206592469476, 0.00122644752264, -0.000539759057574, 0.000335304328473, -1.8992573132e-06, -0.00128464854788, -0.000464732380351, 0.00095837545814, -0.00370631203987, 0.0105189913884, -0.00252288603224, 0.000792596081737], [-0.00037590941065, 0.00180866592564, -0.00110416952521, 0.000341801409377, -0.000522048329003, 0.000565805472434, -0.000653687107842, -0.000478365458548, 0.00166414421983, 2.23232291319e-05, -0.00252288603224, 0.0108540067449, -0.00428262865171], [0.000411879154854, -0.00151448696852, 0.000704219564795, -0.000532024132553, 0.00121625338215, -0.000601459003519, 0.000723681412637, 0.00157305272296, -0.00302640139125, 0.00143811129965, 0.000792596081737, -0.00428262865171, 0.0112632550299]]
    },
    "melbands": {
        "dmean": [0.00044515542686, 0.000765997509006, 0.000316902558552, 0.000354123185389, 0.000211548758671, 0.000132284621941, 0.000138674891787, 0.00016365981719, 0.000197824847419, 9.37158984016e-05, 6.96033894201e-05, 4.01140387112e-05, 2.37381118495e-05, 2.5337381885e-05, 3.14862045343e-05, 2.17405231524e-05, 3.03574852296e-05, 2.95593181363e-05, 1.9390912712e-05, 8.62591332407e-06, 4.37300786871e-06, 3.69683334611e-06, 3.37386245519e-06, 2.9196307878e-06, 1.70037958469e-06, 9.88831857285e-07, 8.69425775818e-07, 6.65361483243e-07, 5.4361828461e-07, 4.21169289666e-07, 3.33418967102e-07, 2.80655740426e-07, 1.89684001839e-07, 1.52290454025e-07, 8.92711682354e-08, 8.31112174637e-08, 7.04097118387e-08, 6.94674113788e-08, 5.86814650205e-08, 3.17778834358e-08],
        "dmean2": [0.000671812333167, 0.00115774001461, 0.000482445000671, 0.000561825698242, 0.000330016831867, 0.000205326257856, 0.00020000996301, 0.000238212276599, 0.000273487064987, 0.000127277322463, 9.41769394558e-05, 5.65952032048e-05, 3.42896892107e-05, 3.66796375602e-05, 4.5286706154e-05, 3.07511036226e-05, 4.37036942458e-05, 4.259369598e-05, 2.69746433332e-05, 1.18074704005e-05, 6.16923261987e-06, 5.03334149471e-06, 4.72151805297e-06, 4.29104238719e-06, 2.54083556683e-06, 1.38713801334e-06, 1.28913814024e-06, 9.91091724245e-07, 8.49598677632e-07, 6.49362107197e-07, 5.41310782864e-07, 4.58639561884e-07, 3.05804377376e-07, 2.4449235525e-07, 1.39747314165e-07, 1.28251713249e-07, 1.08941733856e-07, 1.06382870513e-07, 9.39371460618e-08, 5.10373467932e-08],
        "dvar": [1.03920137917e-06, 3.00687065646e-06, 6.23455889581e-07, 7.60288173751e-07, 2.78826945532e-07, 3.54152035698e-07, 4.26837743817e-07, 7.62110062169e-07, 1.51555627781e-06, 3.45468748719e-07, 2.78946998833e-07, 1.16490014079e-07, 2.16520739116e-08, 5.61999726756e-08, 7.27881399598e-08, 2.20726565914e-08, 7.30704812213e-08, 1.11650507506e-07, 3.87317591333e-08, 1.08403979127e-08, 6.22554563456e-10, 4.15745465832e-10, 2.37848962747e-10, 1.39280212363e-10, 8.83893860881e-11, 2.51663620499e-11, 2.43893013424e-11, 1.00061053193e-11, 9.18904969477e-12, 4.74768141467e-12, 4.72001344259e-12, 3.94547415572e-12, 1.16625307502e-12, 3.94147605179e-13, 9.19070863251e-14, 7.91195247881e-14, 3.31210482218e-13, 1.10835819689e-13, 7.29069582484e-14, 1.79762448145e-14],
        "dvar2": [2.42565852204e-06, 6.60254227114e-06, 1.43706859035e-06, 1.82985888841e-06, 6.78285914546e-07, 8.3887692881e-07, 8.23293760277e-07, 1.57561498781e-06, 2.73826981356e-06, 6.23868913863e-07, 5.18806302807e-07, 2.10230140851e-07, 4.37032419143e-08, 1.25681552277e-07, 1.4135433446e-07, 4.12681018247e-08, 1.49895200252e-07, 2.73707541965e-07, 5.84253321279e-08, 1.7289844223e-08, 1.35620170649e-09, 7.3348577212e-10, 4.6154058353e-10, 3.13156917064e-10, 2.18864912305e-10, 5.00679740723e-11, 5.88098597598e-11, 2.12352687518e-11, 2.19285718056e-11, 1.03874738672e-11, 1.31210381102e-11, 1.12485350895e-11, 3.254414533e-12, 1.05810108939e-12, 2.31632936573e-13, 1.8733005056e-13, 7.92171070494e-13, 1.97501127323e-13, 1.82795578262e-13, 4.121771758e-14],
        "max": [0.0232191719115, 0.0280120149255, 0.0166021063924, 0.0163793675601, 0.0137911224738, 0.0336283370852, 0.0255775265396, 0.0414565838873, 0.0535282678902, 0.0253180209547, 0.0253056287766, 0.0224343519658, 0.00686210533604, 0.0174238402396, 0.0181355755776, 0.00603938102722, 0.0166422054172, 0.0191328264773, 0.0125205907971, 0.00920207239687, 0.00107630470302, 0.00121635408141, 0.000520795525517, 0.000293045100989, 0.0003640151117, 0.000213743085624, 0.000239009648794, 9.971466352e-05, 8.08961267467e-05, 7.62698909966e-05, 8.85171248228e-05, 9.33145420277e-05, 5.66518683627e-05, 2.54520309682e-05, 6.90974684403e-06, 8.10062010714e-06, 4.51336600236e-05, 2.22443595703e-05, 1.56058176799e-05, 7.16748945706e-06],
        "mean": [0.000832796795294, 0.00141802371945, 0.000534930382855, 0.000622374529485, 0.000426649930887, 0.000240990499151, 0.00025934324367, 0.000265423295787, 0.000326238456182, 0.000155467729201, 0.000106574261736, 5.88960829191e-05, 3.47630339093e-05, 3.70939087588e-05, 4.84442716697e-05, 3.00411102216e-05, 3.63718390872e-05, 3.66638087144e-05, 2.76967111859e-05, 1.21312450574e-05, 6.81602477925e-06, 5.93601953369e-06, 5.27684733242e-06, 4.28835119237e-06, 2.55313807429e-06, 1.51408073634e-06, 1.24657537981e-06, 8.98619191503e-07, 7.15316446076e-07, 5.8244580714e-07, 3.97931245288e-07, 3.39852078923e-07, 2.49513760764e-07, 1.96950310283e-07, 1.20394304304e-07, 1.13202418106e-07, 9.60788355542e-08, 1.01497114713e-07, 8.03769282243e-08, 4.56397444282e-08],
        "median": [0.000136906062835, 0.000314235570841, 0.000145346159115, 0.000210637503187, 0.000107335486973, 5.53859499632e-05, 3.83327715099e-05, 2.27177770284e-05, 1.244347186e-05, 6.81909068589e-06, 4.61775925942e-06, 2.59192620433e-06, 1.65142216701e-06, 1.24459188555e-06, 1.02630065157e-06, 7.09468679361e-07, 6.35611741018e-07, 4.96967970776e-07, 3.7164124933e-07, 3.30446908947e-07, 1.86319553563e-07, 1.7344665082e-07, 1.75788784418e-07, 1.32237460093e-07, 1.03045771027e-07, 7.4350545276e-08, 4.91324847474e-08, 3.82391895926e-08, 4.00309509985e-08, 3.95559283106e-08, 3.11118562024e-08, 3.18024291346e-08, 3.2497503355e-08, 2.5501471157e-08, 1.85150881293e-08, 1.64361217969e-08, 1.03504982363e-08, 1.32839259592e-08, 1.04511173049e-08, 7.46280637287e-09],
        "min": [1.62742902076e-24, 8.53579645531e-25, 1.19194486614e-24, 3.72636370515e-25, 6.80656700549e-25, 1.15322185367e-24, 7.55498054691e-25, 1.63273154655e-24, 1.86953250334e-24, 2.10637102962e-24, 2.47095236608e-24, 2.65873518254e-24, 2.98708650421e-24, 2.93560563875e-24, 2.32216609961e-24, 2.79486851453e-24, 1.81318456331e-24, 1.95152216987e-24, 2.70929741948e-24, 2.56904938901e-24, 2.72519474166e-24, 3.86373461198e-24, 3.43690919187e-24, 2.70220950425e-24, 3.04998021482e-24, 3.74181142591e-24, 3.85781263317e-24, 4.62138423549e-24, 3.46995694177e-24, 4.37013953135e-24, 3.97205073629e-24, 4.86100980735e-24, 5.4479128545e-24, 5.18664685586e-24, 5.53882315737e-24, 4.61292764658e-24, 6.33194588363e-24, 6.09341880058e-24, 5.66226805613e-24, 5.02412928204e-24],
        "var": [2.5860090318e-06, 6.69630617267e-06, 1.10976498036e-06, 1.5189646092e-06, 7.01859335095e-07, 7.15987141575e-07, 1.30578894186e-06, 1.44683508552e-06, 3.47568970938e-06, 7.83000814408e-07, 5.67644178773e-07, 2.05290959343e-07, 3.83365161838e-08, 7.35363343551e-08, 1.8045436434e-07, 4.06368201311e-08, 9.8959326067e-08, 1.2595178589e-07, 8.64463913786e-08, 1.69771059433e-08, 1.18462573084e-09, 9.34901711602e-10, 5.03616648384e-10, 2.42589143218e-10, 1.24190435713e-10, 6.004927805e-11, 3.40118766484e-11, 1.69357427388e-11, 1.22434605856e-11, 8.91588192165e-12, 3.86513694314e-12, 2.91563734961e-12, 1.05275282849e-12, 4.3880415794e-13, 1.32381762887e-13, 1.23905998851e-13, 4.28769189207e-13, 2.88393088707e-13, 1.25578448465e-13, 3.66560318069e-14]
    },
    "mfcc": {
        "mean": [-800.811157227, 157.349014282, 31.8581371307, 21.0241851807, 4.69504594803, 2.42200922966, -6.34320735931, -0.877391159534, -2.71615839005, -1.84421813488, 0.215241983533, -2.14631152153, -3.08423519135],
        "cov": [[15917.5458984, 1568.60900879, -2175.22338867, 306.887176514, 389.244415283, 250.309585571, 214.214309692, 419.893341064, 19.4913463593, 259.546142578, 283.924621582, 145.402328491, -24.8682498932], [1568.60900879, 1971.1270752, 61.1292076111, -219.17729187, -81.4917984009, -43.3532524109, -60.43542099, -17.7185630798, -31.6011257172, -24.8960590363, 21.1886329651, 8.95781421661, -3.58350396156], [-2175.22338867, 61.1292076111, 1141.75793457, 201.848526001, -59.9782524109, 73.8584747314, 17.8899364471, -45.5542984009, 31.6404075623, -79.2594680786, -50.3162307739, -16.4632511139, -1.70157468319], [306.887176514, -219.17729187, 201.848526001, 547.522705078, 179.824630737, 109.112770081, 37.4248771667, 70.4441452026, 80.782119751, 6.23066186905, 27.280506134, 65.4293136597, 39.2327651978], [389.244415283, -81.4917984009, -59.9782524109, 179.824630737, 317.968048096, 113.304534912, 37.0184211731, 75.8902511597, 66.1615524292, 77.6017379761, 43.4052886963, 22.0206985474, 37.0525894165], [250.309585571, -43.3532524109, 73.8584747314, 109.112770081, 113.304534912, 262.099151611, 121.236129761, 57.9601554871, 62.9166107178, 27.6104774475, 42.8081855774, 28.5298995972, 36.2347831726], [214.214309692, -60.43542099, 17.8899364471, 37.4248771667, 37.0184211731, 121.236129761, 205.325363159, 105.741218567, 14.9712400436, 30.8292922974, 48.6993980408, 26.0378665924, 22.849489212], [419.893341064, -17.7185630798, -45.5542984009, 70.4441452026, 75.8902511597, 57.9601554871, 105.741218567, 188.227416992, 68.5151443481, 21.3002796173, 30.9929027557, 37.0872840881, 36.5850639343], [19.4913463593, -31.6011257172, 31.6404075623, 80.782119751, 66.1615524292, 62.9166107178, 14.9712400436, 68.5151443481, 152.533172607, 46.1263999939, 8.34831428528, 22.0053062439, 30.6120204926], [259.546142578, -24.8960590363, -79.2594680786, 6.23066186905, 77.6017379761, 27.6104774475, 30.8292922974, 21.3002796173, 46.1263999939, 179.147277832, 73.2976074219, -20.0785236359, 8.0035610199], [283.924621582, 21.1886329651, -50.3162307739, 27.280506134, 43.4052886963, 42.8081855774, 48.6993980408, 30.9929027557, 8.34831428528, 73.2976074219, 141.286193848, 50.5859184265, 3.5612077713], [145.402328491, 8.95781421661, -16.4632511139, 65.4293136597, 22.0206985474, 28.5298995972, 26.0378665924, 37.0872840881, 22.0053062439, -20.0785236359, 50.5859184265, 143.177688599, 52.7762756348], [-24.8682498932, -3.58350396156, -1.70157468319, 39.2327651978, 37.0525894165, 36.2347831726, 22.849489212, 36.5850639343, 30.6120204926, 8.0035610199, 3.5612077713, 52.7762756348, 119.457427979]],
