{
"lowlevel": {
    "average_loudness": 0.524284183979,
    "barkbands_crest": {
        "dmean": 2.20492362976,
        "dmean2": 3.50620245934,
        "dvar": 5.42454242706,
        "dvar2": 12.2218780518,
        "max": 26.6885070801,
        "mean": 13.9819698334,
        "median": 13.0564651489,
        "min": 3.1563615799,
        "var": 28.0938529968
    },
    "barkbands_flatness_db": {
        "dmean": 0.0227941274643,
        "dmean2": 0.0327039845288,
        "dvar": 0.000569139840081,
        "dvar2": 0.00115928496234,
        "max": 0.541298508644,
        "mean": 0.229377746582,
        "median": 0.226476043463,
        "min": 0.0440170317888,
        "var": 0.00501275202259
    },
    "barkbands_kurtosis": {
        "dmean": 6.5126080513,
        "dmean2": 10.1524400711,
        "dvar": 219.656585693,
        "dvar2": 511.038726807,
        "max": 626.099060059,
        "mean": 15.8554410934,
        "median": 6.84610652924,
        "min": -1.91618108749,
        "var": 953.303710938
    },
    "barkbands_skewness": {
        "dmean": 0.664953052998,
        "dmean2": 1.00773859024,
        "dvar": 0.695641458035,
        "dvar2": 1.55363070965,
        "max": 20.5370025635,
        "mean": 2.2009267807,
        "median": 1.78854382038,
        "min": -5.84914255142,
        "var": 4.80300426483
    },
    "barkbands_spread": {
        "dmean": 2.94258165359,
        "dmean2": 4.46092748642,
        "dvar": 30.852514267,
        "dvar2": 66.5457611084,
        "max": 133.780303955,
        "mean": 10.0047578812,
        "median": 6.84538078308,
        "min": 0.241040155292,
        "var": 128.955215454
    },
    "dissonance": {
        "dmean": 0.032688383013,
        "dmean2": 0.0546636544168,
        "dvar": 0.00112444395199,
        "dvar2": 0.00300939963199,
        "max": 0.5,
        "mean": 0.419406622648,
        "median": 0.43086335063,
        "min": 0.172096177936,
        "var": 0.0031002718024
    },
    "dynamic_complexity": 6.4475646019,
    "erbbands_crest": {
        "dmean": 2.47470092773,
        "dmean2": 3.73108124733,
        "dvar": 8.04835128784,
        "dvar2": 17.2459392548,
        "max": 34.8606376648,
        "mean": 15.0219449997,
        "median": 13.4523410797,
        "min": 2.64203357697,
        "var": 55.5856361389
    },
    "erbbands_flatness_db": {
        "dmean": 0.0198536422104,
        "dmean2": 0.0267416723073,
        "dvar": 0.000492290419061,
        "dvar2": 0.000818854256067,
        "max": 0.468631058931,
        "mean": 0.209780588746,
        "median": 0.202807188034,
        "min": 0.0390620045364,
        "var": 0.00596502702683
    },
    "erbbands_kurtosis": {
        "dmean": 3.10858416557,
        "dmean2": 4.39658403397,
        "dvar": 43.242805481,
        "dvar2": 73.1091308594,
        "max": 174.286483765,
        "mean": 6.91266059875,
        "median": 3.22566556931,
        "min": -1.81801748276,
        "var": 168.93145752
    },
    "erbbands_skewness": {
        "dmean": 0.458096504211,
        "dmean2": 0.66755604744,
        "dvar": 0.317269265652,
        "dvar2": 0.62520211935,
        "max": 11.021150589,
        "mean": 1.41819262505,
        "median": 1.30979657173,
        "min": -7.22186231613,
        "var": 1.97415137291
    },
    "erbbands_spread": {
        "dmean": 6.86562633514,
        "dmean2": 9.8614025116,
        "dvar": 99.0934295654,
        "dvar2": 196.505050659,
        "max": 150.762390137,
        "mean": 28.4698734283,
        "median": 17.9515953064,
        "min": 0.517269551754,
        "var": 731.65423584
    },
    "hfc": {
        "dmean": 3.38471698761,
        "dmean2": 4.55953264236,
        "dvar": 74.1063308716,
        "dvar2": 145.945037842,
        "max": 239.041244507,
        "mean": 9.23495101929,
        "median": 3.49268007278,
        "min": 1.11474009251e-16,
        "var": 215.121063232
    },
    "melbands_crest": {
        "dmean": 2.75851821899,
        "dmean2": 4.45278930664,
        "dvar": 8.19833087921,
        "dvar2": 20.0202198029,
        "max": 35.0802383423,
        "mean": 17.7388648987,
        "median": 16.9633693695,
        "min": 1.81388115883,
        "var": 37.8036231995
    },
    "melbands_flatness_db": {
        "dmean": 0.0250264815986,
        "dmean2": 0.0364116318524,
        "dvar": 0.000734184170142,
        "dvar2": 0.00155420112424,
        "max": 0.691093802452,
        "mean": 0.308721780777,
        "median": 0.306164622307,
        "min": 0.0034988229163,
        "var": 0.00685076834634
    },
    "melbands_kurtosis": {
        "dmean": 11.3503341675,
        "dmean2": 17.6083812714,
        "dvar": 563.63494873,
        "dvar2": 1287.94970703,
        "max": 549.39239502,
        "mean": 28.6184444427,
        "median": 9.96887779236,
        "min": -1.85644829273,
        "var": 2638.4519043
    },
    "melbands_skewness": {
        "dmean": 0.790540575981,
        "dmean2": 1.18878674507,
        "dvar": 1.0002720356,
        "dvar2": 2.14135313034,
        "max": 18.9443664551,
        "mean": 2.70834922791,
        "median": 2.00328493118,
        "min": -4.74553775787,
        "var": 7.84659004211
    },
    "melbands_spread": {
        "dmean": 2.86768102646,
        "dmean2": 4.45859575272,
        "dvar": 29.2711410522,
        "dvar2": 64.772895813,
        "max": 219.231750488,
        "mean": 10.4613142014,
        "median": 7.7722234726,
        "min": 0.372686833143,
        "var": 156.061035156
    },
    "pitch_salience": {
        "dmean": 0.0624407380819,
        "dmean2": 0.101540774107,
        "dvar": 0.00414990494028,
        "dvar2": 0.0101814009249,
        "max": 0.857839047909,
        "mean": 0.443214297295,
        "median": 0.448822647333,
        "min": 0.0518413037062,
        "var": 0.0185472089797
    },
    "silence_rate_20dB": {
        "dmean": 0,
        "dmean2": 0,
        "dvar": 0,
        "dvar2": 0,
        "max": 1,
        "mean": 1,
        "median": 1,
        "min": 1,
        "var": 0
    },
    "silence_rate_30dB": {
        "dmean": 0.0140816466883,
        "dmean2": 0.0281651988626,
        "dvar": 0.0138834128156,
        "dvar2": 0.0327883921564,
        "max": 1,
        "mean": 0.986596286297,
        "median": 1,
        "min": 0,
        "var": 0.0132259754464
    },
    "silence_rate_60dB": {
        "dmean": 0.0400785319507,
        "dmean2": 0.0801624879241,
        "dvar": 0.0384742133319,
        "dvar2": 0.0818640217185,
        "max": 1,
        "mean": 0.215949088335,
        "median": 0,
        "min": 0,
        "var": 0.169314548373
    },
    "spectral_centroid": {
        "dmean": 125.276115417,
        "dmean2": 189.847991943,
        "dvar": 53933.3007812,
        "dvar2": 115556.460938,
        "max": 11752.0810547,
        "mean": 728.07421875,
        "median": 595.528930664,
        "min": 139.565567017,
        "var": 275401
    },
    "spectral_complexity": {
        "dmean": 1.31365513802,
        "dmean2": 2.10805678368,
        "dvar": 2.87200427055,
        "dvar2": 6.24299287796,
        "max": 33,
        "mean": 7.33962917328,
        "median": 7,
        "min": 0,
        "var": 18.6986236572
    },
    "spectral_decrease": {
        "dmean": 1.71882952316e-09,
        "dmean2": 2.43914288767e-09,
        "dvar": 1.16745120098e-17,
        "dvar2": 2.46201673561e-17,
        "max": 1.80494290491e-28,
        "mean": -5.05785502369e-09,
        "median": -2.63730326466e-09,
        "min": -5.37402193856e-08,
        "var": 3.99373321478e-17
    },
    "spectral_energy": {
        "dmean": 0.00676768925041,
        "dmean2": 0.00957940332592,
        "dvar": 0.000182178337127,
        "dvar2": 0.000382368540158,
        "max": 0.214701846242,
        "mean": 0.0199271664023,
        "median": 0.0103478245437,
        "min": 9.87661244648e-21,
        "var": 0.000622261024546
    },
    "spectral_energyband_high": {
        "dmean": 6.28483030596e-05,
        "dmean2": 9.29423040361e-05,
        "dvar": 4.16039647178e-08,
        "dvar2": 9.43291311728e-08,
        "max": 0.00439433380961,
        "mean": 0.000106447419967,
        "median": 3.218868369e-05,
        "min": 7.04459159834e-21,
        "var": 7.7259436182e-08
    },
    "spectral_energyband_low": {
        "dmean": 0.00293388729915,
        "dmean2": 0.00444809440523,
        "dvar": 6.33956442471e-05,
        "dvar2": 0.000142182587297,
        "max": 0.193155691028,
        "mean": 0.00696532567963,
        "median": 0.00224705738947,
        "min": 4.2530091486e-23,
        "var": 0.000163307093317
    },
    "spectral_energyband_middle_high": {
        "dmean": 0.00116576708388,
        "dmean2": 0.00154205225408,
        "dvar": 2.95996742352e-05,
        "dvar2": 5.6173736084e-05,
        "max": 0.175885692239,
        "mean": 0.00242551486008,
        "median": 0.000287880713586,
        "min": 1.29829117243e-21,
        "var": 6.58644130453e-05
    },
    "spectral_energyband_middle_low": {
        "dmean": 0.00384665373713,
        "dmean2": 0.00544965453446,
        "dvar": 9.89805630525e-05,
        "dvar2": 0.00020888747531,
        "max": 0.208741888404,
        "mean": 0.0108926678076,
        "median": 0.00399906700477,
        "min": 2.62926178507e-22,
        "var": 0.000337218050845
    },
    "spectral_entropy": {
        "dmean": 0.210313513875,
        "dmean2": 0.294599682093,
        "dvar": 0.0504248067737,
        "dvar2": 0.0965131297708,
        "max": 9.80548191071,
        "mean": 6.83554124832,
        "median": 6.842461586,
        "min": 4.77096414566,
        "var": 0.5076867342
    },
    "spectral_flux": {
        "dmean": 0.019148349762,
        "dmean2": 0.0304346065968,
        "dvar": 0.000957100593951,
        "dvar2": 0.0023259895388,
        "max": 0.390225470066,
        "mean": 0.0444164574146,
        "median": 0.030030015856,
        "min": 6.61703955518e-11,
        "var": 0.00185171945486
    },
    "spectral_kurtosis": {
        "dmean": 3.64747834206,
        "dmean2": 6.11375951767,
        "dvar": 41.9518127441,
        "dvar2": 119.965629578,
        "max": 192.442687988,
        "mean": 10.7562799454,
        "median": 5.37019872665,
        "min": -1.25234425068,
        "var": 343.859069824
    },
    "spectral_rms": {
        "dmean": 0.000625899236184,
        "dmean2": 0.000861897773575,
        "dvar": 8.86752047791e-07,
        "dvar2": 1.67614075508e-06,
        "max": 0.014472912997,
        "mean": 0.00369714596309,
        "median": 0.00317733199336,
        "min": 3.10414562978e-12,
        "var": 5.77226683163e-06
    },
    "spectral_rolloff": {
        "dmean": 160.513046265,
        "dmean2": 275.50769043,
        "dvar": 356854.9375,
        "dvar2": 828923.125,
        "max": 19853.6132812,
        "mean": 694.128234863,
        "median": 538.330078125,
        "min": 64.599609375,
        "var": 1073305.625
    },
    "spectral_skewness": {
        "dmean": 0.356732279062,
        "dmean2": 0.564732193947,
        "dvar": 0.166839510202,
        "dvar2": 0.447213470936,
        "max": 11.5442457199,
        "mean": 2.25222301483,
        "median": 1.9452419281,
        "min": -0.0764733180404,
        "var": 1.97196221352
    },
    "spectral_spread": {
        "dmean": 480491.34375,
        "dmean2": 706185.6875,
        "dvar": 424089550848,
        "dvar2": 805534433280,
        "max": 41944824,
        "mean": 4349809.5,
        "median": 4270955,
        "min": 392555.21875,
        "var": 3.5482018775e+12
    },
    "spectral_strongpeak": {
        "dmean": 0.433348834515,
        "dmean2": 0.645499408245,
        "dvar": 0.899295032024,
        "dvar2": 1.75277996063,
        "max": 17.3086185455,
        "mean": 1.20532655716,
        "median": 0.427036166191,
        "min": 0,
        "var": 3.05108428001
    },
    "zerocrossingrate": {
        "dmean": 0.00579818710685,
        "dmean2": 0.00704801082611,
        "dvar": 8.96859055501e-05,
        "dvar2": 0.000114008907985,
        "max": 0.51953125,
        "mean": 0.0334206558764,
        "median": 0.02685546875,
        "min": 0.00244140625,
        "var": 0.000916025252081
    },
    "barkbands": {
        "dmean": [0.000231262034504, 0.00204709055834, 0.000980380806141, 0.000337281438988, 0.00053966458654, 0.000633319607005, 0.00101379666012, 0.00161325011868, 0.000613927899394, 0.000364160194295, 0.000384321319871, 0.000311178009724, 0.000129673731863, 4.85461314383e-05, 5.47854760953e-05, 4.65510456706e-05, 2.66252736765e-05, 1.35821992444e-05, 1.29923755594e-05, 1.58820475917e-05, 1.90247774299e-05, 1.77083729795e-05, 9.10634844331e-06, 4.98615190736e-06, 3.99222972192e-06, 4.46293506684e-06, 1.57889587626e-06],
        "dmean2": [0.000331270392053, 0.00312362005934, 0.00160919339396, 0.000567766255699, 0.000907071807887, 0.00104077649303, 0.00137835787609, 0.00229023210704, 0.000805557356216, 0.000473023479572, 0.000517976295669, 0.000397653522668, 0.000194012172869, 6.7137509177e-05, 7.63902280596e-05, 6.95337948855e-05, 3.85755702155e-05, 2.098546247e-05, 2.00975810003e-05, 2.49306776823e-05, 3.05938119709e-05, 2.77253002423e-05, 1.40483825817e-05, 7.2054976954e-06, 5.6062162912e-06, 6.25183565717e-06, 2.49190497925e-06],
        "dvar": [1.17397416943e-06, 4.13217530877e-05, 6.93562878951e-06, 5.95630694988e-07, 1.46698835124e-06, 3.19599826071e-06, 1.6403506379e-05, 6.57921336824e-05, 6.32208002571e-06, 3.90030299968e-06, 7.53854237701e-06, 1.14305212264e-05, 1.80509027814e-06, 5.71503626645e-08, 3.0945028584e-07, 3.34305894967e-07, 1.55048294204e-08, 3.33206418013e-09, 1.86171678074e-09, 2.29032748322e-09, 3.62873397997e-09, 3.53051321511e-09, 1.02103014932e-09, 3.88156701225e-10, 2.73073313961e-10, 5.86320658691e-10, 1.28906871288e-10],
        "dvar2": [2.32988804783e-06, 9.70453183982e-05, 1.74140059244e-05, 1.69336533418e-06, 4.09286440117e-06, 8.30021963338e-06, 3.43499159499e-05, 0.000137461989652, 1.05214876385e-05, 6.45934869681e-06, 1.48046419781e-05, 1.94508920686e-05, 3.69391887034e-06, 9.89190809264e-08, 5.76325419388e-07, 8.93846902272e-07, 3.44966721855e-08, 7.51156292722e-09, 4.36684954863e-09, 5.68625990738e-09, 9.57266266255e-09, 8.62896687437e-09, 2.24344320898e-09, 7.84501852369e-10, 5.20140763793e-10, 1.2508118985e-09, 3.0636820858e-10],
        "max": [0.0168297626078, 0.162169918418, 0.0520815700293, 0.0171134248376, 0.0441682040691, 0.0438916683197, 0.142698734999, 0.201522499323, 0.0829267576337, 0.087734170258, 0.0983083620667, 0.133278936148, 0.0636855587363, 0.00998331885785, 0.0578867718577, 0.0456537418067, 0.0051739141345, 0.00235319766216, 0.00167640927248, 0.00142552424222, 0.00119187624659, 0.00204562861472, 0.00109081773553, 0.000770229031332, 0.000469178776257, 0.000651209556963, 0.000321594619891],
        "mean": [0.000274606427411, 0.00446514366195, 0.00188251165673, 0.000710478983819, 0.001022794866, 0.00134638429154, 0.00240405602381, 0.00373211386614, 0.00143824634142, 0.000735119741876, 0.000727987033315, 0.000527942902409, 0.00018445403839, 8.95791963558e-05, 8.93651958904e-05, 8.81366140675e-05, 4.80409398733e-05, 2.18421828322e-05, 2.0446965209e-05, 2.45800893026e-05, 2.87935581582e-05, 2.7159725505e-05, 1.41430700751e-05, 8.58110706758e-06, 6.92615913067e-06, 6.31895090919e-06, 1.4628928966e-06],
        "median": [2.22199128075e-06, 0.000762767740525, 0.000576207065023, 0.000170541679836, 0.000425567704951, 0.000337711302564, 0.000190427424968, 0.000126445258502, 6.91134555382e-05, 3.33968455379e-05, 2.44661696343e-05, 1.6346864868e-05, 1.21629809655e-05, 5.36869174539e-06, 8.00798898126e-06, 4.41076008428e-06, 5.26399799128e-06, 4.38885263065e-06, 5.43873466086e-06, 8.01514215709e-06, 9.70443306869e-06, 8.13718543213e-06, 3.41470331477e-06, 1.64772040989e-06, 1.13471514851e-06, 5.19705054103e-07, 2.38293260679e-08],
        "min": [4.34540834754e-24, 2.08552041037e-23, 4.04786026929e-24, 1.2598212786e-23, 1.57740437281e-23, 3.72082275601e-23, 1.654154228e-23, 2.10286998604e-23, 3.32468268405e-23, 3.47522069505e-23, 3.0452018871e-23, 5.12494215585e-23, 3.45976028348e-23, 4.59116731294e-23, 9.42420695249e-23, 1.0827854298e-22, 1.00031210475e-22, 1.33479379862e-22, 1.83688836623e-22, 2.75353703881e-22, 2.21558514586e-22, 3.99112777534e-22, 4.30566138573e-22, 7.38851314259e-22, 1.07642228841e-21, 1.33900699743e-21, 1.90094202895e-21],
        "var": [1.61995694725e-06, 0.00010710524657, 1.39165513247e-05, 1.74326441993e-06, 2.96038501801e-06, 8.56065435073e-06, 6.42110171611e-05, 0.000194282096345, 2.38636075665e-05, 1.22437359096e-05, 1.67323942151e-05, 2.41341185756e-05, 2.45183878178e-06, 1.49020394247e-07, 5.04228523823e-07, 3.53692570343e-07, 2.96424165214e-08, 5.49804068939e-09, 2.95805557826e-09, 3.35787775363e-09, 4.77207651173e-09, 5.25562526832e-09, 1.93389237957e-09, 9.11924258329e-10, 6.58888055227e-10, 9.41536959509e-10, 1.24707272287e-10]
    },
    "erbbands": {
        "dmean": [0.0624805465341, 0.464974105358, 1.1756029129, 0.983049273491, 1.3725823164, 2.11279129982, 4.11388635635, 5.25705003738, 9.92729759216, 20.3538074493, 36.6015167236, 15.9030504227, 9.83780956268, 17.6876277924, 8.96446704865, 14.3382635117, 7.0280790329, 3.24814391136, 2.3945991993, 2.62936592102, 2.13270235062, 1.29248058796, 0.938356697559, 0.664095938206, 0.636150419712, 0.664313137531, 0.775050401688, 0.804120182991, 0.707729995251, 0.364486277103, 0.236323446035, 0.135779231787, 0.0775037780404, 0.0494568906724, 0.0269048716873, 0.0153412986547, 0.00893990788609, 0.0030978906434, 0.000249124830589, 1.15236789497e-05],
        "dmean2": [0.0943747088313, 0.72407490015, 1.90780222416, 1.61654281616, 2.38456368446, 3.54976987839, 6.75265836716, 8.59607982635, 14.5366296768, 26.3094673157, 52.5924949646, 20.3447189331, 12.6032981873, 23.065788269, 12.3972635269, 17.8624153137, 10.0941486359, 4.6138586998, 3.32311487198, 3.79727768898, 3.1317961216, 1.89689826965, 1.42126011848, 1.00379729271, 1.00189721584, 1.04868805408, 1.24628353119, 1.2931085825, 1.11927211285, 0.569432735443, 0.364060759544, 0.199988618493, 0.115222744644, 0.072838768363, 0.0374206453562, 0.0216553676873, 0.0128540527076, 0.00462954398245, 0.00039756228216, 1.68589940586e-05],
        "dvar": [0.0509689636528, 2.08028507233, 10.0335664749, 4.73120689392, 10.2746305466, 29.6775989532, 152.55871582, 290.555725098, 1378.16320801, 5451.77099609, 41415.7304688, 3393.02124023, 2161.94775391, 13959.6054688, 2854.07836914, 25674.5332031, 4544.13867188, 417.53793335, 293.858673096, 527.294799805, 498.341888428, 47.8870582581, 17.4534797668, 6.43073558807, 3.84188580513, 4.20561885834, 5.84874629974, 6.43997716904, 5.93165588379, 1.35293161869, 0.751687288284, 0.319200396538, 0.0944433882833, 0.0382282026112, 0.0150135708973, 0.00593798235059, 0.00246816780418, 0.00037894572597, 3.65393339052e-06, 1.3401058041e-09],
        "dvar2": [0.121321447194, 4.99133872986, 24.1700363159, 11.9567842484, 31.7631340027, 82.089263916, 428.070495605, 722.983642578, 3525.73071289, 8680.8828125, 89891.65625, 5633.23583984, 3233.81689453, 27931.9746094, 5412.08007812, 41324.9921875, 9523.875, 782.804626465, 463.956817627, 1116.21569824, 1364.72875977, 113.069252014, 39.1544380188, 14.3832149506, 9.66075515747, 10.6680002213, 15.3617916107, 16.7775306702, 14.6684560776, 3.25004768372, 1.61525499821, 0.653210759163, 0.203469902277, 0.0796445384622, 0.0285701230168, 0.0118918558583, 0.00539076142013, 0.0008821610827, 8.87637179403e-06, 3.16550652357e-09],
        "max": [6.21446371078, 30.7408828735, 61.9619598389, 60.4691543579, 74.1279067993, 199.611877441, 287.538116455, 514.884094238, 1182.60998535, 2398.36352539, 5456.64257812, 2320.53271484, 2297.47460938, 3997.28637695, 2969.50927734, 6853.49755859, 3141.07641602, 858.12121582, 1658.6574707, 2170.84106445, 1759.84033203, 353.888580322, 168.569396973, 120.697105408, 43.6270141602, 47.6253356934, 57.8172569275, 67.6362762451, 99.5021057129, 27.9747409821, 29.7627182007, 33.5275268555, 11.8759698868, 6.12357330322, 4.24864053726, 2.1140024662, 1.389985919, 0.510581612587, 0.0625319853425, 0.00119766569696],
        "mean": [0.123166322708, 1.02441418171, 2.26896095276, 2.30108761787, 2.41948318481, 3.59566473961, 8.91208648682, 10.97935009, 24.5296401978, 49.1422119141, 85.1901016235, 40.6291809082, 22.3322238922, 33.2866172791, 19.3788166046, 24.754573822, 10.8379993439, 5.52962636948, 4.65251636505, 4.48047494888, 4.20098304749, 2.30671095848, 1.57589387894, 1.08971893787, 1.01729846001, 1.02456581593, 1.17325329781, 1.19522929192, 1.06813251972, 0.555288612843, 0.369387716055, 0.22712649405, 0.128906294703, 0.0838238075376, 0.0456331185997, 0.0242842137814, 0.0120468633249, 0.00341547862627, 0.000230807243497, 2.66745410045e-05],
        "median": [0.0103253312409, 0.211896002293, 0.799035787582, 0.86407327652, 0.907935678959, 1.31019210815, 2.29814529419, 2.67438745499, 3.04541730881, 4.43620109558, 3.48049116135, 2.63312840462, 2.15452575684, 1.86531853676, 1.18158984184, 0.873715639114, 0.819384932518, 0.503055930138, 0.533623993397, 0.45710080862, 0.340783089399, 0.313600927591, 0.287203580141, 0.272945165634, 0.30272346735, 0.366763442755, 0.403410613537, 0.389094889164, 0.317232549191, 0.165673658252, 0.0870657414198, 0.0418863408267, 0.0264247599989, 0.0155703742057, 0.0061725564301, 0.00249498523772, 0.00090922130039, 0.00014274683781, 1.22679393826e-05, 1.29028940137e-05],
        "min": [2.86299761097e-22, 1.33996675716e-21, 4.21686740419e-21, 2.86208660158e-20, 2.31402225398e-20, 3.47453662011e-20, 1.97182202896e-19, 2.12402403716e-19, 2.32694307364e-19, 4.18051213772e-19, 4.57072606139e-19, 6.3342006811e-19, 8.59863190639e-19, 1.02624596966e-18, 1.44770896742e-18, 1.84046569599e-18, 1.76874189905e-18, 2.67145568206e-18, 2.66347628428e-18, 4.82733547858e-18, 5.26826948078e-18, 5.75316275586e-18, 6.90979782586e-18, 1.07992109923e-17, 1.12061499392e-17, 1.17151439486e-17, 9.44365966444e-18, 1.0066436503e-17, 1.4393490252e-17, 1.32451112717e-17, 1.17866421321e-17, 1.19829172022e-17, 1.25983404051e-17, 1.02225023235e-17, 7.13694410361e-18, 5.17361478969e-18, 2.36279365008e-18, 1.10894541935e-18, 2.57631088646e-19, 3.04183165622e-20],
        "var": [0.127494156361, 4.8883728981, 18.7353363037, 17.3400745392, 18.153263092, 48.1396408081, 409.725616455, 713.548034668, 4725.09619141, 21952.3808594, 119412.984375, 15524.5654297, 6520.55029297, 30499.1523438, 9039.36816406, 57454.5039062, 6535.98730469, 680.415222168, 810.090393066, 712.25201416, 493.764068604, 72.1480102539, 28.7705516815, 11.0409927368, 5.80946159363, 5.53624200821, 7.57946825027, 8.64445972443, 8.60877132416, 2.03774595261, 1.45011734962, 0.728784024715, 0.190498381853, 0.0853772982955, 0.0341750122607, 0.0117281861603, 0.00368725182489, 0.000430303771282, 3.31194382852e-06, 1.88276216839e-09]
    },
    "gfcc": {
        "mean": [-114.570793152, 122.20098114, -88.0469207764, 27.1734466553, -67.3368301392, 6.5870308876, -25.4412536621, 4.15493774414, -14.8998146057, 5.60845708847, -16.679441452, -1.74292576313, -9.50665950775],
        "cov": [[12832.8525391, -267.796264648, -1815.49914551, -182.493743896, 40.0562705994, 126.638847351, 286.373443604, -20.1980762482, 135.570785522, 133.222518921, -101.733261108, 146.668182373, -80.0958023071], [-267.796264648, 1922.68212891, -187.209884644, -672.840759277, 126.957008362, -158.112182617, 131.374160767, -99.0207061768, 234.436935425, -164.802139282, 161.133163452, -170.138122559, 162.116668701], [-1815.49914551, -187.209884644, 1208.89904785, 485.877349854, 5.71071100235, 66.3968276978, -16.8768348694, 62.0999031067, -88.9962234497, 99.4523544312, 29.149723053, 55.014591217, -31.4872531891], [-182.493743896, -672.840759277, 485.877349854, 877.603820801, 105.500091553, 119.657814026, 25.5536518097, 42.4756889343, -93.4516372681, 91.6552047729, -0.497242122889, 106.190231323, -27.4118309021], [40.0562705994, 126.957008362, 5.71071100235, 105.500091553, 285.034515381, 94.9383087158, 86.6583404541, 9.67146682739, 50.318572998, -22.3017978668, 40.4832954407, 14.7263917923, 41.4796943665], [126.638847351, -158.112182617, 66.3968276978, 119.657814026, 94.9383087158, 208.392944336, 86.5476531982, 21.5978221893, -59.5474624634, -3.27445459366, -7.44688367844, 55.0249290466, 23.4824790955], [286.373443604, 131.374160767, -16.8768348694, 25.5536518097, 86.6583404541, 86.5476531982, 197.78666687, 67.901512146, 57.512424469, -27.2766208649, 9.54487037659, -6.07737064362, 36.3089866638], [-20.1980762482, -99.0207061768, 62.0999031067, 42.4756889343, 9.67146682739, 21.5978221893, 67.901512146, 159.885681152, 88.5070648193, 29.5007247925, -35.0331802368, -15.2850055695, -2.55209946632], [135.570785522, 234.436935425, -88.9962234497, -93.4516372681, 50.318572998, -59.5474624634, 57.512424469, 88.5070648193, 222.493347168, 58.8250007629, 23.3942298889, -67.338684082, 4.5401506424], [133.222518921, -164.802139282, 99.4523544312, 91.6552047729, -22.3017978668, -3.27445459366, -27.2766208649, 29.5007247925, 58.8250007629, 159.288787842, 58.0761032104, 28.7124385834, -48.0002975464], [-101.733261108, 161.133163452, 29.149723053, -0.497242122889, 40.4832954407, -7.44688367844, 9.54487037659, -35.0331802368, 23.3942298889, 58.0761032104, 146.854949951, 58.2147789001, 17.8410949707], [146.668182373, -170.138122559, 55.014591217, 106.190231323, 14.7263917923, 55.0249290466, -6.07737064362, -15.2850055695, -67.338684082, 28.7124385834, 58.2147789001, 151.311508179, 57.4595336914], [-80.0958023071, 162.116668701, -31.4872531891, -27.4118309021, 41.4796943665, 23.4824790955, 36.3089866638, -2.55209946632, 4.5401506424, -48.0002975464, 17.8410949707, 57.4595336914, 136.582702637]],
        "icov": [[0.000139340321766, -0.00013804990158, 0.000275262194918, -8.70387302712e-05, -1.44028272189e-05, 6.30492941127e-05, -0.00034820890869, 0.00013587763533, 5.54425459995e-05, -0.000492665742058, 0.000642825150862, -0.000626334513072, 0.000384743034374], [-0.00013804990158, 0.00214891624637, -0.000878801045474, 0.00113401969429, -0.000197492758161, 0.000382665166399, -0.000529556302354, 0.00151291699149, -0.00165752787143, 0.00242766900919, -0.00344945839606, 0.00312532484531, -0.00239932560362], [0.000275262194918, -0.000878801045474, 0.00194118975196, -0.00106353301089, 4.18034469476e-05, 3.74602750526e-05, -0.000193793792278, -0.00124967913143, 0.00177005573642, -0.00225899904035, 0.0013756112894, -0.000995648209937, 0.000834048551042], [-8.70387302712e-05, 0.00113401969429, -0.00106353301089, 0.00262518646196, -0.00134328834247, 0.00072582490975, -0.000940214144066, 0.000566657341551, 0.000392091227695, -0.000364825449651, -0.000517367850989, 0.000568788556848, -0.000884635315742], [-1.44028272189e-05, -0.000197492758161, 4.18034469476e-05, -0.00134328834247, 0.00660677347332, -0.00408582715318, 0.000647359585855, 0.00133493822068, -0.00456285150722, 0.00403227331117, -0.0023419635836, -0.000380349374609, 0.000549572694581], [6.30492941127e-05, 0.000382665166399, 3.74602750526e-05, 0.00072582490975, -0.00408582715318, 0.0111859310418, -0.00567607907578, -0.000867517723236, 0.00628158356994, -0.00485733617097, 0.00297831883654, -0.00107213645242, -0.0013063987717], [-0.00034820890869, -0.000529556302354, -0.000193793792278, -0.000940214144066, 0.000647359585855, -0.00567607907578, 0.011678379029, -0.00434021512046, -0.00301180779934, 0.00532278418541, -0.00423251325265, 0.00198166887276, -0.000525466748513], [0.00013587763533, 0.00151291699149, -0.00124967913143, 0.000566657341551, 0.00133493822068, -0.000867517723236, -0.00434021512046, 0.0147132119164, -0.00873086508363, 0.000997697934508, 0.00407443940639, -0.00272227823734, 0.000535887666047], [5.54425459995e-05, -0.00165752787143, 0.00177005573642, 0.000392091227695, -0.00456285150722, 0.00628158356994, -0.00301180779934, -0.00873086508363, 0.0194103904068, -0.0126347681507, 0.000995315029286, 0.00672608753666, -0.00461527099833], [-0.000492665742058, 0.00242766900919, -0.00225899904035, -0.000364825449651, 0.00403227331117, -0.00485733617097, 0.00532278418541, 0.000997697934508, -0.0126347681507, 0.022343127057, -0.0108155589551, -0.00154539907817, 0.00478486437351], [0.000642825150862, -0.00344945839606, 0.0013756112894, -0.000517367850989, -0.0023419635836, 0.00297831883654, -0.00423251325265, 0.00407443940639, 0.000995315029286, -0.0108155589551, 0.0214293617755, -0.012845704332, 0.00485590612516], [-0.000626334513072, 0.00312532484531, -0.000995648209937, 0.000568788556848, -0.000380349374609, -0.00107213645242, 0.00198166887276, -0.00272227823734, 0.00672608753666, -0.00154539907817, -0.012845704332, 0.0244032926857, -0.013825153932], [0.000384743034374, -0.00239932560362, 0.000834048551042, -0.000884635315742, 0.000549572694581, -0.0013063987717, -0.000525466748513, 0.000535887666047, -0.00461527099833, 0.00478486437351, 0.00485590612516, -0.013825153932, 0.0176340695471]]
    },
    "melbands": {
        "dmean": [0.000559959036764, 0.000600342056714, 0.000179190581548, 0.000120350712677, 0.000124724261696, 0.000113186964882, 0.000179912763997, 0.000242947149673, 0.000284278357867, 8.89144066605e-05, 4.7641191486e-05, 7.01771568856e-05, 3.54597541445e-05, 2.94558685709e-05, 3.18583661283e-05, 1.23787795019e-05, 5.63026196687e-06, 3.45559033121e-06, 4.57796659248e-06, 4.05266746384e-06, 2.10126768252e-06, 1.54409042352e-06, 9.49954596763e-07, 6.50821220916e-07, 5.86684564041e-07, 4.06500589634e-07, 5.42335271803e-07, 4.51787485645e-07, 5.43057922187e-07, 4.60784008283e-07, 4.86998146698e-07, 4.55019375067e-07, 2.68937441206e-07, 1.92957898548e-07, 1.41317769931e-07, 1.31872852194e-07, 6.88278447569e-08, 5.45581499978e-08, 5.24159879944e-08, 4.01378308368e-08],
        "dmean2": [0.000839426240418, 0.000959129945841, 0.000297779217362, 0.000204694661079, 0.0002048737515, 0.000185340773896, 0.000255100894719, 0.000321607571095, 0.000407510699006, 0.000112532783533, 6.23055457254e-05, 9.18520818232e-05, 4.98386507388e-05, 3.73079492419e-05, 4.19604948547e-05, 1.86977085832e-05, 7.80366735853e-06, 4.89384956381e-06, 6.37219363853e-06, 6.04161277806e-06, 3.06727770294e-06, 2.23595657189e-06, 1.46873617268e-06, 9.96550284071e-07, 8.9132629455e-07, 6.49496428196e-07, 8.56036024288e-07, 7.26425582798e-07, 8.8014553512e-07, 7.52946505145e-07, 7.86973998856e-07, 7.25983625216e-07, 4.34842831964e-07, 3.02581668166e-07, 2.20254733563e-07, 2.07235913763e-07, 1.02426810145e-07, 8.33038455994e-08, 7.9842251921e-08, 6.02198610977e-08],
        "dvar": [3.40685846822e-06, 2.57559599959e-06, 1.38000345373e-07, 7.82173046332e-08, 1.19216807093e-07, 1.21324134739e-07, 4.94049572808e-07, 8.29284488191e-07, 2.48361402555e-06, 1.2216162304e-07, 5.60554589413e-08, 2.10717317373e-07, 5.37163202807e-08, 9.37110087307e-08, 1.55267088076e-07, 2.30484697994e-08, 9.41571376423e-10, 5.03300068289e-10, 3.27298299574e-09, 2.23268048494e-09, 3.19791249037e-10, 7.1365587051e-11, 1.98794609246e-11, 7.39853230763e-12, 6.44070213829e-12, 1.93880675403e-12, 3.04190960615e-12, 2.31948791771e-12, 2.92556191946e-12, 2.56287699396e-12, 2.46460534273e-12, 2.61888145718e-12, 7.83917581456e-13, 4.1003821432e-13, 2.80363514522e-13, 3.05404600264e-13, 8.24510951051e-14, 4.3964520067e-14, 4.47904754464e-14, 2.59765523165e-14],
        "dvar2": [7.83512223279e-06, 6.10335837337e-06, 3.67062767737e-07, 2.18664879981e-07, 3.30012852601e-07, 3.02885524661e-07, 1.16844353215e-06, 1.39748544825e-06, 5.40356950296e-06, 1.8733386753e-07, 8.74402843465e-08, 4.16430964378e-07, 1.06846513859e-07, 1.44867200902e-07, 3.17921404758e-07, 4.69752698962e-08, 1.77941539281e-09, 7.4761202784e-10, 6.44693498586e-09, 5.86445514372e-09, 8.79148864819e-10, 1.64827027027e-10, 4.71402084035e-11, 1.65326346363e-11, 1.4297753953e-11, 4.81644585326e-12, 6.99792697748e-12, 5.97895734658e-12, 7.62758866485e-12, 7.00440920542e-12, 6.30721733522e-12, 6.44995428595e-12, 2.00379339857e-12, 9.77315017109e-13, 6.20225659026e-13, 6.98047847823e-13, 1.66490017844e-13, 9.81597886741e-14, 9.92665964619e-14, 5.51077805892e-14],
        "max": [0.0513822585344, 0.0291735976934, 0.00878809206188, 0.00855170469731, 0.00850792229176, 0.0104055292904, 0.0228060409427, 0.0309730134904, 0.0414987765253, 0.0159880388528, 0.0114903887734, 0.0148795451969, 0.00967878196388, 0.0142504097894, 0.0242712721229, 0.00872404966503, 0.00115883827675, 0.00237482972443, 0.00644279224798, 0.00367857678793, 0.00137012649793, 0.000415734655689, 0.000245615432505, 0.000116455026728, 0.000127549967146, 5.75052399654e-05, 6.02646687184e-05, 4.64957483928e-05, 4.56209490949e-05, 4.86278004246e-05, 4.72080209875e-05, 7.54455832066e-05, 2.78207608062e-05, 2.32215697906e-05, 1.9178216462e-05, 2.52202753472e-05, 1.85251155926e-05, 8.16768442746e-06, 7.59685826779e-06, 5.27892507307e-06],
        "mean": [0.00120282720309, 0.0012768022716, 0.00041499681538, 0.000203230127227, 0.000275868340395, 0.000236599327764, 0.0004364886845, 0.000574989477172, 0.000646120402962, 0.000228360164328, 0.000104186306999, 0.000131424487336, 7.17535585864e-05, 5.46795963601e-05, 5.18790875503e-05, 1.60574090842e-05, 9.66310926742e-06, 6.86047769705e-06, 6.82784639139e-06, 7.57812858865e-06, 4.0978729885e-06, 2.71093836091e-06, 1.53575683726e-06, 1.03343450064e-06, 9.162384913e-07, 6.06257231084e-07, 8.50219862514e-07, 6.35725882603e-07, 7.9265430486e-07, 6.51283528441e-07, 7.00401528775e-07, 6.72811552249e-07, 3.88310041899e-07, 2.81855420781e-07, 2.10934629763e-07, 1.92890482253e-07, 1.16741802003e-07, 8.70804015562e-08, 8.29133881552e-08, 6.65997745841e-08],
        "median": [0.000156659749337, 0.00045452802442, 0.000164996105013, 8.19478736958e-05, 7.87248645793e-05, 5.5681419326e-05, 4.39783034381e-05, 4.61326308141e-05, 1.84394702956e-05, 1.15941784316e-05, 6.94498839948e-06, 5.28023701918e-06, 3.18464867632e-06, 2.17228080146e-06, 1.36369806114e-06, 1.12118596007e-06, 5.89892010794e-07, 6.23072651251e-07, 5.88156467529e-07, 3.76289222004e-07, 3.36516563948e-07, 2.76737921467e-07, 2.49724052992e-07, 2.05435014777e-07, 2.03421222977e-07, 1.73082810306e-07, 2.35743954136e-07, 2.21875808393e-07, 2.47323953317e-07, 2.25006033361e-07, 2.11228496028e-07, 1.878509579e-07, 1.26503749698e-07, 7.54164659611e-08, 4.88223008688e-08, 3.70042414488e-08, 2.04964543116e-08, 1.81168857694e-08, 1.65663198715e-08, 1.16117560012e-08],
        "min": [5.42693585974e-24, 1.71037804077e-24, 6.69687451611e-24, 1.13472917911e-24, 6.79872513644e-24, 5.3081306464e-24, 3.68001087931e-24, 4.35230969717e-24, 3.90899116768e-24, 3.44757222472e-24, 4.04750764846e-24, 3.38223205923e-24, 4.86725876901e-24, 4.85356572142e-24, 5.44600736099e-24, 3.6535958719e-24, 5.11255309533e-24, 3.09944494902e-24, 6.25100638817e-24, 7.15926375798e-24, 5.50394406688e-24, 5.9549488626e-24, 4.41994308131e-24, 7.15664789522e-24, 7.92179248619e-24, 7.22286487961e-24, 6.96906229399e-24, 7.38695820308e-24, 5.6546867084e-24, 5.19599209657e-24, 5.86285329622e-24, 7.1815743221e-24, 6.22077566056e-24, 8.04050185293e-24, 6.38604399236e-24, 5.88607420582e-24, 7.99255488711e-24, 7.66209079872e-24, 1.0504119982e-23, 7.1862759331e-24],
        "var": [9.35092066356e-06, 5.07753748025e-06, 4.46936326171e-07, 1.28135312139e-07, 3.41999310649e-07, 3.11139132236e-07, 1.77839388016e-06, 3.00793544739e-06, 7.03219802745e-06, 6.20955972863e-07, 1.62744200338e-07, 4.82303050831e-07, 1.35964782544e-07, 2.24929749493e-07, 2.3920480885e-07, 2.67814357358e-08, 1.98010741137e-09, 1.63323288227e-09, 4.26788293595e-09, 2.52715870452e-09, 3.27368188113e-10, 1.18154236395e-10, 2.93699890797e-11, 1.27207714848e-11, 1.09298698564e-11, 2.55138249937e-12, 5.20503952439e-12, 2.69220670063e-12, 3.8432941725e-12, 2.67959591148e-12, 3.31757299583e-12, 3.81573678904e-12, 9.42184373055e-13, 6.26831757073e-13, 4.93647549053e-13, 5.34955597615e-13, 1.97494378165e-13, 8.34106885666e-14, 8.38638647459e-14, 5.68104760554e-14]
    },
    "mfcc": {
        "mean": [-762.220825195, 146.551620483, 29.7671070099, 28.6581230164, -10.3911886215, 7.5809879303, -5.08316659927, -0.0533436387777, 4.93483924866, 1.61327493191, 1.82518029213, 2.48007845879, 2.2896566391],
        "cov": [[8188.52832031, 614.670776367, -1092.18688965, -256.472625732, -330.053009033, 98.0942001343, -136.197662354, 53.6281242371, 144.188247681, 53.1653060913, 22.3180408478, 69.6126174927, 83.9713821411], [614.670776367, 1910.98046875, -273.209289551, -429.920593262, -132.754714966, -110.39390564, -107.172409058, -19.2660827637, 22.135559082, 41.4836463928, 16.0837364197, -15.5902442932, -14.1145563126], [-1092.18688965, -273.209289551, 812.38079834, 323.487030029, 110.872192383, 67.8929519653, 117.884063721, 0.585989177227, -27.7380123138, 11.8154211044, 37.5591545105, 2.57935738564, -22.618139267], [-256.472625732, -429.920593262, 323.487030029, 528.286376953, 169.918182373, 130.180389404, 88.7260055542, 42.4244689941, 21.1550655365, 11.011179924, 54.2807693481, 40.4724273682, 24.0084323883], [-330.053009033, -132.754714966, 110.872192383, 169.918182373, 207.955337524, 91.8869247437, 57.3316040039, 26.60405159, 0.756508469582, 1.18392848969, 11.032324791, 12.7727622986, 13.8929595947], [98.0942001343, -110.39390564, 67.8929519653, 130.180389404, 91.8869247437, 184.161178589, 115.706047058, 44.6206092834, -0.959564208984, -25.9422607422, -7.84697961807, 12.971165657, 21.6639728546], [-136.197662354, -107.172409058, 117.884063721, 88.7260055542, 57.3316040039, 115.706047058, 172.029769897, 92.189414978, 8.56558132172, -26.700094223, -19.9740009308, -5.79455471039, 1.52145242691], [53.6281242371, -19.2660827637, 0.585989177227, 42.4244689941, 26.60405159, 44.6206092834, 92.189414978, 146.932266235, 84.3219299316, 18.4379348755, -19.1093959808, -22.3233089447, -8.43994235992], [144.188247681, 22.135559082, -27.7380123138, 21.1550655365, 0.756508469582, -0.959564208984, 8.56558132172, 84.3219299316, 151.638671875, 94.193901062, 17.3967132568, -11.5098457336, -10.5051326752], [53.1653060913, 41.4836463928, 11.8154211044, 11.011179924, 1.18392848969, -25.9422607422, -26.700094223, 18.4379348755, 94.193901062, 142.524765015, 79.76587677, 14.749083519, -15.2931632996], [22.3180408478, 16.0837364197, 37.5591545105, 54.2807693481, 11.032324791, -7.84697961807, -19.9740009308, -19.1093959808, 17.3967132568, 79.76587677, 140.597091675, 87.117805481, 16.987197876], [69.6126174927, -15.5902442932, 2.57935738564, 40.4724273682, 12.7727622986, 12.971165657, -5.79455471039, -22.3233089447, -11.5098457336, 14.749083519, 87.117805481, 150.373321533, 85.7750167847], [83.9713821411, -14.1145563126, -22.618139267, 24.0084323883, 13.8929595947, 21.6639728546, 1.52145242691, -8.43994235992, -10.5051326752, -15.2931632996, 16.987197876, 85.7750167847, 125.59513092]],
