{
"lowlevel": {
    "average_loudness": 0.860397279263,
    "barkbands_crest": {
        "dmean": 2.65857076645,
        "dmean2": 4.18088960648,
        "dvar": 6.57919645309,
        "dvar2": 14.7444505692,
        "max": 26.4330787659,
        "mean": 10.5594320297,
        "median": 9.37301063538,
        "min": 2.25604867935,
        "var": 24.1610813141
    },
    "barkbands_flatness_db": {
        "dmean": 0.0219518598169,
        "dmean2": 0.0317533165216,
        "dvar": 0.000418459094362,
        "dvar2": 0.000813899969216,
        "max": 0.375956863165,
        "mean": 0.133572116494,
        "median": 0.126838371158,
        "min": 0.0330177731812,
        "var": 0.00206192675978
    },
    "barkbands_kurtosis": {
        "dmean": 2.82858395576,
        "dmean2": 4.19905471802,
        "dvar": 38.0161590576,
        "dvar2": 69.209197998,
        "max": 337.961090088,
        "mean": 4.0395526886,
        "median": 1.25868487358,
        "min": -1.86642551422,
        "var": 129.649627686
    },
    "barkbands_skewness": {
        "dmean": 0.583015441895,
        "dmean2": 0.845607161522,
        "dvar": 0.445001989603,
        "dvar2": 0.813490390778,
        "max": 17.3018474579,
        "mean": 1.42050504684,
        "median": 1.27906870842,
        "min": -5.32159042358,
        "var": 2.06633615494
    },
    "barkbands_spread": {
        "dmean": 6.55089235306,
        "dmean2": 9.80432510376,
        "dvar": 55.232963562,
        "dvar2": 115.538543701,
        "max": 97.560836792,
        "mean": 24.373134613,
        "median": 22.5587272644,
        "min": 0.936000883579,
        "var": 155.388031006
    },
    "dissonance": {
        "dmean": 0.0187474992126,
        "dmean2": 0.0315382257104,
        "dvar": 0.000367670523701,
        "dvar2": 0.000964188133366,
        "max": 0.500000119209,
        "mean": 0.463870704174,
        "median": 0.47056466341,
        "min": 0.253085255623,
        "var": 0.000738279544748
    },
    "dynamic_complexity": 3.62393403053,
    "erbbands_crest": {
        "dmean": 2.22821426392,
        "dmean2": 3.46618175507,
        "dvar": 5.6550526619,
        "dvar2": 11.4159183502,
        "max": 34.3996925354,
        "mean": 8.91475868225,
        "median": 7.51448822021,
        "min": 2.43970012665,
        "var": 25.3642349243
    },
    "erbbands_flatness_db": {
        "dmean": 0.0190954003483,
        "dmean2": 0.0261199679226,
        "dvar": 0.00047601928236,
        "dvar2": 0.000729905499611,
        "max": 0.408293575048,
        "mean": 0.153626903892,
        "median": 0.147362560034,
        "min": 0.0355596281588,
        "var": 0.00207935948856
    },
    "erbbands_kurtosis": {
        "dmean": 0.93007183075,
        "dmean2": 1.36228895187,
        "dvar": 7.21300125122,
        "dvar2": 11.8075485229,
        "max": 126.023803711,
        "mean": 0.415986329317,
        "median": -0.483580470085,
        "min": -1.81159317493,
        "var": 22.9058208466
    },
    "erbbands_skewness": {
        "dmean": 0.353427529335,
        "dmean2": 0.51758056879,
        "dvar": 0.140285521746,
        "dvar2": 0.266073763371,
        "max": 8.18749427795,
        "mean": 0.285241127014,
        "median": 0.196617811918,
        "min": -3.24838137627,
        "var": 0.71758043766
    },
    "erbbands_spread": {
        "dmean": 9.90129756927,
        "dmean2": 14.3702735901,
        "dvar": 131.235656738,
        "dvar2": 238.577606201,
        "max": 146.12411499,
        "mean": 44.6618003845,
        "median": 41.4636878967,
        "min": 0.77994120121,
        "var": 507.163543701
    },
    "hfc": {
        "dmean": 6.04577684402,
        "dmean2": 8.46248149872,
        "dvar": 80.0660476685,
        "dvar2": 133.128433228,
        "max": 177.306732178,
        "mean": 18.4377326965,
        "median": 10.7985973358,
        "min": 1.06889675035e-16,
        "var": 365.022064209
    },
    "melbands_crest": {
        "dmean": 3.13737344742,
        "dmean2": 4.90859937668,
        "dvar": 8.29854869843,
        "dvar2": 19.0914478302,
        "max": 33.8186798096,
        "mean": 13.8888540268,
        "median": 12.9040307999,
        "min": 1.57704377174,
        "var": 31.0355701447
    },
    "melbands_flatness_db": {
        "dmean": 0.0258191619068,
        "dmean2": 0.0372517891228,
        "dvar": 0.000596746453084,
        "dvar2": 0.00120287702885,
        "max": 0.477384775877,
        "mean": 0.177710309625,
        "median": 0.170410886407,
        "min": 0.00373056950048,
        "var": 0.00349902850576
    },
    "melbands_kurtosis": {
        "dmean": 9.34581375122,
        "dmean2": 13.6534004211,
        "dvar": 468.513793945,
        "dvar2": 837.424255371,
        "max": 632.444396973,
        "mean": 17.0535297394,
        "median": 7.28512954712,
        "min": -1.89208352566,
        "var": 1592.20288086
    },
    "melbands_skewness": {
        "dmean": 0.888209939003,
        "dmean2": 1.26985740662,
        "dvar": 1.27396476269,
        "dvar2": 2.29262781143,
        "max": 20.6182899475,
        "mean": 2.70752429962,
        "median": 2.23724651337,
        "min": -4.25820970535,
        "var": 5.56295490265
    },
    "melbands_spread": {
        "dmean": 8.12629127502,
        "dmean2": 12.4600276947,
        "dvar": 105.579849243,
        "dvar2": 231.374343872,
        "max": 213.011856079,
        "mean": 27.3516731262,
        "median": 23.063293457,
        "min": 0.561550498009,
        "var": 374.48236084
    },
    "pitch_salience": {
        "dmean": 0.0771928429604,
        "dmean2": 0.119131281972,
        "dvar": 0.0052777538076,
        "dvar2": 0.0118644367903,
        "max": 0.991051971912,
        "mean": 0.540726900101,
        "median": 0.556478619576,
        "min": 0.0502125360072,
        "var": 0.0200088024139
    },
    "silence_rate_20dB": {
        "dmean": 0,
        "dmean2": 0,
        "dvar": 0,
        "dvar2": 0,
        "max": 1,
        "mean": 1,
        "median": 1,
        "min": 1,
        "var": 0
    },
    "silence_rate_30dB": {
        "dmean": 0.000106275569124,
        "dmean2": 0.000212562445085,
        "dvar": 0.000106260886241,
        "dvar2": 0.000318784906995,
        "max": 1,
        "mean": 0.999946892262,
        "median": 1,
        "min": 0,
        "var": 5.31312907697e-05
    },
    "silence_rate_60dB": {
        "dmean": 0.0549444705248,
        "dmean2": 0.109894782305,
        "dvar": 0.0519161187112,
        "dvar2": 0.116829283535,
        "max": 1,
        "mean": 0.0994686484337,
        "median": 0,
        "min": 0,
        "var": 0.0895683094859
    },
    "spectral_centroid": {
        "dmean": 284.654968262,
        "dmean2": 426.694274902,
        "dvar": 94680.25,
        "dvar2": 192240.5625,
        "max": 11782.3671875,
        "mean": 1681.10986328,
        "median": 1592.40942383,
        "min": 194.272109985,
        "var": 855280.9375
    },
    "spectral_complexity": {
        "dmean": 3.35267543793,
        "dmean2": 5.04144954681,
        "dvar": 13.5896902084,
        "dvar2": 27.455198288,
        "max": 58,
        "mean": 13.8152494431,
        "median": 12,
        "min": 0,
        "var": 77.4077987671
    },
    "spectral_decrease": {
        "dmean": 1.37610434159e-09,
        "dmean2": 1.94039517787e-09,
        "dvar": 2.85926807412e-18,
        "dvar2": 5.62431324543e-18,
        "max": 5.94111287025e-21,
        "mean": -4.4077115291e-09,
        "median": -3.75062558788e-09,
        "min": -2.68693316485e-08,
        "var": 1.10683937616e-17
    },
    "spectral_energy": {
        "dmean": 0.00563257513568,
        "dmean2": 0.00792179442942,
        "dvar": 4.78866568301e-05,
        "dvar2": 9.20595921343e-05,
        "max": 0.117493286729,
        "mean": 0.0183081943542,
        "median": 0.0154564492404,
        "min": 1.00377260656e-20,
        "var": 0.000192525869352
    },
    "spectral_energyband_high": {
        "dmean": 0.000351228401996,
        "dmean2": 0.000507928838488,
        "dvar": 4.20990801331e-07,
        "dvar2": 7.97999746283e-07,
        "max": 0.0177228990942,
        "mean": 0.000849078875035,
        "median": 0.000353172945324,
        "min": 7.13346666216e-21,
        "var": 1.48929154875e-06
    },
    "spectral_energyband_low": {
        "dmean": 0.00207928824238,
        "dmean2": 0.0027504095342,
        "dvar": 9.07202866074e-06,
        "dvar2": 1.77136298589e-05,
        "max": 0.0562951341271,
        "mean": 0.00443123793229,
        "median": 0.00207762466744,
        "min": 1.63430049229e-23,
        "var": 3.31862429448e-05
    },
    "spectral_energyband_middle_high": {
        "dmean": 0.00216238270514,
        "dmean2": 0.00308607751504,
        "dvar": 1.61472416949e-05,
        "dvar2": 2.65869839495e-05,
        "max": 0.115116626024,
        "mean": 0.00571891851723,
        "median": 0.00209993612953,
        "min": 9.82255772826e-22,
        "var": 6.14469900029e-05
    },
    "spectral_energyband_middle_low": {
        "dmean": 0.00320904236287,
        "dmean2": 0.00478581991047,
        "dvar": 2.790371218e-05,
        "dvar2": 6.00711318839e-05,
        "max": 0.0771986171603,
        "mean": 0.00776849361137,
        "median": 0.00507156783715,
        "min": 1.826996934e-22,
        "var": 7.62876516092e-05
    },
    "spectral_entropy": {
        "dmean": 0.179657638073,
        "dmean2": 0.247543931007,
        "dvar": 0.0341232903302,
        "dvar2": 0.0552299916744,
        "max": 9.81884384155,
        "mean": 7.64437913895,
        "median": 7.69099283218,
        "min": 5.59489536285,
        "var": 0.16418223083
    },
    "spectral_flux": {
        "dmean": 0.0236834529787,
        "dmean2": 0.0383556485176,
        "dvar": 0.000631870236248,
        "dvar2": 0.00167730171233,
        "max": 0.297076046467,
        "mean": 0.0631576701999,
        "median": 0.0566368587315,
        "min": 6.25279619748e-11,
        "var": 0.00131358904764
    },
    "spectral_kurtosis": {
        "dmean": 0.991814494133,
        "dmean2": 1.66604661942,
        "dvar": 1.13153088093,
        "dvar2": 3.01468801498,
        "max": 25.6191120148,
        "mean": 2.84430861473,
        "median": 2.48207330704,
        "min": -1.26730751991,
        "var": 2.60648727417
    },
    "spectral_rms": {
        "dmean": 0.000680413737427,
        "dmean2": 0.000929534900934,
        "dvar": 5.34530897767e-07,
        "dvar2": 9.60832949204e-07,
        "max": 0.0107064275071,
        "mean": 0.00387705001049,
        "median": 0.00388322817162,
        "min": 3.12936157022e-12,
        "var": 2.82995893031e-06
    },
    "spectral_rolloff": {
        "dmean": 588.564697266,
        "dmean2": 956.673400879,
        "dvar": 797256.5625,
        "dvar2": 1758380.625,
        "max": 19573.6816406,
        "mean": 1757.07971191,
        "median": 1335.05859375,
        "min": 86.1328125,
        "var": 3187860
    },
    "spectral_skewness": {
        "dmean": 0.163794904947,
        "dmean2": 0.262401461601,
        "dvar": 0.0247422624379,
        "dvar2": 0.0563773028553,
        "max": 3.42238736153,
        "mean": 1.18892204762,
        "median": 1.13772273064,
        "min": -0.0720090121031,
        "var": 0.097459115088
    },
    "spectral_spread": {
        "dmean": 443499.9375,
        "dmean2": 651805.4375,
        "dvar": 316337913856,
        "dvar2": 576032669696,
        "max": 42966288,
        "mean": 4920259.5,
        "median": 4648958,
        "min": 1456563.875,
        "var": 7.51156278067e+12
    },
    "spectral_strongpeak": {
        "dmean": 0.626858592033,
        "dmean2": 1.00049042702,
        "dvar": 1.19315242767,
        "dvar2": 2.44965982437,
        "max": 20.6712341309,
        "mean": 1.21431100368,
        "median": 0.489874541759,
        "min": 0,
        "var": 2.74654555321
    },
    "zerocrossingrate": {
        "dmean": 0.0110579524189,
        "dmean2": 0.0130669595674,
        "dvar": 0.000142023302033,
        "dvar2": 0.000186106117326,
        "max": 0.525390625,
        "mean": 0.0684821754694,
        "median": 0.0634765625,
        "min": 0.00634765625,
        "var": 0.00179366918746
    },
    "barkbands": {
        "dmean": [2.97888391287e-06, 0.00101171992719, 0.00115860567894, 0.000536396924872, 0.00120778277051, 0.000706886581611, 0.000718366762158, 0.000569307012483, 0.000674812705256, 0.00048632954713, 0.000424528843723, 0.000346036860719, 0.000355786178261, 0.000324308959534, 0.000242939480813, 0.000261735724052, 0.000203287650947, 0.000238746884861, 0.00017543391732, 0.000165679026395, 0.000123303791042, 8.16855244921e-05, 5.70490083192e-05, 4.13940797444e-05, 1.48128583533e-05, 9.03546424524e-06, 7.84936844411e-07],
        "dmean2": [5.09832489115e-06, 0.00129000097513, 0.00164681440219, 0.000867417547852, 0.00201243953779, 0.00111266295426, 0.00113207951654, 0.000826311996207, 0.000949961366132, 0.000721626041923, 0.000592674827203, 0.000516387517564, 0.000546025345102, 0.000480734015582, 0.000368880922906, 0.000398135685828, 0.000303400796838, 0.000366354215657, 0.000270188436843, 0.000246812705882, 0.000184753298527, 0.000122740559164, 8.49310890771e-05, 6.11797076999e-05, 2.12511204154e-05, 1.27069679365e-05, 1.18579669106e-06],
        "dvar": [3.96383897927e-11, 2.63196170636e-06, 5.49814512851e-06, 1.74213960236e-06, 8.2421793195e-06, 1.65614051184e-06, 1.78999471245e-06, 1.779225272e-06, 4.09385938838e-06, 3.25917039845e-06, 1.78871516709e-06, 1.17159584079e-06, 1.53381029122e-06, 1.42371243328e-06, 5.77269247515e-07, 6.50444235362e-07, 2.47917284923e-07, 2.30691881598e-07, 9.91040280951e-08, 1.34253383521e-07, 6.25314555691e-08, 2.60994532653e-08, 1.34631452653e-08, 8.82423645265e-09, 1.07514874781e-09, 5.26809540435e-10, 6.44254181253e-12],
        "dvar2": [1.00883058851e-10, 4.23464507548e-06, 1.0755623407e-05, 4.18590343543e-06, 2.15200525417e-05, 4.05460377806e-06, 4.28444627687e-06, 3.31418641508e-06, 6.81852134221e-06, 5.56586883249e-06, 2.79445566775e-06, 2.25789267461e-06, 3.07621962747e-06, 2.33880291489e-06, 1.13591056561e-06, 1.25178303279e-06, 4.77268656596e-07, 4.82100062982e-07, 2.02312179454e-07, 2.63321567218e-07, 1.2377172709e-07, 5.22639531653e-08, 2.65935167221e-08, 1.90221047802e-08, 2.18253259909e-09, 1.05517006244e-09, 1.50226393825e-11],
        "max": [0.000220495581743, 0.0354728214443, 0.049512155354, 0.0371392555535, 0.0462269298732, 0.0232348926365, 0.0359227284789, 0.0447545908391, 0.0582212768495, 0.0758524686098, 0.0487931519747, 0.0378803871572, 0.032612644136, 0.10103161633, 0.0203522592783, 0.0213930439204, 0.0127880377695, 0.00969983637333, 0.00786845292896, 0.0131407249719, 0.00761594763026, 0.0043103848584, 0.00289687444456, 0.00115634256508, 0.000670517794788, 0.000304031302221, 8.22664806037e-05],
        "mean": [3.20453864333e-06, 0.00225310726091, 0.00190395943355, 0.000644521962386, 0.00175846251659, 0.00127201410942, 0.00134350720327, 0.00110197265167, 0.00132831209339, 0.000981508637778, 0.000786564545706, 0.000586997775827, 0.000582671083976, 0.000573249999434, 0.00040301901754, 0.000522233080119, 0.000393709429773, 0.000475057662698, 0.000377547432436, 0.000360350008123, 0.000270197197096, 0.000165541481692, 0.000114281298011, 6.65628685965e-05, 2.61780442088e-05, 1.25955220938e-05, 7.88367799487e-07],
        "median": [1.10361020234e-06, 0.000615867436863, 0.000523140537553, 0.000191346887732, 0.0006158289616, 0.000449512241175, 0.000504680210724, 0.000298654951621, 0.000263424415607, 0.000102532503661, 8.64094035933e-05, 0.000108167689177, 9.39228702919e-05, 6.0204671172e-05, 5.97559301241e-05, 6.71247616992e-05, 8.61042935867e-05, 0.000145159865497, 0.000153594388394, 0.000106929728645, 0.00010534816829, 6.80650700815e-05, 4.79061491205e-05, 2.8177852073e-05, 1.20267995953e-05, 3.67502298104e-06, 1.16494241809e-07],
        "min": [1.43188568654e-24, 5.08319721447e-24, 6.13844964346e-25, 3.75825513288e-25, 7.77974861387e-24, 4.76677761121e-24, 8.86444813577e-24, 7.16947714012e-24, 9.87615593583e-24, 9.22765941806e-24, 1.23087599984e-23, 2.03201907492e-23, 2.7707417165e-23, 3.062009042e-23, 3.97666170717e-23, 4.06073156047e-23, 6.1197424579e-23, 9.15964761734e-23, 1.31905684397e-22, 1.2479498055e-22, 2.49821065791e-22, 3.19475792405e-22, 2.21767177761e-22, 5.81652111289e-22, 8.3160348428e-22, 1.19482281295e-21, 1.99505341262e-21],
        "var": [4.36973061901e-11, 1.78331902134e-05, 1.26447030198e-05, 2.2679785161e-06, 1.17110612337e-05, 4.17300861955e-06, 4.88017758471e-06, 6.12224084762e-06, 1.24078960653e-05, 1.12213274406e-05, 5.93606409893e-06, 2.77586445918e-06, 3.34698574989e-06, 4.16213833887e-06, 1.42045178109e-06, 2.28647922995e-06, 7.84454471159e-07, 6.68529537506e-07, 3.11313783641e-07, 4.61152183107e-07, 2.20782951033e-07, 7.43986063867e-08, 3.70017794182e-08, 1.22455432461e-08, 1.72242275998e-09, 7.08784642089e-10, 6.3306937817e-12]
    },
    "erbbands": {
        "dmean": [0.0154571570456, 0.281650155783, 1.11958026886, 1.4812476635, 3.62035131454, 3.37845683098, 5.87895584106, 5.83438301086, 10.8989744186, 8.63951396942, 13.96717453, 14.3689823151, 14.265953064, 14.4686937332, 15.5603647232, 14.0866546631, 15.6156873703, 16.1023769379, 12.9804668427, 12.4716424942, 12.5668125153, 10.3901176453, 13.6019220352, 10.0022716522, 7.6682062149, 7.36555719376, 6.46521472931, 3.45580482483, 2.75902032852, 2.40087985992, 1.54401242733, 1.18845677376, 0.507825553417, 0.192086592317, 0.10006750375, 0.0441767349839, 0.016540216282, 0.00291558378376, 8.65410256665e-05, 8.54095742397e-06],
        "dmean2": [0.0188723430037, 0.358545958996, 1.54992735386, 2.27570009232, 6.09812164307, 5.61056566238, 9.41538047791, 9.0221118927, 17.2809352875, 13.140255928, 19.3887901306, 20.2867069244, 21.1684532166, 20.9763031006, 21.5994129181, 20.7787895203, 23.8649749756, 23.7975749969, 19.5539512634, 18.836139679, 18.8492603302, 15.3867559433, 20.7044429779, 15.5498275757, 11.4585990906, 11.0414009094, 9.70665550232, 5.23828601837, 4.13837528229, 3.60332560539, 2.2934384346, 1.77434003353, 0.746781826019, 0.279484331608, 0.144775420427, 0.0630815774202, 0.0235087759793, 0.0041140136309, 0.000127693187096, 1.18467487482e-05],
        "dvar": [0.000697913113981, 0.184723436832, 4.26276063919, 7.63090753555, 124.348464966, 57.0384597778, 163.702072144, 119.646606445, 462.481262207, 268.422607422, 1325.94042969, 2175.53710938, 3355.91162109, 2008.33203125, 3100.84692383, 2015.74414062, 2679.13842773, 3915.60351562, 1506.1015625, 1074.03662109, 1221.875, 664.968444824, 806.766967773, 304.190643311, 212.649429321, 247.004089355, 198.097183228, 42.0892486572, 28.9847698212, 28.4792671204, 9.59893035889, 7.17239618301, 1.27055454254, 0.179585620761, 0.046159144491, 0.0117426719517, 0.0019119681092, 6.19883576292e-05, 9.16948721397e-08, 1.19713169933e-10],
        "dvar2": [0.000925922766328, 0.310123324394, 8.24101734161, 17.3783950806, 308.585266113, 153.587249756, 427.736083984, 264.733520508, 1133.70385742, 545.932250977, 2271.16772461, 3586.01123047, 5841.83837891, 3500.8293457, 4644.15625, 3729.98071289, 5271.77148438, 6362.171875, 2973.87548828, 2064.85546875, 2263.95263672, 1257.30297852, 1655.98571777, 626.413757324, 426.998168945, 505.865753174, 374.745422363, 88.1731109619, 57.7397651672, 57.0185279846, 18.966917038, 15.6121616364, 2.73300790787, 0.372410207987, 0.0934325456619, 0.0240807812661, 0.00392655935138, 0.000125230639242, 2.17757744281e-07, 2.29909966065e-10],
        "max": [0.677628517151, 9.15709114075, 43.0197296143, 66.1307601929, 218.018676758, 201.828781128, 307.762451172, 246.661422729, 522.847839355, 902.287109375, 857.138183594, 1586.66369629, 2952.38598633, 1529.89550781, 2527.41748047, 1946.94006348, 1692.88647461, 5570.15234375, 1236.17028809, 1042.4588623, 1098.94921875, 798.653930664, 632.141784668, 475.811279297, 481.552276611, 719.557922363, 445.354095459, 197.384048462, 173.515853882, 131.826538086, 70.3553543091, 39.1059303284, 15.6390762329, 7.86562728882, 4.47484064102, 1.71739077568, 0.612578868866, 0.15416751802, 0.0105548230931, 0.000193037456484],
        "mean": [0.037492852658, 0.625673830509, 2.02716875076, 2.23532104492, 4.15247821808, 5.16666841507, 9.66726303101, 10.8630695343, 20.0742759705, 17.6123962402, 28.7249202728, 29.1383571625, 29.676109314, 28.5432090759, 30.5280094147, 24.922252655, 27.3236484528, 29.0046768188, 24.1785297394, 24.4179019928, 26.2278766632, 22.2108688354, 27.6751232147, 21.904548645, 17.1516704559, 16.2221431732, 14.7024097443, 7.54293632507, 5.82249927521, 4.78388881683, 3.05406737328, 1.90686058998, 0.828434586525, 0.326303809881, 0.179230690002, 0.0676701292396, 0.0215161368251, 0.00348179624416, 0.000104604136141, 2.57874689851e-05],
        "median": [0.00786682032049, 0.20591250062, 0.829673647881, 0.871096372604, 0.902037918568, 1.9784526825, 3.31966781616, 3.90534710884, 7.3421087265, 7.91787147522, 8.27649688721, 6.89548301697, 5.22990131378, 4.90196800232, 5.17000436783, 5.96511459351, 6.59926509857, 5.1997756958, 4.82769298553, 4.6557970047, 5.11745262146, 5.80426883698, 8.45255756378, 9.81201267242, 6.24272680283, 4.97096347809, 5.23634338379, 3.2788977623, 2.59328913689, 1.60822474957, 1.37227165699, 0.82602506876, 0.347020149231, 0.144908457994, 0.0851069614291, 0.0242249723524, 0.00564945396036, 0.000728891929612, 2.93194025289e-05, 2.09661156987e-05],
        "min": [7.04086756902e-23, 6.29003405084e-22, 1.51701612389e-21, 2.12355034701e-21, 9.27106938606e-21, 2.94590455456e-20, 4.73205503829e-20, 4.37355076028e-20, 9.55453771964e-20, 2.12963994728e-19, 2.92877383794e-19, 2.71384439746e-19, 4.13553315793e-19, 4.03571623944e-19, 7.90650403848e-19, 9.43875117469e-19, 1.28054134909e-18, 2.16179062238e-18, 2.67860397012e-18, 3.12909873263e-18, 3.41962193455e-18, 3.96197717204e-18, 6.56066763677e-18, 6.18861958163e-18, 7.39409387654e-18, 7.17899383005e-18, 8.56634446215e-18, 1.0317577636e-17, 1.09296979067e-17, 1.19817368154e-17, 7.49279389441e-18, 1.17949073207e-17, 9.38443766849e-18, 7.62726533787e-18, 6.52465302008e-18, 4.19258230552e-18, 1.90741810836e-18, 8.4730876029e-19, 2.43773822983e-19, 2.76273219337e-20],
        "var": [0.00607203738764, 1.17950856686, 10.6395339966, 13.039355278, 155.169937134, 82.0851821899, 306.078613281, 337.879089355, 1160.42614746, 978.799804688, 4434.51318359, 6778.79589844, 10597.8652344, 6469.86083984, 10576.7050781, 5040.46533203, 6056.95800781, 10582.0439453, 4140, 3026.41943359, 4678.12304688, 2386.17944336, 2368.47216797, 935.439208984, 775.69140625, 801.132629395, 771.516662598, 130.447570801, 98.144859314, 81.597442627, 24.5100536346, 9.84864044189, 1.82815492153, 0.273844331503, 0.077458769083, 0.0162754394114, 0.00241521815769, 7.81965718488e-05, 8.72334453561e-08, 4.07834904737e-10]
    },
    "gfcc": {
        "mean": [-21.8708877563, 75.9898757935, -124.3073349, 43.3763961792, -68.8768157959, 10.5363492966, -34.9985694885, 11.9261360168, -22.8132209778, 4.48701953888, -14.5757656097, -0.408072263002, -16.3041496277],
        "cov": [[11761.1474609, 431.49987793, -1642.56396484, 2.96711277962, -384.303070068, -54.4999389648, -322.691925049, -85.1502990723, -183.304855347, 46.260761261, -61.1852378845, 78.8425369263, -70.1698684692], [431.49987793, 668.83001709, -72.0520935059, -145.790847778, -45.157989502, -44.5830001831, -5.09622907639, -50.2173919678, 0.827234506607, -43.804889679, 48.5220298767, -30.4142456055, 49.3839874268], [-1642.56396484, -72.0520935059, 1095.72912598, 327.307403564, 12.750576973, 100.495674133, 113.280769348, 135.256011963, 12.0971651077, 25.5193099976, -9.80420398712, -9.07389450073, -64.0283432007], [2.96711277962, -145.790847778, 327.307403564, 401.161102295, 84.2150268555, 71.477935791, 64.1447601318, 88.9347686768, 7.54716491699, 12.8516550064, -21.1028652191, -8.48571777344, -46.4259872437], [-384.303070068, -45.157989502, 12.750576973, 84.2150268555, 299.212249756, 158.34375, 97.2384643555, 45.0987625122, 65.1025085449, 35.0844535828, 20.9404621124, 3.21500492096, 11.0435934067], [-54.4999389648, -44.5830001831, 100.495674133, 71.477935791, 158.34375, 216.766204834, 115.967559814, 80.8917312622, 49.903881073, 48.2428131104, 14.7389440536, 13.4206361771, -4.40658521652], [-322.691925049, -5.09622907639, 113.280769348, 64.1447601318, 97.2384643555, 115.967559814, 165.740997314, 112.659080505, 63.9791374207, 21.1233482361, 20.4108161926, 7.17531490326, 12.1896162033], [-85.1502990723, -50.2173919678, 135.256011963, 88.9347686768, 45.0987625122, 80.8917312622, 112.659080505, 165.426834106, 80.0507125854, 44.8109359741, 16.1849021912, 10.2773675919, -6.33457183838], [-183.304855347, 0.827234506607, 12.0971651077, 7.54716491699, 65.1025085449, 49.903881073, 63.9791374207, 80.0507125854, 117.609809875, 64.3065490723, 24.9046001434, -2.94951534271, 4.29473161697], [46.260761261, -43.804889679, 25.5193099976, 12.8516550064, 35.0844535828, 48.2428131104, 21.1233482361, 44.8109359741, 64.3065490723, 101.781509399, 48.1109161377, 23.6313037872, -8.35732364655], [-61.1852378845, 48.5220298767, -9.80420398712, -21.1028652191, 20.9404621124, 14.7389440536, 20.4108161926, 16.1849021912, 24.9046001434, 48.1109161377, 89.9189758301, 49.4527740479, 14.7095718384], [78.8425369263, -30.4142456055, -9.07389450073, -8.48571777344, 3.21500492096, 13.4206361771, 7.17531490326, 10.2773675919, -2.94951534271, 23.6313037872, 49.4527740479, 89.7606887817, 47.4689483643], [-70.1698684692, 49.3839874268, -64.0283432007, -46.4259872437, 11.0435934067, -4.40658521652, 12.1896162033, -6.33457183838, 4.29473161697, -8.35732364655, 14.7095718384, 47.4689483643, 94.8253860474]],
        "icov": [[0.000208237732295, -0.000383003643947, 0.000501014234032, -0.000415261602029, 0.000351246300852, -0.000359789206414, 0.000310660921969, -0.000404585356591, 0.000504452502355, -0.000656570831779, 0.000853291712701, -0.000814754574094, 0.000558738422114], [-0.000383003643947, 0.00305976555683, -0.00109112937935, 0.00113935919944, 4.86048520543e-05, -8.28999691294e-05, -0.000178589398274, 0.0011639035074, -0.0017153096851, 0.00342506496236, -0.00555448746309, 0.00509605603293, -0.00327451876365], [0.000501014234032, -0.00109112937935, 0.00255563366227, -0.00197729677893, 0.00133781612385, -0.00112431240268, 0.000122361874674, -0.00129235920031, 0.00166172999889, -0.00194961519446, 0.00228664255701, -0.0021582080517, 0.00186501501594], [-0.000415261602029, 0.00113935919944, -0.00197729677893, 0.00510558485985, -0.00236618099734, 0.00147521018516, -0.000543001689948, -0.00131162279285, 0.00074693717761, 0.000888914684765, -0.000562380475458, 0.00110153073911, 0.000170533996425], [0.000351246300852, 4.86048520543e-05, 0.00133781612385, -0.00236618099734, 0.00787635985762, -0.00579818384722, -0.000293438555673, 0.00253943679854, -0.00324612832628, 0.00133956770878, -0.00160228263121, 0.000839962274767, -0.000906768604182], [-0.000359789206414, -8.28999691294e-05, -0.00112431240268, 0.00147521018516, -0.00579818384722, 0.0131549211219, -0.00722857704386, -0.000239314103965, 0.0032949259039, -0.00568853924051, 0.00409430172294, -0.00249700830318, 0.0019041277701], [0.000310660921969, -0.000178589398274, 0.000122361874674, -0.000543001689948, -0.000293438555673, -0.00722857704386, 0.0195281822234, -0.00974570959806, -0.00262850453146, 0.00674361921847, -0.005254491698, 0.00306846108288, -0.00333099509589], [-0.000404585356591, 0.0011639035074, -0.00129235920031, -0.00131162279285, 0.00253943679854, -0.000239314103965, -0.00974570959806, 0.01870104298, -0.00987365283072, 0.00102183513809, 0.000219980705879, -0.00242620403878, 0.00149252882693], [0.000504452502355, -0.0017153096851, 0.00166172999889, 0.00074693717761, -0.00324612832628, 0.0032949259039, -0.00262850453146, -0.00987365283072, 0.0261628720909, -0.0166194885969, 0.00365175795741, 0.00480806548148, -0.00265922304243], [-0.000656570831779, 0.00342506496236, -0.00194961519446, 0.000888914684765, 0.00133956770878, -0.00568853924051, 0.00674361921847, 0.00102183513809, -0.0166194885969, 0.030029527843, -0.0159320626408, 0.00177150091622, 0.000614166725427], [0.000853291712701, -0.00555448746309, 0.00228664255701, -0.000562380475458, -0.00160228263121, 0.00409430172294, -0.005254491698, 0.000219980705879, 0.00365175795741, -0.0159320626408, 0.0337876342237, -0.0223199725151, 0.0102222710848], [-0.000814754574094, 0.00509605603293, -0.0021582080517, 0.00110153073911, 0.000839962274767, -0.00249700830318, 0.00306846108288, -0.00242620403878, 0.00480806548148, 0.00177150091622, -0.0223199725151, 0.0362456589937, -0.0196888614446], [0.000558738422114, -0.00327451876365, 0.00186501501594, 0.000170533996425, -0.000906768604182, 0.0019041277701, -0.00333099509589, 0.00149252882693, -0.00265922304243, 0.000614166725427, 0.0102222710848, -0.0196888614446, 0.0231742467731]]
    },
    "melbands": {
        "dmean": [0.000221880953177, 0.000509837991558, 0.000323742657201, 0.000255003658822, 0.000190866965568, 0.000135707479785, 0.000156733207405, 0.000100351731817, 0.000122456083773, 8.9469984232e-05, 7.31190375518e-05, 6.02356703894e-05, 5.00177666254e-05, 4.02220102842e-05, 3.5734676203e-05, 3.97446274292e-05, 3.07270747726e-05, 2.24037503358e-05, 1.86432371265e-05, 2.09811350942e-05, 1.37839106173e-05, 1.16073615573e-05, 1.16976543723e-05, 1.24291454995e-05, 8.5130241132e-06, 6.49202092973e-06, 5.71535201743e-06, 5.32789772478e-06, 4.62768775833e-06, 3.22619553117e-06, 1.92683251043e-06, 1.64533105362e-06, 1.69159739016e-06, 1.28073065753e-06, 9.58574673859e-07, 8.94250092642e-07, 6.94140339874e-07, 3.92738314758e-07, 2.30501697729e-07, 1.51257026459e-07],
        "dmean2": [0.000275464029983, 0.000685267266817, 0.000507130345795, 0.000431588152424, 0.000306171103148, 0.000210662794416, 0.000248317926889, 0.000151007378008, 0.000168624726939, 0.000127249935758, 0.00010862902127, 8.76849371707e-05, 6.98849908076e-05, 5.78064900765e-05, 5.41274457646e-05, 6.03258813499e-05, 4.56523630419e-05, 3.37850760843e-05, 2.81048160105e-05, 3.17658341373e-05, 2.0674575353e-05, 1.73446478584e-05, 1.76848570845e-05, 1.90851551451e-05, 1.34716810862e-05, 9.84299913398e-06, 8.61681746755e-06, 8.09233733889e-06, 6.94767459208e-06, 4.97162182e-06, 2.96537814393e-06, 2.50397624768e-06, 2.58106456386e-06, 1.94396216102e-06, 1.4449393575e-06, 1.35272682655e-06, 1.05479489321e-06, 5.88913678712e-07, 3.42419497201e-07, 2.24870632337e-07],
        "dvar": [1.35218783726e-07, 6.38828169031e-07, 4.48916239293e-07, 4.85495888825e-07, 1.60575098107e-07, 5.72586849046e-08, 8.95868552675e-08, 3.81101443736e-08, 1.14907635407e-07, 7.8643452639e-08, 8.63634426196e-08, 3.62336507465e-08, 2.60885375525e-08, 1.6849925899e-08, 1.33306645722e-08, 2.52223291142e-08, 1.42541605186e-08, 5.14266584872e-09, 3.79598041889e-09, 4.89979878893e-09, 1.63026048217e-09, 1.00769437239e-09, 7.17842729703e-10, 7.30204174904e-10, 2.39256947587e-10, 1.66706884408e-10, 1.46615830587e-10, 1.6298942751e-10, 1.47488632418e-10, 4.24447768599e-11, 1.54634551691e-11, 1.28469136371e-11, 1.24558375766e-11, 8.64117024463e-12, 4.35911289703e-12, 3.39054305465e-12, 2.60915573001e-12, 7.32282778252e-13, 2.70702487119e-13, 1.05005190469e-13],
        "dvar2": [1.94395752828e-07, 1.26140980683e-06, 1.03685454178e-06, 1.26209533846e-06, 4.23269000294e-07, 1.30191267544e-07, 2.20598536771e-07, 7.51406901145e-08, 1.87663445672e-07, 1.31278653726e-07, 1.50154093603e-07, 6.31074357216e-08, 3.99147452868e-08, 3.04790894745e-08, 2.48884326481e-08, 4.70562433463e-08, 2.43611761874e-08, 9.92126469868e-09, 6.96165702863e-09, 9.56297974142e-09, 2.97857805087e-09, 1.96091320959e-09, 1.40788269931e-09, 1.60549451511e-09, 5.04629116271e-10, 3.40594635828e-10, 2.85767187691e-10, 3.43599260155e-10, 2.70878430797e-10, 8.90665388664e-11, 3.23173640626e-11, 2.5336217499e-11, 2.61938665203e-11, 1.70976253988e-11, 8.51255350931e-12, 7.56763054999e-12, 5.79570549539e-12, 1.60984734657e-12, 5.84853075258e-13, 2.23164477349e-13],
        "max": [0.00867440644652, 0.0160707272589, 0.014702340588, 0.0119398115203, 0.00882201548666, 0.00513600371778, 0.00784167088568, 0.00812749005854, 0.00828904286027, 0.00856493506581, 0.0146857341751, 0.00673933560029, 0.00659133540466, 0.00398709857836, 0.00445867842063, 0.00653767026961, 0.00956656597555, 0.00234723556787, 0.00208264030516, 0.00209204433486, 0.00137758720666, 0.00114388018847, 0.000692636531312, 0.000593003351241, 0.000477145600598, 0.00044040728244, 0.000600162195042, 0.00068956654286, 0.000467258447316, 0.000178218018846, 0.000156536581926, 0.000149474974023, 9.85283695627e-05, 8.15115781734e-05, 6.1305348936e-05, 4.42841264885e-05, 2.0897738068e-05, 1.15826233014e-05, 9.7743313745e-06, 5.97161624682e-06],
        "mean": [0.000515174877364, 0.00101507385261, 0.000462500262074, 0.000331477960572, 0.000322668318404, 0.000255561637459, 0.000291921460303, 0.000199417307158, 0.000248414609814, 0.000176593399374, 0.000149799088831, 0.000117496703751, 9.52490299824e-05, 7.23234843463e-05, 5.98159203946e-05, 6.53165116091e-05, 5.2967472584e-05, 3.96800969611e-05, 3.19080718327e-05, 4.08067026001e-05, 2.67037048616e-05, 2.27994587476e-05, 2.29432262131e-05, 2.38898210227e-05, 1.71968385985e-05, 1.34308820634e-05, 1.15653901958e-05, 1.07034165922e-05, 1.00547240436e-05, 6.59929446556e-06, 3.65350388165e-06, 3.31817318511e-06, 3.09430606649e-06, 2.46954959948e-06, 1.83351903615e-06, 1.47313301113e-06, 1.03740217128e-06, 6.2449652205e-07, 3.55644829142e-07, 2.48509309131e-07],
        "median": [0.000121397250041, 0.000476350658573, 0.000179537921213, 9.82355049928e-05, 0.000120485245134, 9.50602843659e-05, 0.000113240472274, 7.48605089029e-05, 5.96913741902e-05, 3.65124978998e-05, 1.99254700419e-05, 1.50865107571e-05, 1.25927417685e-05, 1.26781797007e-05, 9.83907466434e-06, 8.6312284111e-06, 6.67993617753e-06, 6.00712155574e-06, 4.59791590401e-06, 4.70894065074e-06, 4.77493676954e-06, 4.94817868457e-06, 5.91981552134e-06, 6.9930583777e-06, 7.73890678829e-06, 4.44465331384e-06, 3.82018697564e-06, 2.82454311673e-06, 3.03787737721e-06, 2.70734653895e-06, 1.52142388288e-06, 1.44194723362e-06, 1.11852227747e-06, 7.67447204453e-07, 7.40674693134e-07, 7.11361167305e-07, 4.21684035246e-07, 2.65326320914e-07, 1.36502009696e-07, 1.1462503835e-07],
        "min": [1.37809464192e-24, 8.71764072688e-25, 9.42276207486e-25, 1.49334386751e-24, 1.94526906669e-24, 7.01961023282e-25, 1.43391700337e-24, 2.03393151041e-24, 1.88048642865e-24, 1.49938989471e-24, 1.68112550068e-24, 1.26096230674e-24, 2.33886845434e-24, 1.86387380685e-24, 1.72556026054e-24, 2.61498298459e-24, 3.28819569781e-24, 3.31516586609e-24, 3.40395216097e-24, 3.46437141213e-24, 3.70242044547e-24, 3.55697500493e-24, 4.95766696191e-24, 4.69478261512e-24, 4.54232814544e-24, 4.28277634154e-24, 2.59651239814e-24, 4.44679235665e-24, 5.20710123027e-24, 3.68554749957e-24, 5.93562965903e-24, 5.61023400196e-24, 5.52198216034e-24, 5.93696953928e-24, 3.34490552778e-24, 5.73533156431e-24, 6.40237814626e-24, 6.3706805318e-24, 5.04505618413e-24, 6.10430232006e-24],
        "var": [1.05429489849e-06, 1.8543760234e-06, 6.97117684467e-07, 6.03725482051e-07, 3.02186890622e-07, 1.6371488698e-07, 2.2404036315e-07, 1.39391730158e-07, 3.74445846774e-07, 2.4604742066e-07, 2.77430984852e-07, 1.21001988873e-07, 8.97216594353e-08, 4.39204654867e-08, 3.18188391191e-08, 5.92350275497e-08, 3.83090075218e-08, 1.50185712755e-08, 1.00035366657e-08, 1.58689221763e-08, 5.90199888961e-09, 3.51148998767e-09, 2.22014651108e-09, 1.87141568908e-09, 6.50883957842e-10, 5.06585606797e-10, 5.37024258396e-10, 4.64230792696e-10, 5.46359513187e-10, 1.39054309733e-10, 4.0161783621e-11, 4.48751001636e-11, 3.05950161039e-11, 2.53435206848e-11, 1.19165094459e-11, 4.87936774318e-12, 3.3728794497e-12, 1.03869170209e-12, 3.89441083548e-13, 1.55652034772e-13]
    },
    "mfcc": {
        "mean": [-656.784484863, 96.6998977661, 1.63813745975, 32.0107421875, -6.73207044601, 1.55249202251, -3.07381939888, 4.88828134537, -4.5157289505, 4.26001310349, 0.992587864399, 4.20517349243, -3.01285743713],
        "cov": [[6100.01318359, 396.047943115, -871.469543457, -118.803123474, -185.972869873, -74.9716339111, -182.499099731, -126.131637573, -191.867355347, -114.738868713, -99.7247390747, -29.8692836761, 72.7633056641], [396.047943115, 722.453063965, -42.0402793884, -130.159301758, -60.8699035645, -41.6196174622, -30.2726192474, -42.1870002747, -44.5648384094, -28.7789592743, -25.5047492981, -24.528842926, -18.1689376831], [-871.469543457, -42.0402793884, 785.771728516, 205.59664917, 59.3200149536, 33.0806045532, 101.954360962, 75.9643478394, 56.6225242615, 63.9300918579, 71.1185760498, 21.8015918732, -39.1323547363], [-118.803123474, -130.159301758, 205.59664917, 269.5027771, 85.5412826538, 36.7622566223, 61.0101013184, 65.71459198, 35.6484069824, 40.4886665344, 38.4756965637, 14.3829393387, 4.40523815155], [-185.972869873, -60.8699035645, 59.3200149536, 85.5412826538, 174.237411499, 106.548065186, 68.9176864624, 48.7876396179, 53.2360801697, 40.4935531616, 37.4871559143, 33.3374290466, 23.3416213989], [-74.9716339111, -41.6196174622, 33.0806045532, 36.7622566223, 106.548065186, 146.305130005, 76.7546844482, 42.3342285156, 50.0130004883, 27.0386104584, 22.2658596039, 32.4745750427, 29.7679576874], [-182.499099731, -30.2726192474, 101.954360962, 61.0101013184, 68.9176864624, 76.7546844482, 131.66242981, 88.2678909302, 54.2925224304, 40.3299598694, 34.8652839661, 24.3235492706, 16.1985569], [-126.131637573, -42.1870002747, 75.9643478394, 65.71459198, 48.7876396179, 42.3342285156, 88.2678909302, 126.049514771, 77.4028091431, 50.9627609253, 40.8203277588, 15.0912923813, 15.1762628555], [-191.867355347, -44.5648384094, 56.6225242615, 35.6484069824, 53.2360801697, 50.0130004883, 54.2925224304, 77.4028091431, 133.647033691, 71.8359069824, 31.4270782471, 29.8613376617, 5.78840970993], [-114.738868713, -28.7789592743, 63.9300918579, 40.4886665344, 40.4935531616, 27.0386104584, 40.3299598694, 50.9627609253, 71.8359069824, 109.505104065, 77.0674819946, 31.2089138031, 8.77941322327], [-99.7247390747, -25.5047492981, 71.1185760498, 38.4756965637, 37.4871559143, 22.2658596039, 34.8652839661, 40.8203277588, 31.4270782471, 77.0674819946, 119.891067505, 57.8785667419, 26.9678592682], [-29.8692836761, -24.528842926, 21.8015918732, 14.3829393387, 33.3374290466, 32.4745750427, 24.3235492706, 15.0912923813, 29.8613376617, 31.2089138031, 57.8785667419, 99.1692962646, 57.7599029541], [72.7633056641, -18.1689376831, -39.1323547363, 4.40523815155, 23.3416213989, 29.7679576874, 16.1985569, 15.1762628555, 5.78840970993, 8.77941322327, 26.9678592682, 57.7599029541, 108.175300598]],
