{
"lowlevel": {
    "average_loudness": 0.783236980438,
    "barkbands_crest": {
        "dmean": 2.8212685585,
        "dmean2": 4.43339157104,
        "dvar": 7.7076086998,
        "dvar2": 17.3922462463,
        "max": 26.6558189392,
        "mean": 11.7027359009,
        "median": 10.5690593719,
        "min": 2.29053425789,
        "var": 28.166261673
    },
    "barkbands_flatness_db": {
        "dmean": 0.0273425430059,
        "dmean2": 0.0385579876602,
        "dvar": 0.000698429706972,
        "dvar2": 0.00133370002732,
        "max": 0.475927770138,
        "mean": 0.173186823726,
        "median": 0.157220423222,
        "min": 0.0268811229616,
        "var": 0.00513250473887
    },
    "barkbands_kurtosis": {
        "dmean": 6.53578233719,
        "dmean2": 9.52539348602,
        "dvar": 335.746734619,
        "dvar2": 598.005493164,
        "max": 971.829833984,
        "mean": 10.6399145126,
        "median": 2.57955980301,
        "min": -1.79984736443,
        "var": 1207.07580566
    },
    "barkbands_skewness": {
        "dmean": 0.803166747093,
        "dmean2": 1.15946304798,
        "dvar": 1.08532261848,
        "dvar2": 2.03598809242,
        "max": 27.4099292755,
        "mean": 1.91007244587,
        "median": 1.48874616623,
        "min": -3.41866016388,
        "var": 5.12382650375
    },
    "barkbands_spread": {
        "dmean": 5.90758180618,
        "dmean2": 9.05827522278,
        "dvar": 61.4176864624,
        "dvar2": 139.273696899,
        "max": 91.0428543091,
        "mean": 18.5962505341,
        "median": 16.5890884399,
        "min": 0.279065787792,
        "var": 162.834701538
    },
    "dissonance": {
        "dmean": 0.0247491002083,
        "dmean2": 0.04145571962,
        "dvar": 0.000665956758894,
        "dvar2": 0.00181970384438,
        "max": 0.500000178814,
        "mean": 0.449529796839,
        "median": 0.460595101118,
        "min": 0.16242082417,
        "var": 0.00163769919891
    },
    "dynamic_complexity": 3.63710331917,
    "erbbands_crest": {
        "dmean": 2.42314791679,
        "dmean2": 3.79308605194,
        "dvar": 6.55439424515,
        "dvar2": 14.4298458099,
        "max": 34.5979766846,
        "mean": 9.91849422455,
        "median": 8.71613883972,
        "min": 2.34101295471,
        "var": 24.9558582306
    },
    "erbbands_flatness_db": {
        "dmean": 0.0217468887568,
        "dmean2": 0.0288815107197,
        "dvar": 0.000559493317269,
        "dvar2": 0.000842551758979,
        "max": 0.425920844078,
        "mean": 0.176273837686,
        "median": 0.166303515434,
        "min": 0.0251627229154,
        "var": 0.00407963246107
    },
    "erbbands_kurtosis": {
        "dmean": 1.30017650127,
        "dmean2": 1.96159255505,
        "dvar": 8.44383430481,
        "dvar2": 15.2262649536,
        "max": 203.829498291,
        "mean": 1.29284107685,
        "median": 0.0956865549088,
        "min": -1.850689888,
        "var": 28.8138332367
    },
    "erbbands_skewness": {
        "dmean": 0.389693409204,
        "dmean2": 0.577182590961,
        "dvar": 0.1711037606,
        "dvar2": 0.362611114979,
        "max": 11.1090555191,
        "mean": 0.49806073308,
        "median": 0.352261334658,
        "min": -3.5677921772,
        "var": 0.917052984238
    },
    "erbbands_spread": {
        "dmean": 10.16451931,
        "dmean2": 14.7310991287,
        "dvar": 174.292053223,
        "dvar2": 329.230377197,
        "max": 153.286376953,
        "mean": 39.5693359375,
        "median": 31.5012168884,
        "min": 0.687843859196,
        "var": 759.906921387
    },
    "hfc": {
        "dmean": 5.78723812103,
        "dmean2": 8.14191055298,
        "dvar": 109.836257935,
        "dvar2": 186.862670898,
        "max": 183.774871826,
        "mean": 15.549243927,
        "median": 7.66768884659,
        "min": 1.07164007831e-16,
        "var": 429.142913818
    },
    "melbands_crest": {
        "dmean": 3.21238398552,
        "dmean2": 5.03450155258,
        "dvar": 9.61207008362,
        "dvar2": 21.4123592377,
        "max": 36.7562026978,
        "mean": 15.4624738693,
        "median": 14.9493904114,
        "min": 1.45653891563,
        "var": 34.9825057983
    },
    "melbands_flatness_db": {
        "dmean": 0.0321674346924,
        "dmean2": 0.0451284050941,
        "dvar": 0.00103249622043,
        "dvar2": 0.00198488216847,
        "max": 0.590740740299,
        "mean": 0.227340817451,
        "median": 0.207572251558,
        "min": 0.00135297200177,
        "var": 0.00860821735114
    },
    "melbands_kurtosis": {
        "dmean": 16.3187332153,
        "dmean2": 24.2402458191,
        "dvar": 1416.72314453,
        "dvar2": 2758.78369141,
        "max": 774.975769043,
        "mean": 28.5751228333,
        "median": 7.79809093475,
        "min": -1.65953981876,
        "var": 4758.75634766
    },
    "melbands_skewness": {
        "dmean": 1.12886452675,
        "dmean2": 1.63505554199,
        "dvar": 2.26135492325,
        "dvar2": 4.34789514542,
        "max": 22.0534210205,
        "mean": 3.09053707123,
        "median": 2.21229410172,
        "min": -4.72339057922,
        "var": 9.85783100128
    },
    "melbands_spread": {
        "dmean": 7.15852403641,
        "dmean2": 10.977265358,
        "dvar": 99.8909683228,
        "dvar2": 224.24861145,
        "max": 163.03036499,
        "mean": 22.0454502106,
        "median": 16.9736843109,
        "min": 0.342414975166,
        "var": 411.476837158
    },
    "pitch_salience": {
        "dmean": 0.0883282124996,
        "dmean2": 0.136066436768,
        "dvar": 0.00729093467817,
        "dvar2": 0.0160012450069,
        "max": 0.975930035114,
        "mean": 0.513871967793,
        "median": 0.521004676819,
        "min": 0.0283316168934,
        "var": 0.0299381855875
    },
    "silence_rate_20dB": {
        "dmean": 0,
        "dmean2": 0,
        "dvar": 0,
        "dvar2": 0,
        "max": 1,
        "mean": 1,
        "median": 1,
        "min": 1,
        "var": 0
    },
    "silence_rate_30dB": {
        "dmean": 0.000566171249375,
        "dmean2": 0.00113239593338,
        "dvar": 0.000565744645428,
        "dvar2": 0.00141442380846,
        "max": 1,
        "mean": 0.999528229237,
        "median": 1,
        "min": 0,
        "var": 0.000471486855531
    },
    "silence_rate_60dB": {
        "dmean": 0.0587874501944,
        "dmean2": 0.117580443621,
        "dvar": 0.0553297922015,
        "dvar2": 0.123959667981,
        "max": 1,
        "mean": 0.113511987031,
        "median": 0,
        "min": 0,
        "var": 0.1006379053
    },
    "spectral_centroid": {
        "dmean": 258.989929199,
        "dmean2": 382.900634766,
        "dvar": 103403.140625,
        "dvar2": 212047,
        "max": 11661.1230469,
        "mean": 1422.78405762,
        "median": 1244.82800293,
        "min": 160.922775269,
        "var": 1337326
    },
    "spectral_complexity": {
        "dmean": 2.83934879303,
        "dmean2": 4.36934995651,
        "dvar": 11.9245691299,
        "dvar2": 25.5694713593,
        "max": 50,
        "mean": 10.7217874527,
        "median": 10,
        "min": 0,
        "var": 45.259677887
    },
    "spectral_decrease": {
        "dmean": 1.71855274456e-09,
        "dmean2": 2.36791608543e-09,
        "dvar": 5.08863728459e-18,
        "dvar2": 1.02842505291e-17,
        "max": 2.00600818554e-28,
        "mean": -4.83720530298e-09,
        "median": -3.65100794042e-09,
        "min": -3.53922757768e-08,
        "var": 1.8847703995e-17
    },
    "spectral_energy": {
        "dmean": 0.00689671142027,
        "dmean2": 0.00950727052987,
        "dvar": 8.09544944786e-05,
        "dvar2": 0.000161594012752,
        "max": 0.135274603963,
        "mean": 0.0196670461446,
        "median": 0.0147941075265,
        "min": 9.8976934352e-21,
        "var": 0.000304875720758
    },
    "spectral_energyband_high": {
        "dmean": 0.000263738184003,
        "dmean2": 0.000382909493055,
        "dvar": 3.59321688848e-07,
        "dvar2": 6.62643287797e-07,
        "max": 0.0162865873426,
        "mean": 0.000534449121915,
        "median": 0.000178490605322,
        "min": 7.03659524982e-21,
        "var": 1.1215605582e-06
    },
    "spectral_energyband_low": {
        "dmean": 0.00337649392895,
        "dmean2": 0.00449819909409,
        "dvar": 2.88324863504e-05,
        "dvar2": 5.05720854562e-05,
        "max": 0.132918015122,
        "mean": 0.0071257064119,
        "median": 0.00260409200564,
        "min": 1.26756268621e-23,
        "var": 0.000140259202453
    },
    "spectral_energyband_middle_high": {
        "dmean": 0.00211972650141,
        "dmean2": 0.00300215859897,
        "dvar": 2.14872034121e-05,
        "dvar2": 3.62837345165e-05,
        "max": 0.0745058208704,
        "mean": 0.00524338986725,
        "median": 0.00133098009974,
        "min": 1.14122207471e-21,
        "var": 7.77527529863e-05
    },
    "spectral_energyband_middle_low": {
        "dmean": 0.00340584805235,
        "dmean2": 0.00486265681684,
        "dvar": 4.81658862554e-05,
        "dvar2": 0.000103921665868,
        "max": 0.119465909898,
        "mean": 0.0073629184626,
        "median": 0.00417954847217,
        "min": 1.2120551197e-22,
        "var": 0.000102112848253
    },
    "spectral_entropy": {
        "dmean": 0.22361305356,
        "dmean2": 0.299166887999,
        "dvar": 0.0527858696878,
        "dvar2": 0.0846776738763,
        "max": 9.82314777374,
        "mean": 7.33583927155,
        "median": 7.45032978058,
        "min": 4.42990255356,
        "var": 0.437530189753
    },
    "spectral_flux": {
        "dmean": 0.0267685446888,
        "dmean2": 0.0436449386179,
        "dvar": 0.000855334859807,
        "dvar2": 0.00226562819444,
        "max": 0.305309921503,
        "mean": 0.0615779310465,
        "median": 0.0528779104352,
        "min": 6.28655877355e-11,
        "var": 0.00157867011148
    },
    "spectral_kurtosis": {
        "dmean": 2.69638752937,
        "dmean2": 4.30698680878,
        "dvar": 36.5016174316,
        "dvar2": 85.9557113647,
        "max": 137.898162842,
        "mean": 6.25611972809,
        "median": 3.09840321541,
        "min": -1.25730657578,
        "var": 118.247703552
    },
    "spectral_rms": {
        "dmean": 0.000789710262325,
        "dmean2": 0.00107002595905,
        "dvar": 7.51024685997e-07,
        "dvar2": 1.41558041378e-06,
        "max": 0.0114880464971,
        "mean": 0.00393252121285,
        "median": 0.0037991150748,
        "min": 3.10745656637e-12,
        "var": 3.72278327632e-06
    },
    "spectral_rolloff": {
        "dmean": 469.882995605,
        "dmean2": 778.099365234,
        "dvar": 748592.875,
        "dvar2": 1755965.875,
        "max": 19896.6796875,
        "mean": 1423.41064453,
        "median": 839.794921875,
        "min": 43.06640625,
        "var": 4018375.5
    },
    "spectral_skewness": {
        "dmean": 0.283212304115,
        "dmean2": 0.436350107193,
        "dvar": 0.169583201408,
        "dvar2": 0.365514606237,
        "max": 9.93512630463,
        "mean": 1.58144211769,
        "median": 1.28181171417,
        "min": -0.0772294402122,
        "var": 1.09660732746
    },
    "spectral_spread": {
        "dmean": 520044.3125,
        "dmean2": 748032.375,
        "dvar": 423923089408,
        "dvar2": 730756939776,
        "max": 42978512,
        "mean": 4694736.5,
        "median": 4417383,
        "min": 766722.875,
        "var": 1.33808563159e+13
    },
    "spectral_strongpeak": {
        "dmean": 0.581235826015,
        "dmean2": 0.919133007526,
        "dvar": 1.11716783047,
        "dvar2": 2.21816802025,
        "max": 16.3386135101,
        "mean": 1.15502285957,
        "median": 0.514275789261,
        "min": 0,
        "var": 2.66405415535
    },
    "zerocrossingrate": {
        "dmean": 0.0103215444833,
        "dmean2": 0.01249996759,
        "dvar": 0.000149889587192,
        "dvar2": 0.000212921062484,
        "max": 0.52734375,
        "mean": 0.054501734674,
        "median": 0.04736328125,
        "min": 0.001953125,
        "var": 0.00255871727131
    },
    "barkbands": {
        "dmean": [3.53693803845e-06, 0.0018330643652, 0.00164143170696, 0.000609009410255, 0.00128341361415, 0.000800260691904, 0.000542087247595, 0.000438154209405, 0.000585815054365, 0.000504445226397, 0.0003021734301, 0.000345069478499, 0.000357871147571, 0.000286691676592, 0.000265350419795, 0.000187521858606, 0.000170791274286, 0.000189358484931, 0.000191269806237, 0.000158969400218, 8.99663136806e-05, 4.57084024674e-05, 3.76269053959e-05, 3.08007329295e-05, 9.97641654976e-06, 8.01031001174e-06, 9.21448929603e-07],
        "dmean2": [5.90691252e-06, 0.00236962269992, 0.00231090816669, 0.000951250316575, 0.00206410768442, 0.00121786340605, 0.000840724969748, 0.000603179796599, 0.000790332618635, 0.000715613889042, 0.00043172846199, 0.000516991887707, 0.00052602350479, 0.0004284226452, 0.00039778262726, 0.00028177650529, 0.00024901481811, 0.000277728453511, 0.000280475069303, 0.000231831407291, 0.000136011076393, 6.89341613906e-05, 5.68316245335e-05, 4.69997175969e-05, 1.49754023369e-05, 1.20797176351e-05, 1.46484308061e-06],
        "dvar": [7.24340865066e-11, 1.57149061124e-05, 1.1240231288e-05, 2.67139512289e-06, 1.73537719093e-05, 2.95431254926e-06, 1.48992842242e-06, 1.44161174376e-06, 3.32235049427e-06, 4.93326388096e-06, 9.70580686044e-07, 1.43903457683e-06, 1.77784545485e-06, 1.17279239475e-06, 7.61439594044e-07, 4.61203995883e-07, 3.1989117133e-07, 2.50358965559e-07, 2.66169820407e-07, 2.10403044321e-07, 5.26587058403e-08, 1.1946089451e-08, 6.79616540822e-09, 5.99739458096e-09, 6.33856689358e-10, 4.87839824093e-10, 9.8535433285e-12],
        "dvar2": [1.78305231691e-10, 2.53035814239e-05, 2.01800703508e-05, 6.04324759479e-06, 4.35574766016e-05, 6.54159020996e-06, 3.40644101016e-06, 2.19799767365e-06, 5.44615249964e-06, 7.75846001488e-06, 1.67466930634e-06, 2.80525546259e-06, 3.37926076099e-06, 2.31619242186e-06, 1.45232240811e-06, 8.41151461373e-07, 5.72924250264e-07, 4.58818959714e-07, 4.87137128857e-07, 3.76263500357e-07, 1.00770613187e-07, 2.4072010163e-08, 1.40898697154e-08, 1.31815909299e-08, 1.39454481296e-09, 1.07118958148e-09, 2.39463639889e-11],
        "max": [0.000233150116401, 0.103466272354, 0.0662520974874, 0.0364574715495, 0.0875163674355, 0.0334741808474, 0.0487830936909, 0.0510461851954, 0.0587375238538, 0.101004160941, 0.0388198792934, 0.0533392205834, 0.036907799542, 0.0416079200804, 0.029168413952, 0.0232678726315, 0.0231825746596, 0.0134966438636, 0.0167914368212, 0.0115084145218, 0.00720063410699, 0.00395864341408, 0.00243284855969, 0.00283084530383, 0.00073700788198, 0.000391230132664, 7.93610015535e-05],
        "mean": [4.04673937737e-06, 0.00395664619282, 0.00281449151225, 0.000813004211523, 0.00179241923615, 0.00136760412715, 0.000965258688666, 0.000852044497151, 0.00118081306573, 0.000950237095822, 0.00058507383801, 0.000622308929451, 0.000635602045804, 0.000534078164492, 0.000477324065287, 0.000372354435967, 0.000318046397297, 0.000364452862414, 0.000366482388927, 0.000304282497382, 0.000175063963979, 8.24653543532e-05, 6.44691172056e-05, 4.35401489085e-05, 1.48492290464e-05, 9.23987772694e-06, 8.02269880751e-07],
        "median": [9.51141259975e-07, 0.000548201496713, 0.000789901008829, 0.000195064611034, 0.000412717694417, 0.000472491839901, 0.000250027311267, 0.000159152463311, 0.000148296909174, 7.80185800977e-05, 6.39430509182e-05, 7.61906121625e-05, 4.53189386462e-05, 3.3710290154e-05, 4.40178519057e-05, 3.35404220095e-05, 3.88900007238e-05, 6.47860724712e-05, 7.46859441279e-05, 4.16927796323e-05, 6.27037079539e-05, 3.37390374625e-05, 2.35678180616e-05, 1.56590904226e-05, 6.03341777605e-06, 2.19881349039e-06, 6.73385187611e-08],
        "min": [4.90690649902e-26, 2.04643535019e-24, 8.31518657278e-25, 3.05186790966e-25, 5.68284825385e-24, 6.71024018643e-24, 3.50455401449e-24, 8.3415990164e-24, 1.10105529059e-23, 1.59510877811e-23, 1.15761701192e-23, 2.54056188623e-23, 1.53078726871e-23, 2.95375744651e-23, 4.45150832492e-23, 5.84795652577e-23, 3.68446037036e-23, 1.00112317998e-22, 1.21521498094e-22, 1.38714021015e-22, 2.10852574007e-22, 3.18612614491e-22, 3.82153934146e-22, 4.96886949674e-22, 8.14795572072e-22, 1.33151602476e-21, 1.84742954216e-21],
        "var": [9.10181235936e-11, 0.000100985511381, 2.85957103188e-05, 4.30222098657e-06, 2.34318267758e-05, 5.60328180654e-06, 4.07683910453e-06, 5.41942017662e-06, 1.04511309473e-05, 1.51032354552e-05, 3.5289394873e-06, 3.65937899005e-06, 4.32983370047e-06, 3.29675071953e-06, 2.01072430173e-06, 1.83809959253e-06, 1.02446176697e-06, 7.72538953697e-07, 7.76233662236e-07, 6.48012473903e-07, 1.49926606241e-07, 2.7322284879e-08, 1.62084852207e-08, 8.48609005288e-09, 8.39193825541e-10, 5.40308520147e-10, 8.57308321556e-12]
    },
    "erbbands": {
        "dmean": [0.0272793713957, 0.504504144192, 1.65356588364, 1.94071388245, 4.14151906967, 3.55838537216, 5.40956354141, 6.84881973267, 8.32646942139, 7.32748889923, 11.1045179367, 13.0740032196, 15.0293521881, 11.3218069077, 12.9456176758, 14.4228248596, 15.050368309, 15.5042314529, 13.0963745117, 11.3491744995, 9.78833198547, 8.56716632843, 10.4373521805, 10.0176086426, 8.45253658295, 6.90808439255, 4.86014175415, 2.58534693718, 1.60313200951, 1.40249454975, 1.06338691711, 0.837437152863, 0.365745425224, 0.127763018012, 0.0683095231652, 0.0329078398645, 0.0150032360107, 0.00334572000429, 0.000114016445877, 9.79974629445e-06],
        "dmean2": [0.0336904227734, 0.653841018677, 2.28638315201, 2.92793464661, 6.52153301239, 5.78193044662, 8.13005256653, 10.5880441666, 12.8421564102, 10.6833047867, 14.8779840469, 17.7272796631, 21.0043563843, 16.366853714, 18.5640411377, 21.5404720306, 22.1522312164, 22.8012218475, 19.4374580383, 17.0563182831, 14.2911663055, 12.3031139374, 15.260263443, 14.8430938721, 12.3335342407, 10.0825405121, 7.22775363922, 3.89525842667, 2.42685055733, 2.09477043152, 1.61055397987, 1.28803837299, 0.554903447628, 0.193174406886, 0.102929070592, 0.0494797900319, 0.0227981265634, 0.00508820125833, 0.000180881776032, 1.38340974445e-05],
        "dvar": [0.00388513272628, 1.09816133976, 9.35733318329, 13.5411119461, 266.446929932, 136.093841553, 204.585723877, 263.02456665, 346.941253662, 359.798919678, 919.6484375, 1876.99951172, 4551.89794922, 2175.53564453, 1930.92749023, 2308.59228516, 3120.48413086, 2926.15576172, 1914.64294434, 1130.99658203, 987.471008301, 879.387329102, 781.282470703, 821.6328125, 577.309570312, 419.797485352, 171.003417969, 41.1413230896, 12.7469081879, 10.7271795273, 5.53467130661, 4.31031656265, 0.786866307259, 0.10368899256, 0.0296265762299, 0.00792345032096, 0.00177248904947, 9.75427683443e-05, 1.62355661359e-07, 1.74254000118e-10],
        "dvar2": [0.00542953237891, 1.80849516392, 16.5530166626, 30.1401901245, 642.732116699, 336.210266113, 463.973449707, 591.9453125, 789.357055664, 647.800720215, 1414.13757324, 3076.39257812, 7095.22265625, 3830.33276367, 3276.91601562, 4536.62792969, 5972.72265625, 5649.88476562, 3587.62109375, 2241.79418945, 1722.71923828, 1543.47595215, 1419.71325684, 1498.12597656, 1035.36108398, 747.451416016, 311.133056641, 80.9390945435, 25.8241977692, 20.8398742676, 11.4735889435, 9.77552127838, 1.73603856564, 0.226843640208, 0.0658125579357, 0.0176110826433, 0.00392355490476, 0.000218716275413, 4.00327593297e-07, 3.65037639005e-10],
        "max": [1.87629079819, 26.9305763245, 71.2080535889, 65.3967208862, 366.700622559, 290.279846191, 383.933532715, 360.249359131, 642.022338867, 944.726074219, 945.958496094, 1608.63696289, 3877.5324707, 2313.69897461, 1918.94458008, 1994.66687012, 2003.55712891, 2496.62841797, 1456.93066406, 770.114135742, 865.324462891, 1644.15429688, 709.55859375, 1004.26611328, 863.345214844, 693, 410.262145996, 226.528289795, 145.780197144, 104.465438843, 82.1667175293, 53.3668899536, 27.8186969757, 12.2987947464, 4.85732984543, 2.42533898354, 0.61422419548, 0.13596098125, 0.00709251360968, 0.000325268949382],
        "mean": [0.0645212978125, 1.09021830559, 3.10664749146, 3.04933094978, 5.21406078339, 4.85507202148, 9.03266334534, 11.4959335327, 14.3943891525, 14.4809770584, 22.2275371552, 27.1992206573, 30.8067054749, 21.9890670776, 26.6229686737, 26.5837268829, 28.060880661, 30.810295105, 25.2557048798, 22.3684139252, 20.4824008942, 17.0515098572, 20.4755001068, 20.9183654785, 16.4012546539, 13.6393051147, 9.66735649109, 4.9089050293, 2.99830961227, 2.52257800102, 1.76559829712, 1.16998696327, 0.530394077301, 0.192346692085, 0.0994079336524, 0.0420714244246, 0.0166445765644, 0.00328910560347, 0.000111206842121, 2.62011999439e-05],
        "median": [0.00746400281787, 0.195276960731, 1.16009688377, 1.04895281792, 0.721737623215, 1.24634766579, 2.41079831123, 3.34383964539, 4.51429128647, 4.01967954636, 4.63063526154, 4.51086521149, 3.94092082977, 4.01548194885, 3.85834360123, 4.35854816437, 3.75133824348, 3.63622283936, 3.08241009712, 2.66691660881, 2.26221513748, 2.48373937607, 3.4388217926, 4.75124073029, 2.80518579483, 2.03628921509, 2.94121599197, 1.77099633217, 1.26568186283, 0.808444499969, 0.701200962067, 0.440969228745, 0.18195900321, 0.0789768993855, 0.0389257892966, 0.0127689186484, 0.00361073552631, 0.00046723644482, 2.21947011596e-05, 1.95509492187e-05],
        "min": [4.28292338522e-23, 2.85193765486e-22, 1.70081763509e-21, 4.51721353421e-21, 9.377384713e-21, 1.91277228691e-20, 5.94775366039e-20, 4.73050601334e-20, 5.82409662116e-20, 1.55790834677e-19, 3.2414517284e-19, 2.46266816102e-19, 4.75255845461e-19, 5.04608142702e-19, 6.23299099725e-19, 1.21308435655e-18, 1.38492544194e-18, 1.33849413979e-18, 2.25929329632e-18, 3.60284347421e-18, 3.53413371663e-18, 2.74713981298e-18, 4.51356767427e-18, 6.41699174104e-18, 6.34524871215e-18, 7.79556515966e-18, 9.22158896693e-18, 9.20154224479e-18, 9.31691574227e-18, 9.13459851781e-18, 1.10187612704e-17, 9.79973775709e-18, 9.22527901965e-18, 7.24869289564e-18, 6.59206203615e-18, 3.81463976133e-18, 2.21351650083e-18, 7.88553449296e-19, 2.22646182572e-19, 2.57464877042e-20],
        "var": [0.031186522916, 6.78632974625, 26.7247066498, 25.4533939362, 386.809631348, 164.788131714, 397.944610596, 484.988220215, 766.230163574, 1469.33349609, 3312.47753906, 5773.19433594, 15222.75, 5212.75244141, 7598.35595703, 6147.32275391, 7275.98925781, 8111.21484375, 5002.90625, 3440.22485352, 3624.8684082, 2989.17797852, 2218.26879883, 2979.0546875, 1608.18469238, 1366.89416504, 499.52041626, 113.735069275, 31.8902359009, 30.3004436493, 11.5767192841, 5.77563476562, 1.1809681654, 0.145936340094, 0.0382039062679, 0.0092990314588, 0.00190788670443, 9.83575373539e-05, 1.37070855999e-07, 5.42113687274e-10]
    },
    "gfcc": {
        "mean": [-56.2707595825, 90.6314468384, -118.27205658, 35.9215316772, -62.663646698, 9.73847675323, -30.5048828125, 7.84321832657, -22.1713352203, 2.69503283501, -13.5703477859, -2.18160223961, -15.4503164291],
        "cov": [[17044.2617188, -179.553756714, -2498.54882812, 874.934631348, -257.92678833, 559.875244141, -216.463226318, 438.183807373, -72.0610427856, 294.127166748, -39.7945785522, 66.433883667, -197.112472534], [-179.553756714, 1578.32568359, 190.56451416, -617.831237793, -92.6003646851, -291.577697754, -76.1310653687, -324.845825195, -58.6502952576, -188.481582642, 16.2363166809, -109.546264648, 76.013885498], [-2498.54882812, 190.56451416, 1853.46264648, 376.883300781, -90.20652771, 26.9517478943, 78.9901428223, 49.6028938293, -18.033946991, -74.3473434448, -96.4208068848, -59.3165664673, -80.0288009644], [874.934631348, -617.831237793, 376.883300781, 882.067077637, 159.368255615, 318.489837646, 146.263687134, 305.955291748, 74.6453323364, 114.258895874, -12.0505495071, 12.0672235489, -101.985054016], [-257.92678833, -92.6003646851, -90.20652771, 159.368255615, 381.72064209, 189.651184082, 119.794433594, 55.2937316895, 80.3374938965, 39.9344787598, 32.8918380737, -17.8555736542, -0.900840520859], [559.875244141, -291.577697754, 26.9517478943, 318.489837646, 189.651184082, 368.266906738, 159.937667847, 188.226730347, 73.5948410034, 87.3186416626, 6.25466966629, 12.5006380081, -35.6309432983], [-216.463226318, -76.1310653687, 78.9901428223, 146.263687134, 119.794433594, 159.937667847, 202.418640137, 147.081192017, 80.3214111328, 24.2972049713, 19.7375011444, 1.4454523325, 2.49562144279], [438.183807373, -324.845825195, 49.6028938293, 305.955291748, 55.2937316895, 188.226730347, 147.081192017, 275.802520752, 111.553924561, 87.9531707764, 13.1374378204, 24.1245155334, -29.8691558838], [-72.0610427856, -58.6502952576, -18.033946991, 74.6453323364, 80.3374938965, 73.5948410034, 80.3214111328, 111.553924561, 128.665969849, 71.2247619629, 32.0959587097, -4.25435209274, -3.15477776527], [294.127166748, -188.481582642, -74.3473434448, 114.258895874, 39.9344787598, 87.3186416626, 24.2972049713, 87.9531707764, 71.2247619629, 123.36088562, 52.2515678406, 31.1773262024, -15.9192676544], [-39.7945785522, 16.2363166809, -96.4208068848, -12.0505495071, 32.8918380737, 6.25466966629, 19.7375011444, 13.1374378204, 32.0959587097, 52.2515678406, 99.5050354004, 55.3195266724, 29.3582210541], [66.433883667, -109.546264648, -59.3165664673, 12.0672235489, -17.8555736542, 12.5006380081, 1.4454523325, 24.1245155334, -4.25435209274, 31.1773262024, 55.3195266724, 112.143638611, 60.737071991], [-197.112472534, 76.013885498, -80.0288009644, -101.985054016, -0.900840520859, -35.6309432983, 2.49562144279, -29.8691558838, -3.15477776527, -15.9192676544, 29.3582210541, 60.737071991, 107.835624695]],
        "icov": [[0.000170828963746, -0.000343413295923, 0.000372827635147, -0.00038931061863, 0.000266332295723, -0.000302413507598, 0.000385339924833, -0.000365297892131, 0.000353108189302, -0.000335417978931, 0.000513122009579, -0.000338943325914, 0.000267055234872], [-0.000343413295923, 0.00210889382288, -0.00102797825821, 0.00131112593226, -0.000136991511681, 0.000251504592597, -0.000759969232604, 0.00163905194495, -0.0016339009162, 0.00247233221307, -0.00327653484419, 0.00285630277358, -0.00148322375026], [0.000372827635147, -0.00102797825821, 0.00160493317526, -0.00153657339979, 0.00099630758632, -0.000491158338264, 0.000135067748488, -0.000137906856253, 0.000300456740661, -0.000478193338495, 0.00198805448599, -0.00142892426811, 0.00115047430154], [-0.00038931061863, 0.00131112593226, -0.00153657339979, 0.00406796298921, -0.00178757868707, -3.50284153683e-06, 0.000154981142259, -0.00234811496921, 0.00120101170614, 0.000256174738752, -0.00174731540028, 0.00115368922707, 0.000299852836179], [0.000266332295723, -0.000136991511681, 0.00099630758632, -0.00178757868707, 0.00594764808193, -0.00324286334217, -0.0010812577093, 0.00359641783871, -0.00355156091973, 0.00166047690436, -0.00149682897609, 0.00146892864723, -0.000647052947897], [-0.000302413507598, 0.000251504592597, -0.000491158338264, -3.50284153683e-06, -0.00324286334217, 0.00844460446388, -0.004757813178, -0.001357107074, 0.0031214018818, -0.00491649983451, 0.00317054637708, -0.00138791953214, 0.000683553400449], [0.000385339924833, -0.000759969232604, 0.000135067748488, 0.000154981142259, -0.0010812577093, -0.004757813178, 0.0155311422423, -0.00790671538562, -0.00207385024987, 0.00638965237886, -0.00433060992509, 0.00221524573863, -0.00182982266415], [-0.000365297892131, 0.00163905194495, -0.000137906856253, -0.00234811496921, 0.00359641783871, -0.001357107074, -0.00790671538562, 0.0178548581898, -0.0111850146204, 0.000937512086239, 0.00185999786481, -0.00366842187941, 0.00193501077592], [0.000353108189302, -0.0016339009162, 0.000300456740661, 0.00120101170614, -0.00355156091973, 0.0031214018818, -0.00207385024987, -0.0111850146204, 0.0259820763022, -0.014337242581, 0.000291329459287, 0.00683430675417, -0.00417747022584], [-0.000335417978931, 0.00247233221307, -0.000478193338495, 0.000256174738752, 0.00166047690436, -0.00491649983451, 0.00638965237886, 0.000937512086239, -0.014337242581, 0.0277683697641, -0.0131328552961, -0.00101394811645, 0.00385907501914], [0.000513122009579, -0.00327653484419, 0.00198805448599, -0.00174731540028, -0.00149682897609, 0.00317054637708, -0.00433060992509, 0.00185999786481, 0.000291329459287, -0.0131328552961, 0.0275336578488, -0.0152136264369, 0.00386363314465], [-0.000338943325914, 0.00285630277358, -0.00142892426811, 0.00115368922707, 0.00146892864723, -0.00138791953214, 0.00221524573863, -0.00366842187941, 0.00683430675417, -0.00101394811645, -0.0152136264369, 0.0290409438312, -0.0162808243185], [0.000267055234872, -0.00148322375026, 0.00115047430154, 0.000299852836179, -0.000647052947897, 0.000683553400449, -0.00182982266415, 0.00193501077592, -0.00417747022584, 0.00385907501914, 0.00386363314465, -0.0162808243185, 0.0213088057935]]
    },
    "melbands": {
        "dmean": [0.000399377517169, 0.000806215975899, 0.000409527681768, 0.000280184642179, 0.000175206499989, 0.000154131863383, 0.000122801531688, 8.12971702544e-05, 9.72200650722e-05, 8.30129356473e-05, 7.68887985032e-05, 4.811875624e-05, 3.89566521335e-05, 3.80273522751e-05, 3.68155706383e-05, 3.88217122236e-05, 2.88961582555e-05, 2.14677784243e-05, 1.98975503736e-05, 1.53628243424e-05, 1.15573075163e-05, 1.0238237337e-05, 8.62569686433e-06, 9.23007883102e-06, 8.75314344739e-06, 6.48051400276e-06, 6.26920791547e-06, 4.60298133476e-06, 3.49572451341e-06, 2.48009655479e-06, 1.31968647565e-06, 9.71144459072e-07, 8.40161078486e-07, 7.94380525804e-07, 6.66297751195e-07, 5.66038465877e-07, 4.98448684993e-07, 2.90663024316e-07, 1.57450955385e-07, 9.58550856467e-08],
        "dmean2": [0.000503248069435, 0.00108811364044, 0.000617261219304, 0.000452176580438, 0.00026673526736, 0.000237413871218, 0.000189631522517, 0.000116608163808, 0.000130111264298, 0.000113022884761, 0.000107523592305, 6.93145775585e-05, 5.61111846764e-05, 5.62752793485e-05, 5.47348608961e-05, 5.72706376261e-05, 4.27514059993e-05, 3.21010847983e-05, 2.95806366921e-05, 2.32055190281e-05, 1.6717123799e-05, 1.47620548887e-05, 1.26994327729e-05, 1.35596237669e-05, 1.30648750201e-05, 9.51964375417e-06, 9.17535362532e-06, 6.75140927342e-06, 5.20014737049e-06, 3.79625180358e-06, 2.01103512154e-06, 1.49308368691e-06, 1.28461033455e-06, 1.1948051224e-06, 1.00963688965e-06, 8.8076353677e-07, 7.72859948484e-07, 4.44505218411e-07, 2.42734756739e-07, 1.45988508393e-07],
        "dvar": [7.93440165126e-07, 1.79252356247e-06, 8.53141330026e-07, 1.04719072169e-06, 2.13763087231e-07, 1.20450906138e-07, 7.24332807067e-08, 4.6686807309e-08, 8.04994542136e-08, 7.46452286648e-08, 1.18414391181e-07, 4.41978116328e-08, 1.60591646647e-08, 1.54034829336e-08, 2.95132096539e-08, 2.24508696078e-08, 1.19445955349e-08, 5.91605697764e-09, 5.16149700758e-09, 3.30198401954e-09, 1.57578228244e-09, 1.37917122167e-09, 6.10608341667e-10, 6.65837218694e-10, 7.1228634102e-10, 3.78940684387e-10, 3.79431458475e-10, 2.20423929109e-10, 1.07650152681e-10, 4.79134475151e-11, 1.05151868116e-11, 6.2406343114e-12, 3.1872009372e-12, 3.98452625061e-12, 2.42616560522e-12, 1.80417931029e-12, 1.52830363382e-12, 4.94509652411e-13, 1.59969571769e-13, 5.55552918122e-14],
        "dvar2": [1.17453191706e-06, 3.25277278534e-06, 1.93681944438e-06, 2.5819745133e-06, 5.0863695833e-07, 2.70647973366e-07, 1.6546297843e-07, 7.79947200158e-08, 1.25245520621e-07, 1.21547358845e-07, 1.84023605243e-07, 7.65823671145e-08, 2.76587428516e-08, 2.99928935021e-08, 5.4247671244e-08, 4.06900539929e-08, 2.28998047191e-08, 1.12675371255e-08, 9.7194057247e-09, 6.05089089944e-09, 2.73692135622e-09, 2.42511344339e-09, 1.08326503323e-09, 1.26402521783e-09, 1.29913912961e-09, 6.63572530257e-10, 6.83172962646e-10, 3.93106408536e-10, 1.95527108393e-10, 9.16703865594e-11, 2.13625384743e-11, 1.24912215987e-11, 6.86723984969e-12, 7.91459085769e-12, 4.91501587693e-12, 4.14431770152e-12, 3.51313834794e-12, 1.08704744425e-12, 3.67454412167e-13, 1.21557237475e-13],
        "max": [0.0249917991459, 0.0343636870384, 0.0201470889151, 0.0237471777946, 0.0114404261112, 0.00734156370163, 0.0102934027091, 0.0118387043476, 0.00843581277877, 0.00873959995806, 0.0193288438022, 0.0102572301403, 0.00529777817428, 0.00540265766904, 0.0093018040061, 0.00428973091766, 0.0050465320237, 0.00276930723339, 0.00219022482634, 0.00228045950644, 0.00119725137483, 0.00184639589861, 0.000916033517569, 0.00089656363707, 0.000987345702015, 0.000560187269002, 0.000686428043991, 0.000560111948289, 0.000319630547892, 0.000243695671088, 0.000113141759357, 0.000116262730444, 4.47052771051e-05, 7.5024086982e-05, 6.19440179435e-05, 4.03454869229e-05, 2.94941055472e-05, 2.1772180844e-05, 1.64146276802e-05, 8.75294517755e-06],
        "mean": [0.000900091254152, 0.0016286369646, 0.000625610118732, 0.000360550679034, 0.000291541946353, 0.000262380839558, 0.000215541469515, 0.000159284347319, 0.000188385180081, 0.000171262159711, 0.000154668829055, 9.02455576579e-05, 7.79827823862e-05, 7.12498076609e-05, 6.27312547294e-05, 7.24726269254e-05, 5.4495594668e-05, 3.85132370866e-05, 3.64320985682e-05, 3.00780884572e-05, 2.21609407163e-05, 1.90225036931e-05, 1.57722151926e-05, 1.76362427737e-05, 1.7263349946e-05, 1.19287124107e-05, 1.12389197966e-05, 8.65231049829e-06, 6.51007940178e-06, 4.51759206044e-06, 2.30150521929e-06, 1.71122837855e-06, 1.46234685872e-06, 1.37097788411e-06, 1.07343385025e-06, 8.13597978322e-07, 6.69001110509e-07, 4.11932774114e-07, 2.18809532271e-07, 1.42102834388e-07],
        "median": [0.000111511486466, 0.00058474089019, 0.00020468630828, 6.2842911575e-05, 8.49877033033e-05, 8.36502877064e-05, 6.59384822939e-05, 3.59402401955e-05, 3.05652793031e-05, 2.26214178838e-05, 1.54407825903e-05, 1.06516990854e-05, 8.88889007911e-06, 9.04035914573e-06, 5.89379942539e-06, 4.88310888613e-06, 4.84151405544e-06, 3.52074857801e-06, 3.24636494042e-06, 2.64832851826e-06, 2.21599202632e-06, 2.30150249081e-06, 2.27126065511e-06, 3.36399216394e-06, 3.81092240787e-06, 2.19372623178e-06, 1.55881275532e-06, 1.15443981485e-06, 1.57831709657e-06, 1.77825586434e-06, 7.5798106991e-07, 7.14301563676e-07, 5.62465061194e-07, 3.86787121442e-07, 3.93221938566e-07, 3.40664371379e-07, 2.39553287429e-07, 1.34325745194e-07, 8.0604422692e-08, 6.04781007496e-08],
        "min": [9.65617023949e-25, 1.21392371425e-24, 8.62748477225e-25, 8.14528466925e-25, 2.61721289715e-24, 9.44989297354e-25, 8.26587734279e-25, 1.7976858131e-24, 2.06316472341e-24, 1.65232862638e-24, 2.3112770581e-24, 1.68098015306e-24, 1.72876579683e-24, 2.36392740986e-24, 2.95506802058e-24, 2.05893642896e-24, 1.97854716398e-24, 2.38494286159e-24, 3.62789123373e-24, 3.90215450465e-24, 3.1740757266e-24, 2.21076040156e-24, 3.51371900049e-24, 4.74140547791e-24, 4.31703933167e-24, 4.02603958779e-24, 4.56270047832e-24, 4.2848999551e-24, 3.90432821087e-24, 4.64446906659e-24, 5.38600462838e-24, 4.18349780219e-24, 4.49942081751e-24, 4.70747538709e-24, 5.06175281962e-24, 4.51819610149e-24, 5.30505803318e-24, 5.94000270946e-24, 5.49242945867e-24, 5.32541182782e-24],
        "var": [5.74612568016e-06, 6.71450288792e-06, 1.5001154452e-06, 1.37739607453e-06, 3.78631938247e-07, 2.25216481908e-07, 1.64579105899e-07, 1.88759344155e-07, 2.77541715832e-07, 2.37072413256e-07, 3.97062507318e-07, 1.07720616427e-07, 6.12715354009e-08, 4.23890860191e-08, 7.54944196046e-08, 6.01323648652e-08, 3.25480513652e-08, 1.55409836111e-08, 1.47645584647e-08, 1.35594255823e-08, 5.07320319088e-09, 4.80486983534e-09, 1.65702174204e-09, 2.01100802677e-09, 2.49074760816e-09, 1.10577458301e-09, 1.00758112964e-09, 7.19354908973e-10, 2.99140739957e-10, 1.16244652792e-10, 3.01090853638e-11, 1.36735024345e-11, 7.73737757892e-12, 1.10371564319e-11, 5.22630766789e-12, 2.57720147306e-12, 1.99494999513e-12, 7.60462656388e-13, 2.11049602274e-13, 7.78643642618e-14]
    },
    "mfcc": {
        "mean": [-693.222900391, 114.076698303, 2.09872221947, 28.9937953949, -5.36513328552, 4.23035907745, -0.619501888752, 3.87768650055, -4.15751075745, 4.34351682663, -0.0862043350935, 3.04259324074, -3.97851443291],
        "cov": [[8615.77050781, -931.557922363, -1320.41967773, 330.691558838, 184.004394531, 238.260559082, 131.605682373, 250.441146851, 108.65827179, 320.413757324, 194.419342041, 177.646820068, 203.908462524], [-931.557922363, 2009.80737305, 127.067749023, -425.743530273, -179.224182129, -162.843170166, -182.727539062, -270.061706543, -187.038742065, -222.119415283, -209.904388428, -156.523773193, -111.563079834], [-1320.41967773, 127.067749023, 1470.45275879, 318.511810303, 59.2358856201, 25.6018657684, 96.5245819092, 96.4084091187, 73.3283996582, 37.3696327209, 40.5449256897, 32.4325294495, -68.6104278564], [330.691558838, -425.743530273, 318.511810303, 448.277984619, 156.651245117, 88.6314239502, 122.075172424, 150.577194214, 96.3853149414, 104.518554688, 108.654754639, 84.0335845947, 43.5834617615], [184.004394531, -179.224182129, 59.2358856201, 156.651245117, 227.896621704, 149.321990967, 99.552772522, 83.5684204102, 74.4845581055, 72.9504318237, 66.963432312, 58.7910652161, 37.466758728], [238.260559082, -162.843170166, 25.6018657684, 88.6314239502, 149.321990967, 212.863830566, 126.164413452, 89.3919067383, 74.3982925415, 65.5560073853, 60.8341178894, 51.3876686096, 36.1326599121], [131.605682373, -182.727539062, 96.5245819092, 122.075172424, 99.552772522, 126.164413452, 169.256439209, 135.800552368, 85.5328445435, 73.3555297852, 68.4230270386, 50.5965194702, 32.4468917847], [250.441146851, -270.061706543, 96.4084091187, 150.577194214, 83.5684204102, 89.3919067383, 135.800552368, 199.203323364, 129.395385742, 95.3719482422, 87.5728912354, 52.8739509583, 33.3526611328], [108.65827179, -187.038742065, 73.3283996582, 96.3853149414, 74.4845581055, 74.3982925415, 85.5328445435, 129.395385742, 157.187133789, 106.370101929, 71.5333175659, 46.5958824158, 16.6721439362], [320.413757324, -222.119415283, 37.3696327209, 104.518554688, 72.9504318237, 65.5560073853, 73.3555297852, 95.3719482422, 106.370101929, 152.174453735, 105.894187927, 62.6504707336, 29.7510910034], [194.419342041, -209.904388428, 40.5449256897, 108.654754639, 66.963432312, 60.8341178894, 68.4230270386, 87.5728912354, 71.5333175659, 105.894187927, 149.687164307, 88.9435043335, 40.7364959717], [177.646820068, -156.523773193, 32.4325294495, 84.0335845947, 58.7910652161, 51.3876686096, 50.5965194702, 52.8739509583, 46.5958824158, 62.6504707336, 88.9435043335, 121.418304443, 69.0455245972], [203.908462524, -111.563079834, -68.6104278564, 43.5834617615, 37.466758728, 36.1326599121, 32.4468917847, 33.3526611328, 16.6721439362, 29.7510910034, 40.7364959717, 69.0455245972, 111.710334778]],
