{
"lowlevel": {
    "average_loudness": 0.848820149899,
    "barkbands_crest": {
        "dmean": 2.96256160736,
        "dmean2": 4.7376074791,
        "dvar": 7.40859889984,
        "dvar2": 17.822599411,
        "max": 25.981798172,
        "mean": 13.575044632,
        "median": 13.0393714905,
        "min": 3.57487869263,
        "var": 21.3137893677
    },
    "barkbands_flatness_db": {
        "dmean": 0.0307893324643,
        "dmean2": 0.0467486232519,
        "dvar": 0.00077340262942,
        "dvar2": 0.0016319664428,
        "max": 0.488082498312,
        "mean": 0.274915784597,
        "median": 0.275990813971,
        "min": 0.039153020829,
        "var": 0.00290001695976
    },
    "barkbands_kurtosis": {
        "dmean": 6.98316526413,
        "dmean2": 10.5388755798,
        "dvar": 157.091323853,
        "dvar2": 322.142120361,
        "max": 372.668395996,
        "mean": 12.4999198914,
        "median": 5.75855731964,
        "min": -1.795535326,
        "var": 446.39263916
    },
    "barkbands_skewness": {
        "dmean": 0.821584582329,
        "dmean2": 1.20673751831,
        "dvar": 0.888014674187,
        "dvar2": 1.82517242432,
        "max": 17.0971565247,
        "mean": 2.22332954407,
        "median": 1.88231599331,
        "min": -4.13093852997,
        "var": 3.93256044388
    },
    "barkbands_spread": {
        "dmean": 3.59410190582,
        "dmean2": 5.58443880081,
        "dvar": 25.6677589417,
        "dvar2": 61.636680603,
        "max": 65.7113189697,
        "mean": 9.83601856232,
        "median": 8.24297714233,
        "min": 0.496242463589,
        "var": 49.3494415283
    },
    "dissonance": {
        "dmean": 0.034283362329,
        "dmean2": 0.0560761131346,
        "dvar": 0.00119894137606,
        "dvar2": 0.003110866528,
        "max": 0.499999970198,
        "mean": 0.424624502659,
        "median": 0.432882219553,
        "min": 0.175148904324,
        "var": 0.0026114101056
    },
    "dynamic_complexity": 4.44613361359,
    "erbbands_crest": {
        "dmean": 3.21737003326,
        "dmean2": 4.82145261765,
        "dvar": 10.9441928864,
        "dvar2": 22.0801467896,
        "max": 33.2310791016,
        "mean": 13.4538993835,
        "median": 12.3232498169,
        "min": 2.69354510307,
        "var": 43.6338996887
    },
    "erbbands_flatness_db": {
        "dmean": 0.0253275986761,
        "dmean2": 0.0345443375409,
        "dvar": 0.000695833121426,
        "dvar2": 0.00117996730842,
        "max": 0.521108448505,
        "mean": 0.247777476907,
        "median": 0.241806522012,
        "min": 0.0713422447443,
        "var": 0.00385163468309
    },
    "erbbands_kurtosis": {
        "dmean": 2.1713783741,
        "dmean2": 3.15954256058,
        "dvar": 14.5856189728,
        "dvar2": 29.1944484711,
        "max": 127.196228027,
        "mean": 2.92682957649,
        "median": 1.13359737396,
        "min": -1.78362834454,
        "var": 43.5476493835
    },
    "erbbands_skewness": {
        "dmean": 0.485867112875,
        "dmean2": 0.708627045155,
        "dvar": 0.247567459941,
        "dvar2": 0.536835849285,
        "max": 5.75169038773,
        "mean": 1.01410627365,
        "median": 1.02422988415,
        "min": -8.34772396088,
        "var": 0.996799230576
    },
    "erbbands_spread": {
        "dmean": 9.64297962189,
        "dmean2": 14.123591423,
        "dvar": 126.711791992,
        "dvar2": 264.773345947,
        "max": 117.197265625,
        "mean": 31.6711139679,
        "median": 25.0009498596,
        "min": 0.759523153305,
        "var": 484.865783691
    },
    "hfc": {
        "dmean": 4.28281927109,
        "dmean2": 5.73505496979,
        "dvar": 78.8661193848,
        "dvar2": 145.478256226,
        "max": 159.352432251,
        "mean": 10.5871534348,
        "median": 4.82056951523,
        "min": 1.16339948836e-16,
        "var": 247.359085083
    },
    "melbands_crest": {
        "dmean": 3.36304497719,
        "dmean2": 5.32592582703,
        "dvar": 9.96877002716,
        "dvar2": 23.0618076324,
        "max": 33.6887321472,
        "mean": 17.1481876373,
        "median": 16.4766139984,
        "min": 1.87493729591,
        "var": 32.2255859375
    },
    "melbands_flatness_db": {
        "dmean": 0.0329950042069,
        "dmean2": 0.0480946078897,
        "dvar": 0.00100323697552,
        "dvar2": 0.00199199351482,
        "max": 0.546393454075,
        "mean": 0.327103316784,
        "median": 0.328946113586,
        "min": 0.0049429112114,
        "var": 0.00399050535634
    },
    "melbands_kurtosis": {
        "dmean": 14.7408742905,
        "dmean2": 22.6552658081,
        "dvar": 732.083374023,
        "dvar2": 1562.21899414,
        "max": 516.786376953,
        "mean": 27.1030139923,
        "median": 10.7382154465,
        "min": -1.89146494865,
        "var": 2012.43383789
    },
    "melbands_skewness": {
        "dmean": 1.08477711678,
        "dmean2": 1.6127768755,
        "dvar": 1.67228460312,
        "dvar2": 3.52073192596,
        "max": 17.0256118774,
        "mean": 3.02718234062,
        "median": 2.41249275208,
        "min": -3.50943446159,
        "var": 6.84163999557
    },
    "melbands_spread": {
        "dmean": 3.73332548141,
        "dmean2": 5.76393270493,
        "dvar": 28.7842578888,
        "dvar2": 68.5006027222,
        "max": 152.597457886,
        "mean": 10.6484518051,
        "median": 8.9254693985,
        "min": 0.453567564487,
        "var": 69.2492523193
    },
    "pitch_salience": {
        "dmean": 0.0797590389848,
        "dmean2": 0.126910999417,
        "dvar": 0.00604099873453,
        "dvar2": 0.014535786584,
        "max": 0.810444533825,
        "mean": 0.443605542183,
        "median": 0.443987011909,
        "min": 0.0703845694661,
        "var": 0.0155200380832
    },
    "silence_rate_20dB": {
        "dmean": 0,
        "dmean2": 0,
        "dvar": 0,
        "dvar2": 0,
        "max": 1,
        "mean": 1,
        "median": 1,
        "min": 1,
        "var": 0
    },
    "silence_rate_30dB": {
        "dmean": 0.00572709180415,
        "dmean2": 0.0114556094632,
        "dvar": 0.0056949951686,
        "dvar2": 0.0145608717576,
        "max": 1,
        "mean": 0.995269536972,
        "median": 1,
        "min": 0,
        "var": 0.0047084367834
    },
    "silence_rate_60dB": {
        "dmean": 0.0602589659393,
        "dmean2": 0.120532937348,
        "dvar": 0.0566284023225,
        "dvar2": 0.126672238111,
        "max": 1,
        "mean": 0.0949831977487,
        "median": 0,
        "min": 0,
        "var": 0.0859664604068
    },
    "spectral_centroid": {
        "dmean": 191.136550903,
        "dmean2": 289.662689209,
        "dvar": 84820.5,
        "dvar2": 181957.796875,
        "max": 11116.7001953,
        "mean": 769.130310059,
        "median": 676.94744873,
        "min": 150.511642456,
        "var": 195925.046875
    },
    "spectral_complexity": {
        "dmean": 2.10657382011,
        "dmean2": 3.0969991684,
        "dvar": 7.473051548,
        "dvar2": 13.9311475754,
        "max": 57,
        "mean": 7.96788263321,
        "median": 7,
        "min": 0,
        "var": 21.9040660858
    },
    "spectral_decrease": {
        "dmean": 1.93899607481e-09,
        "dmean2": 2.66209276845e-09,
        "dvar": 7.50446375849e-18,
        "dvar2": 1.36743154392e-17,
        "max": 1.3731517887e-29,
        "mean": -5.26733723305e-09,
        "median": -3.53391027552e-09,
        "min": -3.68651136284e-08,
        "var": 2.63430737298e-17
    },
    "spectral_energy": {
        "dmean": 0.00767165562138,
        "dmean2": 0.0105212246999,
        "dvar": 0.000121954450151,
        "dvar2": 0.000221921683988,
        "max": 0.151691526175,
        "mean": 0.0208404622972,
        "median": 0.0138600505888,
        "min": 1.05800124274e-20,
        "var": 0.000426087790402
    },
    "spectral_energyband_high": {
        "dmean": 4.75870256196e-05,
        "dmean2": 7.17502043699e-05,
        "dvar": 1.95769391809e-08,
        "dvar2": 4.43199397182e-08,
        "max": 0.00643816031516,
        "mean": 6.8462039053e-05,
        "median": 3.02318057948e-05,
        "min": 7.69984627487e-21,
        "var": 2.34198207494e-08
    },
    "spectral_energyband_low": {
        "dmean": 0.00307409395464,
        "dmean2": 0.00447882385924,
        "dvar": 1.83062838914e-05,
        "dvar2": 3.91435933125e-05,
        "max": 0.0590188652277,
        "mean": 0.00588108412921,
        "median": 0.00384433986619,
        "min": 1.73713766207e-23,
        "var": 4.12715562561e-05
    },
    "spectral_energyband_middle_high": {
        "dmean": 0.00173625245225,
        "dmean2": 0.0023955758661,
        "dvar": 3.14975732181e-05,
        "dvar2": 5.35192630196e-05,
        "max": 0.122485257685,
        "mean": 0.00369378086179,
        "median": 0.000609931943472,
        "min": 1.44289470274e-21,
        "var": 0.000112498331873
    },
    "spectral_energyband_middle_low": {
        "dmean": 0.00476110260934,
        "dmean2": 0.00654913578182,
        "dvar": 6.87304491294e-05,
        "dvar2": 0.000126954153529,
        "max": 0.119639001787,
        "mean": 0.0118426363915,
        "median": 0.00569845503196,
        "min": 2.02406713612e-22,
        "var": 0.00022880663164
    },
    "spectral_entropy": {
        "dmean": 0.278836190701,
        "dmean2": 0.376565515995,
        "dvar": 0.0711089521646,
        "dvar2": 0.120109535754,
        "max": 9.81165981293,
        "mean": 6.83119010925,
        "median": 6.84527540207,
        "min": 4.59373998642,
        "var": 0.330467790365
    },
    "spectral_flux": {
        "dmean": 0.0291041452438,
        "dmean2": 0.0470955222845,
        "dvar": 0.00119263026863,
        "dvar2": 0.00301957828924,
        "max": 0.343735635281,
        "mean": 0.0581152103841,
        "median": 0.0473403930664,
        "min": 6.74539868406e-11,
        "var": 0.00164943537675
    },
    "spectral_kurtosis": {
        "dmean": 4.48052358627,
        "dmean2": 7.62317228317,
        "dvar": 26.1113147736,
        "dvar2": 69.7755813599,
        "max": 70.6600952148,
        "mean": 6.63996219635,
        "median": 4.28228902817,
        "min": -1.26554536819,
        "var": 54.8475646973
    },
    "spectral_rms": {
        "dmean": 0.000836109917145,
        "dmean2": 0.00112531078048,
        "dvar": 9.16096439596e-07,
        "dvar2": 1.54820259013e-06,
        "max": 0.0121651850641,
        "mean": 0.0040163914673,
        "median": 0.00367722730152,
        "min": 3.21278116958e-12,
        "var": 4.2007045522e-06
    },
    "spectral_rolloff": {
        "dmean": 188.45715332,
        "dmean2": 322.469451904,
        "dvar": 240419.265625,
        "dvar2": 540298.125,
        "max": 18992.2851562,
        "mean": 618.455993652,
        "median": 538.330078125,
        "min": 86.1328125,
        "var": 412050.03125
    },
    "spectral_skewness": {
        "dmean": 0.477647691965,
        "dmean2": 0.769446074963,
        "dvar": 0.195839583874,
        "dvar2": 0.490997433662,
        "max": 6.17483329773,
        "mean": 1.63138318062,
        "median": 1.50866448879,
        "min": -0.136764481664,
        "var": 0.642177283764
    },
    "spectral_spread": {
        "dmean": 413434.9375,
        "dmean2": 646114.3125,
        "dvar": 474158694400,
        "dvar2": 831088164864,
        "max": 45812800,
        "mean": 3140448.75,
        "median": 3149329.5,
        "min": 943956.375,
        "var": 1.35680308019e+12
    },
    "spectral_strongpeak": {
        "dmean": 0.53759354353,
        "dmean2": 0.822490751743,
        "dvar": 0.971406400204,
        "dvar2": 1.71493816376,
        "max": 17.1252861023,
        "mean": 1.22247123718,
        "median": 0.441569954157,
        "min": 0,
        "var": 3.24614429474
    },
    "zerocrossingrate": {
        "dmean": 0.00564417149872,
        "dmean2": 0.00684803677723,
        "dvar": 6.68783832225e-05,
        "dvar2": 8.43709640321e-05,
        "max": 0.51318359375,
        "mean": 0.0285576153547,
        "median": 0.02685546875,
        "min": 0.0029296875,
        "var": 0.000319159211358
    },
    "barkbands": {
        "dmean": [3.06839456243e-06, 0.00168488256168, 0.0015120167518, 0.000591795833316, 0.00112033670302, 0.00120237341616, 0.00102174468338, 0.00104632554576, 0.000959703931585, 0.000483445794089, 0.000544564856682, 0.000498887209687, 0.000110131040856, 9.06090936041e-05, 6.74034454278e-05, 0.000103353711893, 0.000122517070849, 6.24659951427e-05, 4.56738707726e-05, 3.46335509676e-05, 2.01372276933e-05, 1.10520077214e-05, 5.0371359066e-06, 2.53797657024e-06, 7.57656659633e-10, 7.44897254989e-10, 7.84290576927e-10],
        "dmean2": [5.23298831467e-06, 0.00250183930621, 0.00222040922381, 0.000902919447981, 0.00171717384364, 0.00173645524774, 0.00149456062354, 0.00141593045555, 0.0013152344618, 0.000708477047738, 0.000771944934968, 0.000717971299309, 0.00015311887546, 0.000128877960378, 9.74995709839e-05, 0.000147828119225, 0.000175120789208, 9.46531508816e-05, 6.97671057424e-05, 5.22143636772e-05, 3.17013145832e-05, 1.72380368895e-05, 7.49849732529e-06, 3.86946294384e-06, 1.4066555698e-09, 1.3823369116e-09, 1.45656886552e-09],
        "dvar": [4.35440988822e-11, 8.48588661029e-06, 7.14019552106e-06, 1.2866422594e-06, 6.11491805103e-06, 8.64373214426e-06, 1.10664941531e-05, 1.78303143912e-05, 1.45863459693e-05, 8.85752342583e-06, 7.43610326026e-06, 1.14475369628e-05, 5.25026450759e-07, 1.09503638157e-07, 6.03418399692e-08, 1.65678230246e-07, 2.62308248011e-07, 2.98364923879e-08, 3.32021627969e-08, 1.20579022322e-08, 3.20278670252e-09, 9.95086901767e-10, 2.20004847673e-10, 3.77690344278e-11, 1.78706663796e-18, 1.71735826658e-18, 1.89309630324e-18],
        "dvar2": [1.1889068896e-10, 1.86365086847e-05, 1.44018895298e-05, 2.9042037113e-06, 1.32672348627e-05, 1.58896982612e-05, 1.9761862859e-05, 2.83911576844e-05, 2.84423549601e-05, 2.0158577172e-05, 1.25962951643e-05, 1.74520228029e-05, 7.4387321547e-07, 1.96522236706e-07, 1.10695424382e-07, 3.30580519403e-07, 5.6129715631e-07, 6.69759998573e-08, 7.82059927928e-08, 2.62615706959e-08, 7.52740803023e-09, 2.35909825008e-09, 4.96998331379e-10, 8.1829577836e-11, 5.73646652878e-18, 5.48779701149e-18, 6.07164466248e-18],
        "max": [0.000158171431394, 0.0407980307937, 0.0411253198981, 0.0251568853855, 0.0619206503034, 0.0639450699091, 0.0956327468157, 0.112193018198, 0.107215836644, 0.122528150678, 0.0653193593025, 0.118032552302, 0.0497306026518, 0.0116072753444, 0.00840418133885, 0.0131565332413, 0.0231676027179, 0.00535309873521, 0.0097387060523, 0.00371971027926, 0.00193875876721, 0.00134649989195, 0.000542961410247, 0.00020415574545, 2.52128131706e-08, 2.36419523958e-08, 2.46965647932e-08],
        "mean": [3.54652456735e-06, 0.00297757936642, 0.00250859907828, 0.000905745895579, 0.0020184640307, 0.00244164047763, 0.00207513477653, 0.00216927216388, 0.00182367954403, 0.000847665942274, 0.00104787410237, 0.00101414334495, 0.000187629542779, 0.000131987355417, 9.86399754765e-05, 0.000168261409272, 0.000179719383596, 8.31151555758e-05, 5.91490897932e-05, 4.68874823127e-05, 2.64892460109e-05, 1.44321156768e-05, 7.17702005204e-06, 3.59757814294e-06, 6.2104210663e-10, 6.20709983412e-10, 6.68675947946e-10],
        "median": [1.08475842353e-06, 0.00130360410549, 0.00108940142673, 0.000316300342092, 0.00053216383094, 0.000404741673265, 0.000198458670639, 0.000142140052048, 0.00011244801135, 3.91947323806e-05, 3.52966526407e-05, 3.80731180485e-05, 2.34222879953e-05, 1.22573646877e-05, 1.37491861096e-05, 2.05077121791e-05, 1.62407213793e-05, 2.16696189455e-05, 1.49815878103e-05, 1.5821065972e-05, 1.00714178188e-05, 6.03417174716e-06, 3.12252177537e-06, 1.54971212396e-06, 1.9569669496e-10, 2.01471436756e-10, 2.27170893208e-10],
        "min": [4.29902845391e-24, 9.42789677049e-24, 3.77413145163e-24, 2.38744118407e-24, 3.25308819264e-23, 2.19614095516e-23, 1.77403079334e-23, 1.7167981458e-23, 2.76395719717e-23, 3.97696904738e-23, 4.7987251368e-23, 6.62574371715e-23, 7.18333711068e-23, 1.01656535308e-22, 8.59285231912e-23, 8.816026749e-23, 9.07811600289e-23, 1.82032708349e-22, 1.33263926171e-22, 2.85679400881e-22, 2.44130059138e-22, 5.14427177238e-22, 5.4697075667e-22, 7.10903979249e-22, 1.00149075129e-21, 1.61039120372e-21, 2.08963533605e-21],
        "var": [5.32752765514e-11, 1.90194205061e-05, 1.62673677551e-05, 2.89241961582e-06, 2.06450913538e-05, 2.84229427052e-05, 3.49966139765e-05, 6.10918141319e-05, 3.60123995051e-05, 1.82170424523e-05, 2.48265077971e-05, 4.16000366386e-05, 1.78101163328e-06, 2.39039820826e-07, 1.24334846419e-07, 3.98017505177e-07, 5.07001061578e-07, 4.29564011029e-08, 4.17321857071e-08, 1.69554379426e-08, 3.71452246739e-09, 1.10643627593e-09, 2.63081362251e-10, 4.96115683257e-11, 1.40212935111e-18, 1.34729482452e-18, 1.48898652076e-18]
    },
    "erbbands": {
        "dmean": [0.0242266673595, 0.465845286846, 1.61501693726, 1.67431151867, 2.63747668266, 3.6081328392, 7.93479824066, 10.6118249893, 13.2100496292, 19.6386833191, 19.7613143921, 22.0683994293, 16.7470169067, 16.0145664215, 23.3071231842, 14.1196336746, 5.0145368576, 3.53300476074, 3.73262834549, 4.42449045181, 5.63152599335, 6.91576910019, 4.21963644028, 2.64763879776, 2.08562207222, 1.42924356461, 1.00436770916, 0.650421321392, 0.450618118048, 0.184442386031, 0.153145387769, 0.0942219942808, 0.015551966615, 0.000402897276217, 2.88100363832e-05, 7.7554877862e-06, 3.53364816874e-06, 1.04040304905e-06, 3.78570007342e-06, 8.71119300427e-06],
        "dmean2": [0.0336222089827, 0.69290804863, 2.34641218185, 2.57124614716, 4.21969556808, 5.67687892914, 11.2939767838, 15.361492157, 18.9869499207, 27.4480323792, 26.6951980591, 29.9526386261, 24.3229827881, 22.573431015, 33.5398483276, 20.1186847687, 6.87108755112, 5.0073890686, 5.30695056915, 6.35234642029, 8.04735565186, 9.78888320923, 6.23190021515, 3.99014139175, 3.12429046631, 2.17109012604, 1.59347939491, 1.02403199673, 0.708810269833, 0.276034891605, 0.231598123908, 0.141167029738, 0.0239969305694, 0.000613497162703, 4.30052896263e-05, 1.13228288683e-05, 5.052259894e-06, 1.5476949784e-06, 5.14498105986e-06, 1.19248643387e-05],
        "dvar": [0.00218703248538, 0.60065728426, 6.84349822998, 7.7819981575, 35.4776306152, 77.9128875732, 420.552947998, 822.600769043, 1946.39538574, 4669.15332031, 6000.72167969, 6961.19140625, 10126.6845703, 7816.2109375, 20050.2421875, 9550.66015625, 820.357177734, 140.557434082, 146.424636841, 168.393966675, 474.319488525, 781.612182617, 149.459457397, 149.59161377, 37.4691352844, 17.6036052704, 7.73377513885, 4.26050376892, 1.46404361725, 0.368474364281, 0.199668481946, 0.0577581338584, 0.00130171037745, 8.76087995039e-07, 3.60935947796e-09, 1.45357878512e-10, 2.84525788347e-11, 3.00071382672e-12, 3.22994755941e-11, 1.64363175847e-10],
        "dvar2": [0.00397978676483, 1.34000885487, 12.7345438004, 20.2243556976, 90.1319503784, 191.161834717, 724.460876465, 1568.16137695, 3312.13085938, 7905.56445312, 10398.5400391, 13557.1455078, 25414.1171875, 12538.0302734, 32178.4042969, 14599.2949219, 1118.25866699, 248.036651611, 273.275024414, 319.49887085, 1018.3394165, 1637.79577637, 331.342163086, 350.914154053, 83.3994064331, 39.3889808655, 18.4113712311, 10.1459512711, 3.48016023636, 0.86558932066, 0.459313213825, 0.124456465244, 0.00296611106023, 1.96009500542e-06, 7.81057529764e-09, 3.02751601566e-10, 5.64711923057e-11, 6.05680609833e-12, 5.85027512545e-11, 2.99127056458e-10],
        "max": [0.981491684914, 10.0584487915, 47.4920043945, 55.8067169189, 161.1746521, 180.773254395, 566.750549316, 633.943237305, 1693.58544922, 1795.47192383, 2298.16308594, 2741.89697266, 4642.72460938, 3438.76904297, 4928.67236328, 4492.84667969, 2361.25927734, 397.595977783, 312.970336914, 373.99118042, 889.561340332, 1015.87878418, 376.331359863, 724.791381836, 179.555297852, 151.973190308, 109.663803101, 80.4922103882, 44.9235649109, 27.348400116, 18.272600174, 8.41007518768, 0.941071271896, 0.023892197758, 0.00187132763676, 0.000357287091902, 0.00013467950339, 3.98052725359e-05, 8.63285386004e-05, 0.000183881711564],
        "mean": [0.0457127131522, 0.831748425961, 2.86219096184, 2.82047128677, 3.86186671257, 6.18295812607, 16.2572212219, 21.8599815369, 28.0831336975, 41.6053009033, 41.8278503418, 42.8627586365, 31.7518444061, 28.5857944489, 51.9173851013, 28.9750080109, 9.91899013519, 5.63601064682, 5.60400009155, 7.0981760025, 9.27469539642, 10.2672929764, 5.86621046066, 3.55452442169, 2.77109408379, 1.9504108429, 1.3369641304, 0.840347707272, 0.580372273922, 0.259635776281, 0.213690474629, 0.136145442724, 0.0208992287517, 0.000573617173359, 5.30388897459e-05, 1.85238841368e-05, 9.10411381483e-06, 2.30791511058e-06, 1.03716001831e-05, 2.36787018366e-05],
        "median": [0.0123913343996, 0.418544560671, 1.51087856293, 1.47929978371, 1.28184020519, 1.46867012978, 2.67912483215, 3.55091881752, 3.79096388817, 4.38712406158, 4.4541349411, 3.92183327675, 2.73888254166, 2.23820781708, 1.99951827526, 1.87836623192, 1.58941757679, 1.0588837862, 0.98764526844, 1.23349285126, 1.55487394333, 1.15909194946, 1.48031949997, 0.992372870445, 0.728112399578, 0.739366173744, 0.552485227585, 0.313273459673, 0.244851186872, 0.10540920496, 0.0914129987359, 0.0583776980639, 0.00862956698984, 0.00025558899506, 3.28925416397e-05, 1.28432993733e-05, 6.1582750277e-06, 1.3628347233e-06, 6.72877922625e-06, 1.55495272338e-05],
        "min": [3.81589008764e-22, 1.39630440098e-21, 2.53671009931e-21, 9.63731652697e-21, 3.93586171008e-20, 1.3875298201e-19, 1.43451548835e-19, 1.76830031385e-19, 2.17713807977e-19, 4.0679222581e-19, 3.06356214328e-19, 5.50040365762e-19, 9.97401147727e-19, 1.54852346573e-18, 2.3435718338e-18, 2.51960393316e-18, 4.1048407764e-18, 5.73788803866e-18, 4.77428507718e-18, 5.07469722332e-18, 6.25101257446e-18, 6.22420654594e-18, 7.87055321809e-18, 9.56668954567e-18, 7.96000287517e-18, 1.59459990739e-17, 9.44388300321e-18, 1.36970571158e-17, 1.87421358965e-17, 1.6670799542e-17, 1.4584186816e-17, 1.16156878877e-17, 1.32560507353e-17, 9.99972438661e-18, 7.61523482304e-18, 4.88393365764e-18, 3.0571739308e-18, 1.24042794907e-18, 2.99865431458e-19, 3.1185891703e-20],
        "var": [0.0076273852028, 1.26087617874, 16.8696079254, 14.4686784744, 55.1381759644, 194.611663818, 1750.66894531, 2594.96337891, 6982.53564453, 15617.9951172, 19071.5546875, 16688.5917969, 18233.6191406, 21626.5058594, 81168.359375, 35602.171875, 5130.93701172, 340.612823486, 291.416137695, 369.569885254, 1010.16381836, 1532.93884277, 222.650680542, 189.283355713, 53.9544944763, 22.8296356201, 8.67372894287, 4.63259458542, 1.63759303093, 0.426773905754, 0.228916034102, 0.0757351741195, 0.00161141436547, 1.12078180337e-06, 5.30461452541e-09, 3.51934204001e-10, 8.50261250296e-11, 8.26023277556e-12, 1.12193213053e-10, 5.70139158107e-10]
    },
    "gfcc": {
        "mean": [-118.736106873, 174.625579834, -143.617401123, 56.3472518921, -62.2142295837, -7.1017832756, -7.43436527252, -18.0876636505, 11.1258563995, -27.1684932709, 6.56173706055, -15.8249387741, -4.57225370407],
        "cov": [[4982.20410156, 414.718414307, -928.062194824, -566.805419922, -60.5997390747, -265.840026855, -119.267585754, 49.9005737305, 79.5400924683, -92.5664367676, 21.2744464874, 54.0146827698, 70.0880279541], [414.718414307, 508.337982178, 48.7248382568, -348.999603271, 134.703735352, -85.8902511597, 49.7725219727, -15.2290554047, 46.3580741882, 21.5162696838, -5.90758180618, 34.2464256287, 3.21707081795], [-928.062194824, 48.7248382568, 681.022460938, 398.204071045, -1.48702776432, 94.4729690552, 42.8384933472, -46.534198761, -10.1350622177, 13.0114717484, 38.3526611328, -17.2214698792, 9.98444271088], [-566.805419922, -348.999603271, 398.204071045, 817.27154541, -117.700141907, 141.836105347, -19.1730899811, -33.5402297974, -26.6655464172, -15.7622232437, 49.8407516479, -69.427444458, 12.8193044662], [-60.5997390747, 134.703735352, -1.48702776432, -117.700141907, 342.456604004, 95.6617355347, 124.65271759, 47.8763237, 30.3511333466, 29.5163154602, -17.3747081757, 33.4058876038, -14.8662996292], [-265.840026855, -85.8902511597, 94.4729690552, 141.836105347, 95.6617355347, 284.073059082, 117.918113708, -27.918554306, -30.597738266, -5.02424383163, -8.76985359192, -6.12383794785, 15.8095350266], [-119.267585754, 49.7725219727, 42.8384933472, -19.1730899811, 124.65271759, 117.918113708, 170.034683228, 62.9372329712, 28.4254074097, 10.8294801712, -29.2195320129, -4.78121471405, -4.45845222473], [49.9005737305, -15.2290554047, -46.534198761, -33.5402297974, 47.8763237, -27.918554306, 62.9372329712, 169.926422119, 108.042396545, 22.8901138306, -15.245464325, -20.4359264374, -20.9585723877], [79.5400924683, 46.3580741882, -10.1350622177, -26.6655464172, 30.3511333466, -30.597738266, 28.4254074097, 108.042396545, 145.084625244, 69.8857955933, 2.73092842102, -27.3771934509, -25.9116783142], [-92.5664367676, 21.5162696838, 13.0114717484, -15.7622232437, 29.5163154602, -5.02424383163, 10.8294801712, 22.8901138306, 69.8857955933, 104.117515564, 48.8982887268, 2.56320118904, -24.0570850372], [21.2744464874, -5.90758180618, 38.3526611328, 49.8407516479, -17.3747081757, -8.76985359192, -29.2195320129, -15.245464325, 2.73092842102, 48.8982887268, 109.931724548, 60.569732666, 13.8000717163], [54.0146827698, 34.2464256287, -17.2214698792, -69.427444458, 33.4058876038, -6.12383794785, -4.78121471405, -20.4359264374, -27.3771934509, 2.56320118904, 60.569732666, 117.195922852, 61.9230957031], [70.0880279541, 3.21707081795, 9.98444271088, 12.8193044662, -14.8662996292, 15.8095350266, -4.45845222473, -20.9585723877, -25.9116783142, -24.0570850372, 13.8000717163, 61.9230957031, 100.524642944]],
        "icov": [[0.000401283235988, -0.000651118520182, 0.000794612220488, -0.000276106555248, 8.41878936626e-05, -3.73817856598e-05, 6.73001050018e-05, 7.81019843998e-05, -0.000533609010745, 0.0009627987165, -0.000812093785498, 0.000378057651687, -0.000293593009701], [-0.000651118520182, 0.00773763703182, -0.00346897519194, 0.00412230892107, -0.00249409442768, 0.00365553353913, -0.004466812592, 0.00696392031386, -0.00625071674585, 0.00412372360006, -0.00363783445209, 0.0031489210669, -0.00172940769698], [0.000794612220488, -0.00346897519194, 0.00460584415123, -0.00297914305702, 0.000722784898244, -0.000646121392492, 2.15593863686e-05, -0.000531943165697, 0.000329354545102, 0.000323391461279, -0.000483466981677, -0.000519427703694, 0.000126622588141], [-0.000276106555248, 0.00412230892107, -0.00297914305702, 0.00484488392249, -0.000982420984656, 0.000494129140861, -0.00122709292918, 0.00273448904045, -0.0030341099482, 0.00352869206108, -0.00496472232044, 0.00512648466974, -0.00238262908533], [8.41878936626e-05, -0.00249409442768, 0.000722784898244, -0.000982420984656, 0.00582352094352, -0.00246355263516, -0.000460769340862, -0.00301390816458, 0.00232587056234, -0.00338975572959, 0.00424008164555, -0.00538109615445, 0.00319544551894], [-3.73817856598e-05, 0.00365553353913, -0.000646121392492, 0.000494129140861, -0.00246355263516, 0.00943057611585, -0.00854616891593, 0.00736368168145, -0.0037370568607, 0.00336418556981, -0.00379941496067, 0.00372841022909, -0.002714300761], [6.73001050018e-05, -0.004466812592, 2.15593863686e-05, -0.00122709292918, -0.000460769340862, -0.00854616891593, 0.0183122158051, -0.0123959975317, 0.00792529806495, -0.00714034074917, 0.00761573854834, -0.00385723356158, 0.00141862907913], [7.81019843998e-05, 0.00696392031386, -0.000531943165697, 0.00273448904045, -0.00301390816458, 0.00736368168145, -0.0123959975317, 0.0254858583212, -0.0225624125451, 0.014773927629, -0.00837755016983, 0.00388320465572, -0.000935332092922], [-0.000533609010745, -0.00625071674585, 0.000329354545102, -0.0030341099482, 0.00232587056234, -0.0037370568607, 0.00792529806495, -0.0225624125451, 0.0337581560016, -0.0240524597466, 0.0105101298541, -0.000951089547016, -0.000406025646953], [0.0009627987165, 0.00412372360006, 0.000323391461279, 0.00352869206108, -0.00338975572959, 0.00336418556981, -0.00714034074917, 0.014773927629, -0.0240524597466, 0.0347393676639, -0.0213041808456, 0.00837530009449, 0.000327064364683], [-0.000812093785498, -0.00363783445209, -0.000483466981677, -0.00496472232044, 0.00424008164555, -0.00379941496067, 0.00761573854834, -0.00837755016983, 0.0105101298541, -0.0213041808456, 0.0335064902902, -0.0229174382985, 0.00830753706396], [0.000378057651687, 0.0031489210669, -0.000519427703694, 0.00512648466974, -0.00538109615445, 0.00372841022909, -0.00385723356158, 0.00388320465572, -0.000951089547016, 0.00837530009449, -0.0229174382985, 0.0332058109343, -0.017259599641], [-0.000293593009701, -0.00172940769698, 0.000126622588141, -0.00238262908533, 0.00319544551894, -0.002714300761, 0.00141862907913, -0.000935332092922, -0.000406025646953, 0.000327064364683, 0.00830753706396, -0.017259599641, 0.020731523633]]
    },
    "melbands": {
        "dmean": [0.00035829198896, 0.000765852571931, 0.000321203377098, 0.000203243136639, 0.000261166889686, 0.000238563370658, 0.000199530870304, 0.000229931130889, 0.000161740506883, 0.000137819370138, 8.3311329945e-05, 6.28674461041e-05, 7.19276577001e-05, 6.3832871092e-05, 2.08151304832e-05, 7.83933319326e-06, 6.97818586559e-06, 6.6288207563e-06, 6.33884201307e-06, 7.31919453756e-06, 6.26522387392e-06, 7.54495113142e-06, 4.77139701616e-06, 3.22724167745e-06, 2.17202955355e-06, 1.50536152432e-06, 1.62387311775e-06, 8.01762439551e-07, 6.88966224516e-07, 4.95918527577e-07, 3.55486918124e-07, 2.95323218324e-07, 1.55374138444e-07, 8.63744489266e-08, 9.51613330358e-08, 7.49098916231e-08, 5.65364786098e-08, 1.45886254188e-08, 7.96738976877e-12, 6.99982910177e-12],
        "dmean2": [0.000518649816513, 0.00112805468962, 0.000482602161355, 0.000327933288645, 0.000373346061679, 0.000344053085428, 0.00028824005858, 0.000317658879794, 0.000220275032916, 0.000188032048754, 0.000121455035696, 8.89473958523e-05, 0.000102631929622, 9.20047314139e-05, 2.83024601231e-05, 1.1257555343e-05, 1.00371835288e-05, 9.47093758441e-06, 9.11303686735e-06, 1.04850823845e-05, 9.05316483113e-06, 1.07895029942e-05, 6.86009298079e-06, 4.89058766107e-06, 3.31695810019e-06, 2.32421416513e-06, 2.438219326e-06, 1.24956648051e-06, 1.11083852516e-06, 7.8427126482e-07, 5.65071729852e-07, 4.7337115916e-07, 2.42127953243e-07, 1.30461103254e-07, 1.47357823721e-07, 1.14041235122e-07, 8.64481677354e-08, 2.334172855e-08, 1.47719024512e-11, 1.29934700152e-11],
        "dvar": [4.21573076892e-07, 1.24846906147e-06, 2.7003585501e-07, 1.99029599912e-07, 4.19297663257e-07, 3.74303823492e-07, 4.01978070386e-07, 6.8045505941e-07, 4.22939535838e-07, 2.94538693879e-07, 2.5740359888e-07, 1.24673519508e-07, 1.52040058765e-07, 2.10251826616e-07, 2.86713284225e-08, 1.46848355698e-09, 7.14536541047e-10, 6.64989230348e-10, 6.7457334163e-10, 7.84954101718e-10, 7.96371746326e-10, 1.08106767982e-09, 3.11924291951e-10, 7.78443767779e-11, 1.44407680258e-10, 2.19639341437e-11, 3.18823162315e-11, 6.48756959612e-12, 3.95708769571e-12, 2.07544810331e-12, 1.32185419294e-12, 6.45766968545e-13, 1.91415920657e-13, 8.83126105339e-14, 8.29135208841e-14, 3.73605599311e-14, 2.04202381052e-14, 1.11477688551e-15, 1.97168626714e-22, 1.52702771541e-22],
        "dvar2": [8.65557808538e-07, 2.51404526352e-06, 6.61677006519e-07, 5.00025464589e-07, 7.32567741579e-07, 7.02271279351e-07, 6.96538108969e-07, 1.10372684503e-06, 7.61192097798e-07, 5.78327387757e-07, 6.4468315486e-07, 2.00613968104e-07, 2.41447963845e-07, 3.24977662558e-07, 3.83907874379e-08, 2.36327712955e-09, 1.24834442783e-09, 1.23880050662e-09, 1.23038013111e-09, 1.46241008192e-09, 1.80539261319e-09, 2.29386798445e-09, 6.51179332678e-10, 1.73589656538e-10, 3.40068140314e-10, 5.23638910011e-11, 6.61892901599e-11, 1.50134418786e-11, 9.77045354345e-12, 4.85089269101e-12, 3.20323411893e-12, 1.57158129826e-12, 4.55825969418e-13, 2.08190235884e-13, 1.9774650938e-13, 8.1587921098e-14, 4.53599594138e-14, 2.68244174736e-15, 6.33315962502e-22, 4.90293991016e-22],
        "max": [0.0107319513336, 0.0189018435776, 0.0114892376587, 0.0107440594584, 0.0192827433348, 0.0131418993697, 0.0223668497056, 0.0226433239877, 0.018521707505, 0.0190106052905, 0.0233498476446, 0.0145690478384, 0.0117719946429, 0.0179713331163, 0.0151507295668, 0.00281071616337, 0.000954495626502, 0.00069925643038, 0.000936096068472, 0.000858192623127, 0.00125222059432, 0.00142472679727, 0.000643098610453, 0.000216321335756, 0.000748056045268, 0.000136547387228, 0.000181492170668, 0.000111430039397, 8.25041570351e-05, 4.90267811983e-05, 4.46571430075e-05, 2.90658263111e-05, 1.67922280525e-05, 1.23595818877e-05, 1.24608859551e-05, 5.44533986613e-06, 4.89454487251e-06, 8.56518795445e-07, 2.72000255652e-10, 2.34583907854e-10],
        "mean": [0.000644941814244, 0.00140300486237, 0.000555235019419, 0.000318278558552, 0.000539622851647, 0.00049734278582, 0.000418196461396, 0.000485008582473, 0.000333429459715, 0.000261955545284, 0.000153366578161, 0.00010842098709, 0.000153596862219, 0.000133904482936, 4.31856315117e-05, 1.21924904306e-05, 1.04743357952e-05, 9.38689117902e-06, 9.31205704546e-06, 1.19618725876e-05, 9.98858831736e-06, 1.10665423563e-05, 6.60070554659e-06, 4.24483459938e-06, 2.77445656138e-06, 1.88789442745e-06, 2.1206378733e-06, 1.05235847059e-06, 8.6182802761e-07, 6.53738425171e-07, 4.31140847468e-07, 3.66261701856e-07, 2.00045761289e-07, 1.20833746564e-07, 1.28325496007e-07, 1.03833670551e-07, 7.84294300615e-08, 1.7973830424e-08, 6.55337503014e-12, 5.72108549771e-12],
        "median": [0.000233918544836, 0.000892749696504, 0.000290287978714, 0.000103689882962, 9.18536825338e-05, 8.00136840553e-05, 4.7298224672e-05, 3.78558397642e-05, 2.74627818726e-05, 1.69636768987e-05, 8.24226754048e-06, 5.96065092395e-06, 5.30862098458e-06, 4.08610321756e-06, 3.01135696645e-06, 1.8181899577e-06, 1.38629411595e-06, 1.08456731596e-06, 1.06574543679e-06, 1.4324679114e-06, 1.40500583257e-06, 9.42445240071e-07, 1.01094678939e-06, 1.18330058285e-06, 6.35038247765e-07, 4.73689425462e-07, 5.19890591022e-07, 4.24857290682e-07, 3.58226770913e-07, 2.35335477328e-07, 1.47682868601e-07, 1.54434971478e-07, 7.07670935185e-08, 5.18850846731e-08, 5.57195534157e-08, 3.99789676919e-08, 3.3399661703e-08, 6.8919545626e-09, 2.08417788236e-12, 1.78793861227e-12],
        "min": [3.62380059551e-24, 1.50470691581e-24, 1.75253220375e-24, 7.32569368746e-24, 5.35801032144e-24, 4.39263626665e-24, 3.17708779476e-24, 5.20616406351e-24, 2.18416868931e-24, 4.04169571574e-24, 4.75187247883e-24, 6.09120880676e-24, 6.87808454351e-24, 6.98927212152e-24, 6.11308352523e-24, 8.7315219178e-24, 1.09220687447e-23, 6.85247811853e-24, 5.36662073822e-24, 6.16464584058e-24, 7.87978564299e-24, 5.7313486056e-24, 6.84658296098e-24, 7.91367037431e-24, 7.47860175217e-24, 4.41392131159e-24, 7.80047041213e-24, 1.0245311285e-23, 5.35579914432e-24, 5.6892356606e-24, 8.60721479407e-24, 1.14043719913e-23, 6.71061173991e-24, 9.39328707599e-24, 7.98607676135e-24, 7.88735634109e-24, 6.54992708441e-24, 9.36981294204e-24, 7.77414533486e-24, 7.57070441829e-24],
        "var": [1.11687086246e-06, 2.79693495031e-06, 5.5924829212e-07, 3.40220651651e-07, 1.8491539322e-06, 1.23280563002e-06, 1.39574410696e-06, 2.35751463151e-06, 1.26244810872e-06, 6.88515001457e-07, 4.64908765707e-07, 3.43760660826e-07, 6.0767257537e-07, 7.51321408643e-07, 1.95790633484e-07, 3.67851660243e-09, 1.65818181408e-09, 1.29232347046e-09, 1.39468303573e-09, 2.05423100752e-09, 1.52428492051e-09, 2.1531154637e-09, 5.22749288301e-10, 1.12997562696e-10, 1.80735287847e-10, 2.7814492029e-11, 5.02086601462e-11, 7.39093595353e-12, 3.98977509017e-12, 2.48444298988e-12, 1.37070183762e-12, 6.78347189618e-13, 2.23496582027e-13, 9.96023128883e-14, 8.79256926599e-14, 4.89810388158e-14, 2.53819572104e-14, 1.24879560309e-15, 1.54915873479e-22, 1.19773521168e-22]
    },
    "mfcc": {
        "mean": [-740.298950195, 164.303436279, -2.21086668968, 48.422328949, -11.7327947617, 10.4571895599, -9.54740047455, 14.0417661667, -5.78915166855, 7.88597679138, -7.22833061218, 10.0074415207, -3.27427816391],
        "cov": [[4072.47900391, 551.160766602, -959.751708984, -66.4219512939, -386.105957031, -104.513816833, -418.064758301, 143.827758789, -220.825683594, 60.355632782, -200.85383606, 122.416763306, -91.1252059937], [551.160766602, 892.605163574, -222.50390625, -301.246154785, 22.5348453522, -141.640975952, -14.4142456055, -39.0748825073, 64.7121734619, -48.0914878845, 58.8623428345, -22.0924549103, 56.271270752], [-959.751708984, -222.50390625, 694.202697754, 256.951843262, 73.124168396, 141.953048706, 91.1910171509, -17.8023662567, -9.1932964325, 1.56086158752, 8.10015773773, -14.9568881989, -34.1759147644], [-66.4219512939, -301.246154785, 256.951843262, 372.048309326, 60.5271453857, 63.7586746216, 4.51847982407, 29.5224704742, -33.59557724, 35.7725067139, -4.0869307518, 34.4395370483, -24.0221118927], [-386.105957031, 22.5348453522, 73.124168396, 60.5271453857, 180.268005371, 60.4282798767, 79.4209671021, 11.6441373825, 45.2831115723, 1.25350666046, 46.443687439, 10.0394268036, 40.9057693481], [-104.513816833, -141.640975952, 141.953048706, 63.7586746216, 60.4282798767, 271.729797363, 123.831100464, 38.8609313965, 6.28193092346, 10.8962783813, -22.825761795, -13.9379291534, -8.43218326569], [-418.064758301, -14.4142456055, 91.1910171509, 4.51847982407, 79.4209671021, 123.831100464, 181.283096313, 49.6890792847, 57.3133277893, -6.66283464432, 13.6697854996, -24.6615066528, 30.4731903076], [143.827758789, -39.0748825073, -17.8023662567, 29.5224704742, 11.6441373825, 38.8609313965, 49.6890792847, 127.435897827, 57.7153396606, 27.9913539886, -21.2006530762, 2.75247073174, 8.28980255127], [-220.825683594, 64.7121734619, -9.1932964325, -33.59557724, 45.2831115723, 6.28193092346, 57.3133277893, 57.7153396606, 158.242019653, 71.4782562256, 47.1192245483, -16.3847560883, 18.8755550385], [60.355632782, -48.0914878845, 1.56086158752, 35.7725067139, 1.25350666046, 10.8962783813, -6.66283464432, 27.9913539886, 71.4782562256, 133.688598633, 71.2970123291, 20.2397003174, -21.9845161438], [-200.85383606, 58.8623428345, 8.10015773773, -4.0869307518, 46.443687439, -22.825761795, 13.6697854996, -21.2006530762, 47.1192245483, 71.2970123291, 151.128997803, 56.4673500061, 5.21755123138], [122.416763306, -22.0924549103, -14.9568881989, 34.4395370483, 10.0394268036, -13.9379291534, -24.6615066528, 2.75247073174, -16.3847560883, 20.2397003174, 56.4673500061, 133.692810059, 71.3190078735], [-91.1252059937, 56.271270752, -34.1759147644, -24.0221118927, 40.9057693481, -8.43218326569, 30.4731903076, 8.28980255127, 18.8755550385, -21.9845161438, 5.21755123138, 71.3190078735, 174.132537842]],
