{
"lowlevel": {
    "average_loudness": 0.501500844955,
    "barkbands_crest": {
        "dmean": 2.62459778786,
        "dmean2": 4.13543367386,
        "dvar": 7.57513046265,
        "dvar2": 17.7855224609,
        "max": 26.9555053711,
        "mean": 14.8025026321,
        "median": 14.1353855133,
        "min": 2.45613455772,
        "var": 30.4131259918
    },
    "barkbands_flatness_db": {
        "dmean": 0.0318171866238,
        "dmean2": 0.0445189476013,
        "dvar": 0.00117143581156,
        "dvar2": 0.00214543309994,
        "max": 0.59278523922,
        "mean": 0.247604370117,
        "median": 0.237684890628,
        "min": 0.0202659107745,
        "var": 0.0104042068124
    },
    "barkbands_kurtosis": {
        "dmean": 19.119052887,
        "dmean2": 29.7612552643,
        "dvar": 5118.86669922,
        "dvar2": 11655.3886719,
        "max": 2440.92529297,
        "mean": 46.8347549438,
        "median": 8.13232326508,
        "min": -1.79818201065,
        "var": 34207.1679688
    },
    "barkbands_skewness": {
        "dmean": 1.04321289062,
        "dmean2": 1.56626963615,
        "dvar": 2.58812069893,
        "dvar2": 5.19058084488,
        "max": 48.7705612183,
        "mean": 3.18241238594,
        "median": 2.02292490005,
        "min": -3.61200904846,
        "var": 25.481048584
    },
    "barkbands_spread": {
        "dmean": 4.24111413956,
        "dmean2": 6.57969903946,
        "dvar": 67.9008255005,
        "dvar2": 152.707519531,
        "max": 96.985206604,
        "mean": 10.5773620605,
        "median": 5.991979599,
        "min": 0.0892413854599,
        "var": 167.487579346
    },
    "dissonance": {
        "dmean": 0.0331814959645,
        "dmean2": 0.0543377026916,
        "dvar": 0.00122794311028,
        "dvar2": 0.00303616863675,
        "max": 0.499999970198,
        "mean": 0.413488864899,
        "median": 0.430124819279,
        "min": 0.119730964303,
        "var": 0.0048409756273
    },
    "dynamic_complexity": 6.01954174042,
    "erbbands_crest": {
        "dmean": 2.58882236481,
        "dmean2": 3.94674754143,
        "dvar": 9.20212841034,
        "dvar2": 18.4159832001,
        "max": 34.046962738,
        "mean": 13.4810905457,
        "median": 12.3014974594,
        "min": 2.16962456703,
        "var": 45.7457199097
    },
    "erbbands_flatness_db": {
        "dmean": 0.0264658425003,
        "dmean2": 0.0350512079895,
        "dvar": 0.000990565516986,
        "dvar2": 0.00154613563791,
        "max": 0.47143882513,
        "mean": 0.19935336709,
        "median": 0.196066692472,
        "min": 0.030821736902,
        "var": 0.00690306257457
    },
    "erbbands_kurtosis": {
        "dmean": 3.9235291481,
        "dmean2": 5.65208339691,
        "dvar": 82.3335647583,
        "dvar2": 136.52507019,
        "max": 362.990020752,
        "mean": 9.13241100311,
        "median": 2.57161903381,
        "min": -1.77339375019,
        "var": 410.436553955
    },
    "erbbands_skewness": {
        "dmean": 0.544360637665,
        "dmean2": 0.801728546619,
        "dvar": 0.484332114458,
        "dvar2": 0.895368218422,
        "max": 12.4675168991,
        "mean": 1.44738733768,
        "median": 1.21733856201,
        "min": -3.3758699894,
        "var": 3.10598158836
    },
    "erbbands_spread": {
        "dmean": 9.46615314484,
        "dmean2": 14.3842115402,
        "dvar": 207.60244751,
        "dvar2": 415.915374756,
        "max": 150.778060913,
        "mean": 30.1708812714,
        "median": 21.7509460449,
        "min": 0.510120749474,
        "var": 719.965270996
    },
    "hfc": {
        "dmean": 4.05810308456,
        "dmean2": 5.97268915176,
        "dvar": 178.058013916,
        "dvar2": 440.109954834,
        "max": 324.787200928,
        "mean": 9.71350955963,
        "median": 4.35631513596,
        "min": 1.15584766024e-16,
        "var": 274.125854492
    },
    "melbands_crest": {
        "dmean": 2.81252455711,
        "dmean2": 4.42985534668,
        "dvar": 8.95266246796,
        "dvar2": 21.1958675385,
        "max": 39.9844360352,
        "mean": 18.3647956848,
        "median": 17.8922710419,
        "min": 2.18822264671,
        "var": 40.346496582
    },
    "melbands_flatness_db": {
        "dmean": 0.0358689129353,
        "dmean2": 0.0502368807793,
        "dvar": 0.00154113618191,
        "dvar2": 0.00289159710519,
        "max": 0.717428386211,
        "mean": 0.338174551725,
        "median": 0.329567372799,
        "min": 0.00591371953487,
        "var": 0.0135408854112
    },
    "melbands_kurtosis": {
        "dmean": 31.5241279602,
        "dmean2": 49.2339897156,
        "dvar": 17870.8007812,
        "dvar2": 45268.328125,
        "max": 5377.94482422,
        "mean": 62.6947174072,
        "median": 13.3172798157,
        "min": -1.84521114826,
        "var": 56760.0390625
    },
    "melbands_skewness": {
        "dmean": 1.22844588757,
        "dmean2": 1.84410107136,
        "dvar": 4.01451683044,
        "dvar2": 8.93902873993,
        "max": 70.4249267578,
        "mean": 3.77497458458,
        "median": 2.45329141617,
        "min": -3.31666874886,
        "var": 29.4333534241
    },
    "melbands_spread": {
        "dmean": 3.98995661736,
        "dmean2": 6.19655847549,
        "dvar": 77.8042144775,
        "dvar2": 175.309783936,
        "max": 173.442687988,
        "mean": 10.3757095337,
        "median": 5.87062311172,
        "min": 0.156414911151,
        "var": 207.196929932
    },
    "pitch_salience": {
        "dmean": 0.0714708864689,
        "dmean2": 0.112970799208,
        "dvar": 0.00587927689776,
        "dvar2": 0.0139341056347,
        "max": 0.869963645935,
        "mean": 0.431953012943,
        "median": 0.435961663723,
        "min": 0.00262491777539,
        "var": 0.023846777156
    },
    "silence_rate_20dB": {
        "dmean": 0,
        "dmean2": 0,
        "dvar": 0,
        "dvar2": 0,
        "max": 1,
        "mean": 1,
        "median": 1,
        "min": 1,
        "var": 0
    },
    "silence_rate_30dB": {
        "dmean": 0.00743780471385,
        "dmean2": 0.0148775167763,
        "dvar": 0.00738317845389,
        "dvar2": 0.0169660467654,
        "max": 1,
        "mean": 0.987306058407,
        "median": 1,
        "min": 0,
        "var": 0.0125319715589
    },
    "silence_rate_60dB": {
        "dmean": 0.0518081560731,
        "dmean2": 0.103629603982,
        "dvar": 0.0491254739463,
        "dvar2": 0.10417868197,
        "max": 1,
        "mean": 0.197845876217,
        "median": 0,
        "min": 0,
        "var": 0.158692270517
    },
    "spectral_centroid": {
        "dmean": 183.566680908,
        "dmean2": 281.013946533,
        "dvar": 105144.867188,
        "dvar2": 215167.75,
        "max": 11013.4628906,
        "mean": 806.242553711,
        "median": 512.98059082,
        "min": 87.0833435059,
        "var": 533735.5625
    },
    "spectral_complexity": {
        "dmean": 1.93972814083,
        "dmean2": 2.92163658142,
        "dvar": 15.5248794556,
        "dvar2": 29.8557567596,
        "max": 61,
        "mean": 7.12437486649,
        "median": 6,
        "min": 0,
        "var": 39.8984451294
    },
    "spectral_decrease": {
        "dmean": 1.78486914137e-09,
        "dmean2": 2.51139997687e-09,
        "dvar": 1.08299299987e-17,
        "dvar2": 2.18501032664e-17,
        "max": 7.71469517082e-29,
        "mean": -5.65536728558e-09,
        "median": -3.68260577588e-09,
        "min": -8.14212910427e-08,
        "var": 4.19902786229e-17
    },
    "spectral_energy": {
        "dmean": 0.00703902496025,
        "dmean2": 0.0099108479917,
        "dvar": 0.000172850661329,
        "dvar2": 0.000352942530299,
        "max": 0.315094798803,
        "mean": 0.0222256407142,
        "median": 0.0144867412746,
        "min": 1.06624364518e-20,
        "var": 0.000650618399959
    },
    "spectral_energyband_high": {
        "dmean": 0.00022807289497,
        "dmean2": 0.000365606421838,
        "dvar": 1.42292924465e-06,
        "dvar2": 3.74054388885e-06,
        "max": 0.0343127511442,
        "mean": 0.00022019019525,
        "median": 1.64158191183e-05,
        "min": 7.4957039158e-21,
        "var": 1.13940177471e-06
    },
    "spectral_energyband_low": {
        "dmean": 0.00387690053321,
        "dmean2": 0.00565193453804,
        "dvar": 7.24108103896e-05,
        "dvar2": 0.000159705610713,
        "max": 0.235499069095,
        "mean": 0.00873269326985,
        "median": 0.00421355431899,
        "min": 4.61459869064e-23,
        "var": 0.000170956249349
    },
    "spectral_energyband_middle_high": {
        "dmean": 0.000766663288232,
        "dmean2": 0.00108998443466,
        "dvar": 7.57030738896e-06,
        "dvar2": 1.38063896884e-05,
        "max": 0.0927162244916,
        "mean": 0.00196046684869,
        "median": 0.000273282726994,
        "min": 1.42723764393e-21,
        "var": 3.02670432575e-05
    },
    "spectral_energyband_middle_low": {
        "dmean": 0.00394664565101,
        "dmean2": 0.00569152086973,
        "dvar": 8.41746732476e-05,
        "dvar2": 0.000168854254298,
        "max": 0.236060842872,
        "mean": 0.0117778172716,
        "median": 0.00479722162709,
        "min": 3.19986216965e-22,
        "var": 0.000349805486621
    },
    "spectral_entropy": {
        "dmean": 0.307887852192,
        "dmean2": 0.409356594086,
        "dvar": 0.126417666674,
        "dvar2": 0.20700570941,
        "max": 9.80023193359,
        "mean": 6.69061899185,
        "median": 6.6773519516,
        "min": 3.54548025131,
        "var": 0.939154028893
    },
    "spectral_flux": {
        "dmean": 0.0245666634291,
        "dmean2": 0.0390613563359,
        "dvar": 0.00122278567869,
        "dvar2": 0.00292029278353,
        "max": 0.3823325634,
        "mean": 0.0482106395066,
        "median": 0.0347176790237,
        "min": 1.04636466158e-10,
        "var": 0.00211808364838
    },
    "spectral_kurtosis": {
        "dmean": 4.01211118698,
        "dmean2": 6.19252204895,
        "dvar": 31.1599063873,
        "dvar2": 67.9731140137,
        "max": 150.176025391,
        "mean": 11.7684717178,
        "median": 7.00096797943,
        "min": -1.23468244076,
        "var": 233.356933594
    },
    "spectral_rms": {
        "dmean": 0.000706731516402,
        "dmean2": 0.000962830497883,
        "dvar": 1.04943831047e-06,
        "dvar2": 1.93224832401e-06,
        "max": 0.0175330992788,
        "mean": 0.00393964257091,
        "median": 0.0037594421301,
        "min": 3.22527161228e-12,
        "var": 6.16279612586e-06
    },
    "spectral_rolloff": {
        "dmean": 266.625823975,
        "dmean2": 456.524078369,
        "dvar": 754688.1875,
        "dvar2": 1770569.375,
        "max": 19186.0839844,
        "mean": 700.561340332,
        "median": 387.59765625,
        "min": 21.533203125,
        "var": 1341010
    },
    "spectral_skewness": {
        "dmean": 0.406861037016,
        "dmean2": 0.603878080845,
        "dvar": 0.207393720746,
        "dvar2": 0.398909628391,
        "max": 10.5588254929,
        "mean": 2.47929525375,
        "median": 2.14217686653,
        "min": -0.00466725369915,
        "var": 1.90398466587
    },
    "spectral_spread": {
        "dmean": 750131.75,
        "dmean2": 1077632.875,
        "dvar": 948994899968,
        "dvar2": 1.66942592205e+12,
        "max": 40838436,
        "mean": 4381742.5,
        "median": 3979444.5,
        "min": 752167.25,
        "var": 3.62718298112e+12
    },
    "spectral_strongpeak": {
        "dmean": 0.33341422677,
        "dmean2": 0.529947042465,
        "dvar": 0.6028444767,
        "dvar2": 1.19819068909,
        "max": 16.8153781891,
        "mean": 0.927305459976,
        "median": 0.376079440117,
        "min": 0,
        "var": 2.09286642075
    },
    "zerocrossingrate": {
        "dmean": 0.00822094548494,
        "dmean2": 0.0100185647607,
        "dvar": 0.000219570254558,
        "dvar2": 0.000286506110569,
        "max": 0.49462890625,
        "mean": 0.0321467369795,
        "median": 0.0224609375,
        "min": 0,
        "var": 0.00104767887387
    },
    "barkbands": {
        "dmean": [2.31294507103e-05, 0.00274721696042, 0.00135399401188, 0.000546788272914, 0.00102099706419, 0.00164539250545, 0.000742345349863, 0.000652379705571, 0.000237733504036, 0.000146558246342, 0.00013184256386, 0.000121778393805, 0.000208515193663, 9.62570265983e-05, 8.55974212755e-05, 4.03761114285e-05, 4.06597464462e-05, 4.57085479866e-05, 5.6581437093e-05, 4.86298595206e-05, 4.62026473542e-05, 3.6575645936e-05, 2.99633156828e-05, 3.09602037305e-05, 4.35639449279e-05, 2.32508446061e-05, 1.44741261465e-06],
        "dmean2": [3.96153300244e-05, 0.00415689032525, 0.00193728634622, 0.000912029237952, 0.00167136127129, 0.00238709431142, 0.00109136267565, 0.000875042227563, 0.000348228611983, 0.000211868493352, 0.000189447877347, 0.000178562302608, 0.00030655390583, 0.000144114921568, 0.00012960244203, 6.3726271037e-05, 6.22327424935e-05, 7.03820260242e-05, 8.62285087351e-05, 7.59991889936e-05, 7.46850128053e-05, 6.01551109867e-05, 4.90866223117e-05, 5.1565868489e-05, 7.32393236831e-05, 3.96228861064e-05, 2.62224898506e-06],
        "dvar": [3.04905345416e-09, 4.38331844634e-05, 1.17113686429e-05, 4.27791383117e-06, 1.48652306962e-05, 1.77136480488e-05, 1.0831761756e-05, 8.76303329278e-06, 8.52088760439e-07, 2.82305848032e-07, 4.77006381061e-07, 4.72645240279e-07, 3.88877833757e-06, 3.06588901822e-07, 1.98533115281e-07, 3.01210505427e-08, 2.56078926952e-08, 3.64861811875e-08, 4.72972097043e-08, 5.29188142195e-08, 6.96336499573e-08, 4.96688592477e-08, 3.12991836893e-08, 2.56374246277e-08, 4.797545472e-08, 1.89355979785e-08, 3.15216824864e-10],
        "dvar2": [8.41061620349e-09, 0.000105518520286, 2.28350581892e-05, 1.14766817205e-05, 4.10130669479e-05, 3.15670040436e-05, 2.01164675673e-05, 1.32404902615e-05, 1.64825996762e-06, 5.49012781903e-07, 6.91864158853e-07, 9.53979792939e-07, 6.32977480564e-06, 6.81611481923e-07, 3.51447710045e-07, 7.6051144049e-08, 6.18374897954e-08, 8.61775291128e-08, 1.07070626143e-07, 1.26682721202e-07, 1.87292826581e-07, 1.33891134624e-07, 8.3649652538e-08, 6.77458515952e-08, 1.2666838245e-07, 5.2415423113e-08, 9.35754917997e-10],
        "max": [0.00157826917712, 0.179310262203, 0.0903787463903, 0.0465346127748, 0.0837211087346, 0.104451224208, 0.121015571058, 0.138359799981, 0.0301502346992, 0.0203891526908, 0.0469985976815, 0.0503120571375, 0.0898312628269, 0.02324446477, 0.0180410221219, 0.00601135753095, 0.00453104404733, 0.00517509598285, 0.00693040760234, 0.0067293997854, 0.00997645966709, 0.00861546676606, 0.00492556067184, 0.00380426528864, 0.00524902576581, 0.00474011292681, 0.000985300168395],
        "mean": [2.72054658126e-05, 0.00571198062971, 0.00262741744518, 0.000755431479774, 0.00179809180554, 0.00503525836393, 0.00176206231117, 0.00176465325058, 0.000488267221954, 0.000299003091641, 0.000287817092612, 0.00021506997291, 0.000570086296648, 0.000201918985113, 0.000149640400195, 5.44983813597e-05, 6.57212003716e-05, 6.80908924551e-05, 9.4246766821e-05, 6.00362982368e-05, 4.693774099e-05, 3.44913823938e-05, 2.65854996542e-05, 2.72955985565e-05, 3.47089626302e-05, 1.81285668077e-05, 1.04438674953e-06],
        "median": [1.15463817565e-05, 0.00232022278942, 0.000565246969927, 0.000160818803124, 0.000415557529777, 0.000560399144888, 0.000105096922198, 8.01084024715e-05, 5.31938130734e-05, 1.53780274559e-05, 1.21842831504e-05, 1.38026525747e-05, 8.28318115964e-06, 7.60169996283e-06, 7.09166624802e-06, 5.77572609473e-06, 5.95625078859e-06, 5.71732152821e-06, 5.81990161663e-06, 4.95136509926e-06, 4.42617647423e-06, 2.6865673135e-06, 1.81802272436e-06, 1.35929121825e-06, 1.11765677957e-06, 7.30168437713e-07, 5.25564516352e-08],
        "min": [5.13024448443e-25, 9.42614471042e-24, 9.95959454263e-24, 8.30903562709e-24, 3.29788287029e-23, 5.30538051951e-23, 4.04971401353e-23, 5.95434861833e-23, 4.59986750209e-23, 7.87353549803e-23, 4.77126047107e-23, 6.56743364339e-23, 9.15215091439e-23, 6.41443691072e-23, 1.44210576611e-22, 7.0884137935e-23, 1.58237028377e-22, 2.34132755466e-22, 2.54296570318e-22, 3.43931995079e-22, 2.96168575105e-22, 3.54940833002e-22, 4.93189426083e-22, 7.46898099389e-22, 1.1719536722e-21, 1.51781089178e-21, 2.24857881776e-21],
        "var": [2.79341660914e-09, 8.25526949484e-05, 3.48984249285e-05, 4.67016889161e-06, 1.58120601554e-05, 0.000105615734356, 4.3273823394e-05, 4.47444181191e-05, 2.25772009799e-06, 1.02584897377e-06, 1.86662612123e-06, 9.89631303128e-07, 1.87429614016e-05, 9.36183766953e-07, 7.2393697792e-07, 3.85180030094e-08, 4.70246241946e-08, 6.12425381519e-08, 1.04361070896e-07, 6.41884909669e-08, 5.43952616283e-08, 3.70586299425e-08, 2.3731065113e-08, 1.97505798383e-08, 3.57998715117e-08, 1.25777921411e-08, 1.65180313871e-10]
    },
    "erbbands": {
        "dmean": [0.047805801034, 0.729167878628, 1.70631611347, 1.45913755894, 2.60461974144, 3.55588769913, 9.14016532898, 13.2962017059, 11.7407054901, 12.674290657, 10.2468986511, 5.14059400558, 5.49042320251, 3.54662156105, 5.49674749374, 5.27365732193, 8.74917984009, 6.20326089859, 4.88495254517, 3.01403045654, 2.13656282425, 2.09144663811, 2.54628944397, 3.03378772736, 2.44885969162, 2.27830433846, 2.06895637512, 1.61270797253, 1.28086555004, 1.11423492432, 0.833403885365, 0.591477096081, 0.57441586256, 0.48798546195, 0.306135624647, 0.120444156229, 0.0386559218168, 0.00665670726448, 0.000174170752871, 1.23024165077e-05],
        "dmean2": [0.0689023584127, 1.10499179363, 2.46238207817, 2.32580709457, 4.33539676666, 5.89954805374, 13.3017282486, 19.6059608459, 17.1291542053, 17.5073699951, 14.2094421387, 7.41301298141, 7.9801902771, 4.98990678787, 8.15146255493, 7.56027841568, 12.7062244415, 9.33008480072, 7.27329874039, 4.65904951096, 3.3074157238, 3.22577500343, 3.97278857231, 4.56322431564, 3.77817320824, 3.54743409157, 3.33186364174, 2.60964608192, 2.08842015266, 1.85533356667, 1.36381959915, 0.976142287254, 0.95601016283, 0.818003058434, 0.521153628826, 0.205379217863, 0.0660445019603, 0.0113611361012, 0.000302839995129, 1.86672714335e-05],
        "dvar": [0.014495597221, 2.99026489258, 17.1392002106, 20.5480175018, 82.6036300659, 242.02394104, 578.199645996, 1397.75158691, 2324.69213867, 3300.1796875, 1752.05993652, 308.015106201, 447.125732422, 405.280731201, 542.094604492, 1170.91711426, 5112.42285156, 1578.21459961, 1037.79797363, 122.738067627, 91.7007369995, 77.4633636475, 110.029502869, 141.256546021, 104.216026306, 114.668235779, 133.134857178, 93.5258636475, 63.2557792664, 42.6244277954, 25.6885051727, 9.52041435242, 8.56542301178, 5.80868530273, 2.7865486145, 0.512693226337, 0.0527879409492, 0.00227011973038, 2.64383470494e-06, 1.857675902e-09],
        "dvar2": [0.0315403901041, 7.29841041565, 33.7651824951, 52.9320335388, 226.086654663, 682.640563965, 983.026611328, 2637.02294922, 4527.45361328, 5141.67382812, 2898.14990234, 577.67388916, 933.415100098, 529.510986328, 1091.36425781, 2358.59277344, 8323.61621094, 3103.94140625, 1782.28674316, 290.386627197, 240.57359314, 191.575027466, 253.383148193, 300.039886475, 246.331878662, 272.421600342, 354.503173828, 250.837036133, 170.753158569, 115.940788269, 68.8598251343, 25.0490627289, 22.60090065, 15.2599468231, 7.50006580353, 1.42180836201, 0.145525231957, 0.00647167675197, 7.72260864323e-06, 5.01837371658e-09],
        "max": [3.84482526779, 44.0508346558, 127.17729187, 109.982528687, 195.338653564, 375.012542725, 883.706542969, 954.031494141, 1822.0201416, 2326.0871582, 1817.63342285, 644.77545166, 819.016723633, 1522.58105469, 615.190185547, 2604.51196289, 3143.94726562, 1465.47399902, 1298.37231445, 231.951660156, 403.282318115, 281.364227295, 314.857727051, 500.473144531, 302.338684082, 338.516143799, 368.240600586, 331.000640869, 348.372802734, 152.828231812, 165.442703247, 78.9533233643, 73.8312683105, 51.2306365967, 39.7173347473, 25.3122119904, 7.60525417328, 2.29817795753, 0.070395603776, 0.00151627277955],
        "mean": [0.103096544743, 1.50117254257, 3.50034213066, 2.46613669395, 3.9280166626, 5.98866987228, 26.9758815765, 38.5689849854, 29.4277153015, 35.6910972595, 26.3104496002, 11.9634456635, 10.9834451675, 8.69479370117, 11.2420482635, 9.78846740723, 23.7472610474, 15.3931503296, 10.2072162628, 4.79912185669, 3.1913228035, 3.35799407959, 4.11066102982, 5.31190061569, 3.43333220482, 2.96764707565, 2.18737983704, 1.60143899918, 1.23097872734, 0.995448768139, 0.730942964554, 0.538673400879, 0.492276787758, 0.395509779453, 0.238010048866, 0.0928167626262, 0.0301591530442, 0.00527844298631, 0.000142420438351, 2.92161930702e-05],
        "median": [0.0312810279429, 0.628583908081, 1.20372104645, 0.748287200928, 0.896600663662, 1.36641418934, 3.16543936729, 4.7472038269, 2.94840359688, 1.9255862236, 2.46595168114, 1.98019862175, 0.95134717226, 0.725775122643, 0.812871277332, 0.842070162296, 0.685393214226, 0.651747584343, 0.617026090622, 0.533992767334, 0.47865703702, 0.375615239143, 0.386150300503, 0.322689086199, 0.302148550749, 0.240691512823, 0.207958385348, 0.152703732252, 0.0993369221687, 0.0715673938394, 0.0502623617649, 0.0322925820947, 0.0203993301839, 0.0131892552599, 0.0073768729344, 0.00325193651952, 0.00133373157587, 0.000268054747721, 1.59373666975e-05, 1.77270176209e-05],
        "min": [6.11795685546e-22, 1.61593266759e-21, 7.98856462039e-21, 2.45972123315e-20, 1.1606521434e-19, 1.0634564181e-19, 1.16809521795e-19, 6.48179813671e-19, 6.79102823498e-19, 7.70569146912e-19, 1.59297346351e-18, 1.2062853455e-18, 1.13566221577e-18, 3.66160390338e-18, 3.03757078426e-18, 2.55052704638e-18, 3.54218962861e-18, 4.28659220932e-18, 5.77015304564e-18, 5.84871576509e-18, 4.66565062015e-18, 1.01179905347e-17, 1.31870018336e-17, 1.23322190312e-17, 1.22824111778e-17, 1.67189960476e-17, 1.450136453e-17, 1.09657257583e-17, 1.20423236594e-17, 1.55719314573e-17, 1.53754016156e-17, 1.47940607354e-17, 1.37059054668e-17, 1.03629981234e-17, 8.82654984026e-18, 6.69077777045e-18, 2.61250148583e-18, 1.10799922813e-18, 3.06849550015e-19, 3.30939550381e-20],
        "var": [0.0375362373888, 5.49766635895, 52.6426010132, 27.6999187469, 93.6359405518, 219.211380005, 4549.07568359, 6624.75341797, 8547.47558594, 16195.5273438, 8566.21679688, 990.675048828, 1350.86914062, 1800.1451416, 1660.60693359, 2314.16650391, 25702.8144531, 6083.66064453, 3725.40844727, 220.436416626, 103.290008545, 114.230918884, 218.619384766, 401.669677734, 140.413803101, 154.397949219, 105.558616638, 73.2563247681, 47.3047714233, 31.4303398132, 19.1385860443, 7.51094436646, 6.52017879486, 4.40399074554, 1.97198152542, 0.339610010386, 0.0351842977107, 0.00136934686452, 1.47323180499e-06, 1.98029148635e-09]
    },
    "gfcc": {
        "mean": [-129.227340698, 111.405517578, -75.8610610962, 31.1585903168, -50.7272872925, 5.60371637344, -33.2256698608, 7.84260320663, -18.8284759521, 10.4001083374, -9.34722518921, 2.61834573746, -9.87737464905],
        "cov": [[23828.53125, 1889.50915527, -2818.34594727, -647.481384277, -971.015197754, -422.574798584, -614.741271973, -137.726226807, -462.484069824, -5.50844669342, -60.2751579285, -231.018890381, -206.939788818], [1889.50915527, 2259.58935547, 380.711181641, -461.448455811, -19.6341609955, -360.137084961, 21.8048992157, -206.805541992, 177.135894775, -89.6185073853, 133.57699585, -117.49646759, 50.7253799438], [-2818.34594727, 380.711181641, 1913.25292969, 467.529968262, 181.685623169, 49.6821365356, -2.34347820282, -59.6745414734, 5.37666606903, -33.2676696777, -62.9242706299, 26.6309261322, 34.5934829712], [-647.481384277, -461.448455811, 467.529968262, 698.223632812, 301.850616455, 274.868682861, 68.3059997559, 43.4452285767, -112.340377808, -40.9305725098, -90.2847442627, -17.8564662933, -28.2491912842], [-971.015197754, -19.6341609955, 181.685623169, 301.850616455, 456.458618164, 267.711242676, 193.340377808, 41.92527771, 11.46504879, -48.8681755066, -14.7406177521, -45.4289588928, -19.0129413605], [-422.574798584, -360.137084961, 49.6821365356, 274.868682861, 267.711242676, 374.162628174, 160.708511353, 98.649772644, -53.7056465149, -32.7600708008, -64.162612915, -29.242767334, -35.3552742004], [-614.741271973, 21.8048992157, -2.34347820282, 68.3059997559, 193.340377808, 160.708511353, 241.900177002, 103.73815155, 74.1428146362, -15.9807872772, 2.97832727432, -44.1726455688, -14.4334125519], [-137.726226807, -206.805541992, -59.6745414734, 43.4452285767, 41.92527771, 98.649772644, 103.73815155, 171.724212646, 73.0605010986, 33.9980392456, -34.9090766907, -13.9217119217, -27.7147445679], [-462.484069824, 177.135894775, 5.37666606903, -112.340377808, 11.46504879, -53.7056465149, 74.1428146362, 73.0605010986, 182.411346436, 66.8841171265, 38.6200027466, -19.408864975, 1.78525185585], [-5.50844669342, -89.6185073853, -33.2676696777, -40.9305725098, -48.8681755066, -32.7600708008, -15.9807872772, 33.9980392456, 66.8841171265, 128.482467651, 51.8025779724, 19.117559433, -16.2969303131], [-60.2751579285, 133.57699585, -62.9242706299, -90.2847442627, -14.7406177521, -64.162612915, 2.97832727432, -34.9090766907, 38.6200027466, 51.8025779724, 145.754470825, 61.2492790222, 32.3517379761], [-231.018890381, -117.49646759, 26.6309261322, -17.8564662933, -45.4289588928, -29.242767334, -44.1726455688, -13.9217119217, -19.408864975, 19.117559433, 61.2492790222, 143.651885986, 77.295425415], [-206.939788818, 50.7253799438, 34.5934829712, -28.2491912842, -19.0129413605, -35.3552742004, -14.4334125519, -27.7147445679, 1.78525185585, -16.2969303131, 32.3517379761, 77.295425415, 123.597076416]],
        "icov": [[0.000111197252409, -0.000304632965708, 0.000246986601269, -0.000232522012084, 0.000244164344622, -0.000148074497702, 0.000264330388745, -0.000379552482627, 0.000501548114698, -0.000332090945449, 0.000136187911266, -3.43935607816e-05, 6.47201959509e-05], [-0.000304632965708, 0.00187385582831, -0.00103303347714, 0.00131077412516, -0.00106397643685, 0.00104892929085, -0.000891839736141, 0.00169676740188, -0.00197669141926, 0.00204894249327, -0.00142282387242, 0.00153677677736, -0.000567600596696], [0.000246986601269, -0.00103303347714, 0.00141454208642, -0.00145034992602, 0.000749428989366, -0.00043594208546, 0.000534790044185, -0.000167408172274, 0.000333740259521, -0.000978141906671, 0.00125570641831, -0.0011645014165, 0.000391370238503], [-0.000232522012084, 0.00131077412516, -0.00145034992602, 0.00441877217963, -0.00290096318349, 0.000323297019349, 9.96166854748e-05, -0.00051088782493, 0.00153150700498, 8.88267313712e-05, -0.000311648880597, 0.0013841126347, -0.000762516399845], [0.000244164344622, -0.00106397643685, 0.000749428989366, -0.00290096318349, 0.00747557915747, -0.00418906472623, -0.0019126838306, 0.00242585735396, -0.00240174867213, 0.00112484535202, -0.000611282419413, -0.000525638228282, 0.000916689226869], [-0.000148074497702, 0.00104892929085, -0.00043594208546, 0.000323297019349, -0.00418906472623, 0.00953746028244, -0.00394997699186, -0.00267637334764, 0.00479976693168, -0.00133669481147, 0.00135001144372, 0.000250389246503, -0.000215634136111], [0.000264330388745, -0.000891839736141, 0.000534790044185, 9.96166854748e-05, -0.0019126838306, -0.00394997699186, 0.0133610153571, -0.00657412130386, -0.00225295196287, 0.00352315511554, -0.00438314583153, 0.00336884707212, -0.00111875985749], [-0.000379552482627, 0.00169676740188, -0.000167408172274, -0.00051088782493, 0.00242585735396, -0.00267637334764, -0.00657412130386, 0.0180802736431, -0.00996442977339, -0.000348489615135, 0.00543432170525, -0.00453550973907, 0.00300428969786], [0.000501548114698, -0.00197669141926, 0.000333740259521, 0.00153150700498, -0.00240174867213, 0.00479976693168, -0.00225295196287, -0.00996442977339, 0.0200048889965, -0.00948247872293, -9.458031127e-05, 0.00373000395484, -0.00343350227922], [-0.000332090945449, 0.00204894249327, -0.000978141906671, 8.88267313712e-05, 0.00112484535202, -0.00133669481147, 0.00352315511554, -0.000348489615135, -0.00948247872293, 0.0180594902486, -0.00778824649751, 0.000268788600806, 0.00340979499742], [0.000136187911266, -0.00142282387242, 0.00125570641831, -0.000311648880597, -0.000611282419413, 0.00135001144372, -0.00438314583153, 0.00543432170525, -9.458031127e-05, -0.00778824649751, 0.0166721977293, -0.00887379329652, 0.00154810410459], [-3.43935607816e-05, 0.00153677677736, -0.0011645014165, 0.0013841126347, -0.000525638228282, 0.000250389246503, 0.00336884707212, -0.00453550973907, 0.00373000395484, 0.000268788600806, -0.00887379329652, 0.0187025479972, -0.0100708035752], [6.47201959509e-05, -0.000567600596696, 0.000391370238503, -0.000762516399845, 0.000916689226869, -0.000215634136111, -0.00111875985749, 0.00300428969786, -0.00343350227922, 0.00340979499742, 0.00154810410459, -0.0100708035752, 0.0151627250016]]
    },
    "melbands": {
        "dmean": [0.000623560743406, 0.000913671974558, 0.000279378116829, 0.000223465292947, 0.000275491882348, 0.000302618078422, 0.000174793109181, 0.000142870194395, 7.9182893387e-05, 3.04027180391e-05, 2.69957381533e-05, 1.36973076224e-05, 1.67402668012e-05, 1.47031842062e-05, 1.29352638396e-05, 2.42885271291e-05, 1.02373005575e-05, 8.0146764958e-06, 6.04618526268e-06, 3.27105794895e-06, 2.4760947781e-06, 2.33608329836e-06, 2.24186237574e-06, 2.22510448111e-06, 2.67556697509e-06, 1.85054852864e-06, 1.76220578396e-06, 1.47188814026e-06, 1.32320030843e-06, 1.14085401037e-06, 9.04102648747e-07, 7.49866501337e-07, 6.73406248097e-07, 5.91228172198e-07, 4.9792123491e-07, 4.10297957387e-07, 3.5203603943e-07, 3.87179483141e-07, 4.41574172783e-07, 4.13146580058e-07],
        "dmean2": [0.000926869804971, 0.00133951439057, 0.000439861294581, 0.000376216688892, 0.00040663103573, 0.000443648634246, 0.000254746119026, 0.000195165848709, 0.000111012130219, 4.43580538558e-05, 3.93867085222e-05, 1.94112853933e-05, 2.46043891821e-05, 2.14876054088e-05, 1.85090248124e-05, 3.60528865713e-05, 1.52750253619e-05, 1.20050863188e-05, 9.24446521822e-06, 5.15633519171e-06, 3.87133013646e-06, 3.5912776184e-06, 3.5090270103e-06, 3.45165744875e-06, 4.03448666475e-06, 2.90847015094e-06, 2.74187686955e-06, 2.30871046369e-06, 2.15864201891e-06, 1.84133091352e-06, 1.49582103859e-06, 1.2398029412e-06, 1.11782389922e-06, 9.92158106783e-07, 8.1718991396e-07, 6.80682205711e-07, 5.88420448366e-07, 6.4832499902e-07, 7.44797716834e-07, 6.96312383752e-07],
        "dvar": [2.3166792289e-06, 4.25342705057e-06, 6.97297991792e-07, 9.44954308579e-07, 4.62484592845e-07, 6.85406519096e-07, 5.2220411817e-07, 4.50745318403e-07, 1.04992871286e-07, 1.14210658708e-08, 1.1067173844e-08, 5.95909543932e-09, 5.4896194257e-09, 5.82583670194e-09, 3.28098659352e-09, 6.74272158108e-08, 2.82501422255e-09, 3.52661855274e-09, 7.59780460768e-10, 1.59725080384e-10, 1.59929514076e-10, 9.65514265761e-11, 8.78349892819e-11, 9.30867882776e-11, 1.20208162868e-10, 6.74367298115e-11, 6.62574578536e-11, 5.33165352146e-11, 6.97716537323e-11, 3.38333146221e-11, 3.5207517457e-11, 2.82140057845e-11, 1.42295515648e-11, 1.25614180516e-11, 9.79928117817e-12, 5.1789926514e-12, 3.69844736434e-12, 4.15865085424e-12, 5.11558026842e-12, 4.41594504019e-12],
        "dvar2": [5.32486365046e-06, 9.43168470258e-06, 1.82806638804e-06, 2.63974970949e-06, 8.54819461438e-07, 1.30015996547e-06, 9.95449568109e-07, 6.85972793235e-07, 1.78514341087e-07, 2.20459099864e-08, 2.30920580435e-08, 8.01409250073e-09, 9.67276392316e-09, 1.20965859551e-08, 5.81685366541e-09, 1.10310438117e-07, 6.20725693068e-09, 6.16669026954e-09, 1.42395484293e-09, 3.89137500001e-10, 4.32166413766e-10, 2.34779584662e-10, 2.07662137486e-10, 2.21578130843e-10, 2.46711401308e-10, 1.6391449309e-10, 1.52450788105e-10, 1.29978805496e-10, 1.89922397253e-10, 8.78970091156e-11, 9.6044235065e-11, 7.78167183468e-11, 3.81993117693e-11, 3.43386361012e-11, 2.64379212966e-11, 1.37099021372e-11, 9.91949664769e-12, 1.10597841649e-11, 1.36903223133e-11, 1.16331345598e-11],
        "max": [0.0449864827096, 0.06505843997, 0.0200266204774, 0.0218997746706, 0.0228563249111, 0.0245749633759, 0.0258487034589, 0.0303184334189, 0.0142892394215, 0.00425269082189, 0.00404125684872, 0.00559433363378, 0.00353506836109, 0.00513247260824, 0.00327258324251, 0.0119988694787, 0.00246283505112, 0.00276932143606, 0.000941401405726, 0.00026170592173, 0.000597415317316, 0.000282465451164, 0.000321378087392, 0.000292868295219, 0.000526307150722, 0.000271792436251, 0.000297604565276, 0.00024465797469, 0.000326962006511, 0.000202625626116, 0.000179995055078, 0.000261334353127, 8.82217791514e-05, 9.30410533329e-05, 0.000107093379484, 6.66452397127e-05, 5.28285781911e-05, 5.73588404222e-05, 5.98363512836e-05, 5.58786778129e-05],
        "mean": [0.00130942591932, 0.00195437925868, 0.000487935700221, 0.000334256619681, 0.00077850674279, 0.000892167387065, 0.000434882211266, 0.000402019737521, 0.000195139728021, 6.67920539854e-05, 5.27276242792e-05, 3.27117959387e-05, 3.53799368895e-05, 2.66658371402e-05, 2.53738817264e-05, 6.82555546518e-05, 2.28324097407e-05, 1.68513106473e-05, 1.02075618997e-05, 4.64531603939e-06, 3.59699038199e-06, 3.78174286197e-06, 3.36817811331e-06, 3.27222778651e-06, 4.72809642815e-06, 2.53057964983e-06, 2.20607762458e-06, 1.85046383194e-06, 1.33990442919e-06, 1.21253731322e-06, 8.37678214793e-07, 7.14227439857e-07, 6.16212389559e-07, 5.16529610195e-07, 4.26855223168e-07, 3.66076619684e-07, 3.13944411801e-07, 3.36449005545e-07, 3.57123099093e-07, 3.3038594438e-07],
        "median": [0.000492218008731, 0.000895552278962, 0.000144857287523, 7.74923100835e-05, 0.000101717851066, 0.000105036953755, 3.08724265778e-05, 1.67684975168e-05, 1.61374955496e-05, 8.50324795465e-06, 2.98680606647e-06, 1.70679254552e-06, 1.85829799193e-06, 1.73355408606e-06, 1.27018722651e-06, 7.20014213584e-07, 8.49780406043e-07, 7.13490692306e-07, 5.67810445773e-07, 4.83724534206e-07, 4.27803399816e-07, 3.21408435866e-07, 2.81816284087e-07, 2.77793873238e-07, 2.22960437668e-07, 1.91728602772e-07, 1.89324694588e-07, 1.34990344236e-07, 1.19302200119e-07, 1.10555674837e-07, 7.06369220893e-08, 5.42739542198e-08, 4.60514506528e-08, 3.5980331603e-08, 2.86876638e-08, 2.26763017253e-08, 1.78877979096e-08, 1.44324312501e-08, 1.16696758923e-08, 1.04744035667e-08],
        "min": [6.13493733888e-24, 3.59174168275e-24, 6.05451178631e-24, 8.52035884183e-24, 4.6276986726e-24, 1.24531515207e-23, 1.07451722088e-23, 8.79497710015e-24, 1.27366129098e-23, 6.90883434159e-24, 5.96774339762e-24, 1.44155321638e-23, 8.25832291494e-24, 7.2429524337e-24, 6.79822342091e-24, 9.6519569334e-24, 7.32832138314e-24, 7.72476974194e-24, 1.14337444382e-23, 5.47760045138e-24, 5.19692019143e-24, 9.88143578187e-24, 6.57411947622e-24, 1.12984973915e-23, 9.63626254569e-24, 8.90844843048e-24, 9.25540128951e-24, 1.16356778416e-23, 9.74760710702e-24, 6.32698039867e-24, 6.40457394059e-24, 5.70767883413e-24, 9.01501880561e-24, 7.97124065431e-24, 7.70391304847e-24, 8.86784891513e-24, 8.44851885691e-24, 8.7002538381e-24, 9.32272741233e-24, 8.43140057527e-24],
        "var": [4.87688248541e-06, 1.08848798845e-05, 9.62178091868e-07, 7.92958360307e-07, 3.23443100569e-06, 3.29553995471e-06, 2.00543104256e-06, 2.25699091061e-06, 4.97114228892e-07, 3.31409246712e-08, 3.35179919375e-08, 2.63968011893e-08, 1.93065812226e-08, 1.24794476974e-08, 9.4752792279e-09, 3.26117657323e-07, 9.53773859891e-09, 1.20358709665e-08, 2.47991782665e-09, 2.39491509957e-10, 1.66832617166e-10, 1.82859991038e-10, 1.40222541911e-10, 1.48459675109e-10, 3.96070315434e-10, 8.78695935458e-11, 9.31941676607e-11, 6.80365486172e-11, 5.11969251715e-11, 2.95468337297e-11, 2.5800047862e-11, 1.95787639573e-11, 1.08671604701e-11, 9.11747934096e-12, 7.13023043386e-12, 4.02164803195e-12, 2.7716349181e-12, 3.10628649539e-12, 3.75603931638e-12, 3.29923414977e-12]
    },
    "mfcc": {
        "mean": [-782.211120605, 144.157501221, 30.7510643005, 34.9444694519, 7.91972351074, 5.00657463074, 0.31671795249, -1.81251573563, -1.51242005825, 2.77738690376, 2.80286312103, 3.67052698135, 2.84732174873],
        "cov": [[15720.1699219, 700.26373291, -1991.1932373, -524.419006348, -701.838928223, -340.390930176, -136.954391479, -180.265625, -252.962158203, 17.0794372559, 63.3722000122, -72.4651184082, -183.820861816], [700.26373291, 2423.60620117, 352.08102417, -13.5256261826, -98.895614624, -122.163101196, -189.78717041, -92.3391876221, -53.8262710571, -20.3275623322, 11.6202831268, 71.895866394, 45.8177032471], [-1991.1932373, 352.08102417, 1257.99023438, 374.000579834, 277.886627197, 137.098236084, 54.4344291687, 9.58154010773, 62.1984519958, -61.7704772949, -77.5964813232, -38.0050239563, 57.5122489929], [-524.419006348, -13.5256261826, 374.000579834, 413.924530029, 240.594726562, 168.623764038, 125.578941345, 68.1886444092, 39.7442321777, 11.1943254471, -13.0220403671, -17.3558807373, -2.45886731148], [-701.838928223, -98.895614624, 277.886627197, 240.594726562, 308.744934082, 212.777572632, 158.925735474, 99.2129669189, 53.2068481445, 14.4193220139, -10.4938850403, -31.8809642792, -26.382932663], [-340.390930176, -122.163101196, 137.098236084, 168.623764038, 212.777572632, 258.19833374, 200.457138062, 110.822982788, 45.1590270996, 33.696598053, 5.08532428741, -40.8569793701, -51.2446899414], [-136.954391479, -189.78717041, 54.4344291687, 125.578941345, 158.925735474, 200.457138062, 248.778900146, 147.02381897, 51.4112701416, 49.2521209717, 18.0929832458, -37.896396637, -55.4262886047], [-180.265625, -92.3391876221, 9.58154010773, 68.1886444092, 99.2129669189, 110.822982788, 147.02381897, 177.785247803, 97.3007659912, 45.0899772644, 10.2292613983, -16.2862167358, -20.2969455719], [-252.962158203, -53.8262710571, 62.1984519958, 39.7442321777, 53.2068481445, 45.1590270996, 51.4112701416, 97.3007659912, 161.236663818, 75.5829925537, 19.1928329468, 10.5940475464, 18.7106933594], [17.0794372559, -20.3275623322, -61.7704772949, 11.1943254471, 14.4193220139, 33.696598053, 49.2521209717, 45.0899772644, 75.5829925537, 155.170516968, 89.7688217163, 12.3057632446, -21.1951179504], [63.3722000122, 11.6202831268, -77.5964813232, -13.0220403671, -10.4938850403, 5.08532428741, 18.0929832458, 10.2292613983, 19.1928329468, 89.7688217163, 138.057556152, 67.9278564453, -3.66780638695], [-72.4651184082, 71.895866394, -38.0050239563, -17.3558807373, -31.8809642792, -40.8569793701, -37.896396637, -16.2862167358, 10.5940475464, 12.3057632446, 67.9278564453, 134.918197632, 87.9244384766], [-183.820861816, 45.8177032471, 57.5122489929, -2.45886731148, -26.382932663, -51.2446899414, -55.4262886047, -20.2969455719, 18.7106933594, -21.1951179504, -3.66780638695, 87.9244384766, 178.296264648]],
