{
"lowlevel": {
    "average_loudness": 0.0317986682057,
    "barkbands_crest": {
        "dmean": 2.00847530365,
        "dmean2": 3.15844678879,
        "dvar": 4.511906147,
        "dvar2": 11.137887001,
        "max": 26.8126773834,
        "mean": 14.1558647156,
        "median": 13.2824935913,
        "min": 3.35512948036,
        "var": 26.601852417
    },
    "barkbands_flatness_db": {
        "dmean": 0.019512174651,
        "dmean2": 0.0276033561677,
        "dvar": 0.000478486297652,
        "dvar2": 0.000883553584572,
        "max": 0.593372702599,
        "mean": 0.246790587902,
        "median": 0.240310579538,
        "min": 0.0292812995613,
        "var": 0.00614575482905
    },
    "barkbands_kurtosis": {
        "dmean": 11.6999378204,
        "dmean2": 17.7533798218,
        "dvar": 2914.65234375,
        "dvar2": 6409.65429688,
        "max": 4676.14257812,
        "mean": 33.0566062927,
        "median": 11.5625267029,
        "min": -1.84652745724,
        "var": 19049.1171875
    },
    "barkbands_skewness": {
        "dmean": 0.686458349228,
        "dmean2": 1.01683604717,
        "dvar": 1.09353148937,
        "dvar2": 2.4118616581,
        "max": 52.2875976562,
        "mean": 2.8880648613,
        "median": 2.28467488289,
        "min": -2.54398083687,
        "var": 10.3743019104
    },
    "barkbands_spread": {
        "dmean": 2.01677203178,
        "dmean2": 2.88927149773,
        "dvar": 17.3041706085,
        "dvar2": 35.5863571167,
        "max": 137.679962158,
        "mean": 8.11206150055,
        "median": 4.70540380478,
        "min": 0.0424985513091,
        "var": 97.4184646606
    },
    "dissonance": {
        "dmean": 0.028341928497,
        "dmean2": 0.0467371344566,
        "dvar": 0.000792432052549,
        "dvar2": 0.00207579112612,
        "max": 0.500000178814,
        "mean": 0.41311147809,
        "median": 0.423939883709,
        "min": 0.156624138355,
        "var": 0.00307554122992
    },
    "dynamic_complexity": 7.39885091782,
    "erbbands_crest": {
        "dmean": 2.27033567429,
        "dmean2": 3.54488945007,
        "dvar": 5.56432104111,
        "dvar2": 13.4577884674,
        "max": 32.5809555054,
        "mean": 13.9716882706,
        "median": 13.3413171768,
        "min": 1.96101891994,
        "var": 29.8573913574
    },
    "erbbands_flatness_db": {
        "dmean": 0.015918686986,
        "dmean2": 0.0226990040392,
        "dvar": 0.000317021826049,
        "dvar2": 0.000591167714447,
        "max": 0.454982221127,
        "mean": 0.215336635709,
        "median": 0.213835060596,
        "min": 0.0181465987116,
        "var": 0.00375221064314
    },
    "erbbands_kurtosis": {
        "dmean": 2.87199497223,
        "dmean2": 4.30467700958,
        "dvar": 23.4248771667,
        "dvar2": 48.3841552734,
        "max": 176.253799438,
        "mean": 8.02634334564,
        "median": 4.95186376572,
        "min": -1.86094546318,
        "var": 124.910423279
    },
    "erbbands_skewness": {
        "dmean": 0.423281759024,
        "dmean2": 0.61793255806,
        "dvar": 0.228267088532,
        "dvar2": 0.45594009757,
        "max": 10.2534646988,
        "mean": 1.78276145458,
        "median": 1.73089265823,
        "min": -3.39097118378,
        "var": 1.87112164497
    },
    "erbbands_spread": {
        "dmean": 5.41258907318,
        "dmean2": 7.85986232758,
        "dvar": 73.8719100952,
        "dvar2": 141.073547363,
        "max": 141.603637695,
        "mean": 23.6449565887,
        "median": 18.4917488098,
        "min": 0.933403909206,
        "var": 374.417785645
    },
    "hfc": {
        "dmean": 2.1922750473,
        "dmean2": 2.24506163597,
        "dvar": 83.0386886597,
        "dvar2": 90.5279922485,
        "max": 655.184753418,
        "mean": 8.14699077606,
        "median": 1.06767892838,
        "min": 1.0899297034e-16,
        "var": 945.731872559
    },
    "melbands_crest": {
        "dmean": 2.30176997185,
        "dmean2": 3.56338310242,
        "dvar": 5.88319253922,
        "dvar2": 13.8215265274,
        "max": 34.1232719421,
        "mean": 16.9089050293,
        "median": 16.4108428955,
        "min": 1.61480164528,
        "var": 30.8436546326
    },
    "melbands_flatness_db": {
        "dmean": 0.022050909698,
        "dmean2": 0.0301348306239,
        "dvar": 0.000657716533169,
        "dvar2": 0.00112778530456,
        "max": 0.729445576668,
        "mean": 0.338772118092,
        "median": 0.334870219231,
        "min": 0.00378343672492,
        "var": 0.0110469870269
    },
    "melbands_kurtosis": {
        "dmean": 10.326543808,
        "dmean2": 15.5827255249,
        "dvar": 640.712890625,
        "dvar2": 1340.8425293,
        "max": 735.519592285,
        "mean": 27.1698493958,
        "median": 12.875289917,
        "min": -1.78486847878,
        "var": 2586.57910156
    },
    "melbands_skewness": {
        "dmean": 0.66888999939,
        "dmean2": 0.989419817924,
        "dvar": 0.858882963657,
        "dvar2": 1.76947104931,
        "max": 19.263874054,
        "mean": 2.65607881546,
        "median": 2.26058149338,
        "min": -2.11979389191,
        "var": 4.80060911179
    },
    "melbands_spread": {
        "dmean": 2.14983010292,
        "dmean2": 3.08491301537,
        "dvar": 25.1282920837,
        "dvar2": 51.3811569214,
        "max": 174.492904663,
        "mean": 9.25981235504,
        "median": 5.02009105682,
        "min": 0.240368008614,
        "var": 237.31590271
    },
    "pitch_salience": {
        "dmean": 0.0558820515871,
        "dmean2": 0.0873009264469,
        "dvar": 0.00341725139879,
        "dvar2": 0.00805195700377,
        "max": 0.848405897617,
        "mean": 0.498431921005,
        "median": 0.510741591454,
        "min": 0.0256032608449,
        "var": 0.0221223141998
    },
    "silence_rate_20dB": {
        "dmean": 0.000310824456392,
        "dmean2": 0.000621697225142,
        "dvar": 0.000310685980367,
        "dvar2": 0.000776567496359,
        "max": 1,
        "mean": 0.999766886234,
        "median": 1,
        "min": 0,
        "var": 0.000233022321481
    },
    "silence_rate_30dB": {
        "dmean": 0.00559484027326,
        "dmean2": 0.0111905504018,
        "dvar": 0.00556313991547,
        "dvar2": 0.0121519453824,
        "max": 1,
        "mean": 0.986791014671,
        "median": 1,
        "min": 0,
        "var": 0.0130322733894
    },
    "silence_rate_60dB": {
        "dmean": 0.0581241734326,
        "dmean2": 0.116257384419,
        "dvar": 0.0547414049506,
        "dvar2": 0.113158233464,
        "max": 1,
        "mean": 0.449883460999,
        "median": 0,
        "min": 0,
        "var": 0.247502967715
    },
    "spectral_centroid": {
        "dmean": 111.397590637,
        "dmean2": 154.272323608,
        "dvar": 44228.4257812,
        "dvar2": 77807.2421875,
        "max": 11691.4375,
        "mean": 743.631225586,
        "median": 451.366271973,
        "min": 78.3194274902,
        "var": 1156783.125
    },
    "spectral_complexity": {
        "dmean": 1.00116562843,
        "dmean2": 1.57118427753,
        "dvar": 2.62237739563,
        "dvar2": 4.59147500992,
        "max": 47,
        "mean": 6.12152290344,
        "median": 5,
        "min": 0,
        "var": 26.7535457611
    },
    "spectral_decrease": {
        "dmean": 7.6079459399e-10,
        "dmean2": 9.25544918484e-10,
        "dvar": 2.85092264892e-18,
        "dvar2": 4.38638203764e-18,
        "max": 1.8595197873e-28,
        "mean": -3.01511082768e-09,
        "median": -9.97035121131e-10,
        "min": -7.88084832948e-08,
        "var": 3.02123649006e-17
    },
    "spectral_energy": {
        "dmean": 0.00304871681146,
        "dmean2": 0.00366780953482,
        "dvar": 4.85826567456e-05,
        "dvar2": 7.14097259333e-05,
        "max": 0.356578916311,
        "mean": 0.0121186776087,
        "median": 0.00387686653994,
        "min": 9.71124660201e-21,
        "var": 0.000532418780494
    },
    "spectral_energyband_high": {
        "dmean": 3.57157005055e-05,
        "dmean2": 3.92999718315e-05,
        "dvar": 4.86835780578e-08,
        "dvar2": 5.17238909481e-08,
        "max": 0.0165438018739,
        "mean": 0.000103935955849,
        "median": 4.09406356994e-06,
        "min": 7.12044341428e-21,
        "var": 4.86110366182e-07
    },
    "spectral_energyband_low": {
        "dmean": 0.00106170692015,
        "dmean2": 0.00136609328911,
        "dvar": 1.3118023162e-05,
        "dvar2": 2.41925081355e-05,
        "max": 0.123847648501,
        "mean": 0.00360483210534,
        "median": 0.000541573856026,
        "min": 1.42472318451e-23,
        "var": 9.20700840652e-05
    },
    "spectral_energyband_middle_high": {
        "dmean": 0.000663839629851,
        "dmean2": 0.000680220196955,
        "dvar": 9.39970868785e-06,
        "dvar2": 1.11249446491e-05,
        "max": 0.201912224293,
        "mean": 0.00229238253087,
        "median": 3.83036822313e-05,
        "min": 1.20719255584e-21,
        "var": 0.000101494195405
    },
    "spectral_energyband_middle_low": {
        "dmean": 0.00181842828169,
        "dmean2": 0.00235637859441,
        "dvar": 1.79819890036e-05,
        "dvar2": 3.20557373925e-05,
        "max": 0.163965165615,
        "mean": 0.00626234337687,
        "median": 0.00201512826607,
        "min": 1.30502546972e-22,
        "var": 0.000149106024764
    },
    "spectral_entropy": {
        "dmean": 0.183395653963,
        "dmean2": 0.258749365807,
        "dvar": 0.0436447001994,
        "dvar2": 0.0761976838112,
        "max": 9.82148075104,
        "mean": 6.48811388016,
        "median": 6.51788902283,
        "min": 4.12360095978,
        "var": 0.536489844322
    },
    "spectral_flux": {
        "dmean": 0.0104532605037,
        "dmean2": 0.0164142679423,
        "dvar": 0.000311923649861,
        "dvar2": 0.000739287293982,
        "max": 0.443831801414,
        "mean": 0.0272113550454,
        "median": 0.0162864476442,
        "min": 6.27413745957e-11,
        "var": 0.00109411322046
    },
    "spectral_kurtosis": {
        "dmean": 3.77920627594,
        "dmean2": 6.07103729248,
        "dvar": 29.1543827057,
        "dvar2": 66.433303833,
        "max": 159.103912354,
        "mean": 14.7701101303,
        "median": 8.36999130249,
        "min": -1.26650595665,
        "var": 297.51184082
    },
    "spectral_rms": {
        "dmean": 0.000364137784345,
        "dmean2": 0.000445944984676,
        "dvar": 3.32288749405e-07,
        "dvar2": 5.10501649842e-07,
        "max": 0.0186515916139,
        "mean": 0.002622340573,
        "median": 0.00194481573999,
        "min": 3.07804910032e-12,
        "var": 4.94642290505e-06
    },
    "spectral_rolloff": {
        "dmean": 141.269943237,
        "dmean2": 228.843063354,
        "dvar": 365554.875,
        "dvar2": 870465.1875,
        "max": 19573.6816406,
        "mean": 794.41986084,
        "median": 430.6640625,
        "min": 21.533203125,
        "var": 3711164.5
    },
    "spectral_skewness": {
        "dmean": 0.359498083591,
        "dmean2": 0.548953771591,
        "dvar": 0.160165071487,
        "dvar2": 0.319186329842,
        "max": 10.8256616592,
        "mean": 2.77907991409,
        "median": 2.26819205284,
        "min": -0.0906057059765,
        "var": 2.56463837624
    },
    "spectral_spread": {
        "dmean": 399549.5,
        "dmean2": 618469.25,
        "dvar": 396453019648,
        "dvar2": 815057141760,
        "max": 42098980,
        "mean": 4088758.25,
        "median": 3499999.5,
        "min": 679718.0625,
        "var": 1.33931749868e+13
    },
    "spectral_strongpeak": {
        "dmean": 0.184139937162,
        "dmean2": 0.28072693944,
        "dvar": 0.229320630431,
        "dvar2": 0.508015692234,
        "max": 17.1822147369,
        "mean": 0.612351596355,
        "median": 0.326898336411,
        "min": 0,
        "var": 0.858451008797
    },
    "zerocrossingrate": {
        "dmean": 0.00479444442317,
        "dmean2": 0.005849015899,
        "dvar": 7.33134729671e-05,
        "dvar2": 0.000112927737064,
        "max": 0.52197265625,
        "mean": 0.032218631357,
        "median": 0.02197265625,
        "min": 0.00244140625,
        "var": 0.00248788692988
    },
    "barkbands": {
        "dmean": [5.2802170103e-06, 0.000846705108415, 0.000255320570432, 0.000104631682916, 0.000460127659608, 0.000894726137631, 0.000298857747111, 0.000452735112049, 0.00012674194295, 8.72038217494e-05, 7.08880179445e-05, 0.00014379392087, 9.3445807579e-05, 4.94403866469e-05, 7.08505613147e-05, 6.95420822012e-05, 7.23099365132e-05, 0.000104134349385, 0.000162356023793, 5.20868306921e-05, 1.11744302558e-05, 9.64947139437e-06, 5.56800887352e-06, 1.80463871402e-06, 1.82706241958e-06, 9.06744617168e-07, 4.67005975224e-07],
        "dmean2": [8.65448782861e-06, 0.00108764274046, 0.000369985908037, 0.000153870860231, 0.00066046230495, 0.00127401447389, 0.000408554216847, 0.000517530890647, 0.000171377309016, 0.000107414729428, 8.74670004123e-05, 0.000176121742697, 0.000117268413305, 6.6068409069e-05, 8.60909349285e-05, 8.33050944493e-05, 9.00621525943e-05, 0.000133204099257, 0.000192832216271, 6.40842918074e-05, 1.40203655974e-05, 1.1654359696e-05, 7.10908307155e-06, 2.32635852626e-06, 2.37874655795e-06, 1.19963124234e-06, 7.39937433991e-07],
        "dvar": [3.01805969105e-10, 1.04190112324e-05, 1.0959768133e-06, 9.9820624655e-08, 1.36248536364e-06, 7.0033247539e-06, 1.62540629844e-06, 5.91267462369e-06, 1.4056558939e-06, 5.4153366591e-07, 1.44815516023e-07, 6.99138354321e-07, 4.80644700929e-07, 3.54730531171e-07, 1.46466732076e-07, 1.65560336995e-07, 1.28589746851e-07, 4.74108247772e-07, 9.94093852569e-07, 1.43250773021e-07, 7.77477549008e-09, 3.51457951631e-09, 1.99858218863e-09, 2.34868041682e-10, 3.31627780792e-10, 6.39871072794e-11, 1.5640651968e-11],
        "dvar2": [7.27990334681e-10, 1.91374001588e-05, 2.36784921981e-06, 2.11611080658e-07, 3.03596402773e-06, 1.66759891727e-05, 2.85896931018e-06, 6.90634533385e-06, 3.36073844664e-06, 9.66646780398e-07, 2.20043233412e-07, 1.20601555409e-06, 7.1902570653e-07, 5.91164223351e-07, 2.14570846424e-07, 2.14172317214e-07, 2.02481587053e-07, 9.44616374454e-07, 1.59145588441e-06, 2.0618590213e-07, 1.07769135838e-08, 5.32594057745e-09, 3.76335540508e-09, 3.81599085664e-10, 4.66743255156e-10, 1.07520707615e-10, 3.26979797405e-11],
        "max": [0.000625483109616, 0.122563645244, 0.0319908075035, 0.00885100942105, 0.0389048866928, 0.0708875879645, 0.0856046229601, 0.123738147318, 0.123504191637, 0.0659678354859, 0.0162101611495, 0.0484345033765, 0.0372834503651, 0.0583971850574, 0.0139933004975, 0.0271246377379, 0.0160486847162, 0.0411852002144, 0.0684169530869, 0.0259179286659, 0.00610959669575, 0.00298648932949, 0.00298237195238, 0.0017300149193, 0.0023477380164, 0.000950084649958, 0.000362492370186],
        "mean": [1.36601656777e-05, 0.00296427472495, 0.000518331653439, 0.000246877025347, 0.00115835946053, 0.0025492515415, 0.000805121730082, 0.0011631246889, 0.000271249271464, 0.000221759808483, 0.000168767830473, 0.000330901268171, 0.000191324099433, 0.000111079672934, 0.000158577924594, 0.00015973331756, 0.000190836100955, 0.000249465054367, 0.000449925719295, 0.000121961413242, 2.59399530478e-05, 2.28883800446e-05, 1.36010248752e-05, 4.24956533607e-06, 4.6085269787e-06, 2.13030443774e-06, 6.50818549275e-07],
        "median": [1.4390037677e-06, 0.000247098243563, 0.000105876810267, 4.70516024507e-05, 0.000300845887978, 0.000403286132496, 0.000109413929749, 3.58035722456e-05, 2.56340572378e-05, 5.98805900154e-06, 2.59060652752e-06, 2.78435436485e-06, 1.94828862732e-06, 1.35250206768e-06, 9.62962076301e-07, 7.98017026682e-07, 1.05819390228e-06, 1.76760158865e-06, 3.23199128616e-06, 1.86802208191e-06, 6.12216012996e-07, 5.70835140934e-07, 3.37171968567e-07, 3.75269735287e-07, 4.7965312433e-07, 2.53877601608e-07, 4.08835632015e-08],
        "min": [3.96111958934e-25, 2.2417906397e-24, 1.56345841641e-24, 9.71357466149e-25, 5.5985489998e-24, 7.26407339557e-24, 8.99972279266e-24, 6.2702770768e-24, 8.91075348204e-24, 2.03929458128e-23, 1.26378861787e-23, 2.48878768285e-23, 1.89611443371e-23, 4.77881239429e-23, 6.32649280374e-23, 4.42969695197e-23, 7.12418011586e-23, 7.07697846582e-23, 8.24621042906e-23, 1.21030119792e-22, 1.90082863493e-22, 3.38109469536e-22, 4.5131310465e-22, 5.27864267866e-22, 7.96738104189e-22, 1.34267650068e-21, 1.85688335222e-21],
        "var": [1.28773736119e-09, 8.0855723354e-05, 2.56376529251e-06, 4.59250856011e-07, 7.16651948096e-06, 3.79039774998e-05, 9.93164485408e-06, 4.18685085606e-05, 3.13894611281e-06, 2.70451232609e-06, 8.13779479358e-07, 3.55753627446e-06, 1.87034095234e-06, 2.21180971494e-06, 6.28065777164e-07, 7.10587698904e-07, 7.17878265277e-07, 1.51690915118e-06, 7.13001418262e-06, 6.78005562804e-07, 4.68853578184e-08, 1.8213413e-08, 1.1312147663e-08, 1.69117297943e-09, 2.88646528901e-09, 6.03614436212e-10, 6.39395064672e-11]
    },
    "erbbands": {
        "dmean": [0.018322294578, 0.211846768856, 0.32869207859, 0.291322678328, 0.678006291389, 1.46607244015, 5.58869743347, 7.36555147171, 4.96642255783, 5.21768379211, 9.2709569931, 3.03610777855, 2.55025482178, 2.45349264145, 3.49160337448, 5.89260101318, 4.29078197479, 2.51996660233, 2.11407661438, 4.67797422409, 3.41009140015, 3.80440735817, 4.75175714493, 7.98308515549, 6.51047563553, 2.32812428474, 0.579807817936, 0.355348318815, 0.350619584322, 0.278216153383, 0.136857360601, 0.0404026657343, 0.0335964486003, 0.019848998636, 0.0137509480119, 0.00560220936313, 0.00138261076063, 0.00046054602717, 8.52370212669e-05, 7.88079069025e-06],
        "dmean2": [0.0215568263084, 0.279496043921, 0.480215281248, 0.411796212196, 1.01160740852, 2.13740420341, 7.9880657196, 10.3892650604, 6.92608118057, 6.08463335037, 10.7410259247, 3.97238540649, 3.47049355507, 2.96653318405, 4.38450193405, 7.00523090363, 5.26860904694, 3.32429099083, 2.66091489792, 5.4583325386, 4.02516317368, 4.6326417923, 5.76834964752, 9.43582820892, 7.64141082764, 2.80873894691, 0.711641907692, 0.468122690916, 0.428181499243, 0.336528301239, 0.177284508944, 0.0501152612269, 0.0442229881883, 0.0268491506577, 0.0184642095119, 0.00693440856412, 0.0019207856385, 0.000663908605929, 0.000131680993945, 1.10689616122e-05],
        "dvar": [0.00517956679687, 0.645423173904, 1.55332541466, 0.760524451733, 3.16146540642, 12.8507480621, 283.704162598, 531.216674805, 467.286071777, 819.389160156, 2185.14697266, 260.051086426, 1127.08093262, 114.579154968, 288.068054199, 1269.21606445, 892.667114258, 1093.16101074, 106.091888428, 704.954223633, 324.48828125, 397.749603271, 661.634338379, 2193.76806641, 1597.75463867, 250.763244629, 18.7794647217, 8.52425861359, 4.8315372467, 3.0231730938, 1.56490647793, 0.10509993881, 0.0768207386136, 0.0198893323541, 0.0298994593322, 0.00342816766351, 0.000111972127343, 2.15782347368e-05, 5.69447081489e-07, 2.15794759839e-09],
        "dvar2": [0.00710653839633, 1.26125478745, 3.30135202408, 1.63528203964, 6.83751869202, 28.4730491638, 671.567016602, 1204.09765625, 851.615966797, 858.55657959, 2782.84985352, 588.303894043, 2477.91748047, 187.271392822, 505.118835449, 2112.99462891, 1247.72180176, 1866.81018066, 182.220901489, 921.025085449, 482.474700928, 613.550109863, 982.70098877, 3062.6003418, 2275.57592773, 417.122589111, 26.0741767883, 14.2798233032, 7.37887716293, 4.66167259216, 2.82020044327, 0.120785705745, 0.146917700768, 0.0309129431844, 0.0433616228402, 0.00498883193359, 0.00019246606098, 4.6334698709e-05, 1.14695421871e-06, 4.37978764367e-09],
        "max": [2.99136734009, 29.7254753113, 31.4247055054, 26.8869037628, 56.6726951599, 161.189544678, 383.538360596, 917.450805664, 1711.05786133, 2307.99267578, 2306.22094727, 1247.64489746, 3532.73046875, 510.599700928, 730.104309082, 1933.05639648, 1794.83789062, 3302.45458984, 583.454772949, 1217.64648438, 1298.12744141, 1181.5291748, 2076.11474609, 3529.58300781, 3292.8828125, 1021.78759766, 345.922943115, 246.987564087, 112.70350647, 86.2705383301, 105.454170227, 41.3820075989, 24.9014930725, 15.4390010834, 19.4521827698, 8.32591438293, 1.19284415245, 0.465990781784, 0.0656640529633, 0.00383449438959],
        "mean": [0.0732633396983, 0.705384850502, 0.778288304806, 0.711747407913, 1.53539133072, 3.67521190643, 14.7817878723, 21.6916427612, 14.0675544739, 13.7787542343, 23.5920848846, 7.20603990555, 5.98965358734, 6.76571750641, 8.51980113983, 14.0783071518, 9.54516410828, 6.271007061, 5.16221284866, 11.0844974518, 8.8829240799, 10.3841648102, 12.8958997726, 22.0975818634, 18.039270401, 5.92589902878, 1.4911929369, 0.863176226616, 0.83334082365, 0.668766438961, 0.34192070365, 0.104554899037, 0.0732016637921, 0.0454743020236, 0.0361667238176, 0.0131751485169, 0.0030048515182, 0.000826319446787, 0.00011416493362, 2.01761358767e-05],
        "median": [0.00398357771337, 0.061409059912, 0.15839651227, 0.179203599691, 0.4355250597, 1.03627896309, 2.13476276398, 3.41734695435, 2.70008659363, 1.55807042122, 1.12412023544, 0.917966246605, 0.306850194931, 0.266431748867, 0.164340734482, 0.125101625919, 0.108242452145, 0.0670261085033, 0.0633764788508, 0.0580377876759, 0.0442425906658, 0.0622454322875, 0.0928327590227, 0.146156132221, 0.156990975142, 0.0843195766211, 0.033061221242, 0.0225309319794, 0.0202304199338, 0.0146424081177, 0.00892634503543, 0.00669167097658, 0.00682484079152, 0.00512279663235, 0.00353248673491, 0.0011923952261, 0.000452565524029, 0.000126181112137, 7.60933016863e-06, 5.2565101214e-06],
        "min": [1.27430369197e-22, 5.12483373481e-22, 2.2141062273e-21, 6.03933087447e-21, 9.8376081341e-21, 1.10788588823e-20, 4.16790008907e-20, 7.26433245118e-20, 1.21732409663e-19, 9.95476582785e-20, 1.19668542335e-19, 2.51881950745e-19, 6.50627647899e-19, 4.19266574736e-19, 1.06172695146e-18, 1.26809197068e-18, 1.44782043001e-18, 1.74377365906e-18, 2.45191078055e-18, 3.55302197232e-18, 4.08930880604e-18, 4.44025589735e-18, 4.86094051815e-18, 3.75723466759e-18, 7.50018475318e-18, 6.6177873532e-18, 6.57710040682e-18, 8.34820369973e-18, 1.15355423581e-17, 1.22389023048e-17, 1.19412496332e-17, 9.45998407383e-18, 1.03103480774e-17, 8.08950379033e-18, 6.33145133954e-18, 3.73464643301e-18, 2.44791922051e-18, 9.82962399942e-19, 2.08687031521e-19, 2.60615853564e-20],
        "var": [0.0554075315595, 4.50536108017, 3.89455652237, 2.79404902458, 10.4099369049, 74.0617980957, 1302.46899414, 3209.64013672, 2665.06518555, 6053.47070312, 13900.9931641, 905.5, 5187.91845703, 667.691162109, 1517.15551758, 6824.92724609, 3733.51074219, 6862.74511719, 553.246154785, 3265.99658203, 1722.74951172, 2147.79003906, 3409.04077148, 15610.4980469, 11841.6240234, 1351.35913086, 123.032585144, 46.8686180115, 25.1469993591, 14.8474092484, 10.1029729843, 1.07400739193, 0.413911342621, 0.132300779223, 0.262935370207, 0.0342033319175, 0.000828683900181, 9.47542066569e-05, 1.85838871403e-06, 9.70773061937e-09]
    },
    "gfcc": {
        "mean": [-177.428085327, 120.875679016, -71.0346450806, 17.177444458, -58.7247962952, -13.2059850693, -36.9346809387, 8.2775888443, -23.6884078979, 6.57968425751, -6.66108608246, 4.03146266937, -10.1770849228],
        "cov": [[18404.4550781, 717.320373535, -4395.77832031, 1043.17456055, -440.060760498, -386.772094727, -342.477630615, 355.748687744, -288.956817627, -314.862640381, 347.463897705, 213.364929199, 43.9166717529], [717.320373535, 1358.5690918, 436.202697754, -396.908691406, -7.66365098953, 60.1487731934, 39.0065765381, -19.5125904083, 80.7251052856, 76.4550552368, -18.4507255554, -16.9426002502, 25.0361194611], [-4395.77832031, 436.202697754, 2550.62646484, -63.7186355591, 208.591201782, 337.798553467, 238.202438354, -24.6777763367, 116.56539917, 230.629318237, -145.395629883, -114.578933716, -44.100479126], [1043.17456055, -396.908691406, -63.7186355591, 1132.47314453, 296.439361572, 76.6162567139, 169.44430542, 229.683258057, -63.8990592957, -73.6286697388, 60.6777610779, -13.8328819275, -40.0542564392], [-440.060760498, -7.66365098953, 208.591201782, 296.439361572, 379.142150879, 173.112243652, 158.835769653, 79.287940979, 59.7849807739, -1.64813959599, 28.0508975983, 2.35652518272, 1.48588967323], [-386.772094727, 60.1487731934, 337.798553467, 76.6162567139, 173.112243652, 271.444641113, 137.288879395, 33.0440139771, 60.3430709839, 58.0822715759, -11.7263698578, -0.869922339916, 9.56414222717], [-342.477630615, 39.0065765381, 238.202438354, 169.44430542, 158.835769653, 137.288879395, 205.843292236, 101.651756287, 66.1792068481, 24.5161151886, 21.7576160431, 0.689374148846, 10.1584653854], [355.748687744, -19.5125904083, -24.6777763367, 229.683258057, 79.287940979, 33.0440139771, 101.651756287, 163.825134277, 42.0416717529, 5.44987821579, 30.4409160614, -0.38948982954, -6.35673522949], [-288.956817627, 80.7251052856, 116.56539917, -63.8990592957, 59.7849807739, 60.3430709839, 66.1792068481, 42.0416717529, 135.005493164, 67.8923950195, 24.0596199036, 12.4160652161, 23.78099823], [-314.862640381, 76.4550552368, 230.629318237, -73.6286697388, -1.64813959599, 58.0822715759, 24.5161151886, 5.44987821579, 67.8923950195, 121.244728088, 31.8585109711, 14.0963983536, 2.89492273331], [347.463897705, -18.4507255554, -145.395629883, 60.6777610779, 28.0508975983, -11.7263698578, 21.7576160431, 30.4409160614, 24.0596199036, 31.8585109711, 116.149986267, 55.1090278625, 27.5254325867], [213.364929199, -16.9426002502, -114.578933716, -13.8328819275, 2.35652518272, -0.869922339916, 0.689374148846, -0.38948982954, 12.4160652161, 14.0963983536, 55.1090278625, 80.5590667725, 49.9477081299], [43.9166717529, 25.0361194611, -44.100479126, -40.0542564392, 1.48588967323, 9.56414222717, 10.1584653854, -6.35673522949, 23.78099823, 2.89492273331, 27.5254325867, 49.9477081299, 100.29095459]],
        "icov": [[0.000169402366737, -0.000274123158306, 0.000317409721902, -0.000282320019323, 0.00031025800854, -0.00033406901639, 0.000265405658865, -0.000217850581976, 0.000121804223454, -8.0153127783e-05, -7.10349704605e-05, -0.000109753142169, 5.52286510356e-05], [-0.000274123158306, 0.00135417468846, -0.000643056933768, 0.000914178264793, -0.000657813972794, 0.000542189809494, -0.0004813275591, -8.25359820738e-05, -0.00010179070523, 7.15406131349e-05, -0.000114719339763, 0.000598361541051, -0.000378557044314], [0.000317409721902, -0.000643056933768, 0.0013840906322, -0.000609162962064, 0.000253316073213, -0.000517408829182, -0.000530965335201, 0.000255310034845, 0.000770705752075, -0.00221907650121, 0.0012028333731, 0.000425761303632, -0.000158438415383], [-0.000282320019323, 0.000914178264793, -0.000609162962064, 0.00260902219452, -0.00185948435683, 0.000597701699007, -0.000515818770509, -0.00233515212312, 0.00210536154918, 0.000264951551799, -0.000789524754509, 0.000849571253639, -0.000168959697476], [0.00031025800854, -0.000657813972794, 0.000253316073213, -0.00185948435683, 0.00664838869125, -0.00349771790206, -0.000664118735585, 0.000923501269426, -0.003077424597, 0.00382239208557, -0.00225607678294, -0.000593529606704, 0.00129213172477], [-0.00033406901639, 0.000542189809494, -0.000517408829182, 0.000597701699007, -0.00349771790206, 0.00912449881434, -0.0050233383663, 0.00195683445781, 0.000964994251262, -0.00484257517383, 0.00410139421001, -0.000916940509342, -0.000921380415093], [0.000265405658865, -0.0004813275591, -0.000530965335201, -0.000515818770509, -0.000664118735585, -0.0050233383663, 0.0141874356195, -0.00634324830025, -0.0026322978083, 0.00377045269124, -0.00317103113048, 0.000475158944027, -0.000636762415525], [-0.000217850581976, -8.25359820738e-05, 0.000255310034845, -0.00233515212312, 0.000923501269426, 0.00195683445781, -0.00634324830025, 0.014181512408, -0.00450881524011, -0.00027845511795, 9.46698855842e-05, 0.000392202666262, 0.00149258796591], [0.000121804223454, -0.00010179070523, 0.000770705752075, 0.00210536154918, -0.003077424597, 0.000964994251262, -0.0026322978083, -0.00450881524011, 0.0166902448982, -0.00934464577585, 0.00111531594303, 0.00190605118405, -0.00385700375773], [-8.0153127783e-05, 7.15406131349e-05, -0.00221907650121, 0.000264951551799, 0.00382239208557, -0.00484257517383, 0.00377045269124, -0.00027845511795, -0.00934464577585, 0.0216638687998, -0.00873867608607, -0.00202770065516, 0.00415159063414], [-7.10349704605e-05, -0.000114719339763, 0.0012028333731, -0.000789524754509, -0.00225607678294, 0.00410139421001, -0.00317103113048, 9.46698855842e-05, 0.00111531594303, -0.00873867608607, 0.0190570726991, -0.00969652924687, -0.000170566549059], [-0.000109753142169, 0.000598361541051, 0.000425761303632, 0.000849571253639, -0.000593529606704, -0.000916940509342, 0.000475158944027, 0.000392202666262, 0.00190605118405, -0.00202770065516, -0.00969652924687, 0.0268596485257, -0.0106108468026], [5.52286510356e-05, -0.000378557044314, -0.000158438415383, -0.000168959697476, 0.00129213172477, -0.000921380415093, -0.000636762415525, 0.00149258796591, -0.00385700375773, 0.00415159063414, -0.000170566549059, -0.0106108468026, 0.0162580311298]]
    },
    "melbands": {
        "dmean": [0.000211360485991, 0.000210203768802, 5.86697242397e-05, 7.15952628525e-05, 0.000170359562617, 0.000164717348525, 7.10036183591e-05, 7.01160461176e-05, 6.7183165811e-05, 1.65231940628e-05, 1.28407791635e-05, 1.01747718873e-05, 1.06850575321e-05, 1.58232269314e-05, 1.3516269064e-05, 7.87707358541e-06, 4.81786992168e-06, 3.56007262781e-06, 5.32987769475e-06, 5.87303884458e-06, 4.34088133261e-06, 4.26151746069e-06, 3.81198606192e-06, 5.42154975847e-06, 7.13434747013e-06, 6.1788309722e-06, 3.27038446812e-06, 1.21312029933e-06, 4.1130422801e-07, 2.94767346531e-07, 1.94828785993e-07, 2.11145604112e-07, 2.01636353836e-07, 1.49710487563e-07, 9.56491419402e-08, 4.38306706485e-08, 2.32308323689e-08, 2.5551704752e-08, 2.17451141538e-08, 1.70195377791e-08],
        "dmean2": [0.000259965192527, 0.000292762299068, 8.37883926579e-05, 0.000105220264231, 0.000242605747189, 0.000232203470659, 9.8570548289e-05, 8.06000170996e-05, 7.82040297054e-05, 2.25342791964e-05, 1.75539480551e-05, 1.22324754557e-05, 1.32675022542e-05, 1.94593631022e-05, 1.6121641238e-05, 9.78269781626e-06, 6.44832243779e-06, 4.63197920908e-06, 6.44590636512e-06, 6.84747601554e-06, 5.32255262442e-06, 5.39296024726e-06, 4.74789203508e-06, 6.76666104482e-06, 8.52919674799e-06, 7.33832621336e-06, 4.10153643315e-06, 1.54617328008e-06, 5.08044365688e-07, 3.92619114109e-07, 2.61233623178e-07, 2.62487759528e-07, 2.48822317417e-07, 1.8907965682e-07, 1.27648561943e-07, 5.65879894054e-08, 3.03383487221e-08, 3.55850495737e-08, 3.02310354527e-08, 2.30821850522e-08],
        "dvar": [6.69709777412e-07, 5.35947947355e-07, 2.56078109828e-08, 2.66065871557e-08, 2.43616682383e-07, 2.51201385026e-07, 8.52500932069e-08, 1.5105203488e-07, 1.06409899558e-07, 1.674110095e-08, 2.8017655751e-08, 2.08757655606e-09, 2.92575474958e-09, 7.58070406448e-09, 9.38104349757e-09, 3.49198803207e-09, 4.77349049177e-09, 3.74129421887e-10, 9.10584052605e-10, 1.20579313201e-09, 6.67300770196e-10, 5.56310220112e-10, 3.24665322404e-10, 1.0794860561e-09, 1.879848055e-09, 1.77579906335e-09, 3.92876120525e-10, 6.99944893712e-11, 1.00136279477e-11, 8.18948121123e-12, 2.56773075025e-12, 1.65906719786e-12, 1.77420491493e-12, 9.39456086708e-13, 8.87266497253e-13, 1.496169318e-13, 5.35350301416e-14, 4.98573316692e-14, 3.11995336521e-14, 1.44280000816e-14],
        "dvar2": [1.10219332328e-06, 1.1202037058e-06, 5.36101723014e-08, 5.66441435979e-08, 5.71664827476e-07, 5.7035424561e-07, 1.56118986183e-07, 1.60688657047e-07, 1.37396810374e-07, 4.17760475102e-08, 6.25867500048e-08, 3.33025895749e-09, 4.70111194417e-09, 1.28026105273e-08, 1.4318618291e-08, 5.25056531586e-09, 8.14157630202e-09, 5.99675364921e-10, 1.35818489788e-09, 1.41698330847e-09, 9.95639237722e-10, 8.99467278437e-10, 5.18354248413e-10, 1.89290449981e-09, 2.67988009561e-09, 2.61171573257e-09, 6.23439688763e-10, 1.19942125676e-10, 1.49811222455e-11, 1.44082350217e-11, 4.67650224101e-12, 2.52961670708e-12, 2.62861889373e-12, 1.65275193705e-12, 1.71398951889e-12, 2.43671998811e-13, 7.6335469792e-14, 1.14711368117e-13, 6.01560427448e-14, 2.29225140388e-14],
        "max": [0.0327758491039, 0.018458776176, 0.00472181476653, 0.00450181448832, 0.0118067292497, 0.0175982415676, 0.0217151530087, 0.0286959446967, 0.0169955715537, 0.0130574116483, 0.0174439400434, 0.00240506883711, 0.00241261837073, 0.00372236059047, 0.00603448273614, 0.00377813284285, 0.00741945998743, 0.00151237240061, 0.00119638000615, 0.00280839973129, 0.00198915693909, 0.00140353478491, 0.000768697762396, 0.00292214518413, 0.0035888927523, 0.00427268072963, 0.00129160017241, 0.000518798653502, 0.000255484133959, 0.000232213686104, 0.000139132476761, 7.02270335751e-05, 8.01586720627e-05, 4.76371278637e-05, 7.927610568e-05, 3.48992289219e-05, 3.13805394399e-05, 2.10795005842e-05, 1.75791410584e-05, 1.33599178298e-05],
        "mean": [0.000781637849286, 0.000612741685472, 0.000144988269312, 0.000167640610016, 0.00045799734653, 0.000480992894154, 0.000199756555958, 0.000182515956112, 0.00017037645739, 3.63928702427e-05, 2.9407105103e-05, 2.76116916211e-05, 2.55254399235e-05, 3.72274844267e-05, 2.92167987936e-05, 1.72834661498e-05, 1.11529052447e-05, 7.68770951254e-06, 1.16774817798e-05, 1.39565327117e-05, 1.02665262602e-05, 1.08141903183e-05, 9.82690835372e-06, 1.31891820274e-05, 1.85774079e-05, 1.64268021763e-05, 8.36559229356e-06, 2.80588596979e-06, 9.27052042243e-07, 6.20403966423e-07, 4.24616416694e-07, 4.78154561279e-07, 4.51815736824e-07, 3.36470719731e-07, 2.20531390482e-07, 9.76611147507e-08, 5.20089535883e-08, 5.2205514578e-08, 4.34565308183e-08, 3.69730557281e-08],
        "median": [5.37786436325e-05, 9.0699933935e-05, 3.81385361834e-05, 5.03181981912e-05, 7.68833124312e-05, 7.55118089728e-05, 3.36213925038e-05, 1.32216027851e-05, 8.51097865961e-06, 3.80097253583e-06, 1.00227885014e-06, 9.63662614595e-07, 4.82041400574e-07, 3.21798239611e-07, 2.86650674752e-07, 1.63980885759e-07, 1.1062397931e-07, 9.75475415999e-08, 7.27540765411e-08, 6.25730081083e-08, 4.70794176977e-08, 6.16556263822e-08, 6.8884276061e-08, 8.76362094004e-08, 1.15704615666e-07, 1.22733510466e-07, 9.40635658253e-08, 4.36346496713e-08, 2.09639026139e-08, 1.35022553138e-08, 1.23665531149e-08, 1.17331904192e-08, 9.61961355017e-09, 7.1406578428e-09, 5.21700194156e-09, 3.81873199728e-09, 4.03190192344e-09, 4.79514472573e-09, 4.11338563211e-09, 4.31621316466e-09],
        "min": [1.14313321016e-24, 7.94209184943e-25, 1.39447662051e-24, 9.34523479724e-25, 1.10826654423e-24, 1.46630477252e-24, 1.822195327e-24, 9.95473042629e-25, 8.97965693224e-25, 1.4599540478e-24, 2.97356227285e-24, 1.57090910906e-24, 2.96073145023e-24, 2.49491835481e-24, 2.10349819542e-24, 1.9165281029e-24, 3.43319760131e-24, 2.99227168694e-24, 5.0250147784e-24, 3.15335649214e-24, 3.96189770201e-24, 4.02624626934e-24, 2.67641375265e-24, 2.93979429295e-24, 2.95825955458e-24, 3.50562489317e-24, 5.00867825792e-24, 3.86984473412e-24, 3.90827803742e-24, 3.91913236905e-24, 3.82978677179e-24, 5.78703114145e-24, 5.56568742107e-24, 5.83502859437e-24, 5.86923675866e-24, 3.89354921546e-24, 5.94267852565e-24, 5.88426337562e-24, 5.67719172673e-24, 6.43689672732e-24],
        "var": [6.05985223956e-06, 2.34691765399e-06, 1.00652250978e-07, 1.04925426569e-07, 1.1881681985e-06, 1.48533615629e-06, 5.12789313234e-07, 1.13488215447e-06, 6.65240236231e-07, 4.29637836419e-08, 1.28201918415e-07, 1.19654934849e-08, 1.58789958959e-08, 4.09588345462e-08, 3.81388609583e-08, 1.58753490354e-08, 3.02754372683e-08, 1.63270075237e-09, 3.55034868171e-09, 5.87656945328e-09, 2.93603874546e-09, 2.69589328639e-09, 1.7324311985e-09, 4.05544842152e-09, 1.19179865976e-08, 1.10679820864e-08, 2.37790032109e-09, 3.29896304718e-10, 4.88695993395e-11, 3.430388959e-11, 1.06655266216e-11, 8.59643953244e-12, 7.76233070876e-12, 3.99679768448e-12, 4.86173731482e-12, 8.32795746426e-13, 4.17909928668e-13, 2.17036078779e-13, 1.41068865031e-13, 8.72587999036e-14]
    },
    "mfcc": {
        "mean": [-832.875915527, 158.925811768, 31.3913822174, 34.3940315247, -0.262854754925, -11.8129434586, -3.345962286, -5.16253089905, -9.89260482788, -1.79040908813, 2.8944633007, -2.6460340023, 5.04422187805],
        "cov": [[13151.2226562, -841.461914062, -3708.13574219, 711.446289062, -161.172988892, -538.531066895, -65.2612762451, 500.628997803, -461.672363281, -201.13885498, 55.0150794983, -287.210510254, 352.518249512], [-841.461914062, 1761.74121094, 764.04119873, -401.707427979, -68.9248886108, 43.8829536438, -54.0231895447, -135.501235962, 78.265296936, 63.9824905396, 24.2919483185, 43.0870933533, -27.0024452209], [-3708.13574219, 764.04119873, 1835.57421875, -23.0789012909, 135.204147339, 283.720947266, 146.523635864, -122.886497498, 235.712875366, 134.775939941, 40.6377868652, 145.049453735, -98.6290435791], [711.446289062, -401.707427979, -23.0789012909, 758.410583496, 243.527389526, 27.6040115356, 221.245849609, 212.349502563, 38.7560310364, 34.5196304321, 73.2747268677, 12.7386522293, 37.7851142883], [-161.172988892, -68.9248886108, 135.204147339, 243.527389526, 254.65965271, 146.63609314, 136.404464722, 100.509780884, 70.5609970093, 47.6261062622, 39.9414672852, 33.1188354492, 11.9472389221], [-538.531066895, 43.8829536438, 283.720947266, 27.6040115356, 146.63609314, 261.697906494, 118.123085022, 52.93516922, 99.3287582397, 53.541343689, 32.0878562927, 49.5968017578, 3.41715598106], [-65.2612762451, -54.0231895447, 146.523635864, 221.245849609, 136.404464722, 118.123085022, 206.302963257, 125.392402649, 68.3413314819, 45.4524383545, 49.575717926, 37.5858573914, 12.3238353729], [500.628997803, -135.501235962, -122.886497498, 212.349502563, 100.509780884, 52.93516922, 125.392402649, 184.228210449, 65.3582077026, 36.2065620422, 45.0029640198, 11.4614582062, 32.3252105713], [-461.672363281, 78.265296936, 235.712875366, 38.7560310364, 70.5609970093, 99.3287582397, 68.3413314819, 65.3582077026, 147.380661011, 76.6873321533, 30.3097286224, 33.4581375122, -0.483160853386], [-201.13885498, 63.9824905396, 134.775939941, 34.5196304321, 47.6261062622, 53.541343689, 45.4524383545, 36.2065620422, 76.6873321533, 102.112442017, 56.8909835815, 36.6131744385, 9.6258764267], [55.0150794983, 24.2919483185, 40.6377868652, 73.2747268677, 39.9414672852, 32.0878562927, 49.575717926, 45.0029640198, 30.3097286224, 56.8909835815, 96.1716308594, 53.7635803223, 24.8720397949], [-287.210510254, 43.0870933533, 145.049453735, 12.7386522293, 33.1188354492, 49.5968017578, 37.5858573914, 11.4614582062, 33.4581375122, 36.6131744385, 53.7635803223, 93.1785125732, 40.685874939], [352.518249512, -27.0024452209, -98.6290435791, 37.7851142883, 11.9472389221, 3.41715598106, 12.3238353729, 32.3252105713, -0.483160853386, 9.6258764267, 24.8720397949, 40.685874939, 85.2700576782]],
