{
"lowlevel": {
    "average_loudness": 0.637268185616,
    "barkbands_crest": {
        "dmean": 1.88660991192,
        "dmean2": 2.89615821838,
        "dvar": 4.45325279236,
        "dvar2": 10.7773418427,
        "max": 26.6954250336,
        "mean": 11.7452373505,
        "median": 10.7103204727,
        "min": 2.43964409828,
        "var": 23.523815155
    },
    "barkbands_flatness_db": {
        "dmean": 0.0191685054451,
        "dmean2": 0.0272481180727,
        "dvar": 0.000471604638733,
        "dvar2": 0.000899327278603,
        "max": 0.498018115759,
        "mean": 0.212331965566,
        "median": 0.212252244353,
        "min": 0.0415215082467,
        "var": 0.00417308462784
    },
    "barkbands_kurtosis": {
        "dmean": 3.37182736397,
        "dmean2": 4.99430274963,
        "dvar": 88.0900421143,
        "dvar2": 214.431472778,
        "max": 534.332458496,
        "mean": 8.36719036102,
        "median": 2.46038675308,
        "min": -1.80939161777,
        "var": 321.015869141
    },
    "barkbands_skewness": {
        "dmean": 0.452081769705,
        "dmean2": 0.656643807888,
        "dvar": 0.404720276594,
        "dvar2": 0.839924156666,
        "max": 21.0846557617,
        "mean": 1.51211345196,
        "median": 1.08368754387,
        "min": -5.25882911682,
        "var": 3.21238803864
    },
    "barkbands_spread": {
        "dmean": 2.92273926735,
        "dmean2": 4.25627470016,
        "dvar": 28.0213184357,
        "dvar2": 59.8431091309,
        "max": 129.382843018,
        "mean": 12.8232517242,
        "median": 9.60858821869,
        "min": 0.308013886213,
        "var": 125.428596497
    },
    "dissonance": {
        "dmean": 0.028176324442,
        "dmean2": 0.0473911315203,
        "dvar": 0.000864386500325,
        "dvar2": 0.00231520528905,
        "max": 0.500000059605,
        "mean": 0.421237319708,
        "median": 0.430744796991,
        "min": 0.146329477429,
        "var": 0.00281920633279
    },
    "dynamic_complexity": 5.56686830521,
    "erbbands_crest": {
        "dmean": 2.22494006157,
        "dmean2": 3.35352468491,
        "dvar": 6.10460424423,
        "dvar2": 13.8091268539,
        "max": 34.0563964844,
        "mean": 13.4756231308,
        "median": 12.60962677,
        "min": 2.16470599174,
        "var": 34.9791870117
    },
    "erbbands_flatness_db": {
        "dmean": 0.0165294688195,
        "dmean2": 0.0220371987671,
        "dvar": 0.000405690545449,
        "dvar2": 0.00067547778599,
        "max": 0.536715269089,
        "mean": 0.237335711718,
        "median": 0.238349691033,
        "min": 0.0260264314711,
        "var": 0.00496703479439
    },
    "erbbands_kurtosis": {
        "dmean": 1.62873280048,
        "dmean2": 2.31776976585,
        "dvar": 16.4722328186,
        "dvar2": 31.1926574707,
        "max": 200.012924194,
        "mean": 3.00782108307,
        "median": 1.0120472908,
        "min": -1.81181561947,
        "var": 55.5117111206
    },
    "erbbands_skewness": {
        "dmean": 0.358846306801,
        "dmean2": 0.510304272175,
        "dvar": 0.194350585341,
        "dvar2": 0.39274418354,
        "max": 9.32196140289,
        "mean": 0.895721554756,
        "median": 0.697670698166,
        "min": -5.55089235306,
        "var": 1.30708312988
    },
    "erbbands_spread": {
        "dmean": 5.31535053253,
        "dmean2": 7.5179233551,
        "dvar": 73.8859863281,
        "dvar2": 144.239837646,
        "max": 152.467483521,
        "mean": 26.6730594635,
        "median": 17.5923404694,
        "min": 0.435877561569,
        "var": 553.498657227
    },
    "hfc": {
        "dmean": 3.16879582405,
        "dmean2": 4.17825508118,
        "dvar": 57.2747573853,
        "dvar2": 85.9099807739,
        "max": 300.838409424,
        "mean": 15.6905937195,
        "median": 6.21916770935,
        "min": 1.07341454616e-16,
        "var": 601.895019531
    },
    "melbands_crest": {
        "dmean": 2.27346205711,
        "dmean2": 3.50432324409,
        "dvar": 6.62620830536,
        "dvar2": 16.2313957214,
        "max": 35.5464019775,
        "mean": 14.6045856476,
        "median": 13.754863739,
        "min": 1.00217282772,
        "var": 33.2746658325
    },
    "melbands_flatness_db": {
        "dmean": 0.0198014192283,
        "dmean2": 0.0273077022284,
        "dvar": 0.000611242023297,
        "dvar2": 0.00116772344336,
        "max": 0.53039675951,
        "mean": 0.238601893187,
        "median": 0.237154901028,
        "min": 1.25115619198e-07,
        "var": 0.00669595040381
    },
    "melbands_kurtosis": {
        "dmean": 6.05870819092,
        "dmean2": 9.10543823242,
        "dvar": 254.40020752,
        "dvar2": 556.906982422,
        "max": 872.782836914,
        "mean": 17.7878551483,
        "median": 4.25293254852,
        "min": -1.81963300705,
        "var": 2464.03710938
    },
    "melbands_skewness": {
        "dmean": 0.536764204502,
        "dmean2": 0.784332990646,
        "dvar": 0.621258914471,
        "dvar2": 1.28316187859,
        "max": 23.5504493713,
        "mean": 2.05689311028,
        "median": 1.35629272461,
        "min": -5.18513345718,
        "var": 5.92725229263
    },
    "melbands_spread": {
        "dmean": 4.21478509903,
        "dmean2": 6.29672622681,
        "dvar": 70.3853912354,
        "dvar2": 154.993392944,
        "max": 165.596466064,
        "mean": 18.7362327576,
        "median": 13.2891349792,
        "min": 0.367470562458,
        "var": 388.785583496
    },
    "pitch_salience": {
        "dmean": 0.0527068674564,
        "dmean2": 0.0815335065126,
        "dvar": 0.00351776345633,
        "dvar2": 0.00792346894741,
        "max": 0.996007919312,
        "mean": 0.530531227589,
        "median": 0.523009419441,
        "min": 0.052072159946,
        "var": 0.0231333598495
    },
    "silence_rate_20dB": {
        "dmean": 0,
        "dmean2": 0,
        "dvar": 0,
        "dvar2": 0,
        "max": 1,
        "mean": 1,
        "median": 1,
        "min": 1,
        "var": 0
    },
    "silence_rate_30dB": {
        "dmean": 0,
        "dmean2": 0,
        "dvar": 0,
        "dvar2": 0,
        "max": 1,
        "mean": 1,
        "median": 1,
        "min": 1,
        "var": 0
    },
    "silence_rate_60dB": {
        "dmean": 0.0568220466375,
        "dmean2": 0.113653764129,
        "dvar": 0.0535975433886,
        "dvar2": 0.108573749661,
        "max": 1,
        "mean": 0.269201338291,
        "median": 0,
        "min": 0,
        "var": 0.196749165654
    },
    "spectral_centroid": {
        "dmean": 156.856948853,
        "dmean2": 228.103729248,
        "dvar": 79282.8671875,
        "dvar2": 165068.40625,
        "max": 11586.234375,
        "mean": 1249.47021484,
        "median": 980.537902832,
        "min": 161.529418945,
        "var": 1282891.5
    },
    "spectral_complexity": {
        "dmean": 1.20976519585,
        "dmean2": 1.89076983929,
        "dvar": 2.97921133041,
        "dvar2": 5.68464040756,
        "max": 58,
        "mean": 8.5678319931,
        "median": 8,
        "min": 0,
        "var": 28.7075996399
    },
    "spectral_decrease": {
        "dmean": 6.88720414033e-10,
        "dmean2": 9.20747533772e-10,
        "dvar": 1.50611670746e-18,
        "dvar2": 2.68675914378e-18,
        "max": 1.72414857893e-28,
        "mean": -3.20059667658e-09,
        "median": -2.33064034738e-09,
        "min": -2.88177410823e-08,
        "var": 9.55835487382e-18
    },
    "spectral_energy": {
        "dmean": 0.00285427039489,
        "dmean2": 0.00380343385041,
        "dvar": 2.60090037045e-05,
        "dvar2": 4.55375848105e-05,
        "max": 0.11316087842,
        "mean": 0.0135029703379,
        "median": 0.00945497024804,
        "min": 1.01224232211e-20,
        "var": 0.000176630914211
    },
    "spectral_energyband_high": {
        "dmean": 0.000129431748064,
        "dmean2": 0.000177809997695,
        "dvar": 2.4653940045e-07,
        "dvar2": 3.79455315169e-07,
        "max": 0.0290825534612,
        "mean": 0.000468991464004,
        "median": 2.3423206585e-05,
        "min": 6.95144169096e-21,
        "var": 2.77870913123e-06
    },
    "spectral_energyband_low": {
        "dmean": 0.00035676988773,
        "dmean2": 0.000517371459864,
        "dvar": 1.31002218495e-06,
        "dvar2": 2.73903151538e-06,
        "max": 0.0305005479604,
        "mean": 0.000664583407342,
        "median": 0.000102665697341,
        "min": 1.96075069862e-23,
        "var": 3.38357904184e-06
    },
    "spectral_energyband_middle_high": {
        "dmean": 0.0014499060344,
        "dmean2": 0.00197671097703,
        "dvar": 1.24817888718e-05,
        "dvar2": 2.13178482227e-05,
        "max": 0.0895857959986,
        "mean": 0.0061069028452,
        "median": 0.0017319082981,
        "min": 1.21329866741e-21,
        "var": 8.84025721462e-05
    },
    "spectral_energyband_middle_low": {
        "dmean": 0.00162082340103,
        "dmean2": 0.00217143259943,
        "dvar": 1.22274395835e-05,
        "dvar2": 2.32052916544e-05,
        "max": 0.105066046119,
        "mean": 0.00658343685791,
        "median": 0.00417857058346,
        "min": 1.54401952687e-22,
        "var": 6.43084058538e-05
    },
    "spectral_entropy": {
        "dmean": 0.175441458821,
        "dmean2": 0.234799236059,
        "dvar": 0.0463503077626,
        "dvar2": 0.0801163986325,
        "max": 9.82560062408,
        "mean": 6.83495521545,
        "median": 6.75159740448,
        "min": 4.20312976837,
        "var": 0.488633364439
    },
    "spectral_flux": {
        "dmean": 0.0133957406506,
        "dmean2": 0.0215080343187,
        "dvar": 0.000383932929253,
        "dvar2": 0.000928877794649,
        "max": 0.271620452404,
        "mean": 0.0332565046847,
        "median": 0.0244581270963,
        "min": 6.20614531988e-11,
        "var": 0.000837555213366
    },
    "spectral_kurtosis": {
        "dmean": 2.96867322922,
        "dmean2": 5.06498575211,
        "dvar": 16.4436779022,
        "dvar2": 48.1494750977,
        "max": 73.313911438,
        "mean": 7.38163614273,
        "median": 4.91423988342,
        "min": -1.24652600288,
        "var": 58.9030532837
    },
    "spectral_rms": {
        "dmean": 0.000389007618651,
        "dmean2": 0.000501176691614,
        "dvar": 3.34260420232e-07,
        "dvar2": 5.243886676e-07,
        "max": 0.0105071812868,
        "mean": 0.0031324760057,
        "median": 0.00303716328926,
        "min": 3.14253636134e-12,
        "var": 3.36124981004e-06
    },
    "spectral_rolloff": {
        "dmean": 259.565490723,
        "dmean2": 434.642028809,
        "dvar": 404602.03125,
        "dvar2": 858961.0625,
        "max": 19982.8125,
        "mean": 1551.74658203,
        "median": 1012.06054688,
        "min": 43.06640625,
        "var": 4116906.75
    },
    "spectral_skewness": {
        "dmean": 0.304482549429,
        "dmean2": 0.490611582994,
        "dvar": 0.105763979256,
        "dvar2": 0.278805494308,
        "max": 7.19078874588,
        "mean": 1.89418327808,
        "median": 1.72428500652,
        "min": -0.0696992874146,
        "var": 0.746276974678
    },
    "spectral_spread": {
        "dmean": 378371.78125,
        "dmean2": 557464.6875,
        "dvar": 281511657472,
        "dvar2": 514423095296,
        "max": 41968412,
        "mean": 4173861,
        "median": 3700426.25,
        "min": 999089.75,
        "var": 1.27546540687e+13
    },
    "spectral_strongpeak": {
        "dmean": 0.536758840084,
        "dmean2": 0.829473435879,
        "dvar": 1.35002982616,
        "dvar2": 3.21653318405,
        "max": 37.5763511658,
        "mean": 1.80946159363,
        "median": 1.08694529533,
        "min": 0,
        "var": 5.43217897415
    },
    "zerocrossingrate": {
        "dmean": 0.00663549127057,
        "dmean2": 0.00772904977202,
        "dvar": 0.000103365433461,
        "dvar2": 0.000128789237351,
        "max": 0.53759765625,
        "mean": 0.0564122051001,
        "median": 0.044921875,
        "min": 0.001953125,
        "var": 0.00277334987186
    },
    "barkbands": {
        "dmean": [1.18042430586e-06, 0.000139635711093, 0.000209220481338, 0.000134465721203, 0.000440195261035, 0.000377659016522, 0.000389229680877, 0.000197979359655, 0.000463141361251, 0.000416445138399, 0.000262639659923, 0.000166810365045, 0.000350541668013, 0.000351960945409, 0.000249097152846, 0.000159958712175, 0.000169385166373, 0.000100537894468, 7.02088000253e-05, 9.25056374399e-05, 6.08033842582e-05, 3.34663309332e-05, 3.23809290421e-05, 1.71763949766e-05, 1.48519702634e-05, 7.30770125301e-07, 7.83297782192e-09],
        "dmean2": [1.9681149297e-06, 0.000204308758839, 0.000310719682602, 0.000202918934519, 0.000655420590192, 0.000551459786948, 0.000520831556059, 0.00027006858727, 0.000563043169677, 0.000549819669686, 0.000357467099093, 0.000234713370446, 0.000486450444441, 0.000492410268635, 0.000359650468454, 0.000238694701693, 0.000249802833423, 0.000145407349919, 0.000104652674054, 0.000139842915814, 9.05506167328e-05, 4.96754801134e-05, 4.60803385067e-05, 2.33864338952e-05, 1.93140349438e-05, 1.0152584764e-06, 1.2881923972e-08],
        "dvar": [5.9591736927e-12, 2.30209451502e-07, 5.88755540321e-07, 4.08143847608e-07, 2.13097723645e-06, 3.48239768755e-06, 1.57349609253e-06, 5.22422510585e-07, 2.94381948152e-06, 2.20884157898e-06, 1.47625326008e-06, 3.61918040426e-07, 2.2122410428e-06, 1.93992445929e-06, 7.01574322193e-07, 4.37947363707e-07, 3.69299954173e-07, 1.52533175424e-07, 7.66932046758e-08, 1.69347131873e-07, 5.44519593859e-08, 1.51353756195e-08, 2.539804278e-08, 6.60206378456e-09, 1.46970950965e-08, 1.39020695997e-11, 2.64866461453e-15],
        "dvar2": [1.47480413298e-11, 4.74658833127e-07, 1.3341302747e-06, 7.91635898167e-07, 4.64882759843e-06, 8.57599570736e-06, 3.20325557368e-06, 8.61844739575e-07, 4.20487913289e-06, 4.12515555581e-06, 2.99480529975e-06, 6.64089384372e-07, 4.05438777307e-06, 3.41590839525e-06, 1.42266173953e-06, 9.87595399238e-07, 7.60379862186e-07, 2.90620391752e-07, 1.52222469296e-07, 3.62920673069e-07, 1.10219147587e-07, 3.32032499273e-08, 4.39453238243e-08, 1.05011457308e-08, 1.85199979796e-08, 2.27387171592e-11, 6.38622269352e-15],
        "max": [4.78566180391e-05, 0.0144858779386, 0.0233616493642, 0.0338673070073, 0.0415121540427, 0.0984032079577, 0.0548977069557, 0.0285871811211, 0.102415136993, 0.0605656579137, 0.079871378839, 0.0189327318221, 0.0885731875896, 0.0480684675276, 0.0404549092054, 0.0227630268782, 0.0174071267247, 0.0148434527218, 0.0107861496508, 0.0261498931795, 0.0102499984205, 0.00556780491024, 0.0114086223766, 0.00613035727292, 0.0119298100471, 0.000262111017946, 2.27993177759e-06],
        "mean": [1.34497281579e-06, 0.000278274383163, 0.000327205430949, 0.000197179775569, 0.00110854941886, 0.00103132228833, 0.00149175489787, 0.000659548793919, 0.00164179853164, 0.00154762307648, 0.000625873159152, 0.000426993676228, 0.000836498918943, 0.000886959722266, 0.000639846897684, 0.000359775323886, 0.000381193094654, 0.000250825600233, 0.000148011677084, 0.000221027279622, 0.000156191497808, 7.91823476902e-05, 0.000109112268547, 5.2064544434e-05, 4.29354404332e-05, 1.85317946944e-06, 9.36115007732e-09],
        "median": [6.30500096577e-07, 2.21736099775e-05, 3.36197190336e-05, 3.26912704622e-05, 0.000453678105259, 0.000167169811903, 0.000201227492653, 6.0687201767e-05, 0.000120212716865, 8.48400813993e-05, 3.30978255079e-05, 1.86286015378e-05, 5.76232996536e-05, 3.65657288057e-05, 3.83350125048e-05, 1.22144547277e-05, 2.15529144043e-05, 8.69945142767e-06, 1.29136224132e-05, 9.62139347394e-06, 6.40443386146e-06, 5.53199743081e-06, 3.13634541271e-06, 1.63160586908e-06, 1.10107930595e-06, 1.03900475779e-07, 2.68721433994e-10],
        "min": [5.55608910392e-26, 2.3309100311e-24, 9.66397207385e-25, 1.36443571256e-24, 4.47250606672e-24, 9.26031115978e-24, 6.92755243315e-24, 7.0593592575e-24, 2.00177320118e-23, 1.05494084865e-23, 2.2772353829e-23, 2.25790119098e-23, 2.84041328056e-23, 3.3664430871e-23, 3.89550685269e-23, 5.92469502136e-23, 8.60133162721e-23, 6.77521455711e-23, 1.2231356493e-22, 1.56443284896e-22, 2.7598062742e-22, 3.05302776593e-22, 3.39571197239e-22, 4.38911655862e-22, 9.08044383675e-22, 1.29883269704e-21, 2.04339076993e-21],
        "var": [6.64465401104e-12, 7.39114113912e-07, 1.21903485706e-06, 6.62322008793e-07, 4.50656216344e-06, 1.08186332e-05, 9.50935555011e-06, 3.0100522963e-06, 2.14940046135e-05, 1.39505209518e-05, 4.42512100562e-06, 1.57715874138e-06, 7.29487510398e-06, 9.811153177e-06, 3.89434899262e-06, 1.93307823793e-06, 1.46279273849e-06, 8.98655400761e-07, 2.51165488407e-07, 7.32378225621e-07, 3.13641550065e-07, 5.57872716911e-08, 2.78699332057e-07, 7.23321917917e-08, 1.56113230787e-07, 8.86839421343e-11, 4.692465119e-15]
    },
    "erbbands": {
        "dmean": [0.00169787777122, 0.0418735407293, 0.234914779663, 0.272792309523, 1.19197046757, 1.6245803833, 2.19493961334, 2.8604581356, 3.73838591576, 7.00794792175, 4.71746969223, 11.1624565125, 9.68845844269, 13.6603384018, 8.48811817169, 8.23509311676, 15.7222442627, 18.7626018524, 11.772559166, 10.1874399185, 10.8927125931, 7.34989929199, 5.41778850555, 4.27863073349, 4.31195449829, 3.7638194561, 2.18392014503, 2.19743204117, 1.29765117168, 0.987263381481, 1.00488686562, 0.366108357906, 0.34232801199, 0.259896993637, 0.027864811942, 0.00651689060032, 0.000750495120883, 5.13629383931e-05, 3.29628232976e-06, 3.6704204831e-06],
        "dmean2": [0.0027586161159, 0.0606629215181, 0.342005580664, 0.411164492369, 1.79440879822, 2.41961503029, 3.12987661362, 4.26268959045, 4.80086517334, 9.75088214874, 5.99787139893, 13.3417844772, 12.8182172775, 18.0409526825, 11.505030632, 11.5663719177, 21.7173614502, 26.7554473877, 16.9014949799, 14.7495346069, 16.389793396, 10.7285642624, 7.74354791641, 6.30343484879, 6.41162157059, 5.75153255463, 3.24516105652, 3.35207557678, 1.95657896996, 1.44809901714, 1.440284729, 0.500049829483, 0.457747370005, 0.330760210752, 0.0395511686802, 0.0088977785781, 0.00104226544499, 7.3339251685e-05, 4.23053461418e-06, 4.81228425997e-06],
        "dvar": [2.40742156166e-05, 0.0209722854197, 0.722417116165, 0.893757879734, 28.9299240112, 31.9049930573, 105.490684509, 238.44619751, 141.745117188, 473.781463623, 267.931213379, 2243.57275391, 559.140197754, 3167.3293457, 1276.76623535, 852.515563965, 5163.39453125, 5355.76171875, 1875.86462402, 1462.28186035, 2069.38012695, 600.163391113, 324.610046387, 296.270812988, 572.539306641, 139.714050293, 80.4391403198, 95.5294952393, 22.3625946045, 12.7832040787, 30.4781703949, 2.62418198586, 3.8768248558, 3.9303689003, 0.013584391214, 0.00101450306829, 1.46290240082e-05, 5.18232532443e-08, 1.09901830692e-10, 4.7013785226e-11],
        "dvar2": [6.26450200798e-05, 0.0420286357403, 1.54344797134, 1.88505041599, 58.5903244019, 69.7909927368, 226.758087158, 669.102233887, 227.486587524, 1036.98522949, 417.572357178, 3073.59692383, 966.720275879, 5892.46582031, 2501.87573242, 1545.12536621, 9175.08984375, 9679.06542969, 3669.71459961, 2846.40380859, 4701.71484375, 1168.15979004, 573.059387207, 593.735046387, 1298.6418457, 313.603973389, 172.271194458, 186.80897522, 51.2805557251, 25.1853809357, 55.1523513794, 4.38029718399, 5.38066053391, 4.74471187592, 0.0213704220951, 0.00159507989883, 2.41440320679e-05, 9.61792423482e-08, 1.49685028261e-10, 7.56368717658e-11],
        "max": [0.10158123821, 4.49911308289, 21.5843772888, 40.2999954224, 207.485809326, 176.400741577, 471.548309326, 785.429382324, 606.405944824, 751.579528809, 784.092407227, 2861.27563477, 726.151611328, 2300.49438477, 2477.25854492, 956.611755371, 4694.11474609, 1856.55773926, 2656.98999023, 1431.10693359, 1551.62963867, 888.202270508, 621.744567871, 778.214355469, 1596.07458496, 445.37310791, 269.905700684, 584.511962891, 226.217559814, 125.110496521, 378.62411499, 100.104316711, 159.17338562, 176.010848999, 7.56400346756, 2.460688591, 0.294995039701, 0.0118691772223, 0.000818538421299, 0.000254943530308],
        "mean": [0.00302270473912, 0.0819519981742, 0.379010647535, 0.475241363049, 2.09235072136, 4.1368894577, 6.84436130524, 7.77662563324, 13.7200164795, 26.6071224213, 18.1685066223, 41.617477417, 38.291557312, 44.6744918823, 22.8739452362, 21.2249164581, 41.8296813965, 50.4115371704, 34.3456459045, 23.0038833618, 25.7202205658, 17.294128418, 14.0643444061, 10.9113836288, 11.1560106277, 9.51086235046, 4.97998142242, 5.78611135483, 3.3195836544, 2.86263346672, 3.24989557266, 1.14226484299, 1.05469071865, 0.754577636719, 0.0682504698634, 0.0161811485887, 0.00190384767484, 0.000118645526527, 1.37580673254e-05, 1.78232021426e-05],
        "median": [0.000543962640222, 0.00663094501942, 0.0401956103742, 0.114911653101, 0.537550508976, 1.40331614017, 1.48993861675, 1.57759070396, 3.07584476471, 3.72490239143, 2.74531006813, 4.29865694046, 5.2034945488, 5.5450630188, 3.95012784004, 3.32395720482, 4.33678770065, 4.44865322113, 2.1745262146, 2.69222664833, 1.14541471004, 1.29787003994, 1.02972304821, 0.744079589844, 0.719527244568, 0.506026148796, 0.261948376894, 0.282971650362, 0.211357995868, 0.132287800312, 0.0817990899086, 0.0404108837247, 0.0257892068475, 0.0157643985003, 0.00557585339993, 0.000968520704191, 0.000127217295812, 8.39249150886e-06, 5.59917998544e-06, 1.13349306048e-05],
        "min": [1.05409840831e-22, 6.84050447216e-22, 3.05661613642e-21, 5.11397951362e-21, 2.28135492057e-20, 1.11192913737e-20, 3.27698036356e-20, 5.89477855827e-20, 9.67638788621e-20, 8.41776085215e-20, 2.49759327745e-19, 4.2011505525e-19, 7.09197360243e-19, 5.39695748419e-19, 9.7685232695e-19, 1.06754244476e-18, 1.54999956953e-18, 2.16697931957e-18, 2.11724446486e-18, 2.65920617117e-18, 4.04920543558e-18, 5.1959544565e-18, 5.76496745038e-18, 4.95534788223e-18, 7.66316580363e-18, 7.42018480742e-18, 1.03838422477e-17, 1.08771140352e-17, 1.03078657084e-17, 1.19378193152e-17, 9.86356797624e-18, 8.64212578678e-18, 9.77913599676e-18, 8.63923148182e-18, 6.77460259936e-18, 3.82535671335e-18, 2.34085206394e-18, 9.16228983639e-19, 2.55785054164e-19, 2.78120675537e-20],
        "var": [5.58402425668e-05, 0.0667025670409, 1.68607842922, 1.661465168, 44.3579025269, 80.8496398926, 424.360412598, 576.041931152, 1028.49389648, 3062.47167969, 1701.68200684, 17113.9882812, 6581.39501953, 14374.0283203, 4190.51123047, 3381.67871094, 18170.5898438, 28945.0527344, 11911.1445312, 5775.26367188, 9042.83105469, 2490.28027344, 1802.3449707, 1271.38806152, 2738.49072266, 714.678466797, 316.003967285, 577.839416504, 92.4195480347, 81.7445373535, 311.354095459, 29.7333374023, 42.9152526855, 39.5879249573, 0.11093044281, 0.00650875130668, 8.80169609445e-05, 2.52447819094e-07, 1.12619202852e-09, 4.13712092362e-10]
    },
    "gfcc": {
        "mean": [-115.798141479, 101.289230347, -145.867416382, 24.2404899597, -77.4403839111, 9.24366092682, -39.1553955078, -0.909905135632, -20.9453315735, -4.80983829498, -9.21755981445, -9.45723724365, -2.0576736927],
        "cov": [[17779.8554688, 0.0740858390927, -3841.49072266, -685.533630371, -940.745849609, 45.3911094666, -511.785217285, -171.682998657, -169.504837036, -271.960876465, -47.9173927307, -301.164794922, -34.4850997925], [0.0740858390927, 2286.20410156, 516.75604248, -593.441711426, -110.743377686, -362.132324219, 132.190078735, -204.915771484, 90.6257858276, -126.182403564, 167.223236084, -96.7307510376, 89.548500061], [-3841.49072266, 516.75604248, 2196.22290039, 830.146240234, -78.077545166, -82.0895004272, -58.3522567749, -11.4189386368, -108.1301651, 87.5390777588, -36.0924453735, 67.148651123, -64.5307388306], [-685.533630371, -593.441711426, 830.146240234, 1244.81274414, 89.4668045044, 158.676864624, -148.477813721, 35.6311683655, -121.338150024, 64.4757995605, -134.857452393, 41.1229362488, -106.124298096], [-940.745849609, -110.743377686, -78.077545166, 89.4668045044, 540.548461914, 173.172744751, 129.687240601, 41.4108200073, 47.9539718628, -8.83292007446, -48.552280426, 3.83879637718, -9.52384376526], [45.3911094666, -362.132324219, -82.0895004272, 158.676864624, 173.172744751, 287.546691895, 64.3735198975, 72.567489624, -31.0033969879, 15.257062912, -61.9217796326, 1.21469545364, -24.9819927216], [-511.785217285, 132.190078735, -58.3522567749, -148.477813721, 129.687240601, 64.3735198975, 227.728973389, 72.9417877197, 67.6475982666, -29.7644615173, -4.65512275696, -45.5377159119, -9.30424404144], [-171.682998657, -204.915771484, -11.4189386368, 35.6311683655, 41.4108200073, 72.567489624, 72.9417877197, 167.877578735, 53.988079071, 14.5660543442, -40.3507461548, -12.4909591675, -27.3295555115], [-169.504837036, 90.6257858276, -108.1301651, -121.338150024, 47.9539718628, -31.0033969879, 67.6475982666, 53.988079071, 168.103408813, 46.8313560486, 37.8911895752, -31.628988266, -10.9373874664], [-271.960876465, -126.182403564, 87.5390777588, 64.4757995605, -8.83292007446, 15.257062912, -29.7644615173, 14.5660543442, 46.8313560486, 159.384765625, 61.3330421448, 46.6732368469, -40.3581123352], [-47.9173927307, 167.223236084, -36.0924453735, -134.857452393, -48.552280426, -61.9217796326, -4.65512275696, -40.3507461548, 37.8911895752, 61.3330421448, 150.74571228, 49.0477027893, 14.4680957794], [-301.164794922, -96.7307510376, 67.148651123, 41.1229362488, 3.83879637718, 1.21469545364, -45.5377159119, -12.4909591675, -31.628988266, 46.6732368469, 49.0477027893, 147.418762207, 58.0422706604], [-34.4850997925, 89.548500061, -64.5307388306, -106.124298096, -9.52384376526, -24.9819927216, -9.30424404144, -27.3295555115, -10.9373874664, -40.3581123352, 14.4680957794, 58.0422706604, 143.726348877]],
        "icov": [[0.000217175766011, -0.000330490234774, 0.000607758702245, -0.000303330773022, 0.000450888008345, -0.000348694215063, 0.000511888356414, -0.000258791638771, 0.000257584324572, -3.06026377075e-05, 0.00015617646568, 8.84200926521e-05, 0.000219697525608], [-0.000330490234774, 0.00154956139158, -0.0014449688606, 0.000921838975046, -0.000775896769483, 0.00101802393328, -0.00124875025358, 0.00143892574124, -0.000914590724278, 0.000933625735343, -0.00112205196638, 0.000624612148385, -0.000641272927169], [0.000607758702245, -0.0014449688606, 0.00270424038172, -0.00167477363721, 0.00139324984048, -0.000465457414975, 0.00093694741372, -0.00122959015425, 0.0015462548472, -0.00110065971967, 0.000970391964074, -0.000221761423745, 0.0006623948575], [-0.000303330773022, 0.000921838975046, -0.00167477363721, 0.00234670587815, -0.000971252040472, -0.000200201713596, 0.000494658830576, 0.000609657261521, -0.000550932600163, 0.000410789507441, 0.000365471933037, -0.000249753386015, 0.000519964145496], [0.000450888008345, -0.000775896769483, 0.00139324984048, -0.000971252040472, 0.00388699863106, -0.00233615003526, -0.000381288147764, 0.000763318384998, -0.00121881766245, 0.000534759776201, 0.00139137962833, -0.00134811003227, 0.000933734932914], [-0.000348694215063, 0.00101802393328, -0.000465457414975, -0.000200201713596, -0.00233615003526, 0.00768329994753, -0.00315539375879, -0.00126634258777, 0.00307434331626, -0.00244152825326, 0.000485301774461, 0.000880773877725, -0.00119529699441], [0.000511888356414, -0.00124875025358, 0.00093694741372, 0.000494658830576, -0.000381288147764, -0.00315539375879, 0.0101324459538, -0.00375673826784, -0.00126876065042, 0.00237703323364, -0.00111042789649, 0.0013909219997, 0.00117562315427], [-0.000258791638771, 0.00143892574124, -0.00122959015425, 0.000609657261521, 0.000763318384998, -0.00126634258777, -0.00375673826784, 0.0115521373227, -0.00528421625495, 0.000961222453043, 0.00282419542782, -0.00224033300765, 0.00121161493007], [0.000257584324572, -0.000914590724278, 0.0015462548472, -0.000550932600163, -0.00121881766245, 0.00307434331626, -0.00126876065042, -0.00528421625495, 0.0133295459673, -0.00624245777726, -0.00178433221299, 0.0048510003835, -0.00223214924335], [-3.06026377075e-05, 0.000933625735343, -0.00110065971967, 0.000410789507441, 0.000534759776201, -0.00244152825326, 0.00237703323364, 0.000961222453043, -0.00624245777726, 0.0142240840942, -0.00467752572149, -0.00448393309489, 0.00496851699427], [0.00015617646568, -0.00112205196638, 0.000970391964074, 0.000365471933037, 0.00139137962833, 0.000485301774461, -0.00111042789649, 0.00282419542782, -0.00178433221299, -0.00467752572149, 0.0137397935614, -0.00509353959933, 0.00130843592342], [8.84200926521e-05, 0.000624612148385, -0.000221761423745, -0.000249753386015, -0.00134811003227, 0.000880773877725, 0.0013909219997, -0.00224033300765, 0.0048510003835, -0.00448393309489, -0.00509353959933, 0.0148391202092, -0.00729392329231], [0.000219697525608, -0.000641272927169, 0.0006623948575, 0.000519964145496, 0.000933734932914, -0.00119529699441, 0.00117562315427, 0.00121161493007, -0.00223214924335, 0.00496851699427, 0.00130843592342, -0.00729392329231, 0.0122910058126]]
    },
    "melbands": {
        "dmean": [2.62182056758e-05, 9.93364737951e-05, 7.61322371545e-05, 0.000103690101241, 7.23190387362e-05, 6.6855638579e-05, 6.51524605928e-05, 6.88165528118e-05, 4.69422338938e-05, 6.71152956784e-05, 4.89998201374e-05, 5.75623234909e-05, 3.55890842911e-05, 1.82905041584e-05, 3.03636788885e-05, 3.39257494488e-05, 3.54147159669e-05, 1.92406132555e-05, 1.44777595779e-05, 1.10123191917e-05, 1.41542705023e-05, 8.33365265862e-06, 5.57064186069e-06, 6.29229407423e-06, 3.34737205776e-06, 2.41980842475e-06, 4.34431922258e-06, 1.98206771529e-06, 1.59423871082e-06, 8.68462109338e-07, 1.72580473645e-06, 7.79186962063e-07, 6.40564849164e-07, 6.63437674575e-07, 5.89406909057e-07, 4.21372277515e-07, 2.2478138817e-07, 2.80398325003e-07, 2.95898075819e-07, 1.81113321673e-07],
        "dmean2": [3.99344135076e-05, 0.000143297424074, 0.000113557776785, 0.000155587113113, 0.000103264996142, 9.83318823273e-05, 8.53675446706e-05, 9.59723911365e-05, 5.75413905608e-05, 8.14996747067e-05, 6.51272639516e-05, 7.59381946409e-05, 4.8229470849e-05, 2.56573275692e-05, 4.25257931056e-05, 4.74372063763e-05, 5.06885589857e-05, 2.75975435216e-05, 2.10342805076e-05, 1.60884792422e-05, 2.13347539102e-05, 1.21645007312e-05, 8.21895991976e-06, 9.03331147128e-06, 4.95932681588e-06, 3.6136223116e-06, 6.59370152789e-06, 3.0538815281e-06, 2.40738313551e-06, 1.29228783408e-06, 2.67590985459e-06, 1.20259198866e-06, 9.55317091211e-07, 9.93364778878e-07, 8.53439985349e-07, 6.07998970281e-07, 3.15029296871e-07, 3.91534001665e-07, 3.89814147184e-07, 2.32604094208e-07],
        "dvar": [7.1949108893e-09, 1.21491822824e-07, 1.00318018781e-07, 1.33415923642e-07, 8.63712728005e-08, 1.15525409683e-07, 4.23853165898e-08, 4.37897327288e-08, 2.71154050324e-08, 6.99827467088e-08, 1.52264370001e-08, 5.88358695097e-08, 2.7709809558e-08, 4.75714756476e-09, 1.8249961542e-08, 1.6441239481e-08, 2.04531964698e-08, 5.71974245744e-09, 2.36157560174e-09, 1.36391042904e-09, 3.80072906481e-09, 1.14106779581e-09, 3.26363186476e-10, 8.00819521807e-10, 2.53205789669e-10, 9.20984191688e-11, 6.00577920729e-10, 4.01216733448e-11, 5.48654455201e-11, 1.78185469851e-11, 7.50777634506e-11, 1.09118330691e-11, 5.94899433534e-12, 6.65490796151e-12, 8.95449426414e-12, 6.47265921416e-12, 1.00153544312e-12, 2.00723552363e-12, 7.1740486815e-12, 1.65537928417e-12],
        "dvar2": [1.64570757022e-08, 2.50280322689e-07, 1.95371228529e-07, 2.91850852818e-07, 1.82545008443e-07, 3.08927951664e-07, 7.43898738165e-08, 9.25666796547e-08, 4.02217494866e-08, 9.9054545899e-08, 2.63750745688e-08, 1.09280918537e-07, 5.6247714042e-08, 8.81942430198e-09, 3.4872595478e-08, 2.91123622986e-08, 3.78665419021e-08, 1.10517808238e-08, 4.82585260642e-09, 2.67839639356e-09, 8.40824387893e-09, 2.29162999688e-09, 6.16822648514e-10, 1.46961298686e-09, 5.05251285254e-10, 2.01724359439e-10, 1.35351552188e-09, 8.92361184945e-11, 1.19341522775e-10, 3.87095459853e-11, 1.46290798919e-10, 2.66291416001e-11, 1.25302919082e-11, 1.35933035661e-11, 1.62393293257e-11, 1.28433314331e-11, 1.71709662548e-12, 3.47116085875e-12, 9.57996355855e-12, 1.98695812408e-12],
        "max": [0.00217664032243, 0.00965057034045, 0.0149553064257, 0.0102720307186, 0.0136186135933, 0.0169048011303, 0.0093241520226, 0.0066258199513, 0.0081034982577, 0.0154750365764, 0.00364246545359, 0.0101468991488, 0.0119223082438, 0.00276151159778, 0.0071219294332, 0.00659037521109, 0.00443927384913, 0.00464496901259, 0.00170472310856, 0.00147196103353, 0.00221538054757, 0.00112576468382, 0.000731029256713, 0.00115253194235, 0.000824147311505, 0.000479013309814, 0.00165427487809, 0.000231203157455, 0.000260686909314, 0.000146973703522, 0.00053036067402, 0.000197480650968, 7.99651825218e-05, 0.000115853101306, 0.000212427432416, 0.000231612459174, 7.03983168933e-05, 8.13556252979e-05, 0.000275142811006, 9.8003387393e-05],
        "mean": [5.11875077791e-05, 0.000171834763023, 0.000126539089251, 0.000229588069487, 0.000227085271035, 0.000180853778147, 0.000240035820752, 0.000256473955233, 0.000177112073288, 0.000242351277848, 0.000189506856259, 0.000188500518561, 8.94363620318e-05, 4.55927875009e-05, 7.81420894782e-05, 9.0602596174e-05, 9.10059316084e-05, 5.26610347151e-05, 3.58151228284e-05, 2.32088859775e-05, 3.24261673086e-05, 1.82833991857e-05, 1.31243923533e-05, 1.60199761012e-05, 7.72644943936e-06, 5.64320862395e-06, 1.08958083729e-05, 4.61814579467e-06, 3.31325350089e-06, 1.77663218892e-06, 4.47073671239e-06, 1.77553567937e-06, 1.54510541961e-06, 1.73506498413e-06, 1.84468058251e-06, 1.21810751352e-06, 6.1737125634e-07, 8.01238741133e-07, 8.58829707795e-07, 5.05223738401e-07],
        "median": [5.44996737517e-06, 1.87613768503e-05, 3.2409789128e-05, 7.04217745806e-05, 6.58258722979e-05, 3.14171447826e-05, 5.07012737216e-05, 3.28669993905e-05, 1.47975297295e-05, 1.8548576918e-05, 1.47432665472e-05, 1.76181474671e-05, 7.67087112763e-06, 2.67235077445e-06, 5.17542684975e-06, 7.32561056793e-06, 3.84095028494e-06, 1.36639675929e-06, 2.65209200734e-06, 1.28197825688e-06, 5.66896460441e-07, 1.07966297946e-06, 5.46411285995e-07, 3.65308437722e-07, 3.96902350985e-07, 4.86705687308e-07, 3.95844892864e-07, 2.64023327645e-07, 1.34740886892e-07, 1.34285642162e-07, 1.62892547451e-07, 1.2148909434e-07, 9.34657009566e-08, 6.30422860581e-08, 4.98277863414e-08, 3.1864427541e-08, 2.07952801645e-08, 1.86068440655e-08, 1.56114445815e-08, 1.23280567976e-08],
        "min": [1.7171174767e-24, 1.93942360739e-24, 1.02331431056e-24, 1.85311216638e-24, 1.06599464376e-24, 1.35360090524e-24, 1.5326059678e-24, 7.7443490724e-25, 1.93813460867e-24, 2.62936036902e-24, 3.05808319682e-24, 1.32927332239e-24, 3.74992091602e-24, 2.99545769892e-24, 3.94674447288e-24, 2.4947485525e-24, 3.29385281658e-24, 3.06359733455e-24, 3.16182708333e-24, 3.39614401573e-24, 3.80582196635e-24, 4.31303034055e-24, 3.96237772387e-24, 3.52986698322e-24, 3.36063817525e-24, 4.87984977792e-24, 4.83245501473e-24, 4.25175044214e-24, 5.10112447297e-24, 5.2041808672e-24, 5.67120506132e-24, 4.98328521981e-24, 5.54130964694e-24, 5.64508863776e-24, 4.69728961508e-24, 5.67298591481e-24, 4.8257090707e-24, 5.12730952743e-24, 3.94422958432e-24, 6.15068536914e-24],
        "var": [2.09123705019e-08, 3.11251625362e-07, 1.65839466604e-07, 2.60763613369e-07, 3.49237581077e-07, 3.0826930697e-07, 2.79654443602e-07, 2.85741549533e-07, 1.87966051612e-07, 5.1522152944e-07, 1.74149604959e-07, 2.78630750472e-07, 8.48963281896e-08, 1.94261637887e-08, 5.85341162207e-08, 7.20995387837e-08, 1.05287526253e-07, 3.12852250772e-08, 1.2524959736e-08, 5.63400170961e-09, 1.6960109761e-08, 4.55197257665e-09, 1.65505464889e-09, 4.7334149933e-09, 9.03814079134e-10, 4.17294754307e-10, 2.86257284543e-09, 1.91432897312e-10, 2.02555791584e-10, 5.85691911636e-11, 4.55888576889e-10, 2.81066819124e-11, 3.10445003038e-11, 3.75322932455e-11, 9.1492001475e-11, 5.84332096598e-11, 1.03575082538e-11, 1.89691404945e-11, 7.62549468014e-11, 1.60569457036e-11]
    },
    "mfcc": {
        "mean": [-745.006713867, 117.575660706, -7.40913581848, 11.9206447601, -11.8867015839, -0.0438600070775, -8.07003116608, -4.37493753433, -6.60542964935, -1.78283119202, -1.67392635345, -6.16381311417, -3.76898527145],
        "cov": [[9749.60839844, -299.002563477, -1926.89025879, -1040.87243652, -494.941192627, -303.60055542, -236.265136719, -101.828063965, -261.436401367, 95.5443572998, -76.2435913086, -259.763031006, -132.975311279], [-299.002563477, 2803.8449707, 112.566062927, -378.430450439, -325.710540771, -222.437026978, -92.2052459717, -123.84942627, -88.564414978, -104.162628174, -38.7155342102, 25.9774894714, 86.4693450928], [-1926.89025879, 112.566062927, 1624.78161621, 696.229980469, 119.255691528, 65.8370437622, 29.0879650116, -47.3987426758, -44.2884597778, -64.2115631104, -34.7838592529, 67.1752853394, 47.2019386292], [-1040.87243652, -378.430450439, 696.229980469, 821.678894043, 312.075469971, 201.519760132, 35.2600440979, 29.85197258, 24.4772167206, -48.6222839355, 8.64497566223, 84.9310531616, 25.4222755432], [-494.941192627, -325.710540771, 119.255691528, 312.075469971, 345.876220703, 188.036453247, 76.1427383423, 58.55859375, 65.0346679688, -2.43550920486, 5.45159864426, 26.5037956238, 0.141963496804], [-303.60055542, -222.437026978, 65.8370437622, 201.519760132, 188.036453247, 244.614425659, 105.098403931, 53.0813941956, 49.5390319824, -10.9030132294, 13.6126270294, 20.3215942383, -8.49729824066], [-236.265136719, -92.2052459717, 29.0879650116, 35.2600440979, 76.1427383423, 105.098403931, 171.010543823, 100.73789978, 49.5729217529, 19.5452365875, 5.42396879196, -19.7494239807, -22.3398342133], [-101.828063965, -123.84942627, -47.3987426758, 29.85197258, 58.55859375, 53.0813941956, 100.73789978, 160.938934326, 100.440414429, 43.4351882935, 1.91153514385, -21.8752574921, -37.5515632629], [-261.436401367, -88.564414978, -44.2884597778, 24.4772167206, 65.0346679688, 49.5390319824, 49.5729217529, 100.440414429, 166.825073242, 81.2896499634, 26.5069675446, -28.2715129852, -57.2162284851], [95.5443572998, -104.162628174, -64.2115631104, -48.6222839355, -2.43550920486, -10.9030132294, 19.5452365875, 43.4351882935, 81.2896499634, 157.548370361, 82.3046188354, -13.2560558319, -52.2390708923], [-76.2435913086, -38.7155342102, -34.7838592529, 8.64497566223, 5.45159864426, 13.6126270294, 5.42396879196, 1.91153514385, 26.5069675446, 82.3046188354, 168.676742554, 91.5566177368, -9.46872901917], [-259.763031006, 25.9774894714, 67.1752853394, 84.9310531616, 26.5037956238, 20.3215942383, -19.7494239807, -21.8752574921, -28.2715129852, -13.2560558319, 91.5566177368, 211.185165405, 118.895935059], [-132.975311279, 86.4693450928, 47.2019386292, 25.4222755432, 0.141963496804, -8.49729824066, -22.3398342133, -37.5515632629, -57.2162284851, -52.2390708923, -9.46872901917, 118.895935059, 201.115859985]],
