{
"lowlevel": {
    "average_loudness": 0.287913262844,
    "barkbands_crest": {
        "dmean": 2.49735784531,
        "dmean2": 4.00647211075,
        "dvar": 5.57916498184,
        "dvar2": 14.0533103943,
        "max": 25.9443626404,
        "mean": 12.6885795593,
        "median": 12.0394802094,
        "min": 4.032725811,
        "var": 18.7905387878
    },
    "barkbands_flatness_db": {
        "dmean": 0.0205514356494,
        "dmean2": 0.0312857702374,
        "dvar": 0.000383854698157,
        "dvar2": 0.000821861438453,
        "max": 0.555159628391,
        "mean": 0.280698120594,
        "median": 0.282725483179,
        "min": 0.0463466234505,
        "var": 0.00292491400614
    },
    "barkbands_kurtosis": {
        "dmean": 2.78718543053,
        "dmean2": 4.53490877151,
        "dvar": 183.797592163,
        "dvar2": 545.700500488,
        "max": 787.710449219,
        "mean": 4.53977966309,
        "median": 2.28502178192,
        "min": -1.75478303432,
        "var": 286.862457275
    },
    "barkbands_skewness": {
        "dmean": 0.469317108393,
        "dmean2": 0.72611528635,
        "dvar": 0.327492445707,
        "dvar2": 0.79003238678,
        "max": 20.3265209198,
        "mean": 1.00707995892,
        "median": 0.988155841827,
        "min": -5.40890645981,
        "var": 1.6516443491
    },
    "barkbands_spread": {
        "dmean": 2.25322580338,
        "dmean2": 3.47268891335,
        "dvar": 8.57050228119,
        "dvar2": 18.9188575745,
        "max": 108.043357849,
        "mean": 9.32855224609,
        "median": 7.67265605927,
        "min": 0.084110327065,
        "var": 38.9074020386
    },
    "dissonance": {
        "dmean": 0.0353984721005,
        "dmean2": 0.0596573315561,
        "dvar": 0.00114936626051,
        "dvar2": 0.00313111813739,
        "max": 0.499930143356,
        "mean": 0.413218379021,
        "median": 0.42019701004,
        "min": 0.19892077148,
        "var": 0.00261250068434
    },
    "dynamic_complexity": 5.59459018707,
    "erbbands_crest": {
        "dmean": 2.58566355705,
        "dmean2": 3.94361996651,
        "dvar": 6.87419843674,
        "dvar2": 16.0283432007,
        "max": 33.3607025146,
        "mean": 14.4153118134,
        "median": 13.6039657593,
        "min": 2.24406242371,
        "var": 34.6321296692
    },
    "erbbands_flatness_db": {
        "dmean": 0.0181392431259,
        "dmean2": 0.0258522368968,
        "dvar": 0.000386094150599,
        "dvar2": 0.000689260312356,
        "max": 0.48056858778,
        "mean": 0.302126467228,
        "median": 0.304656386375,
        "min": 0.0289782211185,
        "var": 0.00362611189485
    },
    "erbbands_kurtosis": {
        "dmean": 1.28988289833,
        "dmean2": 1.98760437965,
        "dvar": 5.49346637726,
        "dvar2": 12.5978860855,
        "max": 50.996673584,
        "mean": 1.40445530415,
        "median": 0.428280830383,
        "min": -1.85712814331,
        "var": 12.2099494934
    },
    "erbbands_skewness": {
        "dmean": 0.373676300049,
        "dmean2": 0.551206946373,
        "dvar": 0.156779408455,
        "dvar2": 0.33959209919,
        "max": 5.94491958618,
        "mean": 0.60013282299,
        "median": 0.635485112667,
        "min": -2.62439703941,
        "var": 0.886024296284
    },
    "erbbands_spread": {
        "dmean": 3.41637372971,
        "dmean2": 5.11532020569,
        "dvar": 16.727273941,
        "dvar2": 36.4943580627,
        "max": 89.9035110474,
        "mean": 17.7251110077,
        "median": 16.2341632843,
        "min": 0.81368303299,
        "var": 79.7114028931
    },
    "hfc": {
        "dmean": 3.7496008873,
        "dmean2": 4.59946584702,
        "dvar": 145.228851318,
        "dvar2": 206.014587402,
        "max": 421.894958496,
        "mean": 11.7500801086,
        "median": 2.77675938606,
        "min": 1.05323200096e-16,
        "var": 885.694213867
    },
    "melbands_crest": {
        "dmean": 3.0415353775,
        "dmean2": 4.88276672363,
        "dvar": 7.9294629097,
        "dvar2": 19.0148525238,
        "max": 33.7291297913,
        "mean": 15.2484769821,
        "median": 14.3938884735,
        "min": 1.59558069706,
        "var": 32.7964019775
    },
    "melbands_flatness_db": {
        "dmean": 0.0215370301157,
        "dmean2": 0.0324483253062,
        "dvar": 0.000460311945062,
        "dvar2": 0.00100163579918,
        "max": 0.699851334095,
        "mean": 0.343314141035,
        "median": 0.350000500679,
        "min": 0.00301277521066,
        "var": 0.00539525318891
    },
    "melbands_kurtosis": {
        "dmean": 3.35799503326,
        "dmean2": 5.32602977753,
        "dvar": 59.9685707092,
        "dvar2": 124.126205444,
        "max": 482.36541748,
        "mean": 6.39698600769,
        "median": 3.21929788589,
        "min": -1.76501643658,
        "var": 167.206863403
    },
    "melbands_skewness": {
        "dmean": 0.504378676414,
        "dmean2": 0.782442927361,
        "dvar": 0.329957425594,
        "dvar2": 0.757726430893,
        "max": 13.2838668823,
        "mean": 1.41369760036,
        "median": 1.31419050694,
        "min": -3.78189134598,
        "var": 1.58125174046
    },
    "melbands_spread": {
        "dmean": 3.37112617493,
        "dmean2": 5.21432685852,
        "dvar": 22.0901985168,
        "dvar2": 51.3191337585,
        "max": 165.411865234,
        "mean": 15.8121519089,
        "median": 10.5724306107,
        "min": 0.213825628161,
        "var": 428.342376709
    },
    "pitch_salience": {
        "dmean": 0.0613056719303,
        "dmean2": 0.0973884612322,
        "dvar": 0.00347684812732,
        "dvar2": 0.00866726227105,
        "max": 0.866605818272,
        "mean": 0.493668168783,
        "median": 0.484933018684,
        "min": 0.0855565071106,
        "var": 0.0141802597791
    },
    "silence_rate_20dB": {
        "dmean": 0,
        "dmean2": 0,
        "dvar": 0,
        "dvar2": 0,
        "max": 1,
        "mean": 1,
        "median": 1,
        "min": 1,
        "var": 0
    },
    "silence_rate_30dB": {
        "dmean": 0.00542740849778,
        "dmean2": 0.0108562894166,
        "dvar": 0.00539798056707,
        "dvar2": 0.0112812761217,
        "max": 1,
        "mean": 0.986840307713,
        "median": 1,
        "min": 0,
        "var": 0.0129861468449
    },
    "silence_rate_60dB": {
        "dmean": 0.0811397582293,
        "dmean2": 0.162301540375,
        "dvar": 0.0745579078794,
        "dvar2": 0.150896251202,
        "max": 1,
        "mean": 0.292633295059,
        "median": 0,
        "min": 0,
        "var": 0.207011938095
    },
    "spectral_centroid": {
        "dmean": 98.8785858154,
        "dmean2": 146.500061035,
        "dvar": 39689.09375,
        "dvar2": 81692.40625,
        "max": 11985.3203125,
        "mean": 944.105102539,
        "median": 598.27142334,
        "min": 91.4714202881,
        "var": 2724488.5
    },
    "spectral_complexity": {
        "dmean": 1.33677065372,
        "dmean2": 2.05780982971,
        "dvar": 2.1416516304,
        "dvar2": 4.03010320663,
        "max": 34,
        "mean": 7.1851849556,
        "median": 7,
        "min": 0,
        "var": 15.5859937668
    },
    "spectral_decrease": {
        "dmean": 1.05669750727e-09,
        "dmean2": 1.37077138529e-09,
        "dvar": 4.0796977945e-18,
        "dvar2": 6.15225796267e-18,
        "max": 1.73109408416e-28,
        "mean": -3.59765905955e-09,
        "median": -1.71817371442e-09,
        "min": -6.06527805758e-08,
        "var": 3.04549405784e-17
    },
    "spectral_energy": {
        "dmean": 0.00430549215525,
        "dmean2": 0.00555467605591,
        "dvar": 7.40793693694e-05,
        "dvar2": 0.000109955122753,
        "max": 0.265736401081,
        "mean": 0.01464417018,
        "median": 0.0067812660709,
        "min": 1.0059876573e-20,
        "var": 0.000544534705114
    },
    "spectral_energyband_high": {
        "dmean": 1.63401418831e-05,
        "dmean2": 2.14013125515e-05,
        "dvar": 9.77253833412e-09,
        "dvar2": 1.47905074854e-08,
        "max": 0.00696758413687,
        "mean": 3.40946171491e-05,
        "median": 1.9728913685e-06,
        "min": 6.97200730738e-21,
        "var": 3.82812643807e-08
    },
    "spectral_energyband_low": {
        "dmean": 0.00124055391643,
        "dmean2": 0.00204487424344,
        "dvar": 6.81632445776e-06,
        "dvar2": 1.71797310031e-05,
        "max": 0.0654234364629,
        "mean": 0.00180548627395,
        "median": 0.000651103095151,
        "min": 1.47604268847e-23,
        "var": 9.44910971157e-06
    },
    "spectral_energyband_middle_high": {
        "dmean": 0.00202025356703,
        "dmean2": 0.00252748676576,
        "dvar": 5.23353701283e-05,
        "dvar2": 7.42314950912e-05,
        "max": 0.262506455183,
        "mean": 0.00564431259409,
        "median": 0.00060327159008,
        "min": 1.09807660861e-21,
        "var": 0.000320511695463
    },
    "spectral_energyband_middle_low": {
        "dmean": 0.00208782451227,
        "dmean2": 0.00264674471691,
        "dvar": 1.04538539745e-05,
        "dvar2": 1.78304435394e-05,
        "max": 0.0777187496424,
        "mean": 0.00736774504185,
        "median": 0.00390180107206,
        "min": 1.38514874657e-22,
        "var": 9.12515170057e-05
    },
    "spectral_entropy": {
        "dmean": 0.195573925972,
        "dmean2": 0.273614019156,
        "dvar": 0.0420283228159,
        "dvar2": 0.0781916826963,
        "max": 9.82414054871,
        "mean": 6.36844682693,
        "median": 6.29843235016,
        "min": 4.54834699631,
        "var": 0.519899904728
    },
    "spectral_flux": {
        "dmean": 0.0162621531636,
        "dmean2": 0.0257277078927,
        "dvar": 0.000522145652212,
        "dvar2": 0.00128286343534,
        "max": 0.34954303503,
        "mean": 0.0397711470723,
        "median": 0.0314331613481,
        "min": 6.36267497023e-11,
        "var": 0.00109190912917
    },
    "spectral_kurtosis": {
        "dmean": 11.0414009094,
        "dmean2": 19.1950626373,
        "dvar": 114.915466309,
        "dvar2": 327.257843018,
        "max": 176.873306274,
        "mean": 21.8111038208,
        "median": 17.0168018341,
        "min": -1.27257156372,
        "var": 377.843444824
    },
    "spectral_rms": {
        "dmean": 0.0005301401834,
        "dmean2": 0.000677953939885,
        "dvar": 4.68700164902e-07,
        "dvar2": 6.96695451552e-07,
        "max": 0.0161013975739,
        "mean": 0.00307972775772,
        "median": 0.00257213320583,
        "min": 3.1328123689e-12,
        "var": 4.80222115584e-06
    },
    "spectral_rolloff": {
        "dmean": 151.985748291,
        "dmean2": 261.915039062,
        "dvar": 112287.382812,
        "dvar2": 189885.6875,
        "max": 19918.2128906,
        "mean": 1274.43603516,
        "median": 602.9296875,
        "min": 64.599609375,
        "var": 8200427.5
    },
    "spectral_skewness": {
        "dmean": 0.810916125774,
        "dmean2": 1.39411759377,
        "dvar": 0.501466393471,
        "dvar2": 1.41985177994,
        "max": 11.045750618,
        "mean": 2.90036487579,
        "median": 2.70926976204,
        "min": -0.0965362712741,
        "var": 1.91238689423
    },
    "spectral_spread": {
        "dmean": 311156.5625,
        "dmean2": 525086.6875,
        "dvar": 390990036992,
        "dvar2": 886852550656,
        "max": 46144172,
        "mean": 2878185.75,
        "median": 1893949.375,
        "min": 551968.6875,
        "var": 3.68500308705e+13
    },
    "spectral_strongpeak": {
        "dmean": 0.525469839573,
        "dmean2": 0.762695789337,
        "dvar": 1.475055933,
        "dvar2": 2.61970329285,
        "max": 33.6781234741,
        "mean": 1.47829401493,
        "median": 0.561434090137,
        "min": 0,
        "var": 7.25065374374
    },
    "zerocrossingrate": {
        "dmean": 0.0039902580902,
        "dmean2": 0.00490567274392,
        "dvar": 4.97061810165e-05,
        "dvar2": 7.74307045504e-05,
        "max": 0.5322265625,
        "mean": 0.0419258773327,
        "median": 0.02685546875,
        "min": 0.00244140625,
        "var": 0.00566173484549
    },
    "barkbands": {
        "dmean": [1.30293938128e-05, 0.00102962995879, 0.00034437366412, 0.000116957438877, 0.000838153937366, 0.000232026548474, 0.000619171187282, 0.000583688204642, 0.000243125541601, 0.000399877055315, 0.000160013049026, 0.000271857017651, 0.000656230666209, 0.000263980269665, 0.000306505477056, 0.000257747800788, 0.000138184826938, 4.60007504444e-05, 2.72112065431e-05, 1.03787579064e-05, 8.26222003525e-06, 2.4962698717e-06, 2.84907969217e-07, 8.39495370997e-08, 1.64171520822e-08, 3.89909748932e-09, 6.40713371247e-10],
        "dmean2": [2.07423672691e-05, 0.00174327509012, 0.000575419107918, 0.000191554310732, 0.00122210488189, 0.000344039086485, 0.000817404885311, 0.000652226794045, 0.000312266580295, 0.000516287400387, 0.000206590120797, 0.00037885713391, 0.000800187059212, 0.000336887809681, 0.00035516632488, 0.000361883779988, 0.000195727261598, 6.09578601143e-05, 4.08245869039e-05, 1.45156891449e-05, 1.12426641863e-05, 3.3683456877e-06, 4.28608728953e-07, 1.16258647154e-07, 2.33561010532e-08, 5.7543858567e-09, 1.18611476196e-09],
        "dvar": [5.25169518983e-10, 4.28192333857e-06, 9.03882778402e-07, 5.66297764237e-08, 3.13540863317e-06, 2.28856890772e-07, 3.44559748555e-06, 3.15520060212e-06, 1.33293690396e-06, 6.57672671878e-06, 1.12522297968e-06, 3.65779396816e-06, 1.48512463056e-05, 2.29228362514e-06, 7.6100568549e-06, 3.22516734741e-06, 2.97082624456e-06, 5.78916363736e-08, 4.64088074636e-08, 6.04511107838e-09, 2.94297808345e-09, 1.89916027349e-10, 1.61990483961e-12, 3.29715367422e-13, 5.75379655488e-14, 5.3879460843e-15, 2.96829151283e-18],
        "dvar2": [1.29940125326e-09, 1.12191337394e-05, 2.36163941736e-06, 1.37774080144e-07, 6.07970514466e-06, 5.03114904404e-07, 5.74141313336e-06, 3.91888670492e-06, 1.89226307157e-06, 1.12947118396e-05, 2.11374822356e-06, 6.4061532612e-06, 1.98002653633e-05, 3.36728862749e-06, 8.14408849692e-06, 5.80658797844e-06, 5.10114978169e-06, 1.05247544013e-07, 1.03711421673e-07, 1.0125201122e-08, 4.17824352894e-09, 3.12733783314e-10, 3.04721330634e-12, 5.0957073847e-13, 1.02189646176e-13, 1.19078390472e-14, 9.28346703984e-18],
        "max": [0.000424908270361, 0.0358561575413, 0.0338595956564, 0.00585830211639, 0.0756650269032, 0.0109712872654, 0.0686767250299, 0.0595458559692, 0.0409786254168, 0.114890038967, 0.0536771342158, 0.0681161656976, 0.153986304998, 0.0590469427407, 0.178404286504, 0.08573153615, 0.114486016333, 0.00973658729345, 0.00941075477749, 0.00634957337752, 0.0029227102641, 0.000737783033401, 4.67488680442e-05, 2.58475138253e-05, 1.75512759597e-05, 5.74154091737e-06, 4.32769873271e-08],
        "mean": [1.48481631186e-05, 0.00124409107957, 0.000420274736825, 0.000188846126548, 0.00224661547691, 0.0005624871701, 0.00170534045901, 0.00179699494038, 0.000720405660104, 0.000945966108702, 0.000304929213598, 0.000510252371896, 0.00177020102274, 0.000554493628442, 0.000676193623804, 0.000566965551116, 0.000247710064286, 8.1521080574e-05, 4.7152137995e-05, 1.82023195521e-05, 1.54360532179e-05, 4.61558465759e-06, 4.51421726666e-07, 1.34303604682e-07, 2.3121843995e-08, 4.68931959929e-09, 5.74277070342e-10],
        "median": [4.3158806875e-06, 0.00033853246714, 0.000108754567918, 6.08953050687e-05, 0.000883413827978, 0.000207671779208, 0.000235818297369, 0.000115486313007, 2.5528968763e-05, 3.23251479131e-05, 1.83977899724e-05, 2.70668951998e-05, 3.48274006683e-05, 1.83636439033e-05, 1.7864684196e-05, 1.4945172552e-05, 5.72600401938e-06, 2.54572660197e-06, 2.10065309147e-06, 1.48133199218e-06, 7.13102849659e-07, 2.65120121412e-07, 5.75415697313e-08, 1.54146881925e-08, 2.95961211094e-09, 5.68796010292e-10, 1.52577103729e-10],
        "min": [1.35326906597e-25, 3.34549835675e-24, 6.0545804172e-25, 2.93672330675e-25, 8.97616109514e-24, 3.19251081431e-24, 9.81020795301e-24, 8.8022906296e-24, 3.17194698545e-24, 1.08898161666e-23, 1.51363506605e-23, 1.36855187043e-23, 2.51552706986e-23, 2.86643527747e-23, 3.3278169862e-23, 3.02011200824e-23, 5.9314034945e-23, 7.99448870073e-23, 1.21951837495e-22, 1.56862441405e-22, 2.25021247928e-22, 2.95446533873e-22, 3.67741735709e-22, 5.36776250394e-22, 8.41120453702e-22, 1.31563419739e-21, 1.90176557449e-21],
        "var": [7.13458403467e-10, 5.00341002407e-06, 9.70274982137e-07, 1.46939470369e-07, 2.93949851766e-05, 8.67187623044e-07, 2.33128776017e-05, 2.34110448218e-05, 9.4538245321e-06, 3.05274079437e-05, 2.48786159318e-06, 8.50641390571e-06, 9.95251102722e-05, 9.35188836593e-06, 4.23978635808e-05, 1.39341009344e-05, 5.52434084966e-06, 1.68469654227e-07, 1.01512419803e-07, 1.83433570555e-08, 1.02996082774e-08, 7.84484421867e-10, 4.28361599664e-12, 9.37559491848e-13, 9.76964752044e-14, 6.98541845908e-15, 2.53706819743e-18]
    },
    "erbbands": {
        "dmean": [0.022266112268, 0.262088805437, 0.434565335512, 0.409938633442, 0.987275004387, 4.07806825638, 2.28036999702, 2.19296336174, 7.89106655121, 9.42743110657, 11.2384271622, 6.83073043823, 6.77810764313, 13.7948160172, 7.59589338303, 13.1601104736, 32.3810081482, 14.3586835861, 20.5109558105, 10.117143631, 12.6150007248, 6.05789089203, 3.27301549911, 1.56809687614, 0.923333644867, 0.501397907734, 0.397674292326, 0.281029969454, 0.0843320935965, 0.0223082713783, 0.00787212606519, 0.00242531904951, 0.00110495451372, 0.000249395583523, 9.39800374908e-05, 3.62555110769e-05, 5.68672885493e-06, 9.92794753074e-07, 2.30677574109e-06, 5.07650247528e-06],
        "dmean2": [0.0366857908666, 0.441148132086, 0.699726104736, 0.677979469299, 1.46512115002, 6.04052829742, 3.42573904991, 3.21468520164, 10.3089618683, 12.2872858047, 12.1579999924, 8.28660583496, 9.3213186264, 17.6059989929, 9.55084991455, 17.936416626, 39.7490081787, 17.398223877, 24.9024600983, 13.5968255997, 17.7993888855, 8.36548709869, 4.31426286697, 2.25290417671, 1.30482971668, 0.702599465847, 0.526788294315, 0.373463988304, 0.116668991745, 0.0329428911209, 0.0112075405195, 0.00332937249914, 0.00161517621018, 0.000340089667588, 0.000135265057907, 5.16716427228e-05, 8.21795038064e-06, 1.41143812016e-06, 2.92191839435e-06, 6.50242509437e-06],
        "dvar": [0.00136420573108, 0.304003953934, 1.34165871143, 0.821597576141, 6.10564041138, 82.4687194824, 18.7471027374, 24.1090278625, 599.282836914, 637.651916504, 1224.50976562, 1027.2064209, 2213.62817383, 9674.390625, 1460.8326416, 6242.27441406, 36087.1289062, 4319.60693359, 28680.8105469, 2824.58813477, 7061.48388672, 3253.21948242, 254.286849976, 180.380462646, 55.1376190186, 10.266579628, 6.65265750885, 4.12882661819, 0.166248232126, 0.0123108234257, 0.00190121750347, 0.000230080084293, 7.88787583588e-05, 9.42066162679e-06, 2.24675841309e-06, 4.473953652e-07, 6.66139010619e-09, 1.78349626734e-11, 2.71357086107e-11, 1.15367750075e-10],
        "dvar2": [0.00357873854227, 0.781125485897, 3.32295870781, 2.17424869537, 10.8017845154, 173.244018555, 42.4682426453, 53.274520874, 918.57409668, 1109.86462402, 1369.10522461, 1337.0826416, 4432.75537109, 16316.8603516, 2270.28076172, 10547.4521484, 49689.9296875, 5958.35742188, 33755.9804688, 5190.07128906, 12469.4824219, 5348.46728516, 446.529998779, 372.334075928, 107.591934204, 18.2928256989, 10.145324707, 4.98809719086, 0.285216361284, 0.0235417280346, 0.00300551881082, 0.000348654924892, 0.000141162308864, 1.62425894814e-05, 4.05069340559e-06, 9.94956508293e-07, 1.56454564859e-08, 3.13703125976e-11, 3.87290546855e-11, 1.68627389829e-10],
        "max": [0.56695574522, 9.73370265961, 37.4377288818, 25.7461433411, 124.147529602, 348.752532959, 93.368637085, 122.932052612, 1003.59106445, 874.630126953, 1015.02746582, 1166.45324707, 1992.90100098, 4521.21191406, 2016.59692383, 3531.27587891, 7994.14404297, 2591.1953125, 10256.0322266, 1615.02148438, 4073.59350586, 3665.46728516, 675.121459961, 758.792602539, 332.868743896, 229.484634399, 143.09916687, 155.800506592, 15.8995361328, 4.41229486465, 1.89031624794, 0.887102603912, 0.384024471045, 0.239007875323, 0.0975408032537, 0.051348451525, 0.00613474566489, 0.000228894961765, 0.000172979925992, 0.000340601749485],
        "mean": [0.0286825820804, 0.298101037741, 0.542467772961, 0.67621666193, 2.70671725273, 10.2541351318, 5.4410982132, 5.51307821274, 22.6139183044, 26.5542259216, 36.8113861084, 21.5608139038, 14.0581140518, 34.1764564514, 16.8867416382, 27.7571620941, 87.5645828247, 33.1232452393, 44.9873390198, 22.4830589294, 27.5363063812, 11.3940572739, 6.26080608368, 2.85174107552, 1.64064502716, 0.90109616518, 0.759519636631, 0.564687550068, 0.166407853365, 0.0374511256814, 0.0132499653846, 0.00399153027683, 0.00176416721661, 0.000373793562176, 0.000139019699418, 5.26645380887e-05, 1.05148546936e-05, 2.41433485826e-06, 7.8069506344e-06, 1.72141062649e-05],
        "median": [0.00894987490028, 0.0767807886004, 0.143651679158, 0.257610201836, 0.899261593819, 3.50302457809, 2.59413313866, 1.96793544292, 3.7000875473, 5.01907682419, 2.64089488983, 1.05708158016, 1.11737847328, 1.6478344202, 1.70121121407, 2.05277466774, 2.8267018795, 1.8924459219, 1.9932333231, 1.24164748192, 0.897918820381, 0.345944076777, 0.202624693513, 0.133397430182, 0.0949865207076, 0.0760367959738, 0.0416548959911, 0.0220459289849, 0.0106754694134, 0.00430661905557, 0.00137969409116, 0.000456622830825, 0.000210031837923, 5.74200785195e-05, 1.77348738362e-05, 8.23456684884e-06, 2.72455417871e-06, 5.57044074867e-07, 3.29472436533e-06, 7.61777164371e-06],
        "min": [5.22734892312e-23, 6.27830185902e-22, 1.0235715865e-21, 2.78392522306e-21, 4.184745493e-21, 1.84198695222e-20, 3.58120382192e-20, 4.64465177435e-20, 1.22912150162e-19, 1.33996615939e-19, 2.08979801759e-19, 1.7471490471e-19, 4.53251496998e-19, 4.04188855778e-19, 5.07847330282e-19, 8.9570539187e-19, 1.31382544258e-18, 1.66147197984e-18, 2.10714417599e-18, 2.85809885432e-18, 3.88403525164e-18, 4.02442724033e-18, 4.17410184986e-18, 6.27233687706e-18, 7.51143854541e-18, 6.88929201848e-18, 8.83745290791e-18, 7.08374232815e-18, 9.87384734971e-18, 9.61431777816e-18, 1.14924512113e-17, 9.25375223069e-18, 9.8479028298e-18, 6.64260070362e-18, 6.39761379442e-18, 3.66209566226e-18, 2.2021688236e-18, 9.37873508535e-19, 2.58219550104e-19, 2.46160452307e-20],
        "var": [0.00208087661304, 0.335954874754, 1.48236572742, 1.53554797173, 67.2986221313, 639.006225586, 58.9223098755, 90.2970352173, 4368.21386719, 3811.61425781, 11167.5, 7392.92089844, 5800.34716797, 48161.7851562, 5413.06201172, 15965.0400391, 238134.046875, 20286.7265625, 141376.5, 11013.9208984, 26682.0820312, 6834.6328125, 818.23046875, 399.814605713, 144.644363403, 29.0553245544, 26.0088844299, 16.9335212708, 0.771298587322, 0.0310244001448, 0.00542416330427, 0.000695398775861, 0.000195235712454, 1.70586008608e-05, 3.7373174564e-06, 5.58853457733e-07, 7.62369189999e-09, 6.02978986186e-11, 1.90994803306e-10, 8.29070478936e-10]
    },
    "gfcc": {
        "mean": [-198.078277588, 198.415328979, -145.316574097, 13.7995290756, -34.1796417236, -14.2748994827, -16.2342529297, -22.6184463501, 0.339949250221, -4.51922607422, 1.77212142944, -10.4947814941, 1.88351809978],
        "cov": [[29348.4648438, 4344.77636719, -5182.81689453, 534.361938477, -418.04788208, -492.354522705, -135.084884644, -658.636230469, 215.448394775, -134.31237793, -21.9210586548, -201.84854126, -119.56072998], [4344.77636719, 1560.65820312, -339.84185791, -76.836265564, -221.919815063, -116.991569519, -142.297485352, -204.276489258, -34.7349510193, -35.945602417, 56.2941627502, -43.4707946777, 34.8023529053], [-5182.81689453, -339.84185791, 1455.80761719, 87.9723892212, -53.5305595398, 89.2122802734, 22.0065956116, 21.3186397552, -91.9314804077, -13.8447828293, 34.4538383484, 22.5286979675, 49.5051994324], [534.361938477, -76.836265564, 87.9723892212, 690.055358887, -9.79028987885, 14.5637130737, 95.6899795532, -27.395608902, 19.6763973236, -33.1699943542, 33.3181495667, 14.4927997589, 6.50107192993], [-418.04788208, -221.919815063, -53.5305595398, -9.79028987885, 257.116607666, 13.9455280304, -0.897291064262, 35.1766624451, 15.7543182373, 11.2875680923, -10.4280023575, 45.6207580566, -10.1118211746], [-492.354522705, -116.991569519, 89.2122802734, 14.5637130737, 13.9455280304, 153.362670898, 76.2595901489, 29.2186222076, 1.31363105774, 2.22392416, -5.54659366608, -0.158197164536, 28.0207042694], [-135.084884644, -142.297485352, 22.0065956116, 95.6899795532, -0.897291064262, 76.2595901489, 203.419647217, 93.6118927002, 36.1351051331, 6.54642820358, -18.770860672, -20.8527259827, -8.00924682617], [-658.636230469, -204.276489258, 21.3186397552, -27.395608902, 35.1766624451, 29.2186222076, 93.6118927002, 195.234771729, 86.6784210205, 21.6405925751, -27.185590744, -30.4338741302, -30.7385559082], [215.448394775, -34.7349510193, -91.9314804077, 19.6763973236, 15.7543182373, 1.31363105774, 36.1351051331, 86.6784210205, 144.706100464, 67.9570083618, 1.07184922695, -28.8262119293, -43.3243331909], [-134.31237793, -35.945602417, -13.8447828293, -33.1699943542, 11.2875680923, 2.22392416, 6.54642820358, 21.6405925751, 67.9570083618, 127.657722473, 57.5736465454, -14.8866672516, -42.1867446899], [-21.9210586548, 56.2941627502, 34.4538383484, 33.3181495667, -10.4280023575, -5.54659366608, -18.770860672, -27.185590744, 1.07184922695, 57.5736465454, 139.947982788, 73.4403076172, -10.0602865219], [-201.84854126, -43.4707946777, 22.5286979675, 14.4927997589, 45.6207580566, -0.158197164536, -20.8527259827, -30.4338741302, -28.8262119293, -14.8866672516, 73.4403076172, 149.882202148, 67.263633728], [-119.56072998, 34.8023529053, 49.5051994324, 6.50107192993, -10.1118211746, 28.0207042694, -8.00924682617, -30.7385559082, -43.3243331909, -42.1867446899, -10.0602865219, 67.263633728, 132.279327393]],
        "icov": [[0.000405284255976, -0.000841029977892, 0.00124507246073, -0.000471353036119, 0.000144934878335, 2.36240048253e-05, -0.000473588384921, 0.000649736553896, -0.000257807085291, 0.000198874055059, 0.00031244798447, -0.000161305768415, 0.000357946875738], [-0.000841029977892, 0.00283434474841, -0.00238024955615, 0.00127215823159, 9.49011882767e-05, 0.000528782780748, 0.000933949428145, -0.000195434404304, -0.000443319557235, 0.000913357245736, -0.00242700008675, 0.00200071232393, -0.00182706187479], [0.00124507246073, -0.00238024955615, 0.00467078434303, -0.00159931764938, 0.000760191062, -0.000313937751343, -0.00113728572614, 0.00154087028932, 3.01966574625e-05, 0.000427409977419, 0.000579935323913, -0.000235774583416, 0.000806179537904], [-0.000471353036119, 0.00127215823159, -0.00159931764938, 0.00256738718599, -0.000494007952511, 0.000624842650723, -0.00103589927312, 0.000970794120803, -0.00162284099497, 0.0020793962758, -0.00252116168849, 0.00158039457165, -0.00115934736095], [0.000144934878335, 9.49011882767e-05, 0.000760191062, -0.000494007952511, 0.00563401775435, -0.00103682826739, 0.00100063427817, -0.000817165069748, 0.000775362364948, -0.00202374067158, 0.00371327972971, -0.0046300617978, 0.0026121318806], [2.36240048253e-05, 0.000528782780748, -0.000313937751343, 0.000624842650723, -0.00103682826739, 0.00957032199949, -0.00397207122296, 0.00120995030738, -0.000845133210532, 0.000911715906113, -0.00254449946806, 0.00309288105927, -0.00384913408197], [-0.000473588384921, 0.000933949428145, -0.00113728572614, -0.00103589927312, 0.00100063427817, -0.00397207122296, 0.00957787502557, -0.0052907736972, 0.00194694392849, -0.00189960759599, 0.00167877390049, -0.00114878895693, 0.000814802653622], [0.000649736553896, -0.000195434404304, 0.00154087028932, 0.000970794120803, -0.000817165069748, 0.00120995030738, -0.0052907736972, 0.0127802193165, -0.00813168939203, 0.00455063674599, -0.00181327830069, 0.00250293896534, -0.0002776425099], [-0.000257807085291, -0.000443319557235, 3.01966574625e-05, -0.00162284099497, 0.000775362364948, -0.000845133210532, 0.00194694392849, -0.00813168939203, 0.0167576037347, -0.0105479499325, 0.00567264854908, -0.0038639404811, 0.00293937465176], [0.000198874055059, 0.000913357245736, 0.000427409977419, 0.0020793962758, -0.00202374067158, 0.000911715906113, -0.00189960759599, 0.00455063674599, -0.0105479499325, 0.0205855667591, -0.0140172755346, 0.00957350153476, -0.0025517437607], [0.00031244798447, -0.00242700008675, 0.000579935323913, -0.00252116168849, 0.00371327972971, -0.00254449946806, 0.00167877390049, -0.00181327830069, 0.00567264854908, -0.0140172755346, 0.0246560052037, -0.0181949380785, 0.00984569452703], [-0.000161305768415, 0.00200071232393, -0.000235774583416, 0.00158039457165, -0.0046300617978, 0.00309288105927, -0.00114878895693, 0.00250293896534, -0.0038639404811, 0.00957350153476, -0.0181949380785, 0.023503864184, -0.0127064008266], [0.000357946875738, -0.00182706187479, 0.000806179537904, -0.00115934736095, 0.0026121318806, -0.00384913408197, 0.000814802653622, -0.0002776425099, 0.00293937465176, -0.0025517437607, 0.00984569452703, -0.0127064008266, 0.016477977857]]
    },
    "melbands": {
        "dmean": [0.000242039517616, 0.000268951727776, 6.83658945491e-05, 0.000190612496226, 0.000103494829091, 4.75284687127e-05, 0.000125665086671, 0.000108476109745, 8.67463531904e-05, 3.87228137697e-05, 3.41190752806e-05, 5.810903167e-05, 2.1257890694e-05, 3.08788621624e-05, 5.4674979765e-05, 5.94529374212e-05, 2.55821469182e-05, 3.33761418005e-05, 1.67024973052e-05, 1.98191137315e-05, 1.35646987474e-05, 7.67179426475e-06, 4.1729995246e-06, 1.81014354439e-06, 1.30050818825e-06, 8.12634652902e-07, 3.38023738777e-07, 3.90263068084e-07, 3.19008790939e-07, 1.89408055462e-07, 1.5794701369e-07, 5.92395075216e-08, 1.99816678759e-08, 9.51905754221e-09, 5.31241717283e-09, 2.05081640559e-09, 1.33360034127e-09, 9.10723885195e-10, 4.26636531659e-10, 1.37180516946e-10],
        "dmean2": [0.000409852160374, 0.000440009142039, 0.000112231078674, 0.000277300860034, 0.000155239191372, 7.04374251654e-05, 0.00016397771833, 0.000138425981277, 9.19871963561e-05, 4.88811929245e-05, 4.70854029118e-05, 7.38462622394e-05, 2.69654992735e-05, 4.25922735303e-05, 7.01552417013e-05, 7.12840628694e-05, 3.14273347612e-05, 4.16493312514e-05, 1.95556040126e-05, 2.79964424408e-05, 1.90010141523e-05, 1.07049554572e-05, 5.6680732996e-06, 2.35245443037e-06, 1.93057849174e-06, 1.1557859807e-06, 4.89914327773e-07, 5.51169705432e-07, 4.22533759092e-07, 2.63308265858e-07, 2.07223848747e-07, 8.2137944446e-08, 3.00671096909e-08, 1.42962957028e-08, 7.69975549986e-09, 2.92145663217e-09, 1.8528746315e-09, 1.37862365968e-09, 5.99530147749e-10, 1.9486962044e-10],
        "dvar": [1.98866061396e-07, 4.23298018859e-07, 1.93586426889e-08, 2.18756426307e-07, 3.25704583304e-08, 1.08595870074e-08, 1.52061033987e-07, 9.26316587879e-08, 7.08306089336e-08, 3.58696716773e-08, 5.57208217344e-08, 1.75454474061e-07, 1.22094094834e-08, 5.55770078847e-08, 1.03077582025e-07, 1.20479057841e-07, 1.97872509489e-08, 6.71219950732e-08, 1.56237174309e-08, 2.27350600568e-08, 1.1754709206e-08, 8.3458759903e-09, 4.94385699046e-10, 8.88697102019e-11, 1.69206967882e-10, 3.65288459203e-11, 4.66070801744e-12, 9.57150851633e-12, 6.07980636322e-12, 1.7486083111e-12, 1.06911083719e-12, 8.74081080952e-14, 1.3061591095e-14, 1.98774873446e-15, 1.10755772958e-15, 1.36425482295e-16, 1.06412001392e-16, 6.22969836346e-17, 1.62074311609e-17, 4.8490431794e-18],
        "dvar2": [5.35025151294e-07, 1.03178558675e-06, 4.99867560677e-08, 4.01946920192e-07, 7.49789776933e-08, 2.42763409375e-08, 2.35128254644e-07, 1.46489597341e-07, 7.43086729926e-08, 4.95862941818e-08, 1.09802819281e-07, 2.93280606911e-07, 2.10025721259e-08, 9.75974216999e-08, 1.45551567243e-07, 1.49183179587e-07, 2.80828835741e-08, 8.39677625208e-08, 1.61605449023e-08, 4.25647002089e-08, 2.11402433337e-08, 1.36945779161e-08, 9.23820020482e-10, 1.46533410406e-10, 3.49755918672e-10, 7.23256732282e-11, 8.83796768408e-12, 1.6799478475e-11, 9.28387228205e-12, 2.21450397082e-12, 1.46042867469e-12, 1.56745290033e-13, 2.31472234094e-14, 3.93381497759e-15, 1.74222501152e-15, 2.36190769828e-16, 1.43866957904e-16, 1.19245655656e-16, 2.8264450511e-17, 8.8295045294e-18],
        "max": [0.00695694051683, 0.0175708942115, 0.00393151864409, 0.0216984301805, 0.00392544455826, 0.00241671619006, 0.015670241788, 0.0120923500508, 0.00719071971253, 0.00631465762854, 0.0100022889674, 0.019723508507, 0.00502584548667, 0.00961558613926, 0.0132344597951, 0.0182196367532, 0.00607308605686, 0.0142854982987, 0.00868827942759, 0.00673742033541, 0.00609268900007, 0.00604464067146, 0.000974701542873, 0.000361529586371, 0.00072030571755, 0.000269323412795, 9.34050622163e-05, 0.00023134960793, 0.000171761537786, 9.70212568063e-05, 6.50355723337e-05, 1.25896358441e-05, 6.74423426972e-06, 1.60907984537e-06, 1.69708357589e-06, 6.68372251766e-07, 8.06663535968e-07, 4.00492865538e-07, 2.4938285037e-07, 1.73477374688e-07],
        "mean": [0.000306231551804, 0.000340655184118, 0.000123538033222, 0.000520322471857, 0.00024837339879, 0.000117153402243, 0.000354897289071, 0.000305993133225, 0.000283421482891, 0.000117440467875, 6.59437282593e-05, 0.000143500234117, 4.47793427156e-05, 5.87029644521e-05, 0.000142011616845, 0.000154857101734, 5.45752664038e-05, 7.11282918928e-05, 3.78241675207e-05, 4.38290553575e-05, 2.76392183878e-05, 1.33101138999e-05, 7.67825167713e-06, 3.37524829774e-06, 2.23387155529e-06, 1.41452960634e-06, 5.59930583677e-07, 6.5862889187e-07, 5.90210618157e-07, 3.40660989195e-07, 3.12459633278e-07, 1.133351617e-07, 3.09683940714e-08, 1.40331826159e-08, 8.26377100083e-09, 3.30492411216e-09, 2.03261363296e-09, 1.39203382155e-09, 5.79813641544e-10, 1.87087983994e-10],
        "median": [9.07547801035e-05, 9.67638479779e-05, 5.5081640312e-05, 0.000163282238645, 0.00012374020298, 4.0520899347e-05, 5.14580533491e-05, 5.01691683894e-05, 1.42019816849e-05, 4.12067038269e-06, 3.93710070057e-06, 4.53869233752e-06, 3.4413362755e-06, 3.3773665109e-06, 3.92439187635e-06, 3.10332688969e-06, 1.98366933546e-06, 2.5989616006e-06, 1.24637642784e-06, 1.19042260849e-06, 7.38466951589e-07, 2.76461520343e-07, 2.09793270756e-07, 9.26926375655e-08, 8.70591065905e-08, 6.73877948998e-08, 5.24245606925e-08, 4.44907968244e-08, 2.5418367855e-08, 1.82727273312e-08, 9.95671012305e-09, 6.36804076137e-09, 3.45142292524e-09, 1.78571890608e-09, 8.24419810197e-10, 3.48655104787e-10, 2.28636415356e-10, 1.5921232388e-10, 7.71225514007e-11, 2.95797275562e-11],
        "min": [1.1006904227e-24, 1.04189375981e-24, 7.16855949768e-25, 1.60570319979e-24, 1.19918000254e-24, 7.56235097295e-25, 2.20579511381e-24, 1.49800337306e-24, 1.39050569193e-24, 7.69729598459e-25, 1.78590200611e-24, 1.10482691346e-24, 1.96231398427e-24, 1.06222684686e-24, 2.18946253763e-24, 2.10884923615e-24, 2.65882885978e-24, 2.90992131376e-24, 2.68452028452e-24, 3.66561850652e-24, 3.63337421145e-24, 3.36196977245e-24, 4.33711110854e-24, 2.90282255169e-24, 4.72649442908e-24, 4.11771745232e-24, 4.50229818766e-24, 3.94383633716e-24, 4.31744993377e-24, 4.20141598879e-24, 3.54828688535e-24, 5.11001809082e-24, 5.41074961726e-24, 4.41646104928e-24, 5.31332805647e-24, 6.22631464741e-24, 4.92542621672e-24, 5.79885379984e-24, 5.52984197597e-24, 5.27412364164e-24],
        "var": [2.56682767485e-07, 4.95014887747e-07, 4.20235259924e-08, 2.26642441703e-06, 1.21412398357e-07, 4.21705621534e-08, 1.09302754936e-06, 5.53247900825e-07, 6.74991554206e-07, 2.47427607292e-07, 1.45255427242e-07, 8.80147297266e-07, 3.9110322092e-08, 1.22760724253e-07, 6.45808199806e-07, 7.80128402766e-07, 8.29647461842e-08, 3.00088714766e-07, 1.02824031956e-07, 8.92573694955e-08, 3.19631254797e-08, 1.66214828567e-08, 1.61761759543e-09, 3.12079667664e-10, 3.73798825226e-10, 1.01248655293e-10, 1.17508693748e-11, 2.60734333429e-11, 2.47139201465e-11, 6.49248450141e-12, 4.77013047118e-12, 4.13751471235e-13, 2.75255248553e-14, 4.29734754251e-15, 2.7573889166e-15, 4.06256800898e-16, 3.45257034988e-16, 1.4452982736e-16, 2.99927451393e-17, 7.77776919596e-18]
    },
    "mfcc": {
        "mean": [-808.082397461, 199.600723267, -19.1799259186, 20.5527915955, 4.93560743332, 6.15991640091, -4.032371521, -12.5566005707, -0.844243586063, -1.83331501484, 0.314362615347, 3.75221252441, 3.93873691559],
        "cov": [[7928.75341797, 1920.47216797, -2022.80041504, 876.651916504, -302.886535645, 339.766357422, -203.632614136, 27.7301807404, 135.113937378, -133.317016602, 155.70513916, 183.804840088, -6.91730833054], [1920.47216797, 1637.78857422, -37.1293106079, -82.0046539307, 37.4466781616, -14.1616239548, -37.047744751, -146.51121521, -62.6282577515, -62.0699729919, -27.5807647705, -11.154835701, 31.8325977325], [-2022.80041504, -37.1293106079, 1096.52600098, -124.438407898, 66.5655593872, -31.0141925812, 97.4107131958, -38.3544425964, -84.0173034668, 48.1756286621, -73.2288284302, -112.686012268, 1.85383546352], [876.651916504, -82.0046539307, -124.438407898, 535.177124023, 23.3319854736, 101.193336487, 21.2326602936, 59.6825294495, 34.1843948364, -27.9293823242, 51.6742019653, 51.108581543, 9.99846839905], [-302.886535645, 37.4466781616, 66.5655593872, 23.3319854736, 196.653503418, 1.14858329296, -10.7949142456, -22.8133163452, -36.7091789246, -46.4235191345, -32.2854995728, 22.1554489136, 26.6360111237], [339.766357422, -14.1616239548, -31.0141925812, 101.193336487, 1.14858329296, 163.183563232, 36.0342102051, 5.47996377945, 1.62528204918, -20.0187072754, -9.33022403717, -14.5208692551, -5.55520057678], [-203.632614136, -37.047744751, 97.4107131958, 21.2326602936, -10.7949142456, 36.0342102051, 130.605636597, 46.2766456604, 3.4708044529, 11.0902252197, -14.0684490204, -19.9243354797, -0.593457221985], [27.7301807404, -146.51121521, -38.3544425964, 59.6825294495, -22.8133163452, 5.47996377945, 46.2766456604, 145.451370239, 73.3612136841, 7.38858795166, -4.22731542587, -5.57042360306, -0.615303218365], [135.113937378, -62.6282577515, -84.0173034668, 34.1843948364, -36.7091789246, 1.62528204918, 3.4708044529, 73.3612136841, 157.134887695, 83.2479171753, 15.9753303528, -14.1621437073, -35.1981811523], [-133.317016602, -62.0699729919, 48.1756286621, -27.9293823242, -46.4235191345, -20.0187072754, 11.0902252197, 7.38858795166, 83.2479171753, 185.671401978, 91.113319397, -15.6894712448, -30.1856250763], [155.70513916, -27.5807647705, -73.2288284302, 51.6742019653, -32.2854995728, -9.33022403717, -14.0684490204, -4.22731542587, 15.9753303528, 91.113319397, 183.343215942, 91.0165481567, -9.77300453186], [183.804840088, -11.154835701, -112.686012268, 51.108581543, 22.1554489136, -14.5208692551, -19.9243354797, -5.57042360306, -14.1621437073, -15.6894712448, 91.0165481567, 160.911376953, 67.2903823853], [-6.91730833054, 31.8325977325, 1.85383546352, 9.99846839905, 26.6360111237, -5.55520057678, -0.593457221985, -0.615303218365, -35.1981811523, -30.1856250763, -9.77300453186, 67.2903823853, 160.868759155]],
