{
"lowlevel": {
    "average_loudness": 0.618725478649,
    "barkbands_crest": {
        "dmean": 2.05724048615,
        "dmean2": 3.31137633324,
        "dvar": 4.75063848495,
        "dvar2": 11.8984947205,
        "max": 26.4620227814,
        "mean": 8.84121227264,
        "median": 7.86652898788,
        "min": 2.30774259567,
        "var": 15.0503120422
    },
    "barkbands_flatness_db": {
        "dmean": 0.0203658100218,
        "dmean2": 0.0307740103453,
        "dvar": 0.000412582536228,
        "dvar2": 0.000970240973402,
        "max": 0.33399656415,
        "mean": 0.11062605679,
        "median": 0.107240825891,
        "min": 0.0174032803625,
        "var": 0.00144363660365
    },
    "barkbands_kurtosis": {
        "dmean": 2.06227278709,
        "dmean2": 3.41342020035,
        "dvar": 22.106584549,
        "dvar2": 60.4958534241,
        "max": 225.700241089,
        "mean": 2.24809598923,
        "median": 0.352501630783,
        "min": -1.83871614933,
        "var": 32.1965446472
    },
    "barkbands_skewness": {
        "dmean": 0.530861020088,
        "dmean2": 0.815763771534,
        "dvar": 0.435968160629,
        "dvar2": 0.994689047337,
        "max": 14.5362510681,
        "mean": 1.00927734375,
        "median": 0.988828837872,
        "min": -3.44637084007,
        "var": 1.76757860184
    },
    "barkbands_spread": {
        "dmean": 8.40389823914,
        "dmean2": 13.5052289963,
        "dvar": 106.418823242,
        "dvar2": 263.455718994,
        "max": 114.567817688,
        "mean": 32.3270797729,
        "median": 29.3185176849,
        "min": 1.78510606289,
        "var": 263.308654785
    },
    "dissonance": {
        "dmean": 0.0148994056508,
        "dmean2": 0.0248668566346,
        "dvar": 0.00017946929438,
        "dvar2": 0.000484181044158,
        "max": 0.499999910593,
        "mean": 0.462433278561,
        "median": 0.466297417879,
        "min": 0.255631089211,
        "var": 0.00053205358563
    },
    "dynamic_complexity": 4.14213132858,
    "erbbands_crest": {
        "dmean": 1.89192998409,
        "dmean2": 2.99873065948,
        "dvar": 4.58109807968,
        "dvar2": 10.7968378067,
        "max": 29.3382434845,
        "mean": 8.21581554413,
        "median": 7.2446231842,
        "min": 2.44706845284,
        "var": 14.0183315277
    },
    "erbbands_flatness_db": {
        "dmean": 0.0172350928187,
        "dmean2": 0.0254866592586,
        "dvar": 0.000330980867147,
        "dvar2": 0.000684907485265,
        "max": 0.315597206354,
        "mean": 0.141046613455,
        "median": 0.136442676187,
        "min": 0.0397495776415,
        "var": 0.00125089124776
    },
    "erbbands_kurtosis": {
        "dmean": 0.646430552006,
        "dmean2": 1.03108978271,
        "dvar": 1.00189304352,
        "dvar2": 2.42679524422,
        "max": 20.7380180359,
        "mean": -0.263496607542,
        "median": -0.659094810486,
        "min": -1.76816403866,
        "var": 2.05956816673
    },
    "erbbands_skewness": {
        "dmean": 0.357151299715,
        "dmean2": 0.548419415951,
        "dvar": 0.169889643788,
        "dvar2": 0.387716799974,
        "max": 4.59163045883,
        "mean": 0.0461820363998,
        "median": 0.0641763582826,
        "min": -3.04253220558,
        "var": 0.673234343529
    },
    "erbbands_spread": {
        "dmean": 9.54693603516,
        "dmean2": 15.0169630051,
        "dvar": 117.764396667,
        "dvar2": 274.540466309,
        "max": 116.076591492,
        "mean": 50.3431243896,
        "median": 48.4203872681,
        "min": 4.67299461365,
        "var": 368.347747803
    },
    "hfc": {
        "dmean": 16.9637813568,
        "dmean2": 22.1226634979,
        "dvar": 2255.46533203,
        "dvar2": 3403.88574219,
        "max": 1533.95373535,
        "mean": 39.9594535828,
        "median": 14.5854244232,
        "min": 1.08783561296e-16,
        "var": 7160.76513672
    },
    "melbands_crest": {
        "dmean": 2.65608429909,
        "dmean2": 4.24466276169,
        "dvar": 7.26023006439,
        "dvar2": 17.8752651215,
        "max": 39.1065597534,
        "mean": 12.1512069702,
        "median": 11.2132787704,
        "min": 1.57424664497,
        "var": 25.6861934662
    },
    "melbands_flatness_db": {
        "dmean": 0.0240219533443,
        "dmean2": 0.0373134016991,
        "dvar": 0.000704264966771,
        "dvar2": 0.00167101598345,
        "max": 0.422646075487,
        "mean": 0.149646654725,
        "median": 0.142801046371,
        "min": 0.00249352585524,
        "var": 0.00306384149007
    },
    "melbands_kurtosis": {
        "dmean": 5.80666160583,
        "dmean2": 9.46771621704,
        "dvar": 130.25668335,
        "dvar2": 343.100372314,
        "max": 337.218200684,
        "mean": 10.9523477554,
        "median": 5.78829097748,
        "min": -1.78537559509,
        "var": 258.966003418
    },
    "melbands_skewness": {
        "dmean": 0.676084160805,
        "dmean2": 1.04867911339,
        "dvar": 0.78906416893,
        "dvar2": 1.87708926201,
        "max": 17.4766750336,
        "mean": 2.39945292473,
        "median": 2.1297147274,
        "min": -1.50549936295,
        "var": 2.64469337463
    },
    "melbands_spread": {
        "dmean": 13.164358139,
        "dmean2": 19.9933013916,
        "dvar": 387.280853271,
        "dvar2": 778.527770996,
        "max": 222.798919678,
        "mean": 45.084438324,
        "median": 31.4441795349,
        "min": 1.57677042484,
        "var": 1595.33251953
    },
    "pitch_salience": {
        "dmean": 0.0619779378176,
        "dmean2": 0.0993860512972,
        "dvar": 0.00373643729836,
        "dvar2": 0.00950165744871,
        "max": 0.910658180714,
        "mean": 0.566756844521,
        "median": 0.5700340271,
        "min": 0.0321250706911,
        "var": 0.0122554581612
    },
    "silence_rate_20dB": {
        "dmean": 0,
        "dmean2": 0,
        "dvar": 0,
        "dvar2": 0,
        "max": 1,
        "mean": 1,
        "median": 1,
        "min": 1,
        "var": 0
    },
    "silence_rate_30dB": {
        "dmean": 0.00152104103472,
        "dmean2": 0.00304233911447,
        "dvar": 0.00151848932728,
        "dvar2": 0.00337070948444,
        "max": 1,
        "mean": 0.997718632221,
        "median": 1,
        "min": 0,
        "var": 0.00227621337399
    },
    "silence_rate_60dB": {
        "dmean": 0.0474902838469,
        "dmean2": 0.094988591969,
        "dvar": 0.045237954706,
        "dvar2": 0.09949516505,
        "max": 1,
        "mean": 0.131558939815,
        "median": 0,
        "min": 0,
        "var": 0.114264674485
    },
    "spectral_centroid": {
        "dmean": 334.864196777,
        "dmean2": 522.21496582,
        "dvar": 158327.484375,
        "dvar2": 347189.96875,
        "max": 11981.8408203,
        "mean": 2065.20751953,
        "median": 1870.39672852,
        "min": 278.527099609,
        "var": 1799599.5
    },
    "spectral_complexity": {
        "dmean": 2.85482501984,
        "dmean2": 4.34750270844,
        "dvar": 11.9340181351,
        "dvar2": 25.131937027,
        "max": 53,
        "mean": 13.9247989655,
        "median": 14,
        "min": 0,
        "var": 57.804145813
    },
    "spectral_decrease": {
        "dmean": 1.0980715226e-09,
        "dmean2": 1.62025204364e-09,
        "dvar": 2.55251951769e-18,
        "dvar2": 6.04596690832e-18,
        "max": 1.97366279398e-28,
        "mean": -3.39512351566e-09,
        "median": -2.88927726189e-09,
        "min": -2.49316691736e-08,
        "var": 7.11247196519e-18
    },
    "spectral_energy": {
        "dmean": 0.0054696155712,
        "dmean2": 0.00774925528094,
        "dvar": 7.30319588911e-05,
        "dvar2": 0.000140708652907,
        "max": 0.202130407095,
        "mean": 0.0164384339005,
        "median": 0.0130335735157,
        "min": 1.00234668936e-20,
        "var": 0.000237159547396
    },
    "spectral_energyband_high": {
        "dmean": 0.00169996230397,
        "dmean2": 0.00227940059267,
        "dvar": 2.81392658508e-05,
        "dvar2": 4.3269697926e-05,
        "max": 0.153354331851,
        "mean": 0.0034725998994,
        "median": 0.000563982874155,
        "min": 7.02222217889e-21,
        "var": 8.70151125127e-05
    },
    "spectral_energyband_low": {
        "dmean": 0.00106473825872,
        "dmean2": 0.00181495083962,
        "dvar": 1.015225007e-05,
        "dvar2": 2.88089886453e-05,
        "max": 0.0641752779484,
        "mean": 0.00182357407175,
        "median": 0.00131159136072,
        "min": 8.95782717884e-24,
        "var": 7.72760540713e-06
    },
    "spectral_energyband_middle_high": {
        "dmean": 0.00144862406887,
        "dmean2": 0.00194049731363,
        "dvar": 6.09366725257e-06,
        "dvar2": 9.60590386967e-06,
        "max": 0.0504709593952,
        "mean": 0.00421480275691,
        "median": 0.00241669779643,
        "min": 1.17139195275e-21,
        "var": 2.7241103453e-05
    },
    "spectral_energyband_middle_low": {
        "dmean": 0.00262419716455,
        "dmean2": 0.00405646208674,
        "dvar": 1.84328364412e-05,
        "dvar2": 4.56692723674e-05,
        "max": 0.0735020712018,
        "mean": 0.00722391577438,
        "median": 0.00537472683936,
        "min": 1.71167253785e-22,
        "var": 4.4676977268e-05
    },
    "spectral_entropy": {
        "dmean": 0.199023455381,
        "dmean2": 0.294344633818,
        "dvar": 0.0366604737937,
        "dvar2": 0.0807619020343,
        "max": 9.82193183899,
        "mean": 7.57776212692,
        "median": 7.57161712646,
        "min": 5.74664306641,
        "var": 0.202785953879
    },
    "spectral_flux": {
        "dmean": 0.0219206102192,
        "dmean2": 0.0348512008786,
        "dvar": 0.000660089426674,
        "dvar2": 0.00152635911945,
        "max": 0.337796568871,
        "mean": 0.0594853311777,
        "median": 0.0497567467391,
        "min": 6.3093023861e-11,
        "var": 0.00175873888656
    },
    "spectral_kurtosis": {
        "dmean": 0.931537747383,
        "dmean2": 1.57703149319,
        "dvar": 0.971384525299,
        "dvar2": 2.75005125999,
        "max": 24.5452156067,
        "mean": 2.74020671844,
        "median": 2.43519926071,
        "min": -1.26668083668,
        "var": 2.89182400703
    },
    "spectral_rms": {
        "dmean": 0.000648104120046,
        "dmean2": 0.000911730632652,
        "dvar": 6.74404191159e-07,
        "dvar2": 1.32205207137e-06,
        "max": 0.0140428058803,
        "mean": 0.00359773263335,
        "median": 0.00356590538286,
        "min": 3.12713787157e-12,
        "var": 3.09379674945e-06
    },
    "spectral_rolloff": {
        "dmean": 973.988830566,
        "dmean2": 1623.18078613,
        "dvar": 2416929.25,
        "dvar2": 5342199,
        "max": 19659.8144531,
        "mean": 3328.87573242,
        "median": 2519.38476562,
        "min": 21.533203125,
        "var": 10527764
    },
    "spectral_skewness": {
        "dmean": 0.166321918368,
        "dmean2": 0.275378197432,
        "dvar": 0.0268441475928,
        "dvar2": 0.0723194032907,
        "max": 3.62788009644,
        "mean": 1.18843328953,
        "median": 1.19481933117,
        "min": -0.0946181938052,
        "var": 0.103435926139
    },
    "spectral_spread": {
        "dmean": 630355.0625,
        "dmean2": 961474.75,
        "dvar": 577884127232,
        "dvar2": 1.22881848115e+12,
        "max": 42868072,
        "mean": 5961748,
        "median": 5374623,
        "min": 2103466.25,
        "var": 1.94299077591e+13
    },
    "spectral_strongpeak": {
        "dmean": 1.17668938637,
        "dmean2": 1.88996624947,
        "dvar": 12.7021007538,
        "dvar2": 25.3876266479,
        "max": 60.2122001648,
        "mean": 2.14208912849,
        "median": 0.848995804787,
        "min": 0,
        "var": 28.9659461975
    },
    "zerocrossingrate": {
        "dmean": 0.0180059596896,
        "dmean2": 0.0209086127579,
        "dvar": 0.000489943427965,
        "dvar2": 0.000610181246884,
        "max": 0.52294921875,
        "mean": 0.107421502471,
        "median": 0.0830078125,
        "min": 0,
        "var": 0.0062036071904
    },
    "barkbands": {
        "dmean": [4.92106119054e-05, 0.000637177901808, 0.000382875849027, 0.000455257832073, 0.000909169611987, 0.000638031458948, 0.000537128362339, 0.000469746126328, 0.000560685584787, 0.000176251167431, 0.000176985282451, 0.000173261360032, 0.000124255413539, 0.000140869437018, 0.000212726110476, 0.000185013661394, 0.000157935268362, 0.000241092013312, 0.000328465626808, 0.000259161344729, 0.000118025862321, 0.000137988696224, 0.000708922452759, 0.00048372434685, 0.000129179956275, 0.00014685021597, 3.96539871872e-05],
        "dmean2": [7.95844753156e-05, 0.00111480324995, 0.000637726509012, 0.000805703049991, 0.00157239288092, 0.000970317050815, 0.00080308195902, 0.000672371068504, 0.000755783927161, 0.000246544659603, 0.000240312932874, 0.000250260840403, 0.000184099480975, 0.000209699341212, 0.000311725743813, 0.000270631542662, 0.0002273798018, 0.000362800492439, 0.000474624626804, 0.000381571531761, 0.000180480681593, 0.000200420763576, 0.000961793703027, 0.000641168153379, 0.000182117437362, 0.000204479205422, 5.59414402233e-05],
        "dvar": [2.25564669165e-08, 4.27770555689e-06, 1.16667229122e-06, 1.5815929828e-06, 5.54717189516e-06, 2.12835425373e-06, 1.27277178308e-06, 1.40849704167e-06, 2.07492394111e-06, 3.0845885135e-07, 2.55848902952e-07, 3.56265161372e-07, 1.25946854723e-07, 1.13450433048e-07, 2.53187948829e-07, 2.77038537888e-07, 1.85525479424e-07, 2.02921285108e-07, 4.83284850361e-07, 2.6088733307e-07, 6.57835101947e-08, 1.58760997238e-07, 5.32868125447e-06, 2.78259790321e-06, 2.78945748278e-07, 3.33671067665e-07, 2.95991195998e-08],
        "dvar2": [5.6604658738e-08, 1.22809724417e-05, 3.28324790644e-06, 4.42400232714e-06, 1.52821685333e-05, 4.482777058e-06, 2.57968963524e-06, 2.60884917225e-06, 3.30596708409e-06, 5.5689082501e-07, 4.13531694221e-07, 5.79480570195e-07, 2.44237810421e-07, 2.26880047194e-07, 4.93829418247e-07, 4.86922317577e-07, 3.40216047334e-07, 4.0376980337e-07, 8.41108885652e-07, 4.56461350495e-07, 1.30338946747e-07, 2.62920991645e-07, 8.35900573293e-06, 4.45457590104e-06, 4.71048394957e-07, 5.37631365205e-07, 5.19723677428e-08],
        "max": [0.00342456810176, 0.0378719419241, 0.024992685765, 0.020008765161, 0.044377990067, 0.0385421477258, 0.0247829072177, 0.0342393182218, 0.039571095258, 0.0188899915665, 0.0103024588898, 0.0212654620409, 0.0127785094082, 0.0086729824543, 0.0121273444965, 0.0233591906726, 0.0150391478091, 0.0145471505821, 0.0249445512891, 0.0107776010409, 0.00810605101287, 0.0148891555145, 0.0566684938967, 0.0481161698699, 0.0302357710898, 0.026883482933, 0.0070140263997],
        "mean": [4.8783076636e-05, 0.000950620393269, 0.000620487262495, 0.00056893308647, 0.00126532930881, 0.00155527703464, 0.00135097210295, 0.00101932568941, 0.0013128122082, 0.000389090710087, 0.000354667543434, 0.000310033879941, 0.000211131162359, 0.000283256697003, 0.000406088860473, 0.000352098169969, 0.000312646792736, 0.00051042024279, 0.000731173844542, 0.000556306447834, 0.000238755485043, 0.000260022672592, 0.00139331759419, 0.00092822406441, 0.000218975736061, 0.000232045829762, 5.73340839765e-05],
        "median": [4.91274067826e-06, 0.000576578313485, 0.000323083659168, 0.000180574701517, 0.000564928166568, 0.000387042149669, 0.000352503440809, 0.000288687617285, 0.000254259794019, 5.28369273525e-05, 6.08199152339e-05, 8.15399544081e-05, 5.66288654227e-05, 6.20636419626e-05, 0.000107281332021, 5.7074448705e-05, 5.75820959057e-05, 0.00019846665964, 0.000327042245772, 0.000225947398576, 0.000115171991638, 6.0722213675e-05, 8.38862833916e-05, 4.24683385063e-05, 2.52044137596e-05, 1.5211673599e-05, 2.51164777865e-07],
        "min": [1.61438905139e-25, 1.68122351665e-24, 4.0592196198e-25, 5.91818784581e-25, 5.59276664936e-24, 1.21192022449e-23, 5.57234619597e-24, 4.75467175175e-24, 1.20577594467e-23, 1.58983902949e-23, 1.05338655601e-23, 2.00833794386e-23, 1.89484405211e-23, 2.43705260696e-23, 4.57676713043e-23, 5.43411441509e-23, 6.16876416782e-23, 9.44286319735e-23, 1.0746539778e-22, 1.60869160606e-22, 2.396724018e-22, 2.80270389913e-22, 3.66843873159e-22, 5.70149130896e-22, 8.78963613317e-22, 1.29989504656e-21, 1.86629414728e-21],
        "var": [2.11489084023e-08, 3.12629435939e-06, 1.06853190118e-06, 1.22484277654e-06, 5.99025224801e-06, 8.66326536197e-06, 5.27030260855e-06, 4.09412041336e-06, 7.63873958931e-06, 1.18473440125e-06, 7.9899245975e-07, 9.32364514483e-07, 2.78185098068e-07, 3.52515087343e-07, 6.90851777563e-07, 8.85113081495e-07, 5.90154400015e-07, 7.90752665125e-07, 1.50894265971e-06, 8.51857407724e-07, 1.79915531362e-07, 4.76732964216e-07, 1.57841677719e-05, 8.40296161186e-06, 7.53409096887e-07, 8.32827652175e-07, 6.81021745663e-08]
    },
    "erbbands": {
        "dmean": [0.0166735555977, 0.153009012341, 0.449527174234, 0.831632912159, 3.35774230957, 2.42446660995, 3.29577088356, 5.53226423264, 7.05257558823, 8.42672348022, 12.0205965042, 11.7304525375, 6.72661209106, 7.27759504318, 4.54099369049, 6.83652877808, 5.692237854, 6.69383955002, 7.62401247025, 11.0604572296, 9.35448265076, 8.54816436768, 12.9177055359, 14.4905357361, 18.0483779907, 9.15446090698, 4.71906805038, 4.81529808044, 3.26186823845, 14.3101444244, 20.8621234894, 15.5213279724, 4.48631811142, 1.94060516357, 0.457726329565, 0.498145520687, 0.278339296579, 0.0674111917615, 0.00907583162189, 0.000315385783324],
        "dmean2": [0.0296396221966, 0.266449123621, 0.749041438103, 1.44664108753, 5.97933292389, 4.10026979446, 5.14056110382, 8.34490776062, 10.6823062897, 12.2828063965, 16.6347732544, 15.8633022308, 9.23798751831, 9.88825893402, 6.41382026672, 9.84871387482, 8.32247257233, 9.93399715424, 11.4142503738, 15.8489198685, 13.4069356918, 12.1886901855, 19.2577114105, 21.0664710999, 25.7363033295, 13.3852796555, 7.07262277603, 7.5662612915, 4.90275812149, 19.8663005829, 27.9568424225, 20.7662601471, 6.04892492294, 2.71054196358, 0.653866887093, 0.705606818199, 0.384715199471, 0.0929276943207, 0.0129337925464, 0.000445732381195],
        "dvar": [0.00357417343184, 0.228641062975, 1.62418413162, 4.16058444977, 106.715087891, 27.7420406342, 67.4955673218, 211.976745605, 245.887634277, 399.967712402, 845.261474609, 1067.37329102, 317.939758301, 402.248260498, 146.068710327, 610.454528809, 250.278991699, 288.438598633, 294.86529541, 811.670043945, 614.42590332, 569.249511719, 602.743103027, 692.537536621, 1603.8034668, 268.363830566, 77.5263519287, 120.02129364, 57.8860740662, 2027.68981934, 4537.86425781, 3269.21411133, 222.351699829, 54.205581665, 1.77580058575, 3.28349328041, 1.21679508686, 0.0802436172962, 0.00160635402426, 2.76195419247e-06],
        "dvar2": [0.0100732259452, 0.663161218166, 4.59536933899, 11.5710601807, 297.346191406, 74.1813430786, 141.617599487, 421.360107422, 515.482543945, 744.446472168, 1461.54150391, 1711.16223145, 566.578613281, 704.623168945, 245.320663452, 988.872619629, 468.254241943, 567.495300293, 684.26574707, 1435.07629395, 1133.50524902, 1050.86083984, 1199.2935791, 1263.26831055, 2669.33178711, 476.5625, 155.848999023, 241.470870972, 111.693000793, 3262.7019043, 6903.35986328, 5300.20214844, 360.885314941, 93.1563720703, 3.08202672005, 5.45440483093, 1.94183039665, 0.132558524609, 0.0029469653964, 4.98258623338e-06],
        "max": [1.3960313797, 9.21386623383, 28.4525527954, 30.962846756, 185.756774902, 107.737762451, 271.453979492, 490.608337402, 352.954406738, 861.781677246, 742.427429199, 914.82421875, 747.631591797, 463.265197754, 335.562286377, 842.661987305, 475.456787109, 492.692077637, 442.001220703, 735.65222168, 902.845397949, 1005.86993408, 899.7734375, 658.324157715, 1597.72949219, 458.695007324, 395.569915771, 412.594848633, 229.753173828, 1226.55993652, 1530.26416016, 1545.9831543, 550.393432617, 315.888641357, 39.5081977844, 75.8918685913, 54.9471054077, 16.0790405273, 1.28912258148, 0.0873289033771],
        "mean": [0.0202844254673, 0.23839224875, 0.75662112236, 1.23930668831, 3.44420838356, 3.90289235115, 7.9546995163, 13.3994007111, 17.5402736664, 20.7392406464, 28.5326881409, 26.9760227203, 16.313205719, 15.9072914124, 9.33819103241, 12.7836790085, 10.7221698761, 13.4965486526, 16.0514011383, 23.3606128693, 19.1068725586, 18.0344905853, 27.9613437653, 34.7426948547, 39.9677009583, 20.7684059143, 10.4441375732, 8.91226387024, 6.12656641006, 27.9018592834, 41.3011665344, 29.5122756958, 8.66292095184, 3.42233586311, 0.780177891254, 0.807401657104, 0.431974977255, 0.0998589321971, 0.0128751350567, 0.000468439917313],
        "median": [0.00615700474009, 0.152284696698, 0.453129500151, 0.680243194103, 1.33725476265, 1.91165363789, 1.90635895729, 3.49048304558, 5.5417175293, 7.40802049637, 9.25719451904, 6.26622915268, 4.00980234146, 3.52979373932, 3.42413711548, 3.66222190857, 3.52808070183, 4.64126682281, 5.74992609024, 6.22316884995, 4.53452157974, 4.99732351303, 11.7375278473, 16.7044677734, 16.940788269, 9.86067676544, 5.19169092178, 4.09082603455, 2.05521345139, 2.68490433693, 2.23448371887, 1.21806454659, 0.539293050766, 0.313337504864, 0.144584819674, 0.0835323110223, 0.0221286565065, 0.0021399797406, 6.55557159916e-05, 2.47737098107e-05],
        "min": [4.73410354471e-23, 2.85695960649e-22, 1.04985557358e-21, 2.86955214895e-21, 1.14507177651e-20, 1.87518678315e-20, 5.07417693964e-20, 7.59502439668e-20, 8.36909419779e-20, 1.31038618069e-19, 1.88371488602e-19, 3.14420191324e-19, 4.29937928421e-19, 6.26886788837e-19, 1.03759726581e-18, 1.00957197307e-18, 1.00885666863e-18, 1.22626103351e-18, 2.73838948287e-18, 2.42741341312e-18, 3.75866320851e-18, 3.90117402034e-18, 5.31497209816e-18, 6.25694221868e-18, 5.61945355933e-18, 8.30153499675e-18, 8.91792765534e-18, 9.56817847077e-18, 8.69302634578e-18, 1.12498441007e-17, 9.05241977832e-18, 1.06593281332e-17, 8.96052414817e-18, 8.17140046124e-18, 5.22202139914e-18, 4.09058473214e-18, 2.25136559733e-18, 9.43395042521e-19, 2.39403595162e-19, 2.8277056149e-20],
        "var": [0.00255058705807, 0.169635906816, 1.43875706196, 3.48803377151, 72.2093963623, 40.4390220642, 373.63192749, 790.679870605, 898.750488281, 1599.58190918, 2690.98071289, 3691.99853516, 1266.12695312, 1277.31884766, 422.562225342, 1598.79406738, 602.595031738, 806.32623291, 759.824951172, 2587.92260742, 2229.94042969, 1788.97814941, 2594.02563477, 2471.25976562, 5067.38623047, 950.894958496, 259.780853271, 321.485473633, 160.359771729, 5912.84619141, 14043.9335938, 9574.92382812, 672.385742188, 143.132522583, 4.74278974533, 8.04417705536, 3.10317969322, 0.194871768355, 0.00324664521031, 6.17378827883e-06]
    },
    "gfcc": {
        "mean": [-25.7799606323, 50.0916099548, -110.400856018, 37.1681098938, -71.1058044434, 3.78022837639, -40.2248306274, 13.8652496338, -24.4749126434, 3.62489032745, -14.3568639755, -2.6481897831, -20.4857540131],
        "cov": [[28574.1640625, -790.144470215, -2214.83984375, 111.962005615, -1317.21057129, -58.2365531921, -720.453430176, 389.253753662, -101.558013916, -103.207229614, -125.09765625, -12.8454198837, -731.112792969], [-790.144470215, 1934.74462891, -495.798034668, 172.450698853, 75.3081130981, -8.74838829041, -61.3258743286, -31.2834224701, -189.781158447, 120.22958374, -135.669631958, 39.4011497498, 282.662200928], [-2214.83984375, -495.798034668, 1163.24841309, 125.755332947, 45.8654098511, 75.7669677734, 183.086761475, -0.870067179203, 49.9711914062, 40.9459648132, 64.1337890625, 23.6084690094, -78.6834335327], [111.962005615, 172.450698853, 125.755332947, 312.528991699, 25.6358165741, 63.7577476501, 32.5830955505, 5.64396333694, -47.1693305969, 32.5121765137, -8.14798927307, 2.02752685547, 6.44838762283], [-1317.21057129, 75.3081130981, 45.8654098511, 25.6358165741, 322.826507568, 56.5755615234, 67.3916549683, 10.7099590302, 19.8592281342, 22.0765304565, -15.5297250748, 23.1466712952, 60.5670166016], [-58.2365531921, -8.74838829041, 75.7669677734, 63.7577476501, 56.5755615234, 123.481834412, 69.7560653687, 36.1597557068, 24.3917808533, 18.826166153, 7.51287412643, 7.31082296371, -0.770157337189], [-720.453430176, -61.3258743286, 183.086761475, 32.5830955505, 67.3916549683, 69.7560653687, 157.92855835, 42.9843254089, 50.6026229858, 13.2280635834, 17.3702964783, -0.732179403305, 7.6728811264], [389.253753662, -31.2834224701, -0.870067179203, 5.64396333694, 10.7099590302, 36.1597557068, 42.9843254089, 106.519706726, 57.4746246338, 32.719745636, 13.7878217697, 5.6069149971, -16.8926830292], [-101.558013916, -189.781158447, 49.9711914062, -47.1693305969, 19.8592281342, 24.3917808533, 50.6026229858, 57.4746246338, 174.728607178, 10.5745649338, 81.8075714111, -10.2909345627, -28.9025001526], [-103.207229614, 120.22958374, 40.9459648132, 32.5121765137, 22.0765304565, 18.826166153, 13.2280635834, 32.719745636, 10.5745649338, 112.456680298, 15.1533689499, 41.7632255554, 10.7285194397], [-125.09765625, -135.669631958, 64.1337890625, -8.14798927307, -15.5297250748, 7.51287412643, 17.3702964783, 13.7878217697, 81.8075714111, 15.1533689499, 134.604370117, 22.511636734, -20.6686725616], [-12.8454198837, 39.4011497498, 23.6084690094, 2.02752685547, 23.1466712952, 7.31082296371, -0.732179403305, 5.6069149971, -10.2909345627, 41.7632255554, 22.511636734, 82.2221908569, 40.2021064758], [-731.112792969, 282.662200928, -78.6834335327, 6.44838762283, 60.5670166016, -0.770157337189, 7.6728811264, -16.8926830292, -28.9025001526, 10.7285194397, -20.6686725616, 40.2021064758, 135.935852051]],
        "icov": [[8.6359323177e-05, 1.9335282559e-05, 0.000185986165889, -0.000153656219481, 0.000263820547843, -0.000132009867229, 0.000194739666767, -0.000311030074954, -4.43249518867e-05, 0.000184079806786, 0.000217816705117, -0.000502305221744, 0.000528990582097], [1.9335282559e-05, 0.00113197462633, 0.000390870904084, -0.000507688964717, 0.000164130498888, -8.94940876606e-06, 0.000139343304909, -0.000109809538117, 0.000695546506904, -0.00152967276517, 0.000174257889739, 0.00119259033818, -0.00215176539496], [0.000185986165889, 0.000390870904084, 0.00181175244506, -0.000910125498194, 0.000602417916525, -4.87688885187e-06, -0.00138251692988, 0.000424571393523, -5.0810907851e-05, -0.000320460181683, 0.000465952587547, -0.00168059417047, 0.0017241173191], [-0.000153656219481, -0.000507688964717, -0.000910125498194, 0.00471725966781, -0.000548759009689, -0.00201255874708, -8.36521649035e-05, 0.000130266984343, 0.00196048547514, -0.00092541606864, -0.00141991034616, 0.00209142803214, -0.000611855823081], [0.000263820547843, 0.000164130498888, 0.000602417916525, -0.000548759009689, 0.00478004431352, -0.00161014555488, -0.000454890512628, -0.000204300304176, -0.00107782171108, 6.66032356094e-05, 0.00178969046101, -0.0020237355493, -5.00477981404e-05], [-0.000132009867229, -8.94940876606e-06, -4.87688885187e-06, -0.00201255874708, -0.00161014555488, 0.0130765493959, -0.00478573003784, -0.00137022254057, -0.0004423292703, -0.000132051136461, 9.49177410803e-05, -0.000873777957167, 0.0004818282614], [0.000194739666767, 0.000139343304909, -0.00138251692988, -8.36521649035e-05, -0.000454890512628, -0.00478573003784, 0.0127572193742, -0.00410811137408, -0.00129996065516, 0.000827516312711, 9.61002297117e-05, 0.00163121509831, -0.00190318003297], [-0.000311030074954, -0.000109809538117, 0.000424571393523, 0.000130266984343, -0.000204300304176, -0.00137022254057, -0.00410811137408, 0.0164995286614, -0.00501767313108, -0.00404396979138, 0.00206383690238, -0.000698861433193, 0.000933407689445], [-4.43249518867e-05, 0.000695546506904, -5.0810907851e-05, 0.00196048547514, -0.00107782171108, -0.0004423292703, -0.00129996065516, -0.00501767313108, 0.0128207346424, -0.00155029259622, -0.00745443627238, 0.00562652945518, -0.0018287076382], [0.000184079806786, -0.00152967276517, -0.000320460181683, -0.00092541606864, 6.66032356094e-05, -0.000132051136461, 0.000827516312711, -0.00404396979138, -0.00155029259622, 0.0152196316049, 0.000548977521248, -0.0092367483303, 0.00473392149433], [0.000217816705117, 0.000174257889739, 0.000465952587547, -0.00141991034616, 0.00178969046101, 9.49177410803e-05, 9.61002297117e-05, 0.00206383690238, -0.00745443627238, 0.000548977521248, 0.0136645194143, -0.00732609303668, 0.00321640609764], [-0.000502305221744, 0.00119259033818, -0.00168059417047, 0.00209142803214, -0.0020237355493, -0.000873777957167, 0.00163121509831, -0.000698861433193, 0.00562652945518, -0.0092367483303, -0.00732609303668, 0.0261449106038, -0.0124563900754], [0.000528990582097, -0.00215176539496, 0.0017241173191, -0.000611855823081, -5.00477981404e-05, 0.0004818282614, -0.00190318003297, 0.000933407689445, -0.0018287076382, 0.00473392149433, 0.00321640609764, -0.0124563900754, 0.0193617958575]]
    },
    "melbands": {
        "dmean": [0.000161606862093, 0.000222958988161, 0.000227235708735, 0.000221568509005, 0.000103111982753, 0.000126000886667, 0.000108388492663, 9.5163093647e-05, 0.000103852900793, 7.26239959477e-05, 3.3373667975e-05, 2.91946253128e-05, 1.84973705473e-05, 1.54306544573e-05, 1.96819200937e-05, 1.24499592857e-05, 1.3135262634e-05, 1.1516687664e-05, 1.79245325853e-05, 1.45027006511e-05, 1.1135251043e-05, 9.52641858021e-06, 9.80430559139e-06, 1.30208518385e-05, 1.21467382996e-05, 1.39851035783e-05, 1.36383278004e-05, 4.79498885397e-06, 3.50344498656e-06, 2.21175287152e-06, 3.43611554854e-06, 1.58821728746e-06, 3.15381544169e-06, 1.04280888991e-05, 1.420092849e-05, 8.22628499009e-06, 1.09304364742e-05, 2.90547700388e-06, 3.01861814478e-06, 1.08558367629e-06],
        "dmean2": [0.000284256966552, 0.000376478419639, 0.000400022690883, 0.000388171232771, 0.000160809941008, 0.000190492879483, 0.000164026525454, 0.00013843405759, 0.00014171708608, 9.85814403975e-05, 4.60414157715e-05, 3.9874605136e-05, 2.55700451817e-05, 2.26261036005e-05, 2.76889368251e-05, 1.8593544155e-05, 1.95295906451e-05, 1.7449257939e-05, 2.57962965406e-05, 2.13016846828e-05, 1.60652798513e-05, 1.36834660225e-05, 1.45418107422e-05, 1.94906551769e-05, 1.78478258022e-05, 2.01481416298e-05, 1.97918507183e-05, 7.22593085811e-06, 5.24758706888e-06, 3.5379378005e-06, 5.3954777286e-06, 2.53014059126e-06, 4.49956496595e-06, 1.45965132106e-05, 1.91989256564e-05, 1.11090148494e-05, 1.47159289554e-05, 3.94841936213e-06, 4.25333792009e-06, 1.54741189817e-06],
        "dvar": [2.97336981703e-07, 4.33748141404e-07, 3.90487826962e-07, 3.59217551704e-07, 5.59799921973e-08, 9.49073282186e-08, 5.11460385155e-08, 4.80004800352e-08, 6.78305340784e-08, 3.81873448418e-08, 8.26308799162e-09, 6.51441878219e-09, 2.4791544373e-09, 2.0595225525e-09, 6.04158945094e-09, 9.71012048545e-10, 1.21022813993e-09, 7.60061680261e-10, 1.96500460348e-09, 2.12902806496e-09, 1.01898056659e-09, 8.31825663905e-10, 4.33340169304e-10, 7.87848730699e-10, 5.76015179998e-10, 1.43961431665e-09, 8.67634297741e-10, 7.80488312868e-11, 4.97575834701e-11, 1.90214042434e-11, 8.53271758805e-11, 1.54583394696e-11, 8.6470629268e-11, 1.21834375921e-09, 2.19801643553e-09, 7.81411213513e-10, 1.73135961123e-09, 9.171573917e-11, 1.52499970985e-10, 1.62725683622e-11],
        "dvar2": [8.43506256842e-07, 1.24488497022e-06, 1.08543372335e-06, 1.00325974017e-06, 1.17986488135e-07, 1.94138337406e-07, 1.08321110304e-07, 9.12829207778e-08, 1.12091228743e-07, 6.23634832664e-08, 1.47322740673e-08, 1.14741958157e-08, 3.96807298131e-09, 3.6735090525e-09, 9.30243082564e-09, 1.95873295361e-09, 2.35510277946e-09, 1.69238800751e-09, 3.61289975714e-09, 3.69753561102e-09, 1.89916549154e-09, 1.5216768956e-09, 8.36091029743e-10, 1.47725232047e-09, 1.04737807316e-09, 2.50391374301e-09, 1.43037393041e-09, 1.5278436849e-10, 9.37136548917e-11, 4.52014987939e-11, 1.64242688894e-10, 3.35824042186e-11, 1.44771347688e-10, 1.98337968271e-09, 3.31366001305e-09, 1.27932220373e-09, 2.81680145875e-09, 1.5062465164e-10, 2.65978711278e-10, 2.87504482027e-11],
        "max": [0.0111801913008, 0.0139717394486, 0.0102770626545, 0.0117205800489, 0.0085595138371, 0.00947170238942, 0.00460063014179, 0.00943839363754, 0.00838375650346, 0.00521938083693, 0.00362021918409, 0.00192564434838, 0.00149749044795, 0.00152092101052, 0.00276809209026, 0.000813656428363, 0.00100099679548, 0.000633238116279, 0.00117969966959, 0.00204615341499, 0.00116614880972, 0.00109149911441, 0.00079137267312, 0.00117563828826, 0.000627724395599, 0.00147932197433, 0.00114072940778, 0.000201404196559, 0.000393749214709, 0.000144644509419, 0.000377753633074, 0.000131636537844, 0.000275881582638, 0.00118686666247, 0.00124936690554, 0.000786421529483, 0.00122183351777, 0.000295543402899, 0.000734311353881, 0.000149196275743],
        "mean": [0.000224076939048, 0.000377533200663, 0.00028972781729, 0.000270915421424, 0.000250949873589, 0.000308196991682, 0.000274617370451, 0.000226362550166, 0.000247550953645, 0.000163251155755, 7.77595996624e-05, 6.22987863608e-05, 3.73840448447e-05, 2.84177676804e-05, 3.45365697285e-05, 2.18303812289e-05, 2.51148067036e-05, 2.25066542043e-05, 3.45073931385e-05, 2.72689794656e-05, 2.11853039218e-05, 1.82357507583e-05, 2.02837272809e-05, 2.63475940301e-05, 2.77300550806e-05, 2.96628059004e-05, 2.86905633402e-05, 9.95004393189e-06, 7.42497786632e-06, 4.17142564402e-06, 5.87624163018e-06, 2.55263148574e-06, 6.04385377301e-06, 1.97153203771e-05, 2.75941547443e-05, 1.58497932716e-05, 2.0537592718e-05, 5.50899721929e-06, 5.14879957336e-06, 1.84730345154e-06],
        "median": [0.000113692687592, 0.000248880736763, 0.000144626013935, 0.000126203332911, 7.70381666371e-05, 8.06775133242e-05, 8.49436546559e-05, 7.58299429435e-05, 6.53926763334e-05, 3.31435112457e-05, 1.40748088597e-05, 1.19385222206e-05, 1.03272695924e-05, 7.03164459992e-06, 6.45029194857e-06, 5.51903212909e-06, 6.47971182843e-06, 5.30678426003e-06, 8.63396508066e-06, 4.18412173531e-06, 4.22768289354e-06, 3.41161717188e-06, 5.96135760134e-06, 9.43903705775e-06, 1.13345513455e-05, 1.18422485684e-05, 1.00008292065e-05, 4.61909030491e-06, 3.24312190969e-06, 2.17826823246e-06, 2.16458988689e-06, 8.28139206988e-07, 1.1043412087e-06, 1.53279552251e-06, 1.39993517223e-06, 8.6197468363e-07, 6.79553238569e-07, 3.41780406643e-07, 3.34916620659e-07, 2.14773649532e-07],
        "min": [8.17714035171e-25, 6.88736460459e-25, 7.60634870387e-25, 1.01419428963e-24, 1.81729926179e-24, 2.00635766633e-24, 1.15658673986e-24, 1.43859455411e-24, 1.66874886473e-24, 1.73967594036e-24, 2.25355866947e-24, 1.95831327619e-24, 2.65629405247e-24, 2.51713405841e-24, 1.28525340477e-24, 1.85626563785e-24, 1.49814536802e-24, 2.46894984267e-24, 3.36243362267e-24, 2.04188165062e-24, 3.76040408859e-24, 3.18783661624e-24, 2.76634705128e-24, 3.94828827368e-24, 4.24729890005e-24, 3.80127931082e-24, 3.99969912773e-24, 5.21601338635e-24, 5.00897408076e-24, 4.69762172552e-24, 5.08605407424e-24, 3.83079493602e-24, 5.3051594018e-24, 5.30474288324e-24, 4.57259476622e-24, 5.07561981104e-24, 5.85471264611e-24, 5.63844485122e-24, 5.62550871566e-24, 5.6091374853e-24],
        "var": [2.15010970805e-07, 3.46358632441e-07, 2.82566247733e-07, 2.74119940968e-07, 3.39677569627e-07, 3.60381591236e-07, 1.96828281673e-07, 1.73540158244e-07, 2.32447575854e-07, 1.29979284225e-07, 3.19447508446e-08, 2.05922674468e-08, 7.53214735028e-09, 5.83581183378e-09, 1.59527200339e-08, 2.22950768958e-09, 3.37744876511e-09, 2.07621053683e-09, 5.47139489271e-09, 5.72020741885e-09, 3.66761465642e-09, 2.48591458529e-09, 1.74040803991e-09, 2.68401367798e-09, 1.96926830398e-09, 3.86189746848e-09, 3.07828296187e-09, 2.45334863536e-10, 1.74556896715e-10, 4.08136718866e-11, 2.31281077623e-10, 3.63126508029e-11, 2.46111270252e-10, 3.44610562308e-09, 6.66765176405e-09, 2.25962715206e-09, 5.03084995884e-09, 2.62421778752e-10, 4.177161117e-10, 3.96263022395e-11]
    },
    "mfcc": {
        "mean": [-660.38848877, 79.3869857788, 10.9501771927, 27.9452476501, -4.97399616241, -8.03961467743, -4.55676460266, 2.30188655853, -11.0149765015, 9.94421100616, -0.853528559208, -1.98529624939, -0.262939870358],
        "cov": [[10764.6083984, -44.0472831726, -415.244598389, -193.050338745, 54.1682510376, -367.252288818, -322.694091797, 229.721160889, -400.674926758, 491.139099121, -1.09340906143, -18.7336997986, 0.433222621679], [-44.0472831726, 1486.25622559, -342.272399902, 199.705566406, -33.2369651794, 69.3609695435, 21.0332126617, -140.33996582, 207.47416687, -230.41835022, -32.309261322, -24.3307418823, -46.1135978699], [-415.244598389, -342.272399902, 875.094543457, 88.5229415894, -41.1917190552, 59.7436714172, 74.9082107544, 73.8933410645, -87.2240829468, 131.581604004, 57.659450531, 25.5571727753, 47.0057563782], [-193.050338745, 199.705566406, 88.5229415894, 271.399414062, 49.0593986511, 87.613609314, 76.6050872803, -21.716501236, 62.3964729309, -73.2493896484, 13.8888216019, 22.3779621124, 4.98429489136], [54.1682510376, -33.2369651794, -41.1917190552, 49.0593986511, 152.582473755, 41.0695495605, 25.6626834869, 19.3319587708, 14.884973526, 4.27145433426, 10.1951742172, 18.4255619049, 16.7578258514], [-367.252288818, 69.3609695435, 59.7436714172, 87.613609314, 41.0695495605, 146.993453979, 72.4081573486, 2.14592456818, 68.0665435791, -42.7665977478, 10.4522123337, 19.9670181274, 3.39900922775], [-322.694091797, 21.0332126617, 74.9082107544, 76.6050872803, 25.6626834869, 72.4081573486, 119.525787354, 29.6475868225, 44.6877441406, -22.1555519104, 11.2700424194, 17.2390003204, 14.2150697708], [229.721160889, -140.33996582, 73.8933410645, -21.716501236, 19.3319587708, 2.14592456818, 29.6475868225, 111.235733032, 1.03021895885, 80.0415344238, 11.6863279343, 17.5953121185, 23.0233364105], [-400.674926758, 207.47416687, -87.2240829468, 62.3964729309, 14.884973526, 68.0665435791, 44.6877441406, 1.03021895885, 176.386550903, -46.5398445129, 5.77317810059, 10.3707151413, -4.93312358856], [491.139099121, -230.41835022, 131.581604004, -73.2493896484, 4.27145433426, -42.7665977478, -22.1555519104, 80.0415344238, -46.5398445129, 187.51965332, 51.9145011902, 18.6857910156, 26.9467048645], [-1.09340906143, -32.309261322, 57.659450531, 13.8888216019, 10.1951742172, 10.4522123337, 11.2700424194, 11.6863279343, 5.77317810059, 51.9145011902, 100.865196228, 54.2597351074, 9.61741161346], [-18.7336997986, -24.3307418823, 25.5571727753, 22.3779621124, 18.4255619049, 19.9670181274, 17.2390003204, 17.5953121185, 10.3707151413, 18.6857910156, 54.2597351074, 94.4487991333, 50.0975036621], [0.433222621679, -46.1135978699, 47.0057563782, 4.98429489136, 16.7578258514, 3.39900922775, 14.2150697708, 23.0233364105, -4.93312358856, 26.9467048645, 9.61741161346, 50.0975036621, 106.045555115]],
