{
"lowlevel": {
    "average_loudness": 0.753000855446,
    "barkbands_crest": {
        "dmean": 2.80134034157,
        "dmean2": 4.43180179596,
        "dvar": 6.48365116119,
        "dvar2": 16.0866184235,
        "max": 26.6088123322,
        "mean": 11.139966011,
        "median": 10.2802963257,
        "min": 2.34128952026,
        "var": 21.8276748657
    },
    "barkbands_flatness_db": {
        "dmean": 0.024010900408,
        "dmean2": 0.0348527953029,
        "dvar": 0.000609257898759,
        "dvar2": 0.00117698905524,
        "max": 0.466887205839,
        "mean": 0.203526720405,
        "median": 0.20562300086,
        "min": 0.0252607353032,
        "var": 0.0055362181738
    },
    "barkbands_kurtosis": {
        "dmean": 5.15964365005,
        "dmean2": 7.99014234543,
        "dvar": 177.221939087,
        "dvar2": 411.113372803,
        "max": 358.7550354,
        "mean": 7.71496534348,
        "median": 2.45617103577,
        "min": -1.95301306248,
        "var": 366.338684082
    },
    "barkbands_skewness": {
        "dmean": 0.658971905708,
        "dmean2": 0.956046581268,
        "dvar": 0.70084810257,
        "dvar2": 1.43808138371,
        "max": 14.2921075821,
        "mean": 1.29282605648,
        "median": 1.05956184864,
        "min": -5.637758255,
        "var": 3.16430068016
    },
    "barkbands_spread": {
        "dmean": 4.35669231415,
        "dmean2": 6.55806684494,
        "dvar": 51.1768035889,
        "dvar2": 103.991966248,
        "max": 107.417037964,
        "mean": 15.1478862762,
        "median": 10.4389810562,
        "min": 0.230112805963,
        "var": 198.683456421
    },
    "dissonance": {
        "dmean": 0.0319036766887,
        "dmean2": 0.0523724593222,
        "dvar": 0.00101668178104,
        "dvar2": 0.00263670622371,
        "max": 0.500000119209,
        "mean": 0.428437978029,
        "median": 0.44084072113,
        "min": 0.156223073602,
        "var": 0.00295698759146
    },
    "dynamic_complexity": 4.69974899292,
    "erbbands_crest": {
        "dmean": 3.10892534256,
        "dmean2": 4.84314966202,
        "dvar": 8.91406536102,
        "dvar2": 21.1707839966,
        "max": 33.5585327148,
        "mean": 12.3008050919,
        "median": 11.3422279358,
        "min": 2.42323446274,
        "var": 33.6256332397
    },
    "erbbands_flatness_db": {
        "dmean": 0.0208192840219,
        "dmean2": 0.0286173969507,
        "dvar": 0.000479747512145,
        "dvar2": 0.000812954327557,
        "max": 0.457505166531,
        "mean": 0.219864159822,
        "median": 0.215568616986,
        "min": 0.0430173017085,
        "var": 0.00480841426179
    },
    "erbbands_kurtosis": {
        "dmean": 1.98737514019,
        "dmean2": 2.99703359604,
        "dvar": 13.7859172821,
        "dvar2": 29.5687503815,
        "max": 78.9685592651,
        "mean": 2.65405988693,
        "median": 0.966780424118,
        "min": -1.85640490055,
        "var": 29.6691265106
    },
    "erbbands_skewness": {
        "dmean": 0.471847712994,
        "dmean2": 0.68039894104,
        "dvar": 0.284742057323,
        "dvar2": 0.538599967957,
        "max": 7.78510093689,
        "mean": 0.685866415501,
        "median": 0.620593428612,
        "min": -6.25591754913,
        "var": 1.25569224358
    },
    "erbbands_spread": {
        "dmean": 7.21763849258,
        "dmean2": 10.7179832458,
        "dvar": 102.651672363,
        "dvar2": 231.94102478,
        "max": 187.3331604,
        "mean": 26.8987026215,
        "median": 23.276386261,
        "min": 1.2937579155,
        "var": 344.223175049
    },
    "hfc": {
        "dmean": 4.03759002686,
        "dmean2": 4.61156797409,
        "dvar": 53.4980354309,
        "dvar2": 67.8958435059,
        "max": 183.849838257,
        "mean": 15.0439586639,
        "median": 5.68817901611,
        "min": 1.05974694163e-16,
        "var": 506.961700439
    },
    "melbands_crest": {
        "dmean": 3.4933283329,
        "dmean2": 5.56310558319,
        "dvar": 10.0007743835,
        "dvar2": 23.927690506,
        "max": 34.3108482361,
        "mean": 14.3660821915,
        "median": 13.4496335983,
        "min": 1.61491560936,
        "var": 35.8110237122
    },
    "melbands_flatness_db": {
        "dmean": 0.0275172740221,
        "dmean2": 0.0385654121637,
        "dvar": 0.000880940991919,
        "dvar2": 0.00157708395272,
        "max": 0.561817467213,
        "mean": 0.257454842329,
        "median": 0.263862490654,
        "min": 0.0037177382037,
        "var": 0.00989148952067
    },
    "melbands_kurtosis": {
        "dmean": 8.2653875351,
        "dmean2": 12.8409290314,
        "dvar": 351.749542236,
        "dvar2": 823.579711914,
        "max": 465.903106689,
        "mean": 13.5381097794,
        "median": 4.42553710938,
        "min": -1.93706333637,
        "var": 752.980224609
    },
    "melbands_skewness": {
        "dmean": 0.77368503809,
        "dmean2": 1.13198018074,
        "dvar": 0.893615365028,
        "dvar2": 1.87658166885,
        "max": 14.9757966995,
        "mean": 1.93476641178,
        "median": 1.59326052666,
        "min": -4.47880411148,
        "var": 3.83352375031
    },
    "melbands_spread": {
        "dmean": 6.52401018143,
        "dmean2": 9.6739282608,
        "dvar": 162.438064575,
        "dvar2": 341.993438721,
        "max": 254.749542236,
        "mean": 22.13032341,
        "median": 13.7779188156,
        "min": 0.304965674877,
        "var": 726.726745605
    },
    "pitch_salience": {
        "dmean": 0.0741937980056,
        "dmean2": 0.115912467241,
        "dvar": 0.00504241371527,
        "dvar2": 0.0122005240992,
        "max": 0.98760831356,
        "mean": 0.535607933998,
        "median": 0.53901797533,
        "min": 0.0720019415021,
        "var": 0.0179737843573
    },
    "silence_rate_20dB": {
        "dmean": 0,
        "dmean2": 0,
        "dvar": 0,
        "dvar2": 0,
        "max": 1,
        "mean": 1,
        "median": 1,
        "min": 1,
        "var": 0
    },
    "silence_rate_30dB": {
        "dmean": 0.00186872226186,
        "dmean2": 0.00373788108118,
        "dvar": 0.00186535390094,
        "dvar2": 0.00442506140098,
        "max": 1,
        "mean": 0.997547566891,
        "median": 1,
        "min": 0,
        "var": 0.00244620558806
    },
    "silence_rate_60dB": {
        "dmean": 0.0747488886118,
        "dmean2": 0.149515241385,
        "dvar": 0.0691641047597,
        "dvar2": 0.14514259994,
        "max": 1,
        "mean": 0.183580517769,
        "median": 0,
        "min": 0,
        "var": 0.149871692061
    },
    "spectral_centroid": {
        "dmean": 216.434494019,
        "dmean2": 301.111755371,
        "dvar": 121193.59375,
        "dvar2": 212899.078125,
        "max": 11762.8476562,
        "mean": 1320.43115234,
        "median": 939.665039062,
        "min": 129.106399536,
        "var": 2417054
    },
    "spectral_complexity": {
        "dmean": 2.01681852341,
        "dmean2": 2.89265275002,
        "dvar": 6.55581521988,
        "dvar2": 10.8801774979,
        "max": 57,
        "mean": 10.6231460571,
        "median": 8,
        "min": 0,
        "var": 71.2014923096
    },
    "spectral_decrease": {
        "dmean": 1.14242770799e-09,
        "dmean2": 1.45889977876e-09,
        "dvar": 2.41166575541e-18,
        "dvar2": 3.83692938371e-18,
        "max": 8.20337096289e-25,
        "mean": -3.86858189927e-09,
        "median": -2.49756237913e-09,
        "min": -3.33238965311e-08,
        "var": 1.71776693516e-17
    },
    "spectral_energy": {
        "dmean": 0.00461150240153,
        "dmean2": 0.00583793967962,
        "dvar": 3.92460460716e-05,
        "dvar2": 6.05014793109e-05,
        "max": 0.135258451104,
        "mean": 0.0159654375166,
        "median": 0.0101096946746,
        "min": 9.99581935095e-21,
        "var": 0.000298816652503
    },
    "spectral_energyband_high": {
        "dmean": 0.000179584429134,
        "dmean2": 0.000234552047914,
        "dvar": 4.30132246265e-07,
        "dvar2": 6.99402733062e-07,
        "max": 0.0218099467456,
        "mean": 0.000460982031655,
        "median": 2.4866007152e-05,
        "min": 7.07107268705e-21,
        "var": 2.11228825719e-06
    },
    "spectral_energyband_low": {
        "dmean": 0.00202188058756,
        "dmean2": 0.0029583144933,
        "dvar": 1.40425690915e-05,
        "dvar2": 2.90074458462e-05,
        "max": 0.0932994931936,
        "mean": 0.00336297997274,
        "median": 0.00140843947884,
        "min": 1.60802053786e-23,
        "var": 3.86606552638e-05
    },
    "spectral_energyband_middle_high": {
        "dmean": 0.00180916883983,
        "dmean2": 0.0020506863948,
        "dvar": 1.81956675078e-05,
        "dvar2": 2.04601128644e-05,
        "max": 0.128397241235,
        "mean": 0.00617682654411,
        "median": 0.00104014482349,
        "min": 1.20412344516e-21,
        "var": 0.000175942084752
    },
    "spectral_energyband_middle_low": {
        "dmean": 0.00233248900622,
        "dmean2": 0.00319902272895,
        "dvar": 1.32268960442e-05,
        "dvar2": 2.35236675508e-05,
        "max": 0.0891004279256,
        "mean": 0.00646457169205,
        "median": 0.00402229651809,
        "min": 1.69820131794e-22,
        "var": 5.84631561651e-05
    },
    "spectral_entropy": {
        "dmean": 0.203925937414,
        "dmean2": 0.280736744404,
        "dvar": 0.0576087348163,
        "dvar2": 0.0952255651355,
        "max": 9.8303194046,
        "mean": 6.98771715164,
        "median": 6.93027210236,
        "min": 4.14329528809,
        "var": 0.609298050404
    },
    "spectral_flux": {
        "dmean": 0.0176666416228,
        "dmean2": 0.0274155940861,
        "dvar": 0.000365531159332,
        "dvar2": 0.000798153225332,
        "max": 0.373597174883,
        "mean": 0.058377161622,
        "median": 0.0514729619026,
        "min": 6.19920365041e-11,
        "var": 0.00141909066588
    },
    "spectral_kurtosis": {
        "dmean": 3.74057126045,
        "dmean2": 6.1897983551,
        "dvar": 21.8802337646,
        "dvar2": 56.8332252502,
        "max": 71.577507019,
        "mean": 8.61227703094,
        "median": 6.41222286224,
        "min": -1.27851104736,
        "var": 61.678237915
    },
    "spectral_rms": {
        "dmean": 0.00057884195121,
        "dmean2": 0.000733942259103,
        "dvar": 3.66705648958e-07,
        "dvar2": 5.65915343032e-07,
        "max": 0.0114873610437,
        "mean": 0.00343470531516,
        "median": 0.00314056011848,
        "min": 3.12282231324e-12,
        "var": 3.77892274628e-06
    },
    "spectral_rolloff": {
        "dmean": 363.354187012,
        "dmean2": 592.683776855,
        "dvar": 704789.5625,
        "dvar2": 1355295.875,
        "max": 19530.6152344,
        "mean": 1680.30578613,
        "median": 796.728515625,
        "min": 86.1328125,
        "var": 7793687.5
    },
    "spectral_skewness": {
        "dmean": 0.386387348175,
        "dmean2": 0.601697444916,
        "dvar": 0.169781267643,
        "dvar2": 0.385895341635,
        "max": 6.87180709839,
        "mean": 1.90553247929,
        "median": 1.78363096714,
        "min": -0.301688879728,
        "var": 0.875937402248
    },
    "spectral_spread": {
        "dmean": 444455.875,
        "dmean2": 635026.75,
        "dvar": 586509385728,
        "dvar2": 1.03465713664e+12,
        "max": 43811720,
        "mean": 4111582.75,
        "median": 3110174,
        "min": 1138809.75,
        "var": 2.73045059011e+13
    },
    "spectral_strongpeak": {
        "dmean": 0.572351932526,
        "dmean2": 0.882371544838,
        "dvar": 0.801569521427,
        "dvar2": 1.77666449547,
        "max": 14.6205396652,
        "mean": 1.38840079308,
        "median": 0.603763520718,
        "min": 0,
        "var": 3.79811549187
    },
    "zerocrossingrate": {
        "dmean": 0.00833665207028,
        "dmean2": 0.00904401112348,
        "dvar": 0.000225881507504,
        "dvar2": 0.000210714584682,
        "max": 0.53662109375,
        "mean": 0.0558893568814,
        "median": 0.0361328125,
        "min": 0.00390625,
        "var": 0.00547545216978
    },
    "barkbands": {
        "dmean": [3.76800676349e-06, 0.000718916824553, 0.00133570877369, 0.000386243773391, 0.000574719102588, 0.000450417690445, 0.000480557908304, 0.000908729911316, 0.00053829344688, 0.000713613349944, 0.000418925046688, 0.000495748361573, 0.000408164720284, 0.000251962366747, 0.000216017055209, 0.000182457239134, 0.000132455068524, 0.000106185005279, 9.07037465367e-05, 7.93641520431e-05, 6.12378644291e-05, 4.27292652603e-05, 5.14731073054e-05, 3.61737256753e-05, 7.91131878941e-06, 2.00020895136e-06, 5.1542869528e-08],
        "dmean2": [6.69046812618e-06, 0.00113919051364, 0.00196033739485, 0.000615117896814, 0.000874345249031, 0.000664351100568, 0.000725854828488, 0.00124846736435, 0.000780385162216, 0.000968724139966, 0.000520837318618, 0.000634010299109, 0.00056149601005, 0.000350293936208, 0.000289366289508, 0.000258255924564, 0.000190823382582, 0.000152362787048, 0.00012994329154, 0.000119700634968, 9.104135097e-05, 6.07539950579e-05, 7.11421453161e-05, 4.9795184168e-05, 1.05889757833e-05, 2.6531192816e-06, 8.54379251791e-08],
        "dvar": [5.60749294221e-11, 1.5112938172e-06, 8.2775914052e-06, 1.51998676756e-06, 1.08395067855e-06, 8.86105681275e-07, 1.56607893587e-06, 5.22725167684e-06, 2.18747504732e-06, 7.30760211809e-06, 2.83914664578e-06, 5.03273167851e-06, 2.81297616311e-06, 6.83526820922e-07, 6.88948261995e-07, 4.64444866566e-07, 2.14320820646e-07, 9.53270742343e-08, 5.97218061671e-08, 6.92752735176e-08, 6.52525429246e-08, 2.83562879844e-08, 9.11352699973e-08, 3.96241723877e-08, 1.23094545668e-09, 8.46780631725e-11, 3.96624769974e-14],
        "dvar2": [1.63042912504e-10, 3.66298854715e-06, 1.7036933059e-05, 2.99335943055e-06, 2.23331949201e-06, 1.83497718353e-06, 3.50726941178e-06, 9.03865111468e-06, 4.13393127019e-06, 1.13892338049e-05, 3.45602393281e-06, 7.66661651141e-06, 4.63344804302e-06, 1.20184813568e-06, 1.13081409836e-06, 1.02581986994e-06, 4.7922350177e-07, 1.96229976268e-07, 1.19539379284e-07, 1.68411204982e-07, 1.59196872573e-07, 5.90861795047e-08, 1.84810531323e-07, 7.96425467797e-08, 2.23588170201e-09, 1.42344996901e-10, 1.03825537848e-13],
        "max": [0.0001447252871, 0.0242847129703, 0.0638746023178, 0.0566457696259, 0.0284185670316, 0.023541001603, 0.04315578565, 0.0582147166133, 0.0461715124547, 0.0895517319441, 0.0946560874581, 0.0836675912142, 0.0786980316043, 0.0244962405413, 0.0287222247571, 0.0265994407237, 0.01678830944, 0.0119711244479, 0.00832304637879, 0.0114756282419, 0.011900071986, 0.00737669551745, 0.0157347619534, 0.0102870380506, 0.00131108204369, 0.000514611718245, 4.74104308523e-06],
        "mean": [3.57614567292e-06, 0.00106248923112, 0.00197054259479, 0.000500856258441, 0.00114089809358, 0.000937602599151, 0.000901431136299, 0.00166249717586, 0.000959086522926, 0.00134074885864, 0.000831061857753, 0.00106408516876, 0.00101938669104, 0.000481379276607, 0.00057095621014, 0.000343566673109, 0.000227133379667, 0.00021368166199, 0.000183765834663, 0.000152613036335, 0.000134162124596, 8.34985985421e-05, 8.99630394997e-05, 7.00662421877e-05, 1.62404794537e-05, 4.12579674958e-06, 5.0381455452e-08],
        "median": [1.44963689763e-06, 0.000397935509682, 0.000399277487304, 0.000161234376719, 0.000536878185812, 0.000344344065525, 0.000231989179156, 0.000280857580947, 0.000119517229905, 0.000101901241578, 3.89583947253e-05, 3.89751476177e-05, 3.98381489504e-05, 2.16452026507e-05, 2.62031899183e-05, 2.54270162259e-05, 2.00182676053e-05, 2.7831960324e-05, 2.97231963486e-05, 1.80713832378e-05, 5.00940177517e-06, 3.24633288074e-06, 2.69640486295e-06, 9.28961753743e-07, 6.02005968631e-07, 2.4921956765e-07, 3.10210479526e-09],
        "min": [2.2619716245e-25, 2.16775762147e-24, 4.41183723969e-25, 1.06505984359e-24, 4.94026745136e-24, 7.01705106943e-24, 9.3427124145e-24, 6.42138259433e-24, 1.33341490131e-23, 8.85756769095e-24, 1.07109451118e-23, 1.3734997638e-23, 3.3200760519e-23, 3.36191060789e-23, 3.72980283301e-23, 4.67611848165e-23, 7.67577248672e-23, 7.71671752314e-23, 1.06191418973e-22, 1.53698440221e-22, 2.57598956638e-22, 3.24097330862e-22, 3.89669014404e-22, 5.45121363786e-22, 8.44823682336e-22, 1.28517512926e-21, 1.91098472052e-21],
        "var": [4.57039094071e-11, 2.75738625533e-06, 2.37293406826e-05, 2.31249578064e-06, 3.72895897272e-06, 2.92295749205e-06, 4.09647554989e-06, 1.66324607562e-05, 6.67432414048e-06, 2.45505761995e-05, 1.7973334252e-05, 1.83965403266e-05, 1.98490506591e-05, 2.93468178825e-06, 4.89253670821e-06, 1.36053893129e-06, 4.35298886714e-07, 3.05159232994e-07, 1.82192792408e-07, 1.92786558273e-07, 2.1358549418e-07, 9.09790713877e-08, 1.84366768963e-07, 1.05055960375e-07, 3.80879505713e-09, 2.55970356022e-10, 4.48812638258e-14]
    },
    "erbbands": {
        "dmean": [0.00961432047188, 0.213021680713, 1.30017387867, 1.45552265644, 1.08845937252, 2.35344171524, 3.35740232468, 3.58054184914, 6.42875051498, 12.4718580246, 18.3503246307, 11.1223735809, 16.9037914276, 20.4341850281, 16.2227783203, 20.6574420929, 17.087474823, 13.9725446701, 10.699836731, 8.52689743042, 9.08318328857, 6.21959209442, 5.0304107666, 5.66172170639, 3.95484447479, 3.72147989273, 2.89169239998, 1.90040397644, 1.55581390858, 1.43348193169, 1.49024128914, 1.09597110748, 0.368175655603, 0.112070694566, 0.0515567921102, 0.0155907934532, 0.00254090758972, 0.000225687166676, 7.6257042565e-06, 5.73368106416e-06],
        "dmean2": [0.0149988997728, 0.330257743597, 1.87036716938, 2.27610135078, 1.73704612255, 3.57869553566, 5.01020956039, 5.2806520462, 9.66445350647, 17.5269985199, 25.3934440613, 15.7657308578, 23.5747756958, 25.1935558319, 20.390039444, 26.3266830444, 22.2906322479, 18.8253555298, 13.6521549225, 11.8746356964, 12.7954387665, 8.55800819397, 6.82753229141, 8.10408496857, 5.72521734238, 5.54964923859, 4.45201873779, 2.8231511116, 2.24166369438, 2.01772236824, 2.04997444153, 1.51920485497, 0.509365797043, 0.15259025991, 0.0688345059752, 0.0208095367998, 0.0033448683098, 0.000313343916787, 9.78491061687e-06, 7.10317544872e-06],
        "dvar": [0.000276039500022, 0.129378184676, 7.65891361237, 13.6522436142, 4.21959686279, 19.3353328705, 58.9056816101, 67.5511016846, 299.63079834, 1037.6796875, 2552.67236328, 756.297790527, 4301.42871094, 6494.45800781, 4938.05224609, 7618.1796875, 4019.59204102, 2049.97167969, 1356.44641113, 1105.66784668, 995.706054688, 457.063415527, 258.290679932, 252.280944824, 106.50944519, 159.153152466, 152.546463013, 49.3972587585, 37.4082756042, 76.0706634521, 65.0668182373, 43.0872497559, 3.2402305603, 0.257007032633, 0.051287908107, 0.00576633401215, 9.99551193672e-05, 6.47534534437e-07, 4.87560769535e-10, 6.22483800616e-11],
        "dvar2": [0.000632851151749, 0.302405893803, 14.3580560684, 29.3027858734, 10.0496721268, 40.1560630798, 121.85723877, 145.309707642, 677.273010254, 1964.61181641, 4332.82275391, 1434.05004883, 7064.52099609, 9913.45703125, 6485.81298828, 12006.7705078, 6578.47607422, 3500.15283203, 1901.17651367, 2095.05957031, 2205.37060547, 929.913452148, 450.365081787, 523.793151855, 232.763580322, 384.321685791, 381.116119385, 113.385391235, 80.0182571411, 178.727401733, 122.061546326, 85.9616394043, 5.91268110275, 0.476381063461, 0.0881989225745, 0.00988351926208, 0.000164524157299, 1.08672350052e-06, 7.60857821192e-10, 9.1892785048e-11],
        "max": [0.477287560701, 6.12192058563, 65.8430328369, 149.763214111, 51.6473464966, 137.885818481, 237.189483643, 253.877288818, 790.346679688, 931.478149414, 1588.18115234, 686.128112793, 2804.69067383, 3635.53051758, 4111.93164062, 3390.98754883, 3363.75561523, 1618.29626465, 1355.86425781, 1159.34863281, 1421.45666504, 853.834960938, 883.416564941, 543.662658691, 334.464508057, 493.333343506, 624.86126709, 250.690444946, 280.373291016, 443.863311768, 386.94833374, 363.51739502, 69.0549087524, 19.7381763458, 7.19784116745, 4.01949548721, 0.464610487223, 0.0271309055388, 0.000747464888263, 0.000168091501109],
        "mean": [0.0152362221852, 0.324350595474, 1.9939905405, 2.12073850632, 1.7868064642, 4.3568983078, 6.77194166183, 7.40608310699, 13.2275505066, 22.2249164581, 35.7380332947, 21.0531158447, 28.2368412018, 48.7037849426, 33.4743614197, 49.9427833557, 50.478187561, 32.0384750366, 30.6563777924, 18.0176200867, 18.5580348969, 12.2656850815, 10.924030304, 11.8916721344, 8.400141716, 7.3094367981, 6.2265048027, 4.23183822632, 2.97019958496, 2.62372303009, 2.73008871078, 1.98090970516, 0.729686737061, 0.232993870974, 0.102322421968, 0.0319227576256, 0.00540192332119, 0.000424137804657, 2.08471774386e-05, 2.03997242352e-05],
        "median": [0.005550541915, 0.127439677715, 0.490449815989, 0.675945401192, 0.812446832657, 1.70803809166, 2.47088766098, 2.49866771698, 3.7828104496, 4.7584733963, 6.92945766449, 4.35516214371, 4.06047391891, 3.49868178368, 3.03611421585, 2.67875671387, 2.41274166107, 1.7855309248, 1.54456877708, 1.58551228046, 1.47587871552, 1.26209890842, 1.60073161125, 1.61995244026, 1.54473125935, 0.910773694515, 0.317113906145, 0.178532212973, 0.11719968915, 0.105849802494, 0.0697896108031, 0.029688378796, 0.0113418931141, 0.00642560841516, 0.00414876826108, 0.00156858284026, 0.000360242062015, 3.93743648601e-05, 7.90358808445e-06, 1.22917072076e-05],
        "min": [6.42155937806e-23, 3.70483033665e-22, 1.05171309489e-21, 4.9122431677e-21, 9.11873809859e-21, 2.0519766058e-20, 2.96048490532e-20, 8.33794632409e-20, 8.85072075569e-20, 1.71164516274e-19, 2.85060604554e-19, 4.05504305596e-19, 3.36197659654e-19, 3.24822943955e-19, 6.14998393977e-19, 7.1809585908e-19, 1.75518751074e-18, 1.90147481566e-18, 1.54143876718e-18, 2.84622860574e-18, 3.13950528512e-18, 4.58893582219e-18, 3.94923900419e-18, 5.41339170181e-18, 7.54663259894e-18, 7.65266640012e-18, 9.97364420907e-18, 9.5416863573e-18, 1.01436107998e-17, 1.25179343136e-17, 1.09387679421e-17, 9.9975530375e-18, 9.55440012331e-18, 7.6716319972e-18, 6.01701227816e-18, 4.17643987586e-18, 2.42886759664e-18, 9.19258015644e-19, 2.44557524914e-19, 2.66296080213e-20],
        "var": [0.00058400130365, 0.268524795771, 24.1734886169, 22.2609062195, 8.12601661682, 61.778793335, 185.085708618, 198.675033569, 801.937744141, 2732.4609375, 9138.39550781, 2355.26513672, 9746.20996094, 35113.078125, 25070.0800781, 33001.7226562, 45791.6523438, 10546.8623047, 13164.0527344, 3175.79736328, 3321.76538086, 1204.28161621, 966.45513916, 811.910827637, 331.292022705, 453.436706543, 472.179229736, 186.932922363, 110.541282654, 137.824401855, 153.737075806, 101.064872742, 9.02988910675, 0.79686152935, 0.168293952942, 0.0177457164973, 0.000343612453435, 1.93193591258e-06, 1.87798665507e-09, 5.06800990063e-10]
    },
    "gfcc": {
        "mean": [-112.330070496, 120.926612854, -124.376808167, 24.8027858734, -58.2250022888, 1.68904340267, -29.9134159088, 6.68805980682, -19.8787994385, -0.744840204716, -9.72408294678, -4.98319578171, -11.8871049881],
        "cov": [[29773.734375, 1011.54858398, -4270.84423828, 568.65246582, -1554.63098145, 406.292266846, -699.43371582, 205.881134033, -457.025970459, 39.8023109436, -198.051986694, -35.5501594543, -458.434051514], [1011.54858398, 2316.37573242, 160.819869995, -256.341339111, 382.54196167, -298.64453125, 182.963134766, -84.4058837891, 5.0478348732, -185.190093994, 45.96459198, -188.731048584, -13.375002861], [-4270.84423828, 160.819869995, 2149.66064453, 620.272216797, 27.9250011444, 68.8179626465, 87.9559020996, 50.2946510315, 33.4974861145, 29.3656368256, -164.566986084, -139.869644165, -14.0722341537], [568.65246582, -256.341339111, 620.272216797, 846.893432617, -82.3543243408, 109.244247437, -80.5219268799, 60.0347442627, 13.201043129, 42.8621940613, -143.028915405, -71.7272262573, -49.4195747375], [-1554.63098145, 382.54196167, 27.9250011444, -82.3543243408, 557.325805664, -13.1037158966, 109.291954041, -53.3142776489, 46.7567253113, -49.6262321472, 46.175037384, -13.0795593262, 11.5394802094], [406.292266846, -298.64453125, 68.8179626465, 109.244247437, -13.1037158966, 388.713653564, 69.4902496338, -53.5942955017, -28.9029865265, 51.1169815063, -6.50472068787, -0.140344962478, -32.3773231506], [-699.43371582, 182.963134766, 87.9559020996, -80.5219268799, 109.291954041, 69.4902496338, 251.170516968, 3.29109477997, -16.0079860687, -36.624622345, 49.5405464172, -22.5767993927, 2.82877397537], [205.881134033, -84.4058837891, 50.2946510315, 60.0347442627, -53.3142776489, -53.5942955017, 3.29109477997, 220.96913147, 30.7991847992, 2.03924465179, -35.4828987122, -8.33107376099, -6.15587282181], [-457.025970459, 5.0478348732, 33.4974861145, 13.201043129, 46.7567253113, -28.9029865265, -16.0079860687, 30.7991847992, 164.261672974, 14.2451028824, -6.78332519531, 2.31702017784, 18.3070030212], [39.8023109436, -185.190093994, 29.3656368256, 42.8621940613, -49.6262321472, 51.1169815063, -36.624622345, 2.03924465179, 14.2451028824, 133.58581543, 16.3729991913, 9.54472637177, -3.43836688995], [-198.051986694, 45.96459198, -164.566986084, -143.028915405, 46.175037384, -6.50472068787, 49.5405464172, -35.4828987122, -6.78332519531, 16.3729991913, 140.036956787, 46.9096412659, 16.3070430756], [-35.5501594543, -188.731048584, -139.869644165, -71.7272262573, -13.0795593262, -0.140344962478, -22.5767993927, -8.33107376099, 2.31702017784, 9.54472637177, 46.9096412659, 133.406005859, 40.5875320435], [-458.434051514, -13.375002861, -14.0722341537, -49.4195747375, 11.5394802094, -32.3773231506, 2.82877397537, -6.15587282181, 18.3070030212, -3.43836688995, 16.3070430756, 40.5875320435, 111.462753296]],
        "icov": [[0.000179635069799, -0.000371856265701, 0.000505764968693, -0.000400181947043, 0.000500657886732, -0.000448791863164, 0.000286123075057, -0.000301827123621, 0.000288320385152, -0.000145212718053, 0.000283411238343, -0.00029771408299, 0.000389606226236], [-0.000371856265701, 0.00150928692892, -0.00111535214819, 0.000966809515376, -0.00132496783044, 0.00147275591735, -0.000852360972203, 0.000937293865718, -0.000603827706072, 0.000869772396982, -0.000901554885786, 0.00167303788476, -0.000773393956479], [0.000505764968693, -0.00111535214819, 0.00210518180393, -0.00159890274517, 0.0013993246248, -0.00117256585509, 0.00029938609805, -0.000774331216235, 0.00074508524267, -0.000760055147111, 0.00134723260999, -0.000651821901556, 0.000861783802975], [-0.000400181947043, 0.000966809515376, -0.00159890274517, 0.00280901254155, -0.00115464371629, 0.000539179076441, 4.1720129957e-05, 0.000345484731952, -0.000649953668471, 0.000232347592828, 0.000223395021749, 0.00108060741331, -0.000504388066474], [0.000500657886732, -0.00132496783044, 0.0013993246248, -0.00115464371629, 0.00371204339899, -0.00130662077572, 6.08978552918e-05, -0.000329288537614, -7.19623203622e-05, 3.50475711457e-05, 0.000427200371632, -0.00103068351746, 0.00110702437814], [-0.000448791863164, 0.00147275591735, -0.00117256585509, 0.000539179076441, -0.00130662077572, 0.00507429009303, -0.00274351402186, 0.00217048730701, -0.000429888255894, -0.000964369624853, 0.000131154927658, 0.000595530262217, 2.54610640695e-05], [0.000286123075057, -0.000852360972203, 0.00029938609805, 4.1720129957e-05, 6.08978552918e-05, -0.00274351402186, 0.00698836613446, -0.00195818464272, 0.00103992852382, 0.0017957102973, -0.00253555574454, 0.00103988533374, -8.10386482044e-05], [-0.000301827123621, 0.000937293865718, -0.000774331216235, 0.000345484731952, -0.000329288537614, 0.00217048730701, -0.00195818464272, 0.00611065560952, -0.00154898606706, -0.000115539354738, 0.000988232903183, 0.000339231977705, -3.90088534914e-05], [0.000288320385152, -0.000603827706072, 0.00074508524267, -0.000649953668471, -7.19623203622e-05, -0.000429888255894, 0.00103992852382, -0.00154898606706, 0.00735299475491, -0.00129329867195, 0.000770269951317, -0.000422852142947, -0.000516382977366], [-0.000145212718053, 0.000869772396982, -0.000760055147111, 0.000232347592828, 3.50475711457e-05, -0.000964369624853, 0.0017957102973, -0.000115539354738, -0.00129329867195, 0.0101669952273, -0.00357367331162, 0.00146356027108, -0.000305585592287], [0.000283411238343, -0.000901554885786, 0.00134723260999, 0.000223395021749, 0.000427200371632, 0.000131154927658, -0.00253555574454, 0.000988232903183, 0.000770269951317, -0.00357367331162, 0.0124899996445, -0.0044445716776, 0.00099377357401], [-0.00029771408299, 0.00167303788476, -0.000651821901556, 0.00108060741331, -0.00103068351746, 0.000595530262217, 0.00103988533374, 0.000339231977705, -0.000422852142947, 0.00146356027108, -0.0044445716776, 0.0125037571415, -0.00414307322353], [0.000389606226236, -0.000773393956479, 0.000861783802975, -0.000504388066474, 0.00110702437814, 2.54610640695e-05, -8.10386482044e-05, -3.90088534914e-05, -0.000516382977366, -0.000305585592287, 0.00099377357401, -0.00414307322353, 0.0116977058351]]
    },
    "melbands": {
        "dmean": [0.000144465288031, 0.000533322978299, 0.000235358485952, 0.000117090326967, 0.000114876413136, 8.42905283207e-05, 9.67988307821e-05, 0.000151858665049, 0.000148883234942, 6.69278961141e-05, 8.7496409833e-05, 8.64990870468e-05, 5.22114532941e-05, 5.76685888518e-05, 5.31599434908e-05, 3.28260321112e-05, 2.70605250989e-05, 1.68916449184e-05, 1.49077241076e-05, 1.36778235174e-05, 1.15149096018e-05, 7.46115347283e-06, 5.48604839423e-06, 4.85928148919e-06, 4.99020370626e-06, 3.13256441586e-06, 3.15755255542e-06, 2.45063438342e-06, 1.78781203886e-06, 1.91577828446e-06, 1.07480843781e-06, 1.03670879525e-06, 7.80399886935e-07, 8.72790792528e-07, 9.68687118075e-07, 9.15454108963e-07, 5.93434947405e-07, 3.20040385304e-07, 1.55110285505e-07, 8.71457785934e-08],
        "dmean2": [0.000227266020374, 0.000775050895754, 0.000364657345926, 0.000180991031812, 0.000170795130543, 0.000123338599224, 0.00014607491903, 0.000210807746043, 0.000206873839488, 9.59460958256e-05, 0.000121972771012, 0.000107975371066, 6.57508135191e-05, 7.37614536774e-05, 7.06011414877e-05, 4.36944574176e-05, 3.70311427105e-05, 2.21919908654e-05, 1.96937544388e-05, 1.9365161279e-05, 1.66381887539e-05, 1.04561531771e-05, 7.65670120018e-06, 6.87304736857e-06, 7.27741280571e-06, 4.59998454971e-06, 4.73888712804e-06, 3.73958914679e-06, 2.80275480691e-06, 2.9489890494e-06, 1.64041091466e-06, 1.56670887463e-06, 1.12038253519e-06, 1.26184738747e-06, 1.3611659142e-06, 1.33096273203e-06, 8.2682259972e-07, 4.56462885268e-07, 2.23712532943e-07, 1.23443768985e-07],
        "dvar": [6.11365322811e-08, 1.10077826321e-06, 3.07610974914e-07, 4.13549265943e-08, 6.09441812571e-08, 3.53069040671e-08, 6.33574970266e-08, 1.5423383104e-07, 1.70337656868e-07, 2.98698736856e-08, 1.1835958702e-07, 1.25783586213e-07, 4.57933815312e-08, 7.83557183581e-08, 4.72239349847e-08, 1.51208983112e-08, 8.28927682051e-09, 3.46759843062e-09, 3.83299170181e-09, 4.15206447002e-09, 2.18782592043e-09, 7.04387159711e-10, 3.65380670164e-10, 1.95833682604e-10, 2.09989067801e-10, 8.08507913397e-11, 8.12889339175e-11, 8.7971477325e-11, 5.07944970807e-11, 8.38440705753e-11, 1.56285036995e-11, 1.81905202706e-11, 1.2460173518e-11, 4.05209164833e-11, 2.70347303571e-11, 3.52036629014e-11, 1.15037293927e-11, 2.46034160926e-12, 5.79257291005e-13, 1.43046097428e-13],
        "dvar2": [1.44648836908e-07, 2.14067608795e-06, 6.66411608563e-07, 9.27802759065e-08, 1.23173265365e-07, 7.29142968225e-08, 1.42928541891e-07, 2.84222863911e-07, 2.89617389626e-07, 5.94127804732e-08, 1.89375242599e-07, 1.97011516434e-07, 5.77618379793e-08, 1.30082867145e-07, 7.03307776462e-08, 2.66737103516e-08, 1.50994239334e-08, 5.26305354853e-09, 6.2043956639e-09, 8.93504203958e-09, 5.28928589816e-09, 1.42095313294e-09, 7.52273521254e-10, 3.91264576294e-10, 4.44505987574e-10, 1.73939987413e-10, 1.99392835576e-10, 2.20328089107e-10, 1.2159091789e-10, 2.13208450894e-10, 3.74874506437e-11, 4.25431599671e-11, 2.52021337827e-11, 1.01051014778e-10, 5.6076799454e-11, 6.7601049758e-11, 2.47337723219e-11, 4.77952746825e-12, 1.20849922951e-12, 2.86983192202e-13],
        "max": [0.00590276438743, 0.0243812445551, 0.0215799529105, 0.00475427601486, 0.00764637161046, 0.00518112396821, 0.0102443620563, 0.0113162202761, 0.0116558894515, 0.00377234094776, 0.0146246803924, 0.0156970284879, 0.0123306084424, 0.0119079006836, 0.0101413941011, 0.00456406921148, 0.00274916179478, 0.00211074249819, 0.00277312193066, 0.0025662840344, 0.00231566559523, 0.00118963874411, 0.000875041761901, 0.000569953932427, 0.000525624665897, 0.000333041447448, 0.000234152947087, 0.00043854030082, 0.000294749828754, 0.000446158548584, 9.24050546018e-05, 0.000148927952978, 0.000168362312252, 0.000335185730364, 0.000256702216575, 0.000324280757923, 0.000160354393302, 7.0453977969e-05, 2.40442350332e-05, 1.40738357004e-05],
        "mean": [0.000220588583034, 0.000841592438519, 0.00035895651672, 0.0002114338713, 0.000239154018345, 0.000174979126314, 0.000198086025193, 0.000267670286121, 0.000292819400784, 0.000120101794892, 0.000139331314131, 0.000198173569515, 0.000105439110484, 0.000118857009511, 0.000133227586048, 8.90507071745e-05, 5.39401735296e-05, 4.31890402979e-05, 3.63922881661e-05, 2.23426850425e-05, 2.13153543882e-05, 1.27203520606e-05, 1.07524338091e-05, 9.68445237959e-06, 9.80742424872e-06, 6.02835780228e-06, 5.97712460149e-06, 4.44490115115e-06, 3.51254971065e-06, 3.83891665479e-06, 2.05879268833e-06, 1.80290658136e-06, 1.38761572543e-06, 1.43143586229e-06, 1.64581501849e-06, 1.5287654378e-06, 1.05008496121e-06, 5.83122186981e-07, 2.8627255233e-07, 1.5951704313e-07],
        "median": [8.13539445517e-05, 0.000287627452053, 0.00013706246682, 8.93763499334e-05, 0.000102306403278, 5.90039417148e-05, 5.38689200766e-05, 5.28277596459e-05, 5.08298398927e-05, 1.78691079782e-05, 1.28576266434e-05, 9.40374684433e-06, 6.46917897029e-06, 5.37044343218e-06, 5.43179703527e-06, 3.53471637027e-06, 2.33049672715e-06, 1.96038308786e-06, 1.98568295673e-06, 1.66888207787e-06, 1.43973431932e-06, 1.12306554456e-06, 1.26127395106e-06, 1.30477917537e-06, 1.12286545573e-06, 9.90066382656e-07, 8.71168367667e-07, 4.36718607943e-07, 1.6560630911e-07, 1.12147816367e-07, 8.36266309534e-08, 6.10455117567e-08, 5.8514061152e-08, 5.45320766321e-08, 4.10825542474e-08, 2.51771083981e-08, 1.34005180286e-08, 7.6273503069e-09, 5.79465364581e-09, 4.56817739192e-09],
        "min": [1.08916743285e-24, 4.53482706431e-25, 1.1022084869e-24, 1.3045591977e-24, 8.59886588468e-25, 1.93164346671e-24, 1.55229386524e-24, 1.29646469595e-24, 2.05537156653e-24, 2.22628183152e-24, 1.46347236744e-24, 1.20170859756e-24, 1.80968635962e-24, 1.65628427078e-24, 2.37944292336e-24, 2.90506646653e-24, 2.68066551571e-24, 1.67308602198e-24, 3.14225741642e-24, 2.93904803053e-24, 3.82323488754e-24, 3.83656900342e-24, 4.23899692789e-24, 2.81665665551e-24, 3.79919159044e-24, 4.83422916291e-24, 4.23280160877e-24, 3.72579439409e-24, 4.73414835201e-24, 4.23070757749e-24, 4.74429783642e-24, 4.96342880196e-24, 5.06506840201e-24, 6.25719579084e-24, 4.91891969197e-24, 4.88727019802e-24, 5.39530253744e-24, 5.68729703493e-24, 5.99716593723e-24, 5.50380246635e-24],
        "var": [1.17983454118e-07, 3.36203538609e-06, 5.30785825958e-07, 1.16043466392e-07, 2.1120642657e-07, 1.11795053215e-07, 1.79977988068e-07, 4.14743510646e-07, 6.2667822931e-07, 8.5582307463e-08, 2.71595808954e-07, 6.2612707552e-07, 2.75566833352e-07, 2.44674623673e-07, 2.74246048093e-07, 1.20377464441e-07, 3.62287018163e-08, 2.76772986751e-08, 2.16660556163e-08, 8.017110531e-09, 4.9448090067e-09, 1.57583301963e-09, 9.96953852805e-10, 6.61885823927e-10, 6.18551487808e-10, 2.11009362761e-10, 2.17446824435e-10, 2.08429898341e-10, 1.39938297061e-10, 2.28057947527e-10, 4.46793782527e-11, 4.44083970985e-11, 3.18377546549e-11, 5.65173290112e-11, 5.55526458168e-11, 7.11058850689e-11, 2.65576883401e-11, 6.11998125788e-12, 1.44857791127e-12, 3.84574940252e-13]
    },
    "mfcc": {
        "mean": [-741.924438477, 145.561477661, -8.38204288483, 26.041841507, -4.59770011902, -1.07131099701, -2.12559294701, 3.96372795105, -6.95788621902, 5.12423372269, 0.162115782499, 0.00261159078218, 1.5214548111],
        "cov": [[12785.3007812, -476.973999023, -1609.07617188, -202.190032959, -478.336120605, 104.029174805, -202.740783691, 108.186904907, -224.946884155, 56.6324462891, 4.76497459412, 258.813598633, 31.2361297607], [-476.973999023, 2810.2421875, -140.929458618, 141.832687378, 127.37752533, -114.158126831, 177.100906372, 57.8424072266, -62.9969177246, 23.0228614807, 91.2561798096, -159.20098877, 25.653924942], [-1609.07617188, -140.929458618, 1828.04638672, 455.149780273, 68.4644470215, 129.835296631, 70.8735046387, -55.5461807251, 226.582626343, 58.901889801, -38.6931724548, 100.151268005, -81.4426345825], [-202.190032959, 141.832687378, 455.149780273, 606.827331543, 182.693008423, -15.4367866516, -9.3182258606, 24.902967453, 104.890487671, 36.8809776306, -5.38777303696, 26.32629776, -6.83866119385], [-478.336120605, 127.37752533, 68.4644470215, 182.693008423, 314.528961182, 69.5638275146, -16.1675319672, 7.16579294205, 55.0852203369, 0.886812865734, 20.5002155304, 1.6861178875, -7.82980394363], [104.029174805, -114.158126831, 129.835296631, -15.4367866516, 69.5638275146, 374.209106445, 96.0414123535, -15.0993366241, 3.8620467186, -15.7127256393, 31.9912147522, 18.5359897614, -28.5614757538], [-202.740783691, 177.100906372, 70.8735046387, -9.3182258606, -16.1675319672, 96.0414123535, 268.936065674, 46.5339050293, -21.3372936249, 18.03175354, 28.3130168915, -28.689950943, -2.36839723587], [108.186904907, 57.8424072266, -55.5461807251, 24.902967453, 7.16579294205, -15.0993366241, 46.5339050293, 180.513687134, 17.1028747559, 14.9064149857, 2.66715121269, -25.5264148712, 27.2445316315], [-224.946884155, -62.9969177246, 226.582626343, 104.890487671, 55.0852203369, 3.8620467186, -21.3372936249, 17.1028747559, 181.221450806, 35.26745224, -12.8965902328, 30.8412418365, -22.5157375336], [56.6324462891, 23.0228614807, 58.901889801, 36.8809776306, 0.886812865734, -15.7127256393, 18.03175354, 14.9064149857, 35.26745224, 129.741668701, 25.9008808136, -11.9192333221, -2.03444743156], [4.76497459412, 91.2561798096, -38.6931724548, -5.38777303696, 20.5002155304, 31.9912147522, 28.3130168915, 2.66715121269, -12.8965902328, 25.9008808136, 106.867973328, 21.9693317413, 1.27679252625], [258.813598633, -159.20098877, 100.151268005, 26.32629776, 1.6861178875, 18.5359897614, -28.689950943, -25.5264148712, 30.8412418365, -11.9192333221, 21.9693317413, 138.59375, 16.3492145538], [31.2361297607, 25.653924942, -81.4426345825, -6.83866119385, -7.82980394363, -28.5614757538, -2.36839723587, 27.2445316315, -22.5157375336, -2.03444743156, 1.27679252625, 16.3492145538, 105.92918396]],
