{
"lowlevel": {
    "average_loudness": 0.430611431599,
    "barkbands_crest": {
        "dmean": 2.65044474602,
        "dmean2": 4.31583118439,
        "dvar": 6.15420150757,
        "dvar2": 15.6692857742,
        "max": 25.9915065765,
        "mean": 13.2039699554,
        "median": 12.5666866302,
        "min": 1.92180740833,
        "var": 23.214422226
    },
    "barkbands_flatness_db": {
        "dmean": 0.0280878357589,
        "dmean2": 0.0408745631576,
        "dvar": 0.000760826922487,
        "dvar2": 0.00153063167818,
        "max": 0.480390131474,
        "mean": 0.19904191792,
        "median": 0.195607244968,
        "min": 0.016371730715,
        "var": 0.00520253647119
    },
    "barkbands_kurtosis": {
        "dmean": 13.1494579315,
        "dmean2": 19.5661621094,
        "dvar": 540.268676758,
        "dvar2": 1135.0892334,
        "max": 483.343078613,
        "mean": 28.9459533691,
        "median": 14.9572181702,
        "min": -1.91006219387,
        "var": 1698.41027832
    },
    "barkbands_skewness": {
        "dmean": 0.945651233196,
        "dmean2": 1.41898608208,
        "dvar": 1.22313380241,
        "dvar2": 2.6445646286,
        "max": 18.2144527435,
        "mean": 3.7028222084,
        "median": 3.21403241158,
        "min": -2.30943226814,
        "var": 6.70175075531
    },
    "barkbands_spread": {
        "dmean": 4.80535793304,
        "dmean2": 7.41129922867,
        "dvar": 69.210105896,
        "dvar2": 157.168304443,
        "max": 126.130508423,
        "mean": 13.1975984573,
        "median": 7.67554283142,
        "min": 0.304187774658,
        "var": 245.448196411
    },
    "dissonance": {
        "dmean": 0.0283206868917,
        "dmean2": 0.0466458685696,
        "dvar": 0.000737659400329,
        "dvar2": 0.00193377351388,
        "max": 0.500000119209,
        "mean": 0.431982040405,
        "median": 0.439969778061,
        "min": 0.117965832353,
        "var": 0.00195023650303
    },
    "dynamic_complexity": 4.39005565643,
    "erbbands_crest": {
        "dmean": 2.75266098976,
        "dmean2": 4.33015727997,
        "dvar": 7.63422870636,
        "dvar2": 17.0591239929,
        "max": 33.5513114929,
        "mean": 11.5745267868,
        "median": 10.3603448868,
        "min": 2.40430665016,
        "var": 30.9228553772
    },
    "erbbands_flatness_db": {
        "dmean": 0.0192418191582,
        "dmean2": 0.0275130514055,
        "dvar": 0.000370784313418,
        "dvar2": 0.000685996259563,
        "max": 0.390716850758,
        "mean": 0.151325821877,
        "median": 0.142819300294,
        "min": 0.0315937027335,
        "var": 0.00322196562774
    },
    "erbbands_kurtosis": {
        "dmean": 2.36084151268,
        "dmean2": 3.48380231857,
        "dvar": 13.0312271118,
        "dvar2": 25.0836277008,
        "max": 122.18421936,
        "mean": 3.9520316124,
        "median": 2.28975057602,
        "min": -1.8600435257,
        "var": 41.0694313049
    },
    "erbbands_skewness": {
        "dmean": 0.493758916855,
        "dmean2": 0.726231396198,
        "dvar": 0.27045199275,
        "dvar2": 0.536178469658,
        "max": 9.5710401535,
        "mean": 1.45228648186,
        "median": 1.43199753761,
        "min": -3.38465881348,
        "var": 1.31660783291
    },
    "erbbands_spread": {
        "dmean": 12.1969709396,
        "dmean2": 17.9496593475,
        "dvar": 230.439910889,
        "dvar2": 459.330352783,
        "max": 179.362335205,
        "mean": 49.5909919739,
        "median": 36.7959251404,
        "min": 1.14084839821,
        "var": 1338.76171875
    },
    "hfc": {
        "dmean": 3.91540980339,
        "dmean2": 5.28873682022,
        "dvar": 91.5905685425,
        "dvar2": 163.810653687,
        "max": 622.377624512,
        "mean": 10.7303609848,
        "median": 6.3526301384,
        "min": 1.08294326977e-16,
        "var": 267.633331299
    },
    "melbands_crest": {
        "dmean": 3.2085416317,
        "dmean2": 5.21091079712,
        "dvar": 9.29952812195,
        "dvar2": 22.7810401917,
        "max": 36.9873313904,
        "mean": 17.5929069519,
        "median": 16.6549987793,
        "min": 1.37164604664,
        "var": 43.1171226501
    },
    "melbands_flatness_db": {
        "dmean": 0.0323503278196,
        "dmean2": 0.0466600582004,
        "dvar": 0.00103881687392,
        "dvar2": 0.0020811567083,
        "max": 0.612593948841,
        "mean": 0.292979240417,
        "median": 0.293816030025,
        "min": 0.000511419551913,
        "var": 0.00832678191364
    },
    "melbands_kurtosis": {
        "dmean": 32.6982154846,
        "dmean2": 49.663684845,
        "dvar": 3637.15356445,
        "dvar2": 7854.05078125,
        "max": 1121.04943848,
        "mean": 78.5718078613,
        "median": 34.2642669678,
        "min": -1.79227852821,
        "var": 13728.1992188
    },
    "melbands_skewness": {
        "dmean": 1.27498698235,
        "dmean2": 1.94550454617,
        "dvar": 2.33412647247,
        "dvar2": 5.11406326294,
        "max": 26.0856552124,
        "mean": 5.27920198441,
        "median": 4.27643299103,
        "min": -2.66147685051,
        "var": 15.8231716156
    },
    "melbands_spread": {
        "dmean": 3.47737526894,
        "dmean2": 5.44978237152,
        "dvar": 54.6543960571,
        "dvar2": 129.116714478,
        "max": 225.944152832,
        "mean": 10.4128675461,
        "median": 5.56331348419,
        "min": 0.264086425304,
        "var": 317.235137939
    },
    "pitch_salience": {
        "dmean": 0.0796535015106,
        "dmean2": 0.129269912839,
        "dvar": 0.00542168784887,
        "dvar2": 0.0132751017809,
        "max": 0.995634019375,
        "mean": 0.500655055046,
        "median": 0.513857126236,
        "min": 0.071939252317,
        "var": 0.0226047020406
    },
    "silence_rate_20dB": {
        "dmean": 0.000328048103256,
        "dmean2": 0.000656132120639,
        "dvar": 0.000327855232172,
        "dvar2": 0.000764715892728,
        "max": 1,
        "mean": 0.999726653099,
        "median": 1,
        "min": 0,
        "var": 0.000273224548437
    },
    "silence_rate_30dB": {
        "dmean": 0.0236194636673,
        "dmean2": 0.047241512686,
        "dvar": 0.0230576377362,
        "dvar2": 0.052242923528,
        "max": 1,
        "mean": 0.968509078026,
        "median": 1,
        "min": 0,
        "var": 0.0304894912988
    },
    "silence_rate_60dB": {
        "dmean": 0.0310552213341,
        "dmean2": 0.062113840133,
        "dvar": 0.0300935022533,
        "dvar2": 0.0690878778696,
        "max": 1,
        "mean": 0.120059043169,
        "median": 0,
        "min": 0,
        "var": 0.10563582927
    },
    "spectral_centroid": {
        "dmean": 158.813247681,
        "dmean2": 242.787445068,
        "dvar": 91304.5,
        "dvar2": 189439.453125,
        "max": 11793.0986328,
        "mean": 708.785339355,
        "median": 446.294891357,
        "min": 117.809783936,
        "var": 1327606.625
    },
    "spectral_complexity": {
        "dmean": 1.72859489918,
        "dmean2": 2.68915748596,
        "dvar": 5.89483785629,
        "dvar2": 11.5179929733,
        "max": 47,
        "mean": 7.93690872192,
        "median": 7,
        "min": 0,
        "var": 25.1881923676
    },
    "spectral_decrease": {
        "dmean": 2.74800293631e-09,
        "dmean2": 3.87217680142e-09,
        "dvar": 1.97766973061e-17,
        "dvar2": 3.81992734796e-17,
        "max": 7.79264479204e-21,
        "mean": -7.37322913835e-09,
        "median": -4.84123408029e-09,
        "min": -1.38970008834e-07,
        "var": 7.16255229189e-17
    },
    "spectral_energy": {
        "dmean": 0.0106570851058,
        "dmean2": 0.0149819916114,
        "dvar": 0.00029906257987,
        "dvar2": 0.000574638543185,
        "max": 0.580954670906,
        "mean": 0.0288016330451,
        "median": 0.0188804361969,
        "min": 9.80608156677e-21,
        "var": 0.00108531431761
    },
    "spectral_energyband_high": {
        "dmean": 0.000189970058273,
        "dmean2": 0.000274095393252,
        "dvar": 3.20964716138e-07,
        "dvar2": 7.35418097975e-07,
        "max": 0.0164839383215,
        "mean": 0.000371657893993,
        "median": 0.000144442514284,
        "min": 7.06377750335e-21,
        "var": 5.24146571479e-07
    },
    "spectral_energyband_low": {
        "dmean": 0.00608531432226,
        "dmean2": 0.00888844951987,
        "dvar": 0.000157244998263,
        "dvar2": 0.000306355621433,
        "max": 0.332229822874,
        "mean": 0.0133877014741,
        "median": 0.00569694302976,
        "min": 1.30256681116e-23,
        "var": 0.000480469519971
    },
    "spectral_energyband_middle_high": {
        "dmean": 0.000906948116608,
        "dmean2": 0.00112483371049,
        "dvar": 4.59141774627e-05,
        "dvar2": 7.4181923992e-05,
        "max": 0.548388361931,
        "mean": 0.00187084358186,
        "median": 0.000285308662569,
        "min": 1.16946576898e-21,
        "var": 0.00011998192349
    },
    "spectral_energyband_middle_low": {
        "dmean": 0.00621409434825,
        "dmean2": 0.00907619763166,
        "dvar": 0.000122046170873,
        "dvar2": 0.000265115813818,
        "max": 0.285551160574,
        "mean": 0.0153094381094,
        "median": 0.00849518831819,
        "min": 1.60023829881e-22,
        "var": 0.00039230886614
    },
    "spectral_entropy": {
        "dmean": 0.266655415297,
        "dmean2": 0.37819904089,
        "dvar": 0.0732793360949,
        "dvar2": 0.135352000594,
        "max": 9.82239055634,
        "mean": 7.1302022934,
        "median": 7.14034223557,
        "min": 4.42326164246,
        "var": 0.579774260521
    },
    "spectral_flux": {
        "dmean": 0.0250300485641,
        "dmean2": 0.0397476553917,
        "dvar": 0.00100805389229,
        "dvar2": 0.00247007235885,
        "max": 0.495183438063,
        "mean": 0.0630773976445,
        "median": 0.0521851405501,
        "min": 6.20039436461e-11,
        "var": 0.00207437248901
    },
    "spectral_kurtosis": {
        "dmean": 1.80724549294,
        "dmean2": 2.74961662292,
        "dvar": 9.56123065948,
        "dvar2": 23.8311767578,
        "max": 87.9121322632,
        "mean": 5.80808639526,
        "median": 3.0178103447,
        "min": -1.28760492802,
        "var": 77.3777618408
    },
    "spectral_rms": {
        "dmean": 0.000899742241018,
        "dmean2": 0.00126386573538,
        "dvar": 1.1325757896e-06,
        "dvar2": 2.18333684643e-06,
        "max": 0.0238072481006,
        "mean": 0.00460252445191,
        "median": 0.00429184548557,
        "min": 3.09304209849e-12,
        "var": 6.91568811817e-06
    },
    "spectral_rolloff": {
        "dmean": 309.920440674,
        "dmean2": 542.04486084,
        "dvar": 1076908.375,
        "dvar2": 2605526,
        "max": 20133.5449219,
        "mean": 951.787109375,
        "median": 344.53125,
        "min": 43.06640625,
        "var": 5657797
    },
    "spectral_skewness": {
        "dmean": 0.269771099091,
        "dmean2": 0.387001484632,
        "dvar": 0.0861887484789,
        "dvar2": 0.174335882068,
        "max": 7.66342639923,
        "mean": 1.92502355576,
        "median": 1.70604014397,
        "min": -0.0932488292456,
        "var": 1.00722718239
    },
    "spectral_spread": {
        "dmean": 666748.1875,
        "dmean2": 973727.1875,
        "dvar": 822331179008,
        "dvar2": 1.49297823744e+12,
        "max": 42991960,
        "mean": 7104505.5,
        "median": 6832924,
        "min": 903288,
        "var": 1.73579425546e+13
    },
    "spectral_strongpeak": {
        "dmean": 0.324347525835,
        "dmean2": 0.495724886656,
        "dvar": 0.43751001358,
        "dvar2": 0.807608008385,
        "max": 26.9643993378,
        "mean": 0.783589661121,
        "median": 0.489965885878,
        "min": 0,
        "var": 1.50332629681
    },
    "zerocrossingrate": {
        "dmean": 0.0102817779407,
        "dmean2": 0.0127116786316,
        "dvar": 0.000230975128943,
        "dvar2": 0.000366320280591,
        "max": 0.52734375,
        "mean": 0.0513004176319,
        "median": 0.03369140625,
        "min": 0.0029296875,
        "var": 0.00381670147181
    },
    "barkbands": {
        "dmean": [3.03182405332e-05, 0.00228161620907, 0.00358791323379, 0.00270571070723, 0.00292463414371, 0.000921899918467, 0.000749701983295, 0.000419406220317, 0.000304783083266, 0.000238512700889, 0.000378751661628, 0.000243473026785, 6.63884493406e-05, 5.99099876126e-05, 3.14863718813e-05, 2.10449343285e-05, 1.8636455934e-05, 2.14592510019e-05, 2.93883877021e-05, 2.33143637161e-05, 3.47990899172e-05, 3.56072850991e-05, 4.55194458482e-05, 3.93923510273e-05, 2.49950408033e-05, 1.78548016265e-05, 1.76142395958e-06],
        "dmean2": [5.06965516252e-05, 0.00341015402228, 0.00530433608219, 0.00387421017513, 0.00470633106306, 0.00152796658222, 0.00109673244879, 0.000610928982496, 0.000434538436821, 0.000368555804016, 0.000458866910776, 0.000318567792419, 9.33514456847e-05, 8.81391824805e-05, 4.89690901304e-05, 3.29512877215e-05, 2.87476541416e-05, 3.31002156599e-05, 4.27631821367e-05, 3.41988634318e-05, 5.10717327415e-05, 5.24064744241e-05, 6.91507884767e-05, 6.24141830485e-05, 3.85628700315e-05, 2.66663264483e-05, 2.93414132102e-06],
        "dvar": [2.4332764692e-09, 2.37566528085e-05, 8.15852617961e-05, 4.76819986943e-05, 3.21031220665e-05, 3.9017072595e-06, 9.59372664511e-06, 2.02218734557e-06, 1.98570432985e-06, 1.91725007426e-06, 2.38007869484e-05, 6.28563429927e-06, 2.01479863904e-07, 5.89463020617e-08, 2.40689761455e-08, 6.1593863343e-09, 5.06745134743e-09, 4.88436358026e-09, 2.6196966374e-08, 4.70737004932e-09, 9.56686108111e-09, 1.0268468742e-08, 2.24829523887e-08, 2.39864217377e-08, 7.19367676538e-09, 2.39564368343e-09, 3.39346779843e-11],
        "dvar2": [5.86457282736e-09, 5.57645653316e-05, 0.000154494759045, 9.68567328528e-05, 8.12061261968e-05, 1.07422529254e-05, 1.93854411918e-05, 3.86673400499e-06, 3.55775546268e-06, 4.76951845485e-06, 4.17470364482e-05, 1.13333690024e-05, 3.05625604824e-07, 1.09892219768e-07, 5.6916785951e-08, 1.37816762447e-08, 1.17061320637e-08, 1.1097056607e-08, 4.68226062367e-08, 9.9788834973e-09, 2.05488479565e-08, 2.32656720556e-08, 5.74429499522e-08, 6.27548999432e-08, 1.76890200265e-08, 5.34335464764e-09, 8.91101359368e-11],
        "max": [0.00208786944859, 0.135657191277, 0.217818796635, 0.25101774931, 0.105644837022, 0.0505375862122, 0.182446986437, 0.0582882687449, 0.0468323528767, 0.0547981858253, 0.413359582424, 0.13095600903, 0.0405026488006, 0.0178929120302, 0.00721586029977, 0.00370718236081, 0.00270158261992, 0.00177216774318, 0.00992965791374, 0.00241381349042, 0.00230513047427, 0.00334282196127, 0.00628344528377, 0.00497042806819, 0.00396589422598, 0.00188483227976, 0.00026442942908],
        "mean": [3.71775349777e-05, 0.00519595574588, 0.00611974671483, 0.00481848651543, 0.00556758791208, 0.00173888064455, 0.00150742544793, 0.000877422688063, 0.00061959825689, 0.000436822883785, 0.000654846022371, 0.000440705189249, 0.000121562217828, 0.00010626277799, 4.45213518105e-05, 2.98518225463e-05, 2.79891009995e-05, 2.82196506305e-05, 4.24472855229e-05, 3.39803409588e-05, 4.97473120049e-05, 5.57378589292e-05, 8.28950869618e-05, 6.23433297733e-05, 5.71284654143e-05, 4.16828370362e-05, 2.57766350842e-06],
        "median": [1.95900465769e-05, 0.00105352886021, 0.0011830724543, 0.00108800712042, 0.00253747054376, 0.000618930731434, 0.000254858954577, 0.000115350303531, 7.71637205617e-05, 5.97575999564e-05, 2.28797707678e-05, 3.30301409122e-05, 1.35557575049e-05, 1.44437299241e-05, 6.34793696008e-06, 5.58371129955e-06, 4.75626347907e-06, 6.61220337861e-06, 8.60678301251e-06, 9.8051623354e-06, 1.41322771015e-05, 1.9280010747e-05, 3.37685778504e-05, 2.30273144552e-05, 2.1792600819e-05, 1.43263823702e-05, 6.90524302627e-07],
        "min": [3.11936063004e-25, 2.03466850372e-24, 3.34152851285e-25, 1.02264170803e-24, 7.9295548775e-24, 7.04721079956e-24, 5.11388627026e-24, 4.93841481152e-24, 2.25680404323e-23, 1.32204457577e-23, 1.46912406279e-23, 2.42694524773e-23, 1.44060263899e-23, 2.37321624702e-23, 3.8393532091e-23, 4.25085019408e-23, 5.57995901925e-23, 8.12768439359e-23, 1.35239877589e-22, 1.71117650211e-22, 2.66909736752e-22, 2.73421259721e-22, 3.71897732636e-22, 5.47817728225e-22, 7.8373439481e-22, 1.23775007381e-21, 1.99523254085e-21],
        "var": [3.74084718757e-09, 8.58300409163e-05, 0.000222442118684, 0.000138345902087, 7.2281130997e-05, 8.67367270985e-06, 2.55197919614e-05, 7.54963230065e-06, 5.80639471082e-06, 2.97517749459e-06, 5.40738801647e-05, 1.61994521477e-05, 6.37774803636e-07, 1.73411180526e-07, 3.23326787566e-08, 1.09754738631e-08, 8.87370177338e-09, 6.42127151451e-09, 5.04632851062e-08, 6.96032076419e-09, 1.33671802516e-08, 1.42288847371e-08, 2.73114597604e-08, 2.2773516406e-08, 1.55076040897e-08, 9.64476853937e-09, 5.84332790488e-11]
    },
    "erbbands": {
        "dmean": [0.032247889787, 0.669997215271, 3.81138777733, 5.80593776703, 9.55727005005, 10.6737642288, 9.36243724823, 8.13778400421, 6.99346017838, 15.563741684, 6.59927845001, 7.3228764534, 8.0428352356, 6.44537115097, 19.7887306213, 8.79826259613, 3.40920853615, 3.06940484047, 2.16606903076, 1.35455214977, 0.958063900471, 0.957071065903, 1.12691950798, 1.17276072502, 1.53762948513, 1.10831272602, 1.35350131989, 1.29905331135, 1.13800168037, 1.52549958229, 1.32863593102, 0.855467379093, 0.644421815872, 0.344664424658, 0.165832862258, 0.0774012133479, 0.03400696069, 0.00776450522244, 0.000173958658706, 1.49092074935e-05],
        "dmean2": [0.0486473031342, 0.991030275822, 5.52167987823, 8.559633255, 14.6552295685, 17.2088527679, 14.7621278763, 13.7788505554, 10.7441320419, 22.4853000641, 9.12779998779, 10.6108064651, 12.3955192566, 9.09372329712, 22.3617210388, 11.3753814697, 4.65875673294, 4.43054246902, 3.32460141182, 2.09011054039, 1.47136223316, 1.4554194212, 1.72454869747, 1.69959807396, 2.25318074226, 1.60849797726, 1.97353816032, 1.91350674629, 1.66554427147, 2.29222488403, 2.04516124725, 1.31739068031, 1.03820383549, 0.547201156616, 0.254538446665, 0.116205558181, 0.0515036769211, 0.012276770547, 0.00027607154334, 2.11572314583e-05],
        "dvar": [0.00472661247477, 2.0554022789, 91.5290298462, 169.74206543, 430.670440674, 560.502807617, 510.702178955, 341.537017822, 353.060882568, 6379.94042969, 620.389587402, 1208.54736328, 2373.51464844, 1235.02990723, 76982.9296875, 7670.08251953, 469.441345215, 159.706924438, 98.2469558716, 22.2852420807, 14.867395401, 11.516708374, 14.9054365158, 39.3536720276, 90.5065078735, 9.44096088409, 16.2783432007, 11.8705940247, 10.1675901413, 19.4290065765, 23.5360832214, 8.20324516296, 7.93071079254, 2.16378951073, 0.2183881253, 0.0437787398696, 0.00920269545168, 0.000640636717435, 3.1063990491e-07, 5.81264758548e-10],
        "dvar2": [0.0093030128628, 4.60125684738, 161.108596802, 378.729736328, 1009.8404541, 1423.21569824, 1335.78491211, 979.1640625, 851.456481934, 12300.4765625, 1035.35717773, 2272.01464844, 6073.83837891, 2419.48242188, 123990.898438, 14494.1220703, 731.671020508, 275.179138184, 227.868881226, 49.9855308533, 33.3154792786, 26.2019844055, 34.4583511353, 66.1667480469, 164.515563965, 19.3328018188, 34.6404266357, 25.1494827271, 22.6446838379, 46.5550689697, 62.0480537415, 20.4941902161, 21.2084293365, 5.77049589157, 0.500972211361, 0.0944970548153, 0.0213091503829, 0.00162465393078, 7.84249721164e-07, 1.20519816349e-09],
        "max": [2.2105846405, 43.6458969116, 253.624832153, 432.271057129, 508.961669922, 556.704772949, 798.12713623, 564.928710938, 645.698608398, 5163.75390625, 1613.35778809, 1254.66760254, 2152.46191406, 1652.99108887, 23695.5546875, 6492.14306641, 1846.75585938, 974.210388184, 394.32333374, 146.231414795, 231.856231689, 122.758743286, 117.645248413, 709.91973877, 701.874694824, 69.0177536011, 130.978347778, 73.4688186646, 105.381912231, 148.542785645, 223.34614563, 89.2815856934, 98.0904693604, 84.4975967407, 15.9251804352, 7.08914852142, 4.35205936432, 1.05982339382, 0.0234407000244, 0.000712674402166],
        "mean": [0.0785853415728, 1.49559342861, 6.95122146606, 10.9547290802, 16.5238800049, 19.6337203979, 18.2139091492, 15.0020265579, 14.4672622681, 30.4394683838, 15.9583044052, 15.2497301102, 15.2485704422, 13.4253759384, 34.1040000916, 16.3176193237, 6.84640455246, 5.69462919235, 3.47553825378, 2.08283019066, 1.44301712513, 1.46748685837, 1.48791468143, 1.64747524261, 2.26736092567, 1.63776707649, 1.92668306828, 1.90253067017, 1.75985682011, 2.72838330269, 2.26722717285, 1.40314030647, 0.961928725243, 0.63378226757, 0.407423138618, 0.189043268561, 0.0764280706644, 0.0141386231408, 0.000327323767124, 4.18711060775e-05],
        "median": [0.0170700158924, 0.324561834335, 1.73227751255, 3.84509086609, 6.13016700745, 7.1568145752, 6.02586126328, 4.91279029846, 4.15676116943, 3.6616024971, 2.23676109314, 2.06796979904, 2.24050593376, 1.51137828827, 1.35376596451, 1.48690664768, 0.904977858067, 0.865644156933, 0.532840251923, 0.370307207108, 0.305000722408, 0.27278855443, 0.334027349949, 0.346750706434, 0.516270339489, 0.475311130285, 0.540215730667, 0.556117653847, 0.5803347826, 1.11770892143, 0.87957328558, 0.534178376198, 0.337281346321, 0.233750194311, 0.156623914838, 0.0691878646612, 0.0256514772773, 0.00429887929931, 0.000108940032078, 2.907682574e-05],
        "min": [1.2368749557e-22, 3.19415005939e-22, 1.95665656101e-21, 4.22132440519e-21, 8.11156815462e-21, 2.56211326829e-20, 3.02469835466e-20, 4.69304151706e-20, 6.73629976846e-20, 1.09597527905e-19, 1.69043638108e-19, 4.43058253707e-19, 6.49828849921e-19, 3.96138811604e-19, 1.09829050588e-18, 1.44256121567e-18, 9.36759296249e-19, 1.41791712708e-18, 2.43029096768e-18, 2.89996908257e-18, 3.39032671277e-18, 3.86967870493e-18, 5.12393639005e-18, 5.84831251454e-18, 6.92844082251e-18, 7.58891641749e-18, 9.01404604252e-18, 1.02856534274e-17, 9.16671876818e-18, 1.07275572989e-17, 1.07656506204e-17, 9.69490584934e-18, 9.83006633425e-18, 7.96946251266e-18, 6.10125069738e-18, 4.25376306516e-18, 2.33950086441e-18, 1.01042572686e-18, 2.46315800704e-19, 2.67670476343e-20],
        "var": [0.0233044810593, 7.26248645782, 278.036865234, 423.222503662, 897.733032227, 1218.64892578, 1065.88964844, 765.414550781, 947.105041504, 16790.1738281, 2940.10961914, 3283.42822266, 3511.07104492, 3474.453125, 189380.390625, 20874.6660156, 1585.1217041, 511.381225586, 143.714035034, 41.9993133545, 25.7535381317, 20.624540329, 18.8627662659, 71.4180145264, 178.668441772, 14.9730806351, 23.0063018799, 17.8138237, 14.5675125122, 28.0941238403, 24.1824455261, 9.28109455109, 6.80804109573, 2.42409849167, 0.781206130981, 0.17683814466, 0.034791983664, 0.00148321664892, 7.35603009616e-07, 2.02008276773e-09]
    },
    "gfcc": {
        "mean": [-66.7287597656, 87.2414016724, -51.3951797485, 29.1082286835, -69.4981155396, 18.4058322906, -39.0319595337, 1.06534838676, -31.4120063782, 2.32874822617, -19.9132785797, 1.62504971027, -18.7404441833],
        "cov": [[18341.6074219, 758.040649414, -997.296691895, 397.0809021, -965.376831055, 165.237792969, -489.173156738, 1.78075265884, -425.902008057, 82.2686462402, -293.672485352, 32.1930007935, -275.20199585], [758.040649414, 1789.97692871, -283.136077881, -560.602478027, 31.2317256927, -118.162315369, 30.1236667633, -199.341766357, 86.4143066406, -89.7840576172, 109.55632782, -101.320739746, 123.93056488], [-997.296691895, -283.136077881, 1049.29016113, 426.689697266, 58.2107505798, 101.550872803, 120.057136536, 76.2925491333, -33.5751113892, 12.3291893005, -21.9457359314, -1.73539364338, -87.9421157837], [397.0809021, -560.602478027, 426.689697266, 686.576965332, 108.612518311, 137.07749939, 82.7382965088, 123.758758545, -21.7829990387, 13.6560440063, -56.7015075684, 1.35464680195, -77.0700683594], [-965.376831055, 31.2317256927, 58.2107505798, 108.612518311, 281.761932373, 71.9957580566, 89.4154129028, 12.8564491272, 62.6110649109, -20.2652072906, 21.309720993, -17.0139465332, 20.0282039642], [165.237792969, -118.162315369, 101.550872803, 137.07749939, 71.9957580566, 173.892974854, 73.8201904297, 47.0754013062, -11.8005685806, 0.389163613319, -12.753947258, 13.5661230087, -14.6777887344], [-489.173156738, 30.1236667633, 120.057136536, 82.7382965088, 89.4154129028, 73.8201904297, 159.147277832, 57.1924362183, 29.5666866302, -9.5517539978, 16.2675952911, -6.60335826874, 11.7860193253], [1.78075265884, -199.341766357, 76.2925491333, 123.758758545, 12.8564491272, 47.0754013062, 57.1924362183, 126.868888855, 51.9668922424, 38.4675064087, -9.82817268372, 12.1723976135, -19.7018947601], [-425.902008057, 86.4143066406, -33.5751113892, -21.7829990387, 62.6110649109, -11.8005685806, 29.5666866302, 51.9668922424, 128.88899231, 54.3175735474, 31.9305801392, -13.7047624588, 14.3100500107], [82.2686462402, -89.7840576172, 12.3291893005, 13.6560440063, -20.2652072906, 0.389163613319, -9.5517539978, 38.4675064087, 54.3175735474, 98.1893386841, 34.7496871948, 19.9853343964, -13.7869606018], [-293.672485352, 109.55632782, -21.9457359314, -56.7015075684, 21.309720993, -12.753947258, 16.2675952911, -9.82817268372, 31.9305801392, 34.7496871948, 80.553604126, 27.0787258148, 22.6635456085], [32.1930007935, -101.320739746, -1.73539364338, 1.35464680195, -17.0139465332, 13.5661230087, -6.60335826874, 12.1723976135, -13.7047624588, 19.9853343964, 27.0787258148, 76.8159561157, 35.5602798462], [-275.20199585, 123.93056488, -87.9421157837, -77.0700683594, 20.0282039642, -14.6777887344, 11.7860193253, -19.7018947601, 14.3100500107, -13.7869606018, 22.6635456085, 35.5602798462, 102.008331299]],
        "icov": [[0.000176628003828, -0.000443350407295, 0.000331422372255, -0.000480879476527, 0.000398099713493, -0.000283039233182, 0.000337525474606, -0.000375447882107, 0.000726017868146, -0.000757717236411, 0.00083509500837, -0.00063293898711, 0.000537997169886], [-0.000443350407295, 0.0024209311232, -0.000947662221733, 0.0017558633117, -0.000340523925843, 0.000210937083466, -0.00123689288739, 0.00248099491, -0.00340633047745, 0.00351443444379, -0.0039998521097, 0.00369214848615, -0.00235396041535], [0.000331422372255, -0.000947662221733, 0.00206666020676, -0.00173681869637, 0.000837323896121, -0.000253821723163, -0.000573066528887, -0.000218086555833, 0.00161226454657, -0.00180576066487, 0.00187049736269, -0.00199159421027, 0.00214654998854], [-0.000480879476527, 0.0017558633117, -0.00173681869637, 0.00448069162667, -0.00236143288203, 0.000120864067867, -0.000591578194872, -0.000999938463792, -0.000550572527573, 0.00163929327391, -0.00182681262959, 0.00274822348729, -0.00143970025238], [0.000398099713493, -0.000340523925843, 0.000837323896121, -0.00236143288203, 0.00819749943912, -0.00338549679145, -0.00126342684962, 0.00365788349882, -0.00551286013797, 0.00332310632803, -0.000737431575544, -0.000812118116301, 0.000850728596561], [-0.000283039233182, 0.000210937083466, -0.000253821723163, 0.000120864067867, -0.00338549679145, 0.0104557573795, -0.00439635384828, -0.00110144389328, 0.00273820338771, -0.00192199565936, 0.00236349832267, -0.00277111725882, 0.00111403455958], [0.000337525474606, -0.00123689288739, -0.000573066528887, -0.000591578194872, -0.00126342684962, -0.00439635384828, 0.0148845417425, -0.00949395727366, 0.00367567315698, 0.00201509403996, -0.0052741356194, 0.00501704961061, -0.00328610674478], [-0.000375447882107, 0.00248099491, -0.000218086555833, -0.000999938463792, 0.00365788349882, -0.00110144389328, -0.00949395727366, 0.025090618059, -0.0164148975164, 0.00208249036223, 0.00533093232661, -0.0076157762669, 0.00415036873892], [0.000726017868146, -0.00340633047745, 0.00161226454657, -0.000550572527573, -0.00551286013797, 0.00273820338771, 0.00367567315698, -0.0164148975164, 0.030039427802, -0.0173653662205, 0.000581208616495, 0.00827345345169, -0.00462196860462], [-0.000757717236411, 0.00351443444379, -0.00180576066487, 0.00163929327391, 0.00332310632803, -0.00192199565936, 0.00201509403996, 0.00208249036223, -0.0173653662205, 0.029377983883, -0.014373592101, -0.00106695538852, 0.00258027552627], [0.00083509500837, -0.0039998521097, 0.00187049736269, -0.00182681262959, -0.000737431575544, 0.00236349832267, -0.0052741356194, 0.00533093232661, 0.000581208616495, -0.014373592101, 0.0326321013272, -0.0181013606489, 0.00650459248573], [-0.00063293898711, 0.00369214848615, -0.00199159421027, 0.00274822348729, -0.000812118116301, -0.00277111725882, 0.00501704961061, -0.0076157762669, 0.00827345345169, -0.00106695538852, -0.0181013606489, 0.036542236805, -0.0181455276906], [0.000537997169886, -0.00235396041535, 0.00214654998854, -0.00143970025238, 0.000850728596561, 0.00111403455958, -0.00328610674478, 0.00415036873892, -0.00462196860462, 0.00258027552627, 0.00650459248573, -0.0181455276906, 0.0219292957336]]
    },
    "melbands": {
        "dmean": [0.000455740198959, 0.00157746463083, 0.00115314649884, 0.000692287052516, 0.000371463334886, 0.000175678389496, 0.000117228053568, 0.000155736430315, 4.46492340416e-05, 4.92746767122e-05, 3.99817290599e-05, 2.4642684366e-05, 5.35208891961e-05, 4.20672622568e-05, 1.06526567833e-05, 7.37127447792e-06, 5.65673326491e-06, 3.7038694245e-06, 2.18824948206e-06, 1.64363734712e-06, 1.16001695005e-06, 1.0959474821e-06, 1.01949558484e-06, 1.01141370124e-06, 9.82495521384e-07, 1.06538925593e-06, 9.90750095298e-07, 7.31522220576e-07, 8.24694666335e-07, 1.03248532923e-06, 6.9380308787e-07, 6.28275074632e-07, 7.7910260643e-07, 8.8806336862e-07, 8.45650106385e-07, 6.73135502893e-07, 5.0450978506e-07, 4.74420403407e-07, 4.01338837719e-07, 2.71505086857e-07],
        "dmean2": [0.000681443023495, 0.00229725032113, 0.0016797700664, 0.00110368046444, 0.000584769819397, 0.000295510224532, 0.00017682640464, 0.000225507246796, 6.23189553153e-05, 7.10921522113e-05, 6.17737241555e-05, 3.5567823943e-05, 6.21704675723e-05, 5.00677015225e-05, 1.46288402902e-05, 1.03489583125e-05, 8.31293800729e-06, 5.74525529373e-06, 3.39638177138e-06, 2.60686442743e-06, 1.79238929832e-06, 1.69418751739e-06, 1.58672889938e-06, 1.55752820774e-06, 1.43888610182e-06, 1.58264799666e-06, 1.46876016061e-06, 1.07945425043e-06, 1.22409608139e-06, 1.56440830779e-06, 1.04261380329e-06, 9.3506292842e-07, 1.17813385714e-06, 1.34460276513e-06, 1.31726608288e-06, 1.05456490473e-06, 7.88693000686e-07, 7.71061252181e-07, 6.5010220851e-07, 4.31744467733e-07],
        "dvar": [9.10901178486e-07, 1.39239673445e-05, 6.33322588328e-06, 1.83356348771e-06, 7.52811445182e-07, 1.49754527001e-07, 1.22907451328e-07, 5.61349565942e-07, 3.25469926565e-08, 5.92510147612e-08, 5.96904996542e-08, 1.94962677114e-08, 4.91327000418e-07, 2.30411728808e-07, 1.03653681194e-08, 2.30979413374e-09, 5.11344300236e-10, 2.84031798081e-10, 8.45584158249e-11, 3.32936143932e-11, 2.90432053407e-11, 1.81313627307e-11, 2.39438451705e-11, 9.93051734594e-12, 3.76492725884e-11, 3.17721370047e-11, 2.39372150573e-11, 4.44337448779e-12, 6.79582258523e-12, 1.07995279386e-11, 3.04971954808e-12, 3.2346018225e-12, 5.24087717668e-12, 5.88161810922e-12, 9.28059278732e-12, 5.46642722407e-12, 2.61758149878e-12, 4.28175680675e-12, 3.14467007122e-12, 1.26789887183e-12],
        "dvar2": [2.04421758099e-06, 2.51667788689e-05, 1.35068703457e-05, 4.45563364337e-06, 1.96356700144e-06, 4.24264499088e-07, 2.78794004771e-07, 1.08522499431e-06, 5.48057990102e-08, 1.09101847556e-07, 1.52879991333e-07, 3.79617972612e-08, 8.10156507214e-07, 3.64538180975e-07, 1.97004617064e-08, 3.47361006625e-09, 9.32721566649e-10, 6.5246447134e-10, 1.96503410765e-10, 7.61156762619e-11, 6.36483227234e-11, 4.14937112447e-11, 5.75255537649e-11, 2.22655713311e-11, 6.19219883702e-11, 5.93266477611e-11, 4.56768511903e-11, 9.47422695852e-12, 1.4937764567e-11, 2.48096751476e-11, 6.49704292102e-12, 7.34140612885e-12, 1.23441725591e-11, 1.41774569515e-11, 2.47831755118e-11, 1.41383493454e-11, 6.50107138261e-12, 1.13803072868e-11, 8.63790289296e-12, 3.35947350667e-12],
        "max": [0.023345053196, 0.107298597693, 0.0836881920695, 0.0273045599461, 0.0245443098247, 0.0116669917479, 0.0136997364461, 0.0479258187115, 0.012636249885, 0.00876822415739, 0.0107429465279, 0.00715040415525, 0.059761531651, 0.0358804054558, 0.00915158074349, 0.00528538646176, 0.00171747454442, 0.00068932492286, 0.000382847822038, 0.000178654168849, 0.000351167807821, 0.000154288412887, 0.000224834555411, 8.53267411003e-05, 0.000722252472769, 0.000391379086068, 0.000334691285389, 5.97784601268e-05, 0.000111664405267, 9.35881253099e-05, 3.71989808627e-05, 5.29578719579e-05, 7.82575953053e-05, 8.96888595889e-05, 0.000137494542287, 8.80670995684e-05, 5.22507798451e-05, 7.15232890798e-05, 7.78462854214e-05, 6.7716864578e-05],
        "mean": [0.00109386164695, 0.00307251815684, 0.00220045773312, 0.00127327232622, 0.000735054491088, 0.000325241795508, 0.000243249407504, 0.000307065260131, 0.000108538464701, 9.92363929981e-05, 7.46877194615e-05, 5.03664086864e-05, 9.38817829592e-05, 7.23251359886e-05, 2.08271139854e-05, 1.34779738801e-05, 1.00517772808e-05, 5.86818805459e-06, 3.19988180308e-06, 2.32617321672e-06, 1.67475309354e-06, 1.65589494827e-06, 1.28999590743e-06, 1.32129298436e-06, 1.32873117309e-06, 1.51711594754e-06, 1.42654459978e-06, 1.03322997802e-06, 1.15067769002e-06, 1.31485410293e-06, 1.02372382571e-06, 9.14070994895e-07, 1.18863488296e-06, 1.63999948199e-06, 1.40842405472e-06, 1.02421950032e-06, 7.88717954947e-07, 6.48313744023e-07, 6.47948468213e-07, 4.87873023758e-07],
        "median": [0.00022718431137, 0.000886049412657, 0.000829035241622, 0.000584233668633, 0.000249204458669, 0.000110490655061, 6.04028646194e-05, 3.58190445695e-05, 1.45589829117e-05, 1.18522148114e-05, 1.04224536699e-05, 5.46843239135e-06, 3.63604362974e-06, 3.90522836824e-06, 2.68641429102e-06, 1.44548073422e-06, 1.45378862726e-06, 8.33020578739e-07, 4.87433965191e-07, 4.0851432459e-07, 3.22866981151e-07, 2.77039418961e-07, 2.24851902431e-07, 3.19231446611e-07, 2.51535283269e-07, 3.33421837695e-07, 3.62375715213e-07, 2.91409406827e-07, 3.21216276689e-07, 3.26995916566e-07, 3.08519645387e-07, 2.84511742166e-07, 4.2143472001e-07, 6.95243215887e-07, 5.46199771634e-07, 3.73177726942e-07, 2.97776381331e-07, 2.11134889128e-07, 2.34179580616e-07, 1.78197637979e-07],
        "min": [1.04331587881e-24, 8.58901695628e-25, 1.1803999854e-24, 9.37808690964e-25, 1.1896271928e-24, 1.00404243864e-24, 9.04938533373e-25, 1.2841257281e-24, 1.10001032599e-24, 2.64048942145e-24, 2.47692995959e-24, 8.49187268011e-25, 2.5754955659e-24, 2.48541396141e-24, 2.34450131563e-24, 2.22443392485e-24, 1.97617210101e-24, 2.89082003301e-24, 2.89225299885e-24, 3.47275660912e-24, 3.30862699804e-24, 2.90864966998e-24, 3.25025543258e-24, 3.66471052762e-24, 3.72781979447e-24, 3.62854401613e-24, 4.03697477765e-24, 4.25450829987e-24, 4.16392300769e-24, 4.60242909123e-24, 5.31861263568e-24, 4.96946792662e-24, 3.65583189813e-24, 4.70142364065e-24, 5.16315221152e-24, 5.26565521982e-24, 5.173108425e-24, 5.42462844159e-24, 4.9496959169e-24, 5.5768967401e-24],
        "var": [3.8219632188e-06, 4.37774142483e-05, 1.70144612639e-05, 3.9806109271e-06, 1.68852284332e-06, 3.30967111495e-07, 3.39527048254e-07, 1.5037024923e-06, 1.53249501977e-07, 1.62572789009e-07, 8.84539588242e-08, 5.35732986862e-08, 1.19331537007e-06, 5.95763367528e-07, 3.15611927704e-08, 7.06050151678e-09, 1.60120350312e-09, 4.27707758099e-10, 1.22113555379e-10, 5.85690315691e-11, 5.07513961412e-11, 3.32848817952e-11, 2.83138373858e-11, 1.33874101041e-11, 6.93117438444e-11, 6.0524689427e-11, 4.47151551897e-11, 6.45875193606e-12, 9.35624928228e-12, 1.23024923582e-11, 5.0607443583e-12, 4.432275727e-12, 6.61148913395e-12, 9.42911113772e-12, 9.43114596835e-12, 5.50261832627e-12, 3.01483924631e-12, 3.54873530735e-12, 2.83058060498e-12, 1.46599084868e-12]
    },
    "mfcc": {
        "mean": [-724.191772461, 124.310943604, 60.3017349243, 20.3819007874, 1.10474026203, 11.6986732483, 0.663752377033, 1.31712138653, -8.44350528717, -0.427420198917, -3.41628265381, -4.17103862762, -2.2544028759],
        "cov": [[7999.24169922, 210.577590942, -264.317138672, 51.7409172058, -183.688262939, 16.7083530426, -105.585205078, -65.9722137451, -70.209274292, -6.16293478012, -46.7864341736, -51.0365562439, -58.9953269958], [210.577590942, 2020.39086914, -205.445251465, -372.804901123, -123.682861328, -41.4198112488, -92.4919662476, -125.624572754, -74.1173095703, -53.4105453491, -26.6219882965, 6.57886505127, -74.3702926636], [-264.317138672, -205.445251465, 866.375976562, 327.298828125, 72.8461074829, 97.5766983032, 138.459869385, 97.5277481079, 13.9243879318, 41.835521698, 36.2134208679, -4.46908426285, 51.1719741821], [51.7409172058, -372.804901123, 327.298828125, 419.145599365, 141.01473999, 92.8023681641, 96.9257583618, 95.6228179932, 60.0348739624, 56.0078201294, 34.695110321, 17.0475330353, 20.8224964142], [-183.688262939, -123.682861328, 72.8461074829, 141.01473999, 180.494262695, 92.2562026978, 45.1616096497, 52.2870292664, 39.2795219421, 26.0828361511, 18.5797271729, 15.5950965881, 19.4013557434], [16.7083530426, -41.4198112488, 97.5766983032, 92.8023681641, 92.2562026978, 141.358261108, 90.9574966431, 57.6821365356, 29.7417125702, 14.2257547379, 3.11797595024, 3.75592279434, 14.245631218], [-105.585205078, -92.4919662476, 138.459869385, 96.9257583618, 45.1616096497, 90.9574966431, 137.374023438, 89.914024353, 30.3196525574, 12.4710512161, 1.14054811001, -0.863349795341, 15.9406852722], [-65.9722137451, -125.624572754, 97.5277481079, 95.6228179932, 52.2870292664, 57.6821365356, 89.914024353, 120.357872009, 63.3129501343, 26.3212356567, 7.90498495102, 2.21172761917, 15.5613155365], [-70.209274292, -74.1173095703, 13.9243879318, 60.0348739624, 39.2795219421, 29.7417125702, 30.3196525574, 63.3129501343, 96.6731338501, 54.3463592529, 16.4282855988, 8.40839958191, 2.69505929947], [-6.16293478012, -53.4105453491, 41.835521698, 56.0078201294, 26.0828361511, 14.2257547379, 12.4710512161, 26.3212356567, 54.3463592529, 86.969871521, 54.3591575623, 19.4684581757, 4.57195043564], [-46.7864341736, -26.6219882965, 36.2134208679, 34.695110321, 18.5797271729, 3.11797595024, 1.14054811001, 7.90498495102, 16.4282855988, 54.3591575623, 94.2543411255, 56.1715888977, 12.1525335312], [-51.0365562439, 6.57886505127, -4.46908426285, 17.0475330353, 15.5950965881, 3.75592279434, -0.863349795341, 2.21172761917, 8.40839958191, 19.4684581757, 56.1715888977, 83.4053649902, 38.0505065918], [-58.9953269958, -74.3702926636, 51.1719741821, 20.8224964142, 19.4013557434, 14.245631218, 15.9406852722, 15.5613155365, 2.69505929947, 4.57195043564, 12.1525335312, 38.0505065918, 79.228767395]],
