{
"lowlevel": {
    "average_loudness": 0.945439100266,
    "barkbands_crest": {
        "dmean": 2.19223761559,
        "dmean2": 3.49382138252,
        "dvar": 4.39832115173,
        "dvar2": 10.5169439316,
        "max": 26.9435176849,
        "mean": 10.0459403992,
        "median": 9.2427406311,
        "min": 2.95787262917,
        "var": 16.2548942566
    },
    "barkbands_flatness_db": {
        "dmean": 0.025916673243,
        "dmean2": 0.0371923223138,
        "dvar": 0.000662441074383,
        "dvar2": 0.00135778600816,
        "max": 0.665939629078,
        "mean": 0.168747365475,
        "median": 0.159600973129,
        "min": 0.0419279560447,
        "var": 0.00352823734283
    },
    "barkbands_kurtosis": {
        "dmean": 6.92963790894,
        "dmean2": 9.25008487701,
        "dvar": 6147.48681641,
        "dvar2": 6757.54394531,
        "max": 12349.0625,
        "mean": 22.4493713379,
        "median": 2.21013021469,
        "min": -1.91003417969,
        "var": 129423.484375
    },
    "barkbands_skewness": {
        "dmean": 0.606403470039,
        "dmean2": 0.918734431267,
        "dvar": 0.72470510006,
        "dvar2": 1.22918331623,
        "max": 105.913070679,
        "mean": 1.88560891151,
        "median": 1.41261720657,
        "min": -3.00219583511,
        "var": 16.435754776
    },
    "barkbands_spread": {
        "dmean": 4.62702226639,
        "dmean2": 7.12208414078,
        "dvar": 37.1806488037,
        "dvar2": 85.6162948608,
        "max": 125.321357727,
        "mean": 16.914056778,
        "median": 14.7394065857,
        "min": 0.0398797057569,
        "var": 112.080131531
    },
    "dissonance": {
        "dmean": 0.0257146004587,
        "dmean2": 0.0430097989738,
        "dvar": 0.000707076280378,
        "dvar2": 0.00190422986634,
        "max": 0.499960660934,
        "mean": 0.443478018045,
        "median": 0.450850009918,
        "min": 0.186593443155,
        "var": 0.00137698312756
    },
    "dynamic_complexity": 2.87007904053,
    "erbbands_crest": {
        "dmean": 2.46737217903,
        "dmean2": 3.87015509605,
        "dvar": 8.29986286163,
        "dvar2": 18.1488323212,
        "max": 34.7076301575,
        "mean": 10.1748189926,
        "median": 8.30665969849,
        "min": 2.3384976387,
        "var": 34.4689483643
    },
    "erbbands_flatness_db": {
        "dmean": 0.0247536692768,
        "dmean2": 0.0352385528386,
        "dvar": 0.000721216551028,
        "dvar2": 0.0013553124154,
        "max": 0.447171151638,
        "mean": 0.184549286962,
        "median": 0.186469018459,
        "min": 0.0261627119035,
        "var": 0.00294738495722
    },
    "erbbands_kurtosis": {
        "dmean": 1.28174960613,
        "dmean2": 1.98122251034,
        "dvar": 12.2012834549,
        "dvar2": 25.6570243835,
        "max": 116.515281677,
        "mean": 0.832496225834,
        "median": -0.241808176041,
        "min": -1.76279878616,
        "var": 21.1783294678
    },
    "erbbands_skewness": {
        "dmean": 0.383905857801,
        "dmean2": 0.587000608444,
        "dvar": 0.221479490399,
        "dvar2": 0.513711631298,
        "max": 4.51068115234,
        "mean": 0.441580891609,
        "median": 0.466247260571,
        "min": -6.33910512924,
        "var": 0.692598283291
    },
    "erbbands_spread": {
        "dmean": 9.62259197235,
        "dmean2": 15.0611667633,
        "dvar": 163.25402832,
        "dvar2": 368.211761475,
        "max": 190.33253479,
        "mean": 36.603729248,
        "median": 33.7261238098,
        "min": 0.78840136528,
        "var": 389.307891846
    },
    "hfc": {
        "dmean": 5.90491294861,
        "dmean2": 8.93344593048,
        "dvar": 83.6014862061,
        "dvar2": 187.811920166,
        "max": 128.812561035,
        "mean": 17.7527713776,
        "median": 12.7153596878,
        "min": 1.25303013255e-16,
        "var": 267.423217773
    },
    "melbands_crest": {
        "dmean": 3.03869605064,
        "dmean2": 4.89273118973,
        "dvar": 8.04647541046,
        "dvar2": 19.4355354309,
        "max": 39.9935684204,
        "mean": 14.4480934143,
        "median": 13.2671947479,
        "min": 1.0005364418,
        "var": 32.3194084167
    },
    "melbands_flatness_db": {
        "dmean": 0.0312202870846,
        "dmean2": 0.0459422655404,
        "dvar": 0.00101623882074,
        "dvar2": 0.00208073714748,
        "max": 0.64897274971,
        "mean": 0.234440460801,
        "median": 0.224048539996,
        "min": -3.71031262603e-07,
        "var": 0.0055525591597
    },
    "melbands_kurtosis": {
        "dmean": 17.408618927,
        "dmean2": 25.8514270782,
        "dvar": 44510.8203125,
        "dvar2": 80400.515625,
        "max": 24539.4980469,
        "mean": 43.0146942139,
        "median": 6.47615289688,
        "min": -1.91845965385,
        "var": 415206.6875
    },
    "melbands_skewness": {
        "dmean": 0.853048801422,
        "dmean2": 1.30531680584,
        "dvar": 2.02280902863,
        "dvar2": 3.99152159691,
        "max": 149.846664429,
        "mean": 2.86562561989,
        "median": 2.1333823204,
        "min": -2.00463914871,
        "var": 26.5402431488
    },
    "melbands_spread": {
        "dmean": 5.35705661774,
        "dmean2": 8.20380210876,
        "dvar": 57.0938949585,
        "dvar2": 122.884521484,
        "max": 144.771621704,
        "mean": 19.1590957642,
        "median": 15.3281459808,
        "min": 0.0375417843461,
        "var": 234.293777466
    },
    "pitch_salience": {
        "dmean": 0.0694563239813,
        "dmean2": 0.111570246518,
        "dvar": 0.00402628723532,
        "dvar2": 0.0100584672764,
        "max": 0.996066451073,
        "mean": 0.546765685081,
        "median": 0.558324933052,
        "min": 0.00171561224852,
        "var": 0.0155274188146
    },
    "silence_rate_20dB": {
        "dmean": 0,
        "dmean2": 0,
        "dvar": 0,
        "dvar2": 0,
        "max": 1,
        "mean": 1,
        "median": 1,
        "min": 1,
        "var": 0
    },
    "silence_rate_30dB": {
        "dmean": 0,
        "dmean2": 0,
        "dvar": 0,
        "dvar2": 0,
        "max": 1,
        "mean": 1,
        "median": 1,
        "min": 1,
        "var": 0
    },
    "silence_rate_60dB": {
        "dmean": 0.00934694334865,
        "dmean2": 0.0186961870641,
        "dvar": 0.00925957690924,
        "dvar2": 0.0220378749073,
        "max": 1,
        "mean": 0.0466060005128,
        "median": 0,
        "min": 0,
        "var": 0.0444345586002
    },
    "spectral_centroid": {
        "dmean": 240.235900879,
        "dmean2": 366.207061768,
        "dvar": 90641.296875,
        "dvar2": 178055.515625,
        "max": 11224.5566406,
        "mean": 1136.43432617,
        "median": 928.062805176,
        "min": 155.869308472,
        "var": 501804.65625
    },
    "spectral_complexity": {
        "dmean": 3.09826588631,
        "dmean2": 4.76309967041,
        "dvar": 15.3521795273,
        "dvar2": 32.9903831482,
        "max": 47,
        "mean": 15.1436300278,
        "median": 15,
        "min": 0,
        "var": 64.008430481
    },
    "spectral_decrease": {
        "dmean": 1.94718774438e-09,
        "dmean2": 3.05634428877e-09,
        "dvar": 6.16519589463e-18,
        "dvar2": 1.53353263692e-17,
        "max": 1.29618869324e-24,
        "mean": -6.10515149546e-09,
        "median": -5.76637670946e-09,
        "min": -2.90151689342e-08,
        "var": 1.38301736374e-17
    },
    "spectral_energy": {
        "dmean": 0.00778674893081,
        "dmean2": 0.0121762789786,
        "dvar": 9.82274432317e-05,
        "dvar2": 0.000241979942075,
        "max": 0.116527706385,
        "mean": 0.0246524009854,
        "median": 0.0232270807028,
        "min": 1.08645173217e-20,
        "var": 0.000228949764278
    },
    "spectral_energyband_high": {
        "dmean": 0.00039823516272,
        "dmean2": 0.000621908693574,
        "dvar": 5.52652863917e-07,
        "dvar2": 1.23232075566e-06,
        "max": 0.0135976942256,
        "mean": 0.000799274886958,
        "median": 0.000214749830775,
        "min": 8.01083548903e-21,
        "var": 1.6038081867e-06
    },
    "spectral_energyband_low": {
        "dmean": 0.00346144265495,
        "dmean2": 0.00564344739541,
        "dvar": 3.50726622855e-05,
        "dvar2": 9.42097321968e-05,
        "max": 0.0996873378754,
        "mean": 0.00670052040368,
        "median": 0.00505195278674,
        "min": 8.97295516442e-23,
        "var": 4.52372405562e-05
    },
    "spectral_energyband_middle_high": {
        "dmean": 0.00161923724227,
        "dmean2": 0.00243983021937,
        "dvar": 7.76104752731e-06,
        "dvar2": 1.73661173903e-05,
        "max": 0.0364238657057,
        "mean": 0.00448809470981,
        "median": 0.0031269940082,
        "min": 1.38867872873e-21,
        "var": 2.17935248656e-05
    },
    "spectral_energyband_middle_low": {
        "dmean": 0.00503569049761,
        "dmean2": 0.00804506801069,
        "dvar": 4.2776689952e-05,
        "dvar2": 0.000106601408334,
        "max": 0.0835253819823,
        "mean": 0.0142455445603,
        "median": 0.0128007931635,
        "min": 2.7438071653e-22,
        "var": 0.000108463049401
    },
    "spectral_entropy": {
        "dmean": 0.28028652072,
        "dmean2": 0.405872523785,
        "dvar": 0.079329431057,
        "dvar2": 0.161752864718,
        "max": 9.80270671844,
        "mean": 7.16275978088,
        "median": 7.16021823883,
        "min": 5.08447551727,
        "var": 0.279925614595
    },
    "spectral_flux": {
        "dmean": 0.0276566743851,
        "dmean2": 0.0421526506543,
        "dvar": 0.000814722618088,
        "dvar2": 0.00180189893581,
        "max": 0.291033923626,
        "mean": 0.0713805779815,
        "median": 0.0624754279852,
        "min": 1.04232997233e-10,
        "var": 0.00185731006786
    },
    "spectral_kurtosis": {
        "dmean": 3.02514362335,
        "dmean2": 5.00622272491,
        "dvar": 17.4931087494,
        "dvar2": 44.1901283264,
        "max": 52.4428863525,
        "mean": 5.55892181396,
        "median": 3.56426763535,
        "min": -1.1815418005,
        "var": 35.2328643799
    },
    "spectral_rms": {
        "dmean": 0.000758102396503,
        "dmean2": 0.00115697609726,
        "dvar": 7.21705532669e-07,
        "dvar2": 1.65472147273e-06,
        "max": 0.010662343353,
        "mean": 0.00460832612589,
        "median": 0.00476031191647,
        "min": 3.25569172316e-12,
        "var": 2.81454936157e-06
    },
    "spectral_rolloff": {
        "dmean": 337.125793457,
        "dmean2": 554.977172852,
        "dvar": 386384.6875,
        "dvar2": 796568.375,
        "max": 19164.5507812,
        "mean": 1211.53088379,
        "median": 796.728515625,
        "min": 21.533203125,
        "var": 2564547.75
    },
    "spectral_skewness": {
        "dmean": 0.372181475163,
        "dmean2": 0.590271711349,
        "dvar": 0.168026492,
        "dvar2": 0.398989349604,
        "max": 5.63764762878,
        "mean": 1.58156967163,
        "median": 1.36628484726,
        "min": 0.00824145972729,
        "var": 0.5795814991
    },
    "spectral_spread": {
        "dmean": 677335.1875,
        "dmean2": 1005544.6875,
        "dvar": 701755424768,
        "dvar2": 1.22193471078e+12,
        "max": 40168916,
        "mean": 3921191.75,
        "median": 3517990,
        "min": 1235882.125,
        "var": 2.39954794906e+12
    },
    "spectral_strongpeak": {
        "dmean": 0.502067148685,
        "dmean2": 0.838426351547,
        "dvar": 0.612217545509,
        "dvar2": 1.41194367409,
        "max": 12.3118362427,
        "mean": 1.08332550526,
        "median": 0.608826875687,
        "min": 0,
        "var": 1.34036564827
    },
    "zerocrossingrate": {
        "dmean": 0.00810609292239,
        "dmean2": 0.00997733324766,
        "dvar": 9.9591234175e-05,
        "dvar2": 0.000133787994855,
        "max": 0.51953125,
        "mean": 0.0442419908941,
        "median": 0.037109375,
        "min": 0,
        "var": 0.00168226810638
    },
    "barkbands": {
        "dmean": [6.18106714683e-05, 0.00142972229514, 0.00176569167525, 0.00161537446547, 0.00193149223924, 0.00128094444517, 0.000613246113062, 0.00119334796909, 0.000753297295887, 0.000324638735037, 0.000352023285814, 0.000365063664503, 0.000286025926471, 0.000188578225789, 0.000182252886589, 0.000212143466342, 0.00022113029263, 0.00015310649178, 7.61750998208e-05, 0.000176818997716, 0.000172955682501, 6.561299233e-05, 4.41350712208e-05, 2.86344820779e-05, 1.31579836307e-05, 1.25287251649e-05, 1.10796338504e-06],
        "dmean2": [9.86478335108e-05, 0.00234055356123, 0.00295637105592, 0.00271926703863, 0.00319725158624, 0.0020369393751, 0.00099040591158, 0.00173048512079, 0.00114259554539, 0.000467203761218, 0.000510343408678, 0.000560360844247, 0.000443958851974, 0.000302855478367, 0.000280384439975, 0.000320076767821, 0.000344626663718, 0.000234136343352, 0.00011862917745, 0.000278027961031, 0.000265514856437, 0.00010634665523, 7.18655792298e-05, 4.66295277874e-05, 2.13207476918e-05, 2.05133801501e-05, 1.8782435518e-06],
        "dvar": [1.08015196787e-08, 7.02230499883e-06, 1.21308303278e-05, 8.14831673779e-06, 8.47169576446e-06, 4.11217843066e-06, 1.35872926421e-06, 9.0768935479e-06, 4.54976316178e-06, 8.45936540372e-07, 1.14324711831e-06, 6.45788190923e-07, 7.80041432336e-07, 2.52087886565e-07, 1.30548869492e-07, 1.75097511601e-07, 2.24065317411e-07, 1.00253174651e-07, 3.06882270706e-08, 1.77527496703e-07, 1.42267367664e-07, 1.78210068924e-08, 8.42234904042e-09, 4.16559720051e-09, 1.01931374452e-09, 1.22419729909e-09, 1.64826433752e-11],
        "dvar2": [2.48432652228e-08, 1.8806396838e-05, 3.36477387464e-05, 2.1898184059e-05, 2.20228921535e-05, 1.0245800695e-05, 3.48750290868e-06, 1.91606068256e-05, 9.50568573899e-06, 1.73155581251e-06, 2.13510747926e-06, 1.34947265451e-06, 1.88153239833e-06, 6.26061364528e-07, 3.07259426791e-07, 3.75425969423e-07, 4.94642790727e-07, 2.25633627338e-07, 6.87191601401e-08, 4.10252795291e-07, 3.03000007307e-07, 4.21106527426e-08, 2.06141823611e-08, 1.00165147288e-08, 2.49546427966e-09, 2.9958320269e-09, 4.34461251697e-11],
        "max": [0.00159980659373, 0.0478466786444, 0.0501241013408, 0.0424044281244, 0.0359287671745, 0.038521874696, 0.0169811267406, 0.048618670553, 0.0381605066359, 0.0217920225114, 0.0256516020745, 0.0167020596564, 0.0268429107964, 0.0122248781845, 0.00935560744256, 0.00809529982507, 0.00909112486988, 0.00531751243398, 0.00380809977651, 0.00693861208856, 0.00822848919779, 0.00185885815881, 0.00106519495603, 0.000808637356386, 0.000274815392913, 0.000320265098708, 6.32003211649e-05],
        "mean": [0.000109099368274, 0.00223967758939, 0.00289629492909, 0.00251579913311, 0.00335231004283, 0.00253335130401, 0.00117390847299, 0.00277005019598, 0.0015782781411, 0.000621864688583, 0.000653559865896, 0.000738251430448, 0.0004728360218, 0.000328566442477, 0.000341117818607, 0.000442624295829, 0.000472206273116, 0.000308717193548, 0.000141352589708, 0.000399078388, 0.000386270083254, 7.64969881857e-05, 4.82609975734e-05, 2.95780591841e-05, 1.19481001093e-05, 1.01661280496e-05, 8.02851559456e-07],
        "median": [7.17917791917e-05, 0.00116473552771, 0.00149481417611, 0.00111642689444, 0.00190650764853, 0.00140113779344, 0.00055267335847, 0.000481501978356, 0.000311066396534, 0.000197783811018, 0.000190514198039, 0.000156842987053, 0.00015348548186, 9.65794315562e-05, 0.000152065025759, 0.00011899099627, 0.000122383600683, 8.27517505968e-05, 4.13280795328e-05, 7.52451742301e-05, 7.94496154413e-05, 2.68489184236e-05, 1.37870774779e-05, 4.87757597512e-06, 1.6490107555e-06, 6.79478830534e-07, 1.09962545736e-08],
        "min": [2.27901552642e-23, 6.79659016329e-23, 1.6138774751e-24, 1.22372055811e-23, 6.72066577215e-23, 2.83197436214e-23, 2.80750799894e-23, 9.00388482279e-23, 3.25751023133e-23, 1.14086805918e-22, 1.1731616265e-22, 3.72855643278e-23, 6.68752730324e-23, 9.72139483686e-23, 9.14245044961e-23, 6.94525510296e-23, 2.24845578071e-22, 2.29336304458e-22, 2.53609668107e-22, 2.31174236771e-22, 4.1963760038e-22, 4.82592739584e-22, 4.58500044015e-22, 8.29816241014e-22, 1.27750906733e-21, 2.24717285306e-21, 2.30298149307e-21],
        "var": [1.61190065739e-08, 8.83460961631e-06, 1.48314138642e-05, 1.26391123558e-05, 1.54825720529e-05, 9.31928389036e-06, 2.55304848906e-06, 2.88983683276e-05, 1.53279343067e-05, 2.0397735625e-06, 2.94294432024e-06, 1.82274266081e-06, 1.35411028168e-06, 5.14656051109e-07, 2.61576758476e-07, 4.95076221796e-07, 6.12731298588e-07, 2.65245375886e-07, 7.83427438478e-08, 5.33159152383e-07, 5.0594763934e-07, 1.98200478252e-08, 8.60483240217e-09, 4.53090054364e-09, 9.37814381707e-10, 1.03665476203e-09, 1.17103601122e-11]
    },
    "erbbands": {
        "dmean": [0.0301621686667, 0.377721488476, 1.69190514088, 4.03090190887, 5.20486736298, 6.7559633255, 9.61880588531, 11.3589038849, 8.26156520844, 18.2723083496, 23.0893173218, 18.4809341431, 10.5564661026, 7.94308853149, 15.655798912, 16.4769515991, 12.6773319244, 9.7235584259, 8.88637924194, 9.65607643127, 11.1635437012, 10.4282884598, 8.79190158844, 3.34938573837, 5.44831895828, 8.0350856781, 8.91410923004, 4.798183918, 2.36177802086, 1.99963617325, 1.17381763458, 0.745044052601, 0.413918286562, 0.169871971011, 0.0842124670744, 0.0656722933054, 0.0195511039346, 0.00336481607519, 0.00012086807692, 1.55217130668e-05],
        "dmean2": [0.0491783842444, 0.625113487244, 2.81704854965, 6.74714517593, 8.68045520782, 11.301905632, 15.7134771347, 18.1443195343, 13.0084495544, 27.4511394501, 33.9109649658, 27.7451477051, 15.368727684, 11.5199737549, 23.1485786438, 25.113111496, 19.4526767731, 15.546836853, 13.9847517014, 14.7845678329, 17.0092964172, 16.3687362671, 13.5424966812, 5.10042715073, 8.40433502197, 12.5880479813, 13.7403488159, 7.37773704529, 3.81380081177, 3.26475095749, 1.91913616657, 1.2192864418, 0.670535564423, 0.274266093969, 0.136843904853, 0.107423759997, 0.0318759530783, 0.00561217265204, 0.000203862902708, 2.50821958616e-05],
        "dvar": [0.00336217228323, 0.519369363785, 11.1499166489, 52.896030426, 79.1075057983, 131.616455078, 236.688552856, 379.30166626, 241.567428589, 1881.08447266, 4280.68212891, 2446.03027344, 1119.98901367, 542.198059082, 2358.13085938, 1231.10131836, 1558.33288574, 712.715393066, 397.615905762, 300.20135498, 478.408630371, 507.795654297, 304.225952148, 46.5593032837, 158.809799194, 365.961486816, 403.547821045, 102.797462463, 22.6413841248, 16.5675601959, 6.43179321289, 2.81425905228, 0.924919784069, 0.16551040113, 0.0425388514996, 0.0329377688468, 0.00299531337805, 0.000105723913293, 1.94264814013e-07, 1.39732148075e-09],
        "dvar2": [0.00860782526433, 1.40967237949, 30.6111297607, 141.53302002, 205.395233154, 348.937164307, 621.650939941, 919.781677246, 597.927246094, 4169.35107422, 8940.55273438, 5073.06494141, 2281.65185547, 1155.19836426, 4533.68896484, 2598.37280273, 3740.74047852, 1747.94189453, 964.913513184, 648.554382324, 1012.2331543, 1165.31494141, 704.616821289, 110.000671387, 351.036315918, 837.483764648, 894.932250977, 221.311859131, 53.2054023743, 40.2360229492, 15.8195018768, 6.81407785416, 2.24908685684, 0.404135107994, 0.104978583753, 0.0811550244689, 0.00731954723597, 0.000264709960902, 5.14330338319e-07, 3.73580988366e-09],
        "max": [0.761665821075, 14.4230918884, 62.9916343689, 108.275894165, 157.981765747, 170.931671143, 251.270462036, 308.361785889, 254.576797485, 1202.9744873, 1204.04760742, 882.015625, 949.157836914, 671.454589844, 1281.7590332, 781.999816895, 1286.20703125, 600.100463867, 577.495117188, 342.056854248, 361.716094971, 449.782806396, 285.118011475, 162.603820801, 281.724945068, 436.501403809, 379.38458252, 227.172927856, 68.2102813721, 42.5605735779, 31.2156906128, 15.9008932114, 13.7472276688, 4.00295162201, 1.80175876617, 1.83554160595, 0.497415453196, 0.110531687737, 0.00875329319388, 0.000604520493653],
        "mean": [0.0474593788385, 0.586586773396, 2.78589868546, 7.01191139221, 9.1825761795, 10.4581708908, 15.8746728897, 21.8287906647, 17.9602928162, 38.8438415527, 55.9750328064, 41.9558944702, 20.6845417023, 16.4230060577, 30.6915073395, 35.1625328064, 23.2338829041, 18.4762802124, 17.1735439301, 20.0991001129, 25.7413253784, 23.7005577087, 18.9077396393, 6.86363506317, 11.4176712036, 18.4604587555, 20.6948299408, 9.84484291077, 3.04224610329, 2.27637243271, 1.23570680618, 0.736233651638, 0.428995549679, 0.16039685905, 0.0752040147781, 0.0537815578282, 0.0159591306001, 0.00259963236749, 9.95647060336e-05, 3.39990401699e-05],
        "median": [0.0146108362824, 0.33851993084, 1.56678938866, 3.51631307602, 4.33610773087, 5.62960720062, 9.66401672363, 10.2306041718, 7.98104143143, 9.83132553101, 13.1172475815, 9.78666496277, 6.81374931335, 7.5285782814, 12.4779205322, 11.7099990845, 10.0623884201, 7.225066185, 8.0571975708, 9.2187795639, 7.08769226074, 7.11577415466, 6.17742061615, 2.84413909912, 2.80279278755, 3.51746225357, 3.68523216248, 2.37432718277, 1.11858737469, 0.734943032265, 0.327305495739, 0.123191446066, 0.06673617661, 0.0242073107511, 0.0098314518109, 0.00411663250998, 0.00105669733603, 9.57076117629e-05, 1.6641253751e-05, 2.83084700641e-05],
        "min": [3.90386638014e-21, 7.73145281376e-21, 3.09966224391e-21, 1.64560635843e-20, 1.8406360952e-19, 2.04738187599e-19, 2.31089680373e-19, 2.3224137428e-19, 2.81507165889e-19, 7.12485971864e-19, 2.26901577044e-18, 8.2378369197e-19, 1.49934344241e-18, 4.93270174501e-18, 4.86479145749e-18, 1.35850177766e-18, 2.6929491431e-18, 3.74982933316e-18, 5.37599941581e-18, 5.13655213517e-18, 7.73044040285e-18, 9.43766177782e-18, 9.30597958739e-18, 1.09600587439e-17, 1.57590694904e-17, 1.17537443319e-17, 1.29876463429e-17, 1.78842701919e-17, 1.72340532909e-17, 1.6029833829e-17, 1.24486049978e-17, 1.53834815158e-17, 1.52568434727e-17, 1.31319612357e-17, 1.02564845575e-17, 8.59875588009e-18, 3.532940095e-18, 1.66937910272e-18, 3.12804397395e-19, 3.35361541614e-20],
        "var": [0.00631923042238, 0.57248800993, 12.5801353455, 88.8297271729, 162.063980103, 189.500396729, 368.862548828, 845.621765137, 604.669372559, 5160.39746094, 14627.9707031, 8988.1484375, 2704.88256836, 1190.17114258, 5851.63134766, 3517.01708984, 2804.2902832, 1533.7677002, 780.194152832, 729.195129395, 1523.22607422, 1375.65649414, 785.491760254, 101.795776367, 466.352935791, 1124.35644531, 1412.44067383, 330.180084229, 27.6722888947, 17.3362808228, 6.29782581329, 2.86299109459, 0.978138267994, 0.155285567045, 0.0384953804314, 0.0278382059187, 0.00254777586088, 8.40020729811e-05, 1.3687916578e-07, 1.23089893833e-09]
    },
    "gfcc": {
        "mean": [-47.1055984497, 120.311637878, -125.126472473, 35.4371681213, -59.7902832031, 3.10271215439, -31.4516277313, -3.50525569916, -20.2930393219, 0.172405719757, -16.9736270905, -3.00579619408, -8.77526664734],
        "cov": [[22426.9296875, 1542.72839355, -2600.21777344, 395.362365723, -870.942687988, -534.26953125, -488.426422119, -243.648406982, -403.795562744, 93.2370758057, -316.046051025, -150.427398682, -160.382949829], [1542.72839355, 1810.67077637, -98.3574523926, -315.521240234, 165.31060791, -61.9010810852, 109.865150452, -179.520431519, 88.2769241333, -219.378723145, -0.970365345478, -129.071212769, 9.90893363953], [-2600.21777344, -98.3574523926, 1445.83496094, 82.8639678955, 118.240768433, 339.196716309, 24.7923088074, 69.3517608643, -27.343788147, -60.6817741394, -67.3734436035, 86.3342132568, -116.008460999], [395.362365723, -315.521240234, 82.8639678955, 388.994903564, 13.5257339478, 20.0606803894, -5.10174846649, 36.4840087891, -29.8362541199, 55.5107116699, -17.501291275, 9.86626625061, -21.4067611694], [-870.942687988, 165.31060791, 118.240768433, 13.5257339478, 242.937164307, 69.791305542, 74.3255615234, -9.23074817657, 25.1089000702, -17.3709449768, 40.4634628296, 6.19061565399, 6.15001296997], [-534.26953125, -61.9010810852, 339.196716309, 20.0606803894, 69.791305542, 209.454055786, 43.8085746765, 34.2346305847, -16.2920036316, -9.8857049942, 7.00923442841, 50.9489059448, -18.4511528015], [-488.426422119, 109.865150452, 24.7923088074, -5.10174846649, 74.3255615234, 43.8085746765, 157.125839233, 32.5187683105, 48.4179534912, 2.54774355888, 12.3981733322, -1.28285205364, 34.0611000061], [-243.648406982, -179.520431519, 69.3517608643, 36.4840087891, -9.23074817657, 34.2346305847, 32.5187683105, 111.565795898, 41.8298835754, 47.802947998, 2.34509253502, 14.9396362305, 13.7764635086], [-403.795562744, 88.2769241333, -27.343788147, -29.8362541199, 25.1089000702, -16.2920036316, 48.4179534912, 41.8298835754, 119.153778076, 31.2770576477, 22.5155639648, -15.1767148972, 16.2871780396], [93.2370758057, -219.378723145, -60.6817741394, 55.5107116699, -17.3709449768, -9.8857049942, 2.54774355888, 47.802947998, 31.2770576477, 126.715263367, 29.4223461151, 18.9911766052, 7.49230194092], [-316.046051025, -0.970365345478, -67.3734436035, -17.501291275, 40.4634628296, 7.00923442841, 12.3981733322, 2.34509253502, 22.5155639648, 29.4223461151, 102.592506409, 40.3488197327, 31.1761360168], [-150.427398682, -129.071212769, 86.3342132568, 9.86626625061, 6.19061565399, 50.9489059448, -1.28285205364, 14.9396362305, -15.1767148972, 18.9911766052, 40.3488197327, 101.772994995, 19.904624939], [-160.382949829, 9.90893363953, -116.008460999, -21.4067611694, 6.15001296997, -18.4511528015, 34.0611000061, 13.7764635086, 16.2871780396, 7.49230194092, 31.1761360168, 19.904624939, 98.5766677856]],
        "icov": [[0.000177973313839, -0.000486758595798, 0.000472745858133, -0.000404676306061, 0.000497951812577, -0.000394708302338, 0.000415486370912, -0.000502422335558, 0.00070917076664, -0.000624434091151, 0.00070258328924, -0.000616234028712, 0.000461178424302], [-0.000486758595798, 0.00246756058186, -0.00133677595295, 0.0015757130459, -0.0016976846382, 0.00119887769688, -0.00174265541136, 0.00294585642405, -0.00309033249505, 0.00304463645443, -0.00214298791252, 0.00251498585567, -0.00130110571627], [0.000472745858133, -0.00133677595295, 0.00265459762886, -0.0012298701331, 0.000966041348875, -0.00286668539047, 0.0015016066609, -0.00192623387557, 0.00140260742046, -0.00102117017377, 0.00298235216178, -0.00269564660266, 0.00236094580032], [-0.000404676306061, 0.0015757130459, -0.0012298701331, 0.00422699097544, -0.00191278778948, 0.0013264027657, -0.00127174751833, 0.00077322073048, -0.000517655513249, 0.000292676442768, -0.000982024939731, 0.00173609703779, -0.000623941363301], [0.000497951812577, -0.0016976846382, 0.000966041348875, -0.00191278778948, 0.00767807289958, -0.00259910989553, -0.00102883111686, 8.55007310747e-05, 0.00133682938758, -0.00124541285913, -0.000994348549284, -0.000691982044373, 0.00140831922181], [-0.000394708302338, 0.00119887769688, -0.00286668539047, 0.0013264027657, -0.00259910989553, 0.0110448487103, -0.00343855842948, -0.00127957307268, 0.00110437942203, 0.00196061865427, -0.00260885013267, -0.00124984513968, 0.000494120409712], [0.000415486370912, -0.00174265541136, 0.0015016066609, -0.00127174751833, -0.00102883111686, -0.00343855842948, 0.0112595083192, -0.00335162575357, -0.000906948698685, -0.00164053007029, 0.00309608364478, -0.000960779492743, -0.00217001512647], [-0.000502422335558, 0.00294585642405, -0.00192623387557, 0.00077322073048, 8.55007310747e-05, -0.00127957307268, -0.00335162575357, 0.0186320114881, -0.00846541672945, -0.000795420492068, -0.000213636347326, 0.00212556612678, -0.00380563782528], [0.00070917076664, -0.00309033249505, 0.00140260742046, -0.000517655513249, 0.00133682938758, 0.00110437942203, -0.000906948698685, -0.00846541672945, 0.0177848227322, -0.00597215723246, -0.000163543503731, -1.09137445179e-05, 0.00219180737622], [-0.000624434091151, 0.00304463645443, -0.00102117017377, 0.000292676442768, -0.00124541285913, 0.00196061865427, -0.00164053007029, -0.000795420492068, -0.00597215723246, 0.0159197561443, -0.0057325642556, 0.00138329830952, -2.70484597422e-05], [0.00070258328924, -0.00214298791252, 0.00298235216178, -0.000982024939731, -0.000994348549284, -0.00260885013267, 0.00309608364478, -0.000213636347326, -0.000163543503731, -0.0057325642556, 0.019364900887, -0.00918844714761, -0.000617561163381], [-0.000616234028712, 0.00251498585567, -0.00269564660266, 0.00173609703779, -0.000691982044373, -0.00124984513968, -0.000960779492743, 0.00212556612678, -1.09137445179e-05, 0.00138329830952, -0.00918844714761, 0.0189735535532, -0.00523509643972], [0.000461178424302, -0.00130110571627, 0.00236094580032, -0.000623941363301, 0.00140831922181, 0.000494120409712, -0.00217001512647, -0.00380563782528, 0.00219180737622, -2.70484597422e-05, -0.000617561163381, -0.00523509643972, 0.0158470384777]]
    },
    "melbands": {
        "dmean": [0.00032758389716, 0.000743013399187, 0.000704488193151, 0.000396221497795, 0.000343431311194, 0.000247103598667, 0.000123707926832, 0.000219798181206, 0.000183488911716, 0.000106710365799, 5.09206474817e-05, 3.17494814226e-05, 4.90027559863e-05, 4.57048008684e-05, 4.07405386795e-05, 2.11623191717e-05, 1.94921012735e-05, 1.50416581164e-05, 1.16533137771e-05, 1.52451793838e-05, 1.43783072417e-05, 1.07355053842e-05, 1.26434897538e-05, 6.35746619082e-06, 2.41010229729e-06, 3.41750205735e-06, 5.18726028531e-06, 5.7007587202e-06, 6.01734291195e-06, 4.66216715722e-06, 2.25704980039e-06, 1.29438285512e-06, 1.31495892219e-06, 1.02378135125e-06, 6.8149438448e-07, 5.86534952163e-07, 4.06748455362e-07, 3.15077897994e-07, 2.02443658281e-07, 1.2379966563e-07],
        "dmean2": [0.000536521081813, 0.00122909003403, 0.00117456237786, 0.000660213176161, 0.000561475753784, 0.00039334554458, 0.000196025532205, 0.000326299370499, 0.000271760567557, 0.000160845462233, 7.40421310184e-05, 4.62824282295e-05, 7.1944508818e-05, 6.97676950949e-05, 6.22134539299e-05, 3.2827432733e-05, 3.12344491249e-05, 2.3807719117e-05, 1.80517308763e-05, 2.29475590459e-05, 2.19637277041e-05, 1.67777870956e-05, 1.96022792807e-05, 9.73517398961e-06, 3.71296027879e-06, 5.28444206793e-06, 8.08527511253e-06, 8.95234552445e-06, 9.34533090913e-06, 7.20799607734e-06, 3.50756340595e-06, 2.1010225737e-06, 2.14994770431e-06, 1.67648988736e-06, 1.11895440114e-06, 9.68998733697e-07, 6.6399223897e-07, 5.09901667556e-07, 3.28398670035e-07, 2.01031198799e-07],
        "dvar": [3.57698638709e-07, 2.04160232897e-06, 1.42995406804e-06, 3.77862932055e-07, 2.91144715447e-07, 1.69195715216e-07, 5.35603668084e-08, 2.70652151357e-07, 2.4740015192e-07, 7.95726791125e-08, 2.70434075134e-08, 9.67143520825e-09, 2.18431246424e-08, 9.77987646422e-09, 1.31297790418e-08, 3.29979621405e-09, 3.16195625238e-09, 1.22964827209e-09, 5.49925049942e-10, 9.37192323747e-10, 9.36354771497e-10, 4.95966601122e-10, 7.72664821014e-10, 1.84339349341e-10, 2.4681119995e-11, 6.8020013233e-11, 1.32209659887e-10, 1.91215862588e-10, 1.8734000462e-10, 1.04866955397e-10, 2.34004204902e-11, 7.15793743722e-12, 7.82040491393e-12, 4.30314681457e-12, 2.18356365975e-12, 1.8834666899e-12, 8.55575538802e-13, 5.48020667474e-13, 2.33279839673e-13, 9.18092438553e-14],
        "dvar2": [9.4197736189e-07, 5.58404326512e-06, 3.83831866202e-06, 1.00005661352e-06, 7.57129839712e-07, 4.12717525933e-07, 1.3319674963e-07, 5.89587500599e-07, 5.25591872247e-07, 1.65406845554e-07, 5.48258967115e-08, 2.10079313945e-08, 4.22218278118e-08, 2.09093347081e-08, 3.05321101735e-08, 8.03056643406e-09, 7.6957160644e-09, 2.95353896895e-09, 1.27972854536e-09, 1.86872983754e-09, 1.94740557014e-09, 1.11110298739e-09, 1.80043413511e-09, 4.21703116871e-10, 5.90277549062e-11, 1.56344187596e-10, 2.99975683182e-10, 4.31896185482e-10, 4.22807899803e-10, 2.24446697339e-10, 5.05095652803e-11, 1.6866954014e-11, 1.91098647323e-11, 1.05046466317e-11, 5.45231481491e-12, 4.64430664066e-12, 2.07335862888e-12, 1.3330503151e-12, 5.7503779299e-13, 2.25822493843e-13],
        "max": [0.00847406499088, 0.0290115438402, 0.0177374519408, 0.00840509682894, 0.00762634817511, 0.00682906759903, 0.00353090115823, 0.0133121889085, 0.00855257268995, 0.0050916490145, 0.00465419190004, 0.00300737167709, 0.00363675458357, 0.00204861303791, 0.00273759756237, 0.00156730168965, 0.0011499034008, 0.000869995390531, 0.000595940160565, 0.000855050224345, 0.000559289415833, 0.00038803787902, 0.00052022759337, 0.000405905913794, 0.000139907511766, 0.000224164119572, 0.000218293949729, 0.000354354007868, 0.000349918555003, 0.000220578207518, 0.000135818481795, 3.51639901055e-05, 4.57755413663e-05, 2.1209310944e-05, 2.22853032028e-05, 1.94555450435e-05, 1.31871593112e-05, 1.2763102859e-05, 4.55804638477e-06, 3.30075067723e-06],
        "mean": [0.000524872040842, 0.00125732528977, 0.00127022340894, 0.000689700362273, 0.000562077912036, 0.000488775316626, 0.000261704233708, 0.00047230484779, 0.00044610426994, 0.000230785473832, 9.40319368965e-05, 6.16836696281e-05, 9.14545162232e-05, 9.52960836003e-05, 7.58187306928e-05, 3.66126696463e-05, 3.46906817867e-05, 2.71621465799e-05, 2.22478938667e-05, 3.08247217617e-05, 3.15999823215e-05, 2.36035375565e-05, 2.54975220741e-05, 1.19729820653e-05, 4.22300809078e-06, 6.38879600956e-06, 1.07699470391e-05, 1.2701486412e-05, 1.36882918014e-05, 1.0009844118e-05, 4.12848021369e-06, 1.5561086002e-06, 1.44660771184e-06, 1.16214278023e-06, 7.24902349702e-07, 5.46288390524e-07, 4.10608805623e-07, 3.30671667825e-07, 1.94592558955e-07, 1.13602844465e-07],
        "median": [0.00024126181961, 0.000834157573991, 0.000745863479096, 0.000373136834241, 0.000351750961272, 0.000240025401581, 0.000114664901048, 0.000107045016193, 0.000100496945379, 5.11557227583e-05, 2.65605631284e-05, 2.34574545175e-05, 3.05035227939e-05, 3.19247155858e-05, 2.72471261269e-05, 1.49896713992e-05, 1.00655870483e-05, 1.03975198726e-05, 1.072215764e-05, 9.82514757197e-06, 7.25751942809e-06, 6.85940904077e-06, 6.63126274958e-06, 3.9723804548e-06, 1.53849066464e-06, 1.57551573921e-06, 2.37726453634e-06, 2.17059414354e-06, 2.32063985095e-06, 1.91475737665e-06, 1.09772952328e-06, 5.44681256542e-07, 4.64632137209e-07, 3.5882260363e-07, 1.99647814725e-07, 8.58421032035e-08, 6.43267341616e-08, 4.95112146837e-08, 2.87712822455e-08, 1.62421489591e-08],
        "min": [2.67126067655e-23, 4.11046190414e-24, 7.76708345204e-24, 1.56165807806e-23, 7.47652704798e-24, 4.98246874877e-24, 5.02591762971e-24, 9.99365440108e-24, 1.83745868111e-23, 4.05214693944e-24, 7.45661462101e-24, 1.98716365499e-23, 1.72593347063e-23, 5.40568749683e-24, 4.96153316921e-24, 6.03211602521e-24, 7.11122449544e-24, 9.04444726168e-24, 7.64313131572e-24, 5.30874319689e-24, 1.11948379131e-23, 1.13338604481e-23, 5.86022875599e-24, 1.30810216924e-23, 7.61511886498e-24, 1.18165912573e-23, 8.5198468711e-24, 8.00159365536e-24, 6.75100930687e-24, 1.15734611709e-23, 9.16040823702e-24, 1.0306131672e-23, 8.51819262978e-24, 8.91706515815e-24, 6.90155157772e-24, 7.81806122146e-24, 1.029290563e-23, 1.09231471176e-23, 1.09469888607e-23, 1.06141952661e-23],
        "var": [5.40728422038e-07, 2.23346614803e-06, 2.24637551582e-06, 7.26824396224e-07, 4.59889889726e-07, 3.9702430854e-07, 1.26724160054e-07, 7.59053762067e-07, 8.72428529419e-07, 2.88647811431e-07, 6.52712444094e-08, 2.03136263366e-08, 5.4023082896e-08, 2.61606434293e-08, 2.57668979486e-08, 5.76279068909e-09, 6.89278012445e-09, 2.41476660889e-09, 1.03614972158e-09, 2.61829935511e-09, 2.92765589549e-09, 1.380273007e-09, 1.95233829103e-09, 3.88359372439e-10, 4.71150375658e-11, 1.78017711683e-10, 3.84028836509e-10, 5.74923164631e-10, 6.18110118644e-10, 3.59937746275e-10, 6.39931718727e-11, 8.3242718274e-12, 7.88910083094e-12, 4.54763917496e-12, 2.1236437088e-12, 1.71313289075e-12, 9.45264157746e-13, 6.04087906e-13, 2.20325100937e-13, 8.43377356342e-14]
    },
    "mfcc": {
        "mean": [-677.428466797, 140.847839355, -6.60834360123, 32.8343963623, -6.59866666794, 10.0829181671, -6.80297422409, -2.15082073212, -0.346344172955, -3.3466231823, -6.24994659424, 5.8127374649, -1.54258477688],
        "cov": [[11696.890625, 346.416442871, -1202.39318848, 612.324035645, -433.970550537, -108.379890442, -217.246749878, -337.029571533, 10.5030260086, -62.8698997498, -315.300811768, 360.630523682, 115.581344604], [346.416442871, 2072.73681641, 48.22133255, -120.053504944, 22.893699646, 123.843559265, -22.3571949005, 121.019340515, 8.98198699951, -44.8890533447, 48.7685508728, -122.6901474, -55.190032959], [-1202.39318848, 48.22133255, 1028.06652832, -30.1340847015, 179.075775146, 138.596252441, 74.8965072632, 178.304321289, -16.2066268921, 7.98151922226, 89.1269454956, -154.029251099, -62.0155944824], [612.324035645, -120.053504944, -30.1340847015, 306.670410156, 24.0510597229, 35.318687439, 15.3775882721, -28.6121559143, 29.0789604187, 12.4391460419, -20.6272735596, 57.9326591492, 21.9035053253], [-433.970550537, 22.893699646, 179.075775146, 24.0510597229, 177.019271851, 64.3372802734, 48.3577919006, 48.3336219788, -22.3624248505, -1.51086139679, 25.8670501709, -29.8997154236, 6.02225971222], [-108.379890442, 123.843559265, 138.596252441, 35.318687439, 64.3372802734, 139.027069092, 56.8229522705, 55.7460365295, -0.526988983154, -4.060754776, 14.3572254181, -12.2561759949, 4.70701313019], [-217.246749878, -22.3571949005, 74.8965072632, 15.3775882721, 48.3577919006, 56.8229522705, 122.257835388, 42.4959182739, 15.5705699921, 0.108812056482, -1.24140405655, -1.36138153076, 2.75786066055], [-337.029571533, 121.019340515, 178.304321289, -28.6121559143, 48.3336219788, 55.7460365295, 42.4959182739, 130.765869141, 10.914730072, -1.19375634193, 16.2354450226, -43.7374839783, 2.35134792328], [10.5030260086, 8.98198699951, -16.2066268921, 29.0789604187, -22.3624248505, -0.526988983154, 15.5705699921, 10.914730072, 106.295623779, 44.3410644531, 11.3187141418, 18.4006347656, -7.18282270432], [-62.8698997498, -44.8890533447, 7.98151922226, 12.4391460419, -1.51086139679, -4.060754776, 0.108812056482, -1.19375634193, 44.3410644531, 87.2387695312, 40.857334137, 16.3227500916, -20.6084899902], [-315.300811768, 48.7685508728, 89.1269454956, -20.6272735596, 25.8670501709, 14.3572254181, -1.24140405655, 16.2354450226, 11.3187141418, 40.857334137, 92.329498291, 11.9337358475, -10.4574174881], [360.630523682, -122.6901474, -154.029251099, 57.9326591492, -29.8997154236, -12.2561759949, -1.36138153076, -43.7374839783, 18.4006347656, 16.3227500916, 11.9337358475, 138.60345459, 61.3745765686], [115.581344604, -55.190032959, -62.0155944824, 21.9035053253, 6.02225971222, 4.70701313019, 2.75786066055, 2.35134792328, -7.18282270432, -20.6084899902, -10.4574174881, 61.3745765686, 118.891052246]],
