{
"lowlevel": {
    "average_loudness": 0.112880498171,
    "barkbands_crest": {
        "dmean": 2.43307256699,
        "dmean2": 3.79154419899,
        "dvar": 6.76376199722,
        "dvar2": 15.5305433273,
        "max": 26.9928588867,
        "mean": 15.030828476,
        "median": 14.4316120148,
        "min": 2.86274671555,
        "var": 31.4942951202
    },
    "barkbands_flatness_db": {
        "dmean": 0.0310970302671,
        "dmean2": 0.0430556274951,
        "dvar": 0.0011054178467,
        "dvar2": 0.00218710140325,
        "max": 0.693142175674,
        "mean": 0.241471260786,
        "median": 0.231735289097,
        "min": 0.028598729521,
        "var": 0.00900420360267
    },
    "barkbands_kurtosis": {
        "dmean": 21.1370620728,
        "dmean2": 29.2347240448,
        "dvar": 28183.8769531,
        "dvar2": 45416.3046875,
        "max": 15702.0957031,
        "mean": 46.9540977478,
        "median": 7.96288967133,
        "min": -1.91599881649,
        "var": 126149.8125
    },
    "barkbands_skewness": {
        "dmean": 0.963294744492,
        "dmean2": 1.42614722252,
        "dvar": 3.94959950447,
        "dvar2": 8.36916828156,
        "max": 103.434020996,
        "mean": 2.31907129288,
        "median": 1.74521279335,
        "min": -8.7701883316,
        "var": 20.703496933
    },
    "barkbands_spread": {
        "dmean": 3.54086971283,
        "dmean2": 5.51040363312,
        "dvar": 42.4436988831,
        "dvar2": 100.80027771,
        "max": 85.0470199585,
        "mean": 8.77169513702,
        "median": 6.13278722763,
        "min": 0.00741911679506,
        "var": 82.0278549194
    },
    "dissonance": {
        "dmean": 0.0355351418257,
        "dmean2": 0.0582092627883,
        "dvar": 0.00141209166031,
        "dvar2": 0.00355596467853,
        "max": 0.500000119209,
        "mean": 0.401310622692,
        "median": 0.420614212751,
        "min": 0.0567663908005,
        "var": 0.00599057925865
    },
    "dynamic_complexity": 4.57837963104,
    "erbbands_crest": {
        "dmean": 2.68682050705,
        "dmean2": 4.09100866318,
        "dvar": 10.7875547409,
        "dvar2": 22.5769042969,
        "max": 34.8197135925,
        "mean": 17.3954544067,
        "median": 17.3709220886,
        "min": 2.39565110207,
        "var": 69.7855606079
    },
    "erbbands_flatness_db": {
        "dmean": 0.0283516030759,
        "dmean2": 0.0374027714133,
        "dvar": 0.000954536953941,
        "dvar2": 0.00169798394199,
        "max": 0.622839093208,
        "mean": 0.238392025232,
        "median": 0.229085877538,
        "min": 0.0408362112939,
        "var": 0.00827544927597
    },
    "erbbands_kurtosis": {
        "dmean": 8.58446502686,
        "dmean2": 11.5888080597,
        "dvar": 305.144348145,
        "dvar2": 543.712341309,
        "max": 369.520996094,
        "mean": 22.9632797241,
        "median": 4.99927091599,
        "min": -1.87721204758,
        "var": 1868.89355469
    },
    "erbbands_skewness": {
        "dmean": 0.748142123222,
        "dmean2": 1.06861567497,
        "dvar": 0.864685714245,
        "dvar2": 1.73636472225,
        "max": 14.840514183,
        "mean": 2.36841464043,
        "median": 1.60758161545,
        "min": -10.7917146683,
        "var": 6.61150074005
    },
    "erbbands_spread": {
        "dmean": 7.25482654572,
        "dmean2": 10.8625974655,
        "dvar": 123.7865448,
        "dvar2": 273.594390869,
        "max": 146.092483521,
        "mean": 20.6830463409,
        "median": 14.9136447906,
        "min": 0.245089426637,
        "var": 396.547302246
    },
    "hfc": {
        "dmean": 3.42490363121,
        "dmean2": 4.57095813751,
        "dvar": 80.4581222534,
        "dvar2": 162.098434448,
        "max": 379.879638672,
        "mean": 9.6646604538,
        "median": 4.49455976486,
        "min": 1.10901600268e-16,
        "var": 262.739776611
    },
    "melbands_crest": {
        "dmean": 2.76270270348,
        "dmean2": 4.29524183273,
        "dvar": 8.52792263031,
        "dvar2": 19.6415843964,
        "max": 35.6318283081,
        "mean": 17.4800758362,
        "median": 16.6929130554,
        "min": 1.83742809296,
        "var": 36.9219818115
    },
    "melbands_flatness_db": {
        "dmean": 0.0332751981914,
        "dmean2": 0.0469520874321,
        "dvar": 0.00134602887556,
        "dvar2": 0.00282312254421,
        "max": 0.783250689507,
        "mean": 0.317420750856,
        "median": 0.307029515505,
        "min": 0.00513223791495,
        "var": 0.0110204787925
    },
    "melbands_kurtosis": {
        "dmean": 12.1223516464,
        "dmean2": 18.4646224976,
        "dvar": 623.229492188,
        "dvar2": 1372.08996582,
        "max": 699.327331543,
        "mean": 26.0939502716,
        "median": 11.0213327408,
        "min": -1.9301520586,
        "var": 2234.70849609
    },
    "melbands_skewness": {
        "dmean": 0.892105638981,
        "dmean2": 1.32049429417,
        "dvar": 1.2457177639,
        "dvar2": 2.77173233032,
        "max": 18.7907466888,
        "mean": 2.07480835915,
        "median": 1.83620083332,
        "min": -6.92416524887,
        "var": 6.36863994598
    },
    "melbands_spread": {
        "dmean": 3.37742424011,
        "dmean2": 5.33998966217,
        "dvar": 41.9832649231,
        "dvar2": 102.719970703,
        "max": 159.163619995,
        "mean": 9.80222797394,
        "median": 7.00013065338,
        "min": 0.171032637358,
        "var": 95.9123458862
    },
    "pitch_salience": {
        "dmean": 0.0688403770328,
        "dmean2": 0.107653707266,
        "dvar": 0.00545824924484,
        "dvar2": 0.0129452813417,
        "max": 0.921414911747,
        "mean": 0.433857858181,
        "median": 0.448595046997,
        "min": 0.00799417123199,
        "var": 0.0267536118627
    },
    "silence_rate_20dB": {
        "dmean": 0.000118021955132,
        "dmean2": 0.000236057836446,
        "dvar": 0.000118005424156,
        "dvar2": 0.000235991727095,
        "max": 1,
        "mean": 0.999822974205,
        "median": 1,
        "min": 0,
        "var": 0.000176985311555
    },
    "silence_rate_30dB": {
        "dmean": 0.00826153624803,
        "dmean2": 0.0165240485221,
        "dvar": 0.00819343421608,
        "dvar2": 0.0180226489902,
        "max": 1,
        "mean": 0.984185993671,
        "median": 1,
        "min": 0,
        "var": 0.0155639434233
    },
    "silence_rate_60dB": {
        "dmean": 0.0611353702843,
        "dmean2": 0.122277960181,
        "dvar": 0.0573890842497,
        "dvar2": 0.123354710639,
        "max": 1,
        "mean": 0.131291672587,
        "median": 0,
        "min": 0,
        "var": 0.114038288593
    },
    "spectral_centroid": {
        "dmean": 142.878890991,
        "dmean2": 225.708969116,
        "dvar": 81995.8125,
        "dvar2": 193085.171875,
        "max": 11460.7021484,
        "mean": 675.159729004,
        "median": 547.94329834,
        "min": 120.058151245,
        "var": 193193.578125
    },
    "spectral_complexity": {
        "dmean": 1.62976515293,
        "dmean2": 2.59687232971,
        "dvar": 6.00932216644,
        "dvar2": 14.0556516647,
        "max": 45,
        "mean": 7.32890796661,
        "median": 7,
        "min": 0,
        "var": 18.743844986
    },
    "spectral_decrease": {
        "dmean": 1.48143441958e-09,
        "dmean2": 1.92503302188e-09,
        "dvar": 8.19027837718e-18,
        "dvar2": 1.50275109566e-17,
        "max": 1.568740838e-28,
        "mean": -4.79197348469e-09,
        "median": -2.88075718835e-09,
        "min": -1.27559772523e-07,
        "var": 4.18312184085e-17
    },
    "spectral_energy": {
        "dmean": 0.00586858764291,
        "dmean2": 0.00762123893946,
        "dvar": 0.000131024280563,
        "dvar2": 0.000240735680563,
        "max": 0.508641004562,
        "mean": 0.0189626142383,
        "median": 0.0113493409008,
        "min": 1.01298113011e-20,
        "var": 0.000659631507006
    },
    "spectral_energyband_high": {
        "dmean": 0.000117124938697,
        "dmean2": 0.000192733801669,
        "dvar": 2.45870381832e-07,
        "dvar2": 6.18402339114e-07,
        "max": 0.0255628749728,
        "mean": 0.00012194019655,
        "median": 2.78191309917e-05,
        "min": 7.35011447344e-21,
        "var": 2.19450413397e-07
    },
    "spectral_energyband_low": {
        "dmean": 0.0018998576561,
        "dmean2": 0.00271488493308,
        "dvar": 1.5805268049e-05,
        "dvar2": 3.12685733661e-05,
        "max": 0.167112275958,
        "mean": 0.00408952170983,
        "median": 0.00149492686614,
        "min": 2.39984298469e-23,
        "var": 4.40872463514e-05
    },
    "spectral_energyband_middle_high": {
        "dmean": 0.00103137153201,
        "dmean2": 0.00134163117036,
        "dvar": 2.69149277301e-05,
        "dvar2": 5.19595996593e-05,
        "max": 0.300103396177,
        "mean": 0.00274387281388,
        "median": 0.000280406471575,
        "min": 1.22526400865e-21,
        "var": 0.000101002166048
    },
    "spectral_energyband_middle_low": {
        "dmean": 0.00401769066229,
        "dmean2": 0.00516137154773,
        "dvar": 9.62193662417e-05,
        "dvar2": 0.000174369939486,
        "max": 0.507165849209,
        "mean": 0.012752356939,
        "median": 0.00569359632209,
        "min": 2.51054187915e-22,
        "var": 0.000529158802237
    },
    "spectral_entropy": {
        "dmean": 0.300073981285,
        "dmean2": 0.412130683661,
        "dvar": 0.114510722458,
        "dvar2": 0.224867835641,
        "max": 9.8032875061,
        "mean": 6.62841415405,
        "median": 6.754093647,
        "min": 2.45035076141,
        "var": 0.918261945248
    },
    "spectral_flux": {
        "dmean": 0.0189390815794,
        "dmean2": 0.0304020848125,
        "dvar": 0.000735652574804,
        "dvar2": 0.00185843324289,
        "max": 0.588586390018,
        "mean": 0.0423578955233,
        "median": 0.033394061029,
        "min": 6.69000826958e-11,
        "var": 0.00112199073192
    },
    "spectral_kurtosis": {
        "dmean": 4.51776123047,
        "dmean2": 7.08691263199,
        "dvar": 51.1025924683,
        "dvar2": 117.2370224,
        "max": 199.044586182,
        "mean": 11.5126771927,
        "median": 6.75746250153,
        "min": -1.22144496441,
        "var": 200.68081665
    },
    "spectral_rms": {
        "dmean": 0.00064437527908,
        "dmean2": 0.000828517833725,
        "dvar": 6.33462491351e-07,
        "dvar2": 1.16166086173e-06,
        "max": 0.0222763363272,
        "mean": 0.00372785050422,
        "median": 0.00332754082046,
        "min": 3.14368301356e-12,
        "var": 4.60321825813e-06
    },
    "spectral_rolloff": {
        "dmean": 186.535385132,
        "dmean2": 332.649993896,
        "dvar": 429036.46875,
        "dvar2": 1094179.125,
        "max": 19616.7480469,
        "mean": 662.521972656,
        "median": 473.73046875,
        "min": 86.1328125,
        "var": 596358.4375
    },
    "spectral_skewness": {
        "dmean": 0.446279734373,
        "dmean2": 0.672640919685,
        "dvar": 0.262646913528,
        "dvar2": 0.579493105412,
        "max": 12.3212900162,
        "mean": 2.47111582756,
        "median": 2.14186882973,
        "min": -0.0513830296695,
        "var": 1.6426063776
    },
    "spectral_spread": {
        "dmean": 625491,
        "dmean2": 907291.125,
        "dvar": 685800751104,
        "dvar2": 1.3433831424e+12,
        "max": 41584308,
        "mean": 4016406.75,
        "median": 3858991.25,
        "min": 590498.6875,
        "var": 2.93972711834e+12
    },
    "spectral_strongpeak": {
        "dmean": 0.431454777718,
        "dmean2": 0.589050114155,
        "dvar": 0.691462814808,
        "dvar2": 1.32119607925,
        "max": 32.8291473389,
        "mean": 1.52759599686,
        "median": 0.810805439949,
        "min": 0,
        "var": 3.72220754623
    },
    "zerocrossingrate": {
        "dmean": 0.00593342678621,
        "dmean2": 0.00758315622807,
        "dvar": 9.4778057246e-05,
        "dvar2": 0.000139656476676,
        "max": 0.52001953125,
        "mean": 0.031917206943,
        "median": 0.0263671875,
        "min": 0.00244140625,
        "var": 0.000517404230777
    },
    "barkbands": {
        "dmean": [1.9141654775e-05, 0.00139623438008, 0.000426122744102, 0.000463360978756, 0.000513370556291, 0.000974021560978, 0.00120636622887, 0.00120182149112, 0.000325534667354, 0.000382519443519, 0.000286651891656, 0.000270981807262, 8.77964557731e-05, 4.47372403869e-05, 4.87170909764e-05, 3.95738243242e-05, 2.05722426472e-05, 2.63080510194e-05, 2.9001650546e-05, 2.45560568146e-05, 3.1651907193e-05, 3.37450801453e-05, 2.32932325162e-05, 1.01811492641e-05, 6.76961371937e-06, 4.72971851195e-06, 1.04309879134e-06],
        "dmean2": [3.17147678288e-05, 0.00208844174631, 0.000636188022327, 0.000689742795657, 0.000794134859461, 0.00130694080144, 0.00156515440904, 0.00148607091978, 0.000430672429502, 0.00047990118037, 0.000353680487024, 0.000393425609218, 0.000121686847706, 6.23490850558e-05, 7.32492553652e-05, 5.61278793612e-05, 3.27121888404e-05, 4.26664701081e-05, 4.72409337817e-05, 4.05220380344e-05, 5.27760312252e-05, 5.72409335291e-05, 3.89552915294e-05, 1.67096077348e-05, 1.09876227725e-05, 7.70308452047e-06, 1.76920912054e-06],
        "dvar": [3.07520409137e-09, 1.01039668152e-05, 7.27125211597e-07, 1.73603666553e-06, 1.95196184904e-06, 6.05777177043e-06, 1.54223107529e-05, 6.44804385956e-05, 3.49282709067e-06, 5.49006017536e-06, 8.46175498737e-06, 7.55432074584e-06, 1.37431356961e-06, 1.22469970165e-07, 4.4830716206e-07, 8.8849765234e-07, 7.81208253642e-09, 1.07880708811e-08, 3.23361213361e-08, 1.58051349786e-08, 2.17549036563e-08, 2.60322874368e-08, 3.88039893551e-08, 1.52202928039e-09, 9.37587785188e-10, 4.22641283082e-10, 4.37782761431e-11],
        "dvar2": [7.51312878577e-09, 2.22688158829e-05, 1.48038407133e-06, 3.56648729394e-06, 4.43100225311e-06, 1.18047919386e-05, 2.78371226159e-05, 0.000111580135126, 6.2803765104e-06, 9.83117843134e-06, 1.46576967381e-05, 1.69690792973e-05, 2.75932666227e-06, 2.25948298294e-07, 9.50575611114e-07, 1.9072770101e-06, 1.60392463755e-08, 2.73726392663e-08, 8.57877751059e-08, 4.2687837265e-08, 5.54608590164e-08, 7.17795458627e-08, 7.87234455402e-08, 3.97474586578e-09, 2.28671970248e-09, 1.04316766336e-09, 1.09357904676e-10],
        "max": [0.00178785796743, 0.127602472901, 0.0382769033313, 0.0588297024369, 0.148978799582, 0.145799949765, 0.209281787276, 0.500804066658, 0.106765814126, 0.140227049589, 0.281843781471, 0.153120130301, 0.0961401611567, 0.0306339431554, 0.0701441988349, 0.113384522498, 0.00405765324831, 0.00517143681645, 0.00954793207347, 0.0055377651006, 0.00511903315783, 0.00720719899982, 0.0195079185069, 0.00148736999836, 0.00216492172331, 0.000804342736956, 0.00019325359608],
        "mean": [2.6001371225e-05, 0.00264840526506, 0.00083624443505, 0.000881501822732, 0.00122997921426, 0.00302501488477, 0.00354538834654, 0.0030355360359, 0.000685192237142, 0.00101057731081, 0.000915711221751, 0.000512234051712, 0.00016230509209, 8.62324450281e-05, 7.02229663148e-05, 5.60629741813e-05, 3.03355009237e-05, 3.43802421412e-05, 3.47671630152e-05, 2.70370928774e-05, 2.97814131045e-05, 3.1062092603e-05, 2.34822473431e-05, 1.04949276647e-05, 8.06887783256e-06, 5.75443073103e-06, 8.32381260807e-07],
        "median": [4.52807671536e-06, 0.000650514208246, 0.000353244744474, 0.000215188600123, 0.000417011673562, 0.000407377810916, 0.000420844968176, 0.000116275499749, 5.46140545339e-05, 3.44548461726e-05, 2.7781992685e-05, 2.50615958066e-05, 1.27122211779e-05, 9.74406702881e-06, 1.2303135918e-05, 6.6510428951e-06, 7.34954028303e-06, 7.88833222032e-06, 5.87840986555e-06, 5.49796550331e-06, 6.06082812737e-06, 6.96810138834e-06, 4.70002669317e-06, 2.01659895538e-06, 8.55104190123e-07, 1.92066295313e-07, 4.16285139693e-09],
        "min": [6.50427097066e-24, 6.64414863093e-24, 2.26550537623e-24, 2.16723953707e-24, 2.26226438065e-23, 3.25423992957e-23, 1.54171456997e-23, 1.41408555297e-23, 3.02177303376e-23, 2.936942403e-23, 3.57452408352e-23, 3.85273134342e-23, 6.96634230159e-23, 5.65532552796e-23, 8.40825381858e-23, 7.64593398075e-23, 1.3125856602e-22, 1.41269046824e-22, 1.37147090822e-22, 2.09121674342e-22, 3.58810315649e-22, 3.60206763534e-22, 4.11435012066e-22, 6.78540133886e-22, 9.80963404093e-22, 1.4313453752e-21, 2.13194352412e-21],
        "var": [6.8691332622e-09, 2.18323111767e-05, 1.99029250325e-06, 6.11018367636e-06, 2.09175177588e-05, 5.85449415667e-05, 0.00011370878201, 0.000258195068454, 1.06554280137e-05, 2.66332881438e-05, 4.60368428321e-05, 1.43320648931e-05, 2.46939748649e-06, 3.01251702695e-07, 6.7359849254e-07, 1.24037683236e-06, 1.28567485547e-08, 1.3351088235e-08, 3.02059213197e-08, 1.27098598313e-08, 1.80690165053e-08, 1.77246164412e-08, 4.92713816413e-08, 1.26782395693e-09, 9.67456448286e-10, 4.61325699863e-10, 3.4451864972e-11]
    },
    "erbbands": {
        "dmean": [0.0225360952318, 0.369796216488, 0.611707866192, 1.08840477467, 1.46680593491, 1.75166451931, 3.30620765686, 9.46766376495, 18.3224983215, 18.9369544983, 23.2499446869, 8.76262283325, 11.4260168076, 10.5393466949, 11.3920202255, 12.0231351852, 4.30403661728, 2.9246878624, 2.18279790878, 3.05869364738, 1.56861138344, 1.07598876953, 1.51568174362, 1.41964054108, 1.4206174612, 1.10123598576, 1.02254080772, 1.39658975601, 1.2482714653, 0.94018727541, 0.621103525162, 0.268032312393, 0.15274143219, 0.0868485569954, 0.044162210077, 0.0204268638045, 0.00979613605887, 0.00182392029092, 0.000167190999491, 1.25102133097e-05],
        "dmean2": [0.0338868759573, 0.555564105511, 0.904204726219, 1.55930387974, 2.42750620842, 2.72266769409, 4.24151468277, 13.0330944061, 23.4664497375, 24.064031601, 28.4590873718, 11.0687618256, 14.6482906342, 13.3156585693, 13.9264774323, 16.7512760162, 5.8335351944, 4.06433534622, 3.24985718727, 4.29409694672, 2.28480410576, 1.70560693741, 2.43045473099, 2.30280351639, 2.30299639702, 1.82265257835, 1.71252393723, 2.32988929749, 2.11737799644, 1.58751571178, 1.03552925587, 0.438391715288, 0.251028507948, 0.141396358609, 0.0721537992358, 0.0330794006586, 0.0160939283669, 0.00301462761126, 0.000282226828858, 1.89115762623e-05],
        "dvar": [0.00216872361489, 0.732297122478, 1.6326700449, 9.60189628601, 20.5008926392, 18.8775520325, 235.593917847, 611.073669434, 4236.24365234, 6823.86669922, 37660.1640625, 2042.01318359, 4241.18603516, 9559.93457031, 8269.30273438, 15700.8544922, 2072.49707031, 611.219726562, 239.08001709, 9126.54003906, 167.066955566, 14.6606397629, 37.9898529053, 57.7575759888, 77.7868270874, 27.3284835815, 19.1099433899, 57.0028495789, 32.163143158, 18.2788467407, 35.2957954407, 3.32226848602, 0.355337679386, 0.192903935909, 0.0315609388053, 0.00637049274519, 0.00229004677385, 8.05357703939e-05, 1.24327596041e-06, 2.74018541191e-09],
        "dvar2": [0.00479219201952, 1.61647474766, 3.26137375832, 15.8637113571, 67.5402679443, 42.6667480469, 272.74697876, 1292.7701416, 7703.62988281, 11239.6796875, 65145.5351562, 3469.18432617, 7979.19384766, 16771.3242188, 12978.3857422, 33339.1914062, 4083.38598633, 1225.85864258, 493.425811768, 19043.6386719, 326.215087891, 32.8518333435, 94.0543823242, 153.890594482, 203.266693115, 73.5209732056, 50.3754386902, 145.456283569, 87.9978103638, 49.5131187439, 69.7309494019, 7.15427541733, 0.916662454605, 0.462898880243, 0.0795518755913, 0.0156839713454, 0.00571445049718, 0.000200930342544, 3.12383235723e-06, 6.86229340019e-09],
        "max": [1.05876481533, 35.9183959961, 70.7528991699, 152.272415161, 235.938949585, 278.632293701, 2279.30883789, 761.339477539, 3758.22070312, 5777.31347656, 13703.8632812, 3128.17871094, 3275.79931641, 10273.3554688, 7127.32177734, 7864.91064453, 3730.34667969, 1518.80749512, 889.543334961, 11635.8701172, 1345.99353027, 139.184860229, 264.491607666, 469.64666748, 399.248016357, 251.606506348, 152.784790039, 313.289398193, 237.662338257, 208.342330933, 603.932495117, 177.314498901, 25.7191848755, 35.3385734558, 8.32517910004, 1.8780503273, 2.70050764084, 0.235960140824, 0.0298476386815, 0.00185613357462],
        "mean": [0.0448784567416, 0.688696801662, 1.15367484093, 2.36988472939, 2.97906351089, 3.7402536869, 10.1420059204, 28.5748386383, 55.7253074646, 53.5374412537, 54.937374115, 20.403629303, 27.456987381, 27.8376693726, 39.4363975525, 25.2575702667, 8.51961231232, 5.70339679718, 3.53504753113, 4.44917821884, 2.39424777031, 1.58957636356, 2.02903532982, 1.84211969376, 1.61346173286, 1.21984636784, 0.981349945068, 1.32101368904, 1.14982402325, 0.897599041462, 0.627104043961, 0.273475557566, 0.161088168621, 0.100630633533, 0.0524692200124, 0.0252084489912, 0.0114953173324, 0.00183917104732, 0.000138995455927, 2.64384307229e-05],
        "median": [0.0109283654019, 0.166564285755, 0.520404100418, 0.63064211607, 1.1582378149, 1.30242395401, 1.85040986538, 3.776252985, 6.83794260025, 6.06972885132, 3.36225223541, 1.6799582243, 1.29805338383, 1.62420749664, 1.37996411324, 1.1426898241, 0.784703075886, 0.693965673447, 0.735228896141, 0.534614384174, 0.464443355799, 0.423892855644, 0.443854898214, 0.395042568445, 0.267452418804, 0.258796095848, 0.223053485155, 0.267531991005, 0.264447718859, 0.204463899136, 0.119533658028, 0.0519630126655, 0.028375884518, 0.0127239776775, 0.00443420419469, 0.00125740515068, 0.000295809208183, 3.14501812682e-05, 8.83884604264e-06, 1.38924560815e-05],
        "min": [2.23188944926e-22, 1.49001592683e-21, 2.44221299421e-21, 6.30901518018e-21, 1.03117789189e-20, 8.71999584587e-20, 6.33628685645e-20, 3.11849365679e-19, 2.24654732196e-19, 2.6098189391e-19, 9.46196703256e-19, 5.92110099632e-19, 4.67455377188e-19, 1.33977440859e-18, 1.41247417525e-18, 2.4389000567e-18, 3.31264287273e-18, 3.27030921654e-18, 2.60885444651e-18, 4.35434491893e-18, 3.72193887085e-18, 7.20115978892e-18, 7.98420700707e-18, 7.29243089771e-18, 7.42720260774e-18, 1.08034668365e-17, 1.25550300554e-17, 1.27550754147e-17, 1.11260689298e-17, 1.51917609021e-17, 1.03900667818e-17, 1.16873291734e-17, 1.37688324047e-17, 9.21850441043e-18, 7.95808877923e-18, 4.4110915769e-18, 2.37595223247e-18, 1.27756959934e-18, 3.26837154596e-19, 2.73227191355e-20],
        "var": [0.00576822459698, 1.53750145435, 3.72243833542, 40.7286338806, 83.7073898315, 100.797515869, 4105.57177734, 4849.86328125, 32280.4042969, 38067.1328125, 130324.859375, 7698.8671875, 14851.0410156, 34115.4296875, 80738.5546875, 34884.546875, 3983.51098633, 1193.36254883, 386.921539307, 13723.0791016, 271.538299561, 21.9822654724, 48.2445869446, 63.6691970825, 67.7071151733, 21.9755172729, 14.5693159103, 47.7035255432, 22.5146160126, 13.1371507645, 46.0139770508, 3.8217124939, 0.307936519384, 0.198367893696, 0.0320833176374, 0.00723201688379, 0.00238967919722, 7.07075305399e-05, 9.63372940532e-07, 2.86744383793e-09]
    },
    "gfcc": {
        "mean": [-110.352005005, 126.599960327, -92.9476852417, 24.4234695435, -70.4336853027, 5.12411546707, -33.0941123962, 2.13526916504, -11.3793678284, 3.15155887604, -6.78026151657, 0.648245573044, -11.1378688812],
        "cov": [[7168.67138672, -1099.8684082, -910.532409668, 314.369140625, -1.4369699955, 527.081420898, 67.9405212402, 212.070983887, -282.765258789, -3.05576825142, -394.678619385, 23.8306465149, -178.420196533], [-1099.8684082, 1528.13342285, 136.708694458, -201.775604248, 247.353363037, -35.1869735718, 184.682647705, -134.436141968, 183.852844238, -214.996688843, 132.535507202, -120.120765686, 117.625396729], [-910.532409668, 136.708694458, 1056.73095703, 10.5939159393, 78.904838562, -55.7130203247, 16.0939750671, 96.010848999, 36.0913467407, 129.395187378, 36.512260437, 70.1402664185, -54.4812278748], [314.369140625, -201.775604248, 10.5939159393, 553.835205078, 80.3143997192, 130.415756226, 11.5496263504, 27.0464019775, 2.81149053574, 18.3277511597, -21.3793926239, 14.1445465088, 9.97929286957], [-1.4369699955, 247.353363037, 78.904838562, 80.3143997192, 300.494476318, 168.898468018, 63.163394928, -12.8649206161, -40.1786384583, -55.0621299744, 3.61982226372, 26.2652721405, 14.3304843903], [527.081420898, -35.1869735718, -55.7130203247, 130.415756226, 168.898468018, 417.043457031, 205.36946106, 73.7239990234, -114.767402649, -126.496887207, -132.214920044, 13.1074790955, 0.441319584846], [67.9405212402, 184.682647705, 16.0939750671, 11.5496263504, 63.163394928, 205.36946106, 324.570495605, 131.01184082, 39.1421127319, -134.912490845, -90.9918060303, -61.9496040344, 23.2640991211], [212.070983887, -134.436141968, 96.010848999, 27.0464019775, -12.8649206161, 73.7239990234, 131.01184082, 251.901473999, 107.985702515, 33.677192688, -114.876754761, -50.559551239, -51.9269256592], [-282.765258789, 183.852844238, 36.0913467407, 2.81149053574, -40.1786384583, -114.767402649, 39.1421127319, 107.985702515, 331.416168213, 129.982879639, 37.1332817078, -108.081054688, -20.4478988647], [-3.05576825142, -214.996688843, 129.395187378, 18.3277511597, -55.0621299744, -126.496887207, -134.912490845, 33.677192688, 129.982879639, 291.525360107, 113.632896423, 17.5337200165, -66.0516281128], [-394.678619385, 132.535507202, 36.512260437, -21.3793926239, 3.61982226372, -132.214920044, -90.9918060303, -114.876754761, 37.1332817078, 113.632896423, 255.713623047, 75.4334259033, 35.5829963684], [23.8306465149, -120.120765686, 70.1402664185, 14.1445465088, 26.2652721405, 13.1074790955, -61.9496040344, -50.559551239, -108.081054688, 17.5337200165, 75.4334259033, 152.61491394, 37.1265602112], [-178.420196533, 117.625396729, -54.4812278748, 9.97929286957, 14.3304843903, 0.441319584846, 23.2640991211, -51.9269256592, -20.4478988647, -66.0516281128, 35.5829963684, 37.1265602112, 112.536750793]],
        "icov": [[0.000216295753489, -2.47522202699e-05, 0.000250069395406, -8.76924750628e-05, 1.74434098881e-05, -8.62866218085e-05, -9.527518705e-05, -8.1311482063e-05, 0.000192697130842, -0.000323972839396, 0.000348237750586, -0.000295122357784, 0.000310044619255], [-2.47522202699e-05, 0.00218211417086, -0.000656213262118, 0.000815892999526, -0.00166413979605, 3.28117857862e-05, -0.000196443099412, 0.00126009096857, -0.00197326368652, 0.00260303867981, -0.00180923752487, 0.00195619696751, -0.000780264439527], [0.000250069395406, -0.000656213262118, 0.00172791082878, -0.000397652882384, -0.00022278270626, 0.000872905657161, -0.000967677042354, -0.000641703547444, 0.000963993428741, -0.00182254065294, 0.00136810925324, -0.00203774450347, 0.00122815393843], [-8.76924750628e-05, 0.000815892999526, -0.000397652882384, 0.00244042370468, -0.000787004362792, -0.00106851302553, 0.000729430874344, 0.000263728754362, -0.00110588711686, 0.000804596871603, -0.000800175068434, 0.00101973081473, -0.00113753054757], [1.74434098881e-05, -0.00166413979605, -0.00022278270626, -0.000787004362792, 0.00652028946206, -0.00319082313217, 0.00135491543915, -0.000561950611882, 0.000511260179337, -0.000424092635512, -0.000273649056908, -0.00124924723059, 0.000714445137419], [-8.62866218085e-05, 3.28117857862e-05, 0.000872905657161, -0.00106851302553, -0.00319082313217, 0.00793058890849, -0.00539348646998, 0.000743902695831, 0.00220909551717, -0.00185309245717, 0.00325214257464, -0.0024799767416, 0.00128329743166], [-9.527518705e-05, -0.000196443099412, -0.000967677042354, 0.000729430874344, 0.00135491543915, -0.00539348646998, 0.0106094125658, -0.00523686595261, -0.00151934905443, 0.00514444615692, -0.00413468852639, 0.00402831844985, -0.00251813139766], [-8.1311482063e-05, 0.00126009096857, -0.000641703547444, 0.000263728754362, -0.000561950611882, 0.000743902695831, -0.00523686595261, 0.0117449611425, -0.00448880903423, -0.00160525192041, 0.00505616236478, -0.0030111738015, 0.00242748600431], [0.000192697130842, -0.00197326368652, 0.000963993428741, -0.00110588711686, 0.000511260179337, 0.00220909551717, -0.00151934905443, -0.00448880903423, 0.0104048484936, -0.00632016779855, -9.85218412097e-06, 0.00431428151205, -0.00213731732219], [-0.000323972839396, 0.00260303867981, -0.00182254065294, 0.000804596871603, -0.000424092635512, -0.00185309245717, 0.00514444615692, -0.00160525192041, -0.00632016779855, 0.0142194861546, -0.00766712147743, 0.00155831116717, 0.00317672849633], [0.000348237750586, -0.00180923752487, 0.00136810925324, -0.000800175068434, -0.000273649056908, 0.00325214257464, -0.00413468852639, 0.00505616236478, -9.85218412097e-06, -0.00766712147743, 0.0133542176336, -0.00807452760637, 0.000325782340951], [-0.000295122357784, 0.00195619696751, -0.00203774450347, 0.00101973081473, -0.00124924723059, -0.0024799767416, 0.00402831844985, -0.0030111738015, 0.00431428151205, 0.00155831116717, -0.00807452760637, 0.0187569838017, -0.00757928518578], [0.000310044619255, -0.000780264439527, 0.00122815393843, -0.00113753054757, 0.000714445137419, 0.00128329743166, -0.00251813139766, 0.00242748600431, -0.00213731732219, 0.00317672849633, 0.000325782340951, -0.00757928518578, 0.0163068007678]]
    },
    "melbands": {
        "dmean": [0.000307353941025, 0.000396544812247, 0.000189350990695, 0.000112483496196, 0.000103582715383, 0.000221298600081, 0.000270136166364, 0.000215251915506, 0.000169917620951, 5.02250913996e-05, 5.7520421251e-05, 4.36229929619e-05, 3.41322920576e-05, 3.68681830878e-05, 1.47874843606e-05, 1.07270043372e-05, 4.88570822199e-06, 3.35450363309e-06, 3.94266407966e-06, 3.5774933167e-06, 1.64764389865e-06, 1.18594095966e-06, 1.20088077438e-06, 1.31746662646e-06, 1.21892583138e-06, 1.02250146483e-06, 1.05971844278e-06, 6.81426399751e-07, 5.90310776261e-07, 7.94228640189e-07, 8.09317953099e-07, 7.41653366276e-07, 6.33662523342e-07, 4.95968208725e-07, 3.96911758571e-07, 2.4126765652e-07, 1.40370673307e-07, 1.10231809458e-07, 9.34905912686e-08, 6.77474290001e-08],
        "dmean2": [0.000459769362351, 0.000586083217058, 0.000282002380118, 0.000182843286893, 0.000137236871524, 0.000298606028082, 0.000346020795405, 0.000273474754067, 0.000208291428862, 6.4607229433e-05, 7.37006484997e-05, 5.50983641006e-05, 4.23396595579e-05, 5.07941149408e-05, 2.04390853469e-05, 1.46181409946e-05, 6.88439240548e-06, 4.95099357067e-06, 5.92064498051e-06, 4.96217489854e-06, 2.47169987233e-06, 1.90147829926e-06, 1.92968332158e-06, 2.13908128899e-06, 1.98765405912e-06, 1.67555742792e-06, 1.72967065737e-06, 1.13957321446e-06, 1.00222223409e-06, 1.33071341679e-06, 1.36470350753e-06, 1.27275723116e-06, 1.0744741985e-06, 8.42031795401e-07, 6.67255505959e-07, 3.98026344328e-07, 2.32628821095e-07, 1.82326445497e-07, 1.55219467501e-07, 1.09859044528e-07],
        "dvar": [4.56155959228e-07, 7.64818651078e-07, 2.57949238858e-07, 8.43881622359e-08, 1.9485466396e-07, 3.2083605106e-07, 7.95439802914e-07, 1.04278637991e-06, 2.08116148315e-06, 8.50766426197e-08, 1.16912403314e-07, 1.50468693505e-07, 8.41859915113e-08, 1.12876840319e-07, 2.25259935149e-08, 2.36714825519e-08, 1.65817948261e-09, 5.02681452019e-10, 5.63894220207e-09, 1.14715685839e-08, 8.58617066335e-11, 2.42786086374e-11, 1.92028979523e-11, 3.35690295006e-11, 5.22957371851e-11, 5.99156974035e-11, 6.04922154035e-11, 1.24100799082e-11, 6.8919692002e-12, 1.48260119459e-11, 2.05011962268e-11, 1.23560016385e-11, 9.80729213118e-12, 4.96361198671e-12, 8.6158519555e-12, 1.66822597403e-11, 3.09165399445e-13, 1.99945949012e-13, 1.32130648111e-13, 2.12170897713e-13],
        "dvar2": [1.0093643823e-06, 1.59432329383e-06, 5.53884717647e-07, 2.31351222624e-07, 2.45600091375e-07, 6.60351759052e-07, 1.46196668993e-06, 1.73034015916e-06, 3.59860018762e-06, 1.45632782278e-07, 2.17860886664e-07, 2.6349019322e-07, 1.38959208584e-07, 2.54752450246e-07, 4.74442387599e-08, 4.66388065945e-08, 3.2619997814e-09, 9.39306854519e-10, 1.23613075331e-08, 2.40860114076e-08, 1.46373635435e-10, 5.25761829906e-11, 4.65092131474e-11, 8.69059754716e-11, 1.40525341363e-10, 1.58777532788e-10, 1.61578042612e-10, 3.3716977127e-11, 1.8409067673e-11, 3.71866079596e-11, 5.34499423888e-11, 3.41448432029e-11, 2.68559115918e-11, 1.33563576865e-11, 1.78848290344e-11, 3.23965125559e-11, 8.09811473521e-13, 5.23244371008e-13, 3.45537888666e-13, 4.85989612269e-13],
        "max": [0.0227860249579, 0.0446617528796, 0.0216922201216, 0.0142639558762, 0.0634584873915, 0.0157688576728, 0.0481651425362, 0.0717114210129, 0.101802170277, 0.0210933461785, 0.0184060297906, 0.037883464247, 0.0226782523096, 0.015350616537, 0.0101650534198, 0.013280515559, 0.00347728980705, 0.00129366118927, 0.00823391973972, 0.0130900526419, 0.000612325442489, 0.000199275760679, 0.000185174198123, 0.000384230108466, 0.000491306069307, 0.000480059388792, 0.000366060179658, 0.000194318185095, 9.25779750105e-05, 0.000125593025587, 0.000176935034688, 0.000119185817312, 0.000166680663824, 9.11991592147e-05, 0.000271127995802, 0.000442484277301, 2.2845402782e-05, 2.394470539e-05, 1.0171717804e-05, 4.49935650977e-05],
        "mean": [0.000599798222538, 0.000761555682402, 0.000409721949836, 0.000233416663832, 0.000305464607663, 0.000681310950313, 0.000820445420686, 0.000596585508902, 0.000391949462937, 0.000111817149445, 0.000137551469379, 0.000113014095405, 0.000112114183139, 8.8694927399e-05, 2.89464878733e-05, 1.98339366762e-05, 9.17011948331e-06, 5.48895741304e-06, 5.50820823264e-06, 5.22800974068e-06, 2.4360685984e-06, 1.70462897131e-06, 1.57469241913e-06, 1.72896807271e-06, 1.5225585912e-06, 1.144286216e-06, 1.13738997243e-06, 7.31685076971e-07, 5.49856451926e-07, 7.45363649912e-07, 7.44365877381e-07, 6.65822881274e-07, 5.77326773055e-07, 4.74600938105e-07, 3.91893479446e-07, 2.46284713512e-07, 1.39460453852e-07, 1.14221442971e-07, 9.79815908408e-08, 8.03262594218e-08],
        "median": [0.000141960277688, 0.00028384529287, 0.000143289449625, 9.50488683884e-05, 5.924233119e-05, 7.89710029494e-05, 0.000101169629488, 4.97966902913e-05, 1.72707641468e-05, 7.65349886933e-06, 5.05093566971e-06, 5.55843871552e-06, 3.93162372347e-06, 3.39299276675e-06, 1.51174913299e-06, 1.41633950079e-06, 9.8886221167e-07, 1.05440017251e-06, 8.3943308482e-07, 4.86167436975e-07, 5.1951030855e-07, 4.18447854145e-07, 3.62777882401e-07, 3.78100253329e-07, 2.99339433241e-07, 1.77764007958e-07, 1.79513278908e-07, 1.52797852593e-07, 1.18129882765e-07, 1.49431599539e-07, 1.43660884078e-07, 1.48882875806e-07, 1.19928444064e-07, 1.0645831594e-07, 7.5853456849e-08, 3.67324162198e-08, 2.74298006531e-08, 1.96127096785e-08, 1.54192889568e-08, 8.48034975576e-09],
        "min": [2.67338196297e-24, 1.63734628424e-24, 1.21029613738e-24, 2.53272944408e-24, 2.49113123082e-24, 7.26266606772e-24, 3.7766088693e-24, 3.48688905224e-24, 7.23523658518e-24, 3.47243751489e-24, 2.39428770787e-24, 5.17762780913e-24, 3.85256946916e-24, 5.18836262833e-24, 4.57775588869e-24, 6.0815223837e-24, 5.77961111578e-24, 3.40800335615e-24, 6.33861136385e-24, 6.98516373392e-24, 2.93715160891e-24, 6.44422011754e-24, 6.28518852006e-24, 5.29973085548e-24, 5.58932129936e-24, 5.52782288648e-24, 5.48824770702e-24, 7.40060470788e-24, 7.21896475129e-24, 7.92055081912e-24, 6.36024350759e-24, 5.61378229831e-24, 7.34424138507e-24, 8.2768027705e-24, 5.30276520895e-24, 6.96529232772e-24, 6.76731111748e-24, 9.39033989165e-24, 6.03196140847e-24, 8.19683988485e-24],
        "var": [1.07494599888e-06, 1.64455946106e-06, 9.87134853858e-07, 3.59776720416e-07, 3.1938579923e-06, 2.66623123935e-06, 5.77413993597e-06, 5.71614327782e-06, 7.15193800715e-06, 2.99445929386e-07, 4.15221023786e-07, 5.89231149206e-07, 6.5764078272e-07, 2.86611594902e-07, 4.82125912526e-08, 4.34079758804e-08, 3.5519853725e-09, 1.0706689979e-09, 7.85600562381e-09, 1.69872684808e-08, 1.48464712746e-10, 3.68170043064e-11, 2.35728520037e-11, 4.36546979121e-11, 5.72260572262e-11, 5.03956355813e-11, 4.91663446067e-11, 9.4991904967e-12, 5.10678218463e-12, 1.2403449795e-11, 1.6442382178e-11, 8.4304715986e-12, 6.75190459098e-12, 3.71163082907e-12, 1.09717304686e-11, 2.12999791416e-11, 2.54560044918e-13, 1.72415291137e-13, 1.09094950142e-13, 2.33639442428e-13]
    },
    "mfcc": {
        "mean": [-761.275817871, 151.87348938, 27.528837204, 22.7267894745, -5.23569202423, 3.94203257561, -10.3202581406, 1.46646595001, -4.9382519722, -1.08022415638, 4.31521463394, 3.27100753784, 5.37587594986],
        "cov": [[7447.08349609, -1021.99914551, -981.378112793, -42.051486969, -213.533203125, 251.447860718, 105.005020142, 264.341918945, 199.645324707, 107.040603638, -39.1570129395, -124.948143005, -257.931945801], [-1021.99914551, 1513.91540527, 148.223175049, -154.372467041, 82.8714599609, -0.76483219862, 58.7595863342, 84.9710540771, 44.1397285461, -6.33480072021, -0.0479317493737, 12.5785417557, 5.11051988602], [-981.378112793, 148.223175049, 670.571166992, 128.114868164, 67.1242599487, -15.1114473343, 49.7949256897, 5.27154397964, 34.2132492065, 29.4376239777, 55.5120697021, 41.7078018188, 45.363193512], [-42.051486969, -154.372467041, 128.114868164, 308.63192749, 84.1263504028, 36.6314544678, -33.6930618286, -22.5876941681, -5.98902225494, 34.9058074951, 41.1073799133, 33.2231407166, 23.5151824951], [-213.533203125, 82.8714599609, 67.1242599487, 84.1263504028, 222.274093628, 79.6050186157, 32.0932006836, -23.9746570587, -40.7781333923, -24.9117908478, 9.24538326263, 19.0426158905, 36.1083374023], [251.447860718, -0.76483219862, -15.1114473343, 36.6314544678, 79.6050186157, 214.466781616, 121.337944031, 84.8745040894, 22.7447738647, -23.3708724976, -22.3565235138, -15.9468584061, -25.9836139679], [105.005020142, 58.7595863342, 49.7949256897, -33.6930618286, 32.0932006836, 121.337944031, 238.381378174, 167.430114746, 44.2225875854, -36.2998657227, -53.6871566772, -59.9355354309, -45.0383605957], [264.341918945, 84.9710540771, 5.27154397964, -22.5876941681, -23.9746570587, 84.8745040894, 167.430114746, 284.041046143, 180.95489502, 42.9957008362, -22.4746227264, -61.645565033, -101.662841797], [199.645324707, 44.1397285461, 34.2132492065, -5.98902225494, -40.7781333923, 22.7447738647, 44.2225875854, 180.95489502, 277.932617188, 156.961074829, 55.2114143372, 3.29389739037, -74.5835571289], [107.040603638, -6.33480072021, 29.4376239777, 34.9058074951, -24.9117908478, -23.3708724976, -36.2998657227, 42.9957008362, 156.961074829, 219.881896973, 119.525871277, 39.2751655579, -11.9046478271], [-39.1570129395, -0.0479317493737, 55.5120697021, 41.1073799133, 9.24538326263, -22.3565235138, -53.6871566772, -22.4746227264, 55.2114143372, 119.525871277, 162.924499512, 99.2700500488, 24.6625118256], [-124.948143005, 12.5785417557, 41.7078018188, 33.2231407166, 19.0426158905, -15.9468584061, -59.9355354309, -61.645565033, 3.29389739037, 39.2751655579, 99.2700500488, 183.928787231, 108.214752197], [-257.931945801, 5.11051988602, 45.363193512, 23.5151824951, 36.1083374023, -25.9836139679, -45.0383605957, -101.662841797, -74.5835571289, -11.9046478271, 24.6625118256, 108.214752197, 199.583999634]],
