{
"lowlevel": {
    "average_loudness": 0.0753080546856,
    "barkbands_crest": {
        "dmean": 2.40070033073,
        "dmean2": 3.85346651077,
        "dvar": 5.41828966141,
        "dvar2": 13.6190958023,
        "max": 26.3394851685,
        "mean": 12.6222372055,
        "median": 11.8538856506,
        "min": 2.67411899567,
        "var": 22.8644866943
    },
    "barkbands_flatness_db": {
        "dmean": 0.0228704940528,
        "dmean2": 0.0340057983994,
        "dvar": 0.000610322516877,
        "dvar2": 0.00127020932268,
        "max": 0.534747481346,
        "mean": 0.229521021247,
        "median": 0.224105194211,
        "min": 0.0365284308791,
        "var": 0.00428732251748
    },
    "barkbands_kurtosis": {
        "dmean": 5.73236656189,
        "dmean2": 9.17468738556,
        "dvar": 175.760177612,
        "dvar2": 436.905395508,
        "max": 721.640869141,
        "mean": 12.0970697403,
        "median": 4.43946456909,
        "min": -1.95515847206,
        "var": 987.691833496
    },
    "barkbands_skewness": {
        "dmean": 0.63549631834,
        "dmean2": 0.971692204475,
        "dvar": 0.632543206215,
        "dvar2": 1.42367517948,
        "max": 20.4552059174,
        "mean": 1.67318558693,
        "median": 1.41110396385,
        "min": -5.22292470932,
        "var": 4.32780122757
    },
    "barkbands_spread": {
        "dmean": 2.95892190933,
        "dmean2": 4.53629302979,
        "dvar": 36.8757591248,
        "dvar2": 79.7322006226,
        "max": 120.697761536,
        "mean": 10.2948265076,
        "median": 7.02954816818,
        "min": 0.228374645114,
        "var": 124.662445068
    },
    "dissonance": {
        "dmean": 0.0355238318443,
        "dmean2": 0.059502530843,
        "dvar": 0.00119506497867,
        "dvar2": 0.0031810561195,
        "max": 0.500000059605,
        "mean": 0.41249230504,
        "median": 0.424920201302,
        "min": 0.0959424674511,
        "var": 0.00362648977898
    },
    "dynamic_complexity": 6.32782030106,
    "erbbands_crest": {
        "dmean": 2.60112452507,
        "dmean2": 4.03257226944,
        "dvar": 7.11795473099,
        "dvar2": 15.9862623215,
        "max": 33.8023147583,
        "mean": 13.2581682205,
        "median": 11.784781456,
        "min": 2.3347568512,
        "var": 37.9927482605
    },
    "erbbands_flatness_db": {
        "dmean": 0.0195145606995,
        "dmean2": 0.0280925128609,
        "dvar": 0.000512925675139,
        "dvar2": 0.000946924556047,
        "max": 0.534584105015,
        "mean": 0.217018797994,
        "median": 0.211086183786,
        "min": 0.0219204146415,
        "var": 0.00449094409123
    },
    "erbbands_kurtosis": {
        "dmean": 2.03134894371,
        "dmean2": 3.12045288086,
        "dvar": 10.5363235474,
        "dvar2": 23.2523555756,
        "max": 106.963775635,
        "mean": 4.07028532028,
        "median": 2.27749609947,
        "min": -1.92220199108,
        "var": 40.6565895081
    },
    "erbbands_skewness": {
        "dmean": 0.421948820353,
        "dmean2": 0.635159313679,
        "dvar": 0.226973429322,
        "dvar2": 0.483653604984,
        "max": 7.61339855194,
        "mean": 0.933562457561,
        "median": 0.940854787827,
        "min": -5.02745294571,
        "var": 1.31140720844
    },
    "erbbands_spread": {
        "dmean": 6.48808050156,
        "dmean2": 10.0588006973,
        "dvar": 138.2681427,
        "dvar2": 324.444244385,
        "max": 190.880355835,
        "mean": 22.647611618,
        "median": 17.4152774811,
        "min": 0.515085995197,
        "var": 367.991455078
    },
    "hfc": {
        "dmean": 2.81572079659,
        "dmean2": 3.80242085457,
        "dvar": 57.5145149231,
        "dvar2": 94.7881546021,
        "max": 246.841003418,
        "mean": 11.5369005203,
        "median": 2.55860900879,
        "min": 1.06634618856e-16,
        "var": 493.283996582
    },
    "melbands_crest": {
        "dmean": 2.7499332428,
        "dmean2": 4.38993358612,
        "dvar": 6.98461532593,
        "dvar2": 16.7262363434,
        "max": 34.5984840393,
        "mean": 15.660490036,
        "median": 14.7593612671,
        "min": 1.57168245316,
        "var": 33.5895881653
    },
    "melbands_flatness_db": {
        "dmean": 0.026767089963,
        "dmean2": 0.0390985272825,
        "dvar": 0.000888430397026,
        "dvar2": 0.00179400923662,
        "max": 0.692352473736,
        "mean": 0.321046024561,
        "median": 0.319547593594,
        "min": 0.00356342107989,
        "var": 0.0079257497564
    },
    "melbands_kurtosis": {
        "dmean": 9.35823059082,
        "dmean2": 15.0119352341,
        "dvar": 525.210571289,
        "dvar2": 1353.81359863,
        "max": 608.037353516,
        "mean": 18.7291202545,
        "median": 6.39140224457,
        "min": -1.90461027622,
        "var": 1602.50061035
    },
    "melbands_skewness": {
        "dmean": 0.729880154133,
        "dmean2": 1.1185849905,
        "dvar": 0.924603164196,
        "dvar2": 2.13029527664,
        "max": 18.4555511475,
        "mean": 2.16652297974,
        "median": 1.79183423519,
        "min": -3.81388807297,
        "var": 4.88660001755
    },
    "melbands_spread": {
        "dmean": 3.42713499069,
        "dmean2": 5.12292909622,
        "dvar": 66.0762710571,
        "dvar2": 127.868164062,
        "max": 278.688598633,
        "mean": 13.5968704224,
        "median": 8.20191001892,
        "min": 0.317221552134,
        "var": 355.355804443
    },
    "pitch_salience": {
        "dmean": 0.0679529681802,
        "dmean2": 0.108936026692,
        "dvar": 0.00458804890513,
        "dvar2": 0.0112512698397,
        "max": 0.899648010731,
        "mean": 0.51029497385,
        "median": 0.516303896904,
        "min": 0.0675911381841,
        "var": 0.0197629965842
    },
    "silence_rate_20dB": {
        "dmean": 0.00137009762693,
        "dmean2": 0.00274035171606,
        "dvar": 0.00136824254878,
        "dvar2": 0.00330383586697,
        "max": 1,
        "mean": 0.998744130135,
        "median": 1,
        "min": 0,
        "var": 0.00125441909768
    },
    "silence_rate_30dB": {
        "dmean": 0.0114174801856,
        "dmean2": 0.0228362642229,
        "dvar": 0.0112884258851,
        "dvar2": 0.0249390993267,
        "max": 1,
        "mean": 0.973570048809,
        "median": 1,
        "min": 0,
        "var": 0.0257337093353
    },
    "silence_rate_60dB": {
        "dmean": 0.0557173043489,
        "dmean2": 0.111440971494,
        "dvar": 0.0526177920401,
        "dvar2": 0.113533474505,
        "max": 1,
        "mean": 0.230391591787,
        "median": 0,
        "min": 0,
        "var": 0.177290052176
    },
    "spectral_centroid": {
        "dmean": 126.998504639,
        "dmean2": 184.607757568,
        "dvar": 68254.21875,
        "dvar2": 121586.75,
        "max": 11616.8408203,
        "mean": 806.401123047,
        "median": 546.279296875,
        "min": 111.715927124,
        "var": 953425.1875
    },
    "spectral_complexity": {
        "dmean": 1.28138375282,
        "dmean2": 2.01358747482,
        "dvar": 2.12653374672,
        "dvar2": 4.15806055069,
        "max": 30,
        "mean": 7.58665370941,
        "median": 7,
        "min": 0,
        "var": 19.2292156219
    },
    "spectral_decrease": {
        "dmean": 1.55062584994e-09,
        "dmean2": 2.26312057983e-09,
        "dvar": 2.41454897616e-17,
        "dvar2": 4.79006892404e-17,
        "max": 2.06138468998e-28,
        "mean": -4.67887018019e-09,
        "median": -2.06461958641e-09,
        "min": -1.34378652206e-07,
        "var": 7.35522780284e-17
    },
    "spectral_energy": {
        "dmean": 0.00607352005318,
        "dmean2": 0.00883721839637,
        "dvar": 0.000355960481102,
        "dvar2": 0.000704473641235,
        "max": 0.511940598488,
        "mean": 0.0187055468559,
        "median": 0.00813598092645,
        "min": 1.01578231586e-20,
        "var": 0.00113408267498
    },
    "spectral_energyband_high": {
        "dmean": 6.70704757795e-05,
        "dmean2": 9.16698845685e-05,
        "dvar": 1.11476431641e-07,
        "dvar2": 1.77351623165e-07,
        "max": 0.0162809919566,
        "mean": 0.000163289747434,
        "median": 8.09652283351e-06,
        "min": 7.02742598504e-21,
        "var": 5.82838310947e-07
    },
    "spectral_energyband_low": {
        "dmean": 0.00364023912698,
        "dmean2": 0.00552462507039,
        "dvar": 0.000295497477055,
        "dvar2": 0.000586536421906,
        "max": 0.496016770601,
        "mean": 0.00698540592566,
        "median": 0.00187117082532,
        "min": 1.81633456379e-23,
        "var": 0.000640413840301
    },
    "spectral_energyband_middle_high": {
        "dmean": 0.00112696771976,
        "dmean2": 0.00149336794857,
        "dvar": 1.53299752128e-05,
        "dvar2": 2.6610767236e-05,
        "max": 0.160943970084,
        "mean": 0.00458175549284,
        "median": 0.000256424362306,
        "min": 1.18964566398e-21,
        "var": 0.000135182446684
    },
    "spectral_energyband_middle_low": {
        "dmean": 0.00259598437697,
        "dmean2": 0.00386673794128,
        "dvar": 5.64205693081e-05,
        "dvar2": 0.000123002551845,
        "max": 0.244868174195,
        "mean": 0.00769333261997,
        "median": 0.00347312586382,
        "min": 1.46088217027e-22,
        "var": 0.000250759418122
    },
    "spectral_entropy": {
        "dmean": 0.223344758153,
        "dmean2": 0.329601675272,
        "dvar": 0.0661497190595,
        "dvar2": 0.135309249163,
        "max": 9.83413314819,
        "mean": 6.59275913239,
        "median": 6.54836511612,
        "min": 4.00627231598,
        "var": 0.426131308079
    },
    "spectral_flux": {
        "dmean": 0.0201389212161,
        "dmean2": 0.0324760116637,
        "dvar": 0.00111523817759,
        "dvar2": 0.00292642833665,
        "max": 0.575569689274,
        "mean": 0.0473247393966,
        "median": 0.0345407500863,
        "min": 6.32504534859e-11,
        "var": 0.00206243689172
    },
    "spectral_kurtosis": {
        "dmean": 5.31184864044,
        "dmean2": 8.77136230469,
        "dvar": 55.598739624,
        "dvar2": 147.995391846,
        "max": 223.358291626,
        "mean": 15.7962255478,
        "median": 11.0327091217,
        "min": -1.45095252991,
        "var": 399.026733398
    },
    "spectral_rms": {
        "dmean": 0.000571998942178,
        "dmean2": 0.000812183192465,
        "dvar": 9.62200488175e-07,
        "dvar2": 1.77142351276e-06,
        "max": 0.0223484728485,
        "mean": 0.00345515925437,
        "median": 0.00281736440957,
        "min": 3.1480265443e-12,
        "var": 6.31120519756e-06
    },
    "spectral_rolloff": {
        "dmean": 182.641815186,
        "dmean2": 308.653045654,
        "dvar": 407892.5,
        "dvar2": 918228.5,
        "max": 19724.4140625,
        "mean": 910.12701416,
        "median": 516.796875,
        "min": 43.06640625,
        "var": 3052533.25
    },
    "spectral_skewness": {
        "dmean": 0.475489318371,
        "dmean2": 0.757529854774,
        "dvar": 0.265535652637,
        "dvar2": 0.652653992176,
        "max": 12.6568174362,
        "mean": 2.8181116581,
        "median": 2.61835861206,
        "min": -0.425204455853,
        "var": 2.07059502602
    },
    "spectral_spread": {
        "dmean": 608789.375,
        "dmean2": 948411.1875,
        "dvar": 1.07562644275e+12,
        "dvar2": 2.26419828326e+12,
        "max": 44250988,
        "mean": 3684948.75,
        "median": 3079491.5,
        "min": 384136.625,
        "var": 1.12592955638e+13
    },
    "spectral_strongpeak": {
        "dmean": 0.425783157349,
        "dmean2": 0.672366857529,
        "dvar": 0.796394705772,
        "dvar2": 1.73586165905,
        "max": 14.8732233047,
        "mean": 1.22909021378,
        "median": 0.335726737976,
        "min": 0,
        "var": 4.02768754959
    },
    "zerocrossingrate": {
        "dmean": 0.0057257716544,
        "dmean2": 0.00677031651139,
        "dvar": 0.000118752679555,
        "dvar2": 0.000134318397613,
        "max": 0.5263671875,
        "mean": 0.0336884222925,
        "median": 0.0244140625,
        "min": 0.00244140625,
        "var": 0.00218262593262
    },
    "barkbands": {
        "dmean": [3.71426576748e-05, 0.00253518135287, 0.00135771546047, 0.000553264922928, 0.000773127831053, 0.000417870498495, 0.000348699570168, 0.000349029782228, 0.000767799210735, 0.00047007901594, 0.000286412163405, 0.000212889091927, 0.000238433742197, 0.000188261081348, 0.000129382591695, 9.28442968871e-05, 0.00010620887042, 5.20383109688e-05, 2.14062984014e-05, 2.30407586059e-05, 2.08734836633e-05, 1.45272706504e-05, 1.01152954812e-05, 9.06876357476e-06, 8.45171416586e-06, 3.58013380719e-06, 1.79722974281e-07],
        "dmean2": [6.30652866676e-05, 0.00387973128818, 0.00218111369759, 0.000963097147178, 0.00126217422076, 0.000661352300085, 0.000544248032384, 0.000478594069136, 0.00102537719067, 0.000641402904876, 0.000382214493584, 0.000283541710814, 0.000317606638419, 0.00025589283905, 0.000179406473762, 0.000130790795083, 0.000150057356223, 7.47352678445e-05, 3.10642390104e-05, 3.16144469252e-05, 2.89934359898e-05, 2.06451150007e-05, 1.49305860759e-05, 1.29088766698e-05, 1.21635875985e-05, 5.76258480578e-06, 3.10397894054e-07],
        "dvar": [8.72362715398e-09, 0.000109979970148, 6.80643424857e-05, 5.32230887984e-06, 1.01190598798e-05, 8.64175206061e-07, 7.83423274697e-07, 1.83264955922e-06, 1.71998708538e-05, 1.01444775282e-05, 3.00754868476e-06, 9.42296935591e-07, 1.48360982166e-06, 9.04119474399e-07, 2.9393234513e-07, 1.45913332972e-07, 2.42208358259e-07, 5.78578287502e-08, 1.13286615644e-08, 1.55007313651e-08, 1.8465335927e-08, 5.82061199239e-09, 2.752242656e-09, 5.91810511708e-09, 1.15100773357e-08, 4.22499091268e-10, 8.46727690133e-13],
        "dvar2": [2.38449580081e-08, 0.000229078956181, 0.00015550594253, 1.4724918401e-05, 2.34367762459e-05, 2.11385531657e-06, 1.71614124156e-06, 3.12577026307e-06, 3.12857046083e-05, 1.95329739654e-05, 5.03752789882e-06, 1.50969901824e-06, 2.34949447986e-06, 1.56220289682e-06, 5.26556618752e-07, 2.69520540996e-07, 4.31530850165e-07, 1.09731452369e-07, 2.36260540021e-08, 2.50295375537e-08, 3.0994989686e-08, 1.01239194805e-08, 5.29223331824e-09, 1.03701935927e-08, 1.93399554149e-08, 9.33017885174e-10, 2.23500037921e-12],
        "max": [0.00273763621226, 0.297908991575, 0.27656275034, 0.0851249694824, 0.136246278882, 0.0345259681344, 0.0279374327511, 0.087724134326, 0.206780746579, 0.188759580255, 0.11880389601, 0.0452597029507, 0.0600611194968, 0.056240670383, 0.0202715639025, 0.013906612061, 0.0151974139735, 0.0104368021712, 0.00544729409739, 0.00703200837597, 0.00706332502887, 0.00323828239925, 0.00379409152083, 0.00830610655248, 0.0116548733786, 0.00107678328641, 2.00844006031e-05],
        "mean": [5.1675218856e-05, 0.00456386478618, 0.00212069251575, 0.000636212876998, 0.00121395627502, 0.000969150860328, 0.000730383850168, 0.000849289586768, 0.00216685608029, 0.00159456511028, 0.00089427997591, 0.000659643497784, 0.000593645614572, 0.000488958903588, 0.000315849465551, 0.000221899143071, 0.000282930821413, 0.000112682086183, 4.73757609143e-05, 5.27015981788e-05, 5.20698413311e-05, 3.284203558e-05, 1.7322066924e-05, 1.7015983758e-05, 1.48505932884e-05, 4.71216071674e-06, 1.55549741976e-07],
        "median": [1.8509606889e-05, 0.00117742700968, 0.000303278735373, 0.000198140915018, 0.000431245774962, 0.000362527178368, 0.000217537512071, 8.40100401547e-05, 6.31528673694e-05, 2.73820769507e-05, 2.08592282434e-05, 1.34267293106e-05, 7.92043465481e-06, 6.49178309686e-06, 5.94821358391e-06, 4.0290196921e-06, 5.25088762515e-06, 3.42095245287e-06, 2.94563074021e-06, 2.62063304035e-06, 1.26506301967e-06, 1.28947169742e-06, 8.61314504164e-07, 7.18719206816e-07, 4.53545283108e-07, 3.71123519471e-07, 1.88286293223e-08],
        "min": [2.8017548758e-25, 2.05391769588e-24, 2.75174720808e-24, 2.25022494328e-24, 3.60778829685e-24, 9.14930107548e-24, 4.74743947498e-24, 6.71256653724e-24, 2.33183607492e-23, 1.56104970853e-23, 2.3273302592e-23, 2.24681091106e-23, 3.1722387851e-23, 3.59789550778e-23, 4.45077468427e-23, 4.15697511527e-23, 7.16321484671e-23, 9.43193842045e-23, 1.20331100678e-22, 1.45597545544e-22, 2.57263899012e-22, 3.64767793205e-22, 3.79569953987e-22, 4.9474649867e-22, 7.83031563919e-22, 1.10999550172e-21, 1.96027446644e-21],
        "var": [1.04499724429e-08, 0.00021026932518, 0.00012643673108, 4.38975166617e-06, 1.16774590424e-05, 2.89909462481e-06, 2.225081289e-06, 8.89302191354e-06, 9.21289538383e-05, 9.54298811848e-05, 2.1668658519e-05, 7.9144274423e-06, 7.05876755092e-06, 4.72383544547e-06, 1.39345377193e-06, 6.55520807413e-07, 1.17554463941e-06, 2.02099712965e-07, 3.38794343691e-08, 7.13763341764e-08, 9.45204945424e-08, 2.82301737542e-08, 9.25676690855e-09, 2.38061144131e-08, 4.09034619508e-08, 9.67581126332e-10, 6.54823797182e-13]
    },
    "erbbands": {
        "dmean": [0.0351487584412, 0.691083431244, 1.81994962692, 1.26501250267, 3.06706595421, 2.07463717461, 2.74076104164, 3.45850849152, 4.54490089417, 6.36951589584, 7.73815870285, 15.0943670273, 21.6671886444, 9.4924621582, 10.7815504074, 9.62585258484, 9.23777294159, 10.2205247879, 5.08176660538, 6.61865997314, 4.20971822739, 5.11844539642, 3.02290821075, 1.42883682251, 1.03896713257, 1.13203680515, 0.791857421398, 0.831089913845, 0.534517526627, 0.356013298035, 0.276121526957, 0.195995211601, 0.150189861655, 0.10234195739, 0.0577813573182, 0.0188650283962, 0.0064861420542, 0.000893839227501, 2.21423688345e-05, 7.32382068236e-06],
        "dmean2": [0.0536833107471, 1.05815732479, 2.82701039314, 2.18515062332, 5.19733572006, 3.32346963882, 4.22182703018, 5.54649877548, 7.19294452667, 9.35657501221, 10.2369413376, 19.9541130066, 27.899641037, 12.1386241913, 13.8667869568, 12.3061332703, 11.9268922806, 13.9395198822, 6.88602256775, 9.29071807861, 5.92109632492, 7.18108797073, 4.30724811554, 2.01964735985, 1.49454545975, 1.5403200388, 1.05400335789, 1.15923142433, 0.763343572617, 0.530072569847, 0.407212853432, 0.291871786118, 0.209259808064, 0.1532792449, 0.083350405097, 0.0295520443469, 0.0106659885496, 0.00148661364801, 3.59050973202e-05, 1.06694096758e-05],
        "dvar": [0.0080051003024, 9.35105133057, 119.031890869, 25.6680469513, 264.839050293, 30.3557624817, 47.0668182373, 65.6978912354, 123.786605835, 526.953857422, 756.022583008, 5774.99755859, 20361.4003906, 1832.95544434, 3837.90869141, 1739.3137207, 1988.74414062, 2803.13525391, 516.894287109, 934.876098633, 329.8671875, 723.324890137, 195.136993408, 43.4438171387, 23.0437507629, 42.8400650024, 26.3469676971, 28.3676528931, 8.93091773987, 2.70323300362, 2.26911067963, 2.22257423401, 2.12923431396, 1.50120306015, 0.562625348568, 0.0184946395457, 0.00120485702064, 1.98598136194e-05, 1.00606687425e-08, 4.43174691389e-10],
        "dvar2": [0.0177151747048, 19.2011432648, 245.232391357, 74.1636428833, 636.773376465, 72.460067749, 105.377822876, 169.964904785, 283.543945312, 1045.45019531, 1224.49926758, 10929.2578125, 36632.5703125, 3412.63769531, 6093.58056641, 2721.94116211, 2780.80664062, 4654.91894531, 947.089660645, 1689.59802246, 620.916381836, 1270.44604492, 366.061248779, 75.1320419312, 49.9605522156, 64.3617477417, 39.2706222534, 49.1776771545, 15.9065408707, 4.97903966904, 4.38935470581, 4.70630264282, 3.49095869064, 2.73216176033, 0.936574816704, 0.0360278263688, 0.00303371343762, 5.011858957e-05, 2.50860505702e-08, 8.73608907437e-10],
        "max": [2.54122853279, 88.1734085083, 320.67401123, 148.620101929, 688.180236816, 201.637802124, 249.487884521, 271.974395752, 437.634185791, 1357.74621582, 1296.7980957, 4402.08349609, 8606.18554688, 1919.5045166, 4878.08007812, 2296.42456055, 2490.64599609, 3099.78686523, 1135.40612793, 1468.04223633, 694.210571289, 1067.33447266, 609.193969727, 317.92791748, 246.255355835, 441.002532959, 311.105163574, 265.087615967, 118.951217651, 109.852142334, 102.919204712, 125.075164795, 152.184280396, 124.409950256, 79.4772872925, 10.6091165543, 2.14679884911, 0.109573438764, 0.00293470593169, 0.0005546855391],
        "mean": [0.0800451859832, 1.18213760853, 3.02314758301, 1.79767048359, 3.56467437744, 3.78322386742, 6.01899766922, 7.81587171555, 9.51801872253, 14.3172330856, 21.1646766663, 44.0073356628, 75.6110839844, 28.8112487793, 34.7576522827, 29.4998378754, 25.6392879486, 31.5752620697, 14.072142601, 20.2016162872, 12.0326137543, 14.451880455, 7.52031993866, 3.53036522865, 2.42870497704, 2.78234767914, 2.05466222763, 1.99015545845, 1.238322258, 0.70644980669, 0.471239745617, 0.356246680021, 0.272514343262, 0.181384593248, 0.0983975082636, 0.026832446456, 0.00813560280949, 0.000954821356572, 3.15269790008e-05, 2.25734038395e-05],
        "median": [0.0221520513296, 0.280956149101, 0.442314565182, 0.643911480904, 0.900013804436, 1.31968712807, 2.15015673637, 2.8657450676, 3.39524006844, 3.44783806801, 2.54491138458, 1.95841026306, 1.76678824425, 1.34721636772, 1.20160746574, 0.849908471107, 0.581855297089, 0.461282670498, 0.350066006184, 0.354613125324, 0.243719667196, 0.314019560814, 0.222866296768, 0.168650001287, 0.182823300362, 0.129572719336, 0.0595818050206, 0.0544962510467, 0.0451294034719, 0.0394805148244, 0.0216018557549, 0.0158238522708, 0.00984552688897, 0.00571272801608, 0.00300982454792, 0.00164569308981, 0.000692940200679, 9.63522179518e-05, 7.34587410989e-06, 9.62804551818e-06],
        "min": [5.23118057831e-23, 6.52779798985e-22, 3.3516308289e-21, 7.54900940549e-21, 1.02006774151e-20, 1.25359520716e-20, 5.14780764639e-20, 4.2054822001e-20, 8.36206187012e-20, 1.77610334122e-19, 2.23512990306e-19, 4.66161925204e-19, 6.49113028498e-19, 7.76502978735e-19, 1.09431569624e-18, 1.18191246875e-18, 1.54029105408e-18, 2.00027947188e-18, 3.13054423075e-18, 2.90533376243e-18, 4.02114416048e-18, 5.15038838527e-18, 4.48039979966e-18, 5.67325173201e-18, 6.84297486726e-18, 8.09292335498e-18, 1.03924978656e-17, 1.01229850512e-17, 1.04026432358e-17, 1.01967298572e-17, 1.2327313023e-17, 1.02190686968e-17, 9.11066900987e-18, 8.4238725278e-18, 6.00279966087e-18, 4.33466836011e-18, 1.90664945078e-18, 9.21027354974e-19, 2.21216168239e-19, 2.7504304667e-20],
        "var": [0.023773740977, 17.9677963257, 248.331542969, 26.7569122314, 260.594390869, 58.1166191101, 143.108551025, 202.626525879, 390.525909424, 1630.33618164, 4103.27099609, 26923.1699219, 189557.78125, 10563.2714844, 26328.7773438, 15752.3330078, 11109.6181641, 18063.3203125, 2933.04125977, 6058.80126953, 1514.82922363, 3737.98071289, 707.969543457, 180.686721802, 65.0821380615, 219.946380615, 140.816848755, 135.434249878, 40.494052887, 10.4478979111, 7.3481092453, 6.69626426697, 8.43973445892, 4.9848279953, 2.00748157501, 0.0567651763558, 0.00232205283828, 2.13422517845e-05, 1.24948753566e-08, 1.52513035534e-09]
    },
    "gfcc": {
        "mean": [-128.601730347, 136.885681152, -89.3211517334, 16.5198192596, -50.6535873413, 8.71844959259, -29.5514316559, 10.4173870087, -15.6490287781, 2.7696428299, -11.9383192062, 3.31842255592, -9.75104427338],
        "cov": [[16304.5009766, -516.700378418, -3086.60522461, 241.90032959, -420.573242188, 161.189926147, -196.04498291, 54.362159729, -164.672164917, 80.7829666138, -171.110397339, 168.708633423, -47.2213172913], [-516.700378418, 1648.35986328, 159.164703369, -619.75604248, 134.145233154, -118.796279907, 131.866287231, -78.1086502075, 77.5359268188, -126.610931396, 97.1582183838, -99.6129989624, 66.5907058716], [-3086.60522461, 159.164703369, 1900.37036133, 336.875335693, -181.404724121, 41.6238746643, -40.0382080078, 21.1393432617, 14.7066984177, 23.5447998047, 2.37633824348, -5.80439662933, -78.9677276611], [241.90032959, -619.75604248, 336.875335693, 867.863891602, -1.17803192139, -66.465057373, -131.500778198, 39.9305915833, -0.895133852959, 60.558971405, -7.23867273331, 50.741230011, -39.3260612488], [-420.573242188, 134.145233154, -181.404724121, -1.17803192139, 389.292022705, 25.2801609039, 32.8369865417, -6.06556510925, 43.0350723267, -2.72676992416, 31.7305011749, 0.680287897587, 52.6141052246], [161.189926147, -118.796279907, 41.6238746643, -66.465057373, 25.2801609039, 291.492553711, 73.8731918335, -31.787399292, -1.36751437187, 37.5945510864, -21.4016418457, -11.4925050735, 7.02647590637], [-196.04498291, 131.866287231, -40.0382080078, -131.500778198, 32.8369865417, 73.8731918335, 233.790054321, 35.4083061218, -0.14279872179, -11.9634428024, 18.5274887085, -19.3544769287, 19.2399749756], [54.362159729, -78.1086502075, 21.1393432617, 39.9305915833, -6.06556510925, -31.787399292, 35.4083061218, 154.416671753, 27.7537841797, -6.08597326279, -3.45134067535, 7.89216184616, -7.06346797943], [-164.672164917, 77.5359268188, 14.7066984177, -0.895133852959, 43.0350723267, -1.36751437187, -0.14279872179, 27.7537841797, 147.190109253, 27.8469581604, 3.69979715347, -15.8211183548, 14.552687645], [80.7829666138, -126.610931396, 23.5447998047, 60.558971405, -2.72676992416, 37.5945510864, -11.9634428024, -6.08597326279, 27.8469581604, 115.468040466, 14.9735240936, 1.12131130695, -8.90787696838], [-171.110397339, 97.1582183838, 2.37633824348, -7.23867273331, 31.7305011749, -21.4016418457, 18.5274887085, -3.45134067535, 3.69979715347, 14.9735240936, 117.615455627, 25.3249530792, -0.884642958641], [168.708633423, -99.6129989624, -5.80439662933, 50.741230011, 0.680287897587, -11.4925050735, -19.3544769287, 7.89216184616, -15.8211183548, 1.12131130695, 25.3249530792, 114.333572388, 27.6504058838], [-47.2213172913, 66.5907058716, -78.9677276611, -39.3260612488, 52.6141052246, 7.02647590637, 19.2399749756, -7.06346797943, 14.552687645, -8.90787696838, -0.884642958641, 27.6504058838, 111.486671448]],
        "icov": [[0.000173105523572, -0.000323689804645, 0.000445078097982, -0.000375833653379, 0.000416348775616, -0.000466514436994, 0.000225612122449, -0.00032505649142, 0.000218146320549, -0.000276084319921, 0.000373536138795, -0.000456373440102, 0.000288343930151], [-0.000323689804645, 0.00209988863207, -0.00125029555056, 0.00171646277886, -0.0012278133072, 0.00184544979129, -0.000860203814227, 0.00151845649816, -0.00118885119446, 0.00165931007359, -0.00182591972407, 0.00193072820548, -0.0011692791013], [0.000445078097982, -0.00125029555056, 0.00187765073497, -0.00151436042506, 0.00150343391579, -0.00168399140239, 0.000694103830028, -0.00109093508217, 0.000580958265346, -0.000852662837133, 0.00109534093644, -0.00139601202682, 0.00114977825433], [-0.000375833653379, 0.00171646277886, -0.00151436042506, 0.00302545260638, -0.00152870756574, 0.00196654745378, -0.000107732754259, 0.000832038873341, -0.000727136037312, 0.000494445906952, -0.0012152189156, 0.00108625437133, -0.000665684230626], [0.000416348775616, -0.0012278133072, 0.00150343391579, -0.00152870756574, 0.00425193784758, -0.0018300623633, 0.000461219955469, -0.000850807235111, -0.000132771732751, -0.000454125518445, 0.000185468772543, -0.00096806633519, -0.000366787542589], [-0.000466514436994, 0.00184544979129, -0.00168399140239, 0.00196654745378, -0.0018300623633, 0.00635229656473, -0.00256274850108, 0.00265183928423, -0.000867233145982, -0.000438102666521, -0.000173868436832, 0.00154269998893, -0.00103119481355], [0.000225612122449, -0.000860203814227, 0.000694103830028, -0.000107732754259, 0.000461219955469, -0.00256274850108, 0.00632499810308, -0.00281627685763, 0.00114808732178, -5.51186894882e-05, -0.000785847892985, 0.000469531951239, -0.00054007692961], [-0.00032505649142, 0.00151845649816, -0.00109093508217, 0.000832038873341, -0.000850807235111, 0.00265183928423, -0.00281627685763, 0.00901305954903, -0.00279588019475, 0.00172002974432, -0.000402470497647, 0.000182512434549, 0.000221498994506], [0.000218146320549, -0.00118885119446, 0.000580958265346, -0.000727136037312, -0.000132771732751, -0.000867233145982, 0.00114808732178, -0.00279588019475, 0.00890566594899, -0.00327429035679, 0.000864124391228, 0.000576680351514, -0.000860719301272], [-0.000276084319921, 0.00165931007359, -0.000852662837133, 0.000494445906952, -0.000454125518445, -0.000438102666521, -5.51186894882e-05, 0.00172002974432, -0.00327429035679, 0.0120020117611, -0.00340693932958, 0.00166031392291, -0.000229609984672], [0.000373536138795, -0.00182591972407, 0.00109534093644, -0.0012152189156, 0.000185468772543, -0.000173868436832, -0.000785847892985, -0.000402470497647, 0.000864124391228, -0.00340693932958, 0.0119406795129, -0.00477298023179, 0.00252307625487], [-0.000456373440102, 0.00193072820548, -0.00139601202682, 0.00108625437133, -0.00096806633519, 0.00154269998893, 0.000469531951239, 0.000182512434549, 0.000576680351514, 0.00166031392291, -0.00477298023179, 0.0130790984258, -0.00488631008193], [0.000288343930151, -0.0011692791013, 0.00114977825433, -0.000665684230626, -0.000366787542589, -0.00103119481355, -0.00054007692961, 0.000221498994506, -0.000860719301272, -0.000229609984672, 0.00252307625487, -0.00488631008193, 0.0120410462841]]
    },
    "melbands": {
        "dmean": [0.000509829609655, 0.000949677778408, 0.000286986440187, 0.000183770054718, 9.04693224584e-05, 7.83146024332e-05, 6.96693969076e-05, 7.09403102519e-05, 6.90123342793e-05, 0.000104177779576, 0.000106589126517, 3.76398857043e-05, 4.24277895945e-05, 2.62487501459e-05, 2.05928918149e-05, 2.39073979174e-05, 1.90560112969e-05, 8.68487495609e-06, 8.8607039288e-06, 7.13405734132e-06, 5.44301701666e-06, 5.93301092522e-06, 4.24249583375e-06, 2.38894813265e-06, 1.0993306887e-06, 7.98320911599e-07, 8.06151774668e-07, 7.57702196097e-07, 5.38701215191e-07, 5.34321941359e-07, 4.94893129144e-07, 3.29999778614e-07, 2.52620765195e-07, 2.01318883342e-07, 1.73277612703e-07, 1.41901935535e-07, 1.15015204472e-07, 1.19918524888e-07, 7.99563295573e-08, 9.99597844498e-08],
        "dmean2": [0.000781932903919, 0.00145101291128, 0.000489487021696, 0.000302417814964, 0.000140745803947, 0.000125566832139, 0.000110026812763, 0.000102885205706, 9.05101187527e-05, 0.000139521594974, 0.000138462739415, 4.81748320453e-05, 5.50739277969e-05, 3.42180355801e-05, 2.62114426732e-05, 3.09618044412e-05, 2.58853397099e-05, 1.2021197108e-05, 1.23128684208e-05, 1.00327943073e-05, 7.64888955018e-06, 8.26149516797e-06, 5.98767019255e-06, 3.41529221259e-06, 1.55893508236e-06, 1.16813657769e-06, 1.13394435175e-06, 1.03443005628e-06, 7.17950683793e-07, 7.3631451869e-07, 6.98606754668e-07, 4.71811006264e-07, 3.71899403717e-07, 3.06082654333e-07, 2.56802678678e-07, 2.19226080844e-07, 1.73302652229e-07, 1.67950503283e-07, 1.14329246514e-07, 1.52482201088e-07],
        "dvar": [3.10793984681e-06, 2.69839820248e-05, 1.48774438458e-06, 6.52700634873e-07, 4.09948661684e-08, 3.0999604661e-08, 2.77996523579e-08, 7.20685378042e-08, 6.2835134429e-08, 3.06815451268e-07, 4.97733367411e-07, 3.77841118393e-08, 7.00669602338e-08, 1.3492454265e-08, 8.09755906772e-09, 1.55730948137e-08, 9.56868095869e-09, 1.83129922338e-09, 1.7537720165e-09, 1.06747855e-09, 6.25107299257e-10, 1.15082543495e-09, 4.2127754063e-10, 1.98190769352e-10, 2.87077982913e-11, 2.13508013353e-11, 1.2888735218e-11, 1.96699444927e-11, 1.31291375341e-11, 1.33654736584e-11, 1.03168229168e-11, 3.22821348646e-12, 1.82385508606e-12, 1.01378855397e-12, 8.73976672283e-13, 1.18553615275e-12, 8.73111262109e-13, 1.45623378807e-12, 5.65577207463e-13, 1.79520406787e-12],
        "dvar2": [6.68733446219e-06, 5.34181308467e-05, 3.96578525397e-06, 1.54015003773e-06, 9.4165812925e-08, 8.03563864338e-08, 6.3071347256e-08, 1.38299540708e-07, 1.04831855197e-07, 5.76879699565e-07, 8.98865891941e-07, 7.57374323257e-08, 1.17066093708e-07, 2.03994456882e-08, 1.30619701721e-08, 2.28383374434e-08, 1.60316240283e-08, 3.39712880049e-09, 2.986160208e-09, 1.9579946553e-09, 1.19194776271e-09, 1.97005523006e-09, 7.76412156789e-10, 3.63463842357e-10, 4.7618457788e-11, 4.88807778976e-11, 2.36033709938e-11, 3.08176643926e-11, 2.07571806965e-11, 2.30734389928e-11, 1.82245347286e-11, 5.62327701764e-12, 3.36363771038e-12, 2.07979640454e-12, 1.69869793145e-12, 2.73661974158e-12, 1.99246175114e-12, 2.60877278981e-12, 9.6323198983e-13, 3.49631434915e-12],
        "max": [0.0467182844877, 0.151283115149, 0.0422122329473, 0.035746332258, 0.00695533538237, 0.00623407075182, 0.00659074820578, 0.0178801994771, 0.00995208416134, 0.0323036536574, 0.0417462922633, 0.0102373957634, 0.0198614690453, 0.00642970670015, 0.00381809519604, 0.00700544379652, 0.00551745621487, 0.00191871449351, 0.00224276422523, 0.00157589360606, 0.000858386047184, 0.0013450946426, 0.00071021419717, 0.000820852408651, 0.000324105902109, 0.000294292403851, 0.000160632524057, 0.000287488568574, 0.000238996086409, 0.000201553280931, 0.000217344990233, 7.68522440922e-05, 7.06608625478e-05, 7.52069972805e-05, 6.24013482593e-05, 8.15052044345e-05, 9.33747214731e-05, 0.000134436195367, 7.03556070221e-05, 0.000134113011882],
        "mean": [0.000991955050267, 0.0016454574652, 0.000393294001697, 0.000260396394879, 0.000203930714633, 0.000179660957656, 0.000146974925883, 0.000160290044732, 0.000185075550689, 0.000305765221128, 0.000371106871171, 0.00010319895955, 0.000133463399834, 8.06281750556e-05, 5.29890021426e-05, 6.51052178e-05, 5.5854106904e-05, 2.14858573599e-05, 2.38387365243e-05, 2.04251955438e-05, 1.40193988045e-05, 1.6299303752e-05, 1.01552359411e-05, 5.28262899024e-06, 2.49332174462e-06, 1.73350508703e-06, 1.76189826107e-06, 1.77008860192e-06, 1.24538598811e-06, 1.26643317344e-06, 1.12313136924e-06, 7.3767040476e-07, 5.25227676462e-07, 3.47756241581e-07, 2.80301804878e-07, 2.35334951526e-07, 2.00292774366e-07, 2.08280425795e-07, 1.37628830998e-07, 1.66350133668e-07],
        "median": [0.000282018212602, 0.000317814527079, 0.000128699990455, 8.52439989103e-05, 8.05786403362e-05, 6.56854535919e-05, 5.08763914695e-05, 3.27891393681e-05, 1.46726379171e-05, 9.76395858743e-06, 5.67923825656e-06, 4.0800705392e-06, 3.51084099748e-06, 1.8300887632e-06, 1.39082590067e-06, 8.21919854843e-07, 6.65098355057e-07, 4.3249360715e-07, 4.67573329388e-07, 3.28055733689e-07, 2.27020109378e-07, 3.00079079807e-07, 2.39605071783e-07, 1.43895078963e-07, 1.11915710477e-07, 1.05028163944e-07, 1.21490387528e-07, 5.92884887851e-08, 2.86026100582e-08, 2.71678857189e-08, 2.98667970355e-08, 2.45341809091e-08, 2.01274268363e-08, 2.06897148303e-08, 1.21263283859e-08, 9.08391584176e-09, 8.55960458068e-09, 6.50309317507e-09, 5.50709255975e-09, 4.40099778842e-09],
        "min": [8.7698593745e-25, 1.85922741612e-24, 1.9562902424e-24, 9.23662837212e-25, 1.84828414042e-24, 1.14154602202e-24, 1.02992683849e-24, 1.88280489085e-24, 1.52560827854e-24, 3.10015472662e-24, 2.93007118786e-24, 2.24343738684e-24, 3.36097383556e-24, 3.62996554348e-24, 2.49071490948e-24, 3.64729050668e-24, 2.83401573695e-24, 4.40972299385e-24, 3.18510735472e-24, 3.26829766755e-24, 2.84109162205e-24, 4.93638941115e-24, 3.43525495055e-24, 3.30950500023e-24, 3.91113253061e-24, 4.39966067858e-24, 4.23804713936e-24, 4.54907251175e-24, 4.76251224029e-24, 4.42219212375e-24, 4.69481061968e-24, 5.6211313265e-24, 3.96640683095e-24, 5.14226711905e-24, 6.31976113809e-24, 5.39551592432e-24, 5.90610575079e-24, 5.42676586022e-24, 6.36794397332e-24, 5.78982055361e-24],
        "var": [6.17735804553e-06, 5.74079349462e-05, 1.59540468303e-06, 7.02050897416e-07, 1.2736204269e-07, 1.00316469798e-07, 8.74873720136e-08, 2.48857162433e-07, 3.10358927891e-07, 1.5881107629e-06, 4.64214053864e-06, 1.75722362883e-07, 5.01535680542e-07, 1.16713451348e-07, 3.98215469488e-08, 8.51765022958e-08, 5.92419766576e-08, 9.66074953368e-09, 8.90340778881e-09, 6.56640120056e-09, 2.65126476329e-09, 5.99127325529e-09, 1.67666203144e-09, 7.69609154183e-10, 1.16827603147e-10, 4.87521863157e-11, 4.97370512831e-11, 9.80713010801e-11, 5.99653868227e-11, 5.84437498397e-11, 5.04578531735e-11, 1.49494808893e-11, 7.82800126803e-12, 3.26620805055e-12, 2.75115802535e-12, 2.55328418998e-12, 2.39708383351e-12, 5.53132886716e-12, 1.96506287804e-12, 5.30206737889e-12]
    },
    "mfcc": {
        "mean": [-779.453491211, 169.223510742, 19.5953769684, 21.8263511658, 4.65267705917, 2.93593454361, -2.02803301811, 6.72092342377, 1.23852920532, 1.42724382877, 2.85372400284, 2.19389891624, 3.17538142204],
        "cov": [[9791.29785156, -584.028930664, -2289.27514648, -50.0379981995, -264.080078125, 44.8699455261, -166.294845581, 28.0395927429, 85.2401809692, -167.820724487, 11.4904251099, 15.9894151688, -19.2853355408], [-584.028930664, 1988.33959961, 20.3901615143, -394.235107422, -66.2600326538, -105.044792175, 48.1511077881, 45.1527023315, -30.7462787628, 9.26644229889, 10.3819847107, -61.6986846924, 4.59152793884], [-2289.27514648, 20.3901615143, 1673.05651855, 212.266494751, 3.28701519966, 66.3890686035, 11.5070447922, 3.95413374901, -47.2770462036, 78.1251602173, -3.42959523201, 51.457901001, 6.13335990906], [-50.0379981995, -394.235107422, 212.266494751, 630.168151855, 159.655853271, -47.2205047607, -45.715133667, 6.41249465942, -17.491235733, 4.40849113464, -23.5060348511, 51.5060539246, 35.7927474976], [-264.080078125, -66.2600326538, 3.28701519966, 159.655853271, 309.272735596, 47.4152793884, -31.918390274, -2.51628875732, 19.5918979645, 13.4464817047, -19.9838676453, 6.78214263916, 25.2683258057], [44.8699455261, -105.044792175, 66.3890686035, -47.2205047607, 47.4152793884, 250.158447266, 56.4514884949, -30.9320087433, 55.6441879272, -3.31147241592, -2.69315719604, 27.6826972961, -15.3090620041], [-166.294845581, 48.1511077881, 11.5070447922, -45.715133667, -31.918390274, 56.4514884949, 190.333724976, 42.3480911255, 1.96582400799, 10.8090810776, 11.2960453033, -1.04501199722, 2.18483281136], [28.0395927429, 45.1527023315, 3.95413374901, 6.41249465942, -2.51628875732, -30.9320087433, 42.3480911255, 143.353378296, 6.48444986343, 0.636116862297, 10.0905046463, -12.4353809357, 0.619386315346], [85.2401809692, -30.7462787628, -47.2770462036, -17.491235733, 19.5918979645, 55.6441879272, 1.96582400799, 6.48444986343, 159.304382324, 23.1028633118, -2.8141283989, 6.4762544632, -13.3948345184], [-167.820724487, 9.26644229889, 78.1251602173, 4.40849113464, 13.4464817047, -3.31147241592, 10.8090810776, 0.636116862297, 23.1028633118, 126.378944397, 36.1883926392, -5.36083316803, -2.73047089577], [11.4904251099, 10.3819847107, -3.42959523201, -23.5060348511, -19.9838676453, -2.69315719604, 11.2960453033, 10.0905046463, -2.8141283989, 36.1883926392, 107.583259583, 20.3370037079, -3.79328608513], [15.9894151688, -61.6986846924, 51.457901001, 51.5060539246, 6.78214263916, 27.6826972961, -1.04501199722, -12.4353809357, 6.4762544632, -5.36083316803, 20.3370037079, 135.12272644, 28.6106853485], [-19.2853355408, 4.59152793884, 6.13335990906, 35.7927474976, 25.2683258057, -15.3090620041, 2.18483281136, 0.619386315346, -13.3948345184, -2.73047089577, -3.79328608513, 28.6106853485, 104.623023987]],
