{
"lowlevel": {
    "average_loudness": 0.802590191364,
    "barkbands_crest": {
        "dmean": 2.51566529274,
        "dmean2": 3.76209783554,
        "dvar": 5.7195148468,
        "dvar2": 12.2532348633,
        "max": 26.7603397369,
        "mean": 13.6404066086,
        "median": 12.7689247131,
        "min": 3.78919053078,
        "var": 26.7556877136
    },
    "barkbands_flatness_db": {
        "dmean": 0.0234160684049,
        "dmean2": 0.0344965234399,
        "dvar": 0.000568383780774,
        "dvar2": 0.00128133571707,
        "max": 0.459019243717,
        "mean": 0.251772791147,
        "median": 0.250704288483,
        "min": 0.0498293749988,
        "var": 0.00223013618961
    },
    "barkbands_kurtosis": {
        "dmean": 4.26720380783,
        "dmean2": 6.59908628464,
        "dvar": 167.874679565,
        "dvar2": 426.873199463,
        "max": 787.88092041,
        "mean": 7.35551261902,
        "median": 2.99456262589,
        "min": -1.82049119473,
        "var": 350.560211182
    },
    "barkbands_skewness": {
        "dmean": 0.568112671375,
        "dmean2": 0.82840526104,
        "dvar": 0.482470959425,
        "dvar2": 1.06311821938,
        "max": 27.1105766296,
        "mean": 0.70050996542,
        "median": 0.474136888981,
        "min": -7.28888082504,
        "var": 2.46996283531
    },
    "barkbands_spread": {
        "dmean": 1.88332605362,
        "dmean2": 2.9016084671,
        "dvar": 6.64721298218,
        "dvar2": 15.9922332764,
        "max": 122.228965759,
        "mean": 6.60001134872,
        "median": 5.96749782562,
        "min": 0.259666234255,
        "var": 19.1031112671
    },
    "dissonance": {
        "dmean": 0.0499039292336,
        "dmean2": 0.0841599330306,
        "dvar": 0.00203655427322,
        "dvar2": 0.00547533901408,
        "max": 0.500000178814,
        "mean": 0.384465575218,
        "median": 0.390506982803,
        "min": 0.164520129561,
        "var": 0.00427296990529
    },
    "dynamic_complexity": 4.74902057648,
    "erbbands_crest": {
        "dmean": 2.98178267479,
        "dmean2": 4.37743759155,
        "dvar": 9.73306465149,
        "dvar2": 20.6814880371,
        "max": 34.2814369202,
        "mean": 17.2190418243,
        "median": 16.6154975891,
        "min": 2.54777002335,
        "var": 48.5009498596
    },
    "erbbands_flatness_db": {
        "dmean": 0.0232890415937,
        "dmean2": 0.0310018640012,
        "dvar": 0.000649388006423,
        "dvar2": 0.00113468465861,
        "max": 0.490899980068,
        "mean": 0.280895501375,
        "median": 0.289155840874,
        "min": 0.0279684625566,
        "var": 0.00444613629952
    },
    "erbbands_kurtosis": {
        "dmean": 3.44565486908,
        "dmean2": 4.85681200027,
        "dvar": 32.2933158875,
        "dvar2": 61.5324745178,
        "max": 126.267929077,
        "mean": 6.90149784088,
        "median": 3.59708094597,
        "min": -1.57633674145,
        "var": 99.7438659668
    },
    "erbbands_skewness": {
        "dmean": 0.513651907444,
        "dmean2": 0.725582838058,
        "dvar": 0.295605897903,
        "dvar2": 0.595816671848,
        "max": 9.02907371521,
        "mean": 1.29713451862,
        "median": 1.12337994576,
        "min": -2.89326429367,
        "var": 1.35274040699
    },
    "erbbands_spread": {
        "dmean": 3.21500563622,
        "dmean2": 4.66369724274,
        "dvar": 29.7777557373,
        "dvar2": 67.6377334595,
        "max": 135.830734253,
        "mean": 12.0919771194,
        "median": 8.98284435272,
        "min": 0.529267311096,
        "var": 142.238220215
    },
    "hfc": {
        "dmean": 4.55233001709,
        "dmean2": 5.68758296967,
        "dvar": 76.7445755005,
        "dvar2": 136.578811646,
        "max": 213.463592529,
        "mean": 11.0176744461,
        "median": 5.71003341675,
        "min": 1.09873825048e-16,
        "var": 221.209075928
    },
    "melbands_crest": {
        "dmean": 3.38124632835,
        "dmean2": 5.23146629333,
        "dvar": 10.8761577606,
        "dvar2": 24.4426803589,
        "max": 39.1429176331,
        "mean": 17.232843399,
        "median": 16.090171814,
        "min": 1.88781380653,
        "var": 44.1926727295
    },
    "melbands_flatness_db": {
        "dmean": 0.0248283483088,
        "dmean2": 0.037317212671,
        "dvar": 0.000676812545862,
        "dvar2": 0.00160577986389,
        "max": 0.615052819252,
        "mean": 0.336483836174,
        "median": 0.334936916828,
        "min": 0.0041653746739,
        "var": 0.00267565296963
    },
    "melbands_kurtosis": {
        "dmean": 5.65018844604,
        "dmean2": 8.95007896423,
        "dvar": 310.79119873,
        "dvar2": 825.426757812,
        "max": 975.440612793,
        "mean": 9.53723335266,
        "median": 2.59940433502,
        "min": -1.75493633747,
        "var": 773.962402344
    },
    "melbands_skewness": {
        "dmean": 0.616848766804,
        "dmean2": 0.912461102009,
        "dvar": 0.635505735874,
        "dvar2": 1.39777481556,
        "max": 29.6561775208,
        "mean": 0.966372907162,
        "median": 0.630516886711,
        "min": -5.80280542374,
        "var": 3.31996798515
    },
    "melbands_spread": {
        "dmean": 2.65740013123,
        "dmean2": 4.13527154922,
        "dvar": 15.0549926758,
        "dvar2": 36.6452026367,
        "max": 211.192138672,
        "mean": 9.77385902405,
        "median": 8.95359325409,
        "min": 0.356841295958,
        "var": 73.0689163208
    },
    "pitch_salience": {
        "dmean": 0.0703334957361,
        "dmean2": 0.107796631753,
        "dvar": 0.00455248821527,
        "dvar2": 0.010865021497,
        "max": 0.938583254814,
        "mean": 0.482847929001,
        "median": 0.49274712801,
        "min": 0.0332266613841,
        "var": 0.0186122171581
    },
    "silence_rate_20dB": {
        "dmean": 0,
        "dmean2": 0,
        "dvar": 0,
        "dvar2": 0,
        "max": 1,
        "mean": 1,
        "median": 1,
        "min": 1,
        "var": 0
    },
    "silence_rate_30dB": {
        "dmean": 0.00651296088472,
        "dmean2": 0.0130276186392,
        "dvar": 0.00647020945325,
        "dvar2": 0.0144199375063,
        "max": 1,
        "mean": 0.992055237293,
        "median": 1,
        "min": 0,
        "var": 0.00788265559822
    },
    "silence_rate_60dB": {
        "dmean": 0.0698189362884,
        "dmean2": 0.139656066895,
        "dvar": 0.0649462863803,
        "dvar2": 0.138662472367,
        "max": 1,
        "mean": 0.166840329766,
        "median": 0,
        "min": 0,
        "var": 0.139002025127
    },
    "spectral_centroid": {
        "dmean": 73.7680969238,
        "dmean2": 110.293334961,
        "dvar": 26437.5292969,
        "dvar2": 45030.203125,
        "max": 11552,
        "mean": 633.59942627,
        "median": 592.120178223,
        "min": 113.371154785,
        "var": 301574.15625
    },
    "spectral_complexity": {
        "dmean": 1.71447181702,
        "dmean2": 2.64408540726,
        "dvar": 3.57245445251,
        "dvar2": 6.86725091934,
        "max": 27,
        "mean": 8.2181558609,
        "median": 8,
        "min": 0,
        "var": 16.1613845825
    },
    "spectral_decrease": {
        "dmean": 1.72567293788e-09,
        "dmean2": 2.23532681254e-09,
        "dvar": 8.24522715809e-18,
        "dvar2": 1.47987773193e-17,
        "max": 1.6479104886e-21,
        "mean": -4.6810879617e-09,
        "median": -2.94757995789e-09,
        "min": -5.14881257629e-08,
        "var": 2.8090008046e-17
    },
    "spectral_energy": {
        "dmean": 0.00691266451031,
        "dmean2": 0.00893428083509,
        "dvar": 0.000134699497721,
        "dvar2": 0.000241392510361,
        "max": 0.208988472819,
        "mean": 0.0186668671668,
        "median": 0.011686806567,
        "min": 1.02807022926e-20,
        "var": 0.000453997374279
    },
    "spectral_energyband_high": {
        "dmean": 9.43939357967e-06,
        "dmean2": 1.35693799166e-05,
        "dvar": 1.85382631468e-09,
        "dvar2": 4.41798553297e-09,
        "max": 0.00188200257253,
        "mean": 1.6387710275e-05,
        "median": 7.21778133084e-06,
        "min": 7.26204639539e-21,
        "var": 2.08953365721e-09
    },
    "spectral_energyband_low": {
        "dmean": 0.00107942486648,
        "dmean2": 0.00171170965768,
        "dvar": 3.12929523716e-06,
        "dvar2": 7.71860959503e-06,
        "max": 0.0322448574007,
        "mean": 0.00204248935916,
        "median": 0.00109565001912,
        "min": 1.86116395131e-23,
        "var": 6.8009626375e-06
    },
    "spectral_energyband_middle_high": {
        "dmean": 0.00170403008815,
        "dmean2": 0.0021384858992,
        "dvar": 2.37027597905e-05,
        "dvar2": 4.08748928749e-05,
        "max": 0.191071152687,
        "mean": 0.00324180023745,
        "median": 0.00103786005639,
        "min": 1.20804215272e-21,
        "var": 5.44550930499e-05
    },
    "spectral_energyband_middle_low": {
        "dmean": 0.00544319255278,
        "dmean2": 0.00704520009458,
        "dvar": 9.66552397585e-05,
        "dvar2": 0.000174231288838,
        "max": 0.204863533378,
        "mean": 0.0137183573097,
        "median": 0.006825203076,
        "min": 2.06207016313e-22,
        "var": 0.000334539683536
    },
    "spectral_entropy": {
        "dmean": 0.243896588683,
        "dmean2": 0.34730514884,
        "dvar": 0.0658036768436,
        "dvar2": 0.138243153691,
        "max": 9.83239364624,
        "mean": 6.26539707184,
        "median": 6.23299694061,
        "min": 4.47946691513,
        "var": 0.32325232029
    },
    "spectral_flux": {
        "dmean": 0.0242426190525,
        "dmean2": 0.0384445339441,
        "dvar": 0.00109792128205,
        "dvar2": 0.00262046651915,
        "max": 0.383718907833,
        "mean": 0.0490715131164,
        "median": 0.0379838049412,
        "min": 6.39939698455e-11,
        "var": 0.00154961738735
    },
    "spectral_kurtosis": {
        "dmean": 7.18637418747,
        "dmean2": 12.2856893539,
        "dvar": 43.0249595642,
        "dvar2": 120.672988892,
        "max": 70.0892715454,
        "mean": 18.3624725342,
        "median": 16.4683551788,
        "min": -1.24640166759,
        "var": 122.050285339
    },
    "spectral_rms": {
        "dmean": 0.00075525068678,
        "dmean2": 0.000952958012931,
        "dvar": 9.20545062399e-07,
        "dvar2": 1.57071713147e-06,
        "max": 0.0142790470272,
        "mean": 0.00370331062004,
        "median": 0.00337664969265,
        "min": 3.16701027382e-12,
        "var": 4.49709159511e-06
    },
    "spectral_rolloff": {
        "dmean": 98.054725647,
        "dmean2": 172.155502319,
        "dvar": 95592.4140625,
        "dvar2": 185452.71875,
        "max": 19466.015625,
        "mean": 726.011474609,
        "median": 645.99609375,
        "min": 21.533203125,
        "var": 1065874.875
    },
    "spectral_skewness": {
        "dmean": 0.564493238926,
        "dmean2": 0.946869373322,
        "dvar": 0.234748587012,
        "dvar2": 0.630455613136,
        "max": 6.66630887985,
        "mean": 3.19165015221,
        "median": 3.15357065201,
        "min": -0.0688339918852,
        "var": 0.878822624683
    },
    "spectral_spread": {
        "dmean": 416945.75,
        "dmean2": 662826.25,
        "dvar": 409875251200,
        "dvar2": 789386821632,
        "max": 42120108,
        "mean": 2695711,
        "median": 2355698.5,
        "min": 924362.125,
        "var": 4.5031662551e+12
    },
    "spectral_strongpeak": {
        "dmean": 0.620169878006,
        "dmean2": 0.858383476734,
        "dvar": 0.80469596386,
        "dvar2": 1.43189477921,
        "max": 19.2050571442,
        "mean": 1.71054601669,
        "median": 1.22637486458,
        "min": 0,
        "var": 2.89219427109
    },
    "zerocrossingrate": {
        "dmean": 0.00313417147845,
        "dmean2": 0.00393888261169,
        "dvar": 3.58502620657e-05,
        "dvar2": 6.18661870249e-05,
        "max": 0.52587890625,
        "mean": 0.028751803562,
        "median": 0.02685546875,
        "min": 0,
        "var": 0.000796441687271
    },
    "barkbands": {
        "dmean": [3.15616307489e-05, 0.000494466046803, 0.000625728338491, 0.000169758626726, 0.000444611679995, 0.000538446009159, 0.00117821607273, 0.00210665492341, 0.00182287336793, 0.000812074809801, 0.000646453292575, 0.000269269396085, 0.000144469566294, 5.43557980563e-05, 7.73127467255e-05, 4.64297590952e-05, 2.72736433544e-05, 2.11072820093e-05, 6.91856166668e-06, 7.32078660803e-06, 3.01474142361e-06, 1.38622647228e-06, 2.71784870165e-06, 5.81018468893e-07, 1.42632341493e-08, 2.0137679968e-08, 6.75853994991e-09],
        "dmean2": [5.20455905644e-05, 0.000799203873612, 0.00101133785211, 0.000285442161839, 0.000692292873282, 0.000777790730353, 0.00168294215109, 0.00288535072468, 0.00217360001989, 0.00109533895738, 0.000797229469754, 0.000371261674445, 0.000193804022274, 7.8079465311e-05, 0.00010660685075, 7.4077390309e-05, 4.09276181017e-05, 3.06080801238e-05, 9.78033494903e-06, 1.03814700196e-05, 4.50680272479e-06, 2.10259167943e-06, 4.24741529059e-06, 8.35840467062e-07, 2.34486403627e-08, 3.36510090904e-08, 1.15522231781e-08],
        "dvar": [4.50241288696e-10, 7.01342742104e-07, 1.24996529394e-06, 8.11549014657e-08, 9.3594894679e-07, 2.06558343052e-06, 1.22099645523e-05, 2.31231060752e-05, 3.91748326365e-05, 1.75737477548e-05, 4.08177311328e-06, 5.31185105501e-06, 2.83189734773e-07, 9.6021388174e-08, 7.88369050042e-08, 3.35592034162e-08, 1.85444886114e-08, 6.18639228733e-09, 5.12338671488e-10, 8.22108270349e-10, 1.87234533433e-10, 2.16228597527e-11, 3.26149496299e-10, 2.05052971131e-11, 1.73377440203e-16, 2.59477505493e-16, 4.78813795361e-17],
        "dvar2": [1.27719423926e-09, 1.76843650479e-06, 3.18240881825e-06, 2.18080842274e-07, 2.09881613955e-06, 4.60255068901e-06, 1.94578951778e-05, 4.71129496873e-05, 6.25208631391e-05, 3.25750152115e-05, 6.06862749919e-06, 8.62018077896e-06, 5.43549276699e-07, 2.24597854981e-07, 1.60859826792e-07, 8.5412949602e-08, 4.53609345641e-08, 1.33956694626e-08, 9.34445076872e-10, 1.82291104434e-09, 4.39584119105e-10, 4.67522964787e-11, 8.81676343045e-10, 2.86076041328e-11, 4.25529447426e-16, 6.90674000383e-16, 1.30872426937e-16],
        "max": [0.000709530664608, 0.0162752140313, 0.0152693111449, 0.0054728849791, 0.0270773507655, 0.0474212244153, 0.139107644558, 0.107423901558, 0.193511337042, 0.121142670512, 0.0634688362479, 0.190039888024, 0.0134408585727, 0.0148067073897, 0.00899807456881, 0.00380401918665, 0.00684587564319, 0.00180904392619, 0.000725121877622, 0.00115773431025, 0.000523988332134, 0.000161622068845, 0.00090700131841, 0.000325719855027, 2.79531064962e-07, 1.85526403129e-07, 8.23347434675e-08],
        "mean": [7.66059965827e-05, 0.000863882654812, 0.0009998237947, 0.000267700408585, 0.00082667323295, 0.00128551572561, 0.00244473246858, 0.00469863088802, 0.00363518716767, 0.001347577665, 0.00119452923536, 0.0004530394217, 0.000229496756219, 7.51567495172e-05, 0.000118851166917, 5.57595521968e-05, 3.32210693159e-05, 2.88966275548e-05, 9.59951012192e-06, 9.53999006015e-06, 4.49071512776e-06, 2.41266479861e-06, 4.4586245167e-06, 9.6713961284e-07, 7.30167144525e-08, 7.22756610116e-08, 8.69144312077e-09],
        "median": [7.49981336412e-05, 0.000470093975309, 0.000353038980393, 0.000127845996758, 0.000304434186546, 0.000217083637835, 0.000501681119204, 0.000336150784278, 0.000193846412003, 9.44473795244e-05, 0.000109596905531, 6.58966891933e-05, 2.53403886745e-05, 6.70218469168e-06, 1.16483697639e-05, 4.47424963568e-06, 4.35960691902e-06, 2.80358540294e-06, 2.34085973716e-06, 1.69608733813e-06, 1.42182523177e-06, 1.07244386527e-06, 2.18794866669e-06, 3.62697335277e-07, 6.9675976988e-08, 7.06835194819e-08, 6.61302390625e-09],
        "min": [1.29701956099e-24, 8.27657557856e-24, 3.20383432096e-24, 2.03737370497e-24, 2.10953396742e-23, 1.20212194096e-23, 1.17632555827e-23, 2.12780714143e-23, 3.20616895481e-23, 7.13084741046e-24, 2.08829688522e-23, 3.01635419043e-23, 4.86730554846e-23, 6.46510513112e-23, 4.01808416222e-23, 5.06489721919e-23, 1.13085495305e-22, 1.15500457282e-22, 1.28527453835e-22, 1.82777241582e-22, 3.07979854961e-22, 3.26461464954e-22, 4.09550707353e-22, 6.11578086154e-22, 1.02724936963e-21, 1.38713008749e-21, 1.98342825345e-21],
        "var": [7.88712650746e-10, 1.43728141211e-06, 2.44825696427e-06, 1.47537178918e-07, 2.72664578915e-06, 8.08165805211e-06, 4.80207818327e-05, 8.74371617101e-05, 0.000128448955365, 4.16913571826e-05, 1.17585177577e-05, 1.11230456241e-05, 5.87266072216e-07, 1.15100441178e-07, 1.47666639805e-07, 3.50757645151e-08, 2.00497360936e-08, 9.91482718149e-09, 7.91986698445e-10, 1.00207342424e-09, 2.21603069228e-10, 3.47647813315e-11, 2.7428212479e-10, 3.8265484531e-11, 4.35179614385e-16, 6.72809175553e-16, 6.8564828921e-17]
    },
    "erbbands": {
        "dmean": [0.00544146215543, 0.14552077651, 0.703545212746, 0.560045719147, 0.865512788296, 1.89173674583, 1.90481626987, 5.83857107162, 9.79155063629, 37.6464271545, 39.9117660522, 37.3263435364, 31.2452907562, 28.9458122253, 20.9706802368, 9.37682151794, 6.7150888443, 3.99968743324, 2.72929167747, 3.96095609665, 1.79854619503, 1.46905577183, 1.56559324265, 0.562718331814, 0.333281755447, 0.240095555782, 0.142412230372, 0.131218671799, 0.0511128492653, 0.0933873355389, 0.0607167594135, 0.0257396940142, 0.00125120265875, 0.000186639634194, 0.000128563842736, 8.11318095657e-05, 4.84707306896e-05, 1.53713590407e-05, 3.45410194313e-06, 7.92137143435e-06],
        "dmean2": [0.00871561933309, 0.235027194023, 1.1301368475, 0.893045842648, 1.42657124996, 2.94781851768, 2.80837035179, 8.3905916214, 14.4981775284, 49.4462890625, 57.1416702271, 43.9955863953, 39.9609413147, 35.229598999, 27.3225650787, 12.2957954407, 8.98623943329, 5.49539804459, 3.73243641853, 5.7019033432, 2.84673261642, 2.18663859367, 2.24161338806, 0.78619492054, 0.471644967794, 0.340818166733, 0.20730958879, 0.196412265301, 0.0780356898904, 0.147680461407, 0.0930145159364, 0.0371435731649, 0.00184680311941, 0.000302145228488, 0.000211197999306, 0.000135864902404, 8.03979783086e-05, 2.54951155512e-05, 4.52928225059e-06, 1.02091953522e-05],
        "dvar": [7.07009166945e-05, 0.062256526202, 1.60448133945, 0.844044327736, 2.42488884926, 20.8349475861, 33.6650695801, 257.190002441, 502.79397583, 11739.6337891, 13075.9697266, 13376.1806641, 26945.5703125, 15628.8632812, 4593.12597656, 4087.98803711, 536.010009766, 294.688934326, 69.9337005615, 284.30255127, 37.760925293, 79.9424438477, 25.9008255005, 3.35279011726, 1.03231418133, 0.875689685345, 0.393456220627, 0.594894587994, 0.0374416932464, 0.593245267868, 0.0546546205878, 0.0219376124442, 2.52677418757e-05, 5.39645235165e-08, 1.33968498517e-08, 4.87986628883e-09, 1.80085146795e-09, 1.98450200717e-10, 3.38201203154e-11, 1.80653381143e-10],
        "dvar2": [0.000184109419934, 0.155811190605, 4.06978034973, 2.01687932014, 6.50871515274, 46.0797119141, 72.2038040161, 579.578735352, 1059.02648926, 19893.5585938, 29700.3359375, 18747.9375, 50985.140625, 27274.8730469, 8273.73144531, 7277.64697266, 1040.96057129, 686.52142334, 141.140350342, 626.847961426, 95.349281311, 195.804031372, 54.3381843567, 6.90911149979, 2.1426410675, 1.9541118145, 0.869795203209, 1.45992803574, 0.0858918726444, 1.6079210043, 0.137452110648, 0.0312840789557, 3.94785602111e-05, 1.07923874282e-07, 3.31425411559e-08, 1.3269742638e-08, 4.67950611593e-09, 5.08157349532e-10, 5.99065588802e-11, 3.23101073674e-10],
        "max": [0.218253180385, 4.87670469284, 21.2623996735, 18.9603538513, 27.7753753662, 97.4566879272, 177.374343872, 583.732116699, 437.033050537, 3541.43505859, 2967.35327148, 2794.19335938, 4675.73876953, 4061.5168457, 3543.4777832, 4657.88525391, 593.371704102, 800.238464355, 186.874755859, 463.474334717, 112.739982605, 480.362548828, 115.39125061, 57.1923561096, 17.6999588013, 39.9660453796, 29.1034088135, 33.0308456421, 5.00350666046, 40.7984466553, 7.75118637085, 10.537727356, 0.334419667721, 0.0124919582158, 0.00233231065795, 0.00125028181355, 0.000419725809479, 0.000127269217046, 0.000107814776129, 0.000242937690928],
        "mean": [0.0099938409403, 0.252480775118, 1.12340903282, 1.04529762268, 1.43732106686, 3.09217524529, 4.39718151093, 14.4745063782, 21.5788879395, 92.0314102173, 76.5936203003, 80.6328582764, 60.8249816895, 52.7336730957, 38.4911880493, 17.0229721069, 11.0584716797, 6.13455581665, 4.17009496689, 5.65364265442, 2.27894806862, 1.8147559166, 2.20101213455, 0.761284589767, 0.459115594625, 0.332473278046, 0.20662496984, 0.192839443684, 0.0862776264548, 0.138121217489, 0.108241707087, 0.0467152744532, 0.00297587970272, 0.000810027471744, 0.000594745506532, 0.000363715167623, 0.000120778146083, 3.08347516693e-05, 1.00248398667e-05, 2.13176008401e-05],
        "median": [0.0064117279835, 0.130174383521, 0.411193788052, 0.495701342821, 0.767069458961, 0.975107967854, 0.868272900581, 2.47729682922, 7.37312364578, 12.4406013489, 10.1737365723, 8.55956840515, 4.80623817444, 5.091547966, 7.15165758133, 3.6818561554, 2.00169825554, 1.01859712601, 0.731765985489, 0.763483524323, 0.36447301507, 0.282626539469, 0.282684087753, 0.150711908937, 0.10911603272, 0.0817315131426, 0.0665048286319, 0.0541194975376, 0.0363285019994, 0.0578260272741, 0.0579948052764, 0.0208515189588, 0.00190795119852, 0.00075499410741, 0.00056474248413, 0.000350808229996, 0.000113153168058, 2.73763889709e-05, 6.37005632598e-06, 1.32128807309e-05],
        "min": [2.48097007127e-22, 1.22038988324e-21, 3.70346531698e-21, 1.18310407089e-20, 1.88150065923e-20, 7.03678540443e-20, 1.12650237955e-19, 1.13338426376e-19, 1.1788980675e-19, 4.21094540492e-19, 4.46009065446e-19, 8.40135656813e-19, 6.60267352264e-19, 5.35380140368e-19, 1.07567983403e-18, 1.28266451493e-18, 2.05472594736e-18, 3.04883615702e-18, 2.25011407306e-18, 2.68940736251e-18, 3.08107490101e-18, 7.3125355225e-18, 6.90016489404e-18, 7.62907190033e-18, 6.3281802538e-18, 1.01633158964e-17, 1.08843799897e-17, 1.16615616701e-17, 1.13970210384e-17, 1.14530211659e-17, 1.04123766701e-17, 1.31627125021e-17, 9.35264663601e-18, 9.91006545283e-18, 7.25356250791e-18, 4.63757238785e-18, 2.8321334481e-18, 1.1775458857e-18, 2.78361449718e-19, 2.9804962138e-20],
        "var": [0.000122775440104, 0.130111470819, 3.14776349068, 2.4451854229, 4.25799322128, 45.4799232483, 138.463256836, 1065.10351562, 1519.13317871, 51623.0195312, 24780.0253906, 55831.2578125, 71166.859375, 34345.703125, 10354.4648438, 7986.07324219, 1099.08239746, 383.88684082, 121.27394104, 412.934417725, 41.2285346985, 84.3554534912, 44.7176132202, 4.72884750366, 1.4548009634, 1.05188047886, 0.474830806255, 0.652632594109, 0.0506646968424, 0.481245487928, 0.0618885867298, 0.0413459986448, 4.80900307593e-05, 1.28422570356e-07, 3.47686039959e-08, 1.02216040077e-08, 4.61741533897e-09, 4.8345899506e-10, 1.11279950532e-10, 6.01587779592e-10]
    },
    "gfcc": {
        "mean": [-134.596908569, 160.793228149, -115.004188538, 1.30951464176, -64.9432678223, 5.22378540039, -14.5576477051, -1.79309535027, -2.55193114281, -8.24694538116, -8.70808410645, -2.40577960014, -17.378786087],
        "cov": [[7888.61425781, 1650.12280273, -2147.2878418, -467.410522461, -377.608337402, -316.931182861, 60.5027885437, -221.259094238, 400.899902344, -322.49822998, 249.749176025, -251.756652832, 56.7248191833], [1650.12280273, 662.070800781, -234.325668335, -210.345245361, -83.2727508545, -81.1006851196, -59.4086341858, -114.169548035, 53.1595916748, -42.6427001953, 103.218299866, -14.9069080353, 28.4367103577], [-2147.2878418, -234.325668335, 1262.4395752, 330.592224121, 27.5265293121, 170.624847412, -75.8065185547, 2.58472275734, -201.991226196, 134.992538452, -93.0855255127, 119.938514709, -58.7090034485], [-467.410522461, -210.345245361, 330.592224121, 491.596923828, 19.0764083862, 87.210105896, 20.4717788696, -8.62054252625, -38.6700820923, -18.9143714905, -53.3915061951, -9.12429332733, -8.66204166412], [-377.608337402, -83.2727508545, 27.5265293121, 19.0764083862, 227.735351562, 49.644947052, 44.00548172, 71.3800506592, -2.28437399864, 7.88602113724, -52.1617546082, -22.4860115051, -8.61974811554], [-316.931182861, -81.1006851196, 170.624847412, 87.210105896, 49.644947052, 191.717910767, 64.5051803589, -2.15305042267, -26.1306877136, 8.20332241058, -45.0949478149, 0.383637398481, -10.0374860764], [60.5027885437, -59.4086341858, -75.8065185547, 20.4717788696, 44.00548172, 64.5051803589, 145.894485474, 65.9553527832, 21.2669944763, -24.2508735657, -34.0837516785, -43.6730728149, -9.31089782715], [-221.259094238, -114.169548035, 2.58472275734, -8.62054252625, 71.3800506592, -2.15305042267, 65.9553527832, 145.552612305, 36.7111701965, 17.549331665, -35.0841598511, -20.0730247498, -37.911365509], [400.899902344, 53.1595916748, -201.991226196, -38.6700820923, -2.28437399864, -26.1306877136, 21.2669944763, 36.7111701965, 144.697341919, 14.666387558, 24.6200714111, -67.7372360229, -22.875995636], [-322.49822998, -42.6427001953, 134.992538452, -18.9143714905, 7.88602113724, 8.20332241058, -24.2508735657, 17.549331665, 14.666387558, 113.040885925, 21.889793396, 10.0330963135, -37.9583511353], [249.749176025, 103.218299866, -93.0855255127, -53.3915061951, -52.1617546082, -45.0949478149, -34.0837516785, -35.0841598511, 24.6200714111, 21.889793396, 149.225402832, 61.0626907349, -8.95197868347], [-251.756652832, -14.9069080353, 119.938514709, -9.12429332733, -22.4860115051, 0.383637398481, -43.6730728149, -20.0730247498, -67.7372360229, 10.0330963135, 61.0626907349, 167.110977173, 36.0561256409], [56.7248191833, 28.4367103577, -58.7090034485, -8.66204166412, -8.61974811554, -10.0374860764, -9.31089782715, -37.911365509, -22.875995636, -37.9583511353, -8.95197868347, 36.0561256409, 113.421577454]],
        "icov": [[0.00117813481484, -0.002992504742, 0.00216872058809, -0.00142610969488, 0.00140727544203, -0.000434849964222, -0.000193122046767, -0.00072514481144, 0.000275308004348, -0.000427910214057, 0.00148586905561, -0.0007496359176, 0.00125284551177], [-0.002992504742, 0.0101818209514, -0.00601307861507, 0.0048422277905, -0.00375188887119, 0.00158994935919, 0.000361368438462, 0.00394242908806, -0.00204181973822, 0.00283355731517, -0.00524778198451, 0.00267662666738, -0.00332439830527], [0.00216872058809, -0.00601307861507, 0.00626724259928, -0.0039732484147, 0.00308056245558, -0.0022208429873, 0.00117518100888, -0.00269254064187, 0.00309963524342, -0.00358779379167, 0.00420472631231, -0.00231195683591, 0.00308888708241], [-0.00142610969488, 0.0048422277905, -0.0039732484147, 0.00517293158919, -0.00194110942539, 0.000439111958258, -0.000337369914632, 0.00240236450918, -0.00181337329559, 0.00308005767874, -0.00260370061733, 0.00172941270284, -0.00158594246022], [0.00140727544203, -0.00375188887119, 0.00308056245558, -0.00194110942539, 0.00763017497957, -0.00248691998422, 0.000753995380364, -0.00461897766218, 0.00177031464409, -0.00133880448993, 0.00245940126479, -0.000108328073111, 0.000698494783137], [-0.000434849964222, 0.00158994935919, -0.0022208429873, 0.000439111958258, -0.00248691998422, 0.0101428423077, -0.0067570656538, 0.00613114237785, -0.0021855479572, -0.000385118502891, 0.00181966437958, -0.00205493299291, 0.00113328627776], [-0.000193122046767, 0.000361368438462, 0.00117518100888, -0.000337369914632, 0.000753995380364, -0.0067570656538, 0.0149754416198, -0.00861462298781, 0.00238195317797, 0.00228347931989, -0.00210607121699, 0.00385043374263, -0.00174790841993], [-0.00072514481144, 0.00394242908806, -0.00269254064187, 0.00240236450918, -0.00461897766218, 0.00613114237785, -0.00861462298781, 0.0182698220015, -0.00680728442967, 0.000209607882425, 0.00329503463581, -0.00422008847818, 0.00405388465151], [0.000275308004348, -0.00204181973822, 0.00309963524342, -0.00181337329559, 0.00177031464409, -0.0021855479572, 0.00238195317797, -0.00680728442967, 0.0153068713844, -0.00455014873296, -0.00312087428756, 0.00574944354594, -0.000808092358056], [-0.000427910214057, 0.00283355731517, -0.00358779379167, 0.00308005767874, -0.00133880448993, -0.000385118502891, 0.00228347931989, 0.000209607882425, -0.00455014873296, 0.0159729085863, -0.00438640499488, 0.00122776255012, 0.00169476226438], [0.00148586905561, -0.00524778198451, 0.00420472631231, -0.00260370061733, 0.00245940126479, 0.00181966437958, -0.00210607121699, 0.00329503463581, -0.00312087428756, -0.00438640499488, 0.016710376367, -0.00964428111911, 0.00611393898726], [-0.0007496359176, 0.00267662666738, -0.00231195683591, 0.00172941270284, -0.000108328073111, -0.00205493299291, 0.00385043374263, -0.00422008847818, 0.00574944354594, 0.00122776255012, -0.00964428111911, 0.014508869499, -0.00644836109132], [0.00125284551177, -0.00332439830527, 0.00308888708241, -0.00158594246022, 0.000698494783137, 0.00113328627776, -0.00174790841993, 0.00405388465151, -0.000808092358056, 0.00169476226438, 0.00611393898726, -0.00644836109132, 0.0148028675467]]
    },
    "melbands": {
        "dmean": [9.15183190955e-05, 0.000306364992866, 0.00010052518337, 9.61367841228e-05, 7.27591832401e-05, 0.000120233380585, 0.000175765715539, 0.000429651176091, 0.000322913052514, 0.000249249453191, 0.000152648455696, 0.000114369417133, 7.03144105501e-05, 4.21147378802e-05, 1.38552213684e-05, 1.687231088e-05, 6.13163092567e-06, 3.38206154993e-06, 7.00131022313e-06, 4.36227492173e-06, 1.50372170538e-06, 1.34487834202e-06, 1.90086177554e-06, 9.39183280479e-07, 4.45840214525e-07, 1.86112032452e-07, 3.2036734865e-07, 1.33135770852e-07, 1.12297314558e-07, 6.8791500496e-08, 7.81884565981e-08, 2.80033685129e-08, 2.83047096872e-08, 6.81843062011e-08, 3.58889664653e-08, 3.09496890338e-08, 9.20247344993e-09, 5.89248316807e-10, 1.7123495677e-10, 1.66273370072e-10],
        "dmean2": [0.000148355058627, 0.000489690457471, 0.000161394811585, 0.000152819309733, 0.000106932398921, 0.000172845597262, 0.000258519226918, 0.000558990752324, 0.000466025667265, 0.000288019771688, 0.000195929489564, 0.000140460586408, 8.99354563444e-05, 5.66277012695e-05, 1.91963699763e-05, 2.1951396775e-05, 8.7801954578e-06, 4.72423698739e-06, 9.60274792305e-06, 6.85983468429e-06, 2.41345901486e-06, 2.03690706257e-06, 2.77191043097e-06, 1.35819595926e-06, 6.26593248398e-07, 2.76732862403e-07, 4.49313432682e-07, 1.96113560946e-07, 1.65410597219e-07, 1.03973789578e-07, 1.18669753135e-07, 4.35388187725e-08, 4.3367183622e-08, 1.10146302745e-07, 5.61559048151e-08, 4.61805278462e-08, 1.3250970099e-08, 9.78317982181e-10, 2.91824175935e-10, 2.80154788257e-10],
        "dvar": [2.16342286308e-08, 2.87390122367e-07, 2.51251606187e-08, 3.62743861615e-08, 4.18625383247e-08, 1.06205931161e-07, 1.73569915773e-07, 1.28730232518e-06, 1.04017601643e-06, 7.16942395229e-07, 6.62445529542e-07, 2.88422910444e-07, 4.2034933756e-08, 1.13714285987e-07, 2.75008704698e-09, 4.49244774714e-09, 1.29734190057e-09, 1.60578356168e-10, 8.02787059051e-10, 3.76898595666e-10, 3.33861792379e-11, 1.02598055052e-10, 3.55630282167e-11, 1.42750368817e-11, 2.31364168275e-12, 7.01142377664e-13, 1.50287703289e-12, 5.9246010875e-13, 3.8070076063e-13, 6.03044835747e-14, 2.837011767e-13, 1.07453667952e-14, 1.21220723143e-14, 4.59056837682e-13, 1.95036891639e-14, 1.60349469434e-14, 3.58464724443e-15, 1.98137612014e-18, 2.4589896953e-20, 2.33420190664e-20],
        "dvar2": [5.61310962155e-08, 7.17498608083e-07, 6.15623250155e-08, 8.5108055714e-08, 9.15596416462e-08, 2.37500259459e-07, 3.44213844983e-07, 2.20899710257e-06, 2.31207354773e-06, 1.01705427369e-06, 1.23851430089e-06, 5.17809155554e-07, 7.21417805494e-08, 1.85666138464e-07, 6.03725469617e-09, 8.61887716752e-09, 3.12163606075e-09, 3.24374499483e-10, 1.61844682101e-09, 9.24271215119e-10, 8.1902304383e-11, 2.53979642872e-10, 8.19840653699e-11, 3.18138050626e-11, 4.47025576278e-12, 1.40387072627e-12, 3.13621155955e-12, 1.37795970381e-12, 8.70782450053e-13, 1.3393183318e-13, 7.10876507399e-13, 2.25891134004e-14, 2.70317910444e-14, 1.25788561425e-12, 4.90392367556e-14, 2.60426649321e-14, 4.95507328474e-15, 5.08443520708e-18, 6.73973773788e-20, 6.27832475997e-20],
        "max": [0.00273333466612, 0.00955141708255, 0.00278798141517, 0.0036476328969, 0.00643219938502, 0.0113496426493, 0.0108998641372, 0.0319573804736, 0.0250024180859, 0.0209568347782, 0.0234069563448, 0.0180482584983, 0.00656173378229, 0.0273769553751, 0.00167090003379, 0.00182921800297, 0.00182827282697, 0.000296106038149, 0.000949804671109, 0.000496126303915, 0.000153449189384, 0.000554041936994, 0.000114180118544, 0.000115079179523, 5.63469693589e-05, 2.79093837889e-05, 2.804687756e-05, 4.01915895054e-05, 3.31643204845e-05, 7.81546350481e-06, 2.4415408916e-05, 4.07648394685e-06, 5.2199802667e-06, 3.60308404197e-05, 5.2580544434e-06, 8.16343435872e-06, 4.4201210585e-06, 6.77090667978e-08, 2.63832511394e-09, 2.4758330941e-09],
        "mean": [0.000166178419022, 0.000518821529113, 0.000191811443074, 0.000161840842338, 0.000161838906934, 0.000291452743113, 0.000371261674445, 0.00106475944631, 0.000568934716284, 0.000536306761205, 0.000290024938295, 0.000204066978768, 0.000129825551994, 7.49425671529e-05, 2.17937376874e-05, 2.75244983641e-05, 8.68827100931e-06, 4.75267142974e-06, 1.07727219074e-05, 5.31448358743e-06, 1.86578313333e-06, 1.59720059401e-06, 2.48329024544e-06, 1.32123625463e-06, 5.75246303924e-07, 2.57332658293e-07, 4.0920548372e-07, 1.80716625664e-07, 1.51238822355e-07, 1.00549328863e-07, 1.10756374738e-07, 4.51567565563e-08, 4.57427020706e-08, 9.34358723725e-08, 6.13135071603e-08, 5.58725226085e-08, 1.58279132023e-08, 1.23680365949e-09, 5.99446547955e-10, 6.03609107142e-10],
        "median": [0.000101819125121, 0.00022638781229, 0.000101081590401, 6.9847155828e-05, 3.29229515046e-05, 4.63769974886e-05, 0.000103833313915, 0.000130555446958, 6.23351515969e-05, 3.03504330077e-05, 1.57809918164e-05, 1.1528781215e-05, 1.87040823221e-05, 1.07168571049e-05, 3.36190305461e-06, 2.27605551117e-06, 1.14450233468e-06, 6.89306546064e-07, 8.3349311808e-07, 4.75575689052e-07, 2.54179610693e-07, 2.15708311657e-07, 2.75973576436e-07, 1.29492093492e-07, 9.2704915744e-08, 6.54803642419e-08, 5.62299149465e-08, 4.73563055436e-08, 4.25412487459e-08, 3.22172724054e-08, 2.93077384583e-08, 1.89722371147e-08, 1.91259310611e-08, 3.64608112591e-08, 3.27864242422e-08, 2.72518363431e-08, 6.67302213486e-09, 9.31298260731e-10, 5.7140792098e-10, 5.74022274158e-10],
        "min": [3.34985720768e-24, 1.76856304063e-24, 2.36665785466e-24, 3.23007499011e-24, 3.82612882377e-24, 2.6220446702e-24, 1.88697047086e-24, 5.3804159433e-24, 3.58645237038e-24, 5.5132920686e-24, 2.89817990804e-24, 1.65244843463e-24, 3.57459066338e-24, 3.9903562536e-24, 2.72127489182e-24, 4.76756726097e-24, 5.46697646714e-24, 3.59797881149e-24, 3.51307647328e-24, 3.4315875362e-24, 3.26542897487e-24, 7.0160973366e-24, 6.62595749845e-24, 5.65753725728e-24, 5.04300199033e-24, 3.17526355391e-24, 5.73508307312e-24, 5.78638743095e-24, 7.03044119444e-24, 4.99277955523e-24, 6.27971855854e-24, 6.43469698869e-24, 5.90144634385e-24, 6.40851785069e-24, 4.49876054094e-24, 7.1982295424e-24, 7.59966271326e-24, 5.551415744e-24, 6.79403851381e-24, 6.75792682815e-24],
        "var": [3.95898069883e-08, 5.9550569631e-07, 6.64204122813e-08, 7.75121407059e-08, 1.62839199902e-07, 4.2768874664e-07, 5.59879481443e-07, 5.99910026722e-06, 1.81203495231e-06, 2.87123566522e-06, 1.77141487256e-06, 6.06981018336e-07, 1.08229151863e-07, 2.37579371287e-07, 4.91607821118e-09, 9.22236953471e-09, 1.44694167759e-09, 2.45077791394e-10, 1.5667808162e-09, 4.21957802033e-10, 3.74778472145e-11, 1.05488603963e-10, 4.7058062308e-11, 2.20264934764e-11, 3.43372661034e-12, 9.34996221072e-13, 2.1688195944e-12, 6.18405229368e-13, 4.15429084362e-13, 8.07500835404e-14, 2.86855039505e-13, 1.68342665247e-14, 1.75618390273e-14, 3.54699397024e-13, 2.1539978392e-14, 2.90562048705e-14, 6.78693153449e-15, 2.53367013948e-18, 4.09529948068e-20, 4.25607560366e-20]
    },
    "mfcc": {
        "mean": [-783.477905273, 191.651367188, 6.55405712128, 10.4939689636, -20.6768894196, 7.68920373917, -11.9767036438, 15.8431367874, -5.36861801147, 9.55845737457, -1.00887322426, 7.50331878662, 4.48695039749],
        "cov": [[5199.87451172, 1117.96777344, -1479.8548584, -178.494155884, -551.222900391, -86.9935531616, -486.849395752, 96.1275177002, -236.916046143, 104.408363342, -95.5466156006, 133.197250366, -17.3043766022], [1117.96777344, 821.962768555, -152.10458374, -216.042617798, -60.9020423889, -76.5999679565, -100.364692688, -76.9017715454, -93.2093963623, -53.2298583984, -8.99229812622, 8.23754119873, 42.318271637], [-1479.8548584, -152.10458374, 906.559082031, 172.210418701, 150.083267212, 146.212265015, 127.476455688, -48.8235206604, -12.1573438644, -31.7935581207, -26.9192905426, -44.4259910583, -0.717594206333], [-178.494155884, -216.042617798, 172.210418701, 278.056884766, 69.5389862061, 55.1045913696, 38.3291320801, 38.2288398743, 25.1225662231, 20.8736248016, -5.77792787552, 6.50809383392, -16.7066040039], [-551.222900391, -60.9020423889, 150.083267212, 69.5389862061, 192.838378906, 38.3291282654, 60.234336853, -0.954703390598, 30.9227466583, -15.4719247818, 25.2399139404, -9.26694965363, 8.05448913574], [-86.9935531616, -76.5999679565, 146.212265015, 55.1045913696, 38.3291282654, 175.337539673, 58.2503662109, 24.2848777771, 5.85893917084, 24.0141563416, -11.1151371002, -38.4649009705, -55.8015022278], [-486.849395752, -100.364692688, 127.476455688, 38.3291320801, 60.234336853, 58.2503662109, 153.195251465, 40.8612060547, 52.5036392212, 2.28011131287, 16.6147041321, -34.2943153381, -29.4976673126], [96.1275177002, -76.9017715454, -48.8235206604, 38.2288398743, -0.954703390598, 24.2848777771, 40.8612060547, 125.05531311, 44.581703186, 14.3324670792, 5.47161865234, -9.63989925385, -22.8245048523], [-236.916046143, -93.2093963623, -12.1573438644, 25.1225662231, 30.9227466583, 5.85893917084, 52.5036392212, 44.581703186, 158.792297363, 67.8862380981, 20.4684371948, -8.39848709106, -59.1309890747], [104.408363342, -53.2298583984, -31.7935581207, 20.8736248016, -15.4719247818, 24.0141563416, 2.28011131287, 14.3324670792, 67.8862380981, 140.656066895, 46.8586158752, 19.9253044128, -40.4122924805], [-95.5466156006, -8.99229812622, -26.9192905426, -5.77792787552, 25.2399139404, -11.1151371002, 16.6147041321, 5.47161865234, 20.4684371948, 46.8586158752, 126.115463257, 41.3492546082, -12.3318080902], [133.197250366, 8.23754119873, -44.4259910583, 6.50809383392, -9.26694965363, -38.4649009705, -34.2943153381, -9.63989925385, -8.39848709106, 19.9253044128, 41.3492546082, 161.120178223, 99.4863891602], [-17.3043766022, 42.318271637, -0.717594206333, -16.7066040039, 8.05448913574, -55.8015022278, -29.4976673126, -22.8245048523, -59.1309890747, -40.4122924805, -12.3318080902, 99.4863891602, 236.086227417]],
