{
"lowlevel": {
    "average_loudness": 0.727569878101,
    "barkbands_crest": {
        "dmean": 2.70782136917,
        "dmean2": 4.42656135559,
        "dvar": 5.83665895462,
        "dvar2": 15.5220098495,
        "max": 26.3235664368,
        "mean": 11.65350914,
        "median": 11.0430498123,
        "min": 2.99274086952,
        "var": 18.8753452301
    },
    "barkbands_flatness_db": {
        "dmean": 0.0284152254462,
        "dmean2": 0.0423894785345,
        "dvar": 0.00067610910628,
        "dvar2": 0.00142826186493,
        "max": 0.496389776468,
        "mean": 0.234365165234,
        "median": 0.225507035851,
        "min": 0.0218038540334,
        "var": 0.00410261331126
    },
    "barkbands_kurtosis": {
        "dmean": 7.47243404388,
        "dmean2": 11.337553978,
        "dvar": 265.012786865,
        "dvar2": 501.172576904,
        "max": 1378.33288574,
        "mean": 14.2595710754,
        "median": 4.9876537323,
        "min": -1.90028297901,
        "var": 1051.5480957
    },
    "barkbands_skewness": {
        "dmean": 0.785817921162,
        "dmean2": 1.17163050175,
        "dvar": 0.725359678268,
        "dvar2": 1.52540647984,
        "max": 27.4051170349,
        "mean": 2.15267372131,
        "median": 1.9842659235,
        "min": -4.91276359558,
        "var": 4.85988664627
    },
    "barkbands_spread": {
        "dmean": 3.7119281292,
        "dmean2": 5.74507045746,
        "dvar": 20.6610431671,
        "dvar2": 45.1470108032,
        "max": 116.278411865,
        "mean": 12.8410758972,
        "median": 9.82205677032,
        "min": 0.152756109834,
        "var": 104.62462616
    },
    "dissonance": {
        "dmean": 0.0232090968639,
        "dmean2": 0.039380710572,
        "dvar": 0.000545144313946,
        "dvar2": 0.00151401897892,
        "max": 0.500000119209,
        "mean": 0.451216042042,
        "median": 0.458680540323,
        "min": 0.180413782597,
        "var": 0.00113694334868
    },
    "dynamic_complexity": 4.93002700806,
    "erbbands_crest": {
        "dmean": 2.85550808907,
        "dmean2": 4.55302476883,
        "dvar": 7.11227893829,
        "dvar2": 16.8648948669,
        "max": 34.4153709412,
        "mean": 11.1003189087,
        "median": 10.1180534363,
        "min": 2.50289297104,
        "var": 23.9697589874
    },
    "erbbands_flatness_db": {
        "dmean": 0.0212323348969,
        "dmean2": 0.0308703258634,
        "dvar": 0.000442564691184,
        "dvar2": 0.000812574289739,
        "max": 0.465473473072,
        "mean": 0.226948112249,
        "median": 0.22498229146,
        "min": 0.0255880262703,
        "var": 0.00258904998191
    },
    "erbbands_kurtosis": {
        "dmean": 1.3080508709,
        "dmean2": 2.02886247635,
        "dvar": 5.1618013382,
        "dvar2": 10.475153923,
        "max": 111.854286194,
        "mean": 1.1302536726,
        "median": 0.142853021622,
        "min": -1.81199860573,
        "var": 15.167137146
    },
    "erbbands_skewness": {
        "dmean": 0.427223980427,
        "dmean2": 0.652933478355,
        "dvar": 0.190757364035,
        "dvar2": 0.411929219961,
        "max": 6.62825012207,
        "mean": 0.448006153107,
        "median": 0.395063787699,
        "min": -5.31704854965,
        "var": 1.15606963634
    },
    "erbbands_spread": {
        "dmean": 7.75589799881,
        "dmean2": 11.957652092,
        "dvar": 76.1912994385,
        "dvar2": 165.666381836,
        "max": 124.476448059,
        "mean": 33.3072662354,
        "median": 30.5681552887,
        "min": 0.713238298893,
        "var": 300.066650391
    },
    "hfc": {
        "dmean": 3.95532250404,
        "dmean2": 5.19854545593,
        "dvar": 83.3151931763,
        "dvar2": 129.016494751,
        "max": 173.226196289,
        "mean": 10.3109788895,
        "median": 2.25583195686,
        "min": 1.05724759887e-16,
        "var": 397.521209717
    },
    "melbands_crest": {
        "dmean": 3.41633534431,
        "dmean2": 5.40183639526,
        "dvar": 9.40665435791,
        "dvar2": 22.1458778381,
        "max": 36.2805633545,
        "mean": 16.5754032135,
        "median": 15.9857273102,
        "min": 1.00233912468,
        "var": 37.950176239
    },
    "melbands_flatness_db": {
        "dmean": 0.0323006920516,
        "dmean2": 0.0471187122166,
        "dvar": 0.000951221736614,
        "dvar2": 0.00190277269576,
        "max": 0.619686543941,
        "mean": 0.292857289314,
        "median": 0.287427574396,
        "min": 3.4514704339e-07,
        "var": 0.00832153391093
    },
    "melbands_kurtosis": {
        "dmean": 15.9134893417,
        "dmean2": 24.3040847778,
        "dvar": 882.617980957,
        "dvar2": 1876.21508789,
        "max": 547.529541016,
        "mean": 33.4981765747,
        "median": 13.1113567352,
        "min": -1.90854167938,
        "var": 3135.87597656
    },
    "melbands_skewness": {
        "dmean": 1.00366854668,
        "dmean2": 1.50941956043,
        "dvar": 1.22564423084,
        "dvar2": 2.6023607254,
        "max": 18.3569431305,
        "mean": 3.39178991318,
        "median": 3.0329182148,
        "min": -3.29492068291,
        "var": 7.3270483017
    },
    "melbands_spread": {
        "dmean": 5.25739908218,
        "dmean2": 7.93208265305,
        "dvar": 57.148475647,
        "dvar2": 117.584991455,
        "max": 190.563827515,
        "mean": 18.1884708405,
        "median": 9.27651691437,
        "min": 0.306107848883,
        "var": 505.613494873
    },
    "pitch_salience": {
        "dmean": 0.0854770541191,
        "dmean2": 0.135940089822,
        "dvar": 0.00567974662408,
        "dvar2": 0.013964753598,
        "max": 0.996072351933,
        "mean": 0.508812248707,
        "median": 0.511766850948,
        "min": 0.0891724526882,
        "var": 0.0186012554914
    },
    "silence_rate_20dB": {
        "dmean": 0,
        "dmean2": 0,
        "dvar": 0,
        "dvar2": 0,
        "max": 1,
        "mean": 1,
        "median": 1,
        "min": 1,
        "var": 0
    },
    "silence_rate_30dB": {
        "dmean": 0,
        "dmean2": 0,
        "dvar": 0,
        "dvar2": 0,
        "max": 1,
        "mean": 1,
        "median": 1,
        "min": 1,
        "var": 0
    },
    "silence_rate_60dB": {
        "dmean": 0.0795817598701,
        "dmean2": 0.159175083041,
        "dvar": 0.0732591152191,
        "dvar2": 0.15201471746,
        "max": 1,
        "mean": 0.230378270149,
        "median": 0,
        "min": 0,
        "var": 0.177309513092
    },
    "spectral_centroid": {
        "dmean": 202.245147705,
        "dmean2": 303.18737793,
        "dvar": 80441.0078125,
        "dvar2": 152900.34375,
        "max": 11804.3300781,
        "mean": 1107.5703125,
        "median": 688.859802246,
        "min": 120.675216675,
        "var": 1888901
    },
    "spectral_complexity": {
        "dmean": 1.81977927685,
        "dmean2": 2.74359154701,
        "dvar": 5.2144651413,
        "dvar2": 9.81074142456,
        "max": 46,
        "mean": 8.06382083893,
        "median": 6,
        "min": 0,
        "var": 34.4575920105
    },
    "spectral_decrease": {
        "dmean": 1.10037712275e-09,
        "dmean2": 1.48775647357e-09,
        "dvar": 2.08282051648e-18,
        "dvar2": 3.70093096483e-18,
        "max": 4.10076206737e-27,
        "mean": -3.06559599927e-09,
        "median": -2.05383021701e-09,
        "min": -2.69351296822e-08,
        "var": 9.23033474755e-18
    },
    "spectral_energy": {
        "dmean": 0.00446753017604,
        "dmean2": 0.00602068798617,
        "dvar": 3.61445381714e-05,
        "dvar2": 6.25552347628e-05,
        "max": 0.108730904758,
        "mean": 0.0125055518001,
        "median": 0.00806894246489,
        "min": 9.70647011865e-21,
        "var": 0.00016635240172
    },
    "spectral_energyband_high": {
        "dmean": 9.73117130343e-05,
        "dmean2": 0.000136413626024,
        "dvar": 1.30966597567e-07,
        "dvar2": 2.43324763005e-07,
        "max": 0.0111886272207,
        "mean": 0.000191507031559,
        "median": 1.43287143146e-05,
        "min": 6.86022644918e-21,
        "var": 4.24559544854e-07
    },
    "spectral_energyband_low": {
        "dmean": 0.00211708247662,
        "dmean2": 0.0027970012743,
        "dvar": 1.07643227238e-05,
        "dvar2": 1.82731891982e-05,
        "max": 0.0636556148529,
        "mean": 0.00442809006199,
        "median": 0.00178874342237,
        "min": 1.07458916499e-23,
        "var": 3.86271385651e-05
    },
    "spectral_energyband_middle_high": {
        "dmean": 0.00175058306195,
        "dmean2": 0.00231356685981,
        "dvar": 1.76493140316e-05,
        "dvar2": 2.72477063845e-05,
        "max": 0.0884813740849,
        "mean": 0.00414241477847,
        "median": 0.000390637927921,
        "min": 1.1667230069e-21,
        "var": 7.62714480516e-05
    },
    "spectral_energyband_middle_low": {
        "dmean": 0.00186595786363,
        "dmean2": 0.00287433713675,
        "dvar": 1.01553832792e-05,
        "dvar2": 2.34961753449e-05,
        "max": 0.0779572278261,
        "mean": 0.00391003629193,
        "median": 0.00254439143464,
        "min": 1.42194134541e-22,
        "var": 2.0992332793e-05
    },
    "spectral_entropy": {
        "dmean": 0.237075939775,
        "dmean2": 0.357906013727,
        "dvar": 0.0513949654996,
        "dvar2": 0.108517855406,
        "max": 9.82918167114,
        "mean": 6.90463829041,
        "median": 6.89734888077,
        "min": 4.89140510559,
        "var": 0.305286347866
    },
    "spectral_flux": {
        "dmean": 0.0188392419368,
        "dmean2": 0.0306732226163,
        "dvar": 0.00044906756375,
        "dvar2": 0.00113057554699,
        "max": 0.262520045042,
        "mean": 0.0479569733143,
        "median": 0.0390912108123,
        "min": 6.20706402943e-11,
        "var": 0.00116103421897
    },
    "spectral_kurtosis": {
        "dmean": 4.12162208557,
        "dmean2": 7.11569213867,
        "dvar": 20.6689891815,
        "dvar2": 56.5618019104,
        "max": 81.6640853882,
        "mean": 6.75040054321,
        "median": 4.97480106354,
        "min": -1.30959439278,
        "var": 41.2891082764
    },
    "spectral_rms": {
        "dmean": 0.000617176294327,
        "dmean2": 0.00082669936819,
        "dvar": 4.25113739766e-07,
        "dvar2": 6.92348635312e-07,
        "max": 0.0102994628251,
        "mean": 0.00305943121202,
        "median": 0.00280573312193,
        "min": 3.07729211037e-12,
        "var": 2.84044131149e-06
    },
    "spectral_rolloff": {
        "dmean": 240.644744873,
        "dmean2": 392.739776611,
        "dvar": 182226.296875,
        "dvar2": 343615.15625,
        "max": 19616.7480469,
        "mean": 1172.59741211,
        "median": 473.73046875,
        "min": 21.533203125,
        "var": 5521510.5
    },
    "spectral_skewness": {
        "dmean": 0.416739940643,
        "dmean2": 0.695590257645,
        "dvar": 0.156994774938,
        "dvar2": 0.414502054453,
        "max": 6.76207923889,
        "mean": 1.57396090031,
        "median": 1.44953143597,
        "min": -0.0788230672479,
        "var": 0.56411999464
    },
    "spectral_spread": {
        "dmean": 400701.09375,
        "dmean2": 631124.4375,
        "dvar": 617958670336,
        "dvar2": 1.2650390487e+12,
        "max": 49267712,
        "mean": 3495446,
        "median": 2780456.5,
        "min": 838749.3125,
        "var": 2.04986227098e+13
    },
    "spectral_strongpeak": {
        "dmean": 0.535892426968,
        "dmean2": 0.839659035206,
        "dvar": 1.68603050709,
        "dvar2": 3.47303009033,
        "max": 20.696434021,
        "mean": 1.03585398197,
        "median": 0.345637232065,
        "min": 0,
        "var": 4.65472555161
    },
    "zerocrossingrate": {
        "dmean": 0.00608227821067,
        "dmean2": 0.00714317429811,
        "dvar": 4.64588156319e-05,
        "dvar2": 5.68475661566e-05,
        "max": 0.53466796875,
        "mean": 0.0405046194792,
        "median": 0.0263671875,
        "min": 0,
        "var": 0.00381137779914
    },
    "barkbands": {
        "dmean": [3.79922166758e-05, 0.00128023698926, 0.00096545717679, 0.000416533701355, 0.00105008285027, 0.00027692259755, 0.00027863541618, 0.000183152675163, 0.000139179028338, 0.000331385817844, 0.000133638372063, 0.000187331344932, 0.000259868946159, 0.000214599451283, 0.000225013500312, 0.000496248889249, 0.00032001992804, 0.00019609669107, 8.47225674079e-05, 8.28468837426e-05, 5.3516432672e-05, 7.34132981961e-06, 3.01022123494e-06, 7.54741392939e-07, 1.60879437772e-07, 1.89211100121e-08, 5.02737074193e-10],
        "dmean2": [7.37549271435e-05, 0.0018720239168, 0.00124607840553, 0.000665217870846, 0.00173731148243, 0.000413412286434, 0.000417375238612, 0.000270261254627, 0.000205867181649, 0.00045128230704, 0.000176758709131, 0.00026745517971, 0.000367185537471, 0.000310984440148, 0.000329664966557, 0.000694872869644, 0.000471721257782, 0.00028549178387, 0.000124949685414, 0.000120699485706, 7.7264419815e-05, 1.09464017441e-05, 4.45044179287e-06, 1.13347289243e-06, 2.41173154336e-07, 3.07210576977e-08, 9.33028321271e-10],
        "dvar": [6.53321174937e-10, 4.16963621319e-06, 3.06291144625e-06, 1.12372754302e-06, 4.05898845202e-06, 3.85542051617e-07, 9.2757937864e-07, 2.75596477195e-07, 2.23630422624e-07, 1.87644877769e-06, 2.47231525918e-07, 1.43892111737e-06, 7.27207464024e-07, 6.22441234555e-07, 9.46625334564e-07, 4.04407091992e-06, 1.19760284178e-06, 4.07086588439e-07, 6.72673436952e-08, 7.12645302769e-08, 4.85875339962e-08, 1.33881661313e-09, 8.29780549827e-11, 3.64237286166e-12, 1.87938057586e-13, 4.1765983372e-15, 7.84692997377e-19],
        "dvar2": [2.27883290016e-09, 8.89541297511e-06, 4.67161726192e-06, 2.58493469119e-06, 1.05623348645e-05, 8.33921774301e-07, 1.8696882762e-06, 6.24151425654e-07, 4.65919981707e-07, 3.04236300508e-06, 3.54072625441e-07, 2.45581145464e-06, 1.28659610255e-06, 1.21872949421e-06, 1.88494198028e-06, 6.89383796271e-06, 2.39823771153e-06, 8.20097852738e-07, 1.38689898677e-07, 1.49250325876e-07, 9.28389738419e-08, 3.01309888151e-09, 1.69798092253e-10, 7.84202477261e-12, 4.00672333853e-13, 1.01651221213e-14, 2.5063458823e-18],
        "max": [0.000183790558367, 0.0362803973258, 0.031185740605, 0.0271616652608, 0.0446569956839, 0.0156486071646, 0.0290760211647, 0.0167735237628, 0.0127157904208, 0.0423694215715, 0.0316746793687, 0.0859303623438, 0.0321367941797, 0.0264836251736, 0.0312726385891, 0.0671208351851, 0.0398059412837, 0.0184162985533, 0.00987084396183, 0.0100665092468, 0.00685258815065, 0.00206974497996, 0.000346856337273, 7.9950397776e-05, 1.3307440895e-05, 2.23399183596e-06, 1.27863772903e-08],
        "mean": [5.11760372319e-05, 0.00253792176954, 0.0017282004701, 0.000523916911334, 0.00164004671387, 0.0005121990107, 0.000455375877209, 0.000351039285306, 0.000266083050519, 0.000562363828067, 0.000264498405159, 0.000284170499071, 0.000451608590083, 0.00036576774437, 0.000345334556187, 0.000921504688449, 0.000502472510561, 0.000328423251631, 0.000150138032041, 0.000146753809531, 9.78171665338e-05, 1.14684589789e-05, 5.73613124288e-06, 1.29047930386e-06, 2.34942319821e-07, 1.83656165831e-08, 4.43471814826e-10],
        "median": [4.75349515909e-05, 0.000799036060926, 0.000455778965261, 0.000175778215635, 0.000836474297103, 0.000141343218274, 5.89883566136e-05, 3.94026101276e-05, 1.95111460926e-05, 1.81120121852e-05, 2.27766231546e-05, 1.95302764041e-05, 3.13692580676e-05, 1.47400514834e-05, 1.16762594189e-05, 1.7583661247e-05, 1.44899440784e-05, 1.27602688735e-05, 7.9260498751e-06, 9.30199985305e-06, 5.08557786816e-06, 2.0360405415e-06, 1.15478542284e-06, 3.95445255208e-07, 6.06654353419e-08, 1.95013116766e-09, 1.50219781059e-10],
        "min": [4.98371800862e-25, 1.24734272182e-24, 3.30969600318e-25, 1.07931278521e-24, 6.31021828772e-24, 7.24915682472e-24, 5.02412297115e-24, 4.92528303846e-24, 1.31460080538e-23, 1.24902721595e-23, 1.35475390434e-23, 2.27541043209e-23, 1.9198600936e-23, 2.88185782371e-23, 4.04381869821e-23, 5.48744835426e-23, 6.29376201815e-23, 8.04724519372e-23, 8.38346591568e-23, 1.50991006485e-22, 2.10134963019e-22, 2.51812453639e-22, 3.53057866197e-22, 5.01561247149e-22, 7.83194132375e-22, 1.29046617712e-21, 1.93060319899e-21],
        "var": [7.50498996283e-10, 1.50694613694e-05, 9.10191010917e-06, 1.51379140334e-06, 6.07175707046e-06, 9.87732619251e-07, 2.1664036467e-06, 7.85000793257e-07, 7.72379905811e-07, 5.03428373122e-06, 1.27555517793e-06, 3.50751838596e-06, 2.0513959953e-06, 1.6037589603e-06, 2.3367290396e-06, 1.4306418052e-05, 3.10544123749e-06, 9.89860154732e-07, 1.98185503564e-07, 1.90627602592e-07, 1.51299559548e-07, 2.28275531811e-09, 2.54454790571e-10, 9.72592752863e-12, 3.37186441962e-13, 4.41138782337e-15, 6.42189888663e-19]
    },
    "erbbands": {
        "dmean": [0.0138825001195, 0.36556121707, 1.26286673546, 0.822670817375, 3.91828536987, 2.54538726807, 2.44267702103, 2.15520882607, 2.04619431496, 6.66346931458, 2.6651391983, 3.17958259583, 7.54276752472, 8.1773147583, 6.08541345596, 9.16199111938, 10.16410923, 11.4811038971, 8.87075424194, 23.4222583771, 18.6586303711, 15.8714637756, 10.5947198868, 6.56271123886, 3.4863421917, 4.2568397522, 2.93278121948, 1.31119298935, 0.321266323328, 0.112381599844, 0.0817780271173, 0.0244815684855, 0.00922631472349, 0.00282569462433, 0.000647681066766, 0.00017130280321, 1.75523600774e-05, 1.39660437526e-06, 2.4941277843e-06, 5.3182038755e-06],
        "dmean2": [0.0204912628978, 0.526872158051, 1.60354530811, 1.24907779694, 6.44452667236, 4.24546432495, 3.67679429054, 3.21492695808, 3.10202097893, 9.80951499939, 4.0090212822, 4.61192798615, 10.5319395065, 11.1419219971, 8.11443042755, 12.8161354065, 14.0991315842, 16.3604736328, 12.8007154465, 32.2094841003, 26.6623344421, 22.7997779846, 15.187994957, 9.47459316254, 5.00024747849, 6.15652561188, 4.24221515656, 1.8635109663, 0.460059612989, 0.166413351893, 0.121908798814, 0.0365182161331, 0.0141197703779, 0.00420605344698, 0.000972616719082, 0.000270164979156, 2.79855412373e-05, 2.0032057364e-06, 3.31291539624e-06, 7.13301824362e-06],
        "dvar": [0.00052891211817, 0.339758336544, 4.91786384583, 2.92065429688, 86.4374008179, 21.9687461853, 34.2237663269, 28.816411972, 30.0911407471, 482.47164917, 53.3337020874, 148.056549072, 852.358398438, 1360.40270996, 986.83001709, 1931.28259277, 993.888061523, 1758.44482422, 1238.19018555, 9375.08691406, 4702.10986328, 2813.44116211, 1362.76940918, 392.973571777, 89.4676589966, 251.299850464, 132.575790405, 35.2565422058, 2.17971086502, 0.200641825795, 0.0612076744437, 0.00407724222168, 0.000576814054511, 5.6940370996e-05, 2.96990356219e-06, 3.04370502135e-07, 3.55576257327e-09, 1.0166572445e-11, 1.4470383225e-11, 5.64306934514e-11],
        "dvar2": [0.00102392409462, 0.699455082417, 7.2044005394, 6.64335680008, 217.577606201, 58.3062324524, 68.9174041748, 61.8662376404, 63.013507843, 1063.67529297, 124.38217926, 294.415924072, 1510.19384766, 2169.83642578, 1395.66308594, 3533.10961914, 1749.08898926, 3031.31176758, 2512.27612305, 15870.4375, 8911.38964844, 5347.98681641, 2699.96118164, 771.29510498, 179.640319824, 538.589355469, 270.400787354, 67.60181427, 4.59283399582, 0.409334361553, 0.130553886294, 0.00834177434444, 0.00128705531824, 0.000119070275105, 6.46181661068e-06, 7.32361968403e-07, 8.46982661784e-09, 1.8938692628e-11, 2.30895528391e-11, 9.42284097971e-11],
        "max": [0.674608945847, 10.3077383041, 37.5055084229, 45.0095748901, 237.766143799, 126.365188599, 161.951065063, 162.58996582, 174.729263306, 503.509735107, 166.030014038, 387.797241211, 1298.15759277, 1329.18103027, 2623.18286133, 2322.70581055, 1090.13061523, 1608.92126465, 1744.2520752, 3173.25732422, 2761.44873047, 2103.50415039, 1177.24121094, 690.656860352, 275.352355957, 515.615112305, 342.653137207, 277.156829834, 79.0738525391, 30.7624187469, 10.1438436508, 2.65038847923, 0.892924547195, 0.240329027176, 0.0458330996335, 0.0198426656425, 0.00172967382241, 9.23956467886e-05, 6.49639550829e-05, 0.00012826891907],
        "mean": [0.0289151463658, 0.723217010498, 2.36929035187, 1.3808618784, 5.02619075775, 4.31916761398, 4.75623178482, 3.93537998199, 3.50017547607, 12.145108223, 5.32376909256, 6.56459331512, 13.1665439606, 13.9944963455, 12.5059919357, 14.9849739075, 19.0258903503, 21.65716362, 15.2368469238, 44.2652053833, 35.1974334717, 27.3076896667, 18.7112865448, 11.807677269, 6.92305135727, 7.611328125, 5.42576265335, 2.34941387177, 0.545355081558, 0.206214934587, 0.152504190803, 0.0459575019777, 0.0147670079023, 0.00438504526392, 0.000894490978681, 0.000191545186681, 2.21158152272e-05, 3.09790061692e-06, 7.07980143488e-06, 1.49588040586e-05],
        "median": [0.00857658311725, 0.232279911637, 0.722741007805, 0.672989606857, 2.04900288582, 2.09076356888, 1.26648712158, 1.18573141098, 0.91808539629, 1.20070111752, 0.993170142174, 0.661103069782, 0.737855553627, 0.984412848949, 1.63263201714, 1.65790569782, 1.75053417683, 1.07261919975, 0.700341880322, 0.96326482296, 0.843551933765, 0.863580167294, 0.707895159721, 0.556978583336, 0.478507786989, 0.390359789133, 0.274581223726, 0.168169558048, 0.0865320637822, 0.0421783588827, 0.0290068127215, 0.0125274453312, 0.00464567448944, 0.00121340574697, 0.000219334804569, 3.48235771526e-05, 5.39421034773e-06, 7.87025669524e-07, 3.97958274334e-06, 9.14843894861e-06],
        "min": [3.36172254345e-23, 1.74651330548e-22, 5.40084467973e-22, 4.53031473418e-21, 4.12064626567e-21, 2.12777623827e-20, 3.84765905362e-20, 3.32694821179e-20, 8.02584590909e-20, 1.58101318149e-19, 1.55823379064e-19, 3.80341600609e-19, 5.12500789914e-19, 6.86590875993e-19, 8.79279446061e-19, 9.78988003894e-19, 1.0924658102e-18, 1.76114672667e-18, 2.54436206928e-18, 2.97659227027e-18, 3.49219193726e-18, 4.22669068449e-18, 4.6135150805e-18, 5.66949715921e-18, 7.26873796343e-18, 7.21892762848e-18, 8.50011955512e-18, 8.69670812668e-18, 8.73198655263e-18, 1.04684264284e-17, 1.05265416567e-17, 1.04975638655e-17, 8.85135450528e-18, 7.79262618694e-18, 5.44401103295e-18, 4.22260523944e-18, 2.20246495426e-18, 9.63880170391e-19, 2.26840556964e-19, 2.66156493484e-20],
        "var": [0.00349400355481, 1.17478394508, 15.5799646378, 5.42139911652, 105.211357117, 42.0721282959, 112.412857056, 71.3320999146, 67.7975234985, 1245.82434082, 140.630844116, 565.703430176, 2026.60510254, 3546.80859375, 4050.69726562, 4272.44482422, 3431.5390625, 5502.20751953, 3572.84350586, 33457.0703125, 14604.5263672, 7804.80175781, 3578.37939453, 1060.57080078, 315.682434082, 642.005371094, 396.038513184, 93.695274353, 4.23664617538, 0.406549155712, 0.188084885478, 0.0142217008397, 0.00103912607301, 0.000109703039925, 4.97985047332e-06, 3.45049812722e-07, 4.20312673555e-09, 3.77661339701e-11, 7.2695405251e-11, 2.71208971947e-10]
    },
    "gfcc": {
        "mean": [-152.704208374, 158.373886108, -140.610610962, 56.917011261, -43.2369880676, 0.873748838902, -20.1243686676, -13.4834127426, -10.4820604324, -17.5464115143, 1.55432939529, -15.9544248581, 1.6464214325],
        "cov": [[22044.46875, 1675.80078125, -4431.64257812, 769.389770508, -362.042144775, -241.961929321, -356.559326172, -81.9426651001, -12.354973793, -88.5280380249, -95.7477874756, -298.808990479, -112.619644165], [1675.80078125, 1289.46411133, 67.7930679321, -159.445053101, -5.26495981216, -58.7279853821, 57.4984703064, -163.816711426, -36.850353241, -147.319030762, 116.867088318, -15.1806049347, 55.4724655151], [-4431.64257812, 67.7930679321, 2037.35595703, 223.99446106, -42.7074966431, 315.674346924, 103.335220337, -28.7324466705, -87.397857666, -58.0322227478, 30.9880714417, 54.0704498291, 48.4496955872], [769.389770508, -159.445053101, 223.99446106, 571.944091797, -7.11306524277, 103.663192749, -28.9024562836, 31.0124912262, -0.77962243557, -2.50153017044, -28.407661438, -54.3080978394, -8.26125431061], [-362.042144775, -5.26495981216, -42.7074966431, -7.11306524277, 372.273498535, -36.3829116821, 104.23575592, 41.250793457, 76.1713790894, 29.061340332, 13.3120622635, -0.665678858757, -21.1242599487], [-241.961929321, -58.7279853821, 315.674346924, 103.663192749, -36.3829116821, 234.879364014, 67.9716873169, 44.128364563, -26.4761791229, -17.306142807, -8.4386806488, 15.1804676056, 23.2088909149], [-356.559326172, 57.4984703064, 103.335220337, -28.9024562836, 104.23575592, 67.9716873169, 183.998306274, 48.9062194824, 34.834236145, -21.1227817535, 4.12722873688, 10.0138063431, 11.792298317], [-81.9426651001, -163.816711426, -28.7324466705, 31.0124912262, 41.250793457, 44.128364563, 48.9062194824, 138.500900269, 55.6697387695, 39.7178955078, -19.8459377289, -5.85982465744, -18.906419754], [-12.354973793, -36.850353241, -87.397857666, -0.77962243557, 76.1713790894, -26.4761791229, 34.834236145, 55.6697387695, 136.757003784, 62.3095855713, 8.1085062027, -29.8072090149, -26.3607978821], [-88.5280380249, -147.319030762, -58.0322227478, -2.50153017044, 29.061340332, -17.306142807, -21.1227817535, 39.7178955078, 62.3095855713, 127.86580658, 18.864402771, 6.12835788727, -28.761631012], [-95.7477874756, 116.867088318, 30.9880714417, -28.407661438, 13.3120622635, -8.4386806488, 4.12722873688, -19.8459377289, 8.1085062027, 18.864402771, 99.3875198364, 36.0940551758, 12.930891037], [-298.808990479, -15.1806049347, 54.0704498291, -54.3080978394, -0.665678858757, 15.1804676056, 10.0138063431, -5.85982465744, -29.8072090149, 6.12835788727, 36.0940551758, 98.1351547241, 39.8393936157], [-112.619644165, 55.4724655151, 48.4496955872, -8.26125431061, -21.1242599487, 23.2088909149, 11.792298317, -18.906419754, -26.3607978821, -28.761631012, 12.930891037, 39.8393936157, 77.616859436]],
        "icov": [[0.000273346755421, -0.000642252794933, 0.000772578408942, -0.000718874798622, 0.000211508478969, -0.000621349667199, 0.000197301837034, -6.23245359748e-05, 0.000232009086176, -0.000358044693712, 0.000578217150178, -0.000349517387804, 0.00052425567992], [-0.000642252794933, 0.00283349235542, -0.00184090621769, 0.0019722499419, -0.000436887843534, 0.00162969669327, -0.00096758879954, 0.00120804493781, -0.000872409262229, 0.00222129933536, -0.00317540857941, 0.00196498958394, -0.00171562365722], [0.000772578408942, -0.00184090621769, 0.0028524082154, -0.00221487204544, 0.000590621202718, -0.00259300740436, 0.000343400839483, 0.000263026158791, 0.00077146262629, -0.00100783351809, 0.0014999328414, -0.00127228023484, 0.00166011194233], [-0.000718874798622, 0.0019722499419, -0.00221487204544, 0.00419045612216, -0.00093241489958, 0.000580125139095, 0.000529451353941, -0.000129950363771, -0.000631437054835, 0.00128268834669, -0.00192596693523, 0.00274159759283, -0.00198886892758], [0.000211508478969, -0.000436887843534, 0.000590621202718, -0.00093241489958, 0.0039902580902, 0.000844892405439, -0.00245322333649, 5.50446929992e-05, -0.000896202109288, -0.000586542824749, 0.000290152325761, -0.000988251646049, 0.00130788458046], [-0.000621349667199, 0.00162969669327, -0.00259300740436, 0.000580125139095, 0.000844892405439, 0.00915613211691, -0.00354450731538, -0.00220209290273, 0.00148019788321, 0.000299470120808, -0.00133597594686, 0.000866808346473, -0.00250040460378], [0.000197301837034, -0.00096758879954, 0.000343400839483, 0.000529451353941, -0.00245322333649, -0.00354450731538, 0.0103215985, -0.0026867822744, -0.0025742915459, 0.00297755305655, 0.000545447692275, -0.00118922337424, -0.000262013520114], [-6.23245359748e-05, 0.00120804493781, 0.000263026158791, -0.000129950363771, 5.50446929992e-05, -0.00220209290273, -0.0026867822744, 0.0126485722139, -0.00399571610615, -0.00107696873602, 0.00161663116887, -0.00126122927759, 0.00165274227038], [0.000232009086176, -0.000872409262229, 0.00077146262629, -0.000631437054835, -0.000896202109288, 0.00148019788321, -0.0025742915459, -0.00399571610615, 0.0148187372833, -0.00675201835111, -0.00138084904756, 0.00536083430052, -0.000848081836011], [-0.000358044693712, 0.00222129933536, -0.00100783351809, 0.00128268834669, -0.000586542824749, 0.000299470120808, 0.00297755305655, -0.00107696873602, -0.00675201835111, 0.0154811078683, -0.0043664383702, -0.00261347135529, 0.00320706004277], [0.000578217150178, -0.00317540857941, 0.0014999328414, -0.00192596693523, 0.000290152325761, -0.00133597594686, 0.000545447692275, 0.00161663116887, -0.00138084904756, -0.0043664383702, 0.0168984271586, -0.00740785617381, 0.00165658816695], [-0.000349517387804, 0.00196498958394, -0.00127228023484, 0.00274159759283, -0.000988251646049, 0.000866808346473, -0.00118922337424, -0.00126122927759, 0.00536083430052, -0.00261347135529, -0.00740785617381, 0.0199882723391, -0.00965347420424], [0.00052425567992, -0.00171562365722, 0.00166011194233, -0.00198886892758, 0.00130788458046, -0.00250040460378, -0.000262013520114, 0.00165274227038, -0.000848081836011, 0.00320706004277, 0.00165658816695, -0.00965347420424, 0.0207480359823]]
    },
    "melbands": {
        "dmean": [0.00024114678672, 0.000602101092227, 0.000237837797613, 0.000247876771027, 8.61563312355e-05, 4.83819312649e-05, 3.835368625e-05, 6.71641537338e-05, 1.94355543499e-05, 2.07650991797e-05, 3.988386743e-05, 3.6103054299e-05, 1.99048954528e-05, 2.10617854464e-05, 2.92173572234e-05, 1.96187611436e-05, 2.25516632781e-05, 1.42032822623e-05, 1.84482687473e-05, 4.03937701776e-05, 2.10072394111e-05, 1.76421672222e-05, 1.3557472812e-05, 8.44380610943e-06, 5.49218566448e-06, 3.08296262119e-06, 2.78105744655e-06, 2.95432619168e-06, 1.85169130873e-06, 1.40344081956e-06, 6.76173385727e-07, 2.04409857929e-07, 8.02917696774e-08, 6.41327417839e-08, 5.79792036604e-08, 2.68985171914e-08, 1.19485417116e-08, 7.86959297727e-09, 3.49642714781e-09, 2.10188266792e-09],
        "dmean2": [0.000357804528903, 0.000782013928983, 0.000370332418242, 0.000414780835854, 0.000131212873384, 7.24933852325e-05, 5.76909806114e-05, 9.88442479866e-05, 2.94452074741e-05, 3.00775245705e-05, 5.56142149435e-05, 4.92864965054e-05, 2.61641762336e-05, 3.00887877529e-05, 4.06716426369e-05, 2.78009574686e-05, 3.21490224451e-05, 2.07297016459e-05, 2.62629127974e-05, 5.51112825633e-05, 3.08551752823e-05, 2.5574445317e-05, 1.96873443201e-05, 1.22996971186e-05, 7.97644497652e-06, 4.53213942819e-06, 4.11829842051e-06, 4.2967662921e-06, 2.72762781606e-06, 2.06628624255e-06, 9.61285081758e-07, 3.07128601662e-07, 1.21749451409e-07, 9.64190292052e-08, 8.7759005396e-08, 4.10718179467e-08, 1.82983086461e-08, 1.23545138564e-08, 5.33347677134e-09, 3.18509396635e-09],
        "dvar": [1.46290744851e-07, 9.92329773908e-07, 2.93539784479e-07, 2.44560823148e-07, 3.69742316764e-08, 1.32513129358e-08, 1.37138602696e-08, 4.45593499876e-08, 3.3651370579e-09, 5.70603342354e-09, 2.34950956468e-08, 3.01143110448e-08, 7.88045984024e-09, 1.86859541174e-08, 1.13446452232e-08, 5.00580243923e-09, 7.5650472553e-09, 4.01623978519e-09, 5.87464388246e-09, 3.29127800569e-08, 9.04389363399e-09, 4.25668567061e-09, 1.92148474909e-09, 8.5693496743e-10, 3.33521432694e-10, 8.48089792838e-11, 8.0240043776e-11, 1.35786160094e-10, 4.98957611339e-11, 3.80016400292e-11, 1.13490666517e-11, 1.06455144179e-12, 1.64680755469e-13, 5.62430554603e-14, 3.56174305002e-14, 6.14531297079e-15, 9.02959568146e-16, 4.38511259664e-16, 1.04976254077e-16, 3.47140538477e-17],
        "dvar2": [3.18785112086e-07, 1.56070359481e-06, 6.91646221185e-07, 6.37132416159e-07, 7.99509365379e-08, 2.88598318576e-08, 2.71631055426e-08, 9.93757467427e-08, 7.82619391515e-09, 1.11545785941e-08, 4.13449718906e-08, 4.75687187418e-08, 1.08805009447e-08, 3.19342703392e-08, 2.03206855787e-08, 8.85458639743e-09, 1.31113804258e-08, 8.43971559306e-09, 1.11920588353e-08, 5.33026280891e-08, 1.74434955369e-08, 7.94427279516e-09, 3.98392785428e-09, 1.73883563104e-09, 6.51873222068e-10, 1.76697975696e-10, 1.55677970515e-10, 2.97840141439e-10, 1.04369707321e-10, 8.12768533032e-11, 2.16178238505e-11, 2.41902179711e-12, 3.49101932258e-13, 1.15386568572e-13, 8.00161328797e-14, 1.24370465979e-14, 2.0142619245e-15, 1.03474910677e-15, 2.32428328886e-16, 7.27236084907e-17],
        "max": [0.00885819643736, 0.0184188224375, 0.0144019480795, 0.0110735697672, 0.00561877386644, 0.00330463447608, 0.00407379632816, 0.00534796249121, 0.00184470333625, 0.00233983830549, 0.00633429409936, 0.00620976369828, 0.00550320371985, 0.00999444909394, 0.0034035674762, 0.00344035890885, 0.00304366229102, 0.00276982691139, 0.00253267935477, 0.0070564285852, 0.0040172659792, 0.00315701565705, 0.00117883924395, 0.00128286646213, 0.000710606458597, 0.000289138260996, 0.00060121685965, 0.000398634001613, 0.000278531078948, 0.00025937758619, 0.000148391787661, 6.70095250825e-05, 2.89602430712e-05, 1.43790330185e-05, 8.76593185239e-06, 4.03050262321e-06, 1.10310134005e-06, 7.05754928276e-07, 4.47379449042e-07, 2.00509703063e-07],
        "mean": [0.000486696633743, 0.00118190143257, 0.000369816145394, 0.000362283521099, 0.00016925628006, 8.81825908436e-05, 6.39036734356e-05, 0.000125584308989, 3.70999296138e-05, 4.18708550569e-05, 6.88061263645e-05, 6.0119007685e-05, 4.06304134231e-05, 3.38424906658e-05, 4.86916942464e-05, 3.57830685971e-05, 4.04290985898e-05, 2.23666756938e-05, 2.99237017316e-05, 7.66167067923e-05, 3.6033190554e-05, 2.85344849544e-05, 2.1527217541e-05, 1.43203960761e-05, 9.06529567146e-06, 5.52051142222e-06, 4.7818857638e-06, 4.95591257277e-06, 3.25978021465e-06, 2.4146920623e-06, 1.08357255613e-06, 3.10437314965e-07, 1.17784750842e-07, 1.13323913808e-07, 1.02661402934e-07, 4.68302765455e-08, 2.03661176812e-08, 1.16392264715e-08, 5.27958698981e-09, 3.04931768724e-09],
        "median": [0.000151645304868, 0.000407928921049, 0.000180473653018, 0.000179345181095, 5.07739750901e-05, 2.64115606115e-05, 1.35278723974e-05, 1.23952559079e-05, 6.11744189882e-06, 2.76860350823e-06, 2.98740519611e-06, 2.57128203884e-06, 3.82680491384e-06, 3.01666614178e-06, 3.69782560483e-06, 2.43266435973e-06, 1.4663080492e-06, 8.30522424167e-07, 9.34464196689e-07, 1.18575383112e-06, 8.12705252429e-07, 8.16681392735e-07, 7.56997224016e-07, 5.64720721741e-07, 4.11671493339e-07, 2.91052941748e-07, 3.51148884192e-07, 2.23039720026e-07, 1.94866103698e-07, 9.56863956958e-08, 8.60506617073e-08, 5.15374658505e-08, 2.21624070207e-08, 2.29663079665e-08, 1.88894535569e-08, 8.73406857949e-09, 6.50154374782e-09, 3.58835561265e-09, 1.52488732752e-09, 7.44156902766e-10],
        "min": [5.40667810891e-25, 2.37500355931e-25, 9.9177466549e-25, 1.11892819657e-24, 1.24084793138e-24, 7.67583255847e-25, 1.1736582815e-24, 1.71309980811e-24, 1.27117056128e-24, 2.16925606275e-24, 2.45624050463e-24, 2.15142366478e-24, 2.23752645208e-24, 2.34884300884e-24, 2.4544825281e-24, 1.211677137e-24, 2.61557956065e-24, 2.98178535893e-24, 3.36207508538e-24, 3.79843270625e-24, 3.2567098925e-24, 3.28475606705e-24, 3.70922437078e-24, 3.80377171685e-24, 3.66822963612e-24, 3.88279191373e-24, 3.29151187184e-24, 3.75770026784e-24, 4.34089961304e-24, 3.44549042079e-24, 4.31256333489e-24, 4.26801123198e-24, 5.24326103644e-24, 5.23904023617e-24, 5.3645144796e-24, 5.90985678439e-24, 5.99965124351e-24, 4.82475691559e-24, 6.5962158646e-24, 5.97871645281e-24],
        "var": [6.58732915326e-07, 3.25707992488e-06, 4.19714666577e-07, 3.37212611612e-07, 1.15319735983e-07, 3.2742228484e-08, 3.13356096626e-08, 1.19753750027e-07, 8.52867554357e-09, 2.22532854366e-08, 5.7317208757e-08, 7.94780063984e-08, 3.78648010724e-08, 4.6162799805e-08, 2.70886744147e-08, 1.65194418145e-08, 2.3048865927e-08, 1.05715276533e-08, 1.49534091776e-08, 1.25945646801e-07, 2.4621057193e-08, 1.18821263939e-08, 4.59430982147e-09, 2.21542428847e-09, 8.33767110908e-10, 2.73012001895e-10, 2.19332510487e-10, 3.20702547851e-10, 1.38092606794e-10, 1.02738727248e-10, 2.49295584176e-11, 1.7475325657e-12, 2.39440574572e-13, 1.21812661954e-13, 9.55225346521e-14, 2.107953467e-14, 2.05033790476e-15, 6.80986961022e-16, 1.72935236065e-16, 6.59182810947e-17]
    },
    "mfcc": {
        "mean": [-769.317199707, 157.150009155, -14.3759355545, 49.2839279175, 6.38847064972, 13.4879512787, 4.1330165863, 4.35016107559, -4.15490436554, -1.35272407532, -5.59333896637, 4.77645111084, -1.05495691299],
        "cov": [[9009.30957031, 345.464355469, -2605.35351562, 529.465820312, -287.17376709, -16.9912948608, -375.435302734, 2.54757785797, -90.0697097778, 242.502471924, -68.9541625977, 263.663604736, -76.7064361572], [345.464355469, 1447.63574219, 181.427352905, -130.682067871, 62.7781944275, -7.79453802109, 121.859054565, -10.6621761322, -61.2757225037, -111.579872131, -0.350564807653, -57.6703910828, 26.0986919403], [-2605.35351562, 181.427352905, 1659.05053711, -5.63611221313, 122.572540283, 210.235244751, 206.639175415, 74.5354232788, 40.0710487366, -119.527000427, -13.5233316422, -85.1854095459, 10.0323343277], [529.465820312, -130.682067871, -5.63611221313, 407.292297363, 114.191108704, 82.8575439453, 7.96394443512, 33.1822624207, 29.8558559418, 70.2851257324, 24.0863189697, 35.0381660461, 1.98953461647], [-287.17376709, 62.7781944275, 122.572540283, 114.191108704, 191.921691895, 47.3050270081, 50.9594955444, 19.3970489502, 11.2678432465, 25.4677562714, 27.7812099457, -1.96683776379, 20.8723316193], [-16.9912948608, -7.79453802109, 210.235244751, 82.8575439453, 47.3050270081, 162.484283447, 67.8396682739, 46.0930366516, 29.1413536072, -2.45156478882, -3.56261110306, 8.70720672607, -5.42676830292], [-375.435302734, 121.859054565, 206.639175415, 7.96394443512, 50.9594955444, 67.8396682739, 153.231048584, 75.486656189, 27.0036773682, -16.3270988464, -3.25727295876, -19.5101680756, -0.999686419964], [2.54757785797, -10.6621761322, 74.5354232788, 33.1822624207, 19.3970489502, 46.0930366516, 75.486656189, 133.849456787, 57.1815490723, 21.139623642, -4.46779155731, -10.8035554886, -6.08237838745], [-90.0697097778, -61.2757225037, 40.0710487366, 29.8558559418, 11.2678432465, 29.1413536072, 27.0036773682, 57.1815490723, 118.969245911, 48.8162002563, 16.0295886993, 14.055305481, -3.67803192139], [242.502471924, -111.579872131, -119.527000427, 70.2851257324, 25.4677562714, -2.45156478882, -16.3270988464, 21.139623642, 48.8162002563, 136.873077393, 49.4396324158, 27.2737751007, 4.03919029236], [-68.9541625977, -0.350564807653, -13.5233316422, 24.0863189697, 27.7812099457, -3.56261110306, -3.25727295876, -4.46779155731, 16.0295886993, 49.4396324158, 91.345413208, 39.627948761, 12.2984724045], [263.663604736, -57.6703910828, -85.1854095459, 35.0381660461, -1.96683776379, 8.70720672607, -19.5101680756, -10.8035554886, 14.055305481, 27.2737751007, 39.627948761, 107.773742676, 45.1387329102], [-76.7064361572, 26.0986919403, 10.0323343277, 1.98953461647, 20.8723316193, -5.42676830292, -0.999686419964, -6.08237838745, -3.67803192139, 4.03919029236, 12.2984724045, 45.1387329102, 112.120559692]],
