{
"lowlevel": {
    "average_loudness": 0.895002305508,
    "barkbands_crest": {
        "dmean": 2.38136291504,
        "dmean2": 3.79949474335,
        "dvar": 5.48464536667,
        "dvar2": 13.0706386566,
        "max": 26.6786060333,
        "mean": 10.5778665543,
        "median": 9.75017929077,
        "min": 2.96482253075,
        "var": 16.481092453
    },
    "barkbands_flatness_db": {
        "dmean": 0.020091123879,
        "dmean2": 0.0306955128908,
        "dvar": 0.000401594646974,
        "dvar2": 0.000840137538034,
        "max": 0.432475090027,
        "mean": 0.16211129725,
        "median": 0.16099652648,
        "min": 0.0298682451248,
        "var": 0.00213876413181
    },
    "barkbands_kurtosis": {
        "dmean": 3.80808639526,
        "dmean2": 5.8402299881,
        "dvar": 52.2349014282,
        "dvar2": 106.393432617,
        "max": 238.65083313,
        "mean": 7.94254398346,
        "median": 4.2810459137,
        "min": -1.8032283783,
        "var": 135.973739624
    },
    "barkbands_skewness": {
        "dmean": 0.543487668037,
        "dmean2": 0.82429921627,
        "dvar": 0.41166138649,
        "dvar2": 0.824972450733,
        "max": 14.1549425125,
        "mean": 1.79725718498,
        "median": 1.6303101778,
        "min": -2.18133735657,
        "var": 2.37011504173
    },
    "barkbands_spread": {
        "dmean": 3.6970717907,
        "dmean2": 5.81238746643,
        "dvar": 28.3512573242,
        "dvar2": 66.2756195068,
        "max": 128.366088867,
        "mean": 14.778087616,
        "median": 12.4660902023,
        "min": 0.493144840002,
        "var": 94.2870407104
    },
    "dissonance": {
        "dmean": 0.0277415532619,
        "dmean2": 0.046568710357,
        "dvar": 0.000652970513329,
        "dvar2": 0.00175313570071,
        "max": 0.499360948801,
        "mean": 0.438007473946,
        "median": 0.444680571556,
        "min": 0.234688013792,
        "var": 0.00154419871978
    },
    "dynamic_complexity": 3.83625769615,
    "erbbands_crest": {
        "dmean": 2.75658798218,
        "dmean2": 4.25163173676,
        "dvar": 8.70985603333,
        "dvar2": 18.4489479065,
        "max": 34.1533622742,
        "mean": 12.2342662811,
        "median": 10.9626350403,
        "min": 1.94319939613,
        "var": 35.1772727966
    },
    "erbbands_flatness_db": {
        "dmean": 0.020013473928,
        "dmean2": 0.0280817877501,
        "dvar": 0.000494868028909,
        "dvar2": 0.000832847494166,
        "max": 0.448559075594,
        "mean": 0.172152474523,
        "median": 0.169942721725,
        "min": 0.0358233861625,
        "var": 0.00321390596218
    },
    "erbbands_kurtosis": {
        "dmean": 1.75937354565,
        "dmean2": 2.59849095345,
        "dvar": 16.8135280609,
        "dvar2": 29.2037792206,
        "max": 122.827812195,
        "mean": 2.79829287529,
        "median": 1.31042671204,
        "min": -1.77395057678,
        "var": 42.5948219299
    },
    "erbbands_skewness": {
        "dmean": 0.381779283285,
        "dmean2": 0.571549057961,
        "dvar": 0.202485367656,
        "dvar2": 0.411148399115,
        "max": 9.7110490799,
        "mean": 0.980413198471,
        "median": 0.946418941021,
        "min": -2.28696322441,
        "var": 1.13007736206
    },
    "erbbands_spread": {
        "dmean": 7.95265769958,
        "dmean2": 11.9718379974,
        "dvar": 119.270210266,
        "dvar2": 238.767379761,
        "max": 151.659072876,
        "mean": 32.8680267334,
        "median": 25.1315536499,
        "min": 1.07706987858,
        "var": 537.818359375
    },
    "hfc": {
        "dmean": 5.05548477173,
        "dmean2": 6.81437635422,
        "dvar": 65.5904312134,
        "dvar2": 114.768234253,
        "max": 126.631408691,
        "mean": 17.3970775604,
        "median": 11.6977519989,
        "min": 1.05662655167e-16,
        "var": 292.778594971
    },
    "melbands_crest": {
        "dmean": 2.95718026161,
        "dmean2": 4.78674840927,
        "dvar": 8.49311447144,
        "dvar2": 20.1800937653,
        "max": 38.6589355469,
        "mean": 13.276227951,
        "median": 12.4756994247,
        "min": 1.5394333601,
        "var": 28.2442970276
    },
    "melbands_flatness_db": {
        "dmean": 0.0206007957458,
        "dmean2": 0.031677365303,
        "dvar": 0.000484669959405,
        "dvar2": 0.00104371644557,
        "max": 0.490400671959,
        "mean": 0.218281030655,
        "median": 0.218304052949,
        "min": 0.00311581860296,
        "var": 0.00348312198184
    },
    "melbands_kurtosis": {
        "dmean": 8.63313865662,
        "dmean2": 13.1880559921,
        "dvar": 260.320465088,
        "dvar2": 542.371337891,
        "max": 278.638092041,
        "mean": 18.5181865692,
        "median": 7.25182819366,
        "min": -1.51326286793,
        "var": 847.085510254
    },
    "melbands_skewness": {
        "dmean": 0.732718884945,
        "dmean2": 1.09149873257,
        "dvar": 0.833994269371,
        "dvar2": 1.62477827072,
        "max": 14.6644992828,
        "mean": 2.43322229385,
        "median": 1.86859917641,
        "min": -2.42630267143,
        "var": 4.32641124725
    },
    "melbands_spread": {
        "dmean": 4.08517074585,
        "dmean2": 6.41584396362,
        "dvar": 36.611782074,
        "dvar2": 86.2779464722,
        "max": 165.446044922,
        "mean": 18.5619430542,
        "median": 13.2675590515,
        "min": 0.386555999517,
        "var": 446.379760742
    },
    "pitch_salience": {
        "dmean": 0.0658361390233,
        "dmean2": 0.104378223419,
        "dvar": 0.00418839184567,
        "dvar2": 0.0097080161795,
        "max": 0.957503318787,
        "mean": 0.548704504967,
        "median": 0.551074445248,
        "min": 0.0505072213709,
        "var": 0.0127155194059
    },
    "silence_rate_20dB": {
        "dmean": 0,
        "dmean2": 0,
        "dvar": 0,
        "dvar2": 0,
        "max": 1,
        "mean": 1,
        "median": 1,
        "min": 1,
        "var": 0
    },
    "silence_rate_30dB": {
        "dmean": 0,
        "dmean2": 0,
        "dvar": 0,
        "dvar2": 0,
        "max": 1,
        "mean": 1,
        "median": 1,
        "min": 1,
        "var": 0
    },
    "silence_rate_60dB": {
        "dmean": 0.0279469732195,
        "dmean2": 0.0559039600194,
        "dvar": 0.0271640568972,
        "dvar2": 0.0610176809132,
        "max": 1,
        "mean": 0.107110872865,
        "median": 0,
        "min": 0,
        "var": 0.0956393927336
    },
    "spectral_centroid": {
        "dmean": 151.450027466,
        "dmean2": 231.272171021,
        "dvar": 57175.6875,
        "dvar2": 113127.578125,
        "max": 11924.6923828,
        "mean": 1127.9296875,
        "median": 785.997802734,
        "min": 239.343276978,
        "var": 2651941.5
    },
    "spectral_complexity": {
        "dmean": 2.02293086052,
        "dmean2": 3.03888201714,
        "dvar": 4.72971105576,
        "dvar2": 8.96744918823,
        "max": 39,
        "mean": 11.5794372559,
        "median": 11,
        "min": 0,
        "var": 34.9336280823
    },
    "spectral_decrease": {
        "dmean": 1.65217417525e-09,
        "dmean2": 2.35548869298e-09,
        "dvar": 4.26971565687e-18,
        "dvar2": 8.36292834181e-18,
        "max": 4.1253163029e-25,
        "mean": -5.92666093979e-09,
        "median": -5.44338929487e-09,
        "min": -2.14336530746e-08,
        "var": 1.82798097629e-17
    },
    "spectral_energy": {
        "dmean": 0.0066312677227,
        "dmean2": 0.00940908957273,
        "dvar": 6.97103678249e-05,
        "dvar2": 0.000134288682602,
        "max": 0.0885286480188,
        "mean": 0.0239464621991,
        "median": 0.0218038428575,
        "min": 9.87941710574e-21,
        "var": 0.000303624285152
    },
    "spectral_energyband_high": {
        "dmean": 0.000128217623569,
        "dmean2": 0.000182825082447,
        "dvar": 1.34130246465e-07,
        "dvar2": 3.33973645184e-07,
        "max": 0.0154374111444,
        "mean": 0.000290176132694,
        "median": 0.00017329576076,
        "min": 6.95634984468e-21,
        "var": 1.83324644354e-07
    },
    "spectral_energyband_low": {
        "dmean": 0.00190305057913,
        "dmean2": 0.00289312214591,
        "dvar": 1.00344414022e-05,
        "dvar2": 2.2493830329e-05,
        "max": 0.0438942573965,
        "mean": 0.00365980342031,
        "median": 0.00178975565359,
        "min": 1.13680283805e-23,
        "var": 2.43428385147e-05
    },
    "spectral_energyband_middle_high": {
        "dmean": 0.00238299113698,
        "dmean2": 0.00319835124537,
        "dvar": 2.70735145023e-05,
        "dvar2": 4.42847849627e-05,
        "max": 0.0778451934457,
        "mean": 0.00667418958619,
        "median": 0.00178827787749,
        "min": 1.08551350013e-21,
        "var": 0.000110159315227
    },
    "spectral_energyband_middle_low": {
        "dmean": 0.00467928405851,
        "dmean2": 0.00689027551562,
        "dvar": 4.08647611039e-05,
        "dvar2": 8.62635715748e-05,
        "max": 0.0823761224747,
        "mean": 0.0144554162398,
        "median": 0.0123475920409,
        "min": 1.39552535981e-22,
        "var": 0.000139652271173
    },
    "spectral_entropy": {
        "dmean": 0.191602811217,
        "dmean2": 0.281464934349,
        "dvar": 0.0415744632483,
        "dvar2": 0.0791575610638,
        "max": 9.83264732361,
        "mean": 7.26373529434,
        "median": 7.18834781647,
        "min": 4.40036964417,
        "var": 0.366381406784
    },
    "spectral_flux": {
        "dmean": 0.0241526979953,
        "dmean2": 0.0384104438126,
        "dvar": 0.000759200775065,
        "dvar2": 0.00184847204946,
        "max": 0.249818384647,
        "mean": 0.062883540988,
        "median": 0.0550724379718,
        "min": 6.41231442944e-11,
        "var": 0.00156287488062
    },
    "spectral_kurtosis": {
        "dmean": 1.55165410042,
        "dmean2": 2.50312256813,
        "dvar": 3.43569374084,
        "dvar2": 8.51944351196,
        "max": 36.6603164673,
        "mean": 5.42934751511,
        "median": 4.98595714569,
        "min": -1.26564073563,
        "var": 13.8038187027
    },
    "spectral_rms": {
        "dmean": 0.000674201641232,
        "dmean2": 0.000933445349801,
        "dvar": 5.94666119014e-07,
        "dvar2": 1.08408778488e-06,
        "max": 0.00929351430386,
        "mean": 0.00439785001799,
        "median": 0.00461216224357,
        "min": 3.10458624954e-12,
        "var": 4.02135719924e-06
    },
    "spectral_rolloff": {
        "dmean": 248.590576172,
        "dmean2": 426.915100098,
        "dvar": 484647.625,
        "dvar2": 1169961.75,
        "max": 19573.6816406,
        "mean": 1436.19824219,
        "median": 775.1953125,
        "min": 21.533203125,
        "var": 8331704
    },
    "spectral_skewness": {
        "dmean": 0.209137275815,
        "dmean2": 0.328590840101,
        "dvar": 0.0485803745687,
        "dvar2": 0.104377903044,
        "max": 4.90388631821,
        "mean": 1.92179143429,
        "median": 1.95029187202,
        "min": -0.0899729505181,
        "var": 0.329794794321
    },
    "spectral_spread": {
        "dmean": 669874.9375,
        "dmean2": 1014194.5625,
        "dvar": 957167632384,
        "dvar2": 1.84856936448e+12,
        "max": 42611604,
        "mean": 6342597.5,
        "median": 5144635,
        "min": 1657526,
        "var": 3.32143704146e+13
    },
    "spectral_strongpeak": {
        "dmean": 0.725525915623,
        "dmean2": 1.14377117157,
        "dvar": 1.38154995441,
        "dvar2": 2.79699730873,
        "max": 16.9551715851,
        "mean": 1.70734143257,
        "median": 0.798884689808,
        "min": 0,
        "var": 4.13030767441
    },
    "zerocrossingrate": {
        "dmean": 0.00797441508621,
        "dmean2": 0.0100143589079,
        "dvar": 0.000122436249512,
        "dvar2": 0.000174959335709,
        "max": 0.529296875,
        "mean": 0.062825255096,
        "median": 0.046875,
        "min": 0.00390625,
        "var": 0.00544199254364
    },
    "barkbands": {
        "dmean": [5.8844771047e-06, 0.000780149770435, 0.0011138455011, 0.000724767392967, 0.0021088309586, 0.00111847429071, 0.000894075375982, 0.00078639795538, 0.00122475961689, 0.00120468100067, 0.000278005609289, 0.000423230783781, 0.000334416661644, 0.000192523380974, 0.000168930375366, 0.000207894889172, 0.000171765612322, 0.000109262640763, 5.60284897801e-05, 4.07040570281e-05, 2.48621381616e-05, 1.51749145516e-05, 2.42880068981e-05, 2.48174910666e-05, 2.85378828266e-05, 1.46558513734e-05, 5.39026700608e-07],
        "dmean2": [9.46237742028e-06, 0.00122437439859, 0.00172390567604, 0.00114572641905, 0.00341923162341, 0.00179543928243, 0.00131666217931, 0.00112054951023, 0.00164829695132, 0.00164056592621, 0.00040237759822, 0.00060455937637, 0.000463054107968, 0.000283254950773, 0.000245442875894, 0.000303353823256, 0.000250906537985, 0.000160463459906, 8.27380717965e-05, 6.09045528108e-05, 3.83031110687e-05, 2.40971276071e-05, 3.82240104955e-05, 3.70324087271e-05, 4.23002493335e-05, 2.10355301533e-05, 9.15618443287e-07],
        "dvar": [2.03206118599e-10, 2.20696688302e-06, 4.62044135929e-06, 1.9603128294e-06, 1.37120978252e-05, 3.5154039324e-06, 5.54072039449e-06, 3.93151594835e-06, 1.42803392009e-05, 1.46370957737e-05, 8.98354642231e-07, 2.0904315079e-06, 1.18284685868e-06, 3.99788063987e-07, 3.66267386198e-07, 5.68935718093e-07, 4.61405022634e-07, 1.35435271886e-07, 4.17559107291e-08, 1.41797036335e-08, 8.12145906082e-09, 1.63141777865e-09, 1.58325690336e-08, 4.58177273899e-09, 4.78384576397e-09, 1.89791315997e-09, 7.3010495219e-12],
        "dvar2": [4.3285225404e-10, 5.32008289156e-06, 1.00679553725e-05, 4.6104410103e-06, 3.56517120963e-05, 9.07751928025e-06, 1.01780615296e-05, 7.03501473254e-06, 2.2398398869e-05, 2.32422371482e-05, 1.73050796093e-06, 4.03424337492e-06, 1.91910521607e-06, 7.50566755414e-07, 6.41722465389e-07, 1.08247365915e-06, 7.0943741548e-07, 2.85688827262e-07, 6.85054857286e-08, 2.88602386433e-08, 2.38234481031e-08, 4.26331014935e-09, 4.31678621737e-08, 9.96162974332e-09, 1.01900852201e-08, 4.06315558976e-09, 1.82126570769e-11],
        "max": [0.000279387342744, 0.0245611704886, 0.037377230823, 0.021499607712, 0.0505937747657, 0.0340642370284, 0.0783918499947, 0.0343968309462, 0.0791489332914, 0.0717316940427, 0.0313850007951, 0.032555308193, 0.0361293926835, 0.0296382699162, 0.0336861051619, 0.0309289731085, 0.0268910285085, 0.0133048482239, 0.00821079686284, 0.00328917545266, 0.00447973329574, 0.00144142017234, 0.00641747191548, 0.00225278898142, 0.00121759483591, 0.00127861544024, 8.52027078508e-05],
        "mean": [6.46199623588e-06, 0.00130992918275, 0.00178810034413, 0.00123298785184, 0.00391585519537, 0.00238927011378, 0.0017514936626, 0.00158907542937, 0.00268288841471, 0.00271200435236, 0.000522080285009, 0.000896908342838, 0.000853596429806, 0.000429772218922, 0.000374557712348, 0.00046336572268, 0.000347070221324, 0.000230852572713, 0.000121245124319, 7.66390003264e-05, 4.98378540215e-05, 2.72620945907e-05, 4.03450358135e-05, 5.26242765773e-05, 5.63502180739e-05, 2.54494170804e-05, 4.79823256683e-07],
        "median": [1.96977771338e-06, 0.000484133721329, 0.000543044530787, 0.000464683689643, 0.00232660607435, 0.00138235837221, 0.000629235990345, 0.000370847614249, 0.000428191793617, 0.000164574652445, 7.73363135522e-05, 0.000102723060991, 7.296622789e-05, 5.49757714907e-05, 4.2461695557e-05, 5.35643848707e-05, 3.06248330162e-05, 3.31902956532e-05, 3.68176006305e-05, 2.10290309042e-05, 2.63761794486e-05, 1.454132871e-05, 2.09337158594e-05, 3.02207045024e-05, 2.60771703324e-05, 9.02305600903e-06, 6.09918728856e-08],
        "min": [6.07179040393e-25, 2.43095297667e-24, 1.0014423531e-24, 5.97499618478e-25, 9.14781801698e-24, 6.83097929228e-24, 2.38966734955e-24, 7.49556936138e-24, 1.06144098363e-23, 9.97572517042e-24, 1.87653979698e-23, 2.13226325891e-23, 2.13095232986e-23, 3.81780121362e-23, 4.01677023549e-23, 4.54012832792e-23, 8.45171185031e-23, 9.85336306215e-23, 1.09908847103e-22, 1.60625610845e-22, 2.47871026877e-22, 2.86570523403e-22, 3.78055240075e-22, 5.35524018904e-22, 9.20087071146e-22, 1.32020923723e-21, 1.90686699282e-21],
        "var": [2.94693741631e-10, 4.42013651991e-06, 1.05975250335e-05, 4.09483845942e-06, 2.46272393269e-05, 8.58884141053e-06, 1.45822032209e-05, 1.10897808554e-05, 4.57956521132e-05, 5.29574135726e-05, 2.16957346311e-06, 6.70779809298e-06, 7.21333572073e-06, 1.87371347238e-06, 2.65627568297e-06, 1.98500811166e-06, 1.77740935214e-06, 4.73198952022e-07, 1.28196774085e-07, 3.39993562193e-08, 7.79390685324e-09, 1.95606397746e-09, 1.35710447324e-08, 7.64092344951e-09, 8.62967119986e-09, 3.07541392353e-09, 6.28644185319e-12]
    },
    "erbbands": {
        "dmean": [0.00812436919659, 0.230185419321, 1.18941998482, 1.73183405399, 4.83320951462, 7.89010000229, 8.71547412872, 9.45562076569, 12.383058548, 14.2524843216, 16.1181201935, 26.853219986, 36.1839561462, 28.2149009705, 12.3504123688, 16.6052951813, 16.1081066132, 10.7064056396, 8.87596702576, 8.28938102722, 9.92845821381, 9.78607559204, 6.25643253326, 3.60545396805, 2.00963997841, 1.78845369816, 1.13050556183, 0.836275696754, 0.480726271868, 0.658824622631, 0.689513266087, 0.511377155781, 0.477262347937, 0.353395044804, 0.190096721053, 0.0833144262433, 0.0232006087899, 0.00285967928357, 7.95148807811e-05, 9.41434791457e-06],
        "dmean2": [0.0124998763204, 0.359430104494, 1.82103896141, 2.72595191002, 7.5688533783, 13.0645284653, 13.818526268, 15.2585954666, 18.3422317505, 20.7131633759, 22.4993171692, 36.0212593079, 49.1528396606, 38.5095481873, 17.8045597076, 23.4179573059, 22.0858058929, 15.0004720688, 12.9846858978, 12.0432958603, 14.5336875916, 14.0938453674, 9.0864982605, 5.20743703842, 2.96158432961, 2.62314939499, 1.71310675144, 1.32654976845, 0.751949906349, 1.06319355965, 1.08633732796, 0.780593276024, 0.719135940075, 0.524183154106, 0.289538145065, 0.122408382595, 0.033149048686, 0.00428999587893, 0.000124011465232, 1.32092181957e-05],
        "dvar": [0.000257248961134, 0.183557584882, 5.12000465393, 10.1860542297, 85.2188873291, 215.704879761, 178.929000854, 304.809875488, 1110.65454102, 1295.0300293, 1588.27734375, 6852.31835938, 12119.4111328, 12203.3505859, 2037.86853027, 3515.5690918, 2638.8815918, 1365.75085449, 897.824279785, 380.747680664, 1351.15515137, 1678.7019043, 360.180480957, 214.331954956, 22.5233039856, 21.7187519073, 6.68191623688, 13.5377464294, 1.17276299, 12.3970270157, 8.27090835571, 2.90237522125, 1.3275655508, 0.695084512234, 0.22933191061, 0.0502038858831, 0.0051446640864, 0.000145847181557, 1.30614566274e-07, 1.90561830204e-10],
        "dvar2": [0.000576852005906, 0.436606824398, 10.7958221436, 24.7947158813, 200.84928894, 596.205078125, 449.878967285, 772.954956055, 2137.04272461, 2219.15478516, 2944.60595703, 10785.6494141, 19664.2421875, 19638.7890625, 4204.98974609, 6623.20214844, 4447.67724609, 2307.19897461, 1618.63586426, 717.541992188, 2529.15698242, 2580.21630859, 715.272033691, 341.918640137, 46.0990333557, 40.8791275024, 16.6408843994, 39.8834457397, 2.92843365669, 34.9427070618, 21.7796611786, 6.78384447098, 2.79172897339, 1.45434701443, 0.513191878796, 0.108390681446, 0.0107574481517, 0.000332843716023, 3.23256756474e-07, 3.83161141704e-10],
        "max": [0.260479331017, 7.03351545334, 37.8528366089, 44.764995575, 137.590606689, 225.658721924, 178.233154297, 436.567626953, 1094.65563965, 1148.72937012, 985.579223633, 2513.19555664, 2447.02392578, 2508.65063477, 1469.13806152, 1634.77062988, 1584.46936035, 1744.56298828, 1640.42822266, 464.79284668, 1448.25085449, 1595.52307129, 619.120605469, 576.219543457, 172.008209229, 110.597984314, 90.0178527832, 187.119506836, 33.4006843567, 176.858093262, 127.602661133, 72.8835220337, 25.684305191, 14.9124279022, 8.8651599884, 5.70676183701, 1.91157495975, 0.527446210384, 0.0109942182899, 0.000370309309801],
        "mean": [0.014007685706, 0.39642226696, 2.01268482208, 3.11190986633, 8.67660903931, 13.0510082245, 18.0492591858, 19.0032291412, 25.5179958344, 28.8037014008, 34.7876777649, 60.2012710571, 83.4505615234, 61.8798141479, 26.7869167328, 37.2599258423, 42.965549469, 26.9899253845, 21.3580093384, 18.9637317657, 22.5810966492, 21.5804309845, 14.0785779953, 7.78709840775, 4.46255111694, 3.47896265984, 2.40533709526, 1.59219288826, 0.908133924007, 1.02875065804, 1.17773711681, 1.04150021076, 0.981160700321, 0.697308063507, 0.34345805645, 0.152047425508, 0.0388743802905, 0.00376492366195, 0.0001062562078, 3.21946608892e-05],
        "median": [0.00502102449536, 0.152363792062, 0.660488247871, 1.61147475243, 3.81106185913, 7.01814222336, 10.2814979553, 10.9245424271, 9.81990718842, 10.0883111954, 11.3687591553, 12.5234804153, 10.1978235245, 6.159116745, 5.78949546814, 6.02127838135, 6.14138460159, 4.90387296677, 4.0523223877, 3.42839312553, 3.02924704552, 2.18492984772, 1.98449444771, 1.80916452408, 1.81743061543, 1.00552821159, 1.20879244804, 0.782684326172, 0.494564294815, 0.499814420938, 0.636104285717, 0.588654339314, 0.54021936655, 0.333956688643, 0.14829133451, 0.0579831935465, 0.0129207447171, 0.000998847419396, 3.81978497899e-05, 2.83946956188e-05],
        "min": [5.81481931904e-23, 3.18666559955e-22, 2.00460920662e-21, 9.08524616951e-21, 9.105627609e-21, 2.8746636243e-20, 2.82707198163e-20, 9.04065434903e-20, 8.19126587573e-20, 1.44584010792e-19, 2.59868818998e-19, 4.02639598189e-19, 3.65076215049e-19, 8.47862040722e-19, 6.54902310509e-19, 1.14913378262e-18, 1.30065538306e-18, 1.98246655098e-18, 2.01319734471e-18, 2.35707142139e-18, 3.44052251388e-18, 5.15411276598e-18, 4.56786050095e-18, 6.65058092858e-18, 6.01752264859e-18, 9.05968656e-18, 8.2154246678e-18, 9.61738000079e-18, 9.48517337785e-18, 1.08302525991e-17, 1.07487231964e-17, 1.12682232268e-17, 9.53123906616e-18, 7.8274943313e-18, 6.39712079478e-18, 4.05189914925e-18, 2.41693241437e-18, 9.27679231268e-19, 2.34039820028e-19, 2.68840258363e-20],
        "var": [0.000563548703212, 0.38381010294, 12.6707220078, 18.3209457397, 182.67779541, 318.407897949, 489.070343018, 646.652099609, 2919.98925781, 3942.296875, 4413.46435547, 21852.9902344, 44473.7851562, 40960.09375, 5559.59521484, 11835.7333984, 16230.8193359, 7125.53173828, 6174.50683594, 1563.93603516, 4848.66113281, 6482.32470703, 1367.35888672, 666.150024414, 75.2230606079, 54.3610839844, 13.4842710495, 10.8716802597, 1.86764240265, 9.23037815094, 7.98899698257, 4.071164608, 2.39333724976, 1.27096486092, 0.368929505348, 0.0864122286439, 0.0082772327587, 0.000168841288541, 1.26697187852e-07, 6.05311800683e-10]
    },
    "gfcc": {
        "mean": [-52.0509414673, 90.6930999756, -101.742904663, 14.5648450851, -69.4948348999, 12.2373390198, -50.3238220215, 11.7304372787, -30.5102996826, 1.58160233498, -17.1552047729, -3.75175619125, -11.4603996277],
        "cov": [[37011.1914062, 2979.74267578, -3545.52807617, 126.725021362, -1894.28356934, 254.554367065, -1541.42675781, 368.370330811, -1022.35174561, -181.687179565, -653.574768066, -173.556640625, -257.853759766], [2979.74267578, 925.438293457, -482.270507812, -128.554107666, -97.05519104, 15.4284181595, -88.5036087036, -69.9701690674, -20.9993019104, -97.7704696655, 4.73272752762, -99.0835800171, 42.9539375305], [-3545.52807617, -482.270507812, 1703.27282715, 441.076934814, 12.1302108765, 150.100097656, 91.9190826416, -28.8051128387, -48.3293075562, 92.5762786865, -3.29466533661, -15.4967679977, -136.280471802], [126.725021362, -128.554107666, 441.076934814, 488.463104248, -0.873426139355, 84.3929824829, 8.84902381897, 45.214050293, -43.9288024902, 23.3131065369, -12.3887548447, -18.5483150482, -48.1635780334], [-1894.28356934, -97.05519104, 12.1302108765, -0.873426139355, 376.74319458, 45.704372406, 133.371047974, 7.81694984436, 89.0818023682, -1.58143210411, 22.3298625946, 24.9310703278, 31.6744804382], [254.554367065, 15.4284181595, 150.100097656, 84.3929824829, 45.704372406, 165.519165039, 27.9241275787, 18.4651184082, -26.5068492889, 10.3971271515, -14.7117815018, 2.10840654373, -17.7519702911], [-1541.42675781, -88.5036087036, 91.9190826416, 8.84902381897, 133.371047974, 27.9241275787, 195.953536987, 50.0313072205, 65.5152359009, -20.6384315491, 17.5985088348, 6.78390359879, 45.2017250061], [368.370330811, -69.9701690674, -28.8051128387, 45.214050293, 7.81694984436, 18.4651184082, 50.0313072205, 144.826263428, 33.2308959961, 11.8642454147, -29.2850532532, 12.2771196365, 5.9034576416], [-1022.35174561, -20.9993019104, -48.3293075562, -43.9288024902, 89.0818023682, -26.5068492889, 65.5152359009, 33.2308959961, 145.30418396, 42.3683052063, 39.7106742859, -4.18215656281, 17.6036930084], [-181.687179565, -97.7704696655, 92.5762786865, 23.3131065369, -1.58143210411, 10.3971271515, -20.6384315491, 11.8642454147, 42.3683052063, 116.754470825, 38.013999939, 22.6264381409, -37.4059486389], [-653.574768066, 4.73272752762, -3.29466533661, -12.3887548447, 22.3298625946, -14.7117815018, 17.5985088348, -29.2850532532, 39.7106742859, 38.013999939, 94.5718383789, 23.0151805878, 7.90796327591], [-173.556640625, -99.0835800171, -15.4967679977, -18.5483150482, 24.9310703278, 2.10840654373, 6.78390359879, 12.2771196365, -4.18215656281, 22.6264381409, 23.0151805878, 91.3829193115, 30.0717182159], [-257.853759766, 42.9539375305, -136.280471802, -48.1635780334, 31.6744804382, -17.7519702911, 45.2017250061, 5.9034576416, 17.6036930084, -37.4059486389, 7.90796327591, 30.0717182159, 111.12122345]],
        "icov": [[0.00021777494112, -0.000564652262256, 0.000444194360171, -0.00032663057209, 0.000491017359309, -0.000374978117179, 0.000677279545926, -0.000799979432486, 0.000863210472744, -0.000562214700039, 0.000893983698916, -0.000443820172222, 0.000424415280577], [-0.000564652262256, 0.00341753615066, -0.000719446165022, 0.00101970194373, -0.000889129878487, -0.000414643029217, -0.000687504769303, 0.00239528086968, -0.00266584195197, 0.00284383445978, -0.00364555092528, 0.00345921656117, -0.00202914490364], [0.000444194360171, -0.000719446165022, 0.0020408986602, -0.00144590449054, 0.00139692157973, -0.00133304880001, 0.00029330176767, -0.000443066761363, 0.0017808919074, -0.00168240163475, 0.00224516564049, -0.000820629415102, 0.00169205083512], [-0.00032663057209, 0.00101970194373, -0.00144590449054, 0.00367713929154, -0.00115763687063, -0.000165066041518, -9.9992401374e-05, -0.000763727701269, 3.87264735764e-05, 0.000907169014681, -0.00267900759354, 0.00221563526429, -0.00105643551797], [0.000491017359309, -0.000889129878487, 0.00139692157973, -0.00115763687063, 0.00558718526736, -0.00246562017128, -0.000883722968865, 0.000341114093317, -0.00115685816854, -0.000231610494666, 0.00301848049276, -0.00279085966758, 0.00169515807647], [-0.000374978117179, -0.000414643029217, -0.00133304880001, -0.000165066041518, -0.00246562017128, 0.00960052479059, -0.00317160063423, 0.00031407046481, 0.00191671948414, -0.00193909741938, 0.000158818802447, -0.000318932085065, 0.00021233849111], [0.000677279545926, -0.000687504769303, 0.00029330176767, -9.9992401374e-05, -0.000883722968865, -0.00317160063423, 0.0138544598594, -0.00684682046995, -0.000163957578479, 0.00323977367952, -0.00158451939933, 0.00117543828674, -0.00246177031659], [-0.000799979432486, 0.00239528086968, -0.000443066761363, -0.000763727701269, 0.000341114093317, 0.00031407046481, -0.00684682046995, 0.0151116997004, -0.00729658827186, 0.000311178882839, 0.00360692036338, -0.00203957222402, -0.000165451725479], [0.000863210472744, -0.00266584195197, 0.0017808919074, 3.87264735764e-05, -0.00115685816854, 0.00191671948414, -0.000163957578479, -0.00729658827186, 0.0192015934736, -0.0096945296973, -0.000564958958421, 0.00408855127171, -0.00104681123048], [-0.000562214700039, 0.00284383445978, -0.00168240163475, 0.000907169014681, -0.000231610494666, -0.00193909741938, 0.00323977367952, 0.000311178882839, -0.0096945296973, 0.0199945960194, -0.00832211133093, -0.0028688965831, 0.00398289179429], [0.000893983698916, -0.00364555092528, 0.00224516564049, -0.00267900759354, 0.00301848049276, 0.000158818802447, -0.00158451939933, 0.00360692036338, -0.000564958958421, -0.00832211133093, 0.0227363705635, -0.00814904738218, 0.00256923120469], [-0.000443820172222, 0.00345921656117, -0.000820629415102, 0.00221563526429, -0.00279085966758, -0.000318932085065, 0.00117543828674, -0.00203957222402, 0.00408855127171, -0.0028688965831, -0.00814904738218, 0.0209425520152, -0.00873935688287], [0.000424415280577, -0.00202914490364, 0.00169205083512, -0.00105643551797, 0.00169515807647, 0.00021233849111, -0.00246177031659, -0.000165451725479, -0.00104681123048, 0.00398289179429, 0.00256923120469, -0.00873935688287, 0.0166353415698]]
    },
    "melbands": {
        "dmean": [0.000145255136886, 0.000501653295942, 0.000354082498234, 0.000480577145936, 0.000304059358314, 0.000212586659472, 0.000185341268661, 0.000161340445629, 0.000137700713822, 0.000178504546057, 0.000184407545021, 0.000122013239888, 3.92682013626e-05, 4.25265934609e-05, 4.19313109887e-05, 3.18025995512e-05, 1.99553942366e-05, 1.42696717376e-05, 1.30800190163e-05, 1.38947334563e-05, 1.09075908767e-05, 9.81315224635e-06, 1.13610394692e-05, 2.82742962554e-06, 3.27335828842e-06, 1.54537599428e-06, 1.67333587342e-06, 1.15377054044e-06, 7.80374477927e-07, 7.63132163684e-07, 3.99709648491e-07, 2.60255632156e-07, 3.48354802782e-07, 3.96798299107e-07, 3.74877032527e-07, 4.49741122566e-07, 2.9556588288e-07, 3.60015320666e-07, 3.30884660116e-07, 3.05891120433e-07],
        "dmean2": [0.000224978168262, 0.000766554730944, 0.000546018127352, 0.000788318109699, 0.000484408868942, 0.000340793398209, 0.000274434598396, 0.000233830884099, 0.000190540289623, 0.000239402375882, 0.000250129261985, 0.000166718949913, 5.64716101508e-05, 6.10566421528e-05, 5.8667625126e-05, 4.38923343609e-05, 2.82937999145e-05, 2.12181585084e-05, 1.89538350241e-05, 2.02229566639e-05, 1.60516701726e-05, 1.42195995068e-05, 1.6445395886e-05, 4.18443642047e-06, 4.75447404824e-06, 2.3490761123e-06, 2.5366234695e-06, 1.69326153809e-06, 1.19825892853e-06, 1.20315189633e-06, 6.33579418263e-07, 4.07564044735e-07, 5.67242466332e-07, 6.46750777378e-07, 6.05200625614e-07, 7.16316151284e-07, 4.53769956721e-07, 5.56974725896e-07, 5.09109497671e-07, 4.6273606813e-07],
        "dvar": [7.73710127078e-08, 8.33568094549e-07, 3.39524802939e-07, 9.07137291506e-07, 2.06061997687e-07, 1.38125429316e-07, 2.51045918276e-07, 1.6871229036e-07, 1.32525386221e-07, 3.25784043298e-07, 3.27575378378e-07, 2.24907992674e-07, 1.83803940956e-08, 2.25625420569e-08, 1.56120432138e-08, 1.22254792956e-08, 5.02870678432e-09, 1.86161064342e-09, 1.72885772365e-09, 2.72003086721e-09, 1.29030564011e-09, 1.78393066985e-09, 1.83000858911e-09, 5.83663464782e-11, 2.12719689086e-10, 1.04406422743e-11, 3.14760786879e-11, 8.22570570685e-12, 2.54338173786e-12, 1.19326883444e-11, 1.89560715215e-12, 2.83779347677e-13, 1.08255754621e-12, 8.50493720589e-12, 3.46753918981e-12, 2.50879959168e-12, 8.94213956354e-13, 7.37816817191e-13, 5.75619142195e-13, 5.47892731618e-13],
        "dvar2": [1.82889408507e-07, 1.80734605237e-06, 7.92498610735e-07, 2.37302333517e-06, 5.2603900258e-07, 3.52518100044e-07, 4.69790649049e-07, 2.85135854483e-07, 2.34275347566e-07, 4.98545375649e-07, 5.29107694547e-07, 3.58583605475e-07, 3.66139509822e-08, 4.30551843067e-08, 2.99503213341e-08, 1.97516740741e-08, 8.52559711717e-09, 3.51629747541e-09, 3.0483253699e-09, 5.30501154117e-09, 2.40519493211e-09, 2.83224332875e-09, 3.47415007873e-09, 1.03501845983e-10, 3.33549521336e-10, 2.27100734052e-11, 6.93650276107e-11, 1.48227142366e-11, 5.40240638683e-12, 3.54684788484e-11, 5.39002956851e-12, 6.86807002329e-13, 2.92326709714e-12, 2.41594435429e-11, 9.42802606818e-12, 6.38620449925e-12, 1.93082745972e-12, 1.56640553393e-12, 1.23619452348e-12, 1.17465585869e-12],
        "max": [0.00449501676485, 0.0137907769531, 0.00717667257413, 0.0137525210157, 0.00596990901977, 0.00842045620084, 0.0161816161126, 0.0117718931288, 0.0109831402078, 0.0147220240906, 0.0126858139411, 0.0103349806741, 0.00344997225329, 0.00373877841048, 0.00253609358333, 0.00423361221328, 0.0033389525488, 0.00212811143138, 0.00223520677537, 0.00214425474405, 0.00130870519206, 0.00139166601002, 0.00131913437508, 0.000246230658377, 0.000566081958823, 8.91777672223e-05, 0.00019315519603, 7.09376108716e-05, 3.97412368329e-05, 0.000174254266312, 6.48830464343e-05, 1.2289235201e-05, 3.9948241465e-05, 0.000160216848599, 9.36756841838e-05, 5.60526132176e-05, 3.70131710952e-05, 1.86225388461e-05, 1.83592674148e-05, 1.34787096613e-05],
        "mean": [0.000245245842962, 0.00088168081129, 0.000688243249897, 0.000822081172373, 0.000625081942417, 0.000445672514616, 0.000376252137357, 0.000325935630826, 0.00029353343416, 0.000393961701775, 0.00041798633174, 0.000263811059995, 8.14170780359e-05, 9.10029557417e-05, 9.53032576945e-05, 8.27598560136e-05, 4.71407656732e-05, 3.2123967685e-05, 2.93430312013e-05, 3.05697431031e-05, 2.35724019149e-05, 2.0163201043e-05, 2.38271604758e-05, 5.81955737289e-06, 6.65874267725e-06, 3.24092115989e-06, 2.98865097648e-06, 2.13121552406e-06, 1.56086707648e-06, 1.37057099892e-06, 7.17492810054e-07, 4.75859991411e-07, 5.53231984668e-07, 5.70925976717e-07, 6.16517922936e-07, 7.55071482672e-07, 5.9620549564e-07, 7.03971920757e-07, 6.51118853057e-07, 5.68934410694e-07],
        "median": [9.08424481167e-05, 0.000342314539012, 0.000393465015804, 0.000414531794377, 0.00038753656554, 0.000263047259068, 0.000146504957229, 0.000100137491245, 8.21124413051e-05, 6.29028072581e-05, 3.79617340514e-05, 1.64823959494e-05, 1.29926756927e-05, 1.18191619549e-05, 1.12596817416e-05, 7.56222607379e-06, 5.7597826526e-06, 5.02161765326e-06, 3.70892689716e-06, 3.42618022842e-06, 2.89902231998e-06, 1.77906770205e-06, 1.757864311e-06, 1.30231228468e-06, 1.32789648433e-06, 1.44723651374e-06, 7.61068918109e-07, 5.96836912337e-07, 7.97837287791e-07, 5.86299506722e-07, 3.53394398189e-07, 2.4331669124e-07, 2.85495048047e-07, 2.53561182717e-07, 3.21361625311e-07, 4.00406378276e-07, 3.37895727398e-07, 3.78420111247e-07, 3.39446756925e-07, 2.56480404914e-07],
        "min": [8.30939534766e-25, 5.55871477813e-25, 1.48559784507e-24, 1.38813723567e-24, 1.55989483588e-24, 1.65229677612e-24, 1.13615642571e-24, 1.64819864371e-24, 1.86188666623e-24, 2.08447422304e-24, 1.80127789123e-24, 2.81583308473e-24, 2.62855671697e-24, 2.56698888433e-24, 1.8059053493e-24, 1.65096202347e-24, 3.23096640294e-24, 2.72833125262e-24, 2.49959432783e-24, 3.22304387287e-24, 2.92360509223e-24, 4.39727634649e-24, 4.41408026706e-24, 4.27272033715e-24, 4.18547429319e-24, 4.89283048411e-24, 4.89724218872e-24, 5.56093611184e-24, 4.62497197488e-24, 4.50648072818e-24, 5.13143369224e-24, 5.19128378026e-24, 5.08180605826e-24, 4.97522740009e-24, 5.44379302842e-24, 6.31200505767e-24, 6.19499963049e-24, 6.26617854996e-24, 5.30913920507e-24, 6.04223079973e-24],
        "var": [1.58527470262e-07, 2.0520740236e-06, 7.24249275663e-07, 1.46052161654e-06, 5.118693025e-07, 3.16785701671e-07, 6.48719890251e-07, 5.10574182044e-07, 3.7458445945e-07, 1.06759080154e-06, 1.19189178349e-06, 7.65043125739e-07, 4.87247504566e-08, 7.15154868658e-08, 5.57932899881e-08, 7.53043778445e-08, 2.69945452658e-08, 1.14340039659e-08, 1.21461924962e-08, 9.09154085349e-09, 4.65332972155e-09, 6.83437750837e-09, 6.45367093099e-09, 2.19473147989e-10, 6.54669374267e-10, 3.07067773986e-11, 6.91765464356e-11, 2.0940025755e-11, 6.36065419085e-12, 1.08314216971e-11, 1.76773233638e-12, 5.57404762538e-13, 1.00723878023e-12, 6.03013992906e-12, 3.09113108374e-12, 2.62266207016e-12, 1.40440859896e-12, 1.30688580617e-12, 1.0376765636e-12, 9.5085517151e-13]
    },
    "mfcc": {
        "mean": [-685.270874023, 124.10949707, 17.1657428741, 6.39986610413, 3.40879678726, -7.89660787582, -2.86865353584, -4.6584482193, -4.91848993301, -0.630742788315, -4.90305376053, -0.39988899231, -5.07683467865],
        "cov": [[11121.3349609, 2119.99707031, -561.824279785, -78.5026779175, 20.2483386993, -270.885131836, -91.8150558472, -25.4499206543, -4.79049968719, -104.85333252, -235.41569519, -155.579223633, -183.778579712], [2119.99707031, 1144.29003906, -180.291046143, -180.469970703, -17.1163806915, -36.2440109253, -47.9655265808, -38.32447052, -32.7332115173, -13.3718128204, -55.6373558044, -32.1041488647, -44.3052825928], [-561.824279785, -180.291046143, 1265.19396973, 252.615432739, 96.9269866943, 135.471740723, 116.360160828, -24.355430603, -79.9364852905, 59.1402320862, 83.1575622559, -30.969209671, -50.4351387024], [-78.5026779175, -180.469970703, 252.615432739, 303.66973877, 88.7266921997, 45.3470993042, 61.7643890381, 34.8313674927, 26.3661689758, 24.7094287872, 27.3383750916, 23.1518764496, 10.4965515137], [20.2483386993, -17.1163806915, 96.9269866943, 88.7266921997, 165.637130737, 83.8681411743, 40.9641952515, 22.5044822693, 22.964427948, 13.2867660522, 18.7979679108, 18.4013385773, 7.5543551445], [-270.885131836, -36.2440109253, 135.471740723, 45.3470993042, 83.8681411743, 148.854293823, 62.3250923157, 16.8930568695, 0.206210017204, 8.22130870819, 22.5570926666, -0.977809906006, 2.11656999588], [-91.8150558472, -47.9655265808, 116.360160828, 61.7643890381, 40.9641952515, 62.3250923157, 119.890182495, 60.5587425232, 23.2647323608, 9.62556743622, -1.67431890965, -6.01109600067, -7.48238897324], [-25.4499206543, -38.32447052, -24.355430603, 34.8313674927, 22.5044822693, 16.8930568695, 60.5587425232, 110.199020386, 69.1612167358, 10.8179550171, -9.35852718353, -0.441947728395, -1.40582692623], [-4.79049968719, -32.7332115173, -79.9364852905, 26.3661689758, 22.964427948, 0.206210017204, 23.2647323608, 69.1612167358, 124.922966003, 39.3735389709, -12.634021759, 5.74421215057, 8.43237781525], [-104.85333252, -13.3718128204, 59.1402320862, 24.7094287872, 13.2867660522, 8.22130870819, 9.62556743622, 10.8179550171, 39.3735389709, 92.4864349365, 47.7655677795, -1.33216774464, -10.8429918289], [-235.41569519, -55.6373558044, 83.1575622559, 27.3383750916, 18.7979679108, 22.5570926666, -1.67431890965, -9.35852718353, -12.634021759, 47.7655677795, 111.66973877, 45.4398651123, 3.30633091927], [-155.579223633, -32.1041488647, -30.969209671, 23.1518764496, 18.4013385773, -0.977809906006, -6.01109600067, -0.441947728395, 5.74421215057, -1.33216774464, 45.4398651123, 105.983230591, 61.223613739], [-183.778579712, -44.3052825928, -50.4351387024, 10.4965515137, 7.5543551445, 2.11656999588, -7.48238897324, -1.40582692623, 8.43237781525, -10.8429918289, 3.30633091927, 61.223613739, 100.528182983]],
