{
"lowlevel": {
    "average_loudness": 0.458079040051,
    "barkbands_crest": {
        "dmean": 2.20690822601,
        "dmean2": 3.40250396729,
        "dvar": 5.18413114548,
        "dvar2": 12.5168418884,
        "max": 26.6326274872,
        "mean": 14.4481430054,
        "median": 13.6959543228,
        "min": 3.3833861351,
        "var": 26.3553009033
    },
    "barkbands_flatness_db": {
        "dmean": 0.0190325789154,
        "dmean2": 0.0270699243993,
        "dvar": 0.000460312876385,
        "dvar2": 0.000887458911166,
        "max": 0.5246129632,
        "mean": 0.221559360623,
        "median": 0.2205966115,
        "min": 0.0423703417182,
        "var": 0.0031754525844
    },
    "barkbands_kurtosis": {
        "dmean": 7.44592571259,
        "dmean2": 11.3742361069,
        "dvar": 383.087280273,
        "dvar2": 919.175964355,
        "max": 686.458374023,
        "mean": 18.1359119415,
        "median": 9.19225215912,
        "min": -1.96409869194,
        "var": 856.178039551
    },
    "barkbands_skewness": {
        "dmean": 0.665476739407,
        "dmean2": 0.974406242371,
        "dvar": 0.868256092072,
        "dvar2": 1.80414676666,
        "max": 18.3951511383,
        "mean": 2.39151024818,
        "median": 2.03524971008,
        "min": -5.5619969368,
        "var": 4.73552322388
    },
    "barkbands_spread": {
        "dmean": 3.14806318283,
        "dmean2": 4.66948318481,
        "dvar": 64.9398498535,
        "dvar2": 131.306472778,
        "max": 124.054290771,
        "mean": 10.3534975052,
        "median": 6.2920331955,
        "min": 0.203381180763,
        "var": 199.351501465
    },
    "dissonance": {
        "dmean": 0.0343707129359,
        "dmean2": 0.0564377009869,
        "dvar": 0.00109956914093,
        "dvar2": 0.00288393511437,
        "max": 0.499999970198,
        "mean": 0.392655551434,
        "median": 0.398311138153,
        "min": 0.106334730983,
        "var": 0.00385082350112
    },
    "dynamic_complexity": 5.21037817001,
    "erbbands_crest": {
        "dmean": 2.66935682297,
        "dmean2": 4.12838792801,
        "dvar": 7.23141717911,
        "dvar2": 17.2539710999,
        "max": 32.060295105,
        "mean": 15.122833252,
        "median": 14.289689064,
        "min": 2.40389871597,
        "var": 36.6169929504
    },
    "erbbands_flatness_db": {
        "dmean": 0.016274265945,
        "dmean2": 0.0229031015188,
        "dvar": 0.000381238816772,
        "dvar2": 0.000695434981026,
        "max": 0.417062014341,
        "mean": 0.209230899811,
        "median": 0.212787747383,
        "min": 0.0293294265866,
        "var": 0.00330009055324
    },
    "erbbands_kurtosis": {
        "dmean": 3.1717774868,
        "dmean2": 4.73927402496,
        "dvar": 53.8723526001,
        "dvar2": 117.739990234,
        "max": 262.904907227,
        "mean": 7.70181179047,
        "median": 4.93285989761,
        "min": -1.92351961136,
        "var": 140.348846436
    },
    "erbbands_skewness": {
        "dmean": 0.474246621132,
        "dmean2": 0.672931432724,
        "dvar": 0.454614907503,
        "dvar2": 0.829374670982,
        "max": 12.8096389771,
        "mean": 1.59441304207,
        "median": 1.55211138725,
        "min": -6.58843755722,
        "var": 2.52964019775
    },
    "erbbands_spread": {
        "dmean": 6.37328195572,
        "dmean2": 9.47095870972,
        "dvar": 143.669189453,
        "dvar2": 326.642303467,
        "max": 172.902435303,
        "mean": 24.6709804535,
        "median": 17.6900062561,
        "min": 0.775044858456,
        "var": 473.905181885
    },
    "hfc": {
        "dmean": 3.06884145737,
        "dmean2": 3.60433220863,
        "dvar": 84.2978439331,
        "dvar2": 104.290061951,
        "max": 385.416564941,
        "mean": 11.7662992477,
        "median": 4.53273248672,
        "min": 1.06528488275e-16,
        "var": 580.116760254
    },
    "melbands_crest": {
        "dmean": 2.80101919174,
        "dmean2": 4.31004142761,
        "dvar": 8.12183189392,
        "dvar2": 19.9805431366,
        "max": 37.9733047485,
        "mean": 17.3497619629,
        "median": 16.5899581909,
        "min": 1.63945627213,
        "var": 36.1930656433
    },
    "melbands_flatness_db": {
        "dmean": 0.0209116451442,
        "dmean2": 0.0287800431252,
        "dvar": 0.000682852522004,
        "dvar2": 0.00121082237456,
        "max": 0.655864953995,
        "mean": 0.302204191685,
        "median": 0.302506178617,
        "min": 0.00341302296147,
        "var": 0.00563267618418
    },
    "melbands_kurtosis": {
        "dmean": 11.0596199036,
        "dmean2": 17.0697021484,
        "dvar": 814.822509766,
        "dvar2": 1871.4276123,
        "max": 1224.96630859,
        "mean": 27.5129547119,
        "median": 11.8579730988,
        "min": -1.93608546257,
        "var": 2281.9621582
    },
    "melbands_skewness": {
        "dmean": 0.724526643753,
        "dmean2": 1.0750991106,
        "dvar": 1.07629704475,
        "dvar2": 2.30063009262,
        "max": 24.0219287872,
        "mean": 2.7063908577,
        "median": 2.1253387928,
        "min": -2.56419062614,
        "var": 6.28069734573
    },
    "melbands_spread": {
        "dmean": 4.01232051849,
        "dmean2": 5.87020730972,
        "dvar": 198.797576904,
        "dvar2": 369.807983398,
        "max": 259.740692139,
        "mean": 13.7508239746,
        "median": 7.05291700363,
        "min": 0.150206059217,
        "var": 807.573791504
    },
    "pitch_salience": {
        "dmean": 0.0553841553628,
        "dmean2": 0.0839481204748,
        "dvar": 0.003547324799,
        "dvar2": 0.00781289860606,
        "max": 0.972417712212,
        "mean": 0.489598363638,
        "median": 0.495223879814,
        "min": 0.050594303757,
        "var": 0.021785594523
    },
    "silence_rate_20dB": {
        "dmean": 0,
        "dmean2": 0,
        "dvar": 0,
        "dvar2": 0,
        "max": 1,
        "mean": 1,
        "median": 1,
        "min": 1,
        "var": 0
    },
    "silence_rate_30dB": {
        "dmean": 0.00713803432882,
        "dmean2": 0.0142774451524,
        "dvar": 0.00708721065894,
        "dvar2": 0.0152302673087,
        "max": 1,
        "mean": 0.98408561945,
        "median": 1,
        "min": 0,
        "var": 0.0156621821225
    },
    "silence_rate_60dB": {
        "dmean": 0.0405131652951,
        "dmean2": 0.0810341536999,
        "dvar": 0.038875900209,
        "dvar2": 0.0845087617636,
        "max": 1,
        "mean": 0.181809410453,
        "median": 0,
        "min": 0,
        "var": 0.148767605424
    },
    "spectral_centroid": {
        "dmean": 136.824783325,
        "dmean2": 190.653671265,
        "dvar": 137315.84375,
        "dvar2": 222841.1875,
        "max": 11665.8769531,
        "mean": 854.420593262,
        "median": 551.53729248,
        "min": 145.249801636,
        "var": 1501308.5
    },
    "spectral_complexity": {
        "dmean": 1.17970478535,
        "dmean2": 1.84892916679,
        "dvar": 2.90007042885,
        "dvar2": 5.08751726151,
        "max": 51,
        "mean": 6.6617474556,
        "median": 6,
        "min": 0,
        "var": 18.275932312
    },
    "spectral_decrease": {
        "dmean": 1.06639397313e-09,
        "dmean2": 1.38106170944e-09,
        "dvar": 5.14331516386e-18,
        "dvar2": 7.75058142359e-18,
        "max": 1.70242488547e-17,
        "mean": -4.61355531556e-09,
        "median": -2.63482613505e-09,
        "min": -8.73676597735e-08,
        "var": 3.78123349327e-17
    },
    "spectral_energy": {
        "dmean": 0.00426415912807,
        "dmean2": 0.00548933260143,
        "dvar": 8.46240436658e-05,
        "dvar2": 0.000125106729683,
        "max": 0.363120913506,
        "mean": 0.0184799078852,
        "median": 0.0105452146381,
        "min": 9.64331600979e-21,
        "var": 0.000625971879344
    },
    "spectral_energyband_high": {
        "dmean": 0.000143352735904,
        "dmean2": 0.000177262540092,
        "dvar": 4.30339440527e-07,
        "dvar2": 5.5121074638e-07,
        "max": 0.0304825920612,
        "mean": 0.00033122629975,
        "median": 3.02050921164e-05,
        "min": 7.11307229798e-21,
        "var": 1.67110670191e-06
    },
    "spectral_energyband_low": {
        "dmean": 0.0013408268569,
        "dmean2": 0.00191798445303,
        "dvar": 1.67480939126e-05,
        "dvar2": 3.25441360474e-05,
        "max": 0.160092234612,
        "mean": 0.0036864192225,
        "median": 0.000619245052803,
        "min": 1.06752105017e-23,
        "var": 9.80178519967e-05
    },
    "spectral_energyband_middle_high": {
        "dmean": 0.00122670957353,
        "dmean2": 0.00134871120099,
        "dvar": 3.93644913856e-05,
        "dvar2": 5.12372753292e-05,
        "max": 0.335039705038,
        "mean": 0.00413636351004,
        "median": 0.000271770957625,
        "min": 1.18017105323e-21,
        "var": 0.000267290830379
    },
    "spectral_energyband_middle_low": {
        "dmean": 0.00270317541435,
        "dmean2": 0.00368825835176,
        "dvar": 3.419024506e-05,
        "dvar2": 5.97239632043e-05,
        "max": 0.17925645411,
        "mean": 0.0107525745407,
        "median": 0.0067630065605,
        "min": 1.3181608242e-22,
        "var": 0.000180484625162
    },
    "spectral_entropy": {
        "dmean": 0.191934645176,
        "dmean2": 0.268929898739,
        "dvar": 0.0522984154522,
        "dvar2": 0.0859962776303,
        "max": 9.82304191589,
        "mean": 6.670814991,
        "median": 6.55620288849,
        "min": 4.09576559067,
        "var": 0.502301871777
    },
    "spectral_flux": {
        "dmean": 0.0186027865857,
        "dmean2": 0.0287391506135,
        "dvar": 0.000614199438132,
        "dvar2": 0.00135210342705,
        "max": 0.639473438263,
        "mean": 0.0472926422954,
        "median": 0.0358538366854,
        "min": 6.27048968305e-11,
        "var": 0.00213816203177
    },
    "spectral_kurtosis": {
        "dmean": 1.98181390762,
        "dmean2": 3.14911270142,
        "dvar": 4.61467409134,
        "dvar2": 11.051779747,
        "max": 65.5062332153,
        "mean": 7.82633447647,
        "median": 6.7552318573,
        "min": -1.26362478733,
        "var": 31.506067276
    },
    "spectral_rms": {
        "dmean": 0.000454160152003,
        "dmean2": 0.000592816155404,
        "dvar": 4.79430127598e-07,
        "dvar2": 7.21871288079e-07,
        "max": 0.0188219100237,
        "mean": 0.00360465259291,
        "median": 0.0032074933406,
        "min": 3.06726475816e-12,
        "var": 5.03562887388e-06
    },
    "spectral_rolloff": {
        "dmean": 213.652557373,
        "dmean2": 356.476257324,
        "dvar": 725297.4375,
        "dvar2": 1437098.25,
        "max": 19638.28125,
        "mean": 997.943481445,
        "median": 495.263671875,
        "min": 43.06640625,
        "var": 4633537
    },
    "spectral_skewness": {
        "dmean": 0.252761036158,
        "dmean2": 0.377315789461,
        "dvar": 0.0690833106637,
        "dvar2": 0.134429782629,
        "max": 6.81743526459,
        "mean": 2.24568796158,
        "median": 2.23792028427,
        "min": -0.28695076704,
        "var": 0.756034493446
    },
    "spectral_spread": {
        "dmean": 527862,
        "dmean2": 780929.9375,
        "dvar": 657820024832,
        "dvar2": 1.23234536653e+12,
        "max": 43751624,
        "mean": 5120686.5,
        "median": 4509432,
        "min": 1368104.5,
        "var": 1.36077922796e+13
    },
    "spectral_strongpeak": {
        "dmean": 0.350499898195,
        "dmean2": 0.542076528072,
        "dvar": 0.453278124332,
        "dvar2": 0.884664535522,
        "max": 17.1327667236,
        "mean": 1.28009808064,
        "median": 0.726298093796,
        "min": 0,
        "var": 2.73593974113
    },
    "zerocrossingrate": {
        "dmean": 0.00722201261669,
        "dmean2": 0.00818942673504,
        "dvar": 0.000238154316321,
        "dvar2": 0.000250105804298,
        "max": 0.53662109375,
        "mean": 0.0411534234881,
        "median": 0.02880859375,
        "min": 0.00244140625,
        "var": 0.0034478479065
    },
    "barkbands": {
        "dmean": [4.41428237536e-05, 0.00106279947795, 0.000347922905348, 0.000216950953472, 0.000936655094847, 0.000895333767403, 0.000420882366598, 0.000353316369001, 0.000875997182447, 0.000734956527594, 0.000445863988716, 0.000325042550685, 0.000133677880513, 0.000105483544758, 7.15024652891e-05, 4.03533922508e-05, 4.0007642383e-05, 7.22058248357e-05, 2.66094775725e-05, 4.88436962769e-05, 3.96058494516e-05, 3.55713636964e-05, 3.1617400964e-05, 1.67836224136e-05, 9.98633367999e-06, 5.35480694452e-06, 2.88470801024e-07],
        "dmean2": [6.9751375122e-05, 0.00150961754844, 0.000544423761312, 0.000337518082233, 0.00133305613417, 0.00131169392262, 0.000637414283119, 0.000485393306008, 0.00113445322495, 0.000912541581783, 0.000554302532692, 0.00040016049752, 0.000168349273736, 0.000139889496495, 9.5157593023e-05, 5.74060504732e-05, 5.43863461644e-05, 9.79748438112e-05, 3.87695872632e-05, 6.43970779493e-05, 5.34251048521e-05, 4.68100952276e-05, 4.24137833761e-05, 2.31568665185e-05, 1.4130809177e-05, 7.54050233809e-06, 4.44680836154e-07],
        "dvar": [9.91572406406e-08, 1.31639635583e-05, 1.22728215501e-06, 4.48028089295e-07, 4.87350598632e-06, 4.08202686231e-06, 2.31820695262e-06, 2.04708226192e-06, 1.63186050486e-05, 2.107351429e-05, 1.4123683286e-05, 8.31359011499e-06, 1.16553781027e-06, 7.81499920777e-07, 2.2184167392e-07, 5.43727374236e-08, 4.12897698254e-08, 1.32555356913e-07, 2.89371886453e-08, 1.0528115979e-07, 4.8473815184e-08, 6.91336410341e-08, 4.00366175768e-08, 7.82113751541e-09, 2.39584618811e-09, 5.27840160469e-10, 1.36326486124e-12],
        "dvar2": [2.16792756191e-07, 2.45461233135e-05, 2.79285814031e-06, 1.1034437648e-06, 9.25201857171e-06, 8.29546843306e-06, 4.76007880934e-06, 3.63300682693e-06, 2.96472699119e-05, 4.00287244702e-05, 2.84647085209e-05, 1.4892465515e-05, 1.84718862783e-06, 1.47268076489e-06, 4.20118340116e-07, 1.07353265832e-07, 8.17659824293e-08, 2.33851224607e-07, 6.11286310459e-08, 1.68026829783e-07, 7.914949407e-08, 1.14477749946e-07, 6.45977280556e-08, 1.27970114505e-08, 4.33933822208e-09, 8.832591325e-10, 3.11980671332e-12],
        "max": [0.0233736690134, 0.156403526664, 0.0241156928241, 0.0193471182138, 0.0668795481324, 0.0484758093953, 0.0466781593859, 0.0564123429358, 0.136727049947, 0.180069416761, 0.193464040756, 0.183669999242, 0.0743199661374, 0.0779099464417, 0.0274485182017, 0.0128556862473, 0.00818716082722, 0.0161165632308, 0.00928250234574, 0.0262156948447, 0.0111118135974, 0.0134299844503, 0.00867410097271, 0.00399750750512, 0.00198775483295, 0.000858513463754, 5.45211078133e-05],
        "mean": [5.32298799953e-05, 0.00289860274643, 0.000615951023065, 0.000388454180211, 0.00267855613492, 0.00295106484555, 0.000871292781085, 0.000798155611847, 0.00245921127498, 0.00182269548532, 0.000966310675722, 0.00069262861507, 0.00029666145565, 0.000177372858161, 0.000125730308355, 6.39488935121e-05, 7.43583077565e-05, 0.000132816436235, 4.14175992773e-05, 0.000102860911284, 7.6994750998e-05, 6.29638889222e-05, 6.45831532893e-05, 3.49773799826e-05, 1.91229046322e-05, 9.50691810431e-06, 4.13075213146e-07],
        "median": [1.40234587889e-05, 0.000364664010704, 8.20898712846e-05, 6.14341988694e-05, 0.000617214944214, 0.0010797517607, 0.000138587580295, 7.01660028426e-05, 7.43410637369e-05, 2.72254546871e-05, 1.22108822325e-05, 6.65919833409e-06, 4.93971447213e-06, 5.65064510738e-06, 7.09257346898e-06, 3.91456796933e-06, 5.27477141077e-06, 1.05720955617e-05, 3.2967475363e-06, 4.26591395808e-06, 5.1786619224e-06, 1.56015289576e-06, 4.03963758799e-06, 4.33154036728e-06, 2.74779085885e-06, 1.61478465088e-06, 1.28843026914e-07],
        "min": [3.93721315961e-25, 2.75939975051e-24, 1.26107866372e-24, 2.28731156241e-25, 6.67978068915e-24, 9.52082931829e-24, 4.25140886537e-24, 8.08343639656e-24, 6.3131607389e-24, 1.5308270273e-23, 2.0522348978e-23, 1.39334277101e-23, 2.45367153965e-23, 3.68229100287e-23, 4.25230864012e-23, 4.26797289334e-23, 6.89725449459e-23, 1.01665673472e-22, 1.26910655011e-22, 1.28476424001e-22, 2.33918437736e-22, 3.41664493293e-22, 4.34321570866e-22, 6.07504231735e-22, 9.01772977344e-22, 1.31561198307e-21, 1.92159852215e-21],
        "var": [1.17312218606e-07, 8.49519346957e-05, 3.10371478918e-06, 1.11284975901e-06, 2.54265487456e-05, 2.23672341235e-05, 6.06575804341e-06, 6.18086323811e-06, 6.67006897856e-05, 7.07206127117e-05, 3.5581037082e-05, 2.73198529612e-05, 4.58292106487e-06, 1.5983251842e-06, 5.59977650028e-07, 1.19971033996e-07, 9.97185694018e-08, 3.57698212383e-07, 6.74409079693e-08, 4.28041744271e-07, 1.27485563439e-07, 1.88851586813e-07, 1.37340578021e-07, 2.82938827922e-08, 6.63742483198e-09, 1.50859558179e-09, 2.11486470697e-12]
    },
    "erbbands": {
        "dmean": [0.024547483772, 0.262863278389, 0.469041734934, 0.439276218414, 1.4603894949, 3.69758033752, 6.99400615692, 8.62159729004, 6.6403222084, 6.12145137787, 8.23245429993, 19.6804847717, 23.910358429, 18.9580631256, 15.6898059845, 9.99004745483, 5.72412061691, 4.82227420807, 3.72358989716, 3.25476384163, 1.85573852062, 2.07022571564, 3.63726592064, 2.22374677658, 1.10297369957, 2.2732257843, 1.90687417984, 1.39343965054, 1.27573740482, 1.13502299786, 0.89476776123, 0.396767258644, 0.277197986841, 0.143206626177, 0.0576919056475, 0.0305390991271, 0.00828166957945, 0.00120060704648, 2.85946061922e-05, 5.60004582439e-06],
        "dmean2": [0.0321350321174, 0.381794720888, 0.742751717567, 0.676119804382, 2.10408234596, 5.14164018631, 9.68372631073, 12.2504940033, 9.97772121429, 8.68650436401, 10.882481575, 25.499917984, 29.5037651062, 23.2073974609, 19.132478714, 11.6373882294, 6.46841478348, 6.0640501976, 4.71210432053, 4.50851631165, 2.56731343269, 2.70164251328, 4.82677936554, 3.0225045681, 1.4279280901, 3.01217389107, 2.52711582184, 1.82026445866, 1.69916772842, 1.49811291695, 1.22630655766, 0.523953855038, 0.387948483229, 0.206644028425, 0.0813339650631, 0.0434337072074, 0.0114969201386, 0.00173633673694, 4.0796418034e-05, 7.15493570169e-06],
        "dvar": [0.00704076187685, 0.834221959114, 2.10562443733, 1.30788350105, 19.3065128326, 92.2982025146, 282.040466309, 476.396453857, 526.83001709, 706.121582031, 794.96673584, 8544.00390625, 17648.2226562, 22292.4394531, 21035.0136719, 4654.94140625, 1579.37768555, 1561.5213623, 688.332519531, 605.760925293, 84.8289260864, 97.0169219971, 327.457427979, 184.971481323, 48.9515266418, 218.818878174, 120.09992218, 67.4706268311, 97.8734054565, 73.5137863159, 31.3364219666, 4.88697242737, 1.91058170795, 0.578821718693, 0.068014331162, 0.0192980058491, 0.00116662075743, 2.2800253646e-05, 1.21569430078e-08, 1.39670913724e-10],
        "dvar2": [0.0115120420232, 1.64549088478, 4.97110795975, 3.50893855095, 34.4504089355, 174.459854126, 591.096435547, 955.341674805, 1067.54882812, 1289.86083984, 1492.79382324, 14538.5283203, 33939.3359375, 48143.7265625, 37554.25, 6915.51074219, 1916.32397461, 2799.65820312, 1546.65881348, 1446.00878906, 164.33644104, 166.973175049, 549.375, 309.596588135, 78.1000595093, 346.78805542, 223.794082642, 112.611587524, 189.600524902, 117.765800476, 53.3422966003, 7.3565864563, 2.94885063171, 1.13579583168, 0.119870871305, 0.0341178067029, 0.00188031955622, 4.25304970122e-05, 2.24994156639e-08, 2.01001576494e-10],
        "max": [3.70273399353, 37.609413147, 31.9553833008, 25.9678916931, 145.075195312, 328.118103027, 448.599517822, 557.007324219, 830.831726074, 1114.43920898, 1072.48217773, 3695.79736328, 6245.14501953, 9440.05566406, 8143.10400391, 4675.10888672, 2957.07226562, 3483.71582031, 1515.94445801, 1427.97558594, 406.318908691, 383.70513916, 1007.08642578, 951.29510498, 553.176635742, 1074.8527832, 624.781616211, 445.461669922, 555.677978516, 431.374267578, 237.690826416, 100.214286804, 58.2869224548, 33.5438041687, 12.1216220856, 6.27027463913, 1.2665116787, 0.166748598218, 0.00440678466111, 0.000441449315986],
        "mean": [0.0705278739333, 0.696345210075, 0.905326545238, 0.927214920521, 3.42829608917, 9.52597045898, 20.4404315948, 24.8093719482, 15.6167325974, 13.2550077438, 23.7116508484, 57.0585289001, 59.8642463684, 50.3006019592, 34.5469970703, 24.9566478729, 14.2208118439, 10.2075128555, 7.25119304657, 5.77223730087, 3.32866191864, 4.27993202209, 7.0716176033, 4.25650024414, 2.28592085838, 4.99869203568, 3.85860300064, 2.64541196823, 2.17781639099, 2.20771956444, 1.78987312317, 0.853939414024, 0.562183499336, 0.272985339165, 0.106413498521, 0.0526159368455, 0.0148620074615, 0.0020974224899, 5.80274499953e-05, 2.33518494497e-05],
        "median": [0.00824663415551, 0.0831370651722, 0.135594397783, 0.215773060918, 0.581353604794, 1.90224790573, 8.60877990723, 7.21331977844, 3.38956737518, 2.42895579338, 3.2369966507, 2.82449531555, 1.916872859, 1.11322593689, 0.712994933128, 0.382062673569, 0.311140298843, 0.337893724442, 0.36764344573, 0.369801878929, 0.265340775251, 0.342410266399, 0.589508116245, 0.420065283775, 0.154869198799, 0.207178294659, 0.278117358685, 0.142603486776, 0.0617018938065, 0.0874888598919, 0.111885972321, 0.0859846770763, 0.0713276416063, 0.0376183986664, 0.0141750238836, 0.00693548563868, 0.00287877721712, 0.000586532871239, 2.02353330678e-05, 1.35031023092e-05],
        "min": [9.79728893574e-23, 2.94852376461e-22, 1.75872350914e-21, 6.32816554227e-21, 1.05654277145e-20, 2.53432581582e-20, 6.12958928478e-20, 8.94738844249e-20, 7.12976696763e-20, 1.13937421461e-19, 2.39454079029e-19, 2.01807331593e-19, 4.743154962e-19, 4.73646668976e-19, 7.24683060189e-19, 8.76801833332e-19, 1.72903464471e-18, 1.93699415796e-18, 2.13458134331e-18, 2.94267042053e-18, 3.45211110747e-18, 4.57845006715e-18, 4.17160707314e-18, 5.51107428752e-18, 7.54132871685e-18, 5.86714865786e-18, 9.1663680436e-18, 9.6068284849e-18, 1.1498486321e-17, 1.0865531025e-17, 1.3293233331e-17, 1.16346824361e-17, 1.08310847428e-17, 8.15983482191e-18, 6.36693697423e-18, 4.07000116977e-18, 2.268556892e-18, 9.50580140117e-19, 2.52232752872e-19, 2.63586530563e-20],
        "var": [0.0540780797601, 4.84799766541, 4.97441482544, 3.43565869331, 80.6541061401, 416.871185303, 1095.70812988, 2469.69946289, 1446.24108887, 1828.9588623, 3279.7109375, 39816.40625, 56871.296875, 71551.4453125, 53409.1796875, 24101.1777344, 8340.1171875, 4209.89306641, 1649.64233398, 1205.47033691, 187.457061768, 284.072479248, 974.550170898, 565.038818359, 216.60848999, 962.233215332, 286.089813232, 177.085739136, 222.064834595, 226.469665527, 101.65587616, 19.6246109009, 6.76615905762, 1.45430219173, 0.195588201284, 0.0527429059148, 0.00339471898042, 5.04309973621e-05, 2.82609526892e-08, 9.67068092272e-10]
    },
    "gfcc": {
        "mean": [-109.028839111, 99.8601379395, -78.36378479, 15.6936273575, -70.2630386353, 1.11796462536, -39.5829734802, 12.6177616119, -22.7386665344, 4.73085737228, -12.1571025848, 6.50145053864, -4.03156423569],
        "cov": [[16498.9980469, 923.87713623, -2543.20556641, -51.0590629578, -986.167053223, 71.1246261597, -275.085968018, 233.933898926, -215.409286499, -268.04119873, -34.4649963379, -129.116363525, 251.27381897], [923.87713623, 1383.70690918, 25.5824184418, -520.89654541, 137.875991821, 34.8533744812, 82.477355957, -57.8711128235, -3.8022518158, -9.86618518829, 43.5115013123, -120.088973999, -19.0774536133], [-2543.20556641, 25.5824184418, 1491.19470215, 528.687072754, 255.686233521, 74.0974197388, -0.926551818848, -51.5297584534, 67.1403427124, 181.26385498, -82.3359222412, 48.4222068787, -201.951599121], [-51.0590629578, -520.89654541, 528.687072754, 926.47845459, 107.318519592, -79.6271591187, -73.5085601807, 72.2171478271, 34.7343025208, 34.1282615662, -71.5538482666, 79.8223648071, -32.5506782532], [-986.167053223, 137.875991821, 255.686233521, 107.318519592, 328.734375, 75.5762786865, 42.9427833557, 18.3840732574, 47.9633674622, 38.2218589783, -29.451128006, -19.3455791473, -32.8114547729], [71.1246261597, 34.8533744812, 74.0974197388, -79.6271591187, 75.5762786865, 406.856964111, 230.694580078, -40.1799507141, -7.42848920822, 60.9413948059, -7.68801164627, -40.077293396, -62.8162384033], [-275.085968018, 82.477355957, -0.926551818848, -73.5085601807, 42.9427833557, 230.694580078, 342.777862549, -10.5294685364, -47.3327941895, 37.5372886658, 49.2477531433, -24.1275367737, -40.5292434692], [233.933898926, -57.8711128235, -51.5297584534, 72.2171478271, 18.3840732574, -40.1799507141, -10.5294685364, 186.903121948, 99.9288864136, -15.8369979858, -3.51724600792, 37.9479179382, 40.3042907715], [-215.409286499, -3.8022518158, 67.1403427124, 34.7343025208, 47.9633674622, -7.42848920822, -47.3327941895, 99.9288864136, 212.380142212, 44.1296234131, -12.2038345337, 34.5453681946, 47.5854682922], [-268.04119873, -9.86618518829, 181.26385498, 34.1282615662, 38.2218589783, 60.9413948059, 37.5372886658, -15.8369979858, 44.1296234131, 157.204345703, 13.9332027435, 6.92282533646, -35.1048774719], [-34.4649963379, 43.5115013123, -82.3359222412, -71.5538482666, -29.451128006, -7.68801164627, 49.2477531433, -3.51724600792, -12.2038345337, 13.9332027435, 166.219268799, 50.4992523193, 21.7377662659], [-129.116363525, -120.088973999, 48.4222068787, 79.8223648071, -19.3455791473, -40.077293396, -24.1275367737, 37.9479179382, 34.5453681946, 6.92282533646, 50.4992523193, 160.269287109, 59.7931404114], [251.27381897, -19.0774536133, -201.951599121, -32.5506782532, -32.8114547729, -62.8162384033, -40.5292434692, 40.3042907715, 47.5854682922, -35.1048774719, 21.7377662659, 59.7931404114, 182.933990479]],
        "icov": [[0.00028946227394, -0.000691157125402, 0.000729912135284, -0.00083782733418, 0.00101428036578, -0.000863044115249, 0.000747029029299, -0.000585695495829, 0.000466184399556, -0.000465016957605, 0.00024464330636, -0.000154039938934, 0.000177928828634], [-0.000691157125402, 0.00283349305391, -0.00209254911169, 0.00282548787072, -0.0030087006744, 0.00240816897713, -0.00202334299684, 0.00143575901166, -0.00119364797138, 0.00143417320214, -0.000961016863585, 0.00115108129103, -0.000716136710253], [0.000729912135284, -0.00209254911169, 0.00329874409363, -0.00289985560812, 0.00208763382398, -0.00217527523637, 0.00191933568567, -0.000705505372025, 0.000663665123284, -0.00205761985853, 0.00120205804706, -0.00150844128802, 0.00189574912656], [-0.00083782733418, 0.00282548787072, -0.00289985560812, 0.00458800373599, -0.00353100034408, 0.00300147477537, -0.00222456268966, 0.000898921629414, -0.000860218249727, 0.00149616482668, -0.000372847251128, 0.000342798070051, -0.000789915095083], [0.00101428036578, -0.0030087006744, 0.00208763382398, -0.00353100034408, 0.00772895943373, -0.00370189151727, 0.00245256209746, -0.00243815546855, 0.00101779680699, -0.00165437802207, 0.00109096360393, -1.86824072443e-05, 0.000459319213405], [-0.000863044115249, 0.00240816897713, -0.00217527523637, 0.00300147477537, -0.00370189151727, 0.00737282494083, -0.00546784698963, 0.00294744106941, -0.00241441605613, 0.000845532398671, 0.000364659819752, 0.000450644962257, 0.000175852226675], [0.000747029029299, -0.00202334299684, 0.00191933568567, -0.00222456268966, 0.00245256209746, -0.00546784698963, 0.00766543997452, -0.00311398529448, 0.00314412196167, -0.00190586503595, -0.00115495815407, 6.63554674247e-05, 0.00036458906834], [-0.000585695495829, 0.00143575901166, -0.000705505372025, 0.000898921629414, -0.00243815546855, 0.00294744106941, -0.00311398529448, 0.0101282121614, -0.0057541327551, 0.00266090268269, 1.36866483444e-05, -0.00106108549517, 0.000341351900715], [0.000466184399556, -0.00119364797138, 0.000663665123284, -0.000860218249727, 0.00101779680699, -0.00241441605613, 0.00314412196167, -0.0057541327551, 0.00949483644217, -0.00367241678759, 0.000744942633901, -0.000300510437228, -0.00203225808218], [-0.000465016957605, 0.00143417320214, -0.00205761985853, 0.00149616482668, -0.00165437802207, 0.000845532398671, -0.00190586503595, 0.00266090268269, -0.00367241678759, 0.00983600318432, -0.00176733802073, 0.00032867185655, 0.000713487446774], [0.00024464330636, -0.000961016863585, 0.00120205804706, -0.000372847251128, 0.00109096360393, 0.000364659819752, -0.00115495815407, 1.36866483444e-05, 0.000744942633901, -0.00176733802073, 0.0085419351235, -0.00362575426698, 0.000523567956407], [-0.000154039938934, 0.00115108129103, -0.00150844128802, 0.000342798070051, -1.86824072443e-05, 0.000450644962257, 6.63554674247e-05, -0.00106108549517, -0.000300510437228, 0.00032867185655, -0.00362575426698, 0.0101813124493, -0.00362850213423], [0.000177928828634, -0.000716136710253, 0.00189574912656, -0.000789915095083, 0.000459319213405, 0.000175852226675, 0.00036458906834, 0.000341351900715, -0.00203225808218, 0.000713487446774, 0.000523567956407, -0.00362850213423, 0.00903732236475]]
    },
    "melbands": {
        "dmean": [0.000266995833954, 0.000278361694654, 0.000105493301817, 0.000164404540556, 0.000228068558499, 0.000181847863132, 9.58724849625e-05, 6.88329309924e-05, 7.62036434026e-05, 0.000131127992063, 0.000120665412396, 8.31732904771e-05, 5.75775011384e-05, 3.86766078009e-05, 2.06189415621e-05, 1.17446234071e-05, 9.80229651759e-06, 6.92049070494e-06, 5.38577387488e-06, 3.32038462147e-06, 2.29722809308e-06, 2.22294102059e-06, 2.75155343843e-06, 3.93959408029e-06, 1.78742141088e-06, 6.15040391949e-07, 1.20395225167e-06, 1.68802171174e-06, 1.36216033297e-06, 9.5518987564e-07, 8.26819757549e-07, 7.46169462218e-07, 7.24459823687e-07, 6.41681992875e-07, 5.9312844769e-07, 3.74416600835e-07, 2.228527336e-07, 2.15901309275e-07, 1.71646235003e-07, 1.12915166994e-07],
        "dmean2": [0.000360970647307, 0.000428682251368, 0.000155123329023, 0.000231701269513, 0.00031615307671, 0.000259298220044, 0.000144830031786, 9.62192061706e-05, 0.000101430705399, 0.000168604805367, 0.000148181730765, 0.000103568170744, 7.10042804712e-05, 4.47811762569e-05, 2.36978903558e-05, 1.41906120916e-05, 1.27191733554e-05, 9.11523147806e-06, 7.1310905696e-06, 4.84561996927e-06, 3.29585918735e-06, 3.02294233734e-06, 3.71810278921e-06, 5.26377652932e-06, 2.53411349149e-06, 8.60896420818e-07, 1.57068473072e-06, 2.27331679525e-06, 1.85238604899e-06, 1.34461697598e-06, 1.10947325993e-06, 1.03210834368e-06, 9.94799620457e-07, 8.88017325451e-07, 8.40715017603e-07, 4.99853001656e-07, 3.13294833632e-07, 3.06817412365e-07, 2.49301507438e-07, 1.69414875018e-07],
        "dvar": [8.22748177143e-07, 7.46813725527e-07, 8.01039803378e-08, 1.70400099364e-07, 2.99553960303e-07, 1.95728460994e-07, 1.06766293584e-07, 8.70687202337e-08, 6.52773977095e-08, 4.00285500746e-07, 4.65192584898e-07, 4.15693193645e-07, 2.64506724079e-07, 1.14355309222e-07, 2.21250822108e-08, 6.84054501932e-09, 7.53053619462e-09, 2.91367174832e-09, 1.21324161828e-09, 6.27474738835e-10, 1.35932376466e-10, 1.31177596563e-10, 2.20146872953e-10, 4.17025997068e-10, 1.41748252025e-10, 1.19783427968e-11, 9.58690835051e-11, 1.20000148707e-10, 7.44183187296e-11, 3.26736901424e-11, 2.66743380856e-11, 4.33972302538e-11, 3.45322936912e-11, 2.26303992906e-11, 1.48768202618e-11, 4.44653818973e-12, 1.55628786767e-12, 1.20661130826e-12, 8.09518196834e-13, 3.68423092598e-13],
        "dvar2": [1.36253038363e-06, 1.70976409208e-06, 1.78505359827e-07, 3.05803354195e-07, 6.2026492742e-07, 3.90130367123e-07, 2.15428897832e-07, 1.51238552348e-07, 1.23486458392e-07, 6.82611641878e-07, 8.88518741249e-07, 8.98894029433e-07, 5.36541108431e-07, 1.53711837925e-07, 2.97704367824e-08, 1.00737373998e-08, 1.34031621357e-08, 6.77574929497e-09, 1.93962557127e-09, 1.3993552983e-09, 2.85655443744e-10, 2.53092435898e-10, 3.94393712133e-10, 7.47980843929e-10, 2.54818471879e-10, 2.07620188403e-11, 1.59773833053e-10, 1.93751084621e-10, 1.53924470392e-10, 6.62675192498e-11, 4.52412760032e-11, 9.65549029619e-11, 6.18585876966e-11, 4.01238209324e-11, 2.81037658423e-11, 7.28402234362e-12, 2.77252006076e-12, 1.86618667568e-12, 1.70697093613e-12, 7.39398017639e-13],
        "max": [0.0415209159255, 0.0243046954274, 0.00708160735667, 0.0141608789563, 0.017062202096, 0.0112312026322, 0.0109012555331, 0.0134790167212, 0.0092309769243, 0.0245500933379, 0.0321361087263, 0.0390285886824, 0.0272162668407, 0.0256357081234, 0.00988727249205, 0.00469184340909, 0.0080287642777, 0.00269367382862, 0.00170115078799, 0.00151824567001, 0.000433733541286, 0.000502758193761, 0.000806139141787, 0.000904005253688, 0.00079753290629, 0.00021632728749, 0.000883232045453, 0.000656311109196, 0.000495154061355, 0.000283150206087, 0.000243090471486, 0.000417968578404, 0.000352714734618, 0.000241010318859, 0.000154759225552, 0.00010960187501, 6.14068339928e-05, 4.66417513962e-05, 3.46426022588e-05, 2.63811671175e-05],
        "mean": [0.00076133053517, 0.000648714136332, 0.000228550255997, 0.000430636428064, 0.000696317816619, 0.000553048274014, 0.000223493014346, 0.000148518854985, 0.000238157619606, 0.000353306037141, 0.000295892183203, 0.000208125115023, 0.000123986392282, 8.33899321151e-05, 4.55366534879e-05, 2.60060423898e-05, 1.84505879588e-05, 1.20678605526e-05, 9.84697726381e-06, 5.40088558409e-06, 3.61197112397e-06, 4.0230452214e-06, 5.61432534596e-06, 6.88044792696e-06, 3.1256568036e-06, 1.10020118882e-06, 2.4425655738e-06, 3.59616660717e-06, 2.62898993242e-06, 1.72245938757e-06, 1.4753055666e-06, 1.19251762953e-06, 1.24935820622e-06, 1.20654988223e-06, 1.10918915652e-06, 7.44191027024e-07, 4.3900169544e-07, 4.15125043673e-07, 3.14723621386e-07, 2.00959277663e-07],
        "median": [9.54442075454e-05, 8.96442652447e-05, 4.49725484941e-05, 7.25321151549e-05, 0.000320515886415, 0.000183546013432, 4.20263895649e-05, 1.66986501426e-05, 2.13580497075e-05, 1.19567812362e-05, 4.67218251288e-06, 3.55101292371e-06, 1.96381051865e-06, 9.28814415602e-07, 7.55516794015e-07, 4.55346196304e-07, 5.44863155483e-07, 4.78156380268e-07, 5.21695653788e-07, 3.31140370236e-07, 2.55506279245e-07, 2.97274141303e-07, 3.83381916436e-07, 5.20132743986e-07, 2.75594345567e-07, 9.15229563248e-08, 8.74419043839e-08, 1.31747697196e-07, 1.75833818616e-07, 1.17176156778e-07, 5.71956917383e-08, 2.72170481708e-08, 3.01120621771e-08, 5.33400097424e-08, 6.10360615383e-08, 6.12000548017e-08, 4.28625455129e-08, 4.78784585312e-08, 3.90218062307e-08, 2.5742592058e-08],
        "min": [1.14156387e-24, 6.43097504433e-25, 1.10557495082e-24, 1.06768122837e-24, 2.50795349241e-24, 2.02409244277e-24, 1.0590190426e-24, 1.4614060449e-24, 1.85327230514e-24, 1.120889502e-24, 1.97609834252e-24, 1.38500979661e-24, 2.73060060823e-24, 2.02737292085e-24, 2.49633199356e-24, 2.73590175351e-24, 3.07816108737e-24, 2.33430883831e-24, 3.39341337371e-24, 3.03278087772e-24, 3.31910346529e-24, 4.18155602107e-24, 1.96619064398e-24, 4.62478501485e-24, 4.06706942676e-24, 4.39725110294e-24, 3.19546667613e-24, 3.12083510968e-24, 5.09241860402e-24, 5.30555107124e-24, 4.91749579804e-24, 5.5439539087e-24, 4.28422469016e-24, 5.30566466721e-24, 6.78181590294e-24, 4.72149660082e-24, 6.39699969261e-24, 6.8729695694e-24, 6.18439536777e-24, 6.1193040879e-24],
        "var": [6.20876471658e-06, 2.67067412096e-06, 2.46558755634e-07, 8.29367479582e-07, 1.27792384319e-06, 1.03778711491e-06, 3.02626403936e-07, 2.39974212946e-07, 3.67098294873e-07, 1.610225695e-06, 1.53220639731e-06, 1.25701615161e-06, 6.16397414888e-07, 4.84688143843e-07, 8.18822272208e-08, 3.05265537293e-08, 1.69957061757e-08, 5.80587267152e-09, 3.56354590281e-09, 1.27480193068e-09, 2.44395698124e-10, 2.88833956752e-10, 6.79029832362e-10, 1.00529240488e-09, 4.05145778037e-10, 3.8934647173e-11, 3.74090342037e-10, 5.1867088402e-10, 1.49946277617e-10, 7.14459741369e-11, 6.7403208015e-11, 7.6254710879e-11, 8.79568987089e-11, 6.47136302878e-11, 4.15914178098e-11, 1.60330221322e-11, 5.41018879002e-12, 4.09367201595e-12, 1.93479000182e-12, 8.52372534534e-13]
    },
    "mfcc": {
        "mean": [-764.631958008, 137.362808228, 33.8464889526, 19.0729293823, -1.19660663605, -9.14369678497, -4.6835269928, -1.15472841263, -2.59197425842, 0.170138478279, -6.28283119202, 3.00660228729, -5.7223443985],
        "cov": [[8144.61425781, 51.9817466736, -1211.88537598, -349.969909668, -310.882720947, -319.252990723, 59.5469932556, 89.0403518677, 16.854719162, 69.0847396851, -324.293395996, 78.1611022949, -253.832885742], [51.9817466736, 1925.87145996, 7.61758518219, -408.21282959, -42.3825302124, 33.210811615, 100.116508484, -99.6293716431, -40.8868751526, 77.9062271118, 42.5823631287, -9.61164474487, 4.49699068069], [-1211.88537598, 7.61758518219, 1007.4329834, 414.075134277, 155.578903198, 219.226638794, -22.6084957123, 6.38936185837, 34.5468788147, -11.4113540649, 167.234375, -10.4582910538, 116.046394348], [-349.969909668, -408.21282959, 414.075134277, 742.66027832, 241.153305054, -32.9283714294, -75.8138961792, 32.9128417969, 65.6634216309, -83.7160110474, 42.7304496765, 31.2897834778, 41.5204086304], [-310.882720947, -42.3825302124, 155.578903198, 241.153305054, 361.133270264, -23.3001594543, -132.606765747, 12.3356847763, 87.9811935425, 4.3561296463, 14.7795772552, 3.47477316856, 31.1915130615], [-319.252990723, 33.210811615, 219.226638794, -32.9283714294, -23.3001594543, 417.092346191, 169.499847412, 13.7059240341, 20.538110733, 77.1556854248, 95.0744018555, -43.1562538147, 48.7796363831], [59.5469932556, 100.116508484, -22.6084957123, -75.8138961792, -132.606765747, 169.499847412, 315.483978271, 46.0778884888, -59.5507202148, 29.7643280029, 37.7797927856, -5.41219854355, 8.48359394073], [89.0403518677, -99.6293716431, 6.38936185837, 32.9128417969, 12.3356847763, 13.7059240341, 46.0778884888, 180.851699829, 45.1745376587, -8.97326087952, 18.7294368744, 18.9674091339, 8.56456375122], [16.854719162, -40.8868751526, 34.5468788147, 65.6634216309, 87.9811935425, 20.538110733, -59.5507202148, 45.1745376587, 204.432952881, 45.286567688, 1.63590919971, 6.53502035141, 15.0424547195], [69.0847396851, 77.9062271118, -11.4113540649, -83.7160110474, 4.3561296463, 77.1556854248, 29.7643280029, -8.97326087952, 45.286567688, 175.329208374, 38.6942062378, -15.3630237579, 17.9380130768], [-324.293395996, 42.5823631287, 167.234375, 42.7304496765, 14.7795772552, 95.0744018555, 37.7797927856, 18.7294368744, 1.63590919971, 38.6942062378, 169.91456604, 26.331577301, 39.0042037964], [78.1611022949, -9.61164474487, -10.4582910538, 31.2897834778, 3.47477316856, -43.1562538147, -5.41219854355, 18.9674091339, 6.53502035141, -15.3630237579, 26.331577301, 120.643447876, 24.7557125092], [-253.832885742, 4.49699068069, 116.046394348, 41.5204086304, 31.1915130615, 48.7796363831, 8.48359394073, 8.56456375122, 15.0424547195, 17.9380130768, 39.0042037964, 24.7557125092, 127.997970581]],
