{
"lowlevel": {
    "average_loudness": 0.258405655622,
    "barkbands_crest": {
        "dmean": 2.00391030312,
        "dmean2": 3.20190620422,
        "dvar": 4.14429759979,
        "dvar2": 10.2876749039,
        "max": 26.692111969,
        "mean": 12.2874927521,
        "median": 11.5866556168,
        "min": 3.37593197823,
        "var": 18.7324199677
    },
    "barkbands_flatness_db": {
        "dmean": 0.0203574821353,
        "dmean2": 0.0304311532527,
        "dvar": 0.000507750490215,
        "dvar2": 0.00104728946462,
        "max": 0.516563355923,
        "mean": 0.275144428015,
        "median": 0.275054842234,
        "min": 0.0315290242434,
        "var": 0.00327751250006
    },
    "barkbands_kurtosis": {
        "dmean": 4.41354990005,
        "dmean2": 6.70261287689,
        "dvar": 134.882202148,
        "dvar2": 284.535369873,
        "max": 717.071899414,
        "mean": 10.382027626,
        "median": 4.16700077057,
        "min": -1.87415707111,
        "var": 550.756591797
    },
    "barkbands_skewness": {
        "dmean": 0.497022390366,
        "dmean2": 0.739748835564,
        "dvar": 0.433012366295,
        "dvar2": 0.895840346813,
        "max": 24.6960430145,
        "mean": 1.54804158211,
        "median": 1.31151080132,
        "min": -5.7818031311,
        "var": 3.06995129585
    },
    "barkbands_spread": {
        "dmean": 1.47615468502,
        "dmean2": 2.25474262238,
        "dvar": 7.2011384964,
        "dvar2": 16.0982837677,
        "max": 88.8845977783,
        "mean": 6.63787031174,
        "median": 5.26287889481,
        "min": 0.236249729991,
        "var": 29.7032089233
    },
    "dissonance": {
        "dmean": 0.0396455638111,
        "dmean2": 0.0667720809579,
        "dvar": 0.00126268388703,
        "dvar2": 0.00349716469646,
        "max": 0.500000059605,
        "mean": 0.39410969615,
        "median": 0.399621158838,
        "min": 0.121733635664,
        "var": 0.00317521509714
    },
    "dynamic_complexity": 5.26861429214,
    "erbbands_crest": {
        "dmean": 2.29587507248,
        "dmean2": 3.59511566162,
        "dvar": 6.12478351593,
        "dvar2": 14.7870311737,
        "max": 34.6749343872,
        "mean": 14.0677318573,
        "median": 13.1496667862,
        "min": 2.63825893402,
        "var": 29.7219200134
    },
    "erbbands_flatness_db": {
        "dmean": 0.0181742999703,
        "dmean2": 0.0253768656403,
        "dvar": 0.000428689003456,
        "dvar2": 0.000717183516826,
        "max": 0.503413975239,
        "mean": 0.268080741167,
        "median": 0.268320947886,
        "min": 0.0288124457002,
        "var": 0.00413041422144
    },
    "erbbands_kurtosis": {
        "dmean": 1.92186009884,
        "dmean2": 2.88827681541,
        "dvar": 14.5126647949,
        "dvar2": 28.3737487793,
        "max": 197.733306885,
        "mean": 3.91990947723,
        "median": 1.85775375366,
        "min": -1.88383090496,
        "var": 52.4910316467
    },
    "erbbands_skewness": {
        "dmean": 0.379178404808,
        "dmean2": 0.562583804131,
        "dvar": 0.206079378724,
        "dvar2": 0.424139738083,
        "max": 9.90960502625,
        "mean": 0.954444944859,
        "median": 0.915244102478,
        "min": -7.90510034561,
        "var": 1.57990515232
    },
    "erbbands_spread": {
        "dmean": 3.41113448143,
        "dmean2": 5.0665845871,
        "dvar": 36.9856910706,
        "dvar2": 73.6024246216,
        "max": 161.436889648,
        "mean": 16.1372089386,
        "median": 13.0159921646,
        "min": 0.432542413473,
        "var": 174.209365845
    },
    "hfc": {
        "dmean": 2.80994844437,
        "dmean2": 3.68188524246,
        "dvar": 75.6501464844,
        "dvar2": 125.250656128,
        "max": 277.455566406,
        "mean": 10.1187152863,
        "median": 3.31054830551,
        "min": 1.04460973495e-16,
        "var": 389.943328857
    },
    "melbands_crest": {
        "dmean": 2.50493144989,
        "dmean2": 3.97522759438,
        "dvar": 7.00397825241,
        "dvar2": 16.9255046844,
        "max": 34.58411026,
        "mean": 15.662106514,
        "median": 14.6505002975,
        "min": 1.58059382439,
        "var": 31.9295864105
    },
    "melbands_flatness_db": {
        "dmean": 0.0219216942787,
        "dmean2": 0.032064575702,
        "dvar": 0.000646860746201,
        "dvar2": 0.00128165923525,
        "max": 0.654378056526,
        "mean": 0.353525549173,
        "median": 0.353852599859,
        "min": 0.00233768555336,
        "var": 0.00535534648225
    },
    "melbands_kurtosis": {
        "dmean": 6.57219362259,
        "dmean2": 9.98385906219,
        "dvar": 308.711608887,
        "dvar2": 664.325378418,
        "max": 746.092773438,
        "mean": 15.6806402206,
        "median": 5.37649345398,
        "min": -1.88287401199,
        "var": 1366.90148926
    },
    "melbands_skewness": {
        "dmean": 0.554971575737,
        "dmean2": 0.827784121037,
        "dvar": 0.573977589607,
        "dvar2": 1.18967032433,
        "max": 19.8619709015,
        "mean": 1.90166521072,
        "median": 1.56539595127,
        "min": -5.17693567276,
        "var": 3.72080349922
    },
    "melbands_spread": {
        "dmean": 2.03972363472,
        "dmean2": 3.08511710167,
        "dvar": 13.4631824493,
        "dvar2": 29.1115150452,
        "max": 160.481002808,
        "mean": 9.89661979675,
        "median": 6.70500993729,
        "min": 0.314059257507,
        "var": 148.180404663
    },
    "pitch_salience": {
        "dmean": 0.0591661483049,
        "dmean2": 0.0935402959585,
        "dvar": 0.00371547951363,
        "dvar2": 0.00882086344063,
        "max": 0.944296717644,
        "mean": 0.524218082428,
        "median": 0.53160572052,
        "min": 0.0593157336116,
        "var": 0.0194437503815
    },
    "silence_rate_20dB": {
        "dmean": 5.31011028215e-05,
        "dmean2": 0.000106205028715,
        "dvar": 5.30969628016e-05,
        "dvar2": 0.000159290953889,
        "max": 1,
        "mean": 0.999973475933,
        "median": 1,
        "min": 0,
        "var": 2.65488124569e-05
    },
    "silence_rate_30dB": {
        "dmean": 0.00775276124477,
        "dmean2": 0.0155059341341,
        "dvar": 0.0076935547404,
        "dvar2": 0.0171273946762,
        "max": 1,
        "mean": 0.988424241543,
        "median": 1,
        "min": 0,
        "var": 0.0114381993189
    },
    "silence_rate_60dB": {
        "dmean": 0.0500743426383,
        "dmean2": 0.100151345134,
        "dvar": 0.0475884154439,
        "dvar2": 0.10104700923,
        "max": 1,
        "mean": 0.228780031204,
        "median": 0,
        "min": 0,
        "var": 0.17638361454
    },
    "spectral_centroid": {
        "dmean": 68.3535766602,
        "dmean2": 98.7898635864,
        "dvar": 18122.3359375,
        "dvar2": 34105.4453125,
        "max": 11867.1220703,
        "mean": 620.671875,
        "median": 460.376647949,
        "min": 107.281929016,
        "var": 719853.4375
    },
    "spectral_complexity": {
        "dmean": 1.15940952301,
        "dmean2": 1.86230516434,
        "dvar": 1.84832000732,
        "dvar2": 3.7772424221,
        "max": 30,
        "mean": 7.40191173553,
        "median": 7,
        "min": 0,
        "var": 13.8195552826
    },
    "spectral_decrease": {
        "dmean": 1.34720501421e-09,
        "dmean2": 1.86742599162e-09,
        "dvar": 7.75760832289e-18,
        "dvar2": 1.44950547963e-17,
        "max": 4.39741310342e-22,
        "mean": -4.51621673392e-09,
        "median": -2.40056197143e-09,
        "min": -9.00392578274e-08,
        "var": 3.41840097461e-17
    },
    "spectral_energy": {
        "dmean": 0.00532564288005,
        "dmean2": 0.00735878618434,
        "dvar": 0.000122758778161,
        "dvar2": 0.000227402211749,
        "max": 0.360337466002,
        "mean": 0.0179631169885,
        "median": 0.00942382682115,
        "min": 9.69072137527e-21,
        "var": 0.000549606629647
    },
    "spectral_energyband_high": {
        "dmean": 1.5828438336e-05,
        "dmean2": 2.15680101974e-05,
        "dvar": 3.31991323321e-08,
        "dvar2": 5.96124110075e-08,
        "max": 0.0136861857027,
        "mean": 3.65121668437e-05,
        "median": 2.05317496693e-06,
        "min": 6.92233769654e-21,
        "var": 1.39248285791e-07
    },
    "spectral_energyband_low": {
        "dmean": 0.00196053669788,
        "dmean2": 0.00290613924153,
        "dvar": 3.75451490982e-05,
        "dvar2": 7.94081352069e-05,
        "max": 0.194934129715,
        "mean": 0.0044275210239,
        "median": 0.000800995389,
        "min": 8.63929618937e-24,
        "var": 0.000110478365968
    },
    "spectral_energyband_middle_high": {
        "dmean": 0.00118491775356,
        "dmean2": 0.00154878851026,
        "dvar": 2.37057083723e-05,
        "dvar2": 3.8039033825e-05,
        "max": 0.201054871082,
        "mean": 0.00427475804463,
        "median": 0.000410797685618,
        "min": 1.14795634676e-21,
        "var": 0.000131444176077
    },
    "spectral_energyband_middle_low": {
        "dmean": 0.00333963567391,
        "dmean2": 0.004678866826,
        "dvar": 6.11203940935e-05,
        "dvar2": 0.000118282216135,
        "max": 0.355954617262,
        "mean": 0.0100006954744,
        "median": 0.00519313104451,
        "min": 1.33180925382e-22,
        "var": 0.000218803048483
    },
    "spectral_entropy": {
        "dmean": 0.190384373069,
        "dmean2": 0.273079991341,
        "dvar": 0.0463138446212,
        "dvar2": 0.0894946977496,
        "max": 9.82346248627,
        "mean": 6.17315292358,
        "median": 6.10813331604,
        "min": 4.28570365906,
        "var": 0.342370927334
    },
    "spectral_flux": {
        "dmean": 0.0179623179138,
        "dmean2": 0.0287987086922,
        "dvar": 0.00083939358592,
        "dvar2": 0.00206625368446,
        "max": 0.490908175707,
        "mean": 0.0398650057614,
        "median": 0.0272519811988,
        "min": 6.33800442684e-11,
        "var": 0.00149496062659
    },
    "spectral_kurtosis": {
        "dmean": 7.93468379974,
        "dmean2": 13.3277778625,
        "dvar": 70.3934860229,
        "dvar2": 195.619567871,
        "max": 147.539245605,
        "mean": 22.4866409302,
        "median": 18.5351409912,
        "min": -1.25462651253,
        "var": 266.872070312
    },
    "spectral_rms": {
        "dmean": 0.000556550105102,
        "dmean2": 0.000758220383432,
        "dvar": 7.22634524664e-07,
        "dvar2": 1.27080477341e-06,
        "max": 0.018749633804,
        "mean": 0.00352996983565,
        "median": 0.00303215719759,
        "min": 3.07479475908e-12,
        "var": 5.06434889758e-06
    },
    "spectral_rolloff": {
        "dmean": 100.46497345,
        "dmean2": 170.795715332,
        "dvar": 90156.0390625,
        "dvar2": 199581.734375,
        "max": 19810.546875,
        "mean": 774.362487793,
        "median": 538.330078125,
        "min": 43.06640625,
        "var": 2076572.5
    },
    "spectral_skewness": {
        "dmean": 0.571411192417,
        "dmean2": 0.942603468895,
        "dvar": 0.289565056562,
        "dvar2": 0.793497860432,
        "max": 9.72189331055,
        "mean": 3.41659784317,
        "median": 3.30598521233,
        "min": -0.0915497988462,
        "var": 1.58012223244
    },
    "spectral_spread": {
        "dmean": 369636.59375,
        "dmean2": 558997.5,
        "dvar": 264718008320,
        "dvar2": 528655089664,
        "max": 42876456,
        "mean": 2739067.25,
        "median": 2155734.75,
        "min": 622421.1875,
        "var": 9.75233037107e+12
    },
    "spectral_strongpeak": {
        "dmean": 0.410642564297,
        "dmean2": 0.629637598991,
        "dvar": 0.800860822201,
        "dvar2": 1.54443764687,
        "max": 22.9645233154,
        "mean": 1.29482364655,
        "median": 0.57869887352,
        "min": 0,
        "var": 3.73788332939
    },
    "zerocrossingrate": {
        "dmean": 0.00334530486725,
        "dmean2": 0.00412697019055,
        "dvar": 3.92437068513e-05,
        "dvar2": 7.47127705836e-05,
        "max": 0.52685546875,
        "mean": 0.0281012635678,
        "median": 0.0224609375,
        "min": 0.0029296875,
        "var": 0.00148830818944
    },
    "barkbands": {
        "dmean": [3.58999250238e-06, 0.000986292026937, 0.000936186581384, 0.000747896265239, 0.000846791313961, 0.00101939402521, 0.000447656871984, 0.000712253618985, 0.000457439513411, 0.000249471428106, 0.000234045408433, 0.000390456581954, 0.000180309842108, 0.00014253151312, 0.000119294025353, 0.000125694365124, 7.3960480222e-05, 2.68343101197e-05, 7.93972776592e-06, 5.2009945648e-06, 8.20281366032e-06, 5.45251668882e-06, 1.01830130461e-06, 7.42124484532e-07, 3.63809874671e-07, 1.52338827775e-07, 7.17535586503e-10],
        "dmean2": [6.21673461865e-06, 0.00150939775631, 0.00142250303179, 0.00106749113183, 0.00133352796547, 0.00154951913282, 0.000665622181259, 0.000969422690105, 0.000568926567212, 0.000342154526152, 0.000316981837386, 0.000522574875504, 0.000243256203248, 0.000199914444238, 0.000171384395799, 0.000177253983566, 0.000101670280856, 3.70989255316e-05, 1.13962978503e-05, 7.52324240239e-06, 1.17341396617e-05, 7.81551443652e-06, 1.51249560076e-06, 1.08656888642e-06, 5.16563886777e-07, 2.22785914161e-07, 1.33072841635e-09],
        "dvar": [6.39577210637e-11, 9.78464504442e-06, 1.13920868898e-05, 7.52743017074e-06, 3.84778513762e-06, 1.02518370113e-05, 2.49119420914e-06, 1.51297963384e-05, 8.05014951766e-06, 2.08491997e-06, 2.06864183383e-06, 7.12496284905e-06, 1.71503609181e-06, 5.52965445877e-07, 1.48457070281e-06, 9.95285290628e-07, 3.83296338669e-07, 4.69863223884e-08, 2.78976464152e-09, 1.60189705944e-09, 1.31005224446e-08, 9.55955048454e-09, 2.52602643663e-11, 9.42961594225e-12, 2.78875100096e-12, 2.64167675365e-13, 7.99247633166e-18],
        "dvar2": [1.77423853387e-10, 2.34269282373e-05, 2.59869229922e-05, 1.15725924843e-05, 9.96356720862e-06, 2.40665467572e-05, 5.16947466167e-06, 3.22000378219e-05, 1.24692087411e-05, 4.38695360572e-06, 3.29085446538e-06, 1.1070803339e-05, 2.67609220828e-06, 9.60097736424e-07, 3.7867730498e-06, 1.8532454078e-06, 6.05267757692e-07, 9.69801874362e-08, 6.12836448255e-09, 3.23309801153e-09, 2.60287826848e-08, 2.10858353e-08, 4.86077671169e-11, 1.97834925525e-11, 5.57919986252e-12, 5.33947669065e-13, 2.44817767309e-17],
        "max": [0.000301667983877, 0.0893095210195, 0.109174959362, 0.155443221331, 0.0878629684448, 0.159517586231, 0.0877478048205, 0.235046476126, 0.208480969071, 0.136775866151, 0.138842880726, 0.200137808919, 0.122951127589, 0.0323085859418, 0.13736602664, 0.0678700432181, 0.0450345911086, 0.0195361897349, 0.00296055641957, 0.0030952305533, 0.00967403128743, 0.00872785784304, 0.000505076663103, 0.000154163513798, 0.000122809593449, 2.88677383651e-05, 3.24537950291e-07],
        "mean": [4.1642792894e-06, 0.00207351287827, 0.00164748262614, 0.00136255274992, 0.00197160802782, 0.00250494922511, 0.00112619099673, 0.00178214733023, 0.00103862513788, 0.000651677371934, 0.000669809116516, 0.00140971248038, 0.000511023157742, 0.000405012950068, 0.000276981125353, 0.00025970567367, 0.000157691174536, 5.6101976952e-05, 1.3890309674e-05, 1.03669635791e-05, 1.63288113981e-05, 9.22880462895e-06, 1.82874362054e-06, 1.38805864935e-06, 7.17789134796e-07, 2.8405159469e-07, 6.81664780178e-10],
        "median": [1.66219240327e-06, 0.000236455409322, 0.000275695434539, 0.000216484841076, 0.000644538202323, 0.000470788218081, 0.000188627309399, 0.000103630365629, 5.63002067793e-05, 5.9882113419e-05, 2.98633167404e-05, 2.78775005427e-05, 1.25539918372e-05, 1.36014759846e-05, 9.07387129701e-06, 5.01286513099e-06, 3.66070662494e-06, 1.99208852791e-06, 8.89834552709e-07, 6.17275475179e-07, 6.01533258759e-07, 4.33708891023e-07, 1.97274871994e-07, 1.55790260692e-07, 1.39749658956e-07, 9.84124781667e-08, 2.27327517921e-10],
        "min": [1.57670344032e-25, 1.68500531583e-24, 1.06257887604e-24, 3.08494484742e-25, 8.32199424518e-24, 5.14645833704e-24, 5.82690174932e-24, 1.81306071214e-24, 2.38164380584e-23, 5.15004094884e-24, 7.24049355426e-24, 1.5129479682e-23, 3.05850870839e-23, 3.03106486859e-23, 3.96124988944e-23, 5.69708908646e-23, 3.71244536874e-23, 8.3539019333e-23, 1.35151764981e-22, 1.61724790698e-22, 1.8841272505e-22, 2.949361598e-22, 3.77960172869e-22, 5.25261607481e-22, 7.45013113101e-22, 1.0956164733e-21, 1.9078426055e-21],
        "var": [7.46204348312e-11, 2.94408273476e-05, 2.21826721827e-05, 2.66246297542e-05, 1.29973714138e-05, 3.36076191161e-05, 8.62456181494e-06, 3.98705597036e-05, 2.41973320954e-05, 5.90373247178e-06, 9.97260758595e-06, 4.24957870564e-05, 7.91651746113e-06, 3.10388327307e-06, 2.44144007411e-06, 3.26985218635e-06, 1.4358071212e-06, 1.2572235164e-07, 5.24752286069e-09, 5.17212139783e-09, 4.32081819213e-08, 2.30963532744e-08, 6.75676598005e-11, 2.30048601696e-11, 7.14463210816e-12, 6.83140881103e-13, 4.67327557104e-18]
    },
    "erbbands": {
        "dmean": [0.0111034065485, 0.281433612108, 1.0546298027, 1.71452856064, 2.31316280365, 3.07628273964, 6.38100147247, 8.09220218658, 8.14767074585, 7.893242836, 16.856760025, 9.75996589661, 7.04813194275, 8.56297683716, 10.0867242813, 16.2135009766, 9.30295658112, 7.97611522675, 5.9997754097, 7.25266075134, 4.03864049911, 4.17848777771, 1.75037753582, 0.647135019302, 0.349434018135, 0.257461518049, 0.35389855504, 0.306574970484, 0.198351189494, 0.0487585477531, 0.0279042962939, 0.0191630795598, 0.0107811205089, 0.00505242543295, 0.00235024304129, 0.000925815373193, 0.000255583290709, 2.08193396247e-05, 2.77070148513e-06, 6.04081651545e-06],
        "dmean2": [0.0162409879267, 0.431246519089, 1.5975304842, 2.44988512993, 3.50229096413, 4.86467266083, 10.0277252197, 12.1039648056, 12.2491779327, 10.9070625305, 22.1888370514, 12.1501531601, 9.59319114685, 11.5448894501, 13.6273975372, 21.5187740326, 12.3562393188, 11.1377630234, 8.67393493652, 10.2848110199, 5.61803674698, 5.75171136856, 2.40181589127, 0.900907099247, 0.491526722908, 0.36932516098, 0.489198714495, 0.438546746969, 0.268751084805, 0.0697631984949, 0.0418292544782, 0.0291283987463, 0.0154828540981, 0.00726391049102, 0.00337293557823, 0.00135857018176, 0.000381056219339, 3.2068706787e-05, 3.7655847791e-06, 8.30928183859e-06],
        "dvar": [0.00102954811882, 0.810145795345, 14.2747869492, 35.8845863342, 37.178314209, 69.1704025269, 653.226013184, 662.276916504, 985.590820312, 859.401550293, 10984.4208984, 3219.99169922, 2603.32373047, 2342.6809082, 4098.33544922, 12459.1982422, 3311.90966797, 1709.51086426, 5061.40039062, 2921.59130859, 628.84375, 1369.60424805, 213.204803467, 15.4534521103, 6.59728288651, 4.62567281723, 19.2192878723, 24.1173534393, 10.4053506851, 0.117367275059, 0.0165744330734, 0.00672982586548, 0.00206532678567, 0.000666331034154, 7.71987251937e-05, 1.08345111585e-05, 5.2472569223e-07, 3.30765170808e-09, 3.32381240586e-11, 1.61418448053e-10],
        "dvar2": [0.00212185992859, 1.93169569969, 31.875453949, 58.838508606, 78.7542190552, 180.701812744, 1866.08349609, 1382.5402832, 2049.02124023, 1693.17687988, 21519.78125, 4871.80517578, 5994.17382812, 3543.8203125, 6819.93066406, 19722.3925781, 5206.52978516, 2891.86987305, 13963.5087891, 6177.86083984, 1099.71459961, 2167.78710938, 441.365875244, 29.9560546875, 13.510643959, 8.40142726898, 34.9138221741, 51.8429107666, 18.5319690704, 0.217754617333, 0.0348812974989, 0.0154176978394, 0.0041445242241, 0.00141493021511, 0.000143744808156, 2.25599615078e-05, 9.52894481543e-07, 6.51463771817e-09, 5.85667001007e-11, 2.95200364153e-10],
        "max": [1.09251463413, 24.8502254486, 104.56022644, 311.727294922, 266.918792725, 498.866485596, 1715.62023926, 856.73059082, 1440.06994629, 1478.3717041, 6702.94580078, 4022.17041016, 6139.27099609, 5494.11669922, 6692.890625, 9646.42382812, 4810.38330078, 1942.21887207, 9170.18457031, 3397.08496094, 1439.58557129, 2858.97851562, 1398.87194824, 274.035980225, 177.822631836, 197.991317749, 512.586486816, 412.82232666, 363.204925537, 27.5096950531, 11.2437982559, 3.82701516151, 2.55836725235, 1.95123839378, 0.386245369911, 0.178242459893, 0.027099609375, 0.00206409837119, 0.000177856854862, 0.00041163424612],
        "mean": [0.0253883935511, 0.590451836586, 1.99015295506, 3.336124897, 4.87161397934, 6.87050867081, 15.4503221512, 19.8238258362, 18.9337310791, 21.9530334473, 41.7117156982, 23.4167346954, 17.5228862762, 24.2174129486, 32.3891029358, 61.4313964844, 28.0495491028, 24.0474891663, 15.5480089188, 16.1217880249, 9.46291160583, 9.09431934357, 3.76261734962, 1.38598394394, 0.64903062582, 0.535992205143, 0.714429080486, 0.594142258167, 0.371232926846, 0.0923708900809, 0.0507873669267, 0.0339848659933, 0.0200881026685, 0.00939228013158, 0.00461884168908, 0.00185475533362, 0.000407574727433, 2.92832683044e-05, 9.5822961157e-06, 2.05514243135e-05],
        "median": [0.00349566526711, 0.0698563978076, 0.321207821369, 0.683306336403, 1.23028087616, 2.15072894096, 2.64536476135, 3.86576890945, 3.88581871986, 3.44823479652, 2.57883191109, 1.95202350616, 2.48014807701, 2.49593615532, 2.37078332901, 1.93886017799, 1.27825927734, 1.20973205566, 0.807351529598, 0.515470385551, 0.300682514906, 0.210018202662, 0.130985572934, 0.0821590870619, 0.0398067869246, 0.0294811502099, 0.0268409401178, 0.0227728448808, 0.0171545203775, 0.00914472993463, 0.00519456341863, 0.00388131360523, 0.00221811141819, 0.00123374594841, 0.00123887404334, 0.000739894458093, 8.29876444186e-05, 5.57575685889e-06, 4.94994537803e-06, 1.06538800537e-05],
        "min": [7.77830484064e-23, 2.32273138945e-22, 1.52297915502e-21, 2.54037061586e-21, 1.21049667387e-20, 1.72163572739e-20, 2.01246806868e-20, 2.72188659634e-20, 1.0413086572e-19, 8.6515156309e-20, 1.70167841184e-19, 4.79011969225e-19, 3.12631258153e-19, 4.09465259959e-19, 7.98390022646e-19, 6.33380673633e-19, 1.38575241576e-18, 1.67496577718e-18, 2.10261577572e-18, 3.05446677545e-18, 3.02664807107e-18, 3.86942186535e-18, 4.6158957063e-18, 6.04161966061e-18, 7.09875813781e-18, 8.38424809492e-18, 9.24000035301e-18, 8.78366797012e-18, 9.74551689512e-18, 1.14738594999e-17, 9.96487692176e-18, 1.05188281975e-17, 9.99586393469e-18, 6.88249962488e-18, 6.39385425854e-18, 3.91180990866e-18, 2.17974106206e-18, 8.11465990372e-19, 2.39469976406e-19, 2.58898646e-20],
        "var": [0.00457246089354, 2.34259414673, 31.2616024017, 116.414260864, 139.152893066, 215.594940186, 1700.7578125, 2432.77197266, 2684.13232422, 3586.22924805, 27891.3574219, 11222.5126953, 4417.30712891, 12408.3867188, 18751.2695312, 75115.6796875, 15486.4404297, 10108.4785156, 5887.79833984, 9086.49609375, 2353.46557617, 4956.48876953, 574.099914551, 46.1188201904, 14.0946750641, 15.9744539261, 62.021697998, 78.5051116943, 34.3032989502, 0.385347157717, 0.0418181680143, 0.0138869602233, 0.00527640152723, 0.00164913991466, 0.000207197430427, 2.6417996196e-05, 1.47807281792e-06, 7.87830600757e-09, 1.62648311486e-10, 7.39616923262e-10]
    },
    "gfcc": {
        "mean": [-150.148345947, 163.07371521, -106.796943665, 1.54860579967, -52.6818084717, 4.5421257019, -35.3824653625, -5.86875152588, -19.8095817566, -2.42804145813, -11.8619470596, -4.27177810669, -4.87371635437],
        "cov": [[9732.65527344, 1210.02087402, -2252.61010742, -295.773864746, 179.164779663, -141.23576355, -53.2590179443, -143.367218018, 177.702575684, -141.714660645, 113.669128418, -75.811416626, 35.2704048157], [1210.02087402, 1352.04943848, -101.723068237, -480.881225586, 239.741989136, -126.882286072, 82.8367538452, -142.115127563, 50.4983787537, -89.749458313, 90.0413513184, -49.4961700439, 74.0600891113], [-2252.61010742, -101.723068237, 2331.42358398, 820.15423584, -234.951965332, 281.288421631, -17.8283843994, 127.466377258, -181.352142334, 20.0395641327, -202.738861084, -22.1718292236, -33.8491516113], [-295.773864746, -480.881225586, 820.15423584, 957.641479492, -28.2521896362, 204.654663086, 29.8368930817, 106.140861511, -31.2097797394, 0.336742758751, -101.607376099, -53.6860580444, -35.318572998], [179.164779663, 239.741989136, -234.951965332, -28.2521896362, 476.448028564, 24.3620414734, 99.1505661011, -39.3694190979, 80.1903610229, -11.373793602, 61.2879524231, -13.6980342865, -1.507573843], [-141.23576355, -126.882286072, 281.288421631, 204.654663086, 24.3620414734, 306.802581787, 51.7909317017, 19.0972118378, -47.2602272034, 13.5568399429, -33.4127235413, -8.30060958862, -9.21855545044], [-53.2590179443, 82.8367538452, -17.8283843994, 29.8368930817, 99.1505661011, 51.7909317017, 212.226852417, 48.3843841553, 41.2645874023, -11.9256057739, 22.6382808685, -37.2584495544, -30.4001464844], [-143.367218018, -142.115127563, 127.466377258, 106.140861511, -39.3694190979, 19.0972118378, 48.3843841553, 187.774078369, 53.7201957703, 24.1479721069, -22.5236186981, -4.61659002304, -38.6268196106], [177.702575684, 50.4983787537, -181.352142334, -31.2097797394, 80.1903610229, -47.2602272034, 41.2645874023, 53.7201957703, 160.243392944, 32.177154541, 37.686668396, -19.8845119476, -1.81100547314], [-141.714660645, -89.749458313, 20.0395641327, 0.336742758751, -11.373793602, 13.5568399429, -11.9256057739, 24.1479721069, 32.177154541, 111.535049438, 18.2214279175, 15.7645311356, -17.3104457855], [113.669128418, 90.0413513184, -202.738861084, -101.607376099, 61.2879524231, -33.4127235413, 22.6382808685, -22.5236186981, 37.686668396, 18.2214279175, 125.568397522, 37.888092041, 28.8736896515], [-75.811416626, -49.4961700439, -22.1718292236, -53.6860580444, -13.6980342865, -8.30060958862, -37.2584495544, -4.61659002304, -19.8845119476, 15.7645311356, 37.888092041, 133.92477417, 51.593963623], [35.2704048157, 74.0600891113, -33.8491516113, -35.318572998, -1.507573843, -9.21855545044, -30.4001464844, -38.6268196106, -1.81100547314, -17.3104457855, 28.8736896515, 51.593963623, 114.446128845]],
        "icov": [[0.000251489604125, -0.000528629752807, 0.000498676847201, -0.000522200483829, 0.00027293380117, -0.000239949746174, 0.000317022379022, -0.000169080929481, 3.53006325895e-05, -3.07303416776e-05, 0.00025169129367, -0.000268346717348, 0.000315715122269], [-0.000528629752807, 0.00262443348765, -0.00159048673231, 0.00211062957533, -0.00118711811956, 0.000838246021885, -0.00110571668483, 0.00103969976772, -0.000600753119215, 0.00105378800072, -0.00118617305998, 0.0016232219059, -0.00152800790966], [0.000498676847201, -0.00159048673231, 0.00194189092144, -0.00190071261022, 0.000904900720343, -0.000756555411499, 0.000702545803506, -0.000875605852343, 0.000953769020271, -0.000789649493527, 0.00131182139739, -0.000938673445489, 0.000693254522048], [-0.000522200483829, 0.00211062957533, -0.00190071261022, 0.00347675988451, -0.00114710931666, 3.88038170058e-05, -0.000745950674172, 0.000235700863414, -0.000692725065164, 0.000985595630482, -0.000709653017111, 0.00172642932739, -0.00128583842888], [0.00027293380117, -0.00118711811956, 0.000904900720343, -0.00114710931666, 0.00342899048701, -0.000895830453373, -0.000537313113455, 0.000894271594007, -0.0014196773991, 0.00021625169029, -7.59028916946e-05, -0.0011193905957, 0.00126386864576], [-0.000239949746174, 0.000838246021885, -0.000756555411499, 3.88038170058e-05, -0.000895830453373, 0.00483155017719, -0.00175079074688, 0.000207824603422, 0.00163087958936, -0.00118076778017, 0.000288793322397, 0.000541420944501, -0.00116755091585], [0.000317022379022, -0.00110571668483, 0.000702545803506, -0.000745950674172, -0.000537313113455, -0.00175079074688, 0.00737095298246, -0.00233350414783, -0.000466774741653, 0.00140087970067, -0.00167870463338, 0.000932294118684, 0.0018253934104], [-0.000169080929481, 0.00103969976772, -0.000875605852343, 0.000235700863414, 0.000894271594007, 0.000207824603422, -0.00233350414783, 0.0089750578627, -0.00443004351109, 0.000332957191858, 0.00118101201952, -0.00185685348697, 0.00215031788684], [3.53006325895e-05, -0.000600753119215, 0.000953769020271, -0.000692725065164, -0.0014196773991, 0.00163087958936, -0.000466774741653, -0.00443004351109, 0.0115833394229, -0.0039281914942, -0.00142292946111, 0.0028617347125, -0.00240229815245], [-3.07303416776e-05, 0.00105378800072, -0.000789649493527, 0.000985595630482, 0.00021625169029, -0.00118076778017, 0.00140087970067, 0.000332957191858, -0.0039281914942, 0.0123809799552, -0.00267763924785, -0.00142017262988, 0.00291667482816], [0.00025169129367, -0.00118617305998, 0.00131182139739, -0.000709653017111, -7.59028916946e-05, 0.000288793322397, -0.00167870463338, 0.00118101201952, -0.00142292946111, -0.00267763924785, 0.0130146546289, -0.00393189443275, -0.00110447162297], [-0.000268346717348, 0.0016232219059, -0.000938673445489, 0.00172642932739, -0.0011193905957, 0.000541420944501, 0.000932294118684, -0.00185685348697, 0.0028617347125, -0.00142017262988, -0.00393189443275, 0.0125410323963, -0.0058939778246], [0.000315715122269, -0.00152800790966, 0.000693254522048, -0.00128583842888, 0.00126386864576, -0.00116755091585, 0.0018253934104, 0.00215031788684, -0.00240229815245, 0.00291667482816, -0.00110447162297, -0.0058939778246, 0.0139095811173]]
    },
    "melbands": {
        "dmean": [0.000189532103832, 0.000489128869958, 0.000311467883876, 0.000179816212039, 0.000199311733013, 0.000188320846064, 0.000114880633191, 0.000100613004179, 0.000141725889989, 5.61740343983e-05, 3.42796338373e-05, 3.40400038112e-05, 2.95773206744e-05, 4.49426079285e-05, 3.22602572851e-05, 1.69024715433e-05, 1.52663033077e-05, 9.72136695054e-06, 8.35698301671e-06, 1.16518785944e-05, 3.59634441338e-06, 5.00302576256e-06, 2.23521260523e-06, 1.25510973703e-06, 4.71612622732e-07, 3.18174642189e-07, 1.68441886217e-07, 1.86149520687e-07, 2.09760628422e-07, 2.00622920943e-07, 1.99187709882e-07, 1.50045153191e-07, 4.57012347965e-08, 2.25514718011e-08, 1.81577775038e-08, 1.3310019753e-08, 1.2236179181e-08, 8.54782644666e-09, 5.62601076837e-09, 4.17124690344e-09],
        "dmean2": [0.000283897650661, 0.000746078847442, 0.000445367302746, 0.000281834683847, 0.000311211799271, 0.000282528111711, 0.000172208601725, 0.000139758980367, 0.000182741554454, 7.02216930222e-05, 4.71603270853e-05, 4.62274183519e-05, 4.01068064093e-05, 6.02419859206e-05, 4.22096090915e-05, 2.30389978242e-05, 2.13112089114e-05, 1.40872507473e-05, 1.17281124403e-05, 1.62263240782e-05, 4.97465725857e-06, 6.89950775268e-06, 3.10125301439e-06, 1.72173042756e-06, 6.68754410071e-07, 4.54525462601e-07, 2.4198973847e-07, 2.73316771882e-07, 2.91973805133e-07, 2.84462515765e-07, 2.90325942842e-07, 2.04355032452e-07, 6.6818941491e-08, 3.31607772353e-08, 2.74816720491e-08, 2.07400798757e-08, 1.87325905898e-08, 1.24810091151e-08, 8.169094734e-09, 6.15808071203e-09],
        "dvar": [3.32787323032e-07, 2.7541725558e-06, 1.02380840872e-06, 1.90610137452e-07, 4.92371725613e-07, 3.40243957453e-07, 1.82001372195e-07, 1.97217744358e-07, 8.4549157009e-07, 1.0619020685e-07, 6.31652241623e-08, 3.8072034414e-08, 3.43862289753e-08, 1.05193961986e-07, 4.73253649602e-08, 1.38466607069e-08, 7.13988956846e-09, 1.49549013173e-08, 3.92796017934e-09, 1.01370103422e-08, 6.59831911332e-10, 2.06333217179e-09, 3.82378906316e-10, 1.45184267386e-10, 9.69050447525e-12, 6.81130976274e-12, 1.25815720689e-12, 2.80595967468e-12, 5.43702279379e-12, 7.39493015434e-12, 1.24525537451e-11, 7.56994900791e-12, 2.24617240497e-13, 1.71958784424e-14, 7.69960657054e-15, 3.53640109479e-15, 2.79186675745e-15, 1.32931000226e-15, 6.81597671777e-16, 5.49507859971e-16],
        "dvar2": [7.60020725465e-07, 6.26139217275e-06, 1.65816175013e-06, 4.84156373659e-07, 1.38287441587e-06, 7.18322553439e-07, 3.75485967652e-07, 4.02503644636e-07, 1.54485201165e-06, 1.60289488349e-07, 1.45420031572e-07, 5.88756208231e-08, 5.78280321406e-08, 1.70292736357e-07, 6.72696742754e-08, 2.30427286141e-08, 1.18554730477e-08, 4.11018987734e-08, 7.91016230295e-09, 1.89601099265e-08, 1.16808041017e-09, 3.16530290867e-09, 6.51396048212e-10, 2.90697910188e-10, 1.95335865538e-11, 1.45697690024e-11, 2.38049879288e-12, 5.1726158079e-12, 1.01571589681e-11, 1.42900561176e-11, 2.9805349161e-11, 1.3657721655e-11, 4.60843982333e-13, 3.31027421457e-14, 1.60988267801e-14, 8.68270434934e-15, 6.46345939281e-15, 2.82148559379e-15, 1.44583918355e-15, 1.22090947852e-15],
        "max": [0.0182992964983, 0.0445929318666, 0.0559972673655, 0.0238830875605, 0.0452040359378, 0.0170522518456, 0.0211427081376, 0.0274067558348, 0.0686463862658, 0.027204234153, 0.02994639799, 0.0209435727447, 0.0189061481506, 0.0256781503558, 0.0147938914597, 0.00943962298334, 0.00408208370209, 0.0157896503806, 0.00376439094543, 0.00726581923664, 0.00168426171876, 0.00338720646687, 0.00172898883466, 0.00108310452197, 0.00022890776745, 0.000160646028235, 8.56566475704e-05, 0.00013777714048, 0.00025944240042, 0.000252892263234, 0.000313787517371, 0.000328264955897, 6.07169931754e-05, 1.0806100363e-05, 8.50608739711e-06, 2.53493249147e-06, 2.67106747742e-06, 1.99116493604e-06, 1.43691750054e-06, 1.73132991677e-06],
        "mean": [0.000413714617025, 0.000983943231404, 0.000634153315332, 0.000404065882321, 0.000488064571982, 0.000458998867543, 0.000270321732387, 0.000266810675384, 0.00034003923065, 0.000132112618303, 8.35670507513e-05, 9.40775935305e-05, 8.74678080436e-05, 0.000168811078765, 0.000106179068098, 4.51648011222e-05, 4.55809495179e-05, 2.38027641899e-05, 1.96800119738e-05, 2.39233886532e-05, 8.19175875222e-06, 1.05337021523e-05, 4.63233936898e-06, 2.55828058471e-06, 9.30206624616e-07, 5.45133900687e-07, 3.02681229414e-07, 3.70491221702e-07, 4.06294986988e-07, 3.91499128227e-07, 3.55624905524e-07, 2.58522163676e-07, 7.7924759978e-08, 3.83863429931e-08, 3.14464685403e-08, 2.11832507091e-08, 2.07417460985e-08, 1.51740309207e-08, 9.86979742379e-09, 7.14168812976e-09],
        "median": [4.99680827488e-05, 0.000157290472998, 0.000144212928717, 0.000124359867186, 0.000104474005639, 9.16891949601e-05, 5.27945667272e-05, 2.88150185952e-05, 1.58124348673e-05, 8.86621091922e-06, 8.35773880681e-06, 6.14447526459e-06, 4.72263081974e-06, 4.23474966738e-06, 2.8802990073e-06, 1.5094661876e-06, 1.33257435664e-06, 1.00005433978e-06, 7.06006005657e-07, 3.78275530011e-07, 2.5901985623e-07, 2.15725421526e-07, 1.17575282843e-07, 9.35263102519e-08, 5.48827365776e-08, 2.71123070661e-08, 2.14457234193e-08, 1.77548340474e-08, 1.71950045313e-08, 1.33311441886e-08, 1.27587771459e-08, 1.04182733551e-08, 6.5761742718e-09, 4.29608881802e-09, 2.891244133e-09, 2.65193178528e-09, 2.25518781427e-09, 1.61854318836e-09, 1.22016008408e-09, 9.18559561747e-10],
        "min": [1.21657379385e-24, 7.42937959269e-25, 3.6425501922e-25, 1.60713419347e-24, 1.15207849839e-24, 6.93749424993e-25, 1.31945496235e-24, 6.88525686686e-25, 9.3770890006e-25, 2.68935541023e-24, 1.18947780227e-24, 1.43265571339e-24, 1.82435680588e-24, 1.35285750245e-24, 1.97142138342e-24, 2.93757917152e-24, 2.34754651594e-24, 2.61049397161e-24, 3.39181040835e-24, 3.23242066802e-24, 3.53606111904e-24, 2.216514353e-24, 3.52741993669e-24, 3.64372327767e-24, 4.68254580476e-24, 4.69345259564e-24, 5.04324495949e-24, 4.40593015062e-24, 5.15311908409e-24, 3.58754178729e-24, 4.16698497129e-24, 4.95526645818e-24, 4.93191854197e-24, 6.00642400882e-24, 5.07992028627e-24, 5.99891681401e-24, 5.57746629767e-24, 5.21750906662e-24, 5.95049889823e-24, 4.75929565995e-24],
        "var": [1.1884644664e-06, 6.41952965452e-06, 3.63354092769e-06, 6.475495411e-07, 1.37333643124e-06, 1.17766546737e-06, 5.1678125601e-07, 6.76037871017e-07, 2.13933071791e-06, 3.87313662031e-07, 1.09287498162e-07, 2.00115053417e-07, 1.61770287832e-07, 6.30575698324e-07, 2.57773479007e-07, 5.97582285877e-08, 4.39968808053e-08, 1.76386425466e-08, 1.35208519936e-08, 3.35697372122e-08, 2.26676122317e-09, 7.53456497193e-09, 1.20071808052e-09, 3.79354297975e-10, 2.5737571796e-11, 1.23917482178e-11, 3.71273845001e-12, 9.02422060689e-12, 1.7222482121e-11, 2.38685512327e-11, 3.46583768629e-11, 2.18011424885e-11, 5.63292847696e-13, 4.62115460102e-14, 1.85121523959e-14, 5.9814790111e-15, 5.45093399536e-15, 3.0538430366e-15, 1.5363129961e-15, 1.23614230729e-15]
    },
    "mfcc": {
        "mean": [-801.354431152, 196.323181152, 5.51104307175, 11.5389814377, 0.682510912418, 6.33137893677, -5.86919593811, -3.42757487297, -3.36933660507, -6.65948820114, -2.97597813606, 0.330380737782, -2.75235557556],
        "cov": [[5381.57958984, 478.629302979, -1848.50292969, -134.448455811, 33.2557907104, -67.830909729, -178.093948364, 28.0392017365, 25.3016891479, -73.8025436401, 15.7241630554, 165.374725342, 101.262336731], [478.629302979, 1846.28381348, -242.715133667, -361.85748291, -3.98418259621, -55.9113426208, -9.4002532959, -59.9602813721, -62.1876678467, -73.2024688721, 36.5776100159, -78.0486526489, -40.9186553955], [-1848.50292969, -242.715133667, 1940.49621582, 474.460540771, 74.0270843506, 215.586044312, 186.104934692, 106.179420471, 75.5082855225, 133.698608398, -59.2357368469, -119.208740234, -104.456367493], [-134.448455811, -361.85748291, 474.460540771, 536.652587891, 162.163955688, 89.5850372314, 88.4309463501, 82.6708831787, 77.0415039062, 70.2405166626, 13.8376560211, 21.3930282593, 7.24782466888], [33.2557907104, -3.98418259621, 74.0270843506, 162.163955688, 277.460784912, 128.458999634, 48.1334190369, 34.9821968079, 32.249961853, 20.9353256226, -8.34928035736, 13.9988679886, 16.0441570282], [-67.830909729, -55.9113426208, 215.586044312, 89.5850372314, 128.458999634, 257.766662598, 115.016342163, 23.708032608, 28.0086193085, 21.615322113, -14.9437894821, -15.09790802, -15.8847723007], [-178.093948364, -9.4002532959, 186.104934692, 88.4309463501, 48.1334190369, 115.016342163, 183.454727173, 76.4295501709, 19.6833610535, 33.4399108887, 13.1457471848, 1.8099694252, -10.8343257904], [28.0392017365, -59.9602813721, 106.179420471, 82.6708831787, 34.9821968079, 23.708032608, 76.4295501709, 144.850143433, 63.1622123718, 18.8981666565, 11.8041954041, 22.606426239, 12.9197359085], [25.3016891479, -62.1876678467, 75.5082855225, 77.0415039062, 32.249961853, 28.0086193085, 19.6833610535, 63.1622123718, 119.185379028, 61.447555542, 18.488193512, 23.07280159, 8.69445228577], [-73.8025436401, -73.2024688721, 133.698608398, 70.2405166626, 20.9353256226, 21.615322113, 33.4399108887, 18.8981666565, 61.447555542, 134.235565186, 55.7286453247, 11.8288106918, -8.17654323578], [15.7241630554, 36.5776100159, -59.2357368469, 13.8376560211, -8.34928035736, -14.9437894821, 13.1457471848, 11.8041954041, 18.488193512, 55.7286453247, 115.484199524, 54.4432754517, 7.10975933075], [165.374725342, -78.0486526489, -119.208740234, 21.3930282593, 13.9988679886, -15.09790802, 1.8099694252, 22.606426239, 23.07280159, 11.8288106918, 54.4432754517, 129.763397217, 72.1402664185], [101.262336731, -40.9186553955, -104.456367493, 7.24782466888, 16.0441570282, -15.8847723007, -10.8343257904, 12.9197359085, 8.69445228577, -8.17654323578, 7.10975933075, 72.1402664185, 119.064163208]],
