{
"lowlevel": {
    "average_loudness": 0.474753260612,
    "barkbands_crest": {
        "dmean": 1.75507354736,
        "dmean2": 2.83931159973,
        "dvar": 3.14642953873,
        "dvar2": 8.28460979462,
        "max": 23.7931861877,
        "mean": 10.6114864349,
        "median": 10.0204868317,
        "min": 3.29142856598,
        "var": 13.6128320694
    },
    "barkbands_flatness_db": {
        "dmean": 0.0162914916873,
        "dmean2": 0.0259306542575,
        "dvar": 0.000370371999452,
        "dvar2": 0.000838578387629,
        "max": 0.424752265215,
        "mean": 0.222631767392,
        "median": 0.223802953959,
        "min": 0.0411280468106,
        "var": 0.00266511156224
    },
    "barkbands_kurtosis": {
        "dmean": 1.9745490551,
        "dmean2": 3.11331176758,
        "dvar": 15.0449085236,
        "dvar2": 34.376411438,
        "max": 128.391876221,
        "mean": 4.28064441681,
        "median": 1.44214129448,
        "min": -1.83333873749,
        "var": 69.3713302612
    },
    "barkbands_skewness": {
        "dmean": 0.380765199661,
        "dmean2": 0.589163780212,
        "dvar": 0.208132863045,
        "dvar2": 0.450648218393,
        "max": 9.00832843781,
        "mean": 1.16351556778,
        "median": 1.01476478577,
        "min": -2.35754323006,
        "var": 1.9674217701
    },
    "barkbands_spread": {
        "dmean": 2.11115431786,
        "dmean2": 3.30019879341,
        "dvar": 9.89483070374,
        "dvar2": 21.6830024719,
        "max": 102.581336975,
        "mean": 11.5295782089,
        "median": 10.4186429977,
        "min": 0.615750670433,
        "var": 47.739074707
    },
    "dissonance": {
        "dmean": 0.0301021169871,
        "dmean2": 0.0516302362084,
        "dvar": 0.000810283585452,
        "dvar2": 0.00228491937742,
        "max": 0.499999910593,
        "mean": 0.432402521372,
        "median": 0.440194875002,
        "min": 0.239866420627,
        "var": 0.00172124546953
    },
    "dynamic_complexity": 4.73871660233,
    "erbbands_crest": {
        "dmean": 2.15582346916,
        "dmean2": 3.40190601349,
        "dvar": 4.57345247269,
        "dvar2": 10.8946771622,
        "max": 30.6001586914,
        "mean": 12.0989561081,
        "median": 11.2757730484,
        "min": 2.02685379982,
        "var": 26.6951599121
    },
    "erbbands_flatness_db": {
        "dmean": 0.0135492058471,
        "dmean2": 0.0203127320856,
        "dvar": 0.00023681591847,
        "dvar2": 0.000466633675387,
        "max": 0.403201311827,
        "mean": 0.238568365574,
        "median": 0.240630030632,
        "min": 0.0269943084568,
        "var": 0.00320570566691
    },
    "erbbands_kurtosis": {
        "dmean": 0.874697625637,
        "dmean2": 1.36389398575,
        "dvar": 1.31647789478,
        "dvar2": 3.13873767853,
        "max": 25.9785022736,
        "mean": 1.30725944042,
        "median": 0.648989200592,
        "min": -1.71504044533,
        "var": 5.34761667252
    },
    "erbbands_skewness": {
        "dmean": 0.293664842844,
        "dmean2": 0.453871548176,
        "dvar": 0.0877480208874,
        "dvar2": 0.196482971311,
        "max": 4.29119253159,
        "mean": 0.151993483305,
        "median": 0.100714743137,
        "min": -3.16046071053,
        "var": 0.766826629639
    },
    "erbbands_spread": {
        "dmean": 3.78922772408,
        "dmean2": 5.8125333786,
        "dvar": 29.6201877594,
        "dvar2": 64.4498977661,
        "max": 110.767997742,
        "mean": 21.7563247681,
        "median": 18.1259899139,
        "min": 2.69157505035,
        "var": 180.548751831
    },
    "hfc": {
        "dmean": 2.9299018383,
        "dmean2": 4.06616401672,
        "dvar": 34.5666427612,
        "dvar2": 66.1303939819,
        "max": 117.124824524,
        "mean": 12.6704845428,
        "median": 6.14106941223,
        "min": 1.08497515622e-16,
        "var": 276.128082275
    },
    "melbands_crest": {
        "dmean": 2.21825003624,
        "dmean2": 3.6054353714,
        "dvar": 5.29294490814,
        "dvar2": 13.261961937,
        "max": 30.5958156586,
        "mean": 13.655790329,
        "median": 12.8699560165,
        "min": 1.26743149757,
        "var": 25.8485240936
    },
    "melbands_flatness_db": {
        "dmean": 0.0180108211935,
        "dmean2": 0.02814736031,
        "dvar": 0.000563701032661,
        "dvar2": 0.00122170255054,
        "max": 0.532605648041,
        "mean": 0.271620243788,
        "median": 0.272755503654,
        "min": 0.000322267529555,
        "var": 0.00480989320204
    },
    "melbands_kurtosis": {
        "dmean": 3.52062702179,
        "dmean2": 5.58473348618,
        "dvar": 61.4159126282,
        "dvar2": 144.222106934,
        "max": 298.440704346,
        "mean": 8.64077186584,
        "median": 2.68886208534,
        "min": -1.82674956322,
        "var": 273.864562988
    },
    "melbands_skewness": {
        "dmean": 0.453587919474,
        "dmean2": 0.704703688622,
        "dvar": 0.338053613901,
        "dvar2": 0.743898034096,
        "max": 13.1307678223,
        "mean": 1.80338299274,
        "median": 1.51302862167,
        "min": -2.03320288658,
        "var": 2.78010940552
    },
    "melbands_spread": {
        "dmean": 3.27286171913,
        "dmean2": 5.16503143311,
        "dvar": 24.522228241,
        "dvar2": 60.0708236694,
        "max": 154.605560303,
        "mean": 18.2350330353,
        "median": 14.4772319794,
        "min": 0.693115055561,
        "var": 336.30267334
    },
    "pitch_salience": {
        "dmean": 0.053460739553,
        "dmean2": 0.0869077146053,
        "dvar": 0.00281082116999,
        "dvar2": 0.0071722487919,
        "max": 0.989860415459,
        "mean": 0.532648444176,
        "median": 0.536441981792,
        "min": 0.100035831332,
        "var": 0.0164224263281
    },
    "silence_rate_20dB": {
        "dmean": 0,
        "dmean2": 0,
        "dvar": 0,
        "dvar2": 0,
        "max": 1,
        "mean": 1,
        "median": 1,
        "min": 1,
        "var": 0
    },
    "silence_rate_30dB": {
        "dmean": 0.00964595004916,
        "dmean2": 0.0192940142006,
        "dvar": 0.00955228414387,
        "dvar2": 0.0235245376825,
        "max": 1,
        "mean": 0.990793526173,
        "median": 1,
        "min": 0,
        "var": 0.00912125501782
    },
    "silence_rate_60dB": {
        "dmean": 0.0223610661924,
        "dmean2": 0.0447270348668,
        "dvar": 0.0218637567014,
        "dvar2": 0.0482126958668,
        "max": 1,
        "mean": 0.162757560611,
        "median": 0,
        "min": 0,
        "var": 0.136266469955
    },
    "spectral_centroid": {
        "dmean": 108.995536804,
        "dmean2": 168.812728882,
        "dvar": 38162.4648438,
        "dvar2": 79790.765625,
        "max": 11736.0810547,
        "mean": 971.876342773,
        "median": 697.040100098,
        "min": 153.276794434,
        "var": 1997320.25
    },
    "spectral_complexity": {
        "dmean": 1.36555957794,
        "dmean2": 2.26353859901,
        "dvar": 2.85015702248,
        "dvar2": 6.3892660141,
        "max": 39,
        "mean": 10.2195310593,
        "median": 10,
        "min": 0,
        "var": 21.8664474487
    },
    "spectral_decrease": {
        "dmean": 1.45527634388e-09,
        "dmean2": 2.18588569467e-09,
        "dvar": 1.08379768117e-17,
        "dvar2": 2.44922538005e-17,
        "max": 1.24212466577e-27,
        "mean": -5.07155828444e-09,
        "median": -3.22940696407e-09,
        "min": -5.50276801903e-08,
        "var": 3.24660151708e-17
    },
    "spectral_energy": {
        "dmean": 0.00572682591155,
        "dmean2": 0.00857568811625,
        "dvar": 0.000161356016179,
        "dvar2": 0.000363079132512,
        "max": 0.211210295558,
        "mean": 0.0202905032784,
        "median": 0.0128535348922,
        "min": 9.99315201659e-21,
        "var": 0.00050982349785
    },
    "spectral_energyband_high": {
        "dmean": 4.2879513785e-05,
        "dmean2": 6.76649651723e-05,
        "dvar": 4.58072335618e-08,
        "dvar2": 1.10729423852e-07,
        "max": 0.00816848035902,
        "mean": 8.65625333972e-05,
        "median": 3.17458361678e-05,
        "min": 6.92835333523e-21,
        "var": 6.74354225794e-08
    },
    "spectral_energyband_low": {
        "dmean": 0.00293673039414,
        "dmean2": 0.00462152808905,
        "dvar": 0.000109645952762,
        "dvar2": 0.000261176086497,
        "max": 0.185176774859,
        "mean": 0.00585196027532,
        "median": 0.00143737858161,
        "min": 1.37213030127e-23,
        "var": 0.000176636778633
    },
    "spectral_energyband_middle_high": {
        "dmean": 0.00158614618704,
        "dmean2": 0.00217531295493,
        "dvar": 1.32787918119e-05,
        "dvar2": 2.5843621188e-05,
        "max": 0.0631208345294,
        "mean": 0.00603508157656,
        "median": 0.00205085263588,
        "min": 1.188725991e-21,
        "var": 8.87089481694e-05
    },
    "spectral_energyband_middle_low": {
        "dmean": 0.00273631419986,
        "dmean2": 0.00423527043313,
        "dvar": 2.87122402369e-05,
        "dvar2": 6.52033995721e-05,
        "max": 0.120479531586,
        "mean": 0.00938278064132,
        "median": 0.00572024099529,
        "min": 1.53027441446e-22,
        "var": 0.000122273078887
    },
    "spectral_entropy": {
        "dmean": 0.142786681652,
        "dmean2": 0.219409823418,
        "dvar": 0.0302241407335,
        "dvar2": 0.0645865648985,
        "max": 9.82245254517,
        "mean": 6.78980636597,
        "median": 6.71784877777,
        "min": 5.25584506989,
        "var": 0.411353737116
    },
    "spectral_flux": {
        "dmean": 0.0159814469516,
        "dmean2": 0.0254448968917,
        "dvar": 0.00088282499928,
        "dvar2": 0.00209566880949,
        "max": 0.398993194103,
        "mean": 0.0434282235801,
        "median": 0.0324647650123,
        "min": 6.34627142504e-11,
        "var": 0.00162452424411
    },
    "spectral_kurtosis": {
        "dmean": 4.39923667908,
        "dmean2": 7.60585260391,
        "dvar": 27.7905273438,
        "dvar2": 82.5466690063,
        "max": 71.2976379395,
        "mean": 11.2034378052,
        "median": 8.20145797729,
        "min": -1.25798583031,
        "var": 95.6307296753
    },
    "spectral_rms": {
        "dmean": 0.000524503702763,
        "dmean2": 0.000773683190346,
        "dvar": 7.83286679962e-07,
        "dvar2": 1.63787183283e-06,
        "max": 0.0143547495827,
        "mean": 0.0038479808718,
        "median": 0.00354119110852,
        "min": 3.12240554592e-12,
        "var": 4.98861118103e-06
    },
    "spectral_rolloff": {
        "dmean": 157.45791626,
        "dmean2": 273.579742432,
        "dvar": 153632.390625,
        "dvar2": 355604.84375,
        "max": 19616.7480469,
        "mean": 1298.2869873,
        "median": 1055.12695312,
        "min": 86.1328125,
        "var": 5934150
    },
    "spectral_skewness": {
        "dmean": 0.376232892275,
        "dmean2": 0.630866289139,
        "dvar": 0.143715381622,
        "dvar2": 0.402022272348,
        "max": 6.41790008545,
        "mean": 2.35736942291,
        "median": 2.19593119621,
        "min": -0.111954115331,
        "var": 0.94937735796
    },
    "spectral_spread": {
        "dmean": 317248.90625,
        "dmean2": 510901.0625,
        "dvar": 340427341824,
        "dvar2": 715758305280,
        "max": 42148824,
        "mean": 3648952.75,
        "median": 2937808.25,
        "min": 884316.125,
        "var": 2.53911881482e+13
    },
    "spectral_strongpeak": {
        "dmean": 0.492851376534,
        "dmean2": 0.807481408119,
        "dvar": 0.89579474926,
        "dvar2": 2.02993798256,
        "max": 12.9633741379,
        "mean": 1.45113825798,
        "median": 0.632824659348,
        "min": 0,
        "var": 3.74514079094
    },
    "zerocrossingrate": {
        "dmean": 0.00432452466339,
        "dmean2": 0.00542863598093,
        "dvar": 4.37019552919e-05,
        "dvar2": 6.55512340018e-05,
        "max": 0.5302734375,
        "mean": 0.0435573197901,
        "median": 0.03369140625,
        "min": 0.0048828125,
        "var": 0.00412711361423
    },
    "barkbands": {
        "dmean": [1.60289755513e-06, 0.000514903396834, 0.0022134820465, 0.000750837789383, 0.00114197202493, 0.000687045103405, 0.000559610896744, 0.00039278078475, 0.000297437160043, 0.000147727230797, 0.000428593339166, 0.000406135455705, 0.000605760840699, 0.000221157941269, 0.000201054324862, 0.000110723056423, 6.98640506016e-05, 6.09325943515e-05, 3.1841413147e-05, 2.1583868147e-05, 1.92140596482e-05, 1.10538230729e-05, 3.59782484338e-06, 2.18115587813e-06, 9.97485017251e-07, 3.33581169798e-07, 1.45520073769e-09],
        "dmean2": [2.77069557342e-06, 0.000847697316203, 0.00348525145091, 0.00122754496988, 0.00192244385835, 0.00119366042782, 0.00087113288464, 0.000528928823769, 0.000398321426474, 0.000219062610995, 0.000580108317081, 0.000596001045778, 0.000850764627103, 0.00032777551678, 0.000280780717731, 0.000159779418027, 0.000102886668174, 8.80190636963e-05, 4.84623924422e-05, 3.28253372572e-05, 3.12836818921e-05, 1.81968844117e-05, 5.93793538428e-06, 3.48415642293e-06, 1.58554951213e-06, 5.54543987619e-07, 2.68141442383e-09],
        "dvar": [1.40952718247e-11, 3.6462179196e-06, 7.17606817489e-05, 3.39096141033e-06, 1.05786039057e-05, 2.03385752684e-06, 3.50897266799e-06, 1.93139635485e-06, 8.83610823621e-07, 2.57923318259e-07, 1.99332384909e-06, 2.32966363001e-06, 3.82946154787e-06, 8.18204171082e-07, 5.75979356654e-07, 2.46742985155e-07, 1.23163815147e-07, 7.04338205537e-08, 1.46840326565e-08, 6.31348306968e-09, 1.88611348761e-08, 2.84178569565e-09, 2.66285188344e-10, 1.36130565154e-10, 3.93588807379e-11, 3.98592183565e-12, 5.70468285821e-17],
        "dvar2": [3.85961193561e-11, 9.41813232203e-06, 0.000169033475686, 8.08579898148e-06, 2.56026833085e-05, 6.65266634314e-06, 8.52002904139e-06, 3.02353487314e-06, 1.38332700317e-06, 5.23999858615e-07, 3.75180547962e-06, 4.80984635942e-06, 7.84643088991e-06, 1.6872568267e-06, 1.02920057543e-06, 5.43003579878e-07, 2.55658193282e-07, 1.4641874202e-07, 3.2491335844e-08, 1.32473125802e-08, 4.71112926448e-08, 6.99788094138e-09, 6.69740929382e-10, 2.94605562168e-10, 8.44570247072e-11, 9.57122315431e-12, 1.64653212604e-16],
        "max": [0.000107152860437, 0.0336895659566, 0.144509926438, 0.0478091835976, 0.099267616868, 0.0319641046226, 0.0583656728268, 0.0538493618369, 0.0255422815681, 0.0192899946123, 0.0413124524057, 0.0450676344335, 0.0519970804453, 0.0273053031415, 0.024505790323, 0.0191055666655, 0.0193510334939, 0.00911043584347, 0.00326068326831, 0.00215320498683, 0.00737202726305, 0.0018808664754, 0.000633158197161, 0.000498851528391, 0.000283039000351, 9.08369693207e-05, 3.22708700651e-07],
        "mean": [1.7702320747e-06, 0.000955835741479, 0.00385847804137, 0.00185263447929, 0.00247950432822, 0.00153109291568, 0.00152187747881, 0.0010560505325, 0.000877889920957, 0.000406243139878, 0.00139697548002, 0.00103240949102, 0.00163789850194, 0.000550438824575, 0.000463029253297, 0.000229317549383, 0.000138839823194, 0.000128317260533, 6.68914217385e-05, 4.26059305028e-05, 3.26410045091e-05, 1.827185406e-05, 5.6856943047e-06, 3.77558217224e-06, 1.58795535299e-06, 4.41516220917e-07, 1.1304093217e-09],
        "median": [7.54725760999e-07, 8.16741085146e-05, 0.000510339275934, 0.000628135050647, 0.00087678921409, 0.00063553272048, 0.000366474327166, 0.000130210100906, 0.000142662524013, 6.75500923535e-05, 0.000127130741021, 0.000122243334772, 0.000168249607668, 6.54219184071e-05, 3.85797320632e-05, 1.94340900634e-05, 1.2524671547e-05, 1.08173899207e-05, 9.02837564354e-06, 7.66802895669e-06, 1.05341177914e-05, 8.25483220979e-06, 2.3043658075e-06, 1.50578398461e-06, 5.70229644836e-07, 1.04631112663e-07, 2.37838582162e-10],
        "min": [1.98465102454e-25, 2.09500788271e-24, 2.35277148685e-25, 6.26715624445e-25, 5.64767097393e-24, 7.03084509122e-24, 2.33081576222e-24, 7.33616818256e-24, 8.00531076795e-24, 7.57004256399e-24, 1.10203008601e-23, 1.51573895808e-23, 3.19001024357e-23, 2.29237993456e-23, 2.34130524568e-23, 2.86587613286e-23, 4.86822725354e-23, 9.47971246796e-23, 1.3564347145e-22, 1.82695805893e-22, 2.3596606821e-22, 2.90497081715e-22, 3.88788418442e-22, 5.27397363185e-22, 7.96551806798e-22, 1.21284721178e-21, 1.95347728748e-21],
        "var": [1.40381499827e-11, 5.89355249758e-06, 0.000116574366984, 9.98826453724e-06, 2.65497874352e-05, 6.38011442788e-06, 1.5095877643e-05, 1.10109149318e-05, 5.42477073395e-06, 1.10549819965e-06, 1.49378311107e-05, 1.23794116007e-05, 2.02341670956e-05, 2.6351606266e-06, 3.00601345771e-06, 8.10868584722e-07, 2.85522219201e-07, 2.84333765421e-07, 5.14518774253e-08, 2.28867484964e-08, 2.03943759658e-08, 2.9349651598e-09, 2.99915481339e-10, 2.03604286209e-10, 5.23538469521e-11, 4.24104544886e-12, 3.35958611695e-17]
    },
    "erbbands": {
        "dmean": [0.00447055837139, 0.184243381023, 2.05402302742, 2.58453345299, 3.60888648033, 3.92432713509, 3.60940241814, 6.69050121307, 8.8149433136, 7.73454093933, 6.79578924179, 7.8363776207, 3.43334627151, 7.53159618378, 19.7109489441, 18.9671325684, 28.0030937195, 13.7296667099, 9.54671382904, 10.3035850525, 4.703332901, 3.09376215935, 3.54873752594, 2.4056251049, 1.07041919231, 1.1258058548, 1.03122699261, 0.478165537119, 0.433970570564, 0.237468525767, 0.0975756570697, 0.0515966191888, 0.0360834151506, 0.0143145425245, 0.00583176221699, 0.00238422863185, 0.000410048756748, 2.32969232457e-05, 3.14643398269e-06, 6.48804871162e-06],
        "dmean2": [0.00736815435812, 0.296625316143, 3.20634770393, 4.16982746124, 5.99583721161, 6.63441467285, 5.98868846893, 11.789056778, 13.9174966812, 10.6488342285, 9.40879249573, 10.377081871, 4.99738788605, 10.9199924469, 26.960855484, 27.4064464569, 39.2354545593, 19.8510341644, 13.6592903137, 14.1775388718, 6.73178720474, 4.62426280975, 5.08923912048, 3.56795549393, 1.6467114687, 1.7039604187, 1.67355918884, 0.759628593922, 0.717431664467, 0.392754107714, 0.161090478301, 0.0833239480853, 0.0581862814724, 0.0225945841521, 0.00939928553998, 0.00394812645391, 0.000673641450703, 3.76770694857e-05, 4.64411550638e-06, 9.6760741144e-06],
        "dvar": [0.000224751551286, 0.448101460934, 60.6554450989, 63.4624710083, 134.019927979, 123.072288513, 61.6202316284, 213.279342651, 832.975524902, 834.822937012, 390.059234619, 646.844177246, 77.9800109863, 667.705627441, 4201.53417969, 4539.38085938, 8045.02978516, 1762.80834961, 1394.31237793, 2077.48535156, 311.042602539, 381.24407959, 191.845596313, 107.711524963, 16.5923881531, 19.8785324097, 65.9424209595, 3.7546813488, 3.83943772316, 1.48592185974, 0.190597236156, 0.072079308331, 0.0434671081603, 0.00791011936963, 0.00124993629288, 0.000221927810344, 5.30553597855e-06, 1.71330185594e-08, 4.83161739784e-11, 1.964440971e-10],
        "dvar2": [0.000565236376133, 1.09995126724, 138.457595825, 159.647857666, 302.117004395, 322.070709229, 178.045150757, 729.635742188, 2104.89233398, 1440.32861328, 723.082763672, 1002.33959961, 156.500015259, 1478.40368652, 7918.09228516, 9377.61621094, 16531.4101562, 3764.29418945, 2648.84570312, 3789.32373047, 688.972167969, 768.286376953, 386.62399292, 244.856307983, 39.1695251465, 41.7313346863, 164.925842285, 9.42958068848, 9.3228559494, 3.8901913166, 0.468240201473, 0.158205881715, 0.09893232584, 0.0165519472212, 0.00284970900975, 0.000535272760317, 1.22194851429e-05, 4.0782307309e-08, 1.06810393863e-10, 4.3884734735e-10],
        "max": [0.258097052574, 11.3717947006, 141.894790649, 191.894851685, 422.690338135, 251.532394409, 170.897994995, 280.176971436, 1033.78405762, 1125.57080078, 526.698852539, 675.026550293, 349.27947998, 1213.12341309, 1809.11352539, 2116.67749023, 2676.26025391, 1742.4029541, 1525.14660645, 1690.18151855, 654.716186523, 1322.11987305, 581.597473145, 457.069519043, 183.822296143, 129.294418335, 437.25894165, 59.8343429565, 72.2202987671, 41.6191864014, 15.6699838638, 12.7413778305, 8.51138591766, 3.8672747612, 1.40830814838, 0.723281979561, 0.103367976844, 0.00513386027887, 0.000147919825395, 0.00023894655169],
        "mean": [0.00904065463692, 0.339014023542, 3.48812365532, 6.14951467514, 8.29079818726, 7.51414203644, 7.40324449539, 14.3621206284, 23.820772171, 22.9693164825, 17.8729572296, 23.3775405884, 9.86979198456, 23.5058612823, 63.7119407654, 52.6970176697, 76.779876709, 38.0112419128, 21.4477596283, 26.3301486969, 10.6194229126, 6.28585147858, 7.90086746216, 5.12933826447, 2.37610125542, 2.30799508095, 1.75575244427, 0.878284275532, 0.724769175053, 0.371022880077, 0.155525848269, 0.0875406190753, 0.0597101710737, 0.0232685115188, 0.00894846674055, 0.00333069381304, 0.000534885271918, 2.89719046123e-05, 1.11527333502e-05, 2.34660437854e-05],
        "median": [0.00149605877232, 0.04959012568, 0.592418015003, 1.80750799179, 2.41173267365, 2.88507318497, 3.5383477211, 5.64103507996, 6.19729995728, 4.63434410095, 3.93522071838, 4.00153255463, 3.96842384338, 5.48423624039, 8.35014343262, 10.9815587997, 11.4183712006, 9.34997940063, 4.90788030624, 2.09562635422, 1.01758992672, 0.790729284286, 0.692582011223, 0.594341754913, 0.355531454086, 0.373302698135, 0.480950444937, 0.359710752964, 0.323510050774, 0.157467901707, 0.0626332461834, 0.0357672870159, 0.0223473645747, 0.00849013216794, 0.00312947062775, 0.00102685880847, 8.2050319179e-05, 4.88584691993e-06, 6.92581807016e-06, 1.47598475451e-05],
        "min": [1.01965055652e-22, 4.2160710207e-22, 1.85321758502e-21, 3.99912462873e-21, 8.20992752272e-21, 1.37834527186e-20, 3.11412724176e-20, 6.95702257516e-20, 4.04029229306e-20, 1.51156529445e-19, 3.00861072573e-19, 2.70037918955e-19, 3.6259472491e-19, 4.10119378878e-19, 9.81371938419e-19, 1.00956980172e-18, 1.71826072063e-18, 1.78221605085e-18, 2.47229643995e-18, 2.27964214618e-18, 2.21393898333e-18, 3.890334232e-18, 5.06167574612e-18, 6.63564866416e-18, 7.19957987395e-18, 7.87777781356e-18, 8.99166667105e-18, 9.46687531552e-18, 1.07287426487e-17, 9.47474014878e-18, 1.00494478676e-17, 1.06879618173e-17, 8.84114130626e-18, 7.64896890278e-18, 6.30614705742e-18, 3.56343452187e-18, 2.24095552932e-18, 9.6610094354e-19, 2.1349468279e-19, 2.53879210645e-20],
        "var": [0.000479392096167, 0.742354869843, 103.091560364, 117.509422302, 460.520385742, 186.87940979, 132.127426147, 592.764404297, 3603.04541016, 4546.01757812, 1802.20129395, 3893.2199707, 310.125915527, 2952.04174805, 28740.9765625, 25064.0253906, 40468.9921875, 7376.38818359, 4123.55517578, 12571.4375, 1063.66491699, 678.240905762, 881.555725098, 331.258728027, 51.1721878052, 75.5033721924, 69.9677200317, 5.00061416626, 4.094373703, 1.43363273144, 0.234043195844, 0.102611131966, 0.0587511062622, 0.0110092656687, 0.00155824352987, 0.000233579237829, 6.13656766291e-06, 1.98688461239e-08, 1.57596338757e-10, 6.68846422691e-10]
    },
    "gfcc": {
        "mean": [-113.836448669, 148.385635376, -133.994598389, 15.5239534378, -61.5024528503, 14.2709188461, -35.2192497253, -18.7052211761, -23.044046402, -5.39417266846, -8.24884414673, -12.9211473465, -6.94894170761],
        "cov": [[26746.390625, 2340.69506836, -3368.84619141, 482.345458984, -822.940368652, 127.375312805, -719.30657959, -274.028503418, -562.313293457, -6.15489816666, -351.070800781, -200.741516113, -511.579406738], [2340.69506836, 1297.32727051, -151.656387329, -304.455474854, -93.9670028687, 53.1395072937, -29.0403881073, -192.756820679, 38.0973434448, -104.053970337, 85.3758392334, -111.977416992, 108.500976562], [-3368.84619141, -151.656387329, 1322.26025391, 196.159790039, -64.4223632812, 130.426467896, 115.059272766, 18.8549633026, 25.0258369446, 59.6625976562, 0.0931244194508, 18.8246421814, 38.079990387], [482.345458984, -304.455474854, 196.159790039, 596.681030273, 0.306177973747, 33.6874542236, 18.7525024414, 89.9878387451, -42.4334793091, 24.4001750946, -84.3966903687, -37.7522583008, -78.6114273071], [-822.940368652, -93.9670028687, -64.4223632812, 0.306177973747, 415.337768555, 34.8300628662, 83.8399200439, 27.4600811005, 55.6853942871, -44.1414299011, 5.00859212875, -26.5022506714, -16.8918247223], [127.375312805, 53.1395072937, 130.426467896, 33.6874542236, 34.8300628662, 250.68510437, 36.5913925171, -3.95836877823, -32.7055130005, 6.71468162537, -14.4292802811, 11.7299108505, 9.22064685822], [-719.30657959, -29.0403881073, 115.059272766, 18.7525024414, 83.8399200439, 36.5913925171, 138.012390137, 47.9676246643, 37.2719764709, -3.99134278297, 16.1924476624, -11.178571701, 0.962332069874], [-274.028503418, -192.756820679, 18.8549633026, 89.9878387451, 27.4600811005, -3.95836877823, 47.9676246643, 119.50138092, 32.5208396912, 25.2098808289, -14.332734108, 13.4884052277, -31.9548358917], [-562.313293457, 38.0973434448, 25.0258369446, -42.4334793091, 55.6853942871, -32.7055130005, 37.2719764709, 32.5208396912, 104.816200256, 20.9281597137, 25.4364280701, -23.5873584747, 13.1567258835], [-6.15489816666, -104.053970337, 59.6625976562, 24.4001750946, -44.1414299011, 6.71468162537, -3.99134278297, 25.2098808289, 20.9281597137, 92.5383300781, 19.2376785278, 19.1172981262, -18.3312549591], [-351.070800781, 85.3758392334, 0.0931244194508, -84.3966903687, 5.00859212875, -14.4292802811, 16.1924476624, -14.332734108, 25.4364280701, 19.2376785278, 91.2580108643, 28.8360538483, 30.2974281311], [-200.741516113, -111.977416992, 18.8246421814, -37.7522583008, -26.5022506714, 11.7299108505, -11.178571701, 13.4884052277, -23.5873584747, 19.1172981262, 28.8360538483, 106.159507751, 29.8820018768], [-511.579406738, 108.500976562, 38.079990387, -78.6114273071, -16.8918247223, 9.22064685822, 0.962332069874, -31.9548358917, 13.1567258835, -18.3312549591, 30.2974281311, 29.8820018768, 104.349220276]],
        "icov": [[0.000276302278508, -0.000940078753047, 0.000689241569489, -0.000519195687957, 0.000136664413731, -5.18876840943e-05, 0.000173124528374, -5.68317591387e-05, 0.000859124527778, -0.00126499682665, 0.00133139127865, -0.00101098313462, 0.00126952084247], [-0.000940078753047, 0.00496089877561, -0.00214887806214, 0.00201104348525, 0.000458163471194, -0.00088559568394, -0.000446950201876, 0.00189381313976, -0.00434997165576, 0.00637911679223, -0.00646315561607, 0.00545244198292, -0.0047471341677], [0.000689241569489, -0.00214887806214, 0.00275144563057, -0.00171394378413, 0.000776359636802, -0.000593375705648, -0.000662371574435, 0.000875159923453, 0.0013577042846, -0.00345531338826, 0.00350336590782, -0.00279090716504, 0.00277421111241], [-0.000519195687957, 0.00201104348525, -0.00171394378413, 0.00364888645709, -0.000434883520938, 7.66124867368e-05, 8.16864994704e-05, -0.002119458979, 0.00048601225717, 0.00173853046726, -0.001751235337, 0.00382918119431, -0.00233300658874], [0.000136664413731, 0.000458163471194, 0.000776359636802, -0.000434883520938, 0.00401329714805, -0.00141142087523, -0.00146362232044, 0.00166475388687, -0.00319562898949, 0.00297406781465, -0.000513728475198, -0.000451095518656, 0.00208407104947], [-5.18876840943e-05, -0.00088559568394, -0.000593375705648, 7.66124867368e-05, -0.00141142087523, 0.00572527851909, -0.00181275757495, -0.000602208077908, 0.00360126537271, -0.00300806714222, 0.00227037258446, -0.000894853204954, -0.00134680932388], [0.000173124528374, -0.000446950201876, -0.000662371574435, 8.16864994704e-05, -0.00146362232044, -0.00181275757495, 0.0128020271659, -0.00615117885172, -0.000131318520289, 0.00184757832903, -0.00348517834209, 0.00250257132575, 0.000174645858351], [-5.68317591387e-05, 0.00189381313976, 0.000875159923453, -0.002119458979, 0.00166475388687, -0.000602208077908, -0.00615117885172, 0.0195484086871, -0.0099329277873, 0.00117507157847, 0.00298236939125, -0.00618178443983, 0.00456501869485], [0.000859124527778, -0.00434997165576, 0.0013577042846, 0.00048601225717, -0.00319562898949, 0.00360126537271, -0.000131318520289, -0.0099329277873, 0.0250574052334, -0.0125761143863, 0.00198199856095, 0.0050647216849, -0.00266486150213], [-0.00126499682665, 0.00637911679223, -0.00345531338826, 0.00173853046726, 0.00297406781465, -0.00300806714222, 0.00184757832903, 0.00117507157847, -0.0125761143863, 0.0259913690388, -0.0128101818264, 0.00271519669332, -8.05001036497e-05], [0.00133139127865, -0.00646315561607, 0.00350336590782, -0.001751235337, -0.000513728475198, 0.00227037258446, -0.00348517834209, 0.00298236939125, 0.00198199856095, -0.0128101818264, 0.0265020895749, -0.0124370576814, 0.00467789219692], [-0.00101098313462, 0.00545244198292, -0.00279090716504, 0.00382918119431, -0.000451095518656, -0.000894853204954, 0.00250257132575, -0.00618178443983, 0.0050647216849, 0.00271519669332, -0.0124370576814, 0.0235207267106, -0.0119187384844], [0.00126952084247, -0.0047471341677, 0.00277421111241, -0.00233300658874, 0.00208407104947, -0.00134680932388, 0.000174645858351, 0.00456501869485, -0.00266486150213, -8.05001036497e-05, 0.00467789219692, -0.0119187384844, 0.0222026370466]]
    },
    "melbands": {
        "dmean": [8.56170954648e-05, 0.000788351986557, 0.000480167131172, 0.000273557176115, 0.000129274878418, 0.000148501421791, 0.000126996616018, 8.57376871863e-05, 5.39911561646e-05, 4.77231842524e-05, 1.67444395629e-05, 2.88732007903e-05, 5.82349348406e-05, 5.44777903997e-05, 5.19989880559e-05, 6.09741910012e-05, 2.29350225709e-05, 1.67654507095e-05, 1.11037843453e-05, 1.40996235132e-05, 4.1854268602e-06, 3.22456753565e-06, 3.40287806466e-06, 3.453203135e-06, 1.89006811979e-06, 1.1173317489e-06, 5.5770601648e-07, 8.38354594634e-07, 7.24280710074e-07, 4.92133324315e-07, 2.46000070092e-07, 2.59038841932e-07, 2.29105836524e-07, 1.01726321589e-07, 5.94024349709e-08, 4.41081198232e-08, 2.92498594234e-08, 2.85896177843e-08, 1.7573860589e-08, 1.14939853191e-08],
        "dmean2": [0.000141572410939, 0.00123437086586, 0.000770864542574, 0.000461673596874, 0.000214431143831, 0.000259012624156, 0.000200077280169, 0.000116489129141, 7.48867387301e-05, 6.33167364867e-05, 2.45475566771e-05, 4.22345110564e-05, 7.95521846157e-05, 7.82481292845e-05, 7.54732900532e-05, 8.30978606245e-05, 3.41681552527e-05, 2.41063880821e-05, 1.55673224072e-05, 1.96534019778e-05, 6.04579827268e-06, 4.80819244331e-06, 5.10077961735e-06, 4.89953026772e-06, 2.84608586298e-06, 1.71441865859e-06, 8.66331845373e-07, 1.27382429582e-06, 1.19557842027e-06, 7.94785137259e-07, 3.96140393377e-07, 4.3034580699e-07, 3.82006732025e-07, 1.69353938873e-07, 9.87957591292e-08, 7.26309252741e-08, 4.73073029639e-08, 4.70323548996e-08, 2.81546306269e-08, 1.82756600964e-08],
        "dvar": [9.64262554248e-08, 8.70966869115e-06, 1.70744965544e-06, 6.76735623983e-07, 6.85974157477e-08, 1.02867375062e-07, 1.64066804587e-07, 1.08404115906e-07, 2.33694805729e-08, 2.44988260789e-08, 2.02237915303e-09, 1.08456656989e-08, 3.656154135e-08, 3.49427686785e-08, 3.23589723905e-08, 4.65383571679e-08, 6.47950004762e-09, 5.75325964647e-09, 2.09544737118e-09, 3.25827875791e-09, 2.91847962464e-10, 4.67085981004e-10, 1.81082801531e-10, 2.9642907573e-10, 8.37192121184e-11, 1.73149567601e-11, 6.10145311011e-12, 1.05803369538e-11, 4.80349718335e-11, 4.45798823204e-12, 8.21961205696e-13, 1.27964902129e-12, 1.18821987839e-12, 2.63126136548e-13, 6.38180440026e-14, 4.49186145907e-14, 2.26369605976e-14, 2.34135390383e-14, 1.34149944164e-14, 4.55337680335e-15],
        "dvar2": [2.50468417562e-07, 2.01289567485e-05, 4.14281066696e-06, 1.64021082583e-06, 1.93692244466e-07, 3.43933777458e-07, 4.1031728415e-07, 1.76132388674e-07, 4.48198562708e-08, 3.80404223677e-08, 4.10271017159e-09, 2.37342590026e-08, 6.87910173269e-08, 7.22294402067e-08, 7.28471292177e-08, 8.74499335168e-08, 1.4044537977e-08, 1.10535411935e-08, 3.78138409474e-09, 6.66472699251e-09, 6.47366937834e-10, 9.12540043529e-10, 4.11443434878e-10, 5.73384117963e-10, 1.92625485007e-10, 3.86298458499e-11, 1.35944198607e-11, 2.2337043673e-11, 1.19893525663e-10, 1.13394337323e-11, 2.06624864788e-12, 3.12034577864e-12, 3.01507907183e-12, 7.0390525006e-13, 1.59723091957e-13, 1.04687593772e-13, 4.98122898452e-14, 5.51459174007e-14, 2.95481751588e-14, 9.64860397118e-15],
        "max": [0.00542605016381, 0.0523553937674, 0.0281082894653, 0.024471083656, 0.00462778192014, 0.00573858432472, 0.013418267481, 0.0135002052411, 0.00429491791874, 0.00473263673484, 0.00176022038795, 0.00451431190595, 0.00589730218053, 0.00594825902954, 0.00454454589635, 0.0069220662117, 0.0030001681298, 0.00267853052355, 0.00158903142437, 0.00167553685606, 0.000506100768689, 0.00149686203804, 0.000406802719226, 0.000662182283122, 0.000385922350688, 0.000109371620056, 8.65023612278e-05, 0.000108862244815, 0.00038326336653, 5.63506800972e-05, 2.73853165709e-05, 4.14952082792e-05, 3.81105965062e-05, 2.01248767553e-05, 8.40332540974e-06, 1.01465484477e-05, 6.7069263423e-06, 5.84270992476e-06, 5.20344610777e-06, 3.02480043501e-06],
        "mean": [0.00016513983428, 0.00137860910036, 0.00114879838657, 0.000588725786656, 0.000264755712124, 0.000328188558342, 0.000349800655385, 0.000250338343903, 0.000140393749462, 0.000140234958963, 4.52170825156e-05, 8.56082551763e-05, 0.000187894474948, 0.000154744513566, 0.000132015717099, 0.000167569320183, 5.90341005591e-05, 3.56852033292e-05, 2.66968509095e-05, 3.32207819156e-05, 8.74840770848e-06, 6.25927077635e-06, 6.65962079438e-06, 7.48065895095e-06, 3.66924018635e-06, 2.33149921769e-06, 1.066148684e-06, 1.63375887041e-06, 1.13867338314e-06, 8.06793366337e-07, 4.14084553313e-07, 4.12111432979e-07, 3.48480625689e-07, 1.45667769402e-07, 8.7462588283e-08, 6.94117403555e-08, 4.71791530288e-08, 4.61815758968e-08, 2.70107669564e-08, 1.77523613587e-08],
        "median": [1.48495719259e-05, 0.000249718024861, 0.000411156303016, 0.000190992097487, 0.000135783484438, 0.000126346945763, 9.17527504498e-05, 4.36437658209e-05, 2.60568413069e-05, 2.25946860155e-05, 1.44324858411e-05, 1.35593036248e-05, 1.90959326574e-05, 2.13082348637e-05, 1.71854590008e-05, 1.61701827892e-05, 9.14852898859e-06, 5.85767702432e-06, 2.65185894932e-06, 1.62683886629e-06, 8.08612469427e-07, 7.2605951118e-07, 6.44852491405e-07, 5.07783738612e-07, 4.11776312603e-07, 2.65371028263e-07, 1.88660635558e-07, 2.49720272905e-07, 3.06670187911e-07, 2.48575048545e-07, 1.73788123448e-07, 1.78817543883e-07, 1.47257367189e-07, 5.68314817428e-08, 3.25514761812e-08, 2.78732095182e-08, 1.86466415641e-08, 1.72023710832e-08, 9.35492305842e-09, 6.31567065312e-09],
        "min": [1.31896429087e-24, 7.75918409476e-25, 7.28468031596e-25, 1.08076931826e-24, 1.0632402373e-24, 1.4136159638e-24, 4.42475483701e-25, 1.03670907012e-24, 2.37322295233e-24, 1.11522883336e-24, 1.76673485549e-24, 1.23774445397e-24, 2.43216565309e-24, 2.1109416897e-24, 2.39890471353e-24, 3.30849703321e-24, 2.364797129e-24, 3.25282061102e-24, 1.83557184415e-24, 3.2554820305e-24, 2.57214330148e-24, 2.78467761492e-24, 4.02524599372e-24, 3.87785206674e-24, 3.75832110137e-24, 4.36726768323e-24, 4.28892235686e-24, 4.07391595055e-24, 4.22396045017e-24, 3.7386962142e-24, 4.19081645924e-24, 5.42629017709e-24, 4.86404061095e-24, 5.01198595169e-24, 5.55037523647e-24, 5.11420654779e-24, 4.90644977321e-24, 5.31752637421e-24, 5.31553568372e-24, 6.11258890944e-24],
        "var": [1.66597274642e-07, 1.45029389387e-05, 3.54208759745e-06, 1.64835569194e-06, 1.41517631391e-07, 3.13374698635e-07, 7.06626849478e-07, 6.17469140707e-07, 1.05665357353e-07, 1.44357187537e-07, 7.72867547738e-09, 4.70871377445e-08, 2.79656291013e-07, 1.95348960119e-07, 1.2565416796e-07, 2.61603844365e-07, 2.44400073512e-08, 1.60493076606e-08, 1.15114664467e-08, 1.47338496959e-08, 9.74392788677e-10, 8.19492695925e-10, 5.26260868217e-10, 1.38698141861e-09, 2.38424391341e-10, 5.90982887627e-11, 1.77075472341e-11, 4.00827149249e-11, 4.78780105839e-11, 6.32116754773e-12, 1.04422026581e-12, 1.34069307305e-12, 1.18067296391e-12, 2.3982608976e-13, 7.64885252575e-14, 5.5755815004e-14, 3.32198766379e-14, 3.06698026351e-14, 1.78163131356e-14, 6.21079115871e-15]
    },
    "mfcc": {
        "mean": [-740.213256836, 167.121109009, -7.09941148758, 8.53454589844, -7.12197208405, 17.1081771851, -4.31155967712, -9.40327262878, -9.65517234802, -8.9634771347, -2.29646873474, 0.0181762184948, -6.47836065292],
        "cov": [[9011.4765625, 769.438354492, -912.331848145, 552.930908203, -61.6189308167, 135.755905151, -124.238945007, -6.15540075302, -182.699493408, -67.5127639771, 45.7549285889, 100.967681885, 3.32496166229], [769.438354492, 1723.70593262, 63.3023605347, -375.851989746, -10.8438997269, 97.9556274414, -9.43381214142, -75.2854232788, -24.2557449341, -88.4351806641, -38.0901374817, -2.46383571625, -20.3181476593], [-912.331848145, 63.3023605347, 923.432067871, 64.0726013184, -62.1865272522, 118.629196167, 68.1778640747, -9.98587226868, 45.2738265991, 23.3859825134, 12.7444887161, -11.6657629013, -7.92645645142], [552.930908203, -375.851989746, 64.0726013184, 498.189727783, 62.5921287537, 10.8822870255, 27.7890071869, 38.713306427, 21.6389827728, 73.671005249, 49.1969070435, 34.136138916, -9.18828392029], [-61.6189308167, -10.8438997269, -62.1865272522, 62.5921287537, 197.199005127, 86.4294128418, 37.8989524841, 50.7544136047, 30.6995258331, 15.0133371353, 6.06239938736, -6.11708641052, -9.50287914276], [135.755905151, 97.9556274414, 118.629196167, 10.8822870255, 86.4294128418, 193.953231812, 80.4331817627, 34.93592453, 20.5417690277, 4.90767240524, 3.31182646751, -15.0149106979, -23.1885051727], [-124.238945007, -9.43381214142, 68.1778640747, 27.7890071869, 37.8989524841, 80.4331817627, 110.989295959, 55.9502182007, 22.3579406738, 11.524066925, 12.0838689804, 3.37423229218, -6.88262844086], [-6.15540075302, -75.2854232788, -9.98587226868, 38.713306427, 50.7544136047, 34.93592453, 55.9502182007, 104.753662109, 44.129699707, 6.09503221512, 5.73025083542, 1.65762650967, 4.15717458725], [-182.699493408, -24.2557449341, 45.2738265991, 21.6389827728, 30.6995258331, 20.5417690277, 22.3579406738, 44.129699707, 89.0373764038, 43.4148788452, 8.6054353714, 1.95783257484, -2.73261594772], [-67.5127639771, -88.4351806641, 23.3859825134, 73.671005249, 15.0133371353, 4.90767240524, 11.524066925, 6.09503221512, 43.4148788452, 94.5369110107, 49.4457015991, 9.2781496048, -8.6484079361], [45.7549285889, -38.0901374817, 12.7444887161, 49.1969070435, 6.06239938736, 3.31182646751, 12.0838689804, 5.73025083542, 8.6054353714, 49.4457015991, 86.3518981934, 45.5303955078, 2.09350943565], [100.967681885, -2.46383571625, -11.6657629013, 34.136138916, -6.11708641052, -15.0149106979, 3.37423229218, 1.65762650967, 1.95783257484, 9.2781496048, 45.5303955078, 89.9724273682, 41.6772766113], [3.32496166229, -20.3181476593, -7.92645645142, -9.18828392029, -9.50287914276, -23.1885051727, -6.88262844086, 4.15717458725, -2.73261594772, -8.6484079361, 2.09350943565, 41.6772766113, 84.8728256226]],
