{
"lowlevel": {
    "average_loudness": 0.154472216964,
    "barkbands_crest": {
        "dmean": 2.16816520691,
        "dmean2": 3.47189092636,
        "dvar": 4.22455310822,
        "dvar2": 10.3254175186,
        "max": 26.3028583527,
        "mean": 9.1118850708,
        "median": 7.95889377594,
        "min": 2.21477746964,
        "var": 21.7173023224
    },
    "barkbands_flatness_db": {
        "dmean": 0.0199130102992,
        "dmean2": 0.0287298876792,
        "dvar": 0.000408911757404,
        "dvar2": 0.000836903462186,
        "max": 0.440118014812,
        "mean": 0.136304557323,
        "median": 0.125195115805,
        "min": 0.0224071685225,
        "var": 0.00485095568001
    },
    "barkbands_kurtosis": {
        "dmean": 4.43777513504,
        "dmean2": 6.48167324066,
        "dvar": 124.242416382,
        "dvar2": 266.27520752,
        "max": 419.441558838,
        "mean": 9.29740428925,
        "median": 2.03603100777,
        "min": -1.69389796257,
        "var": 575.024108887
    },
    "barkbands_skewness": {
        "dmean": 0.546755671501,
        "dmean2": 0.806879937649,
        "dvar": 0.49633872509,
        "dvar2": 1.06831967831,
        "max": 17.0247249603,
        "mean": 1.74909389019,
        "median": 1.35562753677,
        "min": -5.17312765121,
        "var": 3.84558367729
    },
    "barkbands_spread": {
        "dmean": 4.25681447983,
        "dmean2": 6.6363325119,
        "dvar": 30.5880279541,
        "dvar2": 72.512298584,
        "max": 91.8354415894,
        "mean": 18.8497714996,
        "median": 18.6290969849,
        "min": 0.559252202511,
        "var": 119.540710449
    },
    "dissonance": {
        "dmean": 0.0187417473644,
        "dmean2": 0.0313013419509,
        "dvar": 0.000354525749572,
        "dvar2": 0.000917129742447,
        "max": 0.500000059605,
        "mean": 0.459010183811,
        "median": 0.469300150871,
        "min": 0.1916346699,
        "var": 0.00124326488003
    },
    "dynamic_complexity": 7.12555217743,
    "erbbands_crest": {
        "dmean": 2.13221168518,
        "dmean2": 3.42083644867,
        "dvar": 4.48301553726,
        "dvar2": 10.8984737396,
        "max": 32.409412384,
        "mean": 8.4671125412,
        "median": 7.22697210312,
        "min": 2.25681376457,
        "var": 19.8119297028
    },
    "erbbands_flatness_db": {
        "dmean": 0.0159669034183,
        "dmean2": 0.0229340456426,
        "dvar": 0.000295828853268,
        "dvar2": 0.000521905603819,
        "max": 0.454616695642,
        "mean": 0.153295919299,
        "median": 0.14536973834,
        "min": 0.0500429272652,
        "var": 0.00252534868196
    },
    "erbbands_kurtosis": {
        "dmean": 1.00599467754,
        "dmean2": 1.54300487041,
        "dvar": 4.67310762405,
        "dvar2": 10.1825418472,
        "max": 92.5966262817,
        "mean": 1.00425863266,
        "median": -0.0205504894257,
        "min": -1.82366216183,
        "var": 15.5797843933
    },
    "erbbands_skewness": {
        "dmean": 0.326981037855,
        "dmean2": 0.495969563723,
        "dvar": 0.125083819032,
        "dvar2": 0.282276213169,
        "max": 8.80271434784,
        "mean": 0.569142103195,
        "median": 0.384355038404,
        "min": -2.08246612549,
        "var": 0.83464050293
    },
    "erbbands_spread": {
        "dmean": 7.60204696655,
        "dmean2": 11.6490030289,
        "dvar": 115.30141449,
        "dvar2": 238.700897217,
        "max": 156.100189209,
        "mean": 38.3401794434,
        "median": 31.7877388,
        "min": 0.794964015484,
        "var": 520.232543945
    },
    "hfc": {
        "dmean": 3.57565402985,
        "dmean2": 4.57126712799,
        "dvar": 45.3349533081,
        "dvar2": 66.762008667,
        "max": 187.830383301,
        "mean": 14.1430463791,
        "median": 2.90706944466,
        "min": 1.07426091736e-16,
        "var": 481.960327148
    },
    "melbands_crest": {
        "dmean": 2.79136371613,
        "dmean2": 4.45963668823,
        "dvar": 6.75778913498,
        "dvar2": 16.4021530151,
        "max": 35.703956604,
        "mean": 12.4733142853,
        "median": 11.3417510986,
        "min": 1.51547563076,
        "var": 37.0514602661
    },
    "melbands_flatness_db": {
        "dmean": 0.0226527489722,
        "dmean2": 0.0325981713831,
        "dvar": 0.000578792125452,
        "dvar2": 0.00116976408754,
        "max": 0.52851074934,
        "mean": 0.190010070801,
        "median": 0.175814688206,
        "min": 0.00233077025041,
        "var": 0.00879221968353
    },
    "melbands_kurtosis": {
        "dmean": 11.1148071289,
        "dmean2": 16.9965438843,
        "dvar": 727.134033203,
        "dvar2": 1666.10510254,
        "max": 814.233642578,
        "mean": 24.5490646362,
        "median": 5.87867259979,
        "min": -1.68462109566,
        "var": 2838.93774414
    },
    "melbands_skewness": {
        "dmean": 0.749890804291,
        "dmean2": 1.13747119904,
        "dvar": 1.09956848621,
        "dvar2": 2.42861294746,
        "max": 21.4780483246,
        "mean": 2.73543286324,
        "median": 1.93419337273,
        "min": -5.68598461151,
        "var": 6.57508516312
    },
    "melbands_spread": {
        "dmean": 5.50844049454,
        "dmean2": 8.40347957611,
        "dvar": 44.392364502,
        "dvar2": 97.8091049194,
        "max": 158.86668396,
        "mean": 24.8400802612,
        "median": 18.7143745422,
        "min": 0.374023467302,
        "var": 444.703277588
    },
    "pitch_salience": {
        "dmean": 0.0634904056787,
        "dmean2": 0.1026988253,
        "dvar": 0.00335597572848,
        "dvar2": 0.00852694548666,
        "max": 0.887635231018,
        "mean": 0.57797986269,
        "median": 0.587248563766,
        "min": 0.079301558435,
        "var": 0.013334909454
    },
    "silence_rate_20dB": {
        "dmean": 0,
        "dmean2": 0,
        "dvar": 0,
        "dvar2": 0,
        "max": 1,
        "mean": 1,
        "median": 1,
        "min": 1,
        "var": 0
    },
    "silence_rate_30dB": {
        "dmean": 0,
        "dmean2": 0,
        "dvar": 0,
        "dvar2": 0,
        "max": 1,
        "mean": 1,
        "median": 1,
        "min": 1,
        "var": 0
    },
    "silence_rate_60dB": {
        "dmean": 0.0756311193109,
        "dmean2": 0.151277825236,
        "dvar": 0.0699125751853,
        "dvar2": 0.139714539051,
        "max": 1,
        "mean": 0.405831456184,
        "median": 0,
        "min": 0,
        "var": 0.241129159927
    },
    "spectral_centroid": {
        "dmean": 209.291412354,
        "dmean2": 311.355255127,
        "dvar": 67097.1640625,
        "dvar2": 128169.179688,
        "max": 11942.4794922,
        "mean": 1388.98095703,
        "median": 1131.73376465,
        "min": 150.855667114,
        "var": 1623154.125
    },
    "spectral_complexity": {
        "dmean": 2.5743432045,
        "dmean2": 3.58450126648,
        "dvar": 11.1048269272,
        "dvar2": 17.6713218689,
        "max": 54,
        "mean": 13.3721408844,
        "median": 9,
        "min": 0,
        "var": 152.106796265
    },
    "spectral_decrease": {
        "dmean": 6.59166832229e-10,
        "dmean2": 8.86996254224e-10,
        "dvar": 1.01619396746e-18,
        "dvar2": 1.82606282717e-18,
        "max": 1.46174736476e-28,
        "mean": -2.40423725373e-09,
        "median": -1.18236087587e-09,
        "min": -2.2807347122e-08,
        "var": 8.29799383654e-18
    },
    "spectral_energy": {
        "dmean": 0.00276799034327,
        "dmean2": 0.0036787816789,
        "dvar": 1.79678663699e-05,
        "dvar2": 3.11099101964e-05,
        "max": 0.0947914719582,
        "mean": 0.0103569542989,
        "median": 0.00477961543947,
        "min": 1.00304615781e-20,
        "var": 0.000161135612871
    },
    "spectral_energyband_high": {
        "dmean": 0.000166187950526,
        "dmean2": 0.000222354632569,
        "dvar": 1.31618364207e-07,
        "dvar2": 2.19667455781e-07,
        "max": 0.0114600490779,
        "mean": 0.000539983739145,
        "median": 5.8799789258e-05,
        "min": 6.99966696691e-21,
        "var": 1.05534377326e-06
    },
    "spectral_energyband_low": {
        "dmean": 0.000630237394944,
        "dmean2": 0.000950324931182,
        "dvar": 2.1971775368e-06,
        "dvar2": 4.7067428568e-06,
        "max": 0.0377526506782,
        "mean": 0.00119655381422,
        "median": 0.000461637740955,
        "min": 1.75502697636e-23,
        "var": 5.12745873493e-06
    },
    "spectral_energyband_middle_high": {
        "dmean": 0.00136429886334,
        "dmean2": 0.00186544528697,
        "dvar": 6.69035671308e-06,
        "dvar2": 1.21357979879e-05,
        "max": 0.052674587816,
        "mean": 0.00456938426942,
        "median": 0.000670215464197,
        "min": 1.17598850009e-21,
        "var": 5.35798462806e-05
    },
    "spectral_energyband_middle_low": {
        "dmean": 0.00156044668984,
        "dmean2": 0.00225983513519,
        "dvar": 7.05922684574e-06,
        "dvar2": 1.47393029692e-05,
        "max": 0.0573399215937,
        "mean": 0.00437271781266,
        "median": 0.0023860365618,
        "min": 1.35476409642e-22,
        "var": 3.06297188217e-05
    },
    "spectral_entropy": {
        "dmean": 0.171042889357,
        "dmean2": 0.24475595355,
        "dvar": 0.0372877083719,
        "dvar2": 0.0718610435724,
        "max": 9.82165908813,
        "mean": 7.41504144669,
        "median": 7.54712486267,
        "min": 4.50721311569,
        "var": 0.364608556032
    },
    "spectral_flux": {
        "dmean": 0.0116280764341,
        "dmean2": 0.0182036776096,
        "dvar": 0.000208474681131,
        "dvar2": 0.000473947031423,
        "max": 0.209570646286,
        "mean": 0.0440518930554,
        "median": 0.0334903039038,
        "min": 6.45788977849e-11,
        "var": 0.00120330019854
    },
    "spectral_kurtosis": {
        "dmean": 1.56502735615,
        "dmean2": 2.56882810593,
        "dvar": 5.97354316711,
        "dvar2": 15.4793300629,
        "max": 54.5568084717,
        "mean": 5.48356628418,
        "median": 4.30711936951,
        "min": -1.30296945572,
        "var": 25.6907215118
    },
    "spectral_rms": {
        "dmean": 0.00041757611325,
        "dmean2": 0.000541223213077,
        "dvar": 2.42390967742e-07,
        "dvar2": 3.80339571393e-07,
        "max": 0.00961662549525,
        "mean": 0.00260379933752,
        "median": 0.00215940736234,
        "min": 3.12822901263e-12,
        "var": 3.32463127961e-06
    },
    "spectral_rolloff": {
        "dmean": 355.553161621,
        "dmean2": 571.404968262,
        "dvar": 439208.09375,
        "dvar2": 1036669.8125,
        "max": 19466.015625,
        "mean": 1697.31738281,
        "median": 1098.19335938,
        "min": 86.1328125,
        "var": 4785440
    },
    "spectral_skewness": {
        "dmean": 0.202852278948,
        "dmean2": 0.319488614798,
        "dvar": 0.0537481196225,
        "dvar2": 0.123669557273,
        "max": 5.69415044785,
        "mean": 1.76664578915,
        "median": 1.60271990299,
        "min": -0.0847325176001,
        "var": 0.402097940445
    },
    "spectral_spread": {
        "dmean": 512486.5625,
        "dmean2": 769400.625,
        "dvar": 677938069504,
        "dvar2": 1.34810396262e+12,
        "max": 47644248,
        "mean": 5175275.5,
        "median": 4399916.5,
        "min": 1258820.625,
        "var": 1.68007460454e+13
    },
    "spectral_strongpeak": {
        "dmean": 0.483739554882,
        "dmean2": 0.78736436367,
        "dvar": 0.844789981842,
        "dvar2": 2.13464236259,
        "max": 10.3532657623,
        "mean": 0.900165975094,
        "median": 0.282877236605,
        "min": 0,
        "var": 1.89158964157
    },
    "zerocrossingrate": {
        "dmean": 0.00825756322592,
        "dmean2": 0.0100662717596,
        "dvar": 8.72238597367e-05,
        "dvar2": 0.000123372330563,
        "max": 0.5234375,
        "mean": 0.0650152042508,
        "median": 0.0576171875,
        "min": 0.0029296875,
        "var": 0.00303967995569
    },
    "barkbands": {
        "dmean": [3.7893425997e-06, 0.000304977613268, 0.00033486780012, 0.000370553840185, 0.000483922951389, 0.000475211534649, 0.000257320411038, 0.000314439384965, 0.000444416713435, 0.000224606410484, 0.0003172980214, 0.000292608950986, 0.000310155912302, 0.000217615830479, 0.000319935701555, 0.000168736834894, 0.000193416766706, 0.000203751318622, 0.000130063242977, 0.000145007972606, 7.03121768311e-05, 4.13610869145e-05, 2.03637700906e-05, 2.22810831474e-05, 1.99193655135e-05, 1.03601178125e-05, 5.99078657615e-06],
        "dmean2": [6.24598487775e-06, 0.000455797300674, 0.000542818859685, 0.000591730989981, 0.000783527153544, 0.00071831891546, 0.000390137953218, 0.00046700736857, 0.000636848038994, 0.000351946539013, 0.000497908971738, 0.000438113260316, 0.000479543494293, 0.000345884240232, 0.000497707340401, 0.000255553779425, 0.000301005435176, 0.000319515296724, 0.000198417474166, 0.000219280700549, 0.000103133519588, 6.14993623458e-05, 3.06353867927e-05, 3.2629348425e-05, 2.81965076283e-05, 1.48964272739e-05, 9.08815673029e-06],
        "dvar": [1.69578254217e-10, 6.06543267168e-07, 9.00746101706e-07, 8.51206209518e-07, 1.03900424619e-06, 1.1043611039e-06, 2.89492220418e-07, 5.3696140867e-07, 1.49400443661e-06, 3.11381171514e-07, 6.69514690799e-07, 5.9121856566e-07, 7.17558350516e-07, 2.87692301981e-07, 7.42503630136e-07, 1.75567450356e-07, 2.09288003816e-07, 2.1301055142e-07, 8.10975535614e-08, 1.33240689593e-07, 2.79359433364e-08, 9.82280212725e-09, 2.11097317404e-09, 2.31968200204e-09, 2.37840858119e-09, 5.86054094143e-10, 3.35501154636e-10],
        "dvar2": [4.39783237605e-10, 1.25463157019e-06, 2.43610793405e-06, 2.22559629037e-06, 2.6744967272e-06, 2.70350392384e-06, 6.92138996783e-07, 1.06086895357e-06, 2.73936234407e-06, 7.60658281251e-07, 1.648034754e-06, 1.23160430121e-06, 1.78909249371e-06, 6.96991321547e-07, 1.87355590242e-06, 3.72567910745e-07, 5.06702463099e-07, 5.3487843843e-07, 1.95470022391e-07, 2.95977542919e-07, 6.18291053911e-08, 2.22376339565e-08, 4.7550345883e-09, 4.92393059659e-09, 4.46364856188e-09, 1.20904908307e-09, 7.17716330811e-10],
        "max": [0.000428495637607, 0.0210970211774, 0.0206567496061, 0.0255962982774, 0.0285790972412, 0.0291929189116, 0.0108802234754, 0.0179872121662, 0.0400868095458, 0.015664961189, 0.013275520876, 0.0318966321647, 0.0280998572707, 0.0115282414481, 0.0164201706648, 0.0138665549457, 0.0123508181423, 0.012290562503, 0.00666526239365, 0.00623505283147, 0.00407804502174, 0.00216776574962, 0.00172176025808, 0.00168945349287, 0.000840475258883, 0.000513661711011, 0.000398730917368],
        "mean": [4.15545264332e-06, 0.000474637898151, 0.000488005840452, 0.000508048746269, 0.000743883254472, 0.00101072934922, 0.000494870822877, 0.000601331295911, 0.000841566768941, 0.000388037791708, 0.000551806238946, 0.000544727023225, 0.000541887420695, 0.000379391451133, 0.00056034658337, 0.000344370986568, 0.000403945246944, 0.000405122002121, 0.000283054512693, 0.000332725263434, 0.000159305636771, 9.3817958259e-05, 5.49766082258e-05, 5.83573018957e-05, 5.17378866789e-05, 2.47607222263e-05, 1.13787991722e-05],
        "median": [4.62668140244e-07, 0.000144780147821, 0.000115063856356, 0.000145411177073, 0.000354598421836, 0.000346161250491, 0.000124241167214, 0.000119383337733, 0.000124665006297, 6.99344236637e-05, 5.19726381754e-05, 6.76094205119e-05, 5.64102447242e-05, 3.58382276318e-05, 3.28813839587e-05, 3.39363177773e-05, 2.91986507364e-05, 3.04972836602e-05, 2.47236021096e-05, 1.51136155182e-05, 9.5199138741e-06, 6.26887458566e-06, 9.56596159085e-06, 9.46664113144e-06, 4.60641967948e-06, 1.33769731292e-06, 2.02288390483e-08],
        "min": [6.89244043148e-26, 2.65505041326e-24, 1.77517744211e-24, 6.26464963892e-25, 2.78924255577e-24, 6.46020204505e-24, 7.37159434809e-24, 8.27450718527e-24, 1.46784547703e-23, 1.20634999875e-23, 8.98484329826e-24, 1.9919496741e-23, 1.95516587895e-23, 3.84285701369e-23, 3.85952248918e-23, 5.79646852112e-23, 8.5103166425e-23, 9.98638331234e-23, 9.72374564236e-23, 1.51233243581e-22, 2.46565001384e-22, 3.01722660748e-22, 4.04295808252e-22, 6.20840095732e-22, 8.79555524053e-22, 1.39236065181e-21, 1.89039022548e-21],
        "var": [1.97609512087e-10, 1.21085611227e-06, 1.18255729831e-06, 1.28310989567e-06, 1.6046770952e-06, 3.41194754583e-06, 8.43984082621e-07, 1.84634802736e-06, 5.13677969138e-06, 7.81643166192e-07, 1.58253146765e-06, 1.97557824322e-06, 1.80182018994e-06, 6.51888456105e-07, 1.88801482182e-06, 5.74675539156e-07, 7.18978867553e-07, 6.19383513367e-07, 3.07048566128e-07, 5.60193200272e-07, 1.11367192801e-07, 3.76935993529e-08, 1.39596538773e-08, 1.37952067547e-08, 1.24619514708e-08, 2.99421931693e-09, 1.14392895156e-09]
    },
    "erbbands": {
        "dmean": [0.00570697057992, 0.0810849219561, 0.300515532494, 0.811184883118, 1.74629378319, 1.4366736412, 2.66767454147, 4.32325553894, 3.50341486931, 4.83876419067, 7.77451276779, 10.1553955078, 7.43302106857, 9.37088680267, 10.5943727493, 12.2410793304, 13.9232063293, 11.7968416214, 10.731757164, 14.6156053543, 8.46529197693, 9.1467590332, 12.0880346298, 7.82660293579, 6.96995353699, 5.95089769363, 3.08082437515, 2.20793414116, 1.71774399281, 0.903776526451, 0.523940384388, 0.432325482368, 0.368134230375, 0.261310696602, 0.125003710389, 0.0440185591578, 0.0211146678776, 0.00636999076232, 0.00130777643062, 3.68138607882e-05],
        "dmean2": [0.00820436701179, 0.1209891662, 0.474637448788, 1.2966247797, 2.88802647591, 2.33485817909, 4.21421718597, 6.4560790062, 5.34213781357, 7.23630714417, 11.3121566772, 14.6466274261, 11.5584230423, 14.6040487289, 16.498588562, 18.1201934814, 21.5300559998, 18.4781093597, 16.4498214722, 22.3672637939, 12.5160474777, 13.8689069748, 19.0195465088, 11.993938446, 10.6886129379, 8.88445663452, 4.5223493576, 3.20862627029, 2.58978104591, 1.3448381424, 0.778490841389, 0.649085044861, 0.543245851994, 0.377955198288, 0.179404169321, 0.063702814281, 0.0307142417878, 0.0094186887145, 0.00201266515069, 5.61839879083e-05],
        "dvar": [0.000170812301803, 0.0427256375551, 0.590591013432, 4.32477521896, 15.0441846848, 10.4344453812, 38.8278160095, 110.800415039, 54.9653968811, 112.425872803, 555.840026855, 654.483947754, 298.88104248, 620.50958252, 877.964233398, 1204.42150879, 1463.1126709, 744.275756836, 684.100280762, 1544.25354004, 325.006347656, 492.523345947, 806.883850098, 360.328704834, 253.226013184, 241.352401733, 57.1311187744, 26.3422870636, 18.9456214905, 4.54704236984, 1.21901011467, 0.930018126965, 0.67570745945, 0.384331911802, 0.0949009656906, 0.0108854081482, 0.00246743368916, 0.000284546928015, 1.74133383553e-05, 1.27756365487e-08],
        "dvar2": [0.000352091796231, 0.0867953076959, 1.48637580872, 11.6376895905, 39.1118354797, 27.0793457031, 103.60181427, 247.50692749, 136.469467163, 249.764419556, 956.547729492, 1263.58508301, 704.999023438, 1532.01501465, 2120.87329102, 2424.6862793, 3759.3046875, 1828.04968262, 1680.5234375, 3704.57666016, 713.211120605, 1124.8704834, 2089.13061523, 872.782653809, 600.746887207, 546.914489746, 124.461624146, 57.4539871216, 44.2303581238, 10.294962883, 2.77545428276, 2.15692138672, 1.40837419033, 0.758206605911, 0.184181854129, 0.0224783010781, 0.00520681170747, 0.000584382913075, 3.81108329748e-05, 2.8380290118e-08],
        "max": [0.30984506011, 5.67634344101, 16.9582271576, 46.7179679871, 96.8244171143, 113.088050842, 179.199661255, 366.697113037, 142.834442139, 296.771026611, 927.484863281, 728.056030273, 367.238433838, 520.80847168, 894.197265625, 1583.5592041, 1291.21875, 534.460388184, 685.821838379, 897.747070312, 470.552734375, 808.482055664, 685.479064941, 612.404052734, 328.792266846, 389.722808838, 198.151107788, 124.285774231, 106.731018066, 70.5085906982, 39.535282135, 41.6645050049, 24.8322181702, 10.432964325, 5.65214061737, 2.56149816513, 1.02322256565, 0.440272688866, 0.0913468077779, 0.00257231341675],
        "mean": [0.00947680324316, 0.127489134669, 0.481477707624, 1.22104382515, 2.27991318703, 2.23851180077, 4.74342250824, 9.37082672119, 7.17580366135, 9.41747093201, 16.001625061, 19.3522033691, 13.598938942, 16.1537532806, 20.2547836304, 24.5208492279, 25.829914093, 21.9168014526, 20.5220851898, 29.2317256927, 19.1264095306, 21.0629901886, 24.3380374908, 17.1883640289, 16.6818504333, 13.9578447342, 7.05795717239, 5.27358055115, 3.85774755478, 2.24696016312, 1.40233886242, 1.10941267014, 0.969520330429, 0.678256213665, 0.321928441525, 0.110606610775, 0.047124914825, 0.0134802656248, 0.00237442809157, 7.31324034859e-05],
        "median": [0.00211826898158, 0.043566185981, 0.152178242803, 0.406081199646, 0.857060909271, 1.0554690361, 1.859821558, 2.38720321655, 2.16459727287, 2.48920965195, 3.25260448456, 3.3426091671, 2.69241476059, 2.64065694809, 2.39106035233, 3.21696949005, 3.20428991318, 2.82213592529, 1.99367856979, 1.9107093811, 2.01993942261, 1.71257412434, 1.76882362366, 1.39592671394, 1.1657834053, 0.719016194344, 0.48619428277, 0.314736902714, 0.23516240716, 0.2091358006, 0.280908107758, 0.22531118989, 0.14470988512, 0.0660248324275, 0.0252823922783, 0.00860121101141, 0.00182889751159, 0.000156034191605, 7.93927210907e-06, 6.4782152549e-06],
        "min": [7.94087708252e-23, 6.05858503804e-22, 2.8569004861e-21, 4.29687652972e-21, 9.02043689163e-21, 1.4826887747e-20, 1.8674977193e-20, 5.81459567634e-20, 1.14397488978e-19, 1.11885496554e-19, 2.23006962566e-19, 4.37087405552e-19, 4.65846924487e-19, 6.53119322699e-19, 8.95618020918e-19, 1.0088368163e-18, 1.50725800991e-18, 2.08804188731e-18, 2.82815553653e-18, 2.74113779045e-18, 4.3187926962e-18, 4.10187202518e-18, 5.65711137031e-18, 6.26736386722e-18, 5.90021892516e-18, 7.62503525894e-18, 8.97149090873e-18, 1.01867598493e-17, 1.07078910798e-17, 9.31160772428e-18, 1.20662043637e-17, 1.06175215979e-17, 9.37129873164e-18, 7.49360949449e-18, 5.73869784848e-18, 4.58352233867e-18, 2.32088516473e-18, 8.37417437922e-19, 2.42816800863e-19, 2.66238322973e-20],
        "var": [0.000446980906418, 0.0843288898468, 0.951948702335, 6.66321229935, 19.5574398041, 15.9375419617, 71.4575195312, 416.28515625, 157.702224731, 363.068847656, 2171.72827148, 2132.73681641, 778.331420898, 1342.5123291, 2338.9909668, 4391.55664062, 3680.11865234, 1779.19104004, 1687.38708496, 4611.16748047, 1207.86560059, 1876.97387695, 2249.06176758, 1161.22937012, 1072.66003418, 1057.55236816, 213.833877563, 120.786048889, 65.5135498047, 23.670999527, 7.77197313309, 4.87203788757, 3.83231043816, 2.01843452454, 0.49007499218, 0.054832290858, 0.0117437904701, 0.00119671516586, 5.53556492378e-05, 3.82616853756e-08]
    },
    "gfcc": {
        "mean": [-97.3326263428, 83.0119934082, -113.564987183, 23.1087093353, -61.5898094177, 11.439622879, -43.975643158, 8.9182767868, -27.6625823975, -1.42393374443, -14.6875181198, -3.18512916565, -13.9349546432],
        "cov": [[30047.1601562, -1378.37963867, -4572.71630859, -357.40335083, -571.482055664, -487.094329834, -332.636871338, 66.6112823486, -420.427062988, 406.717285156, -222.539367676, 268.922271729, -13.9116592407], [-1378.37963867, 1463.95910645, 218.503890991, 13.3873872757, -134.628143311, 67.8780517578, -122.005874634, -28.758020401, 37.6134719849, -118.198570251, 81.0899658203, -97.7917022705, 2.33359575272], [-4572.71630859, 218.503890991, 1895.41784668, 453.126739502, 137.819869995, 356.130493164, 53.7221298218, 92.7077713013, 32.5750350952, -103.210731506, -43.5684089661, -49.2407798767, -76.7579269409], [-357.40335083, 13.3873872757, 453.126739502, 544.019042969, 21.5067100525, 174.478088379, -27.431427002, 90.0942459106, -28.4693775177, -61.6549606323, -25.7834148407, -26.1893234253, -14.6739168167], [-571.482055664, -134.628143311, 137.819869995, 21.5067100525, 261.410186768, 18.9907035828, 104.137588501, 6.61527585983, 22.0296878815, 19.709646225, 2.10380005836, 15.2550392151, -11.9671049118], [-487.094329834, 67.8780517578, 356.130493164, 174.478088379, 18.9907035828, 255.700881958, -2.47524833679, 70.899307251, -13.6052923203, -27.021030426, -9.12260627747, -20.6852302551, -22.2512187958], [-332.636871338, -122.005874634, 53.7221298218, -27.431427002, 104.137588501, -2.47524833679, 153.516830444, 12.2435474396, 29.0983867645, 17.2382049561, -0.0131164649501, 2.5636780262, 1.47928357124], [66.6112823486, -28.758020401, 92.7077713013, 90.0942459106, 6.61527585983, 70.899307251, 12.2435474396, 109.554237366, 22.6022377014, -1.65129637718, -12.0231180191, -10.798333168, -9.92025566101], [-420.427062988, 37.6134719849, 32.5750350952, -28.4693775177, 22.0296878815, -13.6052923203, 29.0983867645, 22.6022377014, 79.8460769653, 20.8449325562, 21.8776283264, -5.63373947144, 12.8780384064], [406.717285156, -118.198570251, -103.210731506, -61.6549606323, 19.709646225, -27.021030426, 17.2382049561, -1.65129637718, 20.8449325562, 81.7842407227, 22.2378005981, 26.5374317169, 1.12815928459], [-222.539367676, 81.0899658203, -43.5684089661, -25.7834148407, 2.10380005836, -9.12260627747, -0.0131164649501, -12.0231180191, 21.8776283264, 22.2378005981, 80.5015335083, 19.9282569885, 29.041305542], [268.922271729, -97.7917022705, -49.2407798767, -26.1893234253, 15.2550392151, -20.6852302551, 2.5636780262, -10.798333168, -5.63373947144, 26.5374317169, 19.9282569885, 72.3001556396, 27.6268234253], [-13.9116592407, 2.33359575272, -76.7579269409, -14.6739168167, -11.9671049118, -22.2512187958, 1.47928357124, -9.92025566101, 12.8780384064, 1.12815928459, 29.041305542, 27.6268234253, 78.1521911621]],
        "icov": [[7.62303970987e-05, -1.92016541405e-05, 0.000201251357794, -9.70834298641e-05, 8.14199956949e-05, -4.73039981443e-05, 8.8418382802e-06, -0.000158513779752, 0.000274846563116, -0.000347868510289, 0.000322427222272, -0.000239039916778, 9.67052765191e-05], [-1.92016541405e-05, 0.00112724758219, -0.000127510094899, 0.000234818566241, 0.000211548802326, -0.000260712462477, 0.000708157487679, 0.000462243944639, -0.000928616966121, 0.00179736933205, -0.0017765131779, 0.00117891782429, 0.000255688995821], [0.000201251357794, -0.000127510094899, 0.00147681392264, -0.000775506719947, 5.50932441001e-07, -0.00117067887913, -0.000244339811616, 0.000234617793467, -0.000532860402018, -2.40404624492e-05, 0.00119509617798, -0.00128698302433, 0.00114467227831], [-9.70834298641e-05, 0.000234818566241, -0.000775506719947, 0.00319543015212, -0.000531770056114, -0.000595495221205, 0.000916978984606, -0.00182083935943, 0.00111643539276, 0.00158246501815, -0.000891199219041, 0.00105396145955, -0.00093366636429], [8.14199956949e-05, 0.000211548802326, 5.50932441001e-07, -0.000531770056114, 0.00587004655972, -0.000324794411426, -0.00359996641055, 0.0008059865213, -0.000699817319401, -0.000496262626257, -5.87622198509e-05, -0.00178301916458, 0.00166031601839], [-4.73039981443e-05, -0.000260712462477, -0.00117067887913, -0.000595495221205, -0.000324794411426, 0.00718063022941, 8.11395730125e-05, -0.00390829565004, 0.00317879184149, -0.00054766132962, -0.00140480673872, 0.00126078329049, -0.000204728465178], [8.8418382802e-06, 0.000708157487679, -0.000244339811616, 0.000916978984606, -0.00359996641055, 8.11395730125e-05, 0.0102200591937, -0.000863094814122, -0.00205636979081, 9.85654623946e-05, -6.49579942547e-06, 0.00162869354244, -0.00115443044342], [-0.000158513779752, 0.000462243944639, 0.000234617793467, -0.00182083935943, 0.0008059865213, -0.00390829565004, -0.000863094814122, 0.0151130966842, -0.00763209257275, 0.000904577260371, 0.00179525651038, -0.000266136339633, 0.001463444205], [0.000274846563116, -0.000928616966121, -0.000532860402018, 0.00111643539276, -0.000699817319401, 0.00317879184149, -0.00205636979081, -0.00763209257275, 0.0224182978272, -0.00756118353456, -0.00247834878974, 0.00476061878726, -0.00471594044939], [-0.000347868510289, 0.00179736933205, -2.40404624492e-05, 0.00158246501815, -0.000496262626257, -0.00054766132962, 9.85654623946e-05, 0.000904577260371, -0.00756118353456, 0.023002544418, -0.0072418586351, -0.0047021410428, 0.00530613027513], [0.000322427222272, -0.0017765131779, 0.00119509617798, -0.000891199219041, -5.87622198509e-05, -0.00140480673872, -6.49579942547e-06, 0.00179525651038, -0.00247834878974, -0.0072418586351, 0.0211345776916, -0.00479263300076, -0.00471055600792], [-0.000239039916778, 0.00117891782429, -0.00128698302433, 0.00105396145955, -0.00178301916458, 0.00126078329049, 0.00162869354244, -0.000266136339633, 0.00476061878726, -0.0047021410428, -0.00479263300076, 0.0230074897408, -0.00819135364145], [9.67052765191e-05, 0.000255688995821, 0.00114467227831, -0.00093366636429, 0.00166031601839, -0.000204728465178, -0.00115443044342, 0.001463444205, -0.00471594044939, 0.00530613027513, -0.00471055600792, -0.00819135364145, 0.0195042211562]]
    },
    "melbands": {
        "dmean": [7.06700593582e-05, 0.000133809662657, 0.000165866571479, 0.000113471214718, 8.2047226897e-05, 9.39476522035e-05, 5.32816702616e-05, 5.50740514882e-05, 6.99229494785e-05, 6.39594727545e-05, 3.66842141375e-05, 3.66876629414e-05, 3.57445132977e-05, 3.13154087053e-05, 3.37278215738e-05, 3.2635347452e-05, 2.3478309231e-05, 1.51213880599e-05, 2.8424352422e-05, 1.50825098899e-05, 1.02777376014e-05, 1.07042033051e-05, 1.14265612865e-05, 9.58489636105e-06, 6.89052421876e-06, 4.5743845476e-06, 7.11597022018e-06, 3.36431708092e-06, 1.88997353234e-06, 2.2305262064e-06, 1.24567384319e-06, 1.23610061564e-06, 5.35325625606e-07, 5.44540341707e-07, 3.26928841332e-07, 3.2452030041e-07, 2.80933420527e-07, 2.73183047739e-07, 3.081118507e-07, 2.37596580632e-07],
        "dmean2": [0.000103651618701, 0.000206985656405, 0.000264371861704, 0.000184870368685, 0.000129255495267, 0.000140977295814, 8.05432864581e-05, 8.23306982056e-05, 0.000100582983578, 9.29680099944e-05, 5.74475452595e-05, 5.73832221562e-05, 5.60302105441e-05, 4.72791471111e-05, 5.10174650117e-05, 5.10336030857e-05, 3.72487265849e-05, 2.33586779359e-05, 4.44392680947e-05, 2.30775331147e-05, 1.56183141371e-05, 1.64379216585e-05, 1.7769225451e-05, 1.49206425704e-05, 1.07389141704e-05, 7.07249682819e-06, 1.1001789062e-05, 5.06867763761e-06, 2.75038132713e-06, 3.38240624842e-06, 1.88014348623e-06, 1.89640593362e-06, 8.09266509805e-07, 8.29672160307e-07, 4.91154878546e-07, 5.07635604663e-07, 4.24498239227e-07, 4.11472313999e-07, 4.64736928052e-07, 3.49498037622e-07],
        "dvar": [3.00455376134e-08, 1.04967405434e-07, 1.46175679561e-07, 6.05952337196e-08, 3.63104888379e-08, 4.72395846884e-08, 1.21751719817e-08, 1.46279912627e-08, 5.67765425785e-08, 2.48129516933e-08, 7.56162510385e-09, 9.58580326227e-09, 8.37642399887e-09, 6.97739155342e-09, 8.72880967506e-09, 8.32703506148e-09, 3.39299988106e-09, 1.60176216735e-09, 7.58883622609e-09, 1.51936463411e-09, 5.61612423233e-10, 6.83370360299e-10, 7.26538162965e-10, 5.10089470662e-10, 3.06526276583e-10, 1.22545876224e-10, 4.00586647187e-10, 9.38953151342e-11, 2.62391029043e-11, 3.91405276245e-11, 1.25278051821e-11, 1.0994258455e-11, 1.61134322031e-12, 1.86949370914e-12, 5.38858725436e-13, 4.9789279687e-13, 3.91596396152e-13, 3.71250231078e-13, 5.3554209678e-13, 3.28127065449e-13],
        "dvar2": [6.05335159776e-08, 2.3159441298e-07, 3.87327986573e-07, 1.5804444331e-07, 9.4342318846e-08, 1.0839012532e-07, 2.96330373573e-08, 3.15827861641e-08, 9.38100370718e-08, 5.00480048515e-08, 1.79228081265e-08, 2.37641959444e-08, 2.0523771127e-08, 1.46744234542e-08, 2.0322573846e-08, 2.04773211721e-08, 8.49313330775e-09, 3.83721721064e-09, 1.94680129795e-08, 3.35035843513e-09, 1.29716393182e-09, 1.55971513482e-09, 1.81796933063e-09, 1.22451104811e-09, 7.55915829931e-10, 3.08097714008e-10, 8.96938190387e-10, 2.1687987517e-10, 5.46459093254e-11, 8.91754725618e-11, 2.92458904316e-11, 2.65921937248e-11, 3.74475060336e-12, 4.5135440524e-12, 1.26593408065e-12, 1.25275300116e-12, 9.18826104611e-13, 8.14507641021e-13, 1.18919999716e-12, 6.80612684267e-13],
        "max": [0.00464537646621, 0.00884210690856, 0.00942056719214, 0.00672740861773, 0.00683335727081, 0.00711817154661, 0.00200403248891, 0.00351261394098, 0.00987672805786, 0.00389266340062, 0.00183627009392, 0.0022936873138, 0.00215541408397, 0.00381021597423, 0.00217781355605, 0.00280933314934, 0.00122699222993, 0.000943610852119, 0.00166245899163, 0.00129354663659, 0.000629803806078, 0.000889652757905, 0.000697195588145, 0.000526135379914, 0.000508568773512, 0.000265051960014, 0.000407130894018, 0.000234923732933, 0.000122868194012, 0.000133877285407, 9.72906127572e-05, 8.50901487865e-05, 3.88954904338e-05, 4.00063509005e-05, 2.30339155678e-05, 2.35579136643e-05, 2.13988696487e-05, 1.59093360708e-05, 1.44282803376e-05, 9.2975460575e-06],
        "mean": [0.000114174137707, 0.000227869502851, 0.000250445038546, 0.000163244752912, 0.000151517015183, 0.000204654803383, 0.000108907006506, 0.000105851650005, 0.000142330682138, 0.000118207935884, 6.41689111944e-05, 6.11073555774e-05, 6.56047996017e-05, 5.86079695495e-05, 6.53165043332e-05, 5.35302096978e-05, 4.01391043852e-05, 2.74287813227e-05, 4.95727617817e-05, 3.06037109112e-05, 2.08935380215e-05, 2.23793904297e-05, 2.24605464609e-05, 1.86895867955e-05, 1.3509746168e-05, 9.58327018452e-06, 1.57974573085e-05, 7.23731636754e-06, 3.89796605305e-06, 4.51924506706e-06, 2.6524724035e-06, 2.51937490248e-06, 1.2128389244e-06, 1.23994391288e-06, 7.83518657954e-07, 7.4674227335e-07, 6.59949080273e-07, 6.59128602365e-07, 7.01144756476e-07, 5.62992340747e-07],
        "median": [2.98490522255e-05, 8.13760561869e-05, 9.22532490222e-05, 7.5224757893e-05, 6.36122276774e-05, 5.75809026486e-05, 3.19106693496e-05, 2.59149364865e-05, 2.42871865339e-05, 1.84399614227e-05, 1.14044323709e-05, 9.6686235338e-06, 6.98961139278e-06, 7.96525455371e-06, 5.8474074649e-06, 6.11036011833e-06, 4.22318044002e-06, 2.81407278635e-06, 2.30523573919e-06, 2.62314961219e-06, 2.02600676857e-06, 1.62635546985e-06, 1.543546432e-06, 1.45944682117e-06, 9.71979147835e-07, 8.72775331118e-07, 5.99181248617e-07, 4.0827040948e-07, 2.94406760304e-07, 2.33637649671e-07, 1.47484087165e-07, 1.30723094571e-07, 1.09120215086e-07, 1.10734326597e-07, 1.46878818441e-07, 1.73107594037e-07, 1.26770544284e-07, 1.07611072053e-07, 7.34872855901e-08, 4.84309445881e-08],
        "min": [6.65594979285e-25, 1.25544333724e-24, 1.16254116058e-24, 4.40053335595e-25, 1.04889854883e-24, 1.60854221158e-24, 1.87891166507e-24, 9.56549462274e-25, 1.89455122695e-24, 2.61654236538e-24, 2.16456687632e-24, 2.12125644047e-24, 2.47703862518e-24, 1.92134035164e-24, 2.95687865357e-24, 1.97395362693e-24, 3.94411519949e-24, 3.39147593132e-24, 2.61111026919e-24, 2.6498441285e-24, 4.46885166857e-24, 3.51257909648e-24, 5.55444536431e-24, 3.6511220041e-24, 4.15012346387e-24, 3.22084551474e-24, 4.74406196701e-24, 4.06888538456e-24, 4.12395694765e-24, 4.55758471535e-24, 5.40771486935e-24, 5.27870613464e-24, 4.29450749206e-24, 5.62053258107e-24, 5.9212250589e-24, 5.05241428423e-24, 5.89968521188e-24, 6.12680576067e-24, 5.94765111036e-24, 5.7208819991e-24],
        "var": [6.82881804437e-08, 2.02839800068e-07, 2.36068686377e-07, 8.43838208198e-08, 7.01746074583e-08, 1.6966929195e-07, 3.6034791151e-08, 4.81889514958e-08, 2.2459468596e-07, 7.49889181861e-08, 1.91188380683e-08, 2.04089811717e-08, 2.18933458029e-08, 2.17830855576e-08, 2.71237716731e-08, 1.91392075521e-08, 7.04719527178e-09, 3.6535501291e-09, 1.88829893943e-08, 4.89199925013e-09, 1.72710290514e-09, 2.31877739232e-09, 2.22949769757e-09, 1.41649725283e-09, 8.54053772148e-10, 4.11745110229e-10, 1.53131807235e-09, 3.60786678311e-10, 7.75051411939e-11, 1.21872567593e-10, 4.51376401533e-11, 3.14918820188e-11, 6.64026472696e-12, 8.54144706353e-12, 2.65600497325e-12, 2.26034121975e-12, 1.70876344758e-12, 1.73942815446e-12, 2.25451038047e-12, 1.48693991148e-12]
    },
    "mfcc": {
        "mean": [-732.242919922, 114.246574402, 3.42132568359, 12.5948314667, 4.95495319366, -3.23538398743, -1.1780230999, 1.07967221737, -6.51056671143, 0.38604670763, -3.84597206116, -0.833265662193, -4.22410869598],
        "cov": [[19009.3769531, -1023.82495117, -3603.96362305, -276.351623535, -791.411193848, -340.818450928, -200.781936646, -424.649078369, 72.9170608521, -349.439758301, 100.062713623, 1.0633327961, 179.481292725], [-1023.82495117, 1286.25366211, 308.896789551, -69.466583252, 61.4138183594, -15.7473707199, -41.1593856812, 8.45450782776, -92.2373428345, 46.7870063782, -29.2470531464, 18.9021110535, -30.7725105286], [-3603.96362305, 308.896789551, 1561.39807129, 239.2056427, 351.015625, 186.517776489, 137.47366333, 215.679824829, 28.3807792664, 137.810180664, -47.1403770447, 16.0999393463, -54.2609405518], [-276.351623535, -69.466583252, 239.2056427, 322.285064697, 126.975723267, 55.3317108154, 52.1612167358, 68.8886947632, 26.7258758545, 23.6741371155, -4.42995452881, -3.59199380875, -7.08724737167], [-791.411193848, 61.4138183594, 351.015625, 126.975723267, 231.85975647, 81.7058410645, 64.3798065186, 88.7136306763, 18.334695816, 46.0906105042, -3.80340957642, 8.82005405426, 1.61248207092], [-340.818450928, -15.7473707199, 186.517776489, 55.3317108154, 81.7058410645, 123.697631836, 69.0864868164, 45.1119346619, 18.4339027405, 17.0527496338, 2.35709571838, 3.74273014069, -0.577925384045], [-200.781936646, -41.1593856812, 137.47366333, 52.1612167358, 64.3798065186, 69.0864868164, 113.536735535, 64.4966964722, 27.3387336731, 24.2000579834, 9.4637594223, 6.69798994064, 3.09870290756], [-424.649078369, 8.45450782776, 215.679824829, 68.8886947632, 88.7136306763, 45.1119346619, 64.4966964722, 113.464454651, 38.055770874, 37.3289299011, 0.194098293781, 1.57514595985, -2.62550544739], [72.9170608521, -92.2373428345, 28.3807792664, 26.7258758545, 18.334695816, 18.4339027405, 27.3387336731, 38.055770874, 78.1282730103, 29.7404785156, 12.8997993469, -2.35193753242, 2.25653123856], [-349.439758301, 46.7870063782, 137.810180664, 23.6741371155, 46.0906105042, 17.0527496338, 24.2000579834, 37.3289299011, 29.7404785156, 75.9275131226, 23.9509315491, 8.64021968842, -6.77249479294], [100.062713623, -29.2470531464, -47.1403770447, -4.42995452881, -3.80340957642, 2.35709571838, 9.4637594223, 0.194098293781, 12.8997993469, 23.9509315491, 65.3435440063, 24.8867988586, 5.45111560822], [1.0633327961, 18.9021110535, 16.0999393463, -3.59199380875, 8.82005405426, 3.74273014069, 6.69798994064, 1.57514595985, -2.35193753242, 8.64021968842, 24.8867988586, 60.4255981445, 16.5102901459], [179.481292725, -30.7725105286, -54.2609405518, -7.08724737167, 1.61248207092, -0.577925384045, 3.09870290756, -2.62550544739, 2.25653123856, -6.77249479294, 5.45111560822, 16.5102901459, 59.5904960632]],
