{
"lowlevel": {
    "average_loudness": 0.842310607433,
    "barkbands_crest": {
        "dmean": 2.82917785645,
        "dmean2": 4.5198507309,
        "dvar": 6.86209535599,
        "dvar2": 16.0039710999,
        "max": 26.0799369812,
        "mean": 12.3737640381,
        "median": 11.5576267242,
        "min": 3.13073587418,
        "var": 20.876789093
    },
    "barkbands_flatness_db": {
        "dmean": 0.0259519126266,
        "dmean2": 0.0377719439566,
        "dvar": 0.000568517716601,
        "dvar2": 0.00115849403664,
        "max": 0.708016991615,
        "mean": 0.194884449244,
        "median": 0.18860539794,
        "min": 0.0411011390388,
        "var": 0.0046853153035
    },
    "barkbands_kurtosis": {
        "dmean": 3.96908831596,
        "dmean2": 6.25245141983,
        "dvar": 40.8024902344,
        "dvar2": 94.9830703735,
        "max": 257.031341553,
        "mean": 7.41207742691,
        "median": 4.57316589355,
        "min": -1.68931150436,
        "var": 92.5915222168
    },
    "barkbands_skewness": {
        "dmean": 0.601348221302,
        "dmean2": 0.924356460571,
        "dvar": 0.409110784531,
        "dvar2": 0.899084746838,
        "max": 13.0357379913,
        "mean": 1.59403288364,
        "median": 1.46281337738,
        "min": -3.58022046089,
        "var": 1.61102330685
    },
    "barkbands_spread": {
        "dmean": 3.05861711502,
        "dmean2": 4.77429246902,
        "dvar": 17.5102539062,
        "dvar2": 39.6103134155,
        "max": 94.1102981567,
        "mean": 10.5165920258,
        "median": 8.94796657562,
        "min": 0.173438504338,
        "var": 49.5830039978
    },
    "dissonance": {
        "dmean": 0.0349422506988,
        "dmean2": 0.0589217431843,
        "dvar": 0.00110456172843,
        "dvar2": 0.00293102255091,
        "max": 0.500000178814,
        "mean": 0.425636321306,
        "median": 0.437996268272,
        "min": 0.0345138087869,
        "var": 0.00330141186714
    },
    "dynamic_complexity": 3.77745270729,
    "erbbands_crest": {
        "dmean": 3.0315515995,
        "dmean2": 4.75361394882,
        "dvar": 10.4920272827,
        "dvar2": 22.2283306122,
        "max": 34.0219306946,
        "mean": 13.679810524,
        "median": 12.6333065033,
        "min": 2.42822599411,
        "var": 42.7271385193
    },
    "erbbands_flatness_db": {
        "dmean": 0.0249724797904,
        "dmean2": 0.035407319665,
        "dvar": 0.000641410239041,
        "dvar2": 0.00120444910135,
        "max": 0.590648531914,
        "mean": 0.199983432889,
        "median": 0.195478707552,
        "min": 0.0364628583193,
        "var": 0.00431891530752
    },
    "erbbands_kurtosis": {
        "dmean": 2.24444842339,
        "dmean2": 3.44334053993,
        "dvar": 17.133058548,
        "dvar2": 35.4840431213,
        "max": 141.975662231,
        "mean": 4.30326318741,
        "median": 2.40777468681,
        "min": -1.81123793125,
        "var": 46.6931381226
    },
    "erbbands_skewness": {
        "dmean": 0.426325500011,
        "dmean2": 0.651026308537,
        "dvar": 0.210259437561,
        "dvar2": 0.456771194935,
        "max": 8.35392665863,
        "mean": 1.27069115639,
        "median": 1.13969326019,
        "min": -1.7517683506,
        "var": 0.881334602833
    },
    "erbbands_spread": {
        "dmean": 5.95347261429,
        "dmean2": 9.13138771057,
        "dvar": 65.8881912231,
        "dvar2": 140.492935181,
        "max": 118.361198425,
        "mean": 22.5196208954,
        "median": 18.4711685181,
        "min": 0.55762720108,
        "var": 249.147262573
    },
    "hfc": {
        "dmean": 3.786891222,
        "dmean2": 5.37640190125,
        "dvar": 26.8057861328,
        "dvar2": 50.9585075378,
        "max": 76.7102890015,
        "mean": 12.269282341,
        "median": 8.99726772308,
        "min": 1.06713492182e-16,
        "var": 122.025421143
    },
    "melbands_crest": {
        "dmean": 3.29975223541,
        "dmean2": 5.33250188828,
        "dvar": 9.04919815063,
        "dvar2": 22.2173175812,
        "max": 33.6929473877,
        "mean": 14.7501430511,
        "median": 14.0092325211,
        "min": 1.55296206474,
        "var": 27.5633087158
    },
    "melbands_flatness_db": {
        "dmean": 0.0278259031475,
        "dmean2": 0.040923178196,
        "dvar": 0.000704666075762,
        "dvar2": 0.00145005458035,
        "max": 0.832400023937,
        "mean": 0.271505832672,
        "median": 0.26589256525,
        "min": 0.00301040476188,
        "var": 0.00665599759668
    },
    "melbands_kurtosis": {
        "dmean": 5.96859931946,
        "dmean2": 9.52976036072,
        "dvar": 107.657455444,
        "dvar2": 263.229675293,
        "max": 199.501983643,
        "mean": 10.9784784317,
        "median": 6.11748933792,
        "min": -1.75510025024,
        "var": 237.220352173
    },
    "melbands_skewness": {
        "dmean": 0.689784407616,
        "dmean2": 1.06935632229,
        "dvar": 0.587069988251,
        "dvar2": 1.31426596642,
        "max": 10.8171033859,
        "mean": 1.84260427952,
        "median": 1.58102440834,
        "min": -2.49764490128,
        "var": 2.23754000664
    },
    "melbands_spread": {
        "dmean": 3.25899791718,
        "dmean2": 5.09743261337,
        "dvar": 16.6366462708,
        "dvar2": 37.8810882568,
        "max": 164.401870728,
        "mean": 12.7878017426,
        "median": 10.4601345062,
        "min": 0.34206584096,
        "var": 164.859161377
    },
    "pitch_salience": {
        "dmean": 0.0786726772785,
        "dmean2": 0.127795264125,
        "dvar": 0.00583733152598,
        "dvar2": 0.0140255447477,
        "max": 0.862246274948,
        "mean": 0.500248014927,
        "median": 0.491895079613,
        "min": 0.103879466653,
        "var": 0.0152682745829
    },
    "silence_rate_20dB": {
        "dmean": 0,
        "dmean2": 0,
        "dvar": 0,
        "dvar2": 0,
        "max": 1,
        "mean": 1,
        "median": 1,
        "min": 1,
        "var": 0
    },
    "silence_rate_30dB": {
        "dmean": 0.00136355892755,
        "dmean2": 0.00272727268748,
        "dvar": 0.00136174215004,
        "dvar2": 0.00340182241052,
        "max": 1,
        "mean": 0.998522877693,
        "median": 1,
        "min": 0,
        "var": 0.00147473509423
    },
    "silence_rate_60dB": {
        "dmean": 0.025453099981,
        "dmean2": 0.0509090907872,
        "dvar": 0.0248001832515,
        "dvar2": 0.057733476162,
        "max": 1,
        "mean": 0.074934668839,
        "median": 0,
        "min": 0,
        "var": 0.0693198964
    },
    "spectral_centroid": {
        "dmean": 140.19329834,
        "dmean2": 217.05947876,
        "dvar": 42983.4257812,
        "dvar2": 89897.03125,
        "max": 11905.7333984,
        "mean": 829.232788086,
        "median": 665.16027832,
        "min": 160.478805542,
        "var": 934470.5
    },
    "spectral_complexity": {
        "dmean": 1.99715924263,
        "dmean2": 3.13613629341,
        "dvar": 3.79524612427,
        "dvar2": 8.1477060318,
        "max": 44,
        "mean": 11.3086013794,
        "median": 11,
        "min": 0,
        "var": 22.4174289703
    },
    "spectral_decrease": {
        "dmean": 2.18333862101e-09,
        "dmean2": 3.25165050441e-09,
        "dvar": 7.91332755475e-18,
        "dvar2": 1.70675104007e-17,
        "max": 2.42378692761e-28,
        "mean": -6.21415585655e-09,
        "median": -4.98144192562e-09,
        "min": -3.72791717496e-08,
        "var": 2.57634682746e-17
    },
    "spectral_energy": {
        "dmean": 0.00854493211955,
        "dmean2": 0.012699296698,
        "dvar": 0.000120749631606,
        "dvar2": 0.000258799031144,
        "max": 0.145228862762,
        "mean": 0.0245665218681,
        "median": 0.0197175536305,
        "min": 1.01015223704e-20,
        "var": 0.000400980003178
    },
    "spectral_energyband_high": {
        "dmean": 6.13972442807e-05,
        "dmean2": 8.85780100361e-05,
        "dvar": 1.43615688231e-08,
        "dvar2": 3.16813988377e-08,
        "max": 0.00385313341394,
        "mean": 0.000123882753542,
        "median": 6.43311359454e-05,
        "min": 7.02326746376e-21,
        "var": 3.35921050976e-08
    },
    "spectral_energyband_low": {
        "dmean": 0.00350817036815,
        "dmean2": 0.00544199952856,
        "dvar": 3.94675043935e-05,
        "dvar2": 9.96784583549e-05,
        "max": 0.0850365310907,
        "mean": 0.00610956596211,
        "median": 0.00296951155178,
        "min": 6.33857428739e-24,
        "var": 6.61099620629e-05
    },
    "spectral_energyband_middle_high": {
        "dmean": 0.00116168346722,
        "dmean2": 0.00164833990857,
        "dvar": 5.48054458704e-06,
        "dvar2": 9.94766378426e-06,
        "max": 0.0466419644654,
        "mean": 0.0033667802345,
        "median": 0.00141628622077,
        "min": 9.78220843959e-22,
        "var": 2.39759174292e-05
    },
    "spectral_energyband_middle_low": {
        "dmean": 0.00607944233343,
        "dmean2": 0.00909344945103,
        "dvar": 7.74341824581e-05,
        "dvar2": 0.000161194504471,
        "max": 0.116352699697,
        "mean": 0.0157476011664,
        "median": 0.0102906525135,
        "min": 1.65539835632e-22,
        "var": 0.00026026024716
    },
    "spectral_entropy": {
        "dmean": 0.239679738879,
        "dmean2": 0.345757722855,
        "dvar": 0.053446624428,
        "dvar2": 0.107401669025,
        "max": 9.82374572754,
        "mean": 6.90267133713,
        "median": 6.93287086487,
        "min": 3.32132077217,
        "var": 0.432805776596
    },
    "spectral_flux": {
        "dmean": 0.0290547665209,
        "dmean2": 0.0468909032643,
        "dvar": 0.000980615615845,
        "dvar2": 0.00235763192177,
        "max": 0.295093774796,
        "mean": 0.0676133185625,
        "median": 0.05776809901,
        "min": 6.39290773097e-11,
        "var": 0.0018062609015
    },
    "spectral_kurtosis": {
        "dmean": 4.77922487259,
        "dmean2": 7.69116926193,
        "dvar": 255.617950439,
        "dvar2": 659.746398926,
        "max": 624.429748535,
        "mean": 13.2486009598,
        "median": 7.36948537827,
        "min": -1.26248764992,
        "var": 1268.78601074
    },
    "spectral_rms": {
        "dmean": 0.000840391789097,
        "dmean2": 0.00122758327052,
        "dvar": 8.59352269345e-07,
        "dvar2": 1.73853936758e-06,
        "max": 0.0119032226503,
        "mean": 0.00445610890165,
        "median": 0.00438595935702,
        "min": 3.13929026004e-12,
        "var": 4.11034170611e-06
    },
    "spectral_rolloff": {
        "dmean": 158.578109741,
        "dmean2": 274.934082031,
        "dvar": 181623.75,
        "dvar2": 425929.71875,
        "max": 19745.9472656,
        "mean": 853.065063477,
        "median": 645.99609375,
        "min": 86.1328125,
        "var": 2737313.5
    },
    "spectral_skewness": {
        "dmean": 0.378161102533,
        "dmean2": 0.587566018105,
        "dvar": 0.273318231106,
        "dvar2": 0.642716765404,
        "max": 21.8446617126,
        "mean": 2.51160812378,
        "median": 2.24077177048,
        "min": -0.141125172377,
        "var": 2.8998401165
    },
    "spectral_spread": {
        "dmean": 637095.25,
        "dmean2": 938740.0625,
        "dvar": 653048610816,
        "dvar2": 1.32215105126e+12,
        "max": 42729668,
        "mean": 4283875,
        "median": 3830970.5,
        "min": 141544.640625,
        "var": 1.22581585756e+13
    },
    "spectral_strongpeak": {
        "dmean": 0.577498435974,
        "dmean2": 0.920515120029,
        "dvar": 0.694347918034,
        "dvar2": 1.37414121628,
        "max": 9.21007347107,
        "mean": 1.39661753178,
        "median": 0.755619049072,
        "min": 0,
        "var": 2.14501738548
    },
    "zerocrossingrate": {
        "dmean": 0.00618975050747,
        "dmean2": 0.00759130297229,
        "dvar": 6.02238469583e-05,
        "dvar2": 8.94049735507e-05,
        "max": 0.52734375,
        "mean": 0.038222335279,
        "median": 0.03173828125,
        "min": 0.00341796875,
        "var": 0.00194311409723
    },
    "barkbands": {
        "dmean": [4.69781389256e-06, 0.00220952485688, 0.00147120212205, 0.000863002613187, 0.00150165555533, 0.00195769639686, 0.00151614681818, 0.00117699825205, 0.0011093209032, 0.000655874027871, 0.00038922400563, 0.00020043758559, 9.70323162619e-05, 9.50413013925e-05, 6.99777592672e-05, 5.29555545654e-05, 3.6853907659e-05, 3.7377289118e-05, 3.55426345777e-05, 3.33835087076e-05, 1.70387738763e-05, 8.70953226695e-06, 7.02653505869e-06, 8.26285213407e-06, 7.29302064428e-06, 7.63385105529e-06, 1.91004846783e-06],
        "dmean2": [8.31885245134e-06, 0.00333828758448, 0.00244735833257, 0.00145778583828, 0.00251182494685, 0.00308106327429, 0.00235472456552, 0.00164719787426, 0.00161357969046, 0.000952937174588, 0.000550498603843, 0.000286291789962, 0.000144430014188, 0.000142701654113, 0.000106668230728, 8.04031005828e-05, 5.57091480005e-05, 5.60905427847e-05, 5.47162526345e-05, 5.10549180035e-05, 2.51499495789e-05, 1.3841558939e-05, 1.07355872387e-05, 1.21606417451e-05, 1.04842738438e-05, 1.17613371913e-05, 3.19512969327e-06],
        "dvar": [1.37985164961e-10, 1.68609458342e-05, 1.00117740658e-05, 2.78461311609e-06, 7.96453969087e-06, 1.85232311196e-05, 1.78125592356e-05, 1.01989162431e-05, 1.2421849533e-05, 3.67945108337e-06, 1.86332522389e-06, 4.67153483896e-07, 8.00792321343e-08, 1.20581674423e-07, 2.77329519349e-08, 2.50746179375e-08, 1.14883054181e-08, 1.28451880244e-08, 1.1597941274e-08, 6.55284182471e-09, 1.64748170661e-09, 6.65688781876e-10, 2.96743324357e-10, 4.28199503633e-10, 3.43364697786e-10, 5.15124221057e-10, 8.50908579708e-11],
        "dvar2": [4.04928646169e-10, 3.95254683099e-05, 2.74474205071e-05, 6.70345025355e-06, 2.06122149393e-05, 4.22321681981e-05, 3.46726483258e-05, 1.74985925696e-05, 2.10968482861e-05, 6.49429648547e-06, 3.04996046907e-06, 8.25497238566e-07, 1.42718889151e-07, 2.27486253834e-07, 5.98461298296e-08, 4.75185935045e-08, 2.28341718866e-08, 2.37158879202e-08, 2.33836043861e-08, 1.37110491849e-08, 3.47170159287e-09, 1.81162806978e-09, 6.6575744917e-10, 9.00200303189e-10, 7.42137906684e-10, 1.25678101259e-09, 2.1200312339e-10],
        "max": [0.000594981887843, 0.0530056133866, 0.0622791796923, 0.0335203409195, 0.0915835350752, 0.095309458673, 0.0919447913766, 0.0923497229815, 0.0800671130419, 0.0498345531523, 0.0404130071402, 0.0301679950207, 0.0108492411673, 0.020585687831, 0.00567105552182, 0.00856906920671, 0.00425731856376, 0.00528526678681, 0.00489663565531, 0.00268101738766, 0.00181566015817, 0.000804520968813, 0.000854623620398, 0.000766001525335, 0.000832618563436, 0.000815573788714, 0.000515595311299],
        "mean": [4.84358224639e-06, 0.00374996266328, 0.00183821097016, 0.00111229822505, 0.00235628313385, 0.00336384517141, 0.00323270703666, 0.00279064127244, 0.00234419549815, 0.00138794700615, 0.000921167025808, 0.000482355215354, 0.000183702126378, 0.000194029562408, 0.000139463169035, 9.51632973738e-05, 7.02968318365e-05, 7.08951847628e-05, 6.67992353556e-05, 6.69585497235e-05, 3.26210283674e-05, 1.45991116369e-05, 1.21249613585e-05, 1.40969841596e-05, 1.1901115613e-05, 7.87518365541e-06, 1.48687104229e-06],
        "median": [2.01519196708e-06, 0.00120052159764, 0.000621362007223, 0.000355558178853, 0.00101785128936, 0.00097988313064, 0.000638894503936, 0.000334730604663, 0.000348003930412, 0.0002330019488, 9.51114780037e-05, 8.01778878667e-05, 5.49202522961e-05, 4.01559154852e-05, 4.06143299188e-05, 1.69874128915e-05, 1.83375232155e-05, 1.60725794558e-05, 2.19358535105e-05, 2.2655884095e-05, 1.21542498164e-05, 6.00462908551e-06, 5.55553287995e-06, 6.29726218904e-06, 5.06174092152e-06, 1.78582308763e-06, 1.15336881379e-07],
        "min": [5.70487098235e-25, 2.02393506502e-24, 4.9563573542e-25, 6.21145378986e-25, 6.93814052422e-24, 4.82601751531e-24, 5.3940936081e-24, 5.19906431537e-24, 1.05140462187e-23, 1.32471818315e-23, 1.23436797152e-23, 1.89018740619e-23, 1.34483650281e-23, 2.55508797094e-23, 3.91775525457e-23, 5.85630267415e-23, 5.35169612098e-23, 9.62380327655e-23, 1.22776948137e-22, 1.6516660976e-22, 2.1321372936e-22, 3.1743172127e-22, 3.36846433807e-22, 5.95536315657e-22, 8.88243242891e-22, 1.2586147758e-21, 1.88598391352e-21],
        "var": [1.04583265659e-10, 3.28937821905e-05, 1.23057061501e-05, 4.92009667141e-06, 1.73687058123e-05, 4.33974746556e-05, 6.7478766141e-05, 5.97624893999e-05, 3.91099529224e-05, 1.20523654914e-05, 7.97375105321e-06, 2.12794702747e-06, 2.33912174963e-07, 5.53431959815e-07, 8.30924236084e-08, 7.07820433377e-08, 3.58599407946e-08, 3.81558677987e-08, 2.74015086177e-08, 1.8011364844e-08, 4.00165545145e-09, 7.86129605856e-10, 6.12318307169e-10, 8.34025792873e-10, 5.99823191116e-10, 5.29861987619e-10, 7.3795400346e-11]
    },
    "erbbands": {
        "dmean": [0.02705970034, 0.613758146763, 1.73831355572, 2.11698269844, 3.57791137695, 5.40064620972, 10.1679553986, 18.1696338654, 19.2993450165, 23.7139606476, 26.5140533447, 23.2344341278, 21.8826637268, 18.5073204041, 12.5967588425, 7.37949562073, 4.47692155838, 4.63238286972, 3.97622656822, 3.15324401855, 2.71945238113, 1.67507457733, 1.67745125294, 2.06352519989, 1.49432718754, 1.58816230297, 1.01316165924, 0.458959877491, 0.345688611269, 0.197293177247, 0.223044708371, 0.180494576693, 0.127390161157, 0.0899235457182, 0.0518580637872, 0.0269387252629, 0.0156725812703, 0.00381584977731, 0.000329244503519, 1.53584860527e-05],
        "dmean2": [0.0404093526304, 0.930522382259, 2.84861946106, 3.57687735558, 6.12987136841, 9.05132293701, 16.330789566, 28.7149353027, 30.0273933411, 35.4805030823, 36.6221389771, 34.0693664551, 31.361831665, 27.1924571991, 17.452457428, 10.4835290909, 6.61591434479, 6.92656517029, 5.88061332703, 4.79127073288, 4.11671590805, 2.53479170799, 2.51097917557, 3.14337277412, 2.25145840645, 2.42324352264, 1.51885104179, 0.703456699848, 0.556221067905, 0.296055734158, 0.346337497234, 0.270415335894, 0.189162090421, 0.129966899753, 0.0762602090836, 0.0394644998014, 0.0251015964895, 0.00617926940322, 0.000557262334041, 2.37875283347e-05],
        "dvar": [0.00216508517042, 1.30766987801, 13.0060634613, 13.9465456009, 45.9796600342, 109.558021545, 482.389678955, 1824.16113281, 2387.41674805, 4080.37548828, 5876.88671875, 5367.44140625, 4075.52392578, 3222.51757812, 1920.07092285, 552.605773926, 178.901153564, 242.209197998, 137.14831543, 64.2336044312, 52.8681526184, 25.764623642, 18.4575996399, 41.8704032898, 14.5471143723, 15.5214223862, 5.75351762772, 1.19754600525, 1.30589747429, 0.183645814657, 0.357670217752, 0.257530510426, 0.0890693217516, 0.0458747670054, 0.0209495108575, 0.0055689313449, 0.00256266491488, 0.00019096415781, 3.29827616952e-06, 1.65779057149e-09],
        "dvar2": [0.00502441357821, 3.09160757065, 35.59116745, 37.2923698425, 123.636207581, 280.813110352, 1153.44250488, 4092.65136719, 4962.56835938, 7888.484375, 9420.09472656, 9507.59472656, 7230.20849609, 5694.73486328, 3173.56420898, 954.381835938, 316.05291748, 456.73727417, 251.760147095, 119.965919495, 105.794441223, 52.726272583, 37.0134315491, 80.8171615601, 27.9931907654, 32.4736328125, 12.3524370193, 2.82235574722, 3.61626720428, 0.38077121973, 0.808218240738, 0.579416155815, 0.192023932934, 0.0949332043529, 0.0484901294112, 0.0126994736493, 0.00651268241927, 0.000481728813611, 8.19860542833e-06, 4.01746724776e-09],
        "max": [0.650551915169, 14.227230072, 65.9239654541, 60.2454490662, 137.697311401, 400.02947998, 381.083404541, 1102.22717285, 1413.6192627, 1231.08166504, 2531.65698242, 2206.60717773, 1967.04199219, 1713.61486816, 1765.05847168, 1347.56091309, 548.016113281, 1108.07446289, 452.511657715, 371.037445068, 335.755859375, 286.81539917, 137.13243103, 258.860565186, 127.105125427, 130.510055542, 80.3628692627, 67.9997177124, 37.6224822998, 31.7849903107, 22.5073032379, 21.7755966187, 10.5037651062, 6.72053670883, 7.3555355072, 3.08244419098, 1.66258883476, 0.603103280067, 0.113599471748, 0.0022250097245],
        "mean": [0.0499042905867, 1.03676211834, 2.40290093422, 2.89679980278, 4.83776473999, 8.29412078857, 16.1740074158, 31.2266330719, 41.927898407, 51.3670654297, 66.2665710449, 52.6086921692, 49.8841018677, 40.6544265747, 34.9425354004, 18.4125347137, 9.19610500336, 9.41207408905, 9.00433158875, 6.04751682281, 5.54998493195, 3.32806563377, 3.31712961197, 4.18088388443, 3.15596008301, 3.22697377205, 1.9586763382, 0.871779084206, 0.54981470108, 0.383220970631, 0.361537873745, 0.301670610905, 0.215521886945, 0.153611645103, 0.0761870592833, 0.0335216149688, 0.0145147526637, 0.00332099944353, 0.000260005908785, 3.35231306963e-05],
        "median": [0.0152533920482, 0.352578192949, 1.0392986536, 1.25467586517, 1.96058917046, 3.29857444763, 5.2894077301, 8.74794387817, 10.0578136444, 10.8643283844, 11.0406894684, 9.93799209595, 9.59474182129, 9.46921253204, 5.21024036407, 4.04168510437, 3.40174865723, 2.87140846252, 2.55594229698, 2.15012454987, 1.39117908478, 1.17003953457, 1.00132882595, 1.31123542786, 1.06084084511, 1.12175107002, 0.722263634205, 0.38433393836, 0.216177031398, 0.191511422396, 0.149607002735, 0.12875919044, 0.100984148681, 0.0675238668919, 0.0289986226708, 0.00950497481972, 0.00276812561788, 0.000534951861482, 2.81022348645e-05, 2.53034268098e-05],
        "min": [8.54234565743e-23, 2.04911479514e-22, 6.98879467134e-22, 8.49018342283e-21, 6.72624500037e-21, 1.86074650379e-20, 2.35192198944e-20, 3.42568740441e-20, 1.28082545978e-19, 1.61726773225e-19, 1.41193953223e-19, 2.46807378632e-19, 4.16168395601e-19, 7.72051713063e-19, 7.10671809685e-19, 1.01311509782e-18, 1.04473076802e-18, 1.51173233324e-18, 2.71236700118e-18, 2.65478923349e-18, 4.73334005045e-18, 4.11258939079e-18, 5.11412478722e-18, 5.54123825574e-18, 7.00108299672e-18, 7.53051002162e-18, 7.74025241928e-18, 8.94275051835e-18, 1.02857096757e-17, 1.05950007785e-17, 9.92753468019e-18, 1.23671450782e-17, 9.56570354638e-18, 8.73469887786e-18, 5.727898592e-18, 4.08353177664e-18, 1.97373814115e-18, 9.47118182458e-19, 2.49887333944e-19, 2.52604997073e-20],
        "var": [0.00575498165563, 2.45180416107, 16.2137584686, 19.4549007416, 64.4240722656, 276.997802734, 925.866882324, 4692.52636719, 9081.33496094, 13996.3681641, 36868.8085938, 17176.5332031, 14369.5039062, 9985.22167969, 11799.0078125, 2628.36010742, 519.851806641, 867.709777832, 571.856384277, 176.27355957, 170.059127808, 64.4643096924, 53.7466087341, 129.631622314, 42.8049468994, 42.7430458069, 12.9515590668, 2.77115607262, 1.30888330936, 0.476014137268, 0.661715149879, 0.496121615171, 0.159833803773, 0.0892106592655, 0.0299367252737, 0.0072966190055, 0.00226504309103, 0.000165528283105, 2.84771795123e-06, 1.9260815165e-09]
    },
    "gfcc": {
        "mean": [-61.9504165649, 122.4713974, -96.9829483032, 11.2675466537, -63.8672180176, 6.40699005127, -31.3164272308, 11.736825943, -23.5056648254, 4.40126180649, -12.5445079803, -4.4369134903, -7.78154754639],
        "cov": [[16407.421875, 224.213577271, -1825.51928711, 120.400802612, -540.205749512, 71.6089324951, -265.574584961, 403.964660645, -235.350296021, 222.219085693, -109.378234863, 67.0312042236, -119.65070343], [224.213577271, 1298.23608398, 32.7746162415, -199.212127686, 110.383544922, -117.664916992, 17.3678340912, -178.806167603, 90.8296890259, -119.503837585, 72.0702056885, -97.6022491455, 104.301185608], [-1825.51928711, 32.7746162415, 1031.62780762, -7.49414825439, 57.7004051208, 78.7860412598, -20.197435379, -66.3153305054, 29.2932052612, -20.7749900818, -25.2904777527, 48.5387916565, -36.6601600647], [120.400802612, -199.212127686, -7.49414825439, 410.37991333, 15.9959516525, 72.6911315918, 68.7217788696, 40.2206993103, -28.1595783234, 33.5538711548, -6.72706270218, -9.04547691345, -12.9781703949], [-540.205749512, 110.383544922, 57.7004051208, 15.9959516525, 258.791717529, 44.1568603516, 82.5043640137, 18.3519973755, 36.357875824, -12.0412435532, 23.250371933, -16.9897174835, 16.634771347], [71.6089324951, -117.664916992, 78.7860412598, 72.6911315918, 44.1568603516, 193.276885986, 44.4023895264, 59.7336959839, 3.78487682343, 25.2257041931, -11.8587245941, 18.9484291077, -16.6972446442], [-265.574584961, 17.3678340912, -20.197435379, 68.7217788696, 82.5043640137, 44.4023895264, 157.472488403, 50.2362632751, 30.352388382, 1.34788501263, 15.0231132507, -17.432641983, 10.3333854675], [403.964660645, -178.806167603, -66.3153305054, 40.2206993103, 18.3519973755, 59.7336959839, 50.2362632751, 172.282348633, 36.7867774963, 39.6361160278, 5.69847106934, 7.02417421341, -21.4364929199], [-235.350296021, 90.8296890259, 29.2932052612, -28.1595783234, 36.357875824, 3.78487682343, 30.352388382, 36.7867774963, 126.747589111, 37.8075904846, 26.3315238953, -5.72377729416, 2.64379954338], [222.219085693, -119.503837585, -20.7749900818, 33.5538711548, -12.0412435532, 25.2257041931, 1.34788501263, 39.6361160278, 37.8075904846, 110.831237793, 36.5190086365, 20.9593734741, -16.0633888245], [-109.378234863, 72.0702056885, -25.2904777527, -6.72706270218, 23.250371933, -11.8587245941, 15.0231132507, 5.69847106934, 26.3315238953, 36.5190086365, 99.1816101074, 25.9646930695, 18.9057121277], [67.0312042236, -97.6022491455, 48.5387916565, -9.04547691345, -16.9897174835, 18.9484291077, -17.432641983, 7.02417421341, -5.72377729416, 20.9593734741, 25.9646930695, 105.105491638, 22.4320068359], [-119.65070343, 104.301185608, -36.6601600647, -12.9781703949, 16.634771347, -16.6972446442, 10.3333854675, -21.4364929199, 2.64379954338, -16.0633888245, 18.9057121277, 22.4320068359, 95.2150650024]],
        "icov": [[0.000133877983899, -0.000295986188576, 0.000232313235756, -7.89972982602e-05, 0.000156023699674, -7.02657707734e-05, 0.000228744087508, -0.000518786895555, 0.000466541416245, -0.000499314221088, 0.000480414339108, -0.000420805765316, 0.000296499230899], [-0.000295986188576, 0.00223633297719, -0.000537978485227, 0.000572928809561, -0.000513723411132, 4.77417343063e-05, -0.000500277557876, 0.00251615652815, -0.00247545074672, 0.00275544333272, -0.00268690683879, 0.00257811928168, -0.00177211593837], [0.000232313235756, -0.000537978485227, 0.00160024070647, -0.000199968504603, -2.89362578769e-05, -0.000678903830703, 0.000577390193939, -9.61707992246e-05, 9.28217195906e-05, -0.000417697418015, 0.00119571096729, -0.00168075901456, 0.00135732349008], [-7.89972982602e-05, 0.000572928809561, -0.000199968504603, 0.00316534074955, 7.9572737377e-06, -0.000652980641462, -0.00153417012189, 0.000526707968675, 0.000766662647948, -0.000675589661114, -0.000373538903659, 0.00116000976413, -0.000537621614058], [0.000156023699674, -0.000513723411132, -2.89362578769e-05, 7.9572737377e-06, 0.00538060534745, -0.00112018664367, -0.00183574412949, -0.000635434407741, -0.000172770043719, 0.000404433259973, -0.000703969504684, 0.000375234667445, -0.000207144883461], [-7.02657707734e-05, 4.77417343063e-05, -0.000678903830703, -0.000652980641462, -0.00112018664367, 0.00729485694319, -0.0013468596153, -0.00168951274827, 0.000737688969821, -0.00135662301909, 0.0016995635815, -0.0014784586383, 0.000511257676408], [0.000228744087508, -0.000500277557876, 0.000577390193939, -0.00153417012189, -0.00183574412949, -0.0013468596153, 0.0101557262242, -0.00290340860374, -0.000755178043619, 0.000771539111156, -0.000626185676083, 0.000939109537285, -0.000768425874412], [-0.000518786895555, 0.00251615652815, -9.61707992246e-05, 0.000526707968675, -0.000635434407741, -0.00168951274827, -0.00290340860374, 0.0116030490026, -0.00507420906797, 0.0020078222733, -0.00248408480547, 0.00164897867944, -4.69392143714e-05], [0.000466541416245, -0.00247545074672, 9.28217195906e-05, 0.000766662647948, -0.000172770043719, 0.000737688969821, -0.000755178043619, -0.00507420906797, 0.0140832094476, -0.00736401509494, 0.00200227694586, -0.000934487616178, 0.000726487778593], [-0.000499314221088, 0.00275544333272, -0.000417697418015, -0.000675589661114, 0.000404433259973, -0.00135662301909, 0.000771539111156, 0.0020078222733, -0.00736401509494, 0.0178569108248, -0.00827881321311, 0.0012433208758, 0.000728945771698], [0.000480414339108, -0.00268690683879, 0.00119571096729, -0.000373538903659, -0.000703969504684, 0.0016995635815, -0.000626185676083, -0.00248408480547, 0.00200227694586, -0.00827881321311, 0.017559863627, -0.00641993479803, 0.000459763628896], [-0.000420805765316, 0.00257811928168, -0.00168075901456, 0.00116000976413, 0.000375234667445, -0.0014784586383, 0.000939109537285, 0.00164897867944, -0.000934487616178, 0.0012433208758, -0.00641993479803, 0.0160279404372, -0.00616309558973], [0.000296499230899, -0.00177211593837, 0.00135732349008, -0.000537621614058, -0.000207144883461, 0.000511257676408, -0.000768425874412, -4.69392143714e-05, 0.000726487778593, 0.000728945771698, 0.000459763628896, -0.00616309558973, 0.0149278501049]]
    },
    "melbands": {
        "dmean": [0.000441872893134, 0.000878107442986, 0.000409227766795, 0.000297740101814, 0.000338917016052, 0.000397051422624, 0.000309312250465, 0.000257924577454, 0.00022171800083, 0.000145061552757, 0.000110647764814, 7.73140491219e-05, 4.45396181021e-05, 2.83941571979e-05, 1.24810230773e-05, 9.48711294768e-06, 9.24271989788e-06, 6.88755790179e-06, 5.21435731571e-06, 4.15178965341e-06, 3.13940972774e-06, 1.95728739527e-06, 1.38228665492e-06, 2.04580214813e-06, 1.73915373125e-06, 1.42967007832e-06, 1.16363059988e-06, 1.0687061831e-06, 7.27487133645e-07, 4.26308304213e-07, 2.51870346801e-07, 2.33045497566e-07, 1.35936986112e-07, 1.09253640801e-07, 1.44754139342e-07, 1.11035596717e-07, 1.14354492098e-07, 8.63194742351e-08, 1.01734123348e-07, 7.27798266098e-08],
        "dmean2": [0.000657526426949, 0.00139033654705, 0.000692133442499, 0.000504736613948, 0.000548557261936, 0.000627193949185, 0.000479454989545, 0.000380935583962, 0.000306226604152, 0.000213414707105, 0.000158519484103, 0.000114149246656, 6.27480694675e-05, 3.94181806769e-05, 1.860212069e-05, 1.42373046401e-05, 1.38793084261e-05, 1.01846453617e-05, 8.0313457147e-06, 6.26376140644e-06, 4.77106505059e-06, 2.97260771731e-06, 2.12023246604e-06, 3.10814561999e-06, 2.65768380814e-06, 2.21581308324e-06, 1.7566136421e-06, 1.65067160651e-06, 1.10943346954e-06, 6.39831171156e-07, 3.97635858462e-07, 3.85281595072e-07, 2.09548417729e-07, 1.68684948676e-07, 2.27944795483e-07, 1.71787618797e-07, 1.73769592493e-07, 1.33198199137e-07, 1.49677589434e-07, 1.07590345522e-07],
        "dvar": [6.32473984297e-07, 2.88658588943e-06, 4.98428619267e-07, 2.93776338367e-07, 5.0982259836e-07, 8.19774754746e-07, 6.33535194083e-07, 4.51268249435e-07, 4.69098779377e-07, 1.99139833512e-07, 1.05695832531e-07, 5.68104923104e-08, 2.34878605454e-08, 9.70365210406e-09, 1.50762657913e-09, 6.91929402663e-10, 1.21146725984e-09, 6.09166050936e-10, 1.67309763266e-10, 1.62312455143e-10, 8.42159883496e-11, 4.15904394258e-11, 1.65839789817e-11, 4.50709469746e-11, 3.39957645368e-11, 1.76367635774e-11, 1.06281077689e-11, 7.93014438838e-12, 2.9077261432e-12, 1.1854484408e-12, 3.57259415194e-13, 7.11147828993e-13, 1.35474137876e-13, 6.37584061068e-14, 1.63298519672e-13, 9.51011662541e-14, 1.28396791354e-13, 4.182439307e-14, 6.51280854876e-14, 3.48592174278e-14],
        "dvar2": [1.44830664794e-06, 7.55426071919e-06, 1.28741976368e-06, 7.7394543041e-07, 1.22968617688e-06, 1.8457577653e-06, 1.26791428556e-06, 8.63363425196e-07, 7.452251225e-07, 3.52955623839e-07, 1.87523895079e-07, 1.00751101684e-07, 3.92720060916e-08, 1.64522440116e-08, 2.76919553954e-09, 1.28395527543e-09, 2.3007677985e-09, 1.04523290023e-09, 3.58015783686e-10, 2.95599128508e-10, 1.69684780116e-10, 8.34573452013e-11, 3.45449745198e-11, 8.46711520341e-11, 6.51924764172e-11, 3.69355761254e-11, 2.04072418686e-11, 1.70207927613e-11, 6.33119034629e-12, 2.5395824766e-12, 8.96290203514e-13, 2.00856757442e-12, 3.2569972652e-13, 1.52962535758e-13, 3.65784876347e-13, 2.27842592883e-13, 2.90735670131e-13, 9.82067685095e-14, 1.31542088962e-13, 7.78632597309e-14],
        "max": [0.0109012424946, 0.0257410835475, 0.0123194046319, 0.0115505335853, 0.0184295643121, 0.0224508848041, 0.0214200485498, 0.0156324245036, 0.0190029647201, 0.0120222270489, 0.00969599653035, 0.00739466119558, 0.0047198520042, 0.00439299689606, 0.00175883143675, 0.000796183187049, 0.00253431079909, 0.00109836249612, 0.000425816921052, 0.000698796298821, 0.000373259885237, 0.000398494856199, 0.000166769750649, 0.000279168860288, 0.000248048861977, 0.000139256182592, 0.000129605919938, 0.000124267215142, 4.44351426268e-05, 6.22328007012e-05, 2.68908952421e-05, 2.60055985564e-05, 2.59025455307e-05, 1.82695566764e-05, 1.52489146785e-05, 1.4735906916e-05, 1.48632543642e-05, 5.32811554876e-06, 1.37335273394e-05, 7.09687992639e-06],
        "mean": [0.000787503668107, 0.00137368938886, 0.000572370714508, 0.000453112035757, 0.000543128873687, 0.00068573578028, 0.000677839154378, 0.000560977961868, 0.000534511345904, 0.000320282124449, 0.000244949653279, 0.000163033255376, 0.000112722504127, 7.56183871999e-05, 2.50322500506e-05, 1.77290421561e-05, 1.7967675376e-05, 1.50057858264e-05, 9.72755515249e-06, 7.33481329007e-06, 6.22907964498e-06, 3.68693008568e-06, 2.44143279815e-06, 3.7456170503e-06, 3.34636933985e-06, 2.62277421825e-06, 2.23081610784e-06, 2.07395260077e-06, 1.33534604174e-06, 7.66477796788e-07, 4.24591775072e-07, 3.304790539e-07, 2.36865957959e-07, 1.97620920517e-07, 2.19201538698e-07, 1.80629186275e-07, 1.81783292419e-07, 1.39571668001e-07, 1.62751405242e-07, 1.18853364484e-07],
        "median": [0.000241991408984, 0.000607971975114, 0.000262779009063, 0.00019230649923, 0.000193708838196, 0.000191252765944, 0.00014770362759, 0.000106403516838, 7.18867595424e-05, 5.19650711794e-05, 3.72143476852e-05, 3.03306842397e-05, 1.42264580063e-05, 9.501734894e-06, 7.04053854861e-06, 5.04671788804e-06, 4.26070755566e-06, 3.32346371579e-06, 2.98788881992e-06, 1.45475985391e-06, 1.26214661123e-06, 9.80134245765e-07, 7.22873210179e-07, 7.66917764849e-07, 9.33573346629e-07, 7.87238263911e-07, 5.87137378716e-07, 6.50211916309e-07, 4.48031869382e-07, 2.68018595762e-07, 1.79599709327e-07, 1.18307269759e-07, 9.54713641477e-08, 1.00397457459e-07, 8.44635081876e-08, 7.43949328808e-08, 7.52693267714e-08, 6.63577139903e-08, 6.91936747899e-08, 5.02389490009e-08],
        "min": [9.69324571596e-25, 2.787561789e-25, 1.92019630611e-24, 8.96465871428e-25, 7.08825592271e-25, 9.86505173251e-25, 1.96228933237e-24, 1.62287758916e-24, 8.17597974011e-25, 1.4957100558e-24, 1.93607627335e-24, 2.7632282897e-24, 2.11449471922e-24, 2.45590425267e-24, 3.07402134255e-24, 2.30619363843e-24, 2.14438603943e-24, 3.87483743479e-24, 2.3607650637e-24, 2.98848436574e-24, 4.07733171827e-24, 3.43163920659e-24, 3.28669291779e-24, 3.88994806543e-24, 3.68183590901e-24, 4.40052763671e-24, 4.28139977926e-24, 4.35569548818e-24, 3.84940732022e-24, 5.77975666061e-24, 4.53347712608e-24, 4.86225344657e-24, 5.85089613705e-24, 5.13739945284e-24, 4.49604173183e-24, 6.69699994499e-24, 6.63210982465e-24, 5.23923705697e-24, 6.10555739776e-24, 6.05949817609e-24],
        "var": [1.43998045132e-06, 4.11904102293e-06, 7.56175495553e-07, 6.03445982961e-07, 1.04306820958e-06, 2.09206382351e-06, 2.48808873948e-06, 1.61223783834e-06, 2.4708597266e-06, 6.6812856403e-07, 3.68964293784e-07, 1.74059749725e-07, 1.13396751544e-07, 5.16722025168e-08, 4.60923921253e-09, 1.87462889656e-09, 4.46071535265e-09, 2.62731991718e-09, 4.07308131667e-10, 4.70292027543e-10, 2.6060892333e-10, 1.13612293184e-10, 3.76147307746e-11, 1.24215943087e-10, 1.03130705364e-10, 4.02033961677e-11, 2.85580760429e-11, 1.98933421819e-11, 6.49052209548e-12, 2.83631104714e-12, 6.46042030636e-13, 5.91792944944e-13, 2.38864592168e-13, 1.32394773313e-13, 2.81913679684e-13, 1.89068961767e-13, 2.05261548318e-13, 6.73237575172e-14, 1.12987073311e-13, 6.0634358862e-14]
    },
    "mfcc": {
        "mean": [-708.303161621, 156.714309692, 17.717540741, 14.1748781204, -6.0257525444, -5.43441343307, 3.3527636528, -2.26986765862, 0.292461842299, 5.56738090515, -1.6137355566, -0.983264863491, -0.103980205953],
        "cov": [[7224.81835938, 536.376159668, -913.458984375, -8.16659927368, -182.648345947, -143.583099365, 42.7532920837, -41.5320014954, 53.5030517578, 96.9763946533, -2.12157201767, 81.4964599609, 98.0133743286], [536.376159668, 1204.57727051, -29.8277721405, -67.5106430054, 53.3425979614, 1.69450509548, -52.1506385803, -30.7150306702, -8.37322044373, -21.932882309, -10.3037996292, 6.88994407654, 10.9384746552], [-913.458984375, -29.8277721405, 716.427368164, 46.4781990051, 79.5440368652, 76.8184585571, -23.2730312347, 35.0686645508, -24.3474330902, -22.6256141663, 10.7967147827, -22.6790294647, -46.9730186462], [-8.16659927368, -67.5106430054, 46.4781990051, 262.99609375, 11.6787481308, 44.4343910217, 54.0899810791, 9.96567821503, 8.32581043243, 23.0789718628, 10.695520401, -7.4472413063, -5.1249461174], [-182.648345947, 53.3425979614, 79.5440368652, 11.6787481308, 154.020706177, 43.1425094604, 30.1546535492, 35.1113090515, 16.892168045, 19.8870944977, 14.4927282333, 3.58811569214, 9.26090717316], [-143.583099365, 1.69450509548, 76.8184585571, 44.4343910217, 43.1425094604, 150.968917847, 43.1038551331, 22.4857501984, 20.5342330933, 5.15419244766, 9.81355667114, 2.96521091461, -6.5088095665], [42.7532920837, -52.1506385803, -23.2730312347, 54.0899810791, 30.1546535492, 43.1038551331, 150.564605713, 49.1728973389, 25.9441127777, 42.1599464417, 4.21679353714, -1.00033032894, 9.64420890808], [-41.5320014954, -30.7150306702, 35.0686645508, 9.96567821503, 35.1113090515, 22.4857501984, 49.1728973389, 111.441337585, 51.2298088074, 16.9939308167, 13.9527463913, 10.0766830444, 10.8522367477], [53.5030517578, -8.37322044373, -24.3474330902, 8.32581043243, 16.892168045, 20.5342330933, 25.9441127777, 51.2298088074, 101.758804321, 44.2821998596, 13.6900634766, 15.9192886353, 1.07838904858], [96.9763946533, -21.932882309, -22.6256141663, 23.0789718628, 19.8870944977, 5.15419244766, 42.1599464417, 16.9939308167, 44.2821998596, 119.265052795, 53.4772834778, 13.2237529755, 2.59668898582], [-2.12157201767, -10.3037996292, 10.7967147827, 10.695520401, 14.4927282333, 9.81355667114, 4.21679353714, 13.9527463913, 13.6900634766, 53.4772834778, 94.8830413818, 41.2539291382, 0.538543701172], [81.4964599609, 6.88994407654, -22.6790294647, -7.4472413063, 3.58811569214, 2.96521091461, -1.00033032894, 10.0766830444, 15.9192886353, 13.2237529755, 41.2539291382, 117.471221924, 69.9265136719], [98.0133743286, 10.9384746552, -46.9730186462, -5.1249461174, 9.26090717316, -6.5088095665, 9.64420890808, 10.8522367477, 1.07838904858, 2.59668898582, 0.538543701172, 69.9265136719, 138.63053894]],
