{
"lowlevel": {
    "average_loudness": 0.408586442471,
    "barkbands_crest": {
        "dmean": 2.24861216545,
        "dmean2": 3.66295075417,
        "dvar": 5.16674375534,
        "dvar2": 12.9759960175,
        "max": 26.5040168762,
        "mean": 14.5734567642,
        "median": 13.9333209991,
        "min": 4.09523153305,
        "var": 22.3433418274
    },
    "barkbands_flatness_db": {
        "dmean": 0.0227154381573,
        "dmean2": 0.0347040705383,
        "dvar": 0.000659381039441,
        "dvar2": 0.00140421371907,
        "max": 0.600261926651,
        "mean": 0.334224939346,
        "median": 0.345737934113,
        "min": 0.060446601361,
        "var": 0.00800809450448
    },
    "barkbands_kurtosis": {
        "dmean": 5.85945796967,
        "dmean2": 9.43526268005,
        "dvar": 207.111755371,
        "dvar2": 531.465026855,
        "max": 478.723052979,
        "mean": 12.5903520584,
        "median": 5.930809021,
        "min": -1.9590896368,
        "var": 481.573364258
    },
    "barkbands_skewness": {
        "dmean": 0.602608263493,
        "dmean2": 0.938851296902,
        "dvar": 0.645064532757,
        "dvar2": 1.53890740871,
        "max": 19.4366321564,
        "mean": 1.6136276722,
        "median": 1.317299366,
        "min": -4.42377901077,
        "var": 3.49269461632
    },
    "barkbands_spread": {
        "dmean": 1.53144216537,
        "dmean2": 2.31097078323,
        "dvar": 21.4827728271,
        "dvar2": 41.3731040955,
        "max": 117.710395813,
        "mean": 5.57436704636,
        "median": 3.43313288689,
        "min": 0.139063686132,
        "var": 83.0421829224
    },
    "dissonance": {
        "dmean": 0.0445619784296,
        "dmean2": 0.0756546780467,
        "dvar": 0.00187830952927,
        "dvar2": 0.005198541563,
        "max": 0.499966919422,
        "mean": 0.353131651878,
        "median": 0.36347553134,
        "min": 0.102388076484,
        "var": 0.0062022046186
    },
    "dynamic_complexity": 5.2798614502,
    "erbbands_crest": {
        "dmean": 2.49483323097,
        "dmean2": 4.01780986786,
        "dvar": 6.72716712952,
        "dvar2": 17.0926437378,
        "max": 33.9894142151,
        "mean": 15.4159440994,
        "median": 14.1958370209,
        "min": 1.99070763588,
        "var": 39.3846168518
    },
    "erbbands_flatness_db": {
        "dmean": 0.0183680150658,
        "dmean2": 0.0277436189353,
        "dvar": 0.000417644449044,
        "dvar2": 0.000857682258356,
        "max": 0.58457839489,
        "mean": 0.290017485619,
        "median": 0.290538489819,
        "min": 0.0240286979824,
        "var": 0.00749445427209
    },
    "erbbands_kurtosis": {
        "dmean": 3.20230937004,
        "dmean2": 4.97266101837,
        "dvar": 26.3862056732,
        "dvar2": 58.5405158997,
        "max": 164.571517944,
        "mean": 8.30345916748,
        "median": 4.84974193573,
        "min": -1.89684212208,
        "var": 118.119567871
    },
    "erbbands_skewness": {
        "dmean": 0.468133062124,
        "dmean2": 0.719797253609,
        "dvar": 0.29064026475,
        "dvar2": 0.628517746925,
        "max": 9.8264169693,
        "mean": 1.4737739563,
        "median": 1.38336229324,
        "min": -5.52438831329,
        "var": 2.18509697914
    },
    "erbbands_spread": {
        "dmean": 3.67779541016,
        "dmean2": 5.65073394775,
        "dvar": 61.6140518188,
        "dvar2": 135.468795776,
        "max": 194.75227356,
        "mean": 14.7062444687,
        "median": 9.05970573425,
        "min": 0.479104876518,
        "var": 268.488555908
    },
    "hfc": {
        "dmean": 2.28248476982,
        "dmean2": 3.17575931549,
        "dvar": 34.5591316223,
        "dvar2": 59.7189941406,
        "max": 252.94480896,
        "mean": 9.04055118561,
        "median": 3.77660417557,
        "min": 1.10031962128e-16,
        "var": 371.448364258
    },
    "melbands_crest": {
        "dmean": 2.61106848717,
        "dmean2": 4.2485909462,
        "dvar": 7.20996856689,
        "dvar2": 18.4487380981,
        "max": 38.7075233459,
        "mean": 17.112411499,
        "median": 16.238822937,
        "min": 1.00036644936,
        "var": 30.4019680023
    },
    "melbands_flatness_db": {
        "dmean": 0.0243065487593,
        "dmean2": 0.036225002259,
        "dvar": 0.000828624935821,
        "dvar2": 0.00167223275639,
        "max": 0.745617985725,
        "mean": 0.439411431551,
        "median": 0.457321643829,
        "min": -2.15716070784e-07,
        "var": 0.0121797397733
    },
    "melbands_kurtosis": {
        "dmean": 7.18183946609,
        "dmean2": 11.5201501846,
        "dvar": 365.948577881,
        "dvar2": 941.718505859,
        "max": 565.145690918,
        "mean": 16.5152988434,
        "median": 7.08723592758,
        "min": -1.87262034416,
        "var": 897.155944824
    },
    "melbands_skewness": {
        "dmean": 0.598566293716,
        "dmean2": 0.933802247047,
        "dvar": 0.712897956371,
        "dvar2": 1.69851195812,
        "max": 21.7409648895,
        "mean": 1.88736915588,
        "median": 1.56483995914,
        "min": -3.28633785248,
        "var": 3.82992625237
    },
    "melbands_spread": {
        "dmean": 1.71184337139,
        "dmean2": 2.56324744225,
        "dvar": 30.8089103699,
        "dvar2": 61.5409698486,
        "max": 204.341171265,
        "mean": 6.48874187469,
        "median": 4.06710910797,
        "min": 0.260235697031,
        "var": 123.713508606
    },
    "pitch_salience": {
        "dmean": 0.061167601496,
        "dmean2": 0.100452587008,
        "dvar": 0.00426313653588,
        "dvar2": 0.0108397901058,
        "max": 0.996076405048,
        "mean": 0.478674441576,
        "median": 0.484631001949,
        "min": 0.0492599122226,
        "var": 0.019267976284
    },
    "silence_rate_20dB": {
        "dmean": 0,
        "dmean2": 0,
        "dvar": 0,
        "dvar2": 0,
        "max": 1,
        "mean": 1,
        "median": 1,
        "min": 1,
        "var": 0
    },
    "silence_rate_30dB": {
        "dmean": 0.00753705715761,
        "dmean2": 0.0150753771886,
        "dvar": 0.00747999036685,
        "dvar2": 0.0163567364216,
        "max": 1,
        "mean": 0.980991482735,
        "median": 1,
        "min": 0,
        "var": 0.0186476260424
    },
    "silence_rate_60dB": {
        "dmean": 0.0266309361905,
        "dmean2": 0.0532663315535,
        "dvar": 0.0259181447327,
        "dvar2": 0.059297401458,
        "max": 1,
        "mean": 0.130715116858,
        "median": 0,
        "min": 0,
        "var": 0.113630838692
    },
    "spectral_centroid": {
        "dmean": 60.0863189697,
        "dmean2": 87.8047714233,
        "dvar": 36671.3710938,
        "dvar2": 57682.890625,
        "max": 11217.90625,
        "mean": 457.848602295,
        "median": 342.487365723,
        "min": 96.263130188,
        "var": 237233.09375
    },
    "spectral_complexity": {
        "dmean": 0.962230980396,
        "dmean2": 1.59363484383,
        "dvar": 1.52071940899,
        "dvar2": 3.13719773293,
        "max": 37,
        "mean": 6.31535768509,
        "median": 6,
        "min": 0,
        "var": 10.8800048828
    },
    "spectral_decrease": {
        "dmean": 1.58579260834e-09,
        "dmean2": 2.36979458279e-09,
        "dvar": 7.46281521465e-18,
        "dvar2": 1.64298749168e-17,
        "max": 7.49474373967e-29,
        "mean": -5.95439830775e-09,
        "median": -3.83038400997e-09,
        "min": -6.54301501868e-08,
        "var": 4.60707969805e-17
    },
    "spectral_energy": {
        "dmean": 0.00616750586778,
        "dmean2": 0.00919656082988,
        "dvar": 0.000113223417429,
        "dvar2": 0.000246933312155,
        "max": 0.266670286655,
        "mean": 0.0232932958752,
        "median": 0.0148727409542,
        "min": 1.04140948599e-20,
        "var": 0.000729747232981
    },
    "spectral_energyband_high": {
        "dmean": 4.45380355814e-05,
        "dmean2": 6.37433622614e-05,
        "dvar": 1.78832422648e-07,
        "dvar2": 3.6252265545e-07,
        "max": 0.0237138830125,
        "mean": 9.43809282035e-05,
        "median": 7.41020812711e-07,
        "min": 7.53198757945e-21,
        "var": 3.79118290539e-07
    },
    "spectral_energyband_low": {
        "dmean": 0.00291298911907,
        "dmean2": 0.00447512418032,
        "dvar": 5.02615039295e-05,
        "dvar2": 0.000118671247037,
        "max": 0.203891888261,
        "mean": 0.00759116280824,
        "median": 0.00324744964018,
        "min": 7.49649090868e-23,
        "var": 0.000145302721648
    },
    "spectral_energyband_middle_high": {
        "dmean": 0.00055551843252,
        "dmean2": 0.000692595087457,
        "dvar": 9.76715728029e-06,
        "dvar2": 1.52761240315e-05,
        "max": 0.181963026524,
        "mean": 0.00206931121647,
        "median": 9.54230999923e-05,
        "min": 1.44038165696e-21,
        "var": 0.000128937754198
    },
    "spectral_energyband_middle_low": {
        "dmean": 0.00419939355925,
        "dmean2": 0.00636147847399,
        "dvar": 6.15931421635e-05,
        "dvar2": 0.000132946646772,
        "max": 0.177815288305,
        "mean": 0.0139943901449,
        "median": 0.00818345323205,
        "min": 2.02725400796e-22,
        "var": 0.000309561582981
    },
    "spectral_entropy": {
        "dmean": 0.201289728284,
        "dmean2": 0.306960910559,
        "dvar": 0.0570982545614,
        "dvar2": 0.115551941097,
        "max": 9.81525802612,
        "mean": 5.77760028839,
        "median": 5.60429000854,
        "min": 3.19488859177,
        "var": 0.668887674809
    },
    "spectral_flux": {
        "dmean": 0.0188864432275,
        "dmean2": 0.0299369357526,
        "dvar": 0.000755176472012,
        "dvar2": 0.00180234748404,
        "max": 0.393187075853,
        "mean": 0.0466974154115,
        "median": 0.0340623781085,
        "min": 6.74657690825e-11,
        "var": 0.00183577707503
    },
    "spectral_kurtosis": {
        "dmean": 13.9034013748,
        "dmean2": 22.8174629211,
        "dvar": 344.138244629,
        "dvar2": 888.243286133,
        "max": 264.92388916,
        "mean": 49.3949546814,
        "median": 30.4018096924,
        "min": -1.21397852898,
        "var": 2430.92089844
    },
    "spectral_rms": {
        "dmean": 0.000591454852838,
        "dmean2": 0.000875319587067,
        "dvar": 6.50603055874e-07,
        "dvar2": 1.34083450121e-06,
        "max": 0.0161296650767,
        "mean": 0.00413848133758,
        "median": 0.00380919827148,
        "min": 3.1874899855e-12,
        "var": 5.59809041079e-06
    },
    "spectral_rolloff": {
        "dmean": 90.1393280029,
        "dmean2": 157.078125,
        "dvar": 256371.765625,
        "dvar2": 551019.75,
        "max": 18755.4199219,
        "mean": 492.953186035,
        "median": 344.53125,
        "min": 21.533203125,
        "var": 726094
    },
    "spectral_skewness": {
        "dmean": 0.793158471584,
        "dmean2": 1.29164981842,
        "dvar": 0.818625807762,
        "dvar2": 2.10474205017,
        "max": 13.2373132706,
        "mean": 4.99316740036,
        "median": 4.49894714355,
        "min": -0.417756736279,
        "var": 7.94980239868
    },
    "spectral_spread": {
        "dmean": 434230.46875,
        "dmean2": 693859.375,
        "dvar": 409262260224,
        "dvar2": 740207624192,
        "max": 41137608,
        "mean": 2686541.25,
        "median": 2026064.5,
        "min": 331250.4375,
        "var": 4.08956174336e+12
    },
    "spectral_strongpeak": {
        "dmean": 0.31629511714,
        "dmean2": 0.508585035801,
        "dvar": 0.402668207884,
        "dvar2": 0.85953694582,
        "max": 19.4277038574,
        "mean": 1.0435115099,
        "median": 0.545322299004,
        "min": 0,
        "var": 2.45353507996
    },
    "zerocrossingrate": {
        "dmean": 0.00336444214918,
        "dmean2": 0.00399319175631,
        "dvar": 8.1756428699e-05,
        "dvar2": 0.00010093930905,
        "max": 0.5068359375,
        "mean": 0.0202683322132,
        "median": 0.01513671875,
        "min": 0,
        "var": 0.00061533250846
    },
    "barkbands": {
        "dmean": [6.30794820609e-05, 0.00194230722263, 0.0010908881668, 0.000485653756186, 0.00208013923839, 0.00104886747431, 0.000550053606275, 0.000766418641433, 0.000490104604978, 0.000217214605073, 0.000179572380148, 0.000212539147469, 0.000163374264957, 4.69347323815e-05, 4.40308103862e-05, 1.18167827168e-05, 1.25792676045e-05, 1.88809262909e-05, 6.04388651482e-06, 9.28372082853e-06, 8.99664792087e-06, 1.12163916128e-05, 1.53746041178e-05, 8.43790166982e-06, 4.09391259382e-06, 1.10752455384e-06, 8.20624705966e-08],
        "dmean2": [0.000107500891318, 0.00303063890897, 0.00170658680145, 0.000786873803008, 0.00329957925715, 0.00170912605245, 0.000856348313391, 0.00105904857628, 0.000642917701043, 0.000280168198515, 0.000219961511903, 0.000257716019405, 0.000204929732718, 6.18105696049e-05, 5.42577545275e-05, 1.65362598636e-05, 1.715966755e-05, 2.63129804807e-05, 8.83545089891e-06, 1.35203672471e-05, 1.31364640765e-05, 1.61043353728e-05, 2.31819940382e-05, 1.30362823256e-05, 6.15140334048e-06, 1.57352656061e-06, 1.35130449053e-07],
        "dvar": [3.94927681668e-08, 1.95049015019e-05, 1.36484577524e-05, 1.941927394e-06, 2.12332724914e-05, 6.64838307785e-06, 5.6497924561e-06, 1.52558086484e-05, 9.59187946137e-06, 4.17379897044e-06, 1.99776354748e-06, 4.32276920037e-06, 2.28994827012e-06, 1.64655745039e-07, 1.64478635156e-07, 4.73759698139e-09, 3.9038643429e-09, 1.00859152141e-08, 1.64151325865e-09, 1.28445734049e-08, 2.00330578792e-08, 9.44223721433e-09, 4.48664856378e-08, 1.15035980741e-08, 2.12269180011e-09, 7.19994966425e-11, 1.44129228951e-12],
        "dvar2": [1.08365235008e-07, 4.76171371702e-05, 3.09309143631e-05, 4.37476637671e-06, 5.53601385036e-05, 1.61772222782e-05, 1.2021882867e-05, 2.70831042144e-05, 1.52013644765e-05, 6.64898107061e-06, 2.29800730267e-06, 6.79269305692e-06, 3.78132449441e-06, 2.87800077103e-07, 2.00385173343e-07, 9.15465481199e-09, 7.30711890995e-09, 1.64666662528e-08, 3.65406127578e-09, 2.60634767102e-08, 5.20201268728e-08, 1.79359371799e-08, 1.0974677167e-07, 2.77586416075e-08, 4.91776441791e-09, 1.37983929838e-10, 3.93057851891e-12],
        "max": [0.00357211846858, 0.109135732055, 0.131500646472, 0.0643666386604, 0.0947387441993, 0.0637060329318, 0.0723070278764, 0.148337841034, 0.147750884295, 0.15255343914, 0.106067247689, 0.168429940939, 0.138065174222, 0.0374076105654, 0.0405671112239, 0.00321008265018, 0.00295791006647, 0.0054393527098, 0.00259288121015, 0.0100757004693, 0.0134575525299, 0.00784427579492, 0.0176084823906, 0.00649502407759, 0.0031420357991, 0.000439770607045, 9.11023453227e-05],
        "mean": [9.81678094831e-05, 0.00523077696562, 0.00191065936815, 0.000854293641169, 0.00494115799665, 0.00289445370436, 0.00146828568541, 0.00219523627311, 0.00137118820567, 0.000540854467545, 0.000445477518952, 0.000540257198736, 0.000400017714128, 0.000102510632132, 0.000102146339486, 2.22734106501e-05, 2.5528963306e-05, 3.95857641706e-05, 1.11411081889e-05, 1.44981786434e-05, 1.53857126861e-05, 2.12058075704e-05, 2.65802900685e-05, 1.26749382616e-05, 6.71209954817e-06, 2.11377277992e-06, 1.0022248631e-07],
        "median": [2.08349956665e-05, 0.00187479332089, 0.000444539939053, 0.00021837267559, 0.0020884515252, 0.000744340359233, 0.000145011872519, 0.000115536990052, 3.8143414713e-05, 1.88105950656e-05, 1.26467675727e-05, 6.45871205052e-06, 2.08874962482e-06, 1.50854248204e-06, 9.85004135146e-07, 6.1194356249e-07, 5.66701601201e-07, 3.6550326854e-07, 2.13088583223e-07, 2.1289184815e-07, 1.08625485495e-07, 7.41865306964e-08, 5.61525297371e-08, 4.35229239315e-08, 3.84624456728e-08, 2.58932786323e-08, 1.9686750008e-09],
        "min": [1.25022297131e-23, 1.17269616701e-23, 1.21569168959e-23, 1.78558113694e-23, 2.65010374262e-23, 2.15431554997e-23, 7.04022859169e-24, 8.66162884159e-24, 3.11346896321e-23, 5.05341803084e-23, 5.19983787237e-23, 7.21753012885e-23, 5.58828749714e-23, 8.73853662674e-23, 6.3442648933e-23, 7.75757483823e-23, 1.24163172385e-22, 1.7251063973e-22, 2.08921909517e-22, 2.66045801532e-22, 3.94406117829e-22, 5.17075679909e-22, 4.91819307219e-22, 6.9091103798e-22, 1.20595723753e-21, 1.43923893198e-21, 2.13780063332e-21],
        "var": [5.45517160333e-08, 8.87083733687e-05, 2.34207855101e-05, 7.45661191104e-06, 5.88546245126e-05, 3.42409730365e-05, 2.41908965108e-05, 6.87421706971e-05, 5.1252751291e-05, 1.66691552295e-05, 1.30780035761e-05, 3.17248995998e-05, 1.52131160576e-05, 8.04161004453e-07, 1.08455196823e-06, 1.26082264629e-08, 1.39924534182e-08, 4.93318488282e-08, 4.73500794129e-09, 2.23309175595e-08, 3.2260793148e-08, 2.13038351404e-08, 5.10648519025e-08, 1.40067317744e-08, 3.25012283753e-09, 1.5430207112e-10, 1.16367169806e-12]
    },
    "erbbands": {
        "dmean": [0.0442148931324, 0.488223403692, 1.29285919666, 1.23662340641, 3.59975290298, 8.68248271942, 9.66716003418, 7.54761219025, 7.37562465668, 10.0877351761, 17.1111793518, 10.3698425293, 9.12748908997, 5.02036857605, 7.57131958008, 7.59137964249, 7.74814605713, 2.61640095711, 2.80526161194, 0.90657800436, 0.618535280228, 0.651394546032, 0.924833774567, 0.5861967206, 0.196716576815, 0.412095338106, 0.344739973545, 0.399189114571, 0.417388468981, 0.380635380745, 0.474264472723, 0.230883225799, 0.117604874074, 0.068939588964, 0.0195237360895, 0.00581878330559, 0.0020672576502, 0.000325662200339, 1.17791314551e-05, 7.01944964021e-06],
        "dmean2": [0.070622228086, 0.760490834713, 2.02652168274, 1.96694898605, 5.77115392685, 13.7469406128, 15.6845664978, 12.2684059143, 11.7638139725, 14.3151340485, 23.1992721558, 13.5833425522, 10.8720912933, 6.13619327545, 8.82101917267, 8.97111415863, 9.44699192047, 3.35972857475, 3.31959247589, 1.23614275455, 0.836731433868, 0.879477977753, 1.24910449982, 0.818518936634, 0.276540964842, 0.60719037056, 0.506981551647, 0.58439797163, 0.612455904484, 0.551243782043, 0.706679463387, 0.370348006487, 0.183828830719, 0.105455867946, 0.0288704447448, 0.00818224810064, 0.00294744595885, 0.000487550947582, 1.84093260032e-05, 1.043359498e-05],
        "dvar": [0.00908177252859, 1.38171184063, 18.0719928741, 9.43140983582, 102.596000671, 454.255004883, 493.637481689, 490.511901855, 899.008850098, 2812.43994141, 7313.37158203, 4419.91796875, 5696.33642578, 1258.06884766, 4113.34863281, 4727.72900391, 4893.84033203, 448.603393555, 910.22668457, 37.9236221313, 12.2955379486, 11.8104991913, 25.3258838654, 13.098285675, 1.94574534893, 25.1290874481, 14.6326599121, 37.9839515686, 18.7483844757, 7.40779781342, 40.0238380432, 13.231133461, 1.80342233181, 0.754699707031, 0.0361595824361, 0.00274788611569, 0.000210697209695, 6.03231592322e-06, 2.58552184107e-08, 1.49548123884e-10],
        "dvar2": [0.0219937376678, 3.41372084618, 41.8712348938, 22.0091152191, 269.17565918, 1153.12805176, 1313.20056152, 1145.79785156, 1994.54638672, 4945.14453125, 13010.2832031, 7519.71142578, 8395.828125, 1385.12536621, 5220.30517578, 8006.69970703, 8433.31933594, 658.024047852, 1291.59399414, 66.7740325928, 25.3508110046, 21.8788642883, 39.9004364014, 21.6540851593, 4.23942661285, 53.4513664246, 30.7560138702, 96.3317184448, 41.9374961853, 15.0054597855, 95.0313339233, 28.4202423096, 4.6542263031, 1.92712199688, 0.072673894465, 0.0051448084414, 0.000433902372606, 1.45075073306e-05, 7.11941794407e-08, 3.24736765256e-10],
        "max": [1.94271731377, 28.3341312408, 149.054794312, 128.225479126, 418.794006348, 565.357971191, 579.67755127, 692.303955078, 1029.64697266, 2233.09448242, 2946.83105469, 3803.42236328, 5541.32666016, 3446.91699219, 6235.49707031, 4763.14941406, 6996.1640625, 2233.60742188, 2660.54272461, 445.530090332, 201.872055054, 155.45602417, 382.102325439, 199.516311646, 101.866127014, 442.701477051, 282.33493042, 550.9375, 366.07989502, 164.089599609, 518.19543457, 252.223922729, 95.0040435791, 62.7077789307, 9.89028453827, 2.4435608387, 0.793022274971, 0.0958359614015, 0.0124246524647, 0.000321053317748],
        "mean": [0.119576007128, 1.27220034599, 2.49790811539, 2.46990084648, 7.2821097374, 19.6859035492, 24.5960102081, 21.8224658966, 21.8033485413, 27.9262390137, 50.1720619202, 32.0327110291, 25.0699367523, 13.4339437485, 23.1516075134, 20.7326374054, 20.0850772858, 7.12463378906, 7.02741527557, 2.15486073494, 1.29149234295, 1.41060066223, 2.05219459534, 1.28959929943, 0.417014718056, 0.659820914268, 0.609942257404, 0.671520352364, 0.758183181286, 0.748387217522, 0.789839029312, 0.347548961639, 0.188373193145, 0.107579723001, 0.0313608944416, 0.00997184310108, 0.00396190257743, 0.000588453374803, 2.56252078543e-05, 2.6628280466e-05],
        "median": [0.0476736165583, 0.375113546848, 0.624856472015, 0.89746260643, 1.82982730865, 7.21997833252, 8.91827774048, 5.62271690369, 3.35321116447, 2.80805253983, 3.69480466843, 1.39109611511, 0.943692922592, 0.756581187248, 0.484993845224, 0.309117078781, 0.154056191444, 0.109687924385, 0.0861762613058, 0.0517369620502, 0.0461144447327, 0.0350968912244, 0.0288228001446, 0.0157057195902, 0.0110105797648, 0.0105837192386, 0.00623054476455, 0.00366378994659, 0.00277737854049, 0.0021817041561, 0.00156917062122, 0.000987053848803, 0.000728305545636, 0.00046508887317, 0.000278865394648, 0.000142806980875, 4.56471534562e-05, 9.45388273976e-06, 8.67961171025e-06, 1.68979877344e-05],
        "min": [5.22785063866e-22, 2.95150018099e-21, 1.08375515568e-20, 6.18417092674e-20, 1.0496552327e-19, 5.71241689871e-20, 2.00038548024e-19, 1.7078942864e-19, 1.16062034865e-19, 3.10238069545e-19, 2.30083906297e-19, 6.06694896494e-19, 1.66678713227e-18, 2.52814788171e-18, 2.84296806656e-18, 4.08644014368e-18, 2.99690058829e-18, 4.76417196701e-18, 4.36795534873e-18, 3.12486149994e-18, 5.49123849643e-18, 6.84550479916e-18, 8.78931182344e-18, 1.01863065543e-17, 1.09910407937e-17, 1.24572027131e-17, 1.26768630063e-17, 1.65813895896e-17, 1.86326006398e-17, 1.43309289279e-17, 1.41720341497e-17, 1.30134006113e-17, 1.27322245503e-17, 1.47153991679e-17, 6.90179816216e-18, 4.41286546572e-18, 2.70749449378e-18, 1.30303787002e-18, 2.99235766067e-19, 2.85569275394e-20],
        "var": [0.0331273861229, 6.11562252045, 30.7902832031, 28.6226501465, 260.348754883, 1159.39025879, 1831.70996094, 2756.03222656, 4887.54101562, 11468.8369141, 33940.5859375, 23053.6210938, 29223.1445312, 8294.14746094, 45184.34375, 31215.0859375, 37121.3710938, 2957.4519043, 5335.97509766, 167.70791626, 30.9908542633, 40.1547470093, 129.846847534, 63.5055122375, 6.6711807251, 43.4231758118, 34.7865142822, 58.7031364441, 34.5261726379, 14.0651483536, 48.5817756653, 16.900177002, 2.30454516411, 0.967641711235, 0.0625546127558, 0.00532216113061, 0.000469790946227, 1.0762841157e-05, 2.04508978641e-08, 9.91910664716e-10]
    },
    "gfcc": {
        "mean": [-178.186218262, 176.335830688, -57.768951416, 10.3075466156, -58.1864585876, -1.12060713768, -29.6947555542, -1.4040813446, -13.4513263702, -5.21520996094, -4.11011505127, -2.30064964294, -1.4352222681],
        "cov": [[14691.3535156, -1550.42126465, -1666.29199219, 511.948120117, -849.41204834, 527.58404541, -472.952850342, -135.85760498, -14.0747842789, -114.465446472, -230.291412354, 484.138427734, -445.866973877], [-1550.42126465, 2874.71679688, 368.38168335, -1159.96350098, 547.314453125, -547.296508789, 350.497070312, -56.7697525024, 156.699813843, -119.106422424, 209.455001831, -340.888275146, 220.565841675], [-1666.29199219, 368.38168335, 1476.01245117, 427.538391113, 53.0963478088, 214.787994385, 72.8870315552, -71.2872772217, -17.9905452728, -5.62758350372, 21.9199562073, 1.3500803709, 53.979724884], [511.948120117, -1159.96350098, 427.538391113, 1164.80407715, -143.199935913, 377.721099854, -121.159011841, -2.04624509811, -57.0062713623, 25.7722949982, -103.391319275, 148.440628052, -41.9966125488], [-849.41204834, 547.314453125, 53.0963478088, -143.199935913, 468.463409424, -78.1304626465, 106.266929626, 44.9082107544, 69.6753692627, -0.292069494724, 43.8633575439, -81.7661132812, 70.3580932617], [527.58404541, -547.296508789, 214.787994385, 377.721099854, -78.1304626465, 470.778076172, 56.6808700562, -49.4891815186, -75.3658065796, 40.7483139038, -9.1564283371, 92.5044403076, -88.4765853882], [-472.952850342, 350.497070312, 72.8870315552, -121.159011841, 106.266929626, 56.6808700562, 342.342651367, 29.897315979, -6.73002624512, 19.9127826691, 66.8011398315, -55.5530776978, -9.23199462891], [-135.85760498, -56.7697525024, -71.2872772217, -2.04624509811, 44.9082107544, -49.4891815186, 29.897315979, 188.890151978, 77.7841644287, 25.2517490387, -14.8810863495, -13.5738668442, 9.51194286346], [-14.0747842789, 156.699813843, -17.9905452728, -57.0062713623, 69.6753692627, -75.3658065796, -6.73002624512, 77.7841644287, 196.131210327, 36.0609397888, -2.01117801666, -27.8239631653, 24.4979343414], [-114.465446472, -119.106422424, -5.62758350372, 25.7722949982, -0.292069494724, 40.7483139038, 19.9127826691, 25.2517490387, 36.0609397888, 134.885757446, 42.4484825134, -1.63934755325, -12.1552934647], [-230.291412354, 209.455001831, 21.9199562073, -103.391319275, 43.8633575439, -9.1564283371, 66.8011398315, -14.8810863495, -2.01117801666, 42.4484825134, 150.642318726, 23.6523895264, -0.298683941364], [484.138427734, -340.888275146, 1.3500803709, 148.440628052, -81.7661132812, 92.5044403076, -55.5530776978, -13.5738668442, -27.8239631653, -1.63934755325, 23.6523895264, 191.62789917, 5.55684900284], [-445.866973877, 220.565841675, 53.979724884, -41.9966125488, 70.3580932617, -88.4765853882, -9.23199462891, 9.51194286346, 24.4979343414, -12.1552934647, -0.298683941364, 5.55684900284, 169.833740234]],
        "icov": [[0.000135298978421, -0.000241938862018, 0.000266872200882, -0.000182877498446, 0.000218073837459, -0.000242402980803, 0.000165519217262, -1.77537742729e-06, -8.33677113405e-05, -5.15920582984e-05, 0.000309593073325, -0.000435559340985, 0.000354968418833], [-0.000241938862018, 0.00236798194237, -0.00125815242063, 0.00160303048324, -0.00115215836558, 0.00118956330698, -0.00118940172251, 0.00107492192183, -0.000983643694781, 0.00200078333728, -0.00230513140559, 0.00246557360515, -0.00174168485682], [0.000266872200882, -0.00125815242063, 0.00172180670779, -0.0012547444785, 0.000702587596606, -0.0010780855082, 0.000514811545145, -8.17278196337e-05, 7.75175867602e-05, -0.000557201274205, 0.000872548611369, -0.00110875174869, 0.00064368348103], [-0.000182877498446, 0.00160303048324, -0.0012547444785, 0.00265890313312, -0.00076605315553, -0.000142114906339, -0.000263517780695, 0.00021932166419, -0.000400308344979, 0.000931193993893, -0.000575040176045, 0.000999291660264, -0.00119829480536], [0.000218073837459, -0.00115215836558, 0.000702587596606, -0.00076605315553, 0.00349916913547, -0.000825963739771, 0.000100272518466, -0.000776887114625, -0.000444940349553, -0.000230527191889, 0.000212843704503, -0.00023564894218, -0.000119088734209], [-0.000242402980803, 0.00118956330698, -0.0010780855082, -0.000142114906339, -0.000825963739771, 0.0049790116027, -0.00202849833295, 0.00143076153472, 0.000435384863522, -0.000655880139675, -0.000134956426336, -0.000344596832292, 0.000773160834797], [0.000165519217262, -0.00118940172251, 0.000514811545145, -0.000263517780695, 0.000100272518466, -0.00202849833295, 0.00486411247402, -0.00179620739073, 0.00102050241549, -0.000588818744291, -0.000682151468936, 0.000174898741534, 0.000820878776722], [-1.77537742729e-06, 0.00107492192183, -8.17278196337e-05, 0.00021932166419, -0.000776887114625, 0.00143076153472, -0.00179620739073, 0.00775941647589, -0.00300942268223, -9.71213157754e-05, 0.000485866650706, 0.000266961695161, -0.000366211053915], [-8.33677113405e-05, -0.000983643694781, 7.75175867602e-05, -0.000400308344979, -0.000444940349553, 0.000435384863522, 0.00102050241549, -0.00300942268223, 0.0077876765281, -0.00309868226759, 0.00143650441896, -0.000627248489764, 0.000248076539719], [-5.15920582984e-05, 0.00200078333728, -0.000557201274205, 0.000931193993893, -0.000230527191889, -0.000655880139675, -0.000588818744291, -9.71213157754e-05, -0.00309868226759, 0.0117937652394, -0.00576580688357, 0.00341692822985, -0.00143014790956], [0.000309593073325, -0.00230513140559, 0.000872548611369, -0.000575040176045, 0.000212843704503, -0.000134956426336, -0.000682151468936, 0.000485866650706, 0.00143650441896, -0.00576580688357, 0.0126563170925, -0.00593382213265, 0.00276071834378], [-0.000435559340985, 0.00246557360515, -0.00110875174869, 0.000999291660264, -0.00023564894218, -0.000344596832292, 0.000174898741534, 0.000266961695161, -0.000627248489764, 0.00341692822985, -0.00593382213265, 0.0108566442505, -0.00386401708238], [0.000354968418833, -0.00174168485682, 0.00064368348103, -0.00119829480536, -0.000119088734209, 0.000773160834797, 0.000820878776722, -0.000366211053915, 0.000248076539719, -0.00143014790956, 0.00276071834378, -0.00386401708238, 0.00909146200866]]
    },
    "melbands": {
        "dmean": [0.000472495070426, 0.000656929507386, 0.000256710773101, 0.000444931531092, 0.000346350483596, 0.000174421904376, 0.000114021066111, 0.00012317004439, 0.000136866292451, 6.46311455057e-05, 4.49220497103e-05, 2.09159679798e-05, 2.44591938099e-05, 2.36127089011e-05, 1.93696923816e-05, 1.50523501361e-05, 4.31580065197e-06, 5.06011474499e-06, 2.02944397643e-06, 9.41451389735e-07, 7.48988611576e-07, 7.5470001093e-07, 8.31487056985e-07, 8.78454500253e-07, 4.93218237807e-07, 1.40350806532e-07, 1.84072177944e-07, 3.2233143088e-07, 2.34959884438e-07, 2.66060851573e-07, 2.16534218112e-07, 2.54824954027e-07, 2.30722903893e-07, 2.19575852611e-07, 3.03375571775e-07, 2.48203519959e-07, 1.14339279378e-07, 8.12918514725e-08, 8.21993495492e-08, 5.30844950219e-08],
        "dmean2": [0.000740584393498, 0.00101690727752, 0.000407174753491, 0.000709396845195, 0.000556650920771, 0.000283454282908, 0.000181255687494, 0.000171332547325, 0.000184021759196, 8.49216230563e-05, 5.33815255039e-05, 2.58679792751e-05, 2.97642382066e-05, 2.77882500086e-05, 2.29699035117e-05, 1.88181802514e-05, 5.64968831895e-06, 6.02613454248e-06, 2.79785990642e-06, 1.299253654e-06, 1.04347793695e-06, 1.02639637589e-06, 1.15234070108e-06, 1.20817696825e-06, 6.86987448262e-07, 2.03535279297e-07, 2.75372258329e-07, 4.72516461514e-07, 3.51494918505e-07, 4.05740905762e-07, 3.23315560991e-07, 3.83179894925e-07, 3.45275878999e-07, 3.2192392041e-07, 4.54277966355e-07, 4.04376180541e-07, 1.79641588716e-07, 1.30066908355e-07, 1.27920515069e-07, 8.08558553445e-08],
        "dvar": [1.02629201137e-06, 3.62581499758e-06, 3.79614704116e-07, 1.2673093579e-06, 5.30479951522e-07, 2.35270462667e-07, 2.17925119728e-07, 4.06027709232e-07, 4.7158931693e-07, 1.81223143159e-07, 1.41951517207e-07, 2.66787001379e-08, 3.62974788004e-08, 4.76788706294e-08, 3.64148853293e-08, 1.89005984197e-08, 1.84709458839e-09, 3.39950267936e-09, 1.72937400511e-10, 3.94826844829e-11, 2.21646607318e-11, 2.03237739138e-11, 1.91917714359e-11, 2.84969461223e-11, 1.05010800402e-11, 6.07726813751e-13, 4.59504266234e-12, 1.59259723465e-11, 7.83222271761e-12, 3.00078711879e-11, 6.59799125058e-12, 7.46776512156e-12, 3.05903522999e-12, 2.56803627842e-12, 1.44734285321e-11, 1.75252659607e-11, 2.85660080659e-12, 8.96853500753e-13, 9.97938819254e-13, 3.86934353915e-13],
        "dvar2": [2.46451099883e-06, 8.68412098498e-06, 9.00042778085e-07, 3.33463367497e-06, 1.37339111461e-06, 5.44029489902e-07, 4.80166477246e-07, 6.89878277171e-07, 8.35609625938e-07, 2.97590531773e-07, 2.04596872777e-07, 3.13824521925e-08, 4.83460453893e-08, 7.54890336907e-08, 5.54997861002e-08, 3.30519043246e-08, 2.79654055468e-09, 5.24105558952e-09, 3.10207109999e-10, 7.4522145399e-11, 4.99045318958e-11, 3.82339437888e-11, 3.3091990953e-11, 4.94501661841e-11, 1.7665842747e-11, 1.24430771676e-12, 1.12750633482e-11, 3.29216098827e-11, 1.54108861089e-11, 7.87262269264e-11, 1.62912339868e-11, 1.68036279335e-11, 6.33166912997e-12, 5.63058714237e-12, 3.6643611756e-11, 3.92410583194e-11, 6.75859932256e-12, 2.36890672009e-12, 2.60898225767e-12, 9.64028227905e-13],
        "max": [0.0256161224097, 0.0611085109413, 0.0278983637691, 0.0268359798938, 0.0174656175077, 0.0138512691483, 0.0159796029329, 0.0265133995563, 0.029209876433, 0.0207121372223, 0.0282212141901, 0.0150538831949, 0.0150647638366, 0.0222291518003, 0.0167112071067, 0.0120591418818, 0.00493540009484, 0.00463931774721, 0.000805453455541, 0.000330705603119, 0.000294037366984, 0.000227164258831, 0.000294712226605, 0.000295417499729, 0.000182240401045, 4.80901690025e-05, 0.000158073133207, 0.000340085069183, 0.000211607824895, 0.000523265800439, 0.000197570538148, 0.000234444029047, 0.000114581816888, 0.000107746789581, 0.000310706207529, 0.000313914206345, 0.000103246937215, 6.9641508162e-05, 7.49979808461e-05, 4.15221875301e-05],
        "mean": [0.00129778450355, 0.001498791622, 0.000541381072253, 0.000967323489022, 0.000899820239283, 0.000503611052409, 0.000333350268193, 0.000335774762789, 0.000388864020351, 0.000195877786609, 0.000120133103337, 5.05476236867e-05, 6.77336065564e-05, 7.00492746546e-05, 4.6655353799e-05, 3.53899922629e-05, 9.99974326987e-06, 1.19113510664e-05, 4.70964278065e-06, 1.8077379309e-06, 1.4305106788e-06, 1.45711908317e-06, 1.76024616394e-06, 1.77727963546e-06, 1.00075203591e-06, 2.78773683249e-07, 3.11492584615e-07, 4.8631898153e-07, 3.90543476669e-07, 4.09164186976e-07, 3.58212389528e-07, 4.31747679386e-07, 4.19397906626e-07, 4.06504568673e-07, 4.91598484587e-07, 3.40095823503e-07, 1.60179851605e-07, 1.24413602975e-07, 1.27321243326e-07, 7.7654647157e-08],
        "median": [0.000509633566253, 0.000429694773629, 0.000183816708159, 0.000306579517201, 0.000397191644879, 0.000122071243823, 4.40515686932e-05, 2.56831408478e-05, 2.38700740738e-05, 5.72483895667e-06, 3.55388306161e-06, 2.45658975473e-06, 1.50449909597e-06, 9.45586975831e-07, 4.04864607617e-07, 2.21950557489e-07, 1.55424601189e-07, 1.20935823134e-07, 7.15748740276e-08, 4.37853806545e-08, 4.43517933491e-08, 3.08699625862e-08, 2.24971596907e-08, 1.62540025883e-08, 8.77097683372e-09, 6.70763133925e-09, 6.23524876175e-09, 5.95520521784e-09, 3.64753782733e-09, 2.15016360272e-09, 1.60867386079e-09, 1.41623668348e-09, 1.29023081108e-09, 1.03650599215e-09, 9.16585918276e-10, 7.11610992354e-10, 5.06464981065e-10, 4.85739337641e-10, 4.26968793654e-10, 3.44987372003e-10],
        "min": [4.23429847233e-24, 4.5568108428e-24, 1.26895155472e-23, 4.09883606655e-24, 6.75376716459e-24, 3.82642819648e-24, 1.82864958971e-24, 4.16435175359e-24, 1.73450653485e-24, 4.09776084914e-24, 8.11187325447e-24, 9.8447734713e-24, 7.74735088536e-24, 8.7556326625e-24, 1.44848951254e-23, 4.97256105023e-24, 8.29475014496e-24, 7.34969556936e-24, 4.23503526842e-24, 3.39695259816e-24, 5.71858759716e-24, 5.97339203613e-24, 5.9647291601e-24, 4.78707145242e-24, 7.44057471223e-24, 8.10706672497e-24, 7.82328111407e-24, 8.06987272215e-24, 7.66687681783e-24, 8.51268480294e-24, 9.50685149191e-24, 8.62569622736e-24, 1.06462600953e-23, 6.63342406692e-24, 7.74912740011e-24, 8.72379818067e-24, 8.14769858362e-24, 7.91818265869e-24, 1.0832703426e-23, 1.30200916538e-23],
        "var": [4.8561546464e-06, 7.89033038018e-06, 1.38324344334e-06, 2.85820033241e-06, 1.99619080377e-06, 1.36874280088e-06, 1.11685676529e-06, 1.73578052909e-06, 2.14028796108e-06, 1.02400133528e-06, 7.28522820737e-07, 1.54898742721e-07, 3.28360471258e-07, 5.60168246011e-07, 2.12628620488e-07, 1.09804020099e-07, 9.69314495336e-09, 1.76197065826e-08, 1.10672460085e-09, 1.18337548094e-10, 4.38389428925e-11, 5.67420901931e-11, 8.90542917187e-11, 1.14960110875e-10, 4.49349654708e-11, 2.12835673565e-12, 8.11592633376e-12, 2.80874906666e-11, 1.51042043456e-11, 3.96862404051e-11, 1.21672723979e-11, 1.38496575319e-11, 5.99806098886e-12, 4.07608972616e-12, 1.58139543127e-11, 2.125046146e-11, 3.27495018951e-12, 1.08211887801e-12, 1.16911558559e-12, 5.32648740652e-13]
    },
    "mfcc": {
        "mean": [-832.022705078, 197.96887207, 58.9590988159, 17.9416542053, 2.57298254967, 1.87190616131, -5.76442432404, 2.78161764145, -4.8696975708, -2.52522373199, -1.3572936058, -0.00151107751299, 1.41751468182],
        "cov": [[10188.5244141, -1370.07849121, -1440.7166748, -135.483078003, -284.656280518, 233.70690918, -377.127471924, 330.562957764, -374.919342041, -55.9788551331, 184.665603638, -173.215942383, -188.684005737], [-1370.07849121, 3019.19873047, 200.736877441, -440.305419922, 4.10636854172, -285.118438721, 119.251312256, -116.112083435, 83.4621200562, 54.3368186951, -17.9245281219, 28.9876766205, 127.880943298], [-1440.7166748, 200.736877441, 1190.68457031, 292.974578857, 100.324073792, 236.024871826, 103.871307373, 23.3139057159, 49.7231864929, -15.7995939255, -57.8286514282, 44.0796928406, -10.0480165482], [-135.483078003, -440.305419922, 292.974578857, 511.660552979, 168.723876953, 115.081611633, 27.1301574707, 57.7503929138, 76.759513855, -12.9969472885, -31.1256771088, 47.4297485352, -14.173866272], [-284.656280518, 4.10636854172, 100.324073792, 168.723876953, 365.942565918, 44.0731506348, -34.6064987183, 2.44019794464, 89.5221099854, 0.850639164448, -45.1889648438, 32.8284835815, 15.6504793167], [233.70690918, -285.118438721, 236.024871826, 115.081611633, 44.0731506348, 402.108337402, 152.804077148, 73.9061431885, -49.7884140015, 9.13144111633, 45.9726295471, -38.7217483521, -41.2924232483], [-377.127471924, 119.251312256, 103.871307373, 27.1301574707, -34.6064987183, 152.804077148, 319.196929932, 59.907875061, -22.2950229645, 35.8024597168, 59.8440513611, -32.7635002136, 5.16785764694], [330.562957764, -116.112083435, 23.3139057159, 57.7503929138, 2.44019794464, 73.9061431885, 59.907875061, 177.33631897, 7.40523338318, -14.3363342285, 30.1858177185, 7.9285159111, -3.51808381081], [-374.919342041, 83.4621200562, 49.7231864929, 76.759513855, 89.5221099854, -49.7884140015, -22.2950229645, 7.40523338318, 213.894607544, 42.3810958862, -22.301574707, 32.0895233154, -0.561784207821], [-55.9788551331, 54.3368186951, -15.7995939255, -12.9969472885, 0.850639164448, 9.13144111633, 35.8024597168, -14.3363342285, 42.3810958862, 172.281707764, 74.4845504761, -9.09871864319, -0.27581602335], [184.665603638, -17.9245281219, -57.8286514282, -31.1256771088, -45.1889648438, 45.9726295471, 59.8440513611, 30.1858177185, -22.301574707, 74.4845504761, 175.376190186, 23.5997772217, -8.04024505615], [-173.215942383, 28.9876766205, 44.0796928406, 47.4297485352, 32.8284835815, -38.7217483521, -32.7635002136, 7.9285159111, 32.0895233154, -9.09871864319, 23.5997772217, 168.788513184, 57.8259620667], [-188.684005737, 127.880943298, -10.0480165482, -14.173866272, 15.6504793167, -41.2924232483, 5.16785764694, -3.51808381081, -0.561784207821, -0.27581602335, -8.04024505615, 57.8259620667, 140.619445801]],
