{
"lowlevel": {
    "average_loudness": 0.124069429934,
    "barkbands_crest": {
        "dmean": 2.13600420952,
        "dmean2": 3.28956723213,
        "dvar": 5.11333036423,
        "dvar2": 10.9342803955,
        "max": 26.5404281616,
        "mean": 10.013053894,
        "median": 8.79681682587,
        "min": 2.24551749229,
        "var": 24.9646472931
    },
    "barkbands_flatness_db": {
        "dmean": 0.0192844308913,
        "dmean2": 0.0279159974307,
        "dvar": 0.000426313345088,
        "dvar2": 0.000781225971878,
        "max": 0.418737590313,
        "mean": 0.130175456405,
        "median": 0.117773942649,
        "min": 0.0351388528943,
        "var": 0.00320659158751
    },
    "barkbands_kurtosis": {
        "dmean": 2.56402492523,
        "dmean2": 3.76364660263,
        "dvar": 37.5537567139,
        "dvar2": 71.7076873779,
        "max": 306.681854248,
        "mean": 4.19303560257,
        "median": 0.493018507957,
        "min": -1.93315649033,
        "var": 172.823547363
    },
    "barkbands_skewness": {
        "dmean": 0.528519928455,
        "dmean2": 0.759555578232,
        "dvar": 0.412533253431,
        "dvar2": 0.794246256351,
        "max": 14.5607690811,
        "mean": 1.15384113789,
        "median": 0.977544784546,
        "min": -3.5638821125,
        "var": 2.88216710091
    },
    "barkbands_spread": {
        "dmean": 8.86097145081,
        "dmean2": 13.1606197357,
        "dvar": 118.678901672,
        "dvar2": 237.146896362,
        "max": 111.666091919,
        "mean": 36.636680603,
        "median": 31.5099163055,
        "min": 0.952975869179,
        "var": 548.05279541
    },
    "dissonance": {
        "dmean": 0.0186864528805,
        "dmean2": 0.0306750163436,
        "dvar": 0.000422293262091,
        "dvar2": 0.00110398221295,
        "max": 0.500000059605,
        "mean": 0.455854564905,
        "median": 0.466902583838,
        "min": 0.0202780235559,
        "var": 0.00148142536636
    },
    "dynamic_complexity": 5.06909132004,
    "erbbands_crest": {
        "dmean": 2.28708434105,
        "dmean2": 3.50763225555,
        "dvar": 6.56382417679,
        "dvar2": 13.3449048996,
        "max": 32.603313446,
        "mean": 10.2885627747,
        "median": 8.45760631561,
        "min": 2.47466635704,
        "var": 36.0615005493
    },
    "erbbands_flatness_db": {
        "dmean": 0.0174616351724,
        "dmean2": 0.0248280186206,
        "dvar": 0.000420681579271,
        "dvar2": 0.000722089374904,
        "max": 0.385962665081,
        "mean": 0.15008546412,
        "median": 0.136646479368,
        "min": 0.0405484102666,
        "var": 0.00285399076529
    },
    "erbbands_kurtosis": {
        "dmean": 1.41180562973,
        "dmean2": 2.12861037254,
        "dvar": 7.14699077606,
        "dvar2": 15.2743835449,
        "max": 72.4008712769,
        "mean": 1.44784843922,
        "median": 0.00648581981659,
        "min": -1.88070785999,
        "var": 24.4050636292
    },
    "erbbands_skewness": {
        "dmean": 0.441043049097,
        "dmean2": 0.634239971638,
        "dvar": 0.260949403048,
        "dvar2": 0.492882102728,
        "max": 7.48167896271,
        "mean": 0.269552499056,
        "median": 0.185560271144,
        "min": -3.4582490921,
        "var": 1.82074224949
    },
    "erbbands_spread": {
        "dmean": 11.5198717117,
        "dmean2": 17.1751861572,
        "dvar": 173.689849854,
        "dvar2": 340.353271484,
        "max": 179.212799072,
        "mean": 52.7329139709,
        "median": 48.4706802368,
        "min": 2.68663954735,
        "var": 863.547729492
    },
    "hfc": {
        "dmean": 7.85196065903,
        "dmean2": 10.9211797714,
        "dvar": 453.025756836,
        "dvar2": 877.543640137,
        "max": 532.519958496,
        "mean": 17.6462059021,
        "median": 5.99782657623,
        "min": 1.0648369479e-16,
        "var": 1363.03674316
    },
    "melbands_crest": {
        "dmean": 2.92830324173,
        "dmean2": 4.56360292435,
        "dvar": 8.61426353455,
        "dvar2": 19.9847126007,
        "max": 34.518989563,
        "mean": 14.7513284683,
        "median": 13.7233371735,
        "min": 1.47987723351,
        "var": 41.7478065491
    },
    "melbands_flatness_db": {
        "dmean": 0.0224188417196,
        "dmean2": 0.0320984646678,
        "dvar": 0.000567209208384,
        "dvar2": 0.00107202015352,
        "max": 0.503969848156,
        "mean": 0.16060076654,
        "median": 0.152152687311,
        "min": 0.0020471715834,
        "var": 0.00552616408095
    },
    "melbands_kurtosis": {
        "dmean": 7.84246683121,
        "dmean2": 11.5564546585,
        "dvar": 401.465667725,
        "dvar2": 748.844360352,
        "max": 811.060180664,
        "mean": 18.1335048676,
        "median": 8.16352939606,
        "min": -1.8494259119,
        "var": 1473.91589355
    },
    "melbands_skewness": {
        "dmean": 0.731619536877,
        "dmean2": 1.07010376453,
        "dvar": 0.900569677353,
        "dvar2": 1.71365749836,
        "max": 22.4532909393,
        "mean": 2.800522089,
        "median": 2.47865390778,
        "min": -1.8616631031,
        "var": 5.26839542389
    },
    "melbands_spread": {
        "dmean": 13.1004648209,
        "dmean2": 19.7303218842,
        "dvar": 387.674377441,
        "dvar2": 817.609375,
        "max": 254.791824341,
        "mean": 44.1709899902,
        "median": 31.2094268799,
        "min": 0.3747164011,
        "var": 1642.90588379
    },
    "pitch_salience": {
        "dmean": 0.0626047551632,
        "dmean2": 0.0962414592505,
        "dvar": 0.00403978209943,
        "dvar2": 0.00885552726686,
        "max": 0.986636459827,
        "mean": 0.552391529083,
        "median": 0.559633433819,
        "min": 0.0693549886346,
        "var": 0.0208641868085
    },
    "silence_rate_20dB": {
        "dmean": 0,
        "dmean2": 0,
        "dvar": 0,
        "dvar2": 0,
        "max": 1,
        "mean": 1,
        "median": 1,
        "min": 1,
        "var": 0
    },
    "silence_rate_30dB": {
        "dmean": 0.000770000799093,
        "dmean2": 0.00154012010898,
        "dvar": 0.000769433740061,
        "dvar2": 0.00153765571304,
        "max": 1,
        "mean": 0.998768091202,
        "median": 1,
        "min": 0,
        "var": 0.0012304361444
    },
    "silence_rate_60dB": {
        "dmean": 0.0928620919585,
        "dmean2": 0.185738489032,
        "dvar": 0.0842366963625,
        "dvar2": 0.169109359384,
        "max": 1,
        "mean": 0.373960584402,
        "median": 0,
        "min": 0,
        "var": 0.234123766422
    },
    "spectral_centroid": {
        "dmean": 321.139648438,
        "dmean2": 474.340393066,
        "dvar": 159337.859375,
        "dvar2": 307124.4375,
        "max": 11909.4433594,
        "mean": 2069.77124023,
        "median": 1817.40649414,
        "min": 140.190292358,
        "var": 2189362.5
    },
    "spectral_complexity": {
        "dmean": 2.26580429077,
        "dmean2": 3.33359003067,
        "dvar": 11.1898288727,
        "dvar2": 20.6264743805,
        "max": 55,
        "mean": 7.90606737137,
        "median": 6,
        "min": 0,
        "var": 45.995349884
    },
    "spectral_decrease": {
        "dmean": 5.86420745297e-10,
        "dmean2": 8.00030985904e-10,
        "dvar": 1.4046089284e-18,
        "dvar2": 2.51005454658e-18,
        "max": 6.33370241562e-14,
        "mean": -1.86358350973e-09,
        "median": -1.05948672058e-09,
        "min": -2.83926517852e-08,
        "var": 5.81748266593e-18
    },
    "spectral_energy": {
        "dmean": 0.00283487723209,
        "dmean2": 0.00385007122532,
        "dvar": 3.74506271328e-05,
        "dvar2": 6.75437186146e-05,
        "max": 0.153671607375,
        "mean": 0.00863416586071,
        "median": 0.00475832074881,
        "min": 9.7823445528e-21,
        "var": 0.000145689744386
    },
    "spectral_energyband_high": {
        "dmean": 0.000716866867151,
        "dmean2": 0.00101462763269,
        "dvar": 4.63286687591e-06,
        "dvar2": 8.94657569006e-06,
        "max": 0.0792530849576,
        "mean": 0.00132387573831,
        "median": 0.000348931644112,
        "min": 6.94871861885e-21,
        "var": 1.11489562187e-05
    },
    "spectral_energyband_low": {
        "dmean": 0.000331601622747,
        "dmean2": 0.000451058178442,
        "dvar": 5.42146835869e-07,
        "dvar2": 1.00416684745e-06,
        "max": 0.0209480021149,
        "mean": 0.000706287275534,
        "median": 0.00021144002676,
        "min": 1.39020168466e-23,
        "var": 2.12261011256e-06
    },
    "spectral_energyband_middle_high": {
        "dmean": 0.00134485715535,
        "dmean2": 0.00188536534552,
        "dvar": 1.93162723008e-05,
        "dvar2": 3.57526514563e-05,
        "max": 0.123285904527,
        "mean": 0.00318493833765,
        "median": 0.000453262182418,
        "min": 1.11610474349e-21,
        "var": 6.84948536218e-05
    },
    "spectral_energyband_middle_low": {
        "dmean": 0.00109810905997,
        "dmean2": 0.00154493562877,
        "dvar": 3.29385989062e-06,
        "dvar2": 6.53629012959e-06,
        "max": 0.0424437001348,
        "mean": 0.00352822686546,
        "median": 0.00190016301349,
        "min": 1.29510336658e-22,
        "var": 1.96040127776e-05
    },
    "spectral_entropy": {
        "dmean": 0.179322808981,
        "dmean2": 0.246967986226,
        "dvar": 0.0430963039398,
        "dvar2": 0.0718011930585,
        "max": 9.82378292084,
        "mean": 7.76181745529,
        "median": 7.87484931946,
        "min": 5.07535600662,
        "var": 0.380199402571
    },
    "spectral_flux": {
        "dmean": 0.0146208321676,
        "dmean2": 0.0229350384325,
        "dvar": 0.000463774136733,
        "dvar2": 0.00115472718608,
        "max": 0.364780336618,
        "mean": 0.0389558076859,
        "median": 0.028871698305,
        "min": 6.25003104826e-11,
        "var": 0.00116657151375
    },
    "spectral_kurtosis": {
        "dmean": 0.695474922657,
        "dmean2": 1.10991358757,
        "dvar": 0.811142861843,
        "dvar2": 1.92008841038,
        "max": 21.1372432709,
        "mean": 1.94505774975,
        "median": 1.46837639809,
        "min": -1.30503058434,
        "var": 3.85935688019
    },
    "spectral_rms": {
        "dmean": 0.000440188829089,
        "dmean2": 0.000575930869672,
        "dvar": 4.07661190138e-07,
        "dvar2": 6.86908151692e-07,
        "max": 0.0122443260625,
        "mean": 0.00243593053892,
        "median": 0.00215459149331,
        "min": 3.08929617998e-12,
        "var": 2.4898117772e-06
    },
    "spectral_rolloff": {
        "dmean": 1080.23242188,
        "dmean2": 1723.4230957,
        "dvar": 2762809,
        "dvar2": 5477335,
        "max": 19853.6132812,
        "mean": 4087.59912109,
        "median": 3251.51367188,
        "min": 107.666015625,
        "var": 14012799
    },
    "spectral_skewness": {
        "dmean": 0.15047185123,
        "dmean2": 0.23081625998,
        "dvar": 0.0292033385485,
        "dvar2": 0.0605745911598,
        "max": 3.94553589821,
        "mean": 1.11978387833,
        "median": 1.06636929512,
        "min": -0.105595931411,
        "var": 0.182874113321
    },
    "spectral_spread": {
        "dmean": 673954.1875,
        "dmean2": 995827.125,
        "dvar": 704070025216,
        "dvar2": 1.30160420454e+12,
        "max": 43893232,
        "mean": 7556227,
        "median": 7202384.5,
        "min": 2470253.75,
        "var": 2.06449389076e+13
    },
    "spectral_strongpeak": {
        "dmean": 0.577944755554,
        "dmean2": 0.909255623817,
        "dvar": 2.23419451714,
        "dvar2": 4.82262468338,
        "max": 32.4132461548,
        "mean": 1.22044217587,
        "median": 0.480605125427,
        "min": 0,
        "var": 5.2449297905
    },
    "zerocrossingrate": {
        "dmean": 0.0195038784295,
        "dmean2": 0.0214794110507,
        "dvar": 0.000448417966254,
        "dvar2": 0.000519269320648,
        "max": 0.53759765625,
        "mean": 0.13358861208,
        "median": 0.11767578125,
        "min": 0.00732421875,
        "var": 0.00731032621115
    },
    "barkbands": {
        "dmean": [4.07724087381e-07, 0.000116229712148, 0.000202397321118, 0.000102592464827, 0.000285600312054, 0.000345758860931, 0.000250300916377, 0.000301419728203, 0.00019052674179, 0.00012245887774, 0.000153419561684, 0.000146070378833, 0.000210403013625, 9.85380029306e-05, 0.000166524332599, 0.000101172227005, 0.000144700519741, 0.000217984197661, 0.000271354540018, 0.000283377041342, 0.000141202079249, 0.000119140961033, 0.000171024876181, 9.45960346144e-05, 0.000109729175165, 3.4891829273e-05, 4.0370609895e-06],
        "dmean2": [7.15630619652e-07, 0.000149797007907, 0.000290288124233, 0.000164975470398, 0.000442862452473, 0.000523648457602, 0.000364131148672, 0.000412850873545, 0.000279021332972, 0.000175708730239, 0.000212337239645, 0.000210377998883, 0.000318776117638, 0.00014939623361, 0.000242296751821, 0.000147772603668, 0.000212943385122, 0.00032146947342, 0.000396896648454, 0.000418736686697, 0.000214408690226, 0.000181087234523, 0.000256128114415, 0.000143750949064, 0.000160723444424, 5.05557436554e-05, 6.66212827127e-06],
        "dvar": [7.25608809149e-13, 7.38430827596e-08, 2.3191363141e-07, 7.52000914872e-08, 5.67173628951e-07, 7.11064160441e-07, 3.58716675919e-07, 9.26729114781e-07, 3.38474933415e-07, 2.50998652973e-07, 4.72689777098e-07, 7.41544113225e-07, 2.15505019696e-06, 5.78687092911e-07, 5.83620533234e-07, 2.7228989552e-07, 6.53555900954e-07, 1.30886724037e-06, 1.64836490057e-06, 2.20766514758e-06, 2.63921634769e-07, 1.14903954795e-07, 3.974748779e-07, 6.80270915154e-08, 1.02171121341e-07, 1.26557617719e-08, 3.84328679992e-10],
        "dvar2": [2.01246896751e-12, 1.09890969213e-07, 4.85525276872e-07, 1.86688922099e-07, 1.35442257942e-06, 1.81791460818e-06, 7.05146817381e-07, 1.50828941514e-06, 6.5051619913e-07, 4.41177121502e-07, 8.22547292501e-07, 1.25862754885e-06, 4.27370832767e-06, 1.41764166983e-06, 1.17014008083e-06, 4.63581585564e-07, 1.28032479552e-06, 2.47976504397e-06, 3.46963497577e-06, 4.17138971898e-06, 5.77843252358e-07, 2.42186615651e-07, 9.17702152492e-07, 1.52695577071e-07, 2.30602239526e-07, 2.8701542476e-08, 9.92222082274e-10],
        "max": [1.50299420056e-05, 0.00739219039679, 0.0144102927297, 0.00624958239496, 0.0191275049001, 0.0187133140862, 0.0155365625396, 0.0384132862091, 0.0176713056862, 0.0203088242561, 0.0326254889369, 0.0520733743906, 0.0534839220345, 0.0419091172516, 0.0214446168393, 0.0175326336175, 0.0445731580257, 0.0492389909923, 0.0448073223233, 0.0680149868131, 0.0189415924251, 0.00802186690271, 0.0279468465596, 0.0076857865788, 0.00624546315521, 0.0023267166689, 0.000587015529163],
        "mean": [4.11626587038e-07, 0.00025261650444, 0.000395645271055, 0.000169766921317, 0.000594420707785, 0.0008099663537, 0.00057934736833, 0.000864068628289, 0.00040336602251, 0.000234013728914, 0.000305807305267, 0.000251941150054, 0.000385305756936, 0.000155277681188, 0.000346786750015, 0.000180196846486, 0.000246893090662, 0.000404084566981, 0.000451361207524, 0.000498102570418, 0.000240233814111, 0.00019848580996, 0.000272501143627, 0.000154447945533, 0.00018501028535, 5.01344184158e-05, 3.96605264541e-06],
        "median": [1.323270169e-07, 4.80158632854e-05, 7.81458802521e-05, 4.02719815611e-05, 0.000129558131448, 0.000179708760697, 0.00011226843344, 5.17068183399e-05, 4.00610515499e-05, 2.30684745475e-05, 1.48168710439e-05, 1.71885803866e-05, 9.60080615187e-06, 6.42514305582e-06, 1.1901293874e-05, 8.19436809252e-06, 1.66775571415e-05, 2.93002594844e-05, 5.47169911442e-05, 4.02240475523e-05, 4.35216170445e-05, 5.6715667597e-05, 6.13841039012e-05, 4.82849463879e-05, 5.11257749167e-05, 1.10657656478e-05, 7.42956558497e-07],
        "min": [7.08316629076e-25, 2.32101022117e-24, 8.68246443304e-25, 6.23197156896e-25, 6.52762204231e-24, 3.16896686617e-24, 8.57557910519e-24, 1.01242582125e-23, 1.27668089275e-23, 1.06280863178e-23, 1.14702860531e-23, 1.30092534938e-23, 1.1088721133e-23, 2.65231697078e-23, 3.09491716353e-23, 4.81394257921e-23, 7.00982999448e-23, 9.01826607264e-23, 1.29849193437e-22, 1.53979779574e-22, 2.21432953173e-22, 2.92265518537e-22, 3.64075968502e-22, 5.63135412764e-22, 8.49422602574e-22, 1.2083020603e-21, 1.87962940543e-21],
        "var": [7.28294865821e-13, 3.99291621989e-07, 7.28156521745e-07, 1.62445019214e-07, 1.55854309014e-06, 2.80337008007e-06, 1.62619323874e-06, 7.57311954658e-06, 1.3186331671e-06, 8.31881493468e-07, 1.41723751312e-06, 1.77706920113e-06, 5.52319852432e-06, 8.26786845209e-07, 2.27159489441e-06, 8.42481938435e-07, 1.59719786552e-06, 3.99033024223e-06, 3.34247533829e-06, 5.60502803637e-06, 6.42064435397e-07, 2.33682655448e-07, 7.17560794783e-07, 1.100407232e-07, 1.57966383085e-07, 1.64316436013e-08, 3.2902724989e-10]
    },
    "erbbands": {
        "dmean": [0.000735487323254, 0.0369585752487, 0.231705218554, 0.231715023518, 0.598199725151, 1.08371150494, 1.93060219288, 3.30749702454, 2.86671614647, 4.34325933456, 6.98470544815, 4.27943181992, 4.02096128464, 5.03585481644, 4.94916200638, 6.17988681793, 8.52917098999, 6.35328197479, 6.51687431335, 7.00419902802, 5.60557603836, 7.89898061752, 12.8785648346, 14.0404567719, 13.0097818375, 11.0442066193, 7.79995298386, 4.34370708466, 3.63149547577, 5.91451406479, 4.5196352005, 2.76287055016, 1.31688284874, 1.13486456871, 0.826812148094, 0.224523469806, 0.0546818263829, 0.0081723947078, 0.000653846014757, 2.06658642128e-05],
        "dmean2": [0.00105601083487, 0.0475579053164, 0.318504989147, 0.365946233273, 0.940789759159, 1.69492280483, 2.96884918213, 5.00320196152, 4.23286485672, 6.13607931137, 9.54336071014, 6.20968818665, 5.78326416016, 7.10274505615, 6.93552732468, 8.75439071655, 12.6144981384, 9.68185329437, 9.51568698883, 10.2208976746, 8.26164722443, 11.5087013245, 18.5254421234, 20.4349861145, 19.0196323395, 16.1530036926, 11.6108875275, 6.59701108932, 5.47021627426, 9.07534122467, 6.71117353439, 4.21462488174, 1.97978496552, 1.70017957687, 1.21909093857, 0.328467845917, 0.0792631879449, 0.0120725436136, 0.00109432602767, 3.20884828398e-05],
        "dvar": [2.17559727389e-06, 0.00757888844237, 0.317165493965, 0.310715824366, 2.71267962456, 11.3361320496, 23.2379646301, 80.4287490845, 37.9676437378, 107.491157532, 601.981567383, 147.986129761, 293.123748779, 343.528808594, 765.515380859, 1342.79284668, 2644.33911133, 2241.27319336, 682.855407715, 937.035095215, 517.052612305, 2263.23999023, 5107.13867188, 5418.15185547, 2723.58544922, 3473.53540039, 1201.61889648, 193.975097656, 148.752822876, 279.111755371, 323.200958252, 77.731628418, 14.331776619, 11.6764707565, 5.51997327805, 0.490020304918, 0.0327004045248, 0.00095430604415, 1.33702233143e-05, 8.11223443975e-09],
        "dvar2": [4.12154304286e-06, 0.0115435551852, 0.610703289509, 0.768743753433, 6.18366193771, 27.0239467621, 54.0830574036, 206.065536499, 78.3980712891, 187.32069397, 971.964660645, 293.436859131, 508.218566895, 653.913085938, 1428.31079102, 2089.37158203, 5100.84716797, 5329.515625, 1251.21508789, 1816.98596191, 995.542907715, 4445.43994141, 9367.18652344, 11285.5332031, 5419.78271484, 6565.92285156, 2401.10986328, 385.899078369, 324.062957764, 622.250793457, 740.179443359, 177.642242432, 33.9562110901, 27.5570259094, 12.365650177, 1.12165868282, 0.0733213052154, 0.00212476914749, 3.49824949808e-05, 2.09492831971e-08],
        "max": [0.0383102148771, 2.44448852539, 17.4339065552, 15.8849992752, 44.3979148865, 119.236862183, 109.640930176, 215.484405518, 150.308258057, 307.9190979, 1055.38952637, 343.73815918, 873.467102051, 642.845581055, 1643.87756348, 2593.87207031, 2090.40112305, 2542.78466797, 1072.9864502, 868.293518066, 777.961791992, 2805.83544922, 3530.14941406, 2750.82299805, 1411.31347656, 2661.96289062, 1543.70654297, 571.356689453, 468.227783203, 465.665588379, 828.118164062, 314.794586182, 113.617248535, 92.124710083, 52.2893295288, 14.2830200195, 3.77990889549, 0.950438141823, 0.110765859485, 0.00345638603903],
        "mean": [0.00162100011948, 0.0801778808236, 0.470122992992, 0.430800765753, 1.18366909027, 2.06662487984, 4.14155912399, 7.77256298065, 6.91653633118, 11.117184639, 20.8104724884, 9.8767747879, 8.25818634033, 10.578742981, 9.58580303192, 11.60430336, 16.0045890808, 11.1998291016, 13.3542308807, 14.9287109375, 10.5193424225, 13.9881620407, 24.7543869019, 23.6481494904, 24.0389137268, 18.7291526794, 13.1483602524, 7.73050928116, 6.30482625961, 9.39498519897, 7.20090484619, 4.4489274025, 2.12232351303, 1.85648667812, 1.38781142235, 0.334391891956, 0.0778775289655, 0.0110009163618, 0.000607883441262, 3.10086215904e-05],
        "median": [0.000515373249073, 0.0160905532539, 0.0874079167843, 0.184687644243, 0.245490297675, 0.430356413126, 0.897287726402, 1.60321581364, 2.08683538437, 2.39995718002, 1.66602814198, 1.34438061714, 1.1954407692, 1.1088104248, 1.01465392113, 1.07126998901, 0.727452993393, 0.610977530479, 0.680102467537, 0.612055301666, 0.760302126408, 0.946954131126, 1.22703146935, 2.46102333069, 3.13477563858, 1.85076391697, 1.64163029194, 1.66132450104, 1.54024577141, 2.66908979416, 1.65407288074, 1.14079582691, 0.697830677032, 0.538983106613, 0.378363102674, 0.0768190175295, 0.016303807497, 0.00265255803242, 9.95690643322e-05, 1.26008490042e-05],
        "min": [3.30593114479e-23, 3.33756572926e-22, 1.43352550906e-21, 5.6908725596e-21, 1.13274492746e-20, 2.01911572506e-20, 3.87066210635e-20, 3.37063336477e-20, 8.23391866854e-20, 1.28721116486e-19, 2.94772635523e-19, 3.56857141688e-19, 4.96238832662e-19, 5.60921254636e-19, 8.81773705801e-19, 6.35543233947e-19, 7.8890143384e-19, 1.2839669108e-18, 2.21346542243e-18, 1.25709956752e-18, 4.26084455839e-18, 3.84126381012e-18, 4.59663315138e-18, 5.39129812123e-18, 6.00520427491e-18, 6.7971242459e-18, 8.34658656163e-18, 1.00691107779e-17, 1.04399383281e-17, 1.07368515002e-17, 1.00481194155e-17, 8.77618860302e-18, 9.27436557156e-18, 8.23856090953e-18, 6.33593424487e-18, 4.05310931448e-18, 2.10451829113e-18, 9.45599685649e-19, 2.41297244229e-19, 2.46970992373e-20],
        "var": [9.42333099374e-06, 0.0394188649952, 1.16383874416, 0.538708746433, 8.86770915985, 28.9627761841, 80.7110290527, 322.740020752, 154.63571167, 555.172363281, 5185.07470703, 572.495239258, 1044.1081543, 1159.95239258, 2089.84545898, 3496.78564453, 6988.57763672, 3726.68676758, 2280.03540039, 3682.0480957, 1493.36633301, 5518.15625, 17356.2285156, 10878.2714844, 7358.53173828, 7603.703125, 2895.81835938, 518.068359375, 363.256622314, 543.358703613, 539.003479004, 138.147369385, 20.2435016632, 16.4057235718, 8.72053909302, 0.657246887684, 0.0427074953914, 0.00117688986938, 1.11235003715e-05, 7.95045007607e-09]
    },
    "gfcc": {
        "mean": [-78.0243759155, 23.6954975128, -97.5313720703, 31.7695274353, -83.4033813477, 5.11592531204, -45.2877426147, 12.841178894, -31.2413043976, 4.42693710327, -16.6846122742, 2.33237934113, -20.9501419067],
        "cov": [[23513.8945312, 530.850585938, -3159.88110352, 376.911407471, -1454.66003418, 317.504516602, -1020.22613525, 190.277175903, -594.276672363, 174.998504639, -323.793609619, 55.3675346375, -212.750061035], [530.850585938, 1159.6751709, 37.3390693665, -251.498138428, -32.5818252563, -55.8521308899, -25.9929828644, -17.8907470703, -5.61027812958, -6.0500087738, -29.2628421783, -2.65069723129, -0.658488273621], [-3159.88110352, 37.3390693665, 1924.87121582, 444.698516846, 57.5782661438, 86.3485488892, 159.454162598, 108.298400879, 26.3578681946, -29.9657230377, -31.5433349609, 16.5669288635, -35.7676620483], [376.911407471, -251.498138428, 444.698516846, 685.311157227, 69.4183044434, 134.234863281, 61.1463851929, 56.0386581421, -37.638759613, -29.131937027, -30.0512695312, 1.48255312443, -29.3980808258], [-1454.66003418, -32.5818252563, 57.5782661438, 69.4183044434, 461.498931885, 159.256210327, 98.6359329224, -45.0805091858, 68.2166213989, 2.03632903099, 0.308596521616, -7.18357944489, 33.9591217041], [317.504516602, -55.8521308899, 86.3485488892, 134.234863281, 159.256210327, 323.001495361, 45.0382347107, 37.2030448914, 25.5637264252, 48.0826339722, -29.7118320465, 7.39060735703, 5.82134103775], [-1020.22613525, -25.9929828644, 159.454162598, 61.1463851929, 98.6359329224, 45.0382347107, 204.743804932, 79.9815368652, 65.9369735718, -11.3093891144, 21.8933525085, -26.8540935516, -11.2298069], [190.277175903, -17.8907470703, 108.298400879, 56.0386581421, -45.0805091858, 37.2030448914, 79.9815368652, 173.486450195, 69.4080276489, 34.0163116455, 7.25100564957, -15.5270261765, -25.5021152496], [-594.276672363, -5.61027812958, 26.3578681946, -37.638759613, 68.2166213989, 25.5637264252, 65.9369735718, 69.4080276489, 150.867401123, 62.8782424927, 26.1374206543, -13.4095630646, -3.30520248413], [174.998504639, -6.0500087738, -29.9657230377, -29.131937027, 2.03632903099, 48.0826339722, -11.3093891144, 34.0163116455, 62.8782424927, 113.017189026, 47.8918495178, 12.9017896652, -16.1855545044], [-323.793609619, -29.2628421783, -31.5433349609, -30.0512695312, 0.308596521616, -29.7118320465, 21.8933525085, 7.25100564957, 26.1374206543, 47.8918495178, 114.717956543, 41.657497406, 1.40793693066], [55.3675346375, -2.65069723129, 16.5669288635, 1.48255312443, -7.18357944489, 7.39060735703, -26.8540935516, -15.5270261765, -13.4095630646, 12.9017896652, 41.657497406, 93.373260498, 59.1886024475], [-212.750061035, -0.658488273621, -35.7676620483, -29.3980808258, 33.9591217041, 5.82134103775, -11.2298069, -25.5021152496, -3.30520248413, -16.1855545044, 1.40793693066, 59.1886024475, 117.711555481]],
        "icov": [[0.000189476282685, -0.000161551652127, 0.000389336026274, -0.000344148284057, 0.000432273460319, -0.000341563951224, 0.000547910749447, -0.000557772291359, 0.000479650858324, -0.000314290518872, 0.000515986001119, -0.00040478433948, 0.000365137180779], [-0.000161551652127, 0.00111794366967, -0.000442635733634, 0.000756100576837, -0.000437349168351, 0.000401874131057, -0.000510604528245, 0.000414604641264, -0.000236217558268, 0.00013485760428, 7.46505829738e-05, 1.62841806741e-05, -8.11577119748e-05], [0.000389336026274, -0.000442635733634, 0.00148507917766, -0.00113229441922, 0.000905809865799, -0.000592337921262, 0.000612278119661, -0.00119835848454, 0.000824815244414, -0.000630156893749, 0.00155153742526, -0.00162474589888, 0.00117135327309], [-0.000344148284057, 0.000756100576837, -0.00113229441922, 0.0028744796291, -0.00111291953363, 4.58423073724e-06, -0.00102447357494, 0.00021310687589, 0.000116216629976, 0.0010924981907, -0.000680846511386, 0.000127091843751, 0.000123055870063], [0.000432273460319, -0.000437349168351, 0.000905809865799, -0.00111291953363, 0.00498887849972, -0.00280391122214, -0.000316346500767, 0.00177901505958, -0.00143843179103, 0.00038224470336, 0.000414548907429, 8.39244094095e-05, -0.000204215713893], [-0.000341563951224, 0.000401874131057, -0.000592337921262, 4.58423073724e-06, -0.00280391122214, 0.00624225707725, -0.00229221372865, -0.000179449794814, 0.00116186635569, -0.00423246761784, 0.00308027560823, -0.00144060491584, -0.000413097819546], [0.000547910749447, -0.000510604528245, 0.000612278119661, -0.00102447357494, -0.000316346500767, -0.00229221372865, 0.0118307787925, -0.00572727294639, -0.00138830137439, 0.00510273315012, -0.00404812721536, 0.00291520962492, 0.000255324790487], [-0.000557772291359, 0.000414604641264, -0.00119835848454, 0.00021310687589, 0.00177901505958, -0.000179449794814, -0.00572727294639, 0.0126682901755, -0.00570204807445, -0.000559832842555, -0.000186992212548, 0.000607655267231, -0.000163266493473], [0.000479650858324, -0.000236217558268, 0.000824815244414, 0.000116216629976, -0.00143843179103, 0.00116186635569, -0.00138830137439, -0.00570204807445, 0.0157496351749, -0.00954561401159, 0.00234858365729, 0.00150827132165, -0.0015218249755], [-0.000314290518872, 0.00013485760428, -0.000630156893749, 0.0010924981907, 0.00038224470336, -0.00423246761784, 0.00510273315012, -0.000559832842555, -0.00954561401159, 0.0217474214733, -0.00984739325941, 0.000373229733668, 0.0026310312096], [0.000515986001119, 7.46505829738e-05, 0.00155153742526, -0.000680846511386, 0.000414548907429, 0.00308027560823, -0.00404812721536, -0.000186992212548, 0.00234858365729, -0.00984739325941, 0.0201315041631, -0.0126670338213, 0.00537622859702], [-0.00040478433948, 1.62841806741e-05, -0.00162474589888, 0.000127091843751, 8.39244094095e-05, -0.00144060491584, 0.00291520962492, 0.000607655267231, 0.00150827132165, 0.000373229733668, -0.0126670338213, 0.0270442981273, -0.0140901040286], [0.000365137180779, -8.11577119748e-05, 0.00117135327309, 0.000123055870063, -0.000204215713893, -0.000413097819546, 0.000255324790487, -0.000163266493473, -0.0015218249755, 0.0026310312096, 0.00537622859702, -0.0140901040286, 0.0169494487345]]
    },
    "melbands": {
        "dmean": [1.80402439582e-05, 9.58760138019e-05, 5.00287060277e-05, 5.66130947846e-05, 6.39869394945e-05, 6.98767107679e-05, 4.77981375298e-05, 4.97282271681e-05, 5.63592948311e-05, 2.61336244876e-05, 1.99702408281e-05, 1.96160854102e-05, 1.67730686371e-05, 1.63398599398e-05, 1.53679156938e-05, 2.26984448091e-05, 1.10744704216e-05, 9.30286842049e-06, 1.44164250742e-05, 8.08726235846e-06, 6.54104678688e-06, 8.494776921e-06, 1.08358981379e-05, 9.98226551019e-06, 1.23731915664e-05, 9.5858995337e-06, 1.05515746327e-05, 7.41032772567e-06, 5.56304439669e-06, 4.14979649577e-06, 2.06124354918e-06, 2.1291491521e-06, 2.60068668467e-06, 3.57524527317e-06, 2.61615605268e-06, 2.68311509899e-06, 1.2893094663e-06, 8.03243040082e-07, 1.18658124393e-06, 9.39181404647e-07],
        "dmean2": [2.39796590904e-05, 0.000128636544105, 7.76659071562e-05, 8.80985753611e-05, 9.86413724604e-05, 0.000105518185592, 7.01176250004e-05, 7.01169046806e-05, 7.66190787544e-05, 3.84385639336e-05, 2.87664497591e-05, 2.7813926863e-05, 2.3541657356e-05, 2.30727146118e-05, 2.20666297537e-05, 3.40627848345e-05, 1.69405102497e-05, 1.34120509756e-05, 2.10729176615e-05, 1.16762148537e-05, 9.81831635727e-06, 1.24703119582e-05, 1.56924998009e-05, 1.4740712686e-05, 1.80897059181e-05, 1.39278135975e-05, 1.59865867317e-05, 1.07039131763e-05, 8.25291681394e-06, 6.2392646214e-06, 3.19986020259e-06, 3.25711062032e-06, 4.00769431508e-06, 5.53927839064e-06, 3.91972025682e-06, 4.10402299167e-06, 1.98292536879e-06, 1.22960955196e-06, 1.81846883152e-06, 1.43169074818e-06],
        "dvar": [1.63445990076e-09, 5.27330286104e-08, 1.45716541056e-08, 2.63410111501e-08, 2.41362236864e-08, 3.27414859669e-08, 1.11667652902e-08, 1.44863108176e-08, 3.81869682542e-08, 6.34934771426e-09, 7.4121699889e-09, 5.37813571455e-09, 6.718746004e-09, 8.05786903868e-09, 1.26261312516e-08, 3.04149807562e-08, 7.81439712938e-09, 1.82471127097e-09, 6.22217388724e-09, 2.21749374418e-09, 7.9079687243e-10, 2.66880073596e-09, 3.37630567948e-09, 2.90874946351e-09, 5.02838082284e-09, 1.84133863712e-09, 3.28572791197e-09, 2.16576112599e-09, 9.97370963596e-10, 2.72174172089e-10, 5.47986343802e-11, 7.46777015226e-11, 4.81400197483e-11, 1.17687123935e-10, 1.06748131168e-10, 1.27339166989e-10, 1.36928758263e-11, 5.04521771583e-12, 1.52439415257e-11, 7.704777788e-12],
        "dvar2": [2.57235499568e-09, 9.56280672426e-08, 3.45166313309e-08, 6.22714111387e-08, 5.77279699598e-08, 8.42953156166e-08, 2.24012577377e-08, 2.46110918312e-08, 6.10940276147e-08, 1.26567964998e-08, 1.28392469989e-08, 1.02119104284e-08, 1.24334542662e-08, 1.47235219572e-08, 2.0999252115e-08, 5.8472146236e-08, 1.91878886113e-08, 3.09523762176e-09, 1.26392576405e-08, 3.55669715901e-09, 1.57902690923e-09, 5.23973398003e-09, 6.31820595842e-09, 5.74331915359e-09, 1.05214246204e-08, 3.455762565e-09, 6.96277702161e-09, 3.75540665232e-09, 1.86077153685e-09, 5.44247924505e-10, 1.10783396345e-10, 1.64976449168e-10, 1.04840913728e-10, 2.69583827484e-10, 2.31712468657e-10, 3.05967307046e-10, 3.02283233167e-11, 1.19203561952e-11, 3.66796280848e-11, 1.84573415579e-11],
        "max": [0.00108056829777, 0.00691428361461, 0.00270349765196, 0.00491602392867, 0.00318606337532, 0.00428697513416, 0.00230265618302, 0.00373272690922, 0.00804919935763, 0.00273301987909, 0.00425379443914, 0.00240016775206, 0.0043576406315, 0.00405932590365, 0.00803394801915, 0.0071712275967, 0.00488096335903, 0.00226961332373, 0.00240381201729, 0.00179963500705, 0.00081794912694, 0.00272210221738, 0.00233939103782, 0.00225430075079, 0.00267837638967, 0.00121878413484, 0.00263247452676, 0.00261787488125, 0.0018640588969, 0.000672079098877, 0.000326315814164, 0.000364561914466, 0.000179372465936, 0.000346408429323, 0.000428451254265, 0.000529122014996, 0.000120945762319, 6.24767344561e-05, 0.000129488238599, 7.53621643526e-05],
        "mean": [3.9450780605e-05, 0.000199980961042, 0.000101534475107, 0.000113506859634, 0.000138851362863, 0.000164777171449, 0.000114316688268, 0.000129159452626, 0.000164672950632, 5.52114906895e-05, 3.94085873268e-05, 4.00880308007e-05, 3.27242269123e-05, 2.90300868073e-05, 2.83594090433e-05, 4.17551200371e-05, 1.73630287463e-05, 1.71307347046e-05, 3.05966568703e-05, 1.47752643898e-05, 1.13784353744e-05, 1.4208995708e-05, 1.91185736185e-05, 1.87415298569e-05, 1.95326865651e-05, 1.61722018674e-05, 1.92011448235e-05, 1.13688092824e-05, 8.74307988852e-06, 7.10718632035e-06, 3.37822757501e-06, 3.48849698639e-06, 4.03698686569e-06, 5.46458431927e-06, 3.91973571823e-06, 4.27036684414e-06, 1.97903955268e-06, 1.24805467294e-06, 1.77703930149e-06, 1.50648509134e-06],
        "median": [9.10080871108e-06, 4.06884319091e-05, 3.6949677451e-05, 2.40835724981e-05, 3.17286103382e-05, 3.54399089701e-05, 3.0031093047e-05, 2.34066646954e-05, 9.19691683521e-06, 6.37180801277e-06, 3.40285942002e-06, 3.23472477248e-06, 2.17068009079e-06, 2.1845989977e-06, 1.71239798874e-06, 9.68498511611e-07, 7.3294501135e-07, 8.23986738396e-07, 8.2933502199e-07, 4.83682242702e-07, 8.89718080543e-07, 9.66163270277e-07, 7.75198031988e-07, 1.29332704546e-06, 1.8428831936e-06, 2.18979334932e-06, 1.811208449e-06, 1.04927937628e-06, 8.23903860692e-07, 1.28878514261e-06, 7.42740098758e-07, 6.81491542309e-07, 1.36389326144e-06, 1.35770301313e-06, 8.18264140889e-07, 1.01774753603e-06, 5.01017211718e-07, 4.05162154493e-07, 5.00730322983e-07, 4.40525923295e-07],
        "min": [5.57238524458e-25, 7.46158779738e-25, 1.14422795188e-24, 8.56526041012e-25, 1.26977536216e-24, 7.05450204369e-25, 1.4116861142e-24, 1.37192841205e-24, 2.23224522553e-24, 1.96268455168e-24, 2.24469522555e-24, 1.91209312689e-24, 2.15874942157e-24, 1.49045870736e-24, 1.53261050375e-24, 1.68330709552e-24, 2.01774152084e-24, 3.12035449617e-24, 1.97534202212e-24, 2.45331106966e-24, 3.91691251446e-24, 3.49032020275e-24, 3.94684347493e-24, 3.75122411423e-24, 3.77178459044e-24, 3.91406551546e-24, 4.13821600294e-24, 4.15606358649e-24, 4.49115868282e-24, 3.9709368647e-24, 5.08279528984e-24, 4.33398366948e-24, 4.66379300332e-24, 5.01543051284e-24, 4.79286721349e-24, 4.36271832239e-24, 4.60054410809e-24, 5.7929353709e-24, 6.59687022472e-24, 6.33895096847e-24],
        "var": [8.49870573916e-09, 2.13855628317e-07, 3.66292915999e-08, 7.16956094493e-08, 7.97759227567e-08, 1.31270468273e-07, 4.83623523451e-08, 7.71161694502e-08, 3.21637600109e-07, 2.08685069225e-08, 2.62727457567e-08, 1.7740774183e-08, 1.90099100905e-08, 1.92009945721e-08, 3.62744039251e-08, 8.09093805287e-08, 1.065958255e-08, 5.54432189048e-09, 2.43892319673e-08, 7.03016844739e-09, 1.99035810056e-09, 6.40142649999e-09, 9.56242995898e-09, 8.92880880343e-09, 9.77341407804e-09, 4.13200362814e-09, 9.87315207368e-09, 4.48584636104e-09, 2.27040453105e-09, 7.68935082274e-10, 1.26334581685e-10, 1.80146647599e-10, 7.80049497218e-11, 2.40702374699e-10, 1.83124918007e-10, 2.06331257635e-10, 2.39878967384e-11, 7.37666698558e-12, 1.95686418458e-11, 1.06110224773e-11]
    },
    "mfcc": {
        "mean": [-720.050964355, 58.322719574, 26.2525463104, 22.0544090271, -10.0557060242, -10.0505657196, -5.95903348923, -0.39621964097, -11.5104255676, -1.43758583069, 0.269658088684, -2.29367923737, 2.4511525631],
        "cov": [[9484.48828125, 225.443710327, -1183.90344238, -254.483886719, -163.1459198, -22.300157547, -230.789840698, -153.217102051, -132.042648315, 25.5637264252, -158.460784912, -101.869300842, -18.514755249], [225.443710327, 1259.96142578, 41.0410461426, -181.184234619, -26.967710495, -76.3415756226, -78.9847412109, -63.9868240356, -11.8214836121, -45.8550033569, -3.06169652939, -49.0155487061, -10.5021619797], [-1183.90344238, 41.0410461426, 1403.75854492, 364.674438477, 110.29876709, 64.8128585815, 139.552642822, 136.519515991, 85.8953781128, 2.25327062607, 94.5441055298, 26.4054985046, 14.0450153351], [-254.483886719, -181.184234619, 364.674438477, 418.685424805, 84.1465911865, 57.9117279053, 98.817527771, 90.6049804688, 20.0804405212, 21.3536376953, 14.9565610886, 18.9517116547, 3.46359872818], [-163.1459198, -26.967710495, 110.29876709, 84.1465911865, 269.345916748, 180.533477783, 61.1264762878, 46.6920013428, 69.4668579102, -4.52486371994, 26.563287735, 20.3624076843, 13.6713676453], [-22.300157547, -76.3415756226, 64.8128585815, 57.9117279053, 180.533477783, 260.619110107, 85.0344848633, 49.6032905579, 61.5775527954, 1.83467197418, 19.2599029541, 10.750418663, -4.50072526932], [-230.789840698, -78.9847412109, 139.552642822, 98.817527771, 61.1264762878, 85.0344848633, 150.195404053, 86.0927429199, 32.0387229919, 24.2798442841, 23.2096443176, 14.5769166946, 7.46019411087], [-153.217102051, -63.9868240356, 136.519515991, 90.6049804688, 46.6920013428, 49.6032905579, 86.0927429199, 129.368865967, 76.6091079712, 35.700050354, 22.7143592834, 11.1345405579, 10.9462213516], [-132.042648315, -11.8214836121, 85.8953781128, 20.0804405212, 69.4668579102, 61.5775527954, 32.0387229919, 76.6091079712, 145.569442749, 65.6035995483, 37.6715965271, 8.88618278503, 5.86520719528], [25.5637264252, -45.8550033569, 2.25327062607, 21.3536376953, -4.52486371994, 1.83467197418, 24.2798442841, 35.700050354, 65.6035995483, 130.322036743, 74.6352920532, 33.7526702881, 10.3400325775], [-158.460784912, -3.06169652939, 94.5441055298, 14.9565610886, 26.563287735, 19.2599029541, 23.2096443176, 22.7143592834, 37.6715965271, 74.6352920532, 149.630493164, 92.1975021362, 22.6071281433], [-101.869300842, -49.0155487061, 26.4054985046, 18.9517116547, 20.3624076843, 10.750418663, 14.5769166946, 11.1345405579, 8.88618278503, 33.7526702881, 92.1975021362, 139.052963257, 65.5194625854], [-18.514755249, -10.5021619797, 14.0450153351, 3.46359872818, 13.6713676453, -4.50072526932, 7.46019411087, 10.9462213516, 5.86520719528, 10.3400325775, 22.6071281433, 65.5194625854, 125.123146057]],
