{
"lowlevel": {
    "average_loudness": 0.649871051311,
    "barkbands_crest": {
        "dmean": 2.41765069962,
        "dmean2": 3.7301402092,
        "dvar": 6.23826026917,
        "dvar2": 13.9497499466,
        "max": 26.5726737976,
        "mean": 10.9339113235,
        "median": 9.6773519516,
        "min": 2.75916337967,
        "var": 24.967798233
    },
    "barkbands_flatness_db": {
        "dmean": 0.0229362808168,
        "dmean2": 0.0326062180102,
        "dvar": 0.00051733473083,
        "dvar2": 0.00102165690623,
        "max": 0.59799683094,
        "mean": 0.163720086217,
        "median": 0.155642703176,
        "min": 0.0265401937068,
        "var": 0.00316341151483
    },
    "barkbands_kurtosis": {
        "dmean": 6.63018751144,
        "dmean2": 9.73776817322,
        "dvar": 872.918457031,
        "dvar2": 2176.87060547,
        "max": 1819.02148438,
        "mean": 12.0539941788,
        "median": 2.54020833969,
        "min": -1.89348483086,
        "var": 1714.63134766
    },
    "barkbands_skewness": {
        "dmean": 0.757920086384,
        "dmean2": 1.0513510704,
        "dvar": 0.964870512486,
        "dvar2": 1.89608681202,
        "max": 34.986492157,
        "mean": 1.99699008465,
        "median": 1.32112169266,
        "min": -2.28851628304,
        "var": 5.99840021133
    },
    "barkbands_spread": {
        "dmean": 5.24678325653,
        "dmean2": 7.91875934601,
        "dvar": 66.8488922119,
        "dvar2": 145.937728882,
        "max": 108.277511597,
        "mean": 17.7171440125,
        "median": 15.7298269272,
        "min": 0.120756588876,
        "var": 145.400115967
    },
    "dissonance": {
        "dmean": 0.0322898216546,
        "dmean2": 0.0535706989467,
        "dvar": 0.00114966544788,
        "dvar2": 0.00291597750038,
        "max": 0.499999016523,
        "mean": 0.429333388805,
        "median": 0.438174039125,
        "min": 0.0907019078732,
        "var": 0.0025997874327
    },
    "dynamic_complexity": 5.53940343857,
    "erbbands_crest": {
        "dmean": 2.00396323204,
        "dmean2": 3.05571436882,
        "dvar": 4.40098905563,
        "dvar2": 10.1362400055,
        "max": 28.8277759552,
        "mean": 9.24198532104,
        "median": 8.59862613678,
        "min": 2.38075947762,
        "var": 16.2260227203
    },
    "erbbands_flatness_db": {
        "dmean": 0.0199734624475,
        "dmean2": 0.0264647826552,
        "dvar": 0.000538483902346,
        "dvar2": 0.000820225977805,
        "max": 0.39002931118,
        "mean": 0.157366648316,
        "median": 0.150011092424,
        "min": 0.0302767455578,
        "var": 0.0032544543501
    },
    "erbbands_kurtosis": {
        "dmean": 1.17340898514,
        "dmean2": 1.78795742989,
        "dvar": 1.83895146847,
        "dvar2": 4.0413813591,
        "max": 14.2756500244,
        "mean": 1.76996219158,
        "median": 1.52228450775,
        "min": -1.82143366337,
        "var": 5.7429318428
    },
    "erbbands_skewness": {
        "dmean": 0.346023976803,
        "dmean2": 0.509527623653,
        "dvar": 0.128927379847,
        "dvar2": 0.269296854734,
        "max": 3.69613862038,
        "mean": 0.601019501686,
        "median": 0.646912097931,
        "min": -2.40360665321,
        "var": 0.553817629814
    },
    "erbbands_spread": {
        "dmean": 11.0731420517,
        "dmean2": 15.9288196564,
        "dvar": 222.063446045,
        "dvar2": 415.598510742,
        "max": 176.897598267,
        "mean": 41.9911346436,
        "median": 26.5694255829,
        "min": 4.50440692902,
        "var": 1239.61779785
    },
    "hfc": {
        "dmean": 5.36991453171,
        "dmean2": 6.29745531082,
        "dvar": 121.830169678,
        "dvar2": 151.162414551,
        "max": 424.751647949,
        "mean": 14.2788934708,
        "median": 6.10124778748,
        "min": 1.09028929535e-16,
        "var": 542.352722168
    },
    "melbands_crest": {
        "dmean": 3.0197892189,
        "dmean2": 4.62126684189,
        "dvar": 9.01820659637,
        "dvar2": 20.0116176605,
        "max": 39.9704017639,
        "mean": 15.1375722885,
        "median": 14.2269515991,
        "min": 1.65651679039,
        "var": 41.4411468506
    },
    "melbands_flatness_db": {
        "dmean": 0.0258525591344,
        "dmean2": 0.0369547642767,
        "dvar": 0.000731591659132,
        "dvar2": 0.00146777485497,
        "max": 0.654807329178,
        "mean": 0.229551300406,
        "median": 0.22044710815,
        "min": 0.00352785317227,
        "var": 0.0048629809171
    },
    "melbands_kurtosis": {
        "dmean": 26.1238994598,
        "dmean2": 38.9168739319,
        "dvar": 120984.765625,
        "dvar2": 256887.890625,
        "max": 26003.5957031,
        "mean": 49.304058075,
        "median": 5.90932941437,
        "min": -1.46003103256,
        "var": 165394.046875
    },
    "melbands_skewness": {
        "dmean": 1.17724704742,
        "dmean2": 1.66733705997,
        "dvar": 5.20264434814,
        "dvar2": 9.86848926544,
        "max": 146.184799194,
        "mean": 3.55038118362,
        "median": 1.91281461716,
        "min": -0.795789897442,
        "var": 22.8447208405
    },
    "melbands_spread": {
        "dmean": 5.06921005249,
        "dmean2": 7.66370010376,
        "dvar": 61.4980621338,
        "dvar2": 142.527664185,
        "max": 181.860198975,
        "mean": 18.6960010529,
        "median": 17.4409675598,
        "min": 0.0332005955279,
        "var": 275.597625732
    },
    "pitch_salience": {
        "dmean": 0.0807456448674,
        "dmean2": 0.120858766139,
        "dvar": 0.00578249059618,
        "dvar2": 0.0122832255438,
        "max": 0.963128149509,
        "mean": 0.550711929798,
        "median": 0.551479101181,
        "min": 0.011181358248,
        "var": 0.0279029440135
    },
    "silence_rate_20dB": {
        "dmean": 0,
        "dmean2": 0,
        "dvar": 0,
        "dvar2": 0,
        "max": 1,
        "mean": 1,
        "median": 1,
        "min": 1,
        "var": 0
    },
    "silence_rate_30dB": {
        "dmean": 0.00548546342179,
        "dmean2": 0.0109724318609,
        "dvar": 0.00545565225184,
        "dvar2": 0.0124987941235,
        "max": 1,
        "mean": 0.992869853973,
        "median": 1,
        "min": 0,
        "var": 0.00707888137549
    },
    "silence_rate_60dB": {
        "dmean": 0.04964344576,
        "dmean2": 0.0993005111814,
        "dvar": 0.0471823588014,
        "dvar2": 0.103708080947,
        "max": 1,
        "mean": 0.133964076638,
        "median": 0,
        "min": 0,
        "var": 0.116015382111
    },
    "spectral_centroid": {
        "dmean": 196.631835938,
        "dmean2": 285.393310547,
        "dvar": 81309.6015625,
        "dvar2": 167278.46875,
        "max": 11560.078125,
        "mean": 1147.0838623,
        "median": 925.851989746,
        "min": 141.173782349,
        "var": 1322317.25
    },
    "spectral_complexity": {
        "dmean": 1.88562810421,
        "dmean2": 2.59635162354,
        "dvar": 5.75024414062,
        "dvar2": 9.13105392456,
        "max": 57,
        "mean": 9.52433872223,
        "median": 9,
        "min": 0,
        "var": 36.8250808716
    },
    "spectral_decrease": {
        "dmean": 1.55106061328e-09,
        "dmean2": 1.95997795771e-09,
        "dvar": 5.24384904114e-18,
        "dvar2": 7.25399760491e-18,
        "max": 2.82075045958e-28,
        "mean": -4.8780979256e-09,
        "median": -3.33590799428e-09,
        "min": -5.13675715297e-08,
        "var": 2.63670404609e-17
    },
    "spectral_energy": {
        "dmean": 0.0062813302502,
        "dmean2": 0.00788166094571,
        "dvar": 9.09271475393e-05,
        "dvar2": 0.000123394100228,
        "max": 0.213430702686,
        "mean": 0.0197061989456,
        "median": 0.0132598383352,
        "min": 1.01585275546e-20,
        "var": 0.000453497370472
    },
    "spectral_energyband_high": {
        "dmean": 0.000134246292873,
        "dmean2": 0.00017015641788,
        "dvar": 1.20144378002e-07,
        "dvar2": 1.75438060523e-07,
        "max": 0.0283804424107,
        "mean": 0.000261649052845,
        "median": 0.000128759100335,
        "min": 7.17677247529e-21,
        "var": 4.61695691456e-07
    },
    "spectral_energyband_low": {
        "dmean": 0.00253224628977,
        "dmean2": 0.0035783846397,
        "dvar": 1.07254181785e-05,
        "dvar2": 2.0924353521e-05,
        "max": 0.0476829186082,
        "mean": 0.00632828427479,
        "median": 0.0041173924692,
        "min": 1.83361945285e-23,
        "var": 4.28558632848e-05
    },
    "spectral_energyband_middle_high": {
        "dmean": 0.00287895696238,
        "dmean2": 0.00346637424082,
        "dvar": 4.3221803935e-05,
        "dvar2": 5.63821922697e-05,
        "max": 0.152507722378,
        "mean": 0.00698453281075,
        "median": 0.00136255321559,
        "min": 1.11574376074e-21,
        "var": 0.000181521623745
    },
    "spectral_energyband_middle_low": {
        "dmean": 0.0023707752116,
        "dmean2": 0.00315642100759,
        "dvar": 1.72151594597e-05,
        "dvar2": 2.88828305202e-05,
        "max": 0.0857426822186,
        "mean": 0.00679884804413,
        "median": 0.00390134938061,
        "min": 1.29287158441e-22,
        "var": 7.11312604835e-05
    },
    "spectral_entropy": {
        "dmean": 0.197756424546,
        "dmean2": 0.258147627115,
        "dvar": 0.0416417121887,
        "dvar2": 0.0695865303278,
        "max": 9.82995033264,
        "mean": 7.43827867508,
        "median": 7.40494680405,
        "min": 5.29653310776,
        "var": 0.318105280399
    },
    "spectral_flux": {
        "dmean": 0.0206934716552,
        "dmean2": 0.032714124769,
        "dvar": 0.000570925942156,
        "dvar2": 0.00142859632615,
        "max": 0.299155175686,
        "mean": 0.0520852133632,
        "median": 0.0443826764822,
        "min": 6.34324884285e-11,
        "var": 0.00124335521832
    },
    "spectral_kurtosis": {
        "dmean": 1.6917361021,
        "dmean2": 2.59023237228,
        "dvar": 6.55999231339,
        "dvar2": 16.2214336395,
        "max": 68.39818573,
        "mean": 4.4851937294,
        "median": 3.25196695328,
        "min": -1.26263010502,
        "var": 24.0328617096
    },
    "spectral_rms": {
        "dmean": 0.000693177047651,
        "dmean2": 0.000870956864674,
        "dvar": 6.47375259177e-07,
        "dvar2": 9.02667125047e-07,
        "max": 0.0144300060347,
        "mean": 0.00384031352587,
        "median": 0.0035967247095,
        "min": 3.14813561504e-12,
        "var": 4.47764523415e-06
    },
    "spectral_rolloff": {
        "dmean": 338.092834473,
        "dmean2": 547.351013184,
        "dvar": 845314.125,
        "dvar2": 2068759.75,
        "max": 19767.4804688,
        "mean": 1138.06933594,
        "median": 861.328125,
        "min": 21.533203125,
        "var": 4380018.5
    },
    "spectral_skewness": {
        "dmean": 0.253348767757,
        "dmean2": 0.367750018835,
        "dvar": 0.0758166462183,
        "dvar2": 0.158613815904,
        "max": 6.62034511566,
        "mean": 1.70341157913,
        "median": 1.68809509277,
        "min": -0.0638492405415,
        "var": 0.467442184687
    },
    "spectral_spread": {
        "dmean": 712609.75,
        "dmean2": 986369.1875,
        "dvar": 856255823872,
        "dvar2": 1.52252763341e+12,
        "max": 43954656,
        "mean": 5995455.5,
        "median": 5714132.5,
        "min": 1054292.25,
        "var": 1.63947300782e+13
    },
    "spectral_strongpeak": {
        "dmean": 0.461001843214,
        "dmean2": 0.723101854324,
        "dvar": 0.725086033344,
        "dvar2": 1.32383906841,
        "max": 13.286813736,
        "mean": 0.95950961113,
        "median": 0.304272055626,
        "min": 0,
        "var": 2.22015094757
    },
    "zerocrossingrate": {
        "dmean": 0.0103347282857,
        "dmean2": 0.0128419781104,
        "dvar": 0.00015480973525,
        "dvar2": 0.000212381215533,
        "max": 0.533203125,
        "mean": 0.0534138716757,
        "median": 0.04345703125,
        "min": 0.00048828125,
        "var": 0.00288707111031
    },
    "barkbands": {
        "dmean": [0.000315590354148, 0.00178895494901, 0.000877578975633, 0.000203436080483, 0.000615417724475, 0.000392513349652, 0.000480079092085, 0.000324033928337, 0.000751812767703, 0.000965370913036, 0.000598158861976, 0.000526014715433, 0.000472177780466, 0.000250356737524, 0.000296929181786, 0.000148635430378, 0.000108220076072, 5.81204621994e-05, 3.96034774894e-05, 2.91835531243e-05, 2.97581755149e-05, 2.56446346611e-05, 2.03457457246e-05, 3.41127415595e-05, 1.94395270228e-05, 5.28139935341e-06, 2.55884458511e-07],
        "dmean2": [0.000453956454294, 0.00262692919932, 0.00127144996077, 0.000313560012728, 0.000983610516414, 0.000571126700379, 0.000718933530152, 0.000438252784079, 0.000974922382738, 0.00129715038929, 0.000772038474679, 0.000674503215123, 0.000603278749622, 0.000326686451444, 0.000372008391423, 0.000187715442735, 0.00013566648704, 7.82577044447e-05, 5.38124040759e-05, 3.92196961911e-05, 4.11494875152e-05, 3.65363011952e-05, 2.87612201646e-05, 4.81205679534e-05, 2.72464058071e-05, 7.1745466812e-06, 3.99683301566e-07],
        "dvar": [2.03406486321e-07, 6.94549680702e-06, 2.73533783002e-06, 1.25354375768e-07, 3.74656042368e-06, 5.72628835016e-07, 2.1078374175e-06, 1.09472091481e-06, 4.056286798e-06, 7.52615324018e-06, 4.68722964797e-06, 1.64915616097e-06, 1.75775039679e-06, 5.15247279509e-07, 9.43165503031e-07, 2.65697991608e-07, 1.75636927224e-07, 5.13745845865e-08, 3.9308691413e-08, 1.91018241225e-08, 1.42438763007e-08, 7.90056553512e-09, 1.93652116565e-09, 4.97831020851e-09, 2.04761496647e-09, 2.04989261676e-10, 1.40010485844e-12],
        "dvar2": [3.8763619159e-07, 1.40434403875e-05, 4.66516030428e-06, 2.76369291896e-07, 9.01868861547e-06, 1.04362823095e-06, 4.25786674896e-06, 1.61890307027e-06, 5.63910862184e-06, 1.25447368191e-05, 6.00980274612e-06, 2.40193480749e-06, 2.63285119217e-06, 8.15375187813e-07, 1.32746959025e-06, 3.88388713191e-07, 2.7553204518e-07, 9.32568227086e-08, 8.49928269986e-08, 2.49230804883e-08, 3.05730587513e-08, 1.42554696936e-08, 3.35235172955e-09, 1.04644550802e-08, 4.33053060078e-09, 4.14859396836e-10, 3.48501240886e-12],
        "max": [0.00693269260228, 0.0441965460777, 0.0365276038647, 0.00937827210873, 0.0589446648955, 0.0136108193547, 0.0558893084526, 0.0410942733288, 0.0389133654535, 0.0484051406384, 0.082179158926, 0.0296897850931, 0.0336443632841, 0.0214986950159, 0.0346073210239, 0.0182601213455, 0.0198623966426, 0.0129903582856, 0.0124120274559, 0.0113698700443, 0.00994016602635, 0.00628728978336, 0.00293022324331, 0.00210030074231, 0.0011429815786, 0.000733470544219, 6.13700467511e-05],
        "mean": [0.000434919056715, 0.00418121134862, 0.0015804549912, 0.000390490109567, 0.00106196454726, 0.000875575875398, 0.00109848612919, 0.00071332231164, 0.00172695238143, 0.00227472418919, 0.00134638568852, 0.00113082432654, 0.000986092258245, 0.000450633146102, 0.00056260387646, 0.000253353849985, 0.000183537631528, 0.000104141588963, 6.67333297315e-05, 4.89772464789e-05, 5.16746440553e-05, 4.06738072343e-05, 3.88899316022e-05, 6.21458093519e-05, 3.28724818246e-05, 8.39432505018e-06, 2.19661231426e-07],
        "median": [0.000202902883757, 0.00192720012274, 0.000642254541162, 0.0001510361908, 0.000486332079163, 0.00032785217627, 0.000180772767635, 9.517458966e-05, 0.00027447132743, 0.000191192550119, 6.41033548163e-05, 0.000155170127982, 8.28328920761e-05, 4.77664398204e-05, 4.24358913733e-05, 2.31513677136e-05, 1.24217531265e-05, 2.61471759586e-05, 1.50570267579e-05, 1.40809288496e-05, 2.10259422602e-05, 1.53369601321e-05, 2.21563841478e-05, 3.35258228006e-05, 1.48720955622e-05, 2.95815652862e-06, 6.54315934767e-09],
        "min": [2.49685397296e-25, 4.79212686753e-24, 6.92294272445e-25, 9.48246306816e-25, 1.18495798427e-23, 6.53261868729e-24, 1.07235944964e-23, 6.30383916401e-24, 1.42962137964e-23, 1.30943605415e-23, 9.10087527109e-24, 2.24531649296e-23, 4.4241184432e-23, 3.29226397183e-23, 4.73154258667e-23, 4.54906990851e-23, 6.50353654115e-23, 9.63746319199e-23, 1.48540059829e-22, 1.95999219308e-22, 2.62589984922e-22, 3.43047107714e-22, 4.29341775961e-22, 5.90673246922e-22, 8.78367057768e-22, 1.31900673553e-21, 1.96626789081e-21],
        "var": [4.04299754564e-07, 3.09044553433e-05, 7.25470636098e-06, 4.37812815335e-07, 4.58729118691e-06, 2.27964346777e-06, 8.17953423393e-06, 3.6867295421e-06, 1.56692458404e-05, 2.93008597509e-05, 1.96826294996e-05, 6.37744142296e-06, 6.76766876495e-06, 1.50732466864e-06, 2.88587420982e-06, 7.38172616366e-07, 5.21697472777e-07, 1.54385674023e-07, 1.04584849225e-07, 6.79061287201e-08, 4.1870016787e-08, 2.4294871892e-08, 5.55945023351e-09, 8.90242990437e-09, 3.28151572582e-09, 4.36858493824e-10, 1.35390602809e-12]
    },
    "erbbands": {
        "dmean": [0.0436096340418, 0.448490977287, 1.03392100334, 0.767328083515, 0.899829149246, 2.93503499031, 2.24884200096, 3.71762752533, 5.89645814896, 6.91720199585, 7.8723859787, 19.6639862061, 26.6048660278, 27.2963161469, 21.5210895538, 22.5865650177, 20.7252044678, 15.9565563202, 16.7272281647, 9.87997245789, 7.1606502533, 5.48801183701, 3.79073548317, 2.28987812996, 1.66313612461, 1.39026737213, 1.28414130211, 1.16402411461, 0.856887936592, 0.796706438065, 0.533980429173, 0.739181935787, 0.528189301491, 0.291706234217, 0.10511058569, 0.0332889854908, 0.00756312347949, 0.00124248908833, 3.48647481587e-05, 7.98609926278e-06],
        "dmean2": [0.0654490143061, 0.65042412281, 1.50218391418, 1.10944640636, 1.4301019907, 4.71647310257, 3.47542452812, 5.36631727219, 8.83362483978, 9.90193367004, 10.5063114166, 25.7182826996, 35.4753074646, 36.064540863, 27.6487388611, 28.4905490875, 26.2664012909, 20.3933334351, 20.8913631439, 12.1463022232, 9.0040807724, 6.81026792526, 4.99406194687, 2.99984693527, 2.31853747368, 1.88839447498, 1.71142995358, 1.70634973049, 1.22164523602, 1.14692544937, 0.745192289352, 1.0674996376, 0.755398571491, 0.420050859451, 0.14603933692, 0.0446084588766, 0.0102563966066, 0.00177841028199, 5.07809418195e-05, 9.99637995847e-06],
        "dvar": [0.0042451065965, 0.436265468597, 3.06777381897, 1.67502212524, 4.7297949791, 113.162971497, 15.8162555695, 66.4473724365, 313.469940186, 495.847198486, 530.217895508, 2994.87963867, 6975.66552734, 8656.56054688, 4925.79931641, 3207.74023438, 3364.8203125, 1586.64794922, 2971.34814453, 891.920410156, 645.329223633, 462.9324646, 207.667938232, 119.607650757, 69.7213363647, 35.253162384, 37.2911682129, 21.1191864014, 11.8892726898, 3.38380122185, 1.41812264919, 2.25923466682, 1.2979439497, 0.467368513346, 0.0616511814296, 0.00781254190952, 0.00040764620644, 1.31934302772e-05, 2.27462244595e-08, 1.62006907889e-10],
        "dvar2": [0.00860207807273, 0.918209850788, 5.40540075302, 3.35141301155, 11.4081335068, 276.042633057, 36.4755210876, 117.991218567, 690.793457031, 894.936340332, 766.73046875, 4289.78564453, 11989.7285156, 12468.2285156, 6627.55761719, 4525.05322266, 4870.00244141, 2504.73535156, 4224.03222656, 1171.4588623, 1016.97180176, 748.119750977, 350.636260986, 230.221252441, 144.258331299, 50.0421981812, 72.269821167, 45.0211029053, 23.2957706451, 6.44928836823, 2.29765510559, 4.6782708168, 2.77514123917, 1.00709235668, 0.130560174584, 0.015470857732, 0.000854002078995, 3.08557901008e-05, 5.97856768536e-08, 2.48455728213e-10],
        "max": [1.18197488785, 10.564207077, 39.1640472412, 32.7581863403, 67.4666061401, 328.442199707, 73.1984634399, 147.811676025, 400.970672607, 804.656311035, 1125.40576172, 1068.01306152, 2086.66650391, 3222.43334961, 2383.3190918, 1499.71130371, 1656.61071777, 1087.05529785, 2025.42895508, 773.06817627, 933.872741699, 1075.92529297, 862.649169922, 642.001098633, 573.648498535, 447.614257812, 576.53515625, 323.629455566, 261.132873535, 114.423187256, 78.7630233765, 56.9056091309, 34.256061554, 13.6049289703, 7.53001451492, 4.74173164368, 0.889536976814, 0.138850182295, 0.00620140740648, 0.000367959728464],
        "mean": [0.0942644178867, 1.03908872604, 2.03558969498, 1.60859322548, 1.69156503677, 4.70116710663, 4.47232294083, 8.28366470337, 14.1219043732, 15.6171865463, 18.2738609314, 45.5963554382, 62.3167953491, 68.6631393433, 49.6164283752, 51.2983322144, 44.3174972534, 31.7305145264, 32.1801681519, 18.713186264, 12.5167684555, 9.25653648376, 6.91772079468, 3.87869358063, 2.84219002724, 2.31463003159, 2.07550048828, 2.05124926567, 1.38993382454, 1.47051918507, 1.02437758446, 1.34018611908, 0.884556651115, 0.476001650095, 0.184373825788, 0.0558413006365, 0.0115572521463, 0.00138362275902, 4.61523231934e-05, 2.49070635618e-05],
        "median": [0.0370441377163, 0.506325244904, 1.23190379143, 0.767879784107, 0.945732593536, 1.6689800024, 2.05313777924, 2.60571503639, 2.97082328796, 4.05898094177, 5.20579195023, 9.71039390564, 11.5973339081, 10.7751722336, 7.68105459213, 9.02541637421, 5.78761816025, 4.45043182373, 3.04896855354, 1.83697271347, 1.10707831383, 0.805264055729, 1.61407589912, 0.587094664574, 0.836718201637, 0.643523454666, 0.614283204079, 0.973437130451, 0.498343914747, 0.804589986801, 0.559943020344, 0.732838869095, 0.429985523224, 0.222676113248, 0.082995146513, 0.0229097269475, 0.00358340330422, 0.000163653021445, 1.60070521815e-05, 1.68452515936e-05],
        "min": [2.02152208151e-22, 4.4997317707e-22, 2.66029201374e-21, 2.66116119962e-21, 1.00246276929e-20, 3.15703788227e-20, 2.7983730149e-20, 6.06414055751e-20, 1.22867818451e-19, 1.18218481797e-19, 2.26169661789e-19, 3.31468461297e-19, 4.98034331579e-19, 9.7863531476e-19, 8.84721880902e-19, 1.23164174e-18, 2.02862095441e-18, 2.08490852714e-18, 2.43166119236e-18, 3.24573947081e-18, 3.91597104073e-18, 4.14179424309e-18, 5.58209766928e-18, 7.63558760201e-18, 6.32210874811e-18, 9.27739967004e-18, 8.28496243317e-18, 1.14526150202e-17, 1.19970777071e-17, 1.21359439611e-17, 1.18098900432e-17, 1.06439922047e-17, 1.11785626386e-17, 7.55529317995e-18, 6.30422014018e-18, 3.45473533796e-18, 2.19148330445e-18, 1.03121008731e-18, 2.53515761701e-19, 2.89288163106e-20],
        "var": [0.0195478331298, 1.79562497139, 7.86269330978, 5.68627071381, 7.32328176498, 130.010925293, 41.2963409424, 263.793823242, 1125.91589355, 1773.11999512, 1810.03405762, 11069.9873047, 24800.0175781, 39064.9453125, 17811.6230469, 13609.4082031, 12952.8173828, 5007.10986328, 9047.89453125, 3001.99414062, 1736.70605469, 1316.32861328, 649.668457031, 344.83807373, 192.42074585, 125.541404724, 109.613227844, 57.9064483643, 35.6584968567, 9.14487934113, 4.169672966, 4.44223690033, 2.0847120285, 0.671781778336, 0.109723784029, 0.0168861057609, 0.000859264633618, 1.81572268048e-05, 2.25232064111e-08, 7.42583383673e-10]
    },
    "gfcc": {
        "mean": [-66.5882873535, 93.9201431274, -101.117088318, 29.1439266205, -63.6537857056, 36.7820243835, -34.3430480957, 15.3829231262, -19.7058582306, 3.74086809158, -12.0685558319, -1.74322736263, -6.36222791672],
        "cov": [[24296.9550781, 2482.44213867, -3012.66235352, -1166.49121094, -1302.65380859, 736.603210449, -580.714782715, 95.0347290039, -410.849273682, 38.0523338318, -144.759674072, 24.0229148865, -4.49641466141], [2482.44213867, 1139.16711426, -696.433532715, -652.002929688, -82.4512405396, 49.0766792297, 12.7719907761, -83.1642150879, 10.7047586441, -91.6833877563, 55.446937561, -60.8464431763, 57.1612243652], [-3012.66235352, -696.433532715, 1508.72485352, 979.33001709, 5.84901046753, -28.637304306, 27.244550705, 97.0277252197, 9.91490268707, 53.0722122192, -72.9075775146, -31.4325218201, -100.658912659], [-1166.49121094, -652.002929688, 979.33001709, 1238.35119629, 52.1373596191, -61.79845047, -68.596534729, 114.464355469, 19.4920101166, 26.6354637146, -54.9251594543, -57.8150749207, -73.0063095093], [-1302.65380859, -82.4512405396, 5.84901046753, 52.1373596191, 340.58190918, -19.4746990204, 56.7504196167, -7.40300941467, 61.8452377319, -12.3806266785, 29.5063724518, 5.49908971786, 20.9580478668], [736.603210449, 49.0766792297, -28.637304306, -61.79845047, -19.4746990204, 204.410385132, 52.9843635559, 44.8519515991, -13.387963295, 16.6043243408, 1.89138650894, 14.139960289, 1.10230815411], [-580.714782715, 12.7719907761, 27.244550705, -68.596534729, 56.7504196167, 52.9843635559, 131.957077026, 22.5576667786, 21.8763046265, 2.03138804436, 20.3137340546, 7.57597589493, 11.7695770264], [95.0347290039, -83.1642150879, 97.0277252197, 114.464355469, -7.40300941467, 44.8519515991, 22.5576667786, 86.2455978394, 19.4280376434, 24.2399158478, 1.85551512241, 7.70351982117, -6.82746219635], [-410.849273682, 10.7047586441, 9.91490268707, 19.4920101166, 61.8452377319, -13.387963295, 21.8763046265, 19.4280376434, 73.8863449097, 11.7970514297, 27.9890804291, -2.32087540627, 12.1672840118], [38.0523338318, -91.6833877563, 53.0722122192, 26.6354637146, -12.3806266785, 16.6043243408, 2.03138804436, 24.2399158478, 11.7970514297, 60.9523925781, 11.8974752426, 24.5929718018, -1.53683137894], [-144.759674072, 55.446937561, -72.9075775146, -54.9251594543, 29.5063724518, 1.89138650894, 20.3137340546, 1.85551512241, 27.9890804291, 11.8974752426, 68.2645568848, 24.2865772247, 33.4731063843], [24.0229148865, -60.8464431763, -31.4325218201, -57.8150749207, 5.49908971786, 14.139960289, 7.57597589493, 7.70351982117, -2.32087540627, 24.5929718018, 24.2865772247, 61.4520759583, 24.7145709991], [-4.49641466141, 57.1612243652, -100.658912659, -73.0063095093, 20.9580478668, 1.10230815411, 11.7695770264, -6.82746219635, 12.1672840118, -1.53683137894, 33.4731063843, 24.7145709991, 59.537563324]],
        "icov": [[0.000216743777855, -0.000564801099245, 0.000567122478969, -0.000495473679621, 0.000414580805227, -0.000590302050114, 0.000567183364183, -0.000375843432266, 0.000526456336956, -0.0007805560017, 0.000857195467688, -0.000905879074708, 0.000386027531931], [-0.000564801099245, 0.00352521147579, -0.00125825393479, 0.00212225061841, -0.000454899476608, 0.000809720833786, -0.00102998875082, 0.00122358789667, -0.00209600594826, 0.00393747910857, -0.00412807706743, 0.00565734226257, -0.00196059886366], [0.000567122478969, -0.00125825393479, 0.00322550465353, -0.00264273327775, 0.00152929627802, -0.00144755886868, -7.52632622607e-05, -0.000138348696055, 0.000910978589673, -0.00257976283319, 0.00300698331557, -0.00313070975244, 0.0023073006887], [-0.000495473679621, 0.00212225061841, -0.00264273327775, 0.00386555958539, -0.00151497474872, 0.0014962006826, 0.000977616407908, -0.00189079775009, -0.000655226060189, 0.00262502930127, -0.00331348436885, 0.00549602368847, -0.00192431884352], [0.000414580805227, -0.000454899476608, 0.00152929627802, -0.00151497474872, 0.00515124341473, -0.0013329598587, -0.000810911238659, 0.0014991798671, -0.00297325639986, 0.000635805423371, 0.00140082859434, -0.00269803730771, 0.000695941445883], [-0.000590302050114, 0.000809720833786, -0.00144755886868, 0.0014962006826, -0.0013329598587, 0.0087122824043, -0.00407351041213, -0.00317459763028, 0.0019137118943, 0.000183296142495, -0.00161308795214, 0.00170130527113, -0.000871210650075], [0.000567183364183, -0.00102998875082, -7.52632622607e-05, 0.000977616407908, -0.000810911238659, -0.00407351041213, 0.0135050006211, -0.00445247720927, 0.000491955375765, 3.14674070978e-05, -0.000682727375533, -9.16468343348e-06, -0.000428264349466], [-0.000375843432266, 0.00122358789667, -0.000138348696055, -0.00189079775009, 0.0014991798671, -0.00317459763028, -0.00445247720927, 0.0214277934283, -0.0081394854933, -0.00167588412296, 0.000506576441694, -0.00246000825427, 0.00146939221304], [0.000526456336956, -0.00209600594826, 0.000910978589673, -0.000655226060189, -0.00297325639986, 0.0019137118943, 0.000491955375765, -0.0081394854933, 0.0254794005305, -0.00796985812485, -0.00554085755721, 0.00540862232447, -0.0017733941786], [-0.0007805560017, 0.00393747910857, -0.00257976283319, 0.00262502930127, 0.000635805423371, 0.000183296142495, 3.14674070978e-05, -0.00167588412296, -0.00796985812485, 0.0298291929066, -0.00746819330379, -0.00516718067229, 0.0033348579891], [0.000857195467688, -0.00412807706743, 0.00300698331557, -0.00331348436885, 0.00140082859434, -0.00161308795214, -0.000682727375533, 0.000506576441694, -0.00554085755721, -0.00746819330379, 0.0313281677663, -0.0126680806279, -0.00663643144071], [-0.000905879074708, 0.00565734226257, -0.00313070975244, 0.00549602368847, -0.00269803730771, 0.00170130527113, -9.16468343348e-06, -0.00246000825427, 0.00540862232447, -0.00516718067229, -0.0126680806279, 0.0387054122984, -0.0135991079733], [0.000386027531931, -0.00196059886366, 0.0023073006887, -0.00192431884352, 0.000695941445883, -0.000871210650075, -0.000428264349466, 0.00146939221304, -0.0017733941786, 0.0033348579891, -0.00663643144071, -0.0135991079733, 0.0300979241729]]
    },
    "melbands": {
        "dmean": [0.000455829838756, 0.000553419464268, 0.000127464722027, 0.000141308861203, 8.78589780768e-05, 8.23487207526e-05, 9.4364193501e-05, 7.37689624657e-05, 6.52162343613e-05, 0.000130758868181, 0.000133488501888, 0.000111385968921, 6.7577981099e-05, 6.67124404572e-05, 4.30154250353e-05, 5.08204648213e-05, 2.75462989521e-05, 2.66035967798e-05, 1.83216925507e-05, 1.23542768051e-05, 7.53483391236e-06, 6.56504471408e-06, 3.76837374461e-06, 2.76415516964e-06, 1.87644241123e-06, 1.29809541249e-06, 1.03371451132e-06, 9.42473548093e-07, 8.2731241946e-07, 6.83911650867e-07, 7.51149570988e-07, 5.26950259427e-07, 4.80245375911e-07, 4.57835426459e-07, 2.82831450704e-07, 4.41004573304e-07, 4.59354481563e-07, 3.83517857472e-07, 3.46903931359e-07, 2.18395101115e-07],
        "dmean2": [0.000664831255563, 0.000797763990704, 0.000184954682481, 0.000226117292186, 0.000137279042974, 0.000119134660054, 0.000140689458931, 0.000104125523649, 8.74119577929e-05, 0.000169999941136, 0.000178610702278, 0.000147787242895, 8.71405281941e-05, 8.51066579344e-05, 5.42000088899e-05, 6.53548631817e-05, 3.59031655535e-05, 3.34787546308e-05, 2.28977241932e-05, 1.55249290401e-05, 9.73525129666e-06, 8.34329330246e-06, 4.90166030431e-06, 3.72801014237e-06, 2.49875142799e-06, 1.81495477136e-06, 1.4527863641e-06, 1.33715093398e-06, 1.13567853077e-06, 9.61586351877e-07, 1.13947226055e-06, 7.77070454205e-07, 7.13880126568e-07, 6.72759085774e-07, 4.01280573215e-07, 6.44285250928e-07, 6.80190396452e-07, 5.58398085104e-07, 5.13533564117e-07, 3.19075297739e-07],
        "dvar": [4.462258687e-07, 6.08274660863e-07, 3.96212307407e-08, 2.59578712303e-07, 2.9599389606e-08, 3.14647756738e-08, 7.52379420987e-08, 5.27068380052e-08, 3.50924871384e-08, 1.39044146863e-07, 1.76593076162e-07, 1.43171163813e-07, 4.85854947385e-08, 2.66547299788e-08, 1.35976980786e-08, 2.41587443384e-08, 6.03324412651e-09, 7.10924963343e-09, 3.84638498829e-09, 1.78901693459e-09, 8.40852387718e-10, 7.01843749784e-10, 1.89395929495e-10, 1.47036771647e-10, 8.51222009546e-11, 4.25698816475e-11, 2.64373679199e-11, 1.61442352542e-11, 1.56989889838e-11, 1.41402289183e-11, 6.04918155497e-12, 6.24789543019e-12, 1.63602334805e-12, 9.46026351874e-13, 4.95788739924e-13, 7.07364451302e-13, 1.01070454089e-12, 7.40776797542e-13, 4.76918960053e-13, 2.99576688326e-13],
        "dvar2": [8.42618419483e-07, 1.22341737097e-06, 7.91722101212e-08, 6.3444093712e-07, 7.0239678962e-08, 5.73747485078e-08, 1.57678442747e-07, 9.13113638035e-08, 5.20533127712e-08, 1.94197539827e-07, 3.05343007767e-07, 2.09001527196e-07, 6.45736690785e-08, 3.78675082402e-08, 1.85091497684e-08, 3.77746189884e-08, 9.76259606489e-09, 1.01815826881e-08, 5.06962605229e-09, 2.51472087598e-09, 1.46667034073e-09, 1.21652254936e-09, 2.77898981604e-10, 3.02646296912e-10, 1.7321775958e-10, 8.59312065948e-11, 4.55896570495e-11, 2.51060353063e-11, 2.75189038224e-11, 3.66143747266e-11, 1.19397495363e-11, 1.32308990153e-11, 3.36441356545e-12, 1.83014562706e-12, 7.64686816472e-13, 1.44562356877e-12, 2.19276506674e-12, 1.63249676364e-12, 9.9709823731e-13, 6.66505967171e-13],
        "max": [0.0122921448201, 0.0150029612705, 0.00448655197397, 0.0157386604697, 0.00392748741433, 0.0036394209601, 0.00830798968673, 0.00786173436791, 0.00850013364106, 0.00741628743708, 0.0101762050763, 0.0118961231783, 0.00619876710698, 0.00359528558329, 0.00403694296256, 0.00422978168353, 0.00250127143227, 0.00281902798451, 0.00187640124932, 0.00146740162745, 0.00104028929491, 0.00123380660079, 0.000757540634368, 0.000713680055924, 0.000532305974048, 0.000383534381399, 0.000372533395421, 0.000286839524051, 0.000372384703951, 0.000274716468994, 0.000173667838681, 0.000193538988242, 6.54628674965e-05, 5.61724627914e-05, 5.24704264535e-05, 3.45953849319e-05, 3.70393718185e-05, 2.63289530267e-05, 1.66212466866e-05, 1.17290574053e-05],
        "mean": [0.00108434457798, 0.00121683289763, 0.000272156990832, 0.000232567137573, 0.00016983068781, 0.000184068660019, 0.000226015763474, 0.000164834607858, 0.000145983372931, 0.000299911829643, 0.000308363989461, 0.000277550687315, 0.000153882661834, 0.000147109254613, 9.56880685408e-05, 0.000104048951471, 5.23138878634e-05, 5.02779403178e-05, 3.43294959748e-05, 2.1791236577e-05, 1.28709480123e-05, 1.07649539132e-05, 6.80875655235e-06, 4.80402513858e-06, 3.01651743939e-06, 2.17346610043e-06, 1.69762552105e-06, 1.51359608935e-06, 1.335901743e-06, 1.04654338884e-06, 1.29784223191e-06, 7.69410689827e-07, 7.74822410676e-07, 8.3996428657e-07, 4.98361316659e-07, 8.44542910272e-07, 7.5914891795e-07, 5.90467607253e-07, 6.09213373082e-07, 3.27252365651e-07],
        "median": [0.000466399476863, 0.000846051785629, 0.00015713526227, 9.33980045374e-05, 8.26189643703e-05, 5.83393557463e-05, 4.58655704278e-05, 3.99040436605e-05, 2.81717038888e-05, 5.13005034009e-05, 4.61654162791e-05, 2.7530861189e-05, 1.29065902001e-05, 2.0715777282e-05, 1.14945760288e-05, 8.43431189423e-06, 6.22621610091e-06, 4.76771265312e-06, 2.9160946724e-06, 2.06715617423e-06, 1.06142636014e-06, 6.97315442721e-07, 1.3818341813e-06, 1.13291537218e-06, 3.50851166786e-07, 6.24138237981e-07, 4.81197560021e-07, 4.33085318718e-07, 4.17285463072e-07, 3.11689575483e-07, 6.61416208914e-07, 2.18145856934e-07, 3.44721826195e-07, 4.79906930195e-07, 2.44661350735e-07, 4.961869422e-07, 3.79277878437e-07, 2.55854331499e-07, 3.28108541225e-07, 1.35877641583e-07],
        "min": [2.29486303203e-24, 2.03314146622e-24, 4.73001836935e-25, 2.27394283526e-24, 1.39615265412e-24, 1.32225985591e-24, 1.88599642486e-24, 1.50519965806e-24, 1.78362042316e-24, 1.99094647969e-24, 2.42832370327e-24, 2.84389266991e-24, 2.20986287507e-24, 2.35359924845e-24, 4.24149209493e-24, 3.53847108911e-24, 2.98021493408e-24, 3.64840043397e-24, 3.5600286855e-24, 2.26544364787e-24, 4.72048370341e-24, 3.04914678327e-24, 3.48340149818e-24, 4.05860494925e-24, 5.02291956384e-24, 4.32624731059e-24, 5.63144923271e-24, 4.60209619192e-24, 4.02473205084e-24, 5.49131992581e-24, 6.47374678679e-24, 6.16391496095e-24, 6.89422384877e-24, 6.0935809115e-24, 6.42349950257e-24, 6.27456769126e-24, 6.26921172015e-24, 6.46826380907e-24, 5.78086540462e-24, 6.07123800408e-24],
        "var": [2.24557356887e-06, 1.66572294802e-06, 1.26638269649e-07, 2.94170860116e-07, 5.85277746268e-08, 1.26340125917e-07, 2.90305905537e-07, 1.85422877053e-07, 1.20243896617e-07, 5.25135305907e-07, 6.31064835943e-07, 6.46081048217e-07, 1.89250854987e-07, 9.62020081374e-08, 6.20063786982e-08, 8.30547648434e-08, 1.79253074606e-08, 2.20275460094e-08, 1.22445618089e-08, 5.18296827678e-09, 2.09099160209e-09, 1.81888648587e-09, 6.84558076891e-10, 3.77133907437e-10, 2.26413804372e-10, 1.17008902567e-10, 7.60346785533e-11, 5.42257801162e-11, 5.09099568058e-11, 2.79187836044e-11, 1.77627947073e-11, 1.69843965281e-11, 3.7456791141e-12, 2.50158010626e-12, 1.52026774416e-12, 1.44678713454e-12, 1.73536207106e-12, 1.1043823191e-12, 7.80943885947e-13, 3.93442575611e-13]
    },
    "mfcc": {
        "mean": [-702.538146973, 118.68561554, 21.5132236481, 5.04620075226, 7.49875307083, 12.2913274765, 5.81767463684, 7.9642496109, 4.02643442154, 6.92447185516, 1.24344360828, 2.67898130417, -2.63152933121],
        "cov": [[11067.5917969, 2055.09936523, -1212.37744141, -1319.58447266, -408.579284668, 6.9194984436, -82.0056152344, -56.819896698, -74.0613021851, -133.695236206, -116.047622681, 30.7554588318, -71.0509262085], [2055.09936523, 1527.49743652, -685.55267334, -734.26739502, -206.104415894, -30.5245685577, -20.5561599731, -6.25351524353, -44.1849937439, -32.9776611328, -43.3700942993, -12.427441597, -29.1211051941], [-1212.37744141, -685.55267334, 1405.12695312, 726.880187988, 124.037307739, 67.1513061523, 60.8967132568, 43.5293693542, 44.0752563477, 86.9368209839, 64.4948196411, 20.9923915863, -16.2156486511], [-1319.58447266, -734.26739502, 726.880187988, 900.684326172, 283.719543457, 25.196100235, 3.86415600777, 18.6586532593, 37.8987159729, 67.7512588501, 33.970905304, -4.2588801384, 12.9853725433], [-408.579284668, -206.104415894, 124.037307739, 283.719543457, 244.622589111, 54.9555435181, 10.8591918945, 27.1886577606, 25.1056308746, 29.8042526245, 11.2734622955, -3.13823580742, 17.1406269073], [6.9194984436, -30.5245685577, 67.1513061523, 25.196100235, 54.9555435181, 102.544448853, 59.3430252075, 33.2736320496, 23.9687461853, 12.4215803146, 7.21541261673, 8.15933227539, 2.02366137505], [-82.0056152344, -20.5561599731, 60.8967132568, 3.86415600777, 10.8591918945, 59.3430252075, 99.5046920776, 50.2218437195, 25.5734481812, 13.3053798676, 10.8405714035, 10.801325798, 5.01565122604], [-56.819896698, -6.25351524353, 43.5293693542, 18.6586532593, 27.1886577606, 33.2736320496, 50.2218437195, 72.3108978271, 31.7150535583, 19.9393291473, 12.8393125534, 9.26834106445, 6.55487775803], [-74.0613021851, -44.1849937439, 44.0752563477, 37.8987159729, 25.1056308746, 23.9687461853, 25.5734481812, 31.7150535583, 52.9019508362, 26.4735431671, 12.3592510223, 5.81380701065, 5.62268161774], [-133.695236206, -32.9776611328, 86.9368209839, 67.7512588501, 29.8042526245, 12.4215803146, 13.3053798676, 19.9393291473, 26.4735431671, 56.2642364502, 25.5857982635, 10.9975204468, 6.21744346619], [-116.047622681, -43.3700942993, 64.4948196411, 33.970905304, 11.2734622955, 7.21541261673, 10.8405714035, 12.8393125534, 12.3592510223, 25.5857982635, 47.371307373, 20.0374488831, 5.04396438599], [30.7554588318, -12.427441597, 20.9923915863, -4.2588801384, -3.13823580742, 8.15933227539, 10.801325798, 9.26834106445, 5.81380701065, 10.9975204468, 20.0374488831, 42.2453155518, 21.0393600464], [-71.0509262085, -29.1211051941, -16.2156486511, 12.9853725433, 17.1406269073, 2.02366137505, 5.01565122604, 6.55487775803, 5.62268161774, 6.21744346619, 5.04396438599, 21.0393600464, 49.9946517944]],
