{
"lowlevel": {
    "average_loudness": 0.188143566251,
    "barkbands_crest": {
        "dmean": 2.04248976707,
        "dmean2": 3.14898252487,
        "dvar": 4.62886571884,
        "dvar2": 10.59923172,
        "max": 26.9040393829,
        "mean": 16.1056194305,
        "median": 15.5182304382,
        "min": 3.85570049286,
        "var": 31.5363101959
    },
    "barkbands_flatness_db": {
        "dmean": 0.0203329604119,
        "dmean2": 0.0298103839159,
        "dvar": 0.000575687387027,
        "dvar2": 0.00106627249625,
        "max": 0.548737764359,
        "mean": 0.305523484945,
        "median": 0.309710800648,
        "min": 0.045117970556,
        "var": 0.00580911990255
    },
    "barkbands_kurtosis": {
        "dmean": 10.8717365265,
        "dmean2": 16.6575546265,
        "dvar": 675.310424805,
        "dvar2": 1587.93041992,
        "max": 1063.52038574,
        "mean": 29.1100177765,
        "median": 12.3919038773,
        "min": -1.86527657509,
        "var": 3342.57641602
    },
    "barkbands_skewness": {
        "dmean": 0.746592342854,
        "dmean2": 1.1323158741,
        "dvar": 1.00214982033,
        "dvar2": 2.26644468307,
        "max": 24.3703327179,
        "mean": 2.50317645073,
        "median": 2.03281974792,
        "min": -5.47875833511,
        "var": 6.58673477173
    },
    "barkbands_spread": {
        "dmean": 1.88283097744,
        "dmean2": 2.84302425385,
        "dvar": 38.7050285339,
        "dvar2": 79.9481124878,
        "max": 107.563598633,
        "mean": 5.59790849686,
        "median": 2.89579248428,
        "min": 0.130604684353,
        "var": 101.77495575
    },
    "dissonance": {
        "dmean": 0.0422060675919,
        "dmean2": 0.0706228241324,
        "dvar": 0.00144918530714,
        "dvar2": 0.00385366263799,
        "max": 0.500000119209,
        "mean": 0.35362881422,
        "median": 0.356204658747,
        "min": 0.101299345493,
        "var": 0.00538845034316
    },
    "dynamic_complexity": 5.59063625336,
    "erbbands_crest": {
        "dmean": 2.68047070503,
        "dmean2": 4.10859632492,
        "dvar": 7.23300695419,
        "dvar2": 16.7077388763,
        "max": 32.8632469177,
        "mean": 17.0480670929,
        "median": 16.3936519623,
        "min": 2.58004164696,
        "var": 39.1445655823
    },
    "erbbands_flatness_db": {
        "dmean": 0.0177843067795,
        "dmean2": 0.0259199161083,
        "dvar": 0.000478843809105,
        "dvar2": 0.000914645323064,
        "max": 0.49821126461,
        "mean": 0.308184921741,
        "median": 0.316618531942,
        "min": 0.023963836953,
        "var": 0.00473520951346
    },
    "erbbands_kurtosis": {
        "dmean": 4.30193567276,
        "dmean2": 6.55829191208,
        "dvar": 87.5550689697,
        "dvar2": 199.407470703,
        "max": 252.76083374,
        "mean": 10.9496059418,
        "median": 5.88616847992,
        "min": -1.88696622849,
        "var": 352.381317139
    },
    "erbbands_skewness": {
        "dmean": 0.508744597435,
        "dmean2": 0.752105593681,
        "dvar": 0.416549056768,
        "dvar2": 0.847895205021,
        "max": 13.9731492996,
        "mean": 1.98689293861,
        "median": 1.72990119457,
        "min": -5.56733703613,
        "var": 2.92767977715
    },
    "erbbands_spread": {
        "dmean": 3.75039100647,
        "dmean2": 5.77318143845,
        "dvar": 94.0195007324,
        "dvar2": 204.54737854,
        "max": 150.282180786,
        "mean": 12.7402009964,
        "median": 8.22591686249,
        "min": 0.527557373047,
        "var": 236.305099487
    },
    "hfc": {
        "dmean": 1.59815394878,
        "dmean2": 2.14444351196,
        "dvar": 12.1821022034,
        "dvar2": 20.982667923,
        "max": 126.799636841,
        "mean": 7.11009168625,
        "median": 4.06392002106,
        "min": 1.04801718968e-16,
        "var": 110.502326965
    },
    "melbands_crest": {
        "dmean": 2.57807016373,
        "dmean2": 3.89392876625,
        "dvar": 6.69590187073,
        "dvar2": 15.5663261414,
        "max": 36.3405761719,
        "mean": 19.8564300537,
        "median": 19.6450538635,
        "min": 1.62670898438,
        "var": 44.3808555603
    },
    "melbands_flatness_db": {
        "dmean": 0.022044474259,
        "dmean2": 0.0313738770783,
        "dvar": 0.000822648929898,
        "dvar2": 0.00140550045762,
        "max": 0.654156327248,
        "mean": 0.400974363089,
        "median": 0.410989433527,
        "min": 0.00311421975493,
        "var": 0.00919838435948
    },
    "melbands_kurtosis": {
        "dmean": 9.95646476746,
        "dmean2": 15.2193412781,
        "dvar": 446.526855469,
        "dvar2": 1094.16625977,
        "max": 697.903259277,
        "mean": 26.0183963776,
        "median": 12.4268445969,
        "min": -1.88516831398,
        "var": 1748.92700195
    },
    "melbands_skewness": {
        "dmean": 0.681608617306,
        "dmean2": 1.01469790936,
        "dvar": 0.744298040867,
        "dvar2": 1.69308006763,
        "max": 16.1315803528,
        "mean": 2.64725470543,
        "median": 2.25946688652,
        "min": -2.70198392868,
        "var": 4.37149429321
    },
    "melbands_spread": {
        "dmean": 2.60578942299,
        "dmean2": 3.83527207375,
        "dvar": 124.72353363,
        "dvar2": 229.036636353,
        "max": 288.306732178,
        "mean": 8.20844745636,
        "median": 3.53938627243,
        "min": 0.239844873548,
        "var": 476.804168701
    },
    "pitch_salience": {
        "dmean": 0.0527743920684,
        "dmean2": 0.0807140097022,
        "dvar": 0.00310854916461,
        "dvar2": 0.00686291884631,
        "max": 0.840725541115,
        "mean": 0.464421242476,
        "median": 0.479999780655,
        "min": 0.0558164529502,
        "var": 0.0236109327525
    },
    "silence_rate_20dB": {
        "dmean": 0,
        "dmean2": 0,
        "dvar": 0,
        "dvar2": 0,
        "max": 1,
        "mean": 1,
        "median": 1,
        "min": 1,
        "var": 0
    },
    "silence_rate_30dB": {
        "dmean": 0.00252844509669,
        "dmean2": 0.00505742290989,
        "dvar": 0.0025219025556,
        "dvar2": 0.00503202620894,
        "max": 1,
        "mean": 0.99473297596,
        "median": 1,
        "min": 0,
        "var": 0.00523941358551
    },
    "silence_rate_60dB": {
        "dmean": 0.0368731580675,
        "dmean2": 0.0737540796399,
        "dvar": 0.0355158746243,
        "dvar2": 0.0780012905598,
        "max": 1,
        "mean": 0.263457298279,
        "median": 0,
        "min": 0,
        "var": 0.194057092071
    },
    "spectral_centroid": {
        "dmean": 80.9214172363,
        "dmean2": 113.938285828,
        "dvar": 86817.4453125,
        "dvar2": 142324.828125,
        "max": 11762.1542969,
        "mean": 624.048706055,
        "median": 399.891418457,
        "min": 168.557998657,
        "var": 1339410.5
    },
    "spectral_complexity": {
        "dmean": 0.881584465504,
        "dmean2": 1.45569491386,
        "dvar": 1.06522881985,
        "dvar2": 2.27943634987,
        "max": 23,
        "mean": 5.47666692734,
        "median": 5,
        "min": 0,
        "var": 10.0300216675
    },
    "spectral_decrease": {
        "dmean": 8.65686633489e-10,
        "dmean2": 1.18351195511e-09,
        "dvar": 2.53264795103e-18,
        "dvar2": 4.30463301847e-18,
        "max": 3.24965168782e-28,
        "mean": -4.05966948946e-09,
        "median": -2.73756639579e-09,
        "min": -6.1715745403e-08,
        "var": 2.40066144085e-17
    },
    "spectral_energy": {
        "dmean": 0.00339797162451,
        "dmean2": 0.00464501557872,
        "dvar": 3.89618253394e-05,
        "dvar2": 6.59760771669e-05,
        "max": 0.244430392981,
        "mean": 0.0159670505673,
        "median": 0.0106898238882,
        "min": 9.71034268101e-21,
        "var": 0.000374035851564
    },
    "spectral_energyband_high": {
        "dmean": 3.54403382516e-05,
        "dmean2": 5.0227779866e-05,
        "dvar": 6.4842758718e-08,
        "dvar2": 1.32807087994e-07,
        "max": 0.00998060032725,
        "mean": 5.47318886674e-05,
        "median": 3.08339508592e-06,
        "min": 6.83211361746e-21,
        "var": 1.21126333852e-07
    },
    "spectral_energyband_low": {
        "dmean": 8.71467709658e-05,
        "dmean2": 0.000134536501719,
        "dvar": 6.2468672013e-08,
        "dvar2": 1.40244452496e-07,
        "max": 0.0136843593791,
        "mean": 0.000259478023509,
        "median": 6.28845300525e-05,
        "min": 5.12703224282e-24,
        "var": 3.57977228305e-07
    },
    "spectral_energyband_middle_high": {
        "dmean": 0.000247498101089,
        "dmean2": 0.00031947682146,
        "dvar": 1.00417787507e-06,
        "dvar2": 1.47197886236e-06,
        "max": 0.0468245409429,
        "mean": 0.000810122350231,
        "median": 0.000133518042276,
        "min": 1.06726574638e-21,
        "var": 6.7539540396e-06
    },
    "spectral_energyband_middle_low": {
        "dmean": 0.0033387565054,
        "dmean2": 0.00457391142845,
        "dvar": 3.7801972212e-05,
        "dvar2": 6.50585570838e-05,
        "max": 0.241195067763,
        "mean": 0.0151115646586,
        "median": 0.0102594131604,
        "min": 1.47252424261e-22,
        "var": 0.000340611528372
    },
    "spectral_entropy": {
        "dmean": 0.198716893792,
        "dmean2": 0.286481916904,
        "dvar": 0.0708702653646,
        "dvar2": 0.121017560363,
        "max": 9.82681846619,
        "mean": 5.72206115723,
        "median": 5.61586332321,
        "min": 3.43336987495,
        "var": 0.755039453506
    },
    "spectral_flux": {
        "dmean": 0.0150729687884,
        "dmean2": 0.0246526170522,
        "dvar": 0.000418003386585,
        "dvar2": 0.00110418547411,
        "max": 0.327340394258,
        "mean": 0.0355884730816,
        "median": 0.028844082728,
        "min": 6.42059738709e-11,
        "var": 0.00088466447778
    },
    "spectral_kurtosis": {
        "dmean": 9.31742858887,
        "dmean2": 15.2485170364,
        "dvar": 135.515304565,
        "dvar2": 341.924468994,
        "max": 233.097564697,
        "mean": 36.9366836548,
        "median": 26.642244339,
        "min": -1.40791082382,
        "var": 969.488464355
    },
    "spectral_rms": {
        "dmean": 0.000396988849388,
        "dmean2": 0.000543169211596,
        "dvar": 3.17815846529e-07,
        "dvar2": 5.28669261257e-07,
        "max": 0.0154424309731,
        "mean": 0.00332890241407,
        "median": 0.00322941108607,
        "min": 3.07790598564e-12,
        "var": 4.49599156127e-06
    },
    "spectral_rolloff": {
        "dmean": 167.132522583,
        "dmean2": 276.932434082,
        "dvar": 665641.1875,
        "dvar2": 1282547.125,
        "max": 19595.2148438,
        "mean": 874.265197754,
        "median": 452.197265625,
        "min": 21.533203125,
        "var": 4674770.5
    },
    "spectral_skewness": {
        "dmean": 0.622599005699,
        "dmean2": 0.994753956795,
        "dvar": 0.464894622564,
        "dvar2": 1.08668208122,
        "max": 12.7323455811,
        "mean": 4.61584711075,
        "median": 4.34792232513,
        "min": -0.473456859589,
        "var": 4.20486354828
    },
    "spectral_spread": {
        "dmean": 481557.78125,
        "dmean2": 752811.125,
        "dvar": 781538295808,
        "dvar2": 1.47392810189e+12,
        "max": 42695464,
        "mean": 3093468.25,
        "median": 2421028.25,
        "min": 476162.875,
        "var": 1.69494949396e+13
    },
    "spectral_strongpeak": {
        "dmean": 0.274914830923,
        "dmean2": 0.430693477392,
        "dvar": 0.165027976036,
        "dvar2": 0.33939537406,
        "max": 10.4495267868,
        "mean": 1.12445545197,
        "median": 0.877385079861,
        "min": 0,
        "var": 1.17856359482
    },
    "zerocrossingrate": {
        "dmean": 0.00487041519955,
        "dmean2": 0.00540283648297,
        "dvar": 0.00023085308203,
        "dvar2": 0.000229451790801,
        "max": 0.525390625,
        "mean": 0.0307488087565,
        "median": 0.0185546875,
        "min": 0,
        "var": 0.00337671278976
    },
    "barkbands": {
        "dmean": [1.59497631103e-05, 1.40187949e-05, 3.27951311192e-05, 0.000137574868859, 0.00102840422187, 0.00193926680367, 0.000790800550021, 0.000419792340836, 0.000399681011913, 0.000166268102475, 3.55774209311e-05, 2.82167984551e-05, 2.75582024187e-05, 3.4276417864e-05, 6.26156615908e-05, 2.0004248654e-05, 7.61399815019e-06, 1.31015722218e-05, 1.19532896861e-05, 1.31584165501e-05, 8.87871919986e-06, 3.81295990337e-06, 4.02837031288e-06, 6.83225835019e-06, 8.78537503013e-06, 1.75957666215e-06, 1.58195607725e-08],
        "dmean2": [2.81368775177e-05, 2.17664946831e-05, 5.27907759533e-05, 0.000199241592782, 0.00140317250043, 0.00271213729866, 0.00106196361594, 0.000511185731739, 0.000506295356899, 0.000227985656238, 4.82577306684e-05, 3.99011223635e-05, 3.90024652006e-05, 4.74019689136e-05, 8.125432214e-05, 2.93557623081e-05, 1.10913397293e-05, 1.94180174731e-05, 1.75520326593e-05, 1.90666523849e-05, 1.36535099955e-05, 5.551232789e-06, 5.53254494662e-06, 9.74895647232e-06, 1.39752846735e-05, 2.63446668214e-06, 2.50262353063e-08],
        "dvar": [3.57587737199e-10, 1.309614861e-09, 5.96872951064e-09, 2.21845240844e-07, 5.85542557019e-06, 2.01159346034e-05, 8.53303208714e-06, 4.10098709835e-06, 3.41502595802e-06, 1.15140892376e-06, 5.95015059446e-08, 2.7330852248e-08, 3.93238082097e-08, 3.75187418911e-08, 1.44109023381e-07, 1.39466616034e-08, 1.88203697071e-09, 5.0309876265e-09, 5.14299891563e-09, 5.70702018976e-09, 7.62756524608e-09, 1.41871259185e-09, 2.03427541479e-09, 5.13299935889e-09, 1.40646809754e-08, 5.35314181871e-10, 1.25017904083e-14],
        "dvar2": [1.05619457624e-09, 2.52990917105e-09, 1.46499194997e-08, 4.26180122304e-07, 1.02806716313e-05, 3.84436207241e-05, 1.48925228132e-05, 4.29867077401e-06, 4.58804970549e-06, 2.23485471906e-06, 9.71006244299e-08, 5.8277301207e-08, 7.24072606317e-08, 7.10867524845e-08, 2.17101714384e-07, 2.76674541055e-08, 3.48381368198e-09, 1.1038490122e-08, 1.0684184204e-08, 1.18223928425e-08, 1.84354913557e-08, 3.3560023649e-09, 4.36014824245e-09, 1.0050436039e-08, 3.48738957712e-08, 1.22633980748e-09, 2.85403143718e-14],
        "max": [0.00107494893018, 0.00199081376195, 0.00318649574183, 0.0171195045114, 0.0758237615228, 0.161168918014, 0.105611011386, 0.184437841177, 0.0921635553241, 0.0602827481925, 0.0105048697442, 0.00613528862596, 0.0140832476318, 0.00902731250972, 0.020232943818, 0.00436060829088, 0.00200028787367, 0.00297589693218, 0.00315940752625, 0.00270686275326, 0.00566331483424, 0.00161238224246, 0.00305575644597, 0.0047288867645, 0.00712040020153, 0.0017330609262, 5.45861621504e-06],
        "mean": [4.70326122013e-05, 3.53235991497e-05, 7.62140189181e-05, 0.000447527709184, 0.0039720274508, 0.0062901857309, 0.00182120548561, 0.00106852129102, 0.00108499499038, 0.000541007786524, 8.75361365615e-05, 5.98000333412e-05, 5.99515660724e-05, 6.33442687104e-05, 0.000147481245222, 3.36683478963e-05, 1.46597540152e-05, 2.35573425016e-05, 2.35075185628e-05, 2.51997771556e-05, 1.13708192657e-05, 5.00585110785e-06, 5.61891329198e-06, 8.78283299244e-06, 1.09780494313e-05, 2.52859899774e-06, 1.96960296961e-08],
        "median": [4.39672803623e-05, 6.56102156427e-06, 1.70606763277e-05, 1.56182977662e-05, 0.000524253235199, 0.00156057975255, 0.000190481950995, 9.90812477539e-05, 6.42368177068e-05, 2.58320687863e-05, 6.78066226101e-06, 8.3867853391e-06, 3.71082523998e-06, 4.05063292419e-06, 4.1057000999e-06, 1.82029521056e-06, 1.18640105029e-06, 1.35879247409e-06, 5.95508936385e-07, 4.18430602167e-07, 1.29118419068e-07, 4.6937017828e-08, 8.82288873072e-08, 3.05589480831e-07, 8.17981515411e-07, 2.23899974117e-07, 5.23948706643e-09],
        "min": [4.83290518314e-26, 1.50728008148e-24, 3.64275258432e-25, 8.68503611959e-25, 7.07114878373e-24, 3.17594177708e-24, 3.8208304395e-24, 4.90840969813e-24, 9.6629599653e-24, 1.45650623261e-23, 1.02222994236e-23, 1.66790628239e-23, 1.69640404037e-23, 2.39730411476e-23, 4.22862514248e-23, 5.56935294215e-23, 6.79370924326e-23, 8.06857346824e-23, 1.34855405716e-22, 1.77891175975e-22, 2.0411650967e-22, 2.99103819248e-22, 3.58817762496e-22, 5.44557675337e-22, 7.87473772205e-22, 1.26735570804e-21, 1.85906762603e-21],
        "var": [5.68565139414e-10, 7.61389351567e-09, 2.74146518819e-08, 2.27983969125e-06, 5.35273647984e-05, 0.000129913983983, 3.42056700902e-05, 3.6224417272e-05, 1.82924140972e-05, 1.01469777292e-05, 2.35901879364e-07, 6.16194313352e-08, 1.77942510504e-07, 9.01734011904e-08, 6.86347334522e-07, 2.90408408432e-08, 4.42278169643e-09, 1.01463912827e-08, 1.44254332923e-08, 1.79554788815e-08, 1.38555114049e-08, 1.94472837833e-09, 4.12929068716e-09, 8.32181257238e-09, 1.22604699726e-08, 5.28853127957e-10, 1.64881400633e-14]
    },
    "erbbands": {
        "dmean": [0.000259293650743, 0.0039294953458, 0.028850177303, 0.236506938934, 1.34586036205, 4.28895139694, 8.92066192627, 19.7069549561, 13.4563779831, 8.44858074188, 6.90509843826, 9.16924381256, 6.71912097931, 1.6412665844, 1.43445360661, 0.987241029739, 1.14122819901, 1.48418211937, 2.74976325035, 2.066157341, 0.610551595688, 0.355270683765, 0.519213914871, 0.70366448164, 0.481579363346, 0.57549071312, 0.423050910234, 0.288535803556, 0.152109086514, 0.0948266685009, 0.121478155255, 0.130004376173, 0.125945001841, 0.106530956924, 0.0550230145454, 0.0148876653984, 0.00173766270746, 0.000119043448649, 4.50231573268e-06, 4.01236047765e-06],
        "dmean2": [0.000423992489232, 0.00608103349805, 0.045955710113, 0.344537764788, 1.7713316679, 5.63468551636, 11.91705513, 27.4830646515, 18.2226428986, 10.517408371, 8.78593921661, 11.3326282501, 9.02181625366, 2.14109921455, 1.98949050903, 1.37596774101, 1.62063276768, 1.99415314198, 3.64114451408, 2.67176699638, 0.81787610054, 0.487978279591, 0.719394207001, 0.966283321381, 0.669957458973, 0.825490772724, 0.630619108677, 0.456080108881, 0.224455624819, 0.132124960423, 0.170601159334, 0.182347178459, 0.181708931923, 0.169916883111, 0.0868957266212, 0.0224669817835, 0.00250312522985, 0.000170383384102, 6.37616176391e-06, 5.51909442947e-06],
        "dvar": [4.28342787018e-07, 0.000103637656139, 0.00417359685525, 0.559580981731, 13.8026189804, 116.585929871, 469.352416992, 2324.8125, 2380.75610352, 1748.32116699, 625.430053711, 1777.89355469, 1022.89129639, 46.9661026001, 84.5780944824, 24.6295280457, 62.5632247925, 70.2906112671, 273.532928467, 154.068206787, 9.45102882385, 3.10231256485, 10.0167131424, 20.0481491089, 4.45431661606, 11.2018280029, 18.2257633209, 7.39121580124, 2.40026330948, 0.957117438316, 2.05556201935, 2.74010300636, 1.49753415585, 1.93110108376, 0.476702779531, 0.0432329364121, 0.000349239475327, 8.73872295415e-07, 9.48014111657e-10, 5.93426210949e-11],
        "dvar2": [8.96778374226e-07, 0.000204356154427, 0.00994732882828, 1.21308922768, 24.7508983612, 193.382003784, 771.079528809, 4434.99121094, 4253.86523438, 2233.45166016, 846.629821777, 2374.50439453, 2139.61962891, 79.0552062988, 156.398147583, 43.9166984558, 112.307472229, 128.231155396, 504.029815674, 228.158493042, 15.987575531, 5.58688497543, 20.0470809937, 33.0284576416, 8.86447525024, 23.6224250793, 43.4070091248, 18.8977451324, 5.70367717743, 2.22213435173, 4.29429531097, 5.93395805359, 2.93703603745, 4.9041967392, 1.12762010098, 0.0990136414766, 0.00075912597822, 1.71135343408e-06, 1.96592986335e-09, 1.07224042145e-10],
        "max": [0.041422560811, 0.550780951977, 2.67681455612, 36.3166542053, 130.584365845, 323.725494385, 830.162780762, 1484.98083496, 2133.48168945, 4220.07226562, 1413.75415039, 2645.64575195, 2438.48632812, 347.166259766, 433.393707275, 256.017974854, 576.80291748, 357.237091064, 602.38269043, 768.617736816, 140.111419678, 78.0436019897, 208.473007202, 212.853302002, 64.9452056885, 137.523300171, 272.495452881, 119.917625427, 72.8677749634, 90.9187774658, 83.3950805664, 113.271018982, 57.6783409119, 83.0728378296, 36.0643577576, 15.3784751892, 1.28339898586, 0.0473283752799, 0.00187470589299, 0.000277077313513],
        "mean": [0.000582456123084, 0.0107125714421, 0.0772323235869, 0.814945220947, 5.77988529205, 14.8535890579, 26.5769424438, 62.29246521, 36.7844772339, 24.4825553894, 17.7418766022, 27.6400966644, 27.0821018219, 5.16895151138, 3.9375667572, 2.56396627426, 2.66846561432, 3.43031978607, 5.58431148529, 6.57239484787, 1.48751342297, 0.79398304224, 1.11944389343, 1.54331874847, 1.12769758701, 1.12988471985, 0.620321691036, 0.36717236042, 0.197298377752, 0.145106077194, 0.16641753912, 0.15741571784, 0.163306042552, 0.135336995125, 0.0687579363585, 0.0201997794211, 0.00265228631906, 0.000192031482584, 1.29519194161e-05, 1.83629326784e-05],
        "median": [0.000328521709889, 0.00219723652117, 0.0229005645961, 0.0728077217937, 0.39028736949, 1.79461586475, 8.19550609589, 13.2954969406, 7.15109491348, 3.57059597969, 3.07030344009, 2.4035050869, 1.45326685905, 0.781303107738, 0.443291664124, 0.404711306095, 0.282609671354, 0.260226070881, 0.290922045708, 0.184525638819, 0.10077547282, 0.0760713145137, 0.0877577438951, 0.0516401678324, 0.0312070269138, 0.0202645584941, 0.00944282859564, 0.00380685599521, 0.00209788815118, 0.00215770420618, 0.00246319873258, 0.00319329742342, 0.00819940958172, 0.0115464534611, 0.00373961008154, 0.00151275028475, 0.000247779942583, 3.24481698044e-05, 7.02830402588e-06, 1.24777661767e-05],
        "min": [6.4045149338e-23, 3.16196100036e-22, 2.58007346773e-21, 3.97101179702e-21, 8.80867138468e-21, 3.11897174134e-20, 5.62961288822e-20, 3.82222357291e-20, 6.14624146448e-20, 1.33181791337e-19, 1.63581506029e-19, 3.65689078335e-19, 6.92260578707e-19, 6.62666744727e-19, 9.16076368816e-19, 1.21487582296e-18, 8.14847556415e-19, 1.07825474388e-18, 2.98190690571e-18, 3.14475167816e-18, 3.48099852921e-18, 4.16639087219e-18, 4.02797791311e-18, 7.20747448572e-18, 6.70775565252e-18, 8.29727336223e-18, 7.83235732612e-18, 1.05695269244e-17, 1.13250745231e-17, 1.06869402493e-17, 1.05457504449e-17, 1.07395266023e-17, 8.594697732e-18, 7.16399373682e-18, 6.76861587968e-18, 4.72887823822e-18, 2.28655055186e-18, 9.70180081334e-19, 2.39025211731e-19, 2.71406909331e-20],
        "var": [1.12109728434e-06, 0.000615633092821, 0.0225632507354, 5.12688589096, 184.432113647, 979.967468262, 2621.53051758, 15150.1289062, 10805.7333984, 17486.5917969, 3828.73706055, 11654.0439453, 22447.5273438, 296.475341797, 403.156555176, 80.066368103, 294.165283203, 214.96685791, 841.975646973, 1623.72888184, 36.5497817993, 9.68835639954, 23.6043205261, 67.0358276367, 21.1907253265, 35.1594467163, 33.7597808838, 10.0094709396, 3.10884141922, 2.31284976006, 3.81349372864, 3.83979773521, 2.30772161484, 1.63021540642, 0.463447272778, 0.0418954156339, 0.000402149133151, 1.35365451115e-06, 1.32186350754e-09, 4.87102636004e-10]
    },
    "gfcc": {
        "mean": [-194.672851562, 141.281219482, -86.540687561, -29.1698493958, -70.4633331299, -20.8076343536, -62.562374115, 3.3565094471, -30.0227241516, 1.88168215752, -7.11969614029, -6.21244096756, 0.591360926628],
        "cov": [[19277.9472656, -112.53112793, -2624.06518555, 263.405853271, -1059.421875, -651.012329102, -1294.35070801, 509.883361816, -792.502197266, -20.9040107727, -115.429878235, -542.54486084, 90.7033843994], [-112.53112793, 2037.3326416, 89.5516433716, -791.247131348, 441.425292969, -67.0243225098, 30.693063736, -203.819519043, 133.716079712, -201.580108643, 50.2163352966, -37.707736969, -35.6138343811], [-2624.06518555, 89.5516433716, 1295.98388672, 186.916244507, 1.5216909647, 226.411026001, -17.9206047058, -160.917404175, 35.9798927307, -42.8919410706, -124.802055359, 0.340838491917, -124.182090759], [263.405853271, -791.247131348, 186.916244507, 922.250183105, -82.9446105957, 20.6607666016, -27.3775024414, 9.28322887421, -17.7813396454, -4.87417078018, -177.277008057, -94.095375061, -87.2724151611], [-1059.421875, 441.425292969, 1.5216909647, -82.9446105957, 472.200653076, 2.19593071938, 33.0436477661, -54.5739402771, 137.981826782, -51.7353057861, -28.0667629242, -11.5358247757, -46.4441719055], [-651.012329102, -67.0243225098, 226.411026001, 20.6607666016, 2.19593071938, 328.884033203, 112.305915833, -16.5491752625, -2.74865984917, 37.5367126465, -70.5007400513, -4.26978874207, -80.801864624], [-1294.35070801, 30.693063736, -17.9206047058, -27.3775024414, 33.0436477661, 112.305915833, 388.396881104, 4.98039484024, -11.7176580429, 31.8273868561, 40.2026023865, 46.4942131042, -21.4881744385], [509.883361816, -203.819519043, -160.917404175, 9.28322887421, -54.5739402771, -16.5491752625, 4.98039484024, 189.669998169, -46.6150474548, 11.1800775528, 29.94713974, -7.00451946259, 5.10836219788], [-792.502197266, 133.716079712, 35.9798927307, -17.7813396454, 137.981826782, -2.74865984917, -11.7176580429, -46.6150474548, 249.56829834, 16.0655193329, -43.3208007812, 57.8840332031, 11.788523674], [-20.9040107727, -201.580108643, -42.8919410706, -4.87417078018, -51.7353057861, 37.5367126465, 31.8273868561, 11.1800775528, 16.0655193329, 180.839111328, 43.803401947, 38.0615501404, 15.9256162643], [-115.429878235, 50.2163352966, -124.802055359, -177.277008057, -28.0667629242, -70.5007400513, 40.2026023865, 29.94713974, -43.3208007812, 43.803401947, 232.591415405, 62.36977005, 61.4455337524], [-542.54486084, -37.707736969, 0.340838491917, -94.095375061, -11.5358247757, -4.26978874207, 46.4942131042, -7.00451946259, 57.8840332031, 38.0615501404, 62.36977005, 186.541870117, 62.6063117981], [90.7033843994, -35.6138343811, -124.182090759, -87.2724151611, -46.4441719055, -80.801864624, -21.4881744385, 5.10836219788, 11.788523674, 15.9256162643, 61.4455337524, 62.6063117981, 166.530166626]],
        "icov": [[0.0003109734389, -0.000552190176677, 0.000748783582821, -0.000508233148139, 0.000739188864827, -0.000209751815419, 0.00111812085379, -0.000445410405518, 0.000802895985544, -0.000500184716657, 0.00039937600377, -4.24640384153e-05, 0.000126479382743], [-0.000552190176677, 0.00239802035503, -0.00147040083539, 0.00216644932516, -0.00198271428235, 0.00081230973592, -0.00225818878971, 0.00185326836072, -0.0017927166773, 0.00201712409034, -0.000772056169808, 0.000819484062959, 0.000256200990407], [0.000748783582821, -0.00147040083539, 0.00291277095675, -0.0015352468472, 0.00199694046751, -0.00126535748132, 0.00298398453742, -0.000326040957589, 0.00190629833378, -0.000924726773519, 0.000929284666199, -0.00054182956228, 0.000797515211161], [-0.000508233148139, 0.00216644932516, -0.0015352468472, 0.00337351090275, -0.00150924792979, 0.00119034096133, -0.00223554368131, 0.00143537588883, -0.00160991458688, 0.00147996423766, 0.000378490483854, 0.00107332551852, 0.000616643810645], [0.000739188864827, -0.00198271428235, 0.00199694046751, -0.00150924792979, 0.00507465843111, -0.000614888325799, 0.00240370444953, -0.00104615313467, 0.000214607905946, -0.000789706245996, 0.000730655970983, 0.000136602233397, 0.00107012456283], [-0.000209751815419, 0.00081230973592, -0.00126535748132, 0.00119034096133, -0.000614888325799, 0.00512201478705, -0.00218572281301, 0.000344543979736, -0.000258473563008, -0.000728430808522, 0.00143641175237, 2.64266527665e-05, 0.00153737387154], [0.00111812085379, -0.00225818878971, 0.00298398453742, -0.00223554368131, 0.00240370444953, -0.00218572281301, 0.00729329697788, -0.00171135691926, 0.00333220767789, -0.00204415945336, 0.000661983271129, -0.0012054949766, 0.000733644003049], [-0.000445410405518, 0.00185326836072, -0.000326040957589, 0.00143537588883, -0.00104615313467, 0.000344543979736, -0.00171135691926, 0.00779574876651, -0.000774245127104, 0.00160933448933, -0.00121221656445, 0.000546421506442, 0.000706241757143], [0.000802895985544, -0.0017927166773, 0.00190629833378, -0.00160991458688, 0.000214607905946, -0.000258473563008, 0.00333220767789, -0.000774245127104, 0.00831010937691, -0.00279177469201, 0.00288967625238, -0.00257862173021, -0.000272782286629], [-0.000500184716657, 0.00201712409034, -0.000924726773519, 0.00147996423766, -0.000789706245996, -0.000728430808522, -0.00204415945336, 0.00160933448933, -0.00279177469201, 0.00852666888386, -0.0024089361541, 9.0573936177e-05, 0.000140008807648], [0.00039937600377, -0.000772056169808, 0.000929284666199, 0.000378490483854, 0.000730655970983, 0.00143641175237, 0.000661983271129, -0.00121221656445, 0.00288967625238, -0.0024089361541, 0.00762427039444, -0.00168309768196, -0.000622575986199], [-4.24640384153e-05, 0.000819484062959, -0.00054182956228, 0.00107332551852, 0.000136602233397, 2.64266527665e-05, -0.0012054949766, 0.000546421506442, -0.00257862173021, 9.0573936177e-05, -0.00168309768196, 0.00832420308143, -0.00209911400452], [0.000126479382743, 0.000256200990407, 0.000797515211161, 0.000616643810645, 0.00107012456283, 0.00153737387154, 0.000733644003049, 0.000706241757143, -0.000272782286629, 0.000140008807648, -0.000622575986199, -0.00209911400452, 0.00905087776482]]
    },
    "melbands": {
        "dmean": [3.49431752511e-06, 1.10966202556e-05, 6.48089044262e-05, 0.000186586010386, 0.000294976722216, 0.000405792554375, 0.000189695812878, 9.1130801593e-05, 5.44303875358e-05, 6.12109797657e-05, 3.2873103919e-05, 7.12735800334e-06, 4.65243056169e-06, 3.70411135009e-06, 1.9547339889e-06, 3.25702353621e-06, 2.91401215691e-06, 4.53362827102e-06, 4.60892033516e-06, 2.07126254281e-06, 6.77449634168e-07, 4.19354933001e-07, 4.36384340219e-07, 5.47441004528e-07, 6.51568598187e-07, 3.18535882116e-07, 4.71240923616e-07, 3.96724175289e-07, 2.90178547857e-07, 2.27782123829e-07, 1.55486574727e-07, 9.69116129568e-08, 5.4700034724e-08, 5.58940840278e-08, 7.03923888068e-08, 7.33225391514e-08, 8.68928111686e-08, 9.26620344899e-08, 9.14877489322e-08, 9.72062252913e-08],
        "dmean2": [5.59531872568e-06, 1.77477431862e-05, 8.93010001164e-05, 0.000249329954386, 0.000394336355384, 0.000570758827962, 0.000256320083281, 0.000112305628136, 7.02089746483e-05, 7.53266649554e-05, 4.44022007287e-05, 9.28540248424e-06, 6.24053382126e-06, 5.13234726895e-06, 2.76791934084e-06, 4.57610121884e-06, 3.96454061047e-06, 6.04772412771e-06, 5.5858477026e-06, 2.71616249847e-06, 9.10855646907e-07, 5.95693222749e-07, 6.13133295246e-07, 7.98250994194e-07, 9.03537227259e-07, 4.48211807225e-07, 6.9721249929e-07, 5.73860347686e-07, 4.34717463804e-07, 3.63161689165e-07, 2.47773670026e-07, 1.47220276858e-07, 7.80846036719e-08, 8.24735195692e-08, 9.92054793869e-08, 1.06269979483e-07, 1.25448494259e-07, 1.36857778443e-07, 1.45695651099e-07, 1.55535317958e-07],
        "dvar": [5.62660751324e-11, 6.16973749867e-10, 3.47993669436e-08, 2.46073426524e-07, 4.33106748687e-07, 9.74261865849e-07, 4.309185897e-07, 2.19444842742e-07, 3.30741016796e-08, 8.00860533445e-08, 2.33435990538e-08, 9.68251701039e-10, 1.07893183277e-09, 3.8803829594e-10, 9.84830481054e-11, 6.74054922989e-10, 3.33892080651e-10, 7.2678385532e-10, 1.25130439343e-09, 1.3619740058e-10, 1.73277052429e-11, 5.68507003626e-12, 6.85410408985e-12, 1.05120322169e-11, 2.0602684489e-11, 2.23699010704e-12, 5.58578183707e-12, 7.43461455593e-12, 7.5279617609e-12, 7.1913633902e-12, 2.2195244774e-12, 1.31073862701e-12, 2.35850103553e-13, 4.65866765737e-13, 6.28180396155e-13, 8.79842043406e-13, 1.78443013404e-12, 9.87865171609e-13, 1.58000056181e-12, 1.52894602361e-12],
        "dvar2": [1.06815833956e-10, 1.46902046083e-09, 6.41917097255e-08, 4.09438456472e-07, 7.34849606943e-07, 1.88840704141e-06, 7.67353185438e-07, 2.42951472273e-07, 4.81140389752e-08, 1.00322985475e-07, 4.92025371557e-08, 1.57131641032e-09, 1.6758753274e-09, 8.06269606635e-10, 2.05824399191e-10, 1.22043619655e-09, 6.09358341563e-10, 1.31947064386e-09, 1.69595493205e-09, 2.01460792493e-10, 2.59808476816e-11, 1.07736658136e-11, 1.26506869216e-11, 2.19494856318e-11, 3.48527283422e-11, 4.12024884697e-12, 1.12768839405e-11, 1.60600907573e-11, 1.84008953907e-11, 1.72861221864e-11, 5.73181476241e-12, 3.41342037101e-12, 4.24424682682e-13, 1.20748127209e-12, 1.27574090614e-12, 1.9343914491e-12, 4.0781835374e-12, 1.95397062246e-12, 4.11121874391e-12, 3.88627064557e-12],
        "max": [0.000380891608074, 0.000788263685536, 0.00678611919284, 0.0200009159744, 0.022611528635, 0.0358432419598, 0.0279037877917, 0.0486828833818, 0.00922785885632, 0.0180424321443, 0.0120080495253, 0.00124213728122, 0.00173899892252, 0.000755900633521, 0.000357397540938, 0.00191767560318, 0.000854950107168, 0.00102531246375, 0.00225811847486, 0.000716178677976, 0.000210981292184, 0.000117470757687, 0.000118865653349, 0.000171902749571, 0.000214192958083, 5.83668006584e-05, 9.34913041419e-05, 0.000121984325233, 0.00011542703578, 0.000208094556001, 6.51345544611e-05, 5.39637330803e-05, 2.48034302786e-05, 6.42569721094e-05, 5.03448936797e-05, 5.12154801982e-05, 0.000104498656583, 4.73289292131e-05, 7.88663019193e-05, 6.68976572342e-05],
        "mean": [9.06569312065e-06, 2.8764068702e-05, 0.000240431618295, 0.000770282931626, 0.000908340676688, 0.00133315275889, 0.000514638319146, 0.000261883629719, 0.000132342698635, 0.00017909820599, 0.00012826854072, 1.80136339623e-05, 1.20120994325e-05, 8.62625529408e-06, 4.01533043259e-06, 7.13850158718e-06, 6.0458464759e-06, 8.34329875943e-06, 1.04152368294e-05, 5.08014363731e-06, 1.26099382669e-06, 8.38782284518e-07, 8.70167241374e-07, 1.07632206436e-06, 1.31084800614e-06, 7.04830256382e-07, 9.48207230067e-07, 6.97768427926e-07, 4.15046457647e-07, 2.87208763439e-07, 1.86316583495e-07, 1.14652294769e-07, 8.04317963343e-08, 8.25090040735e-08, 9.58397095019e-08, 9.23318737023e-08, 9.80338015211e-08, 1.16281491103e-07, 1.09942121185e-07, 1.19055975745e-07],
        "median": [4.37164953837e-06, 7.79307174525e-06, 1.74954529939e-05, 5.83281689615e-05, 0.000296219019219, 0.000302567175822, 8.34541351651e-05, 2.64096397586e-05, 1.76605972229e-05, 1.1282288142e-05, 5.55001679459e-06, 2.32319825955e-06, 1.01526120488e-06, 1.15622015073e-06, 6.9096944344e-07, 4.04028270395e-07, 3.79107689241e-07, 4.2721205773e-07, 2.73792807093e-07, 1.76033793764e-07, 8.72072121183e-08, 6.4203007355e-08, 6.18683984044e-08, 5.58930679517e-08, 3.10886747457e-08, 1.67081406488e-08, 2.09403641094e-08, 8.60871907093e-09, 3.53736262504e-09, 3.19501358703e-09, 7.45431938398e-10, 5.41693578882e-10, 1.00537678183e-09, 9.48067402362e-10, 1.02513608713e-09, 1.22183108076e-09, 1.32823840815e-09, 3.32620220256e-09, 6.48186215813e-09, 8.68478977623e-09],
        "min": [4.63429848015e-25, 1.05285734867e-24, 8.08134699984e-25, 1.41760020441e-24, 2.24513067677e-24, 6.63757426414e-25, 9.12313889799e-25, 1.04397290134e-24, 1.50040308793e-24, 1.92392722376e-24, 2.69730988916e-24, 2.7007025827e-24, 2.84018640417e-24, 1.93731655991e-24, 2.63645262298e-24, 1.88776643151e-24, 1.9313364026e-24, 3.60586781498e-24, 3.34075178069e-24, 3.49218428107e-24, 2.69177386055e-24, 3.51588363481e-24, 4.4579267339e-24, 2.96523505714e-24, 5.10492757139e-24, 4.95654086297e-24, 5.00778960611e-24, 4.96138841323e-24, 4.24456944132e-24, 5.20886196781e-24, 6.00784553617e-24, 5.28756977577e-24, 5.74374003269e-24, 5.58190600685e-24, 6.47716294894e-24, 4.95377748322e-24, 6.29817040955e-24, 4.98807399993e-24, 6.86832712297e-24, 5.21725978658e-24],
        "var": [2.90226287447e-10, 3.16866244354e-09, 4.09430725767e-07, 2.79741402665e-06, 2.57365059042e-06, 6.59437364448e-06, 2.16028479372e-06, 2.34849926528e-06, 1.9315528732e-07, 5.28839166236e-07, 5.3832593494e-07, 4.11067979655e-09, 4.45991599207e-09, 1.1475854711e-09, 1.97276861513e-10, 3.18639381547e-09, 9.20515830227e-10, 2.24639107316e-09, 4.90760010408e-09, 7.7555634137e-10, 4.39056360713e-11, 1.39852955605e-11, 1.72556274824e-11, 2.28712569716e-11, 5.77918476963e-11, 1.02977765204e-11, 2.06061209762e-11, 1.84299676215e-11, 1.29098199145e-11, 1.25105967252e-11, 2.49716219924e-12, 1.29643116988e-12, 5.16425769335e-13, 9.84435840137e-13, 1.27740754172e-12, 1.31922489426e-12, 2.04150021541e-12, 1.52211782675e-12, 1.26624405405e-12, 1.28590985516e-12]
    },
    "mfcc": {
        "mean": [-842.497497559, 184.544815063, 23.8511047363, -5.94617033005, 0.127161726356, -29.0469684601, -15.3436050415, -22.9317684174, -13.3953542709, -5.99754619598, -5.63288021088, -11.3379487991, -1.41834545135],
        "cov": [[7251.96289062, 339.039154053, -1348.62561035, 154.282455444, 203.553985596, -946.181396484, 64.2088012695, -268.198516846, -236.246658325, 154.543060303, -105.816696167, -499.915344238, 27.673122406], [339.039154053, 2321.95825195, -126.209243774, -492.138549805, 186.496200562, -74.2440032959, -110.992668152, -55.8506507874, -91.0231018066, -128.763381958, -13.6152019501, -11.9469146729, 17.9840507507], [-1348.62561035, -126.209243774, 1035.34423828, 87.3222198486, -69.3418502808, 303.419128418, -10.7260971069, -9.10508441925, 73.1931991577, -111.444030762, -17.3882541656, 146.3777771, -85.3164291382], [154.282455444, -492.138549805, 87.3222198486, 519.251953125, 105.230056763, 9.44943714142, -49.3383255005, 6.84633922577, 28.2068843842, 16.9577407837, -65.3789825439, -0.940581977367, -26.6583480835], [203.553985596, 186.496200562, -69.3418502808, 105.230056763, 356.056121826, -12.9766130447, -148.714126587, -20.2485694885, 24.1713657379, -18.6549224854, -30.061712265, -34.5555419922, -13.325627327], [-946.181396484, -74.2440032959, 303.419128418, 9.44943714142, -12.9766130447, 432.328613281, -15.1623888016, 53.2659301758, 93.4919281006, 29.6543865204, 2.61369633675, 84.4519195557, -33.0296516418], [64.2088012695, -110.992668152, -10.7260971069, -49.3383255005, -148.714126587, -15.1623888016, 326.229156494, 35.0605278015, -74.3512954712, 49.4025344849, 48.6681404114, -38.5195503235, 1.4022847414], [-268.198516846, -55.8506507874, -9.10508441925, 6.84633922577, -20.2485694885, 53.2659301758, 35.0605278015, 179.365570068, 41.1582565308, 11.357465744, -2.50907254219, -3.32989859581, 9.96067523956], [-236.246658325, -91.0231018066, 73.1931991577, 28.2068843842, 24.1713657379, 93.4919281006, -74.3512954712, 41.1582565308, 162.296707153, 6.23355388641, -30.8900775909, 36.7249107361, -23.6675739288], [154.543060303, -128.763381958, -111.444030762, 16.9577407837, -18.6549224854, 29.6543865204, 49.4025344849, 11.357465744, 6.23355388641, 187.186889648, 52.5282325745, -66.1650009155, -0.413517266512], [-105.816696167, -13.6152019501, -17.3882541656, -65.3789825439, -30.061712265, 2.61369633675, 48.6681404114, -2.50907254219, -30.8900775909, 52.5282325745, 147.000854492, -2.42500185966, -5.53847932816], [-499.915344238, -11.9469146729, 146.3777771, -0.940581977367, -34.5555419922, 84.4519195557, -38.5195503235, -3.32989859581, 36.7249107361, -66.1650009155, -2.42500185966, 205.030334473, 0.29117551446], [27.673122406, 17.9840507507, -85.3164291382, -26.6583480835, -13.325627327, -33.0296516418, 1.4022847414, 9.96067523956, -23.6675739288, -0.413517266512, -5.53847932816, 0.29117551446, 130.438323975]],
