{
"lowlevel": {
    "average_loudness": 0.589335381985,
    "barkbands_crest": {
        "dmean": 3.12553715706,
        "dmean2": 5.10052633286,
        "dvar": 7.90718412399,
        "dvar2": 20.5991249084,
        "max": 26.5102901459,
        "mean": 13.1726922989,
        "median": 12.3397340775,
        "min": 3.45037293434,
        "var": 24.6270923615
    },
    "barkbands_flatness_db": {
        "dmean": 0.0277766529471,
        "dmean2": 0.0423148758709,
        "dvar": 0.000672051100992,
        "dvar2": 0.00152866751887,
        "max": 0.38463512063,
        "mean": 0.177596464753,
        "median": 0.172162055969,
        "min": 0.0360975377262,
        "var": 0.00328063452616
    },
    "barkbands_kurtosis": {
        "dmean": 7.50023555756,
        "dmean2": 11.6721858978,
        "dvar": 248.380569458,
        "dvar2": 535.140930176,
        "max": 560.704650879,
        "mean": 12.5972156525,
        "median": 5.10867977142,
        "min": -1.78036427498,
        "var": 642.171875
    },
    "barkbands_skewness": {
        "dmean": 0.841925382614,
        "dmean2": 1.26314580441,
        "dvar": 0.95785599947,
        "dvar2": 2.10354590416,
        "max": 20.9556331635,
        "mean": 2.39680218697,
        "median": 2.05538845062,
        "min": -1.97877132893,
        "var": 4.21662378311
    },
    "barkbands_spread": {
        "dmean": 5.10154294968,
        "dmean2": 8.32807445526,
        "dvar": 55.0542144775,
        "dvar2": 145.711273193,
        "max": 112.551368713,
        "mean": 14.192196846,
        "median": 12.4126138687,
        "min": 0.472379893064,
        "var": 87.7358932495
    },
    "dissonance": {
        "dmean": 0.0246890429407,
        "dmean2": 0.0418573617935,
        "dvar": 0.000536039704457,
        "dvar2": 0.00148100627121,
        "max": 0.499999970198,
        "mean": 0.449296951294,
        "median": 0.458353728056,
        "min": 0.191704273224,
        "var": 0.00134842447005
    },
    "dynamic_complexity": 3.61141300201,
    "erbbands_crest": {
        "dmean": 2.81644749641,
        "dmean2": 4.3575925827,
        "dvar": 8.76585292816,
        "dvar2": 18.2904052734,
        "max": 32.7768363953,
        "mean": 11.178103447,
        "median": 9.79863643646,
        "min": 2.34640073776,
        "var": 32.2811279297
    },
    "erbbands_flatness_db": {
        "dmean": 0.0230024047196,
        "dmean2": 0.032457023859,
        "dvar": 0.000598149665166,
        "dvar2": 0.00106722197961,
        "max": 0.419068336487,
        "mean": 0.153119802475,
        "median": 0.142121866345,
        "min": 0.0300405211747,
        "var": 0.00416743755341
    },
    "erbbands_kurtosis": {
        "dmean": 1.08644843102,
        "dmean2": 1.6425293684,
        "dvar": 3.03820776939,
        "dvar2": 5.77880334854,
        "max": 36.3531723022,
        "mean": 1.05622065067,
        "median": 0.32307100296,
        "min": -1.73951649666,
        "var": 8.52689170837
    },
    "erbbands_skewness": {
        "dmean": 0.358927547932,
        "dmean2": 0.5546656847,
        "dvar": 0.123084463179,
        "dvar2": 0.280968427658,
        "max": 4.64829397202,
        "mean": 0.572896242142,
        "median": 0.53331142664,
        "min": -2.90851330757,
        "var": 0.476525872946
    },
    "erbbands_spread": {
        "dmean": 9.23579692841,
        "dmean2": 14.2795352936,
        "dvar": 153.427856445,
        "dvar2": 350.211486816,
        "max": 170.215774536,
        "mean": 36.4881591797,
        "median": 31.5353069305,
        "min": 2.40012812614,
        "var": 476.82244873
    },
    "hfc": {
        "dmean": 5.90143251419,
        "dmean2": 8.45232582092,
        "dvar": 113.038948059,
        "dvar2": 234.606369019,
        "max": 260.114593506,
        "mean": 14.3856983185,
        "median": 7.16503667831,
        "min": 1.11700431746e-16,
        "var": 403.418823242
    },
    "melbands_crest": {
        "dmean": 3.33806610107,
        "dmean2": 5.36745834351,
        "dvar": 8.48313426971,
        "dvar2": 21.0862293243,
        "max": 32.9822006226,
        "mean": 16.3337726593,
        "median": 16.0732860565,
        "min": 1.85037195683,
        "var": 27.970582962
    },
    "melbands_flatness_db": {
        "dmean": 0.0314459353685,
        "dmean2": 0.0481298081577,
        "dvar": 0.00089592038421,
        "dvar2": 0.00204429682344,
        "max": 0.504819512367,
        "mean": 0.26596185565,
        "median": 0.261569291353,
        "min": 0.00244497042149,
        "var": 0.00463303178549
    },
    "melbands_kurtosis": {
        "dmean": 16.1573410034,
        "dmean2": 25.6652736664,
        "dvar": 1002.04229736,
        "dvar2": 2433.48291016,
        "max": 636.030700684,
        "mean": 28.4323444366,
        "median": 12.0665187836,
        "min": -1.70349836349,
        "var": 2263.359375
    },
    "melbands_skewness": {
        "dmean": 1.06842756271,
        "dmean2": 1.64508140087,
        "dvar": 1.60461544991,
        "dvar2": 3.6515417099,
        "max": 19.1105937958,
        "mean": 3.32404017448,
        "median": 2.83806061745,
        "min": -2.11661529541,
        "var": 6.31655263901
    },
    "melbands_spread": {
        "dmean": 4.48561573029,
        "dmean2": 6.86381864548,
        "dvar": 28.1188983917,
        "dvar2": 61.3510093689,
        "max": 146.611053467,
        "mean": 13.7312908173,
        "median": 10.6317796707,
        "min": 0.423829048872,
        "var": 126.787353516
    },
    "pitch_salience": {
        "dmean": 0.0840722322464,
        "dmean2": 0.134999066591,
        "dvar": 0.00576123315841,
        "dvar2": 0.0142774954438,
        "max": 0.960658013821,
        "mean": 0.472494482994,
        "median": 0.476838231087,
        "min": 0.0556232072413,
        "var": 0.0190159585327
    },
    "silence_rate_20dB": {
        "dmean": 0.00013871549163,
        "dmean2": 0.000277450220892,
        "dvar": 0.000138687319122,
        "dvar2": 0.000416062626755,
        "max": 1,
        "mean": 0.999930620193,
        "median": 1,
        "min": 0,
        "var": 6.93458932801e-05
    },
    "silence_rate_30dB": {
        "dmean": 0.0184491612017,
        "dmean2": 0.0369008816779,
        "dvar": 0.0181058440357,
        "dvar2": 0.0433097220957,
        "max": 1,
        "mean": 0.9812053442,
        "median": 1,
        "min": 0,
        "var": 0.018441349268
    },
    "silence_rate_60dB": {
        "dmean": 0.0284366756678,
        "dmean2": 0.056877296418,
        "dvar": 0.0276225786656,
        "dvar2": 0.0640459433198,
        "max": 1,
        "mean": 0.0615854077041,
        "median": 0,
        "min": 0,
        "var": 0.0577868446708
    },
    "spectral_centroid": {
        "dmean": 179.57850647,
        "dmean2": 277.793487549,
        "dvar": 43465.5703125,
        "dvar2": 99125.078125,
        "max": 11755.4951172,
        "mean": 863.426940918,
        "median": 769.112915039,
        "min": 152.833267212,
        "var": 265336.90625
    },
    "spectral_complexity": {
        "dmean": 2.35344719887,
        "dmean2": 3.46188521385,
        "dvar": 6.68934726715,
        "dvar2": 12.3346414566,
        "max": 48,
        "mean": 11.0258684158,
        "median": 10,
        "min": 0,
        "var": 40.2651748657
    },
    "spectral_decrease": {
        "dmean": 3.01098190825e-09,
        "dmean2": 4.6161545697e-09,
        "dvar": 2.20543837905e-17,
        "dvar2": 5.3407005585e-17,
        "max": 8.67078938794e-29,
        "mean": -7.10492287226e-09,
        "median": -5.15827869307e-09,
        "min": -9.97039606432e-08,
        "var": 4.89484359089e-17
    },
    "spectral_energy": {
        "dmean": 0.0117512466386,
        "dmean2": 0.0179360453039,
        "dvar": 0.00033003979479,
        "dvar2": 0.00079428195022,
        "max": 0.385698109865,
        "mean": 0.0281205028296,
        "median": 0.0203312318772,
        "min": 1.0473174458e-20,
        "var": 0.000762407900766
    },
    "spectral_energyband_high": {
        "dmean": 0.000215754975216,
        "dmean2": 0.0003314333444,
        "dvar": 2.59531020674e-07,
        "dvar2": 6.44625345103e-07,
        "max": 0.0173647906631,
        "mean": 0.000310776493279,
        "median": 0.000107035317342,
        "min": 7.50702675823e-21,
        "var": 3.71543222855e-07
    },
    "spectral_energyband_low": {
        "dmean": 0.00860212836415,
        "dmean2": 0.0135920848697,
        "dvar": 0.000260434724623,
        "dvar2": 0.000651989015751,
        "max": 0.319646298885,
        "mean": 0.0141296936199,
        "median": 0.00748982653022,
        "min": 2.59356387273e-23,
        "var": 0.000398143660277
    },
    "spectral_energyband_middle_high": {
        "dmean": 0.00222775153816,
        "dmean2": 0.00299630872905,
        "dvar": 2.42660280492e-05,
        "dvar2": 4.42846030637e-05,
        "max": 0.0944231152534,
        "mean": 0.00525025557727,
        "median": 0.00135395571124,
        "min": 1.4099003745e-21,
        "var": 9.93659414235e-05
    },
    "spectral_energyband_middle_low": {
        "dmean": 0.00389319611713,
        "dmean2": 0.00602047285065,
        "dvar": 5.09910860274e-05,
        "dvar2": 0.000126089929836,
        "max": 0.16582468152,
        "mean": 0.00891895312816,
        "median": 0.0057036774233,
        "min": 1.95138881294e-22,
        "var": 0.000109170956421
    },
    "spectral_entropy": {
        "dmean": 0.214564099908,
        "dmean2": 0.321592837572,
        "dvar": 0.0450148209929,
        "dvar2": 0.0972955450416,
        "max": 9.83075046539,
        "mean": 7.25646877289,
        "median": 7.32090520859,
        "min": 4.80066108704,
        "var": 0.262249916792
    },
    "spectral_flux": {
        "dmean": 0.0290546733886,
        "dmean2": 0.0471081212163,
        "dvar": 0.00111977022607,
        "dvar2": 0.00271633663215,
        "max": 0.40880638361,
        "mean": 0.0743492618203,
        "median": 0.0626159384847,
        "min": 6.61697710513e-11,
        "var": 0.00253326515667
    },
    "spectral_kurtosis": {
        "dmean": 2.0104432106,
        "dmean2": 3.35810232162,
        "dvar": 7.92845487595,
        "dvar2": 22.8689594269,
        "max": 63.9013137817,
        "mean": 6.69830656052,
        "median": 5.27741241455,
        "min": -1.24935364723,
        "var": 29.4051990509
    },
    "spectral_rms": {
        "dmean": 0.0010180309182,
        "dmean2": 0.00151082349475,
        "dvar": 1.29870488763e-06,
        "dvar2": 2.94683968605e-06,
        "max": 0.0193982180208,
        "mean": 0.00470864074305,
        "median": 0.0044536893256,
        "min": 3.19651857067e-12,
        "var": 5.26328722117e-06
    },
    "spectral_rolloff": {
        "dmean": 266.657470703,
        "dmean2": 463.606201172,
        "dvar": 559113.75,
        "dvar2": 1544734.125,
        "max": 19056.8847656,
        "mean": 770.511474609,
        "median": 538.330078125,
        "min": 64.599609375,
        "var": 910360.125
    },
    "spectral_skewness": {
        "dmean": 0.242063432932,
        "dmean2": 0.390962302685,
        "dvar": 0.060289002955,
        "dvar2": 0.161925956607,
        "max": 6.33875608444,
        "mean": 1.99277794361,
        "median": 1.88490760326,
        "min": -0.0891668200493,
        "var": 0.321492880583
    },
    "spectral_spread": {
        "dmean": 809120.375,
        "dmean2": 1255720.625,
        "dvar": 1.30198549299e+12,
        "dvar2": 2.91496656896e+12,
        "max": 42348048,
        "mean": 4997470.5,
        "median": 4773678.5,
        "min": 1065499.25,
        "var": 4.77660341862e+12
    },
    "spectral_strongpeak": {
        "dmean": 0.514183342457,
        "dmean2": 0.851524114609,
        "dvar": 1.06922900677,
        "dvar2": 2.38245463371,
        "max": 14.6482830048,
        "mean": 0.909653246403,
        "median": 0.409896880388,
        "min": 0,
        "var": 2.06861996651
    },
    "zerocrossingrate": {
        "dmean": 0.00940525624901,
        "dmean2": 0.0123056219891,
        "dvar": 0.000140063537401,
        "dvar2": 0.000215501713683,
        "max": 0.51806640625,
        "mean": 0.0397851504385,
        "median": 0.03564453125,
        "min": 0.0029296875,
        "var": 0.000718655413948
    },
    "barkbands": {
        "dmean": [4.00997923862e-05, 0.00678227702156, 0.00260474416427, 0.000569251249544, 0.00248381309211, 0.000760381401051, 0.00057661003666, 0.00041028461419, 0.000380770739866, 0.00057613273384, 0.000547981413547, 0.000378892582376, 0.000430125248386, 0.000311017094646, 0.000242148540565, 0.000146949780174, 0.000124959275126, 7.37027439754e-05, 8.15514795249e-05, 4.82262003061e-05, 3.20711260429e-05, 2.45706978603e-05, 2.12449449464e-05, 1.99765108846e-05, 2.2520274797e-05, 3.4984524973e-05, 5.87563554291e-05],
        "dmean2": [6.84456827003e-05, 0.0107992831618, 0.00435197539628, 0.000973330403212, 0.00405986607075, 0.00121086556464, 0.000880276493262, 0.000609926413745, 0.000561912776902, 0.000765101460274, 0.000742669391911, 0.000538777559996, 0.00061615020968, 0.000442738615675, 0.000341834063875, 0.000212999191717, 0.000178852773388, 0.000108007436211, 0.000121504635899, 7.28327286197e-05, 4.82350442326e-05, 3.89552988054e-05, 3.37718702212e-05, 3.20122962876e-05, 3.56585514965e-05, 5.26529656781e-05, 0.000101685836853],
        "dvar": [5.30152277634e-09, 0.00013376752031, 5.56927589059e-05, 2.33725018006e-06, 2.36286487052e-05, 2.935925977e-06, 3.10720042762e-06, 1.59587818871e-06, 1.54927772655e-06, 3.37727192345e-06, 4.1752227844e-06, 1.87675971119e-06, 3.72688577954e-06, 1.31356659949e-06, 7.84143367127e-07, 2.64297824515e-07, 2.05190872293e-07, 8.37456042291e-08, 7.59627241109e-08, 1.88164435144e-08, 6.73375000204e-09, 2.97626567836e-09, 2.23585883141e-09, 2.16481188531e-09, 3.60737484328e-09, 9.77978409367e-09, 4.48440893308e-08],
        "dvar2": [1.45104541716e-08, 0.000348215544363, 0.000143701050547, 6.18024250798e-06, 6.56835254631e-05, 6.97492487234e-06, 6.97563291396e-06, 3.25804421664e-06, 3.09532924803e-06, 5.76747015657e-06, 8.06840034784e-06, 3.5099235447e-06, 6.52724429528e-06, 2.33035439123e-06, 1.3765715039e-06, 5.12473093295e-07, 3.75946399345e-07, 1.67881168522e-07, 1.54802407337e-07, 3.94887358368e-08, 1.37387594634e-08, 6.97309721076e-09, 5.41133582388e-09, 5.5237796559e-09, 9.46531475421e-09, 2.38920971896e-08, 1.20664793712e-07],
        "max": [0.00151180312969, 0.148886099458, 0.220743507147, 0.0457501262426, 0.0987470075488, 0.058197312057, 0.0633276104927, 0.0384755060077, 0.0409020520747, 0.0689829960465, 0.0692281424999, 0.039834395051, 0.0686780437827, 0.0544280968606, 0.0326282456517, 0.021543784067, 0.0209432952106, 0.0109414895996, 0.0108052166179, 0.00429216353223, 0.00317083531991, 0.00164779834449, 0.00146190228406, 0.00126767903566, 0.00197252375074, 0.0037355418317, 0.00948285497725],
        "mean": [5.35915714863e-05, 0.0109647400677, 0.00291338399984, 0.000664762337692, 0.00389289692976, 0.0012348057935, 0.00109892326873, 0.000813494552858, 0.00071041029878, 0.00127403333317, 0.000920032849535, 0.000684359518345, 0.000756946450565, 0.000591030577198, 0.000459576840512, 0.000246982992394, 0.000223990748054, 0.000115428993013, 0.000149921295815, 8.19911583676e-05, 5.62808818358e-05, 3.98324009439e-05, 3.40538099408e-05, 2.79662290268e-05, 2.88327773887e-05, 4.0458584408e-05, 4.1717539716e-05],
        "median": [1.81931536645e-05, 0.00525575736538, 0.000773306121118, 0.000213155464735, 0.00182149955072, 0.000458213180536, 0.000267691182671, 0.000150989260874, 0.000125206599478, 9.0025125246e-05, 6.20950304437e-05, 7.39089227864e-05, 6.80023440509e-05, 0.000102281876025, 5.04544113937e-05, 4.03220437875e-05, 3.11899602821e-05, 2.2204425477e-05, 3.83717451768e-05, 2.23046372412e-05, 1.75844270416e-05, 1.51775238919e-05, 1.47613582158e-05, 1.08555141196e-05, 9.88744614006e-06, 8.7240459834e-06, 6.31551813512e-07],
        "min": [1.32505587478e-24, 8.46619565207e-24, 9.81229370125e-25, 1.13475550735e-24, 1.38200147555e-23, 1.20252780989e-23, 1.22920961006e-23, 2.56152318266e-23, 1.94173252437e-23, 2.15590936454e-23, 1.60439666864e-23, 2.25818028997e-23, 4.24388234347e-23, 5.56807183204e-23, 6.22380835743e-23, 6.98779742494e-23, 8.11338329201e-23, 1.08602771123e-22, 1.52864898234e-22, 2.33718584558e-22, 2.87013825367e-22, 3.50221702984e-22, 4.76776423954e-22, 6.88151867591e-22, 8.97133515967e-22, 1.40749426039e-21, 2.04837162506e-21],
        "var": [7.10913905522e-09, 0.000222301285248, 5.70560478081e-05, 2.86539670924e-06, 3.58045217581e-05, 6.72265696267e-06, 7.84583608038e-06, 5.73386796532e-06, 5.13087297804e-06, 1.46421971294e-05, 1.01351752164e-05, 5.13425493409e-06, 9.9842027339e-06, 4.44324496129e-06, 2.93482958114e-06, 7.08051516085e-07, 6.54715790915e-07, 1.69323328691e-07, 2.18920206407e-07, 4.48802985886e-08, 2.01211296513e-08, 6.42841335718e-09, 3.57512397464e-09, 2.63712784943e-09, 3.58479201878e-09, 1.08405844301e-08, 3.12849373074e-08]
    },
    "erbbands": {
        "dmean": [0.121881715953, 1.77531385422, 3.62975478172, 1.48436248302, 5.43155765533, 9.99101352692, 6.66622114182, 7.5140748024, 7.11932563782, 9.5564622879, 8.0370426178, 9.26210212708, 15.5913324356, 15.345949173, 22.945520401, 16.8445129395, 18.4875354767, 16.7572097778, 13.4099645615, 10.2808418274, 6.97594690323, 6.04204845428, 4.66381978989, 4.09130477905, 3.37464976311, 2.24742722511, 1.71516489983, 0.999252378941, 0.891856491566, 0.689997553825, 0.649918794632, 0.411994874477, 0.351920843124, 0.240936234593, 0.171389296651, 0.109421111643, 0.0680211409926, 0.0398031547666, 0.0113480752334, 0.00054904690478],
        "dmean2": [0.178085431457, 2.86982607841, 5.99759340286, 2.43279480934, 9.29575443268, 15.9227247238, 11.0798454285, 11.8327827454, 10.8984146118, 14.2216825485, 12.1622953415, 13.5781803131, 20.4921150208, 21.1413440704, 31.1583995819, 23.4891738892, 26.4142837524, 23.8399524689, 18.8243198395, 14.3292007446, 9.93004894257, 8.59074878693, 6.74153852463, 6.07904672623, 4.97956037521, 3.34995245934, 2.60049080849, 1.50878620148, 1.41171240807, 1.09685575962, 1.0461628437, 0.660521507263, 0.566383242607, 0.389911323786, 0.270520865917, 0.168469637632, 0.1036266312, 0.0625934079289, 0.0199218094349, 0.000992919085547],
        "dvar": [0.0347834005952, 9.84681606293, 92.5440063477, 11.5816345215, 171.451583862, 365.239624023, 235.907455444, 335.524902344, 324.979187012, 948.310852051, 610.29284668, 1055.4407959, 2493.33349609, 3336.19604492, 7478.84082031, 4167.13769531, 5927.14111328, 3244.81591797, 2170.81738281, 1345.89562988, 483.709747314, 504.401153564, 325.294799805, 203.780563354, 188.813400269, 46.3675804138, 20.5071983337, 6.221596241, 3.88892412186, 2.48811268806, 2.1706135273, 0.945971310139, 0.708104133606, 0.420389711857, 0.217829272151, 0.0920725762844, 0.0402133017778, 0.0148128857836, 0.00184870581143, 4.39800032837e-06],
        "dvar2": [0.0780822485685, 25.8665809631, 238.016372681, 28.2090797424, 498.966339111, 989.08190918, 655.664489746, 752.382019043, 737.40814209, 1956.09484863, 1368.50354004, 2140.08105469, 3933.21826172, 7357.43017578, 13252.0253906, 7615.20410156, 10660.3417969, 5861.55273438, 3845.87475586, 2421.58032227, 875.189025879, 941.00213623, 643.253051758, 400.666229248, 366.546539307, 92.0793609619, 41.1608009338, 13.7118597031, 9.21751976013, 6.0668759346, 5.36822414398, 2.38645482063, 1.82786083221, 1.11712121964, 0.566255748272, 0.230870038271, 0.100100629032, 0.0364354550838, 0.00502400705591, 1.22580213429e-05],
        "max": [2.86348462105, 40.1840209961, 259.031097412, 100.657241821, 291.318939209, 354.90637207, 360.916473389, 701.880737305, 469.387969971, 960.776794434, 782.908813477, 1299.68579102, 1367.86706543, 2092.54174805, 2184.46777344, 2042.36486816, 2691.34277344, 1596.40637207, 1638.18322754, 1539.01843262, 672.28338623, 973.343078613, 612.458984375, 642.375793457, 762.995300293, 297.687805176, 197.206588745, 108.114891052, 73.3228378296, 58.4763755798, 47.4608230591, 29.8382701874, 21.4544296265, 28.1477642059, 12.3450088501, 9.32442378998, 8.1310710907, 4.80265569687, 2.11710810661, 0.0784758403897],
        "mean": [0.232277661562, 2.72809290886, 4.45750665665, 2.09789419174, 6.86339569092, 15.4394254684, 10.3909053802, 11.9994897842, 13.3112926483, 20.8749008179, 15.6516885757, 17.7371292114, 34.9908599854, 31.7282390594, 39.6634597778, 32.2658805847, 34.8513908386, 31.3645648956, 27.8918685913, 19.4868946075, 12.4858055115, 11.4629774094, 8.08998394012, 7.3949379921, 6.19877290726, 3.9452316761, 2.97629213333, 1.78553664684, 1.45802056789, 1.0600874424, 1.02070820332, 0.615616679192, 0.458639681339, 0.308624386787, 0.216721922159, 0.133584856987, 0.0785600021482, 0.0361711978912, 0.00776408845559, 0.000375103845727],
        "median": [0.0972357541323, 1.28461420536, 1.7908039093, 0.886643469334, 2.81037211418, 6.30375480652, 4.17606067657, 4.05054044724, 4.38164806366, 3.98450613022, 3.7850215435, 3.89810633659, 3.6886241436, 4.18592119217, 5.00729894638, 4.35252428055, 4.49276304245, 5.88922929764, 3.98574709892, 3.06692671776, 2.40770316124, 1.74754393101, 1.48380446434, 2.01472878456, 1.44619882107, 1.06049489975, 0.895411968231, 0.614662289619, 0.589711606503, 0.397841274738, 0.448220431805, 0.256320267916, 0.16138869524, 0.110865160823, 0.0710163265467, 0.0357781946659, 0.0162278357893, 0.00296487519518, 9.31963732e-05, 3.40124825016e-05],
        "min": [2.03568043082e-22, 1.82025556852e-21, 2.20071684697e-21, 6.01714240077e-21, 1.94159016085e-20, 2.92754696107e-20, 2.79758622397e-20, 1.10655013694e-19, 2.05912771145e-19, 4.52627906214e-19, 4.18461004217e-19, 4.16071253578e-19, 7.26619645099e-19, 1.02758248674e-18, 1.04178186913e-18, 9.79559585697e-19, 2.24076238264e-18, 3.35803254768e-18, 3.33424407404e-18, 4.63298815289e-18, 4.91015362869e-18, 4.81690762619e-18, 7.84193194172e-18, 7.50785602618e-18, 8.96250441855e-18, 1.24496315289e-17, 9.52943746679e-18, 1.36876016142e-17, 1.19335676068e-17, 1.44852543604e-17, 1.46531587899e-17, 1.30558126429e-17, 1.31985914612e-17, 9.09104828574e-18, 7.50196070996e-18, 4.87621606252e-18, 2.94572002866e-18, 1.06859751363e-18, 2.64367363212e-19, 3.16697503561e-20],
        "var": [0.105546981096, 14.6695070267, 99.5036773682, 16.3542842865, 184.983734131, 581.483337402, 352.714935303, 835.089904785, 848.778015137, 3244.28564453, 1637.64477539, 3277.57470703, 9633.3203125, 11939.8496094, 17580.5058594, 11962.4462891, 16728.5019531, 8787.30078125, 9960.80957031, 4279.76220703, 1264.08483887, 1734.52258301, 742.223937988, 506.761474609, 539.758117676, 125.031532288, 60.7536239624, 16.9104938507, 7.67747211456, 4.10523891449, 3.25726270676, 1.27310883999, 0.786174714565, 0.406214773655, 0.215797409415, 0.0980052649975, 0.0431807860732, 0.0139322783798, 0.00123902282212, 2.7313362807e-06]
    },
    "gfcc": {
        "mean": [-32.0330314636, 99.1745529175, -89.6442642212, 21.728263855, -41.8163795471, 16.2999916077, -30.9706840515, 6.84701776505, -21.5636119843, 7.28479719162, -12.3553705215, 4.28717708588, -10.7482910156],
        "cov": [[7392.640625, -1412.3807373, 72.3452148438, 112.22933197, 142.183700562, -78.3258666992, 6.37017726898, 55.5642471313, -181.913528442, 51.0323562622, -237.819885254, 132.496826172, -97.7466201782], [-1412.3807373, 1318.65844727, -543.774475098, -146.033493042, -12.0197315216, 20.5049724579, -30.6469936371, -80.3785171509, 52.9392471313, -34.2336273193, 147.109771729, -67.0771484375, 73.3520889282], [72.3452148438, -543.774475098, 1482.31188965, 339.933624268, 91.204460144, 76.9685745239, 40.4342155457, 22.706615448, -55.103225708, -10.210486412, -85.029335022, 74.587348938, -21.0892810822], [112.22933197, -146.033493042, 339.933624268, 435.873779297, 63.996307373, 54.7490577698, 19.7391929626, 80.0475997925, -43.5083618164, 7.88612174988, -69.0856704712, 5.22858858109, -11.3827381134], [142.183700562, -12.0197315216, 91.204460144, 63.996307373, 196.840667725, 66.2407608032, 64.5016174316, 24.6999168396, 37.9388313293, 12.0140171051, 20.2926902771, 0.589850664139, -2.39378595352], [-78.3258666992, 20.5049724579, 76.9685745239, 54.7490577698, 66.2407608032, 154.270355225, 60.256942749, 55.448474884, 1.89064514637, 10.2787380219, 0.446857303381, 28.6790027618, 5.0902223587], [6.37017726898, -30.6469936371, 40.4342155457, 19.7391929626, 64.5016174316, 60.256942749, 145.265090942, 65.2304534912, 30.0689640045, -24.1937446594, 1.13791787624, 1.81534528732, 26.7377891541], [55.5642471313, -80.3785171509, 22.706615448, 80.0475997925, 24.6999168396, 55.448474884, 65.2304534912, 133.593322754, 30.4065513611, 17.4112205505, -32.2539787292, 10.1231431961, -5.61476516724], [-181.913528442, 52.9392471313, -55.103225708, -43.5083618164, 37.9388313293, 1.89064514637, 30.0689640045, 30.4065513611, 118.688919067, 50.1767349243, 43.6233787537, -27.3247356415, -12.1515817642], [51.0323562622, -34.2336273193, -10.210486412, 7.88612174988, 12.0140171051, 10.2787380219, -24.1937446594, 17.4112205505, 50.1767349243, 106.722167969, 45.7777442932, 8.95359992981, -41.2015533447], [-237.819885254, 147.109771729, -85.029335022, -69.0856704712, 20.2926902771, 0.446857303381, 1.13791787624, -32.2539787292, 43.6233787537, 45.7777442932, 116.639045715, 25.6924724579, 2.54074311256], [132.496826172, -67.0771484375, 74.587348938, 5.22858858109, 0.589850664139, 28.6790027618, 1.81534528732, 10.1231431961, -27.3247356415, 8.95359992981, 25.6924724579, 94.5982437134, 31.2648124695], [-97.7466201782, 73.3520889282, -21.0892810822, -11.3827381134, -2.39378595352, 5.0902223587, 26.7377891541, -5.61476516724, -12.1515817642, -41.2015533447, 2.54074311256, 31.2648124695, 93.245223999]],
        "icov": [[0.000212709186599, 0.000150473642861, 0.000118053940241, 3.85116727557e-05, -0.000350293703377, 0.000294220779324, -0.000236208798015, 0.000203971198061, 0.000285722751869, -0.000404853693908, 0.000630871742032, -0.00050816941075, 0.00020251100068], [0.000150473642861, 0.00156746339053, 0.000378361233743, -0.000140253381687, -2.77555245702e-05, -0.00103627773933, 0.00120235828217, -0.000257066916674, 0.000176792484126, 0.00118666002527, -0.00249318266287, 0.00199597678147, -0.00136519176885], [0.000118053940241, 0.000378361233743, 0.00113944977056, -0.000833726197015, -0.000235305808019, -0.000204698691959, -0.000499590998515, 0.0013667877065, -0.000659338897094, 0.000232131715165, 0.0010052442085, -0.00154607801232, 0.000720387208275], [3.85116727557e-05, -0.000140253381687, -0.000833726197015, 0.00399911077693, -0.0014795033494, 0.000254890066572, 0.000780744943768, -0.00306523498148, 0.00315285031684, -0.00193796516396, 0.000623906147666, 0.0018092407845, -0.00107909482904], [-0.000350293703377, -2.77555245702e-05, -0.000235305808019, -0.0014795033494, 0.00818283203989, -0.00312096462585, -0.00205799168907, 0.00184657401405, -0.00328170321882, 0.00144083437044, -0.0021345030982, 0.000805604388006, 0.000499587331433], [0.000294220779324, -0.00103627773933, -0.000204698691959, 0.000254890066572, -0.00312096462585, 0.0113940844312, -0.00405631586909, -0.00203367508948, 0.00272986060008, -0.00347057892941, 0.00316658196971, -0.00443377578631, 0.00166957790498], [-0.000236208798015, 0.00120235828217, -0.000499590998515, 0.000780744943768, -0.00205799168907, -0.00405631586909, 0.0160657484084, -0.00845109857619, -0.00168222433422, 0.00782505609095, -0.00762776844203, 0.00575161539018, -0.00464051309973], [0.000203971198061, -0.000257066916674, 0.0013667877065, -0.00306523498148, 0.00184657401405, -0.00203367508948, -0.00845109857619, 0.019236875698, -0.0075244079344, -0.00382979493588, 0.011191226542, -0.00886877067387, 0.00408700341359], [0.000285722751869, 0.000176792484126, -0.000659338897094, 0.00315285031684, -0.00328170321882, 0.00272986060008, -0.00168222433422, -0.0075244079344, 0.0210501495749, -0.00922716874629, -0.00615479052067, 0.0101759769022, -0.00438596215099], [-0.000404853693908, 0.00118666002527, 0.000232131715165, -0.00193796516396, 0.00144083437044, -0.00347057892941, 0.00782505609095, -0.00382979493588, -0.00922716874629, 0.0241730604321, -0.0104945655912, -0.00162190629635, 0.00651852786541], [0.000630871742032, -0.00249318266287, 0.0010052442085, 0.000623906147666, -0.0021345030982, 0.00316658196971, -0.00762776844203, 0.011191226542, -0.00615479052067, -0.0104945655912, 0.0272950679064, -0.0151466587558, 0.00445523997769], [-0.00050816941075, 0.00199597678147, -0.00154607801232, 0.0018092407845, 0.000805604388006, -0.00443377578631, 0.00575161539018, -0.00886877067387, 0.0101759769022, -0.00162190629635, -0.0151466587558, 0.0272564925253, -0.0122690778226], [0.00020251100068, -0.00136519176885, 0.000720387208275, -0.00107909482904, 0.000499587331433, 0.00166957790498, -0.00464051309973, 0.00408700341359, -0.00438596215099, 0.00651852786541, 0.00445523997769, -0.0122690778226, 0.0198413785547]]
    },
    "melbands": {
        "dmean": [0.00154532759916, 0.00204632361419, 0.000355787895387, 0.000584944500588, 0.000278553576209, 0.000157648973982, 0.000113689682621, 0.000102079764474, 6.45445106784e-05, 5.86920141359e-05, 8.09362973087e-05, 6.30875365459e-05, 7.26368234609e-05, 5.24294046045e-05, 3.78949407605e-05, 4.46142257715e-05, 3.13657983497e-05, 2.26886804739e-05, 1.69241975527e-05, 1.24862881421e-05, 7.77196873969e-06, 6.65718698656e-06, 5.95568644712e-06, 3.35027789333e-06, 3.63511071555e-06, 2.87178727376e-06, 1.9263015929e-06, 1.48733408878e-06, 1.2180412341e-06, 8.48864431191e-07, 5.58157410069e-07, 5.48413311208e-07, 4.56850216324e-07, 3.69380927623e-07, 4.18670197178e-07, 2.93707415722e-07, 2.52263504308e-07, 2.66789186298e-07, 2.13739866695e-07, 2.05036428724e-07],
        "dmean2": [0.00238823145628, 0.00333745824173, 0.00059535400942, 0.000954066985287, 0.000455453089671, 0.000248105527135, 0.000174202781636, 0.000150550709805, 9.67335945461e-05, 8.70587682584e-05, 0.000106173261884, 8.71998781804e-05, 9.95854425128e-05, 7.2868031566e-05, 5.33693964826e-05, 6.37961857137e-05, 4.48693681392e-05, 3.19461105391e-05, 2.34603339777e-05, 1.79669968929e-05, 1.10569171738e-05, 9.48826163949e-06, 8.5628571469e-06, 4.92036178912e-06, 5.46207138541e-06, 4.25019061367e-06, 2.91604601443e-06, 2.24796099246e-06, 1.86355907772e-06, 1.30277578592e-06, 8.64276842094e-07, 8.71391421242e-07, 7.5051514159e-07, 5.90004049172e-07, 6.82370966842e-07, 4.81782876705e-07, 4.07974170002e-07, 4.35965688439e-07, 3.50776758751e-07, 3.35927609285e-07],
        "dvar": [6.14030932411e-06, 2.0394954845e-05, 6.91562945576e-07, 1.36063090395e-06, 3.4133393001e-07, 1.35720824801e-07, 9.49994074517e-08, 1.01476970826e-07, 3.79028755049e-08, 4.20964738623e-08, 6.78288998301e-08, 5.78715493305e-08, 7.03223719256e-08, 3.18589918891e-08, 1.84550739135e-08, 5.74213459004e-08, 1.29084218869e-08, 6.5770922042e-09, 4.1559093944e-09, 2.21268625644e-09, 6.90980606066e-10, 8.45189918053e-10, 5.08153519263e-10, 1.81117898457e-10, 1.9184305533e-10, 1.28507607333e-10, 4.00276582713e-11, 2.43403196903e-11, 1.25547593155e-11, 6.80362233565e-12, 1.86839476182e-12, 1.66674768605e-12, 1.14811914316e-12, 7.49799799072e-13, 8.51304920654e-13, 6.06131193414e-13, 3.26318914381e-13, 4.25044710799e-13, 2.72229097988e-13, 3.73732918528e-13],
        "dvar2": [1.53623623191e-05, 5.20307949046e-05, 1.78466200396e-06, 3.80958613277e-06, 9.47425235154e-07, 3.08341384425e-07, 2.147249063e-07, 2.04972806728e-07, 8.28038793088e-08, 8.58733173459e-08, 1.07187105414e-07, 1.23715594214e-07, 1.34426045406e-07, 5.8635500011e-08, 3.15094936809e-08, 9.72964713242e-08, 2.35572841234e-08, 1.16791643023e-08, 7.28747018286e-09, 4.20132151291e-09, 1.19165355361e-09, 1.54182355772e-09, 9.15819142744e-10, 3.56504881172e-10, 3.73750919103e-10, 2.54851723058e-10, 8.05888411559e-11, 4.85950932272e-11, 2.46041121504e-11, 1.40426047526e-11, 4.26005194662e-12, 3.79848453039e-12, 3.01910059453e-12, 1.81779634748e-12, 2.09857933982e-12, 1.583459492e-12, 8.11032718848e-13, 1.10432941004e-12, 7.13323822753e-13, 1.01496176914e-12],
        "max": [0.0321487672627, 0.101470075548, 0.0205920301378, 0.0255300961435, 0.0121115390211, 0.0137311024591, 0.00985748972744, 0.00893307011575, 0.00542724644765, 0.00778781343251, 0.00698434514925, 0.00828456878662, 0.00609437702224, 0.00481575122103, 0.0060647171922, 0.00947530847043, 0.00406801328063, 0.0036411145702, 0.00243885233067, 0.00214221118949, 0.000872279168107, 0.00143096130341, 0.000896444602404, 0.000371314177755, 0.000639386009425, 0.000565986614674, 0.000230180390645, 0.00020821034559, 0.000178882866749, 0.000111499968625, 4.93300613016e-05, 6.14134332864e-05, 2.19543835556e-05, 3.2154526707e-05, 2.65822782239e-05, 3.05078447127e-05, 1.73292773979e-05, 1.69819795701e-05, 1.34689616971e-05, 2.94506371574e-05],
        "mean": [0.00267021963373, 0.00289325788617, 0.000488943769597, 0.000862854823936, 0.000447220285423, 0.000253901700489, 0.000213500868995, 0.000223417155212, 0.000122358309454, 0.000108504842501, 0.000178258909727, 0.000129783686134, 0.00012284181139, 9.27849760046e-05, 7.40808973205e-05, 7.65873337514e-05, 5.69442090637e-05, 4.56199304608e-05, 3.20621002174e-05, 2.15358995774e-05, 1.30414782689e-05, 1.19145424833e-05, 1.04381761048e-05, 5.14753310199e-06, 6.20021319264e-06, 5.14462908541e-06, 3.25962537318e-06, 2.44612988354e-06, 2.01574835046e-06, 1.36090523029e-06, 9.44290150073e-07, 8.91687989224e-07, 6.25883501471e-07, 5.60249191039e-07, 6.50899323773e-07, 3.94646491486e-07, 3.77289438802e-07, 3.33805019181e-07, 2.72467275408e-07, 2.52942328416e-07],
        "median": [0.00124007824343, 0.00141599366907, 0.000205099669984, 0.000359628960723, 0.000194170119357, 8.7490559963e-05, 6.80480225128e-05, 4.04681013606e-05, 2.5502016797e-05, 2.06689492188e-05, 1.56138885359e-05, 1.27060829982e-05, 1.10011678771e-05, 9.17274064705e-06, 8.12506277725e-06, 6.77838716001e-06, 9.4266852102e-06, 5.79316292715e-06, 3.81020936402e-06, 3.21379047818e-06, 2.30046771321e-06, 1.53819064508e-06, 1.42984436025e-06, 1.04600121631e-06, 1.64964149008e-06, 1.13717294425e-06, 8.01203270839e-07, 6.02718500886e-07, 5.8287525917e-07, 3.62861754866e-07, 3.42145625609e-07, 3.6259680769e-07, 2.12524156495e-07, 2.10856526905e-07, 2.90747919962e-07, 1.42860614005e-07, 1.61018249401e-07, 1.12249445294e-07, 9.8146195171e-08, 8.66487397388e-08],
        "min": [2.76773643255e-24, 1.66662347623e-24, 1.31877802109e-24, 3.85385689016e-24, 8.39631795866e-25, 2.80548914611e-24, 2.76899683506e-24, 6.5677959672e-24, 2.99605328891e-24, 2.82856569417e-24, 3.05338671342e-24, 4.07240685964e-24, 2.62192397448e-24, 2.64577873382e-24, 3.64437093247e-24, 2.91473218199e-24, 5.87405196563e-24, 4.29674904033e-24, 5.00769691495e-24, 5.92828102527e-24, 5.56741384316e-24, 3.9854045737e-24, 4.50530059227e-24, 4.33753433242e-24, 4.66556833479e-24, 5.98254321706e-24, 5.87093596505e-24, 6.98650953063e-24, 6.10475039306e-24, 4.82993381528e-24, 8.81879517746e-24, 5.85306077137e-24, 5.94579058192e-24, 7.82344677486e-24, 7.88019585066e-24, 6.11408143427e-24, 7.45127403269e-24, 7.51918470143e-24, 6.70167394586e-24, 7.31865704819e-24],
        "var": [1.28994324768e-05, 2.49253098445e-05, 9.27046130528e-07, 1.93791811398e-06, 5.34896514637e-07, 3.33607630409e-07, 2.41601412654e-07, 3.76407797376e-07, 1.11773715616e-07, 1.27121680293e-07, 2.64532303618e-07, 2.22328480959e-07, 1.58432385433e-07, 8.01713468945e-08, 7.30211340283e-08, 1.38995076782e-07, 3.56361695708e-08, 3.13815604613e-08, 1.47463321554e-08, 6.28982244066e-09, 1.7992831669e-09, 2.60745824932e-09, 1.54861878876e-09, 3.3239125341e-10, 4.54820958673e-10, 3.87081477982e-10, 9.6040245201e-11, 6.18377085648e-11, 3.59565363595e-11, 1.74370396594e-11, 4.75349143728e-12, 3.38331728085e-12, 1.50711268552e-12, 1.20402158296e-12, 1.28356006379e-12, 6.89367128919e-13, 4.53142162465e-13, 4.46672755207e-13, 2.88672053926e-13, 3.2214121236e-13]
    },
    "mfcc": {
        "mean": [-690.427307129, 139.049697876, 14.097193718, 22.0158138275, 11.34278965, 11.54433918, 4.69781398773, 3.11763739586, -1.11077404022, 4.56286716461, 1.42084169388, 0.208384186029, 1.40841495991],
        "cov": [[5630.13525391, -689.788879395, -460.351928711, 155.536849976, -74.361907959, -12.8370428085, 18.3365707397, 0.993252038956, 32.2446479797, 11.5568504333, -59.6491508484, -101.512168884, -128.186004639], [-689.788879395, 872.511291504, -238.990615845, -183.222808838, 5.10539627075, 8.75879573822, -27.4226799011, -50.7572097778, -76.8010177612, -40.4790725708, 16.9015979767, 47.2082138062, 18.8500499725], [-460.351928711, -238.990615845, 925.083312988, 223.494491577, 149.473373413, 102.527893066, 87.6729507446, 74.2434539795, 43.7437591553, 16.5780181885, -26.8140735626, -59.6700439453, -31.28058815], [155.536849976, -183.222808838, 223.494491577, 295.938110352, 88.3607788086, 39.2448616028, 54.7454338074, 46.120388031, 45.0151901245, 39.8404350281, 4.77124643326, -24.0479679108, -17.2514419556], [-74.361907959, 5.10539627075, 149.473373413, 88.3607788086, 148.561462402, 70.7624664307, 34.4439659119, 22.5747299194, 8.76239490509, 22.8123931885, 21.6792469025, 11.9279842377, 12.6108169556], [-12.8370428085, 8.75879573822, 102.527893066, 39.2448616028, 70.7624664307, 104.565849304, 56.1261329651, 26.4982814789, 9.78336906433, 10.6897783279, 6.49607372284, 7.54486656189, 10.4391298294], [18.3365707397, -27.4226799011, 87.6729507446, 54.7454338074, 34.4439659119, 56.1261329651, 109.909927368, 76.7540817261, 36.9025421143, 14.1490154266, -14.430100441, -10.9416265488, 9.96943283081], [0.993252038956, -50.7572097778, 74.2434539795, 46.120388031, 22.5747299194, 26.4982814789, 76.7540817261, 125.321586609, 74.5972747803, 26.3401165009, -18.8567638397, -20.8735599518, 4.24352121353], [32.2446479797, -76.8010177612, 43.7437591553, 45.0151901245, 8.76239490509, 9.78336906433, 36.9025421143, 74.5972747803, 107.13293457, 57.500164032, 0.00954006705433, -24.3765678406, -14.9006090164], [11.5568504333, -40.4790725708, 16.5780181885, 39.8404350281, 22.8123931885, 10.6897783279, 14.1490154266, 26.3401165009, 57.500164032, 99.3065719604, 50.2290802002, -0.740739524364, -19.3687858582], [-59.6491508484, 16.9015979767, -26.8140735626, 4.77124643326, 21.6792469025, 6.49607372284, -14.430100441, -18.8567638397, 0.00954006705433, 50.2290802002, 106.205833435, 66.0916366577, 10.2179203033], [-101.512168884, 47.2082138062, -59.6700439453, -24.0479679108, 11.9279842377, 7.54486656189, -10.9416265488, -20.8735599518, -24.3765678406, -0.740739524364, 66.0916366577, 125.709625244, 79.1528244019], [-128.186004639, 18.8500499725, -31.28058815, -17.2514419556, 12.6108169556, 10.4391298294, 9.96943283081, 4.24352121353, -14.9006090164, -19.3687858582, 10.2179203033, 79.1528244019, 133.506530762]],
