{
"lowlevel": {
    "average_loudness": 0.422764182091,
    "barkbands_crest": {
        "dmean": 2.36640501022,
        "dmean2": 3.67890524864,
        "dvar": 5.15301942825,
        "dvar2": 12.1658382416,
        "max": 26.3240184784,
        "mean": 11.8428993225,
        "median": 11.0407142639,
        "min": 2.84023618698,
        "var": 20.7137889862
    },
    "barkbands_flatness_db": {
        "dmean": 0.0253675207496,
        "dmean2": 0.0348615422845,
        "dvar": 0.000709386833478,
        "dvar2": 0.00133049313445,
        "max": 0.60267573595,
        "mean": 0.209048196673,
        "median": 0.207341343164,
        "min": 0.0320066437125,
        "var": 0.00411933939904
    },
    "barkbands_kurtosis": {
        "dmean": 5.96328687668,
        "dmean2": 9.3290348053,
        "dvar": 1056.19824219,
        "dvar2": 2821.85498047,
        "max": 2221.99438477,
        "mean": 10.7026586533,
        "median": 3.51147508621,
        "min": -1.95552289486,
        "var": 1711.04211426
    },
    "barkbands_skewness": {
        "dmean": 0.635968625546,
        "dmean2": 0.94351041317,
        "dvar": 0.774747610092,
        "dvar2": 1.83521437645,
        "max": 43.3067588806,
        "mean": 1.73941087723,
        "median": 1.3811609745,
        "min": -3.05452060699,
        "var": 3.94092488289
    },
    "barkbands_spread": {
        "dmean": 4.49247932434,
        "dmean2": 6.55350923538,
        "dvar": 72.3360366821,
        "dvar2": 140.677307129,
        "max": 123.206336975,
        "mean": 13.5375652313,
        "median": 9.31827354431,
        "min": 0.0973405316472,
        "var": 202.040725708
    },
    "dissonance": {
        "dmean": 0.0312875509262,
        "dmean2": 0.0508623197675,
        "dvar": 0.000891275238246,
        "dvar2": 0.00224852003157,
        "max": 0.499999135733,
        "mean": 0.422027856112,
        "median": 0.430908471346,
        "min": 0.181223392487,
        "var": 0.00256026699208
    },
    "dynamic_complexity": 5.70282554626,
    "erbbands_crest": {
        "dmean": 2.62558603287,
        "dmean2": 4.02017068863,
        "dvar": 7.1320104599,
        "dvar2": 16.4289951324,
        "max": 30.8445453644,
        "mean": 11.6578540802,
        "median": 10.654914856,
        "min": 2.5015938282,
        "var": 27.3101997375
    },
    "erbbands_flatness_db": {
        "dmean": 0.0212287195027,
        "dmean2": 0.0283645745367,
        "dvar": 0.000569163530599,
        "dvar2": 0.000930108362809,
        "max": 0.37388676405,
        "mean": 0.206320032477,
        "median": 0.212369114161,
        "min": 0.0322414152324,
        "var": 0.0038373391144
    },
    "erbbands_kurtosis": {
        "dmean": 1.68425357342,
        "dmean2": 2.50316739082,
        "dvar": 8.71239280701,
        "dvar2": 16.9212818146,
        "max": 100.084877014,
        "mean": 2.55357861519,
        "median": 1.23996305466,
        "min": -1.88459551334,
        "var": 27.3638286591
    },
    "erbbands_skewness": {
        "dmean": 0.430163443089,
        "dmean2": 0.619831979275,
        "dvar": 0.249231413007,
        "dvar2": 0.497479856014,
        "max": 7.10245084763,
        "mean": 0.850148975849,
        "median": 0.834672927856,
        "min": -4.38138818741,
        "var": 1.08344376087
    },
    "erbbands_spread": {
        "dmean": 8.12415885925,
        "dmean2": 11.8034210205,
        "dvar": 160.270767212,
        "dvar2": 337.234924316,
        "max": 172.131286621,
        "mean": 29.5968132019,
        "median": 22.468624115,
        "min": 1.41858267784,
        "var": 509.726654053
    },
    "hfc": {
        "dmean": 3.06474590302,
        "dmean2": 3.60741496086,
        "dvar": 37.8657875061,
        "dvar2": 45.625869751,
        "max": 289.460906982,
        "mean": 11.7977142334,
        "median": 4.39299631119,
        "min": 1.09120018664e-16,
        "var": 442.791381836
    },
    "melbands_crest": {
        "dmean": 2.93160676956,
        "dmean2": 4.57793951035,
        "dvar": 8.6803855896,
        "dvar2": 19.8523139954,
        "max": 39.9347305298,
        "mean": 15.5766296387,
        "median": 14.4042043686,
        "min": 1.60236108303,
        "var": 40.8065567017
    },
    "melbands_flatness_db": {
        "dmean": 0.0286769755185,
        "dmean2": 0.0384730920196,
        "dvar": 0.000979185337201,
        "dvar2": 0.00176086695865,
        "max": 0.6375259161,
        "mean": 0.282167971134,
        "median": 0.280040621758,
        "min": 0.00355367781594,
        "var": 0.00724458647892
    },
    "melbands_kurtosis": {
        "dmean": 15.6419630051,
        "dmean2": 25.3327770233,
        "dvar": 81767.6875,
        "dvar2": 145547.15625,
        "max": 21655.4980469,
        "mean": 27.5551128387,
        "median": 6.78267192841,
        "min": -1.8824570179,
        "var": 127414.257812
    },
    "melbands_skewness": {
        "dmean": 0.807750165462,
        "dmean2": 1.19515502453,
        "dvar": 3.08552861214,
        "dvar2": 5.69567680359,
        "max": 135.592147827,
        "mean": 2.54932188988,
        "median": 1.93009662628,
        "min": -1.49056434631,
        "var": 11.8733854294
    },
    "melbands_spread": {
        "dmean": 5.09492683411,
        "dmean2": 7.46039485931,
        "dvar": 153.801376343,
        "dvar2": 334.548950195,
        "max": 274.379730225,
        "mean": 16.4657287598,
        "median": 10.3747367859,
        "min": 0.0341029502451,
        "var": 487.117248535
    },
    "pitch_salience": {
        "dmean": 0.0682598426938,
        "dmean2": 0.106022119522,
        "dvar": 0.00436841277406,
        "dvar2": 0.0101273357868,
        "max": 0.872180521488,
        "mean": 0.536816418171,
        "median": 0.547985613346,
        "min": 0.00760270329192,
        "var": 0.0209878589958
    },
    "silence_rate_20dB": {
        "dmean": 0,
        "dmean2": 0,
        "dvar": 0,
        "dvar2": 0,
        "max": 1,
        "mean": 1,
        "median": 1,
        "min": 1,
        "var": 0
    },
    "silence_rate_30dB": {
        "dmean": 0.00354475248605,
        "dmean2": 0.00709040276706,
        "dvar": 0.00353260687552,
        "dvar2": 0.00754609052092,
        "max": 1,
        "mean": 0.991772174835,
        "median": 1,
        "min": 0,
        "var": 0.00816082861274
    },
    "silence_rate_60dB": {
        "dmean": 0.0632991492748,
        "dmean2": 0.126614332199,
        "dvar": 0.0592896714807,
        "dvar2": 0.121987298131,
        "max": 1,
        "mean": 0.205063298345,
        "median": 0,
        "min": 0,
        "var": 0.163010165095
    },
    "spectral_centroid": {
        "dmean": 211.569915771,
        "dmean2": 297.316345215,
        "dvar": 132914.078125,
        "dvar2": 262904.78125,
        "max": 12093.7929688,
        "mean": 1074.21203613,
        "median": 757.360961914,
        "min": 119.327133179,
        "var": 1551034.875
    },
    "spectral_complexity": {
        "dmean": 1.66628682613,
        "dmean2": 2.40364646912,
        "dvar": 4.33609437943,
        "dvar2": 7.64651489258,
        "max": 49,
        "mean": 8.7189874649,
        "median": 8,
        "min": 0,
        "var": 31.5022602081
    },
    "spectral_decrease": {
        "dmean": 1.20909326995e-09,
        "dmean2": 1.59421420509e-09,
        "dvar": 4.52107640628e-18,
        "dvar2": 8.21864405474e-18,
        "max": 2.57764874865e-28,
        "mean": -4.26029611589e-09,
        "median": -2.57283572225e-09,
        "min": -6.20292794906e-08,
        "var": 2.74268920905e-17
    },
    "spectral_energy": {
        "dmean": 0.00478807743639,
        "dmean2": 0.00627160444856,
        "dvar": 7.04827325535e-05,
        "dvar2": 0.000125456921523,
        "max": 0.247480109334,
        "mean": 0.0171493962407,
        "median": 0.0102220363915,
        "min": 1.01124130432e-20,
        "var": 0.000457724556327
    },
    "spectral_energyband_high": {
        "dmean": 8.6931977421e-05,
        "dmean2": 0.000124061931274,
        "dvar": 5.67530094031e-08,
        "dvar2": 1.09627109168e-07,
        "max": 0.00627123378217,
        "mean": 0.00013445323566,
        "median": 1.77823276317e-05,
        "min": 7.13994678216e-21,
        "var": 1.40652986147e-07
    },
    "spectral_energyband_low": {
        "dmean": 0.00229705846868,
        "dmean2": 0.00329623837024,
        "dvar": 2.18817986024e-05,
        "dvar2": 4.46274425485e-05,
        "max": 0.0750591605902,
        "mean": 0.00478727836162,
        "median": 0.00153636129107,
        "min": 1.01923597856e-23,
        "var": 6.66198611725e-05
    },
    "spectral_energyband_middle_high": {
        "dmean": 0.00123110366985,
        "dmean2": 0.00125831633341,
        "dvar": 1.27124249047e-05,
        "dvar2": 1.08886260932e-05,
        "max": 0.154182866216,
        "mean": 0.00461983727291,
        "median": 0.000506567186676,
        "min": 1.19231017106e-21,
        "var": 0.000146084159496
    },
    "spectral_energyband_middle_low": {
        "dmean": 0.00261432491243,
        "dmean2": 0.00367177999578,
        "dvar": 3.41764935001e-05,
        "dvar2": 6.90510860295e-05,
        "max": 0.23169451952,
        "mean": 0.00790345761925,
        "median": 0.00474353460595,
        "min": 1.36943754035e-22,
        "var": 0.000134855974466
    },
    "spectral_entropy": {
        "dmean": 0.232637003064,
        "dmean2": 0.308917880058,
        "dvar": 0.0705193206668,
        "dvar2": 0.115613512695,
        "max": 9.81990718842,
        "mean": 6.88543796539,
        "median": 6.75039958954,
        "min": 4.83685445786,
        "var": 0.511811852455
    },
    "spectral_flux": {
        "dmean": 0.0195594262332,
        "dmean2": 0.0299074277282,
        "dvar": 0.000567265378777,
        "dvar2": 0.0012606853852,
        "max": 0.410318791866,
        "mean": 0.0521744824946,
        "median": 0.0409920364618,
        "min": 6.42735864531e-11,
        "var": 0.00183924147859
    },
    "spectral_kurtosis": {
        "dmean": 3.67098069191,
        "dmean2": 5.94718265533,
        "dvar": 20.1930828094,
        "dvar2": 50.7946472168,
        "max": 81.432220459,
        "mean": 9.13664531708,
        "median": 7.28314113617,
        "min": -1.50886750221,
        "var": 64.9179916382
    },
    "spectral_rms": {
        "dmean": 0.000557695922907,
        "dmean2": 0.000712742214091,
        "dvar": 4.97695396007e-07,
        "dvar2": 7.99752683633e-07,
        "max": 0.0155384689569,
        "mean": 0.00348083022982,
        "median": 0.00315796094947,
        "min": 3.14098226595e-12,
        "var": 4.61489025838e-06
    },
    "spectral_rolloff": {
        "dmean": 337.209106445,
        "dmean2": 565.348999023,
        "dvar": 1093689.125,
        "dvar2": 2364943.25,
        "max": 19853.6132812,
        "mean": 1206.05554199,
        "median": 559.86328125,
        "min": 21.533203125,
        "var": 5547881.5
    },
    "spectral_skewness": {
        "dmean": 0.399126052856,
        "dmean2": 0.60252481699,
        "dvar": 0.166620835662,
        "dvar2": 0.360685229301,
        "max": 7.40594148636,
        "mean": 2.11685705185,
        "median": 1.98759150505,
        "min": -0.378298133612,
        "var": 0.928929269314
    },
    "spectral_spread": {
        "dmean": 634015.6875,
        "dmean2": 888632.5625,
        "dvar": 1.17137840538e+12,
        "dvar2": 1.90800776397e+12,
        "max": 42511156,
        "mean": 4269885,
        "median": 3227148.5,
        "min": 1000516.625,
        "var": 1.91055391621e+13
    },
    "spectral_strongpeak": {
        "dmean": 0.409361720085,
        "dmean2": 0.632484436035,
        "dvar": 0.587686657906,
        "dvar2": 1.26668441296,
        "max": 18.2293834686,
        "mean": 1.09776699543,
        "median": 0.444782316685,
        "min": 0,
        "var": 2.87527418137
    },
    "zerocrossingrate": {
        "dmean": 0.00878362264484,
        "dmean2": 0.00986806675792,
        "dvar": 0.000257974403212,
        "dvar2": 0.000260018161498,
        "max": 0.5361328125,
        "mean": 0.0429944619536,
        "median": 0.0302734375,
        "min": 0.0009765625,
        "var": 0.00375130563043
    },
    "barkbands": {
        "dmean": [0.000145970159792, 0.00141769496258, 0.0008888214943, 0.000357317359885, 0.000751292216592, 0.000598374637775, 0.000626829685643, 0.000588378985412, 0.00073268963024, 0.000211839636904, 0.000387454172596, 0.000339927239111, 0.000416185590439, 0.000150151405251, 0.000109198175778, 7.45554280002e-05, 4.89058438689e-05, 7.2540344263e-05, 9.1406313004e-05, 6.47871056572e-05, 1.61293810379e-05, 1.10346245492e-05, 1.12992074719e-05, 1.6673533537e-05, 1.59194423759e-05, 3.22318533108e-06, 9.42108826507e-08],
        "dmean2": [0.000218962217332, 0.00213964702561, 0.00123229261953, 0.000598299782723, 0.00119326123968, 0.000912181625608, 0.000917603611015, 0.000815243460238, 0.00101216055918, 0.000276805309113, 0.000433527631685, 0.00041291458183, 0.000501599803101, 0.000204111929634, 0.000145338170114, 0.000102035366581, 6.69315777486e-05, 9.83770441962e-05, 0.000120062017231, 8.779217751e-05, 2.3783512006e-05, 1.64684133779e-05, 1.65377914527e-05, 2.48976375588e-05, 2.28318622248e-05, 4.62299885839e-06, 1.37264805744e-07],
        "dvar": [2.31435350884e-07, 8.4632602011e-06, 5.04101626575e-06, 2.47372554441e-06, 3.58221927854e-06, 1.9619728846e-06, 3.55399515684e-06, 3.73438115275e-06, 7.49194305172e-06, 7.48599347844e-07, 3.18026377499e-06, 3.1389263313e-06, 3.95531969843e-06, 5.88265606893e-07, 1.9757774794e-07, 9.45383646922e-08, 2.39204229757e-08, 4.36629541412e-08, 8.00381840804e-08, 2.86623489387e-08, 3.31227867356e-09, 1.72567793388e-09, 1.39843225888e-09, 4.02136546285e-09, 5.51345724631e-09, 3.13389092454e-10, 2.94145485963e-13],
        "dvar2": [4.0009254576e-07, 1.95382253878e-05, 9.05129400053e-06, 6.5493859438e-06, 9.14845713851e-06, 4.32864817412e-06, 7.48145021134e-06, 6.44985584586e-06, 1.3259127627e-05, 1.2100119875e-06, 3.67381790056e-06, 4.56038742414e-06, 5.20383582625e-06, 1.04774426291e-06, 3.52811355242e-07, 1.64460715268e-07, 4.69702818862e-08, 7.68226158243e-08, 1.29588627829e-07, 5.00276300386e-08, 6.93806834207e-09, 3.61913810032e-09, 2.80253131812e-09, 8.55699067159e-09, 9.57082235686e-09, 5.94152504974e-10, 4.28583356955e-13],
        "max": [0.0260123033077, 0.0448232293129, 0.0433565825224, 0.0636660903692, 0.0615073218942, 0.040134511888, 0.0685346648097, 0.109896607697, 0.09513335675, 0.042038012296, 0.0959165245295, 0.0909628346562, 0.11200927943, 0.0306113380939, 0.0164177902043, 0.0117463069037, 0.00452911201864, 0.00680773658678, 0.0138077475131, 0.00470606610179, 0.00191898876801, 0.00110823533032, 0.00102967687417, 0.00207332661375, 0.00283462647349, 0.00132538133767, 4.54243890999e-05],
        "mean": [0.000191463041119, 0.00276469928212, 0.00159719015937, 0.000480166374473, 0.00141643779352, 0.00136862997897, 0.00138371263165, 0.00119372142944, 0.00195216049906, 0.000540891371202, 0.00101942103356, 0.000745921046473, 0.00105358974542, 0.0003018596326, 0.000207679666346, 0.000183873562491, 0.000105646802695, 0.000163407021319, 0.000237211934291, 0.000146652600961, 1.84904674825e-05, 1.30634889501e-05, 1.50303867485e-05, 2.26226457016e-05, 2.17020624405e-05, 4.07221568821e-06, 1.08846677449e-07],
        "median": [7.45576471672e-05, 0.000732571352273, 0.000255668652244, 0.000116080322186, 0.000631209346466, 0.000462942582089, 0.000235234037973, 0.000132904795464, 8.81275555003e-05, 4.44500437879e-05, 2.81768061541e-05, 3.08410672005e-05, 3.23937638314e-05, 1.37978531711e-05, 1.14943186418e-05, 7.3869668995e-06, 8.86726411409e-06, 1.01063833426e-05, 1.58210787049e-05, 1.03719912659e-05, 1.88006015378e-06, 1.25408746499e-06, 1.64656569268e-06, 2.17228443944e-06, 1.0744396377e-06, 2.3253262782e-07, 4.2593244487e-09],
        "min": [4.92429459575e-25, 1.41139748972e-24, 4.93605453969e-25, 1.42883555585e-24, 1.05377033684e-23, 9.22847036707e-24, 5.27523159678e-24, 4.07100268723e-24, 1.43954982522e-23, 1.55227094883e-23, 1.73191114303e-23, 2.31767870379e-23, 3.3963835139e-23, 3.07325725188e-23, 4.75582404088e-23, 3.67447749337e-23, 6.9430305152e-23, 9.29731268054e-23, 1.44754739174e-22, 1.51182655509e-22, 2.5366815741e-22, 2.63880914772e-22, 3.89166263883e-22, 5.32531194225e-22, 8.94159119079e-22, 1.25416767027e-21, 1.96914121253e-21],
        "var": [3.75619237047e-07, 2.34620365518e-05, 1.62559063028e-05, 2.32908951148e-06, 5.72974113311e-06, 6.39705331196e-06, 1.15046468636e-05, 1.41381424328e-05, 4.56988927908e-05, 4.297556643e-06, 1.89410020539e-05, 1.09082639028e-05, 2.67422674369e-05, 2.36572532231e-06, 5.94328753323e-07, 5.88284478908e-07, 9.19528844179e-08, 1.98090802428e-07, 5.4166702057e-07, 1.42002477332e-07, 4.97805618949e-09, 2.51594212131e-09, 2.67090838335e-09, 8.18248402368e-09, 1.49608716526e-08, 9.20038212282e-10, 1.00556889204e-12]
    },
    "erbbands": {
        "dmean": [0.0260636508465, 0.379438698292, 1.1351993084, 1.01342892647, 1.48647356033, 3.12700247765, 4.11967563629, 5.29590368271, 7.21705055237, 10.4336910248, 13.4647035599, 19.2225513458, 8.17256259918, 9.12257099152, 16.6758308411, 12.3531455994, 18.3668117523, 8.73863506317, 6.06367731094, 4.67995452881, 3.25142931938, 2.69630670547, 3.44119095802, 4.46098184586, 4.26295900345, 2.79693460464, 0.831989407539, 0.571727633476, 0.417500674725, 0.322706699371, 0.327154904604, 0.310780316591, 0.306935250759, 0.222674772143, 0.0901339873672, 0.0242169070989, 0.00402954686433, 0.000430190790212, 1.45871945278e-05, 5.86916439715e-06],
        "dmean2": [0.0405869334936, 0.569548428059, 1.56879818439, 1.6058229208, 2.48076105118, 4.96081924438, 6.1453576088, 8.09231090546, 10.6312103271, 14.6884088516, 18.3050117493, 25.9606018066, 10.2838277817, 10.5240278244, 17.3128185272, 14.3975114822, 21.0703716278, 11.0392847061, 7.72069597244, 5.76438188553, 4.18676900864, 3.48149085045, 4.38446140289, 5.79329586029, 5.37447929382, 3.64883995056, 1.19190442562, 0.836751759052, 0.621293067932, 0.473244428635, 0.482576340437, 0.461688876152, 0.456838458776, 0.318094462156, 0.132162705064, 0.0351663567126, 0.00576342688873, 0.000624755746685, 2.04895841307e-05, 7.67131405155e-06],
        "dvar": [0.00308633223176, 0.633687853813, 7.27008342743, 13.8207015991, 34.2503433228, 57.8740539551, 91.7458114624, 177.818939209, 412.725250244, 1221.1763916, 1620.76904297, 5641.23779297, 753.992370605, 1099.57873535, 6475.29931641, 4116.79589844, 8905.15820312, 1704.40588379, 612.164916992, 313.141815186, 166.008117676, 74.0307312012, 96.8883209229, 240.798492432, 120.034736633, 58.0946006775, 5.97066545486, 5.26907539368, 2.8462433815, 1.04587316513, 1.32245469093, 1.46645283699, 1.35889959335, 1.03869152069, 0.213175907731, 0.0205204728991, 0.000368195876945, 3.72516910829e-06, 5.73067859833e-09, 1.0228051045e-10],
        "dvar2": [0.00647932803258, 1.46256566048, 13.0615797043, 34.5304107666, 98.6051635742, 142.637008667, 191.079742432, 404.197998047, 905.914611816, 2209.2722168, 3005.79589844, 9841.3828125, 1141.24060059, 1427.01184082, 6270.35205078, 7198.40722656, 10960.5527344, 2696.64892578, 1046.92492676, 497.27432251, 272.917633057, 130.901382446, 157.364883423, 390.804473877, 166.18572998, 99.4258499146, 11.7805681229, 11.6048688889, 6.02283573151, 2.14977169037, 2.76556587219, 3.06439471245, 2.87736964226, 1.90379917622, 0.404326856136, 0.0409748926759, 0.000683101301547, 5.87900603932e-06, 9.66844648786e-09, 1.82975232188e-10],
        "max": [2.20263814926, 12.4027805328, 52.7383003235, 140.627593994, 218.877624512, 219.546768188, 283.769958496, 422.061065674, 632.574707031, 2014.45202637, 1089.55651855, 2739.09204102, 1079.71154785, 1313.79870605, 4899.18603516, 3503.09594727, 5171.75195312, 1750.91271973, 1057.60583496, 682.089355469, 619.988769531, 354.247558594, 295.356048584, 741.867004395, 802.470153809, 283.300231934, 95.1690750122, 88.5775527954, 52.4184837341, 24.675994873, 35.9767456055, 28.8547458649, 41.127620697, 35.8199729919, 18.50066185, 9.18462944031, 1.15070283413, 0.14360524714, 0.005635808222, 0.000304299552226],
        "mean": [0.0473750680685, 0.736162781715, 2.10911989212, 1.56278753281, 2.23611783981, 5.51552152634, 8.61738872528, 12.2936906815, 16.1339759827, 23.8905258179, 27.6961994171, 50.7396812439, 21.4346733093, 23.6488246918, 46.8369674683, 29.6673469543, 48.4172401428, 22.04637146, 13.7939090729, 10.9269924164, 7.7037358284, 6.18678760529, 8.40826511383, 11.6619663239, 11.7142896652, 6.61125850677, 1.28015685081, 0.659028708935, 0.486233830452, 0.414036720991, 0.433109551668, 0.405330657959, 0.425338029861, 0.306655913591, 0.114125572145, 0.0306259784847, 0.00512668583542, 0.000561322784051, 2.599621439e-05, 2.08811816265e-05],
        "median": [0.0147933941334, 0.173459410667, 0.405680239201, 0.531910300255, 0.996637523174, 2.03940939903, 3.22598791122, 3.51175832748, 3.95456266403, 5.24496984482, 5.03211116791, 3.21348977089, 2.63261818886, 2.22730016708, 1.82485866547, 1.55289506912, 1.78392219543, 1.14524006844, 0.874091207981, 0.548473834991, 0.455467551947, 0.554197788239, 0.588500142097, 0.75484919548, 0.803915262222, 0.510100245476, 0.171464145184, 0.0685943812132, 0.0450939834118, 0.0437312945724, 0.0466442257166, 0.0342295393348, 0.0397310480475, 0.0177888069302, 0.00450790114701, 0.00144448201172, 0.000366618682165, 4.00705102948e-05, 7.9189603639e-06, 1.26802879095e-05],
        "min": [7.10564440894e-23, 3.39719023462e-22, 1.35533391906e-21, 5.634894081e-21, 1.19803888148e-20, 2.78672204672e-20, 4.30704511592e-20, 9.60071960098e-20, 8.31197608403e-20, 1.60794411428e-19, 3.00869680421e-19, 4.32260858376e-19, 5.70789829536e-19, 6.55005914881e-19, 9.61269174787e-19, 1.53213598382e-18, 1.7129797928e-18, 1.65549353197e-18, 2.65900123717e-18, 3.28512546888e-18, 4.22819077653e-18, 4.058710568e-18, 4.8330819023e-18, 6.36785431752e-18, 7.43685663266e-18, 7.4548643546e-18, 8.8893775165e-18, 1.0621946187e-17, 9.86946825555e-18, 1.11922839106e-17, 1.05971886712e-17, 1.11028723038e-17, 9.8558768509e-18, 9.06348497337e-18, 5.50460284e-18, 4.27088694461e-18, 2.19639034664e-18, 9.39316628511e-19, 2.43633770965e-19, 2.71215591503e-20],
        "var": [0.00753762898967, 1.76604557037, 25.536775589, 15.1773099899, 29.8256473541, 99.1038208008, 224.390731812, 604.71862793, 1287.25769043, 4903.14306641, 4802.37255859, 34103.6484375, 4227.32226562, 5813.95019531, 44398.625, 12967.0976562, 53695.7617188, 9806.90332031, 2633.47680664, 1527.43920898, 786.49987793, 322.52532959, 476.037445068, 1033.83166504, 1235.65588379, 294.36328125, 12.6533403397, 7.4342417717, 3.94587397575, 1.79813301563, 2.40151929855, 2.80741643906, 2.93090987206, 2.53853201866, 0.539045095444, 0.0567214563489, 0.00100296910387, 1.3119038158e-05, 1.90891711327e-08, 6.7701222406e-10]
    },
    "gfcc": {
        "mean": [-118.350875854, 128.224578857, -104.856124878, 24.0803146362, -57.9924316406, 7.31609344482, -32.6213378906, 13.7102489471, -22.9875793457, 1.05260574818, 1.02176773548, -7.9023900032, -7.66530513763],
        "cov": [[23405.4882812, 1697.02478027, -3389.54980469, -357.294036865, -992.795654297, -144.611755371, -586.285705566, 390.940246582, -781.127502441, -233.218383789, 334.677825928, -483.274871826, -170.979385376], [1697.02478027, 1790.17602539, -233.949645996, -345.121612549, 154.772125244, -260.890808105, 69.2152328491, -94.0958023071, 95.129524231, -148.221740723, 168.610366821, -112.567672729, 18.4935302734], [-3389.54980469, -233.949645996, 1733.85083008, 422.792785645, -6.48458051682, 235.214706421, 32.7537727356, -123.85370636, 179.292190552, 171.904907227, -270.496520996, 165.018188477, -66.3009185791], [-357.294036865, -345.121612549, 422.792785645, 683.052856445, 78.5239334106, -12.3934173584, -84.6538314819, 27.2721233368, 83.4692230225, 44.8320808411, -136.128097534, 66.5272216797, 7.99107694626], [-992.795654297, 154.772125244, -6.48458051682, 78.5239334106, 385.372772217, -19.7886428833, 50.8545150757, 5.91094779968, 77.953338623, -54.6833648682, 25.3869533539, -15.9984483719, 49.0773696899], [-144.611755371, -260.890808105, 235.214706421, -12.3934173584, -19.7886428833, 370.510345459, 104.433197021, -18.6625766754, -71.4610061646, 68.1498641968, -36.091217041, 4.13119411469, -27.1395149231], [-586.285705566, 69.2152328491, 32.7537727356, -84.6538314819, 50.8545150757, 104.433197021, 254.066543579, 12.3997468948, -48.6001586914, -3.5023856163, 73.5590667725, -19.1115646362, -6.08020353317], [390.940246582, -94.0958023071, -123.85370636, 27.2721233368, 5.91094779968, -18.6625766754, 12.3997468948, 148.357574463, 16.4165115356, -14.6224689484, 15.6473922729, -13.1676673889, -5.20731639862], [-781.127502441, 95.129524231, 179.292190552, 83.4692230225, 77.953338623, -71.4610061646, -48.6001586914, 16.4165115356, 263.971618652, 55.2011871338, -79.9443740845, 33.3937683105, 27.6149959564], [-233.218383789, -148.221740723, 171.904907227, 44.8320808411, -54.6833648682, 68.1498641968, -3.5023856163, -14.6224689484, 55.2011871338, 145.909957886, -45.9082145691, 28.3151054382, -14.4258680344], [334.677825928, 168.610366821, -270.496520996, -136.128097534, 25.3869533539, -36.091217041, 73.5590667725, 15.6473922729, -79.9443740845, -45.9082145691, 211.088439941, -33.513759613, 8.95920085907], [-483.274871826, -112.567672729, 165.018188477, 66.5272216797, -15.9984483719, 4.13119411469, -19.1115646362, -13.1676673889, 33.3937683105, 28.3151054382, -33.513759613, 122.290130615, 24.2660160065], [-170.979385376, 18.4935302734, -66.3009185791, 7.99107694626, 49.0773696899, -27.1395149231, -6.08020353317, -5.20731639862, 27.6149959564, -14.4258680344, 8.95920085907, 24.2660160065, 88.9726028442]],
        "icov": [[0.000165802324773, -0.000370613706764, 0.000375087896828, -0.000318209407851, 0.000419897143729, -0.000431569525972, 0.000484191783471, -0.000491805898491, 0.00042786882841, -0.000235693660215, 0.00016039890761, 2.50423745456e-05, 0.000150796957314], [-0.000370613706764, 0.00177808327135, -0.000953699462116, 0.00108192162588, -0.00104611960705, 0.00150456768461, -0.00136186357122, 0.00191052455921, -0.00168410676997, 0.00128492747899, -0.000891381117981, 0.000630659807939, -0.000186120421859], [0.000375087896828, -0.000953699462116, 0.00208103447221, -0.00131875800434, 0.00102233933285, -0.00157348823268, 0.000539491302334, -0.000165856676176, 0.000307248614263, -0.000681084522512, 0.0011332326103, -0.00115970603656, 0.00156790018082], [-0.000318209407851, 0.00108192162588, -0.00131875800434, 0.00292997341603, -0.00157536868937, 0.00145463855006, -0.0003596508177, 0.000174344735569, -0.000465559976874, 0.000201747345272, 0.00026895609335, -9.38809171203e-05, -0.00060821819352], [0.000419897143729, -0.00104611960705, 0.00102233933285, -0.00157536868937, 0.00482355011627, -0.00163169170264, 0.000340848433552, -0.000784533214755, -0.000677439034916, 0.00129680801183, -0.000251001503784, 0.000851090298966, -0.00103965681046], [-0.000431569525972, 0.00150456768461, -0.00157348823268, 0.00145463855006, -0.00163169170264, 0.00578676583245, -0.00286304717883, 0.00132840184961, 0.00063838402275, -0.00124609307386, 0.000591215095483, 0.000682126323227, -0.000543737085536], [0.000484191783471, -0.00136186357122, 0.000539491302334, -0.0003596508177, 0.000340848433552, -0.00286304717883, 0.00731792021543, -0.00273638614453, 0.00200893636793, -0.00105758488644, -0.00151795742568, 0.000361283047823, 0.000185790122487], [-0.000491805898491, 0.00191052455921, -0.000165856676176, 0.000174344735569, -0.000784533214755, 0.00132840184961, -0.00273638614453, 0.0103608099744, -0.00370613671839, 0.00244430243038, -0.00121683778707, 0.000328118621837, 0.00135552370921], [0.00042786882841, -0.00168410676997, 0.000307248614263, -0.000465559976874, -0.000677439034916, 0.00063838402275, 0.00200893636793, -0.00370613671839, 0.00860081333667, -0.00457975547761, 0.00279149413109, -0.000411972956499, -0.00164893327747], [-0.000235693660215, 0.00128492747899, -0.000681084522512, 0.000201747345272, 0.00129680801183, -0.00124609307386, -0.00105758488644, 0.00244430243038, -0.00457975547761, 0.0114721534774, -0.000956626026891, -0.000546903349459, 0.00125671026763], [0.00016039890761, -0.000891381117981, 0.0011332326103, 0.00026895609335, -0.000251001503784, 0.000591215095483, -0.00151795742568, -0.00121683778707, 0.00279149413109, -0.000956626026891, 0.00835576001555, -0.000479609327158, -0.000274436664768], [2.50423745456e-05, 0.000630659807939, -0.00115970603656, -9.38809171203e-05, 0.000851090298966, 0.000682126323227, 0.000361283047823, 0.000328118621837, -0.000411972956499, -0.000546903349459, -0.000479609327158, 0.0116003891453, -0.00423257704824], [0.000150796957314, -0.000186120421859, 0.00156790018082, -0.00060821819352, -0.00103965681046, -0.000543737085536, 0.000185790122487, 0.00135552370921, -0.00164893327747, 0.00125671026763, -0.000274436664768, -0.00423257704824, 0.0151880998164]]
    },
    "melbands": {
        "dmean": [0.000313072872814, 0.000569085299503, 0.000179154376383, 0.000162354364875, 0.00014122549328, 0.000116097304272, 0.00011903950508, 0.000118329036923, 0.000113903050078, 0.000120021162729, 4.000437184e-05, 3.69058871001e-05, 5.44833565073e-05, 4.24533645855e-05, 3.74012815882e-05, 4.08511623391e-05, 1.52016500579e-05, 1.1307432942e-05, 7.25401969248e-06, 6.29024862064e-06, 3.81307563657e-06, 2.93545735985e-06, 2.83970257442e-06, 3.54524058821e-06, 4.01832630814e-06, 3.41087002198e-06, 3.16555770041e-06, 1.64054722518e-06, 5.4594664789e-07, 4.22778441589e-07, 3.06756930968e-07, 2.48805321235e-07, 1.95203199382e-07, 1.77830941084e-07, 1.8489809861e-07, 2.12073004491e-07, 1.8633063803e-07, 2.04735982834e-07, 2.47152314614e-07, 1.78420293651e-07],
        "dmean2": [0.000472866202472, 0.00080523948418, 0.000282231514575, 0.000263108900981, 0.000212478131289, 0.000177033158252, 0.000174610220711, 0.000164729965036, 0.000151813961565, 0.00016098326887, 5.12506449013e-05, 4.38132046838e-05, 5.62586174055e-05, 4.79646914755e-05, 4.20575306634e-05, 4.79436494061e-05, 2.01220482268e-05, 1.45976991917e-05, 9.41137659538e-06, 8.26884661365e-06, 5.17901617059e-06, 3.95965798816e-06, 3.77970241061e-06, 4.68433290735e-06, 5.30441047886e-06, 4.3303516577e-06, 4.18001491198e-06, 2.22041398956e-06, 7.9491167071e-07, 6.44787292003e-07, 4.56673973304e-07, 3.77372401772e-07, 2.97653315329e-07, 2.66171639396e-07, 2.76919962516e-07, 3.18170322089e-07, 2.79419424487e-07, 3.12084296183e-07, 3.59320040388e-07, 2.58130143038e-07],
        "dvar": [3.95614961235e-07, 1.54701342581e-06, 4.62186591221e-07, 2.07313277656e-07, 9.49557161789e-08, 7.92653622739e-08, 1.15311607374e-07, 1.56218646907e-07, 1.19910495755e-07, 2.20431871867e-07, 1.98125267303e-08, 1.89692759278e-08, 5.81853001336e-08, 4.35241673813e-08, 4.94327281331e-08, 3.61259360204e-08, 6.64047572485e-09, 2.47150100385e-09, 7.28299420771e-10, 7.19041159947e-10, 2.84669510187e-10, 1.00856149821e-10, 7.33001090381e-11, 1.04391377487e-10, 2.26148003102e-10, 1.15542596324e-10, 6.55313650566e-11, 2.24417567862e-11, 2.59105844419e-12, 2.40519193104e-12, 1.79001529311e-12, 1.18805215232e-12, 4.91038524945e-13, 3.34337429703e-13, 4.4166357854e-13, 6.97502982022e-13, 5.33608422205e-13, 6.44520244467e-13, 9.552820774e-13, 8.4301343033e-13],
        "dvar2": [8.66865661919e-07, 3.06111996906e-06, 1.20107392831e-06, 5.56537884222e-07, 1.99067827111e-07, 1.77972225401e-07, 2.45609470539e-07, 2.6762435823e-07, 2.13498125845e-07, 3.81650778536e-07, 2.95900264291e-08, 2.44841622532e-08, 5.87833213217e-08, 6.44633431079e-08, 6.90882018262e-08, 4.24144168676e-08, 1.09847313468e-08, 4.27659596625e-09, 1.23346932668e-09, 1.19555165767e-09, 5.13819986558e-10, 1.927080856e-10, 1.27980223641e-10, 1.79524686783e-10, 3.7292530175e-10, 1.65620461789e-10, 1.08749280414e-10, 4.07015324222e-11, 5.02929945953e-12, 5.28743932318e-12, 4.00634646985e-12, 2.64456729085e-12, 1.05092182786e-12, 6.93896762965e-13, 9.74757817865e-13, 1.4964916242e-12, 1.12231632408e-12, 1.47779965348e-12, 1.88493188072e-12, 1.6257989963e-12],
        "max": [0.0155567293987, 0.022757647559, 0.0268230121583, 0.0152671672404, 0.00808485224843, 0.00865476578474, 0.012101361528, 0.025414833799, 0.011590173468, 0.0164137426764, 0.00556172570214, 0.00485520018265, 0.012982096523, 0.0105667039752, 0.0153862163424, 0.0151135185733, 0.00353830237873, 0.00178769929335, 0.000669149623718, 0.00108990294393, 0.000807185482699, 0.00034862771281, 0.000236803651205, 0.000299653969705, 0.000732460292056, 0.000894791795872, 0.000223194569116, 0.000163159784279, 5.48083262402e-05, 5.00519090565e-05, 5.42364723515e-05, 4.04334714403e-05, 2.19529993046e-05, 1.59771425388e-05, 2.34634208027e-05, 2.15722866415e-05, 1.88267204067e-05, 3.00095744024e-05, 3.38095815096e-05, 3.53980685759e-05],
        "mean": [0.000624098232947, 0.00109510531183, 0.000287394010229, 0.000273866840871, 0.000303118344164, 0.000269020936685, 0.00026703363983, 0.000269400217803, 0.000223997150897, 0.000320219580317, 9.84930957202e-05, 8.98101061466e-05, 0.00014776136959, 0.000102578371298, 7.79146284913e-05, 0.000108588879812, 3.13472482958e-05, 2.29968845815e-05, 1.38365376188e-05, 1.57619742822e-05, 7.23512084733e-06, 6.19015736447e-06, 6.36959066469e-06, 8.41514247441e-06, 9.50312914938e-06, 8.98751841305e-06, 7.83306313679e-06, 3.43860892826e-06, 7.89381658706e-07, 4.50921959327e-07, 3.44708240618e-07, 2.79502216927e-07, 2.32681827583e-07, 2.26469367703e-07, 2.35885650568e-07, 2.67795968512e-07, 2.37259257574e-07, 2.71610531399e-07, 3.39642724612e-07, 2.33886098044e-07],
        "median": [0.000187795376405, 0.000264360540314, 0.000106925217551, 0.000111866691441, 0.000136297516292, 8.03235452622e-05, 5.83378896408e-05, 5.69280673517e-05, 3.12706979457e-05, 1.34670472107e-05, 9.70997734839e-06, 6.99500014889e-06, 5.14177236255e-06, 3.89232809539e-06, 2.88599630949e-06, 3.43503529621e-06, 1.51176595864e-06, 1.29205625399e-06, 8.20940158519e-07, 5.26755343344e-07, 4.68664950404e-07, 5.28602981831e-07, 4.6224658945e-07, 4.89726062369e-07, 5.70491920371e-07, 5.69870508116e-07, 5.01206727677e-07, 2.55190514054e-07, 9.01243311091e-08, 3.98617530095e-08, 2.81909997568e-08, 2.33814176909e-08, 2.22819771523e-08, 2.25325837988e-08, 2.53717544751e-08, 2.16091464722e-08, 1.71506506774e-08, 2.57180463592e-08, 2.39988615647e-08, 9.68232782839e-09],
        "min": [1.09980088342e-24, 5.17249390236e-25, 9.45191935999e-25, 1.04477615895e-24, 1.6924641929e-24, 2.56845636283e-24, 1.38618677708e-24, 1.68121779741e-24, 3.0379654688e-24, 2.30590511256e-24, 2.60389613621e-24, 1.89349060346e-24, 3.24495093463e-24, 2.35640739606e-24, 4.0655753242e-24, 3.36378375811e-24, 2.29371957815e-24, 4.13366466995e-24, 3.26673651182e-24, 3.32377943831e-24, 4.29778954786e-24, 3.78147456337e-24, 4.18916695109e-24, 4.51106322118e-24, 4.60123357252e-24, 3.46619131424e-24, 4.43422816901e-24, 4.21675381137e-24, 5.16374109618e-24, 5.12462424491e-24, 5.55229492948e-24, 5.47010430063e-24, 5.14572587969e-24, 5.11625364184e-24, 4.8768808999e-24, 6.20399895569e-24, 6.19969611389e-24, 6.23205952695e-24, 5.85957518473e-24, 7.06850925514e-24],
        "var": [1.15329135042e-06, 5.03680439579e-06, 4.8677588893e-07, 2.75747481737e-07, 2.39263755475e-07, 2.73655047067e-07, 3.789061509e-07, 6.73997249123e-07, 3.63913159163e-07, 1.45738067658e-06, 1.04972507131e-07, 9.67732134427e-08, 4.05716406249e-07, 1.92939822341e-07, 1.58745493195e-07, 3.40090053896e-07, 2.76708682634e-08, 9.25840737409e-09, 2.31370123061e-09, 5.02470420827e-09, 8.24416701573e-10, 3.53807094733e-10, 2.99884228561e-10, 5.19961018686e-10, 7.97652888185e-10, 1.06649122866e-09, 3.74049569096e-10, 9.57984802596e-11, 6.21042583679e-12, 3.21825834211e-12, 2.44402371605e-12, 1.47290383015e-12, 7.22380922441e-13, 5.58358318348e-13, 7.24866835392e-13, 1.22496002057e-12, 1.02168057001e-12, 1.19576213081e-12, 2.20282060821e-12, 1.88264074469e-12]
    },
    "mfcc": {
        "mean": [-756.700195312, 154.782180786, 11.0985593796, 21.362405777, 4.65227842331, -7.98924160004, 9.59188556671, 1.21615934372, -9.1928024292, 7.13331890106, 2.76132845879, 0.7564676404, 3.37612366676],
        "cov": [[11228.5966797, 725.422119141, -1805.18835449, -413.657775879, -163.428863525, -831.022583008, 401.492645264, -26.1340446472, -631.289733887, 292.939697266, -118.731086731, -315.101165771, 75.7796554565], [725.422119141, 2120.48535156, -188.341964722, -79.4845275879, -8.32041168213, -131.388092041, 22.3527755737, 8.04373264313, -106.179550171, -23.3090000153, 49.3049354553, 37.83852005, 42.2186393738], [-1805.18835449, -188.341964722, 1417.35351562, 219.702774048, -18.4658489227, 410.814819336, -139.198928833, -33.0213394165, 262.758056641, -144.461547852, 75.579536438, 177.892196655, -44.901638031], [-413.657775879, -79.4845275879, 219.702774048, 587.966552734, 183.201675415, 23.4283123016, -156.520492554, 41.5684890747, 97.4712219238, 2.58636522293, -58.6614189148, 60.4391174316, 27.5975284576], [-163.428863525, -8.32041168213, -18.4658489227, 183.201675415, 318.067901611, 32.1814880371, -79.5153961182, 38.3275222778, 58.4621162415, 35.182674408, -39.0947341919, -5.67418050766, 16.9792480469], [-831.022583008, -131.388092041, 410.814819336, 23.4283123016, 32.1814880371, 360.983551025, 14.9753608704, -24.5638256073, 138.184692383, -47.8600959778, 53.3382148743, 27.9667034149, -29.3754959106], [401.492645264, 22.3527755737, -139.198928833, -156.520492554, -79.5153961182, 14.9753608704, 431.5340271, 59.2571792603, -146.776916504, 23.48960495, 42.5530319214, -86.2663879395, -7.9697842598], [-26.1340446472, 8.04373264313, -33.0213394165, 41.5684890747, 38.3275222778, -24.5638256073, 59.2571792603, 136.873825073, 4.06191253662, 6.89132261276, -7.66245174408, -5.04110622406, 12.9565896988], [-631.289733887, -106.179550171, 262.758056641, 97.4712219238, 58.4621162415, 138.184692383, -146.776916504, 4.06191253662, 244.128601074, -0.53073489666, 18.2829322815, 55.2754020691, -0.887420296669], [292.939697266, -23.3090000153, -144.461547852, 2.58636522293, 35.182674408, -47.8600959778, 23.48960495, 6.89132261276, -0.53073489666, 135.65524292, 14.3367414474, -28.0576229095, 6.85860109329], [-118.731086731, 49.3049354553, 75.579536438, -58.6614189148, -39.0947341919, 53.3382148743, 42.5530319214, -7.66245174408, 18.2829322815, 14.3367414474, 116.310455322, 25.4307899475, 3.70606040955], [-315.101165771, 37.83852005, 177.892196655, 60.4391174316, -5.67418050766, 27.9667034149, -86.2663879395, -5.04110622406, 55.2754020691, -28.0576229095, 25.4307899475, 126.985435486, 18.7150878906], [75.7796554565, 42.2186393738, -44.901638031, 27.5975284576, 16.9792480469, -29.3754959106, -7.9697842598, 12.9565896988, -0.887420296669, 6.85860109329, 3.70606040955, 18.7150878906, 90.760848999]],
