{
"lowlevel": {
    "average_loudness": 0.651918232441,
    "barkbands_crest": {
        "dmean": 2.47066926956,
        "dmean2": 3.9167368412,
        "dvar": 6.48754882812,
        "dvar2": 14.6413192749,
        "max": 26.8432826996,
        "mean": 12.3963489532,
        "median": 11.661866188,
        "min": 3.24138760567,
        "var": 21.5274810791
    },
    "barkbands_flatness_db": {
        "dmean": 0.0276291295886,
        "dmean2": 0.039882555604,
        "dvar": 0.000925495871343,
        "dvar2": 0.00176329398528,
        "max": 0.505009114742,
        "mean": 0.251902610064,
        "median": 0.25223299861,
        "min": 0.032497074455,
        "var": 0.00484186829999
    },
    "barkbands_kurtosis": {
        "dmean": 5.73754501343,
        "dmean2": 8.9173374176,
        "dvar": 155.233520508,
        "dvar2": 351.838226318,
        "max": 391.069671631,
        "mean": 10.062748909,
        "median": 4.77057743073,
        "min": -1.9359254837,
        "var": 312.643890381
    },
    "barkbands_skewness": {
        "dmean": 0.722012400627,
        "dmean2": 1.05326128006,
        "dvar": 0.833433806896,
        "dvar2": 1.72800469398,
        "max": 17.2225952148,
        "mean": 1.44612455368,
        "median": 1.37822401524,
        "min": -10.1723680496,
        "var": 3.57679271698
    },
    "barkbands_spread": {
        "dmean": 3.69634795189,
        "dmean2": 5.60242414474,
        "dvar": 48.9437141418,
        "dvar2": 104.761535645,
        "max": 112.837852478,
        "mean": 10.7840557098,
        "median": 7.06002902985,
        "min": 0.216233670712,
        "var": 129.413803101
    },
    "dissonance": {
        "dmean": 0.0406777486205,
        "dmean2": 0.0685816630721,
        "dvar": 0.00162005994935,
        "dvar2": 0.00462167104706,
        "max": 0.5,
        "mean": 0.410934388638,
        "median": 0.421095192432,
        "min": 0.144964933395,
        "var": 0.00325916451402
    },
    "dynamic_complexity": 5.09760951996,
    "erbbands_crest": {
        "dmean": 3.02633261681,
        "dmean2": 4.67522573471,
        "dvar": 10.7693824768,
        "dvar2": 23.021686554,
        "max": 34.5499191284,
        "mean": 13.7868785858,
        "median": 12.3579826355,
        "min": 2.03909635544,
        "var": 43.0206413269
    },
    "erbbands_flatness_db": {
        "dmean": 0.0283688642085,
        "dmean2": 0.0388212315738,
        "dvar": 0.00115339178592,
        "dvar2": 0.00191905978136,
        "max": 0.510871469975,
        "mean": 0.236389786005,
        "median": 0.235451921821,
        "min": 0.0371826551855,
        "var": 0.00544461561367
    },
    "erbbands_kurtosis": {
        "dmean": 3.22215366364,
        "dmean2": 4.93668985367,
        "dvar": 45.498085022,
        "dvar2": 90.5640792847,
        "max": 142.559066772,
        "mean": 5.83216524124,
        "median": 2.62651348114,
        "min": -1.89161801338,
        "var": 123.542045593
    },
    "erbbands_skewness": {
        "dmean": 0.552080273628,
        "dmean2": 0.818253397942,
        "dvar": 0.482805192471,
        "dvar2": 1.01997220516,
        "max": 7.46451663971,
        "mean": 0.903631687164,
        "median": 0.933936238289,
        "min": -7.06605625153,
        "var": 1.99636507034
    },
    "erbbands_spread": {
        "dmean": 7.14352416992,
        "dmean2": 10.6633501053,
        "dvar": 153.33203125,
        "dvar2": 301.087982178,
        "max": 156.784255981,
        "mean": 22.0436496735,
        "median": 16.1690216064,
        "min": 0.301898449659,
        "var": 403.00970459
    },
    "hfc": {
        "dmean": 3.88980531693,
        "dmean2": 4.86242341995,
        "dvar": 61.2113990784,
        "dvar2": 90.1034927368,
        "max": 146.447601318,
        "mean": 12.918548584,
        "median": 4.31576156616,
        "min": 1.06627882297e-16,
        "var": 406.736358643
    },
    "melbands_crest": {
        "dmean": 3.09418559074,
        "dmean2": 4.86095952988,
        "dvar": 9.86933612823,
        "dvar2": 22.4782238007,
        "max": 35.224899292,
        "mean": 15.8959121704,
        "median": 14.9099225998,
        "min": 1.67462062836,
        "var": 38.6883354187
    },
    "melbands_flatness_db": {
        "dmean": 0.0297703146935,
        "dmean2": 0.0415532439947,
        "dvar": 0.00120092404541,
        "dvar2": 0.00225243554451,
        "max": 0.617121994495,
        "mean": 0.307147413492,
        "median": 0.311343163252,
        "min": 0.00300158117898,
        "var": 0.00864958111197
    },
    "melbands_kurtosis": {
        "dmean": 9.25733661652,
        "dmean2": 14.3374462128,
        "dvar": 420.084197998,
        "dvar2": 977.424743652,
        "max": 699.50592041,
        "mean": 16.3061561584,
        "median": 6.69551563263,
        "min": -1.9489262104,
        "var": 878.995300293
    },
    "melbands_skewness": {
        "dmean": 0.834623754025,
        "dmean2": 1.21075928211,
        "dvar": 1.16661727428,
        "dvar2": 2.36008405685,
        "max": 18.9387245178,
        "mean": 1.97071731091,
        "median": 1.71066141129,
        "min": -7.39144802094,
        "var": 4.67244815826
    },
    "melbands_spread": {
        "dmean": 4.57442617416,
        "dmean2": 6.82803153992,
        "dvar": 85.970741272,
        "dvar2": 172.381134033,
        "max": 251.258010864,
        "mean": 15.5825119019,
        "median": 8.71282863617,
        "min": 0.411768019199,
        "var": 469.033721924
    },
    "pitch_salience": {
        "dmean": 0.0728462561965,
        "dmean2": 0.113025128841,
        "dvar": 0.0054091992788,
        "dvar2": 0.0118652349338,
        "max": 0.984698653221,
        "mean": 0.509418129921,
        "median": 0.517142117023,
        "min": 0.0517579093575,
        "var": 0.023323552683
    },
    "silence_rate_20dB": {
        "dmean": 0,
        "dmean2": 0,
        "dvar": 0,
        "dvar2": 0,
        "max": 1,
        "mean": 1,
        "median": 1,
        "min": 1,
        "var": 0
    },
    "silence_rate_30dB": {
        "dmean": 0.000234686696786,
        "dmean2": 0.000469428458018,
        "dvar": 0.000234628285398,
        "dvar2": 0.000703909026925,
        "max": 1,
        "mean": 0.999882698059,
        "median": 1,
        "min": 0,
        "var": 0.000117314979434
    },
    "silence_rate_60dB": {
        "dmean": 0.0650082156062,
        "dmean2": 0.130031690001,
        "dvar": 0.0607750378549,
        "dvar2": 0.127443745732,
        "max": 1,
        "mean": 0.20051625371,
        "median": 0,
        "min": 0,
        "var": 0.160298541188
    },
    "spectral_centroid": {
        "dmean": 144.667572021,
        "dmean2": 198.516189575,
        "dvar": 83964.9765625,
        "dvar2": 149507.90625,
        "max": 11677.8710938,
        "mean": 945.680419922,
        "median": 602.478210449,
        "min": 126.784912109,
        "var": 1831511.25
    },
    "spectral_complexity": {
        "dmean": 1.37995779514,
        "dmean2": 2.11055040359,
        "dvar": 2.439879179,
        "dvar2": 4.75001192093,
        "max": 36,
        "mean": 7.99202156067,
        "median": 7,
        "min": 0,
        "var": 22.186378479
    },
    "spectral_decrease": {
        "dmean": 1.24754739872e-09,
        "dmean2": 1.6082174481e-09,
        "dvar": 3.17602427519e-18,
        "dvar2": 5.1858297658e-18,
        "max": 3.02901918429e-18,
        "mean": -4.20019352632e-09,
        "median": -2.63963451097e-09,
        "min": -2.60545789388e-08,
        "var": 1.81343517065e-17
    },
    "spectral_energy": {
        "dmean": 0.00500694848597,
        "dmean2": 0.00644044531509,
        "dvar": 5.22408045072e-05,
        "dvar2": 8.48292547744e-05,
        "max": 0.109839893878,
        "mean": 0.0170242544264,
        "median": 0.0104960901663,
        "min": 9.83916313671e-21,
        "var": 0.000306074362015
    },
    "spectral_energyband_high": {
        "dmean": 7.02163379174e-05,
        "dmean2": 9.41439138842e-05,
        "dvar": 9.37996347261e-08,
        "dvar2": 1.32160238309e-07,
        "max": 0.0149570880458,
        "mean": 0.00011441938841,
        "median": 1.15540615298e-05,
        "min": 6.90913592627e-21,
        "var": 3.06510884229e-07
    },
    "spectral_energyband_low": {
        "dmean": 0.00213786005042,
        "dmean2": 0.00269825221039,
        "dvar": 2.09491281566e-05,
        "dvar2": 3.20500912494e-05,
        "max": 0.0755241513252,
        "mean": 0.0046316483058,
        "median": 0.001672814833,
        "min": 1.33212795363e-23,
        "var": 7.99816916697e-05
    },
    "spectral_energyband_middle_high": {
        "dmean": 0.00226039416157,
        "dmean2": 0.0028235714417,
        "dvar": 3.25654254993e-05,
        "dvar2": 5.14843559358e-05,
        "max": 0.104444287717,
        "mean": 0.00638687005267,
        "median": 0.000424866797403,
        "min": 1.05534735814e-21,
        "var": 0.000159163057106
    },
    "spectral_energyband_middle_low": {
        "dmean": 0.00209547299892,
        "dmean2": 0.00302655436099,
        "dvar": 1.25123679027e-05,
        "dvar2": 2.45727769652e-05,
        "max": 0.0858468487859,
        "mean": 0.00628677383065,
        "median": 0.00375719205476,
        "min": 1.5741700431e-22,
        "var": 6.09317867202e-05
    },
    "spectral_entropy": {
        "dmean": 0.268318086863,
        "dmean2": 0.376604825258,
        "dvar": 0.101434879005,
        "dvar2": 0.187641426921,
        "max": 9.82452392578,
        "mean": 6.60283756256,
        "median": 6.51757717133,
        "min": 4.47402715683,
        "var": 0.559358358383
    },
    "spectral_flux": {
        "dmean": 0.02152909711,
        "dmean2": 0.0337357744575,
        "dvar": 0.000702351215295,
        "dvar2": 0.00170067464933,
        "max": 0.307588219643,
        "mean": 0.0521623305976,
        "median": 0.0393449664116,
        "min": 6.35095795398e-11,
        "var": 0.0018140602624
    },
    "spectral_kurtosis": {
        "dmean": 5.41748571396,
        "dmean2": 8.90199375153,
        "dvar": 44.0177993774,
        "dvar2": 108.325767517,
        "max": 108.441200256,
        "mean": 13.170214653,
        "median": 9.96344470978,
        "min": -1.25484502316,
        "var": 142.673416138
    },
    "spectral_rms": {
        "dmean": 0.000601237174124,
        "dmean2": 0.000767767371144,
        "dvar": 5.58971976261e-07,
        "dvar2": 8.72151531439e-07,
        "max": 0.0103518534452,
        "mean": 0.00352591415867,
        "median": 0.003200013889,
        "min": 3.09825494253e-12,
        "var": 4.17697310695e-06
    },
    "spectral_rolloff": {
        "dmean": 246.123977661,
        "dmean2": 418.061859131,
        "dvar": 686611.0625,
        "dvar2": 1607240.75,
        "max": 19810.546875,
        "mean": 1182.43444824,
        "median": 602.9296875,
        "min": 64.599609375,
        "var": 5823231
    },
    "spectral_skewness": {
        "dmean": 0.48564645648,
        "dmean2": 0.765167176723,
        "dvar": 0.248659551144,
        "dvar2": 0.56740796566,
        "max": 7.77202415466,
        "mean": 2.62223219872,
        "median": 2.48421597481,
        "min": -0.335664451122,
        "var": 1.32363557816
    },
    "spectral_spread": {
        "dmean": 744091.8125,
        "dmean2": 1086247.875,
        "dvar": 1.55072842957e+12,
        "dvar2": 2.8135498711e+12,
        "max": 50382936,
        "mean": 4019643.25,
        "median": 2944695,
        "min": 655314.8125,
        "var": 2.31282269225e+13
    },
    "spectral_strongpeak": {
        "dmean": 0.648025393486,
        "dmean2": 0.956085562706,
        "dvar": 1.52739882469,
        "dvar2": 2.71384596825,
        "max": 17.4826526642,
        "mean": 1.56642377377,
        "median": 0.543895244598,
        "min": 0,
        "var": 5.40873193741
    },
    "zerocrossingrate": {
        "dmean": 0.00776259461418,
        "dmean2": 0.00922216102481,
        "dvar": 0.000206222073757,
        "dvar2": 0.000284940499114,
        "max": 0.52587890625,
        "mean": 0.0423564352095,
        "median": 0.029296875,
        "min": 0.00341796875,
        "var": 0.004023429472
    },
    "barkbands": {
        "dmean": [9.30189969495e-07, 0.00101257546339, 0.00115099316463, 0.000233673694311, 0.000725999707356, 0.000582631852012, 0.000464335724246, 0.00044838359463, 0.000525717856362, 0.000633797550108, 0.000642335624434, 0.000555120641366, 0.00046908314107, 0.000232533697272, 0.000247727817623, 9.28041263251e-05, 7.33952620067e-05, 0.000100721037597, 7.27780643501e-05, 2.49838012678e-05, 7.36929905543e-06, 1.10184673758e-05, 2.10002981476e-05, 1.48761555465e-05, 8.5065348685e-06, 8.26942232379e-06, 7.35149496833e-10],
        "dmean2": [1.60466061061e-06, 0.00138904002961, 0.00145823985804, 0.000365409738151, 0.00112912000623, 0.000911669281777, 0.000674260198139, 0.000653965689708, 0.000724455050658, 0.000859405554365, 0.000862262793817, 0.000716181180906, 0.000612716772594, 0.000326786626829, 0.000322811218211, 0.000120196498756, 9.6839517937e-05, 0.0001316544367, 9.61271725828e-05, 3.52726856363e-05, 1.08334488687e-05, 1.37860997711e-05, 2.8686823498e-05, 2.06380464078e-05, 1.28992887767e-05, 1.36171374834e-05, 1.37485445251e-09],
        "dvar": [5.24564766624e-12, 5.00484202348e-06, 7.78091271059e-06, 2.79397966096e-07, 2.14449369196e-06, 1.76442165412e-06, 2.36044343183e-06, 4.4971193347e-06, 3.8176194721e-06, 5.85616407989e-06, 7.53473568693e-06, 8.29988312034e-06, 6.27490226179e-06, 2.40132521867e-06, 1.80199299393e-06, 2.04813119353e-07, 1.77259508405e-07, 1.61171982427e-07, 9.80637295811e-08, 1.63310041046e-08, 1.37536304567e-09, 6.18636430971e-09, 1.90549069856e-08, 4.38977876271e-09, 1.06828978996e-09, 1.15731757511e-09, 1.67723163167e-18],
        "dvar2": [1.43587823923e-11, 9.1681658887e-06, 1.22020019262e-05, 6.21924357347e-07, 5.04291301695e-06, 4.08676487496e-06, 4.83884878122e-06, 8.94291861187e-06, 6.99643851476e-06, 9.9029048215e-06, 1.38715176945e-05, 1.34799274747e-05, 9.95188656816e-06, 4.415658168e-06, 3.07268351207e-06, 3.17111840786e-07, 2.66871069243e-07, 2.62315921873e-07, 1.51799369519e-07, 2.97210185352e-08, 2.73906541892e-09, 7.91528709243e-09, 3.05231715458e-08, 6.8427392641e-09, 2.18479989655e-09, 2.91678703412e-09, 5.46750585748e-18],
        "max": [6.27109766356e-05, 0.0357012711465, 0.0487437099218, 0.0176112912595, 0.0437243320048, 0.0443571954966, 0.0482043288648, 0.079082198441, 0.0672945007682, 0.0635578557849, 0.0659046173096, 0.0581613481045, 0.0547373369336, 0.061111766845, 0.0578367225826, 0.0254626646638, 0.0236259140074, 0.0149641195312, 0.0147089352831, 0.00511548481882, 0.00253090215847, 0.00627809856087, 0.00586889032274, 0.00330172595568, 0.0010857838206, 0.00048145535402, 1.99565235448e-08],
        "mean": [1.07793653115e-06, 0.00225694011897, 0.00215012626722, 0.000426741549745, 0.00135805807076, 0.00123050250113, 0.00100460601971, 0.000848187075462, 0.00113721087109, 0.00124344415963, 0.00122957280837, 0.00103734410368, 0.00104293006007, 0.000425514444942, 0.000634674739558, 0.000225307594519, 0.000172712694621, 0.000260414381046, 0.000188574471395, 5.0193277275e-05, 1.04535802166e-05, 1.82727017091e-05, 3.47406567016e-05, 2.09261597774e-05, 9.34050967771e-06, 6.41597171125e-06, 5.85345938386e-10],
        "median": [3.269140052e-07, 0.000615403521806, 0.000392244459363, 0.000178965477971, 0.000619007973, 0.000392170652049, 0.000146900725667, 7.25302525098e-05, 6.28563720966e-05, 2.70848031505e-05, 2.04223561013e-05, 2.08619858313e-05, 1.51554540935e-05, 1.11480558189e-05, 1.37429178722e-05, 5.17765192853e-06, 4.45504656454e-06, 3.77324363399e-06, 4.18248782807e-06, 2.22314747589e-06, 1.48434071434e-06, 1.30243870444e-06, 2.32878119277e-06, 1.16603928291e-06, 4.00676157142e-07, 8.85675603968e-08, 1.6381022927e-10],
        "min": [2.13742034833e-25, 1.65828087773e-24, 1.95338464582e-25, 5.56754607597e-25, 2.27895506023e-24, 6.66761014311e-24, 5.77185148548e-24, 6.58313418421e-24, 1.70807997062e-23, 7.01126161925e-24, 1.38285549637e-23, 1.89273179815e-23, 2.62029694886e-23, 2.27170373247e-23, 3.16460892243e-23, 4.8529362893e-23, 5.18761242161e-23, 6.20448883832e-23, 1.25095467135e-22, 1.56515822234e-22, 2.41025582242e-22, 3.02655788536e-22, 4.01923040867e-22, 5.34952605929e-22, 8.83288842997e-22, 1.34276000634e-21, 1.87606259294e-21],
        "var": [5.23945860656e-12, 1.72777145053e-05, 2.67519244517e-05, 6.17134617187e-07, 4.79587788504e-06, 6.29033456789e-06, 6.61292688164e-06, 1.43182569445e-05, 1.41508053275e-05, 1.7676356947e-05, 2.02003011509e-05, 2.29709421546e-05, 2.19001594814e-05, 6.43411203782e-06, 8.92586376722e-06, 1.63230606631e-06, 6.39289453375e-07, 7.6443245689e-07, 4.71693255122e-07, 5.26037915449e-08, 2.95465474309e-09, 2.56088199535e-08, 4.94607483859e-08, 1.11460032315e-08, 1.78066228429e-09, 9.26250409705e-10, 1.28970351175e-18]
    },
    "erbbands": {
        "dmean": [0.00916094146669, 0.302383750677, 1.40059411526, 0.798334896564, 1.54052758217, 2.97964572906, 3.24411988258, 5.3400812149, 5.15547084808, 8.29196071625, 10.941824913, 12.7114038467, 13.8829507828, 28.5691108704, 19.783411026, 21.3818798065, 18.986530304, 14.4203128815, 12.9560918808, 8.33915901184, 4.23286390305, 3.24156904221, 5.10572528839, 4.73106431961, 2.20695114136, 0.89246147871, 0.36663839221, 0.246420860291, 0.362520366907, 0.506350040436, 0.619337975979, 0.448851615191, 0.173712641001, 0.0943664014339, 0.0609726831317, 0.0342887341976, 0.0176900755614, 0.00136029173154, 2.64059272013e-05, 6.47948991173e-06],
        "dmean2": [0.0131247397512, 0.40602222085, 1.72117936611, 1.1589486599, 2.41519594193, 4.64873075485, 5.21460008621, 8.22312355042, 7.69839477539, 11.8882226944, 15.3585357666, 17.3312034607, 18.863325119, 38.406627655, 24.5433635712, 27.1596107483, 24.2676277161, 19.0210609436, 16.2917308807, 10.2741765976, 4.94349145889, 4.04686450958, 6.400785923, 5.87909936905, 2.74493122101, 1.16974329948, 0.539892137051, 0.348273277283, 0.463991373777, 0.660779058933, 0.847424089909, 0.603987693787, 0.254744023085, 0.138240277767, 0.0959229767323, 0.0562083125114, 0.0293051470071, 0.00226863613352, 4.28861785622e-05, 8.58948715177e-06],
        "dvar": [0.000376531505026, 0.446127206087, 11.2526159286, 2.81102800369, 8.33561325073, 47.240776062, 47.6258049011, 206.248886108, 183.228988647, 992.451049805, 2627.84765625, 2262.42089844, 2551.63647461, 12207.6660156, 7192.54833984, 13717.9765625, 7571.79931641, 5836.16650391, 5167.97900391, 1930.40039062, 382.223999023, 288.528320312, 449.845672607, 373.808532715, 71.3073806763, 18.1850032806, 2.52518153191, 2.10201358795, 6.95924663544, 10.9762544632, 16.7010154724, 6.16481590271, 0.459159880877, 0.143659248948, 0.0598200708628, 0.0194604489952, 0.00547647383064, 3.29583126586e-05, 1.05573407794e-08, 9.39351166296e-11],
        "dvar2": [0.000776518310886, 0.768808186054, 15.908826828, 5.98730754852, 20.3827209473, 108.698249817, 121.839332581, 469.781463623, 412.197296143, 1825.95861816, 5287.16552734, 4179.70068359, 4260.17822266, 23151.7851562, 11474.6640625, 21988.1757812, 12104.4521484, 9760.04199219, 8939.41503906, 3495.88574219, 476.932952881, 453.375732422, 651.710449219, 523.788269043, 100.19329834, 29.1685848236, 5.01161384583, 4.07822799683, 9.76117610931, 14.1340818405, 26.9457836151, 10.0831375122, 0.846792161465, 0.262426882982, 0.140157565475, 0.0485961809754, 0.0139324478805, 8.37028637761e-05, 2.67088413608e-08, 1.71800171311e-10],
        "max": [0.266329139471, 10.8124551773, 60.3139915466, 24.0265407562, 88.1597366333, 211.712478638, 215.293624878, 499.68637085, 332.110351562, 1298.31604004, 1884.16186523, 1415.55175781, 1322.16052246, 2333.55395508, 2146.1862793, 2890.19702148, 2895.72900391, 2161.32226562, 3387.10522461, 2309.703125, 947.485229492, 1070.51013184, 1033.30664062, 788.482177734, 430.944061279, 241.316055298, 86.8245315552, 108.950706482, 217.200973511, 231.537094116, 185.380310059, 137.49810791, 27.9565200806, 16.1771450043, 6.16573238373, 1.9452201128, 1.17777013779, 0.0798790678382, 0.00146187818609, 0.000154221619596],
        "mean": [0.0209546200931, 0.668637931347, 2.72193145752, 1.61549901962, 2.77071881294, 5.16616773605, 6.18410110474, 11.4395980835, 11.4701137543, 17.2282600403, 21.1119976044, 29.4517631531, 28.3186035156, 58.18359375, 41.579914093, 42.1465988159, 44.4078025818, 29.7892570496, 32.3630981445, 22.222360611, 11.4224300385, 9.17847442627, 14.6149425507, 13.3353509903, 5.90082263947, 2.07450437546, 0.602992892265, 0.394062995911, 0.590666234493, 0.8695525527, 1.00807678699, 0.690762221813, 0.213260576129, 0.118449129164, 0.0568547360599, 0.0278587248176, 0.0134132932872, 0.00102234119549, 2.81537159026e-05, 2.10512662306e-05],
        "median": [0.0064124558121, 0.185222089291, 0.569183349609, 0.687203943729, 1.19617152214, 1.91523718834, 2.49019479752, 2.87302541733, 3.1687309742, 2.66073346138, 2.5587849617, 2.19015145302, 1.60834038258, 1.71059525013, 1.20727217197, 1.22428643703, 1.09327363968, 1.03029048443, 1.03015387058, 0.66683280468, 0.379794239998, 0.307360589504, 0.268432825804, 0.235229954123, 0.187299802899, 0.112924709916, 0.0882417187095, 0.0502567999065, 0.0454921461642, 0.0648200511932, 0.063446983695, 0.0355326011777, 0.0135932741687, 0.00595279922709, 0.00186957116239, 0.000537159154192, 0.000158246519277, 1.3383309124e-05, 7.18985756976e-06, 1.27724770209e-05],
        "min": [6.25280751539e-23, 3.32928887443e-22, 1.29463227147e-21, 3.29073874398e-21, 1.27831837551e-20, 1.00146441722e-20, 2.63006066261e-20, 6.63520601914e-20, 8.39628065185e-20, 2.09622702041e-19, 2.20618607794e-19, 4.53852236918e-19, 5.75757411006e-19, 7.17341366964e-19, 7.39225412346e-19, 9.28126322389e-19, 1.37306367195e-18, 1.36717497317e-18, 1.91626377104e-18, 2.56023773319e-18, 3.16829013646e-18, 4.85129021553e-18, 5.06867245333e-18, 6.48207265728e-18, 6.20102025978e-18, 8.90639344888e-18, 8.95366764807e-18, 9.42268401847e-18, 1.04493441988e-17, 1.08684551085e-17, 1.19641195227e-17, 1.0922609796e-17, 8.7822948503e-18, 6.64257754257e-18, 6.09138656857e-18, 4.06999083002e-18, 2.39066839595e-18, 9.45069049286e-19, 2.27728509503e-19, 2.56903557448e-20],
        "var": [0.00101371528581, 1.63840639591, 44.073551178, 6.48714208603, 18.7262916565, 97.7341156006, 126.92993927, 745.134643555, 563.959289551, 2595.55004883, 7957.26464844, 9857.70898438, 7212.17773438, 36537.7226562, 22845.5292969, 38575.2539062, 30919.3417969, 16363.1376953, 24120.234375, 8975.26269531, 2466.38012695, 1112.26049805, 2480.60913086, 2208.05957031, 364.479644775, 89.4496002197, 6.03745889664, 5.57682085037, 28.0441932678, 41.8882904053, 41.2848472595, 15.3335590363, 0.897739171982, 0.299812555313, 0.0713834315538, 0.0165538750589, 0.0042609423399, 2.54231053987e-05, 8.59857074431e-09, 4.83835749243e-10]
    },
    "gfcc": {
        "mean": [-134.338562012, 135.551849365, -103.218818665, 18.209859848, -57.7295227051, 11.8592844009, -37.673500061, 0.999287545681, -16.2516403198, -8.06234455109, -5.58507061005, -6.47003602982, -10.1061058044],
        "cov": [[23772.9980469, 1364.71191406, -3805.13134766, 392.668334961, -825.839904785, 372.381347656, -615.698730469, 411.44631958, -234.710983276, -662.252258301, 372.510864258, -339.482208252, -105.046066284], [1364.71191406, 1874.41455078, -51.7581825256, -242.122833252, 57.1429367065, -101.656280518, 118.09185791, -101.634963989, 257.600494385, -144.329345703, 104.4557724, -133.053604126, 91.1511917114], [-3805.13134766, -51.7581825256, 2486.73901367, 386.754241943, -169.910766602, 57.729095459, 87.0506515503, -140.446563721, -24.5563831329, 448.449401855, -405.452819824, 188.067749023, -82.9090805054], [392.668334961, -242.122833252, 386.754241943, 758.42010498, -10.3530788422, 54.2879638672, -16.8231220245, 57.0048294067, -17.1623268127, -46.9773368835, -1.40769481659, -20.60247612, -2.82035970688], [-825.839904785, 57.1429367065, -169.910766602, -10.3530788422, 507.615356445, 134.128341675, 114.69317627, -9.10022926331, 18.1918830872, -49.9496612549, 64.5753631592, -11.5039901733, 32.4469413757], [372.381347656, -101.656280518, 57.729095459, 54.2879638672, 134.128341675, 371.046905518, 122.727676392, -46.2439727783, -87.5442657471, 11.0252933502, -14.329533577, 27.173330307, 7.50957918167], [-615.698730469, 118.09185791, 87.0506515503, -16.8231220245, 114.69317627, 122.727676392, 308.281616211, 11.3155546188, -41.2047920227, -63.9650230408, 21.7270526886, 21.3268489838, 55.274848938], [411.44631958, -101.634963989, -140.446563721, 57.0048294067, -9.10022926331, -46.2439727783, 11.3155546188, 230.31791687, 52.7146949768, -72.8113937378, 11.9634637833, -13.081199646, 10.6718492508], [-234.710983276, 257.600494385, -24.5563831329, -17.1623268127, 18.1918830872, -87.5442657471, -41.2047920227, 52.7146949768, 250.426483154, 12.4734287262, 30.5641021729, -77.040763855, 25.2724208832], [-662.252258301, -144.329345703, 448.449401855, -46.9773368835, -49.9496612549, 11.0252933502, -63.9650230408, -72.8113937378, 12.4734287262, 308.437957764, -86.8564682007, 53.3090133667, -69.5450744629], [372.510864258, 104.4557724, -405.452819824, -1.40769481659, 64.5753631592, -14.329533577, 21.7270526886, 11.9634637833, 30.5641021729, -86.8564682007, 273.789550781, -22.7243251801, 14.8998279572], [-339.482208252, -133.053604126, 188.067749023, -20.60247612, -11.5039901733, 27.173330307, 21.3268489838, -13.081199646, -77.040763855, 53.3090133667, -22.7243251801, 158.590209961, 17.904624939], [-105.046066284, 91.1511917114, -82.9090805054, -2.82035970688, 32.4469413757, 7.50957918167, 55.274848938, 10.6718492508, 25.2724208832, -69.5450744629, 14.8998279572, 17.904624939, 131.553024292]],
        "icov": [[0.000149775703903, -0.000310550734866, 0.000372817972675, -0.000307478563627, 0.00035239639692, -0.000414792157244, 0.000298110593576, -0.000376703887014, 0.000362355436664, -0.000258354499238, 0.000209927704418, -0.000125275488244, 0.000192289720871], [-0.000310550734866, 0.0015069526853, -0.000974148861133, 0.000982853001915, -0.000682941696141, 0.000972154142801, -0.000917847035453, 0.00147197488695, -0.00166815891862, 0.00125642772764, -0.000703027122654, 0.000637353572529, -0.000528244883753], [0.000372817972675, -0.000974148861133, 0.00203742529266, -0.00157052371651, 0.00107625988312, -0.000813125341665, -0.00012753221381, -0.000489999249112, 0.000481609371491, -0.00182294717524, 0.00179925141856, -0.00145764101762, 0.0010357380379], [-0.000307478563627, 0.000982853001915, -0.00157052371651, 0.00266128079966, -0.000777380540967, 0.000386820553103, 0.00014822105004, 0.000236755222431, -0.000529671495315, 0.00166234991048, -0.00134530442301, 0.00133519328665, -0.000819899782073], [0.00035239639692, -0.000682941696141, 0.00107625988312, -0.000777380540967, 0.0032951743342, -0.0017538027605, -5.56751547265e-05, -0.000564789806958, 0.000140820600791, -0.00052831240464, 0.00028200345696, -0.000465289951535, 0.000497848319355], [-0.000414792157244, 0.000972154142801, -0.000813125341665, 0.000386820553103, -0.0017538027605, 0.0049958685413, -0.00227574585006, 0.00172595796175, -0.000128870684421, 6.57950658933e-05, -0.000134802408866, 0.00036204684875, -0.000519866123796], [0.000298110593576, -0.000917847035453, -0.00012753221381, 0.00014822105004, -5.56751547265e-05, -0.00227574585006, 0.00592533871531, -0.00198522466235, 0.00214139278978, 0.000576842576265, -0.000677595788147, 0.000379062141292, -0.00146944297012], [-0.000376703887014, 0.00147197488695, -0.000489999249112, 0.000236755222431, -0.000564789806958, 0.00172595796175, -0.00198522466235, 0.00719049526379, -0.00363357178867, 0.00233084382489, 0.000315822311677, -0.00101866025943, 0.000700259930454], [0.000362355436664, -0.00166815891862, 0.000481609371491, -0.000529671495315, 0.000140820600791, -0.000128870684421, 0.00214139278978, -0.00363357178867, 0.00869294535369, -0.00288410042413, -0.000650822534226, 0.00356224970892, -0.00250078178942], [-0.000258354499238, 0.00125642772764, -0.00182294717524, 0.00166234991048, -0.00052831240464, 6.57950658933e-05, 0.000576842576265, 0.00233084382489, -0.00288410042413, 0.00750204129145, -0.000365115614841, -0.001284248312, 0.00224112393335], [0.000209927704418, -0.000703027122654, 0.00179925141856, -0.00134530442301, 0.00028200345696, -0.000134802408866, -0.000677595788147, 0.000315822311677, -0.000650822534226, -0.000365115614841, 0.00598833058029, -0.00178770860657, 0.00145415624138], [-0.000125275488244, 0.000637353572529, -0.00145764101762, 0.00133519328665, -0.000465289951535, 0.00036204684875, 0.000379062141292, -0.00101866025943, 0.00356224970892, -0.001284248312, -0.00178770860657, 0.010603018105, -0.00401808088645], [0.000192289720871, -0.000528244883753, 0.0010357380379, -0.000819899782073, 0.000497848319355, -0.000519866123796, -0.00146944297012, 0.000700259930454, -0.00250078178942, 0.00224112393335, 0.00145415624138, -0.00401808088645, 0.0112710837275]]
    },
    "melbands": {
        "dmean": [0.000178196190973, 0.000622213818133, 0.000150657637278, 0.000176536268555, 0.000105988532596, 0.000115192298836, 8.71988086146e-05, 9.13951735129e-05, 8.92307652975e-05, 8.03534639999e-05, 7.12611799827e-05, 0.000115741844638, 7.48624443077e-05, 5.78743020014e-05, 4.66318233521e-05, 4.75346823805e-05, 2.61711884377e-05, 2.19865560211e-05, 1.86698907783e-05, 7.42729253034e-06, 5.41207509741e-06, 3.88767102777e-06, 4.32323076893e-06, 4.50982861366e-06, 4.37755397797e-06, 2.04994285014e-06, 1.38368307034e-06, 4.81394977214e-07, 2.50769346621e-07, 2.04352318178e-07, 1.32076067416e-07, 1.950679831e-07, 2.59981220552e-07, 3.13450300382e-07, 3.80867732019e-07, 3.45575898564e-07, 2.53329204725e-07, 1.34559712706e-07, 9.05919605998e-08, 7.45180415151e-08],
        "dmean2": [0.000251163961366, 0.000773974112235, 0.000218035682337, 0.0002742272045, 0.000169173377799, 0.000178084519575, 0.000127769875689, 0.000129467734951, 0.000125103935716, 0.000110344713903, 9.63803613558e-05, 0.000155391782755, 9.56299336394e-05, 7.22898403183e-05, 6.08829177509e-05, 5.97436846874e-05, 3.53863215423e-05, 2.87092589133e-05, 2.31021440413e-05, 9.45325518842e-06, 6.52656035527e-06, 5.06250898979e-06, 5.38648055226e-06, 5.70020119994e-06, 5.54142206965e-06, 2.58292698163e-06, 1.86007298453e-06, 6.60448108647e-07, 3.74112943291e-07, 3.08288463202e-07, 1.91001063854e-07, 2.67476167437e-07, 3.32156389504e-07, 4.34451720821e-07, 5.32120111529e-07, 4.73668563927e-07, 3.52005969262e-07, 2.03840329505e-07, 1.3804103105e-07, 1.10100529582e-07],
        "dvar": [1.47277347651e-07, 2.02278943107e-06, 8.43359018177e-08, 1.42801383163e-07, 4.88995048897e-08, 8.59885034288e-08, 5.64276021464e-08, 1.16826257113e-07, 1.68366426578e-07, 8.83818174202e-08, 7.0621936743e-08, 2.00161238695e-07, 9.5648125864e-08, 8.00727875117e-08, 7.20315043168e-08, 6.3251178517e-08, 2.29647643124e-08, 1.94374099038e-08, 1.0647471349e-08, 1.6180027318e-09, 8.26661461506e-10, 5.82159542795e-10, 2.81691836523e-10, 3.627703693e-10, 3.52481738242e-10, 8.23489887392e-11, 4.95921984034e-11, 6.35024498263e-12, 1.56677980052e-12, 7.78233488936e-13, 9.69996327184e-13, 2.12697546208e-12, 3.83358145575e-12, 4.30933500689e-12, 6.52607048263e-12, 5.23075940201e-12, 1.75502570376e-12, 2.87629241171e-13, 1.49010754365e-13, 9.39511936673e-14],
        "dvar2": [2.91597729074e-07, 2.90085313281e-06, 1.76296850896e-07, 3.32815318416e-07, 1.21555046917e-07, 1.9820805619e-07, 1.1898033847e-07, 2.05660555253e-07, 3.24836605614e-07, 1.60111355285e-07, 1.17124059784e-07, 3.71973925439e-07, 1.61722283565e-07, 1.30549025812e-07, 1.17267823896e-07, 1.00191741126e-07, 3.92489489798e-08, 3.59094478597e-08, 1.6508925782e-08, 2.65276245415e-09, 1.0334119116e-09, 9.23665810504e-10, 4.22473778183e-10, 5.59382762333e-10, 5.14976616905e-10, 1.09530010062e-10, 8.74390282402e-11, 9.59644343157e-12, 3.26138139932e-12, 1.65654631939e-12, 2.07313875268e-12, 3.83420422148e-12, 5.30906612076e-12, 6.96872550984e-12, 1.10589046601e-11, 9.2958835074e-12, 2.93895962254e-12, 5.90793635801e-13, 3.25870379942e-13, 1.64688737907e-13],
        "max": [0.00549732521176, 0.0245974045247, 0.0068153264001, 0.0123249217868, 0.00937860924751, 0.0100498925894, 0.00632934551686, 0.0149511862546, 0.0140833510086, 0.00824603252113, 0.00647383229807, 0.0104003818706, 0.00685536768287, 0.00645620608702, 0.00732831005007, 0.00611831480637, 0.00463622994721, 0.00648742541671, 0.00585406972095, 0.00234098802321, 0.00166630826425, 0.00161678937729, 0.000620995939244, 0.000934607349336, 0.00082698528422, 0.00060258700978, 0.00031197653152, 0.000223999144509, 5.48756106582e-05, 3.83092956326e-05, 7.64791475376e-05, 0.000116298688226, 0.000164838507771, 0.000133701760205, 0.000125566148199, 0.000123223901028, 6.68605498504e-05, 2.37499752984e-05, 2.07123193832e-05, 1.36152220875e-05],
        "mean": [0.000402855366701, 0.00127583777066, 0.000314722739859, 0.000307650712784, 0.000212174330954, 0.00024551039678, 0.000197416185983, 0.000188141973922, 0.000165644174558, 0.000185706099728, 0.00013785964984, 0.000233332102653, 0.000146920981933, 0.000115528957394, 9.22529943637e-05, 0.000106958745164, 4.71949315397e-05, 4.90624152008e-05, 4.69385267934e-05, 1.92820152733e-05, 1.23665640785e-05, 9.45205101743e-06, 1.20555077956e-05, 1.13450860226e-05, 1.13681726361e-05, 5.20613912158e-06, 2.89428930955e-06, 1.00143768123e-06, 3.78442678084e-07, 2.64411568196e-07, 2.10361420727e-07, 2.94245211307e-07, 4.28882998449e-07, 5.11859980179e-07, 5.88653847444e-07, 5.64907054468e-07, 3.59441401088e-07, 1.54558620125e-07, 1.04851132221e-07, 9.45630702631e-08],
        "median": [0.000116942770546, 0.000356114876922, 0.000142325676279, 0.000119025949971, 9.65208746493e-05, 6.71556044836e-05, 4.52989297628e-05, 2.65070357273e-05, 1.46995789692e-05, 9.969509847e-06, 5.37264395462e-06, 4.80697099192e-06, 3.09267238663e-06, 2.38077586801e-06, 1.72757984274e-06, 1.62341962096e-06, 1.34089111725e-06, 1.14902491077e-06, 9.6210430911e-07, 4.07325927654e-07, 3.31222338446e-07, 2.62755435188e-07, 2.23367720764e-07, 1.70094182295e-07, 1.56690447284e-07, 1.31838632456e-07, 8.94527261153e-08, 5.94421010192e-08, 4.74629757719e-08, 3.59981733311e-08, 2.18607034697e-08, 2.22134577399e-08, 2.61435850746e-08, 3.49260353971e-08, 3.64546934861e-08, 2.90613133558e-08, 1.74305014866e-08, 8.83444251087e-09, 5.75212188991e-09, 4.17697387789e-09],
        "min": [8.54837089814e-25, 3.89452222609e-25, 1.36897738201e-24, 8.51872747747e-25, 1.22755907639e-24, 1.3166242336e-24, 1.04764672518e-24, 2.06339960674e-24, 1.7837478242e-24, 2.12980256509e-24, 2.57629093491e-24, 2.17950336591e-24, 2.21673641735e-24, 2.38875128482e-24, 2.50035498696e-24, 2.51863447185e-24, 2.57967988136e-24, 2.40939261927e-24, 2.58696442017e-24, 2.96415865643e-24, 3.50005553518e-24, 2.65845908123e-24, 3.87120196931e-24, 3.27184221682e-24, 4.0521216959e-24, 4.88326357348e-24, 4.34145891542e-24, 5.41620656257e-24, 5.06698927831e-24, 3.99053769161e-24, 4.46303066396e-24, 4.7959563928e-24, 4.67583890934e-24, 5.30249739068e-24, 6.62853312931e-24, 5.86233777562e-24, 6.48209490732e-24, 5.12063260873e-24, 5.84502543419e-24, 4.92230074981e-24],
        "var": [4.44640051001e-07, 8.13028418634e-06, 2.17328903318e-07, 3.03629519749e-07, 1.28304705527e-07, 3.09327305104e-07, 1.85493703952e-07, 3.44786315054e-07, 4.93004336022e-07, 4.08858397805e-07, 2.00386068627e-07, 6.03839339419e-07, 2.69022706334e-07, 2.42629425884e-07, 2.31175562249e-07, 2.36239543483e-07, 6.22319333843e-08, 7.1963157211e-08, 5.52835857093e-08, 1.41118201569e-08, 3.31494232064e-09, 1.86620474629e-09, 1.5493691885e-09, 1.55764645626e-09, 1.86794157919e-09, 3.62461560766e-10, 1.45457493272e-10, 3.83049147956e-11, 3.03286107166e-12, 1.47519713459e-12, 2.26066409516e-12, 6.82478422734e-12, 1.6038656514e-11, 1.30816312643e-11, 1.52798780573e-11, 1.16262104111e-11, 4.17637062086e-12, 4.83576991384e-13, 2.20108856814e-13, 2.09069713581e-13]
    },
    "mfcc": {
        "mean": [-773.823547363, 162.186401367, 15.6158905029, 14.0125751495, 6.72180891037, 2.5019993782, -5.02031564713, 6.09847927094, -11.1741142273, 5.38498687744, -2.64614653587, -2.09397721291, -1.35170674324],
        "cov": [[10731.4677734, -246.144393921, -2025.8894043, -176.554794312, 287.631103516, -590.747619629, 88.8941040039, 639.139770508, -554.868164062, 441.788330078, -135.042816162, -176.621429443, -18.7647647858], [-246.144393921, 2160.84350586, 164.320358276, -146.838882446, -32.2771492004, 66.579864502, -104.025611877, -26.3115177155, 104.016029358, 19.1328258514, 85.7269897461, 42.2116966248, -3.72612166405], [-2025.8894043, 164.320358276, 1832.92578125, 399.817047119, -153.579650879, 386.886108398, -58.0525550842, -240.190658569, 258.618743896, -96.8063201904, 35.4155807495, 100.536010742, 32.7918739319], [-176.554794312, -146.838882446, 399.817047119, 522.700622559, 91.2547836304, 31.0121078491, 33.6452140808, 48.6868438721, 40.5953674316, 13.2369022369, -22.8217315674, 24.5706748962, 35.0890655518], [287.631103516, -32.2771492004, -153.579650879, 91.2547836304, 337.812316895, 32.3755645752, 29.4160385132, 71.0417480469, -14.1567153931, 50.096862793, 19.7448062897, 8.85225105286, 7.08441591263], [-590.747619629, 66.579864502, 386.886108398, 31.0121078491, 32.3755645752, 450.634368896, 134.996536255, -58.4124488831, 116.753425598, -85.475402832, 41.4310531616, 13.4795885086, -12.5875921249], [88.8941040039, -104.025611877, -58.0525550842, 33.6452140808, 29.4160385132, 134.996536255, 316.462158203, 135.614929199, -8.41959095001, -50.218788147, -22.0057048798, -7.37281799316, 29.5732841492], [639.139770508, -26.3115177155, -240.190658569, 48.6868438721, 71.0417480469, -58.4124488831, 135.614929199, 297.059082031, -3.97397279739, 40.7264442444, -73.7796783447, -42.7153930664, 15.6201353073], [-554.868164062, 104.016029358, 258.618743896, 40.5953674316, -14.1567153931, 116.753425598, -8.41959095001, -3.97397279739, 247.050048828, 3.35010385513, -2.06816387177, -30.7639923096, -25.6324043274], [441.788330078, 19.1328258514, -96.8063201904, 13.2369022369, 50.096862793, -85.475402832, -50.218788147, 40.7264442444, 3.35010385513, 195.5234375, 41.6626701355, -30.6918354034, -33.1751403809], [-135.042816162, 85.7269897461, 35.4155807495, -22.8217315674, 19.7448062897, 41.4310531616, -22.0057048798, -73.7796783447, -2.06816387177, 41.6626701355, 146.693099976, 54.2118721008, -19.7293548584], [-176.621429443, 42.2116966248, 100.536010742, 24.5706748962, 8.85225105286, 13.4795885086, -7.37281799316, -42.7153930664, -30.7639923096, -30.6918354034, 54.2118721008, 155.058273315, 68.1801834106], [-18.7647647858, -3.72612166405, 32.7918739319, 35.0890655518, 7.08441591263, -12.5875921249, 29.5732841492, 15.6201353073, -25.6324043274, -33.1751403809, -19.7293548584, 68.1801834106, 175.490097046]],
