{
"lowlevel": {
    "average_loudness": 0.40442276001,
    "barkbands_crest": {
        "dmean": 2.55712938309,
        "dmean2": 4.11379861832,
        "dvar": 6.93549919128,
        "dvar2": 17.6119613647,
        "max": 26.931432724,
        "mean": 15.35501194,
        "median": 14.9239807129,
        "min": 3.52636384964,
        "var": 24.900384903
    },
    "barkbands_flatness_db": {
        "dmean": 0.0308916252106,
        "dmean2": 0.0461355559528,
        "dvar": 0.00126642093528,
        "dvar2": 0.00272557861172,
        "max": 0.629349291325,
        "mean": 0.265762925148,
        "median": 0.259105950594,
        "min": 0.0354556515813,
        "var": 0.00814427342266
    },
    "barkbands_kurtosis": {
        "dmean": 16.9298114777,
        "dmean2": 26.3251094818,
        "dvar": 1881.83630371,
        "dvar2": 4174.65087891,
        "max": 1804.80151367,
        "mean": 33.7914924622,
        "median": 12.7609958649,
        "min": -1.88292706013,
        "var": 4877.21728516
    },
    "barkbands_skewness": {
        "dmean": 1.0468120575,
        "dmean2": 1.58791148663,
        "dvar": 2.0421602726,
        "dvar2": 4.39344215393,
        "max": 36.7702713013,
        "mean": 3.23719549179,
        "median": 2.6229801178,
        "min": -6.51472043991,
        "var": 8.83823776245
    },
    "barkbands_spread": {
        "dmean": 2.91713142395,
        "dmean2": 4.72749423981,
        "dvar": 40.8653450012,
        "dvar2": 101.866622925,
        "max": 131.799041748,
        "mean": 7.7875289917,
        "median": 5.50293731689,
        "min": 0.0301806069911,
        "var": 99.2387313843
    },
    "dissonance": {
        "dmean": 0.0421939492226,
        "dmean2": 0.0701411440969,
        "dvar": 0.00179166090675,
        "dvar2": 0.00476520881057,
        "max": 0.499999970198,
        "mean": 0.395499557257,
        "median": 0.408667564392,
        "min": 0.0121606653556,
        "var": 0.00519497739151
    },
    "dynamic_complexity": 6.43226909637,
    "erbbands_crest": {
        "dmean": 2.64577794075,
        "dmean2": 4.08192396164,
        "dvar": 8.74922943115,
        "dvar2": 19.1108112335,
        "max": 34.1528282166,
        "mean": 15.6600265503,
        "median": 14.2325935364,
        "min": 2.42607498169,
        "var": 54.3375892639
    },
    "erbbands_flatness_db": {
        "dmean": 0.0249434374273,
        "dmean2": 0.0355490520597,
        "dvar": 0.000908275484107,
        "dvar2": 0.00176787772216,
        "max": 0.611004114151,
        "mean": 0.214954510331,
        "median": 0.198103293777,
        "min": 0.0383772291243,
        "var": 0.00893846061081
    },
    "erbbands_kurtosis": {
        "dmean": 5.11855649948,
        "dmean2": 7.63791370392,
        "dvar": 137.356704712,
        "dvar2": 286.643463135,
        "max": 343.807678223,
        "mean": 11.5106401443,
        "median": 4.32171058655,
        "min": -1.94698035717,
        "var": 566.101074219
    },
    "erbbands_skewness": {
        "dmean": 0.586524665356,
        "dmean2": 0.874507308006,
        "dvar": 0.564860880375,
        "dvar2": 1.21520543098,
        "max": 13.1348562241,
        "mean": 1.81757950783,
        "median": 1.53875803947,
        "min": -7.14574432373,
        "var": 3.17547178268
    },
    "erbbands_spread": {
        "dmean": 8.40040779114,
        "dmean2": 13.1689472198,
        "dvar": 231.166778564,
        "dvar2": 558.47265625,
        "max": 183.168273926,
        "mean": 25.3145027161,
        "median": 18.8585472107,
        "min": 0.191198766232,
        "var": 587.420410156
    },
    "hfc": {
        "dmean": 3.39013504982,
        "dmean2": 4.89391231537,
        "dvar": 41.9954338074,
        "dvar2": 96.8723220825,
        "max": 144.809768677,
        "mean": 9.41885185242,
        "median": 5.16965198517,
        "min": 1.09108967531e-16,
        "var": 145.06199646
    },
    "melbands_crest": {
        "dmean": 2.89114499092,
        "dmean2": 4.5978808403,
        "dvar": 8.91799545288,
        "dvar2": 21.8716926575,
        "max": 34.4911384583,
        "mean": 19.2837924957,
        "median": 18.7461738586,
        "min": 1.6570712328,
        "var": 34.4058227539
    },
    "melbands_flatness_db": {
        "dmean": 0.0344986431301,
        "dmean2": 0.0515290983021,
        "dvar": 0.00168566615321,
        "dvar2": 0.0036356728524,
        "max": 0.797802209854,
        "mean": 0.37182995677,
        "median": 0.369443625212,
        "min": 0.00398209365085,
        "var": 0.0100427530706
    },
    "melbands_kurtosis": {
        "dmean": 22.9610595703,
        "dmean2": 36.1711730957,
        "dvar": 2535.34375,
        "dvar2": 6054.35498047,
        "max": 1054.72155762,
        "mean": 43.9957313538,
        "median": 17.1225166321,
        "min": -1.92395460606,
        "var": 5604.03955078
    },
    "melbands_skewness": {
        "dmean": 1.10488808155,
        "dmean2": 1.68756771088,
        "dvar": 2.26781797409,
        "dvar2": 5.15923786163,
        "max": 26.0107879639,
        "mean": 3.38450431824,
        "median": 2.83435583115,
        "min": -6.30296611786,
        "var": 8.79849910736
    },
    "melbands_spread": {
        "dmean": 2.37364816666,
        "dmean2": 3.76821660995,
        "dvar": 26.9814300537,
        "dvar2": 69.634262085,
        "max": 219.701049805,
        "mean": 7.56102657318,
        "median": 5.21288394928,
        "min": 0.165396720171,
        "var": 128.353942871
    },
    "pitch_salience": {
        "dmean": 0.0686944425106,
        "dmean2": 0.110166452825,
        "dvar": 0.00543979601935,
        "dvar2": 0.0132362106815,
        "max": 0.974541068077,
        "mean": 0.409826844931,
        "median": 0.414149284363,
        "min": 0.0086089130491,
        "var": 0.0191737525165
    },
    "silence_rate_20dB": {
        "dmean": 0.00071372493403,
        "dmean2": 0.00142755173147,
        "dvar": 0.00071327254409,
        "dvar2": 0.00199644081295,
        "max": 1,
        "mean": 0.999571800232,
        "median": 1,
        "min": 0,
        "var": 0.000427972350735
    },
    "silence_rate_30dB": {
        "dmean": 0.0489615313709,
        "dmean2": 0.0979300513864,
        "dvar": 0.0465664304793,
        "dvar2": 0.102337151766,
        "max": 1,
        "mean": 0.931487321854,
        "median": 1,
        "min": 0,
        "var": 0.063822761178
    },
    "silence_rate_60dB": {
        "dmean": 0.0368282049894,
        "dmean2": 0.0736616700888,
        "dvar": 0.0354664623737,
        "dvar2": 0.0783687978983,
        "max": 1,
        "mean": 0.207250922918,
        "median": 0,
        "min": 0,
        "var": 0.164308100939
    },
    "spectral_centroid": {
        "dmean": 87.4562759399,
        "dmean2": 138.451004028,
        "dvar": 34627.8515625,
        "dvar2": 82591.109375,
        "max": 11743.2451172,
        "mean": 538.515136719,
        "median": 439.262359619,
        "min": 96.6047668457,
        "var": 583500.875
    },
    "spectral_complexity": {
        "dmean": 1.31282567978,
        "dmean2": 2.09150600433,
        "dvar": 2.82033085823,
        "dvar2": 5.96705293655,
        "max": 35,
        "mean": 6.26591491699,
        "median": 6,
        "min": 0,
        "var": 15.9637088776
    },
    "spectral_decrease": {
        "dmean": 3.89494125841e-09,
        "dmean2": 5.82164583207e-09,
        "dvar": 6.01833982032e-17,
        "dvar2": 1.39654530709e-16,
        "max": 1.99706248169e-28,
        "mean": -8.86447892867e-09,
        "median": -4.79491646388e-09,
        "min": -1.59141976042e-07,
        "var": 1.3041395712e-16
    },
    "spectral_energy": {
        "dmean": 0.0149618573487,
        "dmean2": 0.0223369263113,
        "dvar": 0.000878214312252,
        "dvar2": 0.0020363223739,
        "max": 0.606509327888,
        "mean": 0.0343108735979,
        "median": 0.0186964869499,
        "min": 1.00124954413e-20,
        "var": 0.00192879349925
    },
    "spectral_energyband_high": {
        "dmean": 8.73090757523e-05,
        "dmean2": 0.000139939133078,
        "dvar": 7.42513606156e-08,
        "dvar2": 1.92158154277e-07,
        "max": 0.00770339136943,
        "mean": 0.000105296712718,
        "median": 2.20578549488e-05,
        "min": 7.18649588645e-21,
        "var": 7.27841822368e-08
    },
    "spectral_energyband_low": {
        "dmean": 0.012299709022,
        "dmean2": 0.018555354327,
        "dvar": 0.000802729744464,
        "dvar2": 0.0018578764284,
        "max": 0.601255655289,
        "mean": 0.02146025002,
        "median": 0.00556995905936,
        "min": 1.11646063966e-23,
        "var": 0.00136554671917
    },
    "spectral_energyband_middle_high": {
        "dmean": 0.000691680354066,
        "dmean2": 0.000962527992669,
        "dvar": 1.02893536678e-05,
        "dvar2": 2.05422220461e-05,
        "max": 0.107948429883,
        "mean": 0.00150412123185,
        "median": 0.000255992054008,
        "min": 1.27977048542e-21,
        "var": 2.68221647275e-05
    },
    "spectral_energyband_middle_low": {
        "dmean": 0.00410385429859,
        "dmean2": 0.00620212545618,
        "dvar": 8.0852980318e-05,
        "dvar2": 0.000204868541914,
        "max": 0.23479218781,
        "mean": 0.0121933594346,
        "median": 0.00571885704994,
        "min": 1.82282505888e-22,
        "var": 0.000331913790433
    },
    "spectral_entropy": {
        "dmean": 0.311103492975,
        "dmean2": 0.459031432867,
        "dvar": 0.148467093706,
        "dvar2": 0.325358271599,
        "max": 9.81577301025,
        "mean": 6.3588385582,
        "median": 6.4030828476,
        "min": 2.73858571053,
        "var": 0.88463228941
    },
    "spectral_flux": {
        "dmean": 0.0321713984013,
        "dmean2": 0.0523920916021,
        "dvar": 0.00234528374858,
        "dvar2": 0.00570608396083,
        "max": 0.641094267368,
        "mean": 0.0629985928535,
        "median": 0.0423384085298,
        "min": 6.40984557099e-11,
        "var": 0.00428645126522
    },
    "spectral_kurtosis": {
        "dmean": 4.76842546463,
        "dmean2": 7.4503903389,
        "dvar": 68.2604751587,
        "dvar2": 152.946075439,
        "max": 328.37399292,
        "mean": 14.7509765625,
        "median": 9.59827613831,
        "min": -1.24404776096,
        "var": 288.686431885
    },
    "spectral_rms": {
        "dmean": 0.00106667925138,
        "dmean2": 0.00152031180914,
        "dvar": 2.44860098064e-06,
        "dvar2": 5.14492148795e-06,
        "max": 0.024325221777,
        "mean": 0.00472690071911,
        "median": 0.00427088700235,
        "min": 3.12542613318e-12,
        "var": 1.11304370876e-05
    },
    "spectral_rolloff": {
        "dmean": 180.509460449,
        "dmean2": 324.903900146,
        "dvar": 704804.3125,
        "dvar2": 1854650.125,
        "max": 19681.3476562,
        "mean": 630.392578125,
        "median": 409.130859375,
        "min": 64.599609375,
        "var": 2494364
    },
    "spectral_skewness": {
        "dmean": 0.477378964424,
        "dmean2": 0.734375417233,
        "dvar": 0.371474295855,
        "dvar2": 0.849708676338,
        "max": 15.0339574814,
        "mean": 3.01030230522,
        "median": 2.80456018448,
        "min": -0.0855880528688,
        "var": 1.73428785801
    },
    "spectral_spread": {
        "dmean": 906305.6875,
        "dmean2": 1407545.625,
        "dvar": 1.71961679872e+12,
        "dvar2": 3.7878848553e+12,
        "max": 42315860,
        "mean": 5182282,
        "median": 4640947,
        "min": 466419.0625,
        "var": 1.18611614106e+13
    },
    "spectral_strongpeak": {
        "dmean": 0.344121873379,
        "dmean2": 0.557996153831,
        "dvar": 0.484397441149,
        "dvar2": 1.12777233124,
        "max": 13.6861476898,
        "mean": 0.96253913641,
        "median": 0.527255296707,
        "min": 0,
        "var": 1.52699792385
    },
    "zerocrossingrate": {
        "dmean": 0.00655285222456,
        "dmean2": 0.00842764414847,
        "dvar": 0.000124015132315,
        "dvar2": 0.000179954746272,
        "max": 0.5283203125,
        "mean": 0.0311054885387,
        "median": 0.0234375,
        "min": 0.0029296875,
        "var": 0.00181589717977
    },
    "barkbands": {
        "dmean": [4.94644227729e-05, 0.00779345305637, 0.00556068029255, 0.00107733742334, 0.00125907664187, 0.000614240881987, 0.00131653726567, 0.000628320209216, 0.000319082086207, 0.000241451809416, 0.000197229950572, 0.000143877201481, 9.84641083051e-05, 5.10983845743e-05, 5.33957172593e-05, 1.8921247829e-05, 1.55460857059e-05, 1.22300052681e-05, 7.8018529166e-06, 6.65344623485e-06, 7.25969039195e-06, 9.69488337432e-06, 1.38108798637e-05, 1.55558609549e-05, 1.44539008033e-05, 2.04783355002e-05, 8.76409649209e-06],
        "dmean2": [8.41508954181e-05, 0.0123645989224, 0.00834550242871, 0.00178792944644, 0.00202660006471, 0.000968261389062, 0.00192368857097, 0.000852281402331, 0.000477873778436, 0.000350376940332, 0.000265723996563, 0.000204520634725, 0.000143329205457, 7.62374183978e-05, 8.0236888607e-05, 2.90368989226e-05, 2.31721423916e-05, 1.91413237189e-05, 1.22030023704e-05, 1.06232710095e-05, 1.18848511192e-05, 1.56872520165e-05, 2.34213439398e-05, 2.62326357188e-05, 2.31666472246e-05, 3.26467416016e-05, 1.54073968588e-05],
        "dvar": [1.24593766415e-08, 0.000381947029382, 0.000201588845812, 8.79804338183e-06, 1.59749524755e-05, 4.10965503761e-06, 2.05179785553e-05, 6.79886170474e-06, 2.76269656752e-06, 2.69168731393e-06, 3.80718370252e-06, 2.42272017204e-06, 3.38564603908e-07, 1.29494821977e-07, 2.33244435321e-07, 1.30690098743e-08, 1.4734313325e-08, 7.44396189134e-09, 1.37202260664e-09, 9.01724750424e-10, 1.54927504159e-09, 1.20691723282e-09, 3.12489700782e-09, 2.45049980307e-09, 2.04046135543e-09, 6.54995702121e-09, 2.04215488964e-09],
        "dvar2": [3.59776031189e-08, 0.000976737705059, 0.00042476670933, 2.2980315407e-05, 3.87667787436e-05, 1.11033759822e-05, 5.48100579181e-05, 1.19027945402e-05, 6.69148084853e-06, 5.65054460822e-06, 6.48572859063e-06, 5.13023087478e-06, 6.73809381624e-07, 2.96027081959e-07, 4.93554296099e-07, 2.51027749698e-08, 3.03330836005e-08, 1.82679240623e-08, 3.43660366831e-09, 2.38526554064e-09, 4.34580060826e-09, 2.65337840588e-09, 8.4653626331e-09, 6.65968746816e-09, 5.28088905938e-09, 1.66048721439e-08, 5.65760061022e-09],
        "max": [0.00348176551051, 0.338483929634, 0.367378175259, 0.117736458778, 0.142527550459, 0.1078902632, 0.166248321533, 0.0875796973705, 0.0690115764737, 0.0779353678226, 0.0924667790532, 0.102822311223, 0.0253783911467, 0.0227100215852, 0.0292492527515, 0.00756794540212, 0.00714052142575, 0.00455209705979, 0.00258404505439, 0.00126229226589, 0.00213213614188, 0.00260226661339, 0.00177915324457, 0.00106496899389, 0.00130941951647, 0.00216750078835, 0.00158418249339],
        "mean": [6.45029649604e-05, 0.0125481160358, 0.00799750722945, 0.00163696752861, 0.00180744181853, 0.00154118670616, 0.00398214580491, 0.00230651232414, 0.000715423433576, 0.000543965259567, 0.000380924961064, 0.000255609367741, 0.000166626719874, 8.32836740301e-05, 8.81432424649e-05, 3.16329605994e-05, 2.25899802899e-05, 1.66991485457e-05, 1.21310840768e-05, 9.33571118367e-06, 9.13697294891e-06, 1.15962839118e-05, 1.39985550049e-05, 1.80494571396e-05, 1.90295213542e-05, 2.18796049012e-05, 6.42160375719e-06],
        "median": [1.08313743112e-05, 0.00228069815785, 0.00115135032684, 0.000374522438506, 0.000470905157272, 0.000337785982993, 0.000269057112746, 7.11032771505e-05, 3.85759376513e-05, 2.08696055779e-05, 1.89597703866e-05, 1.32005379783e-05, 1.73266380443e-05, 6.96866845828e-06, 5.91226307733e-06, 3.39229814017e-06, 2.49406116382e-06, 2.01271564038e-06, 2.10913776755e-06, 1.85924341167e-06, 1.55495217768e-06, 1.8808943878e-06, 2.3767552193e-06, 4.13734142057e-06, 4.08299047194e-06, 3.12373913403e-06, 2.89018828425e-07],
        "min": [2.21400690931e-25, 1.89580946009e-24, 5.58139748739e-25, 1.56563557391e-24, 4.07831345567e-24, 8.25827873873e-24, 8.77599158475e-24, 1.05823521068e-23, 1.01992891398e-23, 2.34704278881e-23, 2.30652720827e-23, 1.9160091902e-23, 2.41604066566e-23, 2.68269695087e-23, 3.34985239563e-23, 3.71950882929e-23, 7.9246530536e-23, 1.0146151627e-22, 1.43859527197e-22, 1.55044527226e-22, 2.66985164476e-22, 3.34059520757e-22, 3.79459664921e-22, 5.56627676327e-22, 9.32590503872e-22, 1.33857200059e-21, 2.07075821013e-21],
        "var": [1.68024598679e-08, 0.000518600572832, 0.000366762076737, 1.25529404613e-05, 2.13777602767e-05, 1.20069807963e-05, 0.00014128521434, 6.06695321039e-05, 6.21808703727e-06, 9.61358000495e-06, 1.03048023448e-05, 4.43534599981e-06, 6.81847325268e-07, 2.01850426151e-07, 3.73897393047e-07, 4.25009858418e-08, 2.030227364e-08, 8.90256490749e-09, 2.53117526938e-09, 9.19218534623e-10, 1.22404497649e-09, 1.69061842303e-09, 2.50144616132e-09, 2.10099737608e-09, 2.18542162145e-09, 5.92797855248e-09, 1.32308675127e-09]
    },
    "erbbands": {
        "dmean": [0.129326105118, 2.10565114021, 6.62219810486, 3.95838665962, 5.13695049286, 3.19565963745, 3.54798650742, 5.84783124924, 17.8487319946, 15.6734676361, 10.8373508453, 8.39211368561, 7.18617916107, 8.46085071564, 6.09410953522, 6.58571577072, 4.60883617401, 2.80721545219, 2.62127327919, 2.06881332397, 0.965269684792, 0.770105481148, 0.793057620525, 0.384325414896, 0.338825821877, 0.300458133221, 0.350063353777, 0.258377641439, 0.348991751671, 0.347248256207, 0.431585758924, 0.296973437071, 0.282718509436, 0.18428042531, 0.0962811931968, 0.0722280219197, 0.0429128743708, 0.0119748003781, 0.00152795517351, 6.46443004371e-05],
        "dmean2": [0.197238758206, 3.34553074837, 9.92116260529, 6.13227701187, 8.27743911743, 5.22228002548, 5.63192653656, 8.86032676697, 24.8917732239, 23.9716110229, 14.5057039261, 12.3591461182, 10.4043893814, 11.5941534042, 8.63425350189, 9.16618061066, 6.59013557434, 4.17668008804, 3.83034729958, 3.09813189507, 1.43919575214, 1.14196634293, 1.23877298832, 0.606201291084, 0.52804005146, 0.476936161518, 0.569539785385, 0.414941698313, 0.562997817993, 0.576902389526, 0.735381662846, 0.499744057655, 0.48104006052, 0.303271621466, 0.152567312121, 0.112198136747, 0.0700987055898, 0.0201978255063, 0.00270787719637, 0.000110826069431],
        "dvar": [0.0909291580319, 28.0646705627, 280.629119873, 88.1404953003, 296.320220947, 77.618347168, 104.082733154, 385.466003418, 4944.87402344, 3214.0703125, 2881.43505859, 2011.87927246, 1557.76513672, 4942.39501953, 4003.76782227, 5985.36132812, 618.225524902, 299.905578613, 290.272369385, 286.843994141, 29.7265491486, 17.1780948639, 34.876865387, 2.65400457382, 2.05677986145, 2.01350426674, 4.1594619751, 1.85501337051, 1.83816850185, 1.86379337311, 3.75959157944, 0.88436216116, 0.850516915321, 0.363792777061, 0.0913507267833, 0.0672539547086, 0.031856354326, 0.00271900300868, 6.85175036779e-05, 1.10490695704e-07],
        "dvar2": [0.220612898469, 71.5097351074, 606.178039551, 208.816360474, 713.639953613, 195.775939941, 273.020355225, 992.58215332, 12610.4082031, 8080.14208984, 4768.02441406, 4895.05322266, 2952.89501953, 8675.84082031, 7814.82080078, 12472.1865234, 1232.01330566, 683.614929199, 606.621887207, 604.652893066, 60.2553138733, 36.2571372986, 85.8095703125, 7.01307582855, 5.09159421921, 5.27915048599, 11.5806388855, 5.14664697647, 3.88904213905, 5.08330249786, 10.0383625031, 2.38101291656, 2.33697342873, 0.976905703545, 0.228956088424, 0.164237469435, 0.0825043097138, 0.007287544664, 0.000190685546841, 3.08804231963e-07],
        "max": [4.71990394592, 98.627281189, 452.361663818, 259.030853271, 809.828369141, 209.264297485, 439.872406006, 919.8984375, 2914.46362305, 1878.71289062, 2111.73974609, 1857.2644043, 2352.56787109, 3111.58764648, 3971.36181641, 5160.75, 1046.78088379, 1176.08972168, 795.577209473, 975.179382324, 249.467254639, 220.281585693, 320.111694336, 78.4822463989, 93.7144088745, 67.5615081787, 109.333831787, 97.7856216431, 113.897026062, 47.9114837646, 79.5812301636, 22.7829875946, 17.3902702332, 17.1172351837, 8.78116798401, 7.4126291275, 4.34930849075, 1.28193104267, 0.307978093624, 0.0142695968971],
        "mean": [0.23316141963, 3.31660509109, 9.6763420105, 6.69879817963, 6.79951000214, 4.8398141861, 7.43016767502, 16.8957748413, 59.7615394592, 44.6822624207, 40.5988197327, 21.339963913, 16.3995819092, 17.7495040894, 12.3980054855, 12.1817731857, 8.24330615997, 4.60609436035, 4.55432844162, 3.58981370926, 1.60571014881, 1.20624184608, 1.11077666283, 0.603694319725, 0.513793647289, 0.421051383018, 0.449020773172, 0.338963389397, 0.422713726759, 0.376420050859, 0.427469938993, 0.340918213129, 0.322736471891, 0.233896970749, 0.126955673099, 0.086973592639, 0.0423937179148, 0.0104663455859, 0.00109293439891, 7.32972985134e-05],
        "median": [0.0364658385515, 0.64816737175, 1.78101754189, 1.75841033459, 1.5600271225, 1.38173151016, 2.21865749359, 2.73059153557, 4.10240316391, 3.94968295097, 2.12083005905, 1.26804804802, 1.11085271835, 0.879049599171, 0.953240990639, 0.732940912247, 1.00513887405, 0.778082311153, 0.558795392513, 0.375120997429, 0.219280183315, 0.156895011663, 0.136479645967, 0.123602166772, 0.0846506953239, 0.0817102715373, 0.0811740085483, 0.0617505684495, 0.072296962142, 0.060725517571, 0.0681087225676, 0.0742743089795, 0.074109941721, 0.0512263327837, 0.0257455036044, 0.0140834208578, 0.00539101939648, 0.00110501772724, 5.18723463756e-05, 2.67866198556e-05],
        "min": [9.52343113933e-23, 5.34582989885e-22, 1.85151112111e-21, 5.40312195077e-21, 1.2259975054e-20, 1.86306923341e-20, 2.69978439499e-20, 9.01270727655e-20, 1.09364715336e-19, 2.38000774391e-19, 3.82378507018e-19, 2.16448829101e-19, 4.5936586099e-19, 6.37742035112e-19, 8.27058758509e-19, 1.20272805528e-18, 1.2186672053e-18, 1.90189936611e-18, 2.34680321486e-18, 3.04494323827e-18, 4.73107274839e-18, 5.6984079488e-18, 6.3913086102e-18, 6.99203281364e-18, 8.26813592515e-18, 9.02718249783e-18, 6.33502269183e-18, 1.24720927913e-17, 1.24373222542e-17, 1.21715623583e-17, 1.07369871579e-17, 1.31743393528e-17, 1.05682621652e-17, 8.39821007648e-18, 6.35282775452e-18, 3.13632022617e-18, 2.34834900863e-18, 1.01557182424e-18, 2.39008357926e-19, 2.79617420081e-20],
        "var": [0.173620596528, 37.1557273865, 474.239501953, 164.007278442, 387.454620361, 117.041229248, 253.693435669, 1620.73510742, 41283.140625, 14192.0087891, 25476.2578125, 4895.31982422, 6714.94677734, 14713.3261719, 10859.1210938, 11247.2597656, 1269.96435547, 430.126495361, 484.922790527, 471.277008057, 67.0389633179, 30.0001602173, 41.7010345459, 4.01757335663, 3.87565016747, 2.05566930771, 3.34663724899, 1.52523159981, 2.69026851654, 1.52384161949, 3.08941173553, 0.777501285076, 0.698088347912, 0.347764998674, 0.102126426995, 0.0714067667723, 0.0264213122427, 0.00201360904612, 4.34546200268e-05, 7.16844326121e-08]
    },
    "gfcc": {
        "mean": [-130.487060547, 115.572105408, -55.0031089783, 7.95027399063, -51.9218673706, 16.5294952393, -35.7202148438, 9.63443756104, -16.1502666473, 10.9017362595, -9.99558830261, -1.45847845078, -13.8050775528],
        "cov": [[22249.6523438, 251.919891357, 777.761169434, 494.110839844, -308.423675537, 570.310668945, -194.208282471, 154.139358521, -404.319610596, 55.3726043701, -553.192687988, 8.7659368515, -621.393066406], [251.919891357, 1463.31481934, -507.073486328, -276.338775635, 226.114898682, -154.190307617, 45.880317688, -109.824073792, 134.20262146, 35.5824584961, 190.580657959, -90.0813903809, 125.832710266], [777.761169434, -507.073486328, 2292.39770508, 740.935546875, -7.94125938416, 533.327880859, 100.674987793, 59.6627845764, -233.092681885, -99.0308609009, -215.64932251, -16.082244873, -192.629669189], [494.110839844, -276.338775635, 740.935546875, 640.407958984, 98.1357421875, 229.499923706, 76.2271194458, 46.5888366699, -143.532958984, -51.7571182251, -96.975944519, -2.24941253662, -63.5979957581], [-308.423675537, 226.114898682, -7.94125938416, 98.1357421875, 382.177703857, 96.8948898315, 72.5645370483, -12.5204916, -8.17729282379, -23.0945415497, 61.1202697754, 13.2583169937, 37.0468330383], [570.310668945, -154.190307617, 533.327880859, 229.499923706, 96.8948898315, 400.924163818, 101.922142029, 73.2350540161, -133.303756714, -73.3576507568, -85.4124526978, 27.8264465332, -56.4626159668], [-194.208282471, 45.880317688, 100.674987793, 76.2271194458, 72.5645370483, 101.922142029, 287.492156982, 146.348236084, -18.3446540833, -111.616531372, -61.33177948, -33.5663795471, -0.237600415945], [154.139358521, -109.824073792, 59.6627845764, 46.5888366699, -12.5204916, 73.2350540161, 146.348236084, 291.864715576, 95.5256958008, -47.6318969727, -135.781402588, -58.3684082031, -46.1401290894], [-404.319610596, 134.20262146, -233.092681885, -143.532958984, -8.17729282379, -133.303756714, -18.3446540833, 95.5256958008, 380.862854004, 165.952133179, 31.102722168, -94.8209457397, -11.6949138641], [55.3726043701, 35.5824584961, -99.0308609009, -51.7571182251, -23.0945415497, -73.3576507568, -111.616531372, -47.6318969727, 165.952133179, 287.790802002, 149.550964355, -13.7241954803, -39.0327644348], [-553.192687988, 190.580657959, -215.64932251, -96.975944519, 61.1202697754, -85.4124526978, -61.33177948, -135.781402588, 31.102722168, 149.550964355, 266.705169678, 74.2469329834, 39.9539604187], [8.7659368515, -90.0813903809, -16.082244873, -2.24941253662, 13.2583169937, 27.8264465332, -33.5663795471, -58.3684082031, -94.8209457397, -13.7241954803, 74.2469329834, 146.868652344, 59.5377960205], [-621.393066406, 125.832710266, -192.629669189, -63.5979957581, 37.0468330383, -56.4626159668, -0.237600415945, -46.1401290894, -11.6949138641, -39.0327644348, 39.9539604187, 59.5377960205, 153.604446411]],
        "icov": [[7.24813362467e-05, -0.000139817100717, 4.26209844591e-05, -6.17418627371e-05, 6.07844813203e-05, -3.88257030863e-05, 1.87150089914e-05, 3.25299261021e-05, 7.38801245461e-05, -0.00020868939464, 0.000419404968852, -0.000422978482675, 0.000423960998887], [-0.000139817100717, 0.00144949299283, -9.19206504477e-05, 0.000510679092258, -0.000633070827462, -9.2889104053e-06, -0.000131920751301, 0.000128491301439, -0.000169726248714, 0.00081570277689, -0.00194414088037, 0.00265312334523, -0.00179752754048], [4.26209844591e-05, -9.19206504477e-05, 0.000972551759332, -0.000861615408212, 0.000440798146883, -0.00090005074162, -6.37727716821e-05, 0.000499520683661, -0.000186014527571, 6.43063640382e-06, 0.000467144913273, -0.000339380494552, 0.000820920162369], [-6.17418627371e-05, 0.000510679092258, -0.000861615408212, 0.00315013411455, -0.00117264222354, 0.0001203653228, -0.000316096702591, -0.000333580566803, 0.00103638658766, -0.000766623008531, 0.000174009997863, 0.000963671889622, -0.000752677151468], [6.07844813203e-05, -0.000633070827462, 0.000440798146883, -0.00117264222354, 0.00405776966363, -0.00155577505939, -0.000331604038365, 0.0003870765795, -0.000811540696304, 0.000930788111873, -0.00116797757801, -0.000179350885446, -5.49506476091e-05], [-3.88257030863e-05, -9.2889104053e-06, -0.00090005074162, 0.0001203653228, -0.00155577505939, 0.00531461602077, -0.0010440023616, -0.00086040107999, 0.00135411135852, -0.00108530838042, 0.00145521655213, -0.00193053297698, 0.00103746715467], [1.87150089914e-05, -0.000131920751301, -6.37727716821e-05, -0.000316096702591, -0.000331604038365, -0.0010440023616, 0.00688666943461, -0.00385021232069, 0.00038295853301, 0.00300066312775, -0.00297719589435, 0.00257947179489, -0.000910494709387], [3.25299261021e-05, 0.000128491301439, 0.000499520683661, -0.000333580566803, 0.0003870765795, -0.00086040107999, -0.00385021232069, 0.00829469040036, -0.00302113918588, -0.000481053139083, 0.00417865859345, -0.00225852336735, 0.00202689738944], [7.38801245461e-05, -0.000169726248714, -0.000186014527571, 0.00103638658766, -0.000811540696304, 0.00135411135852, 0.00038295853301, -0.00302113918588, 0.00669171102345, -0.00422966387123, 0.000713072426151, 0.0027158271987, -0.00138315057848], [-0.00020868939464, 0.00081570277689, 6.43063640382e-06, -0.000766623008531, 0.000930788111873, -0.00108530838042, 0.00300066312775, -0.000481053139083, -0.00422966387123, 0.011092803441, -0.00814686249942, 0.00322592421435, 0.000780381436925], [0.000419404968852, -0.00194414088037, 0.000467144913273, 0.000174009997863, -0.00116797757801, 0.00145521655213, -0.00297719589435, 0.00417865859345, 0.000713072426151, -0.00814686249942, 0.0153037086129, -0.00996395014226, 0.00387989287265], [-0.000422978482675, 0.00265312334523, -0.000339380494552, 0.000963671889622, -0.000179350885446, -0.00193053297698, 0.00257947179489, -0.00225852336735, 0.0027158271987, 0.00322592421435, -0.00996395014226, 0.0192995592952, -0.00911433808506], [0.000423960998887, -0.00179752754048, 0.000820920162369, -0.000752677151468, -5.49506476091e-05, 0.00103746715467, -0.000910494709387, 0.00202689738944, -0.00138315057848, 0.000780381436925, 0.00387989287265, -0.00911433808506, 0.0140343131498]]
    },
    "melbands": {
        "dmean": [0.00170339283068, 0.00317856599577, 0.000743902521208, 0.000312638119794, 0.000117382754979, 0.000142506250995, 0.000262521614786, 0.000161475007189, 7.84487856436e-05, 5.41472691111e-05, 3.5738972656e-05, 3.42584135069e-05, 2.14239771594e-05, 1.69436752913e-05, 1.2112605873e-05, 1.13736005005e-05, 4.68858661407e-06, 4.04333059123e-06, 4.81215420223e-06, 1.68657459199e-06, 1.03801858131e-06, 9.22462561448e-07, 6.73458032452e-07, 5.55521012302e-07, 3.10924775704e-07, 3.27855047999e-07, 2.15625533428e-07, 2.02083739964e-07, 2.45558652523e-07, 1.66013734315e-07, 1.49996765231e-07, 1.97188086304e-07, 2.01862164317e-07, 1.96813147113e-07, 2.57871732856e-07, 2.06315021956e-07, 1.84895029065e-07, 2.15818204197e-07, 1.74431264099e-07, 1.51183797925e-07],
        "dmean2": [0.00266396370716, 0.00481766462326, 0.00114301848225, 0.000504653027747, 0.00018607036327, 0.000212765968172, 0.000376016949303, 0.000241649002419, 0.000103535276139, 8.07028845884e-05, 5.24100360053e-05, 4.74737717013e-05, 3.01512809529e-05, 2.40645440499e-05, 1.68857077369e-05, 1.64442499226e-05, 7.16543854651e-06, 5.94479888605e-06, 7.23904122424e-06, 2.5651308988e-06, 1.55544387326e-06, 1.37109134357e-06, 1.04293633285e-06, 8.75516946053e-07, 5.01679551235e-07, 5.13767531629e-07, 3.48679236595e-07, 3.20707215451e-07, 4.0122645828e-07, 2.72478644092e-07, 2.4287626843e-07, 3.14817071967e-07, 3.37819983542e-07, 3.3018741874e-07, 4.44062152383e-07, 3.50840679175e-07, 3.1289312119e-07, 3.72463773601e-07, 2.94476592444e-07, 2.4885346761e-07],
        "dvar": [1.71983374457e-05, 5.95027995587e-05, 2.8450838272e-06, 1.05012179574e-06, 9.56100976168e-08, 2.1036412079e-07, 9.49296406816e-07, 3.471842831e-07, 1.63273369935e-07, 9.26735950202e-08, 4.01043678266e-08, 8.03870960908e-08, 4.60811158121e-08, 3.44883055448e-08, 8.69678640214e-09, 6.00796568051e-09, 1.31505173417e-09, 7.1182054695e-10, 2.30624896957e-09, 1.28425631241e-10, 5.36901530179e-11, 3.82457850112e-11, 1.68076629004e-11, 1.43089940938e-11, 1.75086160847e-12, 3.44488803802e-12, 1.04058721275e-12, 1.22821219341e-12, 2.02858216336e-12, 6.03004191718e-13, 6.40521761065e-13, 9.45347207633e-13, 4.64446894572e-13, 9.63973584116e-13, 1.46430285432e-12, 5.6204699098e-13, 3.7665842125e-13, 5.31891588065e-13, 3.62824462315e-13, 2.47042620735e-13],
        "dvar2": [4.35696674685e-05, 0.000135284397402, 6.56849624647e-06, 2.55736267718e-06, 2.47414533305e-07, 5.43048770396e-07, 2.51743927038e-06, 8.02397494226e-07, 2.67879158855e-07, 2.2702147362e-07, 7.75406903131e-08, 1.46616528696e-07, 9.12889248639e-08, 7.27129076949e-08, 1.7364484961e-08, 1.18519087877e-08, 3.08337999577e-09, 1.50175405444e-09, 4.88925921971e-09, 2.4150478839e-10, 1.09818647231e-10, 8.01358562841e-11, 4.00009886325e-11, 3.60156036938e-11, 4.68242762272e-12, 8.56326641541e-12, 2.81605294639e-12, 3.23654753172e-12, 5.61464893675e-12, 1.67681352744e-12, 1.73904499742e-12, 1.71608983534e-12, 1.23267325167e-12, 2.66602430236e-12, 3.95109986395e-12, 1.51901700853e-12, 1.02439779749e-12, 1.47902209143e-12, 9.97372432039e-13, 6.62431860667e-13],
        "max": [0.0671159178019, 0.190048381686, 0.0450097545981, 0.0353840775788, 0.0122599955648, 0.0204857680947, 0.03853463009, 0.0204883050174, 0.0158473122865, 0.0128411864862, 0.0116524184123, 0.0126434480771, 0.0114358561113, 0.0115959485993, 0.00562184257433, 0.00341361109167, 0.00270480732433, 0.00122251501307, 0.00306085287593, 0.000679664954077, 0.000422961282311, 0.000353192299372, 0.000219224690227, 0.000188387712114, 6.62128441036e-05, 0.000135916852742, 5.29150056536e-05, 6.23527885182e-05, 7.4134542956e-05, 4.48129867436e-05, 5.46340997971e-05, 0.000103565558675, 2.32617112488e-05, 4.35673755419e-05, 4.6065011702e-05, 2.42450732912e-05, 1.51262865984e-05, 1.34277624966e-05, 1.3511886209e-05, 1.34320325742e-05],
        "mean": [0.00287532527, 0.00497786421329, 0.00124754616991, 0.000421801785706, 0.000242638256168, 0.000425739679486, 0.000838826643303, 0.000475559994811, 0.0002864850685, 0.000126482598716, 7.87249518908e-05, 7.14835259714e-05, 4.16217117163e-05, 3.16842779284e-05, 2.23022507271e-05, 1.90241335076e-05, 7.17113152859e-06, 6.81293658999e-06, 8.31720353744e-06, 2.77961953543e-06, 1.56238627369e-06, 1.37319682381e-06, 9.51162348883e-07, 7.53810354581e-07, 4.68869330916e-07, 4.83284054553e-07, 2.87973847435e-07, 2.69871890168e-07, 3.12325397545e-07, 2.01161341806e-07, 1.93033812934e-07, 2.43007235667e-07, 2.14886895833e-07, 2.07791941875e-07, 2.51392663131e-07, 2.09202710266e-07, 2.13039044183e-07, 2.33819861251e-07, 2.10830364722e-07, 1.90312817949e-07],
        "median": [0.000499712536111, 0.0011275196448, 0.000355637457687, 0.0001054268796, 7.47503072489e-05, 6.21399522061e-05, 5.777876504e-05, 3.25154906022e-05, 9.85732185654e-06, 5.79361312703e-06, 4.62133402834e-06, 2.90925527224e-06, 2.58042200585e-06, 1.98757425096e-06, 1.33771004585e-06, 1.62946457749e-06, 8.81297296473e-07, 6.7226721967e-07, 4.27299085004e-07, 3.06486583668e-07, 1.78832266329e-07, 1.42175153428e-07, 1.13391578793e-07, 9.86302950423e-08, 9.24343908082e-08, 6.32055190408e-08, 4.98795174053e-08, 4.89108842316e-08, 5.3684502177e-08, 3.36357004471e-08, 3.2393820959e-08, 3.97575838917e-08, 3.04043012989e-08, 3.30960787664e-08, 3.80532121369e-08, 3.90297287822e-08, 4.61812632579e-08, 5.33216244492e-08, 4.42234480147e-08, 4.23217514367e-08],
        "min": [8.44900302029e-25, 7.03469719763e-25, 1.13520200262e-24, 1.41700224784e-24, 1.00288971564e-24, 1.91279876297e-24, 1.66475841184e-24, 3.71333946369e-24, 2.67614080677e-24, 1.24450992231e-24, 1.8017644212e-24, 2.46267859569e-24, 2.99062829246e-24, 1.43242467575e-24, 1.89090708399e-24, 3.26206980792e-24, 2.80217671917e-24, 3.64524854023e-24, 2.6677571875e-24, 3.52992614778e-24, 4.25621145056e-24, 4.99480535004e-24, 4.44677657943e-24, 4.62006013246e-24, 4.89329315103e-24, 4.42618573209e-24, 5.19635023942e-24, 5.59257732274e-24, 3.55477289972e-24, 4.49786991697e-24, 6.04556176491e-24, 5.93787081286e-24, 5.19632184043e-24, 5.91191334477e-24, 5.76129573771e-24, 6.06916369433e-24, 6.74434422108e-24, 6.52331288962e-24, 7.05513569622e-24, 6.88891165943e-24],
        "var": [2.61564473476e-05, 9.45250721998e-05, 5.47133868167e-06, 1.3107421637e-06, 2.47324777547e-07, 1.08284746148e-06, 7.11092388883e-06, 1.89330660305e-06, 1.4156579482e-06, 2.10214849972e-07, 1.68482898744e-07, 2.44068502298e-07, 1.14218408953e-07, 6.77182754316e-08, 1.7355693771e-08, 1.21623529026e-08, 1.70889735696e-09, 1.29906385649e-09, 3.8633825028e-09, 3.71339736738e-10, 8.29298851812e-11, 5.85738263448e-11, 2.18675581115e-11, 1.61674579974e-11, 2.63700584806e-12, 6.06725997568e-12, 1.02580465823e-12, 1.14708307956e-12, 1.67723116212e-12, 4.94165797692e-13, 5.66117844877e-13, 1.59863051616e-12, 4.39085671034e-13, 7.13565111946e-13, 1.16569275933e-12, 4.54817227716e-13, 3.21873278898e-13, 4.06995292503e-13, 3.10740582571e-13, 2.35116776309e-13]
    },
    "mfcc": {
        "mean": [-792.809509277, 153.984741211, 49.8259735107, 9.64548015594, 12.8956336975, 5.81923866272, 1.99202370644, -1.65959191322, -0.356153547764, 4.83697843552, 5.73031377792, 5.77609109879, 3.02687215805],
        "cov": [[13157.9189453, 1400.2322998, 141.608840942, 251.935089111, 50.9133796692, 141.907302856, 236.824295044, 141.68927002, 84.6200180054, 24.3018417358, 51.5692977905, -59.2136611938, -126.42477417], [1400.2322998, 1487.15515137, 69.3841018677, -58.2765655518, 98.0186080933, 42.2734069824, 34.6779022217, -63.0833511353, -40.8476638794, 9.65666389465, 31.7602558136, 26.7152175903, 22.2820243835], [141.608840942, 69.3841018677, 1494.20373535, 351.079620361, 159.183319092, 256.86541748, 241.019241333, 144.840423584, 78.0234069824, 63.5096817017, -20.7594718933, -73.6512985229, -87.5771331787], [251.935089111, -58.2765655518, 351.079620361, 399.247558594, 123.769477844, 85.5442886353, 123.077293396, 54.5808906555, 39.3334121704, 34.9057540894, 5.70116567612, -33.0582008362, -27.6518096924], [50.9133796692, 98.0186080933, 159.183319092, 123.769477844, 273.100952148, 145.702026367, 73.431427002, 24.1163463593, -10.5748300552, -9.174451828, -3.71895074844, 7.19297552109, 5.60681676865], [141.907302856, 42.2734069824, 256.86541748, 85.5442886353, 145.702026367, 250.21194458, 149.910247803, 23.8226108551, -33.4280090332, -35.9039916992, -19.0209026337, -14.3206043243, -2.36746931076], [236.824295044, 34.6779022217, 241.019241333, 123.077293396, 73.431427002, 149.910247803, 336.549804688, 188.778823853, 8.9988193512, -59.6757774353, -63.8096618652, -71.7014770508, -67.7767791748], [141.68927002, -63.0833511353, 144.840423584, 54.5808906555, 24.1163463593, 23.8226108551, 188.778823853, 322.504425049, 172.162033081, 9.84987163544, -57.8076324463, -63.1629257202, -90.634727478], [84.6200180054, -40.8476638794, 78.0234069824, 39.3334121704, -10.5748300552, -33.4280090332, 8.9988193512, 172.162033081, 268.420135498, 147.955337524, 18.5089855194, -19.5184211731, -33.2153511047], [24.3018417358, 9.65666389465, 63.5096817017, 34.9057540894, -9.174451828, -35.9039916992, -59.6757774353, 9.84987163544, 147.955337524, 222.391891479, 118.949172974, 30.9966335297, 22.3907356262], [51.5692977905, 31.7602558136, -20.7594718933, 5.70116567612, -3.71895074844, -19.0209026337, -63.8096618652, -57.8076324463, 18.5089855194, 118.949172974, 174.889099121, 102.692375183, 47.825958252], [-59.2136611938, 26.7152175903, -73.6512985229, -33.0582008362, 7.19297552109, -14.3206043243, -71.7014770508, -63.1629257202, -19.5184211731, 30.9966335297, 102.692375183, 157.792495728, 96.0485534668], [-126.42477417, 22.2820243835, -87.5771331787, -27.6518096924, 5.60681676865, -2.36746931076, -67.7767791748, -90.634727478, -33.2153511047, 22.3907356262, 47.825958252, 96.0485534668, 169.227203369]],
