{
"lowlevel": {
    "average_loudness": 0.841270029545,
    "barkbands_crest": {
        "dmean": 2.44955825806,
        "dmean2": 3.98360085487,
        "dvar": 5.28134822845,
        "dvar2": 13.7888278961,
        "max": 26.4548587799,
        "mean": 12.5754594803,
        "median": 11.8115825653,
        "min": 3.41111207008,
        "var": 18.6525249481
    },
    "barkbands_flatness_db": {
        "dmean": 0.0314661152661,
        "dmean2": 0.0450852625072,
        "dvar": 0.001066639903,
        "dvar2": 0.00211805105209,
        "max": 0.585366547108,
        "mean": 0.327207177877,
        "median": 0.329732835293,
        "min": 0.0434716306627,
        "var": 0.00695410510525
    },
    "barkbands_kurtosis": {
        "dmean": 10.0592164993,
        "dmean2": 15.8554363251,
        "dvar": 584.587097168,
        "dvar2": 1396.21520996,
        "max": 838.842041016,
        "mean": 18.7366256714,
        "median": 8.52475166321,
        "min": -1.83110547066,
        "var": 1198.7298584
    },
    "barkbands_skewness": {
        "dmean": 0.779091536999,
        "dmean2": 1.20841395855,
        "dvar": 0.935025572777,
        "dvar2": 2.19516348839,
        "max": 20.1555309296,
        "mean": 2.00486016273,
        "median": 1.68499588966,
        "min": -4.96360969543,
        "var": 3.51427268982
    },
    "barkbands_spread": {
        "dmean": 1.30639028549,
        "dmean2": 2.09694766998,
        "dvar": 9.2841501236,
        "dvar2": 22.7484722137,
        "max": 79.7789993286,
        "mean": 3.90425801277,
        "median": 2.87524867058,
        "min": 0.119611032307,
        "var": 23.2130298615
    },
    "dissonance": {
        "dmean": 0.0405990220606,
        "dmean2": 0.0663451626897,
        "dvar": 0.001332811662,
        "dvar2": 0.00337438611314,
        "max": 0.500000178814,
        "mean": 0.38657066226,
        "median": 0.393924236298,
        "min": 0.0936926305294,
        "var": 0.00423587439582
    },
    "dynamic_complexity": 4.98769712448,
    "erbbands_crest": {
        "dmean": 2.75906705856,
        "dmean2": 4.33003759384,
        "dvar": 7.02397298813,
        "dvar2": 16.2516803741,
        "max": 33.12342453,
        "mean": 13.3034572601,
        "median": 12.5432815552,
        "min": 2.65373086929,
        "var": 27.1704521179
    },
    "erbbands_flatness_db": {
        "dmean": 0.0247028172016,
        "dmean2": 0.0350661836565,
        "dvar": 0.000706420221832,
        "dvar2": 0.00138174137101,
        "max": 0.531759798527,
        "mean": 0.273569047451,
        "median": 0.278815209866,
        "min": 0.0598664171994,
        "var": 0.00397174106911
    },
    "erbbands_kurtosis": {
        "dmean": 4.51678419113,
        "dmean2": 6.76090526581,
        "dvar": 67.2123413086,
        "dvar2": 138.792037964,
        "max": 225.376708984,
        "mean": 10.4778194427,
        "median": 5.0568561554,
        "min": -1.79177796841,
        "var": 293.086639404
    },
    "erbbands_skewness": {
        "dmean": 0.562175631523,
        "dmean2": 0.835787415504,
        "dvar": 0.418531805277,
        "dvar2": 0.878753304482,
        "max": 11.7582015991,
        "mean": 1.87807095051,
        "median": 1.56411528587,
        "min": -3.89102768898,
        "var": 2.45413589478
    },
    "erbbands_spread": {
        "dmean": 4.62743377686,
        "dmean2": 7.21194982529,
        "dvar": 70.5797348022,
        "dvar2": 157.828872681,
        "max": 127.502609253,
        "mean": 13.7952299118,
        "median": 10.2035198212,
        "min": 0.384325414896,
        "var": 153.864242554
    },
    "hfc": {
        "dmean": 2.05801200867,
        "dmean2": 2.63122582436,
        "dvar": 12.4595422745,
        "dvar2": 19.4769458771,
        "max": 71.6529541016,
        "mean": 6.76510810852,
        "median": 3.71246504784,
        "min": 1.08809885492e-16,
        "var": 70.3791275024
    },
    "melbands_crest": {
        "dmean": 3.1664147377,
        "dmean2": 5.08020687103,
        "dvar": 9.56826210022,
        "dvar2": 23.4147281647,
        "max": 33.7731132507,
        "mean": 17.3910808563,
        "median": 16.3397903442,
        "min": 1.59784555435,
        "var": 45.002040863
    },
    "melbands_flatness_db": {
        "dmean": 0.0356277935207,
        "dmean2": 0.0500266775489,
        "dvar": 0.00147413730156,
        "dvar2": 0.00285337562673,
        "max": 0.70834338665,
        "mean": 0.409763008356,
        "median": 0.41476380825,
        "min": 0.00284009450115,
        "var": 0.0111160967499
    },
    "melbands_kurtosis": {
        "dmean": 12.6673488617,
        "dmean2": 19.9670600891,
        "dvar": 677.673950195,
        "dvar2": 1588.33276367,
        "max": 446.887908936,
        "mean": 24.4799156189,
        "median": 10.2753953934,
        "min": -1.80145561695,
        "var": 1652.671875
    },
    "melbands_skewness": {
        "dmean": 0.780326485634,
        "dmean2": 1.20701944828,
        "dvar": 0.954718410969,
        "dvar2": 2.22261977196,
        "max": 13.6898479462,
        "mean": 2.28115439415,
        "median": 1.86108994484,
        "min": -4.47721242905,
        "var": 3.64892959595
    },
    "melbands_spread": {
        "dmean": 1.48634195328,
        "dmean2": 2.38191008568,
        "dvar": 12.8782901764,
        "dvar2": 31.8586025238,
        "max": 152.808685303,
        "mean": 6.23608922958,
        "median": 3.67111825943,
        "min": 0.231856897473,
        "var": 274.457061768
    },
    "pitch_salience": {
        "dmean": 0.0758862197399,
        "dmean2": 0.120726138353,
        "dvar": 0.00556464167312,
        "dvar2": 0.013700760901,
        "max": 0.8585755229,
        "mean": 0.508177101612,
        "median": 0.529420852661,
        "min": 0.0414504744112,
        "var": 0.0229053590447
    },
    "silence_rate_20dB": {
        "dmean": 0,
        "dmean2": 0,
        "dvar": 0,
        "dvar2": 0,
        "max": 1,
        "mean": 1,
        "median": 1,
        "min": 1,
        "var": 0
    },
    "silence_rate_30dB": {
        "dmean": 0.00677966093644,
        "dmean2": 0.0135615114123,
        "dvar": 0.00673351809382,
        "dvar2": 0.0162828676403,
        "max": 1,
        "mean": 0.99176889658,
        "median": 1,
        "min": 0,
        "var": 0.00816399231553
    },
    "silence_rate_60dB": {
        "dmean": 0.0516545586288,
        "dmean2": 0.103325799108,
        "dvar": 0.0489858053625,
        "dvar2": 0.105890922248,
        "max": 1,
        "mean": 0.15510006249,
        "median": 0,
        "min": 0,
        "var": 0.13104493916
    },
    "spectral_centroid": {
        "dmean": 70.2412033081,
        "dmean2": 108.742012024,
        "dvar": 43487.6328125,
        "dvar2": 84808.46875,
        "max": 11751.1855469,
        "mean": 527.734558105,
        "median": 333.336425781,
        "min": 102.426719666,
        "var": 1923374.125
    },
    "spectral_complexity": {
        "dmean": 1.27780473232,
        "dmean2": 1.98966741562,
        "dvar": 2.43821525574,
        "dvar2": 4.47735404968,
        "max": 23,
        "mean": 6.76936721802,
        "median": 6,
        "min": 0,
        "var": 17.0715236664
    },
    "spectral_decrease": {
        "dmean": 1.89274240725e-09,
        "dmean2": 2.56210097582e-09,
        "dvar": 6.57046517753e-18,
        "dvar2": 1.14024845663e-17,
        "max": 2.63019558051e-28,
        "mean": -6.12648909382e-09,
        "median": -4.27100221856e-09,
        "min": -4.11141307666e-08,
        "var": 3.73712127469e-17
    },
    "spectral_energy": {
        "dmean": 0.00731577398255,
        "dmean2": 0.00988638121635,
        "dvar": 9.86086160992e-05,
        "dvar2": 0.000170475235791,
        "max": 0.161024257541,
        "mean": 0.0237363129854,
        "median": 0.0165154151618,
        "min": 1.01723949467e-20,
        "var": 0.000563510286156
    },
    "spectral_energyband_high": {
        "dmean": 1.55488378368e-05,
        "dmean2": 2.51620294875e-05,
        "dvar": 2.7728437324e-09,
        "dvar2": 7.14710646221e-09,
        "max": 0.000973154674284,
        "mean": 1.54685676534e-05,
        "median": 1.60887077527e-06,
        "min": 6.973135795e-21,
        "var": 2.50972242988e-09
    },
    "spectral_energyband_low": {
        "dmean": 0.00405539525673,
        "dmean2": 0.00584419257939,
        "dvar": 4.74334483442e-05,
        "dvar2": 9.03574109543e-05,
        "max": 0.111927598715,
        "mean": 0.00930980220437,
        "median": 0.00382231688127,
        "min": 1.46743684708e-23,
        "var": 0.000177356851054
    },
    "spectral_energyband_middle_high": {
        "dmean": 0.00022465128859,
        "dmean2": 0.000305205525365,
        "dvar": 4.39028895016e-07,
        "dvar2": 7.89630576037e-07,
        "max": 0.0228898413479,
        "mean": 0.000565843656659,
        "median": 0.000100693912827,
        "min": 1.24365817499e-21,
        "var": 1.51825781813e-06
    },
    "spectral_energyband_middle_low": {
        "dmean": 0.00494715804234,
        "dmean2": 0.00677491910756,
        "dvar": 6.38473284198e-05,
        "dvar2": 0.000111761837616,
        "max": 0.140338018537,
        "mean": 0.0148436753079,
        "median": 0.00754991546273,
        "min": 1.63746988297e-22,
        "var": 0.000345790322172
    },
    "spectral_entropy": {
        "dmean": 0.287955641747,
        "dmean2": 0.410475164652,
        "dvar": 0.101392261684,
        "dvar2": 0.201375797391,
        "max": 9.82229804993,
        "mean": 5.99063539505,
        "median": 5.87289237976,
        "min": 3.73861265182,
        "var": 0.686216711998
    },
    "spectral_flux": {
        "dmean": 0.0216584969312,
        "dmean2": 0.0344136282802,
        "dvar": 0.000658150878735,
        "dvar2": 0.00153200654313,
        "max": 0.282154947519,
        "mean": 0.0529822446406,
        "median": 0.0436708442867,
        "min": 6.42366368431e-11,
        "var": 0.00150443520397
    },
    "spectral_kurtosis": {
        "dmean": 11.6218776703,
        "dmean2": 18.7938671112,
        "dvar": 170.183898926,
        "dvar2": 414.288513184,
        "max": 135.483184814,
        "mean": 27.6594409943,
        "median": 21.1168689728,
        "min": -1.26326084137,
        "var": 522.768493652
    },
    "spectral_rms": {
        "dmean": 0.000737371505238,
        "dmean2": 0.000980040524155,
        "dvar": 6.74598709338e-07,
        "dvar2": 1.11316387574e-06,
        "max": 0.0125338276848,
        "mean": 0.00418540183455,
        "median": 0.00401405012235,
        "min": 3.15028363639e-12,
        "var": 5.63978665014e-06
    },
    "spectral_rolloff": {
        "dmean": 77.8729553223,
        "dmean2": 134.001068115,
        "dvar": 102263.539062,
        "dvar2": 213237.234375,
        "max": 19573.6816406,
        "mean": 701.338500977,
        "median": 366.064453125,
        "min": 86.1328125,
        "var": 5735699
    },
    "spectral_skewness": {
        "dmean": 0.811670720577,
        "dmean2": 1.27068436146,
        "dvar": 0.624151647091,
        "dvar2": 1.44710719585,
        "max": 9.76449966431,
        "mean": 3.86340761185,
        "median": 3.72515320778,
        "min": -0.0780724361539,
        "var": 2.71574211121
    },
    "spectral_spread": {
        "dmean": 548085.3125,
        "dmean2": 860302.3125,
        "dvar": 636794699776,
        "dvar2": 1.3103062057e+12,
        "max": 42677460,
        "mean": 3112777.5,
        "median": 2240131.75,
        "min": 634809.8125,
        "var": 2.53545928458e+13
    },
    "spectral_strongpeak": {
        "dmean": 0.288809388876,
        "dmean2": 0.463560730219,
        "dvar": 0.183089196682,
        "dvar2": 0.407435536385,
        "max": 6.2593665123,
        "mean": 0.720407068729,
        "median": 0.517219901085,
        "min": 0,
        "var": 0.489854723215
    },
    "zerocrossingrate": {
        "dmean": 0.00312886200845,
        "dmean2": 0.00404783105478,
        "dvar": 4.8376583436e-05,
        "dvar2": 7.76500164648e-05,
        "max": 0.52197265625,
        "mean": 0.0241121575236,
        "median": 0.0146484375,
        "min": 0.00341796875,
        "var": 0.00408617826179
    },
    "barkbands": {
        "dmean": [1.1808359659e-06, 0.00140085455496, 0.00266262120567, 0.000945665815379, 0.00216499622911, 0.0018427883042, 0.000749583065044, 0.00080164213432, 0.000404249993153, 0.000131655760924, 5.36198094778e-05, 4.7294095566e-05, 4.07200859627e-05, 2.33943883359e-05, 1.4252852452e-05, 8.4289113147e-06, 6.37452058072e-06, 5.20424555361e-06, 7.2153407018e-06, 5.76361753701e-06, 5.12666701979e-06, 3.17859780807e-06, 1.98854877453e-06, 1.44657997225e-06, 8.04637750207e-07, 7.57950360253e-08, 1.92943239163e-09],
        "dmean2": [2.06973277272e-06, 0.00205887691118, 0.0038769277744, 0.00151445774827, 0.00340032647364, 0.00264132092707, 0.0010578779038, 0.00107575091533, 0.000547952076886, 0.000192902807612, 7.51145853428e-05, 6.89159351168e-05, 6.31233924651e-05, 3.50495356543e-05, 2.26130396186e-05, 1.37803226608e-05, 9.95616119326e-06, 8.43706948217e-06, 1.12190600703e-05, 9.22492927202e-06, 8.43087764224e-06, 5.27713791598e-06, 3.31251203534e-06, 2.42438636633e-06, 1.36928622396e-06, 1.31647098556e-07, 3.52926909919e-09],
        "dvar": [1.09709194854e-11, 6.64667140882e-06, 2.33350565395e-05, 3.21452239405e-06, 1.2367090676e-05, 1.87528148672e-05, 2.97168071484e-06, 4.44350962425e-06, 2.83426402348e-06, 3.02461813817e-07, 8.11721179161e-08, 4.51150619085e-08, 2.62540442719e-08, 7.33520577612e-09, 2.19435736248e-09, 5.78588621458e-10, 3.76301267924e-10, 3.70842495601e-10, 1.18421761286e-09, 6.10982819893e-10, 4.7796011593e-10, 1.51930912295e-10, 5.71333189092e-11, 3.00511039664e-11, 1.08390319289e-11, 1.52987851879e-13, 3.98881737966e-16],
        "dvar2": [2.87810903582e-11, 1.3408214727e-05, 4.61047493445e-05, 7.93675462774e-06, 2.80675285467e-05, 4.1504175897e-05, 5.79179322813e-06, 8.0295594671e-06, 4.87794068249e-06, 6.21025435521e-07, 1.66685921954e-07, 8.75508234799e-08, 5.4994789167e-08, 1.43287142151e-08, 5.08298647617e-09, 1.47670853323e-09, 8.80724382313e-10, 9.5156560409e-10, 2.92659851908e-09, 1.47088818903e-09, 1.26623678209e-09, 4.00667138356e-10, 1.54280907494e-10, 7.99579291666e-11, 2.96032295899e-11, 4.30870888014e-13, 1.13706856922e-15],
        "max": [7.96450767666e-05, 0.0369018316269, 0.0813652127981, 0.0451152063906, 0.0641791000962, 0.0783751606941, 0.0377705767751, 0.0447538271546, 0.0459509342909, 0.0148527203128, 0.0182351768017, 0.0103879803792, 0.00696469238028, 0.00287935719825, 0.00155070004985, 0.000491970684379, 0.000493163242936, 0.000426782702561, 0.00145266496111, 0.000709753367119, 0.000662671460304, 0.000367779692169, 0.000171352716279, 7.83653958933e-05, 6.34877578705e-05, 1.05088593045e-05, 1.13672933821e-06],
        "mean": [1.18123125503e-06, 0.00289808376692, 0.00551745574921, 0.0017463065451, 0.00434714369476, 0.00423016119748, 0.00165821402334, 0.00184055557474, 0.000820778252091, 0.000316639634548, 0.00010392760305, 8.13908554846e-05, 6.08079681115e-05, 4.04168276873e-05, 2.21944883378e-05, 1.13667647383e-05, 8.03986677056e-06, 6.02407999395e-06, 7.9007122622e-06, 5.75173771722e-06, 5.05427124153e-06, 3.05345952256e-06, 1.81779319064e-06, 1.3086380477e-06, 7.04602484802e-07, 6.30749852348e-08, 1.46067491436e-09],
        "median": [3.78331037609e-07, 0.000974573369604, 0.00133343553171, 0.000665378407575, 0.00187781860586, 0.000780139467679, 0.000295757199638, 0.000184209668078, 8.6559302872e-05, 2.40539011429e-05, 1.16372302728e-05, 9.69349002844e-06, 5.98592714596e-06, 4.01919942306e-06, 1.95728125618e-06, 1.56019655151e-06, 9.94723450276e-07, 7.55114115236e-07, 8.93610490493e-07, 5.00838723383e-07, 4.98961753692e-07, 3.32108129442e-07, 1.95384245671e-07, 1.29503547441e-07, 8.0380033296e-08, 1.02789652345e-08, 2.78170153578e-10],
        "min": [1.3394778052e-25, 1.41174646206e-24, 3.78785023581e-25, 1.41726483991e-24, 5.95038411897e-24, 6.18577863537e-24, 1.16598232962e-23, 6.8462192961e-24, 1.33761227242e-23, 1.84022963392e-23, 7.7966957127e-24, 1.91456715247e-23, 2.46712382689e-23, 2.90572970134e-23, 5.80550634274e-23, 6.23740705726e-23, 6.95090460921e-23, 9.8934952563e-23, 1.42253671451e-22, 1.78234854272e-22, 2.40002612664e-22, 3.51012987269e-22, 4.37858898895e-22, 4.74549135142e-22, 8.58637103792e-22, 1.29527840535e-21, 1.87975946019e-21],
        "var": [1.0092287249e-11, 2.3330860131e-05, 8.58665516716e-05, 8.02571867098e-06, 3.87296458939e-05, 5.92141077504e-05, 1.19446403914e-05, 1.74096876435e-05, 9.12837549549e-06, 1.04797220501e-06, 1.71133734739e-07, 8.52758290648e-08, 4.00859292427e-08, 1.63988129742e-08, 5.18872766975e-09, 8.08492328641e-10, 5.24823629e-10, 3.95094318373e-10, 1.15500442543e-09, 6.14199135995e-10, 3.94830834693e-10, 1.25049970379e-10, 4.40263520085e-11, 2.3531872631e-11, 7.73941067483e-12, 9.71795208323e-14, 2.32349872459e-16]
    },
    "erbbands": {
        "dmean": [0.0093960640952, 0.44318690896, 2.89621162415, 2.75644731522, 4.952044487, 7.73195934296, 11.1301326752, 18.1023845673, 11.2977819443, 11.3672533035, 19.0898094177, 8.26028347015, 5.23629951477, 2.02381968498, 1.98603570461, 1.91164588928, 2.02392148972, 1.09876966476, 0.908482670784, 0.681381165981, 0.441807985306, 0.312729477882, 0.311130434275, 0.312701553106, 0.31572252512, 0.282716721296, 0.255342334509, 0.164905846119, 0.114375688136, 0.0880460441113, 0.0553950145841, 0.034149877727, 0.0232205055654, 0.0132464310154, 0.00294370786287, 0.000594362965785, 0.000100775505416, 8.88497470442e-06, 3.45825037584e-06, 8.0485287981e-06],
        "dmean2": [0.0142386341467, 0.643145382404, 4.12814426422, 4.37582540512, 8.12201023102, 11.8848648071, 15.7319908142, 26.5598983765, 16.0209178925, 15.0872001648, 25.3807811737, 11.1406364441, 7.73800373077, 2.87230300903, 2.79999899864, 2.75719237328, 3.10690569878, 1.61792767048, 1.42135310173, 1.08456969261, 0.699576556683, 0.486636161804, 0.498140454292, 0.486131846905, 0.498662829399, 0.450869083405, 0.418915361166, 0.269368648529, 0.191064596176, 0.146820992231, 0.0921345502138, 0.0566652268171, 0.0393230430782, 0.0224089007825, 0.00507829617709, 0.00103291508276, 0.000173165753949, 1.55449470185e-05, 4.70451823276e-06, 1.08553285827e-05],
        "dvar": [0.000272039906122, 0.655464291573, 29.4240016937, 21.9608306885, 67.1209564209, 198.799194336, 475.514251709, 2222.30419922, 547.29675293, 1060.74975586, 2784.82739258, 1023.6484375, 458.840270996, 36.5069885254, 201.086242676, 73.8360214233, 63.3010406494, 21.448381424, 9.3564491272, 4.80430412292, 1.56804203987, 0.923940896988, 1.31724500656, 1.2239716053, 3.58317375183, 1.42043685913, 1.48504889011, 0.363364428282, 0.245325401425, 0.111349247396, 0.04295328632, 0.0164918527007, 0.00835794303566, 0.00288655073382, 0.000175618275534, 9.03045565792e-06, 2.70784852319e-07, 4.16883016996e-09, 2.5049351482e-11, 1.20032539463e-10],
        "dvar2": [0.000622328487225, 1.27393949032, 54.6588249207, 55.0572090149, 172.330276489, 421.092590332, 990.812072754, 4972.26660156, 1078.45898438, 1934.57824707, 4928.53515625, 1863.22766113, 960.570556641, 67.1141357422, 411.212127686, 143.996856689, 130.608306885, 43.3151626587, 21.5416812897, 11.147064209, 3.78395414352, 2.19716501236, 3.34785699844, 2.93647193909, 9.1941947937, 3.41341257095, 3.81381797791, 0.93148291111, 0.655550420284, 0.294346868992, 0.115569494665, 0.0431241281331, 0.0227412227541, 0.00786897726357, 0.000488391146064, 2.54979204328e-05, 7.62387514897e-07, 1.16668772421e-08, 4.64491708985e-11, 2.06581862727e-10],
        "max": [0.230985462666, 12.1808757782, 94.2661437988, 96.8028182983, 103.404335022, 357.765991211, 487.245361328, 915.061950684, 571.022155762, 838.967529297, 1228.58630371, 1217.0065918, 552.019714355, 235.348907471, 1005.98773193, 451.499664307, 355.240478516, 175.003448486, 94.2018203735, 55.8464546204, 28.2813682556, 26.7663002014, 25.2095413208, 24.6216201782, 96.1895980835, 34.0562438965, 39.6485061646, 11.8940515518, 19.5245933533, 7.19059801102, 3.78713870049, 2.18263745308, 1.33798754215, 1.12789368629, 0.253759473562, 0.0800261422992, 0.0131015330553, 0.00299621815793, 0.000139533425681, 0.000179941314855],
        "mean": [0.0207276828587, 0.943409800529, 6.22864627838, 5.62288427353, 8.82101631165, 14.9287281036, 24.9688129425, 40.2103919983, 25.6162929535, 27.9769802094, 43.3296165466, 18.1266384125, 12.3038024902, 4.90255355835, 3.77543544769, 3.35636925697, 3.18174219131, 1.98264014721, 1.47638726234, 1.09750032425, 0.609237790108, 0.411013692617, 0.391161113977, 0.363766223192, 0.326068252325, 0.280206918716, 0.248848751187, 0.166498109698, 0.109595693648, 0.0819424837828, 0.050287719816, 0.0317265465856, 0.0204490553588, 0.0115434927866, 0.00259037176147, 0.000530184828676, 8.36747058202e-05, 7.40309087632e-06, 1.12066554721e-05, 2.62131634372e-05],
        "median": [0.00903366319835, 0.323681771755, 1.49588751793, 2.98267745972, 4.19542789459, 5.74502944946, 5.68417549133, 5.41419124603, 5.3911075592, 4.2876329422, 4.27316856384, 2.6755490303, 1.19962143898, 0.796263694763, 0.572064995766, 0.447703182697, 0.35141813755, 0.252667307854, 0.154248937964, 0.108490675688, 0.0848694965243, 0.0569375380874, 0.0494396984577, 0.046397395432, 0.0375934392214, 0.0249573066831, 0.0234473720193, 0.017330609262, 0.0120588606223, 0.00851471163332, 0.00518177170306, 0.00323586212471, 0.00197929912247, 0.0012163760839, 0.000390535918996, 0.000114036949526, 1.18360785564e-05, 1.12831867227e-06, 7.81271774031e-06, 1.82020357897e-05],
        "min": [5.36162693314e-23, 3.90414077752e-22, 1.01136996564e-21, 4.70106775394e-21, 7.91126846956e-21, 1.6117491451e-20, 3.4216284033e-20, 6.87922494608e-20, 1.06048328541e-19, 1.95210734229e-19, 2.59643541529e-19, 3.60338615639e-19, 4.69022005569e-19, 5.51760384448e-19, 4.49466938901e-19, 1.19950349845e-18, 1.35325569481e-18, 1.51471835185e-18, 2.67863747093e-18, 3.73797293985e-18, 3.80158561049e-18, 4.74707290298e-18, 5.62235117302e-18, 5.63664816272e-18, 6.54447764423e-18, 8.08410726401e-18, 7.80602651287e-18, 8.72641962711e-18, 1.05300596558e-17, 1.22251388466e-17, 1.21782095817e-17, 1.0259143116e-17, 9.79333207043e-18, 7.74087115038e-18, 6.30856656071e-18, 4.36275362345e-18, 2.17992200782e-18, 1.00431244854e-18, 2.31887935514e-19, 2.69519806624e-20],
        "var": [0.000815681298263, 2.36076140404, 111.472824097, 54.4609565735, 146.489517212, 567.465515137, 1984.41479492, 6635.97460938, 2441.87084961, 4050.2487793, 10171.9824219, 3229.34082031, 1411.80627441, 151.497024536, 377.733062744, 132.001815796, 100.213615417, 44.9931755066, 20.810956955, 10.3299922943, 2.3160905838, 1.20877659321, 1.60955750942, 1.34517920017, 3.09814572334, 1.45103013515, 1.27092301846, 0.334134668112, 0.193577900529, 0.0892629399896, 0.0339050926268, 0.0135039128363, 0.00616570282727, 0.00208039907739, 0.000117988667625, 5.72381577513e-06, 1.72701675183e-07, 2.61282595559e-09, 1.26855956295e-10, 6.89898693729e-10]
    },
    "gfcc": {
        "mean": [-184.916503906, 179.251800537, -73.6819152832, 27.1895885468, -63.9572944641, -3.19667816162, -30.6948242188, -9.70582294464, -13.4496679306, -11.6082754135, -4.50532865524, -19.3901538849, -1.96773314476],
        "cov": [[23764.1660156, 4032.56347656, -2860.34960938, -702.227783203, -1362.75805664, -492.238250732, -608.086181641, -312.627410889, -25.5792732239, -45.0837364197, 84.2894363403, -274.418151855, 7.52789306641], [4032.56347656, 1623.96862793, -274.473175049, -534.032958984, -14.1039247513, -173.922775269, 22.0045642853, -154.901168823, 100.468109131, -56.8206710815, 115.205612183, -107.511070251, 23.874288559], [-2860.34960938, -274.473175049, 1269.35461426, 668.002502441, 393.471038818, 164.810638428, 198.67364502, 16.533946991, -24.0079956055, -85.7550430298, -10.4536533356, -20.667760849, -12.0744819641], [-702.227783203, -534.032958984, 668.002502441, 1099.63427734, 211.866363525, 214.092803955, 17.4059677124, 57.4060134888, -120.672920227, -62.3247184753, -71.6863937378, -15.8625526428, -31.9511756897], [-1362.75805664, -14.1039247513, 393.471038818, 211.866363525, 475.026824951, 93.4705505371, 114.294471741, -18.7936172485, 28.0577373505, -45.0346336365, 17.4032478333, 1.77422189713, -16.9070625305], [-492.238250732, -173.922775269, 164.810638428, 214.092803955, 93.4705505371, 198.362045288, 72.1408233643, 41.2374534607, -24.8870754242, -13.1474504471, -36.3694229126, -4.06013441086, -6.92729473114], [-608.086181641, 22.0045642853, 198.67364502, 17.4059677124, 114.294471741, 72.1408233643, 182.619384766, 43.9613685608, 29.8828220367, -22.2007522583, 7.24958753586, -13.329413414, 2.29730296135], [-312.627410889, -154.901168823, 16.533946991, 57.4060134888, -18.7936172485, 41.2374534607, 43.9613685608, 111.28553009, 28.3116378784, 9.27326393127, -29.1824913025, 7.03811836243, -4.41192770004], [-25.5792732239, 100.468109131, -24.0079956055, -120.672920227, 28.0577373505, -24.8870754242, 29.8828220367, 28.3116378784, 105.229980469, 42.8017539978, 14.4378681183, -10.9839458466, 7.33840179443], [-45.0837364197, -56.8206710815, -85.7550430298, -62.3247184753, -45.0346336365, -13.1474504471, -22.2007522583, 9.27326393127, 42.8017539978, 101.54776001, 39.4442939758, 12.4256162643, -4.70923471451], [84.2894363403, 115.205612183, -10.4536533356, -71.6863937378, 17.4032478333, -36.3694229126, 7.24958753586, -29.1824913025, 14.4378681183, 39.4442939758, 94.1795883179, 27.3709850311, 0.579272389412], [-274.418151855, -107.511070251, -20.667760849, -15.8625526428, 1.77422189713, -4.06013441086, -13.329413414, 7.03811836243, -10.9839458466, 12.4256162643, 27.3709850311, 74.9576950073, 20.6503257751], [7.52789306641, 23.874288559, -12.0744819641, -31.9511756897, -16.9070625305, -6.92729473114, 2.29730296135, -4.41192770004, 7.33840179443, -4.70923471451, 0.579272389412, 20.6503257751, 56.797039032]],
        "icov": [[0.000245809264015, -0.000780211645178, 0.000566757866181, -0.000652103801258, 0.00052924657939, -4.00814278692e-05, -5.96729987592e-05, 0.000188480044017, -0.000102706202597, -0.000101634264865, 0.000458166672615, -0.00052197650075, 0.000408684194554], [-0.000780211645178, 0.00391116552055, -0.00153013528325, 0.00231191143394, -0.00148191256449, -3.51017879439e-05, 0.00030925279134, 0.000569101248402, -0.00152502406854, 0.00303806108423, -0.00435346504673, 0.004280670546, -0.00204209634103], [0.000566757866181, -0.00153013528325, 0.00310022314079, -0.00255508651026, 0.000763415941037, 0.000212176921195, -0.00179776723962, 0.00154002720956, -0.00121377396863, 0.00076561892638, 0.000463175761979, -0.000972000940237, 0.000804229988717], [-0.000652103801258, 0.00231191143394, -0.00255508651026, 0.00407181913033, -0.00207319622859, -0.00112292496487, 0.00219611171633, -0.00259912735783, 0.00276200054213, 7.33620472602e-05, -0.00183867407031, 0.00323881092481, -0.00169236969668], [0.00052924657939, -0.00148191256449, 0.000763415941037, -0.00207319622859, 0.00537043809891, -0.00148813985288, -0.00154753343668, 0.00380540895276, -0.00478839315474, 0.0028393168468, 8.96002820809e-05, -0.00340204173699, 0.00341422227211], [-4.00814278692e-05, -3.51017879439e-05, 0.000212176921195, -0.00112292496487, -0.00148813985288, 0.00937919411808, -0.00408805208281, -0.00119628186803, 0.00388691923581, -0.00405852356926, 0.00439676363021, -0.000693809532095, -0.000424440746428], [-5.96729987592e-05, 0.00030925279134, -0.00179776723962, 0.00219611171633, -0.00154753343668, -0.00408805208281, 0.012318671681, -0.00639597466215, -0.000593119184487, 0.00391072453931, -0.00605567591265, 0.00498541537672, -0.00257316092029], [0.000188480044017, 0.000569101248402, 0.00154002720956, -0.00259912735783, 0.00380540895276, -0.00119628186803, -0.00639597466215, 0.0197296477854, -0.0105666108429, 0.00181937206071, 0.00568250007927, -0.00719074951485, 0.00545176584274], [-0.000102706202597, -0.00152502406854, -0.00121377396863, 0.00276200054213, -0.00478839315474, 0.00388691923581, -0.000593119184487, -0.0105666108429, 0.0252043157816, -0.0139555111527, 0.00355938752182, 0.00530566694215, -0.00617668917403], [-0.000101634264865, 0.00303806108423, 0.00076561892638, 7.33620472602e-05, 0.0028393168468, -0.00405852356926, 0.00391072453931, 0.00181937206071, -0.0139555111527, 0.0248550418764, -0.0144562702626, 0.0029539950192, 0.00221115886234], [0.000458166672615, -0.00435346504673, 0.000463175761979, -0.00183867407031, 8.96002820809e-05, 0.00439676363021, -0.00605567591265, 0.00568250007927, 0.00355938752182, -0.0144562702626, 0.0279358010739, -0.0150291509926, 0.00560351321474], [-0.00052197650075, 0.004280670546, -0.000972000940237, 0.00323881092481, -0.00340204173699, -0.000693809532095, 0.00498541537672, -0.00719074951485, 0.00530566694215, 0.0029539950192, -0.0150291509926, 0.0288829579949, -0.0127609567717], [0.000408684194554, -0.00204209634103, 0.000804229988717, -0.00169236969668, 0.00341422227211, -0.000424440746428, -0.00257316092029, 0.00545176584274, -0.00617668917403, 0.00221115886234, 0.00560351321474, -0.0127609567717, 0.0246857013553]]
    },
    "melbands": {
        "dmean": [0.000223800670938, 0.00117634993512, 0.000493124651257, 0.000477125518955, 0.000371969625121, 0.000379749573767, 0.000165874516824, 0.000131649983814, 0.00015607792011, 4.47460333817e-05, 2.56512485066e-05, 8.1686557678e-06, 6.37688208371e-06, 5.75200692765e-06, 5.0972007557e-06, 3.77215337721e-06, 1.93980577023e-06, 1.66375355093e-06, 8.96101312264e-07, 7.66846824263e-07, 5.20262005921e-07, 3.38828868962e-07, 3.42070336501e-07, 2.34476701166e-07, 2.67375924068e-07, 2.55733198173e-07, 2.01712680337e-07, 1.90751450191e-07, 1.64991362794e-07, 1.44403031754e-07, 8.19626322368e-08, 6.3247703963e-08, 6.39335127062e-08, 4.31811528756e-08, 3.2921253279e-08, 2.58000660835e-08, 1.92805824639e-08, 1.67909117721e-08, 1.53441845896e-08, 9.41459088466e-09],
        "dmean2": [0.000333166099153, 0.00167900149245, 0.000775502936449, 0.000764550000895, 0.000532118428964, 0.000553811318241, 0.00023389562557, 0.000175578767085, 0.000207435063203, 6.13295778749e-05, 3.82137586712e-05, 1.16204209917e-05, 9.03132149688e-06, 8.2181122707e-06, 7.54775828682e-06, 5.81005633649e-06, 2.90968000627e-06, 2.62337471213e-06, 1.41587122471e-06, 1.24717018934e-06, 8.28346173876e-07, 5.32887497684e-07, 5.52519964003e-07, 3.81802834681e-07, 4.18679235281e-07, 4.0446246885e-07, 3.23965224425e-07, 3.07608104322e-07, 2.71689287956e-07, 2.38964759092e-07, 1.3546791422e-07, 1.06367103569e-07, 1.06556520052e-07, 7.24332096524e-08, 5.56136470209e-08, 4.29803606039e-08, 3.21880300191e-08, 2.86612511502e-08, 2.58275800746e-08, 1.60497037882e-08],
        "dvar": [1.62177542506e-07, 4.6683076107e-06, 5.86901990118e-07, 7.17166017239e-07, 4.93325615025e-07, 9.00288569028e-07, 1.17248262654e-07, 1.27532644001e-07, 2.02930252158e-07, 3.23972635385e-08, 1.12990043988e-08, 6.64467203482e-10, 1.40171396712e-09, 6.28916030365e-10, 1.62354496513e-09, 1.67168501264e-10, 6.42192132805e-11, 3.10341231879e-11, 7.0989373234e-12, 5.33575484143e-12, 2.31550217368e-12, 1.09104869236e-12, 1.75756230316e-12, 7.66463661202e-13, 9.9080043215e-13, 1.38965304108e-12, 1.64164374369e-12, 7.26391874168e-13, 7.6084798184e-13, 4.02378217551e-13, 9.7360630029e-14, 7.23073876707e-14, 6.72230825692e-14, 2.8423806684e-14, 1.59735353606e-14, 9.71432271646e-15, 5.67947364892e-15, 4.47674446206e-15, 3.71613174531e-15, 1.57479243235e-15],
        "dvar2": [3.45082639797e-07, 8.61589251144e-06, 1.43817896969e-06, 1.64241168932e-06, 1.03952595509e-06, 2.01843886316e-06, 2.30332318552e-07, 2.30143115232e-07, 3.51391463482e-07, 5.88818309666e-08, 2.39115109935e-08, 1.21860876945e-09, 2.89065993364e-09, 1.21315502088e-09, 3.09983172464e-09, 3.67833902226e-10, 1.31174252016e-10, 7.02931393648e-11, 1.64506949729e-11, 1.34766486165e-11, 5.50324022464e-12, 2.61910913964e-12, 4.36234078374e-12, 2.01678018903e-12, 2.37180500934e-12, 3.38707859503e-12, 4.2265136703e-12, 1.75364464703e-12, 1.88847028293e-12, 1.07620498884e-12, 2.51027795556e-13, 1.92758650838e-13, 1.78426053771e-13, 7.63713501077e-14, 4.3202356433e-14, 2.60573846707e-14, 1.45254054824e-14, 1.22228522944e-14, 1.01116760364e-14, 4.32755273741e-15],
        "max": [0.00551146594808, 0.036598354578, 0.0153473261744, 0.0175873152912, 0.0146407224238, 0.0175265558064, 0.00861929357052, 0.00833398476243, 0.0110356360674, 0.00654662260786, 0.00271485000849, 0.00118489039596, 0.00259051006287, 0.00143930385821, 0.00246238266118, 0.000592085474636, 0.000304350280203, 0.000177522233571, 7.90011254139e-05, 4.21171207563e-05, 2.98979757645e-05, 2.36506402871e-05, 4.51930136478e-05, 2.13273560803e-05, 2.34034487221e-05, 4.35717483924e-05, 6.50424553896e-05, 2.35313600569e-05, 2.81346910924e-05, 2.04940697586e-05, 6.50088713883e-06, 9.74011709332e-06, 7.81966264185e-06, 4.06884282711e-06, 2.51548976848e-06, 1.91299295693e-06, 1.83726126579e-06, 9.68780454969e-07, 9.82495862445e-07, 9.44764622091e-07],
        "mean": [0.000469278602395, 0.00257724476978, 0.0010824726196, 0.000876250094734, 0.000848631781992, 0.000850645184983, 0.000380740879336, 0.00032100174576, 0.000347997964127, 9.37146833166e-05, 5.92320757278e-05, 1.95332377189e-05, 1.22627479868e-05, 1.04167993413e-05, 7.75738044467e-06, 5.98674114372e-06, 3.36129983225e-06, 2.61185664385e-06, 1.3944084003e-06, 1.1455567801e-06, 6.67654774134e-07, 4.24433011403e-07, 4.15696007394e-07, 2.67263345677e-07, 3.06531063643e-07, 2.67911531182e-07, 1.96315539824e-07, 1.84276629511e-07, 1.57539744805e-07, 1.40032327067e-07, 8.0557718718e-08, 5.97698104343e-08, 5.92453623938e-08, 3.91954486645e-08, 2.95009972007e-08, 2.34941133215e-08, 1.77330488071e-08, 1.45901175586e-08, 1.33114017586e-08, 8.12526046445e-09],
        "median": [0.000174628134118, 0.000740071758628, 0.000639764475636, 0.000399990181904, 0.000235132712987, 0.000128388637677, 8.03235161584e-05, 4.05479804613e-05, 3.16608457069e-05, 1.33703751999e-05, 4.82722953166e-06, 3.03456272377e-06, 1.68351402863e-06, 1.15094076136e-06, 7.95340838522e-07, 6.25205530014e-07, 4.05308696827e-07, 2.37221001953e-07, 1.37668564548e-07, 1.27821351725e-07, 8.22284818014e-08, 5.46558673875e-08, 4.48085408777e-08, 3.41119985592e-08, 3.58412215462e-08, 2.90955206594e-08, 1.86694641968e-08, 1.4829722339e-08, 1.38424569585e-08, 1.251133952e-08, 8.78920936032e-09, 6.8704295586e-09, 5.58322987843e-09, 4.21367962744e-09, 3.06629388547e-09, 2.30325847284e-09, 1.78774728354e-09, 1.34672739627e-09, 1.3250094355e-09, 8.67555305373e-10],
        "min": [7.77690043157e-25, 8.36630870375e-25, 9.36228997001e-25, 1.25828688498e-24, 1.2397537813e-24, 1.36049929664e-24, 1.565214618e-24, 1.71790121001e-24, 1.80072391366e-24, 2.08990079721e-24, 1.87529749883e-24, 1.90540496692e-24, 1.36559050632e-24, 2.52242593458e-24, 2.3711786193e-24, 2.78936463199e-24, 2.13132684157e-24, 3.08478475796e-24, 4.07080192213e-24, 4.54825801286e-24, 4.19695576923e-24, 3.92060872223e-24, 3.41450278115e-24, 4.32339123968e-24, 3.06952029944e-24, 5.23551639451e-24, 3.85753100982e-24, 4.46597429842e-24, 4.54865599319e-24, 4.69193758827e-24, 4.15137735828e-24, 5.32715560485e-24, 5.70270388284e-24, 5.20740060298e-24, 6.0883728518e-24, 6.10569347627e-24, 4.89345802296e-24, 5.87819821855e-24, 5.49142247773e-24, 5.75185662255e-24],
        "var": [5.34875255198e-07, 1.76479879883e-05, 1.6815682784e-06, 1.80876622835e-06, 2.10632879316e-06, 2.7017422326e-06, 5.43431667666e-07, 5.10639836193e-07, 7.15911824045e-07, 9.92572637415e-08, 3.45701813842e-08, 2.92735191643e-09, 2.72833222681e-09, 1.46561396352e-09, 2.33930852467e-09, 2.80517858942e-10, 1.33201935593e-10, 6.56581317093e-11, 1.5738722825e-11, 9.38248263804e-12, 3.30025481769e-12, 1.38876475424e-12, 2.12691127731e-12, 7.55448763441e-13, 1.08423545749e-12, 1.34310054398e-12, 1.41271586443e-12, 7.30253097575e-13, 6.90727206334e-13, 3.26216863852e-13, 8.71471406323e-14, 5.74595438504e-14, 5.3403282637e-14, 2.16799421162e-14, 1.22986863071e-14, 7.62836686451e-15, 4.81030010746e-15, 3.27340604675e-15, 2.71404962882e-15, 1.10457786767e-15]
    },
    "mfcc": {
        "mean": [-825.331848145, 199.075271606, 43.1361923218, 31.0289535522, -0.803184807301, 2.81818938255, -4.2625451088, -4.8729300499, -4.16319894791, -1.04246103764, -0.486321389675, -2.0728726387, -3.92950439453],
        "cov": [[9588.19628906, 2355.3503418, -1421.21325684, -725.133239746, -754.647888184, -392.162719727, -555.00982666, -375.268493652, -232.258331299, 25.7546482086, 5.4814453125, 70.1135559082, 71.3082809448], [2355.3503418, 2468.14306641, -209.194473267, -365.604370117, -149.770339966, -95.2626724243, -115.639526367, -114.716255188, -88.7174224854, 16.5085372925, 69.8988113403, 26.6344356537, 36.2146568298], [-1421.21325684, -209.194473267, 917.039367676, 527.647827148, 240.12449646, 200.539108276, 214.292312622, 129.134963989, 84.5488128662, 3.09797906876, -12.482293129, 7.42823553085, -7.94538116455], [-725.133239746, -365.604370117, 527.647827148, 659.819946289, 330.185852051, 209.939163208, 173.053649902, 113.348808289, 49.3992576599, -18.3470611572, -14.0281152725, 5.18613862991, 12.6938304901], [-754.647888184, -149.770339966, 240.12449646, 330.185852051, 341.796325684, 185.534362793, 115.908340454, 78.1662750244, 33.7885055542, -12.26445961, -5.17935752869, 0.81773352623, 18.8379821777], [-392.162719727, -95.2626724243, 200.539108276, 209.939163208, 185.534362793, 207.812149048, 133.045532227, 63.0071411133, 35.1048545837, -1.51390278339, -3.08079338074, 11.5511980057, 16.9781322479], [-555.00982666, -115.639526367, 214.292312622, 173.053649902, 115.908340454, 133.045532227, 178.153060913, 104.487632751, 39.8497543335, 0.196892097592, 4.64223575592, 5.29599905014, 2.77398610115], [-375.268493652, -114.716255188, 129.134963989, 113.348808289, 78.1662750244, 63.0071411133, 104.487632751, 139.656677246, 77.238319397, 1.4020460844, -0.835887789726, -0.609065890312, -12.0903396606], [-232.258331299, -88.7174224854, 84.5488128662, 49.3992576599, 33.7885055542, 35.1048545837, 39.8497543335, 77.238319397, 122.036834717, 48.9065132141, -5.45119571686, 1.30429470539, -11.5817756653], [25.7546482086, 16.5085372925, 3.09797906876, -18.3470611572, -12.26445961, -1.51390278339, 0.196892097592, 1.4020460844, 48.9065132141, 91.9533691406, 35.6930732727, -2.01329112053, -0.70124578476], [5.4814453125, 69.8988113403, -12.482293129, -14.0281152725, -5.17935752869, -3.08079338074, 4.64223575592, -0.835887789726, -5.45119571686, 35.6930732727, 79.0982131958, 30.7015113831, 0.60026717186], [70.1135559082, 26.6344356537, 7.42823553085, 5.18613862991, 0.81773352623, 11.5511980057, 5.29599905014, -0.609065890312, 1.30429470539, -2.01329112053, 30.7015113831, 81.5970993042, 34.3725776672], [71.3082809448, 36.2146568298, -7.94538116455, 12.6938304901, 18.8379821777, 16.9781322479, 2.77398610115, -12.0903396606, -11.5817756653, -0.70124578476, 0.60026717186, 34.3725776672, 72.3819732666]],
