{
"lowlevel": {
    "average_loudness": 0.531811118126,
    "barkbands_crest": {
        "dmean": 1.97834277153,
        "dmean2": 3.03187322617,
        "dvar": 4.72905445099,
        "dvar2": 11.472659111,
        "max": 26.5806274414,
        "mean": 14.4965963364,
        "median": 13.9468545914,
        "min": 3.58569216728,
        "var": 21.1929588318
    },
    "barkbands_flatness_db": {
        "dmean": 0.0184567738324,
        "dmean2": 0.0260778721422,
        "dvar": 0.000434927234892,
        "dvar2": 0.000834276492242,
        "max": 0.550629496574,
        "mean": 0.324135005474,
        "median": 0.322393208742,
        "min": 0.0284316539764,
        "var": 0.00453153112903
    },
    "barkbands_kurtosis": {
        "dmean": 6.90959692001,
        "dmean2": 10.1400566101,
        "dvar": 673.48425293,
        "dvar2": 1196.25549316,
        "max": 1280.28015137,
        "mean": 14.0211639404,
        "median": 4.89512634277,
        "min": -1.82896399498,
        "var": 1368.91027832
    },
    "barkbands_skewness": {
        "dmean": 0.561687231064,
        "dmean2": 0.794320583344,
        "dvar": 0.921653330326,
        "dvar2": 1.75531387329,
        "max": 27.8310012817,
        "mean": 1.91470789909,
        "median": 1.53103780746,
        "min": -1.72895812988,
        "var": 3.10134124756
    },
    "barkbands_spread": {
        "dmean": 1.19502472878,
        "dmean2": 1.70104503632,
        "dvar": 7.56740570068,
        "dvar2": 17.2810497284,
        "max": 110.743278503,
        "mean": 6.84576463699,
        "median": 4.30402803421,
        "min": 0.136714011431,
        "var": 130.323623657
    },
    "dissonance": {
        "dmean": 0.0364015512168,
        "dmean2": 0.0605970211327,
        "dvar": 0.00104748469312,
        "dvar2": 0.00289724068716,
        "max": 0.499341398478,
        "mean": 0.356075674295,
        "median": 0.355127096176,
        "min": 0.148879289627,
        "var": 0.00341533403844
    },
    "dynamic_complexity": 3.76960539818,
    "erbbands_crest": {
        "dmean": 1.74888551235,
        "dmean2": 2.61493396759,
        "dvar": 4.21928930283,
        "dvar2": 9.56163024902,
        "max": 31.1802978516,
        "mean": 13.9117116928,
        "median": 13.3913917542,
        "min": 2.05321073532,
        "var": 21.1105289459
    },
    "erbbands_flatness_db": {
        "dmean": 0.0144493691623,
        "dmean2": 0.0194911062717,
        "dvar": 0.000288484443445,
        "dvar2": 0.000499411136843,
        "max": 0.439868032932,
        "mean": 0.266769140959,
        "median": 0.273333400488,
        "min": 0.0389735586941,
        "var": 0.00280948448926
    },
    "erbbands_kurtosis": {
        "dmean": 2.40062427521,
        "dmean2": 3.42721557617,
        "dvar": 38.6383552551,
        "dvar2": 80.1887130737,
        "max": 219.110992432,
        "mean": 6.25390338898,
        "median": 0.664968729019,
        "min": -1.68413734436,
        "var": 207.517456055
    },
    "erbbands_skewness": {
        "dmean": 0.348394840956,
        "dmean2": 0.470725178719,
        "dvar": 0.226602166891,
        "dvar2": 0.411666035652,
        "max": 12.4466638565,
        "mean": 1.24689495564,
        "median": 0.78920006752,
        "min": -2.92174124718,
        "var": 2.37772893906
    },
    "erbbands_spread": {
        "dmean": 3.02092814445,
        "dmean2": 4.30111932755,
        "dvar": 31.1916122437,
        "dvar2": 66.0360641479,
        "max": 137.687408447,
        "mean": 17.3443508148,
        "median": 15.0368471146,
        "min": 0.99662643671,
        "var": 206.804779053
    },
    "hfc": {
        "dmean": 1.32945072651,
        "dmean2": 1.65169143677,
        "dvar": 3.56641125679,
        "dvar2": 5.28527212143,
        "max": 53.2186508179,
        "mean": 8.2693605423,
        "median": 6.5136551857,
        "min": 1.22176402889e-16,
        "var": 49.1157341003
    },
    "melbands_crest": {
        "dmean": 2.28249883652,
        "dmean2": 3.44207715988,
        "dvar": 6.73620176315,
        "dvar2": 16.2438430786,
        "max": 33.1566696167,
        "mean": 18.5004673004,
        "median": 17.9788742065,
        "min": 3.40458607674,
        "var": 27.7393817902
    },
    "melbands_flatness_db": {
        "dmean": 0.0215824600309,
        "dmean2": 0.0293680038303,
        "dvar": 0.000635949952994,
        "dvar2": 0.00113121932372,
        "max": 0.665862679482,
        "mean": 0.422632664442,
        "median": 0.423225581646,
        "min": 0.0084969792515,
        "var": 0.00648382352665
    },
    "melbands_kurtosis": {
        "dmean": 8.17839622498,
        "dmean2": 11.7284460068,
        "dvar": 453.356689453,
        "dvar2": 945.889770508,
        "max": 769.309387207,
        "mean": 17.6337585449,
        "median": 7.95938682556,
        "min": -1.3379329443,
        "var": 1046.22314453
    },
    "melbands_skewness": {
        "dmean": 0.562561035156,
        "dmean2": 0.794358313084,
        "dvar": 0.683517634869,
        "dvar2": 1.36233246326,
        "max": 19.1112976074,
        "mean": 2.32518100739,
        "median": 1.9898070097,
        "min": -0.854825675488,
        "var": 2.72405958176
    },
    "melbands_spread": {
        "dmean": 1.4462685585,
        "dmean2": 2.02638578415,
        "dvar": 12.6273374557,
        "dvar2": 28.7222251892,
        "max": 136.06652832,
        "mean": 6.93861579895,
        "median": 4.78355360031,
        "min": 0.324465543032,
        "var": 53.4800453186
    },
    "pitch_salience": {
        "dmean": 0.0447514615953,
        "dmean2": 0.0702425912023,
        "dvar": 0.00282574910671,
        "dvar2": 0.00695064477623,
        "max": 0.906640470028,
        "mean": 0.416179448366,
        "median": 0.412333697081,
        "min": 0.0700721368194,
        "var": 0.00956576690078
    },
    "silence_rate_20dB": {
        "dmean": 0,
        "dmean2": 0,
        "dvar": 0,
        "dvar2": 0,
        "max": 1,
        "mean": 1,
        "median": 1,
        "min": 1,
        "var": 0
    },
    "silence_rate_30dB": {
        "dmean": 0.0143936667591,
        "dmean2": 0.0287925135344,
        "dvar": 0.0141860218719,
        "dvar2": 0.0344406999648,
        "max": 1,
        "mean": 0.974455833435,
        "median": 1,
        "min": 0,
        "var": 0.0248932614923
    },
    "silence_rate_60dB": {
        "dmean": 0.00611730851233,
        "dmean2": 0.0122368186712,
        "dvar": 0.0060804518871,
        "dvar2": 0.0135275162756,
        "max": 1,
        "mean": 0.0383162423968,
        "median": 0,
        "min": 0,
        "var": 0.0368469357491
    },
    "spectral_centroid": {
        "dmean": 45.72813797,
        "dmean2": 61.9758033752,
        "dvar": 19974.3730469,
        "dvar2": 29411.984375,
        "max": 11118.7451172,
        "mean": 428.125915527,
        "median": 347.134216309,
        "min": 121.147491455,
        "var": 117374.195312
    },
    "spectral_complexity": {
        "dmean": 0.69413459301,
        "dmean2": 1.13730430603,
        "dvar": 0.719342708588,
        "dvar2": 1.43140089512,
        "max": 15,
        "mean": 6.23007726669,
        "median": 6,
        "min": 0,
        "var": 5.02053356171
    },
    "spectral_decrease": {
        "dmean": 1.88348514563e-09,
        "dmean2": 2.49371323591e-09,
        "dvar": 8.50167879058e-18,
        "dvar2": 1.46575990954e-17,
        "max": -7.70288861841e-29,
        "mean": -8.15866485482e-09,
        "median": -6.05341110571e-09,
        "min": -5.42847899965e-08,
        "var": 4.95221518381e-17
    },
    "spectral_energy": {
        "dmean": 0.00721530849114,
        "dmean2": 0.00954493694007,
        "dvar": 0.000123990015709,
        "dvar2": 0.000213622639421,
        "max": 0.209709614515,
        "mean": 0.0315426178277,
        "median": 0.023514630273,
        "min": 1.13724886127e-20,
        "var": 0.000732864136808
    },
    "spectral_energyband_high": {
        "dmean": 4.3286863729e-06,
        "dmean2": 6.45560839985e-06,
        "dvar": 1.08502061502e-10,
        "dvar2": 2.48100456846e-10,
        "max": 0.000168466882315,
        "mean": 6.95331164025e-06,
        "median": 3.2609777918e-06,
        "min": 8.04436376882e-21,
        "var": 1.37589467597e-10
    },
    "spectral_energyband_low": {
        "dmean": 0.0053206034936,
        "dmean2": 0.00710980361328,
        "dvar": 0.000103661259345,
        "dvar2": 0.00018041417934,
        "max": 0.136610284448,
        "mean": 0.013534897007,
        "median": 0.00750919012353,
        "min": 6.74402930781e-23,
        "var": 0.000287276139716
    },
    "spectral_energyband_middle_high": {
        "dmean": 0.000264803122263,
        "dmean2": 0.00030289721326,
        "dvar": 3.7571504663e-07,
        "dvar2": 4.15849910951e-07,
        "max": 0.0219689495862,
        "mean": 0.00161981047131,
        "median": 0.000831057142932,
        "min": 1.7492676796e-21,
        "var": 5.19476270711e-06
    },
    "spectral_energyband_middle_low": {
        "dmean": 0.00344193750061,
        "dmean2": 0.00471108173952,
        "dvar": 3.92134134017e-05,
        "dvar2": 7.5906937127e-05,
        "max": 0.204944968224,
        "mean": 0.0170940961689,
        "median": 0.0107799433172,
        "min": 4.86992084324e-22,
        "var": 0.000427390157711
    },
    "spectral_entropy": {
        "dmean": 0.173549696803,
        "dmean2": 0.24149762094,
        "dvar": 0.0432060398161,
        "dvar2": 0.0796463117003,
        "max": 9.79773139954,
        "mean": 5.70840167999,
        "median": 5.65696430206,
        "min": 3.89157247543,
        "var": 0.428139030933
    },
    "spectral_flux": {
        "dmean": 0.0204962585121,
        "dmean2": 0.033285472542,
        "dvar": 0.000864017521963,
        "dvar2": 0.00220706942491,
        "max": 0.294074088335,
        "mean": 0.0407898947597,
        "median": 0.0288609098643,
        "min": 1.06641868947e-10,
        "var": 0.00138972478453
    },
    "spectral_kurtosis": {
        "dmean": 8.41113090515,
        "dmean2": 13.745010376,
        "dvar": 54.0785980225,
        "dvar2": 142.55645752,
        "max": 113.712631226,
        "mean": 25.6725463867,
        "median": 23.5360221863,
        "min": -1.21177744865,
        "var": 238.715805054
    },
    "spectral_rms": {
        "dmean": 0.000602864136454,
        "dmean2": 0.000788189936429,
        "dvar": 6.3941257622e-07,
        "dvar2": 1.07594553356e-06,
        "max": 0.0143036618829,
        "mean": 0.00507559720427,
        "median": 0.00478968722746,
        "min": 3.330932535e-12,
        "var": 5.01162230648e-06
    },
    "spectral_rolloff": {
        "dmean": 118.381317139,
        "dmean2": 194.930587769,
        "dvar": 314792.65625,
        "dvar2": 757215.6875,
        "max": 18389.3554688,
        "mean": 601.566894531,
        "median": 366.064453125,
        "min": 86.1328125,
        "var": 1468699.375
    },
    "spectral_skewness": {
        "dmean": 0.619034945965,
        "dmean2": 0.981650829315,
        "dvar": 0.246735423803,
        "dvar2": 0.626672148705,
        "max": 9.11779117584,
        "mean": 3.81993961334,
        "median": 3.78412938118,
        "min": -0.0373993478715,
        "var": 1.50696325302
    },
    "spectral_spread": {
        "dmean": 405600.09375,
        "dmean2": 600881.25,
        "dvar": 341200240640,
        "dvar2": 495350939648,
        "max": 41169640,
        "mean": 2628740.75,
        "median": 2202153.75,
        "min": 909341.875,
        "var": 2.50620254618e+12
    },
    "spectral_strongpeak": {
        "dmean": 0.207854926586,
        "dmean2": 0.333054721355,
        "dvar": 0.116355411708,
        "dvar2": 0.254539579153,
        "max": 5.23714113235,
        "mean": 0.955650925636,
        "median": 0.737021207809,
        "min": 1.38257127968e-10,
        "var": 0.557641148567
    },
    "zerocrossingrate": {
        "dmean": 0.0028530806303,
        "dmean2": 0.00353553588502,
        "dvar": 5.84427580179e-05,
        "dvar2": 9.25662607187e-05,
        "max": 0.51953125,
        "mean": 0.0197665635496,
        "median": 0.0146484375,
        "min": 0.0029296875,
        "var": 0.000882493564859
    },
    "barkbands": {
        "dmean": [8.32360183267e-06, 0.00277954223566, 0.0027533096727, 0.000632409588434, 0.00258686277084, 0.000490292848554, 0.000367804110283, 0.000173987602466, 3.40900623996e-05, 6.67838467052e-05, 4.3729927711e-05, 7.2528833698e-05, 8.17742984509e-05, 4.32671149611e-05, 2.81957109109e-05, 7.5516841207e-06, 6.00278872298e-06, 3.55136830876e-06, 1.84113628166e-06, 1.41602993153e-06, 1.64920788848e-06, 8.85180725163e-07, 6.76871252381e-07, 4.42934322109e-07, 1.09262316528e-07, 9.42557107919e-08, 1.52664494379e-08],
        "dmean2": [1.34670508487e-05, 0.00414377171546, 0.00347067974508, 0.000965655199252, 0.00356116238981, 0.000663703307509, 0.000438092189142, 0.00020621814474, 4.28157181886e-05, 7.62037234381e-05, 5.02961047459e-05, 8.38995474624e-05, 0.000100825905974, 4.98952431371e-05, 3.61611673725e-05, 9.57460088102e-06, 8.00353882369e-06, 4.94290270581e-06, 2.65756216322e-06, 2.15455474972e-06, 2.51530877904e-06, 1.35245488764e-06, 1.04884657048e-06, 6.83671430579e-07, 1.67917576732e-07, 1.45595109302e-07, 2.59616559362e-08],
        "dvar": [3.47860906746e-10, 2.75442871498e-05, 5.26848525624e-05, 2.38075062953e-06, 3.45350272255e-05, 9.85216729532e-07, 7.94463801412e-07, 4.10337776202e-07, 1.30715704927e-08, 3.75326294488e-08, 2.49902392113e-08, 9.13071858122e-08, 7.28116305027e-08, 2.30089032272e-08, 8.33069879747e-09, 7.46137984731e-10, 4.02632593932e-10, 1.69824196372e-10, 2.54858148474e-11, 1.25940924356e-11, 1.54576820094e-11, 4.54583462886e-12, 2.85628920689e-12, 1.23931464049e-12, 5.90714678778e-14, 4.10870576657e-14, 3.81469069911e-16],
        "dvar2": [8.77737493798e-10, 6.21995786787e-05, 8.50880242069e-05, 6.1014129642e-06, 6.72269234201e-05, 1.59548164902e-06, 9.09814900751e-07, 5.19028162671e-07, 1.49376333525e-08, 4.73271484225e-08, 2.94566113723e-08, 1.09609665344e-07, 1.02479170039e-07, 2.40800606122e-08, 1.11862670238e-08, 1.03726605083e-09, 5.73261327297e-10, 2.98075897298e-10, 3.78894797481e-11, 2.82113030853e-11, 3.53993258317e-11, 1.06092868865e-11, 6.84765091852e-12, 2.93007588678e-12, 1.41110091819e-13, 9.20719324892e-14, 1.08735165274e-15],
        "max": [0.000338214420481, 0.0593760386109, 0.108013734221, 0.0380320250988, 0.188993409276, 0.0387621857226, 0.0423230156302, 0.0350487828255, 0.0068437512964, 0.00799168739468, 0.0056244423613, 0.0173054356128, 0.0109415845945, 0.00681029632688, 0.00376850087196, 0.00149511359632, 0.00114075490274, 0.000539087981451, 0.000233615166508, 0.000137451163027, 6.99777156115e-05, 3.63128383469e-05, 2.34725757764e-05, 1.79240905709e-05, 4.08035884902e-06, 4.94762753078e-06, 6.09988831002e-07],
        "mean": [1.25891810967e-05, 0.00663180695847, 0.00621485896409, 0.00157121487428, 0.0100633371621, 0.00183655007277, 0.00217028590851, 0.00122196378652, 0.000151755317347, 0.000408565130783, 0.000225308423978, 0.000409572938224, 0.00033874125802, 0.000145635582157, 7.9744742834e-05, 2.20348374569e-05, 1.63272598002e-05, 9.88345072983e-06, 4.37349081039e-06, 2.47221510108e-06, 2.50981793215e-06, 1.17515753573e-06, 8.59191004565e-07, 5.87630268001e-07, 2.37534933945e-07, 2.88477252752e-07, 3.48254829419e-08],
        "median": [2.22876906264e-06, 0.00294044218026, 0.00152201973833, 0.000459648552351, 0.0022598458454, 0.000655853014905, 0.000324928812915, 2.89537092613e-05, 1.8057100533e-05, 2.84314410237e-05, 5.06758578922e-06, 9.08933543542e-06, 1.43358893183e-05, 8.73363842402e-06, 1.02643216451e-05, 3.13797954732e-06, 3.04587410938e-06, 2.09770678339e-06, 1.28517297071e-06, 1.0446772194e-06, 1.13999192308e-06, 4.59075238268e-07, 3.23386558421e-07, 2.33000221783e-07, 1.60122112902e-07, 2.32627854757e-07, 3.16427595237e-08],
        "min": [2.98233046182e-24, 8.05789465817e-24, 4.90129062289e-23, 9.55945510365e-24, 5.65535960675e-23, 1.8388904321e-22, 6.01824698275e-23, 8.98823697788e-23, 5.63831516248e-23, 5.7628157149e-23, 4.20249333613e-23, 4.70497185812e-23, 1.78216805135e-22, 1.70003122281e-22, 1.78716059425e-22, 1.90533183163e-22, 1.73323848039e-22, 2.20800955681e-22, 2.41995944265e-22, 4.77868560857e-22, 2.93064880759e-22, 6.66891700164e-22, 6.17233650865e-22, 1.15185879748e-21, 1.23957326389e-21, 1.80113792207e-21, 2.22400997837e-21],
        "var": [6.96053381599e-10, 7.69816106185e-05, 0.000146527745528, 8.1158877947e-06, 0.000359471683623, 8.29287091619e-06, 1.25677679534e-05, 1.19301766972e-05, 2.68527628577e-07, 6.28919679002e-07, 2.92576515903e-07, 1.61925436259e-06, 7.0670120067e-07, 2.09007367857e-07, 6.4057559257e-08, 6.69662325592e-09, 2.05860639646e-09, 8.08965672228e-10, 1.2455976528e-10, 3.02537023211e-11, 2.07642375516e-11, 5.14795628001e-12, 2.93179716615e-12, 1.30327530452e-12, 6.79449985858e-14, 5.62386271721e-14, 4.04968410846e-16]
    },
    "erbbands": {
        "dmean": [0.044815454632, 0.776898503304, 3.14400863647, 2.07836198807, 5.12614250183, 10.2551527023, 5.84872055054, 4.14543199539, 5.9898223877, 3.38638591766, 3.3841984272, 0.997528195381, 1.2210919857, 2.10337901115, 2.08674478531, 3.95421051979, 4.0129699707, 2.64541864395, 1.73096454144, 0.607263982296, 0.436504989862, 0.232418254018, 0.181299895048, 0.154941603541, 0.0875883772969, 0.0697868391871, 0.071751780808, 0.0569441691041, 0.0334309376776, 0.0225086770952, 0.0197413116693, 0.0135652106255, 0.00481826066971, 0.00161651370581, 0.000647900917102, 0.000377881951863, 0.000203414092539, 4.24420686613e-05, 3.59226237379e-06, 7.85893917055e-06],
        "dmean2": [0.0669151395559, 1.13814628124, 4.00675630569, 2.81076383591, 7.67010211945, 13.8620519638, 7.65718650818, 5.508248806, 6.98186254501, 4.22876882553, 4.01830387115, 1.20272600651, 1.39785277843, 2.4099240303, 2.43114495277, 4.53352975845, 4.88472890854, 3.05327749252, 2.16094565392, 0.772317349911, 0.546509861946, 0.311317235231, 0.247126445174, 0.21448494494, 0.127402201295, 0.105422452092, 0.109333835542, 0.0877398177981, 0.0511965937912, 0.0346387624741, 0.0305854529142, 0.0211014319211, 0.00739565724507, 0.00250302348286, 0.00100799044594, 0.000590353563894, 0.000316901685437, 6.99118536431e-05, 4.90050706503e-06, 1.03812508314e-05],
        "dvar": [0.00892813969404, 2.07464575768, 62.2844772339, 15.6032171249, 134.71711731, 702.391662598, 210.590988159, 106.013290405, 197.951248169, 96.2282867432, 177.593612671, 8.02053546906, 14.6332550049, 44.5307540894, 48.9859313965, 225.465591431, 148.776062012, 72.7508163452, 27.4168701172, 5.46427822113, 2.21827793121, 0.456577181816, 0.362630516291, 0.255600392818, 0.062922783196, 0.0308704879135, 0.0299444235861, 0.0187781658024, 0.00635299179703, 0.00322968419641, 0.00241628312506, 0.00118363229558, 0.000139543539262, 1.38569994306e-05, 1.71163435425e-06, 5.67008953567e-07, 1.92011114564e-07, 5.92285998025e-09, 2.59999955593e-11, 1.45864376133e-10],
        "dvar2": [0.0192470885813, 4.54267835617, 100.548927307, 30.7707290649, 339.604522705, 1321.24279785, 302.757568359, 144.71295166, 213.845581055, 117.534416199, 216.262207031, 9.64825534821, 17.2318115234, 53.3251533508, 61.4032592773, 259.366760254, 207.448730469, 76.9637680054, 36.308265686, 7.67144346237, 3.17754626274, 0.772154390812, 0.638978838921, 0.373749524355, 0.0968968421221, 0.0681307092309, 0.0684870108962, 0.0432798191905, 0.0147335371003, 0.00782635528594, 0.00576114375144, 0.00281849247403, 0.000328943599015, 3.3546690247e-05, 4.03738340538e-06, 1.30142746002e-06, 4.289836113e-07, 1.45890135528e-08, 4.58806430348e-11, 2.5101068446e-10],
        "max": [1.66409409046, 15.5762844086, 117.389564514, 56.5830383301, 332.205993652, 796.103149414, 465.319976807, 491.648254395, 630.452453613, 604.762084961, 960.065979004, 108.736160278, 128.460418701, 263.85546875, 270.467254639, 866.931213379, 460.084533691, 391.527496338, 242.790817261, 124.5652771, 66.4624481201, 30.7239665985, 24.2747173309, 28.3984661102, 13.0102138519, 7.01213169098, 3.71415567398, 2.1045923233, 1.21205163002, 0.900597393513, 0.733504354954, 0.588175773621, 0.192941904068, 0.0546638555825, 0.0205390919, 0.0124094551429, 0.0114335035905, 0.00254437280819, 9.92285567918e-05, 0.000230497549637],
        "mean": [0.101853050292, 1.86735403538, 7.30446243286, 5.56357622147, 15.8445129395, 40.7945671082, 24.1528720856, 16.6269931793, 36.0335617065, 17.4369506836, 28.0695209503, 5.84372472763, 5.85220766068, 13.7385225296, 11.5775270462, 22.8168754578, 17.5949497223, 9.41614341736, 5.42603969574, 1.73659968376, 1.33079171181, 0.683903813362, 0.544249773026, 0.418481707573, 0.201530054212, 0.12609782815, 0.112463228405, 0.0827364325523, 0.0452017746866, 0.0289545692503, 0.0248838905245, 0.0170383900404, 0.00694956397638, 0.0029656921979, 0.00159898342099, 0.00100734923035, 0.000584318360779, 0.0001405463845, 1.77344136318e-05, 3.48124231095e-05],
        "median": [0.0315777510405, 0.89383494854, 2.66734743118, 2.73918008804, 4.91230821609, 5.49210596085, 6.1131606102, 6.30122947693, 6.31663608551, 8.97292232513, 1.43563640118, 0.857135534286, 1.41012191772, 1.94492030144, 2.10938286781, 2.80498957634, 2.73278713226, 1.73843705654, 1.16159689426, 0.386454313993, 0.291440308094, 0.159779265523, 0.135582044721, 0.1119184196, 0.06214139238, 0.0538959316909, 0.0510741695762, 0.0362645685673, 0.0180390160531, 0.0113016553223, 0.00920338742435, 0.00618477258831, 0.00313825439662, 0.00180903612636, 0.00117169774603, 0.000771451625042, 0.000471379520604, 0.000125926671899, 1.41902919495e-05, 2.60711258306e-05],
        "min": [4.24287966971e-22, 1.8839836147e-21, 3.46890985324e-20, 6.70038138906e-20, 3.73543649389e-20, 1.99139531946e-19, 4.27277146885e-19, 1.80942057363e-18, 1.71982202404e-18, 9.25269654144e-19, 2.0442114478e-18, 1.31150178884e-18, 1.75761404507e-18, 1.61964031889e-18, 1.85038690026e-18, 2.04287534432e-18, 7.27694690383e-18, 7.82530478422e-18, 1.19632360938e-17, 8.53551378635e-18, 1.09735037376e-17, 8.25856709983e-18, 1.23090976788e-17, 1.61789844196e-17, 1.26527308391e-17, 2.2552290271e-17, 1.53347043294e-17, 1.05729282911e-17, 2.20351270258e-17, 2.09315886793e-17, 1.68506434965e-17, 2.16594679137e-17, 2.19918605167e-17, 1.36622501828e-17, 8.99773238648e-18, 6.87434900071e-18, 3.00973512267e-18, 1.23425542394e-18, 3.62126411437e-19, 3.22015660977e-20],
        "var": [0.0362261235714, 5.42137002945, 168.801651001, 51.9139862061, 1031.4083252, 6902.54589844, 1854.90551758, 977.195007324, 3051.49023438, 593.87878418, 8510.76367188, 188.606704712, 146.432937622, 784.231689453, 572.72442627, 4126.99023438, 1553.8848877, 652.138244629, 209.434387207, 35.8025665283, 18.8184356689, 2.53947091103, 1.89406645298, 1.27335381508, 0.313875198364, 0.079914867878, 0.0447708442807, 0.0235580652952, 0.0073001566343, 0.00332047743723, 0.00249559152871, 0.00121846282855, 0.000150880165165, 1.50055311678e-05, 2.14041074287e-06, 7.84442306667e-07, 2.59190045426e-07, 6.91559032262e-09, 1.62395485948e-10, 8.78141503957e-10]
    },
    "gfcc": {
        "mean": [-129.424499512, 165.531051636, -71.890838623, 11.441945076, -35.9963645935, 3.43779993057, -30.5210971832, -13.81341362, -21.8055343628, 4.08223962784, -6.29913759232, -1.96291613579, -12.8492889404],
        "cov": [[5512.53759766, 1787.72009277, -1500.53417969, -892.917785645, 69.5073394775, -19.7498378754, 158.055465698, -207.683929443, 114.356262207, -127.625404358, 243.207580566, -116.871185303, -114.91280365], [1787.72009277, 1210.45080566, -158.349884033, -469.535491943, 170.46812439, -69.380355835, 99.2235488892, -114.329490662, 41.8506507874, -51.4741516113, 111.019760132, -65.9573822021, 4.09448003769], [-1500.53417969, -158.349884033, 1448.96801758, 795.402282715, -22.9072971344, -105.516746521, 1.33151721954, -65.8358078003, -37.3611106873, -15.2510194778, -123.63420105, -91.3168792725, 133.636352539], [-892.917785645, -469.535491943, 795.402282715, 848.534179688, 51.404045105, -8.7628288269, 5.59733772278, 16.6914196014, 13.2204456329, 7.11505889893, -103.144165039, -69.5187835693, 56.1037864685], [69.5073394775, 170.46812439, -22.9072971344, 51.404045105, 346.771514893, 86.7697219849, 59.1902999878, 52.0590744019, 45.5392951965, 19.3381175995, 25.8642921448, -6.46656799316, -20.1475715637], [-19.7498378754, -69.380355835, -105.516746521, -8.7628288269, 86.7697219849, 191.329544067, 89.8451080322, 54.245677948, 35.4432373047, 53.2538566589, 45.0710334778, 52.3683547974, -12.687251091], [158.055465698, 99.2235488892, 1.33151721954, 5.59733772278, 59.1902999878, 89.8451080322, 141.514358521, 72.9362030029, 44.0793952942, 26.1256408691, 41.3737831116, 11.758887291, -11.092508316], [-207.683929443, -114.329490662, -65.8358078003, 16.6914196014, 52.0590744019, 54.245677948, 72.9362030029, 149.773071289, 66.0946044922, 41.359752655, 8.65107059479, 23.0228881836, -34.6305885315], [114.356262207, 41.8506507874, -37.3611106873, 13.2204456329, 45.5392951965, 35.4432373047, 44.0793952942, 66.0946044922, 107.337036133, 56.9800224304, 10.3457288742, -13.2012557983, -13.4753723145], [-127.625404358, -51.4741516113, -15.2510194778, 7.11505889893, 19.3381175995, 53.2538566589, 26.1256408691, 41.359752655, 56.9800224304, 88.9401550293, 34.5596237183, 18.7616996765, -4.72053289413], [243.207580566, 111.019760132, -123.63420105, -103.144165039, 25.8642921448, 45.0710334778, 41.3737831116, 8.65107059479, 10.3457288742, 34.5596237183, 104.386550903, 69.6922073364, 1.90126419067], [-116.871185303, -65.9573822021, -91.3168792725, -69.5187835693, -6.46656799316, 52.3683547974, 11.758887291, 23.0228881836, -13.2012557983, 18.7616996765, 69.6922073364, 125.040901184, 46.4094696045], [-114.91280365, 4.09448003769, 133.636352539, 56.1037864685, -20.1475715637, -12.687251091, -11.092508316, -34.6305885315, -13.4753723145, -4.72053289413, 1.90126419067, 46.4094696045, 114.188858032]],
        "icov": [[0.00222024857067, -0.0044267415069, 0.00407819403335, -0.00423347717151, 0.00300655490719, -0.00164202880114, 0.000347692810465, 0.000916935794521, -0.00115394382738, 0.0025782729499, -0.00193363451399, 0.00169673096389, -0.000326782726916], [-0.0044267415069, 0.0136373471469, -0.0094452612102, 0.0122572630644, -0.00885578710586, 0.0063497480005, -0.00565337529406, 0.00354283116758, -0.00325077003799, -0.000291537115118, -0.0020680448506, 0.000956982490607, -0.000994142144918], [0.00407819403335, -0.0094452612102, 0.00979723967612, -0.0104120224714, 0.00624516699463, -0.00234327185899, 5.64849979128e-05, 0.00126783852465, 0.00054298347095, 0.0017911210889, -0.000721577438526, 0.00193970697001, -0.00131407205481], [-0.00423347717151, 0.0122572630644, -0.0104120224714, 0.0139472391456, -0.00826324243098, 0.00431327195838, -0.00335587444715, 0.00123327353504, -0.00246569607407, -0.000761049217544, -0.000468446785817, 0.00100813386962, -0.00102223525755], [0.00300655490719, -0.00885578710586, 0.00624516699463, -0.00826324243098, 0.00959121901542, -0.00660567870364, 0.00492099067196, -0.00387789518572, 0.000902862695511, 0.00289122783579, -0.00243981857784, 0.00283818994649, -0.000532206788193], [-0.00164202880114, 0.0063497480005, -0.00234327185899, 0.00431327195838, -0.00660567870364, 0.0174049008638, -0.0147761544213, 0.00947617087513, -0.00223051174544, -0.00745301460847, 0.00721547566354, -0.0102683994919, 0.00443171383813], [0.000347692810465, -0.00565337529406, 5.64849979128e-05, -0.00335587444715, 0.00492099067196, -0.0147761544213, 0.0274691954255, -0.0186800267547, 0.00444755749777, 0.00493914540857, -0.0114256022498, 0.010810402222, -0.00510929059237], [0.000916935794521, 0.00354283116758, 0.00126783852465, 0.00123327353504, -0.00387789518572, 0.00947617087513, -0.0186800267547, 0.028131518513, -0.0146814128384, 0.000347250810592, 0.00871138367802, -0.0131546864286, 0.00927482079715], [-0.00115394382738, -0.00325077003799, 0.00054298347095, -0.00246569607407, 0.000902862695511, -0.00223051174544, 0.00444755749777, -0.0146814128384, 0.029030771926, -0.018210446462, 0.00536708906293, 0.00358497700654, -0.00345098297112], [0.0025782729499, -0.000291537115118, 0.0017911210889, -0.000761049217544, 0.00289122783579, -0.00745301460847, 0.00493914540857, 0.000347250810592, -0.018210446462, 0.0346099436283, -0.0216953996569, 0.0124425068498, -0.00426400220022], [-0.00193363451399, -0.0020680448506, -0.000721577438526, -0.000468446785817, -0.00243981857784, 0.00721547566354, -0.0114256022498, 0.00871138367802, 0.00536708906293, -0.0216953996569, 0.0453379228711, -0.0339669659734, 0.013892843388], [0.00169673096389, 0.000956982490607, 0.00193970697001, 0.00100813386962, 0.00283818994649, -0.0102683994919, 0.010810402222, -0.0131546864286, 0.00358497700654, 0.0124425068498, -0.0339669659734, 0.0430277697742, -0.0206563454121], [-0.000326782726916, -0.000994142144918, -0.00131407205481, -0.00102223525755, -0.000532206788193, 0.00443171383813, -0.00510929059237, 0.00927482079715, -0.00345098297112, -0.00426400220022, 0.013892843388, -0.0206563454121, 0.0207997858524]]
    },
    "melbands": {
        "dmean": [0.000603939231951, 0.00141588889528, 0.000421097705839, 0.000606195710134, 0.000256783765508, 9.11953102332e-05, 8.90504088602e-05, 3.6292574805e-05, 2.48072828981e-05, 5.13617533215e-06, 6.30387103229e-06, 8.78644823388e-06, 5.48832622371e-06, 9.46355521592e-06, 9.89791897155e-06, 6.46095486445e-06, 5.35388517164e-06, 2.66018946604e-06, 1.40659790304e-06, 6.61049114115e-07, 4.81530037177e-07, 2.56440529256e-07, 2.32819758139e-07, 1.74496392447e-07, 1.24139631907e-07, 7.25124422729e-08, 4.76237573821e-08, 4.78798902748e-08, 4.76733674759e-08, 4.34961187068e-08, 3.14121813005e-08, 1.96827869559e-08, 1.5844966228e-08, 1.16185381316e-08, 1.1887482998e-08, 1.05103028503e-08, 7.64974839029e-09, 3.69698005542e-09, 2.07154071674e-09, 1.18362220025e-09],
        "dmean2": [0.000902712636162, 0.00186512852088, 0.000584650144447, 0.000855202262755, 0.000332074589096, 0.00012191368296, 0.000104135098809, 4.59544462501e-05, 2.9465982152e-05, 6.34047228232e-06, 7.31380077923e-06, 1.01488212749e-05, 6.4085552367e-06, 1.10840828711e-05, 1.18121197374e-05, 7.91627644503e-06, 6.14224472884e-06, 3.34094420396e-06, 1.80715699116e-06, 8.44119142585e-07, 6.13888403223e-07, 3.44529951235e-07, 3.22543741049e-07, 2.42404695427e-07, 1.73387476821e-07, 1.05978209319e-07, 7.1834485027e-08, 7.37455536637e-08, 7.41840082696e-08, 6.7688304739e-08, 4.90757940952e-08, 3.0336824608e-08, 2.48797817903e-08, 1.82197723575e-08, 1.8692125181e-08, 1.63711231238e-08, 1.19855396719e-08, 5.73217517896e-09, 3.23431170735e-09, 1.8570860405e-09],
        "dvar": [1.38970756325e-06, 9.52273239818e-06, 5.75553428916e-07, 2.25434200729e-06, 4.27778587664e-07, 4.58543638615e-08, 4.43054339883e-08, 1.29650130631e-08, 9.67878222013e-09, 2.65741539884e-10, 3.8547087744e-10, 8.58840998319e-10, 3.86910919969e-10, 1.32771593719e-09, 8.3619405844e-10, 5.14044085076e-10, 3.73476083393e-10, 6.91364326899e-11, 2.50797421025e-11, 5.86273824627e-12, 3.02926498989e-12, 6.74032986543e-13, 4.89766376326e-13, 5.87261793014e-13, 1.7704288285e-13, 5.22279769888e-14, 1.09172170747e-14, 1.4763691097e-14, 1.44141307641e-14, 1.1434509413e-14, 5.90397803752e-15, 2.13190336593e-15, 1.65063999761e-15, 8.79729742507e-16, 8.81589403343e-16, 7.07930708497e-16, 3.84731390838e-16, 8.38502399033e-17, 2.45215244137e-17, 6.6371491698e-18],
        "dvar2": [3.13858959089e-06, 1.58126058523e-05, 1.25781730276e-06, 4.68219104732e-06, 5.76195077429e-07, 6.51954579212e-08, 4.85690385688e-08, 1.61223550066e-08, 1.13827685055e-08, 3.32681160398e-10, 4.70184224888e-10, 1.04933073342e-09, 4.76819306261e-10, 1.7223372728e-09, 1.15618892238e-09, 6.49715170553e-10, 3.91474908046e-10, 9.38644648119e-11, 3.35640196192e-11, 7.60891436663e-12, 4.21834919426e-12, 9.62507417518e-13, 9.7932187533e-13, 1.13446838729e-12, 2.52678818624e-13, 7.95002220522e-14, 2.18919442985e-14, 3.41642777165e-14, 3.39986827753e-14, 2.63484099448e-14, 1.41118755272e-14, 4.9515631802e-15, 4.07382359454e-15, 2.16176635952e-15, 2.1282183491e-15, 1.70051753271e-15, 9.23610866675e-16, 1.99549725952e-16, 5.94569681893e-17, 1.62714747926e-17],
        "max": [0.0164845213294, 0.0453713573515, 0.0136652803048, 0.0544534027576, 0.0215887837112, 0.00947402510792, 0.00974982976913, 0.00730602489784, 0.00721207214519, 0.000616417499259, 0.00064682943048, 0.00121415720787, 0.000776560744271, 0.00206532422453, 0.00124048325233, 0.000957420736086, 0.000894254771993, 0.00042580900481, 0.000330515147652, 0.000156914524268, 7.35723806429e-05, 4.50389707112e-05, 2.45234077738e-05, 3.9464172005e-05, 2.43424256041e-05, 1.28615429276e-05, 2.97182737086e-06, 4.51738651464e-06, 2.53058829003e-06, 3.27923544319e-06, 1.06214315565e-06, 6.6725368697e-07, 7.3745076179e-07, 5.28046200543e-07, 4.43739310185e-07, 4.7284260063e-07, 3.55042487854e-07, 1.55606244334e-07, 7.94900572032e-08, 4.1991281563e-08],
        "mean": [0.00140887347516, 0.00341780646704, 0.00115728168748, 0.00225009373389, 0.00108747568447, 0.000353098002961, 0.000534953956958, 0.000182097326615, 0.00020904300618, 2.36495252466e-05, 2.99667899526e-05, 5.7893255871e-05, 2.88242845272e-05, 5.30292891199e-05, 4.94894193253e-05, 2.57642313954e-05, 1.81354134838e-05, 8.07291780802e-06, 3.955565262e-06, 1.81293603418e-06, 1.39310532177e-06, 6.88568661644e-07, 6.36721665614e-07, 5.06080766627e-07, 3.1068944395e-07, 1.56823475095e-07, 9.41104048024e-08, 7.92166190422e-08, 7.13672392294e-08, 6.37599910647e-08, 4.27442117257e-08, 2.61608779084e-08, 1.95143563531e-08, 1.45901486448e-08, 1.45881990932e-08, 1.29043264963e-08, 9.40958777562e-09, 5.14435249954e-09, 3.18789106224e-09, 2.22076557144e-09],
        "median": [0.000566334230825, 0.00173848727718, 0.000639429199509, 0.000489642319735, 0.000242334514041, 0.000117541720101, 8.37231200421e-05, 8.35445098346e-05, 5.54002599529e-06, 3.21296943184e-06, 4.17788805862e-06, 2.43720432991e-06, 1.62428307249e-06, 1.49184359088e-06, 4.341843578e-06, 1.4058692841e-06, 1.03346746982e-06, 1.67856876487e-06, 5.56856718958e-07, 3.17711084108e-07, 2.45712300284e-07, 1.38899309832e-07, 1.29024783746e-07, 9.33095236633e-08, 7.74241826207e-08, 4.19036076948e-08, 3.54598874708e-08, 3.3973439173e-08, 3.11423455912e-08, 2.84945205209e-08, 1.79804473532e-08, 1.0372131598e-08, 7.43570849338e-09, 5.59539481415e-09, 5.41693179201e-09, 4.60095384014e-09, 3.39022232509e-09, 2.26987673102e-09, 1.67133362705e-09, 1.42883282983e-09],
        "min": [2.9237756834e-24, 1.35469915739e-23, 1.02876920483e-23, 6.81119308305e-24, 1.43734196132e-23, 4.14257367058e-23, 2.40192668189e-23, 1.04377128821e-23, 1.80035460843e-23, 7.5504070272e-24, 8.6091191043e-24, 6.29287399743e-24, 5.47919473927e-24, 6.75488261391e-24, 4.59477161842e-24, 2.34287791878e-23, 1.20719163445e-23, 1.97441234955e-23, 1.19688950546e-23, 1.25073817637e-23, 1.27105734002e-23, 7.38717277325e-24, 1.08150550298e-23, 1.24170832224e-23, 1.34030986117e-23, 7.15826506008e-24, 1.50296698448e-23, 1.51337947511e-23, 8.53439031075e-24, 7.9630262457e-24, 5.6470501404e-24, 1.21717482698e-23, 1.3295777241e-23, 1.0385428759e-23, 8.2583418476e-24, 1.29383388428e-23, 1.30547352693e-23, 1.66811217509e-23, 1.08295400937e-23, 1.20592109508e-23],
        "var": [4.50329343948e-06, 2.54424576269e-05, 1.99352029995e-06, 2.47807511187e-05, 3.96562609239e-06, 4.15269681753e-07, 6.94589914474e-07, 7.86681013665e-08, 4.88415594191e-07, 3.84675402643e-09, 3.89359522401e-09, 1.57152548752e-08, 4.65155869378e-09, 2.03757650752e-08, 1.0039618914e-08, 4.90826135291e-09, 3.39018035866e-09, 4.92451024403e-10, 2.15621714927e-10, 4.49623428767e-11, 2.27505653205e-11, 3.46124799828e-12, 2.56930696337e-12, 2.9161237227e-12, 8.45694282832e-13, 2.56625856633e-13, 3.70969293966e-14, 3.1886775528e-14, 2.0170036431e-14, 1.55184126996e-14, 6.76800415977e-15, 2.47339338071e-15, 1.62571891187e-15, 8.69715166093e-16, 8.83049635205e-16, 7.23185877756e-16, 3.86851249607e-16, 8.89332780023e-17, 2.54434833808e-17, 7.236406782e-18]
    },
    "mfcc": {
        "mean": [-801.646972656, 201.398086548, 26.5914421082, 33.5369796753, 14.5997343063, 18.1898956299, 0.466729730368, -7.57686805725, -10.0882444382, -2.46302843094, -1.46694982052, 4.02899599075, -2.6349670887],
        "cov": [[5114.40673828, 1502.82617188, -1241.61987305, -551.225646973, -288.503875732, -73.7872848511, -161.752731323, -13.6811637878, -177.896316528, -68.2162322998, 69.7902145386, 174.282836914, 36.601474762], [1502.82617188, 1505.1496582, -264.03918457, -281.876922607, -30.2385692596, -54.1575584412, -0.147263914347, -58.2396392822, -50.5756835938, -54.1513748169, 39.6921424866, 26.089717865, 15.3433160782], [-1241.61987305, -264.03918457, 1116.81298828, 516.508972168, 30.7685832977, 117.078491211, 64.8880081177, -47.0197181702, 61.6032791138, 91.9244766235, -73.7517700195, -114.394721985, -93.1608047485], [-551.225646973, -281.876922607, 516.508972168, 536.712646484, 180.883544922, 95.2825088501, 63.8773155212, 16.7761631012, 77.5195007324, 84.5965194702, -7.79697847366, -37.8690681458, -34.8913421631], [-288.503875732, -30.2385692596, 30.7685832977, 180.883544922, 233.999343872, 92.8696212769, 55.1812820435, 33.1651153564, 46.8344154358, 19.5311870575, 20.5052452087, 5.33484220505, 18.0306472778], [-73.7872848511, -54.1575584412, 117.078491211, 95.2825088501, 92.8696212769, 162.359207153, 75.0541534424, 14.3891334534, 23.0720272064, 24.2604103088, -2.1381611824, -0.958395004272, 0.689822375774], [-161.752731323, -0.147263914347, 64.8880081177, 63.8773155212, 55.1812820435, 75.0541534424, 125.992546082, 61.2702178955, 15.2545862198, -0.895675778389, 12.7783546448, 9.35416603088, 10.7430381775], [-13.6811637878, -58.2396392822, -47.0197181702, 16.7761631012, 33.1651153564, 14.3891334534, 61.2702178955, 110.568000793, 40.2487869263, -6.97489976883, 21.1607246399, 39.0420951843, 30.8774337769], [-177.896316528, -50.5756835938, 61.6032791138, 77.5195007324, 46.8344154358, 23.0720272064, 15.2545862198, 40.2487869263, 107.342803955, 68.570640564, 17.0346355438, 11.3845291138, 14.3511648178], [-68.2162322998, -54.1513748169, 91.9244766235, 84.5965194702, 19.5311870575, 24.2604103088, -0.895675778389, -6.97489976883, 68.570640564, 118.869735718, 52.5804367065, 6.51436710358, -1.55649888515], [69.7902145386, 39.6921424866, -73.7517700195, -7.79697847366, 20.5052452087, -2.1381611824, 12.7783546448, 21.1607246399, 17.0346355438, 52.5804367065, 120.627708435, 83.8322067261, 33.3415908813], [174.282836914, 26.089717865, -114.394721985, -37.8690681458, 5.33484220505, -0.958395004272, 9.35416603088, 39.0420951843, 11.3845291138, 6.51436710358, 83.8322067261, 135.270904541, 81.7984161377], [36.601474762, 15.3433160782, -93.1608047485, -34.8913421631, 18.0306472778, 0.689822375774, 10.7430381775, 30.8774337769, 14.3511648178, -1.55649888515, 33.3415908813, 81.7984161377, 112.607536316]],
