{
"lowlevel": {
    "average_loudness": 0.890157938004,
    "barkbands_crest": {
        "dmean": 2.75638079643,
        "dmean2": 4.4649720192,
        "dvar": 6.2541308403,
        "dvar2": 15.4070472717,
        "max": 25.789390564,
        "mean": 11.3385925293,
        "median": 10.6215181351,
        "min": 2.93608260155,
        "var": 18.8477592468
    },
    "barkbands_flatness_db": {
        "dmean": 0.0256182476878,
        "dmean2": 0.0382108911872,
        "dvar": 0.000607092573773,
        "dvar2": 0.00127139303368,
        "max": 0.448144614697,
        "mean": 0.168437018991,
        "median": 0.156976670027,
        "min": 0.0274982117116,
        "var": 0.00443886034191
    },
    "barkbands_kurtosis": {
        "dmean": 6.62383651733,
        "dmean2": 9.97535037994,
        "dvar": 115.985626221,
        "dvar2": 247.822540283,
        "max": 215.050872803,
        "mean": 12.9751052856,
        "median": 6.88859939575,
        "min": -1.74069809914,
        "var": 357.771759033
    },
    "barkbands_skewness": {
        "dmean": 0.776629567146,
        "dmean2": 1.14294576645,
        "dvar": 0.705307245255,
        "dvar2": 1.47814977169,
        "max": 13.281873703,
        "mean": 2.49097704887,
        "median": 2.19784498215,
        "min": -2.20171570778,
        "var": 3.37528133392
    },
    "barkbands_spread": {
        "dmean": 4.96838569641,
        "dmean2": 7.80060005188,
        "dvar": 51.4242095947,
        "dvar2": 120.563545227,
        "max": 127.956108093,
        "mean": 15.0133676529,
        "median": 12.231256485,
        "min": 0.351121991873,
        "var": 126.835350037
    },
    "dissonance": {
        "dmean": 0.0273513849825,
        "dmean2": 0.0450407788157,
        "dvar": 0.000766167009715,
        "dvar2": 0.00196291040629,
        "max": 0.5,
        "mean": 0.43561065197,
        "median": 0.448334544897,
        "min": 0.131253913045,
        "var": 0.00261698290706
    },
    "dynamic_complexity": 3.32583856583,
    "erbbands_crest": {
        "dmean": 2.50381016731,
        "dmean2": 3.8926782608,
        "dvar": 6.41685676575,
        "dvar2": 14.338145256,
        "max": 32.6760749817,
        "mean": 10.0856781006,
        "median": 8.71936035156,
        "min": 2.39800572395,
        "var": 28.2073802948
    },
    "erbbands_flatness_db": {
        "dmean": 0.0200746301562,
        "dmean2": 0.0284840594977,
        "dvar": 0.000440671108663,
        "dvar2": 0.000822028145194,
        "max": 0.467324227095,
        "mean": 0.15449680388,
        "median": 0.144640982151,
        "min": 0.0369394496083,
        "var": 0.00316964322701
    },
    "erbbands_kurtosis": {
        "dmean": 1.65478754044,
        "dmean2": 2.51487493515,
        "dvar": 7.91822099686,
        "dvar2": 16.8500785828,
        "max": 97.3227615356,
        "mean": 2.6583366394,
        "median": 0.661717534065,
        "min": -1.82036054134,
        "var": 47.9234275818
    },
    "erbbands_skewness": {
        "dmean": 0.43623444438,
        "dmean2": 0.642860174179,
        "dvar": 0.195696085691,
        "dvar2": 0.404273241758,
        "max": 7.13431692123,
        "mean": 1.00024175644,
        "median": 0.917203903198,
        "min": -1.61273872852,
        "var": 1.17909121513
    },
    "erbbands_spread": {
        "dmean": 11.2178697586,
        "dmean2": 16.9362869263,
        "dvar": 192.488449097,
        "dvar2": 401.165588379,
        "max": 152.853485107,
        "mean": 43.9919776917,
        "median": 37.218421936,
        "min": 0.665950655937,
        "var": 793.837524414
    },
    "hfc": {
        "dmean": 4.51757574081,
        "dmean2": 5.99539470673,
        "dvar": 57.0108909607,
        "dvar2": 107.438102722,
        "max": 156.445251465,
        "mean": 13.5500555038,
        "median": 9.73238945007,
        "min": 1.08218352092e-16,
        "var": 183.993453979
    },
    "melbands_crest": {
        "dmean": 3.58330512047,
        "dmean2": 5.74838972092,
        "dvar": 11.1615781784,
        "dvar2": 26.5654067993,
        "max": 37.5296669006,
        "mean": 15.8197059631,
        "median": 14.7587680817,
        "min": 1.52041327953,
        "var": 39.8388328552
    },
    "melbands_flatness_db": {
        "dmean": 0.0295623298734,
        "dmean2": 0.0438964031637,
        "dvar": 0.000873580924235,
        "dvar2": 0.00178282428533,
        "max": 0.564547479153,
        "mean": 0.240442886949,
        "median": 0.23172134161,
        "min": 0.00242770230398,
        "var": 0.0068069784902
    },
    "melbands_kurtosis": {
        "dmean": 18.8972606659,
        "dmean2": 28.4744052887,
        "dvar": 1517.64758301,
        "dvar2": 3045.74804688,
        "max": 954.482116699,
        "mean": 36.3245162964,
        "median": 15.1014938354,
        "min": -1.43466508389,
        "var": 4478.38964844
    },
    "melbands_skewness": {
        "dmean": 1.14010560513,
        "dmean2": 1.68599939346,
        "dvar": 2.01874661446,
        "dvar2": 4.07417631149,
        "max": 25.9930419922,
        "mean": 3.6482322216,
        "median": 2.93882775307,
        "min": -1.81823754311,
        "var": 8.87972068787
    },
    "melbands_spread": {
        "dmean": 4.81007194519,
        "dmean2": 7.41725111008,
        "dvar": 48.8443946838,
        "dvar2": 115.411643982,
        "max": 190.219558716,
        "mean": 15.1396818161,
        "median": 10.6223335266,
        "min": 0.46262460947,
        "var": 330.564666748
    },
    "pitch_salience": {
        "dmean": 0.0834227576852,
        "dmean2": 0.132382333279,
        "dvar": 0.00607663439587,
        "dvar2": 0.0145305823535,
        "max": 0.903006851673,
        "mean": 0.525208890438,
        "median": 0.53435087204,
        "min": 0.0580791607499,
        "var": 0.0207514222711
    },
    "silence_rate_20dB": {
        "dmean": 0,
        "dmean2": 0,
        "dvar": 0,
        "dvar2": 0,
        "max": 1,
        "mean": 1,
        "median": 1,
        "min": 1,
        "var": 0
    },
    "silence_rate_30dB": {
        "dmean": 0.0102344397455,
        "dmean2": 0.0204713158309,
        "dvar": 0.0101299695671,
        "dvar2": 0.0236194953322,
        "max": 1,
        "mean": 0.989052832127,
        "median": 1,
        "min": 0,
        "var": 0.0108278878033
    },
    "silence_rate_60dB": {
        "dmean": 0.0326074026525,
        "dmean2": 0.06522256881,
        "dvar": 0.0315458886325,
        "dvar2": 0.0731107741594,
        "max": 1,
        "mean": 0.0768681615591,
        "median": 0,
        "min": 0,
        "var": 0.0709615796804
    },
    "spectral_centroid": {
        "dmean": 202.057540894,
        "dmean2": 306.670715332,
        "dvar": 85163.4453125,
        "dvar2": 187604.8125,
        "max": 11817.1259766,
        "mean": 1001.72894287,
        "median": 720.72277832,
        "min": 166.44392395,
        "var": 1783456.875
    },
    "spectral_complexity": {
        "dmean": 2.30441498756,
        "dmean2": 3.4001429081,
        "dvar": 9.68751144409,
        "dvar2": 16.9820404053,
        "max": 60,
        "mean": 11.1212520599,
        "median": 10,
        "min": 0,
        "var": 49.9341468811
    },
    "spectral_decrease": {
        "dmean": 2.70658340185e-09,
        "dmean2": 3.72070396715e-09,
        "dvar": 1.05377284473e-17,
        "dvar2": 1.97296538903e-17,
        "max": 1.68175236084e-28,
        "mean": -7.18549975076e-09,
        "median": -5.37737410156e-09,
        "min": -4.94406755536e-08,
        "var": 3.95499535408e-17
    },
    "spectral_energy": {
        "dmean": 0.0105484211817,
        "dmean2": 0.014442182146,
        "dvar": 0.000159775736392,
        "dvar2": 0.000298297469271,
        "max": 0.190412417054,
        "mean": 0.0283488016576,
        "median": 0.0213954374194,
        "min": 9.70875213547e-21,
        "var": 0.000605514855124
    },
    "spectral_energyband_high": {
        "dmean": 0.00017885028501,
        "dmean2": 0.000272139557637,
        "dvar": 2.44433607577e-07,
        "dvar2": 5.63461128422e-07,
        "max": 0.0157336052507,
        "mean": 0.000372312555555,
        "median": 0.00024705164833,
        "min": 6.97361400879e-21,
        "var": 3.65768556776e-07
    },
    "spectral_energyband_low": {
        "dmean": 0.00646190252155,
        "dmean2": 0.00933214090765,
        "dvar": 9.39477031352e-05,
        "dvar2": 0.000186979988939,
        "max": 0.134277820587,
        "mean": 0.0110405636951,
        "median": 0.00417188275605,
        "min": 1.63145081115e-23,
        "var": 0.000250215351116
    },
    "spectral_energyband_middle_high": {
        "dmean": 0.00146293465514,
        "dmean2": 0.00193884118926,
        "dvar": 1.10386581582e-05,
        "dvar2": 1.82820258487e-05,
        "max": 0.0866395384073,
        "mean": 0.00330341793597,
        "median": 0.00108094303869,
        "min": 1.15081250286e-21,
        "var": 3.7317215174e-05
    },
    "spectral_energyband_middle_low": {
        "dmean": 0.00586405396461,
        "dmean2": 0.00836110766977,
        "dvar": 7.04288177076e-05,
        "dvar2": 0.000137586379424,
        "max": 0.170644789934,
        "mean": 0.0151163227856,
        "median": 0.0101968729869,
        "min": 1.43227113187e-22,
        "var": 0.000240451467107
    },
    "spectral_entropy": {
        "dmean": 0.205833613873,
        "dmean2": 0.300157546997,
        "dvar": 0.0445346385241,
        "dvar2": 0.0895421430469,
        "max": 9.82396221161,
        "mean": 7.32726383209,
        "median": 7.36257410049,
        "min": 4.18613862991,
        "var": 0.423583984375
    },
    "spectral_flux": {
        "dmean": 0.0301025602967,
        "dmean2": 0.0488335564733,
        "dvar": 0.00108953018207,
        "dvar2": 0.00267213629559,
        "max": 0.291634231806,
        "mean": 0.0738657340407,
        "median": 0.0651129186153,
        "min": 6.36061134318e-11,
        "var": 0.00197103782557
    },
    "spectral_kurtosis": {
        "dmean": 1.46056950092,
        "dmean2": 2.39368081093,
        "dvar": 6.65049791336,
        "dvar2": 17.9441986084,
        "max": 75.4703598022,
        "mean": 4.49258327484,
        "median": 3.24533367157,
        "min": -1.27021241188,
        "var": 39.013961792
    },
    "spectral_rms": {
        "dmean": 0.000991038279608,
        "dmean2": 0.0013437125599,
        "dvar": 1.06522827537e-06,
        "dvar2": 1.98942052521e-06,
        "max": 0.0136296814308,
        "mean": 0.00473683932796,
        "median": 0.00456876307726,
        "min": 3.07765380021e-12,
        "var": 5.21958600075e-06
    },
    "spectral_rolloff": {
        "dmean": 340.723968506,
        "dmean2": 579.125793457,
        "dvar": 621458.4375,
        "dvar2": 1468471.125,
        "max": 19509.0820312,
        "mean": 1122.34118652,
        "median": 581.396484375,
        "min": 21.533203125,
        "var": 5683897
    },
    "spectral_skewness": {
        "dmean": 0.216794073582,
        "dmean2": 0.332908600569,
        "dvar": 0.0543870963156,
        "dvar2": 0.127796202898,
        "max": 7.04706668854,
        "mean": 1.64402103424,
        "median": 1.59736800194,
        "min": -0.102168858051,
        "var": 0.535387694836
    },
    "spectral_spread": {
        "dmean": 662116.3125,
        "dmean2": 1027578.875,
        "dvar": 834263515136,
        "dvar2": 1.8990170112e+12,
        "max": 50723016,
        "mean": 6056193.5,
        "median": 5406460,
        "min": 961052.5625,
        "var": 2.1304153473e+13
    },
    "spectral_strongpeak": {
        "dmean": 0.433080613613,
        "dmean2": 0.691649496555,
        "dvar": 0.500778496265,
        "dvar2": 1.06617355347,
        "max": 10.610578537,
        "mean": 0.907707154751,
        "median": 0.572052121162,
        "min": 0,
        "var": 1.08167397976
    },
    "zerocrossingrate": {
        "dmean": 0.00960332900286,
        "dmean2": 0.012020192109,
        "dvar": 0.00012762764527,
        "dvar2": 0.000181796203833,
        "max": 0.53466796875,
        "mean": 0.0525511838496,
        "median": 0.041015625,
        "min": 0.0029296875,
        "var": 0.00372317293659
    },
    "barkbands": {
        "dmean": [8.20398599899e-06, 0.00297843106091, 0.00319834356196, 0.00170442950912, 0.00224086781964, 0.00164016347844, 0.00107113458216, 0.000749645812903, 0.00074101856444, 0.000601741252467, 0.00033325588447, 0.000220254703891, 0.000207121294807, 0.000163277276442, 0.000238141714362, 9.865208267e-05, 4.82042669319e-05, 6.69776200084e-05, 3.75245617761e-05, 4.27732193202e-05, 5.40744076716e-05, 3.87417821912e-05, 3.77489959646e-05, 2.43628164753e-05, 1.54165918502e-05, 5.7531751736e-06, 1.2386652088e-05],
        "dmean2": [1.44010682561e-05, 0.00446982355788, 0.00479802675545, 0.00267240451649, 0.00355305406265, 0.00235731410794, 0.00156881450675, 0.00110659992788, 0.00103947811294, 0.000853419187479, 0.000460785959149, 0.000309540919261, 0.000286391936243, 0.000235346364207, 0.00033581405296, 0.000140592514072, 7.09962041583e-05, 9.47645239648e-05, 5.83672590437e-05, 6.45448162686e-05, 8.42916706461e-05, 6.03286389378e-05, 6.20720238658e-05, 3.97552721552e-05, 2.51417877735e-05, 8.60155705595e-06, 2.18576151383e-05],
        "dvar": [2.79398448821e-10, 2.8255088182e-05, 3.44011532434e-05, 1.77216406883e-05, 1.67477628565e-05, 1.20011227409e-05, 6.41030828774e-06, 3.24151938003e-06, 4.99689258504e-06, 4.4337680265e-06, 1.31469880671e-06, 4.00664305289e-07, 5.17652381404e-07, 2.42791344363e-07, 4.23048504672e-07, 1.28531610244e-07, 1.82514465763e-08, 2.98199047677e-08, 2.24720864139e-08, 1.69593405985e-08, 3.53841684841e-08, 7.79052289346e-09, 1.50443657532e-08, 2.80007927955e-09, 9.80933889672e-10, 1.5775045159e-10, 1.92476701244e-09],
        "dvar2": [7.49076745077e-10, 6.14685704932e-05, 7.19817835488e-05, 3.71577843907e-05, 4.14992973674e-05, 2.16369480768e-05, 1.18381603897e-05, 6.37958646621e-06, 8.8759998107e-06, 7.52763480705e-06, 2.08947972169e-06, 7.68696509112e-07, 9.22945503135e-07, 4.46539075938e-07, 7.8147536442e-07, 2.3028873386e-07, 3.9166568655e-08, 5.44614060516e-08, 5.64521194235e-08, 3.47072415252e-08, 8.64466471739e-08, 1.62463642539e-08, 4.04004190102e-08, 7.31265270559e-09, 2.52279108715e-09, 3.61770891022e-10, 5.18067233557e-09],
        "max": [0.000287649774691, 0.0633810311556, 0.0836371034384, 0.129720881581, 0.0762724652886, 0.063931375742, 0.079742744565, 0.059786953032, 0.0739221572876, 0.0855636969209, 0.0584715493023, 0.0147620346397, 0.0309993214905, 0.0151097020134, 0.0218103677034, 0.0118129616603, 0.00364637933671, 0.00556609872729, 0.00549887958914, 0.00411663716659, 0.00580536574125, 0.0025574809406, 0.0045555876568, 0.00176842755172, 0.000735431327485, 0.000511705235112, 0.00156108685769],
        "mean": [8.291616723e-06, 0.00473566818982, 0.00497651658952, 0.00231940485537, 0.00397200929001, 0.00359337986447, 0.00208695139736, 0.00135412195232, 0.00136105401907, 0.00101704732515, 0.000562951317988, 0.000353967509, 0.000366402004147, 0.00029599753907, 0.000476152374176, 0.000181381823495, 8.3561615611e-05, 0.000133014298626, 6.73760077916e-05, 7.60789989727e-05, 8.85241242941e-05, 8.20886343718e-05, 6.269167352e-05, 4.49955405202e-05, 2.96836915368e-05, 1.11271847345e-05, 8.34896218294e-06],
        "median": [3.67042025573e-06, 0.00100982026197, 0.001107606804, 0.00064430758357, 0.00201235013083, 0.00106733827852, 0.000594559940509, 0.000332451018039, 0.000249667442404, 0.000131716675241, 8.08151526144e-05, 6.55642215861e-05, 5.36291772733e-05, 7.10924941814e-05, 7.04906706233e-05, 2.53565594903e-05, 2.34166400332e-05, 3.45783628291e-05, 3.29667673213e-05, 3.22472551488e-05, 4.07297739002e-05, 5.74700461584e-05, 4.09447238781e-05, 3.15191500704e-05, 2.03286435863e-05, 6.32713636151e-06, 2.45105184149e-07],
        "min": [4.45735254177e-25, 1.69640396148e-24, 6.90019345506e-25, 2.26537999665e-25, 3.10167525601e-24, 5.39530095972e-24, 6.248333333e-24, 1.11121952669e-23, 1.30184957882e-23, 1.73903676581e-23, 1.40935538521e-23, 2.13628897388e-23, 1.76007063744e-23, 2.06458246423e-23, 3.33176381508e-23, 6.0409276804e-23, 6.21444047641e-23, 3.96088196471e-23, 1.44078161575e-22, 1.5386338157e-22, 2.66620672872e-22, 3.28555265879e-22, 4.14612569035e-22, 5.50238332135e-22, 8.15481590758e-22, 1.31727300859e-21, 1.8989086106e-21],
        "var": [2.66278693539e-10, 6.63197060931e-05, 8.00510315457e-05, 3.63348444807e-05, 3.75833042199e-05, 4.60298688267e-05, 2.11316619243e-05, 9.27082965063e-06, 1.43038105307e-05, 1.20598551803e-05, 3.68532005268e-06, 8.56715644204e-07, 1.45556532516e-06, 5.12229973992e-07, 1.2648874872e-06, 3.60276175115e-07, 3.70920112402e-08, 9.19605795957e-08, 2.74945790579e-08, 3.11609653636e-08, 4.80589150698e-08, 1.43906433436e-08, 1.49781715919e-08, 3.21199067344e-09, 1.3316102665e-09, 2.80267947739e-10, 1.32195532299e-09]
    },
    "erbbands": {
        "dmean": [0.035705819726, 0.859547555447, 3.63108778, 4.43052005768, 6.11947107315, 8.99574375153, 10.4816236496, 12.4865694046, 15.6703052521, 13.4816894531, 17.7597560883, 16.6723041534, 18.8170204163, 16.7651195526, 9.2263879776, 9.3645734787, 9.15157699585, 8.76542854309, 10.5886554718, 9.00613975525, 3.76814985275, 2.74852395058, 3.89509296417, 2.29495453835, 1.7553678751, 1.97717428207, 2.54628109932, 1.59744560719, 1.35722994804, 1.19900107384, 1.1728900671, 0.654400587082, 0.361656039953, 0.193405911326, 0.106081627309, 0.0339509956539, 0.00894729699939, 0.00543173914775, 0.00249541923404, 0.000134913556394],
        "dmean2": [0.0531932003796, 1.28082811832, 5.30617809296, 6.73643112183, 9.91871929169, 13.9914751053, 15.0256071091, 18.3039112091, 23.2308330536, 19.6307239532, 26.0012454987, 23.5522823334, 25.4786872864, 23.1475410461, 12.8923826218, 13.1074876785, 12.6783943176, 12.4360666275, 14.8962593079, 12.4397506714, 5.3239274025, 3.97728443146, 5.49902200699, 3.46448922157, 2.66664385796, 2.95590162277, 4.03715467453, 2.44032025337, 2.13662028313, 1.90401661396, 1.93880653381, 1.08878469467, 0.585064947605, 0.313856214285, 0.175348296762, 0.0546986460686, 0.0131896603853, 0.00828379206359, 0.00448937341571, 0.000244146329351],
        "dvar": [0.00497348234057, 2.23271465302, 41.9763069153, 92.0710372925, 134.040893555, 340.343322754, 550.885009766, 878.423706055, 1578.10632324, 1017.40899658, 1846.93896484, 2847.40087891, 5489.12109375, 3393.36376953, 872.418334961, 705.92376709, 1231.13476562, 634.502319336, 995.458557129, 581.486328125, 126.654838562, 56.6655235291, 94.5611572266, 47.5601768494, 54.9900627136, 39.057144165, 75.840423584, 31.3837985992, 10.5581855774, 9.72945594788, 15.7260351181, 2.60232901573, 0.537080585957, 0.163204669952, 0.0439166389406, 0.00517107546329, 0.000468126352644, 0.000342852494214, 8.18147163955e-05, 2.28089618304e-07],
        "dvar2": [0.010251478292, 4.77723073959, 81.5583190918, 184.317550659, 353.237487793, 773.607910156, 986.641479492, 1697.47570801, 2897.33007812, 1934.64025879, 3578.67456055, 5036.99511719, 7996.84667969, 5930.16650391, 1556.61621094, 1369.98913574, 2241.95849609, 1177.62890625, 1796.60571289, 1024.87158203, 248.110076904, 116.676277161, 173.99861145, 105.684562683, 139.858673096, 80.5915603638, 184.525268555, 73.6723480225, 22.3154716492, 23.1067256927, 43.2555503845, 6.89640331268, 1.38237667084, 0.421528339386, 0.113306820393, 0.01324315276, 0.000992397777736, 0.000829816504847, 0.00022465539223, 6.39227835109e-07],
        "max": [1.31392216682, 19.7278423309, 99.4881896973, 241.364028931, 217.340454102, 442.945800781, 481.84564209, 729.203186035, 1424.96008301, 1184.33129883, 868.149353027, 1890.17199707, 3640.7668457, 2150.27978516, 933.318969727, 697.849243164, 1728.49279785, 915.507751465, 1401.16162109, 631.705749512, 266.997955322, 184.841522217, 322.361236572, 274.732116699, 314.500946045, 210.089019775, 231.327636719, 199.786529541, 103.322433472, 89.7127914429, 152.986694336, 51.1254882812, 23.2871932983, 11.6407394409, 4.88695049286, 1.72398138046, 1.19525694847, 0.897364318371, 0.291234016418, 0.0105844736099],
        "mean": [0.051842238754, 1.39510536194, 5.93111658096, 6.71863937378, 9.39443683624, 16.204875946, 21.6016292572, 27.0013103485, 32.0546188354, 25.3619632721, 34.2782821655, 30.7946548462, 34.0689125061, 28.8598594666, 16.5119762421, 15.8170528412, 16.656047821, 17.1631240845, 21.8469161987, 18.526517868, 7.29533624649, 5.11858844757, 7.84329557419, 4.32578372955, 3.12831497192, 3.49172449112, 4.36566972733, 2.71648979187, 2.87337255478, 2.12669944763, 2.00217294693, 1.04937624931, 0.728697657585, 0.383301824331, 0.190179944038, 0.0632432177663, 0.0170871522278, 0.00598643533885, 0.00161481916439, 0.000109975342639],
        "median": [0.0129734780639, 0.310311794281, 1.49187135696, 2.87412261963, 4.6107468605, 6.11005210876, 6.49882030487, 8.83526039124, 10.6094903946, 8.24289035797, 9.6623840332, 7.13434934616, 5.64061641693, 5.38532924652, 3.55134367943, 3.38356876373, 3.00286579132, 4.11778259277, 3.9651017189, 2.88770580292, 1.45074570179, 1.45056438446, 2.0352306366, 2.00067090988, 1.20695579052, 1.40467250347, 2.29828119278, 1.22920632362, 2.03753709793, 1.27338337898, 1.36951684952, 0.679849863052, 0.545214295387, 0.268569052219, 0.123611792922, 0.039112970233, 0.00927174277604, 0.00150508899242, 5.73140387132e-05, 3.40666010743e-05],
        "min": [7.40427748649e-23, 5.81224586544e-22, 9.4920984677e-22, 3.41159132589e-21, 1.50915613092e-20, 9.88589884132e-21, 3.04820514746e-20, 5.0323374334e-20, 1.25139657079e-19, 1.87251679923e-19, 2.78059838988e-19, 3.83757985786e-19, 4.84112364882e-19, 8.83547387829e-19, 8.3334465908e-19, 6.85479041852e-19, 1.21460212957e-18, 1.98951909288e-18, 1.91841237268e-18, 2.62772098871e-18, 3.70490308614e-18, 4.01658887685e-18, 3.87521419759e-18, 6.55740606361e-18, 6.93283108361e-18, 7.64401160937e-18, 8.77004099671e-18, 1.05793248787e-17, 1.09669599118e-17, 1.07241873651e-17, 1.23652301551e-17, 9.06886909198e-18, 9.06571918821e-18, 7.73222214989e-18, 6.66274379231e-18, 4.408868529e-18, 2.37745211771e-18, 9.61601908189e-19, 2.40965131213e-19, 2.68658407876e-20],
        "var": [0.0102548860013, 5.53780317307, 116.503952026, 198.116317749, 206.493026733, 962.469299316, 1967.12182617, 3068.14111328, 5296.50048828, 2796.22875977, 5615.58886719, 7998.47998047, 16322.6669922, 8545.34472656, 2701.31713867, 1494.70690918, 3318.29418945, 1518.26123047, 3027.80786133, 1874.54138184, 334.794769287, 129.949432373, 297.210174561, 76.8661956787, 71.304649353, 69.270904541, 101.147827148, 45.6932220459, 18.7355613708, 14.1228265762, 14.1351032257, 2.58094906807, 0.720691204071, 0.218507021666, 0.0592639446259, 0.00722203403711, 0.000848470837809, 0.000347291177604, 5.25725663465e-05, 1.39594064308e-07]
    },
    "gfcc": {
        "mean": [-41.4953269958, 91.1904907227, -86.0665893555, 31.0100326538, -70.0535049438, 10.2642765045, -38.9989318848, 2.90090513229, -21.080165863, 2.35951423645, -18.254070282, -4.38256931305, -13.1738958359],
        "cov": [[25918.8320312, 1821.97558594, -2405.69287109, 183.377990723, -978.895385742, 699.030395508, -788.076477051, -66.9703445435, -446.153930664, -75.4470062256, -401.305480957, -128.424621582, -183.475646973], [1821.97558594, 1031.28015137, -449.70614624, -225.913482666, -60.503036499, -84.9567642212, -62.5300559998, -8.72489070892, 4.75234127045, -7.38092660904, 32.924949646, -1.92037808895, 34.6358299255], [-2405.69287109, -449.70614624, 1580.39416504, 432.62286377, -40.4905319214, -56.9618377686, 233.672927856, 70.4704437256, 93.7749938965, 58.1233787537, 43.1576728821, 22.3189754486, -50.4822731018], [183.377990723, -225.913482666, 432.62286377, 681.633056641, -34.7068367004, 65.529800415, 36.470905304, 48.5715866089, -17.6118679047, 36.5107841492, -30.0015277863, -37.0268135071, -56.638885498], [-978.895385742, -60.503036499, -40.4905319214, -34.7068367004, 406.330749512, 85.2338256836, 60.1719360352, -6.21970653534, 52.1283149719, 4.4587225914, 31.4257335663, -0.69017624855, 16.7714939117], [699.030395508, -84.9567642212, -56.9618377686, 65.529800415, 85.2338256836, 304.741394043, 68.8617477417, 60.6627883911, -27.673866272, 9.96456623077, -30.8210887909, 7.2385969162, -16.3603858948], [-788.076477051, -62.5300559998, 233.672927856, 36.470905304, 60.1719360352, 68.8617477417, 205.442993164, 60.016658783, 32.8448181152, -6.33328485489, 14.0645713806, 11.4665269852, 13.855922699], [-66.9703445435, -8.72489070892, 70.4704437256, 48.5715866089, -6.21970653534, 60.6627883911, 60.016658783, 107.392883301, 32.1221847534, 28.4865379333, -1.85723626614, 14.897480011, -8.13438034058], [-446.153930664, 4.75234127045, 93.7749938965, -17.6118679047, 52.1283149719, -27.673866272, 32.8448181152, 32.1221847534, 97.8805236816, 36.9928359985, 32.6852760315, 3.51491999626, 9.85995292664], [-75.4470062256, -7.38092660904, 58.1233787537, 36.5107841492, 4.4587225914, 9.96456623077, -6.33328485489, 28.4865379333, 36.9928359985, 75.276008606, 25.4399147034, 13.0767583847, -7.43510723114], [-401.305480957, 32.924949646, 43.1576728821, -30.0015277863, 31.4257335663, -30.8210887909, 14.0645713806, -1.85723626614, 32.6852760315, 25.4399147034, 69.1425323486, 29.8818492889, 25.589006424], [-128.424621582, -1.92037808895, 22.3189754486, -37.0268135071, -0.69017624855, 7.2385969162, 11.4665269852, 14.897480011, 3.51491999626, 13.0767583847, 29.8818492889, 64.508102417, 33.3467063904], [-183.475646973, 34.6358299255, -50.4822731018, -56.638885498, 16.7714939117, -16.3603858948, 13.855922699, -8.13438034058, 9.85995292664, -7.43510723114, 25.589006424, 33.3467063904, 79.5693283081]],
        "icov": [[7.91527127149e-05, -0.000140286821988, 6.36186887277e-05, -8.53861201904e-05, 0.000196888606297, -0.000304211396724, 0.000209835532587, 0.000150803738507, -0.000126531042042, 5.67173665331e-05, 0.000241737405304, -0.000116672599688, 9.01251987671e-05], [-0.000140286821988, 0.00148203899153, 0.000241332832957, 0.000333276781021, -9.92536879494e-05, 0.000828915741295, -0.000424435012974, -0.00075251533417, 0.000281404762063, -4.0165221435e-05, -0.00140544946771, 0.000841913337354, -0.000329397706082], [6.36186887277e-05, 0.000241332832957, 0.00133800215553, -0.000758898153435, 0.00048814949696, 0.000367748842109, -0.00141300074756, 0.000796951411758, -0.00110762647819, -0.000173970940523, 1.23220088426e-05, -0.00132828054484, 0.00132428843062], [-8.53861201904e-05, 0.000333276781021, -0.000758898153435, 0.00232718023472, -0.00026182163856, 6.27601593806e-06, 0.000286239286652, -0.00129787006881, 0.00175274873618, -0.00125850993209, -0.000295485369861, 0.002219368238, -0.000462840078399], [0.000196888606297, -9.92536879494e-05, 0.00048814949696, -0.00026182163856, 0.00391877861694, -0.00218547461554, -0.000281791813904, 0.00215592677705, -0.00300257187337, 0.000972319045104, -0.00100175372791, 0.000169918537722, 0.000328523834469], [-0.000304211396724, 0.000828915741295, 0.000367748842109, 6.27601593806e-06, -0.00218547461554, 0.00672574341297, -0.0028256920632, -0.00294644408859, 0.00361800543033, -0.00249510281719, 0.00155365525279, -0.000926600536332, 0.000417083647335], [0.000209835532587, -0.000424435012974, -0.00141300074756, 0.000286239286652, -0.000281791813904, -0.0028256920632, 0.00994316861033, -0.00447995308787, -0.00106734992005, 0.00470388820395, -0.00203472818248, 0.00187237118371, -0.00229370314628], [0.000150803738507, -0.00075251533417, 0.000796951411758, -0.00129787006881, 0.00215592677705, -0.00294644408859, -0.00447995308787, 0.0182930510491, -0.0074570234865, -0.00369455479085, 0.00599818769842, -0.00727327121422, 0.00354504352435], [-0.000126531042042, 0.000281404762063, -0.00110762647819, 0.00175274873618, -0.00300257187337, 0.00361800543033, -0.00106734992005, -0.0074570234865, 0.0214102491736, -0.00806757155806, -0.00541763054207, 0.00763020291924, -0.00393142737448], [5.67173665331e-05, -4.0165221435e-05, -0.000173970940523, -0.00125850993209, 0.000972319045104, -0.00249510281719, 0.00470388820395, -0.00369455479085, -0.00806757155806, 0.0237433928996, -0.00782566983253, -0.00322051625699, 0.00431198719889], [0.000241737405304, -0.00140544946771, 1.23220088426e-05, -0.000295485369861, -0.00100175372791, 0.00155365525279, -0.00203472818248, 0.00599818769842, -0.00541763054207, -0.00782566983253, 0.0293583758175, -0.0115190967917, -0.00220905570313], [-0.000116672599688, 0.000841913337354, -0.00132828054484, 0.002219368238, 0.000169918537722, -0.000926600536332, 0.00187237118371, -0.00727327121422, 0.00763020291924, -0.00322051625699, -0.0115190967917, 0.0298722796142, -0.0112555129454], [9.01251987671e-05, -0.000329397706082, 0.00132428843062, -0.000462840078399, 0.000328523834469, 0.000417083647335, -0.00229370314628, 0.00354504352435, -0.00393142737448, 0.00431198719889, -0.00220905570313, -0.0112555129454, 0.0205255039036]]
    },
    "melbands": {
        "dmean": [0.000582826032769, 0.00163764297031, 0.000792173843365, 0.000548686541151, 0.000344716914697, 0.000295692501822, 0.000234814389842, 0.000145141413668, 0.000150402309373, 0.00010588063742, 9.40445752349e-05, 6.9252011599e-05, 3.47644272551e-05, 2.51234632742e-05, 2.19439152715e-05, 2.1027342882e-05, 1.66808003996e-05, 1.55322668434e-05, 1.92625666386e-05, 8.74128727446e-06, 3.4913489344e-06, 2.90472985398e-06, 3.50247137249e-06, 3.11358780891e-06, 1.87361820281e-06, 1.39562075674e-06, 1.3535167227e-06, 1.36083906455e-06, 1.64125992796e-06, 1.50392827436e-06, 7.93967558366e-07, 8.19410388431e-07, 9.134093375e-07, 6.05053116942e-07, 6.75799526562e-07, 6.49538321795e-07, 3.27137996692e-07, 2.74153336477e-07, 2.20890044034e-07, 1.5733365899e-07],
        "dmean2": [0.000874201534316, 0.00238722516224, 0.00121718796436, 0.000873578595929, 0.000502271577716, 0.000431575113907, 0.000344512431184, 0.000211763646803, 0.00022043401259, 0.000148231833009, 0.000128283994854, 9.68535459833e-05, 4.86436729261e-05, 3.56125819962e-05, 3.06028232444e-05, 2.90617008432e-05, 2.40692224907e-05, 2.22858998313e-05, 2.6704312404e-05, 1.23343770611e-05, 5.0814774113e-06, 4.27841587225e-06, 5.12350516146e-06, 4.45500927526e-06, 2.94140954793e-06, 2.18301670429e-06, 2.07640005101e-06, 2.07240100281e-06, 2.64568143393e-06, 2.3835311822e-06, 1.23177665046e-06, 1.30079115479e-06, 1.46957063407e-06, 9.75399871095e-07, 1.11619840482e-06, 1.10656742436e-06, 5.42526208847e-07, 4.40886026354e-07, 3.70408912431e-07, 2.55878632061e-07],
        "dvar": [1.14425176889e-06, 7.46124987927e-06, 2.43954445978e-06, 1.09669849735e-06, 4.33309935488e-07, 4.18211413944e-07, 3.16293863989e-07, 1.17357892293e-07, 1.34195900614e-07, 1.24849478311e-07, 1.35257835154e-07, 5.92151678802e-08, 1.24594201623e-08, 5.61876412064e-09, 4.34337588118e-09, 6.41261488354e-09, 2.37969333128e-09, 2.75633338376e-09, 3.00075320148e-09, 1.10770148609e-09, 1.20913598578e-10, 6.45996450777e-11, 1.08668664345e-10, 5.27832569319e-11, 3.34974339933e-11, 4.16141079929e-11, 1.91224917845e-11, 1.94936167902e-11, 3.34352510956e-11, 2.19435945109e-11, 8.52421432052e-12, 3.87892495901e-12, 3.3232262428e-12, 3.1484120866e-12, 5.97995047577e-12, 2.74224718454e-12, 7.05959487916e-13, 2.82941747289e-13, 2.47513327108e-13, 9.62554078869e-14],
        "dvar2": [2.44854368248e-06, 1.45647627505e-05, 5.13180884809e-06, 2.7002186016e-06, 8.1570550492e-07, 7.93768322183e-07, 5.80552693918e-07, 2.2284176282e-07, 2.60308524958e-07, 2.07204749358e-07, 1.99143897817e-07, 1.05859271571e-07, 2.16019362398e-08, 1.12437668065e-08, 7.66900765115e-09, 1.12441895794e-08, 4.49169323957e-09, 4.84982942695e-09, 5.2618531754e-09, 1.92723481618e-09, 2.61861698991e-10, 1.33801969504e-10, 2.21638929432e-10, 1.02124350643e-10, 7.64713431467e-11, 1.08158176859e-10, 4.43446807052e-11, 4.08112189876e-11, 8.3251544547e-11, 5.26610283158e-11, 1.99292492231e-11, 8.46520596676e-12, 7.60299635749e-12, 7.8078854146e-12, 1.64299285982e-11, 7.38307245202e-12, 1.89885520502e-12, 7.2238021771e-13, 6.63578567095e-13, 2.45096694676e-13],
        "max": [0.0148821342736, 0.0426770783961, 0.0430033765733, 0.0209233891219, 0.0125904949382, 0.014660904184, 0.0183279067278, 0.014514750801, 0.00917437672615, 0.0133033450693, 0.0176981426775, 0.00804003421217, 0.0040095532313, 0.00191419897601, 0.00170360680204, 0.00321865384467, 0.00151348079089, 0.00235429592431, 0.0014869106235, 0.00120588135906, 0.000343651539879, 0.000201720438781, 0.000405059487093, 0.000178661764949, 0.000250145501923, 0.000279300758848, 0.000161962583661, 0.000148651975906, 0.000156994734425, 0.000141258788062, 0.000112157118565, 5.96720346948e-05, 4.23200544901e-05, 5.51271368749e-05, 0.000102311038063, 5.93255717831e-05, 3.19731298077e-05, 1.97905974346e-05, 1.40194733831e-05, 7.38146763979e-06],
        "mean": [0.000895477016456, 0.00272951927036, 0.0012366384035, 0.000946580024902, 0.000720748736057, 0.000646313710604, 0.000477955501992, 0.000266298011411, 0.000283176719677, 0.000191466475371, 0.000166479163454, 0.000116400857223, 6.01666688453e-05, 4.0896848077e-05, 3.74788214685e-05, 3.7452813558e-05, 3.08890885208e-05, 3.06641122734e-05, 3.87007567042e-05, 1.65407473105e-05, 6.16100578554e-06, 4.96094753544e-06, 6.74698412695e-06, 6.02485670242e-06, 3.240901151e-06, 2.38822190113e-06, 2.15964541894e-06, 2.30767500398e-06, 2.7354735721e-06, 2.33367222791e-06, 1.2939322005e-06, 1.59827118296e-06, 1.71438728103e-06, 9.24259666135e-07, 1.15069144613e-06, 9.69843313214e-07, 5.24547317582e-07, 5.61962167467e-07, 3.75782491346e-07, 3.03684146274e-07],
        "median": [0.000205307500437, 0.000758072477765, 0.000633738120086, 0.00042304964154, 0.000273713550996, 0.000216168031329, 0.000158840033691, 8.07610922493e-05, 6.75220071571e-05, 3.70711240976e-05, 2.25160893024e-05, 1.90200844372e-05, 1.07406785901e-05, 7.85080828791e-06, 6.85668965161e-06, 5.55499082111e-06, 6.85613667883e-06, 5.65682603337e-06, 5.17352600582e-06, 2.28962062465e-06, 1.37396921218e-06, 1.35375103127e-06, 1.69305633335e-06, 1.56924556904e-06, 1.58505690706e-06, 9.91984052234e-07, 6.55325152366e-07, 9.38958351071e-07, 1.46016168401e-06, 1.04404989543e-06, 5.66023800275e-07, 1.07449136522e-06, 1.07880737232e-06, 4.71931201673e-07, 7.48894706248e-07, 6.22479092272e-07, 3.22903247252e-07, 4.24068957727e-07, 2.50885079822e-07, 2.05526134778e-07],
        "min": [8.71484815927e-25, 5.42400001527e-25, 8.05874662794e-25, 7.07084477646e-25, 1.61100059798e-24, 1.12617151741e-24, 1.94454844226e-24, 2.36207930597e-24, 2.14390443984e-24, 2.16039419656e-24, 1.81898821299e-24, 3.14128711751e-24, 2.76169296916e-24, 2.35342076867e-24, 1.46857787522e-24, 3.38463098525e-24, 2.57693464541e-24, 2.15193031069e-24, 2.35949480043e-24, 2.86234984573e-24, 3.28138408111e-24, 4.10805548395e-24, 3.98738540343e-24, 1.68844987697e-24, 4.6977380825e-24, 4.27176581546e-24, 4.65523820123e-24, 4.51576088787e-24, 3.81581525629e-24, 5.32189390261e-24, 5.58506302819e-24, 4.85236625841e-24, 5.12754776342e-24, 4.26046617185e-24, 6.23111131614e-24, 5.83509998628e-24, 5.09399001494e-24, 5.91408547328e-24, 5.78061612457e-24, 5.88908804891e-24],
        "var": [2.51613778346e-06, 2.12591785385e-05, 4.99499628859e-06, 2.52192057815e-06, 1.52652887664e-06, 1.51682377236e-06, 1.06916036202e-06, 3.22767732541e-07, 4.03488712664e-07, 3.58514796517e-07, 4.02511659559e-07, 1.48653768406e-07, 3.74925086533e-08, 1.18093055335e-08, 1.08172386604e-08, 1.80432415675e-08, 5.47838929776e-09, 8.1199491575e-09, 9.63400736964e-09, 3.30166982643e-09, 2.36620251171e-10, 1.32935482067e-10, 3.10853565111e-10, 1.5017159738e-10, 4.70830319177e-11, 5.17193857186e-11, 3.07178796288e-11, 3.24425729337e-11, 4.13604879512e-11, 3.06637007452e-11, 1.21155967203e-11, 6.55878172953e-12, 5.8024514013e-12, 4.07722553636e-12, 5.36666110856e-12, 2.61487272807e-12, 6.71387207982e-13, 4.00691659757e-13, 2.71946039906e-13, 1.38331593359e-13]
    },
    "mfcc": {
        "mean": [-681.760253906, 120.612373352, 31.4953899384, 22.2097740173, -1.7972151041, 5.49777698517, -6.79898738861, -2.17873430252, -2.49199938774, 2.1941754818, -0.38439232111, -2.7274646759, -6.0277504921],
        "cov": [[9318.27246094, 1186.62451172, -898.088928223, -489.920074463, 161.329055786, 362.160949707, 36.4978866577, 51.2085380554, -17.4454097748, 33.8572463989, -88.5145187378, -138.555633545, -164.971923828], [1186.62451172, 1205.2265625, -275.495239258, -192.529983521, -40.6720848083, -96.1416778564, -63.2204284668, -41.9437675476, -35.8302001953, -37.5965576172, 14.0716848373, -0.321064651012, -10.2575855255], [-898.088928223, -275.495239258, 1350.23339844, 478.08581543, -58.386806488, 33.0695343018, 52.900894165, 57.2555961609, 62.2926101685, 50.479473114, 62.9660301208, 59.6115875244, 54.6151123047], [-489.920074463, -192.529983521, 478.08581543, 502.385864258, 57.6720581055, 27.9211387634, 15.7148399353, 2.5899438858, 21.0021343231, 42.4830932617, 20.1227493286, 36.7034416199, 29.4731044769], [161.329055786, -40.6720848083, -58.386806488, 57.6720581055, 219.733139038, 92.580368042, 30.2322406769, 11.1286754608, 10.0171670914, 29.8770198822, 33.9553070068, 7.35971975327, 1.2330750227], [362.160949707, -96.1416778564, 33.0695343018, 27.9211387634, 92.580368042, 171.755340576, 102.15422821, 57.6934585571, 39.612361908, 32.6244659424, 16.372089386, 5.36172866821, 2.7850856781], [36.4978866577, -63.2204284668, 52.900894165, 15.7148399353, 30.2322406769, 102.15422821, 143.593063354, 85.0941696167, 52.2868270874, 23.5493392944, 9.17939186096, 8.86139774323, 17.299659729], [51.2085380554, -41.9437675476, 57.2555961609, 2.5899438858, 11.1286754608, 57.6934585571, 85.0941696167, 110.811210632, 63.100894928, 21.1381664276, 12.73487854, 10.1565418243, 14.3854646683], [-17.4454097748, -35.8302001953, 62.2926101685, 21.0021343231, 10.0171670914, 39.612361908, 52.2868270874, 63.100894928, 86.5329589844, 42.2683868408, 18.4189491272, 12.7354135513, 11.1632785797], [33.8572463989, -37.5965576172, 50.479473114, 42.4830932617, 29.8770198822, 32.6244659424, 23.5493392944, 21.1381664276, 42.2683868408, 73.4973983765, 40.0745162964, 12.6046972275, 1.39195621014], [-88.5145187378, 14.0716848373, 62.9660301208, 20.1227493286, 33.9553070068, 16.372089386, 9.17939186096, 12.73487854, 18.4189491272, 40.0745162964, 77.2579040527, 34.7922515869, 6.58523750305], [-138.555633545, -0.321064651012, 59.6115875244, 36.7034416199, 7.35971975327, 5.36172866821, 8.86139774323, 10.1565418243, 12.7354135513, 12.6046972275, 34.7922515869, 69.6702804565, 38.3444976807], [-164.971923828, -10.2575855255, 54.6151123047, 29.4731044769, 1.2330750227, 2.7850856781, 17.299659729, 14.3854646683, 11.1632785797, 1.39195621014, 6.58523750305, 38.3444976807, 69.1739578247]],
