{
"lowlevel": {
    "average_loudness": 0.852040410042,
    "barkbands_crest": {
        "dmean": 2.73860287666,
        "dmean2": 4.40551424026,
        "dvar": 6.15555810928,
        "dvar2": 14.9134635925,
        "max": 25.9172611237,
        "mean": 11.3743772507,
        "median": 10.669467926,
        "min": 3.0645339489,
        "var": 16.7735061646
    },
    "barkbands_flatness_db": {
        "dmean": 0.0276548545808,
        "dmean2": 0.040422745049,
        "dvar": 0.000641711638309,
        "dvar2": 0.00131179450545,
        "max": 0.500735938549,
        "mean": 0.169816970825,
        "median": 0.166720449924,
        "min": 0.0361228734255,
        "var": 0.00249983812682
    },
    "barkbands_kurtosis": {
        "dmean": 6.31421375275,
        "dmean2": 9.77488136292,
        "dvar": 106.640258789,
        "dvar2": 259.897674561,
        "max": 335.422027588,
        "mean": 12.3412904739,
        "median": 8.16818714142,
        "min": -1.82688105106,
        "var": 232.492446899
    },
    "barkbands_skewness": {
        "dmean": 0.768706381321,
        "dmean2": 1.15613484383,
        "dvar": 0.698649048805,
        "dvar2": 1.48641085625,
        "max": 14.6395130157,
        "mean": 2.60542178154,
        "median": 2.43686294556,
        "min": -2.16672945023,
        "var": 2.73611927032
    },
    "barkbands_spread": {
        "dmean": 6.02871704102,
        "dmean2": 9.39636898041,
        "dvar": 82.2919082642,
        "dvar2": 188.038513184,
        "max": 131.199462891,
        "mean": 15.9634923935,
        "median": 12.7710409164,
        "min": 0.300074458122,
        "var": 137.086502075
    },
    "dissonance": {
        "dmean": 0.0331170037389,
        "dmean2": 0.0555809885263,
        "dvar": 0.000959535187576,
        "dvar2": 0.00255814031698,
        "max": 0.5,
        "mean": 0.428060919046,
        "median": 0.434838414192,
        "min": 0.185247585177,
        "var": 0.00191300001461
    },
    "dynamic_complexity": 3.39259648323,
    "erbbands_crest": {
        "dmean": 2.62568330765,
        "dmean2": 4.12072658539,
        "dvar": 6.78142976761,
        "dvar2": 15.0750207901,
        "max": 33.4751091003,
        "mean": 10.7018127441,
        "median": 9.76965141296,
        "min": 2.30196762085,
        "var": 22.6545829773
    },
    "erbbands_flatness_db": {
        "dmean": 0.0206559356302,
        "dmean2": 0.0298609547317,
        "dvar": 0.000443656346761,
        "dvar2": 0.000821591354907,
        "max": 0.361393004656,
        "mean": 0.145123332739,
        "median": 0.142030268908,
        "min": 0.028658863157,
        "var": 0.0020539953839
    },
    "erbbands_kurtosis": {
        "dmean": 1.80331587791,
        "dmean2": 2.74764823914,
        "dvar": 5.34435749054,
        "dvar2": 11.0665168762,
        "max": 54.5901298523,
        "mean": 2.84045052528,
        "median": 1.86416769028,
        "min": -1.79866921902,
        "var": 16.0794372559
    },
    "erbbands_skewness": {
        "dmean": 0.438511192799,
        "dmean2": 0.658550560474,
        "dvar": 0.184002518654,
        "dvar2": 0.394190251827,
        "max": 6.32839727402,
        "mean": 1.28105902672,
        "median": 1.25782930851,
        "min": -1.34011042118,
        "var": 0.744400918484
    },
    "erbbands_spread": {
        "dmean": 13.0924730301,
        "dmean2": 19.6141376495,
        "dvar": 264.777954102,
        "dvar2": 516.043762207,
        "max": 173.63293457,
        "mean": 46.9593544006,
        "median": 35.4576416016,
        "min": 3.4195523262,
        "var": 1107.58544922
    },
    "hfc": {
        "dmean": 5.60483312607,
        "dmean2": 7.58591413498,
        "dvar": 55.8472251892,
        "dvar2": 96.5750656128,
        "max": 145.797637939,
        "mean": 15.3946170807,
        "median": 10.7068319321,
        "min": 1.09455145926e-16,
        "var": 196.345596313
    },
    "melbands_crest": {
        "dmean": 3.46211338043,
        "dmean2": 5.54449892044,
        "dvar": 10.2939844131,
        "dvar2": 23.5387783051,
        "max": 37.9469642639,
        "mean": 15.4248809814,
        "median": 14.3665065765,
        "min": 1.00022399426,
        "var": 34.0432662964
    },
    "melbands_flatness_db": {
        "dmean": 0.0304972119629,
        "dmean2": 0.0447709672153,
        "dvar": 0.000880080566276,
        "dvar2": 0.00176513532642,
        "max": 0.646733820438,
        "mean": 0.242386445403,
        "median": 0.238133206964,
        "min": -3.45146169423e-08,
        "var": 0.00423199264333
    },
    "melbands_kurtosis": {
        "dmean": 20.8729877472,
        "dmean2": 32.0987701416,
        "dvar": 1680.78747559,
        "dvar2": 3583.86303711,
        "max": 819.066467285,
        "mean": 39.5214195251,
        "median": 19.3103256226,
        "min": -1.40416026115,
        "var": 3917.20385742
    },
    "melbands_skewness": {
        "dmean": 1.209831357,
        "dmean2": 1.80935645103,
        "dvar": 2.33709955215,
        "dvar2": 4.61426496506,
        "max": 23.2041168213,
        "mean": 3.81700611115,
        "median": 3.06253361702,
        "min": -1.30930018425,
        "var": 9.2793302536
    },
    "melbands_spread": {
        "dmean": 4.20303869247,
        "dmean2": 6.52478504181,
        "dvar": 33.352432251,
        "dvar2": 75.8448638916,
        "max": 163.213424683,
        "mean": 13.2669487,
        "median": 10.0798807144,
        "min": 0.413012504578,
        "var": 221.782852173
    },
    "pitch_salience": {
        "dmean": 0.0834588930011,
        "dmean2": 0.132156744599,
        "dvar": 0.0059804986231,
        "dvar2": 0.0138108590618,
        "max": 0.996096968651,
        "mean": 0.525301814079,
        "median": 0.531181097031,
        "min": 0.0666887685657,
        "var": 0.0196441058069
    },
    "silence_rate_20dB": {
        "dmean": 0,
        "dmean2": 0,
        "dvar": 0,
        "dvar2": 0,
        "max": 1,
        "mean": 1,
        "median": 1,
        "min": 1,
        "var": 0
    },
    "silence_rate_30dB": {
        "dmean": 0.00541795650497,
        "dmean2": 0.0108367521316,
        "dvar": 0.00538908084854,
        "dvar2": 0.0148996822536,
        "max": 1,
        "mean": 0.995898127556,
        "median": 1,
        "min": 0,
        "var": 0.00408429000527
    },
    "silence_rate_60dB": {
        "dmean": 0.0348297208548,
        "dmean2": 0.0696648359299,
        "dvar": 0.0336226336658,
        "dvar2": 0.0784526467323,
        "max": 1,
        "mean": 0.0630756169558,
        "median": 0,
        "min": 0,
        "var": 0.059088062495
    },
    "spectral_centroid": {
        "dmean": 170.696350098,
        "dmean2": 258.557830811,
        "dvar": 55712.3007812,
        "dvar2": 117382.679688,
        "max": 11923.9980469,
        "mean": 843.256530762,
        "median": 654.142822266,
        "min": 120.877250671,
        "var": 1264376.625
    },
    "spectral_complexity": {
        "dmean": 2.15851402283,
        "dmean2": 3.23477053642,
        "dvar": 5.43035459518,
        "dvar2": 10.4415359497,
        "max": 37,
        "mean": 9.93467998505,
        "median": 9,
        "min": 0,
        "var": 27.2167549133
    },
    "spectral_decrease": {
        "dmean": 3.01063574071e-09,
        "dmean2": 4.33555014112e-09,
        "dvar": 1.19621268446e-17,
        "dvar2": 2.57902341849e-17,
        "max": 1.81864168349e-28,
        "mean": -7.21807191795e-09,
        "median": -5.88483661801e-09,
        "min": -4.37388187891e-08,
        "var": 3.38208046653e-17
    },
    "spectral_energy": {
        "dmean": 0.0117854727432,
        "dmean2": 0.016914492473,
        "dvar": 0.000181638257345,
        "dvar2": 0.00038734546979,
        "max": 0.16793332994,
        "mean": 0.0286389328539,
        "median": 0.0233638416976,
        "min": 9.99351229252e-21,
        "var": 0.000525159237441
    },
    "spectral_energyband_high": {
        "dmean": 0.000191964834812,
        "dmean2": 0.000267127295956,
        "dvar": 1.0416760432e-07,
        "dvar2": 2.04817496297e-07,
        "max": 0.0134592652321,
        "mean": 0.000445231155027,
        "median": 0.000328727735905,
        "min": 7.09233219815e-21,
        "var": 2.22785430992e-07
    },
    "spectral_energyband_low": {
        "dmean": 0.00664844037965,
        "dmean2": 0.00992704648525,
        "dvar": 0.00010601838585,
        "dvar2": 0.000245399452979,
        "max": 0.150435477495,
        "mean": 0.0105228107423,
        "median": 0.00493512302637,
        "min": 1.0545549379e-23,
        "var": 0.00019187462749
    },
    "spectral_energyband_middle_high": {
        "dmean": 0.00169516447932,
        "dmean2": 0.00231730891392,
        "dvar": 1.21025932458e-05,
        "dvar2": 2.09751779039e-05,
        "max": 0.0823480561376,
        "mean": 0.00353216379881,
        "median": 0.000749780854676,
        "min": 1.15587645976e-21,
        "var": 3.76118186978e-05
    },
    "spectral_energyband_middle_low": {
        "dmean": 0.00625741388649,
        "dmean2": 0.00912518240511,
        "dvar": 7.19922390999e-05,
        "dvar2": 0.000154071763973,
        "max": 0.120261214674,
        "mean": 0.0149360559881,
        "median": 0.0103623624891,
        "min": 1.65378264296e-22,
        "var": 0.000221024718485
    },
    "spectral_entropy": {
        "dmean": 0.242920607328,
        "dmean2": 0.348639190197,
        "dvar": 0.0508052259684,
        "dvar2": 0.0999757573009,
        "max": 9.82316017151,
        "mean": 7.34844636917,
        "median": 7.31939983368,
        "min": 4.55176115036,
        "var": 0.284281432629
    },
    "spectral_flux": {
        "dmean": 0.0327018275857,
        "dmean2": 0.052488476038,
        "dvar": 0.00105583888944,
        "dvar2": 0.00263193179853,
        "max": 0.329513251781,
        "mean": 0.0780557617545,
        "median": 0.0693856701255,
        "min": 6.36295460765e-11,
        "var": 0.00195601466112
    },
    "spectral_kurtosis": {
        "dmean": 1.38024783134,
        "dmean2": 2.11727190018,
        "dvar": 6.56616449356,
        "dvar2": 17.0102386475,
        "max": 96.5536651611,
        "mean": 3.92382264137,
        "median": 2.94196987152,
        "min": -1.2791326046,
        "var": 27.8754577637
    },
    "spectral_rms": {
        "dmean": 0.00110294262413,
        "dmean2": 0.00153223110829,
        "dvar": 1.15778755116e-06,
        "dvar2": 2.29331817536e-06,
        "max": 0.0127998981625,
        "mean": 0.00481605390087,
        "median": 0.00477430550382,
        "min": 3.12246192444e-12,
        "var": 4.74610124002e-06
    },
    "spectral_rolloff": {
        "dmean": 391.229522705,
        "dmean2": 685.851257324,
        "dvar": 1319243.5,
        "dvar2": 3393346.5,
        "max": 19595.2148438,
        "mean": 996.779174805,
        "median": 559.86328125,
        "min": 21.533203125,
        "var": 4621516
    },
    "spectral_skewness": {
        "dmean": 0.23734344542,
        "dmean2": 0.353964686394,
        "dvar": 0.0695282444358,
        "dvar2": 0.148673549294,
        "max": 8.18097400665,
        "mean": 1.76985216141,
        "median": 1.70924961567,
        "min": -0.0993011668324,
        "var": 0.431335180998
    },
    "spectral_spread": {
        "dmean": 881635.9375,
        "dmean2": 1327969.5,
        "dvar": 1.02697723494e+12,
        "dvar2": 1.93268560691e+12,
        "max": 42965952,
        "mean": 7612445.5,
        "median": 7309609.5,
        "min": 982536.625,
        "var": 1.71031239066e+13
    },
    "spectral_strongpeak": {
        "dmean": 0.507907569408,
        "dmean2": 0.815499484539,
        "dvar": 0.567791521549,
        "dvar2": 1.19451451302,
        "max": 9.62024879456,
        "mean": 0.983846247196,
        "median": 0.554484546185,
        "min": 0,
        "var": 1.28154027462
    },
    "zerocrossingrate": {
        "dmean": 0.0133183626458,
        "dmean2": 0.0163972023875,
        "dvar": 0.000230900288443,
        "dvar2": 0.00032430421561,
        "max": 0.52978515625,
        "mean": 0.0608998313546,
        "median": 0.0498046875,
        "min": 0.00146484375,
        "var": 0.00302635878325
    },
    "barkbands": {
        "dmean": [4.78904003103e-05, 0.00355120026506, 0.00329497363418, 0.000867419934366, 0.0023462951649, 0.00190736039076, 0.000910852279048, 0.001059930888, 0.00124303088523, 0.000583811372053, 0.000345134816598, 0.000355109485099, 0.000327140849549, 0.000173033316969, 0.000131222172058, 9.36701908358e-05, 7.98126857262e-05, 5.2293024055e-05, 4.00110511691e-05, 3.71516871382e-05, 2.60862998402e-05, 1.98182533495e-05, 2.90246171062e-05, 4.23657038482e-05, 6.21234648861e-05, 1.93509531528e-05, 1.01957357401e-06],
        "dmean2": [8.41770815896e-05, 0.0055341697298, 0.00494987331331, 0.00137974030804, 0.00369886914268, 0.00290485960431, 0.00133899401408, 0.00149179284927, 0.00173851766158, 0.000825247494504, 0.000509422738105, 0.000515855441336, 0.000462067197077, 0.000256788829574, 0.000193347063032, 0.000136680624564, 0.000117666284495, 7.94314109953e-05, 5.99570885242e-05, 5.62573113712e-05, 3.91602843592e-05, 3.01355248666e-05, 4.438103133e-05, 6.17646073806e-05, 9.0883608209e-05, 2.77470644505e-05, 1.7205260292e-06],
        "dvar": [3.40926820108e-09, 4.36874361185e-05, 3.57382377842e-05, 2.79251889879e-06, 1.92945972231e-05, 1.30272583192e-05, 4.51625146525e-06, 1.14758986456e-05, 9.75590319285e-06, 3.55424276677e-06, 1.11560791538e-06, 8.89914758773e-07, 7.78627565978e-07, 2.92788087108e-07, 1.35227935516e-07, 7.30968494622e-08, 5.08482287387e-08, 1.06830935209e-08, 7.38298222558e-09, 9.63628643547e-09, 5.6904734258e-09, 1.62276991844e-09, 1.74009162635e-09, 4.0032377413e-09, 1.14863709655e-08, 1.31860544705e-09, 7.57102019966e-12],
        "dvar2": [9.57392920498e-09, 0.000106876002974, 7.94646257418e-05, 6.9121215347e-06, 4.87220422656e-05, 3.06927140628e-05, 8.55549933476e-06, 2.09281806747e-05, 1.76568792085e-05, 6.66591495246e-06, 2.13630914914e-06, 1.70016767242e-06, 1.37886604534e-06, 5.50260836008e-07, 2.77247920621e-07, 1.30816971478e-07, 1.00451394758e-07, 2.16767546135e-08, 1.40694398354e-08, 1.75292509397e-08, 1.07149347173e-08, 3.6089649047e-09, 3.90543730688e-09, 8.40804581514e-09, 2.41924311695e-08, 2.75024691909e-09, 1.99951340207e-11],
        "max": [0.0009901256999, 0.105859816074, 0.0893630236387, 0.0511058270931, 0.0862308219075, 0.0912136211991, 0.0637775212526, 0.103806242347, 0.098490126431, 0.0605719685555, 0.0279225949198, 0.0282316543162, 0.0227347929031, 0.0198087859899, 0.00937026459724, 0.0123770060018, 0.0065317065455, 0.00225556013174, 0.00166664004792, 0.00484503572807, 0.00512571120635, 0.00159544835333, 0.000643012521323, 0.000873341574334, 0.00176069454756, 0.000511007383466, 4.54488217656e-05],
        "mean": [5.07368931721e-05, 0.00504906568676, 0.00484460731968, 0.00103769742418, 0.00389539753087, 0.00382908759639, 0.00162821554113, 0.00180248590186, 0.00242919265293, 0.000953363953158, 0.000598171667662, 0.000574996112846, 0.000563310924917, 0.000258922606008, 0.000205530566745, 0.000154710796778, 0.000125779188238, 9.04421249288e-05, 7.10513777449e-05, 6.70075241942e-05, 4.55311346741e-05, 3.3892585634e-05, 6.28950292594e-05, 9.85917358776e-05, 0.000133148816531, 3.43631581927e-05, 7.52980156449e-07],
        "median": [3.03292254102e-05, 0.00170031422749, 0.00149830942973, 0.000372668378986, 0.00181624689139, 0.00133981532417, 0.000404927151976, 0.000193897998543, 0.000332151685143, 6.8096567702e-05, 6.04737469985e-05, 7.0916779805e-05, 4.88409823447e-05, 2.65598027909e-05, 2.46287909249e-05, 2.29999277508e-05, 1.54993322212e-05, 3.43979154422e-05, 2.33802020375e-05, 1.967139724e-05, 1.8585131329e-05, 1.9012228222e-05, 4.94853302371e-05, 7.8442179074e-05, 9.47232183535e-05, 2.05402284337e-05, 3.18448556413e-08],
        "min": [2.43577641737e-25, 8.82792249535e-25, 8.4442185789e-25, 8.93749330293e-25, 1.1529836374e-23, 5.54847368726e-24, 5.331680511e-24, 4.95692306608e-24, 1.56887867969e-23, 1.22305318178e-23, 1.55481565634e-23, 1.98347588803e-23, 2.37796345417e-23, 2.62284528513e-23, 4.3333795598e-23, 4.75706034369e-23, 4.86257869392e-23, 9.39287655278e-23, 1.40450815049e-22, 1.77134563704e-22, 1.94468071845e-22, 2.89502915026e-22, 4.07254301704e-22, 5.7322258347e-22, 8.68290741788e-22, 1.26447663079e-21, 1.9108372982e-21],
        "var": [3.83400422521e-09, 7.52855485189e-05, 5.98405822529e-05, 3.54661710844e-06, 3.35324766638e-05, 4.15020513174e-05, 1.2612557839e-05, 2.97363658319e-05, 3.54430885636e-05, 8.23260415928e-06, 2.84060297417e-06, 2.14878969018e-06, 2.4089422368e-06, 6.82992435941e-07, 3.0648794791e-07, 2.01971488423e-07, 1.18523708181e-07, 2.38287558574e-08, 1.74989676083e-08, 2.68250559543e-08, 1.42896539046e-08, 3.15471471168e-09, 3.02178526645e-09, 7.45499839638e-09, 1.93879348132e-08, 2.04284678063e-09, 5.52827271807e-12]
    },
    "erbbands": {
        "dmean": [0.0406160727143, 1.01240110397, 3.71174716949, 3.08095765114, 3.55908560753, 9.55697059631, 14.3897638321, 17.0485782623, 12.487288475, 16.1612663269, 22.7947349548, 30.1681957245, 19.2000331879, 15.9535655975, 15.3826761246, 12.9920759201, 13.2390851974, 10.4074468613, 7.95452404022, 5.04309225082, 4.68003988266, 4.46225738525, 3.07099246979, 2.06751489639, 1.80715954304, 1.75099027157, 1.24052357674, 0.957608401775, 0.66282916069, 0.84016597271, 0.78182476759, 0.844472527504, 0.782332837582, 0.723013758659, 0.445437848568, 0.134344995022, 0.0246691554785, 0.00443644588813, 0.000129169449792, 1.5262990928e-05],
        "dmean2": [0.0615344122052, 1.56810355186, 5.59249401093, 4.66095352173, 5.73689365387, 15.2304849625, 22.7366333008, 25.2367229462, 18.1212692261, 23.4431819916, 32.0459709167, 42.4116363525, 26.9988307953, 22.3647975922, 22.1045532227, 18.8294792175, 18.7545661926, 15.0162820816, 11.6510791779, 7.40775918961, 6.79243087769, 6.45270967484, 4.60183572769, 3.10319709778, 2.68646144867, 2.64396834373, 1.85351800919, 1.44826197624, 1.00986671448, 1.29371404648, 1.19171786308, 1.25826990604, 1.1580696106, 1.07821559906, 0.658436179161, 0.194134801626, 0.0348913185298, 0.00677537964657, 0.000201991395443, 2.14584961213e-05],
        "dvar": [0.00573758035898, 3.39257502556, 42.2846031189, 27.2200317383, 100.966293335, 326.219940186, 586.286254883, 1443.9284668, 916.760681152, 1795.48657227, 5089.68994141, 5793.23876953, 3045.11889648, 3016.92456055, 1951.81567383, 1407.06530762, 1159.6661377, 758.995056152, 434.877624512, 248.960739136, 158.932510376, 162.243789673, 44.6182861328, 18.6975917816, 16.3022232056, 25.9571743011, 11.1621580124, 8.83535861969, 2.81574726105, 1.65049529076, 1.36299300194, 1.55150461197, 1.35572493076, 1.48155224323, 0.608225703239, 0.0631813928485, 0.00213442090899, 8.93757969607e-05, 1.09793973024e-07, 2.97160740459e-10],
        "dvar2": [0.0122794946656, 8.33712863922, 95.9562911987, 61.5958023071, 256.256439209, 836.286315918, 1425.21691895, 3156.36401367, 1688.37963867, 3414.15209961, 8946.50488281, 10622.3730469, 5822.31933594, 5354.68554688, 3695.70532227, 2856.67529297, 2041.88793945, 1401.95788574, 876.814941406, 464.431488037, 290.781585693, 309.981445312, 87.069984436, 36.6678619385, 30.7266407013, 46.5485420227, 21.4082489014, 15.0154867172, 6.56245803833, 3.60052275658, 3.05817914009, 3.29502272606, 2.88087725639, 3.1689081192, 1.29922544956, 0.131718680263, 0.00453023426235, 0.00021512764215, 2.85428995994e-07, 6.09026551412e-10],
        "max": [1.62185227871, 28.6454811096, 102.742637634, 99.8924942017, 288.367584229, 402.055908203, 420.171905518, 1123.72167969, 1033.8762207, 1302.65185547, 2455.69799805, 2291.73828125, 1971.63793945, 2693.33984375, 1233.03430176, 1029.11645508, 1234.02038574, 1056.40307617, 439.421569824, 703.560913086, 581.608398438, 453.178985596, 216.551376343, 78.4989471436, 89.6910552979, 331.266815186, 167.237304688, 255.180892944, 93.0942001343, 19.5503368378, 16.7694530487, 16.369348526, 16.0714302063, 22.0298652649, 9.96381282806, 3.48592877388, 0.74031829834, 0.156754121184, 0.00594848580658, 0.000259315216681],
        "mean": [0.061293553561, 1.46326053143, 5.61176633835, 4.3685464859, 4.84300804138, 15.7430095673, 25.0036067963, 35.3285217285, 24.1987953186, 29.7766628265, 40.5691375732, 58.2034759521, 34.8075714111, 29.8081417084, 27.6898574829, 21.0417785645, 23.1362857819, 17.5049781799, 12.9888029099, 8.57982254028, 8.12595939636, 7.46971559525, 5.49888086319, 3.78341221809, 3.31294822693, 3.17329716682, 2.22582554817, 1.62468123436, 1.12935817242, 1.60028219223, 1.66797792912, 1.88321971893, 1.76755452156, 1.51139044762, 0.925601005554, 0.262072771788, 0.0414813049138, 0.00473668240011, 0.000144593330333, 3.92621295759e-05],
        "median": [0.0214107614011, 0.516053199768, 2.03928494453, 1.99086904526, 2.15600705147, 6.51465463638, 11.8186511993, 9.59956073761, 8.31208515167, 8.13043785095, 6.51626777649, 10.3103580475, 6.6569018364, 3.60070514679, 3.91425323486, 3.01055264473, 2.77003717422, 2.21172738075, 1.66427326202, 1.20153260231, 1.30295908451, 1.04202377796, 1.76872313023, 1.28675734997, 1.12870705128, 0.934890568256, 0.724917709827, 0.758784770966, 0.624535739422, 1.07925772667, 1.29141259193, 1.4716848135, 1.38657402992, 1.07653689384, 0.647134721279, 0.167726963758, 0.0241564009339, 0.00163716601674, 6.06420762779e-05, 3.3135915146e-05],
        "min": [5.59795766966e-23, 1.91931650532e-22, 1.13076528796e-21, 6.5365819371e-21, 7.3837720002e-21, 3.4548361506e-20, 3.48775212287e-20, 5.51888700841e-20, 7.32768026894e-20, 1.167005149e-19, 1.98016931532e-19, 3.87341047856e-19, 6.14800439316e-19, 6.20026152836e-19, 9.09389440744e-19, 1.10940502158e-18, 1.39044108226e-18, 1.74910256336e-18, 3.228357511e-18, 2.24807010977e-18, 3.47872088739e-18, 3.6525193923e-18, 4.75713638231e-18, 7.33535578124e-18, 6.38994913887e-18, 8.6318596482e-18, 7.42987274675e-18, 9.50446571127e-18, 9.36028895769e-18, 1.14776670122e-17, 1.0569245683e-17, 1.0240127888e-17, 9.63408408608e-18, 8.24412700787e-18, 6.09500093426e-18, 3.9858843461e-18, 2.4852308564e-18, 9.96072488868e-19, 2.41579183571e-19, 2.73716681945e-20],
        "var": [0.0130479242653, 5.78556203842, 73.6768264771, 41.5048561096, 113.689361572, 605.905090332, 1313.38134766, 4963.6953125, 2648.96679688, 4722.73046875, 12830.0830078, 19278.7421875, 7387.44287109, 9164.6875, 5152.80419922, 2775.41625977, 3519.59887695, 1983.06835938, 1035.92834473, 632.959777832, 454.651916504, 392.369232178, 105.984306335, 44.3243865967, 39.4442062378, 67.5653762817, 29.0466194153, 23.2780971527, 5.74050283432, 2.9229195118, 2.25804877281, 2.78563523293, 2.5215613842, 2.46184515953, 0.99263805151, 0.101109705865, 0.00318386545405, 9.06670538825e-05, 9.18467719657e-08, 8.60663984525e-10]
    },
    "gfcc": {
        "mean": [-27.7654953003, 85.3745040894, -75.8319778442, 24.6213512421, -71.3368301392, 23.570980072, -51.0945358276, 19.175151825, -30.6314506531, 4.93890619278, -13.4953308105, -0.211040198803, -10.9124031067],
        "cov": [[18710.0351562, 1096.13269043, -1827.48693848, -191.320877075, -1002.77587891, 334.979125977, -733.845031738, 236.389129639, -457.168762207, 55.553024292, -223.875518799, -20.9444789886, -100.922462463], [1096.13269043, 846.666625977, -315.34588623, -280.209136963, 6.46456336975, -14.4377613068, -14.5102481842, -33.6826477051, 68.4167404175, 6.50820684433, 54.1474647522, -42.4302864075, 80.4940719604], [-1827.48693848, -315.34588623, 1215.35058594, 464.778533936, 34.8034477234, 43.6353034973, 64.2636642456, 61.9194602966, 19.2739448547, -6.11509466171, -32.1000328064, -2.42040777206, -117.343681335], [-191.320877075, -280.209136963, 464.778533936, 519.63684082, 45.2576446533, 2.02401185036, 3.70972156525, 68.1562194824, -32.3221435547, 17.3089885712, -9.77632904053, 1.09074878693, -65.9846954346], [-1002.77587891, 6.46456336975, 34.8034477234, 45.2576446533, 267.232971191, 56.6794700623, 103.96282196, -9.96886634827, 61.3502960205, 12.4056091309, 18.8904590607, 4.03809976578, 19.6889724731], [334.979125977, -14.4377613068, 43.6353034973, 2.02401185036, 56.6794700623, 205.459320068, 61.5316467285, 39.6722640991, -8.46036338806, -15.2428417206, -17.7256069183, 6.17110395432, -14.7669811249], [-733.845031738, -14.5102481842, 64.2636642456, 3.70972156525, 103.96282196, 61.5316467285, 155.194580078, 39.8262329102, 40.3474273682, 1.40899372101, 13.6762266159, 8.0714931488, 15.5448131561], [236.389129639, -33.6826477051, 61.9194602966, 68.1562194824, -9.96886634827, 39.6722640991, 39.8262329102, 98.1242523193, 19.8654708862, 10.39955616, 2.16960883141, -1.23361361027, -12.5658931732], [-457.168762207, 68.4167404175, 19.2739448547, -32.3221435547, 61.3502960205, -8.46036338806, 40.3474273682, 19.8654708862, 95.8871154785, 39.1471176147, 21.028345108, -7.19119358063, 11.7655696869], [55.553024292, 6.50820684433, -6.11509466171, 17.3089885712, 12.4056091309, -15.2428417206, 1.40899372101, 10.39955616, 39.1471176147, 66.9064407349, 30.2222251892, 9.36588287354, -0.0799434259534], [-223.875518799, 54.1474647522, -32.1000328064, -9.77632904053, 18.8904590607, -17.7256069183, 13.6762266159, 2.16960883141, 21.028345108, 30.2222251892, 73.5335388184, 27.639415741, 21.983543396], [-20.9444789886, -42.4302864075, -2.42040777206, 1.09074878693, 4.03809976578, 6.17110395432, 8.0714931488, -1.23361361027, -7.19119358063, 9.36588287354, 27.639415741, 63.5444374084, 30.9310646057], [-100.922462463, 80.4940719604, -117.343681335, -65.9846954346, 19.6889724731, -14.7669811249, 15.5448131561, -12.5658931732, 11.7655696869, -0.0799434259534, 21.983543396, 30.9310646057, 82.8708267212]],
        "icov": [[0.000233263999689, -0.000524763891008, 0.000409223110182, -0.000306412694044, 0.000428179133451, -0.000532683392521, 0.000691358814947, -0.0008459482342, 0.000896857585758, -0.00107310584281, 0.00124476535711, -0.000879036961123, 0.000544182490557], [-0.000524763891008, 0.00313344062306, -0.000919880636502, 0.00133099092636, -0.000846651557367, 0.000628782319836, -0.000795544881839, 0.00201086699963, -0.00293709291145, 0.0029535908252, -0.00493225362152, 0.00497100455686, -0.00328521546908], [0.000409223110182, -0.000919880636502, 0.00240332470275, -0.00224251742475, 0.0016716736136, -0.00125100952573, 0.000210836413316, -0.000191037368495, -0.000891887524631, -0.000210362471989, 0.0024876089301, -0.00291629973799, 0.00287576811388], [-0.000306412694044, 0.00133099092636, -0.00224251742475, 0.00536876684055, -0.00334966811351, 0.00202557095326, 0.000925532775, -0.00332683091983, 0.00387915177271, -0.00161812372971, -0.00196992699057, 0.00248770113103, -0.00104607886169], [0.000428179133451, -0.000846651557367, 0.0016716736136, -0.00334966811351, 0.0088938549161, -0.00344186555594, -0.00324409967288, 0.00455594016239, -0.0049089374952, 0.000163917764439, 0.00128466612659, -0.00141607190017, 0.000501588161569], [-0.000532683392521, 0.000628782319836, -0.00125100952573, 0.00202557095326, -0.00344186555594, 0.00862087123096, -0.00309869321063, -0.00207989034243, 0.00167066475842, 0.00192152673844, -0.000124466285342, -0.000769754056819, 0.0012867305195], [0.000691358814947, -0.000795544881839, 0.000210836413316, 0.000925532775, -0.00324409967288, -0.00309869321063, 0.0146576985717, -0.00814998801798, 0.00170481204987, -0.0013219305547, 0.00148310954683, -0.00150071515236, -0.0011931322515], [-0.0008459482342, 0.00201086699963, -0.000191037368495, -0.00332683091983, 0.00455594016239, -0.00207989034243, -0.00814998801798, 0.0217934083194, -0.0115512907505, 0.00555382203311, -0.00529461167753, 0.00293888291344, -0.000569606665522], [0.000896857585758, -0.00293709291145, -0.000891887524631, 0.00387915177271, -0.0049089374952, 0.00167066475842, 0.00170481204987, -0.0115512907505, 0.0301855821162, -0.0189302060753, 0.00534546608105, 0.00256093335338, -0.0015141677577], [-0.00107310584281, 0.0029535908252, -0.000210362471989, -0.00161812372971, 0.000163917764439, 0.00192152673844, -0.0013219305547, 0.00555382203311, -0.0189302060753, 0.0329159982502, -0.0138978334144, -0.000273344718153, 0.0021396803204], [0.00124476535711, -0.00493225362152, 0.0024876089301, -0.00196992699057, 0.00128466612659, -0.000124466285342, 0.00148310954683, -0.00529461167753, 0.00534546608105, -0.0138978334144, 0.0302171111107, -0.0154742170125, 0.00383965671062], [-0.000879036961123, 0.00497100455686, -0.00291629973799, 0.00248770113103, -0.00141607190017, -0.000769754056819, -0.00150071515236, 0.00293888291344, 0.00256093335338, -0.000273344718153, -0.0154742170125, 0.0338881500065, -0.0160286705941], [0.000544182490557, -0.00328521546908, 0.00287576811388, -0.00104607886169, 0.000501588161569, 0.0012867305195, -0.0011931322515, -0.000569606665522, -0.0015141677577, 0.0021396803204, 0.00383965671062, -0.0160286705941, 0.0245884358883]]
    },
    "melbands": {
        "dmean": [0.000686801271513, 0.00175200880039, 0.000535586092155, 0.000437378708739, 0.000502177223098, 0.000367383938283, 0.000191848637769, 0.00019350394723, 0.000190446196939, 0.000191214727238, 9.60172328632e-05, 6.64635881549e-05, 4.81403913e-05, 4.06929611927e-05, 3.10857103614e-05, 3.14950884786e-05, 1.87464029295e-05, 1.33527446451e-05, 9.0538733275e-06, 6.60740533931e-06, 5.39609663974e-06, 5.28269538336e-06, 3.18065394822e-06, 2.47005823439e-06, 1.75771219801e-06, 1.40887925681e-06, 1.31091110234e-06, 1.18977368402e-06, 8.56445012687e-07, 7.17711259313e-07, 5.30270654053e-07, 3.89320632621e-07, 4.15924262143e-07, 5.28583598225e-07, 4.38250054913e-07, 5.68871030282e-07, 5.61559602374e-07, 5.40887981515e-07, 6.27703968803e-07, 6.4770483732e-07],
        "dmean2": [0.00105328974314, 0.00265384395607, 0.000808204815257, 0.000703651632648, 0.000789172889199, 0.000546534894966, 0.0002792107407, 0.000276998092886, 0.000266507093329, 0.000267533556325, 0.000134861460538, 9.31952017709e-05, 6.96506467648e-05, 5.86740206927e-05, 4.50992192782e-05, 4.43700191681e-05, 2.73185469268e-05, 1.97582357941e-05, 1.32495379148e-05, 9.72792986431e-06, 7.94968855189e-06, 7.78590856498e-06, 4.66390793008e-06, 3.84494978789e-06, 2.64592586063e-06, 2.10975031223e-06, 2.00853355636e-06, 1.80673816885e-06, 1.29527757053e-06, 1.08600897875e-06, 8.17998000002e-07, 6.12107385223e-07, 6.31276236618e-07, 8.32616876778e-07, 6.85622751462e-07, 8.71258635016e-07, 8.52629227666e-07, 8.18489638732e-07, 9.45851411416e-07, 9.89248860606e-07],
        "dvar": [1.65018388998e-06, 8.45851900522e-06, 7.79250228788e-07, 9.81190396487e-07, 6.33108641068e-07, 5.94813911903e-07, 1.93645504964e-07, 2.91102992378e-07, 3.35345134772e-07, 2.41375033738e-07, 8.02211701512e-08, 5.4567415475e-08, 1.994044041e-08, 1.16243867865e-08, 1.05704467401e-08, 8.10263411921e-09, 2.97482039002e-09, 1.26681432011e-09, 6.46406594917e-10, 4.35798896969e-10, 2.37148939375e-10, 2.44137710048e-10, 8.8908748419e-11, 2.18939241736e-11, 1.46349356245e-11, 1.05583137719e-11, 9.65150008525e-12, 1.16849030452e-11, 5.41095467044e-12, 4.06607299913e-12, 2.28578224057e-12, 1.15028841487e-12, 6.01551631858e-13, 6.05127926934e-13, 4.91678637908e-13, 5.72068054819e-13, 7.69651703481e-13, 6.55312501312e-13, 9.0666357885e-13, 1.24669155208e-12],
        "dvar2": [3.82240932595e-06, 1.98541893042e-05, 1.77729123152e-06, 2.58545492215e-06, 1.53492339905e-06, 1.32009233766e-06, 3.6064568576e-07, 5.50928064058e-07, 5.86215094245e-07, 4.3231787572e-07, 1.52495388761e-07, 9.74323981495e-08, 3.77824989073e-08, 2.17222577703e-08, 2.10432435921e-08, 1.40502285362e-08, 5.61661517295e-09, 2.57131360648e-09, 1.28811683542e-09, 8.05004840565e-10, 4.58862392527e-10, 4.84222495434e-10, 1.5735260317e-10, 4.65960568741e-11, 2.92244596578e-11, 1.95201476511e-11, 1.87009834701e-11, 2.06509375572e-11, 1.06984308565e-11, 7.76272796044e-12, 3.89751208738e-12, 2.73093136646e-12, 1.34065512598e-12, 1.38038929245e-12, 1.14261432347e-12, 1.28178782692e-12, 1.67092023811e-12, 1.43671467952e-12, 1.95433729963e-12, 2.71629528766e-12],
        "max": [0.0235920082778, 0.044158898294, 0.0180951077491, 0.0217776950449, 0.0124643938616, 0.0215736795217, 0.0142243457958, 0.0173320136964, 0.0162793751806, 0.0169966537505, 0.010041535832, 0.0112274708226, 0.00453371368349, 0.00323876854964, 0.00313369464129, 0.00249774986878, 0.00189821806271, 0.000882523076143, 0.000663410231937, 0.00107838329859, 0.000595515070017, 0.000577408878598, 0.000558765314054, 9.94986912701e-05, 8.0792728113e-05, 8.86296184035e-05, 9.17857905733e-05, 0.000232639868045, 8.19023916847e-05, 0.000124400117784, 0.000132128523546, 5.8292196627e-05, 1.95865577552e-05, 1.21213488455e-05, 1.05734770841e-05, 1.06389479697e-05, 1.34009378598e-05, 1.21326402223e-05, 1.32592867885e-05, 2.71537010121e-05],
        "mean": [0.00100580404978, 0.00268389633857, 0.000779430905823, 0.000688583939336, 0.000897457939573, 0.000759285059758, 0.00036499244743, 0.000349184731022, 0.000336547178449, 0.00037025930942, 0.000169001577888, 0.000120088719996, 8.74911638675e-05, 6.75594710629e-05, 4.95507338201e-05, 5.46895062143e-05, 2.9734979762e-05, 2.09489226108e-05, 1.44699688462e-05, 1.05741837615e-05, 8.96407527762e-06, 8.23839036457e-06, 5.37182813787e-06, 4.2110909817e-06, 2.99883208754e-06, 2.44249872594e-06, 2.2881354198e-06, 2.0469451556e-06, 1.4698061932e-06, 1.17009392397e-06, 8.51880258779e-07, 6.08646587352e-07, 6.92304524819e-07, 9.78719299383e-07, 8.40086613607e-07, 1.20347340271e-06, 1.14529279927e-06, 1.14947840757e-06, 1.33761170673e-06, 1.26153406654e-06],
        "median": [0.000347105495166, 0.00110241747461, 0.000375214091036, 0.000297018443234, 0.000449931889307, 0.000221122449148, 0.000118654017569, 7.80348782428e-05, 4.07388652093e-05, 5.30028446519e-05, 2.2740690838e-05, 9.47182888922e-06, 9.85766382655e-06, 8.10041365185e-06, 4.93610787089e-06, 4.73475301987e-06, 3.44505156136e-06, 2.48298670158e-06, 1.88456124306e-06, 1.34709023314e-06, 1.47567288877e-06, 9.48530214373e-07, 1.28239912556e-06, 1.68558733549e-06, 9.40294114571e-07, 8.47218245781e-07, 7.67866538354e-07, 5.62898037515e-07, 4.29211070241e-07, 4.16584072127e-07, 4.38471658981e-07, 3.24707457366e-07, 3.77786079753e-07, 6.87969588853e-07, 6.15721774011e-07, 9.40600784816e-07, 8.46098430429e-07, 8.77530226262e-07, 1.00592103536e-06, 8.61576893385e-07],
        "min": [4.15943429053e-25, 4.52083563008e-25, 1.37981140046e-24, 1.78843286911e-24, 1.45662101187e-24, 1.32125218471e-24, 1.16487037101e-24, 1.46637498114e-24, 1.78379219762e-24, 2.24850009891e-24, 2.70450785049e-24, 1.88337701222e-24, 2.76233411586e-24, 2.04514556261e-24, 2.4409939927e-24, 2.50535222358e-24, 2.67282325224e-24, 3.46277278551e-24, 2.73040201249e-24, 2.54409456314e-24, 3.16716037469e-24, 2.84216151466e-24, 3.52956051075e-24, 4.21982839675e-24, 4.47642039453e-24, 4.79989359758e-24, 3.5098788256e-24, 4.8892036961e-24, 4.4516099302e-24, 4.3056611964e-24, 5.14752448255e-24, 4.1392983201e-24, 5.42439691092e-24, 5.75073012918e-24, 4.92395538556e-24, 5.15370757433e-24, 5.01500965554e-24, 5.74691835328e-24, 5.83573738589e-24, 5.89487552694e-24],
        "var": [3.21384050039e-06, 1.45881213029e-05, 1.20338609122e-06, 1.35699315251e-06, 1.47737000589e-06, 2.02802539206e-06, 5.57263490464e-07, 7.78713399541e-07, 8.61633736804e-07, 8.85841870968e-07, 1.95006123249e-07, 1.60951486805e-07, 5.25444718846e-08, 2.98058964177e-08, 2.44075089029e-08, 2.67321933478e-08, 7.01574753847e-09, 2.90727597552e-09, 1.47030498887e-09, 1.10588183055e-09, 6.14042428015e-10, 5.43015521437e-10, 2.3889565326e-10, 4.72201201751e-11, 3.24467397395e-11, 2.50307830019e-11, 2.3521986442e-11, 3.09632701423e-11, 1.34621428588e-11, 1.0228010279e-11, 5.82022494436e-12, 2.22989790695e-12, 1.0567631839e-12, 1.00340699291e-12, 7.01367729086e-13, 1.09317437914e-12, 1.27254099185e-12, 1.17061438668e-12, 1.59469052546e-12, 1.98116674975e-12]
    },
    "mfcc": {
        "mean": [-676.646057129, 118.285774231, 42.7380867004, 9.46280860901, 11.9070043564, -4.40082359314, 2.40822768211, 0.515041768551, -4.79029226303, 1.35964643955, -0.225071519613, -0.156556814909, -2.80073285103],
        "cov": [[7109.58203125, 834.359741211, -745.784118652, -426.138397217, -104.417434692, -139.122894287, -84.9951553345, -119.032554626, -17.1053276062, -65.1307754517, -115.229598999, -22.8100090027, -14.7050228119], [834.359741211, 1021.03948975, -209.348678589, -263.905700684, -29.4980163574, -22.6391334534, -61.4887542725, -58.4177055359, 9.70062446594, 35.4820098877, -17.1868991852, 5.28635644913, 17.918384552], [-745.784118652, -209.348678589, 1005.19940186, 318.095092773, 100.474952698, 33.7016944885, 72.7801208496, 96.0802841187, -11.684677124, 29.5223255157, 74.6949615479, 10.5742511749, -17.7851829529], [-426.138397217, -263.905700684, 318.095092773, 417.209777832, 102.1979599, 6.88390493393, 44.7789535522, 19.9044952393, -0.108568884432, 19.6868629456, 37.6786689758, 31.5377464294, 16.9241695404], [-104.417434692, -29.4980163574, 100.474952698, 102.1979599, 149.70324707, 72.144203186, 35.1666030884, 32.6317138672, 19.0244197845, 22.0807609558, 21.6197566986, 11.146191597, 0.822530627251], [-139.122894287, -22.6391334534, 33.7016944885, 6.88390493393, 72.144203186, 129.332550049, 61.6147842407, 43.0334205627, 38.2620735168, 8.49316883087, 13.9639291763, 4.29473781586, -2.7799372673], [-84.9951553345, -61.4887542725, 72.7801208496, 44.7789535522, 35.1666030884, 61.6147842407, 116.164489746, 77.0774307251, 24.853187561, 13.3294095993, 12.6504678726, 4.27635526657, -2.91016888618], [-119.032554626, -58.4177055359, 96.0802841187, 19.9044952393, 32.6317138672, 43.0334205627, 77.0774307251, 104.23878479, 41.9750175476, 17.6972312927, 13.5820684433, -1.39261186123, -6.81971979141], [-17.1053276062, 9.70062446594, -11.684677124, -0.108568884432, 19.0244197845, 38.2620735168, 24.853187561, 41.9750175476, 81.8386383057, 36.2030487061, 10.6474723816, 2.86596536636, 2.13409876823], [-65.1307754517, 35.4820098877, 29.5223255157, 19.6868629456, 22.0807609558, 8.49316883087, 13.3294095993, 17.6972312927, 36.2030487061, 73.0463790894, 36.4800682068, 10.087348938, 0.207090228796], [-115.229598999, -17.1868991852, 74.6949615479, 37.6786689758, 21.6197566986, 13.9639291763, 12.6504678726, 13.5820684433, 10.6474723816, 36.4800682068, 69.8305892944, 33.3208580017, 1.02180194855], [-22.8100090027, 5.28635644913, 10.5742511749, 31.5377464294, 11.146191597, 4.29473781586, 4.27635526657, -1.39261186123, 2.86596536636, 10.087348938, 33.3208580017, 67.7394104004, 38.2036056519], [-14.7050228119, 17.918384552, -17.7851829529, 16.9241695404, 0.822530627251, -2.7799372673, -2.91016888618, -6.81971979141, 2.13409876823, 0.207090228796, 1.02180194855, 38.2036056519, 79.7587432861]],
