{
"lowlevel": {
    "average_loudness": 0.339758008718,
    "barkbands_crest": {
        "dmean": 2.08821129799,
        "dmean2": 3.39248657227,
        "dvar": 4.38880348206,
        "dvar2": 11.2545213699,
        "max": 26.1781864166,
        "mean": 8.71229076385,
        "median": 7.79406356812,
        "min": 2.00498366356,
        "var": 16.3463802338
    },
    "barkbands_flatness_db": {
        "dmean": 0.0186484958977,
        "dmean2": 0.0271667577326,
        "dvar": 0.000364370964235,
        "dvar2": 0.000725814257748,
        "max": 0.431136965752,
        "mean": 0.119767814875,
        "median": 0.116338387132,
        "min": 0.0223549734801,
        "var": 0.00245009060018
    },
    "barkbands_kurtosis": {
        "dmean": 2.41688323021,
        "dmean2": 3.72089266777,
        "dvar": 20.888967514,
        "dvar2": 45.4208869934,
        "max": 122.015975952,
        "mean": 3.94595336914,
        "median": 0.658525943756,
        "min": -1.89416193962,
        "var": 69.4218978882
    },
    "barkbands_skewness": {
        "dmean": 0.472211539745,
        "dmean2": 0.702510476112,
        "dvar": 0.309215307236,
        "dvar2": 0.619531750679,
        "max": 9.5795249939,
        "mean": 1.16834175587,
        "median": 0.869646251202,
        "min": -2.33398342133,
        "var": 2.08222913742
    },
    "barkbands_spread": {
        "dmean": 5.21355581284,
        "dmean2": 8.01203155518,
        "dvar": 54.7259254456,
        "dvar2": 109.421569824,
        "max": 109.757141113,
        "mean": 24.6848545074,
        "median": 20.0908699036,
        "min": 0.423149913549,
        "var": 319.509887695
    },
    "dissonance": {
        "dmean": 0.0177551712841,
        "dmean2": 0.0300489049405,
        "dvar": 0.000334275449859,
        "dvar2": 0.000917811237741,
        "max": 0.499983489513,
        "mean": 0.462982714176,
        "median": 0.469911903143,
        "min": 0.284082263708,
        "var": 0.000764365366194
    },
    "dynamic_complexity": 4.83064556122,
    "erbbands_crest": {
        "dmean": 1.94607746601,
        "dmean2": 3.15012359619,
        "dvar": 4.1483874321,
        "dvar2": 10.0175428391,
        "max": 29.039730072,
        "mean": 7.97498130798,
        "median": 6.98362588882,
        "min": 2.08552742004,
        "var": 14.3588819504
    },
    "erbbands_flatness_db": {
        "dmean": 0.0165196787566,
        "dmean2": 0.0237572845072,
        "dvar": 0.000334049662342,
        "dvar2": 0.000603289401624,
        "max": 0.447074234486,
        "mean": 0.153666734695,
        "median": 0.150845691562,
        "min": 0.0329805277288,
        "var": 0.00197550747544
    },
    "erbbands_kurtosis": {
        "dmean": 0.712645351887,
        "dmean2": 1.14137804508,
        "dvar": 1.22618317604,
        "dvar2": 2.84278059006,
        "max": 39.8323936462,
        "mean": 0.332977116108,
        "median": -0.122809410095,
        "min": -1.79181993008,
        "var": 3.58701896667
    },
    "erbbands_skewness": {
        "dmean": 0.304338276386,
        "dmean2": 0.468145608902,
        "dvar": 0.102084323764,
        "dvar2": 0.221419915557,
        "max": 4.93538236618,
        "mean": 0.190402418375,
        "median": 0.155448049307,
        "min": -2.74050879478,
        "var": 0.636486828327
    },
    "erbbands_spread": {
        "dmean": 7.42289924622,
        "dmean2": 11.5234498978,
        "dvar": 91.7598724365,
        "dvar2": 201.36618042,
        "max": 139.300003052,
        "mean": 38.9377784729,
        "median": 35.1913642883,
        "min": 1.06540584564,
        "var": 371.306091309
    },
    "hfc": {
        "dmean": 4.18239974976,
        "dmean2": 5.13850355148,
        "dvar": 70.2630386353,
        "dvar2": 100.003425598,
        "max": 307.049835205,
        "mean": 14.7788562775,
        "median": 5.1040148735,
        "min": 1.05883975611e-16,
        "var": 592.783935547
    },
    "melbands_crest": {
        "dmean": 2.76128673553,
        "dmean2": 4.47303390503,
        "dvar": 6.85028934479,
        "dvar2": 16.7880439758,
        "max": 37.0478248596,
        "mean": 11.9194545746,
        "median": 10.9814033508,
        "min": 1.62614679337,
        "var": 28.9078731537
    },
    "melbands_flatness_db": {
        "dmean": 0.0228755492717,
        "dmean2": 0.0329382233322,
        "dvar": 0.000592610158492,
        "dvar2": 0.00113181082997,
        "max": 0.552140057087,
        "mean": 0.171083748341,
        "median": 0.167582347989,
        "min": 0.00253992434591,
        "var": 0.00522765377536
    },
    "melbands_kurtosis": {
        "dmean": 5.9967880249,
        "dmean2": 9.1500453949,
        "dvar": 133.942276001,
        "dvar2": 294.684204102,
        "max": 355.175964355,
        "mean": 12.1839761734,
        "median": 3.79351091385,
        "min": -1.65807271004,
        "var": 458.47467041
    },
    "melbands_skewness": {
        "dmean": 0.630502581596,
        "dmean2": 0.949396193027,
        "dvar": 0.582242012024,
        "dvar2": 1.2264342308,
        "max": 13.7915172577,
        "mean": 2.25310516357,
        "median": 1.80568993092,
        "min": -1.12769281864,
        "var": 3.21141242981
    },
    "melbands_spread": {
        "dmean": 7.50082588196,
        "dmean2": 11.1281805038,
        "dvar": 117.283348083,
        "dvar2": 220.371307373,
        "max": 200.087814331,
        "mean": 33.4142799377,
        "median": 25.0075054169,
        "min": 0.601144731045,
        "var": 943.83996582
    },
    "pitch_salience": {
        "dmean": 0.0625099241734,
        "dmean2": 0.100246675313,
        "dvar": 0.00330990436487,
        "dvar2": 0.00823241751641,
        "max": 0.938878417015,
        "mean": 0.604778409004,
        "median": 0.60359287262,
        "min": 0.0692741498351,
        "var": 0.0129652926698
    },
    "silence_rate_20dB": {
        "dmean": 0,
        "dmean2": 0,
        "dvar": 0,
        "dvar2": 0,
        "max": 1,
        "mean": 1,
        "median": 1,
        "min": 1,
        "var": 0
    },
    "silence_rate_30dB": {
        "dmean": 0.00102827767842,
        "dmean2": 0.00205681961961,
        "dvar": 0.00102717033587,
        "dvar2": 0.00230971188284,
        "max": 1,
        "mean": 0.998586297035,
        "median": 1,
        "min": 0,
        "var": 0.00141164346132
    },
    "silence_rate_60dB": {
        "dmean": 0.100514136255,
        "dmean2": 0.201054126024,
        "dvar": 0.0904196053743,
        "dvar2": 0.182218387723,
        "max": 1,
        "mean": 0.296619981527,
        "median": 0,
        "min": 0,
        "var": 0.208655044436
    },
    "spectral_centroid": {
        "dmean": 242.772277832,
        "dmean2": 361.641845703,
        "dvar": 93560.046875,
        "dvar2": 180796.453125,
        "max": 11876.5371094,
        "mean": 1689.56616211,
        "median": 1380.68896484,
        "min": 150.221221924,
        "var": 2374758
    },
    "spectral_complexity": {
        "dmean": 2.55012845993,
        "dmean2": 3.52153229713,
        "dvar": 10.2249717712,
        "dvar2": 15.506362915,
        "max": 54,
        "mean": 12.5294952393,
        "median": 10,
        "min": 0,
        "var": 93.2777252197
    },
    "spectral_decrease": {
        "dmean": 7.11243453022e-10,
        "dmean2": 9.8777896973e-10,
        "dvar": 1.87915644876e-18,
        "dvar2": 3.73509311054e-18,
        "max": 1.71784855354e-24,
        "mean": -2.33892993862e-09,
        "median": -1.36087385805e-09,
        "min": -3.59614702461e-08,
        "var": 7.72732110476e-18
    },
    "spectral_energy": {
        "dmean": 0.00301211257465,
        "dmean2": 0.0041170893237,
        "dvar": 3.22289561154e-05,
        "dvar2": 6.12639705651e-05,
        "max": 0.142309904099,
        "mean": 0.0101681603119,
        "median": 0.00577557366341,
        "min": 9.99017691288e-21,
        "var": 0.000152630338562
    },
    "spectral_energyband_high": {
        "dmean": 0.000211032951484,
        "dmean2": 0.000269871990895,
        "dvar": 2.23224404294e-07,
        "dvar2": 3.45036568206e-07,
        "max": 0.0140552250668,
        "mean": 0.000671541725751,
        "median": 9.74272188614e-05,
        "min": 6.87139500303e-21,
        "var": 1.91828280549e-06
    },
    "spectral_energyband_low": {
        "dmean": 0.000685681356117,
        "dmean2": 0.00101635442115,
        "dvar": 2.38719462686e-06,
        "dvar2": 5.15564488524e-06,
        "max": 0.063555188477,
        "mean": 0.00120768963825,
        "median": 0.000606656016316,
        "min": 1.8825723741e-23,
        "var": 4.91636865263e-06
    },
    "spectral_energyband_middle_high": {
        "dmean": 0.00138390727807,
        "dmean2": 0.00177515263204,
        "dvar": 8.59893407323e-06,
        "dvar2": 1.29836726046e-05,
        "max": 0.0920408442616,
        "mean": 0.00440488057211,
        "median": 0.00102859165054,
        "min": 1.1279132718e-21,
        "var": 5.74907571718e-05
    },
    "spectral_energyband_middle_low": {
        "dmean": 0.00159894675016,
        "dmean2": 0.00246276543476,
        "dvar": 1.6616533685e-05,
        "dvar2": 4.15728936787e-05,
        "max": 0.119940444827,
        "mean": 0.00407556910068,
        "median": 0.0026021336671,
        "min": 1.3477904398e-22,
        "var": 3.02342377836e-05
    },
    "spectral_entropy": {
        "dmean": 0.161227867007,
        "dmean2": 0.235460400581,
        "dvar": 0.0342861823738,
        "dvar2": 0.0651627406478,
        "max": 9.82218170166,
        "mean": 7.50928211212,
        "median": 7.51437139511,
        "min": 4.8355178833,
        "var": 0.292493462563
    },
    "spectral_flux": {
        "dmean": 0.0139722116292,
        "dmean2": 0.0219193287194,
        "dvar": 0.000335917255143,
        "dvar2": 0.000806694908533,
        "max": 0.324496895075,
        "mean": 0.0443046465516,
        "median": 0.0372444801033,
        "min": 6.32711452675e-11,
        "var": 0.000978174386546
    },
    "spectral_kurtosis": {
        "dmean": 1.41031706333,
        "dmean2": 2.34137415886,
        "dvar": 3.2079167366,
        "dvar2": 8.19575881958,
        "max": 57.3819084167,
        "mean": 4.59449577332,
        "median": 4.18558216095,
        "min": -1.26636576653,
        "var": 10.5763711929
    },
    "spectral_rms": {
        "dmean": 0.000459362316178,
        "dmean2": 0.000616978271864,
        "dvar": 3.55193236601e-07,
        "dvar2": 6.0028446569e-07,
        "max": 0.0117829935625,
        "mean": 0.0027115480043,
        "median": 0.0023737535812,
        "min": 3.12194064003e-12,
        "var": 2.56763246398e-06
    },
    "spectral_rolloff": {
        "dmean": 482.905517578,
        "dmean2": 767.897094727,
        "dvar": 861623.1875,
        "dvar2": 1589752.75,
        "max": 19724.4140625,
        "mean": 2534.9921875,
        "median": 1571.92382812,
        "min": 21.533203125,
        "var": 10686116
    },
    "spectral_skewness": {
        "dmean": 0.193600222468,
        "dmean2": 0.309600710869,
        "dvar": 0.0445134863257,
        "dvar2": 0.101022154093,
        "max": 6.00726890564,
        "mean": 1.58873939514,
        "median": 1.56105530262,
        "min": -0.100109487772,
        "var": 0.269426763058
    },
    "spectral_spread": {
        "dmean": 574583.5,
        "dmean2": 867334.3125,
        "dvar": 759687020544,
        "dvar2": 1.49854329242e+12,
        "max": 42983912,
        "mean": 5546611,
        "median": 4388878.5,
        "min": 1532673.125,
        "var": 2.78338375516e+13
    },
    "spectral_strongpeak": {
        "dmean": 0.53541469574,
        "dmean2": 0.87131613493,
        "dvar": 1.34693932533,
        "dvar2": 2.82341384888,
        "max": 27.6218509674,
        "mean": 1.06186902523,
        "median": 0.315383374691,
        "min": 0,
        "var": 4.66647481918
    },
    "zerocrossingrate": {
        "dmean": 0.0113672874868,
        "dmean2": 0.0129253612831,
        "dvar": 0.000256254745182,
        "dvar2": 0.000276612234302,
        "max": 0.5263671875,
        "mean": 0.0838997811079,
        "median": 0.0576171875,
        "min": 0,
        "var": 0.00686468323693
    },
    "barkbands": {
        "dmean": [8.86396719579e-06, 0.000297905004118, 0.000403847720008, 0.00026270118542, 0.000853709934745, 0.000415448390413, 0.000185011682333, 0.000204275871511, 0.000292388809612, 0.00025722393184, 0.000223646347877, 0.000179829759873, 0.000161624688189, 0.000185653159861, 0.000185629731277, 0.000289861840429, 0.000262392510194, 0.000166916535818, 0.00013294906239, 8.41469955049e-05, 6.09989583609e-05, 4.59889888589e-05, 4.41347874585e-05, 3.59401710739e-05, 3.40467122442e-05, 1.04317387013e-05, 1.64951870829e-06],
        "dmean2": [1.52696702571e-05, 0.000477371038869, 0.000597871665377, 0.000432796747191, 0.00144073390402, 0.000655726355035, 0.000285181362415, 0.000310817325953, 0.000414217967773, 0.000356468081009, 0.000326566339936, 0.000267137715127, 0.000234029139392, 0.000278158928268, 0.000269724754617, 0.000419867836172, 0.000367856118828, 0.000238825406996, 0.000196622815565, 0.000121358418255, 8.54108729982e-05, 6.37795601506e-05, 5.97546422796e-05, 5.13420491188e-05, 4.68682846986e-05, 1.38956938827e-05, 2.72504371424e-06],
        "dvar": [7.01781063817e-11, 3.80154688173e-07, 1.13017017611e-06, 1.18954471873e-06, 7.13514828021e-06, 7.96519259438e-07, 1.18630559598e-07, 2.09964525766e-07, 4.39473524239e-07, 4.76611916156e-07, 3.68930358263e-07, 1.77572616167e-07, 1.58416170848e-07, 1.71345106992e-07, 2.3811479366e-07, 1.09020288619e-06, 1.22052585994e-06, 2.39807462776e-07, 1.0160937336e-07, 3.99813764318e-08, 3.24247260153e-08, 1.39054847637e-08, 1.31889130728e-08, 8.08413513909e-09, 8.13145017986e-09, 6.98016866529e-10, 6.41847269778e-11],
        "dvar2": [2.04781344659e-10, 9.7652457498e-07, 2.46887179856e-06, 2.693949682e-06, 2.03046965908e-05, 1.95107099898e-06, 2.6686751653e-07, 4.72903138871e-07, 7.83921677794e-07, 7.57333850743e-07, 8.10569304122e-07, 3.66858955658e-07, 2.85303912051e-07, 3.74639199663e-07, 5.15319015904e-07, 1.83233123607e-06, 1.89099057479e-06, 4.61569527488e-07, 2.12537187849e-07, 8.69285941008e-08, 6.83550780423e-08, 2.39135840019e-08, 2.22488516499e-08, 1.5550396526e-08, 1.37116185073e-08, 1.14070930479e-09, 1.78748155166e-10],
        "max": [0.000135391426738, 0.0178714785725, 0.0480666607618, 0.0402456186712, 0.0694511681795, 0.0187786817551, 0.00671889912337, 0.00856688898057, 0.0248674135655, 0.0166178438812, 0.011384151876, 0.0113152218983, 0.0195679944009, 0.0107319476083, 0.013220179826, 0.0316636003554, 0.0721132457256, 0.0155318900943, 0.00794538017362, 0.00453158374876, 0.00569967227057, 0.00511950813234, 0.00417305761948, 0.00205927691422, 0.00258925207891, 0.000618042482529, 0.000412178516854],
        "mean": [3.97156691179e-05, 0.000461330026155, 0.000616936769802, 0.000322201725794, 0.00127788400277, 0.000818307569716, 0.000387845153455, 0.000402061239583, 0.000668842170853, 0.000549244577996, 0.000498622655869, 0.000332228140905, 0.000340464554029, 0.000352641858626, 0.00038281083107, 0.000616080593318, 0.000666349020321, 0.000360675447155, 0.000297911610687, 0.000188633857761, 0.000144181642099, 0.000111412417027, 0.000114387687063, 9.64346618275e-05, 9.32697657845e-05, 2.54597725871e-05, 2.22166409003e-06],
        "median": [4.04066013289e-05, 0.000211002101423, 0.000165356701473, 8.89618531801e-05, 0.000595990568399, 0.000295084173558, 0.00014118332183, 0.000108427877421, 0.000144974997966, 6.92744506523e-05, 4.84510164824e-05, 6.23773012194e-05, 5.45649709238e-05, 4.53499742434e-05, 3.70347806893e-05, 4.6295204811e-05, 5.17277221661e-05, 4.83865951537e-05, 6.69638902764e-05, 3.03676570184e-05, 1.8883991288e-05, 1.06949210021e-05, 1.00039060271e-05, 8.76795820659e-06, 9.29630641622e-06, 2.3148083983e-06, 1.38958835549e-08],
        "min": [2.92977393521e-25, 1.26159733977e-24, 3.93349515955e-25, 9.26793037284e-25, 7.06550369509e-24, 6.99102497045e-24, 3.52466286782e-24, 4.20924740543e-24, 1.37523226012e-23, 1.57713316243e-23, 1.70733228826e-23, 2.30696613047e-23, 1.82361070123e-23, 3.07452163814e-23, 5.49802287692e-23, 7.48061587183e-23, 6.93161412018e-23, 9.85653112754e-23, 1.37611534258e-22, 1.5376864253e-22, 2.32358361166e-22, 2.92273798422e-22, 3.50269539509e-22, 5.76781519977e-22, 8.32738838139e-22, 1.26739407823e-21, 1.86247570709e-21],
        "var": [2.17221629573e-10, 5.01199849623e-07, 2.508770649e-06, 1.56057819822e-06, 7.26842245058e-06, 1.79398500677e-06, 3.83675711646e-07, 5.63676962884e-07, 1.81231166607e-06, 1.75607533492e-06, 1.40758186262e-06, 4.96553695939e-07, 6.07754657267e-07, 5.07232925884e-07, 8.05390868663e-07, 4.59280636278e-06, 1.09223019535e-05, 9.48312049331e-07, 3.54871531272e-07, 1.68162756609e-07, 1.51303865437e-07, 8.13437637248e-08, 6.97104880487e-08, 4.99047310143e-08, 5.13802653757e-08, 3.7800358399e-09, 6.93268983887e-11]
    },
    "erbbands": {
        "dmean": [0.00361574022099, 0.0868629142642, 0.427765160799, 0.576027691364, 2.2068400383, 3.07325220108, 3.62141180038, 3.11000227928, 2.56752347946, 3.62929821014, 4.17178535461, 6.60199975967, 7.96973657608, 6.7282500267, 9.26875019073, 6.78953552246, 7.25162982941, 8.62842559814, 8.54412555695, 11.4351100922, 14.2030181885, 15.4543247223, 9.41780853271, 8.58353042603, 4.97335720062, 3.44643330574, 2.86036229134, 1.92534148693, 1.77328121662, 1.63013744354, 1.18043279648, 0.702068150043, 0.612787425518, 0.43400490284, 0.252004206181, 0.069702193141, 0.0145239494741, 0.00318059604615, 0.000320439809002, 1.03995735117e-05],
        "dmean2": [0.0056036435999, 0.137627333403, 0.630091667175, 0.917642235756, 3.73368573189, 5.18899059296, 5.85846853256, 4.8675403595, 3.93250179291, 5.57035732269, 6.22151041031, 9.47471618652, 10.9350662231, 9.40004062653, 13.6245660782, 9.92023181915, 10.5634946823, 12.805232048, 12.3926458359, 16.1430873871, 20.032541275, 21.2503166199, 13.1883211136, 12.8545293808, 7.25509738922, 4.90846586227, 4.02371072769, 2.69517016411, 2.48921608925, 2.20419883728, 1.61896514893, 0.975165963173, 0.893910050392, 0.620209932327, 0.34271633625, 0.0931392610073, 0.0193620845675, 0.0047175809741, 0.000524992065039, 1.53997316374e-05],
        "dvar": [4.39000396e-05, 0.0331547707319, 1.15522813797, 3.9359228611, 59.2327690125, 97.0389175415, 117.588020325, 42.2487869263, 21.720533371, 64.5857467651, 81.0207901001, 225.497070312, 401.473205566, 339.343994141, 708.988037109, 225.330490112, 268.457611084, 365.489929199, 390.869689941, 881.641601562, 2859.04199219, 5244.37451172, 812.547302246, 576.618103027, 97.4380874634, 65.9817047119, 78.1613693237, 26.4365348816, 18.3631401062, 18.5718593597, 9.32949924469, 3.10862421989, 2.48171806335, 1.33252513409, 0.490798056126, 0.0313113071024, 0.00144526152872, 8.45637405291e-05, 3.96012956116e-06, 1.5873365955e-09],
        "dvar2": [0.000103425365523, 0.0842046886683, 2.57913923264, 8.91730976105, 161.306793213, 277.843170166, 321.298370361, 98.1645889282, 47.7426795959, 145.149551392, 177.710464478, 441.515533447, 621.266601562, 594.06817627, 1598.5402832, 454.457580566, 513.612548828, 764.719604492, 807.43170166, 1655.21228027, 4745.08056641, 7718.07373047, 1521.14245605, 1211.2734375, 200.035583496, 142.959564209, 176.572601318, 51.5565834045, 35.7626876831, 29.9486999512, 16.5629062653, 5.43163347244, 4.93865823746, 2.57944369316, 0.828252792358, 0.0530325770378, 0.00231988704763, 0.000173542706762, 1.12457810246e-05, 4.30190194578e-09],
        "max": [0.101374894381, 6.22758197784, 51.1560211182, 71.9560852051, 239.43460083, 294.13092041, 429.393707275, 125.6353302, 79.7247924805, 148.778457642, 199.396789551, 274.243377686, 597.563293457, 442.296691895, 547.450256348, 334.387084961, 547.895446777, 592.268676758, 562.117431641, 732.917663574, 2151.44360352, 5038.42822266, 954.187866211, 632.786499023, 163.363265991, 200.019470215, 354.774627686, 181.567092896, 136.119430542, 168.347747803, 83.9436721802, 40.9853897095, 34.212600708, 31.8168544769, 21.8709869385, 4.83739566803, 0.917772352695, 0.278512269258, 0.108421631157, 0.00208052271046],
        "mean": [0.00598142016679, 0.136820048094, 0.675453722477, 0.863987624645, 2.77229332924, 4.37588596344, 6.24926424026, 6.30525636673, 5.62778663635, 7.59749078751, 9.1267414093, 14.9052658081, 17.7991638184, 15.9964694977, 19.8860569, 13.8994369507, 15.9519271851, 17.604259491, 18.4786739349, 25.5229854584, 32.7716140747, 41.2363243103, 22.3959636688, 19.308631897, 11.9143800735, 8.10647296906, 6.64020967484, 4.77819061279, 4.12970209122, 4.06310176849, 3.04046845436, 1.88516616821, 1.60023260117, 1.16318118572, 0.644101858139, 0.174264431, 0.0349557101727, 0.00636712275445, 0.000452015752671, 2.52369973168e-05],
        "median": [0.00225378759205, 0.0637963190675, 0.225710198283, 0.337261408567, 0.941294014454, 1.94761228561, 2.51545023918, 2.12199068069, 2.14445757866, 2.42412662506, 3.16911935806, 3.59843802452, 3.57251429558, 2.59479522705, 2.82937788963, 3.20878839493, 3.3305644989, 3.01947760582, 2.92689108849, 2.53324437141, 3.40294480324, 3.25049591064, 2.85457372665, 3.86893773079, 2.66727471352, 1.50962293148, 0.759885370731, 0.707418680191, 0.421453952789, 0.37317276001, 0.248346149921, 0.182185545564, 0.144971862435, 0.12238856405, 0.0516498573124, 0.0166236553341, 0.00286799157038, 0.000247465679422, 1.35134432639e-05, 1.00543857116e-05],
        "min": [6.59258568449e-23, 4.72297915445e-22, 2.20328785195e-21, 4.00700101991e-21, 1.17448313639e-20, 2.35088801367e-20, 3.31005175531e-20, 7.72306678562e-20, 7.66849936083e-20, 1.3622286916e-19, 1.74684492897e-19, 3.51503085926e-19, 3.96750304872e-19, 6.35234023494e-19, 1.03255353203e-18, 1.3177371797e-18, 1.00065992915e-18, 1.99288261605e-18, 2.19876083948e-18, 2.08487874864e-18, 4.29524038262e-18, 4.13440752022e-18, 4.8723001895e-18, 5.19519675906e-18, 5.81870110297e-18, 7.0973932898e-18, 8.78724139037e-18, 1.01768932389e-17, 9.3403547321e-18, 1.13876341928e-17, 1.06998748725e-17, 1.03364348724e-17, 9.65391656845e-18, 7.44893512397e-18, 5.73943362564e-18, 4.2240234406e-18, 2.35453425166e-18, 9.18652933026e-19, 2.3996643987e-19, 2.58114843902e-20],
        "var": [9.08602814889e-05, 0.0446233786643, 2.30972194672, 6.50199222565, 64.5740432739, 86.7569274902, 148.452682495, 114.935379028, 76.0146484375, 187.03125, 241.316894531, 825.783325195, 1553.42102051, 1415.04272461, 2274.05859375, 680.411743164, 1072.93493652, 1185.38146973, 1330.51989746, 3464.56933594, 12465.3105469, 50810.3984375, 3748.47387695, 2169.52416992, 408.023681641, 295.627685547, 309.361083984, 156.04460144, 91.5426254272, 109.767478943, 46.141998291, 19.4944992065, 13.8284435272, 7.83183193207, 2.63382935524, 0.172556042671, 0.00737968832254, 0.000292584649287, 3.69694453184e-06, 2.39970132654e-09]
    },
    "gfcc": {
        "mean": [-79.3047332764, 78.4073791504, -119.609657288, 29.4151859283, -61.1570739746, 9.47488307953, -47.3871040344, 12.3197193146, -29.7866191864, -0.579046010971, -16.4579219818, -1.02319729328, -10.7353000641],
        "cov": [[31911.2890625, 229.122406006, -4202.28564453, 395.824127197, -1674.85192871, 199.948745728, -1050.46765137, 252.05267334, -694.210083008, -36.6258544922, -582.650268555, 38.5342483521, -353.076385498], [229.122406006, 2001.44213867, -419.105377197, -52.9210548401, 148.283294678, -63.3160476685, -69.3541641235, -124.937820435, -30.1743793488, 16.0540428162, 62.6449356079, -126.127388, 214.997817993], [-4202.28564453, -419.105377197, 1795.05004883, 240.396133423, 120.699684143, 107.652656555, 109.136329651, 84.8986053467, -10.192937851, -20.9614582062, 31.0205688477, 54.3406906128, -102.977241516], [395.824127197, -52.9210548401, 240.396133423, 395.556854248, 3.69476652145, -7.50973558426, -47.2474403381, 29.4940776825, 3.41553807259, -4.70470952988, 0.935101032257, 3.38744354248, -44.5310325623], [-1674.85192871, 148.283294678, 120.699684143, 3.69476652145, 264.845306396, 30.4693565369, 73.9359436035, -4.4408121109, 72.2063446045, 12.0263938904, 38.5035705566, -20.0896053314, 34.1171836853], [199.948745728, -63.3160476685, 107.652656555, -7.50973558426, 30.4693565369, 171.150650024, 54.2769546509, 68.1741638184, -9.47526168823, 7.00376796722, -14.1605358124, 10.9587259293, -20.7281913757], [-1050.46765137, -69.3541641235, 109.136329651, -47.2474403381, 73.9359436035, 54.2769546509, 169.947006226, 31.8799743652, 48.9616851807, 4.93466663361, 20.8800506592, 4.00336551666, 24.100320816], [252.05267334, -124.937820435, 84.8986053467, 29.4940776825, -4.4408121109, 68.1741638184, 31.8799743652, 120.670005798, 10.2175197601, 12.5022506714, -2.01176166534, 10.4425983429, -24.8959293365], [-694.210083008, -30.1743793488, -10.192937851, 3.41553807259, 72.2063446045, -9.47526168823, 48.9616851807, 10.2175197601, 129.658828735, 21.4626560211, 31.3337306976, 6.98665904999, 9.84173583984], [-36.6258544922, 16.0540428162, -20.9614582062, -4.70470952988, 12.0263938904, 7.00376796722, 4.93466663361, 12.5022506714, 21.4626560211, 66.9822921753, 24.6030635834, 12.6019277573, 9.09278488159], [-582.650268555, 62.6449356079, 31.0205688477, 0.935101032257, 38.5035705566, -14.1605358124, 20.8800506592, -2.01176166534, 31.3337306976, 24.6030635834, 76.3037414551, 19.5473556519, 21.5695476532], [38.5342483521, -126.127388, 54.3406906128, 3.38744354248, -20.0896053314, 10.9587259293, 4.00336551666, 10.4425983429, 6.98665904999, 12.6019277573, 19.5473556519, 69.0196533203, 1.2964066267], [-353.076385498, 214.997817993, -102.977241516, -44.5310325623, 34.1171836853, -20.7281913757, 24.100320816, -24.8959293365, 9.84173583984, 9.09278488159, 21.5695476532, 1.2964066267, 98.0799026489]],
        "icov": [[0.000155404413817, -0.000102483172668, 0.000397036172217, -0.000305547408061, 0.000559042091481, -0.0003926322388, 0.00032124525751, -0.000342311046552, 0.000280013890006, -7.46588120819e-05, 0.000561508117244, -0.000496194581501, 0.00048084979062], [-0.000102483172668, 0.000990881817415, -0.000204207564821, 0.000109007851279, -0.000610050105024, -0.00021102874598, 0.000549622112885, 0.000625708780717, 0.0001113016624, -2.17594533751e-05, -0.00133463717066, 0.00216590613127, -0.00225880905055], [0.000397036172217, -0.000204207564821, 0.00179414462764, -0.00121485593263, 0.000951747002546, -0.00106776878238, 0.000240593901253, -0.000962959311437, 0.00130249396898, 0.000119110540254, 0.00105277670082, -0.00185880810022, 0.00200009951368], [-0.000305547408061, 0.000109007851279, -0.00121485593263, 0.0037102366332, -0.00128378171939, 0.0012215381721, 0.000617615587544, -0.000286311405944, -0.00103086198214, 0.000403954152716, -0.00118957052473, 0.000954076647758, -0.000134576665005], [0.000559042091481, -0.000610050105024, 0.000951747002546, -0.00128378171939, 0.00806743744761, -0.00314039760269, 0.000176474350155, 6.481064338e-05, -0.00193528202362, -0.00016135070473, 0.000201611765078, 0.000873847864568, 0.000422550423536], [-0.0003926322388, -0.00021102874598, -0.00106776878238, 0.0012215381721, -0.00314039760269, 0.0107100252062, -0.00366797158495, -0.00371590419672, 0.00167579506524, -0.00105531711597, 0.00178489636164, -0.00173325918149, 0.00135666970164], [0.00032124525751, 0.000549622112885, 0.000240593901253, 0.000617615587544, 0.000176474350155, -0.00366797158495, 0.0106895882636, -0.00188329943921, -0.00226066121832, 0.00128576206043, -0.000726755592041, 0.00116405985318, -0.0032045354601], [-0.000342311046552, 0.000625708780717, -0.000962959311437, -0.000286311405944, 6.481064338e-05, -0.00371590419672, -0.00188329943921, 0.0131240207702, -0.00176962197293, -0.00171325297561, -0.00176761264447, 0.00183285202365, -5.7790097344e-05], [0.000280013890006, 0.0001113016624, 0.00130249396898, -0.00103086198214, -0.00193528202362, 0.00167579506524, -0.00226066121832, -0.00176962197293, 0.0121168447658, -0.00232682656497, -0.000910905539058, -0.0019400693709, 0.00202301284298], [-7.46588120819e-05, -2.17594533751e-05, 0.000119110540254, 0.000403954152716, -0.00016135070473, -0.00105531711597, 0.00128576206043, -0.00171325297561, -0.00232682656497, 0.0184820238501, -0.00545902131125, -0.00137887522578, -0.00109150796197], [0.000561508117244, -0.00133463717066, 0.00105277670082, -0.00118957052473, 0.000201611765078, 0.00178489636164, -0.000726755592041, -0.00176761264447, -0.000910905539058, -0.00545902131125, 0.0224545300007, -0.00873341597617, 0.00132399285212], [-0.000496194581501, 0.00216590613127, -0.00185880810022, 0.000954076647758, 0.000873847864568, -0.00173325918149, 0.00116405985318, 0.00183285202365, -0.0019400693709, -0.00137887522578, -0.00873341597617, 0.0233707632869, -0.00660934112966], [0.00048084979062, -0.00225880905055, 0.00200009951368, -0.000134576665005, 0.000422550423536, 0.00135666970164, -0.0032045354601, -5.7790097344e-05, 0.00202301284298, -0.00109150796197, 0.00132399285212, -0.00660934112966, 0.0195239763707]]
    },
    "melbands": {
        "dmean": [5.84649787925e-05, 0.000182583986316, 0.000140333271702, 0.000198174791876, 0.00012239300122, 7.0488829806e-05, 3.83050792152e-05, 4.20428914367e-05, 3.66225503967e-05, 4.3439133151e-05, 4.07937841373e-05, 2.82064593193e-05, 2.84126053884e-05, 2.06681852433e-05, 1.93308533198e-05, 1.68188071257e-05, 1.7682030375e-05, 1.42825101648e-05, 1.59961691679e-05, 2.18888180825e-05, 1.58493603521e-05, 1.78108130058e-05, 1.0088898307e-05, 7.47472859075e-06, 7.57430052545e-06, 4.02875912187e-06, 3.52697111339e-06, 2.33206583289e-06, 2.0414724986e-06, 1.66886411535e-06, 9.98813106889e-07, 1.14720899091e-06, 8.30592455259e-07, 9.7329223081e-07, 8.03611271749e-07, 5.93849449615e-07, 4.2854117055e-07, 3.79105102866e-07, 6.24931317361e-07, 3.58384369292e-07],
        "dmean2": [9.27628716454e-05, 0.000272468867479, 0.00022455942235, 0.000338421552442, 0.000197519126232, 0.000110395048978, 5.86577407375e-05, 6.43577368464e-05, 5.42550806131e-05, 6.18737321929e-05, 5.60039115953e-05, 3.9391376049e-05, 4.16861621488e-05, 3.05310459225e-05, 2.8416283385e-05, 2.4450082492e-05, 2.65879079961e-05, 2.09748923226e-05, 2.33092032431e-05, 3.19447171933e-05, 2.23511760851e-05, 2.49691875069e-05, 1.40316587931e-05, 1.07403939182e-05, 1.14974809549e-05, 5.92593778492e-06, 5.1532301768e-06, 3.42815064869e-06, 2.88249589175e-06, 2.49312438427e-06, 1.39242979458e-06, 1.65527808349e-06, 1.15480463592e-06, 1.32582022161e-06, 1.13578835226e-06, 8.56878045852e-07, 6.14709051661e-07, 5.55101109967e-07, 9.35792058954e-07, 5.24289760051e-07],
        "dvar": [1.26869856842e-08, 1.87631243875e-07, 2.45593440695e-07, 3.93462158854e-07, 1.49215068745e-07, 2.04207637466e-08, 4.71273153835e-09, 8.87113937864e-09, 6.34706331937e-09, 1.03797592743e-08, 1.07326787457e-08, 6.50275833181e-09, 6.2385518973e-09, 2.76891887196e-09, 1.98590033307e-09, 2.145505551e-09, 1.677879502e-09, 1.2479166589e-09, 2.18561480025e-09, 5.90960436142e-09, 4.5477932531e-09, 8.12995004651e-09, 9.24865128926e-10, 5.25901933113e-10, 4.85765594416e-10, 8.659018641e-11, 6.7403208015e-11, 3.93201617099e-11, 3.89800587641e-11, 3.19542031724e-11, 6.66108487812e-12, 8.59851252699e-12, 4.81523501628e-12, 7.0584527806e-12, 4.66152810796e-12, 2.61838684415e-12, 1.1506934728e-12, 1.10969783709e-12, 2.79310819265e-12, 1.12568927704e-12],
        "dvar2": [3.19334283461e-08, 4.26966721534e-07, 5.48653247279e-07, 1.13809232971e-06, 4.1483053792e-07, 4.78904063073e-08, 1.0382734672e-08, 1.97068175112e-08, 1.32676154507e-08, 1.96742568903e-08, 1.6588504792e-08, 1.10656763752e-08, 1.41053400071e-08, 5.74450353952e-09, 4.12362810565e-09, 4.00189303917e-09, 3.6567708861e-09, 2.6083561977e-09, 4.84659690159e-09, 9.97162619143e-09, 7.31999616477e-09, 1.19625811479e-08, 1.6815427939e-09, 9.84417325434e-10, 1.03022890219e-09, 1.77969777804e-10, 1.42662145985e-10, 9.37187827343e-11, 8.4976914394e-11, 7.79780823246e-11, 1.25311896276e-11, 1.82752736555e-11, 8.60738737229e-12, 1.15781117332e-11, 8.90499479711e-12, 5.17569450839e-12, 2.16747214794e-12, 2.33151150296e-12, 6.32902020722e-12, 2.39664364743e-12],
        "max": [0.00252336123958, 0.0202720910311, 0.017523964867, 0.0175968427211, 0.0157589428127, 0.0026913350448, 0.00121289631352, 0.00182384287473, 0.00178262917325, 0.00273663923144, 0.00298531958833, 0.00200018868782, 0.00173046789132, 0.0017231698148, 0.00109263334889, 0.00209230324253, 0.0013568563154, 0.000880248902831, 0.00148109847214, 0.00272829225287, 0.00305559835397, 0.00646483339369, 0.00112477655057, 0.000801129441243, 0.000576318649109, 0.00022559860372, 0.000213506878936, 0.000138812320074, 0.000220774338231, 0.000153030923684, 0.000110722816316, 8.34746242617e-05, 9.43467821344e-05, 0.000124883532408, 6.62977035972e-05, 4.13962115999e-05, 2.72004072031e-05, 2.86270696961e-05, 3.00566043734e-05, 3.20537510561e-05],
        "mean": [9.33779811021e-05, 0.000298933067825, 0.000203805713682, 0.000270924181677, 0.000213435923797, 0.0001451572316, 8.33048761706e-05, 8.58691419126e-05, 7.92667196947e-05, 9.66884181253e-05, 8.90212832019e-05, 6.42166778562e-05, 6.19512211415e-05, 4.15861213696e-05, 3.72246322513e-05, 3.48675894202e-05, 3.29105532728e-05, 2.77988874586e-05, 3.2601707062e-05, 4.47367856395e-05, 3.37870842486e-05, 4.61385097879e-05, 2.29021443374e-05, 1.6733089069e-05, 1.59402916324e-05, 9.00582836039e-06, 7.55683140596e-06, 4.85728514832e-06, 4.5278984544e-06, 3.53532027475e-06, 2.25949747801e-06, 2.48150490734e-06, 1.91273693417e-06, 2.35297397921e-06, 1.91507274394e-06, 1.40205190746e-06, 1.03189677247e-06, 9.25595998069e-07, 1.43907868733e-06, 8.5263911842e-07],
        "median": [4.18345662183e-05, 0.000129500374896, 8.12085709185e-05, 0.000112950256153, 9.56476505962e-05, 5.14240600751e-05, 3.21760089719e-05, 2.4524402761e-05, 2.38546144828e-05, 2.02429018827e-05, 1.55332581926e-05, 7.71900067775e-06, 7.17693183105e-06, 8.22838956083e-06, 6.10513097854e-06, 4.65469202027e-06, 4.27924214819e-06, 3.97452140533e-06, 2.74169292425e-06, 3.05044591187e-06, 3.50406844518e-06, 3.23497488353e-06, 2.38925349549e-06, 2.34319691117e-06, 2.97491897072e-06, 1.78329321443e-06, 1.46431000303e-06, 7.39594383958e-07, 4.42606591378e-07, 4.04096169859e-07, 3.51870227178e-07, 2.32864223904e-07, 1.98601298962e-07, 2.08408437175e-07, 1.51132411474e-07, 9.07147779117e-08, 1.16080485668e-07, 9.22972063222e-08, 1.10962588451e-07, 9.49340588363e-08],
        "min": [1.35543323191e-24, 1.23674437555e-24, 1.33281944938e-24, 1.27181693418e-24, 1.71103161203e-24, 1.57351994283e-24, 1.41247260852e-24, 1.889591264e-24, 1.51000717363e-24, 2.21501098133e-24, 1.43832022773e-24, 2.06408019649e-24, 3.11568798949e-24, 2.69206633073e-24, 1.6616921095e-24, 1.94707003614e-24, 2.76070077936e-24, 2.87559067881e-24, 3.70309137167e-24, 2.93679997416e-24, 3.95530676915e-24, 3.72840355154e-24, 3.6572459313e-24, 3.14264218333e-24, 3.26892757299e-24, 4.53673078289e-24, 4.69017724516e-24, 4.42368267643e-24, 4.2625495535e-24, 5.10713559307e-24, 5.08887898514e-24, 4.55557035903e-24, 5.57571739305e-24, 5.11866361191e-24, 5.24807979328e-24, 6.01806838464e-24, 6.41990348013e-24, 6.17084549843e-24, 4.95868419805e-24, 5.19376238122e-24],
        "var": [1.94710167989e-08, 3.55772016292e-07, 3.77329939738e-07, 3.80812679168e-07, 1.69107408965e-07, 5.47699698927e-08, 1.64025415472e-08, 2.57463419473e-08, 2.10786428312e-08, 3.93247674424e-08, 4.0967783832e-08, 2.62656243422e-08, 2.13757314071e-08, 8.42597636108e-09, 5.71466163279e-09, 8.00014277047e-09, 4.71739713959e-09, 3.75300857058e-09, 7.40828687285e-09, 2.37036985595e-08, 1.88022006853e-08, 7.65943397596e-08, 4.46245351782e-09, 2.04680805638e-09, 1.73736225406e-09, 3.19817977656e-10, 2.37276504e-10, 1.35744013252e-10, 1.67607802637e-10, 1.10204255444e-10, 3.50004816796e-11, 3.61580938801e-11, 2.67222268618e-11, 3.68867887623e-11, 1.89899693193e-11, 1.25977483653e-11, 6.21857209823e-12, 5.76852021011e-12, 1.12235767555e-11, 5.10423170744e-12]
    },
    "mfcc": {
        "mean": [-706.885253906, 107.723388672, -2.03590011597, 19.5385551453, 6.36403560638, -5.55197238922, -1.71530222893, 0.867995023727, -4.07355976105, -3.40801596642, -0.832829535007, -4.95103597641, -1.80946755409],
        "cov": [[11963.0283203, -244.966537476, -1593.34301758, -286.209259033, -456.814422607, -92.3017730713, -278.804290771, -6.82703256607, -35.6793823242, -50.7945251465, -143.690795898, -79.8264541626, -49.9352455139], [-244.966537476, 1826.67102051, -218.041534424, 25.1972293854, 123.441177368, 49.8581314087, 69.7640838623, -165.835113525, 39.2120399475, -25.6393947601, -40.3472061157, -40.3719520569, -53.9190406799], [-1593.34301758, -218.041534424, 1177.7935791, 203.457901001, 148.999176025, 16.1345767975, 107.785476685, 132.514282227, -37.6771888733, 21.5453624725, 53.9930534363, -22.0904979706, 12.8975095749], [-286.209259033, 25.1972293854, 203.457901001, 349.730133057, 109.606704712, 7.94677066803, -11.0393037796, -6.91956567764, -20.203119278, -6.96665477753, 18.3536453247, 14.5791339874, -1.78042185307], [-456.814422607, 123.441177368, 148.999176025, 109.606704712, 194.260314941, 33.9085083008, 28.7183265686, 15.7625646591, 4.50394821167, 4.10586595535, 25.2021217346, 19.9145202637, 17.5549240112], [-92.3017730713, 49.8581314087, 16.1345767975, 7.94677066803, 33.9085083008, 104.274543762, 27.1581535339, 13.8223237991, 18.8022022247, 7.01883983612, 12.1404600143, 0.0548148564994, -2.64484715462], [-278.804290771, 69.7640838623, 107.785476685, -11.0393037796, 28.7183265686, 27.1581535339, 135.94720459, 34.2272033691, 33.3590011597, 8.59791946411, -2.49321174622, 5.00830793381, 0.854379892349], [-6.82703256607, -165.835113525, 132.514282227, -6.91956567764, 15.7625646591, 13.8223237991, 34.2272033691, 127.310813904, 23.3553543091, 19.0268287659, 32.1484298706, 1.23515188694, 27.8156147003], [-35.6793823242, 39.2120399475, -37.6771888733, -20.203119278, 4.50394821167, 18.8022022247, 33.3590011597, 23.3553543091, 85.9742355347, 26.6698379517, 3.80853390694, 11.1876831055, -8.90500259399], [-50.7945251465, -25.6393947601, 21.5453624725, -6.96665477753, 4.10586595535, 7.01883983612, 8.59791946411, 19.0268287659, 26.6698379517, 68.6819534302, 27.213727951, 1.67992556095, -0.439360797405], [-143.690795898, -40.3472061157, 53.9930534363, 18.3536453247, 25.2021217346, 12.1404600143, -2.49321174622, 32.1484298706, 3.80853390694, 27.213727951, 78.9951858521, 20.3135566711, 15.0076417923], [-79.8264541626, -40.3719520569, -22.0904979706, 14.5791339874, 19.9145202637, 0.0548148564994, 5.00830793381, 1.23515188694, 11.1876831055, 1.67992556095, 20.3135566711, 74.3854904175, 25.291809082], [-49.9352455139, -53.9190406799, 12.8975095749, -1.78042185307, 17.5549240112, -2.64484715462, 0.854379892349, 27.8156147003, -8.90500259399, -0.439360797405, 15.0076417923, 25.291809082, 78.5715560913]],
