{
"lowlevel": {
    "average_loudness": 0.714770317078,
    "barkbands_crest": {
        "dmean": 2.48379850388,
        "dmean2": 4.04769659042,
        "dvar": 5.75587511063,
        "dvar2": 14.1937131882,
        "max": 25.8319683075,
        "mean": 12.3435716629,
        "median": 11.7351112366,
        "min": 3.08984351158,
        "var": 18.1853542328
    },
    "barkbands_flatness_db": {
        "dmean": 0.0232701245695,
        "dmean2": 0.0348443575203,
        "dvar": 0.000597970501985,
        "dvar2": 0.0012433148222,
        "max": 0.444874018431,
        "mean": 0.20770791173,
        "median": 0.209986150265,
        "min": 0.0341664031148,
        "var": 0.00281485589221
    },
    "barkbands_kurtosis": {
        "dmean": 5.77438497543,
        "dmean2": 9.00666236877,
        "dvar": 105.207504272,
        "dvar2": 233.066314697,
        "max": 374.486297607,
        "mean": 13.9896335602,
        "median": 8.92529678345,
        "min": -1.87012660503,
        "var": 308.080963135
    },
    "barkbands_skewness": {
        "dmean": 0.635441958904,
        "dmean2": 0.96471786499,
        "dvar": 0.578790426254,
        "dvar2": 1.26337409019,
        "max": 17.1006622314,
        "mean": 2.46969461441,
        "median": 2.27330803871,
        "min": -5.39840602875,
        "var": 2.96859478951
    },
    "barkbands_spread": {
        "dmean": 3.00396633148,
        "dmean2": 4.79026794434,
        "dvar": 29.3530368805,
        "dvar2": 69.1457214355,
        "max": 104.096626282,
        "mean": 9.63779449463,
        "median": 7.35617351532,
        "min": 0.563030958176,
        "var": 69.870803833
    },
    "dissonance": {
        "dmean": 0.0269718784839,
        "dmean2": 0.0449045673013,
        "dvar": 0.000707982631866,
        "dvar2": 0.0018656719476,
        "max": 0.499999940395,
        "mean": 0.43150216341,
        "median": 0.439764380455,
        "min": 0,
        "var": 0.00192759884521
    },
    "dynamic_complexity": 4.45620298386,
    "erbbands_crest": {
        "dmean": 2.53529644012,
        "dmean2": 3.95466041565,
        "dvar": 7.04707813263,
        "dvar2": 15.5881261826,
        "max": 33.5424308777,
        "mean": 12.1437139511,
        "median": 10.848906517,
        "min": 2.59149980545,
        "var": 33.7526817322
    },
    "erbbands_flatness_db": {
        "dmean": 0.019388012588,
        "dmean2": 0.0272900555283,
        "dvar": 0.000545293150935,
        "dvar2": 0.000854366691783,
        "max": 0.433970957994,
        "mean": 0.186923399568,
        "median": 0.180952042341,
        "min": 0.0408353991807,
        "var": 0.00313830166124
    },
    "erbbands_kurtosis": {
        "dmean": 1.69450569153,
        "dmean2": 2.54970669746,
        "dvar": 7.72924041748,
        "dvar2": 15.1320705414,
        "max": 110.772438049,
        "mean": 3.05494713783,
        "median": 1.94735980034,
        "min": -1.86130583286,
        "var": 22.7075443268
    },
    "erbbands_skewness": {
        "dmean": 0.377240300179,
        "dmean2": 0.572721481323,
        "dvar": 0.169968098402,
        "dvar2": 0.353325992823,
        "max": 7.19631242752,
        "mean": 1.31656241417,
        "median": 1.32435417175,
        "min": -7.10011768341,
        "var": 0.775613665581
    },
    "erbbands_spread": {
        "dmean": 8.69379806519,
        "dmean2": 13.2187366486,
        "dvar": 151.108642578,
        "dvar2": 307.742858887,
        "max": 145.445831299,
        "mean": 35.8459777832,
        "median": 28.3916015625,
        "min": 0.789220333099,
        "var": 610.304260254
    },
    "hfc": {
        "dmean": 3.36638951302,
        "dmean2": 4.3388915062,
        "dvar": 107.594329834,
        "dvar2": 195.414474487,
        "max": 568.249511719,
        "mean": 9.11022567749,
        "median": 4.73501396179,
        "min": 1.07665762355e-16,
        "var": 258.001373291
    },
    "melbands_crest": {
        "dmean": 3.1197412014,
        "dmean2": 5.05919647217,
        "dvar": 9.00500202179,
        "dvar2": 22.5193634033,
        "max": 39.6448097229,
        "mean": 15.9648151398,
        "median": 15.193315506,
        "min": 1.65289127827,
        "var": 28.7794723511
    },
    "melbands_flatness_db": {
        "dmean": 0.0258031692356,
        "dmean2": 0.0386933982372,
        "dvar": 0.000753207306843,
        "dvar2": 0.00157218449749,
        "max": 0.556457221508,
        "mean": 0.288386017084,
        "median": 0.29435774684,
        "min": 0.00273923040368,
        "var": 0.00441614584997
    },
    "melbands_kurtosis": {
        "dmean": 13.6094694138,
        "dmean2": 21.3782596588,
        "dvar": 712.421569824,
        "dvar2": 1603.74682617,
        "max": 781.077575684,
        "mean": 32.0433006287,
        "median": 16.1617259979,
        "min": -1.85317575932,
        "var": 2220.94116211
    },
    "melbands_skewness": {
        "dmean": 0.88546359539,
        "dmean2": 1.36099624634,
        "dvar": 1.27602446079,
        "dvar2": 2.75817203522,
        "max": 25.8048324585,
        "mean": 3.3516793251,
        "median": 2.82269620895,
        "min": -3.1289639473,
        "var": 6.2107052803
    },
    "melbands_spread": {
        "dmean": 2.75131940842,
        "dmean2": 4.39354228973,
        "dvar": 26.5642757416,
        "dvar2": 61.6024894714,
        "max": 158.682922363,
        "mean": 10.1967554092,
        "median": 7.11063194275,
        "min": 0.415978431702,
        "var": 225.221282959
    },
    "pitch_salience": {
        "dmean": 0.070824354887,
        "dmean2": 0.114558584988,
        "dvar": 0.00483651831746,
        "dvar2": 0.012347095646,
        "max": 0.987580299377,
        "mean": 0.511344254017,
        "median": 0.510592937469,
        "min": 0.0353656224906,
        "var": 0.0151876583695
    },
    "silence_rate_20dB": {
        "dmean": 0,
        "dmean2": 0,
        "dvar": 0,
        "dvar2": 0,
        "max": 1,
        "mean": 1,
        "median": 1,
        "min": 1,
        "var": 0
    },
    "silence_rate_30dB": {
        "dmean": 0.0158297419548,
        "dmean2": 0.0316622704268,
        "dvar": 0.0155780334026,
        "dvar2": 0.0359390825033,
        "max": 1,
        "mean": 0.978280007839,
        "median": 1,
        "min": 0,
        "var": 0.0212491974235
    },
    "silence_rate_60dB": {
        "dmean": 0.0423885323107,
        "dmean2": 0.0847845226526,
        "dvar": 0.0405948273838,
        "dvar2": 0.089038528502,
        "max": 1,
        "mean": 0.107193104923,
        "median": 0,
        "min": 0,
        "var": 0.0957026332617
    },
    "spectral_centroid": {
        "dmean": 133.809997559,
        "dmean2": 209.18637085,
        "dvar": 53461.4960938,
        "dvar2": 112598.953125,
        "max": 11955.9755859,
        "mean": 781.767944336,
        "median": 565.632080078,
        "min": 153.958602905,
        "var": 1336978.375
    },
    "spectral_complexity": {
        "dmean": 1.55307364464,
        "dmean2": 2.44080924988,
        "dvar": 3.04205083847,
        "dvar2": 6.00376415253,
        "max": 36,
        "mean": 8.19644737244,
        "median": 8,
        "min": 0,
        "var": 17.2981643677
    },
    "spectral_decrease": {
        "dmean": 2.25622920347e-09,
        "dmean2": 3.07374947717e-09,
        "dvar": 1.33739297628e-17,
        "dvar2": 2.48877586299e-17,
        "max": 2.21418724954e-28,
        "mean": -6.18096418492e-09,
        "median": -3.91241794517e-09,
        "min": -8.25376460512e-08,
        "var": 4.9015348203e-17
    },
    "spectral_energy": {
        "dmean": 0.00879412237555,
        "dmean2": 0.0119462283328,
        "dvar": 0.000208549565286,
        "dvar2": 0.000386080879252,
        "max": 0.36305731535,
        "mean": 0.0241545960307,
        "median": 0.0152027029544,
        "min": 9.98565326891e-21,
        "var": 0.000761004921515
    },
    "spectral_energyband_high": {
        "dmean": 7.3886330938e-05,
        "dmean2": 0.00010910788842,
        "dvar": 3.67060621898e-08,
        "dvar2": 8.32882491864e-08,
        "max": 0.00511060701683,
        "mean": 0.000137625305797,
        "median": 6.15308163106e-05,
        "min": 7.16344953599e-21,
        "var": 5.53298526995e-08
    },
    "spectral_energyband_low": {
        "dmean": 0.00447296909988,
        "dmean2": 0.00644127838314,
        "dvar": 7.2145347076e-05,
        "dvar2": 0.000141527809319,
        "max": 0.146999999881,
        "mean": 0.00915228854865,
        "median": 0.00496246945113,
        "min": 9.94516154351e-24,
        "var": 0.000179629030754
    },
    "spectral_energyband_middle_high": {
        "dmean": 0.000740167684853,
        "dmean2": 0.000966103863902,
        "dvar": 2.3439004508e-05,
        "dvar2": 4.49467770522e-05,
        "max": 0.28779181838,
        "mean": 0.00148600526154,
        "median": 0.000408797641285,
        "min": 1.1087699779e-21,
        "var": 3.74951341655e-05
    },
    "spectral_energyband_middle_low": {
        "dmean": 0.00542238540947,
        "dmean2": 0.00766333146021,
        "dvar": 0.000110558226879,
        "dvar2": 0.000210369980778,
        "max": 0.241235420108,
        "mean": 0.0143173951656,
        "median": 0.00754938274622,
        "min": 1.45139665431e-22,
        "var": 0.000402709643822
    },
    "spectral_entropy": {
        "dmean": 0.210901468992,
        "dmean2": 0.307048678398,
        "dvar": 0.0527100935578,
        "dvar2": 0.0967312604189,
        "max": 9.82485103607,
        "mean": 6.99221038818,
        "median": 6.97103023529,
        "min": 4.90489578247,
        "var": 0.352309852839
    },
    "spectral_flux": {
        "dmean": 0.0248100422323,
        "dmean2": 0.0398330502212,
        "dvar": 0.00111310009379,
        "dvar2": 0.00272822449915,
        "max": 0.546105921268,
        "mean": 0.0574831180274,
        "median": 0.0455939285457,
        "min": 6.38817193588e-11,
        "var": 0.00196927948855
    },
    "spectral_kurtosis": {
        "dmean": 2.48289370537,
        "dmean2": 4.10852861404,
        "dvar": 10.0364751816,
        "dvar2": 26.7477645874,
        "max": 63.6475524902,
        "mean": 5.46373081207,
        "median": 3.80463910103,
        "min": -1.2553640604,
        "var": 30.0286769867
    },
    "spectral_rms": {
        "dmean": 0.000821332563646,
        "dmean2": 0.00109878007788,
        "dvar": 1.04690661828e-06,
        "dvar2": 1.87603814084e-06,
        "max": 0.0188202615827,
        "mean": 0.00423805275932,
        "median": 0.00385122117586,
        "min": 3.12123395706e-12,
        "var": 5.60454918741e-06
    },
    "spectral_rolloff": {
        "dmean": 150.294403076,
        "dmean2": 263.649719238,
        "dvar": 306900.78125,
        "dvar2": 799964.1875,
        "max": 19789.0136719,
        "mean": 730.327880859,
        "median": 452.197265625,
        "min": 21.533203125,
        "var": 4079156
    },
    "spectral_skewness": {
        "dmean": 0.289966881275,
        "dmean2": 0.450673848391,
        "dvar": 0.0823779478669,
        "dvar2": 0.192182064056,
        "max": 6.09671068192,
        "mean": 1.73275005817,
        "median": 1.6554775238,
        "min": -0.136791110039,
        "var": 0.496703624725
    },
    "spectral_spread": {
        "dmean": 574392.3125,
        "dmean2": 873168.9375,
        "dvar": 739415162880,
        "dvar2": 1.53933801062e+12,
        "max": 43096100,
        "mean": 4776139.5,
        "median": 4307920,
        "min": 1300094.875,
        "var": 1.64010928374e+13
    },
    "spectral_strongpeak": {
        "dmean": 0.391425192356,
        "dmean2": 0.586461365223,
        "dvar": 0.727013885975,
        "dvar2": 1.31799197197,
        "max": 34.5096321106,
        "mean": 0.926665306091,
        "median": 0.474224150181,
        "min": 0,
        "var": 1.90414655209
    },
    "zerocrossingrate": {
        "dmean": 0.00594091974199,
        "dmean2": 0.0075669423677,
        "dvar": 7.76838278398e-05,
        "dvar2": 0.00010981579544,
        "max": 0.53173828125,
        "mean": 0.0351282134652,
        "median": 0.02587890625,
        "min": 0.0029296875,
        "var": 0.00283037312329
    },
    "barkbands": {
        "dmean": [0.000121506483993, 0.00235832971521, 0.00222128210589, 0.000970933644567, 0.00198194407858, 0.00168738875072, 0.000679557037074, 0.000710470660124, 0.00110476522241, 0.000192310282728, 0.000149727231474, 9.55353461904e-05, 0.00021922167798, 6.04283595749e-05, 0.000159501782036, 2.48748438025e-05, 1.8525055566e-05, 1.32358936753e-05, 9.37698860071e-06, 1.81108571269e-05, 2.58263971773e-05, 1.058525595e-05, 1.92790175788e-05, 1.49643437908e-05, 3.83797214454e-06, 1.05300455289e-06, 4.0929825218e-07],
        "dmean2": [0.00014219302102, 0.00350855221041, 0.00329994200729, 0.00162571796682, 0.00308823329397, 0.00252557150088, 0.000984024023637, 0.00098605977837, 0.00137920468114, 0.000251109129749, 0.000220659159822, 0.000130316402647, 0.000296383688692, 8.7727465143e-05, 0.000219843466766, 3.52853567165e-05, 2.73496389127e-05, 1.99126770895e-05, 1.4958633983e-05, 2.884955029e-05, 3.96421382902e-05, 1.61045900313e-05, 2.95762565656e-05, 2.33489190578e-05, 5.814645192e-06, 1.44722616824e-06, 6.94275854585e-07],
        "dvar": [3.27582654336e-08, 1.85642420547e-05, 2.53622511082e-05, 4.11657765653e-06, 2.45958435698e-05, 2.40761874011e-05, 3.62340165339e-06, 9.91704564512e-06, 3.45879379893e-05, 2.18969785237e-06, 1.4378438209e-06, 4.33406484035e-07, 3.71857845494e-06, 6.06127699143e-08, 1.47826449393e-05, 1.32853523738e-08, 7.39668326588e-09, 4.04742328541e-09, 4.11051609417e-10, 1.79715831106e-09, 4.26520774255e-09, 8.56062720711e-10, 3.40391026477e-09, 2.16908779826e-09, 1.28382401932e-10, 1.01597523797e-11, 4.63852784308e-12],
        "dvar2": [4.30719140354e-08, 3.80803030566e-05, 5.34926221007e-05, 1.12444122351e-05, 6.2474529841e-05, 5.48271054868e-05, 6.96166807757e-06, 1.59954051924e-05, 5.34717401024e-05, 2.60898832494e-06, 3.21534139403e-06, 7.3605315265e-07, 7.79512174631e-06, 1.24749988117e-07, 2.91121741611e-05, 2.35751826949e-08, 1.40453266795e-08, 1.00098436207e-08, 1.00790886748e-09, 4.44457182169e-09, 9.94782567432e-09, 2.05083616756e-09, 8.19525514117e-09, 5.34177724276e-09, 3.00275110332e-10, 1.96954293152e-11, 1.19195929169e-11],
        "max": [0.00503755174577, 0.0766643509269, 0.0862571373582, 0.0549786686897, 0.126201987267, 0.144422322512, 0.0764591246843, 0.207577049732, 0.23859770596, 0.0955638587475, 0.0723574906588, 0.0451476164162, 0.101305484772, 0.00953875668347, 0.268926858902, 0.00584156438708, 0.00456650787964, 0.00283208815381, 0.00108700676356, 0.00132582022343, 0.00310304877348, 0.00120078166947, 0.00104459153954, 0.00136176124215, 0.000291009870125, 6.27137778793e-05, 5.66929338675e-05],
        "mean": [0.000242129564867, 0.00447758100927, 0.00361636956222, 0.00148766837083, 0.003517691046, 0.00401158863679, 0.00132644176483, 0.00152178038843, 0.0022183242254, 0.00035682451562, 0.000264824018814, 0.000175779947313, 0.000365580752259, 0.000104272396129, 0.000196990600671, 4.20528922405e-05, 3.23558706441e-05, 2.219050657e-05, 1.98067591555e-05, 3.63945800927e-05, 4.88468067488e-05, 1.898253322e-05, 2.58088894043e-05, 1.79954495252e-05, 4.66959318146e-06, 1.41847260693e-06, 3.21904224165e-07],
        "median": [0.000106356164906, 0.00232666218653, 0.000873656477779, 0.000621323473752, 0.00123621267267, 0.000707820581738, 0.000276895880233, 0.000224236631766, 0.000151626212755, 4.08233026974e-05, 4.19578427682e-05, 2.30618243222e-05, 3.93727168557e-05, 1.62053875101e-05, 1.15618568088e-05, 8.89795319381e-06, 9.15129385248e-06, 5.92390460952e-06, 1.25648302856e-05, 2.01167422347e-05, 2.49457552854e-05, 7.43827376937e-06, 6.55981693853e-06, 3.70179259335e-06, 7.41408200611e-07, 2.34374823549e-07, 9.99910554356e-09],
        "min": [8.54448711404e-26, 2.25238267507e-24, 9.27015101628e-25, 6.71244850392e-25, 8.10525865578e-24, 6.36926886521e-24, 4.24015931443e-24, 9.96197059168e-24, 1.66216100842e-23, 1.27302515355e-23, 1.91475363918e-23, 2.14206753778e-23, 2.05889682814e-23, 3.02243473029e-23, 3.58135120133e-23, 4.84235766456e-23, 5.37558850899e-23, 7.23002631668e-23, 8.6940385608e-23, 1.5012447118e-22, 2.67856218377e-22, 2.47083175714e-22, 4.11276558309e-22, 5.69016705289e-22, 8.9167707237e-22, 1.26048229355e-21, 1.99934057503e-21],
        "var": [1.40265697723e-07, 4.3707255827e-05, 5.51402408746e-05, 6.63525088385e-06, 4.32693304901e-05, 9.1791509476e-05, 1.23744121083e-05, 3.43978354067e-05, 0.000101527213701, 6.97267159921e-06, 1.98709722099e-06, 9.45901149407e-07, 5.64111360291e-06, 1.17692572132e-07, 1.91517519852e-05, 2.34867840732e-08, 1.41832829925e-08, 5.41303268875e-09, 7.17804704564e-10, 3.44269501795e-09, 6.5218017653e-09, 1.24113364031e-09, 3.86634102512e-09, 2.21752305407e-09, 1.52728024672e-10, 1.54417225534e-11, 3.55046742874e-12]
    },
    "erbbands": {
        "dmean": [0.0330840162933, 0.668957769871, 2.66864800453, 2.51217556, 5.32105398178, 6.82860612869, 10.4091787338, 13.6226100922, 7.1419467926, 14.0603027344, 18.1642456055, 27.9747409821, 9.73593139648, 4.64528131485, 5.10971021652, 4.3815536499, 10.0339422226, 4.15900659561, 6.61337137222, 4.9185256958, 1.22339820862, 1.00884747505, 0.819805204868, 0.449776649475, 0.562490224838, 0.865069150925, 1.1784889698, 0.690182328224, 0.415622591972, 0.361263811588, 0.594384968281, 0.426434934139, 0.197685673833, 0.06278976053, 0.0208685398102, 0.0057109859772, 0.00171944033355, 0.000416653725551, 6.36258409941e-05, 1.44244468174e-05],
        "dmean2": [0.0499221421778, 0.991883516312, 3.85282826424, 4.04303836823, 8.55542087555, 10.552195549, 15.507724762, 20.5797901154, 10.7119073868, 19.1585388184, 24.2324619293, 35.0459442139, 12.6319923401, 6.7135643959, 7.42736148834, 5.77858686447, 13.4138374329, 5.76157188416, 9.23371601105, 6.800344944, 1.6884803772, 1.46117830276, 1.2319740057, 0.694870889187, 0.892780482769, 1.35751962662, 1.85069942474, 1.05590200424, 0.631913125515, 0.548692464828, 0.918625056744, 0.667198956013, 0.30656632781, 0.0959895849228, 0.0315415561199, 0.00823388062418, 0.00233755842783, 0.00057651073439, 0.000108800915768, 2.15860291064e-05],
        "dvar": [0.00275716907345, 1.60200536251, 37.1300582886, 23.9915237427, 262.697509766, 284.693359375, 819.55078125, 1745.90429688, 302.337768555, 2071.37402344, 6459.69873047, 27153.8476562, 4212.77050781, 475.993988037, 1661.96459961, 926.376953125, 6955.61181641, 712.410522461, 22214.4707031, 14949.0439453, 39.1998405457, 27.7490406036, 15.9153366089, 1.24526631832, 1.57388174534, 4.34455442429, 8.60357761383, 2.53353047371, 1.72102534771, 0.805498421192, 3.63271760941, 1.7850227356, 0.350398004055, 0.0338863506913, 0.00381054333411, 0.000284887122689, 2.98858030874e-05, 2.24510176849e-06, 1.27361829527e-07, 1.41580291935e-09],
        "dvar2": [0.00649387901649, 3.1727976799, 73.5856170654, 65.5417785645, 691.095275879, 734.262573242, 1779.7322998, 4033.87329102, 614.726257324, 3314.1628418, 10539.2675781, 42761.6796875, 5746.88623047, 987.14453125, 3679.03808594, 1375.40124512, 13868.1611328, 1636.35620117, 44722.5078125, 27922.0566406, 70.1852645874, 49.4381713867, 39.1855392456, 2.71854686737, 3.72677540779, 10.3059158325, 20.705083847, 5.73089599609, 4.26817369461, 1.85330319405, 8.90587425232, 4.40640497208, 0.843368828297, 0.0799958631396, 0.00898749474436, 0.000625062850304, 5.61432134418e-05, 4.53817619928e-06, 3.32776068035e-07, 3.57397023087e-09],
        "max": [0.775196492672, 22.863494873, 107.893592834, 147.952972412, 462.852844238, 341.213500977, 650.258178711, 1251.82324219, 435.740814209, 2200.05932617, 5738.66992188, 7035.63818359, 3611.74365234, 744.114990234, 2394.00537109, 2320.02270508, 4770.03613281, 1632.76855469, 13242.8740234, 10697.3681641, 395.163208008, 314.027404785, 161.12828064, 48.4567832947, 63.9123535156, 49.2790336609, 118.724136353, 69.9723205566, 61.6874237061, 19.7879600525, 39.4621925354, 38.5456123352, 15.549700737, 4.9104552269, 1.23597967625, 0.409313172102, 0.102016456425, 0.0262876749039, 0.00891652610153, 0.000849515956361],
        "mean": [0.0691917687654, 1.22911024094, 4.40157222748, 4.62149095535, 7.50366783142, 13.0700721741, 23.3113822937, 32.4730529785, 15.1229362488, 28.5055046082, 41.3056144714, 56.5508270264, 20.2026996613, 8.62771606445, 9.43154811859, 8.75435256958, 17.15193367, 7.13322687149, 8.77506065369, 6.49482631683, 2.22624659538, 1.80557608604, 1.38399457932, 0.981252193451, 1.20132780075, 1.67461061478, 2.23948955536, 1.35132312775, 0.731838524342, 0.581324994564, 0.752239942551, 0.525162160397, 0.240340381861, 0.0763522461057, 0.0259459987283, 0.00755743309855, 0.00229759886861, 0.000496991851833, 5.75273661525e-05, 3.08414091705e-05],
        "median": [0.0399785488844, 0.606444716454, 1.22522580624, 2.34519124031, 2.81442594528, 3.79794645309, 5.12797927856, 5.43663787842, 4.84486913681, 5.3425951004, 6.17708492279, 4.46072387695, 2.50038933754, 1.87765109539, 1.74720263481, 1.47283983231, 2.18990468979, 1.29330456257, 0.879322052002, 0.624015688896, 0.510997891426, 0.570851683617, 0.378277510405, 0.547258853912, 0.721183776855, 0.860182404518, 1.20037674904, 0.667172849178, 0.273841202259, 0.202701970935, 0.159784436226, 0.123905539513, 0.047676987946, 0.0133636044338, 0.00463357940316, 0.00142891425639, 0.000341697101248, 5.04725248902e-05, 1.03810416476e-05, 1.78319241968e-05],
        "min": [5.9630759443e-23, 5.33372713174e-22, 1.83735898171e-21, 6.53665827359e-21, 8.84798750537e-21, 2.34240456563e-20, 4.15830285526e-20, 8.56224991811e-20, 1.13945305527e-19, 1.25526919777e-19, 2.39741989581e-19, 3.59775228094e-19, 4.47606454607e-19, 5.80369201415e-19, 7.64838956616e-19, 8.85533965468e-19, 1.07585757447e-18, 1.408090118e-18, 2.20961861899e-18, 3.17656793965e-18, 2.51022122347e-18, 3.82336155371e-18, 5.50100336356e-18, 6.35823999726e-18, 5.50781478232e-18, 7.2931397915e-18, 1.08688902055e-17, 1.07658144022e-17, 7.94425335631e-18, 1.16167044927e-17, 1.15450896768e-17, 9.73672231085e-18, 1.06738029668e-17, 8.88149613962e-18, 6.67342186684e-18, 4.26840581637e-18, 2.36889183235e-18, 9.519760074e-19, 2.43540816544e-19, 2.62818254257e-20],
        "var": [0.00683609116822, 3.84650921822, 86.440322876, 46.2214317322, 314.420166016, 671.567077637, 2626.47949219, 6778.05908203, 969.10357666, 8101.85742188, 23806.1425781, 75626.6796875, 13318.5546875, 1065.99072266, 2214.28173828, 2270.85498047, 11432.0029297, 938.241394043, 25558.4121094, 21827.5507812, 71.41746521, 54.3194618225, 21.3590583801, 3.02298092842, 2.88647389412, 7.73060798645, 12.4135828018, 4.39391708374, 2.22835922241, 1.18362879753, 3.8607878685, 1.79811275005, 0.382277280092, 0.0395110659301, 0.0045125153847, 0.000380864046747, 4.58696267742e-05, 2.97488759315e-06, 9.36430240017e-08, 1.85897641725e-09]
    },
    "gfcc": {
        "mean": [-89.6666564941, 129.32258606, -92.8860778809, 41.5905151367, -70.861076355, 8.65956401825, -24.3817577362, -2.34444689751, -17.0138168335, 2.12957000732, -7.74560260773, -10.2800655365, -6.93317556381],
        "cov": [[17267.484375, 1867.84326172, -1358.29077148, 84.8240890503, -923.466369629, 213.475067139, -530.093322754, -196.071609497, -125.426765442, 18.4915771484, -71.6539993286, -191.283554077, -107.457756042], [1867.84326172, 1119.17456055, -414.289550781, -268.484375, 77.7798461914, -128.680389404, 18.1399402618, -133.572799683, 79.6537322998, -28.7654781342, 95.8081741333, -52.7201881409, 46.2740707397], [-1358.29077148, -414.289550781, 866.604614258, 387.579559326, 53.5190963745, 92.7791671753, 71.315284729, 68.8130111694, -80.7914581299, 6.84775161743, -26.8201179504, 33.0042419434, -6.28542518616], [84.8240890503, -268.484375, 387.579559326, 561.049255371, -41.9153785706, 72.0672149658, 29.24883461, 44.6896057129, -96.3790969849, -23.6354980469, -52.4822998047, -4.99273061752, -24.6416568756], [-923.466369629, 77.7798461914, 53.5190963745, -41.9153785706, 270.767425537, 13.5141630173, 66.005317688, -2.50228381157, 56.7702980042, -8.37041091919, 13.3070268631, 0.73018604517, 15.3851861954], [213.475067139, -128.680389404, 92.7791671753, 72.0672149658, 13.5141630173, 163.199584961, 37.2367477417, 53.7587890625, -8.80200386047, 23.2501754761, -23.1269054413, -1.99704134464, -14.3720016479], [-530.093322754, 18.1399402618, 71.315284729, 29.24883461, 66.005317688, 37.2367477417, 171.90296936, 82.8050384521, 37.4583816528, -10.3194408417, -10.133603096, -21.7605991364, -12.3339729309], [-196.071609497, -133.572799683, 68.8130111694, 44.6896057129, -2.50228381157, 53.7587890625, 82.8050384521, 155.499816895, 47.3123664856, 20.8563861847, -28.9811992645, -10.0347623825, -29.938035965], [-125.426765442, 79.6537322998, -80.7914581299, -96.3790969849, 56.7702980042, -8.80200386047, 37.4583816528, 47.3123664856, 117.587997437, 38.8291969299, 16.4296131134, -21.3263702393, -5.40066337585], [18.4915771484, -28.7654781342, 6.84775161743, -23.6354980469, -8.37041091919, 23.2501754761, -10.3194408417, 20.8563861847, 38.8291969299, 100.917518616, 39.621006012, 15.2407236099, -3.76380109787], [-71.6539993286, 95.8081741333, -26.8201179504, -52.4822998047, 13.3070268631, -23.1269054413, -10.133603096, -28.9811992645, 16.4296131134, 39.621006012, 94.3551940918, 40.3312301636, 20.3134479523], [-191.283554077, -52.7201881409, 33.0042419434, -4.99273061752, 0.73018604517, -1.99704134464, -21.7605991364, -10.0347623825, -21.3263702393, 15.2407236099, 40.3312301636, 88.7522277832, 46.8990859985], [-107.457756042, 46.2740707397, -6.28542518616, -24.6416568756, 15.3851861954, -14.3720016479, -12.3339729309, -29.938035965, -5.40066337585, -3.76380109787, 20.3134479523, 46.8990859985, 94.623008728]],
        "icov": [[0.000180205563083, -0.000481915078126, 0.000171549880179, -0.000239292407059, 0.000546612893231, -0.000673625560012, 0.000619533529971, -0.000159216680913, -6.6340151534e-05, -2.42687365244e-05, 0.000356129952706, -0.000152256834554, 0.000222850692808], [-0.000481915078126, 0.00291471974924, 4.72519532195e-05, 0.000716181762982, -0.00158815213945, 0.00213948171586, -0.00238289800473, 0.00146839336958, -0.000271781871561, 0.000743716605939, -0.00288224779069, 0.0022943711374, -0.00155023403931], [0.000171549880179, 4.72519532195e-05, 0.00227010436356, -0.00133210688364, -0.000288774666842, -0.000577879487537, -5.7433037e-05, -0.000432197557529, 0.0011152807856, -0.000668263586704, -9.56821459113e-05, -0.000119810239994, -9.24533014768e-05], [-0.000239292407059, 0.000716181762982, -0.00133210688364, 0.00338516733609, -0.000443787110271, 0.000586130539887, -0.000911075505428, -0.00045228068484, 0.00202797539532, 9.44590356085e-05, -0.000219409615966, 0.00106132170185, -0.000289012939902], [0.000546612893231, -0.00158815213945, -0.000288774666842, -0.000443787110271, 0.00711257196963, -0.00318103469908, -0.000116653238365, 0.00229790131561, -0.0045700641349, 0.00176926760469, 0.00135505665094, -0.00206220545806, 0.000875628204085], [-0.000673625560012, 0.00213948171586, -0.000577879487537, 0.000586130539887, -0.00318103469908, 0.0109708821401, -0.00343642989174, -0.00146169785876, 0.0031894359272, -0.00354922190309, 0.000520400179084, 0.000993033871055, -0.000986923347227], [0.000619533529971, -0.00238289800473, -5.7433037e-05, -0.000911075505428, -0.000116653238365, -0.00343642989174, 0.012750457041, -0.0069991662167, -0.000295120000374, 0.00280249700882, -0.00130179466214, 0.00228648772463, -0.000186831064639], [-0.000159216680913, 0.00146839336958, -0.000432197557529, -0.00045228068484, 0.00229790131561, -0.00146169785876, -0.0069991662167, 0.0160011071712, -0.00843936763704, -0.000831687240861, 0.00478423433378, -0.0052361083217, 0.00356266251765], [-6.6340151534e-05, -0.000271781871561, 0.0011152807856, 0.00202797539532, -0.0045700641349, 0.0031894359272, -0.000295120000374, -0.00843936763704, 0.0210471749306, -0.00738209020346, -0.00270330999047, 0.00769422762096, -0.00314693618566], [-2.42687365244e-05, 0.000743716605939, -0.000668263586704, 9.44590356085e-05, 0.00176926760469, -0.00354922190309, 0.00280249700882, -0.000831687240861, -0.00738209020346, 0.0178030245006, -0.00817313697189, -0.00061456306139, 0.00121035508346], [0.000356129952706, -0.00288224779069, -9.56821459113e-05, -0.000219409615966, 0.00135505665094, 0.000520400179084, -0.00130179466214, 0.00478423433378, -0.00270330999047, -0.00817313697189, 0.0233693215996, -0.0124928550795, 0.00364890298806], [-0.000152256834554, 0.0022943711374, -0.000119810239994, 0.00106132170185, -0.00206220545806, 0.000993033871055, 0.00228648772463, -0.0052361083217, 0.00769422762096, -0.00061456306139, -0.0124928550795, 0.0263014249504, -0.0118384361267], [0.000222850692808, -0.00155023403931, -9.24533014768e-05, -0.000289012939902, 0.000875628204085, -0.000986923347227, -0.000186831064639, 0.00356266251765, -0.00314693618566, 0.00121035508346, 0.00364890298806, -0.0118384361267, 0.0172614343464]]
    },
    "melbands": {
        "dmean": [0.000462801312096, 0.00121899868827, 0.00049398210831, 0.000451772328233, 0.000338135054335, 0.000303618173348, 0.000120378288557, 0.000148062084918, 0.000169001126778, 0.000164172175573, 4.3775242375e-05, 1.73713142431e-05, 2.01599996217e-05, 1.07982950794e-05, 1.49708193931e-05, 2.27945038205e-05, 5.95476149101e-06, 8.78607806953e-06, 1.2986521142e-05, 2.36231471717e-06, 1.19969388379e-06, 9.65538220044e-07, 1.26514703425e-06, 4.45235798452e-07, 3.88746855151e-07, 3.84305451462e-07, 6.23950597856e-07, 5.96150357524e-07, 6.68892482736e-07, 8.3388317762e-07, 3.30180171204e-07, 2.48889620025e-07, 2.0807948431e-07, 2.10419727864e-07, 3.44202931046e-07, 3.63807828307e-07, 2.29654375516e-07, 1.47441227227e-07, 9.48599776507e-08, 4.16548004978e-08],
        "dmean2": [0.000695784983691, 0.00174631620757, 0.000785625074059, 0.000712288776413, 0.000502671580762, 0.000457579939393, 0.000180258241016, 0.000201339964406, 0.000221016365686, 0.000208013516385, 5.73619836359e-05, 2.53344405792e-05, 2.97504157061e-05, 1.48161843754e-05, 1.96263936232e-05, 3.12445408781e-05, 8.51071490615e-06, 1.27919138322e-05, 1.77913898369e-05, 3.3561291275e-06, 1.69323811861e-06, 1.40973406815e-06, 1.91210938283e-06, 6.68536642934e-07, 6.10636504916e-07, 6.27832264399e-07, 1.00311262941e-06, 9.49455113641e-07, 1.08150550204e-06, 1.32011439291e-06, 5.14375869898e-07, 3.85978296435e-07, 3.21808784065e-07, 3.24856102907e-07, 5.39110544651e-07, 5.72114174702e-07, 3.6351059407e-07, 2.2921118159e-07, 1.51961799588e-07, 6.35710151187e-08],
        "dvar": [6.10789925304e-07, 6.76922809362e-06, 9.63597017289e-07, 1.47292087149e-06, 7.31255738629e-07, 8.21135415663e-07, 9.00928256442e-08, 2.4733913051e-07, 5.44446493222e-07, 9.1770777999e-07, 1.0027901709e-07, 6.86538648154e-09, 3.19851594099e-08, 5.43916067741e-09, 1.40727465237e-08, 4.67321257247e-08, 8.64850746574e-10, 3.75159601163e-08, 1.19297212109e-07, 3.93531707221e-10, 2.00980152659e-11, 2.48410684384e-11, 7.54388565505e-11, 2.25200977658e-12, 9.3492043534e-13, 6.20965030698e-13, 2.68656537988e-12, 2.29634518865e-12, 2.42649888897e-12, 5.6092253238e-12, 4.86657263966e-13, 5.706811434e-13, 3.44559802782e-13, 2.95899372713e-13, 1.33168270248e-12, 1.11788540664e-12, 6.45265091359e-13, 2.22286368457e-13, 7.20552632318e-14, 1.64791005277e-14],
        "dvar2": [1.36040830512e-06, 1.30095522763e-05, 2.52543873103e-06, 3.8214907363e-06, 1.54856923018e-06, 1.88333081041e-06, 1.83202757853e-07, 3.90761329072e-07, 8.6871170879e-07, 1.49300183239e-06, 1.33573692551e-07, 1.41613245574e-08, 7.17632815395e-08, 9.55305967665e-09, 1.89757916047e-08, 1.06401422784e-07, 1.90097426689e-09, 7.49338013861e-08, 2.30565618153e-07, 7.04552916009e-10, 3.53410807563e-11, 4.10379785709e-11, 1.87903498317e-10, 4.9562016817e-12, 2.06788882892e-12, 1.56622837529e-12, 6.59513936518e-12, 5.52694001676e-12, 6.12363154975e-12, 1.36345604945e-11, 1.11947940067e-12, 1.42187845699e-12, 8.2808662271e-13, 7.02823812603e-13, 3.32966943947e-12, 2.68920562901e-12, 1.64204880162e-12, 5.4002337541e-13, 1.80730972722e-13, 3.87034053081e-14],
        "max": [0.0122273080051, 0.0445759035647, 0.0219618454576, 0.0325605086982, 0.0189430862665, 0.0271595269442, 0.0083452006802, 0.0204937104136, 0.0454125665128, 0.0386152304709, 0.0181159172207, 0.00323219411075, 0.011077859439, 0.00467346841469, 0.0085580740124, 0.0134345619008, 0.00134383444674, 0.0183464232832, 0.029154798016, 0.00155371951405, 0.000169230464962, 0.00032982477569, 0.000378898403142, 5.2397208492e-05, 3.98505508201e-05, 3.78695258405e-05, 7.90008343756e-05, 4.79600894323e-05, 3.1789058994e-05, 0.000149835206685, 1.27149387481e-05, 3.46714587067e-05, 2.19737485168e-05, 1.37365323098e-05, 2.40835161094e-05, 2.27290802286e-05, 2.43335980485e-05, 1.54890167323e-05, 6.02857107879e-06, 4.25775169788e-06],
        "mean": [0.00095442077145, 0.00213252892718, 0.000869769777637, 0.000751633895561, 0.000786044984125, 0.000726778176613, 0.000244712195126, 0.000301434658468, 0.000368433131371, 0.000330471084453, 8.86422203621e-05, 3.1176066841e-05, 3.58689540008e-05, 2.00956583285e-05, 2.94272176689e-05, 3.61334205081e-05, 1.0188372471e-05, 1.18574880617e-05, 1.59873088705e-05, 3.65194250662e-06, 2.19914159061e-06, 1.70578914549e-06, 1.92356674233e-06, 7.96371466549e-07, 7.92777711922e-07, 7.81336723321e-07, 1.08126562282e-06, 1.101361363e-06, 1.22887968246e-06, 1.48007552525e-06, 5.82127768212e-07, 4.2245491727e-07, 3.34290547244e-07, 3.10970875717e-07, 4.12268093442e-07, 4.72335045743e-07, 2.61362089304e-07, 1.7617986714e-07, 1.10284034349e-07, 5.02442887296e-08],
        "median": [0.000560398679227, 0.000807714182884, 0.000448061909992, 0.000242424255703, 0.000193225074327, 0.000123142061057, 6.83869657223e-05, 5.66630405956e-05, 4.60225783172e-05, 2.26744668907e-05, 9.21002356336e-06, 6.1610389821e-06, 5.71929467696e-06, 2.53620532931e-06, 3.90689001506e-06, 3.95069582737e-06, 1.72893828676e-06, 1.20048309782e-06, 7.98329438112e-07, 6.93482775205e-07, 4.76379454994e-07, 5.34629521098e-07, 4.14315223907e-07, 2.39089274601e-07, 4.34737387423e-07, 4.97879682371e-07, 5.30025374701e-07, 5.6887881783e-07, 6.47881790883e-07, 7.92473315414e-07, 2.3804228988e-07, 1.54010933784e-07, 1.20375418078e-07, 9.87249819673e-08, 6.81005616343e-08, 1.34917769401e-07, 4.61729818824e-08, 3.10208392307e-08, 2.36870825177e-08, 7.85966136618e-09],
        "min": [7.49436102368e-25, 8.21418476678e-25, 1.20442750528e-24, 1.49616503133e-24, 1.22182819913e-24, 1.70975760167e-24, 1.78026303115e-24, 1.66338579386e-24, 1.88184504434e-24, 1.92442755879e-24, 2.22078031556e-24, 1.4787296276e-24, 2.35233588771e-24, 2.37136715705e-24, 1.75805383565e-24, 2.50597581812e-24, 1.91406172928e-24, 3.37187904871e-24, 2.17348100455e-24, 3.6149294602e-24, 2.34181701919e-24, 2.8990600796e-24, 4.11816552531e-24, 3.29321876963e-24, 4.12479787337e-24, 2.73634114903e-24, 4.00503971606e-24, 4.12632076935e-24, 4.89624940728e-24, 5.62508312521e-24, 4.91645095177e-24, 4.1232607779e-24, 4.42323697002e-24, 5.0870496167e-24, 5.80770126932e-24, 6.32361866792e-24, 5.21821154726e-24, 6.64221986601e-24, 5.36848797198e-24, 7.04691655444e-24],
        "var": [1.38851748943e-06, 1.64585726452e-05, 1.66149459346e-06, 2.1988903427e-06, 2.63364177044e-06, 3.23612835018e-06, 2.81176795625e-07, 9.03150066733e-07, 1.92189168047e-06, 2.56424664258e-06, 3.18484296713e-07, 1.61306541457e-08, 4.20150207958e-08, 1.12042197742e-08, 3.79815112694e-08, 5.99576424065e-08, 1.3563475898e-09, 4.25577475482e-08, 1.65918976336e-07, 6.15061723774e-10, 4.64624207164e-11, 5.17605576456e-11, 9.42768085821e-11, 4.41646936036e-12, 2.16545054457e-12, 1.06591027237e-12, 3.96011912498e-12, 4.19963239531e-12, 3.53098821883e-12, 7.76405589126e-12, 8.485229663e-13, 8.20064231365e-13, 4.38546497294e-13, 4.00323735749e-13, 1.34578979905e-12, 1.22139212806e-12, 5.93784461704e-13, 2.340967318e-13, 7.46560677319e-14, 1.91704071102e-14]
    },
    "mfcc": {
        "mean": [-728.472473145, 146.453277588, 31.6672782898, 34.7865867615, -11.3936510086, 11.0519590378, 1.03812277317, -3.64214420319, -3.05325031281, 8.36775302887, -4.1646771431, 8.3341550827, -4.61019134521],
        "cov": [[6194.25, 1094.66467285, -143.951919556, -281.748931885, -5.04350423813, 76.2036437988, -247.909301758, -149.015151978, -143.543670654, -23.1338291168, -0.40357363224, 55.2420730591, -72.2242126465], [1094.66467285, 1342.79943848, -391.881530762, -125.530990601, -28.0673732758, -9.66862010956, -70.029335022, -82.7490615845, -50.4147186279, -16.3987770081, 44.4317169189, 44.4332199097, -11.1532897949], [-143.951919556, -391.881530762, 730.424133301, 283.58026123, 45.0169143677, 77.968788147, 141.21635437, 59.8891525269, 31.8443775177, 23.8647518158, -46.8278617859, -11.7056350708, 3.736754179], [-281.748931885, -125.530990601, 283.58026123, 367.051605225, 46.5617637634, 53.6556434631, 85.3190307617, 56.4249687195, 22.318069458, 13.1183900833, -28.3221416473, -11.8962888718, -2.05465316772], [-5.04350423813, -28.0673732758, 45.0169143677, 46.5617637634, 146.039962769, 54.0739364624, 15.3607473373, 4.66034889221, 8.13990783691, -6.0052690506, -4.41882181168, -5.07559156418, 6.51794576645], [76.2036437988, -9.66862010956, 77.968788147, 53.6556434631, 54.0739364624, 113.664398193, 49.8418502808, 5.55481910706, 3.69537472725, 6.89037895203, -12.9370956421, -9.96743011475, 4.37647247314], [-247.909301758, -70.029335022, 141.21635437, 85.3190307617, 15.3607473373, 49.8418502808, 122.443893433, 60.688911438, 34.1468353271, 12.4357013702, -1.00225305557, 7.86036586761, 5.5236287117], [-149.015151978, -82.7490615845, 59.8891525269, 56.4249687195, 4.66034889221, 5.55481910706, 60.688911438, 116.434295654, 66.9126205444, 20.7049732208, 6.71023607254, 4.60294485092, 1.34345769882], [-143.543670654, -50.4147186279, 31.8443775177, 22.318069458, 8.13990783691, 3.69537472725, 34.1468353271, 66.9126205444, 117.859489441, 63.6347732544, 16.84998703, 3.69340515137, -0.484676927328], [-23.1338291168, -16.3987770081, 23.8647518158, 13.1183900833, -6.0052690506, 6.89037895203, 12.4357013702, 20.7049732208, 63.6347732544, 102.174674988, 51.3904457092, 16.9661636353, -3.94169163704], [-0.40357363224, 44.4317169189, -46.8278617859, -28.3221416473, -4.41882181168, -12.9370956421, -1.00225305557, 6.71023607254, 16.84998703, 51.3904457092, 109.236190796, 61.4630813599, 1.50206542015], [55.2420730591, 44.4332199097, -11.7056350708, -11.8962888718, -5.07559156418, -9.96743011475, 7.86036586761, 4.60294485092, 3.69340515137, 16.9661636353, 61.4630813599, 97.5287704468, 30.7863445282], [-72.2242126465, -11.1532897949, 3.736754179, -2.05465316772, 6.51794576645, 4.37647247314, 5.5236287117, 1.34345769882, -0.484676927328, -3.94169163704, 1.50206542015, 30.7863445282, 74.4189529419]],
