{
"lowlevel": {
    "average_loudness": 0.945385813713,
    "barkbands_crest": {
        "dmean": 2.6128475666,
        "dmean2": 4.21191883087,
        "dvar": 5.19643545151,
        "dvar2": 12.2966299057,
        "max": 26.825969696,
        "mean": 10.332947731,
        "median": 9.49552154541,
        "min": 2.97774744034,
        "var": 15.2692337036
    },
    "barkbands_flatness_db": {
        "dmean": 0.025856686756,
        "dmean2": 0.0385116785765,
        "dvar": 0.000604457920417,
        "dvar2": 0.00118578656111,
        "max": 0.544541120529,
        "mean": 0.162230551243,
        "median": 0.160686269403,
        "min": 0.0411650985479,
        "var": 0.00234299781732
    },
    "barkbands_kurtosis": {
        "dmean": 4.79698801041,
        "dmean2": 7.71928882599,
        "dvar": 1517.1171875,
        "dvar2": 3299.58666992,
        "max": 2682.55249023,
        "mean": 8.70099163055,
        "median": 6.42042350769,
        "min": -1.81876909733,
        "var": 1527.31787109
    },
    "barkbands_skewness": {
        "dmean": 0.591164529324,
        "dmean2": 0.925140380859,
        "dvar": 0.70642054081,
        "dvar2": 1.66331553459,
        "max": 40.7535247803,
        "mean": 2.03028678894,
        "median": 1.99832975864,
        "min": -2.1789457798,
        "var": 1.6454808712
    },
    "barkbands_spread": {
        "dmean": 4.63979530334,
        "dmean2": 7.23597955704,
        "dvar": 42.9944572449,
        "dvar2": 99.2285232544,
        "max": 115.296531677,
        "mean": 13.1191616058,
        "median": 10.0460557938,
        "min": 0.0820489823818,
        "var": 109.763206482
    },
    "dissonance": {
        "dmean": 0.0285515598953,
        "dmean2": 0.0473546870053,
        "dvar": 0.000700377800968,
        "dvar2": 0.00180010311306,
        "max": 0.500000238419,
        "mean": 0.440809637308,
        "median": 0.448474794626,
        "min": 0.167353495955,
        "var": 0.00158386258408
    },
    "dynamic_complexity": 2.63437867165,
    "erbbands_crest": {
        "dmean": 2.87198352814,
        "dmean2": 4.44619512558,
        "dvar": 7.55163574219,
        "dvar2": 15.8569984436,
        "max": 31.7902584076,
        "mean": 11.3510360718,
        "median": 9.94660186768,
        "min": 1.81350147724,
        "var": 31.2468929291
    },
    "erbbands_flatness_db": {
        "dmean": 0.0210773665458,
        "dmean2": 0.0293884109706,
        "dvar": 0.000470688130008,
        "dvar2": 0.00077608495485,
        "max": 0.482050478458,
        "mean": 0.163820236921,
        "median": 0.159187495708,
        "min": 0.0275461804122,
        "var": 0.00249627418816
    },
    "erbbands_kurtosis": {
        "dmean": 1.88165414333,
        "dmean2": 2.79493665695,
        "dvar": 7.3204536438,
        "dvar2": 14.6353607178,
        "max": 74.5300292969,
        "mean": 3.03105401993,
        "median": 1.81411862373,
        "min": -1.71762466431,
        "var": 21.9066543579
    },
    "erbbands_skewness": {
        "dmean": 0.413889527321,
        "dmean2": 0.634272694588,
        "dvar": 0.170958995819,
        "dvar2": 0.372758895159,
        "max": 6.24786710739,
        "mean": 1.25827455521,
        "median": 1.22361564636,
        "min": -1.97320997715,
        "var": 0.683155655861
    },
    "erbbands_spread": {
        "dmean": 9.63504314423,
        "dmean2": 14.0882987976,
        "dvar": 123.518005371,
        "dvar2": 239.691513062,
        "max": 123.794418335,
        "mean": 34.0299873352,
        "median": 28.6988353729,
        "min": 1.11229753494,
        "var": 434.066497803
    },
    "hfc": {
        "dmean": 5.78948259354,
        "dmean2": 8.08106231689,
        "dvar": 50.8848266602,
        "dvar2": 110.241210938,
        "max": 91.5192718506,
        "mean": 15.3063421249,
        "median": 12.4095172882,
        "min": 1.03999148633e-16,
        "var": 132.074050903
    },
    "melbands_crest": {
        "dmean": 3.54793524742,
        "dmean2": 5.78894615173,
        "dvar": 9.55452060699,
        "dvar2": 22.884967804,
        "max": 39.8804473877,
        "mean": 14.1108636856,
        "median": 13.1957731247,
        "min": 1.57638406754,
        "var": 25.8554763794
    },
    "melbands_flatness_db": {
        "dmean": 0.0313469655812,
        "dmean2": 0.0468446426094,
        "dvar": 0.0008945116424,
        "dvar2": 0.00179900089279,
        "max": 0.634573101997,
        "mean": 0.235950827599,
        "median": 0.237002313137,
        "min": 0.00258404086344,
        "var": 0.00379860168323
    },
    "melbands_kurtosis": {
        "dmean": 9.7271490097,
        "dmean2": 15.839015007,
        "dvar": 13605.2783203,
        "dvar2": 38043.578125,
        "max": 7704.07080078,
        "mean": 16.4578514099,
        "median": 10.9994430542,
        "min": -1.41136705875,
        "var": 8588.609375
    },
    "melbands_skewness": {
        "dmean": 0.799621284008,
        "dmean2": 1.20780920982,
        "dvar": 1.67708468437,
        "dvar2": 4.10400009155,
        "max": 77.099609375,
        "mean": 2.52345204353,
        "median": 2.33130836487,
        "min": -2.21719813347,
        "var": 3.29974126816
    },
    "melbands_spread": {
        "dmean": 4.06167840958,
        "dmean2": 6.49612617493,
        "dvar": 34.7206420898,
        "dvar2": 84.8022689819,
        "max": 159.683441162,
        "mean": 13.5643835068,
        "median": 10.4430427551,
        "min": 0.0728373378515,
        "var": 246.130020142
    },
    "pitch_salience": {
        "dmean": 0.0807425230742,
        "dmean2": 0.128953337669,
        "dvar": 0.00511285243556,
        "dvar2": 0.0125098247081,
        "max": 0.929493248463,
        "mean": 0.553104221821,
        "median": 0.557972311974,
        "min": 0.0127455573529,
        "var": 0.0146704558283
    },
    "silence_rate_20dB": {
        "dmean": 0,
        "dmean2": 0,
        "dvar": 0,
        "dvar2": 0,
        "max": 1,
        "mean": 1,
        "median": 1,
        "min": 1,
        "var": 0
    },
    "silence_rate_30dB": {
        "dmean": 0.00378634221852,
        "dmean2": 0.00757370842621,
        "dvar": 0.00377224874683,
        "dvar2": 0.0102216014639,
        "max": 1,
        "mean": 0.997566223145,
        "median": 1,
        "min": 0,
        "var": 0.00242772093043
    },
    "silence_rate_60dB": {
        "dmean": 0.0110885733739,
        "dmean2": 0.0221801456064,
        "dvar": 0.0109647605568,
        "dvar2": 0.0284474417567,
        "max": 1,
        "mean": 0.0419145487249,
        "median": 0,
        "min": 0,
        "var": 0.0401582419872
    },
    "spectral_centroid": {
        "dmean": 200.303314209,
        "dmean2": 313.530395508,
        "dvar": 87286.6015625,
        "dvar2": 189314.609375,
        "max": 11868.7177734,
        "mean": 929.485717773,
        "median": 677.670532227,
        "min": 130.091995239,
        "var": 1576233.25
    },
    "spectral_complexity": {
        "dmean": 3.04584169388,
        "dmean2": 4.66810941696,
        "dvar": 12.159655571,
        "dvar2": 27.2129573822,
        "max": 54,
        "mean": 13.3658733368,
        "median": 13,
        "min": 0,
        "var": 33.0070991516
    },
    "spectral_decrease": {
        "dmean": 2.90325874452e-09,
        "dmean2": 4.33463354099e-09,
        "dvar": 1.23316681289e-17,
        "dvar2": 2.75772635997e-17,
        "max": 2.61016226349e-22,
        "mean": -7.68172370158e-09,
        "median": -6.68879707177e-09,
        "min": -4.82771760346e-08,
        "var": 2.8519397502e-17
    },
    "spectral_energy": {
        "dmean": 0.0113576771691,
        "dmean2": 0.01689385809,
        "dvar": 0.000186408826266,
        "dvar2": 0.000414948503021,
        "max": 0.186774671078,
        "mean": 0.0303808972239,
        "median": 0.0265188105404,
        "min": 9.96058339556e-21,
        "var": 0.000440097268438
    },
    "spectral_energyband_high": {
        "dmean": 0.000350359710865,
        "dmean2": 0.000509963836521,
        "dvar": 4.30704176324e-07,
        "dvar2": 9.98427481136e-07,
        "max": 0.00920618977398,
        "mean": 0.000514579704031,
        "median": 0.000246962707024,
        "min": 7.11279441699e-21,
        "var": 5.60148748718e-07
    },
    "spectral_energyband_low": {
        "dmean": 0.00553732831031,
        "dmean2": 0.0085654836148,
        "dvar": 6.36762342765e-05,
        "dvar2": 0.000138995368616,
        "max": 0.121816113591,
        "mean": 0.0083538396284,
        "median": 0.00509179662913,
        "min": 6.49157149337e-24,
        "var": 0.000102304016764
    },
    "spectral_energyband_middle_high": {
        "dmean": 0.000983225065283,
        "dmean2": 0.00140501651913,
        "dvar": 2.95665131489e-06,
        "dvar2": 5.71665668758e-06,
        "max": 0.0581890232861,
        "mean": 0.00225536990911,
        "median": 0.00153780844994,
        "min": 1.1167409819e-21,
        "var": 6.912326171e-06
    },
    "spectral_energyband_middle_low": {
        "dmean": 0.00818120501935,
        "dmean2": 0.0124178882688,
        "dvar": 0.000121507786389,
        "dvar2": 0.000283701112494,
        "max": 0.173566877842,
        "mean": 0.0207825861871,
        "median": 0.0168751254678,
        "min": 1.49419216909e-22,
        "var": 0.000275516271358
    },
    "spectral_entropy": {
        "dmean": 0.239064514637,
        "dmean2": 0.345549046993,
        "dvar": 0.0608802810311,
        "dvar2": 0.114372357726,
        "max": 9.83323669434,
        "mean": 7.31819915771,
        "median": 7.31873226166,
        "min": 4.20346927643,
        "var": 0.318397700787
    },
    "spectral_flux": {
        "dmean": 0.0305774696171,
        "dmean2": 0.049415294081,
        "dvar": 0.00101837597322,
        "dvar2": 0.00253089726903,
        "max": 0.380433917046,
        "mean": 0.0825447812676,
        "median": 0.0765649229288,
        "min": 6.35500679858e-11,
        "var": 0.00172962993383
    },
    "spectral_kurtosis": {
        "dmean": 2.21802520752,
        "dmean2": 3.49265146255,
        "dvar": 15.570813179,
        "dvar2": 39.7090682983,
        "max": 103.888214111,
        "mean": 5.38541507721,
        "median": 3.54257893562,
        "min": -1.27527809143,
        "var": 46.2611274719
    },
    "spectral_rms": {
        "dmean": 0.00100407761056,
        "dmean2": 0.00145422166679,
        "dvar": 1.06254685761e-06,
        "dvar2": 2.22132530325e-06,
        "max": 0.0134988585487,
        "mean": 0.00507657974958,
        "median": 0.00508645363152,
        "min": 3.11731326516e-12,
        "var": 3.86834244637e-06
    },
    "spectral_rolloff": {
        "dmean": 278.366638184,
        "dmean2": 489.541534424,
        "dvar": 645847.375,
        "dvar2": 1669519.625,
        "max": 19638.28125,
        "mean": 1024.12219238,
        "median": 602.9296875,
        "min": 21.533203125,
        "var": 5438499.5
    },
    "spectral_skewness": {
        "dmean": 0.313153684139,
        "dmean2": 0.469602286816,
        "dvar": 0.1460596174,
        "dvar2": 0.308885931969,
        "max": 8.27406215668,
        "mean": 1.76739478111,
        "median": 1.62687039375,
        "min": -0.10047250241,
        "var": 0.570442557335
    },
    "spectral_spread": {
        "dmean": 592114.0625,
        "dmean2": 849970.125,
        "dvar": 653173260288,
        "dvar2": 1.17156714906e+12,
        "max": 42541404,
        "mean": 5411583.5,
        "median": 5033402,
        "min": 749980.5625,
        "var": 1.89464135598e+13
    },
    "spectral_strongpeak": {
        "dmean": 0.534522414207,
        "dmean2": 0.855108857155,
        "dvar": 0.466066241264,
        "dvar2": 0.973558306694,
        "max": 10.027463913,
        "mean": 1.11249566078,
        "median": 0.676319241524,
        "min": 0,
        "var": 1.29429864883
    },
    "zerocrossingrate": {
        "dmean": 0.00926743913442,
        "dmean2": 0.0114413267002,
        "dvar": 0.000114426278742,
        "dvar2": 0.000151869637193,
        "max": 0.52392578125,
        "mean": 0.049125675112,
        "median": 0.037109375,
        "min": 0,
        "var": 0.00346264266409
    },
    "barkbands": {
        "dmean": [1.39242558816e-06, 0.00132771371864, 0.00380161916837, 0.00245662708767, 0.00292768143117, 0.00187113170978, 0.00134252908174, 0.00188563053962, 0.00131667929236, 0.000343709194567, 0.000364451407222, 0.000160394833074, 0.000145334139233, 8.61688822624e-05, 6.21740691713e-05, 6.6389067797e-05, 3.95386159653e-05, 4.68487414764e-05, 5.12065380462e-05, 8.64578978508e-05, 0.000108645705041, 7.2007678682e-05, 6.17652767687e-05, 3.87202126149e-05, 2.28374774451e-05, 1.80700353667e-05, 1.63253253049e-06],
        "dmean2": [2.43099520958e-06, 0.00210059829988, 0.00591072486714, 0.00411805557087, 0.00474930368364, 0.00302576320246, 0.0020617286209, 0.00260370061733, 0.00191259838175, 0.000530239602085, 0.000502914306708, 0.000241658999585, 0.000228881661315, 0.000133066292619, 9.65281724348e-05, 0.000105207305751, 6.36906479485e-05, 7.5540607213e-05, 8.44749010867e-05, 0.000136819682666, 0.000169800609001, 0.000108377455035, 9.53511480475e-05, 6.01023457421e-05, 3.3358381188e-05, 2.54840269918e-05, 2.49315803558e-06],
        "dvar": [9.54091580047e-12, 3.92660876969e-06, 3.50997797796e-05, 2.9893768442e-05, 2.09965437534e-05, 7.16696013114e-06, 9.36206106417e-06, 1.23839454318e-05, 1.6433548808e-05, 1.1592582041e-06, 9.37722461458e-07, 1.25802060325e-07, 9.91696467167e-08, 6.39761665866e-08, 1.72745870941e-08, 1.73605396725e-08, 6.87894008422e-09, 8.83895001635e-09, 1.65585927192e-08, 2.80182295143e-08, 5.92553419665e-08, 2.02093612955e-08, 1.47899497094e-08, 6.38197406033e-09, 2.120784659e-09, 2.01144656486e-09, 1.95237211814e-11],
        "dvar2": [2.23075013323e-11, 8.79206709214e-06, 7.69770194893e-05, 7.77970562922e-05, 5.44477152289e-05, 1.91996259673e-05, 1.88006142707e-05, 1.98575926333e-05, 3.29528193106e-05, 2.64416189566e-06, 1.43268425745e-06, 2.52575318882e-07, 2.20281506813e-07, 1.1809787992e-07, 3.99668778073e-08, 3.93575270152e-08, 1.56451562816e-08, 2.15093240996e-08, 4.18851584527e-08, 6.7846222862e-08, 1.49147339812e-07, 4.71009613534e-08, 3.53524001184e-08, 1.54036836619e-08, 4.78539252668e-09, 4.35432756518e-09, 4.54936678607e-11],
        "max": [0.000135610724101, 0.0254087541252, 0.0790041312575, 0.103737056255, 0.0692138820887, 0.0499974004924, 0.0764478445053, 0.0812942907214, 0.107884734869, 0.0436947271228, 0.0502408891916, 0.0114880343899, 0.0100798467174, 0.010311210528, 0.00306488736533, 0.00332580273971, 0.00197984301485, 0.00201505213045, 0.00326585723087, 0.0027987617068, 0.00571847055107, 0.00235273712315, 0.00193824234884, 0.000864362344146, 0.000532611331437, 0.000674682843965, 0.000132014814881],
        "mean": [1.4827112409e-06, 0.00181437470019, 0.00515799876302, 0.00303651485592, 0.00465283775702, 0.0033741760999, 0.00249191210605, 0.00435487413779, 0.00258810352534, 0.000592005846556, 0.000677027856, 0.000297436927212, 0.000243773843977, 0.000140079617267, 9.33156625251e-05, 0.000101039157016, 5.50061376998e-05, 7.85843876656e-05, 7.22765980754e-05, 0.000120875658467, 0.000159896182595, 9.77461022558e-05, 7.9738223576e-05, 4.54375694972e-05, 3.01638556266e-05, 2.22804737859e-05, 1.96017185772e-06],
        "median": [7.97202233116e-07, 0.000802980270237, 0.002555295825, 0.00144656933844, 0.00292557617649, 0.0019175990019, 0.000790533784311, 0.00179855397437, 0.000864762114361, 0.000196465698536, 0.000300404848531, 0.000129267398734, 0.000108043910586, 6.41220758553e-05, 3.71201822418e-05, 4.93646075483e-05, 2.37136664509e-05, 3.06179827021e-05, 3.17309022648e-05, 5.17854750797e-05, 7.71816121414e-05, 4.18198287662e-05, 3.66897693311e-05, 1.84811979125e-05, 1.32819013743e-05, 6.81459323459e-06, 6.8888482474e-07],
        "min": [3.46500447301e-25, 1.90578342294e-24, 5.92907757756e-25, 1.36042198827e-24, 3.81865870543e-24, 6.95560906011e-24, 1.02979338294e-23, 9.72667704948e-24, 1.3353114807e-23, 1.47139724437e-23, 1.43011094672e-23, 2.17154017006e-23, 2.2301203498e-23, 3.56652187849e-23, 4.15840926439e-23, 5.00381035504e-23, 6.64132340448e-23, 9.01045571859e-23, 1.16100319736e-22, 1.7984741218e-22, 2.08121815232e-22, 3.41953355224e-22, 3.86604220368e-22, 6.24122463917e-22, 8.38814758427e-22, 1.3041617112e-21, 1.89886014298e-21],
        "var": [9.74507020218e-12, 6.55800204186e-06, 5.50591757928e-05, 3.35906224791e-05, 3.0706400139e-05, 1.81413397513e-05, 3.05056018988e-05, 5.38917338417e-05, 4.37216694991e-05, 2.23480310524e-06, 2.17301499106e-06, 2.88436780238e-07, 2.193997517e-07, 1.43399958574e-07, 2.85740746619e-08, 3.01323552776e-08, 1.02378683309e-08, 1.69454708043e-08, 2.11315160925e-08, 3.80760347696e-08, 6.57379501945e-08, 2.47236844331e-08, 1.60382995773e-08, 6.5294445406e-09, 2.54789478404e-09, 2.45516718067e-09, 2.03484225997e-11]
    },
    "erbbands": {
        "dmean": [0.00885016750544, 0.439256578684, 3.75662302971, 5.77890443802, 11.8452911377, 6.88573455811, 16.4999809265, 15.4849405289, 15.6772270203, 30.726776123, 40.6046180725, 28.1537570953, 18.2215366364, 10.4422750473, 13.7044315338, 6.1928191185, 6.79664564133, 4.88283157349, 3.20963597298, 3.0376830101, 3.4176337719, 2.1753578186, 2.52613091469, 1.87351632118, 3.45133709908, 3.86998963356, 4.0497636795, 4.56713008881, 2.52117776871, 2.44043397903, 1.61596131325, 1.01334357262, 0.530529141426, 0.235402822495, 0.178509861231, 0.0926933586597, 0.0312007088214, 0.00563478283584, 0.000183320502401, 1.59747596626e-05],
        "dmean2": [0.0143024008721, 0.687500059605, 5.8049902916, 9.30770492554, 19.4215965271, 11.3504095078, 27.6261234283, 25.3140506744, 24.9115333557, 44.6691474915, 54.5357818604, 40.9186248779, 27.6749229431, 15.5466718674, 18.5940227509, 8.87711811066, 10.545759201, 7.50046348572, 4.98264503479, 4.67109203339, 5.46210193634, 3.49417066574, 4.02911520004, 3.02453970909, 5.66658878326, 6.0663189888, 6.35389757156, 7.25353622437, 3.77755832672, 3.73138022423, 2.48321080208, 1.57886397839, 0.831316173077, 0.349584639072, 0.261588037014, 0.133747264743, 0.0440728776157, 0.00795966479927, 0.000276598904748, 2.30083478527e-05],
        "dvar": [0.000146956095705, 0.435549914837, 34.3573493958, 105.353713989, 626.75012207, 135.066421509, 656.118347168, 710.053222656, 834.911132812, 4571.61962891, 6759.62304688, 5331.36376953, 5083.10253906, 550.506286621, 2164.13525391, 175.485427856, 205.449630737, 172.806655884, 37.5775985718, 37.9912910461, 38.5484657288, 16.950460434, 25.7966175079, 14.2502155304, 87.6147537231, 58.4986152649, 57.7908058167, 130.256896973, 24.4101467133, 25.6272220612, 9.58750343323, 3.91701245308, 1.59938561916, 0.230626314878, 0.131980836391, 0.0493188165128, 0.00643454538658, 0.000184019139851, 3.89969812886e-07, 3.9904934912e-10],
        "dvar2": [0.00036179550807, 0.938909590244, 73.124206543, 262.963012695, 1588.20581055, 367.043273926, 1761.42346191, 1928.7442627, 2070.4777832, 8565.23925781, 10282.3574219, 10250.2763672, 11194.9638672, 1110.76074219, 3069.37646484, 319.028533936, 460.178588867, 324.562438965, 79.9253768921, 91.3575820923, 94.214263916, 41.0290298462, 60.9287033081, 37.3899917603, 222.709365845, 139.616119385, 139.245758057, 331.352172852, 56.8519630432, 60.5028762817, 22.6599979401, 9.54135990143, 3.85924696922, 0.526691555977, 0.295558363199, 0.109110318124, 0.0139623302966, 0.00039205167559, 9.85186375146e-07, 8.66088090135e-10],
        "max": [0.136827692389, 8.90174484253, 74.1579208374, 186.068328857, 454.400054932, 203.9140625, 388.518585205, 603.971923828, 601.312072754, 2016.0279541, 2227.63378906, 1786.27856445, 2421.8059082, 714.663574219, 2544.29516602, 342.972259521, 434.433044434, 510.278778076, 126.520431519, 124.45816803, 125.413200378, 67.3319702148, 117.414924622, 105.892707825, 245.469787598, 125.802909851, 124.585838318, 329.831726074, 114.106636047, 93.1252822876, 50.2309036255, 24.3234062195, 18.4194717407, 6.28248500824, 4.251121521, 3.3997130394, 1.17459440231, 0.232411116362, 0.0253743566573, 0.000436679314589],
        "mean": [0.0134292198345, 0.61525529623, 5.14407491684, 8.36661624908, 15.462723732, 10.805478096, 23.6791610718, 27.3412761688, 30.2540588379, 65.4495773315, 95.7022018433, 59.1160049438, 31.1754608154, 19.9007282257, 25.5622196198, 12.2145452499, 11.9220504761, 8.58403968811, 5.13851308823, 4.87860298157, 5.27299594879, 3.31409168243, 4.35453796387, 2.80048131943, 4.71673250198, 5.31676292419, 6.69924974442, 6.08545589447, 3.50423955917, 3.21117568016, 2.08929920197, 1.25486457348, 0.567563354969, 0.302388399839, 0.234466746449, 0.112604789436, 0.0380615144968, 0.00747914565727, 0.000224753035582, 4.04047314078e-05],
        "median": [0.0078450255096, 0.29518020153, 2.58962154388, 4.72486400604, 7.26973342896, 6.62971973419, 12.1725406647, 12.7249794006, 13.0185775757, 20.2013816833, 38.6537628174, 26.7566947937, 9.66491603851, 10.2735910416, 10.6970672607, 5.73932170868, 5.72428321838, 4.27745628357, 2.73924589157, 2.32421064377, 2.74372768402, 1.59886670113, 1.70512294769, 1.41723382473, 1.78527951241, 2.17148923874, 3.526065588, 2.69240999222, 1.55619382858, 1.33643102646, 0.972012758255, 0.572687745094, 0.187200650573, 0.129378795624, 0.100780308247, 0.0366442501545, 0.0108551969752, 0.00282674981281, 8.23748268886e-05, 3.38956233463e-05],
        "min": [8.62527197797e-23, 3.27435234855e-22, 7.92345575208e-22, 4.07719949256e-21, 1.41026604246e-20, 1.17558868266e-20, 4.6364000015e-20, 7.03615209427e-20, 1.36866183032e-19, 1.72257958571e-19, 3.14310796688e-19, 3.25972233868e-19, 2.87982542519e-19, 8.29161865216e-19, 8.29763484016e-19, 1.11447460476e-18, 1.05815022249e-18, 2.2599726184e-18, 1.90387818893e-18, 2.98344111895e-18, 2.9245688136e-18, 4.00018960762e-18, 4.87908762002e-18, 6.27921488385e-18, 7.77705368473e-18, 8.6905125439e-18, 8.28318316768e-18, 7.69004751918e-18, 1.0766060902e-17, 1.00745155761e-17, 1.05497151215e-17, 1.11474093624e-17, 1.04709178964e-17, 8.31585183879e-18, 5.72936104732e-18, 4.2436243124e-18, 2.41337781249e-18, 9.40450382938e-19, 2.41928253789e-19, 2.70959520942e-20],
        "var": [0.000243527858402, 0.731498479843, 54.8844146729, 143.866653442, 736.547180176, 187.852554321, 1023.57531738, 1838.54797363, 2315.92163086, 16326.9619141, 28836.6621094, 15123.4003906, 8138.04150391, 1377.15319824, 4817.45263672, 424.776184082, 445.946838379, 389.092346191, 67.2539215088, 63.9705734253, 63.1433334351, 25.3310089111, 53.7172851562, 18.1157417297, 110.376586914, 74.6011810303, 86.4011001587, 128.095703125, 30.6175823212, 28.8879032135, 10.6752052307, 4.12129688263, 1.50632762909, 0.263720005751, 0.161137998104, 0.0582424104214, 0.00780154811218, 0.000232577309362, 3.41279132954e-07, 8.50662040808e-10]
    },
    "gfcc": {
        "mean": [-25.9904727936, 102.034751892, -91.0830230713, 19.6873683929, -76.388961792, 5.10379219055, -30.6612491608, 1.58558046818, -25.8278255463, 3.83425402641, -26.2025489807, -4.37463855743, -19.0781707764],
        "cov": [[24568.2363281, 1619.13830566, -1869.73742676, 617.149658203, -1711.95019531, 135.008209229, -633.497619629, 86.7121200562, -499.368865967, 106.02696991, -561.688232422, -53.8645401001, -414.577575684], [1619.13830566, 1176.18347168, -296.310882568, -292.087738037, 53.7086029053, -101.290023804, -41.9636650085, -145.970169067, 5.81361103058, -63.0828056335, 24.3485794067, -51.2356491089, 40.8531837463], [-1869.73742676, -296.310882568, 494.172332764, 84.0378112793, 89.7299041748, 79.7145385742, 86.5516738892, 36.3690490723, 23.9361419678, 20.904756546, 26.997674942, 13.9646053314, 19.2575321198], [617.149658203, -292.087738037, 84.0378112793, 374.040649414, -44.8578987122, 45.064365387, 5.34789323807, 54.2535972595, -43.8741531372, 6.11073684692, -44.4393501282, 12.8745012283, -27.1817436218], [-1711.95019531, 53.7086029053, 89.7299041748, -44.8578987122, 285.459228516, -17.6993579865, 53.6657409668, -26.955242157, 38.4530029297, -34.7892456055, 40.8035469055, -6.97786283493, 30.0276508331], [135.008209229, -101.290023804, 79.7145385742, 45.064365387, -17.6993579865, 134.771102905, 45.2789382935, 30.9213256836, -0.582662165165, 19.4663562775, -11.1496419907, -2.23747777939, -5.31818723679], [-633.497619629, -41.9636650085, 86.5516738892, 5.34789323807, 53.6657409668, 45.2789382935, 101.453323364, 36.8516578674, 26.8952236176, 4.6465587616, 11.7926883698, -9.63974380493, -1.45245623589], [86.7121200562, -145.970169067, 36.3690490723, 54.2535972595, -26.955242157, 30.9213256836, 36.8516578674, 104.618087769, 38.4501647949, 24.277885437, -5.12682914734, 4.90825080872, -22.5809879303], [-499.368865967, 5.81361103058, 23.9361419678, -43.8741531372, 38.4530029297, -0.582662165165, 26.8952236176, 38.4501647949, 88.589881897, 30.9056587219, 28.8723068237, -3.83093357086, -0.0211194399744], [106.02696991, -63.0828056335, 20.904756546, 6.11073684692, -34.7892456055, 19.4663562775, 4.6465587616, 24.277885437, 30.9056587219, 70.2138290405, 24.5648365021, 11.5336780548, -11.8627347946], [-561.688232422, 24.3485794067, 26.997674942, -44.4393501282, 40.8035469055, -11.1496419907, 11.7926883698, -5.12682914734, 28.8723068237, 24.5648365021, 71.2472610474, 27.6073493958, 17.9358882904], [-53.8645401001, -51.2356491089, 13.9646053314, 12.8745012283, -6.97786283493, -2.23747777939, -9.63974380493, 4.90825080872, -3.83093357086, 11.5336780548, 27.6073493958, 60.5763168335, 23.8810997009], [-414.577575684, 40.8531837463, 19.2575321198, -27.1817436218, 30.0276508331, -5.31818723679, -1.45245623589, -22.5809879303, -0.0211194399744, -11.8627347946, 17.9358882904, 23.8810997009, 62.3618087769]],
        "icov": [[0.000311214011163, -0.000759192800615, 0.000582097854931, -0.000517462554853, 0.000850687036291, -0.000766878132708, 0.000944378494751, -0.000922943931073, 0.000986560829915, -0.000940320140216, 0.00132620439399, -0.0009171468555, 0.00116501632147], [-0.000759192800615, 0.00332591333427, -0.000695667346008, 0.00178498681635, -0.00187682860997, 0.00200549280271, -0.00274495291524, 0.00379497651011, -0.00310091045685, 0.00317613128573, -0.003910462372, 0.00335650518537, -0.00340561196208], [0.000582097854931, -0.000695667346008, 0.00421781977639, -0.0013587634312, 0.000970027525909, -0.00234696245752, 0.000106013161712, -0.00107513775583, 0.00163957267068, -0.00206868792884, 0.00165539595764, -0.001274755341, 0.000995794311166], [-0.000517462554853, 0.00178498681635, -0.0013587634312, 0.004902289249, -0.00183933903463, 0.00110699736979, -0.00122148427181, -0.000314100005198, 0.000907462032046, 0.000729989493266, -0.000210075173527, 0.000465884804726, -0.00119398825336], [0.000850687036291, -0.00187682860997, 0.000970027525909, -0.00183933903463, 0.00839907862246, -0.00139784743078, -0.000164869925356, 0.000466658762889, -0.00109074485954, 0.00235026562586, 0.000430828076787, -0.00159682997037, 0.00271956948563], [-0.000766878132708, 0.00200549280271, -0.00234696245752, 0.00110699736979, -0.00139784743078, 0.0126360068098, -0.00710243824869, 0.00153335381765, -0.000350470945705, -0.00154634227511, -0.000297932419926, 0.0024376353249, -0.00420629233122], [0.000944378494751, -0.00274495291524, 0.000106013161712, -0.00122148427181, -0.000164869925356, -0.00710243824869, 0.0207191538066, -0.00956488680094, 0.00321166520007, -0.00120961398352, 0.000124804049847, 0.00170364533551, 0.00308678229339], [-0.000922943931073, 0.00379497651011, -0.00107513775583, -0.000314100005198, 0.000466658762889, 0.00153335381765, -0.00956488680094, 0.0242547411472, -0.0149692138657, 0.00466572958976, 0.000184582269867, -0.00345664727502, 0.00219226279296], [0.000986560829915, -0.00310091045685, 0.00163957267068, 0.000907462032046, -0.00109074485954, -0.000350470945705, 0.00321166520007, -0.0149692138657, 0.027956970036, -0.0131112551317, -0.000506492215209, 0.00383458728902, -0.000178322836291], [-0.000940320140216, 0.00317613128573, -0.00206868792884, 0.000729989493266, 0.00235026562586, -0.00154634227511, -0.00120961398352, 0.00466572958976, -0.0131112551317, 0.0302496179938, -0.0143764168024, 0.000744582270272, 0.00262229912914], [0.00132620439399, -0.003910462372, 0.00165539595764, -0.000210075173527, 0.000430828076787, -0.000297932419926, 0.000124804049847, 0.000184582269867, -0.000506492215209, -0.0143764168024, 0.0356874130666, -0.0177142228931, 0.004396983888], [-0.0009171468555, 0.00335650518537, -0.001274755341, 0.000465884804726, -0.00159682997037, 0.0024376353249, 0.00170364533551, -0.00345664727502, 0.00383458728902, 0.000744582270272, -0.0177142228931, 0.0334742628038, -0.0155155146495], [0.00116501632147, -0.00340561196208, 0.000995794311166, -0.00119398825336, 0.00271956948563, -0.00420629233122, 0.00308678229339, 0.00219226279296, -0.000178322836291, 0.00262229912914, 0.004396983888, -0.0155155146495, 0.0295567251742]]
    },
    "melbands": {
        "dmean": [0.000207955803489, 0.00147526350338, 0.00119686825201, 0.000623071449809, 0.000526865769643, 0.000344959349604, 0.000254540966125, 0.000349916546838, 0.00032136432128, 0.000179852693691, 9.05672932277e-05, 4.15167814936e-05, 4.51070809504e-05, 2.38280717895e-05, 1.50545474753e-05, 1.55634770636e-05, 8.89832426765e-06, 5.26981739313e-06, 4.67647669211e-06, 4.67322024633e-06, 3.93800519305e-06, 2.30866771744e-06, 2.6667239581e-06, 1.97775011657e-06, 1.50943117205e-06, 2.03775994123e-06, 2.82388555206e-06, 2.70699138127e-06, 2.63460742644e-06, 2.65391690846e-06, 2.70262421509e-06, 1.28317890358e-06, 1.62237301993e-06, 1.33472099151e-06, 9.96347125692e-07, 8.67176822794e-07, 4.98658607739e-07, 4.20124450784e-07, 2.26534595527e-07, 1.93699904116e-07],
        "dmean2": [0.000332524388796, 0.00227711675689, 0.00193435978144, 0.00101461494341, 0.000882785592694, 0.000561111723073, 0.000397418654757, 0.000505587726366, 0.000430904823588, 0.000263968162471, 0.00013869794202, 6.25999964541e-05, 6.2315739342e-05, 3.3359232475e-05, 2.27345535677e-05, 2.43744379986e-05, 1.376990258e-05, 8.26344148663e-06, 7.27714405002e-06, 7.25173686078e-06, 6.42532450001e-06, 3.72798149328e-06, 4.33753393736e-06, 3.17448848364e-06, 2.4617793315e-06, 3.39526559401e-06, 4.56643010693e-06, 4.27709346695e-06, 4.18624813392e-06, 4.24726204074e-06, 4.3573631956e-06, 1.93856408259e-06, 2.5229669518e-06, 2.07518087336e-06, 1.55450413786e-06, 1.38165012231e-06, 7.79341746693e-07, 6.73343720337e-07, 3.47619135255e-07, 2.9018841019e-07],
        "dvar": [9.09849262598e-08, 5.09870551468e-06, 5.03678893438e-06, 1.3662119045e-06, 6.11791506344e-07, 3.14619342134e-07, 2.31616809288e-07, 5.15242049914e-07, 4.62801068579e-07, 2.88862537445e-07, 1.31008903281e-07, 1.01886579174e-08, 1.60525530646e-08, 4.69510963441e-09, 1.13680342917e-09, 1.42426503924e-09, 8.1319939671e-10, 1.04169013693e-10, 1.19842510915e-10, 1.06228102703e-10, 5.23540343023e-11, 2.30480946828e-11, 3.24413447494e-11, 1.47663929695e-11, 1.07318069362e-11, 2.70810440045e-11, 4.34786547043e-11, 2.94362034747e-11, 2.59285613813e-11, 3.77590632372e-11, 5.28324120563e-11, 6.47362935827e-12, 1.26459936273e-11, 7.42017645244e-12, 3.55238104557e-12, 3.24536860059e-12, 9.20715868998e-13, 1.09486475875e-12, 2.60246414262e-13, 1.51020892298e-13],
        "dvar2": [2.12211261896e-07, 1.07913974716e-05, 1.27512776089e-05, 3.54118765244e-06, 1.66916231592e-06, 8.57290672229e-07, 5.20179980867e-07, 9.46283648773e-07, 7.10198094112e-07, 5.74913769924e-07, 2.91126212915e-07, 2.06714645401e-08, 2.38310207124e-08, 7.12735648278e-09, 2.24000262783e-09, 3.03310532246e-09, 1.49548495809e-09, 2.17105514122e-10, 2.890850892e-10, 2.30797964074e-10, 1.33769176291e-10, 5.36944273766e-11, 7.7825537681e-11, 3.72889254197e-11, 2.8904519403e-11, 6.94686530522e-11, 1.08831867129e-10, 7.13481565495e-11, 6.44141615047e-11, 9.92218113227e-11, 1.34931288365e-10, 1.49870619387e-11, 3.06248394699e-11, 1.77064456847e-11, 8.36923759462e-12, 8.07320443136e-12, 2.23244860098e-12, 2.68153793441e-12, 6.15783791146e-13, 3.44918023179e-13],
        "max": [0.00372984842397, 0.0288365166634, 0.0410750359297, 0.0180147886276, 0.0108599681407, 0.0119800427929, 0.0108786774799, 0.0185122583061, 0.0167376920581, 0.0142472479492, 0.0122499810532, 0.00263343425468, 0.00672734808177, 0.00321211153641, 0.00101569504477, 0.00129739870317, 0.00117375492118, 0.0002611905511, 0.000343767431332, 0.000275010999758, 0.000153163433424, 0.000105929240817, 0.000137277005706, 6.30191643722e-05, 9.96565286187e-05, 0.000133928406285, 0.000130765387439, 0.000103389276774, 9.46303189266e-05, 0.000138739938848, 0.0002383536048, 6.55614348943e-05, 6.0684793425e-05, 4.52331769338e-05, 2.49409513344e-05, 2.98405630019e-05, 1.26867316794e-05, 1.66564623214e-05, 6.83126199874e-06, 4.70380291517e-06],
        "mean": [0.000290971569484, 0.00206774217077, 0.00175985414535, 0.00089887419017, 0.000758265785407, 0.000621315033641, 0.000492438732181, 0.000763314485084, 0.000754955166485, 0.000349775247741, 0.000145567537402, 7.4637675425e-05, 8.52582597872e-05, 4.40387484559e-05, 2.67136274488e-05, 2.58745385509e-05, 1.45092890307e-05, 7.98576638772e-06, 7.15300939191e-06, 7.07465596861e-06, 5.77662967771e-06, 3.12048200612e-06, 4.35441234004e-06, 3.15871920975e-06, 2.07388256968e-06, 2.86359750135e-06, 3.52822144123e-06, 3.61737693311e-06, 4.38723782281e-06, 3.67402776646e-06, 3.43398801306e-06, 1.79319158633e-06, 2.005720944e-06, 1.74261197117e-06, 1.28414023948e-06, 1.01180660295e-06, 6.27596364211e-07, 4.27388499702e-07, 2.59526700574e-07, 2.52789789101e-07],
        "median": [0.000140531352372, 0.00108927488327, 0.00109169143252, 0.000497444882058, 0.000419292016886, 0.00031173528987, 0.000197303306777, 0.000245597155299, 0.000279696483631, 0.000141076336149, 3.59424448106e-05, 3.45707885572e-05, 3.84583399864e-05, 1.64188895724e-05, 1.11152457976e-05, 1.04749042293e-05, 6.25657776254e-06, 4.08174264521e-06, 2.63824381364e-06, 3.08825474349e-06, 2.84531233774e-06, 1.32905040573e-06, 1.59685487233e-06, 1.28852070702e-06, 9.68164499682e-07, 1.2246496226e-06, 1.10838925593e-06, 1.49486777445e-06, 2.40560984821e-06, 1.6066499029e-06, 1.48253707266e-06, 8.05694639894e-07, 7.69442294768e-07, 7.50982962927e-07, 6.03477133154e-07, 4.17278727127e-07, 3.0107338489e-07, 1.29663348503e-07, 8.94015528274e-08, 1.12023847976e-07],
        "min": [1.05537006787e-24, 3.78587906962e-25, 1.59882896725e-24, 7.52474104322e-25, 1.92740511428e-24, 1.44250464179e-24, 2.08674772017e-24, 2.05898376061e-24, 2.1053746983e-24, 1.7709562474e-24, 1.06643877245e-24, 2.86518461739e-24, 2.21256373759e-24, 2.95984141791e-24, 1.64204257043e-24, 2.7783397092e-24, 3.34575591984e-24, 1.77538727911e-24, 4.51390943133e-24, 3.20011918053e-24, 3.19520142165e-24, 4.20398530876e-24, 2.79777586139e-24, 4.3225988289e-24, 4.39142339301e-24, 4.67239513706e-24, 4.98187513094e-24, 4.89390727925e-24, 4.92586955654e-24, 3.62772083977e-24, 4.00142160552e-24, 4.91522663964e-24, 5.11703303642e-24, 4.83488786176e-24, 4.8499026458e-24, 5.65963010526e-24, 5.73616775687e-24, 6.13201855354e-24, 6.17720371733e-24, 6.50055109706e-24],
        "var": [1.49709492803e-07, 8.24222206575e-06, 6.21106255494e-06, 1.70189764503e-06, 9.23059360503e-07, 8.26244558993e-07, 7.43946202419e-07, 1.98972770704e-06, 2.03243735086e-06, 6.99528584391e-07, 2.04085878863e-07, 2.44725857357e-08, 3.64578127687e-08, 1.10178843826e-08, 2.90893553689e-09, 3.37033201347e-09, 1.82083959022e-09, 1.94319366154e-10, 1.96519855944e-10, 1.917245529e-10, 7.72275160488e-11, 3.384104455e-11, 6.53034432085e-11, 2.47492686067e-11, 1.2520055305e-11, 3.51127495135e-11, 5.29296537155e-11, 3.56735994911e-11, 4.09413579427e-11, 3.80929836286e-11, 4.94167519405e-11, 8.24509818059e-12, 1.33691972423e-11, 8.20504341553e-12, 3.95972794484e-12, 3.16883390188e-12, 9.84886868241e-13, 9.77492609425e-13, 2.67084314734e-13, 1.74012849486e-13]
    },
    "mfcc": {
        "mean": [-667.404724121, 136.388549805, 26.0954837799, 20.2093219757, -19.2185726166, 5.27300071716, -6.94662237167, -1.93150210381, -0.529207766056, 1.7369799614, -3.88597106934, 1.85260093212, -3.39290189743],
        "cov": [[8390.43457031, 641.689819336, 206.823150635, 286.159606934, -327.901611328, 34.6803321838, -172.757644653, -0.843817234039, -35.8918151855, 21.7699432373, -79.0675811768, 13.291636467, -34.064365387], [641.689819336, 1501.51269531, -204.878265381, -137.814743042, -5.39522027969, 7.14346313477, -52.5908508301, -79.33177948, -46.1375961304, -52.653881073, -51.0038719177, -11.5166034698, 21.8263626099], [206.823150635, -204.878265381, 400.156494141, 60.5725479126, -29.3504772186, 50.1042289734, 43.8117866516, 32.634147644, 35.2343292236, 40.1244392395, 17.4176521301, 20.3820934296, -6.80507850647], [286.159606934, -137.814743042, 60.5725479126, 228.009231567, 34.3821563721, 15.9597949982, 20.1573448181, 25.6556568146, 7.01653957367, -0.0199575964361, 1.29536759853, -5.71482467651, -19.2971973419], [-327.901611328, -5.39522027969, -29.3504772186, 34.3821563721, 111.799728394, 22.9655971527, 16.4949970245, 10.8243703842, 4.31970500946, -5.63087749481, -2.12558102608, -6.7213101387, -0.798450171947], [34.6803321838, 7.14346313477, 50.1042289734, 15.9597949982, 22.9655971527, 92.0368270874, 42.1533508301, 8.40514087677, 9.0689573288, 6.39303159714, -7.08481693268, -6.75074052811, -2.23773050308], [-172.757644653, -52.5908508301, 43.8117866516, 20.1573448181, 16.4949970245, 42.1533508301, 82.9154510498, 34.4167900085, 14.1659631729, 10.5935564041, 5.9306845665, -3.45777845383, -6.7949924469], [-0.843817234039, -79.33177948, 32.634147644, 25.6556568146, 10.8243703842, 8.40514087677, 34.4167900085, 72.789855957, 33.0354499817, 15.6427135468, 16.1895332336, 6.44672966003, -6.62668228149], [-35.8918151855, -46.1375961304, 35.2343292236, 7.01653957367, 4.31970500946, 9.0689573288, 14.1659631729, 33.0354499817, 60.9132041931, 34.6308631897, 15.8897256851, 9.72910499573, -1.36569404602], [21.7699432373, -52.653881073, 40.1244392395, -0.0199575964361, -5.63087749481, 6.39303159714, 10.5935564041, 15.6427135468, 34.6308631897, 68.9940109253, 35.5065917969, 14.0555505753, 0.585186123848], [-79.0675811768, -51.0038719177, 17.4176521301, 1.29536759853, -2.12558102608, -7.08481693268, 5.9306845665, 16.1895332336, 15.8897256851, 35.5065917969, 68.216255188, 35.9264755249, 5.55944728851], [13.291636467, -11.5166034698, 20.3820934296, -5.71482467651, -6.7213101387, -6.75074052811, -3.45777845383, 6.44672966003, 9.72910499573, 14.0555505753, 35.9264755249, 71.4111404419, 38.2160682678], [-34.064365387, 21.8263626099, -6.80507850647, -19.2971973419, -0.798450171947, -2.23773050308, -6.7949924469, -6.62668228149, -1.36569404602, 0.585186123848, 5.55944728851, 38.2160682678, 74.0807418823]],
