{
"lowlevel": {
    "average_loudness": 0.809354364872,
    "barkbands_crest": {
        "dmean": 2.34364366531,
        "dmean2": 3.81318044662,
        "dvar": 5.26292324066,
        "dvar2": 13.3664865494,
        "max": 25.2626228333,
        "mean": 10.4974908829,
        "median": 9.83375167847,
        "min": 2.69769263268,
        "var": 15.9659337997
    },
    "barkbands_flatness_db": {
        "dmean": 0.0179259479046,
        "dmean2": 0.0274297613651,
        "dvar": 0.000318242266076,
        "dvar2": 0.000682088604663,
        "max": 0.338058382273,
        "mean": 0.114647008479,
        "median": 0.111464217305,
        "min": 0.0273433346301,
        "var": 0.00134634703863
    },
    "barkbands_kurtosis": {
        "dmean": 2.25607538223,
        "dmean2": 3.48746013641,
        "dvar": 18.8951034546,
        "dvar2": 38.6749610901,
        "max": 137.929672241,
        "mean": 2.99571919441,
        "median": 0.901901483536,
        "min": -1.97233295441,
        "var": 46.699382782
    },
    "barkbands_skewness": {
        "dmean": 0.539771080017,
        "dmean2": 0.831678509712,
        "dvar": 0.437153965235,
        "dvar2": 0.949616670609,
        "max": 10.766037941,
        "mean": 1.35833418369,
        "median": 1.30832254887,
        "min": -6.56661605835,
        "var": 1.73986852169
    },
    "barkbands_spread": {
        "dmean": 12.7960014343,
        "dmean2": 20.2036495209,
        "dvar": 261.206878662,
        "dvar2": 593.41607666,
        "max": 142.444702148,
        "mean": 47.7866020203,
        "median": 37.9438323975,
        "min": 2.22786974907,
        "var": 861.06451416
    },
    "dissonance": {
        "dmean": 0.0201497077942,
        "dmean2": 0.0342408083379,
        "dvar": 0.000489281199407,
        "dvar2": 0.00138430960942,
        "max": 0.499999940395,
        "mean": 0.456160873175,
        "median": 0.462301373482,
        "min": 0.0089389141649,
        "var": 0.000991229666397
    },
    "dynamic_complexity": 3.67007803917,
    "erbbands_crest": {
        "dmean": 1.92463088036,
        "dmean2": 3.0859413147,
        "dvar": 4.89971208572,
        "dvar2": 10.9795513153,
        "max": 31.4081954956,
        "mean": 8.69924736023,
        "median": 7.48455095291,
        "min": 2.24943184853,
        "var": 21.2474803925
    },
    "erbbands_flatness_db": {
        "dmean": 0.0151037750766,
        "dmean2": 0.0220483653247,
        "dvar": 0.00030569176306,
        "dvar2": 0.000528171076439,
        "max": 0.248160615563,
        "mean": 0.0987242981791,
        "median": 0.0920281410217,
        "min": 0.0233621727675,
        "var": 0.00196750438772
    },
    "erbbands_kurtosis": {
        "dmean": 0.7592253685,
        "dmean2": 1.19172751904,
        "dvar": 1.53126251698,
        "dvar2": 3.40869760513,
        "max": 25.4542217255,
        "mean": 0.176321715117,
        "median": -0.501883745193,
        "min": -1.87484180927,
        "var": 4.93583679199
    },
    "erbbands_skewness": {
        "dmean": 0.339985400438,
        "dmean2": 0.522553145885,
        "dvar": 0.157406657934,
        "dvar2": 0.338260054588,
        "max": 4.62744569778,
        "mean": 0.376299351454,
        "median": 0.312390059233,
        "min": -2.97265267372,
        "var": 0.88373363018
    },
    "erbbands_spread": {
        "dmean": 12.6848726273,
        "dmean2": 19.4701023102,
        "dvar": 266.013458252,
        "dvar2": 548.897094727,
        "max": 192.373550415,
        "mean": 67.3907394409,
        "median": 58.5151824951,
        "min": 6.21647119522,
        "var": 1302.10314941
    },
    "hfc": {
        "dmean": 19.4528121948,
        "dmean2": 30.830324173,
        "dvar": 1586.24414062,
        "dvar2": 4008.70922852,
        "max": 590.401306152,
        "mean": 39.9741287231,
        "median": 25.194065094,
        "min": 1.06553945585e-16,
        "var": 2257.43432617
    },
    "melbands_crest": {
        "dmean": 3.18746852875,
        "dmean2": 5.16943359375,
        "dvar": 9.79347896576,
        "dvar2": 24.0764541626,
        "max": 36.5392379761,
        "mean": 15.6754112244,
        "median": 15.2049293518,
        "min": 1.00126004219,
        "var": 31.3378829956
    },
    "melbands_flatness_db": {
        "dmean": 0.0237965676934,
        "dmean2": 0.0363631658256,
        "dvar": 0.000676611438394,
        "dvar2": 0.00143192999531,
        "max": 0.485404193401,
        "mean": 0.179846867919,
        "median": 0.177533507347,
        "min": -1.55315632355e-07,
        "var": 0.00352437910624
    },
    "melbands_kurtosis": {
        "dmean": 12.8178634644,
        "dmean2": 19.9029865265,
        "dvar": 1085.53393555,
        "dvar2": 2649.84350586,
        "max": 1189.49133301,
        "mean": 26.6564216614,
        "median": 14.4088134766,
        "min": -1.83565223217,
        "var": 1854.77539062
    },
    "melbands_skewness": {
        "dmean": 0.908666908741,
        "dmean2": 1.37984228134,
        "dvar": 1.57960283756,
        "dvar2": 3.39002180099,
        "max": 25.5463523865,
        "mean": 3.65368008614,
        "median": 3.12033438683,
        "min": -1.02175331116,
        "var": 6.53390884399
    },
    "melbands_spread": {
        "dmean": 8.60039901733,
        "dmean2": 13.5605192184,
        "dvar": 203.277877808,
        "dvar2": 475.172027588,
        "max": 263.633117676,
        "mean": 29.3536090851,
        "median": 21.4790153503,
        "min": 0.51007771492,
        "var": 737.934326172
    },
    "pitch_salience": {
        "dmean": 0.0686045214534,
        "dmean2": 0.110655874014,
        "dvar": 0.00463984487578,
        "dvar2": 0.0114365601912,
        "max": 0.99608027935,
        "mean": 0.540004432201,
        "median": 0.543363511562,
        "min": 0.0936449915171,
        "var": 0.0144252572209
    },
    "silence_rate_20dB": {
        "dmean": 0,
        "dmean2": 0,
        "dvar": 0,
        "dvar2": 0,
        "max": 1,
        "mean": 1,
        "median": 1,
        "min": 1,
        "var": 0
    },
    "silence_rate_30dB": {
        "dmean": 0.00070729694562,
        "dmean2": 0.0014147607144,
        "dvar": 0.000706787977833,
        "dvar2": 0.00164851720911,
        "max": 1,
        "mean": 0.99929279089,
        "median": 1,
        "min": 0,
        "var": 0.000706704682671
    },
    "silence_rate_60dB": {
        "dmean": 0.0379582680762,
        "dmean2": 0.0759254917502,
        "dvar": 0.0365133173764,
        "dvar2": 0.0831203907728,
        "max": 1,
        "mean": 0.0980669483542,
        "median": 0,
        "min": 0,
        "var": 0.0884469002485
    },
    "spectral_centroid": {
        "dmean": 301.254547119,
        "dmean2": 474.661010742,
        "dvar": 220981.125,
        "dvar2": 447350.3125,
        "max": 11866.4335938,
        "mean": 1715.66088867,
        "median": 1414.16699219,
        "min": 177.756103516,
        "var": 2514771.75
    },
    "spectral_complexity": {
        "dmean": 2.29470705986,
        "dmean2": 3.56802630424,
        "dvar": 7.85108375549,
        "dvar2": 15.4555768967,
        "max": 49,
        "mean": 10.5788545609,
        "median": 10,
        "min": 0,
        "var": 44.6102333069
    },
    "spectral_decrease": {
        "dmean": 1.41754785687e-09,
        "dmean2": 2.17467843733e-09,
        "dvar": 4.56103998321e-18,
        "dvar2": 1.08106161585e-17,
        "max": 1.27249577542e-09,
        "mean": -4.37724612112e-09,
        "median": -3.4262548354e-09,
        "min": -3.92005965466e-08,
        "var": 1.43306079818e-17
    },
    "spectral_energy": {
        "dmean": 0.00622504111379,
        "dmean2": 0.00942506827414,
        "dvar": 8.554753731e-05,
        "dvar2": 0.000197057786863,
        "max": 0.169391125441,
        "mean": 0.020146554336,
        "median": 0.0160034783185,
        "min": 9.87601629483e-21,
        "var": 0.000274466234259
    },
    "spectral_energyband_high": {
        "dmean": 0.00119096145499,
        "dmean2": 0.00183323665988,
        "dvar": 5.75565854888e-06,
        "dvar2": 1.39874318847e-05,
        "max": 0.041650634259,
        "mean": 0.00241387216374,
        "median": 0.00130348512903,
        "min": 6.86838920317e-21,
        "var": 1.01364021248e-05
    },
    "spectral_energyband_low": {
        "dmean": 0.0021968933288,
        "dmean2": 0.00334820221178,
        "dvar": 1.64529628819e-05,
        "dvar2": 3.76789139409e-05,
        "max": 0.0630956292152,
        "mean": 0.0040438324213,
        "median": 0.00186020252295,
        "min": 1.27190276225e-23,
        "var": 3.66440835933e-05
    },
    "spectral_energyband_middle_high": {
        "dmean": 0.00107556488365,
        "dmean2": 0.00150167383254,
        "dvar": 6.08631853538e-06,
        "dvar2": 1.04820483102e-05,
        "max": 0.0490227080882,
        "mean": 0.00367844593711,
        "median": 0.0013990548905,
        "min": 1.11670644872e-21,
        "var": 3.38773206749e-05
    },
    "spectral_energyband_middle_low": {
        "dmean": 0.00385467801243,
        "dmean2": 0.00606967648491,
        "dvar": 5.14600324095e-05,
        "dvar2": 0.000125998107251,
        "max": 0.12963399291,
        "mean": 0.0102369710803,
        "median": 0.00682447943836,
        "min": 1.51196766653e-22,
        "var": 0.000131274864543
    },
    "spectral_entropy": {
        "dmean": 0.195712149143,
        "dmean2": 0.288993895054,
        "dvar": 0.0473711676896,
        "dvar2": 0.0880084261298,
        "max": 9.82609558105,
        "mean": 7.86537694931,
        "median": 7.84255599976,
        "min": 6.13797950745,
        "var": 0.35489949584
    },
    "spectral_flux": {
        "dmean": 0.0240632239729,
        "dmean2": 0.0381362587214,
        "dvar": 0.000803368049674,
        "dvar2": 0.00182528328151,
        "max": 0.322353631258,
        "mean": 0.0651235729456,
        "median": 0.0550560615957,
        "min": 6.31186075628e-11,
        "var": 0.00179751799442
    },
    "spectral_kurtosis": {
        "dmean": 0.68699234724,
        "dmean2": 1.04489052296,
        "dvar": 0.667269468307,
        "dvar2": 1.3237310648,
        "max": 15.7047863007,
        "mean": 2.7870247364,
        "median": 2.62958073616,
        "min": -1.28912842274,
        "var": 3.775639534
    },
    "spectral_rms": {
        "dmean": 0.000673048489261,
        "dmean2": 0.000993171706796,
        "dvar": 6.88871068633e-07,
        "dvar2": 1.47759237734e-06,
        "max": 0.0128553351387,
        "mean": 0.00402278173715,
        "median": 0.00395134836435,
        "min": 3.10405173787e-12,
        "var": 3.47243735632e-06
    },
    "spectral_rolloff": {
        "dmean": 2408.42114258,
        "dmean2": 4079.07470703,
        "dvar": 15091833,
        "dvar2": 35897412,
        "max": 19896.6796875,
        "mean": 5374.27148438,
        "median": 2497.8515625,
        "min": 43.06640625,
        "var": 34437580
    },
    "spectral_skewness": {
        "dmean": 0.137715190649,
        "dmean2": 0.213212877512,
        "dvar": 0.0257345028222,
        "dvar2": 0.0529736429453,
        "max": 3.36257743835,
        "mean": 1.40005850792,
        "median": 1.44961023331,
        "min": -0.0903291702271,
        "var": 0.167367622256
    },
    "spectral_spread": {
        "dmean": 1074850.375,
        "dmean2": 1626167.75,
        "dvar": 3.56771089613e+12,
        "dvar2": 6.73856670925e+12,
        "max": 52114156,
        "mean": 9962598,
        "median": 9169301,
        "min": 3312835.25,
        "var": 2.99032400364e+13
    },
    "spectral_strongpeak": {
        "dmean": 0.458865523338,
        "dmean2": 0.754620909691,
        "dvar": 0.867787539959,
        "dvar2": 2.10095286369,
        "max": 15.8605604172,
        "mean": 1.14950752258,
        "median": 0.617628335953,
        "min": 0,
        "var": 2.00249385834
    },
    "zerocrossingrate": {
        "dmean": 0.0306030251086,
        "dmean2": 0.0369135327637,
        "dvar": 0.0011944337748,
        "dvar2": 0.00159047555644,
        "max": 0.6494140625,
        "mean": 0.170065879822,
        "median": 0.136962890625,
        "min": 0.01513671875,
        "var": 0.0107600875199
    },
    "barkbands": {
        "dmean": [2.14080300793e-05, 0.00128846673761, 0.000982982339337, 0.000551538600121, 0.0016819445882, 0.000812369340565, 0.000545464921743, 0.00101198558696, 0.000701354525518, 0.000230882578762, 0.000212041530176, 0.00016305137251, 9.85867081909e-05, 0.00017262386973, 0.000189369078726, 0.000182246018085, 0.000106122657598, 7.22242402844e-05, 9.96371454676e-05, 0.000176048226422, 0.000113768248411, 3.86661922676e-05, 9.24647392821e-05, 0.000117617826618, 0.000130200642161, 0.000240416629822, 0.000636725628283],
        "dmean2": [3.11514231726e-05, 0.00204222113825, 0.00146159529686, 0.000953316979576, 0.00287372176535, 0.00129681988619, 0.00082374952035, 0.00159591156989, 0.000960498990025, 0.000337732024491, 0.00029326431104, 0.000239250293816, 0.000150144667714, 0.000251742108958, 0.000277711049421, 0.000253402395174, 0.000155215529958, 0.000111506597023, 0.000147693164763, 0.000247841817327, 0.000163427292136, 6.0265087086e-05, 0.000143308207043, 0.000177614958375, 0.000196507447981, 0.000349219539203, 0.00111131498124],
        "dvar": [9.63238999674e-09, 6.07908714301e-06, 4.79302752865e-06, 2.9233854093e-06, 1.44594177982e-05, 3.19526225212e-06, 1.48500771502e-06, 7.74589807406e-06, 5.8690457081e-06, 4.52125902939e-07, 5.03420665154e-07, 4.1348195623e-07, 7.69098775777e-08, 2.23540027378e-07, 5.67774748106e-07, 3.78017887215e-07, 1.15681352497e-07, 2.03799626064e-08, 6.63709229798e-08, 2.55947071537e-07, 1.36153232688e-07, 5.31343857801e-09, 2.88068395804e-08, 4.50666668428e-08, 7.61496536938e-08, 3.71232886209e-07, 2.3365864763e-06],
        "dvar2": [1.81608541538e-08, 1.53298533405e-05, 1.04672581074e-05, 7.82328515925e-06, 4.10378561355e-05, 7.70178576204e-06, 2.76550463241e-06, 1.75549030246e-05, 9.12184077606e-06, 8.56908059177e-07, 7.78993808126e-07, 8.47340515975e-07, 1.56452770739e-07, 4.23361228741e-07, 1.00818772353e-06, 6.1454494471e-07, 2.18636827753e-07, 4.39053948753e-08, 1.27730288568e-07, 4.65180846732e-07, 2.86007917794e-07, 1.19343148697e-08, 6.07355730153e-08, 9.51046175146e-08, 1.67802497231e-07, 7.96853782958e-07, 6.32211458651e-06],
        "max": [0.00233265291899, 0.0433745831251, 0.0492776669562, 0.0493048429489, 0.0571946278214, 0.0369642414153, 0.0337620861828, 0.0838983356953, 0.0604678280652, 0.0152500756085, 0.0193319842219, 0.0272517725825, 0.00733546726406, 0.0200817417353, 0.0303263571113, 0.0203943680972, 0.0115158427507, 0.00329344463535, 0.0105317533016, 0.0147878499702, 0.0162630435079, 0.00236627785489, 0.003679451067, 0.00411511491984, 0.00793870072812, 0.0227084029466, 0.0198065321892],
        "mean": [2.18768564082e-05, 0.00218238309026, 0.00158649322111, 0.000644137617201, 0.00255676801316, 0.00161898077931, 0.00138141296338, 0.0020595532842, 0.00185920100193, 0.000476697547128, 0.000529040931724, 0.000328288995661, 0.000184072297998, 0.000463968113763, 0.00043785496382, 0.000451690604677, 0.000228881457588, 0.000155210858793, 0.000237304135226, 0.000479148322484, 0.000278579507722, 9.21414175536e-05, 0.000212653714698, 0.000268216535915, 0.000275180209428, 0.000415675982367, 0.000681767764036],
        "median": [1.21255004615e-06, 0.000831730489153, 0.000427947990829, 0.000175281616976, 0.00068580795778, 0.000323165761074, 0.000216938264202, 0.000164704630151, 5.81766435062e-05, 5.35676736035e-05, 2.0566436433e-05, 4.95458152727e-05, 4.10942157032e-05, 5.16502987011e-05, 4.36647205788e-05, 4.21445110987e-05, 4.13331217715e-05, 6.28694760962e-05, 9.33739793254e-05, 9.62698468356e-05, 6.61605299683e-05, 5.5677301134e-05, 0.000121577511891, 0.000150105857756, 0.000134575951961, 0.000167960039107, 0.000256882049143],
        "min": [4.12809284677e-25, 2.91014219481e-24, 7.13343250764e-25, 9.05886251143e-25, 4.13211574156e-24, 8.17519511933e-24, 8.39102825186e-24, 5.27559486723e-24, 1.52396030866e-23, 1.62091541599e-23, 6.54114351266e-24, 2.06087671124e-23, 2.69510163083e-23, 2.99508902478e-23, 3.5130213319e-23, 4.97965795848e-23, 6.44616742068e-23, 5.50706259181e-23, 1.06885237916e-22, 1.36130154452e-22, 2.4197279593e-22, 2.80301767645e-22, 3.33614451746e-22, 4.69053564044e-22, 8.82095832873e-22, 1.32128259293e-21, 1.792306315e-21],
        "var": [1.3268238952e-08, 1.19520682347e-05, 9.80624190561e-06, 3.22661185237e-06, 1.87527293747e-05, 9.71764438873e-06, 7.11248821972e-06, 2.25525891437e-05, 3.09533534164e-05, 1.6546707684e-06, 2.60378624262e-06, 7.79555364261e-07, 1.76561400167e-07, 1.24331620555e-06, 1.85480666914e-06, 2.03956597034e-06, 4.14187127262e-07, 5.36781037397e-08, 2.17198817154e-07, 1.40004067362e-06, 4.7914153356e-07, 1.56158357356e-08, 8.87898394808e-08, 1.12092358506e-07, 1.59724152127e-07, 6.33185720744e-07, 1.84459725006e-06]
    },
    "erbbands": {
        "dmean": [0.0139469383284, 0.367187023163, 1.23123121262, 1.23872566223, 4.67619085312, 5.14859056473, 6.23055267334, 6.82256269455, 6.51431798935, 12.7841939926, 24.5861816406, 13.1718597412, 6.8800239563, 9.12065124512, 5.82454490662, 5.67115020752, 4.53595161438, 6.93134355545, 8.14963531494, 9.48734092712, 8.60844707489, 4.88283824921, 3.63046336174, 3.80352497101, 6.58166790009, 7.20882844925, 6.17297315598, 2.92807912827, 1.18943190575, 1.99845302105, 2.73925495148, 2.74521040916, 1.94295072556, 1.27604520321, 1.1470143795, 0.699445068836, 0.514663755894, 0.263581246138, 0.0839973688126, 0.0103147672489],
        "dmean2": [0.0218199342489, 0.580156683922, 1.84172749519, 2.02821612358, 8.18704605103, 8.70483875275, 9.91188144684, 10.8061990738, 9.97670841217, 19.2950935364, 37.6159248352, 18.3525943756, 10.1843423843, 12.6821737289, 8.4233341217, 8.32023334503, 6.87630653381, 9.98288631439, 11.9367895126, 13.5334806442, 12.0802297592, 7.02213764191, 5.45168924332, 5.70574951172, 9.50901412964, 10.1473379135, 8.73578071594, 4.31297874451, 1.84205138683, 3.17344498634, 4.2528295517, 4.2136015892, 2.99422478676, 1.96751582623, 1.72722613811, 1.03708553314, 0.768180906773, 0.419095486403, 0.147555112839, 0.0182330068201],
        "dvar": [0.000701593467966, 0.488308191299, 6.67208003998, 12.6735210419, 123.630867004, 123.617424011, 280.131469727, 239.706344604, 233.862182617, 954.704345703, 4317.79980469, 2062.40136719, 410.862609863, 1058.83789062, 292.794769287, 578.876037598, 178.538543701, 477.296478271, 901.071411133, 745.561645508, 739.041320801, 209.837982178, 62.9283332825, 49.4721870422, 293.563690186, 494.251342773, 354.384185791, 84.4583129883, 6.71075773239, 12.4343128204, 26.8942260742, 24.139093399, 12.9909667969, 8.11371040344, 5.58021116257, 2.45208001137, 1.8071988821, 0.434987217188, 0.0422471649945, 0.000627604080364],
        "dvar2": [0.00174647767562, 1.2111620903, 14.4744777679, 33.0323677063, 362.478973389, 339.248199463, 703.814880371, 575.937805176, 470.110778809, 1838.80371094, 9365.24316406, 3416.58959961, 872.354614258, 1643.7989502, 529.60333252, 1177.32897949, 367.962036133, 889.358276367, 1716.01574707, 1325.19030762, 1250.21557617, 374.337402344, 125.455245972, 100.198822021, 553.50769043, 889.361206055, 692.726745605, 189.765289307, 15.5522241592, 28.5407562256, 58.0306777954, 52.8067512512, 27.7491779327, 18.6715774536, 12.2750148773, 5.3206038475, 3.94301986694, 1.04495084286, 0.115515619516, 0.00172314804513],
        "max": [0.717702686787, 11.7400865555, 51.5368995667, 97.8867111206, 150.256057739, 181.808135986, 424.581451416, 351.46383667, 401.621032715, 765.282348633, 1416.22180176, 1449.18811035, 712.314575195, 1025.85632324, 506.00579834, 1016.92919922, 391.584686279, 1162.51281738, 1808.27929688, 598.360778809, 791.040161133, 584.660217285, 226.053588867, 146.664718628, 687.33001709, 774.763427734, 717.128051758, 408.169708252, 91.8688049316, 70.0116577148, 118.957695007, 95.5988922119, 91.3159255981, 116.894828796, 40.4288330078, 32.165813446, 53.9371299744, 17.3020648956, 2.59095025063, 0.296193510294],
        "mean": [0.026057889685, 0.618476569653, 2.02229762077, 1.8142374754, 5.54214668274, 8.14915180206, 12.7086467743, 13.0499954224, 16.4942188263, 31.6722431183, 54.6007461548, 34.5448570251, 16.4321632385, 22.011756897, 13.9401350021, 11.9164209366, 9.73643112183, 19.0500946045, 20.2056980133, 26.2461338043, 22.9309329987, 11.6691961288, 8.34324645996, 10.1326389313, 17.1365509033, 20.7102146149, 16.2986927032, 7.02752876282, 2.98187685013, 4.43826627731, 6.13661575317, 5.81743955612, 4.46442365646, 2.73123884201, 2.29944396019, 1.29722523689, 0.86449432373, 0.332422494888, 0.0868936851621, 0.0109161539003],
        "median": [0.00896889902651, 0.244347885251, 0.652741253376, 0.713567078114, 1.44838857651, 2.23149943352, 1.95525324345, 3.22733068466, 3.97705078125, 5.48453712463, 4.52265930176, 2.3071064949, 3.05201268196, 2.24939632416, 1.67623305321, 2.82766962051, 3.17529535294, 3.56085300446, 4.98939800262, 3.73748779297, 3.30417013168, 2.82847642899, 3.45069122314, 4.92562866211, 5.75110530853, 4.61102771759, 3.11183547974, 2.30329465866, 1.69407939911, 2.62806940079, 3.42505192757, 3.2680478096, 2.5142531395, 1.40814936161, 1.07293558121, 0.558319211006, 0.340449213982, 0.120323449373, 0.0316265076399, 0.00425751972944],
        "min": [7.16384025564e-23, 2.95200787924e-22, 1.81126078715e-21, 4.85510348584e-21, 6.20779501117e-21, 1.21229635715e-20, 5.14335218019e-20, 8.32299309581e-20, 1.12559933097e-19, 1.07702941798e-19, 1.53658052865e-19, 3.86322219836e-19, 2.77408847846e-19, 5.33045267993e-19, 6.21542064706e-19, 1.39827830837e-18, 1.2334252448e-18, 1.81395952044e-18, 2.45216534538e-18, 2.41242717517e-18, 3.2036669969e-18, 4.74023046495e-18, 4.33128601858e-18, 4.65604788042e-18, 6.58789056432e-18, 7.73959563787e-18, 6.35618569421e-18, 9.30284953595e-18, 9.24439599078e-18, 9.36472843603e-18, 9.85112552547e-18, 8.65483045381e-18, 9.64791868182e-18, 8.14813352497e-18, 6.26195782832e-18, 3.82099333561e-18, 2.39243980323e-18, 8.42900973299e-19, 2.29254063197e-19, 2.63861842766e-20],
        "var": [0.00197560316883, 0.956792593002, 14.0272102356, 15.1583795547, 124.163192749, 188.502243042, 727.601623535, 672.956298828, 1009.9854126, 4429.91357422, 15008.7558594, 10327.1806641, 1697.37109375, 4640.58203125, 1222.71240234, 1026.86547852, 394.841125488, 2541.93408203, 2386.14672852, 3878.56445312, 4174.58154297, 841.829589844, 189.214874268, 193.43572998, 1219.87561035, 2760.58374023, 1634.71582031, 243.725769043, 19.9139175415, 32.8586387634, 77.1862182617, 55.3586730957, 33.3214759827, 15.56960392, 11.5219812393, 4.57629299164, 3.03837060928, 0.490528196096, 0.0322402492166, 0.000472198560601]
    },
    "gfcc": {
        "mean": [-9.8920507431, 12.6531867981, -58.7255210876, 7.64409255981, -45.0139694214, -2.90378379822, -32.018032074, 4.09046173096, -16.5985870361, 1.60561418533, -11.576962471, -7.09073781967, -13.60064888],
        "cov": [[38080.375, 927.08013916, -2877.68725586, -181.232940674, -1428.62243652, -346.028198242, -941.605895996, 71.2284927368, -539.098571777, 226.061523438, -372.377349854, -347.493011475, -310.783782959], [927.08013916, 741.000671387, -167.133773804, -26.0339641571, -46.4481201172, -60.8456115723, -20.4536781311, -26.2279491425, -56.9263153076, 23.2492694855, 2.61225199699, -29.1768817902, 12.5337915421], [-2877.68725586, -167.133773804, 1631.26989746, 343.36315918, 93.6466903687, 244.653701782, -23.6503162384, 12.4345998764, 43.8940544128, -240.35546875, 34.5141296387, 144.14239502, -75.7327423096], [-181.232940674, -26.0339641571, 343.36315918, 361.264434814, 143.558624268, 110.018836975, 27.5537242889, 42.5999946594, 22.4857158661, -17.0498352051, 12.4448461533, 31.5672454834, -22.2133369446], [-1428.62243652, -46.4481201172, 93.6466903687, 143.558624268, 263.82144165, 96.4411468506, 107.548187256, 30.6830692291, 55.641166687, 37.1220397949, 36.378288269, 12.7072792053, 14.6402006149], [-346.028198242, -60.8456115723, 244.653701782, 110.018836975, 96.4411468506, 185.18737793, 51.7609939575, 42.8923873901, 31.3948631287, -4.21530628204, 14.2358636856, 35.3632392883, 1.04987871647], [-941.605895996, -20.4536781311, -23.6503162384, 27.5537242889, 107.548187256, 51.7609939575, 149.728012085, 53.4948997498, 63.1501693726, 41.4440803528, 15.8846740723, 1.89000308514, 33.0371704102], [71.2284927368, -26.2279491425, 12.4345998764, 42.5999946594, 30.6830692291, 42.8923873901, 53.4948997498, 101.6483078, 62.3529129028, 34.6113853455, -0.199875876307, -9.61677742004, -4.22758340836], [-539.098571777, -56.9263153076, 43.8940544128, 22.4857158661, 55.641166687, 31.3948631287, 63.1501693726, 62.3529129028, 108.993362427, 46.0968971252, 16.8837089539, -4.37701892853, 6.01599931717], [226.061523438, 23.2492694855, -240.35546875, -17.0498352051, 37.1220397949, -4.21530628204, 41.4440803528, 34.6113853455, 46.0968971252, 125.223167419, 37.4295501709, -10.7091569901, 19.0203609467], [-372.377349854, 2.61225199699, 34.5141296387, 12.4448461533, 36.378288269, 14.2358636856, 15.8846740723, -0.199875876307, 16.8837089539, 37.4295501709, 88.3973922729, 44.1647109985, 7.76685285568], [-347.493011475, -29.1768817902, 144.14239502, 31.5672454834, 12.7072792053, 35.3632392883, 1.89000308514, -9.61677742004, -4.37701892853, -10.7091569901, 44.1647109985, 90.7486953735, 34.7910041809], [-310.783782959, 12.5337915421, -75.7327423096, -22.2133369446, 14.6402006149, 1.04987871647, 33.0371704102, -4.22758340836, 6.01599931717, 19.0203609467, 7.76685285568, 34.7910041809, 89.8648910522]],
        "icov": [[5.74787591177e-05, -3.8227004552e-05, 0.000156287031132, -0.000172522079083, 0.000303445995087, -0.000208312572795, 0.000259930617176, -0.000172111918801, 8.24431990623e-05, -4.74850130558e-05, 9.71613553702e-05, -7.92176651885e-05, 0.000169322869624], [-3.8227004552e-05, 0.001545832376, -0.000195982240257, -7.37687587389e-05, 7.30627507437e-05, 0.000438164715888, -0.00038370580296, 3.53482346327e-06, 0.00117320171557, -0.000513040227816, -0.000649641966447, 0.00111576821655, -0.00075276743155], [0.000156287031132, -0.000195982240257, 0.00234524765983, -0.00142784486525, 0.00106567842886, -0.00195868941955, 0.00107256870251, 9.04232219909e-05, -0.00236944877543, 0.00390233239159, -0.000660772377159, -0.00214042863809, 0.00186897907406], [-0.000172522079083, -7.37687587389e-05, -0.00142784486525, 0.0055519300513, -0.0038439470809, 0.000346628687112, 0.000495128566399, -0.00185409421101, 0.00143267249223, -0.00114247237798, 0.00110538851004, -0.000880220381077, 0.000326776294969], [0.000303445995087, 7.30627507437e-05, 0.00106567842886, -0.0038439470809, 0.00995872635394, -0.00337765202858, -0.00338468095288, 0.00254703243263, -0.00109190947842, -0.000611602154095, -0.00199115276337, 0.00175910361577, 0.000461943243863], [-0.000208312572795, 0.000438164715888, -0.00195868941955, 0.000346628687112, -0.00337765202858, 0.0104927523062, -0.00226968992501, -0.00259359739721, 0.00190970790572, -0.00195145048201, 0.00158247735817, -0.00236316164955, -0.000143125114846], [0.000259930617176, -0.00038370580296, 0.00107256870251, 0.000495128566399, -0.00338468095288, -0.00226968992501, 0.0152671188116, -0.00517958542332, -0.00303116813302, 0.000907360808924, -0.000380215758923, 0.00103550881613, -0.00365684344433], [-0.000172111918801, 3.53482346327e-06, 9.04232219909e-05, -0.00185409421101, 0.00254703243263, -0.00259359739721, -0.00517958542332, 0.0202750712633, -0.00923202931881, -0.00214126915671, 0.00229041767307, 3.88640655729e-05, 0.00235377717763], [8.24431990623e-05, 0.00117320171557, -0.00236944877543, 0.00143267249223, -0.00109190947842, 0.00190970790572, -0.00303116813302, -0.00923202931881, 0.0216097272933, -0.00795253086835, -0.00068546156399, 0.00356803927571, -0.00177117111161], [-4.74850130558e-05, -0.000513040227816, 0.00390233239159, -0.00114247237798, -0.000611602154095, -0.00195145048201, 0.000907360808924, -0.00214126915671, -0.00795253086835, 0.0222353581339, -0.00997930299491, 0.002139166696, -0.00153781299014], [9.71613553702e-05, -0.000649641966447, -0.000660772377159, 0.00110538851004, -0.00199115276337, 0.00158247735817, -0.000380215758923, 0.00229041767307, -0.00068546156399, -0.00997930299491, 0.0234301500022, -0.0143151758239, 0.00637155445293], [-7.92176651885e-05, 0.00111576821655, -0.00214042863809, -0.000880220381077, 0.00175910361577, -0.00236316164955, 0.00103550881613, 3.88640655729e-05, 0.00356803927571, 0.002139166696, -0.0143151758239, 0.0279531609267, -0.0133652174845], [0.000169322869624, -0.00075276743155, 0.00186897907406, 0.000326776294969, 0.000461943243863, -0.000143125114846, -0.00365684344433, 0.00235377717763, -0.00177117111161, -0.00153781299014, 0.00637155445293, -0.0133652174845, 0.0199234317988]]
    },
    "melbands": {
        "dmean": [0.000243157250225, 0.000597305945121, 0.000293916935334, 0.000382348225685, 0.000209633639315, 0.000151470478158, 9.88298197626e-05, 0.000159710150911, 0.000207961566048, 7.40728792152e-05, 3.44782347383e-05, 3.73711809516e-05, 2.17883389269e-05, 1.52110924319e-05, 1.81572395377e-05, 8.61694479681e-06, 1.4526135601e-05, 1.34641850309e-05, 1.7091688278e-05, 1.37228098538e-05, 9.95872323983e-06, 5.8013843045e-06, 3.81795234716e-06, 3.8546718315e-06, 3.18552156386e-06, 3.93203617932e-06, 6.32926457911e-06, 5.21799847775e-06, 4.57482565253e-06, 2.95326094601e-06, 1.43331340041e-06, 6.92084768161e-07, 9.345332046e-07, 1.28035526359e-06, 1.54755753101e-06, 2.25334929382e-06, 1.54424037646e-06, 1.44568639371e-06, 1.23449001421e-06, 1.11889721666e-06],
        "dmean2": [0.000386193889426, 0.000902504194528, 0.000491746526677, 0.000664904015139, 0.000332121155225, 0.000240531706368, 0.000150544481585, 0.00024529491202, 0.000311251817038, 0.000103030070022, 5.1063245337e-05, 5.22546142747e-05, 3.07701884594e-05, 2.19031753659e-05, 2.6736252039e-05, 1.31960887302e-05, 2.09419813473e-05, 1.97203844436e-05, 2.49336553679e-05, 1.90342834685e-05, 1.41663085742e-05, 8.52234825288e-06, 5.42015914107e-06, 6.00096018388e-06, 4.79401705888e-06, 5.89158935327e-06, 9.14827251108e-06, 7.35263984097e-06, 6.45756563245e-06, 4.33131071986e-06, 2.16092848859e-06, 1.09097277345e-06, 1.49138077177e-06, 2.07100970329e-06, 2.4713926905e-06, 3.5007653878e-06, 2.44156831286e-06, 2.26782799473e-06, 1.92517859432e-06, 1.74244826212e-06],
        "dvar": [2.13832450413e-07, 1.337393428e-06, 4.82244900013e-07, 8.4407815848e-07, 2.71349961167e-07, 1.05965398234e-07, 4.66208440741e-08, 1.601616475e-07, 3.33106044081e-07, 6.4624337881e-08, 1.09427915618e-08, 1.63811009202e-08, 3.80656395293e-09, 2.08508876831e-09, 7.68680052943e-09, 5.53348589172e-10, 2.24617835443e-09, 2.06869699149e-09, 4.54110793413e-09, 2.64515831461e-09, 1.10250342189e-09, 3.23707061156e-10, 1.86952536785e-10, 6.27655774577e-11, 3.88877333113e-11, 8.65364307989e-11, 3.02495972715e-10, 2.87630974594e-10, 1.87716370226e-10, 7.78796749312e-11, 2.57749828425e-11, 2.53175323588e-12, 2.34341452493e-12, 5.5312872338e-12, 1.00912646295e-11, 1.50247644187e-11, 8.19869346025e-12, 7.09909084642e-12, 6.1698979259e-12, 6.07166053546e-12],
        "dvar2": [5.55518511192e-07, 2.94665483125e-06, 1.29448847019e-06, 2.44427019425e-06, 6.78832407175e-07, 2.55432013319e-07, 9.31709749352e-08, 3.32852778229e-07, 6.6207638838e-07, 1.07174955133e-07, 2.27619736393e-08, 2.58365595585e-08, 6.51519149741e-09, 3.81863518584e-09, 1.56250230532e-08, 1.1901889474e-09, 4.15042622492e-09, 3.90052967703e-09, 7.77727215961e-09, 4.12903222724e-09, 1.90713178583e-09, 6.19071627295e-10, 2.99566871309e-10, 1.42407849402e-10, 7.93555013368e-11, 1.74964737143e-10, 5.88022519565e-10, 5.22371534917e-10, 3.58947760404e-10, 1.60161509055e-10, 6.28367496924e-11, 6.0725617243e-12, 5.45972511992e-12, 1.30528842943e-11, 2.31608985463e-11, 3.30523837466e-11, 1.86756131393e-11, 1.56283128799e-11, 1.40873770982e-11, 1.41670624884e-11],
        "max": [0.00962832197547, 0.0197782553732, 0.0180650334805, 0.0139317121357, 0.0128072509542, 0.00685584265739, 0.00547237880528, 0.0125439930707, 0.0113204997033, 0.00791761558503, 0.00343599240296, 0.00397171080112, 0.00136897712946, 0.00125324178953, 0.00369868031703, 0.00084164418513, 0.00252818851732, 0.00260164192878, 0.00166305107996, 0.00197152304463, 0.000938697718084, 0.00055131939007, 0.000656107324176, 0.000159589806572, 0.00012675463222, 0.000297119870083, 0.000484858406708, 0.000544398324564, 0.000398181407945, 0.000335742399329, 0.000246859272011, 4.5821776439e-05, 3.74033261323e-05, 4.58627218904e-05, 8.64005996846e-05, 8.67388516781e-05, 5.01340000483e-05, 6.02771397098e-05, 0.000101332247141, 8.93163160072e-05],
        "mean": [0.000427195074735, 0.00101652462035, 0.000419239135226, 0.000520984292962, 0.000428561441367, 0.000302629283397, 0.0002512082865, 0.000378188706236, 0.000477191031678, 0.000195280532353, 7.86960372352e-05, 8.79657600308e-05, 5.37377272849e-05, 3.20361796184e-05, 3.48717039742e-05, 1.93433825189e-05, 3.78569311579e-05, 3.07371446979e-05, 4.10561187891e-05, 3.40066071658e-05, 2.45617047767e-05, 1.25776832647e-05, 7.84185158409e-06, 8.16965075501e-06, 7.8223483797e-06, 9.58816053753e-06, 1.57862396009e-05, 1.36517764986e-05, 1.17570280054e-05, 6.77544585415e-06, 3.07982736558e-06, 1.48180936321e-06, 2.01698412639e-06, 2.56185899161e-06, 3.09158758682e-06, 4.69428232464e-06, 2.99496514344e-06, 3.14352200803e-06, 2.6383745535e-06, 2.20159267883e-06],
        "median": [0.000162495678524, 0.00041066139238, 0.000170737941517, 0.000147512910189, 7.1462993219e-05, 7.52401392674e-05, 5.3227020544e-05, 3.44166182913e-05, 2.64488771791e-05, 8.00519592303e-06, 8.69233372214e-06, 6.61277317704e-06, 3.59670571015e-06, 4.28267503594e-06, 4.20166907134e-06, 3.07018171952e-06, 5.01441172673e-06, 5.21824995303e-06, 3.40217343364e-06, 3.32489980792e-06, 3.07302434521e-06, 2.6341431294e-06, 1.82852568287e-06, 3.37569190378e-06, 3.18776938002e-06, 3.53563655153e-06, 3.54566327587e-06, 2.62821868091e-06, 1.8782720872e-06, 1.74801402864e-06, 1.08610163352e-06, 7.37196785394e-07, 1.27408770823e-06, 1.388751798e-06, 1.57841054715e-06, 2.7751361813e-06, 1.5550781427e-06, 1.75047091489e-06, 1.45300305121e-06, 1.09476491161e-06],
        "min": [1.27609187004e-24, 9.80088282825e-25, 9.06167775879e-25, 6.77597152832e-25, 1.84599881038e-24, 1.6593529397e-24, 2.14031512273e-24, 1.27242337101e-24, 1.20184073176e-24, 2.01896070537e-24, 1.04304007332e-24, 2.20819975906e-24, 1.42807489672e-24, 2.29325178364e-24, 2.13261327649e-24, 2.68746746886e-24, 2.20740971487e-24, 3.28067726174e-24, 2.5347568166e-24, 3.47361410093e-24, 3.46579491163e-24, 3.41480885918e-24, 3.7452772863e-24, 2.46233642728e-24, 3.48602840499e-24, 4.23188692455e-24, 4.58354612774e-24, 3.27960934129e-24, 3.10761597028e-24, 4.61152978506e-24, 4.51143832454e-24, 4.62974221678e-24, 4.49024478746e-24, 5.00569557484e-24, 5.26547575396e-24, 5.29528996302e-24, 4.88518208321e-24, 5.71136597001e-24, 6.01488375316e-24, 6.05326538608e-24],
        "var": [4.46238715313e-07, 2.87729562842e-06, 6.02189913934e-07, 9.03242664663e-07, 7.18186527138e-07, 3.16723230753e-07, 2.05591163649e-07, 6.36161757939e-07, 1.35456127737e-06, 3.38507334163e-07, 4.5051972819e-08, 6.97937068139e-08, 1.86558697379e-08, 7.9403363884e-09, 1.33160007465e-08, 2.13270112681e-09, 1.12409104247e-08, 6.50308695782e-09, 1.78138446216e-08, 1.32598900748e-08, 5.32196420266e-09, 1.10806319675e-09, 6.64241217585e-10, 1.57998364392e-10, 1.42048803276e-10, 3.16939724465e-10, 1.35886990549e-09, 1.4407386395e-09, 9.54404444364e-10, 2.55692716999e-10, 5.18700048191e-11, 6.34233811303e-12, 6.43092783886e-12, 1.27573420577e-11, 2.50501026172e-11, 3.60723569071e-11, 1.68836836872e-11, 1.82084798628e-11, 1.24447518263e-11, 1.09469837709e-11]
    },
    "mfcc": {
        "mean": [-668.714904785, 75.1526794434, 30.3110561371, 18.8425998688, 9.06304931641, -3.10150623322, -0.232284575701, -3.03482174873, -3.72432208061, 9.00656223297, -3.5367410183, 1.00782310963, 0.285205155611],
        "cov": [[10430.7119141, 1303.97619629, -712.853271484, 110.365455627, -271.814666748, -239.581817627, -44.7444267273, -402.536407471, -13.4175567627, 204.756286621, -203.749557495, 25.2179603577, 48.3313217163], [1303.97619629, 725.322265625, 66.5914916992, 13.6704969406, -20.8950538635, -37.1261940002, -4.35380458832, -49.9136581421, -60.6183166504, -0.798536658287, -1.87540388107, -52.232006073, -66.6210174561], [-712.853271484, 66.5914916992, 1145.6159668, 78.657333374, 284.321533203, 106.069320679, -9.57365894318, 267.118560791, -61.5034751892, -69.8518218994, 94.948890686, -50.078918457, -70.1606750488], [110.365455627, 13.6704969406, 78.657333374, 240.782791138, 102.08769989, 55.8508987427, 50.3324012756, 37.0822257996, 34.6599235535, 18.4263038635, 29.4050502777, 49.0547943115, 10.7773723602], [-271.814666748, -20.8950538635, 284.321533203, 102.08769989, 200.884643555, 89.1677856445, 44.3022117615, 96.5614852905, 2.49442982674, 5.35815620422, 34.0278015137, 20.9754371643, 27.8868846893], [-239.581817627, -37.1261940002, 106.069320679, 55.8508987427, 89.1677856445, 124.799911499, 63.3445777893, 52.5171279907, 32.1899604797, 0.852354705334, 5.78273200989, 25.8562641144, 34.5572929382], [-44.7444267273, -4.35380458832, -9.57365894318, 50.3324012756, 44.3022117615, 63.3445777893, 94.5174789429, 34.6821899414, 23.2838191986, 19.1608448029, 10.7062759399, 20.0102329254, 24.179145813], [-402.536407471, -49.9136581421, 267.118560791, 37.0822257996, 96.5614852905, 52.5171279907, 34.6821899414, 145.763763428, 24.2194843292, -1.01483285427, 37.9452667236, -4.01468706131, -5.47200584412], [-13.4175567627, -60.6183166504, -61.5034751892, 34.6599235535, 2.49442982674, 32.1899604797, 23.2838191986, 24.2194843292, 127.112472534, 59.5244903564, -6.77874183655, 33.0964622498, 40.164604187], [204.756286621, -0.798536658287, -69.8518218994, 18.4263038635, 5.35815620422, 0.852354705334, 19.1608448029, -1.01483285427, 59.5244903564, 114.125679016, 34.4539260864, 18.3575153351, 33.3045539856], [-203.749557495, -1.87540388107, 94.948890686, 29.4050502777, 34.0278015137, 5.78273200989, 10.7062759399, 37.9452667236, -6.77874183655, 34.4539260864, 98.0906829834, 25.0589733124, -23.3974494934], [25.2179603577, -52.232006073, -50.078918457, 49.0547943115, 20.9754371643, 25.8562641144, 20.0102329254, -4.01468706131, 33.0964622498, 18.3575153351, 25.0589733124, 110.726081848, 70.8839035034], [48.3313217163, -66.6210174561, -70.1606750488, 10.7773723602, 27.8868846893, 34.5572929382, 24.179145813, -5.47200584412, 40.164604187, 33.3045539856, -23.3974494934, 70.8839035034, 168.270050049]],
