{
"lowlevel": {
    "average_loudness": 0.25691318512,
    "barkbands_crest": {
        "dmean": 2.87101364136,
        "dmean2": 4.60914802551,
        "dvar": 7.03379297256,
        "dvar2": 16.0883293152,
        "max": 26.1367912292,
        "mean": 11.9704799652,
        "median": 11.1864433289,
        "min": 2.28540372849,
        "var": 25.4445495605
    },
    "barkbands_flatness_db": {
        "dmean": 0.029248341918,
        "dmean2": 0.0438777543604,
        "dvar": 0.000927060027607,
        "dvar2": 0.00201742281206,
        "max": 0.547681510448,
        "mean": 0.155614838004,
        "median": 0.125290691853,
        "min": 0.0153507543728,
        "var": 0.00892812106758
    },
    "barkbands_kurtosis": {
        "dmean": 12.174577713,
        "dmean2": 19.2713851929,
        "dvar": 1180.67871094,
        "dvar2": 2797.29882812,
        "max": 1636.41796875,
        "mean": 19.5152568817,
        "median": 2.95762777328,
        "min": -1.93167078495,
        "var": 2635.80249023
    },
    "barkbands_skewness": {
        "dmean": 0.935979008675,
        "dmean2": 1.44696867466,
        "dvar": 1.52357590199,
        "dvar2": 3.53598999977,
        "max": 29.3914108276,
        "mean": 2.421179533,
        "median": 1.80889964104,
        "min": -2.57794880867,
        "var": 5.91632556915
    },
    "barkbands_spread": {
        "dmean": 8.0685634613,
        "dmean2": 12.7209634781,
        "dvar": 122.243995667,
        "dvar2": 286.793212891,
        "max": 127.675376892,
        "mean": 25.7768249512,
        "median": 21.7393836975,
        "min": 0.10347738117,
        "var": 448.925323486
    },
    "dissonance": {
        "dmean": 0.0206937491894,
        "dmean2": 0.0340332686901,
        "dvar": 0.000445397075964,
        "dvar2": 0.0011226880597,
        "max": 0.500000059605,
        "mean": 0.454775869846,
        "median": 0.464428901672,
        "min": 0.186880737543,
        "var": 0.00138411216903
    },
    "dynamic_complexity": 6.41244125366,
    "erbbands_crest": {
        "dmean": 2.82372617722,
        "dmean2": 4.48095798492,
        "dvar": 8.00430297852,
        "dvar2": 18.7073764801,
        "max": 33.544631958,
        "mean": 10.7751598358,
        "median": 9.50343513489,
        "min": 2.10993909836,
        "var": 29.9850788116
    },
    "erbbands_flatness_db": {
        "dmean": 0.0221101418138,
        "dmean2": 0.0317529551685,
        "dvar": 0.000543858448509,
        "dvar2": 0.00101210991852,
        "max": 0.385980278254,
        "mean": 0.140689998865,
        "median": 0.127833351493,
        "min": 0.0313782244921,
        "var": 0.00347828562371
    },
    "erbbands_kurtosis": {
        "dmean": 2.80211043358,
        "dmean2": 4.17271947861,
        "dvar": 48.3222579956,
        "dvar2": 99.3107452393,
        "max": 187.851959229,
        "mean": 3.93589425087,
        "median": -0.0513341426849,
        "min": -1.80969548225,
        "var": 148.169296265
    },
    "erbbands_skewness": {
        "dmean": 0.520019948483,
        "dmean2": 0.77729177475,
        "dvar": 0.391928166151,
        "dvar2": 0.819945573807,
        "max": 10.8186349869,
        "mean": 0.917607963085,
        "median": 0.54566180706,
        "min": -2.21629047394,
        "var": 2.5644505024
    },
    "erbbands_spread": {
        "dmean": 11.572136879,
        "dmean2": 17.6233520508,
        "dvar": 169.498046875,
        "dvar2": 361.214416504,
        "max": 162.606719971,
        "mean": 49.7559547424,
        "median": 47.4372901917,
        "min": 1.29948759079,
        "var": 853.036376953
    },
    "hfc": {
        "dmean": 5.34466791153,
        "dmean2": 7.78043556213,
        "dvar": 123.612365723,
        "dvar2": 285.631591797,
        "max": 251.964904785,
        "mean": 12.8951387405,
        "median": 6.70739603043,
        "min": 1.11263931846e-16,
        "var": 292.61227417
    },
    "melbands_crest": {
        "dmean": 3.53754901886,
        "dmean2": 5.75826883316,
        "dvar": 9.41662311554,
        "dvar2": 23.2122707367,
        "max": 33.0923347473,
        "mean": 16.7164230347,
        "median": 16.3615722656,
        "min": 1.73628330231,
        "var": 32.8690223694
    },
    "melbands_flatness_db": {
        "dmean": 0.033649072051,
        "dmean2": 0.0511760599911,
        "dvar": 0.00126130681019,
        "dvar2": 0.00276446249336,
        "max": 0.694291770458,
        "mean": 0.227134913206,
        "median": 0.189015582204,
        "min": 0.00459503708407,
        "var": 0.0140685169026
    },
    "melbands_kurtosis": {
        "dmean": 20.8684501648,
        "dmean2": 33.4038772583,
        "dvar": 1465.56640625,
        "dvar2": 3590.35839844,
        "max": 716.075378418,
        "mean": 37.5225982666,
        "median": 17.2960891724,
        "min": -1.59712684155,
        "var": 3517.69726562
    },
    "melbands_skewness": {
        "dmean": 1.19161093235,
        "dmean2": 1.83566713333,
        "dvar": 1.95159506798,
        "dvar2": 4.4692440033,
        "max": 20.0918178558,
        "mean": 3.72341799736,
        "median": 3.32609963417,
        "min": -1.97207713127,
        "var": 6.79028558731
    },
    "melbands_spread": {
        "dmean": 7.09769630432,
        "dmean2": 11.1333627701,
        "dvar": 99.614112854,
        "dvar2": 224.132995605,
        "max": 169.712188721,
        "mean": 21.1142063141,
        "median": 16.9830150604,
        "min": 0.266884297132,
        "var": 374.859069824
    },
    "pitch_salience": {
        "dmean": 0.0869127213955,
        "dmean2": 0.140296399593,
        "dvar": 0.00669327983633,
        "dvar2": 0.0164679326117,
        "max": 0.90349894762,
        "mean": 0.50699532032,
        "median": 0.521625161171,
        "min": 0.0439143255353,
        "var": 0.0192361567169
    },
    "silence_rate_20dB": {
        "dmean": 0.000354295829311,
        "dmean2": 0.000708623032551,
        "dvar": 0.000354105519364,
        "dvar2": 0.00106217327993,
        "max": 1,
        "mean": 0.999822854996,
        "median": 1,
        "min": 0,
        "var": 0.000177093010279
    },
    "silence_rate_30dB": {
        "dmean": 0.022497786209,
        "dmean2": 0.0449975654483,
        "dvar": 0.0219977125525,
        "dvar2": 0.0494334846735,
        "max": 1,
        "mean": 0.977104663849,
        "median": 1,
        "min": 0,
        "var": 0.0223673656583
    },
    "silence_rate_60dB": {
        "dmean": 0.0788308233023,
        "dmean2": 0.157668635249,
        "dvar": 0.072624348104,
        "dvar2": 0.152407243848,
        "max": 1,
        "mean": 0.317789286375,
        "median": 0,
        "min": 0,
        "var": 0.216790437698
    },
    "spectral_centroid": {
        "dmean": 268.167999268,
        "dmean2": 412.906341553,
        "dvar": 106463.351562,
        "dvar2": 224130.421875,
        "max": 11568.0087891,
        "mean": 1284.85595703,
        "median": 1237.61218262,
        "min": 93.0018692017,
        "var": 656865.75
    },
    "spectral_complexity": {
        "dmean": 2.08007097244,
        "dmean2": 3.12511634827,
        "dvar": 8.1398601532,
        "dvar2": 14.981880188,
        "max": 55,
        "mean": 8.26407146454,
        "median": 7,
        "min": 0,
        "var": 45.5611572266
    },
    "spectral_decrease": {
        "dmean": 2.39241026989e-09,
        "dmean2": 3.73204178672e-09,
        "dvar": 5.48472527629e-17,
        "dvar2": 1.3383733342e-16,
        "max": 9.71670313654e-11,
        "mean": -3.7985810053e-09,
        "median": -1.63658042673e-09,
        "min": -1.23034737953e-07,
        "var": 6.46343644351e-17
    },
    "spectral_energy": {
        "dmean": 0.00939880497754,
        "dmean2": 0.0145800579339,
        "dvar": 0.00081774732098,
        "dvar2": 0.00198889267631,
        "max": 0.47468945384,
        "mean": 0.0155064584687,
        "median": 0.00689146714285,
        "min": 1.02241308935e-20,
        "var": 0.000988430110738
    },
    "spectral_energyband_high": {
        "dmean": 0.000247192016104,
        "dmean2": 0.00035987602314,
        "dvar": 3.37180750876e-07,
        "dvar2": 8.25727227038e-07,
        "max": 0.0163333490491,
        "mean": 0.000558598665521,
        "median": 0.000304991728626,
        "min": 7.41417735006e-21,
        "var": 6.66899495627e-07
    },
    "spectral_energyband_low": {
        "dmean": 0.00204442464747,
        "dmean2": 0.0032868925482,
        "dvar": 6.85468548909e-05,
        "dvar2": 0.000163917531609,
        "max": 0.221239969134,
        "mean": 0.0027239639312,
        "median": 0.000880050531123,
        "min": 4.35972183424e-23,
        "var": 9.09887385205e-05
    },
    "spectral_energyband_middle_high": {
        "dmean": 0.000954095157795,
        "dmean2": 0.0013275136007,
        "dvar": 5.33867023478e-06,
        "dvar2": 8.89710008778e-06,
        "max": 0.104990400374,
        "mean": 0.00268549984321,
        "median": 0.00054044573335,
        "min": 1.32278044415e-21,
        "var": 2.52527261182e-05
    },
    "spectral_energyband_middle_low": {
        "dmean": 0.0078439200297,
        "dmean2": 0.0124028502032,
        "dvar": 0.000736514222808,
        "dvar2": 0.00181036430877,
        "max": 0.466429114342,
        "mean": 0.0104572474957,
        "median": 0.00306459749117,
        "min": 1.91917387927e-22,
        "var": 0.000780487898737
    },
    "spectral_entropy": {
        "dmean": 0.249678730965,
        "dmean2": 0.364426374435,
        "dvar": 0.076098933816,
        "dvar2": 0.150981098413,
        "max": 9.82003116608,
        "mean": 7.40038919449,
        "median": 7.62697553635,
        "min": 4.2221288681,
        "var": 0.624725222588
    },
    "spectral_flux": {
        "dmean": 0.0267347171903,
        "dmean2": 0.0438300222158,
        "dvar": 0.00212826649658,
        "dvar2": 0.00536110904068,
        "max": 0.636897742748,
        "mean": 0.0575920753181,
        "median": 0.0388929992914,
        "min": 6.47701545176e-11,
        "var": 0.00366665562615
    },
    "spectral_kurtosis": {
        "dmean": 1.27962481976,
        "dmean2": 1.94937551022,
        "dvar": 5.48829030991,
        "dvar2": 11.3341445923,
        "max": 63.4153213501,
        "mean": 4.4327712059,
        "median": 3.01928091049,
        "min": -1.2268242836,
        "var": 25.4721164703
    },
    "spectral_rms": {
        "dmean": 0.000839918793645,
        "dmean2": 0.00122591201216,
        "dvar": 2.23717984227e-06,
        "dvar2": 4.94379128213e-06,
        "max": 0.0215200297534,
        "mean": 0.00305980583653,
        "median": 0.00259294873103,
        "min": 3.15828461474e-12,
        "var": 5.76580578127e-06
    },
    "spectral_rolloff": {
        "dmean": 910.475097656,
        "dmean2": 1550.11047363,
        "dvar": 3746031.5,
        "dvar2": 9601480,
        "max": 19250.6835938,
        "mean": 1914.11791992,
        "median": 1076.66015625,
        "min": 86.1328125,
        "var": 6178833.5
    },
    "spectral_skewness": {
        "dmean": 0.195931240916,
        "dmean2": 0.291560560465,
        "dvar": 0.0712985098362,
        "dvar2": 0.133983105421,
        "max": 6.84163141251,
        "mean": 1.65676355362,
        "median": 1.45950007439,
        "min": -0.0844518169761,
        "var": 0.536626160145
    },
    "spectral_spread": {
        "dmean": 712586.125,
        "dmean2": 1086948,
        "dvar": 741397954560,
        "dvar2": 1.50858327654e+12,
        "max": 41175904,
        "mean": 6379332,
        "median": 6306045.5,
        "min": 1460335.875,
        "var": 3.89186034074e+12
    },
    "spectral_strongpeak": {
        "dmean": 0.422157019377,
        "dmean2": 0.669157862663,
        "dvar": 0.638582706451,
        "dvar2": 1.40684664249,
        "max": 15.0357503891,
        "mean": 0.922394812107,
        "median": 0.384275496006,
        "min": 0,
        "var": 1.91280138493
    },
    "zerocrossingrate": {
        "dmean": 0.0155630894005,
        "dmean2": 0.0187310855836,
        "dvar": 0.000320198887493,
        "dvar2": 0.000449941173429,
        "max": 0.5166015625,
        "mean": 0.0810906291008,
        "median": 0.0751953125,
        "min": 0.0029296875,
        "var": 0.00301335006952
    },
    "barkbands": {
        "dmean": [4.36395748693e-06, 0.000440287112724, 0.00108737905975, 0.00212560151704, 0.00499693769962, 0.000476129120216, 0.000536736624781, 0.000431384018157, 0.00041533599142, 0.000193615298485, 0.00011006857676, 0.000179834387382, 0.00017789764388, 0.000145457044709, 9.9396238511e-05, 0.000138353469083, 0.000152324442752, 9.42185797612e-05, 7.92124628788e-05, 5.64273577766e-05, 4.40248877567e-05, 2.5741477657e-05, 2.09971985896e-05, 2.62957564701e-05, 4.16147813667e-05, 4.0020866436e-05, 7.66115263104e-05],
        "dmean2": [7.26614825908e-06, 0.000721240590792, 0.00177825381979, 0.00366544839926, 0.00800461973995, 0.000744198972825, 0.000804575742222, 0.00064555258723, 0.000605493201874, 0.000269345007837, 0.000160009454703, 0.000252154917689, 0.00025439800811, 0.000211339851376, 0.000145518482896, 0.000205466451007, 0.000221430280362, 0.000141875891131, 0.000122251629364, 8.23285445222e-05, 6.63505124976e-05, 3.85157181881e-05, 3.13911114063e-05, 3.98959855374e-05, 6.01653227932e-05, 5.59417749173e-05, 0.000138540533953],
        "dvar": [9.74272468257e-11, 2.04146067517e-06, 1.88864451047e-05, 6.02595500823e-05, 0.000407985702623, 1.35381003474e-06, 2.56694033851e-06, 1.74270201114e-06, 2.53232019531e-06, 6.74998489103e-07, 3.04815614527e-07, 9.30105727548e-07, 5.06594005856e-07, 3.53102819872e-07, 1.28343927486e-07, 2.71739168056e-07, 3.30322734499e-07, 7.25484383679e-08, 2.44088020906e-08, 1.92266274013e-08, 7.80219089336e-09, 3.14095816023e-09, 1.60970992091e-09, 2.64903210478e-09, 8.75119265942e-09, 1.22614967069e-08, 1.0934832062e-07],
        "dvar2": [2.53534360173e-10, 5.20073581356e-06, 4.78690635646e-05, 0.000155654954142, 0.00100725446828, 3.23084418596e-06, 5.3915546232e-06, 3.41157488037e-06, 4.3959089453e-06, 1.02917522327e-06, 5.33699846983e-07, 1.37348411045e-06, 8.76500621416e-07, 6.25100994966e-07, 2.51362877179e-07, 5.29683745754e-07, 6.12964754509e-07, 1.45982724575e-07, 5.37770574738e-08, 3.61753365041e-08, 1.63241100637e-08, 6.12375394837e-09, 3.43158323979e-09, 5.91050808296e-09, 1.85902067074e-08, 2.77329750276e-08, 3.0850307553e-07],
        "max": [0.000455047440482, 0.0399737022817, 0.112025603652, 0.170963451266, 0.36012712121, 0.0291718766093, 0.0653530731797, 0.0361337736249, 0.0444138720632, 0.0726862326264, 0.0323474258184, 0.0963641181588, 0.0283427126706, 0.0264031998813, 0.0122232660651, 0.0192833505571, 0.0238914247602, 0.00852654501796, 0.00524750398472, 0.00569960754365, 0.00411802623421, 0.0033727735281, 0.00155738054309, 0.00140952889342, 0.00246834545396, 0.00322347483598, 0.0103771276772],
        "mean": [5.71025293539e-06, 0.000595315243118, 0.00130696687847, 0.00189979351126, 0.00501768058166, 0.000850556476507, 0.000903805426788, 0.000750058563426, 0.000854387122672, 0.000409014959587, 0.000194856387679, 0.000353494484443, 0.000372736569261, 0.000292730343062, 0.000174857093953, 0.000261699839029, 0.000297554710414, 0.000182275893167, 0.000169009363162, 0.000127262377646, 0.000105326435005, 5.9273406805e-05, 5.08657140017e-05, 6.17377227172e-05, 9.52457266976e-05, 6.4560372266e-05, 4.94138475915e-05],
        "median": [2.33839659813e-06, 0.000150503474288, 0.000329939619405, 0.000232730511925, 0.000312756339554, 0.000107872656372, 0.00013753969688, 7.863718929e-05, 3.94687122025e-05, 1.12792240543e-05, 8.27966596262e-06, 1.1831165466e-05, 1.69776685652e-05, 1.66478948813e-05, 1.57163849508e-05, 1.99109217647e-05, 3.56695345545e-05, 4.61805611849e-05, 7.70928672864e-05, 3.90455243178e-05, 5.71944801777e-05, 3.28565802192e-05, 2.8195880077e-05, 3.76614370907e-05, 4.8448004236e-05, 2.14373085328e-05, 1.29994157305e-06],
        "min": [9.03129182279e-25, 4.86867398547e-24, 4.76634768201e-24, 6.42817665888e-24, 7.15476646196e-24, 9.15790597023e-24, 1.8215584007e-23, 1.21662388652e-23, 2.89576260157e-23, 2.56154306196e-23, 1.7370546739e-23, 4.51814088122e-23, 4.33833392183e-23, 7.5918376864e-23, 6.09683772375e-23, 8.40138568e-23, 4.70254532197e-23, 1.63537454219e-22, 1.46530875279e-22, 1.95723887919e-22, 3.5967753253e-22, 3.48465054898e-22, 4.42773817879e-22, 6.69195678878e-22, 9.80790637244e-22, 1.426372598e-21, 2.2411218734e-21],
        "var": [1.21190987801e-10, 3.06708898279e-06, 2.08448072954e-05, 5.828688154e-05, 0.000395322102122, 3.49911783815e-06, 5.67875986235e-06, 4.93731295137e-06, 9.65488561633e-06, 3.85174234907e-06, 1.00721763374e-06, 4.03696958529e-06, 2.23605752581e-06, 1.34578488087e-06, 3.17822923535e-07, 9.44272755987e-07, 1.12396253371e-06, 1.92609832084e-07, 6.73602613688e-08, 7.49532560462e-08, 2.85140817624e-08, 8.95701646186e-09, 5.75816150317e-09, 6.51265175122e-09, 2.07051922274e-08, 1.81241599506e-08, 6.54982130754e-08]
    },
    "erbbands": {
        "dmean": [0.00606122193858, 0.129172891378, 0.900622367859, 4.38461828232, 19.8934059143, 10.6466379166, 4.51008176804, 3.81917309761, 6.71446609497, 8.86266803741, 9.0326461792, 9.74833297729, 6.80742359161, 4.87549686432, 4.58498096466, 7.76620006561, 7.85082149506, 8.04578208923, 4.77233552933, 6.28467750549, 7.25513935089, 7.1999578476, 5.15471124649, 4.09461784363, 3.42782354355, 2.76203989983, 1.96324265003, 1.55271220207, 0.898766100407, 0.807769417763, 0.613066315651, 0.523209512234, 0.51450496912, 0.457168400288, 0.316185981035, 0.115652613342, 0.0808051154017, 0.0682957917452, 0.0146309621632, 0.000326181732817],
        "dmean2": [0.00909631792456, 0.211073026061, 1.45422387123, 7.35988855362, 32.9052238464, 17.0383548737, 7.00406360626, 5.88147878647, 10.0174016953, 13.4362335205, 13.3495368958, 14.0503816605, 9.75715637207, 6.91248989105, 6.68138456345, 10.7428808212, 11.1188077927, 11.5296936035, 6.87065124512, 9.25636672974, 10.596783638, 10.4980554581, 7.63023662567, 6.23527956009, 5.24826812744, 4.00987005234, 2.90642786026, 2.39125013351, 1.33954393864, 1.23171639442, 0.924649178982, 0.800013005733, 0.779156506062, 0.677573144436, 0.474706739187, 0.16615088284, 0.115533560514, 0.112636879086, 0.0269582066685, 0.000598529411945],
        "dvar": [0.000379167729989, 0.177292525768, 11.4524326324, 268.088409424, 7124.36914062, 1620.22583008, 162.418930054, 97.4724502563, 333.858184814, 907.503356934, 944.802856445, 1437.61328125, 805.630737305, 440.114379883, 437.483398438, 1924.73132324, 836.058105469, 946.562988281, 208.533325195, 557.227294922, 742.669433594, 722.557189941, 248.802154541, 83.3874130249, 46.9548492432, 55.7590522766, 18.7823371887, 9.08697128296, 3.81039881706, 2.44570755959, 1.38294041157, 1.05515801907, 1.03218388557, 0.926540017128, 0.568244874477, 0.0830715447664, 0.0527074076235, 0.0718891620636, 0.00413291156292, 1.80700408237e-06],
        "dvar2": [0.000699947122484, 0.459452867508, 29.0674991608, 653.506774902, 18225.7675781, 4067.68701172, 375.287872314, 227.356994629, 747.002868652, 1753.49621582, 1842.19897461, 2432.50976562, 1287.3840332, 725.741516113, 772.214477539, 2620.5534668, 1429.61376953, 1729.57141113, 379.950714111, 1160.1307373, 1418.94921875, 1319.50366211, 475.317321777, 181.53767395, 100.742935181, 104.089851379, 38.3000335693, 19.206829071, 7.65550136566, 5.37548351288, 2.99471187592, 2.4573366642, 2.2588801384, 1.97548091412, 1.26300561428, 0.184032380581, 0.120204143226, 0.192536070943, 0.01181570068, 5.16414911544e-06],
        "max": [0.921248376369, 9.77453231812, 90.4195480347, 429.727020264, 1528.5123291, 810.358276367, 365.80569458, 219.399475098, 508.641906738, 1377.53125, 869.141601562, 1268.01989746, 2786.51391602, 1037.66748047, 1169.84973145, 4618.53369141, 1126.46765137, 1276.68811035, 535.79876709, 1203.92858887, 1296.59545898, 1413.14709473, 577.371765137, 376.515411377, 214.598403931, 391.26751709, 221.296798706, 136.334564209, 105.283828735, 58.2549057007, 45.0507965088, 33.5401649475, 27.317029953, 21.0914897919, 24.5643787384, 7.43276834488, 6.0536737442, 10.4144086838, 1.64724612236, 0.0375204086304],
        "mean": [0.00937332119793, 0.176003232598, 1.15834915638, 4.51449537277, 17.4419879913, 11.9257106781, 7.4571723938, 6.94005489349, 11.8158187866, 14.9289865494, 16.4938602448, 21.7665576935, 15.4823923111, 9.31221961975, 8.61703014374, 16.1644077301, 17.2175254822, 17.1961288452, 10.2166719437, 11.854186058, 15.9213027954, 14.7996397018, 10.5215473175, 8.78663063049, 7.76326560974, 6.24142742157, 4.76602745056, 3.57467007637, 2.10566043854, 1.87592613697, 1.47585630417, 1.17293608189, 1.18072247505, 1.03860616684, 0.663693547249, 0.237048432231, 0.126968383789, 0.0586084760725, 0.00904532335699, 0.00021724862745],
        "median": [0.00213515223004, 0.0518891960382, 0.347489893436, 0.858156502247, 0.94655919075, 0.987055361271, 0.937292158604, 1.02610504627, 1.72386622429, 3.03478598595, 1.90576028824, 1.31531894207, 0.892595231533, 0.654667198658, 0.715370893478, 0.94513297081, 1.40318667889, 1.58354151249, 1.18838441372, 1.51998519897, 1.40471339226, 2.49425816536, 2.28990197182, 3.46487641335, 3.53399419785, 1.75039625168, 2.27014708519, 1.95974957943, 1.13710176945, 1.0843616724, 0.820639967918, 0.693051636219, 0.708715736866, 0.557356536388, 0.311654895544, 0.104665063322, 0.038985144347, 0.00687692314386, 0.000219847948756, 2.15421314351e-05],
        "min": [1.48669672831e-22, 1.18036431784e-21, 4.04077486894e-21, 2.06671108358e-20, 1.29985568681e-20, 2.86841970315e-20, 3.92610291756e-20, 5.3437538088e-20, 1.60642933978e-19, 2.59350280152e-19, 4.48509994329e-19, 6.22502886687e-19, 1.16062476889e-18, 8.15429943265e-19, 1.40304566044e-18, 1.55025506494e-18, 2.20188137834e-18, 3.59761693351e-18, 4.58773889184e-18, 3.98441610051e-18, 4.81400753096e-18, 4.31517171307e-18, 8.22343839357e-18, 8.18768930186e-18, 1.02773460525e-17, 1.00437610009e-17, 1.20142996074e-17, 1.21370738898e-17, 1.32830226135e-17, 1.2835086941e-17, 1.16689508745e-17, 1.16939333834e-17, 1.11819830304e-17, 1.05729630326e-17, 6.50681321581e-18, 4.75474376239e-18, 2.74490828648e-18, 1.0419835978e-18, 2.87398527158e-19, 3.35539482381e-20],
        "var": [0.00109846750274, 0.240103244781, 12.9732685089, 315.820800781, 6109.42626953, 1685.25622559, 382.66003418, 239.886260986, 797.244689941, 2189.80029297, 2598.08911133, 6339.2890625, 4909.11914062, 1440.08093262, 1374.47131348, 9210.859375, 3673.92553711, 3474.63061523, 743.739501953, 1312.08581543, 3146.86743164, 2490.6730957, 727.14465332, 226.807495117, 140.899993896, 215.889358521, 69.0966567993, 31.0007991791, 11.6236839294, 6.63789892197, 4.84102630615, 2.51569056511, 2.48592972755, 2.24419856071, 1.16912806034, 0.159610390663, 0.0760863944888, 0.0530574508011, 0.00237432937138, 1.04992432171e-06]
    },
    "gfcc": {
        "mean": [-73.8065414429, 53.1713562012, -80.3348236084, 32.867389679, -55.593711853, 4.58558416367, -44.9793357849, 9.37990856171, -30.3378982544, 4.89496994019, -23.5254497528, -5.3382563591, -21.8906707764],
        "cov": [[16490.4765625, -2458.69458008, -3357.09545898, -1290.35693359, -993.727966309, -621.376281738, -576.692382812, 177.766738892, -339.973052979, 213.324188232, 13.7053279877, -3.35720348358, -110.740585327], [-2458.69458008, 1492.42871094, 668.046142578, 147.440582275, 204.232391357, 116.799194336, 89.4255599976, -176.914871216, -10.9144153595, -163.608673096, -9.62232589722, -9.80459308624, 87.1397171021], [-3357.09545898, 668.046142578, 1821.78210449, 472.776000977, 255.07572937, 65.2750778198, 178.194107056, -160.689865112, 7.02129173279, -108.704803467, -15.2907028198, -13.2246999741, 21.3503360748], [-1290.35693359, 147.440582275, 472.776000977, 486.171386719, 111.675895691, 71.1472854614, 10.9697980881, 28.0414886475, 8.98552703857, 2.64496707916, -21.4590358734, -9.43371009827, -5.11152696609], [-993.727966309, 204.232391357, 255.07572937, 111.675895691, 307.62902832, 117.102424622, 106.148193359, -14.7583036423, 75.8989105225, -52.649230957, -15.5961942673, -13.7633123398, 1.14580273628], [-621.376281738, 116.799194336, 65.2750778198, 71.1472854614, 117.102424622, 211.063110352, 90.5285186768, 56.2193527222, 36.613193512, 23.6280345917, -13.1536178589, 5.08909749985, -9.03800678253], [-576.692382812, 89.4255599976, 178.194107056, 10.9697980881, 106.148193359, 90.5285186768, 148.956512451, 34.2340965271, 54.9972190857, -13.5938444138, -2.73366332054, -16.9241580963, -5.81326198578], [177.766738892, -176.914871216, -160.689865112, 28.0414886475, -14.7583036423, 56.2193527222, 34.2340965271, 157.32131958, 64.008026123, 77.0859451294, 2.16107106209, -3.05844974518, -28.0802612305], [-339.973052979, -10.9144153595, 7.02129173279, 8.98552703857, 75.8989105225, 36.613193512, 54.9972190857, 64.008026123, 127.234436035, 36.6595840454, 7.39125394821, -12.5737085342, -15.9503698349], [213.324188232, -163.608673096, -108.704803467, 2.64496707916, -52.649230957, 23.6280345917, -13.5938444138, 77.0859451294, 36.6595840454, 138.06161499, 58.0209197998, 20.5847187042, -21.3216362], [13.7053279877, -9.62232589722, -15.2907028198, -21.4590358734, -15.5961942673, -13.1536178589, -2.73366332054, 2.16107106209, 7.39125394821, 58.0209197998, 102.556922913, 52.6781005859, 8.81174278259], [-3.35720348358, -9.80459308624, -13.2246999741, -9.43371009827, -13.7633123398, 5.08909749985, -16.9241580963, -3.05844974518, -12.5737085342, 20.5847187042, 52.6781005859, 94.3436584473, 39.4377670288], [-110.740585327, 87.1397171021, 21.3503360748, -5.11152696609, 1.14580273628, -9.03800678253, -5.81326198578, -28.0802612305, -15.9503698349, -21.3216362, 8.81174278259, 39.4377670288, 88.7529373169]],
        "icov": [[0.000138722869451, 0.000109655964479, 0.00014427806309, 0.00016845385835, -1.63858629776e-07, 0.000194682652364, 6.62815000396e-05, -0.000107933192339, 0.000356106902473, -5.72475510126e-05, 4.64519762318e-05, 6.56793781673e-05, 4.68901416752e-05], [0.000109655964479, 0.00123005604837, -0.000164136523381, 9.261068044e-05, 0.000229482422583, -0.00114063604269, 0.000570566160604, 0.000688616419211, -0.000351069436874, 0.00142848538235, -0.00127920461819, 0.00109954632353, -0.00097143749008], [0.00014427806309, -0.000164136523381, 0.00149891804904, -0.00123501196504, 6.76338167978e-05, 0.00113090896048, -0.00249496963806, 0.0019719498232, 0.000313654425554, -0.000964322243817, 0.00088808813598, -0.000854822981637, 0.000600615108851], [0.00016845385835, 9.261068044e-05, -0.00123501196504, 0.00422677723691, -0.00150153040886, -0.000702564080711, 0.00358643289655, -0.00349016743712, 0.00157336890697, 5.1596074627e-05, -0.00010828638915, 0.00104960030876, -0.000422196899308], [-1.63858629776e-07, 0.000229482422583, 6.76338167978e-05, -0.00150153040886, 0.00764909759164, -0.00364184239879, -0.0017599723069, 0.00320620997809, -0.00525689357892, 0.00406063394621, -0.00180725322571, 0.000339027988957, 0.000160793439136], [0.000194682652364, -0.00114063604269, 0.00113090896048, -0.000702564080711, -0.00364184239879, 0.0117064993829, -0.0065275891684, -0.00153492891695, 0.00413819914684, -0.00673342589289, 0.00654040463269, -0.00488378992304, 0.00202311645262], [6.62815000396e-05, 0.000570566160604, -0.00249496963806, 0.00358643289655, -0.0017599723069, -0.0065275891684, 0.0182400699705, -0.00690148724243, -0.00265936180949, 0.00692699989304, -0.00664533022791, 0.00593350082636, -0.00209220475517], [-0.000107933192339, 0.000688616419211, 0.0019719498232, -0.00349016743712, 0.00320620997809, -0.00153492891695, -0.00690148724243, 0.01803772524, -0.00618211226538, -0.00629742536694, 0.00474021257833, -0.00295173982158, 0.00178810232319], [0.000356106902473, -0.000351069436874, 0.000313654425554, 0.00157336890697, -0.00525689357892, 0.00413819914684, -0.00265936180949, -0.00618211226538, 0.0164409093559, -0.00532677397132, 0.00139114051126, 0.000974913709797, 0.000267022871412], [-5.72475510126e-05, 0.00142848538235, -0.000964322243817, 5.1596074627e-05, 0.00406063394621, -0.00673342589289, 0.00692699989304, -0.00629742536694, -0.00532677397132, 0.021943140775, -0.0141922282055, 0.0043161958456, 0.000289538671495], [4.64519762318e-05, -0.00127920461819, 0.00088808813598, -0.00010828638915, -0.00180725322571, 0.00654040463269, -0.00664533022791, 0.00474021257833, 0.00139114051126, -0.0141922282055, 0.0245933812112, -0.0134745202959, 0.00323414220475], [6.56793781673e-05, 0.00109954632353, -0.000854822981637, 0.00104960030876, 0.000339027988957, -0.00488378992304, 0.00593350082636, -0.00295173982158, 0.000974913709797, 0.0043161958456, -0.0134745202959, 0.022563457489, -0.00925474241376], [4.68901416752e-05, -0.00097143749008, 0.000600615108851, -0.000422196899308, 0.000160793439136, 0.00202311645262, -0.00209220475517, 0.00178810232319, 0.000267022871412, 0.000289538671495, 0.00323414220475, -0.00925474241376, 0.0166521929204]]
    },
    "melbands": {
        "dmean": [8.90276714927e-05, 0.000366018299246, 0.00120582710952, 0.00126369122881, 0.000167874706676, 8.72640666785e-05, 0.000102226615127, 9.50192625169e-05, 7.42367119528e-05, 6.09894050285e-05, 3.39936268574e-05, 2.04536863748e-05, 1.38513423735e-05, 1.95608263311e-05, 1.69635040947e-05, 1.9904682631e-05, 1.56694204634e-05, 8.55134840094e-06, 7.6698470366e-06, 1.07443984234e-05, 9.47889566305e-06, 9.47053013078e-06, 5.48646448806e-06, 3.96794803237e-06, 3.56046029992e-06, 3.14906696985e-06, 2.02571709451e-06, 2.0611976197e-06, 1.38208110911e-06, 1.19388641906e-06, 8.94139191132e-07, 5.496441986e-07, 5.21657341324e-07, 4.55532187971e-07, 3.8089001464e-07, 3.62350647265e-07, 3.2227256952e-07, 3.46487382785e-07, 4.40316654249e-07, 3.8394279045e-07],
        "dmean2": [0.000142718927236, 0.000588558905292, 0.00202999892645, 0.00203554914333, 0.000265403359663, 0.000133769222884, 0.000152044478455, 0.000143655925058, 0.00010949337593, 8.80227235029e-05, 4.86674252898e-05, 2.89989657176e-05, 2.02830597118e-05, 2.76123373624e-05, 2.36483901972e-05, 2.82114469883e-05, 2.24790019274e-05, 1.22996525533e-05, 1.1227601135e-05, 1.57159483933e-05, 1.37395354614e-05, 1.38695922942e-05, 8.10379333416e-06, 5.92245805819e-06, 5.48293428437e-06, 4.97500059282e-06, 3.04663944917e-06, 3.03593651552e-06, 2.07420498555e-06, 1.8450814423e-06, 1.40057522913e-06, 8.30591261547e-07, 8.08330980817e-07, 7.02716647538e-07, 5.85626366956e-07, 5.6280367744e-07, 5.03678222685e-07, 5.38239589787e-07, 6.74193643135e-07, 5.80845153308e-07],
        "dvar": [7.93284868905e-08, 1.86733495866e-06, 1.86033066711e-05, 2.70110140264e-05, 2.42359817548e-07, 4.58612028353e-08, 7.76705064709e-08, 9.39210451634e-08, 7.13281593789e-08, 5.69414879692e-08, 2.050731851e-08, 7.53556328448e-09, 4.11120382182e-09, 1.37431523939e-08, 4.44465353411e-09, 8.05834687867e-09, 4.31238822429e-09, 8.06051336788e-10, 9.56430268317e-10, 1.78484393931e-09, 1.64034419381e-09, 1.51303858331e-09, 3.16572490444e-10, 1.11783526879e-10, 7.23965262739e-11, 3.70557785845e-11, 2.28993733697e-11, 3.8597795099e-11, 1.03393864651e-11, 5.7859984165e-12, 3.30300565544e-12, 1.54725776462e-12, 1.08315711001e-12, 8.16747060609e-13, 5.58275973193e-13, 5.05046362804e-13, 4.00248952905e-13, 4.5768879138e-13, 7.93996053801e-13, 6.98482233424e-13],
        "dvar2": [1.86471325492e-07, 4.73992304251e-06, 4.79476984765e-05, 6.73331451253e-05, 5.99934537604e-07, 1.07243799619e-07, 1.71586947317e-07, 1.80822866014e-07, 1.35545917601e-07, 9.47273122165e-08, 3.29425375867e-08, 1.23929266849e-08, 7.4592243493e-09, 2.09405772722e-08, 6.74120270716e-09, 1.34619000391e-08, 7.64642305029e-09, 1.41091871519e-09, 1.85381709983e-09, 3.36286620772e-09, 3.0937996609e-09, 2.76422751355e-09, 6.14358230955e-10, 2.21973037173e-10, 1.60029170471e-10, 8.47142286875e-11, 4.74657986527e-11, 7.29378363262e-11, 2.15218416005e-11, 1.19270869223e-11, 7.29886290296e-12, 3.11038651432e-12, 2.41133740579e-12, 1.86485570909e-12, 1.24222377176e-12, 1.1754179444e-12, 9.44934126605e-13, 1.03935653487e-12, 1.76002495998e-12, 1.52238844361e-12],
        "max": [0.0102503672242, 0.0365355089307, 0.066772505641, 0.0915652737021, 0.0147504080087, 0.00509002059698, 0.00933586992323, 0.0126182492822, 0.00862056389451, 0.00867175683379, 0.0138983968645, 0.0038097682409, 0.00317121436819, 0.012432503514, 0.00382199627347, 0.00392241496593, 0.00295026204549, 0.000966750551015, 0.00120197061915, 0.00161904899869, 0.00186702457722, 0.00208881334402, 0.00061335490318, 0.000336765748216, 0.000388171087252, 0.000166095167515, 0.000192012594198, 0.000316979305353, 0.000180679868208, 0.000105976941995, 8.88202848728e-05, 7.43100463296e-05, 4.02550758736e-05, 3.24796783389e-05, 2.44899547397e-05, 2.70449072559e-05, 1.99067362701e-05, 1.99213172891e-05, 2.68751937256e-05, 2.22489943553e-05],
        "mean": [0.000126468803501, 0.000487937679281, 0.00113747734576, 0.00122167589143, 0.000270246266155, 0.000161392701557, 0.000178716290975, 0.000161674543051, 0.000130243046442, 0.000137511276989, 7.4693991337e-05, 3.78594195354e-05, 2.4407156161e-05, 3.95259739889e-05, 3.17441299558e-05, 4.42950949946e-05, 3.12531301461e-05, 1.68535061675e-05, 1.3085149476e-05, 1.99153892027e-05, 1.89966649486e-05, 1.77078090928e-05, 1.04840883068e-05, 7.58143323765e-06, 7.01092585587e-06, 6.53209417578e-06, 4.22312768933e-06, 4.20998867412e-06, 3.11669759867e-06, 2.47694424615e-06, 1.89460251931e-06, 1.1663597661e-06, 1.09968993911e-06, 9.87077328318e-07, 8.47642183999e-07, 7.80583832238e-07, 6.68333939302e-07, 7.49360822283e-07, 9.58841724241e-07, 8.25346205602e-07],
        "median": [3.02223743347e-05, 0.000157863716595, 0.000165615128935, 7.11873944965e-05, 3.46805500158e-05, 2.12537306652e-05, 2.53027865256e-05, 2.66121005552e-05, 1.11408699013e-05, 5.81547647016e-06, 3.08983112518e-06, 1.41017778787e-06, 1.35432844672e-06, 1.40200870646e-06, 1.63819470345e-06, 1.90197454231e-06, 2.00877548195e-06, 1.26111581267e-06, 1.28803685584e-06, 1.57171643878e-06, 1.26730412831e-06, 2.28811768466e-06, 2.07465564017e-06, 1.74861349933e-06, 2.57548822447e-06, 3.15818715535e-06, 1.40112524605e-06, 9.83585664471e-07, 1.30002820242e-06, 1.35041000249e-06, 9.44423788951e-07, 5.5812716937e-07, 6.45799502763e-07, 5.23412666098e-07, 4.3560973495e-07, 4.44769796104e-07, 3.75891488602e-07, 4.42540681433e-07, 5.23698815869e-07, 4.26710670354e-07],
        "min": [1.69057013787e-24, 2.96392397031e-24, 3.55597157386e-24, 1.40831669206e-24, 1.78414245187e-24, 1.4120268035e-24, 2.99197901955e-24, 2.89123970701e-24, 3.883567364e-24, 4.48666888098e-24, 4.97250267453e-24, 3.21701579226e-24, 3.25907923623e-24, 3.82796055879e-24, 3.5009560199e-24, 5.46493607841e-24, 7.37906091656e-24, 5.64941277881e-24, 3.65561496138e-24, 3.74678677164e-24, 5.33649295696e-24, 3.23015880659e-24, 7.02231908256e-24, 6.47587513351e-24, 5.78781053603e-24, 5.5530218648e-24, 6.71489919893e-24, 5.50241998761e-24, 6.61923009265e-24, 6.69478403471e-24, 5.84553622163e-24, 6.91610132825e-24, 6.90220712113e-24, 6.78532002308e-24, 6.47268143014e-24, 6.49947390749e-24, 6.55022211839e-24, 7.52393206636e-24, 8.01517152926e-24, 8.657940128e-24],
        "var": [1.56716424726e-07, 2.14390956899e-06, 1.73556454683e-05, 2.55460054177e-05, 4.69613695486e-07, 1.1838643843e-07, 1.82913751701e-07, 2.4341230187e-07, 1.95539527681e-07, 2.79024533256e-07, 1.23589032341e-07, 2.43662956478e-08, 1.26810730805e-08, 5.6567348139e-08, 1.66433462567e-08, 3.90668510875e-08, 1.62497890699e-08, 3.03804337243e-09, 2.36189867664e-09, 5.3676716405e-09, 6.31958485542e-09, 4.9382116174e-09, 9.05996833112e-10, 3.05892033925e-10, 1.74890657512e-10, 9.75841490947e-11, 6.74940173195e-11, 1.34126626472e-10, 3.48616968626e-11, 1.65194212476e-11, 1.04377591639e-11, 4.43106445633e-12, 2.52692116363e-12, 2.04066386185e-12, 1.83197250772e-12, 1.33451745748e-12, 8.94803328655e-13, 1.01939799917e-12, 1.8718262617e-12, 1.5375365911e-12]
    },
    "mfcc": {
        "mean": [-734.148681641, 93.3778381348, 26.5511722565, 31.8715229034, 10.7574768066, -2.25730633736, -1.08779597282, -4.55470705032, -2.29485487938, -0.233360230923, 2.60006332397, -1.09182155132, -5.18767738342],
        "cov": [[17035.9375, -2307.02026367, -2844.74462891, -1102.21765137, -1073.73144531, -1203.7097168, -527.946105957, -613.600463867, -393.979980469, -186.384567261, -25.2400569916, 6.91420221329, -91.2042770386], [-2307.02026367, 1290.4362793, 547.380554199, 104.736495972, 166.278152466, 247.846389771, 94.064994812, 95.383934021, 7.69509506226, -67.6992111206, -112.30002594, -61.5814819336, -23.2596855164], [-2844.74462891, 547.380554199, 1119.32324219, 350.29598999, 204.834762573, 270.867584229, 152.363067627, 80.0554122925, 34.7497940063, -1.73890268803, -8.63962078094, -61.7477531433, -22.3416347504], [-1102.21765137, 104.736495972, 350.29598999, 304.097412109, 158.213134766, 105.858085632, 53.5625572205, 48.1144371033, 29.9066543579, 19.7400283813, -2.72095561028, -10.6941461563, 2.15592312813], [-1073.73144531, 166.278152466, 204.834762573, 158.213134766, 217.133010864, 144.793395996, 52.7655715942, 77.4317779541, 52.7230682373, 21.0115089417, 2.02146315575, 11.5141735077, 20.1749649048], [-1203.7097168, 247.846389771, 270.867584229, 105.858085632, 144.793395996, 203.389862061, 89.1798629761, 78.6388244629, 51.7968711853, 9.31900787354, -8.10406494141, -0.648020982742, 12.1576032639], [-527.946105957, 94.064994812, 152.363067627, 53.5625572205, 52.7655715942, 89.1798629761, 114.655738831, 52.4374885559, 22.0674362183, 20.0127124786, 10.981300354, -0.345470994711, 2.50375342369], [-613.600463867, 95.383934021, 80.0554122925, 48.1144371033, 77.4317779541, 78.6388244629, 52.4374885559, 124.499069214, 74.6884384155, 25.4045372009, 14.21073246, 10.3396835327, -4.7229757309], [-393.979980469, 7.69509506226, 34.7497940063, 29.9066543579, 52.7230682373, 51.7968711853, 22.0674362183, 74.6884384155, 116.478363037, 67.3617553711, 28.7809009552, 8.81495285034, -11.7973814011], [-186.384567261, -67.6992111206, -1.73890268803, 19.7400283813, 21.0115089417, 9.31900787354, 20.0127124786, 25.4045372009, 67.3617553711, 111.895065308, 71.5453186035, 18.7061767578, -9.70525836945], [-25.2400569916, -112.30002594, -8.63962078094, -2.72095561028, 2.02146315575, -8.10406494141, 10.981300354, 14.21073246, 28.7809009552, 71.5453186035, 120.237846375, 62.0992088318, 7.42013072968], [6.91420221329, -61.5814819336, -61.7477531433, -10.6941461563, 11.5141735077, -0.648020982742, -0.345470994711, 10.3396835327, 8.81495285034, 18.7061767578, 62.0992088318, 123.656242371, 74.0757827759], [-91.2042770386, -23.2596855164, -22.3416347504, 2.15592312813, 20.1749649048, 12.1576032639, 2.50375342369, -4.7229757309, -11.7973814011, -9.70525836945, 7.42013072968, 74.0757827759, 130.051147461]],
