{
"lowlevel": {
    "average_loudness": 0.895939648151,
    "barkbands_crest": {
        "dmean": 2.98066449165,
        "dmean2": 4.68735742569,
        "dvar": 7.39066123962,
        "dvar2": 16.9874420166,
        "max": 26.9293136597,
        "mean": 14.7767286301,
        "median": 14.2895383835,
        "min": 4.29053497314,
        "var": 24.0373039246
    },
    "barkbands_flatness_db": {
        "dmean": 0.0386547893286,
        "dmean2": 0.0597827918828,
        "dvar": 0.00139592064079,
        "dvar2": 0.00336225656793,
        "max": 0.566650509834,
        "mean": 0.363151282072,
        "median": 0.372046768665,
        "min": 0.0476080328226,
        "var": 0.00698639731854
    },
    "barkbands_kurtosis": {
        "dmean": 6.49029064178,
        "dmean2": 9.77040100098,
        "dvar": 289.082550049,
        "dvar2": 595.157653809,
        "max": 870.250061035,
        "mean": 9.81658744812,
        "median": 5.0596985817,
        "min": -1.88102829456,
        "var": 470.405639648
    },
    "barkbands_skewness": {
        "dmean": 0.765172541142,
        "dmean2": 1.11980211735,
        "dvar": 0.617051839828,
        "dvar2": 1.34418916702,
        "max": 7.47013807297,
        "mean": 0.531029820442,
        "median": 0.637755811214,
        "min": -10.7895078659,
        "var": 3.08105373383
    },
    "barkbands_spread": {
        "dmean": 1.63216006756,
        "dmean2": 2.52339148521,
        "dvar": 7.61788082123,
        "dvar2": 17.385307312,
        "max": 93.9903411865,
        "mean": 4.48790931702,
        "median": 2.64793467522,
        "min": 0.0530231967568,
        "var": 30.8298568726
    },
    "dissonance": {
        "dmean": 0.0683751627803,
        "dmean2": 0.11439345032,
        "dvar": 0.00411046016961,
        "dvar2": 0.0108398906887,
        "max": 0.500000119209,
        "mean": 0.326011419296,
        "median": 0.337911993265,
        "min": 0.0469850189984,
        "var": 0.0105606708676
    },
    "dynamic_complexity": 4.05191802979,
    "erbbands_crest": {
        "dmean": 3.67010498047,
        "dmean2": 5.87216949463,
        "dvar": 12.3942241669,
        "dvar2": 29.1784324646,
        "max": 34.5868835449,
        "mean": 17.944152832,
        "median": 17.5328369141,
        "min": 2.55263566971,
        "var": 41.482925415
    },
    "erbbands_flatness_db": {
        "dmean": 0.0339708738029,
        "dmean2": 0.0510141141713,
        "dvar": 0.00103903410491,
        "dvar2": 0.00234831380658,
        "max": 0.592952013016,
        "mean": 0.380306571722,
        "median": 0.387248337269,
        "min": 0.0490263365209,
        "var": 0.00734099932015
    },
    "erbbands_kurtosis": {
        "dmean": 5.98426866531,
        "dmean2": 9.18398094177,
        "dvar": 103.259292603,
        "dvar2": 218.044631958,
        "max": 183.487472534,
        "mean": 9.99245548248,
        "median": 4.76199579239,
        "min": -1.84191250801,
        "var": 266.056365967
    },
    "erbbands_skewness": {
        "dmean": 0.762816846371,
        "dmean2": 1.1333758831,
        "dvar": 0.613104760647,
        "dvar2": 1.30073237419,
        "max": 10.1227302551,
        "mean": 1.11047208309,
        "median": 1.09884500504,
        "min": -5.50520944595,
        "var": 2.46495866776
    },
    "erbbands_spread": {
        "dmean": 3.35466003418,
        "dmean2": 5.22514533997,
        "dvar": 24.9782466888,
        "dvar2": 56.918712616,
        "max": 89.373298645,
        "mean": 9.5767364502,
        "median": 5.13753700256,
        "min": 0.202881842852,
        "var": 117.633972168
    },
    "hfc": {
        "dmean": 3.79972791672,
        "dmean2": 5.45982551575,
        "dvar": 34.801486969,
        "dvar2": 68.5151748657,
        "max": 82.9692001343,
        "mean": 8.7714214325,
        "median": 5.32992839813,
        "min": 1.07679930305e-16,
        "var": 108.225654602
    },
    "melbands_crest": {
        "dmean": 3.60350394249,
        "dmean2": 5.75296258926,
        "dvar": 11.4725227356,
        "dvar2": 26.3177318573,
        "max": 35.0325622559,
        "mean": 17.1723403931,
        "median": 16.4644317627,
        "min": 1.58374845982,
        "var": 36.3030319214
    },
    "melbands_flatness_db": {
        "dmean": 0.0433535575867,
        "dmean2": 0.0669293180108,
        "dvar": 0.00180321815424,
        "dvar2": 0.00431895395741,
        "max": 0.687212049961,
        "mean": 0.460411936045,
        "median": 0.475822120905,
        "min": 0.00328840967268,
        "var": 0.0111156413332
    },
    "melbands_kurtosis": {
        "dmean": 5.49486684799,
        "dmean2": 8.55088329315,
        "dvar": 69.309211731,
        "dvar2": 161.717727661,
        "max": 107.527351379,
        "mean": 8.52331161499,
        "median": 4.9792766571,
        "min": -1.91361236572,
        "var": 135.157516479
    },
    "melbands_skewness": {
        "dmean": 0.745103955269,
        "dmean2": 1.11030030251,
        "dvar": 0.548164486885,
        "dvar2": 1.20947909355,
        "max": 7.71752977371,
        "mean": 0.804940283298,
        "median": 0.789821386337,
        "min": -6.53736066818,
        "var": 2.77197575569
    },
    "melbands_spread": {
        "dmean": 2.36726641655,
        "dmean2": 3.71142172813,
        "dvar": 19.1551990509,
        "dvar2": 41.8290634155,
        "max": 162.414276123,
        "mean": 8.16084003448,
        "median": 4.1413974762,
        "min": 0.277385771275,
        "var": 344.834716797
    },
    "pitch_salience": {
        "dmean": 0.088773265481,
        "dmean2": 0.140742376447,
        "dvar": 0.00742687983438,
        "dvar2": 0.0175404623151,
        "max": 0.859866380692,
        "mean": 0.483909964561,
        "median": 0.491486310959,
        "min": 0.0352829769254,
        "var": 0.0229009184986
    },
    "silence_rate_20dB": {
        "dmean": 0,
        "dmean2": 0,
        "dvar": 0,
        "dvar2": 0,
        "max": 1,
        "mean": 1,
        "median": 1,
        "min": 1,
        "var": 0
    },
    "silence_rate_30dB": {
        "dmean": 0.00237953593023,
        "dmean2": 0.00476001575589,
        "dvar": 0.00237392331474,
        "dvar2": 0.00553089287132,
        "max": 1,
        "mean": 0.99742269516,
        "median": 1,
        "min": 0,
        "var": 0.00257070478983
    },
    "silence_rate_60dB": {
        "dmean": 0.0701963081956,
        "dmean2": 0.140420466661,
        "dvar": 0.0652659013867,
        "dvar2": 0.136964336038,
        "max": 1,
        "mean": 0.159199044108,
        "median": 0,
        "min": 0,
        "var": 0.133848950267
    },
    "spectral_centroid": {
        "dmean": 77.4992599487,
        "dmean2": 118.441444397,
        "dvar": 45846.25,
        "dvar2": 80174.0234375,
        "max": 11676.9824219,
        "mean": 705.238830566,
        "median": 454.807769775,
        "min": 134.064102173,
        "var": 2138498.25
    },
    "spectral_complexity": {
        "dmean": 1.16517949104,
        "dmean2": 1.8873462677,
        "dvar": 1.40934431553,
        "dvar2": 3.18089914322,
        "max": 16,
        "mean": 5.97343397141,
        "median": 6,
        "min": 0,
        "var": 5.30225753784
    },
    "spectral_decrease": {
        "dmean": 1.92531723897e-09,
        "dmean2": 2.7689583959e-09,
        "dvar": 7.14777603373e-18,
        "dvar2": 1.45370358668e-17,
        "max": 1.58219017104e-22,
        "mean": -4.70173722178e-09,
        "median": -3.0393469963e-09,
        "min": -3.30707052854e-08,
        "var": 2.37846801958e-17
    },
    "spectral_energy": {
        "dmean": 0.00760434148833,
        "dmean2": 0.010937157087,
        "dvar": 0.000112261303002,
        "dvar2": 0.000227885029744,
        "max": 0.130723968148,
        "mean": 0.0185409970582,
        "median": 0.0120008867234,
        "min": 9.94378855951e-21,
        "var": 0.000372673472157
    },
    "spectral_energyband_high": {
        "dmean": 8.83401662577e-06,
        "dmean2": 1.45475260069e-05,
        "dvar": 4.04601907533e-09,
        "dvar2": 1.01768238281e-08,
        "max": 0.00251845014282,
        "mean": 7.25824156689e-06,
        "median": 3.05393371036e-07,
        "min": 7.09172069842e-21,
        "var": 3.27436699976e-09
    },
    "spectral_energyband_low": {
        "dmean": 0.000386416941183,
        "dmean2": 0.000553673191462,
        "dvar": 4.60541912162e-07,
        "dvar2": 7.98393898549e-07,
        "max": 0.0200762394816,
        "mean": 0.000762206094805,
        "median": 0.000342680054018,
        "min": 1.7430601142e-23,
        "var": 1.74490890004e-06
    },
    "spectral_energyband_middle_high": {
        "dmean": 0.000505385221913,
        "dmean2": 0.000724476936739,
        "dvar": 6.24862605036e-06,
        "dvar2": 1.28233832584e-05,
        "max": 0.0753600150347,
        "mean": 0.000873267417774,
        "median": 0.000142328019137,
        "min": 1.18700670337e-21,
        "var": 1.20732584037e-05
    },
    "spectral_energyband_middle_low": {
        "dmean": 0.0073245880194,
        "dmean2": 0.0105431955308,
        "dvar": 0.000108844644274,
        "dvar2": 0.000220308313146,
        "max": 0.130404561758,
        "mean": 0.0171470679343,
        "median": 0.0102833844721,
        "min": 1.68893832387e-22,
        "var": 0.000363780156476
    },
    "spectral_entropy": {
        "dmean": 0.38467541337,
        "dmean2": 0.608252584934,
        "dvar": 0.163986608386,
        "dvar2": 0.412247896194,
        "max": 9.82533550262,
        "mean": 5.40002298355,
        "median": 5.263027668,
        "min": 3.26350045204,
        "var": 0.86389374733
    },
    "spectral_flux": {
        "dmean": 0.027211247012,
        "dmean2": 0.0453484579921,
        "dvar": 0.00106132077053,
        "dvar2": 0.00272936630063,
        "max": 0.291842401028,
        "mean": 0.0543211810291,
        "median": 0.0445338971913,
        "min": 6.34895677698e-11,
        "var": 0.00151346693747
    },
    "spectral_kurtosis": {
        "dmean": 29.4496269226,
        "dmean2": 47.7029037476,
        "dvar": 766.977233887,
        "dvar2": 1951.61437988,
        "max": 283.226135254,
        "mean": 76.3691329956,
        "median": 65.9285430908,
        "min": -1.2626055479,
        "var": 3021.20605469
    },
    "spectral_rms": {
        "dmean": 0.000854665704537,
        "dmean2": 0.00118798343465,
        "dvar": 9.11560618988e-07,
        "dvar2": 1.73167006778e-06,
        "max": 0.0112931653857,
        "mean": 0.00370446732268,
        "median": 0.00342172197998,
        "min": 3.11468407489e-12,
        "var": 4.36571326645e-06
    },
    "spectral_rolloff": {
        "dmean": 99.5651016235,
        "dmean2": 182.828018188,
        "dvar": 186025.421875,
        "dvar2": 386026.6875,
        "max": 19875.1464844,
        "mean": 934.897216797,
        "median": 516.796875,
        "min": 21.533203125,
        "var": 6477286.5
    },
    "spectral_skewness": {
        "dmean": 1.5133998394,
        "dmean2": 2.44834780693,
        "dvar": 1.71878445148,
        "dvar2": 4.25164413452,
        "max": 14.1373214722,
        "mean": 6.41093683243,
        "median": 6.32411193848,
        "min": -0.0737774297595,
        "var": 8.69842433929
    },
    "spectral_spread": {
        "dmean": 459500.8125,
        "dmean2": 774185.6875,
        "dvar": 683781980160,
        "dvar2": 1.82255091712e+12,
        "max": 42776840,
        "mean": 2210099,
        "median": 1317675.5,
        "min": 330016.09375,
        "var": 2.97897023242e+13
    },
    "spectral_strongpeak": {
        "dmean": 0.611345946789,
        "dmean2": 0.920385360718,
        "dvar": 0.627728879452,
        "dvar2": 1.27311980724,
        "max": 9.42267894745,
        "mean": 1.47043657303,
        "median": 1.12903642654,
        "min": 0,
        "var": 1.95239138603
    },
    "zerocrossingrate": {
        "dmean": 0.00290722446516,
        "dmean2": 0.00360032357275,
        "dvar": 5.53638019483e-05,
        "dvar2": 8.60904110596e-05,
        "max": 0.5302734375,
        "mean": 0.032274287194,
        "median": 0.021484375,
        "min": 0.00390625,
        "var": 0.00449103722349
    },
    "barkbands": {
        "dmean": [2.87734087578e-06, 0.000101016674307, 0.000265603041044, 0.000198101537535, 0.000609012204222, 0.00273334723897, 0.00244923983701, 0.00148979702499, 0.00168120511808, 0.000354387506377, 0.000112677058496, 2.18903587665e-05, 2.68114054052e-05, 5.72265889787e-05, 2.36794512603e-05, 3.45586086041e-05, 1.14961176223e-05, 4.34368485003e-06, 5.28180999027e-06, 4.37804919784e-06, 5.27163592778e-06, 5.49471735667e-07, 1.32675566533e-07, 4.98117209702e-08, 1.17876002292e-08, 6.73576128207e-09, 2.28024266136e-09],
        "dmean2": [4.87731540488e-06, 0.000147296610521, 0.000382853962947, 0.000294348079478, 0.000935969292186, 0.00408826116472, 0.0035756113939, 0.00226286239922, 0.00230117933825, 0.000523351598531, 0.000159790521138, 3.57317003363e-05, 3.58499928552e-05, 7.49448663555e-05, 3.32904637617e-05, 4.43573590019e-05, 1.7027310605e-05, 6.40261532681e-06, 7.89442401583e-06, 7.2432358138e-06, 8.69847553986e-06, 9.18890918911e-07, 2.27125099173e-07, 8.630442494e-08, 2.06074233233e-08, 1.21674919029e-08, 4.16842871331e-09],
        "dvar": [7.90914295862e-12, 3.48565976083e-08, 2.87838616941e-07, 1.30591104153e-07, 8.84074779606e-07, 3.38209538313e-05, 2.45098490268e-05, 1.61043626576e-05, 3.37726196449e-05, 6.82504378346e-06, 1.70818339029e-06, 6.97965374385e-09, 4.50660628815e-08, 6.9857470919e-08, 3.52622713251e-08, 4.19822256958e-08, 1.41344127513e-08, 2.43314568493e-09, 2.24680651861e-09, 2.45822917577e-09, 1.75407444125e-09, 1.63400595138e-11, 2.71358483643e-13, 4.3930842037e-14, 2.3916947236e-15, 1.0055345169e-15, 1.11765031243e-16],
        "dvar2": [2.12040610764e-11, 6.7409679616e-08, 5.20613752997e-07, 2.77309027297e-07, 2.03931631404e-06, 7.26149519323e-05, 5.12172846356e-05, 3.53867362719e-05, 5.90571435168e-05, 1.30783664645e-05, 3.42925432051e-06, 1.45003298258e-08, 6.92788617584e-08, 1.38385786386e-07, 7.46321688894e-08, 8.14656928583e-08, 2.67223061456e-08, 5.15798026512e-09, 4.80481920917e-09, 6.84011824958e-09, 4.24463575399e-09, 4.42577849369e-11, 7.08857994004e-13, 1.18152151474e-13, 6.63485820375e-15, 2.94794845985e-15, 3.27308115668e-16],
        "max": [5.779523417e-05, 0.00579510396346, 0.015297354199, 0.00686645740643, 0.0170148294419, 0.0774780586362, 0.110273130238, 0.0971946716309, 0.117876492441, 0.0939997732639, 0.060600887984, 0.00297179888003, 0.0109057184309, 0.00531867006794, 0.00923619326204, 0.00824249535799, 0.00652406504378, 0.00254586432129, 0.00148094829638, 0.00231904350221, 0.00115159444977, 0.000157342510647, 1.01415744211e-05, 4.91194941787e-06, 1.11849749374e-06, 6.35109415725e-07, 2.6420462973e-07],
        "mean": [2.60687393165e-05, 0.000189791157027, 0.000460175593616, 0.00033395603532, 0.00112187338527, 0.00544179277495, 0.00438634539023, 0.00245170597918, 0.00311958394013, 0.000547548872419, 0.00015432863438, 2.59615662799e-05, 5.65802838537e-05, 8.66091722855e-05, 3.81276549888e-05, 6.17986588622e-05, 1.87656205526e-05, 5.57361317988e-06, 5.98300630372e-06, 3.51126118403e-06, 4.2603737711e-06, 4.96161817409e-07, 1.2422928819e-07, 4.88114899611e-08, 1.80570864927e-08, 1.10324647196e-08, 2.13547735051e-09],
        "median": [2.71775643341e-05, 5.53905993002e-05, 0.000129956868477, 0.000108985885163, 0.000597040634602, 0.00110633787699, 0.00101549760439, 0.000267704424914, 0.000155307905516, 1.72898780875e-05, 4.17631872551e-06, 2.55384861703e-06, 1.535114734e-06, 1.37397580602e-06, 9.44777696077e-07, 7.56908320909e-07, 3.45932051005e-07, 2.04849513352e-07, 2.01137638101e-07, 1.35272841817e-07, 8.40692990778e-08, 5.29600008292e-08, 2.97010362971e-08, 1.70130398658e-08, 1.15228298014e-08, 8.22913648335e-09, 1.20224119549e-09],
        "min": [1.74274818381e-25, 1.97548007278e-24, 7.84241286456e-25, 1.41436380394e-24, 1.16722210342e-23, 1.28755376261e-23, 7.66839143077e-24, 5.73185663202e-24, 1.32907206426e-23, 1.70117412449e-23, 1.27871086852e-23, 2.68574195396e-23, 1.47434411317e-23, 4.34733324704e-23, 5.30740820758e-23, 6.65096896454e-23, 8.48860151059e-23, 9.40238642876e-23, 1.32859928414e-22, 1.23498598093e-22, 2.39178637982e-22, 3.50574582555e-22, 4.30152699728e-22, 6.21263379561e-22, 9.25615206421e-22, 1.31740225556e-21, 1.94850148105e-21],
        "var": [5.21358616001e-11, 1.44424504356e-07, 9.51574577357e-07, 3.33777535388e-07, 2.25229109674e-06, 9.80062759481e-05, 7.44845383451e-05, 3.42781131621e-05, 0.000100111828942, 1.39192625284e-05, 2.88491423817e-06, 1.21107204265e-08, 1.9286299846e-07, 1.38405425787e-07, 8.4560646485e-08, 1.11216593268e-07, 3.3053673576e-08, 3.99987554189e-09, 2.81176748551e-09, 1.54142976161e-09, 1.52967905009e-09, 1.14488349356e-11, 2.17379581132e-13, 3.1815177527e-14, 1.59466626051e-15, 5.53221358291e-16, 6.14218397814e-17]
    },
    "erbbands": {
        "dmean": [0.000754870881792, 0.033801831305, 0.280792206526, 0.401929616928, 1.62829375267, 2.03873229027, 8.57822608948, 26.7197113037, 39.0491294861, 26.8614196777, 42.4169158936, 30.5171337128, 14.7573661804, 7.4469909668, 2.13534092903, 0.858547925949, 1.37542355061, 1.99736368656, 2.17939400673, 2.14295959473, 1.1227670908, 0.796748697758, 0.278969943523, 0.288819253445, 0.156721636653, 0.244501054287, 0.307368755341, 0.102626301348, 0.0231436882168, 0.00734951999038, 0.00347502762452, 0.00150719843805, 0.000606546760537, 0.000186425124411, 6.36613476672e-05, 2.88365918095e-05, 1.37542874654e-05, 4.3102422751e-06, 3.76336652153e-06, 8.56324550114e-06],
        "dmean2": [0.00111981795635, 0.0484507009387, 0.396175086498, 0.597103893757, 2.44128966331, 3.1455514431, 11.9242172241, 40.4727592468, 58.9041366577, 39.1036186218, 62.0546112061, 42.0920372009, 21.1421070099, 10.9059782028, 3.11806344986, 1.31078970432, 1.81631541252, 2.6869328022, 2.80924296379, 2.69988703728, 1.54155504704, 1.15553033352, 0.40791657567, 0.42762324214, 0.241004228592, 0.401019632816, 0.503849625587, 0.170814588666, 0.0382583290339, 0.0121624208987, 0.00596868572757, 0.00261517055333, 0.00104761158582, 0.000322339095874, 0.000111276749521, 5.13537088409e-05, 2.43003505602e-05, 7.59896693125e-06, 5.41914596397e-06, 1.23136878756e-05],
        "dvar": [1.99584610527e-06, 0.00392189156264, 0.328752458096, 0.354141116142, 8.88761997223, 13.3960561752, 354.763763428, 3791.87792969, 6536.61132812, 5384.78515625, 15772.5957031, 11536.5175781, 9712.47265625, 4204.05322266, 178.681503296, 10.026761055, 125.356781006, 111.539199829, 148.376083374, 276.452758789, 37.7232971191, 64.1345214844, 5.91910409927, 9.43807315826, 0.941830813885, 5.41128730774, 7.70919179916, 0.598461806774, 0.0157082565129, 0.000734058849048, 0.000204872500035, 3.92148504034e-05, 7.33866227165e-06, 5.59094019081e-07, 6.84017820163e-08, 1.44445202466e-08, 3.72222297429e-09, 3.40531047804e-10, 2.92387607181e-11, 1.4330764353e-10],
        "dvar2": [4.19141133534e-06, 0.00689626298845, 0.546789467335, 0.785188138485, 18.0505638123, 32.0350952148, 610.866760254, 8083.14013672, 14718.7578125, 9537.64355469, 31746.1347656, 19973.4335938, 18332.3828125, 9418.97167969, 330.827453613, 17.6916656494, 190.398925781, 225.096115112, 303.381011963, 546.374023438, 79.1029129028, 119.357406616, 12.5027761459, 20.2608890533, 2.19022798538, 14.6890449524, 18.2335968018, 1.52036428452, 0.041425857693, 0.00181250972673, 0.000535174098331, 0.0001051913423, 1.95894481294e-05, 1.52864242864e-06, 1.94285277644e-07, 4.20710932758e-08, 1.08778701602e-08, 9.94143989352e-10, 6.17330908614e-11, 2.90158258531e-10],
        "max": [0.0400300472975, 2.04851651192, 17.320432663, 10.8977079391, 66.5321578979, 93.0628509521, 547.053466797, 858.963134766, 1388.82250977, 2826.80883789, 2165.53833008, 3328.3996582, 3605.96142578, 2835.77856445, 528.299255371, 118.117263794, 588.793395996, 267.320007324, 533.60559082, 664.250305176, 282.886688232, 448.532287598, 111.288856506, 101.293701172, 34.7456092834, 102.541236877, 77.2887039185, 25.8263454437, 3.83044147491, 0.655180811882, 0.309794723988, 0.131898373365, 0.0908965915442, 0.0157101731747, 0.00799622572958, 0.00226155342534, 0.00126367073972, 0.000432010303484, 6.50447254884e-05, 0.000147224476677],
        "mean": [0.00146345049143, 0.0646577477455, 0.514409959316, 0.738388895988, 2.85787916183, 3.74213171005, 19.8600063324, 49.2968940735, 67.6239852905, 51.0884132385, 75.5643615723, 58.483215332, 24.6592712402, 11.1292867661, 3.03261137009, 1.24915158749, 2.91443157196, 2.94873762131, 3.70517921448, 3.60367679596, 2.06154036522, 1.35605108738, 0.375814944506, 0.334675073624, 0.16280759871, 0.199343174696, 0.257381767035, 0.079987488687, 0.0204986296594, 0.00751014286652, 0.00328023987822, 0.00145740981679, 0.000633191666566, 0.000249558739597, 0.000123614896438, 6.58486460452e-05, 2.21955779125e-05, 5.93520553593e-06, 9.12296218303e-06, 2.08583678614e-05],
        "median": [0.000585012021475, 0.019352754578, 0.149465352297, 0.44191879034, 1.12112498283, 2.00905752182, 3.69542646408, 11.3082046509, 17.5339946747, 13.7504558563, 8.83557891846, 4.73517990112, 1.76950764656, 0.578382253647, 0.240013733506, 0.140152990818, 0.11308580637, 0.103422127664, 0.128993824124, 0.116997130215, 0.0516215004027, 0.0263249650598, 0.0164252799004, 0.0125368721783, 0.00989365205169, 0.00673698401079, 0.00420946627855, 0.00299766799435, 0.00203662924469, 0.0013114027679, 0.000801853369921, 0.000450674851891, 0.000255516060861, 0.000140279560583, 9.22385370359e-05, 5.38435670023e-05, 1.68900332937e-05, 4.01662236982e-06, 5.91881234868e-06, 1.3507427866e-05],
        "min": [9.38170186474e-23, 3.40624635781e-22, 8.83961432116e-22, 4.18143596275e-21, 1.47088319484e-20, 3.49034578645e-20, 4.07313750261e-20, 9.15543599878e-20, 1.2237400455e-19, 2.13591346599e-19, 3.17203240495e-19, 2.94840231689e-19, 3.39534997384e-19, 5.29564388578e-19, 6.95482292096e-19, 1.28159290244e-18, 1.01117360153e-18, 2.10393698996e-18, 2.37118787893e-18, 3.16621825582e-18, 3.5144232434e-18, 5.12489509238e-18, 5.92734424539e-18, 6.56009977728e-18, 6.27164163176e-18, 6.95183845331e-18, 8.6724005972e-18, 1.01487848145e-17, 1.22156750732e-17, 1.12086620867e-17, 1.14864417441e-17, 1.17428015596e-17, 1.00934125171e-17, 8.60979956844e-18, 6.57575830627e-18, 4.07156619549e-18, 2.09890421631e-18, 1.01698382155e-18, 2.383950552e-19, 2.81066892546e-20],
        "var": [6.95938661011e-06, 0.0172101631761, 1.24041748047, 0.931461632252, 24.3789920807, 32.5045166016, 2066.02612305, 8924.6796875, 15880.3613281, 21496.8007812, 39147.09375, 36730.171875, 21254.9667969, 6403.86181641, 338.946411133, 25.9614601135, 538.704040527, 191.098754883, 349.872711182, 604.368530273, 97.3794021606, 153.018035889, 9.59867763519, 11.4842405319, 1.00499022007, 3.62354755402, 7.00916624069, 0.461690932512, 0.0118475938216, 0.000815299339592, 0.000164830766153, 2.9066182833e-05, 5.35987373951e-06, 3.89104457099e-07, 4.33774118846e-08, 8.38398861447e-09, 2.10730433103e-09, 1.94287336219e-10, 8.91214740895e-11, 4.7478010412e-10]
    },
    "gfcc": {
        "mean": [-230.730453491, 193.713851929, -83.5310821533, -17.6413326263, -65.8360290527, -33.4719924927, -33.4270210266, -10.6088781357, -1.99633252621, -3.46868467331, -11.9166183472, -15.5391397476, -4.56350851059],
        "cov": [[20441.46875, 3964.0012207, -3008.75, -341.307342529, -1287.35095215, -936.347412109, -508.978240967, -408.952331543, 230.253601074, -171.908065796, -64.1957550049, -460.413299561, 203.973495483], [3964.0012207, 1393.05041504, -18.9111328125, -429.01260376, -277.057891846, -214.599197388, -112.349594116, -120.765541077, -27.7091426849, -40.9501686096, 32.8300552368, -82.1940155029, 25.8699111938], [-3008.75, -18.9111328125, 1543.86877441, -200.894363403, 26.3005275726, 107.387405396, 49.5226249695, 78.5229949951, -110.896789551, 44.4557800293, 5.11563539505, 104.977912903, -111.543052673], [-341.307342529, -429.01260376, -200.894363403, 871.204345703, 307.617095947, 137.78237915, -69.2554550171, -88.6049880981, -12.4612312317, 127.276176453, -13.9317760468, -60.670085907, -52.0333824158], [-1287.35095215, -277.057891846, 26.3005275726, 307.617095947, 426.398712158, 190.854705811, -34.1299743652, -67.7500610352, -24.8964443207, 102.102745056, 28.4830646515, -20.4377288818, -46.3583450317], [-936.347412109, -214.599197388, 107.387405396, 137.78237915, 190.854705811, 314.15133667, 81.4328613281, -56.326335907, -130.165313721, 54.614490509, 55.334690094, 20.8861999512, -86.3674240112], [-508.978240967, -112.349594116, 49.5226249695, -69.2554550171, -34.1299743652, 81.4328613281, 250.948883057, 144.67729187, -41.5966911316, -113.828117371, 5.36934804916, 36.126537323, -14.6675930023], [-408.952331543, -120.765541077, 78.5229949951, -88.6049880981, -67.7500610352, -56.326335907, 144.67729187, 367.993591309, 151.535171509, -178.860351562, -181.777206421, 40.9765663147, 19.1747436523], [230.253601074, -27.7091426849, -110.896789551, -12.4612312317, -24.8964443207, -130.165313721, -41.5966911316, 151.535171509, 317.609283447, 25.9807167053, -144.024581909, -73.8062286377, 80.2294921875], [-171.908065796, -40.9501686096, 44.4557800293, 127.276176453, 102.102745056, 54.614490509, -113.828117371, -178.860351562, 25.9807167053, 291.111846924, 118.302459717, -79.8554763794, -40.9178237915], [-64.1957550049, 32.8300552368, 5.11563539505, -13.9317760468, 28.4830646515, 55.334690094, 5.36934804916, -181.777206421, -144.024581909, 118.302459717, 274.17477417, 47.231716156, -49.4673728943], [-460.413299561, -82.1940155029, 104.977912903, -60.670085907, -20.4377288818, 20.8861999512, 36.126537323, 40.9765663147, -73.8062286377, -79.8554763794, 47.231716156, 176.171600342, 34.9423789978], [203.973495483, 25.8699111938, -111.543052673, -52.0333824158, -46.3583450317, -86.3674240112, -14.6675930023, 19.1747436523, 80.2294921875, -40.9178237915, -49.4673728943, 34.9423789978, 176.605102539]],
        "icov": [[0.000583456188906, -0.00168046727777, 0.00105583481491, -0.000729678431526, 0.00132936472073, -0.000321271130815, 0.000306167610688, -8.26424948173e-05, -0.000252469646512, -0.000162423268193, 0.000221137219341, -0.00031935313018, 0.000452592037618], [-0.00168046727777, 0.00595833547413, -0.00310764927417, 0.00252631213516, -0.00348552060314, 0.00113218685146, -0.000221666894504, 0.000453871529317, 0.000951431633439, 0.00110466522165, -0.00106056942604, 0.0019814290572, -0.00144469121005], [0.00105583481491, -0.00310764927417, 0.00280166906305, -0.000998003059067, 0.00219115475193, -0.000403690501116, 0.000289630930638, -0.000501219008584, 0.000156036345288, -0.00144659460057, 0.00126309751067, -0.00155568425544, 0.001423018286], [-0.000729678431526, 0.00252631213516, -0.000998003059067, 0.00284334039316, -0.00269428896718, 0.000662504928187, -0.000282938504824, 0.000280416221358, 0.000862418848556, -0.000494903011713, 0.000578388979193, 0.000467675941763, -0.000194077510969], [0.00132936472073, -0.00348552060314, 0.00219115475193, -0.00269428896718, 0.00765739800408, -0.00381641997956, 0.00261487229727, -0.000793540442828, -0.00126413127873, 0.000315546931233, -0.000854671408888, 0.000377664197003, 0.000345556793036], [-0.000321271130815, 0.00113218685146, -0.000403690501116, 0.000662504928187, -0.00381641997956, 0.00871541723609, -0.00529575766996, 0.00250938744284, 0.00227824621834, -0.00325091765262, 0.00378226302564, -0.00285113463178, 0.00252890819684], [0.000306167610688, -0.000221666894504, 0.000289630930638, -0.000282938504824, 0.00261487229727, -0.00529575766996, 0.0119710154831, -0.00731276441365, 0.00167341216002, 0.00412957463413, -0.00662833638489, 0.00556856347248, -0.00309863081202], [-8.26424948173e-05, 0.000453871529317, -0.000501219008584, 0.000280416221358, -0.000793540442828, 0.00250938744284, -0.00731276441365, 0.0131238447502, -0.00644206721336, 0.00226435204968, 0.00591957010329, -0.00581078696996, 0.00504061486572], [-0.000252469646512, 0.000951431633439, 0.000156036345288, 0.000862418848556, -0.00126413127873, 0.00227824621834, 0.00167341216002, -0.00644206721336, 0.010550217703, -0.00499230436981, 0.00165274308529, 0.00323405629024, -0.0040008216165], [-0.000162423268193, 0.00110466522165, -0.00144659460057, -0.000494903011713, 0.000315546931233, -0.00325091765262, 0.00412957463413, 0.00226435204968, -0.00499230436981, 0.0120297679678, -0.0068746577017, 0.00509954197332, -0.000323029264109], [0.000221137219341, -0.00106056942604, 0.00126309751067, 0.000578388979193, -0.000854671408888, 0.00378226302564, -0.00662833638489, 0.00591957010329, 0.00165274308529, -0.0068746577017, 0.0131476270035, -0.00781433377415, 0.00418541906402], [-0.00031935313018, 0.0019814290572, -0.00155568425544, 0.000467675941763, 0.000377664197003, -0.00285113463178, 0.00556856347248, -0.00581078696996, 0.00323405629024, 0.00509954197332, -0.00781433377415, 0.0144576681778, -0.00630499748513], [0.000452592037618, -0.00144469121005, 0.001423018286, -0.000194077510969, 0.000345556793036, 0.00252890819684, -0.00309863081202, 0.00504061486572, -0.0040008216165, -0.000323029264109, 0.00418541906402, -0.00630499748513, 0.0108781615272]]
    },
    "melbands": {
        "dmean": [1.62931573868e-05, 0.000109058310045, 0.000103954072983, 0.000135417387355, 0.000245042494498, 0.00061140517937, 0.000552237150259, 0.00028892190312, 0.00039245604421, 0.000176552915946, 7.11387983756e-05, 3.05475477944e-05, 9.62729609455e-06, 2.81216512121e-06, 2.70389477919e-06, 2.61589184447e-06, 4.20839478465e-06, 4.294509381e-06, 1.9775166038e-06, 3.0975397749e-06, 9.41801033605e-07, 8.81629205196e-07, 4.81126335217e-07, 1.06406616851e-07, 2.65596071358e-07, 1.1787217602e-07, 1.07554747331e-07, 1.70898758256e-07, 2.09303735232e-07, 9.80034045028e-08, 4.62878837482e-08, 1.37939570877e-08, 6.0341704966e-09, 3.26733351486e-09, 2.16723639035e-09, 1.27061661193e-09, 7.99847910127e-10, 4.78096007228e-10, 2.40322345357e-10, 1.26577054393e-10],
        "dmean2": [2.40152385231e-05, 0.000154676410602, 0.000153163884534, 0.000209492951399, 0.000342241110047, 0.000926207110751, 0.000828828488011, 0.000424742989708, 0.000570522854105, 0.000242368070758, 0.00010242787539, 4.50179759355e-05, 1.37774950417e-05, 4.47163529316e-06, 3.77335527446e-06, 3.5368141198e-06, 5.63286903343e-06, 5.49942524231e-06, 2.62617550106e-06, 3.88061380363e-06, 1.34068625357e-06, 1.27731118482e-06, 7.05990885308e-07, 1.67165424614e-07, 3.93147757904e-07, 1.78319453426e-07, 1.68251489185e-07, 2.85587759663e-07, 3.39958546647e-07, 1.61571009016e-07, 7.78323681061e-08, 2.31777939064e-08, 9.72755564987e-09, 5.50775292041e-09, 3.72918673719e-09, 2.19699214377e-09, 1.40006273242e-09, 8.3144158225e-10, 4.15929179987e-10, 2.20536991447e-10],
        "dvar": [8.74902705839e-10, 4.71626293574e-08, 2.59921684176e-08, 5.43730074298e-08, 2.58455798985e-07, 1.72676902821e-06, 1.23638403693e-06, 6.15578528596e-07, 1.57029501224e-06, 4.15567569689e-07, 2.46938014925e-07, 6.59696226535e-08, 7.4431034669e-09, 1.59383325982e-10, 2.94640090104e-10, 3.06517061732e-10, 5.36654498617e-10, 5.25908316895e-10, 1.89580295906e-10, 4.40731617868e-10, 2.95448596144e-11, 1.11119335955e-10, 2.2384137946e-11, 4.46669746546e-13, 9.26425255954e-12, 8.3079658604e-13, 3.05496540608e-13, 4.60880248895e-12, 3.99615453575e-12, 4.76002646587e-13, 1.58305578932e-13, 1.07787424345e-14, 5.766300667e-16, 1.73071952477e-16, 8.70267325695e-17, 3.13957261762e-17, 1.33745360862e-17, 5.050656046e-18, 1.19338939296e-18, 2.60706959754e-19],
        "dvar2": [1.81712023206e-09, 7.75363986349e-08, 5.36773860915e-08, 1.2891911183e-07, 4.52164357512e-07, 3.77760761694e-06, 2.79400569525e-06, 1.16186174637e-06, 3.0451319617e-06, 7.2417822139e-07, 4.67075210508e-07, 1.46804879364e-07, 1.4164159623e-08, 2.97273594629e-10, 4.51270132373e-10, 4.93481755459e-10, 1.07439646069e-09, 1.04809583235e-09, 3.85685650084e-10, 8.54808945849e-10, 6.32451313543e-11, 2.03586161818e-10, 4.81827529264e-11, 9.66752502704e-13, 1.98839174292e-11, 1.79348831793e-12, 7.32435162867e-13, 1.28279964776e-11, 9.54378850254e-12, 1.1591762706e-12, 4.07747051184e-13, 2.91628971406e-14, 1.28838772299e-15, 4.39746498399e-16, 2.29396374451e-16, 8.05021105687e-17, 3.62426571499e-17, 1.3548922303e-17, 3.22935095492e-18, 7.2001026521e-19],
        "max": [0.000809892604593, 0.00662733754143, 0.00292715756223, 0.00421388912946, 0.0143087236211, 0.0176511667669, 0.0193033535033, 0.0268426984549, 0.019619686529, 0.0224013905972, 0.0179923325777, 0.0106214759871, 0.00386802549474, 0.000415488117142, 0.000857400766108, 0.000833999481983, 0.00061533000553, 0.000753931002691, 0.000493473489769, 0.000717430899385, 0.000213512321352, 0.000600599683821, 0.000245770817855, 2.27267464652e-05, 0.000101733610791, 3.65696905646e-05, 1.49272837007e-05, 0.000100317913166, 5.50144286535e-05, 1.72783838934e-05, 1.27200328279e-05, 3.59695104635e-06, 6.48749164611e-07, 3.42146677212e-07, 2.08418086345e-07, 1.54480929382e-07, 1.02606435348e-07, 7.36513356969e-08, 3.29461755655e-08, 1.26781296572e-08],
        "mean": [3.15506476909e-05, 0.000202328621526, 0.000195262022316, 0.000234827108216, 0.000562099157833, 0.00115338084288, 0.000971358153038, 0.000519508437719, 0.00070020131534, 0.000333975418471, 0.000114984097308, 4.51675550721e-05, 1.33917319545e-05, 3.44731643054e-06, 5.0881462812e-06, 5.22349409948e-06, 5.88262537349e-06, 7.04373587723e-06, 3.23746075992e-06, 5.39532720722e-06, 1.61870320881e-06, 1.5208493096e-06, 6.58863541503e-07, 1.13661492662e-07, 3.04137330431e-07, 1.33283649006e-07, 1.00409152992e-07, 1.32271594566e-07, 1.73481581101e-07, 7.91546597156e-08, 3.49633992869e-08, 1.17578471404e-08, 6.38891473059e-09, 3.1569797887e-09, 1.97361837984e-09, 1.21057341929e-09, 7.56544049629e-10, 4.76197081767e-10, 2.70626965282e-10, 1.71463773735e-10],
        "median": [1.09935372166e-05, 6.07226029388e-05, 0.000105209110188, 0.000111108107376, 0.000125041246065, 0.000280480715446, 0.000251232238952, 8.86583293322e-05, 5.35791477887e-05, 2.01917682716e-05, 4.18493436882e-06, 1.46121942635e-06, 5.81456333748e-07, 3.2045647913e-07, 1.90160790225e-07, 1.29674717186e-07, 1.37314827953e-07, 1.17840116332e-07, 7.23865412056e-08, 7.40408765409e-08, 3.27287210666e-08, 2.0387163957e-08, 1.50890322459e-08, 9.43142897114e-09, 8.35918978481e-09, 6.56670895438e-09, 5.5766333773e-09, 3.55584495182e-09, 2.41266628898e-09, 1.98534033657e-09, 1.49398982074e-09, 1.13431630755e-09, 8.76036632125e-10, 6.22521922899e-10, 4.60301408101e-10, 3.23907400901e-10, 2.38697422938e-10, 1.7912277217e-10, 1.28717564385e-10, 9.9993666125e-11],
        "min": [1.00104545746e-24, 9.72680287279e-25, 6.31374784863e-25, 1.83823306641e-24, 1.9155980359e-24, 2.0563180024e-24, 1.63849545737e-24, 1.9207828242e-24, 2.34736251414e-24, 1.98740212764e-24, 8.97210950553e-25, 1.78915901558e-24, 1.98877474562e-24, 2.70958791751e-24, 2.06781229743e-24, 1.69261683749e-24, 3.58525251294e-24, 2.876515421e-24, 4.06593583364e-24, 4.25736121533e-24, 3.29918827731e-24, 4.75604713074e-24, 4.49626537389e-24, 4.00520064368e-24, 4.69534428409e-24, 3.46903752438e-24, 4.7270075831e-24, 3.52916134714e-24, 5.10619250986e-24, 4.96319056597e-24, 5.21395367052e-24, 6.02524701887e-24, 5.84761487011e-24, 5.5248583472e-24, 5.73914610121e-24, 6.04527501397e-24, 6.23952057339e-24, 5.78663513328e-24, 6.64230821843e-24, 6.75622209973e-24],
        "var": [3.30733862519e-09, 1.86007198977e-07, 7.06617910851e-08, 1.25279996155e-07, 1.4732559066e-06, 4.22052653448e-06, 3.13836994792e-06, 2.16141688725e-06, 4.10838993048e-06, 1.32424634103e-06, 5.35450681127e-07, 1.0410924034e-07, 1.3564964263e-08, 2.90780038936e-10, 1.32474098358e-09, 1.15772247344e-09, 9.21273057841e-10, 1.17154352886e-09, 4.34831698426e-10, 1.0818093088e-09, 6.91430385169e-11, 2.72689537617e-10, 3.7399760372e-11, 5.55146044152e-13, 1.12202113919e-11, 1.08022054843e-12, 2.91011735109e-13, 2.87741033257e-12, 3.57092870898e-12, 4.09172207835e-13, 1.18443259757e-13, 7.4379521639e-15, 7.99643836136e-16, 1.68255670199e-16, 6.71579270479e-17, 2.73823649581e-17, 9.41903118889e-18, 3.64609633485e-18, 8.3020700792e-19, 1.76394469094e-19]
    },
    "mfcc": {
        "mean": [-870.292419434, 217.71647644, 39.2683601379, 10.4025020599, -10.5255632401, -20.3747425079, -23.1061496735, -17.2844352722, -2.57632827759, 2.44083857536, -1.16838121414, -3.010191679, -1.29860627651],
        "cov": [[4924.28173828, 1702.76501465, -1311.07165527, 185.099990845, -345.844665527, -193.976165771, -289.323059082, -249.238021851, 30.929649353, 9.49091529846, -96.6458282471, -52.2621459961, 22.2063522339], [1702.76501465, 1896.24353027, 401.539154053, -277.975402832, -198.622390747, -289.859558105, -167.831008911, -117.552154541, -76.5854949951, -18.1269340515, -47.008026123, -90.3961029053, -4.55606603622], [-1311.07165527, 401.539154053, 1236.91625977, -65.8769989014, 16.5941486359, -30.5971794128, 34.5835533142, 28.5957107544, -71.7168502808, -12.6783857346, 9.49820423126, -2.92264580727, 2.73964166641], [185.099990845, -277.975402832, -65.8769989014, 444.659088135, 161.3934021, 110.909004211, 12.1515855789, -45.4370079041, 38.6722145081, 38.0415153503, 2.11299872398, 38.4886245728, 33.1374664307], [-345.844665527, -198.622390747, 16.5941486359, 161.3934021, 317.217590332, 188.447570801, 35.1205558777, -54.4257698059, -19.5380802155, 45.965259552, 19.1639919281, -9.49487113953, 22.5815200806], [-193.976165771, -289.859558105, -30.5971794128, 110.909004211, 188.447570801, 397.330108643, 205.329025269, -129.378250122, -173.634185791, 19.9259033203, 55.2286453247, -56.1870918274, -1.20313072205], [-289.323059082, -167.831008911, 34.5835533142, 12.1515855789, 35.1205558777, 205.329025269, 324.429229736, 62.1539878845, -182.287582397, -54.7766647339, 72.7895202637, -46.4220924377, -66.8312301636], [-249.238021851, -117.552154541, 28.5957107544, -45.4370079041, -54.4257698059, -129.378250122, 62.1539878845, 353.169555664, 178.568954468, -95.9257125854, -13.5529336929, 79.8607330322, -60.6528968811], [30.929649353, -76.5854949951, -71.7168502808, 38.6722145081, -19.5380802155, -173.634185791, -182.287582397, 178.568954468, 397.560150146, 76.9964752197, -109.797714233, 93.9739456177, 54.493183136], [9.49091529846, -18.1269340515, -12.6783857346, 38.0415153503, 45.965259552, 19.9259033203, -54.7766647339, -95.9257125854, 76.9964752197, 225.349441528, 54.824836731, -61.0070381165, 21.4425888062], [-96.6458282471, -47.008026123, 9.49820423126, 2.11299872398, 19.1639919281, 55.2286453247, 72.7895202637, -13.5529336929, -109.797714233, 54.824836731, 231.769775391, 16.3440189362, -118.214019775], [-52.2621459961, -90.3961029053, -2.92264580727, 38.4886245728, -9.49487113953, -56.1870918274, -46.4220924377, 79.8607330322, 93.9739456177, -61.0070381165, 16.3440189362, 222.666290283, 61.0638885498], [22.2063522339, -4.55606603622, 2.73964166641, 33.1374664307, 22.5815200806, -1.20313072205, -66.8312301636, -60.6528968811, 54.493183136, 21.4425888062, -118.214019775, 61.0638885498, 234.792068481]],
