{
"lowlevel": {
    "average_loudness": 0.302204817533,
    "barkbands_crest": {
        "dmean": 2.2580447197,
        "dmean2": 3.50129413605,
        "dvar": 4.7266702652,
        "dvar2": 10.8516235352,
        "max": 25.6897716522,
        "mean": 10.9682283401,
        "median": 10.0709323883,
        "min": 2.88219738007,
        "var": 19.3756961823
    },
    "barkbands_flatness_db": {
        "dmean": 0.0182573199272,
        "dmean2": 0.0282746311277,
        "dvar": 0.000324251508573,
        "dvar2": 0.000737929251045,
        "max": 0.480951160192,
        "mean": 0.248470544815,
        "median": 0.243218645453,
        "min": 0.0384339056909,
        "var": 0.00336784799583
    },
    "barkbands_kurtosis": {
        "dmean": 1.33833193779,
        "dmean2": 2.02620863914,
        "dvar": 7.09182834625,
        "dvar2": 15.911075592,
        "max": 69.5488052368,
        "mean": 1.77172362804,
        "median": 0.373265981674,
        "min": -1.83389484882,
        "var": 22.9210414886
    },
    "barkbands_skewness": {
        "dmean": 0.373294889927,
        "dmean2": 0.560614943504,
        "dvar": 0.161788225174,
        "dvar2": 0.352878689766,
        "max": 7.96795415878,
        "mean": 0.524483799934,
        "median": 0.515416741371,
        "min": -5.67950773239,
        "var": 1.26421952248
    },
    "barkbands_spread": {
        "dmean": 1.98886179924,
        "dmean2": 3.01003694534,
        "dvar": 5.87073087692,
        "dvar2": 13.068353653,
        "max": 128.124923706,
        "mean": 10.5918121338,
        "median": 9.8299407959,
        "min": 0.428716659546,
        "var": 43.5221328735
    },
    "dissonance": {
        "dmean": 0.0271009467542,
        "dmean2": 0.0460699684918,
        "dvar": 0.000814420520328,
        "dvar2": 0.00221732095815,
        "max": 0.500000059605,
        "mean": 0.440045565367,
        "median": 0.450951039791,
        "min": 0.137238875031,
        "var": 0.00203471374698
    },
    "dynamic_complexity": 4.97416687012,
    "erbbands_crest": {
        "dmean": 2.69419336319,
        "dmean2": 4.08452939987,
        "dvar": 7.71217727661,
        "dvar2": 16.1723308563,
        "max": 33.7998085022,
        "mean": 12.6949834824,
        "median": 11.1921157837,
        "min": 2.18273878098,
        "var": 34.5120010376
    },
    "erbbands_flatness_db": {
        "dmean": 0.0153593895957,
        "dmean2": 0.0227462761104,
        "dvar": 0.000269898213446,
        "dvar2": 0.000566124508623,
        "max": 0.537608683109,
        "mean": 0.314978867769,
        "median": 0.312778830528,
        "min": 0.0402164980769,
        "var": 0.00325499568135
    },
    "erbbands_kurtosis": {
        "dmean": 1.31512129307,
        "dmean2": 1.9304265976,
        "dvar": 9.06398296356,
        "dvar2": 16.4761543274,
        "max": 79.7891082764,
        "mean": 1.51011705399,
        "median": 0.0968979597092,
        "min": -1.76177930832,
        "var": 28.5032844543
    },
    "erbbands_skewness": {
        "dmean": 0.348871678114,
        "dmean2": 0.514144897461,
        "dvar": 0.149268627167,
        "dvar2": 0.298384159803,
        "max": 5.3116736412,
        "mean": 0.0262343045324,
        "median": 0.0938172638416,
        "min": -7.0868024826,
        "var": 0.933897912502
    },
    "erbbands_spread": {
        "dmean": 2.87855243683,
        "dmean2": 4.3323340416,
        "dvar": 9.83300495148,
        "dvar2": 22.149641037,
        "max": 112.904167175,
        "mean": 16.2021121979,
        "median": 15.1907577515,
        "min": 0.382711052895,
        "var": 84.582069397
    },
    "hfc": {
        "dmean": 5.28144931793,
        "dmean2": 7.60091400146,
        "dvar": 115.772697449,
        "dvar2": 250.682144165,
        "max": 254.349395752,
        "mean": 16.6778259277,
        "median": 9.87832164764,
        "min": 1.10170782888e-16,
        "var": 370.54196167
    },
    "melbands_crest": {
        "dmean": 2.69143199921,
        "dmean2": 4.19335794449,
        "dvar": 6.81617450714,
        "dvar2": 15.7146015167,
        "max": 32.8686332703,
        "mean": 13.3840742111,
        "median": 12.2052164078,
        "min": 1.93761610985,
        "var": 29.3723201752
    },
    "melbands_flatness_db": {
        "dmean": 0.0195421185344,
        "dmean2": 0.0296703912318,
        "dvar": 0.000418675976107,
        "dvar2": 0.000936183729209,
        "max": 0.540560781956,
        "mean": 0.288998067379,
        "median": 0.27914327383,
        "min": 0.00343442731537,
        "var": 0.00598604697734
    },
    "melbands_kurtosis": {
        "dmean": 1.73997616768,
        "dmean2": 2.6631937027,
        "dvar": 23.4596099854,
        "dvar2": 57.8057136536,
        "max": 273.510406494,
        "mean": 3.01721286774,
        "median": 0.97786295414,
        "min": -1.8903273344,
        "var": 81.2233505249
    },
    "melbands_skewness": {
        "dmean": 0.394791543484,
        "dmean2": 0.59355956316,
        "dvar": 0.185024708509,
        "dvar2": 0.413902342319,
        "max": 13.6733703613,
        "mean": 0.908559679985,
        "median": 0.815736055374,
        "min": -5.23126363754,
        "var": 1.53374779224
    },
    "melbands_spread": {
        "dmean": 3.67878198624,
        "dmean2": 5.60658502579,
        "dvar": 18.9791431427,
        "dvar2": 42.2050018311,
        "max": 156.66973877,
        "mean": 18.7891483307,
        "median": 16.6160125732,
        "min": 1.18526494503,
        "var": 128.852294922
    },
    "pitch_salience": {
        "dmean": 0.0599650777876,
        "dmean2": 0.0938775762916,
        "dvar": 0.00326586002484,
        "dvar2": 0.00755759701133,
        "max": 0.850906610489,
        "mean": 0.538647949696,
        "median": 0.543213188648,
        "min": 0.0948277562857,
        "var": 0.0130276568234
    },
    "silence_rate_20dB": {
        "dmean": 0,
        "dmean2": 0,
        "dvar": 0,
        "dvar2": 0,
        "max": 1,
        "mean": 1,
        "median": 1,
        "min": 1,
        "var": 0
    },
    "silence_rate_30dB": {
        "dmean": 0.00113830389455,
        "dmean2": 0.00227679288946,
        "dvar": 0.00113697361667,
        "dvar2": 0.00259687751532,
        "max": 1,
        "mean": 0.998292684555,
        "median": 1,
        "min": 0,
        "var": 0.001704554772
    },
    "silence_rate_60dB": {
        "dmean": 0.0281323678792,
        "dmean2": 0.0562693104148,
        "dvar": 0.0273425672203,
        "dvar2": 0.0622167252004,
        "max": 1,
        "mean": 0.173414632678,
        "median": 0,
        "min": 0,
        "var": 0.143315181136
    },
    "spectral_centroid": {
        "dmean": 126.578826904,
        "dmean2": 192.480484009,
        "dvar": 31652.8046875,
        "dvar2": 60110.5039062,
        "max": 11654.0537109,
        "mean": 1104.91381836,
        "median": 982.631347656,
        "min": 254.995529175,
        "var": 338002.40625
    },
    "spectral_complexity": {
        "dmean": 1.71542406082,
        "dmean2": 2.74434876442,
        "dvar": 2.94501638412,
        "dvar2": 6.84176158905,
        "max": 39,
        "mean": 13.3236589432,
        "median": 13,
        "min": 0,
        "var": 44.9370574951
    },
    "spectral_decrease": {
        "dmean": 1.06948139234e-09,
        "dmean2": 1.51150503225e-09,
        "dvar": 2.67416655972e-18,
        "dvar2": 5.30639258085e-18,
        "max": 1.54442055577e-28,
        "mean": -3.93145160871e-09,
        "median": -2.94278912349e-09,
        "min": -4.0840848925e-08,
        "var": 1.4449149581e-17
    },
    "spectral_energy": {
        "dmean": 0.00448954245076,
        "dmean2": 0.00634823180735,
        "dvar": 4.94247215101e-05,
        "dvar2": 9.89869222394e-05,
        "max": 0.177212908864,
        "mean": 0.0163509380072,
        "median": 0.0120611358434,
        "min": 1.02997920702e-20,
        "var": 0.000251373799983
    },
    "spectral_energyband_high": {
        "dmean": 4.43270000687e-05,
        "dmean2": 6.63193131913e-05,
        "dvar": 1.41964768829e-08,
        "dvar2": 2.86636634428e-08,
        "max": 0.00268864538521,
        "mean": 9.77917006821e-05,
        "median": 1.57146605488e-05,
        "min": 7.05677150974e-21,
        "var": 4.83202065027e-08
    },
    "spectral_energyband_low": {
        "dmean": 0.000122005025332,
        "dmean2": 0.000193707397557,
        "dvar": 1.04784923849e-07,
        "dvar2": 2.51370977367e-07,
        "max": 0.0110349599272,
        "mean": 0.000315496057738,
        "median": 7.21089891158e-05,
        "min": 3.13317723297e-23,
        "var": 6.00909288551e-07
    },
    "spectral_energyband_middle_high": {
        "dmean": 0.00324974954128,
        "dmean2": 0.00462062004954,
        "dvar": 4.15339018218e-05,
        "dvar2": 8.54263853398e-05,
        "max": 0.120142683387,
        "mean": 0.00891357846558,
        "median": 0.00442872894928,
        "min": 1.22280993179e-21,
        "var": 0.000131229593535
    },
    "spectral_energyband_middle_low": {
        "dmean": 0.00205450505018,
        "dmean2": 0.00301015004516,
        "dvar": 9.81789435173e-06,
        "dvar2": 2.07470620808e-05,
        "max": 0.112817592919,
        "mean": 0.00743107683957,
        "median": 0.00523520912975,
        "min": 2.26521547774e-22,
        "var": 8.25317983981e-05
    },
    "spectral_entropy": {
        "dmean": 0.162223666906,
        "dmean2": 0.255806088448,
        "dvar": 0.0311868786812,
        "dvar2": 0.0756982564926,
        "max": 9.80815410614,
        "mean": 6.49915790558,
        "median": 6.55545806885,
        "min": 4.49077749252,
        "var": 0.254787534475
    },
    "spectral_flux": {
        "dmean": 0.0178874414414,
        "dmean2": 0.0295876413584,
        "dvar": 0.000550894183107,
        "dvar2": 0.0014432707103,
        "max": 0.284326195717,
        "mean": 0.0472790375352,
        "median": 0.0407686159015,
        "min": 6.42195949196e-11,
        "var": 0.00119413598441
    },
    "spectral_kurtosis": {
        "dmean": 11.9408969879,
        "dmean2": 21.1426811218,
        "dvar": 174.927612305,
        "dvar2": 513.40838623,
        "max": 207.956878662,
        "mean": 25.5437908173,
        "median": 15.7739973068,
        "min": -1.22266507149,
        "var": 761.625427246
    },
    "spectral_rms": {
        "dmean": 0.000502161856275,
        "dmean2": 0.00070128106745,
        "dvar": 3.86257909213e-07,
        "dvar2": 7.47902618059e-07,
        "max": 0.0131487892941,
        "mean": 0.00353732472286,
        "median": 0.00343030039221,
        "min": 3.16994911223e-12,
        "var": 3.4394179238e-06
    },
    "spectral_rolloff": {
        "dmean": 176.893035889,
        "dmean2": 303.26184082,
        "dvar": 120882.265625,
        "dvar2": 270764.8125,
        "max": 19401.4160156,
        "mean": 1421.15478516,
        "median": 1248.92578125,
        "min": 86.1328125,
        "var": 1032461.375
    },
    "spectral_skewness": {
        "dmean": 0.813405752182,
        "dmean2": 1.4426047802,
        "dvar": 0.596024036407,
        "dvar2": 1.81557869911,
        "max": 11.5894117355,
        "mean": 2.89290118217,
        "median": 2.36334252357,
        "min": -0.0427612997591,
        "var": 2.84620809555
    },
    "spectral_spread": {
        "dmean": 222381.234375,
        "dmean2": 377082.875,
        "dvar": 204366184448,
        "dvar2": 330733289472,
        "max": 41638796,
        "mean": 1803320.75,
        "median": 1727886.375,
        "min": 402167.4375,
        "var": 2.10570929766e+12
    },
    "spectral_strongpeak": {
        "dmean": 0.918473422527,
        "dmean2": 1.44738066196,
        "dvar": 2.13985610008,
        "dvar2": 4.99659156799,
        "max": 24.5833015442,
        "mean": 2.10883784294,
        "median": 1.32935631275,
        "min": 0,
        "var": 5.19894552231
    },
    "zerocrossingrate": {
        "dmean": 0.00408800086007,
        "dmean2": 0.00496436469257,
        "dvar": 2.96347079711e-05,
        "dvar2": 4.21001022914e-05,
        "max": 0.50927734375,
        "mean": 0.0476688332856,
        "median": 0.0439453125,
        "min": 0.01025390625,
        "var": 0.000755359127652
    },
    "barkbands": {
        "dmean": [9.37635661558e-07, 5.88744223933e-05, 5.37748310308e-05, 0.000116301554954, 0.0005302412319, 0.000463820877485, 0.000605164852459, 0.000522171903867, 0.000480845745187, 0.00101774337236, 0.00102756381966, 0.000455385248642, 0.000279833649984, 0.000440112082288, 0.00038952549221, 0.000841822242364, 0.000258455896983, 0.000117726143799, 3.99458622269e-05, 2.91229189315e-05, 2.63982892648e-05, 4.03281410399e-06, 2.05359447136e-06, 3.80570583047e-07, 1.66171645333e-07, 3.58663676536e-08, 3.20066817494e-09],
        "dmean2": [1.41385373809e-06, 9.36104406719e-05, 8.44209571369e-05, 0.000196666980628, 0.000861997250468, 0.000693467271049, 0.000951721158344, 0.000775972148404, 0.000616337289102, 0.00135446456261, 0.00136656209361, 0.000671422516461, 0.000397806667024, 0.000677966978401, 0.000591248332057, 0.00132046511862, 0.000399208860472, 0.000179599228431, 6.12720250501e-05, 4.44555735157e-05, 3.92664733226e-05, 6.19817046754e-06, 3.0870385217e-06, 5.92283583956e-07, 2.57910897972e-07, 5.52191359304e-08, 5.5054485415e-09],
        "dvar": [5.55959098203e-12, 2.46754296995e-08, 3.11138350639e-08, 1.12287921183e-07, 1.42593842156e-06, 7.70783003645e-07, 1.51275480675e-06, 2.24957148021e-06, 1.9306496597e-06, 8.04877254268e-06, 9.97850202111e-06, 2.22770131586e-06, 4.79463437841e-07, 1.87559658116e-06, 1.30213663851e-06, 1.2887651792e-05, 1.02454202988e-06, 1.39148326639e-07, 2.52750300689e-08, 6.71167788013e-09, 5.80368819669e-09, 1.9560542075e-10, 6.15746828525e-11, 5.15405296567e-12, 6.15097653801e-13, 3.63276439095e-14, 6.99507548172e-16],
        "dvar2": [1.17336886735e-11, 5.96986993173e-08, 6.65626416207e-08, 3.37985625265e-07, 3.95144979848e-06, 1.78612685886e-06, 3.80103392672e-06, 5.2108912314e-06, 3.05551452584e-06, 1.33997955345e-05, 1.88668782357e-05, 5.0309913604e-06, 8.49068271691e-07, 4.47313595942e-06, 2.81331426777e-06, 3.07687805616e-05, 2.39608743868e-06, 2.9346480801e-07, 5.67450086919e-08, 1.49185677145e-08, 1.19817542554e-08, 4.6820447519e-10, 1.26729626793e-10, 1.3277477208e-11, 1.57507329662e-12, 9.25754224256e-14, 2.00527130504e-15],
        "max": [0.000169873965206, 0.00462652975693, 0.00706624099985, 0.00856012292206, 0.0726308375597, 0.0257102977484, 0.0267383567989, 0.0568151958287, 0.050447743386, 0.0804004371166, 0.10500767827, 0.0461557023227, 0.0302775036544, 0.0446628890932, 0.0327017828822, 0.103480197489, 0.067260839045, 0.010090328753, 0.00751545792446, 0.00237931474112, 0.00190139410552, 0.000494238804094, 0.00027999249869, 0.00010844875942, 3.27236593876e-05, 7.11885650162e-06, 1.25644316995e-06],
        "mean": [1.85697274446e-06, 0.000107329127786, 0.000124712547404, 0.000228369928664, 0.00147040560842, 0.00143424689304, 0.00140277983155, 0.00109998986591, 0.00119475228712, 0.002165423939, 0.00193447992206, 0.000824298418593, 0.000569185940549, 0.000774166081101, 0.000721131975297, 0.00138457026333, 0.00049068586668, 0.000221100970521, 7.95510059106e-05, 5.68584473513e-05, 5.27461452293e-05, 7.28224313207e-06, 4.07742481912e-06, 5.74598118419e-07, 2.99187632891e-07, 5.99980651828e-08, 3.44966233357e-09],
        "median": [6.37344385268e-07, 2.44211514655e-05, 1.72145209945e-05, 3.54542135028e-05, 0.000346101587638, 0.000602645042818, 0.000411882763728, 0.000310629548039, 0.000294873607345, 0.000296859419905, 0.000389799010009, 0.000277471874142, 0.000159112038091, 0.00017797286273, 0.000130044034449, 0.000143456156366, 7.31199834263e-05, 3.42006605933e-05, 2.0070689061e-05, 1.25873084471e-05, 6.38054552837e-06, 9.960110674e-07, 3.33603509262e-07, 5.32316946078e-08, 1.56913415594e-08, 2.74441336323e-09, 3.88760384995e-10],
        "min": [3.0887681111e-24, 2.96415352884e-24, 1.98810973587e-24, 2.20113787624e-24, 1.76570215767e-23, 1.25300473152e-23, 1.58425042329e-23, 2.22938371148e-23, 1.84245595717e-23, 3.42030272318e-23, 1.12096527209e-23, 3.58943513235e-23, 6.17914620842e-23, 4.04476470021e-23, 6.78534100678e-23, 8.74891992952e-23, 7.72721000427e-23, 1.37711549199e-22, 1.56297149991e-22, 2.20652346908e-22, 2.99187880266e-22, 3.32629726144e-22, 4.62794678513e-22, 6.18158524012e-22, 8.85937093232e-22, 1.41362854376e-21, 2.0406376075e-21],
        "var": [2.23844606045e-11, 6.65083845774e-08, 1.70493336782e-07, 3.25228228348e-07, 2.03177951335e-05, 5.84472718401e-06, 5.70628344576e-06, 6.2917579271e-06, 7.67466826801e-06, 2.96931775665e-05, 2.18255154323e-05, 3.92259335058e-06, 1.40021518291e-06, 3.33184129886e-06, 2.90867978947e-06, 1.79790404218e-05, 1.82218013833e-06, 3.65164396499e-07, 8.05499951184e-08, 1.61598183723e-08, 1.79617263285e-08, 3.93446997204e-10, 2.12256240362e-10, 6.19618549177e-12, 9.36481686468e-13, 5.53452954039e-14, 5.30903522438e-16]
    },
    "erbbands": {
        "dmean": [0.000616331410129, 0.016685700044, 0.0593038387597, 0.195826172829, 0.938138246536, 1.90658915043, 3.59428143501, 3.61893248558, 9.02128505707, 9.12207889557, 9.37223052979, 11.5222854614, 21.3405265808, 37.8787269592, 36.6108055115, 17.5586242676, 13.1378965378, 17.0115528107, 20.8754806519, 31.2067317963, 34.9730300903, 12.6338882446, 7.28841781616, 3.04968905449, 1.29448390007, 1.40314733982, 1.42072331905, 0.584022343159, 0.176342278719, 0.0679560303688, 0.0541303046048, 0.0137101141736, 0.0044305161573, 0.00211463891901, 0.00116266333498, 0.000318002857966, 3.3791140595e-05, 7.3238143159e-06, 2.8888612178e-06, 5.49549213247e-06],
        "dmean2": [0.000911320152227, 0.0266124196351, 0.0941494852304, 0.326882630587, 1.63110554218, 3.12228488922, 5.47578048706, 5.38625812531, 14.0124959946, 13.5255832672, 14.0262365341, 14.6952371597, 27.8577461243, 52.5432128906, 47.2301864624, 25.3590011597, 18.7425498962, 25.9677639008, 31.5288009644, 48.587677002, 54.6293945312, 19.4852981567, 11.1352205276, 4.64115428925, 1.96577477455, 2.12757205963, 2.12197875977, 0.880662202835, 0.268344730139, 0.103694997728, 0.0809831097722, 0.0208159685135, 0.00728432554752, 0.00325865321793, 0.00183540477883, 0.000491640297696, 5.11520447617e-05, 1.1457110304e-05, 4.17895807914e-06, 7.78367211751e-06],
        "dvar": [2.41963061853e-06, 0.0020194509998, 0.035056386143, 0.322149634361, 5.65129089355, 21.2894878387, 94.4909973145, 50.1487159729, 380.420166016, 382.186309814, 848.629211426, 1342.38378906, 4370.99560547, 13726.1943359, 13939.3945312, 3464.24365234, 1030.85083008, 2163.63647461, 3854.72900391, 11432.6640625, 14461.5869141, 3866.35522461, 484.09475708, 95.7945251465, 30.0848903656, 16.7495269775, 16.0250663757, 2.7422413826, 0.327668517828, 0.0663373693824, 0.0432436950505, 0.00323500134982, 0.0021666160319, 9.84296857496e-05, 3.45393782482e-05, 2.86043768938e-06, 2.2680064049e-08, 1.32262734098e-09, 5.59575649706e-11, 7.94865354092e-11],
        "dvar2": [5.09455367137e-06, 0.00489471713081, 0.075053602457, 0.924514830112, 18.5286483765, 58.2644958496, 224.11026001, 116.636024475, 952.870300293, 781.432373047, 2085.35913086, 2133.77905273, 7168.8828125, 27345.8847656, 21829.2949219, 7697.09570312, 1937.64416504, 5282.17041016, 8350.13085938, 26981.8964844, 33935.1875, 9189.61328125, 1003.10961914, 216.560760498, 75.2555770874, 35.0090827942, 31.6735057831, 6.07584619522, 0.779897093773, 0.161980822682, 0.0839376226068, 0.006922963541, 0.00627006823197, 0.000229858167586, 9.29382949835e-05, 7.52719233788e-06, 5.21940783926e-08, 3.02486835579e-09, 1.43028824895e-10, 1.61321012104e-10],
        "max": [0.0481947548687, 1.33818936348, 7.78248310089, 20.9567756653, 57.3605384827, 162.348907471, 755.598144531, 259.490753174, 400.807800293, 729.363891602, 1166.70703125, 1476.27478027, 2498.49731445, 3670.35888672, 5414.13476562, 1655.27185059, 1261.17126465, 1414.95446777, 1915.33337402, 2811.24023438, 3201.61328125, 4688.58056641, 540.937011719, 317.995361328, 341.109588623, 107.127853394, 109.747550964, 52.0073280334, 18.5240249634, 9.59048461914, 9.44994449615, 2.106508255, 3.18490219116, 0.487178891897, 0.236135810614, 0.0542077496648, 0.00567754590884, 0.00177535635885, 0.000425222911872, 0.000226828007726],
        "mean": [0.0013324568281, 0.0312707982957, 0.13631439209, 0.455978125334, 1.73045361042, 4.85599088669, 12.1307191849, 10.907998085, 21.575843811, 21.511724472, 20.3058509827, 29.1914024353, 49.8647956848, 74.9352645874, 74.1044387817, 33.4977302551, 28.2209396362, 33.6292190552, 39.3552742004, 55.0535469055, 65.4165496826, 26.2098884583, 14.7525024414, 6.33560276031, 2.80789136887, 2.82407927513, 2.83989572525, 1.18527436256, 0.34519854188, 0.132534235716, 0.108490712941, 0.024820394814, 0.00594323081896, 0.00382884172723, 0.00194448861293, 0.000547680363525, 6.41625156277e-05, 1.34793153848e-05, 9.67163032328e-06, 1.97878216568e-05],
        "median": [0.000400107877795, 0.00717447604984, 0.0253443233669, 0.0946175605059, 0.536984205246, 1.08951258659, 2.65033054352, 4.81172275543, 6.03311872482, 8.1086063385, 7.31534194946, 8.29403877258, 10.9248924255, 14.6817092896, 18.9312820435, 13.0662670135, 10.1674957275, 12.4179496765, 10.8158760071, 10.3125505447, 9.83249187469, 5.03270959854, 2.80947732925, 1.67428660393, 0.782760262489, 0.6090965271, 0.408498078585, 0.141828820109, 0.0466351173818, 0.0175207555294, 0.00888208672404, 0.00218199659139, 0.000595464662183, 0.000246359588346, 9.70923574641e-05, 3.26537556248e-05, 8.70992698765e-06, 2.37521180679e-06, 6.60793648422e-06, 1.43248935274e-05],
        "min": [1.0532860078e-22, 9.82148639204e-22, 3.98437108703e-21, 1.15605728435e-20, 3.05869903213e-20, 5.09019063931e-20, 8.12315853828e-20, 1.7992501812e-19, 2.93768593356e-19, 3.00300063172e-19, 6.73492832885e-19, 4.87980985209e-19, 7.27118486708e-19, 1.37809541162e-18, 5.84934359517e-19, 1.70724856853e-18, 2.74632628085e-18, 2.96513437122e-18, 2.98737994623e-18, 3.43515700684e-18, 4.39227569951e-18, 5.52108689525e-18, 6.90518753472e-18, 8.62809349487e-18, 6.94205373385e-18, 1.13858135683e-17, 1.14338206495e-17, 1.25549498189e-17, 1.16864085213e-17, 1.12690040852e-17, 1.47859642916e-17, 1.09409425999e-17, 1.12834607208e-17, 9.61233089033e-18, 7.16612620844e-18, 4.89124469348e-18, 2.24897256381e-18, 9.77074528342e-19, 2.967746711e-19, 2.90828916244e-20],
        "var": [9.17527449928e-06, 0.00567875569686, 0.161743044853, 1.56861424446, 10.3311271667, 143.270309448, 1967.37817383, 371.711334229, 1481.91687012, 1550.58435059, 1638.39672852, 5125.27197266, 15087.0546875, 33872.4296875, 36643.875, 5798.98388672, 2929.93603516, 4176.84960938, 7541.48046875, 17932.6484375, 27621.6621094, 5956.53417969, 1342.59606934, 266.481414795, 64.3418197632, 44.2577476501, 49.8209495544, 8.08326816559, 0.758026599884, 0.153840556741, 0.151849836111, 0.00787990912795, 0.00138051691465, 0.000192911335034, 4.06546969316e-05, 4.45043542641e-06, 4.78326960263e-08, 2.90710766571e-09, 1.21479423743e-10, 3.75165565281e-10]
    },
    "gfcc": {
        "mean": [-139.647674561, 168.383758545, -188.084945679, -11.5078458786, -46.4729118347, -20.4768276215, -26.3993759155, -15.9995613098, -11.6304140091, -10.5722532272, -7.60557985306, -6.66769170761, 4.7484869957],
        "cov": [[15581.9052734, -1501.84924316, -3293.20239258, 1120.72888184, -742.344604492, -542.457641602, -42.2920875549, -262.787414551, 301.277557373, -55.9175224304, -303.057434082, -15.4236688614, 117.241165161], [-1501.84924316, 1893.51123047, 724.727294922, -605.294067383, 326.616699219, -112.479682922, 126.248756409, -174.336364746, -43.6663398743, -191.368362427, 90.364402771, -131.590560913, -18.7531852722], [-3293.20239258, 724.727294922, 1216.18200684, -177.629882812, 169.71333313, 206.335418701, -0.119690164924, 52.0531539917, -129.233337402, -85.4198226929, 39.8614120483, -28.9587059021, -75.8902282715], [1120.72888184, -605.294067383, -177.629882812, 653.150085449, -114.296257019, 26.6066856384, -39.886592865, 5.31699562073, 8.17366600037, 33.3683853149, -69.4051513672, 15.4305782318, -33.2974662781], [-742.344604492, 326.616699219, 169.71333313, -114.296257019, 317.01574707, 65.3296737671, 20.8240184784, 34.708026886, 20.8890705109, 32.5437393188, 6.56999731064, -13.3092756271, -5.94420719147], [-542.457641602, -112.479682922, 206.335418701, 26.6066856384, 65.3296737671, 251.24949646, 25.1941337585, 84.2273101807, -27.5607662201, 0.140953406692, -5.56447553635, 36.5472564697, -11.9963474274], [-42.2920875549, 126.248756409, -0.119690164924, -39.886592865, 20.8240184784, 25.1941337585, 205.830947876, 34.8528022766, 6.7755355835, -23.1218013763, -0.95602864027, 4.1295208931, -3.67897725105], [-262.787414551, -174.336364746, 52.0531539917, 5.31699562073, 34.708026886, 84.2273101807, 34.8528022766, 216.296386719, 47.9901351929, 62.8946266174, -19.2846755981, -8.77836704254, -15.7724218369], [301.277557373, -43.6663398743, -129.233337402, 8.17366600037, 20.8890705109, -27.5607662201, 6.7755355835, 47.9901351929, 150.740158081, 63.2725257874, -13.9715414047, -15.564909935, -7.91654872894], [-55.9175224304, -191.368362427, -85.4198226929, 33.3683853149, 32.5437393188, 0.140953406692, -23.1218013763, 62.8946266174, 63.2725257874, 149.437606812, 17.3710269928, 10.0492649078, 5.52269887924], [-303.057434082, 90.364402771, 39.8614120483, -69.4051513672, 6.56999731064, -5.56447553635, -0.95602864027, -19.2846755981, -13.9715414047, 17.3710269928, 122.673309326, 41.1563453674, 25.7270412445], [-15.4236688614, -131.590560913, -28.9587059021, 15.4305782318, -13.3092756271, 36.5472564697, 4.1295208931, -8.77836704254, -15.564909935, 10.0492649078, 41.1563453674, 128.676574707, 52.8242225647], [117.241165161, -18.7531852722, -75.8902282715, -33.2974662781, -5.94420719147, -11.9963474274, -3.67897725105, -15.7724218369, -7.91654872894, 5.52269887924, 25.7270412445, 52.8242225647, 109.279830933]],
        "icov": [[0.000259948283201, -0.000461996212834, 0.000926165317651, -0.000459122704342, 0.0004747757921, -0.000366661755834, 0.000313063239446, -0.000273159210337, 6.62251914036e-05, 0.000136697926791, 0.000378118129447, -0.000226098258281, 0.000119972777611], [-0.000461996212834, 0.00323479669169, -0.00295034702867, 0.00189726438839, -0.00271706096828, 0.00226171920076, -0.0018919587601, 0.00216845748946, -0.00138661323581, 0.00193358515389, -0.00193489401136, 0.00233262591064, -0.000940462748986], [0.000926165317651, -0.00295034702867, 0.00530018052086, -0.0019747952465, 0.00219967169687, -0.00297838822007, 0.0021394668147, -0.00221305876039, 0.00178679963574, -5.39988250239e-05, 0.00141568318941, -0.00153972581029, 0.00166756648105], [-0.000459122704342, 0.00189726438839, -0.0019747952465, 0.00326126767322, -0.00101316347718, 0.000855852675159, -0.000871480966453, 0.00148025900126, -0.000463330943603, 1.05930957943e-05, -7.09707383066e-05, 0.00066284154309, 0.000325798202539], [0.0004747757921, -0.00271706096828, 0.00219967169687, -0.00101316347718, 0.00636159535497, -0.00292608398013, 0.00122373457998, -0.00131574529223, 0.00039604093763, -0.00278667639941, 0.00199843733571, -0.00130271958187, 0.000448110571597], [-0.000366661755834, 0.00226171920076, -0.00297838822007, 0.000855852675159, -0.00292608398013, 0.0079292319715, -0.00161219737493, -0.000907265697606, 0.000121549266623, 0.00171860237606, -0.000665387313347, -0.00100119737908, 6.25353786745e-05], [0.000313063239446, -0.0018919587601, 0.0021394668147, -0.000871480966453, 0.00122373457998, -0.00161219737493, 0.00653600366786, -0.00248337769881, 0.000377877469873, 0.000730338098947, 0.000835277140141, -0.00178083672654, 0.000965531275142], [-0.000273159210337, 0.00216845748946, -0.00221305876039, 0.00148025900126, -0.00131574529223, -0.000907265697606, -0.00248337769881, 0.00859138462692, -0.00248268875293, -0.00171281863004, -6.7449931521e-05, 0.00243488117121, -0.000689828302711], [6.62251914036e-05, -0.00138661323581, 0.00178679963574, -0.000463330943603, 0.00039604093763, 0.000121549266623, 0.000377877469873, -0.00248268875293, 0.010304688476, -0.00416928436607, 0.00163118075579, -0.00063554791268, 0.00136035878677], [0.000136697926791, 0.00193358515389, -5.39988250239e-05, 1.05930957943e-05, -0.00278667639941, 0.00171860237606, 0.000730338098947, -0.00171281863004, -0.00416928436607, 0.0127639751881, -0.00357539649121, 0.000952621572651, -0.000600495899562], [0.000378118129447, -0.00193489401136, 0.00141568318941, -7.09707383066e-05, 0.00199843733571, -0.000665387313347, 0.000835277140141, -6.7449931521e-05, 0.00163118075579, -0.00357539649121, 0.0121223097667, -0.00462581729516, -4.11222572438e-05], [-0.000226098258281, 0.00233262591064, -0.00153972581029, 0.00066284154309, -0.00130271958187, -0.00100119737908, -0.00178083672654, 0.00243488117121, -0.00063554791268, 0.000952621572651, -0.00462581729516, 0.0137771181762, -0.00577854458243], [0.000119972777611, -0.000940462748986, 0.00166756648105, 0.000325798202539, 0.000448110571597, 6.25353786745e-05, 0.000965531275142, -0.000689828302711, 0.00136035878677, -0.000600495899562, -4.11222572438e-05, -0.00577854458243, 0.0130140613765]]
    },
    "melbands": {
        "dmean": [1.09845086627e-05, 2.76659175142e-05, 5.39815409866e-05, 9.69060420175e-05, 0.000116496135888, 8.8749344286e-05, 0.000131394466734, 0.000107375853986, 7.25722493371e-05, 7.69894104451e-05, 0.000110706423584, 0.00015716732014, 0.000117486692034, 6.4974592533e-05, 3.92907459172e-05, 3.25053697452e-05, 3.47186287399e-05, 3.68026412616e-05, 3.07641421387e-05, 7.18170194887e-05, 3.42855673807e-05, 1.49464567585e-05, 8.57863506099e-06, 5.65844811717e-06, 2.33933883464e-06, 1.29513057345e-06, 8.04772867014e-07, 1.05123228877e-06, 1.03645493255e-06, 6.34272112165e-07, 2.85538675371e-07, 1.17998801841e-07, 4.52579023147e-08, 4.24062136517e-08, 3.99641955084e-08, 1.79205876805e-08, 4.78472284016e-09, 3.34871441687e-09, 2.04687600203e-09, 1.85734350122e-09],
        "dmean2": [1.6943891751e-05, 4.42326600023e-05, 9.24041160033e-05, 0.000163651653565, 0.000178677495569, 0.000133551409817, 0.000203857358429, 0.00015838566469, 0.000106804094685, 9.81605844572e-05, 0.000144883175381, 0.000217594526475, 0.000154096109327, 8.81212035893e-05, 5.79188781558e-05, 4.54649998574e-05, 5.39291468158e-05, 5.57636121812e-05, 4.67512836622e-05, 0.000112259935122, 5.2813840739e-05, 2.30249261222e-05, 1.30608414111e-05, 8.64339290274e-06, 3.55979500455e-06, 1.96269161279e-06, 1.24041685012e-06, 1.60056379173e-06, 1.54293013566e-06, 9.64262881098e-07, 4.3454730303e-07, 1.80907491654e-07, 7.11367533768e-08, 6.5057506049e-08, 5.97359246512e-08, 2.75534421945e-08, 7.30546378946e-09, 5.63223112593e-09, 3.23019233583e-09, 2.85169110548e-09],
        "dvar": [8.34568525399e-10, 6.60375842898e-09, 2.03576835389e-08, 4.7283428728e-08, 9.48238607634e-08, 2.96839210989e-08, 7.57067013524e-08, 6.2784906163e-08, 4.88267133392e-08, 5.81314445469e-08, 1.15365700992e-07, 2.3085635803e-07, 1.17323466498e-07, 4.28210462644e-08, 2.33148664819e-08, 7.57655094219e-09, 1.07437383434e-08, 1.46899079567e-08, 9.02246366508e-09, 1.13970550331e-07, 1.06181001769e-08, 5.76167558108e-09, 7.76192388141e-10, 4.21612328383e-10, 6.49189590973e-11, 5.36239282145e-11, 8.4181646029e-12, 1.18562807142e-11, 9.50033454683e-12, 4.78913003005e-12, 8.87192337824e-13, 1.53732332853e-13, 4.91809047101e-14, 2.90180036846e-14, 2.58632091438e-14, 5.52708988061e-15, 5.61741927405e-16, 1.9458392383e-15, 1.36422133868e-16, 6.35772342297e-17],
        "dvar2": [1.93052884789e-09, 1.49119205872e-08, 6.37486650135e-08, 1.40260610237e-07, 2.30005852586e-07, 7.12661858415e-08, 1.88009792623e-07, 1.30025043177e-07, 1.14051196931e-07, 9.30883317096e-08, 1.88665168821e-07, 4.4498321472e-07, 1.97998758722e-07, 7.84804612408e-08, 5.23306802336e-08, 1.28335102545e-08, 2.68961581895e-08, 3.22895630234e-08, 1.97212024489e-08, 2.7286068871e-07, 2.35813164551e-08, 1.35986626404e-08, 1.62083879651e-09, 9.68936375578e-10, 1.40682909766e-10, 1.290153262e-10, 2.12121119281e-11, 2.44722263287e-11, 1.84816259519e-11, 1.04074925761e-11, 2.10868562195e-12, 3.44127748216e-13, 1.35951051306e-13, 6.79444226034e-14, 5.03848366837e-14, 1.23603748696e-14, 1.29961048603e-15, 5.67044216012e-15, 3.47666234918e-16, 1.44748004518e-16],
        "max": [0.000871783297043, 0.00317275803536, 0.00296860956587, 0.00384857365862, 0.0246631912887, 0.00556612573564, 0.00604056753218, 0.00935836043209, 0.00775283854455, 0.00944419391453, 0.0124475667253, 0.0157508850098, 0.0140404356644, 0.00717783533037, 0.00570887513459, 0.00419992674142, 0.00327081955038, 0.00417330022901, 0.00344243110158, 0.00969850365072, 0.00260896771215, 0.00556238275021, 0.000983531936072, 0.00075549155008, 0.000285677437205, 0.000439203053247, 0.000152380584041, 0.0001003546422, 9.37692748266e-05, 7.19070449122e-05, 3.03373653878e-05, 1.14210133688e-05, 1.094720119e-05, 6.82797099216e-06, 8.2162405306e-06, 2.16169473788e-06, 9.00116106095e-07, 3.1175602544e-06, 4.81319943901e-07, 3.55901732974e-07],
        "mean": [2.15106865653e-05, 6.17517725914e-05, 0.000112920250103, 0.000209490666748, 0.00039652781561, 0.000262858491624, 0.000317059806548, 0.000244135269895, 0.000155901972903, 0.000189224680071, 0.000253859529039, 0.000306095549604, 0.000235222454648, 0.000123795180116, 7.28861996322e-05, 6.4669380663e-05, 6.31471993984e-05, 6.40631114948e-05, 5.58701867703e-05, 0.000109411339508, 6.47566121188e-05, 2.8285303415e-05, 1.64120447153e-05, 1.01860396171e-05, 4.56176576336e-06, 2.60196588897e-06, 1.5199294694e-06, 1.94642075257e-06, 1.97545614355e-06, 1.17824868084e-06, 5.30903321305e-07, 2.12903273678e-07, 7.92388519244e-08, 7.6522454151e-08, 7.71779369302e-08, 3.16714654502e-08, 7.46761408266e-09, 3.80294862268e-09, 3.14089732001e-09, 3.31137028908e-09],
        "median": [5.46550836589e-06, 1.19087198982e-05, 2.68638214038e-05, 6.35793985566e-05, 8.92283424037e-05, 0.000115252449177, 9.11873066798e-05, 8.34682141431e-05, 5.13017912454e-05, 4.71580424346e-05, 4.77942703583e-05, 4.54080291092e-05, 5.46072333236e-05, 3.42450875905e-05, 1.89209276868e-05, 1.63059048646e-05, 1.76171706698e-05, 1.4031423234e-05, 9.76538194664e-06, 1.01425030152e-05, 9.77170384431e-06, 3.96173072659e-06, 2.69471229331e-06, 1.61920115715e-06, 1.08197298232e-06, 5.13625650456e-07, 3.8732827079e-07, 3.49536293243e-07, 2.63044853455e-07, 1.284946336e-07, 5.12941227271e-08, 2.51282941122e-08, 1.11514504297e-08, 7.34975369454e-09, 5.81490233742e-09, 2.04828554118e-09, 7.13299974642e-10, 3.33540195463e-10, 2.50263809676e-10, 1.56791940542e-10],
        "min": [1.85439307927e-24, 4.123101428e-24, 2.81705167761e-24, 2.19167450361e-24, 2.49663886045e-24, 4.06092262258e-24, 4.15930659367e-24, 4.57137242625e-24, 5.25689452504e-24, 2.69852867926e-24, 3.00594954896e-24, 5.49905825686e-24, 1.75173999018e-24, 3.40896458316e-24, 4.76749863007e-24, 4.96632234376e-24, 5.5086330561e-24, 4.05698857325e-24, 4.86969713807e-24, 4.2969079958e-24, 4.75200816291e-24, 5.19945243493e-24, 4.80730612907e-24, 5.63199946319e-24, 6.10864263276e-24, 4.07930820927e-24, 5.37223545571e-24, 6.22612255978e-24, 6.48995117307e-24, 3.92762563999e-24, 6.50653973462e-24, 6.54383155619e-24, 5.24194758304e-24, 5.73941707493e-24, 8.85069119044e-24, 7.05764111845e-24, 6.2171792437e-24, 6.63498443379e-24, 8.1772477354e-24, 7.74211837097e-24],
        "var": [2.53771181846e-09, 2.77187623965e-08, 6.05462204817e-08, 1.40182706332e-07, 2.10643111132e-06, 1.95107418222e-07, 3.04360298742e-07, 2.43931594923e-07, 1.05514608606e-07, 2.18383107153e-07, 4.06432036471e-07, 6.22374045633e-07, 3.03304403815e-07, 9.32862036507e-08, 4.99882517602e-08, 2.24150511485e-08, 1.91041298336e-08, 2.72554085967e-08, 1.87074977731e-08, 1.43379523365e-07, 2.79807164105e-08, 8.98629171076e-09, 1.95491312027e-09, 9.16460518585e-10, 1.90415488932e-10, 1.41445008484e-10, 1.3786390432e-11, 2.97384027126e-11, 2.86714783859e-11, 1.14780797714e-11, 2.23549672697e-12, 3.39886864313e-13, 8.01997425176e-14, 7.00405242159e-14, 8.71659108824e-14, 1.50569864194e-14, 8.98974701646e-16, 1.13935153477e-15, 1.84209826928e-16, 1.33988197929e-16]
    },
    "mfcc": {
        "mean": [-752.865905762, 183.838516235, -60.0480117798, 1.40848731995, -13.8273973465, -6.30864334106, -12.3365001678, -8.34308719635, -2.06144714355, -8.09410762787, -10.8273439407, -1.84543585777, 0.457648932934],
        "cov": [[10060.2050781, 191.288742065, -2934.69189453, 1193.33569336, -778.69519043, -0.0924818515778, -558.557250977, -81.7799072266, 150.893585205, -97.6752471924, -194.200958252, 82.6753921509, -92.6055297852], [191.288742065, 1624.81311035, 211.601882935, -310.382659912, 124.432594299, -110.742012024, 85.7657394409, -47.7460098267, -34.2280578613, -25.6864376068, -20.5829162598, -102.613800049, -44.352355957], [-2934.69189453, 211.601882935, 1386.4362793, -352.288360596, 249.951980591, 83.7774124146, 188.433898926, 103.271354675, -91.265083313, 0.71196860075, 47.3706436157, -73.1023330688, -47.1886672974], [1193.33569336, -310.382659912, -352.288360596, 504.870147705, -68.9274978638, 39.2641181946, -60.8750572205, -24.7028598785, 22.3556556702, -8.26426029205, 11.2398357391, 29.5745639801, -36.2294654846], [-778.69519043, 124.432594299, 249.951980591, -68.9274978638, 286.982086182, 37.9597892761, 39.3310546875, 0.578595638275, -1.87772059441, 35.0279312134, 7.83399772644, 14.8577756882, 50.7162017822], [-0.0924818515778, -110.742012024, 83.7774124146, 39.2641181946, 37.9597892761, 185.168838501, 28.492105484, 47.9404182434, 14.5903377533, -30.9287090302, -8.73909378052, 9.47963905334, -1.6492484808], [-558.557250977, 85.7657394409, 188.433898926, -60.8750572205, 39.3310546875, 28.492105484, 192.751098633, 57.9437217712, 0.0110258730128, 0.00143455318175, 6.72866630554, -13.8871355057, 1.47511839867], [-81.7799072266, -47.7460098267, 103.271354675, -24.7028598785, 0.578595638275, 47.9404182434, 57.9437217712, 170.264556885, 46.4153633118, 9.07588100433, 3.89772820473, -0.501960873604, 10.5476198196], [150.893585205, -34.2280578613, -91.265083313, 22.3556556702, -1.87772059441, 14.5903377533, 0.0110258730128, 46.4153633118, 163.322357178, 53.0882759094, 18.0207004547, 33.2946472168, 20.9308509827], [-97.6752471924, -25.6864376068, 0.71196860075, -8.26426029205, 35.0279312134, -30.9287090302, 0.00143455318175, 9.07588100433, 53.0882759094, 167.40222168, 61.8494491577, -0.31660631299, 10.3532743454], [-194.200958252, -20.5829162598, 47.3706436157, 11.2398357391, 7.83399772644, -8.73909378052, 6.72866630554, 3.89772820473, 18.0207004547, 61.8494491577, 119.138122559, 20.8097667694, -20.9016189575], [82.6753921509, -102.613800049, -73.1023330688, 29.5745639801, 14.8577756882, 9.47963905334, -13.8871355057, -0.501960873604, 33.2946472168, -0.31660631299, 20.8097667694, 133.080978394, 58.1002197266], [-92.6055297852, -44.352355957, -47.1886672974, -36.2294654846, 50.7162017822, -1.6492484808, 1.47511839867, 10.5476198196, 20.9308509827, 10.3532743454, -20.9016189575, 58.1002197266, 169.342330933]],
