{
"lowlevel": {
    "average_loudness": 0.383403271437,
    "barkbands_crest": {
        "dmean": 2.50800466537,
        "dmean2": 4.04565048218,
        "dvar": 6.17774486542,
        "dvar2": 14.8172721863,
        "max": 26.9495925903,
        "mean": 11.826883316,
        "median": 10.9664859772,
        "min": 2.25902199745,
        "var": 25.2058296204
    },
    "barkbands_flatness_db": {
        "dmean": 0.0250584613532,
        "dmean2": 0.0368469953537,
        "dvar": 0.000555854116101,
        "dvar2": 0.00117006246001,
        "max": 0.545516133308,
        "mean": 0.16268183291,
        "median": 0.14637118578,
        "min": 0.0278534237295,
        "var": 0.00592960463837
    },
    "barkbands_kurtosis": {
        "dmean": 5.70076990128,
        "dmean2": 8.49443817139,
        "dvar": 397.126800537,
        "dvar2": 878.551208496,
        "max": 3547.99926758,
        "mean": 12.3612518311,
        "median": 2.12101602554,
        "min": -1.90079796314,
        "var": 6021.98339844
    },
    "barkbands_skewness": {
        "dmean": 0.706087350845,
        "dmean2": 1.0452350378,
        "dvar": 0.761640846729,
        "dvar2": 1.53296768665,
        "max": 52.483417511,
        "mean": 1.76321983337,
        "median": 1.27298402786,
        "min": -4.96400499344,
        "var": 5.79230308533
    },
    "barkbands_spread": {
        "dmean": 6.98327159882,
        "dmean2": 10.8773918152,
        "dvar": 84.5223388672,
        "dvar2": 191.604293823,
        "max": 120.023712158,
        "mean": 23.0094909668,
        "median": 19.5922241211,
        "min": 0.0704467594624,
        "var": 297.209411621
    },
    "dissonance": {
        "dmean": 0.0252496879548,
        "dmean2": 0.0426662489772,
        "dvar": 0.000801494345069,
        "dvar2": 0.00215790956281,
        "max": 0.500000059605,
        "mean": 0.441544860601,
        "median": 0.460264325142,
        "min": 0.0805398076773,
        "var": 0.00350686488673
    },
    "dynamic_complexity": 5.41593694687,
    "erbbands_crest": {
        "dmean": 2.50226330757,
        "dmean2": 3.89210152626,
        "dvar": 6.89591550827,
        "dvar2": 15.2189388275,
        "max": 34.4033889771,
        "mean": 11.4106683731,
        "median": 9.84613800049,
        "min": 2.19053411484,
        "var": 39.8643913269
    },
    "erbbands_flatness_db": {
        "dmean": 0.0212400630116,
        "dmean2": 0.0299996472895,
        "dvar": 0.000554710102733,
        "dvar2": 0.000979234231636,
        "max": 0.525009095669,
        "mean": 0.162117958069,
        "median": 0.150321558118,
        "min": 0.0265972837806,
        "var": 0.0062618041411
    },
    "erbbands_kurtosis": {
        "dmean": 1.51889896393,
        "dmean2": 2.28482365608,
        "dvar": 25.4300632477,
        "dvar2": 48.5683784485,
        "max": 361.033660889,
        "mean": 3.06343364716,
        "median": 0.170746445656,
        "min": -1.82425630093,
        "var": 239.212554932
    },
    "erbbands_skewness": {
        "dmean": 0.37020611763,
        "dmean2": 0.553352057934,
        "dvar": 0.180906414986,
        "dvar2": 0.379104733467,
        "max": 15.5940904617,
        "mean": 0.559553861618,
        "median": 0.341764181852,
        "min": -3.39936923981,
        "var": 1.80174863338
    },
    "erbbands_spread": {
        "dmean": 9.68420886993,
        "dmean2": 14.5522317886,
        "dvar": 160.481384277,
        "dvar2": 323.594726562,
        "max": 166.224349976,
        "mean": 42.2066268921,
        "median": 31.7405109406,
        "min": 0.239659368992,
        "var": 976.28326416
    },
    "hfc": {
        "dmean": 5.1766037941,
        "dmean2": 7.32579231262,
        "dvar": 130.000732422,
        "dvar2": 228.123794556,
        "max": 403.792663574,
        "mean": 15.2594709396,
        "median": 5.23610925674,
        "min": 1.07659257407e-16,
        "var": 705.855041504
    },
    "melbands_crest": {
        "dmean": 3.51935172081,
        "dmean2": 5.59764575958,
        "dvar": 11.7153759003,
        "dvar2": 28.1462116241,
        "max": 35.2724723816,
        "mean": 17.0511398315,
        "median": 16.1518554688,
        "min": 1.54249966145,
        "var": 43.2420463562
    },
    "melbands_flatness_db": {
        "dmean": 0.0279508996755,
        "dmean2": 0.0415118746459,
        "dvar": 0.000758334819693,
        "dvar2": 0.00163215224165,
        "max": 0.617391586304,
        "mean": 0.223289847374,
        "median": 0.205061033368,
        "min": 0.00297443801537,
        "var": 0.00837614294142
    },
    "melbands_kurtosis": {
        "dmean": 15.964589119,
        "dmean2": 24.0585327148,
        "dvar": 1328.98278809,
        "dvar2": 2737.49584961,
        "max": 1272.59716797,
        "mean": 31.0070495605,
        "median": 7.22908830643,
        "min": -1.83467400074,
        "var": 5546.64453125
    },
    "melbands_skewness": {
        "dmean": 1.0664331913,
        "dmean2": 1.5914618969,
        "dvar": 1.92854225636,
        "dvar2": 4.00781059265,
        "max": 24.8541183472,
        "mean": 3.08072543144,
        "median": 2.10441541672,
        "min": -4.44085073471,
        "var": 10.8461971283
    },
    "melbands_spread": {
        "dmean": 7.45095539093,
        "dmean2": 11.6205625534,
        "dvar": 107.033599854,
        "dvar2": 240.952270508,
        "max": 196.44442749,
        "mean": 24.367980957,
        "median": 18.3649463654,
        "min": 0.160780966282,
        "var": 484.454803467
    },
    "pitch_salience": {
        "dmean": 0.0795800462365,
        "dmean2": 0.125275537372,
        "dvar": 0.00620900979266,
        "dvar2": 0.0144188906997,
        "max": 0.905752539635,
        "mean": 0.482616782188,
        "median": 0.487295150757,
        "min": 0.0297799855471,
        "var": 0.0249875150621
    },
    "silence_rate_20dB": {
        "dmean": 0,
        "dmean2": 0,
        "dvar": 0,
        "dvar2": 0,
        "max": 1,
        "mean": 1,
        "median": 1,
        "min": 1,
        "var": 0
    },
    "silence_rate_30dB": {
        "dmean": 0.000126988161355,
        "dmean2": 0.000253984384472,
        "dvar": 0.000126958824694,
        "dvar2": 0.000380859215511,
        "max": 1,
        "mean": 0.999936521053,
        "median": 1,
        "min": 0,
        "var": 6.34847310721e-05
    },
    "silence_rate_60dB": {
        "dmean": 0.0826057940722,
        "dmean2": 0.165216833353,
        "dvar": 0.075788743794,
        "dvar2": 0.163023635745,
        "max": 1,
        "mean": 0.250095248222,
        "median": 0,
        "min": 0,
        "var": 0.18751847744
    },
    "spectral_centroid": {
        "dmean": 242.286315918,
        "dmean2": 366.117370605,
        "dvar": 91753.3515625,
        "dvar2": 194008,
        "max": 11920.4775391,
        "mean": 1460.60461426,
        "median": 1288.46166992,
        "min": 133.771987915,
        "var": 1080405.875
    },
    "spectral_complexity": {
        "dmean": 1.89345693588,
        "dmean2": 2.8939614296,
        "dvar": 5.1506061554,
        "dvar2": 10.747297287,
        "max": 41,
        "mean": 8.14126968384,
        "median": 7,
        "min": 0,
        "var": 29.1523952484
    },
    "spectral_decrease": {
        "dmean": 1.03236497129e-09,
        "dmean2": 1.42805389736e-09,
        "dvar": 2.13613561569e-18,
        "dvar2": 3.76643250241e-18,
        "max": 2.710223266e-28,
        "mean": -3.04512592919e-09,
        "median": -1.83535231457e-09,
        "min": -3.07924530318e-08,
        "var": 1.06511952934e-17
    },
    "spectral_energy": {
        "dmean": 0.00428387429565,
        "dmean2": 0.00592815550044,
        "dvar": 3.90476525354e-05,
        "dvar2": 6.83407561155e-05,
        "max": 0.141550526023,
        "mean": 0.012877044268,
        "median": 0.00749683380127,
        "min": 9.9959510213e-21,
        "var": 0.000201088856556
    },
    "spectral_energyband_high": {
        "dmean": 0.000310660456307,
        "dmean2": 0.000448762089945,
        "dvar": 8.81881817349e-07,
        "dvar2": 1.65247138284e-06,
        "max": 0.0556176416576,
        "mean": 0.000756755063776,
        "median": 0.000159941613674,
        "min": 7.07733712616e-21,
        "var": 5.02402554048e-06
    },
    "spectral_energyband_low": {
        "dmean": 0.0021353897173,
        "dmean2": 0.00297506991774,
        "dvar": 1.3150115592e-05,
        "dvar2": 2.41173693212e-05,
        "max": 0.0739885568619,
        "mean": 0.00370860355906,
        "median": 0.00138646247797,
        "min": 1.14770142478e-23,
        "var": 4.60749979538e-05
    },
    "spectral_energyband_middle_high": {
        "dmean": 0.00185269641224,
        "dmean2": 0.00264701922424,
        "dvar": 1.93678406504e-05,
        "dvar2": 3.41403210768e-05,
        "max": 0.13873013854,
        "mean": 0.0051155211404,
        "median": 0.000768793455791,
        "min": 1.13349330781e-21,
        "var": 9.19561716728e-05
    },
    "spectral_energyband_middle_low": {
        "dmean": 0.00128677044995,
        "dmean2": 0.00186484330334,
        "dvar": 5.47365834791e-06,
        "dvar2": 1.01958839878e-05,
        "max": 0.0732565671206,
        "mean": 0.00358863105066,
        "median": 0.00215084920637,
        "min": 1.28328837592e-22,
        "var": 2.13032853935e-05
    },
    "spectral_entropy": {
        "dmean": 0.223056331277,
        "dmean2": 0.314008355141,
        "dvar": 0.049004226923,
        "dvar2": 0.0881090611219,
        "max": 9.82319736481,
        "mean": 7.29034996033,
        "median": 7.44891738892,
        "min": 3.37675738335,
        "var": 0.710107505322
    },
    "spectral_flux": {
        "dmean": 0.0210407096893,
        "dmean2": 0.0336610265076,
        "dvar": 0.000607758585829,
        "dvar2": 0.00150902196765,
        "max": 0.362537771463,
        "mean": 0.047794289887,
        "median": 0.0389081388712,
        "min": 6.23420967627e-11,
        "var": 0.00133594381623
    },
    "spectral_kurtosis": {
        "dmean": 1.61712276936,
        "dmean2": 2.61895728111,
        "dvar": 10.3889770508,
        "dvar2": 26.8313560486,
        "max": 116.06653595,
        "mean": 5.99216222763,
        "median": 3.49610304832,
        "min": -1.25943684578,
        "var": 92.593460083
    },
    "spectral_rms": {
        "dmean": 0.000593615870457,
        "dmean2": 0.000822745962068,
        "dvar": 4.85571149511e-07,
        "dvar2": 8.44983162551e-07,
        "max": 0.0117515129969,
        "mean": 0.0030494146049,
        "median": 0.0027044378221,
        "min": 3.12284269624e-12,
        "var": 3.26402732753e-06
    },
    "spectral_rolloff": {
        "dmean": 588.722900391,
        "dmean2": 997.608764648,
        "dvar": 1487148.625,
        "dvar2": 3629831,
        "max": 19638.28125,
        "mean": 1724.28369141,
        "median": 1076.66015625,
        "min": 86.1328125,
        "var": 4562999
    },
    "spectral_skewness": {
        "dmean": 0.204244360328,
        "dmean2": 0.323250502348,
        "dvar": 0.0628569126129,
        "dvar2": 0.153401479125,
        "max": 9.21251583099,
        "mean": 1.7542412281,
        "median": 1.51857483387,
        "min": -0.0986691117287,
        "var": 0.970973372459
    },
    "spectral_spread": {
        "dmean": 658354.6875,
        "dmean2": 984167.375,
        "dvar": 622985871360,
        "dvar2": 1.17638732186e+12,
        "max": 43001896,
        "mean": 5842171,
        "median": 5386942,
        "min": 784195.6875,
        "var": 1.03195753841e+13
    },
    "spectral_strongpeak": {
        "dmean": 0.605145514011,
        "dmean2": 0.970695137978,
        "dvar": 1.77130126953,
        "dvar2": 4.02376031876,
        "max": 30.4322299957,
        "mean": 1.28412139416,
        "median": 0.415724486113,
        "min": 0,
        "var": 5.14846372604
    },
    "zerocrossingrate": {
        "dmean": 0.0121743697673,
        "dmean2": 0.0148770762607,
        "dvar": 0.000214493658859,
        "dvar2": 0.000302806933178,
        "max": 0.53271484375,
        "mean": 0.0707010626793,
        "median": 0.06103515625,
        "min": 0.00390625,
        "var": 0.00278494413942
    },
    "barkbands": {
        "dmean": [3.50230357071e-06, 0.00123660441022, 0.000985418912023, 0.000139422438224, 0.000272101344308, 0.000299902836559, 0.000270629039733, 0.000285055080894, 0.000343701831298, 0.000453740445664, 0.000219951252802, 0.00024484100868, 0.000373823102564, 0.000257133709965, 0.000214130617678, 0.000260165543295, 0.0002702124184, 0.000128244108055, 9.69416214502e-05, 0.000110368237074, 0.000124859652715, 4.86189928779e-05, 3.76478637918e-05, 4.24255304097e-05, 2.24985287787e-05, 2.63456622633e-05, 8.37447441882e-06],
        "dmean2": [5.78119488637e-06, 0.0017833301099, 0.00138552580029, 0.000221757334657, 0.000417974573793, 0.00045515326201, 0.000410888838815, 0.000413722562371, 0.000476215180242, 0.000629142392427, 0.000317975587677, 0.000354522519046, 0.00054026208818, 0.000372497946955, 0.000320436200127, 0.000378675671527, 0.000393958645873, 0.000190924591152, 0.000146151520312, 0.000160053110449, 0.00018650770653, 7.20962270861e-05, 5.61768065381e-05, 6.57334312564e-05, 3.35752047249e-05, 3.87929430872e-05, 1.43103879964e-05],
        "dvar": [7.29587432136e-11, 4.33635477748e-06, 3.57243379767e-06, 1.30276220034e-07, 3.84595352898e-07, 3.86002938058e-07, 4.67277374128e-07, 1.19799426557e-06, 2.190469786e-06, 3.18425986734e-06, 9.74391014097e-07, 1.24760993003e-06, 2.07922994377e-06, 1.17412457712e-06, 1.3371852674e-06, 9.74466161097e-07, 7.59504871439e-07, 2.54887169149e-07, 1.50746075178e-07, 1.82402430937e-07, 2.98226012774e-07, 3.37673604633e-08, 2.05466523795e-08, 1.36648656834e-08, 3.57088358882e-09, 7.82674458577e-09, 1.40715261665e-09],
        "dvar2": [1.84409418291e-10, 8.91189120011e-06, 6.79116828906e-06, 3.29047878722e-07, 8.6332607907e-07, 8.4308175019e-07, 9.72651719167e-07, 2.29148122344e-06, 3.22549499288e-06, 5.18874367117e-06, 1.65368976468e-06, 2.28571047955e-06, 3.9318506424e-06, 2.32142565437e-06, 2.64480490841e-06, 1.76270702923e-06, 1.44181456108e-06, 4.89001251935e-07, 2.9879291219e-07, 3.10589484798e-07, 6.21919980404e-07, 6.95550426144e-08, 3.66288048781e-08, 2.85426366986e-08, 7.39501260227e-09, 1.87181878886e-08, 3.63504404355e-09],
        "max": [0.000318276637699, 0.0382043272257, 0.0388565100729, 0.0183794088662, 0.0208767633885, 0.0217565447092, 0.0190440118313, 0.0467310957611, 0.07219337672, 0.0770138129592, 0.0525361560285, 0.0606382377446, 0.0670795738697, 0.0777877271175, 0.127508282661, 0.0326597392559, 0.0292663089931, 0.0366037115455, 0.0185745358467, 0.0275087319314, 0.0434316061437, 0.0101909125224, 0.0135308802128, 0.00684469752014, 0.00301109906286, 0.00575290620327, 0.00172579940408],
        "mean": [4.51689766123e-06, 0.00204751431011, 0.00156477850396, 0.00017706817016, 0.00055512576364, 0.000607878842857, 0.00059447257081, 0.000635359610897, 0.000751058105379, 0.0010681936983, 0.000409708445659, 0.000436710659415, 0.000712792389095, 0.000535499595571, 0.00039396295324, 0.000513001927175, 0.000550059950911, 0.000266366288997, 0.00019187835278, 0.000230154677411, 0.00028776738327, 0.00010414035205, 7.77798195486e-05, 7.4761970609e-05, 4.29228675785e-05, 3.69884364773e-05, 6.55398889648e-06],
        "median": [1.18108550851e-06, 0.000575115089305, 0.000369461282389, 5.10892496095e-05, 0.000161585936439, 0.000150656574988, 8.76710255397e-05, 3.48162066075e-05, 3.28568785335e-05, 3.02133466903e-05, 1.26001759782e-05, 1.75962395588e-05, 3.60399935744e-05, 1.93073283299e-05, 2.16459848161e-05, 2.71954086202e-05, 2.70191267191e-05, 2.29134020628e-05, 2.88157025352e-05, 1.9430222892e-05, 3.74171322619e-05, 1.82649237104e-05, 1.62779215316e-05, 2.15672480408e-05, 1.42150493048e-05, 1.13008863991e-05, 3.49073843608e-07],
        "min": [3.40774155293e-25, 2.69502219254e-24, 1.11008013545e-24, 9.2047850156e-25, 5.91617792683e-24, 8.69913207789e-24, 6.43218091683e-24, 5.43043011912e-24, 1.10061281851e-23, 9.87040435097e-24, 1.38231733546e-23, 2.58901908729e-23, 2.31421308006e-23, 3.05914358365e-23, 4.49205735317e-23, 4.9494701449e-23, 7.26600026722e-23, 8.44248785752e-23, 9.34395139944e-23, 1.70787136425e-22, 2.2632371408e-22, 3.15145993642e-22, 3.5724413014e-22, 6.05315817988e-22, 8.40356735372e-22, 1.13481061717e-21, 2.01630040292e-21],
        "var": [9.54481979565e-11, 1.33982784973e-05, 1.14311369543e-05, 1.93040037288e-07, 1.37606696171e-06, 1.31050398977e-06, 1.70615169282e-06, 4.92412254971e-06, 8.95966149983e-06, 1.51133936015e-05, 3.14135400004e-06, 3.29006593347e-06, 6.57973760099e-06, 6.73104932503e-06, 2.52821610047e-06, 3.35697677656e-06, 2.74901481134e-06, 1.29227862544e-06, 4.39736140834e-07, 6.79382026192e-07, 1.44890236697e-06, 1.14347557201e-07, 8.97877683315e-08, 4.48751826809e-08, 9.98687799125e-09, 1.00082697685e-08, 1.10867059977e-09]
    },
    "erbbands": {
        "dmean": [0.0145214647055, 0.354526817799, 1.29789495468, 0.513545572758, 0.554757416248, 1.03618073463, 1.82722425461, 2.74707555771, 3.6019320488, 3.88305354118, 7.18932723999, 8.92151451111, 9.34986209869, 14.4349422455, 8.3741312027, 10.9594326019, 16.4681987762, 12.2770986557, 12.2993335724, 10.9458999634, 14.9140701294, 12.4448108673, 8.06685829163, 4.55828762054, 4.70446586609, 5.46897649765, 5.74629688263, 3.46618843079, 1.84106099606, 1.16627776623, 1.16653215885, 0.977119326591, 0.650248646736, 0.284574598074, 0.152926564217, 0.091456875205, 0.0525351315737, 0.0145537192002, 0.00155639078002, 4.14992246078e-05],
        "dmean2": [0.022365687415, 0.506540119648, 1.78504920006, 0.775393843651, 0.858328163624, 1.60042881966, 2.83698749542, 4.12759971619, 5.50710058212, 5.78491830826, 10.256939888, 12.190486908, 13.191493988, 20.0560913086, 11.9549226761, 15.5884180069, 23.6896591187, 17.7928352356, 18.1598434448, 16.2330150604, 21.5137577057, 18.0629901886, 11.916384697, 6.68508291245, 7.06936883926, 7.90010643005, 8.47804069519, 5.11303091049, 2.70396399498, 1.73781466484, 1.73244178295, 1.48463249207, 1.02940559387, 0.436848580837, 0.225995093584, 0.133435696363, 0.0779370963573, 0.0233372505754, 0.00267589627765, 6.92543981131e-05],
        "dvar": [0.000589671253692, 0.365795731544, 6.14872169495, 0.805597424507, 2.48850536346, 7.37585544586, 13.9177913666, 43.4767303467, 72.7267990112, 171.767166138, 729.224975586, 1520.33532715, 1409.96630859, 4050.19995117, 1317.49365234, 2188.69555664, 3461.27441406, 2061.73632812, 3230.25097656, 1606.22802734, 2971.5625, 1660.37792969, 840.105407715, 392.00579834, 364.159301758, 413.562530518, 841.327941895, 169.734390259, 52.5250282288, 15.9965991974, 21.9647655487, 9.57563209534, 2.92133069038, 0.559228897095, 0.162236809731, 0.0649069026113, 0.0397331118584, 0.00308759766631, 5.4105574236e-05, 3.23673710056e-08],
        "dvar2": [0.00141487189103, 0.72344827652, 10.9955101013, 1.91308581829, 6.18308591843, 15.3967208862, 31.3167114258, 88.5297546387, 161.064437866, 337.877746582, 1320.30529785, 2153.82592773, 2257.98706055, 6507.96923828, 2213.41040039, 3839.31079102, 6423.98144531, 4007.79150391, 6818.77392578, 3202.546875, 5299.03515625, 3144.04248047, 1641.8861084, 684.775512695, 708.384216309, 711.835205078, 1781.3013916, 324.89263916, 107.965621948, 31.1728477478, 39.6019897461, 17.8928470612, 6.98267745972, 1.2358520031, 0.33730378747, 0.145347431302, 0.0967175289989, 0.00776702538133, 0.000139162366395, 8.14687268758e-08],
        "max": [0.601114809513, 11.6490030289, 52.8689117432, 39.3367500305, 76.8698425293, 78.0684356689, 139.438079834, 220.742660522, 249.442230225, 531.742431641, 1350.15112305, 2168.96923828, 1660.55004883, 3129.93896484, 1558.5723877, 3101.67138672, 2572.79443359, 2346.28173828, 4952.3671875, 2319.2644043, 1902.69787598, 1566.71166992, 1667.49694824, 1029.80297852, 892.681152344, 1103.89990234, 2822.86230469, 867.170227051, 418.896972656, 229.625137329, 360.569335938, 252.752685547, 47.1902732849, 32.6058120728, 23.4444904327, 17.9931755066, 13.9064998627, 3.10548257828, 0.428583443165, 0.00903958175331],
        "mean": [0.0237983763218, 0.583046853542, 2.10264158249, 0.820032715797, 0.914294421673, 2.12323045731, 3.67984390259, 5.5034365654, 7.70074176788, 8.63805007935, 16.8316307068, 20.8064556122, 21.3088340759, 34.8433456421, 16.5380439758, 21.2554035187, 33.0432167053, 26.0504188538, 25.3253765106, 22.4636917114, 31.5399608612, 27.1793842316, 17.5095748901, 9.76765155792, 9.67963218689, 11.8769645691, 12.9724245071, 8.20914363861, 4.0337805748, 2.50879907608, 2.46419453621, 1.92532873154, 1.00254940987, 0.494404226542, 0.300047844648, 0.160517737269, 0.0681364163756, 0.0143604716286, 0.00120408937801, 4.68750185973e-05],
        "median": [0.00739318784326, 0.165575414896, 0.539118111134, 0.378116428852, 0.308491647243, 0.51526927948, 0.927744150162, 1.35288524628, 1.69402527809, 1.45107662678, 1.43645071983, 1.50448799133, 1.4890114069, 1.82218551636, 1.32972431183, 1.94214296341, 2.94304800034, 2.18400073051, 2.27553272247, 1.79954922199, 2.19351434708, 1.7003595829, 1.45304083824, 1.22651124001, 1.60007762909, 0.941691160202, 1.59193694592, 1.1090451479, 0.609171748161, 0.563357830048, 0.495065450668, 0.498334407806, 0.302387773991, 0.159850746393, 0.103117451072, 0.0566504299641, 0.0187431834638, 0.00225373450667, 6.21766084805e-05, 1.44006462506e-05],
        "min": [8.97936765695e-23, 2.52745429965e-22, 2.61851151682e-21, 7.0509505493e-21, 6.62344155597e-21, 1.56447981206e-20, 1.92471018336e-20, 8.29077053354e-20, 1.00838047109e-19, 9.14488039868e-20, 2.28290888922e-19, 2.5089357331e-19, 3.36242766847e-19, 5.55215724662e-19, 1.09871619371e-18, 1.20539974526e-18, 1.30295494516e-18, 2.15559276485e-18, 2.34636977222e-18, 3.44001917448e-18, 3.77443051175e-18, 4.63456103683e-18, 4.81775424555e-18, 6.03413946633e-18, 6.55189497278e-18, 8.23664433205e-18, 7.54964849945e-18, 9.75717352431e-18, 9.61532693851e-18, 9.72567614095e-18, 1.01719988112e-17, 1.07242336872e-17, 9.24432981633e-18, 8.2641489146e-18, 6.56184099247e-18, 3.98415057554e-18, 2.17658743598e-18, 1.0060249192e-18, 2.3992122928e-19, 2.66291104204e-20],
        "var": [0.00144757516682, 1.18467497826, 21.5653648376, 1.62683463097, 4.63374710083, 30.4960155487, 49.5573501587, 148.192138672, 231.361831665, 610.723327637, 3344.38769531, 6751.09960938, 5267.33300781, 20214.0214844, 3970.16210938, 6290.47119141, 11720.8486328, 9982.41503906, 8540.52050781, 4653.70654297, 9775.97265625, 6761.36962891, 3820.59106445, 1325.71789551, 987.317626953, 1711.36584473, 3137.5769043, 944.645324707, 180.165130615, 69.9963989258, 115.309646606, 46.6854019165, 4.95070886612, 1.23233628273, 0.490216970444, 0.132618784904, 0.0440187640488, 0.00291239074431, 4.21991280746e-05, 2.76891771733e-08]
    },
    "gfcc": {
        "mean": [-73.3081817627, 63.6358528137, -99.5482254028, 27.0301151276, -53.1851997375, 16.8691177368, -36.1514930725, 13.4128341675, -22.1060428619, 11.2061758041, -17.926700592, 4.02578020096, -13.2376241684],
        "cov": [[17749.0917969, -1347.16101074, -2728.1003418, 836.238098145, 65.9579925537, 744.913696289, -67.6017227173, 120.193519592, -289.561920166, 258.011566162, -140.477325439, 115.619346619, -31.1817264557], [-1347.16101074, 1644.82885742, 83.6662445068, -561.574951172, -40.3541870117, -219.864868164, -72.1091690063, -64.5776901245, 112.545822144, -60.8487091064, 55.0906982422, 10.7501811981, 47.0295639038], [-2728.1003418, 83.6662445068, 1840.07299805, 366.113586426, -35.7906265259, 2.33029556274, -5.07568693161, -21.274805069, -128.529815674, 2.44591712952, 14.1272106171, -33.4291915894, -86.2435760498], [836.238098145, -561.574951172, 366.113586426, 782.128479004, 156.088806152, 179.793777466, 33.4163017273, 38.8453941345, -108.465133667, 55.9075126648, -26.6851539612, -16.920633316, -65.5552139282], [65.9579925537, -40.3541870117, -35.7906265259, 156.088806152, 298.349121094, 111.784996033, 45.3536834717, 4.6090927124, 24.025478363, 13.0493326187, 12.5762615204, 1.82206690311, -16.3900928497], [744.913696289, -219.864868164, 2.33029556274, 179.793777466, 111.784996033, 260.450164795, 70.8355789185, 35.4455871582, -44.1488990784, 39.4169197083, -3.44347405434, 9.76584434509, -20.4951839447], [-67.6017227173, -72.1091690063, -5.07568693161, 33.4163017273, 45.3536834717, 70.8355789185, 182.639602661, 63.6597824097, 48.5449523926, 7.36937856674, -10.5343999863, -30.771314621, 4.85542917252], [120.193519592, -64.5776901245, -21.274805069, 38.8453941345, 4.6090927124, 35.4455871582, 63.6597824097, 165.628799438, 76.12084198, -3.45706510544, -27.8026332855, -26.7094097137, -10.3106641769], [-289.561920166, 112.545822144, -128.529815674, -108.465133667, 24.025478363, -44.1488990784, 48.5449523926, 76.12084198, 176.705688477, 21.9726657867, -5.64526748657, -36.4367370605, 2.58892321587], [258.011566162, -60.8487091064, 2.44591712952, 55.9075126648, 13.0493326187, 39.4169197083, 7.36937856674, -3.45706510544, 21.9726657867, 122.210708618, 47.3106002808, 12.9230680466, -17.7621002197], [-140.477325439, 55.0906982422, 14.1272106171, -26.6851539612, 12.5762615204, -3.44347405434, -10.5343999863, -27.8026332855, -5.64526748657, 47.3106002808, 112.579330444, 69.5453491211, 9.9833278656], [115.619346619, 10.7501811981, -33.4291915894, -16.920633316, 1.82206690311, 9.76584434509, -30.771314621, -26.7094097137, -36.4367370605, 12.9230680466, 69.5453491211, 135.087799072, 56.6458473206], [-31.1817264557, 47.0295639038, -86.2435760498, -65.5552139282, -16.3900928497, -20.4951839447, 4.85542917252, -10.3106641769, 2.58892321587, -17.7621002197, 9.9833278656, 56.6458473206, 105.416793823]],
        "icov": [[0.000117184084957, -3.56294222001e-05, 0.000227800759603, -0.000169785387698, 0.000148447681568, -0.00023568054894, 9.87333987723e-05, -0.000105694394733, 0.000228162534768, -0.000247508491157, 0.000234856212046, -0.000118177958939, 8.76704143593e-05], [-3.56294222001e-05, 0.000958882039413, -0.000280617299723, 0.000725705351215, -0.000414119480411, 0.000330741138896, 0.000254440383287, 0.000195525586605, -0.000451799685834, 0.00036449599429, -0.000480160815641, 0.000235825107666, -0.000218027445953], [0.000227800759603, -0.000280617299723, 0.00115205987822, -0.000819266948383, 0.000562838395126, -0.000278278719634, -3.11884941766e-05, -0.00024300874793, 0.000879569619428, -0.000364695151802, 0.000142493430758, -7.81210401328e-05, 0.000582130276598], [-0.000169785387698, 0.000725705351215, -0.000819266948383, 0.00298860110343, -0.00171768234577, 0.000313442724291, 2.45679348154e-05, -0.000955667928793, 0.00140250369441, -0.0010605052812, 0.000599449733272, 0.000187553669093, 0.000142860473716], [0.000148447681568, -0.000414119480411, 0.000562838395126, -0.00171768234577, 0.00549582764506, -0.00276473490521, -0.000208680954529, 0.00177450827323, -0.00261526508257, 0.00163787778001, -0.00100307702087, -0.000412906403653, 0.000778170127887], [-0.00023568054894, 0.000330741138896, -0.000278278719634, 0.000313442724291, -0.00276473490521, 0.00782548356801, -0.00266114808619, -0.00188943673857, 0.00334000657313, -0.00249260338023, 0.00144241249654, -0.00132266723085, 0.000851451302879], [9.87333987723e-05, 0.000254440383287, -3.11884941766e-05, 2.45679348154e-05, -0.000208680954529, -0.00266114808619, 0.00819521863014, -0.00176652602386, -0.00157757464331, 0.000474714383017, -0.0016630096361, 0.00306402426213, -0.00256485608406], [-0.000105694394733, 0.000195525586605, -0.00024300874793, -0.000955667928793, 0.00177450827323, -0.00188943673857, -0.00176652602386, 0.0104483421892, -0.00640542432666, 0.0026818877086, 0.00104927737266, -0.00143171742093, 0.00137941120192], [0.000228162534768, -0.000451799685834, 0.000879569619428, 0.00140250369441, -0.00261526508257, 0.00334000657313, -0.00157757464331, -0.00640542432666, 0.0134654380381, -0.00544723914936, 0.000845775182825, 0.00261652818881, -0.00118489819579], [-0.000247508491157, 0.00036449599429, -0.000364695151802, -0.0010605052812, 0.00163787778001, -0.00249260338023, 0.000474714383017, 0.0026818877086, -0.00544723914936, 0.0138851832598, -0.00711504928768, 0.0010301907314, 0.00141040096059], [0.000234856212046, -0.000480160815641, 0.000142493430758, 0.000599449733272, -0.00100307702087, 0.00144241249654, -0.0016630096361, 0.00104927737266, 0.000845775182825, -0.00711504928768, 0.0192506760359, -0.0109619367868, 0.00392443221062], [-0.000118177958939, 0.000235825107666, -7.81210401328e-05, 0.000187553669093, -0.000412906403653, -0.00132266723085, 0.00306402426213, -0.00143171742093, 0.00261652818881, 0.0010301907314, -0.0109619367868, 0.0181546211243, -0.00929791107774], [8.76704143593e-05, -0.000218027445953, 0.000582130276598, 0.000142860473716, 0.000778170127887, 0.000851451302879, -0.00256485608406, 0.00137941120192, -0.00118489819579, 0.00141040096059, 0.00392443221062, -0.00929791107774, 0.0156053621322]]
    },
    "melbands": {
        "dmean": [0.000235179395531, 0.000610977469478, 9.42509068409e-05, 5.5352691561e-05, 5.9916786995e-05, 6.05289496889e-05, 5.49639080418e-05, 4.44053548563e-05, 5.95318742853e-05, 5.43053647561e-05, 4.72210849694e-05, 6.08973641647e-05, 2.85892310785e-05, 2.5222883778e-05, 3.52185415977e-05, 3.50706650352e-05, 2.358970778e-05, 2.22359449253e-05, 1.42180824696e-05, 1.75837012648e-05, 1.894682282e-05, 1.52304819494e-05, 9.5281884569e-06, 6.1918181018e-06, 3.65005234926e-06, 3.99915279559e-06, 3.25215864905e-06, 3.89597062167e-06, 3.69552685697e-06, 3.95876577386e-06, 1.66648260347e-06, 1.22402423131e-06, 7.77044022016e-07, 6.36254640085e-07, 7.11609345672e-07, 6.89700073053e-07, 5.69491760416e-07, 5.09300605245e-07, 3.37129392847e-07, 2.20399726913e-07],
        "dmean2": [0.000352187693352, 0.000839945452753, 0.000140023534186, 8.46453258418e-05, 9.28458321141e-05, 9.09900045372e-05, 8.38797786855e-05, 6.61839585518e-05, 8.43148154672e-05, 7.46208825149e-05, 6.6845677793e-05, 8.45494214445e-05, 4.09872081946e-05, 3.68720611732e-05, 4.96305510751e-05, 5.03219234815e-05, 3.4059448808e-05, 3.27295238094e-05, 2.11274509638e-05, 2.5848254154e-05, 2.73029327218e-05, 2.20610982069e-05, 1.40495876622e-05, 9.1950132628e-06, 5.3530952755e-06, 6.04529668635e-06, 4.86073440698e-06, 5.62643435842e-06, 5.43030500921e-06, 5.84970348427e-06, 2.4741807465e-06, 1.80735332833e-06, 1.16274475204e-06, 9.51314063968e-07, 1.06813411094e-06, 1.0544615634e-06, 8.73603141827e-07, 8.13446945358e-07, 5.35613764896e-07, 3.38922035326e-07],
        "dvar": [1.48291604773e-07, 1.24063274143e-06, 2.78383112118e-08, 2.09046859823e-08, 1.38258036131e-08, 1.86300379568e-08, 1.66234546128e-08, 2.23088676421e-08, 4.73518362298e-08, 5.78218859459e-08, 3.71644688357e-08, 7.40156664847e-08, 1.59567434821e-08, 1.38494327118e-08, 2.21406235568e-08, 1.78407120188e-08, 9.62564072893e-09, 9.37729627282e-09, 7.71469910177e-09, 4.60272309155e-09, 5.48279954771e-09, 2.66873634303e-09, 1.39136246968e-09, 9.7482255601e-10, 3.5784744612e-10, 3.31238564355e-10, 1.7762050164e-10, 2.46962422734e-10, 4.33946767409e-10, 3.45717704464e-10, 5.61408801392e-11, 2.74301380221e-11, 7.5028490365e-12, 6.11109123375e-12, 1.04087329034e-11, 5.87968606094e-12, 3.09859950198e-12, 1.88637690537e-12, 8.21259672681e-13, 3.46850830392e-13],
        "dvar2": [3.39048455089e-07, 2.18602440327e-06, 6.51195080081e-08, 4.60015598946e-08, 3.13119734585e-08, 3.91447017023e-08, 3.67496930664e-08, 4.64151632684e-08, 8.36213942534e-08, 8.45411562977e-08, 5.98129688001e-08, 1.18938139337e-07, 2.6470404535e-08, 2.59659547197e-08, 4.07347933162e-08, 3.25601448026e-08, 1.85423729704e-08, 2.03089030038e-08, 1.48339802664e-08, 8.60105942024e-09, 9.71015090556e-09, 4.87080198397e-09, 2.7811883907e-09, 1.8268335733e-09, 6.10297534731e-10, 6.68325950137e-10, 3.33635924443e-10, 4.22463286576e-10, 8.18281109538e-10, 6.44234832148e-10, 1.06126656074e-10, 5.69269388573e-11, 1.49281715461e-11, 1.14905793214e-11, 1.90114972376e-11, 1.13756842487e-11, 6.08450442807e-12, 4.59246269485e-12, 1.93234707749e-12, 7.63445730245e-13],
        "max": [0.00739926658571, 0.0233118273318, 0.00797154381871, 0.00543613126501, 0.00377591862343, 0.00477781798691, 0.00382429803722, 0.00675686541945, 0.0116101531312, 0.0119202286005, 0.00860621593893, 0.013508903794, 0.00685493741184, 0.00586959160864, 0.00891792401671, 0.00448588700965, 0.00539402477443, 0.00581538816914, 0.0101113943383, 0.00339179090224, 0.00265058688819, 0.00178865762427, 0.00158758542966, 0.00294649857096, 0.00106759741902, 0.00126884051133, 0.000776435656007, 0.000875703641213, 0.00190598412883, 0.00151475111488, 0.000503900169861, 0.000311909534503, 0.000117732808576, 0.000210875659832, 0.000245147733949, 0.000163074539159, 0.000128005849547, 3.32629169861e-05, 3.5727814975e-05, 2.67000905296e-05],
        "mean": [0.000385758525226, 0.00101804116275, 0.0001557575888, 0.000106687461084, 0.000125443693832, 0.000121046810818, 0.000119985539641, 9.7669333627e-05, 0.000139415147714, 0.000121788958495, 0.000104368140455, 0.000145603073179, 5.52605488338e-05, 4.64818476758e-05, 6.8156128691e-05, 6.56190968584e-05, 4.89395715704e-05, 4.48755454272e-05, 2.63357960648e-05, 3.55531446985e-05, 3.77322539862e-05, 3.13405835186e-05, 1.87213590834e-05, 1.33949388328e-05, 7.0005175985e-06, 7.51659763409e-06, 6.49768753647e-06, 7.90159811004e-06, 7.39735605748e-06, 8.80449624674e-06, 3.40358656103e-06, 2.45345518124e-06, 1.57525948907e-06, 1.22047629247e-06, 1.42822398175e-06, 1.34599952162e-06, 1.05710273601e-06, 7.39186646115e-07, 5.10278141519e-07, 3.82996717008e-07],
        "median": [0.000114296657557, 0.000316142628435, 7.22945842426e-05, 2.91512642434e-05, 3.3688134863e-05, 2.86239410343e-05, 2.28443404922e-05, 1.32055265567e-05, 8.16448209662e-06, 5.7856186686e-06, 4.09553013014e-06, 5.13515351486e-06, 2.23251117859e-06, 2.12216082218e-06, 3.98275005864e-06, 3.58905026587e-06, 2.02391402127e-06, 2.59701664618e-06, 1.58582315635e-06, 1.77876040652e-06, 2.07793368645e-06, 1.45003593843e-06, 1.09874031295e-06, 1.03287834463e-06, 7.92136347627e-07, 1.22307255879e-06, 8.01940188921e-07, 4.83980443278e-07, 7.84714416113e-07, 1.01510659078e-06, 4.6834998102e-07, 2.88233621859e-07, 3.70281156847e-07, 2.58037857748e-07, 2.56524799624e-07, 3.01946897707e-07, 2.92769129828e-07, 2.09697276432e-07, 1.59090717489e-07, 1.20866843645e-07],
        "min": [9.62267520546e-25, 9.88104095698e-25, 1.38558882052e-24, 1.33354825825e-24, 1.02261912688e-24, 1.81429232123e-24, 1.45138908913e-24, 4.97054107328e-25, 1.76472523233e-24, 1.62844862348e-24, 1.43132243985e-24, 1.90493381975e-24, 2.53233974679e-24, 3.56503282465e-24, 3.20906703256e-24, 1.88928873585e-24, 3.50554916252e-24, 2.78837579485e-24, 3.95106821951e-24, 2.94162918341e-24, 3.17727574087e-24, 3.13938832931e-24, 3.34263281951e-24, 3.87434321343e-24, 3.18461668324e-24, 2.86662488019e-24, 4.31725745171e-24, 4.09360591875e-24, 4.12404845551e-24, 4.4342526237e-24, 4.82774827614e-24, 3.45771382052e-24, 5.20311274953e-24, 5.03366621595e-24, 5.45480158236e-24, 4.68271225441e-24, 6.2457817624e-24, 5.73725756821e-24, 5.5379195172e-24, 6.29666447408e-24],
        "var": [3.86238838246e-07, 4.48968785349e-06, 5.92967737134e-08, 7.02218159176e-08, 5.20974197116e-08, 6.27688194754e-08, 5.60420794216e-08, 7.3122983224e-08, 2.24287560968e-07, 2.42027283548e-07, 1.38832788821e-07, 3.7248520357e-07, 5.12739219971e-08, 3.71803032806e-08, 7.43265786696e-08, 5.3199642025e-08, 5.16048892507e-08, 3.32443796935e-08, 1.40843079421e-08, 1.66828222348e-08, 1.66081104425e-08, 1.03128563467e-08, 4.3872523392e-09, 6.28446761297e-09, 9.73818470307e-10, 8.09336653251e-10, 5.88395887569e-10, 8.76298256181e-10, 1.32031308109e-09, 1.92076621275e-09, 2.07579842204e-10, 8.26659851683e-11, 2.53555908908e-11, 2.24747113281e-11, 4.9507561245e-11, 2.43307526904e-11, 1.28070774472e-11, 2.89132910322e-12, 1.31046996171e-12, 8.43027524958e-13]
    },
    "mfcc": {
        "mean": [-724.409667969, 98.1859817505, 12.9612493515, 21.8594932556, 7.91123199463, 6.90686178207, 0.160872936249, 0.700521349907, 2.89969277382, 4.42453861237, -0.862934231758, 6.58295631409, -0.339829683304],
        "cov": [[11694.0126953, -1097.10949707, -1956.74584961, 139.191772461, 41.2251167297, 469.124328613, 254.927368164, 81.3877029419, 129.972076416, -4.61131381989, -116.694725037, 264.064758301, -29.5865154266], [-1097.10949707, 1567.21606445, 103.531066895, -309.388244629, -24.2424716949, -142.936630249, -159.759567261, -70.3865203857, -56.5880088806, -93.8258743286, -11.2588882446, -21.0060691833, 69.6884536743], [-1956.74584961, 103.531066895, 1286.0670166, 250.470657349, 78.0459136963, 17.0805568695, 130.941604614, 2.81771230698, -57.3275413513, 35.7641029358, 51.2381858826, -68.2270965576, -53.4988021851], [139.191772461, -309.388244629, 250.470657349, 420.481109619, 132.962646484, 98.0199203491, 103.704727173, 36.9878807068, 21.0229206085, 31.4398288727, 34.0924110413, 18.117515564, -20.9662017822], [41.2251167297, -24.2424716949, 78.0459136963, 132.962646484, 241.280609131, 88.6513366699, 58.8476676941, 46.6860809326, -3.32150125504, -2.93599796295, 21.2712993622, 9.65520000458, 12.1736736298], [469.124328613, -142.936630249, 17.0805568695, 98.0199203491, 88.6513366699, 221.582183838, 126.772827148, 19.2808570862, 6.22405672073, 3.80138659477, 6.45539569855, 26.8413887024, -1.64430892467], [254.927368164, -159.759567261, 130.941604614, 103.704727173, 58.8476676941, 126.772827148, 192.973220825, 55.3063850403, 0.429871559143, 13.4938001633, 10.2987146378, -1.33626782894, -14.4564533234], [81.3877029419, -70.3865203857, 2.81771230698, 36.9878807068, 46.6860809326, 19.2808570862, 55.3063850403, 133.385101318, 62.7509803772, 30.2141494751, 9.28073501587, -21.8631153107, -8.34426784515], [129.972076416, -56.5880088806, -57.3275413513, 21.0229206085, -3.32150125504, 6.22405672073, 0.429871559143, 62.7509803772, 148.815597534, 95.9219665527, 14.642578125, -1.7752764225, -10.9119234085], [-4.61131381989, -93.8258743286, 35.7641029358, 31.4398288727, -2.93599796295, 3.80138659477, 13.4938001633, 30.2141494751, 95.9219665527, 171.774703979, 67.0804977417, -1.70350086689, -34.4028549194], [-116.694725037, -11.2588882446, 51.2381858826, 34.0924110413, 21.2712993622, 6.45539569855, 10.2987146378, 9.28073501587, 14.642578125, 67.0804977417, 129.22567749, 56.3137741089, -11.8499555588], [264.064758301, -21.0060691833, -68.2270965576, 18.117515564, 9.65520000458, 26.8413887024, -1.33626782894, -21.8631153107, -1.7752764225, -1.70350086689, 56.3137741089, 153.260787964, 75.1524581909], [-29.5865154266, 69.6884536743, -53.4988021851, -20.9662017822, 12.1736736298, -1.64430892467, -14.4564533234, -8.34426784515, -10.9119234085, -34.4028549194, -11.8499555588, 75.1524581909, 165.476333618]],
