{
"lowlevel": {
    "average_loudness": 0.723258972168,
    "barkbands_crest": {
        "dmean": 2.54976201057,
        "dmean2": 4.1341843605,
        "dvar": 5.27847862244,
        "dvar2": 12.8496103287,
        "max": 24.9867019653,
        "mean": 9.44121074677,
        "median": 8.72516059875,
        "min": 2.32328915596,
        "var": 14.7681007385
    },
    "barkbands_flatness_db": {
        "dmean": 0.0202405937016,
        "dmean2": 0.0302531532943,
        "dvar": 0.000341242790455,
        "dvar2": 0.000721433083527,
        "max": 0.430089116096,
        "mean": 0.117655202746,
        "median": 0.10908395797,
        "min": 0.0234550014138,
        "var": 0.00192030565813
    },
    "barkbands_kurtosis": {
        "dmean": 2.46901416779,
        "dmean2": 3.67995810509,
        "dvar": 23.9004631042,
        "dvar2": 47.5168838501,
        "max": 173.405654907,
        "mean": 3.20390248299,
        "median": 0.946337461472,
        "min": -1.84102272987,
        "var": 60.749835968
    },
    "barkbands_skewness": {
        "dmean": 0.545787930489,
        "dmean2": 0.804525375366,
        "dvar": 0.325710952282,
        "dvar2": 0.653120219707,
        "max": 11.1167793274,
        "mean": 1.28770291805,
        "median": 1.18879234791,
        "min": -2.50658655167,
        "var": 1.59347319603
    },
    "barkbands_spread": {
        "dmean": 6.18519544601,
        "dmean2": 9.49269294739,
        "dvar": 42.3179550171,
        "dvar2": 95.2054748535,
        "max": 127.073478699,
        "mean": 26.1419658661,
        "median": 25.1865634918,
        "min": 0.619600236416,
        "var": 151.84677124
    },
    "dissonance": {
        "dmean": 0.0167081151158,
        "dmean2": 0.0283866524696,
        "dvar": 0.000254804617725,
        "dvar2": 0.000706690188963,
        "max": 0.500000059605,
        "mean": 0.46715632081,
        "median": 0.473653674126,
        "min": 0.218809127808,
        "var": 0.000648456043564
    },
    "dynamic_complexity": 3.14013290405,
    "erbbands_crest": {
        "dmean": 2.21631360054,
        "dmean2": 3.56269812584,
        "dvar": 4.8315205574,
        "dvar2": 11.2211208344,
        "max": 31.9702949524,
        "mean": 8.52549266815,
        "median": 7.23525190353,
        "min": 2.30924272537,
        "var": 20.3388233185
    },
    "erbbands_flatness_db": {
        "dmean": 0.0166252478957,
        "dmean2": 0.0239826515317,
        "dvar": 0.000280118430965,
        "dvar2": 0.000522231101058,
        "max": 0.369875788689,
        "mean": 0.142126142979,
        "median": 0.136382490396,
        "min": 0.0262132883072,
        "var": 0.00187198154163
    },
    "erbbands_kurtosis": {
        "dmean": 0.680431246758,
        "dmean2": 1.06138288975,
        "dvar": 1.35722136497,
        "dvar2": 2.88856482506,
        "max": 60.3159713745,
        "mean": 0.248056545854,
        "median": -0.292505264282,
        "min": -1.80352079868,
        "var": 6.18278884888
    },
    "erbbands_skewness": {
        "dmean": 0.301249295473,
        "dmean2": 0.457849770784,
        "dvar": 0.0797292217612,
        "dvar2": 0.169792279601,
        "max": 6.50869417191,
        "mean": 0.215440526605,
        "median": 0.140311285853,
        "min": -2.44441103935,
        "var": 0.543467700481
    },
    "erbbands_spread": {
        "dmean": 8.22371387482,
        "dmean2": 12.3886413574,
        "dvar": 78.6709518433,
        "dvar2": 159.45526123,
        "max": 155.19128418,
        "mean": 43.0303459167,
        "median": 38.7293891907,
        "min": 2.15887141228,
        "var": 477.469970703
    },
    "hfc": {
        "dmean": 5.43448257446,
        "dmean2": 7.65090179443,
        "dvar": 93.1265335083,
        "dvar2": 162.873443604,
        "max": 295.171539307,
        "mean": 18.5563793182,
        "median": 10.4223918915,
        "min": 1.05856983054e-16,
        "var": 507.131500244
    },
    "melbands_crest": {
        "dmean": 3.6580452919,
        "dmean2": 5.79078435898,
        "dvar": 10.201007843,
        "dvar2": 23.9942474365,
        "max": 32.0368804932,
        "mean": 14.3452415466,
        "median": 13.308962822,
        "min": 1.59752261639,
        "var": 32.1738471985
    },
    "melbands_flatness_db": {
        "dmean": 0.0254252627492,
        "dmean2": 0.0375697873533,
        "dvar": 0.00057666777866,
        "dvar2": 0.00120409717783,
        "max": 0.56826210022,
        "mean": 0.171054497361,
        "median": 0.160192534328,
        "min": 0.00362153607421,
        "var": 0.00336894206703
    },
    "melbands_kurtosis": {
        "dmean": 8.33880615234,
        "dmean2": 12.2767820358,
        "dvar": 294.14352417,
        "dvar2": 543.053466797,
        "max": 535.306640625,
        "mean": 14.4022550583,
        "median": 6.46399211884,
        "min": -1.71539533138,
        "var": 803.055786133
    },
    "melbands_skewness": {
        "dmean": 0.837351799011,
        "dmean2": 1.23005664349,
        "dvar": 0.924162447453,
        "dvar2": 1.7928442955,
        "max": 19.5706424713,
        "mean": 2.5596973896,
        "median": 2.18961644173,
        "min": -1.78603923321,
        "var": 4.32712697983
    },
    "melbands_spread": {
        "dmean": 8.22802448273,
        "dmean2": 12.6042556763,
        "dvar": 83.6102294922,
        "dvar2": 185.150848389,
        "max": 168.917205811,
        "mean": 28.9356880188,
        "median": 25.2116317749,
        "min": 0.510372042656,
        "var": 335.923187256
    },
    "pitch_salience": {
        "dmean": 0.0807933360338,
        "dmean2": 0.126413628459,
        "dvar": 0.00501839164644,
        "dvar2": 0.0114746429026,
        "max": 0.958653986454,
        "mean": 0.543557941914,
        "median": 0.556834101677,
        "min": 0.0421714782715,
        "var": 0.0166480001062
    },
    "silence_rate_20dB": {
        "dmean": 0,
        "dmean2": 0,
        "dvar": 0,
        "dvar2": 0,
        "max": 1,
        "mean": 1,
        "median": 1,
        "min": 1,
        "var": 0
    },
    "silence_rate_30dB": {
        "dmean": 0.000226269941777,
        "dmean2": 0.000452552689239,
        "dvar": 0.000226194984862,
        "dvar2": 0.000508821976837,
        "max": 1,
        "mean": 0.999547481537,
        "median": 1,
        "min": 0,
        "var": 0.00045228851377
    },
    "silence_rate_60dB": {
        "dmean": 0.0371082685888,
        "dmean2": 0.0742186382413,
        "dvar": 0.0357316248119,
        "dvar2": 0.0825248882174,
        "max": 1,
        "mean": 0.0515315197408,
        "median": 0,
        "min": 0,
        "var": 0.0488918721676
    },
    "spectral_centroid": {
        "dmean": 256.389923096,
        "dmean2": 386.506317139,
        "dvar": 67782.578125,
        "dvar2": 140994.953125,
        "max": 11630.3701172,
        "mean": 1665.7364502,
        "median": 1633.15563965,
        "min": 161.963134766,
        "var": 506596.78125
    },
    "spectral_complexity": {
        "dmean": 3.04463171959,
        "dmean2": 4.71062088013,
        "dvar": 10.0259199142,
        "dvar2": 21.4757957458,
        "max": 53,
        "mean": 14.703707695,
        "median": 14,
        "min": 0,
        "var": 52.1799240112
    },
    "spectral_decrease": {
        "dmean": 1.48778622755e-09,
        "dmean2": 2.04915551194e-09,
        "dvar": 2.94739631017e-18,
        "dvar2": 5.3507327704e-18,
        "max": 1.68444541275e-28,
        "mean": -4.46756143191e-09,
        "median": -3.63432706152e-09,
        "min": -3.44922277407e-08,
        "var": 1.16770663435e-17
    },
    "spectral_energy": {
        "dmean": 0.00601211888716,
        "dmean2": 0.00827491190284,
        "dvar": 4.84657284687e-05,
        "dvar2": 8.69951836648e-05,
        "max": 0.156954661012,
        "mean": 0.0185445453972,
        "median": 0.0149024985731,
        "min": 1.02147370621e-20,
        "var": 0.000204922936973
    },
    "spectral_energyband_high": {
        "dmean": 0.000231007667026,
        "dmean2": 0.00033093438833,
        "dvar": 2.49026015808e-07,
        "dvar2": 4.39784372475e-07,
        "max": 0.0230079386383,
        "mean": 0.000730568601284,
        "median": 0.000448157661594,
        "min": 7.31928745534e-21,
        "var": 1.19067328797e-06
    },
    "spectral_energyband_low": {
        "dmean": 0.00348716811277,
        "dmean2": 0.00490870280191,
        "dvar": 2.66299994109e-05,
        "dvar2": 5.22261289007e-05,
        "max": 0.11516123265,
        "mean": 0.00562216574326,
        "median": 0.00272402120754,
        "min": 1.12723245644e-23,
        "var": 6.33718373138e-05
    },
    "spectral_energyband_middle_high": {
        "dmean": 0.00222008419223,
        "dmean2": 0.00321869296022,
        "dvar": 1.81103932846e-05,
        "dvar2": 3.39969228662e-05,
        "max": 0.132613882422,
        "mean": 0.00603386480361,
        "median": 0.00231101713143,
        "min": 1.26060124116e-21,
        "var": 8.47910559969e-05
    },
    "spectral_energyband_middle_low": {
        "dmean": 0.00235210708342,
        "dmean2": 0.00352075067349,
        "dvar": 9.39027904678e-06,
        "dvar2": 1.95818156499e-05,
        "max": 0.0624341778457,
        "mean": 0.00649454258382,
        "median": 0.00463581597432,
        "min": 1.90010969866e-22,
        "var": 3.86361134588e-05
    },
    "spectral_entropy": {
        "dmean": 0.144361019135,
        "dmean2": 0.213899195194,
        "dvar": 0.0180340800434,
        "dvar2": 0.0353260971606,
        "max": 9.82107257843,
        "mean": 7.6465010643,
        "median": 7.71402549744,
        "min": 5.5351524353,
        "var": 0.131198003888
    },
    "spectral_flux": {
        "dmean": 0.0229812096804,
        "dmean2": 0.037511266768,
        "dvar": 0.000513750186656,
        "dvar2": 0.00130846886896,
        "max": 0.358734846115,
        "mean": 0.0693890750408,
        "median": 0.0626074522734,
        "min": 6.33825492091e-11,
        "var": 0.00120569684077
    },
    "spectral_kurtosis": {
        "dmean": 0.87795561552,
        "dmean2": 1.49334418774,
        "dvar": 1.35489392281,
        "dvar2": 3.77195763588,
        "max": 104.157859802,
        "mean": 3.21606278419,
        "median": 2.91934347153,
        "min": -1.26491236687,
        "var": 5.27436590195
    },
    "spectral_rms": {
        "dmean": 0.000705011188984,
        "dmean2": 0.000964394537732,
        "dvar": 4.75959410551e-07,
        "dvar2": 8.24438359359e-07,
        "max": 0.0123744290322,
        "mean": 0.0039492752403,
        "median": 0.00381300714798,
        "min": 3.15683330171e-12,
        "var": 2.49542222264e-06
    },
    "spectral_rolloff": {
        "dmean": 538.44354248,
        "dmean2": 870.961181641,
        "dvar": 571962.6875,
        "dvar2": 1280912.5,
        "max": 19552.1484375,
        "mean": 1719.56079102,
        "median": 1528.85742188,
        "min": 64.599609375,
        "var": 1773744.625
    },
    "spectral_skewness": {
        "dmean": 0.134780228138,
        "dmean2": 0.219465464354,
        "dvar": 0.0162684265524,
        "dvar2": 0.0414959676564,
        "max": 8.07199954987,
        "mean": 1.31100523472,
        "median": 1.28192520142,
        "min": -0.0700697228312,
        "var": 0.0994116738439
    },
    "spectral_spread": {
        "dmean": 415848.09375,
        "dmean2": 623085.625,
        "dvar": 232741978112,
        "dvar2": 479124488192,
        "max": 42708132,
        "mean": 4879971.5,
        "median": 4729747,
        "min": 768443.375,
        "var": 2.57979344486e+12
    },
    "spectral_strongpeak": {
        "dmean": 0.651862323284,
        "dmean2": 1.07074058056,
        "dvar": 1.3382345438,
        "dvar2": 3.0715200901,
        "max": 25.1273517609,
        "mean": 1.18806278706,
        "median": 0.463863939047,
        "min": 0,
        "var": 3.53298330307
    },
    "zerocrossingrate": {
        "dmean": 0.0103799123317,
        "dmean2": 0.0122435744852,
        "dvar": 0.000102562844404,
        "dvar2": 0.000138731324114,
        "max": 0.52490234375,
        "mean": 0.0685899332166,
        "median": 0.0673828125,
        "min": 0.00390625,
        "var": 0.00100625737105
    },
    "barkbands": {
        "dmean": [1.2901809896e-05, 0.00222132075578, 0.00141266954597, 0.000420362746809, 0.00094671244733, 0.000796309497673, 0.000451572646853, 0.000488382880576, 0.000472709565656, 0.000286216614768, 0.000387226900784, 0.000503647141159, 0.000521664915141, 0.000264510628767, 0.000308968592435, 0.000347780296579, 0.00025607959833, 0.000275598926237, 0.000229155048146, 0.000150225241669, 8.33156373119e-05, 6.32440205663e-05, 4.53596258012e-05, 2.08140245377e-05, 9.17092711461e-06, 8.86633279151e-06, 3.23781978295e-06],
        "dmean2": [2.20377987716e-05, 0.00322448881343, 0.00206030113623, 0.000705815153196, 0.00149298028555, 0.00124393519945, 0.000710641499609, 0.000719977193512, 0.000684616155922, 0.00042404877604, 0.000572777411435, 0.000746499456, 0.000780638307333, 0.000408084189985, 0.000465625693323, 0.000529760029167, 0.000388101354474, 0.000420601136284, 0.000341637787642, 0.000225937066716, 0.000125016347738, 9.48132874328e-05, 7.00638265698e-05, 3.09351344185e-05, 1.3050038433e-05, 1.21539824249e-05, 5.37503638043e-06],
        "dvar": [4.33033275904e-10, 1.06755687739e-05, 5.92428204982e-06, 7.26742825918e-07, 2.80814947473e-06, 2.22206017497e-06, 7.18226601748e-07, 1.42017211147e-06, 1.72554632627e-06, 7.83549637617e-07, 1.21197467706e-06, 2.44769967139e-06, 3.47769537257e-06, 9.95641016743e-07, 6.93611752922e-07, 1.09189818431e-06, 4.42319759486e-07, 5.08102402819e-07, 3.28246159143e-07, 1.8647727984e-07, 4.47927810399e-08, 2.35902870571e-08, 7.72582087194e-09, 1.28215515982e-09, 3.05564296088e-10, 4.07677003267e-10, 1.13403862689e-10],
        "dvar2": [1.13006892732e-09, 2.1986928914e-05, 1.25621072584e-05, 1.90458183624e-06, 6.592524187e-06, 5.07966979058e-06, 1.65404173913e-06, 2.6186071409e-06, 2.99264888781e-06, 1.47521780036e-06, 2.35594006881e-06, 4.71646171718e-06, 7.036866009e-06, 2.01554621526e-06, 1.36686355745e-06, 2.28763155974e-06, 9.55108134804e-07, 1.01773514416e-06, 6.20635319137e-07, 3.52187072394e-07, 8.60469668851e-08, 4.48255654817e-08, 1.6130272229e-08, 2.5535864534e-09, 5.34895572279e-10, 7.56217810594e-10, 2.88004148308e-10],
        "max": [0.000372460635845, 0.0798730254173, 0.0440675541759, 0.0238836705685, 0.0387586355209, 0.0349796414375, 0.0237397383898, 0.0374846048653, 0.0557334907353, 0.0532815717161, 0.033951997757, 0.0824588835239, 0.115926355124, 0.047007817775, 0.0291754901409, 0.0732604339719, 0.028361722827, 0.0301665570587, 0.0237017981708, 0.0280798282474, 0.0109962373972, 0.00868242792785, 0.00444159237668, 0.00167219014838, 0.00137040531263, 0.0010253834771, 0.000417621980887],
        "mean": [1.33068706418e-05, 0.00338405324146, 0.0019897359889, 0.000529547571205, 0.00155982887372, 0.00155915773939, 0.000818404427264, 0.000932808965445, 0.000921368366107, 0.000506962940563, 0.000649450113997, 0.000856376544107, 0.000870178744663, 0.000412402237998, 0.000551109784283, 0.000636907294393, 0.000471834471682, 0.000522957067005, 0.000458409136627, 0.000329950911691, 0.000188996142242, 0.00015122377954, 0.00011884480773, 6.17908444838e-05, 2.74557824014e-05, 1.85522039828e-05, 3.09022357214e-06],
        "median": [5.6673693507e-06, 0.00154916383326, 0.000595103250816, 0.000181035371497, 0.000686362036504, 0.000553984951694, 0.000340980826877, 0.000232557096751, 0.000159569724929, 0.000115714763524, 0.00010804462363, 0.000141625729157, 0.000131786044221, 8.78015489434e-05, 0.000129293621285, 0.000123574995087, 8.83620596142e-05, 0.000146361620864, 0.000158276016009, 0.000115989838378, 8.21603171062e-05, 8.59211941133e-05, 8.33673839225e-05, 4.64608056063e-05, 1.99503010663e-05, 9.86988106888e-06, 5.5498577467e-07],
        "min": [1.82815359341e-25, 3.44476940193e-24, 4.51277938808e-25, 1.94970108447e-24, 2.15304958599e-23, 6.90790900775e-24, 9.4709243997e-24, 2.03034937193e-23, 1.86076289442e-23, 2.06113056668e-23, 1.33843379216e-23, 2.65078847389e-23, 3.32268118616e-23, 3.04068392292e-23, 4.97388286557e-23, 7.58760244997e-23, 5.41519437514e-23, 1.11533559779e-22, 1.78821501729e-22, 1.66093956775e-22, 2.51069157339e-22, 2.9547659894e-22, 4.57317787642e-22, 6.51575681699e-22, 8.98832204864e-22, 1.36652973594e-21, 1.82827877617e-21],
        "var": [4.5325346254e-10, 2.32132060773e-05, 1.24867719933e-05, 1.02643684841e-06, 5.55613860342e-06, 7.60032889957e-06, 1.9862334284e-06, 4.55937743027e-06, 7.67581877881e-06, 2.32229444919e-06, 3.32590320795e-06, 6.53419738228e-06, 1.04789178295e-05, 2.2310591703e-06, 1.9563560727e-06, 4.52001222584e-06, 1.30544992771e-06, 1.47596188071e-06, 1.06498669084e-06, 7.40346649764e-07, 1.59457158588e-07, 8.46722230108e-08, 3.12740340291e-08, 4.47081172084e-09, 1.09802056336e-09, 1.25300680942e-09, 1.09502226731e-10]
    },
    "erbbands": {
        "dmean": [0.0311172436923, 0.614962995052, 1.86620044708, 1.12967789173, 2.76478838921, 3.22823929787, 3.88209867477, 7.91343307495, 7.04643964767, 7.34086370468, 10.5657176971, 11.1243476868, 7.57215452194, 9.69799518585, 16.4782600403, 22.2011566162, 21.6802921295, 15.2356796265, 14.0857524872, 16.076543808, 15.4152774811, 12.9181947708, 14.4319028854, 11.7906656265, 10.0391731262, 6.76736211777, 3.8918094635, 3.00954437256, 2.50972509384, 1.64799129963, 1.37138497829, 0.580406188965, 0.297619313002, 0.12409928441, 0.062253497541, 0.0313544720411, 0.0185325425118, 0.00601181294769, 0.000485648255562, 1.69742179423e-05],
        "dmean2": [0.0481263101101, 0.88624727726, 2.62797927856, 1.81857454777, 4.5535697937, 5.03200864792, 6.00920724869, 12.411614418, 11.0205001831, 11.0838508606, 15.5018901825, 16.2068653107, 11.2942914963, 14.294210434, 24.3087043762, 32.8612709045, 32.4873580933, 22.9570960999, 21.346572876, 24.2555007935, 23.2015342712, 19.4655685425, 21.9440307617, 17.6861381531, 14.9948806763, 10.0617637634, 5.85486984253, 4.48462915421, 3.70823121071, 2.54061150551, 2.10786032677, 0.878580510616, 0.436681181192, 0.180200830102, 0.0888961404562, 0.0438720919192, 0.0255865901709, 0.00897556636482, 0.00081894302275, 2.62527810264e-05],
        "dvar": [0.00220082141459, 0.84361153841, 9.61241054535, 4.45311594009, 28.1505031586, 46.2757911682, 70.6612014771, 262.015289307, 191.361557007, 280.82333374, 704.863525391, 996.469177246, 504.074737549, 1081.97888184, 2408.83300781, 4703.08105469, 5197.64160156, 3407.69555664, 1345.18945312, 1832.84265137, 1926.91101074, 1136.18591309, 1359.54101562, 1303.89868164, 598.40045166, 353.302185059, 66.7071838379, 87.6063308716, 40.1772689819, 9.90322208405, 10.7439365387, 1.24609386921, 0.242339909077, 0.0621672533453, 0.0132211102173, 0.00501938862726, 0.00204202369787, 0.000199063375476, 3.73080479221e-06, 3.18329496096e-09],
        "dvar2": [0.00511787552387, 1.7012834549, 18.2965106964, 11.4378013611, 72.4180984497, 108.601722717, 146.859344482, 588.929748535, 437.222076416, 541.986633301, 1301.3215332, 1782.86560059, 935.593505859, 1901.51342773, 4652.09619141, 9009.12988281, 10595.5351562, 7175.12207031, 2871.41674805, 3977.23608398, 3887.30859375, 2490.78076172, 2624.10107422, 2583.36743164, 1131.82910156, 670.790527344, 126.13129425, 175.681671143, 72.3905487061, 20.2957344055, 22.3765068054, 2.69213104248, 0.465004354715, 0.10578648001, 0.0242188610137, 0.0093992780894, 0.00380306248553, 0.000448827631772, 9.7520669442e-06, 8.28756263616e-09],
        "max": [0.757582247257, 22.6505050659, 63.1456832886, 47.7291412354, 107.117225647, 203.536224365, 251.851745605, 423.984741211, 390.365661621, 702.484375, 789.748046875, 1281.11291504, 1215.05700684, 2483.79931641, 1629.54980469, 3961.24609375, 4636.29150391, 2630.56640625, 1929.96435547, 1705.33874512, 2970.79150391, 1424.33459473, 1516.19470215, 1746.90380859, 1712.47521973, 1318.66381836, 322.170776367, 701.481506348, 451.25012207, 138.822113037, 192.093994141, 49.5906524658, 29.9246196747, 20.2659473419, 8.48844718933, 4.58501195908, 2.11327409744, 0.533530116081, 0.0857922956347, 0.00290229683742],
        "mean": [0.0451396889985, 0.929674804211, 2.74146151543, 1.65849196911, 3.79320001602, 5.07969760895, 7.33944320679, 14.9754295349, 13.6385936737, 14.0985383987, 21.5907306671, 22.6371879578, 14.3948459625, 18.2711238861, 29.7515621185, 40.5143127441, 39.7062072754, 26.024055481, 27.0322952271, 31.0090408325, 29.9079818726, 25.7403240204, 28.9268016815, 26.5531024933, 21.1490917206, 15.0892114639, 9.0190410614, 7.06791114807, 5.97118282318, 4.08665132523, 3.45740675926, 1.60940110683, 0.882004141808, 0.362942099571, 0.173633217812, 0.0768224149942, 0.0365232937038, 0.00819301605225, 0.000453726010164, 3.42463026755e-05],
        "median": [0.0227951779962, 0.402766376734, 0.853341162205, 0.812509894371, 1.36164093018, 1.88265907764, 2.67913460732, 4.97724294662, 6.15043783188, 5.23436927795, 5.80862283707, 4.8686914444, 4.08135032654, 5.37918710709, 7.18588495255, 8.20122814178, 8.18890666962, 6.42533493042, 8.51841163635, 8.23762702942, 7.27319669724, 6.45557785034, 8.98037624359, 6.46718358994, 7.7663526535, 5.24514961243, 4.850669384, 2.64171433449, 3.3322467804, 2.73220229149, 2.26621699333, 1.16258716583, 0.642805635929, 0.258021771908, 0.124818786979, 0.0479765050113, 0.0180980768055, 0.00291620031931, 8.03416696726e-05, 2.25081839744e-05],
        "min": [2.79130069387e-23, 3.4631518805e-22, 1.44408852066e-21, 6.50265339559e-21, 3.08968146972e-20, 5.26122897177e-20, 5.16505306969e-20, 5.47125885347e-20, 1.29737126923e-19, 3.01632521891e-19, 3.48711480605e-19, 4.37613492421e-19, 5.2740286224e-19, 8.67423776534e-19, 8.27002044938e-19, 1.08182537239e-18, 1.9009654792e-18, 2.33235733264e-18, 2.12782183014e-18, 3.0014523564e-18, 4.47978313651e-18, 4.26544492336e-18, 6.35754930145e-18, 6.82114019422e-18, 9.86193925761e-18, 7.63427073048e-18, 8.28244863129e-18, 1.18065490607e-17, 1.14063673521e-17, 1.19405291589e-17, 1.39004724089e-17, 1.06533178389e-17, 1.00803422363e-17, 8.56932148517e-18, 5.46738591629e-18, 4.35979355762e-18, 2.30952673415e-18, 1.06813046677e-18, 2.50035838714e-19, 2.31720641466e-20],
        "var": [0.00361574511044, 1.90635871887, 23.5682601929, 6.8150267601, 41.7123641968, 85.8106765747, 215.717254639, 847.888366699, 572.425292969, 872.690917969, 2402.05371094, 4425.10498047, 1615.74316406, 3139.69702148, 6793.19628906, 13578.6416016, 18046.6386719, 7922.89208984, 4042.88452148, 5713.65087891, 6565.32910156, 3583.57495117, 3627.20483398, 6822.37988281, 1961.9239502, 1344.5020752, 201.095077515, 345.002838135, 146.497268677, 32.7254066467, 41.379108429, 4.32242918015, 0.931984841824, 0.232416898012, 0.0433109216392, 0.0171167999506, 0.00604815594852, 0.000317853729939, 3.21718425766e-06, 3.41405503868e-09]
    },
    "gfcc": {
        "mean": [-2.88162064552, 72.7810287476, -118.773864746, 41.9433708191, -59.1033287048, 15.5318641663, -35.4868888855, 9.82591724396, -21.4369411469, 7.12765789032, -12.0075950623, 4.84549713135, -16.0641136169],
        "cov": [[5080.47802734, -103.376419067, -866.746520996, -141.092224121, 103.814956665, 35.8693733215, -119.953575134, -5.26739311218, -73.2086257935, -29.2089347839, -55.7558250427, 116.926010132, -47.4619598389], [-103.376419067, 817.645263672, 110.301506042, -82.5006027222, -96.2249221802, -43.7787361145, 17.8374004364, -17.0291576385, 39.0583610535, -28.8295097351, 12.8685712814, -106.239593506, 42.240901947], [-866.746520996, 110.301506042, 934.452575684, 196.253997803, -82.6846466064, 4.72877025604, 47.923664093, 29.5733070374, 13.3264350891, 20.0536613464, -29.4214553833, -40.151714325, -50.1615333557], [-141.092224121, -82.5006027222, 196.253997803, 331.86706543, 65.9650802612, 53.7433280945, 11.322842598, 22.6679973602, -21.0151538849, -2.83427071571, 11.7117528915, -14.6568384171, -28.8954963684], [103.814956665, -96.2249221802, -82.6846466064, 65.9650802612, 251.603012085, 81.1292190552, 49.0140419006, -12.0308618546, 8.26834106445, -5.94344377518, 6.67935657501, 19.8349761963, -18.594669342], [35.8693733215, -43.7787361145, 4.72877025604, 53.7433280945, 81.1292190552, 131.668548584, 40.6054801941, 16.7997226715, 1.76333737373, 14.3665142059, 7.96630096436, 13.8088188171, -6.87902736664], [-119.953575134, 17.8374004364, 47.923664093, 11.322842598, 49.0140419006, 40.6054801941, 130.992965698, 34.1724090576, 30.5270137787, 1.96974146366, -5.44106626511, -8.39312553406, -7.44334077835], [-5.26739311218, -17.0291576385, 29.5733070374, 22.6679973602, -12.0308618546, 16.7997226715, 34.1724090576, 83.8202438354, 39.7987213135, 19.5250892639, -1.54354536533, -3.54062652588, 1.33535933495], [-73.2086257935, 39.0583610535, 13.3264350891, -21.0151538849, 8.26834106445, 1.76333737373, 30.5270137787, 39.7987213135, 87.6631393433, 42.7650260925, 8.1564874649, -9.48018550873, 0.681805253029], [-29.2089347839, -28.8295097351, 20.0536613464, -2.83427071571, -5.94344377518, 14.3665142059, 1.96974146366, 19.5250892639, 42.7650260925, 88.0685348511, 40.234992981, 6.63804149628, -11.4874334335], [-55.7558250427, 12.8685712814, -29.4214553833, 11.7117528915, 6.67935657501, 7.96630096436, -5.44106626511, -1.54354536533, 8.1564874649, 40.234992981, 82.359664917, 28.1987876892, 5.77634525299], [116.926010132, -106.239593506, -40.151714325, -14.6568384171, 19.8349761963, 13.8088188171, -8.39312553406, -3.54062652588, -9.48018550873, 6.63804149628, 28.1987876892, 96.0564193726, 34.1292762756], [-47.4619598389, 42.240901947, -50.1615333557, -28.8954963684, -18.594669342, -6.87902736664, -7.44334077835, 1.33535933495, 0.681805253029, -11.4874334335, 5.77634525299, 34.1292762756, 82.3180389404]],
        "icov": [[0.000293564400636, -0.000234335981077, 0.000342606537743, -9.2329843028e-05, -4.59407128801e-05, -1.23149611682e-05, 0.000235398940276, -0.000345410167938, 0.000348910514731, -0.000348859932274, 0.000777874898631, -0.000904701533727, 0.000750285515096], [-0.000234335981077, 0.00233192997985, -0.000714595196769, 0.000764585158322, 0.000493366038427, -0.000427074584877, -0.000345631269738, 0.00128566776402, -0.00182596105151, 0.00233596842736, -0.0030844390858, 0.00416204147041, -0.0026431849692], [0.000342606537743, -0.000714595196769, 0.00197646138258, -0.00136743171606, 0.000861281354446, 0.000112471621833, -0.000513114791829, -4.03505655413e-05, 0.000289259682177, -0.00134957791306, 0.00233781407587, -0.00209069624543, 0.0019588500727], [-9.2329843028e-05, 0.000764585158322, -0.00136743171606, 0.00483960518613, -0.00154274073429, -0.00105219299439, 0.000971787201706, -0.00210468587466, 0.00159653229639, 0.00144111760892, -0.00285749300383, 0.00272477138788, -0.00063572882209], [-4.59407128801e-05, 0.000493366038427, 0.000861281354446, -0.00154274073429, 0.00691924663261, -0.00330897932872, -0.00203612470068, 0.00378000969067, -0.0036107506603, 0.00234061130323, -0.000353997136699, -0.00126626878045, 0.001651043538], [-1.23149611682e-05, -0.000427074584877, 0.000112471621833, -0.00105219299439, -0.00330897932872, 0.0114301824942, -0.00238832132891, -0.0024530813098, 0.0035545763094, -0.00390833429992, 0.00130586593878, -0.00156589027029, -7.44579738239e-05], [0.000235398940276, -0.000345631269738, -0.000513114791829, 0.000971787201706, -0.00203612470068, -0.00238832132891, 0.011083391495, -0.00393040990457, -0.00224805390462, 0.00221802899614, -2.75315815088e-05, 0.000119897311379, 0.00102831306867], [-0.000345410167938, 0.00128566776402, -4.03505655413e-05, -0.00210468587466, 0.00378000969067, -0.0024530813098, -0.00393040990457, 0.0198315028101, -0.00959233473986, 0.000827859912533, 0.000202391122002, 0.00108238705434, -0.00191848620307], [0.000348910514731, -0.00182596105151, 0.000289259682177, 0.00159653229639, -0.0036107506603, 0.0035545763094, -0.00224805390462, -0.00959233473986, 0.0241499878466, -0.0127954082564, 0.00392273999751, 6.95835260558e-05, -0.000981144607067], [-0.000348859932274, 0.00233596842736, -0.00134957791306, 0.00144111760892, 0.00234061130323, -0.00390833429992, 0.00221802899614, 0.000827859912533, -0.0127954082564, 0.0251648556441, -0.0131789278239, 0.00315642077476, 0.0019067338435], [0.000777874898631, -0.0030844390858, 0.00233781407587, -0.00285749300383, -0.000353997136699, 0.00130586593878, -2.75315815088e-05, 0.000202391122002, 0.00392273999751, -0.0131789278239, 0.023816505447, -0.0108380531892, 0.00342683121562], [-0.000904701533727, 0.00416204147041, -0.00209069624543, 0.00272477138788, -0.00126626878045, -0.00156589027029, 0.000119897311379, 0.00108238705434, 6.95835260558e-05, 0.00315642077476, -0.0108380531892, 0.023391013965, -0.0118960449472], [0.000750285515096, -0.0026431849692, 0.0019588500727, -0.00063572882209, 0.001651043538, -7.44579738239e-05, 0.00102831306867, -0.00191848620307, -0.000981144607067, 0.0019067338435, 0.00342683121562, -0.0118960449472, 0.0203641317785]]
    },
    "melbands": {
        "dmean": [0.000445180747192, 0.000936663767789, 0.000234521823586, 0.000220478788833, 0.000132870147354, 0.000168378974195, 0.000103650228994, 8.59969150042e-05, 9.14758129511e-05, 6.62768434267e-05, 3.76650204998e-05, 3.90352834074e-05, 5.03986084368e-05, 5.33419333806e-05, 6.65700354148e-05, 4.47783568234e-05, 2.8478427339e-05, 2.22799371841e-05, 2.30962286878e-05, 2.8669308449e-05, 1.63957338373e-05, 1.43124934766e-05, 1.52725242515e-05, 1.21419752759e-05, 1.01458635982e-05, 8.3970335254e-06, 6.53697225061e-06, 4.63440301246e-06, 2.97718770526e-06, 2.05484730031e-06, 1.86740578556e-06, 1.54303961608e-06, 1.18730372378e-06, 9.89719410427e-07, 9.33696640004e-07, 5.44503507172e-07, 3.70800904648e-07, 2.53431778674e-07, 1.4488894351e-07, 1.06811526734e-07],
        "dmean2": [0.000665897678118, 0.00130758143496, 0.000375095725758, 0.000350150919985, 0.000206320561119, 0.000263700901996, 0.0001619689574, 0.000128704094095, 0.000133348075906, 9.68969761743e-05, 5.6155709899e-05, 5.74771402171e-05, 7.46740915929e-05, 7.88847100921e-05, 9.90993648884e-05, 6.59864599584e-05, 4.34583271272e-05, 3.39536381944e-05, 3.43778265233e-05, 4.3528227252e-05, 2.47042171395e-05, 2.15437466977e-05, 2.35866809817e-05, 1.83470292541e-05, 1.53080127347e-05, 1.28224364744e-05, 9.66016523307e-06, 7.03965361026e-06, 4.60134106106e-06, 3.09795700559e-06, 2.81594725493e-06, 2.30770183407e-06, 1.83118345376e-06, 1.56256487571e-06, 1.45520959904e-06, 8.40652944589e-07, 5.7509942053e-07, 3.81368607805e-07, 2.15747988364e-07, 1.59511088782e-07],
        "dvar": [4.16045168095e-07, 2.18871878133e-06, 1.81963002888e-07, 1.73115324742e-07, 6.84087311242e-08, 1.07591880294e-07, 3.85308105422e-08, 4.24693773482e-08, 5.36139559415e-08, 3.45000223945e-08, 1.30253576813e-08, 1.84686950178e-08, 2.16740616565e-08, 3.06265626193e-08, 4.89586895469e-08, 3.79272364626e-08, 1.21814425214e-08, 3.87028631366e-09, 4.84156625902e-09, 7.91625698326e-09, 2.30102892296e-09, 1.56662505191e-09, 1.57519630672e-09, 1.14328324585e-09, 1.16535170402e-09, 4.42926750832e-10, 5.00219754507e-10, 1.73443148732e-10, 3.66379739047e-11, 3.68484062707e-11, 4.11916958876e-11, 1.67364056641e-11, 7.38921857729e-12, 2.90510866231e-12, 4.95138131884e-12, 2.37366831919e-12, 4.38594554555e-13, 1.69215010927e-13, 8.44162386477e-14, 4.91840353438e-14],
        "dvar2": [9.26796190015e-07, 4.10395659856e-06, 4.60107486333e-07, 4.05180202279e-07, 1.52421634425e-07, 2.45706843316e-07, 8.82114861156e-08, 7.88648577554e-08, 9.59863299954e-08, 6.21616678131e-08, 2.42221158686e-08, 3.2739151834e-08, 4.27575201911e-08, 5.80493768609e-08, 1.04026725012e-07, 7.12384746748e-08, 2.58116248375e-08, 8.42039860061e-09, 9.27407750595e-09, 1.71288974116e-08, 4.51970549875e-09, 3.31641492046e-09, 3.28747651324e-09, 2.29366370341e-09, 2.27911178818e-09, 8.2759804565e-10, 8.95452212379e-10, 3.3976196856e-10, 7.59107360304e-11, 7.00794075548e-11, 8.39121827578e-11, 3.01098104782e-11, 1.49306799563e-11, 6.3201570713e-12, 1.0096533852e-11, 5.14958475167e-12, 9.27385663922e-13, 3.38236545976e-13, 1.54952900554e-13, 8.85826446375e-14],
        "max": [0.0134643353522, 0.034210536629, 0.0106150787324, 0.0084652910009, 0.00663245655596, 0.00830725766718, 0.00539235025644, 0.00879791285843, 0.00641000969335, 0.00867872033268, 0.00603162217885, 0.0103351818398, 0.00469626206905, 0.0112496176735, 0.00981451943517, 0.0155729269609, 0.00514485733584, 0.00366122135893, 0.00327379605733, 0.0057355449535, 0.00239267991856, 0.0016657441156, 0.00200657383539, 0.00112645491026, 0.00159796443768, 0.00152781687211, 0.00137635844294, 0.000743169570342, 0.00019877970044, 0.000317529629683, 0.000395454495447, 0.000256264436757, 0.000150867708726, 6.37374614598e-05, 0.000155262547196, 0.000104378188553, 3.5544810089e-05, 1.93730320461e-05, 2.62574394583e-05, 2.08506662602e-05],
        "mean": [0.000672265305184, 0.00142633123323, 0.000360189587809, 0.000333637493895, 0.000252239347901, 0.000324149616063, 0.000199817426619, 0.00016176974168, 0.000183575568371, 0.000133531080792, 6.82058598613e-05, 7.0228423283e-05, 8.73137978488e-05, 9.31346803554e-05, 0.000114817266876, 7.54728534957e-05, 4.44545439677e-05, 3.96673967771e-05, 4.03381054639e-05, 5.31666955794e-05, 2.93501780106e-05, 2.57956671703e-05, 2.91130345431e-05, 2.26403280976e-05, 2.1465768441e-05, 1.61496955116e-05, 1.29428835862e-05, 9.49774221226e-06, 6.3963766479e-06, 3.9132009988e-06, 4.17732326241e-06, 3.45870148521e-06, 2.56942485066e-06, 2.21185314331e-06, 2.15913814827e-06, 1.26160921354e-06, 9.39122514865e-07, 6.83883456531e-07, 3.8634249222e-07, 2.78582717783e-07],
        "median": [0.000333426927682, 0.00054832972819, 0.000176301342435, 0.000128957559355, 9.78776806733e-05, 0.000112550369522, 8.90943265404e-05, 5.23353337485e-05, 4.32750639447e-05, 2.49380464084e-05, 1.53959681484e-05, 1.62033757078e-05, 1.7383004888e-05, 1.91957551579e-05, 1.61958414537e-05, 1.16344463095e-05, 8.69955692906e-06, 1.08490276034e-05, 9.33698902372e-06, 9.95558366412e-06, 6.35020523987e-06, 4.81399774799e-06, 8.99344377103e-06, 5.30076158611e-06, 4.50083871328e-06, 6.63458604322e-06, 3.43064834851e-06, 3.3444505334e-06, 3.69569147551e-06, 1.46080753893e-06, 1.45156968756e-06, 1.86319357454e-06, 1.44109549183e-06, 1.55904297117e-06, 1.41112661822e-06, 7.51158040657e-07, 7.00616340055e-07, 4.94533253459e-07, 2.58245648865e-07, 1.95561682403e-07],
        "min": [7.02573327256e-25, 7.94932471786e-25, 1.15845259312e-24, 2.69672179336e-24, 2.11316272758e-24, 1.143017149e-24, 1.68513251965e-24, 3.72150141305e-24, 1.91526138951e-24, 2.69352118745e-24, 2.08461345699e-24, 3.48259015474e-24, 1.99905557536e-24, 2.87364377009e-24, 3.162760503e-24, 4.15711947681e-24, 3.32596655517e-24, 2.17722375511e-24, 3.84342262696e-24, 4.32888526145e-24, 4.998511813e-24, 3.26062934791e-24, 3.33810909665e-24, 5.05385158879e-24, 4.64183703218e-24, 6.59014991867e-24, 4.23630336232e-24, 4.20014040071e-24, 4.32609269385e-24, 5.43797044608e-24, 6.08358288839e-24, 5.02043820186e-24, 4.94420386727e-24, 6.41466465486e-24, 7.10459175295e-24, 6.3696948501e-24, 5.85056244888e-24, 6.39296585237e-24, 5.77111981699e-24, 7.16632721853e-24],
        "var": [7.80823711466e-07, 5.46616320207e-06, 2.92830605986e-07, 3.06979870857e-07, 2.00581780518e-07, 3.58345459972e-07, 1.16205796985e-07, 1.34495707016e-07, 1.92838513158e-07, 1.78250886052e-07, 4.12699741048e-08, 5.427341776e-08, 6.02337522082e-08, 7.62041025837e-08, 1.43915869444e-07, 1.13575467253e-07, 2.72059743622e-08, 1.00755732646e-08, 1.28585684323e-08, 3.5410376853e-08, 6.24592999543e-09, 4.30988578159e-09, 4.9634367727e-09, 2.98348656891e-09, 5.86597259655e-09, 1.17560416957e-09, 1.97490823695e-09, 5.69063463018e-10, 9.31043436792e-11, 9.44752609477e-11, 1.68261196642e-10, 5.95596974517e-11, 2.34403902538e-11, 7.41429573986e-12, 1.66861160306e-11, 8.23110850312e-12, 1.23850647619e-12, 5.70956476542e-13, 2.97367436664e-13, 1.61907257891e-13]
    },
    "mfcc": {
        "mean": [-643.717590332, 98.5497741699, 1.45072543621, 28.6327514648, 2.12022256851, 8.44394207001, -1.28214144707, 5.18573760986, -5.66658973694, 4.71183490753, 0.886651873589, 3.66757106781, 4.30467605591],
        "cov": [[3296.96044922, -36.2727241516, -816.479064941, -150.768081665, 73.446723938, -19.614320755, -58.3779258728, 40.9405059814, -33.8450737, -130.35307312, -35.6932983398, 10.9704084396, 8.1871919632], [-36.2727241516, 740.843566895, 111.779815674, -64.3291778564, -67.9863815308, -40.912021637, -31.3586406708, -39.6146736145, 23.8699855804, 28.403585434, 7.53678846359, -16.705581665, -22.9401168823], [-816.479064941, 111.779815674, 784.440979004, 164.928756714, -10.3747272491, 6.94118070602, 31.7010440826, -3.23587226868, 12.649315834, 77.5118255615, 25.5308818817, -24.1010074615, -13.2554473877], [-150.768081665, -64.3291778564, 164.928756714, 217.033203125, 65.5482635498, 41.1403961182, 47.6779556274, 28.0497131348, -0.955711722374, 34.2501144409, 15.9185943604, -0.202513635159, 2.68262696266], [73.446723938, -67.9863815308, -10.3747272491, 65.5482635498, 157.29145813, 69.2933425903, 33.6767539978, 24.62342453, -4.38919067383, -4.80491733551, 6.41415023804, 9.03444480896, 10.8017101288], [-19.614320755, -40.912021637, 6.94118070602, 41.1403961182, 69.2933425903, 127.81438446, 61.5375480652, 35.6899681091, 12.8860712051, 3.21834969521, 6.41732215881, 20.7501964569, 12.2980356216], [-58.3779258728, -31.3586406708, 31.7010440826, 47.6779556274, 33.6767539978, 61.5375480652, 97.3233718872, 43.9209098816, 2.71433472633, 15.5197544098, 3.2764852047, 6.52720832825, 7.55761146545], [40.9405059814, -39.6146736145, -3.23587226868, 28.0497131348, 24.62342453, 35.6899681091, 43.9209098816, 93.2031936646, 34.9120941162, 0.833248138428, -6.65081501007, -2.5025742054, 3.80477142334], [-33.8450737, 23.8699855804, 12.649315834, -0.955711722374, -4.38919067383, 12.8860712051, 2.71433472633, 34.9120941162, 93.0220336914, 30.1121234894, 4.54944944382, -0.803818106651, -5.70618724823], [-130.35307312, 28.403585434, 77.5118255615, 34.2501144409, -4.80491733551, 3.21834969521, 15.5197544098, 0.833248138428, 30.1121234894, 108.740730286, 47.1910514832, 4.01271152496, -7.00063037872], [-35.6932983398, 7.53678846359, 25.5308818817, 15.9185943604, 6.41415023804, 6.41732215881, 3.2764852047, -6.65081501007, 4.54944944382, 47.1910514832, 87.0713348389, 40.6698951721, 1.83011269569], [10.9704084396, -16.705581665, -24.1010074615, -0.202513635159, 9.03444480896, 20.7501964569, 6.52720832825, -2.5025742054, -0.803818106651, 4.01271152496, 40.6698951721, 88.4054336548, 39.585735321], [8.1871919632, -22.9401168823, -13.2554473877, 2.68262696266, 10.8017101288, 12.2980356216, 7.55761146545, 3.80477142334, -5.70618724823, -7.00063037872, 1.83011269569, 39.585735321, 84.8560180664]],
