{
"lowlevel": {
    "average_loudness": 0.873525261879,
    "barkbands_crest": {
        "dmean": 2.95516300201,
        "dmean2": 4.74532938004,
        "dvar": 7.18320131302,
        "dvar2": 17.5068702698,
        "max": 26.6215724945,
        "mean": 11.4226388931,
        "median": 10.4596071243,
        "min": 2.31326723099,
        "var": 23.4299659729
    },
    "barkbands_flatness_db": {
        "dmean": 0.0313300341368,
        "dmean2": 0.0454708077013,
        "dvar": 0.00108533899765,
        "dvar2": 0.00203452655114,
        "max": 0.695143282413,
        "mean": 0.162977173924,
        "median": 0.147059574723,
        "min": 0.0182071086019,
        "var": 0.00811211019754
    },
    "barkbands_kurtosis": {
        "dmean": 9.37418174744,
        "dmean2": 15.5612621307,
        "dvar": 1801.86621094,
        "dvar2": 4413.39599609,
        "max": 2530.62182617,
        "mean": 30.2623767853,
        "median": 3.31189060211,
        "min": -1.92645323277,
        "var": 35224.5703125
    },
    "barkbands_skewness": {
        "dmean": 0.849136531353,
        "dmean2": 1.30110943317,
        "dvar": 1.30164861679,
        "dvar2": 2.94962239265,
        "max": 32.6636123657,
        "mean": 2.24288892746,
        "median": 1.71485757828,
        "min": -5.72068691254,
        "var": 9.14775276184
    },
    "barkbands_spread": {
        "dmean": 7.96089696884,
        "dmean2": 12.300453186,
        "dvar": 122.629516602,
        "dvar2": 271.943481445,
        "max": 122.076713562,
        "mean": 19.5997524261,
        "median": 16.1519126892,
        "min": 0.0241694618016,
        "var": 235.718734741
    },
    "dissonance": {
        "dmean": 0.0271339025348,
        "dmean2": 0.0449188426137,
        "dvar": 0.000774041982368,
        "dvar2": 0.00202744733542,
        "max": 0.500000119209,
        "mean": 0.440084934235,
        "median": 0.454335987568,
        "min": 0.0834288299084,
        "var": 0.00310949306004
    },
    "dynamic_complexity": 3.00498652458,
    "erbbands_crest": {
        "dmean": 3.16183519363,
        "dmean2": 5.11453819275,
        "dvar": 8.58026123047,
        "dvar2": 21.4402122498,
        "max": 33.6576881409,
        "mean": 10.3084850311,
        "median": 9.08606243134,
        "min": 2.36900186539,
        "var": 27.3069553375
    },
    "erbbands_flatness_db": {
        "dmean": 0.025951737538,
        "dmean2": 0.0381264984608,
        "dvar": 0.000641206745058,
        "dvar2": 0.00128580525052,
        "max": 0.630086839199,
        "mean": 0.167158678174,
        "median": 0.158855393529,
        "min": 0.0343631021678,
        "var": 0.00515038892627
    },
    "erbbands_kurtosis": {
        "dmean": 1.89729380608,
        "dmean2": 3.09376335144,
        "dvar": 21.0404605865,
        "dvar2": 46.5713920593,
        "max": 227.408065796,
        "mean": 3.85612106323,
        "median": 0.100124120712,
        "min": -1.9211192131,
        "var": 494.709136963
    },
    "erbbands_skewness": {
        "dmean": 0.576062500477,
        "dmean2": 0.88323533535,
        "dvar": 0.412617474794,
        "dvar2": 0.911918461323,
        "max": 10.9696178436,
        "mean": 0.655118942261,
        "median": 0.548148751259,
        "min": -4.85454273224,
        "var": 1.76511073112
    },
    "erbbands_spread": {
        "dmean": 13.0452575684,
        "dmean2": 20.2920017242,
        "dvar": 286.97946167,
        "dvar2": 683.397949219,
        "max": 200.29095459,
        "mean": 39.9507675171,
        "median": 35.2967758179,
        "min": 0.216581970453,
        "var": 597.353210449
    },
    "hfc": {
        "dmean": 9.32339382172,
        "dmean2": 14.2257003784,
        "dvar": 191.962600708,
        "dvar2": 466.104644775,
        "max": 172.100021362,
        "mean": 20.1490287781,
        "median": 15.2240400314,
        "min": 1.12120507148e-16,
        "var": 366.705871582
    },
    "melbands_crest": {
        "dmean": 3.75042772293,
        "dmean2": 6.0152258873,
        "dvar": 11.5568351746,
        "dvar2": 28.335603714,
        "max": 38.2754020691,
        "mean": 15.5420017242,
        "median": 14.4894351959,
        "min": 1.80680751801,
        "var": 39.5513763428
    },
    "melbands_flatness_db": {
        "dmean": 0.0392775349319,
        "dmean2": 0.0559471137822,
        "dvar": 0.00177357951179,
        "dvar2": 0.00329767889343,
        "max": 0.882685244083,
        "mean": 0.238813281059,
        "median": 0.221953257918,
        "min": 0.00307722878642,
        "var": 0.0113862678409
    },
    "melbands_kurtosis": {
        "dmean": 14.7675390244,
        "dmean2": 23.9667034149,
        "dvar": 1629.40600586,
        "dvar2": 4264.72363281,
        "max": 928.539611816,
        "mean": 22.9052448273,
        "median": 9.9884185791,
        "min": -1.91336727142,
        "var": 2174.95751953
    },
    "melbands_skewness": {
        "dmean": 1.06996035576,
        "dmean2": 1.63893568516,
        "dvar": 2.13034677505,
        "dvar2": 5.15613651276,
        "max": 24.9199848175,
        "mean": 2.98706817627,
        "median": 2.52501392365,
        "min": -3.5931622982,
        "var": 4.95349740982
    },
    "melbands_spread": {
        "dmean": 8.98928070068,
        "dmean2": 14.067276001,
        "dvar": 359.904754639,
        "dvar2": 828.547546387,
        "max": 278.667480469,
        "mean": 20.5139980316,
        "median": 15.0031557083,
        "min": 0.141288891435,
        "var": 596.758178711
    },
    "pitch_salience": {
        "dmean": 0.0833569392562,
        "dmean2": 0.131715729833,
        "dvar": 0.00604354217649,
        "dvar2": 0.0142899733037,
        "max": 0.922033190727,
        "mean": 0.52801412344,
        "median": 0.541995823383,
        "min": 0.00519575783983,
        "var": 0.0220228657126
    },
    "silence_rate_20dB": {
        "dmean": 0,
        "dmean2": 0,
        "dvar": 0,
        "dvar2": 0,
        "max": 1,
        "mean": 1,
        "median": 1,
        "min": 1,
        "var": 0
    },
    "silence_rate_30dB": {
        "dmean": 0.0119426753372,
        "dmean2": 0.0238877274096,
        "dvar": 0.0118005881086,
        "dvar2": 0.0296870358288,
        "max": 1,
        "mean": 0.986764848232,
        "median": 1,
        "min": 0,
        "var": 0.0130597818643
    },
    "silence_rate_60dB": {
        "dmean": 0.0310509558767,
        "dmean2": 0.06210809201,
        "dvar": 0.0300920996815,
        "dvar2": 0.0668003559113,
        "max": 1,
        "mean": 0.070653796196,
        "median": 0,
        "min": 0,
        "var": 0.0656727701426
    },
    "spectral_centroid": {
        "dmean": 317.425476074,
        "dmean2": 484.60635376,
        "dvar": 237318.515625,
        "dvar2": 471417.8125,
        "max": 11610.9990234,
        "mean": 1070.1907959,
        "median": 907.61114502,
        "min": 87.9935073853,
        "var": 627879.3125
    },
    "spectral_complexity": {
        "dmean": 3.82563686371,
        "dmean2": 5.79376935959,
        "dvar": 24.6585998535,
        "dvar2": 56.8979225159,
        "max": 52,
        "mean": 15.431385994,
        "median": 15,
        "min": 0,
        "var": 84.0397720337
    },
    "spectral_decrease": {
        "dmean": 2.93243695992e-09,
        "dmean2": 4.58805615722e-09,
        "dvar": 1.46307372322e-17,
        "dvar2": 3.45349990236e-17,
        "max": 1.05506502214e-26,
        "mean": -8.13749689854e-09,
        "median": -6.57576793017e-09,
        "min": -4.76543924322e-08,
        "var": 4.43794574733e-17
    },
    "spectral_energy": {
        "dmean": 0.0116489715874,
        "dmean2": 0.0182438958436,
        "dvar": 0.000224159928621,
        "dvar2": 0.00053030194249,
        "max": 0.182906851172,
        "mean": 0.0325403362513,
        "median": 0.0264587551355,
        "min": 1.03370321614e-20,
        "var": 0.000676978146657
    },
    "spectral_energyband_high": {
        "dmean": 0.000686518091243,
        "dmean2": 0.00106770650018,
        "dvar": 1.81796406196e-06,
        "dvar2": 3.93714208258e-06,
        "max": 0.0254143998027,
        "mean": 0.000845411326736,
        "median": 0.000249272590736,
        "min": 7.49648020542e-21,
        "var": 3.19142759508e-06
    },
    "spectral_energyband_low": {
        "dmean": 0.00545724853873,
        "dmean2": 0.00805887486786,
        "dvar": 8.27246913104e-05,
        "dvar2": 0.00018452265067,
        "max": 0.144510269165,
        "mean": 0.0125814117491,
        "median": 0.00659303693101,
        "min": 2.39302911974e-23,
        "var": 0.000279382918961
    },
    "spectral_energyband_middle_high": {
        "dmean": 0.00202291388996,
        "dmean2": 0.0030151209794,
        "dvar": 1.07969681267e-05,
        "dvar2": 2.54460956057e-05,
        "max": 0.0469255000353,
        "mean": 0.00437640212476,
        "median": 0.00233072182164,
        "min": 1.22143819734e-21,
        "var": 2.90882435365e-05
    },
    "spectral_energyband_middle_low": {
        "dmean": 0.00852810312063,
        "dmean2": 0.0138171119615,
        "dvar": 0.000176216068212,
        "dvar2": 0.000457397807622,
        "max": 0.168408170342,
        "mean": 0.0161731671542,
        "median": 0.0115813268349,
        "min": 1.9884554305e-22,
        "var": 0.000264502712525
    },
    "spectral_entropy": {
        "dmean": 0.311383187771,
        "dmean2": 0.459160208702,
        "dvar": 0.123469598591,
        "dvar2": 0.246130928397,
        "max": 9.8159198761,
        "mean": 7.30522060394,
        "median": 7.36628580093,
        "min": 2.55550980568,
        "var": 0.654755830765
    },
    "spectral_flux": {
        "dmean": 0.0316079296172,
        "dmean2": 0.0500155724585,
        "dvar": 0.00121657468844,
        "dvar2": 0.00240277638659,
        "max": 0.417833685875,
        "mean": 0.0948119238019,
        "median": 0.0869624316692,
        "min": 6.58959900535e-11,
        "var": 0.00283409981057
    },
    "spectral_kurtosis": {
        "dmean": 3.40500283241,
        "dmean2": 5.47624969482,
        "dvar": 70.1963272095,
        "dvar2": 175.272384644,
        "max": 255.537475586,
        "mean": 8.04529571533,
        "median": 4.95722389221,
        "min": -1.22965025902,
        "var": 341.338562012
    },
    "spectral_rms": {
        "dmean": 0.00100039178506,
        "dmean2": 0.00151724857278,
        "dvar": 1.28987653625e-06,
        "dvar2": 2.86007866634e-06,
        "max": 0.0133583573624,
        "mean": 0.0051349629648,
        "median": 0.00508069107309,
        "min": 3.17567456706e-12,
        "var": 5.37894356967e-06
    },
    "spectral_rolloff": {
        "dmean": 668.926696777,
        "dmean2": 1135.55981445,
        "dvar": 2137414.25,
        "dvar2": 4687326.5,
        "max": 19013.8183594,
        "mean": 1372.97351074,
        "median": 710.595703125,
        "min": 43.06640625,
        "var": 3615285.5
    },
    "spectral_skewness": {
        "dmean": 0.395724594593,
        "dmean2": 0.603092432022,
        "dvar": 0.29596799612,
        "dvar2": 0.642200887203,
        "max": 14.1773529053,
        "mean": 1.98512780666,
        "median": 1.85531508923,
        "min": -0.273898035288,
        "var": 1.72251784801
    },
    "spectral_spread": {
        "dmean": 1186545.5,
        "dmean2": 1765047.375,
        "dvar": 2.07468573491e+12,
        "dvar2": 4.1816621056e+12,
        "max": 41774556,
        "mean": 5112338.5,
        "median": 4563369.5,
        "min": 446044.21875,
        "var": 6.46867740262e+12
    },
    "spectral_strongpeak": {
        "dmean": 0.496284037828,
        "dmean2": 0.831501245499,
        "dvar": 0.609156489372,
        "dvar2": 1.48391270638,
        "max": 10.5563173294,
        "mean": 0.859658360481,
        "median": 0.478088200092,
        "min": 0,
        "var": 0.915961325169
    },
    "zerocrossingrate": {
        "dmean": 0.016597237438,
        "dmean2": 0.0193558055907,
        "dvar": 0.000488765654154,
        "dvar2": 0.000649776251521,
        "max": 0.51611328125,
        "mean": 0.0582276247442,
        "median": 0.0458984375,
        "min": 0.001953125,
        "var": 0.00233653141186
    },
    "barkbands": {
        "dmean": [0.000262321904302, 0.00416805734858, 0.00148458837066, 0.00298131024465, 0.00291497353464, 0.00208380143158, 0.00177544530015, 0.00127970217727, 0.00109810370486, 0.000530651363079, 0.000352163449861, 0.00041582933045, 0.000388863467379, 0.000432540575275, 0.000402527919505, 0.000254270184087, 0.000186062010471, 0.000124128331663, 9.6415351436e-05, 6.06288813287e-05, 0.000123722638818, 0.000156747599249, 0.000139890122227, 0.000116027964395, 9.84983416856e-05, 7.05192505848e-05, 2.84539578388e-06],
        "dmean2": [0.00041317960131, 0.00608816090971, 0.00237239059061, 0.0052152746357, 0.00510334409773, 0.00320114847273, 0.00273778103292, 0.00198342534713, 0.00168366963044, 0.000841738015879, 0.00055734050693, 0.000690188608132, 0.000609525421169, 0.0006595851155, 0.000647537468467, 0.000406300532632, 0.000293622229947, 0.000198295048904, 0.000159172952408, 0.000100118595583, 0.000205605407245, 0.000242063630139, 0.000219275782001, 0.000185756813153, 0.000155237386934, 0.000109885346319, 4.49258413937e-06],
        "dvar": [3.01815333614e-07, 6.58608259982e-05, 9.97482402454e-06, 5.0146067224e-05, 3.75359340978e-05, 1.44194418681e-05, 1.84935124707e-05, 9.12186078494e-06, 6.13068186794e-06, 1.84274347248e-06, 8.8125267439e-07, 1.21669336295e-06, 1.00544536963e-06, 1.2768156239e-06, 7.599172136e-07, 2.22683596007e-07, 8.84259208078e-08, 4.66283438527e-08, 4.55568773816e-08, 1.60545141625e-08, 1.05019495322e-07, 1.40782589142e-07, 1.48349428741e-07, 5.62376243352e-08, 2.90277579751e-08, 1.95402414249e-08, 4.51922423095e-11],
        "dvar2": [6.77509831348e-07, 0.00015065750631, 2.47745447268e-05, 0.000137328752317, 0.000106123377918, 3.17323101626e-05, 4.40012190666e-05, 2.12708928302e-05, 1.36549870149e-05, 4.17095907324e-06, 2.04878278964e-06, 3.08891003442e-06, 2.33119885706e-06, 2.85368287223e-06, 1.96917585527e-06, 5.58519786864e-07, 2.1423674923e-07, 1.15326784567e-07, 1.14664132411e-07, 4.01728925681e-08, 2.62590617695e-07, 3.08507708269e-07, 2.85217680585e-07, 1.31186297381e-07, 6.75496849567e-08, 4.55497080054e-08, 1.06702119362e-10],
        "max": [0.0195719916373, 0.128595799208, 0.0581249371171, 0.0971949696541, 0.0790950134397, 0.0947238504887, 0.0766750723124, 0.110857211053, 0.0447790063918, 0.0337699837983, 0.0216837674379, 0.0296407248825, 0.0279578603804, 0.026937501505, 0.0140423160046, 0.00872106850147, 0.00540819531307, 0.00562572525814, 0.00449208915234, 0.00188320304733, 0.00669324956834, 0.00877712108195, 0.00941697787493, 0.00493960222229, 0.00263991230167, 0.00143224466592, 0.000125125516206],
        "mean": [0.000476674875244, 0.00880493596196, 0.00195126410108, 0.00302454992197, 0.00353151443414, 0.0034134008456, 0.00260231294669, 0.00176991685294, 0.00162925419863, 0.00066235952545, 0.00047489683493, 0.000480402581161, 0.000534271006472, 0.000603680615313, 0.000608828093391, 0.000432675937191, 0.000328091642587, 0.000202602721401, 0.000127633742522, 7.19486633898e-05, 0.000123532678117, 0.000196746608708, 0.000171947540366, 0.000141195661854, 0.000102808975498, 7.00264718034e-05, 3.0003577649e-06],
        "median": [5.5214324675e-05, 0.002598289866, 0.000644507352263, 0.000868217030074, 0.00166825100314, 0.00152305979282, 0.000715811154805, 0.000356938020559, 0.000347748078639, 0.00014852116874, 0.000132264307467, 0.000108919171907, 0.000105612292828, 0.000131404405693, 0.000131990324007, 0.000173694017576, 0.000164749508258, 9.43570339587e-05, 5.55592159799e-05, 2.28183198487e-05, 2.38018219534e-05, 5.21800393471e-05, 3.90915920434e-05, 3.36156626872e-05, 1.71751362359e-05, 9.33510909817e-06, 5.40654070846e-07],
        "min": [5.01294678428e-25, 5.21089683451e-24, 4.14779001332e-24, 2.72455753926e-24, 1.58678739996e-23, 1.37154196881e-23, 3.42930772818e-23, 1.17153007282e-23, 1.44077177076e-23, 1.95316690542e-23, 2.3466827527e-23, 2.88273440595e-23, 2.91059444877e-23, 5.4885376134e-23, 4.95925044241e-23, 6.82153142076e-23, 8.42608649266e-23, 1.52143147304e-22, 1.8234461764e-22, 2.06944733788e-22, 3.33616673178e-22, 4.71217592523e-22, 4.83806701854e-22, 7.50897283391e-22, 1.11017957767e-21, 1.26318335329e-21, 2.21392588738e-21],
        "var": [1.00555348581e-06, 0.00020273233531, 1.15596321848e-05, 3.99545278924e-05, 3.32527051796e-05, 2.99269231618e-05, 3.22466439684e-05, 1.71894807863e-05, 1.19670694403e-05, 3.03525416712e-06, 1.44133855429e-06, 1.45802846419e-06, 1.74394870101e-06, 2.18639047489e-06, 1.57370664056e-06, 4.93987670325e-07, 1.88632128584e-07, 8.67158149731e-08, 5.55883161724e-08, 1.85679418507e-08, 1.15484532159e-07, 2.26708536388e-07, 3.00807784015e-07, 8.73756036412e-08, 4.00666451128e-08, 2.21882832108e-08, 5.92149385081e-11]
    },
    "erbbands": {
        "dmean": [0.151832103729, 0.853932380676, 1.46679067612, 5.44468402863, 12.0675096512, 8.75967502594, 11.6496801376, 17.7418556213, 21.6432514191, 28.4284877777, 25.5756835938, 24.3135852814, 20.0379695892, 14.6906843185, 14.7761211395, 15.1325387955, 15.8142824173, 20.7087268829, 19.2795696259, 16.4346084595, 12.4930849075, 10.1713876724, 7.45080804825, 5.37490081787, 3.82642602921, 2.82752895355, 4.05991363525, 5.67785739899, 5.88388347626, 4.42748308182, 3.88535642624, 2.56775283813, 1.79136645794, 1.12947010994, 0.711301088333, 0.411765724421, 0.103054530919, 0.0146632669494, 0.000340623228112, 2.35527331824e-05],
        "dmean2": [0.219236195087, 1.26319956779, 2.22214818001, 9.0707988739, 21.6619224548, 14.8724403381, 18.4472389221, 27.6870803833, 33.7482070923, 43.7771720886, 38.9000854492, 37.0972175598, 31.979139328, 22.8815364838, 23.6245422363, 24.4330997467, 24.2175674438, 31.3999919891, 29.9308490753, 25.940071106, 19.9862651825, 15.9866685867, 11.7998685837, 8.64274787903, 6.30115842819, 4.6531662941, 6.77790260315, 9.33260440826, 9.04227161407, 6.79887962341, 6.12324571609, 4.06424379349, 2.89316320419, 1.77287375927, 1.1367058754, 0.643714547157, 0.160264730453, 0.0229322034866, 0.000533144106157, 3.67133397958e-05],
        "dvar": [0.0880314856768, 2.97161912918, 7.68133211136, 142.974685669, 875.80859375, 300.540985107, 467.576049805, 1281.35510254, 3114.47973633, 3781.59643555, 3781.92431641, 3742.33764648, 2529.53076172, 1167.56604004, 1650.48840332, 1815.77563477, 1614.4407959, 3156.20239258, 1622.70214844, 1198.921875, 530.809814453, 267.480865479, 169.835723877, 131.147323608, 72.3117752075, 36.1991767883, 99.0821075439, 243.44770813, 192.208480835, 174.378326416, 104.944366455, 27.4951076508, 13.7982196808, 4.0697221756, 1.52280592918, 0.636971175671, 0.0416371338069, 0.00102781609166, 5.63604203307e-07, 1.10102704731e-09],
        "dvar2": [0.180640667677, 7.33194589615, 18.0358943939, 357.90234375, 2486.1796875, 798.858093262, 1072.61242676, 2825.47436523, 7635.77734375, 9051.18359375, 8639.89550781, 8543.57714844, 5949.03857422, 2678.88598633, 3885.07128906, 4385.71337891, 3626.95410156, 7084.45117188, 3770.09692383, 3072.01660156, 1315.38354492, 654.109924316, 426.037628174, 307.148040771, 185.898330688, 91.1172790527, 249.875778198, 603.704040527, 424.422851562, 352.636138916, 203.611618042, 59.9699668884, 33.129322052, 9.36264610291, 3.62024354935, 1.47900092602, 0.0968447029591, 0.00238374224864, 1.30615717353e-06, 2.62825472497e-09],
        "max": [5.52554225922, 29.0064945221, 49.1141929626, 162.472320557, 398.969909668, 228.405807495, 480.268859863, 1102.96179199, 1388.82141113, 1175.43640137, 2193.65649414, 1289.89868164, 1057.90930176, 710.253234863, 1014.33270264, 1453.12329102, 1005.71832275, 1501.58752441, 859.490844727, 730.924987793, 600.15435791, 311.31036377, 343.782440186, 318.175262451, 130.928848267, 76.1041183472, 163.931381226, 302.9737854, 325.585968018, 353.430480957, 259.075378418, 131.996841431, 80.7535247803, 34.0876808167, 19.151096344, 7.81748437881, 2.25803017616, 0.434791117907, 0.0111372563988, 0.000359507510439],
        "mean": [0.331970453262, 1.67226600647, 2.36589336395, 6.48793125153, 12.2116250992, 11.579618454, 18.0443878174, 28.8398475647, 33.5559539795, 41.1128387451, 38.0882301331, 35.8857383728, 26.2626667023, 20.8791446686, 19.2721557617, 19.0687770844, 22.8581161499, 30.97797966, 31.4362850189, 28.3328723907, 22.2940349579, 19.0470561981, 12.6342535019, 8.27235889435, 5.10705709457, 3.32133126259, 3.99175047874, 5.99219703674, 7.41460990906, 5.46566772461, 4.7416267395, 3.2128174305, 2.09388327599, 1.20907580853, 0.722295582294, 0.405541211367, 0.102308429778, 0.0153218982741, 0.000368739769328, 5.05467542098e-05],
        "median": [0.0641080588102, 0.510424673557, 0.990690886974, 2.15350627899, 5.11147737503, 4.56510829926, 6.539083004, 13.5186958313, 12.9946746826, 11.5552120209, 11.2780332565, 8.10508060455, 5.75806808472, 6.38943719864, 4.9439573288, 4.71058559418, 5.23879480362, 7.67695474625, 8.17025184631, 8.67402458191, 9.5624666214, 9.9204864502, 6.14065647125, 4.01755142212, 2.1261920929, 1.10749471188, 0.897758245468, 1.25509405136, 1.99324333668, 1.22530293465, 1.09010958672, 0.945630908012, 0.394562542439, 0.222923800349, 0.109632514417, 0.0472788587213, 0.0144529175013, 0.00256883585826, 7.76069136919e-05, 3.9737784391e-05],
        "min": [2.00255660317e-22, 1.28295288915e-21, 5.24924414251e-21, 1.0079947012e-20, 2.39291912855e-20, 6.01136514196e-20, 5.10603728727e-20, 1.52461717055e-19, 3.68731241833e-19, 3.61457480815e-19, 3.39547043201e-19, 3.67872292315e-19, 6.05369132767e-19, 1.03615094051e-18, 1.83944764345e-18, 1.74801916355e-18, 1.71440864392e-18, 2.68878201397e-18, 3.47340377041e-18, 3.1401461433e-18, 3.52130621328e-18, 4.67886358966e-18, 7.5803443448e-18, 6.53473097507e-18, 9.85925257498e-18, 9.89383699639e-18, 8.29541799612e-18, 1.37975794125e-17, 1.37035446933e-17, 1.30004221475e-17, 1.37528529296e-17, 1.55801073105e-17, 1.30853926216e-17, 1.10454998837e-17, 7.86292909438e-18, 4.0981848676e-18, 2.63005756715e-18, 1.03759943716e-18, 2.72614043726e-19, 3.12102224453e-20],
        "var": [0.335893392563, 7.41294908524, 12.2034025192, 145.460281372, 590.657409668, 434.290985107, 1030.71435547, 2433.91650391, 4675.85986328, 6567.45019531, 6975.63378906, 6538.85058594, 3785.84643555, 2134.17236328, 2600.32592773, 2361.7043457, 2878.64941406, 5556.13476562, 3621.71801758, 2766.77563477, 1249.75073242, 598.5234375, 316.932067871, 211.319015503, 83.5949935913, 39.912776947, 101.360282898, 276.125274658, 305.58996582, 316.847625732, 215.111846924, 49.0227203369, 20.2569999695, 5.91982316971, 1.97052407265, 0.730400085449, 0.0462262742221, 0.0012443435844, 6.72205658248e-07, 1.9235915083e-09]
    },
    "gfcc": {
        "mean": [-17.0963802338, 90.192199707, -99.6451339722, 22.9213943481, -59.2768669128, 10.2794857025, -51.5124092102, 6.69581651688, -15.1626977921, 2.11012005806, -18.2425022125, 6.39544725418, -14.6398706436],
        "cov": [[11436.6054688, -769.510437012, -678.580932617, 705.148986816, -139.814529419, 1095.98303223, 156.882766724, 543.183837891, -271.288330078, 186.093200684, -514.031921387, -28.5093078613, -239.963394165], [-769.510437012, 1942.9864502, -96.3279953003, -194.662826538, 518.447631836, -208.27180481, 249.250793457, -3.46130299568, 303.955200195, -156.116134644, 258.475036621, -57.8073425293, 25.247844696], [-678.580932617, -96.3279953003, 1155.04943848, 435.541351318, 122.789932251, 180.532897949, 111.93283844, 78.844367981, -12.6446685791, 97.5321807861, 60.4996643066, 81.2776641846, 56.2389907837], [705.148986816, -194.662826538, 435.541351318, 817.902893066, 160.54864502, 219.002883911, 101.202064514, 35.2223091125, 43.7440605164, 44.4551620483, 16.6592674255, 32.1556129456, 66.4870758057], [-139.814529419, 518.447631836, 122.789932251, 160.54864502, 459.889831543, 91.3287887573, 156.521286011, 73.9030761719, 118.043739319, 22.769317627, 77.4648361206, 9.40254878998, 56.1191673279], [1095.98303223, -208.27180481, 180.532897949, 219.002883911, 91.3287887573, 467.923522949, 191.79776001, 130.414291382, -40.7580032349, 53.7661399841, -44.5202560425, 23.1193714142, -12.149641037], [156.882766724, 249.250793457, 111.93283844, 101.202064514, 156.521286011, 191.79776001, 339.001251221, 114.792915344, 34.827419281, 15.3619766235, 56.0163078308, 28.9629898071, 21.7120246887], [543.183837891, -3.46130299568, 78.844367981, 35.2223091125, 73.9030761719, 130.414291382, 114.792915344, 199.732818604, 65.5760726929, 65.9750595093, 21.2996368408, 41.5261764526, 3.14406204224], [-271.288330078, 303.955200195, -12.6446685791, 43.7440605164, 118.043739319, -40.7580032349, 34.827419281, 65.5760726929, 266.619262695, 55.9488830566, 108.575798035, 8.63612747192, 22.8373031616], [186.093200684, -156.116134644, 97.5321807861, 44.4551620483, 22.769317627, 53.7661399841, 15.3619766235, 65.9750595093, 55.9488830566, 179.673324585, 42.4174728394, 27.318605423, 34.0281066895], [-514.031921387, 258.475036621, 60.4996643066, 16.6592674255, 77.4648361206, -44.5202560425, 56.0163078308, 21.2996368408, 108.575798035, 42.4174728394, 187.814285278, 46.9654693604, 27.0431308746], [-28.5093078613, -57.8073425293, 81.2776641846, 32.1556129456, 9.40254878998, 23.1193714142, 28.9629898071, 41.5261764526, 8.63612747192, 27.318605423, 46.9654693604, 116.865158081, 51.6607131958], [-239.963394165, 25.247844696, 56.2389907837, 66.4870758057, 56.1191673279, -12.149641037, 21.7120246887, 3.14406204224, 22.8373031616, 34.0281066895, 27.0431308746, 51.6607131958, 125.428993225]],
        "icov": [[0.000291200209176, -0.000472620449727, 0.000446238263976, -0.000598747108597, 0.000483536889078, -0.000556472223252, 0.000469308783067, -0.000871704600286, 0.000598358572461, -0.000846971175633, 0.000870356860105, -0.000494735431857, 0.000576856720727], [-0.000472620449727, 0.00253806263208, -0.00087777338922, 0.00169205851853, -0.00237846933305, 0.00150760344695, -0.00178318098187, 0.00178955146112, -0.00212253676727, 0.00334888952784, -0.00285234488547, 0.00202939729206, -0.00118736270815], [0.000446238263976, -0.00087777338922, 0.00190296664368, -0.00157027575187, 0.000756147608627, -0.000915789220016, 0.000768228957895, -0.00155536399689, 0.00151526124682, -0.00191634765361, 0.00110718992073, -0.00129764364101, 0.00102826976217], [-0.000598747108597, 0.00169205851853, -0.00157027575187, 0.00338253821246, -0.00189661479089, 0.000503443123307, -0.00126992270816, 0.0025564818643, -0.00227463012561, 0.00272996677086, -0.00218416703865, 0.00162390898913, -0.00204633222893], [0.000483536889078, -0.00237846933305, 0.000756147608627, -0.00189661479089, 0.00544275809079, -0.00176299444865, 0.000820810557343, -0.00220309803262, 0.00105265318416, -0.00258482038043, 0.00206602271646, -0.000769320235122, -0.000241659654421], [-0.000556472223252, 0.00150760344695, -0.000915789220016, 0.000503443123307, -0.00176299444865, 0.00546988891438, -0.00307872612029, 0.000373431365006, -0.000511174148414, 0.00112182728481, -0.000619715254288, 0.000714252062608, 0.000246040406637], [0.000469308783067, -0.00178318098187, 0.000768228957895, -0.00126992270816, 0.000820810557343, -0.00307872612029, 0.00664891535416, -0.00370332365856, 0.0021593242418, -0.00113702670205, 0.000153756453074, -0.00071368785575, 3.80308520107e-05], [-0.000871704600286, 0.00178955146112, -0.00155536399689, 0.0025564818643, -0.00220309803262, 0.000373431365006, -0.00370332365856, 0.0120375081897, -0.00457878084853, 0.000593180826399, -0.000925216590986, -0.00175303139258, 0.000269781710813], [0.000598358572461, -0.00212253676727, 0.00151526124682, -0.00227463012561, 0.00105265318416, -0.000511174148414, 0.0021593242418, -0.00457878084853, 0.00847477000207, -0.00388679676689, -0.000531260739081, -0.000177850452019, 0.00101804791484], [-0.000846971175633, 0.00334888952784, -0.00191634765361, 0.00272996677086, -0.00258482038043, 0.00112182728481, -0.00113702670205, 0.000593180826399, -0.00388679676689, 0.0124334152788, -0.00581367919222, 0.00374647905119, -0.00439025880769], [0.000870356860105, -0.00285234488547, 0.00110718992073, -0.00218416703865, 0.00206602271646, -0.000619715254288, 0.000153756453074, -0.000925216590986, -0.000531260739081, -0.00581367919222, 0.0133017953485, -0.00658464012668, 0.00343082449399], [-0.000494735431857, 0.00202939729206, -0.00129764364101, 0.00162390898913, -0.000769320235122, 0.000714252062608, -0.00071368785575, -0.00175303139258, -0.000177850452019, 0.00374647905119, -0.00658464012668, 0.015493478626, -0.00699875783175], [0.000576856720727, -0.00118736270815, 0.00102826976217, -0.00204633222893, -0.000241659654421, 0.000246040406637, 3.80308520107e-05, 0.000269781710813, 0.00101804791484, -0.00439025880769, 0.00343082449399, -0.00699875783175, 0.0132061094046]]
    },
    "melbands": {
        "dmean": [0.00123764271848, 0.000819543958642, 0.00116133317351, 0.000759488670155, 0.000362484046491, 0.000393481663195, 0.000351160007995, 0.00031350980862, 0.000204094802029, 0.000156378198881, 0.000100675119029, 6.14708551439e-05, 4.49269646197e-05, 4.91677965329e-05, 3.5810375266e-05, 4.08900996263e-05, 4.16860893893e-05, 3.18889433402e-05, 3.39456673828e-05, 1.82203275472e-05, 1.49409215737e-05, 1.1461664144e-05, 8.88509384822e-06, 5.36212155566e-06, 4.51501091447e-06, 3.55482870873e-06, 2.11745782508e-06, 1.88169190096e-06, 2.19869070861e-06, 2.99980251839e-06, 3.68507812709e-06, 3.63901540368e-06, 2.68743701781e-06, 2.56449993685e-06, 2.43976751335e-06, 1.80967003871e-06, 1.62792753144e-06, 1.45751437231e-06, 9.51856691245e-07, 1.00341310372e-06],
        "dmean2": [0.00180443818681, 0.00121290259995, 0.00196010200307, 0.00134223862551, 0.000578713719733, 0.00060936860973, 0.000542905123439, 0.000482872885186, 0.000309614377329, 0.000239845248871, 0.000161415286129, 9.58101518336e-05, 7.10891472409e-05, 8.19541528472e-05, 5.69595868001e-05, 6.42725135549e-05, 6.39565550955e-05, 4.94521518704e-05, 5.5345128203e-05, 2.91582164209e-05, 2.41843936237e-05, 1.81286686711e-05, 1.41115760925e-05, 8.6479667516e-06, 7.29079920347e-06, 5.95972960582e-06, 3.47181639881e-06, 3.10792211167e-06, 3.67323082173e-06, 5.08728635396e-06, 6.0613037931e-06, 5.60417038287e-06, 4.18476201958e-06, 4.00508361054e-06, 3.84835720979e-06, 2.91423543786e-06, 2.61265017798e-06, 2.34662957155e-06, 1.5686352981e-06, 1.58142245255e-06],
        "dvar": [5.82804204896e-06, 2.13886301026e-06, 6.86193061483e-06, 2.86851013698e-06, 3.78591238359e-07, 5.99008956215e-07, 7.29032194613e-07, 4.22547486778e-07, 2.28663054713e-07, 1.47999898559e-07, 6.53372111969e-08, 2.1052532162e-08, 1.46413601243e-08, 1.76038987831e-08, 8.77696493262e-09, 1.18810783434e-08, 1.47041179233e-08, 5.36761479708e-09, 6.33021945973e-09, 1.2351261125e-09, 7.8704015527e-10, 3.58862328742e-10, 2.12158152157e-10, 9.42764477596e-11, 1.02151051506e-10, 7.14126535684e-11, 1.86869339447e-11, 1.63944396253e-11, 2.77284948474e-11, 6.50162770843e-11, 1.0743159834e-10, 6.79987385843e-11, 5.3334951039e-11, 6.82160369858e-11, 4.56363037638e-11, 2.00176229759e-11, 1.18972531479e-11, 1.1312014693e-11, 3.9629115961e-12, 3.23812005855e-12],
        "dvar2": [1.27222738229e-05, 5.13989607498e-06, 1.79704693437e-05, 8.11745940155e-06, 8.88606109584e-07, 1.32690934151e-06, 1.75705463334e-06, 1.00986994767e-06, 5.172572628e-07, 3.33777791184e-07, 1.52946086018e-07, 4.82061537355e-08, 3.4308570207e-08, 4.5224879841e-08, 2.02922549875e-08, 2.68981334983e-08, 3.36151479985e-08, 1.2214957934e-08, 1.69243907777e-08, 3.0947688856e-09, 1.95166105499e-09, 8.81789030682e-10, 5.20819332106e-10, 2.35279851157e-10, 2.34949004696e-10, 1.87349510905e-10, 4.66495279905e-11, 4.11229973685e-11, 6.9319619489e-11, 1.67030750342e-10, 2.67125793707e-10, 1.49704956764e-10, 1.17406306899e-10, 1.42161019068e-10, 8.99160676471e-11, 4.46027312306e-11, 2.80869459635e-11, 2.81931439999e-11, 9.53864244535e-12, 7.33146616333e-12],
        "max": [0.0397467762232, 0.0300854369998, 0.0382389985025, 0.0211413875222, 0.0125424619764, 0.0221894644201, 0.0182447079569, 0.0135318581015, 0.0143675552681, 0.00726919807494, 0.00516439927742, 0.00287051755004, 0.00289556430653, 0.00248542940244, 0.00267182779498, 0.00285118306056, 0.00340472627431, 0.00188827933744, 0.00144009885844, 0.000638518366031, 0.000823300739285, 0.000398447009502, 0.000299374572933, 0.000218978937482, 0.000299484032439, 0.000152372580487, 7.24420970073e-05, 5.73011784581e-05, 7.40486793802e-05, 0.000179393449798, 0.000188150035683, 0.000170722152689, 0.000203726129257, 0.000232293474255, 0.000187384153833, 0.000122816709336, 7.32157932362e-05, 6.81551682646e-05, 4.89002595714e-05, 2.6556697776e-05],
        "mean": [0.00268521555699, 0.00155673502013, 0.00133169523906, 0.000874789082445, 0.000571185140871, 0.000645523134153, 0.000540191307664, 0.000450574676506, 0.000300543149933, 0.000226455231314, 0.000126977844047, 8.40499124024e-05, 6.0762038629e-05, 5.63335051993e-05, 4.51696687378e-05, 5.69766380067e-05, 5.79915067647e-05, 4.88085861434e-05, 5.03518022015e-05, 3.05535540974e-05, 2.44411985477e-05, 2.0208530259e-05, 1.48506269397e-05, 8.5448846221e-06, 6.57287046124e-06, 4.45785963166e-06, 2.66820165962e-06, 2.06201411856e-06, 2.20932770389e-06, 2.78932020592e-06, 3.87562113247e-06, 4.6421373554e-06, 3.14988551509e-06, 3.0701464766e-06, 2.89723516289e-06, 2.17075739783e-06, 1.9707363208e-06, 1.71338774635e-06, 9.68859694694e-07, 1.05366154912e-06],
        "median": [0.000692581350449, 0.000702470832039, 0.000528349017259, 0.000378204102162, 0.000226997901336, 0.00031051482074, 0.000195702625206, 0.000115810667921, 7.84426811151e-05, 4.52149943158e-05, 2.60517954302e-05, 2.46278723353e-05, 1.67107373272e-05, 1.19116484711e-05, 1.10975097414e-05, 1.07208152258e-05, 1.27438997879e-05, 1.16579030873e-05, 1.01666801129e-05, 1.13550768219e-05, 9.71151894191e-06, 9.73992609943e-06, 6.9556535891e-06, 3.99380041927e-06, 2.94186224892e-06, 1.79206699613e-06, 8.83437110133e-07, 5.81273411626e-07, 5.26746077867e-07, 4.75007396972e-07, 7.37475886581e-07, 1.2105310816e-06, 7.09415701294e-07, 6.17988519025e-07, 6.03241574026e-07, 6.30254589851e-07, 4.74627512403e-07, 2.70407412017e-07, 1.82451216801e-07, 1.61554396527e-07],
        "min": [1.71937105509e-24, 2.9662629429e-24, 1.45336281911e-24, 3.39581032757e-24, 3.13286721064e-24, 3.397758814e-24, 6.75421839303e-24, 3.52674388289e-24, 3.31193824169e-24, 1.94816793331e-24, 3.29698222779e-24, 3.49231128767e-24, 5.65537775055e-24, 3.56257710065e-24, 5.27670124465e-24, 3.37494140675e-24, 4.41932421993e-24, 4.37154607035e-24, 3.68883862727e-24, 4.24327413171e-24, 4.21925568373e-24, 3.78114718609e-24, 4.38606821075e-24, 6.21470498147e-24, 4.25385906734e-24, 6.79047601796e-24, 5.95232235021e-24, 5.73527910506e-24, 4.41951315212e-24, 5.80362285844e-24, 6.81037345657e-24, 6.5193038985e-24, 6.76645835884e-24, 5.03919179216e-24, 7.28784335237e-24, 8.87905389543e-24, 9.27722275987e-24, 7.80992806552e-24, 7.62269981828e-24, 8.38968718832e-24],
        "var": [1.99231199076e-05, 4.77678349853e-06, 6.02726595389e-06, 2.40960139308e-06, 8.24196661142e-07, 1.13893725029e-06, 1.18740126709e-06, 7.74484135491e-07, 4.42825296432e-07, 2.63282686319e-07, 9.76621237214e-08, 3.73489683625e-08, 2.3838675034e-08, 2.06432986261e-08, 1.22667529467e-08, 2.12251425324e-08, 2.34347723449e-08, 1.0606044043e-08, 1.20894299016e-08, 2.67808819565e-09, 1.74592151847e-09, 7.43498818068e-10, 4.30113528127e-10, 1.57268989498e-10, 1.6479764775e-10, 7.38861888339e-11, 2.57932182557e-11, 1.78507660042e-11, 2.87032203561e-11, 6.66028135421e-11, 1.18384094194e-10, 1.07188542764e-10, 8.50125525531e-11, 1.16867529543e-10, 9.10759037631e-11, 3.28473741262e-11, 1.77831326054e-11, 1.53171728773e-11, 5.436408268e-12, 4.52920253385e-12]
    },
    "mfcc": {
        "mean": [-665.882507324, 124.540016174, 13.3856697083, 13.9707994461, 11.6598739624, 2.3015871048, -18.1876335144, 3.49808216095, -4.3296546936, -2.92191982269, 1.10824429989, -0.590333819389, -2.59513664246],
        "cov": [[9389.80078125, -69.0668945312, -673.406921387, -180.488113403, 32.2477455139, 256.138336182, 210.409057617, 395.340179443, 403.8331604, 270.666259766, 195.836578369, -96.8763046265, -287.28729248], [-69.0668945312, 1881.27087402, -377.51651001, -5.26294374466, 188.091140747, -13.4899253845, 113.156013489, 247.328292847, 31.9361572266, 36.1122894287, 114.093276978, 49.1861763, -39.1410751343], [-673.406921387, -377.51651001, 998.210021973, 311.522735596, 107.442672729, 163.63671875, 149.649841309, 27.4321632385, 43.6105804443, 11.9134311676, -12.0410699844, 62.1238136292, 118.163032532], [-180.488113403, -5.26294374466, 311.522735596, 573.005859375, 222.995254517, 124.563468933, 63.7164840698, 42.3726844788, 59.7517776489, 60.2596664429, -21.5437812805, 31.5718994141, 111.147644043], [32.2477455139, 188.091140747, 107.442672729, 222.995254517, 346.43850708, 121.423927307, 37.5659179688, 64.5015335083, 54.342376709, 85.6372756958, 20.6198654175, 10.0330915451, 41.5627555847], [256.138336182, -13.4899253845, 163.63671875, 124.563468933, 121.423927307, 264.778411865, 159.234008789, 93.617149353, 87.7957458496, 71.3962020874, 30.4278030396, 28.1838359833, -9.39732265472], [210.409057617, 113.156013489, 149.649841309, 63.7164840698, 37.5659179688, 159.234008789, 324.609436035, 131.842926025, 95.0103912354, 35.9428939819, 34.4708137512, 44.4245262146, 12.6266555786], [395.340179443, 247.328292847, 27.4321632385, 42.3726844788, 64.5015335083, 93.617149353, 131.842926025, 279.384918213, 77.6127624512, 30.4040908813, 72.5120849609, 24.9952640533, -15.0824041367], [403.8331604, 31.9361572266, 43.6105804443, 59.7517776489, 54.342376709, 87.7957458496, 95.0103912354, 77.6127624512, 188.290802002, 67.9070968628, 20.7247219086, 27.8460330963, 23.6473026276], [270.666259766, 36.1122894287, 11.9134311676, 60.2596664429, 85.6372756958, 71.3962020874, 35.9428939819, 30.4040908813, 67.9070968628, 171.32194519, 79.076133728, 30.6112041473, 16.5733470917], [195.836578369, 114.093276978, -12.0410699844, -21.5437812805, 20.6198654175, 30.4278030396, 34.4708137512, 72.5120849609, 20.7247219086, 79.076133728, 176.104217529, 74.2401199341, 7.55022287369], [-96.8763046265, 49.1861763, 62.1238136292, 31.5718994141, 10.0330915451, 28.1838359833, 44.4245262146, 24.9952640533, 27.8460330963, 30.6112041473, 74.2401199341, 142.198776245, 68.3720092773], [-287.28729248, -39.1410751343, 118.163032532, 111.147644043, 41.5627555847, -9.39732265472, 12.6266555786, -15.0824041367, 23.6473026276, 16.5733470917, 7.55022287369, 68.3720092773, 185.471343994]],
