{
"lowlevel": {
    "average_loudness": 0.827494263649,
    "barkbands_crest": {
        "dmean": 2.78709316254,
        "dmean2": 4.48885202408,
        "dvar": 6.85073041916,
        "dvar2": 17.5952415466,
        "max": 25.8912239075,
        "mean": 11.9699697495,
        "median": 11.1621236801,
        "min": 2.2006289959,
        "var": 21.3625907898
    },
    "barkbands_flatness_db": {
        "dmean": 0.0298946257681,
        "dmean2": 0.0460182502866,
        "dvar": 0.000992242246866,
        "dvar2": 0.00230874703266,
        "max": 0.508546054363,
        "mean": 0.238752737641,
        "median": 0.239423066378,
        "min": 0.0372783280909,
        "var": 0.00597004592419
    },
    "barkbands_kurtosis": {
        "dmean": 7.34926700592,
        "dmean2": 11.2854862213,
        "dvar": 198.589981079,
        "dvar2": 472.06942749,
        "max": 464.07232666,
        "mean": 12.7227334976,
        "median": 6.98726463318,
        "min": -1.93159365654,
        "var": 347.395385742
    },
    "barkbands_skewness": {
        "dmean": 0.775464832783,
        "dmean2": 1.13803088665,
        "dvar": 0.72126942873,
        "dvar2": 1.61174535751,
        "max": 16.0932598114,
        "mean": 2.10631489754,
        "median": 1.97757530212,
        "min": -2.32434511185,
        "var": 3.16221761703
    },
    "barkbands_spread": {
        "dmean": 3.41052675247,
        "dmean2": 5.23212862015,
        "dvar": 29.2847518921,
        "dvar2": 65.1690368652,
        "max": 95.8705368042,
        "mean": 10.8260622025,
        "median": 7.0936794281,
        "min": 0.262625366449,
        "var": 115.942337036
    },
    "dissonance": {
        "dmean": 0.0329466275871,
        "dmean2": 0.0532200857997,
        "dvar": 0.00100273673888,
        "dvar2": 0.00244851969182,
        "max": 0.499929308891,
        "mean": 0.417099297047,
        "median": 0.428448468447,
        "min": 0.141088083386,
        "var": 0.00341209350154
    },
    "dynamic_complexity": 4.399746418,
    "erbbands_crest": {
        "dmean": 2.7814617157,
        "dmean2": 4.30658245087,
        "dvar": 7.54964876175,
        "dvar2": 17.0050373077,
        "max": 32.2771186829,
        "mean": 11.5795936584,
        "median": 10.1428537369,
        "min": 2.30371618271,
        "var": 36.0964660645
    },
    "erbbands_flatness_db": {
        "dmean": 0.022258553654,
        "dmean2": 0.0303512066603,
        "dvar": 0.000511752383318,
        "dvar2": 0.00097699847538,
        "max": 0.403403878212,
        "mean": 0.205825775862,
        "median": 0.204435989261,
        "min": 0.0469884686172,
        "var": 0.00317805702798
    },
    "erbbands_kurtosis": {
        "dmean": 2.40583205223,
        "dmean2": 3.60531616211,
        "dvar": 18.8197135925,
        "dvar2": 40.3920249939,
        "max": 94.9264831543,
        "mean": 4.16308403015,
        "median": 1.26320695877,
        "min": -1.8688377142,
        "var": 77.1130599976
    },
    "erbbands_skewness": {
        "dmean": 0.480818331242,
        "dmean2": 0.710503399372,
        "dvar": 0.243829414248,
        "dvar2": 0.531496226788,
        "max": 7.46673154831,
        "mean": 1.07693338394,
        "median": 0.899142861366,
        "min": -4.91320800781,
        "var": 1.66958880424
    },
    "erbbands_spread": {
        "dmean": 8.82213687897,
        "dmean2": 12.8252630234,
        "dvar": 128.007720947,
        "dvar2": 254.679840088,
        "max": 151.083770752,
        "mean": 30.1156749725,
        "median": 24.5183143616,
        "min": 1.45149958134,
        "var": 484.18447876
    },
    "hfc": {
        "dmean": 3.90028691292,
        "dmean2": 5.08787488937,
        "dvar": 43.6580810547,
        "dvar2": 74.7612991333,
        "max": 143.092224121,
        "mean": 10.7502336502,
        "median": 4.98009777069,
        "min": 1.07040076323e-16,
        "var": 191.170150757
    },
    "melbands_crest": {
        "dmean": 3.16233825684,
        "dmean2": 5.02884578705,
        "dvar": 8.21667957306,
        "dvar2": 19.6928367615,
        "max": 32.9763412476,
        "mean": 16.0347137451,
        "median": 15.8744974136,
        "min": 1.52527427673,
        "var": 32.5073623657
    },
    "melbands_flatness_db": {
        "dmean": 0.0373765714467,
        "dmean2": 0.0552568100393,
        "dvar": 0.00169954681769,
        "dvar2": 0.00379125052132,
        "max": 0.649922609329,
        "mean": 0.309309393167,
        "median": 0.314615428448,
        "min": 0.00316872517578,
        "var": 0.0123344082385
    },
    "melbands_kurtosis": {
        "dmean": 12.8933067322,
        "dmean2": 19.2374000549,
        "dvar": 440.606658936,
        "dvar2": 949.615844727,
        "max": 362.26272583,
        "mean": 23.4310760498,
        "median": 12.6894397736,
        "min": -1.71378588676,
        "var": 1016.11938477
    },
    "melbands_skewness": {
        "dmean": 0.944061160088,
        "dmean2": 1.36375057697,
        "dvar": 0.991904318333,
        "dvar2": 2.05912733078,
        "max": 14.613984108,
        "mean": 2.89279270172,
        "median": 2.5784444809,
        "min": -1.52407956123,
        "var": 4.63366031647
    },
    "melbands_spread": {
        "dmean": 3.91776847839,
        "dmean2": 6.01060771942,
        "dvar": 48.325592041,
        "dvar2": 108.946731567,
        "max": 178.922454834,
        "mean": 14.6940612793,
        "median": 6.73968935013,
        "min": 0.379660815001,
        "var": 605.129089355
    },
    "pitch_salience": {
        "dmean": 0.0796353816986,
        "dmean2": 0.128435328603,
        "dvar": 0.0058519532904,
        "dvar2": 0.0147227607667,
        "max": 0.9432336092,
        "mean": 0.493103921413,
        "median": 0.487985730171,
        "min": 0.0863446891308,
        "var": 0.0169040411711
    },
    "silence_rate_20dB": {
        "dmean": 0,
        "dmean2": 0,
        "dvar": 0,
        "dvar2": 0,
        "max": 1,
        "mean": 1,
        "median": 1,
        "min": 1,
        "var": 0
    },
    "silence_rate_30dB": {
        "dmean": 0.0173210166395,
        "dmean2": 0.0346460342407,
        "dvar": 0.0170211326331,
        "dvar2": 0.0454537943006,
        "max": 1,
        "mean": 0.986722111702,
        "median": 1,
        "min": 0,
        "var": 0.0131010171026
    },
    "silence_rate_60dB": {
        "dmean": 0.0318706706166,
        "dmean2": 0.0637487024069,
        "dvar": 0.0308587644249,
        "dvar2": 0.0751644223928,
        "max": 1,
        "mean": 0.0946772918105,
        "median": 0,
        "min": 0,
        "var": 0.0857136175036
    },
    "spectral_centroid": {
        "dmean": 178.66116333,
        "dmean2": 273.903442383,
        "dvar": 80401.953125,
        "dvar2": 169930.234375,
        "max": 11779.6464844,
        "mean": 1046.4921875,
        "median": 532.563232422,
        "min": 127.650810242,
        "var": 3607247.25
    },
    "spectral_complexity": {
        "dmean": 2.26004624367,
        "dmean2": 3.31793498993,
        "dvar": 9.88772964478,
        "dvar2": 17.2253608704,
        "max": 52,
        "mean": 10.0503406525,
        "median": 8,
        "min": 0,
        "var": 59.9609832764
    },
    "spectral_decrease": {
        "dmean": 3.05388025978e-09,
        "dmean2": 4.53605197848e-09,
        "dvar": 2.64898321141e-17,
        "dvar2": 5.87881959727e-17,
        "max": 1.98908082615e-28,
        "mean": -6.65633770325e-09,
        "median": -4.05460864883e-09,
        "min": -5.97390510393e-08,
        "var": 5.20724191498e-17
    },
    "spectral_energy": {
        "dmean": 0.0118264742196,
        "dmean2": 0.0174921751022,
        "dvar": 0.000391684705392,
        "dvar2": 0.000864861765876,
        "max": 0.228946685791,
        "mean": 0.0260976403952,
        "median": 0.0159982778132,
        "min": 9.7540540065e-21,
        "var": 0.000791711732745
    },
    "spectral_energyband_high": {
        "dmean": 0.000143023309647,
        "dmean2": 0.000193166197278,
        "dvar": 1.43903037042e-07,
        "dvar2": 3.05424919134e-07,
        "max": 0.0122787309811,
        "mean": 0.000246999174124,
        "median": 3.0580751627e-05,
        "min": 7.03120645894e-21,
        "var": 3.60642502528e-07
    },
    "spectral_energyband_low": {
        "dmean": 0.00832280982286,
        "dmean2": 0.0129752410576,
        "dvar": 0.000258655432845,
        "dvar2": 0.000595647958107,
        "max": 0.190221846104,
        "mean": 0.012584685348,
        "median": 0.00572379585356,
        "min": 4.38113388579e-24,
        "var": 0.000347888853867
    },
    "spectral_energyband_middle_high": {
        "dmean": 0.0011705334764,
        "dmean2": 0.00156884430908,
        "dvar": 1.00920033219e-05,
        "dvar2": 1.88961003005e-05,
        "max": 0.105666182935,
        "mean": 0.00286565395072,
        "median": 0.000423387478804,
        "min": 1.18715897246e-21,
        "var": 4.11438886658e-05
    },
    "spectral_energyband_middle_low": {
        "dmean": 0.00562757020816,
        "dmean2": 0.00853587780148,
        "dvar": 0.000107606996608,
        "dvar2": 0.000249495555181,
        "max": 0.176638677716,
        "mean": 0.0124468598515,
        "median": 0.00651549734175,
        "min": 1.182093299e-22,
        "var": 0.000260362110566
    },
    "spectral_entropy": {
        "dmean": 0.292722284794,
        "dmean2": 0.417221188545,
        "dvar": 0.119505524635,
        "dvar2": 0.2532979846,
        "max": 9.82318305969,
        "mean": 6.82248163223,
        "median": 6.79692077637,
        "min": 4.49825382233,
        "var": 0.828927338123
    },
    "spectral_flux": {
        "dmean": 0.0311770159751,
        "dmean2": 0.0474016517401,
        "dvar": 0.0016520441277,
        "dvar2": 0.0032084621489,
        "max": 0.360264956951,
        "mean": 0.0753211081028,
        "median": 0.0566507577896,
        "min": 6.30913168931e-11,
        "var": 0.00387663836591
    },
    "spectral_kurtosis": {
        "dmean": 5.62786102295,
        "dmean2": 8.59558391571,
        "dvar": 66.7719650269,
        "dvar2": 138.320632935,
        "max": 116.533111572,
        "mean": 10.5882530212,
        "median": 5.87786483765,
        "min": -1.2791249752,
        "var": 166.857406616
    },
    "spectral_rms": {
        "dmean": 0.00100369227584,
        "dmean2": 0.00143041065894,
        "dvar": 1.76636672222e-06,
        "dvar2": 3.49278479916e-06,
        "max": 0.014945320785,
        "mean": 0.00438624620438,
        "median": 0.00395070575178,
        "min": 3.08482579758e-12,
        "var": 6.22184234089e-06
    },
    "spectral_rolloff": {
        "dmean": 207.789581299,
        "dmean2": 351.480316162,
        "dvar": 363847.21875,
        "dvar2": 774092.0625,
        "max": 19810.546875,
        "mean": 1226.46191406,
        "median": 366.064453125,
        "min": 64.599609375,
        "var": 10806299
    },
    "spectral_skewness": {
        "dmean": 0.568414568901,
        "dmean2": 0.832813322544,
        "dvar": 0.485073357821,
        "dvar2": 0.989424049854,
        "max": 9.34845638275,
        "mean": 2.19284486771,
        "median": 1.85807442665,
        "min": -0.730166018009,
        "var": 1.90513122082
    },
    "spectral_spread": {
        "dmean": 604034.5625,
        "dmean2": 861515.125,
        "dvar": 633716736000,
        "dvar2": 1.35162023117e+12,
        "max": 43456440,
        "mean": 4633431,
        "median": 3225810.5,
        "min": 835776.4375,
        "var": 4.4431738667e+13
    },
    "spectral_strongpeak": {
        "dmean": 0.383814334869,
        "dmean2": 0.622291207314,
        "dvar": 0.509383678436,
        "dvar2": 1.19121062756,
        "max": 11.6646413803,
        "mean": 0.847044408321,
        "median": 0.386152088642,
        "min": 0,
        "var": 1.38035285473
    },
    "zerocrossingrate": {
        "dmean": 0.00596227496862,
        "dmean2": 0.00729574169964,
        "dvar": 0.000122079683933,
        "dvar2": 0.000200517824851,
        "max": 0.53466796875,
        "mean": 0.0434096194804,
        "median": 0.0224609375,
        "min": 0.001953125,
        "var": 0.00744827557355
    },
    "barkbands": {
        "dmean": [8.66656919243e-05, 0.00443599978462, 0.00374352280051, 0.00219782604836, 0.00172823213506, 0.00155141809955, 0.000497532309964, 0.000777592824306, 0.000745336117689, 0.000560750078876, 0.000286925496766, 0.000233151891734, 0.000149788131239, 0.000122006800666, 0.00013239569671, 7.98414839664e-05, 5.4444433772e-05, 5.31358200533e-05, 6.87346910127e-05, 5.0735208788e-05, 4.1705192416e-05, 4.01757570216e-05, 3.81543213734e-05, 1.31685019369e-05, 2.66026700046e-06, 3.43539113601e-07, 1.08349373917e-09],
        "dmean2": [0.000101581776107, 0.00698425015435, 0.0063816937618, 0.00360143114813, 0.00278821238317, 0.0023648859933, 0.000746790785342, 0.00109110574704, 0.00107120990288, 0.000824782124255, 0.000410587701481, 0.000352273025783, 0.00022306109895, 0.0001871837012, 0.000199107569642, 0.000123208767036, 8.77150014276e-05, 7.90383055573e-05, 9.72106863628e-05, 7.88721226854e-05, 6.45822728984e-05, 5.5829219491e-05, 5.11990474479e-05, 1.71094779944e-05, 3.61868046639e-06, 5.18382023529e-07, 1.99979255378e-09],
        "dvar": [4.63446490073e-08, 0.000137132767122, 5.63402390981e-05, 2.77654926322e-05, 1.25783390104e-05, 1.40881256812e-05, 3.9139645196e-06, 1.25471333376e-05, 9.6795747595e-06, 4.64588811155e-06, 1.44865089169e-06, 1.38213431455e-06, 3.26232793668e-07, 3.29925654796e-07, 6.08255618317e-07, 7.94583385755e-08, 2.39692496962e-08, 1.76289471909e-08, 3.68549954999e-08, 1.47814001039e-08, 5.07685449236e-08, 1.34183171241e-08, 1.36915412341e-08, 5.22360421584e-09, 6.83445661176e-11, 1.78413956786e-12, 3.32143993854e-18],
        "dvar2": [6.34661532217e-08, 0.000329837988829, 0.000155826637638, 7.2671318776e-05, 3.19824830513e-05, 2.95789577649e-05, 6.2533235905e-06, 1.98536345124e-05, 1.98014095076e-05, 1.08931008072e-05, 2.58717864199e-06, 3.11622079607e-06, 6.3877678258e-07, 6.05224272476e-07, 1.25125006889e-06, 1.65576423683e-07, 5.89209143698e-08, 3.82859717263e-08, 6.88040557861e-08, 3.62157912548e-08, 1.3576371316e-07, 2.66053756803e-08, 2.71706959154e-08, 9.37666033707e-09, 1.2171763597e-10, 3.97436250577e-12, 1.05445088468e-17],
        "max": [0.00214386289008, 0.11265860498, 0.0963984578848, 0.0757599174976, 0.0717716291547, 0.110200315714, 0.112750336528, 0.1695522964, 0.138681977987, 0.0699601694942, 0.0583982765675, 0.0451430827379, 0.0191756188869, 0.0396364331245, 0.0402976386249, 0.00858350936323, 0.00510821910575, 0.00387850659899, 0.00687553128228, 0.00343138328753, 0.0111547717825, 0.00569573976099, 0.00644785631448, 0.00685372017324, 0.000410324777476, 3.42291459674e-05, 2.19016325076e-08],
        "mean": [0.000109608830826, 0.00565768312663, 0.00491470424458, 0.00261889467947, 0.00274312216789, 0.00322492280975, 0.000990206142887, 0.0012891984079, 0.0012789274333, 0.00112036394421, 0.000485246186145, 0.000323890038999, 0.000229322526138, 0.000183249707334, 0.000178281974513, 0.000138877410791, 8.77637139638e-05, 9.03204563656e-05, 0.000136659436976, 9.98307441478e-05, 6.59473444102e-05, 5.56052837055e-05, 5.08734119649e-05, 1.98358720809e-05, 3.7672509734e-06, 5.46189880879e-07, 9.14405828834e-10],
        "median": [4.03697049478e-06, 0.0012892044615, 0.0022491235286, 0.000895878765732, 0.00113328942098, 0.000720686744899, 0.000199798087124, 0.000192756633624, 0.000112925146823, 7.88721808931e-05, 3.840690988e-05, 2.64200607489e-05, 2.76516657323e-05, 1.44542500493e-05, 9.96789185592e-06, 8.01020451036e-06, 1.10552264232e-05, 1.01931727841e-05, 1.4180587641e-05, 1.04700729935e-05, 7.67783694755e-06, 5.38556423635e-06, 3.08807830152e-06, 1.22661481328e-06, 2.37324329078e-07, 1.89291768038e-07, 2.99450603203e-10],
        "min": [1.31794991435e-26, 9.04736486374e-25, 4.33668887074e-25, 5.59305586549e-25, 1.22495228553e-24, 3.11684367072e-24, 2.66196734289e-24, 6.36211113579e-24, 1.1115592102e-23, 9.6207614289e-24, 9.81323244572e-24, 2.10815977172e-23, 1.99460860867e-23, 3.24326119458e-23, 4.25937115403e-23, 4.64867748174e-23, 6.23978752392e-23, 7.79988176412e-23, 6.73121505126e-23, 1.09602794315e-22, 2.41919557286e-22, 2.50725693612e-22, 3.50422086275e-22, 5.61713847547e-22, 7.77986691145e-22, 1.22506993624e-21, 1.94338996531e-21],
        "var": [9.59803685419e-08, 0.00016476388555, 5.5324715504e-05, 2.70500277111e-05, 2.33358932746e-05, 5.7006804127e-05, 2.15879699681e-05, 3.35163458658e-05, 2.25509611482e-05, 1.47901910168e-05, 4.71610883324e-06, 2.04057664632e-06, 7.31305078716e-07, 7.36785864319e-07, 7.98289988779e-07, 2.28535654401e-07, 5.46167484572e-08, 5.0857877909e-08, 1.45326879419e-07, 5.44190470464e-08, 6.8762304295e-08, 2.36618742377e-08, 3.32175780215e-08, 1.22315810813e-08, 1.47580697663e-10, 2.90434625135e-12, 2.69630191292e-18]
    },
    "erbbands": {
        "dmean": [0.0952105894685, 1.16729772091, 3.65366411209, 6.94933271408, 5.10889339447, 5.8566160202, 10.8281269073, 13.3798551559, 6.68115091324, 11.4921998978, 14.7052221298, 17.8680496216, 16.285982132, 15.0660905838, 13.4585428238, 7.05908203125, 6.64827108383, 5.66364431381, 7.82444238663, 4.20575809479, 3.71362876892, 2.79074501991, 2.64957904816, 3.31000375748, 3.23025655746, 2.28008198738, 1.80311858654, 1.68001651764, 1.38659417629, 1.37000834942, 1.08285570145, 0.41075193882, 0.161126121879, 0.0446069091558, 0.0130217215046, 0.00263998075388, 0.000533632002771, 4.06891449529e-05, 6.19407319391e-06, 1.31936430989e-05],
        "dmean2": [0.131465509534, 1.91135263443, 6.18092107773, 11.2621555328, 8.69312667847, 9.32748126984, 16.1146221161, 20.2928943634, 10.0532073975, 16.2685184479, 21.0487422943, 25.3357372284, 23.3893642426, 21.3025836945, 18.447845459, 10.128572464, 9.72114658356, 8.36927318573, 11.6385297775, 6.29530239105, 5.68552207947, 4.39940071106, 3.92680215836, 4.76995372772, 4.66650629044, 3.52261519432, 2.76123046875, 2.56897211075, 1.97757863998, 1.85295975208, 1.46048390865, 0.545475482941, 0.213986873627, 0.0593004152179, 0.0179133750498, 0.00378585280851, 0.000829085533042, 6.6435241024e-05, 8.74798297446e-06, 1.93062569451e-05],
        "dvar": [0.0542390830815, 10.1844835281, 62.0372848511, 220.682388306, 160.007400513, 149.136627197, 670.879821777, 1166.33325195, 432.211029053, 2478.9934082, 3354.01733398, 6005.37695312, 3442.71411133, 3702.48291016, 3783.23071289, 764.727294922, 650.69909668, 453.00881958, 2265.90649414, 236.078948975, 146.713592529, 62.1691551208, 47.9054489136, 85.7305755615, 86.1308517456, 28.598033905, 42.9258651733, 90.3567886353, 13.8227853775, 18.9273853302, 11.8071374893, 3.17405438423, 1.12695336342, 0.0208227522671, 0.0015609501861, 0.000118084564747, 3.63816320714e-06, 1.3439995783e-08, 1.01438996092e-10, 4.74680572626e-10],
        "dvar2": [0.101339496672, 25.1473789215, 167.190109253, 563.084472656, 436.599456787, 375.891204834, 1371.60180664, 2400.58935547, 782.821899414, 3983.41552734, 6289.25439453, 11602.4990234, 6932.33251953, 8361.9140625, 6609.79101562, 1473.4708252, 1211.78710938, 866.437011719, 3980.42260742, 497.751831055, 321.171844482, 150.264450073, 103.545089722, 182.824111938, 165.083358765, 67.5684127808, 112.428733826, 234.705535889, 28.4562606812, 38.2294235229, 22.5571308136, 5.16825532913, 2.28434276581, 0.0347213037312, 0.00297929602675, 0.000254469836364, 8.18113858259e-06, 3.24460351919e-08, 2.11490824853e-10, 1.03460395806e-09],
        "max": [2.14804005623, 29.0047874451, 102.445739746, 194.153610229, 144.714492798, 332.861755371, 976.243469238, 1130.76953125, 995.995666504, 3461.87182617, 2095.62597656, 3057.58374023, 2425.21264648, 1943.89379883, 3296.68261719, 1067.99157715, 892.258300781, 964.237731934, 3258.01953125, 670.311340332, 348.622741699, 237.800811768, 176.730010986, 276.235321045, 435.92175293, 131.660812378, 345.638000488, 499.601745605, 127.943778992, 214.3722229, 175.802734375, 154.008453369, 97.7720565796, 9.8226108551, 1.08735156059, 0.321361124516, 0.0650231316686, 0.004112446215, 0.000179048714926, 0.000249989068834],
        "mean": [0.14288534224, 1.36228823662, 4.83421754837, 9.07232570648, 6.08586025238, 9.91748809814, 21.4442806244, 26.0334320068, 13.2899723053, 24.0248069763, 25.4714508057, 32.4274330139, 28.7607498169, 29.8532238007, 23.5231513977, 12.0328645706, 10.9128427505, 9.14209842682, 12.0281906128, 7.40341520309, 6.70028066635, 4.77288007736, 4.73805856705, 6.2811050415, 6.63163423538, 4.57918691635, 3.11872935295, 2.53768420219, 1.976790905, 1.77852535248, 1.44753873348, 0.621818959713, 0.237432837486, 0.0646364241838, 0.0177383739501, 0.00373942381702, 0.000931013200898, 7.02016768628e-05, 1.47362297866e-05, 2.97088645311e-05],
        "median": [0.0165158789605, 0.403167009354, 2.2529065609, 3.34406137466, 2.75997161865, 3.99375700951, 5.77644109726, 5.59018087387, 3.76933717728, 4.04404878616, 3.77220463753, 3.50539374352, 2.67744660378, 2.33166885376, 1.9392516613, 1.40644967556, 1.46366453171, 1.01245045662, 0.880329251289, 0.457382202148, 0.579612195492, 0.599170923233, 0.644187092781, 0.657742917538, 0.687186658382, 0.476618677378, 0.382376283407, 0.27373445034, 0.212648317218, 0.125966057181, 0.087183482945, 0.0378346405923, 0.014742732048, 0.00394198577851, 0.00124895863701, 0.000678766868077, 0.00041179076652, 4.24174941145e-05, 9.07585854293e-06, 1.82977109944e-05],
        "min": [1.37256559472e-23, 3.26136126095e-22, 8.6670009528e-22, 2.18905109618e-21, 9.68199882033e-21, 2.39992419319e-21, 1.30652515362e-20, 1.98434360473e-20, 8.80393076735e-20, 9.90356722534e-20, 2.33567267254e-19, 2.51949210868e-19, 3.69939623461e-19, 6.19242037314e-19, 8.69589542173e-19, 9.69616564541e-19, 1.19249293597e-18, 1.84135822387e-18, 2.35494618761e-18, 2.5241974739e-18, 2.89093689066e-18, 3.98418407635e-18, 5.66085560335e-18, 4.13981645424e-18, 6.08346590062e-18, 4.99900192547e-18, 7.97289117629e-18, 9.14220940663e-18, 9.37434937374e-18, 9.41296547345e-18, 1.03175379313e-17, 9.94260342941e-18, 9.73346983668e-18, 7.55253453261e-18, 5.79607150936e-18, 4.0664244408e-18, 2.31357371529e-18, 9.69075691818e-19, 2.48895156649e-19, 2.56457203035e-20],
        "var": [0.112541586161, 9.94715023041, 56.45860672, 257.771057129, 126.496810913, 351.179046631, 2513.81420898, 4179.04638672, 2398.16137695, 15391.28125, 8089.64306641, 15112.0253906, 8233.47070312, 11475.1591797, 10605.6220703, 1895.83300781, 1612.96472168, 1003.70410156, 4703.14501953, 631.100708008, 419.534912109, 155.38053894, 142.613677979, 250.372268677, 348.629882812, 110.421295166, 69.539390564, 135.478973389, 26.3536300659, 29.3852882385, 29.9850521088, 10.807507515, 1.9325940609, 0.0518146902323, 0.00292847072706, 0.000174095359398, 7.47985905036e-06, 2.04549017724e-08, 2.43577380488e-10, 1.00663222202e-09]
    },
    "gfcc": {
        "mean": [-123.834518433, 142.946609497, -93.1235198975, 36.3393936157, -58.1315765381, 4.10721111298, -21.3149089813, -2.13049817085, -19.680147171, -7.43533658981, -9.3586139679, -4.77241849899, -9.96716594696],
        "cov": [[43240.6953125, 3947.86523438, -5466.08447266, 2208.28442383, -2706.85620117, 430.697967529, -780.792785645, -128.006729126, -319.900756836, -467.698547363, -154.284072876, -606.401733398, -123.156738281], [3947.86523438, 1547.36279297, -16.9603767395, -343.870025635, 23.4632511139, -222.657196045, 41.0569572449, -9.25185489655, -106.351631165, -12.8989200592, -50.106338501, 62.4437942505, -83.4644012451], [-5466.08447266, -16.9603767395, 1826.42504883, -256.34375, 219.930541992, -27.6356678009, 63.6794662476, -12.3153762817, -13.7199468613, 20.3994884491, 30.8650684357, 187.41027832, -2.023260355], [2208.28442383, -343.870025635, -256.34375, 681.801147461, -272.229766846, 127.070610046, -122.742477417, -47.0761947632, 49.8035469055, -51.5531311035, 43.382019043, -75.395652771, 40.7824668884], [-2706.85620117, 23.4632511139, 219.930541992, -272.229766846, 590.032226562, -61.9163627625, 58.283416748, 76.8612136841, 28.17212677, 88.5515441895, -21.1364822388, 45.5384941101, -19.239528656], [430.697967529, -222.657196045, -27.6356678009, 127.070610046, -61.9163627625, 317.564300537, -5.82046556473, 27.082649231, 10.8261556625, -31.1108398438, -2.38512730598, -61.173664093, 12.1554260254], [-780.792785645, 41.0569572449, 63.6794662476, -122.742477417, 58.283416748, -5.82046556473, 245.020904541, 27.9109153748, 5.5319108963, 13.1854972839, 1.81355547905, 12.4929704666, 11.245174408], [-128.006729126, -9.25185489655, -12.3153762817, -47.0761947632, 76.8612136841, 27.082649231, 27.9109153748, 158.23866272, 24.0517902374, 12.2728147507, -8.8675069809, -14.3220996857, 6.37828493118], [-319.900756836, -106.351631165, -13.7199468613, 49.8035469055, 28.17212677, 10.8261556625, 5.5319108963, 24.0517902374, 147.75869751, 23.8078022003, 21.423330307, -18.3437480927, 14.8582868576], [-467.698547363, -12.8989200592, 20.3994884491, -51.5531311035, 88.5515441895, -31.1108398438, 13.1854972839, 12.2728147507, 23.8078022003, 126.720611572, 25.8390350342, 28.8150920868, 0.472268611193], [-154.284072876, -50.106338501, 30.8650684357, 43.382019043, -21.1364822388, -2.38512730598, 1.81355547905, -8.8675069809, 21.423330307, 25.8390350342, 137.174407959, 29.0579490662, 21.7715950012], [-606.401733398, 62.4437942505, 187.41027832, -75.395652771, 45.5384941101, -61.173664093, 12.4929704666, -14.3220996857, -18.3437480927, 28.8150920868, 29.0579490662, 131.878189087, 19.8776550293], [-123.156738281, -83.4644012451, -2.023260355, 40.7824668884, -19.239528656, 12.1554260254, 11.245174408, 6.37828493118, 14.8582868576, 0.472268611193, 21.7715950012, 19.8776550293, 104.496391296]],
        "icov": [[0.000333003175911, -0.00114226934966, 0.000745296245441, -0.000923583633266, 0.000851038494147, -0.00066990009509, 0.000436876987806, -0.000411451095715, 0.000188728343346, -0.000182456540642, 0.000208633238799, -0.000190814040252, 3.45221633324e-05], [-0.00114226934966, 0.00476983562112, -0.00248543056659, 0.00351950782351, -0.00276275607757, 0.00273870769888, -0.00152970047202, 0.00132128037512, -0.000322905456414, 0.000831440615002, -0.000621631101239, 0.000396942486987, 0.000394742382923], [0.000745296245441, -0.00248543056659, 0.00236276374198, -0.0018995028222, 0.00173674267717, -0.00167396641336, 0.000921086466406, -0.000804033887107, 0.000321237748722, -0.000111427994852, 0.000406595878303, -0.00145508383866, 0.000291623757221], [-0.000923583633266, 0.00351950782351, -0.0018995028222, 0.00505189178512, -0.00157645426225, 0.00143336388282, -0.000315247889375, 0.00155868416186, -0.00116877071559, 0.000856685335748, -0.00114713306539, 0.00107723672409, -0.000607585767284], [0.000851038494147, -0.00276275607757, 0.00173674267717, -0.00157645426225, 0.00466640572995, -0.00152308482211, 0.00110339384992, -0.0019046838861, 3.73315306206e-05, -0.00168338196818, 0.00100326386746, -0.000685924256686, 0.000402799603762], [-0.00066990009509, 0.00273870769888, -0.00167396641336, 0.00143336388282, -0.00152308482211, 0.00539684761316, -0.00107841484714, 1.22104775073e-05, 1.80829320016e-05, 0.000817205931526, -0.000478412490338, 0.00192245736253, -0.000259044434642], [0.000436876987806, -0.00152970047202, 0.000921086466406, -0.000315247889375, 0.00110339384992, -0.00107841484714, 0.00520864920691, -0.00097798393108, -2.60025099124e-05, -0.00028472719714, 3.32668969349e-05, -7.62473646319e-05, -0.000725726247765], [-0.000411451095715, 0.00132128037512, -0.000804033887107, 0.00155868416186, -0.0019046838861, 1.22104775073e-05, -0.00097798393108, 0.00787366274744, -0.00121725699864, 3.68900946341e-05, 2.29333545576e-05, 0.00106780626811, -0.000815905805212], [0.000188728343346, -0.000322905456414, 0.000321237748722, -0.00116877071559, 3.73315306206e-05, 1.80829320016e-05, -2.60025099124e-05, -0.00121725699864, 0.00818960275501, -0.00146752386354, -0.000887618924025, 0.00153099768795, -0.000755394110456], [-0.000182456540642, 0.000831440615002, -0.000111427994852, 0.000856685335748, -0.00168338196818, 0.000817205931526, -0.00028472719714, 3.68900946341e-05, -0.00146752386354, 0.0100975297391, -0.00179408327676, -0.00169810664374, 0.000595789751969], [0.000208633238799, -0.000621631101239, 0.000406595878303, -0.00114713306539, 0.00100326386746, -0.000478412490338, 3.32668969349e-05, 2.29333545576e-05, -0.000887618924025, -0.00179408327676, 0.00877005886286, -0.00208376790397, -0.000856188533362], [-0.000190814040252, 0.000396942486987, -0.00145508383866, 0.00107723672409, -0.000685924256686, 0.00192245736253, -7.62473646319e-05, 0.00106780626811, 0.00153099768795, -0.00169810664374, -0.00208376790397, 0.011919005774, -0.00280646351166], [3.45221633324e-05, 0.000394742382923, 0.000291623757221, -0.000607585767284, 0.000402799603762, -0.000259044434642, -0.000725726247765, -0.000815905805212, -0.000755394110456, 0.000595789751969, -0.000856188533362, -0.00280646351166, 0.0112176118419]]
    },
    "melbands": {
        "dmean": [0.00104970659595, 0.00176758144516, 0.00109485199209, 0.000372936250642, 0.000352188013494, 0.000290080526611, 0.000100077624666, 0.000138287592563, 0.000120191914903, 0.000115158945846, 8.41874207254e-05, 6.57822311041e-05, 4.07517254644e-05, 3.12510019285e-05, 1.40752954394e-05, 1.4964138245e-05, 1.091105878e-05, 1.35218197101e-05, 7.19973513696e-06, 6.2225540205e-06, 4.34355752077e-06, 3.07279105982e-06, 2.6870018246e-06, 2.53460962085e-06, 2.92067943519e-06, 2.91399896923e-06, 2.0127629341e-06, 1.55774671384e-06, 1.2998306147e-06, 1.061900889e-06, 9.94309289126e-07, 7.89529735812e-07, 8.40240147681e-07, 7.56655424539e-07, 7.10377662472e-07, 4.00307584414e-07, 2.13611741628e-07, 1.32287098609e-07, 6.39637818267e-08, 2.84229315639e-08],
        "dmean2": [0.0015992554836, 0.00290508079343, 0.00178514653817, 0.000622469058726, 0.000522622838616, 0.000439827563241, 0.000150973777636, 0.000193325438886, 0.000174982720637, 0.000161136544193, 0.000121555756778, 9.40423560678e-05, 5.79921543249e-05, 4.49120234407e-05, 2.03106192203e-05, 2.17161195906e-05, 1.65859346453e-05, 2.0354264052e-05, 1.08709618871e-05, 9.63321144809e-06, 6.70751069265e-06, 4.92952676723e-06, 4.14013902628e-06, 3.80782785214e-06, 4.3227473725e-06, 4.2310120989e-06, 3.12896395371e-06, 2.42951409746e-06, 2.01383249987e-06, 1.68032352121e-06, 1.5381576759e-06, 1.16429282571e-06, 1.18942409699e-06, 1.04263119738e-06, 9.77482272901e-07, 5.5532893839e-07, 2.89255439156e-07, 1.82398338211e-07, 8.60908002664e-08, 3.97352266646e-08],
        "dvar": [7.18095179764e-06, 1.50947898874e-05, 5.58410010854e-06, 6.72062128615e-07, 5.87363501836e-07, 5.06290689373e-07, 1.01119688622e-07, 3.75756997073e-07, 2.0213721541e-07, 2.69218190851e-07, 9.1716358952e-08, 7.86303857581e-08, 3.04097689252e-08, 2.31935679551e-08, 2.45278197752e-09, 3.95551280619e-09, 1.94245108887e-09, 7.25446813732e-09, 1.32754784943e-09, 5.89671533824e-10, 1.74384701124e-10, 7.52049811314e-11, 6.17223841481e-11, 4.00325536609e-11, 7.9094140959e-11, 7.62630375517e-11, 3.20061720183e-11, 1.38660116375e-11, 1.38409292708e-11, 4.92547704012e-11, 2.98635075002e-11, 4.32106650808e-12, 8.93345467046e-12, 5.27132157369e-12, 4.91312285994e-12, 3.49676407621e-12, 1.13721011774e-12, 1.22106838529e-12, 4.20780048988e-14, 7.70153526456e-15],
        "dvar2": [1.6362653696e-05, 3.78850309062e-05, 1.43655024658e-05, 1.81438269919e-06, 1.23581094158e-06, 1.04874959561e-06, 1.66936459323e-07, 5.83200403526e-07, 3.88611937296e-07, 5.25080963598e-07, 1.86583264394e-07, 1.82758640221e-07, 5.45533858087e-08, 4.61477576152e-08, 4.25345669797e-09, 7.09795244802e-09, 3.76659814449e-09, 1.25166650378e-08, 2.93321322786e-09, 1.20276555382e-09, 4.03334921018e-10, 1.87689599973e-10, 1.38331165966e-10, 9.01093852312e-11, 1.78584216859e-10, 1.46069017992e-10, 7.7320434777e-11, 3.39927877513e-11, 3.58133106504e-11, 1.37908059972e-10, 7.35576946576e-11, 9.76501778743e-12, 1.77869143025e-11, 1.12771909866e-11, 9.96481543114e-12, 6.85157833247e-12, 2.13636248449e-12, 2.68497789106e-12, 6.95180065314e-14, 1.45973422965e-14],
        "max": [0.026864156127, 0.0469632595778, 0.0304318014532, 0.0110582839698, 0.0257207751274, 0.0220115650445, 0.0143019165844, 0.0393655598164, 0.0150086106732, 0.0223730262369, 0.0124874049798, 0.00893464498222, 0.00817730464041, 0.00689215445891, 0.00216762186028, 0.00250563514419, 0.00204796041362, 0.00626546610147, 0.00125561107416, 0.000886508903932, 0.000347711495124, 0.000215755731915, 0.000259511376498, 0.000142100921948, 0.000285644986434, 0.000388076732634, 0.000162949756486, 8.74466495588e-05, 0.000116451883514, 0.000412038440118, 0.000319789047353, 4.77797075291e-05, 0.000163561126101, 8.48011477501e-05, 9.51086040004e-05, 0.000156007925398, 9.51624970185e-05, 9.85875885817e-05, 1.32846225824e-05, 4.39702853328e-06],
        "mean": [0.00141991558485, 0.00236680055968, 0.00144567165989, 0.000525521638338, 0.000716041366104, 0.000583794841077, 0.000198414272745, 0.000271772471024, 0.000204820666113, 0.000199438174604, 0.000144342586282, 0.000127357983729, 7.31171967345e-05, 4.55653243989e-05, 2.35234019783e-05, 2.1905379981e-05, 1.61172047228e-05, 2.04819662031e-05, 1.02138519651e-05, 1.07060632217e-05, 7.0355963544e-06, 4.87080433231e-06, 4.4612675083e-06, 4.28190242019e-06, 5.06872447659e-06, 5.5348573369e-06, 3.76161187887e-06, 2.8781967103e-06, 2.1328821731e-06, 1.56481769409e-06, 1.41726081893e-06, 1.10570897505e-06, 1.06545905965e-06, 9.47840135268e-07, 9.03493003079e-07, 5.76320815071e-07, 3.0792148209e-07, 1.85557311738e-07, 9.17898574926e-08, 3.89739547302e-08],
        "median": [0.000256659637671, 0.00112028059084, 0.000596199941356, 0.000242185400566, 0.000219517911319, 0.000126087805256, 5.01541981066e-05, 4.22346092819e-05, 2.66762090178e-05, 1.85990011232e-05, 1.16669798444e-05, 8.10844085208e-06, 5.72337830818e-06, 3.86202964364e-06, 3.30789748659e-06, 2.36368191509e-06, 1.47367381942e-06, 1.31618207888e-06, 6.31360080661e-07, 4.84509882881e-07, 6.37727680441e-07, 5.42859766028e-07, 5.96926156504e-07, 4.66639022534e-07, 4.96795053095e-07, 5.12034205258e-07, 3.56103299737e-07, 2.84108580217e-07, 2.51859319178e-07, 1.66347689401e-07, 1.40183075814e-07, 1.18080706102e-07, 7.98475667807e-08, 5.87774309224e-08, 5.20648484326e-08, 3.1260547928e-08, 1.84039166129e-08, 1.10926849928e-08, 5.38167022057e-09, 2.20979146093e-09],
        "min": [2.59160972622e-25, 6.8838960818e-25, 5.55127877803e-25, 3.72589310031e-25, 3.67805312376e-25, 3.67226313123e-25, 1.12067631234e-24, 1.29173843305e-24, 1.84579390376e-24, 1.39176382647e-24, 1.68810396147e-24, 1.9162249831e-24, 2.60318714747e-24, 2.41679469836e-24, 1.81980803668e-24, 1.6511852711e-24, 2.47992309508e-24, 2.56143510634e-24, 2.67479481285e-24, 3.45903161266e-24, 2.51771229345e-24, 3.53054816461e-24, 3.67177162158e-24, 4.21337157024e-24, 2.53066262851e-24, 3.01729553815e-24, 3.41233223036e-24, 2.98141656646e-24, 3.89450807589e-24, 4.74286565945e-24, 4.22265291322e-24, 4.155422637e-24, 4.04009985013e-24, 4.56448685384e-24, 4.80979577409e-24, 5.57360640127e-24, 4.81285734326e-24, 5.88982168955e-24, 5.52233833104e-24, 5.80158128642e-24],
        "var": [1.05470135168e-05, 1.47681084854e-05, 6.1362247834e-06, 7.76957449489e-07, 2.24641985369e-06, 1.95309439732e-06, 5.85740963288e-07, 1.93699588635e-06, 5.04782747157e-07, 6.27915483165e-07, 2.21589971261e-07, 2.37753070564e-07, 1.00013842541e-07, 3.83641740598e-08, 7.37263361472e-09, 8.24564683199e-09, 3.92467924826e-09, 1.6699843286e-08, 1.89543203355e-09, 1.57740420725e-09, 4.40753628039e-10, 1.69568789565e-10, 1.51771678558e-10, 1.12688663956e-10, 1.89887924829e-10, 2.73976230591e-10, 9.55144296988e-11, 4.69204293474e-11, 2.78730562936e-11, 5.22415374848e-11, 4.46427478318e-11, 7.74842603274e-12, 1.24689321368e-11, 8.16139517079e-12, 1.01434988881e-11, 1.12539057934e-11, 2.60440237085e-12, 1.6818752337e-12, 1.11335575904e-13, 1.64608181686e-14]
    },
    "mfcc": {
        "mean": [-748.621704102, 160.900848389, 22.0797290802, 35.918258667, -6.37927007675, 8.63432598114, 2.46301722527, 7.64937210083, -5.86114120483, 1.87379336357, -3.45618462563, -0.939688801765, -3.2086288929],
        "cov": [[15128.9355469, 62.4836807251, -1371.89367676, 588.879943848, -528.987060547, 248.478805542, -307.957244873, 122.977500916, -110.433914185, 437.481384277, -103.301979065, -43.6254920959, -182.556091309], [62.4836807251, 2599.44433594, 239.997009277, 78.8422546387, 17.022321701, -123.279968262, 131.520935059, 30.3693561554, -0.0945065394044, -89.8987121582, 54.2836875916, -5.84954166412, -16.7976608276], [-1371.89367676, 239.997009277, 1254.55957031, 83.4187011719, 6.02454900742, 79.0603790283, 11.7625465393, 79.2614593506, -67.3970031738, -111.50617218, -44.7080001831, 18.5855007172, 59.435131073], [588.879943848, 78.8422546387, 83.4187011719, 352.86920166, 1.29700684547, 8.4061088562, -38.2788772583, -14.2941055298, -19.5780563354, -18.2391757965, -23.2535362244, 16.7085762024, 39.5690574646], [-528.987060547, 17.022321701, 6.02454900742, 1.29700684547, 335.76574707, 13.9080791473, -3.20886182785, 4.25135040283, 29.3610267639, 3.37809324265, 23.2428092957, 16.953289032, 22.1085414886], [248.478805542, -123.279968262, 79.0603790283, 8.4061088562, 13.9080791473, 186.366271973, 15.6386785507, 6.73868608475, 3.99548697472, 3.97294712067, 1.09505331516, 9.35987949371, -7.04059553146], [-307.957244873, 131.520935059, 11.7625465393, -38.2788772583, -3.20886182785, 15.6386785507, 180.966552734, 33.9956741333, 19.2597026825, 10.7524909973, 6.28492259979, 6.07590341568, -3.14058256149], [122.977500916, 30.3693561554, 79.2614593506, -14.2941055298, 4.25135040283, 6.73868608475, 33.9956741333, 125.237831116, 29.8102111816, 6.38080501556, 2.62014555931, -5.06101083755, -6.97834253311], [-110.433914185, -0.0945065394044, -67.3970031738, -19.5780563354, 29.3610267639, 3.99548697472, 19.2597026825, 29.8102111816, 152.367507935, 38.143825531, 3.55279254913, -7.64952802658, -15.9646883011], [437.481384277, -89.8987121582, -111.50617218, -18.2391757965, 3.37809324265, 3.97294712067, 10.7524909973, 6.38080501556, 38.143825531, 138.555435181, 33.6461715698, -13.0292787552, -17.5305576324], [-103.301979065, 54.2836875916, -44.7080001831, -23.2535362244, 23.2428092957, 1.09505331516, 6.28492259979, 2.62014555931, 3.55279254913, 33.6461715698, 118.713195801, 25.5901279449, -15.3868684769], [-43.6254920959, -5.84954166412, 18.5855007172, 16.7085762024, 16.953289032, 9.35987949371, 6.07590341568, -5.06101083755, -7.64952802658, -13.0292787552, 25.5901279449, 95.2209701538, 25.8535823822], [-182.556091309, -16.7976608276, 59.435131073, 39.5690574646, 22.1085414886, -7.04059553146, -3.14058256149, -6.97834253311, -15.9646883011, -17.5305576324, -15.3868684769, 25.8535823822, 92.8995895386]],
