{
"lowlevel": {
    "average_loudness": 0.650774002075,
    "barkbands_crest": {
        "dmean": 2.77861356735,
        "dmean2": 4.49341058731,
        "dvar": 6.74844646454,
        "dvar2": 17.6499347687,
        "max": 26.5128269196,
        "mean": 10.8858556747,
        "median": 9.88243484497,
        "min": 2.4162106514,
        "var": 22.2247467041
    },
    "barkbands_flatness_db": {
        "dmean": 0.0250677838922,
        "dmean2": 0.0408507212996,
        "dvar": 0.000894183351193,
        "dvar2": 0.00263932999223,
        "max": 0.420051068068,
        "mean": 0.148986950517,
        "median": 0.139958620071,
        "min": 0.0170287415385,
        "var": 0.00321292015724
    },
    "barkbands_kurtosis": {
        "dmean": 5.09735107422,
        "dmean2": 8.86745166779,
        "dvar": 268.324890137,
        "dvar2": 740.647827148,
        "max": 459.039764404,
        "mean": 5.38778686523,
        "median": 0.970967769623,
        "min": -1.9165173769,
        "var": 374.791259766
    },
    "barkbands_skewness": {
        "dmean": 0.695460259914,
        "dmean2": 1.11521279812,
        "dvar": 1.19774961472,
        "dvar2": 3.22825598717,
        "max": 17.2799167633,
        "mean": 1.22423374653,
        "median": 0.917412340641,
        "min": -4.52126026154,
        "var": 3.32503414154
    },
    "barkbands_spread": {
        "dmean": 5.5889582634,
        "dmean2": 8.79214572906,
        "dvar": 42.6024131775,
        "dvar2": 101.684028625,
        "max": 90.8249664307,
        "mean": 20.8857688904,
        "median": 18.8077735901,
        "min": 0.335223436356,
        "var": 140.748748779
    },
    "dissonance": {
        "dmean": 0.0205390099436,
        "dmean2": 0.0344977341592,
        "dvar": 0.00040527281817,
        "dvar2": 0.00113852252252,
        "max": 0.499999910593,
        "mean": 0.458745032549,
        "median": 0.466011732817,
        "min": 0.309794425964,
        "var": 0.000930181529839
    },
    "dynamic_complexity": 5.45322465897,
    "erbbands_crest": {
        "dmean": 2.80997657776,
        "dmean2": 4.5133523941,
        "dvar": 7.28257846832,
        "dvar2": 18.2122135162,
        "max": 31.3063812256,
        "mean": 10.1012096405,
        "median": 9.0613193512,
        "min": 2.48396611214,
        "var": 21.3329753876
    },
    "erbbands_flatness_db": {
        "dmean": 0.0181167256087,
        "dmean2": 0.0257341004908,
        "dvar": 0.000346473389072,
        "dvar2": 0.00064455717802,
        "max": 0.44664555788,
        "mean": 0.185645058751,
        "median": 0.180813550949,
        "min": 0.0534728989005,
        "var": 0.00307044526562
    },
    "erbbands_kurtosis": {
        "dmean": 0.989583849907,
        "dmean2": 1.56523489952,
        "dvar": 2.72394394875,
        "dvar2": 6.15707302094,
        "max": 59.9550933838,
        "mean": 0.744771003723,
        "median": 0.0500659942627,
        "min": -1.8099462986,
        "var": 8.33005046844
    },
    "erbbands_skewness": {
        "dmean": 0.359235584736,
        "dmean2": 0.549132764339,
        "dvar": 0.128181219101,
        "dvar2": 0.297052711248,
        "max": 7.31848812103,
        "mean": 0.286401689053,
        "median": 0.32528668642,
        "min": -4.30181837082,
        "var": 0.718818306923
    },
    "erbbands_spread": {
        "dmean": 7.2549161911,
        "dmean2": 10.7555408478,
        "dvar": 77.938041687,
        "dvar2": 170.444488525,
        "max": 136.830978394,
        "mean": 30.863735199,
        "median": 27.6716156006,
        "min": 2.30817127228,
        "var": 270.779418945
    },
    "hfc": {
        "dmean": 4.86498975754,
        "dmean2": 7.23467969894,
        "dvar": 73.7604370117,
        "dvar2": 174.722396851,
        "max": 136.085220337,
        "mean": 15.072968483,
        "median": 7.92062997818,
        "min": 1.05833411715e-16,
        "var": 345.475708008
    },
    "melbands_crest": {
        "dmean": 3.80497264862,
        "dmean2": 6.18381595612,
        "dvar": 14.786400795,
        "dvar2": 38.265045166,
        "max": 38.5820808411,
        "mean": 15.6940784454,
        "median": 14.2739667892,
        "min": 1.57686412334,
        "var": 53.0835380554
    },
    "melbands_flatness_db": {
        "dmean": 0.0297677218914,
        "dmean2": 0.0477918945253,
        "dvar": 0.00140359043144,
        "dvar2": 0.0038953020703,
        "max": 0.545710384846,
        "mean": 0.201920807362,
        "median": 0.193407848477,
        "min": 0.00337046850473,
        "var": 0.0051568383351
    },
    "melbands_kurtosis": {
        "dmean": 11.3473434448,
        "dmean2": 19.7094535828,
        "dvar": 1176.6998291,
        "dvar2": 3302.90185547,
        "max": 688.045776367,
        "mean": 13.9630327225,
        "median": 3.36344099045,
        "min": -1.80504643917,
        "var": 1612.9161377
    },
    "melbands_skewness": {
        "dmean": 0.906064808369,
        "dmean2": 1.45295059681,
        "dvar": 2.10160303116,
        "dvar2": 5.55273485184,
        "max": 19.5717334747,
        "mean": 2.13181495667,
        "median": 1.6057703495,
        "min": -1.99688374996,
        "var": 5.24251890182
    },
    "melbands_spread": {
        "dmean": 7.97925376892,
        "dmean2": 12.3773345947,
        "dvar": 118.808425903,
        "dvar2": 272.389648438,
        "max": 237.648101807,
        "mean": 28.6446113586,
        "median": 23.6103057861,
        "min": 0.307811617851,
        "var": 474.601043701
    },
    "pitch_salience": {
        "dmean": 0.0771010220051,
        "dmean2": 0.12856541574,
        "dvar": 0.00681730825454,
        "dvar2": 0.0196698457003,
        "max": 0.978203892708,
        "mean": 0.505760848522,
        "median": 0.514069914818,
        "min": 0.0623115748167,
        "var": 0.0181999988854
    },
    "silence_rate_20dB": {
        "dmean": 0,
        "dmean2": 0,
        "dvar": 0,
        "dvar2": 0,
        "max": 1,
        "mean": 1,
        "median": 1,
        "min": 1,
        "var": 0
    },
    "silence_rate_30dB": {
        "dmean": 0.000473372783745,
        "dmean2": 0.000946857617237,
        "dvar": 0.000473153515486,
        "dvar2": 0.00118269468658,
        "max": 1,
        "mean": 0.999644994736,
        "median": 1,
        "min": 0,
        "var": 0.000354867370334
    },
    "silence_rate_60dB": {
        "dmean": 0.0404733717442,
        "dmean2": 0.080956324935,
        "dvar": 0.0388361290097,
        "dvar2": 0.0826805382967,
        "max": 1,
        "mean": 0.239971607924,
        "median": 0,
        "min": 0,
        "var": 0.182386443019
    },
    "spectral_centroid": {
        "dmean": 281.312683105,
        "dmean2": 427.682342529,
        "dvar": 112428.601562,
        "dvar2": 241404.890625,
        "max": 11514.1640625,
        "mean": 1717.94824219,
        "median": 1580.33544922,
        "min": 175.12197876,
        "var": 1231451
    },
    "spectral_complexity": {
        "dmean": 2.57017755508,
        "dmean2": 3.91691327095,
        "dvar": 14.5820045471,
        "dvar2": 28.5231761932,
        "max": 63,
        "mean": 13.2597322464,
        "median": 12,
        "min": 0,
        "var": 92.0272293091
    },
    "spectral_decrease": {
        "dmean": 2.53771736958e-09,
        "dmean2": 4.35195923743e-09,
        "dvar": 3.26831103769e-17,
        "dvar2": 9.37725757534e-17,
        "max": 1.77118051039e-28,
        "mean": -4.42612480001e-09,
        "median": -2.64012900431e-09,
        "min": -4.24845190139e-08,
        "var": 3.30476918863e-17
    },
    "spectral_energy": {
        "dmean": 0.00993539579213,
        "dmean2": 0.0169553346932,
        "dvar": 0.000477938971017,
        "dvar2": 0.0013667709427,
        "max": 0.162191346288,
        "mean": 0.0180723983794,
        "median": 0.0108474129811,
        "min": 1.00653622991e-20,
        "var": 0.000513873063028
    },
    "spectral_energyband_high": {
        "dmean": 0.000172063737409,
        "dmean2": 0.00025456410367,
        "dvar": 1.69853635157e-07,
        "dvar2": 3.67215591268e-07,
        "max": 0.0106756296009,
        "mean": 0.000356911245035,
        "median": 0.000124128346215,
        "min": 6.89651495958e-21,
        "var": 4.12644681091e-07
    },
    "spectral_energyband_low": {
        "dmean": 0.00738972704858,
        "dmean2": 0.0133043630049,
        "dvar": 0.000467409932753,
        "dvar2": 0.00137263676152,
        "max": 0.157216742635,
        "mean": 0.00738347275183,
        "median": 0.00132190261502,
        "min": 1.41803459066e-23,
        "var": 0.000333156698616
    },
    "spectral_energyband_middle_high": {
        "dmean": 0.00215428159572,
        "dmean2": 0.00324527779594,
        "dvar": 1.77449946932e-05,
        "dvar2": 4.09152853535e-05,
        "max": 0.0988051891327,
        "mean": 0.00606137188151,
        "median": 0.00214070058428,
        "min": 1.19160203902e-21,
        "var": 8.7387226813e-05
    },
    "spectral_energyband_middle_low": {
        "dmean": 0.00237881019711,
        "dmean2": 0.00387899857014,
        "dvar": 2.61394452536e-05,
        "dvar2": 6.85149934725e-05,
        "max": 0.113265775144,
        "mean": 0.00466442294419,
        "median": 0.00273300358094,
        "min": 1.6000945368e-22,
        "var": 4.10632128478e-05
    },
    "spectral_entropy": {
        "dmean": 0.168000951409,
        "dmean2": 0.251180708408,
        "dvar": 0.0359885245562,
        "dvar2": 0.0787954330444,
        "max": 9.82478237152,
        "mean": 7.37806940079,
        "median": 7.39689445496,
        "min": 5.38445043564,
        "var": 0.248389959335
    },
    "spectral_flux": {
        "dmean": 0.0285727102309,
        "dmean2": 0.0460698343813,
        "dvar": 0.00211548921652,
        "dvar2": 0.00445879809558,
        "max": 0.378136366606,
        "mean": 0.0729122310877,
        "median": 0.0557420663536,
        "min": 6.31906749149e-11,
        "var": 0.004373899661
    },
    "spectral_kurtosis": {
        "dmean": 1.63786864281,
        "dmean2": 2.69265317917,
        "dvar": 3.3779361248,
        "dvar2": 8.6720123291,
        "max": 42.6904830933,
        "mean": 5.6171412468,
        "median": 4.96171617508,
        "min": -1.25532281399,
        "var": 14.0105400085
    },
    "spectral_rms": {
        "dmean": 0.000885494460817,
        "dmean2": 0.00142506335396,
        "dvar": 2.28150656767e-06,
        "dvar2": 6.19185539108e-06,
        "max": 0.0125791672617,
        "mean": 0.00352599658072,
        "median": 0.00325312814675,
        "min": 3.13366650337e-12,
        "var": 5.19894456374e-06
    },
    "spectral_rolloff": {
        "dmean": 464.884979248,
        "dmean2": 773.591125488,
        "dvar": 661289.5,
        "dvar2": 1455321.25,
        "max": 20155.078125,
        "mean": 1825.01159668,
        "median": 1356.59179688,
        "min": 43.06640625,
        "var": 4302985
    },
    "spectral_skewness": {
        "dmean": 0.222518473864,
        "dmean2": 0.344553589821,
        "dvar": 0.0551716797054,
        "dvar2": 0.121299274266,
        "max": 5.07780742645,
        "mean": 1.59666872025,
        "median": 1.58355462551,
        "min": -0.175408840179,
        "var": 0.269922971725
    },
    "spectral_spread": {
        "dmean": 390416.6875,
        "dmean2": 576149,
        "dvar": 462129397760,
        "dvar2": 914288214016,
        "max": 42623000,
        "mean": 4187713.75,
        "median": 3727295.75,
        "min": 1487391.5,
        "var": 1.19974699991e+13
    },
    "spectral_strongpeak": {
        "dmean": 0.615765571594,
        "dmean2": 1.0301400423,
        "dvar": 1.25737726688,
        "dvar2": 3.08222389221,
        "max": 15.55418396,
        "mean": 1.06847381592,
        "median": 0.34566950798,
        "min": 0,
        "var": 2.68972158432
    },
    "zerocrossingrate": {
        "dmean": 0.00905521865934,
        "dmean2": 0.0107923503965,
        "dvar": 0.000149713814608,
        "dvar2": 0.000182875053724,
        "max": 0.52099609375,
        "mean": 0.0653027519584,
        "median": 0.0576171875,
        "min": 0.001953125,
        "var": 0.00276095466688
    },
    "barkbands": {
        "dmean": [0.000305350491544, 0.00388474855572, 0.00337478355505, 0.000581413391046, 0.000539245374966, 0.000566277303733, 0.000335059157806, 0.000236080290051, 0.000746989331674, 0.000559019448701, 0.000470424332889, 0.0007042112411, 0.000459810893517, 0.000369268702343, 0.000385851395549, 0.000188160760445, 0.000133591674967, 0.000150353342178, 0.000266075774562, 0.000182331976248, 4.21155855292e-05, 2.97371989291e-05, 2.08629226108e-05, 1.18816506074e-05, 8.66601203597e-06, 8.47703722684e-06, 2.36725531977e-06],
        "dmean2": [0.000489776895847, 0.00684654293582, 0.00623426306993, 0.000957951240707, 0.000919970101677, 0.000918491918128, 0.000549655815121, 0.000380207231501, 0.00120534119196, 0.000889139424544, 0.00077234976925, 0.00111982563976, 0.000714925583452, 0.000592607480939, 0.000626266526524, 0.000290858122753, 0.000210302663618, 0.000236759267864, 0.000407742336392, 0.000265103561105, 6.69730870868e-05, 4.65811790491e-05, 3.2149891922e-05, 1.76632911462e-05, 1.28928486447e-05, 1.44877385537e-05, 4.18767740484e-06],
        "dvar": [5.26637450093e-07, 8.53763558553e-05, 0.000169827049831, 4.13981297243e-06, 3.08896642309e-06, 1.55244299549e-06, 4.69397917868e-07, 4.46336144933e-07, 6.82898962623e-06, 3.28752298628e-06, 2.46082527156e-06, 5.16491809321e-06, 2.04027924156e-06, 1.5837410956e-06, 1.98967700271e-06, 4.11878886553e-07, 2.32924818988e-07, 2.29962168419e-07, 4.55345002592e-07, 2.30878555385e-07, 2.00937328998e-08, 4.5476409305e-09, 1.8219824538e-09, 3.1741340667e-09, 1.30879351801e-09, 1.05909558901e-09, 1.18283535744e-10],
        "dvar2": [1.32447667056e-06, 0.00025892505073, 0.000478502101032, 1.04790296973e-05, 8.25667302706e-06, 3.92358333556e-06, 1.18108289371e-06, 1.04901687337e-06, 1.83524698514e-05, 7.31774753149e-06, 6.31592274658e-06, 1.26752602227e-05, 4.71255907541e-06, 3.97051462642e-06, 4.66951996714e-06, 9.14383747386e-07, 5.43231976735e-07, 5.5228264273e-07, 1.0384919733e-06, 5.10545476118e-07, 5.22286391913e-08, 1.06468158734e-08, 3.80540976508e-09, 6.40056008194e-09, 2.56924814757e-09, 2.90210855347e-09, 3.24645366145e-10],
        "max": [0.0142010385171, 0.0763022899628, 0.0985025539994, 0.0287060514092, 0.0251887626946, 0.0409329086542, 0.0200844500214, 0.0222518369555, 0.10813704133, 0.0516360662878, 0.0493522696197, 0.0662323534489, 0.0351598374546, 0.0369235426188, 0.0500559359789, 0.0205813664943, 0.0175250004977, 0.0116076720878, 0.0159797742963, 0.0105087505654, 0.00258669815958, 0.000902026193216, 0.000806628144346, 0.002581525594, 0.00153429945931, 0.000515873369295, 0.000219278852455],
        "mean": [0.000445101264631, 0.00459496444091, 0.00212860456668, 0.000511093006935, 0.000638219702523, 0.00108083244413, 0.00052431167569, 0.000382163474569, 0.00114849046804, 0.000807427742984, 0.000689140928444, 0.00118040980306, 0.000793754355982, 0.000628385343589, 0.000618982128799, 0.000280361331534, 0.000229138648137, 0.000248490629019, 0.000540981884114, 0.000381529069273, 7.36506990506e-05, 4.79950795125e-05, 4.18665658799e-05, 2.59430453298e-05, 1.87885834748e-05, 9.62601188803e-06, 2.13037947105e-06],
        "median": [6.39513455098e-05, 0.000800250796601, 3.12271586154e-05, 2.2776388505e-05, 0.00017891083553, 0.000586475129239, 0.000209045538213, 7.50726321712e-05, 0.000297396589303, 0.000135832495289, 0.00012035270629, 0.000117673225759, 9.27700602915e-05, 8.31640063552e-05, 9.07063513296e-05, 4.01794532081e-05, 5.18629021826e-05, 6.27105328022e-05, 0.000106755207526, 8.90494557098e-05, 1.82603744179e-05, 9.47057014855e-06, 1.42440176205e-05, 7.90585090726e-06, 5.03300361743e-06, 2.52088216257e-06, 3.22078079762e-07],
        "min": [5.98777080107e-25, 2.88921963145e-24, 1.46143890589e-25, 1.26430165356e-24, 8.05523461919e-24, 6.87071184949e-24, 4.86918871721e-24, 1.00893384957e-23, 1.62928807009e-23, 2.75221673809e-23, 2.22873637222e-23, 2.35635623843e-23, 3.4502781754e-23, 3.13850583062e-23, 5.08562027963e-23, 5.81293488811e-23, 6.70483932913e-23, 9.6900164744e-23, 1.09550085785e-22, 1.39431127132e-22, 2.18056325576e-22, 2.99428577505e-22, 3.85470633558e-22, 6.1315207192e-22, 8.52739907831e-22, 1.27489020059e-21, 2.02064350503e-21],
        "var": [8.88794772891e-07, 8.01384958322e-05, 0.000101465331682, 3.56409100277e-06, 2.68814164883e-06, 3.45138482771e-06, 8.39095548599e-07, 9.55594146035e-07, 1.01561718111e-05, 5.61649312658e-06, 4.30126192441e-06, 1.19627520689e-05, 5.3921298786e-06, 3.956510227e-06, 3.48862931787e-06, 9.19671890642e-07, 5.38340827916e-07, 4.07395134516e-07, 1.31581896312e-06, 7.5713961678e-07, 2.84319057187e-08, 8.6398186383e-09, 4.93578600214e-09, 5.58416424212e-09, 2.62611687951e-09, 8.29181168172e-10, 7.64979954382e-11]
    },
    "erbbands": {
        "dmean": [0.120084166527, 0.919282019138, 3.63543272018, 2.65023875237, 2.09221601486, 1.74358201027, 2.7289223671, 5.39666223526, 4.71000385284, 4.94123983383, 7.26863336563, 16.5881919861, 18.8687667847, 16.193731308, 17.5887870789, 30.1738529205, 21.3321342468, 18.5325489044, 19.4491615295, 14.0329360962, 9.50915431976, 6.40453481674, 5.73229837418, 12.7775621414, 11.47174263, 8.6538476944, 2.59171199799, 1.19700741768, 1.2960858345, 0.783347189426, 0.552475988865, 0.310670733452, 0.178021907806, 0.115050211549, 0.0550712794065, 0.028253601864, 0.019000897184, 0.00411296728998, 0.000452772568678, 2.28979351959e-05],
        "dmean2": [0.192628711462, 1.68264615536, 6.74581098557, 4.659740448, 3.52232050896, 2.96055293083, 4.41595745087, 8.65192317963, 7.91131639481, 7.99748849869, 11.5552558899, 26.7433242798, 30.6253089905, 26.3395748138, 28.5859508514, 47.9228630066, 32.6457214355, 29.149471283, 30.8985710144, 22.1900539398, 14.133887291, 9.80381298065, 8.98544502258, 19.5970478058, 16.814031601, 12.2617807388, 3.99319124222, 1.86973500252, 2.0799882412, 1.19681835175, 0.847033023834, 0.467538505793, 0.265135526657, 0.173888936639, 0.08146777004, 0.0457942858338, 0.0336376354098, 0.00704453745857, 0.000811791687738, 4.01161705668e-05],
        "dvar": [0.0587896071374, 6.88174962997, 195.442077637, 73.9653091431, 67.7774887085, 26.8868961334, 41.1852760315, 181.954971313, 114.250968933, 107.775177002, 395.2159729, 3562.45849609, 3908.17651367, 4314.22460938, 2695.15039062, 9336.75585938, 4250.09277344, 3801.77832031, 5445.82568359, 2209.81494141, 1119.17749023, 510.088470459, 273.735626221, 1380.53100586, 854.892211914, 568.06451416, 57.9898376465, 14.3607282639, 9.54295921326, 2.62733054161, 1.45192098618, 1.86561381817, 0.664732575417, 0.263313829899, 0.0422009080648, 0.00888954941183, 0.00657130265608, 0.000253368256381, 5.52547817279e-06, 6.22079543433e-09],
        "dvar2": [0.150608792901, 21.0074501038, 555.075805664, 197.912582397, 174.248092651, 72.4563827515, 107.43548584, 456.829040527, 296.143768311, 279.874084473, 897.65423584, 9160.38574219, 10206.6503906, 9839.24316406, 6657.84570312, 22595.8007812, 9652.08984375, 8994.55078125, 13155.8642578, 5280.42480469, 2482.81567383, 1189.53967285, 676.105957031, 3171.45458984, 1875.15466309, 1086.66369629, 146.462554932, 34.6240768433, 23.084280014, 5.52215719223, 3.15025949478, 3.82586741447, 1.40089738369, 0.545109093189, 0.0838244631886, 0.0217989236116, 0.0184550918639, 0.000687396153808, 1.54049957928e-05, 1.75195484786e-08],
        "max": [2.78600215912, 22.2370262146, 104.849517822, 62.1690750122, 127.349342346, 83.4720458984, 206.019973755, 437.271118164, 360.344848633, 182.831069946, 529.492797852, 2406.01171875, 2276.21899414, 2216.13256836, 1185.83117676, 2475.00097656, 1449.39404297, 2188.27172852, 2424.35595703, 2006.14428711, 1184.34191895, 855.014831543, 323.939697266, 1042.19470215, 838.611022949, 722.481079102, 210.4559021, 65.1569747925, 39.3243942261, 28.4538764954, 25.5004291534, 73.78125, 34.6936340332, 22.5019111633, 8.1282491684, 2.45787119865, 1.32089340687, 0.243760049343, 0.0557520389557, 0.00157938862685],
        "mean": [0.179266527295, 0.861379444599, 2.36558198929, 1.99067902565, 1.87853145599, 2.19112968445, 4.66425418854, 9.65449142456, 7.6481013298, 8.07375526428, 12.8562831879, 25.2650566101, 28.9609851837, 26.6979675293, 29.511302948, 51.7206878662, 39.8894424438, 34.2349243164, 33.0387229919, 23.7686576843, 16.340877533, 11.860584259, 11.2337732315, 24.4870491028, 26.5332717896, 18.7556667328, 4.74492025375, 2.42794108391, 1.89764404297, 1.5418279171, 1.09048438072, 0.649749457836, 0.380325585604, 0.244523927569, 0.11174890399, 0.0423206314445, 0.0182460043579, 0.00444228155538, 0.000338401267072, 3.11012554448e-05],
        "median": [0.0349389277399, 0.0870137959719, 0.0714711770415, 0.0861739739776, 0.20671197772, 0.619397640228, 2.23530173302, 4.72670173645, 3.39398908615, 2.66981625557, 3.15371417999, 6.86293649673, 6.14472913742, 5.63541269302, 6.1763958931, 5.95778036118, 5.76625967026, 5.91567802429, 4.98271036148, 3.69175696373, 3.06651735306, 2.84768414497, 3.19514632225, 5.63683843613, 5.86286211014, 4.54308223724, 1.51071858406, 0.582811295986, 0.356046825647, 0.384989410639, 0.39434710145, 0.212938338518, 0.113710552454, 0.0675539523363, 0.0270502977073, 0.011160637252, 0.0040651941672, 0.0013499695342, 4.79730952065e-05, 1.57071372087e-05],
        "min": [9.60545815843e-23, 4.81971697793e-22, 1.17577524259e-21, 8.02342414398e-21, 1.30713140269e-20, 1.8854874436e-20, 3.8319687945e-20, 5.61355718328e-20, 6.23101067516e-20, 2.21137301737e-19, 3.66089175257e-19, 3.12390212553e-19, 7.51096281316e-19, 7.06457738054e-19, 1.0417406135e-18, 1.41839006759e-18, 1.56297038192e-18, 1.73599857489e-18, 3.00977296619e-18, 3.68328058492e-18, 3.55723356241e-18, 4.99429278624e-18, 6.26187965976e-18, 5.2120050691e-18, 8.06591342644e-18, 7.60913850192e-18, 9.2778322855e-18, 8.72388018263e-18, 1.0871768794e-17, 1.08973865776e-17, 1.17641634989e-17, 1.0656505793e-17, 9.28260594482e-18, 8.23372190295e-18, 5.39327466931e-18, 4.24427778508e-18, 2.1360369744e-18, 9.27969881856e-19, 2.63127341925e-19, 2.77404615007e-20],
        "var": [0.102127082646, 4.68284845352, 115.871582031, 51.509147644, 56.9900245667, 25.5949039459, 67.2232589722, 354.931243896, 198.547988892, 196.546432495, 917.648986816, 4998.76025391, 6597.82275391, 7949.59472656, 5704.77001953, 20592.4941406, 12349.9326172, 10134.4091797, 9845.63769531, 4526.17089844, 2517.53076172, 1270.48034668, 601.310913086, 3249.27294922, 3030.18725586, 1947.77124023, 95.1670150757, 29.2557907104, 14.8907546997, 7.44085264206, 3.39125871658, 3.34112811089, 1.12676250935, 0.481682449579, 0.0855792164803, 0.0117204440758, 0.00435533141717, 0.000178117494215, 3.38859626936e-06, 4.3752055312e-09]
    },
    "gfcc": {
        "mean": [-72.1331176758, 79.6558303833, -136.661514282, 16.3877086639, -56.7670288086, 6.17138385773, -30.2125663757, 12.9474983215, -23.4985084534, 10.4444503784, -2.66327285767, 4.29814958572, -6.77513027191],
        "cov": [[20766.7910156, 1205.421875, -1263.71264648, 893.797363281, -68.1989135742, 871.801391602, 428.049468994, 328.675140381, -208.731964111, 120.188789368, 130.322387695, 31.5232505798, -200.864822388], [1205.421875, 1360.37023926, 448.5262146, 138.856552124, 227.272125244, 260.895782471, 235.910125732, -87.4212265015, 118.087440491, -11.0700149536, 47.646030426, 13.9959077835, -1.65386605263], [-1263.71264648, 448.5262146, 1402.46411133, 390.11315918, 268.048126221, 225.432922363, 192.290100098, -113.078781128, 138.663024902, -47.0229034424, -111.295715332, 69.3904953003, -45.6750259399], [893.797363281, 138.856552124, 390.11315918, 642.33404541, 217.409332275, 141.334976196, 143.277648926, 5.87643384933, 163.608810425, 21.2162189484, -36.7332115173, 48.4056549072, -6.41154432297], [-68.1989135742, 227.272125244, 268.048126221, 217.409332275, 451.261535645, 200.840606689, 202.337661743, 63.7955474854, 102.766296387, 66.3581619263, 44.9700584412, -3.01791906357, -16.6058864594], [871.801391602, 260.895782471, 225.432922363, 141.334976196, 200.840606689, 450.844421387, 247.590026855, 37.7327461243, 61.1586380005, 81.4743804932, 65.2825546265, -23.1704273224, -28.0002346039], [428.049468994, 235.910125732, 192.290100098, 143.277648926, 202.337661743, 247.590026855, 405.82421875, 33.7262496948, 72.4428253174, 44.3353652954, 54.0823326111, 9.8339881897, -72.3192901611], [328.675140381, -87.4212265015, -113.078781128, 5.87643384933, 63.7955474854, 37.7327461243, 33.7262496948, 271.513519287, 14.1225910187, 62.105014801, 105.755195618, -14.8397302628, 59.4653816223], [-208.731964111, 118.087440491, 138.663024902, 163.608810425, 102.766296387, 61.1586380005, 72.4428253174, 14.1225910187, 242.325317383, 57.3855285645, -4.42989444733, 54.3969306946, 10.0844478607], [120.188789368, -11.0700149536, -47.0229034424, 21.2162189484, 66.3581619263, 81.4743804932, 44.3353652954, 62.105014801, 57.3855285645, 146.147247314, 82.8400421143, 3.94819068909, 24.6148109436], [130.322387695, 47.646030426, -111.295715332, -36.7332115173, 44.9700584412, 65.2825546265, 54.0823326111, 105.755195618, -4.42989444733, 82.8400421143, 197.115921021, 15.8309297562, 44.0866661072], [31.5232505798, 13.9959077835, 69.3904953003, 48.4056549072, -3.01791906357, -23.1704273224, 9.8339881897, -14.8397302628, 54.3969306946, 3.94819068909, 15.8309297562, 125.95211792, 24.300359726], [-200.864822388, -1.65386605263, -45.6750259399, -6.41154432297, -16.6058864594, -28.0002346039, -72.3192901611, 59.4653816223, 10.0844478607, 24.6148109436, 44.0866661072, 24.300359726, 139.87701416]],
        "icov": [[0.000104415950773, -0.000175889450475, 0.000217894252273, -0.000291983160423, 0.000164265249623, -0.000265355192823, 8.06003154139e-05, -0.000259153137449, 0.000331284361891, -0.000130546177388, 0.000229048877372, -0.000323106360156, 0.0003068864753], [-0.000175889450475, 0.00134771887679, -0.000564880960155, 0.000630109512713, -0.000510496960487, 0.000133250447107, -0.000448432518169, 0.00107892858796, -0.00106965622399, 0.000987405655906, -0.00107535929419, 0.000902860425413, -0.00103123590816], [0.000217894252273, -0.000564880960155, 0.00156494008843, -0.000971000408754, -2.58461623162e-05, -0.000914468313567, 0.000165265562828, -0.000345032312907, 0.000693642068654, 8.05490635685e-05, 0.0010855444707, -0.00126362300944, 0.000631924543995], [-0.000291983160423, 0.000630109512713, -0.000971000408754, 0.0031890142709, -0.00110415462404, 0.000499258807395, -0.000448089384008, 0.000614040123764, -0.00193815317471, 0.000619543134235, -0.000127719293232, 0.000536621955689, -0.00112885481212], [0.000164265249623, -0.000510496960487, -2.58461623162e-05, -0.00110415462404, 0.00399477779865, -0.000759734772146, -0.000734595116228, -0.0010685067391, 9.66372463154e-05, -0.000980152515694, 0.000163530436112, 0.000184783959412, 0.000649289693683], [-0.000265355192823, 0.000133250447107, -0.000914468313567, 0.000499258807395, -0.000759734772146, 0.00484722061083, -0.00201555876993, 0.000758249720093, -0.000583895016462, -0.00132002832834, -0.000986433005892, 0.00207786029205, -0.00091521354625], [8.06003154139e-05, -0.000448432518169, 0.000165265562828, -0.000448089384008, -0.000734595116228, -0.00201555876993, 0.005029134918, -0.00084164715372, -5.93148470216e-05, 0.00026102544507, -0.00071266957093, -0.001243130886, 0.00301008787937], [-0.000259153137449, 0.00107892858796, -0.000345032312907, 0.000614040123764, -0.0010685067391, 0.000758249720093, -0.00084164715372, 0.00641243206337, -0.00140487123281, 0.000453485437902, -0.00313306716271, 0.00239692954347, -0.00298766046762], [0.000331284361891, -0.00106965622399, 0.000693642068654, -0.00193815317471, 9.66372463154e-05, -0.000583895016462, -5.93148470216e-05, -0.00140487123281, 0.00773753039539, -0.00363129726611, 0.00280328979716, -0.00361894164234, 0.000888250826392], [-0.000130546177388, 0.000987405655906, 8.05490635685e-05, 0.000619543134235, -0.000980152515694, -0.00132002832834, 0.00026102544507, 0.000453485437902, -0.00363129726611, 0.0120993852615, -0.00465609878302, 0.00141394860111, -0.0012050352525], [0.000229048877372, -0.00107535929419, 0.0010855444707, -0.000127719293232, 0.000163530436112, -0.000986433005892, -0.00071266957093, -0.00313306716271, 0.00280328979716, -0.00465609878302, 0.0103576825932, -0.00322147877887, -0.000637388555333], [-0.000323106360156, 0.000902860425413, -0.00126362300944, 0.000536621955689, 0.000184783959412, 0.00207786029205, -0.001243130886, 0.00239692954347, -0.00361894164234, 0.00141394860111, -0.00322147877887, 0.0116917891428, -0.00306891021319], [0.0003068864753, -0.00103123590816, 0.000631924543995, -0.00112885481212, 0.000649289693683, -0.00091521354625, 0.00301008787937, -0.00298766046762, 0.000888250826392, -0.0012050352525, -0.000637388555333, -0.00306891021319, 0.0113345887512]]
    },
    "melbands": {
        "dmean": [0.00102694507223, 0.00166563875973, 0.000478312693303, 0.000128508152557, 8.81826854311e-05, 0.000116534247354, 7.21211908967e-05, 4.96250213473e-05, 7.24576239008e-05, 0.000106636507553, 9.37791410252e-05, 6.52472372167e-05, 6.4582505729e-05, 8.37798434077e-05, 6.11063442193e-05, 4.26856458944e-05, 3.73760558432e-05, 3.16853620461e-05, 2.70565506071e-05, 1.38320092447e-05, 1.26109180201e-05, 7.66274388297e-06, 5.60081298318e-06, 7.18300134395e-06, 1.17609433801e-05, 1.03345337266e-05, 8.38212326926e-06, 5.68676841795e-06, 1.9844610506e-06, 9.90995999928e-07, 6.48124000691e-07, 7.88831869158e-07, 5.44152271686e-07, 4.52484442803e-07, 3.62659960729e-07, 2.63662258249e-07, 1.80654353699e-07, 1.34164679366e-07, 1.3014863498e-07, 9.82363985713e-08],
        "dmean2": [0.00174487323966, 0.00310514355078, 0.000830270932056, 0.00021815841319, 0.000143241530168, 0.000187977886526, 0.000120831980894, 8.06688840385e-05, 0.000115430157166, 0.000172177809873, 0.000152320106281, 0.000105500846985, 0.000104464750621, 0.000132874280098, 9.55966897891e-05, 6.43656458124e-05, 5.91457064729e-05, 5.0189490139e-05, 4.35769434262e-05, 2.17012438952e-05, 1.87838377315e-05, 1.19135702334e-05, 9.13644726097e-06, 1.11013014248e-05, 1.81407285709e-05, 1.54221688717e-05, 1.23626614368e-05, 8.09104767541e-06, 3.13213354275e-06, 1.62631215517e-06, 1.01581099443e-06, 1.27321845866e-06, 8.48711806611e-07, 7.05330137407e-07, 5.62888544664e-07, 4.10691313846e-07, 2.74459551974e-07, 2.05781532259e-07, 1.97487381115e-07, 1.52820405219e-07],
        "dvar": [4.61264517071e-06, 3.66906351701e-05, 2.26685756388e-06, 1.89386042848e-07, 4.57085889138e-08, 7.7004088439e-08, 2.41761863862e-08, 1.11800684266e-08, 4.05413267401e-08, 1.57138018153e-07, 9.57453281103e-08, 7.33512948159e-08, 3.9107096228e-08, 8.9037193618e-08, 2.89772366102e-08, 1.72367755624e-08, 1.75875989328e-08, 1.43557059573e-08, 9.69980540333e-09, 2.50868081864e-09, 2.42571651654e-09, 8.80365336187e-10, 3.74922398683e-10, 4.45502745805e-10, 1.23322274614e-09, 8.81106243522e-10, 5.58400659045e-10, 2.89293505817e-10, 3.98219374143e-11, 8.93988962719e-12, 3.78695338976e-12, 3.62288259288e-12, 1.37298711896e-12, 8.62021174927e-13, 5.46831297691e-13, 6.87590392609e-13, 8.05700070463e-13, 3.76870762245e-13, 3.11524786002e-13, 1.77266526653e-13],
        "dvar2": [1.32895675051e-05, 0.000106088613393, 5.99525219513e-06, 4.91714104101e-07, 1.2238525926e-07, 1.95476317799e-07, 6.30680148106e-08, 2.94222370911e-08, 9.23571121803e-08, 4.18231763888e-07, 2.49862921464e-07, 1.62247971502e-07, 9.49907814629e-08, 2.18397275376e-07, 6.92719268613e-08, 3.81980775899e-08, 4.17157615118e-08, 3.51045237323e-08, 2.30369519016e-08, 5.52271695042e-09, 5.58206325607e-09, 2.02620076273e-09, 9.78962466647e-10, 9.5682339829e-10, 2.78269740583e-09, 1.92126647924e-09, 1.30590294134e-09, 5.53162293748e-10, 9.84167122797e-11, 2.36831700084e-11, 8.74494227032e-12, 8.70187515795e-12, 3.32896470806e-12, 1.88804917881e-12, 1.23647771709e-12, 1.50934755146e-12, 1.67807608087e-12, 8.37265911983e-13, 6.16346600493e-13, 3.93962802919e-13],
        "max": [0.0186592880636, 0.0448053739965, 0.011372461915, 0.00619345670566, 0.00577682955191, 0.00896959006786, 0.00485655292869, 0.00266236648895, 0.00677363201976, 0.017829252407, 0.011248441413, 0.00939554255456, 0.00626393966377, 0.00992039870471, 0.00464209029451, 0.0030911762733, 0.00441875774413, 0.00329202809371, 0.00313190091401, 0.00183510978241, 0.00197714590468, 0.00116775860079, 0.000373638700694, 0.000586568145081, 0.0010626030853, 0.000950943795033, 0.000619338825345, 0.00052582815988, 0.000221981288632, 5.28228556504e-05, 3.47739187418e-05, 2.78078259726e-05, 1.65448927874e-05, 1.7891290554e-05, 1.55827801791e-05, 3.23966924043e-05, 4.84054180561e-05, 2.43964423134e-05, 2.32926504395e-05, 1.71122574102e-05],
        "mean": [0.00140327285044, 0.00120574072935, 0.000368796318071, 0.00013663120626, 0.000148500534124, 0.000214054889511, 0.000119842028653, 8.02406575531e-05, 0.000122380733956, 0.000161147356266, 0.000139861964271, 0.000102465135569, 9.85047372524e-05, 0.000135845999466, 0.000104392362118, 7.40126051824e-05, 6.30529830232e-05, 5.11816506332e-05, 4.34287903772e-05, 2.02752798941e-05, 2.02700448426e-05, 1.33379471663e-05, 8.46698185342e-06, 1.24930284073e-05, 2.05618380278e-05, 2.06449694815e-05, 1.7629325157e-05, 1.09521979539e-05, 3.0628341392e-06, 1.68597057382e-06, 1.24919301925e-06, 1.06310767478e-06, 9.1246130296e-07, 8.32686794183e-07, 6.58895146444e-07, 4.99606471749e-07, 3.51308642621e-07, 2.59906443034e-07, 2.52448131732e-07, 1.94740636061e-07],
        "median": [0.000284190406092, 6.42462837277e-05, 1.75608856807e-05, 2.52357112913e-05, 7.29940729798e-05, 0.000108075648313, 5.48586140212e-05, 2.69441825367e-05, 2.70667551376e-05, 4.19768330175e-05, 2.64942900685e-05, 1.86595680134e-05, 1.9781942683e-05, 1.2992439224e-05, 1.16871142382e-05, 1.068876918e-05, 8.78157061379e-06, 6.91135346642e-06, 5.59264299227e-06, 3.0322321436e-06, 3.45390958501e-06, 2.88470278065e-06, 2.02368983082e-06, 3.2285593079e-06, 4.00377211918e-06, 3.85622797694e-06, 3.94449580199e-06, 2.31099352277e-06, 7.73432986989e-07, 3.30977286467e-07, 2.57774473766e-07, 1.72827952838e-07, 1.84292545669e-07, 2.09326159961e-07, 2.267368302e-07, 1.80231680247e-07, 9.46756273379e-08, 7.33790344043e-08, 6.81818690396e-08, 4.90953055987e-08],
        "min": [1.21736995172e-24, 9.2476181906e-25, 1.59856953062e-24, 1.18028767133e-24, 1.32746091446e-24, 1.23105984387e-24, 8.09703990844e-25, 2.13083222578e-24, 2.7046530009e-24, 2.03811937575e-24, 3.46379869911e-24, 2.78962535052e-24, 3.76030508654e-24, 2.68885310304e-24, 4.14076520695e-24, 2.53543405369e-24, 2.58839797765e-24, 3.91558920029e-24, 3.66272930346e-24, 4.34094378925e-24, 3.89487055748e-24, 3.76491282309e-24, 5.15909076115e-24, 3.80845281746e-24, 3.36267540853e-24, 4.67632129779e-24, 4.34359041759e-24, 3.59863474934e-24, 3.87960373238e-24, 4.61508951989e-24, 4.319714359e-24, 5.46320373986e-24, 5.66267155848e-24, 4.9949564169e-24, 6.24239557696e-24, 4.73269172035e-24, 5.53687230435e-24, 5.22972852204e-24, 6.68094899216e-24, 6.86368862085e-24],
        "var": [6.15396220383e-06, 2.19315006689e-05, 1.64737480191e-06, 1.68385128063e-07, 6.44897042434e-08, 1.56948360086e-07, 4.32480860013e-08, 1.91125462123e-08, 8.50579340295e-08, 2.15085975697e-07, 1.60068225341e-07, 1.32098790573e-07, 7.53632036776e-08, 1.89052954624e-07, 7.27697795355e-08, 4.32735483002e-08, 4.44235652708e-08, 2.72827129777e-08, 1.76914056738e-08, 5.60013235784e-09, 4.86670836963e-09, 2.16546602871e-09, 4.97659413679e-10, 1.0232318326e-09, 2.74838551917e-09, 2.49883802539e-09, 1.63731339597e-09, 8.33913715859e-10, 5.87519130568e-11, 1.41499555129e-11, 8.45165430696e-12, 5.3053156486e-12, 2.80489303658e-12, 2.28414726369e-12, 1.18177462174e-12, 1.35204499506e-12, 1.28028176168e-12, 5.72713155112e-13, 5.69764667304e-13, 2.98243011234e-13]
    },
    "mfcc": {
        "mean": [-707.722473145, 115.947341919, -22.1729450226, 13.3781490326, -5.8627743721, -4.7873249054, 4.931848526, -0.0076278699562, -9.54802799225, 10.0749397278, -0.0747362673283, -1.35418248177, 7.07221031189],
        "cov": [[12199.2792969, 791.328491211, -252.934173584, 331.769592285, -17.3691921234, 598.6015625, 668.549987793, 534.609985352, 46.9595909119, 313.035308838, 327.553497314, -92.723236084, 102.454238892], [791.328491211, 1367.04736328, 339.971282959, 30.9493350983, 80.0292129517, 301.395202637, 169.867630005, 94.9897003174, 46.9524269104, 12.109000206, 90.0011291504, 29.1312580109, -27.1790084839], [-252.934173584, 339.971282959, 973.203063965, 242.181243896, 111.438362122, 358.609008789, 1.2729139328, 105.133979797, 134.665496826, -79.4235153198, 38.8796043396, 21.3588409424, -99.2958374023], [331.769592285, 30.9493350983, 242.181243896, 544.958679199, 133.710891724, 185.462768555, -40.2831268311, 123.043334961, 113.792823792, -6.60558652878, 35.6091690063, 42.0908279419, 29.1005439758], [-17.3691921234, 80.0292129517, 111.438362122, 133.710891724, 329.251403809, 58.945476532, 59.1070518494, 29.7460517883, 78.8303375244, 70.2598495483, 19.9200649261, 49.3767623901, 38.7495918274], [598.6015625, 301.395202637, 358.609008789, 185.462768555, 58.945476532, 604.292297363, 98.0919113159, 134.05909729, 129.873916626, -1.04794037342, 170.367446899, 24.9320526123, -36.1053161621], [668.549987793, 169.867630005, 1.2729139328, -40.2831268311, 59.1070518494, 98.0919113159, 408.54598999, 98.675743103, -9.49422931671, 146.468170166, 68.5894927979, 24.1017799377, 81.7674636841], [534.609985352, 94.9897003174, 105.133979797, 123.043334961, 29.7460517883, 134.05909729, 98.675743103, 212.719787598, 71.1545791626, 19.8229389191, 76.3569869995, 33.5032806396, 40.9221954346], [46.9595909119, 46.9524269104, 134.665496826, 113.792823792, 78.8303375244, 129.873916626, -9.49422931671, 71.1545791626, 186.824157715, 27.2862701416, 59.4344406128, 36.2864646912, -0.615541875362], [313.035308838, 12.109000206, -79.4235153198, -6.60558652878, 70.2598495483, -1.04794037342, 146.468170166, 19.8229389191, 27.2862701416, 193.762298584, 47.7308654785, 29.6879787445, 56.4580078125], [327.553497314, 90.0011291504, 38.8796043396, 35.6091690063, 19.9200649261, 170.367446899, 68.5894927979, 76.3569869995, 59.4344406128, 47.7308654785, 187.377334595, 64.1793670654, 33.6609954834], [-92.723236084, 29.1312580109, 21.3588409424, 42.0908279419, 49.3767623901, 24.9320526123, 24.1017799377, 33.5032806396, 36.2864646912, 29.6879787445, 64.1793670654, 129.165344238, 60.5840530396], [102.454238892, -27.1790084839, -99.2958374023, 29.1005439758, 38.7495918274, -36.1053161621, 81.7674636841, 40.9221954346, -0.615541875362, 56.4580078125, 33.6609954834, 60.5840530396, 148.368759155]],
