{
"lowlevel": {
    "average_loudness": 0.494578331709,
    "barkbands_crest": {
        "dmean": 2.32435321808,
        "dmean2": 3.45108222961,
        "dvar": 6.02396345139,
        "dvar2": 12.8769483566,
        "max": 25.7797412872,
        "mean": 12.1238651276,
        "median": 11.0223903656,
        "min": 2.72897052765,
        "var": 24.7967567444
    },
    "barkbands_flatness_db": {
        "dmean": 0.0227521583438,
        "dmean2": 0.0313182286918,
        "dvar": 0.000686597661115,
        "dvar2": 0.00123689102475,
        "max": 0.499850571156,
        "mean": 0.205275133252,
        "median": 0.195122539997,
        "min": 0.0273565296084,
        "var": 0.00569524383172
    },
    "barkbands_kurtosis": {
        "dmean": 6.29550075531,
        "dmean2": 9.4560546875,
        "dvar": 402.181335449,
        "dvar2": 954.972167969,
        "max": 613.060791016,
        "mean": 10.285399437,
        "median": 3.7834713459,
        "min": -1.84380185604,
        "var": 542.008666992
    },
    "barkbands_skewness": {
        "dmean": 0.634418725967,
        "dmean2": 0.891167938709,
        "dvar": 0.928317546844,
        "dvar2": 1.85485386848,
        "max": 17.9741821289,
        "mean": 1.82885539532,
        "median": 1.5531078577,
        "min": -5.39489793777,
        "var": 3.49766016006
    },
    "barkbands_spread": {
        "dmean": 3.93554162979,
        "dmean2": 5.78226566315,
        "dvar": 53.5630722046,
        "dvar2": 116.479545593,
        "max": 105.046859741,
        "mean": 13.6657648087,
        "median": 10.4542617798,
        "min": 0.153468444943,
        "var": 136.154388428
    },
    "dissonance": {
        "dmean": 0.0287770498544,
        "dmean2": 0.0483658835292,
        "dvar": 0.000808299111668,
        "dvar2": 0.00215855636634,
        "max": 0.500000119209,
        "mean": 0.428320109844,
        "median": 0.443393856287,
        "min": 0.141665428877,
        "var": 0.00311901373789
    },
    "dynamic_complexity": 6.64090681076,
    "erbbands_crest": {
        "dmean": 2.59426450729,
        "dmean2": 3.97527837753,
        "dvar": 7.03634309769,
        "dvar2": 15.1139907837,
        "max": 33.2766304016,
        "mean": 12.0009946823,
        "median": 10.6568288803,
        "min": 2.27353525162,
        "var": 36.2975654602
    },
    "erbbands_flatness_db": {
        "dmean": 0.0190968699753,
        "dmean2": 0.0259244032204,
        "dvar": 0.000492949155159,
        "dvar2": 0.000816523854155,
        "max": 0.475989848375,
        "mean": 0.204311400652,
        "median": 0.200153946877,
        "min": 0.0333146937191,
        "var": 0.00517995934933
    },
    "erbbands_kurtosis": {
        "dmean": 1.51616466045,
        "dmean2": 2.27383828163,
        "dvar": 9.55655193329,
        "dvar2": 19.2923698425,
        "max": 140.884399414,
        "mean": 2.67833662033,
        "median": 0.660874724388,
        "min": -1.90001499653,
        "var": 55.4267959595
    },
    "erbbands_skewness": {
        "dmean": 0.389225125313,
        "dmean2": 0.571926832199,
        "dvar": 0.198838382959,
        "dvar2": 0.414098381996,
        "max": 6.88384866714,
        "mean": 0.690690875053,
        "median": 0.647167921066,
        "min": -9.44495677948,
        "var": 1.38490390778
    },
    "erbbands_spread": {
        "dmean": 6.89498853683,
        "dmean2": 10.2962446213,
        "dvar": 132.295806885,
        "dvar2": 296.596954346,
        "max": 170.144363403,
        "mean": 28.2790756226,
        "median": 23.552520752,
        "min": 0.689687848091,
        "var": 388.175567627
    },
    "hfc": {
        "dmean": 3.75801515579,
        "dmean2": 5.21676254272,
        "dvar": 50.5214080811,
        "dvar2": 106.498428345,
        "max": 134.769699097,
        "mean": 13.1596250534,
        "median": 5.91378211975,
        "min": 1.12672865274e-16,
        "var": 296.112213135
    },
    "melbands_crest": {
        "dmean": 2.66087508202,
        "dmean2": 3.98677253723,
        "dvar": 8.49886226654,
        "dvar2": 17.2896995544,
        "max": 35.1475296021,
        "mean": 15.8313684464,
        "median": 14.9421987534,
        "min": 1.8999876976,
        "var": 35.769821167
    },
    "melbands_flatness_db": {
        "dmean": 0.0255210455507,
        "dmean2": 0.0344441495836,
        "dvar": 0.000979071948677,
        "dvar2": 0.00172955577727,
        "max": 0.6510835886,
        "mean": 0.290300428867,
        "median": 0.276681214571,
        "min": 0.00455101998523,
        "var": 0.00807233620435
    },
    "melbands_kurtosis": {
        "dmean": 10.2151660919,
        "dmean2": 15.2260608673,
        "dvar": 795.531555176,
        "dvar2": 1844.99243164,
        "max": 869.89263916,
        "mean": 18.9438877106,
        "median": 7.26301431656,
        "min": -1.94564914703,
        "var": 1367.32995605
    },
    "melbands_skewness": {
        "dmean": 0.732112526894,
        "dmean2": 1.03669679165,
        "dvar": 1.1580568552,
        "dvar2": 2.29980349541,
        "max": 23.1381988525,
        "mean": 2.52860951424,
        "median": 2.04670763016,
        "min": -3.0790579319,
        "var": 4.86373567581
    },
    "melbands_spread": {
        "dmean": 4.0482006073,
        "dmean2": 5.72093915939,
        "dvar": 44.3482589722,
        "dvar2": 84.743888855,
        "max": 204.43270874,
        "mean": 15.9268102646,
        "median": 11.4575662613,
        "min": 0.262345790863,
        "var": 209.049911499
    },
    "pitch_salience": {
        "dmean": 0.0606224536896,
        "dmean2": 0.0914834812284,
        "dvar": 0.00408769119531,
        "dvar2": 0.00860397238284,
        "max": 0.835614919662,
        "mean": 0.493286162615,
        "median": 0.498059570789,
        "min": 0.073516882956,
        "var": 0.0151592381299
    },
    "silence_rate_20dB": {
        "dmean": 0,
        "dmean2": 0,
        "dvar": 0,
        "dvar2": 0,
        "max": 1,
        "mean": 1,
        "median": 1,
        "min": 1,
        "var": 0
    },
    "silence_rate_30dB": {
        "dmean": 0.0383951254189,
        "dmean2": 0.0767980515957,
        "dvar": 0.0369191430509,
        "dvar2": 0.0788296759129,
        "max": 1,
        "mean": 0.955514907837,
        "median": 1,
        "min": 0,
        "var": 0.0425083748996
    },
    "silence_rate_60dB": {
        "dmean": 0.0290502794087,
        "dmean2": 0.0581064596772,
        "dvar": 0.0282049942762,
        "dvar2": 0.0626578256488,
        "max": 1,
        "mean": 0.229839533567,
        "median": 0,
        "min": 0,
        "var": 0.177033856511
    },
    "spectral_centroid": {
        "dmean": 180.221481323,
        "dmean2": 255.429626465,
        "dvar": 80429.515625,
        "dvar2": 151517.84375,
        "max": 11392.234375,
        "mean": 954.157653809,
        "median": 802.409912109,
        "min": 108.793998718,
        "var": 375964.71875
    },
    "spectral_complexity": {
        "dmean": 1.87912642956,
        "dmean2": 2.87444138527,
        "dvar": 8.22995758057,
        "dvar2": 16.425693512,
        "max": 52,
        "mean": 10.4228115082,
        "median": 10,
        "min": 0,
        "var": 55.8878746033
    },
    "spectral_decrease": {
        "dmean": 2.46986742169e-09,
        "dmean2": 3.59046037346e-09,
        "dvar": 4.40533001578e-17,
        "dvar2": 9.16786573682e-17,
        "max": 1.00092138009e-28,
        "mean": -6.11270278839e-09,
        "median": -3.23447357786e-09,
        "min": -8.54878550172e-08,
        "var": 8.2402892207e-17
    },
    "spectral_energy": {
        "dmean": 0.00959698762745,
        "dmean2": 0.0139292730018,
        "dvar": 0.000644877087325,
        "dvar2": 0.00134559720755,
        "max": 0.327623516321,
        "mean": 0.0242643300444,
        "median": 0.0129418028519,
        "min": 1.00227164533e-20,
        "var": 0.0012388395844
    },
    "spectral_energyband_high": {
        "dmean": 9.26463471842e-05,
        "dmean2": 0.000139563984703,
        "dvar": 9.41531084209e-08,
        "dvar2": 2.0417260771e-07,
        "max": 0.00840460136533,
        "mean": 0.000140701202326,
        "median": 3.73022921849e-05,
        "min": 7.10223009272e-21,
        "var": 1.59959625989e-07
    },
    "spectral_energyband_low": {
        "dmean": 0.0064902510494,
        "dmean2": 0.00930299982429,
        "dvar": 0.000508920231368,
        "dvar2": 0.00098364346195,
        "max": 0.305175632238,
        "mean": 0.0112291099504,
        "median": 0.00319218542427,
        "min": 3.07288490953e-23,
        "var": 0.000806769239716
    },
    "spectral_energyband_middle_high": {
        "dmean": 0.0016571788583,
        "dmean2": 0.00217938888818,
        "dvar": 1.54315421241e-05,
        "dvar2": 2.51710916928e-05,
        "max": 0.132962033153,
        "mean": 0.00580181926489,
        "median": 0.000997830182314,
        "min": 1.3352591382e-21,
        "var": 0.000151984306285
    },
    "spectral_energyband_middle_low": {
        "dmean": 0.00364112458192,
        "dmean2": 0.00595531240106,
        "dvar": 0.00011655689741,
        "dvar2": 0.00032066955464,
        "max": 0.220407247543,
        "mean": 0.00790366251022,
        "median": 0.00415595900267,
        "min": 2.06981690343e-22,
        "var": 0.000138084244099
    },
    "spectral_entropy": {
        "dmean": 0.202116280794,
        "dmean2": 0.290886163712,
        "dvar": 0.058649931103,
        "dvar2": 0.111479237676,
        "max": 9.82729625702,
        "mean": 6.82985544205,
        "median": 6.87640666962,
        "min": 4.53944158554,
        "var": 0.450506895781
    },
    "spectral_flux": {
        "dmean": 0.026563802734,
        "dmean2": 0.042343031615,
        "dvar": 0.00183651514817,
        "dvar2": 0.00388869899325,
        "max": 0.482955306768,
        "mean": 0.0658015087247,
        "median": 0.045687418431,
        "min": 6.62441351773e-11,
        "var": 0.00465878192335
    },
    "spectral_kurtosis": {
        "dmean": 4.0703587532,
        "dmean2": 6.77315950394,
        "dvar": 41.4251441956,
        "dvar2": 116.588279724,
        "max": 142.448348999,
        "mean": 12.5491580963,
        "median": 8.52768421173,
        "min": -1.28210508823,
        "var": 204.169570923
    },
    "spectral_rms": {
        "dmean": 0.000709108368028,
        "dmean2": 0.00098506337963,
        "dvar": 1.93914797819e-06,
        "dvar2": 3.69429244529e-06,
        "max": 0.0178782753646,
        "mean": 0.0039629181847,
        "median": 0.0035533295013,
        "min": 3.12702099457e-12,
        "var": 7.96781296231e-06
    },
    "spectral_rolloff": {
        "dmean": 273.801116943,
        "dmean2": 455.243591309,
        "dvar": 623319.4375,
        "dvar2": 1452556.875,
        "max": 19982.8125,
        "mean": 948.373474121,
        "median": 689.0625,
        "min": 64.599609375,
        "var": 1197806.875
    },
    "spectral_skewness": {
        "dmean": 0.379513829947,
        "dmean2": 0.604638934135,
        "dvar": 0.196909874678,
        "dvar2": 0.503352224827,
        "max": 9.57064819336,
        "mean": 2.4617421627,
        "median": 2.19435667992,
        "min": -0.226407259703,
        "var": 1.28448820114
    },
    "spectral_spread": {
        "dmean": 582141.875,
        "dmean2": 833198.3125,
        "dvar": 1.06871829299e+12,
        "dvar2": 1.95595626086e+12,
        "max": 43217856,
        "mean": 3659607,
        "median": 3274930.5,
        "min": 627561.375,
        "var": 3.51273117286e+12
    },
    "spectral_strongpeak": {
        "dmean": 0.474784851074,
        "dmean2": 0.771232187748,
        "dvar": 0.910093545914,
        "dvar2": 2.07006764412,
        "max": 14.3319644928,
        "mean": 1.16730058193,
        "median": 0.378550827503,
        "min": 0,
        "var": 3.51682400703
    },
    "zerocrossingrate": {
        "dmean": 0.00762021308765,
        "dmean2": 0.00891906954348,
        "dvar": 0.000145799131133,
        "dvar2": 0.000192627310753,
        "max": 0.5126953125,
        "mean": 0.0399060063064,
        "median": 0.03466796875,
        "min": 0.001953125,
        "var": 0.00087628129404
    },
    "barkbands": {
        "dmean": [0.000257099018199, 0.00516817579046, 0.0025086181704, 0.000955918862019, 0.00163700734265, 0.000449924060376, 0.000559156120289, 0.000397338037146, 0.000644626212306, 0.000708228209987, 0.000772264320403, 0.000215802821913, 0.000196906737983, 0.000160218041856, 0.000258253421634, 0.000159575138241, 0.000134843023261, 0.000139977113577, 0.000121755656437, 4.53769025626e-05, 1.74665237864e-05, 1.55095585797e-05, 1.42847693496e-05, 1.48821445691e-05, 1.25872893477e-05, 8.22679339763e-06, 5.98788165007e-06],
        "dmean2": [0.000388104002923, 0.00708769680932, 0.00442501017824, 0.00169132451992, 0.00283526652493, 0.00071520335041, 0.000855993130244, 0.000609878858086, 0.000911110371817, 0.0009797567036, 0.00105647533201, 0.000306095404085, 0.000278307998087, 0.000237668326008, 0.000365180778317, 0.000243011134444, 0.000200424939976, 0.000203161020181, 0.000178194764885, 6.98584117345e-05, 2.72839897661e-05, 2.36488995142e-05, 2.19446574192e-05, 2.24114846787e-05, 1.92196439457e-05, 1.31648957904e-05, 1.02444673757e-05],
        "dvar": [7.37363279768e-07, 0.00035364809446, 0.000131064138259, 1.67450143636e-05, 5.41521367268e-05, 1.40746089983e-06, 1.97528243007e-06, 1.58453156018e-06, 5.76281809117e-06, 4.74790113003e-06, 1.16233795779e-05, 6.85023621827e-07, 5.45241334748e-07, 2.94592865657e-07, 7.69080770624e-07, 3.98711449634e-07, 2.31688787267e-07, 1.73318852603e-07, 9.78400791496e-08, 1.88219733133e-08, 5.87755311088e-09, 5.27105781245e-09, 2.6848709922e-09, 2.86981394204e-09, 2.68579225526e-09, 8.58109694413e-10, 7.19630244284e-10],
        "dvar2": [1.53927123847e-06, 0.000733252207283, 0.000366876163753, 4.70222003059e-05, 0.000154430221301, 3.61591992259e-06, 4.66261508336e-06, 3.57229305337e-06, 1.06548786789e-05, 8.25389179226e-06, 1.95740285562e-05, 1.07638277314e-06, 1.07654204839e-06, 5.8939514247e-07, 1.35217771913e-06, 8.03238492608e-07, 4.88382681851e-07, 3.44049254863e-07, 1.94823215338e-07, 4.44212986395e-08, 1.43201654978e-08, 1.09769429102e-08, 5.26997068206e-09, 5.64683722004e-09, 5.70615688034e-09, 2.11408801576e-09, 1.85629767113e-09],
        "max": [0.0114802457392, 0.276145935059, 0.215636536479, 0.112604379654, 0.196435302496, 0.0355215743184, 0.04350008443, 0.0404818505049, 0.0909705832601, 0.0719697251916, 0.127934262156, 0.0398284755647, 0.0228283461183, 0.0193015541881, 0.026593759656, 0.0239082481712, 0.0127190770581, 0.0106841186062, 0.0092516252771, 0.00345452688634, 0.00157194712665, 0.00247494108044, 0.00168809317984, 0.0020460919477, 0.00218135421164, 0.000508958823048, 0.000631317670923],
        "mean": [0.000362756836694, 0.00717902369797, 0.00308933365159, 0.00103434314951, 0.0023516905494, 0.000901722873095, 0.00114205176942, 0.000707857485395, 0.0012723832624, 0.00133800145704, 0.00218363362364, 0.000402650330216, 0.000352003145963, 0.000270550197456, 0.000461743766209, 0.00023993672221, 0.000260822474957, 0.000283184665022, 0.000238191059907, 7.59171307436e-05, 2.47259704338e-05, 2.10233447433e-05, 1.96083619812e-05, 1.98126854229e-05, 1.77784750122e-05, 9.0921375886e-06, 4.4704688662e-06],
        "median": [1.25839596876e-05, 0.00148658978287, 0.000616996374447, 0.000203153467737, 0.000903751410078, 0.000334988289978, 0.000254020182183, 0.000122489727801, 0.000121663804748, 7.64765427448e-05, 5.68294562981e-05, 4.02368568757e-05, 3.37302626576e-05, 2.78037550743e-05, 3.52289425791e-05, 2.54987717199e-05, 2.26736483455e-05, 2.72215620498e-05, 3.7656063796e-05, 1.69225386344e-05, 3.15736929224e-06, 2.32901902564e-06, 3.36161747327e-06, 3.95014603782e-06, 3.8339439925e-06, 1.43356430726e-06, 9.75726521801e-08],
        "min": [3.51397814129e-24, 5.93246751009e-24, 7.6112684349e-24, 3.58884695766e-24, 2.35671927222e-23, 2.56201416969e-23, 1.74537889195e-23, 2.6554638947e-23, 3.39045822187e-23, 2.12188169162e-23, 5.65963018414e-23, 5.17199613113e-23, 5.16487934358e-23, 7.36763773734e-23, 9.50509674971e-23, 9.96330502879e-23, 1.25574324638e-22, 1.38280437818e-22, 8.48612259408e-23, 2.24585720978e-22, 2.65957600572e-22, 4.70045231622e-22, 4.86643925297e-22, 6.40510979803e-22, 1.04252838106e-21, 1.48020699052e-21, 2.24334350766e-21],
        "var": [1.19601031656e-06, 0.000464689044748, 9.55073701334e-05, 1.21761477203e-05, 3.84826234949e-05, 3.10338919007e-06, 5.14934799867e-06, 3.40593055626e-06, 1.81852847163e-05, 1.79982380359e-05, 9.1277055617e-05, 2.91787114293e-06, 1.42923852309e-06, 7.97970926669e-07, 2.26921406465e-06, 6.83164103066e-07, 7.30597037091e-07, 5.65230209304e-07, 2.62926931782e-07, 3.82154894396e-08, 7.23342363784e-09, 9.26183663097e-09, 4.89149654115e-09, 5.22453236229e-09, 4.55509585606e-09, 8.50911896499e-10, 5.39213174111e-10]
    },
    "erbbands": {
        "dmean": [0.180039450526, 1.06536638737, 2.47800564766, 3.44200015068, 4.16238021851, 6.51221084595, 3.66594052315, 3.86935472488, 6.02374076843, 10.2017755508, 8.15652179718, 13.5909404755, 18.7357444763, 28.87748909, 19.4532337189, 9.37966346741, 8.34454059601, 8.6929807663, 9.8510684967, 11.1842775345, 7.47851705551, 6.01744937897, 6.24429798126, 7.27685117722, 4.62571144104, 1.97531509399, 0.881894290447, 0.613528907299, 0.535357713699, 0.47324308753, 0.392120689154, 0.341805934906, 0.245031088591, 0.166031092405, 0.0795250982046, 0.0348234251142, 0.0147994430736, 0.00603479659185, 0.00116634683218, 4.39447831013e-05],
        "dmean2": [0.24496152997, 1.56602168083, 4.1911740303, 6.07650184631, 7.29188680649, 11.2967481613, 5.84709787369, 6.27281808853, 9.27723121643, 15.3076286316, 12.3371496201, 19.0974845886, 24.9381484985, 37.2829780579, 25.0574588776, 12.8098249435, 11.548699379, 12.2031812668, 13.5032281876, 16.2538833618, 10.3577041626, 8.16416454315, 8.8469209671, 10.5267877579, 6.65475749969, 2.98614311218, 1.40426075459, 0.950020313263, 0.808271050453, 0.713402152061, 0.607518792152, 0.52971047163, 0.370162039995, 0.253852397203, 0.120591938496, 0.0542778670788, 0.0239924713969, 0.0100982114673, 0.00200662086718, 7.18262017472e-05],
        "dvar": [0.452802270651, 16.3128128052, 112.394973755, 238.55279541, 329.268493652, 870.311706543, 77.5311889648, 130.87336731, 201.483230591, 826.751098633, 947.410644531, 3032.74267578, 3627.80859375, 12641.6904297, 5859.62451172, 1381.84387207, 1121.08288574, 798.846862793, 1543.24291992, 1568.98339844, 689.832641602, 376.389038086, 379.612213135, 361.926727295, 185.975311279, 39.4379272461, 14.4789962769, 7.56472730637, 6.0169878006, 5.1703710556, 1.99467504025, 1.30798649788, 1.00108635426, 0.553382396698, 0.0911224782467, 0.0145565997809, 0.00292803859338, 0.000576397054829, 2.94002711598e-05, 3.14062269524e-08],
        "dvar2": [0.931824266911, 33.9460792542, 304.242126465, 668.178039551, 931.548034668, 2499.22216797, 196.13369751, 347.734649658, 467.635772705, 1893.32995605, 2130.03295898, 5993.15820312, 5848.02539062, 18745.0644531, 7890.83691406, 2021.34655762, 2217.79370117, 1525.10083008, 2310.84326172, 3154.67089844, 1183.60998535, 669.557678223, 761.422241211, 731.921142578, 378.581054688, 96.0698928833, 37.9909553528, 17.7526855469, 12.5968666077, 10.3097028732, 4.05058860779, 2.6901371479, 2.01215577126, 1.24199700356, 0.1812672019, 0.0334157533944, 0.00736704515293, 0.00149097410031, 7.55204528105e-05, 8.1205833169e-08],
        "max": [10.8657159805, 50.9160919189, 183.047210693, 277.416015625, 490.748138428, 845.274780273, 261.753967285, 372.526031494, 334.791015625, 875.99407959, 933.108398438, 2766.90209961, 2423.36987305, 4047.00610352, 4089.04882812, 1983.94677734, 1270.33874512, 1069.01391602, 1672.12536621, 1520.97668457, 820.852600098, 595.890075684, 463.29083252, 603.306518555, 465.38394165, 152.923141479, 99.3758010864, 79.1905136108, 91.1369094849, 86.8085021973, 46.0620994568, 39.6573410034, 47.1980285645, 39.5807304382, 12.627790451, 3.93274879456, 0.856688499451, 0.518008708954, 0.116896681488, 0.00407490227371],
        "mean": [0.256133317947, 1.43981254101, 3.35127568245, 3.84221696854, 4.97360420227, 9.11765289307, 7.27921533585, 7.40634679794, 12.0859680176, 20.7412033081, 16.3288650513, 28.005979538, 40.4839057922, 73.0554733276, 55.6024017334, 19.2241153717, 16.1262207031, 17.6880512238, 17.4185829163, 21.8845367432, 14.5566616058, 13.8628425598, 13.8223056793, 15.1015291214, 9.59711742401, 3.61497759819, 1.31413853168, 0.866535842419, 0.749171495438, 0.634423613548, 0.541429400444, 0.426308602095, 0.334140777588, 0.231024622917, 0.107752390206, 0.0417737402022, 0.0158713776618, 0.00527387065813, 0.0008651749813, 5.30459365109e-05],
        "median": [0.0316808149219, 0.348201811314, 0.745263457298, 0.873685181141, 1.75435400009, 2.83580851555, 2.40185523033, 2.73894190788, 3.78055596352, 4.13230419159, 3.33470201492, 3.3439514637, 4.43887519836, 3.92772340775, 3.53264474869, 2.76469182968, 2.11837387085, 2.10030269623, 2.05655860901, 2.12441086769, 1.71111989021, 1.327054739, 1.46995043755, 2.26615762711, 1.66660857201, 0.916318893433, 0.282250136137, 0.111061997712, 0.0882121473551, 0.0843952000141, 0.0947557985783, 0.0717156082392, 0.0692019015551, 0.0494514107704, 0.0205241404474, 0.00725373951718, 0.00235462677665, 0.000459767412394, 2.43962804234e-05, 1.83275915333e-05],
        "min": [3.96385414017e-22, 8.49174105078e-22, 7.69173764304e-21, 1.58404004861e-20, 2.83792258794e-20, 7.87649586456e-20, 9.54810380543e-20, 3.05527689547e-19, 2.95540310831e-19, 6.86083090495e-19, 8.09555254856e-19, 9.59312168856e-19, 1.23307069451e-18, 1.19344440047e-18, 2.43997394393e-18, 3.31515460666e-18, 2.90769805142e-18, 3.08809973236e-18, 4.03640026611e-18, 6.06950929573e-18, 6.12567982241e-18, 7.6732193568e-18, 9.48451080618e-18, 6.30043165298e-18, 6.12695616209e-18, 1.01049078461e-17, 7.78086698735e-18, 1.24151347887e-17, 1.31489581429e-17, 1.25679092575e-17, 1.43700909668e-17, 1.04441916908e-17, 1.11979062572e-17, 7.85774267194e-18, 8.98186788951e-18, 5.36138727028e-18, 2.63279698254e-18, 1.24259723022e-18, 3.19579601148e-19, 2.88535557995e-20],
        "var": [0.619653105736, 19.5680522919, 95.4027328491, 164.871337891, 223.56022644, 634.429748535, 202.481628418, 223.422042847, 524.836303711, 2073.44018555, 2051.98071289, 11023.1064453, 14691.890625, 74628.359375, 60054.9960938, 6169.42529297, 2587.0690918, 2985.39770508, 4545.6640625, 4603.16455078, 1964.98999023, 1908.06115723, 1332.93139648, 1005.77557373, 466.031982422, 74.1305770874, 15.112663269, 10.2839097977, 10.9449167252, 8.94745063782, 3.5067281723, 2.14386224747, 1.82518541813, 0.861492872238, 0.159424513578, 0.0183158777654, 0.00267526414245, 0.000453056069091, 2.20694801101e-05, 2.48523601698e-08]
    },
    "gfcc": {
        "mean": [-102.071746826, 123.858764648, -104.218154907, 13.5724372864, -45.6447257996, 4.94396543503, -35.1788368225, 14.7962055206, -25.9745941162, -2.49839186668, -9.49012565613, -4.39841938019, -7.80731868744],
        "cov": [[22741.9042969, -2493.27734375, -1515.67321777, 1191.39880371, 526.320739746, 552.924987793, 134.494049072, 1082.4967041, -260.1355896, 118.675567627, 53.7910995483, 496.642822266, -295.498016357], [-2493.27734375, 1536.84191895, 12.354429245, -292.013092041, 118.448829651, -142.126403809, 74.7406768799, -154.281356812, 46.5064315796, -78.0844192505, 61.6247253418, -198.819915771, 113.779556274], [-1515.67321777, 12.354429245, 1545.8815918, 466.561645508, 55.5422363281, 265.262023926, 110.46862793, -126.029838562, -29.1028594971, 10.4204521179, -55.6600875854, 9.51479816437, -22.4386043549], [1191.39880371, -292.013092041, 466.561645508, 796.23425293, 247.037460327, 169.647140503, 53.303478241, 43.8878707886, 0.758810162544, -5.96186256409, -42.0221290588, 84.8188018799, -13.2054901123], [526.320739746, 118.448829651, 55.5422363281, 247.037460327, 443.099639893, 133.156341553, 81.8440170288, 52.3058013916, 48.5779380798, 0.0955644622445, 36.6210327148, 44.832195282, 26.8873348236], [552.924987793, -142.126403809, 265.262023926, 169.647140503, 133.156341553, 383.316955566, 155.940948486, -6.43735790253, -41.8265419006, 71.243560791, 37.5759315491, 32.745639801, -20.1413002014], [134.494049072, 74.7406768799, 110.46862793, 53.303478241, 81.8440170288, 155.940948486, 275.218200684, 25.7019672394, -13.6579437256, 55.7256164551, 69.5699691772, 7.45200300217, 6.65807342529], [1082.4967041, -154.281356812, -126.029838562, 43.8878707886, 52.3058013916, -6.43735790253, 25.7019672394, 291.45022583, 56.8163986206, -11.3416509628, 34.5954933167, 62.5576324463, 0.487210512161], [-260.1355896, 46.5064315796, -29.1028594971, 0.758810162544, 48.5779380798, -41.8265419006, -13.6579437256, 56.8163986206, 224.612792969, 15.225153923, -10.5499763489, 47.2406692505, 28.1310367584], [118.675567627, -78.0844192505, 10.4204521179, -5.96186256409, 0.0955644622445, 71.243560791, 55.7256164551, -11.3416509628, 15.225153923, 146.50944519, 50.7506332397, 1.65375220776, 1.85531795025], [53.7910995483, 61.6247253418, -55.6600875854, -42.0221290588, 36.6210327148, 37.5759315491, 69.5699691772, 34.5954933167, -10.5499763489, 50.7506332397, 151.835281372, 28.7456321716, 5.18622112274], [496.642822266, -198.819915771, 9.51479816437, 84.8188018799, 44.832195282, 32.745639801, 7.45200300217, 62.5576324463, 47.2406692505, 1.65375220776, 28.7456321716, 168.255477905, 6.24699449539], [-295.498016357, 113.779556274, -22.4386043549, -13.2054901123, 26.8873348236, -20.1413002014, 6.65807342529, 0.487210512161, 28.1310367584, 1.85531795025, 5.18622112274, 6.24699449539, 121.677528381]],
        "icov": [[8.41624641907e-05, 4.66535529995e-05, 0.000126984814415, -0.000125670412672, -2.73322293651e-05, -9.36212527449e-05, 2.94051665151e-06, -0.000239971050178, 0.000167707912624, -8.37438710732e-05, 9.85800215858e-05, -9.0270768851e-05, 0.000124823840451], [4.66535529995e-05, 0.00135352730285, -0.000137383540277, 0.000410836859373, -0.000704496225808, 0.000491337210406, -0.000557204533834, 0.000546940194909, -0.00051256606821, 0.0011152055813, -0.000989942229353, 0.00150761089753, -0.000801524205599], [0.000126984814415, -0.000137383540277, 0.00116732460447, -0.000828246236779, 0.000407227256801, -0.000747338228393, -0.000119209827972, -1.69506674865e-05, 0.000136279137223, -4.54841792816e-05, 0.000417295435909, -0.000258110812865, 0.000319781567669], [-0.000125670412672, 0.000410836859373, -0.000828246236779, 0.00248020282015, -0.00131280219648, 0.000219812383875, -0.000117088660772, 0.000196997440071, -3.71884766537e-06, 0.000272521050647, 0.000483570358483, -0.000182846823009, -0.000255351857049], [-2.73322293651e-05, -0.000704496225808, 0.000407227256801, -0.00131280219648, 0.00378617132083, -0.00132454931736, -2.99092498608e-05, -0.000278436316876, -0.000748462742195, 0.000469528546091, -0.000539672269952, -0.000449769780971, -0.00031615421176], [-9.36212527449e-05, 0.000491337210406, -0.000747338228393, 0.000219812383875, -0.00132454931736, 0.00498643098399, -0.00202634255402, 0.00062671629712, 0.000710745458491, -0.00127699761651, -1.00736333479e-05, -0.000168448226759, 0.000289924122626], [2.94051665151e-06, -0.000557204533834, -0.000119209827972, -0.000117088660772, -2.99092498608e-05, -0.00202634255402, 0.00567199615762, -0.000823516922537, 0.000309258844936, -0.0010884415824, -0.0013669814216, 1.85776571016e-05, -0.000139984753332], [-0.000239971050178, 0.000546940194909, -1.69506674865e-05, 0.000196997440071, -0.000278436316876, 0.00062671629712, -0.000823516922537, 0.00531037710607, -0.00176098244265, 0.00168861204293, -0.00169124582317, 5.35244871571e-05, -0.000436179718236], [0.000167707912624, -0.00051256606821, 0.000136279137223, -3.71884766537e-06, -0.000748462742195, 0.000710745458491, 0.000309258844936, -0.00176098244265, 0.00635376898572, -0.00240706605837, 0.00219426932745, -0.00253169750795, -0.000211317528738], [-8.37438710732e-05, 0.0011152055813, -4.54841792816e-05, 0.000272521050647, 0.000469528546091, -0.00127699761651, -0.0010884415824, 0.00168861204293, -0.00240706605837, 0.010310315527, -0.00405729142949, 0.0022799463477, -0.00103217549622], [9.85800215858e-05, -0.000989942229353, 0.000417295435909, 0.000483570358483, -0.000539672269952, -1.00736333479e-05, -0.0013669814216, -0.00169124582317, 0.00219426932745, -0.00405729142949, 0.0104892356321, -0.00328983832151, 0.000770070008002], [-9.0270768851e-05, 0.00150761089753, -0.000258110812865, -0.000182846823009, -0.000449769780971, -0.000168448226759, 1.85776571016e-05, 5.35244871571e-05, -0.00253169750795, 0.0022799463477, -0.00328983832151, 0.00953330844641, -0.00142482540105], [0.000124823840451, -0.000801524205599, 0.000319781567669, -0.000255351857049, -0.00031615421176, 0.000289924122626, -0.000139984753332, -0.000436179718236, -0.000211317528738, -0.00103217549622, 0.000770070008002, -0.00142482540105, 0.0095345210284]]
    },
    "melbands": {
        "dmean": [0.00152516842354, 0.00120591477025, 0.000590144307353, 0.000402366509661, 0.000156049747602, 8.64445682964e-05, 9.88491810858e-05, 0.000104639664642, 6.89329317538e-05, 9.39723176998e-05, 9.25208878471e-05, 0.000115763599752, 9.13110197871e-05, 2.57207157119e-05, 2.09840145544e-05, 1.98222805921e-05, 1.62577816809e-05, 1.47914843183e-05, 1.88652738871e-05, 1.18214957183e-05, 1.05625504148e-05, 8.14667873783e-06, 4.67766540169e-06, 7.90888589108e-06, 6.50095898891e-06, 4.05274977311e-06, 2.55284498962e-06, 1.18490356726e-06, 6.14926193521e-07, 4.34812278627e-07, 3.46752699443e-07, 3.09306074087e-07, 3.1177930282e-07, 2.51386751415e-07, 2.24509733471e-07, 2.57298466977e-07, 1.9894244474e-07, 1.6940094838e-07, 1.80283080908e-07, 1.33803823132e-07],
        "dmean2": [0.00206881342456, 0.00187964399811, 0.00103914772626, 0.000703786499798, 0.000254955608398, 0.000138973089634, 0.000151838714373, 0.000156902620802, 0.000103666054201, 0.000130595333758, 0.00012398159015, 0.000149600527948, 0.000118479831144, 3.61633901775e-05, 2.99702678603e-05, 2.76348691841e-05, 2.30520308833e-05, 2.08637957257e-05, 2.70582440862e-05, 1.74994929694e-05, 1.44054101838e-05, 1.12293701022e-05, 6.84686847308e-06, 1.11355611807e-05, 9.54403913056e-06, 5.97656344326e-06, 3.78725712835e-06, 1.84527846159e-06, 9.92193349703e-07, 6.84653286953e-07, 5.42332600162e-07, 4.72580495625e-07, 4.8769032901e-07, 3.79198525025e-07, 3.50149491624e-07, 4.099776163e-07, 3.1110693044e-07, 2.57469423559e-07, 2.75621516721e-07, 2.06589305662e-07],
        "dvar": [3.14286953653e-05, 2.16228872887e-05, 6.15186900177e-06, 3.65923892787e-06, 1.97922346956e-07, 5.88788076072e-08, 5.3704852121e-08, 8.38228189082e-08, 7.4932003713e-08, 1.39491774576e-07, 9.04335237806e-08, 1.91210105527e-07, 1.45090012893e-07, 9.53928402936e-09, 6.03215877248e-09, 5.38300781727e-09, 2.88804047344e-09, 3.73306052737e-09, 4.16206269449e-09, 2.04946881688e-09, 1.67720060062e-09, 8.1497386617e-10, 2.87026263868e-10, 6.51800113882e-10, 3.15811987672e-10, 1.39343009353e-10, 5.54573505174e-11, 1.70686156181e-11, 6.80813088197e-12, 3.23928275696e-12, 2.46881096296e-12, 1.93368238088e-12, 2.59889332277e-12, 1.30137990228e-12, 6.97804607066e-13, 8.97789871959e-13, 4.43241851642e-13, 3.94289418823e-13, 9.1328127786e-13, 3.06900826367e-13],
        "dvar2": [6.5557025664e-05, 5.04703057231e-05, 1.71775318449e-05, 1.04301416286e-05, 5.44204567632e-07, 1.54572745714e-07, 1.26164039216e-07, 1.92792967368e-07, 1.71826940232e-07, 2.65985448777e-07, 1.48305801417e-07, 2.78472128912e-07, 2.14506087559e-07, 1.49015590978e-08, 1.21678693787e-08, 1.01998134383e-08, 5.6092255285e-09, 5.68678526491e-09, 8.20907075649e-09, 4.15116829799e-09, 2.87433343793e-09, 1.41887335214e-09, 5.75649472534e-10, 1.19919807418e-09, 6.47147391231e-10, 2.80973577738e-10, 1.19139129118e-10, 4.32664251648e-11, 1.81251784415e-11, 7.69825609509e-12, 5.82470530142e-12, 4.09207346827e-12, 5.60660328927e-12, 2.57169719547e-12, 1.4811401888e-12, 1.92829324556e-12, 9.37462238913e-13, 7.47360127343e-13, 2.20122748154e-12, 6.73351890738e-13],
        "max": [0.0877674147487, 0.0728370547295, 0.0412519127131, 0.0514486953616, 0.00927646178752, 0.00761245097965, 0.00548659870401, 0.00791548285633, 0.00905902311206, 0.0178759992123, 0.0117348339409, 0.014881644398, 0.0181409996003, 0.00507061416283, 0.00260122260079, 0.00218180730008, 0.00189843191765, 0.00259260297753, 0.00155409111176, 0.00215501105413, 0.00129584595561, 0.000881886633579, 0.000505814503413, 0.000765021366533, 0.000605731620453, 0.000505525735207, 0.000166283309227, 0.000114450675028, 7.07404542482e-05, 3.88491243939e-05, 4.40798285126e-05, 5.29778626515e-05, 6.29077476333e-05, 4.55002991657e-05, 2.56337716564e-05, 4.49448816653e-05, 2.19448938878e-05, 2.35015650105e-05, 5.79552433919e-05, 2.51874116657e-05],
        "mean": [0.00211717491038, 0.00181812711526, 0.000693527807016, 0.000521614681929, 0.000294267490972, 0.000169202481629, 0.000202690032893, 0.000209194477065, 0.000134098881972, 0.000185232129297, 0.000192692285054, 0.000277701910818, 0.000264608534053, 4.81887836941e-05, 3.5098499211e-05, 3.9493348595e-05, 3.01808831864e-05, 2.38449520111e-05, 3.3567983337e-05, 2.02104383789e-05, 1.78501795745e-05, 1.66099362104e-05, 8.92370553629e-06, 1.56861879077e-05, 1.19038822959e-05, 8.16619831312e-06, 4.55540248367e-06, 1.85357373539e-06, 8.4254122612e-07, 5.84648432778e-07, 4.69603435249e-07, 4.33026087876e-07, 3.86242760442e-07, 3.36358795039e-07, 3.11450889967e-07, 3.05650360133e-07, 2.41553664182e-07, 2.24111147418e-07, 2.39632214516e-07, 1.80905217917e-07],
        "median": [0.000363234430552, 0.000507324526552, 0.000195365370018, 0.000190774051589, 9.93790454231e-05, 6.05120731052e-05, 5.89232404309e-05, 4.19672942371e-05, 2.00156719075e-05, 1.79194921657e-05, 1.55675497808e-05, 1.18819098134e-05, 9.25334825297e-06, 5.75955027671e-06, 4.12238296121e-06, 3.58458055416e-06, 2.84168527287e-06, 2.22645303438e-06, 2.4847261102e-06, 2.07900802707e-06, 1.6669832803e-06, 1.35670245527e-06, 8.39963490762e-07, 1.4283289147e-06, 1.6363337636e-06, 1.27463772515e-06, 8.16763304101e-07, 4.34247056091e-07, 1.51598896991e-07, 5.98861973344e-08, 5.1590852479e-08, 4.73489407682e-08, 3.54072469122e-08, 4.68081289284e-08, 5.47851719546e-08, 4.18865298002e-08, 3.8464069263e-08, 4.07897360333e-08, 4.86055853344e-08, 3.48880817569e-08],
        "min": [2.34320738653e-24, 5.05840410508e-24, 3.3759251163e-24, 3.92153760595e-24, 3.85867328041e-24, 6.1888540096e-24, 3.88923256859e-24, 8.46791536885e-24, 6.74993408946e-24, 5.00959294214e-24, 5.87016564238e-24, 4.27485972793e-24, 8.80485363868e-24, 5.2208893356e-24, 9.06275593443e-24, 3.65281450517e-24, 5.51008456016e-24, 6.45720831791e-24, 6.89498746613e-24, 7.39072659163e-24, 7.06137795256e-24, 6.40797511439e-24, 1.06100072035e-23, 6.55152886648e-24, 4.77039729947e-24, 3.41763692552e-24, 7.48578275299e-24, 5.91428426622e-24, 4.40008942448e-24, 6.32783394616e-24, 6.47990424059e-24, 7.3390388474e-24, 9.10977204438e-24, 6.06514642017e-24, 8.67971505557e-24, 7.25134828031e-24, 5.72596068561e-24, 7.35578084239e-24, 7.58616845862e-24, 6.24871750826e-24],
        "var": [4.18270210503e-05, 2.42170426645e-05, 4.39102723249e-06, 2.46536546911e-06, 3.05862954519e-07, 1.11327487673e-07, 1.4142433713e-07, 2.01215144102e-07, 1.58328020916e-07, 4.48884463822e-07, 3.61712039876e-07, 1.10294661226e-06, 1.4591606714e-06, 3.98107573574e-08, 1.5423033517e-08, 1.74650018891e-08, 9.6501135971e-09, 1.02835171489e-08, 1.14966400844e-08, 4.64406246792e-09, 4.17945544839e-09, 3.58828522451e-09, 7.7317818814e-10, 2.35841390861e-09, 7.58346441199e-10, 3.65827701465e-10, 1.35869482332e-10, 2.47204479109e-11, 6.68967832518e-12, 4.32777121431e-12, 3.2502932637e-12, 3.55328592071e-12, 4.09135789484e-12, 2.26656757599e-12, 1.16879899856e-12, 1.27397994498e-12, 7.01191058342e-13, 7.63733423292e-13, 1.26079420341e-12, 4.80845777692e-13]
    },
    "mfcc": {
        "mean": [-746.292053223, 153.169021606, 5.05999565125, 17.2771854401, 11.0508356094, -8.42883205414, 6.22307014465, 4.25606393814, -3.52365612984, 4.70274543762, -2.6583738327, -5.73319530487, 2.36655950546],
        "cov": [[15509.3837891, -0.0487263537943, -1919.12805176, 524.280578613, 322.013702393, -253.451263428, 539.606628418, 618.590820312, -89.4798278809, 326.303100586, 124.306945801, -178.713500977, 137.05166626], [-0.0487263537943, 1360.85021973, -40.8895835876, -83.3250808716, -3.24983048439, -95.7381668091, 82.1113128662, -45.0016708374, -9.41564273834, 16.4814090729, -8.51382446289, -0.75649613142, -3.30990099907], [-1919.12805176, -40.8895835876, 1180.31677246, 177.366943359, 52.0468826294, 316.893768311, 82.0201187134, -31.8432331085, 79.0019836426, -65.4801177979, 11.9322004318, 73.7703552246, -37.9503250122], [524.280578613, -83.3250808716, 177.366943359, 587.457458496, 267.603973389, 117.654975891, 99.659324646, 148.751846313, 63.8269805908, -13.0817899704, -14.0169944763, 14.7684898376, 11.4256906509], [322.013702393, -3.24983048439, 52.0468826294, 267.603973389, 379.660583496, 95.8808441162, 57.77085495, 131.52456665, 46.1586036682, 27.9736785889, -10.2476968765, -3.60820245743, 14.7858085632], [-253.451263428, -95.7381668091, 316.893768311, 117.654975891, 95.8808441162, 467.104919434, 159.456939697, 4.44988584518, 45.3380851746, -2.02575922012, 40.1452827454, 26.9412136078, 3.6713924408], [539.606628418, 82.1113128662, 82.0201187134, 99.659324646, 57.77085495, 159.456939697, 398.685882568, 55.804019928, -33.1656799316, 73.3983764648, 39.0563087463, -29.8793106079, 38.1628227234], [618.590820312, -45.0016708374, -31.8432331085, 148.751846313, 131.52456665, 4.44988584518, 55.804019928, 249.768798828, 50.993598938, 13.5224351883, 23.429391861, 18.8297939301, 36.2462692261], [-89.4798278809, -9.41564273834, 79.0019836426, 63.8269805908, 46.1586036682, 45.3380851746, -33.1656799316, 50.993598938, 167.937606812, 18.3481960297, -2.98926734924, 39.090221405, 6.02327919006], [326.303100586, 16.4814090729, -65.4801177979, -13.0817899704, 27.9736785889, -2.02575922012, 73.3983764648, 13.5224351883, 18.3481960297, 152.295761108, 39.7345924377, -20.9988231659, 20.3056755066], [124.306945801, -8.51382446289, 11.9322004318, -14.0169944763, -10.2476968765, 40.1452827454, 39.0563087463, 23.429391861, -2.98926734924, 39.7345924377, 129.816375732, 33.6168060303, 14.2820167542], [-178.713500977, -0.75649613142, 73.7703552246, 14.7684898376, -3.60820245743, 26.9412136078, -29.8793106079, 18.8297939301, 39.090221405, -20.9988231659, 33.6168060303, 134.485305786, 35.8394775391], [137.05166626, -3.30990099907, -37.9503250122, 11.4256906509, 14.7858085632, 3.6713924408, 38.1628227234, 36.2462692261, 6.02327919006, 20.3056755066, 14.2820167542, 35.8394775391, 120.250938416]],
