{
"lowlevel": {
    "average_loudness": 0.927175879478,
    "barkbands_crest": {
        "dmean": 3.2967581749,
        "dmean2": 5.12307977676,
        "dvar": 9.42962169647,
        "dvar2": 20.1169681549,
        "max": 26.1557064056,
        "mean": 15.6306915283,
        "median": 15.7976198196,
        "min": 2.70423173904,
        "var": 29.9338283539
    },
    "barkbands_flatness_db": {
        "dmean": 0.0408903136849,
        "dmean2": 0.0583495609462,
        "dvar": 0.00195121974684,
        "dvar2": 0.00366447470151,
        "max": 0.588181853294,
        "mean": 0.241070717573,
        "median": 0.227215766907,
        "min": 0.035592161119,
        "var": 0.00954295136034
    },
    "barkbands_kurtosis": {
        "dmean": 28.634513855,
        "dmean2": 43.1480560303,
        "dvar": 3234.28686523,
        "dvar2": 6909.02539062,
        "max": 1196.23510742,
        "mean": 45.3012237549,
        "median": 12.5691680908,
        "min": -1.92076385021,
        "var": 6889.76953125
    },
    "barkbands_skewness": {
        "dmean": 1.57123029232,
        "dmean2": 2.26689600945,
        "dvar": 3.3810031414,
        "dvar2": 6.71769380569,
        "max": 30.8646793365,
        "mean": 4.06145524979,
        "median": 3.13974094391,
        "min": -2.24065852165,
        "var": 13.3945579529
    },
    "barkbands_spread": {
        "dmean": 6.03483438492,
        "dmean2": 8.72402191162,
        "dvar": 81.1519012451,
        "dvar2": 143.320831299,
        "max": 105.59022522,
        "mean": 14.1212491989,
        "median": 8.7684211731,
        "min": 0.129718750715,
        "var": 249.556182861
    },
    "dissonance": {
        "dmean": 0.0304669067264,
        "dmean2": 0.0498283840716,
        "dvar": 0.000952557020355,
        "dvar2": 0.00250781071372,
        "max": 0.500000119209,
        "mean": 0.437947481871,
        "median": 0.449565380812,
        "min": 0.14796243608,
        "var": 0.00235617277212
    },
    "dynamic_complexity": 5.06718826294,
    "erbbands_crest": {
        "dmean": 3.41797637939,
        "dmean2": 5.44674110413,
        "dvar": 9.36176967621,
        "dvar2": 22.2906284332,
        "max": 31.9552536011,
        "mean": 11.9173173904,
        "median": 10.9473571777,
        "min": 2.68601298332,
        "var": 28.3263263702
    },
    "erbbands_flatness_db": {
        "dmean": 0.0236114487052,
        "dmean2": 0.0343077741563,
        "dvar": 0.00057796749752,
        "dvar2": 0.0011672944529,
        "max": 0.401829302311,
        "mean": 0.171569794416,
        "median": 0.162839516997,
        "min": 0.0527753159404,
        "var": 0.00273298635148
    },
    "erbbands_kurtosis": {
        "dmean": 3.42312431335,
        "dmean2": 5.30852413177,
        "dvar": 53.1920051575,
        "dvar2": 123.437789917,
        "max": 194.68838501,
        "mean": 4.36590862274,
        "median": 1.78746986389,
        "min": -1.93189489841,
        "var": 83.3343658447
    },
    "erbbands_skewness": {
        "dmean": 0.681432962418,
        "dmean2": 0.980878531933,
        "dvar": 0.570924639702,
        "dvar2": 1.15328371525,
        "max": 11.7464885712,
        "mean": 1.07704269886,
        "median": 0.929048776627,
        "min": -4.13723659515,
        "var": 2.31346392632
    },
    "erbbands_spread": {
        "dmean": 13.4518527985,
        "dmean2": 19.956905365,
        "dvar": 285.887390137,
        "dvar2": 602.334960938,
        "max": 214.507598877,
        "mean": 40.8995780945,
        "median": 34.4819869995,
        "min": 1.49692153931,
        "var": 781.544006348
    },
    "hfc": {
        "dmean": 9.46983623505,
        "dmean2": 13.4562606812,
        "dvar": 850.070556641,
        "dvar2": 1888.22814941,
        "max": 396.198150635,
        "mean": 14.4657058716,
        "median": 4.93269109726,
        "min": 1.05009467033e-16,
        "var": 1092.00927734
    },
    "melbands_crest": {
        "dmean": 4.12418460846,
        "dmean2": 6.5571398735,
        "dvar": 14.0271987915,
        "dvar2": 31.9412193298,
        "max": 36.605014801,
        "mean": 20.9434661865,
        "median": 21.3739738464,
        "min": 1.70621705055,
        "var": 48.9446220398
    },
    "melbands_flatness_db": {
        "dmean": 0.0477811619639,
        "dmean2": 0.0659113526344,
        "dvar": 0.00273835426196,
        "dvar2": 0.0046049808152,
        "max": 0.720934450626,
        "mean": 0.308778882027,
        "median": 0.298405796289,
        "min": 0.00443750107661,
        "var": 0.016555339098
    },
    "melbands_kurtosis": {
        "dmean": 46.0453491211,
        "dmean2": 69.2883911133,
        "dvar": 6484.33935547,
        "dvar2": 13399.5419922,
        "max": 1411.6751709,
        "mean": 81.1954193115,
        "median": 29.7955150604,
        "min": -1.81220006943,
        "var": 16449.1054688
    },
    "melbands_skewness": {
        "dmean": 1.81140935421,
        "dmean2": 2.65680813789,
        "dvar": 4.33290815353,
        "dvar2": 8.95521831512,
        "max": 29.0058994293,
        "mean": 5.11858940125,
        "median": 4.24523830414,
        "min": -1.69012415409,
        "var": 15.6281337738
    },
    "melbands_spread": {
        "dmean": 6.83732128143,
        "dmean2": 9.73931217194,
        "dvar": 142.581130981,
        "dvar2": 258.509155273,
        "max": 268.667816162,
        "mean": 15.1085729599,
        "median": 6.73425960541,
        "min": 0.145865827799,
        "var": 537.708190918
    },
    "pitch_salience": {
        "dmean": 0.0914355516434,
        "dmean2": 0.14213950932,
        "dvar": 0.0072709871456,
        "dvar2": 0.016894955188,
        "max": 0.985817968845,
        "mean": 0.408355236053,
        "median": 0.401385754347,
        "min": 0.0546668581665,
        "var": 0.025656754151
    },
    "silence_rate_20dB": {
        "dmean": 0,
        "dmean2": 0,
        "dvar": 0,
        "dvar2": 0,
        "max": 1,
        "mean": 1,
        "median": 1,
        "min": 1,
        "var": 0
    },
    "silence_rate_30dB": {
        "dmean": 0.0990801304579,
        "dmean2": 0.198182225227,
        "dvar": 0.0892676711082,
        "dvar2": 0.196166336536,
        "max": 1,
        "mean": 0.893838644028,
        "median": 1,
        "min": 0,
        "var": 0.0948977395892
    },
    "silence_rate_60dB": {
        "dmean": 0.0585171245039,
        "dmean2": 0.117047220469,
        "dvar": 0.0550882928073,
        "dvar2": 0.119072593749,
        "max": 1,
        "mean": 0.199800536036,
        "median": 0,
        "min": 0,
        "var": 0.159873992205
    },
    "spectral_centroid": {
        "dmean": 257.865966797,
        "dmean2": 357.338409424,
        "dvar": 133092.75,
        "dvar2": 219235.09375,
        "max": 11786.2070312,
        "mean": 1054.74291992,
        "median": 738.065795898,
        "min": 98.9515457153,
        "var": 1642447.375
    },
    "spectral_complexity": {
        "dmean": 2.76648569107,
        "dmean2": 3.51939702034,
        "dvar": 28.2213382721,
        "dvar2": 37.0474052429,
        "max": 65,
        "mean": 8.62056732178,
        "median": 6,
        "min": 0,
        "var": 103.17401886
    },
    "spectral_decrease": {
        "dmean": 6.15118045388e-09,
        "dmean2": 9.5199057526e-09,
        "dvar": 1.35112700341e-16,
        "dvar2": 3.43441605154e-16,
        "max": 2.3099688802e-25,
        "mean": -9.86222037369e-09,
        "median": -5.30432853196e-09,
        "min": -1.03837443532e-07,
        "var": 1.81342686576e-16
    },
    "spectral_energy": {
        "dmean": 0.0239393785596,
        "dmean2": 0.0369332022965,
        "dvar": 0.0020005882252,
        "dvar2": 0.00508950417861,
        "max": 0.395675301552,
        "mean": 0.0385344699025,
        "median": 0.0206855088472,
        "min": 9.70486664842e-21,
        "var": 0.00270187295973
    },
    "spectral_energyband_high": {
        "dmean": 0.000477228633827,
        "dmean2": 0.000663618848193,
        "dvar": 3.03544015878e-06,
        "dvar2": 6.72571923133e-06,
        "max": 0.0261052567512,
        "mean": 0.000586519134231,
        "median": 8.31395882415e-05,
        "min": 7.01360948387e-21,
        "var": 3.81866084354e-06
    },
    "spectral_energyband_low": {
        "dmean": 0.0205178465694,
        "dmean2": 0.0319023393095,
        "dvar": 0.00182012980804,
        "dvar2": 0.00458331918344,
        "max": 0.384694248438,
        "mean": 0.0299355704337,
        "median": 0.0131172947586,
        "min": 8.87702573404e-24,
        "var": 0.00233450252563
    },
    "spectral_energyband_middle_high": {
        "dmean": 0.00234157009982,
        "dmean2": 0.00334900943562,
        "dvar": 5.79829393246e-05,
        "dvar2": 0.000130435117171,
        "max": 0.102924205363,
        "mean": 0.00372677412815,
        "median": 0.000354980118573,
        "min": 1.19735655844e-21,
        "var": 8.95935518201e-05
    },
    "spectral_energyband_middle_low": {
        "dmean": 0.00308221066371,
        "dmean2": 0.00505722593516,
        "dvar": 4.41286974819e-05,
        "dvar2": 0.000119373486086,
        "max": 0.0870245173573,
        "mean": 0.00499785970896,
        "median": 0.0028546708636,
        "min": 1.76011970459e-22,
        "var": 4.79124901176e-05
    },
    "spectral_entropy": {
        "dmean": 0.281932830811,
        "dmean2": 0.408744871616,
        "dvar": 0.106276534498,
        "dvar2": 0.199302211404,
        "max": 9.82171726227,
        "mean": 7.20598316193,
        "median": 7.26746177673,
        "min": 4.22470378876,
        "var": 0.51344114542
    },
    "spectral_flux": {
        "dmean": 0.0454471968114,
        "dmean2": 0.0714374110103,
        "dvar": 0.00417704880238,
        "dvar2": 0.00979243032634,
        "max": 0.564932584763,
        "mean": 0.0917446687818,
        "median": 0.0642842948437,
        "min": 6.40055994316e-11,
        "var": 0.00750086642802
    },
    "spectral_kurtosis": {
        "dmean": 1.56239676476,
        "dmean2": 2.41712784767,
        "dvar": 6.22741651535,
        "dvar2": 14.3898620605,
        "max": 54.0349807739,
        "mean": 4.28746366501,
        "median": 3.74144601822,
        "min": -1.53275680542,
        "var": 12.9016485214
    },
    "spectral_rms": {
        "dmean": 0.00154502387159,
        "dmean2": 0.00222262530588,
        "dvar": 4.84308611703e-06,
        "dvar2": 1.12850193545e-05,
        "max": 0.0196475107223,
        "mean": 0.00496906694025,
        "median": 0.00449232477695,
        "min": 3.07703797338e-12,
        "var": 1.29029385789e-05
    },
    "spectral_rolloff": {
        "dmean": 431.388885498,
        "dmean2": 715.501159668,
        "dvar": 1164812.125,
        "dvar2": 2417350,
        "max": 20133.5449219,
        "mean": 1122.43676758,
        "median": 366.064453125,
        "min": 43.06640625,
        "var": 5714801
    },
    "spectral_skewness": {
        "dmean": 0.270539849997,
        "dmean2": 0.38911652565,
        "dvar": 0.102216675878,
        "dvar2": 0.200679823756,
        "max": 6.26434469223,
        "mean": 1.705483675,
        "median": 1.69378340244,
        "min": -0.315041482449,
        "var": 0.405798256397
    },
    "spectral_spread": {
        "dmean": 791647.8125,
        "dmean2": 1137304.5,
        "dvar": 1.04345285427e+12,
        "dvar2": 1.84519950336e+12,
        "max": 43527016,
        "mean": 6238883,
        "median": 5554218,
        "min": 1134291.625,
        "var": 1.68097438761e+13
    },
    "spectral_strongpeak": {
        "dmean": 0.33479771018,
        "dmean2": 0.554750204086,
        "dvar": 0.530214488506,
        "dvar2": 1.30324423313,
        "max": 11.9806537628,
        "mean": 0.636772632599,
        "median": 0.393947273493,
        "min": 0,
        "var": 0.93054240942
    },
    "zerocrossingrate": {
        "dmean": 0.0126443356276,
        "dmean2": 0.0141347730532,
        "dvar": 0.000256749772234,
        "dvar2": 0.000293071119813,
        "max": 0.5322265625,
        "mean": 0.0477749966085,
        "median": 0.03173828125,
        "min": 0.001953125,
        "var": 0.00387361412868
    },
    "barkbands": {
        "dmean": [0.000816343177576, 0.0146931130439, 0.00679358327761, 0.00101671356242, 0.00061654439196, 0.00089370686328, 0.000688331201673, 0.000288686627755, 0.000357647048077, 0.000226560834562, 0.000385673542041, 0.000272705219686, 0.000188534351764, 0.000178473012056, 0.000440463918494, 0.00035864036181, 0.000313730211928, 0.000332144409185, 0.000235156796407, 0.000187399855349, 0.000141338561662, 8.81334781297e-05, 4.50415245723e-05, 5.15762330906e-05, 4.32131346315e-05, 2.48566884693e-05, 2.19176308747e-06],
        "dmean2": [0.00107423111331, 0.0224889460951, 0.0119414664805, 0.00169508659746, 0.000985885388218, 0.00147228885908, 0.00123677495867, 0.000496550113894, 0.000550101045519, 0.000346680608345, 0.000555500562768, 0.000409323343774, 0.000281102431472, 0.000277066224953, 0.000750802457333, 0.000572000921238, 0.000432949920651, 0.000481504219351, 0.000319463026244, 0.000276346370811, 0.000212257858948, 0.00012836822134, 6.35158066871e-05, 7.24405254005e-05, 6.13227894064e-05, 3.60201083822e-05, 3.43984538631e-06],
        "dvar": [2.8727681638e-06, 0.000736064394005, 0.000528953969479, 9.45634928939e-06, 1.31850413254e-06, 4.09518042943e-06, 7.90398280515e-06, 9.21214564187e-07, 1.11097347144e-06, 9.13363010113e-07, 1.78379707449e-06, 1.46760305597e-06, 8.26401105769e-07, 4.53706547887e-07, 3.6886685848e-06, 2.31794206229e-06, 1.68197198036e-06, 1.9443432393e-06, 8.97273935152e-07, 6.15798171566e-07, 3.71480723516e-07, 1.27055841403e-07, 2.06821670901e-08, 4.36672316084e-08, 2.64378261505e-08, 7.86099629835e-09, 3.30046046049e-10],
        "dvar2": [4.5707265599e-06, 0.0017377854092, 0.00140717916656, 2.42791593337e-05, 3.36992570737e-06, 1.10499186121e-05, 2.26920001296e-05, 2.4391331408e-06, 2.45491924034e-06, 1.75580157702e-06, 3.3411424738e-06, 2.93618359137e-06, 1.61880643645e-06, 9.84053258435e-07, 1.00398565337e-05, 5.84223653277e-06, 3.61878051081e-06, 4.10099210058e-06, 1.71811575456e-06, 1.45004128171e-06, 9.20985826269e-07, 2.91283100751e-07, 4.18651495693e-08, 8.79374297824e-08, 4.43092531555e-08, 1.73063305908e-08, 7.76540887149e-10],
        "max": [0.0240056701005, 0.250081837177, 0.238183215261, 0.0419427752495, 0.0146250538528, 0.0339822396636, 0.0411676838994, 0.0165620110929, 0.0414654240012, 0.0559584274888, 0.0419282391667, 0.0839484259486, 0.0366016924381, 0.0286085251719, 0.0249544326216, 0.0198714770377, 0.0163251236081, 0.0186343472451, 0.0118278348818, 0.0103616835549, 0.00916147977114, 0.00602988805622, 0.00296534737572, 0.00696589285508, 0.00809271540493, 0.00155316467863, 0.000567583017983],
        "mean": [0.00136986968573, 0.0219072643667, 0.00597108155489, 0.00113067100756, 0.000944836356211, 0.00129997404292, 0.000715024536476, 0.000295173318591, 0.000585336005315, 0.000328326190356, 0.000656787713524, 0.000451058876934, 0.000303309701849, 0.00021229792037, 0.00039495472447, 0.000338328187354, 0.000340012396919, 0.000344680825947, 0.000264691247139, 0.000208300960367, 0.000145802128827, 9.88431274891e-05, 6.33030213066e-05, 7.33063716325e-05, 6.22495499556e-05, 2.68956373475e-05, 1.94171684598e-06],
        "median": [0.000113871501526, 0.00746141187847, 0.000543351925444, 0.000118372503493, 0.000488241843414, 0.000405474973377, 6.54552859487e-05, 2.37728272623e-05, 4.12324880017e-05, 1.53762593982e-05, 2.00177528313e-05, 1.1019633348e-05, 9.72115776676e-06, 8.26173891255e-06, 1.1410431398e-05, 7.96243148216e-06, 6.96455708749e-06, 1.18186053442e-05, 9.83209793048e-06, 1.14428494271e-05, 9.44080966292e-06, 7.58346050134e-06, 1.1912019545e-05, 1.27962530314e-05, 1.26832592287e-05, 3.45070543517e-06, 1.09970188511e-09],
        "min": [1.59829554937e-25, 3.06145025238e-24, 3.87942047013e-25, 2.83679780284e-25, 7.00175742306e-24, 5.87062160398e-24, 3.97048208638e-24, 4.80127647074e-24, 1.38615530153e-23, 1.85233659778e-23, 1.33226521543e-23, 1.5992342051e-23, 2.25572109498e-23, 3.17029345411e-23, 3.6709837862e-23, 5.80244556243e-23, 5.54230826596e-23, 8.2333968036e-23, 1.30222835827e-22, 1.26036849563e-22, 2.23629268151e-22, 2.45832155914e-22, 3.74822021079e-22, 5.55981693909e-22, 8.46708466676e-22, 1.22740072361e-21, 2.01831403033e-21],
        "var": [7.50597382648e-06, 0.00117687683087, 0.00039023347199, 8.72328382684e-06, 1.78743755441e-06, 6.02889167567e-06, 6.57562395645e-06, 1.01066461866e-06, 3.70736688637e-06, 1.64944117387e-06, 5.36913103133e-06, 7.26185635358e-06, 2.08755636777e-06, 7.3748185514e-07, 2.88068781629e-06, 2.04778484658e-06, 2.06095364774e-06, 2.25069652515e-06, 1.23425536458e-06, 6.97052428222e-07, 3.71039618585e-07, 1.4604515286e-07, 3.54576421557e-08, 8.80224249045e-08, 6.01432574854e-08, 9.13958952964e-09, 3.06499298164e-10]
    },
    "erbbands": {
        "dmean": [0.510703146458, 3.1539285183, 7.70263767242, 5.20010566711, 2.1182103157, 2.15224838257, 4.84452438354, 8.09744358063, 11.0184659958, 5.92162656784, 7.90963554382, 8.78239250183, 5.28036689758, 10.4371299744, 15.3624715805, 8.212018013, 8.07301235199, 8.31725025177, 13.5588064194, 21.02891922, 23.5789375305, 14.5589618683, 15.2968091965, 21.7357788086, 7.3772354126, 9.54807186127, 5.15622282028, 6.29000329971, 3.53145623207, 1.74967646599, 1.2773308754, 1.03386700153, 0.931088864803, 0.608351707458, 0.233332499862, 0.0866544246674, 0.0532162338495, 0.00899244192988, 0.000438377610408, 3.78004187951e-05],
        "dmean2": [0.746034383774, 4.93763685226, 13.4080276489, 8.60702323914, 3.4144089222, 3.4969367981, 7.80169677734, 13.4047021866, 19.6503448486, 10.2896642685, 13.30194664, 13.6128864288, 7.68371772766, 15.1056585312, 22.2336883545, 12.2311697006, 11.8780565262, 12.7106313705, 20.5686740875, 36.6886405945, 37.7898788452, 20.165473938, 21.2551879883, 33.562789917, 9.80185890198, 14.6159582138, 7.20854234695, 9.81095123291, 5.22258234024, 2.38123893738, 1.81636297703, 1.46431565285, 1.30652976036, 0.854629337788, 0.326964199543, 0.121871568263, 0.0789325088263, 0.0137387830764, 0.000694041140378, 5.74670120841e-05],
        "dvar": [0.73004424572, 46.1768379211, 654.063293457, 233.398086548, 28.4766139984, 18.5113353729, 109.030349731, 379.520599365, 1722.75634766, 490.13659668, 659.12121582, 734.534606934, 350.297088623, 1331.44628906, 2709.66625977, 981.270507812, 1803.26049805, 914.336120605, 2110.44287109, 10020.8339844, 11314.6679688, 3456.6105957, 3713.43066406, 9930.90136719, 800.389404297, 1743.28405762, 439.686645508, 801.267456055, 212.209411621, 34.3396186829, 16.8099346161, 13.4742212296, 17.4319057465, 5.52315092087, 0.643852293491, 0.0772021710873, 0.0401426032186, 0.00142088485882, 9.83950667433e-06, 1.06875228667e-08],
        "dvar2": [1.54737961292, 113.502105713, 1762.82299805, 574.117858887, 72.4477081299, 47.9710273743, 280.484954834, 1018.42852783, 4971.47607422, 1339.109375, 1727.11218262, 1735.05578613, 724.859924316, 2605.43969727, 4930.61230469, 2260.51904297, 3480.40429688, 2101.87451172, 4842.71533203, 27834.5585938, 29005.3339844, 7102.24267578, 7125.86474609, 23475.5273438, 1573.68493652, 4223.79492188, 994.829406738, 2056.01074219, 498.105804443, 67.8689880371, 34.494972229, 27.5764884949, 35.5473709106, 8.82710170746, 1.15287971497, 0.148302331567, 0.091625623405, 0.00343150971457, 2.35266579693e-05, 2.59352326282e-08],
        "max": [9.01751804352, 55.2992172241, 259.916320801, 162.466629028, 84.6210021973, 62.42395401, 185.064849854, 348.071289062, 609.33380127, 466.567871094, 468.383148193, 959.418823242, 797.208496094, 1737.4552002, 2626.44335938, 1244.38476562, 2054.18945312, 1225.39501953, 1061.46728516, 1273.27197266, 1385.63171387, 727.005554199, 793.883056641, 1183.77197266, 351.77822876, 640.975219727, 273.403625488, 418.849853516, 226.494384766, 84.1336212158, 90.9130935669, 105.429649353, 153.11555481, 115.396034241, 35.1339607239, 4.77781581879, 3.84949040413, 0.85432189703, 0.104168012738, 0.00312695093453],
        "mean": [0.805535912514, 4.25723743439, 6.99348258972, 5.62227487564, 2.83662390709, 3.02916121483, 7.13059997559, 11.3334388733, 11.7844314575, 6.5565905571, 8.83720207214, 13.7857875824, 8.30314159393, 18.0370082855, 30.3046226501, 13.6626720428, 12.8316669464, 10.9805078506, 17.4044342041, 17.3956642151, 21.7204360962, 17.294090271, 17.4412841797, 19.4369316101, 10.1957979202, 10.0370779037, 6.17274141312, 6.00561094284, 3.78177714348, 2.37960290909, 1.7624579668, 1.41563010216, 1.32454144955, 0.890378892422, 0.318767994642, 0.109286077321, 0.0542253553867, 0.00836324039847, 0.000399485434173, 5.51248667762e-05],
        "median": [0.229409426451, 1.34503507614, 1.10592126846, 0.625946760178, 0.648479819298, 1.53860139847, 2.87184667587, 2.59155631065, 1.47625529766, 0.987079977989, 1.09648406506, 1.18450295925, 0.856419324875, 1.31252717972, 1.18990492821, 0.689513325691, 0.495248556137, 0.534348130226, 0.694933176041, 0.591718673706, 0.451833456755, 0.429316550493, 0.5963768363, 0.643620491028, 0.546110510826, 0.546366453171, 0.434287428856, 0.3418186903, 0.253017961979, 0.352509200573, 0.322181522846, 0.256275117397, 0.217830598354, 0.165093526244, 0.0649684071541, 0.0203319210559, 0.00529044447467, 0.000516853877343, 2.69492993539e-05, 2.5523298973e-05],
        "min": [1.01889981338e-22, 5.21437664196e-22, 1.09128801245e-21, 4.6801782123e-21, 1.21008074096e-20, 1.85678928466e-20, 1.04430970723e-20, 4.47794903152e-20, 8.62863503968e-20, 1.57922750534e-19, 3.17508883731e-19, 4.66765456858e-19, 5.85840225685e-19, 5.81272586042e-19, 9.48926606072e-19, 1.23216089923e-18, 1.30441884805e-18, 1.39074724249e-18, 3.12954272182e-18, 2.99233517169e-18, 3.88490668641e-18, 4.04258674991e-18, 4.94955720435e-18, 6.67479043716e-18, 8.3436054027e-18, 5.24107881327e-18, 8.00999105395e-18, 8.56701530562e-18, 1.00489308797e-17, 1.06575058543e-17, 1.08486962452e-17, 9.50863635592e-18, 8.59356945765e-18, 7.82808080236e-18, 5.98239931901e-18, 4.19022235923e-18, 2.4156469757e-18, 9.74772691492e-19, 2.62891336957e-19, 2.8490672311e-20],
        "var": [1.5085542202, 59.075340271, 469.327728271, 228.246154785, 35.810760498, 21.2470226288, 163.528915405, 555.371704102, 1374.72570801, 599.038024902, 764.376464844, 1883.96057129, 811.146850586, 2923.22192383, 13543.8046875, 3188.85180664, 4102.08300781, 1524.2689209, 3855.609375, 6699.17529297, 9519.02636719, 4718.53076172, 5023.84765625, 9259.3046875, 1340.34118652, 1798.86523438, 556.176696777, 720.96270752, 230.703216553, 55.0627555847, 28.4074306488, 24.2093143463, 36.4471817017, 14.394030571, 1.19043111801, 0.111769095063, 0.0433911010623, 0.001365236938, 8.82843050931e-06, 1.16304894604e-08]
    },
    "gfcc": {
        "mean": [-99.8455123901, 78.8457183838, -79.5981521606, 39.054359436, -59.8084068298, 16.89702034, -39.2143669128, 10.5545454025, -25.0994586945, 2.57756781578, -9.93128204346, 5.09592342377, -2.93809890747],
        "cov": [[24349.5, 576.898010254, -2295.58959961, 284.152862549, 89.284034729, 847.035888672, 16.6205196381, 868.436584473, -76.9376373291, 508.051269531, -162.074890137, 313.653533936, -102.765724182], [576.898010254, 1438.92626953, 747.58996582, 286.441589355, 459.596405029, 385.02947998, 488.25994873, 122.524177551, 223.59513855, -7.94568061829, 197.708969116, -89.1809997559, 68.4062423706], [-2295.58959961, 747.58996582, 2396.25244141, 1109.38830566, 655.220703125, 269.22756958, 452.572357178, 87.3880844116, 315.640655518, -36.3336486816, 118.18120575, -94.0867385864, -1.85048544407], [284.152862549, 286.441589355, 1109.38830566, 1355.51269531, 670.286315918, 125.732406616, 287.584777832, 145.650604248, 294.148773193, -8.42712211609, 16.9095497131, -34.9080162048, 0.675482153893], [89.284034729, 459.596405029, 655.220703125, 670.286315918, 941.711486816, 450.846954346, 525.896789551, 201.610641479, 273.106231689, 50.6309661865, 65.9708175659, -31.15483284, 40.7578849792], [847.035888672, 385.02947998, 269.22756958, 125.732406616, 450.846954346, 627.898071289, 431.673370361, 143.166442871, 44.3711891174, 35.1054496765, 80.3775939941, -39.3350791931, 39.3136978149], [16.6205196381, 488.25994873, 452.572357178, 287.584777832, 525.896789551, 431.673370361, 653.922546387, 156.220672607, 158.562362671, 34.6536827087, 127.633476257, 9.88408088684, 39.7820205688], [868.436584473, 122.524177551, 87.3880844116, 145.650604248, 201.610641479, 143.166442871, 156.220672607, 321.395446777, 171.172912598, 43.0408630371, 20.4404258728, 29.6869831085, 45.4712982178], [-76.9376373291, 223.59513855, 315.640655518, 294.148773193, 273.106231689, 44.3711891174, 158.562362671, 171.172912598, 321.9090271, 103.787132263, 76.8329086304, 26.6589851379, 45.1870765686], [508.051269531, -7.94568061829, -36.3336486816, -8.42712211609, 50.6309661865, 35.1054496765, 34.6536827087, 43.0408630371, 103.787132263, 198.468887329, 101.616317749, 64.2699203491, 12.7753019333], [-162.074890137, 197.708969116, 118.18120575, 16.9095497131, 65.9708175659, 80.3775939941, 127.633476257, 20.4404258728, 76.8329086304, 101.616317749, 233.599029541, 84.8404006958, 70.2224578857], [313.653533936, -89.1809997559, -94.0867385864, -34.9080162048, -31.15483284, -39.3350791931, 9.88408088684, 29.6869831085, 26.6589851379, 64.2699203491, 84.8404006958, 177.756011963, 81.1297912598], [-102.765724182, 68.4062423706, -1.85048544407, 0.675482153893, 40.7578849792, 39.3136978149, 39.7820205688, 45.4712982178, 45.1870765686, 12.7753019333, 70.2224578857, 81.1297912598, 147.476043701]],
        "icov": [[0.000100412369648, -0.000208576573641, 0.000173608277692, -0.000236326392042, 0.00013812429097, -0.000246925483225, 0.000143587676575, -0.000284582405584, 0.00025443956838, -0.000379067118047, 0.000312991789542, -0.000402813631808, 0.000274080142844], [-0.000208576573641, 0.00173919461668, -0.000547889561858, 0.000674435694236, -0.000298963394016, 0.00028866235516, -0.000743468641303, 0.000678351265378, -0.00121302495245, 0.00149124942254, -0.00171498209238, 0.00192395411432, -0.000964262813795], [0.000173608277692, -0.000547889561858, 0.00112697924487, -0.00100515957456, 0.000383375154343, -0.00059705862077, 0.000127370032715, -0.000172106781974, 7.42875329252e-07, -0.000269352603937, 0.000243767513894, -0.000553578487597, 0.000677341304254], [-0.000236326392042, 0.000674435694236, -0.00100515957456, 0.00235272734426, -0.00153066415805, 0.00108828186058, -0.000114928130643, 0.000515268882737, -0.00102737534326, 0.00134340440854, -0.000734709901735, 0.000765579286963, -0.000368759589037], [0.00013812429097, -0.000298963394016, 0.000383375154343, -0.00153066415805, 0.00386031810194, -0.00194265122991, -0.00110465032049, 3.10488867399e-05, -0.00127517164219, -0.000689986627549, 0.00129295093939, -0.000378045835532, 2.89485251415e-05], [-0.000246925483225, 0.00028866235516, -0.00059705862077, 0.00108828186058, -0.00194265122991, 0.00520889600739, -0.00218764762394, -0.000869521172717, 0.0023538148962, -0.000793639861513, -0.00103254197165, 0.00293725193478, -0.00208855001256], [0.000143587676575, -0.000743468641303, 0.000127370032715, -0.000114928130643, -0.00110465032049, -0.00218764762394, 0.00462336326018, -0.000606109853834, -0.000325990200508, 0.000720879295841, -0.000721371441614, -0.0021123860497, 0.00181821885053], [-0.000284582405584, 0.000678351265378, -0.000172106781974, 0.000515268882737, 3.10488867399e-05, -0.000869521172717, -0.000606109853834, 0.00626966310665, -0.00428833719343, 0.0018036524998, 0.000297452264931, -2.73941313935e-05, -0.00103273917921], [0.00025443956838, -0.00121302495245, 7.42875329252e-07, -0.00102737534326, -0.00127517164219, 0.0023538148962, -0.000325990200508, -0.00428833719343, 0.0098762717098, -0.00545956939459, 0.000708434847184, 0.000519077060744, -0.00129628099967], [-0.000379067118047, 0.00149124942254, -0.000269352603937, 0.00134340440854, -0.000689986627549, -0.000793639861513, 0.000720879295841, 0.0018036524998, -0.00545956939459, 0.0115593327209, -0.00512188998982, -0.00111573445611, 0.00241041253321], [0.000312991789542, -0.00171498209238, 0.000243767513894, -0.000734709901735, 0.00129295093939, -0.00103254197165, -0.000721371441614, 0.000297452264931, 0.000708434847184, -0.00512188998982, 0.0100527396426, -0.00385294342414, -0.00139970623422], [-0.000402813631808, 0.00192395411432, -0.000553578487597, 0.000765579286963, -0.000378045835532, 0.00293725193478, -0.0021123860497, -2.73941313935e-05, 0.000519077060744, -0.00111573445611, -0.00385294342414, 0.0130940843374, -0.00671493215486], [0.000274080142844, -0.000964262813795, 0.000677341304254, -0.000368759589037, 2.89485251415e-05, -0.00208855001256, 0.00181821885053, -0.00103273917921, -0.00129628099967, 0.00241041253321, -0.00139970623422, -0.00671493215486, 0.0123548181728]]
    },
    "melbands": {
        "dmean": [0.00423151673749, 0.00393615057692, 0.00084817816969, 0.000130162734422, 0.000153377928655, 0.000181792580406, 0.000162619107869, 5.90285817452e-05, 6.61147132632e-05, 5.30531506229e-05, 2.80395524896e-05, 4.2590778321e-05, 5.5472686654e-05, 3.29849790432e-05, 1.85164353752e-05, 1.65989167726e-05, 1.65435485542e-05, 1.73977878148e-05, 3.96128707507e-05, 2.08565943467e-05, 3.00210031128e-05, 1.45016128954e-05, 1.47339897012e-05, 1.89286838577e-05, 1.86864835996e-05, 4.95890481034e-06, 6.24166796115e-06, 6.3569291342e-06, 3.37243682225e-06, 3.20712524626e-06, 3.6160736272e-06, 2.07897824112e-06, 1.36972414566e-06, 8.49506704981e-07, 7.24229153093e-07, 7.38744176942e-07, 6.31770262771e-07, 6.80444657064e-07, 6.32799810774e-07, 4.94601863466e-07],
        "dmean2": [0.00630173226818, 0.00650641648099, 0.00139875279274, 0.000212037630263, 0.000245801260462, 0.000301563180983, 0.000290301657515, 0.000101703197288, 0.000109186243208, 8.18663320388e-05, 4.11201581301e-05, 6.23809319222e-05, 7.95022133389e-05, 4.75384149468e-05, 2.84116486e-05, 2.47950883931e-05, 2.5798290153e-05, 2.494171531e-05, 6.99781958247e-05, 3.4656655771e-05, 4.80751332361e-05, 2.09636073123e-05, 1.9648568923e-05, 2.90965108434e-05, 2.93468910968e-05, 7.21414380678e-06, 9.33105093281e-06, 9.74779140961e-06, 5.05137450091e-06, 4.73296177006e-06, 5.78371509619e-06, 3.15668921758e-06, 1.90050570836e-06, 1.18162506624e-06, 1.03980528365e-06, 1.08744472982e-06, 9.08477204575e-07, 9.8393945791e-07, 9.06152195057e-07, 7.08058450982e-07],
        "dvar": [5.29758472112e-05, 0.00012765446445, 6.16087891103e-06, 7.20191977166e-08, 1.01428952348e-07, 1.95426508753e-07, 3.78074844321e-07, 4.34861568976e-08, 4.17658938545e-08, 2.66376396496e-08, 1.05395470129e-08, 2.44309603659e-08, 3.44742367986e-08, 1.68778218068e-08, 9.84153825101e-09, 6.42872777235e-09, 4.17816314879e-09, 3.47691875291e-09, 3.65893946253e-08, 8.08458811008e-09, 1.85292279298e-08, 3.50888473832e-09, 3.5301965795e-09, 6.94280677394e-09, 7.55660423124e-09, 3.7194039515e-10, 6.53774756554e-10, 7.74520059199e-10, 1.98277005925e-10, 1.76713102484e-10, 2.78738476744e-10, 7.66784760686e-11, 2.56800102016e-11, 7.71963135776e-12, 5.21971832076e-12, 6.57044861227e-12, 5.82908591187e-12, 9.62553214218e-12, 8.41270629548e-12, 3.51536551604e-12],
        "dvar2": [0.000118062453112, 0.000339021964464, 1.52522943608e-05, 1.88330048445e-07, 2.57431651107e-07, 5.30987051661e-07, 1.09020675154e-06, 1.18591252374e-07, 1.07088339973e-07, 6.00292082709e-08, 2.1360657243e-08, 4.76494399493e-08, 6.27201046655e-08, 3.00750535587e-08, 1.91463414012e-08, 1.37381030996e-08, 9.85723414004e-09, 6.64283650309e-09, 1.0249523541e-07, 2.14600763826e-08, 4.70749554893e-08, 7.61988783182e-09, 6.7133627546e-09, 1.62510005453e-08, 1.81872898963e-08, 6.29309049316e-10, 1.58153357077e-09, 1.84880533105e-09, 4.64357774455e-10, 4.23324986176e-10, 7.31291638356e-10, 1.8371704158e-10, 5.32975850953e-11, 1.5645049492e-11, 1.05088628771e-11, 1.46662768735e-11, 1.18546049713e-11, 2.08474175423e-11, 1.52545719112e-11, 5.84221386546e-12],
        "max": [0.0712993294001, 0.108204767108, 0.025676753372, 0.0037092086859, 0.0052828611806, 0.00743970973417, 0.00897157378495, 0.00417257659137, 0.0039109615609, 0.00582095887512, 0.00454152747989, 0.00813423655927, 0.00618854211643, 0.00976098515093, 0.00454321270809, 0.00352580985054, 0.00279084430076, 0.00180308904964, 0.00251778378151, 0.00113727187272, 0.00178718473762, 0.000772799132392, 0.000771197490394, 0.00108903984074, 0.00102096877526, 0.000217972861719, 0.000327749323333, 0.000496075721458, 0.000185606302693, 0.00017160877178, 0.000251299730735, 0.00014123179426, 8.37570478325e-05, 4.90947604703e-05, 5.69743751839e-05, 5.41445006093e-05, 8.01706555649e-05, 0.00010348802607, 0.000109792177682, 0.000104680249933],
        "mean": [0.00662290211767, 0.00437392992899, 0.000932383642066, 0.000185235898243, 0.000229792232858, 0.000252335332334, 0.000175951892743, 6.3638559368e-05, 7.61218470871e-05, 8.66483242135e-05, 4.10847424064e-05, 7.03302939655e-05, 0.000105162253021, 5.85250563745e-05, 2.67583018285e-05, 2.64121663349e-05, 1.93321502593e-05, 2.5676079531e-05, 3.14753378916e-05, 1.88436406461e-05, 2.70078489848e-05, 1.66781428561e-05, 1.78188784048e-05, 1.76744124474e-05, 1.61157877301e-05, 7.37690379538e-06, 7.29187422621e-06, 6.51647224004e-06, 4.09791346101e-06, 3.36684934155e-06, 3.33938510266e-06, 2.16876264858e-06, 1.66150755376e-06, 1.19292280942e-06, 1.00368777112e-06, 9.24788366774e-07, 8.55964970015e-07, 9.36244816785e-07, 9.00594784525e-07, 7.04965771092e-07],
        "median": [0.00222821300849, 0.00120470591355, 0.000125142454635, 7.94868392404e-05, 0.000100900986581, 6.18865451543e-05, 2.11451260839e-05, 8.80608786247e-06, 7.22079403204e-06, 5.85110865359e-06, 2.76721925729e-06, 4.15274189436e-06, 3.51352264261e-06, 1.60562217388e-06, 8.68734559845e-07, 1.00803913483e-06, 7.78053049544e-07, 9.9834176126e-07, 7.98709379524e-07, 6.00270311679e-07, 4.38771934341e-07, 3.69849658455e-07, 5.24484164544e-07, 5.08420839651e-07, 4.64534025468e-07, 3.47504965248e-07, 3.78827763825e-07, 3.38637562436e-07, 2.39799163637e-07, 2.38746821424e-07, 1.71205044808e-07, 1.28439381797e-07, 1.50847952796e-07, 2.03790150977e-07, 1.84306855999e-07, 1.50736354954e-07, 1.47781605619e-07, 1.48600321381e-07, 1.37659071697e-07, 1.29859927256e-07],
        "min": [1.04486599049e-24, 8.80758861944e-25, 1.02939169497e-24, 6.29734496522e-25, 3.38483155313e-25, 1.04803159069e-24, 1.33872643984e-24, 2.03847594087e-24, 2.62881033575e-24, 1.97650933905e-24, 2.49923539612e-24, 1.82019063422e-24, 2.36033276793e-24, 2.50491578628e-24, 1.97283561381e-24, 3.20580174006e-24, 1.9791017332e-24, 3.92174902067e-24, 3.41904030907e-24, 4.13064806585e-24, 4.13198755166e-24, 3.18057160173e-24, 3.34520016733e-24, 3.79307910171e-24, 5.01145031514e-24, 4.23705869664e-24, 4.70486504635e-24, 3.23510831712e-24, 4.03994759998e-24, 4.58838066179e-24, 4.14467637932e-24, 5.41951780622e-24, 4.9418676557e-24, 5.06263871042e-24, 5.16875115179e-24, 4.42249267976e-24, 5.26277035549e-24, 5.64111001779e-24, 6.1317408745e-24, 5.10584619992e-24],
        "var": [9.91312990664e-05, 0.000106892599433, 5.96160589339e-06, 8.90861997505e-08, 1.49747947376e-07, 2.68639212209e-07, 3.10410314341e-07, 5.19737071158e-08, 5.42123359537e-08, 8.47926813208e-08, 2.31808225948e-08, 5.02845196593e-08, 1.34784698957e-07, 1.08728606563e-07, 2.26333742859e-08, 1.496535873e-08, 5.60402169114e-09, 9.69320712585e-09, 2.39907915756e-08, 6.47545173038e-09, 1.56803707796e-08, 4.48069847891e-09, 5.22034460104e-09, 6.65776633824e-09, 6.77870914956e-09, 7.15168091414e-10, 7.65038754569e-10, 8.03899280477e-10, 2.48033732442e-10, 1.86338375285e-10, 2.37827646465e-10, 7.9556861099e-11, 3.53604506786e-11, 1.28390622786e-11, 9.53567259876e-12, 9.18464349714e-12, 1.06222452709e-11, 1.75715969553e-11, 2.0444396176e-11, 8.28649995843e-12]
    },
    "mfcc": {
        "mean": [-746.330200195, 106.674087524, 33.9722900391, 27.0046348572, 10.6369352341, 4.41547632217, 2.98134493828, 3.13774299622, -2.43305683136, -0.427385300398, -5.5284705162, -2.69716191292, 1.57326316833],
        "cov": [[12846.3671875, 439.908660889, -1848.04187012, -307.560882568, 126.593925476, 37.3370132446, 270.453430176, 348.362915039, 426.586669922, 254.021530151, 435.036682129, 153.448562622, 146.955200195], [439.908660889, 1453.32653809, 477.588226318, 29.3335094452, 165.821487427, 307.280944824, 360.500061035, 236.243789673, 134.282745361, 201.224029541, 125.635002136, 76.0152893066, 111.09324646], [-1848.04187012, 477.588226318, 1705.02832031, 762.010925293, 416.862548828, 294.752105713, 222.658584595, 196.265045166, 141.321228027, 99.6205978394, 57.5998153687, 154.307769775, 47.7436180115], [-307.560882568, 29.3335094452, 762.010925293, 1225.14648438, 538.882995605, 314.991027832, 107.5911026, 262.167175293, 246.516815186, 140.606201172, 108.332954407, 178.016723633, 85.5349197388], [126.593925476, 165.821487427, 416.862548828, 538.882995605, 598.315917969, 296.569549561, 188.344284058, 222.95954895, 244.752792358, 176.01902771, 112.027519226, 93.0493011475, 55.4168968201], [37.3370132446, 307.280944824, 294.752105713, 314.991027832, 296.569549561, 616.858154297, 419.421234131, 247.693206787, 147.742401123, 199.073532104, 128.230377197, 31.0355587006, 57.1334190369], [270.453430176, 360.500061035, 222.658584595, 107.5911026, 188.344284058, 419.421234131, 535.829956055, 301.782958984, 145.739990234, 180.496444702, 122.845924377, 16.4384784698, 44.845954895], [348.362915039, 236.243789673, 196.265045166, 262.167175293, 222.95954895, 247.693206787, 301.782958984, 366.327026367, 242.17175293, 146.536056519, 98.7342453003, 66.7034301758, 54.3526687622], [426.586669922, 134.282745361, 141.321228027, 246.516815186, 244.752792358, 147.742401123, 145.739990234, 242.17175293, 309.720031738, 155.931289673, 104.41506958, 70.6789932251, 38.6998062134], [254.021530151, 201.224029541, 99.6205978394, 140.606201172, 176.01902771, 199.073532104, 180.496444702, 146.536056519, 155.931289673, 222.505050659, 131.082397461, 50.6819534302, 54.0887794495], [435.036682129, 125.635002136, 57.5998153687, 108.332954407, 112.027519226, 128.230377197, 122.845924377, 98.7342453003, 104.41506958, 131.082397461, 196.525299072, 112.497619629, 45.5647583008], [153.448562622, 76.0152893066, 154.307769775, 178.016723633, 93.0493011475, 31.0355587006, 16.4384784698, 66.7034301758, 70.6789932251, 50.6819534302, 112.497619629, 185.960784912, 84.6966018677], [146.955200195, 111.09324646, 47.7436180115, 85.5349197388, 55.4168968201, 57.1334190369, 44.845954895, 54.3526687622, 38.6998062134, 54.0887794495, 45.5647583008, 84.6966018677, 150.716430664]],
