{
"lowlevel": {
    "average_loudness": 0.375351756811,
    "barkbands_crest": {
        "dmean": 2.41382956505,
        "dmean2": 3.84715104103,
        "dvar": 5.00270795822,
        "dvar2": 12.2672386169,
        "max": 25.8678798676,
        "mean": 10.5361442566,
        "median": 9.74016571045,
        "min": 2.37256360054,
        "var": 19.1306838989
    },
    "barkbands_flatness_db": {
        "dmean": 0.0193552039564,
        "dmean2": 0.0288779251277,
        "dvar": 0.000378262397135,
        "dvar2": 0.000797057815362,
        "max": 0.367997020483,
        "mean": 0.147511318326,
        "median": 0.13999658823,
        "min": 0.0328849218786,
        "var": 0.00244351127185
    },
    "barkbands_kurtosis": {
        "dmean": 2.9912314415,
        "dmean2": 4.65254545212,
        "dvar": 41.7132415771,
        "dvar2": 93.7216110229,
        "max": 266.640380859,
        "mean": 5.78371953964,
        "median": 1.48819637299,
        "min": -1.87533819675,
        "var": 210.220718384
    },
    "barkbands_skewness": {
        "dmean": 0.505455434322,
        "dmean2": 0.745204150677,
        "dvar": 0.306507140398,
        "dvar2": 0.648129343987,
        "max": 13.9219579697,
        "mean": 1.20222496986,
        "median": 0.923380494118,
        "min": -4.09272432327,
        "var": 2.82252621651
    },
    "barkbands_spread": {
        "dmean": 4.58900403976,
        "dmean2": 7.15412378311,
        "dvar": 32.6494979858,
        "dvar2": 74.9432983398,
        "max": 136.321075439,
        "mean": 18.310508728,
        "median": 17.267616272,
        "min": 0.704824924469,
        "var": 129.671356201
    },
    "dissonance": {
        "dmean": 0.0230319723487,
        "dmean2": 0.038981910795,
        "dvar": 0.000501612375956,
        "dvar2": 0.00139715743717,
        "max": 0.5,
        "mean": 0.455497354269,
        "median": 0.463972598314,
        "min": 0.22958996892,
        "var": 0.00113590655383
    },
    "dynamic_complexity": 4.82791566849,
    "erbbands_crest": {
        "dmean": 3.03855824471,
        "dmean2": 4.78048706055,
        "dvar": 8.51569747925,
        "dvar2": 19.7259407043,
        "max": 32.0429954529,
        "mean": 11.4795970917,
        "median": 10.1865444183,
        "min": 2.48036956787,
        "var": 33.7196350098
    },
    "erbbands_flatness_db": {
        "dmean": 0.0193187650293,
        "dmean2": 0.0270816981792,
        "dvar": 0.000354350020643,
        "dvar2": 0.000653436291032,
        "max": 0.356209009886,
        "mean": 0.178825646639,
        "median": 0.177920401096,
        "min": 0.0402159169316,
        "var": 0.00262404209934
    },
    "erbbands_kurtosis": {
        "dmean": 1.21784937382,
        "dmean2": 1.88893771172,
        "dvar": 2.71084475517,
        "dvar2": 6.0413813591,
        "max": 53.693649292,
        "mean": 1.5537481308,
        "median": 0.542232632637,
        "min": -1.81207561493,
        "var": 9.75047302246
    },
    "erbbands_skewness": {
        "dmean": 0.394019067287,
        "dmean2": 0.604295730591,
        "dvar": 0.137444928288,
        "dvar2": 0.312680631876,
        "max": 6.66797637939,
        "mean": 0.449346125126,
        "median": 0.362855195999,
        "min": -2.41897463799,
        "var": 0.797074794769
    },
    "erbbands_spread": {
        "dmean": 7.94913291931,
        "dmean2": 11.9171648026,
        "dvar": 127.470977783,
        "dvar2": 287.607818604,
        "max": 165.50479126,
        "mean": 29.9825782776,
        "median": 25.6531524658,
        "min": 1.99558722973,
        "var": 364.32522583
    },
    "hfc": {
        "dmean": 4.32960939407,
        "dmean2": 5.851126194,
        "dvar": 51.0471954346,
        "dvar2": 87.3829193115,
        "max": 191.53855896,
        "mean": 17.5283088684,
        "median": 8.47157669067,
        "min": 1.0917187958e-16,
        "var": 493.882354736
    },
    "melbands_crest": {
        "dmean": 3.11346912384,
        "dmean2": 4.95063114166,
        "dvar": 8.06836414337,
        "dvar2": 19.5831546783,
        "max": 32.0975265503,
        "mean": 14.4179763794,
        "median": 13.408082962,
        "min": 1.55074214935,
        "var": 37.3155517578
    },
    "melbands_flatness_db": {
        "dmean": 0.0229015238583,
        "dmean2": 0.033766888082,
        "dvar": 0.000594959768932,
        "dvar2": 0.00125286600087,
        "max": 0.502257406712,
        "mean": 0.211026459932,
        "median": 0.201607853174,
        "min": 0.0032083876431,
        "var": 0.0050971377641
    },
    "melbands_kurtosis": {
        "dmean": 6.71387720108,
        "dmean2": 10.5300369263,
        "dvar": 253.350769043,
        "dvar2": 609.788879395,
        "max": 753.137756348,
        "mean": 13.4520559311,
        "median": 3.6273419857,
        "min": -1.71001601219,
        "var": 1021.6887207
    },
    "melbands_skewness": {
        "dmean": 0.696888446808,
        "dmean2": 1.03688597679,
        "dvar": 0.713755548,
        "dvar2": 1.54365849495,
        "max": 20.4469051361,
        "mean": 2.03207707405,
        "median": 1.56112265587,
        "min": -2.53283596039,
        "var": 4.45550918579
    },
    "melbands_spread": {
        "dmean": 6.09258127213,
        "dmean2": 9.29033565521,
        "dvar": 53.1328887939,
        "dvar2": 124.191596985,
        "max": 163.786758423,
        "mean": 25.8718471527,
        "median": 22.5959739685,
        "min": 0.461103051901,
        "var": 461.294036865
    },
    "pitch_salience": {
        "dmean": 0.0652618035674,
        "dmean2": 0.104350484908,
        "dvar": 0.00348574551754,
        "dvar2": 0.0087919048965,
        "max": 0.952567517757,
        "mean": 0.527414739132,
        "median": 0.530331611633,
        "min": 0.0834260359406,
        "var": 0.0143127916381
    },
    "silence_rate_20dB": {
        "dmean": 0,
        "dmean2": 0,
        "dvar": 0,
        "dvar2": 0,
        "max": 1,
        "mean": 1,
        "median": 1,
        "min": 1,
        "var": 0
    },
    "silence_rate_30dB": {
        "dmean": 0.00149876892101,
        "dmean2": 0.00299785868265,
        "dvar": 0.00149643910117,
        "dvar2": 0.00341721205041,
        "max": 1,
        "mean": 0.997538030148,
        "median": 1,
        "min": 0,
        "var": 0.00245588389225
    },
    "silence_rate_60dB": {
        "dmean": 0.0432501882315,
        "dmean2": 0.0865096375346,
        "dvar": 0.0413780175149,
        "dvar2": 0.0923085808754,
        "max": 1,
        "mean": 0.112181544304,
        "median": 0,
        "min": 0,
        "var": 0.0995896235108
    },
    "spectral_centroid": {
        "dmean": 202.069107056,
        "dmean2": 303.303192139,
        "dvar": 62866.9296875,
        "dvar2": 134160.984375,
        "max": 11784.6484375,
        "mean": 1424.05712891,
        "median": 1269.60864258,
        "min": 150.678894043,
        "var": 2047668.375
    },
    "spectral_complexity": {
        "dmean": 2.3382935524,
        "dmean2": 3.54668092728,
        "dvar": 6.80797338486,
        "dvar2": 14.1248140335,
        "max": 52,
        "mean": 13.6542491913,
        "median": 12,
        "min": 0,
        "var": 72.5030670166
    },
    "spectral_decrease": {
        "dmean": 1.23555188303e-09,
        "dmean2": 1.7584648182e-09,
        "dvar": 2.83436683575e-18,
        "dvar2": 5.69436427637e-18,
        "max": 3.18209785036e-24,
        "mean": -4.57122251163e-09,
        "median": -3.31152705257e-09,
        "min": -3.77648312622e-08,
        "var": 1.78542716598e-17
    },
    "spectral_energy": {
        "dmean": 0.00499051995575,
        "dmean2": 0.00706283701584,
        "dvar": 4.63107608084e-05,
        "dvar2": 9.15859127417e-05,
        "max": 0.158947393298,
        "mean": 0.0188427381217,
        "median": 0.0133291427046,
        "min": 1.00272651389e-20,
        "var": 0.000314303993946
    },
    "spectral_energyband_high": {
        "dmean": 0.000129883628688,
        "dmean2": 0.000188448873814,
        "dvar": 6.17752462517e-08,
        "dvar2": 1.29285467665e-07,
        "max": 0.00532970111817,
        "mean": 0.000280844833469,
        "median": 0.000112695910502,
        "min": 7.1252627107e-21,
        "var": 1.88238772125e-07
    },
    "spectral_energyband_low": {
        "dmean": 0.00200417544693,
        "dmean2": 0.00299618951976,
        "dvar": 1.22328783618e-05,
        "dvar2": 2.63878209807e-05,
        "max": 0.0662386268377,
        "mean": 0.00459081912413,
        "median": 0.00286029581912,
        "min": 1.51794903079e-23,
        "var": 3.25139044435e-05
    },
    "spectral_energyband_middle_high": {
        "dmean": 0.00249666115269,
        "dmean2": 0.0034593634773,
        "dvar": 2.4842842322e-05,
        "dvar2": 4.53009743069e-05,
        "max": 0.127861127257,
        "mean": 0.00875579100102,
        "median": 0.00225608167239,
        "min": 1.00352830959e-21,
        "var": 0.000195553802769
    },
    "spectral_energyband_middle_low": {
        "dmean": 0.00229278160259,
        "dmean2": 0.00346276559867,
        "dvar": 1.62278247444e-05,
        "dvar2": 3.84894628951e-05,
        "max": 0.0718775615096,
        "mean": 0.00578511180356,
        "median": 0.00352095859125,
        "min": 1.48932331958e-22,
        "var": 4.29469437222e-05
    },
    "spectral_entropy": {
        "dmean": 0.174988314509,
        "dmean2": 0.250311404467,
        "dvar": 0.0403207503259,
        "dvar2": 0.0850016474724,
        "max": 9.82453250885,
        "mean": 7.37009000778,
        "median": 7.36626195908,
        "min": 5.75636672974,
        "var": 0.294426143169
    },
    "spectral_flux": {
        "dmean": 0.020823976025,
        "dmean2": 0.0333377830684,
        "dvar": 0.000573933008127,
        "dvar2": 0.00142769562081,
        "max": 0.360536336899,
        "mean": 0.0677607804537,
        "median": 0.0568350106478,
        "min": 6.35130489868e-11,
        "var": 0.00224888208322
    },
    "spectral_kurtosis": {
        "dmean": 1.82360446453,
        "dmean2": 3.00462293625,
        "dvar": 3.19487476349,
        "dvar2": 8.50315189362,
        "max": 32.0657691956,
        "mean": 5.45463657379,
        "median": 5.14611339569,
        "min": -1.26643371582,
        "var": 8.83283042908
    },
    "spectral_rms": {
        "dmean": 0.000554710451979,
        "dmean2": 0.000773597799707,
        "dvar": 3.82162511414e-07,
        "dvar2": 7.2445754995e-07,
        "max": 0.0124527355656,
        "mean": 0.00382152269594,
        "median": 0.00360611174256,
        "min": 3.12773049647e-12,
        "var": 3.7791894556e-06
    },
    "spectral_rolloff": {
        "dmean": 313.512634277,
        "dmean2": 523.872924805,
        "dvar": 395086.78125,
        "dvar2": 973527.875,
        "max": 19616.7480469,
        "mean": 1608.71459961,
        "median": 1227.39257812,
        "min": 107.666015625,
        "var": 6624609
    },
    "spectral_skewness": {
        "dmean": 0.231923773885,
        "dmean2": 0.372648030519,
        "dvar": 0.0588947683573,
        "dvar2": 0.143695265055,
        "max": 4.83798313141,
        "mean": 1.68723511696,
        "median": 1.6627805233,
        "min": -0.0789358094335,
        "var": 0.236899614334
    },
    "spectral_spread": {
        "dmean": 570106.1875,
        "dmean2": 831740.1875,
        "dvar": 823967612928,
        "dvar2": 1.74879224627e+12,
        "max": 43190256,
        "mean": 4745803,
        "median": 3735987.75,
        "min": 1884620.75,
        "var": 2.5779144491e+13
    },
    "spectral_strongpeak": {
        "dmean": 0.702299952507,
        "dmean2": 1.13408434391,
        "dvar": 1.333974123,
        "dvar2": 3.09581375122,
        "max": 18.1229324341,
        "mean": 1.55392694473,
        "median": 0.449325859547,
        "min": 0,
        "var": 4.99617147446
    },
    "zerocrossingrate": {
        "dmean": 0.00715589988977,
        "dmean2": 0.00869020354003,
        "dvar": 7.12159016985e-05,
        "dvar2": 0.000100396027847,
        "max": 0.52587890625,
        "mean": 0.0590194165707,
        "median": 0.05029296875,
        "min": 0.00390625,
        "var": 0.00440103979781
    },
    "barkbands": {
        "dmean": [1.47621649376e-05, 0.000851216027513, 0.00120965705719, 0.000567573937587, 0.000891262781806, 0.000288876472041, 0.000413313449826, 0.000448806211352, 0.000671081186738, 0.00085073907394, 0.000908213725779, 0.000655701674987, 0.000488934165332, 0.000598511367571, 0.000551232835278, 0.000338150130119, 0.00012664476526, 0.000151802349137, 0.000150614549057, 8.92367243068e-05, 3.81087811547e-05, 1.99697042262e-05, 2.08822166314e-05, 1.70064195117e-05, 1.28320043586e-05, 2.92491949949e-06, 2.3425579343e-07],
        "dmean2": [2.45430255745e-05, 0.00134762818925, 0.00180122407619, 0.000974895199761, 0.00137103942689, 0.000443757628091, 0.000642469094601, 0.000697168929037, 0.00105462374631, 0.00131971633527, 0.0013304927852, 0.000933041330427, 0.000748667574953, 0.000916072283871, 0.000838545674924, 0.000489443656988, 0.000191184590221, 0.000231990474276, 0.000226504955208, 0.000134167494252, 5.79966472287e-05, 2.95554673357e-05, 3.19157843478e-05, 2.48964643106e-05, 1.88482536032e-05, 4.23090978074e-06, 3.80845420977e-07],
        "dvar": [8.55828574675e-10, 2.71420572062e-06, 4.95020276503e-06, 1.69939983152e-06, 4.31076659879e-06, 7.85107658885e-07, 8.2503026988e-07, 1.27676037209e-06, 3.39779535352e-06, 8.76447938936e-06, 1.14975009637e-05, 5.85174211665e-06, 3.7376526052e-06, 2.86141994366e-06, 2.62821549768e-06, 1.49581342157e-06, 3.09810957333e-07, 1.64420114857e-07, 1.6651243584e-07, 4.49768720046e-08, 8.66284022294e-09, 2.22196505639e-09, 1.8445981409e-09, 1.58302027042e-09, 1.28270194466e-09, 8.7477754207e-11, 5.98860696276e-13],
        "dvar2": [2.03742911431e-09, 6.42503573545e-06, 1.04796663436e-05, 4.67930567538e-06, 1.03716683952e-05, 1.71742283328e-06, 1.69946883943e-06, 2.98793702314e-06, 7.74152158556e-06, 1.94194890355e-05, 2.04987463803e-05, 1.0761554222e-05, 7.82448023529e-06, 6.02349973633e-06, 6.09451672062e-06, 2.80874974123e-06, 6.09388393968e-07, 3.7066061509e-07, 3.43538630432e-07, 9.78194663048e-08, 2.00521768079e-08, 4.91428009397e-09, 4.27527968583e-09, 3.32643423917e-09, 2.70658095936e-09, 2.09179840116e-10, 1.36517598441e-12],
        "max": [0.00112569192424, 0.0274839513004, 0.0495333746076, 0.0244087669998, 0.0399318262935, 0.0439767874777, 0.0385994501412, 0.0445021353662, 0.0458838045597, 0.093304425478, 0.0881781503558, 0.0982333868742, 0.111748836935, 0.056853312999, 0.0458075404167, 0.0494822338223, 0.0223010331392, 0.0139391506091, 0.0155368680134, 0.00475667743012, 0.00486526312307, 0.00142193154898, 0.0012376253726, 0.00130222376902, 0.000782541930676, 0.000466645375127, 3.46171218553e-05],
        "mean": [2.42475707637e-05, 0.00156976014841, 0.00251123425551, 0.000893988588359, 0.00143170857336, 0.000603943946771, 0.000764208904002, 0.000859011488501, 0.00104193901643, 0.00131578312721, 0.00172623037361, 0.00133098231163, 0.000966587220319, 0.00101744022686, 0.000946478801779, 0.00060925463913, 0.000237864180235, 0.000286942406092, 0.000319498416502, 0.000190718041267, 7.2834212915e-05, 3.45497173839e-05, 3.61165657523e-05, 2.89614363282e-05, 1.79646103788e-05, 4.20799597123e-06, 2.82820451503e-07],
        "median": [1.87269160961e-05, 0.00081748876255, 0.00110057170969, 0.000407537678257, 0.00066020374652, 0.000273431884125, 0.000260821107076, 0.000184633798199, 0.000125497521367, 0.000110109787784, 5.74347868678e-05, 9.54115384957e-05, 8.08305921964e-05, 0.000146507256432, 9.80856566457e-05, 8.13195365481e-05, 5.11396501679e-05, 8.97149147931e-05, 7.77173263486e-05, 5.44768918189e-05, 2.35322222579e-05, 7.88918987382e-06, 1.28178016894e-05, 1.12975303637e-05, 4.26170663559e-06, 1.22251628909e-06, 1.02529362778e-07],
        "min": [4.65132900102e-25, 1.50480315685e-24, 1.76262863726e-24, 4.79480998069e-25, 4.69514312456e-24, 1.03851368805e-23, 1.03959939731e-23, 4.39140485477e-24, 6.63300912608e-24, 1.79593446301e-23, 1.30617119552e-23, 2.63657714468e-23, 1.76230611148e-23, 2.9532153413e-23, 3.47927133802e-23, 4.62039303176e-23, 7.17042124885e-23, 9.2031649714e-23, 1.11872403937e-22, 1.39135929071e-22, 2.0165472091e-22, 2.80144348873e-22, 4.15818125204e-22, 5.67272073133e-22, 8.11583835337e-22, 1.26293000904e-21, 1.83762050488e-21],
        "var": [9.98563343124e-10, 4.69471888209e-06, 1.5974528651e-05, 2.18643799599e-06, 5.81689164392e-06, 1.83163876954e-06, 3.45320245287e-06, 5.39078882866e-06, 7.57310908739e-06, 1.74093984242e-05, 4.46933991043e-05, 2.17775304918e-05, 1.58881284733e-05, 7.37352820579e-06, 7.05308457327e-06, 3.98402062274e-06, 8.19651859274e-07, 3.58555638513e-07, 5.7297921785e-07, 1.43123500607e-07, 2.14660804687e-08, 4.68329153236e-09, 3.74362585376e-09, 2.91024337962e-09, 2.08746664399e-09, 1.12264912644e-10, 7.74813535814e-13]
    },
    "erbbands": {
        "dmean": [0.0133518222719, 0.243112176657, 1.27501392365, 1.56216001511, 2.97831559181, 2.75198435783, 1.44446361065, 3.05560445786, 5.69965553284, 6.8851890564, 9.72516345978, 15.6103601456, 18.6870193481, 33.6466941833, 35.8331069946, 22.1081409454, 21.2093544006, 23.1352653503, 31.1365718842, 19.3899536133, 15.5984153748, 6.80779123306, 6.08646631241, 8.48674488068, 6.22795677185, 4.42238235474, 2.19641160965, 0.940982222557, 0.698670446873, 0.677214980125, 0.601515710354, 0.365670800209, 0.291202604771, 0.177894860506, 0.0729191601276, 0.0198316127062, 0.00421510636806, 0.000612245814409, 3.827884575e-05, 6.72185706208e-06],
        "dmean2": [0.0216703638434, 0.380049228668, 1.8598716259, 2.59388279915, 4.72952651978, 4.29123449326, 2.24651908875, 4.70698404312, 8.79792690277, 10.6644363403, 14.6963815689, 24.6717967987, 28.1065502167, 49.4802703857, 49.9476051331, 30.8520107269, 31.4465579987, 34.3267822266, 45.8666687012, 29.1770210266, 22.5615940094, 9.63136768341, 8.83833026886, 12.4674329758, 9.16062831879, 6.58547592163, 3.30836319923, 1.43848121166, 1.03448796272, 1.02063107491, 0.915592491627, 0.547488510609, 0.42935821414, 0.258722811937, 0.110270932317, 0.0293835029006, 0.00601427210495, 0.000860025756992, 6.19342245045e-05, 9.75411785475e-06],
        "dvar": [0.00120921712369, 0.197863504291, 5.33920001984, 9.64892292023, 77.2664489746, 27.0903263092, 12.701997757, 89.0595855713, 177.494934082, 272.235961914, 564.979736328, 2116.76733398, 4202.84033203, 13259.0390625, 16340.2138672, 6532.27392578, 7489.13232422, 5159.77978516, 6875.05615234, 5337.07666016, 3178.75219727, 717.965454102, 293.48526001, 558.433105469, 288.648864746, 119.719024658, 28.5065841675, 4.62401676178, 3.01746225357, 2.03714323044, 1.64898312092, 0.61028689146, 0.589407980442, 0.278306514025, 0.0407643057406, 0.00441245734692, 0.000132892673719, 3.24059874401e-06, 1.65791469442e-08, 8.16023915107e-11],
        "dvar2": [0.00302368053235, 0.457392752171, 10.462269783, 26.0930595398, 198.547729492, 63.5882568359, 25.8368206024, 206.504364014, 354.351348877, 651.451599121, 1213.3494873, 4779.79296875, 9561.79003906, 27819.8007812, 29079.921875, 12035.0585938, 16528.4160156, 10823.5996094, 14470.4755859, 11344.2861328, 6659.21875, 1329.45861816, 568.411560059, 1123.12609863, 634.5546875, 257.72277832, 61.938873291, 10.8885555267, 6.84766578674, 4.67645931244, 3.82348966599, 1.36307454109, 1.23945951462, 0.587722122669, 0.0890813991427, 0.0109324939549, 0.000266800343525, 6.18616422798e-06, 3.8811744929e-08, 1.71451353115e-10],
        "max": [0.601576447487, 7.51944446564, 55.8011360168, 66.1099624634, 145.34312439, 103.899276733, 219.928085327, 395.432830811, 570.658752441, 566.135986328, 821.449584961, 1186.15966797, 1913.30358887, 3165.9621582, 3877.68725586, 4431.7421875, 6018.45605469, 2761.41674805, 2152.36352539, 2841.60327148, 2919.40234375, 1293.49157715, 804.397888184, 1118.14807129, 612.440307617, 313.664459229, 276.501556396, 66.5093841553, 60.0003547668, 36.130645752, 39.0161209106, 18.6270294189, 26.340511322, 13.6731204987, 5.84578323364, 3.45705318451, 0.48966550827, 0.0825390517712, 0.00726962788031, 0.000200524693355],
        "mean": [0.0192000996321, 0.476166665554, 2.74141097069, 2.95144796371, 4.23036193848, 4.59146308899, 3.04443955421, 6.36354112625, 11.1293306351, 13.7581214905, 17.968038559, 24.3804149628, 28.1562995911, 54.1433830261, 84.0246505737, 46.8803062439, 44.4129295349, 46.4791641235, 62.4277305603, 35.904384613, 29.9919624329, 14.7162761688, 13.3829908371, 18.239068985, 14.4174089432, 9.54784965515, 4.64632749557, 1.80612897873, 1.22807085514, 1.2044043541, 1.0085041523, 0.633032560349, 0.476269751787, 0.260094314814, 0.0948082283139, 0.0261043105274, 0.00650751311332, 0.00101577932946, 5.31530859007e-05, 2.46596355282e-05],
        "median": [0.00894287321717, 0.254442542791, 1.2333381176, 1.72059774399, 1.83384490013, 2.12500810623, 1.87139487267, 2.67193031311, 4.36617040634, 3.67409086227, 4.63119935989, 3.63808584213, 4.04695177078, 5.8079366684, 4.82008457184, 5.28549098969, 5.56678247452, 7.94835329056, 9.2442855835, 6.37324237823, 4.85975551605, 3.57322669029, 4.74774456024, 5.21992397308, 3.82552146912, 2.72078371048, 1.41930031776, 0.650376558304, 0.285460710526, 0.33777269721, 0.378273040056, 0.258075386286, 0.170216053724, 0.0663219839334, 0.0206864960492, 0.0064350515604, 0.00208458513953, 0.000388585613109, 2.60012202489e-05, 1.76000467036e-05],
        "min": [6.11386639079e-23, 1.8234454191e-22, 1.56266292277e-21, 4.64134151709e-21, 1.10974268252e-20, 1.43984356547e-20, 3.73415824135e-20, 8.42419153517e-20, 9.73896280708e-20, 8.48239015361e-20, 2.30399139658e-19, 1.99739108643e-19, 5.31059620932e-19, 6.31380137322e-19, 8.00770286558e-19, 1.476688413e-18, 1.00455429547e-18, 1.65218429253e-18, 2.32342171408e-18, 2.49295176023e-18, 3.04205720511e-18, 4.00094647788e-18, 4.93367616377e-18, 6.16684115687e-18, 4.90852449648e-18, 6.69349092286e-18, 7.43869297362e-18, 8.7295430611e-18, 1.02640640134e-17, 1.10985370503e-17, 1.11051917183e-17, 1.06637543767e-17, 9.5110649582e-18, 7.69209644556e-18, 5.66958690831e-18, 4.20498422444e-18, 2.22163465816e-18, 9.05274734184e-19, 2.45168423646e-19, 2.73636096459e-20],
        "var": [0.00126382068265, 0.396018266678, 18.705532074, 14.8465614319, 75.1845550537, 50.9595756531, 25.2069358826, 196.230331421, 814.773254395, 1052.81774902, 1829.77111816, 4378.58398438, 7059.43017578, 25470.0976562, 86735.46875, 21359.4160156, 29260.2246094, 18951.3515625, 25016.2128906, 13274.5244141, 8575.14550781, 2443.40039062, 841.423034668, 1883.90625, 1034.14782715, 369.03414917, 85.0813674927, 9.86081600189, 6.01428937912, 4.75157260895, 3.07601356506, 1.16738891602, 1.00039339066, 0.443656355143, 0.0621856786311, 0.00499262334779, 0.000241807632847, 6.28262614555e-06, 1.98686063158e-08, 5.12159648025e-10]
    },
    "gfcc": {
        "mean": [-65.2085189819, 100.020568848, -119.915542603, 29.2831535339, -48.3664512634, 15.2519655228, -35.5056533813, 7.8632311821, -25.2928314209, 0.206878617406, -12.7726869583, -9.77247810364, -14.1731843948],
        "cov": [[30900.1269531, 2257.86499023, -4293.08203125, 675.893005371, -1004.33978271, 526.562255859, -690.869018555, 226.287414551, -671.422607422, -175.179428101, -186.05430603, -345.858612061, -193.671600342], [2257.86499023, 868.514221191, -82.7542877197, -68.8730392456, -17.183681488, -105.386962891, 0.146303609014, 14.6868391037, 8.85436058044, -0.429787456989, 6.93608856201, -89.5486526489, -40.2366905212], [-4293.08203125, -82.7542877197, 1588.18249512, 53.3404464722, -20.6818466187, -93.8750686646, -48.0212974548, -82.9724121094, 120.20905304, 113.341171265, -58.4323616028, 88.5496292114, -36.608253479], [675.893005371, -68.8730392456, 53.3404464722, 251.482635498, -8.21660137177, 25.3992519379, -68.1027145386, -3.77130889893, 7.28949832916, -7.31529092789, -24.376871109, 19.001449585, -8.70589447021], [-1004.33978271, -17.183681488, -20.6818466187, -8.21660137177, 263.664245605, 28.810382843, 83.7690429688, -27.521364212, 12.8252925873, -12.082159996, 34.496635437, -5.94116163254, 28.2353134155], [526.562255859, -105.386962891, -93.8750686646, 25.3992519379, 28.810382843, 249.728271484, 49.1338500977, -59.5292854309, -78.5862045288, 10.1587228775, 5.65735816956, -3.29482913017, 12.9943580627], [-690.869018555, 0.146303609014, -48.0212974548, -68.1027145386, 83.7690429688, 49.1338500977, 206.9740448, 21.3692417145, 0.422652333975, -19.6864719391, 43.4709091187, -20.6224803925, 7.45934104919], [226.287414551, 14.6868391037, -82.9724121094, -3.77130889893, -27.521364212, -59.5292854309, 21.3692417145, 192.740432739, 75.4256362915, -39.3640785217, -16.2476615906, -16.1182975769, -8.56092453003], [-671.422607422, 8.85436058044, 120.20905304, 7.28949832916, 12.8252925873, -78.5862045288, 0.422652333975, 75.4256362915, 162.477645874, 17.0708694458, -8.21330070496, -13.1762981415, -21.5702953339], [-175.179428101, -0.429787456989, 113.341171265, -7.31529092789, -12.082159996, 10.1587228775, -19.6864719391, -39.3640785217, 17.0708694458, 115.741729736, 23.0231838226, -9.63902568817, -29.4748783112], [-186.05430603, 6.93608856201, -58.4323616028, -24.376871109, 34.496635437, 5.65735816956, 43.4709091187, -16.2476615906, -8.21330070496, 23.0231838226, 122.838119507, 19.8744430542, -12.6340560913], [-345.858612061, -89.5486526489, 88.5496292114, 19.001449585, -5.94116163254, -3.29482913017, -20.6224803925, -16.1182975769, -13.1762981415, -9.63902568817, 19.8744430542, 102.922683716, 32.5152397156], [-193.671600342, -40.2366905212, -36.608253479, -8.70589447021, 28.2353134155, 12.9943580627, 7.45934104919, -8.56092453003, -21.5702953339, -29.4748783112, -12.6340560913, 32.5152397156, 94.0070114136]],
        "icov": [[0.000246782117756, -0.000718093593605, 0.000644966086838, -0.000731641775928, 0.000658382661641, -0.000630280061159, 0.00050143833505, -0.000361973274266, 0.000499941117596, -0.000297813530779, 0.000373126909835, -0.000309590745019, 0.000379653210985], [-0.000718093593605, 0.00347722135484, -0.00187579065096, 0.00234261457808, -0.00185136182699, 0.00249607558362, -0.00137971807271, 0.0011843246175, -0.00119889574125, 0.00105772435199, -0.00139464798849, 0.00219600345008, -0.000966689665802], [0.000644966086838, -0.00187579065096, 0.00259044906124, -0.00203454936855, 0.00172956159804, -0.00131265609525, 0.000902981148101, -0.000307836424327, 0.000614844844677, -0.00161666062195, 0.00195889477618, -0.0020576834213, 0.00151768489741], [-0.000731641775928, 0.00234261457808, -0.00203454936855, 0.00702183740214, -0.0024162682239, 0.000760634138715, 0.00045736701577, 0.000919690297451, -0.00205115205608, 0.0018668154953, -0.000738461327273, 0.000221647351282, -3.98235097236e-05], [0.000658382661641, -0.00185136182699, 0.00172956159804, -0.0024162682239, 0.00676613999531, -0.00182579178363, -0.000454249500763, 0.000513754086569, -0.000108645719592, -1.69415834534e-05, -0.000257015955867, 0.000170319457538, -0.000806989497505], [-0.000630280061159, 0.00249607558362, -0.00131265609525, 0.000760634138715, -0.00182579178363, 0.00760520901531, -0.00330363959074, 0.00189543445595, 0.00116968306247, -0.000726909725927, -9.83517820714e-05, 0.00128112512175, -0.00115483696572], [0.00050143833505, -0.00137971807271, 0.000902981148101, 0.00045736701577, -0.000454249500763, -0.00330363959074, 0.00878140516579, -0.00222268071957, 0.000814272265416, 0.00140348437708, -0.00216816156171, 0.00144098664168, 0.000367474742234], [-0.000361973274266, 0.0011843246175, -0.000307836424327, 0.000919690297451, 0.000513754086569, 0.00189543445595, -0.00222268071957, 0.00892873574048, -0.00491191912442, 0.00309591623954, 0.000146781007061, 0.00059913151199, -4.42256932729e-05], [0.000499941117596, -0.00119889574125, 0.000614844844677, -0.00205115205608, -0.000108645719592, 0.00116968306247, 0.000814272265416, -0.00491191912442, 0.0114045888186, -0.00310861412436, 0.00120540487114, 0.00033840778633, 0.00161243311595], [-0.000297813530779, 0.00105772435199, -0.00161666062195, 0.0018668154953, -1.69415834534e-05, -0.000726909725927, 0.00140348437708, 0.00309591623954, -0.00310861412436, 0.013116796501, -0.00391698721796, 0.00280066207051, 0.00156286230776], [0.000373126909835, -0.00139464798849, 0.00195889477618, -0.000738461327273, -0.000257015955867, -9.83517820714e-05, -0.00216816156171, 0.000146781007061, 0.00120540487114, -0.00391698721796, 0.0125887086615, -0.00581120373681, 0.00389271765016], [-0.000309590745019, 0.00219600345008, -0.0020576834213, 0.000221647351282, 0.000170319457538, 0.00128112512175, 0.00144098664168, 0.00059913151199, 0.00033840778633, 0.00280066207051, -0.00581120373681, 0.0161260031164, -0.00616959203035], [0.000379653210985, -0.000966689665802, 0.00151768489741, -3.98235097236e-05, -0.000806989497505, -0.00115483696572, 0.000367474742234, -4.42256932729e-05, 0.00161243311595, 0.00156286230776, 0.00389271765016, -0.00616959203035, 0.0154791576788]]
    },
    "melbands": {
        "dmean": [0.000175343884621, 0.000535034458153, 0.000297679449432, 0.000228543998674, 5.64236361242e-05, 6.5144362452e-05, 8.5462052084e-05, 8.18960470497e-05, 8.18356056698e-05, 0.000100519850093, 9.84664147836e-05, 0.000138499264722, 0.000128666419187, 7.96167878434e-05, 5.48543430341e-05, 4.59782568214e-05, 4.68031976197e-05, 5.76463826292e-05, 3.54591429641e-05, 2.61549776042e-05, 1.85642093129e-05, 7.95887990535e-06, 6.0717420638e-06, 7.86362670624e-06, 7.81313337939e-06, 6.43327575744e-06, 3.66224799109e-06, 3.12063639285e-06, 1.70837915903e-06, 8.7929674919e-07, 5.18126910265e-07, 4.01333153377e-07, 4.20399317136e-07, 3.8903064592e-07, 3.91360032381e-07, 2.6861661695e-07, 2.25895121275e-07, 2.19770598164e-07, 1.87233695215e-07, 1.4459648412e-07],
        "dmean2": [0.000280343519989, 0.000788305420429, 0.000489818863571, 0.000351623195456, 8.95698321983e-05, 0.000100047807791, 0.0001313934481, 0.000127296691062, 0.000124645855976, 0.000158128372277, 0.000148598192027, 0.000206526718102, 0.000179939015652, 0.000109496824734, 7.79006077209e-05, 6.99696975062e-05, 7.00694072293e-05, 8.52189987199e-05, 5.27009797224e-05, 3.80015590054e-05, 2.71541885013e-05, 1.1742247807e-05, 8.86409452505e-06, 1.19050137073e-05, 1.16455257739e-05, 9.55563791649e-06, 5.51721177544e-06, 4.72123338113e-06, 2.62075309365e-06, 1.35223501729e-06, 8.16559975192e-07, 6.0561887949e-07, 6.38758706373e-07, 5.98572114541e-07, 6.05081197591e-07, 4.11415385315e-07, 3.45097731724e-07, 3.33046017431e-07, 2.74704945014e-07, 2.13727062714e-07],
        "dvar": [1.48322570226e-07, 8.83138000063e-07, 3.91529738408e-07, 2.87629887907e-07, 1.50081582717e-08, 3.94342833943e-08, 3.79804028228e-08, 3.88266130358e-08, 3.97128090412e-08, 8.59242064166e-08, 1.17741095096e-07, 2.33973707964e-07, 2.19281446334e-07, 7.32646654455e-08, 4.80329589436e-08, 3.26977627196e-08, 2.04165822026e-08, 2.43596378624e-08, 1.33741790975e-08, 1.13242304423e-08, 5.70822233925e-09, 1.2813904382e-09, 4.67139715798e-10, 4.48630521621e-10, 5.53625312261e-10, 3.26886712143e-10, 1.01645039607e-10, 6.58870666359e-11, 2.14442352764e-11, 5.08804890581e-12, 1.49853285163e-12, 1.26191169059e-12, 8.80769686785e-13, 6.59363134838e-13, 7.1833820359e-13, 3.48105767302e-13, 2.35745776199e-13, 3.1033113362e-13, 3.37958339699e-13, 1.86529136863e-13],
        "dvar2": [3.58322694183e-07, 1.79600715455e-06, 1.04165906123e-06, 6.95140727203e-07, 3.29030598323e-08, 8.88643754138e-08, 7.53950075705e-08, 9.37580892924e-08, 8.60919797674e-08, 1.95143257997e-07, 2.68583221441e-07, 4.92044762268e-07, 3.81235651048e-07, 1.29290526729e-07, 7.7915764507e-08, 7.43059800357e-08, 4.12442062725e-08, 4.97779950592e-08, 2.9863937101e-08, 2.34129089449e-08, 1.2804620475e-08, 2.48445908291e-09, 8.04759370254e-10, 9.71364544355e-10, 1.12871745284e-09, 7.00045521551e-10, 2.16018411492e-10, 1.44596487561e-10, 4.58325738473e-11, 1.19285232733e-11, 3.7016353524e-12, 3.04216222526e-12, 1.93167920895e-12, 1.56185860686e-12, 1.69808383934e-12, 8.01544811427e-13, 5.37551665507e-13, 6.76225134916e-13, 7.4318611161e-13, 3.94862799142e-13],
        "max": [0.00679743196815, 0.021370979026, 0.0097127687186, 0.0101383049041, 0.0067407861352, 0.00960407126695, 0.00858277454972, 0.00714574940503, 0.00587826501578, 0.00701613351703, 0.0109013020992, 0.0134837692603, 0.0146566517651, 0.0087865171954, 0.0130748152733, 0.00930171273649, 0.00459349434823, 0.00480526359752, 0.00448771612719, 0.00499963294715, 0.00384405581281, 0.00144202006049, 0.00108541699592, 0.000993066816591, 0.00117343792226, 0.000485940021463, 0.000387102132663, 0.00023469698499, 0.000281137094134, 0.000115348833788, 3.68379587599e-05, 4.65507146146e-05, 2.50407993008e-05, 2.22735634452e-05, 2.49234071816e-05, 1.48985973283e-05, 1.31691140268e-05, 2.03236522793e-05, 1.73874468601e-05, 1.01998184618e-05],
        "mean": [0.000300887710182, 0.00116909598, 0.000551867880858, 0.000354363262886, 0.000117756739201, 0.000135648486321, 0.000167318066815, 0.000166234807693, 0.000144223187817, 0.000153695247718, 0.000141985263326, 0.000214669824345, 0.000275569065707, 0.000175736888195, 0.000104011494841, 8.56900878716e-05, 8.55994876474e-05, 0.00010735768592, 5.63949979551e-05, 4.38153256255e-05, 3.11100666295e-05, 1.38484620038e-05, 1.22146821013e-05, 1.43451370604e-05, 1.47182699948e-05, 1.25871338241e-05, 7.75825355959e-06, 5.85733369007e-06, 3.21230027112e-06, 1.61325453973e-06, 8.40528912249e-07, 6.5492685053e-07, 7.05506124632e-07, 6.55801329685e-07, 6.18079752712e-07, 4.50870146551e-07, 3.62074672466e-07, 3.46671527041e-07, 2.81481760567e-07, 1.99712758331e-07],
        "median": [0.000153666856932, 0.000598429469392, 0.000327825546265, 0.000149474653881, 7.18951923773e-05, 5.87962385907e-05, 6.46768894512e-05, 4.04571655963e-05, 3.26502049575e-05, 1.86969627975e-05, 1.5441346477e-05, 1.71547726495e-05, 1.09042830445e-05, 1.11604922495e-05, 8.98727375898e-06, 8.26478935778e-06, 1.09895827336e-05, 1.2940256056e-05, 6.60580508338e-06, 5.70588690607e-06, 4.18232139054e-06, 2.63018500846e-06, 3.31215915139e-06, 4.0850914047e-06, 3.66316385225e-06, 2.89155013888e-06, 2.06465847441e-06, 1.46794707234e-06, 8.62773390509e-07, 5.16793761562e-07, 2.57424289885e-07, 1.38464059773e-07, 1.53855893359e-07, 1.87961830989e-07, 2.18589178758e-07, 1.78495952241e-07, 1.39824322787e-07, 1.24870894069e-07, 8.09304196991e-08, 4.42167262804e-08],
        "min": [6.87429515154e-25, 8.14896174714e-25, 9.45483617319e-25, 9.72694782599e-25, 1.18543824279e-24, 1.99639770576e-24, 1.97621351621e-24, 8.08034317434e-25, 1.68953002477e-24, 8.99658095689e-25, 2.23752093005e-24, 1.92989042056e-24, 2.08223504136e-24, 3.15459480655e-24, 2.38948748926e-24, 1.91659318393e-24, 2.86196783983e-24, 3.22512074641e-24, 2.35141232881e-24, 3.4181780841e-24, 2.601950608e-24, 3.78072159563e-24, 3.98268300357e-24, 3.18340854276e-24, 4.5128133091e-24, 3.23865976891e-24, 3.05251166946e-24, 3.61926227872e-24, 4.21081763306e-24, 4.80760668508e-24, 4.69841058642e-24, 5.46014335398e-24, 5.59363124091e-24, 5.86756397911e-24, 5.61478257394e-24, 4.1249536734e-24, 5.89509719686e-24, 5.42962626986e-24, 5.94145934112e-24, 5.65119244902e-24],
        "var": [2.01671255695e-07, 2.80345761894e-06, 5.16968157172e-07, 3.85345941822e-07, 3.22799920127e-08, 9.40861610843e-08, 1.76711935751e-07, 1.7131748109e-07, 1.12547283493e-07, 1.77314731786e-07, 1.94402588249e-07, 4.49553198223e-07, 1.02261424217e-06, 3.58220717089e-07, 1.79530331934e-07, 1.12783020256e-07, 6.67498483153e-08, 7.87286040804e-08, 2.76416169953e-08, 2.49977158973e-08, 1.17694973767e-08, 3.01958524851e-09, 1.65597291435e-09, 9.72075420158e-10, 1.61052271519e-09, 9.3928953504e-10, 3.53121143437e-10, 1.61671162568e-10, 5.11400574665e-11, 1.05498942915e-11, 2.52826015332e-12, 2.01319082932e-12, 2.0426633475e-12, 1.4371140996e-12, 1.24450514997e-12, 6.48385154161e-13, 4.10300970716e-13, 5.08517652899e-13, 5.03978911555e-13, 2.87142976497e-13]
    },
    "mfcc": {
        "mean": [-694.665527344, 127.437515259, -6.37512111664, 20.6015872955, 9.0282497406, 4.47078752518, 6.50791406631, 0.993689477444, -4.84135246277, 9.71569156647, -2.49889945984, -1.73965418339, -2.09970378876],
        "cov": [[11529.9921875, 828.092285156, -1508.84069824, -23.4641017914, -56.2400169373, -4.31199169159, 264.480438232, 161.285415649, -83.3984909058, 225.866714478, -154.630447388, -181.632873535, -26.5814228058], [828.092285156, 1230.91906738, 90.1404953003, 71.5888671875, 16.0869045258, -48.6054039001, 35.3367958069, -48.1407623291, -12.1929426193, 95.7159881592, 38.8094329834, 34.2380867004, -77.8045730591], [-1508.84069824, 90.1404953003, 1013.79382324, 116.794265747, 58.0211715698, 92.1685028076, -140.070632935, -79.0470046997, 18.5412998199, -91.859916687, 58.9566764832, 50.7085990906, -2.28234934807], [-23.4641017914, 71.5888671875, 116.794265747, 229.203964233, 73.5033035278, -31.6015148163, -58.1594772339, 16.5239944458, 12.3178110123, -13.2095546722, 2.48889064789, 35.2201156616, 20.4772701263], [-56.2400169373, 16.0869045258, 58.0211715698, 73.5033035278, 168.390823364, 27.0484523773, -28.9172229767, 2.83531069756, 12.4234523773, -14.838259697, -18.7873897552, 16.2190551758, 8.36019420624], [-4.31199169159, -48.6054039001, 92.1685028076, -31.6015148163, 27.0484523773, 276.080474854, 84.4721755981, -53.3037605286, -33.4570198059, -27.5713996887, -5.48749685287, -44.3096694946, 22.4279899597], [264.480438232, 35.3367958069, -140.070632935, -58.1594772339, -28.9172229767, 84.4721755981, 208.626815796, 25.3158340454, -32.2407608032, 22.4527511597, -13.2173480988, -32.2763938904, 10.1443319321], [161.285415649, -48.1407623291, -79.0470046997, 16.5239944458, 2.83531069756, -53.3037605286, 25.3158340454, 148.230209351, 40.6166648865, 11.8274621964, -14.6584863663, 0.87120360136, 17.948802948], [-83.3984909058, -12.1929426193, 18.5412998199, 12.3178110123, 12.4234523773, -33.4570198059, -32.2407608032, 40.6166648865, 130.193954468, 24.1757659912, -10.3288650513, 1.64624261856, -24.1288585663], [225.866714478, 95.7159881592, -91.859916687, -13.2095546722, -14.838259697, -27.5713996887, 22.4527511597, 11.8274621964, 24.1757659912, 138.275924683, 39.9075737, 5.6521229744, -25.8892974854], [-154.630447388, 38.8094329834, 58.9566764832, 2.48889064789, -18.7873897552, -5.48749685287, -13.2173480988, -14.6584863663, -10.3288650513, 39.9075737, 110.180648804, 43.5923194885, -6.19990253448], [-181.632873535, 34.2380867004, 50.7085990906, 35.2201156616, 16.2190551758, -44.3096694946, -32.2763938904, 0.87120360136, 1.64624261856, 5.6521229744, 43.5923194885, 118.147186279, 26.585931778], [-26.5814228058, -77.8045730591, -2.28234934807, 20.4772701263, 8.36019420624, 22.4279899597, 10.1443319321, 17.948802948, -24.1288585663, -25.8892974854, -6.19990253448, 26.585931778, 111.958084106]],
