{
"lowlevel": {
    "average_loudness": 0.91818857193,
    "barkbands_crest": {
        "dmean": 3.96306824684,
        "dmean2": 6.61275434494,
        "dvar": 12.5693283081,
        "dvar2": 32.4805641174,
        "max": 26.7663669586,
        "mean": 14.1344165802,
        "median": 13.4508695602,
        "min": 2.21214866638,
        "var": 28.9065876007
    },
    "barkbands_flatness_db": {
        "dmean": 0.0421071648598,
        "dmean2": 0.0610446222126,
        "dvar": 0.00164082436822,
        "dvar2": 0.00302584795281,
        "max": 0.72378385067,
        "mean": 0.239095315337,
        "median": 0.230790138245,
        "min": 0.0382390357554,
        "var": 0.00912185106426
    },
    "barkbands_kurtosis": {
        "dmean": 18.8554897308,
        "dmean2": 31.5377407074,
        "dvar": 1613.75354004,
        "dvar2": 4358.14355469,
        "max": 1025.64892578,
        "mean": 23.1583309174,
        "median": 7.44895458221,
        "min": -1.91737532616,
        "var": 2223.18359375
    },
    "barkbands_skewness": {
        "dmean": 1.45583426952,
        "dmean2": 2.29567217827,
        "dvar": 2.9572467804,
        "dvar2": 7.57674217224,
        "max": 28.8865756989,
        "mean": 2.66942238808,
        "median": 2.07930827141,
        "min": -6.86472082138,
        "var": 7.36060571671
    },
    "barkbands_spread": {
        "dmean": 6.00167894363,
        "dmean2": 8.85824203491,
        "dvar": 95.5358200073,
        "dvar2": 198.814575195,
        "max": 131.934020996,
        "mean": 12.1328763962,
        "median": 6.64570951462,
        "min": 0.134090468287,
        "var": 240.166809082
    },
    "dissonance": {
        "dmean": 0.0391367003322,
        "dmean2": 0.0634648129344,
        "dvar": 0.00141945912037,
        "dvar2": 0.00357641815208,
        "max": 0.5,
        "mean": 0.420262813568,
        "median": 0.432160526514,
        "min": 0.0987627804279,
        "var": 0.00346529553644
    },
    "dynamic_complexity": 5.66689538956,
    "erbbands_crest": {
        "dmean": 3.78871464729,
        "dmean2": 6.07844257355,
        "dvar": 12.0037250519,
        "dvar2": 27.5488758087,
        "max": 33.9818611145,
        "mean": 12.027384758,
        "median": 10.9403896332,
        "min": 1.9409109354,
        "var": 31.237569809
    },
    "erbbands_flatness_db": {
        "dmean": 0.0305081438273,
        "dmean2": 0.0433996878564,
        "dvar": 0.000922792940401,
        "dvar2": 0.00173297768924,
        "max": 0.474717617035,
        "mean": 0.215700179338,
        "median": 0.210822597146,
        "min": 0.0281001590192,
        "var": 0.00428371923044
    },
    "erbbands_kurtosis": {
        "dmean": 3.14314436913,
        "dmean2": 5.00494813919,
        "dvar": 31.4323749542,
        "dvar2": 72.9192199707,
        "max": 126.29107666,
        "mean": 3.48160409927,
        "median": 1.47097158432,
        "min": -1.8988673687,
        "var": 55.3074226379
    },
    "erbbands_skewness": {
        "dmean": 0.702218830585,
        "dmean2": 1.0255689621,
        "dvar": 0.505848586559,
        "dvar2": 1.07582402229,
        "max": 9.96331310272,
        "mean": 0.970175266266,
        "median": 0.918096005917,
        "min": -4.28584194183,
        "var": 1.58817863464
    },
    "erbbands_spread": {
        "dmean": 11.6957540512,
        "dmean2": 18.1275577545,
        "dvar": 208.428161621,
        "dvar2": 464.788299561,
        "max": 175.622421265,
        "mean": 29.6226043701,
        "median": 23.4171848297,
        "min": 0.728850543499,
        "var": 499.99118042
    },
    "hfc": {
        "dmean": 6.0640335083,
        "dmean2": 9.04427433014,
        "dvar": 139.384490967,
        "dvar2": 273.967712402,
        "max": 111.45980072,
        "mean": 9.13837242126,
        "median": 4.0174074173,
        "min": 1.14483623192e-16,
        "var": 207.617843628
    },
    "melbands_crest": {
        "dmean": 4.8052854538,
        "dmean2": 7.48062705994,
        "dvar": 19.4573421478,
        "dvar2": 39.7257843018,
        "max": 39.5131568909,
        "mean": 19.5961017609,
        "median": 17.9932250977,
        "min": 1.05021154881,
        "var": 71.0925750732
    },
    "melbands_flatness_db": {
        "dmean": 0.0484714023769,
        "dmean2": 0.0670525431633,
        "dvar": 0.00233138352633,
        "dvar2": 0.00394337717444,
        "max": 0.856530606747,
        "mean": 0.305047899485,
        "median": 0.291174799204,
        "min": 2.67235664069e-05,
        "var": 0.015916345641
    },
    "melbands_kurtosis": {
        "dmean": 32.6450996399,
        "dmean2": 53.9804725647,
        "dvar": 8086.74316406,
        "dvar2": 19625.8808594,
        "max": 2797.65161133,
        "mean": 44.1704101562,
        "median": 13.2589817047,
        "min": -1.83469605446,
        "var": 14225.9287109
    },
    "melbands_skewness": {
        "dmean": 1.62265896797,
        "dmean2": 2.52835583687,
        "dvar": 4.28881931305,
        "dvar2": 9.75888061523,
        "max": 38.1022186279,
        "mean": 3.58210086823,
        "median": 2.70414328575,
        "min": -5.79283285141,
        "var": 12.4224443436
    },
    "melbands_spread": {
        "dmean": 8.19811725616,
        "dmean2": 11.9812297821,
        "dvar": 304.049224854,
        "dvar2": 591.952697754,
        "max": 249.384414673,
        "mean": 15.5613899231,
        "median": 7.50566911697,
        "min": 0.0687877610326,
        "var": 692.388305664
    },
    "pitch_salience": {
        "dmean": 0.121064893901,
        "dmean2": 0.198715224862,
        "dvar": 0.0142332380638,
        "dvar2": 0.0365362986922,
        "max": 0.996063828468,
        "mean": 0.482471585274,
        "median": 0.516630113125,
        "min": 0.0294939968735,
        "var": 0.0382231883705
    },
    "silence_rate_20dB": {
        "dmean": 0.00238707312383,
        "dmean2": 0.00477458443493,
        "dvar": 0.00238139787689,
        "dvar2": 0.00713916728273,
        "max": 1,
        "mean": 0.998806595802,
        "median": 1,
        "min": 0,
        "var": 0.0011918003438
    },
    "silence_rate_30dB": {
        "dmean": 0.0758354738355,
        "dmean2": 0.151684880257,
        "dvar": 0.0700755640864,
        "dvar2": 0.138392835855,
        "max": 1,
        "mean": 0.821444988251,
        "median": 1,
        "min": 0,
        "var": 0.146662428975
    },
    "silence_rate_60dB": {
        "dmean": 0.0932794734836,
        "dmean2": 0.186576068401,
        "dvar": 0.0845884382725,
        "dvar2": 0.168462216854,
        "max": 1,
        "mean": 0.29964196682,
        "median": 0,
        "min": 0,
        "var": 0.209872603416
    },
    "spectral_centroid": {
        "dmean": 277.61227417,
        "dmean2": 385.425109863,
        "dvar": 191116.5,
        "dvar2": 328915.21875,
        "max": 11430.5966797,
        "mean": 939.181762695,
        "median": 679.866027832,
        "min": 56.1417236328,
        "var": 678409.1875
    },
    "spectral_complexity": {
        "dmean": 2.71465301514,
        "dmean2": 3.87182068825,
        "dvar": 27.8013057709,
        "dvar2": 45.6362724304,
        "max": 53,
        "mean": 7.44992208481,
        "median": 6,
        "min": 0,
        "var": 57.3840942383
    },
    "spectral_decrease": {
        "dmean": 8.02009125778e-09,
        "dmean2": 1.33326452101e-08,
        "dvar": 2.62827732558e-16,
        "dvar2": 6.43338093522e-16,
        "max": 3.9168243437e-16,
        "mean": -1.2102264968e-08,
        "median": -1.96697214072e-09,
        "min": -1.17064843153e-07,
        "var": 4.54409035763e-16
    },
    "spectral_energy": {
        "dmean": 0.0307464320213,
        "dmean2": 0.0509995594621,
        "dvar": 0.00380773539655,
        "dvar2": 0.0093124685809,
        "max": 0.445237755775,
        "mean": 0.0465058423579,
        "median": 0.00789340306073,
        "min": 1.03634663981e-20,
        "var": 0.00657915184274
    },
    "spectral_energyband_high": {
        "dmean": 0.000294779834803,
        "dmean2": 0.000392184359953,
        "dvar": 1.1539281104e-06,
        "dvar2": 2.07698849408e-06,
        "max": 0.0119789075106,
        "mean": 0.000319755024975,
        "median": 1.75449731614e-05,
        "min": 7.47691625302e-21,
        "var": 1.62152809935e-06
    },
    "spectral_energyband_low": {
        "dmean": 0.0264686271548,
        "dmean2": 0.0455004386604,
        "dvar": 0.00376790203154,
        "dvar2": 0.0096895666793,
        "max": 0.431827545166,
        "mean": 0.0367668345571,
        "median": 0.00010629103781,
        "min": 2.77962523693e-23,
        "var": 0.00581290014088
    },
    "spectral_energyband_middle_high": {
        "dmean": 0.000754907145165,
        "dmean2": 0.00109613791574,
        "dvar": 2.70468103736e-06,
        "dvar2": 5.84129202252e-06,
        "max": 0.0338217914104,
        "mean": 0.00127689377405,
        "median": 0.000484824588057,
        "min": 1.42318474166e-21,
        "var": 4.8050528676e-06
    },
    "spectral_energyband_middle_low": {
        "dmean": 0.00843161903322,
        "dmean2": 0.0148050524294,
        "dvar": 0.000408334250096,
        "dvar2": 0.00113455730025,
        "max": 0.166125252843,
        "mean": 0.0087414085865,
        "median": 0.00356429838575,
        "min": 2.16099672852e-22,
        "var": 0.000297991296975
    },
    "spectral_entropy": {
        "dmean": 0.335979402065,
        "dmean2": 0.480119496584,
        "dvar": 0.12477979064,
        "dvar2": 0.228965908289,
        "max": 9.81241226196,
        "mean": 6.97689247131,
        "median": 6.9363360405,
        "min": 4.44808769226,
        "var": 0.531562447548
    },
    "spectral_flux": {
        "dmean": 0.0564455427229,
        "dmean2": 0.0893721878529,
        "dvar": 0.00700666150078,
        "dvar2": 0.0153284827247,
        "max": 0.624273240566,
        "mean": 0.106416486204,
        "median": 0.0536947995424,
        "min": 6.42326469791e-11,
        "var": 0.0155263217166
    },
    "spectral_kurtosis": {
        "dmean": 5.29445171356,
        "dmean2": 8.65015506744,
        "dvar": 126.518867493,
        "dvar2": 326.35458374,
        "max": 338.715148926,
        "mean": 9.64829349518,
        "median": 6.92063236237,
        "min": -1.22499275208,
        "var": 155.832794189
    },
    "spectral_rms": {
        "dmean": 0.00172148866113,
        "dmean2": 0.00263781310059,
        "dvar": 7.25103745935e-06,
        "dvar2": 1.49074921865e-05,
        "max": 0.0208417437971,
        "mean": 0.00476446421817,
        "median": 0.0027750460431,
        "min": 3.17973251895e-12,
        "var": 2.26714255405e-05
    },
    "spectral_rolloff": {
        "dmean": 524.525634766,
        "dmean2": 865.176635742,
        "dvar": 1643364.375,
        "dvar2": 3317042,
        "max": 19207.6171875,
        "mean": 1146.56762695,
        "median": 538.330078125,
        "min": 21.533203125,
        "var": 3515193.25
    },
    "spectral_skewness": {
        "dmean": 0.563134491444,
        "dmean2": 0.872550666332,
        "dvar": 0.520547151566,
        "dvar2": 1.26392245293,
        "max": 14.6023273468,
        "mean": 2.19967341423,
        "median": 2.08518028259,
        "min": -0.112038597465,
        "var": 1.2072892189
    },
    "spectral_spread": {
        "dmean": 806037.875,
        "dmean2": 1173128.875,
        "dvar": 1.0850540585e+12,
        "dvar2": 2.13384704819e+12,
        "max": 41392740,
        "mean": 4068526.75,
        "median": 3618038.25,
        "min": 218880.71875,
        "var": 4.22975687885e+12
    },
    "spectral_strongpeak": {
        "dmean": 0.366017758846,
        "dmean2": 0.607420623302,
        "dvar": 0.196380823851,
        "dvar2": 0.506659626961,
        "max": 6.67905807495,
        "mean": 0.639720320702,
        "median": 0.463646829128,
        "min": 0,
        "var": 0.361681520939
    },
    "zerocrossingrate": {
        "dmean": 0.0135174375027,
        "dmean2": 0.0144607201219,
        "dvar": 0.0004835742875,
        "dvar2": 0.000536390871275,
        "max": 0.59130859375,
        "mean": 0.0443746931851,
        "median": 0.02978515625,
        "min": 0.00146484375,
        "var": 0.00275103235617
    },
    "barkbands": {
        "dmean": [0.00316768651828, 0.0224502235651, 0.00579271744937, 0.00251919729635, 0.00352725107223, 0.00123918114696, 0.00122334144544, 0.000597179459874, 0.000531838042662, 0.000243536502239, 0.000176419402123, 0.000127996972878, 9.76920782705e-05, 9.15524069569e-05, 6.74007897032e-05, 6.47245469736e-05, 4.65588491352e-05, 4.00743010687e-05, 6.15743920207e-05, 0.000112297107989, 9.3084978289e-05, 7.38552698749e-05, 4.33253262599e-05, 2.86078957288e-05, 1.28479259729e-05, 3.70333350475e-06, 3.63211398735e-07],
        "dmean2": [0.00488653313369, 0.0400330089033, 0.00988294836134, 0.00476573919877, 0.00616317195818, 0.00217904057354, 0.00205179164186, 0.000976626412012, 0.000830240256619, 0.000376177369617, 0.000282095104922, 0.000204503638088, 0.000154911263962, 0.000141559983604, 0.000105765051558, 0.000101439938589, 7.19956224202e-05, 6.25285101705e-05, 8.75073674251e-05, 0.000166830432136, 0.000121289340314, 0.000101205689134, 5.90623349126e-05, 4.07199804613e-05, 1.77719484782e-05, 5.12204724146e-06, 5.47737329271e-07],
        "dvar": [5.46513183508e-05, 0.00297332508489, 0.000406716804719, 8.63809254952e-05, 8.76055273693e-05, 8.67339258548e-06, 1.01907617136e-05, 3.36619723385e-06, 2.20494143832e-06, 6.15917770119e-07, 3.47750642504e-07, 2.71677606634e-07, 9.12108788498e-08, 8.62190745465e-08, 2.94077615592e-08, 3.7781447304e-08, 1.28427695145e-08, 8.39681302267e-09, 3.09567589341e-08, 1.97905407617e-07, 1.15356904473e-07, 8.00306096949e-08, 2.50638301225e-08, 1.01291677268e-08, 1.82422188466e-09, 1.62159771722e-10, 2.37674116499e-12],
        "dvar2": [0.000117140822113, 0.00848910491914, 0.00110311270691, 0.000249740231084, 0.000233540835325, 2.3640017389e-05, 2.68036365014e-05, 8.48162562761e-06, 5.3435924201e-06, 1.42391945701e-06, 8.42821521019e-07, 7.01941246462e-07, 2.12237310393e-07, 1.96532155883e-07, 6.73611992852e-08, 9.22285323668e-08, 2.94552080504e-08, 1.80255277371e-08, 5.54425696464e-08, 4.18172163563e-07, 1.94936674802e-07, 1.57618487151e-07, 4.65994034471e-08, 2.04096668455e-08, 3.48818374185e-09, 3.08418818262e-10, 5.14721815517e-12],
        "max": [0.0781187564135, 0.386350601912, 0.218784868717, 0.0819672942162, 0.121576361358, 0.0578357465565, 0.0754466801882, 0.0771281346679, 0.0405293703079, 0.0261809974909, 0.0211572181433, 0.0213711615652, 0.00794367492199, 0.0098420958966, 0.00348775903694, 0.00360400346108, 0.00254366942681, 0.0015859210398, 0.00231368839741, 0.00459494628012, 0.00388277834281, 0.00346720637754, 0.00193205592223, 0.00168529222719, 0.000798473891336, 0.00021963675681, 3.09336646751e-05],
        "mean": [0.00420919666067, 0.0273593999445, 0.00463955663145, 0.00162376579829, 0.00310738943517, 0.00121009536088, 0.00135571986903, 0.000654459407087, 0.000709734333213, 0.000327566318447, 0.000201838833163, 0.000155998466653, 0.000117168485303, 0.000126344835735, 8.25450115371e-05, 6.93941910868e-05, 5.69945914322e-05, 4.97710934724e-05, 6.99659285601e-05, 0.000104035192635, 9.97154056677e-05, 7.54183638492e-05, 4.68766520498e-05, 3.19572245644e-05, 1.5540217646e-05, 4.31858597949e-06, 3.56244953537e-07],
        "median": [5.35352264706e-05, 9.91334491118e-06, 3.97406574848e-06, 3.06493675453e-05, 0.000592631578911, 0.000247969903285, 0.000345072214259, 7.45265933801e-05, 0.000101408062619, 4.45948171546e-05, 2.55186714639e-05, 1.91282160813e-05, 1.74075248651e-05, 2.036130536e-05, 1.3362538084e-05, 9.98298037302e-06, 1.02220856206e-05, 1.08944504973e-05, 7.45805346014e-06, 4.63714468424e-06, 3.08466610477e-06, 2.7599016903e-06, 2.29424767895e-06, 2.18940090235e-06, 1.16033800168e-06, 2.53462985711e-07, 5.55714096961e-09],
        "min": [3.25539860846e-24, 1.43991838104e-23, 2.53408529876e-24, 1.17843134357e-23, 1.51632303069e-23, 1.29932056965e-23, 2.05384890721e-23, 1.39107732027e-23, 2.90371621276e-23, 5.08787326637e-23, 1.73722128132e-23, 6.49284716034e-23, 3.71753857029e-23, 3.36128204352e-23, 7.81799022397e-23, 8.83783275769e-23, 1.17233856059e-22, 1.75339772616e-22, 1.9206486074e-22, 2.88271660925e-22, 3.68597693967e-22, 4.67232797344e-22, 5.56268965497e-22, 7.2619258322e-22, 9.52316216931e-22, 1.34641981607e-21, 2.22278940229e-21],
        "var": [8.5938758275e-05, 0.00360440625809, 0.000289328367217, 4.88107543788e-05, 6.69401779305e-05, 7.30984720576e-06, 9.34880881687e-06, 3.55736460733e-06, 3.19668856719e-06, 9.25301321786e-07, 4.22496583496e-07, 3.10246491608e-07, 1.35289994319e-07, 1.44427332316e-07, 4.2945305978e-08, 3.8556944304e-08, 1.7500385141e-08, 1.20540688542e-08, 4.63428087016e-08, 2.15500904233e-07, 1.73116418978e-07, 1.03112888894e-07, 3.39171819519e-08, 1.30745254623e-08, 2.76946687805e-09, 2.42609710099e-10, 2.64720125161e-12]
    },
    "erbbands": {
        "dmean": [0.771014988422, 5.27140188217, 8.15073108673, 7.62833023071, 9.26215171814, 13.1681289673, 10.6207952499, 10.3090753555, 16.242395401, 16.4617443085, 11.6407546997, 12.9668779373, 8.42021369934, 7.18479299545, 6.50955963135, 4.55179166794, 4.13250780106, 4.18216466904, 3.82849264145, 3.26396417618, 3.67950248718, 2.5595972538, 2.16346716881, 2.62115287781, 3.9051296711, 5.22228336334, 3.96692705154, 3.63584947586, 3.20876526833, 1.59589719772, 1.18823111057, 0.711466252804, 0.443352997303, 0.184154167771, 0.07473398, 0.022208282724, 0.00578476535156, 0.00119338312652, 6.27074332442e-05, 3.49985566572e-05],
        "dmean2": [1.2351013422, 9.53331947327, 13.2377490997, 14.2203769684, 16.7937431335, 22.5806026459, 18.9233016968, 17.9883270264, 27.6534061432, 27.0431632996, 18.8823757172, 20.3136768341, 12.9375991821, 11.1017456055, 10.4760723114, 7.09018325806, 6.44419193268, 6.51513433456, 5.73153924942, 5.05724573135, 5.69891023636, 3.89512634277, 3.24706506729, 4.09269428253, 5.36859321594, 7.64126634598, 5.49756002426, 4.68125343323, 4.51629590988, 2.12797784805, 1.62542104721, 1.00473845005, 0.64740639925, 0.259956300259, 0.103261522949, 0.0304038133472, 0.00813427008688, 0.00174704985693, 9.72835041466e-05, 5.73670440644e-05],
        "dvar": [3.37108755112, 197.855056763, 651.527709961, 797.87512207, 761.393371582, 1364.33422852, 740.420654297, 652.36126709, 1693.59680176, 2428.0168457, 1258.62390137, 1536.73571777, 697.14440918, 511.912231445, 526.348083496, 299.718139648, 160.654327393, 141.469436646, 129.79019165, 70.684928894, 129.609863281, 37.3455810547, 26.7750778198, 41.8780136108, 177.600891113, 436.646575928, 221.627655029, 181.530853271, 163.893814087, 32.8506164551, 19.0931339264, 6.08284473419, 2.70581126213, 0.398579657078, 0.0612940974534, 0.00542326970026, 0.000426981132478, 2.15246109292e-05, 5.50866623428e-08, 4.52351223146e-09],
        "dvar2": [8.00504302979, 563.555297852, 1648.06591797, 2291.45996094, 2174.21508789, 3466.46411133, 2071.07763672, 1735.97741699, 4440.85302734, 6287.97558594, 3058.31225586, 3819.7253418, 1599.91333008, 1222.08093262, 1334.86706543, 748.269104004, 361.758483887, 340.743652344, 277.457275391, 158.535308838, 315.022094727, 82.0531997681, 57.3547134399, 84.8194274902, 325.952606201, 915.682678223, 427.943572998, 319.427337646, 344.368133545, 58.37134552, 35.7993621826, 12.0120954514, 5.58928489685, 0.767525851727, 0.11774417758, 0.0104263089597, 0.000872943783179, 4.43610952061e-05, 1.30082398186e-07, 1.10003135489e-08],
        "max": [15.8467445374, 98.9302368164, 239.670608521, 255.578536987, 231.939758301, 639.682312012, 278.415496826, 581.536376953, 980.18927002, 1302.5579834, 1972.56799316, 1218.47802734, 873.616271973, 670.911132812, 640.827697754, 544.289001465, 391.71661377, 307.432434082, 467.18069458, 138.825195312, 239.783798218, 139.684753418, 87.7010879517, 71.5069580078, 166.449569702, 213.28465271, 171.166213989, 178.251678467, 155.466491699, 81.139175415, 52.813205719, 42.5935096741, 22.9844226837, 10.4052143097, 4.89527797699, 1.22079789639, 0.425913780928, 0.0642908588052, 0.00582959596068, 0.000481380760903],
        "mean": [1.13112461567, 4.62989854813, 6.94088220596, 5.15093612671, 7.22289419174, 11.7116327286, 9.57762908936, 10.421248436, 17.7244720459, 18.0446109772, 14.3029928207, 16.5764427185, 12.1935577393, 9.8860502243, 7.40943574905, 5.68337106705, 5.2872338295, 5.77471876144, 5.3953909874, 4.1117272377, 4.08933210373, 3.30277752876, 2.71986532211, 3.09380555153, 4.23281621933, 4.90395975113, 3.85481190681, 3.92043566704, 3.13555002213, 1.75038957596, 1.29384744167, 0.795396566391, 0.481854468584, 0.21930731833, 0.0914312526584, 0.0269072484225, 0.00633250037208, 0.00119488802738, 7.04564663465e-05, 5.28247619513e-05],
        "median": [0.000834235281218, 0.00149743433576, 0.00898653361946, 0.120446562767, 1.13056397438, 1.98750650883, 1.68671953678, 2.25253915787, 4.9040389061, 4.24887609482, 2.74751901627, 2.64119744301, 2.32469773293, 2.05837249756, 1.10623788834, 0.837679088116, 0.966599941254, 1.14649808407, 1.00203680992, 0.766020536423, 0.637931644917, 0.650835871696, 0.634180665016, 0.490923911333, 0.349343240261, 0.22287067771, 0.14013081789, 0.113455049694, 0.0987811163068, 0.0876118019223, 0.0595645979047, 0.0478019416332, 0.0325600206852, 0.0160190351307, 0.00654463609681, 0.00181417353451, 0.00034426455386, 3.4973192669e-05, 8.30344561109e-06, 9.98720952339e-06],
        "min": [2.06952584531e-22, 2.80274802486e-21, 4.16315236316e-21, 3.06579372147e-20, 4.65072799756e-20, 6.73104458663e-20, 5.04886262796e-20, 1.87127331412e-19, 2.61602770508e-19, 2.82057757984e-19, 4.07106580292e-19, 5.98839369012e-19, 1.08773123517e-18, 1.33733815489e-18, 1.44399906237e-18, 2.62780184562e-18, 1.61279446875e-18, 2.75154537692e-18, 3.00576279458e-18, 3.58136200729e-18, 5.21714847815e-18, 6.32520778027e-18, 8.30367243145e-18, 1.05833979161e-17, 1.01836331066e-17, 1.16968574668e-17, 1.09803321135e-17, 1.72112264147e-17, 1.64841081865e-17, 1.31393711196e-17, 1.5172437963e-17, 1.62617670009e-17, 1.20840135623e-17, 1.02024200326e-17, 6.27228145596e-18, 5.01291675773e-18, 1.97652863495e-18, 1.08479381342e-18, 2.81691937359e-19, 3.43019198446e-20],
        "var": [5.76351690292, 163.838287354, 541.045776367, 464.118103027, 479.117675781, 1137.09680176, 534.757385254, 595.499450684, 1579.99707031, 2202.11669922, 1575.80078125, 1988.59484863, 1040.25854492, 705.683898926, 572.553100586, 347.777954102, 247.994369507, 228.950653076, 221.174194336, 99.6262283325, 133.301300049, 55.5806541443, 37.8686828613, 58.8621520996, 241.79699707, 482.086486816, 278.486694336, 269.785003662, 193.549407959, 47.4577293396, 25.8341369629, 8.07538700104, 3.27156305313, 0.575007915497, 0.0967009589076, 0.00843876414001, 0.000583665445447, 2.52500030911e-05, 5.61006494593e-08, 7.76717623552e-09]
    },
    "gfcc": {
        "mean": [-131.324264526, 106.955833435, -111.024925232, 15.5321006775, -69.4124526978, 0.991436123848, -40.4558677673, 7.58426141739, -15.4373636246, 0.628223776817, -7.66882419586, -2.40170931816, -4.39007854462],
        "cov": [[15185.5869141, 917.619140625, 44.2491836548, 1008.52258301, -3.54616641998, 23.6178073883, 62.9207115173, -208.647491455, -191.885757446, -299.323944092, -165.859802246, -159.743148804, 65.7515106201], [917.619140625, 3228.14648438, 877.233947754, -102.260360718, 1089.13513184, 31.539888382, 604.128967285, -13.3843431473, 351.784667969, -186.389038086, 341.636810303, -164.956176758, 181.679412842], [44.2491836548, 877.233947754, 1855.44787598, 864.537109375, 600.194335938, 255.225158691, 309.241790771, 88.8092041016, 179.532440186, -30.9143829346, 135.385147095, 28.7867565155, 62.6609954834], [1008.52258301, -102.260360718, 864.537109375, 1141.47265625, 426.502532959, 127.460083008, 94.2974319458, 64.6577377319, 101.5806427, 10.4374332428, 2.53054594994, 30.6118335724, 60.9165153503], [-3.54616641998, 1089.13513184, 600.194335938, 426.502532959, 1105.23205566, 287.164306641, 454.164794922, 119.36655426, 323.708251953, 40.183177948, 215.826553345, -26.6654071808, 141.650543213], [23.6178073883, 31.539888382, 255.225158691, 127.460083008, 287.164306641, 495.452728271, 303.414764404, 104.004600525, 82.7347717285, 99.3188781738, 79.9672470093, 32.2646980286, 23.6819877625], [62.9207115173, 604.128967285, 309.241790771, 94.2974319458, 454.164794922, 303.414764404, 602.958374023, 148.836914062, 172.955169678, 48.0874671936, 159.51411438, 27.6129894257, 82.6410751343], [-208.647491455, -13.3843431473, 88.8092041016, 64.6577377319, 119.36655426, 104.004600525, 148.836914062, 247.530212402, 140.924240112, 41.501750946, 42.4548568726, 30.5907001495, 27.481426239], [-191.885757446, 351.784667969, 179.532440186, 101.5806427, 323.708251953, 82.7347717285, 172.955169678, 140.924240112, 304.277770996, 83.3538970947, 99.6149215698, 2.2952606678, 71.8386611938], [-299.323944092, -186.389038086, -30.9143829346, 10.4374332428, 40.183177948, 99.3188781738, 48.0874671936, 41.501750946, 83.3538970947, 185.219100952, 54.378036499, 21.7135372162, 2.51660895348], [-165.859802246, 341.636810303, 135.385147095, 2.53054594994, 215.826553345, 79.9672470093, 159.51411438, 42.4548568726, 99.6149215698, 54.378036499, 211.098373413, 44.6217575073, 45.1881408691], [-159.743148804, -164.956176758, 28.7867565155, 30.6118335724, -26.6654071808, 32.2646980286, 27.6129894257, 30.5907001495, 2.2952606678, 21.7135372162, 44.6217575073, 145.020095825, 44.7423400879], [65.7515106201, 181.679412842, 62.6609954834, 60.9165153503, 141.650543213, 23.6819877625, 82.6410751343, 27.481426239, 71.8386611938, 2.51660895348, 45.1881408691, 44.7423400879, 130.681121826]],
        "icov": [[9.10502058105e-05, -0.00011869851005, 0.000123380552395, -0.000232609338127, 0.000151364263729, -0.000115865426778, -4.01555917051e-06, 2.79272026091e-05, 3.50841837644e-05, 5.47040071979e-05, 4.2842952098e-05, 2.28975950449e-05, -2.09219306271e-05], [-0.00011869851005, 0.00132786273025, -0.000714180292562, 0.00108416459989, -0.000922647537664, 0.000738114991691, -0.000598544662353, 0.000667513231747, -0.000611215014942, 0.00119443016592, -0.000965397979598, 0.00125320197549, -0.000627045752481], [0.000123380552395, -0.000714180292562, 0.00142987398431, -0.0013903346844, 0.000518585671671, -0.000698513060343, 0.000114206646685, -0.000103093094367, -3.98918054998e-05, 0.000136427450343, 1.36265839501e-06, -0.000634752621409, 0.000643373816274], [-0.000232609338127, 0.00108416459989, -0.0013903346844, 0.00273684668355, -0.00150092935655, 0.000781378650572, -3.49564434146e-05, 8.54648242239e-05, -0.00010671948985, 0.000172798027052, 0.000247470481554, 0.000313479831675, -0.000647447828669], [0.000151364263729, -0.000922647537664, 0.000518585671671, -0.00150092935655, 0.00313344830647, -0.00121470401064, -0.000360373203875, 0.000305924535496, -0.00127403752413, 0.000196007356863, -0.000672076712362, 0.000571071053855, -0.000621765444521], [-0.000115865426778, 0.000738114991691, -0.000698513060343, 0.000781378650572, -0.00121470401064, 0.00410154741257, -0.00174807931762, -0.000413460133132, 0.000877015467267, -0.00143907975871, 0.00013784650946, 5.23169037479e-05, 0.000248644733801], [-4.01555917051e-06, -0.000598544662353, 0.000114206646685, -3.49564434146e-05, -0.000360373203875, -0.00174807931762, 0.0038833192084, -0.0014248759253, 0.000299919833196, -0.000148626524606, -0.000635447038803, -0.000469647347927, -0.000434512767242], [2.79272026091e-05, 0.000667513231747, -0.000103093094367, 8.54648242239e-05, 0.000305924535496, -0.000413460133132, -0.0014248759253, 0.00697145378217, -0.00387623300776, 0.00146893050987, -1.96608070837e-05, -0.00058219692437, 0.000554578437004], [3.50841837644e-05, -0.000611215014942, -3.98918054998e-05, -0.00010671948985, -0.00127403752413, 0.000877015467267, 0.000299919833196, -0.00387623300776, 0.0083563644439, -0.00374388741329, -0.000153608445544, 0.000795253319666, -0.00199226965196], [5.47040071979e-05, 0.00119443016592, 0.000136427450343, 0.000172798027052, 0.000196007356863, -0.00143907975871, -0.000148626524606, 0.00146893050987, -0.00374388741329, 0.00955150090158, -0.002793247113, 0.000737506197765, 0.00058690388687], [4.2842952098e-05, -0.000965397979598, 1.36265839501e-06, 0.000247470481554, -0.000672076712362, 0.00013784650946, -0.000635447038803, -1.96608070837e-05, -0.000153608445544, -0.002793247113, 0.00887447502464, -0.00363644701429, 0.000628645182587], [2.28975950449e-05, 0.00125320197549, -0.000634752621409, 0.000313479831675, 0.000571071053855, 5.23169037479e-05, -0.000469647347927, -0.00058219692437, 0.000795253319666, 0.000737506197765, -0.00363644701429, 0.0111986370757, -0.00483270268887], [-2.09219306271e-05, -0.000627045752481, 0.000643373816274, -0.000647447828669, -0.000621765444521, 0.000248644733801, -0.000434512767242, 0.000554578437004, -0.00199226965196, 0.00058690388687, 0.000628645182587, -0.00483270268887, 0.011835985817]]
    },
    "melbands": {
        "dmean": [0.00609789649025, 0.00524961296469, 0.00135247572325, 0.000835858227219, 0.000407533254474, 0.00023604069429, 0.000250627141213, 0.00017129520711, 9.18977239053e-05, 8.10110723251e-05, 4.22711891588e-05, 3.04581517412e-05, 2.23626975639e-05, 1.56114329002e-05, 1.06656943899e-05, 9.78389925876e-06, 8.03976854513e-06, 7.06240734871e-06, 5.41010604138e-06, 3.44735713043e-06, 4.7609610192e-06, 2.5930596621e-06, 2.51908977589e-06, 1.84765474387e-06, 2.20205265578e-06, 2.61519153355e-06, 3.73451211999e-06, 3.31188084601e-06, 2.41711154558e-06, 2.2456622446e-06, 1.96825089915e-06, 1.8046466721e-06, 1.40673262194e-06, 7.76080185005e-07, 7.64994695146e-07, 5.07519303028e-07, 4.07886204812e-07, 3.38207911454e-07, 2.21605844786e-07, 1.34568367116e-07],
        "dmean2": [0.0103706298396, 0.00893449876457, 0.00250885216519, 0.00146009540185, 0.00071838934673, 0.000412386958487, 0.00042600458255, 0.000279620435322, 0.000148525563418, 0.000126769242343, 6.50378860882e-05, 4.71090970677e-05, 3.59829427907e-05, 2.49722361332e-05, 1.64540761034e-05, 1.55457673827e-05, 1.25932301671e-05, 1.0615903193e-05, 8.45980775921e-06, 5.26794929101e-06, 7.49902073949e-06, 3.96600853492e-06, 3.91333287553e-06, 2.91396440844e-06, 3.51593394043e-06, 3.67672987522e-06, 5.6654466789e-06, 4.8100823733e-06, 3.55227484761e-06, 2.97772953672e-06, 2.56620069194e-06, 2.60188062384e-06, 1.90060632121e-06, 1.06011952994e-06, 1.06512550246e-06, 7.06661751337e-07, 5.83739733884e-07, 5.01313706991e-07, 3.16446289617e-07, 1.92240207753e-07],
        "dvar": [0.000201948059839, 0.00022267078748, 2.38704342337e-05, 5.23006383446e-06, 1.04120397282e-06, 3.29964592538e-07, 4.01398835947e-07, 2.48453289942e-07, 7.42553822874e-08, 6.09597989865e-08, 1.75522334445e-08, 9.87792692086e-09, 6.59295196215e-09, 4.64777105691e-09, 1.85647419659e-09, 8.96538898676e-10, 5.80903936065e-10, 5.94206517324e-10, 2.0987571403e-10, 8.27250212776e-11, 2.36027558609e-10, 3.68293104347e-11, 4.67019513339e-11, 1.99470023832e-11, 2.98167081303e-11, 6.81734876884e-11, 2.11320946852e-10, 1.78375106352e-10, 8.82949893755e-11, 6.52434148374e-11, 5.51601091192e-11, 5.32026055156e-11, 2.8904092661e-11, 7.82115865128e-12, 8.26992380826e-12, 3.21895244834e-12, 2.00762800481e-12, 1.63773562854e-12, 6.171982413e-13, 2.10286215524e-13],
        "dvar2": [0.000546241819393, 0.000564459769521, 6.8568981078e-05, 1.38617770062e-05, 2.84446991827e-06, 8.82967924554e-07, 1.05516676285e-06, 6.40974974431e-07, 1.78297355546e-07, 1.51053924924e-07, 4.00408914913e-08, 2.37121149382e-08, 1.64766653654e-08, 1.22457795015e-08, 4.58506654866e-09, 2.02409022876e-09, 1.40782918656e-09, 1.26264876332e-09, 4.76455486176e-10, 1.81134232613e-10, 5.84832959838e-10, 8.09612724084e-11, 1.1123780369e-10, 4.47679532334e-11, 6.52495071862e-11, 1.30776250939e-10, 4.20513790456e-10, 3.80644044062e-10, 1.90076079876e-10, 1.04864339434e-10, 1.00007273296e-10, 1.1612923817e-10, 5.52450342417e-11, 1.46729191297e-11, 1.63316617174e-11, 5.95640984452e-12, 4.27795038976e-12, 3.51081642057e-12, 1.24620604634e-12, 4.08148612564e-13],
        "max": [0.111970975995, 0.11295260489, 0.0427843667567, 0.0328305959702, 0.00944485794753, 0.0120787806809, 0.0137504450977, 0.0146655533463, 0.0143951987848, 0.00717846117914, 0.00422391761094, 0.00323651405051, 0.00294499495067, 0.00309582869522, 0.0015823142603, 0.000815075822175, 0.000590263400227, 0.00103694107383, 0.000376395008061, 0.000219105524593, 0.000286130234599, 0.000191940212972, 0.000144985140651, 0.000108278771222, 6.32499722997e-05, 0.000116260489449, 0.00014693281264, 0.000137993672979, 0.00010303738236, 9.25607091631e-05, 0.000104825907329, 8.55839170981e-05, 6.88519503456e-05, 4.31053122156e-05, 3.62467217201e-05, 2.75928050542e-05, 2.85521309706e-05, 1.71883129951e-05, 1.18631687656e-05, 1.02879130282e-05],
        "mean": [0.0086140986532, 0.00460964161903, 0.000941987615079, 0.000716972863302, 0.000370265392121, 0.000238347027334, 0.000275603902992, 0.000186765944818, 0.000113128706289, 0.00010397805454, 5.97956895945e-05, 4.12519693782e-05, 2.54715050687e-05, 1.83595384442e-05, 1.25212827697e-05, 1.22238834592e-05, 1.06073803181e-05, 9.55300038186e-06, 6.69735845804e-06, 4.09666017731e-06, 4.94449795951e-06, 3.34289688908e-06, 2.85222517959e-06, 2.28828935178e-06, 2.44483771894e-06, 2.92042250294e-06, 3.63091999134e-06, 3.08782932734e-06, 2.18249624595e-06, 2.51733945333e-06, 2.09727681977e-06, 1.71868316556e-06, 1.46375884924e-06, 8.32153887131e-07, 7.9756608784e-07, 5.82724055675e-07, 4.40210044417e-07, 3.53459938651e-07, 2.55283708839e-07, 1.59320762805e-07],
        "median": [1.05114049802e-05, 2.3232444164e-06, 3.75239433197e-05, 0.000129872641992, 7.16584472684e-05, 5.26549847564e-05, 7.80585905886e-05, 3.80277342629e-05, 1.78174122993e-05, 1.30463376991e-05, 8.82542735781e-06, 7.56257759349e-06, 3.63278718396e-06, 2.02305363928e-06, 1.66373808952e-06, 1.8225077838e-06, 1.84635985079e-06, 1.43452837165e-06, 1.06310142201e-06, 6.72493740694e-07, 6.25710015356e-07, 6.23182074833e-07, 5.17190471783e-07, 5.07804372774e-07, 3.53121350827e-07, 2.61285265424e-07, 1.80353112e-07, 1.14823421882e-07, 8.27793016356e-08, 7.02600218006e-08, 5.83756865069e-08, 5.08328668047e-08, 5.23225587301e-08, 4.51541346536e-08, 3.3427951962e-08, 2.8153680276e-08, 2.763446183e-08, 2.32309300685e-08, 1.61900342022e-08, 1.16557368202e-08],
        "min": [3.5677871325e-24, 3.98150957298e-24, 4.99746341686e-24, 4.1633830324e-24, 2.1137121692e-24, 4.29143882314e-24, 5.16580712289e-24, 2.89037550989e-24, 4.21832443343e-24, 3.57436544359e-24, 5.33767190958e-24, 4.74711288656e-24, 3.17441730338e-24, 8.24057275571e-24, 4.3059447919e-24, 3.25719661968e-24, 4.54740643752e-24, 3.9978827755e-24, 5.75381260316e-24, 5.58581599593e-24, 6.23895417126e-24, 6.71047290039e-24, 5.86639804269e-24, 9.12349822413e-24, 7.82699586007e-24, 6.59789771605e-24, 8.95623762412e-24, 7.71820326377e-24, 5.33424075907e-24, 8.88302265464e-24, 8.66912775336e-24, 8.42283039039e-24, 6.73709143392e-24, 7.22698431125e-24, 7.48518479642e-24, 8.58038800127e-24, 9.51907015847e-24, 8.41599491065e-24, 7.24163582485e-24, 8.80724309837e-24],
        "var": [0.000317765428917, 0.000196356864762, 1.40784468385e-05, 3.98201609642e-06, 7.86487703408e-07, 2.95872553124e-07, 3.69946718592e-07, 2.29936532037e-07, 1.01398185848e-07, 8.04696966838e-08, 2.66351349865e-08, 1.32791804219e-08, 7.31780591678e-09, 4.96299712438e-09, 2.14790940589e-09, 1.42782952128e-09, 8.76907435554e-10, 9.89023307696e-10, 3.13812920094e-10, 1.11749214049e-10, 2.26640581302e-10, 5.97401711433e-11, 5.26274128443e-11, 2.70121650742e-11, 3.80899513319e-11, 9.59350515695e-11, 2.42553643837e-10, 1.94947183396e-10, 9.53353715416e-11, 1.04689888702e-10, 7.9164383382e-11, 5.94215024408e-11, 3.8685107201e-11, 1.05753530932e-11, 1.05034418663e-11, 4.56975950136e-12, 2.45918823499e-12, 1.86542925204e-12, 8.21913446591e-13, 3.09909622921e-13]
    },
    "mfcc": {
        "mean": [-773.391357422, 137.29069519, 9.338971138, 12.7651643753, -3.86947870255, -8.01368522644, -9.45716094971, -0.965379059315, -4.64684677124, 2.34872817993, 1.70329606533, -0.970226109028, -2.02589941025],
        "cov": [[10999.2958984, 304.018188477, -68.8417358398, 865.45123291, -57.7465515137, 301.628295898, 59.7073936462, 83.2206344604, -6.56068944931, -126.753120422, -288.879486084, -110.954750061, -84.6067428589], [304.018188477, 3374.46166992, 173.782546997, 175.242050171, 456.944946289, 228.727890015, 402.743469238, 269.145141602, 155.802764893, 129.860748291, 166.039550781, 103.496261597, 84.9266357422], [-68.8417358398, 173.782546997, 1287.28198242, 561.787719727, 265.757263184, 231.540527344, 140.192749023, 143.721252441, 69.9312591553, -6.11619901657, -14.2287254333, 96.5954971313, 67.9139251709], [865.45123291, 175.242050171, 561.787719727, 1016.27441406, 483.147399902, 214.380371094, 111.04258728, 146.705947876, 150.843673706, 33.063709259, -15.4091949463, 78.4967880249, 80.3401489258], [-57.7465515137, 456.944946289, 265.757263184, 483.147399902, 664.280883789, 255.023208618, 136.776367188, 147.607177734, 151.592895508, 120.945785522, 78.8035202026, 78.588508606, 68.9605255127], [301.628295898, 228.727890015, 231.540527344, 214.380371094, 255.023208618, 467.573577881, 294.048065186, 143.015426636, 139.283874512, 105.06060791, 102.94871521, 78.5353851318, 43.8201942444], [59.7073936462, 402.743469238, 140.192749023, 111.04258728, 136.776367188, 294.048065186, 427.48916626, 215.09526062, 118.372993469, 90.3039932251, 121.547592163, 83.7686920166, 53.9918174744], [83.2206344604, 269.145141602, 143.721252441, 146.705947876, 147.607177734, 143.015426636, 215.09526062, 299.254760742, 158.494415283, 65.5205383301, 79.9986572266, 76.6197662354, 70.8202209473], [-6.56068944931, 155.802764893, 69.9312591553, 150.843673706, 151.592895508, 139.283874512, 118.372993469, 158.494415283, 264.872833252, 125.512153625, 65.2983551025, 74.4969100952, 64.5958480835], [-126.753120422, 129.860748291, -6.11619901657, 33.063709259, 120.945785522, 105.06060791, 90.3039932251, 65.5205383301, 125.512153625, 218.247177124, 121.557258606, 36.6564750671, 23.8588581085], [-288.879486084, 166.039550781, -14.2287254333, -15.4091949463, 78.8035202026, 102.94871521, 121.547592163, 79.9986572266, 65.2983551025, 121.557258606, 205.836410522, 78.2174301147, 15.9988536835], [-110.954750061, 103.496261597, 96.5954971313, 78.4967880249, 78.588508606, 78.5353851318, 83.7686920166, 76.6197662354, 74.4969100952, 36.6564750671, 78.2174301147, 178.249694824, 78.4684753418], [-84.6067428589, 84.9266357422, 67.9139251709, 80.3401489258, 68.9605255127, 43.8201942444, 53.9918174744, 70.8202209473, 64.5958480835, 23.8588581085, 15.9988536835, 78.4684753418, 155.843719482]],
