{
"lowlevel": {
    "average_loudness": 0.611402451992,
    "barkbands_crest": {
        "dmean": 2.14528989792,
        "dmean2": 3.43025898933,
        "dvar": 4.5701751709,
        "dvar2": 11.4278793335,
        "max": 22.5428199768,
        "mean": 8.43974781036,
        "median": 7.73366928101,
        "min": 2.3724462986,
        "var": 13.1968955994
    },
    "barkbands_flatness_db": {
        "dmean": 0.0160258878022,
        "dmean2": 0.0238426215947,
        "dvar": 0.000234491104493,
        "dvar2": 0.000478952220874,
        "max": 0.452070444822,
        "mean": 0.172737896442,
        "median": 0.170858800411,
        "min": 0.0287698768079,
        "var": 0.00217268127017
    },
    "barkbands_kurtosis": {
        "dmean": 1.17113757133,
        "dmean2": 1.81000947952,
        "dvar": 3.37397694588,
        "dvar2": 7.28524875641,
        "max": 64.9700393677,
        "mean": 1.1962839365,
        "median": 0.26498401165,
        "min": -1.81483268738,
        "var": 12.1670885086
    },
    "barkbands_skewness": {
        "dmean": 0.36633631587,
        "dmean2": 0.555169522762,
        "dvar": 0.125818610191,
        "dvar2": 0.27700188756,
        "max": 7.05286407471,
        "mean": 0.749732911587,
        "median": 0.705072522163,
        "min": -2.3945338726,
        "var": 0.966599464417
    },
    "barkbands_spread": {
        "dmean": 4.06096363068,
        "dmean2": 6.07332706451,
        "dvar": 17.3573322296,
        "dvar2": 36.7715568542,
        "max": 98.0105056763,
        "mean": 22.0024814606,
        "median": 20.954656601,
        "min": 1.31119334698,
        "var": 124.845344543
    },
    "dissonance": {
        "dmean": 0.0168325770646,
        "dmean2": 0.0281280167401,
        "dvar": 0.000358940567821,
        "dvar2": 0.000997310969979,
        "max": 0.499999850988,
        "mean": 0.465477347374,
        "median": 0.475171864033,
        "min": 0.251499950886,
        "var": 0.000921491009649
    },
    "dynamic_complexity": 5.08010959625,
    "erbbands_crest": {
        "dmean": 2.45167517662,
        "dmean2": 3.90520238876,
        "dvar": 6.31117963791,
        "dvar2": 14.7948827744,
        "max": 30.3975296021,
        "mean": 9.16070556641,
        "median": 7.89617729187,
        "min": 2.61609649658,
        "var": 21.0335788727
    },
    "erbbands_flatness_db": {
        "dmean": 0.013143834658,
        "dmean2": 0.0190657489002,
        "dvar": 0.000184477161383,
        "dvar2": 0.000317509344313,
        "max": 0.381856352091,
        "mean": 0.232559770346,
        "median": 0.228278845549,
        "min": 0.0450007990003,
        "var": 0.00187958078459
    },
    "erbbands_kurtosis": {
        "dmean": 0.740811169147,
        "dmean2": 1.15581190586,
        "dvar": 0.984934449196,
        "dvar2": 2.21575927734,
        "max": 29.3960762024,
        "mean": 0.236367329955,
        "median": -0.317174196243,
        "min": -1.77205514908,
        "var": 3.44173121452
    },
    "erbbands_skewness": {
        "dmean": 0.309786021709,
        "dmean2": 0.466092199087,
        "dvar": 0.0802361294627,
        "dvar2": 0.172073334455,
        "max": 3.50136375427,
        "mean": -0.0760981813073,
        "median": -0.134635061026,
        "min": -2.58862376213,
        "var": 0.609430134296
    },
    "erbbands_spread": {
        "dmean": 5.28954792023,
        "dmean2": 8.18289089203,
        "dvar": 27.1595954895,
        "dvar2": 61.0158233643,
        "max": 92.2059020996,
        "mean": 30.8168563843,
        "median": 30.7187767029,
        "min": 2.62637257576,
        "var": 179.648071289
    },
    "hfc": {
        "dmean": 3.65918779373,
        "dmean2": 4.88498783112,
        "dvar": 42.7335090637,
        "dvar2": 69.5969085693,
        "max": 170.181900024,
        "mean": 14.5476150513,
        "median": 7.08923721313,
        "min": 1.07078986899e-16,
        "var": 407.728881836
    },
    "melbands_crest": {
        "dmean": 2.66964435577,
        "dmean2": 4.26141691208,
        "dvar": 7.00209140778,
        "dvar2": 17.9250431061,
        "max": 29.1416168213,
        "mean": 11.5593395233,
        "median": 10.8817481995,
        "min": 1.59619939327,
        "var": 21.0532741547
    },
    "melbands_flatness_db": {
        "dmean": 0.0186156071723,
        "dmean2": 0.0269205644727,
        "dvar": 0.000380797166144,
        "dvar2": 0.000749455473851,
        "max": 0.609941601753,
        "mean": 0.201584711671,
        "median": 0.197363078594,
        "min": 0.00279294280335,
        "var": 0.00448786932975
    },
    "melbands_kurtosis": {
        "dmean": 2.52295613289,
        "dmean2": 3.88089776039,
        "dvar": 15.8921661377,
        "dvar2": 35.1009483337,
        "max": 149.649551392,
        "mean": 4.9363117218,
        "median": 2.544454813,
        "min": -1.75929772854,
        "var": 69.4088668823
    },
    "melbands_skewness": {
        "dmean": 0.446999907494,
        "dmean2": 0.676472783089,
        "dvar": 0.203633904457,
        "dvar2": 0.460082858801,
        "max": 10.0036201477,
        "mean": 1.61465477943,
        "median": 1.50204586983,
        "min": -1.63253426552,
        "var": 1.47499704361
    },
    "melbands_spread": {
        "dmean": 6.70401620865,
        "dmean2": 10.1506280899,
        "dvar": 54.33436203,
        "dvar2": 121.363243103,
        "max": 160.776321411,
        "mean": 31.8565235138,
        "median": 26.0636405945,
        "min": 1.13467288017,
        "var": 494.817810059
    },
    "pitch_salience": {
        "dmean": 0.0578907839954,
        "dmean2": 0.0923695042729,
        "dvar": 0.00260124891065,
        "dvar2": 0.00646400544792,
        "max": 0.951583087444,
        "mean": 0.600423693657,
        "median": 0.603987514973,
        "min": 0.136530220509,
        "var": 0.00906391069293
    },
    "silence_rate_20dB": {
        "dmean": 0,
        "dmean2": 0,
        "dvar": 0,
        "dvar2": 0,
        "max": 1,
        "mean": 1,
        "median": 1,
        "min": 1,
        "var": 0
    },
    "silence_rate_30dB": {
        "dmean": 0,
        "dmean2": 0,
        "dvar": 0,
        "dvar2": 0,
        "max": 1,
        "mean": 1,
        "median": 1,
        "min": 1,
        "var": 0
    },
    "silence_rate_60dB": {
        "dmean": 0.0471877455711,
        "dmean2": 0.0943860411644,
        "dvar": 0.0449618399143,
        "dvar2": 0.098675057292,
        "max": 1,
        "mean": 0.190742403269,
        "median": 0,
        "min": 0,
        "var": 0.154356732965
    },
    "spectral_centroid": {
        "dmean": 228.997512817,
        "dmean2": 342.157287598,
        "dvar": 71345.3984375,
        "dvar2": 147730.875,
        "max": 11902.2392578,
        "mean": 1762.61572266,
        "median": 1570.02612305,
        "min": 176.75819397,
        "var": 1816692.375
    },
    "spectral_complexity": {
        "dmean": 2.84334111214,
        "dmean2": 4.18608808517,
        "dvar": 9.8785572052,
        "dvar2": 18.2655677795,
        "max": 49,
        "mean": 15.5977191925,
        "median": 15,
        "min": 0,
        "var": 79.2082061768
    },
    "spectral_decrease": {
        "dmean": 7.61962493101e-10,
        "dmean2": 1.06712771952e-09,
        "dvar": 1.21141055658e-18,
        "dvar2": 2.1500779517e-18,
        "max": 1.97618082701e-28,
        "mean": -3.14112202915e-09,
        "median": -1.88347004659e-09,
        "min": -1.93304181551e-08,
        "var": 1.05399237846e-17
    },
    "spectral_energy": {
        "dmean": 0.00316486158408,
        "dmean2": 0.00439844187349,
        "dvar": 2.14431329368e-05,
        "dvar2": 3.72472677554e-05,
        "max": 0.0872799083591,
        "mean": 0.0131747927517,
        "median": 0.00785784702748,
        "min": 9.69573615773e-21,
        "var": 0.000193244602997
    },
    "spectral_energyband_high": {
        "dmean": 0.000117614217743,
        "dmean2": 0.000168150974787,
        "dvar": 5.42756417587e-08,
        "dvar2": 1.08216269723e-07,
        "max": 0.00710052624345,
        "mean": 0.000292829849059,
        "median": 0.000107299172669,
        "min": 6.82707864016e-21,
        "var": 2.43649367349e-07
    },
    "spectral_energyband_low": {
        "dmean": 0.000417726987507,
        "dmean2": 0.000667506712489,
        "dvar": 4.46051870995e-07,
        "dvar2": 1.12217071546e-06,
        "max": 0.0115325096995,
        "mean": 0.00113315100316,
        "median": 0.000818816246465,
        "min": 1.50790351825e-23,
        "var": 1.1999330809e-06
    },
    "spectral_energyband_middle_high": {
        "dmean": 0.00178512721322,
        "dmean2": 0.00242206244729,
        "dvar": 1.29842146634e-05,
        "dvar2": 2.26240608754e-05,
        "max": 0.0754496008158,
        "mean": 0.00606733234599,
        "median": 0.00209451513365,
        "min": 1.19038015028e-21,
        "var": 0.000100040640973
    },
    "spectral_energyband_middle_low": {
        "dmean": 0.0019876761362,
        "dmean2": 0.00297856586985,
        "dvar": 9.05580964172e-06,
        "dvar2": 1.97001518245e-05,
        "max": 0.0651694461703,
        "mean": 0.00596123700961,
        "median": 0.00382302887738,
        "min": 1.44448648521e-22,
        "var": 3.88335138268e-05
    },
    "spectral_entropy": {
        "dmean": 0.108348011971,
        "dmean2": 0.158717289567,
        "dvar": 0.0122277000919,
        "dvar2": 0.0234741028398,
        "max": 9.8215970993,
        "mean": 7.34736776352,
        "median": 7.35597324371,
        "min": 5.05954027176,
        "var": 0.20148833096
    },
    "spectral_flux": {
        "dmean": 0.0154839549214,
        "dmean2": 0.0239065680653,
        "dvar": 0.000407648913097,
        "dvar2": 0.00094955653185,
        "max": 0.279039412737,
        "mean": 0.0545643828809,
        "median": 0.043048992753,
        "min": 6.13682299422e-11,
        "var": 0.00174114538822
    },
    "spectral_kurtosis": {
        "dmean": 3.14878249168,
        "dmean2": 5.57415008545,
        "dvar": 12.1506710052,
        "dvar2": 34.3379020691,
        "max": 174.284378052,
        "mean": 4.94556522369,
        "median": 3.47891664505,
        "min": -1.26978397369,
        "var": 46.5497703552
    },
    "spectral_rms": {
        "dmean": 0.00041484151734,
        "dmean2": 0.000569224765059,
        "dvar": 2.51554354236e-07,
        "dvar2": 4.28066584846e-07,
        "max": 0.00922773685306,
        "mean": 0.00313217751682,
        "median": 0.00276878895238,
        "min": 3.0755901298e-12,
        "var": 3.04294735542e-06
    },
    "spectral_rolloff": {
        "dmean": 372.542327881,
        "dmean2": 599.656555176,
        "dvar": 242487.5625,
        "dvar2": 508449.09375,
        "max": 19509.0820312,
        "mean": 2078.47900391,
        "median": 1701.12304688,
        "min": 129.19921875,
        "var": 5731103.5
    },
    "spectral_skewness": {
        "dmean": 0.316999852657,
        "dmean2": 0.547867417336,
        "dvar": 0.0866212770343,
        "dvar2": 0.246668279171,
        "max": 10.4765205383,
        "mean": 1.0911552906,
        "median": 0.974220514297,
        "min": -0.117387831211,
        "var": 0.500312268734
    },
    "spectral_spread": {
        "dmean": 221607.109375,
        "dmean2": 356551.125,
        "dvar": 329868509184,
        "dvar2": 714038312960,
        "max": 46916160,
        "mean": 3268170.5,
        "median": 2640508.25,
        "min": 484601.78125,
        "var": 2.28682157261e+13
    },
    "spectral_strongpeak": {
        "dmean": 0.583089530468,
        "dmean2": 0.945691347122,
        "dvar": 1.11474430561,
        "dvar2": 2.64983725548,
        "max": 14.3060522079,
        "mean": 1.29399454594,
        "median": 0.467432081699,
        "min": 0,
        "var": 3.69131231308
    },
    "zerocrossingrate": {
        "dmean": 0.00652510393411,
        "dmean2": 0.00788392405957,
        "dvar": 5.72546960029e-05,
        "dvar2": 9.29514935706e-05,
        "max": 0.53515625,
        "mean": 0.0668105110526,
        "median": 0.0576171875,
        "min": 0.0048828125,
        "var": 0.00378073053434
    },
    "barkbands": {
        "dmean": [5.16974250786e-06, 0.000242716720095, 0.000179479509825, 0.00029638162232, 0.000784301199019, 0.000336890050676, 0.000489102967549, 0.000783001014497, 0.000337091536494, 0.000274843681837, 0.000288822717266, 0.00050491647562, 0.000475926353829, 0.000399139826186, 0.000341101171216, 0.000365068932297, 0.000189251048141, 0.000116692433949, 0.000203493691515, 0.000134148227517, 5.9517507907e-05, 1.60239760589e-05, 5.00296982864e-06, 1.68356075392e-06, 5.12600479396e-07, 8.36655402736e-08, 8.42640091037e-09],
        "dmean2": [8.60615182319e-06, 0.000387575040804, 0.00029098187224, 0.000464578159153, 0.00130002945662, 0.000522776274011, 0.000729189196136, 0.00115414184984, 0.000479837035527, 0.000384063547244, 0.000426867831266, 0.000722787517589, 0.000697819225024, 0.000598880578764, 0.000510627403855, 0.000555185659323, 0.000297925813356, 0.00018656688917, 0.000309310213197, 0.000203684146982, 8.8930108177e-05, 2.33707087318e-05, 7.32236503609e-06, 2.44678085437e-06, 7.2989621458e-07, 1.10510868012e-07, 1.33319808526e-08],
        "dvar": [7.16383757871e-11, 2.34368243923e-07, 8.47624406219e-08, 2.54845645031e-07, 2.23200572691e-06, 4.85340649448e-07, 1.71592535025e-06, 4.48745322501e-06, 1.30717285174e-06, 7.11137033704e-07, 1.76050230039e-06, 4.04403090215e-06, 2.99342832477e-06, 3.45741386809e-06, 1.29352088152e-06, 9.97886331788e-07, 2.7287597959e-07, 4.83921347438e-08, 3.72683530259e-07, 1.02899491594e-07, 2.06118286883e-08, 2.06482542175e-09, 2.63782523602e-10, 5.65578174572e-11, 9.41347867711e-12, 2.31220397646e-13, 9.97990820301e-15],
        "dvar2": [1.93707896945e-10, 6.01476301654e-07, 2.19730736717e-07, 6.47184322133e-07, 6.01112105869e-06, 9.89186787592e-07, 3.43548231285e-06, 8.92823754839e-06, 2.38253505813e-06, 1.18569687402e-06, 3.30406260218e-06, 7.31956288291e-06, 6.06957200944e-06, 7.4810627666e-06, 2.58251316154e-06, 2.11853785004e-06, 6.30140618796e-07, 1.21920152196e-07, 8.51970753502e-07, 2.19226379272e-07, 4.36878515586e-08, 3.81230202962e-09, 5.7223009664e-10, 1.22110058176e-10, 1.87596327361e-11, 4.25504005945e-13, 2.08065698324e-14],
        "max": [0.000194116844796, 0.0079566705972, 0.00575026497245, 0.0105884028599, 0.0223019551486, 0.0254935920238, 0.0325474888086, 0.0427377000451, 0.0576417520642, 0.0428370349109, 0.0502655245364, 0.0580701343715, 0.0569125264883, 0.0455458499491, 0.0349696874619, 0.0290911123157, 0.0219489950687, 0.00475209346041, 0.0230119917542, 0.00968860276043, 0.00572348944843, 0.00229411595501, 0.000586352834944, 0.000214009531192, 0.000121010372823, 2.17286360567e-05, 5.18410661243e-06],
        "mean": [9.79001652013e-06, 0.000484029762447, 0.000429415056715, 0.000601524312515, 0.00139000150375, 0.000660210323986, 0.000922119477764, 0.00141762604471, 0.000839201500639, 0.00061376451049, 0.000542459543794, 0.000974420865532, 0.000889658811502, 0.000603372231126, 0.000675450486597, 0.000674007402267, 0.000360733654816, 0.000211607650272, 0.000421680015279, 0.000270536285825, 0.000132609842694, 3.61641177733e-05, 1.02220355984e-05, 3.16283080792e-06, 8.99585245406e-07, 1.53618429977e-07, 1.01572039668e-08],
        "median": [6.94135860613e-06, 0.000315473182127, 0.000223196082516, 0.000292164797429, 0.000763948890381, 0.00030021276325, 0.000224482631893, 0.000279080821201, 0.000137783325044, 0.0001171525073, 8.54873287608e-05, 0.000114943875815, 0.000113847534521, 6.27101326245e-05, 0.000138038099976, 0.000168627986568, 0.000134772533784, 0.000110784341814, 0.00014348088007, 0.000101447090856, 4.39561044914e-05, 1.16161590995e-05, 2.25827034228e-06, 5.06581386617e-07, 9.61094315244e-08, 1.6072422282e-09, 1.93767044077e-10],
        "min": [3.58387200636e-25, 1.21535076363e-24, 7.69300162304e-25, 4.74920543872e-25, 5.59307114967e-24, 6.46199907019e-24, 7.07526032677e-24, 7.28529296506e-24, 1.66967727513e-23, 1.22794317276e-23, 1.43772613658e-23, 2.06966809271e-23, 1.97360171608e-23, 3.67091973069e-23, 4.50711292131e-23, 5.42747346845e-23, 7.29835618611e-23, 1.1367441468e-22, 1.45798446328e-22, 1.69004512727e-22, 2.24158070015e-22, 3.34341339738e-22, 3.6456503702e-22, 6.10319745725e-22, 8.735976426e-22, 1.26390319834e-21, 2.01286364519e-21],
        "var": [1.06451555903e-10, 3.72390843495e-07, 2.87548743927e-07, 8.37601589865e-07, 3.55452721124e-06, 1.71193994447e-06, 4.41443762611e-06, 1.16306164273e-05, 8.42603185447e-06, 3.63881804333e-06, 7.0338360274e-06, 1.4358338376e-05, 8.99973929336e-06, 7.66561970522e-06, 4.64564982394e-06, 3.22764049088e-06, 8.88464683158e-07, 9.24167977701e-08, 1.17505260278e-06, 2.93690618491e-07, 7.16549877211e-08, 7.43876915621e-09, 6.24744311839e-10, 1.01164868149e-10, 1.60612235317e-11, 7.78308895198e-13, 1.5733835201e-14]
    },
    "erbbands": {
        "dmean": [0.0049535818398, 0.0625457987189, 0.181240707636, 0.561450302601, 2.11753058434, 2.82252907753, 2.20069694519, 3.02474045753, 5.12905311584, 11.1413660049, 16.4523448944, 7.59233140945, 6.89206981659, 9.70038414001, 12.1565465927, 20.6779708862, 19.3373279572, 21.0282440186, 15.5615797043, 17.0604743958, 19.9169330597, 8.48547267914, 6.81080722809, 6.47003650665, 10.6509160995, 6.16916751862, 3.26039099693, 1.62142145634, 0.688339054585, 0.297107249498, 0.119473926723, 0.0487232655287, 0.02274296619, 0.00819808058441, 0.00255688652396, 0.00066874321783, 9.30217720452e-05, 1.30484677356e-05, 3.32516401613e-06, 3.89095930586e-06],
        "dmean2": [0.00777138536796, 0.100456669927, 0.292768150568, 0.900097310543, 3.41194152832, 4.76442146301, 3.41914248466, 4.72282600403, 7.77771854401, 16.3870754242, 24.1319828033, 10.5222606659, 9.71817111969, 13.3951692581, 17.3836307526, 29.2080497742, 28.1042137146, 30.7961406708, 22.1167907715, 25.3803081512, 30.4095726013, 12.8547992706, 10.7387361526, 9.86582565308, 16.126531601, 9.34646224976, 4.85580396652, 2.34687113762, 1.00305831432, 0.426646173, 0.171226218343, 0.0708538666368, 0.0331843979657, 0.0119048887864, 0.00350713357329, 0.000882009160705, 0.000121236473205, 1.86439992831e-05, 4.78347328681e-06, 5.35045637662e-06],
        "dvar": [0.000132354558446, 0.0145255494863, 0.0862911567092, 0.810271680355, 17.1911029816, 35.360206604, 25.0966110229, 43.6549606323, 195.267379761, 971.380187988, 2208.63598633, 724.928466797, 457.474029541, 1136.13793945, 2416.16723633, 7931.64453125, 5268.08740234, 9199.47167969, 3663.32836914, 2462.69042969, 2890.43798828, 395.561004639, 167.012069702, 287.395690918, 1315.25622559, 189.728713989, 51.5316009521, 20.3301620483, 3.98055267334, 0.777759075165, 0.156183719635, 0.0371066331863, 0.0129946023226, 0.00255071395077, 0.000206733617233, 1.38801160574e-05, 2.7820973969e-07, 1.0989297472e-08, 4.80913198153e-10, 3.32720760665e-11],
        "dvar2": [0.000319495477015, 0.0380911640823, 0.222772359848, 2.15140771866, 45.690158844, 95.431350708, 50.5073318481, 90.0822296143, 405.592285156, 1936.72180176, 4340.30078125, 1342.19921875, 837.188293457, 2015.45288086, 4469.57910156, 14154.421875, 11033.1503906, 19456.6386719, 6965.93945312, 5116.05615234, 6039.41650391, 824.91015625, 412.35333252, 576.182617188, 2982.80029297, 418.689758301, 108.078071594, 42.2311210632, 7.45885372162, 1.52723526955, 0.328697562218, 0.0785608813167, 0.0281407907605, 0.00524862669408, 0.000403655489208, 2.62444700638e-05, 4.69819326554e-07, 2.29788312822e-08, 1.1300668179e-09, 5.62457684594e-11],
        "max": [0.206418693066, 1.85858845711, 7.7738571167, 12.7975673676, 67.0886688232, 90.1198120117, 180.874633789, 183.804153442, 424.298431396, 695.801513672, 1064.44799805, 1239.75964355, 875.057006836, 1487.75585938, 1871.6315918, 2946.17700195, 2317.22021484, 2552.18676758, 2291.46484375, 1781.10192871, 1985.16247559, 936.031982422, 296.296936035, 1086.00061035, 1665.77160645, 436.925567627, 207.948181152, 197.376098633, 96.7458267212, 39.5598449707, 14.8881464005, 5.83708810806, 3.23583579063, 1.72372317314, 0.604986190796, 0.183628857136, 0.0228465367109, 0.00654692202806, 0.000815530424006, 0.000121288678201],
        "mean": [0.0086778216064, 0.129540279508, 0.475924313068, 1.23555088043, 3.8724656105, 4.47261953354, 4.57350158691, 5.68332624435, 10.1573152542, 20.8973064423, 32.4650840759, 19.1218414307, 16.7682495117, 21.9736366272, 25.0920219421, 41.767780304, 40.4572601318, 35.8073692322, 29.9258270264, 36.278881073, 38.9926757812, 19.1709289551, 13.1622076035, 13.6773557663, 23.1292381287, 13.0917491913, 7.24999809265, 3.66646075249, 1.5925283432, 0.657884001732, 0.248272076249, 0.09358471632, 0.0410944148898, 0.0142458518967, 0.00455522816628, 0.00126555084717, 0.000180626171641, 2.24130944844e-05, 9.77517720457e-06, 1.638015965e-05],
        "median": [0.00447901431471, 0.0874041318893, 0.26426678896, 0.805242419243, 1.65963387489, 2.13521957397, 1.98795127869, 2.65506958961, 3.03500270844, 5.9942908287, 7.12835788727, 3.7335319519, 3.58294248581, 5.13356399536, 4.90389823914, 5.19146537781, 5.12848567963, 4.52266645432, 5.4162902832, 7.62999343872, 12.1275053024, 7.89756298065, 7.00237989426, 6.01364803314, 7.38489723206, 5.2098274231, 2.43728375435, 1.28445100784, 0.546615302563, 0.173788174987, 0.0533022731543, 0.015684440732, 0.00657439650968, 0.00197484763339, 0.000289827177767, 3.51980816049e-05, 7.5926759564e-06, 2.16867010749e-06, 4.83816620545e-06, 9.62892772804e-06],
        "min": [5.05428798665e-23, 4.92814256458e-22, 2.49180566272e-21, 4.41855407081e-21, 8.96027081118e-21, 2.31572896023e-20, 5.99618314655e-20, 7.79640668669e-20, 8.66604169794e-20, 1.63686467494e-19, 2.45491308428e-19, 3.97861053339e-19, 3.70097382313e-19, 4.95319783302e-19, 8.27783420424e-19, 1.05820802174e-18, 1.41728195577e-18, 2.02715953306e-18, 2.14799428374e-18, 3.11224761599e-18, 3.80628440996e-18, 5.52210804971e-18, 5.8061858603e-18, 5.60019927621e-18, 7.52075425347e-18, 9.27463357808e-18, 8.8024160187e-18, 9.5096653686e-18, 1.18570517458e-17, 1.13303626887e-17, 1.09249631249e-17, 1.0982180035e-17, 1.0287410359e-17, 7.38851206176e-18, 6.54237867343e-18, 3.91602191234e-18, 2.15344933309e-18, 1.03391227958e-18, 2.54267462083e-19, 2.64535219484e-20],
        "var": [0.000179511844181, 0.0247846264392, 0.317161202431, 1.94229149818, 39.0581741333, 49.3344955444, 106.058135986, 117.586288452, 506.249542236, 2380.4519043, 6462.22753906, 4090.11181641, 2320.62304688, 5138.31933594, 8132.38623047, 26052.9414062, 17504.3808594, 19325.6484375, 10934.2158203, 9780.82421875, 10487.9521484, 2093.57128906, 338.268218994, 903.197143555, 4294.45214844, 584.89831543, 190.907409668, 62.0060806274, 14.1889467239, 2.42659807205, 0.36722111702, 0.0730942636728, 0.0211707074195, 0.00383292022161, 0.000447796162916, 4.77585599583e-05, 9.99622784548e-07, 2.20873701551e-08, 6.8785477314e-10, 3.14551301672e-10]
    },
    "gfcc": {
        "mean": [-111.096702576, 151.644348145, -176.60484314, 47.1163063049, -52.4310455322, -13.7948007584, -16.7957210541, -12.125872612, -8.87931156158, -11.6507701874, -5.42486858368, -16.6627902985, -0.615414559841],
        "cov": [[28384.9082031, 1220.86572266, -4182.34082031, 1640.35705566, -1502.12158203, 100.882530212, -588.700622559, -235.7368927, -244.642959595, -104.19631958, -89.4190216064, -411.283752441, 76.9088363647], [1220.86572266, 1581.23864746, -272.614624023, -64.5522766113, 95.6481170654, -279.716918945, 227.880722046, -177.995056152, 110.848152161, -172.0625, 50.8739051819, -91.7170639038, 34.8776397705], [-4182.34082031, -272.614624023, 999.726013184, -130.816665649, 218.833053589, 50.2808380127, 12.9164562225, 88.5428466797, 8.44920825958, 32.5455093384, -12.5833320618, 87.7279510498, -0.896341085434], [1640.35705566, -64.5522766113, -130.816665649, 650.801330566, -16.8332004547, -48.9108467102, -75.5971984863, -5.29544782639, -6.19358825684, -41.3842048645, 2.34857797623, -6.78165531158, 50.8393783569], [-1502.12158203, 95.6481170654, 218.833053589, -16.8332004547, 272.067077637, -32.6622390747, 39.330947876, -25.462808609, 26.4823226929, 5.73085451126, -6.89349842072, 8.24596786499, -0.252655237913], [100.882530212, -279.716918945, 50.2808380127, -48.9108467102, -32.6622390747, 216.279632568, -9.7135887146, 51.2960548401, -34.3983650208, 49.5814704895, -3.91771507263, 17.9751873016, -10.7722625732], [-588.700622559, 227.880722046, 12.9164562225, -75.5971984863, 39.330947876, -9.7135887146, 226.898651123, 4.09553003311, 38.7534446716, -41.6749382019, 28.7095794678, 1.11359345913, 0.768507301807], [-235.7368927, -177.995056152, 88.5428466797, -5.29544782639, -25.462808609, 51.2960548401, 4.09553003311, 144.199279785, 2.89319300652, 28.8097953796, -6.47980451584, 34.7176055908, -9.07479476929], [-244.642959595, 110.848152161, 8.44920825958, -6.19358825684, 26.4823226929, -34.3983650208, 38.7534446716, 2.89319300652, 106.510269165, 16.0465488434, 20.6620807648, -15.0820350647, 9.56075572968], [-104.19631958, -172.0625, 32.5455093384, -41.3842048645, 5.73085451126, 49.5814704895, -41.6749382019, 28.8097953796, 16.0465488434, 114.230392456, 10.6398248672, 3.94560909271, -20.6170902252], [-89.4190216064, 50.8739051819, -12.5833320618, 2.34857797623, -6.89349842072, -3.91771507263, 28.7095794678, -6.47980451584, 20.6620807648, 10.6398248672, 77.6993713379, 11.077545166, 3.53898596764], [-411.283752441, -91.7170639038, 87.7279510498, -6.78165531158, 8.24596786499, 17.9751873016, 1.11359345913, 34.7176055908, -15.0820350647, 3.94560909271, 11.077545166, 82.5647354126, 17.4242763519], [76.9088363647, 34.8776397705, -0.896341085434, 50.8393783569, -0.252655237913, -10.7722625732, 0.768507301807, -9.07479476929, 9.56075572968, -20.6170902252, 3.53898596764, 17.4242763519, 66.6256561279]],
        "icov": [[0.000231145400903, -0.000373146380298, 0.000706714752596, -0.000471096922411, 0.000645568186883, -0.000563375535421, 0.000460124458186, -0.000164901925018, 0.00032141659176, -0.000397725001676, 0.000441252603196, 9.47996013565e-05, -3.63377730537e-05], [-0.000373146380298, 0.00191249256022, -0.000862776534632, 0.00103728834074, -0.00142770714592, 0.00189727626275, -0.00148065958638, 0.000869931245688, -0.00116097112186, 0.00186273944564, -0.0012805655133, 0.000580629392061, -0.000277444778476], [0.000706714752596, -0.000862776534632, 0.00371024687774, -0.00110782776028, 0.00060672260588, -0.00176420796197, 0.00154297146946, -0.00119863369036, 0.000690506480169, -0.000740185263567, 0.00132467341609, -0.000646565458737, -0.000162290831213], [-0.000471096922411, 0.00103728834074, -0.00110782776028, 0.00287602259777, -0.00171532749664, 0.00158221356105, -0.000220844493015, -0.000166249184986, -0.000682794838212, 0.00183757790364, -0.00155819288921, 0.000396650080802, -0.00133381853811], [0.000645568186883, -0.00142770714592, 0.00060672260588, -0.00171532749664, 0.00720440037549, -0.00112271588296, 0.000302374974126, 0.00130934792105, 0.000279783707811, -0.00264554400928, 0.0027422348503, -0.000472732266644, 0.000459054717794], [-0.000563375535421, 0.00189727626275, -0.00176420796197, 0.00158221356105, -0.00112271588296, 0.00834791362286, -0.00247492315248, -0.000584499211982, 0.00144834327511, -0.00117277586833, -0.00130068755243, 0.000571073440369, -0.00093054107856], [0.000460124458186, -0.00148065958638, 0.00154297146946, -0.000220844493015, 0.000302374974126, -0.00247492315248, 0.00763405440375, -0.00171769643202, -0.00136253179517, 0.00240707932971, -0.00127507315483, -0.000240568740992, 0.000783245021012], [-0.000164901925018, 0.000869931245688, -0.00119863369036, -0.000166249184986, 0.00130934792105, -0.000584499211982, -0.00171769643202, 0.0103853680193, -0.00236504641362, -0.000921211089008, 0.00187061156612, -0.00404646480456, 0.00220371643081], [0.00032141659176, -0.00116097112186, 0.000690506480169, -0.000682794838212, 0.000279783707811, 0.00144834327511, -0.00136253179517, -0.00236504641362, 0.01426010672, -0.00512408278883, -0.00183192850091, 0.00411287276074, -0.00391441350803], [-0.000397725001676, 0.00186273944564, -0.000740185263567, 0.00183757790364, -0.00264554400928, -0.00117277586833, 0.00240707932971, -0.000921211089008, -0.00512408278883, 0.0155480867252, -0.00404179608449, 3.03237629851e-05, 0.00347232911736], [0.000441252603196, -0.0012805655133, 0.00132467341609, -0.00155819288921, 0.0027422348503, -0.00130068755243, -0.00127507315483, 0.00187061156612, -0.00183192850091, -0.00404179608449, 0.0168736297637, -0.00405497476459, 0.000613766722381], [9.47996013565e-05, 0.000580629392061, -0.000646565458737, 0.000396650080802, -0.000472732266644, 0.000571073440369, -0.000240568740992, -0.00404646480456, 0.00411287276074, 3.03237629851e-05, -0.00405497476459, 0.0182012747973, -0.006308096461], [-3.63377730537e-05, -0.000277444778476, -0.000162290831213, -0.00133381853811, 0.000459054717794, -0.00093054107856, 0.000783245021012, 0.00220371643081, -0.00391441350803, 0.00347232911736, 0.000613766722381, -0.006308096461, 0.019607771188]]
    },
    "melbands": {
        "dmean": [5.70496886212e-05, 8.72133241501e-05, 0.000133427514811, 0.000192678373423, 7.899836055e-05, 6.75935662002e-05, 8.43264642754e-05, 0.000134584202897, 0.000124604222947, 4.51453015557e-05, 3.637239206e-05, 4.12873559981e-05, 4.13645757362e-05, 5.65559894312e-05, 5.24433708051e-05, 4.68771577289e-05, 4.02234982175e-05, 2.72074121312e-05, 2.51779274549e-05, 2.26795382332e-05, 2.60670094576e-05, 1.06247543954e-05, 6.414341442e-06, 6.54534233036e-06, 5.45540478925e-06, 9.29712768993e-06, 6.56237170915e-06, 4.03551621275e-06, 2.40041754296e-06, 1.49995253196e-06, 9.17998079331e-07, 4.25158674489e-07, 2.83224125042e-07, 1.45487064174e-07, 8.09818629932e-08, 4.24365005358e-08, 2.69693511967e-08, 1.80642079073e-08, 1.13463425322e-08, 5.84403991866e-09],
        "dmean2": [9.05166234588e-05, 0.000140794712934, 0.000210899626836, 0.000321356812492, 0.000125218983158, 0.000105207058368, 0.000126469138195, 0.000198536596145, 0.000181771887583, 6.32545998087e-05, 5.15412684763e-05, 5.69616349821e-05, 5.96376339672e-05, 7.94700317783e-05, 7.60544207878e-05, 6.75798510201e-05, 5.9738613345e-05, 3.90183995478e-05, 3.70185589418e-05, 3.41416016454e-05, 3.99133568862e-05, 1.62820579135e-05, 1.02622498162e-05, 1.05326562334e-05, 8.51360528031e-06, 1.42551789395e-05, 9.90229364106e-06, 6.2331873778e-06, 3.62544187738e-06, 2.23999381888e-06, 1.38545783557e-06, 6.37057212316e-07, 4.1667573214e-07, 2.16373848616e-07, 1.18584587483e-07, 6.30504999322e-08, 4.05461442199e-08, 2.67240416463e-08, 1.68680447388e-08, 8.6913143349e-09],
        "dvar": [1.46716470084e-08, 2.0170679349e-08, 4.99826882105e-08, 1.55696042725e-07, 2.53273686468e-08, 2.09870751888e-08, 4.85331952405e-08, 1.27539422579e-07, 1.27265678884e-07, 2.80527441276e-08, 1.24170584925e-08, 1.9331821477e-08, 3.31139311527e-08, 5.51503092083e-08, 4.60221265541e-08, 3.08775369717e-08, 3.53804772146e-08, 1.3474672933e-08, 8.55910453623e-09, 5.22433651895e-09, 5.39854472237e-09, 8.30515767269e-10, 1.76525571938e-10, 1.71389430426e-10, 2.75542616501e-10, 1.01320241086e-09, 4.20835755133e-10, 7.37865116229e-11, 2.89446522306e-11, 1.76910656263e-11, 6.72539628155e-12, 1.59963296949e-12, 7.62188652036e-13, 2.04729476102e-13, 6.94186800599e-14, 2.57647076823e-14, 1.39211050727e-14, 7.69242966038e-15, 4.09132414227e-15, 1.38735314673e-15],
        "dvar2": [3.62024294986e-08, 5.26671897205e-08, 1.2662083293e-07, 4.24232041496e-07, 5.46844489691e-08, 4.37383000929e-08, 9.82179528819e-08, 2.54049666637e-07, 2.50518695566e-07, 5.21416652077e-08, 2.24007283833e-08, 3.32429763716e-08, 5.95866787023e-08, 9.75129239578e-08, 8.80103669942e-08, 6.40607495939e-08, 7.59597611477e-08, 2.52943426204e-08, 1.57480517515e-08, 1.15811165102e-08, 1.11684084203e-08, 1.75764358623e-09, 4.35185221193e-10, 4.48136111553e-10, 5.49171652597e-10, 2.2616937212e-09, 9.4567276232e-10, 1.72413139321e-10, 6.37327274289e-11, 3.71670298704e-11, 1.512917569e-11, 3.14590107436e-12, 1.35118695746e-12, 4.42585692487e-13, 1.46306320466e-13, 5.4363197971e-14, 3.14133417087e-14, 1.66195860242e-14, 9.22544748656e-15, 2.83205423563e-15],
        "max": [0.00208493717946, 0.00345471547917, 0.00460897851735, 0.0047666952014, 0.00479849008843, 0.00369546050206, 0.00685519678518, 0.0080834319815, 0.0091197239235, 0.00815498549491, 0.00471988599747, 0.0057566720061, 0.00769703555852, 0.00870458222926, 0.00719029549509, 0.00386699382216, 0.00457553658634, 0.00502206850797, 0.00367236160673, 0.00243997946382, 0.00281998305582, 0.00135070248507, 0.000348617846612, 0.000249700038694, 0.00110417115502, 0.00128739292268, 0.000705186685082, 0.000220383095439, 0.000172211744939, 0.000181451090612, 0.000126652783365, 5.12464139319e-05, 5.08825469296e-05, 1.77577931026e-05, 9.14539123187e-06, 5.47074705537e-06, 3.68168412024e-06, 2.71780709227e-06, 2.21440063797e-06, 1.29377633584e-06],
        "mean": [0.000107559608296, 0.000226943433518, 0.000297801743727, 0.000320091145113, 0.000163400749443, 0.000126747632748, 0.000166256926605, 0.00025144655956, 0.000253676553257, 0.000109840628284, 8.51321747177e-05, 9.05541310203e-05, 7.9977005953e-05, 0.000110567365482, 9.61066471064e-05, 8.5990090156e-05, 6.22259758529e-05, 4.53277461929e-05, 5.05389834871e-05, 4.36012560385e-05, 4.66156307084e-05, 2.13036983041e-05, 1.17361614684e-05, 1.13668802442e-05, 1.00073120848e-05, 1.83435749932e-05, 1.33433013616e-05, 7.59160866437e-06, 4.90651518703e-06, 3.03594902107e-06, 1.83192628356e-06, 8.9620948529e-07, 5.86749479226e-07, 2.85307407921e-07, 1.54333065439e-07, 7.79805802154e-08, 4.67042369223e-08, 3.06052889698e-08, 1.86930169122e-08, 9.49513268012e-09],
        "median": [6.78418437019e-05, 0.000140417250805, 0.000169961480424, 0.000165423218277, 7.44359349483e-05, 5.77398386667e-05, 4.77678986499e-05, 6.77813150105e-05, 5.00914902659e-05, 1.95932298084e-05, 1.72333202499e-05, 2.01818565984e-05, 1.47277260112e-05, 1.29349900817e-05, 1.18284642667e-05, 1.04514911072e-05, 6.70831195748e-06, 7.30544024918e-06, 9.58289092523e-06, 9.75964212557e-06, 1.38959567266e-05, 7.44990211388e-06, 5.60245325687e-06, 5.16524414707e-06, 3.76063690055e-06, 5.32542071596e-06, 4.15775002693e-06, 2.94514120469e-06, 1.608412731e-06, 7.85903239375e-07, 6.53043457532e-07, 3.03325379036e-07, 1.52545482024e-07, 6.39949320203e-08, 3.09979739654e-08, 1.28360113649e-08, 6.90116674917e-09, 4.50687931419e-09, 2.9191853379e-09, 1.13768772181e-09],
        "min": [4.21172344259e-25, 9.8269201685e-25, 8.24245261125e-25, 1.47283466727e-24, 1.60382304843e-24, 1.67785567223e-24, 1.51612755096e-24, 1.78098247229e-24, 1.64848194339e-24, 2.29683498708e-24, 1.73108287852e-24, 2.02815369593e-24, 2.19025041246e-24, 2.08536050827e-24, 1.52013900727e-24, 2.19642186853e-24, 2.97861236315e-24, 3.10914734651e-24, 3.66504224363e-24, 3.16539884829e-24, 2.8631550755e-24, 4.90556427684e-24, 4.50673079709e-24, 4.94526843507e-24, 3.74912811081e-24, 5.19531052075e-24, 4.25294319983e-24, 4.27429135365e-24, 4.45074928295e-24, 5.18750079779e-24, 4.44623739301e-24, 5.47443356927e-24, 6.19495782086e-24, 5.60886375056e-24, 4.56113025069e-24, 5.50018198922e-24, 5.59794907108e-24, 5.63776564198e-24, 5.95786212592e-24, 5.67072622275e-24],
        "var": [2.08615844599e-08, 6.34013872514e-08, 1.67191245737e-07, 2.08576551586e-07, 9.94879698624e-08, 5.82688493012e-08, 1.28122337628e-07, 3.08883443267e-07, 4.29084337839e-07, 1.44207447761e-07, 6.41286561631e-08, 8.64742872864e-08, 1.23561974874e-07, 2.11675029504e-07, 1.24801417201e-07, 8.11006515278e-08, 7.34671132818e-08, 3.50200863863e-08, 3.19592174947e-08, 1.39377407393e-08, 1.71275171823e-08, 3.67035180027e-09, 3.34999250562e-10, 3.36073918694e-10, 7.24687032605e-10, 2.95306135101e-09, 1.30071386995e-09, 1.77862113926e-10, 9.09892231005e-11, 5.6624829825e-11, 1.5449365745e-11, 4.95153701027e-12, 2.51873695511e-12, 5.14049089753e-13, 1.59263552867e-13, 4.98601065491e-14, 2.30424623745e-14, 1.25329349627e-14, 5.62276394607e-15, 2.0289621813e-15]
    },
    "mfcc": {
        "mean": [-710.282714844, 149.546203613, -46.5702400208, 44.7192153931, -13.4231681824, 4.28071022034, -3.84430336952, -2.98988842964, 0.598890542984, -0.00041705230251, -3.93075323105, 0.0515239275992, 2.37635159492],
        "cov": [[10364.7900391, 853.671447754, -1422.43554688, 577.36895752, -506.788665771, 338.955047607, -270.107391357, -44.7846832275, -166.035705566, 169.972198486, -122.549720764, -32.3416290283, 15.2705783844], [853.671447754, 1543.8873291, -141.219787598, 114.784835815, -64.8558425903, -43.1870231628, 64.7408447266, -20.5317173004, 84.6584625244, -74.0815963745, 16.747127533, 17.6693458557, 37.0565948486], [-1422.43554688, -141.219787598, 502.404907227, -33.5118675232, 115.918510437, -46.6832618713, 34.1161575317, 27.7905101776, 34.1373062134, -43.0409240723, -2.0081911087, 15.9802885056, 1.50647115707], [577.36895752, 114.784835815, -33.5118675232, 470.131164551, 82.4537887573, 0.764269173145, -21.8708686829, 17.3914680481, 10.6338310242, -21.5644817352, -30.6018600464, -27.5312671661, 4.75297021866], [-506.788665771, -64.8558425903, 115.918510437, 82.4537887573, 249.79598999, 7.70619726181, -7.47910022736, -38.2089614868, 8.08359336853, 3.39026331902, -17.5018596649, -16.6870326996, -12.3083133698], [338.955047607, -43.1870231628, -46.6832618713, 0.764269173145, 7.70619726181, 143.1328125, 13.1360044479, -15.7658138275, -11.5665664673, 16.7599563599, -0.608711838722, -2.53432750702, 0.0809760466218], [-270.107391357, 64.7408447266, 34.1161575317, -21.8708686829, -7.47910022736, 13.1360044479, 121.776527405, 44.6726493835, 15.86444664, -15.268661499, 10.8778944016, 16.8664093018, -3.46529316902], [-44.7846832275, -20.5317173004, 27.7905101776, 17.3914680481, -38.2089614868, -15.7658138275, 44.6726493835, 123.208808899, 27.9934062958, -24.6645774841, -0.352208286524, 10.6963710785, 3.52275848389], [-166.035705566, 84.6584625244, 34.1373062134, 10.6338310242, 8.08359336853, -11.5665664673, 15.86444664, 27.9934062958, 92.2252807617, 5.76142835617, -1.5124348402, 2.27220869064, 8.61550426483], [169.972198486, -74.0815963745, -43.0409240723, -21.5644817352, 3.39026331902, 16.7599563599, -15.268661499, -24.6645774841, 5.76142835617, 93.9541549683, 28.1757621765, -1.21604371071, -2.15694379807], [-122.549720764, 16.747127533, -2.0081911087, -30.6018600464, -17.5018596649, -0.608711838722, 10.8778944016, -0.352208286524, -1.5124348402, 28.1757621765, 84.0637359619, 32.5959663391, -0.733761668205], [-32.3416290283, 17.6693458557, 15.9802885056, -27.5312671661, -16.6870326996, -2.53432750702, 16.8664093018, 10.6963710785, 2.27220869064, -1.21604371071, 32.5959663391, 76.0075759888, 17.9775180817], [15.2705783844, 37.0565948486, 1.50647115707, 4.75297021866, -12.3083133698, 0.0809760466218, -3.46529316902, 3.52275848389, 8.61550426483, -2.15694379807, -0.733761668205, 17.9775180817, 63.4431381226]],
