{
"lowlevel": {
    "average_loudness": 0.747342824936,
    "barkbands_crest": {
        "dmean": 2.51833796501,
        "dmean2": 4.12529945374,
        "dvar": 5.92407274246,
        "dvar2": 15.0290517807,
        "max": 26.8279399872,
        "mean": 9.66583251953,
        "median": 8.66577339172,
        "min": 2.46678709984,
        "var": 19.1107406616
    },
    "barkbands_flatness_db": {
        "dmean": 0.0222963970155,
        "dmean2": 0.034557133913,
        "dvar": 0.000514488434419,
        "dvar2": 0.00129258539528,
        "max": 0.517013132572,
        "mean": 0.148742780089,
        "median": 0.143882721663,
        "min": 0.0230622645468,
        "var": 0.00223256158642
    },
    "barkbands_kurtosis": {
        "dmean": 7.02446889877,
        "dmean2": 12.2827129364,
        "dvar": 3791.13549805,
        "dvar2": 12179.2685547,
        "max": 2570.22973633,
        "mean": 7.65864181519,
        "median": 1.33563137054,
        "min": -1.9070981741,
        "var": 3798.48144531
    },
    "barkbands_skewness": {
        "dmean": 0.633879840374,
        "dmean2": 1.00999641418,
        "dvar": 1.81460833549,
        "dvar2": 5.41682481766,
        "max": 45.7456436157,
        "mean": 1.29954278469,
        "median": 1.08800375462,
        "min": -3.4973692894,
        "var": 5.01842784882
    },
    "barkbands_spread": {
        "dmean": 5.37730264664,
        "dmean2": 8.15589141846,
        "dvar": 44.2710647583,
        "dvar2": 92.79637146,
        "max": 113.856796265,
        "mean": 21.1108055115,
        "median": 18.2416858673,
        "min": 0.141940400004,
        "var": 177.321899414
    },
    "dissonance": {
        "dmean": 0.020134286955,
        "dmean2": 0.0340113714337,
        "dvar": 0.00045107799815,
        "dvar2": 0.00123852316756,
        "max": 0.500000119209,
        "mean": 0.464728504419,
        "median": 0.473373293877,
        "min": 0.231899261475,
        "var": 0.000886460533366
    },
    "dynamic_complexity": 5.64030408859,
    "erbbands_crest": {
        "dmean": 2.7681415081,
        "dmean2": 4.38948822021,
        "dvar": 7.61774253845,
        "dvar2": 17.4596691132,
        "max": 33.5558433533,
        "mean": 10.3653650284,
        "median": 8.41710281372,
        "min": 2.16668152809,
        "var": 36.121471405
    },
    "erbbands_flatness_db": {
        "dmean": 0.0193007178605,
        "dmean2": 0.0272362511605,
        "dvar": 0.00037831015652,
        "dvar2": 0.000662034668494,
        "max": 0.375999093056,
        "mean": 0.181928649545,
        "median": 0.178912848234,
        "min": 0.0297978632152,
        "var": 0.002660240978
    },
    "erbbands_kurtosis": {
        "dmean": 1.21439146996,
        "dmean2": 1.90065383911,
        "dvar": 4.11017894745,
        "dvar2": 9.19076919556,
        "max": 57.3982887268,
        "mean": 1.28204977512,
        "median": 0.161826372147,
        "min": -1.83489465714,
        "var": 13.1227416992
    },
    "erbbands_skewness": {
        "dmean": 0.374738544226,
        "dmean2": 0.569645941257,
        "dvar": 0.143980622292,
        "dvar2": 0.309304505587,
        "max": 6.60034275055,
        "mean": 0.234763234854,
        "median": 0.235351338983,
        "min": -5.48818349838,
        "var": 0.873262941837
    },
    "erbbands_spread": {
        "dmean": 7.50811767578,
        "dmean2": 11.4278068542,
        "dvar": 81.6302566528,
        "dvar2": 170.148376465,
        "max": 137.590621948,
        "mean": 34.782459259,
        "median": 31.149559021,
        "min": 1.34873771667,
        "var": 402.603973389
    },
    "hfc": {
        "dmean": 6.61365127563,
        "dmean2": 9.87456417084,
        "dvar": 196.150482178,
        "dvar2": 486.808258057,
        "max": 240.647949219,
        "mean": 17.8207035065,
        "median": 10.0588684082,
        "min": 1.20369178687e-16,
        "var": 453.149841309
    },
    "melbands_crest": {
        "dmean": 3.26811027527,
        "dmean2": 5.36221218109,
        "dvar": 10.4679899216,
        "dvar2": 26.3091487885,
        "max": 39.7717132568,
        "mean": 12.7872018814,
        "median": 11.6471853256,
        "min": 1.93944728374,
        "var": 29.1574363708
    },
    "melbands_flatness_db": {
        "dmean": 0.0237055253237,
        "dmean2": 0.0365836136043,
        "dvar": 0.000591483491007,
        "dvar2": 0.0013618854573,
        "max": 0.504329383373,
        "mean": 0.192274138331,
        "median": 0.186358138919,
        "min": 0.00536236912012,
        "var": 0.00387447234243
    },
    "melbands_kurtosis": {
        "dmean": 8.8700761795,
        "dmean2": 14.8063325882,
        "dvar": 2478.23632812,
        "dvar2": 7220.10986328,
        "max": 2486.85717773,
        "mean": 14.2337770462,
        "median": 4.94020032883,
        "min": -1.85227811337,
        "var": 4386.02441406
    },
    "melbands_skewness": {
        "dmean": 0.740698873997,
        "dmean2": 1.15578496456,
        "dvar": 1.32452821732,
        "dvar2": 3.36967420578,
        "max": 43.6579971313,
        "mean": 2.19440889359,
        "median": 1.88648271561,
        "min": -3.24220919609,
        "var": 5.71482038498
    },
    "melbands_spread": {
        "dmean": 7.54146289825,
        "dmean2": 11.685341835,
        "dvar": 128.457870483,
        "dvar2": 283.468139648,
        "max": 208.98916626,
        "mean": 27.8258399963,
        "median": 21.6138935089,
        "min": 0.251994550228,
        "var": 475.647369385
    },
    "pitch_salience": {
        "dmean": 0.0733615532517,
        "dmean2": 0.120518676937,
        "dvar": 0.00520393205807,
        "dvar2": 0.0139529928565,
        "max": 0.988588988781,
        "mean": 0.566083014011,
        "median": 0.581619262695,
        "min": 0.0151594057679,
        "var": 0.0164827685803
    },
    "silence_rate_20dB": {
        "dmean": 0,
        "dmean2": 0,
        "dvar": 0,
        "dvar2": 0,
        "max": 1,
        "mean": 1,
        "median": 1,
        "min": 1,
        "var": 0
    },
    "silence_rate_30dB": {
        "dmean": 0.000968322041444,
        "dmean2": 0.00193677807692,
        "dvar": 0.00096739694709,
        "dvar2": 0.00290146633051,
        "max": 1,
        "mean": 0.999515891075,
        "median": 1,
        "min": 0,
        "var": 0.000483849318698
    },
    "silence_rate_60dB": {
        "dmean": 0.0395628735423,
        "dmean2": 0.0791312158108,
        "dvar": 0.0379950404167,
        "dvar2": 0.0857384651899,
        "max": 1,
        "mean": 0.165018334985,
        "median": 0,
        "min": 0,
        "var": 0.137776374817
    },
    "spectral_centroid": {
        "dmean": 242.345626831,
        "dmean2": 368.135986328,
        "dvar": 92753.5390625,
        "dvar2": 193481.453125,
        "max": 11292.3701172,
        "mean": 1457.56542969,
        "median": 1298.79345703,
        "min": 207.029525757,
        "var": 642129.375
    },
    "spectral_complexity": {
        "dmean": 2.86166834831,
        "dmean2": 4.43951034546,
        "dvar": 12.593462944,
        "dvar2": 27.1760673523,
        "max": 59,
        "mean": 14.5315723419,
        "median": 14,
        "min": 0,
        "var": 72.2959213257
    },
    "spectral_decrease": {
        "dmean": 1.63947433407e-09,
        "dmean2": 2.54579024528e-09,
        "dvar": 9.55699747043e-18,
        "dvar2": 2.37720855438e-17,
        "max": -3.99206984568e-30,
        "mean": -4.07795130997e-09,
        "median": -3.00758196126e-09,
        "min": -5.13958937631e-08,
        "var": 1.62115108156e-17
    },
    "spectral_energy": {
        "dmean": 0.00670093623921,
        "dmean2": 0.0103612104431,
        "dvar": 0.000154637324158,
        "dvar2": 0.000382300204365,
        "max": 0.200203448534,
        "mean": 0.0170075632632,
        "median": 0.0125572197139,
        "min": 1.09328913926e-20,
        "var": 0.000277404527878
    },
    "spectral_energyband_high": {
        "dmean": 0.000451703264844,
        "dmean2": 0.000722069002222,
        "dvar": 3.12619022225e-06,
        "dvar2": 8.60789259605e-06,
        "max": 0.034978736192,
        "mean": 0.000724700512365,
        "median": 0.000206856100704,
        "min": 8.02813115709e-21,
        "var": 2.90237767331e-06
    },
    "spectral_energyband_low": {
        "dmean": 0.00274326698855,
        "dmean2": 0.00457027414814,
        "dvar": 5.50697841391e-05,
        "dvar2": 0.000146488571772,
        "max": 0.120297089219,
        "mean": 0.00379344308749,
        "median": 0.00162939308211,
        "min": 3.6896352979e-23,
        "var": 5.03967094119e-05
    },
    "spectral_energyband_middle_high": {
        "dmean": 0.00221669278108,
        "dmean2": 0.00320598948747,
        "dvar": 1.9626595531e-05,
        "dvar2": 4.02483492508e-05,
        "max": 0.137754023075,
        "mean": 0.00621674116701,
        "median": 0.0022148010321,
        "min": 1.62294875862e-21,
        "var": 8.02514477982e-05
    },
    "spectral_energyband_middle_low": {
        "dmean": 0.0036265400704,
        "dmean2": 0.00580809125677,
        "dvar": 6.91429595463e-05,
        "dvar2": 0.000175066757947,
        "max": 0.151714593172,
        "mean": 0.00741773331538,
        "median": 0.00467150798067,
        "min": 3.31758520782e-22,
        "var": 9.16249045986e-05
    },
    "spectral_entropy": {
        "dmean": 0.157365337014,
        "dmean2": 0.233591035008,
        "dvar": 0.024885321036,
        "dvar2": 0.0480608902872,
        "max": 9.80231380463,
        "mean": 7.43826532364,
        "median": 7.45228528976,
        "min": 5.20149040222,
        "var": 0.17362049222
    },
    "spectral_flux": {
        "dmean": 0.0235542729497,
        "dmean2": 0.0363709256053,
        "dvar": 0.00093815656146,
        "dvar2": 0.00201343744993,
        "max": 0.403738051653,
        "mean": 0.0700429752469,
        "median": 0.0592036098242,
        "min": 1.04560464453e-10,
        "var": 0.00262236245908
    },
    "spectral_kurtosis": {
        "dmean": 1.8033093214,
        "dmean2": 3.06195306778,
        "dvar": 4.29960775375,
        "dvar2": 12.2079639435,
        "max": 47.2407188416,
        "mean": 4.32615613937,
        "median": 3.66422605515,
        "min": -1.22300350666,
        "var": 10.8770341873
    },
    "spectral_rms": {
        "dmean": 0.000695173279382,
        "dmean2": 0.00103308190592,
        "dvar": 9.37871902806e-07,
        "dvar2": 2.10883581531e-06,
        "max": 0.0139757087454,
        "mean": 0.00359343620948,
        "median": 0.00350013514981,
        "min": 3.26592030329e-12,
        "var": 3.6799613099e-06
    },
    "spectral_rolloff": {
        "dmean": 462.539764404,
        "dmean2": 761.812805176,
        "dvar": 790937,
        "dvar2": 1704173.875,
        "max": 18647.7539062,
        "mean": 1671.34875488,
        "median": 1227.39257812,
        "min": 21.533203125,
        "var": 2229236
    },
    "spectral_skewness": {
        "dmean": 0.243782445788,
        "dmean2": 0.396204650402,
        "dvar": 0.0573204122484,
        "dvar2": 0.144971475005,
        "max": 5.22158765793,
        "mean": 1.43158197403,
        "median": 1.42609834671,
        "min": 0.00617636740208,
        "var": 0.304273456335
    },
    "spectral_spread": {
        "dmean": 494862.09375,
        "dmean2": 718731.75,
        "dvar": 510424416256,
        "dvar2": 893530013696,
        "max": 39714520,
        "mean": 4128690.5,
        "median": 3817890,
        "min": 1138879.625,
        "var": 2.24401450598e+12
    },
    "spectral_strongpeak": {
        "dmean": 0.748091816902,
        "dmean2": 1.22062790394,
        "dvar": 1.63012075424,
        "dvar2": 3.89848589897,
        "max": 20.5239868164,
        "mean": 1.45443606377,
        "median": 0.439513921738,
        "min": 0,
        "var": 4.20117616653
    },
    "zerocrossingrate": {
        "dmean": 0.00959723629057,
        "dmean2": 0.0113479373977,
        "dvar": 0.000167617079569,
        "dvar2": 0.000196874374524,
        "max": 0.51025390625,
        "mean": 0.0625779405236,
        "median": 0.056640625,
        "min": 0,
        "var": 0.00125711748842
    },
    "barkbands": {
        "dmean": [3.12875054078e-05, 0.000853121106047, 0.00143936811946, 0.00129815016408, 0.00110475928523, 0.000612521660514, 0.000472743733553, 0.000654755567666, 0.000702984340023, 0.000614042626694, 0.000413109984947, 0.00050254072994, 0.000432178552728, 0.000451766245533, 0.000309380615363, 0.000220935573452, 0.000231305559282, 0.000199518486625, 0.000226399613894, 0.00019652589981, 0.000148201739648, 0.000119042975712, 6.37368575553e-05, 3.11192197842e-05, 2.68645544566e-05, 1.52364937094e-05, 2.46567537943e-06],
        "dmean2": [5.43825299246e-05, 0.0014412633609, 0.0024672888685, 0.00220537581481, 0.00189391837921, 0.00103785586543, 0.000774033018388, 0.00102053885348, 0.00107963487972, 0.000948072352912, 0.000639081583358, 0.000729757768568, 0.000648198940326, 0.000695459137205, 0.000480566435726, 0.000343221239746, 0.000352219911292, 0.000305074179778, 0.000351406168193, 0.0003150163393, 0.000252959027421, 0.00019806009368, 9.87736711977e-05, 4.80520866404e-05, 4.03536141675e-05, 2.35691641137e-05, 4.16722741647e-06],
        "dvar": [1.4725870523e-09, 8.1364705693e-06, 1.51845097207e-05, 1.82069234143e-05, 6.81844130668e-06, 2.98764030049e-06, 3.59715477316e-06, 5.78269373364e-06, 6.5465269472e-06, 3.87320096706e-06, 3.45052444573e-06, 3.76579146177e-06, 2.74015746982e-06, 2.54351789408e-06, 1.18720697628e-06, 5.0689118325e-07, 6.9917740575e-07, 4.29039346272e-07, 4.83772907955e-07, 2.83340682472e-07, 5.39802385902e-07, 3.36748740892e-07, 5.98810103725e-08, 1.23479031444e-08, 1.23321965972e-08, 4.29717950112e-09, 2.53072063305e-10],
        "dvar2": [4.21761559011e-09, 2.22888102144e-05, 4.23228375439e-05, 4.74556582049e-05, 1.93177456822e-05, 8.36079470901e-06, 8.38037703943e-06, 1.32685436256e-05, 1.42841463457e-05, 8.87673650141e-06, 7.81818562245e-06, 7.5264933912e-06, 5.56407530894e-06, 5.75395642954e-06, 2.5733415896e-06, 1.09271854853e-06, 1.35012089686e-06, 9.367175835e-07, 1.09821837668e-06, 7.1013306524e-07, 1.55367149546e-06, 9.47181320043e-07, 1.4806177262e-07, 2.83556396141e-08, 2.54013219347e-08, 9.34246013884e-09, 6.03086913742e-10],
        "max": [0.000423383025918, 0.0356915295124, 0.0582462400198, 0.0886033177376, 0.0445174798369, 0.0311812534928, 0.0785481333733, 0.0727429240942, 0.124051027, 0.0679935365915, 0.0686646029353, 0.067093603313, 0.0523979254067, 0.039098482579, 0.0303610451519, 0.0243651289493, 0.0470423176885, 0.0243219453841, 0.0303437467664, 0.0124389752746, 0.0182982105762, 0.0146874636412, 0.00673503056169, 0.00321147358045, 0.00479708891362, 0.0023543338757, 0.000538959575351],
        "mean": [3.24687534885e-05, 0.00114640733227, 0.00172524212394, 0.00151071860455, 0.00184459448792, 0.000955534225795, 0.000627833302133, 0.000892841839232, 0.0011603202438, 0.000978358089924, 0.000649722118396, 0.000821435067337, 0.00079884758452, 0.000945621926803, 0.000505051924847, 0.000349081878085, 0.000399640179239, 0.000343719439115, 0.000424874713644, 0.000359450292308, 0.000199775269721, 0.000149171188241, 9.10026574275e-05, 4.41349620814e-05, 3.46897104464e-05, 1.5164974684e-05, 1.79481332907e-06],
        "median": [1.58199654834e-05, 0.00047840125626, 0.000536323874258, 0.000539897475392, 0.00105657242239, 0.000417637173086, 0.000196220018552, 0.000176506073331, 0.000152172171511, 0.000153259839863, 0.000130373737193, 0.000111872817797, 0.000104765269498, 9.8625823739e-05, 9.57727679634e-05, 7.7950724517e-05, 8.11165955383e-05, 6.12559597357e-05, 6.52072412777e-05, 6.32192459307e-05, 3.79886150768e-05, 3.48270805262e-05, 2.46636391239e-05, 9.23553216126e-06, 5.30785882802e-06, 5.96508130002e-07, 1.00187258489e-09],
        "min": [5.24074535902e-24, 7.56916771725e-24, 2.15593997235e-23, 1.4524336593e-23, 6.36265860526e-23, 4.13685316684e-23, 1.6417083695e-23, 1.01305466961e-22, 5.32677632053e-23, 9.28495848768e-23, 7.90855334916e-23, 1.45688927191e-22, 7.33460024263e-23, 1.40403256203e-22, 2.01919626713e-22, 1.34010314806e-22, 1.20557913965e-22, 2.13109498746e-22, 1.51122790433e-22, 5.17408137449e-22, 2.90956489062e-22, 5.6594734217e-22, 6.72429478475e-22, 9.45903042829e-22, 1.29394251674e-21, 1.79812909298e-21, 2.4555942966e-21],
        "var": [1.83777715268e-09, 7.04577360011e-06, 1.24809721456e-05, 1.48678736878e-05, 7.27393671696e-06, 2.9553357308e-06, 4.26920178143e-06, 9.01815383259e-06, 1.38811601573e-05, 7.76306751504e-06, 5.79248126087e-06, 8.10515757621e-06, 8.79969957168e-06, 1.07024543468e-05, 2.33041532738e-06, 9.47244416238e-07, 1.73044566054e-06, 1.05708488718e-06, 1.30091700612e-06, 5.88004240853e-07, 4.04334542736e-07, 2.5517050517e-07, 6.61842136651e-08, 1.76978449673e-08, 1.97869436391e-08, 5.64173952e-09, 2.1634331826e-10]
    },
    "erbbands": {
        "dmean": [0.0118007529527, 0.246792718768, 1.33027553558, 3.46570801735, 3.73143458366, 3.62887263298, 4.26987695694, 5.29879522324, 6.66822862625, 8.50178909302, 15.6610736847, 16.6758289337, 17.1628875732, 15.6931324005, 15.403427124, 20.2054233551, 21.0376739502, 22.2892494202, 17.7683238983, 16.275686264, 9.64618968964, 11.3373317719, 9.71206378937, 11.5124044418, 9.79329872131, 9.51643657684, 7.10930871964, 4.98379230499, 4.43475008011, 2.7766020298, 1.67642951012, 0.869383454323, 0.431455284357, 0.306447178125, 0.194335013628, 0.0844881087542, 0.0248988121748, 0.00442807655782, 0.000409430736909, 2.06239255931e-05],
        "dmean2": [0.0184679999948, 0.421614199877, 2.27954363823, 5.88241672516, 6.37446784973, 6.23416280746, 7.12954998016, 9.07585525513, 10.8913078308, 13.994852066, 23.9296131134, 25.2867927551, 26.5601520538, 23.3035202026, 23.3837223053, 29.3888969421, 29.9629707336, 31.7981262207, 25.1356887817, 24.4704627991, 14.4449872971, 16.8889732361, 14.4766120911, 17.3738651276, 14.8079252243, 14.9933862686, 12.1022939682, 8.40599441528, 7.36596441269, 4.47925949097, 2.56825852394, 1.32823896408, 0.660539865494, 0.467742800713, 0.294650793076, 0.13038931787, 0.0391053669155, 0.00719106011093, 0.000684052589349, 3.32847157551e-05],
        "dvar": [0.00130572775379, 0.673835754395, 13.9185218811, 128.853744507, 104.198074341, 75.8546676636, 97.5822906494, 252.625366211, 666.987915039, 1165.89807129, 3190.83984375, 4363.51904297, 3002.14575195, 5222.92578125, 4466.54003906, 5787.05761719, 5549.37597656, 6082.09912109, 3844.08911133, 3047.46289062, 828.037841797, 1760.98535156, 1106.66967773, 1212.41955566, 917.103820801, 664.328735352, 1108.57263184, 641.125427246, 467.624755859, 157.596405029, 38.2558784485, 8.69246959686, 2.95094180107, 1.6603243351, 0.691807508469, 0.123324111104, 0.0170068666339, 0.000545407237951, 7.53726772018e-06, 7.95862220571e-09],
        "dvar2": [0.00295224180445, 1.87925982475, 38.972568512, 338.091369629, 290.55090332, 213.209014893, 270.270446777, 709.133483887, 1558.74865723, 3010.59765625, 6723.828125, 10068.9785156, 6925.91650391, 11868.6884766, 10438.3105469, 11821.7421875, 11043.2373047, 11650.7578125, 7046.28466797, 6563.86914062, 1749.91503906, 3323.51220703, 2331.74414062, 2616.75170898, 1997.17919922, 1640.86755371, 3177.33544922, 1833.97058105, 1316.44348145, 428.287750244, 90.9434432983, 19.9864730835, 6.67945098877, 3.79691791534, 1.39745593071, 0.257252186537, 0.040037650615, 0.00122696592007, 1.80833922059e-05, 2.04537986548e-08],
        "max": [0.46819704771, 10.2944355011, 46.0674667358, 242.996856689, 221.69960022, 203.315383911, 194.302902222, 307.188415527, 972.149230957, 1079.61779785, 1538.76049805, 3560.50073242, 1664.58239746, 3729.19238281, 2832.10327148, 2538.97680664, 2679.01049805, 2755.17041016, 1839.43969727, 1865.64904785, 1130.71398926, 2720.56860352, 1384.11401367, 1317.90881348, 1473.95178223, 871.147583008, 756.834228516, 541.901489258, 578.439453125, 308.58706665, 190.049285889, 86.7104492188, 61.3659858704, 54.0260810852, 35.8119354248, 11.5691375732, 7.61757564545, 0.620759725571, 0.101938597858, 0.00226563471369],
        "mean": [0.0185774303973, 0.325092345476, 1.65677380562, 4.19729375839, 5.29317331314, 5.91605758667, 6.85594081879, 8.01687717438, 9.6225566864, 11.2611265182, 23.866399765, 28.9487018585, 29.1067314148, 25.5163249969, 28.2450256348, 37.0071868896, 41.821811676, 42.6837844849, 33.6434440613, 28.9756774902, 18.3156223297, 20.7364311218, 17.8933486938, 22.4256916046, 19.326215744, 18.2711009979, 10.7224559784, 6.53886508942, 5.59522342682, 3.62780690193, 2.46740317345, 1.26830434799, 0.603244066238, 0.405411183834, 0.233274117112, 0.0915684625506, 0.0232909359038, 0.00368790724315, 0.00031002482865, 3.10201176035e-05],
        "median": [0.00944351963699, 0.134390458465, 0.543100297451, 1.5957583189, 2.66146254539, 3.17033028603, 3.62366342545, 3.23594903946, 2.99111962318, 3.33548259735, 4.50032424927, 4.37078809738, 5.35983800888, 5.25560522079, 6.7475066185, 6.18840742111, 6.09237384796, 6.39686489105, 5.7238984108, 6.28606462479, 4.83356618881, 4.57881736755, 3.99594521523, 3.93129229546, 3.23372244835, 3.22900319099, 2.01981067657, 1.42022585869, 1.26402032375, 0.942404270172, 0.66553235054, 0.294758588076, 0.118367381394, 0.0664570778608, 0.0295849628747, 0.00618732580915, 0.00056027341634, 5.12264268764e-05, 1.21543607747e-05, 1.71561423485e-05],
        "min": [2.90108785444e-22, 1.87049225045e-21, 2.05338426687e-20, 3.4599165259e-20, 1.12724916855e-19, 2.92556411867e-19, 1.33474393554e-19, 4.73581993792e-19, 3.27177772062e-19, 8.34469211123e-19, 2.36679865181e-18, 1.1558802677e-18, 2.60583461689e-18, 1.850082291e-18, 3.63914719052e-18, 6.59826671792e-18, 4.3890079225e-18, 5.28557906228e-18, 8.9679166613e-18, 9.92576616804e-18, 7.05481168623e-18, 7.45088561585e-18, 8.72627569768e-18, 1.05534200635e-17, 1.02678376114e-17, 2.71189906511e-17, 1.40574497825e-17, 1.41007890835e-17, 2.14592505008e-17, 2.03497283298e-17, 1.72320250441e-17, 1.72805226434e-17, 1.77748441231e-17, 1.31098275369e-17, 9.50380562114e-18, 6.44907600905e-18, 3.58087893381e-18, 1.39925221015e-18, 3.26350048612e-19, 3.59540580218e-20],
        "var": [0.00162649375852, 0.552843928337, 11.3594903946, 103.563293457, 93.8935623169, 84.3633728027, 115.394500732, 240.928619385, 801.065368652, 1294.68188477, 5967.81787109, 8530.95703125, 6784.59375, 8113.03125, 9327.72265625, 14118.1855469, 20599.0703125, 20335.2734375, 11683.4228516, 6708.76611328, 2069.19604492, 4335.13818359, 2842.84350586, 3582.88330078, 2842.48901367, 1566.11975098, 935.839050293, 458.414398193, 359.894805908, 133.600769043, 46.7641181946, 12.130402565, 4.31437063217, 2.36182141304, 1.08004117012, 0.184350222349, 0.018253063783, 0.00054195325356, 6.3735965341e-06, 6.34663921417e-09]
    },
    "gfcc": {
        "mean": [-60.1217498779, 104.678718567, -136.004104614, 39.5385017395, -65.1637191772, 12.597486496, -37.2878608704, -1.03283941746, -25.0603351593, -6.24420499802, -14.0288562775, -8.58723258972, -8.13901138306],
        "cov": [[15792.9658203, -552.111755371, -1549.78991699, 125.602607727, -189.397445679, 44.6045875549, -169.959472656, 18.5524711609, -337.117370605, 12.3153419495, -301.372680664, -193.169647217, -270.066711426], [-552.111755371, 1460.89172363, -37.9757614136, -47.1564788818, 165.727401733, -80.2612075806, 190.455245972, -178.119750977, 170.764175415, -241.453704834, 188.410736084, -80.8864974976, 112.238395691], [-1549.78991699, -37.9757614136, 1195.81689453, -21.9412612915, 56.5519599915, 176.121276855, -18.5205688477, 149.961349487, 21.5599403381, 99.5813751221, -107.426780701, 125.711830139, -54.2004432678], [125.602607727, -47.1564788818, -21.9412612915, 465.925933838, -3.24238634109, 10.2092761993, 35.6494979858, -15.0153112411, 33.6454086304, -28.1820163727, 33.0417251587, -67.852645874, 46.5361099243], [-189.397445679, 165.727401733, 56.5519599915, -3.24238634109, 432.661834717, 19.9055538177, 75.0077896118, 2.40023779869, -2.0946791172, 18.5791282654, 20.8358917236, 35.911113739, -28.6029987335], [44.6045875549, -80.2612075806, 176.121276855, 10.2092761993, 19.9055538177, 269.56137085, 11.3661603928, 46.6950035095, -16.0980834961, 37.1412162781, -22.8165302277, 12.2761449814, -14.9329795837], [-169.959472656, 190.455245972, -18.5205688477, 35.6494979858, 75.0077896118, 11.3661603928, 220.446182251, -11.6203479767, 24.7948722839, -43.5164756775, 33.5868186951, -17.5876216888, 14.5092906952], [18.5524711609, -178.119750977, 149.961349487, -15.0153112411, 2.40023779869, 46.6950035095, -11.6203479767, 231.468734741, 11.3713331223, 37.815284729, -65.8806610107, 4.8974237442, -3.25699448586], [-337.117370605, 170.764175415, 21.5599403381, 33.6454086304, -2.0946791172, -16.0980834961, 24.7948722839, 11.3713331223, 146.086929321, -24.7644577026, 14.4881124496, -25.795425415, 14.0428915024], [12.3153419495, -241.453704834, 99.5813751221, -28.1820163727, 18.5791282654, 37.1412162781, -43.5164756775, 37.815284729, -24.7644577026, 160.759552002, -30.5611858368, 24.1493682861, -39.5316429138], [-301.372680664, 188.410736084, -107.426780701, 33.0417251587, 20.8358917236, -22.8165302277, 33.5868186951, -65.8806610107, 14.4881124496, -30.5611858368, 144.437332153, -6.00612401962, 37.1700172424], [-193.169647217, -80.8864974976, 125.711830139, -67.852645874, 35.911113739, 12.2761449814, -17.5876216888, 4.8974237442, -25.795425415, 24.1493682861, -6.00612401962, 133.038330078, -8.12016296387], [-270.066711426, 112.238395691, -54.2004432678, 46.5361099243, -28.6029987335, -14.9329795837, 14.5092906952, -3.25699448586, 14.0428915024, -39.5316429138, 37.1700172424, -8.12016296387, 115.302597046]],
        "icov": [[9.68206732068e-05, -0.000100139521237, 0.000192967170733, -0.000115831790026, 6.3721636252e-05, -8.76002086443e-05, 6.24756867182e-05, -0.000108916552563, 0.000246654264629, -6.32144510746e-05, 0.000296482467093, -6.73766626278e-05, 0.000303202250507], [-0.000100139521237, 0.001875339658, -0.000680659548379, 0.00093841587659, -0.000800170353614, 0.000231908765272, -0.00057868292788, 0.00115344813094, -0.00166143197566, 0.00192657671869, -0.00158437970094, 0.00136630621273, -0.00135196233168], [0.000192967170733, -0.000680659548379, 0.00169383222237, -0.000602542131674, 0.000301984604448, -0.000782541057561, 0.000215686668525, -0.000912946008611, 0.000388816173654, -0.000915094453376, 0.00146450405009, -0.00161224382464, 0.00112784130033], [-0.000115831790026, 0.00093841587659, -0.000602542131674, 0.00298837060109, -0.000501661736052, 1.20254044305e-05, -0.00045040238183, 0.000787185970694, -0.00115877285134, 0.000930425710976, -0.00121991534252, 0.00198772898875, -0.00172472815029], [6.3721636252e-05, -0.000800170353614, 0.000301984604448, -0.000501661736052, 0.00299000134692, -0.000147175684106, -0.000739117152989, -0.000633072399069, 0.000766322482377, -0.00113335729111, 0.000204418727662, -0.00135244533885, 0.00142732448876], [-8.76002086443e-05, 0.000231908765272, -0.000782541057561, 1.20254044305e-05, -0.000147175684106, 0.00439312262461, -0.000526132935192, -0.000299012404867, 0.000307657377562, -0.000376460462576, -0.000405122060329, 0.000431521766586, -0.000218972112634], [6.24756867182e-05, -0.00057868292788, 0.000215686668525, -0.00045040238183, -0.000739117152989, -0.000526132935192, 0.00560526596382, -0.000423269608291, 5.82944157941e-05, 0.000760171620641, -0.000257531326497, 0.00019454077119, 0.000374258495867], [-0.000108916552563, 0.00115344813094, -0.000912946008611, 0.000787185970694, -0.000633072399069, -0.000299012404867, -0.000423269608291, 0.00623915018514, -0.00175503268838, 0.000262205925537, 0.00121957215015, 0.00125963508617, -0.00209182756953], [0.000246654264629, -0.00166143197566, 0.000388816173654, -0.00115877285134, 0.000766322482377, 0.000307657377562, 5.82944157941e-05, -0.00175503268838, 0.0094432188198, -0.000781994254794, 0.000919494661503, 0.000322080304613, 0.00132654316258], [-6.32144510746e-05, 0.00192657671869, -0.000915094453376, 0.000930425710976, -0.00113335729111, -0.000376460462576, 0.000760171620641, 0.000262205925537, -0.000781994254794, 0.00986409559846, -0.00148780632298, 0.000888087728526, 0.000772046798375], [0.000296482467093, -0.00158437970094, 0.00146450405009, -0.00121991534252, 0.000204418727662, -0.000405122060329, -0.000257531326497, 0.00121957215015, 0.000919494661503, -0.00148780632298, 0.0112491473556, -0.00173357164022, -0.000887963047717], [-6.73766626278e-05, 0.00136630621273, -0.00161224382464, 0.00198772898875, -0.00135244533885, 0.000431521766586, 0.00019454077119, 0.00125963508617, 0.000322080304613, 0.000888087728526, -0.00173357164022, 0.0108086643741, -0.00173113367055], [0.000303202250507, -0.00135196233168, 0.00112784130033, -0.00172472815029, 0.00142732448876, -0.000218972112634, 0.000374258495867, -0.00209182756953, 0.00132654316258, 0.000772046798375, -0.000887963047717, -0.00173113367055, 0.0124123087153]]
    },
    "melbands": {
        "dmean": [0.000171734121977, 0.000568934192415, 0.000586168258451, 0.000255200749962, 0.000152799097123, 0.000119381351396, 0.000100539786217, 0.000100588389614, 0.000138547402457, 9.85678489087e-05, 8.63269378897e-05, 6.56416304992e-05, 5.46056799067e-05, 5.07585100422e-05, 5.81163876632e-05, 4.00024400733e-05, 4.598022133e-05, 3.43335050275e-05, 2.23444840231e-05, 1.95979555428e-05, 1.22335977721e-05, 1.39956964631e-05, 1.07440600914e-05, 9.36701962928e-06, 1.04761338662e-05, 8.44027817948e-06, 6.91975492373e-06, 6.69790688335e-06, 5.12882843395e-06, 3.38095355801e-06, 3.11558710564e-06, 2.65213520834e-06, 2.18737727664e-06, 1.4160949604e-06, 1.06999641503e-06, 7.30682074845e-07, 4.87547822559e-07, 3.21360005273e-07, 2.68865676389e-07, 2.66366498636e-07],
        "dmean2": [0.000284060108243, 0.000968456442934, 0.00099050719291, 0.000439646479208, 0.000254695420153, 0.00020328242681, 0.000163286022143, 0.000164219440194, 0.000211035483517, 0.000149352374137, 0.000133844587253, 9.79198375717e-05, 8.3751459897e-05, 7.52625564928e-05, 8.37914922158e-05, 5.82720749662e-05, 6.65192128508e-05, 4.79288064525e-05, 3.37059682352e-05, 2.98238246614e-05, 1.83528973139e-05, 2.07071243494e-05, 1.65035489772e-05, 1.41755172081e-05, 1.59371647896e-05, 1.29402505991e-05, 1.05654571598e-05, 1.06299612526e-05, 8.75422119861e-06, 5.73324086872e-06, 5.32777767148e-06, 4.41071961177e-06, 3.68522591998e-06, 2.27442819778e-06, 1.66097265719e-06, 1.11873771402e-06, 7.62111653785e-07, 4.99225677686e-07, 4.1730521616e-07, 4.09234729659e-07],
        "dvar": [3.11446939349e-07, 2.61502759713e-06, 3.28382907355e-06, 4.10595049516e-07, 1.20177716667e-07, 1.21918844798e-07, 1.51001870563e-07, 1.64112307743e-07, 2.43778401909e-07, 1.51653352987e-07, 8.09281814895e-08, 8.62795985768e-08, 6.13567081587e-08, 4.40149676706e-08, 5.08251183362e-08, 1.98710043975e-08, 2.74498042074e-08, 1.66307341232e-08, 6.63470522966e-09, 4.03660571635e-09, 1.59026403157e-09, 3.44182304879e-09, 1.25033083886e-09, 1.14149578678e-09, 1.1035289349e-09, 9.08696728974e-10, 3.65636604327e-10, 3.49027556856e-10, 5.16796716532e-10, 2.74539363465e-10, 2.75609285394e-10, 1.51698223427e-10, 1.29391483639e-10, 3.93920208952e-11, 1.65149057624e-11, 6.2277084531e-12, 3.08969646742e-12, 1.6130946405e-12, 1.60150267613e-12, 1.19204646154e-12],
        "dvar2": [8.16216982003e-07, 7.27803035261e-06, 8.62143588165e-06, 1.15730676953e-06, 3.34152758796e-07, 3.40240120522e-07, 3.48843997244e-07, 4.19803768636e-07, 5.06150570345e-07, 3.41233800327e-07, 1.87231833593e-07, 1.95692607008e-07, 1.40543889415e-07, 9.74298401957e-08, 1.02775778998e-07, 4.00418471713e-08, 5.26843138005e-08, 2.97579791919e-08, 1.43358178661e-08, 8.59412097043e-09, 3.28442317787e-09, 6.20651219307e-09, 2.79043677054e-09, 2.40726882872e-09, 2.38041497624e-09, 2.08128225765e-09, 7.91566534541e-10, 8.70283123344e-10, 1.46825407388e-09, 7.86924525542e-10, 7.89725840278e-10, 4.24548618483e-10, 3.66190383572e-10, 1.05652757376e-10, 4.07215650089e-11, 1.38148771936e-11, 7.3954930721e-12, 3.6575555952e-12, 3.92419039971e-12, 2.7076164661e-12],
        "max": [0.00666607357562, 0.0211346074939, 0.0386090986431, 0.011924170889, 0.00670212181285, 0.00662509445101, 0.0163249075413, 0.0122695984319, 0.0141729936004, 0.0215409006923, 0.00923432875425, 0.0144464904442, 0.0111469160765, 0.00936505291611, 0.00825461372733, 0.00533882854506, 0.00462405197322, 0.00353453122079, 0.00239580497146, 0.0022549785208, 0.00178424769547, 0.00403019925579, 0.0015381721314, 0.00129049445968, 0.00125253351871, 0.00145679770503, 0.000559985230211, 0.000571343756747, 0.00056809670059, 0.000531540368684, 0.000417780771386, 0.000301157764625, 0.000360027013812, 0.000170845640241, 0.000130809858092, 9.57935772021e-05, 6.87491046847e-05, 5.02050643263e-05, 5.98315673415e-05, 4.71994535474e-05],
        "mean": [0.000247097050305, 0.000736939895432, 0.000751090701669, 0.000405760394642, 0.000256021972746, 0.000184118049219, 0.000141774595249, 0.000131469831103, 0.00021767267026, 0.000165283927345, 0.000141286771395, 0.000101365818409, 9.39794699661e-05, 8.32911828184e-05, 0.000109543121653, 7.0085763582e-05, 8.46813782118e-05, 5.98228944e-05, 3.75479503418e-05, 3.20651488437e-05, 2.09529407584e-05, 2.34048693528e-05, 1.76490375452e-05, 1.5481691662e-05, 1.87041732715e-05, 1.47543987623e-05, 1.21951497931e-05, 1.20697513921e-05, 7.29365638108e-06, 4.5799711188e-06, 3.6822364109e-06, 3.28496207658e-06, 2.57820124716e-06, 1.81866391813e-06, 1.49121979121e-06, 1.07217306322e-06, 6.55086978441e-07, 4.2910980369e-07, 3.5210968008e-07, 3.38116819876e-07],
        "median": [0.000115061557153, 0.00027836044319, 0.000334399461281, 0.000228705917834, 0.000136281742016, 7.4708914326e-05, 4.26269652962e-05, 3.44309810316e-05, 3.64292500308e-05, 2.37960248342e-05, 2.09412955883e-05, 1.76511894097e-05, 1.98927664314e-05, 1.39100047818e-05, 1.31642518681e-05, 1.10146520456e-05, 9.9081071312e-06, 7.9065312093e-06, 6.87483088768e-06, 6.59191391605e-06, 4.49941853731e-06, 4.24013251177e-06, 3.54595476892e-06, 2.65418748313e-06, 2.86709177999e-06, 2.0693762508e-06, 1.99034411708e-06, 1.93882124222e-06, 1.18320872389e-06, 7.92894979895e-07, 7.08575953468e-07, 6.8059273417e-07, 5.51566074591e-07, 4.20018238856e-07, 3.72340281274e-07, 2.5165883244e-07, 1.27553619222e-07, 7.53165991796e-08, 6.11994082078e-08, 4.98730976517e-08],
        "min": [2.57801715978e-24, 7.81182448714e-24, 8.06651533014e-24, 1.54740367704e-23, 6.53903883176e-24, 9.89307148022e-24, 4.39379115901e-24, 1.33974409013e-23, 1.82003258594e-23, 6.5921540198e-24, 1.35528875204e-23, 7.09164417891e-24, 1.24236875659e-23, 1.1529864773e-23, 1.75190261386e-23, 7.5558288682e-24, 9.74233436073e-24, 1.27385819066e-23, 2.02091538436e-23, 8.10335907872e-24, 8.3955050375e-24, 7.33217339094e-24, 7.30309282253e-24, 1.0000080462e-23, 8.45956922047e-24, 5.42145012101e-24, 1.31081916397e-23, 1.88214717807e-23, 8.43758524476e-24, 6.70168183447e-24, 9.29873026359e-24, 1.27909299274e-23, 9.88344185515e-24, 1.27148269382e-23, 9.59215969906e-24, 1.04410828959e-23, 9.95125076084e-24, 1.42640519373e-23, 8.90315596267e-24, 1.15693559387e-23],
        "var": [3.03139756852e-07, 2.19059097617e-06, 2.72281226898e-06, 3.97886111614e-07, 1.51822476369e-07, 1.21767200767e-07, 1.84958679483e-07, 1.93506807022e-07, 4.87988813802e-07, 2.89989174007e-07, 1.79439751946e-07, 1.36481560276e-07, 1.13684365033e-07, 8.09558073911e-08, 1.42542660342e-07, 6.04391203751e-08, 9.27885395186e-08, 5.12741884506e-08, 1.39889797524e-08, 8.40296454641e-09, 3.94478139043e-09, 8.35562374846e-09, 2.67130606524e-09, 2.53207854684e-09, 2.970051316e-09, 2.18534745855e-09, 9.60133084149e-10, 7.53406559362e-10, 4.77844208646e-10, 2.23292953572e-10, 1.90530605182e-10, 1.20914972479e-10, 9.38239208548e-11, 3.45030774784e-11, 1.85352462545e-11, 8.89366098128e-12, 3.90031886996e-12, 2.30303666762e-12, 1.96385637787e-12, 1.70807725602e-12]
    },
    "mfcc": {
        "mean": [-689.012939453, 120.742294312, -8.37418556213, 24.0620231628, -3.0939874649, 8.26533603668, -2.31365990639, 1.72915565968, -6.02045726776, 0.239935353398, -4.89167976379, -4.64493274689, -2.89266562462],
        "cov": [[12218.4521484, -41.2140197754, -1159.89953613, 191.103347778, -347.479766846, 37.4687461853, -98.0901489258, -24.1646499634, -121.978652954, 98.0063018799, -92.1720962524, -105.403320312, -139.796325684], [-41.2140197754, 1429.0144043, -51.6453590393, -42.3522872925, 75.6210632324, 17.9833297729, 32.1855964661, 93.3119354248, -34.0625495911, -35.7678375244, 13.0274953842, -55.4526977539, 6.40902471542], [-1159.89953613, -51.6453590393, 900.165466309, -44.9371490479, 73.2007827759, 43.1208534241, -19.5073432922, 45.2895889282, 105.341300964, -12.8913288116, 46.6363983154, 18.2155799866, 1.58282494545], [191.103347778, -42.3522872925, -44.9371490479, 355.298919678, 30.4471073151, 25.9643993378, 33.2926521301, 6.7684636116, 5.84588336945, 28.4239082336, -31.1881694794, 7.24589157104, 13.6244831085], [-347.479766846, 75.6210632324, 73.2007827759, 30.4471073151, 274.160430908, 30.5759277344, 36.5314369202, 29.7033824921, 39.3398170471, 0.788820803165, 30.4744911194, 16.8880157471, 8.28977584839], [37.4687461853, 17.9833297729, 43.1208534241, 25.9643993378, 30.5759277344, 225.615081787, 52.5880699158, 14.952337265, -22.9975357056, 2.15639948845, 15.4124565125, -1.25322151184, 19.8283500671], [-98.0901489258, 32.1855964661, -19.5073432922, 33.2926521301, 36.5314369202, 52.5880699158, 193.531723022, 28.3576946259, 11.6537666321, 15.2701864243, 2.0861222744, 8.56246471405, 12.8623065948], [-24.1646499634, 93.3119354248, 45.2895889282, 6.7684636116, 29.7033824921, 14.952337265, 28.3576946259, 168.040649414, 33.2770271301, 12.9957647324, 4.27759838104, -11.8481903076, 2.86167025566], [-121.978652954, -34.0625495911, 105.341300964, 5.84588336945, 39.3398170471, -22.9975357056, 11.6537666321, 33.2770271301, 163.390563965, 29.7137889862, 17.8851032257, 11.4705448151, -17.5221405029], [98.0063018799, -35.7678375244, -12.8913288116, 28.4239082336, 0.788820803165, 2.15639948845, 15.2701864243, 12.9957647324, 29.7137889862, 129.516265869, 22.3454589844, -5.40720796585, -5.43555641174], [-92.1720962524, 13.0274953842, 46.6363983154, -31.1881694794, 30.4744911194, 15.4124565125, 2.0861222744, 4.27759838104, 17.8851032257, 22.3454589844, 116.72971344, 7.82027435303, -7.98055124283], [-105.403320312, -55.4526977539, 18.2155799866, 7.24589157104, 16.8880157471, -1.25322151184, 8.56246471405, -11.8481903076, 11.4705448151, -5.40720796585, 7.82027435303, 103.483711243, 12.7868423462], [-139.796325684, 6.40902471542, 1.58282494545, 13.6244831085, 8.28977584839, 19.8283500671, 12.8623065948, 2.86167025566, -17.5221405029, -5.43555641174, -7.98055124283, 12.7868423462, 93.003578186]],
