{
"lowlevel": {
    "average_loudness": 0.928838849068,
    "barkbands_crest": {
        "dmean": 2.66147232056,
        "dmean2": 4.33060455322,
        "dvar": 6.01237535477,
        "dvar2": 15.7713689804,
        "max": 25.3498897552,
        "mean": 10.6444416046,
        "median": 10.1780118942,
        "min": 2.79937148094,
        "var": 15.1050577164
    },
    "barkbands_flatness_db": {
        "dmean": 0.0245963130146,
        "dmean2": 0.0354475192726,
        "dvar": 0.000543803616893,
        "dvar2": 0.00110323727131,
        "max": 0.43088772893,
        "mean": 0.167810961604,
        "median": 0.162690863013,
        "min": 0.0295211151242,
        "var": 0.00306412600912
    },
    "barkbands_kurtosis": {
        "dmean": 3.65663194656,
        "dmean2": 5.51923656464,
        "dvar": 35.2231292725,
        "dvar2": 77.5950546265,
        "max": 141.08416748,
        "mean": 5.88349103928,
        "median": 2.22613477707,
        "min": -1.92987298965,
        "var": 97.2786941528
    },
    "barkbands_skewness": {
        "dmean": 0.628016889095,
        "dmean2": 0.914009571075,
        "dvar": 0.444847077131,
        "dvar2": 0.953639686108,
        "max": 9.06573200226,
        "mean": 1.66780662537,
        "median": 1.49258804321,
        "min": -4.5081372261,
        "var": 2.0654528141
    },
    "barkbands_spread": {
        "dmean": 6.19923305511,
        "dmean2": 9.29153728485,
        "dvar": 64.9766845703,
        "dvar2": 144.888687134,
        "max": 108.012557983,
        "mean": 21.4365978241,
        "median": 18.2898483276,
        "min": 0.930536568165,
        "var": 217.245864868
    },
    "dissonance": {
        "dmean": 0.0198222212493,
        "dmean2": 0.0321731902659,
        "dvar": 0.000439646129962,
        "dvar2": 0.00111998908687,
        "max": 0.5,
        "mean": 0.455431759357,
        "median": 0.465406537056,
        "min": 0.231819152832,
        "var": 0.00134840363171
    },
    "dynamic_complexity": 4.91248416901,
    "erbbands_crest": {
        "dmean": 2.96119737625,
        "dmean2": 4.66062259674,
        "dvar": 7.85785102844,
        "dvar2": 18.4686698914,
        "max": 32.1663970947,
        "mean": 10.3410110474,
        "median": 9.35142612457,
        "min": 2.42067408562,
        "var": 24.3219509125
    },
    "erbbands_flatness_db": {
        "dmean": 0.019173450768,
        "dmean2": 0.026757767424,
        "dvar": 0.000368296401575,
        "dvar2": 0.000679950986523,
        "max": 0.364950120449,
        "mean": 0.169895127416,
        "median": 0.167032271624,
        "min": 0.0395665317774,
        "var": 0.00194821308833
    },
    "erbbands_kurtosis": {
        "dmean": 1.37493538857,
        "dmean2": 2.06715750694,
        "dvar": 5.74729442596,
        "dvar2": 12.0236282349,
        "max": 60.1825942993,
        "mean": 1.28063678741,
        "median": 0.167093992233,
        "min": -1.83847141266,
        "var": 15.8649988174
    },
    "erbbands_skewness": {
        "dmean": 0.450200498104,
        "dmean2": 0.644053578377,
        "dvar": 0.224544689059,
        "dvar2": 0.42688113451,
        "max": 5.38323116302,
        "mean": 0.283589333296,
        "median": 0.339076042175,
        "min": -6.1415553093,
        "var": 1.22649693489
    },
    "erbbands_spread": {
        "dmean": 9.58704471588,
        "dmean2": 14.3458251953,
        "dvar": 108.851112366,
        "dvar2": 246.094116211,
        "max": 133.892562866,
        "mean": 39.7504348755,
        "median": 37.8569030762,
        "min": 3.10353136063,
        "var": 395.419494629
    },
    "hfc": {
        "dmean": 6.1823515892,
        "dmean2": 7.72040557861,
        "dvar": 95.0852737427,
        "dvar2": 153.520111084,
        "max": 272.135864258,
        "mean": 16.7923355103,
        "median": 10.0913658142,
        "min": 1.27441003824e-16,
        "var": 364.327575684
    },
    "melbands_crest": {
        "dmean": 3.44019436836,
        "dmean2": 5.5611448288,
        "dvar": 9.74111461639,
        "dvar2": 25.622253418,
        "max": 32.1369056702,
        "mean": 14.718960762,
        "median": 14.0469779968,
        "min": 1.47271418571,
        "var": 23.1194114685
    },
    "melbands_flatness_db": {
        "dmean": 0.0300461165607,
        "dmean2": 0.0423060469329,
        "dvar": 0.000898373604286,
        "dvar2": 0.00178898044396,
        "max": 0.533016145229,
        "mean": 0.218637779355,
        "median": 0.213810011744,
        "min": 0.000966513238382,
        "var": 0.00545587902889
    },
    "melbands_kurtosis": {
        "dmean": 8.8614282608,
        "dmean2": 13.4146947861,
        "dvar": 200.398529053,
        "dvar2": 453.57800293,
        "max": 260.089172363,
        "mean": 17.2856330872,
        "median": 9.22575283051,
        "min": -1.93032610416,
        "var": 527.376281738
    },
    "melbands_skewness": {
        "dmean": 0.861982226372,
        "dmean2": 1.28014194965,
        "dvar": 0.829307436943,
        "dvar2": 1.85080194473,
        "max": 14.3300123215,
        "mean": 2.88468575478,
        "median": 2.67978692055,
        "min": -1.47968065739,
        "var": 3.52899336815
    },
    "melbands_spread": {
        "dmean": 8.41492366791,
        "dmean2": 12.6321439743,
        "dvar": 226.562438965,
        "dvar2": 472.560943604,
        "max": 235.70072937,
        "mean": 24.0595035553,
        "median": 17.795791626,
        "min": 0.637526512146,
        "var": 631.255432129
    },
    "pitch_salience": {
        "dmean": 0.0756132230163,
        "dmean2": 0.121351122856,
        "dvar": 0.0050178761594,
        "dvar2": 0.0129706831649,
        "max": 0.987767755985,
        "mean": 0.516819834709,
        "median": 0.514902830124,
        "min": 0.132047489285,
        "var": 0.0120614180341
    },
    "silence_rate_20dB": {
        "dmean": 0,
        "dmean2": 0,
        "dvar": 0,
        "dvar2": 0,
        "max": 1,
        "mean": 1,
        "median": 1,
        "min": 1,
        "var": 0
    },
    "silence_rate_30dB": {
        "dmean": 0.00166389346123,
        "dmean2": 0.00332834082656,
        "dvar": 0.00166120403446,
        "dvar2": 0.00431607896462,
        "max": 1,
        "mean": 0.99883544445,
        "median": 1,
        "min": 0,
        "var": 0.00116324028932
    },
    "silence_rate_60dB": {
        "dmean": 0.0372712127864,
        "dmean2": 0.0745548307896,
        "dvar": 0.0358815863729,
        "dvar2": 0.0786453336477,
        "max": 1,
        "mean": 0.123440362513,
        "median": 0,
        "min": 0,
        "var": 0.108201622963
    },
    "spectral_centroid": {
        "dmean": 291.559661865,
        "dmean2": 422.713104248,
        "dvar": 145855.046875,
        "dvar2": 281937.46875,
        "max": 11043.4941406,
        "mean": 1349.25915527,
        "median": 1213.07910156,
        "min": 176.75617981,
        "var": 623323.3125
    },
    "spectral_complexity": {
        "dmean": 3.89750409126,
        "dmean2": 5.09269428253,
        "dvar": 25.4315948486,
        "dvar2": 37.7913856506,
        "max": 54,
        "mean": 13.6915655136,
        "median": 11,
        "min": 0,
        "var": 104.289894104
    },
    "spectral_decrease": {
        "dmean": 2.18146944952e-09,
        "dmean2": 3.09489744943e-09,
        "dvar": 9.49181481098e-18,
        "dvar2": 1.89104621881e-17,
        "max": 1.50884441673e-28,
        "mean": -5.57237944676e-09,
        "median": -4.21135659678e-09,
        "min": -3.49049642523e-08,
        "var": 2.51379758021e-17
    },
    "spectral_energy": {
        "dmean": 0.00868049170822,
        "dmean2": 0.0121812559664,
        "dvar": 0.000148488179548,
        "dvar2": 0.000291900825687,
        "max": 0.138265162706,
        "mean": 0.0225545596331,
        "median": 0.0170793645084,
        "min": 1.09898061039e-20,
        "var": 0.000406512233894
    },
    "spectral_energyband_high": {
        "dmean": 0.000382754253224,
        "dmean2": 0.000490743492264,
        "dvar": 1.01903106042e-06,
        "dvar2": 1.62137371262e-06,
        "max": 0.0483795106411,
        "mean": 0.000743330805562,
        "median": 0.000231284226174,
        "min": 8.25806313358e-21,
        "var": 3.41821078109e-06
    },
    "spectral_energyband_low": {
        "dmean": 0.00399690354243,
        "dmean2": 0.006220868323,
        "dvar": 4.90371276101e-05,
        "dvar2": 0.000113554007839,
        "max": 0.0720727816224,
        "mean": 0.00683202175424,
        "median": 0.00421111751348,
        "min": 4.98674129832e-23,
        "var": 7.00129239704e-05
    },
    "spectral_energyband_middle_high": {
        "dmean": 0.00181542441715,
        "dmean2": 0.00237533869222,
        "dvar": 1.07304567791e-05,
        "dvar2": 1.88924605027e-05,
        "max": 0.0545329973102,
        "mean": 0.00474243657663,
        "median": 0.00194804032799,
        "min": 1.31161310199e-21,
        "var": 4.83893090859e-05
    },
    "spectral_energyband_middle_low": {
        "dmean": 0.00500959390774,
        "dmean2": 0.00751888565719,
        "dvar": 7.09638334229e-05,
        "dvar2": 0.000156748224981,
        "max": 0.115324810147,
        "mean": 0.011190533638,
        "median": 0.00623844191432,
        "min": 2.6934924808e-22,
        "var": 0.000163700577104
    },
    "spectral_entropy": {
        "dmean": 0.188890099525,
        "dmean2": 0.256672859192,
        "dvar": 0.039162825793,
        "dvar2": 0.0713044032454,
        "max": 9.8091506958,
        "mean": 7.4081401825,
        "median": 7.43331050873,
        "min": 4.69155168533,
        "var": 0.23797172308
    },
    "spectral_flux": {
        "dmean": 0.0284251309931,
        "dmean2": 0.0428956225514,
        "dvar": 0.000966612133197,
        "dvar2": 0.00209910352714,
        "max": 0.319937884808,
        "mean": 0.0740265399218,
        "median": 0.0625343099236,
        "min": 1.04832274805e-10,
        "var": 0.00261821434833
    },
    "spectral_kurtosis": {
        "dmean": 1.67244029045,
        "dmean2": 2.8134393692,
        "dvar": 4.84323692322,
        "dvar2": 12.1614236832,
        "max": 50.5731658936,
        "mean": 3.86963772774,
        "median": 3.09407520294,
        "min": -1.17089498043,
        "var": 10.1943559647
    },
    "spectral_rms": {
        "dmean": 0.000859621562995,
        "dmean2": 0.00115840579383,
        "dvar": 1.05535707462e-06,
        "dvar2": 1.8704561171e-06,
        "max": 0.0116143375635,
        "mean": 0.00416157767177,
        "median": 0.00408200873062,
        "min": 3.27441025683e-12,
        "var": 4.68572352474e-06
    },
    "spectral_rolloff": {
        "dmean": 496.669891357,
        "dmean2": 821.479919434,
        "dvar": 926077,
        "dvar2": 1949795.125,
        "max": 20198.1445312,
        "mean": 1392.12854004,
        "median": 925.927734375,
        "min": 86.1328125,
        "var": 2614939.5
    },
    "spectral_skewness": {
        "dmean": 0.235773205757,
        "dmean2": 0.370743602514,
        "dvar": 0.0641966238618,
        "dvar2": 0.144782528281,
        "max": 5.33031892776,
        "mean": 1.34807753563,
        "median": 1.29225575924,
        "min": -0.548708021641,
        "var": 0.257894039154
    },
    "spectral_spread": {
        "dmean": 478752.625,
        "dmean2": 681743.375,
        "dvar": 483105865728,
        "dvar2": 822436757504,
        "max": 39230352,
        "mean": 4317914,
        "median": 4063342.25,
        "min": 1384931.625,
        "var": 1.69333660058e+12
    },
    "spectral_strongpeak": {
        "dmean": 0.537920415401,
        "dmean2": 0.896228909492,
        "dvar": 0.892536044121,
        "dvar2": 2.11869120598,
        "max": 10.3894424438,
        "mean": 1.00021505356,
        "median": 0.402227431536,
        "min": 0,
        "var": 1.84507262707
    },
    "zerocrossingrate": {
        "dmean": 0.0107983276248,
        "dmean2": 0.011887117289,
        "dvar": 0.000195977656404,
        "dvar2": 0.000210961516132,
        "max": 0.505859375,
        "mean": 0.055485598743,
        "median": 0.046875,
        "min": 0.00341796875,
        "var": 0.00177182990592
    },
    "barkbands": {
        "dmean": [3.44522277373e-06, 0.00245170551352, 0.00172321952414, 0.000965785293374, 0.00227284571156, 0.00105558580253, 0.000634130672552, 0.000911395996809, 0.00105666951276, 0.000606973830145, 0.000510362209752, 0.000350724294549, 0.000270206510322, 0.000338232784998, 0.000267345545581, 0.000182619449333, 0.000151718748384, 0.000169222446857, 0.000131246342789, 0.000159567178343, 0.00013787986245, 9.47491862462e-05, 6.84992046445e-05, 4.31714252045e-05, 2.60286469711e-05, 5.87156910115e-06, 4.13183158798e-08],
        "dmean2": [5.70322708882e-06, 0.00388106633909, 0.00277013401501, 0.0015491694212, 0.00365689396858, 0.00165496265981, 0.000976448995061, 0.00139467639383, 0.00162213365547, 0.000874468474649, 0.000705661950633, 0.000510077865329, 0.000408036168665, 0.000511824211571, 0.00041800638428, 0.000270863354672, 0.000218664121348, 0.000257490901276, 0.000194322652533, 0.000235237428569, 0.00019258489192, 0.000133241177537, 9.48419692577e-05, 5.74992445763e-05, 3.1785464671e-05, 7.31775980967e-06, 7.31998710535e-08],
        "dvar": [4.87189767695e-11, 1.9901248379e-05, 1.12752541099e-05, 3.25939618051e-06, 2.13838065974e-05, 6.88943737259e-06, 4.38210918219e-06, 8.04850060376e-06, 1.29350073621e-05, 3.32135505232e-06, 2.14159354073e-06, 1.68706435488e-06, 1.18526975257e-06, 1.05297635855e-06, 7.52228174861e-07, 1.8713801353e-07, 9.99859111062e-08, 1.14789798999e-07, 1.05451206878e-07, 1.08184082137e-07, 2.18253404682e-07, 1.53583997076e-07, 4.38611031939e-08, 1.09998063991e-08, 4.50127801699e-09, 2.20917090177e-10, 2.26521055467e-14],
        "dvar2": [1.20099694079e-10, 4.86895987706e-05, 2.7968249924e-05, 7.50668687033e-06, 5.31039659109e-05, 1.68029146153e-05, 9.71325152932e-06, 1.75982695509e-05, 2.94493020192e-05, 6.74317152516e-06, 3.97526900997e-06, 3.67546999769e-06, 2.62915500571e-06, 2.32021307056e-06, 1.77592630735e-06, 3.96364384869e-07, 2.20987942612e-07, 2.67570186452e-07, 2.35143602367e-07, 2.41690145231e-07, 4.11810418655e-07, 2.3979970365e-07, 8.49430463745e-08, 2.16836983924e-08, 7.83135245541e-09, 3.75038167189e-10, 6.03208008174e-14],
        "max": [0.000166721991263, 0.04302611202, 0.038210593164, 0.0379684083164, 0.0630326196551, 0.042250841856, 0.0417307168245, 0.0549821518362, 0.0672975927591, 0.0381368137896, 0.0266387406737, 0.0428866185248, 0.0286096222699, 0.0322648994625, 0.0408497639, 0.0087012341246, 0.00584463961422, 0.00559653481469, 0.0154735241085, 0.00543243344873, 0.0189242213964, 0.0238035395741, 0.00523421540856, 0.0024588520173, 0.0010508580599, 0.000193511281395, 2.82307632915e-06],
        "mean": [3.86689816878e-06, 0.00375337456353, 0.00231121433899, 0.00176812964492, 0.00357500114478, 0.0016677005915, 0.000930991198402, 0.00129200681113, 0.0015662695514, 0.000893802207429, 0.000961180776358, 0.000583684712183, 0.00036740192445, 0.000541978748515, 0.000422594544943, 0.000256693601841, 0.000245262403041, 0.000268970936304, 0.000232056088862, 0.00028395204572, 0.000235385494307, 0.000161843403475, 0.000115109403851, 6.85716950102e-05, 3.84250597563e-05, 9.03258114704e-06, 3.09094048134e-08],
        "median": [1.09933796466e-06, 0.00191059766803, 0.00117053021677, 0.000812782789581, 0.00126186956186, 0.000463794101961, 0.000136870279675, 0.000108355146949, 0.000147272759932, 0.000108858286694, 9.2268383014e-05, 6.47561828373e-05, 4.5731474529e-05, 9.74589565885e-05, 7.46256919228e-05, 5.16351356055e-05, 6.71709640301e-05, 8.65363981575e-05, 7.04073609086e-05, 0.000122944067698, 6.64954422973e-05, 3.75125891878e-05, 2.76000519079e-05, 9.69904249359e-06, 3.89007118429e-06, 1.20936226722e-06, 2.98701952062e-09],
        "min": [1.80820921758e-24, 2.59098524421e-23, 1.06611537892e-23, 3.98435909634e-23, 3.0508182612e-23, 4.84750135321e-24, 2.2689495035e-23, 8.20234408293e-23, 6.23234698787e-23, 7.80258787257e-23, 2.19630582709e-23, 1.49015408478e-22, 1.72928458331e-22, 8.65219611621e-23, 8.90293208394e-23, 2.02882971028e-22, 1.06077002587e-22, 1.01163105967e-22, 1.90352300513e-22, 2.39105507421e-22, 4.45055228861e-22, 5.40144042749e-22, 6.92912498004e-22, 9.98564317149e-22, 1.34744450221e-21, 1.73183145545e-21, 2.58198268782e-21],
        "var": [6.41684622105e-11, 2.62488301814e-05, 1.28180836327e-05, 8.67336075316e-06, 3.76248681278e-05, 1.17890767797e-05, 7.62868876336e-06, 1.64268822118e-05, 2.60099895968e-05, 6.20195214651e-06, 7.60466900829e-06, 4.3911800276e-06, 1.5895592469e-06, 1.85578596756e-06, 1.18623609069e-06, 3.15350291658e-07, 1.82209504374e-07, 2.06191828056e-07, 2.15597111719e-07, 2.04545202109e-07, 6.11331074651e-07, 4.48301335609e-07, 1.05645284521e-07, 2.73528169004e-08, 9.28674293021e-09, 4.7138593029e-10, 1.69244060769e-14]
    },
    "erbbands": {
        "dmean": [0.0194713007659, 0.705441832542, 2.26328778267, 2.05691957474, 5.00657081604, 9.91309070587, 6.02811670303, 10.1848077774, 8.63141918182, 12.7257184982, 20.9827957153, 24.5327110291, 18.7959270477, 16.8883972168, 12.8998527527, 13.4593858719, 11.7847242355, 16.0466041565, 14.0966739655, 10.0687685013, 9.3836555481, 8.73891448975, 10.560801506, 5.85679912567, 7.91608572006, 6.38019561768, 5.13072872162, 5.77641963959, 3.7676255703, 2.40070676804, 1.89307391644, 1.100512743, 0.635858058929, 0.347821265459, 0.160677328706, 0.0431392788887, 0.00789045356214, 0.000648453133181, 1.82615458471e-05, 1.08543827082e-05],
        "dmean2": [0.0316650010645, 1.11509692669, 3.59561252594, 3.32244110107, 8.06377696991, 16.129108429, 9.08422470093, 16.266494751, 13.5180091858, 19.152217865, 33.1478691101, 37.1948471069, 27.6077213287, 23.5259799957, 17.8078765869, 19.5320320129, 17.2403812408, 24.0837841034, 21.5236492157, 15.4589109421, 13.5780363083, 12.3506240845, 16.0588760376, 8.63036155701, 11.6348228455, 9.24031352997, 7.2874174118, 8.01674461365, 5.31644630432, 3.41815924644, 2.61447906494, 1.50371575356, 0.824464321136, 0.436581015587, 0.201193079352, 0.0533117875457, 0.00982643384486, 0.000864015193656, 2.25498097279e-05, 1.44649293361e-05],
        "dvar": [0.00125680852216, 1.65548563004, 18.7076129913, 11.6799135208, 87.1186904907, 495.524871826, 161.032241821, 757.352722168, 906.72265625, 1994.05102539, 4283.95849609, 7700.29345703, 4034.87988281, 2861.86865234, 1323.38024902, 2411.68823242, 1864.57507324, 2536.72631836, 2193.63500977, 445.904663086, 434.155609131, 335.124176025, 461.379333496, 139.882980347, 466.526275635, 168.452850342, 215.794342041, 574.703308105, 240.817321777, 80.2460708618, 38.463432312, 9.06353569031, 2.27443981171, 0.813858509064, 0.17770011723, 0.0121401976794, 0.000395154755097, 2.66471715804e-06, 1.49232171065e-09, 2.23260021581e-10],
        "dvar2": [0.00325147691183, 4.01373052597, 44.3778953552, 27.8545589447, 202.128204346, 1240.92114258, 372.789306641, 1846.20166016, 2125.29418945, 4503.08154297, 10130.7275391, 16947.2558594, 8685.24902344, 5650.046875, 2632.78027344, 5142.72802734, 4202.40820312, 5439.45263672, 4315.12548828, 1042.95336914, 867.593261719, 727.0859375, 1073.53991699, 305.082946777, 1045.53918457, 362.400604248, 464.036315918, 1092.40930176, 423.715789795, 164.562942505, 73.5651550293, 17.0851097107, 4.20503997803, 1.48358154297, 0.315974920988, 0.0205667503178, 0.000688655884005, 5.10486734129e-06, 2.54507681596e-09, 4.08846845268e-10],
        "max": [0.388919711113, 12.2479858398, 47.8132400513, 55.5867996216, 170.562591553, 329.662200928, 234.608947754, 461.973999023, 743.794677734, 1190.17602539, 992.17565918, 2132.52587891, 1480.31494141, 1463.4119873, 955.999206543, 1820.68566895, 1152.48657227, 1601.38317871, 2586.46728516, 422.296722412, 464.302368164, 347.454986572, 347.491668701, 251.135742188, 1112.46704102, 221.776519775, 408.818847656, 1238.94226074, 949.999389648, 535.358398438, 179.062438965, 83.2340011597, 22.1434173584, 14.7184352875, 5.93169927597, 1.56372416019, 0.283758223057, 0.0242232773453, 0.000584153982345, 0.000164476252394],
        "mean": [0.0333503037691, 1.07652127743, 3.15344882011, 4.03792047501, 8.1263923645, 14.4034376144, 11.4123687744, 15.1712779999, 12.5375804901, 21.3661022186, 28.9296531677, 37.6788673401, 30.4763813019, 39.4452857971, 24.0546970367, 25.09724617, 19.1690502167, 26.4238319397, 23.4067726135, 17.2085933685, 14.5459976196, 14.4421024323, 16.9209766388, 10.8527078629, 14.2127103806, 12.0437517166, 9.00266551971, 9.55094242096, 6.36638689041, 3.96849584579, 3.15205168724, 1.83021652699, 0.988925755024, 0.511134922504, 0.234135508537, 0.0652747377753, 0.0121212787926, 0.000967971340287, 3.53813011316e-05, 2.87001239485e-05],
        "median": [0.0180496890098, 0.558024585247, 1.65569806099, 2.42347812653, 3.31168437004, 4.1129655838, 4.53673601151, 3.77468657494, 2.91379356384, 2.39158058167, 3.48917770386, 3.86432290077, 4.03045511246, 4.21153736115, 2.95505332947, 2.86794281006, 2.63459420204, 5.13935041428, 5.8603978157, 4.21144390106, 4.15522289276, 4.73391056061, 5.39001274109, 4.23893213272, 4.68659114838, 4.89225387573, 3.35242509842, 2.15574860573, 1.43688929081, 0.89402359724, 0.742864906788, 0.304518818855, 0.134476318955, 0.0538563169539, 0.0228968188167, 0.00750938849524, 0.0018136636354, 0.000176876434125, 1.57900067279e-05, 2.1614932848e-05],
        "min": [2.81038551109e-22, 6.92767398084e-21, 1.65982481768e-20, 6.6680366884e-20, 1.62247496346e-19, 8.38085954954e-20, 2.473714318e-20, 4.95619190372e-20, 1.62447428485e-19, 7.99709220627e-19, 1.89317074949e-18, 1.32250008566e-18, 2.42070022206e-18, 2.03441307986e-18, 1.15974454532e-18, 8.05634625548e-18, 7.39041209563e-18, 4.84849517224e-18, 4.29469113469e-18, 7.0880709643e-18, 1.00292671422e-17, 6.65229608758e-18, 6.5047998582e-18, 5.8891239516e-18, 1.19518292732e-17, 1.09182431096e-17, 1.61620139822e-17, 1.63660893654e-17, 2.00214385426e-17, 2.0743661516e-17, 1.93999446612e-17, 1.75733247279e-17, 1.76093914569e-17, 1.24672976253e-17, 1.05564889036e-17, 5.93931685758e-18, 3.14830090337e-18, 1.31617256757e-18, 4.01881642254e-19, 3.84410346946e-20],
        "var": [0.0017930904869, 2.17201781273, 22.4295959473, 27.043888092, 192.636917114, 841.04095459, 349.820343018, 1303.75134277, 1215.71166992, 4173.87109375, 6302.54248047, 17581.1738281, 8292.57714844, 12825.8925781, 4215.35351562, 7798.38476562, 3196.02490234, 4476.43798828, 3839.78833008, 986.149719238, 785.309326172, 611.219543457, 827.635925293, 313.379760742, 887.795532227, 352.91998291, 487.527252197, 1427.91760254, 679.159851074, 177.954055786, 88.5198516846, 26.8296356201, 4.95499181747, 1.59568059444, 0.358447611332, 0.0260231401771, 0.000813999562524, 5.00446594742e-06, 3.42758221805e-09, 6.70518862655e-10]
    },
    "gfcc": {
        "mean": [-49.1215324402, 103.902763367, -120.652542114, 49.1282234192, -58.9793968201, 11.1914663315, -33.8927879333, 2.57345509529, -25.0349197388, -2.89301896095, -18.6546573639, -5.14768981934, -9.77292060852],
        "cov": [[14647.640625, -840.518981934, -963.96887207, 14.7550258636, -630.44128418, 250.825866699, -241.334945679, 150.741210938, -190.606384277, 139.579208374, -202.065643311, -42.5384063721, -199.179016113], [-840.518981934, 1319.65270996, 141.298233032, -173.978927612, 275.853088379, -192.85585022, 238.497039795, -119.121070862, 37.7853851318, -107.184570312, 134.776153564, -39.0148658752, 38.2548141479], [-963.96887207, 141.298233032, 718.61920166, 163.979385376, 13.4707612991, 21.3591022491, -51.950050354, 37.9254493713, 16.9183864594, 2.09673452377, 20.0835227966, 41.9975814819, 25.5498752594], [14.7550258636, -173.978927612, 163.979385376, 474.365600586, 160.197555542, -31.3157424927, -67.1121444702, -17.651342392, 59.5588951111, 1.41401493549, -30.0235328674, 24.3039054871, 20.9953632355], [-630.44128418, 275.853088379, 13.4707612991, 160.197555542, 428.027648926, 43.0822486877, 57.9300384521, 12.0170602798, 36.5740127563, -31.4019622803, 6.1494808197, -16.2842922211, 40.363735199], [250.825866699, -192.85585022, 21.3591022491, -31.3157424927, 43.0822486877, 336.711486816, 80.5507659912, 95.7352142334, -19.0005226135, 36.7591896057, -13.9069004059, -20.7478637695, -4.91475820541], [-241.334945679, 238.497039795, -51.950050354, -67.1121444702, 57.9300384521, 80.5507659912, 257.977905273, -0.881779551506, 26.2405548096, -7.54649209976, 45.1874542236, -26.9890499115, -7.69101381302], [150.741210938, -119.121070862, 37.9254493713, -17.651342392, 12.0170602798, 95.7352142334, -0.881779551506, 173.655456543, 25.3383865356, 43.0250091553, -26.2442150116, -13.6545963287, -4.36834907532], [-190.606384277, 37.7853851318, 16.9183864594, 59.5588951111, 36.5740127563, -19.0005226135, 26.2405548096, 25.3383865356, 111.527664185, 29.011844635, 10.1060171127, -5.98367500305, 2.64526629448], [139.579208374, -107.184570312, 2.09673452377, 1.41401493549, -31.4019622803, 36.7591896057, -7.54649209976, 43.0250091553, 29.011844635, 110.067718506, 18.9064064026, -4.10679674149, -2.34154391289], [-202.065643311, 134.776153564, 20.0835227966, -30.0235328674, 6.1494808197, -13.9069004059, 45.1874542236, -26.2442150116, 10.1060171127, 18.9064064026, 103.263427734, 31.8090648651, 1.80864691734], [-42.5384063721, -39.0148658752, 41.9975814819, 24.3039054871, -16.2842922211, -20.7478637695, -26.9890499115, -13.6545963287, -5.98367500305, -4.10679674149, 31.8090648651, 87.2999343872, 24.1159973145], [-199.179016113, 38.2548141479, 25.5498752594, 20.9953632355, 40.363735199, -4.91475820541, -7.69101381302, -4.36834907532, 2.64526629448, -2.34154391289, 1.80864691734, 24.1159973145, 69.3945846558]],
        "icov": [[0.000110483408207, -0.000231519035879, 0.00028205482522, -0.000312409596518, 0.00035079146619, -0.000269970129011, 0.000208011086215, -0.000178361224243, 0.000231940168305, -0.000200538823265, 0.00025763278245, -0.000225451556616, 0.000280106440187], [-0.000231519035879, 0.00318296183832, -0.00175005965866, 0.00250402744859, -0.00275757350028, 0.00264102057554, -0.00219813524745, 0.00115529575851, -0.00101149617694, 0.00192703376524, -0.00277419411577, 0.00254919962026, -0.00162232783623], [0.00028205482522, -0.00175005965866, 0.00287438207306, -0.00229940772988, 0.00207456527278, -0.0017921976978, 0.00158458889928, -0.0014265346108, 0.000830869539641, -0.000612007512245, 0.00068682996789, -0.00155697122682, 0.00063476478681], [-0.000312409596518, 0.00250402744859, -0.00229940772988, 0.00553756533191, -0.00382604030892, 0.00218360777944, -0.00105820968747, 0.00229720072821, -0.0027740674559, 0.000798179884441, -0.000275621132459, 0.000520978064742, -0.000739639799576], [0.00035079146619, -0.00275757350028, 0.00207456527278, -0.00382604030892, 0.0061088106595, -0.00290184421465, 0.00151798641309, -0.0018806674052, 0.00072745612124, 4.29885403719e-05, 0.000953038688749, -0.000478844332974, -0.000672839465551], [-0.000269970129011, 0.00264102057554, -0.0017921976978, 0.00218360777944, -0.00290184421465, 0.00666920654476, -0.00365131511353, -0.00107994419523, 0.00119460572023, -1.04604414446e-05, -0.00128847872838, 0.00193977437448, -0.00123044417705], [0.000208011086215, -0.00219813524745, 0.00158458889928, -0.00105820968747, 0.00151798641309, -0.00365131511353, 0.00740908272564, -0.000248801399721, -0.00139036157634, 0.000470366387162, -0.00132211425807, 0.000402880716138, 0.00117280555423], [-0.000178361224243, 0.00115529575851, -0.0014265346108, 0.00229720072821, -0.0018806674052, -0.00107994419523, -0.000248801399721, 0.00925167184323, -0.0029818918556, -0.00203488208354, 0.00214528758079, 9.95354203042e-05, 0.000208122059121], [0.000231940168305, -0.00101149617694, 0.000830869539641, -0.0027740674559, 0.00072745612124, 0.00119460572023, -0.00139036157634, -0.0029818918556, 0.0130055118352, -0.00382455904037, 0.00016535173927, 9.36126671149e-05, 0.000414733047364], [-0.000200538823265, 0.00192703376524, -0.000612007512245, 0.000798179884441, 4.29885403719e-05, -1.04604414446e-05, 0.000470366387162, -0.00203488208354, -0.00382455904037, 0.0143422698602, -0.00679382029921, 0.00422400422394, -0.00241689314134], [0.00025763278245, -0.00277419411577, 0.00068682996789, -0.000275621132459, 0.000953038688749, -0.00128847872838, -0.00132211425807, 0.00214528758079, 0.00016535173927, -0.00679382029921, 0.0186695940793, -0.00982226151973, 0.00413351226598], [-0.000225451556616, 0.00254919962026, -0.00155697122682, 0.000520978064742, -0.000478844332974, 0.00193977437448, 0.000402880716138, 9.95354203042e-05, 9.36126671149e-05, 0.00422400422394, -0.00982226151973, 0.0194668620825, -0.00754009792581], [0.000280106440187, -0.00162232783623, 0.00063476478681, -0.000739639799576, -0.000672839465551, -0.00123044417705, 0.00117280555423, 0.000208122059121, 0.000414733047364, -0.00241689314134, 0.00413351226598, -0.00754009792581, 0.0189612600952]]
    },
    "melbands": {
        "dmean": [0.000420914788265, 0.00112490635365, 0.000422195997089, 0.000559597217944, 0.000250837823842, 0.000219647248741, 0.000130274624098, 0.000145879239426, 0.00018656818429, 0.000150690437295, 9.29350935621e-05, 6.79538934492e-05, 5.44355789316e-05, 3.29456997861e-05, 3.83000369766e-05, 2.50183002208e-05, 3.3770364098e-05, 2.39531036641e-05, 2.18715522351e-05, 1.38769119076e-05, 9.98864834401e-06, 1.02143458207e-05, 8.15797830001e-06, 8.30270710139e-06, 4.87614943268e-06, 5.0651337915e-06, 7.17420698493e-06, 4.02483237849e-06, 3.38963354807e-06, 3.68925384464e-06, 3.35495519721e-06, 2.43971885538e-06, 1.51295228079e-06, 1.37516053655e-06, 1.1785236893e-06, 9.54019469646e-07, 6.17471471287e-07, 5.00155465488e-07, 3.4191918985e-07, 2.825939589e-07],
        "dmean2": [0.000671534333378, 0.0017770830309, 0.000673805829138, 0.000914148113225, 0.000383158534532, 0.000349013018422, 0.000202112933039, 0.000222034170292, 0.000297090417007, 0.00022835949494, 0.000137120863656, 9.58549790084e-05, 7.3928204074e-05, 4.7362256737e-05, 5.74574696657e-05, 3.7769183109e-05, 5.09532910655e-05, 3.64929510397e-05, 3.45236585417e-05, 2.08000128623e-05, 1.4523820937e-05, 1.46776055772e-05, 1.22231103887e-05, 1.267220523e-05, 7.37243271942e-06, 7.48746788304e-06, 1.08531639853e-05, 5.97165399085e-06, 5.03274122821e-06, 5.40545261174e-06, 4.79031768919e-06, 3.51719677383e-06, 2.1615537662e-06, 2.04517027669e-06, 1.68775068232e-06, 1.35428854264e-06, 8.52626897085e-07, 6.72435987781e-07, 4.50560889931e-07, 3.65157944771e-07],
        "dvar": [5.83641110552e-07, 4.36969776274e-06, 5.08749963046e-07, 1.37024346714e-06, 2.54429352253e-07, 3.32363640609e-07, 1.8580972494e-07, 2.77499736967e-07, 3.66695132925e-07, 2.98024474432e-07, 1.03636317306e-07, 4.72052263945e-08, 2.33060983845e-08, 1.52516079766e-08, 2.09095105674e-08, 1.2803057281e-08, 1.26310357729e-08, 6.35549746164e-09, 2.86866908006e-09, 1.10569875478e-09, 4.6152684452e-10, 4.7469617126e-10, 3.20066612103e-10, 2.95330232492e-10, 1.07493354495e-10, 1.98060096102e-10, 2.97822794204e-10, 6.84485870761e-11, 1.04151763602e-10, 1.54302667865e-10, 2.49729792401e-10, 1.08317445291e-10, 3.59511309611e-11, 2.61880760133e-11, 1.70033223612e-11, 9.96682337356e-12, 2.63464987674e-12, 1.46596005734e-12, 7.44970003654e-13, 6.00808573899e-13],
        "dvar2": [1.46036404658e-06, 1.02198982859e-05, 1.16477701795e-06, 3.44412705999e-06, 5.85187478919e-07, 8.07632204669e-07, 4.24793455522e-07, 6.16158445155e-07, 8.92357547855e-07, 6.3940609607e-07, 2.23849497161e-07, 9.46435037008e-08, 4.37626042071e-08, 3.25017701641e-08, 4.34934399607e-08, 3.02000131569e-08, 2.70317439544e-08, 1.21128120867e-08, 7.03458313822e-09, 2.44401410221e-09, 9.24118004342e-10, 1.05260611338e-09, 7.0952821396e-10, 7.04229508042e-10, 2.41947906154e-10, 4.4663855947e-10, 6.89865831127e-10, 1.50121262643e-10, 2.50651444045e-10, 3.19881732214e-10, 5.07018649287e-10, 2.04514405411e-10, 6.45195633031e-11, 6.23360113527e-11, 3.44375118699e-11, 1.85098932709e-11, 5.50765162644e-12, 2.8689893343e-12, 1.40025296046e-12, 1.16378282879e-12],
        "max": [0.00782690290362, 0.0217004455626, 0.0145154353231, 0.0161061137915, 0.00898661557585, 0.00947460252792, 0.00970181915909, 0.014237716794, 0.00935993343592, 0.0134511049837, 0.00739814620465, 0.00566838402301, 0.00387177779339, 0.00445035006851, 0.00487983506173, 0.00392425246537, 0.003692969447, 0.00429059425369, 0.00101367628668, 0.000597493548412, 0.000431406660937, 0.000413561268942, 0.00040829210775, 0.000339442340191, 0.00024135359854, 0.000672729045618, 0.000506765616592, 0.000157133647008, 0.000300124695059, 0.000435980036855, 0.000874235876836, 0.000651983020362, 0.000340828730259, 0.000255104125245, 0.000129901440232, 0.000125848222524, 4.69118240289e-05, 1.87341047422e-05, 1.2148812857e-05, 1.43472016134e-05],
        "mean": [0.000673596281558, 0.00166726089083, 0.000836395134684, 0.000825250055641, 0.000471011706395, 0.000332113617333, 0.00019349262584, 0.000243104426772, 0.000250216427958, 0.00023333595891, 0.000142121396493, 0.000151194893988, 9.85416918411e-05, 5.35132239747e-05, 6.7772642069e-05, 3.46171473211e-05, 5.3054322052e-05, 3.6480192648e-05, 3.52103852492e-05, 1.93218365894e-05, 1.51122549141e-05, 1.61969655892e-05, 1.2763360246e-05, 1.3062223843e-05, 8.29578129924e-06, 8.68337247084e-06, 1.18587659017e-05, 7.08621473677e-06, 5.42754514754e-06, 6.12860958427e-06, 5.17161106472e-06, 3.8763014345e-06, 2.47932302955e-06, 2.08920823752e-06, 1.84367718248e-06, 1.5462767351e-06, 9.63485035754e-07, 7.50073354538e-07, 5.05561047248e-07, 3.99027300091e-07],
        "median": [0.000356012023985, 0.000895123637747, 0.000490707869176, 0.000298117956845, 0.000179922426469, 8.47435148899e-05, 3.86436513509e-05, 2.13504554267e-05, 2.47994958045e-05, 2.09359295695e-05, 1.62488195201e-05, 1.63096974575e-05, 1.09048214654e-05, 7.16310751159e-06, 6.18960075371e-06, 4.69040787721e-06, 9.05080287339e-06, 7.81568360253e-06, 5.72228145757e-06, 4.080277904e-06, 4.03482863476e-06, 4.1626390157e-06, 4.27225950261e-06, 4.24696736445e-06, 2.82333235191e-06, 2.42877126766e-06, 3.73964167011e-06, 2.53300231634e-06, 1.84559246463e-06, 1.62410867688e-06, 9.33881835863e-07, 8.48765921546e-07, 5.1455231187e-07, 4.5404377147e-07, 4.21417297503e-07, 2.81368329524e-07, 1.36444981536e-07, 9.94713289515e-08, 5.86727750829e-08, 3.8067902608e-08],
        "min": [4.64159761289e-24, 9.5574403529e-24, 1.60021002604e-23, 8.99137191111e-24, 1.17643497327e-24, 1.00986176693e-24, 3.26063763095e-24, 1.11874249872e-23, 1.49651220901e-23, 8.51863044758e-24, 1.20421021354e-23, 8.50787985117e-24, 2.22583099751e-24, 1.53607626553e-23, 2.23407412065e-23, 1.31066707159e-23, 8.3521239986e-24, 6.44960290992e-24, 7.92341675079e-24, 1.39055304331e-23, 1.0547590951e-23, 7.30722487595e-24, 4.89602852622e-24, 4.99048870317e-24, 4.13371910135e-24, 9.65352124457e-24, 9.0409983618e-24, 6.50429621421e-24, 7.87071374258e-24, 1.33588435149e-23, 7.83543903834e-24, 1.1960362735e-23, 1.05812832003e-23, 1.27791932549e-23, 1.2356815827e-23, 8.90522198938e-24, 1.08874345956e-23, 1.35863715103e-23, 9.7885892199e-24, 1.09134251958e-23],
        "var": [7.89648311184e-07, 5.48656635146e-06, 1.2911742715e-06, 2.12997679228e-06, 5.99087059072e-07, 5.67033623611e-07, 2.86279430384e-07, 6.24922620318e-07, 5.07975357777e-07, 7.28583131604e-07, 2.03656625786e-07, 1.92730880144e-07, 7.55482716386e-08, 3.0747756341e-08, 6.69184316848e-08, 1.63376085993e-08, 2.15197317743e-08, 1.15600222728e-08, 6.38980379719e-09, 1.79438286452e-09, 8.39378733186e-10, 8.49834369543e-10, 5.34540467445e-10, 5.26220789165e-10, 2.2727068838e-10, 3.85346810017e-10, 5.0314002964e-10, 1.37962599678e-10, 1.66155519898e-10, 3.79082681912e-10, 5.37268896039e-10, 2.75413247763e-10, 9.17769471531e-11, 4.48773275485e-11, 3.19552856398e-11, 2.6472497805e-11, 6.68761617265e-12, 2.95763500496e-12, 1.44680057865e-12, 1.06608125106e-12]
    },
    "mfcc": {
        "mean": [-684.485046387, 120.490882874, 2.27088904381, 36.2620811462, 0.597318053246, 11.4728078842, 0.0476426295936, 4.41632652283, -1.59383094311, 2.67394852638, -5.66852045059, -4.32055044174, -6.37698507309],
        "cov": [[11726.3212891, -436.758209229, -684.851318359, -265.477050781, -421.285736084, -35.1998329163, -92.1928482056, -51.5156288147, -35.7399215698, 105.307914734, -2.7092730999, 8.25932121277, -35.6701812744], [-436.758209229, 1409.27001953, -97.5398406982, 81.3706665039, -12.3138132095, -4.21015167236, 128.179977417, 43.6399421692, -41.6316375732, -55.0172386169, 28.2096424103, -6.59351682663, 32.2504844666], [-684.851318359, -97.5398406982, 649.73815918, 45.9139671326, 69.9276046753, -7.59134626389, -9.2250289917, -7.56229782104, 33.2051620483, -72.1445999146, 40.1677627563, 58.5301780701, -7.61544418335], [-265.477050781, 81.3706665039, 45.9139671326, 483.457000732, 149.803756714, 37.5974845886, -80.6449890137, -3.04628443718, -6.83933019638, -10.0761375427, -37.9771118164, 0.148472219706, -1.39708054066], [-421.285736084, -12.3138132095, 69.9276046753, 149.803756714, 357.578399658, 42.9050483704, 19.9470691681, 30.0422058105, 73.258354187, 8.09908390045, -17.8706417084, 4.95561265945, 10.1384010315], [-35.1998329163, -4.21015167236, -7.59134626389, 37.5974845886, 42.9050483704, 202.33631897, 90.0288925171, 54.195438385, 16.2311267853, 52.312171936, -5.62399625778, -6.09255218506, 6.09213924408], [-92.1928482056, 128.179977417, -9.2250289917, -80.6449890137, 19.9470691681, 90.0288925171, 204.325454712, 69.9090499878, 36.9437255859, 41.0553779602, 28.2483596802, 1.90382504463, 20.5764312744], [-51.5156288147, 43.6399421692, -7.56229782104, -3.04628443718, 30.0422058105, 54.195438385, 69.9090499878, 128.289031982, 37.94947052, 21.636724472, 4.44404029846, 0.931396782398, 10.4732952118], [-35.7399215698, -41.6316375732, 33.2051620483, -6.83933019638, 73.258354187, 16.2311267853, 36.9437255859, 37.94947052, 142.42427063, 51.0197181702, 24.6617012024, 6.52912092209, -7.27993202209], [105.307914734, -55.0172386169, -72.1445999146, -10.0761375427, 8.09908390045, 52.312171936, 41.0553779602, 21.636724472, 51.0197181702, 164.69128418, 32.3723106384, -2.73530220985, 4.01428556442], [-2.7092730999, 28.2096424103, 40.1677627563, -37.9771118164, -17.8706417084, -5.62399625778, 28.2483596802, 4.44404029846, 24.6617012024, 32.3723106384, 104.581863403, 36.9053497314, 5.50528478622], [8.25932121277, -6.59351682663, 58.5301780701, 0.148472219706, 4.95561265945, -6.09255218506, 1.90382504463, 0.931396782398, 6.52912092209, -2.73530220985, 36.9053497314, 85.6683425903, 31.2972736359], [-35.6701812744, 32.2504844666, -7.61544418335, -1.39708054066, 10.1384010315, 6.09213924408, 20.5764312744, 10.4732952118, -7.27993202209, 4.01428556442, 5.50528478622, 31.2972736359, 93.6251144409]],
