{
"lowlevel": {
    "average_loudness": 0.209809839725,
    "barkbands_crest": {
        "dmean": 2.36619997025,
        "dmean2": 3.67435765266,
        "dvar": 5.30812215805,
        "dvar2": 12.1125011444,
        "max": 26.9005641937,
        "mean": 14.0470485687,
        "median": 13.241065979,
        "min": 2.91991329193,
        "var": 32.0560112
    },
    "barkbands_flatness_db": {
        "dmean": 0.0210682228208,
        "dmean2": 0.0312460418791,
        "dvar": 0.000465639168397,
        "dvar2": 0.000939749646932,
        "max": 0.552931666374,
        "mean": 0.215911373496,
        "median": 0.206632316113,
        "min": 0.0332587994635,
        "var": 0.00632335152477
    },
    "barkbands_kurtosis": {
        "dmean": 10.5826673508,
        "dmean2": 15.93729496,
        "dvar": 1060.78857422,
        "dvar2": 2068.58276367,
        "max": 2364.11645508,
        "mean": 27.9207553864,
        "median": 7.96039772034,
        "min": -1.95538389683,
        "var": 8369.23046875
    },
    "barkbands_skewness": {
        "dmean": 0.730711102486,
        "dmean2": 1.07866537571,
        "dvar": 0.945907056332,
        "dvar2": 2.0082628727,
        "max": 38.3026199341,
        "mean": 2.91135811806,
        "median": 2.18936252594,
        "min": -5.96817207336,
        "var": 10.5251913071
    },
    "barkbands_spread": {
        "dmean": 3.94354510307,
        "dmean2": 5.88557195663,
        "dvar": 62.9252738953,
        "dvar2": 126.990501404,
        "max": 121.124061584,
        "mean": 13.2087278366,
        "median": 8.39109325409,
        "min": 0.0497895739973,
        "var": 228.190994263
    },
    "dissonance": {
        "dmean": 0.029648270458,
        "dmean2": 0.0493673048913,
        "dvar": 0.000823959358968,
        "dvar2": 0.00222828937694,
        "max": 0.500000059605,
        "mean": 0.411435961723,
        "median": 0.423027992249,
        "min": 0.0985333174467,
        "var": 0.00325143989176
    },
    "dynamic_complexity": 5.7228717804,
    "erbbands_crest": {
        "dmean": 2.89304852486,
        "dmean2": 4.44502401352,
        "dvar": 7.21444940567,
        "dvar2": 16.4397277832,
        "max": 33.3305130005,
        "mean": 14.9760055542,
        "median": 13.7307109833,
        "min": 2.68196988106,
        "var": 49.1494102478
    },
    "erbbands_flatness_db": {
        "dmean": 0.0177305601537,
        "dmean2": 0.0255327988416,
        "dvar": 0.000326335721184,
        "dvar2": 0.000638298573904,
        "max": 0.499689668417,
        "mean": 0.213879615068,
        "median": 0.204208076,
        "min": 0.0312749259174,
        "var": 0.00569877400994
    },
    "erbbands_kurtosis": {
        "dmean": 3.67262339592,
        "dmean2": 5.59630632401,
        "dvar": 62.1787872314,
        "dvar2": 138.272476196,
        "max": 247.530914307,
        "mean": 8.09906578064,
        "median": 2.64325666428,
        "min": -1.90994870663,
        "var": 345.168273926
    },
    "erbbands_skewness": {
        "dmean": 0.52413469553,
        "dmean2": 0.776779294014,
        "dvar": 0.378526389599,
        "dvar2": 0.771366119385,
        "max": 12.6605052948,
        "mean": 1.65860486031,
        "median": 1.28023719788,
        "min": -5.49217271805,
        "var": 3.50041842461
    },
    "erbbands_spread": {
        "dmean": 7.14484214783,
        "dmean2": 10.6850690842,
        "dvar": 122.021842957,
        "dvar2": 258.072784424,
        "max": 182.00177002,
        "mean": 29.7779006958,
        "median": 24.206943512,
        "min": 0.594314038754,
        "var": 527.783691406
    },
    "hfc": {
        "dmean": 3.86233901978,
        "dmean2": 5.53090572357,
        "dvar": 176.155960083,
        "dvar2": 389.869140625,
        "max": 487.538635254,
        "mean": 13.388012886,
        "median": 6.45620918274,
        "min": 1.06273068137e-16,
        "var": 434.79989624
    },
    "melbands_crest": {
        "dmean": 2.87944316864,
        "dmean2": 4.45481300354,
        "dvar": 7.3534693718,
        "dvar2": 17.3725814819,
        "max": 36.5721893311,
        "mean": 17.5480575562,
        "median": 16.7928276062,
        "min": 1.63581466675,
        "var": 43.0549507141
    },
    "melbands_flatness_db": {
        "dmean": 0.0227529481053,
        "dmean2": 0.0331131778657,
        "dvar": 0.000592313474044,
        "dvar2": 0.00113530550152,
        "max": 0.642076075077,
        "mean": 0.289366990328,
        "median": 0.281853497028,
        "min": 0.00326870055869,
        "var": 0.00866605062038
    },
    "melbands_kurtosis": {
        "dmean": 16.258392334,
        "dmean2": 24.9882144928,
        "dvar": 1378.0135498,
        "dvar2": 3328.65087891,
        "max": 1063.14404297,
        "mean": 44.9390220642,
        "median": 14.4739665985,
        "min": -1.93500065804,
        "var": 8668.74121094
    },
    "melbands_skewness": {
        "dmean": 0.804329454899,
        "dmean2": 1.21312522888,
        "dvar": 1.06030845642,
        "dvar2": 2.4348180294,
        "max": 25.4655303955,
        "mean": 3.50688147545,
        "median": 2.77016210556,
        "min": -3.29174375534,
        "var": 10.2079591751
    },
    "melbands_spread": {
        "dmean": 4.54277849197,
        "dmean2": 6.67639541626,
        "dvar": 159.868667603,
        "dvar2": 291.567962646,
        "max": 290.218017578,
        "mean": 14.8606367111,
        "median": 8.08086681366,
        "min": 0.205152913928,
        "var": 662.856506348
    },
    "pitch_salience": {
        "dmean": 0.0614007897675,
        "dmean2": 0.0962904840708,
        "dvar": 0.00358202960342,
        "dvar2": 0.008136337623,
        "max": 0.941466987133,
        "mean": 0.463521778584,
        "median": 0.48052072525,
        "min": 0.0415887087584,
        "var": 0.0230815839022
    },
    "silence_rate_20dB": {
        "dmean": 0,
        "dmean2": 0,
        "dvar": 0,
        "dvar2": 0,
        "max": 1,
        "mean": 1,
        "median": 1,
        "min": 1,
        "var": 0
    },
    "silence_rate_30dB": {
        "dmean": 0.00205819075927,
        "dmean2": 0.00411676662043,
        "dvar": 0.00205383100547,
        "dvar2": 0.0054092076607,
        "max": 1,
        "mean": 0.99738073349,
        "median": 1,
        "min": 0,
        "var": 0.00261264317669
    },
    "silence_rate_60dB": {
        "dmean": 0.0286275614053,
        "dmean2": 0.0572604797781,
        "dvar": 0.0278106220067,
        "dvar2": 0.0631449222565,
        "max": 1,
        "mean": 0.230495795608,
        "median": 0,
        "min": 0,
        "var": 0.177350521088
    },
    "spectral_centroid": {
        "dmean": 163.930725098,
        "dmean2": 237.106796265,
        "dvar": 112205.570312,
        "dvar2": 193382.78125,
        "max": 11608.9765625,
        "mean": 903.283081055,
        "median": 606.12109375,
        "min": 196.281234741,
        "var": 1132369.5
    },
    "spectral_complexity": {
        "dmean": 1.48376834393,
        "dmean2": 2.41036677361,
        "dvar": 3.6824131012,
        "dvar2": 8.22936058044,
        "max": 53,
        "mean": 8.97053337097,
        "median": 8,
        "min": 0,
        "var": 44.916267395
    },
    "spectral_decrease": {
        "dmean": 1.23615817582e-09,
        "dmean2": 1.91951854411e-09,
        "dvar": 4.15940657269e-18,
        "dvar2": 1.03918791345e-17,
        "max": 2.15147535943e-28,
        "mean": -5.1735922213e-09,
        "median": -3.7905634187e-09,
        "min": -4.49669670388e-08,
        "var": 2.69137158559e-17
    },
    "spectral_energy": {
        "dmean": 0.00490919919685,
        "dmean2": 0.00760675547644,
        "dvar": 6.33742820355e-05,
        "dvar2": 0.000157613700139,
        "max": 0.174736484885,
        "mean": 0.0207406934351,
        "median": 0.0151777584106,
        "min": 1.00127280859e-20,
        "var": 0.000426261918619
    },
    "spectral_energyband_high": {
        "dmean": 0.000281821587123,
        "dmean2": 0.000408589578001,
        "dvar": 2.04022103389e-06,
        "dvar2": 4.46778039986e-06,
        "max": 0.0515385754406,
        "mean": 0.000531818892341,
        "median": 7.96339954832e-05,
        "min": 7.10872636859e-21,
        "var": 3.32772242473e-06
    },
    "spectral_energyband_low": {
        "dmean": 0.00162473204546,
        "dmean2": 0.00242390739731,
        "dvar": 3.50331210939e-05,
        "dvar2": 8.51669537951e-05,
        "max": 0.133128836751,
        "mean": 0.00526806712151,
        "median": 0.000620622071438,
        "min": 1.21589198137e-23,
        "var": 0.000117866140499
    },
    "spectral_energyband_middle_high": {
        "dmean": 0.000903709034901,
        "dmean2": 0.00125603016932,
        "dvar": 6.10226243225e-06,
        "dvar2": 1.16870278362e-05,
        "max": 0.0601346716285,
        "mean": 0.00310555612668,
        "median": 0.000518119893968,
        "min": 1.17554300194e-21,
        "var": 4.81591923744e-05
    },
    "spectral_energyband_middle_low": {
        "dmean": 0.00375832011923,
        "dmean2": 0.00590666057542,
        "dvar": 2.80593540083e-05,
        "dvar2": 7.09841406206e-05,
        "max": 0.101500421762,
        "mean": 0.0125022325665,
        "median": 0.00969933345914,
        "min": 1.50084699968e-22,
        "var": 0.000135926922667
    },
    "spectral_entropy": {
        "dmean": 0.210599437356,
        "dmean2": 0.308799862862,
        "dvar": 0.0528516359627,
        "dvar2": 0.098785340786,
        "max": 9.82576465607,
        "mean": 6.75827884674,
        "median": 6.79735040665,
        "min": 3.3858537674,
        "var": 0.660996854305
    },
    "spectral_flux": {
        "dmean": 0.0195491630584,
        "dmean2": 0.0316284522414,
        "dvar": 0.000584482273553,
        "dvar2": 0.00139397347812,
        "max": 0.370430409908,
        "mean": 0.0555486790836,
        "median": 0.0451938919723,
        "min": 6.31847421606e-11,
        "var": 0.0020327437669
    },
    "spectral_kurtosis": {
        "dmean": 2.94831728935,
        "dmean2": 4.81304883957,
        "dvar": 38.3038825989,
        "dvar2": 108.389091492,
        "max": 142.05255127,
        "mean": 10.7762765884,
        "median": 5.94452428818,
        "min": -1.61181235313,
        "var": 320.003204346
    },
    "spectral_rms": {
        "dmean": 0.000491906946991,
        "dmean2": 0.00074623915134,
        "dvar": 3.56328285989e-07,
        "dvar2": 8.15670318843e-07,
        "max": 0.0130565930158,
        "mean": 0.00387429120019,
        "median": 0.00384806049988,
        "min": 3.12546234553e-12,
        "var": 5.22471736986e-06
    },
    "spectral_rolloff": {
        "dmean": 325.015319824,
        "dmean2": 552.203430176,
        "dvar": 1255987.125,
        "dvar2": 2540403,
        "max": 19702.8808594,
        "mean": 1208.9107666,
        "median": 581.396484375,
        "min": 21.533203125,
        "var": 5811004
    },
    "spectral_skewness": {
        "dmean": 0.300921916962,
        "dmean2": 0.464271813631,
        "dvar": 0.149078637362,
        "dvar2": 0.371679395437,
        "max": 10.056810379,
        "mean": 2.39380645752,
        "median": 2.1320745945,
        "min": -0.631583571434,
        "var": 1.88413238525
    },
    "spectral_spread": {
        "dmean": 662435.6875,
        "dmean2": 959129.375,
        "dvar": 1.31599289549e+12,
        "dvar2": 2.17418891264e+12,
        "max": 43455556,
        "mean": 5413953.5,
        "median": 4864169,
        "min": 611181.8125,
        "var": 1.43054067466e+13
    },
    "spectral_strongpeak": {
        "dmean": 0.399417161942,
        "dmean2": 0.64200502634,
        "dvar": 0.609900295734,
        "dvar2": 1.43630063534,
        "max": 26.446937561,
        "mean": 1.13312780857,
        "median": 0.774532735348,
        "min": 0,
        "var": 1.78431618214
    },
    "zerocrossingrate": {
        "dmean": 0.00918671302497,
        "dmean2": 0.0104356408119,
        "dvar": 0.000347722816514,
        "dvar2": 0.000365559040802,
        "max": 0.52197265625,
        "mean": 0.0507373996079,
        "median": 0.03369140625,
        "min": 0.00341796875,
        "var": 0.00414005434141
    },
    "barkbands": {
        "dmean": [8.17548498162e-05, 0.00120547623374, 0.000503172399476, 0.000449057086371, 0.0015624044463, 0.00170411763247, 0.000716317386832, 0.000447577011073, 0.000480926653836, 0.000641694641672, 0.000345304433722, 9.00788509171e-05, 9.3179725809e-05, 8.90208248165e-05, 0.000111458866741, 0.000110900647996, 0.000101687233837, 9.28004519665e-05, 8.98396901903e-05, 9.58848540904e-05, 4.41934535047e-05, 1.9448756575e-05, 3.59256009688e-05, 7.63864882174e-05, 7.76825545472e-05, 2.03407726076e-05, 6.6552553335e-07],
        "dmean2": [0.000137523704325, 0.00173448736314, 0.000804843031801, 0.000741989701055, 0.00245579378679, 0.00263961893506, 0.00111451477278, 0.00064115144778, 0.000677806092426, 0.000912323594093, 0.000495905987918, 0.000140544914757, 0.000138726783916, 0.000135986847454, 0.000165630102856, 0.000163503354997, 0.000154822744662, 0.000143388431752, 0.00014198635472, 0.00014466875291, 6.72776659485e-05, 3.02599673887e-05, 5.39476859558e-05, 0.000115064292913, 0.000116789364256, 2.99997936963e-05, 9.92146738099e-07],
        "dvar": [1.05633937153e-07, 2.36571668211e-05, 4.90001366416e-06, 2.3004997729e-06, 1.08509348138e-05, 9.63679940469e-06, 4.37194239566e-06, 2.11287169805e-06, 2.67606878879e-06, 6.15031331108e-06, 2.85047462967e-06, 1.39993815651e-07, 1.81341832217e-07, 1.89519781202e-07, 2.48662246349e-07, 2.6891490279e-07, 1.59494703666e-07, 1.28081822481e-07, 9.5993655691e-08, 1.00530634484e-07, 4.41009824215e-08, 2.52982967908e-08, 9.99785214617e-08, 4.43523305194e-07, 3.46123158579e-07, 1.55362460674e-08, 1.75469500041e-11],
        "dvar2": [3.36968014381e-07, 5.61003616895e-05, 1.38344803418e-05, 6.20181208433e-06, 2.72680354101e-05, 2.31082649407e-05, 1.08767071652e-05, 4.49622029919e-06, 5.11538019055e-06, 1.1247522707e-05, 5.15095280207e-06, 3.20639685469e-07, 3.70045256659e-07, 4.13340188743e-07, 4.89776880386e-07, 4.99413260968e-07, 3.69216905938e-07, 3.06291639163e-07, 2.27909481509e-07, 2.29231872595e-07, 9.82883747724e-08, 6.133544872e-08, 2.31570027154e-07, 9.90045236904e-07, 8.43607210754e-07, 3.03168441462e-08, 4.05096650669e-11],
        "max": [0.00661660823971, 0.125959828496, 0.064386472106, 0.0545478202403, 0.0776921212673, 0.0637802109122, 0.0537144429982, 0.0502077527344, 0.052292779088, 0.0574166625738, 0.0525947324932, 0.0128851504996, 0.018193371594, 0.0190695524216, 0.0173221733421, 0.0223000571132, 0.0118925040588, 0.0113240014762, 0.00822540931404, 0.0107124568895, 0.00819631665945, 0.00610555382445, 0.0154589246958, 0.029526758939, 0.021597025916, 0.00507189054042, 0.000223772716708],
        "mean": [0.00018947928038, 0.00333993299864, 0.00132929929532, 0.000831544399261, 0.00364528037608, 0.0040237903595, 0.00153574591968, 0.000925685511902, 0.000982335535809, 0.00136701273732, 0.000639075529762, 0.000140519579872, 0.00016298139235, 0.000138523959322, 0.000184422620805, 0.000168899263372, 0.00021111483511, 0.000182742878678, 0.000153598623001, 0.000187220430234, 7.56640220061e-05, 2.80778749584e-05, 4.93691040901e-05, 0.000103883699921, 0.000113440495625, 3.02778244077e-05, 7.38174435355e-07],
        "median": [4.15743215854e-06, 0.000170270344825, 0.000154760491569, 0.000155202578753, 0.00122260116041, 0.00149279180914, 0.000157490227139, 0.000167609512573, 0.000136610469781, 7.07297731424e-05, 4.67908903374e-05, 2.4773478799e-05, 1.30357620947e-05, 1.14362810564e-05, 1.5367531887e-05, 1.18078878586e-05, 1.2641392459e-05, 1.30189127958e-05, 1.35660466185e-05, 1.53649798449e-05, 3.77943933927e-06, 1.04286107216e-06, 4.50141487818e-06, 1.15358016046e-05, 1.64124903677e-05, 1.97697045223e-06, 1.27000649996e-08],
        "min": [7.47995790267e-25, 2.03069856121e-24, 6.37203382268e-25, 1.72737464062e-24, 6.49538997459e-24, 1.15556518471e-23, 1.57871766845e-23, 1.13646899212e-23, 5.99921658115e-24, 2.28917211058e-23, 1.31216070083e-23, 1.76955763646e-23, 2.86326500326e-23, 3.76254655592e-23, 3.59953507629e-23, 6.16535565762e-23, 5.33384703859e-23, 8.52254083109e-23, 1.51072290713e-22, 1.60451708036e-22, 1.98676158836e-22, 2.54878459366e-22, 4.38620850177e-22, 6.11010661661e-22, 9.20569424879e-22, 1.22231091732e-21, 1.90612907339e-21],
        "var": [2.62575042598e-07, 6.30699214526e-05, 1.02929852801e-05, 5.47933632333e-06, 3.667004421e-05, 3.56571435987e-05, 1.35982863867e-05, 5.71265445615e-06, 1.07153055069e-05, 2.269657125e-05, 9.32185594138e-06, 2.3559704232e-07, 5.92586673065e-07, 3.84190542491e-07, 5.83685618949e-07, 6.16721536062e-07, 5.21439687873e-07, 3.49864990312e-07, 1.84161933703e-07, 2.6300736522e-07, 8.83993465095e-08, 3.14870973739e-08, 1.23321242995e-07, 5.58786723559e-07, 4.05026440831e-07, 2.79233631773e-08, 2.15280657884e-11]
    },
    "erbbands": {
        "dmean": [0.0428127609193, 0.257663398981, 0.558392524719, 1.02676725388, 2.5329272747, 6.05361175537, 13.6347417831, 12.4501562119, 10.9181938171, 8.66304397583, 10.115653038, 10.9941120148, 16.7438240051, 16.4201259613, 8.52203655243, 3.68896651268, 4.15874576569, 4.30105781555, 5.13588190079, 5.02264928818, 5.82948541641, 4.96465730667, 3.55153226852, 5.83881616592, 2.81934952736, 4.30932474136, 2.77865123749, 0.921678185463, 0.711432754993, 0.790243685246, 1.11986911297, 1.46362042427, 1.36817324162, 1.09612846375, 0.440241992474, 0.133690312505, 0.0274565834552, 0.00390230258927, 8.91432064236e-05, 8.79761682882e-06],
        "dmean2": [0.0619779527187, 0.379802137613, 0.887902975082, 1.66500413418, 4.13070058823, 9.58191680908, 21.4044418335, 18.7553501129, 16.9843101501, 12.8498506546, 14.0841627121, 15.0130405426, 22.884311676, 23.8452281952, 11.2646827698, 5.56327295303, 6.05315303802, 6.21327161789, 7.78245019913, 7.37390804291, 8.40996837616, 7.09596395493, 5.12438154221, 8.91657447815, 4.07013702393, 6.36279726028, 3.97944688797, 1.38870799541, 1.14344513416, 1.18863523006, 1.6941113472, 2.31529140472, 2.04150795937, 1.7006187439, 0.656076550484, 0.196361243725, 0.0394430533051, 0.00563975935802, 0.000126697719679, 1.31038686959e-05],
        "dvar": [0.0327081754804, 1.18356859684, 6.51044940948, 14.0631561279, 42.6887321472, 226.212860107, 701.14630127, 739.329650879, 1000.73065186, 967.132080078, 875.770629883, 1419.3996582, 4060.12792969, 5046.96142578, 1600.60681152, 162.085525513, 402.152679443, 457.299743652, 639.644470215, 448.835754395, 900.051574707, 372.589813232, 142.06010437, 467.37399292, 104.111274719, 201.034194946, 128.833618164, 24.0843811035, 41.9610023499, 40.8690834045, 116.07484436, 206.263442993, 146.588180542, 72.5278015137, 10.4368209839, 0.733201444149, 0.0303870830685, 0.00058589677792, 2.6591101232e-07, 6.95107915671e-10],
        "dvar2": [0.0783012509346, 2.91086864471, 18.0093517303, 37.603969574, 109.256843567, 573.852111816, 1755.8248291, 1673.92944336, 2496.00463867, 2291.07617188, 1808.10192871, 2446.10668945, 6867.82617188, 10622.8203125, 2242.54394531, 353.524261475, 787.547729492, 915.389587402, 1320.73400879, 921.42376709, 1568.74291992, 734.140136719, 285.685852051, 1022.06658936, 219.868942261, 426.553009033, 272.352905273, 57.7321128845, 105.110603333, 84.8988189697, 290.549438477, 535.788085938, 315.158203125, 180.450317383, 23.9191455841, 1.51966190338, 0.0511919297278, 0.00120688346215, 5.37953894764e-07, 1.44864631402e-09],
        "max": [4.61882209778, 25.9751262665, 81.1564865112, 131.787200928, 252.266113281, 357.022735596, 539.530700684, 774.970458984, 701.281555176, 819.649414062, 1532.23547363, 1653.42114258, 2099.06005859, 2399.41357422, 1938.67980957, 456.137084961, 937.250793457, 1146.09729004, 1011.92608643, 757.047363281, 1515.46398926, 723.485168457, 415.918243408, 639.828613281, 306.801757812, 627.42755127, 521.82611084, 163.236831665, 265.528015137, 408.773529053, 630.537597656, 665.703369141, 566.718261719, 308.598846436, 128.525131226, 31.2614269257, 9.48229980469, 0.933398485184, 0.021524567157, 0.000881154846866],
        "mean": [0.10209967941, 0.713577389717, 1.6318770647, 2.26720738411, 5.23695373535, 13.8036880493, 30.889005661, 28.5084781647, 24.3018379211, 19.216627121, 22.2425785065, 24.578332901, 37.1752357483, 38.6447486877, 17.9111385345, 7.04683923721, 8.01888656616, 7.72519207001, 8.63912582397, 9.10354614258, 10.6760110855, 11.1730422974, 8.61080932617, 11.0034885406, 6.40240240097, 8.9167881012, 6.17647314072, 1.57426643372, 1.03484880924, 1.08323657513, 1.51845657825, 1.88699960709, 1.86917591095, 1.56652665138, 0.6348965168, 0.202011689544, 0.0392316244543, 0.00494411913678, 0.000126458937302, 2.98497834592e-05],
        "median": [0.00207059900276, 0.0512221008539, 0.200757294893, 0.510119080544, 1.63537013531, 3.8483247757, 10.1838912964, 9.51177787781, 3.8768863678, 2.95076227188, 5.47698307037, 4.44027519226, 3.00822210312, 2.85975646973, 1.71672129631, 1.26623630524, 0.797635674477, 0.809459865093, 0.801201462746, 0.82933652401, 0.806633710861, 0.738201856613, 0.700599968433, 1.04150342941, 0.597078084946, 0.738530874252, 0.310828059912, 0.109929069877, 0.0447825491428, 0.0623585730791, 0.145708784461, 0.176727622747, 0.221548855305, 0.206447154284, 0.0843630731106, 0.0168270803988, 0.00270107761025, 0.000236157196923, 1.86004435818e-05, 1.98801099032e-05],
        "min": [5.90350558636e-23, 2.57146794189e-22, 1.41912275171e-21, 7.01991108149e-21, 1.04645310669e-20, 1.59144056859e-20, 3.81112255059e-20, 7.83371705596e-20, 1.54407465575e-19, 2.29568676173e-19, 2.79569055865e-19, 2.51846924815e-19, 5.64807659346e-19, 7.74060004193e-19, 9.38911723601e-19, 1.2117635559e-18, 1.40096736915e-18, 2.25147126965e-18, 2.27191317733e-18, 3.67553031617e-18, 3.87696244381e-18, 3.81683675304e-18, 5.41877292528e-18, 7.44742965525e-18, 7.22302961714e-18, 7.71718814226e-18, 9.5926075958e-18, 7.07268788645e-18, 1.04937993665e-17, 1.27879012502e-17, 1.249003103e-17, 1.13452544213e-17, 9.61620374996e-18, 8.72010162159e-18, 6.31817509071e-18, 4.0322833882e-18, 2.08127224117e-18, 9.80298981767e-19, 2.52101179456e-19, 2.64211988966e-20],
        "var": [0.0723799094558, 3.06818723679, 15.943813324, 36.0908279419, 113.005226135, 745.803161621, 2375.35839844, 2766.15820312, 3035.07983398, 2811.33813477, 2849.59326172, 6464.90478516, 18190.9394531, 23464.65625, 7591.63037109, 418.810394287, 1366.14111328, 1079.47131348, 1398.00756836, 1166.09790039, 2241.94213867, 1500.63049316, 644.083984375, 1177.12536621, 329.886169434, 623.016723633, 435.567169189, 35.9891166687, 46.3587989807, 61.9918899536, 120.084823608, 196.348007202, 188.861724854, 82.531463623, 12.9824867249, 1.19497871399, 0.0611943788826, 0.000887100992259, 4.23496771873e-07, 1.69754710289e-09]
    },
    "gfcc": {
        "mean": [-102.678604126, 104.878471375, -92.1413955688, 9.25292873383, -71.6257781982, 1.46535003185, -55.2991828918, 17.271944046, -35.2533950806, -2.85478258133, -7.68739318848, -6.40279483795, 1.49803328514],
        "cov": [[24460.5683594, -586.52923584, -1412.85522461, 1922.14038086, 14.2042169571, 426.791687012, 49.2021102905, 1172.74682617, -543.484375, 762.397155762, -162.062469482, 57.2861061096, -60.4103355408], [-586.52923584, 2017.02062988, -180.942733765, -339.766906738, 282.952880859, -39.6859054565, 310.038909912, -100.934875488, 233.009918213, -186.234100342, 99.3521881104, -198.780212402, 9.9922246933], [-1412.85522461, -180.942733765, 1228.12084961, 223.038635254, 71.3251953125, 185.752975464, -167.351394653, -60.7668800354, 25.499414444, -39.3975906372, -50.4039268494, 179.774398804, -58.2317733765], [1922.14038086, -339.766906738, 223.038635254, 916.114685059, 233.315582275, 89.8039932251, 59.5793685913, 173.060821533, 35.5725402832, 117.182327271, -19.5175685883, 150.363586426, 19.8784427643], [14.2042169571, 282.952880859, 71.3251953125, 233.315582275, 399.209136963, 61.9447021484, 180.603683472, 81.8062820435, 96.7974014282, 39.1777687073, 5.16392707825, 27.648973465, -2.20306944847], [426.791687012, -39.6859054565, 185.752975464, 89.8039932251, 61.9447021484, 338.053619385, 151.818710327, -20.9226398468, 15.5822792053, 79.5591888428, -79.2072753906, -23.3036556244, -54.1244277954], [49.2021102905, 310.038909912, -167.351394653, 59.5793685913, 180.603683472, 151.818710327, 492.401428223, -0.998689055443, 142.426589966, 105.481262207, -51.0991783142, -45.7811393738, -61.4310340881], [1172.74682617, -100.934875488, -60.7668800354, 173.060821533, 81.8062820435, -20.9226398468, -0.998689055443, 272.571166992, 30.9505710602, 57.0325584412, 43.9335403442, 28.8885211945, 26.1285610199], [-543.484375, 233.009918213, 25.499414444, 35.5725402832, 96.7974014282, 15.5822792053, 142.426589966, 30.9505710602, 251.452911377, 20.9115085602, 0.208889603615, 34.7371788025, -14.1329050064], [762.397155762, -186.234100342, -39.3975906372, 117.182327271, 39.1777687073, 79.5591888428, 105.481262207, 57.0325584412, 20.9115085602, 212.056182861, -9.58973026276, 14.1158475876, 1.90593612194], [-162.062469482, 99.3521881104, -50.4039268494, -19.5175685883, 5.16392707825, -79.2072753906, -51.0991783142, 43.9335403442, 0.208889603615, -9.58973026276, 186.030212402, 28.4714183807, 54.5704421997], [57.2861061096, -198.780212402, 179.774398804, 150.363586426, 27.648973465, -23.3036556244, -45.7811393738, 28.8885211945, 34.7371788025, 14.1158475876, 28.4714183807, 207.386749268, 10.4801273346], [-60.4103355408, 9.9922246933, -58.2317733765, 19.8784427643, -2.20306944847, -54.1244277954, -61.4310340881, 26.1285610199, -14.1329050064, 1.90593612194, 54.5704421997, 10.4801273346, 143.941650391]],
        "icov": [[0.000120366741612, -0.000208660669159, 0.00022547331173, -0.00027578760637, 0.000263081979938, -0.000247852265602, 0.00019829251687, -0.000473262160085, 0.000411080836784, -0.000361796963261, 0.000252727244515, -0.000273275043583, 0.000244903872954], [-0.000208660669159, 0.00139928108547, -0.000451822765172, 0.000757836096454, -0.00119080557488, 0.00055307027651, -0.000837003928609, 0.00115606188774, -0.00142149964813, 0.0015932447277, -0.0011426708661, 0.00143712421414, -0.00068157503847], [0.00022547331173, -0.000451822765172, 0.00180263596121, -0.000681510427967, 0.000132464090711, -0.00155154115055, 0.00139117217623, -0.000441451644292, 0.000437318754848, -0.000431872787885, 0.000607595779002, -0.00156375416555, 0.000974006892648], [-0.00027578760637, 0.000757836096454, -0.000681510427967, 0.00242817425169, -0.00156296917703, 0.000410908658523, -0.000578798528295, 0.000387460837374, -0.00080207362771, 0.000589227711316, -0.000283488043351, -0.000113871254143, -0.000936942873523], [0.000263081979938, -0.00119080557488, 0.000132464090711, -0.00156296917703, 0.00501425145194, -0.000521084002685, -0.000784206262324, -0.00204458693042, 0.000907450041268, -0.00088938488625, 0.000662063539494, -0.00100870744791, 0.000303094071569], [-0.000247852265602, 0.00055307027651, -0.00155154115055, 0.000410908658523, -0.000521084002685, 0.00546157499775, -0.00202292506583, 0.00112795876339, -0.000293395307381, -0.000458287046058, 0.000378663011361, 0.00176072539762, -0.000143750148709], [0.00019829251687, -0.000837003928609, 0.00139117217623, -0.000578798528295, -0.000784206262324, -0.00202292506583, 0.00500579783693, -7.01452227077e-05, -0.000886307214387, -0.00228585139848, 0.000932209892198, -0.000565753609408, 0.00179151736666], [-0.000473262160085, 0.00115606188774, -0.000441451644292, 0.000387460837374, -0.00204458693042, 0.00112795876339, -7.01452227077e-05, 0.00692551396787, -0.00250677275471, 0.000608064350672, -0.00213824724779, 0.00148008717224, -0.000956502568442], [0.000411080836784, -0.00142149964813, 0.000437318754848, -0.00080207362771, 0.000907450041268, -0.000293395307381, -0.000886307214387, -0.00250677275471, 0.00728078233078, -0.0016339442227, 0.00138214416802, -0.00261972355656, 0.000942478014622], [-0.000361796963261, 0.0015932447277, -0.000431872787885, 0.000589227711316, -0.00088938488625, -0.000458287046058, -0.00228585139848, 0.000608064350672, -0.0016339442227, 0.00836222898215, -0.00141932442784, 0.00103213451803, -0.00159860565327], [0.000252727244515, -0.0011426708661, 0.000607595779002, -0.000283488043351, 0.000662063539494, 0.000378663011361, 0.000932209892198, -0.00213824724779, 0.00138214416802, -0.00141932442784, 0.00787417776883, -0.00218038423918, -0.0012631266145], [-0.000273275043583, 0.00143712421414, -0.00156375416555, -0.000113871254143, -0.00100870744791, 0.00176072539762, -0.000565753609408, 0.00148008717224, -0.00261972355656, 0.00103213451803, -0.00218038423918, 0.008420153521, -0.00075216521509], [0.000244903872954, -0.00068157503847, 0.000974006892648, -0.000936942873523, 0.000303094071569, -0.000143750148709, 0.00179151736666, -0.000956502568442, 0.000942478014622, -0.00159860565327, -0.0012631266145, -0.00075216521509, 0.00915691442788]]
    },
    "melbands": {
        "dmean": [0.000347017950844, 0.000295046367683, 0.000205310308957, 0.000291969714453, 0.000418563868152, 0.000288160663331, 0.000158461494721, 9.00272061699e-05, 8.49394928082e-05, 7.09091764293e-05, 8.62423548824e-05, 6.9149020419e-05, 3.61809761671e-05, 1.2401505046e-05, 9.10630751605e-06, 9.67994037637e-06, 8.70807707543e-06, 8.60199725139e-06, 8.06473872217e-06, 7.41479698263e-06, 8.05900799605e-06, 6.79358709021e-06, 3.4438342027e-06, 4.70388522444e-06, 5.450640856e-06, 2.66450479103e-06, 1.93677169591e-06, 3.59400064553e-06, 2.46893137046e-06, 9.56588223744e-07, 4.71350347198e-07, 4.24363491902e-07, 3.85412590731e-07, 4.74821831631e-07, 5.97580253725e-07, 8.50875153446e-07, 9.59927092481e-07, 9.21854848457e-07, 1.11095198463e-06, 9.21785499486e-07],
        "dmean2": [0.000498941517435, 0.000453088956419, 0.000335792952683, 0.000467438308988, 0.000658401870169, 0.000438376358943, 0.000245942559559, 0.000132670553285, 0.000118332463899, 9.68513922999e-05, 0.000118688316434, 9.98577015707e-05, 4.86244025524e-05, 1.78955924639e-05, 1.38754930958e-05, 1.40774118336e-05, 1.26906352307e-05, 1.32717941597e-05, 1.17854342534e-05, 1.08480389827e-05, 1.20278145914e-05, 9.98168161459e-06, 5.01143540532e-06, 7.20842217561e-06, 8.41430028231e-06, 4.03004014515e-06, 2.89527793029e-06, 5.41298322787e-06, 3.73156967726e-06, 1.46172055793e-06, 7.46085675019e-07, 6.8482182769e-07, 6.00366035997e-07, 7.16561942227e-07, 9.21296816614e-07, 1.34338699809e-06, 1.53370490352e-06, 1.40530278259e-06, 1.70628720753e-06, 1.44222406107e-06],
        "dvar": [2.06267736758e-06, 1.59030753366e-06, 4.22466087002e-07, 5.06131641487e-07, 6.18967476385e-07, 3.31762919359e-07, 2.01302185587e-07, 1.05750046941e-07, 6.00580563059e-08, 5.89912723115e-08, 1.07523071335e-07, 8.90351685712e-08, 2.8291273324e-08, 2.83760215325e-09, 1.36122413341e-09, 2.42194508893e-09, 2.05166816869e-09, 1.76549519448e-09, 1.20881948895e-09, 9.4931373873e-10, 1.91337390376e-09, 7.80098263764e-10, 1.75742295716e-10, 3.2356356483e-10, 4.22612667084e-10, 1.02745513486e-10, 4.30913811578e-11, 1.56235926974e-10, 1.04884843866e-10, 2.11526386684e-11, 9.10979278124e-12, 1.49390673443e-11, 1.01882694989e-11, 1.70757019635e-11, 3.40938596799e-11, 6.64279534157e-11, 8.63451810051e-11, 6.89010098975e-11, 8.89274834326e-11, 5.43955783194e-11],
        "dvar2": [4.88544765176e-06, 4.19652360506e-06, 1.15469777029e-06, 1.28239298647e-06, 1.55479585828e-06, 7.69401481193e-07, 5.07116624249e-07, 2.42132159656e-07, 1.17666601795e-07, 1.00608779974e-07, 1.81152117307e-07, 1.84417658033e-07, 4.21097396952e-08, 5.00491159627e-09, 2.97191271592e-09, 4.54636994718e-09, 4.03918365421e-09, 3.87429421878e-09, 2.45160269863e-09, 1.94416882593e-09, 3.57331009226e-09, 1.6244786627e-09, 3.36934424805e-10, 7.24453053103e-10, 9.25385656991e-10, 2.20662474404e-10, 9.54531176323e-11, 3.42367051376e-10, 2.36349356753e-10, 5.14005296659e-11, 2.24865664283e-11, 3.73312734891e-11, 2.50570311028e-11, 3.43363081023e-11, 8.5921776638e-11, 1.70201353011e-10, 2.28046456718e-10, 1.58225405e-10, 1.89502913361e-10, 1.42013345528e-10],
        "max": [0.0374288931489, 0.0369589924812, 0.0198730528355, 0.0218888353556, 0.0139758130535, 0.015044179745, 0.0114362994209, 0.00829203985631, 0.0136708170176, 0.00952538195997, 0.0101253064349, 0.00972205214202, 0.00751375313848, 0.00198814854957, 0.00199322402477, 0.00231884885579, 0.00218649068847, 0.00152131041978, 0.00121595326345, 0.000837213592604, 0.00191001256462, 0.00091764901299, 0.00069402938243, 0.000502173963469, 0.000575334765017, 0.00041700899601, 0.000203596238862, 0.00059352919925, 0.000445962446975, 0.000169703547726, 0.00011139165872, 0.000148958250065, 0.00016811718524, 0.000286190275801, 0.000339441059623, 0.000370420253603, 0.000411822227761, 0.000391864974517, 0.000533851212822, 0.000300323037663],
        "mean": [0.000907461799216, 0.000910323054995, 0.00046062542242, 0.000646305968985, 0.000996730290353, 0.000673228467349, 0.000358173914719, 0.000197357818251, 0.000182843068615, 0.000151296684635, 0.000183358613867, 0.000157973569003, 7.07327271812e-05, 2.12491377169e-05, 1.64929642779e-05, 1.63876102306e-05, 1.42600247273e-05, 1.28700321511e-05, 1.26963650473e-05, 1.18508723972e-05, 1.29461232063e-05, 1.28239207697e-05, 7.61934416005e-06, 8.59906867845e-06, 9.13698931981e-06, 4.99095403939e-06, 3.88915486838e-06, 6.70117469781e-06, 4.91837090522e-06, 1.64003347436e-06, 6.45471686767e-07, 5.77138052904e-07, 5.21388301422e-07, 6.20712796717e-07, 7.91098841546e-07, 1.09473967314e-06, 1.16406647521e-06, 1.19571552659e-06, 1.51163078499e-06, 1.26783311316e-06],
        "median": [3.32930285367e-05, 0.000103824437247, 0.000120949851407, 0.000184808581253, 0.000361943268217, 0.000238543332671, 4.82579271193e-05, 2.73098921753e-05, 4.03708545491e-05, 2.05889555218e-05, 1.11708468467e-05, 9.27068504097e-06, 5.59652426091e-06, 2.80123526863e-06, 2.55346049016e-06, 1.41106579576e-06, 1.2590633105e-06, 1.06159927782e-06, 1.17146510092e-06, 8.55290750224e-07, 8.12924668026e-07, 7.44007593312e-07, 4.97781684317e-07, 6.34352204543e-07, 7.95617722815e-07, 3.79738452239e-07, 3.91638138808e-07, 4.8074281267e-07, 2.13007382399e-07, 7.54811679826e-08, 3.89715140159e-08, 1.99303951121e-08, 1.65702935817e-08, 3.39618893008e-08, 6.93467754331e-08, 1.05126133576e-07, 9.04870915974e-08, 1.20227753087e-07, 1.8413162195e-07, 1.58577833531e-07],
        "min": [1.23784572399e-24, 5.90939648406e-25, 1.11502954737e-24, 8.5131985486e-25, 9.35208112383e-25, 2.09537016708e-24, 2.87967145627e-24, 2.93197155378e-24, 1.95750686313e-24, 1.06139706379e-24, 2.70021348894e-24, 3.12078166435e-24, 2.41997301894e-24, 2.40444212266e-24, 2.36209744977e-24, 3.29620086106e-24, 3.61796933569e-24, 2.50839012692e-24, 2.86687120201e-24, 3.88162479402e-24, 4.06819986444e-24, 2.67391365522e-24, 3.85879634271e-24, 3.32385516896e-24, 4.97020314499e-24, 5.22811766808e-24, 4.63724112854e-24, 3.24452297759e-24, 5.20452481055e-24, 5.0632303561e-24, 3.81700604183e-24, 5.45441780153e-24, 3.94120154173e-24, 6.04008470364e-24, 6.45002179507e-24, 6.41799483117e-24, 6.62304029082e-24, 5.65325058712e-24, 6.30243854147e-24, 6.4927997498e-24],
        "var": [4.90109869133e-06, 4.50307516076e-06, 1.04178559468e-06, 1.58236935022e-06, 2.18103036786e-06, 1.25250210203e-06, 6.49550884191e-07, 3.12131987812e-07, 2.26686722726e-07, 2.64126782668e-07, 4.69497905442e-07, 4.15195103187e-07, 1.18078730793e-07, 7.53076001558e-09, 4.45569936502e-09, 6.58543308774e-09, 4.8483865811e-09, 3.37753824908e-09, 2.57463961262e-09, 2.29816121688e-09, 4.03380173708e-09, 2.3086410561e-09, 7.09978853486e-10, 8.03815736194e-10, 9.43821354404e-10, 2.53560394903e-10, 1.15473408613e-10, 4.11711970072e-10, 2.95826307894e-10, 4.315215546e-11, 1.05981334819e-11, 1.60924572279e-11, 1.22355554508e-11, 2.58391138347e-11, 3.40321659742e-11, 6.54549400791e-11, 7.90983806231e-11, 8.16312850649e-11, 1.10592514313e-10, 5.6815607774e-11]
    },
    "mfcc": {
        "mean": [-748.560974121, 138.369918823, 25.2682037354, 6.67365837097, 7.53864240646, -24.9478168488, 3.41734981537, -8.96704387665, -7.31195783615, -0.691894054413, -14.0489578247, -3.73752379417, -3.44352197647],
        "cov": [[14158.8955078, -169.879074097, -1170.84777832, 1466.00341797, 442.562866211, -156.529327393, 818.760681152, 193.184890747, 349.64666748, 652.457458496, 31.3376255035, 428.091766357, 291.291748047], [-169.879074097, 1615.42724609, 13.5724563599, -86.9042434692, -20.1230278015, 79.2024993896, 63.260055542, 33.169178009, 33.9398841858, 36.0531349182, 82.5008773804, -11.1590156555, -25.3453121185], [-1170.84777832, 13.5724563599, 896.949462891, -60.8492546082, 152.219238281, 164.07434082, -143.911132812, 92.1583786011, -40.1783409119, -150.468490601, 72.875617981, -52.3973426819, -25.2804756165], [1466.00341797, -86.9042434692, -60.8492546082, 696.443847656, 251.104003906, 44.0987014771, 90.9163894653, 153.067886353, 118.778182983, 6.10250329971, 37.3941040039, 165.421859741, 72.6552658081], [442.562866211, -20.1230278015, 152.219238281, 251.104003906, 442.580749512, -95.3038024902, 28.7501144409, 74.7247009277, -12.741724968, -36.7045898438, -32.3922653198, 40.8626899719, 10.4259109497], [-156.529327393, 79.2024993896, 164.07434082, 44.0987014771, -95.3038024902, 520.093811035, 44.3369216919, 86.8499221802, 133.072616577, 34.9577560425, 157.854187012, -44.7144432068, 23.190870285], [818.760681152, 63.260055542, -143.911132812, 90.9163894653, 28.7501144409, 44.3369216919, 265.434967041, -7.75292730331, 30.0566272736, 107.308204651, 2.3926846981, 14.1678905487, 10.7184486389], [193.184890747, 33.169178009, 92.1583786011, 153.067886353, 74.7247009277, 86.8499221802, -7.75292730331, 225.923492432, 62.9293708801, -19.6417312622, 75.5110549927, 58.3672180176, 25.2539615631], [349.64666748, 33.9398841858, -40.1783409119, 118.778182983, -12.741724968, 133.072616577, 30.0566272736, 62.9293708801, 237.087524414, 60.6251831055, 83.6083374023, 47.1338768005, 38.0079154968], [652.457458496, 36.0531349182, -150.468490601, 6.10250329971, -36.7045898438, 34.9577560425, 107.308204651, -19.6417312622, 60.6251831055, 241.634155273, 29.1557617188, -6.30578374863, 27.5414447784], [31.3376255035, 82.5008773804, 72.875617981, 37.3941040039, -32.3922653198, 157.854187012, 2.3926846981, 75.5110549927, 83.6083374023, 29.1557617188, 202.330383301, 27.6757793427, 28.4437828064], [428.091766357, -11.1590156555, -52.3973426819, 165.421859741, 40.8626899719, -44.7144432068, 14.1678905487, 58.3672180176, 47.1338768005, -6.30578374863, 27.6757793427, 198.75592041, 52.0375556946], [291.291748047, -25.3453121185, -25.2804756165, 72.6552658081, 10.4259109497, 23.190870285, 10.7184486389, 25.2539615631, 38.0079154968, 27.5414447784, 28.4437828064, 52.0375556946, 119.970611572]],
