{
"lowlevel": {
    "average_loudness": 0.902071654797,
    "barkbands_crest": {
        "dmean": 2.2802066803,
        "dmean2": 3.74300217628,
        "dvar": 4.30378198624,
        "dvar2": 11.6168727875,
        "max": 26.5060119629,
        "mean": 11.396478653,
        "median": 10.6846504211,
        "min": 3.3678650856,
        "var": 15.905796051
    },
    "barkbands_flatness_db": {
        "dmean": 0.0250548794866,
        "dmean2": 0.0387455783784,
        "dvar": 0.000754555338062,
        "dvar2": 0.00173871126026,
        "max": 0.615390777588,
        "mean": 0.268076568842,
        "median": 0.258125662804,
        "min": 0.0533360056579,
        "var": 0.00781494379044
    },
    "barkbands_kurtosis": {
        "dmean": 6.77622365952,
        "dmean2": 10.5801181793,
        "dvar": 504.970306396,
        "dvar2": 981.595092773,
        "max": 3044.2277832,
        "mean": 17.3346424103,
        "median": 7.11482000351,
        "min": -1.96561193466,
        "var": 9485.28613281
    },
    "barkbands_skewness": {
        "dmean": 0.636598348618,
        "dmean2": 0.989935994148,
        "dvar": 0.611506700516,
        "dvar2": 1.39805555344,
        "max": 44.7090263367,
        "mean": 2.12005925179,
        "median": 1.76962411404,
        "min": -2.11241030693,
        "var": 4.66280889511
    },
    "barkbands_spread": {
        "dmean": 2.7212433815,
        "dmean2": 4.16216802597,
        "dvar": 40.9475898743,
        "dvar2": 79.9452438354,
        "max": 127.350921631,
        "mean": 9.46269798279,
        "median": 4.76828050613,
        "min": 0.067071698606,
        "var": 172.999664307
    },
    "dissonance": {
        "dmean": 0.034265242517,
        "dmean2": 0.0568409822881,
        "dvar": 0.000865643203724,
        "dvar2": 0.00228894874454,
        "max": 0.500000119209,
        "mean": 0.415603011847,
        "median": 0.421842575073,
        "min": 0.207628697157,
        "var": 0.00237061502412
    },
    "dynamic_complexity": 2.75381183624,
    "erbbands_crest": {
        "dmean": 2.75942492485,
        "dmean2": 4.44557571411,
        "dvar": 6.41567420959,
        "dvar2": 16.0394763947,
        "max": 31.5436077118,
        "mean": 12.4321546555,
        "median": 11.6351718903,
        "min": 2.81863355637,
        "var": 21.2863788605
    },
    "erbbands_flatness_db": {
        "dmean": 0.0190938208252,
        "dmean2": 0.0279887840152,
        "dvar": 0.000466724450234,
        "dvar2": 0.000938306446187,
        "max": 0.41950944066,
        "mean": 0.236270785332,
        "median": 0.224754706025,
        "min": 0.0474471077323,
        "var": 0.00396994641051
    },
    "erbbands_kurtosis": {
        "dmean": 2.38657903671,
        "dmean2": 3.65405464172,
        "dvar": 12.9447288513,
        "dvar2": 28.837348938,
        "max": 97.843421936,
        "mean": 4.89217710495,
        "median": 2.54705166817,
        "min": -1.9403706789,
        "var": 51.5311775208
    },
    "erbbands_skewness": {
        "dmean": 0.445139378309,
        "dmean2": 0.670688211918,
        "dvar": 0.24092361331,
        "dvar2": 0.522019803524,
        "max": 8.27189731598,
        "mean": 1.38298726082,
        "median": 1.32607591152,
        "min": -4.38535737991,
        "var": 1.49610221386
    },
    "erbbands_spread": {
        "dmean": 6.39672899246,
        "dmean2": 10.0064344406,
        "dvar": 141.428497314,
        "dvar2": 300.811309814,
        "max": 173.684082031,
        "mean": 23.3027458191,
        "median": 17.9441680908,
        "min": 1.59283471107,
        "var": 423.416259766
    },
    "hfc": {
        "dmean": 3.87567520142,
        "dmean2": 5.75448083878,
        "dvar": 57.3148193359,
        "dvar2": 109.630981445,
        "max": 165.277862549,
        "mean": 13.8077993393,
        "median": 7.78489637375,
        "min": 1.1044103272e-16,
        "var": 294.936401367
    },
    "melbands_crest": {
        "dmean": 2.9658164978,
        "dmean2": 4.89645528793,
        "dvar": 7.18676424026,
        "dvar2": 19.7223644257,
        "max": 31.9854068756,
        "mean": 15.0872621536,
        "median": 14.3137531281,
        "min": 1.84668767452,
        "var": 23.738992691
    },
    "melbands_flatness_db": {
        "dmean": 0.0294342022389,
        "dmean2": 0.0449007041752,
        "dvar": 0.00118612602819,
        "dvar2": 0.00265006558038,
        "max": 0.777667403221,
        "mean": 0.350492447615,
        "median": 0.339490532875,
        "min": 0.00440218439326,
        "var": 0.0131400944665
    },
    "melbands_kurtosis": {
        "dmean": 8.82013988495,
        "dmean2": 14.1418876648,
        "dvar": 303.518829346,
        "dvar2": 712.843383789,
        "max": 669.10345459,
        "mean": 18.9788532257,
        "median": 10.9439697266,
        "min": -1.52432131767,
        "var": 928.291259766
    },
    "melbands_skewness": {
        "dmean": 0.700233161449,
        "dmean2": 1.10204064846,
        "dvar": 0.72679913044,
        "dvar2": 1.76109743118,
        "max": 18.6497173309,
        "mean": 2.55056834221,
        "median": 2.27147579193,
        "min": -0.887184202671,
        "var": 2.3950214386
    },
    "melbands_spread": {
        "dmean": 3.05286359787,
        "dmean2": 4.68451213837,
        "dvar": 50.548664093,
        "dvar2": 102.693115234,
        "max": 238.680938721,
        "mean": 10.2123966217,
        "median": 5.00510120392,
        "min": 0.191246509552,
        "var": 223.368499756
    },
    "pitch_salience": {
        "dmean": 0.0685234591365,
        "dmean2": 0.113429233432,
        "dvar": 0.00395807158202,
        "dvar2": 0.0111018456519,
        "max": 0.92490029335,
        "mean": 0.549276173115,
        "median": 0.559940814972,
        "min": 0.0381735265255,
        "var": 0.0135521143675
    },
    "silence_rate_20dB": {
        "dmean": 0,
        "dmean2": 0,
        "dvar": 0,
        "dvar2": 0,
        "max": 1,
        "mean": 1,
        "median": 1,
        "min": 1,
        "var": 0
    },
    "silence_rate_30dB": {
        "dmean": 0.00022970023565,
        "dmean2": 0.000459453236545,
        "dvar": 0.000229626981309,
        "dvar2": 0.000688886852004,
        "max": 1,
        "mean": 0.99988514185,
        "median": 1,
        "min": 0,
        "var": 0.000114818612929
    },
    "silence_rate_60dB": {
        "dmean": 0.0041346042417,
        "dmean2": 0.00827015843242,
        "dvar": 0.0041175512597,
        "dvar2": 0.00912093464285,
        "max": 1,
        "mean": 0.0273311901838,
        "median": 0,
        "min": 0,
        "var": 0.02658492513
    },
    "spectral_centroid": {
        "dmean": 118.171409607,
        "dmean2": 179.409820557,
        "dvar": 63863.6289062,
        "dvar2": 120929.476562,
        "max": 11624.2841797,
        "mean": 616.498962402,
        "median": 374.234313965,
        "min": 80.6389389038,
        "var": 474317.46875
    },
    "spectral_complexity": {
        "dmean": 1.86309862137,
        "dmean2": 3.06547212601,
        "dvar": 6.61940813065,
        "dvar2": 16.1390724182,
        "max": 44,
        "mean": 10.0392742157,
        "median": 9,
        "min": 0,
        "var": 26.5352020264
    },
    "spectral_decrease": {
        "dmean": 2.21694262947e-09,
        "dmean2": 3.73011044275e-09,
        "dvar": 1.11538183578e-17,
        "dvar2": 3.1636644184e-17,
        "max": 1.24932246783e-28,
        "mean": -7.47201234219e-09,
        "median": -6.895675142e-09,
        "min": -4.63493101677e-08,
        "var": 2.05589008e-17
    },
    "spectral_energy": {
        "dmean": 0.00859551876783,
        "dmean2": 0.014426805079,
        "dvar": 0.00016395606508,
        "dvar2": 0.000464222452138,
        "max": 0.176826953888,
        "mean": 0.0294534824789,
        "median": 0.0270394869149,
        "min": 1.02103410496e-20,
        "var": 0.000317148515023
    },
    "spectral_energyband_high": {
        "dmean": 0.000207920107641,
        "dmean2": 0.00030778395012,
        "dvar": 6.1667560658e-07,
        "dvar2": 1.21555842725e-06,
        "max": 0.0206114407629,
        "mean": 0.000474016444059,
        "median": 3.67328939319e-05,
        "min": 7.54320379313e-21,
        "var": 2.32466936723e-06
    },
    "spectral_energyband_low": {
        "dmean": 0.00473335618153,
        "dmean2": 0.00816707592458,
        "dvar": 0.000139463925734,
        "dvar2": 0.000394215137931,
        "max": 0.164008662105,
        "mean": 0.00970266014338,
        "median": 0.00683500198647,
        "min": 3.3650468033e-23,
        "var": 0.000134794099722
    },
    "spectral_energyband_middle_high": {
        "dmean": 0.000939108838793,
        "dmean2": 0.00131400569808,
        "dvar": 5.06074684381e-06,
        "dvar2": 9.20300863072e-06,
        "max": 0.0479788780212,
        "mean": 0.00280672661029,
        "median": 0.000491988379508,
        "min": 1.37668289329e-21,
        "var": 3.07336340484e-05
    },
    "spectral_energyband_middle_low": {
        "dmean": 0.00572882499546,
        "dmean2": 0.00945250503719,
        "dvar": 4.21704717155e-05,
        "dvar2": 0.000121011886222,
        "max": 0.0865361094475,
        "mean": 0.0186443123966,
        "median": 0.0162270069122,
        "min": 1.78093869051e-22,
        "var": 0.000151692773215
    },
    "spectral_entropy": {
        "dmean": 0.24369750917,
        "dmean2": 0.371448934078,
        "dvar": 0.0832631066442,
        "dvar2": 0.180635154247,
        "max": 9.81631851196,
        "mean": 6.35576534271,
        "median": 6.37335586548,
        "min": 4.31646537781,
        "var": 0.57158100605
    },
    "spectral_flux": {
        "dmean": 0.0238930657506,
        "dmean2": 0.0386953093112,
        "dvar": 0.000862594519276,
        "dvar2": 0.00179875583854,
        "max": 0.36287778616,
        "mean": 0.0747439190745,
        "median": 0.0650480091572,
        "min": 6.59108601031e-11,
        "var": 0.00211208174005
    },
    "spectral_kurtosis": {
        "dmean": 9.25369548798,
        "dmean2": 15.3735389709,
        "dvar": 210.735794067,
        "dvar2": 550.07598877,
        "max": 166.597015381,
        "mean": 23.0397090912,
        "median": 9.62541103363,
        "min": -1.63582849503,
        "var": 818.264526367
    },
    "spectral_rms": {
        "dmean": 0.000741424330045,
        "dmean2": 0.00122177752201,
        "dvar": 8.27558210403e-07,
        "dvar2": 2.2976926175e-06,
        "max": 0.0131344627589,
        "mean": 0.00508778728545,
        "median": 0.00513614527881,
        "min": 3.15615394063e-12,
        "var": 2.84962266051e-06
    },
    "spectral_rolloff": {
        "dmean": 213.232086182,
        "dmean2": 368.326416016,
        "dvar": 698774.1875,
        "dvar2": 1500277.875,
        "max": 19487.5488281,
        "mean": 776.221984863,
        "median": 366.064453125,
        "min": 64.599609375,
        "var": 2058366
    },
    "spectral_skewness": {
        "dmean": 0.65816706419,
        "dmean2": 1.05928623676,
        "dvar": 0.673840224743,
        "dvar2": 1.67518818378,
        "max": 10.8143482208,
        "mean": 3.21896743774,
        "median": 2.62543964386,
        "min": -0.566179037094,
        "var": 3.68437218666
    },
    "spectral_spread": {
        "dmean": 536130.3125,
        "dmean2": 783908.8125,
        "dvar": 973615988736,
        "dvar2": 1.6139264983e+12,
        "max": 46951808,
        "mean": 3390735.5,
        "median": 3291152.75,
        "min": 419397.6875,
        "var": 7.15940849254e+12
    },
    "spectral_strongpeak": {
        "dmean": 0.443935483694,
        "dmean2": 0.764767765999,
        "dvar": 0.766156971455,
        "dvar2": 2.03173851967,
        "max": 14.1573781967,
        "mean": 0.900768518448,
        "median": 0.566253721714,
        "min": 0,
        "var": 1.20796716213
    },
    "zerocrossingrate": {
        "dmean": 0.00559984054416,
        "dmean2": 0.00669678905979,
        "dvar": 0.000179402923095,
        "dvar2": 0.000219546127482,
        "max": 0.51708984375,
        "mean": 0.0299850553274,
        "median": 0.01953125,
        "min": 0.00244140625,
        "var": 0.00137306901161
    },
    "barkbands": {
        "dmean": [1.7741771444e-05, 0.00199815421365, 0.00226106052287, 0.00209780246951, 0.00354941491969, 0.00146786437836, 0.00056288408814, 0.000582482200116, 0.00028701723204, 0.000225827257964, 0.000310714734951, 0.000173520951648, 0.000250215671258, 0.000151593616465, 0.000105817969597, 7.14965062798e-05, 6.47504566587e-05, 9.75535367616e-05, 0.000127743915073, 0.000109540778794, 3.03547549265e-05, 2.68126805167e-05, 3.8203841541e-05, 4.78127367387e-05, 4.76519999211e-05, 4.72520787298e-06, 5.38737658928e-08],
        "dmean2": [2.80296153505e-05, 0.00341749796644, 0.00393352936953, 0.00366730266251, 0.00579700758681, 0.00227924180217, 0.000878456456121, 0.00083238777006, 0.000414007139625, 0.000335051154252, 0.000444788398454, 0.000267576047918, 0.000371926988009, 0.000222223432502, 0.000164868193679, 0.000111267079774, 0.00010640257824, 0.000149509083712, 0.000192611871171, 0.00017298446619, 4.98787267134e-05, 4.25656762673e-05, 5.99028717261e-05, 6.9568726758e-05, 6.99068841641e-05, 6.9235279625e-06, 8.8704815937e-08],
        "dvar": [3.03775515853e-09, 2.87415459752e-05, 4.31375883636e-05, 1.0570572158e-05, 1.9585566406e-05, 7.47945523472e-06, 2.89487411465e-06, 3.11113649332e-06, 8.88693421075e-07, 6.55460780763e-07, 1.39315022807e-06, 4.5722109121e-07, 9.22611548049e-07, 5.15944464041e-07, 2.35087341593e-07, 1.42921564361e-07, 1.32463711111e-07, 2.65384414888e-07, 2.59104893985e-07, 2.25626081374e-07, 1.46042964388e-08, 1.61551039213e-08, 2.8598512003e-08, 1.21935457287e-07, 1.02449654094e-07, 1.00505237466e-09, 9.45254210192e-14],
        "dvar2": [6.95015289764e-09, 7.9181183537e-05, 0.000123874546262, 3.27061170537e-05, 5.55668484594e-05, 1.79880225915e-05, 6.88693444317e-06, 6.16070792603e-06, 1.8345792796e-06, 1.34997560508e-06, 2.6906579933e-06, 9.58999635259e-07, 2.0594468424e-06, 1.0498716847e-06, 5.23451149093e-07, 2.91227081561e-07, 3.26596818923e-07, 5.49150684037e-07, 5.4989692444e-07, 5.33392835678e-07, 3.88908460991e-08, 3.18083763773e-08, 6.87232954988e-08, 2.29090034054e-07, 2.10385138644e-07, 1.83947757026e-09, 2.21707783968e-13],
        "max": [0.00091622187756, 0.0716932862997, 0.106313481927, 0.046750433743, 0.0698737129569, 0.0588492825627, 0.0497075505555, 0.0405771285295, 0.0327266305685, 0.0192551612854, 0.0244468525052, 0.0167715139687, 0.0242028329521, 0.030784856528, 0.01924748905, 0.0153024196625, 0.0135008310899, 0.0204002559185, 0.0117859747261, 0.0147239174694, 0.00438506016508, 0.00845371931791, 0.00607665535063, 0.0154511677101, 0.0106633147225, 0.00130916619673, 1.27507510115e-05],
        "mean": [2.481759293e-05, 0.00390759157017, 0.00365488254465, 0.00365128368139, 0.00844334438443, 0.00338501157239, 0.00098049629014, 0.00137859885581, 0.00069520768011, 0.000352997361915, 0.000521888956428, 0.000288512906991, 0.000648694753181, 0.000240033929003, 0.000168388069142, 0.00010921919602, 8.34890888655e-05, 0.00015650493151, 0.000221699039685, 0.000223226612434, 5.35921935807e-05, 4.07768129662e-05, 7.46871373849e-05, 7.29618623154e-05, 6.73378599458e-05, 8.28714200907e-06, 6.83720742245e-08],
        "median": [1.29219506562e-06, 0.00205321004614, 0.00184826529585, 0.0021612723358, 0.00637025665492, 0.00204406841658, 0.000331665185513, 0.000223041992285, 0.000176188041223, 7.06924474798e-05, 4.89333324367e-05, 2.28950302699e-05, 3.38138561347e-05, 1.39224894156e-05, 1.59899645951e-05, 7.38525886845e-06, 7.4090430644e-06, 7.58629175834e-06, 8.20544482849e-06, 7.80597110861e-06, 4.39170480604e-06, 3.5069142541e-06, 4.84969405079e-06, 3.80383244192e-06, 1.95235543288e-06, 3.17959802487e-07, 7.68930696893e-09],
        "min": [1.28997532893e-24, 7.14949844884e-24, 4.11024338967e-24, 3.42890580355e-24, 1.0768525647e-23, 2.53130428797e-23, 1.57670922858e-23, 1.6950489351e-23, 2.30819454467e-23, 4.8938463003e-23, 2.38027371222e-23, 6.39724605387e-23, 3.02861750652e-23, 2.36302432189e-23, 6.98005585956e-23, 9.26299470681e-23, 8.44817838454e-23, 1.43085572608e-22, 1.56509284155e-22, 1.47427879548e-22, 3.29312824784e-22, 4.34369382147e-22, 3.09231556337e-22, 7.14542836833e-22, 9.320061662e-22, 1.47893673514e-21, 2.13830388872e-21],
        "var": [3.71157526935e-09, 3.31745941367e-05, 3.52348688466e-05, 2.04815169127e-05, 5.51239536435e-05, 1.76164849108e-05, 4.51935329693e-06, 1.39403909998e-05, 2.49061054092e-06, 1.19571245705e-06, 3.191785936e-06, 1.34214246827e-06, 5.54429698241e-06, 1.21677271636e-06, 5.06311494064e-07, 3.54908593181e-07, 1.8435808613e-07, 5.54606288006e-07, 6.99967870332e-07, 7.03540933955e-07, 3.64165266831e-08, 3.81679754469e-08, 7.58482272545e-08, 2.47355217198e-07, 2.00104764758e-07, 2.32447283643e-09, 1.58954080909e-13]
    },
    "erbbands": {
        "dmean": [0.0334174521267, 0.551832258701, 2.30548191071, 5.02190685272, 9.59770393372, 13.1054010391, 15.7259140015, 11.9459152222, 8.28801345825, 10.1706533432, 10.7018957138, 7.51575231552, 5.30184698105, 9.57552146912, 9.03907966614, 6.88877725601, 11.1905355453, 10.1753091812, 6.78754043579, 4.23276853561, 3.50329756737, 3.19722533226, 4.52381134033, 7.28529024124, 4.50671720505, 5.13677358627, 2.05202698708, 1.05155014992, 0.765290021896, 1.22724413872, 0.968469142914, 0.908770501614, 0.91454744339, 0.668109118938, 0.26231098175, 0.0426221936941, 0.00532760983333, 0.000372155045625, 1.41858399729e-05, 1.04041382656e-05],
        "dmean2": [0.0552836917341, 0.960006713867, 4.03792715073, 8.6888217926, 16.7982063293, 20.7919845581, 24.6552867889, 18.1852893829, 12.9367055893, 15.0223960876, 15.3401374817, 10.7997694016, 7.8405122757, 14.2602138519, 12.7590236664, 10.4310874939, 16.6647891998, 14.5428495407, 10.1020765305, 6.50034189224, 5.45530605316, 5.17880773544, 6.5362405777, 10.611330986, 6.44593286514, 7.96157646179, 3.18803954124, 1.69251322746, 1.19297432899, 1.8858243227, 1.46612524986, 1.36014068127, 1.35952949524, 0.992811620235, 0.379279017448, 0.0602545365691, 0.0077174725011, 0.000543379224837, 2.07197172131e-05, 1.70759321918e-05],
        "dvar": [0.00884508900344, 2.31959104538, 48.8295593262, 74.9596557617, 219.361602783, 357.660583496, 640.492675781, 737.06048584, 721.416687012, 880.973876953, 1229.93688965, 587.174133301, 385.40447998, 1353.22192383, 1119.74023438, 707.044128418, 1903.39868164, 1470.76733398, 787.965942383, 351.342376709, 324.149719238, 373.693237305, 757.423583984, 932.41394043, 342.067626953, 541.259338379, 57.5010681152, 19.0023097992, 15.0512256622, 36.0588111877, 18.002910614, 37.0402259827, 62.9509811401, 23.4142189026, 3.03709173203, 0.0797616690397, 0.00126121472567, 5.22649042978e-06, 4.08877864899e-09, 2.39825409531e-10],
        "dvar2": [0.0225970670581, 6.52005815506, 140.234329224, 219.265808105, 744.071228027, 942.459960938, 1623.56555176, 1765.41064453, 1839.83544922, 1918.97009277, 2506.48779297, 1285.40783691, 895.976074219, 2900.02929688, 2088.37207031, 1478.99963379, 4090.02490234, 2828.65429688, 1667.1496582, 785.14453125, 672.706359863, 961.771728516, 1490.39526367, 1845.16833496, 617.082641602, 1363.44592285, 132.711273193, 47.0105934143, 30.8490524292, 73.3158416748, 42.0098419189, 85.6764450073, 115.106613159, 51.3280639648, 6.26188373566, 0.137337982655, 0.00249500805512, 1.09104275907e-05, 7.62037544177e-09, 6.27873808501e-10],
        "max": [1.65399348736, 20.0643634796, 123.899719238, 111.509407043, 260.805267334, 351.024597168, 537.75592041, 689.511413574, 862.410522461, 1091.75610352, 1122.68225098, 943.629638672, 760.152160645, 870.383972168, 1230.56274414, 758.277526855, 1343.4473877, 1507.0390625, 919.487792969, 656.46875, 617.740783691, 904.647583008, 1393.3848877, 829.317810059, 640.595153809, 924.281860352, 262.668212891, 162.681564331, 286.380584717, 307.912719727, 145.013290405, 262.047088623, 423.12310791, 174.583053589, 60.7186050415, 12.3320207596, 1.10074794292, 0.0875730887055, 0.00199246220291, 0.000202947689104],
        "mean": [0.0628939196467, 1.06622672081, 4.03802013397, 9.50770664215, 20.4921398163, 27.7723121643, 32.3451385498, 25.9651279449, 15.5477113724, 22.0691165924, 24.6756000519, 19.9449939728, 10.9142694473, 18.5474681854, 17.1982288361, 12.7219028473, 28.3125095367, 18.7687587738, 10.5064897537, 6.75717067719, 5.39894580841, 4.78709220886, 8.0281457901, 12.1066989899, 9.27873516083, 10.4894247055, 4.42854547501, 1.81470239162, 1.17154157162, 2.31538319588, 2.09760093689, 1.41847968102, 1.32605540752, 0.906047940254, 0.364080935717, 0.0724418759346, 0.00928800459951, 0.000647827109788, 3.46333326888e-05, 3.55478914571e-05],
        "median": [0.0254437550902, 0.537718772888, 1.94142079353, 5.8392534256, 12.3123264313, 18.8829689026, 19.7894554138, 13.9573116302, 6.29314470291, 5.81219244003, 4.79560565948, 5.48436832428, 3.44697332382, 2.66398191452, 2.2712790966, 1.48482084274, 1.88251340389, 1.60625863075, 1.22205138206, 0.676214575768, 0.493879050016, 0.420797020197, 0.46777176857, 0.457946121693, 0.379747152328, 0.359728187323, 0.258725106716, 0.154489278793, 0.122494161129, 0.13429531455, 0.13573679328, 0.0837644860148, 0.0572587773204, 0.0287676714361, 0.0101295877248, 0.00239611137658, 0.000456791778561, 5.70316660742e-05, 1.58650836966e-05, 3.08940943796e-05],
        "min": [2.83145100026e-22, 8.65890282229e-22, 5.44385655697e-21, 8.80561873279e-21, 1.14310948438e-20, 2.57947953751e-20, 3.2788631688e-20, 1.76573682944e-19, 2.20597385442e-19, 1.0913245853e-19, 5.30776104778e-19, 5.77363382166e-19, 9.68111095826e-19, 1.11160439143e-18, 1.47195807727e-18, 2.97277483175e-18, 1.85686496523e-18, 1.79092667629e-18, 2.90004931909e-18, 4.28024111657e-18, 5.06407911939e-18, 5.08574463399e-18, 7.73754588431e-18, 9.10809234227e-18, 7.88687101003e-18, 7.96668401298e-18, 1.00756868638e-17, 1.14250665971e-17, 1.44795683209e-17, 1.43476958789e-17, 9.23282207965e-18, 1.21648415158e-17, 1.15195562656e-17, 1.04445647492e-17, 6.06919207197e-18, 4.70400367643e-18, 2.60640826664e-18, 1.07257015192e-18, 2.7042214435e-19, 3.24772369615e-20],
        "var": [0.0106154605746, 2.54901027679, 43.0295410156, 130.926437378, 549.799926758, 827.098327637, 1440.57836914, 1514.63623047, 1029.24194336, 2377.97412109, 6107.29980469, 1802.91564941, 664.752319336, 3426.00561523, 3747.24487305, 2179.64282227, 10537.8291016, 3771.76586914, 1384.02490234, 647.426574707, 687.29083252, 554.036254883, 1646.51196289, 2478.10986328, 1272.96801758, 1609.60327148, 254.616897583, 40.8494262695, 32.0130653381, 99.2393875122, 56.5557632446, 66.4969100952, 114.811752319, 41.0661048889, 5.48875999451, 0.189709335566, 0.00268353638239, 1.07557780211e-05, 1.01157349164e-08, 5.78656733641e-10]
    },
    "gfcc": {
        "mean": [-86.5376663208, 157.87713623, -85.9732894897, 25.7198257446, -58.3786468506, 0.292835026979, -37.9980163574, -7.55045938492, -26.1306991577, -9.67540073395, -8.39121627808, -12.5132741928, -6.32834815979],
        "cov": [[13020.9716797, -3396.02685547, -2156.61254883, 1121.21350098, -1434.99658203, 985.301940918, -821.576660156, 421.990966797, -697.639831543, 396.615875244, -7.37644481659, 59.5917625427, -512.801330566], [-3396.02685547, 2997.85180664, 402.017242432, -706.783996582, 915.597229004, -706.856262207, 583.155822754, -352.944213867, 461.346343994, -285.796508789, 43.936088562, -141.297042847, 268.065887451], [-2156.61254883, 402.017242432, 1304.66906738, -72.7358322144, 52.7064285278, 15.3454723358, 15.6066131592, 39.9592933655, 52.6822738647, -33.2575111389, 7.74416589737, 36.8451423645, 109.463607788], [1121.21350098, -706.783996582, -72.7358322144, 528.224365234, -119.69896698, 198.433258057, -32.6721801758, 92.5626144409, -33.7524642944, 81.7673110962, 25.6428947449, 69.1205749512, -61.3579788208], [-1434.99658203, 915.597229004, 52.7064285278, -119.69896698, 601.607299805, -183.793685913, 288.727539062, -96.3290405273, 155.562591553, -72.2068023682, 27.4999542236, -11.0661411285, 67.612411499], [985.301940918, -706.856262207, 15.3454723358, 198.433258057, -183.793685913, 420.521881104, -47.823009491, 110.636146545, -94.9053497314, 104.695075989, 1.9004406929, 42.1657447815, -55.460269928], [-821.576660156, 583.155822754, 15.6066131592, -32.6721801758, 288.727539062, -47.823009491, 339.032409668, -74.1596984863, 129.93649292, -24.5513248444, 8.98017311096, 2.53986239433, 40.3731918335], [421.990966797, -352.944213867, 39.9592933655, 92.5626144409, -96.3290405273, 110.636146545, -74.1596984863, 210.06652832, -35.2422828674, 38.5993423462, 14.7539348602, 9.99472141266, -15.786690712], [-697.639831543, 461.346343994, 52.6822738647, -33.7524642944, 155.562591553, -94.9053497314, 129.93649292, -35.2422828674, 244.717376709, -9.94152832031, -21.4263572693, -22.1071395874, 42.4884490967], [396.615875244, -285.796508789, -33.2575111389, 81.7673110962, -72.2068023682, 104.695075989, -24.5513248444, 38.5993423462, -9.94152832031, 134.883026123, 16.7434501648, 8.69819259644, -37.5631523132], [-7.37644481659, 43.936088562, 7.74416589737, 25.6428947449, 27.4999542236, 1.9004406929, 8.98017311096, 14.7539348602, -21.4263572693, 16.7434501648, 107.121238708, 23.836977005, -2.81878900528], [59.5917625427, -141.297042847, 36.8451423645, 69.1205749512, -11.0661411285, 42.1657447815, 2.53986239433, 9.99472141266, -22.1071395874, 8.69819259644, 23.836977005, 110.629417419, 15.3856916428], [-512.801330566, 268.065887451, 109.463607788, -61.3579788208, 67.612411499, -55.460269928, 40.3731918335, -15.786690712, 42.4884490967, -37.5631523132, -2.81878900528, 15.3856916428, 117.650917053]],
        "icov": [[0.0003555357398, -0.000810942263342, 0.000670474488288, -0.000886689580511, 0.000700612668879, -0.000775355321821, 0.00084091728786, -0.000506107346155, 0.000867058930453, -0.000561693741474, 0.000760545372032, -0.000560232321732, 0.000785541837104], [-0.000810942263342, 0.00496608018875, -0.0021092176903, 0.00393888168037, -0.00290971831419, 0.00343970232643, -0.00410935748369, 0.0025962900836, -0.00420170975849, 0.00322433677502, -0.00447442289442, 0.00368132861331, -0.00382268009707], [0.000670474488288, -0.0021092176903, 0.00223502493463, -0.00188700889703, 0.00151592690963, -0.001986351097, 0.00211845268495, -0.00141570460983, 0.00184011436068, -0.00126619881485, 0.00184384791646, -0.00172111485153, 0.00114055641461], [-0.000886689580511, 0.00393888168037, -0.00188700889703, 0.00608981680125, -0.00237086461857, 0.00217978376895, -0.0035376069136, 0.00155088980682, -0.0039917579852, 0.00222638994455, -0.00385483866557, 0.00137103290763, -0.00221490045078], [0.000700612668879, -0.00290971831419, 0.00151592690963, -0.00237086461857, 0.00536174466833, -0.00141668261494, 9.87015737337e-05, -0.00156370131299, 0.00212887697853, -0.00129698915407, 0.00169527030084, -0.00204145442694, 0.00216841930524], [-0.000775355321821, 0.00343970232643, -0.001986351097, 0.00217978376895, -0.00141668261494, 0.0068849446252, -0.00421618670225, 0.000577693455853, -0.00169547239784, 0.000107917432615, -0.00214905641042, 0.00182364427019, -0.00229107355699], [0.00084091728786, -0.00410935748369, 0.00211845268495, -0.0035376069136, 9.87015737337e-05, -0.00421618670225, 0.00948395393789, -0.000943656545132, 0.00172544235829, -0.00246388837695, 0.00336205842905, -0.00330012571067, 0.00288937916048], [-0.000506107346155, 0.0025962900836, -0.00141570460983, 0.00155088980682, -0.00156370131299, 0.000577693455853, -0.000943656545132, 0.00760130351409, -0.00257851905189, 0.00143251754344, -0.00330253015272, 0.0024802503176, -0.00249570165761], [0.000867058930453, -0.00420170975849, 0.00184011436068, -0.0039917579852, 0.00212887697853, -0.00169547239784, 0.00172544235829, -0.00257851905189, 0.0100092831999, -0.00432739034295, 0.00547963194549, -0.00201782980002, 0.00199689762667], [-0.000561693741474, 0.00322433677502, -0.00126619881485, 0.00222638994455, -0.00129698915407, 0.000107917432615, -0.00246388837695, 0.00143251754344, -0.00432739034295, 0.0125908888876, -0.00485714804381, 0.00246597151272, -0.000477764435345], [0.000760545372032, -0.00447442289442, 0.00184384791646, -0.00385483866557, 0.00169527030084, -0.00214905641042, 0.00336205842905, -0.00330253015272, 0.00547963194549, -0.00485714804381, 0.014939061366, -0.00538118649274, 0.00373172061518], [-0.000560232321732, 0.00368132861331, -0.00172111485153, 0.00137103290763, -0.00204145442694, 0.00182364427019, -0.00330012571067, 0.0024802503176, -0.00201782980002, 0.00246597151272, -0.00538118649274, 0.0140339834616, -0.00546337477863], [0.000785541837104, -0.00382268009707, 0.00114055641461, -0.00221490045078, 0.00216841930524, -0.00229107355699, 0.00288937916048, -0.00249570165761, 0.00199689762667, -0.000477764435345, 0.00373172061518, -0.00546337477863, 0.0146948555484]]
    },
    "melbands": {
        "dmean": [0.000426952989073, 0.00104659749195, 0.000948491506279, 0.000795645057224, 0.000540513545275, 0.000258224812569, 0.000123717691167, 0.000116234274174, 7.95904488768e-05, 4.80364105897e-05, 2.66089955403e-05, 3.80943674827e-05, 3.4445514757e-05, 2.17091619561e-05, 1.81616032933e-05, 3.25691435137e-05, 1.8962793547e-05, 1.24188227346e-05, 7.59030626796e-06, 5.663155207e-06, 4.17170667788e-06, 3.84769828088e-06, 3.88579974242e-06, 5.0207258937e-06, 6.98432131685e-06, 4.0499626266e-06, 3.50685240846e-06, 4.10412076235e-06, 1.9438707568e-06, 7.53452127356e-07, 5.96825941557e-07, 4.14851541564e-07, 5.61670731258e-07, 7.84525809649e-07, 6.10546976532e-07, 5.77338198582e-07, 5.97418988946e-07, 6.64956530727e-07, 7.29062264782e-07, 5.77296475512e-07],
        "dmean2": [0.000717664777767, 0.00183578801807, 0.00166518788319, 0.00130271282978, 0.000852671393659, 0.000395644514356, 0.000193471118109, 0.000166942510987, 0.000114256508823, 6.90799424774e-05, 3.96168543375e-05, 5.68615250813e-05, 4.80155504192e-05, 3.25326363964e-05, 2.57729461737e-05, 4.84158299514e-05, 2.80157892121e-05, 1.86595698324e-05, 1.19953201647e-05, 8.60248655954e-06, 6.57065493215e-06, 6.27237523076e-06, 5.80724690735e-06, 7.76607612352e-06, 1.0272749023e-05, 6.21282606517e-06, 5.37585810889e-06, 6.56393604004e-06, 2.93136531582e-06, 1.20623872135e-06, 9.70666292233e-07, 6.73396129969e-07, 8.9046272933e-07, 1.23096492644e-06, 9.48997183059e-07, 9.14726399515e-07, 9.17188970107e-07, 1.00748752629e-06, 1.11526981073e-06, 8.96917129012e-07],
        "dvar": [1.30436785639e-06, 9.61545083555e-06, 2.24035511565e-06, 1.14067017876e-06, 6.41769133836e-07, 3.06264979599e-07, 1.45442626831e-07, 1.12136795849e-07, 7.00149200838e-08, 2.61985899641e-08, 1.03277129071e-08, 2.15123172609e-08, 1.62260622716e-08, 7.19970838503e-09, 4.65881599965e-09, 1.69460481203e-08, 6.28314911211e-09, 3.12475667563e-09, 1.69000213823e-09, 9.28514265475e-10, 4.44332404204e-10, 5.73570857476e-10, 4.33795749322e-10, 8.96050011967e-10, 9.13713993356e-10, 3.49325790516e-10, 3.52800705317e-10, 4.04400624099e-10, 6.39531483326e-11, 8.01900733316e-12, 7.25570862073e-12, 4.28288350965e-12, 8.97110597614e-12, 1.46340509155e-11, 6.00996205927e-12, 1.65698722104e-11, 1.90291810087e-11, 3.76626230203e-11, 4.35195872395e-11, 1.74165907391e-11],
        "dvar2": [3.48497906089e-06, 2.75467245956e-05, 6.95043900123e-06, 3.24292182086e-06, 1.65363644555e-06, 7.34183231543e-07, 3.64622337656e-07, 2.32234370401e-07, 1.44314611816e-07, 5.71128211391e-08, 2.38652173579e-08, 4.59923192864e-08, 3.02438145638e-08, 1.46935965617e-08, 8.20897483322e-09, 3.88532122031e-08, 1.23384422679e-08, 6.70829658489e-09, 3.86637521999e-09, 1.93443061569e-09, 9.18686793305e-10, 1.4670286097e-09, 8.97931728971e-10, 1.79073256223e-09, 1.86192228302e-09, 7.40460526227e-10, 7.19274251271e-10, 1.06164488312e-09, 1.34085589854e-10, 1.97998544643e-11, 1.81124577142e-11, 1.00231793351e-11, 1.618070955e-11, 3.30723920472e-11, 1.4134010802e-11, 4.56412650729e-11, 4.29496369025e-11, 7.24354812243e-11, 9.63023549794e-11, 4.05965955297e-11],
        "max": [0.0175604261458, 0.0514282695949, 0.0182335227728, 0.0190493315458, 0.0150076840073, 0.0139379184693, 0.0123322624713, 0.0109182717279, 0.00909346342087, 0.00623595900834, 0.00378528237343, 0.00322387204506, 0.00327927363105, 0.00245408550836, 0.00169872969855, 0.00331051670946, 0.00347800040618, 0.0021353031043, 0.00182221701834, 0.00148125342093, 0.00075380760245, 0.00112978508696, 0.000963836850133, 0.00129301380366, 0.000865962996613, 0.000687310006469, 0.000948399072513, 0.000800201843958, 0.000278173130937, 8.14057639218e-05, 0.000120531309221, 0.00013716990361, 0.000200411945116, 0.00014619374997, 8.37673578644e-05, 0.000266428425675, 0.000198082096176, 0.000265201786533, 0.000248144875513, 0.000121563010907],
        "mean": [0.000830706499983, 0.0019219891401, 0.00190196570475, 0.00177905010059, 0.0011564710876, 0.000572373275645, 0.000230057616136, 0.000259849533904, 0.000176849949639, 0.000123638121295, 4.93419065606e-05, 7.12275796104e-05, 5.99588347541e-05, 3.931327592e-05, 2.73108125839e-05, 7.82317583798e-05, 2.91145279334e-05, 1.67815269378e-05, 1.17599001896e-05, 8.83692155185e-06, 5.62877949051e-06, 4.6525401558e-06, 6.5541407821e-06, 6.99853262631e-06, 1.04377822936e-05, 7.34177274353e-06, 5.35486788067e-06, 8.0651789176e-06, 3.56697591997e-06, 1.3668363863e-06, 8.86381258169e-07, 5.59810018785e-07, 9.19452190828e-07, 1.38709287967e-06, 1.32110301365e-06, 9.33462729336e-07, 8.31552142699e-07, 9.13355449939e-07, 9.36199910484e-07, 7.20192929293e-07],
        "median": [0.000448562961537, 0.00103496131487, 0.00136094423942, 0.00122925231699, 0.000757581787184, 0.000321931933286, 8.86066700332e-05, 5.98415645072e-05, 3.11446347041e-05, 3.06387992168e-05, 1.34741731017e-05, 9.03212639969e-06, 6.36005279375e-06, 4.16917009716e-06, 2.26287602345e-06, 3.82714097213e-06, 2.04675643545e-06, 1.45744320434e-06, 9.54389747676e-07, 6.52152778002e-07, 4.81455685986e-07, 3.99883248292e-07, 3.4196125398e-07, 3.75662949637e-07, 2.96849350434e-07, 2.60235992755e-07, 2.25289909395e-07, 2.19568889293e-07, 1.56968141596e-07, 9.62068753552e-08, 7.2639885218e-08, 6.32525498645e-08, 6.03921392894e-08, 7.38360697028e-08, 7.50116981862e-08, 5.76256766749e-08, 4.00144486434e-08, 3.53960061261e-08, 3.09437453438e-08, 1.81164114821e-08],
        "min": [2.80753071813e-24, 3.36050051902e-24, 1.88135141463e-24, 1.81671313814e-24, 9.45758831167e-25, 4.24428150709e-24, 3.68515346355e-24, 1.66343351995e-24, 4.54358480086e-24, 3.38971756036e-24, 4.87711479716e-24, 4.32047876522e-24, 3.57834011926e-24, 6.44740514344e-24, 4.95097268827e-24, 2.84504716785e-24, 2.58684944369e-24, 3.05754243267e-24, 5.65279107564e-24, 6.11294665786e-24, 5.01579851645e-24, 4.75175533299e-24, 5.33904176654e-24, 7.49565613608e-24, 5.91569080522e-24, 5.09262370786e-24, 4.81076528414e-24, 4.62900108196e-24, 4.67346956561e-24, 6.86250690721e-24, 6.78496582454e-24, 6.70959647593e-24, 9.63428960457e-24, 7.17056892362e-24, 4.10061021473e-24, 6.36316899826e-24, 5.47527922816e-24, 7.92601052545e-24, 7.10406873817e-24, 7.71647092522e-24],
        "var": [1.5017332089e-06, 8.74496709002e-06, 3.78241452381e-06, 3.01657473756e-06, 1.53201574449e-06, 6.58247586216e-07, 2.1742403078e-07, 3.67724595662e-07, 3.60042662351e-07, 7.70360557567e-08, 1.70312262071e-08, 5.35032249616e-08, 4.2896431296e-08, 2.32414087975e-08, 1.1000358846e-08, 8.39139815412e-08, 1.42972185202e-08, 4.54715287646e-09, 3.26124505179e-09, 2.27888774518e-09, 8.00730315387e-10, 6.62444710198e-10, 1.14692189079e-09, 1.35945166235e-09, 2.21844453918e-09, 1.06932929178e-09, 6.21845630544e-10, 1.21853560575e-09, 2.26436064343e-10, 2.36377115798e-11, 1.23655920573e-11, 7.34575768269e-12, 2.35354461614e-11, 3.41672037885e-11, 2.16224486232e-11, 2.5604445647e-11, 2.95801022565e-11, 6.32455685046e-11, 6.64649654758e-11, 2.5169297202e-11]
    },
    "mfcc": {
        "mean": [-733.225341797, 177.059921265, 33.170463562, 25.3998069763, 6.11806917191, 1.32194685936, -0.134599283338, -3.93297195435, -11.6541004181, -0.738009631634, -6.48912858963, -6.9732542038, -6.84373569489],
        "cov": [[9360.44726562, -2941.99853516, -1089.67749023, 79.9694747925, -580.712219238, 118.355735779, 77.8930435181, -11.9544219971, -482.232757568, 215.754348755, -21.2512893677, 128.068130493, 127.766448975], [-2941.99853516, 2891.8894043, 37.9289245605, -57.2318496704, 232.160675049, -86.2802734375, -38.6541213989, -6.90853786469, 245.003509521, -68.1172790527, 39.7713050842, -102.063652039, -85.4543914795], [-1089.67749023, 37.9289245605, 1000.63568115, -45.1902236938, 106.559242249, -1.53234839439, 2.64831829071, -11.7080144882, 47.3181228638, -75.0401687622, -0.102808564901, 32.4283485413, 0.090572655201], [79.9694747925, -57.2318496704, -45.1902236938, 360.512786865, 36.9046173096, 73.9997253418, 19.8708629608, 69.0905685425, 26.3878040314, 11.39823246, 22.5134181976, 64.7907867432, 38.623840332], [-580.712219238, 232.160675049, 106.559242249, 36.9046173096, 235.14201355, -28.9339008331, 28.2187995911, 37.2324333191, 40.2858848572, 0.753891170025, 2.06999540329, 9.26707363129, 11.8645992279], [118.355735779, -86.2802734375, -1.53234839439, 73.9997253418, -28.9339008331, 291.230194092, 55.4198608398, 55.3679580688, 56.4513549805, 33.5559768677, 44.4430999756, 36.7534179688, 15.5949573517], [77.8930435181, -38.6541213989, 2.64831829071, 19.8708629608, 28.2187995911, 55.4198608398, 201.237213135, 50.6878967285, -23.15990448, 25.3680038452, 3.56871128082, 18.439447403, 31.9529075623], [-11.9544219971, -6.90853786469, -11.7080144882, 69.0905685425, 37.2324333191, 55.3679580688, 50.6878967285, 154.196960449, 42.4511642456, 9.54504013062, 16.3735313416, 13.7304239273, 18.7395133972], [-482.232757568, 245.003509521, 47.3181228638, 26.3878040314, 40.2858848572, 56.4513549805, -23.15990448, 42.4511642456, 193.959091187, 32.395942688, 39.1118583679, -4.54143667221, -13.0962724686], [215.754348755, -68.1172790527, -75.0401687622, 11.39823246, 0.753891170025, 33.5559768677, 25.3680038452, 9.54504013062, 32.395942688, 133.92868042, 49.4373893738, 2.53738594055, 1.0860080719], [-21.2512893677, 39.7713050842, -0.102808564901, 22.5134181976, 2.06999540329, 44.4430999756, 3.56871128082, 16.3735313416, 39.1118583679, 49.4373893738, 122.229026794, 22.6391563416, 6.36378765106], [128.068130493, -102.063652039, 32.4283485413, 64.7907867432, 9.26707363129, 36.7534179688, 18.439447403, 13.7304239273, -4.54143667221, 2.53738594055, 22.6391563416, 124.956459045, 43.1639900208], [127.766448975, -85.4543914795, 0.090572655201, 38.623840332, 11.8645992279, 15.5949573517, 31.9529075623, 18.7395133972, -13.0962724686, 1.0860080719, 6.36378765106, 43.1639900208, 107.448005676]],
