{
"lowlevel": {
    "average_loudness": 0.881635010242,
    "barkbands_crest": {
        "dmean": 2.87620639801,
        "dmean2": 4.54181003571,
        "dvar": 6.69519233704,
        "dvar2": 15.5760354996,
        "max": 26.318069458,
        "mean": 10.1328353882,
        "median": 9.26909446716,
        "min": 2.23607683182,
        "var": 19.8094291687
    },
    "barkbands_flatness_db": {
        "dmean": 0.0292559340596,
        "dmean2": 0.0423964634538,
        "dvar": 0.000783214636613,
        "dvar2": 0.00151617138181,
        "max": 0.475715488195,
        "mean": 0.141902372241,
        "median": 0.133576452732,
        "min": 0.0280608013272,
        "var": 0.00344564556144
    },
    "barkbands_kurtosis": {
        "dmean": 5.75096178055,
        "dmean2": 8.9718170166,
        "dvar": 374.933319092,
        "dvar2": 783.203613281,
        "max": 750.335144043,
        "mean": 6.67729663849,
        "median": 1.20734786987,
        "min": -1.96994948387,
        "var": 632.94519043
    },
    "barkbands_skewness": {
        "dmean": 0.834020972252,
        "dmean2": 1.2680901289,
        "dvar": 1.18135273457,
        "dvar2": 2.32035827637,
        "max": 24.2861251831,
        "mean": 1.69445776939,
        "median": 1.34531486034,
        "min": -3.47553920746,
        "var": 3.70218849182
    },
    "barkbands_spread": {
        "dmean": 9.8096818924,
        "dmean2": 14.986456871,
        "dvar": 111.764328003,
        "dvar2": 239.589035034,
        "max": 120.685714722,
        "mean": 30.9613704681,
        "median": 28.1381759644,
        "min": 0.37065449357,
        "var": 338.969177246
    },
    "dissonance": {
        "dmean": 0.0178591515869,
        "dmean2": 0.0292409714311,
        "dvar": 0.000383879989386,
        "dvar2": 0.000979517004453,
        "max": 0.500000119209,
        "mean": 0.467440366745,
        "median": 0.47554603219,
        "min": 0.228856056929,
        "var": 0.000878511404153
    },
    "dynamic_complexity": 4.39350271225,
    "erbbands_crest": {
        "dmean": 3.17897295952,
        "dmean2": 5.09629774094,
        "dvar": 8.84854984283,
        "dvar2": 21.1216125488,
        "max": 31.4029846191,
        "mean": 9.11285591125,
        "median": 8.00951576233,
        "min": 2.38347053528,
        "var": 18.5995960236
    },
    "erbbands_flatness_db": {
        "dmean": 0.0222098212689,
        "dmean2": 0.0321168415248,
        "dvar": 0.000486863718834,
        "dvar2": 0.00100268318783,
        "max": 0.368822872639,
        "mean": 0.150984510779,
        "median": 0.144181340933,
        "min": 0.0308428891003,
        "var": 0.00179071980529
    },
    "erbbands_kurtosis": {
        "dmean": 1.59302711487,
        "dmean2": 2.58142471313,
        "dvar": 15.1256742477,
        "dvar2": 39.4002609253,
        "max": 97.1120452881,
        "mean": 0.791545450687,
        "median": -0.255965948105,
        "min": -1.92052614689,
        "var": 17.2577972412
    },
    "erbbands_skewness": {
        "dmean": 0.54266422987,
        "dmean2": 0.816412329674,
        "dvar": 0.355236321688,
        "dvar2": 0.806557357311,
        "max": 7.65029478073,
        "mean": -0.170188054442,
        "median": -0.163736954331,
        "min": -7.57821846008,
        "var": 1.125020504
    },
    "erbbands_spread": {
        "dmean": 14.9859619141,
        "dmean2": 23.1211967468,
        "dvar": 286.20904541,
        "dvar2": 654.667480469,
        "max": 175.893371582,
        "mean": 49.1722640991,
        "median": 43.8464202881,
        "min": 2.05333137512,
        "var": 742.407409668
    },
    "hfc": {
        "dmean": 8.51390171051,
        "dmean2": 11.989692688,
        "dvar": 151.503189087,
        "dvar2": 271.92300415,
        "max": 170.843475342,
        "mean": 19.1552906036,
        "median": 12.721780777,
        "min": 1.17332419987e-16,
        "var": 417.765777588
    },
    "melbands_crest": {
        "dmean": 3.76606941223,
        "dmean2": 6.02219009399,
        "dvar": 10.637834549,
        "dvar2": 26.0038127899,
        "max": 34.7534751892,
        "mean": 15.2884302139,
        "median": 14.3187618256,
        "min": 1.93713319302,
        "var": 35.237285614
    },
    "melbands_flatness_db": {
        "dmean": 0.037702947855,
        "dmean2": 0.0533450916409,
        "dvar": 0.00127221667208,
        "dvar2": 0.00237221759744,
        "max": 0.612672448158,
        "mean": 0.203335553408,
        "median": 0.198558405042,
        "min": 0.00493634305894,
        "var": 0.00654095830396
    },
    "melbands_kurtosis": {
        "dmean": 19.7942028046,
        "dmean2": 31.075006485,
        "dvar": 3375.78271484,
        "dvar2": 6744.56445312,
        "max": 1929.30053711,
        "mean": 29.511510849,
        "median": 9.48343849182,
        "min": -1.82921993732,
        "var": 6479.56591797
    },
    "melbands_skewness": {
        "dmean": 1.31827175617,
        "dmean2": 2.01921796799,
        "dvar": 2.98437380791,
        "dvar2": 6.15484714508,
        "max": 32.1304779053,
        "mean": 3.59206271172,
        "median": 2.84763479233,
        "min": -2.07748413086,
        "var": 9.58617687225
    },
    "melbands_spread": {
        "dmean": 12.7237873077,
        "dmean2": 19.6010379791,
        "dvar": 304.42779541,
        "dvar2": 671.304321289,
        "max": 264.361114502,
        "mean": 31.3772449493,
        "median": 23.7895755768,
        "min": 0.246216490865,
        "var": 804.554443359
    },
    "pitch_salience": {
        "dmean": 0.0795712843537,
        "dmean2": 0.125075936317,
        "dvar": 0.0052599105984,
        "dvar2": 0.012096949853,
        "max": 0.910812079906,
        "mean": 0.517594099045,
        "median": 0.520483791828,
        "min": 0.0535420626402,
        "var": 0.014648925513
    },
    "silence_rate_20dB": {
        "dmean": 0,
        "dmean2": 0,
        "dvar": 0,
        "dvar2": 0,
        "max": 1,
        "mean": 1,
        "median": 1,
        "min": 1,
        "var": 0
    },
    "silence_rate_30dB": {
        "dmean": 0,
        "dmean2": 0,
        "dvar": 0,
        "dvar2": 0,
        "max": 1,
        "mean": 1,
        "median": 1,
        "min": 1,
        "var": 0
    },
    "silence_rate_60dB": {
        "dmean": 0.0258181225508,
        "dmean2": 0.0516404919326,
        "dvar": 0.0251517537981,
        "dvar2": 0.0580228678882,
        "max": 1,
        "mean": 0.118638493121,
        "median": 0,
        "min": 0,
        "var": 0.104563131928
    },
    "spectral_centroid": {
        "dmean": 410.471618652,
        "dmean2": 623.702758789,
        "dvar": 180549.75,
        "dvar2": 362853.375,
        "max": 11219.1416016,
        "mean": 1874.0838623,
        "median": 1870.0213623,
        "min": 136.392410278,
        "var": 655924
    },
    "spectral_complexity": {
        "dmean": 4.32774209976,
        "dmean2": 6.06282377243,
        "dvar": 33.5498695374,
        "dvar2": 54.1483879089,
        "max": 67,
        "mean": 14.545917511,
        "median": 12,
        "min": 0,
        "var": 143.876449585
    },
    "spectral_decrease": {
        "dmean": 2.25827911926e-09,
        "dmean2": 3.54583429285e-09,
        "dvar": 1.04262890208e-17,
        "dvar2": 2.50610215353e-17,
        "max": 8.08510534224e-22,
        "mean": -5.11436004658e-09,
        "median": -4.09311962102e-09,
        "min": -2.94787856348e-08,
        "var": 1.87093580375e-17
    },
    "spectral_energy": {
        "dmean": 0.00907801743597,
        "dmean2": 0.0140961846337,
        "dvar": 0.000162297612405,
        "dvar2": 0.000384305720218,
        "max": 0.115020871162,
        "mean": 0.0210402607918,
        "median": 0.0170260425657,
        "min": 1.06262949598e-20,
        "var": 0.000304237095406
    },
    "spectral_energyband_high": {
        "dmean": 0.000772328057792,
        "dmean2": 0.00108357309364,
        "dvar": 1.48812114276e-06,
        "dvar2": 2.79947062154e-06,
        "max": 0.017347259447,
        "mean": 0.00122447591275,
        "median": 0.00050359236775,
        "min": 7.94091207008e-21,
        "var": 3.19445780406e-06
    },
    "spectral_energyband_low": {
        "dmean": 0.005206736736,
        "dmean2": 0.0083314422518,
        "dvar": 6.93396650604e-05,
        "dvar2": 0.00016677408712,
        "max": 0.0937307476997,
        "mean": 0.0098868990317,
        "median": 0.00696616433561,
        "min": 5.75918064385e-23,
        "var": 0.000117752577353
    },
    "spectral_energyband_middle_high": {
        "dmean": 0.00193549389951,
        "dmean2": 0.00278248055838,
        "dvar": 1.02514641185e-05,
        "dvar2": 1.97229855985e-05,
        "max": 0.059838924557,
        "mean": 0.00438669184223,
        "median": 0.00201318692416,
        "min": 1.43290482068e-21,
        "var": 3.59918885806e-05
    },
    "spectral_energyband_middle_low": {
        "dmean": 0.00468451203778,
        "dmean2": 0.00790516380221,
        "dvar": 8.26569958008e-05,
        "dvar2": 0.00022185263515,
        "max": 0.083014279604,
        "mean": 0.00685519445688,
        "median": 0.0042516454123,
        "min": 2.20834706306e-22,
        "var": 7.85394076956e-05
    },
    "spectral_entropy": {
        "dmean": 0.22665604949,
        "dmean2": 0.319674164057,
        "dvar": 0.0531412214041,
        "dvar2": 0.102860964835,
        "max": 9.80009174347,
        "mean": 7.64318609238,
        "median": 7.68263292313,
        "min": 4.83389043808,
        "var": 0.190330833197
    },
    "spectral_flux": {
        "dmean": 0.0276389513165,
        "dmean2": 0.042962141335,
        "dvar": 0.00108135910705,
        "dvar2": 0.0023233667016,
        "max": 0.272136271,
        "mean": 0.0822455212474,
        "median": 0.0732279419899,
        "min": 1.03484526504e-10,
        "var": 0.00253235548735
    },
    "spectral_kurtosis": {
        "dmean": 1.33801543713,
        "dmean2": 2.09889554977,
        "dvar": 2.16585206985,
        "dvar2": 5.19725608826,
        "max": 30.4079933167,
        "mean": 2.93557977676,
        "median": 2.59767532349,
        "min": -1.32188618183,
        "var": 4.50078058243
    },
    "spectral_rms": {
        "dmean": 0.000906321278308,
        "dmean2": 0.00136139569804,
        "dvar": 1.17302056424e-06,
        "dvar2": 2.61794684775e-06,
        "max": 0.010593181476,
        "mean": 0.00408183690161,
        "median": 0.00407563149929,
        "min": 3.21980072812e-12,
        "var": 3.86573719879e-06
    },
    "spectral_rolloff": {
        "dmean": 872.807617188,
        "dmean2": 1456.2935791,
        "dvar": 1708274.625,
        "dvar2": 3699041.75,
        "max": 19875.1464844,
        "mean": 1984.05554199,
        "median": 1248.92578125,
        "min": 64.599609375,
        "var": 4100579
    },
    "spectral_skewness": {
        "dmean": 0.229393810034,
        "dmean2": 0.341912120581,
        "dvar": 0.0483557917178,
        "dvar2": 0.105566747487,
        "max": 4.58645057678,
        "mean": 1.14438819885,
        "median": 1.11340129375,
        "min": -0.409995615482,
        "var": 0.149702355266
    },
    "spectral_spread": {
        "dmean": 760676,
        "dmean2": 1143337.125,
        "dvar": 823034511360,
        "dvar2": 1.56327254426e+12,
        "max": 41152600,
        "mean": 4985605,
        "median": 4596984.5,
        "min": 1565916.125,
        "var": 2.7131314176e+12
    },
    "spectral_strongpeak": {
        "dmean": 0.45050829649,
        "dmean2": 0.763724207878,
        "dvar": 0.80309098959,
        "dvar2": 2.04586935043,
        "max": 19.1531982422,
        "mean": 0.63038122654,
        "median": 0.257985919714,
        "min": 0,
        "var": 1.06482040882
    },
    "zerocrossingrate": {
        "dmean": 0.016445627436,
        "dmean2": 0.0186873469502,
        "dvar": 0.000295202829875,
        "dvar2": 0.000370987079805,
        "max": 0.50341796875,
        "mean": 0.0769315734506,
        "median": 0.06689453125,
        "min": 0.00244140625,
        "var": 0.00218662875704
    },
    "barkbands": {
        "dmean": [0.00026630613138, 0.00312696117908, 0.00202653743327, 0.00227872026153, 0.00161264743656, 0.000457034650026, 0.000317503261613, 0.000404181162594, 0.000675643037539, 0.000600136758294, 0.00038263030001, 0.000225198309636, 0.000236565480009, 0.000195769287529, 0.000246892857831, 0.000269443262368, 0.000441420183051, 0.000244990224019, 0.00028331798967, 0.000225168012548, 0.000208270168514, 0.000250181299634, 0.000136911883601, 0.000102807360236, 6.48697387078e-05, 1.40041402119e-05, 1.23292538774e-05],
        "dmean2": [0.000479480950162, 0.0049363905564, 0.00323816970922, 0.00407412322238, 0.00271152541973, 0.000720289011952, 0.000513238541316, 0.000661037280224, 0.00109003938269, 0.000902360654436, 0.000579815241508, 0.000344599364325, 0.00037664163392, 0.000304251327179, 0.000381569465389, 0.000407757994253, 0.000730690837372, 0.000373790215235, 0.000433099921793, 0.000348073954228, 0.00030658437754, 0.000360335572623, 0.000211751248571, 0.000148407460074, 9.87486491795e-05, 2.10845701076e-05, 1.98224734049e-05],
        "dvar": [1.23628069559e-07, 2.58376203419e-05, 1.69774684764e-05, 3.78646873287e-05, 1.11358504e-05, 8.63744162416e-07, 8.83553184394e-07, 1.36005712648e-06, 2.74281092061e-06, 2.25381404562e-06, 1.34746096592e-06, 6.74415218782e-07, 9.03810644104e-07, 2.65547612344e-07, 4.97256394283e-07, 6.30479405572e-07, 7.33223032512e-07, 2.01316282755e-07, 3.04596682099e-07, 1.85478413073e-07, 1.88823008784e-07, 1.70949320477e-07, 8.37893026073e-08, 3.54979974304e-08, 3.56326950168e-08, 1.10131448405e-09, 2.37476638354e-09],
        "dvar2": [3.94349513044e-07, 6.59472352709e-05, 4.15005124523e-05, 0.000106099403638, 2.8735577871e-05, 1.98484076464e-06, 2.27046757573e-06, 3.62927266906e-06, 6.33581112197e-06, 4.5566598601e-06, 2.92388949674e-06, 1.55961606652e-06, 2.16348098547e-06, 5.79174354698e-07, 1.068669917e-06, 1.3875546756e-06, 1.76528419615e-06, 4.49818401194e-07, 6.98094936524e-07, 4.31324963301e-07, 3.92774779812e-07, 3.38721349635e-07, 1.93449793073e-07, 7.36880139129e-08, 7.6097165902e-08, 2.33640018443e-09, 5.58460611089e-09],
        "max": [0.00363666657358, 0.048561424017, 0.0514331310987, 0.052817877382, 0.0339655987918, 0.0191366448998, 0.0217578914016, 0.0433624461293, 0.0684534683824, 0.0256794802845, 0.0254313349724, 0.0367903485894, 0.0370211005211, 0.0226071961224, 0.0218214690685, 0.021100923419, 0.0124750984833, 0.0073704351671, 0.0164665002376, 0.0122053343803, 0.00925203599036, 0.00874779000878, 0.00435760198161, 0.0034560803324, 0.00799606088549, 0.000907234090846, 0.000860419473611],
        "mean": [0.000332913099555, 0.00570090394467, 0.00268883188255, 0.00220600701869, 0.00186731223948, 0.00070642051287, 0.000404251681175, 0.00049509917153, 0.000903578940779, 0.000800650566816, 0.000562490778975, 0.000334022915922, 0.000309427734464, 0.000270129647106, 0.000343240855727, 0.000364683743101, 0.000480290793348, 0.000362355465768, 0.000507239659782, 0.000361254962627, 0.000290234718705, 0.000311165029416, 0.000169849212398, 0.00014518131502, 8.77788988873e-05, 1.89584061445e-05, 1.59387618623e-05],
        "median": [0.000213177365367, 0.0037464692723, 0.00155370950233, 0.000960872741416, 0.000704233709257, 0.000153134853463, 5.46730661881e-05, 8.09432385722e-05, 7.47568046791e-05, 9.5855910331e-05, 5.20749345014e-05, 4.18468553107e-05, 3.94413764297e-05, 4.5565135224e-05, 5.62615568924e-05, 7.0301030064e-05, 0.000150712119648, 0.000191791608813, 0.000247054704232, 0.000155013127369, 8.26089162729e-05, 8.37455372675e-05, 4.16441471316e-05, 5.25375799043e-05, 2.31366393564e-05, 3.49984611603e-06, 1.01587730228e-07],
        "min": [5.59843816484e-24, 2.37915999839e-23, 1.22729007482e-23, 1.77661652161e-23, 2.97871984545e-23, 2.49988380034e-23, 2.33750135839e-23, 2.25799774755e-23, 5.39031622655e-23, 3.26567462616e-23, 9.50830268043e-23, 4.76608964561e-23, 8.51002066189e-23, 1.05653882841e-22, 1.03336348341e-22, 4.89591595577e-23, 9.55121923803e-23, 2.4913529954e-22, 1.64053104193e-22, 2.8385300487e-22, 3.83858353329e-22, 5.23718822742e-22, 5.60138195708e-22, 7.20968935632e-22, 1.22735366963e-21, 1.45930967387e-21, 2.45037595016e-21],
        "var": [1.52610041937e-07, 4.55643021269e-05, 1.72193158505e-05, 2.50878383667e-05, 1.04500868474e-05, 1.7986333205e-06, 1.07063624455e-06, 1.43199292779e-06, 5.194437108e-06, 4.0376457946e-06, 2.79014466287e-06, 1.30131729748e-06, 1.46503100495e-06, 5.22067864495e-07, 8.73728197348e-07, 1.00881425169e-06, 9.47192290823e-07, 3.46366050508e-07, 6.40598273094e-07, 3.3162044133e-07, 3.230194352e-07, 2.93734785828e-07, 1.18993277454e-07, 6.53251674976e-08, 6.64971793185e-08, 2.23848473091e-09, 3.88430976273e-09]
    },
    "erbbands": {
        "dmean": [0.112767957151, 0.693800985813, 2.20970106125, 4.87708568573, 7.23379564285, 4.43542432785, 4.88989496231, 3.45590043068, 3.66746711731, 6.01598739624, 9.97842311859, 15.8796186447, 17.5354042053, 18.8424129486, 10.5054836273, 8.18540096283, 10.3510026932, 8.91753292084, 11.3249025345, 12.9303131104, 14.8943634033, 22.2278404236, 16.1964836121, 14.4562082291, 12.9553146362, 10.4537801743, 9.62250900269, 7.13731336594, 7.82245779037, 7.63878154755, 3.53503775597, 2.40718889236, 1.56057870388, 0.907968997955, 0.364036262035, 0.084556825459, 0.0258276723325, 0.0119942286983, 0.00234265625477, 4.98055560456e-05],
        "dmean2": [0.176821351051, 1.11226892471, 3.52390813828, 8.51057434082, 12.7437620163, 7.3583855629, 7.77024650574, 5.43882036209, 5.90340614319, 9.83426952362, 16.0040130615, 25.5458850861, 27.0918693542, 28.354642868, 15.696231842, 12.4394674301, 16.3192367554, 13.6712150574, 17.6718521118, 20.2630462646, 21.5239162445, 35.5082473755, 25.7799339294, 21.9220409393, 20.0195007324, 16.2021465302, 14.5853853226, 10.3420639038, 11.2977142334, 11.186375618, 5.46690702438, 3.52259111404, 2.29040312767, 1.39476883411, 0.560348033905, 0.128742218018, 0.0389936938882, 0.0198892764747, 0.00359786720946, 7.52873311285e-05],
        "dvar": [0.0319710113108, 1.41181051731, 18.4782810211, 154.983734131, 308.107452393, 76.6017913818, 84.1958007812, 65.1853942871, 103.976676941, 343.677307129, 753.24395752, 1834.78125, 2218.86132812, 2755.57348633, 662.402099609, 1124.7512207, 1886.19262695, 561.171264648, 791.442749023, 1703.44677734, 1814.60498047, 1735.22497559, 755.116088867, 837.308898926, 582.758422852, 457.410919189, 456.719451904, 218.904006958, 192.435317993, 149.577377319, 74.823059082, 20.8308696747, 9.98384475708, 7.41934967041, 1.09431898594, 0.0554815344512, 0.00344321620651, 0.00186744960956, 8.25613315101e-05, 2.47698341838e-08],
        "dvar2": [0.077155791223, 3.64499282837, 44.9028053284, 411.076599121, 835.959106445, 197.03515625, 197.990692139, 153.187240601, 261.450012207, 916.063049316, 1894.42211914, 4200.28173828, 4433.13232422, 6278.38916016, 1524.12634277, 2676.18579102, 4452.15185547, 1227.94616699, 1774.14221191, 4096.45654297, 3715.07910156, 4125.27929688, 1782.16296387, 1771.26867676, 1398.46313477, 1079.11047363, 1043.88146973, 438.00958252, 367.796478271, 305.270751953, 184.919235229, 45.0799331665, 21.4894199371, 15.7772874832, 2.517121315, 0.122613683343, 0.00728278746828, 0.00488063320518, 0.000175766996108, 5.33459036944e-08],
        "max": [1.98292636871, 12.7253456116, 45.2397232056, 111.329216003, 178.780548096, 108.738571167, 153.138015747, 188.134262085, 215.2837677, 649.114990234, 634.673156738, 2114.828125, 928.619445801, 1237.21118164, 606.227355957, 1619.94104004, 1798.90185547, 1269.95300293, 616.443969727, 1881.61218262, 1418.17834473, 835.132995605, 466.400543213, 1015.89996338, 513.364685059, 769.521118164, 426.530090332, 307.783813477, 495.805786133, 201.502059937, 143.644378662, 110.082061768, 68.4384078979, 134.422241211, 30.3553180695, 6.82536745071, 1.51235675812, 0.777043640614, 0.144766032696, 0.00266270129941],
        "mean": [0.193179428577, 1.17765426636, 3.10975193977, 5.54455089569, 6.63700342178, 5.62792110443, 7.6125535965, 4.99808883667, 4.81070709229, 7.50160837173, 14.1573600769, 21.1238079071, 23.115114212, 28.269197464, 16.3422851562, 12.781785965, 14.3790540695, 12.8332300186, 16.5058097839, 18.0037555695, 21.8529129028, 26.8582019806, 21.883190155, 25.0218982697, 22.7464256287, 17.1031951904, 13.860789299, 10.0264234543, 10.0145530701, 9.18730735779, 4.40168190002, 3.35343074799, 2.17115330696, 1.22575378418, 0.477022439241, 0.116089850664, 0.0316696055233, 0.0133978156373, 0.00328503968194, 8.20461209514e-05],
        "median": [0.114640325308, 0.740266442299, 1.79525220394, 2.8730275631, 2.53291797638, 1.94903969765, 2.19531846046, 1.20506191254, 0.937223851681, 1.73437595367, 2.50937509537, 2.12486314774, 3.40252184868, 3.16308546066, 2.98127293587, 2.20835924149, 2.24676179886, 2.66287231445, 3.50243663788, 3.54428124428, 5.49092531204, 10.1666297913, 10.7715587616, 12.5121021271, 10.4670476913, 7.6126666069, 4.9636054039, 2.56035017967, 2.51013994217, 2.43730068207, 1.10446083546, 1.19105148315, 0.737192571163, 0.331722289324, 0.120827071369, 0.0196232963353, 0.00543990777805, 0.000840544700623, 3.66567110177e-05, 2.65525486611e-05],
        "min": [4.99251664367e-22, 5.87398199367e-21, 2.04752275519e-20, 4.68863161042e-20, 3.18335159615e-20, 1.01587931571e-19, 2.46084448626e-19, 1.48598822368e-19, 4.17160908939e-19, 2.47373092623e-19, 6.53821599039e-19, 9.86052643313e-19, 1.40769627664e-18, 2.57974968307e-18, 2.73515479308e-18, 1.86528566386e-18, 3.30523815868e-18, 5.66072201368e-18, 5.34474067405e-18, 3.80930072407e-18, 3.37234525382e-18, 6.75820084859e-18, 1.53792033377e-17, 1.11900579676e-17, 8.24328576519e-18, 1.23366295583e-17, 1.45666323891e-17, 1.51448051675e-17, 1.72015831431e-17, 1.82496375229e-17, 1.68016032667e-17, 1.29312276621e-17, 1.30670234217e-17, 1.01012550165e-17, 9.03683817712e-18, 5.76993177482e-18, 2.46406992197e-18, 1.35467823867e-18, 3.34900873098e-19, 3.26643930374e-20],
        "var": [0.0650131031871, 2.06383037567, 20.2019062042, 119.562477112, 215.249191284, 88.9452438354, 178.171340942, 106.799667358, 136.291046143, 334.677642822, 1113.34179688, 3268.58862305, 3671.45874023, 5748.23730469, 1468.92541504, 1939.21594238, 2964.13012695, 1173.78833008, 1429.8338623, 2211.54394531, 3302.57202148, 2529.16357422, 1208.02575684, 1776.27392578, 1150.31115723, 764.42565918, 694.311096191, 403.2159729, 355.778137207, 232.47052002, 95.3869094849, 36.3170204163, 17.1602954865, 12.8002767563, 1.96363782883, 0.113461598754, 0.00592922559008, 0.00208226242103, 0.000168969621882, 4.87837041874e-08]
    },
    "gfcc": {
        "mean": [-40.6606636047, 68.4999771118, -108.739395142, 61.1100120544, -53.0468978882, 18.8622875214, -30.2278060913, 16.4083175659, -22.2899112701, -4.61239814758, -14.1902914047, -2.84881973267, -8.78722572327],
        "cov": [[17799.15625, 295.100738525, -718.212890625, 146.194015503, -168.934646606, 275.907470703, 54.6004066467, 201.811279297, -240.041671753, -8.70700836182, -412.833129883, -10.8657245636, -152.095230103], [295.100738525, 1146.87487793, -97.8283004761, -104.109069824, 129.209716797, -103.858184814, 137.500045776, 44.4358863831, -4.92086172104, -85.979598999, 126.305923462, -101.962524414, 112.524581909], [-718.212890625, -97.8283004761, 1414.70251465, 400.227294922, 221.354675293, -50.5214920044, 68.7204589844, -145.629272461, 90.4369888306, -47.9213218689, -11.1928329468, 115.409912109, -109.303993225], [146.194015503, -104.109069824, 400.227294922, 761.197387695, 264.025665283, 119.393959045, -14.8401117325, 78.5061035156, 82.1221542358, -15.4127779007, -47.8082313538, 34.9415969849, -49.6781768799], [-168.934646606, 129.209716797, 221.354675293, 264.025665283, 553.145690918, 28.8113460541, 201.150939941, 12.2975921631, 68.5143051147, -78.9313354492, 12.4111509323, 6.97742605209, -33.7706108093], [275.907470703, -103.858184814, -50.5214920044, 119.393959045, 28.8113460541, 415.371002197, 82.1098327637, 64.7393341064, -37.2303962708, 66.7406082153, -40.4904022217, -23.4657592773, -7.30289649963], [54.6004066467, 137.500045776, 68.7204589844, -14.8401117325, 201.150939941, 82.1098327637, 319.109741211, 25.8946838379, 36.5924873352, -46.6666717529, 7.32857227325, -32.9939002991, -2.86634635925], [201.811279297, 44.4358863831, -145.629272461, 78.5061035156, 12.2975921631, 64.7393341064, 25.8946838379, 284.868865967, 30.5471954346, 15.9674434662, -9.26449871063, -13.2424230576, 28.0837993622], [-240.041671753, -4.92086172104, 90.4369888306, 82.1221542358, 68.5143051147, -37.2303962708, 36.5924873352, 30.5471954346, 160.304946899, -0.919533550739, 1.13659346104, 1.88328623772, -13.5790863037], [-8.70700836182, -85.979598999, -47.9213218689, -15.4127779007, -78.9313354492, 66.7406082153, -46.6666717529, 15.9674434662, -0.919533550739, 144.962814331, 33.0585899353, -3.40066814423, -1.61289775372], [-412.833129883, 126.305923462, -11.1928329468, -47.8082313538, 12.4111509323, -40.4904022217, 7.32857227325, -9.26449871063, 1.13659346104, 33.0585899353, 168.199508667, 30.0073432922, 21.1948108673], [-10.8657245636, -101.962524414, 115.409912109, 34.9415969849, 6.97742605209, -23.4657592773, -32.9939002991, -13.2424230576, 1.88328623772, -3.40066814423, 30.0073432922, 121.272392273, 3.07299757004], [-152.095230103, 112.524581909, -109.303993225, -49.6781768799, -33.7706108093, -7.30289649963, -2.86634635925, 28.0837993622, -13.5790863037, -1.61289775372, 21.1948108673, 3.07299757004, 127.792701721]],
        "icov": [[6.98714575265e-05, -8.18550979602e-05, 6.15541430307e-05, -5.30859251739e-05, 4.95089770993e-05, 1.06104207589e-05, -7.61971168686e-05, -1.33981466206e-05, 0.000110728367872, -9.06396307983e-05, 0.00025416634162, -0.000200430920813, 0.000175458699232], [-8.18550979602e-05, 0.0015030503273, -0.0001816158765, 0.000144291494507, -0.000278638093732, 0.000218669491005, -9.8783406429e-05, -0.000239579181653, 7.61278788559e-05, 0.000977455172688, -0.00159588025417, 0.00184675841592, -0.00129014579579], [6.15541430307e-05, -0.0001816158765, 0.00116592994891, -0.000664491381031, 0.000130029671709, 0.000255179213127, -0.000560984946787, 0.000657007214613, -0.000146239704918, -0.000213037070353, 0.00045183187467, -0.0012400734704, 0.000800740206614], [-5.30859251739e-05, 0.000144291494507, -0.000664491381031, 0.00248728203587, -0.00130391772836, -0.000926857232116, 0.00150825560559, -0.000790063582826, -0.000834600359667, 0.000398089468945, 7.99412300694e-05, 0.000258524611127, -8.49021307658e-05], [4.95089770993e-05, -0.000278638093732, 0.000130029671709, -0.00130391772836, 0.00341894384474, 0.000214833024074, -0.00210726214573, 0.000297027407214, -0.000248796714004, 0.000849857868161, -0.000277844374068, -0.000596631725784, 0.000756551453378], [1.06104207589e-05, 0.000218669491005, 0.000255179213127, -0.000926857232116, 0.000214833024074, 0.00374933122657, -0.00179107079748, -0.000360026228009, 0.00158616516273, -0.00224304315634, 0.000983319827355, 6.56123447698e-05, -3.64129155059e-05], [-7.61971168686e-05, -9.8783406429e-05, -0.000560984946787, 0.00150825560559, -0.00210726214573, -0.00179107079748, 0.00580219412223, -0.000537682324648, -0.00134087435436, 0.00173627759796, -0.000855024205521, 0.0015932690585, -0.000325197615894], [-1.33981466206e-05, -0.000239579181653, 0.000657007214613, -0.000790063582826, 0.000297027407214, -0.000360026228009, -0.000537682324648, 0.00441375514492, -0.000976326060481, -0.000450313527836, 0.000375256611733, -0.000425525737228, -0.000635709788185], [0.000110728367872, 7.61278788559e-05, -0.000146239704918, -0.000834600359667, -0.000248796714004, 0.00158616516273, -0.00134087435436, -0.000976326060481, 0.00791968684644, -0.00133478816133, 0.000509711215273, 2.53516600424e-06, 0.000564698246308], [-9.06396307983e-05, 0.000977455172688, -0.000213037070353, 0.000398089468945, 0.000849857868161, -0.00224304315634, 0.00173627759796, -0.000450313527836, -0.00133478816133, 0.010495390743, -0.00397655088454, 0.00214514276013, -0.000163133154274], [0.00025416634162, -0.00159588025417, 0.00045183187467, 7.99412300694e-05, -0.000277844374068, 0.000983319827355, -0.000855024205521, 0.000375256611733, 0.000509711215273, -0.00397655088454, 0.00960955303162, -0.00426775822416, 0.000519200810231], [-0.000200430920813, 0.00184675841592, -0.0012400734704, 0.000258524611127, -0.000596631725784, 6.56123447698e-05, 0.0015932690585, -0.000425525737228, 2.53516600424e-06, 0.00214514276013, -0.00426775822416, 0.0124976234511, -0.00241485610604], [0.000175458699232, -0.00129014579579, 0.000800740206614, -8.49021307658e-05, 0.000756551453378, -3.64129155059e-05, -0.000325197615894, -0.000635709788185, 0.000564698246308, -0.000163133154274, 0.000519200810231, -0.00241485610604, 0.0101820491254]]
    },
    "melbands": {
        "dmean": [0.000897222256754, 0.00102128391154, 0.000937339384109, 0.000398186239181, 0.000169654886122, 7.70446058596e-05, 5.96949721512e-05, 7.08552397555e-05, 8.726791566e-05, 0.000103203965409, 8.88949725777e-05, 7.83297145972e-05, 4.06795879826e-05, 2.64193349722e-05, 2.04853404284e-05, 2.5676768928e-05, 1.69839258888e-05, 1.92377538042e-05, 2.10504786082e-05, 1.85738972505e-05, 1.79521794053e-05, 2.20021247515e-05, 2.64924437943e-05, 1.08251633719e-05, 1.28743140522e-05, 1.16052415251e-05, 8.10278652352e-06, 7.30784313419e-06, 6.60140131004e-06, 5.52121400688e-06, 4.00567569159e-06, 3.86782357964e-06, 6.70553117743e-06, 3.44175236933e-06, 2.00097406378e-06, 1.74701244759e-06, 1.64608104569e-06, 1.31166189021e-06, 8.84093537934e-07, 7.22599963865e-07],
        "dmean2": [0.00140803982504, 0.00162159756292, 0.00163376389537, 0.00068049778929, 0.000270893215202, 0.000120797616546, 9.58262025961e-05, 0.0001159962776, 0.000138718460221, 0.000166986734257, 0.000137062175781, 0.000118599717098, 6.10059069004e-05, 3.98479460273e-05, 3.18770435115e-05, 4.07937804994e-05, 2.63106248894e-05, 3.04274017253e-05, 3.27709494741e-05, 2.96118232654e-05, 2.60693232121e-05, 3.43223255186e-05, 4.61051713501e-05, 1.63087133842e-05, 1.97248355107e-05, 1.82022831723e-05, 1.24514990603e-05, 1.15951361295e-05, 1.04207374534e-05, 8.268700185e-06, 5.87573231314e-06, 5.70430074731e-06, 1.00440011011e-05, 5.30015404365e-06, 3.13026475851e-06, 2.79760297417e-06, 2.41938346335e-06, 1.93296114048e-06, 1.36231312808e-06, 1.12047735001e-06],
        "dvar": [2.0629647679e-06, 3.48113121618e-06, 5.36749985258e-06, 7.53124709263e-07, 9.49065750433e-08, 2.91398709606e-08, 2.74124385413e-08, 4.42870842221e-08, 5.63876874082e-08, 7.78762299092e-08, 5.72134801757e-08, 4.49824035798e-08, 1.19004637256e-08, 1.07662723181e-08, 4.46608883209e-09, 1.30282389321e-08, 2.16412332499e-09, 2.45833620127e-09, 4.43262182515e-09, 3.52784668145e-09, 3.07353875684e-09, 2.04715333574e-09, 2.44349318557e-09, 6.1907523552e-10, 7.33812011156e-10, 5.72943026356e-10, 2.29068708446e-10, 2.52824094993e-10, 2.33059876953e-10, 1.46632553322e-10, 7.58455381833e-11, 6.154201454e-11, 1.35928310274e-10, 3.23556043069e-11, 2.43047491855e-11, 2.06352469834e-11, 8.82650463135e-12, 5.70386099463e-12, 7.3498785183e-12, 5.02796112037e-12],
        "dvar2": [5.12531323693e-06, 8.58303428686e-06, 1.43574707181e-05, 1.99327791961e-06, 2.29549613096e-07, 6.8121721597e-08, 6.91677612963e-08, 1.18503017177e-07, 1.35053056738e-07, 1.79753513407e-07, 1.13942341784e-07, 1.02817573122e-07, 2.6657041019e-08, 2.42765114677e-08, 1.00377830492e-08, 3.16652126742e-08, 4.53073667472e-09, 5.67625502157e-09, 9.9343226978e-09, 8.52782733318e-09, 6.11118622373e-09, 4.64940175249e-09, 6.67733512927e-09, 1.39877498473e-09, 1.55720569772e-09, 1.39558453682e-09, 5.35891886422e-10, 6.25912432994e-10, 5.74516101359e-10, 3.07613073902e-10, 1.5832025968e-10, 1.1910329667e-10, 2.93757351777e-10, 7.04623998038e-11, 5.9157984067e-11, 5.21167588252e-11, 1.86737656588e-11, 1.20778109736e-11, 1.62897872275e-11, 1.07643954514e-11],
        "max": [0.0152463773265, 0.020247977227, 0.0198637563735, 0.00855286978185, 0.00509024551138, 0.00395133951679, 0.00335398432799, 0.00724302511662, 0.00451266812161, 0.0133917415515, 0.00454032933339, 0.00463368697092, 0.00273751979694, 0.00512963812798, 0.00276028853841, 0.00483698537573, 0.00290248449892, 0.00122953183018, 0.00223685894161, 0.00232259184122, 0.00206336285919, 0.00108732108492, 0.000597685051616, 0.000486349192215, 0.000992730492726, 0.000687664549332, 0.000345417676726, 0.000628802517895, 0.000301452062558, 0.000362840015441, 0.00021244258096, 0.000271360011538, 0.000148273393279, 8.49290954648e-05, 8.42571898829e-05, 7.39265815355e-05, 7.00211749063e-05, 4.34360190411e-05, 0.000127583203721, 0.000103382764792],
        "mean": [0.00162895245012, 0.00159886281472, 0.00102229230106, 0.000419358140789, 0.000269959127763, 0.000113923531899, 7.77769746492e-05, 8.66074842634e-05, 0.000126566301333, 0.000131787441205, 0.000113277739729, 0.000114226735604, 6.12431977061e-05, 3.91862631659e-05, 3.04133391182e-05, 3.17157246172e-05, 2.2955595341e-05, 2.56818984781e-05, 2.84194957203e-05, 2.28175103985e-05, 2.50237990258e-05, 2.69047886832e-05, 2.67369487119e-05, 1.56576788868e-05, 2.07773955481e-05, 1.83893971553e-05, 1.32535515149e-05, 1.09186894406e-05, 8.92528714758e-06, 7.27466886019e-06, 5.34164064447e-06, 5.08930907017e-06, 7.23131824998e-06, 4.11331939176e-06, 2.4488492727e-06, 2.08946357816e-06, 2.20692618313e-06, 1.74771355432e-06, 1.13758494535e-06, 9.63015054367e-07],
        "median": [0.0010536427144, 0.00103949022014, 0.000527994707227, 0.000163016840816, 9.20413440326e-05, 2.61143777607e-05, 1.2244012396e-05, 1.8751814423e-05, 1.78212976607e-05, 1.12022071335e-05, 1.22698365885e-05, 1.04550108517e-05, 8.29435248306e-06, 5.38925314686e-06, 3.54962344318e-06, 3.9210885916e-06, 3.88420903619e-06, 4.6552877393e-06, 4.20700644099e-06, 4.21060394729e-06, 5.68619725527e-06, 9.3296630439e-06, 1.0231628039e-05, 7.80279424362e-06, 9.69511711446e-06, 7.59457043387e-06, 5.77488026465e-06, 4.47657066616e-06, 3.13187911161e-06, 1.76559194642e-06, 1.25550434404e-06, 1.0948298268e-06, 1.67532573414e-06, 1.07103119262e-06, 5.47375236692e-07, 4.9495292842e-07, 8.1324645862e-07, 5.85871077874e-07, 2.86843402364e-07, 2.49678578257e-07],
        "min": [5.79368715534e-24, 1.00842960968e-23, 7.18545630662e-24, 4.48622120242e-24, 7.6164078637e-24, 3.65449280674e-24, 5.94172005965e-24, 2.88107917855e-24, 5.95985360528e-24, 6.73251604067e-24, 6.53177736713e-24, 9.51261175424e-24, 1.13697118097e-23, 6.53383156093e-24, 2.65713103389e-24, 8.09887598219e-24, 1.13416181063e-23, 8.16974487933e-24, 6.64723307707e-24, 3.55780330888e-24, 4.28530700733e-24, 5.00911686458e-24, 1.30688322137e-23, 1.25000879557e-23, 8.64391339224e-24, 4.86013022744e-24, 8.87104064635e-24, 7.26791830363e-24, 7.77493656235e-24, 1.01398603035e-23, 8.36537843952e-24, 8.40444756472e-24, 1.25483796538e-23, 8.87560262897e-24, 9.16526525362e-24, 7.42839391099e-24, 7.26510049247e-24, 8.29375381364e-24, 1.01611745363e-23, 8.26174104924e-24],
        "var": [3.96229370381e-06, 4.22244465881e-06, 3.99927148464e-06, 6.15149929217e-07, 1.91976837982e-07, 5.17253049281e-08, 3.60485721274e-08, 4.28676507624e-08, 1.00034263539e-07, 1.34785338446e-07, 9.42724369679e-08, 9.26785688193e-08, 2.54274965528e-08, 1.93456788367e-08, 1.00541495129e-08, 1.82482136069e-08, 4.55063942084e-09, 4.12331813138e-09, 7.12974834727e-09, 4.22501722497e-09, 5.32261212882e-09, 3.08910230729e-09, 2.39141928482e-09, 8.74413319529e-10, 1.47951961793e-09, 9.58809143192e-10, 4.46907649776e-10, 3.65334568153e-10, 3.16834281033e-10, 2.32697708324e-10, 1.29981789221e-10, 1.1767661845e-10, 1.7549742215e-10, 4.8653473611e-11, 3.1437390885e-11, 2.4923332495e-11, 1.46665266737e-11, 9.56729227092e-12, 1.11359307192e-11, 8.87034716512e-12]
    },
    "mfcc": {
        "mean": [-678.806213379, 85.3917770386, 10.3919773102, 41.5735359192, 10.6131973267, 6.04519987106, 7.86332798004, 13.5331411362, 3.12467694283, 5.40328884125, -0.89135235548, -2.15490794182, -2.56658792496],
        "cov": [[12857.1455078, 485.930084229, -612.805664062, 40.6284294128, -217.227722168, 56.1154212952, 145.476089478, 160.860656738, 213.784347534, 123.87713623, -83.3846435547, -169.037841797, -96.640045166], [485.930084229, 1211.74133301, -128.227920532, 18.3804683685, -64.2802200317, -129.942138672, 145.364318848, 26.6373748779, -61.2217216492, 92.8259735107, -59.9489440918, -90.673828125, -37.7883262634], [-612.805664062, -128.227920532, 990.041992188, 275.559020996, 138.647369385, 160.635696411, -64.9682617188, 25.2276115417, -24.8174667358, -83.5537338257, 43.8194847107, 30.171037674, 28.1223125458], [40.6284294128, 18.3804683685, 275.559020996, 682.55078125, 322.101348877, 92.9120178223, 7.67943811417, 139.119888306, 77.3498001099, -47.6462898254, 51.1405334473, 90.3648223877, 2.46135044098], [-217.227722168, -64.2802200317, 138.647369385, 322.101348877, 352.320251465, 100.594093323, 29.7369365692, 97.3816833496, 56.7738647461, -28.2928161621, 54.5092124939, 53.8370933533, 22.179523468], [56.1154212952, -129.942138672, 160.635696411, 92.9120178223, 100.594093323, 378.928436279, 96.4803009033, 54.0883293152, 53.4765052795, -11.9574670792, 53.490032196, 9.88540554047, -19.9524650574], [145.476089478, 145.364318848, -64.9682617188, 7.67943811417, 29.7369365692, 96.4803009033, 273.929199219, 84.3558044434, 39.8370056152, 63.7674560547, 22.9830284119, -27.2465496063, 14.2147893906], [160.860656738, 26.6373748779, 25.2276115417, 139.119888306, 97.3816833496, 54.0883293152, 84.3558044434, 226.897521973, 98.2990341187, 19.1136341095, 37.7447052002, 10.7148189545, -3.89007925987], [213.784347534, -61.2217216492, -24.8174667358, 77.3498001099, 56.7738647461, 53.4765052795, 39.8370056152, 98.2990341187, 203.840591431, 61.7657623291, 25.1460647583, -10.6998767853, -15.6378908157], [123.87713623, 92.8259735107, -83.5537338257, -47.6462898254, -28.2928161621, -11.9574670792, 63.7674560547, 19.1136341095, 61.7657623291, 153.26423645, 26.9962615967, -34.0352592468, -9.76458454132], [-83.3846435547, -59.9489440918, 43.8194847107, 51.1405334473, 54.5092124939, 53.490032196, 22.9830284119, 37.7447052002, 25.1460647583, 26.9962615967, 143.3775177, 56.1188430786, -2.46326851845], [-169.037841797, -90.673828125, 30.171037674, 90.3648223877, 53.8370933533, 9.88540554047, -27.2465496063, 10.7148189545, -10.6998767853, -34.0352592468, 56.1188430786, 135.054351807, 41.7863807678], [-96.640045166, -37.7883262634, 28.1223125458, 2.46135044098, 22.179523468, -19.9524650574, 14.2147893906, -3.89007925987, -15.6378908157, -9.76458454132, -2.46326851845, 41.7863807678, 114.554977417]],
