{
"lowlevel": {
    "average_loudness": 0.592449486256,
    "barkbands_crest": {
        "dmean": 2.15764403343,
        "dmean2": 3.45069074631,
        "dvar": 5.35283184052,
        "dvar2": 13.744893074,
        "max": 26.5184192657,
        "mean": 10.5263166428,
        "median": 9.71301460266,
        "min": 2.90839457512,
        "var": 17.0498046875
    },
    "barkbands_flatness_db": {
        "dmean": 0.0227214116603,
        "dmean2": 0.0322846733034,
        "dvar": 0.000756979279686,
        "dvar2": 0.0014742197236,
        "max": 0.504530847073,
        "mean": 0.20143224299,
        "median": 0.191497713327,
        "min": 0.0207632295787,
        "var": 0.00575374858454
    },
    "barkbands_kurtosis": {
        "dmean": 4.35330677032,
        "dmean2": 6.68061256409,
        "dvar": 161.295028687,
        "dvar2": 387.098907471,
        "max": 394.491363525,
        "mean": 7.37342119217,
        "median": 3.08897209167,
        "min": -1.88507580757,
        "var": 277.197845459
    },
    "barkbands_skewness": {
        "dmean": 0.563063681126,
        "dmean2": 0.814650058746,
        "dvar": 0.640641272068,
        "dvar2": 1.31268930435,
        "max": 16.6650009155,
        "mean": 1.59536719322,
        "median": 1.41585087776,
        "min": -2.98344635963,
        "var": 2.60433316231
    },
    "barkbands_spread": {
        "dmean": 3.97394442558,
        "dmean2": 5.96487665176,
        "dvar": 43.7547340393,
        "dvar2": 91.5800704956,
        "max": 138.462844849,
        "mean": 15.2723903656,
        "median": 10.8386192322,
        "min": 0.474441558123,
        "var": 163.190765381
    },
    "dissonance": {
        "dmean": 0.0294024385512,
        "dmean2": 0.0491036474705,
        "dvar": 0.00080722552957,
        "dvar2": 0.00215485156514,
        "max": 0.5,
        "mean": 0.428713798523,
        "median": 0.438414752483,
        "min": 0.137824803591,
        "var": 0.00225674873218
    },
    "dynamic_complexity": 4.51040267944,
    "erbbands_crest": {
        "dmean": 2.4648976326,
        "dmean2": 3.81756210327,
        "dvar": 6.48874425888,
        "dvar2": 14.9513196945,
        "max": 32.2747879028,
        "mean": 10.9911546707,
        "median": 9.84518814087,
        "min": 2.55192518234,
        "var": 24.9962654114
    },
    "erbbands_flatness_db": {
        "dmean": 0.0201486404985,
        "dmean2": 0.0275055766106,
        "dvar": 0.00062000908656,
        "dvar2": 0.0011019911617,
        "max": 0.405157953501,
        "mean": 0.193607270718,
        "median": 0.192660599947,
        "min": 0.0302602611482,
        "var": 0.00314565864392
    },
    "erbbands_kurtosis": {
        "dmean": 1.38435006142,
        "dmean2": 2.11847805977,
        "dvar": 6.73799562454,
        "dvar2": 14.2560796738,
        "max": 148.523834229,
        "mean": 2.01664018631,
        "median": 0.818626761436,
        "min": -1.87113785744,
        "var": 22.2311458588
    },
    "erbbands_skewness": {
        "dmean": 0.379149585962,
        "dmean2": 0.564183354378,
        "dvar": 0.177940502763,
        "dvar2": 0.357175827026,
        "max": 7.80325222015,
        "mean": 0.592269182205,
        "median": 0.618730664253,
        "min": -5.5171957016,
        "var": 1.01510131359
    },
    "erbbands_spread": {
        "dmean": 7.03910303116,
        "dmean2": 10.7843942642,
        "dvar": 131.932891846,
        "dvar2": 297.933105469,
        "max": 181.267211914,
        "mean": 28.1170883179,
        "median": 24.1973075867,
        "min": 0.849424123764,
        "var": 354.751831055
    },
    "hfc": {
        "dmean": 3.46313452721,
        "dmean2": 4.57969045639,
        "dvar": 45.8197746277,
        "dvar2": 75.3235702515,
        "max": 162.327209473,
        "mean": 12.6532964706,
        "median": 4.29147338867,
        "min": 1.0527312589e-16,
        "var": 311.133789062
    },
    "melbands_crest": {
        "dmean": 2.33438706398,
        "dmean2": 3.70054388046,
        "dvar": 5.6624250412,
        "dvar2": 13.7435626984,
        "max": 32.8381538391,
        "mean": 13.6184301376,
        "median": 12.9940099716,
        "min": 1.30702185631,
        "var": 21.4837093353
    },
    "melbands_flatness_db": {
        "dmean": 0.0271740630269,
        "dmean2": 0.0377599038184,
        "dvar": 0.00118004484102,
        "dvar2": 0.00221791933291,
        "max": 0.650860011578,
        "mean": 0.288711905479,
        "median": 0.280278891325,
        "min": 0.00115037534852,
        "var": 0.011145522818
    },
    "melbands_kurtosis": {
        "dmean": 7.90989542007,
        "dmean2": 12.1289825439,
        "dvar": 431.734985352,
        "dvar2": 986.540039062,
        "max": 549.329467773,
        "mean": 14.6942310333,
        "median": 6.2744512558,
        "min": -1.83230531216,
        "var": 953.855041504
    },
    "melbands_skewness": {
        "dmean": 0.658963859081,
        "dmean2": 0.977297604084,
        "dvar": 0.860565364361,
        "dvar2": 1.81699109077,
        "max": 20.0243244171,
        "mean": 2.30176854134,
        "median": 1.97780704498,
        "min": -2.63390254974,
        "var": 3.33657741547
    },
    "melbands_spread": {
        "dmean": 4.63214159012,
        "dmean2": 6.72157049179,
        "dvar": 60.4323616028,
        "dvar2": 114.188659668,
        "max": 282.509674072,
        "mean": 19.2828159332,
        "median": 10.4231100082,
        "min": 0.444818764925,
        "var": 469.106018066
    },
    "pitch_salience": {
        "dmean": 0.0625794902444,
        "dmean2": 0.100395523012,
        "dvar": 0.0037085255608,
        "dvar2": 0.0093921078369,
        "max": 0.976848363876,
        "mean": 0.522895276546,
        "median": 0.524394392967,
        "min": 0.0576215200126,
        "var": 0.0124250343069
    },
    "silence_rate_20dB": {
        "dmean": 0,
        "dmean2": 0,
        "dvar": 0,
        "dvar2": 0,
        "max": 1,
        "mean": 1,
        "median": 1,
        "min": 1,
        "var": 0
    },
    "silence_rate_30dB": {
        "dmean": 0.00115362426732,
        "dmean2": 0.00230739638209,
        "dvar": 0.0011523416033,
        "dvar2": 0.00319921434857,
        "max": 1,
        "mean": 0.999295055866,
        "median": 1,
        "min": 0,
        "var": 0.000704499019776
    },
    "silence_rate_60dB": {
        "dmean": 0.0315323993564,
        "dmean2": 0.0630688369274,
        "dvar": 0.0305457748473,
        "dvar2": 0.0678054615855,
        "max": 1,
        "mean": 0.0940143540502,
        "median": 0,
        "min": 0,
        "var": 0.0851841270924
    },
    "spectral_centroid": {
        "dmean": 181.014923096,
        "dmean2": 261.878387451,
        "dvar": 91497.984375,
        "dvar2": 166306.515625,
        "max": 12050.4599609,
        "mean": 1083.22045898,
        "median": 685.870361328,
        "min": 131.437805176,
        "var": 1484399.375
    },
    "spectral_complexity": {
        "dmean": 1.73851180077,
        "dmean2": 2.6770927906,
        "dvar": 5.57246780396,
        "dvar2": 11.3509616852,
        "max": 50,
        "mean": 10.1485519409,
        "median": 9,
        "min": 0,
        "var": 32.7595901489
    },
    "spectral_decrease": {
        "dmean": 1.22584231654e-09,
        "dmean2": 1.87329374235e-09,
        "dvar": 6.53390668959e-18,
        "dvar2": 1.55185551467e-17,
        "max": 2.46529016902e-25,
        "mean": -4.20618073704e-09,
        "median": -2.89011703458e-09,
        "min": -4.49373409595e-08,
        "var": 1.61212505216e-17
    },
    "spectral_energy": {
        "dmean": 0.00488168280572,
        "dmean2": 0.00738995196298,
        "dvar": 9.87628736766e-05,
        "dvar2": 0.000231625657761,
        "max": 0.175585970283,
        "mean": 0.0170228537172,
        "median": 0.0113636469468,
        "min": 9.87540317951e-21,
        "var": 0.000266878021648
    },
    "spectral_energyband_high": {
        "dmean": 0.000108375024865,
        "dmean2": 0.000155183442985,
        "dvar": 7.07659069121e-08,
        "dvar2": 1.40716849728e-07,
        "max": 0.00776390498504,
        "mean": 0.000237127576838,
        "median": 3.71703317796e-05,
        "min": 7.03339154054e-21,
        "var": 2.47764546657e-07
    },
    "spectral_energyband_low": {
        "dmean": 0.00269276136532,
        "dmean2": 0.00439084647223,
        "dvar": 6.83237813064e-05,
        "dvar2": 0.000171570398379,
        "max": 0.129480540752,
        "mean": 0.00623587332666,
        "median": 0.00406273175031,
        "min": 1.23613667656e-23,
        "var": 7.80990812927e-05
    },
    "spectral_energyband_middle_high": {
        "dmean": 0.00130728853401,
        "dmean2": 0.0016996312188,
        "dvar": 8.85831195774e-06,
        "dvar2": 1.4289943465e-05,
        "max": 0.067194186151,
        "mean": 0.00434720702469,
        "median": 0.000556145096198,
        "min": 1.08794808897e-21,
        "var": 5.77960126975e-05
    },
    "spectral_energyband_middle_low": {
        "dmean": 0.00227956124581,
        "dmean2": 0.00352228293195,
        "dvar": 2.37056028709e-05,
        "dvar2": 5.60063999728e-05,
        "max": 0.161124631763,
        "mean": 0.00671652238816,
        "median": 0.0043624388054,
        "min": 1.57241473292e-22,
        "var": 6.46073021926e-05
    },
    "spectral_entropy": {
        "dmean": 0.223832845688,
        "dmean2": 0.322851955891,
        "dvar": 0.0736587420106,
        "dvar2": 0.148090898991,
        "max": 9.82463550568,
        "mean": 6.77911472321,
        "median": 6.77588415146,
        "min": 4.51891756058,
        "var": 0.440913200378
    },
    "spectral_flux": {
        "dmean": 0.0196707565337,
        "dmean2": 0.0305149592459,
        "dvar": 0.000745634257328,
        "dvar2": 0.00163262488786,
        "max": 0.368647426367,
        "mean": 0.0548137500882,
        "median": 0.0396587997675,
        "min": 6.39332198293e-11,
        "var": 0.00214257463813
    },
    "spectral_kurtosis": {
        "dmean": 4.70077085495,
        "dmean2": 7.50904560089,
        "dvar": 57.7578964233,
        "dvar2": 135.635116577,
        "max": 163.343902588,
        "mean": 12.7930488586,
        "median": 7.50135564804,
        "min": -1.25959956646,
        "var": 246.332336426
    },
    "spectral_rms": {
        "dmean": 0.000513630337082,
        "dmean2": 0.000750996929128,
        "dvar": 6.40461394141e-07,
        "dvar2": 1.33704838845e-06,
        "max": 0.0130882915109,
        "mean": 0.00366669800133,
        "median": 0.00332963722758,
        "min": 3.10395546071e-12,
        "var": 3.16293176184e-06
    },
    "spectral_rolloff": {
        "dmean": 261.139831543,
        "dmean2": 431.280487061,
        "dvar": 446044.90625,
        "dvar2": 957601.3125,
        "max": 19789.0136719,
        "mean": 1191.05664062,
        "median": 538.330078125,
        "min": 64.599609375,
        "var": 4402978
    },
    "spectral_skewness": {
        "dmean": 0.430482983589,
        "dmean2": 0.668716669083,
        "dvar": 0.286793678999,
        "dvar2": 0.642426848412,
        "max": 10.497502327,
        "mean": 2.44926905632,
        "median": 2.10958886147,
        "min": -0.0771369636059,
        "var": 1.72059512138
    },
    "spectral_spread": {
        "dmean": 697299.75,
        "dmean2": 999389.1875,
        "dvar": 1.67174930432e+12,
        "dvar2": 3.37476268851e+12,
        "max": 42307136,
        "mean": 4116637.5,
        "median": 3381873,
        "min": 632670.875,
        "var": 1.71470078607e+13
    },
    "spectral_strongpeak": {
        "dmean": 0.494855344296,
        "dmean2": 0.809831261635,
        "dvar": 1.17297279835,
        "dvar2": 2.57053852081,
        "max": 21.7284755707,
        "mean": 1.03068315983,
        "median": 0.235146716237,
        "min": 0,
        "var": 3.17339134216
    },
    "zerocrossingrate": {
        "dmean": 0.00761043420061,
        "dmean2": 0.00911939237267,
        "dvar": 0.000124719939777,
        "dvar2": 0.000171704232343,
        "max": 0.52490234375,
        "mean": 0.0431179180741,
        "median": 0.03173828125,
        "min": 0.00244140625,
        "var": 0.0030213415157
    },
    "barkbands": {
        "dmean": [4.42884593213e-05, 0.00217238883488, 0.000791457947344, 0.000526334450115, 0.000794846331701, 0.000513750943355, 0.000311939307721, 0.000597666134126, 0.000575943675358, 0.000186661796761, 0.000197237182874, 0.000268659496214, 0.000301134685287, 0.00032522570109, 0.000257777894149, 0.000128982137539, 0.000135819398565, 0.00022688395984, 0.000135062364279, 7.81911003287e-05, 2.18849909288e-05, 2.2845739295e-05, 1.10778637463e-05, 1.05995150079e-05, 1.38190107464e-05, 8.25800270832e-06, 2.58421891886e-06],
        "dmean2": [6.93022084306e-05, 0.00363876949996, 0.00135308189783, 0.00091169285588, 0.00134888058528, 0.00080402236199, 0.000468546844786, 0.000849799311254, 0.000820065033622, 0.000261282024439, 0.000272156408755, 0.000382432568586, 0.00042263357318, 0.000450641353382, 0.00036008990719, 0.000186011297046, 0.000189842598047, 0.000312758784276, 0.000192623570911, 0.000112455505587, 3.2661275327e-05, 3.32782656187e-05, 1.64338052855e-05, 1.60959480127e-05, 2.07834855246e-05, 1.29372801894e-05, 4.28157545684e-06],
        "dvar": [1.97474943064e-08, 4.94503001391e-05, 6.98378380548e-06, 1.39799533372e-06, 7.13998042556e-06, 1.37476513373e-06, 1.03257252704e-06, 5.4909642131e-06, 5.29721364728e-06, 7.28837505903e-07, 5.4528010196e-07, 1.42692067584e-06, 1.17021102142e-06, 1.63083859661e-06, 1.03311947441e-06, 2.22725105914e-07, 2.04294053674e-07, 6.39409449832e-07, 1.6587266316e-07, 4.7888647714e-08, 5.3869784189e-09, 4.37012825927e-09, 1.54915025252e-09, 3.15370485282e-09, 1.899068236e-09, 5.59476853734e-10, 1.1767831154e-10],
        "dvar2": [4.65078642264e-08, 0.000130409069243, 2.01958046091e-05, 4.01482884627e-06, 1.93729028979e-05, 3.43871943187e-06, 2.06370873457e-06, 1.01298128357e-05, 1.0710731658e-05, 1.32289153498e-06, 9.98358473225e-07, 2.72782995125e-06, 2.17772071665e-06, 2.89272247755e-06, 1.85315411727e-06, 4.34224830315e-07, 3.69191241134e-07, 1.17394813515e-06, 3.11344820147e-07, 9.32647097329e-08, 1.16990106491e-08, 8.9670573189e-09, 3.04354252911e-09, 6.53794263172e-09, 4.00809341272e-09, 1.26872889972e-09, 2.79358203237e-10],
        "max": [0.00275899725966, 0.0987021028996, 0.0704917907715, 0.0329482555389, 0.128842830658, 0.0484780743718, 0.0405215919018, 0.116749852896, 0.0783937200904, 0.0485832355917, 0.0285279899836, 0.0407149232924, 0.0456260889769, 0.0497075729072, 0.0432066172361, 0.0198995396495, 0.0186243075877, 0.0376477316022, 0.0181812997907, 0.00540449796245, 0.00225474289618, 0.00248847343028, 0.00246256985702, 0.00312938471325, 0.00156585336663, 0.000667452288326, 0.000529022712726],
        "mean": [8.93924516276e-05, 0.00399523880333, 0.00172676355578, 0.000848664203659, 0.0015051914379, 0.00117975322064, 0.000644566258416, 0.00123611814342, 0.00109405210242, 0.000415659043938, 0.000350148504367, 0.00054153916426, 0.000591746065766, 0.000638430181425, 0.000487517303554, 0.000261501554633, 0.000323801650666, 0.000486422795802, 0.000274815538432, 0.000175063367351, 3.83182668884e-05, 4.57532296423e-05, 2.10942762351e-05, 1.7317086531e-05, 2.20217971219e-05, 9.67632513493e-06, 2.26592646868e-06],
        "median": [2.72395991487e-05, 0.00253259669989, 0.000995624577627, 0.000431027292507, 0.000833700876683, 0.000566185219213, 0.000167589270859, 0.000226428513997, 0.000152875261847, 3.23806962115e-05, 3.7076024455e-05, 2.6110541512e-05, 3.11153853545e-05, 2.52536810876e-05, 1.64905013662e-05, 1.12436355266e-05, 1.76823268703e-05, 1.83088377526e-05, 1.62451979122e-05, 8.427658031e-06, 3.33138018505e-06, 4.09596987083e-06, 2.88211526822e-06, 2.45717978942e-06, 2.91054357149e-06, 1.1425397588e-06, 4.01978361708e-08],
        "min": [2.46073696249e-25, 1.90439108345e-24, 1.53709468496e-24, 6.55469998871e-25, 8.15096131232e-24, 3.40981536965e-24, 7.09392950895e-24, 6.09083922542e-24, 1.13402612655e-23, 9.569292988e-24, 7.88074410899e-24, 1.60142755396e-23, 3.07328849077e-23, 3.59543110632e-23, 4.01563869341e-23, 3.66560817244e-23, 4.60642167404e-23, 6.80468198291e-23, 1.20008854153e-22, 1.68158323722e-22, 2.28648493479e-22, 2.66808207198e-22, 3.52888052843e-22, 4.34860369175e-22, 8.14113592353e-22, 1.29720509398e-21, 1.93458097646e-21],
        "var": [2.85235177699e-08, 4.66590827273e-05, 6.79670620229e-06, 1.7160338075e-06, 7.55536621e-06, 3.60461035598e-06, 3.32724516738e-06, 1.59523551702e-05, 1.27673356474e-05, 3.6703004298e-06, 1.3117371509e-06, 4.09705717175e-06, 4.00215049012e-06, 4.81295865029e-06, 2.96524126497e-06, 7.02417764842e-07, 8.9741422471e-07, 1.97072017727e-06, 5.06004141698e-07, 1.8013463432e-07, 1.17113270193e-08, 1.62931765857e-08, 4.36297842299e-09, 6.91988732981e-09, 4.1100891579e-09, 7.55516926798e-10, 1.12576767353e-10]
    },
    "erbbands": {
        "dmean": [0.056284148246, 0.525250673294, 0.915609002113, 1.32619941235, 2.4571352005, 2.68854045868, 3.33838677406, 4.46119689941, 3.79281258583, 8.83184337616, 11.9747867584, 13.5153093338, 6.3066072464, 5.21880578995, 8.72977924347, 11.6369380951, 13.147228241, 15.2567672729, 14.7045869827, 8.2359828949, 5.77651023865, 6.8977856636, 9.87502574921, 9.16744709015, 5.52139854431, 3.5026922226, 1.27305305004, 0.911049902439, 0.821069478989, 0.577787816525, 0.277959793806, 0.217552423477, 0.187233582139, 0.161330148578, 0.0980708599091, 0.0431249141693, 0.0133225806057, 0.00338677153923, 0.000503444171045, 1.85075841728e-05],
        "dmean2": [0.0921040251851, 0.891320586205, 1.56409668922, 2.28217816353, 4.23655033112, 4.53376674652, 5.26216650009, 7.05532693863, 5.76661539078, 12.7244625092, 17.0593719482, 19.1463909149, 8.8071680069, 7.02735424042, 12.056142807, 15.995839119, 17.7869777679, 20.2244033813, 19.5040912628, 11.4295434952, 8.08178329468, 9.35694217682, 13.4306325912, 12.4768533707, 7.80851507187, 4.89861059189, 1.8469465971, 1.33926951885, 1.21599769592, 0.835535049438, 0.414304733276, 0.331762462854, 0.285728394985, 0.243373513222, 0.148984208703, 0.0675588846207, 0.0208632983267, 0.0053251911886, 0.000840655819047, 2.98346985801e-05],
        "dvar": [0.0311636347324, 3.04364275932, 10.0258712769, 11.532866478, 71.7062911987, 64.3873748779, 54.0273704529, 122.708114624, 102.292556763, 1034.94702148, 2461.65258789, 3246.74121094, 803.05291748, 512.84185791, 1268.02319336, 2367.07958984, 2425.40136719, 2834.5234375, 3884.70654297, 727.736572266, 486.098602295, 523.658874512, 1496.42626953, 827.967468262, 277.367858887, 99.9467315674, 16.4760627747, 8.71209049225, 5.41521978378, 3.57455563545, 1.11753797531, 1.66762673855, 0.802913665771, 0.297555476427, 0.0974856168032, 0.0159903559834, 0.00148586498108, 0.000119693802844, 5.07336289957e-06, 4.64505722775e-09],
        "dvar2": [0.0774325057864, 8.22974395752, 28.2081432343, 33.3136100769, 197.849349976, 177.73324585, 137.457885742, 308.145324707, 237.369445801, 1954.85461426, 4565.06298828, 6663.33789062, 1392.06652832, 927.260620117, 2441.40209961, 4386.41699219, 4489.69335938, 4746.72851562, 6423.28417969, 1261.96496582, 982.359436035, 918.326477051, 2699.43774414, 1457.74816895, 514.988769531, 188.078369141, 33.757976532, 19.0251579285, 11.5333156586, 7.01910018921, 2.23656463623, 3.64080071449, 1.65903651714, 0.623216331005, 0.21518163383, 0.036205213517, 0.00340010924265, 0.00027768992004, 1.20856984722e-05, 1.0986484611e-08],
        "max": [2.5640745163, 23.7984466553, 68.706817627, 93.7276229858, 425.318847656, 311.70223999, 301.771911621, 503.863586426, 342.070404053, 1584.90612793, 2651.56860352, 1897.89245605, 1599.83129883, 2045.06896973, 1566.54321289, 2006.68164062, 2507.37646484, 1630.52294922, 2795.03491211, 1310.00610352, 1371.9876709, 960.143859863, 2088.734375, 976.702819824, 973.640625, 407.784881592, 135.809127808, 79.7657165527, 95.4390411377, 83.4940261841, 65.1835632324, 72.5887832642, 46.2166748047, 22.5806484222, 10.9133195877, 4.64370393753, 0.988083839417, 0.354537129402, 0.117740683258, 0.00352244451642],
        "mean": [0.115649551153, 0.895097672939, 2.04036688805, 2.47119760513, 4.09979820251, 4.78550720215, 7.06817054749, 10.0621709824, 8.79707622528, 20.9199581146, 24.8009929657, 25.9534912109, 14.337023735, 11.5575962067, 17.2644615173, 25.1986064911, 28.9361343384, 34.0762062073, 30.0316410065, 18.051858902, 13.4551811218, 17.9862480164, 22.9368152618, 21.8823471069, 12.8685359955, 8.37793445587, 2.50879502296, 1.76518154144, 1.57626152039, 1.25072777271, 0.522513926029, 0.360589921474, 0.29681250453, 0.266305685043, 0.142425462604, 0.0524645671248, 0.0152412783355, 0.00361792370677, 0.000426831073128, 3.1820989534e-05],
        "median": [0.0720100849867, 0.566893696785, 1.2054412365, 1.43665885925, 2.26286935806, 2.31348133087, 3.57804870605, 4.2409029007, 2.98550319672, 4.23470211029, 5.27398014069, 4.43566989899, 2.19320416451, 1.33741915226, 2.30435848236, 1.97541165352, 2.14604854584, 2.01287841797, 1.4996663332, 0.822589278221, 0.813407242298, 0.98556625843, 1.15219187737, 0.939209461212, 0.734712481499, 0.420301049948, 0.200170665979, 0.137989386916, 0.141145527363, 0.120790161192, 0.0751306712627, 0.0487409420311, 0.0418018996716, 0.0374912135303, 0.0156500339508, 0.00633948296309, 0.00159755535424, 0.000238979118876, 1.61880088854e-05, 1.56264904945e-05],
        "min": [5.47967838989e-23, 6.05536345632e-22, 3.81281390876e-21, 5.21517383324e-21, 4.56598447471e-21, 2.7864936027e-20, 4.74734366245e-20, 3.20190209074e-20, 1.07343990648e-19, 1.81673613312e-19, 2.0062964612e-19, 3.27877411764e-19, 5.28233351575e-19, 5.87180568471e-19, 9.35789737174e-19, 1.15497305736e-18, 1.48984337647e-18, 1.85693961828e-18, 2.60790029367e-18, 2.57357312543e-18, 2.64641857928e-18, 2.96272293294e-18, 4.03866384586e-18, 4.7880353005e-18, 7.51013242723e-18, 7.80503803203e-18, 9.49788052642e-18, 8.170318509e-18, 1.02097290005e-17, 1.03943441327e-17, 9.99342375188e-18, 8.78490791386e-18, 8.8843474312e-18, 8.35019058756e-18, 5.58584810617e-18, 4.03989675856e-18, 2.16984281206e-18, 8.77738925568e-19, 2.40363822606e-19, 2.58418170386e-20],
        "var": [0.0378742851317, 2.53257846832, 9.45330142975, 12.9813861847, 67.9617462158, 76.6521224976, 127.189300537, 326.513061523, 338.917907715, 4377.06347656, 6489.46582031, 7500.45166016, 4117.28125, 2423.86987305, 3474.46289062, 7117.80712891, 8534.19042969, 11112.7607422, 12072.6904297, 2568.69750977, 1584.39880371, 2667.21704102, 4838.72705078, 3148.24438477, 967.656799316, 421.354217529, 42.4260101318, 23.7895393372, 17.4203205109, 15.6609783173, 2.87733960152, 3.61818432808, 1.61168837547, 0.656262159348, 0.18628166616, 0.0233041085303, 0.00190453545656, 0.000135351554491, 4.73855743621e-06, 4.68928185171e-09]
    },
    "gfcc": {
        "mean": [-92.7260055542, 128.243865967, -94.581993103, 24.938583374, -42.4893074036, 5.83952760696, -31.3704452515, 12.3528337479, -20.0692768097, 5.4463801384, -7.95740938187, -1.46336877346, -13.8349351883],
        "cov": [[22742.0546875, -1440.19128418, -3589.0690918, 958.459899902, -655.809143066, 451.697021484, -670.727661133, 410.49697876, -652.777770996, 303.070404053, -227.562301636, 59.3365516663, -365.463897705], [-1440.19128418, 2515.30957031, 360.382171631, -369.582702637, 227.285873413, -329.157836914, 167.891067505, -151.252182007, 200.791168213, -179.609680176, 103.925697327, -156.107635498, 60.7066345215], [-3589.0690918, 360.382171631, 1987.80786133, -175.251235962, -40.6200904846, 92.6669998169, 67.5909576416, -44.5620040894, 116.251701355, -62.3636817932, -93.6842346191, 22.689535141, -2.37911272049], [958.459899902, -369.582702637, -175.251235962, 528.026916504, -1.47664308548, 32.2425117493, -68.6842803955, 46.069316864, 3.1200799942, -4.32877731323, -24.8548679352, 2.20782160759, 42.5265769958], [-655.809143066, 227.285873413, -40.6200904846, -1.47664308548, 361.150268555, -45.7861061096, 36.50390625, -18.8517913818, 36.7109451294, -8.11901092529, 8.26996421814, -18.0013141632, 24.600561142], [451.697021484, -329.157836914, 92.6669998169, 32.2425117493, -45.7861061096, 298.942230225, 16.0714454651, -3.53916788101, -45.2477455139, 32.0254402161, -16.4513664246, 13.9866046906, -32.4866104126], [-670.727661133, 167.891067505, 67.5909576416, -68.6842803955, 36.50390625, 16.0714454651, 234.804946899, -16.684015274, -5.53987216949, -19.2808647156, 23.4143104553, 0.919774055481, -20.8634033203], [410.49697876, -151.252182007, -44.5620040894, 46.069316864, -18.8517913818, -3.53916788101, -16.684015274, 173.40864563, 12.2934513092, -0.119828402996, -19.3778457642, -6.75205278397, -3.36534976959], [-652.777770996, 200.791168213, 116.251701355, 3.1200799942, 36.7109451294, -45.2477455139, -5.53987216949, 12.2934513092, 158.914825439, -2.13466739655, -18.7361373901, -28.5695819855, 28.1434574127], [303.070404053, -179.609680176, -62.3636817932, -4.32877731323, -8.11901092529, 32.0254402161, -19.2808647156, -0.119828402996, -2.13466739655, 125.004203796, 11.9300518036, 5.4941368103, -24.5771389008], [-227.562301636, 103.925697327, -93.6842346191, -24.8548679352, 8.26996421814, -16.4513664246, 23.4143104553, -19.3778457642, -18.7361373901, 11.9300518036, 121.896102905, 14.8381147385, -2.59456992149], [59.3365516663, -156.107635498, 22.689535141, 2.20782160759, -18.0013141632, 13.9866046906, 0.919774055481, -6.75205278397, -28.5695819855, 5.4941368103, 14.8381147385, 115.089630127, 11.4707918167], [-365.463897705, 60.7066345215, -2.37911272049, 42.5265769958, 24.600561142, -32.4866104126, -20.8634033203, -3.36534976959, 28.1434574127, -24.5771389008, -2.59456992149, 11.4707918167, 107.657096863]],
        "icov": [[0.000144533492858, -0.00021174759604, 0.000270629680017, -0.00024483690504, 0.000215870895772, -0.000287412520265, 0.000348116445821, -0.000313524767989, 0.000490174279548, -0.000325281958794, 0.00059848849196, -0.000351041438989, 0.000483778654598], [-0.00021174759604, 0.00116087670904, -0.000501347705722, 0.000779732130468, -0.000554334721528, 0.00101068569347, -0.000805790943559, 0.00101623707451, -0.00142754777335, 0.00143597763963, -0.00168321165256, 0.00150652276352, -0.000885328045115], [0.000270629680017, -0.000501347705722, 0.00113239232451, -0.00029969913885, 0.000526986434124, -0.000878927181475, 0.000569620227907, -0.000480653106933, 0.000426419195719, -0.000380214449251, 0.00165626720991, -0.00107079034206, 0.00101027730852], [-0.00024483690504, 0.000779732130468, -0.00029969913885, 0.00280171702616, -0.000521932786796, 0.000342473300407, -0.000251942110481, 0.000341550650774, -0.00126230285969, 0.0011960931588, -0.00106969149783, 0.00102807930671, -0.0017319979379], [0.000215870895772, -0.000554334721528, 0.000526986434124, -0.000521932786796, 0.0033984251786, -0.000287164730253, 3.61869570042e-05, -0.000276277045486, 0.000369710673112, -0.00081330514513, 0.00104678422213, -0.000430130254244, 0.000187111407286], [-0.000287412520265, 0.00101068569347, -0.000878927181475, 0.000342473300407, -0.000287164730253, 0.00493696983904, -0.0013230672339, 0.00112586794421, -0.000324313616147, 0.00020658026915, -0.00111056596506, 0.00120917405002, -0.000389770837501], [0.000348116445821, -0.000805790943559, 0.000569620227907, -0.000251942110481, 3.61869570042e-05, -0.0013230672339, 0.00577800907195, -0.000804235984106, 0.00137721886858, -4.79370610265e-05, 0.000723594857845, -0.00127700332087, 0.0022178592626], [-0.000313524767989, 0.00101623707451, -0.000480653106933, 0.000341550650774, -0.000276277045486, 0.00112586794421, -0.000804235984106, 0.00718959327787, -0.00215145829134, 0.0014407831477, -0.000944921222981, 0.00145499687642, -0.000597601640038], [0.000490174279548, -0.00142754777335, 0.000426419195719, -0.00126230285969, 0.000369710673112, -0.000324313616147, 0.00137721886858, -0.00215145829134, 0.0102679766715, -0.00295639038086, 0.00338963000104, -7.73028205003e-06, -0.000282303895801], [-0.000325281958794, 0.00143597763963, -0.000380214449251, 0.0011960931588, -0.00081330514513, 0.00020658026915, -4.79370610265e-05, 0.0014407831477, -0.00295639038086, 0.0109870005399, -0.0032086961437, 0.00115876062773, 0.000969373679254], [0.00059848849196, -0.00168321165256, 0.00165626720991, -0.00106969149783, 0.00104678422213, -0.00111056596506, 0.000723594857845, -0.000944921222981, 0.00338963000104, -0.0032086961437, 0.0126043464988, -0.00349332508631, 0.00203370768577], [-0.000351041438989, 0.00150652276352, -0.00107079034206, 0.00102807930671, -0.000430130254244, 0.00120917405002, -0.00127700332087, 0.00145499687642, -7.73028205003e-06, 0.00115876062773, -0.00349332508631, 0.011705561541, -0.00327464635484], [0.000483778654598, -0.000885328045115, 0.00101027730852, -0.0017319979379, 0.000187111407286, -0.000389770837501, 0.0022178592626, -0.000597601640038, -0.000282303895801, 0.000969373679254, 0.00203370768577, -0.00327464635484, 0.0130805382505]]
    },
    "melbands": {
        "dmean": [0.000565348600503, 0.000533751794137, 0.000252073834417, 0.000183740383363, 0.000115118687972, 9.87014864222e-05, 5.8887690102e-05, 0.000105271079519, 0.000104733269836, 8.01752394182e-05, 2.99049752357e-05, 2.06623317354e-05, 2.70661930699e-05, 2.89338058792e-05, 3.52495262632e-05, 2.61798559222e-05, 3.19026694342e-05, 2.59856806224e-05, 1.54490462592e-05, 1.11351182568e-05, 6.80736638969e-06, 7.37410709917e-06, 1.00303068393e-05, 1.04619557533e-05, 8.00814086688e-06, 4.41499878434e-06, 3.50561185769e-06, 2.3907666673e-06, 1.13698786208e-06, 4.76460144228e-07, 5.67798622342e-07, 5.28298414793e-07, 4.40101587174e-07, 2.94741369089e-07, 1.75631100774e-07, 1.4212646704e-07, 1.34256467277e-07, 1.30201939896e-07, 1.44972148064e-07, 1.42505896861e-07],
        "dmean2": [0.00094114721287, 0.000898047932424, 0.000433748384239, 0.000317657075357, 0.000182966075954, 0.00015526394418, 8.93215692486e-05, 0.000152345484821, 0.000150204752572, 0.000113833484647, 4.1899515054e-05, 2.80840795313e-05, 3.73286493414e-05, 4.08375526604e-05, 4.86360404466e-05, 3.56092677976e-05, 4.23882629548e-05, 3.46264860127e-05, 2.13577350223e-05, 1.53094460984e-05, 9.66399966273e-06, 1.01460973383e-05, 1.38554069053e-05, 1.44136001836e-05, 1.10047585622e-05, 6.28268571745e-06, 4.96557186125e-06, 3.40520409736e-06, 1.66412917224e-06, 7.16285967428e-07, 8.40474626784e-07, 7.98417488568e-07, 6.39622953713e-07, 4.32484455359e-07, 2.64763485802e-07, 2.20488743707e-07, 2.06455780472e-07, 2.01815197443e-07, 2.22749861223e-07, 2.16823409005e-07],
        "dvar": [3.24577422361e-06, 3.19675677929e-06, 3.93229896645e-07, 4.86552835355e-07, 5.11340445541e-08, 5.41390825504e-08, 2.60232706495e-08, 1.52424803446e-07, 1.81292577395e-07, 1.12377435357e-07, 1.99074232654e-08, 9.1803569191e-09, 1.07951168005e-08, 1.75673591229e-08, 1.56457780065e-08, 1.00164916361e-08, 1.3827814449e-08, 1.36664253247e-08, 3.0544617946e-09, 1.59702651104e-09, 7.51773976404e-10, 6.20008933083e-10, 1.6687572435e-09, 1.91592497423e-09, 6.54142240375e-10, 1.98737887258e-10, 1.00069993958e-10, 5.25686369435e-11, 1.4586144792e-11, 3.45698187958e-12, 3.03006144481e-12, 2.46820012345e-12, 2.28028143243e-12, 9.664510945e-13, 4.19179529412e-13, 5.05875452205e-13, 6.62450183684e-13, 4.07619223748e-13, 4.47261639617e-13, 2.30910830821e-13],
        "dvar2": [8.44612623041e-06, 8.59410192788e-06, 1.12589646051e-06, 1.33431001359e-06, 1.29983249053e-07, 1.34294793952e-07, 5.8232718203e-08, 2.90212426535e-07, 3.57072480028e-07, 2.312577152e-07, 3.47919559829e-08, 1.71074958644e-08, 2.02859542497e-08, 3.50045148423e-08, 2.82253243e-08, 1.89693327712e-08, 2.34918484665e-08, 2.30283720981e-08, 5.25573984334e-09, 2.86113466252e-09, 1.55957080583e-09, 1.1260888888e-09, 2.97306135266e-09, 3.54278184567e-09, 1.16753129387e-09, 3.66759789205e-10, 1.971502267e-10, 1.03353971215e-10, 3.07508775388e-11, 7.44737778391e-12, 6.46379087407e-12, 5.55280084066e-12, 4.55464225363e-12, 1.88310998739e-12, 8.58158867318e-13, 1.15258377929e-12, 1.42420688957e-12, 8.65033847504e-13, 9.58302881493e-13, 5.01354166516e-13],
        "max": [0.0264180283993, 0.0311690345407, 0.0150742968544, 0.0341973640025, 0.0077844071202, 0.00982482172549, 0.0053122844547, 0.0179019551724, 0.0205583851784, 0.010281750001, 0.00797351822257, 0.0087373284623, 0.00399727979675, 0.00419902987778, 0.00402162410319, 0.00408445298672, 0.00369355990551, 0.00489334017038, 0.00199484522454, 0.00150232517626, 0.00166389136575, 0.000847799004987, 0.0013909174595, 0.00297914654948, 0.000976856215857, 0.00088920770213, 0.000320507388096, 0.000267252209596, 0.000105104052636, 7.43728451198e-05, 5.50685072085e-05, 6.84567858116e-05, 8.05547460914e-05, 5.4669657402e-05, 4.03745398216e-05, 3.98725242121e-05, 4.79554728372e-05, 3.09944298351e-05, 4.5766490075e-05, 2.43858958129e-05],
        "mean": [0.00107465870678, 0.00112834316678, 0.000487471435918, 0.000323245854815, 0.000245448522037, 0.00022532181174, 0.000132524073706, 0.00024407854653, 0.000216135347728, 0.000150213119923, 6.60181394778e-05, 4.39373143308e-05, 5.03772243974e-05, 5.99297854933e-05, 7.60041730246e-05, 5.03484225192e-05, 6.64332692395e-05, 4.80758535559e-05, 2.93372831948e-05, 2.238500565e-05, 1.3895201846e-05, 1.72668496816e-05, 2.18407694774e-05, 2.16704283957e-05, 1.74852957571e-05, 9.4708366305e-06, 7.52750338506e-06, 5.2279879128e-06, 1.97014014702e-06, 7.76405443048e-07, 1.07513039893e-06, 9.0546740239e-07, 8.75705097769e-07, 6.0247748479e-07, 3.05283350599e-07, 2.30698120163e-07, 2.09414636743e-07, 1.97074513153e-07, 2.17224780386e-07, 2.31982767218e-07],
        "median": [0.000685242121108, 0.000699915224686, 0.000294393568765, 0.000177105044713, 0.000133191671921, 9.90702974377e-05, 4.16907168983e-05, 4.46585545433e-05, 3.90214772779e-05, 2.38271568378e-05, 6.87232659402e-06, 3.30922512148e-06, 5.58913279747e-06, 4.15828890254e-06, 4.09482390751e-06, 3.13646410177e-06, 2.5599779292e-06, 2.08983692573e-06, 1.12662439733e-06, 8.8343307425e-07, 8.17170644041e-07, 8.80629613675e-07, 1.05288972918e-06, 8.0774611888e-07, 6.84929204908e-07, 5.6390933878e-07, 3.63095750799e-07, 2.28432256222e-07, 1.18266115123e-07, 6.5949812722e-08, 6.83296264015e-08, 7.62104548357e-08, 6.8489697469e-08, 6.0657939116e-08, 4.46348877858e-08, 2.44834819085e-08, 2.6925789598e-08, 2.43983784287e-08, 3.07099412566e-08, 2.87579950964e-08],
        "min": [6.91918922566e-25, 1.81346224235e-24, 1.96234258048e-24, 7.80225639322e-25, 1.7786058316e-24, 7.07735928842e-25, 1.7088125463e-24, 1.25689257333e-24, 1.6636194939e-24, 1.59822686917e-24, 2.19422942686e-24, 2.05489292517e-24, 1.70216915419e-24, 2.66849556131e-24, 2.7326571686e-24, 3.01041903764e-24, 3.09030106505e-24, 2.53310849174e-24, 2.7271964762e-24, 1.81570477668e-24, 3.34349583334e-24, 2.10795802055e-24, 3.94873713553e-24, 2.4616942945e-24, 3.54374028553e-24, 4.48815154505e-24, 4.90230785903e-24, 4.4700889969e-24, 4.2730019605e-24, 4.11491423509e-24, 4.96784484531e-24, 4.20646548745e-24, 4.77726433365e-24, 5.49850605423e-24, 4.83679177756e-24, 5.84335028806e-24, 5.36548990611e-24, 5.80840217223e-24, 6.2059289039e-24, 6.71588527506e-24],
        "var": [3.31902151629e-06, 2.90616253551e-06, 4.62702928417e-07, 4.52875582369e-07, 1.27758070789e-07, 1.47752516e-07, 8.57233857232e-08, 6.20033802079e-07, 4.95101687648e-07, 2.49697762911e-07, 1.00719731222e-07, 4.43836718489e-08, 2.81912431177e-08, 5.00656724967e-08, 5.66105811117e-08, 3.08675431882e-08, 5.03500494631e-08, 3.83569975781e-08, 9.67378799288e-09, 5.22619236776e-09, 2.08579642447e-09, 2.65650634823e-09, 5.77076564312e-09, 4.77983785885e-09, 2.2782487008e-09, 6.51361575787e-10, 3.24618609771e-10, 1.9235922577e-10, 3.47460810124e-11, 7.68634288162e-12, 9.1372413108e-12, 6.25429352405e-12, 9.54664559211e-12, 3.64450180104e-12, 9.55836646811e-13, 1.12640625993e-12, 1.40220875276e-12, 7.90201779878e-13, 7.49442500246e-13, 5.07815089892e-13]
    },
    "mfcc": {
        "mean": [-739.108032227, 158.650253296, 11.505364418, 28.8990879059, 12.001168251, -0.186140924692, 4.28292226791, 3.31050610542, -4.23077201843, 3.18967628479, 10.8908147812, -0.0750295072794, 1.76092791557],
        "cov": [[12093.59375, -1986.75805664, -2541.72753906, 491.85723877, -74.7657394409, 10.5710687637, 90.1284713745, -17.2086105347, -169.024795532, 47.2772827148, 149.727844238, -253.267471313, 210.699447632], [-1986.75805664, 2469.9921875, 495.025421143, -95.8231430054, 45.0935325623, -59.5290145874, -6.8689904213, 12.1767911911, 16.7227249146, -4.45609521866, 27.1239414215, 110.052246094, -80.4822692871], [-2541.72753906, 495.025421143, 1595.17248535, -126.849868774, 35.9733352661, 95.6167755127, -32.2501411438, 44.5472717285, 129.1199646, -41.3192138672, -53.626083374, 119.369491577, -74.4927902222], [491.85723877, -95.8231430054, -126.849868774, 383.262329102, 79.0066757202, -39.616268158, -20.3085346222, 12.381685257, 38.0199890137, -0.707331478596, -34.5418167114, 8.03503799438, 22.5458583832], [-74.7657394409, 45.0935325623, 35.9733352661, 79.0066757202, 285.309936523, -10.2085113525, -41.9710502625, -4.10486364365, 50.0045089722, 13.6379728317, -19.1567726135, -8.32751560211, -2.69737148285], [10.5710687637, -59.5290145874, 95.6167755127, -39.616268158, -10.2085113525, 239.86239624, 55.3685112, -0.89123570919, -0.842949867249, -8.42990207672, 15.8640813828, -3.11956357956, -22.1659412384], [90.1284713745, -6.8689904213, -32.2501411438, -20.3085346222, -41.9710502625, 55.3685112, 188.472991943, 39.3047142029, -47.0462989807, 7.87318658829, 25.5424842834, -19.2082080841, 3.10775494576], [-17.2086105347, 12.1767911911, 44.5472717285, 12.381685257, -4.10486364365, -0.89123570919, 39.3047142029, 132.495178223, 27.5587215424, -17.0460510254, -2.1505188942, 4.43895292282, 4.37479686737], [-169.024795532, 16.7227249146, 129.1199646, 38.0199890137, 50.0045089722, -0.842949867249, -47.0462989807, 27.5587215424, 163.678833008, 16.3224658966, -30.6174659729, 13.6847515106, -9.21424388885], [47.2772827148, -4.45609521866, -41.3192138672, -0.707331478596, 13.6379728317, -8.42990207672, 7.87318658829, -17.0460510254, 16.3224658966, 125.894218445, 37.9856567383, -21.2004756927, -9.88746261597], [149.727844238, 27.1239414215, -53.626083374, -34.5418167114, -19.1567726135, 15.8640813828, 25.5424842834, -2.1505188942, -30.6174659729, 37.9856567383, 125.530799866, 5.64265537262, -10.7424526215], [-253.267471313, 110.052246094, 119.369491577, 8.03503799438, -8.32751560211, -3.11956357956, -19.2082080841, 4.43895292282, 13.6847515106, -21.2004756927, 5.64265537262, 117.331214905, 14.6380319595], [210.699447632, -80.4822692871, -74.4927902222, 22.5458583832, -2.69737148285, -22.1659412384, 3.10775494576, 4.37479686737, -9.21424388885, -9.88746261597, -10.7424526215, 14.6380319595, 112.066268921]],
