{
"lowlevel": {
    "average_loudness": 0.274303644896,
    "barkbands_crest": {
        "dmean": 2.83987736702,
        "dmean2": 4.63483953476,
        "dvar": 7.92311143875,
        "dvar2": 20.2463874817,
        "max": 26.1428222656,
        "mean": 11.3632526398,
        "median": 10.47219944,
        "min": 2.53564596176,
        "var": 19.938249588
    },
    "barkbands_flatness_db": {
        "dmean": 0.0276582539082,
        "dmean2": 0.0405773892999,
        "dvar": 0.000940496218391,
        "dvar2": 0.00188345077913,
        "max": 0.588003337383,
        "mean": 0.17248184979,
        "median": 0.160262286663,
        "min": 0.0296657625586,
        "var": 0.00543344160542
    },
    "barkbands_kurtosis": {
        "dmean": 5.72981739044,
        "dmean2": 9.23757076263,
        "dvar": 153.590286255,
        "dvar2": 389.708099365,
        "max": 273.217224121,
        "mean": 9.64249038696,
        "median": 4.94647359848,
        "min": -1.94714856148,
        "var": 216.143310547
    },
    "barkbands_skewness": {
        "dmean": 0.703101873398,
        "dmean2": 1.09286773205,
        "dvar": 0.821826756001,
        "dvar2": 1.94098567963,
        "max": 13.9022045135,
        "mean": 1.97850263119,
        "median": 1.86627829075,
        "min": -4.56313800812,
        "var": 2.49375581741
    },
    "barkbands_spread": {
        "dmean": 7.09097194672,
        "dmean2": 11.2409362793,
        "dvar": 140.556182861,
        "dvar2": 324.634277344,
        "max": 115.000579834,
        "mean": 18.1718196869,
        "median": 13.4147901535,
        "min": 0.616259038448,
        "var": 282.79788208
    },
    "dissonance": {
        "dmean": 0.0286977812648,
        "dmean2": 0.0473105944693,
        "dvar": 0.0008646469214,
        "dvar2": 0.00223495601676,
        "max": 0.499999910593,
        "mean": 0.436218231916,
        "median": 0.450444638729,
        "min": 0.0700438693166,
        "var": 0.00255706929602
    },
    "dynamic_complexity": 5.84537601471,
    "erbbands_crest": {
        "dmean": 2.9806804657,
        "dmean2": 4.72175264359,
        "dvar": 8.49137210846,
        "dvar2": 19.4923934937,
        "max": 33.2203865051,
        "mean": 11.0463266373,
        "median": 9.57238864899,
        "min": 2.2828938961,
        "var": 34.81224823
    },
    "erbbands_flatness_db": {
        "dmean": 0.0208973698318,
        "dmean2": 0.029527278617,
        "dvar": 0.000504545343574,
        "dvar2": 0.000865977723151,
        "max": 0.479889005423,
        "mean": 0.164343878627,
        "median": 0.155050963163,
        "min": 0.0428661815822,
        "var": 0.00334718637168
    },
    "erbbands_kurtosis": {
        "dmean": 2.03284454346,
        "dmean2": 3.11529994011,
        "dvar": 12.6904201508,
        "dvar2": 28.5480670929,
        "max": 93.493637085,
        "mean": 2.94273042679,
        "median": 0.749362945557,
        "min": -1.81632208824,
        "var": 39.7637062073
    },
    "erbbands_skewness": {
        "dmean": 0.500826597214,
        "dmean2": 0.762139439583,
        "dvar": 0.318126767874,
        "dvar2": 0.70164501667,
        "max": 8.01663780212,
        "mean": 0.965633690357,
        "median": 0.844823658466,
        "min": -5.36345291138,
        "var": 1.30151879787
    },
    "erbbands_spread": {
        "dmean": 11.3298492432,
        "dmean2": 17.0665626526,
        "dvar": 214.670928955,
        "dvar2": 448.584625244,
        "max": 208.836868286,
        "mean": 42.8435134888,
        "median": 37.6936225891,
        "min": 1.38330054283,
        "var": 817.966369629
    },
    "hfc": {
        "dmean": 8.04277992249,
        "dmean2": 12.3041982651,
        "dvar": 494.322753906,
        "dvar2": 1271.42651367,
        "max": 273.623565674,
        "mean": 15.5129375458,
        "median": 4.61521577835,
        "min": 1.02687981335e-16,
        "var": 745.553710938
    },
    "melbands_crest": {
        "dmean": 3.01592230797,
        "dmean2": 4.93219470978,
        "dvar": 8.14716053009,
        "dvar2": 20.4939422607,
        "max": 34.5630912781,
        "mean": 14.3994245529,
        "median": 13.7187604904,
        "min": 1.65627002716,
        "var": 23.4976158142
    },
    "melbands_flatness_db": {
        "dmean": 0.032014619559,
        "dmean2": 0.0468924976885,
        "dvar": 0.00150542450137,
        "dvar2": 0.00306584965438,
        "max": 0.716099917889,
        "mean": 0.239363387227,
        "median": 0.222924470901,
        "min": 0.00254257861525,
        "var": 0.00899693369865
    },
    "melbands_kurtosis": {
        "dmean": 12.3560218811,
        "dmean2": 19.7988834381,
        "dvar": 629.204467773,
        "dvar2": 1498.46276855,
        "max": 396.792907715,
        "mean": 24.1056919098,
        "median": 13.9697647095,
        "min": -1.9390707016,
        "var": 1057.26477051
    },
    "melbands_skewness": {
        "dmean": 0.899474203587,
        "dmean2": 1.36765921116,
        "dvar": 1.23383653164,
        "dvar2": 2.73143959045,
        "max": 17.4456577301,
        "mean": 3.04521989822,
        "median": 2.84247088432,
        "min": -2.72129654884,
        "var": 4.96356678009
    },
    "melbands_spread": {
        "dmean": 6.95312929153,
        "dmean2": 10.9888105392,
        "dvar": 186.319213867,
        "dvar2": 414.508880615,
        "max": 269.054046631,
        "mean": 18.5004367828,
        "median": 12.9260454178,
        "min": 0.572494506836,
        "var": 527.162475586
    },
    "pitch_salience": {
        "dmean": 0.070151373744,
        "dmean2": 0.112371943891,
        "dvar": 0.00486933160573,
        "dvar2": 0.0115987444296,
        "max": 0.967283427715,
        "mean": 0.556398510933,
        "median": 0.572380304337,
        "min": 0.108570560813,
        "var": 0.0149232391268
    },
    "silence_rate_20dB": {
        "dmean": 0,
        "dmean2": 0,
        "dvar": 0,
        "dvar2": 0,
        "max": 1,
        "mean": 1,
        "median": 1,
        "min": 1,
        "var": 0
    },
    "silence_rate_30dB": {
        "dmean": 0.00379722798243,
        "dmean2": 0.0075951772742,
        "dvar": 0.00378292356618,
        "dvar2": 0.0088668698445,
        "max": 1,
        "mean": 0.995158970356,
        "median": 1,
        "min": 0,
        "var": 0.00481742015108
    },
    "silence_rate_60dB": {
        "dmean": 0.0655021816492,
        "dmean2": 0.131016805768,
        "dvar": 0.061210308224,
        "dvar2": 0.133417770267,
        "max": 1,
        "mean": 0.191551968455,
        "median": 0,
        "min": 0,
        "var": 0.154869422317
    },
    "spectral_centroid": {
        "dmean": 268.648925781,
        "dmean2": 421.227203369,
        "dvar": 175840.9375,
        "dvar2": 398348.875,
        "max": 11889.9345703,
        "mean": 1063.24133301,
        "median": 897.584899902,
        "min": 144.228439331,
        "var": 1102234.25
    },
    "spectral_complexity": {
        "dmean": 2.31137275696,
        "dmean2": 3.72771286964,
        "dvar": 17.2869815826,
        "dvar2": 41.8663368225,
        "max": 48,
        "mean": 8.96535396576,
        "median": 7,
        "min": 0,
        "var": 44.1761703491
    },
    "spectral_decrease": {
        "dmean": 1.64615643339e-09,
        "dmean2": 2.43436293346e-09,
        "dvar": 9.03364360559e-18,
        "dvar2": 1.93505851397e-17,
        "max": 1.79776243622e-28,
        "mean": -4.04129885112e-09,
        "median": -1.81184667269e-09,
        "min": -5.23431857857e-08,
        "var": 2.69044514331e-17
    },
    "spectral_energy": {
        "dmean": 0.00682204589248,
        "dmean2": 0.0100840898231,
        "dvar": 0.000154835186549,
        "dvar2": 0.000334941229085,
        "max": 0.215966373682,
        "mean": 0.0166597999632,
        "median": 0.00742124579847,
        "min": 9.97502270557e-21,
        "var": 0.000461090996396
    },
    "spectral_energyband_high": {
        "dmean": 0.000619815429673,
        "dmean2": 0.00101496581919,
        "dvar": 5.07378490511e-06,
        "dvar2": 1.34441843329e-05,
        "max": 0.0245841685683,
        "mean": 0.000736231566407,
        "median": 0.000155548521434,
        "min": 6.98921492595e-21,
        "var": 4.54155497209e-06
    },
    "spectral_energyband_low": {
        "dmean": 0.00261002359912,
        "dmean2": 0.00426181778312,
        "dvar": 6.82729441905e-05,
        "dvar2": 0.000158681243192,
        "max": 0.0828612744808,
        "mean": 0.00356997945346,
        "median": 0.00183554121759,
        "min": 1.47431192764e-23,
        "var": 6.22324514552e-05
    },
    "spectral_energyband_middle_high": {
        "dmean": 0.00212611397728,
        "dmean2": 0.00293976557441,
        "dvar": 3.90118584619e-05,
        "dvar2": 7.32534972485e-05,
        "max": 0.200737446547,
        "mean": 0.00506150070578,
        "median": 0.000558845989872,
        "min": 1.14133334827e-21,
        "var": 0.000160681593115
    },
    "spectral_energyband_middle_low": {
        "dmean": 0.00328265409917,
        "dmean2": 0.00489763170481,
        "dvar": 4.09348431276e-05,
        "dvar2": 8.71413576533e-05,
        "max": 0.163182958961,
        "mean": 0.00808349344879,
        "median": 0.00394302839413,
        "min": 1.61868476979e-22,
        "var": 0.000147441896843
    },
    "spectral_entropy": {
        "dmean": 0.251709759235,
        "dmean2": 0.362471371889,
        "dvar": 0.0923368260264,
        "dvar2": 0.16784222424,
        "max": 9.8260602951,
        "mean": 7.29501438141,
        "median": 7.36107826233,
        "min": 3.93763160706,
        "var": 0.536951422691
    },
    "spectral_flux": {
        "dmean": 0.0245135016739,
        "dmean2": 0.0381804071367,
        "dvar": 0.00113280478399,
        "dvar2": 0.00251006800681,
        "max": 0.521161019802,
        "mean": 0.061930552125,
        "median": 0.0427287518978,
        "min": 6.37801547687e-11,
        "var": 0.00298999762163
    },
    "spectral_kurtosis": {
        "dmean": 1.98288571835,
        "dmean2": 3.10766935349,
        "dvar": 25.7573223114,
        "dvar2": 55.6977767944,
        "max": 228.483093262,
        "mean": 5.08019828796,
        "median": 2.92847585678,
        "min": -1.34109532833,
        "var": 121.604370117
    },
    "spectral_rms": {
        "dmean": 0.000702690100297,
        "dmean2": 0.00100215838756,
        "dvar": 1.05017863916e-06,
        "dvar2": 2.07593552659e-06,
        "max": 0.0145154707134,
        "mean": 0.00340504827909,
        "median": 0.00269076949917,
        "min": 3.11957209197e-12,
        "var": 4.65912262371e-06
    },
    "spectral_rolloff": {
        "dmean": 623.467163086,
        "dmean2": 1091.75354004,
        "dvar": 2349810,
        "dvar2": 5691772,
        "max": 19379.8828125,
        "mean": 1342.53759766,
        "median": 689.0625,
        "min": 86.1328125,
        "var": 5297869.5
    },
    "spectral_skewness": {
        "dmean": 0.279911249876,
        "dmean2": 0.420494705439,
        "dvar": 0.159389525652,
        "dvar2": 0.301665753126,
        "max": 12.8506288528,
        "mean": 1.65481519699,
        "median": 1.47807323933,
        "min": -0.401907175779,
        "var": 0.975845098495
    },
    "spectral_spread": {
        "dmean": 690791.5625,
        "dmean2": 982328.0625,
        "dvar": 982274408448,
        "dvar2": 1.6731766784e+12,
        "max": 43838640,
        "mean": 5698701,
        "median": 5170829.5,
        "min": 486920.5625,
        "var": 1.19678309499e+13
    },
    "spectral_strongpeak": {
        "dmean": 0.505687475204,
        "dmean2": 0.793423950672,
        "dvar": 1.03414487839,
        "dvar2": 2.30008912086,
        "max": 17.6968193054,
        "mean": 1.17270064354,
        "median": 0.364954471588,
        "min": 0,
        "var": 3.74279141426
    },
    "zerocrossingrate": {
        "dmean": 0.0124489003792,
        "dmean2": 0.0150296799839,
        "dvar": 0.000311837065965,
        "dvar2": 0.000393977330532,
        "max": 0.52880859375,
        "mean": 0.0584059469402,
        "median": 0.046875,
        "min": 0.00341796875,
        "var": 0.00327461468987
    },
    "barkbands": {
        "dmean": [1.95912070922e-05, 0.00178006303031, 0.000851743796375, 0.00066833558958, 0.0012457302073, 0.00097381148953, 0.00025634537451, 0.000288011768134, 0.000874464109074, 0.00086674944032, 0.000316838501021, 0.000557529041544, 0.000747876707464, 0.000310666800942, 0.000130804211949, 6.08980990364e-05, 4.76722962048e-05, 5.51663069928e-05, 8.66089321789e-05, 5.38838394277e-05, 0.000101196812466, 0.00012894293468, 0.000115115341032, 0.000104141618067, 0.000144759454997, 4.84764095745e-05, 9.56073336056e-07],
        "dmean2": [3.16933947033e-05, 0.00306709599681, 0.00142953137401, 0.00115978671238, 0.0019306136528, 0.00149524747394, 0.000393960566726, 0.00044346114737, 0.00124333880376, 0.00121514953207, 0.000469700433314, 0.000823765178211, 0.00109320518095, 0.000478985428344, 0.000212430182728, 9.84213329502e-05, 7.6383126725e-05, 8.81454179762e-05, 0.000140426898724, 8.92448297236e-05, 0.000164830125868, 0.000213758990867, 0.000189270649571, 0.000168124985066, 0.00024718043278, 8.08293407317e-05, 1.6394120621e-06],
        "dvar": [1.92222948669e-09, 5.06256255903e-05, 6.57793043501e-06, 2.14139140553e-06, 7.83290033723e-06, 9.93553931039e-06, 1.89157594832e-06, 2.13257658288e-06, 1.456913742e-05, 2.06307540793e-05, 1.86508725619e-06, 7.12420796845e-06, 1.39957646752e-05, 2.24043697017e-06, 6.28620284715e-07, 4.21154773278e-08, 1.78699650633e-08, 3.37557644059e-08, 7.87649412359e-08, 2.45481004413e-08, 9.27534173911e-08, 1.76068738256e-07, 1.63586264534e-07, 1.64844905726e-07, 4.27634972766e-07, 3.93326011761e-08, 1.76386405482e-11],
        "dvar2": [4.47221504274e-09, 0.000131453387439, 1.75069144461e-05, 5.92705373492e-06, 1.80307742994e-05, 2.19673147512e-05, 4.45096111434e-06, 4.76831110063e-06, 2.89788658847e-05, 3.95275455958e-05, 3.89968454328e-06, 1.38199111461e-05, 3.00807860185e-05, 4.76576815345e-06, 1.54720942191e-06, 9.66875077779e-08, 4.22967367797e-08, 7.87119134316e-08, 2.00920936777e-07, 6.39471338104e-08, 2.40572063603e-07, 4.61243985228e-07, 4.20396020218e-07, 4.10566428855e-07, 1.16499711567e-06, 1.03453004385e-07, 4.7840696682e-11],
        "max": [0.00137617147993, 0.0706062912941, 0.0410125553608, 0.0184544157237, 0.044344574213, 0.148214459419, 0.0740277394652, 0.0570184513927, 0.143013387918, 0.186530470848, 0.0478891246021, 0.132150292397, 0.108782939613, 0.0556336343288, 0.0298319440335, 0.00861264299601, 0.00397437810898, 0.00736956112087, 0.014063376002, 0.00250585796311, 0.00675906706601, 0.00697778305039, 0.00872481241822, 0.0123862465844, 0.00779861258343, 0.00228106696159, 0.000104342616396],
        "mean": [3.59660843969e-05, 0.00183932902291, 0.00110437127296, 0.000991002307273, 0.00220615975559, 0.00174021848943, 0.000412923051044, 0.000406146311434, 0.00189830467571, 0.00160119740758, 0.000567016482819, 0.000959435652476, 0.00116909109056, 0.000432548520621, 0.000162768992595, 8.50122814882e-05, 7.01045719325e-05, 8.39848653413e-05, 0.000122907717014, 6.61493177176e-05, 0.000130895045004, 0.000162582218763, 0.000123452788102, 0.000113064925245, 0.000130892382003, 4.34691064584e-05, 8.33436274661e-07],
        "median": [1.53066393977e-05, 0.000745968311094, 0.000437862530816, 0.000567647686694, 0.000929693458602, 0.000380434416002, 5.13938393851e-05, 5.53795071028e-05, 7.50366598368e-05, 5.19783206983e-05, 2.62649245997e-05, 3.77605683752e-05, 2.52854006249e-05, 2.09028166864e-05, 1.34209694806e-05, 1.63943059306e-05, 1.44769737744e-05, 1.4397571249e-05, 2.75807979051e-05, 1.73098505911e-05, 2.85960704787e-05, 3.05606481561e-05, 2.3337546736e-05, 1.36361895784e-05, 9.68543918134e-06, 3.04213153868e-06, 4.6012623045e-08],
        "min": [5.00834378089e-25, 3.37238628628e-24, 7.64467945525e-25, 2.81472946832e-24, 6.03733788997e-24, 6.5457705763e-24, 9.80283525899e-24, 9.60406913215e-24, 8.76443950565e-24, 6.7816936295e-24, 2.08365901418e-23, 2.68295632834e-23, 3.23745107624e-23, 2.80170261376e-23, 5.33620036845e-23, 5.63350184879e-23, 4.80103997024e-23, 1.06070085855e-22, 9.91671364155e-23, 1.42432155964e-22, 2.73164482341e-22, 2.38840652105e-22, 4.06298000338e-22, 5.76214145971e-22, 8.43752093682e-22, 1.23312272934e-21, 1.78016638938e-21],
        "var": [5.66532021296e-09, 3.67904503946e-05, 5.28526061316e-06, 1.99570035875e-06, 1.45075528053e-05, 2.94769106404e-05, 2.84434258901e-06, 3.4302900076e-06, 5.93912918703e-05, 6.26092078164e-05, 6.14938471699e-06, 1.90186801774e-05, 2.78255083686e-05, 4.14247642766e-06, 6.67816834721e-07, 6.62701395981e-08, 3.5110161889e-08, 7.38239052112e-08, 1.18812593541e-07, 2.44895765888e-08, 1.00837979744e-07, 1.94488592342e-07, 1.50944316601e-07, 1.96038115519e-07, 3.40572569257e-07, 3.14792671929e-08, 1.43576036477e-11]
    },
    "erbbands": {
        "dmean": [0.0324985347688, 0.460706055164, 0.963712096214, 1.66816174984, 2.58244848251, 4.9337310791, 7.17319202423, 8.07453250885, 4.24854421616, 3.57615113258, 7.91285896301, 20.9764022827, 27.4124107361, 16.6657238007, 14.9150714874, 21.8894863129, 33.0741729736, 16.8028030396, 11.0289802551, 4.4358625412, 2.9154355526, 2.60027909279, 2.74146461487, 3.79262495041, 4.01178312302, 2.69593214989, 3.4571146965, 4.24477767944, 4.81286859512, 3.60924267769, 3.29468011856, 2.49250626564, 1.60702419281, 1.71375262737, 0.957932889462, 0.351294457912, 0.0647662207484, 0.00792002119124, 0.000170181709109, 1.58825005201e-05],
        "dmean2": [0.055921819061, 0.793124675751, 1.58378970623, 2.88124847412, 4.00921487808, 7.94926738739, 11.2404289246, 12.541595459, 6.40527391434, 5.46556186676, 11.6321125031, 29.7584400177, 37.8576469421, 23.511007309, 21.7044887543, 31.1278152466, 47.0123672485, 24.3639202118, 17.0880794525, 6.82646369934, 4.59829330444, 4.09730863571, 4.34376144409, 6.09235572815, 6.59082221985, 4.50829458237, 5.69910097122, 6.8288526535, 7.88654994965, 5.97353506088, 5.43473911285, 4.10210561752, 2.57154154778, 2.88062620163, 1.65985572338, 0.597114145756, 0.107773505151, 0.0132193583995, 0.000283084780676, 2.48579235631e-05],
        "dvar": [0.015551475808, 3.3538441658, 8.750207901, 17.5209064484, 26.916885376, 153.258728027, 369.066711426, 886.616394043, 323.049377441, 311.945831299, 1308.94726562, 8324.21679688, 19954.6015625, 7216.26367188, 4007.65966797, 9956.09472656, 27367.8554688, 5660.91113281, 3358.85620117, 320.869812012, 81.0445327759, 49.4490089417, 82.1708908081, 135.659606934, 189.806396484, 70.7976150513, 110.598823547, 169.304382324, 226.520202637, 152.8646698, 141.649093628, 94.7385177612, 44.7820129395, 60.0722236633, 18.9697551727, 2.39397740364, 0.062228359282, 0.00099973147735, 4.51905094678e-07, 2.02711891717e-09],
        "dvar2": [0.0417805165052, 8.61270427704, 21.2336330414, 47.894569397, 58.7330055237, 380.188232422, 838.870117188, 2066.97607422, 716.295898438, 720.899963379, 2866.64550781, 16393.0527344, 39245.5117188, 13735.6953125, 8811.22070312, 17986.7539062, 58191.8828125, 10797.3232422, 7283.04492188, 639.390075684, 199.189468384, 112.809455872, 187.048187256, 334.125488281, 496.279327393, 189.744308472, 291.910522461, 433.627166748, 580.252746582, 399.792663574, 366.203918457, 247.561355591, 108.250679016, 159.91758728, 52.4368476868, 6.42976331711, 0.163501217961, 0.00263739400543, 1.19391995668e-06, 5.24268406465e-09],
        "max": [1.95132637024, 17.9958438873, 40.6090354919, 56.7118530273, 96.2662963867, 226.009033203, 505.792388916, 1425.8762207, 697.70489502, 803.111633301, 1452.73156738, 2978.30834961, 6084.88623047, 4665.92724609, 1467.5814209, 5188.28857422, 5080.89794922, 3733.08886719, 1973.32409668, 1104.0111084, 489.779968262, 240.237579346, 526.053283691, 483.621520996, 633.642944336, 156.742401123, 177.258163452, 355.888519287, 357.05090332, 211.963668823, 298.758331299, 168.64251709, 276.481750488, 142.921524048, 50.0128517151, 18.7767543793, 2.83500528336, 0.62235224247, 0.0124055892229, 0.000494679843541],
        "mean": [0.0388084836304, 0.460063606501, 1.22873330116, 2.69783163071, 4.24627876282, 8.03861045837, 12.703338623, 14.3174629211, 7.28469181061, 5.82485485077, 12.2909545898, 45.1445732117, 55.7620620728, 31.2794017792, 26.3098068237, 40.3000259399, 53.2086982727, 27.4318084717, 15.5666065216, 6.91743421555, 4.45984458923, 4.17608833313, 4.65055513382, 5.73454332352, 5.32881116867, 3.26000952721, 4.21035337448, 5.79500341415, 6.21544456482, 4.13188362122, 3.50824403763, 2.58262777328, 1.80878400803, 1.62199163437, 0.818399906158, 0.295978575945, 0.0597895346582, 0.00753364944831, 0.000168901111465, 2.81196080323e-05],
        "median": [0.0167889297009, 0.170551612973, 0.491374909878, 1.60482287407, 2.22630286217, 2.90703248978, 3.47489643097, 3.08304667473, 1.17476153374, 1.16013681889, 1.80533194542, 2.23291802406, 2.31273317337, 1.76531851292, 1.99409890175, 1.66189944744, 1.44886696339, 1.16896820068, 1.19171047211, 0.845281243324, 1.02223932743, 0.965121209621, 0.872995913029, 1.27254736423, 1.20011663437, 0.846193730831, 0.984257459641, 1.18943011761, 1.08512079716, 0.887519598007, 0.637543797493, 0.364205181599, 0.189875856042, 0.123300947249, 0.0551356673241, 0.0164769813418, 0.00492786988616, 0.000729872204829, 2.32102102018e-05, 1.08380263555e-05],
        "min": [9.40301309987e-23, 7.3382305174e-22, 1.93273920713e-21, 9.07381831392e-21, 1.53840795157e-20, 2.1451444462e-20, 5.11009887333e-20, 5.73930026862e-20, 1.11986322116e-19, 2.29121533353e-19, 2.53222086734e-19, 3.23566766797e-19, 4.71728333738e-19, 7.97145787909e-19, 1.13725598601e-18, 1.13167882413e-18, 1.65893760185e-18, 1.94199963464e-18, 2.39907751406e-18, 3.10926170077e-18, 3.56274961633e-18, 3.92229607728e-18, 5.65972402027e-18, 6.39806957094e-18, 6.02943611737e-18, 6.74977063738e-18, 1.04574480873e-17, 1.07848685076e-17, 8.04822416904e-18, 1.11124882785e-17, 1.16607766757e-17, 1.11070594921e-17, 1.05373223016e-17, 7.93027152241e-18, 6.1217763571e-18, 3.93600618235e-18, 2.31912327002e-18, 1.03227932165e-18, 2.48989506938e-19, 2.63469190469e-20],
        "var": [0.0112973665819, 2.47208857536, 7.74226665497, 15.2897443771, 44.0184745789, 264.749206543, 910.372009277, 2544.2421875, 655.550292969, 590.097473145, 2109.66821289, 34619.828125, 64459.8632812, 18026.6230469, 8669.8203125, 29827.0292969, 52414.1914062, 13707.3388672, 5028.09716797, 731.95135498, 135.937789917, 107.851387024, 252.559829712, 246.311294556, 217.789245605, 63.5637588501, 108.613197327, 199.308761597, 282.571655273, 144.50642395, 128.597183228, 87.6438369751, 62.1704673767, 54.1363563538, 13.716835022, 1.77173185349, 0.0521896108985, 0.000869537005201, 3.91133909261e-07, 2.2759627516e-09]
    },
    "gfcc": {
        "mean": [-78.2257766724, 93.1960754395, -90.370880127, 38.5134353638, -67.5618896484, 19.1155605316, -34.8823699951, 1.5201613903, -30.4136714935, -1.8772867918, -18.4720726013, 1.19802629948, -10.0818929672],
        "cov": [[20022.6855469, -1755.18469238, -2352.12133789, -279.805755615, -971.655883789, 821.83984375, -589.124389648, 93.3020019531, -564.55670166, 381.860565186, -367.345611572, 330.662994385, -326.398254395], [-1755.18469238, 1826.50488281, 223.89050293, 2.60781669617, 136.107147217, -265.949279785, 284.552368164, -111.290939331, 148.138534546, -195.389038086, 157.495376587, -148.52293396, 101.465484619], [-2352.12133789, 223.89050293, 1216.40356445, 304.240753174, 135.491638184, -151.261016846, -27.346452713, 83.0131072998, 41.8071975708, -37.5656967163, -16.9199523926, -64.4470596313, 20.3276805878], [-279.805755615, 2.60781669617, 304.240753174, 592.411621094, 78.5665130615, -120.936660767, -113.668830872, 45.9362373352, 55.4106712341, -30.2716445923, -10.201177597, -66.6993331909, 39.6528549194], [-971.655883789, 136.107147217, 135.491638184, 78.5665130615, 292.093444824, -15.8300714493, 10.0928630829, -10.6864519119, 49.4898643494, 4.95312213898, -1.60393488407, -35.0029449463, 18.0278644562], [821.83984375, -265.949279785, -151.261016846, -120.936660767, -15.8300714493, 292.027984619, 68.8566131592, 13.0073642731, -57.9945907593, 28.5731582642, -12.4114770889, 41.3094215393, -45.1245536804], [-589.124389648, 284.552368164, -27.346452713, -113.668830872, 10.0928630829, 68.8566131592, 293.237792969, 30.2292098999, 30.8833904266, -55.8046379089, 38.172492981, -11.2101325989, -4.23782157898], [93.3020019531, -111.290939331, 83.0131072998, 45.9362373352, -10.6864519119, 13.0073642731, 30.2292098999, 149.101196289, 22.1429443359, -0.719272613525, -44.6427192688, -10.3595142365, -6.54471969604], [-564.55670166, 148.138534546, 41.8071975708, 55.4106712341, 49.4898643494, -57.9945907593, 30.8833904266, 22.1429443359, 139.979797363, 2.45111584663, -1.91572284698, -38.15599823, 24.8739280701], [381.860565186, -195.389038086, -37.5656967163, -30.2716445923, 4.95312213898, 28.5731582642, -55.8046379089, -0.719272613525, 2.45111584663, 124.1016922, 3.7852537632, 12.2497987747, -23.5654659271], [-367.345611572, 157.495376587, -16.9199523926, -10.201177597, -1.60393488407, -12.4114770889, 38.172492981, -44.6427192688, -1.91572284698, 3.7852537632, 135.417572021, 22.7494239807, 8.3003282547], [330.662994385, -148.52293396, -64.4470596313, -66.6993331909, -35.0029449463, 41.3094215393, -11.2101325989, -10.3595142365, -38.15599823, 12.2497987747, 22.7494239807, 126.205238342, 4.21438074112], [-326.398254395, 101.465484619, 20.3276805878, 39.6528549194, 18.0278644562, -45.1245536804, -4.23782157898, -6.54471969604, 24.8739280701, -23.5654659271, 8.3003282547, 4.21438074112, 93.4388198853]],
        "icov": [[0.000136533824843, -0.000189396028873, 0.000252913829172, -0.000196533364942, 0.000340597558534, -0.000340908358339, 0.000311622046866, -0.000241130503127, 0.000353767827619, -0.000432330154581, 0.0004626098671, -0.000284089706838, 0.000246387877269], [-0.000189396028873, 0.00159795174841, -0.000495123502333, 0.000568919465877, -0.00075075373752, 0.00138536456507, -0.00143438379746, 0.0012443868909, -0.00105049216654, 0.00191804824863, -0.00173984793946, 0.00157580734231, -0.000847680610605], [0.000252913829172, -0.000495123502333, 0.001539585297, -0.000780538772233, 0.000233556740568, -0.000267162424279, 0.000602048588917, -0.00111085455865, 0.000999207375571, -0.000832810939755, 0.000929540547077, -0.000563784560654, 0.000659669341985], [-0.000196533364942, 0.000568919465877, -0.000780538772233, 0.00287064770237, -0.000915960990824, 0.000792899227235, 0.000726890342776, -0.000417866220232, -0.00119454250671, 0.00188300129957, -0.0016390014207, 0.00160204456188, -0.000923166749999], [0.000340597558534, -0.00075075373752, 0.000233556740568, -0.000915960990824, 0.00496647646651, -0.00149719160981, 0.000657332479022, 0.000228393371799, -0.000162630691193, -0.0019260046538, 0.00167348317336, -0.000364385981811, 0.000132787186885], [-0.000340908358339, 0.00138536456507, -0.000267162424279, 0.000792899227235, -0.00149719160981, 0.00652869138867, -0.00315364054404, 0.000789010955486, 0.000737596943509, 0.000534916471224, -0.000867094029672, 0.000353281298885, 0.000380068464437], [0.000311622046866, -0.00143438379746, 0.000602048588917, 0.000726890342776, 0.000657332479022, -0.00315364054404, 0.00724248867482, -0.00304875802249, -0.000746548816096, 0.00141536584124, -0.000734415603802, -0.000479879177874, 0.0013143963879], [-0.000241130503127, 0.0012443868909, -0.00111085455865, -0.000417866220232, 0.000228393371799, 0.000789010955486, -0.00304875802249, 0.0100086266175, -0.0022193917539, 0.00062676507514, 0.00182979763485, 0.000612837728113, -0.000316163728712], [0.000353767827619, -0.00105049216654, 0.000999207375571, -0.00119454250671, -0.000162630691193, 0.000737596943509, -0.000746548816096, -0.0022193917539, 0.0112334648147, -0.0038353279233, 0.00200033164583, 0.000632098817732, -0.00129955692682], [-0.000432330154581, 0.00191804824863, -0.000832810939755, 0.00188300129957, -0.0019260046538, 0.000534916471224, 0.00141536584124, 0.00062676507514, -0.0038353279233, 0.0134880030528, -0.00432526739314, 0.00169668684248, 0.00125746778212], [0.0004626098671, -0.00173984793946, 0.000929540547077, -0.0016390014207, 0.00167348317336, -0.000867094029672, -0.000734415603802, 0.00182979763485, 0.00200033164583, -0.00432526739314, 0.0121795032173, -0.00401668995619, 0.000827737385407], [-0.000284089706838, 0.00157580734231, -0.000563784560654, 0.00160204456188, -0.000364385981811, 0.000353281298885, -0.000479879177874, 0.000612837728113, 0.000632098817732, 0.00169668684248, -0.00401668995619, 0.0117198172957, -0.00291083706543], [0.000246387877269, -0.000847680610605, 0.000659669341985, -0.000923166749999, 0.000132787186885, 0.000380068464437, 0.0013143963879, -0.000316163728712, -0.00129955692682, 0.00125746778212, 0.000827737385407, -0.00291083706543, 0.0136478589848]]
    },
    "melbands": {
        "dmean": [0.000408079999033, 0.00054427748546, 0.000293476943625, 0.00027646397939, 0.0002356943005, 0.000177269510459, 6.13192678429e-05, 4.5467288146e-05, 7.40550385672e-05, 0.000138942123158, 0.000140522592119, 7.81931521487e-05, 4.58198301203e-05, 5.69142466702e-05, 7.7478318417e-05, 6.89068765496e-05, 2.98729100905e-05, 2.17625402001e-05, 7.92095943325e-06, 4.78282936456e-06, 3.47371019416e-06, 3.02801663565e-06, 2.44296234087e-06, 2.68827693617e-06, 3.33522257279e-06, 3.57575913768e-06, 2.42254122895e-06, 1.65580456724e-06, 1.97215899789e-06, 2.57272336057e-06, 2.49052823165e-06, 2.85478836304e-06, 2.51769415627e-06, 1.98440534405e-06, 2.0311310891e-06, 1.65226560966e-06, 1.55827274284e-06, 1.09836912543e-06, 1.13102169053e-06, 1.57903275522e-06],
        "dmean2": [0.000701266282704, 0.000902380095795, 0.000502593058627, 0.000434388639405, 0.000372617738321, 0.000273427489446, 9.30363166844e-05, 6.95417329553e-05, 0.000107409992779, 0.000193005689653, 0.000194234977243, 0.000109186075861, 6.65023471811e-05, 8.13757287688e-05, 0.000107307598228, 0.000100609446235, 4.44387733296e-05, 3.36571174557e-05, 1.26277518575e-05, 7.49280570744e-06, 5.5557225096e-06, 4.82106770505e-06, 3.93890923078e-06, 4.28841121902e-06, 5.3988583204e-06, 5.84690815231e-06, 4.06638264394e-06, 2.78232437267e-06, 3.28901114699e-06, 4.18218496634e-06, 4.01815577789e-06, 4.69445012641e-06, 4.21690083385e-06, 3.29898034579e-06, 3.38387121701e-06, 2.68895496447e-06, 2.60854062617e-06, 1.775180408e-06, 1.827044116e-06, 2.69789666163e-06],
        "dvar": [2.62958383246e-06, 3.20077015203e-06, 4.54522989912e-07, 4.346671858e-07, 3.47465459072e-07, 3.92776144054e-07, 7.76822020043e-08, 4.45971863883e-08, 9.47345881741e-08, 3.70581602738e-07, 5.21568040313e-07, 1.74984492674e-07, 3.67657442268e-08, 6.81817127202e-08, 1.47391688188e-07, 1.42818237236e-07, 2.15243343149e-08, 1.3204321192e-08, 1.78106485116e-09, 2.91265733754e-10, 1.25877086532e-10, 7.1373171262e-11, 6.80211026394e-11, 1.00070479681e-10, 1.08685282996e-10, 1.45676984364e-10, 6.42937716955e-11, 2.54202787292e-11, 3.73475521342e-11, 5.61696245072e-11, 6.27898705252e-11, 7.36101943288e-11, 8.44348757578e-11, 4.42355214958e-11, 5.59363250163e-11, 3.55370247118e-11, 4.06228106709e-11, 2.02489431472e-11, 2.41578545362e-11, 5.41892017369e-11],
        "dvar2": [6.92334560881e-06, 7.48387719796e-06, 1.23156587506e-06, 9.93790422399e-07, 8.18995090412e-07, 8.98337304989e-07, 1.77415941494e-07, 1.03793126982e-07, 1.95636914668e-07, 7.13988129064e-07, 1.01533782981e-06, 3.33777251171e-07, 7.8701745565e-08, 1.41252954222e-07, 2.47424225108e-07, 3.13867332125e-07, 4.29364916954e-08, 2.78042691093e-08, 4.23625534651e-09, 5.80273051831e-10, 3.1286448432e-10, 1.63991806246e-10, 1.57890520103e-10, 2.46936887605e-10, 2.71145661479e-10, 3.51842083246e-10, 1.72681688393e-10, 6.77332218091e-11, 9.89548581964e-11, 1.44651818301e-10, 1.60698773732e-10, 1.86526960544e-10, 2.25980165136e-10, 1.14817544361e-10, 1.45233811089e-10, 9.12077982584e-11, 1.08090203454e-10, 4.91301166416e-11, 5.81630958674e-11, 1.46590961592e-10],
        "max": [0.0190410930663, 0.0198848806322, 0.00887258909643, 0.0106702940539, 0.0148668717593, 0.0303898714483, 0.0131148453802, 0.0078237792477, 0.0100608747452, 0.0217546243221, 0.0306536145508, 0.0230759605765, 0.0052997674793, 0.00864356476814, 0.0201487056911, 0.0135772647336, 0.00628892891109, 0.00404464825988, 0.00207140832208, 0.00113169092219, 0.000535829807632, 0.000322378153214, 0.000337941455655, 0.000401582015911, 0.00042222533375, 0.000515158171766, 0.000261870882241, 9.23971019802e-05, 0.000149914063513, 0.000149051527842, 0.000247760937782, 0.000210358033655, 0.000162247000844, 0.000141037147841, 0.000210312078707, 0.000121128286992, 0.000116230134154, 0.000171750201844, 0.000199960268219, 0.000114743110316],
        "mean": [0.000437103881268, 0.000660184421577, 0.000486459408421, 0.000450310384622, 0.000437897193478, 0.000318582489854, 0.000101890145743, 7.09447049303e-05, 0.000110970213427, 0.000299539649859, 0.000282621418592, 0.000141062933835, 7.89028999861e-05, 9.60482066148e-05, 0.000124612546642, 0.000110968801891, 4.2967742047e-05, 2.90414536721e-05, 1.08583499241e-05, 6.82728978063e-06, 4.86799672217e-06, 4.50591232948e-06, 3.72848444385e-06, 4.05615492127e-06, 4.69681617687e-06, 4.76232753499e-06, 2.80312610812e-06, 1.92132779375e-06, 2.29251395467e-06, 3.20814706356e-06, 3.34996025231e-06, 3.68357905245e-06, 2.8616743748e-06, 2.13891780732e-06, 2.0891782242e-06, 1.74265653641e-06, 1.53115036028e-06, 1.22530127555e-06, 1.24027621951e-06, 1.42385272284e-06],
        "median": [0.000186218108865, 0.000269305397524, 0.000300189276459, 0.000195894215722, 0.000130991524202, 6.86507555656e-05, 1.45362664625e-05, 1.17590479931e-05, 1.29310865304e-05, 1.13358864837e-05, 9.81358334684e-06, 5.98723681833e-06, 4.61696845377e-06, 4.79500886286e-06, 2.77040135188e-06, 2.30122600442e-06, 1.78157301889e-06, 1.80998495125e-06, 9.87879502645e-07, 1.04105868104e-06, 1.00764850686e-06, 9.14209692837e-07, 6.92597211582e-07, 6.59769000322e-07, 9.8371799595e-07, 9.84269718174e-07, 6.41222982267e-07, 4.67866470899e-07, 5.04687932334e-07, 6.57375665014e-07, 6.36500033124e-07, 5.90128593103e-07, 5.0704181831e-07, 4.27671892567e-07, 3.54765347765e-07, 2.65264532118e-07, 1.72030397039e-07, 1.22558930116e-07, 1.1228419794e-07, 8.98791796544e-08],
        "min": [1.0582173627e-24, 8.5201888423e-25, 2.82282771716e-24, 1.06984891953e-24, 1.83836007302e-24, 1.21194101097e-24, 1.856897121e-24, 2.33714084896e-24, 2.02094035181e-24, 1.45780538791e-24, 1.85290528761e-24, 2.53253124277e-24, 3.87216122417e-24, 3.8053395779e-24, 2.65929764037e-24, 1.96811092864e-24, 2.91836370316e-24, 3.43364843532e-24, 3.43730046688e-24, 4.50640381425e-24, 2.57858908394e-24, 2.56662285287e-24, 4.04693848532e-24, 4.45155747095e-24, 4.84647504517e-24, 3.4164993881e-24, 3.72325268426e-24, 3.56211364487e-24, 5.05474812921e-24, 5.80916184529e-24, 5.24902248206e-24, 4.30858944808e-24, 4.59712163506e-24, 4.8051797545e-24, 5.19409922483e-24, 6.80512832041e-24, 5.76101095892e-24, 5.52646604572e-24, 6.43902310189e-24, 6.43357956722e-24],
        "var": [1.88436990811e-06, 2.85560122393e-06, 4.3411552042e-07, 7.02349666426e-07, 8.52680386743e-07, 1.16132741823e-06, 1.389897335e-07, 8.55245332332e-08, 1.84800725833e-07, 1.58465979894e-06, 1.7319497374e-06, 4.4020993073e-07, 9.4147374341e-08, 1.71477964273e-07, 3.87886672115e-07, 2.97180775988e-07, 4.33800799726e-08, 2.13936157678e-08, 2.61430987969e-09, 6.24229279378e-10, 1.98516314498e-10, 1.55697871262e-10, 1.50267784327e-10, 1.83601078785e-10, 1.90565965785e-10, 2.04409739135e-10, 5.77362185838e-11, 2.31483148622e-11, 3.55795462537e-11, 6.20452786371e-11, 7.43350866972e-11, 9.82695730345e-11, 8.01722646604e-11, 4.11034366266e-11, 4.92301997779e-11, 3.34593706908e-11, 3.57838515763e-11, 2.80041406731e-11, 3.27966716285e-11, 4.4116019865e-11]
    },
    "mfcc": {
        "mean": [-722.409179688, 117.023910522, 30.9347381592, 24.5039520264, -2.0782763958, 12.5022068024, 2.69857907295, 4.7001490593, -4.08671522141, -3.86165904999, -2.85591435432, -7.23889732361, -6.41529226303],
        "cov": [[11982.4580078, -1531.47595215, -1464.51831055, -977.50567627, -437.89743042, 273.643981934, -52.061252594, -106.808822632, -192.343765259, -211.611663818, 101.369377136, -24.3758640289, -119.764274597], [-1531.47595215, 1638.35583496, 175.700149536, 145.978317261, -79.7422561646, -18.9799880981, 68.4030532837, 76.0056915283, 8.28312301636, 13.691942215, 25.960647583, 14.7881946564, -8.4140996933], [-1464.51831055, 175.700149536, 876.278503418, 312.151855469, 142.731491089, -76.4121932983, 22.174489975, 29.3394374847, 41.7802047729, 47.0071029663, -57.6523284912, 17.7253379822, 59.3602104187], [-977.50567627, 145.978317261, 312.151855469, 559.621704102, 203.627822876, -79.7618255615, -57.8961868286, -23.6204738617, 55.2653961182, 81.0554122925, -77.0706253052, 1.16095745564, 40.0508079529], [-437.89743042, -79.7422561646, 142.731491089, 203.627822876, 326.246856689, 9.56310176849, -44.3617019653, -69.5346908569, 35.7061042786, 43.9284973145, -51.3642730713, -10.5554428101, 21.9722690582], [273.643981934, -18.9799880981, -76.4121932983, -79.7618255615, 9.56310176849, 178.564605713, 48.6266593933, 13.665435791, -13.3159856796, -16.4441719055, 37.9037094116, -0.879778623581, -16.0353240967], [-52.061252594, 68.4030532837, 22.174489975, -57.8961868286, -44.3617019653, 48.6266593933, 173.739303589, 65.7112884521, -7.21594667435, -13.9192361832, 32.6728057861, 21.6245040894, -12.3964576721], [-106.808822632, 76.0056915283, 29.3394374847, -23.6204738617, -69.5346908569, 13.665435791, 65.7112884521, 176.932632446, 33.8398323059, -4.90001440048, 14.4847707748, 4.47013664246, -2.1239926815], [-192.343765259, 8.28312301636, 41.7802047729, 55.2653961182, 35.7061042786, -13.3159856796, -7.21594667435, 33.8398323059, 144.01171875, 56.3660392761, -4.86599063873, -17.3047580719, -9.04832077026], [-211.611663818, 13.691942215, 47.0071029663, 81.0554122925, 43.9284973145, -16.4441719055, -13.9192361832, -4.90001440048, 56.3660392761, 145.889770508, 18.9198036194, -23.1411209106, -19.2079124451], [101.369377136, 25.960647583, -57.6523284912, -77.0706253052, -51.3642730713, 37.9037094116, 32.6728057861, 14.4847707748, -4.86599063873, 18.9198036194, 121.879493713, 15.0123443604, -32.6327133179], [-24.3758640289, 14.7881946564, 17.7253379822, 1.16095745564, -10.5554428101, -0.879778623581, 21.6245040894, 4.47013664246, -17.3047580719, -23.1411209106, 15.0123443604, 117.201515198, 29.9076824188], [-119.764274597, -8.4140996933, 59.3602104187, 40.0508079529, 21.9722690582, -16.0353240967, -12.3964576721, -2.1239926815, -9.04832077026, -19.2079124451, -32.6327133179, 29.9076824188, 105.989234924]],
