{
"lowlevel": {
    "average_loudness": 0.892013430595,
    "barkbands_crest": {
        "dmean": 2.45826005936,
        "dmean2": 3.92930388451,
        "dvar": 5.62427854538,
        "dvar2": 13.8889303207,
        "max": 26.1569232941,
        "mean": 11.7041282654,
        "median": 11.2305240631,
        "min": 2.42893910408,
        "var": 18.2180328369
    },
    "barkbands_flatness_db": {
        "dmean": 0.0221485868096,
        "dmean2": 0.0306071843952,
        "dvar": 0.000522327201907,
        "dvar2": 0.000966582389083,
        "max": 0.565016210079,
        "mean": 0.166889190674,
        "median": 0.154504552484,
        "min": 0.0319240130484,
        "var": 0.00409954786301
    },
    "barkbands_kurtosis": {
        "dmean": 4.02171564102,
        "dmean2": 6.02788877487,
        "dvar": 55.5917472839,
        "dvar2": 121.035820007,
        "max": 279.63180542,
        "mean": 7.99878311157,
        "median": 3.31340813637,
        "min": -1.95074939728,
        "var": 196.220840454
    },
    "barkbands_skewness": {
        "dmean": 0.618997871876,
        "dmean2": 0.888759791851,
        "dvar": 0.442883551121,
        "dvar2": 0.904027462006,
        "max": 13.9028244019,
        "mean": 1.85706913471,
        "median": 1.71729445457,
        "min": -4.58630466461,
        "var": 2.95429444313
    },
    "barkbands_spread": {
        "dmean": 5.86637353897,
        "dmean2": 8.61764812469,
        "dvar": 60.9908943176,
        "dvar2": 128.165283203,
        "max": 107.705238342,
        "mean": 20.3716983795,
        "median": 17.9711151123,
        "min": 0.337953448296,
        "var": 209.895111084
    },
    "dissonance": {
        "dmean": 0.023511370644,
        "dmean2": 0.0391312800348,
        "dvar": 0.00057602848392,
        "dvar2": 0.00153103715274,
        "max": 0.5,
        "mean": 0.45221889019,
        "median": 0.461774289608,
        "min": 0.233428955078,
        "var": 0.00134703645017
    },
    "dynamic_complexity": 4.00394630432,
    "erbbands_crest": {
        "dmean": 2.94709181786,
        "dmean2": 4.74933290482,
        "dvar": 8.96156597137,
        "dvar2": 21.0235271454,
        "max": 33.1887054443,
        "mean": 9.95521259308,
        "median": 8.32261657715,
        "min": 2.310100317,
        "var": 30.8552913666
    },
    "erbbands_flatness_db": {
        "dmean": 0.0193837396801,
        "dmean2": 0.0265625361353,
        "dvar": 0.000405556056648,
        "dvar2": 0.000692311208695,
        "max": 0.413815319538,
        "mean": 0.162159979343,
        "median": 0.152348473668,
        "min": 0.0601757392287,
        "var": 0.00272691459395
    },
    "erbbands_kurtosis": {
        "dmean": 1.42117714882,
        "dmean2": 2.16958117485,
        "dvar": 7.14697217941,
        "dvar2": 15.7178621292,
        "max": 85.7958297729,
        "mean": 1.32757341862,
        "median": -0.144951462746,
        "min": -1.81757497787,
        "var": 18.8516864777
    },
    "erbbands_skewness": {
        "dmean": 0.43910446763,
        "dmean2": 0.650302231312,
        "dvar": 0.188553377986,
        "dvar2": 0.397609978914,
        "max": 6.16496133804,
        "mean": 0.453714191914,
        "median": 0.392719805241,
        "min": -5.19614934921,
        "var": 0.979519069195
    },
    "erbbands_spread": {
        "dmean": 10.0770254135,
        "dmean2": 14.7205753326,
        "dvar": 130.214691162,
        "dvar2": 267.318725586,
        "max": 153.689697266,
        "mean": 43.1316986084,
        "median": 40.443321228,
        "min": 1.35173976421,
        "var": 607.086608887
    },
    "hfc": {
        "dmean": 6.43282175064,
        "dmean2": 8.6868057251,
        "dvar": 154.622772217,
        "dvar2": 277.917388916,
        "max": 356.065734863,
        "mean": 18.8510704041,
        "median": 9.66447067261,
        "min": 1.08856253928e-16,
        "var": 619.704956055
    },
    "melbands_crest": {
        "dmean": 2.95306611061,
        "dmean2": 4.78101110458,
        "dvar": 9.07157802582,
        "dvar2": 24.1146316528,
        "max": 33.603427887,
        "mean": 15.0953016281,
        "median": 15.07147789,
        "min": 1.55194604397,
        "var": 23.6335391998
    },
    "melbands_flatness_db": {
        "dmean": 0.0260940231383,
        "dmean2": 0.0350806154311,
        "dvar": 0.000810691213701,
        "dvar2": 0.00147017673589,
        "max": 0.710988044739,
        "mean": 0.228836417198,
        "median": 0.21312686801,
        "min": 0.00251086754724,
        "var": 0.00720055773854
    },
    "melbands_kurtosis": {
        "dmean": 10.1893358231,
        "dmean2": 15.4280357361,
        "dvar": 298.043273926,
        "dvar2": 682.414978027,
        "max": 414.811462402,
        "mean": 22.8220691681,
        "median": 11.9731407166,
        "min": -1.8877017498,
        "var": 966.067810059
    },
    "melbands_skewness": {
        "dmean": 0.87005841732,
        "dmean2": 1.2679901123,
        "dvar": 0.920365095139,
        "dvar2": 1.92208504677,
        "max": 14.6389141083,
        "mean": 3.14558625221,
        "median": 2.90698885918,
        "min": -2.260815382,
        "var": 5.37074804306
    },
    "melbands_spread": {
        "dmean": 6.79541730881,
        "dmean2": 9.98405838013,
        "dvar": 132.061523438,
        "dvar2": 265.352355957,
        "max": 253.086517334,
        "mean": 22.3486919403,
        "median": 16.313085556,
        "min": 0.383946269751,
        "var": 548.255065918
    },
    "pitch_salience": {
        "dmean": 0.0708753317595,
        "dmean2": 0.114635162055,
        "dvar": 0.00525811128318,
        "dvar2": 0.0138956559822,
        "max": 0.924336791039,
        "mean": 0.499422997236,
        "median": 0.491948306561,
        "min": 0.122997894883,
        "var": 0.0138924522325
    },
    "silence_rate_20dB": {
        "dmean": 0,
        "dmean2": 0,
        "dvar": 0,
        "dvar2": 0,
        "max": 1,
        "mean": 1,
        "median": 1,
        "min": 1,
        "var": 0
    },
    "silence_rate_30dB": {
        "dmean": 0,
        "dmean2": 0,
        "dvar": 0,
        "dvar2": 0,
        "max": 1,
        "mean": 1,
        "median": 1,
        "min": 1,
        "var": 0
    },
    "silence_rate_60dB": {
        "dmean": 0.0183455348015,
        "dmean2": 0.0366941578686,
        "dvar": 0.018008094281,
        "dvar2": 0.0402255505323,
        "max": 1,
        "mean": 0.0573880858719,
        "median": 0,
        "min": 0,
        "var": 0.0540966428816
    },
    "spectral_centroid": {
        "dmean": 267.355377197,
        "dmean2": 398.26763916,
        "dvar": 117762.664062,
        "dvar2": 244738.09375,
        "max": 11740.3349609,
        "mean": 1347.76599121,
        "median": 1184.92236328,
        "min": 112.807403564,
        "var": 1444105.375
    },
    "spectral_complexity": {
        "dmean": 2.39855265617,
        "dmean2": 3.67833709717,
        "dvar": 6.35382270813,
        "dvar2": 13.1445426941,
        "max": 48,
        "mean": 12.3864021301,
        "median": 12,
        "min": 0,
        "var": 40.2468147278
    },
    "spectral_decrease": {
        "dmean": 1.61019408917e-09,
        "dmean2": 2.39823605419e-09,
        "dvar": 4.99813049069e-18,
        "dvar2": 1.13282517238e-17,
        "max": 1.7977453436e-28,
        "mean": -5.85329917868e-09,
        "median": -4.94447238708e-09,
        "min": -2.83654397748e-08,
        "var": 1.63378229495e-17
    },
    "spectral_energy": {
        "dmean": 0.00650759926066,
        "dmean2": 0.00961122941226,
        "dvar": 7.98958280939e-05,
        "dvar2": 0.000178034824785,
        "max": 0.109664425254,
        "mean": 0.0238015837967,
        "median": 0.0198815576732,
        "min": 9.98560641688e-21,
        "var": 0.000278228340903
    },
    "spectral_energyband_high": {
        "dmean": 0.000397184339818,
        "dmean2": 0.000536883017048,
        "dvar": 1.7816549871e-06,
        "dvar2": 3.11448775392e-06,
        "max": 0.045582473278,
        "mean": 0.000766204786487,
        "median": 0.000276719627436,
        "min": 6.90385537973e-21,
        "var": 5.24489132658e-06
    },
    "spectral_energyband_low": {
        "dmean": 0.00261163176037,
        "dmean2": 0.00411477684975,
        "dvar": 1.80740225915e-05,
        "dvar2": 4.39573304902e-05,
        "max": 0.0909768268466,
        "mean": 0.00905467942357,
        "median": 0.00813562050462,
        "min": 6.07699195552e-24,
        "var": 4.48933715234e-05
    },
    "spectral_energyband_middle_high": {
        "dmean": 0.00264084059745,
        "dmean2": 0.00374587764964,
        "dvar": 3.48364847014e-05,
        "dvar2": 6.46888729534e-05,
        "max": 0.0919665247202,
        "mean": 0.00661378679797,
        "median": 0.00133739341982,
        "min": 1.12016855097e-21,
        "var": 0.000144423436723
    },
    "spectral_energyband_middle_low": {
        "dmean": 0.0040156529285,
        "dmean2": 0.00608049146831,
        "dvar": 5.2879408031e-05,
        "dvar2": 0.000123935737065,
        "max": 0.10422360152,
        "mean": 0.00839984696358,
        "median": 0.00499138049781,
        "min": 1.53178574573e-22,
        "var": 0.000108238622488
    },
    "spectral_entropy": {
        "dmean": 0.192804202437,
        "dmean2": 0.261439055204,
        "dvar": 0.0413504689932,
        "dvar2": 0.0724504292011,
        "max": 9.82273101807,
        "mean": 7.44976902008,
        "median": 7.50148105621,
        "min": 4.36520051956,
        "var": 0.336257100105
    },
    "spectral_flux": {
        "dmean": 0.027522392571,
        "dmean2": 0.0431417562068,
        "dvar": 0.00102753005922,
        "dvar2": 0.00255205342546,
        "max": 0.318178832531,
        "mean": 0.0773695707321,
        "median": 0.0645337551832,
        "min": 6.32359997699e-11,
        "var": 0.00282608205453
    },
    "spectral_kurtosis": {
        "dmean": 1.75768244267,
        "dmean2": 2.82191252708,
        "dvar": 13.6301574707,
        "dvar2": 31.6973171234,
        "max": 227.152496338,
        "mean": 3.96052789688,
        "median": 2.86956214905,
        "min": -1.34084510803,
        "var": 40.0756874084
    },
    "spectral_rms": {
        "dmean": 0.000636544078588,
        "dmean2": 0.000914036179893,
        "dvar": 6.08003574598e-07,
        "dvar2": 1.26254906263e-06,
        "max": 0.0103435814381,
        "mean": 0.00448741856962,
        "median": 0.00440416159108,
        "min": 3.12122658448e-12,
        "var": 3.08407788907e-06
    },
    "spectral_rolloff": {
        "dmean": 409.735137939,
        "dmean2": 678.295166016,
        "dvar": 787620.25,
        "dvar2": 1692159.625,
        "max": 19552.1484375,
        "mean": 1316.70666504,
        "median": 710.595703125,
        "min": 86.1328125,
        "var": 5078073
    },
    "spectral_skewness": {
        "dmean": 0.246153026819,
        "dmean2": 0.369341045618,
        "dvar": 0.0909446105361,
        "dvar2": 0.193763107061,
        "max": 12.2893276215,
        "mean": 1.44326722622,
        "median": 1.38812732697,
        "min": -0.313824385405,
        "var": 0.433254897594
    },
    "spectral_spread": {
        "dmean": 598472.625,
        "dmean2": 813205,
        "dvar": 615285915648,
        "dvar2": 1.11941268275e+12,
        "max": 43381868,
        "mean": 5123632.5,
        "median": 4542207.5,
        "min": 441668.0625,
        "var": 1.59564840305e+13
    },
    "spectral_strongpeak": {
        "dmean": 0.633247196674,
        "dmean2": 1.03037762642,
        "dvar": 1.61332285404,
        "dvar2": 3.61741042137,
        "max": 17.6092453003,
        "mean": 1.16662240028,
        "median": 0.311718732119,
        "min": 0,
        "var": 3.94104790688
    },
    "zerocrossingrate": {
        "dmean": 0.0104842195287,
        "dmean2": 0.0118921268731,
        "dvar": 0.000186246747035,
        "dvar2": 0.0002179343428,
        "max": 0.52685546875,
        "mean": 0.0578984692693,
        "median": 0.04833984375,
        "min": 0.00244140625,
        "var": 0.00340687157586
    },
    "barkbands": {
        "dmean": [5.16318068549e-05, 0.00162494543474, 0.00123233837076, 0.00111365015619, 0.00113134912681, 0.000950120214839, 0.000587376533076, 0.000637769466266, 0.000862200802658, 0.00115170050412, 0.000355976546416, 0.000453434302472, 0.000593589968048, 0.000791015801951, 0.000419528863858, 0.000305438385112, 0.000158523020218, 0.000210082900594, 0.000110187407699, 8.97726786206e-05, 8.79832005012e-05, 9.86650557024e-05, 0.000120700031403, 8.2427613961e-05, 3.78493714379e-05, 7.54926213631e-06, 1.7591884216e-07],
        "dmean2": [8.06324533187e-05, 0.0025771392975, 0.0019709947519, 0.00171622610651, 0.0019444526406, 0.00156067777425, 0.00092505448265, 0.00101190025453, 0.00127967982553, 0.00170905131381, 0.000521591922734, 0.000675217015669, 0.000916010932997, 0.00118864246178, 0.00068360415753, 0.000469933642307, 0.000246403244091, 0.000325019267621, 0.000168599333847, 0.000140953197842, 0.000138019677252, 0.000145610654727, 0.000170842598891, 0.000114684633445, 5.24467650393e-05, 1.01552068372e-05, 2.79052954966e-07],
        "dvar": [9.25379950445e-09, 6.87226702212e-06, 6.32081901131e-06, 1.021755088e-05, 8.13859242044e-06, 4.73744739793e-06, 3.28115584125e-06, 5.44120666746e-06, 1.26590075524e-05, 1.63971290021e-05, 2.59809962699e-06, 3.02395301333e-06, 7.11742313797e-06, 9.38436551223e-06, 3.10375094159e-06, 1.80137192274e-06, 2.93360187698e-07, 3.61083408507e-07, 1.02912522948e-07, 8.73069865293e-08, 1.02027826188e-07, 1.44741832742e-07, 2.75014400586e-07, 1.49811327788e-07, 4.31006803581e-08, 6.19151563352e-10, 5.56405670236e-13],
        "dvar2": [2.01748395767e-08, 1.73568369064e-05, 1.50557998495e-05, 2.38297179749e-05, 2.28453809541e-05, 1.10586115625e-05, 7.8849707279e-06, 1.28260899146e-05, 2.49817403528e-05, 3.16608675348e-05, 4.39754512627e-06, 6.25080247119e-06, 1.5646148313e-05, 2.04254065466e-05, 7.27275846657e-06, 3.95382494389e-06, 6.23921437182e-07, 8.32887906199e-07, 1.88895455722e-07, 2.1351300461e-07, 2.72846648386e-07, 3.11199585212e-07, 5.74724026592e-07, 2.67401844667e-07, 8.13805343114e-08, 1.14081832869e-09, 1.40091931111e-12],
        "max": [0.00230132741854, 0.0582406260073, 0.0611712634563, 0.0629195868969, 0.0490074455738, 0.0684908330441, 0.0796798318624, 0.0665653944016, 0.0882855206728, 0.0819686055183, 0.0595648139715, 0.0453367233276, 0.0824741572142, 0.0749773904681, 0.0441936291754, 0.0486409552395, 0.0231102984399, 0.0191325880587, 0.0216537918895, 0.00937165133655, 0.017880057916, 0.0134326545522, 0.0223557427526, 0.0196165312082, 0.00966856628656, 0.00137449766044, 2.79649157164e-05],
        "mean": [0.000102597980003, 0.00528078107163, 0.0029397928156, 0.00151670875493, 0.00171745184343, 0.00141740159597, 0.00101309467573, 0.000989122316241, 0.00126769370399, 0.00195159646682, 0.000620795530267, 0.000665420142468, 0.000720040465239, 0.00113149103709, 0.000475078442832, 0.000402794859838, 0.000240691064391, 0.000327322923113, 0.000189403494005, 0.000129117790493, 0.000138717397931, 0.00016429903917, 0.000192971652723, 0.000136482645757, 5.98061233177e-05, 1.07361365735e-05, 1.67902655335e-07],
        "median": [4.02248297178e-05, 0.00473640765995, 0.00180867384188, 0.000520067929756, 0.000752110383473, 0.000514877843671, 0.000304432614939, 0.00022590556182, 0.000171966676135, 9.66547377175e-05, 4.19197458541e-05, 6.57204946037e-05, 6.26591499895e-05, 9.25146014197e-05, 6.49367430015e-05, 7.10852182237e-05, 6.12684088992e-05, 7.92955615907e-05, 7.83331124694e-05, 5.04326999362e-05, 5.75600861339e-05, 5.01534013893e-05, 4.33161367255e-05, 2.94762066915e-05, 9.24093728827e-06, 1.33821470172e-06, 7.99179211697e-09],
        "min": [5.73112378024e-26, 6.69152298234e-25, 7.11601150063e-25, 1.63106892359e-24, 7.36844521536e-24, 5.98372571956e-24, 4.6465571814e-24, 8.69944762225e-24, 1.43025562381e-23, 1.41403475033e-23, 1.76781993366e-23, 2.07813509458e-23, 2.69456488987e-23, 3.94550422577e-23, 2.87836096109e-23, 4.75139032705e-23, 5.17032847917e-23, 6.96810682566e-23, 1.36548957551e-22, 1.50086971888e-22, 2.78580637233e-22, 2.78316614954e-22, 3.50717107632e-22, 5.66919168319e-22, 8.85875397998e-22, 1.3722712297e-21, 1.90721555574e-21],
        "var": [2.05267944864e-08, 1.7676198695e-05, 1.30907892526e-05, 1.10516912173e-05, 8.00421184977e-06, 1.17853078336e-05, 8.63219884195e-06, 9.97918687062e-06, 2.85634814645e-05, 4.84886040795e-05, 1.02021158455e-05, 7.17185321264e-06, 1.06457464426e-05, 1.88687863556e-05, 3.43105170941e-06, 2.69945780929e-06, 6.35974799934e-07, 7.33211265924e-07, 3.24500945226e-07, 1.1213897011e-07, 1.1682737977e-07, 3.26815779772e-07, 6.16741942849e-07, 3.73647480956e-07, 9.88367716559e-08, 1.42289313665e-09, 5.33848301936e-13]
    },
    "erbbands": {
        "dmean": [0.0402439124882, 0.407402426004, 1.31751060486, 2.45060038567, 3.70941901207, 3.86160707474, 6.11346483231, 8.3091468811, 8.92942905426, 8.84660434723, 14.5484161377, 19.8011608124, 35.3659667969, 26.5530719757, 13.6720600128, 16.3030281067, 24.2879829407, 28.4634723663, 36.1099090576, 15.2312440872, 13.8262367249, 8.27103996277, 11.8746728897, 6.40496349335, 4.77455234528, 3.57594132423, 3.73132276535, 3.27148032188, 3.20705842972, 3.96398830414, 3.36274695396, 2.04368114471, 1.24210834503, 0.63073694706, 0.153687685728, 0.0421609506011, 0.0130091905594, 0.00125040416606, 3.02903117699e-05, 8.89913189894e-06],
        "dmean2": [0.060802731663, 0.64909273386, 2.11914730072, 3.8154489994, 5.89223003387, 6.6306848526, 10.2583761215, 13.5921707153, 14.2177343369, 13.708524704, 21.897310257, 29.3138599396, 51.0290107727, 37.7282524109, 19.1838359833, 23.3695907593, 36.9453773499, 41.6810188293, 54.1648254395, 23.8062610626, 20.504322052, 12.4134435654, 18.1718387604, 9.59696865082, 7.42995166779, 5.48063135147, 5.87412309647, 4.94616317749, 4.74502229691, 5.72596931458, 4.8343129158, 2.84749078751, 1.75922000408, 0.885523676872, 0.210733547807, 0.0563502423465, 0.0178510509431, 0.00174844486173, 4.10869179177e-05, 1.26591921799e-05],
        "dvar": [0.00456235464662, 0.46411293745, 6.72321462631, 31.5644226074, 118.100509644, 82.9193954468, 202.806304932, 435.014068604, 683.902648926, 819.375915527, 2766.82324219, 7395.38720703, 13230.7949219, 9761.80664062, 2715.15429688, 3850.05615234, 12162.5693359, 11099.8417969, 21731.9589844, 3364.59790039, 3582.01757812, 660.92364502, 1267.86633301, 394.680755615, 141.78503418, 151.735107422, 311.446716309, 83.9579620361, 132.373260498, 291.161743164, 251.126037598, 79.1962432861, 40.6684951782, 11.4870557785, 0.684621334076, 0.0263559035957, 0.00166175398044, 1.61675561685e-05, 8.45692493812e-09, 2.62336458112e-10],
        "dvar2": [0.0106789972633, 1.1769926548, 16.3383541107, 75.4353561401, 300.303405762, 228.932250977, 516.53326416, 988.440673828, 1641.98449707, 1905.84411621, 6033.1484375, 15285.4472656, 24570.8808594, 18285.0097656, 4831.71337891, 7588.66503906, 28163.8808594, 21897.0175781, 47000.5976562, 7786.953125, 7534.65673828, 1447.87109375, 2882.2668457, 743.348144531, 315.042724609, 373.035888672, 826.226318359, 206.440963745, 271.410888672, 615.747070312, 552.512390137, 141.236724854, 72.7533798218, 21.8744945526, 1.23438334465, 0.0416914261878, 0.00338022923097, 3.56450836989e-05, 1.77304926297e-08, 5.19714160596e-10],
        "max": [1.6218265295, 15.5633325577, 56.0194511414, 106.870529175, 195.951797485, 162.073348999, 533.293395996, 702.171203613, 956.054016113, 890.581970215, 1938.52612305, 2604.64819336, 3157.49389648, 2648.91455078, 2043.1484375, 1932.64257812, 3941.7878418, 3612.47631836, 3855.98461914, 1526.7121582, 2091.15991211, 894.664367676, 1124.46337891, 1353.29724121, 419.96206665, 464.574005127, 1167.38317871, 388.081970215, 484.869842529, 795.135437012, 713.12713623, 372.334014893, 349.798461914, 155.482589722, 39.4643363953, 10.6960382462, 1.382797122, 0.13634622097, 0.00316523807123, 0.000971449888311],
        "mean": [0.130086898804, 1.26947963238, 3.38240599632, 4.31831407547, 5.27901077271, 5.73868227005, 8.66819858551, 12.4740171432, 15.3825588226, 15.359044075, 22.6991176605, 29.6964359283, 53.2078704834, 44.4320259094, 24.6989116669, 25.2350692749, 32.3602256775, 40.663608551, 50.9924850464, 22.4054489136, 19.6040325165, 14.3377151489, 18.9785671234, 11.5471515656, 8.39302635193, 5.57695102692, 5.6759929657, 5.44887542725, 5.50248861313, 6.34959316254, 5.33307504654, 3.40003705025, 2.02443981171, 0.993680477142, 0.24952442944, 0.0639130920172, 0.0175245366991, 0.00162155064754, 5.26076255483e-05, 3.14061762765e-05],
        "median": [0.113356292248, 1.07285642624, 2.25517559052, 2.49105453491, 1.84435987473, 2.3223567009, 2.9419426918, 4.73028326035, 5.09073257446, 4.78118896484, 5.27749919891, 4.87753486633, 4.07347583771, 3.31288123131, 2.48928618431, 2.91397833824, 3.84426164627, 4.39800167084, 5.44157981873, 4.30469989777, 3.9428961277, 4.22478532791, 4.57926464081, 3.9197883606, 3.86472272873, 2.3667178154, 2.34141135216, 2.11882019043, 1.79740488529, 1.67407798767, 1.11177492142, 0.751827180386, 0.396992743015, 0.160432249308, 0.0374143049121, 0.00840009748936, 0.00221959594637, 0.000181777606485, 1.93779487745e-05, 2.48989272222e-05],
        "min": [1.72056385222e-23, 2.16844408034e-22, 1.19427290748e-21, 5.9842025986e-21, 8.1661556127e-21, 1.97712693857e-20, 4.97244632588e-20, 6.66102180907e-20, 1.03708822662e-19, 1.0685943083e-19, 1.98804187755e-19, 2.89438173602e-19, 4.83885045309e-19, 7.61102736885e-19, 8.52236275199e-19, 1.03740897882e-18, 1.54745681633e-18, 1.94525727869e-18, 1.97989236491e-18, 3.0255373743e-18, 2.81271000654e-18, 3.09381741155e-18, 4.40748589661e-18, 5.01955115983e-18, 7.25809132176e-18, 7.3641780625e-18, 1.00588727635e-17, 9.57531373074e-18, 9.52238740642e-18, 1.10352883391e-17, 1.03510255112e-17, 1.08191783051e-17, 9.95057166025e-18, 8.75311109111e-18, 6.27337126642e-18, 4.0379280687e-18, 2.19234956934e-18, 9.9678748311e-19, 2.5047801845e-19, 2.52739672416e-20],
        "var": [0.0121740316972, 1.16471302509, 12.9279699326, 38.4505462646, 117.515304565, 94.945274353, 354.598571777, 1091.58007812, 1975.70495605, 1708.36755371, 5273.40478516, 15546.6464844, 32327.2832031, 26990.2695312, 10295.0986328, 8785.58203125, 17915.6523438, 21522.6347656, 36464.2539062, 4808.2578125, 5566.24804688, 1504.23254395, 2545.77758789, 1234.5859375, 342.742706299, 188.919174194, 279.889343262, 166.653488159, 316.412109375, 659.468261719, 507.510559082, 204.950653076, 96.409828186, 26.0442428589, 1.75888586044, 0.0755665525794, 0.0030296551995, 2.50770244747e-05, 1.5645939655e-08, 7.45695949433e-10]
    },
    "gfcc": {
        "mean": [-42.1649742126, 104.1873703, -110.941925049, 50.0901107788, -57.8783073425, 21.5550746918, -33.3374710083, 9.23881530762, -10.8407430649, 1.79055726528, -9.17186546326, -3.882614851, -8.21102142334],
        "cov": [[20915.7402344, -57.3526344299, -2009.61682129, 465.144317627, -1264.97070312, 724.943969727, -747.480285645, 371.235748291, -362.791290283, 62.6901779175, -328.601379395, 45.7192878723, -317.827331543], [-57.3526344299, 1502.7701416, -88.6505508423, -10.0406990051, 342.150421143, -241.436859131, 241.531326294, -169.376678467, 109.176521301, -142.469314575, 142.308273315, -132.44078064, 117.142311096], [-2009.61682129, -88.6505508423, 1120.53063965, 210.038879395, 23.7368793488, -72.0504074097, -40.8785095215, -55.8192367554, -10.9558038712, 22.629573822, -81.6767883301, 20.3211803436, -29.2731056213], [465.144317627, -10.0406990051, 210.038879395, 440.776245117, -10.1181793213, -60.457824707, -102.553741455, -26.0172252655, 37.5551528931, 9.32304286957, -34.8114013672, -28.0417404175, 7.94444131851], [-1264.97070312, 342.150421143, 23.7368793488, -10.1181793213, 422.981262207, -59.3982200623, 121.429275513, -65.9493560791, 44.6046409607, -7.22942876816, 53.3161239624, -38.0754585266, 36.34740448], [724.943969727, -241.436859131, -72.0504074097, -60.457824707, -59.3982200623, 279.617889404, 22.9760341644, 57.2200584412, -44.0894546509, 19.5383682251, -14.4058475494, 14.1571445465, -40.7252883911], [-747.480285645, 241.531326294, -40.8785095215, -102.553741455, 121.429275513, 22.9760341644, 288.27734375, -3.29199242592, 2.26031041145, -20.8619041443, 45.0045089722, -18.9983386993, 23.2588367462], [371.235748291, -169.376678467, -55.8192367554, -26.0172252655, -65.9493560791, 57.2200584412, -3.29199242592, 181.406723022, 26.027425766, 28.5257511139, -13.8064317703, 20.3089675903, -20.4034500122], [-362.791290283, 109.176521301, -10.9558038712, 37.5551528931, 44.6046409607, -44.0894546509, 2.26031041145, 26.027425766, 154.394729614, 16.6875514984, 32.0884208679, -17.50740242, 26.7800331116], [62.6901779175, -142.469314575, 22.629573822, 9.32304286957, -7.22942876816, 19.5383682251, -20.8619041443, 28.5257511139, 16.6875514984, 143.195892334, 8.86855602264, 17.769657135, -29.5088653564], [-328.601379395, 142.308273315, -81.6767883301, -34.8114013672, 53.3161239624, -14.4058475494, 45.0045089722, -13.8064317703, 32.0884208679, 8.86855602264, 136.729400635, 11.48624897, 26.1047706604], [45.7192878723, -132.44078064, 20.3211803436, -28.0417404175, -38.0754585266, 14.1571445465, -18.9983386993, 20.3089675903, -17.50740242, 17.769657135, 11.48624897, 107.365867615, 12.1918430328], [-317.827331543, 117.142311096, -29.2731056213, 7.94444131851, 36.34740448, -40.7252883911, 23.2588367462, -20.4034500122, 26.7800331116, -29.5088653564, 26.1047706604, 12.1918430328, 112.294296265]],
        "icov": [[0.000175870154635, -0.000413715053583, 0.000374611961888, -0.000371471222024, 0.000419822899858, -0.000508845492732, 0.000431645778008, -0.000259627966443, 0.000417517469032, -0.000275430385955, 0.00048177264398, -0.000389828113839, 0.000354650401277], [-0.000413715053583, 0.00238244328648, -0.000820882210974, 0.000868189672474, -0.0014066323638, 0.00198613619432, -0.00176311016548, 0.00122266844846, -0.00145711272489, 0.00158255326096, -0.00199147849344, 0.00203884206712, -0.00116375670768], [0.000374611961888, -0.000820882210974, 0.00188660016283, -0.00128971389495, 0.000765463977586, -0.000824725721031, 0.000709401676431, -0.000188375415746, 0.00084766454529, -0.000695949187502, 0.0016577342758, -0.00137931143399, 0.00115095684305], [-0.000371471222024, 0.000868189672474, -0.00128971389495, 0.00371185643598, -0.000863568566274, 0.00126981921494, 8.20133282105e-05, 0.000754384032916, -0.00147343217395, 0.000365292624338, -0.000683210499119, 0.00175860151649, -0.00128046469763], [0.000419822899858, -0.0014066323638, 0.000765463977586, -0.000863568566274, 0.00427604978904, -0.0011081105331, 5.53623758606e-05, 0.000155370988068, 0.000469074264402, -0.00122685206588, 0.00082641467452, -0.0005157503183, 0.000576664926484], [-0.000508845492732, 0.00198613619432, -0.000824725721031, 0.00126981921494, -0.0011081105331, 0.00631854170933, -0.00223683845252, -2.54870865319e-05, -0.000354370014975, 0.00093518034555, -0.00170542940032, 0.00152385770343, -0.000146765305544], [0.000431645778008, -0.00176311016548, 0.000709401676431, 8.20133282105e-05, 5.53623758606e-05, -0.00223683845252, 0.00613498920575, -0.0014711957192, 0.00166110380087, -0.000685981241986, 0.00054533284856, -0.000492367020342, 0.000223165785428], [-0.000259627966443, 0.00122266844846, -0.000188375415746, 0.000754384032916, 0.000155370988068, -2.54870865319e-05, -0.0014711957192, 0.00780825782567, -0.00314346910454, 2.88456358248e-05, 9.86365193967e-05, -0.000392558431486, 0.000328087655362], [0.000417517469032, -0.00145711272489, 0.00084766454529, -0.00147343217395, 0.000469074264402, -0.000354370014975, 0.00166110380087, -0.00314346910454, 0.00975601375103, -0.00213712127879, -0.00044586849981, 0.000690139771905, -0.0010281217983], [-0.000275430385955, 0.00158255326096, -0.000695949187502, 0.000365292624338, -0.00122685206588, 0.00093518034555, -0.000685981241986, 2.88456358248e-05, -0.00213712127879, 0.00924078561366, -0.00223506428301, -0.000223632072448, 0.00172772607766], [0.00048177264398, -0.00199147849344, 0.0016577342758, -0.000683210499119, 0.00082641467452, -0.00170542940032, 0.00054533284856, 9.86365193967e-05, -0.00044586849981, -0.00223506428301, 0.0111861629412, -0.00348461070098, 0.000237376443692], [-0.000389828113839, 0.00203884206712, -0.00137931143399, 0.00175860151649, -0.0005157503183, 0.00152385770343, -0.000492367020342, -0.000392558431486, 0.000690139771905, -0.000223632072448, -0.00348461070098, 0.0132745616138, -0.00381844840012], [0.000354650401277, -0.00116375670768, 0.00115095684305, -0.00128046469763, 0.000576664926484, -0.000146765305544, 0.000223165785428, 0.000328087655362, -0.0010281217983, 0.00172772607766, 0.000237376443692, -0.00381844840012, 0.0123456604779]]
    },
    "melbands": {
        "dmean": [0.000397885829443, 0.000608165399171, 0.000477109540952, 0.000250881013926, 0.000202286362764, 0.00018594476569, 0.000128069485072, 0.000108280510176, 0.00012236754992, 0.000127157618408, 0.000182649222552, 0.000122065604955, 4.59668117401e-05, 4.41762967966e-05, 5.23073067598e-05, 5.28913151356e-05, 6.22534789727e-05, 7.41251715226e-05, 2.50199391303e-05, 2.36788509937e-05, 1.55551715579e-05, 9.52921527642e-06, 1.06029337985e-05, 1.03058118839e-05, 5.47739364265e-06, 3.86564352084e-06, 3.73361399397e-06, 2.39296286964e-06, 2.73038108389e-06, 2.15111981561e-06, 1.90048274362e-06, 1.8050448034e-06, 2.24284713113e-06, 2.31743547374e-06, 2.09570407605e-06, 1.69862505572e-06, 1.1818983694e-06, 9.29937868932e-07, 7.66090749948e-07, 4.7424521199e-07],
        "dmean2": [0.000619807455223, 0.000973538786639, 0.000738702947274, 0.000416219321778, 0.000341230799677, 0.000303323700791, 0.000203199422685, 0.00016911244893, 0.000183906900929, 0.000188732388779, 0.000263878464466, 0.000176273199031, 6.50595757179e-05, 6.46735570626e-05, 7.87875906099e-05, 8.07946780697e-05, 9.29703237489e-05, 0.000110996232252, 3.97103103751e-05, 3.71356982214e-05, 2.33804457821e-05, 1.46080865306e-05, 1.64934117493e-05, 1.61959542311e-05, 8.32219848235e-06, 6.0362244767e-06, 5.96751124249e-06, 3.76528282686e-06, 4.37036123913e-06, 3.39382972925e-06, 2.89134072773e-06, 2.73734667644e-06, 3.36887819685e-06, 3.40497990692e-06, 3.08511107505e-06, 2.47431444222e-06, 1.68413976098e-06, 1.34303297727e-06, 1.12165616883e-06, 6.80231210026e-07],
        "dvar": [4.05574127171e-07, 1.26720715343e-06, 1.42993997088e-06, 4.2026005076e-07, 2.05225958894e-07, 1.96611551928e-07, 1.40128960879e-07, 1.2543769401e-07, 1.98346171487e-07, 3.06319748233e-07, 3.60605298511e-07, 2.09760145253e-07, 3.44268613617e-08, 2.99771052426e-08, 6.30807619473e-08, 5.90209410234e-08, 5.7993055691e-08, 9.66772191191e-08, 9.95914728463e-09, 1.23707568633e-08, 4.751264715e-09, 1.07731856769e-09, 1.14516096605e-09, 1.05411424034e-09, 3.5026287426e-10, 1.3955921141e-10, 1.74792152974e-10, 7.96775423417e-11, 1.55395418755e-10, 5.12670565722e-11, 3.10396361392e-11, 3.75487106685e-11, 9.2085977732e-11, 1.00252334212e-10, 8.72634464688e-11, 6.5878622002e-11, 2.9342597796e-11, 2.31060223038e-11, 1.73366702938e-11, 6.79861505634e-12],
        "dvar2": [9.98868131319e-07, 3.12684073833e-06, 3.40992073689e-06, 1.14185763778e-06, 5.41235579021e-07, 4.51326144457e-07, 3.40231792961e-07, 2.96776079267e-07, 4.05044403351e-07, 6.10926065292e-07, 6.68981101626e-07, 3.97590326884e-07, 5.78630157122e-08, 5.71390579296e-08, 1.34638440841e-07, 1.22173716477e-07, 1.14517931138e-07, 2.13329443e-07, 2.44381102021e-08, 2.87863137771e-08, 1.0093197389e-08, 2.34308772384e-09, 2.60040144973e-09, 2.46134379545e-09, 6.39994335305e-10, 2.97471991484e-10, 4.21860074651e-10, 1.93638771684e-10, 4.02637867492e-10, 1.32245353557e-10, 7.70628907909e-11, 7.75926892183e-11, 2.09642275761e-10, 2.2088877949e-10, 1.95473040532e-10, 1.36377784066e-10, 5.695151295e-11, 4.32390061256e-11, 3.43500818067e-11, 1.32381961296e-11],
        "max": [0.0164251849055, 0.0251351129264, 0.0235613584518, 0.0107317836955, 0.01368653588, 0.0145825995132, 0.0137336533517, 0.00926957186311, 0.0167861524969, 0.0149248000234, 0.0157696902752, 0.0107254646719, 0.00819183327258, 0.00678214291111, 0.00901726726443, 0.00717885047197, 0.00820092577487, 0.00766725931317, 0.00292195682414, 0.00469617452472, 0.00231896480545, 0.00141256023198, 0.00138545699883, 0.00144187663682, 0.00137656845618, 0.000519534398336, 0.000433832610724, 0.00041451441939, 0.000746315519791, 0.000302899745293, 0.000237410611589, 0.000286012713332, 0.000403339858167, 0.000457970687421, 0.000407165236538, 0.000373633258278, 0.000224299990805, 0.000282110908302, 0.00015921285376, 0.000124780533952],
        "mean": [0.00132955529261, 0.00178903702181, 0.000812799262349, 0.000386918603908, 0.000296556652756, 0.000285402464215, 0.000223948052735, 0.000184198128409, 0.000188624850125, 0.000184621108929, 0.000277683255263, 0.000199304791749, 8.23418595246e-05, 6.98629664839e-05, 7.32972766855e-05, 6.7844404839e-05, 8.06825555628e-05, 0.000101297890069, 3.09534734697e-05, 3.05622997985e-05, 2.03221516131e-05, 1.47067794387e-05, 1.62294891197e-05, 1.49693851199e-05, 8.87205987965e-06, 6.53910456094e-06, 5.33471165909e-06, 3.32628746946e-06, 3.73537818632e-06, 3.26731037603e-06, 3.0022986266e-06, 2.95738936984e-06, 3.43402120961e-06, 3.53859536517e-06, 3.16079763252e-06, 2.64482036982e-06, 1.85655051155e-06, 1.43941952047e-06, 1.18703974294e-06, 7.17880993761e-07],
        "median": [0.00122989318334, 0.00144186266698, 0.000452223408502, 0.00015440460993, 0.000110795896035, 0.000108819353045, 7.29927123757e-05, 5.0189672038e-05, 3.80032106477e-05, 2.4645252779e-05, 1.65598066815e-05, 1.20823251564e-05, 6.07294805377e-06, 6.42260920358e-06, 6.34764273855e-06, 6.69242581353e-06, 7.53701806389e-06, 8.54506652104e-06, 5.04279978486e-06, 5.11318967256e-06, 3.58612487616e-06, 4.00365661335e-06, 3.90021432395e-06, 3.17986678056e-06, 2.85155761048e-06, 2.67721588898e-06, 2.05516380447e-06, 1.22404537706e-06, 1.39019994094e-06, 1.24018447423e-06, 1.06035952285e-06, 9.46249883782e-07, 9.32440570978e-07, 8.57668169374e-07, 6.26580401786e-07, 5.50224740437e-07, 3.89434120507e-07, 2.73927241778e-07, 1.86570019878e-07, 1.05098948211e-07],
        "min": [1.625918007e-25, 4.65081229713e-25, 1.6457180706e-24, 1.00084025501e-24, 1.76405903929e-24, 1.46993185635e-24, 1.49135120487e-24, 1.08103516438e-24, 1.42596538405e-24, 1.93971311934e-24, 2.10344908883e-24, 2.42579560129e-24, 3.03590890842e-24, 3.40945841009e-24, 2.29306580968e-24, 2.80889643357e-24, 2.41377631932e-24, 2.90746263153e-24, 2.63153308916e-24, 3.07110196556e-24, 3.51495001793e-24, 2.38297011768e-24, 3.43636527227e-24, 2.7955611344e-24, 3.15853851943e-24, 4.27040858027e-24, 4.89391516786e-24, 4.03976537311e-24, 4.11173078691e-24, 5.5131378463e-24, 5.20631789139e-24, 4.72383793998e-24, 5.35268077716e-24, 4.56746914249e-24, 4.64511751025e-24, 5.76166295246e-24, 5.81251213755e-24, 5.45027352076e-24, 5.95968518347e-24, 6.91451177353e-24],
        "var": [1.0647460158e-06, 2.5278634439e-06, 1.62500293754e-06, 4.32981039467e-07, 3.35966461762e-07, 5.08242123942e-07, 3.92073758348e-07, 2.56606966786e-07, 4.13637309293e-07, 6.45409443223e-07, 9.20255786241e-07, 5.65920856843e-07, 1.45769675441e-07, 9.9139157328e-08, 1.16946381468e-07, 1.09355696054e-07, 1.06902966479e-07, 1.6452059981e-07, 1.24511556621e-08, 1.70605289895e-08, 7.23065118891e-09, 2.29820429354e-09, 2.44482012413e-09, 1.81549786316e-09, 1.01370534189e-09, 3.21028620354e-10, 2.30580096683e-10, 9.32914231977e-11, 1.46331405326e-10, 6.46953393635e-11, 5.86305656802e-11, 8.58979415375e-11, 1.8720544559e-10, 2.09576522803e-10, 1.70806854771e-10, 1.3805229182e-10, 6.69379968121e-11, 4.97927220289e-11, 3.75621547755e-11, 1.47004283746e-11]
    },
    "mfcc": {
        "mean": [-673.777404785, 118.171325684, 13.9359560013, 29.4215679169, 8.90107822418, 11.6290807724, -2.56772112846, 6.96015834808, 1.07945036888, 8.39501476288, 4.34015798569, 1.7522777319, -2.34753322601],
        "cov": [[9040.69335938, -518.506835938, -411.478210449, -393.400268555, -210.396682739, -25.4015655518, -181.994049072, 176.003707886, -73.6401672363, 61.4233093262, 39.0746688843, -48.7915458679, -118.794303894], [-518.506835938, 1576.17456055, -177.849212646, 204.052032471, 76.2498016357, 45.3878631592, 150.136291504, 7.99445581436, 17.2423534393, 9.84177303314, 18.4615821838, 9.76453781128, -17.0121746063], [-411.478210449, -177.849212646, 853.092834473, 158.976394653, 44.6288871765, 42.6302986145, -69.7407989502, -28.1479663849, 8.1875667572, -40.0209960938, -31.0524139404, -15.8682308197, 32.7208442688], [-393.400268555, 204.052032471, 158.976394653, 430.789398193, 127.618888855, 15.2370128632, -35.0659446716, -57.5008735657, 26.4708118439, -11.1052379608, -33.6624069214, 5.69674921036, 9.9278049469], [-210.396682739, 76.2498016357, 44.6288871765, 127.618888855, 252.309814453, 24.1901741028, -35.6029396057, -23.5622425079, 10.3366317749, 7.45051765442, -12.5619621277, 5.25709009171, 7.67559623718], [-25.4015655518, 45.3878631592, 42.6302986145, 15.2370128632, 24.1901741028, 181.777557373, 64.4386978149, -3.78940987587, -1.54554665089, 9.1568775177, -0.982289075851, -13.2066240311, -2.22700309753], [-181.994049072, 150.136291504, -69.7407989502, -35.0659446716, -35.6029396057, 64.4386978149, 207.33493042, 37.5745849609, 0.475519835949, 7.36292648315, 23.2299156189, -8.08187294006, -0.887610852718], [176.003707886, 7.99445581436, -28.1479663849, -57.5008735657, -23.5622425079, -3.78940987587, 37.5745849609, 137.799224854, 18.8967227936, 3.7160577774, 6.51622343063, -3.73919773102, -4.30443477631], [-73.6401672363, 17.2423534393, 8.1875667572, 26.4708118439, 10.3366317749, -1.54554665089, 0.475519835949, 18.8967227936, 118.304298401, 26.5591125488, -0.820514976978, 4.38202476501, 0.00737483752891], [61.4233093262, 9.84177303314, -40.0209960938, -11.1052379608, 7.45051765442, 9.1568775177, 7.36292648315, 3.7160577774, 26.5591125488, 111.810546875, 35.7816505432, 1.89906275272, -5.7820520401], [39.0746688843, 18.4615821838, -31.0524139404, -33.6624069214, -12.5619621277, -0.982289075851, 23.2299156189, 6.51622343063, -0.820514976978, 35.7816505432, 113.797592163, 33.4586372375, -1.63675308228], [-48.7915458679, 9.76453781128, -15.8682308197, 5.69674921036, 5.25709009171, -13.2066240311, -8.08187294006, -3.73919773102, 4.38202476501, 1.89906275272, 33.4586372375, 113.763916016, 27.8099403381], [-118.794303894, -17.0121746063, 32.7208442688, 9.9278049469, 7.67559623718, -2.22700309753, -0.887610852718, -4.30443477631, 0.00737483752891, -5.7820520401, -1.63675308228, 27.8099403381, 97.982383728]],
