{
"lowlevel": {
    "average_loudness": 0.653132259846,
    "barkbands_crest": {
        "dmean": 2.27183032036,
        "dmean2": 3.6435174942,
        "dvar": 4.68860721588,
        "dvar2": 11.8111610413,
        "max": 24.4017677307,
        "mean": 9.0775270462,
        "median": 8.25299739838,
        "min": 2.51397824287,
        "var": 14.2033052444
    },
    "barkbands_flatness_db": {
        "dmean": 0.0157085098326,
        "dmean2": 0.0242056455463,
        "dvar": 0.000237497573835,
        "dvar2": 0.000552864570636,
        "max": 0.304857462645,
        "mean": 0.110800422728,
        "median": 0.105129703879,
        "min": 0.0241861734539,
        "var": 0.00133945140988
    },
    "barkbands_kurtosis": {
        "dmean": 1.74758338928,
        "dmean2": 2.8092019558,
        "dvar": 9.50310897827,
        "dvar2": 24.277961731,
        "max": 67.069519043,
        "mean": 2.79985046387,
        "median": 1.47710371017,
        "min": -1.84029221535,
        "var": 21.2556247711
    },
    "barkbands_skewness": {
        "dmean": 0.395435065031,
        "dmean2": 0.615008890629,
        "dvar": 0.193362191319,
        "dvar2": 0.462406724691,
        "max": 7.69491195679,
        "mean": 1.32060515881,
        "median": 1.22745907307,
        "min": -3.11008763313,
        "var": 0.861107170582
    },
    "barkbands_spread": {
        "dmean": 4.90650606155,
        "dmean2": 7.56525707245,
        "dvar": 33.7094078064,
        "dvar2": 76.9570388794,
        "max": 96.7285308838,
        "mean": 21.9473152161,
        "median": 20.4932498932,
        "min": 2.05294132233,
        "var": 106.162704468
    },
    "dissonance": {
        "dmean": 0.018279466778,
        "dmean2": 0.0307787638158,
        "dvar": 0.000301154039335,
        "dvar2": 0.000818877713755,
        "max": 0.500000119209,
        "mean": 0.462179660797,
        "median": 0.46621876955,
        "min": 0.250695645809,
        "var": 0.000577271450311
    },
    "dynamic_complexity": 4.636302948,
    "erbbands_crest": {
        "dmean": 2.38802433014,
        "dmean2": 3.82500767708,
        "dvar": 5.79818487167,
        "dvar2": 13.5424976349,
        "max": 29.0493488312,
        "mean": 8.43393802643,
        "median": 7.36473846436,
        "min": 2.48575401306,
        "var": 16.7361965179
    },
    "erbbands_flatness_db": {
        "dmean": 0.0145583543926,
        "dmean2": 0.021203532815,
        "dvar": 0.000228481221711,
        "dvar2": 0.00043623597594,
        "max": 0.309837400913,
        "mean": 0.156797841191,
        "median": 0.154435664415,
        "min": 0.049893360585,
        "var": 0.00114403793123
    },
    "erbbands_kurtosis": {
        "dmean": 0.735258460045,
        "dmean2": 1.14583134651,
        "dvar": 1.03577005863,
        "dvar2": 2.33512592316,
        "max": 21.2105484009,
        "mean": 0.195514947176,
        "median": -0.466310977936,
        "min": -1.76753008366,
        "var": 3.8107521534
    },
    "erbbands_skewness": {
        "dmean": 0.318819224834,
        "dmean2": 0.489212691784,
        "dvar": 0.0966190099716,
        "dvar2": 0.214656844735,
        "max": 4.05243349075,
        "mean": 0.552374362946,
        "median": 0.515517771244,
        "min": -3.01032018661,
        "var": 0.459948092699
    },
    "erbbands_spread": {
        "dmean": 7.24646759033,
        "dmean2": 10.9664297104,
        "dvar": 61.1707458496,
        "dvar2": 133.475784302,
        "max": 136.390075684,
        "mean": 40.5838050842,
        "median": 39.9502944946,
        "min": 4.54873657227,
        "var": 260.46661377
    },
    "hfc": {
        "dmean": 4.7961640358,
        "dmean2": 6.93558597565,
        "dvar": 69.5068283081,
        "dvar2": 137.975112915,
        "max": 140.75479126,
        "mean": 17.2086582184,
        "median": 11.1129350662,
        "min": 1.0833029279e-16,
        "var": 363.599822998
    },
    "melbands_crest": {
        "dmean": 2.67624139786,
        "dmean2": 4.3276591301,
        "dvar": 6.91953134537,
        "dvar2": 17.6504154205,
        "max": 31.7870082855,
        "mean": 11.3289260864,
        "median": 10.5374765396,
        "min": 1.68106687069,
        "var": 19.565038681
    },
    "melbands_flatness_db": {
        "dmean": 0.0183809138834,
        "dmean2": 0.0283938907087,
        "dvar": 0.000365491316188,
        "dvar2": 0.000869153474923,
        "max": 0.43076723814,
        "mean": 0.164233103395,
        "median": 0.155412644148,
        "min": 0.00347438035533,
        "var": 0.00286359922029
    },
    "melbands_kurtosis": {
        "dmean": 4.42366027832,
        "dmean2": 7.07900810242,
        "dvar": 83.0410842896,
        "dvar2": 208.697998047,
        "max": 223.25088501,
        "mean": 9.82042312622,
        "median": 6.19372987747,
        "min": -1.79048132896,
        "var": 159.51184082
    },
    "melbands_skewness": {
        "dmean": 0.536270439625,
        "dmean2": 0.831606030464,
        "dvar": 0.392190784216,
        "dvar2": 0.919312000275,
        "max": 12.1825942993,
        "mean": 2.22227454185,
        "median": 2.03799915314,
        "min": -0.852083206177,
        "var": 1.68307554722
    },
    "melbands_spread": {
        "dmean": 6.27350950241,
        "dmean2": 9.75918006897,
        "dvar": 79.4597396851,
        "dvar2": 171.033615112,
        "max": 191.225097656,
        "mean": 25.3499603271,
        "median": 22.2944068909,
        "min": 1.5160048008,
        "var": 332.388153076
    },
    "pitch_salience": {
        "dmean": 0.0598270781338,
        "dmean2": 0.0971414297819,
        "dvar": 0.00287161767483,
        "dvar2": 0.00732862995937,
        "max": 0.968791604042,
        "mean": 0.601837694645,
        "median": 0.60733962059,
        "min": 0.183962062001,
        "var": 0.00875257141888
    },
    "silence_rate_20dB": {
        "dmean": 0,
        "dmean2": 0,
        "dvar": 0,
        "dvar2": 0,
        "max": 1,
        "mean": 1,
        "median": 1,
        "min": 1,
        "var": 0
    },
    "silence_rate_30dB": {
        "dmean": 0.00178990943823,
        "dmean2": 0.00358021934517,
        "dvar": 0.00178661814425,
        "dvar2": 0.00446224585176,
        "max": 1,
        "mean": 0.9986577034,
        "median": 1,
        "min": 0,
        "var": 0.0013405457139
    },
    "silence_rate_60dB": {
        "dmean": 0.0279673337936,
        "dmean2": 0.055940926075,
        "dvar": 0.0271846819669,
        "dvar2": 0.0581856518984,
        "max": 1,
        "mean": 0.153020128608,
        "median": 0,
        "min": 0,
        "var": 0.129609912634
    },
    "spectral_centroid": {
        "dmean": 247.490203857,
        "dmean2": 387.419647217,
        "dvar": 112091.390625,
        "dvar2": 235994.328125,
        "max": 11676.0878906,
        "mean": 1523.71472168,
        "median": 1394.70410156,
        "min": 233.33807373,
        "var": 1058798.875
    },
    "spectral_complexity": {
        "dmean": 2.7428123951,
        "dmean2": 4.24255990982,
        "dvar": 9.87537670135,
        "dvar2": 19.6016635895,
        "max": 51,
        "mean": 16.4723720551,
        "median": 16,
        "min": 0,
        "var": 82.5805664062
    },
    "spectral_decrease": {
        "dmean": 1.44736223007e-09,
        "dmean2": 2.24899143753e-09,
        "dvar": 7.92944682334e-18,
        "dvar2": 1.97751802568e-17,
        "max": 8.45430335305e-22,
        "mean": -4.32090008218e-09,
        "median": -2.97030799956e-09,
        "min": -4.80871626962e-08,
        "var": 1.91587288684e-17
    },
    "spectral_energy": {
        "dmean": 0.00583046488464,
        "dmean2": 0.00900736730546,
        "dvar": 0.000124784637592,
        "dvar2": 0.000307653128402,
        "max": 0.194259107113,
        "mean": 0.0178689807653,
        "median": 0.0123068913817,
        "min": 1.01628258242e-20,
        "var": 0.00032464475953
    },
    "spectral_energyband_high": {
        "dmean": 0.000286010414129,
        "dmean2": 0.000419125863118,
        "dvar": 4.26278688792e-07,
        "dvar2": 8.34471052258e-07,
        "max": 0.017924843356,
        "mean": 0.000733415479772,
        "median": 0.000436323869508,
        "min": 7.26890375498e-21,
        "var": 1.19802632526e-06
    },
    "spectral_energyband_low": {
        "dmean": 0.00130911113229,
        "dmean2": 0.00224397657439,
        "dvar": 2.39078399318e-05,
        "dvar2": 6.36398981442e-05,
        "max": 0.0738533735275,
        "mean": 0.00199165986851,
        "median": 0.000881474290509,
        "min": 2.46484606992e-23,
        "var": 2.0886762286e-05
    },
    "spectral_energyband_middle_high": {
        "dmean": 0.00197796127759,
        "dmean2": 0.0029122994747,
        "dvar": 1.52512529894e-05,
        "dvar2": 3.26606859744e-05,
        "max": 0.0948792546988,
        "mean": 0.00552929379046,
        "median": 0.00230314768851,
        "min": 1.11511772072e-21,
        "var": 7.81273338362e-05
    },
    "spectral_energyband_middle_low": {
        "dmean": 0.00425869040191,
        "dmean2": 0.00666258390993,
        "dvar": 7.24363853806e-05,
        "dvar2": 0.000183499767445,
        "max": 0.161321476102,
        "mean": 0.0101709188893,
        "median": 0.00686939712614,
        "min": 1.32112252359e-22,
        "var": 0.000133691602969
    },
    "spectral_entropy": {
        "dmean": 0.123232908547,
        "dmean2": 0.185392349958,
        "dvar": 0.0171680543572,
        "dvar2": 0.0353296808898,
        "max": 9.82486629486,
        "mean": 7.64075279236,
        "median": 7.64826726913,
        "min": 5.83601808548,
        "var": 0.135350123048
    },
    "spectral_flux": {
        "dmean": 0.0185439959168,
        "dmean2": 0.029383385554,
        "dvar": 0.000733702036086,
        "dvar2": 0.00159529456869,
        "max": 0.357056289911,
        "mean": 0.0656736195087,
        "median": 0.0543004721403,
        "min": 6.32980820536e-11,
        "var": 0.00228627724573
    },
    "spectral_kurtosis": {
        "dmean": 1.01270473003,
        "dmean2": 1.72131645679,
        "dvar": 1.02034473419,
        "dvar2": 2.95383191109,
        "max": 16.1507320404,
        "mean": 3.01343393326,
        "median": 2.75530076027,
        "min": -1.28711402416,
        "var": 2.80794048309
    },
    "spectral_rms": {
        "dmean": 0.000586374953855,
        "dmean2": 0.000877903774381,
        "dvar": 7.55792257223e-07,
        "dvar2": 1.69808276951e-06,
        "max": 0.0137666650116,
        "mean": 0.00369157246314,
        "median": 0.0034650717862,
        "min": 3.14880174886e-12,
        "var": 3.80544656764e-06
    },
    "spectral_rolloff": {
        "dmean": 474.920013428,
        "dmean2": 791.363098145,
        "dvar": 610489.1875,
        "dvar2": 1367828,
        "max": 19552.1484375,
        "mean": 1720.38562012,
        "median": 1291.9921875,
        "min": 86.1328125,
        "var": 4408333
    },
    "spectral_skewness": {
        "dmean": 0.162481218576,
        "dmean2": 0.259814798832,
        "dvar": 0.0224886536598,
        "dvar2": 0.0554949641228,
        "max": 3.13053703308,
        "mean": 1.25467932224,
        "median": 1.24283742905,
        "min": -0.0808066651225,
        "var": 0.118162699044
    },
    "spectral_spread": {
        "dmean": 426123.8125,
        "dmean2": 655542,
        "dvar": 1.27599090074e+12,
        "dvar2": 2.63301208474e+12,
        "max": 50067676,
        "mean": 4826232,
        "median": 4395264.5,
        "min": 2595336,
        "var": 1.23710545592e+13
    },
    "spectral_strongpeak": {
        "dmean": 0.533996462822,
        "dmean2": 0.857939064503,
        "dvar": 0.672422349453,
        "dvar2": 1.62567341328,
        "max": 10.1914768219,
        "mean": 1.10578250885,
        "median": 0.614226639271,
        "min": 0,
        "var": 1.84069097042
    },
    "zerocrossingrate": {
        "dmean": 0.00856674369425,
        "dmean2": 0.010600477457,
        "dvar": 0.000120261705888,
        "dvar2": 0.000148296909174,
        "max": 0.53125,
        "mean": 0.0703444480896,
        "median": 0.0634765625,
        "min": 0.00439453125,
        "var": 0.00277953036129
    },
    "barkbands": {
        "dmean": [2.27886903303e-05, 0.000471747276606, 0.00050200347323, 0.00101658108179, 0.0010965638794, 0.00131689198315, 0.00060966052115, 0.000507531687617, 0.00136297289282, 0.000887283473276, 0.000362662132829, 0.000630744558293, 0.000445172103355, 0.000512658152729, 0.000208939003642, 0.000171148087247, 0.000145948797581, 0.000111719520646, 0.000127694453113, 0.000114920141641, 0.000109659180453, 9.22743638512e-05, 5.9410052927e-05, 3.94284470531e-05, 1.38281011459e-05, 8.47057799547e-06, 1.01258342511e-06],
        "dmean2": [3.83357946703e-05, 0.000774051819462, 0.000886070833076, 0.0018033424858, 0.00181311543565, 0.00196874584071, 0.000954301038291, 0.00079214858124, 0.00207510916516, 0.00133265391923, 0.000569371390156, 0.00101211457513, 0.000702786899637, 0.000811953505035, 0.000322031322867, 0.000275942496955, 0.00023355356825, 0.000180791757884, 0.000197978399228, 0.00018371695478, 0.000167306148796, 0.000139238560223, 9.09179871087e-05, 6.06849025644e-05, 2.14090741792e-05, 1.33926187118e-05, 1.78657694505e-06],
        "dvar": [6.23524842869e-10, 1.89006766504e-06, 5.72049748371e-06, 1.80162314791e-05, 6.57685495753e-06, 6.23365076535e-06, 1.85971543942e-06, 2.19008779823e-06, 1.30912658278e-05, 7.15625128578e-06, 1.00096156075e-06, 3.18786237585e-06, 1.96987571144e-06, 2.74900617114e-06, 6.79017603034e-07, 2.28971103411e-07, 1.51855218178e-07, 6.36320081071e-08, 7.46871720025e-08, 5.95708300466e-08, 5.96592641955e-08, 5.3898617125e-08, 3.09319077019e-08, 1.21020571342e-08, 1.38402322936e-09, 7.07789049592e-10, 3.87623266818e-11],
        "dvar2": [1.61119495523e-09, 4.40683334091e-06, 1.57937556651e-05, 4.99000561831e-05, 1.84499913303e-05, 1.41289947351e-05, 4.50514107797e-06, 5.01625254401e-06, 2.86961512757e-05, 1.51168833327e-05, 2.23920005737e-06, 8.29319014883e-06, 4.39973382527e-06, 6.27485451332e-06, 1.56860414791e-06, 5.07583649778e-07, 3.38130604405e-07, 1.45586469102e-07, 1.5770892503e-07, 1.41437865864e-07, 1.18287225348e-07, 1.1690768531e-07, 6.55705250097e-08, 2.74140106171e-08, 3.18989878956e-09, 1.81099890639e-09, 1.09871077514e-10],
        "max": [0.000463678094093, 0.0272906236351, 0.0406609922647, 0.0780234336853, 0.0406628400087, 0.077772051096, 0.0395160093904, 0.0370217636228, 0.0845185145736, 0.0613056756556, 0.0334373861551, 0.0345714241266, 0.0300649497658, 0.0438157878816, 0.0234775282443, 0.0177194774151, 0.0185304358602, 0.0103051420301, 0.00660088146105, 0.00737787503749, 0.00810329802334, 0.00733306724578, 0.00559303117916, 0.00324411340989, 0.0013960886281, 0.000648722983897, 0.000154473658768],
        "mean": [6.8829554948e-05, 0.000951755326241, 0.000585835485253, 0.000988758984022, 0.00192169682123, 0.0026382340584, 0.00117290450726, 0.000788145232946, 0.00217566639185, 0.00157749641221, 0.000549521355424, 0.000977225834504, 0.000597970210947, 0.000739754992537, 0.0003051761596, 0.000284891488263, 0.000241660585743, 0.000213327337406, 0.000236173014855, 0.000217704975512, 0.000222779795877, 0.000189869562746, 0.000111661211122, 7.12993351044e-05, 2.67125178652e-05, 1.30567486849e-05, 8.70044232215e-07],
        "median": [6.56164702377e-05, 0.0005028010346, 0.00013077481708, 0.000237617117818, 0.00100066687446, 0.0011945492588, 0.000508361146785, 0.000278885796433, 0.000511340447702, 0.00019575956685, 0.000161926291184, 0.00016389634402, 0.000127031424199, 0.00012192982831, 8.61324806465e-05, 0.00010906974785, 0.000100182871392, 0.00011283953063, 0.000121282908367, 0.000133479901706, 0.000128885207232, 8.40049688122e-05, 4.33702043665e-05, 2.69482770818e-05, 9.55680843617e-06, 4.03683679906e-06, 1.23744086977e-07],
        "min": [9.20375851035e-25, 2.05083679961e-24, 5.61892507976e-25, 6.71334928447e-25, 5.40341123869e-24, 9.47451450568e-24, 4.77298121336e-24, 5.83635821942e-24, 1.22258601836e-23, 1.77863079905e-23, 1.35323124502e-23, 3.14059378766e-23, 2.65876070219e-23, 3.01433470651e-23, 3.67067360609e-23, 5.90105569993e-23, 5.16275573003e-23, 7.92363826293e-23, 1.49463910612e-22, 1.56585267237e-22, 2.20319308767e-22, 3.85557976237e-22, 3.37858725364e-22, 4.93509716232e-22, 9.72819633248e-22, 1.27029163376e-21, 1.99919618193e-21],
        "var": [1.30832078504e-09, 2.54912288256e-06, 4.56650923297e-06, 1.20165868793e-05, 7.98028759164e-06, 1.76629491762e-05, 3.82836424251e-06, 3.32596164299e-06, 2.82914788841e-05, 2.40487242991e-05, 1.99887290364e-06, 6.13052407061e-06, 3.11368557959e-06, 5.04182162331e-06, 9.81158109425e-07, 5.15008025559e-07, 2.74898610542e-07, 1.36553595098e-07, 1.67534935258e-07, 1.07198353305e-07, 1.50147755562e-07, 1.2413170225e-07, 5.92056892401e-08, 2.23755112216e-08, 3.38823236135e-09, 8.98443708319e-10, 2.41497412345e-11]
    },
    "erbbands": {
        "dmean": [0.00918398611248, 0.128019616008, 0.508732378483, 2.10848999023, 3.44211769104, 3.88758540154, 7.47165966034, 11.5947713852, 8.04286956787, 9.66335391998, 14.0781803131, 23.4917373657, 35.6443595886, 20.7298603058, 15.5784549713, 22.2215709686, 17.1116447449, 26.6692028046, 13.1252880096, 9.77907466888, 8.45630931854, 7.69490718842, 5.87079811096, 5.82767057419, 6.52719402313, 4.9013209343, 4.68902111053, 3.89231228828, 3.39406609535, 2.58609843254, 1.59695923328, 1.03950929642, 0.536052107811, 0.170212775469, 0.100651197135, 0.0435690097511, 0.0145112453029, 0.00286015449092, 0.000148552964674, 9.71210101852e-06],
        "dmean2": [0.0145100904629, 0.213141709566, 0.893356859684, 3.73325395584, 6.06362342834, 6.27570581436, 11.6105079651, 17.41888237, 12.549700737, 15.0464658737, 21.9924201965, 35.3571624756, 52.3284492493, 30.4150257111, 24.6059856415, 35.1586036682, 26.6483707428, 41.9249038696, 20.0522003174, 15.1384296417, 13.4276266098, 12.2675504684, 9.33334541321, 9.25763511658, 10.1815986633, 7.76207637787, 7.35702037811, 5.86556005478, 5.15569210052, 3.90882158279, 2.44778895378, 1.59446537495, 0.840483665466, 0.26568838954, 0.157660961151, 0.0685766115785, 0.0233075339347, 0.00469952449203, 0.000266158225713, 1.54498175107e-05],
        "dvar": [0.00077436043648, 0.144831523299, 4.79151391983, 81.117767334, 139.204879761, 63.9704170227, 231.253555298, 531.172241211, 372.34072876, 520.81427002, 1705.76098633, 4269.90429688, 10761.5683594, 3024.33935547, 1670.27124023, 3651.578125, 2550.96899414, 7713.91796875, 2372.546875, 796.893554688, 559.00970459, 402.511749268, 188.542282104, 169.449035645, 198.577972412, 125.843551636, 87.8480300903, 115.904014587, 76.8907470703, 46.6415710449, 24.3426628113, 10.2002677917, 1.95034635067, 0.199876338243, 0.0811002105474, 0.0163822416216, 0.00239160051569, 0.000134426358272, 1.55368650212e-06, 8.46346936978e-10],
        "dvar2": [0.00176190119237, 0.352174788713, 13.3135728836, 224.326187134, 390.519317627, 178.563415527, 555.376647949, 1221.72399902, 931.362426758, 1254.8684082, 4056.88916016, 9100.52148438, 22145.3183594, 6168.22802734, 4165.05859375, 9170.19921875, 5564.44238281, 17598.609375, 5363.32714844, 1749.02746582, 1202.31774902, 936.798950195, 396.767822266, 395.597106934, 413.327362061, 303.019470215, 187.907852173, 233.868530273, 171.277893066, 98.2066192627, 52.9590606689, 22.1915149689, 4.59951877594, 0.459403276443, 0.192462965846, 0.0404712185264, 0.00622028345242, 0.000353827665094, 4.52823724117e-06, 2.34785235698e-09],
        "max": [0.439772933722, 7.30596160889, 37.0348701477, 156.077087402, 221.487609863, 127.100906372, 427.923187256, 612.676940918, 519.014709473, 501.388305664, 1084.00085449, 1449.25512695, 2236.20263672, 1257.07092285, 992.440979004, 1197.91418457, 1278.98876953, 2508.26049805, 1338.86999512, 772.827453613, 822.115234375, 877.244445801, 639.733276367, 368.67791748, 320.517028809, 320.573638916, 406.715026855, 289.061431885, 327.441589355, 197.156890869, 150.331283569, 102.385864258, 48.4881248474, 11.7640752792, 13.0608854294, 3.69345188141, 1.07153427601, 0.264486819506, 0.0449378564954, 0.000857838662341],
        "mean": [0.0154659431428, 0.253333926201, 0.708311915398, 2.05636453629, 4.26329898834, 7.04762458801, 14.5330963135, 22.2541103363, 15.8788204193, 18.0366020203, 23.0787029266, 38.0018730164, 63.356010437, 38.9106864929, 25.6138553619, 36.3412055969, 27.0459880829, 40.2750892639, 20.8674488068, 16.6906490326, 15.135427475, 13.878370285, 12.1869134903, 11.4888019562, 12.5753726959, 9.78309059143, 9.68850803375, 7.50146007538, 6.8211350441, 5.21761894226, 2.93692922592, 1.84454441071, 0.97065448761, 0.32431358099, 0.186959564686, 0.0739854574203, 0.0207847431302, 0.00350792566314, 0.000135405221954, 2.5754356102e-05],
        "median": [0.00770878884941, 0.12123144418, 0.253962874413, 0.512507259846, 1.58305764198, 3.42305660248, 6.49243116379, 9.7566576004, 7.16426563263, 7.66725826263, 8.59325313568, 10.5495986938, 10.1008110046, 8.24067306519, 8.12994384766, 7.38580513, 6.66926193237, 6.70565509796, 4.28393316269, 6.38531398773, 5.93651676178, 5.99266958237, 6.78284835815, 6.58647632599, 7.35569953918, 6.03023719788, 5.94418430328, 3.45254778862, 3.06187200546, 2.03233122826, 1.12519407272, 0.690036058426, 0.360069721937, 0.125442579389, 0.0586385503411, 0.0225635133684, 0.00621692929417, 0.000880971900187, 3.15768193104e-05, 1.73247935891e-05],
        "min": [9.06215829341e-23, 4.92851667398e-22, 1.64466194677e-21, 7.32496220514e-21, 1.2153045804e-20, 1.42441745484e-20, 4.86830977975e-20, 4.17894165778e-20, 5.14010711187e-20, 1.75163598493e-19, 1.67160315874e-19, 2.5723158626e-19, 4.59384937843e-19, 5.95864155445e-19, 8.3740942461e-19, 1.18572235926e-18, 1.76144099617e-18, 2.07409686295e-18, 2.48398863791e-18, 2.6009147534e-18, 3.78149049828e-18, 4.62267941451e-18, 5.00977967526e-18, 6.26985781677e-18, 7.68677353832e-18, 8.3291330507e-18, 9.53775063194e-18, 9.57819149209e-18, 1.30769247736e-17, 1.0759566707e-17, 9.81626978881e-18, 1.16627784528e-17, 9.243371114e-18, 8.79839426657e-18, 7.33659655216e-18, 4.50337804989e-18, 2.46690053402e-18, 1.01206602601e-18, 2.58126182092e-19, 2.78911473127e-20],
        "var": [0.00095303641865, 0.184734970331, 3.84028339386, 54.9561004639, 101.256561279, 101.314598083, 575.367370605, 1366.1607666, 702.901000977, 996.819702148, 2557.15039062, 8265.75292969, 31984.2753906, 10103.6777344, 2885.38842773, 7559.29296875, 4881.02392578, 14413.5849609, 4380.92529297, 1647.23059082, 1347.52844238, 746.6484375, 458.972106934, 317.645294189, 419.57019043, 236.809875488, 245.704421997, 242.127914429, 171.863952637, 96.9858551025, 45.7922325134, 19.3512897491, 3.5958006382, 0.431369245052, 0.207523748279, 0.0307999923825, 0.00252454518341, 0.000118835036119, 8.72377199812e-07, 9.72570690649e-10]
    },
    "gfcc": {
        "mean": [-33.438041687, 86.2184371948, -128.913726807, 30.5835227966, -73.0925979614, 4.17279148102, -34.8225288391, 3.73478484154, -24.6044368744, 4.10331058502, -15.383605957, 5.15140914917, -9.58057880402],
        "cov": [[20448.34375, 511.97052002, -2050.6159668, 142.694046021, -1376.17480469, 345.127716064, -672.988586426, -69.5216674805, -474.88772583, -83.4574661255, -292.651153564, -71.248878479, -187.620346069], [511.97052002, 821.432067871, -39.8466415405, 169.527526855, 168.746246338, -188.842758179, 84.6143264771, -27.2993564606, 32.2875862122, -13.463385582, 21.8104534149, -18.312702179, -2.01616477966], [-2050.6159668, -39.8466415405, 808.847045898, 179.407150269, 204.222061157, -11.6994695663, 1.96619606018, 44.7460441589, 61.7842102051, 4.92296504974, 0.362474232912, 27.5237426758, -19.8048343658], [142.694046021, 169.527526855, 179.407150269, 332.186737061, 81.2278671265, -86.4359664917, -35.9879722595, -15.3145971298, 28.9532604218, 3.9328289032, 9.21317005157, -9.2097826004, 3.04883766174], [-1376.17480469, 168.746246338, 204.222061157, 81.2278671265, 304.999603271, -40.3532600403, 69.4231872559, 8.89888763428, 48.8619041443, 9.17181301117, 8.06865119934, -10.5132446289, -5.31822252274], [345.127716064, -188.842758179, -11.6994695663, -86.4359664917, -40.3532600403, 222.033554077, 24.0878009796, 16.7684345245, -23.7018184662, -7.16450214386, -18.1334095001, -4.4659986496, -17.0096664429], [-672.988586426, 84.6143264771, 1.96619606018, -35.9879722595, 69.4231872559, 24.0878009796, 193.560333252, 32.848777771, 7.97815561295, -1.11957252026, 15.4354343414, -5.02591466904, -2.1706776619], [-69.5216674805, -27.2993564606, 44.7460441589, -15.3145971298, 8.89888763428, 16.7684345245, 32.848777771, 99.2006072998, 17.2273712158, 12.7776174545, -5.09420204163, 3.32683205605, -8.52396869659], [-474.88772583, 32.2875862122, 61.7842102051, 28.9532604218, 48.8619041443, -23.7018184662, 7.97815561295, 17.2273712158, 103.455436707, 32.2146377563, 7.7903752327, -6.0823135376, 5.4847536087], [-83.4574661255, -13.463385582, 4.92296504974, 3.9328289032, 9.17181301117, -7.16450214386, -1.11957252026, 12.7776174545, 32.2146377563, 85.065032959, 27.4443321228, -1.51867341995, 7.70255947113], [-292.651153564, 21.8104534149, 0.362474232912, 9.21317005157, 8.06865119934, -18.1334095001, 15.4354343414, -5.09420204163, 7.7903752327, 27.4443321228, 77.0590057373, 24.1757659912, 14.7240581512], [-71.248878479, -18.312702179, 27.5237426758, -9.2097826004, -10.5132446289, -4.4659986496, -5.02591466904, 3.32683205605, -6.0823135376, -1.51867341995, 24.1757659912, 80.5304641724, 17.7986850739], [-187.620346069, -2.01616477966, -19.8048343658, 3.04883766174, -5.31822252274, -17.0096664429, -2.1706776619, -8.52396869659, 5.4847536087, 7.70255947113, 14.7240581512, 17.7986850739, 70.0524597168]],
        "icov": [[0.000202426992473, -0.000421162287239, 0.000407593295677, -0.000440171250375, 0.000692025758326, -0.00060990016209, 0.000609840790275, -0.000341422710335, 0.00051544723101, -0.000394112488721, 0.000659369048662, -0.000270000979071, 0.00047921098303], [-0.000421162287239, 0.00291300355457, -0.000325326051097, 8.0101795902e-05, -0.00228012027219, 0.00265654106624, -0.00222569098696, 0.00106207409408, -0.00123862829059, 0.00134806858841, -0.00149067130405, 0.000564424030017, -0.000488741265144], [0.000407593295677, -0.000325326051097, 0.00276029272936, -0.00191174133215, 0.00011064910359, -0.00128489092458, 0.00136175844818, -0.00134559348226, 0.000484882562887, -0.00045723412768, 0.0014749757247, -0.00156461936422, 0.00162056554109], [-0.000440171250375, 8.0101795902e-05, -0.00191174133215, 0.00536938151345, -0.00164666946512, 0.00202649296261, -0.000151762971655, 0.00108954450116, -0.00130190630443, 0.000919133133721, -0.00199041957967, 0.00157315575052, -0.00143631419633], [0.000692025758326, -0.00228012027219, 0.00011064910359, -0.00164666946512, 0.00758955394849, -0.00196462008171, 0.000507731281687, -0.000575810845476, 0.000529006647412, -0.00161886995193, 0.00236352044158, -0.000257819338003, 0.00164088979363], [-0.00060990016209, 0.00265654106624, -0.00128489092458, 0.00202649296261, -0.00196462008171, 0.00822828058153, -0.00321644055657, 0.000905584718566, -0.000734788947739, 0.00120203394908, -0.00109150807839, 0.00104964221828, -0.000261079112533], [0.000609840790275, -0.00222569098696, 0.00136175844818, -0.000151762971655, 0.000507731281687, -0.00321644055657, 0.00899293832481, -0.0035024904646, 0.00165423587896, -0.000147484053741, -0.000223246766836, 0.000118311363622, 0.000974452879746], [-0.000341422710335, 0.00106207409408, -0.00134559348226, 0.00108954450116, -0.000575810845476, 0.000905584718566, -0.0035024904646, 0.0127229867503, -0.00249328976497, -0.00141686853021, 0.00100880139507, -0.000912229181267, 0.000674819399137], [0.00051544723101, -0.00123862829059, 0.000484882562887, -0.00130190630443, 0.000529006647412, -0.000734788947739, 0.00165423587896, -0.00249328976497, 0.0138770742342, -0.00531040271744, 0.00208123028278, 0.000393568276195, 0.000108184380224], [-0.000394112488721, 0.00134806858841, -0.00045723412768, 0.000919133133721, -0.00161886995193, 0.00120203394908, -0.000147484053741, -0.00141686853021, -0.00531040271744, 0.0166921522468, -0.0075170728378, 0.00267281965353, -0.0017127309693], [0.000659369048662, -0.00149067130405, 0.0014749757247, -0.00199041957967, 0.00236352044158, -0.00109150807839, -0.000223246766836, 0.00100880139507, 0.00208123028278, -0.0075170728378, 0.0201563835144, -0.0063990498893, 0.000309771276079], [-0.000270000979071, 0.000564424030017, -0.00156461936422, 0.00157315575052, -0.000257819338003, 0.00104964221828, 0.000118311363622, -0.000912229181267, 0.000393568276195, 0.00267281965353, -0.0063990498893, 0.0160068068653, -0.00413640588522], [0.00047921098303, -0.000488741265144, 0.00162056554109, -0.00143631419633, 0.00164088979363, -0.000261079112533, 0.000974452879746, 0.000674819399137, 0.000108184380224, -0.0017127309693, 0.000309771276079, -0.00413640588522, 0.0174042731524]]
    },
    "melbands": {
        "dmean": [0.0001069381251, 0.000229284923989, 0.000415492046159, 0.00023549690377, 0.00023948001035, 0.000253863923717, 0.000123213787447, 0.000101276156784, 0.000127721272293, 0.000170124490978, 0.00018079567235, 9.19486847124e-05, 4.97337896377e-05, 7.76957749622e-05, 4.83694275317e-05, 4.59896982647e-05, 5.05848147441e-05, 2.40142999246e-05, 1.62371015904e-05, 1.1194812032e-05, 1.12060251922e-05, 8.51016284287e-06, 7.14110865374e-06, 5.40038990948e-06, 5.10459403813e-06, 5.46430874238e-06, 5.2251393754e-06, 3.22017058352e-06, 3.21086372423e-06, 2.69329166258e-06, 2.40608687818e-06, 2.05694777833e-06, 1.96878477254e-06, 1.37666779665e-06, 9.98536506813e-07, 8.05015929473e-07, 6.23236701358e-07, 4.53484346963e-07, 2.21411184498e-07, 1.30360561457e-07],
        "dmean2": [0.000171650244738, 0.000395281676902, 0.000733916065656, 0.00039603721234, 0.000374033523258, 0.000380584737286, 0.000191080369405, 0.0001576445502, 0.000199361471459, 0.00025590590667, 0.000266084069153, 0.000135799768032, 7.82360948506e-05, 0.000125687656691, 7.67698875279e-05, 7.20816824469e-05, 7.92367281974e-05, 3.69851222786e-05, 2.52057034231e-05, 1.78385998879e-05, 1.79107591975e-05, 1.37949919008e-05, 1.14018948807e-05, 8.71164320415e-06, 8.21967114462e-06, 8.48598119774e-06, 8.46357215778e-06, 5.15476267537e-06, 5.11218468091e-06, 4.12474901168e-06, 3.70803127225e-06, 3.20220988215e-06, 2.98828945233e-06, 2.1335645215e-06, 1.55677207658e-06, 1.25642486637e-06, 9.69296365838e-07, 7.15363171366e-07, 3.50177117525e-07, 2.0604657891e-07],
        "dvar": [9.6092250601e-08, 7.92197283772e-07, 2.79828282146e-06, 3.67221815623e-07, 2.35615075894e-07, 2.4358936912e-07, 8.09246856193e-08, 6.00883325319e-08, 1.50470967242e-07, 2.13210299194e-07, 2.69977391554e-07, 6.65734347649e-08, 1.5497873207e-08, 5.76360434934e-08, 2.57942520676e-08, 2.23094769325e-08, 2.87135097921e-08, 8.41124236928e-09, 3.95032850875e-09, 1.33091349053e-09, 9.36837385446e-10, 4.77875128357e-10, 4.49011855475e-10, 1.25019258834e-10, 1.50293333334e-10, 1.54065968316e-10, 1.33128008617e-10, 6.56902587881e-11, 4.29640073518e-11, 3.88579168842e-11, 4.75251886456e-11, 2.84324872674e-11, 2.41770475168e-11, 1.35085770694e-11, 8.67841128821e-12, 7.43192573455e-12, 3.194126387e-12, 1.30588638861e-12, 3.83432245373e-13, 1.08117528331e-13],
        "dvar2": [2.14456676417e-07, 2.163048066e-06, 7.74416457716e-06, 1.02700118987e-06, 5.83899065987e-07, 5.58299575459e-07, 1.98133179197e-07, 1.43784475881e-07, 3.6480113863e-07, 4.49963522442e-07, 5.60997932553e-07, 1.33612886088e-07, 3.54933931135e-08, 1.52245334561e-07, 6.23458760174e-08, 5.07065713862e-08, 6.51601439472e-08, 1.87482296354e-08, 8.90944207299e-09, 2.90127166735e-09, 2.04533034953e-09, 1.16723453125e-09, 9.21699827572e-10, 2.87612766936e-10, 3.59171997699e-10, 3.17774251357e-10, 3.13119169482e-10, 1.63926289209e-10, 9.36105082339e-11, 8.02979557846e-11, 9.95227789069e-11, 6.58365514883e-11, 5.24363087673e-11, 2.91601222335e-11, 1.95547675275e-11, 1.59326302152e-11, 7.25056386458e-12, 3.10216197348e-12, 9.38888181611e-13, 2.52692642201e-13],
        "max": [0.00548551045358, 0.0148007702082, 0.0307500883937, 0.0105798635632, 0.0128166237846, 0.0138088651001, 0.00817281100899, 0.00510857766494, 0.0127600152045, 0.00904136523604, 0.0111479721963, 0.00569354603067, 0.00362247112207, 0.00483849318698, 0.00364457606338, 0.00351134035736, 0.00483909761533, 0.00248450203799, 0.00190988380928, 0.00189446425065, 0.00100936682429, 0.000678819429595, 0.00107187440153, 0.000333236152073, 0.000347394467099, 0.000258202053374, 0.000300878309645, 0.000248315162025, 0.000380845071049, 0.000158452035976, 0.000188198959222, 0.00015988596715, 0.000155511050252, 9.66283259913e-05, 8.35571045172e-05, 8.52341254358e-05, 4.95614549436e-05, 3.6629884562e-05, 2.23320821533e-05, 1.04908021967e-05],
        "mean": [0.000207615390536, 0.000372383219656, 0.000433780573076, 0.000382276659366, 0.000486793549499, 0.00049940799363, 0.000247079238761, 0.000184809585335, 0.000199349480681, 0.000273463083431, 0.000322315259837, 0.000165734250913, 7.87938843132e-05, 0.00011595585238, 7.07923391019e-05, 6.52800372336e-05, 7.2904949775e-05, 3.42456332874e-05, 2.45057326538e-05, 1.78121317731e-05, 1.81169507414e-05, 1.39367994052e-05, 1.24762509586e-05, 1.03406846392e-05, 9.04369699128e-06, 9.68376934907e-06, 8.99491351447e-06, 5.65805112274e-06, 6.16390661889e-06, 4.92349226988e-06, 4.17843602918e-06, 3.79288508157e-06, 3.72959607375e-06, 2.54202018368e-06, 1.73134299075e-06, 1.334346166e-06, 1.05701599296e-06, 7.838283409e-07, 3.72305237306e-07, 2.33593937082e-07],
        "median": [0.000119576317957, 0.0001599570096, 0.000128066400066, 0.000190361519344, 0.000244067196036, 0.000227295589866, 0.000113649213745, 7.7489821706e-05, 6.82460231474e-05, 6.45609252388e-05, 4.68274301966e-05, 2.98762879538e-05, 2.639892773e-05, 1.84759937838e-05, 1.39502863021e-05, 1.32018540171e-05, 1.07514806587e-05, 5.16360978509e-06, 7.85601969255e-06, 6.39761083221e-06, 6.39615336695e-06, 5.39266966371e-06, 5.83946484767e-06, 5.15306055604e-06, 4.82240375277e-06, 4.66080837214e-06, 5.07071035827e-06, 2.8265144465e-06, 3.50650770997e-06, 2.46411991611e-06, 1.66250652001e-06, 1.60966021667e-06, 1.49168556618e-06, 9.39726419347e-07, 6.44284511964e-07, 4.41480437985e-07, 3.82356006412e-07, 2.80183769519e-07, 1.2721190501e-07, 8.36369835611e-08],
        "min": [2.0460740519e-24, 1.2591213026e-24, 2.27091814533e-24, 1.25822131091e-24, 2.13750500297e-24, 9.55773617574e-25, 8.67695522569e-25, 2.09867312769e-24, 1.3853877596e-24, 1.29055366258e-24, 2.08079675072e-24, 2.12383976272e-24, 2.01851066022e-24, 3.38507471951e-24, 2.5802127569e-24, 2.99246476065e-24, 3.32292273537e-24, 3.27813022709e-24, 2.38319652076e-24, 3.73870370838e-24, 3.44694784132e-24, 3.02933158341e-24, 4.18395060835e-24, 3.99927866487e-24, 3.92956939326e-24, 5.25860871978e-24, 4.62009247575e-24, 4.45775949539e-24, 5.15984175673e-24, 3.69366961145e-24, 5.32905991508e-24, 5.67068007439e-24, 7.06153099157e-24, 5.37580071257e-24, 5.5762258139e-24, 4.79493915666e-24, 6.44817349396e-24, 5.97660703875e-24, 5.69196393604e-24, 6.47423075296e-24],
        "var": [1.29852878672e-07, 7.02565500887e-07, 1.90592265881e-06, 3.73889406546e-07, 5.72709154767e-07, 6.49947139664e-07, 1.60578409236e-07, 1.0877412393e-07, 2.13303337659e-07, 4.69973343797e-07, 8.34449394915e-07, 2.24244899982e-07, 3.06850154175e-08, 1.01526026697e-07, 4.45808971961e-08, 3.65786227974e-08, 5.28814823042e-08, 1.60148676542e-08, 6.18956752518e-09, 2.74789724308e-09, 2.0066339701e-09, 7.98778709843e-10, 8.24564916346e-10, 3.27906785058e-10, 2.43931097543e-10, 3.33030603095e-10, 2.14867443282e-10, 1.15191856054e-10, 1.30150626387e-10, 8.01508096004e-11, 9.19196385674e-11, 5.84709433649e-11, 5.26066482043e-11, 2.50904262644e-11, 1.5263908193e-11, 1.38600242394e-11, 5.72481125005e-12, 2.33236195114e-12, 6.9033575514e-13, 2.27417558526e-13]
    },
    "mfcc": {
        "mean": [-662.747680664, 112.951568604, -4.72587203979, 23.7527561188, -15.4031496048, 1.69241654873, -7.12282276154, 0.805491387844, -5.93053865433, -0.492865145206, -4.48563909531, -0.527038574219, -2.03613209724],
        "cov": [[9544.07910156, -13.3862285614, -322.740783691, -505.674346924, -394.497741699, 38.6523513794, -151.100158691, -11.9941720963, -190.449249268, -85.3025054932, -73.3072738647, -146.858642578, -227.652816772], [-13.3862285614, 827.912963867, -92.9229202271, 286.703796387, 28.6113300323, -5.42690753937, 33.8477287292, 30.4412021637, 23.4740161896, 6.16198396683, 15.2168951035, 23.6632881165, 28.6763553619], [-322.740783691, -92.9229202271, 475.059906006, 114.067596436, 121.676361084, 18.681684494, -21.9339637756, 24.8998603821, 1.80113053322, 4.90270137787, -9.76337814331, 7.27485132217, 28.911529541], [-505.674346924, 286.703796387, 114.067596436, 485.597991943, 128.163391113, -14.7027263641, -26.5315628052, -17.78565979, 7.39719104767, 21.2552585602, -35.2254142761, 23.4049186707, 58.6898651123], [-394.497741699, 28.6113300323, 121.676361084, 128.163391113, 225.395553589, 25.3941001892, -26.5269374847, -7.59002876282, 8.85885238647, 21.1765289307, -6.07074260712, -1.74602627754, 11.8930244446], [38.6523513794, -5.42690753937, 18.681684494, -14.7027263641, 25.3941001892, 124.198287964, 31.7589626312, 13.0330181122, 4.4421916008, 13.3877744675, 5.79223251343, -5.60192918777, -10.1443653107], [-151.100158691, 33.8477287292, -21.9339637756, -26.5315628052, -26.5269374847, 31.7589626312, 142.338531494, 36.9718666077, 18.8071861267, -2.73073387146, 17.2330513, 10.498925209, -2.57476615906], [-11.9941720963, 30.4412021637, 24.8998603821, -17.78565979, -7.59002876282, 13.0330181122, 36.9718666077, 115.66368103, 16.6284313202, -14.7559585571, 14.8907032013, -6.0777463913, -3.13908624649], [-190.449249268, 23.4740161896, 1.80113053322, 7.39719104767, 8.85885238647, 4.4421916008, 18.8071861267, 16.6284313202, 85.1584243774, 33.2211952209, 6.91781616211, 4.63634872437, 1.38359594345], [-85.3025054932, 6.16198396683, 4.90270137787, 21.2552585602, 21.1765289307, 13.3877744675, -2.73073387146, -14.7559585571, 33.2211952209, 87.5332107544, 20.5890636444, 4.87371110916, 0.00810064468533], [-73.3072738647, 15.2168951035, -9.76337814331, -35.2254142761, -6.07074260712, 5.79223251343, 17.2330513, 14.8907032013, 6.91781616211, 20.5890636444, 76.6228637695, 20.1236076355, -8.04373836517], [-146.858642578, 23.6632881165, 7.27485132217, 23.4049186707, -1.74602627754, -5.60192918777, 10.498925209, -6.0777463913, 4.63634872437, 4.87371110916, 20.1236076355, 77.2421035767, 27.764251709], [-227.652816772, 28.6763553619, 28.911529541, 58.6898651123, 11.8930244446, -10.1443653107, -2.57476615906, -3.13908624649, 1.38359594345, 0.00810064468533, -8.04373836517, 27.764251709, 76.4664840698]],
