{
"lowlevel": {
    "average_loudness": 0.643787801266,
    "barkbands_crest": {
        "dmean": 3.02785348892,
        "dmean2": 4.67059469223,
        "dvar": 9.16564941406,
        "dvar2": 20.225479126,
        "max": 26.4060649872,
        "mean": 12.9026222229,
        "median": 11.4281682968,
        "min": 2.46856403351,
        "var": 36.4218864441
    },
    "barkbands_flatness_db": {
        "dmean": 0.031166093424,
        "dmean2": 0.0433258675039,
        "dvar": 0.000988182844594,
        "dvar2": 0.00206687371247,
        "max": 0.558315873146,
        "mean": 0.142839968204,
        "median": 0.129807189107,
        "min": 0.0235411413014,
        "var": 0.00493230158463
    },
    "barkbands_kurtosis": {
        "dmean": 9.62234401703,
        "dmean2": 14.4721908569,
        "dvar": 1463.83691406,
        "dvar2": 3308.9621582,
        "max": 1505.18151855,
        "mean": 12.131187439,
        "median": 2.596098423,
        "min": -1.98071777821,
        "var": 1906.41882324
    },
    "barkbands_skewness": {
        "dmean": 0.941114723682,
        "dmean2": 1.33745062351,
        "dvar": 1.76394438744,
        "dvar2": 3.62421393394,
        "max": 33.5865402222,
        "mean": 2.12258434296,
        "median": 1.6394187212,
        "min": -7.06201839447,
        "var": 6.21767282486
    },
    "barkbands_spread": {
        "dmean": 10.1566371918,
        "dmean2": 15.0002965927,
        "dvar": 140.184997559,
        "dvar2": 297.539855957,
        "max": 140.08001709,
        "mean": 29.7227878571,
        "median": 25.0395374298,
        "min": 0.146533474326,
        "var": 427.266693115
    },
    "dissonance": {
        "dmean": 0.0216241050512,
        "dmean2": 0.0359629653394,
        "dvar": 0.000481001334265,
        "dvar2": 0.00128142745234,
        "max": 0.500000059605,
        "mean": 0.456771254539,
        "median": 0.464808821678,
        "min": 0.226852923632,
        "var": 0.00114636810031
    },
    "dynamic_complexity": 4.48623657227,
    "erbbands_crest": {
        "dmean": 2.88115644455,
        "dmean2": 4.59205389023,
        "dvar": 7.83591222763,
        "dvar2": 18.3291664124,
        "max": 32.314956665,
        "mean": 9.61627292633,
        "median": 8.41854476929,
        "min": 2.4237985611,
        "var": 25.1193275452
    },
    "erbbands_flatness_db": {
        "dmean": 0.0240071136504,
        "dmean2": 0.0319889746606,
        "dvar": 0.000559942680411,
        "dvar2": 0.00092853611568,
        "max": 0.410213500261,
        "mean": 0.133539408445,
        "median": 0.126985505223,
        "min": 0.0293439794332,
        "var": 0.00233469204977
    },
    "erbbands_kurtosis": {
        "dmean": 1.38433885574,
        "dmean2": 2.11983323097,
        "dvar": 7.54159736633,
        "dvar2": 16.8413276672,
        "max": 55.8863868713,
        "mean": 1.03454172611,
        "median": -0.0784976482391,
        "min": -1.90981721878,
        "var": 14.7929677963
    },
    "erbbands_skewness": {
        "dmean": 0.460929334164,
        "dmean2": 0.674657285213,
        "dvar": 0.244671151042,
        "dvar2": 0.499744445086,
        "max": 6.68697690964,
        "mean": 0.353842258453,
        "median": 0.423840939999,
        "min": -7.1238322258,
        "var": 1.14432811737
    },
    "erbbands_spread": {
        "dmean": 15.1999769211,
        "dmean2": 22.1430072784,
        "dvar": 303.953460693,
        "dvar2": 642.142028809,
        "max": 212.21546936,
        "mean": 55.8618202209,
        "median": 50.7740097046,
        "min": 2.51664328575,
        "var": 1003.94549561
    },
    "hfc": {
        "dmean": 14.0518321991,
        "dmean2": 19.8860187531,
        "dvar": 509.034240723,
        "dvar2": 1043.52807617,
        "max": 436.853607178,
        "mean": 31.6186695099,
        "median": 22.1631221771,
        "min": 1.09123625172e-16,
        "var": 1276.64367676
    },
    "melbands_crest": {
        "dmean": 3.55573678017,
        "dmean2": 5.476521492,
        "dvar": 12.5443229675,
        "dvar2": 27.7713470459,
        "max": 36.5970649719,
        "mean": 16.9972000122,
        "median": 16.0723571777,
        "min": 1.48806548119,
        "var": 55.619140625
    },
    "melbands_flatness_db": {
        "dmean": 0.0355486869812,
        "dmean2": 0.0496570952237,
        "dvar": 0.00140284793451,
        "dvar2": 0.00283155194484,
        "max": 0.67822343111,
        "mean": 0.200191497803,
        "median": 0.181599512696,
        "min": 0.00282868044451,
        "var": 0.00935270451009
    },
    "melbands_kurtosis": {
        "dmean": 28.0683288574,
        "dmean2": 41.6387901306,
        "dvar": 6679.68994141,
        "dvar2": 14774.3945312,
        "max": 2099.81591797,
        "mean": 44.26770401,
        "median": 12.1972084045,
        "min": -1.94095313549,
        "var": 12993.5664062
    },
    "melbands_skewness": {
        "dmean": 1.40724527836,
        "dmean2": 2.00876641273,
        "dvar": 3.99719262123,
        "dvar2": 8.30257320404,
        "max": 38.5273933411,
        "mean": 4.11437988281,
        "median": 3.06348133087,
        "min": -3.36123347282,
        "var": 14.5325698853
    },
    "melbands_spread": {
        "dmean": 11.5217323303,
        "dmean2": 17.3273277283,
        "dvar": 404.081420898,
        "dvar2": 815.433105469,
        "max": 308.83694458,
        "mean": 30.2576694489,
        "median": 19.3786277771,
        "min": 0.118548966944,
        "var": 1352.67370605
    },
    "pitch_salience": {
        "dmean": 0.0849389210343,
        "dmean2": 0.130269661546,
        "dvar": 0.00824282411486,
        "dvar2": 0.018630862236,
        "max": 0.903269469738,
        "mean": 0.491973042488,
        "median": 0.515189349651,
        "min": 0.0171304754913,
        "var": 0.0311302021146
    },
    "silence_rate_20dB": {
        "dmean": 0,
        "dmean2": 0,
        "dvar": 0,
        "dvar2": 0,
        "max": 1,
        "mean": 1,
        "median": 1,
        "min": 1,
        "var": 0
    },
    "silence_rate_30dB": {
        "dmean": 0.0762711837888,
        "dmean2": 0.152559384704,
        "dvar": 0.0704493820667,
        "dvar2": 0.162752598524,
        "max": 1,
        "mean": 0.913368284702,
        "median": 1,
        "min": 0,
        "var": 0.0791278332472
    },
    "silence_rate_60dB": {
        "dmean": 0.0468331836164,
        "dmean2": 0.0936768129468,
        "dvar": 0.0446427948773,
        "dvar2": 0.0980710238218,
        "max": 1,
        "mean": 0.140260905027,
        "median": 0,
        "min": 0,
        "var": 0.120586879551
    },
    "spectral_centroid": {
        "dmean": 363.729919434,
        "dmean2": 546.039245605,
        "dvar": 210126.09375,
        "dvar2": 420973.5,
        "max": 11617.5810547,
        "mean": 1669.33972168,
        "median": 1382.79760742,
        "min": 127.965797424,
        "var": 1731833.5
    },
    "spectral_complexity": {
        "dmean": 4.07738637924,
        "dmean2": 6.06088972092,
        "dvar": 35.6601448059,
        "dvar2": 66.1848602295,
        "max": 65,
        "mean": 12.9067897797,
        "median": 11,
        "min": 0,
        "var": 98.9554595947
    },
    "spectral_decrease": {
        "dmean": 3.96548616166e-09,
        "dmean2": 6.02352479007e-09,
        "dvar": 5.09994964122e-17,
        "dvar2": 1.16789683626e-16,
        "max": 2.73273542684e-10,
        "mean": -9.24247967049e-09,
        "median": -4.7584425289e-09,
        "min": -5.58627739622e-08,
        "var": 1.13103330065e-16
    },
    "spectral_energy": {
        "dmean": 0.0157432686538,
        "dmean2": 0.0237575825304,
        "dvar": 0.000767306075431,
        "dvar2": 0.00175169587601,
        "max": 0.215194419026,
        "mean": 0.0377512834966,
        "median": 0.0215092599392,
        "min": 9.83500299985e-21,
        "var": 0.0017024371773
    },
    "spectral_energyband_high": {
        "dmean": 0.00117851968389,
        "dmean2": 0.00165740656666,
        "dvar": 4.6503264457e-06,
        "dvar2": 8.91234958544e-06,
        "max": 0.0459575243294,
        "mean": 0.00230536051095,
        "median": 0.00109163252637,
        "min": 7.09993838237e-21,
        "var": 1.32265968205e-05
    },
    "spectral_energyband_low": {
        "dmean": 0.0105404537171,
        "dmean2": 0.015958160162,
        "dvar": 0.000606389483437,
        "dvar2": 0.00139398407191,
        "max": 0.205962583423,
        "mean": 0.0218221396208,
        "median": 0.000414755078964,
        "min": 1.8949620657e-23,
        "var": 0.00134586333297
    },
    "spectral_energyband_middle_high": {
        "dmean": 0.00176192366052,
        "dmean2": 0.00259735365398,
        "dvar": 8.76861577126e-06,
        "dvar2": 1.7653357645e-05,
        "max": 0.0412957854569,
        "mean": 0.0045160446316,
        "median": 0.0019177866634,
        "min": 1.22422811437e-21,
        "var": 3.8807898818e-05
    },
    "spectral_energyband_middle_low": {
        "dmean": 0.00686637731269,
        "dmean2": 0.0116082001477,
        "dvar": 0.000255179271335,
        "dvar2": 0.000676429772284,
        "max": 0.144903346896,
        "mean": 0.0101840822026,
        "median": 0.00581456208602,
        "min": 1.41469303898e-22,
        "var": 0.000230669291341
    },
    "spectral_entropy": {
        "dmean": 0.22613427043,
        "dmean2": 0.315450012684,
        "dvar": 0.0615338087082,
        "dvar2": 0.112223960459,
        "max": 9.81873703003,
        "mean": 7.83221626282,
        "median": 7.90524530411,
        "min": 4.90317964554,
        "var": 0.284534245729
    },
    "spectral_flux": {
        "dmean": 0.0377050340176,
        "dmean2": 0.0573423206806,
        "dvar": 0.00283668958582,
        "dvar2": 0.00552654918283,
        "max": 0.487540304661,
        "mean": 0.0934401750565,
        "median": 0.0748017728329,
        "min": 6.31764224268e-11,
        "var": 0.00587962102145
    },
    "spectral_kurtosis": {
        "dmean": 0.950908899307,
        "dmean2": 1.43134629726,
        "dvar": 1.99433422089,
        "dvar2": 4.03821802139,
        "max": 35.266330719,
        "mean": 2.40027523041,
        "median": 2.01431179047,
        "min": -1.37333846092,
        "var": 6.08977031708
    },
    "spectral_rms": {
        "dmean": 0.0011335228337,
        "dmean2": 0.00161243521143,
        "dvar": 2.6504935704e-06,
        "dvar2": 5.42025054528e-06,
        "max": 0.01448950544,
        "mean": 0.00513098621741,
        "median": 0.00458090007305,
        "min": 3.09759986758e-12,
        "var": 1.05034714579e-05
    },
    "spectral_rolloff": {
        "dmean": 1179.3782959,
        "dmean2": 1936.28723145,
        "dvar": 4560059.5,
        "dvar2": 9520648,
        "max": 19379.8828125,
        "mean": 2818.46679688,
        "median": 1227.39257812,
        "min": 21.533203125,
        "var": 13171540
    },
    "spectral_skewness": {
        "dmean": 0.201232776046,
        "dmean2": 0.292401582003,
        "dvar": 0.0516061037779,
        "dvar2": 0.0987651571631,
        "max": 4.96856164932,
        "mean": 1.30500710011,
        "median": 1.29400765896,
        "min": -0.828054428101,
        "var": 0.261633127928
    },
    "spectral_spread": {
        "dmean": 1146490.25,
        "dmean2": 1574763.25,
        "dvar": 1.82729061171e+12,
        "dvar2": 3.23653808947e+12,
        "max": 42904660,
        "mean": 7611840.5,
        "median": 6935783,
        "min": 2005019.875,
        "var": 1.655667635e+13
    },
    "spectral_strongpeak": {
        "dmean": 0.578060746193,
        "dmean2": 0.976747214794,
        "dvar": 2.95825839043,
        "dvar2": 7.67027807236,
        "max": 38.4628410339,
        "mean": 1.04875934124,
        "median": 0.610200464725,
        "min": 0,
        "var": 3.2530977726
    },
    "zerocrossingrate": {
        "dmean": 0.0244115032256,
        "dmean2": 0.0274516213685,
        "dvar": 0.000786793301813,
        "dvar2": 0.000919692276511,
        "max": 0.52294921875,
        "mean": 0.105328291655,
        "median": 0.08154296875,
        "min": 0.001953125,
        "var": 0.00758178671822
    },
    "barkbands": {
        "dmean": [0.000534700928256, 0.00896943360567, 0.00259552523494, 0.00240882392973, 0.00277811894193, 0.000955915253144, 0.00091206538491, 0.000693567388225, 0.000533841259312, 0.000670846842695, 0.000471734674647, 0.000256313476712, 0.000216549029574, 0.000263798894593, 0.000240022156504, 0.000215559572098, 0.000190788472537, 0.000180093338713, 0.000163628195878, 0.000180525501492, 0.00016903381038, 0.000164996716194, 0.000188609745237, 0.000243638351094, 0.000263156223809, 0.000253892008914, 6.53609458823e-05],
        "dmean2": [0.00086362316506, 0.0133890425786, 0.00476297968999, 0.00448919599876, 0.00458786962554, 0.00154211663175, 0.00149556330871, 0.00107594544534, 0.00083678716328, 0.00101405009627, 0.000700553064235, 0.000391686131479, 0.000331160379574, 0.000407000945415, 0.000378461903892, 0.000327357673086, 0.000295617239317, 0.000268853647867, 0.000264164817054, 0.000281834683847, 0.000255692313658, 0.000240207373281, 0.000280650012428, 0.00034380928264, 0.000379463250283, 0.000386764586437, 0.000100345219835],
        "dvar": [2.74217245533e-06, 0.00046069311793, 0.000102872392745, 6.57675554976e-05, 5.80733540119e-05, 3.05923435917e-06, 3.80276446776e-06, 3.25949463331e-06, 2.12227587326e-06, 2.60547903963e-06, 1.43478803238e-06, 6.37424420802e-07, 3.97470245161e-07, 5.53958784621e-07, 4.91717059958e-07, 4.50411505426e-07, 4.15506093532e-07, 2.37581289753e-07, 2.17147785975e-07, 1.45633450188e-07, 1.45019726006e-07, 1.04049163951e-07, 1.87794768181e-07, 6.17786668045e-07, 4.85846044285e-07, 3.18602303651e-07, 1.34897106818e-08],
        "dvar2": [6.40314237899e-06, 0.00109244766645, 0.000293162098387, 0.000187307581655, 0.000145708661876, 7.69496455177e-06, 9.50856247073e-06, 7.61623141443e-06, 4.88530076836e-06, 5.42121824765e-06, 2.87746115646e-06, 1.29041211494e-06, 8.04391845577e-07, 1.1702250049e-06, 1.0426914514e-06, 9.37815968882e-07, 9.70679593593e-07, 4.96123220728e-07, 5.20020591921e-07, 3.40372565688e-07, 3.00695148781e-07, 2.10958376101e-07, 3.81614256639e-07, 1.28013186895e-06, 1.05222090951e-06, 7.70965527863e-07, 2.92530621948e-08],
        "max": [0.0300690252334, 0.195867016912, 0.112099945545, 0.0806865692139, 0.0814574882388, 0.0375129580498, 0.0461828745902, 0.0394536703825, 0.0454385280609, 0.0422082766891, 0.0333683043718, 0.0230878498405, 0.0214578472078, 0.0184192825109, 0.0193482767791, 0.0195439867675, 0.0171662922949, 0.00924724154174, 0.00900363270193, 0.00744907045737, 0.0134837906808, 0.00901043880731, 0.0218248739839, 0.0229038894176, 0.0204959195107, 0.0155570283532, 0.000839448766783],
        "mean": [0.00075065420242, 0.0179182309657, 0.00228150794283, 0.00176058162469, 0.00316918431781, 0.00147311936598, 0.00139300106093, 0.00120915274601, 0.00072147505125, 0.00121794978622, 0.000777982990257, 0.000449662271421, 0.000363310449757, 0.000367303611711, 0.00037733319914, 0.000300956948195, 0.000266960792942, 0.000272804289125, 0.000233493527048, 0.000289623509161, 0.000292687007459, 0.000278712948784, 0.00036014028592, 0.000450038991403, 0.000437575537944, 0.000280394451693, 5.72314238525e-05],
        "median": [9.79555807135e-06, 0.000116220777272, 8.40879511088e-05, 0.000101678197097, 0.000934823416173, 0.000548299984075, 0.000350527261617, 0.000149551982759, 0.000110560577014, 0.000153472137754, 9.35364805628e-05, 5.3872976423e-05, 5.97618418396e-05, 5.07295044372e-05, 6.14988894085e-05, 5.61236047361e-05, 5.75062840653e-05, 6.48251079838e-05, 7.6103489846e-05, 0.000122247132822, 0.000116117378639, 8.29553173389e-05, 0.000114579102956, 0.000149361410877, 0.000156211899593, 4.8143647291e-05, 2.61546301772e-06],
        "min": [1.01152320661e-24, 2.48881947394e-24, 4.69317018343e-25, 5.41983532273e-25, 9.46257115158e-24, 8.28985762962e-24, 4.93562776594e-24, 7.01416778283e-24, 2.00591787638e-23, 1.04694361345e-23, 1.598200324e-23, 1.63082808435e-23, 4.22076240806e-23, 3.69250990703e-23, 3.31186811196e-23, 3.95700234678e-23, 7.035518461e-23, 9.35789025609e-23, 1.10503067624e-22, 1.99183364844e-22, 2.65003470151e-22, 3.7497004925e-22, 4.32886273159e-22, 5.456092711e-22, 8.67439731265e-22, 1.29683189335e-21, 2.05056579434e-21],
        "var": [4.89720605401e-06, 0.000985082355328, 6.55149488011e-05, 3.86101164622e-05, 5.45606744708e-05, 5.75244166612e-06, 8.91603576747e-06, 9.52938353294e-06, 3.45745070263e-06, 7.89666501078e-06, 4.98615509059e-06, 1.96994619728e-06, 1.24997620787e-06, 1.15043508231e-06, 1.56473424795e-06, 8.90590797553e-07, 6.60397631691e-07, 4.87832551244e-07, 2.81196321339e-07, 2.54010586787e-07, 3.3378620401e-07, 2.39550047354e-07, 6.28511429568e-07, 1.43003512676e-06, 1.01880823422e-06, 3.78423806069e-07, 1.45508947114e-08]
    },
    "erbbands": {
        "dmean": [0.345416367054, 1.75689101219, 2.63756275177, 5.96004724503, 11.1240129471, 7.32966518402, 7.79549837112, 7.54929351807, 10.6564512253, 16.5554065704, 13.4029884338, 11.1609563828, 20.0578765869, 17.7881603241, 15.9913873672, 10.1931495667, 8.91335678101, 12.1365737915, 12.3483219147, 11.3345098495, 10.031747818, 9.46485614777, 9.61024570465, 8.2089138031, 8.8213224411, 7.96032238007, 8.10077190399, 6.31629562378, 6.04856920242, 5.36319923401, 5.74972438812, 4.81511259079, 4.39235591888, 3.39686465263, 1.68347597122, 1.22953176498, 0.43914437294, 0.089143268764, 0.0127964084968, 0.000404236983741],
        "dmean2": [0.522349655628, 2.62093114853, 4.54378890991, 10.9978475571, 19.3125095367, 12.0049629211, 12.5038089752, 12.3019704819, 17.2719459534, 26.6810569763, 20.5492839813, 17.2638072968, 30.1167850494, 26.1956558228, 23.2303657532, 15.1658287048, 13.3278636932, 18.3264865875, 18.8377532959, 17.5447940826, 15.2225255966, 14.5164308548, 14.3419647217, 12.8422727585, 14.0764102936, 12.4190101624, 12.7887639999, 9.05634403229, 9.04184055328, 7.93075656891, 8.65213775635, 7.07360696793, 6.26262044907, 4.87698745728, 2.48936104774, 1.88581812382, 0.668567597866, 0.135285839438, 0.0196001697332, 0.000623978907242],
        "dvar": [0.742452323437, 18.1477184296, 83.2063293457, 447.067474365, 1524.74609375, 239.283950806, 217.435699463, 215.247024536, 517.181091309, 1419.4699707, 1206.69714355, 983.932556152, 2883.00219727, 1844.80700684, 1819.1418457, 775.990478516, 690.36114502, 1139.34387207, 1300.43725586, 1082.5612793, 1120.72094727, 778.904846191, 690.33392334, 913.442993164, 408.227935791, 283.559967041, 368.550842285, 198.736068726, 146.234405518, 93.6366348267, 221.755111694, 259.935699463, 215.703842163, 111.72202301, 20.0895366669, 14.3044137955, 0.693308711052, 0.0194810014218, 0.000571531942114, 5.65390280372e-07],
        "dvar2": [1.77608573437, 43.2589759827, 228.538726807, 1280.26171875, 4000.00390625, 599.176940918, 506.833374023, 543.06640625, 1298.75195312, 3352.19018555, 2702.39355469, 2271.66137695, 5840.95751953, 3702.68261719, 3489.92602539, 1412.54199219, 1355.14160156, 2351.17211914, 2523.46191406, 2363.09814453, 2504.55761719, 1775.91809082, 1366.03552246, 2265, 942.354064941, 653.087341309, 885.389343262, 388.436859131, 315.584289551, 191.703308105, 461.074645996, 579.699523926, 447.811431885, 237.225769043, 46.2329788208, 35.8604850769, 1.5940785408, 0.0415229648352, 0.00125330872834, 1.2175894426e-06],
        "max": [8.43652820587, 40.6966629028, 120.227989197, 242.769729614, 392.103851318, 192.882293701, 243.219467163, 311.505432129, 487.583068848, 921.867370605, 926.261535645, 916.518371582, 1711.63671875, 1406.07727051, 1393.62109375, 944.471374512, 1116.23217773, 1105.4765625, 1243.63525391, 1070.87866211, 1109.93835449, 584.80859375, 672.952148438, 782.726318359, 628.075439453, 356.67489624, 536.375549316, 415.049377441, 339.417755127, 283.315155029, 823.893432617, 710.344909668, 571.628295898, 410.234436035, 120.392242432, 124.031066895, 12.0617713928, 1.94008040428, 0.176474913955, 0.00534012448043],
        "mean": [0.610197305679, 3.60912823677, 3.31989550591, 4.77886343002, 9.1487159729, 9.43486690521, 12.3645505905, 10.9464635849, 16.158870697, 26.3086242676, 25.0135707855, 16.6575164795, 32.9894866943, 35.7492828369, 28.7550773621, 19.8954811096, 16.4530849457, 19.5714836121, 22.3906993866, 16.608499527, 15.1747999191, 14.2786836624, 15.5618715286, 11.9131174088, 13.5086345673, 13.0630931854, 12.6097669601, 11.1400127411, 9.78984928131, 9.59327411652, 10.8625307083, 8.85343265533, 7.90222215652, 5.69240617752, 2.58069634438, 1.46487367153, 0.464062958956, 0.0878276303411, 0.0111617418006, 0.000387602078263],
        "median": [0.00323232938536, 0.0256914887577, 0.107715219259, 0.358993321657, 1.45090842247, 3.15527677536, 4.51031208038, 4.09210538864, 5.56105566025, 4.87277603149, 3.97456622124, 3.5387699604, 5.15888738632, 6.06637763977, 5.42464447021, 3.47619366646, 3.55768203735, 3.05569314957, 3.34684348106, 3.58162617683, 3.30264258385, 3.29600024223, 3.71076011658, 3.65286445618, 5.08494949341, 5.78668498993, 4.99820566177, 4.01748228073, 2.83040499687, 3.66876149178, 3.21014070511, 2.64031600952, 2.63504385948, 1.96865487099, 0.89448928833, 0.285379827023, 0.0713526010513, 0.0107956537977, 0.000469292019261, 8.06182360975e-05],
        "min": [7.39273298045e-23, 3.87136884495e-22, 2.11427990609e-21, 5.35430617773e-21, 1.12889595267e-20, 2.69856478827e-20, 5.82711518416e-20, 8.62218044596e-20, 6.47309477495e-20, 2.21390806746e-19, 2.49309005449e-19, 5.1461506356e-19, 4.83185095415e-19, 8.2772003771e-19, 9.77827883085e-19, 9.63901677087e-19, 2.11560189095e-18, 1.71777640638e-18, 2.15961348301e-18, 2.64500451402e-18, 3.23079748702e-18, 5.04590761569e-18, 5.56729444504e-18, 5.20676529351e-18, 6.45509664314e-18, 8.54495274432e-18, 9.37487711497e-18, 1.11675346667e-17, 1.19125754172e-17, 1.24059274413e-17, 1.18723057835e-17, 1.06805941196e-17, 8.43678564434e-18, 8.34073425879e-18, 6.29752287235e-18, 4.19779519774e-18, 2.30873656987e-18, 9.46686290781e-19, 2.69970012597e-19, 2.99731286028e-20],
        "var": [1.48925459385, 41.0320892334, 71.4556808472, 263.750732422, 1146.37390137, 291.518341064, 449.608093262, 360.82321167, 879.520141602, 4245.11083984, 4414.05371094, 1711.42871094, 6889.82226562, 6823.70263672, 6393.05517578, 2928.14208984, 2304.46557617, 2858.47705078, 6611.58349609, 1931.51208496, 2093.62573242, 1483.13635254, 1653.76025391, 1025.18188477, 635.966430664, 522.138061523, 620.097229004, 488.743438721, 308.32522583, 236.701248169, 692.372070312, 595.140380859, 458.70904541, 226.410430908, 35.0632514954, 16.1510066986, 0.846465706825, 0.0238518416882, 0.000602289219387, 5.93819720507e-07]
    },
    "gfcc": {
        "mean": [-26.1036014557, 39.9260444641, -90.7455825806, 22.6353931427, -68.0553588867, 14.084239006, -41.7147407532, 10.220500946, -29.8017997742, 5.43377685547, -15.1614227295, 3.43838429451, -6.03350925446],
        "cov": [[31002.2167969, -37.6296539307, -894.432067871, 313.885742188, -761.773681641, 213.185531616, -354.812408447, 351.696502686, -232.882217407, 279.213867188, -366.850006104, 194.876693726, -357.833312988], [-37.6296539307, 1744.54064941, -130.432403564, 191.108306885, 302.103088379, 246.811828613, 240.147613525, 148.167541504, 97.9540481567, 42.721862793, 121.50453186, -76.9605178833, 138.584091187], [-894.432067871, -130.432403564, 1478.37939453, 457.351257324, 583.660095215, 239.342407227, 317.772460938, 128.543060303, 232.259643555, 101.243278503, 70.1085739136, 108.138114929, -79.0528869629], [313.885742188, 191.108306885, 457.351257324, 985.129455566, 336.187988281, 262.716003418, 158.261184692, 220.49055481, 171.153442383, 54.4165763855, 77.5497970581, 46.4679641724, 15.3167581558], [-761.773681641, 302.103088379, 583.660095215, 336.187988281, 776.952331543, 296.669006348, 368.37612915, 148.149505615, 195.902114868, 120.882347107, 77.0317459106, 44.1423568726, 39.1388168335], [213.185531616, 246.811828613, 239.342407227, 262.716003418, 296.669006348, 538.983947754, 305.226837158, 120.811981201, 112.624526978, 124.854957581, 63.6225967407, 12.6907291412, 18.5735855103], [-354.812408447, 240.147613525, 317.772460938, 158.261184692, 368.37612915, 305.226837158, 423.905975342, 130.877029419, 144.719146729, 95.8538970947, 74.6861343384, 28.6462631226, 24.1440563202], [351.696502686, 148.167541504, 128.543060303, 220.49055481, 148.149505615, 120.811981201, 130.877029419, 271.222503662, 118.019943237, 73.046081543, 69.3230133057, 45.3003158569, 47.7927398682], [-232.882217407, 97.9540481567, 232.259643555, 171.153442383, 195.902114868, 112.624526978, 144.719146729, 118.019943237, 234.750671387, 73.1544189453, 56.4853439331, 39.3281440735, 3.86525964737], [279.213867188, 42.721862793, 101.243278503, 54.4165763855, 120.882347107, 124.854957581, 95.8538970947, 73.046081543, 73.1544189453, 157.13104248, 58.4915809631, 18.4260253906, 9.15372848511], [-366.850006104, 121.50453186, 70.1085739136, 77.5497970581, 77.0317459106, 63.6225967407, 74.6861343384, 69.3230133057, 56.4853439331, 58.4915809631, 138.121673584, 31.1185855865, 34.8397026062], [194.876693726, -76.9605178833, 108.138114929, 46.4679641724, 44.1423568726, 12.6907291412, 28.6462631226, 45.3003158569, 39.3281440735, 18.4260253906, 31.1185855865, 111.461471558, 14.2938995361], [-357.833312988, 138.584091187, -79.0528869629, 15.3167581558, 39.1388168335, 18.5735855103, 24.1440563202, 47.7927398682, 3.86525964737, 9.15372848511, 34.8397026062, 14.2938995361, 153.220245361]],
        "icov": [[4.32200758951e-05, -2.61104160018e-05, 3.05305838992e-05, -2.92649128824e-05, 4.69079204777e-05, -2.54190799751e-05, 2.44818056672e-05, -9.65002182056e-05, 8.08804179542e-05, -0.000165394361829, 0.000199336514925, -0.000168416256201, 0.000138799019624], [-2.61104160018e-05, 0.00082281808136, 0.000190214515897, -1.84874879778e-05, -0.000308024173137, -0.000144091187394, -0.000175615088665, -0.000110527864308, -0.000179933995241, 0.000483783747768, -0.000701462442521, 0.000908418383915, -0.000496520835441], [3.05305838992e-05, 0.000190214515897, 0.00127342250198, -0.00032604491571, -0.000693855225109, 7.38300077501e-05, -0.000291876145639, 0.000113730493467, -0.000281090324279, -4.16046605096e-05, -1.37873548738e-05, -0.000725240446627, 0.00084804056678], [-2.92649128824e-05, -1.84874879778e-05, -0.00032604491571, 0.00164520682301, -0.000405828177463, -0.000712760025635, 0.000787335273344, -0.000949574226979, -0.00042583089089, 0.000882502412423, -0.000470411614515, 0.000227209136938, 2.16718854062e-05], [4.69079204777e-05, -0.000308024173137, -0.000693855225109, -0.000405828177463, 0.00307299173437, 4.85664604639e-05, -0.00162618863396, 0.000222701870371, -0.000379407720175, -0.000980387674645, 0.000777213776018, -0.00018842209829, -0.000624348118436], [-2.54190799751e-05, -0.000144091187394, 7.38300077501e-05, -0.000712760025635, 4.85664604639e-05, 0.00380280404352, -0.00240151537582, 0.000272318749921, 0.000383803708246, -0.00177435716614, 0.000335931952577, 0.000289759802399, -6.6933821472e-06], [2.44818056672e-05, -0.000175615088665, -0.000291876145639, 0.000787335273344, -0.00162618863396, -0.00240151537582, 0.00620225351304, -0.0010264046723, -0.000954576244112, 0.000492467253935, -0.000764274853282, -2.62949997705e-05, 0.000206947239349], [-9.65002182056e-05, -0.000110527864308, 0.000113730493467, -0.000949574226979, 0.000222701870371, 0.000272318749921, -0.0010264046723, 0.00651809200644, -0.00172083231155, -0.000989742111415, -0.000937847769819, -0.000897263002116, -0.0015335935168], [8.08804179542e-05, -0.000179933995241, -0.000281090324279, -0.00042583089089, -0.000379407720175, 0.000383803708246, -0.000954576244112, -0.00172083231155, 0.00732091441751, -0.00168862077408, -0.000106876323116, -0.00117118819617, 0.00103651417885], [-0.000165394361829, 0.000483783747768, -4.16046605096e-05, 0.000882502412423, -0.000980387674645, -0.00177435716614, 0.000492467253935, -0.000989742111415, -0.00168862077408, 0.0106457425281, -0.0037844714243, 0.00106298329774, -6.89221196808e-05], [0.000199336514925, -0.000701462442521, -1.37873548738e-05, -0.000470411614515, 0.000777213776018, 0.000335931952577, -0.000764274853282, -0.000937847769819, -0.000106876323116, -0.0037844714243, 0.0114353727549, -0.00281917629763, -0.000794806750491], [-0.000168416256201, 0.000908418383915, -0.000725240446627, 0.000227209136938, -0.00018842209829, 0.000289759802399, -2.62949997705e-05, -0.000897263002116, -0.00117118819617, 0.00106298329774, -0.00281917629763, 0.0121763786301, -0.00184369541239], [0.000138799019624, -0.000496520835441, 0.00084804056678, 2.16718854062e-05, -0.000624348118436, -6.6933821472e-06, 0.000206947239349, -0.0015335935168, 0.00103651417885, -6.89221196808e-05, -0.000794806750491, -0.00184369541239, 0.00867191236466]]
    },
    "melbands": {
        "dmean": [0.00275730993599, 0.00151031883433, 0.00121779530309, 0.000665686558932, 0.000270146410912, 0.00017234167899, 0.000169367180206, 0.000174920205609, 0.000102457044704, 7.42283518775e-05, 0.000101459947473, 7.40051982575e-05, 6.282076356e-05, 3.22544619848e-05, 2.31677404372e-05, 1.98640846065e-05, 2.44614584517e-05, 2.13901039388e-05, 1.64113553183e-05, 1.60571762535e-05, 1.21702851175e-05, 1.02554849946e-05, 1.05014923975e-05, 8.79562412592e-06, 6.85183204041e-06, 6.45638738206e-06, 6.58082308291e-06, 5.3984904298e-06, 5.64505080547e-06, 4.48973833045e-06, 3.71931196241e-06, 3.49115271092e-06, 3.4343720472e-06, 3.11864641844e-06, 3.71033934243e-06, 3.10024870487e-06, 3.24081111103e-06, 3.21733909914e-06, 3.32097033606e-06, 2.88018190986e-06],
        "dmean2": [0.00412437366322, 0.0023303811904, 0.0022107057739, 0.00112040422391, 0.000433900422649, 0.000280798791209, 0.000275847996818, 0.000279556203168, 0.000156569192768, 0.000115602262667, 0.000152439853991, 0.000109537701064, 9.14625343285e-05, 4.8300029448e-05, 3.4690980101e-05, 3.06851688947e-05, 3.72425965907e-05, 3.26971348841e-05, 2.64154441538e-05, 2.43135837081e-05, 1.86461857083e-05, 1.58725179062e-05, 1.60597501235e-05, 1.33075782287e-05, 1.0963855857e-05, 1.03682232293e-05, 1.05603148768e-05, 8.49937441671e-06, 9.10880771698e-06, 7.05752199792e-06, 5.29748876943e-06, 5.21968786416e-06, 5.29029102836e-06, 4.633665867e-06, 5.69258281757e-06, 4.77927005704e-06, 4.83852954858e-06, 4.65704761154e-06, 4.86386397824e-06, 4.2111505536e-06],
        "dvar": [4.44426077593e-05, 1.67054822668e-05, 1.54934350576e-05, 3.89546494262e-06, 2.37770890976e-07, 1.08596331927e-07, 1.28841435298e-07, 1.63017531918e-07, 7.11083600891e-08, 4.43065317768e-08, 7.23714776996e-08, 3.36558549918e-08, 2.55298449048e-08, 9.73849179076e-09, 4.20258805534e-09, 3.96912325229e-09, 5.06772579456e-09, 4.224439909e-09, 2.21307150383e-09, 2.4936126497e-09, 2.20118345773e-09, 1.11150277871e-09, 9.7593977344e-10, 6.50984433026e-10, 7.37779892734e-10, 2.56754700834e-10, 2.01782340836e-10, 1.50038897972e-10, 1.88098522869e-10, 1.15205525675e-10, 7.06323055599e-11, 4.96414333251e-11, 4.70572851519e-11, 3.12388864776e-11, 8.53068449214e-11, 8.7673701632e-11, 1.2532717919e-10, 1.25019980479e-10, 1.08389193454e-10, 8.34949817619e-11],
        "dvar2": [0.000105264174636, 4.15252070525e-05, 4.33795903518e-05, 9.90354965325e-06, 5.63939124731e-07, 2.76273141253e-07, 3.25118634237e-07, 3.86594763313e-07, 1.56008894692e-07, 1.0199161693e-07, 1.46430565451e-07, 6.77293456874e-08, 5.0129806084e-08, 1.96515390627e-08, 8.41516190064e-09, 8.32656343874e-09, 1.04815320867e-08, 8.27087198729e-09, 5.30148680511e-09, 4.84939288725e-09, 5.20432719142e-09, 2.62745936119e-09, 2.1323003363e-09, 1.38586342402e-09, 1.88062254658e-09, 5.63127877662e-10, 5.06674702194e-10, 3.43279238368e-10, 4.70363525906e-10, 2.41161646208e-10, 1.47920314886e-10, 1.04474158491e-10, 1.05754745239e-10, 6.63579260984e-11, 1.78076151047e-10, 1.9677413865e-10, 2.92361024279e-10, 2.64914840065e-10, 2.3732882326e-10, 1.82235754265e-10],
        "max": [0.0624117180705, 0.0517813265324, 0.0381092205644, 0.0207533836365, 0.0100660519674, 0.00762213952839, 0.00855061598122, 0.00832371134311, 0.00663435831666, 0.00701668160036, 0.00828077457845, 0.00583952665329, 0.00500480271876, 0.00324342143722, 0.00233459984884, 0.00253208493814, 0.00232963683084, 0.00239107944071, 0.00101152528077, 0.00175430986565, 0.00132614781614, 0.000898174999747, 0.0011194110848, 0.000521774229128, 0.000747179205064, 0.000389798864489, 0.000474759261124, 0.000260973960394, 0.000305202935124, 0.000444654666353, 0.00022082371288, 0.000193283631233, 0.000189884041902, 0.000174238361069, 0.000451225176221, 0.000423286954174, 0.00050542660756, 0.000430853222497, 0.000372858718038, 0.000331189949065],
        "mean": [0.00527136866003, 0.0028502154164, 0.000959035591222, 0.000679148652125, 0.000432926259236, 0.000255789695075, 0.000260046799667, 0.000282778783003, 0.000186714038136, 0.000103522892459, 0.000165489327628, 0.000145469122799, 0.000105889361294, 5.91961506871e-05, 4.15938739025e-05, 3.30618677253e-05, 3.60815320164e-05, 3.6754328903e-05, 2.27008713409e-05, 2.27629716392e-05, 1.68682690855e-05, 1.40160145747e-05, 1.55446577992e-05, 1.31777114802e-05, 8.96789242688e-06, 9.40242080105e-06, 9.79574997473e-06, 8.40557186166e-06, 7.97160191723e-06, 7.360402833e-06, 6.0811489675e-06, 5.48720618099e-06, 5.27032716491e-06, 5.35367598786e-06, 6.63456876282e-06, 5.33551110493e-06, 5.49296464669e-06, 5.47158106201e-06, 5.4994684433e-06, 4.57933901998e-06],
        "median": [3.17870144499e-05, 5.33288803126e-05, 9.42191109061e-05, 0.000159884802997, 0.000171655061422, 9.5805451565e-05, 8.43263987917e-05, 4.85346718051e-05, 2.57494339166e-05, 1.75260902324e-05, 2.16939388338e-05, 1.91267317859e-05, 1.47944765558e-05, 8.06889329397e-06, 7.89905607235e-06, 5.37738060302e-06, 4.67398785986e-06, 4.40521444034e-06, 4.28013390774e-06, 4.22776656706e-06, 3.26860254063e-06, 3.03379874822e-06, 3.48076514456e-06, 2.98348300021e-06, 2.54664746535e-06, 3.02530247609e-06, 3.85998282582e-06, 3.50041841557e-06, 2.9967879982e-06, 2.76355558526e-06, 1.93827327166e-06, 1.39224664508e-06, 1.61742389082e-06, 1.96996666091e-06, 1.87531054507e-06, 1.41931866438e-06, 1.58634509262e-06, 1.72122702224e-06, 1.84420764526e-06, 1.48005767642e-06],
        "min": [9.46111057561e-25, 1.63978928786e-24, 1.29671111638e-24, 1.59777465465e-24, 2.34004464595e-24, 1.85203675175e-24, 9.98516665217e-25, 1.75513268372e-24, 1.69362243793e-24, 2.96763950518e-24, 2.30124945271e-24, 2.89549718932e-24, 2.28646541048e-24, 2.07773932306e-24, 3.58184463383e-24, 4.51936401006e-24, 2.3813862822e-24, 2.46313317679e-24, 2.83880846138e-24, 2.60823920992e-24, 2.95531769505e-24, 4.32159066466e-24, 3.59977623107e-24, 3.6571694118e-24, 3.37348122521e-24, 4.10073998235e-24, 4.34368784191e-24, 3.33709225495e-24, 4.62245393087e-24, 5.16787472733e-24, 6.28071212885e-24, 5.41334930837e-24, 4.39823481249e-24, 6.32527724797e-24, 5.42331617148e-24, 6.65890269644e-24, 5.93889790976e-24, 5.10543480896e-24, 6.23775944142e-24, 5.81336686834e-24],
        "var": [9.14721458685e-05, 2.8321876016e-05, 9.65836352407e-06, 3.39108464686e-06, 4.75632958796e-07, 1.85642605288e-07, 2.34487771422e-07, 4.5949158789e-07, 2.52672293755e-07, 7.51340678562e-08, 1.75906450295e-07, 1.26947455215e-07, 9.45343430203e-08, 3.47518778199e-08, 1.2856356868e-08, 1.17593241811e-08, 1.09656692615e-08, 2.05327435054e-08, 3.77462860968e-09, 5.38935207572e-09, 3.56358342835e-09, 1.69318570276e-09, 1.92439353341e-09, 1.31887045729e-09, 7.34735827734e-10, 4.2416778423e-10, 2.91504653749e-10, 2.61902916021e-10, 2.59958610194e-10, 2.59852195317e-10, 1.55386550849e-10, 1.04390746047e-10, 8.95236038079e-11, 7.80571579595e-11, 2.54160498203e-10, 2.24878241029e-10, 2.56393822839e-10, 2.52532189604e-10, 2.05816530485e-10, 1.63007052301e-10]
    },
    "mfcc": {
        "mean": [-669.197875977, 79.7348937988, 22.7062149048, 11.858089447, 0.866883218288, -1.6709407568, 1.41727125645, -2.93211936951, -1.75079441071, -1.5685749054, -5.85618400574, -2.16376328468, 0.0714043602347],
        "cov": [[14140.8466797, 475.891235352, 149.963531494, 113.206520081, -150.425292969, -28.5645618439, -86.859954834, 23.0074558258, 92.715423584, 62.2785949707, 33.2317504883, -14.4598665237, 32.8469390869], [475.891235352, 1549.80407715, -75.1142578125, -7.74233722687, 111.785774231, 123.516769409, 222.085540771, 56.0552749634, 131.174957275, 97.4697647095, 58.5397377014, 34.2530517578, 40.44190979], [149.963531494, -75.1142578125, 828.48828125, 320.101013184, 236.347595215, 219.759002686, 103.291442871, 191.998687744, 72.7027511597, 94.5153121948, 121.035568237, 111.940628052, 61.4316520691], [113.206520081, -7.74233722687, 320.101013184, 671.247741699, 352.883270264, 129.906173706, 131.698547363, 186.399520874, 140.813095093, 70.9609985352, 100.242530823, 129.481109619, 54.554069519], [-150.425292969, 111.785774231, 236.347595215, 352.883270264, 438.218841553, 208.169250488, 169.196884155, 155.388504028, 152.428009033, 107.534004211, 96.6163330078, 110.568595886, 65.7990646362], [-28.5645618439, 123.516769409, 219.759002686, 129.906173706, 208.169250488, 506.704223633, 234.334609985, 176.962768555, 135.803787231, 168.415634155, 116.136421204, 61.7222747803, 78.1119689941], [-86.859954834, 222.085540771, 103.291442871, 131.698547363, 169.196884155, 234.334609985, 360.844024658, 131.479919434, 144.379455566, 114.655014038, 73.254989624, 83.475440979, 68.9719390869], [23.0074558258, 56.0552749634, 191.998687744, 186.399520874, 155.388504028, 176.962768555, 131.479919434, 268.826416016, 124.266349792, 96.0857467651, 98.8040847778, 88.1804275513, 58.1078338623], [92.715423584, 131.174957275, 72.7027511597, 140.813095093, 152.428009033, 135.803787231, 144.379455566, 124.266349792, 226.464920044, 109.440849304, 61.6975975037, 62.6514968872, 64.8627243042], [62.2785949707, 97.4697647095, 94.5153121948, 70.9609985352, 107.534004211, 168.415634155, 114.655014038, 96.0857467651, 109.440849304, 185.300384521, 90.3778610229, 56.1205444336, 53.4527664185], [33.2317504883, 58.5397377014, 121.035568237, 100.242530823, 96.6163330078, 116.136421204, 73.254989624, 98.8040847778, 61.6975975037, 90.3778610229, 169.943252563, 91.992729187, 44.7608337402], [-14.4598665237, 34.2530517578, 111.940628052, 129.481109619, 110.568595886, 61.7222747803, 83.475440979, 88.1804275513, 62.6514968872, 56.1205444336, 91.992729187, 157.451309204, 65.8424987793], [32.8469390869, 40.44190979, 61.4316520691, 54.554069519, 65.7990646362, 78.1119689941, 68.9719390869, 58.1078338623, 64.8627243042, 53.4527664185, 44.7608337402, 65.8424987793, 125.881721497]],
