{
"lowlevel": {
    "average_loudness": 0.786282598972,
    "barkbands_crest": {
        "dmean": 3.08563542366,
        "dmean2": 4.7557425499,
        "dvar": 9.99278736115,
        "dvar2": 20.2864151001,
        "max": 26.6950702667,
        "mean": 11.0294981003,
        "median": 9.6088886261,
        "min": 2.3118262291,
        "var": 27.65558815
    },
    "barkbands_flatness_db": {
        "dmean": 0.0295659396797,
        "dmean2": 0.0405778735876,
        "dvar": 0.0012714851182,
        "dvar2": 0.00216878880747,
        "max": 0.679367482662,
        "mean": 0.159264013171,
        "median": 0.143491983414,
        "min": 0.0166523810476,
        "var": 0.00527882901952
    },
    "barkbands_kurtosis": {
        "dmean": 18.1256122589,
        "dmean2": 28.370677948,
        "dvar": 5904.56298828,
        "dvar2": 13426.0019531,
        "max": 2198.83154297,
        "mean": 18.9796142578,
        "median": 2.43841409683,
        "min": -1.91177463531,
        "var": 6603.79443359
    },
    "barkbands_skewness": {
        "dmean": 1.08206260204,
        "dmean2": 1.49116957188,
        "dvar": 3.8690161705,
        "dvar2": 7.53961992264,
        "max": 39.9620513916,
        "mean": 1.9869197607,
        "median": 1.30937576294,
        "min": -7.44943618774,
        "var": 8.91969680786
    },
    "barkbands_spread": {
        "dmean": 5.99165391922,
        "dmean2": 8.78385257721,
        "dvar": 67.5247421265,
        "dvar2": 132.512329102,
        "max": 120.063903809,
        "mean": 18.6547870636,
        "median": 16.082775116,
        "min": 0.0601225011051,
        "var": 193.459991455
    },
    "dissonance": {
        "dmean": 0.0272897221148,
        "dmean2": 0.0454511232674,
        "dvar": 0.00065379764419,
        "dvar2": 0.00176087196451,
        "max": 0.500000059605,
        "mean": 0.444518148899,
        "median": 0.4524512887,
        "min": 0.171489074826,
        "var": 0.00142785673961
    },
    "dynamic_complexity": 5.30088758469,
    "erbbands_crest": {
        "dmean": 3.12363409996,
        "dmean2": 5.02313613892,
        "dvar": 7.86764907837,
        "dvar2": 19.3696422577,
        "max": 31.866733551,
        "mean": 10.9153556824,
        "median": 10.0246362686,
        "min": 2.49502086639,
        "var": 21.8401641846
    },
    "erbbands_flatness_db": {
        "dmean": 0.0203147660941,
        "dmean2": 0.0283382106572,
        "dvar": 0.00035734611447,
        "dvar2": 0.000666726613417,
        "max": 0.444731742144,
        "mean": 0.176751255989,
        "median": 0.171315208077,
        "min": 0.0602036342025,
        "var": 0.00228264508769
    },
    "erbbands_kurtosis": {
        "dmean": 1.72504532337,
        "dmean2": 2.6475520134,
        "dvar": 9.49094963074,
        "dvar2": 21.0455913544,
        "max": 88.633605957,
        "mean": 1.98951721191,
        "median": 0.82240319252,
        "min": -1.92192459106,
        "var": 20.3021736145
    },
    "erbbands_skewness": {
        "dmean": 0.483261495829,
        "dmean2": 0.701945245266,
        "dvar": 0.253355979919,
        "dvar2": 0.50242549181,
        "max": 8.45480728149,
        "mean": 0.657010912895,
        "median": 0.667358875275,
        "min": -6.21908760071,
        "var": 1.15543997288
    },
    "erbbands_spread": {
        "dmean": 9.30137443542,
        "dmean2": 13.6439218521,
        "dvar": 136.678817749,
        "dvar2": 289.694366455,
        "max": 213.410293579,
        "mean": 33.6416625977,
        "median": 29.1548271179,
        "min": 1.59045100212,
        "var": 434.896881104
    },
    "hfc": {
        "dmean": 5.31992435455,
        "dmean2": 7.40688610077,
        "dvar": 78.5386199951,
        "dvar2": 159.752105713,
        "max": 233.994796753,
        "mean": 15.9107236862,
        "median": 7.875436306,
        "min": 1.12610793641e-16,
        "var": 376.181427002
    },
    "melbands_crest": {
        "dmean": 3.14769911766,
        "dmean2": 4.94468069077,
        "dvar": 8.4210357666,
        "dvar2": 19.0011863708,
        "max": 37.6140518188,
        "mean": 13.610830307,
        "median": 12.6668052673,
        "min": 1.69827091694,
        "var": 28.2789497375
    },
    "melbands_flatness_db": {
        "dmean": 0.0351398698986,
        "dmean2": 0.0462978705764,
        "dvar": 0.00188771053217,
        "dvar2": 0.00288478820585,
        "max": 0.839544177055,
        "mean": 0.221128210425,
        "median": 0.198574721813,
        "min": 0.0050902068615,
        "var": 0.00977201201022
    },
    "melbands_kurtosis": {
        "dmean": 17.8397197723,
        "dmean2": 26.7174186707,
        "dvar": 2234.86376953,
        "dvar2": 4647.91015625,
        "max": 965.629516602,
        "mean": 26.2611236572,
        "median": 6.64033985138,
        "min": -1.84552049637,
        "var": 4039.97143555
    },
    "melbands_skewness": {
        "dmean": 1.04563057423,
        "dmean2": 1.46932482719,
        "dvar": 2.21182990074,
        "dvar2": 4.09344339371,
        "max": 23.8715820312,
        "mean": 2.67177033424,
        "median": 2.03824901581,
        "min": -2.67301464081,
        "var": 6.83020544052
    },
    "melbands_spread": {
        "dmean": 7.8270983696,
        "dmean2": 11.406999588,
        "dvar": 169.274414062,
        "dvar2": 347.57321167,
        "max": 248.994155884,
        "mean": 23.053817749,
        "median": 17.6571979523,
        "min": 0.259181529284,
        "var": 516.833190918
    },
    "pitch_salience": {
        "dmean": 0.0835246294737,
        "dmean2": 0.127121970057,
        "dvar": 0.00748289003968,
        "dvar2": 0.0148194385692,
        "max": 0.890035569668,
        "mean": 0.529749035835,
        "median": 0.548286676407,
        "min": 0.0436154678464,
        "var": 0.0218595396727
    },
    "silence_rate_20dB": {
        "dmean": 0,
        "dmean2": 0,
        "dvar": 0,
        "dvar2": 0,
        "max": 1,
        "mean": 1,
        "median": 1,
        "min": 1,
        "var": 0
    },
    "silence_rate_30dB": {
        "dmean": 0.0591556876898,
        "dmean2": 0.118321977556,
        "dvar": 0.0556546635926,
        "dvar2": 0.104679524899,
        "max": 1,
        "mean": 0.929915726185,
        "median": 1,
        "min": 0,
        "var": 0.0651641115546
    },
    "silence_rate_60dB": {
        "dmean": 0.0498341843486,
        "dmean2": 0.0996773019433,
        "dvar": 0.0473456941545,
        "dvar2": 0.101757161319,
        "max": 1,
        "mean": 0.204158455133,
        "median": 0,
        "min": 0,
        "var": 0.16246509552
    },
    "spectral_centroid": {
        "dmean": 276.094268799,
        "dmean2": 385.230499268,
        "dvar": 130577.109375,
        "dvar2": 226822.546875,
        "max": 10717.8828125,
        "mean": 1292.53857422,
        "median": 1149.81103516,
        "min": 81.7342910767,
        "var": 616977.1875
    },
    "spectral_complexity": {
        "dmean": 2.52666497231,
        "dmean2": 3.80512738228,
        "dvar": 11.9365444183,
        "dvar2": 25.4816360474,
        "max": 51,
        "mean": 11.0371932983,
        "median": 10,
        "min": 0,
        "var": 58.1788291931
    },
    "spectral_decrease": {
        "dmean": 4.84678608359e-09,
        "dmean2": 7.12482561838e-09,
        "dvar": 1.48131371747e-16,
        "dvar2": 3.11200434217e-16,
        "max": -5.71541197153e-29,
        "mean": -7.19622317291e-09,
        "median": -3.05859293448e-09,
        "min": -8.86354243335e-08,
        "var": 1.83218507212e-16
    },
    "spectral_energy": {
        "dmean": 0.0186712276191,
        "dmean2": 0.0274206157774,
        "dvar": 0.00213099247776,
        "dvar2": 0.00447888439521,
        "max": 0.337060600519,
        "mean": 0.0286033973098,
        "median": 0.0124813877046,
        "min": 1.04769274669e-20,
        "var": 0.0026729630772
    },
    "spectral_energyband_high": {
        "dmean": 0.000208009107155,
        "dmean2": 0.000289905146929,
        "dvar": 4.45552757355e-07,
        "dvar2": 8.16564465822e-07,
        "max": 0.0246091596782,
        "mean": 0.000377713993657,
        "median": 0.000103919112007,
        "min": 7.70075988939e-21,
        "var": 1.11431813821e-06
    },
    "spectral_energyband_low": {
        "dmean": 0.0158630236983,
        "dmean2": 0.0232661813498,
        "dvar": 0.0022474094294,
        "dvar2": 0.00475049298257,
        "max": 0.332832753658,
        "mean": 0.0163810104132,
        "median": 0.000427523656981,
        "min": 7.93018202192e-23,
        "var": 0.00253543932922
    },
    "spectral_energyband_middle_high": {
        "dmean": 0.00182301038876,
        "dmean2": 0.00250446051359,
        "dvar": 1.18656344057e-05,
        "dvar2": 2.13110342884e-05,
        "max": 0.0789119154215,
        "mean": 0.0055083478801,
        "median": 0.00135484570637,
        "min": 1.47097350616e-21,
        "var": 8.53911333252e-05
    },
    "spectral_energyband_middle_low": {
        "dmean": 0.00311543326825,
        "dmean2": 0.00499813072383,
        "dvar": 3.65382948075e-05,
        "dvar2": 9.48416418396e-05,
        "max": 0.0800981968641,
        "mean": 0.00665113888681,
        "median": 0.00396268442273,
        "min": 3.14139583832e-22,
        "var": 6.53398456052e-05
    },
    "spectral_entropy": {
        "dmean": 0.206553995609,
        "dmean2": 0.284156918526,
        "dvar": 0.0456363707781,
        "dvar2": 0.0786593556404,
        "max": 9.81236362457,
        "mean": 7.31933450699,
        "median": 7.30404472351,
        "min": 3.89061117172,
        "var": 0.261923313141
    },
    "spectral_flux": {
        "dmean": 0.0399372018874,
        "dmean2": 0.0635895580053,
        "dvar": 0.00440565729514,
        "dvar2": 0.0117532219738,
        "max": 0.510552585125,
        "mean": 0.0850365906954,
        "median": 0.0577770024538,
        "min": 1.02356866039e-10,
        "var": 0.00706865917891
    },
    "spectral_kurtosis": {
        "dmean": 1.54308092594,
        "dmean2": 2.34684181213,
        "dvar": 4.16443252563,
        "dvar2": 8.3612165451,
        "max": 155.033584595,
        "mean": 5.34417486191,
        "median": 4.86192178726,
        "min": -1.52463841438,
        "var": 27.5741024017
    },
    "spectral_rms": {
        "dmean": 0.00119106762577,
        "dmean2": 0.00161904189736,
        "dvar": 4.68193456982e-06,
        "dvar2": 8.38232062961e-06,
        "max": 0.0181339345872,
        "mean": 0.00413793278858,
        "median": 0.00348955066875,
        "min": 3.19709124626e-12,
        "var": 1.07832620415e-05
    },
    "spectral_rolloff": {
        "dmean": 506.455444336,
        "dmean2": 829.282470703,
        "dvar": 1168500.375,
        "dvar2": 2337048,
        "max": 18733.8867188,
        "mean": 1551.17285156,
        "median": 1098.19335938,
        "min": 21.533203125,
        "var": 3053195.75
    },
    "spectral_skewness": {
        "dmean": 0.237182870507,
        "dmean2": 0.343496024609,
        "dvar": 0.0592922382057,
        "dvar2": 0.112095922232,
        "max": 11.0072698593,
        "mean": 1.81119227409,
        "median": 1.8099552393,
        "min": -0.611544191837,
        "var": 0.348999619484
    },
    "spectral_spread": {
        "dmean": 670302.5625,
        "dmean2": 949865.125,
        "dvar": 922237337600,
        "dvar2": 1.4880037929e+12,
        "max": 41448200,
        "mean": 5100607.5,
        "median": 4747537,
        "min": 789013.125,
        "var": 3.51403035853e+12
    },
    "spectral_strongpeak": {
        "dmean": 0.635715603828,
        "dmean2": 1.03149557114,
        "dvar": 0.977532088757,
        "dvar2": 2.36526226997,
        "max": 16.2285556793,
        "mean": 1.17979323864,
        "median": 0.552229225636,
        "min": 0,
        "var": 2.53677916527
    },
    "zerocrossingrate": {
        "dmean": 0.0128313330933,
        "dmean2": 0.0138537772,
        "dvar": 0.000274702790193,
        "dvar2": 0.000288631214062,
        "max": 0.5,
        "mean": 0.0633151754737,
        "median": 0.0556640625,
        "min": 0.0029296875,
        "var": 0.00241320952773
    },
    "barkbands": {
        "dmean": [0.000133150737383, 0.0147468801588, 0.00203248229809, 0.000378031516448, 0.00103320740163, 0.000631016911939, 0.000631790433545, 0.000697960786056, 0.000868070055731, 0.000528513803147, 0.000565398251638, 0.000546001945622, 0.000446605234174, 0.000314712902764, 0.000315443321597, 0.000162815689691, 0.000129604610265, 0.000210511105251, 0.000236143998336, 0.000103410129668, 4.16647417296e-05, 4.23623714596e-05, 3.80829187634e-05, 4.28365274274e-05, 3.58562901965e-05, 1.2317555047e-05, 5.94660832576e-07],
        "dmean2": [0.000194224252482, 0.0224537570029, 0.00342401256785, 0.000639854231849, 0.00171694171149, 0.000987155130133, 0.00103803351521, 0.00113748270087, 0.00132387783378, 0.000827001582365, 0.000846202601679, 0.000823241483886, 0.000668906897772, 0.000477573601529, 0.000478399801068, 0.000247454096097, 0.000192937543034, 0.00031893645064, 0.000341578474035, 0.000155438683578, 6.41502629151e-05, 6.47170600132e-05, 5.44855538465e-05, 6.02923537372e-05, 5.09996643814e-05, 1.82852072612e-05, 9.37579272886e-07],
        "dvar": [5.30766115503e-08, 0.00210321671329, 4.9565500376e-05, 1.77181675554e-06, 6.0374009081e-06, 2.01852253667e-06, 2.87773059426e-06, 3.61730985787e-06, 4.68504731543e-06, 3.19000173477e-06, 3.1460331229e-06, 3.40411861544e-06, 2.47498905992e-06, 8.75676619216e-07, 1.07451273834e-06, 2.76076946193e-07, 1.96365377292e-07, 3.96201585318e-07, 3.85990603036e-07, 8.35581772662e-08, 2.42924720339e-08, 4.49107915301e-08, 2.01645189435e-08, 3.01266034342e-08, 4.79358170935e-08, 3.13035219968e-09, 5.95600695499e-12],
        "dvar2": [1.09589443298e-07, 0.00476001901552, 0.00013614918862, 5.02469356434e-06, 1.58119946718e-05, 4.85393047711e-06, 7.5471443779e-06, 9.00633949641e-06, 1.01111609183e-05, 7.4477088674e-06, 6.3190173023e-06, 6.86348948875e-06, 5.35455865247e-06, 1.83574093171e-06, 2.33537616623e-06, 6.13172005615e-07, 4.01665829486e-07, 8.65307470121e-07, 7.83984205555e-07, 1.81620009698e-07, 5.82872594634e-08, 1.05118196814e-07, 3.79187596877e-08, 5.18142577732e-08, 9.17933036249e-08, 6.9595671448e-09, 1.27997126786e-11],
        "max": [0.0040448862128, 0.326529622078, 0.0922286957502, 0.0502723492682, 0.0399483330548, 0.0655842721462, 0.0410778261721, 0.0476449579, 0.0520376749337, 0.0686599239707, 0.0548286363482, 0.047816362232, 0.0412326864898, 0.0224682018161, 0.026058414951, 0.0141613529995, 0.0195576623082, 0.0173322819173, 0.0159942321479, 0.00965003855526, 0.00591799803078, 0.013374324888, 0.00559525471181, 0.0118326721713, 0.0115629872307, 0.00357423978858, 0.000181797571713],
        "mean": [0.000343402003637, 0.0137497959659, 0.00215682061389, 0.000513410312124, 0.00143642013427, 0.00116059416905, 0.000895220844541, 0.000875719939359, 0.00136836559977, 0.000769414415117, 0.00104464543983, 0.000849488424137, 0.000663911690935, 0.000538530410267, 0.000518580200151, 0.000243744187173, 0.000215371735976, 0.000350017246092, 0.000419662712375, 0.000163977660122, 6.06991088716e-05, 5.78822146053e-05, 6.23410232947e-05, 7.092449232e-05, 5.48230455024e-05, 1.87373352674e-05, 7.37081279567e-07],
        "median": [0.000203534407774, 0.000178362533916, 3.68852124666e-05, 6.71883899486e-05, 0.000608708360232, 0.000527235562913, 0.000259431544691, 0.0001953952451, 0.00029114150675, 0.000110778433736, 0.000101431265648, 8.43022280606e-05, 5.4596173868e-05, 4.49891012977e-05, 3.85931889468e-05, 2.52690861089e-05, 2.25207295443e-05, 4.00467470172e-05, 4.93653278681e-05, 2.86974936898e-05, 8.68386359798e-06, 8.33917329146e-06, 1.31789138322e-05, 1.90740465769e-05, 1.4094677681e-05, 5.00297755934e-06, 1.54393958951e-07],
        "min": [1.2575323198e-23, 4.58290573045e-23, 1.74415947076e-23, 1.1421569159e-23, 5.74416830528e-23, 4.08605367999e-23, 2.6045762132e-23, 3.00386841557e-23, 1.03157718678e-22, 4.96702955757e-23, 9.4050035537e-23, 1.19704177139e-22, 1.13381589512e-22, 8.91099108695e-23, 6.66723148987e-23, 1.05052032458e-22, 1.76099855875e-22, 6.93653535005e-23, 2.00094278308e-22, 2.88577032137e-22, 3.91839328527e-22, 4.3336640546e-22, 5.17087948274e-22, 6.49384087265e-22, 1.15031126695e-21, 1.44390919049e-21, 2.42503627375e-21],
        "var": [1.71106606217e-07, 0.00210699345917, 4.07345360145e-05, 1.52363520556e-06, 6.54186214888e-06, 4.33824061474e-06, 4.02029991164e-06, 5.2350947044e-06, 9.87760085991e-06, 6.01298506808e-06, 1.14382628453e-05, 7.73281681177e-06, 4.83978465127e-06, 2.43833346758e-06, 2.94189771921e-06, 5.99304030402e-07, 5.3069805972e-07, 9.7898146123e-07, 1.03513605154e-06, 1.77169070525e-07, 4.60151952097e-08, 7.72299202367e-08, 4.60477842523e-08, 6.39799822011e-08, 8.08314482015e-08, 4.85481077561e-09, 9.59445283638e-12]
    },
    "erbbands": {
        "dmean": [0.279885560274, 3.72153067589, 3.34609079361, 1.49277043343, 1.61583483219, 4.72785806656, 4.70719337463, 5.49220705032, 6.32053470612, 16.0464248657, 13.6954069138, 17.7993717194, 18.6984157562, 18.1070976257, 19.8264961243, 19.0806465149, 18.0565853119, 18.7633972168, 13.3649559021, 12.0264034271, 8.44939422607, 6.61360502243, 9.78472423553, 13.3541536331, 9.12577342987, 4.49529218674, 1.6683088541, 1.77830410004, 1.5279147625, 1.24416518211, 1.09814858437, 0.919300079346, 0.732522785664, 0.476234972477, 0.215909138322, 0.073807656765, 0.0202366691083, 0.00293481140397, 6.84419283061e-05, 2.21348309424e-05],
        "dmean2": [0.460235357285, 5.58972358704, 4.84075975418, 2.46389508247, 2.73350691795, 7.87082576752, 7.36578989029, 8.72773265839, 10.36439991, 26.4253883362, 21.9778175354, 27.1236019135, 28.6394367218, 26.9443035126, 28.7378311157, 27.7677955627, 26.1037139893, 27.7465763092, 19.7354297638, 18.108001709, 12.3099393845, 9.57329368591, 14.5320234299, 18.8825778961, 13.0585718155, 6.70602846146, 2.53004074097, 2.78230333328, 2.38837265968, 1.79078054428, 1.57045292854, 1.31995415688, 1.03479588032, 0.675588548183, 0.30978924036, 0.109302528203, 0.0299043729901, 0.00434815697372, 0.000100471515907, 3.21930529026e-05],
        "dvar": [0.819732010365, 131.929214478, 107.504585266, 25.6607818604, 17.0854377747, 144.868362427, 135.791046143, 159.109024048, 220.958709717, 2237.60766602, 1293.0592041, 2186.56811523, 2998.58618164, 4592.89550781, 4194.53613281, 4432.65625, 3967.56176758, 2501.73535156, 1747.03881836, 1708.81262207, 720.30456543, 435.419616699, 905.441040039, 1407.79321289, 538.959594727, 152.827850342, 27.7445583344, 54.2805023193, 66.6202316284, 25.0446586609, 17.3411331177, 11.879989624, 11.9928188324, 6.90077972412, 2.29704928398, 0.138814985752, 0.00682516722009, 0.000210867219721, 9.17370499565e-08, 2.5898498901e-09],
        "dvar2": [2.05976295471, 290.769378662, 217.997467041, 71.0361099243, 47.896697998, 380.079986572, 349.361450195, 384.648406982, 565.659973145, 6034.04150391, 2926.02929688, 4829.62158203, 7238.23144531, 9899.45605469, 8272.96777344, 8446.37109375, 8272.43359375, 5281.94677734, 3499.98608398, 3868.08398438, 1483.27734375, 784.022583008, 1925.58959961, 2826.63867188, 1077.19689941, 340.137115479, 65.2879562378, 130.272583008, 163.505249023, 47.4728126526, 33.4906539917, 23.1624279022, 21.3075485229, 12.1662464142, 4.76629161835, 0.305254518986, 0.0144355390221, 0.000435422902228, 1.84648683899e-07, 5.42506661816e-09],
        "max": [7.00860214233, 80.4072036743, 111.76285553, 125.778549194, 111.937034607, 215.703674316, 404.016082764, 371.281280518, 315.686920166, 849.400817871, 1008.49530029, 1019.81988525, 1200.29602051, 1930.57116699, 2439.17700195, 2431.72485352, 1782.08886719, 1266.1550293, 1449.11328125, 1599.52734375, 662.319519043, 1078.51208496, 905.545166016, 1047.6829834, 534.791748047, 340.832794189, 181.353271484, 290.170898438, 560.579711914, 240.553085327, 162.001907349, 176.997329712, 245.352676392, 146.271347046, 89.234664917, 18.9879665375, 5.92749404907, 1.28943490982, 0.0265673305839, 0.000945883686654],
        "mean": [0.256530314684, 3.4665312767, 4.04480028152, 2.02223753929, 2.15548825264, 6.12448883057, 7.97050380707, 9.30521583557, 10.2059020996, 20.4681549072, 20.6165943146, 28.1967277527, 30.1194438934, 33.5756263733, 38.3287887573, 32.6928596497, 29.4567565918, 34.2530441284, 22.8654766083, 20.8280410767, 14.2685308456, 12.485783577, 17.4898033142, 24.9039306641, 16.2285709381, 7.50687360764, 2.77661633492, 2.45053362846, 2.05783963203, 1.87836170197, 1.79577803612, 1.51645469666, 1.16893732548, 0.744175553322, 0.308572232723, 0.103790126741, 0.0315042696893, 0.00459604524076, 0.000115378163173, 3.70744128304e-05],
        "median": [0.00614485237747, 0.0288067311049, 0.0546667575836, 0.175188779831, 0.821380317211, 2.16455173492, 3.07626104355, 3.95892906189, 4.16274166107, 5.07426452637, 5.00952339172, 6.6103105545, 6.02178144455, 3.95078635216, 4.57297849655, 3.95199155807, 3.47625589371, 3.95352196693, 2.63052892685, 2.12032485008, 1.58375263214, 1.51767373085, 2.14775848389, 2.5672814846, 2.35986566544, 1.45931184292, 0.587312817574, 0.317973017693, 0.295176327229, 0.304822921753, 0.392561793327, 0.370601177216, 0.31784555316, 0.196822553873, 0.0717806965113, 0.0241731591523, 0.00830535776913, 0.00127848109696, 4.25950202043e-05, 1.74808592419e-05],
        "min": [1.32171577223e-21, 8.52263895276e-21, 2.07395149888e-20, 2.40127510676e-20, 6.20219118563e-20, 1.70626060469e-19, 4.71316501191e-19, 1.90202220243e-19, 2.65909021078e-19, 4.80211587908e-19, 1.16720271592e-18, 1.73396557174e-18, 2.07752407902e-18, 2.39162585751e-18, 4.21227168564e-18, 4.60596168074e-18, 5.65853867045e-18, 4.585479448e-18, 5.05404665933e-18, 3.58379267752e-18, 6.40525322097e-18, 9.66339274954e-18, 3.64801994336e-18, 6.78792392954e-18, 9.44288128749e-18, 1.10982723525e-17, 1.9336526378e-17, 1.3273127879e-17, 1.63774018875e-17, 1.72990514891e-17, 1.3783319646e-17, 1.22991872278e-17, 1.21624898413e-17, 1.05145740076e-17, 8.15710181717e-18, 5.49423413102e-18, 2.86322013629e-18, 1.12785187302e-18, 3.18872335875e-19, 3.34146975518e-20],
        "var": [0.683055341244, 137.386276245, 139.450241089, 21.928062439, 16.2975730896, 150.128143311, 234.503097534, 303.467681885, 367.448364258, 2455.24389648, 2776.10498047, 4171.72802734, 6322.86914062, 14191.828125, 15169.0986328, 11552.6699219, 8326.11425781, 7437.65136719, 4490.47558594, 4181.32617188, 1809.92919922, 1492.82775879, 2117.74755859, 4335.515625, 1405.14916992, 334.294158936, 57.0212478638, 100.898147583, 103.041160583, 55.715221405, 38.242313385, 24.2158679962, 23.7579250336, 13.4009256363, 3.21374440193, 0.19787915051, 0.0117934998125, 0.000354788673576, 1.63600518022e-07, 3.52358298095e-09]
    },
    "gfcc": {
        "mean": [-66.018081665, 77.2137908936, -114.853790283, 13.3040323257, -67.0371170044, 12.4225091934, -43.8998985291, 16.3155212402, -29.4582328796, 2.83492827415, -7.14036941528, -0.191545605659, -10.5131196976],
        "cov": [[16616.1679688, 1110.00317383, -658.898071289, -93.6153106689, 129.461196899, -123.713653564, -38.7275238037, 241.678939819, -224.837081909, 161.170272827, 68.5046081543, 70.4666595459, -218.083847046], [1110.00317383, 1476.63122559, 706.672607422, 309.495239258, 484.16708374, 229.329574585, 309.429199219, 153.988296509, 102.561149597, -53.0900115967, 74.9073028564, -141.143814087, -11.626206398], [-658.898071289, 706.672607422, 1856.49829102, 796.00579834, 310.476531982, 433.631988525, 370.249237061, 148.441680908, 150.092849731, 13.2244062424, -40.3911476135, -97.8599624634, 2.55870866776], [-93.6153106689, 309.495239258, 796.00579834, 806.340698242, 353.052124023, 241.13923645, 234.16973877, 145.39465332, 164.468078613, 25.2344608307, -7.98825216293, -44.9885063171, -3.65634942055], [129.461196899, 484.16708374, 310.476531982, 353.052124023, 729.277832031, 288.790252686, 288.817382812, 180.074157715, 130.986038208, -10.5576086044, 83.5623931885, -35.9541282654, -28.4849700928], [-123.713653564, 229.329574585, 433.631988525, 241.13923645, 288.790252686, 463.881286621, 263.197753906, 27.9324836731, 54.6803817749, 40.1366615295, 12.2841081619, -45.6709365845, -1.16562151909], [-38.7275238037, 309.429199219, 370.249237061, 234.16973877, 288.817382812, 263.197753906, 417.305175781, 116.274841309, 49.9791564941, 16.0821609497, 55.6040496826, -37.715587616, -20.286781311], [241.678939819, 153.988296509, 148.441680908, 145.39465332, 180.074157715, 27.9324836731, 116.274841309, 239.263092041, 84.9401702881, -17.9672393799, 37.4953346252, -12.4196519852, -3.62758135796], [-224.837081909, 102.561149597, 150.092849731, 164.468078613, 130.986038208, 54.6803817749, 49.9791564941, 84.9401702881, 181.644607544, 40.4104499817, 2.84146094322, 1.6139343977, 19.6271629333], [161.170272827, -53.0900115967, 13.2244062424, 25.2344608307, -10.5576086044, 40.1366615295, 16.0821609497, -17.9672393799, 40.4104499817, 138.257904053, 25.5265464783, 11.7739868164, -1.1144888401], [68.5046081543, 74.9073028564, -40.3911476135, -7.98825216293, 83.5623931885, 12.2841081619, 55.6040496826, 37.4953346252, 2.84146094322, 25.5265464783, 139.423370361, 20.1625385284, -3.70050954819], [70.4666595459, -141.143814087, -97.8599624634, -44.9885063171, -35.9541282654, -45.6709365845, -37.715587616, -12.4196519852, 1.6139343977, 11.7739868164, 20.1625385284, 128.5574646, 30.0335388184], [-218.083847046, -11.626206398, 2.55870866776, -3.65634942055, -28.4849700928, -1.16562151909, -20.286781311, -3.62758135796, 19.6271629333, -1.1144888401, -3.70050954819, 30.0335388184, 104.392173767]],
        "icov": [[8.57008926687e-05, -0.000153286688146, 9.7213742265e-05, -7.66233133618e-05, 5.19448003615e-05, -5.61940578336e-05, 8.84451947059e-05, -0.000226860836847, 0.000280120410025, -0.000261737557594, 0.000142113873153, -0.000216056621866, 0.000191485218238], [-0.000153286688146, 0.00147578166798, -0.000632927578408, 0.000468349346193, -0.000758727546781, 0.000465029210318, -0.000478884030599, 0.000608943228144, -0.000799341476522, 0.000915577053092, -0.000815809005871, 0.00147315277718, -0.000690374406986], [9.7213742265e-05, -0.000632927578408, 0.00140532210935, -0.0011730507249, 0.000703359313775, -0.00080310163321, -8.30739591038e-05, -0.000500289082993, 0.000386575295124, -0.000224126153626, 0.00054419710068, -0.000380707846489, 0.000260238535702], [-7.66233133618e-05, 0.000468349346193, -0.0011730507249, 0.00294081051834, -0.000999869429506, 0.000314240751322, -0.000325853528921, 5.74724472244e-05, -0.00136052782182, 3.38056670444e-05, 0.000252896687016, 0.000448550999863, -0.000170729312231], [5.19448003615e-05, -0.000758727546781, 0.000703359313775, -0.000999869429506, 0.00335990288295, -0.00161327654496, -0.000317677855492, -0.00110122771002, -0.000806482508779, 0.000857260078192, -0.000932193885092, -0.000687247724272, 0.00109599879943], [-5.61940578336e-05, 0.000465029210318, -0.00080310163321, 0.000314240751322, -0.00161327654496, 0.00483074272051, -0.00219153356738, 0.00172009388916, -0.000139158189995, -0.00093717238633, 0.000504985742737, 0.00108549790457, -0.00106553139631], [8.84451947059e-05, -0.000478884030599, -8.30739591038e-05, -0.000325853528921, -0.000317677855492, -0.00219153356738, 0.0051459884271, -0.00186190172099, 0.00115155323874, -0.000596621714067, -0.000847453542519, -0.000297994731227, 0.000779052323196], [-0.000226860836847, 0.000608943228144, -0.000500289082993, 5.74724472244e-05, -0.00110122771002, 0.00172009388916, -0.00186190172099, 0.00754549587145, -0.0034628061112, 0.00237137894146, -0.00167353486177, 0.00111830234528, -0.00047742924653], [0.000280120410025, -0.000799341476522, 0.000386575295124, -0.00136052782182, -0.000806482508779, -0.000139158189995, 0.00115155323874, -0.0034628061112, 0.0102055836469, -0.00428601866588, 0.0020194016397, -0.00125399441458, -0.00121130794287], [-0.000261737557594, 0.000915577053092, -0.000224126153626, 3.38056670444e-05, 0.000857260078192, -0.00093717238633, -0.000596621714067, 0.00237137894146, -0.00428601866588, 0.0104163596407, -0.00312935048714, 0.000440688367235, 0.000431087741163], [0.000142113873153, -0.000815809005871, 0.00054419710068, 0.000252896687016, -0.000932193885092, 0.000504985742737, -0.000847453542519, -0.00167353486177, 0.0020194016397, -0.00312935048714, 0.00989326927811, -0.00233188713901, 0.000338478857884], [-0.000216056621866, 0.00147315277718, -0.000380707846489, 0.000448550999863, -0.000687247724272, 0.00108549790457, -0.000297994731227, 0.00111830234528, -0.00125399441458, 0.000440688367235, -0.00233188713901, 0.0107275992632, -0.00338521669619], [0.000191485218238, -0.000690374406986, 0.000260238535702, -0.000170729312231, 0.00109599879943, -0.00106553139631, 0.000779052323196, -0.00047742924653, -0.00121130794287, 0.000431087741163, 0.000338478857884, -0.00338521669619, 0.0115302791819]]
    },
    "melbands": {
        "dmean": [0.00352525245398, 0.00299622234888, 0.000264335219981, 0.000212772327359, 0.00018076635024, 0.000121335826407, 0.000105042148789, 0.000172808227944, 0.00011927439482, 0.000118165204185, 9.30506648729e-05, 7.13879271643e-05, 6.61362500978e-05, 6.11714422121e-05, 4.54320434073e-05, 4.50809566246e-05, 3.70507041225e-05, 2.12260874832e-05, 2.58356467384e-05, 1.24833368318e-05, 1.04406681203e-05, 7.90400645201e-06, 8.18194075691e-06, 9.8009040812e-06, 1.22444735098e-05, 8.35464652482e-06, 5.50600816496e-06, 2.63044239546e-06, 1.06816503376e-06, 1.11355905119e-06, 1.05196670575e-06, 9.19739989058e-07, 8.26462610348e-07, 6.71473856073e-07, 6.64454319121e-07, 6.66924904635e-07, 5.36588402156e-07, 5.23728942881e-07, 5.32764659056e-07, 3.83055009934e-07],
        "dmean2": [0.00554095720872, 0.00427122181281, 0.000444915087428, 0.000357164331945, 0.000287849950837, 0.000192376654013, 0.000171690393472, 0.000284151639789, 0.000188612815691, 0.000178988237167, 0.000143192592077, 0.000107111642137, 9.62788690231e-05, 8.936629456e-05, 6.71976886224e-05, 6.59801880829e-05, 5.53479185328e-05, 3.15377401421e-05, 3.88767584809e-05, 1.92572242668e-05, 1.52823558892e-05, 1.16084756883e-05, 1.22439860206e-05, 1.47822884173e-05, 1.76775847649e-05, 1.2245382095e-05, 8.12754296931e-06, 4.07061315855e-06, 1.65351298165e-06, 1.74596198121e-06, 1.66466145402e-06, 1.46929176026e-06, 1.25979931909e-06, 9.72550878942e-07, 9.74537329057e-07, 9.67905748439e-07, 7.96014091975e-07, 7.61476428579e-07, 7.68873064771e-07, 5.504552405e-07],
        "dvar": [0.00012480483565, 7.84077201388e-05, 7.70545113937e-07, 2.5128574066e-07, 1.86814148151e-07, 7.18713053516e-08, 6.64092567604e-08, 2.59471704567e-07, 1.07116598258e-07, 9.56977785904e-08, 7.81662450322e-08, 7.5779752251e-08, 4.23946531214e-08, 4.36790834613e-08, 2.82043792765e-08, 2.53359022651e-08, 1.03756834235e-08, 4.84721329741e-09, 7.94973331608e-09, 1.87262561013e-09, 1.21677656839e-09, 6.68013477867e-10, 9.31470567345e-10, 9.46151823555e-10, 1.27964150387e-09, 5.14026987641e-10, 2.53582765897e-10, 6.08060546359e-11, 1.09259476466e-11, 1.80519436205e-11, 2.2180292325e-11, 3.25257321077e-11, 1.53046811335e-11, 6.48391670216e-12, 6.63484241506e-12, 6.64566969164e-12, 3.93288309905e-12, 5.82941681038e-12, 9.00616213551e-12, 4.33039368253e-12],
        "dvar2": [0.000296459067613, 0.00015006880858, 2.17421825255e-06, 6.71492500715e-07, 4.77304297419e-07, 1.73144130144e-07, 1.70461433413e-07, 6.94073321483e-07, 2.33890219192e-07, 2.10102172105e-07, 1.89088751767e-07, 1.65647492167e-07, 8.52072545854e-08, 8.67288179052e-08, 5.77904337717e-08, 5.26139487533e-08, 2.20705782539e-08, 9.47232248194e-09, 1.76306613753e-08, 4.22620738405e-09, 2.42560105335e-09, 1.25473587076e-09, 2.02106398284e-09, 2.02278416239e-09, 2.66002597726e-09, 1.04770259135e-09, 5.26877208529e-10, 1.41911149498e-10, 2.60866814261e-11, 4.31092279929e-11, 5.37100711129e-11, 8.32458268984e-11, 3.23861909513e-11, 1.22043495102e-11, 1.33274875511e-11, 1.36955065344e-11, 7.92588304016e-12, 1.14212545671e-11, 1.70434222291e-11, 7.59959543212e-12],
        "max": [0.0832873210311, 0.0677151530981, 0.0196119248867, 0.00813847500831, 0.0110362358391, 0.00958391930908, 0.00505348388106, 0.00977269653231, 0.00948672834784, 0.00581351155415, 0.00659822300076, 0.00877080392092, 0.00831385608763, 0.00566301913932, 0.00549243483692, 0.00442537805066, 0.00227972189896, 0.00252210255712, 0.00245433324017, 0.00126259110402, 0.000939213205129, 0.000989054562524, 0.00130865257233, 0.000970363093074, 0.00103764946107, 0.000539563538041, 0.000572490622289, 0.000233297789237, 0.000106403123937, 0.000144386314787, 0.000194247317268, 0.000441490730736, 0.000203436764423, 0.000109220658487, 0.000110990527901, 0.000106519393739, 9.84332000371e-05, 0.000164601326105, 0.000179094116902, 0.000118610383652],
        "mean": [0.00322297401726, 0.00323861883953, 0.000349964509951, 0.000282877037534, 0.000292448734399, 0.000213374456507, 0.000166509475093, 0.000216253829421, 0.000182061863597, 0.000185120850801, 0.000144219287904, 0.00012429812341, 0.000126344530145, 0.000102368358057, 6.70005829306e-05, 7.10743770469e-05, 6.2988139689e-05, 3.14784301736e-05, 4.28011335316e-05, 1.80942697625e-05, 1.59735645866e-05, 1.27937728394e-05, 1.39844514706e-05, 1.5953073671e-05, 2.13034891203e-05, 1.36204434966e-05, 8.73631324794e-06, 3.96111818191e-06, 1.65945709796e-06, 1.55125042056e-06, 1.35567040616e-06, 1.16126398098e-06, 1.10880716875e-06, 1.00866407138e-06, 1.01833359167e-06, 1.06473487449e-06, 8.48645015594e-07, 7.97626626081e-07, 7.97545681053e-07, 5.71689440676e-07],
        "median": [6.49556750432e-05, 3.50065020029e-05, 4.77178982692e-05, 0.000111532899609, 0.000121923112602, 9.51107649598e-05, 6.38299025013e-05, 5.06284814037e-05, 3.47134046024e-05, 4.01027864427e-05, 2.26568445214e-05, 1.08572030513e-05, 1.42665357998e-05, 9.70694782154e-06, 6.61970307192e-06, 5.15310466653e-06, 6.0534075601e-06, 3.33094817506e-06, 2.80514905171e-06, 2.24081304623e-06, 1.44489763443e-06, 1.40308179652e-06, 1.86262548141e-06, 1.57125782607e-06, 1.96445535039e-06, 1.67556981978e-06, 1.28297369884e-06, 7.09291043677e-07, 3.39492373769e-07, 1.89991368416e-07, 1.58890202329e-07, 1.5981032675e-07, 1.48529096577e-07, 1.65271501373e-07, 2.05481256899e-07, 2.4871911819e-07, 2.02892039169e-07, 2.1659121785e-07, 1.89195077382e-07, 1.42946703363e-07],
        "min": [1.48568414645e-23, 1.07744736582e-23, 5.45737760764e-24, 8.79615565834e-24, 1.59760725837e-23, 4.98844713114e-24, 4.78960645694e-24, 5.24942282897e-24, 1.16810318217e-23, 1.19310723296e-23, 1.04336060722e-23, 8.96677286151e-24, 1.36191818131e-23, 1.22103527559e-23, 9.05268454725e-24, 1.20426685376e-23, 8.73888199004e-24, 6.81291753299e-24, 3.38785703192e-24, 6.61001935272e-24, 7.91857945572e-24, 1.02511409671e-23, 4.07100939255e-24, 2.92268646371e-24, 5.22713987498e-24, 7.81712957673e-24, 6.87077259178e-24, 7.47396719435e-24, 1.08790292826e-23, 1.22289383188e-23, 5.78576541413e-24, 9.69903220792e-24, 7.70924338161e-24, 9.77334921608e-24, 8.18457309777e-24, 6.46829496907e-24, 8.18911772545e-24, 7.90270441886e-24, 1.0147565108e-23, 8.58539884574e-24],
        "var": [0.000115217735583, 0.000100445620774, 6.28736188446e-07, 2.57167101836e-07, 2.77940870319e-07, 1.44982507777e-07, 1.0813059248e-07, 2.93883317681e-07, 2.59900673427e-07, 1.85757812687e-07, 1.59736444516e-07, 2.1640035186e-07, 1.54384323992e-07, 1.09866832076e-07, 6.03928853593e-08, 5.78769814297e-08, 2.91714563616e-08, 1.09899156442e-08, 2.3377520364e-08, 3.54389473323e-09, 2.9749138708e-09, 1.75413550352e-09, 2.06118566659e-09, 2.04015893068e-09, 3.53720785995e-09, 1.24168852977e-09, 5.49109757664e-10, 1.1350680118e-10, 2.10170093135e-11, 3.33046958068e-11, 3.82269944865e-11, 4.19184062461e-11, 2.71779560662e-11, 1.47091384212e-11, 1.38399526214e-11, 1.28185717249e-11, 7.58387797006e-12, 9.83816934169e-12, 1.76732361384e-11, 7.90033316544e-12]
    },
    "mfcc": {
        "mean": [-708.579833984, 114.258255005, 5.36569452286, 4.45762872696, 1.81410813332, -11.2661981583, 3.49534678459, 0.976794242859, -10.0915222168, 4.33929824829, -0.420709997416, -3.05508732796, -0.607079148293],
        "cov": [[11151.8867188, 783.655029297, -1104.0982666, 67.768157959, -142.34197998, -274.600921631, 12.6249961853, -24.2131500244, -316.138671875, 156.03578186, 69.703704834, -61.9670257568, 3.66806459427], [783.655029297, 1321.70666504, 256.507629395, 167.410507202, 253.545043945, 106.031227112, 292.187988281, 177.31199646, 87.886138916, 123.650588989, 86.3008270264, 27.4666824341, 22.673368454], [-1104.0982666, 256.507629395, 1472.15795898, 453.690826416, 187.377838135, 369.912506104, 214.275726318, 134.65032959, 266.481536865, 80.5854492188, 58.2400512695, 97.3562927246, 37.0783691406], [67.768157959, 167.410507202, 453.690826416, 616.62310791, 286.479034424, 145.684295654, 142.620544434, 186.216629028, 170.663848877, 104.247413635, 88.8786010742, 77.1840744019, 67.0461044312], [-142.34197998, 253.545043945, 187.377838135, 286.479034424, 480.871887207, 159.263946533, 156.140457153, 186.380966187, 142.09236145, 95.6217193604, 81.1937561035, 53.4404182434, 52.2574462891], [-274.600921631, 106.031227112, 369.912506104, 145.684295654, 159.263946533, 501.345825195, 226.045303345, 105.005256653, 149.646697998, 74.1190414429, 63.5375900269, 71.1674041748, 15.3469867706], [12.6249961853, 292.187988281, 214.275726318, 142.620544434, 156.140457153, 226.045303345, 415.77331543, 195.588287354, 73.1557312012, 137.957733154, 65.8427200317, 27.4339447021, 42.6811981201], [-24.2131500244, 177.31199646, 134.65032959, 186.216629028, 186.380966187, 105.005256653, 195.588287354, 273.069946289, 115.23046875, 77.0294570923, 56.655632019, 29.2604465485, 43.9831314087], [-316.138671875, 87.886138916, 266.481536865, 170.663848877, 142.09236145, 149.646697998, 73.1557312012, 115.23046875, 232.015823364, 69.3061599731, 32.3152694702, 44.2340011597, 28.2733650208], [156.03578186, 123.650588989, 80.5854492188, 104.247413635, 95.6217193604, 74.1190414429, 137.957733154, 77.0294570923, 69.3061599731, 188.455123901, 63.0157470703, 5.38229417801, 23.7733268738], [69.703704834, 86.3008270264, 58.2400512695, 88.8786010742, 81.1937561035, 63.5375900269, 65.8427200317, 56.655632019, 32.3152694702, 63.0157470703, 133.729537964, 49.516872406, 7.66914987564], [-61.9670257568, 27.4666824341, 97.3562927246, 77.1840744019, 53.4404182434, 71.1674041748, 27.4339447021, 29.2604465485, 44.2340011597, 5.38229417801, 49.516872406, 123.555076599, 37.4738540649], [3.66806459427, 22.673368454, 37.0783691406, 67.0461044312, 52.2574462891, 15.3469867706, 42.6811981201, 43.9831314087, 28.2733650208, 23.7733268738, 7.66914987564, 37.4738540649, 102.477828979]],
