{
"lowlevel": {
    "average_loudness": 0.890416026115,
    "barkbands_crest": {
        "dmean": 2.90457987785,
        "dmean2": 4.66811704636,
        "dvar": 7.0384478569,
        "dvar2": 18.2708587646,
        "max": 26.0979423523,
        "mean": 12.5144805908,
        "median": 11.9226512909,
        "min": 2.60702800751,
        "var": 20.7064990997
    },
    "barkbands_flatness_db": {
        "dmean": 0.0287623815238,
        "dmean2": 0.042410209775,
        "dvar": 0.000809562334325,
        "dvar2": 0.00179654592648,
        "max": 0.47863009572,
        "mean": 0.196192279458,
        "median": 0.194737493992,
        "min": 0.0174978170544,
        "var": 0.00474716955796
    },
    "barkbands_kurtosis": {
        "dmean": 8.3182182312,
        "dmean2": 13.0151586533,
        "dvar": 222.863189697,
        "dvar2": 564.312133789,
        "max": 261.591247559,
        "mean": 15.441078186,
        "median": 9.08017158508,
        "min": -1.90595769882,
        "var": 435.62020874
    },
    "barkbands_skewness": {
        "dmean": 0.783427238464,
        "dmean2": 1.1797709465,
        "dvar": 0.748661994934,
        "dvar2": 1.74179303646,
        "max": 13.3348045349,
        "mean": 2.62197089195,
        "median": 2.33510398865,
        "min": -4.17288684845,
        "var": 2.80243134499
    },
    "barkbands_spread": {
        "dmean": 3.8006708622,
        "dmean2": 5.68317317963,
        "dvar": 31.1315631866,
        "dvar2": 64.7628250122,
        "max": 88.2040328979,
        "mean": 11.3568849564,
        "median": 7.33796930313,
        "min": 0.279270768166,
        "var": 122.107788086
    },
    "dissonance": {
        "dmean": 0.0271985977888,
        "dmean2": 0.0436580814421,
        "dvar": 0.000649299123324,
        "dvar2": 0.00164012867026,
        "max": 0.500000059605,
        "mean": 0.431993156672,
        "median": 0.440252780914,
        "min": 0.215021327138,
        "var": 0.00204010494053
    },
    "dynamic_complexity": 4.11624240875,
    "erbbands_crest": {
        "dmean": 2.69999670982,
        "dmean2": 4.21275663376,
        "dvar": 6.1751203537,
        "dvar2": 14.1195631027,
        "max": 30.0415668488,
        "mean": 10.6211843491,
        "median": 9.82758331299,
        "min": 2.59180378914,
        "var": 21.5271110535
    },
    "erbbands_flatness_db": {
        "dmean": 0.0195853654295,
        "dmean2": 0.0277838669717,
        "dvar": 0.000364241161151,
        "dvar2": 0.000700115924701,
        "max": 0.387032926083,
        "mean": 0.170445233583,
        "median": 0.165700152516,
        "min": 0.0518750138581,
        "var": 0.00204920349643
    },
    "erbbands_kurtosis": {
        "dmean": 2.23940038681,
        "dmean2": 3.41928005219,
        "dvar": 13.3785238266,
        "dvar2": 29.1183643341,
        "max": 86.4762954712,
        "mean": 3.5750439167,
        "median": 1.85043215752,
        "min": -1.90070223808,
        "var": 38.7957344055
    },
    "erbbands_skewness": {
        "dmean": 0.468445777893,
        "dmean2": 0.677814185619,
        "dvar": 0.215339824557,
        "dvar2": 0.43616643548,
        "max": 7.84950208664,
        "mean": 1.26856374741,
        "median": 1.22262811661,
        "min": -5.64325428009,
        "var": 1.22705447674
    },
    "erbbands_spread": {
        "dmean": 8.50563335419,
        "dmean2": 12.5997056961,
        "dvar": 96.943572998,
        "dvar2": 203.54637146,
        "max": 168.610031128,
        "mean": 33.1329879761,
        "median": 28.9688110352,
        "min": 1.6980099678,
        "var": 396.498565674
    },
    "hfc": {
        "dmean": 5.89327669144,
        "dmean2": 8.46714687347,
        "dvar": 198.597396851,
        "dvar2": 428.98046875,
        "max": 166.741546631,
        "mean": 10.7088041306,
        "median": 6.4150724411,
        "min": 1.06897761553e-16,
        "var": 280.85748291
    },
    "melbands_crest": {
        "dmean": 3.5848004818,
        "dmean2": 5.812687397,
        "dvar": 10.8259773254,
        "dvar2": 27.1037712097,
        "max": 34.6120643616,
        "mean": 16.7301712036,
        "median": 16.1426353455,
        "min": 1.57392060757,
        "var": 35.6704788208
    },
    "melbands_flatness_db": {
        "dmean": 0.034108761698,
        "dmean2": 0.0496111698449,
        "dvar": 0.0011863366235,
        "dvar2": 0.00258224806748,
        "max": 0.613095104694,
        "mean": 0.283960938454,
        "median": 0.287915289402,
        "min": 0.00352484569885,
        "var": 0.00823546759784
    },
    "melbands_kurtosis": {
        "dmean": 13.6170635223,
        "dmean2": 21.2473812103,
        "dvar": 550.613037109,
        "dvar2": 1281.56762695,
        "max": 475.242156982,
        "mean": 26.2272777557,
        "median": 15.4000749588,
        "min": -1.90954709053,
        "var": 1103.11120605
    },
    "melbands_skewness": {
        "dmean": 0.933340609074,
        "dmean2": 1.41738581657,
        "dvar": 1.05253911018,
        "dvar2": 2.29122400284,
        "max": 18.5160961151,
        "mean": 3.21438241005,
        "median": 2.83076143265,
        "min": -1.81927895546,
        "var": 3.7832839489
    },
    "melbands_spread": {
        "dmean": 3.82079672813,
        "dmean2": 5.80793237686,
        "dvar": 51.780216217,
        "dvar2": 109.842002869,
        "max": 175.320236206,
        "mean": 11.706656456,
        "median": 7.08950138092,
        "min": 0.312554746866,
        "var": 291.045288086
    },
    "pitch_salience": {
        "dmean": 0.0843052119017,
        "dmean2": 0.135334834456,
        "dvar": 0.00704845739529,
        "dvar2": 0.0172871667892,
        "max": 0.908987760544,
        "mean": 0.513302445412,
        "median": 0.517402768135,
        "min": 0.0673088729382,
        "var": 0.0178802404553
    },
    "silence_rate_20dB": {
        "dmean": 0,
        "dmean2": 0,
        "dvar": 0,
        "dvar2": 0,
        "max": 1,
        "mean": 1,
        "median": 1,
        "min": 1,
        "var": 0
    },
    "silence_rate_30dB": {
        "dmean": 0.0522864386439,
        "dmean2": 0.10458201915,
        "dvar": 0.0495585501194,
        "dvar2": 0.109915688634,
        "max": 1,
        "mean": 0.95095294714,
        "median": 1,
        "min": 0,
        "var": 0.0466420426965
    },
    "silence_rate_60dB": {
        "dmean": 0.0208096522838,
        "dmean2": 0.0416229441762,
        "dvar": 0.0203724708408,
        "dvar2": 0.0474143959582,
        "max": 1,
        "mean": 0.106312289834,
        "median": 0,
        "min": 0,
        "var": 0.0950018018484
    },
    "spectral_centroid": {
        "dmean": 192.769317627,
        "dmean2": 275.696716309,
        "dvar": 86631.03125,
        "dvar2": 150745.90625,
        "max": 11793.5742188,
        "mean": 886.01361084,
        "median": 559.452087402,
        "min": 125.69380188,
        "var": 1404322.25
    },
    "spectral_complexity": {
        "dmean": 2.91649913788,
        "dmean2": 4.08586931229,
        "dvar": 23.1495857239,
        "dvar2": 34.5387306213,
        "max": 60,
        "mean": 11.0111036301,
        "median": 9,
        "min": 0,
        "var": 90.8405609131
    },
    "spectral_decrease": {
        "dmean": 4.14670120463e-09,
        "dmean2": 6.34528207755e-09,
        "dvar": 5.00426668191e-17,
        "dvar2": 1.15978914277e-16,
        "max": 1.1920662174e-20,
        "mean": -8.14737433075e-09,
        "median": -5.26530774536e-09,
        "min": -6.33199093159e-08,
        "var": 8.6092534638e-17
    },
    "spectral_energy": {
        "dmean": 0.0161296762526,
        "dmean2": 0.0246245395392,
        "dvar": 0.000748149177525,
        "dvar2": 0.00172832049429,
        "max": 0.241616234183,
        "mean": 0.0317213721573,
        "median": 0.0205093491822,
        "min": 9.84864905657e-21,
        "var": 0.00128596031573
    },
    "spectral_energyband_high": {
        "dmean": 0.000201329239644,
        "dmean2": 0.000280673819361,
        "dvar": 2.67923752517e-07,
        "dvar2": 5.27084296209e-07,
        "max": 0.00653104577214,
        "mean": 0.000308101152768,
        "median": 5.87756367167e-05,
        "min": 7.03886595754e-21,
        "var": 4.98210170008e-07
    },
    "spectral_energyband_low": {
        "dmean": 0.0111579373479,
        "dmean2": 0.0181126799434,
        "dvar": 0.000639876932837,
        "dvar2": 0.0015954481205,
        "max": 0.224140942097,
        "mean": 0.0174406189471,
        "median": 0.00751617038622,
        "min": 1.34256000801e-23,
        "var": 0.000868419534527
    },
    "spectral_energyband_middle_high": {
        "dmean": 0.00139735790435,
        "dmean2": 0.00205878657289,
        "dvar": 2.44207403739e-05,
        "dvar2": 5.5880893342e-05,
        "max": 0.0659940466285,
        "mean": 0.00184437900316,
        "median": 0.000573235622142,
        "min": 9.63234758679e-22,
        "var": 2.79375090031e-05
    },
    "spectral_energyband_middle_low": {
        "dmean": 0.00747197633609,
        "dmean2": 0.0119359465316,
        "dvar": 0.000188353762496,
        "dvar2": 0.000479143025586,
        "max": 0.148171424866,
        "mean": 0.0133584681898,
        "median": 0.00875478051603,
        "min": 1.71579998432e-22,
        "var": 0.000232240141486
    },
    "spectral_entropy": {
        "dmean": 0.240746378899,
        "dmean2": 0.34884339571,
        "dvar": 0.0652722269297,
        "dvar2": 0.132799729705,
        "max": 9.82050704956,
        "mean": 7.09978246689,
        "median": 7.08131885529,
        "min": 4.53242826462,
        "var": 0.418139845133
    },
    "spectral_flux": {
        "dmean": 0.0362225733697,
        "dmean2": 0.0546409934759,
        "dvar": 0.00234863045625,
        "dvar2": 0.00470222299919,
        "max": 0.450613588095,
        "mean": 0.0840264558792,
        "median": 0.0588057115674,
        "min": 6.42679312546e-11,
        "var": 0.00563732953742
    },
    "spectral_kurtosis": {
        "dmean": 2.25936579704,
        "dmean2": 3.60563635826,
        "dvar": 7.94538640976,
        "dvar2": 19.7707157135,
        "max": 61.4667739868,
        "mean": 6.52546215057,
        "median": 5.38406801224,
        "min": -1.25191164017,
        "var": 26.8838729858
    },
    "spectral_rms": {
        "dmean": 0.00116821296979,
        "dmean2": 0.0017093741335,
        "dvar": 2.415409881e-06,
        "dvar2": 5.15330475537e-06,
        "max": 0.015353278257,
        "mean": 0.00482331216335,
        "median": 0.00447315536439,
        "min": 3.09974810576e-12,
        "var": 7.68327299738e-06
    },
    "spectral_rolloff": {
        "dmean": 245.170654297,
        "dmean2": 404.078735352,
        "dvar": 383950.8125,
        "dvar2": 877797.9375,
        "max": 19767.4804688,
        "mean": 833.502624512,
        "median": 430.6640625,
        "min": 64.599609375,
        "var": 3984606.25
    },
    "spectral_skewness": {
        "dmean": 0.305522143841,
        "dmean2": 0.459533751011,
        "dvar": 0.0988785102963,
        "dvar2": 0.214951053262,
        "max": 6.31312274933,
        "mean": 1.96277999878,
        "median": 1.96722054482,
        "min": -0.232698559761,
        "var": 0.607328593731
    },
    "spectral_spread": {
        "dmean": 553859.8125,
        "dmean2": 851268.5625,
        "dvar": 504373641216,
        "dvar2": 1.06452733133e+12,
        "max": 42721128,
        "mean": 4786311,
        "median": 4235111,
        "min": 1085293.25,
        "var": 1.43979173642e+13
    },
    "spectral_strongpeak": {
        "dmean": 0.276685386896,
        "dmean2": 0.467374742031,
        "dvar": 0.135996922851,
        "dvar2": 0.340530186892,
        "max": 4.49063920975,
        "mean": 0.554980576038,
        "median": 0.387058347464,
        "min": 0,
        "var": 0.238363519311
    },
    "zerocrossingrate": {
        "dmean": 0.00742638343945,
        "dmean2": 0.00867877621204,
        "dvar": 9.0508183348e-05,
        "dvar2": 0.00011598461424,
        "max": 0.5302734375,
        "mean": 0.0379277728498,
        "median": 0.025390625,
        "min": 0.00244140625,
        "var": 0.00287037086673
    },
    "barkbands": {
        "dmean": [0.000286460592179, 0.00594192463905, 0.00606832792982, 0.00182653474621, 0.00395285245031, 0.0014205116313, 0.000908432004508, 0.00098370865453, 0.000528233300429, 0.000399173324695, 0.000206977987546, 0.000146812846651, 0.000128834682982, 0.000177429144969, 0.000149534913362, 0.000153264554683, 0.000118007708807, 0.000102527461422, 7.68283061916e-05, 8.88236972969e-05, 6.39002901153e-05, 4.6784793085e-05, 3.49590045516e-05, 2.25035346375e-05, 1.14343602036e-05, 5.88067359786e-06, 4.33810811273e-07],
        "dmean2": [0.000430134066846, 0.00930883921683, 0.00985952559859, 0.00307228602469, 0.00658306805417, 0.00232900236733, 0.00149365817197, 0.00165457802359, 0.000883294211235, 0.000678236712702, 0.000344156287611, 0.000239678745857, 0.000204501033295, 0.000287571252557, 0.000218250439502, 0.000235026032897, 0.000183868964086, 0.0001481778163, 0.00011323900253, 0.000136733287945, 9.51305119088e-05, 6.8045068474e-05, 5.05312455061e-05, 3.22270934703e-05, 1.63975491887e-05, 8.5455012595e-06, 6.78141645949e-07],
        "dvar": [2.45956982781e-07, 0.000144448757055, 0.000351559079718, 2.11786118598e-05, 6.95443741279e-05, 7.77161494625e-06, 4.13669749832e-06, 1.0077994375e-05, 3.84548184229e-06, 2.36069104176e-06, 7.471564345e-07, 3.10969539896e-07, 2.10215134189e-07, 7.48482079871e-07, 2.63069296125e-07, 3.5406645793e-07, 2.1581959686e-07, 1.16809893314e-07, 4.73271271062e-08, 6.58248566765e-08, 3.25663904732e-08, 2.1675557349e-08, 1.14594458367e-08, 3.54712703654e-09, 5.52209056259e-10, 1.76702763532e-10, 1.30311158999e-12],
        "dvar2": [5.77357013753e-07, 0.00035037737689, 0.000891897710972, 5.4311218264e-05, 0.000186786113773, 2.01585589821e-05, 1.0944360838e-05, 2.8033655326e-05, 1.02414805951e-05, 6.57364807921e-06, 1.96495830096e-06, 7.91443369508e-07, 4.91052503548e-07, 1.92565494217e-06, 5.70121244436e-07, 8.08775496353e-07, 5.00113969792e-07, 2.49247250395e-07, 9.79927392564e-08, 1.58731594979e-07, 7.3358961572e-08, 5.05029653652e-08, 2.43534294952e-08, 6.76880951289e-09, 1.06992559257e-09, 3.4022198947e-10, 2.98312069491e-12],
        "max": [0.0109402025118, 0.157258808613, 0.17074623704, 0.120412766933, 0.109915144742, 0.0444728881121, 0.0409471541643, 0.0512003526092, 0.028095530346, 0.0315938554704, 0.0154588744044, 0.0128822131082, 0.00871603377163, 0.0209297686815, 0.0075522493571, 0.00970364362001, 0.00669343722984, 0.00547444354743, 0.00298312329687, 0.00334291858599, 0.00306895072572, 0.00330156716518, 0.00232076691464, 0.00165259465575, 0.000570298172534, 0.000192399049411, 1.94897475012e-05],
        "mean": [0.000544373237062, 0.0100582195446, 0.0057142842561, 0.00199406594038, 0.00556197203696, 0.00232258089818, 0.00142889842391, 0.00129574676976, 0.000565064430702, 0.000423797144322, 0.000217400578549, 0.000156958092703, 0.00014764968364, 0.000179852635483, 0.000185625161976, 0.000172370608198, 0.000127323946799, 0.000140774645843, 0.000112915491627, 0.000114380178275, 8.71533266036e-05, 6.55406693113e-05, 4.74462212878e-05, 3.21376646752e-05, 1.75811182999e-05, 6.8729477789e-06, 3.97710778088e-07],
        "median": [0.000243145594141, 0.00426019635051, 0.000843128422275, 0.00049973721616, 0.00146223220509, 0.00102954509202, 0.000698526971973, 0.00057804340031, 0.000114386988571, 9.15226119105e-05, 4.00891040044e-05, 2.94843230222e-05, 2.69672163995e-05, 3.27367924911e-05, 2.99125531456e-05, 2.44575567194e-05, 1.58005586854e-05, 1.9704530132e-05, 2.06579170481e-05, 1.50764262798e-05, 1.20188124129e-05, 6.50643232802e-06, 6.61080275677e-06, 6.98332223692e-06, 5.26208668816e-06, 1.39869882787e-06, 4.11841156733e-08],
        "min": [1.44679752423e-25, 1.65209403886e-24, 1.02391995852e-24, 1.28800396553e-24, 6.75604145058e-24, 1.10868886091e-23, 4.94179113619e-24, 9.30535432861e-24, 2.21342079552e-23, 1.11146383692e-23, 1.68761786538e-23, 3.90091906958e-23, 1.59292631553e-23, 4.16985626721e-23, 5.0371504568e-23, 6.52351302363e-23, 7.52865371442e-23, 6.27806936593e-23, 1.06111056135e-22, 1.5950386326e-22, 2.55784071685e-22, 3.37061281652e-22, 4.48861804584e-22, 6.17655773491e-22, 8.64216130062e-22, 1.22502570955e-21, 1.84332756643e-21],
        "var": [5.51100470148e-07, 0.000239965112996, 0.000295138597721, 2.18690474867e-05, 7.99005865701e-05, 1.23281479318e-05, 5.33890170118e-06, 7.95077357907e-06, 3.09367123918e-06, 1.76533308149e-06, 6.34462935523e-07, 2.85650088472e-07, 2.34468828353e-07, 6.26984444807e-07, 3.50720313236e-07, 3.71246642317e-07, 2.28661207302e-07, 1.79956870738e-07, 7.66749721492e-08, 8.26469985782e-08, 4.86365507868e-08, 3.42655255281e-08, 1.74532406305e-08, 7.290616999e-09, 1.13960485493e-09, 2.4992696801e-10, 1.32043681544e-12]
    },
    "erbbands": {
        "dmean": [0.190793022513, 1.3994461298, 5.87784767151, 6.93421077728, 9.33749389648, 15.0186376572, 11.775510788, 12.9306879044, 11.1301345825, 15.2521343231, 24.3162021637, 12.1093330383, 12.4799346924, 8.6012430191, 7.03751277924, 5.98680591583, 6.08493804932, 8.19385147095, 8.3525018692, 9.11417484283, 6.38122701645, 6.28604316711, 5.9000620842, 4.52734804153, 3.9332575798, 4.30500650406, 2.8272356987, 2.31324982643, 1.68409788609, 1.42758798599, 0.896490514278, 0.586370766163, 0.320251971483, 0.156975403428, 0.0709571540356, 0.0302918497473, 0.0098588783294, 0.00195538066328, 4.97480432387e-05, 1.9028362658e-05],
        "dmean2": [0.295573651791, 2.25636506081, 9.37727832794, 11.4503545761, 15.7650671005, 24.7187232971, 18.9257259369, 21.4275074005, 18.1673107147, 25.1177768707, 41.1835174561, 20.0600166321, 20.8520908356, 14.0108318329, 11.7231111526, 9.6201543808, 9.45628833771, 13.0269107819, 12.192688942, 13.9992046356, 9.39281272888, 9.59147644043, 8.61852264404, 6.62246274948, 5.88752889633, 6.687936306, 4.28559875488, 3.43991804123, 2.41199946404, 2.1457297802, 1.28666853905, 0.849232971668, 0.455444216728, 0.225353091955, 0.103803895414, 0.0445361956954, 0.0144052645192, 0.00290199299343, 7.30656975065e-05, 2.86597987724e-05],
        "dvar": [0.122345142066, 9.50848960876, 307.848022461, 371.612213135, 459.766235352, 1092.34558105, 586.181152344, 747.22479248, 474.940185547, 1948.60290527, 6963.61083984, 1784.61132812, 2026.90515137, 708.005004883, 1040.39379883, 494.632904053, 468.673522949, 1261.8371582, 986.129394531, 1407.03039551, 438.613830566, 612.472351074, 445.340087891, 224.844055176, 107.976669312, 161.739883423, 62.581237793, 57.6099281311, 25.9926719666, 31.8066768646, 6.09460544586, 2.62237071991, 0.732297718525, 0.120062127709, 0.0208407491446, 0.00423466321081, 0.000546725932509, 2.37781878241e-05, 1.32533699571e-08, 1.00457686614e-09],
        "dvar2": [0.309487730265, 22.9322624207, 763.929504395, 952.940612793, 1241.94775391, 2871.59667969, 1416.52636719, 1973.70019531, 1228.92370605, 5174.32568359, 19551.3359375, 4739.64746094, 5525.72998047, 1823.74938965, 2768.59399414, 1209.81640625, 1054.03222656, 3127.9152832, 2203.00219727, 3319.61743164, 901.746337891, 1419.84289551, 1011.46679688, 464.589233398, 249.259460449, 395.704528809, 140.223724365, 136.978897095, 57.1598739624, 80.3293457031, 11.8915920258, 5.27193498611, 1.4528067112, 0.240122422576, 0.0411379449069, 0.00842001661658, 0.00107214553282, 4.83999501739e-05, 2.70342290776e-08, 2.25331997505e-09],
        "max": [7.8378276825, 39.7298049927, 166.179779053, 260.690490723, 353.015014648, 521.08581543, 461.329040527, 530.304931641, 430.843017578, 874.583435059, 1498.70556641, 571.977661133, 854.015808105, 416.898254395, 669.217041016, 515.161865234, 374.538787842, 722.84942627, 637.65802002, 550.834777832, 308.563049316, 356.774078369, 344.400970459, 247.073318481, 140.800964355, 151.139053345, 112.909919739, 177.33883667, 114.413703918, 157.711929321, 67.3620300293, 39.5387229919, 25.9577102661, 10.3508586884, 2.65583395958, 0.95434731245, 0.430813610554, 0.0798260197043, 0.00171787978616, 0.00026484116097],
        "mean": [0.351117491722, 2.04711198807, 6.11563014984, 7.15626907349, 10.442076683, 21.6196556091, 18.6069431305, 21.5863609314, 20.0142631531, 20.8499069214, 31.4658794403, 14.9866085052, 14.107006073, 10.3492002487, 7.15836048126, 6.82829904556, 7.18604373932, 9.05824661255, 10.4115362167, 9.84834861755, 8.16303157806, 6.94374084473, 7.72120571136, 6.07203865051, 5.90285396576, 5.54471063614, 3.91282558441, 3.17686414719, 2.41142964363, 1.78760838509, 1.25767123699, 0.816101849079, 0.462365299463, 0.250781714916, 0.095120832324, 0.0362280122936, 0.011297849007, 0.00204671500251, 6.10232746112e-05, 3.71763453586e-05],
        "median": [0.147230386734, 0.747453153133, 1.08190536499, 1.81140911579, 2.93911790848, 3.59877681732, 3.99741101265, 10.3179130554, 10.2246513367, 8.27165222168, 14.9218740463, 4.57837867737, 3.32181692123, 2.41772651672, 1.60986292362, 1.47218978405, 1.47598445415, 2.02943944931, 1.64135444164, 1.48700153828, 1.47406959534, 0.899629414082, 1.0654258728, 1.14990186691, 0.9950543046, 0.750923633575, 0.613894104958, 0.359478235245, 0.24998652935, 0.163973003626, 0.199320435524, 0.147214740515, 0.117106094956, 0.0710060223937, 0.026867100969, 0.008245524019, 0.00214392878115, 0.000269285519607, 1.8978758817e-05, 2.38237043959e-05],
        "min": [8.53736826066e-23, 2.37563808155e-22, 2.02177381018e-21, 6.00375039512e-21, 1.06482693682e-20, 2.02145331808e-20, 2.37878257957e-20, 5.75363828131e-20, 6.07354715204e-20, 1.76936156073e-19, 2.59214596682e-19, 4.16046929298e-19, 4.13481402779e-19, 5.05157028737e-19, 1.14503086338e-18, 1.56584328359e-18, 9.70961250025e-19, 2.04210689353e-18, 2.05999818979e-18, 2.31586583277e-18, 3.66603841865e-18, 4.68633468496e-18, 4.86801622111e-18, 6.50628754253e-18, 5.97136018015e-18, 7.95419358573e-18, 8.00049832924e-18, 1.04575399043e-17, 1.06105253043e-17, 1.14635387673e-17, 1.08043229684e-17, 1.19020007403e-17, 9.22346914847e-18, 8.85118410608e-18, 6.43649790066e-18, 4.08078346906e-18, 2.35569644042e-18, 9.3690177811e-19, 2.42030720788e-19, 2.68932443765e-20],
        "var": [0.232071965933, 14.0998497009, 288.724121094, 325.216217041, 397.360290527, 1505.87744141, 1193.00939941, 1191.3996582, 908.299621582, 1830.02185059, 5131.09863281, 1534.11169434, 1690.3125, 710.369140625, 794.307556152, 501.833190918, 542.625732422, 1178.23181152, 1228.88037109, 1430.01586914, 587.382995605, 653.261108398, 603.66204834, 327.021118164, 175.380096436, 195.437896729, 91.5201721191, 79.4901199341, 44.3329544067, 33.8738708496, 10.9173736572, 5.14449214935, 1.39424967766, 0.255266606808, 0.036194190383, 0.0062671112828, 0.000729067367502, 2.89503004751e-05, 1.65406195407e-08, 1.73380687585e-09]
    },
    "gfcc": {
        "mean": [-69.933265686, 116.065551758, -86.1324234009, 33.7667579651, -63.1105194092, 5.66145181656, -35.9711341858, 12.3185911179, -15.8111915588, 8.45315742493, -10.7838411331, -4.36053562164, -8.93255615234],
        "cov": [[20273.1425781, 1228.65686035, -1627.75415039, 1006.26495361, -467.010223389, 289.719482422, -429.534881592, 192.439559937, -150.774139404, 134.872940063, -105.90802002, 100.183921814, 39.6533737183], [1228.65686035, 1145.34863281, 206.43951416, -41.2214241028, 223.832260132, -45.6080741882, 55.0921859741, 21.9322052002, 111.209472656, -50.9556465149, 129.459762573, -57.0438499451, 68.7415313721], [-1627.75415039, 206.43951416, 1040.53125, 58.4998512268, 206.10987854, 119.651985168, 70.8105926514, 5.85953092575, 1.91477680206, -9.78067970276, 29.1357212067, -46.0073280334, 34.938533783], [1006.26495361, -41.2214241028, 58.4998512268, 480.827392578, 126.058547974, 135.782226562, 105.142028809, 3.59043121338, 32.2950439453, 17.9293956757, 14.5627393723, 6.48950719833, -3.56268143654], [-467.010223389, 223.832260132, 206.10987854, 126.058547974, 424.754211426, 107.956108093, 131.552368164, 35.7781639099, 71.8973693848, -23.703874588, 29.9495220184, 13.1457519531, 8.83978176117], [289.719482422, -45.6080741882, 119.651985168, 135.782226562, 107.956108093, 219.310745239, 90.2670593262, 37.0161361694, 12.2595729828, 21.5466861725, 1.5922267437, 14.2545318604, 1.639108181], [-429.534881592, 55.0921859741, 70.8105926514, 105.142028809, 131.552368164, 90.2670593262, 228.544158936, 61.9335746765, 102.314277649, 32.7474708557, 37.8080444336, 15.362953186, -9.07358264923], [192.439559937, 21.9322052002, 5.85953092575, 3.59043121338, 35.7781639099, 37.0161361694, 61.9335746765, 165.664520264, 77.1848449707, 46.0748329163, 37.468711853, 14.2797317505, 18.2229366302], [-150.774139404, 111.209472656, 1.91477680206, 32.2950439453, 71.8973693848, 12.2595729828, 102.314277649, 77.1848449707, 197.58807373, 76.066444397, 62.5227279663, 19.5062274933, -3.05032110214], [134.872940063, -50.9556465149, -9.78067970276, 17.9293956757, -23.703874588, 21.5466861725, 32.7474708557, 46.0748329163, 76.066444397, 131.251937866, 41.0925979614, 14.7203264236, -0.06002246961], [-105.90802002, 129.459762573, 29.1357212067, 14.5627393723, 29.9495220184, 1.5922267437, 37.8080444336, 37.468711853, 62.5227279663, 41.0925979614, 141.003158569, 28.641002655, 49.4618797302], [100.183921814, -57.0438499451, -46.0073280334, 6.48950719833, 13.1457519531, 14.2545318604, 15.362953186, 14.2797317505, 19.5062274933, 14.7203264236, 28.641002655, 92.0202636719, 25.0403575897], [39.6533737183, 68.7415313721, 34.938533783, -3.56268143654, 8.83978176117, 1.639108181, -9.07358264923, 18.2229366302, -3.05032110214, -0.06002246961, 49.4618797302, 25.0403575897, 117.315376282]],
        "icov": [[0.000169476144947, -0.000497022469062, 0.000295815669233, -0.000532451667823, 0.000333046162268, -0.000423734803917, 0.000549424323253, -0.000437507755123, 0.000337669858709, -0.000426181650255, 0.000516166619491, -0.000509851903189, 0.000120722448628], [-0.000497022469062, 0.00284541491419, -0.000951919704676, 0.00177797337528, -0.00160404306371, 0.0015479712747, -0.00149045244325, 0.00147638493218, -0.00187227851711, 0.00222756178118, -0.0027182418853, 0.00284881400876, -0.000916721764952], [0.000295815669233, -0.000951919704676, 0.00169937685132, -0.000802844471764, 0.000113099507871, -0.00129081727937, 0.000876166042872, -0.000590264913626, 0.000819970911834, -0.000906623492483, 0.00071660609683, -8.30955614219e-05, -0.000167263075127], [-0.000532451667823, 0.00177797337528, -0.000802844471764, 0.00441234605387, -0.00151584146079, -3.02692551486e-05, -0.00234975083731, 0.00207811035216, -0.00123474048451, 0.00126636237837, -0.0019842532929, 0.00207778252661, -0.000516996136867], [0.000333046162268, -0.00160404306371, 0.000113099507871, -0.00151584146079, 0.00456505594775, -0.00192393036559, 1.21030307128e-05, -0.000955276656896, -0.000245821545832, 0.000675593153574, 0.00131979153957, -0.00198835483752, 0.000441746349679], [-0.000423734803917, 0.0015479712747, -0.00129081727937, -3.02692551486e-05, -0.00192393036559, 0.00846437178552, -0.00332348141819, -0.00014727099915, 0.00104231748264, -0.000407644809457, -0.000503986666445, 0.000440585048636, -0.000442434713477], [0.000549424323253, -0.00149045244325, 0.000876166042872, -0.00234975083731, 1.21030307128e-05, -0.00332348141819, 0.00954505149275, -0.00232648616657, -0.00201683910564, -0.000680892029777, 0.000878465420101, -0.00177076109685, 0.00145528186113], [-0.000437507755123, 0.00147638493218, -0.000590264913626, 0.00207811035216, -0.000955276656896, -0.00014727099915, -0.00232648616657, 0.00937647931278, -0.00328025710769, 8.69123687153e-05, -0.00174766499549, 0.00174740306102, -0.00176206917968], [0.000337669858709, -0.00187227851711, 0.000819970911834, -0.00123474048451, -0.000245821545832, 0.00104231748264, -0.00201683910564, -0.00328025710769, 0.0114465681836, -0.00570441270247, -0.000249049102422, -0.00227733887732, 0.00194453296717], [-0.000426181650255, 0.00222756178118, -0.000906623492483, 0.00126636237837, 0.000675593153574, -0.000407644809457, -0.000680892029777, 8.69123687153e-05, -0.00570441270247, 0.0134146120399, -0.0040955026634, 0.00163292034995, 0.000272621255135], [0.000516166619491, -0.0027182418853, 0.00071660609683, -0.0019842532929, 0.00131979153957, -0.000503986666445, 0.000878465420101, -0.00174766499549, -0.000249049102422, -0.0040955026634, 0.0133233806118, -0.0042693936266, -0.00332299177535], [-0.000509851903189, 0.00284881400876, -8.30955614219e-05, 0.00207778252661, -0.00198835483752, 0.000440585048636, -0.00177076109685, 0.00174740306102, -0.00227733887732, 0.00163292034995, -0.0042693936266, 0.0156832635403, -0.00327966548502], [0.000120722448628, -0.000916721764952, -0.000167263075127, -0.000516996136867, 0.000441746349679, -0.000442434713477, 0.00145528186113, -0.00176206917968, 0.00194453296717, 0.000272621255135, -0.00332299177535, -0.00327966548502, 0.0115654068068]]
    },
    "melbands": {
        "dmean": [0.00163513841107, 0.00252339965664, 0.00120761385188, 0.000904509681277, 0.000463533302536, 0.000276711798506, 0.00018080517475, 0.000166123427334, 0.000198292487767, 6.89154476277e-05, 6.38236233499e-05, 3.69230328943e-05, 2.66686511168e-05, 1.58292805281e-05, 1.35983555083e-05, 1.38807736221e-05, 1.67154848896e-05, 1.40515185194e-05, 1.13569640234e-05, 1.29874151753e-05, 6.87506326358e-06, 6.84841324983e-06, 6.26030123385e-06, 4.86318003823e-06, 3.77292212761e-06, 2.8037136417e-06, 3.26840881826e-06, 2.74686294688e-06, 1.82369331014e-06, 1.73185435415e-06, 1.28989177028e-06, 1.04801006273e-06, 8.35391517739e-07, 7.87288342963e-07, 5.35643380317e-07, 4.6236181106e-07, 3.36759455877e-07, 2.39777278921e-07, 1.86565259241e-07, 1.21181201962e-07],
        "dmean2": [0.00254218094051, 0.00409886846319, 0.00194512482267, 0.00152205699123, 0.00074613140896, 0.000456730689621, 0.000296492042253, 0.000274584424915, 0.000337793084327, 0.000113092231913, 0.000107315347122, 6.07051006227e-05, 4.46341000497e-05, 2.60895722022e-05, 2.11862843571e-05, 2.21929003601e-05, 2.69232295977e-05, 2.09388272197e-05, 1.71639894688e-05, 2.02556275326e-05, 1.02037320175e-05, 1.07244568426e-05, 9.52757818595e-06, 7.27944598111e-06, 5.63628145756e-06, 4.14854184783e-06, 5.13864279128e-06, 4.3060099415e-06, 2.81792222268e-06, 2.68840040007e-06, 1.94331255443e-06, 1.54408166964e-06, 1.2596419765e-06, 1.19675132737e-06, 7.80204231887e-07, 6.74327679917e-07, 4.93716299843e-07, 3.42481428106e-07, 2.75129281135e-07, 1.76490331683e-07],
        "dvar": [9.9463013612e-06, 4.86431126774e-05, 9.16046610655e-06, 4.18068475483e-06, 8.13738665784e-07, 3.23823172721e-07, 1.27137965933e-07, 2.4266344667e-07, 5.05555703967e-07, 5.2726520039e-08, 5.5629453044e-08, 1.43639162786e-08, 1.53832253602e-08, 3.48661166605e-09, 2.47576137369e-09, 2.54229215457e-09, 5.65467228597e-09, 3.39618067002e-09, 1.74364556127e-09, 2.93424595732e-09, 4.98997176912e-10, 7.69733055073e-10, 5.37587530047e-10, 2.56153404044e-10, 1.63997357361e-10, 5.45597629575e-11, 8.3144678642e-11, 6.93788013151e-11, 2.86340152977e-11, 2.51604240914e-11, 2.34666001908e-11, 1.02981598943e-11, 9.05697739029e-12, 1.04412953977e-11, 2.19872796185e-12, 1.74728189816e-12, 8.93264737352e-13, 4.69454770197e-13, 2.0054769477e-13, 7.32569387096e-14],
        "dvar2": [2.50979774137e-05, 0.000119888230984, 2.27075142902e-05, 1.1394637113e-05, 2.01546959033e-06, 8.571605008e-07, 3.32409825887e-07, 6.4928235588e-07, 1.42699389016e-06, 1.37322857086e-07, 1.52595234226e-07, 3.77381859096e-08, 4.08345073311e-08, 9.1479952502e-09, 5.3910653719e-09, 6.02922645143e-09, 1.41784246566e-08, 8.21181433963e-09, 3.90917476167e-09, 6.99938640381e-09, 1.03037689492e-09, 1.81387849185e-09, 1.25848897969e-09, 5.72464464721e-10, 3.48234746594e-10, 1.1874985717e-10, 2.0779516996e-10, 1.70986516612e-10, 6.73284344943e-11, 6.19412160452e-11, 5.6380133201e-11, 2.32492150531e-11, 2.28007699526e-11, 2.64654201332e-11, 4.44306310493e-12, 3.69455724694e-12, 1.82968874426e-12, 9.51380467462e-13, 4.39623218471e-13, 1.5067516733e-13],
        "max": [0.0548140257597, 0.0664670020342, 0.0404293164611, 0.0290296860039, 0.016330415383, 0.0106327459216, 0.00662253238261, 0.00801290106028, 0.012549563311, 0.0032395941671, 0.00457545602694, 0.0021248369012, 0.00249594380148, 0.00142477825284, 0.000998531933874, 0.0011722886702, 0.00161383813247, 0.00129462883342, 0.000589534407482, 0.000853127334267, 0.000369479646906, 0.000430848245742, 0.000384150393074, 0.000250574725214, 0.000205769756576, 9.9076780316e-05, 0.000132139204652, 0.000109316897579, 8.43216912472e-05, 0.000105778359284, 0.000127820734633, 7.66031589592e-05, 0.000103050777398, 9.2281770776e-05, 3.82686484954e-05, 4.67189711344e-05, 2.30428595387e-05, 1.94221120182e-05, 1.42818034874e-05, 8.54864993016e-06],
        "mean": [0.00289049372077, 0.00306532531977, 0.00131992681418, 0.00117161171511, 0.000752008229028, 0.000461882853415, 0.000316356250551, 0.000224005867494, 0.000246547628194, 8.28431147966e-05, 6.94682748872e-05, 4.20485848736e-05, 2.66849619948e-05, 1.71757419594e-05, 1.54042008944e-05, 1.59961455211e-05, 1.74747110577e-05, 1.67010948644e-05, 1.30919861476e-05, 1.34627644002e-05, 8.84996643435e-06, 7.04210924596e-06, 7.45578108763e-06, 6.54202449368e-06, 4.66825713374e-06, 4.28337989433e-06, 4.23837946073e-06, 3.45535590895e-06, 2.40235340243e-06, 2.29042370847e-06, 1.67441737631e-06, 1.46796242007e-06, 1.05748108581e-06, 9.52117716224e-07, 7.32433363737e-07, 6.24050016995e-07, 4.52434022691e-07, 3.28232033553e-07, 2.80996601987e-07, 1.87498244486e-07],
        "median": [0.00124550471082, 0.000768281752244, 0.000354623742169, 0.000289624498691, 0.000153288507136, 0.000218656088691, 0.000161153671797, 8.43662564876e-05, 0.000112686044304, 1.87922196346e-05, 1.50656196638e-05, 8.78831997397e-06, 5.13145369041e-06, 3.7940085349e-06, 3.03934507428e-06, 2.75488764601e-06, 3.51300354851e-06, 2.41551924773e-06, 2.14743386096e-06, 1.88076501217e-06, 1.62465471476e-06, 8.24106450636e-07, 8.86264729161e-07, 8.30743374536e-07, 8.6633644969e-07, 7.11701204636e-07, 5.84571694162e-07, 4.61877277758e-07, 3.82423934298e-07, 3.0209690749e-07, 1.61725552061e-07, 1.46954022284e-07, 9.96486448912e-08, 8.0467870589e-08, 1.09974578777e-07, 1.08612553618e-07, 7.61682485972e-08, 7.21491772993e-08, 7.31143643407e-08, 5.20956078276e-08],
        "min": [5.77559088339e-25, 5.95626369651e-25, 1.75993073296e-24, 1.17499106199e-24, 8.37211077571e-25, 1.53613641618e-24, 8.84488300481e-25, 2.06637657059e-24, 2.08464777244e-24, 2.89884866488e-24, 1.94160973817e-24, 1.70494890281e-24, 2.79470462867e-24, 3.84257065719e-24, 2.09355144826e-24, 2.83425062028e-24, 3.10201821329e-24, 3.19127033054e-24, 2.68564736954e-24, 2.87679941093e-24, 3.80082334922e-24, 4.12013373327e-24, 3.62437646397e-24, 2.77669020104e-24, 4.21182540287e-24, 3.59160915412e-24, 4.69878450649e-24, 3.44385550657e-24, 4.13066463192e-24, 3.46622917956e-24, 5.7024624914e-24, 5.0221212366e-24, 6.2116524842e-24, 5.89501160545e-24, 5.89217762265e-24, 4.71165595545e-24, 6.37506659843e-24, 5.95792207935e-24, 6.35315362021e-24, 6.7311978541e-24],
        "var": [1.71308001882e-05, 5.26074654772e-05, 8.77907859831e-06, 4.35602078142e-06, 1.57410136126e-06, 5.19518323472e-07, 2.20617010882e-07, 2.20840490783e-07, 3.58726765626e-07, 4.93889444897e-08, 4.48273027587e-08, 1.32343869197e-08, 1.18536505056e-08, 3.06370173675e-09, 2.81175660533e-09, 2.87867685245e-09, 5.01922592377e-09, 3.69361652375e-09, 2.01254057863e-09, 2.79872569564e-09, 6.76956601886e-10, 7.64575347478e-10, 6.40204667057e-10, 3.8735167851e-10, 2.18327814161e-10, 9.4424947028e-11, 1.08328894466e-10, 7.9435208411e-11, 3.71171253455e-11, 3.32098341882e-11, 2.89896561617e-11, 1.68396269151e-11, 1.06134137937e-11, 1.05177160384e-11, 3.73016938518e-12, 3.10037542514e-12, 1.68047596238e-12, 8.53932321989e-13, 3.55886598403e-13, 1.4920164171e-13]
    },
    "mfcc": {
        "mean": [-714.153869629, 143.040359497, 28.0724315643, 30.5106925964, 2.22357964516, -2.00950574875, -4.0801076889, -3.27362704277, 0.308364778757, 8.15938472748, 2.68092894554, 2.22130036354, -0.353491932154],
        "cov": [[10297.5253906, 210.145996094, -676.934936523, 414.443389893, 105.140510559, 261.467437744, 25.8414649963, 93.9243927002, 48.1434288025, 50.144985199, -111.269477844, 46.9340133667, 166.292327881], [210.145996094, 1415.16467285, 216.505203247, 52.5316352844, 202.359161377, -71.188873291, 42.1275024414, 10.5257816315, 34.8385353088, 36.8936691284, 62.5552482605, 24.0606937408, 21.2946186066], [-676.934936523, 216.505203247, 708.811523438, 77.8311843872, 116.400993347, 52.3582458496, 94.9223022461, -24.7055797577, 25.2004928589, 13.4998884201, 19.9774665833, 6.87155771255, -16.0571956635], [414.443389893, 52.5316352844, 77.8311843872, 325.624603271, 103.360092163, 137.87272644, 66.5379104614, 73.1426696777, 35.7374382019, 47.0022735596, 29.2453689575, 48.0724143982, 44.9927520752], [105.140510559, 202.359161377, 116.400993347, 103.360092163, 288.909606934, 82.9960479736, 100.609992981, 58.5971946716, 42.0191116333, 10.4860429764, 3.80042767525, 16.8921451569, 21.0461044312], [261.467437744, -71.188873291, 52.3582458496, 137.87272644, 82.9960479736, 274.679351807, 81.2380523682, 82.9735946655, 40.7966041565, 32.5782699585, 18.1410427094, 30.9818058014, 30.6023235321], [25.8414649963, 42.1275024414, 94.9223022461, 66.5379104614, 100.609992981, 81.2380523682, 184.526672363, 60.3036651611, 37.5254859924, 14.8657712936, -7.81744003296, 9.04639816284, 28.6185626984], [93.9243927002, 10.5257816315, -24.7055797577, 73.1426696777, 58.5971946716, 82.9735946655, 60.3036651611, 164.899642944, 61.2553863525, 27.3943481445, 20.7542686462, 39.3840446472, 39.354057312], [48.1434288025, 34.8385353088, 25.2004928589, 35.7374382019, 42.0191116333, 40.7966041565, 37.5254859924, 61.2553863525, 121.143875122, 59.836025238, 29.2112827301, 20.1893596649, 33.6755447388], [50.144985199, 36.8936691284, 13.4998884201, 47.0022735596, 10.4860429764, 32.5782699585, 14.8657712936, 27.3943481445, 59.836025238, 128.69619751, 69.4246063232, 37.5181159973, 33.3620300293], [-111.269477844, 62.5552482605, 19.9774665833, 29.2453689575, 3.80042767525, 18.1410427094, -7.81744003296, 20.7542686462, 29.2112827301, 69.4246063232, 121.617622375, 60.6741447449, 15.9553775787], [46.9340133667, 24.0606937408, 6.87155771255, 48.0724143982, 16.8921451569, 30.9818058014, 9.04639816284, 39.3840446472, 20.1893596649, 37.5181159973, 60.6741447449, 115.986305237, 61.8757705688], [166.292327881, 21.2946186066, -16.0571956635, 44.9927520752, 21.0461044312, 30.6023235321, 28.6185626984, 39.354057312, 33.6755447388, 33.3620300293, 15.9553775787, 61.8757705688, 129.478683472]],
