{
"lowlevel": {
    "average_loudness": 0.884414613247,
    "barkbands_crest": {
        "dmean": 2.68060064316,
        "dmean2": 4.04826211929,
        "dvar": 6.49478197098,
        "dvar2": 13.5818157196,
        "max": 26.2292671204,
        "mean": 10.8631477356,
        "median": 9.84715843201,
        "min": 2.26260781288,
        "var": 22.061460495
    },
    "barkbands_flatness_db": {
        "dmean": 0.0231825858355,
        "dmean2": 0.0331731513143,
        "dvar": 0.000577202823479,
        "dvar2": 0.00107935641427,
        "max": 0.425762265921,
        "mean": 0.15873606503,
        "median": 0.149303436279,
        "min": 0.0243575777858,
        "var": 0.00366555759683
    },
    "barkbands_kurtosis": {
        "dmean": 5.54207134247,
        "dmean2": 7.85665416718,
        "dvar": 166.559631348,
        "dvar2": 289.365264893,
        "max": 308.038391113,
        "mean": 8.57481956482,
        "median": 2.46420907974,
        "min": -1.96376645565,
        "var": 426.95111084
    },
    "barkbands_skewness": {
        "dmean": 0.702616453171,
        "dmean2": 0.969534993172,
        "dvar": 0.789333641529,
        "dvar2": 1.26876974106,
        "max": 16.690530777,
        "mean": 1.80201423168,
        "median": 1.42269837856,
        "min": -7.03475046158,
        "var": 3.42145228386
    },
    "barkbands_spread": {
        "dmean": 6.12129354477,
        "dmean2": 8.99180698395,
        "dvar": 69.3749694824,
        "dvar2": 142.999588013,
        "max": 121.0362854,
        "mean": 20.1210002899,
        "median": 16.7478523254,
        "min": 0.79535895586,
        "var": 220.051132202
    },
    "dissonance": {
        "dmean": 0.0306716095656,
        "dmean2": 0.0506661683321,
        "dvar": 0.00087715301197,
        "dvar2": 0.00230426155031,
        "max": 0.500000059605,
        "mean": 0.430939257145,
        "median": 0.444299280643,
        "min": 0.158333569765,
        "var": 0.00276314327493
    },
    "dynamic_complexity": 3.85146021843,
    "erbbands_crest": {
        "dmean": 2.75237369537,
        "dmean2": 4.3579750061,
        "dvar": 6.88669252396,
        "dvar2": 16.3937969208,
        "max": 31.5297851562,
        "mean": 11.0578708649,
        "median": 10.1941986084,
        "min": 2.49677467346,
        "var": 23.6596279144
    },
    "erbbands_flatness_db": {
        "dmean": 0.0203390810639,
        "dmean2": 0.0282903127372,
        "dvar": 0.000435291614849,
        "dvar2": 0.000794376246631,
        "max": 0.394369453192,
        "mean": 0.172835439444,
        "median": 0.169187739491,
        "min": 0.0513929575682,
        "var": 0.00273667438887
    },
    "erbbands_kurtosis": {
        "dmean": 1.92931485176,
        "dmean2": 2.93934345245,
        "dvar": 13.7700805664,
        "dvar2": 28.4531974792,
        "max": 121.470909119,
        "mean": 2.73030090332,
        "median": 0.812942385674,
        "min": -1.9011926651,
        "var": 44.7845535278
    },
    "erbbands_skewness": {
        "dmean": 0.474826306105,
        "dmean2": 0.695906877518,
        "dvar": 0.254551649094,
        "dvar2": 0.534631490707,
        "max": 8.13665485382,
        "mean": 0.854117453098,
        "median": 0.744903624058,
        "min": -7.36849689484,
        "var": 1.2155200243
    },
    "erbbands_spread": {
        "dmean": 9.44466876984,
        "dmean2": 13.5276231766,
        "dvar": 150.471801758,
        "dvar2": 292.084014893,
        "max": 191.834228516,
        "mean": 36.0328483582,
        "median": 30.8711204529,
        "min": 1.24461436272,
        "var": 552.164428711
    },
    "hfc": {
        "dmean": 5.72539520264,
        "dmean2": 7.89659070969,
        "dvar": 64.8107070923,
        "dvar2": 118.087425232,
        "max": 123.429519653,
        "mean": 17.8488731384,
        "median": 13.9882507324,
        "min": 1.15477748705e-16,
        "var": 254.36730957
    },
    "melbands_crest": {
        "dmean": 3.15657567978,
        "dmean2": 4.92402935028,
        "dvar": 9.77565479279,
        "dvar2": 19.6187133789,
        "max": 34.7913856506,
        "mean": 14.6789655685,
        "median": 13.3383951187,
        "min": 1.93397963047,
        "var": 38.3437576294
    },
    "melbands_flatness_db": {
        "dmean": 0.027743825689,
        "dmean2": 0.0385924465954,
        "dvar": 0.000866932619829,
        "dvar2": 0.00151926395483,
        "max": 0.584396183491,
        "mean": 0.224416419864,
        "median": 0.208763569593,
        "min": 0.00442753871903,
        "var": 0.00744210556149
    },
    "melbands_kurtosis": {
        "dmean": 11.5268974304,
        "dmean2": 16.1663513184,
        "dvar": 868.695556641,
        "dvar2": 1424.10205078,
        "max": 1171.26953125,
        "mean": 19.5139427185,
        "median": 7.06584215164,
        "min": -1.90629506111,
        "var": 2126.98413086
    },
    "melbands_skewness": {
        "dmean": 0.868418514729,
        "dmean2": 1.19866716862,
        "dvar": 1.16391777992,
        "dvar2": 1.87153768539,
        "max": 26.0649719238,
        "mean": 2.59975600243,
        "median": 2.0486946106,
        "min": -2.74286937714,
        "var": 4.96323490143
    },
    "melbands_spread": {
        "dmean": 7.02236366272,
        "dmean2": 10.3236217499,
        "dvar": 155.67388916,
        "dvar2": 313.519958496,
        "max": 275.523284912,
        "mean": 22.3945140839,
        "median": 17.1170654297,
        "min": 0.423183500767,
        "var": 535.652587891
    },
    "pitch_salience": {
        "dmean": 0.0727726519108,
        "dmean2": 0.111304834485,
        "dvar": 0.00502990465611,
        "dvar2": 0.0107497023419,
        "max": 0.878956735134,
        "mean": 0.503364026546,
        "median": 0.510467290878,
        "min": 0.0600441843271,
        "var": 0.0159460324794
    },
    "silence_rate_20dB": {
        "dmean": 0,
        "dmean2": 0,
        "dvar": 0,
        "dvar2": 0,
        "max": 1,
        "mean": 1,
        "median": 1,
        "min": 1,
        "var": 0
    },
    "silence_rate_30dB": {
        "dmean": 0.0388930439949,
        "dmean2": 0.0777925550938,
        "dvar": 0.0373850241303,
        "dvar2": 0.071901537478,
        "max": 1,
        "mean": 0.941000521183,
        "median": 1,
        "min": 0,
        "var": 0.0555169284344
    },
    "silence_rate_60dB": {
        "dmean": 0.0294190980494,
        "dmean2": 0.0588430836797,
        "dvar": 0.028550138697,
        "dvar2": 0.0640271902084,
        "max": 1,
        "mean": 0.122236996889,
        "median": 0,
        "min": 0,
        "var": 0.10730510205
    },
    "spectral_centroid": {
        "dmean": 257.197418213,
        "dmean2": 377.506103516,
        "dvar": 109553.726562,
        "dvar2": 215034.890625,
        "max": 11254.7236328,
        "mean": 1261.39758301,
        "median": 1162.62866211,
        "min": 133.836257935,
        "var": 538408.875
    },
    "spectral_complexity": {
        "dmean": 2.61730241776,
        "dmean2": 3.96708774567,
        "dvar": 14.2764625549,
        "dvar2": 24.0944442749,
        "max": 50,
        "mean": 12.9153232574,
        "median": 11,
        "min": 0,
        "var": 70.2646560669
    },
    "spectral_decrease": {
        "dmean": 2.98658608955e-09,
        "dmean2": 4.18138057512e-09,
        "dvar": 4.42908300338e-17,
        "dvar2": 8.28949058528e-17,
        "max": -3.32382978241e-29,
        "mean": -7.06230185443e-09,
        "median": -3.97124111373e-09,
        "min": -6.49380424989e-08,
        "var": 1.01698269658e-16
    },
    "spectral_energy": {
        "dmean": 0.0116428248584,
        "dmean2": 0.0162686482072,
        "dvar": 0.00065165979322,
        "dvar2": 0.00122281792574,
        "max": 0.249253809452,
        "mean": 0.0282738972455,
        "median": 0.0163717530668,
        "min": 1.05996272708e-20,
        "var": 0.00150421191938
    },
    "spectral_energyband_high": {
        "dmean": 0.000367663626093,
        "dmean2": 0.000472670566523,
        "dvar": 4.73428542591e-07,
        "dvar2": 7.49737182559e-07,
        "max": 0.00824269838631,
        "mean": 0.000720983487554,
        "median": 0.000338842568453,
        "min": 7.92979198384e-21,
        "var": 1.20594074815e-06
    },
    "spectral_energyband_low": {
        "dmean": 0.00762905972078,
        "dmean2": 0.010199226439,
        "dvar": 0.000487478158902,
        "dvar2": 0.000815555744339,
        "max": 0.228478059173,
        "mean": 0.0133527899161,
        "median": 0.000917899422348,
        "min": 6.18033896611e-23,
        "var": 0.00111079053022
    },
    "spectral_energyband_middle_high": {
        "dmean": 0.00153069698717,
        "dmean2": 0.00214755558409,
        "dvar": 8.03796319815e-06,
        "dvar2": 1.67970883922e-05,
        "max": 0.068029589951,
        "mean": 0.00484792143106,
        "median": 0.002128129825,
        "min": 1.41231911039e-21,
        "var": 4.43481585535e-05
    },
    "spectral_energyband_middle_low": {
        "dmean": 0.0071835280396,
        "dmean2": 0.0123253501952,
        "dvar": 0.000382203201298,
        "dvar2": 0.00107783428393,
        "max": 0.169710069895,
        "mean": 0.0109183024615,
        "median": 0.00693161366507,
        "min": 3.46961145225e-22,
        "var": 0.000273486890364
    },
    "spectral_entropy": {
        "dmean": 0.231345757842,
        "dmean2": 0.327719122171,
        "dvar": 0.0614380128682,
        "dvar2": 0.116698175669,
        "max": 9.79105854034,
        "mean": 7.29645824432,
        "median": 7.33259296417,
        "min": 5.15038156509,
        "var": 0.344021230936
    },
    "spectral_flux": {
        "dmean": 0.0338925980031,
        "dmean2": 0.0507650338113,
        "dvar": 0.00241430988535,
        "dvar2": 0.00412678951398,
        "max": 0.549366116524,
        "mean": 0.0877589285374,
        "median": 0.0688867866993,
        "min": 1.02954492154e-10,
        "var": 0.00639562122524
    },
    "spectral_kurtosis": {
        "dmean": 1.84389019012,
        "dmean2": 2.75677847862,
        "dvar": 9.69888877869,
        "dvar2": 20.1702289581,
        "max": 111.949462891,
        "mean": 5.49036931992,
        "median": 4.32302951813,
        "min": -1.47844541073,
        "var": 41.1802749634
    },
    "spectral_rms": {
        "dmean": 0.000869047245942,
        "dmean2": 0.0011916361982,
        "dvar": 1.9747708393e-06,
        "dvar2": 3.4978304484e-06,
        "max": 0.0155940521508,
        "mean": 0.00445355428383,
        "median": 0.0039965538308,
        "min": 3.21575795506e-12,
        "var": 7.74991531216e-06
    },
    "spectral_rolloff": {
        "dmean": 601.877685547,
        "dmean2": 1004.42468262,
        "dvar": 1836150.5,
        "dvar2": 3771187.75,
        "max": 18626.2207031,
        "mean": 1819.41296387,
        "median": 1055.12695312,
        "min": 64.599609375,
        "var": 6563118
    },
    "spectral_skewness": {
        "dmean": 0.270218461752,
        "dmean2": 0.384503632784,
        "dvar": 0.102105826139,
        "dvar2": 0.196555361152,
        "max": 8.68884849548,
        "mean": 1.83479452133,
        "median": 1.74669981003,
        "min": -0.590763986111,
        "var": 0.608572006226
    },
    "spectral_spread": {
        "dmean": 915182.8125,
        "dmean2": 1260658.5,
        "dvar": 1.42521362022e+12,
        "dvar2": 2.40602578944e+12,
        "max": 39835432,
        "mean": 5788181.5,
        "median": 5239571,
        "min": 789126.625,
        "var": 6.0427033641e+12
    },
    "spectral_strongpeak": {
        "dmean": 0.546396017075,
        "dmean2": 0.907435715199,
        "dvar": 0.721941649914,
        "dvar2": 1.72728717327,
        "max": 13.5921878815,
        "mean": 1.16977608204,
        "median": 0.75619417429,
        "min": 0,
        "var": 1.55059218407
    },
    "zerocrossingrate": {
        "dmean": 0.0144058186561,
        "dmean2": 0.0157566890121,
        "dvar": 0.00037250717287,
        "dvar2": 0.000403392943554,
        "max": 0.51025390625,
        "mean": 0.0733383521438,
        "median": 0.05859375,
        "min": 0.0029296875,
        "var": 0.00414887489751
    },
    "barkbands": {
        "dmean": [0.000209705482121, 0.00591506669298, 0.003479688894, 0.00351332128048, 0.00204008514993, 0.000901766412426, 0.000871905125678, 0.000592520402279, 0.00084029516438, 0.000677966396324, 0.000327482499415, 0.000455437140772, 0.000301696854876, 0.00023336338927, 0.000206314362003, 0.000202080831514, 0.000137892391649, 9.56131116254e-05, 0.00011151387298, 0.000111591944005, 7.1991882578e-05, 7.80960108386e-05, 6.42183731543e-05, 6.88508080202e-05, 7.06155260559e-05, 3.87019063055e-05, 3.62566220247e-06],
        "dmean2": [0.000221196736675, 0.00827821902931, 0.00609779870138, 0.00648798979819, 0.0034368194174, 0.00141810800415, 0.00139554683119, 0.000957225682214, 0.00126514746808, 0.00100552814547, 0.000483597890707, 0.000662552716676, 0.000446893915068, 0.000356496486347, 0.000314300850732, 0.000299320876366, 0.000202652954613, 0.000142472388688, 0.000169399674633, 0.000171655687154, 0.000101261095551, 0.000100721023045, 8.41496585053e-05, 9.95929440251e-05, 0.000104105136415, 5.57269995625e-05, 5.72944736632e-06],
        "dvar": [3.62242275287e-07, 0.000347550696461, 0.000189981423318, 0.000197502464289, 3.78349577659e-05, 3.90736659028e-06, 3.34628066412e-06, 2.96351026918e-06, 3.32621016241e-06, 3.72179465558e-06, 1.27252940274e-06, 1.83737449788e-06, 9.97951815407e-07, 3.71850376268e-07, 3.39855148468e-07, 4.03027854645e-07, 1.75078355369e-07, 4.80838338035e-08, 4.45730456988e-08, 5.59470727524e-08, 4.19671870588e-08, 4.59379343454e-08, 2.00664906913e-08, 2.15891695632e-08, 2.32111254661e-08, 4.10383549365e-09, 6.32964930469e-11],
        "dvar2": [3.87597395957e-07, 0.000636268232483, 0.000516566564329, 0.000573104305658, 9.70258624875e-05, 9.07142293727e-06, 8.26149880595e-06, 7.53606082071e-06, 7.44398403185e-06, 8.76740432432e-06, 2.61802233581e-06, 3.99685222874e-06, 2.15348518395e-06, 8.09434482107e-07, 6.9778826628e-07, 9.15062059903e-07, 3.54710493866e-07, 1.01038544642e-07, 9.65276072407e-08, 1.26373066678e-07, 8.08869700109e-08, 7.08163341301e-08, 3.35373542271e-08, 4.01376354375e-08, 4.79371351503e-08, 8.48157188926e-09, 1.54931761864e-10],
        "max": [0.00788806099445, 0.18387016654, 0.129384934902, 0.127474695444, 0.0587075203657, 0.0503407977521, 0.0419395752251, 0.0593848489225, 0.0353803560138, 0.0599956586957, 0.0503735914826, 0.0506311580539, 0.0337709411979, 0.0165561344475, 0.0294902063906, 0.0249930620193, 0.0161424148828, 0.00515572912991, 0.00594281591475, 0.00886482466012, 0.00299982493743, 0.00376510992646, 0.00167062424589, 0.00297243124805, 0.00414216332138, 0.000596578000113, 0.000177976704435],
        "mean": [0.000322526087984, 0.00853190291673, 0.00306805339642, 0.00260558305308, 0.00187557667959, 0.00157537101768, 0.00175890128594, 0.00109578855336, 0.00172796100378, 0.00123927777167, 0.000614505552221, 0.000834321603179, 0.000551967241336, 0.000371946720406, 0.000328662019456, 0.000317295867717, 0.000237654006924, 0.000174260683707, 0.000208526660572, 0.000203843679628, 0.000103590922663, 0.000113565452921, 0.000101755133073, 0.000132666886202, 0.000114473703434, 5.99204358878e-05, 3.87016871173e-06],
        "median": [2.53843245446e-06, 0.000315641518682, 0.000168318190845, 0.000299315492157, 0.000371188391, 0.000507855846081, 0.000793072860688, 0.000514752464369, 0.000614230055362, 0.000142032717122, 6.05082750553e-05, 0.000109650398372, 6.98343501426e-05, 6.574242434e-05, 5.1451886975e-05, 4.3417498091e-05, 3.74841256416e-05, 4.37861344835e-05, 6.13270967733e-05, 6.98772200849e-05, 2.53254293057e-05, 1.97146400751e-05, 2.96544876619e-05, 4.79703157907e-05, 3.34401192958e-05, 1.62883643497e-05, 6.46381351999e-07],
        "min": [5.76235557234e-24, 2.8627623411e-23, 2.75640495841e-23, 9.58770421267e-24, 2.86650027961e-23, 4.90786688294e-23, 6.25909126582e-23, 8.09635020735e-23, 9.63875061298e-23, 6.16997333381e-23, 4.44854694108e-23, 1.53233100639e-22, 7.62847932881e-23, 9.91754983411e-23, 1.08853124019e-22, 1.95233342654e-22, 7.36343279317e-23, 2.74151606079e-22, 2.67384063037e-22, 3.23542856309e-22, 4.14991045565e-22, 3.87296474211e-22, 6.73723058898e-22, 1.00105474472e-21, 1.20306160051e-21, 1.98507231531e-21, 2.18562988847e-21],
        "var": [1.04343098428e-06, 0.000613209907897, 0.000128381652758, 0.000110369350296, 3.12718038913e-05, 7.40864334148e-06, 7.62926083553e-06, 4.30962518294e-06, 8.68582719704e-06, 9.06955483515e-06, 4.06142726206e-06, 4.75511023978e-06, 2.94042138194e-06, 9.04083265141e-07, 7.29732732907e-07, 7.88364957316e-07, 4.10489491287e-07, 1.21122567975e-07, 1.24174960092e-07, 1.31238138579e-07, 6.99761883993e-08, 9.45129130514e-08, 4.18540544445e-08, 5.89108921645e-08, 5.11094562228e-08, 7.99969868126e-09, 7.15873610391e-11]
    },
    "erbbands": {
        "dmean": [0.165835112333, 1.52492141724, 3.70705342293, 8.81506252289, 11.3186626434, 4.11968517303, 3.53616333008, 9.21677207947, 12.6165132523, 11.1538658142, 14.1930303574, 15.0067367554, 22.2347755432, 17.9537086487, 11.9384727478, 15.0018205643, 13.6473112106, 8.97573757172, 11.6076860428, 8.29672622681, 10.6389446259, 7.39448881149, 5.05612802505, 5.17937803268, 5.53614091873, 4.70267486572, 2.84456944466, 2.95780229568, 2.98668575287, 2.35171842575, 1.7866859436, 1.57325053215, 1.12555396557, 0.872343957424, 0.49164006114, 0.21043176949, 0.0609467849135, 0.0126083586365, 0.000294176279567, 1.95657739823e-05],
        "dmean2": [0.206045776606, 2.22190880775, 6.14644002914, 16.1483230591, 19.6705780029, 6.88818693161, 5.68669223785, 14.441942215, 19.7793483734, 17.8833026886, 22.3823719025, 22.4697170258, 33.3644447327, 26.2802391052, 17.0970973969, 21.3934955597, 19.4055576324, 13.26567173, 17.1170845032, 12.5900192261, 15.5896892548, 10.522154808, 7.22409915924, 7.76930379868, 8.29655170441, 7.13050365448, 4.10402059555, 4.11279630661, 3.86663031578, 3.02741074562, 2.39160752296, 2.26738500595, 1.623259902, 1.28871130943, 0.729002594948, 0.30711248517, 0.0886147767305, 0.0186462029815, 0.000437121401774, 2.66235474555e-05],
        "dvar": [0.231170237064, 25.8710403442, 194.550964355, 1278.74072266, 1378.65856934, 130.724456787, 58.5708885193, 459.213653564, 787.873535156, 602.65802002, 1320.41125488, 1095.60314941, 3185.02978516, 2510.22192383, 2008.49829102, 1878.86193848, 2023.12719727, 493.646484375, 1044.95751953, 480.384277344, 1340.86608887, 438.556884766, 140.67729187, 119.479003906, 120.395935059, 105.207962036, 43.7781829834, 88.4414596558, 68.095741272, 44.12342453, 14.5951976776, 9.27424621582, 7.03744602203, 4.21634626389, 1.08431482315, 0.132331058383, 0.00980431307107, 0.00054218043806, 3.08324104026e-07, 1.19589915748e-09],
        "dvar2": [0.368329644203, 51.649974823, 499.928863525, 3660.96606445, 3724.94213867, 345.663848877, 145.282043457, 1067.9197998, 1927.19348145, 1565.37854004, 3268.54443359, 2444.00952148, 7612.59619141, 5497.03955078, 4412.48046875, 3840.24707031, 4276.89355469, 1048.65124512, 1907.04089355, 1063.69726562, 3117.82421875, 902.504516602, 278.611358643, 246.215942383, 270.169616699, 229.397537231, 85.8059005737, 183.608642578, 119.909088135, 64.7010650635, 26.2586860657, 17.6590023041, 13.6664571762, 8.84469127655, 2.35046648979, 0.274494081736, 0.0204068161547, 0.00125115574338, 7.23236155409e-07, 2.30512697819e-09],
        "max": [5.5018696785, 48.6940612793, 143.61505127, 324.528533936, 317.430603027, 135.79510498, 198.95161438, 563.454040527, 609.924194336, 671.282897949, 1064.56213379, 688.349487305, 1720.36413574, 1544.07397461, 2237.31713867, 1048.06896973, 1441.10693359, 761.336791992, 1528.42736816, 605.748046875, 1720.81054688, 601.202453613, 471.260101318, 352.500396729, 262.014434814, 467.349609375, 117.618202209, 135.648574829, 176.509140015, 79.439125061, 49.1954116821, 47.6528396606, 60.9391708374, 55.7257881165, 25.9307937622, 3.8618657589, 1.19506216049, 0.516534149647, 0.0137525768951, 0.000318668520777],
        "mean": [0.257710665464, 1.83962881565, 3.65372395515, 6.81393623352, 8.94589710236, 4.38653421402, 5.66644239426, 15.7480592728, 23.2227363586, 24.4568748474, 29.3288784027, 30.8910369873, 43.1094284058, 39.1027984619, 23.5078754425, 28.8112812042, 27.5611591339, 17.1693954468, 20.37849617, 14.6505508423, 18.4061908722, 14.4439258575, 10.262260437, 10.2030029297, 10.8997154236, 8.96621227264, 4.96042060852, 3.98276758194, 4.30946683884, 3.26116132736, 2.97703742981, 3.06468772888, 1.9696110487, 1.38009333611, 0.765660464764, 0.324092388153, 0.0935137197375, 0.0169429667294, 0.000399497221224, 4.57030982943e-05],
        "median": [0.00993557646871, 0.0756067037582, 0.232165411115, 0.72663974762, 1.24515843391, 1.14131450653, 1.93018317223, 5.2356004715, 9.54010391235, 14.0047588348, 15.5443115234, 11.6227283478, 8.44485855103, 6.40937662125, 4.25310134888, 4.74279212952, 4.27211666107, 4.43588209152, 4.39074516296, 2.9261610508, 3.07908391953, 2.68301820755, 2.69011449814, 3.15480804443, 3.77249765396, 3.11618089676, 1.43978285789, 0.881985783577, 0.762494683266, 0.59120631218, 0.943115472794, 1.16481268406, 0.650414586067, 0.382594347, 0.214679986238, 0.0826493352652, 0.0277882218361, 0.00387898739427, 0.000103487531305, 2.86541326204e-05],
        "min": [1.13789749931e-21, 5.30900188332e-21, 2.9129498082e-20, 2.42712757052e-20, 4.53003814566e-20, 9.81956574166e-20, 4.40443173899e-19, 2.96873338237e-19, 5.34244111194e-19, 1.59833121574e-18, 1.40212366425e-18, 1.73489614993e-18, 2.56985887769e-18, 2.37930231395e-18, 1.86421384458e-18, 7.06344248874e-18, 4.21665532929e-18, 5.16211242969e-18, 5.5828603298e-18, 7.70818097257e-18, 8.99617480539e-18, 5.13626717145e-18, 1.5646036914e-17, 1.24913967052e-17, 1.05884552983e-17, 1.35633797657e-17, 1.74941850499e-17, 1.91185808302e-17, 1.46078590708e-17, 1.32845777131e-17, 2.07881075846e-17, 2.34466925432e-17, 1.37316274751e-17, 1.03744951067e-17, 1.09798341508e-17, 7.39692448859e-18, 3.67210247972e-18, 1.50574416599e-18, 2.93365472054e-19, 2.85763436656e-20],
        "var": [0.571079909801, 33.8993988037, 153.923522949, 741.480163574, 971.057983398, 109.405891418, 123.55619812, 821.64050293, 1470.81518555, 1289.72192383, 2124.76025391, 2772.98730469, 8216.42675781, 8611.49902344, 5146.84277344, 5029.53222656, 6369.93505859, 1439.10144043, 2582.22558594, 1036.22265625, 2618.32080078, 1228.3092041, 429.916900635, 353.20526123, 326.868133545, 252.046936035, 96.490776062, 124.911933899, 135.187164307, 83.9228363037, 31.3442554474, 25.9019680023, 17.1495780945, 9.21272945404, 2.05912184715, 0.256817042828, 0.0191949233413, 0.000830369477626, 4.47558392125e-07, 2.73913558502e-09]
    },
    "gfcc": {
        "mean": [-42.2007369995, 70.4790725708, -102.384719849, 8.86304092407, -70.2644195557, 8.3258895874, -41.4311103821, 20.2065086365, -25.5863456726, 8.30110454559, -16.0135250092, -3.75523781776, -16.7887916565],
        "cov": [[19050.0175781, 859.594116211, -671.01184082, 453.522491455, -174.325210571, 521.925170898, -364.561157227, 166.543289185, -265.592956543, -47.2317466736, -104.988243103, 73.9277420044, -79.7038497925], [859.594116211, 2136.63037109, 384.258331299, 149.191040039, 580.500793457, 107.389671326, 316.558410645, 120.940475464, 100.16608429, -24.4917469025, 128.752838135, -162.46472168, 31.0221595764], [-671.01184082, 384.258331299, 1950.02880859, 352.169952393, 180.836532593, 258.6590271, 146.040985107, 140.706832886, 88.8094329834, 115.826217651, -143.358261108, -35.4139976501, -153.794464111], [453.522491455, 149.191040039, 352.169952393, 700.525817871, 314.341156006, 130.001159668, 109.29057312, 68.3332366943, 112.629463196, 2.49813055992, -35.6198005676, 24.0856704712, 39.7286834717], [-174.325210571, 580.500793457, 180.836532593, 314.341156006, 604.846191406, 239.802337646, 230.110076904, 88.595664978, 112.039901733, 22.848028183, 36.6783943176, 5.86174106598, 22.0619239807], [521.925170898, 107.389671326, 258.6590271, 130.001159668, 239.802337646, 473.373260498, 209.083358765, 26.0405387878, 34.7516365051, 46.839881897, 36.9952278137, 18.5289535522, -26.890422821], [-364.561157227, 316.558410645, 146.040985107, 109.29057312, 230.110076904, 209.083358765, 377.682861328, 56.5593795776, 31.7399711609, 54.8539466858, 43.5052070618, 8.08277511597, -15.8842554092], [166.543289185, 120.940475464, 140.706832886, 68.3332366943, 88.595664978, 26.0405387878, 56.5593795776, 240.450073242, 86.0750656128, 15.4281196594, 46.8369216919, 5.21273899078, 38.7986602783], [-265.592956543, 100.16608429, 88.8094329834, 112.629463196, 112.039901733, 34.7516365051, 31.7399711609, 86.0750656128, 210.735458374, 43.3655662537, -9.56827640533, 15.7326402664, 28.5026054382], [-47.2317466736, -24.4917469025, 115.826217651, 2.49813055992, 22.848028183, 46.839881897, 54.8539466858, 15.4281196594, 43.3655662537, 141.987426758, 29.9585285187, 17.4683742523, -8.58776283264], [-104.988243103, 128.752838135, -143.358261108, -35.6198005676, 36.6783943176, 36.9952278137, 43.5052070618, 46.8369216919, -9.56827640533, 29.9585285187, 213.468353271, 37.921333313, 43.1060905457], [73.9277420044, -162.46472168, -35.4139976501, 24.0856704712, 5.86174106598, 18.5289535522, 8.08277511597, 5.21273899078, 15.7326402664, 17.4683742523, 37.921333313, 150.361083984, 47.935874939], [-79.7038497925, 31.0221595764, -153.794464111, 39.7286834717, 22.0619239807, -26.890422821, -15.8842554092, 38.7986602783, 28.5026054382, -8.58776283264, 43.1060905457, 47.935874939, 162.892593384]],
        "icov": [[0.000113462541776, -0.000253153732046, 0.000210975704249, -0.000263869267656, 0.000335189979523, -0.00042859322275, 0.000401903613238, -0.000410247826949, 0.000389259774238, -0.000331159390043, 0.000403819372877, -0.000409908912843, 0.00031622860115], [-0.000253153732046, 0.00155366794206, -0.000799939094577, 0.000934164039791, -0.00172255549114, 0.00148969842121, -0.00147355056833, 0.00125831109472, -0.00121155148372, 0.00143675296567, -0.00177269428968, 0.00219137012027, -0.00125506485347], [0.000210975704249, -0.000799939094577, 0.00127923919354, -0.000954422808718, 0.00101737945806, -0.0012888427591, 0.00100104336161, -0.00148839491885, 0.00101500202436, -0.00147393974476, 0.00162818422541, -0.00121045729611, 0.00146775611211], [-0.000263869267656, 0.000934164039791, -0.000954422808718, 0.00290021928959, -0.00207380740903, 0.00120652851183, -0.00116811972111, 0.00122356810607, -0.00156043563038, 0.00148567592259, -0.000891458825208, 0.00112272845581, -0.00158390169963], [0.000335189979523, -0.00172255549114, 0.00101737945806, -0.00207380740903, 0.00502248108387, -0.00259697600268, 0.000640233978629, -0.0017162283184, 0.000578172504902, -0.00118473160546, 0.00166656193323, -0.00207059574313, 0.00132535886951], [-0.00042859322275, 0.00148969842121, -0.0012888427591, 0.00120652851183, -0.00259697600268, 0.00517112156376, -0.00300243543461, 0.00218977453187, -0.0016747751506, 0.00151666544843, -0.00248178350739, 0.00185840320773, -0.00113063876051], [0.000401903613238, -0.00147355056833, 0.00100104336161, -0.00116811972111, 0.000640233978629, -0.00300243543461, 0.00598196312785, -0.00230729579926, 0.00215031276457, -0.00272348290309, 0.00174555089325, -0.00222810404375, 0.00193176569883], [-0.000410247826949, 0.00125831109472, -0.00148839491885, 0.00122356810607, -0.0017162283184, 0.00218977453187, -0.00230729579926, 0.00750914635137, -0.00377561803907, 0.00231395522133, -0.00342904147692, 0.00249825324863, -0.0026088077575], [0.000389259774238, -0.00121155148372, 0.00101500202436, -0.00156043563038, 0.000578172504902, -0.0016747751506, 0.00215031276457, -0.00377561803907, 0.00838755629957, -0.00373377790675, 0.00308446260169, -0.00225643999875, 0.000697597803082], [-0.000331159390043, 0.00143675296567, -0.00147393974476, 0.00148567592259, -0.00118473160546, 0.00151666544843, -0.00272348290309, 0.00231395522133, -0.00373377790675, 0.0105024259537, -0.00349474861287, 0.00138527690433, -0.000871347088832], [0.000403819372877, -0.00177269428968, 0.00162818422541, -0.000891458825208, 0.00166656193323, -0.00248178350739, 0.00174555089325, -0.00342904147692, 0.00308446260169, -0.00349474861287, 0.008565495722, -0.00362772378139, 0.000718338356819], [-0.000409908912843, 0.00219137012027, -0.00121045729611, 0.00112272845581, -0.00207059574313, 0.00185840320773, -0.00222810404375, 0.00249825324863, -0.00225643999875, 0.00138527690433, -0.00362772378139, 0.0109196193516, -0.00404523173347], [0.00031622860115, -0.00125506485347, 0.00146775611211, -0.00158390169963, 0.00132535886951, -0.00113063876051, 0.00193176569883, -0.0026088077575, 0.000697597803082, -0.000871347088832, 0.000718338356819, -0.00404523173347, 0.00958078447729]]
    },
    "melbands": {
        "dmean": [0.00152392149903, 0.00186813867185, 0.00161463010591, 0.000555817969143, 0.00011684052879, 0.00019718670228, 0.000188954276382, 0.000122509853099, 0.000118660878798, 0.00010619139357, 0.000115467562864, 7.83033465268e-05, 3.99828422815e-05, 4.30150284956e-05, 4.68389589514e-05, 2.63152378466e-05, 1.76457906491e-05, 2.12727081816e-05, 1.6556110495e-05, 1.19545020425e-05, 1.33521216412e-05, 8.76977810549e-06, 6.45328782412e-06, 4.36800155512e-06, 4.69576252726e-06, 4.18831405113e-06, 4.85503051095e-06, 3.18851198244e-06, 2.10190387406e-06, 1.53176824824e-06, 1.86785086953e-06, 1.75227728505e-06, 1.47935895711e-06, 1.31117678848e-06, 9.97602001007e-07, 1.0809332025e-06, 1.00755516996e-06, 8.59273598053e-07, 7.44144927012e-07, 7.87697615579e-07],
        "dmean2": [0.00201383582316, 0.00276773027144, 0.00290385400876, 0.000950204965193, 0.000190797407413, 0.00030931137735, 0.00029825096135, 0.000197036701138, 0.000184818127309, 0.000159107163199, 0.000172456944711, 0.000115110975457, 5.74510740989e-05, 6.38735000393e-05, 6.59248107695e-05, 3.7373178202e-05, 2.64317677647e-05, 3.12644588121e-05, 2.51700730587e-05, 1.79179842235e-05, 1.97422286874e-05, 1.27157054521e-05, 9.43870327319e-06, 6.44783494863e-06, 7.1759277489e-06, 6.32707224213e-06, 7.47348713048e-06, 4.87433862872e-06, 3.17040780828e-06, 2.10441135096e-06, 2.66400138571e-06, 2.33545506489e-06, 2.02986143449e-06, 1.70530825017e-06, 1.33267292313e-06, 1.54490953719e-06, 1.48291633195e-06, 1.25301414755e-06, 1.10114046947e-06, 1.18942898553e-06],
        "dvar": [2.05393735087e-05, 4.01267025154e-05, 3.72019931092e-05, 3.01778891298e-06, 6.16506099504e-08, 2.02229443858e-07, 1.60872502875e-07, 8.05048117059e-08, 8.09422502357e-08, 5.8239866263e-08, 8.67202558652e-08, 5.0017128217e-08, 1.85323028035e-08, 1.94412965726e-08, 2.71476015001e-08, 7.46091100012e-09, 2.08601225182e-09, 3.92067756039e-09, 2.15143236559e-09, 1.47101264503e-09, 2.41358644182e-09, 7.39230010538e-10, 4.42913233867e-10, 9.77943837022e-11, 1.08776730678e-10, 6.64994379007e-11, 1.27101815184e-10, 5.80745382339e-11, 2.33477716327e-11, 2.07745314007e-11, 3.8094066096e-11, 2.39327776347e-11, 2.06163107419e-11, 1.33294130941e-11, 5.24738976229e-12, 3.76102274324e-12, 4.50797862581e-12, 4.41706393683e-12, 3.52881461031e-12, 3.70552720452e-12],
        "dvar2": [3.45048320014e-05, 8.92730167834e-05, 0.00010566196579, 7.95478081272e-06, 1.5989661506e-07, 4.71219181009e-07, 3.93251895048e-07, 2.0922438182e-07, 1.95279113768e-07, 1.29511363411e-07, 2.06448717677e-07, 1.11714179241e-07, 3.74161324146e-08, 4.46277965693e-08, 5.5208953853e-08, 1.31711654916e-08, 4.51830883819e-09, 7.20003034971e-09, 4.48432002642e-09, 3.11547587728e-09, 5.6615565569e-09, 1.55153556669e-09, 8.51282044856e-10, 2.07133407648e-10, 2.26754420796e-10, 1.48522721899e-10, 3.01400765457e-10, 1.21707463552e-10, 4.9616390857e-11, 3.8555932752e-11, 8.35852706493e-11, 4.62694084435e-11, 3.04712609311e-11, 2.06637172651e-11, 9.23247069073e-12, 7.42783178714e-12, 8.96849261522e-12, 8.83918199052e-12, 7.06931431796e-12, 8.0249253423e-12],
        "max": [0.0478456094861, 0.0622628517449, 0.0527055561543, 0.0163711830974, 0.00571937579662, 0.0117053631693, 0.00805789418519, 0.00800872500986, 0.00753657147288, 0.00413285987452, 0.00836026202887, 0.00575805781409, 0.00703694205731, 0.00648280326277, 0.00348254712299, 0.00470476131886, 0.00136095634662, 0.00306363869458, 0.00177203887142, 0.000913727795705, 0.00218594656326, 0.000859021034557, 0.00123428273946, 0.000218035420403, 0.000368893204723, 0.000225664043683, 0.000443147466285, 0.000446533580543, 0.000119424264994, 8.81692612893e-05, 8.93411342986e-05, 0.00015588021779, 5.14349303558e-05, 4.47810743935e-05, 3.16989317071e-05, 3.86126885132e-05, 3.43233805324e-05, 4.29563187936e-05, 4.53446555184e-05, 6.07174370089e-05],
        "mean": [0.00232900609262, 0.00215523433872, 0.00127491354942, 0.000478996284073, 0.000181352283107, 0.000345223932527, 0.0003662329691, 0.000262372283032, 0.000244611175731, 0.000212668615859, 0.000220487840124, 0.000164384997333, 7.73143983679e-05, 7.86070522736e-05, 8.33920421428e-05, 5.03025949001e-05, 2.93339107884e-05, 3.41061931977e-05, 2.6639605494e-05, 1.78589361894e-05, 2.12976046896e-05, 1.50567157107e-05, 1.1068470485e-05, 7.73515057517e-06, 8.36873095977e-06, 7.57807765694e-06, 8.36029630591e-06, 5.47926083527e-06, 3.49941433342e-06, 2.11879500966e-06, 2.31817557506e-06, 2.51590449807e-06, 2.06220443033e-06, 1.69656277649e-06, 1.5415658936e-06, 1.9655988126e-06, 1.82773476354e-06, 1.42092471833e-06, 1.18405148442e-06, 1.15705313419e-06],
        "median": [8.71263182489e-05, 0.00011573779193, 0.000156433554366, 8.17153704702e-05, 6.43132007099e-05, 0.000118910233141, 0.000160605413839, 0.000149040628457, 0.00012094246631, 6.73512840876e-05, 3.59244586434e-05, 2.1026837203e-05, 1.06775387394e-05, 1.0413671589e-05, 7.87186309026e-06, 6.70830104355e-06, 5.9250060076e-06, 5.61161141377e-06, 3.73518673769e-06, 2.31991134569e-06, 3.07278469336e-06, 2.40388726525e-06, 2.18430409404e-06, 1.94520453078e-06, 2.07612947634e-06, 2.25197550208e-06, 2.57234523815e-06, 1.54397343977e-06, 8.77649085851e-07, 4.6053605729e-07, 4.21454245725e-07, 4.17643207129e-07, 3.23917561218e-07, 2.39541549263e-07, 4.0648041022e-07, 6.99740894561e-07, 6.38729829916e-07, 4.2102138309e-07, 3.16960154123e-07, 2.86755124534e-07],
        "min": [8.51214916638e-24, 1.26537990808e-23, 5.9127633424e-24, 3.91104970022e-24, 1.26058458041e-23, 6.95813657045e-24, 1.00230023933e-23, 1.96223312603e-23, 9.57414448257e-24, 1.31337743989e-23, 1.24950763224e-23, 9.37390239697e-24, 5.66644980778e-24, 1.36587889414e-23, 1.56050176574e-23, 7.87277582498e-24, 9.77158532309e-24, 8.22078496876e-24, 9.41771573165e-24, 1.34950545497e-23, 8.86315361502e-24, 3.6150059797e-24, 1.16670997492e-23, 1.39438643399e-23, 9.01738854377e-24, 1.15383994591e-23, 4.21417660279e-24, 1.0417903007e-23, 1.1988334165e-23, 1.00452727256e-23, 1.17111315983e-23, 8.51988868073e-24, 6.6524040603e-24, 8.28291723138e-24, 1.19479642082e-23, 1.44927537578e-23, 1.38965374188e-23, 1.00820296994e-23, 6.83447079064e-24, 9.62871551341e-24],
        "var": [4.43272765551e-05, 4.43204226031e-05, 2.22016278713e-05, 2.30412933888e-06, 1.10961870803e-07, 3.67301026927e-07, 3.2855669474e-07, 1.58258700367e-07, 1.48819211176e-07, 1.54846986788e-07, 2.24553645012e-07, 1.54900959615e-07, 5.8049661078e-08, 5.04255766032e-08, 6.63260308897e-08, 2.94153945646e-08, 5.1469020157e-09, 9.27829013619e-09, 5.02463626262e-09, 2.75603517785e-09, 4.39825997844e-09, 1.70051583925e-09, 9.07152020169e-10, 2.38543407249e-10, 2.88332469012e-10, 1.66645364175e-10, 2.73482875235e-10, 1.28874896865e-10, 5.06625019714e-11, 3.42433234546e-11, 4.87702031537e-11, 4.83632647819e-11, 3.86502357896e-11, 2.39895377868e-11, 1.06946803843e-11, 1.01283027104e-11, 1.11876011927e-11, 1.0120585793e-11, 7.67719915418e-12, 7.47994461509e-12]
    },
    "mfcc": {
        "mean": [-691.290100098, 114.353302002, 13.7275724411, 4.91486787796, -4.22362470627, -14.6286449432, -1.51529109478, -2.60397481918, -3.14924311638, 9.28616905212, -0.508871257305, 1.93549621105, -0.126008674502],
        "cov": [[11443.3691406, 62.2056312561, -877.571655273, 129.511383057, 119.44355011, 254.913711548, 124.415077209, 276.555236816, -55.9664878845, 84.0806350708, -177.13369751, -52.7234992981, -42.4560203552], [62.2056312561, 2049.27905273, 236.069717407, 187.648132324, 234.481674194, 101.452003479, 318.539855957, 112.270339966, 119.220977783, 213.194274902, 125.194236755, 86.3152618408, 44.0142478943], [-877.571655273, 236.069717407, 1456.62023926, 207.518432617, 192.804580688, 182.187316895, 65.3333587646, 49.7732467651, 162.305084229, 41.3542289734, 172.458618164, 74.1413955688, 35.6689758301], [129.511383057, 187.648132324, 207.518432617, 597.875061035, 236.715301514, 120.811309814, 63.0946922302, 98.3128204346, 161.039382935, 24.4753646851, 48.3016700745, 54.1190071106, 35.5411949158], [119.44355011, 234.481674194, 192.804580688, 236.715301514, 454.635375977, 137.461364746, 87.6433563232, 129.486495972, 123.743736267, 79.7025146484, 29.6237697601, 71.9964752197, 14.4359474182], [254.913711548, 101.452003479, 182.187316895, 120.811309814, 137.461364746, 521.352844238, 191.960174561, 137.041305542, 104.507804871, 39.8599853516, 125.731521606, -3.8034362793, 15.1359100342], [124.415077209, 318.539855957, 65.3333587646, 63.0946922302, 87.6433563232, 191.960174561, 373.035736084, 135.270523071, 20.243970871, 95.8201904297, 57.8983802795, 25.4558353424, 47.8322525024], [276.555236816, 112.270339966, 49.7732467651, 98.3128204346, 129.486495972, 137.041305542, 135.270523071, 239.707717896, 83.1081619263, 61.1756362915, 47.138584137, 35.48777771, 36.5862770081], [-55.9664878845, 119.220977783, 162.305084229, 161.039382935, 123.743736267, 104.507804871, 20.243970871, 83.1081619263, 246.408004761, 52.8169212341, 51.432674408, 30.1099758148, 25.8314342499], [84.0806350708, 213.194274902, 41.3542289734, 24.4753646851, 79.7025146484, 39.8599853516, 95.8201904297, 61.1756362915, 52.8169212341, 221.136520386, 38.0891838074, 2.57722449303, 20.4320907593], [-177.13369751, 125.194236755, 172.458618164, 48.3016700745, 29.6237697601, 125.731521606, 57.8983802795, 47.138584137, 51.432674408, 38.0891838074, 200.831420898, 36.082233429, 14.3732147217], [-52.7234992981, 86.3152618408, 74.1413955688, 54.1190071106, 71.9964752197, -3.8034362793, 25.4558353424, 35.48777771, 30.1099758148, 2.57722449303, 36.082233429, 183.699951172, 47.6575775146], [-42.4560203552, 44.0142478943, 35.6689758301, 35.5411949158, 14.4359474182, 15.1359100342, 47.8322525024, 36.5862770081, 25.8314342499, 20.4320907593, 14.3732147217, 47.6575775146, 125.101348877]],
