{
"lowlevel": {
    "average_loudness": 0.910539388657,
    "barkbands_crest": {
        "dmean": 2.91046953201,
        "dmean2": 4.44593381882,
        "dvar": 7.3815703392,
        "dvar2": 15.1157407761,
        "max": 25.9620800018,
        "mean": 10.9440002441,
        "median": 9.89948368073,
        "min": 2.37548160553,
        "var": 26.2982311249
    },
    "barkbands_flatness_db": {
        "dmean": 0.0242860335857,
        "dmean2": 0.0353787727654,
        "dvar": 0.000574768288061,
        "dvar2": 0.00109332625289,
        "max": 0.43592196703,
        "mean": 0.12398198992,
        "median": 0.116572357714,
        "min": 0.0222966708243,
        "var": 0.00282983132638
    },
    "barkbands_kurtosis": {
        "dmean": 4.2133641243,
        "dmean2": 6.21398162842,
        "dvar": 101.418632507,
        "dvar2": 189.500869751,
        "max": 583.167358398,
        "mean": 5.94656419754,
        "median": 1.9085214138,
        "min": -1.9696149826,
        "var": 230.033859253
    },
    "barkbands_skewness": {
        "dmean": 0.679716169834,
        "dmean2": 0.98382806778,
        "dvar": 0.647126495838,
        "dvar2": 1.23372232914,
        "max": 20.4275054932,
        "mean": 1.63345992565,
        "median": 1.43020296097,
        "min": -5.10244750977,
        "var": 2.68863487244
    },
    "barkbands_spread": {
        "dmean": 10.2639570236,
        "dmean2": 15.8091917038,
        "dvar": 165.186508179,
        "dvar2": 346.219421387,
        "max": 123.92375946,
        "mean": 29.8105583191,
        "median": 25.5439243317,
        "min": 0.478459924459,
        "var": 388.480560303
    },
    "dissonance": {
        "dmean": 0.0207908730954,
        "dmean2": 0.0340111292899,
        "dvar": 0.000421871518483,
        "dvar2": 0.00108768616337,
        "max": 0.500000059605,
        "mean": 0.453290313482,
        "median": 0.461378693581,
        "min": 0.188471496105,
        "var": 0.00118366687093
    },
    "dynamic_complexity": 3.54287362099,
    "erbbands_crest": {
        "dmean": 2.86852931976,
        "dmean2": 4.54859876633,
        "dvar": 7.08468961716,
        "dvar2": 16.5979099274,
        "max": 32.3720970154,
        "mean": 9.71395874023,
        "median": 8.62753677368,
        "min": 2.18848180771,
        "var": 22.8920993805
    },
    "erbbands_flatness_db": {
        "dmean": 0.0225695017725,
        "dmean2": 0.0325537696481,
        "dvar": 0.000471525068861,
        "dvar2": 0.000871722062584,
        "max": 0.322239011526,
        "mean": 0.140234068036,
        "median": 0.135587871075,
        "min": 0.0349796824157,
        "var": 0.00191429315601
    },
    "erbbands_kurtosis": {
        "dmean": 1.44698774815,
        "dmean2": 2.24821710587,
        "dvar": 7.93080949783,
        "dvar2": 15.9471302032,
        "max": 112.571548462,
        "mean": 0.988963961601,
        "median": -0.189401507378,
        "min": -1.89076638222,
        "var": 18.1727581024
    },
    "erbbands_skewness": {
        "dmean": 0.468081951141,
        "dmean2": 0.690672338009,
        "dvar": 0.268677204847,
        "dvar2": 0.533952653408,
        "max": 8.531873703,
        "mean": 0.488101363182,
        "median": 0.437823593616,
        "min": -5.45739078522,
        "var": 1.19103252888
    },
    "erbbands_spread": {
        "dmean": 15.4169406891,
        "dmean2": 23.6091156006,
        "dvar": 322.960845947,
        "dvar2": 688.809814453,
        "max": 203.22164917,
        "mean": 50.3677482605,
        "median": 44.149105072,
        "min": 2.38695716858,
        "var": 732.840393066
    },
    "hfc": {
        "dmean": 14.635638237,
        "dmean2": 22.5168075562,
        "dvar": 529.227600098,
        "dvar2": 1216.09606934,
        "max": 289.437225342,
        "mean": 27.8864574432,
        "median": 18.0949516296,
        "min": 1.0691372283e-16,
        "var": 855.25793457
    },
    "melbands_crest": {
        "dmean": 3.64137101173,
        "dmean2": 5.36017942429,
        "dvar": 10.4850111008,
        "dvar2": 21.1249504089,
        "max": 34.9659767151,
        "mean": 15.2746725082,
        "median": 14.3598327637,
        "min": 1.49759209156,
        "var": 44.4122772217
    },
    "melbands_flatness_db": {
        "dmean": 0.0306741148233,
        "dmean2": 0.0434471145272,
        "dvar": 0.00104402471334,
        "dvar2": 0.00185357849114,
        "max": 0.575998008251,
        "mean": 0.183978423476,
        "median": 0.176521867514,
        "min": 0.00308123533614,
        "var": 0.00594774074852
    },
    "melbands_kurtosis": {
        "dmean": 12.1695709229,
        "dmean2": 18.6086921692,
        "dvar": 654.90045166,
        "dvar2": 1340.34887695,
        "max": 1064.84362793,
        "mean": 21.4194850922,
        "median": 9.62443256378,
        "min": -1.9497127533,
        "var": 1491.56494141
    },
    "melbands_skewness": {
        "dmean": 1.0070939064,
        "dmean2": 1.5161062479,
        "dvar": 1.54252445698,
        "dvar2": 3.26884555817,
        "max": 24.062833786,
        "mean": 3.12269115448,
        "median": 2.63281583786,
        "min": -1.3061273098,
        "var": 5.04280185699
    },
    "melbands_spread": {
        "dmean": 11.3273382187,
        "dmean2": 17.1537952423,
        "dvar": 422.657287598,
        "dvar2": 845.015197754,
        "max": 290.304656982,
        "mean": 31.5303611755,
        "median": 21.3278388977,
        "min": 0.310430884361,
        "var": 1120.50842285
    },
    "pitch_salience": {
        "dmean": 0.074970126152,
        "dmean2": 0.112485304475,
        "dvar": 0.00495114549994,
        "dvar2": 0.0102841835469,
        "max": 0.90259552002,
        "mean": 0.529023885727,
        "median": 0.541855335236,
        "min": 0.073439233005,
        "var": 0.0169982071966
    },
    "silence_rate_20dB": {
        "dmean": 0,
        "dmean2": 0,
        "dvar": 0,
        "dvar2": 0,
        "max": 1,
        "mean": 1,
        "median": 1,
        "min": 1,
        "var": 0
    },
    "silence_rate_30dB": {
        "dmean": 0,
        "dmean2": 0,
        "dvar": 0,
        "dvar2": 0,
        "max": 1,
        "mean": 1,
        "median": 1,
        "min": 1,
        "var": 0
    },
    "silence_rate_60dB": {
        "dmean": 0.0293838046491,
        "dmean2": 0.0587726868689,
        "dvar": 0.0285193752497,
        "dvar2": 0.0658741593361,
        "max": 1,
        "mean": 0.111908055842,
        "median": 0,
        "min": 0,
        "var": 0.0993742123246
    },
    "spectral_centroid": {
        "dmean": 336.666320801,
        "dmean2": 506.661376953,
        "dvar": 202698.875,
        "dvar2": 401395.21875,
        "max": 11623.421875,
        "mean": 1613.72644043,
        "median": 1405.40112305,
        "min": 188.220855713,
        "var": 1489921.625
    },
    "spectral_complexity": {
        "dmean": 3.17708063126,
        "dmean2": 4.98703527451,
        "dvar": 15.6416740417,
        "dvar2": 35.6440544128,
        "max": 49,
        "mean": 14.1320428848,
        "median": 13,
        "min": 0,
        "var": 71.5073471069
    },
    "spectral_decrease": {
        "dmean": 2.29103336302e-09,
        "dmean2": 3.54050366802e-09,
        "dvar": 1.1562888122e-17,
        "dvar2": 2.81768322318e-17,
        "max": 2.60396417392e-28,
        "mean": -6.01099747755e-09,
        "median": -4.7076178511e-09,
        "min": -3.17530712834e-08,
        "var": 2.68876679384e-17
    },
    "spectral_energy": {
        "dmean": 0.00960678048432,
        "dmean2": 0.0148977637291,
        "dvar": 0.000189597703866,
        "dvar2": 0.000463556440081,
        "max": 0.123999938369,
        "mean": 0.0252162795514,
        "median": 0.0204216372222,
        "min": 1.00661603992e-20,
        "var": 0.000434655928984
    },
    "spectral_energyband_high": {
        "dmean": 0.00134468823671,
        "dmean2": 0.00212496030144,
        "dvar": 6.06822413829e-06,
        "dvar2": 1.39440662679e-05,
        "max": 0.0340949743986,
        "mean": 0.00185114576016,
        "median": 0.0008216885617,
        "min": 7.25822230064e-21,
        "var": 7.97600841906e-06
    },
    "spectral_energyband_low": {
        "dmean": 0.00400702562183,
        "dmean2": 0.0057040527463,
        "dvar": 6.21254730504e-05,
        "dvar2": 0.000122560071759,
        "max": 0.0614191889763,
        "mean": 0.00772067438811,
        "median": 0.00160007318482,
        "min": 1.47876914953e-23,
        "var": 0.000165658886544
    },
    "spectral_energyband_middle_high": {
        "dmean": 0.00142160407268,
        "dmean2": 0.00205332483165,
        "dvar": 5.59804129807e-06,
        "dvar2": 1.11239578473e-05,
        "max": 0.0406119897962,
        "mean": 0.00430120481178,
        "median": 0.00197725044563,
        "min": 1.1198550261e-21,
        "var": 2.86655595119e-05
    },
    "spectral_energyband_middle_low": {
        "dmean": 0.00684724282473,
        "dmean2": 0.011337203905,
        "dvar": 0.000141731405165,
        "dvar2": 0.000383686681744,
        "max": 0.105126835406,
        "mean": 0.0122145498171,
        "median": 0.00787108205259,
        "min": 1.55222885521e-22,
        "var": 0.000172432570253
    },
    "spectral_entropy": {
        "dmean": 0.245289638638,
        "dmean2": 0.364749729633,
        "dvar": 0.0742453634739,
        "dvar2": 0.140703350306,
        "max": 9.82784366608,
        "mean": 7.70168352127,
        "median": 7.69379901886,
        "min": 5.04678583145,
        "var": 0.279817283154
    },
    "spectral_flux": {
        "dmean": 0.0323968604207,
        "dmean2": 0.0496006496251,
        "dvar": 0.00159081281163,
        "dvar2": 0.00261871493421,
        "max": 0.318163782358,
        "mean": 0.0899805650115,
        "median": 0.0772007703781,
        "min": 6.39696906557e-11,
        "var": 0.00371630606242
    },
    "spectral_kurtosis": {
        "dmean": 1.23835456371,
        "dmean2": 1.87516748905,
        "dvar": 2.62712979317,
        "dvar2": 5.21139955521,
        "max": 33.1003646851,
        "mean": 2.86720776558,
        "median": 2.52837252617,
        "min": -1.3629424572,
        "var": 6.16689109802
    },
    "spectral_rms": {
        "dmean": 0.000885890505742,
        "dmean2": 0.00131576810963,
        "dvar": 1.20636445899e-06,
        "dvar2": 2.69413772003e-06,
        "max": 0.0109988888726,
        "mean": 0.00446757767349,
        "median": 0.004463580437,
        "min": 3.13379075294e-12,
        "var": 4.64183403892e-06
    },
    "spectral_rolloff": {
        "dmean": 1172.01757812,
        "dmean2": 1988.33740234,
        "dvar": 4375538,
        "dvar2": 9184010,
        "max": 19573.6816406,
        "mean": 2673.29614258,
        "median": 1356.59179688,
        "min": 64.599609375,
        "var": 10441832
    },
    "spectral_skewness": {
        "dmean": 0.226549983025,
        "dmean2": 0.333713084459,
        "dvar": 0.0771024376154,
        "dvar2": 0.143353417516,
        "max": 5.03511714935,
        "mean": 1.39238905907,
        "median": 1.37911558151,
        "min": -0.596855580807,
        "var": 0.261579483747
    },
    "spectral_spread": {
        "dmean": 1264638.125,
        "dmean2": 1842335.25,
        "dvar": 2.0984332288e+12,
        "dvar2": 3.76493467238e+12,
        "max": 42846556,
        "mean": 7103803.5,
        "median": 6466465,
        "min": 2198251.75,
        "var": 1.51063206298e+13
    },
    "spectral_strongpeak": {
        "dmean": 0.580850541592,
        "dmean2": 0.966812968254,
        "dvar": 1.11518526077,
        "dvar2": 2.7627184391,
        "max": 18.2810096741,
        "mean": 1.08070969582,
        "median": 0.539484918118,
        "min": 0,
        "var": 1.83592450619
    },
    "zerocrossingrate": {
        "dmean": 0.0228779036552,
        "dmean2": 0.0262569971383,
        "dvar": 0.000706438091584,
        "dvar2": 0.000830197008327,
        "max": 0.529296875,
        "mean": 0.0976095423102,
        "median": 0.08056640625,
        "min": 0.00341796875,
        "var": 0.00537681253627
    },
    "barkbands": {
        "dmean": [0.000177168665687, 0.00323296361603, 0.00157411477994, 0.00201907381415, 0.00274603650905, 0.00174313317984, 0.000667558400892, 0.00103263859637, 0.00080733775394, 0.000456718727946, 0.00029364292277, 0.000221443915507, 0.000190276099602, 0.000214588697418, 0.000284934299998, 0.000213831794099, 0.000250700453762, 0.000162463227753, 0.000241941117565, 0.000209685094887, 0.00013813051919, 0.000161997711984, 0.000212682396523, 0.000277750281384, 0.000411891611293, 0.000165987366927, 8.63235709403e-06],
        "dmean2": [0.00023394227901, 0.00392674608156, 0.00286982371472, 0.00380021100864, 0.00474553462118, 0.00267466180958, 0.00099927932024, 0.00154887815006, 0.0012049456127, 0.000701512035448, 0.00043774099322, 0.000338627345627, 0.00030647215317, 0.000336376397172, 0.000454350636574, 0.000331514922436, 0.000386913568946, 0.000258051091805, 0.00037804042222, 0.000316697201924, 0.000224312025239, 0.00026064980193, 0.000335765595082, 0.000442166812718, 0.00067118788138, 0.000267903727945, 1.40219399327e-05],
        "dvar": [1.08769903306e-07, 4.12653280364e-05, 2.26464580919e-05, 4.08738487749e-05, 3.21825464198e-05, 1.03206402855e-05, 3.66372364624e-06, 5.84729878028e-06, 4.66825895273e-06, 1.45002297813e-06, 5.86106239098e-07, 4.9804526725e-07, 3.39753682965e-07, 5.43062014913e-07, 6.44957310669e-07, 3.04018186625e-07, 4.65109422976e-07, 1.37615955964e-07, 3.50636383928e-07, 2.29425978659e-07, 7.33649372364e-08, 1.39052488635e-07, 3.11923059826e-07, 3.47278273694e-07, 6.72202759233e-07, 1.02941832836e-07, 2.80330314517e-10],
        "dvar2": [1.96649367012e-07, 6.1425344029e-05, 6.46848857286e-05, 0.000118214651593, 8.86608031578e-05, 2.31856392929e-05, 7.64387550589e-06, 1.33985395223e-05, 1.00538172774e-05, 3.37103779202e-06, 1.25271412799e-06, 1.11030863081e-06, 7.83064876941e-07, 1.2338812212e-06, 1.54763529281e-06, 6.66049970732e-07, 1.00917714008e-06, 3.32127456204e-07, 8.207749147e-07, 4.84995155148e-07, 1.81680675837e-07, 3.25031948023e-07, 7.46765749682e-07, 7.85454176366e-07, 1.58886575718e-06, 2.21486217811e-07, 6.63063159934e-10],
        "max": [0.00338964909315, 0.0561736822128, 0.0347123406827, 0.0523172095418, 0.067259542644, 0.0590980499983, 0.054751817137, 0.0559837184846, 0.0469152927399, 0.0373870879412, 0.020481551066, 0.0216298680753, 0.0213273856789, 0.0194072853774, 0.0214453246444, 0.0151673620567, 0.0238087307662, 0.0122040761635, 0.0175166148692, 0.0109031358734, 0.00436613336205, 0.00940269697458, 0.0138685610145, 0.0140188829973, 0.0195014420897, 0.00986470002681, 0.000560018466786],
        "mean": [0.00026481776149, 0.00546347489581, 0.00128599023446, 0.00145848910324, 0.00343023589812, 0.00291667785496, 0.00109907984734, 0.00165211164858, 0.00142369628884, 0.00077638856601, 0.00050957989879, 0.0003388991463, 0.000261715322267, 0.00030877199606, 0.000432128144894, 0.000366970081814, 0.000435017078416, 0.000271377066383, 0.000470599945402, 0.00041895385948, 0.000192454594071, 0.000237630752963, 0.00027725964901, 0.000341105478583, 0.000396920571802, 0.000177698078915, 8.19951674202e-06],
        "median": [6.88447835273e-05, 0.000570779899135, 0.000197095840122, 0.000273707875749, 0.00121538026724, 0.000922268023714, 0.000282451801468, 0.00054908299353, 0.000260199041804, 0.000221932859858, 0.000102662175777, 5.81695348956e-05, 4.84896409034e-05, 5.67446986679e-05, 7.61798146414e-05, 7.68696481828e-05, 8.93055112101e-05, 8.86797133717e-05, 0.000131637469167, 0.000116510942462, 6.63155005896e-05, 7.8099044913e-05, 8.74810939422e-05, 0.000120145989058, 0.000120615273772, 4.49291910627e-05, 1.8907659296e-06],
        "min": [5.34975698748e-26, 3.40448898081e-24, 1.46610450046e-24, 7.58067966305e-25, 8.14641747351e-24, 8.12177661427e-24, 4.7016496493e-24, 3.70059817678e-24, 1.82625938061e-23, 1.21455604543e-23, 1.49905470771e-23, 2.17420762433e-23, 2.45887376178e-23, 2.87844647361e-23, 5.31243924689e-23, 5.01067849363e-23, 7.28662235346e-23, 6.80599969617e-23, 1.2081003391e-22, 1.69098910979e-22, 2.88596141503e-22, 3.44390342198e-22, 3.51994986568e-22, 5.69960107201e-22, 8.00573104148e-22, 1.29837942388e-21, 1.85794257154e-21],
        "var": [2.14924213537e-07, 0.000116288363643, 1.39183594001e-05, 2.3129839974e-05, 3.50377122231e-05, 2.47108946496e-05, 9.30221176532e-06, 1.00897705124e-05, 1.21301191029e-05, 3.02983539768e-06, 1.51590427322e-06, 9.54426241151e-07, 5.65407844988e-07, 1.02693229564e-06, 1.22506583011e-06, 7.67499216181e-07, 1.30305602397e-06, 2.91343098979e-07, 1.02314334072e-06, 7.23519065104e-07, 1.07146469475e-07, 1.88560633774e-07, 3.53873673475e-07, 4.8841474154e-07, 7.12072392162e-07, 1.39306990832e-07, 2.91600549263e-10]
    },
    "erbbands": {
        "dmean": [0.139570921659, 0.640218138695, 1.58168232441, 4.6664686203, 7.2941532135, 9.54064464569, 15.1028652191, 13.7134904861, 9.85868740082, 13.8894147873, 19.9253997803, 20.6170291901, 14.7603816986, 12.4084968567, 11.266409874, 7.68405675888, 9.13566207886, 7.85497665405, 14.8339452744, 11.5639419556, 10.3710594177, 13.1916389465, 8.26116371155, 9.49903106689, 12.1898021698, 9.82366371155, 5.81871652603, 5.45346450806, 5.60178852081, 6.52409934998, 5.78436326981, 5.57816982269, 5.57115936279, 4.85595989227, 2.22236800194, 0.79489916563, 0.32461553812, 0.0516114421189, 0.00107303727418, 4.74082225992e-05],
        "dmean2": [0.163746386766, 0.824644088745, 2.78106164932, 8.69607257843, 13.5465106964, 16.3857975006, 23.7314739227, 20.8416252136, 14.56361866, 21.6317825317, 29.262014389, 30.280456543, 22.4884719849, 18.2928524017, 16.4766292572, 11.5957841873, 14.5142974854, 12.2671957016, 23.2363357544, 17.7167034149, 15.6968727112, 20.236164093, 12.9361181259, 15.0837926865, 18.5881557465, 14.8799409866, 9.25627613068, 8.88178730011, 9.1928319931, 10.3965835571, 9.12077140808, 8.91392707825, 8.88328266144, 7.83020210266, 3.63850569725, 1.27945780754, 0.533170759678, 0.0824763327837, 0.00170494848862, 7.46055520722e-05],
        "dvar": [0.0799703001976, 1.77704751492, 20.7514209747, 208.482299805, 480.350921631, 354.476623535, 933.812011719, 749.26159668, 872.897216797, 977.418518066, 2684.21191406, 2781.32250977, 1554.81750488, 1160.88757324, 870.272583008, 612.386962891, 703.591308594, 644.886474609, 1965.66479492, 983.977416992, 721.667602539, 1265.25061035, 423.438049316, 504.955230713, 1016.40905762, 517.895019531, 132.67326355, 125.589103699, 159.592498779, 332.256011963, 216.169448853, 141.874893188, 142.943450928, 106.624214172, 18.632019043, 2.60712790489, 0.384675830603, 0.00894145015627, 3.82210237149e-06, 5.91779247827e-09],
        "dvar2": [0.106292262673, 3.30830740929, 57.7407264709, 598.936828613, 1387.5534668, 956.485595703, 2080.7175293, 1663.08886719, 1792.70031738, 2377.22949219, 5895.09619141, 5923.00976562, 3590.86230469, 2540.14941406, 1882.45324707, 1378.63220215, 1626.12475586, 1458.47521973, 4704.984375, 2229.75805664, 1518.40466309, 2795.0246582, 1002.89587402, 1267.3939209, 2293.22045898, 1120.47290039, 316.469940186, 314.884155273, 392.881408691, 779.314147949, 513.548034668, 320.349029541, 332.028381348, 251.307846069, 43.2558097839, 5.53786373138, 0.887837469578, 0.0203833319247, 8.65779838932e-06, 1.38274094397e-08],
        "max": [2.39308977127, 12.6613025665, 37.072971344, 120.957084656, 163.111953735, 296.531585693, 563.661560059, 519.446655273, 823.382324219, 781.698425293, 1436.65234375, 1426.59863281, 981.945251465, 918.690002441, 919.420166016, 671.624694824, 948.219238281, 852.752319336, 1140.0246582, 993.552246094, 979.865539551, 907.635375977, 837.597106934, 811.704223633, 621.234436035, 753.346618652, 355.585601807, 177.272399902, 258.813537598, 492.942138672, 373.069213867, 320.065917969, 359.491973877, 320.479614258, 81.2958297729, 53.3568496704, 15.53262043, 2.73011064529, 0.0561750605702, 0.00149383558892],
        "mean": [0.217112571001, 0.995875120163, 1.42143952847, 3.56002259254, 5.92497777939, 12.0700759888, 23.7052173615, 23.7199115753, 17.3908004761, 23.6458187103, 31.878446579, 37.7490386963, 24.4768695831, 22.3665428162, 21.61236763, 13.1765756607, 13.891825676, 12.3665313721, 23.4525718689, 20.3045139313, 20.5549163818, 24.3288116455, 15.3691492081, 17.9030418396, 25.2956848145, 20.136133194, 10.2842731476, 7.33301973343, 8.18258857727, 8.74785518646, 7.51856565475, 6.89431238174, 6.38684415817, 4.85800600052, 2.17867660522, 0.855961859226, 0.322994172573, 0.0526029989123, 0.00111118238419, 7.03754412825e-05],
        "median": [0.0157861299813, 0.130463033915, 0.342638075352, 0.72261595726, 1.62821495533, 4.25161123276, 7.57568597794, 7.07995510101, 4.92858123779, 9.66947460175, 11.0927219391, 7.93198776245, 7.97966003418, 5.99357366562, 5.05940723419, 2.8784866333, 3.20648741722, 3.11337351799, 4.86309146881, 4.95140504837, 4.81940317154, 6.04669046402, 5.20198822021, 6.22180128098, 6.45360517502, 5.72078704834, 3.84209704399, 2.46757912636, 2.72640442848, 2.69968318939, 2.40548586845, 2.3731045723, 2.14883518219, 1.53354549408, 0.640566587448, 0.222173586488, 0.0790845304728, 0.0123939272016, 0.000287822738755, 4.25127909693e-05],
        "min": [7.69173650708e-23, 4.19445875626e-22, 2.13169068473e-21, 4.68106153457e-21, 1.2585975496e-20, 2.90422176027e-20, 2.82594688675e-20, 9.40087987357e-20, 7.62263219586e-20, 5.37533886039e-20, 2.95917194997e-19, 4.54533678646e-19, 3.69327251313e-19, 5.70064702332e-19, 1.03752178558e-18, 1.15737963595e-18, 1.27020179823e-18, 2.02862343595e-18, 2.67158906493e-18, 2.57726752084e-18, 4.17561393602e-18, 4.23338174846e-18, 5.32733224447e-18, 5.57675987278e-18, 7.44508459822e-18, 8.1080218827e-18, 9.47660626824e-18, 1.0708785262e-17, 1.12677310543e-17, 1.25012095488e-17, 1.05494785479e-17, 1.00917573287e-17, 1.03166743547e-17, 7.87905663479e-18, 5.90692239684e-18, 4.17048996572e-18, 2.01235010497e-18, 1.0223445723e-18, 2.2051681288e-19, 2.76023094137e-20],
        "var": [0.213321521878, 3.89400172234, 13.9533758163, 121.645965576, 283.713348389, 439.006469727, 1840.02416992, 1863.60400391, 2312.01855469, 1788.25891113, 4244.76611328, 8641.01464844, 2777.74633789, 3065.96313477, 2558.328125, 1263.2376709, 1307.83447266, 1456.58618164, 3403.2097168, 2096.87353516, 2302.99267578, 3596.45532227, 995.481750488, 1182.89489746, 3331.12939453, 1609.1439209, 344.800689697, 155.312911987, 211.073928833, 393.074493408, 247.800613403, 186.393341064, 189.862686157, 122.11365509, 19.3500080109, 3.59796571732, 0.450048595667, 0.0102114761248, 4.4534922381e-06, 7.39888106338e-09]
    },
    "gfcc": {
        "mean": [-11.0570440292, 48.5331192017, -95.554725647, 23.5215263367, -72.5089950562, 6.32417154312, -48.7607803345, 17.0135803223, -27.872592926, 5.54117202759, -19.2378864288, 4.41915416718, -9.41715621948],
        "cov": [[19718.0507812, 16.9797058105, -1403.04992676, 391.203521729, -686.78692627, 370.479003906, -301.875396729, 386.247436523, -257.119537354, 305.809875488, -56.8893661499, 106.12828064, -64.4006118774], [16.9797058105, 1476.26550293, 54.5459709167, 4.38037872314, 279.22567749, 46.1558952332, 190.729064941, 98.1779327393, 106.890808105, -10.726937294, 136.079330444, -39.6413612366, 26.8438625336], [-1403.04992676, 54.5459709167, 1571.2668457, 333.15838623, 228.596908569, 222.113494873, 77.4321594238, 40.869140625, 43.9257125854, -8.31566143036, -102.879966736, 10.0510473251, -106.932235718], [391.203521729, 4.38037872314, 333.15838623, 502.561706543, 165.421600342, 108.0965271, 60.985912323, 66.6381607056, 85.7521209717, 11.2575941086, -32.0264167786, 3.73804616928, -10.1555213928], [-686.78692627, 279.22567749, 228.596908569, 165.421600342, 520.906677246, 171.985794067, 176.083190918, 120.186569214, 109.672607422, 59.8808479309, 6.0520825386, 6.62251472473, 5.34852743149], [370.479003906, 46.1558952332, 222.113494873, 108.0965271, 171.985794067, 318.140106201, 178.221542358, 68.8377304077, 50.7511825562, 78.0085372925, 28.6032218933, 3.96148180962, -21.6085472107], [-301.875396729, 190.729064941, 77.4321594238, 60.985912323, 176.083190918, 178.221542358, 285.061340332, 105.348854065, 75.3410797119, 69.5683059692, 71.7099990845, 9.95626735687, 6.71187782288], [386.247436523, 98.1779327393, 40.869140625, 66.6381607056, 120.186569214, 68.8377304077, 105.348854065, 203.543746948, 105.630737305, 33.4310340881, 23.4569339752, 21.362033844, 24.897064209], [-257.119537354, 106.890808105, 43.9257125854, 85.7521209717, 109.672607422, 50.7511825562, 75.3410797119, 105.630737305, 190.986602783, 65.0358428955, 41.6534919739, 37.4782905579, 31.1306762695], [305.809875488, -10.726937294, -8.31566143036, 11.2575941086, 59.8808479309, 78.0085372925, 69.5683059692, 33.4310340881, 65.0358428955, 145.729232788, 71.2408370972, 19.3178710938, 2.95828199387], [-56.8893661499, 136.079330444, -102.879966736, -32.0264167786, 6.0520825386, 28.6032218933, 71.7099990845, 23.4569339752, 41.6534919739, 71.2408370972, 163.606491089, 40.1293411255, 35.8614845276], [106.12828064, -39.6413612366, 10.0510473251, 3.73804616928, 6.62251472473, 3.96148180962, 9.95626735687, 21.362033844, 37.4782905579, 19.3178710938, 40.1293411255, 122.382537842, 52.1527938843], [-64.4006118774, 26.8438625336, -106.932235718, -10.1555213928, 5.34852743149, -21.6085472107, 6.71187782288, 24.897064209, 31.1306762695, 2.95828199387, 35.8614845276, 52.1527938843, 110.774391174]],
        "icov": [[0.000143680314068, -0.000200100796064, 0.000235076426179, -0.00032119647949, 0.000382146943593, -0.000480867398437, 0.000513050472364, -0.000725615595002, 0.000707171100657, -0.000735228182748, 0.000452560867416, -0.000472971616546, 0.000246310431976], [-0.000200100796064, 0.00127166858874, -0.000414544076193, 0.000628590991255, -0.00106531183701, 0.000936669064686, -0.00109022855759, 0.00106018630322, -0.00146267027594, 0.00201900093816, -0.00182921346277, 0.00144640228245, -0.000436763162725], [0.000235076426179, -0.000414544076193, 0.00129431055393, -0.000944929837715, 0.000497656932566, -0.00128734181635, 0.000949062232394, -0.00111032661516, 0.00112069991883, -0.00103144778404, 0.00123319285922, -0.0014230357483, 0.00130014878232], [-0.00032119647949, 0.000628590991255, -0.000944929837715, 0.00340817472897, -0.00134359952062, 0.000654772913549, -0.00103140494321, 0.00154935359024, -0.00265836785547, 0.00217417022213, -0.000846446724609, 0.00137412140612, -0.000715796370059], [0.000382146943593, -0.00106531183701, 0.000497656932566, -0.00134359952062, 0.00425024330616, -0.00194483040832, 0.000469087011879, -0.00245216977783, 0.00149272626732, -0.00284180650488, 0.00254130829126, -0.00141217268538, 0.000274206104223], [-0.000480867398437, 0.000936669064686, -0.00128734181635, 0.000654772913549, -0.00194483040832, 0.00770510779694, -0.00482532242313, 0.00232687196694, -0.00167481752578, 0.000570273143239, -0.00128756766208, 0.00157538149506, -0.000192311446881], [0.000513050472364, -0.00109022855759, 0.000949062232394, -0.00103140494321, 0.000469087011879, -0.00482532242313, 0.00929690152407, -0.00455743633211, 0.00255282945, -0.00279425806366, -0.000449124054285, -0.00129036593717, 0.000991248409264], [-0.000725615595002, 0.00106018630322, -0.00111032661516, 0.00154935359024, -0.00245216977783, 0.00232687196694, -0.00455743633211, 0.0117014823481, -0.00715591432527, 0.0044648447074, -0.00177667022217, 0.00233278074302, -0.00202140049078], [0.000707171100657, -0.00146267027594, 0.00112069991883, -0.00265836785547, 0.00149272626732, -0.00167481752578, 0.00255282945, -0.00715591432527, 0.0131099130958, -0.00717400293797, 0.00248448411003, -0.00385536602698, 0.000176697969437], [-0.000735228182748, 0.00201900093816, -0.00103144778404, 0.00217417022213, -0.00284180650488, 0.000570273143239, -0.00279425806366, 0.0044648447074, -0.00717400293797, 0.0159683059901, -0.00747724063694, 0.00286725093611, 0.000361599493772], [0.000452560867416, -0.00182921346277, 0.00123319285922, -0.000846446724609, 0.00254130829126, -0.00128756766208, -0.000449124054285, -0.00177667022217, 0.00248448411003, -0.00747724063694, 0.0128219118342, -0.00426688045263, -0.000768706726376], [-0.000472971616546, 0.00144640228245, -0.0014230357483, 0.00137412140612, -0.00141217268538, 0.00157538149506, -0.00129036593717, 0.00233278074302, -0.00385536602698, 0.00286725093611, -0.00426688045263, 0.0134927164763, -0.00590797374025], [0.000246310431976, -0.000436763162725, 0.00130014878232, -0.000715796370059, 0.000274206104223, -0.000192311446881, 0.000991248409264, -0.00202140049078, 0.000176697969437, 0.000361599493772, -0.000768706726376, -0.00590797374025, 0.0137803601101]]
    },
    "melbands": {
        "dmean": [0.00103667459916, 0.000751686748117, 0.00088434794452, 0.000579520186875, 0.000504216121044, 0.000306852714857, 0.000141982061905, 0.000177358218934, 0.000155874702614, 0.000129051026306, 7.42895863368e-05, 5.28640157427e-05, 3.8349226088e-05, 2.51698766078e-05, 2.13185667235e-05, 1.88135181816e-05, 1.63738204719e-05, 2.55224185821e-05, 2.19613284571e-05, 1.57493650477e-05, 1.36800590553e-05, 1.70057301148e-05, 1.10004593807e-05, 5.81559561397e-06, 8.67498329171e-06, 9.96039216261e-06, 9.03941872821e-06, 7.10385575076e-06, 4.08283585784e-06, 3.38224936058e-06, 3.20389813169e-06, 3.14192925543e-06, 3.38359905072e-06, 3.87127056456e-06, 3.39850475939e-06, 3.34537776325e-06, 3.64375523532e-06, 3.75584636458e-06, 5.68702034798e-06, 3.46082151736e-06],
        "dmean2": [0.0012268377468, 0.00116153620183, 0.00164294033311, 0.00103649136145, 0.00080423313193, 0.000465774326585, 0.000210268161027, 0.000273794808891, 0.000228681165027, 0.000190277685761, 0.000113958762086, 7.81467970228e-05, 5.57617822778e-05, 3.73253678845e-05, 3.28468740918e-05, 3.01383315673e-05, 2.57920328295e-05, 3.99498894694e-05, 3.423385715e-05, 2.3849948775e-05, 2.0847437554e-05, 2.64151894953e-05, 1.74675824383e-05, 9.00208488019e-06, 1.40565980473e-05, 1.53848541231e-05, 1.40641050166e-05, 1.1011141396e-05, 6.55539361105e-06, 5.5688460634e-06, 5.22318805452e-06, 5.20855428476e-06, 5.44590193385e-06, 6.17114665147e-06, 5.430985766e-06, 5.2295677051e-06, 5.91743582845e-06, 5.98673159402e-06, 9.57942120294e-06, 5.50728691451e-06],
        "dvar": [4.23985375164e-06, 3.1932697766e-06, 7.45150282455e-06, 1.98625730263e-06, 9.30347198391e-07, 3.4342903632e-07, 1.69587295318e-07, 1.52099516981e-07, 1.50994239334e-07, 1.20255975844e-07, 4.20456345296e-08, 2.12013677725e-08, 9.5633465591e-09, 6.66531230209e-09, 4.88564921852e-09, 3.34613248221e-09, 3.18360271478e-09, 7.0016379361e-09, 4.29127000601e-09, 1.86213866549e-09, 1.50735257609e-09, 2.36476505044e-09, 8.11688438684e-10, 2.03030384172e-10, 4.69335459385e-10, 7.99559474185e-10, 5.69259361871e-10, 2.94601010253e-10, 7.69758701225e-11, 4.44884996897e-11, 4.41716038746e-11, 4.68047475777e-11, 7.05228028752e-11, 1.2871345656e-10, 8.43241171333e-11, 5.67039158683e-11, 6.28470608888e-11, 7.19778611713e-11, 1.59087770735e-10, 5.68100670673e-11],
        "dvar2": [5.92193782722e-06, 8.16471947473e-06, 2.13755774894e-05, 5.64408082937e-06, 2.14977171709e-06, 7.6428614193e-07, 3.5081697547e-07, 3.70136206129e-07, 3.2674324757e-07, 2.54226364405e-07, 9.75447491669e-08, 4.67892640188e-08, 2.04317647245e-08, 1.4466973397e-08, 1.07003916838e-08, 7.82953168965e-09, 7.37508853987e-09, 1.63654423346e-08, 9.89228876591e-09, 4.01900379643e-09, 3.21226201194e-09, 5.23821386267e-09, 1.87855753175e-09, 4.59661725349e-10, 1.20771193046e-09, 1.83843951174e-09, 1.31061783648e-09, 6.64500565684e-10, 1.85411602738e-10, 1.12525273821e-10, 1.09897813072e-10, 1.18350051981e-10, 1.58415405793e-10, 3.11461800795e-10, 2.10003722745e-10, 1.26044050197e-10, 1.46578554849e-10, 1.71389319403e-10, 3.99402400042e-10, 1.28303090374e-10],
        "max": [0.0181137453765, 0.0153852207586, 0.0217993240803, 0.0126478616148, 0.01580914855, 0.0107348822057, 0.0120976585895, 0.00830220710486, 0.00987142790109, 0.00927876774222, 0.00535794207826, 0.00362703949213, 0.00307661434636, 0.0029979289975, 0.0022929799743, 0.00132433965337, 0.00168672157452, 0.00230322964489, 0.00236098491587, 0.00106970302295, 0.00152834947221, 0.00133731623646, 0.000660359684844, 0.000469295919174, 0.000772768049501, 0.000729365856387, 0.000586637761444, 0.000567782262806, 0.000225816605962, 0.000120340780995, 0.000111493041913, 0.000150716325152, 0.000271811150014, 0.000354588060873, 0.000241661808104, 0.000210837926716, 0.00022084833472, 0.000249425909715, 0.00029459950747, 0.000255239399849],
        "mean": [0.0016929761041, 0.000932172639295, 0.000685391831212, 0.000594196782913, 0.0008211331442, 0.000534749880899, 0.000243704402237, 0.000295815087156, 0.000252423604252, 0.000228096701903, 0.000115264658234, 8.99557926459e-05, 7.26794824004e-05, 3.95421484427e-05, 3.328009916e-05, 2.55963423115e-05, 2.29733905144e-05, 3.7182970118e-05, 3.4007942304e-05, 2.54056449194e-05, 2.40788285737e-05, 2.79737014353e-05, 1.85248427442e-05, 9.69299799181e-06, 1.48238241309e-05, 1.78710597538e-05, 1.71499505086e-05, 1.30118714878e-05, 6.83473899699e-06, 4.66876781502e-06, 4.06088383897e-06, 4.625769634e-06, 4.58918566437e-06, 4.97131395605e-06, 4.25164853368e-06, 4.26283486377e-06, 4.252409326e-06, 4.37023300037e-06, 5.25645509697e-06, 3.59840669262e-06],
        "median": [0.000156846712343, 0.000224446208449, 0.000155853049364, 0.000202856579563, 0.00028697605012, 0.000163113407325, 6.3830135332e-05, 0.000104805447336, 8.46667026053e-05, 3.65280538972e-05, 3.13220152748e-05, 2.15676700464e-05, 1.59713054018e-05, 7.80957361712e-06, 6.35837022855e-06, 4.97124710819e-06, 4.48704122391e-06, 7.13777399142e-06, 6.51889331493e-06, 5.00720216223e-06, 4.87974648422e-06, 5.37884898222e-06, 4.99030238643e-06, 3.17950252793e-06, 4.63876176582e-06, 4.42519058197e-06, 3.80761639462e-06, 3.47893956132e-06, 2.07772177419e-06, 1.70404530309e-06, 1.19309902402e-06, 1.51570975504e-06, 1.46706054238e-06, 1.42107410284e-06, 1.25847191157e-06, 1.35228788167e-06, 1.45108970173e-06, 1.40549764183e-06, 1.4478000594e-06, 1.14066665446e-06],
        "min": [1.14120622018e-24, 1.83018648797e-24, 9.6860266526e-25, 1.95553944403e-24, 9.66513662976e-25, 2.02509291562e-24, 1.3086105901e-24, 4.7475537612e-25, 1.76137158741e-24, 2.76327167705e-24, 1.69289037501e-24, 2.22402470325e-24, 3.23447367852e-24, 2.9669817924e-24, 1.83879789082e-24, 2.77159593453e-24, 2.99077048464e-24, 2.25856616128e-24, 3.76979705539e-24, 2.82716625492e-24, 3.86311772275e-24, 3.50270019136e-24, 5.78293182576e-24, 3.78499958832e-24, 3.98165787883e-24, 4.85153124914e-24, 4.64900265021e-24, 4.13732064581e-24, 4.65831081446e-24, 5.97935700787e-24, 5.8509383411e-24, 5.58029633617e-24, 6.02422110527e-24, 5.86488540191e-24, 5.24079860713e-24, 5.94893458706e-24, 5.24864658984e-24, 5.84514810206e-24, 5.6487714349e-24, 5.60958279728e-24],
        "var": [1.18866364573e-05, 3.50701634488e-06, 4.34793446402e-06, 1.45675994645e-06, 1.90341540929e-06, 8.67614630806e-07, 4.60265624724e-07, 2.82634800897e-07, 2.61527532075e-07, 3.49693266344e-07, 7.28029121433e-08, 5.34404307473e-08, 2.9291189918e-08, 1.24015011593e-08, 9.83267600674e-09, 5.32851807122e-09, 6.66300081775e-09, 1.0779234394e-08, 8.04020938716e-09, 4.07914502176e-09, 4.17320977775e-09, 5.80469405875e-09, 1.96381999551e-09, 4.03894390155e-10, 9.68849334093e-10, 1.87914794836e-09, 1.58479007695e-09, 7.80632225528e-10, 2.00064534384e-10, 6.45142481104e-11, 5.32667451814e-11, 6.49595585656e-11, 9.26270865564e-11, 1.43925302232e-10, 8.89013099248e-11, 7.2619084357e-11, 7.85671527836e-11, 9.4958825525e-11, 1.57116403221e-10, 6.99670113513e-11]
    },
    "mfcc": {
        "mean": [-656.979064941, 87.3327865601, 21.3583202362, 15.0362281799, 1.24527609348, -11.3384895325, -6.08649396896, -2.00679922104, -1.6334233284, 1.55518591404, -4.82850933075, -5.45748138428, -0.248983353376],
        "cov": [[9699.83398438, -47.0371284485, -467.922210693, -57.3408088684, -168.957733154, -47.7164802551, 130.310806274, -10.6190242767, 10.4755706787, 199.462554932, 32.0533981323, 49.9525642395, 179.343948364], [-47.0371284485, 1421.72668457, -17.3806037903, 36.6051368713, 129.577697754, 8.93281459808, 145.38973999, 91.8862762451, 31.0572738647, 78.9935455322, 74.4260559082, 35.2912712097, 35.5457382202], [-467.922210693, -17.3806037903, 1122.39318848, 208.239807129, 176.093688965, 158.487625122, 37.9236984253, 82.5990371704, 53.7210121155, -45.7435760498, 46.813709259, 56.0391387939, -66.5345077515], [-57.3408088684, 36.6051368713, 208.239807129, 383.578338623, 186.322616577, 68.1726989746, 8.50135421753, 83.7907714844, 92.2605895996, 26.5393791199, 11.9837675095, 37.6958656311, 3.15576219559], [-168.957733154, 129.577697754, 176.093688965, 186.322616577, 330.495117188, 102.893959045, 46.3251914978, 92.0354995728, 114.263717651, 42.8418655396, 34.9197845459, 41.4795913696, -3.05655097961], [-47.7164802551, 8.93281459808, 158.487625122, 68.1726989746, 102.893959045, 293.890594482, 130.498596191, 57.526889801, 56.1672706604, 58.0006599426, 60.2488327026, 33.1907157898, 26.0971393585], [130.310806274, 145.38973999, 37.9236984253, 8.50135421753, 46.3251914978, 130.498596191, 251.031616211, 72.4148178101, 35.9713516235, 82.8922348022, 57.7700119019, 8.95206451416, 49.1394271851], [-10.6190242767, 91.8862762451, 82.5990371704, 83.7907714844, 92.0354995728, 57.526889801, 72.4148178101, 185.043731689, 101.240524292, 44.7734565735, 38.8328285217, 35.8390655518, 20.7765960693], [10.4755706787, 31.0572738647, 53.7210121155, 92.2605895996, 114.263717651, 56.1672706604, 35.9713516235, 101.240524292, 180.907928467, 66.7832794189, 26.3056964874, 32.5641326904, 28.6423950195], [199.462554932, 78.9935455322, -45.7435760498, 26.5393791199, 42.8418655396, 58.0006599426, 82.8922348022, 44.7734565735, 66.7832794189, 160.958145142, 69.8100204468, 14.9294586182, 43.9950752258], [32.0533981323, 74.4260559082, 46.813709259, 11.9837675095, 34.9197845459, 60.2488327026, 57.7700119019, 38.8328285217, 26.3056964874, 69.8100204468, 128.493515015, 54.596031189, 24.0501842499], [49.9525642395, 35.2912712097, 56.0391387939, 37.6958656311, 41.4795913696, 33.1907157898, 8.95206451416, 35.8390655518, 32.5641326904, 14.9294586182, 54.596031189, 125.779197693, 54.3013038635], [179.343948364, 35.5457382202, -66.5345077515, 3.15576219559, -3.05655097961, 26.0971393585, 49.1394271851, 20.7765960693, 28.6423950195, 43.9950752258, 24.0501842499, 54.3013038635, 123.246734619]],
