{
"lowlevel": {
    "average_loudness": 0.924815177917,
    "barkbands_crest": {
        "dmean": 2.8484787941,
        "dmean2": 4.54044246674,
        "dvar": 7.27178668976,
        "dvar2": 17.2254219055,
        "max": 26.5428066254,
        "mean": 10.5398416519,
        "median": 9.69132423401,
        "min": 2.70809912682,
        "var": 19.7437419891
    },
    "barkbands_flatness_db": {
        "dmean": 0.0263070482761,
        "dmean2": 0.0400528535247,
        "dvar": 0.000738026574254,
        "dvar2": 0.00172553595621,
        "max": 0.442814648151,
        "mean": 0.143083840609,
        "median": 0.136543676257,
        "min": 0.0244860351086,
        "var": 0.00307106925175
    },
    "barkbands_kurtosis": {
        "dmean": 3.79587602615,
        "dmean2": 6.0852766037,
        "dvar": 59.5429840088,
        "dvar2": 143.207946777,
        "max": 282.066741943,
        "mean": 4.67940998077,
        "median": 1.6501660347,
        "min": -1.9345189333,
        "var": 96.3275756836
    },
    "barkbands_skewness": {
        "dmean": 0.676391661167,
        "dmean2": 1.02483260632,
        "dvar": 0.641378939152,
        "dvar2": 1.43955111504,
        "max": 14.2009630203,
        "mean": 1.58166706562,
        "median": 1.35369169712,
        "min": -3.97040867805,
        "var": 1.94282925129
    },
    "barkbands_spread": {
        "dmean": 7.07014894485,
        "dmean2": 10.9576148987,
        "dvar": 86.8022994995,
        "dvar2": 203.23008728,
        "max": 122.386405945,
        "mean": 22.1683349609,
        "median": 19.6022396088,
        "min": 0.546848416328,
        "var": 191.787307739
    },
    "dissonance": {
        "dmean": 0.0201282389462,
        "dmean2": 0.0333443395793,
        "dvar": 0.000439204653958,
        "dvar2": 0.00115710543469,
        "max": 0.500000119209,
        "mean": 0.460227221251,
        "median": 0.468205869198,
        "min": 0.147563323379,
        "var": 0.000974720052909
    },
    "dynamic_complexity": 4.93524074554,
    "erbbands_crest": {
        "dmean": 2.86559820175,
        "dmean2": 4.58262252808,
        "dvar": 7.4070520401,
        "dvar2": 17.320602417,
        "max": 32.6501693726,
        "mean": 9.52777957916,
        "median": 8.31010055542,
        "min": 2.30987477303,
        "var": 23.9050159454
    },
    "erbbands_flatness_db": {
        "dmean": 0.0236428119242,
        "dmean2": 0.0317921973765,
        "dvar": 0.000636516371742,
        "dvar2": 0.00108400639147,
        "max": 0.436915904284,
        "mean": 0.164153903723,
        "median": 0.165487751365,
        "min": 0.0370431579649,
        "var": 0.003228046
    },
    "erbbands_kurtosis": {
        "dmean": 0.941601634026,
        "dmean2": 1.46953928471,
        "dvar": 2.02717804909,
        "dvar2": 4.63200759888,
        "max": 53.3895721436,
        "mean": 0.445884019136,
        "median": -0.14156460762,
        "min": -1.83029258251,
        "var": 4.61500072479
    },
    "erbbands_skewness": {
        "dmean": 0.388647675514,
        "dmean2": 0.58814895153,
        "dvar": 0.174385204911,
        "dvar2": 0.37071248889,
        "max": 5.76764631271,
        "mean": 0.317022532225,
        "median": 0.29549202323,
        "min": -4.84092283249,
        "var": 0.598617970943
    },
    "erbbands_spread": {
        "dmean": 11.2030134201,
        "dmean2": 16.2858219147,
        "dvar": 196.881759644,
        "dvar2": 402.054870605,
        "max": 195.577835083,
        "mean": 40.4981918335,
        "median": 35.419002533,
        "min": 2.5685608387,
        "var": 522.807373047
    },
    "hfc": {
        "dmean": 8.65226459503,
        "dmean2": 11.9049692154,
        "dvar": 191.226974487,
        "dvar2": 373.059020996,
        "max": 286.320495605,
        "mean": 19.9529361725,
        "median": 11.2017326355,
        "min": 1.09414561137e-16,
        "var": 522.95690918
    },
    "melbands_crest": {
        "dmean": 3.77675938606,
        "dmean2": 5.96298027039,
        "dvar": 13.6717500687,
        "dvar2": 30.652715683,
        "max": 34.8531723022,
        "mean": 14.9120483398,
        "median": 14.1007127762,
        "min": 1.64966166019,
        "var": 36.8342895508
    },
    "melbands_flatness_db": {
        "dmean": 0.0310444738716,
        "dmean2": 0.0472118780017,
        "dvar": 0.00114183290862,
        "dvar2": 0.00260591786355,
        "max": 0.586352527142,
        "mean": 0.198550969362,
        "median": 0.189730167389,
        "min": 0.00345050706528,
        "var": 0.0050006643869
    },
    "melbands_kurtosis": {
        "dmean": 11.8560390472,
        "dmean2": 19.3007926941,
        "dvar": 757.878234863,
        "dvar2": 1957.94689941,
        "max": 659.484375,
        "mean": 16.0868358612,
        "median": 6.50712394714,
        "min": -1.87161898613,
        "var": 950.588500977
    },
    "melbands_skewness": {
        "dmean": 1.02119493484,
        "dmean2": 1.53752887249,
        "dvar": 1.81324803829,
        "dvar2": 4.09121894836,
        "max": 20.4076480865,
        "mean": 2.72776627541,
        "median": 2.2204887867,
        "min": -2.34825372696,
        "var": 4.48826313019
    },
    "melbands_spread": {
        "dmean": 8.54444885254,
        "dmean2": 13.2439403534,
        "dvar": 203.415588379,
        "dvar2": 422.254730225,
        "max": 238.537399292,
        "mean": 24.5564861298,
        "median": 20.1276416779,
        "min": 0.506515562534,
        "var": 526.267944336
    },
    "pitch_salience": {
        "dmean": 0.081865273416,
        "dmean2": 0.131090581417,
        "dvar": 0.0064542288892,
        "dvar2": 0.0157867781818,
        "max": 0.897433638573,
        "mean": 0.527107059956,
        "median": 0.533313989639,
        "min": 0.073316693306,
        "var": 0.0157603565603
    },
    "silence_rate_20dB": {
        "dmean": 0,
        "dmean2": 0,
        "dvar": 0,
        "dvar2": 0,
        "max": 1,
        "mean": 1,
        "median": 1,
        "min": 1,
        "var": 0
    },
    "silence_rate_30dB": {
        "dmean": 0.0182511024177,
        "dmean2": 0.0365058667958,
        "dvar": 0.017919216305,
        "dvar2": 0.0482143573463,
        "max": 1,
        "mean": 0.988067805767,
        "median": 1,
        "min": 0,
        "var": 0.0117908185348
    },
    "silence_rate_60dB": {
        "dmean": 0.0465302839875,
        "dmean2": 0.0930699035525,
        "dvar": 0.0443670041859,
        "dvar2": 0.092033430934,
        "max": 1,
        "mean": 0.187606543303,
        "median": 0,
        "min": 0,
        "var": 0.152413576841
    },
    "spectral_centroid": {
        "dmean": 281.141662598,
        "dmean2": 435.58706665,
        "dvar": 130485.625,
        "dvar2": 281722.75,
        "max": 11490.6357422,
        "mean": 1372.63220215,
        "median": 1225.28234863,
        "min": 138.65435791,
        "var": 1229851.625
    },
    "spectral_complexity": {
        "dmean": 3.23926997185,
        "dmean2": 4.80934715271,
        "dvar": 16.920627594,
        "dvar2": 31.7463321686,
        "max": 55,
        "mean": 14.1937227249,
        "median": 13,
        "min": 0,
        "var": 92.915763855
    },
    "spectral_decrease": {
        "dmean": 3.17483883627e-09,
        "dmean2": 5.03925212669e-09,
        "dvar": 3.75293762974e-17,
        "dvar2": 9.25853929033e-17,
        "max": 7.34397443454e-23,
        "mean": -5.99568350523e-09,
        "median": -4.07362499288e-09,
        "min": -7.85532776604e-08,
        "var": 4.78714434426e-17
    },
    "spectral_energy": {
        "dmean": 0.0126280058175,
        "dmean2": 0.019856672734,
        "dvar": 0.000571695214603,
        "dvar2": 0.00139270897489,
        "max": 0.301625669003,
        "mean": 0.0244388319552,
        "median": 0.0167452543974,
        "min": 1.010315169e-20,
        "var": 0.000765494594816
    },
    "spectral_energyband_high": {
        "dmean": 0.000549411750399,
        "dmean2": 0.000770932878368,
        "dvar": 1.36424444008e-06,
        "dvar2": 2.71686894848e-06,
        "max": 0.0433431006968,
        "mean": 0.00090846704552,
        "median": 0.000214338069782,
        "min": 7.15668103369e-21,
        "var": 2.58233285422e-06
    },
    "spectral_energyband_low": {
        "dmean": 0.00827436801046,
        "dmean2": 0.0140856709331,
        "dvar": 0.000455124565633,
        "dvar2": 0.00121458515059,
        "max": 0.285347729921,
        "mean": 0.00951920915395,
        "median": 0.00101134891156,
        "min": 1.28086209221e-23,
        "var": 0.000404475664254
    },
    "spectral_energyband_middle_high": {
        "dmean": 0.002009521937,
        "dmean2": 0.00282255373895,
        "dvar": 1.36722728712e-05,
        "dvar2": 2.6803365472e-05,
        "max": 0.0785220712423,
        "mean": 0.00510388612747,
        "median": 0.00216164346784,
        "min": 1.25643070394e-21,
        "var": 6.0435715568e-05
    },
    "spectral_energyband_middle_low": {
        "dmean": 0.00573336100206,
        "dmean2": 0.00867695268244,
        "dvar": 0.000118146570458,
        "dvar2": 0.000237047439441,
        "max": 0.124109461904,
        "mean": 0.0107608688995,
        "median": 0.00652052089572,
        "min": 1.68730809548e-22,
        "var": 0.000197032510187
    },
    "spectral_entropy": {
        "dmean": 0.205814421177,
        "dmean2": 0.299576073885,
        "dvar": 0.0534604676068,
        "dvar2": 0.107383877039,
        "max": 9.82500267029,
        "mean": 7.55523347855,
        "median": 7.5469121933,
        "min": 4.3166437149,
        "var": 0.250060498714
    },
    "spectral_flux": {
        "dmean": 0.035631056875,
        "dmean2": 0.0560779944062,
        "dvar": 0.00232203654014,
        "dvar2": 0.00489393388852,
        "max": 0.507263302803,
        "mean": 0.0818225741386,
        "median": 0.0640851482749,
        "min": 6.42798939077e-11,
        "var": 0.00450701499358
    },
    "spectral_kurtosis": {
        "dmean": 1.88794195652,
        "dmean2": 3.06064176559,
        "dvar": 8.12885761261,
        "dvar2": 21.5386886597,
        "max": 69.4468460083,
        "mean": 4.42488718033,
        "median": 3.73530101776,
        "min": -1.31704747677,
        "var": 14.3438482285
    },
    "spectral_rms": {
        "dmean": 0.00106573395897,
        "dmean2": 0.0015666304389,
        "dvar": 2.48855053542e-06,
        "dvar2": 5.41021108802e-06,
        "max": 0.0171542689204,
        "mean": 0.00415081717074,
        "median": 0.0040418850258,
        "min": 3.13954352966e-12,
        "var": 6.61352714815e-06
    },
    "spectral_rolloff": {
        "dmean": 690.267089844,
        "dmean2": 1178.44262695,
        "dvar": 1900027.5,
        "dvar2": 4391572.5,
        "max": 19681.3476562,
        "mean": 1765.47180176,
        "median": 1291.9921875,
        "min": 64.599609375,
        "var": 5728707
    },
    "spectral_skewness": {
        "dmean": 0.26110035181,
        "dmean2": 0.40732216835,
        "dvar": 0.0849258974195,
        "dvar2": 0.207307636738,
        "max": 6.96477413177,
        "mean": 1.54970061779,
        "median": 1.53632867336,
        "min": -0.341993898153,
        "var": 0.275951623917
    },
    "spectral_spread": {
        "dmean": 914488.25,
        "dmean2": 1253839.75,
        "dvar": 1.92811971379e+12,
        "dvar2": 3.94072005018e+12,
        "max": 48004224,
        "mean": 5382143,
        "median": 4440779.5,
        "min": 899107.125,
        "var": 1.66179236741e+13
    },
    "spectral_strongpeak": {
        "dmean": 0.567004680634,
        "dmean2": 0.918602228165,
        "dvar": 0.933633625507,
        "dvar2": 2.1800069809,
        "max": 11.8954725266,
        "mean": 1.0365613699,
        "median": 0.454650551081,
        "min": 0,
        "var": 2.0421204567
    },
    "zerocrossingrate": {
        "dmean": 0.014472162351,
        "dmean2": 0.0170207954943,
        "dvar": 0.000378572352929,
        "dvar2": 0.000494407722726,
        "max": 0.5263671875,
        "mean": 0.0711527094245,
        "median": 0.05908203125,
        "min": 0.00439453125,
        "var": 0.00363083323464
    },
    "barkbands": {
        "dmean": [9.0797257144e-05, 0.00272087310441, 0.00422905525193, 0.00326380017214, 0.00150286522694, 0.000728524639271, 0.000393259426346, 0.000718264491297, 0.000946336716879, 0.000507042219397, 0.000358522491297, 0.00042233694694, 0.000500429770909, 0.000435004214523, 0.000356494128937, 0.00018016633112, 0.000272646982921, 0.000104409264168, 0.000130007974803, 9.70206383499e-05, 9.92294881144e-05, 8.49360294524e-05, 0.000110430766654, 9.57388037932e-05, 7.90276608313e-05, 0.000131937165861, 8.39324729895e-06],
        "dmean2": [0.000137704773806, 0.00468717236072, 0.00754830613732, 0.00523314485326, 0.00236404454336, 0.00114123430103, 0.000590433075558, 0.00109606632032, 0.00140520511195, 0.000747626589146, 0.00053576589562, 0.000620345643256, 0.000749935628846, 0.000679313903674, 0.000556006736588, 0.000282525928924, 0.000433260283899, 0.000165921068401, 0.000200729511562, 0.000152690161485, 0.000149811268784, 0.000127912906464, 0.000162730546435, 0.000136931441375, 0.00011326992535, 0.000195958215045, 1.3310011127e-05],
        "dvar": [9.63547392985e-08, 5.97524085606e-05, 0.00016313685046, 9.34152267291e-05, 9.3096650744e-06, 2.23289384849e-06, 9.06783952814e-07, 3.04915806737e-06, 6.37524726699e-06, 2.40169060817e-06, 1.32000968733e-06, 2.01395960175e-06, 2.91197216029e-06, 1.5361788428e-06, 1.32440607103e-06, 1.98710353061e-07, 5.63909964058e-07, 5.9542422548e-08, 1.12668203656e-07, 5.17874170214e-08, 8.88052156256e-08, 4.44358043694e-08, 1.70035292513e-07, 6.38520205598e-08, 3.44721655665e-08, 1.29454008402e-07, 5.74092440253e-10],
        "dvar2": [2.07737400615e-07, 0.000164862824022, 0.000451081548817, 0.000196746215806, 2.04847874556e-05, 5.36126890438e-06, 2.01837383429e-06, 6.85711802362e-06, 1.36171520353e-05, 4.9948484957e-06, 2.78630000139e-06, 3.70009502149e-06, 5.91020670981e-06, 3.36582616001e-06, 3.00457668345e-06, 4.78918821045e-07, 1.28359204155e-06, 1.46377146848e-07, 2.71589954082e-07, 1.23948510122e-07, 2.15316575236e-07, 9.83765531259e-08, 3.84819571764e-07, 1.29259476012e-07, 6.99208442256e-08, 2.9742238894e-07, 1.41011957666e-09],
        "max": [0.00411815196276, 0.0851875245571, 0.179193645716, 0.113458015025, 0.0742366313934, 0.0358441844583, 0.0233323480934, 0.0343668833375, 0.0558025278151, 0.038747113198, 0.0377793386579, 0.0632140263915, 0.050398606807, 0.0434160009027, 0.0330850966275, 0.0100694028661, 0.0141746364534, 0.00946669373661, 0.0142641477287, 0.00472027389333, 0.0162080582231, 0.0103472927585, 0.0141791859642, 0.00579694798216, 0.00243174028583, 0.00363277038559, 0.000261443958152],
        "mean": [0.00010127438145, 0.00373714067973, 0.00387540413067, 0.00306762172841, 0.00279463198967, 0.00121336046141, 0.000694568676408, 0.00120389007498, 0.00166510965209, 0.000854355050251, 0.000559242675081, 0.000711722939741, 0.000751762185246, 0.000633406802081, 0.000493515632115, 0.000272698205663, 0.000401829369366, 0.000168190686963, 0.000241697081947, 0.000143709068652, 0.00016687711468, 0.00012994161807, 0.000157690228662, 0.00014059523528, 0.00011024189007, 0.000140395670314, 8.00377893029e-06],
        "median": [2.27702321354e-06, 0.000146937702084, 0.000218522051, 0.000311318552122, 0.001180234598, 0.000449335610028, 0.000197784014745, 0.000274066376733, 0.000273772864603, 0.000161201489391, 0.000104022052255, 0.000105999177322, 0.000111998670036, 0.000121523684356, 0.000118969030154, 8.99402293726e-05, 0.000115207039926, 6.72575915814e-05, 8.24552116683e-05, 3.86673673347e-05, 4.36062437075e-05, 3.06130423269e-05, 2.62918747467e-05, 2.00996528292e-05, 9.7052043202e-06, 2.442638106e-06, 3.31868186265e-08],
        "min": [6.06246508195e-25, 2.65232785706e-24, 1.17742578257e-24, 6.87236638663e-25, 1.14874492998e-23, 8.29460499455e-24, 9.31024289964e-24, 6.42738267038e-24, 8.4214459395e-24, 1.45249140392e-23, 1.1962823981e-23, 2.08014479662e-23, 2.81383561003e-23, 2.6604059505e-23, 3.64919450136e-23, 6.29538265399e-23, 7.07282905746e-23, 7.91224458711e-23, 1.49514523928e-22, 1.52415840741e-22, 2.64390102399e-22, 2.75352643652e-22, 3.90958000502e-22, 5.85038381922e-22, 8.32555872896e-22, 1.28447436834e-21, 1.8482159292e-21],
        "var": [1.0696641084e-07, 6.28880661679e-05, 0.000117090690765, 9.78577954811e-05, 2.37516233028e-05, 4.41149222752e-06, 2.07642096939e-06, 6.58429098621e-06, 1.8707873096e-05, 6.30464728602e-06, 2.451886985e-06, 5.54614598514e-06, 5.8260861806e-06, 3.34393644152e-06, 2.18205468627e-06, 3.05567255054e-07, 8.54086465552e-07, 9.62324691045e-08, 2.41881735974e-07, 7.78537554424e-08, 1.30078248617e-07, 6.89376520313e-08, 2.48873590181e-07, 1.31312503981e-07, 6.33093506508e-08, 1.51042613084e-07, 5.76085790183e-10]
    },
    "erbbands": {
        "dmean": [0.0551927126944, 0.765008449554, 4.14155673981, 8.77054595947, 6.65760135651, 5.65656042099, 7.00360298157, 4.91148948669, 4.96191072464, 8.44694519043, 18.1956768036, 22.0667629242, 13.2770652771, 17.8256969452, 12.8313703537, 16.1159534454, 20.7872428894, 23.1283569336, 22.1111354828, 8.68469905853, 13.2454090118, 11.612203598, 5.65833473206, 5.24501752853, 6.74415779114, 4.64020347595, 2.88085365295, 4.78283452988, 2.92875123024, 3.08882331848, 3.19617295265, 2.40518760681, 1.36460542679, 0.71255594492, 0.704368591309, 0.648095667362, 0.229574382305, 0.0296972505748, 0.0013289549388, 4.40758376499e-05],
        "dmean2": [0.0902420803905, 1.33401417732, 7.33991003036, 14.4422512054, 10.420545578, 8.804936409, 10.9520645142, 7.67099809647, 7.45332956314, 12.8222093582, 27.3914165497, 32.5431747437, 19.2241077423, 26.1702594757, 18.8625068665, 22.8887577057, 30.1962566376, 34.8985977173, 33.812210083, 13.2481021881, 20.4625644684, 18.3196620941, 8.99869823456, 8.11705684662, 10.3976488113, 7.32985401154, 4.47144699097, 7.13331317902, 4.38509511948, 4.58736753464, 4.73854780197, 3.48640465736, 1.94754397869, 1.02507090569, 1.02585411072, 0.967279016972, 0.343325257301, 0.0443984121084, 0.00212576054037, 6.63953105686e-05],
        "dvar": [0.0237129926682, 5.21975517273, 165.001724243, 529.298278809, 273.989807129, 196.063476562, 219.120635986, 122.73777771, 112.237174988, 636.863037109, 1983.37927246, 4163.41796875, 1377.95544434, 3387.23144531, 1391.58789062, 2773.55517578, 4827.81591797, 4104.60888672, 5145.52636719, 554.132446289, 1204.38598633, 737.152404785, 193.643508911, 118.943908691, 408.809753418, 139.470031738, 59.6302566528, 204.204559326, 54.6246490479, 116.935691833, 149.036621094, 47.4927406311, 12.0461397171, 2.70308160782, 3.03937959671, 3.12131786346, 0.403258770704, 0.00649944320321, 1.45539243022e-05, 1.03408437369e-08],
        "dvar2": [0.0611895285547, 14.4146118164, 455.155548096, 1193.40063477, 619.492675781, 404.832855225, 488.742095947, 303.594970703, 235.674682617, 1488.31005859, 4378.98291016, 8632.41503906, 2765.46069336, 7234.68798828, 2957.78295898, 4676.39404297, 9313.02246094, 9003.17480469, 11570.0683594, 1151.07202148, 2777.34106445, 1735.82910156, 463.47366333, 269.236968994, 992.28515625, 340.438995361, 144.353118896, 488.147979736, 123.040969849, 263.417144775, 342.4269104, 100.43788147, 23.9300937653, 5.3610253334, 6.46497869492, 7.1092376709, 0.941929340363, 0.0149310454726, 3.58409924957e-05, 2.38720172518e-08],
        "max": [2.7404897213, 27.4833889008, 184.87322998, 223.126419067, 199.802017212, 352.116027832, 320.970245361, 399.941375732, 287.064605713, 714.300170898, 943.303344727, 1731.77185059, 861.258300781, 1712.86694336, 1305.71740723, 2605.49487305, 2796.40966797, 2557.42333984, 1967.20507812, 1164.40148926, 586.994750977, 530.694152832, 637.598022461, 286.69631958, 1041.94885254, 237.753250122, 412.146850586, 704.296875, 349.608978271, 480.501586914, 390.246368408, 173.315643311, 76.2275009155, 44.0134887695, 24.2266426086, 22.2178649902, 5.5511341095, 0.785964667797, 0.0438427887857, 0.00107108615339],
        "mean": [0.0849497020245, 0.945491313934, 4.03052425385, 8.33481502533, 8.19454574585, 9.92066192627, 12.8148574829, 7.86193561554, 8.41830158234, 14.8811073303, 32.8119392395, 39.904006958, 22.9492225647, 34.1716461182, 24.8086338043, 28.2056026459, 34.3366203308, 38.8414077759, 31.7755031586, 15.3987464905, 20.2045383453, 18.8129825592, 10.0001049042, 10.1281089783, 11.9635095596, 7.00862264633, 4.68521308899, 8.01745700836, 4.59571409225, 4.41000843048, 4.5091509819, 3.48275923729, 1.98350334167, 1.03408336639, 0.921091854572, 0.720178127289, 0.235735952854, 0.0306674465537, 0.00126164371613, 6.12518924754e-05],
        "median": [0.00280718435533, 0.0459504164755, 0.27649602294, 0.895787417889, 2.39186882973, 3.13027405739, 4.43378400803, 2.85587596893, 2.79028129578, 4.57518482208, 9.13849258423, 7.7417345047, 5.67363977432, 6.87443113327, 5.77880001068, 5.37824869156, 6.49517297745, 7.68163776398, 7.17130279541, 5.20344734192, 6.21598339081, 6.37099552155, 4.18948602676, 3.81171751022, 4.08931303024, 2.08153629303, 1.45721948147, 1.83666837215, 1.06829249859, 0.856574594975, 0.714624762535, 0.513367295265, 0.270784884691, 0.121641986072, 0.0584324076772, 0.0184087157249, 0.00331567809917, 0.000314131262712, 2.45833634835e-05, 2.50082957791e-05],
        "min": [6.60071915597e-23, 4.27912940602e-22, 2.00607010129e-21, 4.08462149986e-21, 1.75846416702e-20, 3.06543247619e-20, 5.93721938604e-20, 1.11973604214e-19, 1.39640663129e-19, 1.04175501161e-19, 1.7269998321e-19, 2.64108946818e-19, 5.825415328e-19, 6.20315666051e-19, 1.25789221334e-18, 1.25853162395e-18, 1.52460419415e-18, 1.41609846711e-18, 3.0231267632e-18, 3.38300078768e-18, 3.64418720199e-18, 4.71429380325e-18, 4.87783320062e-18, 6.12086025457e-18, 7.95775046236e-18, 7.18830292066e-18, 1.02189313848e-17, 9.21905862144e-18, 7.84441927382e-18, 1.0685629168e-17, 9.84493656012e-18, 1.08301748441e-17, 9.87230465787e-18, 9.19085341691e-18, 5.71760350209e-18, 3.85712127605e-18, 2.36237819861e-18, 9.10303888911e-19, 2.43000641755e-19, 2.48298940373e-20],
        "var": [0.0323842316866, 4.71136617661, 120.73538208, 515.510864258, 320.693359375, 528.938171387, 600.784790039, 195.744491577, 247.379348755, 1275.4675293, 4773.04541016, 12580.5634766, 3343.6394043, 10400.390625, 3985.68774414, 7203.50878906, 10249.8730469, 12110.1376953, 8555.3125, 1187.38366699, 1836.09924316, 1246.31774902, 338.150695801, 322.740600586, 669.396240234, 188.886032104, 79.5714874268, 324.352966309, 85.2521820068, 156.149536133, 220.537094116, 90.4300460815, 25.065700531, 5.37288856506, 4.9952955246, 3.8287191391, 0.446986466646, 0.0073996023275, 1.44515761349e-05, 1.24105916655e-08]
    },
    "gfcc": {
        "mean": [-51.7476921082, 83.4430236816, -124.383888245, 22.2395019531, -61.3356933594, 10.6212644577, -41.906665802, 4.85868740082, -25.9837284088, -1.28215742111, -20.6594181061, -3.50010538101, -13.1874055862],
        "cov": [[25811.1210938, -129.61038208, -655.180725098, 595.51776123, -773.301269531, 701.325744629, -392.989562988, 209.836990356, -483.328125, 139.722900391, -506.304016113, 23.0432834625, -452.878753662], [-129.61038208, 1876.58398438, -519.320800781, 239.671157837, 302.375366211, -161.210678101, 299.046630859, -51.9977302551, 256.210174561, -67.4563751221, 164.188491821, -119.822242737, 158.445785522], [-655.180725098, -519.320800781, 1749.32897949, 247.661132812, 533.765869141, 371.289245605, 123.274253845, 290.9269104, 39.2699508667, 188.265792847, -152.143081665, 85.5088653564, -144.664215088], [595.51776123, 239.671157837, 247.661132812, 484.007171631, 169.991943359, 129.199981689, 118.928977966, 28.7658481598, 91.8979721069, -15.5217170715, -7.31258058548, -27.8230819702, 2.77844023705], [-773.301269531, 302.375366211, 533.765869141, 169.991943359, 686.93371582, 87.3461914062, 215.997573853, 197.730682373, 108.515434265, 138.096343994, -26.9514427185, 16.2931900024, -34.9772949219], [701.325744629, -161.210678101, 371.289245605, 129.199981689, 87.3461914062, 341.272979736, 92.9872436523, 134.195465088, 13.8655176163, 45.8543014526, -11.828499794, 3.31582641602, -56.1400909424], [-392.989562988, 299.046630859, 123.274253845, 118.928977966, 215.997573853, 92.9872436523, 359.217071533, 108.736175537, 63.5350799561, 15.8069238663, 31.886341095, 15.3225135803, -4.27087783813], [209.836990356, -51.9977302551, 290.9269104, 28.7658481598, 197.730682373, 134.195465088, 108.736175537, 250.037506104, 24.7003288269, 85.7736816406, -15.1124305725, 32.5095214844, -34.369178772], [-483.328125, 256.210174561, 39.2699508667, 91.8979721069, 108.515434265, 13.8655176163, 63.5350799561, 24.7003288269, 212.61076355, 42.6500930786, 42.1738166809, -16.962884903, 41.0888061523], [139.722900391, -67.4563751221, 188.265792847, -15.5217170715, 138.096343994, 45.8543014526, 15.8069238663, 85.7736816406, 42.6500930786, 156.261962891, -0.202950254083, 37.5933647156, -29.1910877228], [-506.304016113, 164.188491821, -152.143081665, -7.31258058548, -26.9514427185, -11.828499794, 31.886341095, -15.1124305725, 42.1738166809, -0.202950254083, 143.756851196, 10.761882782, 53.8710899353], [23.0432834625, -119.822242737, 85.5088653564, -27.8230819702, 16.2931900024, 3.31582641602, 15.3225135803, 32.5095214844, -16.962884903, 37.5933647156, 10.761882782, 116.628562927, 12.0571985245], [-452.878753662, 158.445785522, -144.664215088, 2.77844023705, -34.9772949219, -56.1400909424, -4.27087783813, -34.369178772, 41.0888061523, -29.1910877228, 53.8710899353, 12.0571985245, 127.324279785]],
        "icov": [[7.28337981855e-05, -0.000104672872112, 0.000103494036011, -0.000164975572261, 0.000150698469952, -0.000210450409213, 0.000144949648529, -0.000117928873806, 0.000181058378075, -0.000240465305978, 0.000330443494022, -0.000185350203537, 0.000196324806893], [-0.000104672872112, 0.00133249221835, 0.000213056788198, -9.04394109966e-05, -0.000863124325406, 0.000736562127713, -0.000876236357726, 0.000321710249409, -0.000887894711923, 0.000654395436868, -0.0010415376164, 0.00118357816245, -0.00087618973339], [0.000103494036011, 0.000213056788198, 0.00144754140638, -0.000567189767025, -0.000662669131998, -0.00108714587986, 0.000357699813321, -0.000296930433251, -1.43316619869e-05, -0.000463042233605, 0.00117545074318, -0.000853176112287, 0.000512419966981], [-0.000164975572261, -9.04394109966e-05, -0.000567189767025, 0.00347353238612, -0.000773660547566, -0.000738762202673, -0.000560063286684, 0.00103027420118, -0.00129240716342, 0.00165828422178, -0.000306750152959, 0.000466526253149, -0.000590568524785], [0.000150698469952, -0.000863124325406, -0.000662669131998, -0.000773660547566, 0.00377575214952, 0.000536265317351, -0.000647748180199, -0.0015109195374, 0.000385592575185, -0.00239001493901, 0.00119313609321, 8.81306459632e-06, 0.000540157838259], [-0.000210450409213, 0.000736562127713, -0.00108714587986, -0.000738762202673, 0.000536265317351, 0.00605782447383, -0.00138703326229, -0.00179062562529, -0.00046047513024, 0.000371056405129, -0.00220204214565, 0.00182898074854, 0.000396401272155], [0.000144949648529, -0.000876236357726, 0.000357699813321, -0.000560063286684, -0.000647748180199, -0.00138703326229, 0.0049762763083, -0.00147093762644, 4.94783271279e-05, 0.000994776142761, -3.23261228914e-05, -0.0018948278157, 0.00141017790884], [-0.000117928873806, 0.000321710249409, -0.000296930433251, 0.00103027420118, -0.0015109195374, -0.00179062562529, -0.00147093762644, 0.00767724774778, -0.000231266749324, -0.0014546449529, -3.46357155649e-05, -0.000370035064407, -0.000570408708882], [0.000181058378075, -0.000887894711923, -1.43316619869e-05, -0.00129240716342, 0.000385592575185, -0.00046047513024, 4.94783271279e-05, -0.000231266749324, 0.00775205064565, -0.00347458734177, -0.000144532285049, 0.00121301156469, -0.00174901366699], [-0.000240465305978, 0.000654395436868, -0.000463042233605, 0.00165828422178, -0.00239001493901, 0.000371056405129, 0.000994776142761, -0.0014546449529, -0.00347458734177, 0.0122256008908, -0.00234741624445, -0.00238934834488, 0.00205946224742], [0.000330443494022, -0.0010415376164, 0.00117545074318, -0.000306750152959, 0.00119313609321, -0.00220204214565, -3.23261228914e-05, -3.46357155649e-05, -0.000144532285049, -0.00234741624445, 0.0115431929007, -0.00228334986605, -0.00199915654957], [-0.000185350203537, 0.00118357816245, -0.000853176112287, 0.000466526253149, 8.81306459632e-06, 0.00182898074854, -0.0018948278157, -0.000370035064407, 0.00121301156469, -0.00238934834488, -0.00228334986605, 0.0123933237046, -0.00361304590479], [0.000196324806893, -0.00087618973339, 0.000512419966981, -0.000590568524785, 0.000540157838259, 0.000396401272155, 0.00141017790884, -0.000570408708882, -0.00174901366699, 0.00205946224742, -0.00199915654957, -0.00361304590479, 0.0126787908375]]
    },
    "melbands": {
        "dmean": [0.000602204760071, 0.00177159754094, 0.00144376908429, 0.000382884056307, 0.000240916473558, 0.000115668372018, 7.85972297308e-05, 0.000101069570519, 0.000158171926159, 0.000135232767207, 6.75013288856e-05, 7.42431730032e-05, 4.70502091048e-05, 4.77761859656e-05, 4.4604181312e-05, 4.96538159496e-05, 4.42500277131e-05, 3.62297578249e-05, 1.92661245819e-05, 9.99057738227e-06, 1.90275823115e-05, 1.53487471835e-05, 7.52922642278e-06, 4.5872161536e-06, 4.46128751719e-06, 5.93980394115e-06, 4.41653992311e-06, 2.88982027996e-06, 1.61164871315e-06, 2.48406399805e-06, 3.10048289975e-06, 1.83424742772e-06, 1.42057899666e-06, 1.92628408513e-06, 2.00116369342e-06, 1.61867967563e-06, 1.50943185417e-06, 1.08652511699e-06, 6.56748852634e-07, 6.06153378158e-07],
        "dmean2": [0.00102149578743, 0.00313995941542, 0.00235479976982, 0.000598933896981, 0.000373835966457, 0.000180266972166, 0.000117347073683, 0.000153451401275, 0.000235452345805, 0.000200378563022, 9.76944647846e-05, 0.000109296830487, 6.91153036314e-05, 6.93443143973e-05, 6.47537599434e-05, 7.23449265934e-05, 6.76304625813e-05, 5.5170898122e-05, 2.99670500681e-05, 1.54840727191e-05, 2.97055776173e-05, 2.43520225922e-05, 1.22197106975e-05, 7.33437718736e-06, 6.98404028299e-06, 9.31679824134e-06, 6.89477064952e-06, 4.66113715447e-06, 2.5715476113e-06, 3.822657618e-06, 4.65855100629e-06, 2.78829043054e-06, 2.17435263039e-06, 2.90866842079e-06, 3.01657860291e-06, 2.34848926084e-06, 2.24885889111e-06, 1.59039245773e-06, 9.51534275373e-07, 8.91917409263e-07],
        "dvar": [2.62517005467e-06, 2.99101429846e-05, 1.37703073051e-05, 6.54232337638e-07, 2.3680961192e-07, 6.12883894746e-08, 2.85240737696e-08, 7.8767286027e-08, 1.5097305095e-07, 1.57592324967e-07, 3.67506132193e-08, 6.00126028871e-08, 2.01755145923e-08, 3.26712275012e-08, 1.99109617682e-08, 3.17818127371e-08, 1.55396300272e-08, 1.46596637052e-08, 3.84283049826e-09, 6.85702439274e-10, 2.93760193948e-09, 1.57462176631e-09, 2.698992696e-10, 1.39456612924e-10, 9.51731263243e-11, 2.21476781359e-10, 1.77726555695e-10, 6.21869500339e-11, 1.60751724432e-11, 6.62629048853e-11, 7.6948822314e-11, 2.1204690781e-11, 1.63929356201e-11, 5.53565804307e-11, 6.76279240941e-11, 2.46497856848e-11, 1.98755976955e-11, 8.55746896955e-12, 2.81286799408e-12, 2.05580626307e-12],
        "dvar2": [7.13700092092e-06, 8.22309302748e-05, 3.00886858895e-05, 1.45919068473e-06, 5.05220612013e-07, 1.49649778791e-07, 6.10575767723e-08, 1.84850804885e-07, 3.32006607096e-07, 3.35623440151e-07, 7.27489890551e-08, 1.28372292352e-07, 4.46469492488e-08, 5.8087270105e-08, 3.89687784264e-08, 6.39432116145e-08, 3.3850760417e-08, 3.23366826649e-08, 8.19999090851e-09, 1.53708856754e-09, 6.72837163762e-09, 3.714694774e-09, 6.41386721512e-10, 3.60921459386e-10, 2.13745618427e-10, 5.33775135203e-10, 4.23241303116e-10, 1.53178705831e-10, 3.9011658487e-11, 1.68001251799e-10, 1.79485593055e-10, 4.9654877432e-11, 3.50447414144e-11, 1.29240382285e-10, 1.57344401397e-10, 5.3457217819e-11, 4.47102840861e-11, 1.82624644574e-11, 5.77544392519e-12, 4.32435033962e-12],
        "max": [0.01996383816, 0.0778000578284, 0.0372973717749, 0.0198559686542, 0.0101940175518, 0.00804070010781, 0.00373396323994, 0.0073858667165, 0.00818147417158, 0.0105515895411, 0.00462211668491, 0.00722884340212, 0.00560118257999, 0.00936086568981, 0.00437287287787, 0.00611105654389, 0.0046963118948, 0.00388891296461, 0.0018460546853, 0.00125347136054, 0.000963460362982, 0.000739605457056, 0.000523897993844, 0.000486727542011, 0.000282226275885, 0.000496078049764, 0.00070810620673, 0.000181348616024, 0.000157927177497, 0.000456698558992, 0.000378033233574, 0.000186798963114, 0.000204208248761, 0.000294586410746, 0.000285594520392, 0.000145856101881, 0.000112512723717, 5.93307595409e-05, 7.45359939174e-05, 3.8218946429e-05],
        "mean": [0.000890956551302, 0.00184835656546, 0.00145158008672, 0.000617946090642, 0.000454991764855, 0.000184664750122, 0.000134535483085, 0.000173744265339, 0.000281138112769, 0.000240695400862, 0.00010879716865, 0.000139802432386, 8.23590453365e-05, 8.05023228168e-05, 6.84187034494e-05, 7.98043474788e-05, 6.88214568072e-05, 4.91178834636e-05, 2.86825943476e-05, 1.62283304235e-05, 2.69357442448e-05, 2.2564554456e-05, 1.16449291454e-05, 7.37694972486e-06, 7.91355523688e-06, 1.04828350231e-05, 6.59322677166e-06, 4.02963769375e-06, 2.37793051383e-06, 3.89149909097e-06, 5.00436044604e-06, 2.76220816886e-06, 2.00778072212e-06, 2.61125364887e-06, 2.69196607405e-06, 2.2967537916e-06, 2.06526715374e-06, 1.50368146024e-06, 9.37864058415e-07, 8.35651746911e-07],
        "median": [3.33449424943e-05, 0.000133451423608, 0.000234280974837, 0.000210296799196, 0.00016899977345, 6.63586324663e-05, 4.31486223533e-05, 5.17238295288e-05, 7.1576629125e-05, 3.80377241527e-05, 2.25600579142e-05, 2.47320203925e-05, 1.74271299329e-05, 1.19569440358e-05, 1.24935304484e-05, 1.20874046843e-05, 1.18164780361e-05, 1.01124469438e-05, 7.33604019842e-06, 5.41131748832e-06, 7.30667125026e-06, 6.25726715953e-06, 4.29148258263e-06, 2.81875441033e-06, 2.64464097199e-06, 3.35959566655e-06, 1.87871614798e-06, 1.05362357772e-06, 6.94197865414e-07, 9.57198722062e-07, 1.04154696601e-06, 5.90681565882e-07, 4.13727178739e-07, 4.34908372426e-07, 3.77212870717e-07, 3.31237743012e-07, 2.62637740889e-07, 1.86870423136e-07, 1.16495129987e-07, 8.47587600106e-08],
        "min": [1.15838199007e-24, 7.2991899332e-25, 7.07379117194e-25, 1.31250263259e-24, 2.25354368111e-24, 2.5294943255e-24, 1.94551045813e-24, 8.52844229952e-25, 1.23783103145e-24, 1.25070524142e-24, 2.65394975508e-24, 1.58982076736e-24, 3.58265518841e-24, 2.19957494557e-24, 2.75333124078e-24, 3.29282828348e-24, 2.14366344284e-24, 3.31661618686e-24, 2.95486133902e-24, 3.99987938245e-24, 3.7394124999e-24, 3.84441067525e-24, 3.8713262149e-24, 4.12626476023e-24, 4.82228659766e-24, 4.55662585492e-24, 4.44183160485e-24, 4.60122016189e-24, 6.09767154972e-24, 4.4211137509e-24, 4.83707537305e-24, 4.74753295499e-24, 4.02880493969e-24, 3.9347340656e-24, 5.66575561019e-24, 5.2179867219e-24, 6.24114010483e-24, 6.57566564359e-24, 6.23676981542e-24, 6.9926563348e-24],
        "var": [3.25689552483e-06, 2.28229691857e-05, 1.41076016007e-05, 1.39351584494e-06, 6.94448146987e-07, 1.0227419267e-07, 6.27129708164e-08, 1.46827176195e-07, 3.54972712557e-07, 4.64205385242e-07, 8.73296244208e-08, 1.86388220413e-07, 4.46302159673e-08, 9.25755827552e-08, 3.926362524e-08, 6.87443417746e-08, 4.28360316107e-08, 2.42289956986e-08, 7.20484472083e-09, 1.27434585107e-09, 4.22271817513e-09, 2.4178326008e-09, 4.79629336247e-10, 1.9829761444e-10, 2.39822606218e-10, 4.88232565488e-10, 2.40383324357e-10, 7.60306193004e-11, 2.18754875325e-11, 8.05513294955e-11, 1.32414870735e-10, 3.21606179188e-11, 2.39534243135e-11, 6.89647991492e-11, 9.50438686087e-11, 4.31067403994e-11, 3.4257454512e-11, 1.60706604274e-11, 5.17939293884e-12, 3.73979796783e-12]
    },
    "mfcc": {
        "mean": [-685.730163574, 114.774665833, -7.62855100632, 12.941283226, -0.685598194599, 1.91650676727, -6.43532514572, 0.8435587883, -4.00066900253, 0.553704857826, -3.39890289307, -3.54144001007, -7.06361246109],
        "cov": [[13137.9716797, 109.472610474, 291.435028076, 155.870788574, -165.759597778, 341.131530762, 100.425636292, 167.652832031, -31.1226615906, 9.38647079468, 25.7694454193, -1.92537212372, -196.0677948], [109.472610474, 1566.10229492, -331.172119141, 334.450561523, 109.391517639, 54.0551681519, 88.6661071777, 65.0506134033, 150.458175659, 94.3058776855, 95.6646957397, 55.0650177002, 101.888465881], [291.435028076, -331.172119141, 954.825927734, 65.078956604, 280.08026123, 188.115951538, 119.825752258, 135.089752197, 108.883071899, 116.629966736, 34.9116821289, 6.01346731186, 21.2828674316], [155.870788574, 334.450561523, 65.078956604, 456.936035156, 163.816543579, 139.558914185, 90.1340103149, 95.3079299927, 133.201797485, 71.9240570068, 19.3381710052, 26.1545734406, 83.0481948853], [-165.759597778, 109.391517639, 280.08026123, 163.816543579, 444.269714355, 103.620231628, 107.462020874, 48.3095588684, 138.80506897, 132.608459473, 53.8149185181, 33.8561019897, 75.8060913086], [341.131530762, 54.0551681519, 188.115951538, 139.558914185, 103.620231628, 235.338104248, 79.9433441162, 89.679901123, 79.0735092163, 71.6837921143, 46.0877037048, 26.2280330658, 22.8383102417], [100.425636292, 88.6661071777, 119.825752258, 90.1340103149, 107.462020874, 79.9433441162, 305.224212646, 131.787979126, 105.431900024, 33.0405693054, 82.8611450195, 43.9179153442, 55.2241020203], [167.652832031, 65.0506134033, 135.089752197, 95.3079299927, 48.3095588684, 89.679901123, 131.787979126, 199.598907471, 97.7481002808, 46.9001197815, 42.4280738831, 33.2978134155, 47.4352531433], [-31.1226615906, 150.458175659, 108.883071899, 133.201797485, 138.80506897, 79.0735092163, 105.431900024, 97.7481002808, 197.483078003, 95.1125564575, 57.1399230957, 26.5867519379, 61.988193512], [9.38647079468, 94.3058776855, 116.629966736, 71.9240570068, 132.608459473, 71.6837921143, 33.0405693054, 46.9001197815, 95.1125564575, 161.767974854, 60.5689811707, 25.736125946, 31.7055606842], [25.7694454193, 95.6646957397, 34.9116821289, 19.3381710052, 53.8149185181, 46.0877037048, 82.8611450195, 42.4280738831, 57.1399230957, 60.5689811707, 133.501022339, 55.0359802246, 33.9159317017], [-1.92537212372, 55.0650177002, 6.01346731186, 26.1545734406, 33.8561019897, 26.2280330658, 43.9179153442, 33.2978134155, 26.5867519379, 25.736125946, 55.0359802246, 96.5174789429, 46.7558174133], [-196.0677948, 101.888465881, 21.2828674316, 83.0481948853, 75.8060913086, 22.8383102417, 55.2241020203, 47.4352531433, 61.988193512, 31.7055606842, 33.9159317017, 46.7558174133, 126.4429245]],
