{
"lowlevel": {
    "average_loudness": 0.895398378372,
    "barkbands_crest": {
        "dmean": 3.390406847,
        "dmean2": 5.38233566284,
        "dvar": 8.96024036407,
        "dvar2": 22.1711883545,
        "max": 26.4456481934,
        "mean": 12.7587833405,
        "median": 12.0458831787,
        "min": 2.39897441864,
        "var": 22.438205719
    },
    "barkbands_flatness_db": {
        "dmean": 0.0349108800292,
        "dmean2": 0.0505840070546,
        "dvar": 0.00104657956399,
        "dvar2": 0.00224000122398,
        "max": 0.417109966278,
        "mean": 0.196593925357,
        "median": 0.194520488381,
        "min": 0.0276196189225,
        "var": 0.00370241841301
    },
    "barkbands_kurtosis": {
        "dmean": 8.57626914978,
        "dmean2": 13.3237762451,
        "dvar": 261.395111084,
        "dvar2": 628.514526367,
        "max": 279.152954102,
        "mean": 11.3483924866,
        "median": 5.61807250977,
        "min": -1.96311831474,
        "var": 334.076843262
    },
    "barkbands_skewness": {
        "dmean": 1.02177226543,
        "dmean2": 1.49402832985,
        "dvar": 1.32522594929,
        "dvar2": 2.76215958595,
        "max": 15.0985155106,
        "mean": 2.3802216053,
        "median": 2.10209822655,
        "min": -5.73594999313,
        "var": 3.39886212349
    },
    "barkbands_spread": {
        "dmean": 8.43560218811,
        "dmean2": 12.7446880341,
        "dvar": 112.493270874,
        "dvar2": 227.993667603,
        "max": 130.729156494,
        "mean": 21.0377063751,
        "median": 16.4387989044,
        "min": 0.541422843933,
        "var": 288.689849854
    },
    "dissonance": {
        "dmean": 0.0376294031739,
        "dmean2": 0.0606342107058,
        "dvar": 0.00113549409434,
        "dvar2": 0.00284865195863,
        "max": 0.500000059605,
        "mean": 0.420079946518,
        "median": 0.428982049227,
        "min": 0.145247980952,
        "var": 0.00267094117589
    },
    "dynamic_complexity": 3.83462810516,
    "erbbands_crest": {
        "dmean": 3.75981044769,
        "dmean2": 6.05190658569,
        "dvar": 10.9410610199,
        "dvar2": 26.4634609222,
        "max": 32.5754318237,
        "mean": 12.4760150909,
        "median": 11.4285545349,
        "min": 2.61792039871,
        "var": 28.0574359894
    },
    "erbbands_flatness_db": {
        "dmean": 0.0265502147377,
        "dmean2": 0.0365472398698,
        "dvar": 0.000565700524021,
        "dvar2": 0.00100633897819,
        "max": 0.441570371389,
        "mean": 0.180710151792,
        "median": 0.175054445863,
        "min": 0.0388792641461,
        "var": 0.00285769207403
    },
    "erbbands_kurtosis": {
        "dmean": 2.81834363937,
        "dmean2": 4.38363313675,
        "dvar": 19.7177600861,
        "dvar2": 43.5747032166,
        "max": 127.29335022,
        "mean": 3.45437407494,
        "median": 1.699198246,
        "min": -1.95925033092,
        "var": 36.1163978577
    },
    "erbbands_skewness": {
        "dmean": 0.646409153938,
        "dmean2": 0.966003298759,
        "dvar": 0.412686645985,
        "dvar2": 0.857201635838,
        "max": 9.10802459717,
        "mean": 1.24604833126,
        "median": 1.19321763515,
        "min": -4.73911809921,
        "var": 1.38725328445
    },
    "erbbands_spread": {
        "dmean": 14.3321800232,
        "dmean2": 21.7118701935,
        "dvar": 237.506469727,
        "dvar2": 518.968994141,
        "max": 178.037155151,
        "mean": 43.6644020081,
        "median": 37.2096557617,
        "min": 1.13563609123,
        "var": 790.939941406
    },
    "hfc": {
        "dmean": 8.75144004822,
        "dmean2": 13.1103143692,
        "dvar": 192.259109497,
        "dvar2": 446.489440918,
        "max": 233.762023926,
        "mean": 19.6579608917,
        "median": 13.7232227325,
        "min": 1.18735093313e-16,
        "var": 409.673583984
    },
    "melbands_crest": {
        "dmean": 4.40679979324,
        "dmean2": 7.02577400208,
        "dvar": 16.233133316,
        "dvar2": 36.8361816406,
        "max": 38.3634490967,
        "mean": 19.1595916748,
        "median": 18.9176826477,
        "min": 1.74462401867,
        "var": 46.8450698853
    },
    "melbands_flatness_db": {
        "dmean": 0.0409333109856,
        "dmean2": 0.0573665946722,
        "dvar": 0.00162295566406,
        "dvar2": 0.00313479918987,
        "max": 0.540464997292,
        "mean": 0.252127826214,
        "median": 0.251391500235,
        "min": 0.005952085834,
        "var": 0.00602985499427
    },
    "melbands_kurtosis": {
        "dmean": 22.4113788605,
        "dmean2": 34.3954124451,
        "dvar": 1780.89697266,
        "dvar2": 4007.25537109,
        "max": 700.276672363,
        "mean": 33.1402893066,
        "median": 16.2482891083,
        "min": -1.88174641132,
        "var": 2616.36694336
    },
    "melbands_skewness": {
        "dmean": 1.42266738415,
        "dmean2": 2.09631061554,
        "dvar": 2.55081963539,
        "dvar2": 5.11979913712,
        "max": 21.177312851,
        "mean": 3.67899441719,
        "median": 3.10785079002,
        "min": -3.82281661034,
        "var": 7.50056123734
    },
    "melbands_spread": {
        "dmean": 9.26364135742,
        "dmean2": 14.2922086716,
        "dvar": 309.113616943,
        "dvar2": 655.772155762,
        "max": 303.387054443,
        "mean": 19.6665115356,
        "median": 13.330821991,
        "min": 0.514618873596,
        "var": 594.649719238
    },
    "pitch_salience": {
        "dmean": 0.0936117693782,
        "dmean2": 0.148982167244,
        "dvar": 0.00832337420434,
        "dvar2": 0.0204773843288,
        "max": 0.880055069923,
        "mean": 0.470651179552,
        "median": 0.476605921984,
        "min": 0.0493430756032,
        "var": 0.0197067558765
    },
    "silence_rate_20dB": {
        "dmean": 0.000150172694703,
        "dmean2": 0.000300367944874,
        "dvar": 0.000150130130351,
        "dvar2": 0.000450381572591,
        "max": 1,
        "mean": 0.999924898148,
        "median": 1,
        "min": 0,
        "var": 7.50700637582e-05
    },
    "silence_rate_30dB": {
        "dmean": 0.0788406655192,
        "dmean2": 0.157693177462,
        "dvar": 0.0726299807429,
        "dvar2": 0.140793889761,
        "max": 1,
        "mean": 0.909602820873,
        "median": 1,
        "min": 0,
        "var": 0.0822319239378
    },
    "silence_rate_60dB": {
        "dmean": 0.0366421379149,
        "dmean2": 0.0732897818089,
        "dvar": 0.0352997593582,
        "dvar2": 0.0796316787601,
        "max": 1,
        "mean": 0.100833393633,
        "median": 0,
        "min": 0,
        "var": 0.0906700417399
    },
    "spectral_centroid": {
        "dmean": 311.734649658,
        "dmean2": 464.050689697,
        "dvar": 233155.28125,
        "dvar2": 430669.09375,
        "max": 11232.0595703,
        "mean": 1038.20837402,
        "median": 814.09552002,
        "min": 136.670455933,
        "var": 614991.4375
    },
    "spectral_complexity": {
        "dmean": 2.69229602814,
        "dmean2": 4.03334093094,
        "dvar": 18.2429847717,
        "dvar2": 35.4153518677,
        "max": 49,
        "mean": 10.1160001755,
        "median": 9,
        "min": 0,
        "var": 44.7773323059
    },
    "spectral_decrease": {
        "dmean": 6.3470908529e-09,
        "dmean2": 9.8237258328e-09,
        "dvar": 2.07396970047e-16,
        "dvar2": 4.95628411833e-16,
        "max": 5.95496816581e-29,
        "mean": -9.40344779821e-09,
        "median": -5.22892618093e-09,
        "min": -1.17290788637e-07,
        "var": 2.18967718039e-16
    },
    "spectral_energy": {
        "dmean": 0.0244898051023,
        "dmean2": 0.0379008688033,
        "dvar": 0.0030173829291,
        "dvar2": 0.00720702204853,
        "max": 0.448320478201,
        "mean": 0.0372738838196,
        "median": 0.0211498513818,
        "min": 1.06583522475e-20,
        "var": 0.00321463099681
    },
    "spectral_energyband_high": {
        "dmean": 0.000546344032045,
        "dmean2": 0.000789120909758,
        "dvar": 1.10167968614e-06,
        "dvar2": 2.09355698644e-06,
        "max": 0.023274531588,
        "mean": 0.00105159264058,
        "median": 0.000523064401932,
        "min": 7.83744340768e-21,
        "var": 2.83552208202e-06
    },
    "spectral_energyband_low": {
        "dmean": 0.0196458958089,
        "dmean2": 0.0307045523077,
        "dvar": 0.00280643277802,
        "dvar2": 0.00682197138667,
        "max": 0.427266746759,
        "mean": 0.020643023774,
        "median": 0.00197423249483,
        "min": 3.38586484259e-23,
        "var": 0.00261935149319
    },
    "spectral_energyband_middle_high": {
        "dmean": 0.00203274306841,
        "dmean2": 0.00334866717458,
        "dvar": 3.08298076561e-05,
        "dvar2": 8.58123967191e-05,
        "max": 0.0681037381291,
        "mean": 0.00335825933143,
        "median": 0.00139300909359,
        "min": 1.31413089356e-21,
        "var": 3.29955691996e-05
    },
    "spectral_energyband_middle_low": {
        "dmean": 0.00781118450686,
        "dmean2": 0.0129149165004,
        "dvar": 0.000210971178603,
        "dvar2": 0.000584817491472,
        "max": 0.162321537733,
        "mean": 0.0131671503186,
        "median": 0.0084128761664,
        "min": 2.6185221696e-22,
        "var": 0.000245339062531
    },
    "spectral_entropy": {
        "dmean": 0.301796138287,
        "dmean2": 0.428683549166,
        "dvar": 0.0901951640844,
        "dvar2": 0.162814721465,
        "max": 9.82011413574,
        "mean": 7.35662937164,
        "median": 7.39673089981,
        "min": 4.61489772797,
        "var": 0.362805217505
    },
    "spectral_flux": {
        "dmean": 0.0461556129158,
        "dmean2": 0.0669408962131,
        "dvar": 0.00505818100646,
        "dvar2": 0.00865843147039,
        "max": 0.634243428707,
        "mean": 0.107988402247,
        "median": 0.0743605867028,
        "min": 6.48139250603e-11,
        "var": 0.0108933700249
    },
    "spectral_kurtosis": {
        "dmean": 1.54035818577,
        "dmean2": 2.28624367714,
        "dvar": 5.49772930145,
        "dvar2": 11.4150342941,
        "max": 56.1530647278,
        "mean": 3.16800451279,
        "median": 2.27719068527,
        "min": -1.79335916042,
        "var": 13.6927061081
    },
    "spectral_rms": {
        "dmean": 0.00149721698835,
        "dmean2": 0.002164659556,
        "dvar": 5.75788908463e-06,
        "dvar2": 1.21597959151e-05,
        "max": 0.020913772285,
        "mean": 0.00503448629752,
        "median": 0.00454246625304,
        "min": 3.22465383389e-12,
        "var": 1.10186410893e-05
    },
    "spectral_rolloff": {
        "dmean": 807.865844727,
        "dmean2": 1380.91223145,
        "dvar": 3106326,
        "dvar2": 6559356.5,
        "max": 18733.8867188,
        "mean": 1523.79309082,
        "median": 645.99609375,
        "min": 21.533203125,
        "var": 5587356
    },
    "spectral_skewness": {
        "dmean": 0.312498837709,
        "dmean2": 0.444058328867,
        "dvar": 0.121094025671,
        "dvar2": 0.228623226285,
        "max": 5.99841976166,
        "mean": 1.61843395233,
        "median": 1.55634260178,
        "min": -0.865788519382,
        "var": 0.440464675426
    },
    "spectral_spread": {
        "dmean": 1185717.75,
        "dmean2": 1724598.375,
        "dvar": 1.56234743808e+12,
        "dvar2": 2.97057727283e+12,
        "max": 42081296,
        "mean": 7555156,
        "median": 7269175.5,
        "min": 1229898.375,
        "var": 6.83565173965e+12
    },
    "spectral_strongpeak": {
        "dmean": 0.507253170013,
        "dmean2": 0.847467958927,
        "dvar": 0.598400354385,
        "dvar2": 1.49918019772,
        "max": 12.7040910721,
        "mean": 0.896715581417,
        "median": 0.566284239292,
        "min": 0,
        "var": 0.967114508152
    },
    "zerocrossingrate": {
        "dmean": 0.0194222871214,
        "dmean2": 0.0220394618809,
        "dvar": 0.000567041453905,
        "dvar2": 0.000639267382212,
        "max": 0.5146484375,
        "mean": 0.071818806231,
        "median": 0.056640625,
        "min": 0,
        "var": 0.00318180746399
    },
    "barkbands": {
        "dmean": [0.00130053982139, 0.0129023296759, 0.0075922687538, 0.0026683236938, 0.00224840361625, 0.00166319450364, 0.00173647864722, 0.00119747989811, 0.000542661524378, 0.000376592768589, 0.000575117650442, 0.000891415693332, 0.000216203479795, 0.000200160124223, 0.000226811869652, 0.000137127251946, 8.2839425886e-05, 4.58982467535e-05, 5.9757487179e-05, 7.47806479922e-05, 7.94524748926e-05, 8.63419409143e-05, 8.2814716734e-05, 0.000176569083123, 0.000149391984451, 7.02048055246e-05, 1.80635566949e-07],
        "dmean2": [0.00206560059451, 0.0209728013724, 0.0135953435674, 0.00490297423676, 0.00363623932935, 0.00256598042324, 0.00265323091298, 0.00189968943596, 0.000827840354759, 0.000588844704907, 0.000936156196985, 0.0015776673099, 0.000343856634572, 0.00031763833249, 0.000338387675583, 0.000225481489906, 0.000143517157994, 7.48149686842e-05, 9.41382968449e-05, 0.000121439836221, 0.000128755709738, 0.000139912386658, 0.000123185163829, 0.000260907545453, 0.000215964872041, 0.000105889252154, 3.06471974909e-07],
        "dvar": [6.74875036566e-06, 0.00128364691045, 0.000725004647393, 9.2661830422e-05, 2.11188526009e-05, 1.0766185369e-05, 1.46261008922e-05, 1.33655921672e-05, 2.81779966826e-06, 6.71541840802e-07, 2.73896898761e-06, 1.43933766594e-05, 1.39905307606e-06, 3.04861629274e-07, 2.77730862308e-07, 1.53434072558e-07, 1.01277215947e-07, 2.13448316799e-08, 2.99292395312e-08, 3.0725658462e-08, 2.22582094977e-08, 3.49788038534e-08, 6.45306457159e-08, 2.35019527395e-07, 1.80716298814e-07, 2.01577901038e-08, 4.316253572e-13],
        "dvar2": [1.67238467839e-05, 0.00326396641321, 0.00201759091578, 0.000265890324954, 5.45734837942e-05, 2.33411046793e-05, 3.32173076458e-05, 3.32544223056e-05, 6.17133991909e-06, 1.62475896559e-06, 7.17399871064e-06, 4.08638334193e-05, 3.53731638825e-06, 6.75075000345e-07, 5.8511534462e-07, 3.77204571578e-07, 2.8160135912e-07, 5.27773700298e-08, 7.46890194137e-08, 7.15786470096e-08, 5.30980628355e-08, 8.33908089248e-08, 1.44044932426e-07, 4.95451956795e-07, 3.53337128445e-07, 4.16729299957e-08, 1.10299996133e-12],
        "max": [0.0343377366662, 0.337172746658, 0.242307960987, 0.113614320755, 0.0781365856528, 0.0745320916176, 0.0796208977699, 0.126704379916, 0.0584092624485, 0.0253742001951, 0.0480376370251, 0.055270254612, 0.0600412525237, 0.0201097168028, 0.0130054717883, 0.0136876143515, 0.00709947850555, 0.00337932631373, 0.0091443201527, 0.00736100319773, 0.00329072284512, 0.00399893522263, 0.00841868855059, 0.0146905276924, 0.0194362998009, 0.00266268802807, 2.57497249549e-05],
        "mean": [0.00204252055846, 0.0127145154402, 0.00498545542359, 0.00179864664096, 0.003416973399, 0.00281111546792, 0.00258799036965, 0.00166420917958, 0.00081019726349, 0.000582712644245, 0.000779577589128, 0.000817958149128, 0.000229394470807, 0.000267895928118, 0.000309905241011, 0.000161123403814, 7.92520077084e-05, 5.2931245591e-05, 7.54571228754e-05, 9.19239391806e-05, 9.1762332886e-05, 9.05470296857e-05, 0.000124042227981, 0.000332156720106, 0.000272331846645, 8.29154960229e-05, 1.63340828863e-07],
        "median": [0.000220559129957, 0.000693825015333, 7.0777728979e-05, 4.54803193861e-05, 0.000809497607406, 0.000828124640975, 0.000805276271421, 0.000357503537089, 0.00018328911392, 0.000292843615171, 0.000152787310071, 3.81587306038e-05, 2.6741743568e-05, 4.47781458206e-05, 4.613229612e-05, 3.44524414686e-05, 1.48627132148e-05, 1.17806548587e-05, 2.2465505026e-05, 2.52872468991e-05, 2.45919036388e-05, 1.65761066455e-05, 3.65824744222e-05, 0.00012601056369, 9.87638995866e-05, 1.8396314772e-05, 4.10923117755e-09],
        "min": [1.35377948363e-24, 1.15613071909e-23, 6.01845768749e-24, 5.13173306495e-24, 2.93134054394e-23, 2.43816142985e-23, 1.67980151598e-23, 5.1552520851e-23, 2.33073403623e-23, 3.74931199429e-23, 5.33019934577e-23, 6.6874572524e-23, 7.80901046252e-23, 2.93525581839e-23, 1.35893912699e-22, 1.50125973171e-22, 1.86497938752e-22, 1.41966993088e-22, 1.69983975049e-22, 2.22171301737e-22, 2.57484754822e-22, 5.31550179425e-22, 5.79125989344e-22, 7.91647439617e-22, 1.25136220321e-21, 1.66929864082e-21, 2.4158516609e-21],
        "var": [1.1785157767e-05, 0.00105843413621, 0.000457704532892, 5.39334578207e-05, 4.26559381594e-05, 3.15895304084e-05, 2.64705577138e-05, 2.08720211958e-05, 5.17211674378e-06, 1.22735900732e-06, 3.97374560634e-06, 1.05506733235e-05, 1.21510220197e-06, 5.12500378136e-07, 5.04098693455e-07, 1.9859261613e-07, 7.76790187729e-08, 2.41473596674e-08, 3.41831203343e-08, 5.19529557153e-08, 3.11774428496e-08, 4.79661892427e-08, 1.01151435672e-07, 4.78993968045e-07, 4.26312226409e-07, 2.8744084446e-08, 4.92372310458e-13]
    },
    "erbbands": {
        "dmean": [0.296153664589, 3.26059269905, 8.64000701904, 9.64501190186, 6.31632423401, 8.2543554306, 13.6049985886, 12.9469184875, 18.6220226288, 29.9887809753, 22.8516311646, 10.9687538147, 10.0550546646, 12.5280752182, 28.1940975189, 34.2538528442, 9.72221660614, 10.3000249863, 7.32784414291, 14.2304668427, 6.15840673447, 4.60091209412, 2.69361042976, 2.23995947838, 3.41238498688, 3.24077153206, 3.77129364014, 2.97271251678, 3.44600987434, 2.45820665359, 2.39371705055, 2.92262125015, 3.46296286583, 2.20022392273, 0.852051436901, 0.463482618332, 0.0881091803312, 0.00489671807736, 0.000117523471999, 3.13800337608e-05],
        "dmean2": [0.452448666096, 5.52700376511, 15.1190052032, 17.6275501251, 11.3210935593, 13.0406389236, 21.2218170166, 19.8980045319, 28.2151737213, 46.6890640259, 36.0501670837, 16.9372882843, 15.5219049454, 19.7372398376, 46.6870727539, 61.3050193787, 15.6899909973, 15.4602642059, 11.4112052917, 21.5857601166, 9.78425598145, 7.89960193634, 4.5109796524, 3.39818024635, 5.49024200439, 5.21912097931, 6.21118164062, 4.76915979385, 5.67317199707, 3.7963552475, 3.57973217964, 4.40622138977, 5.13493108749, 3.20469927788, 1.22987163067, 0.696696341038, 0.132371842861, 0.00722125452012, 0.00016818381846, 4.6536399168e-05],
        "dvar": [0.391370803118, 98.3760223389, 859.015075684, 1189.70422363, 429.522125244, 297.80947876, 752.570129395, 802.679504395, 2091.47973633, 5319.23730469, 4990.16992188, 1084.79736328, 502.857757568, 910.293762207, 6091.12011719, 23447.2265625, 1729.17834473, 1289.70007324, 517.331298828, 1034.93273926, 324.855072021, 301.341094971, 84.0077362061, 39.7600250244, 88.6708297729, 69.1919708252, 55.0045204163, 36.7527351379, 59.7482223511, 32.2218284607, 55.0577659607, 78.0764007568, 91.5797424316, 43.021987915, 7.69991731644, 0.899520158768, 0.0310145206749, 0.000103124752059, 4.84308024795e-08, 3.60953200662e-09],
        "dvar2": [0.831126749516, 258.12298584, 2324.44238281, 3384.09790039, 1228.65686035, 718.520019531, 1676.47351074, 1718.26879883, 4333.04492188, 12588.7617188, 12370.484375, 2441.07836914, 1046.00476074, 2247.09008789, 16501.6113281, 67213.4921875, 4539.703125, 2809.85668945, 1215.31445312, 2279.90722656, 781.235839844, 840.342346191, 218.652740479, 88.991027832, 223.619308472, 165.688705444, 136.128204346, 85.6354370117, 148.636444092, 68.5833511353, 123.026115417, 179.696517944, 194.345672607, 85.9900512695, 17.6315116882, 1.8519744873, 0.0648281052709, 0.000213985302253, 9.42420328442e-08, 8.22320522786e-09],
        "max": [7.39140129089, 90.3351898193, 253.913742065, 363.658355713, 281.614776611, 447.529785156, 702.638305664, 764.41192627, 1115.39819336, 1772.96362305, 2097.36010742, 1061.62780762, 925.004211426, 796.860290527, 2083.76708984, 2256.72485352, 1926.04272461, 1327.53393555, 835.708679199, 1129.34057617, 943.75604248, 299.423309326, 228.296646118, 272.144805908, 471.56137085, 276.808807373, 164.36819458, 156.292114258, 150.282012939, 251.647201538, 222.745574951, 259.358825684, 322.460205078, 172.07699585, 189.790786743, 21.9030036926, 2.6713616848, 0.385744929314, 0.00682613812387, 0.000546846247744],
        "mean": [0.448974817991, 2.50535392761, 5.99776887894, 6.32666349411, 5.33339452744, 13.0058870316, 23.9967136383, 22.0531902313, 29.5059986115, 43.6265029907, 34.3423614502, 17.0159378052, 17.1141757965, 20.1725769043, 35.7506790161, 29.8855323792, 10.8779211044, 14.9384069443, 10.595448494, 19.5048656464, 7.93447113037, 4.6620554924, 2.96630454063, 3.07537746429, 4.24211549759, 4.1753320694, 4.10527324677, 3.54856228828, 3.42648100853, 3.1569955349, 3.60967350006, 4.96295642853, 6.53192806244, 4.08433580399, 1.38152909279, 0.563812494278, 0.103410236537, 0.00650143064559, 0.000178601054358, 5.52413366677e-05],
        "median": [0.0248183496296, 0.0940361469984, 0.131543278694, 0.210372120142, 0.532182633877, 2.45167779922, 7.35934209824, 6.59152078629, 10.1901760101, 12.7577924728, 8.83382987976, 4.54167604446, 8.5793390274, 8.05839061737, 6.1824760437, 2.0301964283, 1.66750717163, 1.91698729992, 2.95720291138, 3.2726483345, 1.89251840115, 1.04890823364, 0.677156984806, 0.877071201801, 1.28164160252, 1.18664526939, 1.04716312885, 0.859343647957, 0.591444075108, 0.672836780548, 1.15595054626, 1.89530229568, 2.36727046967, 1.42345809937, 0.467190086842, 0.145188704133, 0.0221480689943, 0.00149227259681, 6.28408670309e-05, 3.34207870765e-05],
        "min": [9.98955579536e-23, 3.6416331623e-21, 7.24148643352e-21, 1.32226985803e-20, 4.46666286292e-20, 7.25654855237e-20, 9.02402866495e-20, 2.00933402351e-19, 2.21651963175e-19, 3.88276899322e-19, 1.57916016767e-18, 6.21160682745e-19, 6.42326166669e-19, 1.46994854537e-18, 2.45642387797e-18, 3.05403415999e-18, 3.71995405097e-18, 2.19394416677e-18, 5.29057812831e-18, 5.20418821231e-18, 9.59097060537e-18, 1.0181464239e-17, 8.89613061902e-18, 8.74011939241e-18, 7.11451013822e-18, 8.90424526083e-18, 1.01335167148e-17, 1.34564013243e-17, 1.5673950951e-17, 2.02916916836e-17, 1.56981823798e-17, 1.55316543789e-17, 1.31762782642e-17, 1.22909145945e-17, 8.56710464113e-18, 5.64407417667e-18, 3.21203889188e-18, 1.16799805008e-18, 3.23338180605e-19, 3.50135762836e-20],
        "var": [0.542486429214, 71.7599639893, 582.058166504, 704.829772949, 277.139434814, 799.109313965, 2266.07373047, 2371.57592773, 4275.61279297, 8523.35546875, 8537.82519531, 2063.43920898, 1086.41589355, 1486.88684082, 7532.19287109, 15393.8017578, 1460.75427246, 2074.93139648, 792.279968262, 1648.23571777, 491.585174561, 229.439453125, 79.6670150757, 58.7597961426, 98.4166030884, 122.424514771, 67.7950057983, 56.2897491455, 70.8431243896, 56.328453064, 86.9469833374, 133.083618164, 185.283309937, 93.1883926392, 14.2805042267, 1.34167027473, 0.0450025722384, 0.000201204107725, 1.04411704172e-07, 4.85625095692e-09]
    },
    "gfcc": {
        "mean": [-40.6656951904, 61.0774612427, -96.3642044067, 4.16287136078, -87.3136901855, 19.7368335724, -54.5881729126, 17.9412117004, -26.3764820099, 10.5801467896, -10.9575185776, 1.36586260796, 3.81400609016],
        "cov": [[8925.50097656, 797.929138184, 747.01739502, 953.820678711, 659.69732666, 669.475463867, 407.285705566, 299.166381836, 254.737045288, 370.4793396, -14.9965715408, 134.534500122, -145.548522949], [797.929138184, 2053.23168945, 728.363220215, 398.236724854, 632.185302734, 227.011199951, 364.558807373, 98.5433731079, 272.169067383, -6.87484884262, 27.6248054504, -163.158126831, 56.6190872192], [747.01739502, 728.363220215, 1436.93920898, 707.297363281, 383.069671631, 287.928833008, 234.328582764, 221.257492065, 211.703536987, -18.2895679474, -69.0620117188, -17.0322875977, 14.1668977737], [953.820678711, 398.236724854, 707.297363281, 1054.59008789, 488.191650391, 220.66986084, 370.78604126, 120.356689453, 213.967407227, 14.4950141907, -117.57950592, 53.2622032166, -35.3344192505], [659.69732666, 632.185302734, 383.069671631, 488.191650391, 730.939331055, 376.465423584, 362.160095215, 183.464050293, 219.31590271, 146.293716431, -35.7923583984, 5.39002609253, 1.58309185505], [669.475463867, 227.011199951, 287.928833008, 220.66986084, 376.465423584, 530.760620117, 318.047729492, 198.525817871, 179.984191895, 169.02243042, 57.7254638672, 24.2287464142, 15.0505933762], [407.285705566, 364.558807373, 234.328582764, 370.78604126, 362.160095215, 318.047729492, 545.012573242, 175.342041016, 209.256958008, 154.81968689, -32.2824897766, 57.969455719, -32.2225189209], [299.166381836, 98.5433731079, 221.257492065, 120.356689453, 183.464050293, 198.525817871, 175.342041016, 372.85748291, 218.245101929, 97.9228515625, 87.4112548828, 25.8601226807, 63.7414855957], [254.737045288, 272.169067383, 211.703536987, 213.967407227, 219.31590271, 179.984191895, 209.256958008, 218.245101929, 350.289276123, 161.45539856, 39.3254890442, 58.380531311, 39.6447372437], [370.4793396, -6.87484884262, -18.2895679474, 14.4950141907, 146.293716431, 169.02243042, 154.81968689, 97.9228515625, 161.45539856, 302.954772949, 109.020126343, 71.1560211182, 21.8275661469], [-14.9965715408, 27.6248054504, -69.0620117188, -117.57950592, -35.7923583984, 57.7254638672, -32.2824897766, 87.4112548828, 39.3254890442, 109.020126343, 279.735107422, 46.9925346375, 73.1799240112], [134.534500122, -163.158126831, -17.0322875977, 53.2622032166, 5.39002609253, 24.2287464142, 57.969455719, 25.8601226807, 58.380531311, 71.1560211182, 46.9925346375, 205.366424561, 41.2510757446], [-145.548522949, 56.6190872192, 14.1668977737, -35.3344192505, 1.58309185505, 15.0505933762, -32.2225189209, 63.7414855957, 39.6447372437, 21.8275661469, 73.1799240112, 41.2510757446, 209.795776367]],
        "icov": [[0.000173327542143, -0.000224906107178, 0.000110845896415, -0.000295022327919, 0.000251791905612, -0.000329179980326, 0.000364320614608, -0.000366261258023, 0.000386632367736, -0.000465409219032, 0.000305783702061, -0.000297838501865, 0.000239983914071], [-0.000224906107178, 0.00175172684249, -0.000866595422849, 0.00113301735837, -0.00182314298581, 0.0013187113218, -0.00173336185981, 0.00197918317281, -0.00199643173255, 0.00195412896574, -0.00179763161577, 0.00178371858783, -0.000877570651937], [0.000110845896415, -0.000866595422849, 0.0016372356331, -0.00134450220503, 0.000979396398179, -0.00114819302689, 0.00119974522386, -0.00138323393185, 0.000804760842584, -0.000664825027343, 0.00102779665031, -0.000632479263004, 0.000336229859386], [-0.000295022327919, 0.00113301735837, -0.00134450220503, 0.00313653703779, -0.00221121753566, 0.00154357845895, -0.00215137330815, 0.00190685898997, -0.0020261274185, 0.00223843636923, -0.00115047208965, 0.000566648959648, -0.000455361790955], [0.000251791905612, -0.00182314298581, 0.000979396398179, -0.00221121753566, 0.00506002735347, -0.00274918577634, 0.00144406990148, -0.00229012873024, 0.00192839733791, -0.0027728092391, 0.00244910293259, -0.00115511904005, 0.000601715175435], [-0.000329179980326, 0.0013187113218, -0.00114819302689, 0.00154357845895, -0.00274918577634, 0.00537208048627, -0.0029336034786, 0.0010321351001, -0.00134003453422, 0.000953067443334, -0.00215079146437, 0.0016051690327, -0.000786883523688], [0.000364320614608, -0.00173336185981, 0.00119974522386, -0.00215137330815, 0.00144406990148, -0.0029336034786, 0.0060875848867, -0.00287284818478, 0.00172270054463, -0.00305634201504, 0.00287380837835, -0.00244776019827, 0.00175590266008], [-0.000366261258023, 0.00197918317281, -0.00138323393185, 0.00190685898997, -0.00229012873024, 0.0010321351001, -0.00287284818478, 0.00766413193196, -0.00512452609837, 0.00339551037177, -0.0035199674312, 0.00244208658114, -0.00183750002179], [0.000386632367736, -0.00199643173255, 0.000804760842584, -0.0020261274185, 0.00192839733791, -0.00134003453422, 0.00172270054463, -0.00512452609837, 0.00883756019175, -0.00495619699359, 0.00283053331077, -0.00255921832286, 0.000676078081597], [-0.000465409219032, 0.00195412896574, -0.000664825027343, 0.00223843636923, -0.0027728092391, 0.000953067443334, -0.00305634201504, 0.00339551037177, -0.00495619699359, 0.00900670327246, -0.00420380430296, 0.00100991234649, -0.000709613785148], [0.000305783702061, -0.00179763161577, 0.00102779665031, -0.00115047208965, 0.00244910293259, -0.00215079146437, 0.00287380837835, -0.0035199674312, 0.00283053331077, -0.00420380430296, 0.00741013232619, -0.00244272476994, -0.000121200399008], [-0.000297838501865, 0.00178371858783, -0.000632479263004, 0.000566648959648, -0.00115511904005, 0.0016051690327, -0.00244776019827, 0.00244208658114, -0.00255921832286, 0.00100991234649, -0.00244272476994, 0.00786282029003, -0.00208965642378], [0.000239983914071, -0.000877570651937, 0.000336229859386, -0.000455361790955, 0.000601715175435, -0.000786883523688, 0.00175590266008, -0.00183750002179, 0.000676078081597, -0.000709613785148, -0.000121200399008, -0.00208965642378, 0.00634957756847]]
    },
    "melbands": {
        "dmean": [0.00306361215189, 0.00445533404127, 0.00158665259369, 0.000471987645142, 0.000451809639344, 0.000297519203741, 0.000299317092868, 0.000318058824632, 0.00017416063929, 6.60349687678e-05, 5.4152260418e-05, 5.29879325768e-05, 8.80799561855e-05, 0.000109083892312, 4.53433640359e-05, 2.25157255045e-05, 1.91575472854e-05, 1.24243624668e-05, 1.6624599084e-05, 1.52185975821e-05, 6.42692839392e-06, 4.97667451782e-06, 3.6865394577e-06, 2.03521153708e-06, 1.80913775694e-06, 2.64800632976e-06, 2.13923067349e-06, 2.37977769757e-06, 2.74635635833e-06, 1.99355736186e-06, 1.59974081271e-06, 2.08702181226e-06, 1.58820103024e-06, 1.36790367833e-06, 1.34566982979e-06, 1.66890447417e-06, 1.99091346076e-06, 2.54550286627e-06, 2.61280592895e-06, 1.79372159437e-06],
        "dmean2": [0.00482722278684, 0.00755161000416, 0.00289575289935, 0.000786247430369, 0.000706602761056, 0.000456359470263, 0.000454483699286, 0.000497870030813, 0.000273314653896, 0.000101424207969, 8.40374195832e-05, 8.3123879449e-05, 0.000144824240124, 0.000191392333363, 7.94536827016e-05, 3.44751133525e-05, 2.92240201816e-05, 1.96627570404e-05, 2.52471691056e-05, 2.35898078245e-05, 1.03643997136e-05, 8.58934708958e-06, 6.37956327409e-06, 3.28610940414e-06, 2.7820590276e-06, 4.24394556831e-06, 3.40424639944e-06, 3.91467847294e-06, 4.59838565803e-06, 3.2925834148e-06, 2.53262010119e-06, 3.46699926013e-06, 2.57292845163e-06, 2.08296160054e-06, 2.0221568775e-06, 2.58018849308e-06, 3.05814501189e-06, 3.86797728424e-06, 3.88904254578e-06, 2.65759149443e-06],
        "dvar": [5.70002630411e-05, 0.000198236681172, 3.12878582918e-05, 1.37051699767e-06, 7.27745657514e-07, 3.72459965092e-07, 4.53822934787e-07, 6.12620169704e-07, 2.93883715585e-07, 4.15564542777e-08, 1.44131533375e-08, 1.53871848596e-08, 6.35756052247e-08, 1.95428526695e-07, 3.61559990836e-08, 2.05472598935e-08, 3.72392339187e-09, 1.70923974974e-09, 1.66015490244e-09, 1.38356137658e-09, 4.2854267357e-10, 3.5505173801e-10, 2.07403344499e-10, 4.40790910716e-11, 2.84623800223e-11, 7.41311317887e-11, 2.50227581711e-11, 4.27326785069e-11, 3.40828372469e-11, 1.63398426734e-11, 1.2972402666e-11, 2.28449949929e-11, 1.23557639814e-11, 1.31831412106e-11, 1.62563799228e-11, 3.80251524712e-11, 3.25543723922e-11, 4.54309367903e-11, 8.59723126023e-11, 2.98294687562e-11],
        "dvar2": [0.000135997484904, 0.000517686887179, 8.90278752195e-05, 3.72326758225e-06, 1.65590495271e-06, 8.06631419437e-07, 9.76550040832e-07, 1.46197191953e-06, 7.16106683285e-07, 8.86261020128e-08, 3.0389422534e-08, 3.78931126477e-08, 1.68152681113e-07, 5.53926099656e-07, 1.01332680913e-07, 5.26254879674e-08, 7.8578743512e-09, 3.99028765585e-09, 3.56801521662e-09, 3.23336513119e-09, 1.01934172214e-09, 9.78197189916e-10, 5.70660851906e-10, 1.06752051643e-10, 6.51917547723e-11, 1.92027574397e-10, 5.97881050224e-11, 1.02205348351e-10, 8.49619194443e-11, 4.04105672536e-11, 2.98637087282e-11, 5.73401985615e-11, 2.99423714989e-11, 2.81120942497e-11, 3.65443439398e-11, 9.16453857247e-11, 7.51909715047e-11, 1.00109864842e-10, 2.00590419275e-10, 6.00191493727e-11],
        "max": [0.0699051842093, 0.111260063946, 0.0606564767659, 0.018268192187, 0.0227140448987, 0.0147997541353, 0.0148379951715, 0.0200721099973, 0.0162819549441, 0.00798285286874, 0.00488542113453, 0.00293128821068, 0.00782212987542, 0.0067177247256, 0.00272353203036, 0.0076176780276, 0.00223272689618, 0.00170222204179, 0.00124121527188, 0.0012792708585, 0.00116404611617, 0.000468255835585, 0.00037541257916, 0.000207902790862, 0.000263518973952, 0.00051557662664, 0.000116413611977, 0.000261423498159, 0.00019159927615, 9.82757701422e-05, 9.72011621343e-05, 9.98316172627e-05, 8.04152150522e-05, 0.000184199874639, 0.000130998261739, 0.000166823243489, 0.00015817968233, 0.000225683223107, 0.000416390423197, 0.000186081655556],
        "mean": [0.00377630302683, 0.0032855970785, 0.00106456491631, 0.000586434674915, 0.000826911826152, 0.000509985198732, 0.00046777643729, 0.000461406511022, 0.000260173750576, 9.82344718068e-05, 8.87393616722e-05, 8.19982815301e-05, 0.000120221644465, 0.000101182442449, 4.0127466491e-05, 2.5500987249e-05, 2.71476419584e-05, 1.62941360031e-05, 2.28552562476e-05, 1.96585715457e-05, 7.53834910938e-06, 4.85802229377e-06, 3.41689542438e-06, 2.38024995269e-06, 2.39806013269e-06, 3.13781242767e-06, 2.72921442956e-06, 2.87391162601e-06, 2.83881809082e-06, 2.08124947676e-06, 1.99055489247e-06, 2.00833392228e-06, 1.62839444329e-06, 1.83541465049e-06, 1.9422366222e-06, 2.42786836679e-06, 3.26604549628e-06, 4.51560435977e-06, 4.61565514343e-06, 3.09515735353e-06],
        "median": [0.000244745635428, 0.000108813255792, 3.92575420847e-05, 9.40132886171e-05, 0.00025839250884, 0.000161974836374, 0.000169298771652, 0.000128959363792, 5.87121357967e-05, 2.24621708185e-05, 4.35121037299e-05, 3.58215656888e-05, 2.35642382904e-05, 4.94819323649e-06, 2.75862862509e-06, 2.84656812255e-06, 3.11430949296e-06, 3.2498571727e-06, 3.51112271346e-06, 3.28535179506e-06, 1.2573108279e-06, 9.23529455576e-07, 5.75450371798e-07, 5.59266936762e-07, 6.37919754354e-07, 8.74418105923e-07, 8.14537713723e-07, 7.01389808455e-07, 6.55021096918e-07, 4.72971549925e-07, 4.60607878949e-07, 3.20429165868e-07, 2.78083092553e-07, 3.68155156139e-07, 5.57497287446e-07, 7.80241009579e-07, 1.18357013434e-06, 1.59225794505e-06, 1.44041530348e-06, 9.70040218817e-07],
        "min": [2.091504157e-24, 5.4359876442e-24, 3.67556407038e-24, 4.36783684637e-24, 3.42449015464e-24, 4.73744815718e-24, 3.60767470088e-24, 4.42402385877e-24, 1.07670804538e-23, 3.49463803291e-24, 3.54752050698e-24, 5.19665355644e-24, 8.41691077816e-24, 7.5731498871e-24, 7.01894670219e-24, 6.65921587422e-24, 3.15615734279e-24, 8.00737521693e-24, 8.0398668199e-24, 6.97657777183e-24, 1.26700338383e-23, 1.01541031872e-23, 7.51107915563e-24, 6.91627251107e-24, 7.34423112987e-24, 5.73343238168e-24, 5.49837115901e-24, 6.02904420084e-24, 6.84764950092e-24, 5.26468334318e-24, 7.70974746373e-24, 9.18348794053e-24, 1.00299664574e-23, 1.13820432834e-23, 8.33846250544e-24, 9.44095241847e-24, 8.64039665033e-24, 7.76953128743e-24, 8.80204844931e-24, 1.12195245263e-23],
        "var": [5.76428465138e-05, 0.000146218721056, 1.85782973858e-05, 1.67340022017e-06, 2.38889720094e-06, 1.10418022814e-06, 9.01111320672e-07, 9.77126546786e-07, 5.39916186426e-07, 8.1926373241e-08, 3.01510532097e-08, 2.44209310551e-08, 8.8438909529e-08, 1.51985645402e-07, 2.6684370269e-08, 1.78640036097e-08, 6.41297237536e-09, 2.50183074257e-09, 3.12761816446e-09, 1.91000126826e-09, 6.25614893224e-10, 2.86430795748e-10, 1.55046531169e-10, 5.22742092668e-11, 4.01977409692e-11, 7.49855108562e-11, 3.38425745761e-11, 7.90053161781e-11, 4.07721738316e-11, 1.85896732036e-11, 2.15446219892e-11, 2.58452495516e-11, 1.65247902167e-11, 2.21237958509e-11, 2.54824408102e-11, 5.18245203696e-11, 5.56483296943e-11, 8.73958336256e-11, 1.32293509481e-10, 6.3979675724e-11]
    },
    "mfcc": {
        "mean": [-694.816345215, 101.110862732, 31.1900863647, -13.6825504303, -3.81066989899, -15.2856636047, -4.37342643738, -10.6401824951, 0.497259885073, 5.22511816025, -11.2064447403, -4.05829143524, 3.07062578201],
        "cov": [[7732.84716797, 319.590362549, 318.843597412, 677.993591309, 450.881958008, 717.469726562, 355.964233398, 344.496612549, 330.568450928, 229.874130249, 328.91619873, 295.490905762, 330.51260376], [319.590362549, 1840.59619141, 364.162109375, 236.786956787, 353.816894531, 260.125457764, 231.486801147, 132.332504272, 245.154022217, 245.380859375, 90.9459838867, 69.3196182251, 91.231628418], [318.843597412, 364.162109375, 1136.95349121, 445.16519165, 310.998962402, 174.499160767, 116.676078796, 239.247573853, 187.865524292, 179.695953369, 42.442779541, -30.5580272675, 30.8764076233], [677.993591309, 236.786956787, 445.16519165, 971.595581055, 254.401611328, 422.664093018, 110.462211609, 319.489837646, 272.526550293, 94.0453491211, 128.677947998, 4.30962228775, 51.5511131287], [450.881958008, 353.816894531, 310.998962402, 254.401611328, 531.021362305, 160.275344849, 179.203521729, 150.462921143, 176.894378662, 178.718612671, 49.4290122986, 70.9962005615, 68.8993911743], [717.469726562, 260.125457764, 174.499160767, 422.664093018, 160.275344849, 690.256103516, 217.442520142, 237.905792236, 261.730560303, 120.10572052, 215.075500488, 92.7657089233, 103.169410706], [355.964233398, 231.486801147, 116.676078796, 110.462211609, 179.203521729, 217.442520142, 374.007049561, 144.121276855, 134.955307007, 158.70904541, 100.438102722, 73.3953323364, 60.1408843994], [344.496612549, 132.332504272, 239.247573853, 319.489837646, 150.462921143, 237.905792236, 144.121276855, 398.458526611, 249.671173096, 129.831390381, 138.197463989, 50.5477676392, 67.5545730591], [330.568450928, 245.154022217, 187.865524292, 272.526550293, 176.894378662, 261.730560303, 134.955307007, 249.671173096, 420.631378174, 211.806106567, 131.460922241, 64.504524231, 110.465156555], [229.874130249, 245.380859375, 179.695953369, 94.0453491211, 178.718612671, 120.10572052, 158.70904541, 129.831390381, 211.806106567, 349.847991943, 113.275619507, 52.4507026672, 94.0680923462], [328.91619873, 90.9459838867, 42.442779541, 128.677947998, 49.4290122986, 215.075500488, 100.438102722, 138.197463989, 131.460922241, 113.275619507, 300.158233643, 148.105255127, 98.6294174194], [295.490905762, 69.3196182251, -30.5580272675, 4.30962228775, 70.9962005615, 92.7657089233, 73.3953323364, 50.5477676392, 64.504524231, 52.4507026672, 148.105255127, 249.628753662, 138.3099823], [330.51260376, 91.231628418, 30.8764076233, 51.5511131287, 68.8993911743, 103.169410706, 60.1408843994, 67.5545730591, 110.465156555, 94.0680923462, 98.6294174194, 138.3099823, 219.299423218]],
