{
"lowlevel": {
    "average_loudness": 0.86700886488,
    "barkbands_crest": {
        "dmean": 3.24820494652,
        "dmean2": 5.06659698486,
        "dvar": 8.22691631317,
        "dvar2": 18.6790142059,
        "max": 26.2764625549,
        "mean": 13.1480569839,
        "median": 12.5160293579,
        "min": 2.52867984772,
        "var": 23.4148750305
    },
    "barkbands_flatness_db": {
        "dmean": 0.0303491037339,
        "dmean2": 0.0443137474358,
        "dvar": 0.000869645446073,
        "dvar2": 0.00173540704418,
        "max": 0.635619223118,
        "mean": 0.190786212683,
        "median": 0.184496730566,
        "min": 0.0473618842661,
        "var": 0.00353629724123
    },
    "barkbands_kurtosis": {
        "dmean": 8.41900444031,
        "dmean2": 13.0218257904,
        "dvar": 677.508911133,
        "dvar2": 1502.3626709,
        "max": 830.544616699,
        "mean": 11.0445728302,
        "median": 3.78345251083,
        "min": -1.97689831257,
        "var": 897.172302246
    },
    "barkbands_skewness": {
        "dmean": 0.913325190544,
        "dmean2": 1.34733831882,
        "dvar": 1.41203713417,
        "dvar2": 2.84532546997,
        "max": 26.0405902863,
        "mean": 2.36125445366,
        "median": 2.0136487484,
        "min": -7.70434379578,
        "var": 4.09265804291
    },
    "barkbands_spread": {
        "dmean": 9.44856357574,
        "dmean2": 14.5519542694,
        "dvar": 116.221588135,
        "dvar2": 256.002288818,
        "max": 134.632598877,
        "mean": 27.4682979584,
        "median": 24.3598613739,
        "min": 0.138500958681,
        "var": 344.667144775
    },
    "dissonance": {
        "dmean": 0.0326693691313,
        "dmean2": 0.0543678738177,
        "dvar": 0.00085267459508,
        "dvar2": 0.00232340255752,
        "max": 0.499999850988,
        "mean": 0.42978310585,
        "median": 0.436618119478,
        "min": 0.152780160308,
        "var": 0.00186865986325
    },
    "dynamic_complexity": 3.09315061569,
    "erbbands_crest": {
        "dmean": 3.53756308556,
        "dmean2": 5.73515129089,
        "dvar": 10.0914964676,
        "dvar2": 24.4232711792,
        "max": 34.164390564,
        "mean": 12.182135582,
        "median": 11.0284633636,
        "min": 2.78508496284,
        "var": 28.5169410706
    },
    "erbbands_flatness_db": {
        "dmean": 0.0217705443501,
        "dmean2": 0.0315887518227,
        "dvar": 0.000429702951806,
        "dvar2": 0.000798787630629,
        "max": 0.545448422432,
        "mean": 0.16964545846,
        "median": 0.162792816758,
        "min": 0.0265811737627,
        "var": 0.00260565150529
    },
    "erbbands_kurtosis": {
        "dmean": 1.96511244774,
        "dmean2": 3.11619877815,
        "dvar": 13.6387739182,
        "dvar2": 33.2880592346,
        "max": 141.5965271,
        "mean": 1.66621744633,
        "median": 0.406955480576,
        "min": -1.93035018444,
        "var": 22.9274578094
    },
    "erbbands_skewness": {
        "dmean": 0.552722156048,
        "dmean2": 0.844174802303,
        "dvar": 0.348504006863,
        "dvar2": 0.764662206173,
        "max": 8.83100509644,
        "mean": 0.907213032246,
        "median": 0.932672858238,
        "min": -7.73796033859,
        "var": 1.12501513958
    },
    "erbbands_spread": {
        "dmean": 16.649061203,
        "dmean2": 26.0441894531,
        "dvar": 302.21081543,
        "dvar2": 705.518188477,
        "max": 193.32611084,
        "mean": 59.8482780457,
        "median": 55.7182312012,
        "min": 1.28524565697,
        "var": 1026.63586426
    },
    "hfc": {
        "dmean": 12.0159339905,
        "dmean2": 18.7760295868,
        "dvar": 314.57635498,
        "dvar2": 742.665100098,
        "max": 293.957794189,
        "mean": 31.0909118652,
        "median": 25.1682739258,
        "min": 1.16149154664e-16,
        "var": 726.214233398
    },
    "melbands_crest": {
        "dmean": 3.77300310135,
        "dmean2": 6.10177564621,
        "dvar": 11.9794197083,
        "dvar2": 28.2981967926,
        "max": 38.5277252197,
        "mean": 17.529504776,
        "median": 17.1339054108,
        "min": 1.83441329002,
        "var": 33.4380874634
    },
    "melbands_flatness_db": {
        "dmean": 0.0360425747931,
        "dmean2": 0.0513346157968,
        "dvar": 0.00133698049467,
        "dvar2": 0.0024414404761,
        "max": 0.7462490201,
        "mean": 0.247506976128,
        "median": 0.239553898573,
        "min": 0.00492966454476,
        "var": 0.00640928791836
    },
    "melbands_kurtosis": {
        "dmean": 23.9566135406,
        "dmean2": 38.0571479797,
        "dvar": 2574.43457031,
        "dvar2": 5981.64746094,
        "max": 912.617980957,
        "mean": 38.9450569153,
        "median": 21.2859325409,
        "min": -1.97056615353,
        "var": 3919.48022461
    },
    "melbands_skewness": {
        "dmean": 1.37104058266,
        "dmean2": 2.09472084045,
        "dvar": 2.79342079163,
        "dvar2": 6.16001796722,
        "max": 23.0237903595,
        "mean": 4.26795196533,
        "median": 3.80775427818,
        "min": -4.84485387802,
        "var": 7.64011096954
    },
    "melbands_spread": {
        "dmean": 9.70939826965,
        "dmean2": 14.9019403458,
        "dvar": 306.919403076,
        "dvar2": 683.253112793,
        "max": 282.243011475,
        "mean": 22.908498764,
        "median": 17.15143013,
        "min": 0.258858591318,
        "var": 633.671813965
    },
    "pitch_salience": {
        "dmean": 0.0817357301712,
        "dmean2": 0.13094624877,
        "dvar": 0.00763171352446,
        "dvar2": 0.0183904003352,
        "max": 0.883973896503,
        "mean": 0.46065762639,
        "median": 0.460577428341,
        "min": 0.0630482882261,
        "var": 0.0177209228277
    },
    "silence_rate_20dB": {
        "dmean": 0.0011474469211,
        "dmean2": 0.00229511340149,
        "dvar": 0.00114577554632,
        "dvar2": 0.00267281383276,
        "max": 1,
        "mean": 0.999043881893,
        "median": 1,
        "min": 0,
        "var": 0.000955239636824
    },
    "silence_rate_30dB": {
        "dmean": 0.0462803579867,
        "dmean2": 0.0925695672631,
        "dvar": 0.0441344901919,
        "dvar2": 0.0849483162165,
        "max": 1,
        "mean": 0.917200505733,
        "median": 1,
        "min": 0,
        "var": 0.0759381204844
    },
    "silence_rate_60dB": {
        "dmean": 0.0177854280919,
        "dmean2": 0.0355742573738,
        "dvar": 0.0174668729305,
        "dvar2": 0.0408051125705,
        "max": 1,
        "mean": 0.0712305158377,
        "median": 0,
        "min": 0,
        "var": 0.0661619082093
    },
    "spectral_centroid": {
        "dmean": 300.843505859,
        "dmean2": 452.541656494,
        "dvar": 181817.078125,
        "dvar2": 345925.3125,
        "max": 11148.0048828,
        "mean": 1103.6640625,
        "median": 948.20098877,
        "min": 121.460372925,
        "var": 535686.1875
    },
    "spectral_complexity": {
        "dmean": 2.9018933773,
        "dmean2": 4.49383211136,
        "dvar": 19.5309505463,
        "dvar2": 38.8035888672,
        "max": 53,
        "mean": 10.4588394165,
        "median": 9,
        "min": 0,
        "var": 44.6109046936
    },
    "spectral_decrease": {
        "dmean": 4.93358331966e-09,
        "dmean2": 8.03044386544e-09,
        "dvar": 1.2299056037e-16,
        "dvar2": 3.12902441045e-16,
        "max": 1.29691123379e-28,
        "mean": -1.02563131321e-08,
        "median": -6.42189101896e-09,
        "min": -1.67455510791e-07,
        "var": 1.79907984817e-16
    },
    "spectral_energy": {
        "dmean": 0.0192588809878,
        "dmean2": 0.0313145555556,
        "dvar": 0.00180287053809,
        "dvar2": 0.00459411926568,
        "max": 0.640869438648,
        "mean": 0.0415295697749,
        "median": 0.0274438075721,
        "min": 1.04020256162e-20,
        "var": 0.00265051727183
    },
    "spectral_energyband_high": {
        "dmean": 0.000996536575258,
        "dmean2": 0.00152946275193,
        "dvar": 2.38651091422e-06,
        "dvar2": 5.18617616763e-06,
        "max": 0.0281131863594,
        "mean": 0.00213661766611,
        "median": 0.00139959482476,
        "min": 7.70441353969e-21,
        "var": 6.20928403805e-06
    },
    "spectral_energyband_low": {
        "dmean": 0.0144939059392,
        "dmean2": 0.0235954020172,
        "dvar": 0.0016054562293,
        "dvar2": 0.00408304110169,
        "max": 0.583244502544,
        "mean": 0.0232795607299,
        "median": 0.00159862916917,
        "min": 4.8255372568e-23,
        "var": 0.00223222980276
    },
    "spectral_energyband_middle_high": {
        "dmean": 0.00222126138397,
        "dmean2": 0.00356020615436,
        "dvar": 3.11484436679e-05,
        "dvar2": 8.18272528704e-05,
        "max": 0.10086106509,
        "mean": 0.00420797383413,
        "median": 0.00166235095821,
        "min": 1.47748028334e-21,
        "var": 4.9525333452e-05
    },
    "spectral_energyband_middle_low": {
        "dmean": 0.0070698200725,
        "dmean2": 0.0122881699353,
        "dvar": 0.000211254548049,
        "dvar2": 0.000606771907769,
        "max": 0.195228278637,
        "mean": 0.0129684414715,
        "median": 0.0100139901042,
        "min": 2.72603747387e-22,
        "var": 0.000186545134056
    },
    "spectral_entropy": {
        "dmean": 0.262015402317,
        "dmean2": 0.386595606804,
        "dvar": 0.0730549544096,
        "dvar2": 0.14196754992,
        "max": 9.80406093597,
        "mean": 7.53293275833,
        "median": 7.60401201248,
        "min": 3.98685598373,
        "var": 0.295350193977
    },
    "spectral_flux": {
        "dmean": 0.0404045730829,
        "dmean2": 0.0664276182652,
        "dvar": 0.00462839659303,
        "dvar2": 0.0088008036837,
        "max": 0.720701038837,
        "mean": 0.103834167123,
        "median": 0.082278162241,
        "min": 6.95107790771e-11,
        "var": 0.00779001973569
    },
    "spectral_kurtosis": {
        "dmean": 1.25483596325,
        "dmean2": 1.85617816448,
        "dvar": 20.5426673889,
        "dvar2": 41.7700614929,
        "max": 251.537445068,
        "mean": 2.14691495895,
        "median": 1.06205606461,
        "min": -1.66780543327,
        "var": 70.154800415
    },
    "spectral_rms": {
        "dmean": 0.00119827908929,
        "dmean2": 0.00186133116949,
        "dvar": 3.42160933542e-06,
        "dvar2": 7.81288417784e-06,
        "max": 0.0250047687441,
        "mean": 0.00555514823645,
        "median": 0.00517440307885,
        "min": 3.185642505e-12,
        "var": 9.65689378063e-06
    },
    "spectral_rolloff": {
        "dmean": 1135.53942871,
        "dmean2": 1985.28369141,
        "dvar": 4524029,
        "dvar2": 10451916,
        "max": 19035.3515625,
        "mean": 2121.15258789,
        "median": 861.328125,
        "min": 21.533203125,
        "var": 8252591.5
    },
    "spectral_skewness": {
        "dmean": 0.260742485523,
        "dmean2": 0.378698378801,
        "dvar": 0.114224232733,
        "dvar2": 0.196141019464,
        "max": 13.7447061539,
        "mean": 1.34560000896,
        "median": 1.30008006096,
        "min": -0.931711733341,
        "var": 0.511794865131
    },
    "spectral_spread": {
        "dmean": 1176614,
        "dmean2": 1688938.375,
        "dvar": 1.67968309248e+12,
        "dvar2": 3.07628317082e+12,
        "max": 40274812,
        "mean": 8799570,
        "median": 8841633,
        "min": 508461.125,
        "var": 8.76134793216e+12
    },
    "spectral_strongpeak": {
        "dmean": 0.5482827425,
        "dmean2": 0.922376513481,
        "dvar": 0.920651078224,
        "dvar2": 2.20249009132,
        "max": 20.4800796509,
        "mean": 1.04726731777,
        "median": 0.620558202267,
        "min": 0,
        "var": 1.64224457741
    },
    "zerocrossingrate": {
        "dmean": 0.0199669580907,
        "dmean2": 0.0228197816759,
        "dvar": 0.000497090048157,
        "dvar2": 0.000568802643102,
        "max": 0.5263671875,
        "mean": 0.0898304432631,
        "median": 0.080078125,
        "min": 0.0029296875,
        "var": 0.00344447768293
    },
    "barkbands": {
        "dmean": [0.000251382472925, 0.00962348189205, 0.00641883118078, 0.00202332111076, 0.00197522388771, 0.00237274519168, 0.00162419909611, 0.000667807005811, 0.000480848684674, 0.000741918920539, 0.000487973215058, 0.000581262574997, 0.000318404810969, 0.000326405192027, 0.000406465609558, 0.000184725606232, 0.000104873863165, 7.68178506405e-05, 0.000115156195534, 8.93929754966e-05, 6.85978084221e-05, 0.000107507185021, 0.00018611671112, 0.00048745633103, 0.000277346669463, 6.10309434705e-05, 5.56531915663e-07],
        "dmean2": [0.00040493090637, 0.014095922932, 0.0119328731671, 0.00383319915272, 0.00347109977156, 0.00386273209006, 0.00258212001063, 0.00108780455776, 0.000767807068769, 0.00112758344039, 0.000802549475338, 0.000985245220363, 0.000472456624266, 0.000508516735863, 0.000651107926387, 0.000305722467601, 0.000171183099155, 0.000121119228425, 0.000180072296644, 0.000138893854455, 0.000108279731649, 0.000176223577, 0.000304804940242, 0.00074723653961, 0.000421726406785, 9.61578916758e-05, 9.44606540543e-07],
        "dvar": [2.53753995594e-07, 0.000535176484846, 0.000725847436115, 7.03685291228e-05, 2.84488050966e-05, 1.61306961672e-05, 8.83579014044e-06, 3.44049362866e-06, 1.05819390228e-06, 2.4913949801e-06, 2.44969282903e-06, 5.32642798134e-06, 1.74350020643e-06, 1.39181349823e-06, 2.33827108786e-06, 1.14694807962e-06, 2.41952136548e-07, 5.23869658764e-08, 7.01395777014e-08, 4.98607555244e-08, 5.41597025006e-08, 8.96208121048e-08, 1.30228130502e-07, 6.2623115582e-07, 3.21294464811e-07, 1.12555538223e-08, 1.45511087988e-12],
        "dvar2": [6.52018343317e-07, 0.00101151224226, 0.00209216726944, 0.000206113938475, 8.0174759205e-05, 4.24267345807e-05, 2.14948431676e-05, 8.38920095703e-06, 2.57274996329e-06, 5.46253795619e-06, 6.17643081569e-06, 1.41687587529e-05, 2.96473103845e-06, 3.0968531064e-06, 5.4593783716e-06, 2.9395000638e-06, 5.96486074755e-07, 1.27382364212e-07, 1.61563860956e-07, 1.07764982715e-07, 1.21330842262e-07, 2.02353447776e-07, 3.09526029696e-07, 1.46619686348e-06, 6.56113456898e-07, 2.58725698643e-08, 3.78333128714e-12],
        "max": [0.00657882867381, 0.352176338434, 0.385333865881, 0.115446381271, 0.0751162692904, 0.0722691118717, 0.0588632337749, 0.0444791354239, 0.0202644411474, 0.0351629629731, 0.0381863377988, 0.0424554646015, 0.0661559402943, 0.0370250269771, 0.0427423417568, 0.0468952916563, 0.0226713512093, 0.00855093449354, 0.00971301458776, 0.00591196119785, 0.00705242389813, 0.0107037089765, 0.00888490770012, 0.0168053172529, 0.0230245534331, 0.00371272838674, 2.68155381491e-05],
        "mean": [0.000419309188146, 0.0172269381583, 0.00474582798779, 0.00151116051711, 0.00243270816281, 0.00421938998625, 0.00284959166311, 0.00091484375298, 0.000626155291684, 0.00107696885243, 0.000674993963912, 0.000626583059784, 0.000476961722597, 0.00041524952394, 0.000485924829263, 0.00021072322852, 0.0001271898509, 0.0001065618344, 0.000172681655386, 0.00014123384608, 7.34904460842e-05, 0.000108178595838, 0.000269194453722, 0.00103249633685, 0.000491847051308, 9.25938365981e-05, 5.48331570371e-07],
        "median": [1.90530281543e-05, 0.000364040985005, 0.000283346744254, 0.000253813894233, 0.000877062848303, 0.00214769365266, 0.00107673218008, 9.85418446362e-05, 9.56584044616e-05, 0.000231075871852, 7.25377467461e-05, 6.47365959594e-05, 5.27171068825e-05, 5.60406733712e-05, 5.90140443819e-05, 3.50476475433e-05, 3.05395733449e-05, 2.64282316493e-05, 6.26655164524e-05, 4.82955401822e-05, 1.48396520672e-05, 1.78191330633e-05, 0.000129156760522, 0.000593120872509, 0.000240836350713, 4.37008566223e-05, 1.50034040303e-07],
        "min": [9.99452135921e-24, 2.24001881866e-23, 1.15428549455e-23, 8.3655322674e-24, 4.2760678684e-23, 2.57428316558e-23, 1.57171163698e-23, 2.10551046126e-23, 4.02490244479e-23, 2.48025836097e-23, 2.45218753451e-23, 6.82867471403e-23, 5.18631679646e-23, 8.68975346836e-23, 6.76633576985e-23, 7.40825082109e-23, 9.79245795156e-23, 1.84287045624e-22, 1.8226167996e-22, 3.62398635647e-22, 3.51710794694e-22, 2.82556571926e-22, 6.81202873919e-22, 7.09317119274e-22, 1.11236879921e-21, 1.42520250902e-21, 2.64997144118e-21],
        "var": [6.17874889031e-07, 0.00108918373007, 0.000418617477408, 3.81728677894e-05, 2.4119630325e-05, 3.37672026944e-05, 2.05225605896e-05, 6.24809172223e-06, 1.75975389993e-06, 4.90418369736e-06, 5.24860070072e-06, 5.71273449168e-06, 5.0368189477e-06, 2.48486844612e-06, 3.60583203474e-06, 1.41610462379e-06, 2.98059831039e-07, 8.20451120376e-08, 1.17972668079e-07, 1.02850073347e-07, 6.95359290148e-08, 1.29664840642e-07, 1.90946522594e-07, 1.68644453424e-06, 7.18706928637e-07, 1.91397351301e-08, 1.51836594513e-12]
    },
    "erbbands": {
        "dmean": [0.303021162748, 2.2824344635, 7.11389541626, 7.10346364975, 5.68492698669, 6.64319944382, 12.4531507492, 20.3906440735, 25.0884647369, 20.4173545837, 12.251789093, 9.5759305954, 21.0275974274, 20.7594280243, 18.3667507172, 23.6687908173, 13.5977659225, 17.0731906891, 18.7013969421, 15.6007089615, 8.40873718262, 5.36301803589, 3.81613850594, 4.46336889267, 6.28686857224, 4.2579908371, 3.05806088448, 2.74633431435, 3.80406999588, 4.12608098984, 5.70618581772, 7.4877986908, 10.1130867004, 4.42681407928, 1.3149971962, 0.409118115902, 0.0877503305674, 0.00825610756874, 0.000175738881808, 2.97967599181e-05],
        "dmean2": [0.41260612011, 3.458142519, 13.1092796326, 13.2606372833, 10.5176286697, 11.6443071365, 20.3214969635, 33.0500640869, 39.9495658875, 31.870470047, 19.5713481903, 15.2137413025, 32.8189353943, 32.0264854431, 30.1656417847, 39.1730690002, 19.9365062714, 26.2583026886, 29.4791259766, 25.1480522156, 13.32513237, 8.7184047699, 5.94822502136, 6.86627244949, 9.90493679047, 6.63774394989, 4.79959774017, 4.33287382126, 6.22111034393, 6.72690248489, 9.27065753937, 11.6627750397, 15.4636154175, 6.68628072739, 2.02631545067, 0.643512308598, 0.138570100069, 0.0129650067538, 0.000273245124845, 4.75425185869e-05],
        "dvar": [0.438467592001, 35.4948539734, 829.826843262, 891.840026855, 420.895385742, 326.796112061, 826.570007324, 1391.71557617, 1711.953125, 2852.30883789, 1141.92175293, 498.2840271, 2253.11791992, 2572.61669922, 3305.1081543, 8326.84277344, 3259.99194336, 3699.98852539, 4652.62451172, 5229.52099609, 1832.85864258, 719.224182129, 138.880020142, 111.082565308, 236.839691162, 116.107383728, 103.732200623, 94.2984161377, 131.57220459, 88.7094497681, 120.018409729, 153.967819214, 300.231964111, 79.7395248413, 8.74689865112, 0.532232701778, 0.026540607214, 0.00026962487027, 1.05005973694e-07, 2.63374921872e-09],
        "dvar2": [0.752810657024, 75.1631469727, 2378.12231445, 2583.671875, 1225.68896484, 908.12487793, 2114.69042969, 3613.14868164, 4244.05712891, 6613.77539062, 2626.00830078, 1193.18896484, 5589.27832031, 5782.0234375, 8758.47558594, 21807.8554688, 5382.375, 8171.65087891, 10839.9814453, 11897.7744141, 4047.83007812, 1789.17895508, 316.86505127, 239.211029053, 547.854003906, 255.480987549, 221.553146362, 208.360305786, 297.549163818, 208.022476196, 286.318237305, 353.217559814, 709.705078125, 166.443878174, 19.5516662598, 1.26336121559, 0.060693833977, 0.000602560583502, 2.33495200064e-07, 6.56338894345e-09],
        "max": [10.2330360413, 91.6667404175, 390.385192871, 400.532958984, 355.394256592, 339.985565186, 605.631896973, 802.745849609, 784.997131348, 1633.32141113, 1023.85021973, 648.330078125, 1082.4498291, 1398.91503906, 1168.87670898, 2041.0135498, 3436.54736328, 2226.19873047, 2465.76391602, 2592.84277344, 1770.0579834, 1404.56005859, 537.952270508, 321.914581299, 681.062255859, 319.340484619, 345.310394287, 367.361968994, 393.419464111, 220.822463989, 300.972991943, 234.375015259, 346.127624512, 276.960449219, 127.431129456, 20.0028343201, 6.04407215118, 0.67288684845, 0.0128357913345, 0.000743251643144],
        "mean": [0.543662488461, 3.69027018547, 5.87224578857, 5.49531412125, 5.12167978287, 8.09165287018, 20.6346244812, 36.2521781921, 44.3795776367, 34.5326347351, 17.5803279877, 13.1267614365, 30.8419361115, 32.8382568359, 24.3940467834, 28.0478363037, 21.4263725281, 24.370759964, 24.1991176605, 19.2209281921, 11.0966291428, 7.02799701691, 5.57957172394, 6.86595344543, 9.50162029266, 6.84038114548, 3.82414245605, 2.86756539345, 3.76109719276, 4.78298377991, 8.72249126434, 14.6161727905, 20.5096683502, 8.30990886688, 2.11916422844, 0.650599479675, 0.12264559418, 0.0107395276427, 0.000276822800515, 6.99675219948e-05],
        "median": [0.0127225825563, 0.0637854859233, 0.299469530582, 1.06809830666, 1.28500235081, 2.90329051018, 6.49680042267, 16.611114502, 23.1883010864, 7.56550264359, 2.96773695946, 3.31125426292, 7.98755121231, 6.61305379868, 5.09633636475, 3.76397585869, 3.2457857132, 4.1130695343, 3.29717040062, 2.85322093964, 2.38574099541, 1.74533343315, 1.55013465881, 2.38702750206, 3.43848156929, 2.37650823593, 1.0708912611, 0.450967311859, 0.537449538708, 1.44620418549, 4.52050733566, 8.99684810638, 10.4557418823, 4.00971651077, 0.9830057621, 0.313104212284, 0.0515655428171, 0.0038079675287, 0.000139044830576, 5.45990005776e-05],
        "min": [5.40408847577e-22, 5.29044403781e-21, 1.64740386067e-20, 2.97560292349e-20, 2.85844862247e-20, 1.09039878925e-19, 2.07668552468e-19, 2.0000736073e-19, 2.42295883873e-19, 6.5739481249e-19, 1.1679414916e-18, 1.19340676375e-18, 6.81973553814e-19, 8.83212896669e-19, 8.87460779307e-19, 3.08714144362e-18, 2.78854206379e-18, 4.23297188047e-18, 3.71227781489e-18, 3.91768206383e-18, 4.81492901017e-18, 8.14045563452e-18, 9.94179610113e-18, 7.74321786177e-18, 1.27464148337e-17, 1.63558290171e-17, 1.27770304425e-17, 1.61420111006e-17, 1.15348442177e-17, 1.37804005256e-17, 1.82469938536e-17, 1.59502243125e-17, 1.30910803155e-17, 1.16716143961e-17, 7.81969567249e-18, 4.95602368879e-18, 2.95849810797e-18, 1.15829191277e-18, 3.76427614595e-19, 3.61097489227e-20],
        "var": [0.972531974316, 59.9706001282, 510.213317871, 503.509552002, 242.149673462, 287.654968262, 1796.64379883, 2969.12353516, 3491.59545898, 6420.29638672, 2149.87963867, 788.596435547, 3705.05664062, 6423.84179688, 4336.59277344, 10524.7060547, 9599.95898438, 8250.95507812, 8621.35839844, 7672.15820312, 3100.4375, 894.861633301, 225.707977295, 194.648956299, 403.634918213, 248.379058838, 154.500778198, 134.807662964, 185.535369873, 117.9815979, 184.968521118, 347.360107422, 767.562744141, 186.505981445, 15.4235754013, 0.941911876202, 0.0401807278395, 0.000411408604123, 1.76393811557e-07, 4.5829327e-09]
    },
    "gfcc": {
        "mean": [-16.9810142517, 52.6255874634, -88.7420349121, 10.8464365005, -82.779624939, 22.4637145996, -64.5417098999, 16.3054656982, -32.2938499451, 3.69616508484, -0.211046725512, -0.96572971344, -5.76761484146],
        "cov": [[7899.72607422, 305.834411621, 257.545593262, 801.63494873, 315.954803467, 632.549804688, 245.937026978, 501.122741699, 183.716720581, 174.111450195, -45.6321601868, -9.72808742523, -92.7555541992], [305.834411621, 1848.01647949, 695.233398438, 657.366760254, 923.873596191, 346.628051758, 542.327758789, 225.934143066, 202.824249268, 50.7319335938, 171.685791016, -78.3630065918, 22.3079090118], [257.545593262, 695.233398438, 1734.9263916, 860.362487793, 513.141418457, 649.029724121, 461.312164307, 341.659881592, 347.821044922, 133.962738037, 102.697921753, 165.628738403, 21.7163467407], [801.63494873, 657.366760254, 860.362487793, 993.306640625, 671.028808594, 414.697113037, 449.806182861, 290.443756104, 312.117218018, 128.011444092, 65.5298843384, 98.252456665, 0.0858452171087], [315.954803467, 923.873596191, 513.141418457, 671.028808594, 974.612854004, 453.105072021, 484.228881836, 266.469940186, 237.923400879, 163.74861145, 110.903312683, 12.5133123398, 5.98298120499], [632.549804688, 346.628051758, 649.029724121, 414.697113037, 453.105072021, 706.379455566, 387.718963623, 285.879821777, 234.316009521, 187.102905273, 137.951553345, 50.7375946045, 33.730304718], [245.937026978, 542.327758789, 461.312164307, 449.806182861, 484.228881836, 387.718963623, 557.300415039, 248.701705933, 203.038345337, 157.139022827, 85.2834701538, 64.8186416626, 9.5774974823], [501.122741699, 225.934143066, 341.659881592, 290.443756104, 266.469940186, 285.879821777, 248.701705933, 439.356567383, 250.134292603, 103.918876648, 151.715209961, 46.0493011475, 48.2507286072], [183.716720581, 202.824249268, 347.821044922, 312.117218018, 237.923400879, 234.316009521, 203.038345337, 250.134292603, 342.2159729, 155.756774902, 93.9690628052, 87.9962081909, 24.25598526], [174.111450195, 50.7319335938, 133.962738037, 128.011444092, 163.74861145, 187.102905273, 157.139022827, 103.918876648, 155.756774902, 242.438858032, 101.016242981, 34.6644210815, -0.633749544621], [-45.6321601868, 171.685791016, 102.697921753, 65.5298843384, 110.903312683, 137.951553345, 85.2834701538, 151.715209961, 93.9690628052, 101.016242981, 248.147186279, 32.130531311, 46.8585700989], [-9.72808742523, -78.3630065918, 165.628738403, 98.252456665, 12.5133123398, 50.7375946045, 64.8186416626, 46.0493011475, 87.9962081909, 34.6644210815, 32.130531311, 192.739486694, 44.7536468506], [-92.7555541992, 22.3079090118, 21.7163467407, 0.0858452171087, 5.98298120499, 33.730304718, 9.5774974823, 48.2507286072, 24.25598526, -0.633749544621, 46.8585700989, 44.7536468506, 165.508132935]],
        "icov": [[0.000211337828659, -0.000211043516174, 0.000252133817412, -0.000423785095336, 0.000350825721398, -0.000402786507038, 0.000353186187567, -0.000500165799167, 0.000435948750237, -0.000390311528463, 0.000433479959611, -0.000235722094658, 0.000184431730304], [-0.000211043516174, 0.00192827091087, -0.000822919420898, 0.000732390326448, -0.00181083381176, 0.00121080258396, -0.00155187991913, 0.00138063973282, -0.00128044583835, 0.00183084164746, -0.00178814702667, 0.00177782948595, -0.000544378650375], [0.000252133817412, -0.000822919420898, 0.00183775962796, -0.00159860868007, 0.00129135907628, -0.00167599471752, 0.000799076922704, -0.000843589892611, 0.000596113328356, -0.000502159295138, 0.000919798971154, -0.00124582380522, 0.000493665633257], [-0.000423785095336, 0.000732390326448, -0.00159860868007, 0.00414147460833, -0.00244666449726, 0.00142559770029, -0.00147584290244, 0.001076161745, -0.00213054311462, 0.00149188376963, -0.000691247812938, 0.000418131501647, -0.000158435897902], [0.000350825721398, -0.00181083381176, 0.00129135907628, -0.00244666449726, 0.00451553054154, -0.00197859993204, 0.000486092758365, -0.00140228774399, 0.00141129805706, -0.00192887103185, 0.00146790698636, -0.000837648112793, 0.00048988906201], [-0.000402786507038, 0.00121080258396, -0.00167599471752, 0.00142559770029, -0.00197859993204, 0.00460342131555, -0.00214201631024, 0.000708783511072, -0.00113480328582, 0.000276020145975, -0.00168633752037, 0.00161418574862, -0.000910763337743], [0.000353186187567, -0.00155187991913, 0.000799076922704, -0.00147584290244, 0.000486092758365, -0.00214201631024, 0.00588709721342, -0.00258656940423, 0.00202385755256, -0.00288926297799, 0.00228972127661, -0.00235245656222, 0.000815560168121], [-0.000500165799167, 0.00138063973282, -0.000843589892611, 0.001076161745, -0.00140228774399, 0.000708783511072, -0.00258656940423, 0.00709111057222, -0.00482279900461, 0.00335906515829, -0.00381022668444, 0.00230218353681, -0.00119172292762], [0.000435948750237, -0.00128044583835, 0.000596113328356, -0.00213054311462, 0.00141129805706, -0.00113480328582, 0.00202385755256, -0.00482279900461, 0.00934176985174, -0.00511303823441, 0.00237149652094, -0.00312469340861, 0.000593771750573], [-0.000390311528463, 0.00183084164746, -0.000502159295138, 0.00149188376963, -0.00192887103185, 0.000276020145975, -0.00288926297799, 0.00335906515829, -0.00511303823441, 0.0098219960928, -0.00423013651744, 0.00182245380711, 0.000292789714877], [0.000433479959611, -0.00178814702667, 0.000919798971154, -0.000691247812938, 0.00146790698636, -0.00168633752037, 0.00228972127661, -0.00381022668444, 0.00237149652094, -0.00423013651744, 0.00816913321614, -0.00223597674631, -0.000439451774582], [-0.000235722094658, 0.00177782948595, -0.00124582380522, 0.000418131501647, -0.000837648112793, 0.00161418574862, -0.00235245656222, 0.00230218353681, -0.00312469340861, 0.00182245380711, -0.00223597674631, 0.00862758420408, -0.00227714353241], [0.000184431730304, -0.000544378650375, 0.000493665633257, -0.000158435897902, 0.00048988906201, -0.000910763337743, 0.000815560168121, -0.00119172292762, 0.000593771750573, 0.000292789714877, -0.000439451774582, -0.00227714353241, 0.00727643631399]]
    },
    "melbands": {
        "dmean": [0.00267820712179, 0.00333398743533, 0.00120820628945, 0.000413709174609, 0.000395966984797, 0.0004612255143, 0.000372375099687, 0.000205196643947, 9.04440967133e-05, 6.60906516714e-05, 0.000107244886749, 8.59695574036e-05, 6.59257129882e-05, 7.81929920777e-05, 3.60455342161e-05, 3.05364847009e-05, 3.30065013259e-05, 2.90792268061e-05, 2.78583629552e-05, 1.58225975611e-05, 9.57894553721e-06, 6.58486578686e-06, 3.49506922248e-06, 4.14905935031e-06, 3.65305459127e-06, 5.37128335054e-06, 3.77636229132e-06, 2.82918063021e-06, 2.22154267249e-06, 1.50565404056e-06, 1.68386588939e-06, 2.24837708629e-06, 2.11308338294e-06, 2.45936485044e-06, 3.22335495184e-06, 4.0235340748e-06, 5.20501407664e-06, 7.71953000367e-06, 6.54836730973e-06, 3.2115005979e-06],
        "dmean2": [0.00370757817291, 0.00583508145064, 0.00224510184489, 0.000750743085518, 0.000653991417494, 0.000747036014218, 0.00059300562134, 0.000322149135172, 0.000144804696902, 0.000104728525912, 0.000167228237842, 0.000131071967189, 0.000106858751678, 0.000133618072141, 5.35708204552e-05, 4.65544035251e-05, 5.084266013e-05, 4.58003742096e-05, 4.53031534562e-05, 2.57892115769e-05, 1.49071465785e-05, 1.07138957901e-05, 5.56443364985e-06, 6.50246784062e-06, 5.64306401429e-06, 8.44064925332e-06, 5.92210790273e-06, 4.49564004157e-06, 3.52676624971e-06, 2.42353189606e-06, 2.68348981081e-06, 3.69582357962e-06, 3.49523429577e-06, 4.03284138883e-06, 5.31239493284e-06, 6.47689284961e-06, 8.17063755676e-06, 1.19551186799e-05, 9.99685198622e-06, 4.93579500471e-06],
        "dvar": [3.62060854968e-05, 0.000138857067213, 2.4664308512e-05, 1.71644546754e-06, 7.77458865286e-07, 6.42627355774e-07, 3.74131957415e-07, 2.86747422251e-07, 6.43570459147e-08, 2.21512674869e-08, 5.70940272837e-08, 4.39168310606e-08, 4.31996269867e-08, 1.08533768639e-07, 1.82568822282e-08, 1.1782332443e-08, 1.51364272227e-08, 1.23249597195e-08, 1.24206325225e-08, 9.29599419663e-09, 2.68044098028e-09, 1.15119491717e-09, 1.9946633234e-10, 1.50355075612e-10, 8.39640787453e-11, 1.58455096266e-10, 8.30098420557e-11, 6.16981535306e-11, 5.85282863841e-11, 3.0203610446e-11, 3.94231557121e-11, 5.79470429973e-11, 2.88910909085e-11, 3.28986109188e-11, 4.09686069791e-11, 6.18177314893e-11, 7.41509562086e-11, 1.77270004231e-10, 1.49925169501e-10, 5.05735696377e-11],
        "dvar2": [6.03005209996e-05, 0.000386427884223, 7.121013914e-05, 4.94066580359e-06, 2.01702209779e-06, 1.68579879301e-06, 9.3021151315e-07, 6.78715764479e-07, 1.48239053033e-07, 5.33532471536e-08, 1.40446204e-07, 9.53891046152e-08, 1.08891718753e-07, 2.95143621543e-07, 3.48700837094e-08, 2.25153851119e-08, 3.27296767466e-08, 2.76850098402e-08, 2.92571531446e-08, 2.45243452213e-08, 5.56150991926e-09, 2.69163025202e-09, 4.55248838627e-10, 3.52233631151e-10, 1.81052783876e-10, 3.57629925674e-10, 1.83575307733e-10, 1.39181013936e-10, 1.26917823473e-10, 7.36012709113e-11, 8.44136149869e-11, 1.30557384348e-10, 7.05533201306e-11, 7.87452117401e-11, 9.98139904063e-11, 1.46161027725e-10, 1.73421790817e-10, 4.27164914552e-10, 3.3671357369e-10, 1.08279163413e-10],
        "max": [0.0994048640132, 0.157718986273, 0.0667490214109, 0.0199930947274, 0.0181631483138, 0.0162610542029, 0.0113423177972, 0.0160064343363, 0.00786151457578, 0.00393508560956, 0.0053235264495, 0.00607808167115, 0.00486963335425, 0.0060020997189, 0.00643358798698, 0.00460616918281, 0.00478991493583, 0.00436453102157, 0.0037210918963, 0.00486410362646, 0.00265233265236, 0.00161986215971, 0.000736303511076, 0.000292019947665, 0.000291367119644, 0.000387863925425, 0.000322186853737, 0.000245257804636, 0.00027743075043, 0.000152282897034, 0.000277311250102, 0.000260387430899, 0.000176394387381, 0.000155657122377, 0.000187317971722, 0.000200746319024, 0.00017579102132, 0.000247187796049, 0.000247624586336, 0.000238109059865],
        "mean": [0.00488178757951, 0.00374631257728, 0.000958734133746, 0.000435801164713, 0.000651292852126, 0.000828522024676, 0.000672968046274, 0.000331847579218, 0.00012137376325, 8.85113768163e-05, 0.000155286717927, 0.000133445122628, 8.98306825547e-05, 7.9875033407e-05, 5.44739996258e-05, 4.40790317953e-05, 4.38088136434e-05, 3.67026514141e-05, 3.18178608723e-05, 1.7988613763e-05, 1.22257124531e-05, 7.82821280154e-06, 4.52661788586e-06, 5.604877515e-06, 5.20201319887e-06, 7.6057649494e-06, 5.64237052458e-06, 4.28960629506e-06, 2.71417093245e-06, 1.51247570557e-06, 1.70505870756e-06, 2.14509714169e-06, 2.10467419492e-06, 2.8193419439e-06, 4.52347558166e-06, 6.43111116005e-06, 9.83682639344e-06, 1.49629695443e-05, 1.21682778627e-05, 5.31114437763e-06],
        "median": [0.00011165671458, 0.000150193212903, 0.000246309791692, 0.000139042298542, 0.000222573085921, 0.000401648518164, 0.000350320740836, 6.13018783042e-05, 1.35772079375e-05, 1.65069941431e-05, 3.84010454582e-05, 2.07847970159e-05, 1.23968038679e-05, 8.66393293109e-06, 6.00411931373e-06, 5.94190305492e-06, 6.1067335082e-06, 3.97675512431e-06, 3.94497692469e-06, 2.74708963843e-06, 2.360628514e-06, 1.60368676916e-06, 1.2723276086e-06, 1.25561496134e-06, 1.61561649747e-06, 2.50852826866e-06, 1.83410588761e-06, 1.37503877795e-06, 7.0847340794e-07, 2.71037663424e-07, 2.10337944395e-07, 2.375878978e-07, 3.9575337496e-07, 8.45375836889e-07, 2.02474916478e-06, 3.434062819e-06, 5.64491983823e-06, 7.33459819457e-06, 5.51159337192e-06, 2.2831284241e-06],
        "min": [5.92879457372e-24, 8.46942919292e-24, 5.21068305321e-24, 3.03507764624e-24, 9.35040696377e-24, 4.44653045483e-24, 3.50328315957e-24, 7.68108735818e-24, 8.30583837384e-24, 7.44332704793e-24, 3.25046112806e-24, 3.6039291893e-24, 2.93932689286e-24, 6.55682212315e-24, 6.44550517195e-24, 6.42797944365e-24, 7.85462413555e-24, 4.92168622716e-24, 4.35867541025e-24, 4.66012834999e-24, 5.69632712571e-24, 6.35575212803e-24, 7.81970362986e-24, 9.83029866255e-24, 5.33646179695e-24, 7.75176535098e-24, 9.78747455945e-24, 8.15855094309e-24, 8.07775107601e-24, 7.60210266004e-24, 8.95121021357e-24, 6.0549417155e-24, 5.94640826001e-24, 7.69430787809e-24, 9.74991610289e-24, 1.17685306955e-23, 9.01109422261e-24, 8.07777710842e-24, 7.49208338504e-24, 7.75953799748e-24],
        "var": [8.16920437501e-05, 0.000112246627396, 1.39996345752e-05, 1.12217912829e-06, 1.61997445502e-06, 1.38634925406e-06, 7.97322741164e-07, 6.15208250565e-07, 1.13810699531e-07, 3.61881937749e-08, 9.46419689285e-08, 1.12416252307e-07, 8.18825185434e-08, 9.77275647074e-08, 6.49338005587e-08, 2.8069168323e-08, 3.20780628726e-08, 2.38717579037e-08, 1.7073061187e-08, 1.03194475187e-08, 4.84219198071e-09, 1.55479418229e-09, 2.26326526964e-10, 2.46950127014e-10, 1.35984029592e-10, 2.78238848628e-10, 1.58513022153e-10, 1.19592585834e-10, 8.89745152555e-11, 3.12095072008e-11, 6.14152617651e-11, 8.11078079699e-11, 3.43041012263e-11, 4.15031377321e-11, 5.88173190708e-11, 9.95956511707e-11, 1.65927299678e-10, 4.34136282479e-10, 3.46951634089e-10, 1.00100788769e-10]
    },
    "mfcc": {
        "mean": [-673.18157959, 89.1626586914, 37.6382522583, -11.7285776138, 13.5873384476, -17.7634620667, -0.335857659578, -9.36116027832, -19.0449180603, 4.24945640564, -13.4335517883, -2.8110101223, 3.67909002304],
        "cov": [[6937.26904297, -56.0751152039, 63.8981399536, 231.528945923, 273.8409729, 191.501144409, 248.981384277, 309.28616333, 252.181732178, 372.52255249, 205.67565918, 92.5628204346, 48.7073974609], [-56.0751152039, 1441.29284668, 181.562347412, 508.808654785, 439.555084229, 329.775543213, 448.142913818, 247.452758789, 194.491912842, 239.414993286, 153.223571777, 129.135528564, 65.1829681396], [63.8981399536, 181.562347412, 1389.4407959, 365.844207764, 391.930664062, 419.989868164, 228.207382202, 402.757751465, 271.181091309, 179.540420532, 189.502639771, 165.801895142, 148.121292114], [231.528945923, 508.808654785, 365.844207764, 889.819152832, 392.506622314, 405.896453857, 249.44342041, 354.749084473, 295.425170898, 113.436088562, 241.482666016, 164.236984253, 105.148788452], [273.8409729, 439.555084229, 391.930664062, 392.506622314, 630.085693359, 296.414215088, 316.556274414, 292.368377686, 231.099472046, 234.789520264, 164.442855835, 189.715530396, 143.583084106], [191.501144409, 329.775543213, 419.989868164, 405.896453857, 296.414215088, 677.562194824, 305.683349609, 267.249176025, 291.042297363, 142.538650513, 249.775238037, 161.211364746, 124.616355896], [248.981384277, 448.142913818, 228.207382202, 249.44342041, 316.556274414, 305.683349609, 523.794799805, 245.844207764, 192.345550537, 248.024581909, 149.144821167, 149.389755249, 121.36504364], [309.28616333, 247.452758789, 402.757751465, 354.749084473, 292.368377686, 267.249176025, 245.844207764, 446.200408936, 264.35559082, 165.138015747, 189.373641968, 139.481292725, 121.622406006], [252.181732178, 194.491912842, 271.181091309, 295.425170898, 231.099472046, 291.042297363, 192.345550537, 264.35559082, 371.763305664, 163.000320435, 172.861999512, 129.644088745, 102.86605835], [372.52255249, 239.414993286, 179.540420532, 113.436088562, 234.789520264, 142.538650513, 248.024581909, 165.138015747, 163.000320435, 367.818725586, 151.277832031, 115.426704407, 95.1072387695], [205.67565918, 153.223571777, 189.502639771, 241.482666016, 164.442855835, 249.775238037, 149.144821167, 189.373641968, 172.861999512, 151.277832031, 343.70602417, 187.855392456, 102.975769043], [92.5628204346, 129.135528564, 165.801895142, 164.236984253, 189.715530396, 161.211364746, 149.389755249, 139.481292725, 129.644088745, 115.426704407, 187.855392456, 290.465698242, 166.575561523], [48.7073974609, 65.1829681396, 148.121292114, 105.148788452, 143.583084106, 124.616355896, 121.36504364, 121.622406006, 102.86605835, 95.1072387695, 102.975769043, 166.575561523, 221.788803101]],
