{
"lowlevel": {
    "average_loudness": 0.823657929897,
    "barkbands_crest": {
        "dmean": 2.94012928009,
        "dmean2": 4.5781712532,
        "dvar": 7.84360218048,
        "dvar2": 17.4421367645,
        "max": 26.2961235046,
        "mean": 12.2852735519,
        "median": 11.4909410477,
        "min": 2.30386018753,
        "var": 26.5587902069
    },
    "barkbands_flatness_db": {
        "dmean": 0.0287639684975,
        "dmean2": 0.0414667241275,
        "dvar": 0.000856180442497,
        "dvar2": 0.00171753799077,
        "max": 0.556838750839,
        "mean": 0.159255519509,
        "median": 0.150576800108,
        "min": 0.0156185571104,
        "var": 0.00463351374492
    },
    "barkbands_kurtosis": {
        "dmean": 8.97651100159,
        "dmean2": 13.27094841,
        "dvar": 1524.94177246,
        "dvar2": 2832.64013672,
        "max": 1939.3536377,
        "mean": 12.7181453705,
        "median": 3.35885453224,
        "min": -1.97245109081,
        "var": 2375.91870117
    },
    "barkbands_skewness": {
        "dmean": 0.891459405422,
        "dmean2": 1.29300868511,
        "dvar": 1.41308259964,
        "dvar2": 2.61340451241,
        "max": 34.5653305054,
        "mean": 2.23639631271,
        "median": 1.78890728951,
        "min": -3.77036523819,
        "var": 5.23602724075
    },
    "barkbands_spread": {
        "dmean": 8.78355407715,
        "dmean2": 12.696305275,
        "dvar": 133.830612183,
        "dvar2": 246.382232666,
        "max": 157.91734314,
        "mean": 25.931640625,
        "median": 20.1672134399,
        "min": 0.106599770486,
        "var": 439.288726807
    },
    "dissonance": {
        "dmean": 0.0255669448525,
        "dmean2": 0.0420483276248,
        "dvar": 0.000783741066698,
        "dvar2": 0.00201534526423,
        "max": 0.500000178814,
        "mean": 0.446887731552,
        "median": 0.461613088846,
        "min": 0.139598608017,
        "var": 0.00235998933204
    },
    "dynamic_complexity": 4.30383348465,
    "erbbands_crest": {
        "dmean": 2.95858097076,
        "dmean2": 4.61734628677,
        "dvar": 8.52554321289,
        "dvar2": 18.9174499512,
        "max": 32.2763175964,
        "mean": 10.0347108841,
        "median": 8.80667972565,
        "min": 2.35444879532,
        "var": 28.3633213043
    },
    "erbbands_flatness_db": {
        "dmean": 0.0222246330231,
        "dmean2": 0.0296977777034,
        "dvar": 0.000497628236189,
        "dvar2": 0.000832171645015,
        "max": 0.394405424595,
        "mean": 0.149048224092,
        "median": 0.141273230314,
        "min": 0.036789316684,
        "var": 0.00294882338494
    },
    "erbbands_kurtosis": {
        "dmean": 1.84172344208,
        "dmean2": 2.83389186859,
        "dvar": 12.4463977814,
        "dvar2": 27.7866077423,
        "max": 105.33556366,
        "mean": 1.71999418736,
        "median": 0.0955103635788,
        "min": -1.91180467606,
        "var": 25.1205539703
    },
    "erbbands_skewness": {
        "dmean": 0.518772959709,
        "dmean2": 0.750758886337,
        "dvar": 0.325510323048,
        "dvar2": 0.625213623047,
        "max": 7.73619556427,
        "mean": 0.537791788578,
        "median": 0.49054685235,
        "min": -4.75417327881,
        "var": 1.4217799902
    },
    "erbbands_spread": {
        "dmean": 15.4517002106,
        "dmean2": 22.5249862671,
        "dvar": 334.343841553,
        "dvar2": 659.199279785,
        "max": 211.420516968,
        "mean": 52.7554779053,
        "median": 45.6313781738,
        "min": 1.49780094624,
        "var": 1109.49475098
    },
    "hfc": {
        "dmean": 7.72471237183,
        "dmean2": 10.0583076477,
        "dvar": 132.235565186,
        "dvar2": 244.505706787,
        "max": 163.857254028,
        "mean": 18.1696968079,
        "median": 11.085773468,
        "min": 1.0494711085e-16,
        "var": 387.045959473
    },
    "melbands_crest": {
        "dmean": 3.63961982727,
        "dmean2": 5.78445911407,
        "dvar": 12.4755649567,
        "dvar2": 30.1937084198,
        "max": 37.7832641602,
        "mean": 17.0914440155,
        "median": 16.980638504,
        "min": 1.46602201462,
        "var": 39.5846824646
    },
    "melbands_flatness_db": {
        "dmean": 0.0351507812738,
        "dmean2": 0.0495324097574,
        "dvar": 0.00129789183848,
        "dvar2": 0.00243529817089,
        "max": 0.694684684277,
        "mean": 0.223502263427,
        "median": 0.212920337915,
        "min": 0.00322139053605,
        "var": 0.00881496164948
    },
    "melbands_kurtosis": {
        "dmean": 22.0347309113,
        "dmean2": 33.8796348572,
        "dvar": 3077.23706055,
        "dvar2": 7391.45458984,
        "max": 1751.88867188,
        "mean": 38.1523551941,
        "median": 14.5586223602,
        "min": -1.84954082966,
        "var": 6420.19384766
    },
    "melbands_skewness": {
        "dmean": 1.30532062054,
        "dmean2": 1.94513201714,
        "dvar": 2.70205879211,
        "dvar2": 5.8048415184,
        "max": 31.944934845,
        "mean": 3.92394185066,
        "median": 3.21874809265,
        "min": -2.12964677811,
        "var": 10.2648582458
    },
    "melbands_spread": {
        "dmean": 9.29610729218,
        "dmean2": 13.9806957245,
        "dvar": 219.927764893,
        "dvar2": 433.515869141,
        "max": 243.737716675,
        "mean": 24.8606910706,
        "median": 16.2026252747,
        "min": 0.188700675964,
        "var": 788.523376465
    },
    "pitch_salience": {
        "dmean": 0.0824727639556,
        "dmean2": 0.128566876054,
        "dvar": 0.00627962127328,
        "dvar2": 0.0153659470379,
        "max": 0.872017860413,
        "mean": 0.49228656292,
        "median": 0.489377945662,
        "min": 0.0586131699383,
        "var": 0.020277114585
    },
    "silence_rate_20dB": {
        "dmean": 0,
        "dmean2": 0,
        "dvar": 0,
        "dvar2": 0,
        "max": 1,
        "mean": 1,
        "median": 1,
        "min": 1,
        "var": 0
    },
    "silence_rate_30dB": {
        "dmean": 0.0381629392505,
        "dmean2": 0.0763330236077,
        "dvar": 0.0367076769471,
        "dvar2": 0.0830305814743,
        "max": 1,
        "mean": 0.964178800583,
        "median": 1,
        "min": 0,
        "var": 0.0345366857946
    },
    "silence_rate_60dB": {
        "dmean": 0.0619212426245,
        "dmean2": 0.123854070902,
        "dvar": 0.0580932684243,
        "dvar2": 0.124608300626,
        "max": 1,
        "mean": 0.149925172329,
        "median": 0,
        "min": 0,
        "var": 0.127442568541
    },
    "spectral_centroid": {
        "dmean": 330.284088135,
        "dmean2": 489.140075684,
        "dvar": 171061.90625,
        "dvar2": 309941.84375,
        "max": 11563.8310547,
        "mean": 1431.34936523,
        "median": 1161.2175293,
        "min": 84.6728591919,
        "var": 1591176.125
    },
    "spectral_complexity": {
        "dmean": 2.77485728264,
        "dmean2": 3.78783917427,
        "dvar": 18.8648548126,
        "dvar2": 25.6405105591,
        "max": 51,
        "mean": 10.3964643478,
        "median": 9,
        "min": 0,
        "var": 70.8648834229
    },
    "spectral_decrease": {
        "dmean": 3.08060132959e-09,
        "dmean2": 4.71214400832e-09,
        "dvar": 3.4027890986e-17,
        "dvar2": 7.79702033579e-17,
        "max": 2.30468140132e-28,
        "mean": -6.40514707939e-09,
        "median": -3.3046032577e-09,
        "min": -4.93590270878e-08,
        "var": 6.89100676389e-17
    },
    "spectral_energy": {
        "dmean": 0.0121568031609,
        "dmean2": 0.0184486750513,
        "dvar": 0.000513659615535,
        "dvar2": 0.0011644087499,
        "max": 0.190834611654,
        "mean": 0.025822577998,
        "median": 0.0136653482914,
        "min": 9.82106290626e-21,
        "var": 0.00105485983659
    },
    "spectral_energyband_high": {
        "dmean": 0.000548720243387,
        "dmean2": 0.000692885718308,
        "dvar": 6.87548151745e-07,
        "dvar2": 1.13216026421e-06,
        "max": 0.0212644357234,
        "mean": 0.00101575220469,
        "median": 0.000422828015871,
        "min": 6.98914626349e-21,
        "var": 2.02380351766e-06
    },
    "spectral_energyband_low": {
        "dmean": 0.00693043461069,
        "dmean2": 0.0110456608236,
        "dvar": 0.000313957425533,
        "dvar2": 0.000730827392545,
        "max": 0.177410036325,
        "mean": 0.0128198703751,
        "median": 0.00266517978162,
        "min": 2.01389278681e-23,
        "var": 0.000633820134681
    },
    "spectral_energyband_middle_high": {
        "dmean": 0.00158091820776,
        "dmean2": 0.00240445975214,
        "dvar": 1.33870535137e-05,
        "dvar2": 3.09273709718e-05,
        "max": 0.0955548882484,
        "mean": 0.0030348142609,
        "median": 0.000863849418238,
        "min": 1.10185587081e-21,
        "var": 2.90804837277e-05
    },
    "spectral_energyband_middle_low": {
        "dmean": 0.00625934638083,
        "dmean2": 0.00975037086755,
        "dvar": 0.000189112368389,
        "dvar2": 0.000450279592769,
        "max": 0.159014597535,
        "mean": 0.00980111025274,
        "median": 0.00436569890007,
        "min": 1.8146289834e-22,
        "var": 0.000250958866673
    },
    "spectral_entropy": {
        "dmean": 0.256755173206,
        "dmean2": 0.35105034709,
        "dvar": 0.0816363021731,
        "dvar2": 0.142595246434,
        "max": 9.821185112,
        "mean": 7.62159347534,
        "median": 7.69723367691,
        "min": 4.78889656067,
        "var": 0.455571234226
    },
    "spectral_flux": {
        "dmean": 0.0342391356826,
        "dmean2": 0.0542667843401,
        "dvar": 0.00230904878117,
        "dvar2": 0.00475879292935,
        "max": 0.397413760424,
        "mean": 0.0787534937263,
        "median": 0.0578466206789,
        "min": 6.40065153656e-11,
        "var": 0.00459392461926
    },
    "spectral_kurtosis": {
        "dmean": 1.49753010273,
        "dmean2": 2.26106619835,
        "dvar": 13.2911062241,
        "dvar2": 33.9629707336,
        "max": 128.713012695,
        "mean": 3.28179836273,
        "median": 2.36695241928,
        "min": -1.39419984818,
        "var": 31.3666152954
    },
    "spectral_rms": {
        "dmean": 0.00100844725966,
        "dmean2": 0.00144798739348,
        "dvar": 2.21474806494e-06,
        "dvar2": 4.35775109509e-06,
        "max": 0.0136447837576,
        "mean": 0.00420327531174,
        "median": 0.00365130743012,
        "min": 3.0954039245e-12,
        "var": 7.52515325075e-06
    },
    "spectral_rolloff": {
        "dmean": 948.270690918,
        "dmean2": 1538.31286621,
        "dvar": 3317345,
        "dvar2": 6414905,
        "max": 19659.8144531,
        "mean": 2240.21972656,
        "median": 882.861328125,
        "min": 43.06640625,
        "var": 10059194
    },
    "spectral_skewness": {
        "dmean": 0.272644519806,
        "dmean2": 0.391122877598,
        "dvar": 0.132031202316,
        "dvar2": 0.283458054066,
        "max": 9.37026023865,
        "mean": 1.42230117321,
        "median": 1.33575773239,
        "min": -0.241171896458,
        "var": 0.513121128082
    },
    "spectral_spread": {
        "dmean": 1102460.375,
        "dmean2": 1429297.75,
        "dvar": 1.93547088691e+12,
        "dvar2": 3.34628677222e+12,
        "max": 42900564,
        "mean": 7138155,
        "median": 6182259.5,
        "min": 908448.9375,
        "var": 1.79018955489e+13
    },
    "spectral_strongpeak": {
        "dmean": 0.459897220135,
        "dmean2": 0.757139205933,
        "dvar": 0.782740831375,
        "dvar2": 1.84513890743,
        "max": 18.2868824005,
        "mean": 0.867320418358,
        "median": 0.428300440311,
        "min": 0,
        "var": 1.67063212395
    },
    "zerocrossingrate": {
        "dmean": 0.0205330699682,
        "dmean2": 0.0210079699755,
        "dvar": 0.000533657614142,
        "dvar2": 0.000566856353544,
        "max": 0.53076171875,
        "mean": 0.0850415378809,
        "median": 0.06396484375,
        "min": 0.00244140625,
        "var": 0.00536881340668
    },
    "barkbands": {
        "dmean": [0.000177994777914, 0.00524572050199, 0.00245015416294, 0.00272449781187, 0.00197242642753, 0.000539610045962, 0.00058277026983, 0.00068966508843, 0.00106934225187, 0.000451474421425, 0.000240113062318, 0.00037474691635, 0.000282414577669, 0.00021152937552, 0.000183056021342, 0.000173914653715, 0.000101743018604, 6.30032009212e-05, 0.000183979514986, 8.75820769579e-05, 5.73383586016e-05, 0.00010176467913, 0.000117771465739, 0.000102134385088, 0.000143207682413, 7.43664277252e-05, 6.28462703389e-06],
        "dmean2": [0.000270406279014, 0.0080659519881, 0.00426033232361, 0.00474909832701, 0.00317749194801, 0.000862701097503, 0.000914926524274, 0.000970938475803, 0.00152265152428, 0.000754707260057, 0.000376431446057, 0.000604906119406, 0.000437385984696, 0.000326149573084, 0.000281043496216, 0.000278802035609, 0.000157184374984, 9.21084138099e-05, 0.000278038642136, 0.000127515158965, 7.89354307926e-05, 0.000142599557876, 0.000163215969224, 0.000131932931254, 0.000189914688235, 9.35155258048e-05, 8.88556314749e-06],
        "dvar": [2.03077277661e-07, 0.000200390510145, 8.37834668346e-05, 7.16804788681e-05, 2.53375183092e-05, 1.45932403939e-06, 2.35369589063e-06, 9.62700232776e-06, 1.64346729434e-05, 2.24942323257e-06, 2.37085328081e-06, 1.89865204447e-06, 1.11130793812e-06, 5.56832958409e-07, 4.14414358829e-07, 2.18431466692e-07, 6.07589569768e-08, 2.28622880627e-08, 2.56539067323e-07, 7.87694673932e-08, 1.09313402774e-08, 3.31206173598e-08, 8.39340899006e-08, 2.6898534955e-08, 5.44904885658e-08, 1.28783588238e-08, 1.34441041633e-10],
        "dvar2": [4.6759015504e-07, 0.000441254320322, 0.000234095219639, 0.00018609930703, 5.85863635933e-05, 3.28023406837e-06, 5.35446224603e-06, 1.75986915565e-05, 3.24987631757e-05, 5.83263181397e-06, 5.59319960303e-06, 4.13599354943e-06, 2.4548228339e-06, 1.19807964438e-06, 8.38971288886e-07, 5.44471276953e-07, 1.40513677138e-07, 4.78934332193e-08, 5.91708499087e-07, 1.75103110678e-07, 1.87836501908e-08, 6.72740156915e-08, 1.62097208545e-07, 5.2286377894e-08, 1.1239236386e-07, 1.96669045494e-08, 2.85971746283e-10],
        "max": [0.00503069581464, 0.170229956508, 0.103252090514, 0.0581977963448, 0.0587975159287, 0.0592395439744, 0.0539192520082, 0.128744453192, 0.152603194118, 0.0364720113575, 0.060461062938, 0.0642671510577, 0.0353101938963, 0.0339147523046, 0.0253664702177, 0.0104170301929, 0.00877611339092, 0.00388968805782, 0.0228457543999, 0.0140034165233, 0.00213920301758, 0.00956979673356, 0.0102035216987, 0.00441060680896, 0.00378359621391, 0.000961146957707, 0.000228251956287],
        "mean": [0.000269635755103, 0.00902198068798, 0.00274465279654, 0.00213886122219, 0.00248294719495, 0.000965218117926, 0.000926954555325, 0.00121800624765, 0.00192265736405, 0.000488562858663, 0.000309278111672, 0.000495543528814, 0.00039327997365, 0.000275614613201, 0.000245825154707, 0.00022796432313, 0.000156026639161, 9.31506729103e-05, 0.0003477698192, 0.000140406526043, 9.40733443713e-05, 0.000173068023287, 0.00021742383251, 0.000168573853443, 0.000197194487555, 0.000100353485323, 7.47367221265e-06],
        "median": [1.78780501301e-05, 0.000750534934923, 0.000258932413999, 0.000109811371658, 0.00089136272436, 0.000315272423904, 0.000322594540194, 0.000139603944262, 0.000139827112434, 4.62170573883e-05, 2.39552973653e-05, 3.88030093745e-05, 3.43682113453e-05, 2.9560575058e-05, 3.75983327103e-05, 2.67192899628e-05, 3.39287398674e-05, 2.60068045463e-05, 3.91880384996e-05, 3.79058728868e-05, 3.66343301721e-05, 7.29582243366e-05, 8.22349829832e-05, 5.14706262038e-05, 3.30576658598e-05, 1.2755890566e-05, 6.76885974826e-07],
        "min": [1.13764127147e-26, 6.98318448191e-24, 1.14555590061e-24, 1.04311787472e-24, 8.71747546052e-24, 5.36459691557e-24, 5.21751932181e-24, 7.42288213985e-24, 9.2160237197e-24, 1.36033982841e-23, 2.23915343825e-23, 3.01287436721e-23, 3.38704718731e-23, 3.63374797375e-23, 4.76117030901e-23, 6.90537723756e-23, 5.41060446685e-23, 9.61308675893e-23, 1.04939976344e-22, 1.749584057e-22, 2.15062465912e-22, 2.61346689648e-22, 3.46465235705e-22, 6.22010437149e-22, 7.61615643795e-22, 1.21485962751e-21, 1.98612668786e-21],
        "var": [3.34804383328e-07, 0.000391836598283, 6.21278813924e-05, 5.2576939197e-05, 2.89998260996e-05, 3.99607870349e-06, 4.69442693429e-06, 2.91682335956e-05, 4.61778945464e-05, 2.70304485639e-06, 3.25884889207e-06, 4.51845153293e-06, 2.27492796512e-06, 9.61382397691e-07, 7.76350134402e-07, 3.69808958567e-07, 1.29891901679e-07, 3.94206658427e-08, 7.50100298319e-07, 1.44339679764e-07, 2.71976468014e-08, 7.37531706818e-08, 3.0159412745e-07, 6.85018122226e-08, 9.77327303531e-08, 2.60772718974e-08, 1.89786505955e-10]
    },
    "erbbands": {
        "dmean": [0.154052719474, 1.2475579977, 2.7562623024, 5.67066574097, 10.6933526993, 4.73306941986, 3.16642570496, 4.88040590286, 7.25002288818, 9.12652683258, 18.7496643066, 27.0411510468, 15.6571969986, 12.0095396042, 11.6758337021, 13.2528572083, 11.8760585785, 11.2309217453, 9.75655460358, 8.9139289856, 7.54590320587, 5.35885572433, 3.33498716354, 7.04722213745, 7.80187606812, 4.07457017899, 2.2361125946, 2.47218036652, 3.15193009377, 3.59228563309, 3.4233880043, 2.22668170929, 1.83578240871, 1.42568802834, 1.10656356812, 0.370783090591, 0.13482016325, 0.0211637932807, 0.000977634801529, 3.19024438795e-05],
        "dmean2": [0.223588079214, 1.95720660686, 4.64621782303, 10.0120477676, 17.2785148621, 7.55551767349, 5.12282562256, 7.70069503784, 11.3980636597, 13.5540180206, 26.6998806, 38.1429290771, 24.80210495, 19.0627880096, 18.3597488403, 20.7551879883, 18.3403911591, 17.189994812, 14.8261518478, 14.1815404892, 11.6701469421, 8.20486164093, 4.74887752533, 10.5842056274, 11.8036460876, 5.78662776947, 3.08848810196, 3.31387639046, 4.33219003677, 5.01968860626, 4.86851739883, 3.06675958633, 2.41807150841, 1.90374946594, 1.46435415745, 0.477837413549, 0.169601067901, 0.02595519647, 0.00144242867827, 4.35287802247e-05],
        "dvar": [0.164729714394, 12.0058116913, 85.6315917969, 345.349517822, 1122.94213867, 88.0181121826, 60.5093727112, 140.175827026, 339.415222168, 844.326538086, 6280.61279297, 11015.7998047, 2556.86181641, 3802.03979492, 2085.48950195, 2356.35449219, 2134.81982422, 1778.39953613, 1061.29223633, 652.046325684, 408.817047119, 190.326202393, 54.0909805298, 385.865692139, 552.602661133, 159.206039429, 20.8231754303, 20.652179718, 41.6854324341, 45.1657981873, 79.8519668579, 16.8986930847, 8.88978481293, 5.75644350052, 3.23556399345, 0.335149347782, 0.0430119298398, 0.00103263068013, 4.02337400374e-06, 2.54176946157e-09],
        "dvar2": [0.338927328587, 26.9771633148, 231.802505493, 950.775756836, 2743.2980957, 198.790618896, 151.958847046, 308.855010986, 785.819641113, 1711.67077637, 11523.1083984, 21612.21875, 6161.84716797, 9629.54882812, 4566.29833984, 5145.32226562, 4629.83691406, 4392.29931641, 2178.66723633, 1518.02648926, 938.768737793, 447.392791748, 105.549942017, 852.348571777, 1348.34289551, 323.811920166, 36.6525230408, 35.8263282776, 87.6399841309, 86.7580718994, 166.914489746, 33.4285430908, 17.5635662079, 11.3783884048, 6.55288362503, 0.521954953671, 0.0710017383099, 0.00162748829462, 9.35979460337e-06, 4.62107152543e-09],
        "max": [4.8568072319, 37.8393135071, 101.497367859, 167.432800293, 356.400482178, 141.641860962, 333.245147705, 575.867553711, 875.638977051, 1059.66687012, 3534.24853516, 3566.01293945, 1934.34631348, 2399.51831055, 1662.09997559, 2314.64526367, 1765.39501953, 1424.78808594, 1330.10314941, 563.470581055, 714.390930176, 612.865905762, 176.498428345, 870.893676758, 1032.0682373, 941.821472168, 154.301513672, 147.339065552, 389.964630127, 186.790130615, 326.671630859, 121.958106995, 90.7034225464, 67.2884292603, 22.2370414734, 7.45284605026, 1.57747519016, 0.405974805355, 0.030976254493, 0.00057991972426],
        "mean": [0.29374191165, 1.88611233234, 3.49948883057, 4.75443220139, 10.1591119766, 6.91567420959, 5.09288835526, 8.84240055084, 11.7878284454, 15.5392436981, 35.0104446411, 47.499332428, 21.030500412, 16.1281681061, 16.1363487244, 18.54870224, 16.8894824982, 16.2035427094, 14.1529254913, 12.2326478958, 11.4965028763, 8.48538303375, 5.67933368683, 12.7394485474, 15.1404247284, 6.86960220337, 3.81850504875, 4.04449939728, 5.41746902466, 6.66918468475, 6.16958999634, 3.97073721886, 2.75549578667, 2.07453370094, 1.46831333637, 0.532491445541, 0.171873196959, 0.0280266478658, 0.00109197129495, 5.79697152716e-05],
        "median": [0.0125968940556, 0.198722615838, 0.446146160364, 0.743238687515, 2.34784841537, 2.43579912186, 1.61168706417, 2.85038375854, 5.08877849579, 4.70988225937, 4.85931110382, 4.07148599625, 1.94420468807, 2.19434213638, 1.89399003983, 1.90568900108, 1.88544440269, 1.89620792866, 2.32993841171, 1.82697880268, 1.70704507828, 1.95509243011, 1.70888984203, 1.83091795444, 2.18725442886, 1.90014445782, 1.53111886978, 1.46784520149, 2.2249956131, 2.98977231979, 2.2427573204, 1.27986478806, 0.745084881783, 0.399670898914, 0.232926875353, 0.074951171875, 0.0196159612387, 0.00332788564265, 9.97195165837e-05, 2.72991092061e-05],
        "min": [1.67834802399e-22, 7.30374177106e-22, 1.59965885839e-21, 6.88320413719e-21, 1.05448225162e-20, 3.18464923574e-20, 3.73516539837e-20, 5.87623743408e-20, 9.6986836349e-20, 1.38601168518e-19, 3.0461877315e-19, 3.06703707733e-19, 6.98130872719e-19, 6.99358357049e-19, 1.09772109543e-18, 1.38416484936e-18, 1.6914506596e-18, 1.66571593337e-18, 2.25515305056e-18, 3.12623131104e-18, 4.13111120548e-18, 3.68703846645e-18, 5.66029477489e-18, 4.70242045274e-18, 6.70048597571e-18, 8.39502956702e-18, 8.03069124878e-18, 8.03775619839e-18, 1.00159313363e-17, 8.89116670817e-18, 9.18964821476e-18, 1.15369146508e-17, 1.08217533183e-17, 8.08779648955e-18, 6.23125453835e-18, 4.16087109596e-18, 2.25997613391e-18, 8.43003595394e-19, 2.44829538089e-19, 2.74839159574e-20],
        "var": [0.441564619541, 18.5193080902, 74.9498596191, 229.015670776, 980.00769043, 139.920578003, 103.679481506, 397.015716553, 572.057922363, 2185.5300293, 20686.0390625, 29219.1191406, 4849.39892578, 4649.86962891, 4237.84570312, 4993.55419922, 3910.64501953, 3169.13232422, 1954.23010254, 1119.76184082, 913.999816895, 351.841247559, 116.484603882, 1162.04504395, 1259.5012207, 338.402496338, 48.963432312, 49.9382705688, 83.6726303101, 136.988616943, 271.956237793, 50.9406089783, 18.7721710205, 11.044836998, 5.57063961029, 0.692955672741, 0.0810873433948, 0.00209634355269, 4.67151903649e-06, 5.00868724274e-09]
    },
    "gfcc": {
        "mean": [-50.6689338684, 56.1653518677, -89.6475067139, 27.2353839874, -71.036315918, 12.9959449768, -45.069694519, 10.1752948761, -24.3860836029, 4.85441732407, -18.0825023651, 1.14957749844, -16.8740520477],
        "cov": [[22383.6484375, -59.5133361816, -1128.77490234, 308.585632324, -584.574279785, 715.615356445, -362.044769287, 458.444763184, -366.642150879, 202.341064453, -384.562988281, 33.6288146973, -332.190979004], [-59.5133361816, 2083.80908203, 91.1852645874, 82.6621398926, 364.091949463, 69.7887420654, 348.54776001, 89.7734909058, 172.275527954, -35.1987495422, 215.408782959, -117.857505798, 16.544380188], [-1128.77490234, 91.1852645874, 1799.65246582, 568.447692871, 467.722930908, 394.185394287, 242.856613159, 150.810150146, 167.852920532, 137.523986816, -13.8761529922, 94.1456069946, 20.8365306854], [308.585632324, 82.6621398926, 568.447692871, 1125.88244629, 556.023925781, 191.475372314, 154.911712646, 142.393035889, 205.144393921, 51.6696929932, 4.26810693741, 83.639175415, 42.6240386963], [-584.574279785, 364.091949463, 467.722930908, 556.023925781, 775.282714844, 317.512756348, 290.293640137, 161.159606934, 155.264175415, 83.40965271, 65.5217514038, -8.73087692261, 43.1723976135], [715.615356445, 69.7887420654, 394.185394287, 191.475372314, 317.512756348, 534.153381348, 277.03225708, 121.509109497, 51.4986495972, 96.1584777832, 25.2509326935, 6.9882068634, -30.9308853149], [-362.044769287, 348.54776001, 242.856613159, 154.911712646, 290.293640137, 277.03225708, 442.290679932, 161.89163208, 85.067741394, 67.8178863525, 107.952903748, 18.2373046875, 10.6963186264], [458.444763184, 89.7734909058, 150.810150146, 142.393035889, 161.159606934, 121.509109497, 161.89163208, 236.811264038, 123.681915283, 73.8048324585, 44.8785820007, 28.0109786987, 38.6139259338], [-366.642150879, 172.275527954, 167.852920532, 205.144393921, 155.264175415, 51.4986495972, 85.067741394, 123.681915283, 249.045288086, 87.1350097656, 43.6667098999, 16.5655536652, 51.7780075073], [202.341064453, -35.1987495422, 137.523986816, 51.6696929932, 83.40965271, 96.1584777832, 67.8178863525, 73.8048324585, 87.1350097656, 158.990951538, 57.0460243225, 9.49157047272, 12.4177684784], [-384.562988281, 215.408782959, -13.8761529922, 4.26810693741, 65.5217514038, 25.2509326935, 107.952903748, 44.8785820007, 43.6667098999, 57.0460243225, 167.536315918, 20.2389602661, 18.7545433044], [33.6288146973, -117.857505798, 94.1456069946, 83.639175415, -8.73087692261, 6.9882068634, 18.2373046875, 28.0109786987, 16.5655536652, 9.49157047272, 20.2389602661, 123.162895203, 31.2626304626], [-332.190979004, 16.544380188, 20.8365306854, 42.6240386963, 43.1723976135, -30.9308853149, 10.6963186264, 38.6139259338, 51.7780075073, 12.4177684784, 18.7545433044, 31.2626304626, 99.3001708984]],
        "icov": [[0.00010887200915, -0.000157616392244, 0.000150067498907, -0.000186000936083, 0.000225672643865, -0.000318470818456, 0.000332019902999, -0.000534062564839, 0.000457262562122, -0.000460057257442, 0.000396432966227, -0.000210627709748, 0.000223959694267], [-0.000157616392244, 0.00104681274388, -0.000297158694593, 0.000386629777495, -0.00055851705838, 0.000643129460514, -0.000962267455179, 0.000941365316976, -0.00134745519608, 0.00169894867577, -0.00160431838594, 0.00123118422925, -0.00021901258151], [0.000150067498907, -0.000297158694593, 0.00102856510784, -0.00044663232984, 0.000139194889925, -0.000771600694861, 0.000396490329877, -0.000616218254436, 0.000539754400961, -0.00116185168736, 0.00112095207442, -0.000934294890612, 0.000369754066924], [-0.000186000936083, 0.000386629777495, -0.00044663232984, 0.00209988583811, -0.00168669130653, 0.000739636772778, -0.000373790593585, 0.000906026456505, -0.00179954187479, 0.00135821476579, -0.00038956332719, -0.000841837318148, 0.00026445245021], [0.000225672643865, -0.00055851705838, 0.000139194889925, -0.00168669130653, 0.00371048925444, -0.00165791600011, 3.51042690454e-05, -0.00130162574351, 0.0011099812109, -0.00110880145803, 0.000469496735604, 0.00120156479534, -0.00099153094925], [-0.000318470818456, 0.000643129460514, -0.000771600694861, 0.000739636772778, -0.00165791600011, 0.00484856031835, -0.00285215023905, 0.00126906530932, -0.000827037438285, -5.74837031309e-05, -0.000157267219038, 0.00040403593448, 0.00105762830935], [0.000332019902999, -0.000962267455179, 0.000396490329877, -0.000373790593585, 3.51042690454e-05, -0.00285215023905, 0.00632919277996, -0.00371366390027, 0.00175168283749, -0.000812021899037, -0.000756701570936, -0.00127622066066, 0.000939823105], [-0.000534062564839, 0.000941365316976, -0.000616218254436, 0.000906026456505, -0.00130162574351, 0.00126906530932, -0.00371366390027, 0.0102499378845, -0.00471982499585, 0.00115013681352, -0.00148633075878, 0.000340474303812, -0.00233686994761], [0.000457262562122, -0.00134745519608, 0.000539754400961, -0.00179954187479, 0.0011099812109, -0.000827037438285, 0.00175168283749, -0.00471982499585, 0.00978986360133, -0.00542054511607, 0.00221387296915, -0.000587784510572, -0.00134009553585], [-0.000460057257442, 0.00169894867577, -0.00116185168736, 0.00135821476579, -0.00110880145803, -5.74837031309e-05, -0.000812021899037, 0.00115013681352, -0.00542054511607, 0.0132845556363, -0.00605116365477, 0.00232194503769, -0.000479912792798], [0.000396432966227, -0.00160431838594, 0.00112095207442, -0.00038956332719, 0.000469496735604, -0.000157267219038, -0.000756701570936, -0.00148633075878, 0.00221387296915, -0.00605116365477, 0.0116364378482, -0.00360689568333, 0.000472025305498], [-0.000210627709748, 0.00123118422925, -0.000934294890612, -0.000841837318148, 0.00120156479534, 0.00040403593448, -0.00127622066066, 0.000340474303812, -0.000587784510572, 0.00232194503769, -0.00360689568333, 0.0123023958877, -0.00391962984577], [0.000223959694267, -0.00021901258151, 0.000369754066924, 0.00026445245021, -0.00099153094925, 0.00105762830935, 0.000939823105, -0.00233686994761, -0.00134009553585, -0.000479912792798, 0.000472025305498, -0.00391962984577, 0.0141367316246]]
    },
    "melbands": {
        "dmean": [0.00142625009175, 0.00140324572567, 0.00122405821458, 0.000547095725778, 0.000110000299173, 0.000106686391518, 0.000118078962259, 0.000106206112832, 0.000167023172253, 0.000162552125403, 7.77389941504e-05, 4.96744360134e-05, 3.66241001757e-05, 4.52701679023e-05, 2.91973028652e-05, 2.70699165412e-05, 2.05828109756e-05, 1.65977526194e-05, 1.26794511743e-05, 1.34849569804e-05, 8.63358673087e-06, 6.28031466476e-06, 4.45548266725e-06, 2.7900528039e-06, 6.39786321699e-06, 8.01851547294e-06, 4.27762734034e-06, 2.58908357864e-06, 1.45352123582e-06, 1.39599285376e-06, 1.59784974585e-06, 1.70831776813e-06, 2.7093949484e-06, 1.94627000383e-06, 2.06344748221e-06, 1.93910136659e-06, 1.26480631479e-06, 1.42507963119e-06, 1.06967161173e-06, 1.264824391e-06],
        "dmean2": [0.00213409843855, 0.00226909155026, 0.00210968474858, 0.000870825955644, 0.000177690133569, 0.000168781669345, 0.000185386961675, 0.000155476111104, 0.000239700559177, 0.000228670585784, 0.000124223108287, 7.90191988926e-05, 5.72076860408e-05, 7.24215642549e-05, 4.63423166366e-05, 4.18157833337e-05, 3.13768869091e-05, 2.50842131209e-05, 1.93480555026e-05, 2.19781522901e-05, 1.30965872813e-05, 9.86558825389e-06, 6.68196025799e-06, 4.01790248361e-06, 9.74319755187e-06, 1.23575946418e-05, 6.45147520117e-06, 3.74478167942e-06, 2.06785421142e-06, 2.06232539313e-06, 2.16511512008e-06, 2.32812931245e-06, 4.17061710323e-06, 2.7547857826e-06, 3.03188721773e-06, 2.78765332951e-06, 1.77549929958e-06, 1.91706180885e-06, 1.46802472045e-06, 1.74316573975e-06],
        "dvar": [1.45863814396e-05, 1.65187357197e-05, 1.3887390196e-05, 2.00664476324e-06, 6.232405525e-08, 6.3800747796e-08, 8.17422716182e-08, 1.25566856468e-07, 4.44377320719e-07, 4.07847380757e-07, 6.78314648894e-08, 6.05792322972e-08, 3.31155618483e-08, 2.6744320536e-08, 1.22460868113e-08, 1.29023600692e-08, 6.10106365428e-09, 3.35523142603e-09, 2.5717039609e-09, 1.61092528206e-09, 5.68443792037e-10, 2.69975708456e-10, 1.28750635153e-10, 4.25504215196e-11, 3.57462476286e-10, 5.90250681665e-10, 2.87807611077e-10, 6.20094600667e-11, 1.00781275686e-11, 7.85069665526e-12, 9.08070580535e-12, 1.63669720138e-11, 1.90513230192e-11, 1.89670692347e-11, 3.63785425395e-11, 1.6976994463e-11, 5.20603395462e-12, 5.43488778287e-12, 3.5091246315e-12, 4.71524078463e-12],
        "dvar2": [3.16029509122e-05, 4.11373039242e-05, 3.64461338904e-05, 4.58190788777e-06, 1.56320680844e-07, 1.4137678761e-07, 1.89085511693e-07, 2.50460544748e-07, 8.50101855576e-07, 8.06327136615e-07, 1.61499770002e-07, 1.52913457896e-07, 7.34981284722e-08, 5.47787450955e-08, 2.92067863228e-08, 2.994380921e-08, 1.4280979066e-08, 6.87239776198e-09, 5.23923793239e-09, 4.0940011381e-09, 1.22287935334e-09, 6.71067867941e-10, 2.60127502871e-10, 8.57443629987e-11, 7.97108656858e-10, 1.42051259644e-09, 7.26981919108e-10, 1.24089571951e-10, 1.98465497508e-11, 1.65674505365e-11, 1.67620500813e-11, 3.69190442107e-11, 4.36894860567e-11, 3.85794937663e-11, 8.06261932218e-11, 3.4675866345e-11, 1.07843204852e-11, 1.11271460795e-11, 7.01864694835e-12, 9.67335499896e-12],
        "max": [0.0468629747629, 0.0449821092188, 0.0264704115689, 0.0160658955574, 0.00943538732827, 0.0121795227751, 0.012843859382, 0.0125338630751, 0.0297739226371, 0.0226184744388, 0.0101361302659, 0.00896173436195, 0.0078576458618, 0.00806814339012, 0.00473396992311, 0.0044876774773, 0.00305534829386, 0.0031335267704, 0.0022228625603, 0.00078718457371, 0.000881681451574, 0.000608231697697, 0.00038462356315, 0.000155664849444, 0.000820476445369, 0.000903573527467, 0.000953216396738, 0.000610144285019, 0.000130178857944, 5.33390593773e-05, 0.000108981374069, 0.000260690954747, 0.000121376091556, 0.00011341409845, 0.000188049700228, 0.00016936098109, 6.11252471572e-05, 5.72735225433e-05, 7.55132787162e-05, 5.58556675969e-05],
        "mean": [0.00254751928151, 0.00207341043279, 0.0010489373235, 0.000667293730658, 0.000180815492058, 0.000190938852029, 0.000189307742403, 0.000179804104846, 0.000303638691548, 0.00028543791268, 9.65555009316e-05, 6.41402948531e-05, 4.96160610055e-05, 6.11719879089e-05, 3.63450344594e-05, 3.84745762858e-05, 2.80377480522e-05, 2.27910877584e-05, 1.7462301912e-05, 1.60832914844e-05, 1.29305535665e-05, 8.7094040282e-06, 6.99804422766e-06, 4.0915383579e-06, 1.08135745904e-05, 1.42501357914e-05, 7.26914458937e-06, 3.88036005461e-06, 2.31901890402e-06, 2.10226903619e-06, 2.44346256295e-06, 2.72290253633e-06, 4.10845041188e-06, 3.51486255568e-06, 3.62153787137e-06, 3.18716706715e-06, 2.17353385779e-06, 2.04266711989e-06, 1.59067178629e-06, 1.79539415512e-06],
        "median": [0.000167383434018, 0.000362284481525, 0.000172288768226, 0.000218311019125, 7.16062786523e-05, 6.01105239184e-05, 7.73728970671e-05, 4.60012088297e-05, 3.51416420017e-05, 2.08527126233e-05, 6.64681920171e-06, 7.05268939782e-06, 4.8297970352e-06, 4.9570653573e-06, 3.57704357157e-06, 3.42634325534e-06, 2.78221205008e-06, 2.95657559946e-06, 2.63581409854e-06, 1.77846641236e-06, 1.83165184353e-06, 1.82216126632e-06, 1.71254816905e-06, 1.07274149741e-06, 1.27663190597e-06, 1.49685251927e-06, 1.39096619023e-06, 1.10735118142e-06, 8.30257704365e-07, 7.40486711948e-07, 8.15923044684e-07, 1.03584147837e-06, 1.62925789482e-06, 1.52088068717e-06, 1.30213641114e-06, 9.11483425625e-07, 6.73615318192e-07, 5.42677639714e-07, 3.59175174935e-07, 3.07631836449e-07],
        "min": [2.20246296534e-24, 6.51849028708e-25, 9.24131716412e-25, 7.13738765901e-25, 1.5205979271e-24, 1.12325273206e-24, 1.45936900883e-24, 1.39751836956e-24, 2.02710332763e-24, 1.28201858202e-24, 3.08302342877e-24, 2.663937523e-24, 4.00782636721e-24, 3.17629577841e-24, 1.77799821149e-24, 1.84202433193e-24, 2.69480565022e-24, 2.84451429231e-24, 3.08566394344e-24, 2.64615462604e-24, 3.60134172553e-24, 2.5917985598e-24, 3.83375474214e-24, 4.0509482653e-24, 3.12972675537e-24, 4.14296021242e-24, 4.87393253227e-24, 4.63944007832e-24, 4.5586772877e-24, 3.87561525164e-24, 4.37937827584e-24, 5.09805817063e-24, 5.39988739702e-24, 3.52354544635e-24, 4.83271376111e-24, 5.61882154177e-24, 5.59389314273e-24, 6.40850167904e-24, 5.91584581639e-24, 5.68508901325e-24],
        "var": [3.21173101838e-05, 2.06275180972e-05, 1.01733849078e-05, 2.29960346587e-06, 1.03495125359e-07, 1.77897319986e-07, 1.48191404037e-07, 3.15647810112e-07, 1.39294070323e-06, 1.10820576538e-06, 1.23338566027e-07, 7.73168054025e-08, 5.95074673981e-08, 7.45199102425e-08, 1.69161129548e-08, 2.53780072512e-08, 1.0667871031e-08, 5.96311622303e-09, 4.95319474325e-09, 2.16388018615e-09, 1.3421577183e-09, 4.09186184935e-10, 2.85505480369e-10, 7.69944177859e-11, 1.00621877497e-09, 1.34765698601e-09, 4.40809416746e-10, 1.17408610611e-10, 2.09135035678e-11, 1.55627611492e-11, 1.9716979785e-11, 2.67365157791e-11, 3.93509252961e-11, 5.34458970136e-11, 1.10249469276e-10, 5.4364346358e-11, 1.32218394219e-11, 1.06703066521e-11, 6.99431615056e-12, 8.49702599948e-12]
    },
    "mfcc": {
        "mean": [-696.967529297, 92.0584640503, 27.4864025116, 15.1248483658, 0.924673974514, -0.38003718853, -8.11157417297, 0.409745335579, -6.96430540085, 3.3546807766, 0.588747739792, -3.99770188332, 0.765812575817],
        "cov": [[10791.6210938, -114.545555115, -427.344360352, -132.693618774, 75.933807373, 160.061248779, 173.842987061, 195.213348389, 75.9507751465, 263.572845459, 120.506965637, -149.738845825, 33.4435539246], [-114.545555115, 1832.71887207, 104.433486938, -27.3178672791, 43.5217132568, 32.5289916992, 225.936279297, 93.4686889648, 30.240447998, 116.245956421, 133.983901978, 83.6259078979, 61.5223846436], [-427.344360352, 104.433486938, 1199.89611816, 282.453430176, 266.019348145, 259.978515625, 124.323867798, 139.125427246, 198.406784058, -0.096710473299, 96.6172866821, 141.399688721, 52.4700088501], [-132.693618774, -27.3178672791, 282.453430176, 888.596740723, 427.259429932, 224.157440186, 76.4223022461, 195.65184021, 182.621780396, 80.3467483521, 28.6519947052, 96.1704330444, 109.903251648], [75.933807373, 43.5217132568, 266.019348145, 427.259429932, 561.847412109, 284.231018066, 148.911972046, 133.179199219, 192.294998169, 123.461669922, 44.8795623779, 84.4009094238, 54.1041717529], [160.061248779, 32.5289916992, 259.978515625, 224.157440186, 284.231018066, 455.662994385, 252.201782227, 174.152145386, 141.42098999, 89.1003036499, 123.646995544, 71.9198760986, 11.1575145721], [173.842987061, 225.936279297, 124.323867798, 76.4223022461, 148.911972046, 252.201782227, 440.713531494, 170.662887573, 107.90574646, 94.6629104614, 135.555160522, 67.8891601562, 34.7018661499], [195.213348389, 93.4686889648, 139.125427246, 195.65184021, 133.179199219, 174.152145386, 170.662887573, 262.788665771, 132.58190918, 54.1865005493, 77.062461853, 59.5091094971, 50.0486869812], [75.9507751465, 30.240447998, 198.406784058, 182.621780396, 192.294998169, 141.42098999, 107.90574646, 132.58190918, 257.087493896, 99.4863815308, 57.3007011414, 72.6382980347, 47.5727767944], [263.572845459, 116.245956421, -0.096710473299, 80.3467483521, 123.461669922, 89.1003036499, 94.6629104614, 54.1865005493, 99.4863815308, 224.446380615, 94.5326766968, 30.3914680481, 43.800491333], [120.506965637, 133.983901978, 96.6172866821, 28.6519947052, 44.8795623779, 123.646995544, 135.555160522, 77.062461853, 57.3007011414, 94.5326766968, 188.769332886, 63.2008972168, 29.3294219971], [-149.738845825, 83.6259078979, 141.399688721, 96.1704330444, 84.4009094238, 71.9198760986, 67.8891601562, 59.5091094971, 72.6382980347, 30.3914680481, 63.2008972168, 149.882232666, 58.0525093079], [33.4435539246, 61.5223846436, 52.4700088501, 109.903251648, 54.1041717529, 11.1575145721, 34.7018661499, 50.0486869812, 47.5727767944, 43.800491333, 29.3294219971, 58.0525093079, 122.541564941]],
