{
"lowlevel": {
    "average_loudness": 0.859045028687,
    "barkbands_crest": {
        "dmean": 2.85993385315,
        "dmean2": 4.67915487289,
        "dvar": 7.07041883469,
        "dvar2": 18.0200176239,
        "max": 26.409198761,
        "mean": 10.5033597946,
        "median": 9.5495300293,
        "min": 2.73018836975,
        "var": 19.8649349213
    },
    "barkbands_flatness_db": {
        "dmean": 0.0242410562932,
        "dmean2": 0.0364032797515,
        "dvar": 0.000621532904916,
        "dvar2": 0.00132964854129,
        "max": 0.560018718243,
        "mean": 0.157479867339,
        "median": 0.149635538459,
        "min": 0.0273070931435,
        "var": 0.00317349890247
    },
    "barkbands_kurtosis": {
        "dmean": 5.20679521561,
        "dmean2": 8.23270988464,
        "dvar": 221.023590088,
        "dvar2": 553.576843262,
        "max": 595.03112793,
        "mean": 7.35571670532,
        "median": 1.61328172684,
        "min": -1.94896996021,
        "var": 356.345397949
    },
    "barkbands_skewness": {
        "dmean": 0.685223698616,
        "dmean2": 1.02531838417,
        "dvar": 0.840887784958,
        "dvar2": 1.86606454849,
        "max": 21.0066585541,
        "mean": 1.55004239082,
        "median": 1.16525959969,
        "min": -4.79572582245,
        "var": 2.98352360725
    },
    "barkbands_spread": {
        "dmean": 5.87623405457,
        "dmean2": 8.83848953247,
        "dvar": 57.09923172,
        "dvar2": 121.34979248,
        "max": 147.081787109,
        "mean": 21.1612091064,
        "median": 18.7180099487,
        "min": 0.292873263359,
        "var": 204.16998291
    },
    "dissonance": {
        "dmean": 0.0269302371889,
        "dmean2": 0.0449361614883,
        "dvar": 0.000741366879083,
        "dvar2": 0.00195813341998,
        "max": 0.500000059605,
        "mean": 0.445607632399,
        "median": 0.456912070513,
        "min": 0.207543849945,
        "var": 0.00180369766895
    },
    "dynamic_complexity": 4.03410387039,
    "erbbands_crest": {
        "dmean": 3.09325170517,
        "dmean2": 4.95703411102,
        "dvar": 8.98536586761,
        "dvar2": 21.0567626953,
        "max": 33.0734519958,
        "mean": 11.1902275085,
        "median": 9.83436965942,
        "min": 2.30504465103,
        "var": 29.8353252411
    },
    "erbbands_flatness_db": {
        "dmean": 0.0195722300559,
        "dmean2": 0.0278030131012,
        "dvar": 0.000393934024032,
        "dvar2": 0.00073245994281,
        "max": 0.41591784358,
        "mean": 0.176582694054,
        "median": 0.174616605043,
        "min": 0.0383642576635,
        "var": 0.00240099010989
    },
    "erbbands_kurtosis": {
        "dmean": 1.3707742691,
        "dmean2": 2.11075639725,
        "dvar": 5.83950567245,
        "dvar2": 13.6980409622,
        "max": 64.0185317993,
        "mean": 1.34917485714,
        "median": 0.301793456078,
        "min": -1.89422047138,
        "var": 13.783249855
    },
    "erbbands_skewness": {
        "dmean": 0.425847142935,
        "dmean2": 0.631501376629,
        "dvar": 0.211130544543,
        "dvar2": 0.451000362635,
        "max": 7.55810785294,
        "mean": 0.586332499981,
        "median": 0.525129437447,
        "min": -4.8147315979,
        "var": 0.975225627422
    },
    "erbbands_spread": {
        "dmean": 9.23900127411,
        "dmean2": 13.7119455338,
        "dvar": 137.962966919,
        "dvar2": 293.362731934,
        "max": 184.905105591,
        "mean": 37.2379837036,
        "median": 32.5124092102,
        "min": 1.42827486992,
        "var": 479.746551514
    },
    "hfc": {
        "dmean": 5.72117233276,
        "dmean2": 8.08684062958,
        "dvar": 71.4808654785,
        "dvar2": 139.226348877,
        "max": 142.274291992,
        "mean": 20.5680408478,
        "median": 13.5037517548,
        "min": 1.0789125179e-16,
        "var": 472.332458496
    },
    "melbands_crest": {
        "dmean": 3.71913027763,
        "dmean2": 6.0032286644,
        "dvar": 12.3936080933,
        "dvar2": 29.8971824646,
        "max": 36.6664810181,
        "mean": 14.4209318161,
        "median": 13.1707324982,
        "min": 1.00465965271,
        "var": 37.061214447
    },
    "melbands_flatness_db": {
        "dmean": 0.0297359749675,
        "dmean2": 0.043458994478,
        "dvar": 0.00102630979382,
        "dvar2": 0.00208608061075,
        "max": 0.681013524532,
        "mean": 0.218566760421,
        "median": 0.205319806933,
        "min": -1.12172443778e-07,
        "var": 0.00612012948841
    },
    "melbands_kurtosis": {
        "dmean": 11.5334444046,
        "dmean2": 18.2888240814,
        "dvar": 866.157775879,
        "dvar2": 2071.72143555,
        "max": 695.205444336,
        "mean": 18.6035079956,
        "median": 5.83938360214,
        "min": -1.92897307873,
        "var": 1500.44885254
    },
    "melbands_skewness": {
        "dmean": 0.898737549782,
        "dmean2": 1.3593723774,
        "dvar": 1.47969901562,
        "dvar2": 3.2457048893,
        "max": 19.6736679077,
        "mean": 2.5029528141,
        "median": 1.98632967472,
        "min": -1.90734279156,
        "var": 4.97563886642
    },
    "melbands_spread": {
        "dmean": 7.59363365173,
        "dmean2": 11.3426551819,
        "dvar": 123.863700867,
        "dvar2": 261.371154785,
        "max": 324.752746582,
        "mean": 25.6130638123,
        "median": 21.550403595,
        "min": 0.102129399776,
        "var": 428.574920654
    },
    "pitch_salience": {
        "dmean": 0.0758004039526,
        "dmean2": 0.122285999358,
        "dvar": 0.00510270521045,
        "dvar2": 0.012242670171,
        "max": 0.996083259583,
        "mean": 0.538549304008,
        "median": 0.549423992634,
        "min": 0.0971681922674,
        "var": 0.0155674051493
    },
    "silence_rate_20dB": {
        "dmean": 0,
        "dmean2": 0,
        "dvar": 0,
        "dvar2": 0,
        "max": 1,
        "mean": 1,
        "median": 1,
        "min": 1,
        "var": 0
    },
    "silence_rate_30dB": {
        "dmean": 0.00431066518649,
        "dmean2": 0.00862197112292,
        "dvar": 0.00429240614176,
        "dvar2": 0.0127111095935,
        "max": 1,
        "mean": 0.997770488262,
        "median": 1,
        "min": 0,
        "var": 0.00222476548515
    },
    "silence_rate_60dB": {
        "dmean": 0.0286882203072,
        "dmean2": 0.0573807060719,
        "dvar": 0.0278661604971,
        "dvar2": 0.0607807934284,
        "max": 1,
        "mean": 0.10954221338,
        "median": 0,
        "min": 0,
        "var": 0.0975589081645
    },
    "spectral_centroid": {
        "dmean": 269.130950928,
        "dmean2": 389.777252197,
        "dvar": 109448.382812,
        "dvar2": 213114.140625,
        "max": 11423.2724609,
        "mean": 1446.03271484,
        "median": 1380.65698242,
        "min": 108.067024231,
        "var": 647752.375
    },
    "spectral_complexity": {
        "dmean": 2.77473068237,
        "dmean2": 4.14924907684,
        "dvar": 15.3326950073,
        "dvar2": 32.1664543152,
        "max": 53,
        "mean": 12.680439949,
        "median": 12,
        "min": 0,
        "var": 62.8597373962
    },
    "spectral_decrease": {
        "dmean": 2.29015095776e-09,
        "dmean2": 3.67472097196e-09,
        "dvar": 1.97545801508e-17,
        "dvar2": 5.01083118725e-17,
        "max": 6.76103003284e-29,
        "mean": -5.88585491457e-09,
        "median": -4.70496530625e-09,
        "min": -4.42057483951e-08,
        "var": 2.94231849654e-17
    },
    "spectral_energy": {
        "dmean": 0.00901226233691,
        "dmean2": 0.0143992928788,
        "dvar": 0.000288033363177,
        "dvar2": 0.000729343213607,
        "max": 0.168450728059,
        "mean": 0.0240801908076,
        "median": 0.0194050446153,
        "min": 1.0407046861e-20,
        "var": 0.000463821517769
    },
    "spectral_energyband_high": {
        "dmean": 0.000354357995093,
        "dmean2": 0.000494185194839,
        "dvar": 4.83969074594e-07,
        "dvar2": 9.73399892246e-07,
        "max": 0.018296437338,
        "mean": 0.000892442301847,
        "median": 0.000324754451867,
        "min": 7.24959425755e-21,
        "var": 2.18378681893e-06
    },
    "spectral_energyband_low": {
        "dmean": 0.00613077124581,
        "dmean2": 0.0101514970884,
        "dvar": 0.000277474231552,
        "dvar2": 0.000705129292328,
        "max": 0.161413908005,
        "mean": 0.00842571631074,
        "median": 0.00373716885224,
        "min": 2.48801160149e-23,
        "var": 0.000289502902888
    },
    "spectral_energyband_middle_high": {
        "dmean": 0.00249673961662,
        "dmean2": 0.00347235356458,
        "dvar": 1.92134921235e-05,
        "dvar2": 3.67404172721e-05,
        "max": 0.0954805314541,
        "mean": 0.00771254813299,
        "median": 0.00291983480565,
        "min": 1.24599320327e-21,
        "var": 0.000120694305224
    },
    "spectral_energyband_middle_low": {
        "dmean": 0.00282132695429,
        "dmean2": 0.00450675701723,
        "dvar": 2.13868315768e-05,
        "dvar2": 5.35389008292e-05,
        "max": 0.0716445669532,
        "mean": 0.007666033227,
        "median": 0.00579141639173,
        "min": 1.48157758902e-22,
        "var": 5.28080199729e-05
    },
    "spectral_entropy": {
        "dmean": 0.209484994411,
        "dmean2": 0.305543869734,
        "dvar": 0.0465502105653,
        "dvar2": 0.0884671509266,
        "max": 9.81339073181,
        "mean": 7.28583574295,
        "median": 7.33670711517,
        "min": 5.04470729828,
        "var": 0.266592442989
    },
    "spectral_flux": {
        "dmean": 0.0326028428972,
        "dmean2": 0.0523417852819,
        "dvar": 0.00160078215413,
        "dvar2": 0.00374452001415,
        "max": 0.386775255203,
        "mean": 0.0890504568815,
        "median": 0.076643884182,
        "min": 6.6651087427e-11,
        "var": 0.00374908489175
    },
    "spectral_kurtosis": {
        "dmean": 1.63492941856,
        "dmean2": 2.69629955292,
        "dvar": 5.24306583405,
        "dvar2": 12.9503860474,
        "max": 64.4066925049,
        "mean": 4.05783653259,
        "median": 3.28216671944,
        "min": -1.48057365417,
        "var": 13.6688480377
    },
    "spectral_rms": {
        "dmean": 0.000809713790659,
        "dmean2": 0.00124586792663,
        "dvar": 1.4209051642e-06,
        "dvar2": 3.29751628669e-06,
        "max": 0.0128196012229,
        "mean": 0.00435955822468,
        "median": 0.00435106363147,
        "min": 3.18641120434e-12,
        "var": 4.48707487521e-06
    },
    "spectral_rolloff": {
        "dmean": 473.607177734,
        "dmean2": 782.198181152,
        "dvar": 830920.1875,
        "dvar2": 1730870.25,
        "max": 19035.3515625,
        "mean": 1482.04174805,
        "median": 1227.39257812,
        "min": 43.06640625,
        "var": 2295263.75
    },
    "spectral_skewness": {
        "dmean": 0.247011616826,
        "dmean2": 0.379511982203,
        "dvar": 0.0735377892852,
        "dvar2": 0.161604195833,
        "max": 6.66383886337,
        "mean": 1.43239319324,
        "median": 1.33685314655,
        "min": -0.31483104825,
        "var": 0.330742388964
    },
    "spectral_spread": {
        "dmean": 532071.5625,
        "dmean2": 747199.4375,
        "dvar": 687177400320,
        "dvar2": 1.21956650189e+12,
        "max": 42255504,
        "mean": 4572217,
        "median": 4282448,
        "min": 1101800.75,
        "var": 3.44241786061e+12
    },
    "spectral_strongpeak": {
        "dmean": 0.753604114056,
        "dmean2": 1.25241792202,
        "dvar": 1.5151373148,
        "dvar2": 3.60146069527,
        "max": 15.5559206009,
        "mean": 1.45669841766,
        "median": 0.499494582415,
        "min": 0,
        "var": 4.04753255844
    },
    "zerocrossingrate": {
        "dmean": 0.0105065936223,
        "dmean2": 0.0120446942747,
        "dvar": 0.000182459480129,
        "dvar2": 0.000219773079152,
        "max": 0.51025390625,
        "mean": 0.0607988163829,
        "median": 0.05615234375,
        "min": 0.00244140625,
        "var": 0.0013598378282
    },
    "barkbands": {
        "dmean": [0.000898249214515, 0.00473902188241, 0.00121133460198, 0.00046031572856, 0.000769028440118, 0.000707722676452, 0.00103834574111, 0.000586670939811, 0.000586084555835, 0.000752158637624, 0.000699920637999, 0.000566477014218, 0.000698417192325, 0.000637134129647, 0.00051841523964, 0.00031134247547, 0.000140733085573, 0.000146951395436, 0.00022170363809, 0.000196419874555, 0.000175386056071, 7.62661802582e-05, 6.72943133395e-05, 2.99914117932e-05, 1.80883289431e-05, 6.16980878476e-06, 1.24223674902e-07],
        "dmean2": [0.0014542551944, 0.0081368079409, 0.00206549023278, 0.000762607902288, 0.00130171782803, 0.00112365547102, 0.00163608416915, 0.000917682307772, 0.000919445767067, 0.00110470887739, 0.00101383286528, 0.00083287403686, 0.00103405257687, 0.000980504439212, 0.000782233662903, 0.000460409035441, 0.000217063134187, 0.000225310228416, 0.000339337449986, 0.000302123371512, 0.000271767552476, 0.00011396077025, 9.58720702329e-05, 4.31413063779e-05, 2.59430453298e-05, 8.60484215082e-06, 1.88363912912e-07],
        "dvar": [5.8358550632e-06, 0.000180657487363, 1.32964787554e-05, 5.76133288632e-07, 2.07823200071e-06, 2.70259533863e-06, 7.097418802e-06, 4.2786296035e-06, 4.23830351792e-06, 7.03760088072e-06, 7.42380098018e-06, 3.84006034437e-06, 4.2100787141e-06, 3.75627519134e-06, 3.16046430271e-06, 1.24352720832e-06, 1.38958725415e-07, 1.28032155544e-07, 2.10940129364e-07, 2.01034268343e-07, 1.91866334376e-07, 3.26739133527e-08, 2.03798045106e-08, 7.13249681539e-09, 4.24253965292e-09, 2.65206467898e-10, 8.99098707269e-14],
        "dvar2": [1.41802111102e-05, 0.000483475887449, 3.52931128873e-05, 1.49234313085e-06, 5.6625626712e-06, 6.12668100075e-06, 1.68420556292e-05, 9.99822532322e-06, 1.02392086774e-05, 1.40235406434e-05, 1.44496516441e-05, 7.03207933839e-06, 8.52076937008e-06, 8.40110624267e-06, 6.63652781441e-06, 2.4762753128e-06, 3.17734475175e-07, 2.81349542774e-07, 4.61729371182e-07, 4.55972411828e-07, 4.56309493302e-07, 7.30227114332e-08, 4.133515219e-08, 1.43024259103e-08, 7.66596297552e-09, 5.4280685502e-10, 1.9738092996e-13],
        "max": [0.0384535677731, 0.132289201021, 0.0545998923481, 0.0125922933221, 0.0292369332165, 0.0450634583831, 0.0638305023313, 0.0572380498052, 0.0561730489135, 0.0758999958634, 0.0781341418624, 0.0698371306062, 0.0429451912642, 0.0437034331262, 0.0395344309509, 0.0378212481737, 0.00876727048308, 0.0100961653516, 0.0135205462575, 0.0108236558735, 0.013227016665, 0.00512684881687, 0.00362000102177, 0.00252450513653, 0.00289490655996, 0.000459400005639, 8.77331603988e-06],
        "mean": [0.000983077101409, 0.00543693965301, 0.00154770258814, 0.00101610040292, 0.00138899672311, 0.00131566345226, 0.00198811735027, 0.000846164708491, 0.000871967058629, 0.00129680032842, 0.00138226605486, 0.000864638423081, 0.00108252838254, 0.000950657471549, 0.000699588272255, 0.000478991103591, 0.000238905122387, 0.000233784579905, 0.00040950262337, 0.000340381666319, 0.000313146330882, 0.000141682525282, 0.000149747007526, 5.91184980294e-05, 3.17786580126e-05, 1.17292220239e-05, 1.70664137045e-07],
        "median": [0.000225348776439, 0.00165108707733, 0.00064944033511, 0.000584426452406, 0.000925999309402, 0.000416500028223, 0.000497139059007, 0.000154074106831, 0.000145587444422, 8.71537995408e-05, 5.54546168132e-05, 4.84858246637e-05, 6.86842831783e-05, 6.31931616226e-05, 5.05469251948e-05, 4.93664228998e-05, 4.68305588583e-05, 5.6062497606e-05, 0.000118965508591, 7.79118272476e-05, 6.8470624683e-05, 3.89346823795e-05, 4.1432598664e-05, 2.15140426008e-05, 8.96465462574e-06, 4.35451056546e-06, 3.50959723505e-08],
        "min": [6.5655241464e-25, 5.79456712968e-24, 3.78262196155e-24, 7.74467891486e-25, 2.31244161402e-23, 1.2410642962e-23, 1.68755806972e-23, 9.31577439231e-24, 1.92139001043e-23, 3.35246920503e-23, 4.65037542596e-23, 3.06837956713e-23, 5.32591930204e-23, 4.43275615457e-23, 7.9195096805e-23, 1.06120446735e-22, 5.62468427713e-23, 1.02136541391e-22, 1.62807991384e-22, 2.2096625044e-22, 2.63446473295e-22, 3.6487687058e-22, 4.03012274761e-22, 6.68641229569e-22, 9.36979145347e-22, 1.20117297915e-21, 2.09649633071e-21],
        "var": [6.23145569989e-06, 0.000166674071806, 1.06760471681e-05, 1.56800865625e-06, 2.96652092402e-06, 7.22392223906e-06, 1.80100814759e-05, 7.37021946406e-06, 7.39772576708e-06, 2.01369548449e-05, 2.58497038885e-05, 9.50199591898e-06, 1.07255182229e-05, 7.90818376117e-06, 5.73203351451e-06, 2.95227960123e-06, 3.28855094267e-07, 2.62416534724e-07, 5.40067446764e-07, 5.15418264513e-07, 4.94464416079e-07, 9.11595634534e-08, 7.73037811541e-08, 1.72815166621e-08, 9.18126819016e-09, 5.19605469762e-10, 1.64165420624e-13]
    },
    "erbbands": {
        "dmean": [0.191491052508, 0.937461197376, 1.57187998295, 1.3516882658, 1.74612784386, 2.90617084503, 4.55203294754, 6.37030506134, 13.2403297424, 14.7276535034, 11.1768627167, 13.1839380264, 18.1305027008, 27.3540668488, 22.603811264, 21.4117965698, 27.5061645508, 29.138338089, 27.2649326324, 22.3815097809, 12.7000055313, 7.60196876526, 7.51066541672, 9.42284393311, 10.851518631, 7.08530330658, 9.09425735474, 4.15201807022, 2.7500629425, 2.26014590263, 1.86530506611, 0.871167123318, 0.388716101646, 0.257936924696, 0.109382584691, 0.0478495582938, 0.00535502750427, 0.000791705213487, 2.03565305128e-05, 1.06765555756e-05],
        "dmean2": [0.316705524921, 1.68410992622, 2.71344661713, 2.23668694496, 2.8807015419, 4.94953298569, 7.41091918945, 9.92887783051, 20.8898105621, 22.906496048, 17.4573135376, 20.6462574005, 26.5575218201, 37.8239364624, 30.8237628937, 29.0783157349, 38.4602584839, 42.2248764038, 40.2094764709, 32.8174552917, 18.5466480255, 11.5555315018, 11.3799476624, 14.1413602829, 16.4716701508, 10.3705205917, 13.7541313171, 6.18915367126, 4.04174518585, 3.25518798828, 2.62428593636, 1.22759497166, 0.554395914078, 0.373840659857, 0.153472289443, 0.0673257187009, 0.00723767932504, 0.0011261763284, 2.80258263956e-05, 1.67192811205e-05],
        "dvar": [0.229526132345, 8.94211387634, 25.7241725922, 6.18081474304, 8.0559463501, 35.5241165161, 121.521224976, 266.973144531, 1224.05786133, 2144.73022461, 1338.02209473, 2248.34741211, 4433.87744141, 8626.78515625, 7802.64013672, 4894.38867188, 6079.5, 6489.50292969, 7175.76269531, 6943.1796875, 2193.17114258, 382.369262695, 365.69329834, 420.779602051, 571.942504883, 291.076934814, 540.619873047, 107.07169342, 45.0959739685, 22.8990249634, 17.1163024902, 4.64365530014, 2.02010178566, 0.988858699799, 0.147497832775, 0.016012551263, 0.000235593950492, 3.39950975103e-06, 1.7665849894e-09, 3.52510076684e-10],
        "dvar2": [0.553409099579, 25.5775661469, 69.5505981445, 16.0428886414, 21.4994888306, 97.2846908569, 309.475463867, 582.385803223, 2930.6159668, 5195.76171875, 3244.83569336, 5529.49560547, 9622.45605469, 16326.3847656, 13321.5166016, 8199.33984375, 11555.9472656, 13172.1972656, 15381.296875, 14621.0205078, 4575.34423828, 865.758483887, 791.51574707, 918.6484375, 1282.27490234, 630.305175781, 1205.28894043, 236.908599854, 97.9775924683, 48.4372367859, 34.0115127563, 9.08246517181, 4.03042411804, 1.95835840702, 0.277407944202, 0.0331921391189, 0.000457437708974, 7.1332274274e-06, 3.47709794291e-09, 8.780013383e-10],
        "max": [5.40832853317, 29.2985458374, 66.2806549072, 38.4904899597, 54.4424705505, 120.439857483, 270.993865967, 569.474853516, 999.250244141, 1246.16992188, 944.57208252, 1531.51660156, 1907.60717773, 3741.63745117, 3378.10083008, 3212.98193359, 2168.35644531, 2132.02905273, 2265.43432617, 2801.30932617, 1484.8548584, 574.680847168, 623.021911621, 501.448974609, 712.049926758, 599.850524902, 854.139465332, 318.697174072, 207.030273438, 114.883140564, 103.006195068, 64.5148773193, 56.769985199, 49.8450317383, 16.329750061, 3.44939422607, 0.824409902096, 0.046484503895, 0.00109257316217, 0.00018933940737],
        "mean": [0.224320262671, 0.950684666634, 1.8077725172, 2.89801239967, 3.65751767159, 4.80803251266, 7.67320919037, 11.9174413681, 25.8522586823, 26.1738357544, 17.84324646, 19.6373558044, 30.0558509827, 50.1870040894, 46.0742263794, 39.3452377319, 49.1065559387, 50.2234535217, 40.9168968201, 35.8344612122, 20.3624477386, 14.1422214508, 12.9650039673, 17.4207000732, 20.5788726807, 14.9697685242, 16.8371982574, 8.36908721924, 5.28281354904, 4.71637916565, 4.21353340149, 1.9034538269, 0.723432123661, 0.442382544279, 0.184138387442, 0.0924993604422, 0.0100954873487, 0.00122618977912, 4.44260476797e-05, 3.10296309181e-05],
        "median": [0.0542566925287, 0.313469409943, 0.740469455719, 1.78077125549, 2.54402256012, 2.8991894722, 3.19337534904, 3.90025186539, 6.57646989822, 6.9107503891, 4.63374567032, 3.85326242447, 4.03165197372, 4.08540725708, 3.43272209167, 3.94580078125, 5.44084453583, 6.12423706055, 5.28561782837, 4.03852748871, 3.04990673065, 3.16661310196, 3.57347822189, 5.54484462738, 5.94277095795, 4.02805137634, 3.52976942062, 2.11996030807, 1.46948754787, 1.37944614887, 1.12219071388, 0.695340514183, 0.222508817911, 0.115450181067, 0.0546485185623, 0.0345422774553, 0.00380125408992, 0.000346959277522, 2.53123798757e-05, 2.50065695582e-05],
        "min": [2.23358278653e-22, 1.03552036797e-21, 3.86665819676e-21, 5.04541843853e-21, 3.35074581027e-20, 6.91754538042e-20, 5.11354782874e-20, 1.21825428707e-19, 1.83605713352e-19, 3.02209351122e-19, 3.41547579513e-19, 4.4385513883e-19, 9.3975058814e-19, 1.22736583662e-18, 1.80127656691e-18, 1.46410120562e-18, 2.23179553801e-18, 2.30559183597e-18, 3.80475826173e-18, 4.07663143597e-18, 5.30114825577e-18, 3.22120322589e-18, 6.59025712805e-18, 8.56551314563e-18, 7.95722023959e-18, 1.02402445205e-17, 1.11201628602e-17, 1.05963474286e-17, 9.55384922102e-18, 1.32200295011e-17, 1.12474022636e-17, 1.12714153167e-17, 1.33177840516e-17, 1.02047179404e-17, 7.30999194212e-18, 3.85238235832e-18, 2.38684847588e-18, 9.61920682917e-19, 2.80068104268e-19, 2.98242360925e-20],
        "var": [0.271864712238, 6.38652896881, 19.3047637939, 11.9382171631, 16.6292686462, 45.9902877808, 232.65435791, 706.162231445, 3430.70776367, 4744.52294922, 2277.61499023, 3972.58764648, 10471.2412109, 27992.15625, 30070.5117188, 15721.8212891, 18585.9804688, 18813.3984375, 13254.1523438, 14939.8349609, 4272.27490234, 1004.57183838, 813.946655273, 1006.15313721, 1542.55957031, 900.403930664, 1496.86608887, 344.81539917, 130.521011353, 77.8276748657, 67.5435562134, 14.5643463135, 4.06297302246, 2.00250554085, 0.28908649087, 0.0306588895619, 0.0005204990739, 6.63743639961e-06, 4.08126776819e-09, 6.89610146765e-10]
    },
    "gfcc": {
        "mean": [-42.0619697571, 92.4591827393, -117.526123047, 42.4074935913, -63.5896911621, 15.3591794968, -33.3630218506, 7.81573390961, -21.201089859, 8.76480484009, -8.95727157593, -0.484009176493, -10.1514902115],
        "cov": [[14046.1972656, -134.369812012, -1250.54101562, 179.312683105, -282.503723145, 467.204742432, -9.30370140076, 45.3419876099, -105.648071289, 244.167770386, 22.2830677032, 40.7497596741, -140.040023804], [-134.369812012, 1142.64648438, 387.008850098, -62.3811416626, 173.098937988, -145.087860107, 126.672836304, -71.0188217163, -19.6086101532, -127.27406311, 0.323065638542, -79.3541641235, -19.6145267487], [-1250.54101562, 387.008850098, 1558.37902832, 275.966003418, 135.498626709, -32.3483505249, -53.6876945496, 118.707572937, -30.8246974945, -42.7022018433, -152.465911865, 2.05231690407, -31.1024246216], [179.312683105, -62.3811416626, 275.966003418, 451.395812988, 135.532928467, -20.4767475128, -22.7027015686, 45.9435577393, 53.4440345764, 13.2451610565, -65.8651733398, -33.3530769348, 19.0905590057], [-282.503723145, 173.098937988, 135.498626709, 135.532928467, 354.959533691, 44.3305091858, 36.23072052, 21.6693344116, 19.8723640442, -0.9965711236, -41.5853767395, -33.7359275818, -8.28221797943], [467.204742432, -145.087860107, -32.3483505249, -20.4767475128, 44.3305091858, 388.288879395, 167.712081909, -29.3940238953, -48.9377365112, 14.0069065094, 34.3409156799, 7.99813556671, -46.0037956238], [-9.30370140076, 126.672836304, -53.6876945496, -22.7027015686, 36.23072052, 167.712081909, 361.526641846, -43.1503143311, -43.8960037231, 0.831572413445, 32.1800498962, 5.04881238937, -40.9711074829], [45.3419876099, -71.0188217163, 118.707572937, 45.9435577393, 21.6693344116, -29.3940238953, -43.1503143311, 200.610183716, 77.8220062256, -0.316146373749, -21.5245323181, 8.63079452515, 20.5769863129], [-105.648071289, -19.6086101532, -30.8246974945, 53.4440345764, 19.8723640442, -48.9377365112, -43.8960037231, 77.8220062256, 196.381637573, 38.8576316833, -1.23564243317, -3.45889997482, 44.7852249146], [244.167770386, -127.27406311, -42.7022018433, 13.2451610565, -0.9965711236, 14.0069065094, 0.831572413445, -0.316146373749, 38.8576316833, 159.371139526, 25.4620838165, -1.72987306118, -8.71851062775], [22.2830677032, 0.323065638542, -152.465911865, -65.8651733398, -41.5853767395, 34.3409156799, 32.1800498962, -21.5245323181, -1.23564243317, 25.4620838165, 174.927993774, 36.4054832458, -7.30815267563], [40.7497596741, -79.3541641235, 2.05231690407, -33.3530769348, -33.7359275818, 7.99813556671, 5.04881238937, 8.63079452515, -3.45889997482, -1.72987306118, 36.4054832458, 125.691795349, 32.3538284302], [-140.040023804, -19.6145267487, -31.1024246216, 19.0905590057, -8.28221797943, -46.0037956238, -40.9711074829, 20.5769863129, 44.7852249146, -8.71851062775, -7.30815267563, 32.3538284302, 135.081878662]],
        "icov": [[0.000125710314023, -0.000287461240077, 0.000253281992627, -0.000314631906804, 0.000293564109597, -0.000373129092623, 0.000261469947873, -0.000313443393679, 0.00025461948826, -0.000395026290789, 0.000278101011645, -0.000324779510265, 0.000192266481463], [-0.000287461240077, 0.00260224356316, -0.00130171899218, 0.001653330517, -0.00175775145181, 0.00216261018068, -0.00173849356361, 0.00178962445352, -0.00122036400717, 0.0023869543802, -0.00161967764143, 0.00217570480891, -0.000674783892464], [0.000253281992627, -0.00130171899218, 0.00161727482919, -0.00141360249836, 0.000871892494615, -0.00120123045053, 0.00102950725704, -0.00149785529356, 0.00112133251969, -0.00125323957764, 0.00146622525062, -0.00155832455494, 0.000830412958749], [-0.000314631906804, 0.001653330517, -0.00141360249836, 0.00417249463499, -0.00209634704515, 0.00160276843235, -0.00118809542619, 0.00127731566317, -0.00151927885599, 0.00138411007356, -0.000743055308703, 0.00204057688825, -0.00107479677536], [0.000293564109597, -0.00175775145181, 0.000871892494615, -0.00209634704515, 0.00468221539631, -0.0019955788739, 0.000938184151892, -0.00144083413761, 0.00066973810317, -0.00163634424098, 0.0015591919655, -0.000951479771174, 0.000642210769001], [-0.000373129092623, 0.00216261018068, -0.00120123045053, 0.00160276843235, -0.0019955788739, 0.00538496766239, -0.00291581498459, 0.00157783075701, -0.00065638194792, 0.00183677463792, -0.00181861338206, 0.00163230637554, -0.000142249264172], [0.000261469947873, -0.00173849356361, 0.00102950725704, -0.00118809542619, 0.000938184151892, -0.00291581498459, 0.00482080830261, -0.000871648895554, 0.00108588137664, -0.00154047890101, 0.000858450948726, -0.00172995589674, 0.00108439289033], [-0.000313443393679, 0.00178962445352, -0.00149785529356, 0.00127731566317, -0.00144083413761, 0.00157783075701, -0.000871648895554, 0.00782015360892, -0.0036540706642, 0.00228977599181, -0.00089052086696, 0.00092534563737, -0.000507640477736], [0.00025461948826, -0.00122036400717, 0.00112133251969, -0.00151927885599, 0.00066973810317, -0.00065638194792, 0.00108588137664, -0.0036540706642, 0.00808950699866, -0.00303377886303, 0.000542504130863, -0.000441047304776, -0.00147966318764], [-0.000395026290789, 0.0023869543802, -0.00125323957764, 0.00138411007356, -0.00163634424098, 0.00183677463792, -0.00154047890101, 0.00228977599181, -0.00303377886303, 0.00934955943376, -0.00252695893869, 0.00211553275585, 0.000127931314637], [0.000278101011645, -0.00161967764143, 0.00146622525062, -0.000743055308703, 0.0015591919655, -0.00181861338206, 0.000858450948726, -0.00089052086696, 0.000542504130863, -0.00252695893869, 0.00830593332648, -0.00353884254582, 0.00132200983353], [-0.000324779510265, 0.00217570480891, -0.00155832455494, 0.00204057688825, -0.000951479771174, 0.00163230637554, -0.00172995589674, 0.00092534563737, -0.000441047304776, 0.00211553275585, -0.00353884254582, 0.0115971621126, -0.003522423096], [0.000192266481463, -0.000674783892464, 0.000830412958749, -0.00107479677536, 0.000642210769001, -0.000142249264172, 0.00108439289033, -0.000507640477736, -0.00147966318764, 0.000127931314637, 0.00132200983353, -0.003522423096, 0.00965853407979]]
    },
    "melbands": {
        "dmean": [0.00145797536243, 0.000950814923272, 0.000237027968979, 0.000161274190759, 0.000152302032802, 0.000148208215251, 0.00020335271256, 0.000153063068865, 9.35911302804e-05, 8.20006098365e-05, 9.5053233963e-05, 0.000115851609735, 8.6069732788e-05, 5.58004467166e-05, 6.33581948932e-05, 6.48958593956e-05, 6.06739668001e-05, 4.92968865728e-05, 3.91233334085e-05, 2.78976767731e-05, 1.36852131618e-05, 8.93679316505e-06, 7.96456242824e-06, 7.34184141038e-06, 8.61238913785e-06, 9.49590685195e-06, 7.62176114222e-06, 4.90746106152e-06, 7.29100656827e-06, 3.88367743653e-06, 2.27641680794e-06, 1.65145831943e-06, 1.54817757902e-06, 1.31929903091e-06, 1.22296557947e-06, 8.74814475083e-07, 4.62018675762e-07, 2.79771484202e-07, 2.56038390489e-07, 2.20707121912e-07],
        "dmean2": [0.00244091148488, 0.00165649154224, 0.000390988570871, 0.000272136850981, 0.000251238961937, 0.000229625540669, 0.00032020767685, 0.000239269968006, 0.000146858947119, 0.000129260006361, 0.000140030300827, 0.000161765681696, 0.000120364398754, 7.67070232541e-05, 9.17922516237e-05, 9.33076589718e-05, 8.89047296369e-05, 7.50220788177e-05, 5.80271189392e-05, 4.13256129832e-05, 2.08655274037e-05, 1.37074721351e-05, 1.22071314763e-05, 1.14015329018e-05, 1.31081123982e-05, 1.45871372297e-05, 1.1830909898e-05, 7.29550947653e-06, 1.12769175757e-05, 5.8062601056e-06, 3.4685101582e-06, 2.48458923124e-06, 2.30958244174e-06, 1.93695291273e-06, 1.75627224053e-06, 1.25152132568e-06, 6.76757792917e-07, 4.05654844826e-07, 3.7328808844e-07, 3.27744544393e-07],
        "dvar": [1.45945905388e-05, 9.65980507317e-06, 1.82176563612e-07, 7.23180448858e-08, 1.26947568901e-07, 1.24264730061e-07, 2.74026973557e-07, 2.47825227007e-07, 1.00095782329e-07, 8.62881250896e-08, 1.25040841681e-07, 1.54136586161e-07, 1.04962573744e-07, 4.11649416776e-08, 3.84670002518e-08, 4.25904609358e-08, 3.02866816071e-08, 2.63183501659e-08, 2.02836094587e-08, 1.01846477918e-08, 2.78147549437e-09, 5.82344505951e-10, 5.10944397902e-10, 3.61043167585e-10, 3.92349652767e-10, 4.27907792533e-10, 3.47048473293e-10, 1.68792049782e-10, 3.99210942081e-10, 9.58635046344e-11, 3.50053527831e-11, 1.77991718586e-11, 1.46267043616e-11, 8.06113769486e-12, 7.57181210093e-12, 5.13481054551e-12, 1.41079617606e-12, 1.01135549588e-12, 1.12567724239e-12, 7.14941560814e-13],
        "dvar2": [3.67362299585e-05, 2.68387029791e-05, 4.68189227831e-07, 1.95940174308e-07, 3.32882450493e-07, 2.70562736659e-07, 6.56745214656e-07, 5.98341785008e-07, 2.44537147864e-07, 2.10400102674e-07, 2.68007141813e-07, 2.94891492558e-07, 1.93170635043e-07, 6.92227430932e-08, 7.65894512256e-08, 8.43183940447e-08, 6.16178255086e-08, 5.9026355359e-08, 4.22445580739e-08, 1.97562695092e-08, 6.03238792252e-09, 1.29069632759e-09, 1.13482456765e-09, 7.81394449145e-10, 8.63838056642e-10, 9.6527519311e-10, 7.91175125414e-10, 3.80994125138e-10, 9.09913366876e-10, 2.04904787582e-10, 7.90558243868e-11, 3.80238063258e-11, 3.26013244178e-11, 1.70271297062e-11, 1.5628751765e-11, 9.99453644845e-12, 2.94201208534e-12, 2.03438546391e-12, 2.31809471792e-12, 1.49607626634e-12],
        "max": [0.040605224669, 0.0330756530166, 0.00611704448238, 0.00522856367752, 0.00742663117126, 0.0109532400966, 0.0129750622436, 0.013529105112, 0.0090312063694, 0.00905277766287, 0.00967640057206, 0.0142968147993, 0.0113596431911, 0.00877976603806, 0.00696969917044, 0.00496260775253, 0.00465645734221, 0.00337332696654, 0.00401493953541, 0.00380129762925, 0.00167675188277, 0.000635972537566, 0.000888287904672, 0.000504950119648, 0.00042206607759, 0.000664329971187, 0.000555876642466, 0.000552314508241, 0.000621722545475, 0.000288015580736, 0.000192270832486, 0.000170568440808, 0.000110404624138, 7.81533381087e-05, 7.2867871495e-05, 6.46571716061e-05, 4.39511277364e-05, 3.92523797927e-05, 5.03143273818e-05, 3.86792744393e-05],
        "mean": [0.00174994661938, 0.00106792338192, 0.000522070447914, 0.000305780500639, 0.000257004168816, 0.000275294762105, 0.000396692805225, 0.000261979555944, 0.000150249950821, 0.000118261552416, 0.000154823894263, 0.000205129719689, 0.000170178362168, 8.48393538035e-05, 0.000125460588606, 0.000103421705717, 9.36783762882e-05, 6.7652319558e-05, 5.37924461241e-05, 4.2795749323e-05, 1.8611393898e-05, 1.46182028402e-05, 1.18316638691e-05, 1.1285191249e-05, 1.42139488162e-05, 1.61887892318e-05, 1.25994001792e-05, 9.37939421419e-06, 1.16599667308e-05, 7.39252345738e-06, 3.95733241021e-06, 2.87118723463e-06, 2.75747447631e-06, 2.61726563622e-06, 2.5929309686e-06, 1.79663345534e-06, 9.3078278951e-07, 4.79786876895e-07, 4.22791316623e-07, 3.5569368606e-07],
        "median": [0.000490857986733, 0.000463514879812, 0.000350711517967, 0.000213064922718, 0.000120085824165, 8.79575745785e-05, 0.000103320577182, 6.10095157754e-05, 3.16429504892e-05, 1.87058958545e-05, 1.42004882946e-05, 1.20795102703e-05, 7.49043101678e-06, 5.42005409443e-06, 7.36020683689e-06, 6.61694775772e-06, 7.03021351001e-06, 4.95773019793e-06, 4.2186443352e-06, 3.90905734093e-06, 2.43757358476e-06, 2.8333422506e-06, 2.5355420803e-06, 2.58198224401e-06, 3.85768180422e-06, 4.26441056334e-06, 2.77899380308e-06, 1.95502275346e-06, 2.09964355236e-06, 1.35000209411e-06, 9.80656977845e-07, 7.12253040547e-07, 6.98521603226e-07, 7.17980242371e-07, 6.35771925772e-07, 4.19343905378e-07, 4.50981815447e-07, 1.27090345359e-07, 9.79936487511e-08, 8.2424733705e-08],
        "min": [2.6387091596e-24, 2.57023839961e-24, 1.11938534147e-24, 3.61618019916e-24, 1.88534995335e-24, 2.48988561945e-24, 2.99509068139e-24, 3.35700389306e-24, 3.05002715204e-24, 2.5941312215e-24, 4.57210370031e-24, 4.23107597554e-24, 6.73964497667e-24, 3.08279663126e-24, 6.20341914293e-24, 3.38190507639e-24, 3.5936463874e-24, 5.80798447039e-24, 4.40456266024e-24, 7.37758574667e-24, 5.42989290484e-24, 2.610442104e-24, 5.3482891885e-24, 4.85131352353e-24, 6.92598812198e-24, 5.52710226204e-24, 5.75192959218e-24, 5.9904160489e-24, 4.58760560596e-24, 6.58380905472e-24, 5.38399618852e-24, 4.84133088321e-24, 7.01114802328e-24, 7.84285511971e-24, 7.34498449204e-24, 4.57771092362e-24, 7.99168319581e-24, 8.78190567495e-24, 8.29511775414e-24, 7.49312862573e-24],
        "var": [1.60212057381e-05, 7.03519481249e-06, 3.4654516412e-07, 1.2642964009e-07, 2.09178779187e-07, 3.28126333216e-07, 7.30976921659e-07, 5.35511844646e-07, 1.86305058492e-07, 1.59962283419e-07, 3.05833992797e-07, 4.75252676324e-07, 3.94670507831e-07, 1.02645465461e-07, 1.45831606346e-07, 1.22645076317e-07, 8.16735621356e-08, 4.57630875417e-08, 3.86953296072e-08, 2.47609612813e-08, 4.55505277941e-09, 1.27918398096e-09, 9.11829833861e-10, 7.06597613753e-10, 8.13418166157e-10, 9.91305926235e-10, 8.33694113744e-10, 4.42238745624e-10, 8.25098100954e-10, 3.4394834203e-10, 9.7212383976e-11, 4.68128487363e-11, 3.82342421612e-11, 2.54976127018e-11, 2.67999910458e-11, 1.66762124942e-11, 3.75542522427e-12, 1.98890101437e-12, 2.06542812367e-12, 1.36545484121e-12]
    },
    "mfcc": {
        "mean": [-683.869934082, 113.728401184, 6.57314014435, 30.5843868256, -2.54635214806, 8.78945541382, -0.0961879938841, 1.31467676163, -5.82457876205, 7.81221437454, 0.250474631786, 2.03380823135, 1.38053536415],
        "cov": [[10867.1953125, -436.438598633, -1085.36767578, 36.074092865, -382.246826172, 305.149993896, -54.3199501038, 87.6238861084, -193.216812134, 264.636322021, 40.5330696106, -10.2238016129, 138.513809204], [-436.438598633, 1434.5279541, 229.627456665, 118.540885925, 34.5399703979, -22.13712883, 75.7138977051, 22.2532730103, -15.2703962326, -29.1656990051, 6.20251321793, -20.2778434753, -136.274597168], [-1085.36767578, 229.627456665, 1059.71972656, 198.158355713, 161.106414795, 9.9478559494, 49.2282295227, 45.9397544861, 112.044586182, -67.6395263672, -12.3410358429, 71.8862457275, -61.1459159851], [36.074092865, 118.540885925, 198.158355713, 477.213043213, 154.897415161, -2.76819658279, -27.3846969604, -23.3948192596, 113.272102356, -2.36916613579, -25.0624332428, 14.7373714447, 18.5687713623], [-382.246826172, 34.5399703979, 161.106414795, 154.897415161, 422.010101318, -51.0073127747, -56.1576461792, 4.66234827042, 89.2006225586, 18.9245014191, -19.0210037231, -17.6776123047, 18.2233581543], [305.149993896, -22.13712883, 9.9478559494, -2.76819658279, -51.0073127747, 348.068054199, 164.215911865, 48.905960083, -15.6878538132, 35.6274795532, 23.0961914062, 8.52832984924, -9.93951320648], [-54.3199501038, 75.7138977051, 49.2282295227, -27.3846969604, -56.1576461792, 164.215911865, 275.387268066, 78.5132598877, -42.2817726135, 19.4084148407, 31.6886177063, -4.56532669067, -28.4976444244], [87.6238861084, 22.2532730103, 45.9397544861, -23.3948192596, 4.66234827042, 48.905960083, 78.5132598877, 205.985717773, 12.0030441284, 0.660588145256, 14.281288147, -3.5095102787, -9.35890769958], [-193.216812134, -15.2703962326, 112.044586182, 113.272102356, 89.2006225586, -15.6878538132, -42.2817726135, 12.0030441284, 238.615249634, 18.8145923615, -4.40587472916, 10.0756998062, 9.77859783173], [264.636322021, -29.1656990051, -67.6395263672, -2.36916613579, 18.9245014191, 35.6274795532, 19.4084148407, 0.660588145256, 18.8145923615, 161.987991333, 20.3082790375, -2.58449029922, 14.317609787], [40.5330696106, 6.20251321793, -12.3410358429, -25.0624332428, -19.0210037231, 23.0961914062, 31.6886177063, 14.281288147, -4.40587472916, 20.3082790375, 146.409072876, 21.081911087, 2.51076602936], [-10.2238016129, -20.2778434753, 71.8862457275, 14.7373714447, -17.6776123047, 8.52832984924, -4.56532669067, -3.5095102787, 10.0756998062, -2.58449029922, 21.081911087, 148.903274536, 38.4322052002], [138.513809204, -136.274597168, -61.1459159851, 18.5687713623, 18.2233581543, -9.93951320648, -28.4976444244, -9.35890769958, 9.77859783173, 14.317609787, 2.51076602936, 38.4322052002, 149.375854492]],
